ConfigName: kjsd__advperagentrankweighted__M3__L24__eps0p005__g0p0005__ds0p2__dm0p2
Problem: QUBO
Kernel: jsd
Advantage: peragentrankweighted
M: 3
lambda: 24
epsilon_svgd: 0.005
gamma: 0.0005
decay_start_ratio: 0.2
decay_min_factor: 0.2
bandwith_kernel: None
no_interact: False
avg_score: -441.0
median_score: -444.5
std_score: 26.74995231628418
percentiles: 2%=-489.0199890136719, 5%=-479.20001220703125, 10%=-472.0, 25%=-461.25, 50%=-444.5, 75%=-421.75, 90%=-405.79998779296875, 95%=-389.95001220703125, 98%=-383.9599914550781
ranking_best_algo: CMApara
ranking_best_score: 453.82
ranking_my_rank: 12/504 (97.8%)
ranking_my_percent: 97.81746031746032
