ConfigName: kjsd__advperagentrankweighted__M3__L18__eps0p005__g0p0007__ds0p05__dm0p05
Problem: QUBO
Kernel: jsd
Advantage: peragentrankweighted
M: 3
lambda: 18
epsilon_svgd: 0.005
gamma: 0.0007
decay_start_ratio: 0.05
decay_min_factor: 0.05
bandwith_kernel: None
no_interact: False
avg_score: -441.67999267578125
median_score: -443.5
std_score: 25.932558059692383
percentiles: 2%=-483.29998779296875, 5%=-475.1000061035156, 10%=-473.0, 25%=-462.0, 50%=-443.5, 75%=-425.0, 90%=-407.8999938964844, 95%=-392.8500061035156, 98%=-383.94000244140625
ranking_best_algo: CMApara
ranking_best_score: 453.82
ranking_my_rank: 11/504 (98.0%)
ranking_my_percent: 98.01587301587301
