ConfigName: kjsd__advperagentrankweighted__M3__L16__eps0p005__g0p0007__ds0p2__dm0p2
Problem: NK
Kernel: jsd
Advantage: peragentrankweighted
M: 3
lambda: 16
epsilon_svgd: 0.005
gamma: 0.0007
decay_start_ratio: 0.2
decay_min_factor: 0.2
bandwith_kernel: None
no_interact: False
avg_score: 0.7573267221450806
median_score: 0.7561671137809753
std_score: 0.012783811427652836
percentiles: 2%=0.7346503138542175, 5%=0.7371889352798462, 10%=0.7405282855033875, 25%=0.7485300302505493, 50%=0.7561671137809753, 75%=0.765495240688324, 90%=0.7744938731193542, 95%=0.7773438096046448, 98%=0.7853284478187561
ranking_best_algo: Tabu
ranking_best_score: 0.7470791764843752
ranking_my_rank: 1/504 (100.0%)
ranking_my_percent: 100.0
