ConfigName: krbf__advnormalizedfitness__M2__L8__eps0p025__g0p007__ds0p15__dm0p01
Problem: NK
Kernel: rbf
Advantage: normalizedfitness
M: 2
lambda: 8
epsilon_svgd: 0.025
gamma: 0.007
decay_start_ratio: 0.15
decay_min_factor: 0.01
bandwith_kernel: None
no_interact: False
avg_score: 0.7242651581764221
median_score: 0.7229472994804382
std_score: 0.008161686360836029
percentiles: 2%=0.70717453956604, 5%=0.7132712006568909, 10%=0.7148427963256836, 25%=0.7190697193145752, 50%=0.7229472994804382, 75%=0.7293205857276917, 90%=0.7359308004379272, 95%=0.7367884516716003, 98%=0.7431749105453491
ranking_best_algo: PBIL
ranking_best_score: 0.7170882103515624
ranking_my_rank: 1/504 (100.0%)
ranking_my_percent: 100.0
