ConfigName: kjsd__advperagentrankweighted__M4__L8__eps0p02__g0p0007__ds0p2__dm0p05
Problem: NK
Kernel: jsd
Advantage: peragentrankweighted
M: 4
lambda: 8
epsilon_svgd: 0.02
gamma: 0.0007
decay_start_ratio: 0.2
decay_min_factor: 0.05
bandwith_kernel: None
no_interact: False
avg_score: 0.7098658680915833
median_score: 0.6969701051712036
std_score: 0.031778544187545776
percentiles: 2%=0.6709288358688354, 5%=0.6736608743667603, 10%=0.6747990846633911, 25%=0.6802268028259277, 50%=0.6969701051712036, 75%=0.7455553412437439, 90%=0.7532056570053101, 95%=0.7613165378570557, 98%=0.7613165378570557
ranking_best_algo: CMApara
ranking_best_score: 0.7118996098437498
ranking_my_rank: 44/504 (91.5%)
ranking_my_percent: 91.46825396825396
