ConfigName: kjsd__advperagentrankweighted__M3__L20__eps0p005__g0p001__ds0p1__dm0p1
Problem: QUBO
Kernel: jsd
Advantage: peragentrankweighted
M: 3
lambda: 20
epsilon_svgd: 0.005
gamma: 0.001
decay_start_ratio: 0.1
decay_min_factor: 0.1
bandwith_kernel: None
no_interact: False
avg_score: -946.0999755859375
median_score: -946.0
std_score: 72.94196319580078
percentiles: 2%=-1076.0, 5%=-1068.300048828125, 10%=-1052.0, 25%=-997.5, 50%=-946.0, 75%=-893.25, 90%=-854.0, 95%=-832.9000244140625, 98%=-812.280029296875
ranking_best_algo: CMApara
ranking_best_score: 964.9
ranking_my_rank: 3/504 (99.6%)
ranking_my_percent: 99.60317460317461
