ConfigName: kjsd__advperagentrankweighted__M3__L16__eps0p007__g0p0005__ds0p2__dm0p1
Problem: NK
Kernel: jsd
Advantage: peragentrankweighted
M: 3
lambda: 16
epsilon_svgd: 0.007
gamma: 0.0005
decay_start_ratio: 0.2
decay_min_factor: 0.1
bandwith_kernel: None
no_interact: False
avg_score: 0.7541236281394958
median_score: 0.7540918588638306
std_score: 0.011752711609005928
percentiles: 2%=0.7314600944519043, 5%=0.733353316783905, 10%=0.7370657324790955, 25%=0.7470080852508545, 50%=0.7540918588638306, 75%=0.7627994418144226, 90%=0.7700835466384888, 95%=0.7721933722496033, 98%=0.7782886028289795
ranking_best_algo: Tabu
ranking_best_score: 0.7470791764843752
ranking_my_rank: 1/504 (100.0%)
ranking_my_percent: 100.0
