ConfigName: krbf__advnormalizedfitness__M4__L8__eps0p025__g0p005__ds0p3__dm0p3
Problem: NK
Kernel: rbf
Advantage: normalizedfitness
M: 4
lambda: 8
epsilon_svgd: 0.025
gamma: 0.005
decay_start_ratio: 0.3
decay_min_factor: 0.3
bandwith_kernel: None
no_interact: False
avg_score: 0.7067725658416748
median_score: 0.7084604501724243
std_score: 0.011921542696654797
percentiles: 2%=0.6868638396263123, 5%=0.6885720491409302, 10%=0.6913859248161316, 25%=0.6955139636993408, 50%=0.7084604501724243, 75%=0.7170196175575256, 90%=0.7215474843978882, 95%=0.723431408405304, 98%=0.7241853475570679
ranking_best_algo: PBIL
ranking_best_score: 0.7013553837109374
ranking_my_rank: 1/504 (100.0%)
ranking_my_percent: 100.0
