ConfigName: kjsd__advperagentrankweighted__M5__L8__eps0p005__g0p0007__ds0p4__dm0p05
Problem: NK
Kernel: jsd
Advantage: peragentrankweighted
M: 5
lambda: 8
epsilon_svgd: 0.005
gamma: 0.0007
decay_start_ratio: 0.4
decay_min_factor: 0.05
bandwith_kernel: None
no_interact: False
avg_score: 0.7298576235771179
median_score: 0.7302370071411133
std_score: 0.010184348560869694
percentiles: 2%=0.7109881639480591, 5%=0.7124061584472656, 10%=0.7172549962997437, 25%=0.7217355966567993, 50%=0.7302370071411133, 75%=0.7377753257751465, 90%=0.7423073053359985, 95%=0.7470226883888245, 98%=0.7495584487915039
ranking_best_algo: Tabu
ranking_best_score: 0.7429702712499999
ranking_my_rank: 2/504 (99.8%)
ranking_my_percent: 99.8015873015873
