ConfigName: kjsd__advperagentrankweighted__M4__L10__eps0p005__g0p0003__ds0p4__dm0p05
Problem: NK
Kernel: jsd
Advantage: peragentrankweighted
M: 4
lambda: 10
epsilon_svgd: 0.005
gamma: 0.0003
decay_start_ratio: 0.4
decay_min_factor: 0.05
bandwith_kernel: None
no_interact: False
avg_score: 0.709037184715271
median_score: 0.7104451060295105
std_score: 0.015155776403844357
percentiles: 2%=0.6721365451812744, 5%=0.6732578277587891, 10%=0.6917994022369385, 25%=0.7064520716667175, 50%=0.7104451060295105, 75%=0.7179939150810242, 90%=0.7253849506378174, 95%=0.7319169044494629, 98%=0.7328538298606873
ranking_best_algo: CMApara
ranking_best_score: 0.707475975
ranking_my_rank: 1/504 (100.0%)
ranking_my_percent: 100.0
