ConfigName: kjsd__advperagentrankweighted__M3__L18__eps0p01__g0p0005__ds0p1__dm0p1
Problem: NK
Kernel: jsd
Advantage: peragentrankweighted
M: 3
lambda: 18
epsilon_svgd: 0.01
gamma: 0.0005
decay_start_ratio: 0.1
decay_min_factor: 0.1
bandwith_kernel: None
no_interact: False
avg_score: 0.7365286946296692
median_score: 0.7365408539772034
std_score: 0.013299268670380116
percentiles: 2%=0.7098230719566345, 5%=0.718180239200592, 10%=0.7207515239715576, 25%=0.7264007925987244, 50%=0.7365408539772034, 75%=0.7453444600105286, 90%=0.7503200173377991, 95%=0.7550748586654663, 98%=0.7659075260162354
ranking_best_algo: Tabu
ranking_best_score: 0.7601875690625
ranking_my_rank: 20/504 (96.2%)
ranking_my_percent: 96.23015873015873
