ConfigName: krbf__advnormalizedfitness__M2__L12__eps0p025__g0p01__ds0p15__dm0p05
Problem: QUBO
Kernel: rbf
Advantage: normalizedfitness
M: 2
lambda: 12
epsilon_svgd: 0.025
gamma: 0.01
decay_start_ratio: 0.15
decay_min_factor: 0.05
bandwith_kernel: None
no_interact: False
avg_score: -327.9599914550781
median_score: -334.0
std_score: 23.915651321411133
percentiles: 2%=-372.0, 5%=-361.25, 10%=-350.1000061035156, 25%=-343.0, 50%=-334.0, 75%=-314.75, 90%=-290.0, 95%=-285.79998779296875, 98%=-279.9200134277344
ranking_best_algo: CMApara
ranking_best_score: 344.22
ranking_my_rank: 85/504 (83.3%)
ranking_my_percent: 83.33333333333333
