ConfigName: kjsd__advperagentrankweighted__M3__L16__eps0p007__g0p003__ds0p2__dm0p2
Problem: NK
Kernel: jsd
Advantage: peragentrankweighted
M: 3
lambda: 16
epsilon_svgd: 0.007
gamma: 0.003
decay_start_ratio: 0.2
decay_min_factor: 0.2
bandwith_kernel: None
no_interact: False
avg_score: 0.7038385272026062
median_score: 0.7053990364074707
std_score: 0.012052895501255989
percentiles: 2%=0.6847754120826721, 5%=0.6863429546356201, 10%=0.6878572702407837, 25%=0.6922914385795593, 50%=0.7053990364074707, 75%=0.714164674282074, 90%=0.719696044921875, 95%=0.7214555740356445, 98%=0.7226961255073547
ranking_best_algo: PBIL
ranking_best_score: 0.7013553837109374
ranking_my_rank: 1/504 (100.0%)
ranking_my_percent: 100.0
