ConfigName: krbf__advnormalizedfitness__M3__L10__eps0p033__g0p005__ds0p15__dm0p01
Problem: QUBO
Kernel: rbf
Advantage: normalizedfitness
M: 3
lambda: 10
epsilon_svgd: 0.033
gamma: 0.005
decay_start_ratio: 0.15
decay_min_factor: 0.01
bandwith_kernel: None
no_interact: False
avg_score: -199.52000427246094
median_score: -199.0
std_score: 13.217019081115723
percentiles: 2%=-224.0, 5%=-224.0, 10%=-217.1999969482422, 25%=-209.0, 50%=-199.0, 75%=-189.0, 90%=-182.8000030517578, 95%=-179.95001220703125, 98%=-178.8999786376953
ranking_best_algo: Tabu
ranking_best_score: 208.36000000000004
ranking_my_rank: 68/504 (86.7%)
ranking_my_percent: 86.7063492063492
