ConfigName: krbf__advnormalizedfitness__M1__L8__eps0p025__g0p01__ds0p01__dm0p01
Problem: NK
Kernel: rbf
Advantage: normalizedfitness
M: 1
lambda: 8
epsilon_svgd: 0.025
gamma: 0.01
decay_start_ratio: 0.01
decay_min_factor: 0.01
bandwith_kernel: None
no_interact: False
avg_score: 0.7437611222267151
median_score: 0.7431809306144714
std_score: 0.013532132841646671
percentiles: 2%=0.7201929688453674, 5%=0.7225889563560486, 10%=0.7266853451728821, 25%=0.7339767217636108, 50%=0.7431809306144714, 75%=0.7539178133010864, 90%=0.7614628672599792, 95%=0.762814998626709, 98%=0.7651930451393127
ranking_best_algo: Tabu
ranking_best_score: 0.7470791764843752
ranking_my_rank: 3/504 (99.6%)
ranking_my_percent: 99.60317460317461
