ConfigName: krbf__advnormalizedfitness__M3__L15__eps0p025__g0p007__ds0p3__dm0p3
Problem: NK
Kernel: rbf
Advantage: normalizedfitness
M: 3
lambda: 15
epsilon_svgd: 0.025
gamma: 0.007
decay_start_ratio: 0.3
decay_min_factor: 0.3
bandwith_kernel: None
no_interact: False
avg_score: 0.7224363088607788
median_score: 0.7247272729873657
std_score: 0.010818942449986935
percentiles: 2%=0.6986268758773804, 5%=0.7021892666816711, 10%=0.7070392966270447, 25%=0.7156482934951782, 50%=0.7247272729873657, 75%=0.7305371761322021, 90%=0.7338365316390991, 95%=0.7362138628959656, 98%=0.7372272610664368
ranking_best_algo: PBIL
ranking_best_score: 0.7248786399609374
ranking_my_rank: 2/504 (99.8%)
ranking_my_percent: 99.8015873015873
