ConfigName: kjsd__advperagentrankweighted__M4__L12__eps0p03__g0p0005__ds0p2__dm0p05
Problem: QUBO
Kernel: jsd
Advantage: peragentrankweighted
M: 4
lambda: 12
epsilon_svgd: 0.03
gamma: 0.0005
decay_start_ratio: 0.2
decay_min_factor: 0.05
bandwith_kernel: None
no_interact: False
avg_score: -147.22000122070312
median_score: -145.5
std_score: 12.882219314575195
percentiles: 2%=-179.0, 5%=-169.3000030517578, 10%=-164.0, 25%=-155.0, 50%=-145.5, 75%=-139.0, 90%=-131.0, 95%=-126.9000015258789, 98%=-123.95999908447266
ranking_best_algo: CMApara
ranking_best_score: 154.28
ranking_my_rank: 98/504 (80.8%)
ranking_my_percent: 80.75396825396825
