ConfigName: kjsd__advperagentrankweighted__M4__L20__eps0p005__g0p0005__ds0p05__dm0p05
Problem: NK
Kernel: jsd
Advantage: peragentrankweighted
M: 4
lambda: 20
epsilon_svgd: 0.005
gamma: 0.0005
decay_start_ratio: 0.05
decay_min_factor: 0.05
bandwith_kernel: None
no_interact: False
avg_score: 0.7080295085906982
median_score: 0.7102698087692261
std_score: 0.011692287400364876
percentiles: 2%=0.6884241700172424, 5%=0.689754843711853, 10%=0.6934347152709961, 25%=0.6968371868133545, 50%=0.7102698087692261, 75%=0.7181153893470764, 90%=0.7218561172485352, 95%=0.723743200302124, 98%=0.7242892980575562
ranking_best_algo: PBIL
ranking_best_score: 0.7013553837109374
ranking_my_rank: 1/504 (100.0%)
ranking_my_percent: 100.0
