ConfigName: kjsd__advperagentrankweighted__M3__L24__eps0p007__g0p0005__ds0p1__dm0p1
Problem: QUBO
Kernel: jsd
Advantage: peragentrankweighted
M: 3
lambda: 24
epsilon_svgd: 0.007
gamma: 0.0005
decay_start_ratio: 0.1
decay_min_factor: 0.1
bandwith_kernel: None
no_interact: False
avg_score: -914.3599853515625
median_score: -914.5
std_score: 59.48453903198242
percentiles: 2%=-1020.239990234375, 5%=-1008.0999755859375, 10%=-987.4000244140625, 25%=-961.0, 50%=-914.5, 75%=-865.75, 90%=-839.2999877929688, 95%=-805.0, 98%=-792.9600219726562
ranking_best_algo: CMAL3
ranking_best_score: 928.5800000000002
ranking_my_rank: 17/504 (96.8%)
ranking_my_percent: 96.82539682539682
