ConfigName: krbf__advnormalizedfitness__M1__L8__eps0p015__g0p007__ds0p01__dm0p3
Problem: QUBO
Kernel: rbf
Advantage: normalizedfitness
M: 1
lambda: 8
epsilon_svgd: 0.015
gamma: 0.007
decay_start_ratio: 0.01
decay_min_factor: 0.3
bandwith_kernel: None
no_interact: False
avg_score: -193.05999755859375
median_score: -196.5
std_score: 15.894540786743164
percentiles: 2%=-222.0399932861328, 5%=-218.10000610351562, 10%=-211.0, 25%=-205.0, 50%=-196.5, 75%=-182.75, 90%=-169.89999389648438, 95%=-164.0, 98%=-162.87997436523438
ranking_best_algo: Tabu
ranking_best_score: 208.36000000000004
ranking_my_rank: 226/504 (55.4%)
ranking_my_percent: 55.357142857142854
