ConfigName: krbf__advnormalizedfitness__M4__L10__eps0p025__g0p005__ds0p01__dm0p01
Problem: QUBO
Kernel: rbf
Advantage: normalizedfitness
M: 4
lambda: 10
epsilon_svgd: 0.025
gamma: 0.005
decay_start_ratio: 0.01
decay_min_factor: 0.01
bandwith_kernel: None
no_interact: False
avg_score: -575.52001953125
median_score: -574.0
std_score: 25.029775619506836
percentiles: 2%=-627.0399780273438, 5%=-621.1500244140625, 10%=-609.2000122070312, 25%=-591.0, 50%=-574.0, 75%=-559.75, 90%=-543.0, 95%=-536.9500122070312, 98%=-519.97998046875
ranking_best_algo: Tabu
ranking_best_score: 588.7199999999999
ranking_my_rank: 57/503 (88.9%)
ranking_my_percent: 88.86679920477137
