ConfigName: kfr__advglobalrankweighted__M2__L9__eps0p01__g0p005__ds0p01__dm0p01
Problem: NK
Kernel: fr
Advantage: globalrankweighted
M: 2
lambda: 9
epsilon_svgd: 0.01
gamma: 0.005
decay_start_ratio: 0.01
decay_min_factor: 0.01
bandwith_kernel: None
no_interact: False
avg_score: 0.7074158191680908
median_score: 0.7110627889633179
std_score: 0.011826454661786556
percentiles: 2%=0.6881194114685059, 5%=0.6898530125617981, 10%=0.6910069584846497, 25%=0.6959370970726013, 50%=0.7110627889633179, 75%=0.7174023389816284, 90%=0.7216109037399292, 95%=0.7232282161712646, 98%=0.7234419584274292
ranking_best_algo: PBIL
ranking_best_score: 0.7013553837109374
ranking_my_rank: 1/504 (100.0%)
ranking_my_percent: 100.0
