ConfigName: krbf__advnormalizedfitness__M2__L8__eps0p015__g0p005__ds0p3__dm0p3
Problem: QUBO
Kernel: rbf
Advantage: normalizedfitness
M: 2
lambda: 8
epsilon_svgd: 0.015
gamma: 0.005
decay_start_ratio: 0.3
decay_min_factor: 0.3
bandwith_kernel: None
no_interact: False
avg_score: -306.5199890136719
median_score: -301.0
std_score: 39.688907623291016
percentiles: 2%=-398.0400085449219, 5%=-392.1000061035156, 10%=-359.20001220703125, 25%=-330.0, 50%=-301.0, 75%=-272.0, 90%=-264.0, 95%=-259.95001220703125, 98%=-246.94000244140625
ranking_best_algo: CMApara
ranking_best_score: 319.29999999999995
ranking_my_rank: 113/504 (77.8%)
ranking_my_percent: 77.77777777777777
