ConfigName: krbf__advnormalizedfitness__M2__L10__eps0p015__g0p005__ds0p3__dm0p01
Problem: QUBO
Kernel: rbf
Advantage: normalizedfitness
M: 2
lambda: 10
epsilon_svgd: 0.015
gamma: 0.005
decay_start_ratio: 0.3
decay_min_factor: 0.01
bandwith_kernel: None
no_interact: False
avg_score: -425.82000732421875
median_score: -427.0
std_score: 26.521833419799805
percentiles: 2%=-483.0, 5%=-473.1000061035156, 10%=-461.0, 25%=-439.0, 50%=-427.0, 75%=-409.0, 90%=-396.79998779296875, 95%=-381.70001220703125, 98%=-369.67999267578125
ranking_best_algo: CMAL3
ranking_best_score: 435.36
ranking_my_rank: 24/504 (95.4%)
ranking_my_percent: 95.43650793650794
