ConfigName: kjsd__advperagentrankweighted__M3__L20__eps0p005__g0p001__ds0p2__dm0p05
Problem: NK
Kernel: jsd
Advantage: peragentrankweighted
M: 3
lambda: 20
epsilon_svgd: 0.005
gamma: 0.001
decay_start_ratio: 0.2
decay_min_factor: 0.05
bandwith_kernel: None
no_interact: False
avg_score: 0.7087462544441223
median_score: 0.7070448398590088
std_score: 0.012794636189937592
percentiles: 2%=0.6852221488952637, 5%=0.6904969215393066, 10%=0.6940126419067383, 25%=0.6986297369003296, 50%=0.7070448398590088, 75%=0.718712329864502, 90%=0.7238043546676636, 95%=0.7257509231567383, 98%=0.7367831468582153
ranking_best_algo: PBIL
ranking_best_score: 0.7170882103515624
ranking_my_rank: 54/504 (89.5%)
ranking_my_percent: 89.48412698412699
