ConfigName: krbf__advnormalizedfitness__M2__L8__eps0p025__g0p007__ds0p3__dm0p01
Problem: NK
Kernel: rbf
Advantage: normalizedfitness
M: 2
lambda: 8
epsilon_svgd: 0.025
gamma: 0.007
decay_start_ratio: 0.3
decay_min_factor: 0.01
bandwith_kernel: None
no_interact: False
avg_score: 0.7420739531517029
median_score: 0.7391372919082642
std_score: 0.028463168069720268
percentiles: 2%=0.6990794539451599, 5%=0.7059647440910339, 10%=0.7075849771499634, 25%=0.7244317531585693, 50%=0.7391372919082642, 75%=0.7520126104354858, 90%=0.7770727276802063, 95%=0.8044298887252808, 98%=0.8118547797203064
ranking_best_algo: CMApara
ranking_best_score: 0.7459277895312499
ranking_my_rank: 25/504 (95.2%)
ranking_my_percent: 95.23809523809524
