ConfigName: kfr__advglobalrankweighted__M6__L7__eps0p02__g0p005__ds0p01__dm0p01
Problem: QUBO
Kernel: fr
Advantage: globalrankweighted
M: 6
lambda: 7
epsilon_svgd: 0.02
gamma: 0.005
decay_start_ratio: 0.01
decay_min_factor: 0.01
bandwith_kernel: None
no_interact: False
avg_score: -2498.139892578125
median_score: -2489.5
std_score: 129.8560028076172
percentiles: 2%=-2794.679931640625, 5%=-2701.800048828125, 10%=-2652.10009765625, 25%=-2586.0, 50%=-2489.5, 75%=-2402.0, 90%=-2348.10009765625, 95%=-2284.85009765625, 98%=-2263.719970703125
ranking_best_algo: DiscreteLengler2OnePlusOne
ranking_best_score: 2617.04
ranking_my_rank: 72/504 (85.9%)
ranking_my_percent: 85.91269841269842
