ConfigName: kjsd__advperagentrankweighted__M3__L20__eps0p007__g0p001__ds0p05__dm0p1
Problem: NK
Kernel: jsd
Advantage: peragentrankweighted
M: 3
lambda: 20
epsilon_svgd: 0.007
gamma: 0.001
decay_start_ratio: 0.05
decay_min_factor: 0.1
bandwith_kernel: None
no_interact: False
avg_score: 0.7529443502426147
median_score: 0.7530980110168457
std_score: 0.013625246472656727
percentiles: 2%=0.7265122532844543, 5%=0.7303309440612793, 10%=0.7352083921432495, 25%=0.7441359758377075, 50%=0.7530980110168457, 75%=0.7635337710380554, 90%=0.7707259654998779, 95%=0.772378146648407, 98%=0.7786791920661926
ranking_best_algo: Tabu
ranking_best_score: 0.7657846284375001
ranking_my_rank: 9/504 (98.4%)
ranking_my_percent: 98.41269841269842
