ConfigName: krbf__advnormalizedfitness__M2__L8__eps0p015__g0p015__ds0p3__dm0p3
Problem: NK
Kernel: rbf
Advantage: normalizedfitness
M: 2
lambda: 8
epsilon_svgd: 0.015
gamma: 0.015
decay_start_ratio: 0.3
decay_min_factor: 0.3
bandwith_kernel: None
no_interact: False
avg_score: 0.7107212543487549
median_score: 0.711733341217041
std_score: 0.015231204219162464
percentiles: 2%=0.6721815466880798, 5%=0.6733449697494507, 10%=0.6972649693489075, 25%=0.7075685858726501, 50%=0.711733341217041, 75%=0.7204930782318115, 90%=0.7254376411437988, 95%=0.7327049970626831, 98%=0.7336088418960571
ranking_best_algo: CMApara
ranking_best_score: 0.707475975
ranking_my_rank: 1/504 (100.0%)
ranking_my_percent: 100.0
