ConfigName: kjsd__advperagentrankweighted__M3__L20__eps0p005__g0p0005__ds0p1__dm0p1
Problem: NK
Kernel: jsd
Advantage: peragentrankweighted
M: 3
lambda: 20
epsilon_svgd: 0.005
gamma: 0.0005
decay_start_ratio: 0.1
decay_min_factor: 0.1
bandwith_kernel: None
no_interact: False
avg_score: 0.7533692717552185
median_score: 0.7521692514419556
std_score: 0.014801451936364174
percentiles: 2%=0.7267312407493591, 5%=0.7320444583892822, 10%=0.7347476482391357, 25%=0.7421198487281799, 50%=0.7521692514419556, 75%=0.766913890838623, 90%=0.7738934755325317, 95%=0.7795521020889282, 98%=0.7809323072433472
ranking_best_algo: Tabu
ranking_best_score: 0.7657846284375001
ranking_my_rank: 9/504 (98.4%)
ranking_my_percent: 98.41269841269842
