ConfigName: krbf__advnormalizedfitness__M4__L15__eps0p015__g0p01__ds0p3__dm0p3
Problem: QUBO
Kernel: rbf
Advantage: normalizedfitness
M: 4
lambda: 15
epsilon_svgd: 0.015
gamma: 0.01
decay_start_ratio: 0.3
decay_min_factor: 0.3
bandwith_kernel: None
no_interact: False
avg_score: -133.5399932861328
median_score: -129.5
std_score: 19.070091247558594
percentiles: 2%=-178.0, 5%=-165.0500030517578, 10%=-159.0, 25%=-145.25, 50%=-129.5, 75%=-118.75, 90%=-110.9000015258789, 95%=-108.0, 98%=-105.93998718261719
ranking_best_algo: Tabu
ranking_best_score: 208.36000000000004
ranking_my_rank: 385/504 (23.8%)
ranking_my_percent: 23.80952380952381
