ConfigName: kjsd__advperagentrankweighted__M3__L18__eps0p01__g0p0007__ds0p05__dm0p05
Problem: QUBO
Kernel: jsd
Advantage: peragentrankweighted
M: 3
lambda: 18
epsilon_svgd: 0.01
gamma: 0.0007
decay_start_ratio: 0.05
decay_min_factor: 0.05
bandwith_kernel: None
no_interact: False
avg_score: -1190.260009765625
median_score: -1184.5
std_score: 65.65480041503906
percentiles: 2%=-1321.1400146484375, 5%=-1313.0, 10%=-1286.199951171875, 25%=-1236.5, 50%=-1184.5, 75%=-1141.5, 90%=-1111.0, 95%=-1093.550048828125, 98%=-1073.9599609375
ranking_best_algo: Tabu
ranking_best_score: 1216.16
ranking_my_rank: 55/504 (89.3%)
ranking_my_percent: 89.28571428571429
