ConfigName: krbf__advnormalizedfitness__M4__L15__eps0p033__g0p007__ds0p3__dm0p3
Problem: NK
Kernel: rbf
Advantage: normalizedfitness
M: 4
lambda: 15
epsilon_svgd: 0.033
gamma: 0.007
decay_start_ratio: 0.3
decay_min_factor: 0.3
bandwith_kernel: None
no_interact: False
avg_score: 0.6773565411567688
median_score: 0.6747004985809326
std_score: 0.016381023451685905
percentiles: 2%=0.651185929775238, 5%=0.653924286365509, 10%=0.6584593653678894, 25%=0.6634018421173096, 50%=0.6747004985809326, 75%=0.6877020597457886, 90%=0.6990551352500916, 95%=0.7089992761611938, 98%=0.7160249352455139
ranking_best_algo: PBIL
ranking_best_score: 0.733570253046875
ranking_my_rank: 216/504 (57.3%)
ranking_my_percent: 57.34126984126984
