ConfigName: kjsd__advperagentrankweighted__M3__L30__eps0p005__g0p001__ds0p1__dm0p05
Problem: QUBO
Kernel: jsd
Advantage: peragentrankweighted
M: 3
lambda: 30
epsilon_svgd: 0.005
gamma: 0.001
decay_start_ratio: 0.1
decay_min_factor: 0.05
bandwith_kernel: None
no_interact: False
avg_score: -427.79998779296875
median_score: -428.0
std_score: 26.942901611328125
percentiles: 2%=-475.0799865722656, 5%=-469.0, 10%=-462.1000061035156, 25%=-449.0, 50%=-428.0, 75%=-410.75, 90%=-393.8999938964844, 95%=-386.79998779296875, 98%=-370.79998779296875
ranking_best_algo: CMAL3
ranking_best_score: 435.36
ranking_my_rank: 18/504 (96.6%)
ranking_my_percent: 96.62698412698413
