ConfigName: krbf__advnormalizedfitness__M3__L10__eps0p015__g0p01__ds0p15__dm0p01
Problem: NK
Kernel: rbf
Advantage: normalizedfitness
M: 3
lambda: 10
epsilon_svgd: 0.015
gamma: 0.01
decay_start_ratio: 0.15
decay_min_factor: 0.01
bandwith_kernel: None
no_interact: False
avg_score: 0.7291597723960876
median_score: 0.7306451201438904
std_score: 0.010093442164361477
percentiles: 2%=0.7059101462364197, 5%=0.7097403407096863, 10%=0.7143153548240662, 25%=0.7230377793312073, 50%=0.7306451201438904, 75%=0.7367886304855347, 90%=0.7414582967758179, 95%=0.7427941560745239, 98%=0.7437169551849365
ranking_best_algo: PBIL
ranking_best_score: 0.7248786399609374
ranking_my_rank: 1/504 (100.0%)
ranking_my_percent: 100.0
