ConfigName: krbf__advnormalizedfitness__M1__L10__eps0p015__g0p015__ds0p01__dm0p01
Problem: QUBO
Kernel: rbf
Advantage: normalizedfitness
M: 1
lambda: 10
epsilon_svgd: 0.015
gamma: 0.015
decay_start_ratio: 0.01
decay_min_factor: 0.01
bandwith_kernel: None
no_interact: False
avg_score: -136.0
median_score: -135.5
std_score: 12.357993125915527
percentiles: 2%=-158.0, 5%=-156.0, 10%=-153.10000610351562, 25%=-145.0, 50%=-135.5, 75%=-127.75, 90%=-121.0, 95%=-115.0, 98%=-110.87997436523438
ranking_best_algo: DiscreteDE
ranking_best_score: 143.4
ranking_my_rank: 223/504 (56.0%)
ranking_my_percent: 55.95238095238095
