ConfigName: kjsd__advperagentrankweighted__M3__L30__eps0p005__g0p001__ds0p2__dm0p2
Problem: QUBO
Kernel: jsd
Advantage: peragentrankweighted
M: 3
lambda: 30
epsilon_svgd: 0.005
gamma: 0.001
decay_start_ratio: 0.2
decay_min_factor: 0.2
bandwith_kernel: None
no_interact: False
avg_score: -423.0
median_score: -423.0
std_score: 30.533260345458984
percentiles: 2%=-481.0799865722656, 5%=-473.1000061035156, 10%=-464.1000061035156, 25%=-439.25, 50%=-423.0, 75%=-405.5, 90%=-382.79998779296875, 95%=-373.8500061035156, 98%=-361.760009765625
ranking_best_algo: CMAL3
ranking_best_score: 435.36
ranking_my_rank: 33/504 (93.7%)
ranking_my_percent: 93.65079365079364
