ConfigName: krbf__advnormalizedfitness__M3__L15__eps0p015__g0p015__ds0p01__dm0p3
Problem: NK
Kernel: rbf
Advantage: normalizedfitness
M: 3
lambda: 15
epsilon_svgd: 0.015
gamma: 0.015
decay_start_ratio: 0.01
decay_min_factor: 0.3
bandwith_kernel: None
no_interact: False
avg_score: 0.7091091871261597
median_score: 0.6989121437072754
std_score: 0.03245043382048607
percentiles: 2%=0.6707713603973389, 5%=0.6716710925102234, 10%=0.6730711460113525, 25%=0.6788981556892395, 50%=0.6989121437072754, 75%=0.7442047595977783, 90%=0.7526810169219971, 95%=0.7605403661727905, 98%=0.7608800530433655
ranking_best_algo: CMApara
ranking_best_score: 0.7118996098437498
ranking_my_rank: 57/504 (88.9%)
ranking_my_percent: 88.88888888888889
