ConfigName: krbf__advnormalizedfitness__M3__L12__eps0p015__g0p015__ds0p15__dm0p3
Problem: QUBO
Kernel: rbf
Advantage: normalizedfitness
M: 3
lambda: 12
epsilon_svgd: 0.015
gamma: 0.015
decay_start_ratio: 0.15
decay_min_factor: 0.3
bandwith_kernel: None
no_interact: False
avg_score: -133.89999389648438
median_score: -133.0
std_score: 9.896968841552734
percentiles: 2%=-154.02000427246094, 5%=-152.0500030517578, 10%=-148.10000610351562, 25%=-141.0, 50%=-133.0, 75%=-127.0, 90%=-121.0, 95%=-119.0, 98%=-118.95999145507812
ranking_best_algo: DiscreteDE
ranking_best_score: 143.4
ranking_my_rank: 310/504 (38.7%)
ranking_my_percent: 38.69047619047619
