ConfigName: kjsd__advperagentrankweighted__M3__L18__eps0p01__g0p001__ds0p2__dm0p2
Problem: QUBO
Kernel: jsd
Advantage: peragentrankweighted
M: 3
lambda: 18
epsilon_svgd: 0.01
gamma: 0.001
decay_start_ratio: 0.2
decay_min_factor: 0.2
bandwith_kernel: None
no_interact: False
avg_score: -940.3599853515625
median_score: -938.5
std_score: 68.20916748046875
percentiles: 2%=-1072.0799560546875, 5%=-1053.050048828125, 10%=-1041.199951171875, 25%=-984.25, 50%=-938.5, 75%=-889.75, 90%=-844.7999877929688, 95%=-836.7000122070312, 98%=-810.8400268554688
ranking_best_algo: CMApara
ranking_best_score: 964.9
ranking_my_rank: 7/504 (98.8%)
ranking_my_percent: 98.80952380952381
