ConfigName: kfr__advglobalrankweighted__M6__L9__eps0p015__g0p005__ds0p01__dm0p01
Problem: QUBO
Kernel: fr
Advantage: globalrankweighted
M: 6
lambda: 9
epsilon_svgd: 0.015
gamma: 0.005
decay_start_ratio: 0.01
decay_min_factor: 0.01
bandwith_kernel: None
no_interact: False
avg_score: -2844.840087890625
median_score: -2812.5
std_score: 173.0313720703125
percentiles: 2%=-3215.43994140625, 5%=-3134.449951171875, 10%=-3090.5, 25%=-2976.5, 50%=-2812.5, 75%=-2728.25, 90%=-2651.5, 95%=-2566.949951171875, 98%=-2543.739990234375
ranking_best_algo: RLSOnePlusOne
ranking_best_score: 3316.5199999999995
ranking_my_rank: 153/504 (69.8%)
ranking_my_percent: 69.84126984126983
