ConfigName: kjsd__advperagentrankweighted__M3__L18__eps0p01__g0p001__ds0p1__dm0p05
Problem: QUBO
Kernel: jsd
Advantage: peragentrankweighted
M: 3
lambda: 18
epsilon_svgd: 0.01
gamma: 0.001
decay_start_ratio: 0.1
decay_min_factor: 0.05
bandwith_kernel: None
no_interact: False
avg_score: -1628.6600341796875
median_score: -1620.0
std_score: 57.60646057128906
percentiles: 2%=-1748.1199951171875, 5%=-1728.5999755859375, 10%=-1703.5, 25%=-1667.5, 50%=-1620.0, 75%=-1588.5, 90%=-1561.0, 95%=-1536.9000244140625, 98%=-1510.800048828125
ranking_best_algo: NLOPT_LN_PRAXIS
ranking_best_score: 1607.12
ranking_my_rank: 1/504 (100.0%)
ranking_my_percent: 100.0
