ConfigName: krbf__advnormalizedfitness__M1__L8__eps0p025__g0p005__ds0p3__dm0p01
Problem: QUBO
Kernel: rbf
Advantage: normalizedfitness
M: 1
lambda: 8
epsilon_svgd: 0.025
gamma: 0.005
decay_start_ratio: 0.3
decay_min_factor: 0.01
bandwith_kernel: None
no_interact: False
avg_score: -290.17999267578125
median_score: -285.0
std_score: 40.471317291259766
percentiles: 2%=-382.0799865722656, 5%=-364.3999938964844, 10%=-344.20001220703125, 25%=-314.0, 50%=-285.0, 75%=-258.75, 90%=-240.0, 95%=-236.75003051757812, 98%=-229.91998291015625
ranking_best_algo: CMApara
ranking_best_score: 319.29999999999995
ranking_my_rank: 297/504 (41.3%)
ranking_my_percent: 41.26984126984127
