ConfigName: kjsd__advperagentrankweighted__M5__L10__eps0p01__g0p0005__ds0p05__dm0p05
Problem: QUBO
Kernel: jsd
Advantage: peragentrankweighted
M: 5
lambda: 10
epsilon_svgd: 0.01
gamma: 0.0005
decay_start_ratio: 0.05
decay_min_factor: 0.05
bandwith_kernel: None
no_interact: False
avg_score: -1250.4599609375
median_score: -1246.5
std_score: 63.45808410644531
percentiles: 2%=-1378.280029296875, 5%=-1373.050048828125, 10%=-1339.699951171875, 25%=-1293.25, 50%=-1246.5, 75%=-1202.5, 90%=-1166.5999755859375, 95%=-1154.699951171875, 98%=-1142.97998046875
ranking_best_algo: SVMMetaModelLogNormal
ranking_best_score: 1233.7999999999997
ranking_my_rank: 1/504 (100.0%)
ranking_my_percent: 100.0
