ConfigName: krbf__advnormalizedfitness__M4__L15__eps0p033__g0p007__ds0p3__dm0p01
Problem: NK
Kernel: rbf
Advantage: normalizedfitness
M: 4
lambda: 15
epsilon_svgd: 0.033
gamma: 0.007
decay_start_ratio: 0.3
decay_min_factor: 0.01
bandwith_kernel: None
no_interact: False
avg_score: 0.7373006939888
median_score: 0.7376410961151123
std_score: 0.00834110751748085
percentiles: 2%=0.7181755900382996, 5%=0.7208605408668518, 10%=0.7253777980804443, 25%=0.732599139213562, 50%=0.7376410961151123, 75%=0.7435826063156128, 90%=0.74594646692276, 95%=0.7488568425178528, 98%=0.7518115639686584
ranking_best_algo: PBIL
ranking_best_score: 0.730509098125
ranking_my_rank: 1/504 (100.0%)
ranking_my_percent: 100.0
