ConfigName: krbf__advnormalizedfitness__M4__L10__eps0p025__g0p005__ds0p05__dm0p05
Problem: QUBO
Kernel: rbf
Advantage: normalizedfitness
M: 4
lambda: 10
epsilon_svgd: 0.025
gamma: 0.005
decay_start_ratio: 0.05
decay_min_factor: 0.05
bandwith_kernel: None
no_interact: False
avg_score: -578.9199829101562
median_score: -579.0
std_score: 26.09048843383789
percentiles: 2%=-635.0, 5%=-625.4000244140625, 10%=-611.4000244140625, 25%=-596.5, 50%=-579.0, 75%=-559.0, 90%=-545.9000244140625, 95%=-539.0, 98%=-532.8400268554688
ranking_best_algo: Tabu
ranking_best_score: 588.7199999999999
ranking_my_rank: 41/503 (92.0%)
ranking_my_percent: 92.04771371769384
