ConfigName: kjsd__advperagentrankweighted__M3__L18__eps0p01__g0p001__ds0p1__dm0p05
Problem: NK
Kernel: jsd
Advantage: peragentrankweighted
M: 3
lambda: 18
epsilon_svgd: 0.01
gamma: 0.001
decay_start_ratio: 0.1
decay_min_factor: 0.05
bandwith_kernel: None
no_interact: False
avg_score: 0.7488380670547485
median_score: 0.7488842010498047
std_score: 0.009175722487270832
percentiles: 2%=0.7321197390556335, 5%=0.7339126467704773, 10%=0.7372191548347473, 25%=0.7424036264419556, 50%=0.7488842010498047, 75%=0.755834698677063, 90%=0.7602592706680298, 95%=0.7635718584060669, 98%=0.7696737051010132
ranking_best_algo: PBIL
ranking_best_score: 0.733570253046875
ranking_my_rank: 1/504 (100.0%)
ranking_my_percent: 100.0
