ConfigName: kjsd__advperagentrankweighted__M3__L18__eps0p007__g0p0007__ds0p1__dm0p05
Problem: QUBO
Kernel: jsd
Advantage: peragentrankweighted
M: 3
lambda: 18
epsilon_svgd: 0.007
gamma: 0.0007
decay_start_ratio: 0.1
decay_min_factor: 0.05
bandwith_kernel: None
no_interact: False
avg_score: -2652.9599609375
median_score: -2658.0
std_score: 117.1364974975586
percentiles: 2%=-2868.820068359375, 5%=-2843.699951171875, 10%=-2810.0, 25%=-2729.25, 50%=-2658.0, 75%=-2566.0, 90%=-2510.699951171875, 95%=-2489.10009765625, 98%=-2425.699951171875
ranking_best_algo: DiscreteLengler2OnePlusOne
ranking_best_score: 2617.04
ranking_my_rank: 1/504 (100.0%)
ranking_my_percent: 100.0
