ConfigName: krbf__advnormalizedfitness__M3__L8__eps0p015__g0p015__ds0p3__dm0p3
Problem: QUBO
Kernel: rbf
Advantage: normalizedfitness
M: 3
lambda: 8
epsilon_svgd: 0.015
gamma: 0.015
decay_start_ratio: 0.3
decay_min_factor: 0.3
bandwith_kernel: None
no_interact: False
avg_score: -861.0800170898438
median_score: -857.5
std_score: 111.19682312011719
percentiles: 2%=-1103.43994140625, 5%=-1058.25, 10%=-1007.0, 25%=-927.25, 50%=-857.5, 75%=-783.0, 90%=-716.5999755859375, 95%=-701.0, 98%=-678.35986328125
ranking_best_algo: NLOPT_LN_PRAXIS
ranking_best_score: 1607.12
ranking_my_rank: 325/504 (35.7%)
ranking_my_percent: 35.714285714285715
