ConfigName: krbf__advnormalizedfitness__M4__L15__eps0p025__g0p005__ds0p01__dm0p01
Problem: NK
Kernel: rbf
Advantage: normalizedfitness
M: 4
lambda: 15
epsilon_svgd: 0.025
gamma: 0.005
decay_start_ratio: 0.01
decay_min_factor: 0.01
bandwith_kernel: None
no_interact: False
avg_score: 0.7108715176582336
median_score: 0.7120331525802612
std_score: 0.015302394516766071
percentiles: 2%=0.6713334918022156, 5%=0.6733705997467041, 10%=0.6972412467002869, 25%=0.7085239887237549, 50%=0.7120331525802612, 75%=0.7196453809738159, 90%=0.72547847032547, 95%=0.7329624891281128, 98%=0.7340100407600403
ranking_best_algo: CMApara
ranking_best_score: 0.707475975
ranking_my_rank: 1/504 (100.0%)
ranking_my_percent: 100.0
