ConfigName: kjsd__advperagentrankweighted__M4__L24__eps0p005__g0p0007__ds0p4__dm0p05
Problem: QUBO
Kernel: jsd
Advantage: peragentrankweighted
M: 4
lambda: 24
epsilon_svgd: 0.005
gamma: 0.0007
decay_start_ratio: 0.4
decay_min_factor: 0.05
bandwith_kernel: None
no_interact: False
avg_score: -3126.840087890625
median_score: -3148.0
std_score: 144.31373596191406
percentiles: 2%=-3381.179931640625, 5%=-3366.300048828125, 10%=-3328.10009765625, 25%=-3227.25, 50%=-3148.0, 75%=-3019.75, 90%=-2936.699951171875, 95%=-2901.300048828125, 98%=-2808.9599609375
ranking_best_algo: RLSOnePlusOne
ranking_best_score: 3316.5199999999995
ranking_my_rank: 77/504 (84.9%)
ranking_my_percent: 84.92063492063492
