ConfigName: kjsd__advperagentrankweighted__M4__L20__eps0p005__g0p0005__ds0p1__dm0p2
Problem: NK
Kernel: jsd
Advantage: peragentrankweighted
M: 4
lambda: 20
epsilon_svgd: 0.005
gamma: 0.0005
decay_start_ratio: 0.1
decay_min_factor: 0.2
bandwith_kernel: None
no_interact: False
avg_score: 0.7542963624000549
median_score: 0.7535715699195862
std_score: 0.014488083310425282
percentiles: 2%=0.7256919145584106, 5%=0.7276211977005005, 10%=0.7344480156898499, 25%=0.745265781879425, 50%=0.7535715699195862, 75%=0.7667219638824463, 90%=0.771950900554657, 95%=0.7731626629829407, 98%=0.7795385718345642
ranking_best_algo: Tabu
ranking_best_score: 0.7657846284375001
ranking_my_rank: 7/504 (98.8%)
ranking_my_percent: 98.80952380952381
