ConfigName: kjsd__advperagentrankweighted__M3__L18__eps0p007__g0p001__ds0p2__dm0p2
Problem: NK
Kernel: jsd
Advantage: peragentrankweighted
M: 3
lambda: 18
epsilon_svgd: 0.007
gamma: 0.001
decay_start_ratio: 0.2
decay_min_factor: 0.2
bandwith_kernel: None
no_interact: False
avg_score: 0.7102478742599487
median_score: 0.7113796472549438
std_score: 0.015186158940196037
percentiles: 2%=0.6719352602958679, 5%=0.6721029281616211, 10%=0.6962411403656006, 25%=0.7066706418991089, 50%=0.7113796472549438, 75%=0.7182430028915405, 90%=0.7252117395401001, 95%=0.7311586141586304, 98%=0.7322816252708435
ranking_best_algo: CMApara
ranking_best_score: 0.707475975
ranking_my_rank: 1/504 (100.0%)
ranking_my_percent: 100.0
