ConfigName: kjsd__advperagentrankweighted__M3__L18__eps0p01__g0p001__ds0p2__dm0p05
Problem: NK
Kernel: jsd
Advantage: peragentrankweighted
M: 3
lambda: 18
epsilon_svgd: 0.01
gamma: 0.001
decay_start_ratio: 0.2
decay_min_factor: 0.05
bandwith_kernel: None
no_interact: False
avg_score: 0.7435281276702881
median_score: 0.7408133745193481
std_score: 0.029850207269191742
percentiles: 2%=0.6916791200637817, 5%=0.6952534317970276, 10%=0.708565354347229, 25%=0.7263598442077637, 50%=0.7408133745193481, 75%=0.7580187320709229, 90%=0.7782467603683472, 95%=0.8109943270683289, 98%=0.8118547797203064
ranking_best_algo: CMApara
ranking_best_score: 0.7459277895312499
ranking_my_rank: 8/504 (98.6%)
ranking_my_percent: 98.61111111111111
