ConfigName: kjsd__advperagentrankweighted__M3__L18__eps0p01__g0p0005__ds0p05__dm0p1
Problem: NK
Kernel: jsd
Advantage: peragentrankweighted
M: 3
lambda: 18
epsilon_svgd: 0.01
gamma: 0.0005
decay_start_ratio: 0.05
decay_min_factor: 0.1
bandwith_kernel: None
no_interact: False
avg_score: 0.7089115977287292
median_score: 0.7100962400436401
std_score: 0.015313713811337948
percentiles: 2%=0.6695345044136047, 5%=0.6712300181388855, 10%=0.6950621008872986, 25%=0.705317497253418, 50%=0.7100962400436401, 75%=0.7184147834777832, 90%=0.7239038348197937, 95%=0.7313408851623535, 98%=0.7319366931915283
ranking_best_algo: CMApara
ranking_best_score: 0.707475975
ranking_my_rank: 1/504 (100.0%)
ranking_my_percent: 100.0
