ConfigName: kjsd__advperagentrankweighted__M3__L30__eps0p005__g0p0005__ds0p1__dm0p1
Problem: NK
Kernel: jsd
Advantage: peragentrankweighted
M: 3
lambda: 30
epsilon_svgd: 0.005
gamma: 0.0005
decay_start_ratio: 0.1
decay_min_factor: 0.1
bandwith_kernel: None
no_interact: False
avg_score: 0.7410420179367065
median_score: 0.7418423891067505
std_score: 0.014996531419456005
percentiles: 2%=0.7072563767433167, 5%=0.7177372574806213, 10%=0.7240139245986938, 25%=0.7311751246452332, 50%=0.7418423891067505, 75%=0.752133846282959, 90%=0.7597901225090027, 95%=0.7624727487564087, 98%=0.7663207650184631
ranking_best_algo: Tabu
ranking_best_score: 0.7601875690625
ranking_my_rank: 12/504 (97.8%)
ranking_my_percent: 97.81746031746032
