ConfigName: kjsd__advperagentrankweighted__M3__L18__eps0p005__g0p003__ds0p1__dm0p2
Problem: QUBO
Kernel: jsd
Advantage: peragentrankweighted
M: 3
lambda: 18
epsilon_svgd: 0.005
gamma: 0.003
decay_start_ratio: 0.1
decay_min_factor: 0.2
bandwith_kernel: None
no_interact: False
avg_score: -427.44000244140625
median_score: -431.0
std_score: 31.321020126342773
percentiles: 2%=-482.0, 5%=-474.04998779296875, 10%=-465.0, 25%=-452.5, 50%=-431.0, 75%=-403.0, 90%=-385.8999938964844, 95%=-376.0, 98%=-371.79998779296875
ranking_best_algo: CMApara
ranking_best_score: 453.82
ranking_my_rank: 101/504 (80.2%)
ranking_my_percent: 80.15873015873017
