ConfigName: krbf__advnormalizedfitness__M4__L8__eps0p033__g0p015__ds0p3__dm0p01
Problem: NK
Kernel: rbf
Advantage: normalizedfitness
M: 4
lambda: 8
epsilon_svgd: 0.033
gamma: 0.015
decay_start_ratio: 0.3
decay_min_factor: 0.01
bandwith_kernel: None
no_interact: False
avg_score: 0.7243819236755371
median_score: 0.7223889231681824
std_score: 0.01826946996152401
percentiles: 2%=0.6801506876945496, 5%=0.6960089802742004, 10%=0.7036826610565186, 25%=0.7096997499465942, 50%=0.7223889231681824, 75%=0.737177848815918, 90%=0.7486857175827026, 95%=0.7539174556732178, 98%=0.7574067115783691
ranking_best_algo: Tabu
ranking_best_score: 0.7601875690625
ranking_my_rank: 119/504 (76.6%)
ranking_my_percent: 76.58730158730158
