ConfigName: krbf__advnormalizedfitness__M1__L8__eps0p015__g0p015__ds0p01__dm0p3
Problem: QUBO
Kernel: rbf
Advantage: normalizedfitness
M: 1
lambda: 8
epsilon_svgd: 0.015
gamma: 0.015
decay_start_ratio: 0.01
decay_min_factor: 0.3
bandwith_kernel: None
no_interact: False
avg_score: -2573.60009765625
median_score: -2557.5
std_score: 124.85543823242188
percentiles: 2%=-2844.0, 5%=-2791.0, 10%=-2767.10009765625, 25%=-2648.75, 50%=-2557.5, 75%=-2484.75, 90%=-2425.699951171875, 95%=-2409.800048828125, 98%=-2341.919921875
ranking_best_algo: SVM1MetaModelLogNormal
ranking_best_score: 2605.14
ranking_my_rank: 14/504 (97.4%)
ranking_my_percent: 97.42063492063492
