ConfigName: krbf__advnormalizedfitness__M4__L12__eps0p025__g0p005__ds0p01__dm0p01
Problem: QUBO
Kernel: rbf
Advantage: normalizedfitness
M: 4
lambda: 12
epsilon_svgd: 0.025
gamma: 0.005
decay_start_ratio: 0.01
decay_min_factor: 0.01
bandwith_kernel: None
no_interact: False
avg_score: -1182.0999755859375
median_score: -1174.5
std_score: 75.18783569335938
percentiles: 2%=-1335.02001953125, 5%=-1321.25, 10%=-1287.199951171875, 25%=-1234.75, 50%=-1174.5, 75%=-1131.75, 90%=-1095.9000244140625, 95%=-1062.300048828125, 98%=-1038.9599609375
ranking_best_algo: SVMMetaModelLogNormal
ranking_best_score: 1233.7999999999997
ranking_my_rank: 64/504 (87.5%)
ranking_my_percent: 87.5
