ConfigName: krbf__advnormalizedfitness__M3__L12__eps0p015__g0p005__ds0p3__dm0p01
Problem: QUBO
Kernel: rbf
Advantage: normalizedfitness
M: 3
lambda: 12
epsilon_svgd: 0.015
gamma: 0.005
decay_start_ratio: 0.3
decay_min_factor: 0.01
bandwith_kernel: None
no_interact: False
avg_score: -441.3800048828125
median_score: -441.5
std_score: 24.78175926208496
percentiles: 2%=-486.0799865722656, 5%=-475.29998779296875, 10%=-472.0, 25%=-460.25, 50%=-441.5, 75%=-423.75, 90%=-406.0, 95%=-400.95001220703125, 98%=-393.97998046875
ranking_best_algo: CMApara
ranking_best_score: 453.82
ranking_my_rank: 11/504 (98.0%)
ranking_my_percent: 98.01587301587301
