ConfigName: kjsd__advperagentrankweighted__M3__L20__eps0p005__g0p001__ds0p1__dm0p2
Problem: NK
Kernel: jsd
Advantage: peragentrankweighted
M: 3
lambda: 20
epsilon_svgd: 0.005
gamma: 0.001
decay_start_ratio: 0.1
decay_min_factor: 0.2
bandwith_kernel: None
no_interact: False
avg_score: 0.7371597290039062
median_score: 0.7387335300445557
std_score: 0.009007098153233528
percentiles: 2%=0.7190558910369873, 5%=0.7214779853820801, 10%=0.7242471575737, 25%=0.7319117784500122, 50%=0.7387335300445557, 75%=0.7443077564239502, 90%=0.748651921749115, 95%=0.7509252429008484, 98%=0.7521306872367859
ranking_best_algo: PBIL
ranking_best_score: 0.730509098125
ranking_my_rank: 1/504 (100.0%)
ranking_my_percent: 100.0
