ConfigName: krbf__advnormalizedfitness__M4__L15__eps0p033__g0p005__ds0p01__dm0p3
Problem: QUBO
Kernel: rbf
Advantage: normalizedfitness
M: 4
lambda: 15
epsilon_svgd: 0.033
gamma: 0.005
decay_start_ratio: 0.01
decay_min_factor: 0.3
bandwith_kernel: None
no_interact: False
avg_score: -441.17999267578125
median_score: -441.5
std_score: 25.745826721191406
percentiles: 2%=-492.0, 5%=-478.1499938964844, 10%=-471.0, 25%=-460.25, 50%=-441.5, 75%=-425.75, 90%=-411.79998779296875, 95%=-402.9000244140625, 98%=-382.97998046875
ranking_best_algo: CMApara
ranking_best_score: 453.82
ranking_my_rank: 12/504 (97.8%)
ranking_my_percent: 97.81746031746032
