ConfigName: kjsd__advperagentrankweighted__M3__L16__eps0p01__g0p0007__ds0p1__dm0p05
Problem: QUBO
Kernel: jsd
Advantage: peragentrankweighted
M: 3
lambda: 16
epsilon_svgd: 0.01
gamma: 0.0007
decay_start_ratio: 0.1
decay_min_factor: 0.05
bandwith_kernel: None
no_interact: False
avg_score: -928.3599853515625
median_score: -917.5
std_score: 68.12144470214844
percentiles: 2%=-1065.02001953125, 5%=-1057.300048828125, 10%=-1021.2000122070312, 25%=-975.5, 50%=-917.5, 75%=-875.75, 90%=-851.7000122070312, 95%=-839.9000244140625, 98%=-796.6599731445312
ranking_best_algo: CMApara
ranking_best_score: 964.9
ranking_my_rank: 21/504 (96.0%)
ranking_my_percent: 96.03174603174604
