ConfigName: kjsd__advperagentrankweighted__M3__L16__eps0p01__g0p003__ds0p1__dm0p05
Problem: NK
Kernel: jsd
Advantage: peragentrankweighted
M: 3
lambda: 16
epsilon_svgd: 0.01
gamma: 0.003
decay_start_ratio: 0.1
decay_min_factor: 0.05
bandwith_kernel: None
no_interact: False
avg_score: 0.7076786160469055
median_score: 0.7100322842597961
std_score: 0.011756225489079952
percentiles: 2%=0.6879832744598389, 5%=0.6896896958351135, 10%=0.6937950849533081, 25%=0.6964844465255737, 50%=0.7100322842597961, 75%=0.7181234955787659, 90%=0.7213910818099976, 95%=0.7239476442337036, 98%=0.7244420647621155
ranking_best_algo: PBIL
ranking_best_score: 0.7013553837109374
ranking_my_rank: 1/504 (100.0%)
ranking_my_percent: 100.0
