ConfigName: kfr__advglobalrankweighted__M2__L8__eps0p01__g0p007__ds0p01__dm0p01
Problem: QUBO
Kernel: fr
Advantage: globalrankweighted
M: 2
lambda: 8
epsilon_svgd: 0.01
gamma: 0.007
decay_start_ratio: 0.01
decay_min_factor: 0.01
bandwith_kernel: None
no_interact: False
avg_score: -137.33999633789062
median_score: -138.5
std_score: 11.49627685546875
percentiles: 2%=-158.0, 5%=-155.0500030517578, 10%=-151.0, 25%=-146.0, 50%=-138.5, 75%=-127.0, 90%=-123.0, 95%=-118.85001373291016, 98%=-113.97999572753906
ranking_best_algo: DiscreteDE
ranking_best_score: 143.4
ranking_my_rank: 156/504 (69.2%)
ranking_my_percent: 69.24603174603175
