ConfigName: krbf__advnormalizedfitness__M4__L12__eps0p033__g0p007__ds0p15__dm0p01
Problem: QUBO
Kernel: rbf
Advantage: normalizedfitness
M: 4
lambda: 12
epsilon_svgd: 0.033
gamma: 0.007
decay_start_ratio: 0.15
decay_min_factor: 0.01
bandwith_kernel: None
no_interact: False
avg_score: -3068.080078125
median_score: -3047.5
std_score: 206.09103393554688
percentiles: 2%=-3539.43994140625, 5%=-3393.800048828125, 10%=-3323.300048828125, 25%=-3214.25, 50%=-3047.5, 75%=-2931.75, 90%=-2838.300048828125, 95%=-2779.85009765625, 98%=-2654.73974609375
ranking_best_algo: RLSOnePlusOne
ranking_best_score: 3316.5199999999995
ranking_my_rank: 88/504 (82.7%)
ranking_my_percent: 82.73809523809524
