ConfigName: krbf__advnormalizedfitness__M1__L8__eps0p033__g0p005__ds0p01__dm0p3
Problem: QUBO
Kernel: rbf
Advantage: normalizedfitness
M: 1
lambda: 8
epsilon_svgd: 0.033
gamma: 0.005
decay_start_ratio: 0.01
decay_min_factor: 0.3
bandwith_kernel: None
no_interact: False
avg_score: -188.5
median_score: -188.0
std_score: 14.97564697265625
percentiles: 2%=-222.0399932861328, 5%=-216.0, 10%=-209.0, 25%=-197.0, 50%=-188.0, 75%=-178.75, 90%=-168.89999389648438, 95%=-166.0, 98%=-160.95999145507812
ranking_best_algo: Tabu
ranking_best_score: 208.36000000000004
ranking_my_rank: 249/504 (50.8%)
ranking_my_percent: 50.79365079365079
