ConfigName: krbf__advnormalizedfitness__M2__L10__eps0p033__g0p007__ds0p3__dm0p3
Problem: QUBO
Kernel: rbf
Advantage: normalizedfitness
M: 2
lambda: 10
epsilon_svgd: 0.033
gamma: 0.007
decay_start_ratio: 0.3
decay_min_factor: 0.3
bandwith_kernel: None
no_interact: False
avg_score: -924.1799926757812
median_score: -921.0
std_score: 63.86382293701172
percentiles: 2%=-1076.0400390625, 5%=-1017.2999877929688, 10%=-1006.2999877929688, 25%=-970.5, 50%=-921.0, 75%=-875.0, 90%=-834.0, 95%=-830.9000244140625, 98%=-820.8200073242188
ranking_best_algo: CMApara
ranking_best_score: 964.9
ranking_my_rank: 21/504 (96.0%)
ranking_my_percent: 96.03174603174604
