ConfigName: kjsd__advperagentrankweighted__M3__L30__eps0p005__g0p001__ds0p05__dm0p1
Problem: QUBO
Kernel: jsd
Advantage: peragentrankweighted
M: 3
lambda: 30
epsilon_svgd: 0.005
gamma: 0.001
decay_start_ratio: 0.05
decay_min_factor: 0.1
bandwith_kernel: None
no_interact: False
avg_score: -575.8400268554688
median_score: -576.5
std_score: 28.360084533691406
percentiles: 2%=-627.280029296875, 5%=-621.2999877929688, 10%=-614.5, 25%=-593.25, 50%=-576.5, 75%=-559.75, 90%=-541.7000122070312, 95%=-526.7999877929688, 98%=-518.8599853515625
ranking_best_algo: Tabu
ranking_best_score: 588.7199999999999
ranking_my_rank: 57/503 (88.9%)
ranking_my_percent: 88.86679920477137
