ConfigName: kjsd__advperagentrankweighted__M3__L20__eps0p005__g0p0007__ds0p1__dm0p2
Problem: NK
Kernel: jsd
Advantage: peragentrankweighted
M: 3
lambda: 20
epsilon_svgd: 0.005
gamma: 0.0007
decay_start_ratio: 0.1
decay_min_factor: 0.2
bandwith_kernel: None
no_interact: False
avg_score: 0.7434970736503601
median_score: 0.7423104643821716
std_score: 0.0282608475536108
percentiles: 2%=0.6988101601600647, 5%=0.7026003003120422, 10%=0.7082332968711853, 25%=0.7239579558372498, 50%=0.7423104643821716, 75%=0.7580187320709229, 90%=0.7750282883644104, 95%=0.8044298887252808, 98%=0.8044298887252808
ranking_best_algo: CMApara
ranking_best_score: 0.7459277895312499
ranking_my_rank: 9/504 (98.4%)
ranking_my_percent: 98.41269841269842
