ConfigName: kjsd__advperagentrankweighted__M4__L8__eps0p005__g0p0007__ds0p2__dm0p05
Problem: QUBO
Kernel: jsd
Advantage: peragentrankweighted
M: 4
lambda: 8
epsilon_svgd: 0.005
gamma: 0.0007
decay_start_ratio: 0.2
decay_min_factor: 0.05
bandwith_kernel: None
no_interact: False
avg_score: -930.719970703125
median_score: -924.0
std_score: 67.2195053100586
percentiles: 2%=-1072.0, 5%=-1066.0, 10%=-1026.300048828125, 25%=-972.25, 50%=-924.0, 75%=-883.75, 90%=-851.5999755859375, 95%=-837.0, 98%=-805.0
ranking_best_algo: CMApara
ranking_best_score: 964.9
ranking_my_rank: 19/504 (96.4%)
ranking_my_percent: 96.42857142857143
