ConfigName: kjsd__advperagentrankweighted__M5__L8__eps0p005__g0p0007__ds0p05__dm0p05
Problem: QUBO
Kernel: jsd
Advantage: peragentrankweighted
M: 5
lambda: 8
epsilon_svgd: 0.005
gamma: 0.0007
decay_start_ratio: 0.05
decay_min_factor: 0.05
bandwith_kernel: None
no_interact: False
avg_score: -2640.820068359375
median_score: -2631.0
std_score: 117.08546447753906
percentiles: 2%=-2886.300048828125, 5%=-2841.14990234375, 10%=-2804.800048828125, 25%=-2717.25, 50%=-2631.0, 75%=-2566.75, 90%=-2488.0, 95%=-2436.949951171875, 98%=-2412.93994140625
ranking_best_algo: DiscreteLengler2OnePlusOne
ranking_best_score: 2617.04
ranking_my_rank: 1/504 (100.0%)
ranking_my_percent: 100.0
