ConfigName: krbf__advnormalizedfitness__M3__L8__eps0p025__g0p005__ds0p05__dm0p05
Problem: QUBO
Kernel: rbf
Advantage: normalizedfitness
M: 3
lambda: 8
epsilon_svgd: 0.025
gamma: 0.005
decay_start_ratio: 0.05
decay_min_factor: 0.05
bandwith_kernel: None
no_interact: False
avg_score: -138.3800048828125
median_score: -139.0
std_score: 12.340810775756836
percentiles: 2%=-159.0, 5%=-158.0500030517578, 10%=-156.0, 25%=-146.0, 50%=-139.0, 75%=-129.75, 90%=-123.0, 95%=-118.0, 98%=-111.94000244140625
ranking_best_algo: DiscreteDE
ranking_best_score: 143.4
ranking_my_rank: 108/504 (78.8%)
ranking_my_percent: 78.76984126984127
