ConfigName: krbf__advnormalizedfitness__M3__L15__eps0p033__g0p007__ds0p01__dm0p3
Problem: QUBO
Kernel: rbf
Advantage: normalizedfitness
M: 3
lambda: 15
epsilon_svgd: 0.033
gamma: 0.007
decay_start_ratio: 0.01
decay_min_factor: 0.3
bandwith_kernel: None
no_interact: False
avg_score: -147.75999450683594
median_score: -146.5
std_score: 12.019250869750977
percentiles: 2%=-179.0, 5%=-160.9499969482422, 10%=-158.0, 25%=-155.0, 50%=-146.5, 75%=-141.0, 90%=-135.0, 95%=-130.95001220703125, 98%=-116.93998718261719
ranking_best_algo: CMApara
ranking_best_score: 154.28
ranking_my_rank: 93/504 (81.7%)
ranking_my_percent: 81.74603174603175
