ConfigName: krbf__advnormalizedfitness__M4__L15__eps0p015__g0p015__ds0p3__dm0p01
Problem: QUBO
Kernel: rbf
Advantage: normalizedfitness
M: 4
lambda: 15
epsilon_svgd: 0.015
gamma: 0.015
decay_start_ratio: 0.3
decay_min_factor: 0.01
bandwith_kernel: None
no_interact: False
avg_score: -301.6199951171875
median_score: -300.5
std_score: 38.59502029418945
percentiles: 2%=-384.0799865722656, 5%=-358.20001220703125, 10%=-349.3999938964844, 25%=-331.0, 50%=-300.5, 75%=-272.75, 90%=-250.89999389648438, 95%=-246.75003051757812, 98%=-238.9399871826172
ranking_best_algo: CMApara
ranking_best_score: 453.82
ranking_my_rank: 349/504 (31.0%)
ranking_my_percent: 30.952380952380953
