ConfigName: kjsd__advperagentrankweighted__M5__L10__eps0p03__g0p0007__ds0p05__dm0p05
Problem: NK
Kernel: jsd
Advantage: peragentrankweighted
M: 5
lambda: 10
epsilon_svgd: 0.03
gamma: 0.0007
decay_start_ratio: 0.05
decay_min_factor: 0.05
bandwith_kernel: None
no_interact: False
avg_score: 0.7458517551422119
median_score: 0.7451194524765015
std_score: 0.014883346855640411
percentiles: 2%=0.7165095210075378, 5%=0.7228411436080933, 10%=0.7287184000015259, 25%=0.7356247901916504, 50%=0.7451194524765015, 75%=0.755399763584137, 90%=0.7636972665786743, 95%=0.7693846225738525, 98%=0.7778063416481018
ranking_best_algo: Tabu
ranking_best_score: 0.7657846284375001
ranking_my_rank: 42/504 (91.9%)
ranking_my_percent: 91.86507936507937
