ConfigName: krbf__advnormalizedfitness__M4__L8__eps0p025__g0p01__ds0p15__dm0p3
Problem: NK
Kernel: rbf
Advantage: normalizedfitness
M: 4
lambda: 8
epsilon_svgd: 0.025
gamma: 0.01
decay_start_ratio: 0.15
decay_min_factor: 0.3
bandwith_kernel: None
no_interact: False
avg_score: 0.7520316243171692
median_score: 0.7551738619804382
std_score: 0.014857972040772438
percentiles: 2%=0.7243919372558594, 5%=0.7277348637580872, 10%=0.7309030294418335, 25%=0.739175021648407, 50%=0.7551738619804382, 75%=0.7629929780960083, 90%=0.7696155905723572, 95%=0.7716994881629944, 98%=0.7765105366706848
ranking_best_algo: Tabu
ranking_best_score: 0.7657846284375001
ranking_my_rank: 14/504 (97.4%)
ranking_my_percent: 97.42063492063492
