ConfigName: krbf__advnormalizedfitness__M3__L8__eps0p015__g0p015__ds0p3__dm0p01
Problem: NK
Kernel: rbf
Advantage: normalizedfitness
M: 3
lambda: 8
epsilon_svgd: 0.015
gamma: 0.015
decay_start_ratio: 0.3
decay_min_factor: 0.01
bandwith_kernel: None
no_interact: False
avg_score: 0.7007889747619629
median_score: 0.6993759870529175
std_score: 0.015216352418065071
percentiles: 2%=0.6714057922363281, 5%=0.676923930644989, 10%=0.6814244389533997, 25%=0.6905032396316528, 50%=0.6993759870529175, 75%=0.7128609418869019, 90%=0.7189542651176453, 95%=0.7268623113632202, 98%=0.7328316569328308
ranking_best_algo: PBIL
ranking_best_score: 0.733570253046875
ranking_my_rank: 103/504 (79.8%)
ranking_my_percent: 79.76190476190476
