ConfigName: kjsd__advperagentrankweighted__M5__L24__eps0p02__g0p0003__ds0p05__dm0p05
Problem: QUBO
Kernel: jsd
Advantage: peragentrankweighted
M: 5
lambda: 24
epsilon_svgd: 0.02
gamma: 0.0003
decay_start_ratio: 0.05
decay_min_factor: 0.05
bandwith_kernel: None
no_interact: False
avg_score: -1245.760009765625
median_score: -1239.5
std_score: 60.9770622253418
percentiles: 2%=-1381.280029296875, 5%=-1349.550048828125, 10%=-1337.4000244140625, 25%=-1285.25, 50%=-1239.5, 75%=-1203.75, 90%=-1167.300048828125, 95%=-1152.5, 98%=-1138.9000244140625
ranking_best_algo: SVMMetaModelLogNormal
ranking_best_score: 1233.7999999999997
ranking_my_rank: 1/504 (100.0%)
ranking_my_percent: 100.0
