ConfigName: krbf__advnormalizedfitness__M3__L15__eps0p033__g0p005__ds0p01__dm0p01
Problem: QUBO
Kernel: rbf
Advantage: normalizedfitness
M: 3
lambda: 15
epsilon_svgd: 0.033
gamma: 0.005
decay_start_ratio: 0.01
decay_min_factor: 0.01
bandwith_kernel: None
no_interact: False
avg_score: -1284.5
median_score: -1283.5
std_score: 57.914161682128906
percentiles: 2%=-1415.0, 5%=-1387.1500244140625, 10%=-1364.5, 25%=-1320.0, 50%=-1283.5, 75%=-1249.0, 90%=-1205.9000244140625, 95%=-1192.9000244140625, 98%=-1176.7999267578125
ranking_best_algo: BigLognormalDiscreteOnePlusOne
ranking_best_score: 1301.3600000000004
ranking_my_rank: 5/504 (99.2%)
ranking_my_percent: 99.2063492063492
