ConfigName: kjsd__advperagentrankweighted__M5__L12__eps0p02__g0p0003__ds0p05__dm0p05
Problem: NK
Kernel: jsd
Advantage: peragentrankweighted
M: 5
lambda: 12
epsilon_svgd: 0.02
gamma: 0.0003
decay_start_ratio: 0.05
decay_min_factor: 0.05
bandwith_kernel: None
no_interact: False
avg_score: 0.7188728451728821
median_score: 0.7184731364250183
std_score: 0.009219394996762276
percentiles: 2%=0.704721987247467, 5%=0.7065979242324829, 10%=0.7076171040534973, 25%=0.7121574282646179, 50%=0.7184731364250183, 75%=0.7235079407691956, 90%=0.7304879426956177, 95%=0.7369704842567444, 98%=0.7401906251907349
ranking_best_algo: Tabu
ranking_best_score: 0.7429702712499999
ranking_my_rank: 52/504 (89.9%)
ranking_my_percent: 89.88095238095238
