ConfigName: kjsd__advperagentrankweighted__M6__L24__eps0p008__g0p0005__ds0p3__dm0p05
Problem: QUBO
Kernel: jsd
Advantage: peragentrankweighted
M: 6
lambda: 24
epsilon_svgd: 0.008
gamma: 0.0005
decay_start_ratio: 0.3
decay_min_factor: 0.05
bandwith_kernel: None
no_interact: False
avg_score: -149.86000061035156
median_score: -149.0
std_score: 12.750702857971191
percentiles: 2%=-179.0, 5%=-179.0, 10%=-164.0, 25%=-155.5, 50%=-149.0, 75%=-141.0, 90%=-135.0, 95%=-133.8000030517578, 98%=-126.9800033569336
ranking_best_algo: CMApara
ranking_best_score: 154.28
ranking_my_rank: 76/504 (85.1%)
ranking_my_percent: 85.11904761904762
