ConfigName: krbf__advnormalizedfitness__M4__L12__eps0p015__g0p007__ds0p15__dm0p3
Problem: QUBO
Kernel: rbf
Advantage: normalizedfitness
M: 4
lambda: 12
epsilon_svgd: 0.015
gamma: 0.007
decay_start_ratio: 0.15
decay_min_factor: 0.3
bandwith_kernel: None
no_interact: False
avg_score: -295.20001220703125
median_score: -287.0
std_score: 42.138343811035156
percentiles: 2%=-392.1199951171875, 5%=-376.3999938964844, 10%=-349.5999755859375, 25%=-320.0, 50%=-287.0, 75%=-265.0, 90%=-245.89999389648438, 95%=-237.90000915527344, 98%=-232.85997009277344
ranking_best_algo: CMApara
ranking_best_score: 319.29999999999995
ranking_my_rank: 262/504 (48.2%)
ranking_my_percent: 48.214285714285715
