ConfigName: kjsd__advperagentrankweighted__M3__L18__eps0p007__g0p0007__ds0p2__dm0p1
Problem: QUBO
Kernel: jsd
Advantage: peragentrankweighted
M: 3
lambda: 18
epsilon_svgd: 0.007
gamma: 0.0007
decay_start_ratio: 0.2
decay_min_factor: 0.1
bandwith_kernel: None
no_interact: False
avg_score: -1632.3800048828125
median_score: -1632.5
std_score: 57.801002502441406
percentiles: 2%=-1760.0999755859375, 5%=-1718.0999755859375, 10%=-1711.300048828125, 25%=-1666.25, 50%=-1632.5, 75%=-1593.0, 90%=-1568.800048828125, 95%=-1522.8499755859375, 98%=-1517.0
ranking_best_algo: NLOPT_LN_PRAXIS
ranking_best_score: 1607.12
ranking_my_rank: 1/504 (100.0%)
ranking_my_percent: 100.0
