ConfigName: kjsd__advperagentrankweighted__M5__L10__eps0p005__g0p0005__ds0p05__dm0p2
Problem: NK
Kernel: jsd
Advantage: peragentrankweighted
M: 5
lambda: 10
epsilon_svgd: 0.005
gamma: 0.0005
decay_start_ratio: 0.05
decay_min_factor: 0.2
bandwith_kernel: None
no_interact: False
avg_score: 0.7348548173904419
median_score: 0.7370848059654236
std_score: 0.008850404992699623
percentiles: 2%=0.7156662940979004, 5%=0.7179465293884277, 10%=0.7215754985809326, 25%=0.7285925149917603, 50%=0.7370848059654236, 75%=0.7411879897117615, 90%=0.7442783117294312, 95%=0.7465901970863342, 98%=0.7472097873687744
ranking_best_algo: PBIL
ranking_best_score: 0.7248786399609374
ranking_my_rank: 1/504 (100.0%)
ranking_my_percent: 100.0
