ConfigName: kjsd__advperagentrankweighted__M3__L18__eps0p01__g0p003__ds0p2__dm0p1
Problem: QUBO
Kernel: jsd
Advantage: peragentrankweighted
M: 3
lambda: 18
epsilon_svgd: 0.01
gamma: 0.003
decay_start_ratio: 0.2
decay_min_factor: 0.1
bandwith_kernel: None
no_interact: False
avg_score: -139.86000061035156
median_score: -142.5
std_score: 11.358715057373047
percentiles: 2%=-159.02000427246094, 5%=-158.0, 10%=-156.10000610351562, 25%=-146.0, 50%=-142.5, 75%=-132.0, 90%=-126.80000305175781, 95%=-120.94999694824219, 98%=-115.9000015258789
ranking_best_algo: DiscreteDE
ranking_best_score: 143.4
ranking_my_rank: 80/504 (84.3%)
ranking_my_percent: 84.32539682539682
