ConfigName: kjsd__advperagentrankweighted__M3__L16__eps0p005__g0p003__ds0p1__dm0p2
Problem: NK
Kernel: jsd
Advantage: peragentrankweighted
M: 3
lambda: 16
epsilon_svgd: 0.005
gamma: 0.003
decay_start_ratio: 0.1
decay_min_factor: 0.2
bandwith_kernel: None
no_interact: False
avg_score: 0.7370451092720032
median_score: 0.7378496527671814
std_score: 0.019605519250035286
percentiles: 2%=0.6994844079017639, 5%=0.703984260559082, 10%=0.7131844162940979, 25%=0.7215200662612915, 50%=0.7378496527671814, 75%=0.7522301077842712, 90%=0.7629377245903015, 95%=0.7679129838943481, 98%=0.7733650803565979
ranking_best_algo: Tabu
ranking_best_score: 0.7470791764843752
ranking_my_rank: 14/504 (97.4%)
ranking_my_percent: 97.42063492063492
