ConfigName: krbf__advnormalizedfitness__M4__L8__eps0p025__g0p005__ds0p3__dm0p3
Problem: QUBO
Kernel: rbf
Advantage: normalizedfitness
M: 4
lambda: 8
epsilon_svgd: 0.025
gamma: 0.005
decay_start_ratio: 0.3
decay_min_factor: 0.3
bandwith_kernel: None
no_interact: False
avg_score: -930.4199829101562
median_score: -924.5
std_score: 66.7224349975586
percentiles: 2%=-1065.1400146484375, 5%=-1050.4000244140625, 10%=-1025.0, 25%=-971.25, 50%=-924.5, 75%=-882.5, 90%=-844.7999877929688, 95%=-816.7000122070312, 98%=-807.97998046875
ranking_best_algo: CMApara
ranking_best_score: 964.9
ranking_my_rank: 19/504 (96.4%)
ranking_my_percent: 96.42857142857143
