ConfigName: krbf__advnormalizedfitness__M4__L12__eps0p015__g0p015__ds0p15__dm0p01
Problem: QUBO
Kernel: rbf
Advantage: normalizedfitness
M: 4
lambda: 12
epsilon_svgd: 0.015
gamma: 0.015
decay_start_ratio: 0.15
decay_min_factor: 0.01
bandwith_kernel: None
no_interact: False
avg_score: -1354.300048828125
median_score: -1323.0
std_score: 173.1131134033203
percentiles: 2%=-1761.3399658203125, 5%=-1661.449951171875, 10%=-1570.0999755859375, 25%=-1467.5, 50%=-1323.0, 75%=-1225.75, 90%=-1140.699951171875, 95%=-1109.5, 98%=-1095.4798583984375
ranking_best_algo: RLSOnePlusOne
ranking_best_score: 3316.5199999999995
ranking_my_rank: 374/504 (26.0%)
ranking_my_percent: 25.99206349206349
