ConfigName: krbf__advnormalizedfitness__M3__L10__eps0p03__g0p01__ds0p15__dm0p05
Problem: QUBO
Kernel: rbf
Advantage: normalizedfitness
M: 3
lambda: 10
epsilon_svgd: 0.03
gamma: 0.01
decay_start_ratio: 0.15
decay_min_factor: 0.05
bandwith_kernel: None
no_interact: False
avg_score: -202.25999450683594
median_score: -204.0
std_score: 13.238292694091797
percentiles: 2%=-224.0, 5%=-224.0, 10%=-220.10000610351562, 25%=-211.0, 50%=-204.0, 75%=-191.0, 90%=-182.89999389648438, 95%=-179.9499969482422, 98%=-176.0
ranking_best_algo: Tabu
ranking_best_score: 208.36000000000004
ranking_my_rank: 35/504 (93.3%)
ranking_my_percent: 93.25396825396825
