ConfigName: kjsd__advperagentrankweighted__M4__L20__eps0p005__g0p001__ds0p05__dm0p05
Problem: QUBO
Kernel: jsd
Advantage: peragentrankweighted
M: 4
lambda: 20
epsilon_svgd: 0.005
gamma: 0.001
decay_start_ratio: 0.05
decay_min_factor: 0.05
bandwith_kernel: None
no_interact: False
avg_score: -2478.800048828125
median_score: -2486.5
std_score: 152.31887817382812
percentiles: 2%=-2766.5400390625, 5%=-2709.85009765625, 10%=-2651.60009765625, 25%=-2589.0, 50%=-2486.5, 75%=-2373.5, 90%=-2288.0, 95%=-2223.699951171875, 98%=-2199.0400390625
ranking_best_algo: SVM1MetaModelLogNormal
ranking_best_score: 2605.14
ranking_my_rank: 77/504 (84.9%)
ranking_my_percent: 84.92063492063492
