ConfigName: krbf__advnormalizedfitness__M4__L12__eps0p033__g0p015__ds0p3__dm0p3
Problem: NK
Kernel: rbf
Advantage: normalizedfitness
M: 4
lambda: 12
epsilon_svgd: 0.033
gamma: 0.015
decay_start_ratio: 0.3
decay_min_factor: 0.3
bandwith_kernel: None
no_interact: False
avg_score: 0.7409496903419495
median_score: 0.7401606440544128
std_score: 0.030120113864541054
percentiles: 2%=0.6911832690238953, 5%=0.7008230090141296, 10%=0.7037542462348938, 25%=0.7129778861999512, 50%=0.7401606440544128, 75%=0.7574813961982727, 90%=0.7763834595680237, 95%=0.8044298887252808, 98%=0.8044298887252808
ranking_best_algo: CMApara
ranking_best_score: 0.7459277895312499
ranking_my_rank: 37/504 (92.9%)
ranking_my_percent: 92.85714285714286
