ConfigName: kfr__advglobalrankweighted__M1__L10__eps0p015__g0p003__ds0p01__dm0p01
Problem: QUBO
Kernel: fr
Advantage: globalrankweighted
M: 1
lambda: 10
epsilon_svgd: 0.015
gamma: 0.003
decay_start_ratio: 0.01
decay_min_factor: 0.01
bandwith_kernel: None
no_interact: False
avg_score: -416.4200134277344
median_score: -416.5
std_score: 30.884031295776367
percentiles: 2%=-479.0400085449219, 5%=-468.1499938964844, 10%=-455.5, 25%=-437.5, 50%=-416.5, 75%=-393.75, 90%=-374.0, 95%=-372.95001220703125, 98%=-353.91998291015625
ranking_best_algo: CMApara
ranking_best_score: 453.82
ranking_my_rank: 187/504 (63.1%)
ranking_my_percent: 63.095238095238095
