ConfigName: kjsd__advperagentrankweighted__M6__L8__eps0p03__g0p0007__ds0p2__dm0p05
Problem: NK
Kernel: jsd
Advantage: peragentrankweighted
M: 6
lambda: 8
epsilon_svgd: 0.03
gamma: 0.0007
decay_start_ratio: 0.2
decay_min_factor: 0.05
bandwith_kernel: None
no_interact: False
avg_score: 0.7107023596763611
median_score: 0.6994725465774536
std_score: 0.03153263404965401
percentiles: 2%=0.6735712289810181, 5%=0.6744175553321838, 10%=0.6765052080154419, 25%=0.6820045709609985, 50%=0.6994725465774536, 75%=0.7455553412437439, 90%=0.7535533308982849, 95%=0.7613165378570557, 98%=0.7613165378570557
ranking_best_algo: CMApara
ranking_best_score: 0.7118996098437498
ranking_my_rank: 14/504 (97.4%)
ranking_my_percent: 97.42063492063492
