ConfigName: kjsd__advperagentrankweighted__M4__L12__eps0p005__g0p001__ds0p05__dm0p05
Problem: QUBO
Kernel: jsd
Advantage: peragentrankweighted
M: 4
lambda: 12
epsilon_svgd: 0.005
gamma: 0.001
decay_start_ratio: 0.05
decay_min_factor: 0.05
bandwith_kernel: None
no_interact: False
avg_score: -2571.5400390625
median_score: -2565.0
std_score: 136.52072143554688
percentiles: 2%=-2829.10009765625, 5%=-2807.25, 10%=-2763.300048828125, 25%=-2669.75, 50%=-2565.0, 75%=-2461.25, 90%=-2398.5, 95%=-2370.0, 98%=-2362.860107421875
ranking_best_algo: SVM1MetaModelLogNormal
ranking_best_score: 2605.14
ranking_my_rank: 14/504 (97.4%)
ranking_my_percent: 97.42063492063492
