ConfigName: krbf__advnormalizedfitness__M4__L8__eps0p033__g0p005__ds0p01__dm0p01
Problem: NK
Kernel: rbf
Advantage: normalizedfitness
M: 4
lambda: 8
epsilon_svgd: 0.033
gamma: 0.005
decay_start_ratio: 0.01
decay_min_factor: 0.01
bandwith_kernel: None
no_interact: False
avg_score: 0.7449395060539246
median_score: 0.7413315773010254
std_score: 0.027474267408251762
percentiles: 2%=0.7009973526000977, 5%=0.7087005972862244, 10%=0.7146220803260803, 25%=0.7263287901878357, 50%=0.7413315773010254, 75%=0.7581432461738586, 90%=0.7759715914726257, 95%=0.8047558069229126, 98%=0.8117834329605103
ranking_best_algo: CMApara
ranking_best_score: 0.7459277895312499
ranking_my_rank: 2/504 (99.8%)
ranking_my_percent: 99.8015873015873
