ConfigName: kfr__advglobalrankweighted__M4__L9__eps0p01__g0p005__ds0p01__dm0p01
Problem: QUBO
Kernel: fr
Advantage: globalrankweighted
M: 4
lambda: 9
epsilon_svgd: 0.01
gamma: 0.005
decay_start_ratio: 0.01
decay_min_factor: 0.01
bandwith_kernel: None
no_interact: False
avg_score: -895.52001953125
median_score: -890.0
std_score: 57.253379821777344
percentiles: 2%=-991.0399780273438, 5%=-983.0999755859375, 10%=-975.0999755859375, 25%=-941.25, 50%=-890.0, 75%=-855.75, 90%=-819.9000244140625, 95%=-809.8499755859375, 98%=-786.5999755859375
ranking_best_algo: CMAL3
ranking_best_score: 928.5800000000002
ranking_my_rank: 84/504 (83.5%)
ranking_my_percent: 83.53174603174604
