ConfigName: kjsd__advperagentrankweighted__M3__L30__eps0p007__g0p001__ds0p1__dm0p2
Problem: NK
Kernel: jsd
Advantage: peragentrankweighted
M: 3
lambda: 30
epsilon_svgd: 0.007
gamma: 0.001
decay_start_ratio: 0.1
decay_min_factor: 0.2
bandwith_kernel: None
no_interact: False
avg_score: 0.7104917168617249
median_score: 0.7110377550125122
std_score: 0.015348407439887524
percentiles: 2%=0.6713926196098328, 5%=0.6728483438491821, 10%=0.6958905458450317, 25%=0.7075947523117065, 50%=0.7110377550125122, 75%=0.7185029983520508, 90%=0.7255265116691589, 95%=0.7327409982681274, 98%=0.7331420183181763
ranking_best_algo: CMApara
ranking_best_score: 0.707475975
ranking_my_rank: 1/504 (100.0%)
ranking_my_percent: 100.0
