ConfigName: kjsd__advperagentrankweighted__M3__L30__eps0p005__g0p0005__ds0p1__dm0p2
Problem: QUBO
Kernel: jsd
Advantage: peragentrankweighted
M: 3
lambda: 30
epsilon_svgd: 0.005
gamma: 0.0005
decay_start_ratio: 0.1
decay_min_factor: 0.2
bandwith_kernel: None
no_interact: False
avg_score: -1305.8599853515625
median_score: -1302.5
std_score: 54.317222595214844
percentiles: 2%=-1399.06005859375, 5%=-1388.300048828125, 10%=-1376.300048828125, 25%=-1345.5, 50%=-1302.5, 75%=-1261.0, 90%=-1240.800048828125, 95%=-1231.1500244140625, 98%=-1202.9200439453125
ranking_best_algo: BigLognormalDiscreteOnePlusOne
ranking_best_score: 1301.3600000000004
ranking_my_rank: 1/504 (100.0%)
ranking_my_percent: 100.0
