ConfigName: kjsd__advperagentrankweighted__M4__L10__eps0p005__g0p0005__ds0p4__dm0p05
Problem: NK
Kernel: jsd
Advantage: peragentrankweighted
M: 4
lambda: 10
epsilon_svgd: 0.005
gamma: 0.0005
decay_start_ratio: 0.4
decay_min_factor: 0.05
bandwith_kernel: None
no_interact: False
avg_score: 0.7418267726898193
median_score: 0.7414183616638184
std_score: 0.01273933332413435
percentiles: 2%=0.7192088961601257, 5%=0.7212110757827759, 10%=0.7246371507644653, 25%=0.7339674234390259, 50%=0.7414183616638184, 75%=0.7497570514678955, 90%=0.7588648200035095, 95%=0.7643322944641113, 98%=0.7650900483131409
ranking_best_algo: Tabu
ranking_best_score: 0.7601875690625
ranking_my_rank: 12/504 (97.8%)
ranking_my_percent: 97.81746031746032
