ConfigName: kjsd__advperagentrankweighted__M3__L16__eps0p007__g0p003__ds0p05__dm0p2
Problem: NK
Kernel: jsd
Advantage: peragentrankweighted
M: 3
lambda: 16
epsilon_svgd: 0.007
gamma: 0.003
decay_start_ratio: 0.05
decay_min_factor: 0.2
bandwith_kernel: None
no_interact: False
avg_score: 0.6286234855651855
median_score: 0.6252497434616089
std_score: 0.019367700442671776
percentiles: 2%=0.59834223985672, 5%=0.6021600365638733, 10%=0.6063814163208008, 25%=0.616508424282074, 50%=0.6252497434616089, 75%=0.638399600982666, 90%=0.6541944146156311, 95%=0.6618120074272156, 98%=0.6819970607757568
ranking_best_algo: PBIL
ranking_best_score: 0.7170882103515624
ranking_my_rank: 306/504 (39.5%)
ranking_my_percent: 39.48412698412698
