ConfigName: kjsd__advperagentrankweighted__M5__L12__eps0p02__g0p0003__ds0p2__dm0p05
Problem: QUBO
Kernel: jsd
Advantage: peragentrankweighted
M: 5
lambda: 12
epsilon_svgd: 0.02
gamma: 0.0003
decay_start_ratio: 0.2
decay_min_factor: 0.05
bandwith_kernel: None
no_interact: False
avg_score: -572.3200073242188
median_score: -571.5
std_score: 25.111305236816406
percentiles: 2%=-629.0, 5%=-611.3499755859375, 10%=-603.0, 25%=-591.0, 50%=-571.5, 75%=-553.0, 90%=-543.9000244140625, 95%=-536.0, 98%=-516.9400024414062
ranking_best_algo: Tabu
ranking_best_score: 588.7199999999999
ranking_my_rank: 62/503 (87.9%)
ranking_my_percent: 87.8727634194831
