ConfigName: krbf__advnormalizedfitness__M3__L8__eps0p033__g0p01__ds0p3__dm0p01
Problem: QUBO
Kernel: rbf
Advantage: normalizedfitness
M: 3
lambda: 8
epsilon_svgd: 0.033
gamma: 0.01
decay_start_ratio: 0.3
decay_min_factor: 0.01
bandwith_kernel: None
no_interact: False
avg_score: -1284.699951171875
median_score: -1290.5
std_score: 57.88410949707031
percentiles: 2%=-1417.0799560546875, 5%=-1381.300048828125, 10%=-1359.0999755859375, 25%=-1317.25, 50%=-1290.5, 75%=-1245.25, 90%=-1218.5999755859375, 95%=-1187.8499755859375, 98%=-1176.599853515625
ranking_best_algo: BigLognormalDiscreteOnePlusOne
ranking_best_score: 1301.3600000000004
ranking_my_rank: 5/504 (99.2%)
ranking_my_percent: 99.2063492063492
