ConfigName: kjsd__advperagentrankweighted__M4__L24__eps0p02__g0p0003__ds0p05__dm0p05
Problem: QUBO
Kernel: jsd
Advantage: peragentrankweighted
M: 4
lambda: 24
epsilon_svgd: 0.02
gamma: 0.0003
decay_start_ratio: 0.05
decay_min_factor: 0.05
bandwith_kernel: None
no_interact: False
avg_score: -1615.3199462890625
median_score: -1607.0
std_score: 59.97163772583008
percentiles: 2%=-1762.0, 5%=-1744.6500244140625, 10%=-1691.4000244140625, 25%=-1649.0, 50%=-1607.0, 75%=-1572.5, 90%=-1543.0, 95%=-1531.0, 98%=-1526.8399658203125
ranking_best_algo: NLOPT_LN_PRAXIS
ranking_best_score: 1607.12
ranking_my_rank: 1/504 (100.0%)
ranking_my_percent: 100.0
