ConfigName: kjsd__advperagentrankweighted__M3__L16__eps0p007__g0p003__ds0p1__dm0p2
Problem: QUBO
Kernel: jsd
Advantage: peragentrankweighted
M: 3
lambda: 16
epsilon_svgd: 0.007
gamma: 0.003
decay_start_ratio: 0.1
decay_min_factor: 0.2
bandwith_kernel: None
no_interact: False
avg_score: -421.79998779296875
median_score: -423.5
std_score: 26.636064529418945
percentiles: 2%=-479.0, 5%=-467.1000061035156, 10%=-457.0, 25%=-438.25, 50%=-423.5, 75%=-401.75, 90%=-388.70001220703125, 95%=-376.95001220703125, 98%=-369.8599853515625
ranking_best_algo: CMAL3
ranking_best_score: 435.36
ranking_my_rank: 47/504 (90.9%)
ranking_my_percent: 90.87301587301587
