ConfigName: kjsd__advperagentrankweighted__M5__L10__eps0p01__g0p0007__ds0p4__dm0p2
Problem: QUBO
Kernel: jsd
Advantage: peragentrankweighted
M: 5
lambda: 10
epsilon_svgd: 0.01
gamma: 0.0007
decay_start_ratio: 0.4
decay_min_factor: 0.2
bandwith_kernel: None
no_interact: False
avg_score: -201.60000610351562
median_score: -203.0
std_score: 13.233292579650879
percentiles: 2%=-224.0, 5%=-224.0, 10%=-220.10000610351562, 25%=-209.25, 50%=-203.0, 75%=-192.0, 90%=-183.89999389648438, 95%=-178.9499969482422, 98%=-172.94000244140625
ranking_best_algo: Tabu
ranking_best_score: 208.36000000000004
ranking_my_rank: 39/504 (92.5%)
ranking_my_percent: 92.46031746031746
