ConfigName: krbf__advnormalizedfitness__M5__L8__eps0p025__g0p01__ds0p05__dm0p05
Problem: NK
Kernel: rbf
Advantage: normalizedfitness
M: 5
lambda: 8
epsilon_svgd: 0.025
gamma: 0.01
decay_start_ratio: 0.05
decay_min_factor: 0.05
bandwith_kernel: None
no_interact: False
avg_score: 0.7128759026527405
median_score: 0.713271975517273
std_score: 0.02099800668656826
percentiles: 2%=0.6741361021995544, 5%=0.6807997822761536, 10%=0.6840096712112427, 25%=0.6970870494842529, 50%=0.713271975517273, 75%=0.7265444993972778, 90%=0.7394238710403442, 95%=0.748024046421051, 98%=0.7520216703414917
ranking_best_algo: Tabu
ranking_best_score: 0.7601875690625
ranking_my_rank: 246/504 (51.4%)
ranking_my_percent: 51.388888888888886
