ConfigName: kjsd__advperagentrankweighted__M3__L20__eps0p005__g0p0007__ds0p05__dm0p1
Problem: QUBO
Kernel: jsd
Advantage: peragentrankweighted
M: 3
lambda: 20
epsilon_svgd: 0.005
gamma: 0.0007
decay_start_ratio: 0.05
decay_min_factor: 0.1
bandwith_kernel: None
no_interact: False
avg_score: -1240.1199951171875
median_score: -1232.0
std_score: 65.5585708618164
percentiles: 2%=-1428.1199951171875, 5%=-1359.300048828125, 10%=-1309.300048828125, 25%=-1278.5, 50%=-1232.0, 75%=-1197.0, 90%=-1150.5999755859375, 95%=-1131.9000244140625, 98%=-1125.0
ranking_best_algo: SVMMetaModelLogNormal
ranking_best_score: 1233.7999999999997
ranking_my_rank: 1/504 (100.0%)
ranking_my_percent: 100.0
