ConfigName: krbf__advnormalizedfitness__M3__L15__eps0p033__g0p01__ds0p3__dm0p3
Problem: QUBO
Kernel: rbf
Advantage: normalizedfitness
M: 3
lambda: 15
epsilon_svgd: 0.033
gamma: 0.01
decay_start_ratio: 0.3
decay_min_factor: 0.3
bandwith_kernel: None
no_interact: False
avg_score: -1130.97998046875
median_score: -1116.5
std_score: 77.82402801513672
percentiles: 2%=-1302.06005859375, 5%=-1258.3499755859375, 10%=-1239.300048828125, 25%=-1187.0, 50%=-1116.5, 75%=-1076.0, 90%=-1040.9000244140625, 95%=-1003.9000244140625, 98%=-988.7799682617188
ranking_best_algo: Tabu
ranking_best_score: 1216.16
ranking_my_rank: 156/504 (69.2%)
ranking_my_percent: 69.24603174603175
