ConfigName: kjsd__advperagentrankweighted__M3__L18__eps0p007__g0p001__ds0p1__dm0p2
Problem: QUBO
Kernel: jsd
Advantage: peragentrankweighted
M: 3
lambda: 18
epsilon_svgd: 0.007
gamma: 0.001
decay_start_ratio: 0.1
decay_min_factor: 0.2
bandwith_kernel: None
no_interact: False
avg_score: -928.9199829101562
median_score: -923.5
std_score: 62.53841781616211
percentiles: 2%=-1050.0799560546875, 5%=-1036.5999755859375, 10%=-1011.2000122070312, 25%=-967.25, 50%=-923.5, 75%=-886.0, 90%=-851.0, 95%=-828.7999877929688, 98%=-818.3599853515625
ranking_best_algo: CMApara
ranking_best_score: 964.9
ranking_my_rank: 21/504 (96.0%)
ranking_my_percent: 96.03174603174604
