ConfigName: kjsd__advperagentrankweighted__M4__L8__eps0p005__g0p0007__ds0p2__dm0p05
Problem: QUBO
Kernel: jsd
Advantage: peragentrankweighted
M: 4
lambda: 8
epsilon_svgd: 0.005
gamma: 0.0007
decay_start_ratio: 0.2
decay_min_factor: 0.05
bandwith_kernel: None
no_interact: False
avg_score: -914.0399780273438
median_score: -908.0
std_score: 66.06737518310547
percentiles: 2%=-1036.0799560546875, 5%=-1022.0499877929688, 10%=-1009.2000122070312, 25%=-964.5, 50%=-908.0, 75%=-871.0, 90%=-835.0, 95%=-816.7000122070312, 98%=-789.9600219726562
ranking_best_algo: CMAL3
ranking_best_score: 928.5800000000002
ranking_my_rank: 17/504 (96.8%)
ranking_my_percent: 96.82539682539682
