ConfigName: kjsd__advperagentrankweighted__M3__L20__eps0p007__g0p003__ds0p05__dm0p05
Problem: QUBO
Kernel: jsd
Advantage: peragentrankweighted
M: 3
lambda: 20
epsilon_svgd: 0.007
gamma: 0.003
decay_start_ratio: 0.05
decay_min_factor: 0.05
bandwith_kernel: None
no_interact: False
avg_score: -138.36000061035156
median_score: -139.0
std_score: 12.44951343536377
percentiles: 2%=-159.02000427246094, 5%=-158.0, 10%=-158.0, 25%=-146.25, 50%=-139.0, 75%=-128.5, 90%=-123.0, 95%=-118.9000015258789, 98%=-116.91999816894531
ranking_best_algo: DiscreteDE
ranking_best_score: 143.4
ranking_my_rank: 108/504 (78.8%)
ranking_my_percent: 78.76984126984127
