ConfigName: kjsd__advperagentrankweighted__M5__L8__eps0p01__g0p003__ds0p05__dm0p2
Problem: QUBO
Kernel: jsd
Advantage: peragentrankweighted
M: 5
lambda: 8
epsilon_svgd: 0.01
gamma: 0.003
decay_start_ratio: 0.05
decay_min_factor: 0.2
bandwith_kernel: None
no_interact: False
avg_score: -332.5799865722656
median_score: -339.5
std_score: 18.194053649902344
percentiles: 2%=-370.0400085449219, 5%=-354.3500061035156, 10%=-350.0, 25%=-343.0, 50%=-339.5, 75%=-324.0, 90%=-308.0, 95%=-297.79998779296875, 98%=-287.8800048828125
ranking_best_algo: CMApara
ranking_best_score: 344.22
ranking_my_rank: 70/504 (86.3%)
ranking_my_percent: 86.30952380952381
