ConfigName: krbf__advnormalizedfitness__M3__L10__eps0p025__g0p01__ds0p01__dm0p3
Problem: QUBO
Kernel: rbf
Advantage: normalizedfitness
M: 3
lambda: 10
epsilon_svgd: 0.025
gamma: 0.01
decay_start_ratio: 0.01
decay_min_factor: 0.3
bandwith_kernel: None
no_interact: False
avg_score: -414.1400146484375
median_score: -414.5
std_score: 26.794410705566406
percentiles: 2%=-473.0400085449219, 5%=-455.6000061035156, 10%=-450.0, 25%=-430.0, 50%=-414.5, 75%=-396.0, 90%=-381.6000061035156, 95%=-369.8000183105469, 98%=-361.75994873046875
ranking_best_algo: Tabu
ranking_best_score: 438.12
ranking_my_rank: 57/504 (88.9%)
ranking_my_percent: 88.88888888888889
