ConfigName: krbf__advnormalizedfitness__M3__L12__eps0p033__g0p005__ds0p3__dm0p01
Problem: QUBO
Kernel: rbf
Advantage: normalizedfitness
M: 3
lambda: 12
epsilon_svgd: 0.033
gamma: 0.005
decay_start_ratio: 0.3
decay_min_factor: 0.01
bandwith_kernel: None
no_interact: False
avg_score: -580.6400146484375
median_score: -577.5
std_score: 28.65641975402832
percentiles: 2%=-638.219970703125, 5%=-634.0999755859375, 10%=-621.4000244140625, 25%=-599.25, 50%=-577.5, 75%=-560.0, 90%=-544.9000244140625, 95%=-539.0, 98%=-530.9599609375
ranking_best_algo: Tabu
ranking_best_score: 588.7199999999999
ranking_my_rank: 37/503 (92.8%)
ranking_my_percent: 92.84294234592446
