ConfigName: krbf__advnormalizedfitness__M3__L12__eps0p033__g0p01__ds0p01__dm0p3
Problem: QUBO
Kernel: rbf
Advantage: normalizedfitness
M: 3
lambda: 12
epsilon_svgd: 0.033
gamma: 0.01
decay_start_ratio: 0.01
decay_min_factor: 0.3
bandwith_kernel: None
no_interact: False
avg_score: -2380.739990234375
median_score: -2393.0
std_score: 166.19606018066406
percentiles: 2%=-2683.080078125, 5%=-2654.300048828125, 10%=-2613.10009765625, 25%=-2490.75, 50%=-2393.0, 75%=-2260.25, 90%=-2162.60009765625, 95%=-2106.699951171875, 98%=-2075.8798828125
ranking_best_algo: SVM1MetaModelLogNormal
ranking_best_score: 2605.14
ranking_my_rank: 132/504 (74.0%)
ranking_my_percent: 74.0079365079365
