ConfigName: kjsd__advperagentrankweighted__M10__L12__eps0p008__g0p0005__ds0p05__dm0p05
Problem: QUBO
Kernel: jsd
Advantage: peragentrankweighted
M: 10
lambda: 12
epsilon_svgd: 0.008
gamma: 0.0005
decay_start_ratio: 0.05
decay_min_factor: 0.05
bandwith_kernel: None
no_interact: False
avg_score: -906.8599853515625
median_score: -900.5
std_score: 69.26991271972656
percentiles: 2%=-1040.239990234375, 5%=-1017.2000122070312, 10%=-997.5999755859375, 25%=-965.5, 50%=-900.5, 75%=-851.0, 90%=-820.7999877929688, 95%=-798.7999877929688, 98%=-789.9000244140625
ranking_best_algo: CMAL3
ranking_best_score: 928.5800000000002
ranking_my_rank: 56/504 (89.1%)
ranking_my_percent: 89.08730158730158
