ConfigName: krbf__advnormalizedfitness__M3__L10__eps0p025__g0p007__ds0p01__dm0p3
Problem: QUBO
Kernel: rbf
Advantage: normalizedfitness
M: 3
lambda: 10
epsilon_svgd: 0.025
gamma: 0.007
decay_start_ratio: 0.01
decay_min_factor: 0.3
bandwith_kernel: None
no_interact: False
avg_score: -1183.3800048828125
median_score: -1181.5
std_score: 66.09050750732422
percentiles: 2%=-1349.1199951171875, 5%=-1299.0999755859375, 10%=-1282.0999755859375, 25%=-1216.25, 50%=-1181.5, 75%=-1139.75, 90%=-1108.0, 95%=-1099.9000244140625, 98%=-1071.1397705078125
ranking_best_algo: Tabu
ranking_best_score: 1216.16
ranking_my_rank: 65/504 (87.3%)
ranking_my_percent: 87.3015873015873
