ConfigName: krbf__advnormalizedfitness__M2__L8__eps0p033__g0p015__ds0p01__dm0p01
Problem: QUBO
Kernel: rbf
Advantage: normalizedfitness
M: 2
lambda: 8
epsilon_svgd: 0.033
gamma: 0.015
decay_start_ratio: 0.01
decay_min_factor: 0.01
bandwith_kernel: None
no_interact: False
avg_score: -2563.89990234375
median_score: -2556.5
std_score: 103.19685363769531
percentiles: 2%=-2758.02001953125, 5%=-2736.449951171875, 10%=-2706.10009765625, 25%=-2629.5, 50%=-2556.5, 75%=-2496.0, 90%=-2435.39990234375, 95%=-2418.0, 98%=-2321.679931640625
ranking_best_algo: SVM1MetaModelLogNormal
ranking_best_score: 2605.14
ranking_my_rank: 39/504 (92.5%)
ranking_my_percent: 92.46031746031746
