ConfigName: kjsd__advperagentrankweighted__M4__L8__eps0p005__g0p0007__ds0p4__dm0p05
Problem: NK
Kernel: jsd
Advantage: peragentrankweighted
M: 4
lambda: 8
epsilon_svgd: 0.005
gamma: 0.0007
decay_start_ratio: 0.4
decay_min_factor: 0.05
bandwith_kernel: None
no_interact: False
avg_score: 0.7154895663261414
median_score: 0.7147663831710815
std_score: 0.007851636037230492
percentiles: 2%=0.7023283243179321, 5%=0.7045779228210449, 10%=0.7068408727645874, 25%=0.7097834944725037, 50%=0.7147663831710815, 75%=0.7207679748535156, 90%=0.7272003293037415, 95%=0.7297952771186829, 98%=0.7341088056564331
ranking_best_algo: PBIL
ranking_best_score: 0.7170882103515624
ranking_my_rank: 39/504 (92.5%)
ranking_my_percent: 92.46031746031746
