ConfigName: krbf__advnormalizedfitness__M4__L8__eps0p015__g0p015__ds0p15__dm0p01
Problem: NK
Kernel: rbf
Advantage: normalizedfitness
M: 4
lambda: 8
epsilon_svgd: 0.015
gamma: 0.015
decay_start_ratio: 0.15
decay_min_factor: 0.01
bandwith_kernel: None
no_interact: False
avg_score: 0.7441757917404175
median_score: 0.7446787357330322
std_score: 0.015471924096345901
percentiles: 2%=0.7121995091438293, 5%=0.7152929902076721, 10%=0.7231142520904541, 25%=0.7340573668479919, 50%=0.7446787357330322, 75%=0.7551496028900146, 90%=0.763896107673645, 95%=0.7658321857452393, 98%=0.7706502079963684
ranking_best_algo: Tabu
ranking_best_score: 0.7657846284375001
ranking_my_rank: 52/504 (89.9%)
ranking_my_percent: 89.88095238095238
