ConfigName: krbf__advnormalizedfitness__M4__L10__eps0p033__g0p005__ds0p3__dm0p01
Problem: NK
Kernel: rbf
Advantage: normalizedfitness
M: 4
lambda: 10
epsilon_svgd: 0.033
gamma: 0.005
decay_start_ratio: 0.3
decay_min_factor: 0.01
bandwith_kernel: None
no_interact: False
avg_score: 0.6802935600280762
median_score: 0.6749128103256226
std_score: 0.019243448972702026
percentiles: 2%=0.6536808013916016, 5%=0.6565485596656799, 10%=0.6604012846946716, 25%=0.666999340057373, 50%=0.6749128103256226, 75%=0.6899390816688538, 90%=0.7058510780334473, 95%=0.7177960276603699, 98%=0.7272331714630127
ranking_best_algo: PBIL
ranking_best_score: 0.7170882103515624
ranking_my_rank: 163/504 (67.9%)
ranking_my_percent: 67.85714285714286
