ConfigName: kfr__advglobalrankweighted__M5__L8__eps0p02__g0p003__ds0p01__dm0p01
Problem: QUBO
Kernel: fr
Advantage: globalrankweighted
M: 5
lambda: 8
epsilon_svgd: 0.02
gamma: 0.003
decay_start_ratio: 0.01
decay_min_factor: 0.01
bandwith_kernel: None
no_interact: False
avg_score: -427.8999938964844
median_score: -427.5
std_score: 25.891891479492188
percentiles: 2%=-479.0400085449219, 5%=-475.1000061035156, 10%=-459.20001220703125, 25%=-445.5, 50%=-427.5, 75%=-409.0, 90%=-395.4000244140625, 95%=-382.0, 98%=-380.94000244140625
ranking_best_algo: CMAL3
ranking_best_score: 435.36
ranking_my_rank: 16/504 (97.0%)
ranking_my_percent: 97.02380952380952
