ConfigName: kjsd__advperagentrankweighted__M6__L20__eps0p005__g0p0005__ds0p1__dm0p2
Problem: NK
Kernel: jsd
Advantage: peragentrankweighted
M: 6
lambda: 20
epsilon_svgd: 0.005
gamma: 0.0005
decay_start_ratio: 0.1
decay_min_factor: 0.2
bandwith_kernel: None
no_interact: False
avg_score: 0.7340566515922546
median_score: 0.7334726452827454
std_score: 0.015143861062824726
percentiles: 2%=0.7009583711624146, 5%=0.71295565366745, 10%=0.7193396687507629, 25%=0.7236285209655762, 50%=0.7334726452827454, 75%=0.7448209524154663, 90%=0.754953145980835, 95%=0.7572346925735474, 98%=0.7656760215759277
ranking_best_algo: Tabu
ranking_best_score: 0.7601875690625
ranking_my_rank: 32/504 (93.8%)
ranking_my_percent: 93.84920634920636
