ConfigName: kjsd__advperagentrankweighted__M4__L24__eps0p005__g0p0005__ds0p05__dm0p05
Problem: NK
Kernel: jsd
Advantage: peragentrankweighted
M: 4
lambda: 24
epsilon_svgd: 0.005
gamma: 0.0005
decay_start_ratio: 0.05
decay_min_factor: 0.05
bandwith_kernel: None
no_interact: False
avg_score: 0.707920253276825
median_score: 0.7110220193862915
std_score: 0.011852537281811237
percentiles: 2%=0.6890473961830139, 5%=0.689744770526886, 10%=0.6923654675483704, 25%=0.6966381669044495, 50%=0.7110220193862915, 75%=0.7184808850288391, 90%=0.7218581438064575, 95%=0.7245733737945557, 98%=0.7248769402503967
ranking_best_algo: PBIL
ranking_best_score: 0.7013553837109374
ranking_my_rank: 1/504 (100.0%)
ranking_my_percent: 100.0
