ConfigName: kfr__advglobalrankweighted__M1__L9__eps0p02__g0p005__ds0p01__dm0p01
Problem: QUBO
Kernel: fr
Advantage: globalrankweighted
M: 1
lambda: 9
epsilon_svgd: 0.02
gamma: 0.005
decay_start_ratio: 0.01
decay_min_factor: 0.01
bandwith_kernel: None
no_interact: False
avg_score: -2531.280029296875
median_score: -2532.0
std_score: 136.8773193359375
percentiles: 2%=-2796.300048828125, 5%=-2773.10009765625, 10%=-2718.300048828125, 25%=-2611.0, 50%=-2532.0, 75%=-2435.25, 90%=-2366.5, 95%=-2315.800048828125, 98%=-2297.2998046875
ranking_best_algo: DiscreteLengler2OnePlusOne
ranking_best_score: 2617.04
ranking_my_rank: 59/504 (88.5%)
ranking_my_percent: 88.4920634920635
