ConfigName: krbf__advnormalizedfitness__M4__L10__eps0p015__g0p01__ds0p01__dm0p3
Problem: QUBO
Kernel: rbf
Advantage: normalizedfitness
M: 4
lambda: 10
epsilon_svgd: 0.015
gamma: 0.01
decay_start_ratio: 0.01
decay_min_factor: 0.3
bandwith_kernel: None
no_interact: False
avg_score: -728.6199951171875
median_score: -730.0
std_score: 75.85615539550781
percentiles: 2%=-878.219970703125, 5%=-872.0999755859375, 10%=-837.9000244140625, 25%=-768.5, 50%=-730.0, 75%=-677.75, 90%=-630.2000122070312, 95%=-615.9500122070312, 98%=-594.679931640625
ranking_best_algo: SVMMetaModelLogNormal
ranking_best_score: 1233.7999999999997
ranking_my_rank: 332/504 (34.3%)
ranking_my_percent: 34.32539682539682
