ConfigName: krbf__advnormalizedfitness__M4__L10__eps0p025__g0p015__ds0p3__dm0p01
Problem: QUBO
Kernel: rbf
Advantage: normalizedfitness
M: 4
lambda: 10
epsilon_svgd: 0.025
gamma: 0.015
decay_start_ratio: 0.3
decay_min_factor: 0.01
bandwith_kernel: None
no_interact: False
avg_score: -139.97999572753906
median_score: -141.5
std_score: 10.276166915893555
percentiles: 2%=-158.0, 5%=-158.0, 10%=-153.10000610351562, 25%=-146.0, 50%=-141.5, 75%=-131.75, 90%=-125.0, 95%=-124.95000457763672, 98%=-120.95999145507812
ranking_best_algo: DiscreteDE
ranking_best_score: 143.4
ranking_my_rank: 80/504 (84.3%)
ranking_my_percent: 84.32539682539682
