ConfigName: krbf__advnormalizedfitness__M3__L10__eps0p015__g0p005__ds0p3__dm0p3
Problem: QUBO
Kernel: rbf
Advantage: normalizedfitness
M: 3
lambda: 10
epsilon_svgd: 0.015
gamma: 0.005
decay_start_ratio: 0.3
decay_min_factor: 0.3
bandwith_kernel: None
no_interact: False
avg_score: -1150.5999755859375
median_score: -1154.5
std_score: 82.75638580322266
percentiles: 2%=-1295.1800537109375, 5%=-1285.050048828125, 10%=-1259.0999755859375, 25%=-1205.75, 50%=-1154.5, 75%=-1085.0, 90%=-1028.4000244140625, 95%=-1018.7000122070312, 98%=-995.7399291992188
ranking_best_algo: SVMMetaModelLogNormal
ranking_best_score: 1233.7999999999997
ranking_my_rank: 93/504 (81.7%)
ranking_my_percent: 81.74603174603175
