ConfigName: kjsd__advperagentrankweighted__M4__L24__eps0p01__g0p0003__ds0p2__dm0p05
Problem: QUBO
Kernel: jsd
Advantage: peragentrankweighted
M: 4
lambda: 24
epsilon_svgd: 0.01
gamma: 0.0003
decay_start_ratio: 0.2
decay_min_factor: 0.05
bandwith_kernel: None
no_interact: False
avg_score: -440.3399963378906
median_score: -440.5
std_score: 26.93110466003418
percentiles: 2%=-496.0400085449219, 5%=-478.1499938964844, 10%=-473.0, 25%=-459.25, 50%=-440.5, 75%=-420.75, 90%=-404.0, 95%=-396.8500061035156, 98%=-383.8999938964844
ranking_best_algo: CMApara
ranking_best_score: 453.82
ranking_my_rank: 15/504 (97.2%)
ranking_my_percent: 97.22222222222223
