ConfigName: kjsd__advperagentrankweighted__M4__L10__eps0p005__g0p0003__ds0p05__dm0p05
Problem: NK
Kernel: jsd
Advantage: peragentrankweighted
M: 4
lambda: 10
epsilon_svgd: 0.005
gamma: 0.0003
decay_start_ratio: 0.05
decay_min_factor: 0.05
bandwith_kernel: None
no_interact: False
avg_score: 0.7089852690696716
median_score: 0.7108705639839172
std_score: 0.015595737844705582
percentiles: 2%=0.6693811416625977, 5%=0.670272171497345, 10%=0.695604681968689, 25%=0.7049601078033447, 50%=0.7108705639839172, 75%=0.7172365784645081, 90%=0.7251700162887573, 95%=0.7309589982032776, 98%=0.7325230240821838
ranking_best_algo: CMApara
ranking_best_score: 0.707475975
ranking_my_rank: 1/504 (100.0%)
ranking_my_percent: 100.0
