ConfigName: krbf__advnormalizedfitness__M3__L12__eps0p033__g0p005__ds0p3__dm0p3
Problem: QUBO
Kernel: rbf
Advantage: normalizedfitness
M: 3
lambda: 12
epsilon_svgd: 0.033
gamma: 0.005
decay_start_ratio: 0.3
decay_min_factor: 0.3
bandwith_kernel: None
no_interact: False
avg_score: -2520.39990234375
median_score: -2505.0
std_score: 134.18434143066406
percentiles: 2%=-2792.06005859375, 5%=-2758.550048828125, 10%=-2714.39990234375, 25%=-2641.75, 50%=-2505.0, 75%=-2414.25, 90%=-2376.60009765625, 95%=-2324.2001953125, 98%=-2302.719970703125
ranking_best_algo: SVM1MetaModelLogNormal
ranking_best_score: 2605.14
ranking_my_rank: 59/504 (88.5%)
ranking_my_percent: 88.4920634920635
