ConfigName: kjsd__advperagentrankweighted__M3__L24__eps0p007__g0p0005__ds0p05__dm0p05
Problem: QUBO
Kernel: jsd
Advantage: peragentrankweighted
M: 3
lambda: 24
epsilon_svgd: 0.007
gamma: 0.0005
decay_start_ratio: 0.05
decay_min_factor: 0.05
bandwith_kernel: None
no_interact: False
avg_score: -1245.1400146484375
median_score: -1240.5
std_score: 54.41985321044922
percentiles: 2%=-1345.02001953125, 5%=-1337.25, 10%=-1321.0, 25%=-1279.25, 50%=-1240.5, 75%=-1208.0, 90%=-1173.0, 95%=-1164.5, 98%=-1137.8399658203125
ranking_best_algo: SVMMetaModelLogNormal
ranking_best_score: 1233.7999999999997
ranking_my_rank: 1/504 (100.0%)
ranking_my_percent: 100.0
