ConfigName: kjsd__advperagentrankweighted__M3__L18__eps0p007__g0p001__ds0p2__dm0p2
Problem: NK
Kernel: jsd
Advantage: peragentrankweighted
M: 3
lambda: 18
epsilon_svgd: 0.007
gamma: 0.001
decay_start_ratio: 0.2
decay_min_factor: 0.2
bandwith_kernel: None
no_interact: False
avg_score: 0.7429324984550476
median_score: 0.7400257587432861
std_score: 0.028842002153396606
percentiles: 2%=0.6955835223197937, 5%=0.7039048671722412, 10%=0.7103800773620605, 25%=0.7256415486335754, 50%=0.7400257587432861, 75%=0.7570176720619202, 90%=0.773736298084259, 95%=0.8047558665275574, 98%=0.8118547797203064
ranking_best_algo: CMApara
ranking_best_score: 0.7459277895312499
ranking_my_rank: 14/504 (97.4%)
ranking_my_percent: 97.42063492063492
