ConfigName: kjsd__advperagentrankweighted__M3__L20__eps0p005__g0p0007__ds0p1__dm0p1
Problem: QUBO
Kernel: jsd
Advantage: peragentrankweighted
M: 3
lambda: 20
epsilon_svgd: 0.005
gamma: 0.0007
decay_start_ratio: 0.1
decay_min_factor: 0.1
bandwith_kernel: None
no_interact: False
avg_score: -438.0799865722656
median_score: -434.5
std_score: 24.654281616210938
percentiles: 2%=-487.1000061035156, 5%=-481.1000061035156, 10%=-472.0, 25%=-456.25, 50%=-434.5, 75%=-422.0, 90%=-408.8999938964844, 95%=-398.95001220703125, 98%=-395.79998779296875
ranking_best_algo: CMApara
ranking_best_score: 453.82
ranking_my_rank: 21/504 (96.0%)
ranking_my_percent: 96.03174603174604
