ConfigName: kjsd__advperagentrankweighted__M3__L18__eps0p01__g0p0007__ds0p2__dm0p05
Problem: QUBO
Kernel: jsd
Advantage: peragentrankweighted
M: 3
lambda: 18
epsilon_svgd: 0.01
gamma: 0.0007
decay_start_ratio: 0.2
decay_min_factor: 0.05
bandwith_kernel: None
no_interact: False
avg_score: -3308.52001953125
median_score: -3296.5
std_score: 99.75354766845703
percentiles: 2%=-3509.699951171875, 5%=-3490.14990234375, 10%=-3438.199951171875, 25%=-3372.5, 50%=-3296.5, 75%=-3244.75, 90%=-3207.699951171875, 95%=-3145.89990234375, 98%=-3124.300048828125
ranking_best_algo: RLSOnePlusOne
ranking_best_score: 3316.5199999999995
ranking_my_rank: 2/504 (99.8%)
ranking_my_percent: 99.8015873015873
