ConfigName: kjsd__advperagentrankweighted__M3__L18__eps0p01__g0p0005__ds0p05__dm0p1
Problem: QUBO
Kernel: jsd
Advantage: peragentrankweighted
M: 3
lambda: 18
epsilon_svgd: 0.01
gamma: 0.0005
decay_start_ratio: 0.05
decay_min_factor: 0.1
bandwith_kernel: None
no_interact: False
avg_score: -920.1199951171875
median_score: -919.0
std_score: 59.21693420410156
percentiles: 2%=-1065.219970703125, 5%=-1020.25, 10%=-1005.0999755859375, 25%=-951.5, 50%=-919.0, 75%=-882.75, 90%=-851.7999877929688, 95%=-824.5, 98%=-808.7999877929688
ranking_best_algo: CMApara
ranking_best_score: 964.9
ranking_my_rank: 61/504 (88.1%)
ranking_my_percent: 88.0952380952381
