ConfigName: krbf__advnormalizedfitness__M3__L10__eps0p015__g0p01__ds0p3__dm0p3
Problem: QUBO
Kernel: rbf
Advantage: normalizedfitness
M: 3
lambda: 10
epsilon_svgd: 0.015
gamma: 0.01
decay_start_ratio: 0.3
decay_min_factor: 0.3
bandwith_kernel: None
no_interact: False
avg_score: -197.0399932861328
median_score: -197.5
std_score: 12.918142318725586
percentiles: 2%=-224.0, 5%=-221.0500030517578, 10%=-215.0, 25%=-204.25, 50%=-197.5, 75%=-187.75, 90%=-181.89999389648438, 95%=-176.95001220703125, 98%=-171.8999786376953
ranking_best_algo: Tabu
ranking_best_score: 208.36000000000004
ranking_my_rank: 127/504 (75.0%)
ranking_my_percent: 75.0
