ConfigName: krbf__advnormalizedfitness__M4__L8__eps0p025__g0p005__ds0p15__dm0p3
Problem: NK
Kernel: rbf
Advantage: normalizedfitness
M: 4
lambda: 8
epsilon_svgd: 0.025
gamma: 0.005
decay_start_ratio: 0.15
decay_min_factor: 0.3
bandwith_kernel: None
no_interact: False
avg_score: 0.7067902088165283
median_score: 0.7091681957244873
std_score: 0.011971589177846909
percentiles: 2%=0.6881787180900574, 5%=0.6890557408332825, 10%=0.6917635798454285, 25%=0.6950977444648743, 50%=0.7091681957244873, 75%=0.716424286365509, 90%=0.7217841744422913, 95%=0.7239249348640442, 98%=0.724818229675293
ranking_best_algo: PBIL
ranking_best_score: 0.7013553837109374
ranking_my_rank: 1/504 (100.0%)
ranking_my_percent: 100.0
