ConfigName: kjsd__advperagentrankweighted__M4__L24__eps0p03__g0p0003__ds0p2__dm0p05
Problem: NK
Kernel: jsd
Advantage: peragentrankweighted
M: 4
lambda: 24
epsilon_svgd: 0.03
gamma: 0.0003
decay_start_ratio: 0.2
decay_min_factor: 0.05
bandwith_kernel: None
no_interact: False
avg_score: 0.731293797492981
median_score: 0.7324112057685852
std_score: 0.010538817383348942
percentiles: 2%=0.709125816822052, 5%=0.7126104831695557, 10%=0.7154855132102966, 25%=0.7242612242698669, 50%=0.7324112057685852, 75%=0.7388479113578796, 90%=0.7432907819747925, 95%=0.7461863160133362, 98%=0.7504807710647583
ranking_best_algo: PBIL
ranking_best_score: 0.730509098125
ranking_my_rank: 1/504 (100.0%)
ranking_my_percent: 100.0
