ConfigName: kjsd__advperagentrankweighted__M3__L30__eps0p005__g0p0005__ds0p1__dm0p1
Problem: NK
Kernel: jsd
Advantage: peragentrankweighted
M: 3
lambda: 30
epsilon_svgd: 0.005
gamma: 0.0005
decay_start_ratio: 0.1
decay_min_factor: 0.1
bandwith_kernel: None
no_interact: False
avg_score: 0.7584993243217468
median_score: 0.7589694261550903
std_score: 0.012863187119364738
percentiles: 2%=0.7363709807395935, 5%=0.7382271885871887, 10%=0.7405137419700623, 25%=0.7491503357887268, 50%=0.7589694261550903, 75%=0.7687134742736816, 90%=0.7752169966697693, 95%=0.7787386178970337, 98%=0.782368540763855
ranking_best_algo: Tabu
ranking_best_score: 0.7470791764843752
ranking_my_rank: 1/504 (100.0%)
ranking_my_percent: 100.0
