ConfigName: kjsd__advperagentrankweighted__M5__L8__eps0p01__g0p003__ds0p05__dm0p05
Problem: NK
Kernel: jsd
Advantage: peragentrankweighted
M: 5
lambda: 8
epsilon_svgd: 0.01
gamma: 0.003
decay_start_ratio: 0.05
decay_min_factor: 0.05
bandwith_kernel: None
no_interact: False
avg_score: 0.7596617937088013
median_score: 0.7614877820014954
std_score: 0.013816305436193943
percentiles: 2%=0.7296705842018127, 5%=0.7350448369979858, 10%=0.7401000261306763, 25%=0.7505248188972473, 50%=0.7614877820014954, 75%=0.7694196105003357, 90%=0.776313066482544, 95%=0.7810160517692566, 98%=0.78304123878479
ranking_best_algo: Tabu
ranking_best_score: 0.7470791764843752
ranking_my_rank: 1/504 (100.0%)
ranking_my_percent: 100.0
