ConfigName: kjsd__advperagentrankweighted__M6__L8__eps0p03__g0p0007__ds0p05__dm0p05
Problem: NK
Kernel: jsd
Advantage: peragentrankweighted
M: 6
lambda: 8
epsilon_svgd: 0.03
gamma: 0.0007
decay_start_ratio: 0.05
decay_min_factor: 0.05
bandwith_kernel: None
no_interact: False
avg_score: 0.71075040102005
median_score: 0.70106041431427
std_score: 0.0316377729177475
percentiles: 2%=0.6733205914497375, 5%=0.6745548844337463, 10%=0.6757414937019348, 25%=0.6835996508598328, 50%=0.70106041431427, 75%=0.7450265288352966, 90%=0.7532666921615601, 95%=0.7613165378570557, 98%=0.7613165378570557
ranking_best_algo: CMApara
ranking_best_score: 0.7118996098437498
ranking_my_rank: 13/504 (97.6%)
ranking_my_percent: 97.61904761904762
