ConfigName: kjsd__advperagentrankweighted__M3__L24__eps0p007__g0p0005__ds0p2__dm0p1
Problem: QUBO
Kernel: jsd
Advantage: peragentrankweighted
M: 3
lambda: 24
epsilon_svgd: 0.007
gamma: 0.0005
decay_start_ratio: 0.2
decay_min_factor: 0.1
bandwith_kernel: None
no_interact: False
avg_score: -425.55999755859375
median_score: -427.5
std_score: 25.753568649291992
percentiles: 2%=-475.0400085449219, 5%=-467.1000061035156, 10%=-461.0, 25%=-442.25, 50%=-427.5, 75%=-406.5, 90%=-391.0, 95%=-385.8500061035156, 98%=-378.94000244140625
ranking_best_algo: CMAL3
ranking_best_score: 435.36
ranking_my_rank: 27/504 (94.8%)
ranking_my_percent: 94.84126984126983
