ConfigName: kjsd__advperagentrankweighted__M3__L18__eps0p007__g0p003__ds0p1__dm0p2
Problem: QUBO
Kernel: jsd
Advantage: peragentrankweighted
M: 3
lambda: 18
epsilon_svgd: 0.007
gamma: 0.003
decay_start_ratio: 0.1
decay_min_factor: 0.2
bandwith_kernel: None
no_interact: False
avg_score: -1086.1800537109375
median_score: -1074.0
std_score: 84.62639617919922
percentiles: 2%=-1269.3399658203125, 5%=-1206.4000244140625, 10%=-1185.199951171875, 25%=-1144.75, 50%=-1074.0, 75%=-1037.5, 90%=-986.5, 95%=-941.7000122070312, 98%=-924.6400146484375
ranking_best_algo: SVMMetaModelLogNormal
ranking_best_score: 1233.7999999999997
ranking_my_rank: 171/504 (66.3%)
ranking_my_percent: 66.26984126984127
