ConfigName: kjsd__advperagentrankweighted__M10__L10__eps0p008__g0p0005__ds0p05__dm0p05
Problem: NK
Kernel: jsd
Advantage: peragentrankweighted
M: 10
lambda: 10
epsilon_svgd: 0.008
gamma: 0.0005
decay_start_ratio: 0.05
decay_min_factor: 0.05
bandwith_kernel: None
no_interact: False
avg_score: 0.6507821083068848
median_score: 0.6499099731445312
std_score: 0.010040044784545898
percentiles: 2%=0.6333043575286865, 5%=0.636383056640625, 10%=0.6396372318267822, 25%=0.6443448662757874, 50%=0.6499099731445312, 75%=0.6551038026809692, 90%=0.6651900410652161, 95%=0.6690320372581482, 98%=0.673773467540741
ranking_best_algo: PBIL
ranking_best_score: 0.7170882103515624
ranking_my_rank: 288/504 (43.1%)
ranking_my_percent: 43.05555555555556
