ConfigName: kjsd__advperagentrankweighted__M3__L16__eps0p01__g0p001__ds0p05__dm0p05
Problem: QUBO
Kernel: jsd
Advantage: peragentrankweighted
M: 3
lambda: 16
epsilon_svgd: 0.01
gamma: 0.001
decay_start_ratio: 0.05
decay_min_factor: 0.05
bandwith_kernel: None
no_interact: False
avg_score: -1313.5799560546875
median_score: -1311.0
std_score: 56.92243576049805
percentiles: 2%=-1411.1600341796875, 5%=-1405.0, 10%=-1394.199951171875, 25%=-1357.0, 50%=-1311.0, 75%=-1274.75, 90%=-1239.0, 95%=-1232.9000244140625, 98%=-1198.6400146484375
ranking_best_algo: BigLognormalDiscreteOnePlusOne
ranking_best_score: 1301.3600000000004
ranking_my_rank: 1/504 (100.0%)
ranking_my_percent: 100.0
