ConfigName: krbf__advnormalizedfitness__M4__L8__eps0p025__g0p007__ds0p15__dm0p01
Problem: NK
Kernel: rbf
Advantage: normalizedfitness
M: 4
lambda: 8
epsilon_svgd: 0.025
gamma: 0.007
decay_start_ratio: 0.15
decay_min_factor: 0.01
bandwith_kernel: None
no_interact: False
avg_score: 0.7173583507537842
median_score: 0.7161206007003784
std_score: 0.013012215495109558
percentiles: 2%=0.689464807510376, 5%=0.6978726983070374, 10%=0.7034088373184204, 25%=0.7093037962913513, 50%=0.7161206007003784, 75%=0.7251080274581909, 90%=0.7348316311836243, 95%=0.7397658228874207, 98%=0.7458106875419617
ranking_best_algo: Tabu
ranking_best_score: 0.7429702712499999
ranking_my_rank: 64/504 (87.5%)
ranking_my_percent: 87.5
