ConfigName: kjsd__advperagentrankweighted__M3__L18__eps0p007__g0p003__ds0p1__dm0p2
Problem: QUBO
Kernel: jsd
Advantage: peragentrankweighted
M: 3
lambda: 18
epsilon_svgd: 0.007
gamma: 0.003
decay_start_ratio: 0.1
decay_min_factor: 0.2
bandwith_kernel: None
no_interact: False
avg_score: -2934.0
median_score: -2921.5
std_score: 232.18605041503906
percentiles: 2%=-3404.43994140625, 5%=-3331.89990234375, 10%=-3209.89990234375, 25%=-3104.25, 50%=-2921.5, 75%=-2769.25, 90%=-2645.39990234375, 95%=-2572.39990234375, 98%=-2540.60009765625
ranking_best_algo: RLSOnePlusOne
ranking_best_score: 3316.5199999999995
ranking_my_rank: 140/504 (72.4%)
ranking_my_percent: 72.42063492063492
