ConfigName: kjsd__advperagentrankweighted__M3__L16__eps0p01__g0p001__ds0p1__dm0p1
Problem: QUBO
Kernel: jsd
Advantage: peragentrankweighted
M: 3
lambda: 16
epsilon_svgd: 0.01
gamma: 0.001
decay_start_ratio: 0.1
decay_min_factor: 0.1
bandwith_kernel: None
no_interact: False
avg_score: -147.6999969482422
median_score: -146.0
std_score: 13.589334487915039
percentiles: 2%=-179.0, 5%=-179.0, 10%=-160.0, 25%=-155.0, 50%=-146.0, 75%=-140.0, 90%=-133.0, 95%=-131.0, 98%=-115.86000061035156
ranking_best_algo: CMApara
ranking_best_score: 154.28
ranking_my_rank: 93/504 (81.7%)
ranking_my_percent: 81.74603174603175
