ConfigName: krbf__advnormalizedfitness__M3__L15__eps0p03__g0p01__ds0p15__dm0p05
Problem: NK
Kernel: rbf
Advantage: normalizedfitness
M: 3
lambda: 15
epsilon_svgd: 0.03
gamma: 0.01
decay_start_ratio: 0.15
decay_min_factor: 0.05
bandwith_kernel: None
no_interact: False
avg_score: 0.6946830749511719
median_score: 0.6966235637664795
std_score: 0.01970902644097805
percentiles: 2%=0.6541696786880493, 5%=0.6607569456100464, 10%=0.6687382459640503, 25%=0.6813254952430725, 50%=0.6966235637664795, 75%=0.7082531452178955, 90%=0.720309317111969, 95%=0.72487872838974, 98%=0.7277694344520569
ranking_best_algo: Tabu
ranking_best_score: 0.7429702712499999
ranking_my_rank: 230/504 (54.6%)
ranking_my_percent: 54.56349206349206
