ConfigName: krbf__advnormalizedfitness__M3__L10__eps0p025__g0p01__ds0p15__dm0p3
Problem: QUBO
Kernel: rbf
Advantage: normalizedfitness
M: 3
lambda: 10
epsilon_svgd: 0.025
gamma: 0.01
decay_start_ratio: 0.15
decay_min_factor: 0.3
bandwith_kernel: None
no_interact: False
avg_score: -1170.3199462890625
median_score: -1170.5
std_score: 65.2824478149414
percentiles: 2%=-1327.199951171875, 5%=-1281.699951171875, 10%=-1261.5999755859375, 25%=-1207.25, 50%=-1170.5, 75%=-1121.25, 90%=-1089.0, 95%=-1074.0, 98%=-1064.8599853515625
ranking_best_algo: Tabu
ranking_best_score: 1216.16
ranking_my_rank: 91/504 (82.1%)
ranking_my_percent: 82.14285714285714
