ConfigName: krbf__advnormalizedfitness__M2__L6__eps0p01__g0p015__ds0p01__dm0p3
Problem: QUBO
Kernel: rbf
Advantage: normalizedfitness
M: 2
lambda: 6
epsilon_svgd: 0.01
gamma: 0.015
decay_start_ratio: 0.01
decay_min_factor: 0.3
bandwith_kernel: None
no_interact: False
avg_score: -423.5
median_score: -422.5
std_score: 27.690250396728516
percentiles: 2%=-477.0400085449219, 5%=-473.1000061035156, 10%=-465.0, 25%=-441.0, 50%=-422.5, 75%=-404.0, 90%=-388.8999938964844, 95%=-380.8500061035156, 98%=-368.8799743652344
ranking_best_algo: CMAL3
ranking_best_score: 435.36
ranking_my_rank: 32/504 (93.8%)
ranking_my_percent: 93.84920634920636
