ConfigName: krbf__advnormalizedfitness__M4__L15__eps0p025__g0p015__ds0p15__dm0p01
Problem: NK
Kernel: rbf
Advantage: normalizedfitness
M: 4
lambda: 15
epsilon_svgd: 0.025
gamma: 0.015
decay_start_ratio: 0.15
decay_min_factor: 0.01
bandwith_kernel: None
no_interact: False
avg_score: 0.7071658968925476
median_score: 0.706299901008606
std_score: 0.018447842448949814
percentiles: 2%=0.6691036224365234, 5%=0.6816191673278809, 10%=0.6866776347160339, 25%=0.6930634379386902, 50%=0.706299901008606, 75%=0.722192645072937, 90%=0.7305657863616943, 95%=0.7340739965438843, 98%=0.7460143566131592
ranking_best_algo: Tabu
ranking_best_score: 0.7470791764843752
ranking_my_rank: 250/504 (50.6%)
ranking_my_percent: 50.595238095238095
