ConfigName: kfr__advglobalrankweighted__M6__L11__eps0p02__g0p003__ds0p01__dm0p01
Problem: QUBO
Kernel: fr
Advantage: globalrankweighted
M: 6
lambda: 11
epsilon_svgd: 0.02
gamma: 0.003
decay_start_ratio: 0.01
decay_min_factor: 0.01
bandwith_kernel: None
no_interact: False
avg_score: -140.24000549316406
median_score: -141.0
std_score: 10.769512176513672
percentiles: 2%=-159.0, 5%=-158.0, 10%=-155.10000610351562, 25%=-147.0, 50%=-141.0, 75%=-132.0, 90%=-127.0, 95%=-120.90000915527344, 98%=-118.91998291015625
ranking_best_algo: DiscreteDE
ranking_best_score: 143.4
ranking_my_rank: 78/504 (84.7%)
ranking_my_percent: 84.72222222222223
