ConfigName: krbf__advnormalizedfitness__M2__L8__eps0p015__g0p005__ds0p3__dm0p01
Problem: QUBO
Kernel: rbf
Advantage: normalizedfitness
M: 2
lambda: 8
epsilon_svgd: 0.015
gamma: 0.005
decay_start_ratio: 0.3
decay_min_factor: 0.01
bandwith_kernel: None
no_interact: False
avg_score: -323.1000061035156
median_score: -326.0
std_score: 24.43992805480957
percentiles: 2%=-372.0, 5%=-357.0, 10%=-350.0, 25%=-340.0, 50%=-326.0, 75%=-304.0, 90%=-291.8999938964844, 95%=-285.8999938964844, 98%=-279.7200012207031
ranking_best_algo: CMApara
ranking_best_score: 344.22
ranking_my_rank: 135/504 (73.4%)
ranking_my_percent: 73.41269841269842
