ConfigName: krbf__advnormalizedfitness__M3__L15__eps0p033__g0p005__ds0p01__dm0p3
Problem: QUBO
Kernel: rbf
Advantage: normalizedfitness
M: 3
lambda: 15
epsilon_svgd: 0.033
gamma: 0.005
decay_start_ratio: 0.01
decay_min_factor: 0.3
bandwith_kernel: None
no_interact: False
avg_score: -437.70001220703125
median_score: -440.0
std_score: 27.015365600585938
percentiles: 2%=-484.0199890136719, 5%=-479.1000061035156, 10%=-472.1000061035156, 25%=-455.0, 50%=-440.0, 75%=-421.0, 90%=-400.0, 95%=-388.9000244140625, 98%=-379.8599853515625
ranking_best_algo: CMApara
ranking_best_score: 453.82
ranking_my_rank: 28/504 (94.6%)
ranking_my_percent: 94.64285714285714
