ConfigName: kjsd__advperagentrankweighted__M3__L30__eps0p005__g0p0005__ds0p2__dm0p1
Problem: QUBO
Kernel: jsd
Advantage: peragentrankweighted
M: 3
lambda: 30
epsilon_svgd: 0.005
gamma: 0.0005
decay_start_ratio: 0.2
decay_min_factor: 0.1
bandwith_kernel: None
no_interact: False
avg_score: -410.9800109863281
median_score: -411.0
std_score: 29.85028648376465
percentiles: 2%=-473.0, 5%=-457.29998779296875, 10%=-447.5, 25%=-430.0, 50%=-411.0, 75%=-390.0, 90%=-374.0, 95%=-367.79998779296875, 98%=-348.0
ranking_best_algo: Tabu
ranking_best_score: 438.12
ranking_my_rank: 80/504 (84.3%)
ranking_my_percent: 84.32539682539682
