ConfigName: kjsd__advperagentrankweighted__M3__L18__eps0p007__g0p0007__ds0p1__dm0p2
Problem: QUBO
Kernel: jsd
Advantage: peragentrankweighted
M: 3
lambda: 18
epsilon_svgd: 0.007
gamma: 0.0007
decay_start_ratio: 0.1
decay_min_factor: 0.2
bandwith_kernel: None
no_interact: False
avg_score: -1619.4599609375
median_score: -1619.0
std_score: 64.87440490722656
percentiles: 2%=-1758.0400390625, 5%=-1744.300048828125, 10%=-1714.300048828125, 25%=-1663.25, 50%=-1619.0, 75%=-1569.75, 90%=-1539.0, 95%=-1532.9000244140625, 98%=-1512.9200439453125
ranking_best_algo: NLOPT_LN_PRAXIS
ranking_best_score: 1607.12
ranking_my_rank: 1/504 (100.0%)
ranking_my_percent: 100.0
