ConfigName: kjsd__advperagentrankweighted__M3__L18__eps0p005__g0p003__ds0p1__dm0p1
Problem: QUBO
Kernel: jsd
Advantage: peragentrankweighted
M: 3
lambda: 18
epsilon_svgd: 0.005
gamma: 0.003
decay_start_ratio: 0.1
decay_min_factor: 0.1
bandwith_kernel: None
no_interact: False
avg_score: -1037.5
median_score: -1040.0
std_score: 75.83699798583984
percentiles: 2%=-1189.43994140625, 5%=-1157.199951171875, 10%=-1138.4000244140625, 25%=-1087.25, 50%=-1040.0, 75%=-980.5, 90%=-933.7999877929688, 95%=-912.7999877929688, 98%=-898.780029296875
ranking_best_algo: SVMMetaModelLogNormal
ranking_best_score: 1233.7999999999997
ranking_my_rank: 205/504 (59.5%)
ranking_my_percent: 59.523809523809526
