ConfigName: kjsd__advperagentrankweighted__M4__L24__eps0p03__g0p0005__ds0p2__dm0p05
Problem: NK
Kernel: jsd
Advantage: peragentrankweighted
M: 4
lambda: 24
epsilon_svgd: 0.03
gamma: 0.0005
decay_start_ratio: 0.2
decay_min_factor: 0.05
bandwith_kernel: None
no_interact: False
avg_score: 0.7084581255912781
median_score: 0.7100337147712708
std_score: 0.01563495211303234
percentiles: 2%=0.6687412858009338, 5%=0.6695918440818787, 10%=0.6946382522583008, 25%=0.7054957151412964, 50%=0.7100337147712708, 75%=0.7165771722793579, 90%=0.7252389788627625, 95%=0.7314260005950928, 98%=0.7322990894317627
ranking_best_algo: CMApara
ranking_best_score: 0.707475975
ranking_my_rank: 1/504 (100.0%)
ranking_my_percent: 100.0
