ConfigName: kjsd__advperagentrankweighted__M4__L20__eps0p005__g0p0005__ds0p1__dm0p05
Problem: QUBO
Kernel: jsd
Advantage: peragentrankweighted
M: 4
lambda: 20
epsilon_svgd: 0.005
gamma: 0.0005
decay_start_ratio: 0.1
decay_min_factor: 0.05
bandwith_kernel: None
no_interact: False
avg_score: -2586.840087890625
median_score: -2597.0
std_score: 131.06370544433594
percentiles: 2%=-2861.93994140625, 5%=-2776.60009765625, 10%=-2731.10009765625, 25%=-2677.5, 50%=-2597.0, 75%=-2486.0, 90%=-2413.89990234375, 95%=-2369.449951171875, 98%=-2337.679931640625
ranking_best_algo: SVM1MetaModelLogNormal
ranking_best_score: 2605.14
ranking_my_rank: 12/504 (97.8%)
ranking_my_percent: 97.81746031746032
