ConfigName: kjsd__advperagentrankweighted__M4__L10__eps0p03__g0p0007__ds0p05__dm0p05
Problem: QUBO
Kernel: jsd
Advantage: peragentrankweighted
M: 4
lambda: 10
epsilon_svgd: 0.03
gamma: 0.0007
decay_start_ratio: 0.05
decay_min_factor: 0.05
bandwith_kernel: None
no_interact: False
avg_score: -407.8800048828125
median_score: -404.0
std_score: 27.04414176940918
percentiles: 2%=-473.0400085449219, 5%=-454.1499938964844, 10%=-440.70001220703125, 25%=-428.25, 50%=-404.0, 75%=-386.0, 90%=-378.0, 95%=-371.6000061035156, 98%=-359.9599914550781
ranking_best_algo: Tabu
ranking_best_score: 438.12
ranking_my_rank: 154/504 (69.6%)
ranking_my_percent: 69.64285714285714
