ConfigName: kjsd__advperagentrankweighted__M3__L16__eps0p007__g0p001__ds0p05__dm0p2
Problem: NK
Kernel: jsd
Advantage: peragentrankweighted
M: 3
lambda: 16
epsilon_svgd: 0.007
gamma: 0.001
decay_start_ratio: 0.05
decay_min_factor: 0.2
bandwith_kernel: None
no_interact: False
avg_score: 0.7318946719169617
median_score: 0.7309705018997192
std_score: 0.008916717022657394
percentiles: 2%=0.71608567237854, 5%=0.7189281582832336, 10%=0.7210109233856201, 25%=0.7254421710968018, 50%=0.7309705018997192, 75%=0.7376810908317566, 90%=0.7427645921707153, 95%=0.7474687695503235, 98%=0.749187707901001
ranking_best_algo: Tabu
ranking_best_score: 0.7429702712499999
ranking_my_rank: 2/504 (99.8%)
ranking_my_percent: 99.8015873015873
