ConfigName: krbf__advnormalizedfitness__M3__L12__eps0p025__g0p007__ds0p3__dm0p3
Problem: QUBO
Kernel: rbf
Advantage: normalizedfitness
M: 3
lambda: 12
epsilon_svgd: 0.025
gamma: 0.007
decay_start_ratio: 0.3
decay_min_factor: 0.3
bandwith_kernel: None
no_interact: False
avg_score: -3014.159912109375
median_score: -2992.0
std_score: 202.79795837402344
percentiles: 2%=-3431.4599609375, 5%=-3375.050048828125, 10%=-3295.89990234375, 25%=-3153.75, 50%=-2992.0, 75%=-2860.0, 90%=-2781.60009765625, 95%=-2692.900146484375, 98%=-2659.679931640625
ranking_best_algo: RLSOnePlusOne
ranking_best_score: 3316.5199999999995
ranking_my_rank: 129/504 (74.6%)
ranking_my_percent: 74.60317460317461
