ConfigName: kfr__advglobalrankweighted__M4__L5__eps0p05__g0p007__ds0p01__dm0p01
Problem: QUBO
Kernel: fr
Advantage: globalrankweighted
M: 4
lambda: 5
epsilon_svgd: 0.05
gamma: 0.007
decay_start_ratio: 0.01
decay_min_factor: 0.01
bandwith_kernel: None
no_interact: False
avg_score: -912.47998046875
median_score: -910.0
std_score: 66.28838348388672
percentiles: 2%=-1060.0400390625, 5%=-1024.0999755859375, 10%=-1015.0, 25%=-960.25, 50%=-910.0, 75%=-872.0, 90%=-828.7000122070312, 95%=-806.7000122070312, 98%=-790.8800048828125
ranking_best_algo: CMAL3
ranking_best_score: 928.5800000000002
ranking_my_rank: 20/504 (96.2%)
ranking_my_percent: 96.23015873015873
