ConfigName: krbf__advnormalizedfitness__M1__L8__eps0p033__g0p015__ds0p3__dm0p3
Problem: QUBO
Kernel: rbf
Advantage: normalizedfitness
M: 1
lambda: 8
epsilon_svgd: 0.033
gamma: 0.015
decay_start_ratio: 0.3
decay_min_factor: 0.3
bandwith_kernel: None
no_interact: False
avg_score: -315.32000732421875
median_score: -316.5
std_score: 24.24577522277832
percentiles: 2%=-372.0, 5%=-350.0, 10%=-342.0, 25%=-330.75, 50%=-316.5, 75%=-301.5, 90%=-285.70001220703125, 95%=-279.9000244140625, 98%=-266.0
ranking_best_algo: CMApara
ranking_best_score: 344.22
ranking_my_rank: 204/504 (59.7%)
ranking_my_percent: 59.72222222222222
