ConfigName: krbf__advnormalizedfitness__M4__L10__eps0p015__g0p015__ds0p3__dm0p01
Problem: QUBO
Kernel: rbf
Advantage: normalizedfitness
M: 4
lambda: 10
epsilon_svgd: 0.015
gamma: 0.015
decay_start_ratio: 0.3
decay_min_factor: 0.01
bandwith_kernel: None
no_interact: False
avg_score: -379.6400146484375
median_score: -380.0
std_score: 33.337520599365234
percentiles: 2%=-437.0, 5%=-428.1499938964844, 10%=-425.0, 25%=-404.0, 50%=-380.0, 75%=-356.0, 90%=-338.0, 95%=-317.9000244140625, 98%=-313.9599914550781
ranking_best_algo: Tabu
ranking_best_score: 438.12
ranking_my_rank: 264/504 (47.8%)
ranking_my_percent: 47.817460317460316
