ConfigName: kjsd__advperagentrankweighted__M4__L10__eps0p02__g0p0007__ds0p05__dm0p05
Problem: NK
Kernel: jsd
Advantage: peragentrankweighted
M: 4
lambda: 10
epsilon_svgd: 0.02
gamma: 0.0007
decay_start_ratio: 0.05
decay_min_factor: 0.05
bandwith_kernel: None
no_interact: False
avg_score: 0.7457447648048401
median_score: 0.7457696199417114
std_score: 0.014193144626915455
percentiles: 2%=0.7205747365951538, 5%=0.7252214550971985, 10%=0.725868821144104, 25%=0.7347037196159363, 50%=0.7457696199417114, 75%=0.7556439638137817, 90%=0.7638800144195557, 95%=0.766570508480072, 98%=0.7711076736450195
ranking_best_algo: Tabu
ranking_best_score: 0.7657846284375001
ranking_my_rank: 42/504 (91.9%)
ranking_my_percent: 91.86507936507937
