ConfigName: kjsd__advperagentrankweighted__M3__L16__eps0p007__g0p0007__ds0p05__dm0p1
Problem: QUBO
Kernel: jsd
Advantage: peragentrankweighted
M: 3
lambda: 16
epsilon_svgd: 0.007
gamma: 0.0007
decay_start_ratio: 0.05
decay_min_factor: 0.1
bandwith_kernel: None
no_interact: False
avg_score: -909.5
median_score: -901.0
std_score: 59.872947692871094
percentiles: 2%=-1052.0400390625, 5%=-1003.6500244140625, 10%=-985.5999755859375, 25%=-959.5, 50%=-901.0, 75%=-864.75, 90%=-845.7999877929688, 95%=-816.7000122070312, 98%=-790.97998046875
ranking_best_algo: CMAL3
ranking_best_score: 928.5800000000002
ranking_my_rank: 28/504 (94.6%)
ranking_my_percent: 94.64285714285714
