ConfigName: kjsd__advperagentrankweighted__M5__L12__eps0p03__g0p0007__ds0p2__dm0p05
Problem: QUBO
Kernel: jsd
Advantage: peragentrankweighted
M: 5
lambda: 12
epsilon_svgd: 0.03
gamma: 0.0007
decay_start_ratio: 0.2
decay_min_factor: 0.05
bandwith_kernel: None
no_interact: False
avg_score: -309.4800109863281
median_score: -313.0
std_score: 38.70516586303711
percentiles: 2%=-390.1600036621094, 5%=-386.1000061035156, 10%=-360.3999938964844, 25%=-334.0, 50%=-313.0, 75%=-275.75, 90%=-263.8999938964844, 95%=-257.8999938964844, 98%=-248.97999572753906
ranking_best_algo: CMApara
ranking_best_score: 319.29999999999995
ranking_my_rank: 76/504 (85.1%)
ranking_my_percent: 85.11904761904762
