ConfigName: kjsd__advperagentrankweighted__M3__L20__eps0p005__g0p0005__ds0p2__dm0p1
Problem: QUBO
Kernel: jsd
Advantage: peragentrankweighted
M: 3
lambda: 20
epsilon_svgd: 0.005
gamma: 0.0005
decay_start_ratio: 0.2
decay_min_factor: 0.1
bandwith_kernel: None
no_interact: False
avg_score: -197.27999877929688
median_score: -199.0
std_score: 13.47299575805664
percentiles: 2%=-224.0, 5%=-222.0, 10%=-214.1999969482422, 25%=-206.25, 50%=-199.0, 75%=-184.75, 90%=-180.89999389648438, 95%=-176.0, 98%=-174.97999572753906
ranking_best_algo: Tabu
ranking_best_score: 208.36000000000004
ranking_my_rank: 125/504 (75.4%)
ranking_my_percent: 75.39682539682539
