ConfigName: kjsd__advperagentrankweighted__M3__L24__eps0p007__g0p001__ds0p05__dm0p2
Problem: QUBO
Kernel: jsd
Advantage: peragentrankweighted
M: 3
lambda: 24
epsilon_svgd: 0.007
gamma: 0.001
decay_start_ratio: 0.05
decay_min_factor: 0.2
bandwith_kernel: None
no_interact: False
avg_score: -416.0199890136719
median_score: -418.0
std_score: 26.455995559692383
percentiles: 2%=-473.0799865722656, 5%=-459.0, 10%=-452.0, 25%=-430.0, 50%=-418.0, 75%=-399.75, 90%=-381.79998779296875, 95%=-375.79998779296875, 98%=-363.67999267578125
ranking_best_algo: Tabu
ranking_best_score: 438.12
ranking_my_rank: 45/504 (91.3%)
ranking_my_percent: 91.26984126984127
