ConfigName: kjsd__advperagentrankweighted__M4__L12__eps0p01__g0p0005__ds0p2__dm0p05
Problem: NK
Kernel: jsd
Advantage: peragentrankweighted
M: 4
lambda: 12
epsilon_svgd: 0.01
gamma: 0.0005
decay_start_ratio: 0.2
decay_min_factor: 0.05
bandwith_kernel: None
no_interact: False
avg_score: 0.7415168285369873
median_score: 0.7403899431228638
std_score: 0.028325561434030533
percentiles: 2%=0.6951136589050293, 5%=0.7044615745544434, 10%=0.7107303738594055, 25%=0.7204126715660095, 50%=0.7403899431228638, 75%=0.756359875202179, 90%=0.7722695469856262, 95%=0.8044298887252808, 98%=0.8118547797203064
ranking_best_algo: CMApara
ranking_best_score: 0.7459277895312499
ranking_my_rank: 26/504 (95.0%)
ranking_my_percent: 95.03968253968254
