ConfigName: kjsd__advperagentrankweighted__M3__L16__eps0p005__g0p0007__ds0p2__dm0p1
Problem: NK
Kernel: jsd
Advantage: peragentrankweighted
M: 3
lambda: 16
epsilon_svgd: 0.005
gamma: 0.0007
decay_start_ratio: 0.2
decay_min_factor: 0.1
bandwith_kernel: None
no_interact: False
avg_score: 0.7203962206840515
median_score: 0.7194536924362183
std_score: 0.008755281567573547
percentiles: 2%=0.7069459557533264, 5%=0.7091633677482605, 10%=0.70974200963974, 25%=0.7133194208145142, 50%=0.7194536924362183, 75%=0.725742757320404, 90%=0.7334931492805481, 95%=0.7367726564407349, 98%=0.7393094301223755
ranking_best_algo: PBIL
ranking_best_score: 0.7170882103515624
ranking_my_rank: 1/504 (100.0%)
ranking_my_percent: 100.0
