ConfigName: kjsd__advperagentrankweighted__M5__L8__eps0p01__g0p0005__ds0p4__dm0p05
Problem: NK
Kernel: jsd
Advantage: peragentrankweighted
M: 5
lambda: 8
epsilon_svgd: 0.01
gamma: 0.0005
decay_start_ratio: 0.4
decay_min_factor: 0.05
bandwith_kernel: None
no_interact: False
avg_score: 0.7519345283508301
median_score: 0.7521655559539795
std_score: 0.01229699607938528
percentiles: 2%=0.729038417339325, 5%=0.7347457408905029, 10%=0.735870361328125, 25%=0.7436643242835999, 50%=0.7521655559539795, 75%=0.7607630491256714, 90%=0.7649270296096802, 95%=0.7708793878555298, 98%=0.7784183025360107
ranking_best_algo: Tabu
ranking_best_score: 0.7657846284375001
ranking_my_rank: 14/504 (97.4%)
ranking_my_percent: 97.42063492063492
