ConfigName: krbf__advnormalizedfitness__M3__L10__eps0p015__g0p01__ds0p3__dm0p3
Problem: NK
Kernel: rbf
Advantage: normalizedfitness
M: 3
lambda: 10
epsilon_svgd: 0.015
gamma: 0.01
decay_start_ratio: 0.3
decay_min_factor: 0.3
bandwith_kernel: None
no_interact: False
avg_score: 0.6071379780769348
median_score: 0.6052260398864746
std_score: 0.008023698814213276
percentiles: 2%=0.5952096581459045, 5%=0.5961785912513733, 10%=0.599053680896759, 25%=0.6018375158309937, 50%=0.6052260398864746, 75%=0.6114345788955688, 90%=0.6175577044487, 95%=0.622622013092041, 98%=0.6273925304412842
ranking_best_algo: Tabu
ranking_best_score: 0.7429702712499999
ranking_my_rank: 388/504 (23.2%)
ranking_my_percent: 23.214285714285715
