ConfigName: kjsd__advperagentrankweighted__M3__L18__eps0p007__g0p0005__ds0p2__dm0p2
Problem: QUBO
Kernel: jsd
Advantage: peragentrankweighted
M: 3
lambda: 18
epsilon_svgd: 0.007
gamma: 0.0005
decay_start_ratio: 0.2
decay_min_factor: 0.2
bandwith_kernel: None
no_interact: False
avg_score: -1183.6600341796875
median_score: -1177.0
std_score: 58.25825500488281
percentiles: 2%=-1299.0400390625, 5%=-1277.5999755859375, 10%=-1268.0999755859375, 25%=-1217.0, 50%=-1177.0, 75%=-1142.5, 90%=-1112.9000244140625, 95%=-1097.9000244140625, 98%=-1059.760009765625
ranking_best_algo: Tabu
ranking_best_score: 1216.16
ranking_my_rank: 65/504 (87.3%)
ranking_my_percent: 87.3015873015873
