ConfigName: krbf__advnormalizedfitness__M4__L15__eps0p033__g0p005__ds0p3__dm0p3
Problem: QUBO
Kernel: rbf
Advantage: normalizedfitness
M: 4
lambda: 15
epsilon_svgd: 0.033
gamma: 0.005
decay_start_ratio: 0.3
decay_min_factor: 0.3
bandwith_kernel: None
no_interact: False
avg_score: -1158.1199951171875
median_score: -1152.0
std_score: 63.511932373046875
percentiles: 2%=-1291.199951171875, 5%=-1263.300048828125, 10%=-1252.0999755859375, 25%=-1201.0, 50%=-1152.0, 75%=-1118.0, 90%=-1076.0, 95%=-1050.0, 98%=-1036.97998046875
ranking_best_algo: Tabu
ranking_best_score: 1216.16
ranking_my_rank: 100/504 (80.4%)
ranking_my_percent: 80.35714285714286
