ConfigName: kjsd__advperagentrankweighted__M3__L18__eps0p01__g0p0007__ds0p05__dm0p05
Problem: NK
Kernel: jsd
Advantage: peragentrankweighted
M: 3
lambda: 18
epsilon_svgd: 0.01
gamma: 0.0007
decay_start_ratio: 0.05
decay_min_factor: 0.05
bandwith_kernel: None
no_interact: False
avg_score: 0.7222853302955627
median_score: 0.7219216227531433
std_score: 0.00805926788598299
percentiles: 2%=0.7086732983589172, 5%=0.709928572177887, 10%=0.7118563055992126, 25%=0.7167915105819702, 50%=0.7219216227531433, 75%=0.7271711826324463, 90%=0.7327464818954468, 95%=0.736267626285553, 98%=0.7369418740272522
ranking_best_algo: PBIL
ranking_best_score: 0.7170882103515624
ranking_my_rank: 1/504 (100.0%)
ranking_my_percent: 100.0
