ConfigName: kjsd__advperagentrankweighted__M4__L30__eps0p01__g0p0003__ds0p2__dm0p05
Problem: QUBO
Kernel: jsd
Advantage: peragentrankweighted
M: 4
lambda: 30
epsilon_svgd: 0.01
gamma: 0.0003
decay_start_ratio: 0.2
decay_min_factor: 0.05
bandwith_kernel: None
no_interact: False
avg_score: -441.0
median_score: -445.5
std_score: 27.85605812072754
percentiles: 2%=-487.1000061035156, 5%=-483.1000061035156, 10%=-472.1000061035156, 25%=-462.25, 50%=-445.5, 75%=-426.5, 90%=-401.8999938964844, 95%=-395.6000061035156, 98%=-381.82000732421875
ranking_best_algo: CMApara
ranking_best_score: 453.82
ranking_my_rank: 12/504 (97.8%)
ranking_my_percent: 97.81746031746032
