ConfigName: kjsd__advperagentrankweighted__M4__L12__eps0p005__g0p001__ds0p1__dm0p05
Problem: QUBO
Kernel: jsd
Advantage: peragentrankweighted
M: 4
lambda: 12
epsilon_svgd: 0.005
gamma: 0.001
decay_start_ratio: 0.1
decay_min_factor: 0.05
bandwith_kernel: None
no_interact: False
avg_score: -200.67999267578125
median_score: -202.5
std_score: 14.56494426727295
percentiles: 2%=-224.0, 5%=-224.0, 10%=-221.3000030517578, 25%=-210.25, 50%=-202.5, 75%=-190.75, 90%=-179.89999389648438, 95%=-175.9499969482422, 98%=-173.0
ranking_best_algo: Tabu
ranking_best_score: 208.36000000000004
ranking_my_rank: 45/504 (91.3%)
ranking_my_percent: 91.26984126984127
