ConfigName: kjsd__advperagentrankweighted__M4__L20__eps0p005__g0p001__ds0p2__dm0p05
Problem: QUBO
Kernel: jsd
Advantage: peragentrankweighted
M: 4
lambda: 20
epsilon_svgd: 0.005
gamma: 0.001
decay_start_ratio: 0.2
decay_min_factor: 0.05
bandwith_kernel: None
no_interact: False
avg_score: -328.760009765625
median_score: -334.0
std_score: 21.592185974121094
percentiles: 2%=-372.0, 5%=-357.0, 10%=-354.0, 25%=-342.25, 50%=-334.0, 75%=-314.0, 90%=-296.0, 95%=-290.0, 98%=-286.0
ranking_best_algo: CMApara
ranking_best_score: 344.22
ranking_my_rank: 83/504 (83.7%)
ranking_my_percent: 83.73015873015873
