ConfigName: kjsd__advperagentrankweighted__M3__L16__eps0p01__g0p003__ds0p2__dm0p05
Problem: QUBO
Kernel: jsd
Advantage: peragentrankweighted
M: 3
lambda: 16
epsilon_svgd: 0.01
gamma: 0.003
decay_start_ratio: 0.2
decay_min_factor: 0.05
bandwith_kernel: None
no_interact: False
avg_score: -926.719970703125
median_score: -918.5
std_score: 65.95499420166016
percentiles: 2%=-1070.0799560546875, 5%=-1042.1500244140625, 10%=-1021.2999877929688, 25%=-973.0, 50%=-918.5, 75%=-876.75, 90%=-850.7000122070312, 95%=-831.0, 98%=-818.5599975585938
ranking_best_algo: CMApara
ranking_best_score: 964.9
ranking_my_rank: 21/504 (96.0%)
ranking_my_percent: 96.03174603174604
