ConfigName: kjsd__advperagentrankweighted__M5__L10__eps0p01__g0p0005__ds0p2__dm0p2
Problem: NK
Kernel: jsd
Advantage: peragentrankweighted
M: 5
lambda: 10
epsilon_svgd: 0.01
gamma: 0.0005
decay_start_ratio: 0.2
decay_min_factor: 0.2
bandwith_kernel: None
no_interact: False
avg_score: 0.7096579670906067
median_score: 0.7109383344650269
std_score: 0.0154262725263834
percentiles: 2%=0.6702807545661926, 5%=0.6711130738258362, 10%=0.6954345107078552, 25%=0.7068816423416138, 50%=0.7109383344650269, 75%=0.7180711627006531, 90%=0.7252305746078491, 95%=0.7324442863464355, 98%=0.7335495352745056
ranking_best_algo: CMApara
ranking_best_score: 0.707475975
ranking_my_rank: 1/504 (100.0%)
ranking_my_percent: 100.0
