ConfigName: kfr__advglobalrankweighted__M5__L8__eps0p01__g0p003__ds0p01__dm0p01
Problem: QUBO
Kernel: fr
Advantage: globalrankweighted
M: 5
lambda: 8
epsilon_svgd: 0.01
gamma: 0.003
decay_start_ratio: 0.01
decay_min_factor: 0.01
bandwith_kernel: None
no_interact: False
avg_score: -1183.5799560546875
median_score: -1178.0
std_score: 57.10344696044922
percentiles: 2%=-1331.0400390625, 5%=-1293.5, 10%=-1281.0, 25%=-1209.0, 50%=-1178.0, 75%=-1149.0, 90%=-1115.199951171875, 95%=-1094.7000732421875, 98%=-1086.9000244140625
ranking_best_algo: Tabu
ranking_best_score: 1216.16
ranking_my_rank: 65/504 (87.3%)
ranking_my_percent: 87.3015873015873
