ConfigName: krbf__advnormalizedfitness__M2__L6__eps0p02__g0p006__ds0p01__dm0p01
Problem: NK
Kernel: rbf
Advantage: normalizedfitness
M: 2
lambda: 6
epsilon_svgd: 0.02
gamma: 0.006
decay_start_ratio: 0.01
decay_min_factor: 0.01
bandwith_kernel: None
no_interact: False
avg_score: 0.7050004005432129
median_score: 0.7060283422470093
std_score: 0.011332564987242222
percentiles: 2%=0.6863781213760376, 5%=0.6881114840507507, 10%=0.6907497048377991, 25%=0.6940792798995972, 50%=0.7060283422470093, 75%=0.7154169678688049, 90%=0.7188184261322021, 95%=0.7202897071838379, 98%=0.7221564650535583
ranking_best_algo: PBIL
ranking_best_score: 0.7013553837109374
ranking_my_rank: 1/504 (100.0%)
ranking_my_percent: 100.0
