ConfigName: krbf__advnormalizedfitness__M2__L6__eps0p01__g0p015__ds0p3__dm0p01
Problem: QUBO
Kernel: rbf
Advantage: normalizedfitness
M: 2
lambda: 6
epsilon_svgd: 0.01
gamma: 0.015
decay_start_ratio: 0.3
decay_min_factor: 0.01
bandwith_kernel: None
no_interact: False
avg_score: -903.1599731445312
median_score: -902.0
std_score: 64.53398132324219
percentiles: 2%=-1030.1800537109375, 5%=-1004.5999755859375, 10%=-993.0, 25%=-958.0, 50%=-902.0, 75%=-854.25, 90%=-821.0, 95%=-810.75, 98%=-799.659912109375
ranking_best_algo: CMAL3
ranking_best_score: 928.5800000000002
ranking_my_rank: 66/504 (87.1%)
ranking_my_percent: 87.10317460317461
