ConfigName: kjsd__advperagentrankweighted__M4__L8__eps0p005__g0p003__ds0p2__dm0p05
Problem: QUBO
Kernel: jsd
Advantage: peragentrankweighted
M: 4
lambda: 8
epsilon_svgd: 0.005
gamma: 0.003
decay_start_ratio: 0.2
decay_min_factor: 0.05
bandwith_kernel: None
no_interact: False
avg_score: -330.760009765625
median_score: -338.5
std_score: 22.861812591552734
percentiles: 2%=-372.0, 5%=-361.54998779296875, 10%=-354.29998779296875, 25%=-346.0, 50%=-338.5, 75%=-315.5, 90%=-302.70001220703125, 95%=-292.95001220703125, 98%=-279.9599914550781
ranking_best_algo: CMApara
ranking_best_score: 344.22
ranking_my_rank: 77/504 (84.9%)
ranking_my_percent: 84.92063492063492
