ConfigName: kjsd__advperagentrankweighted__M10__L10__eps0p008__g0p0005__ds0p3__dm0p05
Problem: QUBO
Kernel: jsd
Advantage: peragentrankweighted
M: 10
lambda: 10
epsilon_svgd: 0.008
gamma: 0.0005
decay_start_ratio: 0.3
decay_min_factor: 0.05
bandwith_kernel: None
no_interact: False
avg_score: -427.79998779296875
median_score: -426.0
std_score: 23.445253372192383
percentiles: 2%=-479.0799865722656, 5%=-469.20001220703125, 10%=-457.3999938964844, 25%=-443.0, 50%=-426.0, 75%=-412.75, 90%=-398.70001220703125, 95%=-390.95001220703125, 98%=-382.9800109863281
ranking_best_algo: CMAL3
ranking_best_score: 435.36
ranking_my_rank: 18/504 (96.6%)
ranking_my_percent: 96.62698412698413
