ConfigName: kjsd__advperagentrankweighted__M5__L8__eps0p005__g0p0007__ds0p2__dm0p05
Problem: QUBO
Kernel: jsd
Advantage: peragentrankweighted
M: 5
lambda: 8
epsilon_svgd: 0.005
gamma: 0.0007
decay_start_ratio: 0.2
decay_min_factor: 0.05
bandwith_kernel: None
no_interact: False
avg_score: -311.7799987792969
median_score: -312.0
std_score: 38.92135238647461
percentiles: 2%=-394.0400085449219, 5%=-390.0, 10%=-359.79998779296875, 25%=-332.0, 50%=-312.0, 75%=-276.0, 90%=-266.0, 95%=-262.75, 98%=-251.8800048828125
ranking_best_algo: CMApara
ranking_best_score: 319.29999999999995
ranking_my_rank: 36/504 (93.1%)
ranking_my_percent: 93.05555555555556
