ConfigName: kjsd__advperagentrankweighted__M3__L18__eps0p007__g0p0007__ds0p1__dm0p05
Problem: QUBO
Kernel: jsd
Advantage: peragentrankweighted
M: 3
lambda: 18
epsilon_svgd: 0.007
gamma: 0.0007
decay_start_ratio: 0.1
decay_min_factor: 0.05
bandwith_kernel: None
no_interact: False
avg_score: -574.760009765625
median_score: -573.0
std_score: 27.21143913269043
percentiles: 2%=-629.0399780273438, 5%=-627.0999755859375, 10%=-606.7999877929688, 25%=-591.25, 50%=-573.0, 75%=-557.75, 90%=-541.0, 95%=-531.0, 98%=-519.97998046875
ranking_best_algo: Tabu
ranking_best_score: 588.7199999999999
ranking_my_rank: 57/503 (88.9%)
ranking_my_percent: 88.86679920477137
