ConfigName: kfr__advglobalrankweighted__M1__L7__eps0p015__g0p005__ds0p01__dm0p01
Problem: QUBO
Kernel: fr
Advantage: globalrankweighted
M: 1
lambda: 7
epsilon_svgd: 0.015
gamma: 0.005
decay_start_ratio: 0.01
decay_min_factor: 0.01
bandwith_kernel: None
no_interact: False
avg_score: -392.5799865722656
median_score: -394.0
std_score: 31.596572875976562
percentiles: 2%=-441.67999267578125, 5%=-433.29998779296875, 10%=-428.1000061035156, 25%=-414.25, 50%=-394.0, 75%=-367.5, 90%=-351.6000061035156, 95%=-336.95001220703125, 98%=-331.91998291015625
ranking_best_algo: Tabu
ranking_best_score: 438.12
ranking_my_rank: 256/504 (49.4%)
ranking_my_percent: 49.404761904761905
