ConfigName: kjsd__advperagentrankweighted__M8__L24__eps0p008__g0p0005__ds0p05__dm0p05
Problem: QUBO
Kernel: jsd
Advantage: peragentrankweighted
M: 8
lambda: 24
epsilon_svgd: 0.008
gamma: 0.0005
decay_start_ratio: 0.05
decay_min_factor: 0.05
bandwith_kernel: None
no_interact: False
avg_score: -423.79998779296875
median_score: -421.5
std_score: 26.52545928955078
percentiles: 2%=-479.0400085449219, 5%=-471.29998779296875, 10%=-463.20001220703125, 25%=-441.0, 50%=-421.5, 75%=-404.0, 90%=-391.8999938964844, 95%=-386.95001220703125, 98%=-376.9800109863281
ranking_best_algo: CMAL3
ranking_best_score: 435.36
ranking_my_rank: 31/504 (94.0%)
ranking_my_percent: 94.04761904761905
