ConfigName: krbf__advnormalizedfitness__M3__L15__eps0p015__g0p01__ds0p15__dm0p3
Problem: NK
Kernel: rbf
Advantage: normalizedfitness
M: 3
lambda: 15
epsilon_svgd: 0.015
gamma: 0.01
decay_start_ratio: 0.15
decay_min_factor: 0.3
bandwith_kernel: None
no_interact: False
avg_score: 0.6223443150520325
median_score: 0.6221603155136108
std_score: 0.009828144684433937
percentiles: 2%=0.6025904417037964, 5%=0.605766236782074, 10%=0.61139976978302, 25%=0.6173582673072815, 50%=0.6221603155136108, 75%=0.6270496845245361, 90%=0.6322677135467529, 95%=0.6399261951446533, 98%=0.6495972275733948
ranking_best_algo: PBIL
ranking_best_score: 0.733570253046875
ranking_my_rank: 324/504 (35.9%)
ranking_my_percent: 35.91269841269841
