ConfigName: kjsd__advperagentrankweighted__M4__L30__eps0p01__g0p0003__ds0p2__dm0p05
Problem: QUBO
Kernel: jsd
Advantage: peragentrankweighted
M: 4
lambda: 30
epsilon_svgd: 0.01
gamma: 0.0003
decay_start_ratio: 0.2
decay_min_factor: 0.05
bandwith_kernel: None
no_interact: False
avg_score: -427.7799987792969
median_score: -429.5
std_score: 29.704402923583984
percentiles: 2%=-481.0400085449219, 5%=-473.0, 10%=-467.0, 25%=-451.0, 50%=-429.5, 75%=-407.0, 90%=-387.8999938964844, 95%=-381.8999938964844, 98%=-371.67999267578125
ranking_best_algo: CMAL3
ranking_best_score: 435.36
ranking_my_rank: 18/504 (96.6%)
ranking_my_percent: 96.62698412698413
