ConfigName: krbf__advnormalizedfitness__M2__L8__eps0p025__g0p005__ds0p15__dm0p01
Problem: NK
Kernel: rbf
Advantage: normalizedfitness
M: 2
lambda: 8
epsilon_svgd: 0.025
gamma: 0.005
decay_start_ratio: 0.15
decay_min_factor: 0.01
bandwith_kernel: None
no_interact: False
avg_score: 0.7416338920593262
median_score: 0.7411547899246216
std_score: 0.00915439985692501
percentiles: 2%=0.7235784530639648, 5%=0.7271231412887573, 10%=0.7313044667243958, 25%=0.7353757619857788, 50%=0.7411547899246216, 75%=0.7468324899673462, 90%=0.7531272768974304, 95%=0.757526159286499, 98%=0.762002170085907
ranking_best_algo: PBIL
ranking_best_score: 0.733570253046875
ranking_my_rank: 1/504 (100.0%)
ranking_my_percent: 100.0
