ConfigName: kjsd__advperagentrankweighted__M3__L16__eps0p005__g0p003__ds0p05__dm0p2
Problem: NK
Kernel: jsd
Advantage: peragentrankweighted
M: 3
lambda: 16
epsilon_svgd: 0.005
gamma: 0.003
decay_start_ratio: 0.05
decay_min_factor: 0.2
bandwith_kernel: None
no_interact: False
avg_score: 0.7335077524185181
median_score: 0.7344467639923096
std_score: 0.009607321582734585
percentiles: 2%=0.7090772986412048, 5%=0.7173587083816528, 10%=0.7206501960754395, 25%=0.7291027307510376, 50%=0.7344467639923096, 75%=0.7404608130455017, 90%=0.7441803812980652, 95%=0.7456709742546082, 98%=0.7492749094963074
ranking_best_algo: PBIL
ranking_best_score: 0.730509098125
ranking_my_rank: 1/504 (100.0%)
ranking_my_percent: 100.0
