ConfigName: krbf__advnormalizedfitness__M4__L10__eps0p033__g0p015__ds0p15__dm0p3
Problem: QUBO
Kernel: rbf
Advantage: normalizedfitness
M: 4
lambda: 10
epsilon_svgd: 0.033
gamma: 0.015
decay_start_ratio: 0.15
decay_min_factor: 0.3
bandwith_kernel: None
no_interact: False
avg_score: -139.44000244140625
median_score: -141.0
std_score: 10.587085723876953
percentiles: 2%=-158.0, 5%=-156.0500030517578, 10%=-153.10000610351562, 25%=-146.25, 50%=-141.0, 75%=-131.0, 90%=-125.0, 95%=-121.0, 98%=-119.97999572753906
ranking_best_algo: DiscreteDE
ranking_best_score: 143.4
ranking_my_rank: 85/504 (83.3%)
ranking_my_percent: 83.33333333333333
