ConfigName: krbf__advnormalizedfitness__M2__L8__eps0p033__g0p005__ds0p3__dm0p3
Problem: QUBO
Kernel: rbf
Advantage: normalizedfitness
M: 2
lambda: 8
epsilon_svgd: 0.033
gamma: 0.005
decay_start_ratio: 0.3
decay_min_factor: 0.3
bandwith_kernel: None
no_interact: False
avg_score: -416.8999938964844
median_score: -417.0
std_score: 29.021198272705078
percentiles: 2%=-479.0400085449219, 5%=-467.29998779296875, 10%=-457.20001220703125, 25%=-434.5, 50%=-417.0, 75%=-395.0, 90%=-381.8999938964844, 95%=-375.0, 98%=-368.739990234375
ranking_best_algo: CMAL3
ranking_best_score: 435.36
ranking_my_rank: 100/504 (80.4%)
ranking_my_percent: 80.35714285714286
