ConfigName: kjsd__advperagentrankweighted__M3__L18__eps0p007__g0p0005__ds0p2__dm0p2
Problem: QUBO
Kernel: jsd
Advantage: peragentrankweighted
M: 3
lambda: 18
epsilon_svgd: 0.007
gamma: 0.0005
decay_start_ratio: 0.2
decay_min_factor: 0.2
bandwith_kernel: None
no_interact: False
avg_score: -2601.199951171875
median_score: -2593.5
std_score: 119.91780853271484
percentiles: 2%=-2810.739990234375, 5%=-2796.14990234375, 10%=-2762.5, 25%=-2685.75, 50%=-2593.5, 75%=-2513.75, 90%=-2443.199951171875, 95%=-2419.85009765625, 98%=-2407.800048828125
ranking_best_algo: SVM1MetaModelLogNormal
ranking_best_score: 2605.14
ranking_my_rank: 2/504 (99.8%)
ranking_my_percent: 99.8015873015873
