ConfigName: krbf__advnormalizedfitness__M4__L15__eps0p015__g0p01__ds0p15__dm0p01
Problem: QUBO
Kernel: rbf
Advantage: normalizedfitness
M: 4
lambda: 15
epsilon_svgd: 0.015
gamma: 0.01
decay_start_ratio: 0.15
decay_min_factor: 0.01
bandwith_kernel: None
no_interact: False
avg_score: -147.02000427246094
median_score: -145.0
std_score: 13.411920547485352
percentiles: 2%=-179.0, 5%=-177.0, 10%=-164.0, 25%=-155.0, 50%=-145.0, 75%=-139.0, 90%=-133.0, 95%=-128.85000610351562, 98%=-119.0
ranking_best_algo: CMApara
ranking_best_score: 154.28
ranking_my_rank: 101/504 (80.2%)
ranking_my_percent: 80.15873015873017
