ConfigName: kjsd__advperagentrankweighted__M5__L10__eps0p03__g0p0003__ds0p05__dm0p05
Problem: QUBO
Kernel: jsd
Advantage: peragentrankweighted
M: 5
lambda: 10
epsilon_svgd: 0.03
gamma: 0.0003
decay_start_ratio: 0.05
decay_min_factor: 0.05
bandwith_kernel: None
no_interact: False
avg_score: -1253.6400146484375
median_score: -1250.0
std_score: 56.224639892578125
percentiles: 2%=-1371.239990234375, 5%=-1348.1500244140625, 10%=-1325.5, 25%=-1295.0, 50%=-1250.0, 75%=-1214.75, 90%=-1175.9000244140625, 95%=-1159.8499755859375, 98%=-1152.8599853515625
ranking_best_algo: BigLognormalDiscreteOnePlusOne
ranking_best_score: 1301.3600000000004
ranking_my_rank: 55/504 (89.3%)
ranking_my_percent: 89.28571428571429
