ConfigName: krbf__advnormalizedfitness__M3__L15__eps0p015__g0p007__ds0p3__dm0p01
Problem: QUBO
Kernel: rbf
Advantage: normalizedfitness
M: 3
lambda: 15
epsilon_svgd: 0.015
gamma: 0.007
decay_start_ratio: 0.3
decay_min_factor: 0.01
bandwith_kernel: None
no_interact: False
avg_score: -558.3800048828125
median_score: -557.0
std_score: 34.20841598510742
percentiles: 2%=-624.0599975585938, 5%=-609.4500122070312, 10%=-603.0, 25%=-583.25, 50%=-557.0, 75%=-535.25, 90%=-514.9000244140625, 95%=-508.8000183105469, 98%=-497.8799743652344
ranking_best_algo: Tabu
ranking_best_score: 588.7199999999999
ranking_my_rank: 103/503 (79.7%)
ranking_my_percent: 79.72166998011929
