ConfigName: kfr__advglobalrankweighted__M5__L11__eps0p015__g0p005__ds0p01__dm0p01
Problem: QUBO
Kernel: fr
Advantage: globalrankweighted
M: 5
lambda: 11
epsilon_svgd: 0.015
gamma: 0.005
decay_start_ratio: 0.01
decay_min_factor: 0.01
bandwith_kernel: None
no_interact: False
avg_score: -139.05999755859375
median_score: -141.0
std_score: 11.685734748840332
percentiles: 2%=-157.0, 5%=-156.0, 10%=-153.10000610351562, 25%=-147.25, 50%=-141.0, 75%=-129.75, 90%=-124.80000305175781, 95%=-117.95000457763672, 98%=-114.89997863769531
ranking_best_algo: DiscreteDE
ranking_best_score: 143.4
ranking_my_rank: 93/504 (81.7%)
ranking_my_percent: 81.74603174603175
