ConfigName: krbf__advnormalizedfitness__M4__L10__eps0p015__g0p01__ds0p3__dm0p01
Problem: QUBO
Kernel: rbf
Advantage: normalizedfitness
M: 4
lambda: 10
epsilon_svgd: 0.015
gamma: 0.01
decay_start_ratio: 0.3
decay_min_factor: 0.01
bandwith_kernel: None
no_interact: False
avg_score: -414.70001220703125
median_score: -414.0
std_score: 28.26074981689453
percentiles: 2%=-470.1000061035156, 5%=-462.04998779296875, 10%=-452.20001220703125, 25%=-433.5, 50%=-414.0, 75%=-390.75, 90%=-382.0, 95%=-374.0, 98%=-366.9599914550781
ranking_best_algo: CMApara
ranking_best_score: 453.82
ranking_my_rank: 190/504 (62.5%)
ranking_my_percent: 62.5
