ConfigName: krbf__advnormalizedfitness__M4__L10__eps0p015__g0p005__ds0p01__dm0p01
Problem: QUBO
Kernel: rbf
Advantage: normalizedfitness
M: 4
lambda: 10
epsilon_svgd: 0.015
gamma: 0.005
decay_start_ratio: 0.01
decay_min_factor: 0.01
bandwith_kernel: None
no_interact: False
avg_score: -1500.1800537109375
median_score: -1506.5
std_score: 113.3078384399414
percentiles: 2%=-1737.06005859375, 5%=-1685.199951171875, 10%=-1637.199951171875, 25%=-1572.25, 50%=-1506.5, 75%=-1416.5, 90%=-1348.5, 95%=-1296.949951171875, 98%=-1272.35986328125
ranking_best_algo: NLOPT_LN_PRAXIS
ranking_best_score: 1607.12
ranking_my_rank: 80/504 (84.3%)
ranking_my_percent: 84.32539682539682
