ConfigName: kfr__advglobalrankweighted__M4__L10__eps0p015__g0p007__ds0p01__dm0p01
Problem: QUBO
Kernel: fr
Advantage: globalrankweighted
M: 4
lambda: 10
epsilon_svgd: 0.015
gamma: 0.007
decay_start_ratio: 0.01
decay_min_factor: 0.01
bandwith_kernel: None
no_interact: False
avg_score: -1169.5
median_score: -1167.5
std_score: 58.205928802490234
percentiles: 2%=-1295.760009765625, 5%=-1273.199951171875, 10%=-1247.0, 25%=-1203.5, 50%=-1167.5, 75%=-1126.0, 90%=-1101.0, 95%=-1080.6500244140625, 98%=-1067.760009765625
ranking_best_algo: Tabu
ranking_best_score: 1216.16
ranking_my_rank: 91/504 (82.1%)
ranking_my_percent: 82.14285714285714
