ConfigName: krbf__advnormalizedfitness__M3__L12__eps0p015__g0p01__ds0p15__dm0p3
Problem: QUBO
Kernel: rbf
Advantage: normalizedfitness
M: 3
lambda: 12
epsilon_svgd: 0.015
gamma: 0.01
decay_start_ratio: 0.15
decay_min_factor: 0.3
bandwith_kernel: None
no_interact: False
avg_score: -856.739990234375
median_score: -864.0
std_score: 81.34367370605469
percentiles: 2%=-1030.0999755859375, 5%=-990.8499755859375, 10%=-964.5, 25%=-907.5, 50%=-864.0, 75%=-797.25, 90%=-753.0, 95%=-720.800048828125, 98%=-687.9400024414062
ranking_best_algo: SVMMetaModelLogNormal
ranking_best_score: 1233.7999999999997
ranking_my_rank: 322/504 (36.3%)
ranking_my_percent: 36.30952380952381
