ConfigName: krbf__advnormalizedfitness__M3__L8__eps0p025__g0p01__ds0p3__dm0p01
Problem: QUBO
Kernel: rbf
Advantage: normalizedfitness
M: 3
lambda: 8
epsilon_svgd: 0.025
gamma: 0.01
decay_start_ratio: 0.3
decay_min_factor: 0.01
bandwith_kernel: None
no_interact: False
avg_score: -575.8599853515625
median_score: -572.0
std_score: 28.343965530395508
percentiles: 2%=-635.2000122070312, 5%=-619.4000244140625, 10%=-613.2000122070312, 25%=-596.5, 50%=-572.0, 75%=-557.75, 90%=-538.7999877929688, 95%=-532.9500122070312, 98%=-523.8999633789062
ranking_best_algo: Tabu
ranking_best_score: 588.7199999999999
ranking_my_rank: 57/503 (88.9%)
ranking_my_percent: 88.86679920477137
