ConfigName: kjsd__advperagentrankweighted__M3__L16__eps0p005__g0p003__ds0p05__dm0p05
Problem: NK
Kernel: jsd
Advantage: peragentrankweighted
M: 3
lambda: 16
epsilon_svgd: 0.005
gamma: 0.003
decay_start_ratio: 0.05
decay_min_factor: 0.05
bandwith_kernel: None
no_interact: False
avg_score: 0.7269908785820007
median_score: 0.7280591726303101
std_score: 0.013829204253852367
percentiles: 2%=0.7024444937705994, 5%=0.703213632106781, 10%=0.7073029279708862, 25%=0.716472864151001, 50%=0.7280591726303101, 75%=0.7364920377731323, 90%=0.7427597045898438, 95%=0.7502262592315674, 98%=0.7539131045341492
ranking_best_algo: PBIL
ranking_best_score: 0.733570253046875
ranking_my_rank: 5/504 (99.2%)
ranking_my_percent: 99.2063492063492
