ConfigName: kfr__advglobalrankweighted__M2__L11__eps0p02__g0p007__ds0p01__dm0p01
Problem: NK
Kernel: fr
Advantage: globalrankweighted
M: 2
lambda: 11
epsilon_svgd: 0.02
gamma: 0.007
decay_start_ratio: 0.01
decay_min_factor: 0.01
bandwith_kernel: None
no_interact: False
avg_score: 0.7297766804695129
median_score: 0.7304643988609314
std_score: 0.009754765778779984
percentiles: 2%=0.711154043674469, 5%=0.7132048010826111, 10%=0.7173860669136047, 25%=0.7229422926902771, 50%=0.7304643988609314, 75%=0.7373106479644775, 90%=0.7429391145706177, 95%=0.7446291446685791, 98%=0.7471917271614075
ranking_best_algo: Tabu
ranking_best_score: 0.7429702712499999
ranking_my_rank: 2/504 (99.8%)
ranking_my_percent: 99.8015873015873
