ConfigName: kjsd__advperagentrankweighted__M8__L24__eps0p008__g0p0005__ds0p3__dm0p05
Problem: NK
Kernel: jsd
Advantage: peragentrankweighted
M: 8
lambda: 24
epsilon_svgd: 0.008
gamma: 0.0005
decay_start_ratio: 0.3
decay_min_factor: 0.05
bandwith_kernel: None
no_interact: False
avg_score: 0.7465055584907532
median_score: 0.7447885274887085
std_score: 0.01751323789358139
percentiles: 2%=0.7178361415863037, 5%=0.7199004292488098, 10%=0.723842203617096, 25%=0.732519268989563, 50%=0.7447885274887085, 75%=0.760566234588623, 90%=0.7693650126457214, 95%=0.7753885984420776, 98%=0.7777535319328308
ranking_best_algo: Tabu
ranking_best_score: 0.7470791764843752
ranking_my_rank: 2/504 (99.8%)
ranking_my_percent: 99.8015873015873
