ConfigName: kjsd__advperagentrankweighted__M4__L8__eps0p01__g0p0007__ds0p4__dm0p05
Problem: QUBO
Kernel: jsd
Advantage: peragentrankweighted
M: 4
lambda: 8
epsilon_svgd: 0.01
gamma: 0.0007
decay_start_ratio: 0.4
decay_min_factor: 0.05
bandwith_kernel: None
no_interact: False
avg_score: -3262.5400390625
median_score: -3258.5
std_score: 119.9375991821289
percentiles: 2%=-3495.0400390625, 5%=-3459.949951171875, 10%=-3418.800048828125, 25%=-3348.5, 50%=-3258.5, 75%=-3173.5, 90%=-3089.89990234375, 95%=-3079.39990234375, 98%=-3041.97998046875
ranking_best_algo: RLSOnePlusOne
ranking_best_score: 3316.5199999999995
ranking_my_rank: 14/504 (97.4%)
ranking_my_percent: 97.42063492063492
