ConfigName: krbf__advnormalizedfitness__M4__L8__eps0p033__g0p015__ds0p01__dm0p01
Problem: QUBO
Kernel: rbf
Advantage: normalizedfitness
M: 4
lambda: 8
epsilon_svgd: 0.033
gamma: 0.015
decay_start_ratio: 0.01
decay_min_factor: 0.01
bandwith_kernel: None
no_interact: False
avg_score: -334.3399963378906
median_score: -334.0
std_score: 19.124967575073242
percentiles: 2%=-372.0, 5%=-372.0, 10%=-354.1000061035156, 25%=-346.25, 50%=-334.0, 75%=-322.0, 90%=-308.0, 95%=-298.0, 98%=-292.97998046875
ranking_best_algo: CMApara
ranking_best_score: 344.22
ranking_my_rank: 62/504 (87.9%)
ranking_my_percent: 87.89682539682539
