ConfigName: krbf__advnormalizedfitness__M4__L8__eps0p033__g0p005__ds0p3__dm0p3
Problem: QUBO
Kernel: rbf
Advantage: normalizedfitness
M: 4
lambda: 8
epsilon_svgd: 0.033
gamma: 0.005
decay_start_ratio: 0.3
decay_min_factor: 0.3
bandwith_kernel: None
no_interact: False
avg_score: -417.1000061035156
median_score: -416.0
std_score: 23.872787475585938
percentiles: 2%=-469.0799865722656, 5%=-454.04998779296875, 10%=-451.1000061035156, 25%=-430.0, 50%=-416.0, 75%=-403.75, 90%=-386.0, 95%=-378.0, 98%=-367.9599914550781
ranking_best_algo: Tabu
ranking_best_score: 438.12
ranking_my_rank: 41/504 (92.1%)
ranking_my_percent: 92.06349206349206
