ConfigName: krbf__advnormalizedfitness__M3__L8__eps0p015__g0p01__ds0p15__dm0p01
Problem: NK
Kernel: rbf
Advantage: normalizedfitness
M: 3
lambda: 8
epsilon_svgd: 0.015
gamma: 0.01
decay_start_ratio: 0.15
decay_min_factor: 0.01
bandwith_kernel: None
no_interact: False
avg_score: 0.7355711460113525
median_score: 0.7351403832435608
std_score: 0.013215080834925175
percentiles: 2%=0.711785078048706, 5%=0.7144262194633484, 10%=0.7165487408638, 25%=0.7261364459991455, 50%=0.7351403832435608, 75%=0.7440887689590454, 90%=0.7520874738693237, 95%=0.7588465213775635, 98%=0.762231707572937
ranking_best_algo: PBIL
ranking_best_score: 0.733570253046875
ranking_my_rank: 1/504 (100.0%)
ranking_my_percent: 100.0
