ConfigName: kjsd__advperagentrankweighted__M5__L8__eps0p01__g0p0007__ds0p4__dm0p05
Problem: QUBO
Kernel: jsd
Advantage: peragentrankweighted
M: 5
lambda: 8
epsilon_svgd: 0.01
gamma: 0.0007
decay_start_ratio: 0.4
decay_min_factor: 0.05
bandwith_kernel: None
no_interact: False
avg_score: -1250.9599609375
median_score: -1251.5
std_score: 56.14176940917969
percentiles: 2%=-1371.0999755859375, 5%=-1344.25, 10%=-1326.0999755859375, 25%=-1279.25, 50%=-1251.5, 75%=-1210.5, 90%=-1177.9000244140625, 95%=-1167.0, 98%=-1146.9200439453125
ranking_best_algo: SVMMetaModelLogNormal
ranking_best_score: 1233.7999999999997
ranking_my_rank: 1/504 (100.0%)
ranking_my_percent: 100.0
