ConfigName: kjsd__advperagentrankweighted__M3__L18__eps0p01__g0p003__ds0p1__dm0p1
Problem: NK
Kernel: jsd
Advantage: peragentrankweighted
M: 3
lambda: 18
epsilon_svgd: 0.01
gamma: 0.003
decay_start_ratio: 0.1
decay_min_factor: 0.1
bandwith_kernel: None
no_interact: False
avg_score: 0.7108290791511536
median_score: 0.7117048501968384
std_score: 0.015166676603257656
percentiles: 2%=0.673051655292511, 5%=0.6736387610435486, 10%=0.6973563432693481, 25%=0.7083415389060974, 50%=0.7117048501968384, 75%=0.7196757197380066, 90%=0.7254871129989624, 95%=0.732594907283783, 98%=0.7327848076820374
ranking_best_algo: CMApara
ranking_best_score: 0.707475975
ranking_my_rank: 1/504 (100.0%)
ranking_my_percent: 100.0
