ConfigName: kjsd__advperagentrankweighted__M5__L12__eps0p03__g0p0003__ds0p05__dm0p05
Problem: NK
Kernel: jsd
Advantage: peragentrankweighted
M: 5
lambda: 12
epsilon_svgd: 0.03
gamma: 0.0003
decay_start_ratio: 0.05
decay_min_factor: 0.05
bandwith_kernel: None
no_interact: False
avg_score: 0.7016010880470276
median_score: 0.7012001872062683
std_score: 0.005715439096093178
percentiles: 2%=0.6911068558692932, 5%=0.6926559805870056, 10%=0.6937074065208435, 25%=0.6976741552352905, 50%=0.7012001872062683, 75%=0.7047529220581055, 90%=0.7095398306846619, 95%=0.7116971015930176, 98%=0.7133610248565674
ranking_best_algo: PBIL
ranking_best_score: 0.7170882103515624
ranking_my_rank: 68/504 (86.7%)
ranking_my_percent: 86.7063492063492
