ConfigName: krbf__advnormalizedfitness__M3__L8__eps0p033__g0p005__ds0p3__dm0p3
Problem: QUBO
Kernel: rbf
Advantage: normalizedfitness
M: 3
lambda: 8
epsilon_svgd: 0.033
gamma: 0.005
decay_start_ratio: 0.3
decay_min_factor: 0.3
bandwith_kernel: None
no_interact: False
avg_score: -1178.1199951171875
median_score: -1167.0
std_score: 69.07622528076172
percentiles: 2%=-1339.0799560546875, 5%=-1297.300048828125, 10%=-1276.300048828125, 25%=-1220.0, 50%=-1167.0, 75%=-1122.75, 90%=-1095.9000244140625, 95%=-1088.300048828125, 98%=-1059.919921875
ranking_best_algo: Tabu
ranking_best_score: 1216.16
ranking_my_rank: 74/504 (85.5%)
ranking_my_percent: 85.51587301587301
