ConfigName: krbf__advnormalizedfitness__M2__L8__eps0p033__g0p007__ds0p15__dm0p01
Problem: QUBO
Kernel: rbf
Advantage: normalizedfitness
M: 2
lambda: 8
epsilon_svgd: 0.033
gamma: 0.007
decay_start_ratio: 0.15
decay_min_factor: 0.01
bandwith_kernel: None
no_interact: False
avg_score: -3240.320068359375
median_score: -3240.5
std_score: 115.82167053222656
percentiles: 2%=-3511.0400390625, 5%=-3422.949951171875, 10%=-3379.89990234375, 25%=-3318.25, 50%=-3240.5, 75%=-3151.75, 90%=-3109.10009765625, 95%=-3075.75, 98%=-3029.739990234375
ranking_best_algo: RLSOnePlusOne
ranking_best_score: 3316.5199999999995
ranking_my_rank: 42/504 (91.9%)
ranking_my_percent: 91.86507936507937
