ConfigName: kfr__advglobalrankweighted__M1__L11__eps0p01__g0p007__ds0p01__dm0p01
Problem: QUBO
Kernel: fr
Advantage: globalrankweighted
M: 1
lambda: 11
epsilon_svgd: 0.01
gamma: 0.007
decay_start_ratio: 0.01
decay_min_factor: 0.01
bandwith_kernel: None
no_interact: False
avg_score: -134.1199951171875
median_score: -136.5
std_score: 13.478337287902832
percentiles: 2%=-158.0, 5%=-156.10000610351562, 10%=-150.10000610351562, 25%=-144.0, 50%=-136.5, 75%=-126.0, 90%=-113.9000015258789, 95%=-110.90000915527344, 98%=-106.97999572753906
ranking_best_algo: DiscreteDE
ranking_best_score: 143.4
ranking_my_rank: 308/504 (39.1%)
ranking_my_percent: 39.08730158730159
