ConfigName: kjsd__advperagentrankweighted__M3__L16__eps0p007__g0p0005__ds0p2__dm0p2
Problem: QUBO
Kernel: jsd
Advantage: peragentrankweighted
M: 3
lambda: 16
epsilon_svgd: 0.007
gamma: 0.0005
decay_start_ratio: 0.2
decay_min_factor: 0.2
bandwith_kernel: None
no_interact: False
avg_score: -574.5999755859375
median_score: -573.5
std_score: 24.508773803710938
percentiles: 2%=-631.0399780273438, 5%=-619.2999877929688, 10%=-610.0999755859375, 25%=-588.0, 50%=-573.5, 75%=-556.75, 90%=-547.0, 95%=-539.9500122070312, 98%=-529.8400268554688
ranking_best_algo: Tabu
ranking_best_score: 588.7199999999999
ranking_my_rank: 57/503 (88.9%)
ranking_my_percent: 88.86679920477137
