ConfigName: krbf__advnormalizedfitness__M3__L10__eps0p025__g0p015__ds0p15__dm0p01
Problem: NK
Kernel: rbf
Advantage: normalizedfitness
M: 3
lambda: 10
epsilon_svgd: 0.025
gamma: 0.015
decay_start_ratio: 0.15
decay_min_factor: 0.01
bandwith_kernel: None
no_interact: False
avg_score: 0.7449125051498413
median_score: 0.7423176169395447
std_score: 0.027957215905189514
percentiles: 2%=0.7052474617958069, 5%=0.7071219086647034, 10%=0.710521936416626, 25%=0.7202019095420837, 50%=0.7423176169395447, 75%=0.7580187320709229, 90%=0.778337299823761, 95%=0.8044298887252808, 98%=0.8046157956123352
ranking_best_algo: CMApara
ranking_best_score: 0.7459277895312499
ranking_my_rank: 2/504 (99.8%)
ranking_my_percent: 99.8015873015873
