ConfigName: krbf__advnormalizedfitness__M4__L8__eps0p033__g0p005__ds0p3__dm0p3
Problem: QUBO
Kernel: rbf
Advantage: normalizedfitness
M: 4
lambda: 8
epsilon_svgd: 0.033
gamma: 0.005
decay_start_ratio: 0.3
decay_min_factor: 0.3
bandwith_kernel: None
no_interact: False
avg_score: -2475.4599609375
median_score: -2471.5
std_score: 139.22178649902344
percentiles: 2%=-2772.080078125, 5%=-2717.39990234375, 10%=-2645.10009765625, 25%=-2587.25, 50%=-2471.5, 75%=-2353.5, 90%=-2317.10009765625, 95%=-2280.050048828125, 98%=-2202.89990234375
ranking_best_algo: SVM1MetaModelLogNormal
ranking_best_score: 2605.14
ranking_my_rank: 78/504 (84.7%)
ranking_my_percent: 84.72222222222223
