ConfigName: kjsd__advperagentrankweighted__M5__L8__eps0p005__g0p0007__ds0p4__dm0p2
Problem: QUBO
Kernel: jsd
Advantage: peragentrankweighted
M: 5
lambda: 8
epsilon_svgd: 0.005
gamma: 0.0007
decay_start_ratio: 0.4
decay_min_factor: 0.2
bandwith_kernel: None
no_interact: False
avg_score: -944.6199951171875
median_score: -936.5
std_score: 68.8113021850586
percentiles: 2%=-1074.0400390625, 5%=-1065.25, 10%=-1049.5, 25%=-1007.5, 50%=-936.5, 75%=-892.5, 90%=-860.4000244140625, 95%=-842.7999877929688, 98%=-812.9199829101562
ranking_best_algo: CMApara
ranking_best_score: 964.9
ranking_my_rank: 3/504 (99.6%)
ranking_my_percent: 99.60317460317461
