ConfigName: kjsd__advperagentrankweighted__M3__L16__eps0p005__g0p0007__ds0p05__dm0p1
Problem: NK
Kernel: jsd
Advantage: peragentrankweighted
M: 3
lambda: 16
epsilon_svgd: 0.005
gamma: 0.0007
decay_start_ratio: 0.05
decay_min_factor: 0.1
bandwith_kernel: None
no_interact: False
avg_score: 0.7401897311210632
median_score: 0.7379337549209595
std_score: 0.014833527617156506
percentiles: 2%=0.7137631177902222, 5%=0.7173929810523987, 10%=0.722873866558075, 25%=0.7299450039863586, 50%=0.7379337549209595, 75%=0.7484135627746582, 90%=0.7604974508285522, 95%=0.7704159617424011, 98%=0.7772538065910339
ranking_best_algo: Tabu
ranking_best_score: 0.7601875690625
ranking_my_rank: 15/504 (97.2%)
ranking_my_percent: 97.22222222222223
