ConfigName: kjsd__advperagentrankweighted__M5__L8__eps0p005__g0p003__ds0p4__dm0p05
Problem: QUBO
Kernel: jsd
Advantage: peragentrankweighted
M: 5
lambda: 8
epsilon_svgd: 0.005
gamma: 0.003
decay_start_ratio: 0.4
decay_min_factor: 0.05
bandwith_kernel: None
no_interact: False
avg_score: -1095.3599853515625
median_score: -1106.0
std_score: 79.82462310791016
percentiles: 2%=-1251.1600341796875, 5%=-1209.199951171875, 10%=-1189.0, 25%=-1144.0, 50%=-1106.0, 75%=-1048.0, 90%=-983.7999877929688, 95%=-953.5, 98%=-929.52001953125
ranking_best_algo: Tabu
ranking_best_score: 1216.16
ranking_my_rank: 208/504 (58.9%)
ranking_my_percent: 58.92857142857143
