ConfigName: kjsd__advperagentrankweighted__M5__L8__eps0p02__g0p0003__ds0p2__dm0p05
Problem: QUBO
Kernel: jsd
Advantage: peragentrankweighted
M: 5
lambda: 8
epsilon_svgd: 0.02
gamma: 0.0003
decay_start_ratio: 0.2
decay_min_factor: 0.05
bandwith_kernel: None
no_interact: False
avg_score: -921.4199829101562
median_score: -915.5
std_score: 72.49030303955078
percentiles: 2%=-1062.0, 5%=-1048.0999755859375, 10%=-1023.5999755859375, 25%=-970.25, 50%=-915.5, 75%=-878.0, 90%=-830.0, 95%=-810.9000244140625, 98%=-776.9199829101562
ranking_best_algo: CMApara
ranking_best_score: 964.9
ranking_my_rank: 58/504 (88.7%)
ranking_my_percent: 88.69047619047619
