ConfigName: kjsd__advperagentrankweighted__M5__L24__eps0p007__g0p0005__ds0p05__dm0p05
Problem: NK
Kernel: jsd
Advantage: peragentrankweighted
M: 5
lambda: 24
epsilon_svgd: 0.007
gamma: 0.0005
decay_start_ratio: 0.05
decay_min_factor: 0.05
bandwith_kernel: None
no_interact: False
avg_score: 0.759196937084198
median_score: 0.7599502205848694
std_score: 0.011821944266557693
percentiles: 2%=0.735243558883667, 5%=0.7413985729217529, 10%=0.7447718977928162, 25%=0.7500313520431519, 50%=0.7599502205848694, 75%=0.7687679529190063, 90%=0.7740782499313354, 95%=0.7788391709327698, 98%=0.779768705368042
ranking_best_algo: Tabu
ranking_best_score: 0.7470791764843752
ranking_my_rank: 1/504 (100.0%)
ranking_my_percent: 100.0
