ConfigName: krbf__advnormalizedfitness__M4__L10__eps0p033__g0p015__ds0p01__dm0p3
Problem: QUBO
Kernel: rbf
Advantage: normalizedfitness
M: 4
lambda: 10
epsilon_svgd: 0.033
gamma: 0.015
decay_start_ratio: 0.01
decay_min_factor: 0.3
bandwith_kernel: None
no_interact: False
avg_score: -388.1600036621094
median_score: -384.5
std_score: 34.04312515258789
percentiles: 2%=-459.0400085449219, 5%=-451.29998779296875, 10%=-432.29998779296875, 25%=-414.0, 50%=-384.5, 75%=-363.0, 90%=-349.79998779296875, 95%=-337.95001220703125, 98%=-323.89996337890625
ranking_best_algo: CMAL3
ranking_best_score: 435.36
ranking_my_rank: 270/504 (46.6%)
ranking_my_percent: 46.62698412698413
