ConfigName: kjsd__advperagentrankweighted__M4__L10__eps0p01__g0p0007__ds0p2__dm0p05
Problem: QUBO
Kernel: jsd
Advantage: peragentrankweighted
M: 4
lambda: 10
epsilon_svgd: 0.01
gamma: 0.0007
decay_start_ratio: 0.2
decay_min_factor: 0.05
bandwith_kernel: None
no_interact: False
avg_score: -306.5799865722656
median_score: -300.0
std_score: 37.5534782409668
percentiles: 2%=-388.0400085449219, 5%=-384.0, 10%=-355.3999938964844, 25%=-328.5, 50%=-300.0, 75%=-276.5, 90%=-262.0, 95%=-257.8999938964844, 98%=-250.77999877929688
ranking_best_algo: CMApara
ranking_best_score: 319.29999999999995
ranking_my_rank: 112/504 (78.0%)
ranking_my_percent: 77.97619047619048
