ConfigName: kjsd__advperagentrankweighted__M4__L12__eps0p005__g0p001__ds0p1__dm0p2
Problem: QUBO
Kernel: jsd
Advantage: peragentrankweighted
M: 4
lambda: 12
epsilon_svgd: 0.005
gamma: 0.001
decay_start_ratio: 0.1
decay_min_factor: 0.2
bandwith_kernel: None
no_interact: False
avg_score: -1197.280029296875
median_score: -1192.5
std_score: 64.6815414428711
percentiles: 2%=-1351.1600341796875, 5%=-1299.300048828125, 10%=-1283.699951171875, 25%=-1238.25, 50%=-1192.5, 75%=-1149.75, 90%=-1124.0999755859375, 95%=-1095.800048828125, 98%=-1066.9599609375
ranking_best_algo: Tabu
ranking_best_score: 1216.16
ranking_my_rank: 45/504 (91.3%)
ranking_my_percent: 91.26984126984127
