ConfigName: kjsd__advperagentrankweighted__M3__L24__eps0p005__g0p001__ds0p05__dm0p1
Problem: NK
Kernel: jsd
Advantage: peragentrankweighted
M: 3
lambda: 24
epsilon_svgd: 0.005
gamma: 0.001
decay_start_ratio: 0.05
decay_min_factor: 0.1
bandwith_kernel: None
no_interact: False
avg_score: 0.7108485698699951
median_score: 0.711135745048523
std_score: 0.015183313749730587
percentiles: 2%=0.6733669638633728, 5%=0.6739691495895386, 10%=0.6953539252281189, 25%=0.7078511714935303, 50%=0.711135745048523, 75%=0.7203248739242554, 90%=0.72550368309021, 95%=0.7328556180000305, 98%=0.7343583703041077
ranking_best_algo: CMApara
ranking_best_score: 0.707475975
ranking_my_rank: 1/504 (100.0%)
ranking_my_percent: 100.0
