ConfigName: krbf__advnormalizedfitness__M3__L12__eps0p025__g0p01__ds0p15__dm0p3
Problem: QUBO
Kernel: rbf
Advantage: normalizedfitness
M: 3
lambda: 12
epsilon_svgd: 0.025
gamma: 0.01
decay_start_ratio: 0.15
decay_min_factor: 0.3
bandwith_kernel: None
no_interact: False
avg_score: -200.97999572753906
median_score: -201.0
std_score: 12.477163314819336
percentiles: 2%=-224.0, 5%=-222.0, 10%=-219.0, 25%=-210.25, 50%=-201.0, 75%=-192.0, 90%=-184.89999389648438, 95%=-181.95001220703125, 98%=-178.91998291015625
ranking_best_algo: Tabu
ranking_best_score: 208.36000000000004
ranking_my_rank: 43/504 (91.7%)
ranking_my_percent: 91.66666666666667
