ConfigName: kjsd__advperagentrankweighted__M3__L20__eps0p005__g0p001__ds0p05__dm0p1
Problem: QUBO
Kernel: jsd
Advantage: peragentrankweighted
M: 3
lambda: 20
epsilon_svgd: 0.005
gamma: 0.001
decay_start_ratio: 0.05
decay_min_factor: 0.1
bandwith_kernel: None
no_interact: False
avg_score: -913.8800048828125
median_score: -911.5
std_score: 61.41762924194336
percentiles: 2%=-1052.0, 5%=-1016.0999755859375, 10%=-988.2999877929688, 25%=-959.0, 50%=-911.5, 75%=-875.0, 90%=-832.9000244140625, 95%=-811.75, 98%=-798.7999877929688
ranking_best_algo: CMAL3
ranking_best_score: 928.5800000000002
ranking_my_rank: 17/504 (96.8%)
ranking_my_percent: 96.82539682539682
