ConfigName: kjsd__advperagentrankweighted__M3__L20__eps0p005__g0p001__ds0p2__dm0p2
Problem: NK
Kernel: jsd
Advantage: peragentrankweighted
M: 3
lambda: 20
epsilon_svgd: 0.005
gamma: 0.001
decay_start_ratio: 0.2
decay_min_factor: 0.2
bandwith_kernel: None
no_interact: False
avg_score: 0.7337548732757568
median_score: 0.7355310320854187
std_score: 0.009689942002296448
percentiles: 2%=0.7134221792221069, 5%=0.7148388624191284, 10%=0.7192903161048889, 25%=0.7265692353248596, 50%=0.7355310320854187, 75%=0.7416698336601257, 90%=0.7452929019927979, 95%=0.7462766170501709, 98%=0.7484780550003052
ranking_best_algo: PBIL
ranking_best_score: 0.7248786399609374
ranking_my_rank: 1/504 (100.0%)
ranking_my_percent: 100.0
