ConfigName: kjsd__advperagentrankweighted__M3__L24__eps0p005__g0p001__ds0p05__dm0p05
Problem: QUBO
Kernel: jsd
Advantage: peragentrankweighted
M: 3
lambda: 24
epsilon_svgd: 0.005
gamma: 0.001
decay_start_ratio: 0.05
decay_min_factor: 0.05
bandwith_kernel: None
no_interact: False
avg_score: -417.17999267578125
median_score: -418.0
std_score: 24.00349235534668
percentiles: 2%=-469.0, 5%=-455.1000061035156, 10%=-450.20001220703125, 25%=-434.5, 50%=-418.0, 75%=-400.75, 90%=-385.6000061035156, 95%=-377.8999938964844, 98%=-373.8800048828125
ranking_best_algo: Tabu
ranking_best_score: 438.12
ranking_my_rank: 41/504 (92.1%)
ranking_my_percent: 92.06349206349206
