ConfigName: krbf__advnormalizedfitness__M2__L10__eps0p033__g0p007__ds0p15__dm0p01
Problem: QUBO
Kernel: rbf
Advantage: normalizedfitness
M: 2
lambda: 10
epsilon_svgd: 0.033
gamma: 0.007
decay_start_ratio: 0.15
decay_min_factor: 0.01
bandwith_kernel: None
no_interact: False
avg_score: -1188.3800048828125
median_score: -1186.0
std_score: 62.591339111328125
percentiles: 2%=-1321.6400146484375, 5%=-1287.9000244140625, 10%=-1269.0999755859375, 25%=-1225.25, 50%=-1186.0, 75%=-1147.0, 90%=-1113.5, 95%=-1081.9000244140625, 98%=-1068.9599609375
ranking_best_algo: Tabu
ranking_best_score: 1216.16
ranking_my_rank: 61/504 (88.1%)
ranking_my_percent: 88.0952380952381
