ConfigName: kjsd__advperagentrankweighted__M8__L12__eps0p008__g0p0005__ds0p3__dm0p05
Problem: NK
Kernel: jsd
Advantage: peragentrankweighted
M: 8
lambda: 12
epsilon_svgd: 0.008
gamma: 0.0005
decay_start_ratio: 0.3
decay_min_factor: 0.05
bandwith_kernel: None
no_interact: False
avg_score: 0.7391903400421143
median_score: 0.7393349409103394
std_score: 0.008240894414484501
percentiles: 2%=0.7227004170417786, 5%=0.7247896790504456, 10%=0.727780282497406, 25%=0.7348961234092712, 50%=0.7393349409103394, 75%=0.7453181743621826, 90%=0.7488724589347839, 95%=0.7527130246162415, 98%=0.7546128630638123
ranking_best_algo: PBIL
ranking_best_score: 0.730509098125
ranking_my_rank: 1/504 (100.0%)
ranking_my_percent: 100.0
