ConfigName: krbf__advnormalizedfitness__M2__L6__eps0p01__g0p006__ds0p3__dm0p01
Problem: QUBO
Kernel: rbf
Advantage: normalizedfitness
M: 2
lambda: 6
epsilon_svgd: 0.01
gamma: 0.006
decay_start_ratio: 0.3
decay_min_factor: 0.01
bandwith_kernel: None
no_interact: False
avg_score: -423.20001220703125
median_score: -428.0
std_score: 29.591890335083008
percentiles: 2%=-481.1199951171875, 5%=-471.1000061035156, 10%=-461.3999938964844, 25%=-439.0, 50%=-428.0, 75%=-406.75, 90%=-382.5, 95%=-362.95001220703125, 98%=-356.0
ranking_best_algo: CMAL3
ranking_best_score: 435.36
ranking_my_rank: 33/504 (93.7%)
ranking_my_percent: 93.65079365079364
