ConfigName: kjsd__advperagentrankweighted__M10__L12__eps0p005__g0p0005__ds0p3__dm0p05
Problem: QUBO
Kernel: jsd
Advantage: peragentrankweighted
M: 10
lambda: 12
epsilon_svgd: 0.005
gamma: 0.0005
decay_start_ratio: 0.3
decay_min_factor: 0.05
bandwith_kernel: None
no_interact: False
avg_score: -1955.800048828125
median_score: -1955.0
std_score: 151.1697235107422
percentiles: 2%=-2272.0400390625, 5%=-2221.35009765625, 10%=-2191.39990234375, 25%=-2046.0, 50%=-1955.0, 75%=-1842.0, 90%=-1784.800048828125, 95%=-1741.25, 98%=-1665.8599853515625
ranking_best_algo: SVM1MetaModelLogNormal
ranking_best_score: 2605.14
ranking_my_rank: 290/504 (42.7%)
ranking_my_percent: 42.65873015873016
