ConfigName: kfr__advglobalrankweighted__M4__L9__eps0p02__g0p003__ds0p01__dm0p01
Problem: QUBO
Kernel: fr
Advantage: globalrankweighted
M: 4
lambda: 9
epsilon_svgd: 0.02
gamma: 0.003
decay_start_ratio: 0.01
decay_min_factor: 0.01
bandwith_kernel: None
no_interact: False
avg_score: -440.2200012207031
median_score: -441.0
std_score: 26.579532623291016
percentiles: 2%=-487.1000061035156, 5%=-475.1000061035156, 10%=-472.0, 25%=-461.0, 50%=-441.0, 75%=-422.75, 90%=-402.8999938964844, 95%=-395.95001220703125, 98%=-383.9200134277344
ranking_best_algo: CMApara
ranking_best_score: 453.82
ranking_my_rank: 15/504 (97.2%)
ranking_my_percent: 97.22222222222223
