ConfigName: kjsd__advperagentrankweighted__M3__L18__eps0p007__g0p001__ds0p05__dm0p05
Problem: QUBO
Kernel: jsd
Advantage: peragentrankweighted
M: 3
lambda: 18
epsilon_svgd: 0.007
gamma: 0.001
decay_start_ratio: 0.05
decay_min_factor: 0.05
bandwith_kernel: None
no_interact: False
avg_score: -138.52000427246094
median_score: -140.5
std_score: 11.963678359985352
percentiles: 2%=-159.0, 5%=-158.0, 10%=-154.1999969482422, 25%=-146.0, 50%=-140.5, 75%=-130.0, 90%=-124.80000305175781, 95%=-117.9000015258789, 98%=-112.87999725341797
ranking_best_algo: DiscreteDE
ranking_best_score: 143.4
ranking_my_rank: 100/504 (80.4%)
ranking_my_percent: 80.35714285714286
