ConfigName: kjsd__advperagentrankweighted__M4__L8__eps0p005__g0p003__ds0p05__dm0p05
Problem: QUBO
Kernel: jsd
Advantage: peragentrankweighted
M: 4
lambda: 8
epsilon_svgd: 0.005
gamma: 0.003
decay_start_ratio: 0.05
decay_min_factor: 0.05
bandwith_kernel: None
no_interact: False
avg_score: -200.6999969482422
median_score: -201.5
std_score: 12.610709190368652
percentiles: 2%=-224.0, 5%=-222.10000610351562, 10%=-218.10000610351562, 25%=-209.0, 50%=-201.5, 75%=-192.5, 90%=-185.89999389648438, 95%=-176.0, 98%=-173.9600067138672
ranking_best_algo: Tabu
ranking_best_score: 208.36000000000004
ranking_my_rank: 45/504 (91.3%)
ranking_my_percent: 91.26984126984127
