ConfigName: kjsd__advperagentrankweighted__M5__L28__eps0p008__g0p0005__ds0p05__dm0p05
Problem: QUBO
Kernel: jsd
Advantage: peragentrankweighted
M: 5
lambda: 28
epsilon_svgd: 0.008
gamma: 0.0005
decay_start_ratio: 0.05
decay_min_factor: 0.05
bandwith_kernel: None
no_interact: False
avg_score: -918.9400024414062
median_score: -929.5
std_score: 57.53065872192383
percentiles: 2%=-1018.2000122070312, 5%=-1001.4500122070312, 10%=-983.5999755859375, 25%=-959.5, 50%=-929.5, 75%=-879.0, 90%=-841.7000122070312, 95%=-819.4500122070312, 98%=-798.739990234375
ranking_best_algo: CMAL3
ranking_best_score: 928.5800000000002
ranking_my_rank: 10/504 (98.2%)
ranking_my_percent: 98.21428571428571
