ConfigName: kjsd__advperagentrankweighted__M4__L12__eps0p02__g0p0003__ds0p2__dm0p05
Problem: QUBO
Kernel: jsd
Advantage: peragentrankweighted
M: 4
lambda: 12
epsilon_svgd: 0.02
gamma: 0.0003
decay_start_ratio: 0.2
decay_min_factor: 0.05
bandwith_kernel: None
no_interact: False
avg_score: -405.0400085449219
median_score: -407.5
std_score: 28.261608123779297
percentiles: 2%=-457.0400085449219, 5%=-451.1000061035156, 10%=-440.6000061035156, 25%=-422.0, 50%=-407.5, 75%=-386.75, 90%=-367.79998779296875, 95%=-355.8999938964844, 98%=-349.8399963378906
ranking_best_algo: Tabu
ranking_best_score: 438.12
ranking_my_rank: 174/504 (65.7%)
ranking_my_percent: 65.67460317460318
