ConfigName: kjsd__advperagentrankweighted__M5__L8__eps0p005__g0p0005__ds0p4__dm0p2
Problem: QUBO
Kernel: jsd
Advantage: peragentrankweighted
M: 5
lambda: 8
epsilon_svgd: 0.005
gamma: 0.0005
decay_start_ratio: 0.4
decay_min_factor: 0.2
bandwith_kernel: None
no_interact: False
avg_score: -581.5399780273438
median_score: -578.0
std_score: 26.303390502929688
percentiles: 2%=-641.0, 5%=-631.0999755859375, 10%=-621.2000122070312, 25%=-595.5, 50%=-578.0, 75%=-562.75, 90%=-551.7000122070312, 95%=-545.8499755859375, 98%=-537.9199829101562
ranking_best_algo: Tabu
ranking_best_score: 588.7199999999999
ranking_my_rank: 36/503 (93.0%)
ranking_my_percent: 93.04174950298211
