ConfigName: kjsd__advperagentrankweighted__M3__L20__eps0p005__g0p001__ds0p05__dm0p1
Problem: NK
Kernel: jsd
Advantage: peragentrankweighted
M: 3
lambda: 20
epsilon_svgd: 0.005
gamma: 0.001
decay_start_ratio: 0.05
decay_min_factor: 0.1
bandwith_kernel: None
no_interact: False
avg_score: 0.7069402933120728
median_score: 0.7049626111984253
std_score: 0.01197551004588604
percentiles: 2%=0.6860291361808777, 5%=0.6894654035568237, 10%=0.6928461790084839, 25%=0.698172390460968, 50%=0.7049626111984253, 75%=0.717156171798706, 90%=0.7234824299812317, 95%=0.727526068687439, 98%=0.7318638563156128
ranking_best_algo: PBIL
ranking_best_score: 0.7170882103515624
ranking_my_rank: 58/504 (88.7%)
ranking_my_percent: 88.69047619047619
