ConfigName: kjsd__advperagentrankweighted__M3__L18__eps0p007__g0p0005__ds0p1__dm0p2
Problem: QUBO
Kernel: jsd
Advantage: peragentrankweighted
M: 3
lambda: 18
epsilon_svgd: 0.007
gamma: 0.0005
decay_start_ratio: 0.1
decay_min_factor: 0.2
bandwith_kernel: None
no_interact: False
avg_score: -2646.89990234375
median_score: -2632.0
std_score: 141.06051635742188
percentiles: 2%=-2912.280029296875, 5%=-2896.25, 10%=-2839.199951171875, 25%=-2748.25, 50%=-2632.0, 75%=-2538.25, 90%=-2480.0, 95%=-2441.75, 98%=-2359.820068359375
ranking_best_algo: DiscreteLengler2OnePlusOne
ranking_best_score: 2617.04
ranking_my_rank: 1/504 (100.0%)
ranking_my_percent: 100.0
