ConfigName: kjsd__advperagentrankweighted__M3__L24__eps0p007__g0p0005__ds0p1__dm0p2
Problem: QUBO
Kernel: jsd
Advantage: peragentrankweighted
M: 3
lambda: 24
epsilon_svgd: 0.007
gamma: 0.0005
decay_start_ratio: 0.1
decay_min_factor: 0.2
bandwith_kernel: None
no_interact: False
avg_score: -3307.159912109375
median_score: -3303.0
std_score: 128.6750030517578
percentiles: 2%=-3538.89990234375, 5%=-3519.10009765625, 10%=-3464.800048828125, 25%=-3397.5, 50%=-3303.0, 75%=-3225.0, 90%=-3140.89990234375, 95%=-3101.89990234375, 98%=-3041.419921875
ranking_best_algo: RLSOnePlusOne
ranking_best_score: 3316.5199999999995
ranking_my_rank: 3/504 (99.6%)
ranking_my_percent: 99.60317460317461
