ConfigName: krbf__advnormalizedfitness__M4__L10__eps0p025__g0p015__ds0p01__dm0p01
Problem: NK
Kernel: rbf
Advantage: normalizedfitness
M: 4
lambda: 10
epsilon_svgd: 0.025
gamma: 0.015
decay_start_ratio: 0.01
decay_min_factor: 0.01
bandwith_kernel: None
no_interact: False
avg_score: 0.7129036784172058
median_score: 0.713104248046875
std_score: 0.02175682596862316
percentiles: 2%=0.6754754185676575, 5%=0.6810157895088196, 10%=0.6853584051132202, 25%=0.6956748366355896, 50%=0.713104248046875, 75%=0.7277942895889282, 90%=0.7398377656936646, 95%=0.7481234669685364, 98%=0.7594362497329712
ranking_best_algo: Tabu
ranking_best_score: 0.7601875690625
ranking_my_rank: 246/504 (51.4%)
ranking_my_percent: 51.388888888888886
