ConfigName: krbf__advnormalizedfitness__M2__L8__eps0p025__g0p015__ds0p3__dm0p01
Problem: QUBO
Kernel: rbf
Advantage: normalizedfitness
M: 2
lambda: 8
epsilon_svgd: 0.025
gamma: 0.015
decay_start_ratio: 0.3
decay_min_factor: 0.01
bandwith_kernel: None
no_interact: False
avg_score: -199.72000122070312
median_score: -200.5
std_score: 12.288270950317383
percentiles: 2%=-224.0, 5%=-220.10000610351562, 10%=-215.0, 25%=-207.0, 50%=-200.5, 75%=-191.75, 90%=-183.89999389648438, 95%=-180.0, 98%=-178.86000061035156
ranking_best_algo: Tabu
ranking_best_score: 208.36000000000004
ranking_my_rank: 64/504 (87.5%)
ranking_my_percent: 87.5
