ConfigName: krbf__advnormalizedfitness__M2__L10__eps0p015__g0p01__ds0p3__dm0p3
Problem: QUBO
Kernel: rbf
Advantage: normalizedfitness
M: 2
lambda: 10
epsilon_svgd: 0.015
gamma: 0.01
decay_start_ratio: 0.3
decay_min_factor: 0.3
bandwith_kernel: None
no_interact: False
avg_score: -2397.47998046875
median_score: -2405.0
std_score: 159.214599609375
percentiles: 2%=-2737.419921875, 5%=-2643.14990234375, 10%=-2608.10009765625, 25%=-2497.25, 50%=-2405.0, 75%=-2289.5, 90%=-2169.800048828125, 95%=-2137.699951171875, 98%=-2075.360107421875
ranking_best_algo: SVM1MetaModelLogNormal
ranking_best_score: 2605.14
ranking_my_rank: 95/504 (81.3%)
ranking_my_percent: 81.34920634920636
