ConfigName: krbf__advnormalizedfitness__M4__L15__eps0p015__g0p007__ds0p01__dm0p01
Problem: QUBO
Kernel: rbf
Advantage: normalizedfitness
M: 4
lambda: 15
epsilon_svgd: 0.015
gamma: 0.007
decay_start_ratio: 0.01
decay_min_factor: 0.01
bandwith_kernel: None
no_interact: False
avg_score: -428.1199951171875
median_score: -424.5
std_score: 27.63739585876465
percentiles: 2%=-490.0, 5%=-479.1000061035156, 10%=-465.1000061035156, 25%=-447.0, 50%=-424.5, 75%=-407.0, 90%=-394.0, 95%=-388.95001220703125, 98%=-380.94000244140625
ranking_best_algo: CMApara
ranking_best_score: 453.82
ranking_my_rank: 100/504 (80.4%)
ranking_my_percent: 80.35714285714286
