ConfigName: kjsd__advperagentrankweighted__M3__L18__eps0p007__g0p0005__ds0p2__dm0p2
Problem: QUBO
Kernel: jsd
Advantage: peragentrankweighted
M: 3
lambda: 18
epsilon_svgd: 0.007
gamma: 0.0005
decay_start_ratio: 0.2
decay_min_factor: 0.2
bandwith_kernel: None
no_interact: False
avg_score: -575.9400024414062
median_score: -575.5
std_score: 26.020692825317383
percentiles: 2%=-633.0, 5%=-617.4000244140625, 10%=-611.0999755859375, 25%=-592.25, 50%=-575.5, 75%=-561.0, 90%=-542.5999755859375, 95%=-531.8499755859375, 98%=-523.97998046875
ranking_best_algo: Tabu
ranking_best_score: 588.7199999999999
ranking_my_rank: 56/503 (89.1%)
ranking_my_percent: 89.06560636182903
