ConfigName: krbf__advnormalizedfitness__M4__L15__eps0p033__g0p005__ds0p15__dm0p01
Problem: QUBO
Kernel: rbf
Advantage: normalizedfitness
M: 4
lambda: 15
epsilon_svgd: 0.033
gamma: 0.005
decay_start_ratio: 0.15
decay_min_factor: 0.01
bandwith_kernel: None
no_interact: False
avg_score: -415.32000732421875
median_score: -418.0
std_score: 26.524282455444336
percentiles: 2%=-473.0400085449219, 5%=-461.20001220703125, 10%=-449.29998779296875, 25%=-430.25, 50%=-418.0, 75%=-395.75, 90%=-378.8999938964844, 95%=-373.9000244140625, 98%=-365.8799743652344
ranking_best_algo: Tabu
ranking_best_score: 438.12
ranking_my_rank: 50/504 (90.3%)
ranking_my_percent: 90.27777777777777
