ConfigName: krbf__advnormalizedfitness__M3__L12__eps0p025__g0p007__ds0p01__dm0p3
Problem: NK
Kernel: rbf
Advantage: normalizedfitness
M: 3
lambda: 12
epsilon_svgd: 0.025
gamma: 0.007
decay_start_ratio: 0.01
decay_min_factor: 0.3
bandwith_kernel: None
no_interact: False
avg_score: 0.7379143238067627
median_score: 0.738982081413269
std_score: 0.009327209554612637
percentiles: 2%=0.7165154814720154, 5%=0.7214953303337097, 10%=0.7245883345603943, 25%=0.733604371547699, 50%=0.738982081413269, 75%=0.743177592754364, 90%=0.7477098703384399, 95%=0.7537909746170044, 98%=0.7579370141029358
ranking_best_algo: PBIL
ranking_best_score: 0.730509098125
ranking_my_rank: 1/504 (100.0%)
ranking_my_percent: 100.0
