ConfigName: krbf__advnormalizedfitness__M3__L15__eps0p03__g0p005__ds0p15__dm0p05
Problem: QUBO
Kernel: rbf
Advantage: normalizedfitness
M: 3
lambda: 15
epsilon_svgd: 0.03
gamma: 0.005
decay_start_ratio: 0.15
decay_min_factor: 0.05
bandwith_kernel: None
no_interact: False
avg_score: -138.74000549316406
median_score: -141.0
std_score: 10.757899284362793
percentiles: 2%=-157.02000427246094, 5%=-156.0, 10%=-152.0, 25%=-146.0, 50%=-141.0, 75%=-130.0, 90%=-125.9000015258789, 95%=-120.9000015258789, 98%=-114.95999908447266
ranking_best_algo: DiscreteDE
ranking_best_score: 143.4
ranking_my_rank: 96/504 (81.2%)
ranking_my_percent: 81.15079365079364
