ConfigName: krbf__advnormalizedfitness__M4__L8__eps0p02__g0p01__ds0p15__dm0p05
Problem: NK
Kernel: rbf
Advantage: normalizedfitness
M: 4
lambda: 8
epsilon_svgd: 0.02
gamma: 0.01
decay_start_ratio: 0.15
decay_min_factor: 0.05
bandwith_kernel: None
no_interact: False
avg_score: 0.7489989399909973
median_score: 0.7484626770019531
std_score: 0.014993701130151749
percentiles: 2%=0.7154104113578796, 5%=0.7249789237976074, 10%=0.7316054701805115, 25%=0.7378408908843994, 50%=0.7484626770019531, 75%=0.7595952749252319, 90%=0.7677816152572632, 95%=0.7729747891426086, 98%=0.7769127488136292
ranking_best_algo: Tabu
ranking_best_score: 0.7470791764843752
ranking_my_rank: 1/504 (100.0%)
ranking_my_percent: 100.0
