ConfigName: kjsd__advperagentrankweighted__M4__L20__eps0p007__g0p0005__ds0p1__dm0p1
Problem: QUBO
Kernel: jsd
Advantage: peragentrankweighted
M: 4
lambda: 20
epsilon_svgd: 0.007
gamma: 0.0005
decay_start_ratio: 0.1
decay_min_factor: 0.1
bandwith_kernel: None
no_interact: False
avg_score: -3295.780029296875
median_score: -3302.5
std_score: 124.50056457519531
percentiles: 2%=-3512.679931640625, 5%=-3488.60009765625, 10%=-3464.0, 25%=-3375.0, 50%=-3302.5, 75%=-3200.0, 90%=-3132.199951171875, 95%=-3108.35009765625, 98%=-3049.43994140625
ranking_best_algo: RLSOnePlusOne
ranking_best_score: 3316.5199999999995
ranking_my_rank: 3/504 (99.6%)
ranking_my_percent: 99.60317460317461
