ConfigName: kjsd__advperagentrankweighted__M3__L18__eps0p01__g0p001__ds0p1__dm0p1
Problem: NK
Kernel: jsd
Advantage: peragentrankweighted
M: 3
lambda: 18
epsilon_svgd: 0.01
gamma: 0.001
decay_start_ratio: 0.1
decay_min_factor: 0.1
bandwith_kernel: None
no_interact: False
avg_score: 0.7222369909286499
median_score: 0.7209404706954956
std_score: 0.007880459539592266
percentiles: 2%=0.7077764272689819, 5%=0.7104135155677795, 10%=0.7114837765693665, 25%=0.7178522944450378, 50%=0.7209404706954956, 75%=0.7274392247200012, 90%=0.7332059144973755, 95%=0.7353677153587341, 98%=0.7391364574432373
ranking_best_algo: PBIL
ranking_best_score: 0.7170882103515624
ranking_my_rank: 1/504 (100.0%)
ranking_my_percent: 100.0
