ConfigName: krbf__advnormalizedfitness__M3__L15__eps0p015__g0p01__ds0p15__dm0p3
Problem: QUBO
Kernel: rbf
Advantage: normalizedfitness
M: 3
lambda: 15
epsilon_svgd: 0.015
gamma: 0.01
decay_start_ratio: 0.15
decay_min_factor: 0.3
bandwith_kernel: None
no_interact: False
avg_score: -805.219970703125
median_score: -802.0
std_score: 92.05939483642578
percentiles: 2%=-991.6799926757812, 5%=-957.4500122070312, 10%=-929.5999755859375, 25%=-847.5, 50%=-802.0, 75%=-737.0, 90%=-697.0, 95%=-686.6500244140625, 98%=-665.8199462890625
ranking_best_algo: Tabu
ranking_best_score: 1216.16
ranking_my_rank: 332/504 (34.3%)
ranking_my_percent: 34.32539682539682
