ConfigName: kjsd__advperagentrankweighted__M3__L18__eps0p005__g0p001__ds0p1__dm0p05
Problem: NK
Kernel: jsd
Advantage: peragentrankweighted
M: 3
lambda: 18
epsilon_svgd: 0.005
gamma: 0.001
decay_start_ratio: 0.1
decay_min_factor: 0.05
bandwith_kernel: None
no_interact: False
avg_score: 0.7504912614822388
median_score: 0.7505975365638733
std_score: 0.008158447220921516
percentiles: 2%=0.7366618514060974, 5%=0.7390365600585938, 10%=0.7404807209968567, 25%=0.7444319725036621, 50%=0.7505975365638733, 75%=0.7556426525115967, 90%=0.760052502155304, 95%=0.7644160389900208, 98%=0.7725462317466736
ranking_best_algo: PBIL
ranking_best_score: 0.733570253046875
ranking_my_rank: 1/504 (100.0%)
ranking_my_percent: 100.0
