ConfigName: krbf__advnormalizedfitness__M2__L14__eps0p025__g0p007__ds0p15__dm0p01
Problem: QUBO
Kernel: rbf
Advantage: normalizedfitness
M: 2
lambda: 14
epsilon_svgd: 0.025
gamma: 0.007
decay_start_ratio: 0.15
decay_min_factor: 0.01
bandwith_kernel: None
no_interact: False
avg_score: -420.79998779296875
median_score: -424.0
std_score: 27.999286651611328
percentiles: 2%=-473.0400085449219, 5%=-467.0, 10%=-457.3999938964844, 25%=-438.0, 50%=-424.0, 75%=-397.0, 90%=-384.8999938964844, 95%=-375.8999938964844, 98%=-369.9599914550781
ranking_best_algo: CMAL3
ranking_best_score: 435.36
ranking_my_rank: 59/504 (88.5%)
ranking_my_percent: 88.4920634920635
