ConfigName: krbf__advnormalizedfitness__M3__L12__eps0p025__g0p005__ds0p01__dm0p01
Problem: QUBO
Kernel: rbf
Advantage: normalizedfitness
M: 3
lambda: 12
epsilon_svgd: 0.025
gamma: 0.005
decay_start_ratio: 0.01
decay_min_factor: 0.01
bandwith_kernel: None
no_interact: False
avg_score: -579.3200073242188
median_score: -579.0
std_score: 25.124841690063477
percentiles: 2%=-629.1199951171875, 5%=-623.1500244140625, 10%=-610.2000122070312, 25%=-597.25, 50%=-579.0, 75%=-560.0, 90%=-548.9000244140625, 95%=-538.75, 98%=-528.9599609375
ranking_best_algo: Tabu
ranking_best_score: 588.7199999999999
ranking_my_rank: 41/503 (92.0%)
ranking_my_percent: 92.04771371769384
