ConfigName: kjsd__advperagentrankweighted__M3__L20__eps0p007__g0p0007__ds0p05__dm0p05
Problem: QUBO
Kernel: jsd
Advantage: peragentrankweighted
M: 3
lambda: 20
epsilon_svgd: 0.007
gamma: 0.0007
decay_start_ratio: 0.05
decay_min_factor: 0.05
bandwith_kernel: None
no_interact: False
avg_score: -436.7799987792969
median_score: -437.0
std_score: 26.660675048828125
percentiles: 2%=-483.29998779296875, 5%=-475.1000061035156, 10%=-470.20001220703125, 25%=-455.5, 50%=-437.0, 75%=-417.0, 90%=-401.8999938964844, 95%=-389.95001220703125, 98%=-385.94000244140625
ranking_best_algo: CMApara
ranking_best_score: 453.82
ranking_my_rank: 30/504 (94.2%)
ranking_my_percent: 94.24603174603175
