ConfigName: krbf__advnormalizedfitness__M4__L10__eps0p033__g0p015__ds0p01__dm0p3
Problem: QUBO
Kernel: rbf
Advantage: normalizedfitness
M: 4
lambda: 10
epsilon_svgd: 0.033
gamma: 0.015
decay_start_ratio: 0.01
decay_min_factor: 0.3
bandwith_kernel: None
no_interact: False
avg_score: -499.3599853515625
median_score: -499.0
std_score: 46.59389114379883
percentiles: 2%=-597.0399780273438, 5%=-579.3499755859375, 10%=-557.0999755859375, 25%=-524.75, 50%=-499.0, 75%=-471.5, 90%=-442.79998779296875, 95%=-416.0, 98%=-400.9599914550781
ranking_best_algo: Tabu
ranking_best_score: 588.7199999999999
ranking_my_rank: 259/503 (48.7%)
ranking_my_percent: 48.70775347912525
