ConfigName: kjsd__advperagentrankweighted__M4__L20__eps0p005__g0p001__ds0p2__dm0p05
Problem: QUBO
Kernel: jsd
Advantage: peragentrankweighted
M: 4
lambda: 20
epsilon_svgd: 0.005
gamma: 0.001
decay_start_ratio: 0.2
decay_min_factor: 0.05
bandwith_kernel: None
no_interact: False
avg_score: -138.89999389648438
median_score: -139.5
std_score: 11.194195747375488
percentiles: 2%=-158.02000427246094, 5%=-158.0, 10%=-156.0, 25%=-146.0, 50%=-139.5, 75%=-130.75, 90%=-125.0, 95%=-120.9000015258789, 98%=-115.0
ranking_best_algo: DiscreteDE
ranking_best_score: 143.4
ranking_my_rank: 94/504 (81.5%)
ranking_my_percent: 81.54761904761905
