ConfigName: kjsd__advperagentrankweighted__M3__L18__eps0p005__g0p0007__ds0p2__dm0p1
Problem: QUBO
Kernel: jsd
Advantage: peragentrankweighted
M: 3
lambda: 18
epsilon_svgd: 0.005
gamma: 0.0007
decay_start_ratio: 0.2
decay_min_factor: 0.1
bandwith_kernel: None
no_interact: False
avg_score: -2610.179931640625
median_score: -2611.0
std_score: 127.22785186767578
percentiles: 2%=-2853.0400390625, 5%=-2824.39990234375, 10%=-2793.39990234375, 25%=-2701.5, 50%=-2611.0, 75%=-2503.75, 90%=-2446.699951171875, 95%=-2428.75, 98%=-2397.43994140625
ranking_best_algo: SVM1MetaModelLogNormal
ranking_best_score: 2605.14
ranking_my_rank: 1/504 (100.0%)
ranking_my_percent: 100.0
