ConfigName: kjsd__advperagentrankweighted__M8__L24__eps0p008__g0p0005__ds0p3__dm0p05
Problem: NK
Kernel: jsd
Advantage: peragentrankweighted
M: 8
lambda: 24
epsilon_svgd: 0.008
gamma: 0.0005
decay_start_ratio: 0.3
decay_min_factor: 0.05
bandwith_kernel: None
no_interact: False
avg_score: 0.7254524827003479
median_score: 0.7273322939872742
std_score: 0.019116541370749474
percentiles: 2%=0.6893825531005859, 5%=0.6952218413352966, 10%=0.7021827697753906, 25%=0.7109991312026978, 50%=0.7273322939872742, 75%=0.7379183769226074, 90%=0.747996985912323, 95%=0.7597737312316895, 98%=0.76240473985672
ranking_best_algo: Tabu
ranking_best_score: 0.7601875690625
ranking_my_rank: 110/504 (78.4%)
ranking_my_percent: 78.37301587301587
