ConfigName: krbf__advnormalizedfitness__M2__L8__eps0p033__g0p01__ds0p15__dm0p01
Problem: QUBO
Kernel: rbf
Advantage: normalizedfitness
M: 2
lambda: 8
epsilon_svgd: 0.033
gamma: 0.01
decay_start_ratio: 0.15
decay_min_factor: 0.01
bandwith_kernel: None
no_interact: False
avg_score: -899.9199829101562
median_score: -901.0
std_score: 68.69100189208984
percentiles: 2%=-1013.4000244140625, 5%=-1010.0499877929688, 10%=-996.0999755859375, 25%=-950.0, 50%=-901.0, 75%=-853.25, 90%=-802.7999877929688, 95%=-784.9500122070312, 98%=-770.97998046875
ranking_best_algo: CMAL3
ranking_best_score: 928.5800000000002
ranking_my_rank: 70/504 (86.3%)
ranking_my_percent: 86.30952380952381
