ConfigName: krbf__advnormalizedfitness__M4__L10__eps0p025__g0p007__ds0p3__dm0p01
Problem: NK
Kernel: rbf
Advantage: normalizedfitness
M: 4
lambda: 10
epsilon_svgd: 0.025
gamma: 0.007
decay_start_ratio: 0.3
decay_min_factor: 0.01
bandwith_kernel: None
no_interact: False
avg_score: 0.7377186417579651
median_score: 0.7395235300064087
std_score: 0.008522940799593925
percentiles: 2%=0.7187144160270691, 5%=0.7223924994468689, 10%=0.7246577739715576, 25%=0.7321815490722656, 50%=0.7395235300064087, 75%=0.7435288429260254, 90%=0.7468824982643127, 95%=0.7495067119598389, 98%=0.7515637874603271
ranking_best_algo: PBIL
ranking_best_score: 0.730509098125
ranking_my_rank: 1/504 (100.0%)
ranking_my_percent: 100.0
