ConfigName: kjsd__advperagentrankweighted__M4__L24__eps0p01__g0p0005__ds1__dm1
Problem: QUBO
Kernel: jsd
Advantage: peragentrankweighted
M: 4
lambda: 24
epsilon_svgd: 0.01
gamma: 0.0005
decay_start_ratio: 1.0
decay_min_factor: 1.0
bandwith_kernel: None
no_interact: False
avg_score: -2586.10009765625
median_score: -2563.5
std_score: 124.31600952148438
percentiles: 2%=-2833.06005859375, 5%=-2810.64990234375, 10%=-2775.5, 25%=-2684.5, 50%=-2563.5, 75%=-2504.75, 90%=-2451.89990234375, 95%=-2401.85009765625, 98%=-2357.679931640625
ranking_best_algo: DiscreteLengler2OnePlusOne
ranking_best_score: 2617.04
ranking_my_rank: 43/504 (91.7%)
ranking_my_percent: 91.66666666666667
no_repulsion: True
