ConfigName: kfr__advglobalrankweighted__M4__L13__eps0p01__g0p005__ds0p01__dm0p01
Problem: QUBO
Kernel: fr
Advantage: globalrankweighted
M: 4
lambda: 13
epsilon_svgd: 0.01
gamma: 0.005
decay_start_ratio: 0.01
decay_min_factor: 0.01
bandwith_kernel: None
no_interact: False
avg_score: -200.22000122070312
median_score: -199.5
std_score: 11.831805229187012
percentiles: 2%=-224.0, 5%=-222.0, 10%=-217.0, 25%=-207.25, 50%=-199.5, 75%=-192.75, 90%=-184.89999389648438, 95%=-183.0, 98%=-178.0
ranking_best_algo: Tabu
ranking_best_score: 208.36000000000004
ranking_my_rank: 50/504 (90.3%)
ranking_my_percent: 90.27777777777777
