ConfigName: krbf__advnormalizedfitness__M3__L12__eps0p033__g0p01__ds0p3__dm0p01
Problem: NK
Kernel: rbf
Advantage: normalizedfitness
M: 3
lambda: 12
epsilon_svgd: 0.033
gamma: 0.01
decay_start_ratio: 0.3
decay_min_factor: 0.01
bandwith_kernel: None
no_interact: False
avg_score: 0.7175489664077759
median_score: 0.7163219451904297
std_score: 0.01311297807842493
percentiles: 2%=0.6894066333770752, 5%=0.6945514678955078, 10%=0.701697587966919, 25%=0.7101406455039978, 50%=0.7163219451904297, 75%=0.7258619070053101, 90%=0.7335843443870544, 95%=0.7386639714241028, 98%=0.7426712512969971
ranking_best_algo: Tabu
ranking_best_score: 0.7429702712499999
ranking_my_rank: 64/504 (87.5%)
ranking_my_percent: 87.5
