ConfigName: krbf__advnormalizedfitness__M3__L8__eps0p015__g0p005__ds0p3__dm0p01
Problem: NK
Kernel: rbf
Advantage: normalizedfitness
M: 3
lambda: 8
epsilon_svgd: 0.015
gamma: 0.005
decay_start_ratio: 0.3
decay_min_factor: 0.01
bandwith_kernel: None
no_interact: False
avg_score: 0.7104870080947876
median_score: 0.7112058997154236
std_score: 0.015260114334523678
percentiles: 2%=0.671238899230957, 5%=0.6737521290779114, 10%=0.6953762173652649, 25%=0.7071689367294312, 50%=0.7112058997154236, 75%=0.7194061875343323, 90%=0.7255467176437378, 95%=0.7326867580413818, 98%=0.733322024345398
ranking_best_algo: CMApara
ranking_best_score: 0.707475975
ranking_my_rank: 1/504 (100.0%)
ranking_my_percent: 100.0
