ConfigName: krbf__advnormalizedfitness__M4__L15__eps0p033__g0p01__ds0p15__dm0p01
Problem: NK
Kernel: rbf
Advantage: normalizedfitness
M: 4
lambda: 15
epsilon_svgd: 0.033
gamma: 0.01
decay_start_ratio: 0.15
decay_min_factor: 0.01
bandwith_kernel: None
no_interact: False
avg_score: 0.7476500868797302
median_score: 0.7468563914299011
std_score: 0.017284274101257324
percentiles: 2%=0.715740978717804, 5%=0.7211625576019287, 10%=0.7242324948310852, 25%=0.7364007234573364, 50%=0.7468563914299011, 75%=0.7611132860183716, 90%=0.7704957127571106, 95%=0.775635302066803, 98%=0.7784838080406189
ranking_best_algo: Tabu
ranking_best_score: 0.7470791764843752
ranking_my_rank: 1/504 (100.0%)
ranking_my_percent: 100.0
