ConfigName: krbf__advnormalizedfitness__M4__L10__eps0p02__g0p005__ds0p15__dm0p05
Problem: NK
Kernel: rbf
Advantage: normalizedfitness
M: 4
lambda: 10
epsilon_svgd: 0.02
gamma: 0.005
decay_start_ratio: 0.15
decay_min_factor: 0.05
bandwith_kernel: None
no_interact: False
avg_score: 0.7319933176040649
median_score: 0.7335517406463623
std_score: 0.010355439968407154
percentiles: 2%=0.7105177044868469, 5%=0.7127396464347839, 10%=0.7162359952926636, 25%=0.7255352735519409, 50%=0.7335517406463623, 75%=0.7404242753982544, 90%=0.7435837388038635, 95%=0.7453222274780273, 98%=0.7461329102516174
ranking_best_algo: PBIL
ranking_best_score: 0.7248786399609374
ranking_my_rank: 1/504 (100.0%)
ranking_my_percent: 100.0
