ConfigName: kjsd__advperagentrankweighted__M4__L20__eps0p005__g0p001__ds0p2__dm0p2
Problem: QUBO
Kernel: jsd
Advantage: peragentrankweighted
M: 4
lambda: 20
epsilon_svgd: 0.005
gamma: 0.001
decay_start_ratio: 0.2
decay_min_factor: 0.2
bandwith_kernel: None
no_interact: False
avg_score: -1467.800048828125
median_score: -1468.0
std_score: 108.11170196533203
percentiles: 2%=-1701.1199951171875, 5%=-1639.050048828125, 10%=-1597.5999755859375, 25%=-1544.5, 50%=-1468.0, 75%=-1385.25, 90%=-1336.5999755859375, 95%=-1262.9000244140625, 98%=-1252.760009765625
ranking_best_algo: NLOPT_LN_PRAXIS
ranking_best_score: 1607.12
ranking_my_rank: 85/504 (83.3%)
ranking_my_percent: 83.33333333333333
