ConfigName: kjsd__advperagentrankweighted__M4__L10__eps0p01__g0p0005__ds0p4__dm0p05
Problem: QUBO
Kernel: jsd
Advantage: peragentrankweighted
M: 4
lambda: 10
epsilon_svgd: 0.01
gamma: 0.0005
decay_start_ratio: 0.4
decay_min_factor: 0.05
bandwith_kernel: None
no_interact: False
avg_score: -442.6400146484375
median_score: -445.5
std_score: 26.202106475830078
percentiles: 2%=-489.0199890136719, 5%=-483.20001220703125, 10%=-478.1000061035156, 25%=-461.0, 50%=-445.5, 75%=-421.75, 90%=-408.0, 95%=-395.79998779296875, 98%=-389.8800048828125
ranking_best_algo: CMApara
ranking_best_score: 453.82
ranking_my_rank: 9/504 (98.4%)
ranking_my_percent: 98.41269841269842
