ConfigName: kjsd__advperagentrankweighted__M5__L10__eps0p01__g0p0007__ds0p4__dm0p2
Problem: NK
Kernel: jsd
Advantage: peragentrankweighted
M: 5
lambda: 10
epsilon_svgd: 0.01
gamma: 0.0007
decay_start_ratio: 0.4
decay_min_factor: 0.2
bandwith_kernel: None
no_interact: False
avg_score: 0.7433074712753296
median_score: 0.7429543733596802
std_score: 0.009838078171014786
percentiles: 2%=0.7233619093894958, 5%=0.7272194623947144, 10%=0.7324112057685852, 25%=0.7371038198471069, 50%=0.7429543733596802, 75%=0.7489533424377441, 90%=0.7542522549629211, 95%=0.7607769966125488, 98%=0.7681393027305603
ranking_best_algo: PBIL
ranking_best_score: 0.733570253046875
ranking_my_rank: 1/504 (100.0%)
ranking_my_percent: 100.0
