ConfigName: krbf__advnormalizedfitness__M2__L10__eps0p015__g0p005__ds0p3__dm0p3
Problem: QUBO
Kernel: rbf
Advantage: normalizedfitness
M: 2
lambda: 10
epsilon_svgd: 0.015
gamma: 0.005
decay_start_ratio: 0.3
decay_min_factor: 0.3
bandwith_kernel: None
no_interact: False
avg_score: -1296.1199951171875
median_score: -1299.0
std_score: 59.70398712158203
percentiles: 2%=-1410.0400390625, 5%=-1395.3499755859375, 10%=-1366.300048828125, 25%=-1335.25, 50%=-1299.0, 75%=-1260.5, 90%=-1216.199951171875, 95%=-1201.0, 98%=-1190.719970703125
ranking_best_algo: BigLognormalDiscreteOnePlusOne
ranking_best_score: 1301.3600000000004
ranking_my_rank: 2/504 (99.8%)
ranking_my_percent: 99.8015873015873
