ConfigName: kfr__advglobalrankweighted__M6__L11__eps0p01__g0p003__ds0p01__dm0p01
Problem: QUBO
Kernel: fr
Advantage: globalrankweighted
M: 6
lambda: 11
epsilon_svgd: 0.01
gamma: 0.003
decay_start_ratio: 0.01
decay_min_factor: 0.01
bandwith_kernel: None
no_interact: False
avg_score: -2762.780029296875
median_score: -2781.0
std_score: 147.83555603027344
percentiles: 2%=-2987.43994140625, 5%=-2971.64990234375, 10%=-2953.300048828125, 25%=-2856.75, 50%=-2781.0, 75%=-2655.5, 90%=-2561.0, 95%=-2511.5, 98%=-2456.999755859375
ranking_best_algo: RLSOnePlusOne
ranking_best_score: 3316.5199999999995
ranking_my_rank: 183/504 (63.9%)
ranking_my_percent: 63.888888888888886
