ConfigName: kjsd__advperagentrankweighted__M4__L24__eps0p02__g0p0007__ds0p2__dm0p05
Problem: QUBO
Kernel: jsd
Advantage: peragentrankweighted
M: 4
lambda: 24
epsilon_svgd: 0.02
gamma: 0.0007
decay_start_ratio: 0.2
decay_min_factor: 0.05
bandwith_kernel: None
no_interact: False
avg_score: -1631.1600341796875
median_score: -1630.5
std_score: 62.26422882080078
percentiles: 2%=-1751.3399658203125, 5%=-1729.1500244140625, 10%=-1706.0999755859375, 25%=-1676.25, 50%=-1630.5, 75%=-1586.5, 90%=-1550.800048828125, 95%=-1530.5999755859375, 98%=-1514.9200439453125
ranking_best_algo: NLOPT_LN_PRAXIS
ranking_best_score: 1607.12
ranking_my_rank: 1/504 (100.0%)
ranking_my_percent: 100.0
