ConfigName: kjsd__advperagentrankweighted__M3__L18__eps0p007__g0p001__ds0p2__dm0p2
Problem: QUBO
Kernel: jsd
Advantage: peragentrankweighted
M: 3
lambda: 18
epsilon_svgd: 0.007
gamma: 0.001
decay_start_ratio: 0.2
decay_min_factor: 0.2
bandwith_kernel: None
no_interact: False
avg_score: -2581.820068359375
median_score: -2587.0
std_score: 123.3989028930664
percentiles: 2%=-2821.39990234375, 5%=-2771.800048828125, 10%=-2742.300048828125, 25%=-2671.5, 50%=-2587.0, 75%=-2499.75, 90%=-2417.800048828125, 95%=-2381.949951171875, 98%=-2349.5
ranking_best_algo: SVM1MetaModelLogNormal
ranking_best_score: 2605.14
ranking_my_rank: 13/504 (97.6%)
ranking_my_percent: 97.61904761904762
