ConfigName: krbf__advnormalizedfitness__M2__L10__eps0p015__g0p015__ds0p15__dm0p3
Problem: QUBO
Kernel: rbf
Advantage: normalizedfitness
M: 2
lambda: 10
epsilon_svgd: 0.015
gamma: 0.015
decay_start_ratio: 0.15
decay_min_factor: 0.3
bandwith_kernel: None
no_interact: False
avg_score: -557.0999755859375
median_score: -561.5
std_score: 33.49433135986328
percentiles: 2%=-617.1199951171875, 5%=-609.2000122070312, 10%=-592.4000244140625, 25%=-582.25, 50%=-561.5, 75%=-533.75, 90%=-510.8999938964844, 95%=-498.8999938964844, 98%=-479.9800109863281
ranking_best_algo: Tabu
ranking_best_score: 588.7199999999999
ranking_my_rank: 106/503 (79.1%)
ranking_my_percent: 79.12524850894633
