ConfigName: kjsd__advperagentrankweighted__M3__L24__eps0p007__g0p0005__ds0p1__dm0p1
Problem: QUBO
Kernel: jsd
Advantage: peragentrankweighted
M: 3
lambda: 24
epsilon_svgd: 0.007
gamma: 0.0005
decay_start_ratio: 0.1
decay_min_factor: 0.1
bandwith_kernel: None
no_interact: False
avg_score: -2607.159912109375
median_score: -2605.5
std_score: 118.43603515625
percentiles: 2%=-2834.139892578125, 5%=-2801.35009765625, 10%=-2758.60009765625, 25%=-2701.0, 50%=-2605.5, 75%=-2517.5, 90%=-2464.800048828125, 95%=-2409.699951171875, 98%=-2385.840087890625
ranking_best_algo: SVM1MetaModelLogNormal
ranking_best_score: 2605.14
ranking_my_rank: 1/504 (100.0%)
ranking_my_percent: 100.0
