ConfigName: kjsd__advperagentrankweighted__M3__L24__eps0p005__g0p001__ds0p2__dm0p1
Problem: NK
Kernel: jsd
Advantage: peragentrankweighted
M: 3
lambda: 24
epsilon_svgd: 0.005
gamma: 0.001
decay_start_ratio: 0.2
decay_min_factor: 0.1
bandwith_kernel: None
no_interact: False
avg_score: 0.6829631328582764
median_score: 0.680992603302002
std_score: 0.017967883497476578
percentiles: 2%=0.6529145836830139, 5%=0.6567888259887695, 10%=0.6599676609039307, 25%=0.6706727743148804, 50%=0.680992603302002, 75%=0.6941181421279907, 90%=0.7094208002090454, 95%=0.7147443294525146, 98%=0.7194193601608276
ranking_best_algo: PBIL
ranking_best_score: 0.7170882103515624
ranking_my_rank: 157/504 (69.0%)
ranking_my_percent: 69.04761904761905
