ConfigName: kjsd__advperagentrankweighted__M3__L20__eps0p005__g0p001__ds0p2__dm0p2
Problem: NK
Kernel: jsd
Advantage: peragentrankweighted
M: 3
lambda: 20
epsilon_svgd: 0.005
gamma: 0.001
decay_start_ratio: 0.2
decay_min_factor: 0.2
bandwith_kernel: None
no_interact: False
avg_score: 0.7446406483650208
median_score: 0.7423107028007507
std_score: 0.028503740206360817
percentiles: 2%=0.6982055902481079, 5%=0.7062897682189941, 10%=0.7117252945899963, 25%=0.7224339246749878, 50%=0.7423107028007507, 75%=0.7599690556526184, 90%=0.7783373594284058, 95%=0.8045021891593933, 98%=0.808327317237854
ranking_best_algo: CMApara
ranking_best_score: 0.7459277895312499
ranking_my_rank: 3/504 (99.6%)
ranking_my_percent: 99.60317460317461
