ConfigName: kjsd__advperagentrankweighted__M4__L30__eps0p01__g0p0005__ds0p2__dm0p05
Problem: QUBO
Kernel: jsd
Advantage: peragentrankweighted
M: 4
lambda: 30
epsilon_svgd: 0.01
gamma: 0.0005
decay_start_ratio: 0.2
decay_min_factor: 0.05
bandwith_kernel: None
no_interact: False
avg_score: -587.0599975585938
median_score: -588.0
std_score: 25.96760368347168
percentiles: 2%=-633.0, 5%=-629.0, 10%=-621.2000122070312, 25%=-607.25, 50%=-588.0, 75%=-570.0, 90%=-551.0, 95%=-540.7999877929688, 98%=-532.8800048828125
ranking_best_algo: Tabu
ranking_best_score: 588.7199999999999
ranking_my_rank: 3/503 (99.6%)
ranking_my_percent: 99.6023856858847
