ConfigName: kjsd__advperagentrankweighted__M3__L30__eps0p007__g0p001__ds0p2__dm0p05
Problem: QUBO
Kernel: jsd
Advantage: peragentrankweighted
M: 3
lambda: 30
epsilon_svgd: 0.007
gamma: 0.001
decay_start_ratio: 0.2
decay_min_factor: 0.05
bandwith_kernel: None
no_interact: False
avg_score: -3245.39990234375
median_score: -3224.0
std_score: 125.21309661865234
percentiles: 2%=-3504.340087890625, 5%=-3478.699951171875, 10%=-3437.10009765625, 25%=-3327.25, 50%=-3224.0, 75%=-3154.75, 90%=-3105.800048828125, 95%=-3063.800048828125, 98%=-3026.9599609375
ranking_best_algo: RLSOnePlusOne
ranking_best_score: 3316.5199999999995
ranking_my_rank: 42/504 (91.9%)
ranking_my_percent: 91.86507936507937
