ConfigName: kjsd__advperagentrankweighted__M3__L24__eps0p007__g0p0005__ds0p05__dm0p2
Problem: NK
Kernel: jsd
Advantage: peragentrankweighted
M: 3
lambda: 24
epsilon_svgd: 0.007
gamma: 0.0005
decay_start_ratio: 0.05
decay_min_factor: 0.2
bandwith_kernel: None
no_interact: False
avg_score: 0.756753146648407
median_score: 0.7558373212814331
std_score: 0.01340553630143404
percentiles: 2%=0.7338501811027527, 5%=0.7388477325439453, 10%=0.7406502962112427, 25%=0.7468132972717285, 50%=0.7558373212814331, 75%=0.7655710577964783, 90%=0.775623083114624, 95%=0.7808821201324463, 98%=0.7853594422340393
ranking_best_algo: Tabu
ranking_best_score: 0.7470791764843752
ranking_my_rank: 1/504 (100.0%)
ranking_my_percent: 100.0
