ConfigName: krbf__advnormalizedfitness__M4__L15__eps0p015__g0p01__ds0p15__dm0p3
Problem: NK
Kernel: rbf
Advantage: normalizedfitness
M: 4
lambda: 15
epsilon_svgd: 0.015
gamma: 0.01
decay_start_ratio: 0.15
decay_min_factor: 0.3
bandwith_kernel: None
no_interact: False
avg_score: 0.643180251121521
median_score: 0.6425967216491699
std_score: 0.01086526457220316
percentiles: 2%=0.6263655424118042, 5%=0.6276243329048157, 10%=0.6310803890228271, 25%=0.6361120939254761, 50%=0.6425967216491699, 75%=0.6484480500221252, 90%=0.6585918664932251, 95%=0.6640576720237732, 98%=0.6675865650177002
ranking_best_algo: Tabu
ranking_best_score: 0.7601875690625
ranking_my_rank: 389/504 (23.0%)
ranking_my_percent: 23.015873015873016
