ConfigName: kjsd__advperagentrankweighted__M4__L10__eps0p01__g0p0003__ds0p2__dm0p05
Problem: NK
Kernel: jsd
Advantage: peragentrankweighted
M: 4
lambda: 10
epsilon_svgd: 0.01
gamma: 0.0003
decay_start_ratio: 0.2
decay_min_factor: 0.05
bandwith_kernel: None
no_interact: False
avg_score: 0.7409499883651733
median_score: 0.7396992444992065
std_score: 0.028322087600827217
percentiles: 2%=0.6971457600593567, 5%=0.7009163498878479, 10%=0.7089672088623047, 25%=0.7219510674476624, 50%=0.7396992444992065, 75%=0.7514463663101196, 90%=0.7769826054573059, 95%=0.8044298887252808, 98%=0.8118547797203064
ranking_best_algo: CMApara
ranking_best_score: 0.7459277895312499
ranking_my_rank: 37/504 (92.9%)
ranking_my_percent: 92.85714285714286
