ConfigName: krbf__advnormalizedfitness__M4__L15__eps0p033__g0p01__ds0p01__dm0p3
Problem: NK
Kernel: rbf
Advantage: normalizedfitness
M: 4
lambda: 15
epsilon_svgd: 0.033
gamma: 0.01
decay_start_ratio: 0.01
decay_min_factor: 0.3
bandwith_kernel: None
no_interact: False
avg_score: 0.5757403373718262
median_score: 0.5742979049682617
std_score: 0.006449950393289328
percentiles: 2%=0.5658255815505981, 5%=0.5673206448554993, 10%=0.5689309239387512, 25%=0.5714817643165588, 50%=0.5742979049682617, 75%=0.5789704322814941, 90%=0.5849824547767639, 95%=0.5880324244499207, 98%=0.5905759930610657
ranking_best_algo: PBIL
ranking_best_score: 0.7170882103515624
ranking_my_rank: 385/504 (23.8%)
ranking_my_percent: 23.80952380952381
