ConfigName: krbf__advnormalizedfitness__M4__L15__eps0p015__g0p007__ds0p01__dm0p01
Problem: QUBO
Kernel: rbf
Advantage: normalizedfitness
M: 4
lambda: 15
epsilon_svgd: 0.015
gamma: 0.007
decay_start_ratio: 0.01
decay_min_factor: 0.01
bandwith_kernel: None
no_interact: False
avg_score: -139.82000732421875
median_score: -140.0
std_score: 10.402288436889648
percentiles: 2%=-158.0399932861328, 5%=-156.0, 10%=-154.0, 25%=-147.0, 50%=-140.0, 75%=-131.0, 90%=-127.0, 95%=-122.90000915527344, 98%=-118.91998291015625
ranking_best_algo: DiscreteDE
ranking_best_score: 143.4
ranking_my_rank: 81/504 (84.1%)
ranking_my_percent: 84.12698412698413
