ConfigName: kjsd__advperagentrankweighted__M3__L16__eps0p01__g0p0007__ds0p1__dm0p1
Problem: QUBO
Kernel: jsd
Advantage: peragentrankweighted
M: 3
lambda: 16
epsilon_svgd: 0.01
gamma: 0.0007
decay_start_ratio: 0.1
decay_min_factor: 0.1
bandwith_kernel: None
no_interact: False
avg_score: -307.3599853515625
median_score: -312.0
std_score: 38.56669998168945
percentiles: 2%=-386.20001220703125, 5%=-382.1000061035156, 10%=-350.20001220703125, 25%=-334.0, 50%=-312.0, 75%=-272.0, 90%=-264.79998779296875, 95%=-254.85000610351562, 98%=-243.9600067138672
ranking_best_algo: CMApara
ranking_best_score: 319.29999999999995
ranking_my_rank: 97/504 (81.0%)
ranking_my_percent: 80.95238095238095
