ConfigName: kfr__advglobalrankweighted__M4__L5__eps0p05__g0p005__ds0p01__dm0p01
Problem: NK
Kernel: fr
Advantage: globalrankweighted
M: 4
lambda: 5
epsilon_svgd: 0.05
gamma: 0.005
decay_start_ratio: 0.01
decay_min_factor: 0.01
bandwith_kernel: None
no_interact: False
avg_score: 0.7499408721923828
median_score: 0.7491635084152222
std_score: 0.013674636371433735
percentiles: 2%=0.7245776653289795, 5%=0.7264512777328491, 10%=0.732926070690155, 25%=0.7404760718345642, 50%=0.7491635084152222, 75%=0.7605560421943665, 90%=0.7688544988632202, 95%=0.7704586982727051, 98%=0.7770215272903442
ranking_best_algo: Tabu
ranking_best_score: 0.7657846284375001
ranking_my_rank: 25/504 (95.2%)
ranking_my_percent: 95.23809523809524
