ConfigName: krbf__advnormalizedfitness__M2__L11__eps0p015__g0p003__ds0p01__dm0p01
Problem: QUBO
Kernel: rbf
Advantage: normalizedfitness
M: 2
lambda: 11
epsilon_svgd: 0.015
gamma: 0.003
decay_start_ratio: 0.01
decay_min_factor: 0.01
bandwith_kernel: None
no_interact: False
avg_score: -1176.300048828125
median_score: -1166.5
std_score: 72.81682586669922
percentiles: 2%=-1355.239990234375, 5%=-1313.5, 10%=-1269.199951171875, 25%=-1225.75, 50%=-1166.5, 75%=-1124.75, 90%=-1089.9000244140625, 95%=-1071.050048828125, 98%=-1044.97998046875
ranking_best_algo: Tabu
ranking_best_score: 1216.16
ranking_my_rank: 82/504 (83.9%)
ranking_my_percent: 83.92857142857143
