ConfigName: krbf__advnormalizedfitness__M3__L8__eps0p025__g0p005__ds0p01__dm0p01
Problem: NK
Kernel: rbf
Advantage: normalizedfitness
M: 3
lambda: 8
epsilon_svgd: 0.025
gamma: 0.005
decay_start_ratio: 0.01
decay_min_factor: 0.01
bandwith_kernel: None
no_interact: False
avg_score: 0.7168159484863281
median_score: 0.7142748236656189
std_score: 0.010763190686702728
percentiles: 2%=0.6991155743598938, 5%=0.7025041580200195, 10%=0.7053535580635071, 25%=0.7103372812271118, 50%=0.7142748236656189, 75%=0.7221293449401855, 90%=0.7315115332603455, 95%=0.736983060836792, 98%=0.7441808581352234
ranking_best_algo: PBIL
ranking_best_score: 0.7170882103515624
ranking_my_rank: 2/504 (99.8%)
ranking_my_percent: 99.8015873015873
