ConfigName: kjsd__advperagentrankweighted__M4__L24__eps0p005__g0p0003__ds0p2__dm0p05
Problem: NK
Kernel: jsd
Advantage: peragentrankweighted
M: 4
lambda: 24
epsilon_svgd: 0.005
gamma: 0.0003
decay_start_ratio: 0.2
decay_min_factor: 0.05
bandwith_kernel: None
no_interact: False
avg_score: 0.7359373569488525
median_score: 0.7382187247276306
std_score: 0.008502151817083359
percentiles: 2%=0.7177732586860657, 5%=0.7184828519821167, 10%=0.7237853407859802, 25%=0.7301986813545227, 50%=0.7382187247276306, 75%=0.7421321272850037, 90%=0.7447801232337952, 95%=0.7465247511863708, 98%=0.7488418221473694
ranking_best_algo: PBIL
ranking_best_score: 0.7248786399609374
ranking_my_rank: 1/504 (100.0%)
ranking_my_percent: 100.0
