ConfigName: kjsd__advperagentrankweighted__M5__L8__eps0p005__g0p0005__ds0p05__dm0p2
Problem: NK
Kernel: jsd
Advantage: peragentrankweighted
M: 5
lambda: 8
epsilon_svgd: 0.005
gamma: 0.0005
decay_start_ratio: 0.05
decay_min_factor: 0.2
bandwith_kernel: None
no_interact: False
avg_score: 0.7573872208595276
median_score: 0.7570891380310059
std_score: 0.01191092748194933
percentiles: 2%=0.7343868613243103, 5%=0.738970160484314, 10%=0.7411744594573975, 25%=0.7490262985229492, 50%=0.7570891380310059, 75%=0.7659634351730347, 90%=0.7728981375694275, 95%=0.7763331532478333, 98%=0.7793983817100525
ranking_best_algo: Tabu
ranking_best_score: 0.7470791764843752
ranking_my_rank: 1/504 (100.0%)
ranking_my_percent: 100.0
