ConfigName: krbf__advnormalizedfitness__M2__L8__eps0p025__g0p007__ds0p15__dm0p3
Problem: QUBO
Kernel: rbf
Advantage: normalizedfitness
M: 2
lambda: 8
epsilon_svgd: 0.025
gamma: 0.007
decay_start_ratio: 0.15
decay_min_factor: 0.3
bandwith_kernel: None
no_interact: False
avg_score: -923.3400268554688
median_score: -922.5
std_score: 71.22517395019531
percentiles: 2%=-1063.219970703125, 5%=-1037.199951171875, 10%=-1015.0, 25%=-971.5, 50%=-922.5, 75%=-874.75, 90%=-830.4000244140625, 95%=-810.7999877929688, 98%=-762.6799926757812
ranking_best_algo: CMApara
ranking_best_score: 964.9
ranking_my_rank: 24/504 (95.4%)
ranking_my_percent: 95.43650793650794
