ConfigName: krbf__advnormalizedfitness__M3__L8__eps0p015__g0p015__ds0p15__dm0p01
Problem: QUBO
Kernel: rbf
Advantage: normalizedfitness
M: 3
lambda: 8
epsilon_svgd: 0.015
gamma: 0.015
decay_start_ratio: 0.15
decay_min_factor: 0.01
bandwith_kernel: None
no_interact: False
avg_score: -332.4599914550781
median_score: -337.0
std_score: 21.783212661743164
percentiles: 2%=-372.0, 5%=-362.5, 10%=-354.0, 25%=-346.0, 50%=-337.0, 75%=-320.0, 90%=-303.6000061035156, 95%=-292.0, 98%=-280.0
ranking_best_algo: CMApara
ranking_best_score: 344.22
ranking_my_rank: 72/504 (85.9%)
ranking_my_percent: 85.91269841269842
