ConfigName: krbf__advnormalizedfitness__M4__L12__eps0p033__g0p007__ds0p15__dm0p3
Problem: NK
Kernel: rbf
Advantage: normalizedfitness
M: 4
lambda: 12
epsilon_svgd: 0.033
gamma: 0.007
decay_start_ratio: 0.15
decay_min_factor: 0.3
bandwith_kernel: None
no_interact: False
avg_score: 0.7228450775146484
median_score: 0.7258187532424927
std_score: 0.011309347115457058
percentiles: 2%=0.6969793438911438, 5%=0.7008303999900818, 10%=0.7051011323928833, 25%=0.7163065075874329, 50%=0.7258187532424927, 75%=0.7307607531547546, 90%=0.7362735271453857, 95%=0.7386680841445923, 98%=0.7400575876235962
ranking_best_algo: PBIL
ranking_best_score: 0.7248786399609374
ranking_my_rank: 2/504 (99.8%)
ranking_my_percent: 99.8015873015873
