ConfigName: kjsd__advperagentrankweighted__M5__L8__eps0p005__g0p003__ds0p05__dm0p2
Problem: QUBO
Kernel: jsd
Advantage: peragentrankweighted
M: 5
lambda: 8
epsilon_svgd: 0.005
gamma: 0.003
decay_start_ratio: 0.05
decay_min_factor: 0.2
bandwith_kernel: None
no_interact: False
avg_score: -305.1000061035156
median_score: -301.0
std_score: 38.83645248413086
percentiles: 2%=-398.0, 5%=-380.29998779296875, 10%=-352.20001220703125, 25%=-326.5, 50%=-301.0, 75%=-272.0, 90%=-261.79998779296875, 95%=-253.89999389648438, 98%=-245.94000244140625
ranking_best_algo: CMApara
ranking_best_score: 319.29999999999995
ranking_my_rank: 136/504 (73.2%)
ranking_my_percent: 73.21428571428571
