ConfigName: kjsd__advperagentrankweighted__M5__L10__eps0p02__g0p0003__ds0p2__dm0p05
Problem: NK
Kernel: jsd
Advantage: peragentrankweighted
M: 5
lambda: 10
epsilon_svgd: 0.02
gamma: 0.0003
decay_start_ratio: 0.2
decay_min_factor: 0.05
bandwith_kernel: None
no_interact: False
avg_score: 0.7446114420890808
median_score: 0.7447717189788818
std_score: 0.013060171157121658
percentiles: 2%=0.7150216698646545, 5%=0.7217110991477966, 10%=0.7274399995803833, 25%=0.7366129159927368, 50%=0.7447717189788818, 75%=0.753368079662323, 90%=0.7617052793502808, 95%=0.7657935619354248, 98%=0.7704492807388306
ranking_best_algo: Tabu
ranking_best_score: 0.7657846284375001
ranking_my_rank: 49/504 (90.5%)
ranking_my_percent: 90.47619047619048
