ConfigName: krbf__advnormalizedfitness__M3__L12__eps0p033__g0p01__ds0p01__dm0p01
Problem: QUBO
Kernel: rbf
Advantage: normalizedfitness
M: 3
lambda: 12
epsilon_svgd: 0.033
gamma: 0.01
decay_start_ratio: 0.01
decay_min_factor: 0.01
bandwith_kernel: None
no_interact: False
avg_score: -331.8399963378906
median_score: -340.0
std_score: 21.257808685302734
percentiles: 2%=-361.05999755859375, 5%=-357.04998779296875, 10%=-354.0, 25%=-344.25, 50%=-340.0, 75%=-323.0, 90%=-299.79998779296875, 95%=-289.9000244140625, 98%=-277.75994873046875
ranking_best_algo: CMApara
ranking_best_score: 344.22
ranking_my_rank: 76/504 (85.1%)
ranking_my_percent: 85.11904761904762
