ConfigName: kjsd__advperagentrankweighted__M3__L20__eps0p007__g0p003__ds0p05__dm0p05
Problem: QUBO
Kernel: jsd
Advantage: peragentrankweighted
M: 3
lambda: 20
epsilon_svgd: 0.007
gamma: 0.003
decay_start_ratio: 0.05
decay_min_factor: 0.05
bandwith_kernel: None
no_interact: False
avg_score: -1173.3800048828125
median_score: -1164.5
std_score: 66.7184829711914
percentiles: 2%=-1329.43994140625, 5%=-1289.25, 10%=-1252.300048828125, 25%=-1223.5, 50%=-1164.5, 75%=-1121.75, 90%=-1091.800048828125, 95%=-1080.6500244140625, 98%=-1064.93994140625
ranking_best_algo: Tabu
ranking_best_score: 1216.16
ranking_my_rank: 85/504 (83.3%)
ranking_my_percent: 83.33333333333333
