ConfigName: krbf__advnormalizedfitness__M4__L12__eps0p025__g0p005__ds0p01__dm0p01
Problem: QUBO
Kernel: rbf
Advantage: normalizedfitness
M: 4
lambda: 12
epsilon_svgd: 0.025
gamma: 0.005
decay_start_ratio: 0.01
decay_min_factor: 0.01
bandwith_kernel: None
no_interact: False
avg_score: -570.4600219726562
median_score: -568.0
std_score: 25.883359909057617
percentiles: 2%=-620.1799926757812, 5%=-611.25, 10%=-603.2999877929688, 25%=-587.25, 50%=-568.0, 75%=-552.75, 90%=-538.7000122070312, 95%=-525.9500122070312, 98%=-522.8599853515625
ranking_best_algo: Tabu
ranking_best_score: 588.7199999999999
ranking_my_rank: 68/503 (86.7%)
ranking_my_percent: 86.67992047713717
