ConfigName: krbf__advnormalizedfitness__M2__L8__eps0p015__g0p01__ds0p3__dm0p3
Problem: QUBO
Kernel: rbf
Advantage: normalizedfitness
M: 2
lambda: 8
epsilon_svgd: 0.015
gamma: 0.01
decay_start_ratio: 0.3
decay_min_factor: 0.3
bandwith_kernel: None
no_interact: False
avg_score: -409.20001220703125
median_score: -410.0
std_score: 27.987855911254883
percentiles: 2%=-471.0400085449219, 5%=-455.0, 10%=-447.3999938964844, 25%=-428.25, 50%=-410.0, 75%=-389.5, 90%=-374.0, 95%=-363.79998779296875, 98%=-357.8800048828125
ranking_best_algo: Tabu
ranking_best_score: 438.12
ranking_my_rank: 112/504 (78.0%)
ranking_my_percent: 77.97619047619048
