ConfigName: krbf__advnormalizedfitness__M5__L8__eps0p025__g0p01__ds0p05__dm0p05
Problem: QUBO
Kernel: rbf
Advantage: normalizedfitness
M: 5
lambda: 8
epsilon_svgd: 0.025
gamma: 0.01
decay_start_ratio: 0.05
decay_min_factor: 0.05
bandwith_kernel: None
no_interact: False
avg_score: -151.17999267578125
median_score: -151.0
std_score: 11.182467460632324
percentiles: 2%=-179.0, 5%=-179.0, 10%=-164.0, 25%=-157.25, 50%=-151.0, 75%=-141.0, 90%=-137.0, 95%=-135.9499969482422, 98%=-134.9600067138672
ranking_best_algo: CMApara
ranking_best_score: 154.28
ranking_my_rank: 72/504 (85.9%)
ranking_my_percent: 85.91269841269842
