ConfigName: kjsd__advperagentrankweighted__M3__L16__eps0p007__g0p0007__ds0p1__dm0p2
Problem: NK
Kernel: jsd
Advantage: peragentrankweighted
M: 3
lambda: 16
epsilon_svgd: 0.007
gamma: 0.0007
decay_start_ratio: 0.1
decay_min_factor: 0.2
bandwith_kernel: None
no_interact: False
avg_score: 0.7095606923103333
median_score: 0.7107735872268677
std_score: 0.015449604019522667
percentiles: 2%=0.6697400212287903, 5%=0.6734391450881958, 10%=0.694441556930542, 25%=0.7048729658126831, 50%=0.7107735872268677, 75%=0.718220591545105, 90%=0.7255549430847168, 95%=0.7331798672676086, 98%=0.7340807914733887
ranking_best_algo: CMApara
ranking_best_score: 0.707475975
ranking_my_rank: 1/504 (100.0%)
ranking_my_percent: 100.0
