ConfigName: kfr__advglobalrankweighted__M3__L8__eps0p02__g0p007__ds0p01__dm0p01
Problem: QUBO
Kernel: fr
Advantage: globalrankweighted
M: 3
lambda: 8
epsilon_svgd: 0.02
gamma: 0.007
decay_start_ratio: 0.01
decay_min_factor: 0.01
bandwith_kernel: None
no_interact: False
avg_score: -2610.080078125
median_score: -2600.0
std_score: 129.60321044921875
percentiles: 2%=-2859.199951171875, 5%=-2824.699951171875, 10%=-2784.10009765625, 25%=-2720.25, 50%=-2600.0, 75%=-2526.75, 90%=-2456.60009765625, 95%=-2411.800048828125, 98%=-2367.9599609375
ranking_best_algo: DiscreteLengler2OnePlusOne
ranking_best_score: 2617.04
ranking_my_rank: 2/504 (99.8%)
ranking_my_percent: 99.8015873015873
