ConfigName: kjsd__advperagentrankweighted__M3__L30__eps0p007__g0p0005__ds0p1__dm0p1
Problem: QUBO
Kernel: jsd
Advantage: peragentrankweighted
M: 3
lambda: 30
epsilon_svgd: 0.007
gamma: 0.0005
decay_start_ratio: 0.1
decay_min_factor: 0.1
bandwith_kernel: None
no_interact: False
avg_score: -2613.89990234375
median_score: -2609.5
std_score: 120.60078430175781
percentiles: 2%=-2927.080078125, 5%=-2795.300048828125, 10%=-2751.0, 25%=-2686.0, 50%=-2609.5, 75%=-2532.0, 90%=-2463.39990234375, 95%=-2437.14990234375, 98%=-2408.6201171875
ranking_best_algo: DiscreteLengler2OnePlusOne
ranking_best_score: 2617.04
ranking_my_rank: 2/504 (99.8%)
ranking_my_percent: 99.8015873015873
