ConfigName: krbf__advnormalizedfitness__M3__L15__eps0p033__g0p01__ds0p01__dm0p01
Problem: QUBO
Kernel: rbf
Advantage: normalizedfitness
M: 3
lambda: 15
epsilon_svgd: 0.033
gamma: 0.01
decay_start_ratio: 0.01
decay_min_factor: 0.01
bandwith_kernel: None
no_interact: False
avg_score: -440.0199890136719
median_score: -440.5
std_score: 25.484891891479492
percentiles: 2%=-485.05999755859375, 5%=-481.0, 10%=-470.20001220703125, 25%=-458.25, 50%=-440.5, 75%=-419.0, 90%=-407.79998779296875, 95%=-400.0, 98%=-394.57989501953125
ranking_best_algo: CMApara
ranking_best_score: 453.82
ranking_my_rank: 15/504 (97.2%)
ranking_my_percent: 97.22222222222223
