ConfigName: kfr__advglobalrankweighted__M2__L7__eps0p01__g0p007__ds0p01__dm0p01
Problem: NK
Kernel: fr
Advantage: globalrankweighted
M: 2
lambda: 7
epsilon_svgd: 0.01
gamma: 0.007
decay_start_ratio: 0.01
decay_min_factor: 0.01
bandwith_kernel: None
no_interact: False
avg_score: 0.7490507364273071
median_score: 0.749533474445343
std_score: 0.014119968749582767
percentiles: 2%=0.7167437076568604, 5%=0.7259625792503357, 10%=0.7307189106941223, 25%=0.7399895787239075, 50%=0.749533474445343, 75%=0.7588686347007751, 90%=0.7659934163093567, 95%=0.7717467546463013, 98%=0.776858389377594
ranking_best_algo: Tabu
ranking_best_score: 0.7657846284375001
ranking_my_rank: 30/504 (94.2%)
ranking_my_percent: 94.24603174603175
