ConfigName: kfr__advglobalrankweighted__M2__L8__eps0p02__g0p003__ds0p01__dm0p01
Problem: QUBO
Kernel: fr
Advantage: globalrankweighted
M: 2
lambda: 8
epsilon_svgd: 0.02
gamma: 0.003
decay_start_ratio: 0.01
decay_min_factor: 0.01
bandwith_kernel: None
no_interact: False
avg_score: -3193.39990234375
median_score: -3193.0
std_score: 116.85392761230469
percentiles: 2%=-3431.679931640625, 5%=-3383.10009765625, 10%=-3332.300048828125, 25%=-3269.5, 50%=-3193.0, 75%=-3113.75, 90%=-3032.0, 95%=-2985.2001953125, 98%=-2951.0
ranking_best_algo: RLSOnePlusOne
ranking_best_score: 3316.5199999999995
ranking_my_rank: 57/504 (88.9%)
ranking_my_percent: 88.88888888888889
