ConfigName: krbf__advnormalizedfitness__M3__L12__eps0p015__g0p005__ds0p3__dm0p01
Problem: QUBO
Kernel: rbf
Advantage: normalizedfitness
M: 3
lambda: 12
epsilon_svgd: 0.015
gamma: 0.005
decay_start_ratio: 0.3
decay_min_factor: 0.01
bandwith_kernel: None
no_interact: False
avg_score: -3108.800048828125
median_score: -3117.5
std_score: 188.73526000976562
percentiles: 2%=-3492.6201171875, 5%=-3452.0, 10%=-3346.0, 25%=-3242.75, 50%=-3117.5, 75%=-2962.0, 90%=-2880.89990234375, 95%=-2818.75, 98%=-2765.039794921875
ranking_best_algo: RLSOnePlusOne
ranking_best_score: 3316.5199999999995
ranking_my_rank: 81/504 (84.1%)
ranking_my_percent: 84.12698412698413
