ConfigName: kjsd__advperagentrankweighted__M3__L18__eps0p01__g0p0007__ds0p1__dm0p2
Problem: NK
Kernel: jsd
Advantage: peragentrankweighted
M: 3
lambda: 18
epsilon_svgd: 0.01
gamma: 0.0007
decay_start_ratio: 0.1
decay_min_factor: 0.2
bandwith_kernel: None
no_interact: False
avg_score: 0.7067081928253174
median_score: 0.708388090133667
std_score: 0.011816130951046944
percentiles: 2%=0.6858518719673157, 5%=0.6878355741500854, 10%=0.6918841004371643, 25%=0.6954992413520813, 50%=0.708388090133667, 75%=0.7164427638053894, 90%=0.7202401161193848, 95%=0.7231346964836121, 98%=0.7242871522903442
ranking_best_algo: PBIL
ranking_best_score: 0.7013553837109374
ranking_my_rank: 1/504 (100.0%)
ranking_my_percent: 100.0
