ConfigName: kjsd__advperagentrankweighted__M3__L30__eps0p005__g0p0005__ds0p05__dm0p1
Problem: QUBO
Kernel: jsd
Advantage: peragentrankweighted
M: 3
lambda: 30
epsilon_svgd: 0.005
gamma: 0.0005
decay_start_ratio: 0.05
decay_min_factor: 0.1
bandwith_kernel: None
no_interact: False
avg_score: -581.7999877929688
median_score: -583.0
std_score: 29.820796966552734
percentiles: 2%=-643.0399780273438, 5%=-627.0999755859375, 10%=-615.2000122070312, 25%=-603.0, 50%=-583.0, 75%=-562.5, 90%=-547.0, 95%=-526.7000122070312, 98%=-514.9600219726562
ranking_best_algo: Tabu
ranking_best_score: 588.7199999999999
ranking_my_rank: 35/503 (93.2%)
ranking_my_percent: 93.24055666003976
