ConfigName: krbf__advnormalizedfitness__M1__L8__eps0p025__g0p01__ds0p3__dm0p01
Problem: QUBO
Kernel: rbf
Advantage: normalizedfitness
M: 1
lambda: 8
epsilon_svgd: 0.025
gamma: 0.01
decay_start_ratio: 0.3
decay_min_factor: 0.01
bandwith_kernel: None
no_interact: False
avg_score: -883.4000244140625
median_score: -882.0
std_score: 66.6049575805664
percentiles: 2%=-1034.0400390625, 5%=-1010.2999877929688, 10%=-971.0, 25%=-920.25, 50%=-882.0, 75%=-848.75, 90%=-804.9000244140625, 95%=-772.800048828125, 98%=-745.8399658203125
ranking_best_algo: CMAL3
ranking_best_score: 928.5800000000002
ranking_my_rank: 109/504 (78.6%)
ranking_my_percent: 78.57142857142857
