ConfigName: kjsd__advperagentrankweighted__M3__L24__eps0p005__g0p001__ds0p1__dm0p1
Problem: NK
Kernel: jsd
Advantage: peragentrankweighted
M: 3
lambda: 24
epsilon_svgd: 0.005
gamma: 0.001
decay_start_ratio: 0.1
decay_min_factor: 0.1
bandwith_kernel: None
no_interact: False
avg_score: 0.7370678782463074
median_score: 0.7382524013519287
std_score: 0.008156711235642433
percentiles: 2%=0.7208828926086426, 5%=0.7222450971603394, 10%=0.7240919470787048, 25%=0.731275200843811, 50%=0.7382524013519287, 75%=0.7429120540618896, 90%=0.7463114261627197, 95%=0.7475205659866333, 98%=0.7534870505332947
ranking_best_algo: PBIL
ranking_best_score: 0.730509098125
ranking_my_rank: 1/504 (100.0%)
ranking_my_percent: 100.0
