ConfigName: krbf__advnormalizedfitness__M3__L15__eps0p033__g0p005__ds0p3__dm0p3
Problem: QUBO
Kernel: rbf
Advantage: normalizedfitness
M: 3
lambda: 15
epsilon_svgd: 0.033
gamma: 0.005
decay_start_ratio: 0.3
decay_min_factor: 0.3
bandwith_kernel: None
no_interact: False
avg_score: -440.1000061035156
median_score: -437.0
std_score: 25.241830825805664
percentiles: 2%=-489.05999755859375, 5%=-479.1499938964844, 10%=-472.0, 25%=-461.0, 50%=-437.0, 75%=-421.0, 90%=-407.8999938964844, 95%=-398.95001220703125, 98%=-390.97998046875
ranking_best_algo: CMApara
ranking_best_score: 453.82
ranking_my_rank: 15/504 (97.2%)
ranking_my_percent: 97.22222222222223
