ConfigName: krbf__advnormalizedfitness__M4__L8__eps0p025__g0p015__ds0p15__dm0p3
Problem: QUBO
Kernel: rbf
Advantage: normalizedfitness
M: 4
lambda: 8
epsilon_svgd: 0.025
gamma: 0.015
decay_start_ratio: 0.15
decay_min_factor: 0.3
bandwith_kernel: None
no_interact: False
avg_score: -195.9600067138672
median_score: -195.0
std_score: 14.095332145690918
percentiles: 2%=-224.0, 5%=-222.10000610351562, 10%=-216.3000030517578, 25%=-205.0, 50%=-195.0, 75%=-186.0, 90%=-177.89999389648438, 95%=-174.0, 98%=-169.9399871826172
ranking_best_algo: Tabu
ranking_best_score: 208.36000000000004
ranking_my_rank: 202/504 (60.1%)
ranking_my_percent: 60.11904761904762
