ConfigName: kfr__advglobalrankweighted__M2__L10__eps0p02__g0p005__ds0p01__dm0p01
Problem: QUBO
Kernel: fr
Advantage: globalrankweighted
M: 2
lambda: 10
epsilon_svgd: 0.02
gamma: 0.005
decay_start_ratio: 0.01
decay_min_factor: 0.01
bandwith_kernel: None
no_interact: False
avg_score: -930.280029296875
median_score: -928.5
std_score: 74.42728424072266
percentiles: 2%=-1076.0400390625, 5%=-1061.6500244140625, 10%=-1032.199951171875, 25%=-985.25, 50%=-928.5, 75%=-873.0, 90%=-837.1000366210938, 95%=-814.8500366210938, 98%=-798.8800048828125
ranking_best_algo: CMApara
ranking_best_score: 964.9
ranking_my_rank: 19/504 (96.4%)
ranking_my_percent: 96.42857142857143
