ConfigName: kjsd__advperagentrankweighted__M3__L24__eps0p007__g0p0005__ds0p1__dm0p1
Problem: QUBO
Kernel: jsd
Advantage: peragentrankweighted
M: 3
lambda: 24
epsilon_svgd: 0.007
gamma: 0.0005
decay_start_ratio: 0.1
decay_min_factor: 0.1
bandwith_kernel: None
no_interact: False
avg_score: -200.55999755859375
median_score: -203.0
std_score: 13.48949146270752
percentiles: 2%=-224.0, 5%=-221.0500030517578, 10%=-218.10000610351562, 25%=-208.25, 50%=-203.0, 75%=-191.0, 90%=-182.0, 95%=-178.9499969482422, 98%=-172.0
ranking_best_algo: Tabu
ranking_best_score: 208.36000000000004
ranking_my_rank: 46/504 (91.1%)
ranking_my_percent: 91.07142857142857
