ConfigName: kfr__advglobalrankweighted__M1__L10__eps0p01__g0p003__ds0p01__dm0p01
Problem: QUBO
Kernel: fr
Advantage: globalrankweighted
M: 1
lambda: 10
epsilon_svgd: 0.01
gamma: 0.003
decay_start_ratio: 0.01
decay_min_factor: 0.01
bandwith_kernel: None
no_interact: False
avg_score: -142.22000122070312
median_score: -143.0
std_score: 15.529057502746582
percentiles: 2%=-179.0, 5%=-177.10000610351562, 10%=-158.0, 25%=-152.0, 50%=-143.0, 75%=-131.0, 90%=-123.0, 95%=-116.85001373291016, 98%=-111.91998291015625
ranking_best_algo: CMApara
ranking_best_score: 154.28
ranking_my_rank: 242/504 (52.2%)
ranking_my_percent: 52.182539682539684
