ConfigName: kjsd__advperagentrankweighted__M3__L20__eps0p005__g0p0007__ds0p2__dm0p1
Problem: QUBO
Kernel: jsd
Advantage: peragentrankweighted
M: 3
lambda: 20
epsilon_svgd: 0.005
gamma: 0.0007
decay_start_ratio: 0.2
decay_min_factor: 0.1
bandwith_kernel: None
no_interact: False
avg_score: -2645.199951171875
median_score: -2653.0
std_score: 118.52494049072266
percentiles: 2%=-2860.719970703125, 5%=-2842.199951171875, 10%=-2805.800048828125, 25%=-2719.25, 50%=-2653.0, 75%=-2557.25, 90%=-2476.800048828125, 95%=-2449.89990234375, 98%=-2418.820068359375
ranking_best_algo: DiscreteLengler2OnePlusOne
ranking_best_score: 2617.04
ranking_my_rank: 1/504 (100.0%)
ranking_my_percent: 100.0
