ConfigName: kjsd__advperagentrankweighted__M4__L12__eps0p01__g0p0005__ds0p2__dm0p05
Problem: NK
Kernel: jsd
Advantage: peragentrankweighted
M: 4
lambda: 12
epsilon_svgd: 0.01
gamma: 0.0005
decay_start_ratio: 0.2
decay_min_factor: 0.05
bandwith_kernel: None
no_interact: False
avg_score: 0.754783034324646
median_score: 0.7526537775993347
std_score: 0.011544286273419857
percentiles: 2%=0.7338551878929138, 5%=0.7367034554481506, 10%=0.740104615688324, 25%=0.747719943523407, 50%=0.7526537775993347, 75%=0.7628809213638306, 90%=0.7701447010040283, 95%=0.7741310000419617, 98%=0.7777290940284729
ranking_best_algo: Tabu
ranking_best_score: 0.7470791764843752
ranking_my_rank: 1/504 (100.0%)
ranking_my_percent: 100.0
