ConfigName: kfr__advglobalrankweighted__M5__L8__eps0p01__g0p003__ds0p01__dm0p01
Problem: QUBO
Kernel: fr
Advantage: globalrankweighted
M: 5
lambda: 8
epsilon_svgd: 0.01
gamma: 0.003
decay_start_ratio: 0.01
decay_min_factor: 0.01
bandwith_kernel: None
no_interact: False
avg_score: -3121.39990234375
median_score: -3101.5
std_score: 134.09877014160156
percentiles: 2%=-3381.280029296875, 5%=-3358.25, 10%=-3304.199951171875, 25%=-3201.25, 50%=-3101.5, 75%=-3044.0, 90%=-2962.0, 95%=-2914.550048828125, 98%=-2876.97998046875
ranking_best_algo: RLSOnePlusOne
ranking_best_score: 3316.5199999999995
ranking_my_rank: 78/504 (84.7%)
ranking_my_percent: 84.72222222222223
