ConfigName: kjsd__advperagentrankweighted__M3__L16__eps0p005__g0p003__ds0p05__dm0p2
Problem: QUBO
Kernel: jsd
Advantage: peragentrankweighted
M: 3
lambda: 16
epsilon_svgd: 0.005
gamma: 0.003
decay_start_ratio: 0.05
decay_min_factor: 0.2
bandwith_kernel: None
no_interact: False
avg_score: -844.0599975585938
median_score: -853.5
std_score: 70.0352554321289
percentiles: 2%=-984.0599975585938, 5%=-963.0, 10%=-929.2000122070312, 25%=-887.0, 50%=-853.5, 75%=-803.0, 90%=-737.7000122070312, 95%=-718.2000122070312, 98%=-691.9400024414062
ranking_best_algo: CMAL3
ranking_best_score: 928.5800000000002
ranking_my_rank: 241/504 (52.4%)
ranking_my_percent: 52.38095238095238
