ConfigName: kfr__advglobalrankweighted__M4__L5__eps0p06__g0p005__ds0p01__dm0p01
Problem: QUBO
Kernel: fr
Advantage: globalrankweighted
M: 4
lambda: 5
epsilon_svgd: 0.06
gamma: 0.005
decay_start_ratio: 0.01
decay_min_factor: 0.01
bandwith_kernel: None
no_interact: False
avg_score: -1186.47998046875
median_score: -1183.0
std_score: 54.78384017944336
percentiles: 2%=-1315.0400390625, 5%=-1284.5, 10%=-1264.199951171875, 25%=-1216.0, 50%=-1183.0, 75%=-1143.0, 90%=-1126.800048828125, 95%=-1115.3499755859375, 98%=-1094.9599609375
ranking_best_algo: SVMMetaModelLogNormal
ranking_best_score: 1233.7999999999997
ranking_my_rank: 58/504 (88.7%)
ranking_my_percent: 88.69047619047619
