ConfigName: krbf__advnormalizedfitness__M4__L15__eps0p033__g0p01__ds0p3__dm0p3
Problem: NK
Kernel: rbf
Advantage: normalizedfitness
M: 4
lambda: 15
epsilon_svgd: 0.033
gamma: 0.01
decay_start_ratio: 0.3
decay_min_factor: 0.3
bandwith_kernel: None
no_interact: False
avg_score: 0.6399598717689514
median_score: 0.6402324438095093
std_score: 0.012453275732696056
percentiles: 2%=0.6201601028442383, 5%=0.6208818554878235, 10%=0.6244557499885559, 25%=0.6291781067848206, 50%=0.6402324438095093, 75%=0.648108720779419, 90%=0.6552098989486694, 95%=0.660974383354187, 98%=0.6694765686988831
ranking_best_algo: PBIL
ranking_best_score: 0.733570253046875
ranking_my_rank: 306/504 (39.5%)
ranking_my_percent: 39.48412698412698
