ConfigName: krbf__advnormalizedfitness__M2__L10__eps0p025__g0p015__ds0p3__dm0p3
Problem: QUBO
Kernel: rbf
Advantage: normalizedfitness
M: 2
lambda: 10
epsilon_svgd: 0.025
gamma: 0.015
decay_start_ratio: 0.3
decay_min_factor: 0.3
bandwith_kernel: None
no_interact: False
avg_score: -1178.1400146484375
median_score: -1175.5
std_score: 65.35442352294922
percentiles: 2%=-1359.0799560546875, 5%=-1292.0, 10%=-1259.5999755859375, 25%=-1211.0, 50%=-1175.5, 75%=-1133.75, 90%=-1105.699951171875, 95%=-1085.800048828125, 98%=-1061.8599853515625
ranking_best_algo: Tabu
ranking_best_score: 1216.16
ranking_my_rank: 74/504 (85.5%)
ranking_my_percent: 85.51587301587301
