ConfigName: kfr__advglobalrankweighted__M5__L9__eps0p02__g0p007__ds0p01__dm0p01
Problem: QUBO
Kernel: fr
Advantage: globalrankweighted
M: 5
lambda: 9
epsilon_svgd: 0.02
gamma: 0.007
decay_start_ratio: 0.01
decay_min_factor: 0.01
bandwith_kernel: None
no_interact: False
avg_score: -2331.9599609375
median_score: -2335.5
std_score: 130.107177734375
percentiles: 2%=-2591.10009765625, 5%=-2574.14990234375, 10%=-2494.699951171875, 25%=-2408.5, 50%=-2335.5, 75%=-2263.75, 90%=-2171.300048828125, 95%=-2112.89990234375, 98%=-2086.7197265625
ranking_best_algo: SVM1MetaModelLogNormal
ranking_best_score: 2605.14
ranking_my_rank: 144/504 (71.6%)
ranking_my_percent: 71.62698412698413
