ConfigName: kjsd__advperagentrankweighted__M8__L10__eps0p005__g0p0005__ds0p3__dm0p05
Problem: NK
Kernel: jsd
Advantage: peragentrankweighted
M: 8
lambda: 10
epsilon_svgd: 0.005
gamma: 0.0005
decay_start_ratio: 0.3
decay_min_factor: 0.05
bandwith_kernel: None
no_interact: False
avg_score: 0.6342079043388367
median_score: 0.634250283241272
std_score: 0.009972939267754555
percentiles: 2%=0.6133589744567871, 5%=0.6160799860954285, 10%=0.618184506893158, 25%=0.6276466250419617, 50%=0.634250283241272, 75%=0.6416431665420532, 90%=0.6463525295257568, 95%=0.6491243839263916, 98%=0.6517617702484131
ranking_best_algo: PBIL
ranking_best_score: 0.7170882103515624
ranking_my_rank: 305/504 (39.7%)
ranking_my_percent: 39.682539682539684
