ConfigName: kjsd__advperagentrankweighted__M4__L30__eps0p01__g0p0003__ds0p2__dm0p05
Problem: NK
Kernel: jsd
Advantage: peragentrankweighted
M: 4
lambda: 30
epsilon_svgd: 0.01
gamma: 0.0003
decay_start_ratio: 0.2
decay_min_factor: 0.05
bandwith_kernel: None
no_interact: False
avg_score: 0.7317877411842346
median_score: 0.7317166328430176
std_score: 0.009295537136495113
percentiles: 2%=0.710852324962616, 5%=0.718410074710846, 10%=0.7213315367698669, 25%=0.7252302169799805, 50%=0.7317166328430176, 75%=0.7383127212524414, 90%=0.7450163960456848, 95%=0.7472266554832458, 98%=0.7480570673942566
ranking_best_algo: Tabu
ranking_best_score: 0.7429702712499999
ranking_my_rank: 2/504 (99.8%)
ranking_my_percent: 99.8015873015873
