ConfigName: kfr__advglobalrankweighted__M6__L8__eps0p015__g0p003__ds0p01__dm0p01
Problem: QUBO
Kernel: fr
Advantage: globalrankweighted
M: 6
lambda: 8
epsilon_svgd: 0.015
gamma: 0.003
decay_start_ratio: 0.01
decay_min_factor: 0.01
bandwith_kernel: None
no_interact: False
avg_score: -150.4600067138672
median_score: -146.5
std_score: 12.422093391418457
percentiles: 2%=-179.0, 5%=-179.0, 10%=-165.49998474121094, 25%=-155.0, 50%=-146.5, 75%=-141.0, 90%=-137.0, 95%=-134.90000915527344, 98%=-133.0
ranking_best_algo: CMApara
ranking_best_score: 154.28
ranking_my_rank: 76/504 (85.1%)
ranking_my_percent: 85.11904761904762
