ConfigName: kjsd__advperagentrankweighted__M3__L18__eps0p007__g0p001__ds0p1__dm0p1
Problem: QUBO
Kernel: jsd
Advantage: peragentrankweighted
M: 3
lambda: 18
epsilon_svgd: 0.007
gamma: 0.001
decay_start_ratio: 0.1
decay_min_factor: 0.1
bandwith_kernel: None
no_interact: False
avg_score: -1242.43994140625
median_score: -1238.0
std_score: 63.987083435058594
percentiles: 2%=-1382.239990234375, 5%=-1353.300048828125, 10%=-1320.5, 25%=-1285.25, 50%=-1238.0, 75%=-1192.0, 90%=-1153.9000244140625, 95%=-1144.949951171875, 98%=-1141.0
ranking_best_algo: SVMMetaModelLogNormal
ranking_best_score: 1233.7999999999997
ranking_my_rank: 1/504 (100.0%)
ranking_my_percent: 100.0
