ConfigName: kjsd__advperagentrankweighted__M4__L24__eps0p02__g0p0005__ds0p2__dm0p05
Problem: NK
Kernel: jsd
Advantage: peragentrankweighted
M: 4
lambda: 24
epsilon_svgd: 0.02
gamma: 0.0005
decay_start_ratio: 0.2
decay_min_factor: 0.05
bandwith_kernel: None
no_interact: False
avg_score: 0.7111154198646545
median_score: 0.6954540610313416
std_score: 0.03176894783973694
percentiles: 2%=0.6734635829925537, 5%=0.6742316484451294, 10%=0.6761800646781921, 25%=0.6828985214233398, 50%=0.6954540610313416, 75%=0.7469683885574341, 90%=0.7534475326538086, 95%=0.7613165378570557, 98%=0.7613165378570557
ranking_best_algo: CMApara
ranking_best_score: 0.7118996098437498
ranking_my_rank: 5/504 (99.2%)
ranking_my_percent: 99.2063492063492
