ConfigName: kjsd__advperagentrankweighted__M6__L8__eps0p02__g0p0003__ds0p05__dm0p05
Problem: NK
Kernel: jsd
Advantage: peragentrankweighted
M: 6
lambda: 8
epsilon_svgd: 0.02
gamma: 0.0003
decay_start_ratio: 0.05
decay_min_factor: 0.05
bandwith_kernel: None
no_interact: False
avg_score: 0.7258519530296326
median_score: 0.7261799573898315
std_score: 0.008790461346507072
percentiles: 2%=0.7086952924728394, 5%=0.7117598056793213, 10%=0.7139779925346375, 25%=0.720343828201294, 50%=0.7261799573898315, 75%=0.733500599861145, 90%=0.735587477684021, 95%=0.7383813858032227, 98%=0.7407769560813904
ranking_best_algo: PBIL
ranking_best_score: 0.7248786399609374
ranking_my_rank: 1/504 (100.0%)
ranking_my_percent: 100.0
