ConfigName: krbf__advnormalizedfitness__M3__L8__eps0p015__g0p015__ds0p15__dm0p3
Problem: QUBO
Kernel: rbf
Advantage: normalizedfitness
M: 3
lambda: 8
epsilon_svgd: 0.015
gamma: 0.015
decay_start_ratio: 0.15
decay_min_factor: 0.3
bandwith_kernel: None
no_interact: False
avg_score: -149.82000732421875
median_score: -151.0
std_score: 11.600326538085938
percentiles: 2%=-179.0, 5%=-175.1999969482422, 10%=-162.10000610351562, 25%=-155.0, 50%=-151.0, 75%=-141.0, 90%=-136.89999389648438, 95%=-135.0, 98%=-128.95999145507812
ranking_best_algo: CMApara
ranking_best_score: 154.28
ranking_my_rank: 76/504 (85.1%)
ranking_my_percent: 85.11904761904762
