ConfigName: kjsd__advperagentrankweighted__M4__L10__eps0p005__g0p0007__ds0p4__dm0p05
Problem: QUBO
Kernel: jsd
Advantage: peragentrankweighted
M: 4
lambda: 10
epsilon_svgd: 0.005
gamma: 0.0007
decay_start_ratio: 0.4
decay_min_factor: 0.05
bandwith_kernel: None
no_interact: False
avg_score: -1300.1199951171875
median_score: -1296.0
std_score: 56.480133056640625
percentiles: 2%=-1409.1600341796875, 5%=-1387.0999755859375, 10%=-1378.0999755859375, 25%=-1341.0, 50%=-1296.0, 75%=-1257.75, 90%=-1228.199951171875, 95%=-1214.199951171875, 98%=-1196.8399658203125
ranking_best_algo: BigLognormalDiscreteOnePlusOne
ranking_best_score: 1301.3600000000004
ranking_my_rank: 2/504 (99.8%)
ranking_my_percent: 99.8015873015873
