ConfigName: kjsd__advperagentrankweighted__M4__L20__eps0p005__g0p0005__ds0p2__dm0p1
Problem: QUBO
Kernel: jsd
Advantage: peragentrankweighted
M: 4
lambda: 20
epsilon_svgd: 0.005
gamma: 0.0005
decay_start_ratio: 0.2
decay_min_factor: 0.1
bandwith_kernel: None
no_interact: False
avg_score: -3248.080078125
median_score: -3248.5
std_score: 138.64125061035156
percentiles: 2%=-3519.179931640625, 5%=-3476.39990234375, 10%=-3436.300048828125, 25%=-3336.5, 50%=-3248.5, 75%=-3152.0, 90%=-3049.89990234375, 95%=-3026.25, 98%=-2993.820068359375
ranking_best_algo: RLSOnePlusOne
ranking_best_score: 3316.5199999999995
ranking_my_rank: 42/504 (91.9%)
ranking_my_percent: 91.86507936507937
