ConfigName: kjsd__advperagentrankweighted__M5__L10__eps0p01__g0p0007__ds0p2__dm0p05
Problem: QUBO
Kernel: jsd
Advantage: peragentrankweighted
M: 5
lambda: 10
epsilon_svgd: 0.01
gamma: 0.0007
decay_start_ratio: 0.2
decay_min_factor: 0.05
bandwith_kernel: None
no_interact: False
avg_score: -3276.820068359375
median_score: -3282.0
std_score: 111.53693389892578
percentiles: 2%=-3500.52001953125, 5%=-3472.550048828125, 10%=-3425.0, 25%=-3349.25, 50%=-3282.0, 75%=-3204.0, 90%=-3132.5, 95%=-3086.89990234375, 98%=-3054.93994140625
ranking_best_algo: RLSOnePlusOne
ranking_best_score: 3316.5199999999995
ranking_my_rank: 12/504 (97.8%)
ranking_my_percent: 97.81746031746032
