ConfigName: krbf__advnormalizedfitness__M3__L10__eps0p025__g0p005__ds0p01__dm0p01
Problem: QUBO
Kernel: rbf
Advantage: normalizedfitness
M: 3
lambda: 10
epsilon_svgd: 0.025
gamma: 0.005
decay_start_ratio: 0.01
decay_min_factor: 0.01
bandwith_kernel: None
no_interact: False
avg_score: -307.760009765625
median_score: -312.0
std_score: 39.93172073364258
percentiles: 2%=-388.1199951171875, 5%=-382.0, 10%=-357.3999938964844, 25%=-334.0, 50%=-312.0, 75%=-270.0, 90%=-258.8999938964844, 95%=-252.0, 98%=-250.0
ranking_best_algo: CMApara
ranking_best_score: 319.29999999999995
ranking_my_rank: 95/504 (81.3%)
ranking_my_percent: 81.34920634920636
