ConfigName: krbf__advnormalizedfitness__M4__L15__eps0p015__g0p015__ds0p01__dm0p01
Problem: QUBO
Kernel: rbf
Advantage: normalizedfitness
M: 4
lambda: 15
epsilon_svgd: 0.015
gamma: 0.015
decay_start_ratio: 0.01
decay_min_factor: 0.01
bandwith_kernel: None
no_interact: False
avg_score: -707.6199951171875
median_score: -705.0
std_score: 82.03362274169922
percentiles: 2%=-880.0999755859375, 5%=-846.25, 10%=-813.4000244140625, 25%=-765.0, 50%=-705.0, 75%=-658.0, 90%=-600.1000366210938, 95%=-572.6500244140625, 98%=-563.8800048828125
ranking_best_algo: BigLognormalDiscreteOnePlusOne
ranking_best_score: 1301.3600000000004
ranking_my_rank: 341/504 (32.5%)
ranking_my_percent: 32.53968253968254
