Problem: NK
Kernel: rbf
Advantage: peragentrankweighted
M: 15
lambda: 7
epsilon_svgd: 0.007
gamma: 0.0001
decay_start_ratio: 0.4
decay_min_factor: 0.2
bandwith_kernel: None
no_interact: False
avg_score: 0.7476902008056641
median_score: 0.743229329586029
std_score: 0.027345020323991776
percentiles: 2%=0.7114009857177734, 5%=0.7132951021194458, 10%=0.717401385307312, 25%=0.725959062576294, 50%=0.743229329586029, 75%=0.7623353600502014, 90%=0.778337299823761, 95%=0.8118547797203064, 98%=0.8118547797203064
ranking_best_algo: CMApara
ranking_best_score: 0.7459277895312499
ranking_my_rank: 1/505 (100.0%)
