ConfigName: krbf__advnormalizedfitness__M4__L10__eps0p015__g0p007__ds0p3__dm0p01
Problem: QUBO
Kernel: rbf
Advantage: normalizedfitness
M: 4
lambda: 10
epsilon_svgd: 0.015
gamma: 0.007
decay_start_ratio: 0.3
decay_min_factor: 0.01
bandwith_kernel: None
no_interact: False
avg_score: -545.9199829101562
median_score: -545.5
std_score: 39.23714828491211
percentiles: 2%=-623.1199951171875, 5%=-617.1500244140625, 10%=-601.0999755859375, 25%=-570.75, 50%=-545.5, 75%=-516.5, 90%=-496.8999938964844, 95%=-487.9000244140625, 98%=-466.9599914550781
ranking_best_algo: Tabu
ranking_best_score: 588.7199999999999
ranking_my_rank: 156/503 (69.2%)
ranking_my_percent: 69.18489065606362
