ConfigName: krbf__advnormalizedfitness__M1__L8__eps0p015__g0p007__ds0p3__dm0p01
Problem: QUBO
Kernel: rbf
Advantage: normalizedfitness
M: 1
lambda: 8
epsilon_svgd: 0.015
gamma: 0.007
decay_start_ratio: 0.3
decay_min_factor: 0.01
bandwith_kernel: None
no_interact: False
avg_score: -425.79998779296875
median_score: -425.0
std_score: 29.964645385742188
percentiles: 2%=-481.0799865722656, 5%=-475.0, 10%=-467.20001220703125, 25%=-450.25, 50%=-425.0, 75%=-404.0, 90%=-388.70001220703125, 95%=-382.8500061035156, 98%=-365.9599914550781
ranking_best_algo: CMApara
ranking_best_score: 453.82
ranking_my_rank: 121/504 (76.2%)
ranking_my_percent: 76.19047619047619
