ConfigName: krbf__advnormalizedfitness__M4__L8__eps0p025__g0p005__ds0p3__dm0p01
Problem: NK
Kernel: rbf
Advantage: normalizedfitness
M: 4
lambda: 8
epsilon_svgd: 0.025
gamma: 0.005
decay_start_ratio: 0.3
decay_min_factor: 0.01
bandwith_kernel: None
no_interact: False
avg_score: 0.7449514269828796
median_score: 0.7422553300857544
std_score: 0.028202084824442863
percentiles: 2%=0.7017248868942261, 5%=0.7092559933662415, 10%=0.7116748690605164, 25%=0.7206429243087769, 50%=0.7422553300857544, 75%=0.7580187320709229, 90%=0.7782467603683472, 95%=0.8044298887252808, 98%=0.8118547797203064
ranking_best_algo: CMApara
ranking_best_score: 0.7459277895312499
ranking_my_rank: 2/504 (99.8%)
ranking_my_percent: 99.8015873015873
