ConfigName: kjsd__advperagentrankweighted__M3__L18__eps0p01__g0p003__ds0p1__dm0p2
Problem: QUBO
Kernel: jsd
Advantage: peragentrankweighted
M: 3
lambda: 18
epsilon_svgd: 0.01
gamma: 0.003
decay_start_ratio: 0.1
decay_min_factor: 0.2
bandwith_kernel: None
no_interact: False
avg_score: -440.9599914550781
median_score: -443.0
std_score: 27.15949821472168
percentiles: 2%=-489.05999755859375, 5%=-485.20001220703125, 10%=-473.20001220703125, 25%=-462.0, 50%=-443.0, 75%=-416.0, 90%=-405.0, 95%=-399.79998779296875, 98%=-394.8999938964844
ranking_best_algo: CMApara
ranking_best_score: 453.82
ranking_my_rank: 12/504 (97.8%)
ranking_my_percent: 97.81746031746032
