ConfigName: krbf__advnormalizedfitness__M3__L12__eps0p025__g0p005__ds0p01__dm0p3
Problem: NK
Kernel: rbf
Advantage: normalizedfitness
M: 3
lambda: 12
epsilon_svgd: 0.025
gamma: 0.005
decay_start_ratio: 0.01
decay_min_factor: 0.3
bandwith_kernel: None
no_interact: False
avg_score: 0.7436205148696899
median_score: 0.7418962717056274
std_score: 0.028324861079454422
percentiles: 2%=0.7009083032608032, 5%=0.7042393684387207, 10%=0.7112471461296082, 25%=0.724619448184967, 50%=0.7418962717056274, 75%=0.7580187320709229, 90%=0.7782467603683472, 95%=0.8047307133674622, 98%=0.8118547797203064
ranking_best_algo: CMApara
ranking_best_score: 0.7459277895312499
ranking_my_rank: 7/504 (98.8%)
ranking_my_percent: 98.80952380952381
