ConfigName: kjsd__advperagentrankweighted__M6__L8__eps0p03__g0p0007__ds0p05__dm0p05
Problem: NK
Kernel: jsd
Advantage: peragentrankweighted
M: 6
lambda: 8
epsilon_svgd: 0.03
gamma: 0.0007
decay_start_ratio: 0.05
decay_min_factor: 0.05
bandwith_kernel: None
no_interact: False
avg_score: 0.742082953453064
median_score: 0.7379348278045654
std_score: 0.028340985998511314
percentiles: 2%=0.6962088346481323, 5%=0.7025858759880066, 10%=0.7102870941162109, 25%=0.7239094972610474, 50%=0.7379348278045654, 75%=0.7534474730491638, 90%=0.7765700817108154, 95%=0.8048011064529419, 98%=0.8118547797203064
ranking_best_algo: CMApara
ranking_best_score: 0.7459277895312499
ranking_my_rank: 25/504 (95.2%)
ranking_my_percent: 95.23809523809524
