ConfigName: kjsd__advperagentrankweighted__M4__L20__eps0p005__g0p0005__ds0p2__dm0p05
Problem: QUBO
Kernel: jsd
Advantage: peragentrankweighted
M: 4
lambda: 20
epsilon_svgd: 0.005
gamma: 0.0005
decay_start_ratio: 0.2
decay_min_factor: 0.05
bandwith_kernel: None
no_interact: False
avg_score: -332.70001220703125
median_score: -337.5
std_score: 19.66087532043457
percentiles: 2%=-372.0, 5%=-357.20001220703125, 10%=-354.0, 25%=-343.0, 50%=-337.5, 75%=-324.0, 90%=-307.79998779296875, 95%=-291.79998779296875, 98%=-284.0
ranking_best_algo: CMApara
ranking_best_score: 344.22
ranking_my_rank: 70/504 (86.3%)
ranking_my_percent: 86.30952380952381
