ConfigName: kjsd__advperagentrankweighted__M3__L20__eps0p007__g0p003__ds0p2__dm0p05
Problem: NK
Kernel: jsd
Advantage: peragentrankweighted
M: 3
lambda: 20
epsilon_svgd: 0.007
gamma: 0.003
decay_start_ratio: 0.2
decay_min_factor: 0.05
bandwith_kernel: None
no_interact: False
avg_score: 0.7046759724617004
median_score: 0.7060689926147461
std_score: 0.012057716958224773
percentiles: 2%=0.6840642690658569, 5%=0.6872526407241821, 10%=0.6896545886993408, 25%=0.6936431527137756, 50%=0.7060689926147461, 75%=0.7147687077522278, 90%=0.719835638999939, 95%=0.7223016023635864, 98%=0.7234017848968506
ranking_best_algo: PBIL
ranking_best_score: 0.7013553837109374
ranking_my_rank: 1/504 (100.0%)
ranking_my_percent: 100.0
