ConfigName: krbf__advnormalizedfitness__M3__L12__eps0p033__g0p015__ds0p15__dm0p01
Problem: QUBO
Kernel: rbf
Advantage: normalizedfitness
M: 3
lambda: 12
epsilon_svgd: 0.033
gamma: 0.015
decay_start_ratio: 0.15
decay_min_factor: 0.01
bandwith_kernel: None
no_interact: False
avg_score: -1181.0
median_score: -1172.0
std_score: 59.745628356933594
percentiles: 2%=-1335.1600341796875, 5%=-1294.5, 10%=-1255.4000244140625, 25%=-1216.0, 50%=-1172.0, 75%=-1145.25, 90%=-1109.5, 95%=-1087.0, 98%=-1078.719970703125
ranking_best_algo: Tabu
ranking_best_score: 1216.16
ranking_my_rank: 70/504 (86.3%)
ranking_my_percent: 86.30952380952381
