ConfigName: krbf__advnormalizedfitness__M4__L10__eps0p033__g0p007__ds0p15__dm0p01
Problem: QUBO
Kernel: rbf
Advantage: normalizedfitness
M: 4
lambda: 10
epsilon_svgd: 0.033
gamma: 0.007
decay_start_ratio: 0.15
decay_min_factor: 0.01
bandwith_kernel: None
no_interact: False
avg_score: -201.36000061035156
median_score: -201.0
std_score: 11.406595230102539
percentiles: 2%=-221.05999755859375, 5%=-219.0500030517578, 10%=-216.10000610351562, 25%=-209.25, 50%=-201.0, 75%=-193.75, 90%=-186.0, 95%=-183.0, 98%=-180.85997009277344
ranking_best_algo: Tabu
ranking_best_score: 208.36000000000004
ranking_my_rank: 40/504 (92.3%)
ranking_my_percent: 92.26190476190476
