ConfigName: krbf__advnormalizedfitness__M1__L8__eps0p015__g0p007__ds0p01__dm0p01
Problem: QUBO
Kernel: rbf
Advantage: normalizedfitness
M: 1
lambda: 8
epsilon_svgd: 0.015
gamma: 0.007
decay_start_ratio: 0.01
decay_min_factor: 0.01
bandwith_kernel: None
no_interact: False
avg_score: -2568.8798828125
median_score: -2576.0
std_score: 109.10997009277344
percentiles: 2%=-2762.02001953125, 5%=-2724.5, 10%=-2696.39990234375, 25%=-2651.75, 50%=-2576.0, 75%=-2499.0, 90%=-2424.300048828125, 95%=-2383.60009765625, 98%=-2352.559814453125
ranking_best_algo: SVM1MetaModelLogNormal
ranking_best_score: 2605.14
ranking_my_rank: 15/504 (97.2%)
ranking_my_percent: 97.22222222222223
