ConfigName: krbf__advnormalizedfitness__M3__L8__eps0p025__g0p015__ds0p15__dm0p01
Problem: QUBO
Kernel: rbf
Advantage: normalizedfitness
M: 3
lambda: 8
epsilon_svgd: 0.025
gamma: 0.015
decay_start_ratio: 0.15
decay_min_factor: 0.01
bandwith_kernel: None
no_interact: False
avg_score: -898.9600219726562
median_score: -898.0
std_score: 68.88060760498047
percentiles: 2%=-1045.06005859375, 5%=-1010.2999877929688, 10%=-988.5999755859375, 25%=-947.5, 50%=-898.0, 75%=-842.25, 90%=-813.7999877929688, 95%=-800.9500122070312, 98%=-788.8399658203125
ranking_best_algo: CMAL3
ranking_best_score: 928.5800000000002
ranking_my_rank: 71/504 (86.1%)
ranking_my_percent: 86.11111111111111
