ConfigName: kjsd__advperagentrankweighted__M3__L18__eps0p007__g0p0005__ds0p05__dm0p2
Problem: QUBO
Kernel: jsd
Advantage: peragentrankweighted
M: 3
lambda: 18
epsilon_svgd: 0.007
gamma: 0.0005
decay_start_ratio: 0.05
decay_min_factor: 0.2
bandwith_kernel: None
no_interact: False
avg_score: -442.5199890136719
median_score: -445.5
std_score: 27.978734970092773
percentiles: 2%=-492.1199951171875, 5%=-488.04998779296875, 10%=-481.0, 25%=-463.25, 50%=-445.5, 75%=-420.75, 90%=-402.8999938964844, 95%=-395.8999938964844, 98%=-392.9599914550781
ranking_best_algo: CMApara
ranking_best_score: 453.82
ranking_my_rank: 9/504 (98.4%)
ranking_my_percent: 98.41269841269842
