ConfigName: kjsd__advperagentrankweighted__M8__L12__eps0p008__g0p0005__ds0p3__dm0p05
Problem: QUBO
Kernel: jsd
Advantage: peragentrankweighted
M: 8
lambda: 12
epsilon_svgd: 0.008
gamma: 0.0005
decay_start_ratio: 0.3
decay_min_factor: 0.05
bandwith_kernel: None
no_interact: False
avg_score: -2521.820068359375
median_score: -2533.5
std_score: 126.95844268798828
percentiles: 2%=-2766.719970703125, 5%=-2752.39990234375, 10%=-2683.89990234375, 25%=-2588.0, 50%=-2533.5, 75%=-2436.0, 90%=-2386.5, 95%=-2300.949951171875, 98%=-2285.47998046875
ranking_best_algo: DiscreteLengler2OnePlusOne
ranking_best_score: 2617.04
ranking_my_rank: 62/504 (87.9%)
ranking_my_percent: 87.89682539682539
