ConfigName: krbf__advnormalizedfitness__M3__L10__eps0p025__g0p005__ds0p3__dm0p3
Problem: QUBO
Kernel: rbf
Advantage: normalizedfitness
M: 3
lambda: 10
epsilon_svgd: 0.025
gamma: 0.005
decay_start_ratio: 0.3
decay_min_factor: 0.3
bandwith_kernel: None
no_interact: False
avg_score: -575.6400146484375
median_score: -572.0
std_score: 31.743194580078125
percentiles: 2%=-641.0399780273438, 5%=-637.0, 10%=-625.0999755859375, 25%=-596.0, 50%=-572.0, 75%=-554.0, 90%=-537.9000244140625, 95%=-528.800048828125, 98%=-518.7999267578125
ranking_best_algo: Tabu
ranking_best_score: 588.7199999999999
ranking_my_rank: 57/503 (88.9%)
ranking_my_percent: 88.86679920477137
