ConfigName: kjsd__advperagentrankweighted__M3__L18__eps0p005__g0p003__ds0p1__dm0p2
Problem: QUBO
Kernel: jsd
Advantage: peragentrankweighted
M: 3
lambda: 18
epsilon_svgd: 0.005
gamma: 0.003
decay_start_ratio: 0.1
decay_min_factor: 0.2
bandwith_kernel: None
no_interact: False
avg_score: -881.5
median_score: -869.0
std_score: 74.00574493408203
percentiles: 2%=-1032.1800537109375, 5%=-1009.0, 10%=-990.0999755859375, 25%=-931.75, 50%=-869.0, 75%=-827.0, 90%=-794.7999877929688, 95%=-775.3499755859375, 98%=-750.9199829101562
ranking_best_algo: CMApara
ranking_best_score: 964.9
ranking_my_rank: 202/504 (60.1%)
ranking_my_percent: 60.11904761904762
