ConfigName: krbf__advnormalizedfitness__M4__L15__eps0p033__g0p01__ds0p01__dm0p3
Problem: QUBO
Kernel: rbf
Advantage: normalizedfitness
M: 4
lambda: 15
epsilon_svgd: 0.033
gamma: 0.01
decay_start_ratio: 0.01
decay_min_factor: 0.3
bandwith_kernel: None
no_interact: False
avg_score: -784.9400024414062
median_score: -775.5
std_score: 76.30659484863281
percentiles: 2%=-964.0599975585938, 5%=-939.1500244140625, 10%=-891.5, 25%=-825.25, 50%=-775.5, 75%=-733.25, 90%=-688.5, 95%=-668.8500366210938, 98%=-660.9400024414062
ranking_best_algo: CMAL3
ranking_best_score: 928.5800000000002
ranking_my_rank: 306/504 (39.5%)
ranking_my_percent: 39.48412698412698
