ConfigName: krbf__advnormalizedfitness__M4__L15__eps0p01__g0p002__ds0p05__dm0p05
Problem: QUBO
Kernel: rbf
Advantage: normalizedfitness
M: 4
lambda: 15
epsilon_svgd: 0.01
gamma: 0.002
decay_start_ratio: 0.05
decay_min_factor: 0.05
bandwith_kernel: None
no_interact: False
avg_score: -572.280029296875
median_score: -573.0
std_score: 24.17853546142578
percentiles: 2%=-621.219970703125, 5%=-609.0999755859375, 10%=-604.0, 25%=-589.0, 50%=-573.0, 75%=-555.0, 90%=-542.9000244140625, 95%=-537.7999877929688, 98%=-525.8599853515625
ranking_best_algo: Tabu
ranking_best_score: 588.7199999999999
ranking_my_rank: 62/503 (87.9%)
ranking_my_percent: 87.8727634194831
