ConfigName: kjsd__advperagentrankweighted__M5__L10__eps0p005__g0p003__ds0p4__dm0p2
Problem: QUBO
Kernel: jsd
Advantage: peragentrankweighted
M: 5
lambda: 10
epsilon_svgd: 0.005
gamma: 0.003
decay_start_ratio: 0.4
decay_min_factor: 0.2
bandwith_kernel: None
no_interact: False
avg_score: -789.260009765625
median_score: -790.5
std_score: 72.04132843017578
percentiles: 2%=-943.1199951171875, 5%=-908.3499755859375, 10%=-885.2999877929688, 25%=-836.75, 50%=-790.5, 75%=-742.75, 90%=-699.5999755859375, 95%=-680.2999877929688, 98%=-660.8800048828125
ranking_best_algo: SVMMetaModelLogNormal
ranking_best_score: 1233.7999999999997
ranking_my_rank: 328/504 (35.1%)
ranking_my_percent: 35.11904761904762
