ConfigName: kjsd__advperagentrankweighted__M4__L24__eps0p03__g0p0005__ds0p2__dm0p05
Problem: QUBO
Kernel: jsd
Advantage: peragentrankweighted
M: 4
lambda: 24
epsilon_svgd: 0.03
gamma: 0.0005
decay_start_ratio: 0.2
decay_min_factor: 0.05
bandwith_kernel: None
no_interact: False
avg_score: -2630.5
median_score: -2628.0
std_score: 112.22669219970703
percentiles: 2%=-2843.199951171875, 5%=-2813.300048828125, 10%=-2773.199951171875, 25%=-2710.25, 50%=-2628.0, 75%=-2579.0, 90%=-2484.5, 95%=-2427.39990234375, 98%=-2373.739990234375
ranking_best_algo: DiscreteLengler2OnePlusOne
ranking_best_score: 2617.04
ranking_my_rank: 1/504 (100.0%)
ranking_my_percent: 100.0
