ConfigName: kjsd__advperagentrankweighted__M5__L10__eps0p005__g0p0007__ds0p2__dm0p2
Problem: QUBO
Kernel: jsd
Advantage: peragentrankweighted
M: 5
lambda: 10
epsilon_svgd: 0.005
gamma: 0.0007
decay_start_ratio: 0.2
decay_min_factor: 0.2
bandwith_kernel: None
no_interact: False
avg_score: -1214.0999755859375
median_score: -1214.0
std_score: 72.7269515991211
percentiles: 2%=-1366.1400146484375, 5%=-1344.050048828125, 10%=-1309.699951171875, 25%=-1260.75, 50%=-1214.0, 75%=-1164.75, 90%=-1112.699951171875, 95%=-1100.6500244140625, 98%=-1092.719970703125
ranking_best_algo: SVMMetaModelLogNormal
ranking_best_score: 1233.7999999999997
ranking_my_rank: 45/504 (91.3%)
ranking_my_percent: 91.26984126984127
