ConfigName: kjsd__advperagentrankweighted__M5__L8__eps0p01__g0p003__ds0p05__dm0p05
Problem: QUBO
Kernel: jsd
Advantage: peragentrankweighted
M: 5
lambda: 8
epsilon_svgd: 0.01
gamma: 0.003
decay_start_ratio: 0.05
decay_min_factor: 0.05
bandwith_kernel: None
no_interact: False
avg_score: -2470.5400390625
median_score: -2473.5
std_score: 133.98190307617188
percentiles: 2%=-2763.0, 5%=-2708.199951171875, 10%=-2642.0, 25%=-2559.0, 50%=-2473.5, 75%=-2361.0, 90%=-2300.0, 95%=-2289.050048828125, 98%=-2233.580078125
ranking_best_algo: SVM1MetaModelLogNormal
ranking_best_score: 2605.14
ranking_my_rank: 80/504 (84.3%)
ranking_my_percent: 84.32539682539682
