ConfigName: krbf__advnormalizedfitness__M5__L15__eps0p03__g0p005__ds0p05__dm0p05
Problem: QUBO
Kernel: rbf
Advantage: normalizedfitness
M: 5
lambda: 15
epsilon_svgd: 0.03
gamma: 0.005
decay_start_ratio: 0.05
decay_min_factor: 0.05
bandwith_kernel: None
no_interact: False
avg_score: -437.79998779296875
median_score: -437.0
std_score: 25.685794830322266
percentiles: 2%=-475.20001220703125, 5%=-473.0, 10%=-472.0, 25%=-457.75, 50%=-437.0, 75%=-417.0, 90%=-406.5, 95%=-399.3999938964844, 98%=-382.9800109863281
ranking_best_algo: CMApara
ranking_best_score: 453.82
ranking_my_rank: 28/504 (94.6%)
ranking_my_percent: 94.64285714285714
