ConfigName: krbf__advnormalizedfitness__M3__L8__eps0p025__g0p015__ds0p3__dm0p01
Problem: QUBO
Kernel: rbf
Advantage: normalizedfitness
M: 3
lambda: 8
epsilon_svgd: 0.025
gamma: 0.015
decay_start_ratio: 0.3
decay_min_factor: 0.01
bandwith_kernel: None
no_interact: False
avg_score: -1234.9599609375
median_score: -1239.0
std_score: 75.62577056884766
percentiles: 2%=-1361.3599853515625, 5%=-1354.1500244140625, 10%=-1342.0, 25%=-1293.5, 50%=-1239.0, 75%=-1178.0, 90%=-1138.5999755859375, 95%=-1101.0, 98%=-1090.760009765625
ranking_best_algo: BigLognormalDiscreteOnePlusOne
ranking_best_score: 1301.3600000000004
ranking_my_rank: 61/504 (88.1%)
ranking_my_percent: 88.0952380952381
