ConfigName: kfr__advglobalrankweighted__M4__L15__eps0p01__g0p005__ds0p01__dm0p01
Problem: QUBO
Kernel: fr
Advantage: globalrankweighted
M: 4
lambda: 15
epsilon_svgd: 0.01
gamma: 0.005
decay_start_ratio: 0.01
decay_min_factor: 0.01
bandwith_kernel: None
no_interact: False
avg_score: -563.6199951171875
median_score: -564.0
std_score: 31.5457706451416
percentiles: 2%=-623.0800170898438, 5%=-618.0499877929688, 10%=-605.4000244140625, 25%=-581.75, 50%=-564.0, 75%=-545.0, 90%=-524.5999755859375, 95%=-509.8500061035156, 98%=-501.73992919921875
ranking_best_algo: Tabu
ranking_best_score: 588.7199999999999
ranking_my_rank: 94/503 (81.5%)
ranking_my_percent: 81.51093439363817
