ConfigName: kjsd__advperagentrankweighted__M5__L12__eps0p008__g0p0005__ds0p05__dm0p05
Problem: QUBO
Kernel: jsd
Advantage: peragentrankweighted
M: 5
lambda: 12
epsilon_svgd: 0.008
gamma: 0.0005
decay_start_ratio: 0.05
decay_min_factor: 0.05
bandwith_kernel: None
no_interact: False
avg_score: -1203.1600341796875
median_score: -1201.0
std_score: 49.940711975097656
percentiles: 2%=-1313.1600341796875, 5%=-1295.0999755859375, 10%=-1269.4000244140625, 25%=-1231.25, 50%=-1201.0, 75%=-1172.0, 90%=-1137.0, 95%=-1124.699951171875, 98%=-1106.93994140625
ranking_best_algo: Tabu
ranking_best_score: 1216.16
ranking_my_rank: 40/504 (92.3%)
ranking_my_percent: 92.26190476190476
