ConfigName: kjsd__advperagentrankweighted__M4__L8__eps0p005__g0p0007__ds0p4__dm0p05
Problem: QUBO
Kernel: jsd
Advantage: peragentrankweighted
M: 4
lambda: 8
epsilon_svgd: 0.005
gamma: 0.0007
decay_start_ratio: 0.4
decay_min_factor: 0.05
bandwith_kernel: None
no_interact: False
avg_score: -3285.679931640625
median_score: -3283.0
std_score: 139.8980255126953
percentiles: 2%=-3562.300048828125, 5%=-3518.0, 10%=-3460.0, 25%=-3380.25, 50%=-3283.0, 75%=-3199.0, 90%=-3124.800048828125, 95%=-3078.89990234375, 98%=-3011.300048828125
ranking_best_algo: RLSOnePlusOne
ranking_best_score: 3316.5199999999995
ranking_my_rank: 3/504 (99.6%)
ranking_my_percent: 99.60317460317461
