ConfigName: kjsd__advperagentrankweighted__M8__L12__eps0p005__g0p0005__ds0p3__dm0p05
Problem: QUBO
Kernel: jsd
Advantage: peragentrankweighted
M: 8
lambda: 12
epsilon_svgd: 0.005
gamma: 0.0005
decay_start_ratio: 0.3
decay_min_factor: 0.05
bandwith_kernel: None
no_interact: False
avg_score: -337.05999755859375
median_score: -339.5
std_score: 17.32271385192871
percentiles: 2%=-372.0, 5%=-366.20001220703125, 10%=-354.1000061035156, 25%=-346.0, 50%=-339.5, 75%=-330.0, 90%=-318.0, 95%=-306.0, 98%=-291.8399963378906
ranking_best_algo: CMApara
ranking_best_score: 344.22
ranking_my_rank: 48/504 (90.7%)
ranking_my_percent: 90.67460317460318
