ConfigName: kjsd__advperagentrankweighted__M5__L8__eps0p02__g0p0005__ds0p05__dm0p05
Problem: NK
Kernel: jsd
Advantage: peragentrankweighted
M: 5
lambda: 8
epsilon_svgd: 0.02
gamma: 0.0005
decay_start_ratio: 0.05
decay_min_factor: 0.05
bandwith_kernel: None
no_interact: False
avg_score: 0.7086170315742493
median_score: 0.708050549030304
std_score: 0.007090666331350803
percentiles: 2%=0.6961945295333862, 5%=0.6972383856773376, 10%=0.6996995806694031, 25%=0.7039334774017334, 50%=0.708050549030304, 75%=0.7135123014450073, 90%=0.7189706563949585, 95%=0.7197681069374084, 98%=0.7228357195854187
ranking_best_algo: PBIL
ranking_best_score: 0.7170882103515624
ranking_my_rank: 54/504 (89.5%)
ranking_my_percent: 89.48412698412699
