ConfigName: kfr__advglobalrankweighted__M2__L7__eps0p01__g0p007__ds0p01__dm0p01
Problem: QUBO
Kernel: fr
Advantage: globalrankweighted
M: 2
lambda: 7
epsilon_svgd: 0.01
gamma: 0.007
decay_start_ratio: 0.01
decay_min_factor: 0.01
bandwith_kernel: None
no_interact: False
avg_score: -898.8599853515625
median_score: -896.0
std_score: 57.0003547668457
percentiles: 2%=-1021.3800048828125, 5%=-1001.1500244140625, 10%=-976.2999877929688, 25%=-931.5, 50%=-896.0, 75%=-857.5, 90%=-834.7999877929688, 95%=-817.9500122070312, 98%=-800.7599487304688
ranking_best_algo: CMAL3
ranking_best_score: 928.5800000000002
ranking_my_rank: 71/504 (86.1%)
ranking_my_percent: 86.11111111111111
