ConfigName: krbf__advnormalizedfitness__M2__L11__eps0p02__g0p003__ds0p01__dm0p01
Problem: QUBO
Kernel: rbf
Advantage: normalizedfitness
M: 2
lambda: 11
epsilon_svgd: 0.02
gamma: 0.003
decay_start_ratio: 0.01
decay_min_factor: 0.01
bandwith_kernel: None
no_interact: False
avg_score: -916.780029296875
median_score: -914.5
std_score: 72.10389709472656
percentiles: 2%=-1059.06005859375, 5%=-1037.6500244140625, 10%=-1008.5, 25%=-964.5, 50%=-914.5, 75%=-870.0, 90%=-827.5999755859375, 95%=-796.6500244140625, 98%=-780.9199829101562
ranking_best_algo: CMApara
ranking_best_score: 964.9
ranking_my_rank: 68/504 (86.7%)
ranking_my_percent: 86.7063492063492
