ConfigName: krbf__advnormalizedfitness__M3__L10__eps0p025__g0p005__ds0p15__dm0p3
Problem: NK
Kernel: rbf
Advantage: normalizedfitness
M: 3
lambda: 10
epsilon_svgd: 0.025
gamma: 0.005
decay_start_ratio: 0.15
decay_min_factor: 0.3
bandwith_kernel: None
no_interact: False
avg_score: 0.7423296570777893
median_score: 0.7394911646842957
std_score: 0.014933723025023937
percentiles: 2%=0.7180501818656921, 5%=0.7194902300834656, 10%=0.7251126766204834, 25%=0.7317238450050354, 50%=0.7394911646842957, 75%=0.7538948059082031, 90%=0.7633231282234192, 95%=0.7695120573043823, 98%=0.7749614119529724
ranking_best_algo: Tabu
ranking_best_score: 0.7601875690625
ranking_my_rank: 11/504 (98.0%)
ranking_my_percent: 98.01587301587301
