ConfigName: kfr__advglobalrankweighted__M1__L9__eps0p02__g0p003__ds0p01__dm0p01
Problem: QUBO
Kernel: fr
Advantage: globalrankweighted
M: 1
lambda: 9
epsilon_svgd: 0.02
gamma: 0.003
decay_start_ratio: 0.01
decay_min_factor: 0.01
bandwith_kernel: None
no_interact: False
avg_score: -1170.199951171875
median_score: -1163.0
std_score: 61.105316162109375
percentiles: 2%=-1311.1400146484375, 5%=-1283.0999755859375, 10%=-1250.0999755859375, 25%=-1209.0, 50%=-1163.0, 75%=-1127.5, 90%=-1097.0, 95%=-1077.9000244140625, 98%=-1066.43994140625
ranking_best_algo: SVMMetaModelLogNormal
ranking_best_score: 1233.7999999999997
ranking_my_rank: 78/504 (84.7%)
ranking_my_percent: 84.72222222222223
