ConfigName: kjsd__advperagentrankweighted__M5__L8__eps0p01__g0p0005__ds0p4__dm0p05
Problem: NK
Kernel: jsd
Advantage: peragentrankweighted
M: 5
lambda: 8
epsilon_svgd: 0.01
gamma: 0.0005
decay_start_ratio: 0.4
decay_min_factor: 0.05
bandwith_kernel: None
no_interact: False
avg_score: 0.7421281337738037
median_score: 0.7401667833328247
std_score: 0.029165592044591904
percentiles: 2%=0.6955358982086182, 5%=0.7025202512741089, 10%=0.7107653021812439, 25%=0.7205686569213867, 50%=0.7401667833328247, 75%=0.7527185678482056, 90%=0.7753544449806213, 95%=0.8109943270683289, 98%=0.8118547797203064
ranking_best_algo: CMApara
ranking_best_score: 0.7459277895312499
ranking_my_rank: 24/504 (95.4%)
ranking_my_percent: 95.43650793650794
