ConfigName: kjsd__advperagentrankweighted__M3__L18__eps0p007__g0p0005__ds0p2__dm0p2
Problem: QUBO
Kernel: jsd
Advantage: peragentrankweighted
M: 3
lambda: 18
epsilon_svgd: 0.007
gamma: 0.0005
decay_start_ratio: 0.2
decay_min_factor: 0.2
bandwith_kernel: None
no_interact: False
avg_score: -427.0400085449219
median_score: -425.5
std_score: 25.656158447265625
percentiles: 2%=-479.0799865722656, 5%=-469.1000061035156, 10%=-461.1000061035156, 25%=-445.0, 50%=-425.5, 75%=-411.0, 90%=-393.0, 95%=-387.0, 98%=-377.9599914550781
ranking_best_algo: CMAL3
ranking_best_score: 435.36
ranking_my_rank: 20/504 (96.2%)
ranking_my_percent: 96.23015873015873
