ConfigName: krbf__advnormalizedfitness__M2__L8__eps0p033__g0p015__ds0p01__dm0p01
Problem: QUBO
Kernel: rbf
Advantage: normalizedfitness
M: 2
lambda: 8
epsilon_svgd: 0.033
gamma: 0.015
decay_start_ratio: 0.01
decay_min_factor: 0.01
bandwith_kernel: None
no_interact: False
avg_score: -1179.8199462890625
median_score: -1172.0
std_score: 60.62629699707031
percentiles: 2%=-1331.0799560546875, 5%=-1277.9000244140625, 10%=-1261.199951171875, 25%=-1222.0, 50%=-1172.0, 75%=-1137.0, 90%=-1112.699951171875, 95%=-1094.9000244140625, 98%=-1067.47998046875
ranking_best_algo: Tabu
ranking_best_score: 1216.16
ranking_my_rank: 70/504 (86.3%)
ranking_my_percent: 86.30952380952381
