ConfigName: kjsd__advperagentrankweighted__M5__L28__eps0p005__g0p0005__ds0p05__dm0p05
Problem: QUBO
Kernel: jsd
Advantage: peragentrankweighted
M: 5
lambda: 28
epsilon_svgd: 0.005
gamma: 0.0005
decay_start_ratio: 0.05
decay_min_factor: 0.05
bandwith_kernel: None
no_interact: False
avg_score: -1551.1400146484375
median_score: -1545.5
std_score: 82.7461166381836
percentiles: 2%=-1711.300048828125, 5%=-1677.800048828125, 10%=-1666.699951171875, 25%=-1594.5, 50%=-1545.5, 75%=-1498.0, 90%=-1450.800048828125, 95%=-1426.9000244140625, 98%=-1382.760009765625
ranking_best_algo: NLOPT_LN_PRAXIS
ranking_best_score: 1607.12
ranking_my_rank: 52/504 (89.9%)
ranking_my_percent: 89.88095238095238
