ConfigName: kjsd__advperagentrankweighted__M3__L18__eps0p01__g0p001__ds0p1__dm0p1
Problem: QUBO
Kernel: jsd
Advantage: peragentrankweighted
M: 3
lambda: 18
epsilon_svgd: 0.01
gamma: 0.001
decay_start_ratio: 0.1
decay_min_factor: 0.1
bandwith_kernel: None
no_interact: False
avg_score: -1241.8199462890625
median_score: -1241.5
std_score: 58.24970245361328
percentiles: 2%=-1364.02001953125, 5%=-1347.4000244140625, 10%=-1321.0999755859375, 25%=-1283.0, 50%=-1241.5, 75%=-1198.75, 90%=-1169.0, 95%=-1146.9000244140625, 98%=-1136.8800048828125
ranking_best_algo: SVMMetaModelLogNormal
ranking_best_score: 1233.7999999999997
ranking_my_rank: 1/504 (100.0%)
ranking_my_percent: 100.0
