ConfigName: krbf__advnormalizedfitness__M4__L8__eps0p033__g0p005__ds0p01__dm0p01
Problem: QUBO
Kernel: rbf
Advantage: normalizedfitness
M: 4
lambda: 8
epsilon_svgd: 0.033
gamma: 0.005
decay_start_ratio: 0.01
decay_min_factor: 0.01
bandwith_kernel: None
no_interact: False
avg_score: -2542.39990234375
median_score: -2512.5
std_score: 143.7808074951172
percentiles: 2%=-2808.56005859375, 5%=-2779.550048828125, 10%=-2732.300048828125, 25%=-2658.0, 50%=-2512.5, 75%=-2435.5, 90%=-2375.60009765625, 95%=-2317.75, 98%=-2304.099853515625
ranking_best_algo: DiscreteLengler2OnePlusOne
ranking_best_score: 2617.04
ranking_my_rank: 56/504 (89.1%)
ranking_my_percent: 89.08730158730158
