ConfigName: krbf__advnormalizedfitness__M3__L8__eps0p033__g0p01__ds0p3__dm0p01
Problem: QUBO
Kernel: rbf
Advantage: normalizedfitness
M: 3
lambda: 8
epsilon_svgd: 0.033
gamma: 0.01
decay_start_ratio: 0.3
decay_min_factor: 0.01
bandwith_kernel: None
no_interact: False
avg_score: -2530.06005859375
median_score: -2546.0
std_score: 154.60386657714844
percentiles: 2%=-2824.0400390625, 5%=-2777.10009765625, 10%=-2734.199951171875, 25%=-2633.5, 50%=-2546.0, 75%=-2414.75, 90%=-2314.89990234375, 95%=-2267.150146484375, 98%=-2209.619873046875
ranking_best_algo: SVM1MetaModelLogNormal
ranking_best_score: 2605.14
ranking_my_rank: 52/504 (89.9%)
ranking_my_percent: 89.88095238095238
