ConfigName: kfr__advglobalrankweighted__M5__L10__eps0p01__g0p005__ds0p01__dm0p01
Problem: QUBO
Kernel: fr
Advantage: globalrankweighted
M: 5
lambda: 10
epsilon_svgd: 0.01
gamma: 0.005
decay_start_ratio: 0.01
decay_min_factor: 0.01
bandwith_kernel: None
no_interact: False
avg_score: -904.9199829101562
median_score: -898.5
std_score: 69.91033172607422
percentiles: 2%=-1058.0799560546875, 5%=-1024.6500244140625, 10%=-992.3999633789062, 25%=-955.75, 50%=-898.5, 75%=-862.75, 90%=-822.2000122070312, 95%=-786.6000366210938, 98%=-771.699951171875
ranking_best_algo: CMApara
ranking_best_score: 964.9
ranking_my_rank: 103/504 (79.8%)
ranking_my_percent: 79.76190476190476
