ConfigName: kjsd__advperagentrankweighted__M4__L8__eps0p01__g0p0003__ds0p4__dm0p05
Problem: QUBO
Kernel: jsd
Advantage: peragentrankweighted
M: 4
lambda: 8
epsilon_svgd: 0.01
gamma: 0.0003
decay_start_ratio: 0.4
decay_min_factor: 0.05
bandwith_kernel: None
no_interact: False
avg_score: -1214.6199951171875
median_score: -1212.0
std_score: 61.023231506347656
percentiles: 2%=-1346.47998046875, 5%=-1315.199951171875, 10%=-1291.0, 25%=-1251.0, 50%=-1212.0, 75%=-1173.5, 90%=-1144.699951171875, 95%=-1116.699951171875, 98%=-1100.43994140625
ranking_best_algo: SVMMetaModelLogNormal
ranking_best_score: 1233.7999999999997
ranking_my_rank: 42/504 (91.9%)
ranking_my_percent: 91.86507936507937
