ConfigName: kjsd__advperagentrankweighted__M3__L16__eps0p007__g0p0005__ds0p05__dm0p1
Problem: QUBO
Kernel: jsd
Advantage: peragentrankweighted
M: 3
lambda: 16
epsilon_svgd: 0.007
gamma: 0.0005
decay_start_ratio: 0.05
decay_min_factor: 0.1
bandwith_kernel: None
no_interact: False
avg_score: -2669.4599609375
median_score: -2665.0
std_score: 126.2701416015625
percentiles: 2%=-2927.159912109375, 5%=-2892.199951171875, 10%=-2851.10009765625, 25%=-2747.5, 50%=-2665.0, 75%=-2590.5, 90%=-2505.199951171875, 95%=-2466.75, 98%=-2445.080078125
ranking_best_algo: DiscreteLengler2OnePlusOne
ranking_best_score: 2617.04
ranking_my_rank: 1/504 (100.0%)
ranking_my_percent: 100.0
