ConfigName: krbf__advnormalizedfitness__M1__L8__eps0p033__g0p015__ds0p01__dm0p01
Problem: QUBO
Kernel: rbf
Advantage: normalizedfitness
M: 1
lambda: 8
epsilon_svgd: 0.033
gamma: 0.015
decay_start_ratio: 0.01
decay_min_factor: 0.01
bandwith_kernel: None
no_interact: False
avg_score: -133.97999572753906
median_score: -133.5
std_score: 13.61909008026123
percentiles: 2%=-159.0, 5%=-157.0500030517578, 10%=-151.0, 25%=-144.25, 50%=-133.5, 75%=-124.75, 90%=-117.0, 95%=-110.95000457763672, 98%=-106.95999145507812
ranking_best_algo: DiscreteDE
ranking_best_score: 143.4
ranking_my_rank: 310/504 (38.7%)
ranking_my_percent: 38.69047619047619
