ConfigName: kjsd__advperagentrankweighted__M3__L24__eps0p007__g0p001__ds0p05__dm0p2
Problem: NK
Kernel: jsd
Advantage: peragentrankweighted
M: 3
lambda: 24
epsilon_svgd: 0.007
gamma: 0.001
decay_start_ratio: 0.05
decay_min_factor: 0.2
bandwith_kernel: None
no_interact: False
avg_score: 0.7104743719100952
median_score: 0.7112203240394592
std_score: 0.015233962796628475
percentiles: 2%=0.6726053953170776, 5%=0.6737460494041443, 10%=0.6957216262817383, 25%=0.7071046233177185, 50%=0.7112203240394592, 75%=0.7198841571807861, 90%=0.7254889607429504, 95%=0.7332538366317749, 98%=0.7336232662200928
ranking_best_algo: CMApara
ranking_best_score: 0.707475975
ranking_my_rank: 1/504 (100.0%)
ranking_my_percent: 100.0
