ConfigName: krbf__advnormalizedfitness__M3__L15__eps0p025__g0p005__ds0p3__dm0p3
Problem: QUBO
Kernel: rbf
Advantage: normalizedfitness
M: 3
lambda: 15
epsilon_svgd: 0.025
gamma: 0.005
decay_start_ratio: 0.3
decay_min_factor: 0.3
bandwith_kernel: None
no_interact: False
avg_score: -929.8200073242188
median_score: -924.5
std_score: 64.35548400878906
percentiles: 2%=-1076.0, 5%=-1049.449951171875, 10%=-1019.5, 25%=-966.5, 50%=-924.5, 75%=-892.5, 90%=-847.0, 95%=-828.6000366210938, 98%=-802.9599609375
ranking_best_algo: CMApara
ranking_best_score: 964.9
ranking_my_rank: 19/504 (96.4%)
ranking_my_percent: 96.42857142857143
