ConfigName: kjsd__advperagentrankweighted__M5__L10__eps0p01__g0p0007__ds0p05__dm0p05
Problem: QUBO
Kernel: jsd
Advantage: peragentrankweighted
M: 5
lambda: 10
epsilon_svgd: 0.01
gamma: 0.0007
decay_start_ratio: 0.05
decay_min_factor: 0.05
bandwith_kernel: None
no_interact: False
avg_score: -1249.3199462890625
median_score: -1241.5
std_score: 56.52996826171875
percentiles: 2%=-1351.5, 5%=-1339.0, 10%=-1323.5999755859375, 25%=-1298.25, 50%=-1241.5, 75%=-1205.5, 90%=-1174.699951171875, 95%=-1170.800048828125, 98%=-1160.800048828125
ranking_best_algo: SVMMetaModelLogNormal
ranking_best_score: 1233.7999999999997
ranking_my_rank: 1/504 (100.0%)
ranking_my_percent: 100.0
