ConfigName: kjsd__advperagentrankweighted__M4__L8__eps0p005__g0p0003__ds0p05__dm0p05
Problem: QUBO
Kernel: jsd
Advantage: peragentrankweighted
M: 4
lambda: 8
epsilon_svgd: 0.005
gamma: 0.0003
decay_start_ratio: 0.05
decay_min_factor: 0.05
bandwith_kernel: None
no_interact: False
avg_score: -3262.760009765625
median_score: -3268.0
std_score: 112.43782043457031
percentiles: 2%=-3508.199951171875, 5%=-3445.5, 10%=-3412.39990234375, 25%=-3333.5, 50%=-3268.0, 75%=-3189.75, 90%=-3107.89990234375, 95%=-3077.60009765625, 98%=-3064.300048828125
ranking_best_algo: RLSOnePlusOne
ranking_best_score: 3316.5199999999995
ranking_my_rank: 14/504 (97.4%)
ranking_my_percent: 97.42063492063492
