ConfigName: kjsd__advperagentrankweighted__M3__L16__eps0p01__g0p003__ds0p05__dm0p1
Problem: NK
Kernel: jsd
Advantage: peragentrankweighted
M: 3
lambda: 16
epsilon_svgd: 0.01
gamma: 0.003
decay_start_ratio: 0.05
decay_min_factor: 0.1
bandwith_kernel: None
no_interact: False
avg_score: 0.7450591921806335
median_score: 0.7445974349975586
std_score: 0.009465760551393032
percentiles: 2%=0.7244177460670471, 5%=0.7292305827140808, 10%=0.733501136302948, 25%=0.7384756803512573, 50%=0.7445974349975586, 75%=0.7517259120941162, 90%=0.7563326954841614, 95%=0.7598696351051331, 98%=0.7636074423789978
ranking_best_algo: PBIL
ranking_best_score: 0.733570253046875
ranking_my_rank: 1/504 (100.0%)
ranking_my_percent: 100.0
