ConfigName: krbf__advnormalizedfitness__M1__L8__eps0p033__g0p005__ds0p15__dm0p3
Problem: NK
Kernel: rbf
Advantage: normalizedfitness
M: 1
lambda: 8
epsilon_svgd: 0.033
gamma: 0.005
decay_start_ratio: 0.15
decay_min_factor: 0.3
bandwith_kernel: None
no_interact: False
avg_score: 0.7082451581954956
median_score: 0.7084177732467651
std_score: 0.008768285624682903
percentiles: 2%=0.6927858591079712, 5%=0.6953117847442627, 10%=0.6962721943855286, 25%=0.7012242674827576, 50%=0.7084177732467651, 75%=0.7145882844924927, 90%=0.7192705869674683, 95%=0.7218126654624939, 98%=0.7251938581466675
ranking_best_algo: PBIL
ranking_best_score: 0.7170882103515624
ranking_my_rank: 54/504 (89.5%)
ranking_my_percent: 89.48412698412699
