ConfigName: krbf__advnormalizedfitness__M3__L12__eps0p033__g0p007__ds0p01__dm0p01
Problem: NK
Kernel: rbf
Advantage: normalizedfitness
M: 3
lambda: 12
epsilon_svgd: 0.033
gamma: 0.007
decay_start_ratio: 0.01
decay_min_factor: 0.01
bandwith_kernel: None
no_interact: False
avg_score: 0.7103387713432312
median_score: 0.7113667726516724
std_score: 0.015360219404101372
percentiles: 2%=0.6716009974479675, 5%=0.67218416929245, 10%=0.6962116956710815, 25%=0.7068661451339722, 50%=0.7113667726516724, 75%=0.7192870378494263, 90%=0.725506603717804, 95%=0.7323112487792969, 98%=0.7336058616638184
ranking_best_algo: CMApara
ranking_best_score: 0.707475975
ranking_my_rank: 1/504 (100.0%)
ranking_my_percent: 100.0
