ConfigName: kjsd__advperagentrankweighted__M4__L20__eps0p005__g0p001__ds0p2__dm0p1
Problem: QUBO
Kernel: jsd
Advantage: peragentrankweighted
M: 4
lambda: 20
epsilon_svgd: 0.005
gamma: 0.001
decay_start_ratio: 0.2
decay_min_factor: 0.1
bandwith_kernel: None
no_interact: False
avg_score: -1150.219970703125
median_score: -1149.0
std_score: 69.58628845214844
percentiles: 2%=-1295.1400146484375, 5%=-1257.699951171875, 10%=-1237.5999755859375, 25%=-1198.25, 50%=-1149.0, 75%=-1101.25, 90%=-1065.9000244140625, 95%=-1039.75, 98%=-1000.97998046875
ranking_best_algo: SVMMetaModelLogNormal
ranking_best_score: 1233.7999999999997
ranking_my_rank: 94/504 (81.5%)
ranking_my_percent: 81.54761904761905
