ConfigName: kjsd__advperagentrankweighted__M3__L30__eps0p007__g0p0005__ds0p05__dm0p2
Problem: NK
Kernel: jsd
Advantage: peragentrankweighted
M: 3
lambda: 30
epsilon_svgd: 0.007
gamma: 0.0005
decay_start_ratio: 0.05
decay_min_factor: 0.2
bandwith_kernel: None
no_interact: False
avg_score: 0.7323314547538757
median_score: 0.7316591739654541
std_score: 0.010046200826764107
percentiles: 2%=0.7130803465843201, 5%=0.7158846855163574, 10%=0.721466600894928, 25%=0.7251125574111938, 50%=0.7316591739654541, 75%=0.7385844588279724, 90%=0.7450144290924072, 95%=0.749601423740387, 98%=0.751741349697113
ranking_best_algo: Tabu
ranking_best_score: 0.7429702712499999
ranking_my_rank: 2/504 (99.8%)
ranking_my_percent: 99.8015873015873
