ConfigName: krbf__advnormalizedfitness__M4__L10__eps0p01__g0p001__ds0p05__dm0p05
Problem: QUBO
Kernel: rbf
Advantage: normalizedfitness
M: 4
lambda: 10
epsilon_svgd: 0.01
gamma: 0.001
decay_start_ratio: 0.05
decay_min_factor: 0.05
bandwith_kernel: None
no_interact: False
avg_score: -1201.5999755859375
median_score: -1203.5
std_score: 65.39495849609375
percentiles: 2%=-1350.280029296875, 5%=-1307.4000244140625, 10%=-1268.5, 25%=-1249.0, 50%=-1203.5, 75%=-1155.75, 90%=-1118.199951171875, 95%=-1098.800048828125, 98%=-1071.9000244140625
ranking_best_algo: SVMMetaModelLogNormal
ranking_best_score: 1233.7999999999997
ranking_my_rank: 56/504 (89.1%)
ranking_my_percent: 89.08730158730158
