ConfigName: kfr__advglobalrankweighted__M6__L8__eps0p02__g0p003__ds0p01__dm0p01
Problem: QUBO
Kernel: fr
Advantage: globalrankweighted
M: 6
lambda: 8
epsilon_svgd: 0.02
gamma: 0.003
decay_start_ratio: 0.01
decay_min_factor: 0.01
bandwith_kernel: None
no_interact: False
avg_score: -574.219970703125
median_score: -572.5
std_score: 28.987438201904297
percentiles: 2%=-629.0399780273438, 5%=-622.25, 10%=-615.0, 25%=-591.5, 50%=-572.5, 75%=-553.0, 90%=-536.9000244140625, 95%=-530.9500122070312, 98%=-517.8199462890625
ranking_best_algo: Tabu
ranking_best_score: 588.7199999999999
ranking_my_rank: 57/503 (88.9%)
ranking_my_percent: 88.86679920477137
