ConfigName: kjsd__advperagentrankweighted__M3__L16__eps0p007__g0p003__ds0p05__dm0p2
Problem: NK
Kernel: jsd
Advantage: peragentrankweighted
M: 3
lambda: 16
epsilon_svgd: 0.007
gamma: 0.003
decay_start_ratio: 0.05
decay_min_factor: 0.2
bandwith_kernel: None
no_interact: False
avg_score: 0.7341891527175903
median_score: 0.7354059219360352
std_score: 0.014970140531659126
percentiles: 2%=0.7024914026260376, 5%=0.7112006545066833, 10%=0.7149065732955933, 25%=0.7232188582420349, 50%=0.7354059219360352, 75%=0.7452172040939331, 90%=0.7532663345336914, 95%=0.7575365900993347, 98%=0.7608208060264587
ranking_best_algo: Tabu
ranking_best_score: 0.7601875690625
ranking_my_rank: 32/504 (93.8%)
ranking_my_percent: 93.84920634920636
