ConfigName: krbf__advnormalizedfitness__M3__L12__eps0p015__g0p015__ds0p01__dm0p01
Problem: NK
Kernel: rbf
Advantage: normalizedfitness
M: 3
lambda: 12
epsilon_svgd: 0.015
gamma: 0.015
decay_start_ratio: 0.01
decay_min_factor: 0.01
bandwith_kernel: None
no_interact: False
avg_score: 0.7098442316055298
median_score: 0.7107637524604797
std_score: 0.015176902525126934
percentiles: 2%=0.6709813475608826, 5%=0.6727760434150696, 10%=0.6942757368087769, 25%=0.7070505023002625, 50%=0.7107637524604797, 75%=0.7191706299781799, 90%=0.7251172065734863, 95%=0.730485737323761, 98%=0.7313022017478943
ranking_best_algo: CMApara
ranking_best_score: 0.707475975
ranking_my_rank: 1/504 (100.0%)
ranking_my_percent: 100.0
