ConfigName: kjsd__advperagentrankweighted__M4__L10__eps0p02__g0p0007__ds0p05__dm0p05
Problem: QUBO
Kernel: jsd
Advantage: peragentrankweighted
M: 4
lambda: 10
epsilon_svgd: 0.02
gamma: 0.0007
decay_start_ratio: 0.05
decay_min_factor: 0.05
bandwith_kernel: None
no_interact: False
avg_score: -1191.739990234375
median_score: -1179.5
std_score: 69.98994445800781
percentiles: 2%=-1337.0400390625, 5%=-1333.0999755859375, 10%=-1295.4000244140625, 25%=-1234.25, 50%=-1179.5, 75%=-1144.5, 90%=-1115.0999755859375, 95%=-1095.800048828125, 98%=-1058.6199951171875
ranking_best_algo: Tabu
ranking_best_score: 1216.16
ranking_my_rank: 50/504 (90.3%)
ranking_my_percent: 90.27777777777777
