ConfigName: krbf__advnormalizedfitness__M3__L15__eps0p015__g0p01__ds0p3__dm0p3
Problem: NK
Kernel: rbf
Advantage: normalizedfitness
M: 3
lambda: 15
epsilon_svgd: 0.015
gamma: 0.01
decay_start_ratio: 0.3
decay_min_factor: 0.3
bandwith_kernel: None
no_interact: False
avg_score: 0.6687021851539612
median_score: 0.6732360124588013
std_score: 0.012561647221446037
percentiles: 2%=0.6457382440567017, 5%=0.6487686634063721, 10%=0.6513221263885498, 25%=0.6574345827102661, 50%=0.6732360124588013, 75%=0.679864764213562, 90%=0.6831834316253662, 95%=0.6848185062408447, 98%=0.6866495609283447
ranking_best_algo: PBIL
ranking_best_score: 0.7013553837109374
ranking_my_rank: 197/504 (61.1%)
ranking_my_percent: 61.111111111111114
