ConfigName: kjsd__advperagentrankweighted__M4__L8__eps0p02__g0p0007__ds0p2__dm0p05
Problem: NK
Kernel: jsd
Advantage: peragentrankweighted
M: 4
lambda: 8
epsilon_svgd: 0.02
gamma: 0.0007
decay_start_ratio: 0.2
decay_min_factor: 0.05
bandwith_kernel: None
no_interact: False
avg_score: 0.7394217848777771
median_score: 0.7359648942947388
std_score: 0.029852721840143204
percentiles: 2%=0.6865425109863281, 5%=0.7046053409576416, 10%=0.7066425085067749, 25%=0.7171690464019775, 50%=0.7359648942947388, 75%=0.7518949508666992, 90%=0.7762793898582458, 95%=0.8044298887252808, 98%=0.8118547797203064
ranking_best_algo: CMApara
ranking_best_score: 0.7459277895312499
ranking_my_rank: 56/504 (89.1%)
ranking_my_percent: 89.08730158730158
