ConfigName: kjsd__advperagentrankweighted__M4__L10__eps0p01__g0p0005__ds0p4__dm0p05
Problem: QUBO
Kernel: jsd
Advantage: peragentrankweighted
M: 4
lambda: 10
epsilon_svgd: 0.01
gamma: 0.0005
decay_start_ratio: 0.4
decay_min_factor: 0.05
bandwith_kernel: None
no_interact: False
avg_score: -413.82000732421875
median_score: -416.0
std_score: 28.922094345092773
percentiles: 2%=-473.0, 5%=-461.0, 10%=-451.1000061035156, 25%=-435.25, 50%=-416.0, 75%=-390.0, 90%=-378.0, 95%=-365.8999938964844, 98%=-360.0
ranking_best_algo: Tabu
ranking_best_score: 438.12
ranking_my_rank: 57/504 (88.9%)
ranking_my_percent: 88.88888888888889
