ConfigName: krbf__advglobalrankweighted__M4__L11__eps0p015__g0p007__ds0p01__dm0p01
Problem: QUBO
Kernel: rbf
Advantage: globalrankweighted
M: 4
lambda: 11
epsilon_svgd: 0.015
gamma: 0.007
decay_start_ratio: 0.01
decay_min_factor: 0.01
bandwith_kernel: None
no_interact: False
avg_score: -331.4200134277344
median_score: -334.0
std_score: 20.87830352783203
percentiles: 2%=-372.0, 5%=-357.20001220703125, 10%=-350.20001220703125, 25%=-346.0, 50%=-334.0, 75%=-317.5, 90%=-305.6000061035156, 95%=-290.0, 98%=-285.8599853515625
ranking_best_algo: CMApara
ranking_best_score: 344.22
ranking_my_rank: 76/504 (85.1%)
ranking_my_percent: 85.11904761904762
