ConfigName: krbf__advnormalizedfitness__M4__L15__eps0p033__g0p007__ds0p3__dm0p3
Problem: QUBO
Kernel: rbf
Advantage: normalizedfitness
M: 4
lambda: 15
epsilon_svgd: 0.033
gamma: 0.007
decay_start_ratio: 0.3
decay_min_factor: 0.3
bandwith_kernel: None
no_interact: False
avg_score: -895.47998046875
median_score: -884.0
std_score: 66.2847671508789
percentiles: 2%=-1032.3199462890625, 5%=-1006.75, 10%=-986.2999877929688, 25%=-938.0, 50%=-884.0, 75%=-853.75, 90%=-811.9000244140625, 95%=-794.300048828125, 98%=-764.8399658203125
ranking_best_algo: CMApara
ranking_best_score: 964.9
ranking_my_rank: 163/504 (67.9%)
ranking_my_percent: 67.85714285714286
