ConfigName: krbf__advnormalizedfitness__M3__L15__eps0p025__g0p007__ds0p3__dm0p01
Problem: NK
Kernel: rbf
Advantage: normalizedfitness
M: 3
lambda: 15
epsilon_svgd: 0.025
gamma: 0.007
decay_start_ratio: 0.3
decay_min_factor: 0.01
bandwith_kernel: None
no_interact: False
avg_score: 0.7557061910629272
median_score: 0.7567619681358337
std_score: 0.013655935414135456
percentiles: 2%=0.7286051511764526, 5%=0.7322972416877747, 10%=0.7369858026504517, 25%=0.7471346259117126, 50%=0.7567619681358337, 75%=0.7657777070999146, 90%=0.7719390392303467, 95%=0.7754713296890259, 98%=0.779553234577179
ranking_best_algo: Tabu
ranking_best_score: 0.7657846284375001
ranking_my_rank: 4/504 (99.4%)
ranking_my_percent: 99.4047619047619
