ConfigName: krbf__advnormalizedfitness__M3__L10__eps0p015__g0p01__ds0p3__dm0p3
Problem: QUBO
Kernel: rbf
Advantage: normalizedfitness
M: 3
lambda: 10
epsilon_svgd: 0.015
gamma: 0.01
decay_start_ratio: 0.3
decay_min_factor: 0.3
bandwith_kernel: None
no_interact: False
avg_score: -412.2799987792969
median_score: -415.0
std_score: 30.98776626586914
percentiles: 2%=-463.17999267578125, 5%=-461.0, 10%=-450.29998779296875, 25%=-433.75, 50%=-415.0, 75%=-391.75, 90%=-367.8999938964844, 95%=-359.9000244140625, 98%=-353.0
ranking_best_algo: CMApara
ranking_best_score: 453.82
ranking_my_rank: 227/504 (55.2%)
ranking_my_percent: 55.15873015873016
