ConfigName: kjsd__advperagentrankweighted__M4__L20__eps0p005__g0p0005__ds0p1__dm0p1
Problem: NK
Kernel: jsd
Advantage: peragentrankweighted
M: 4
lambda: 20
epsilon_svgd: 0.005
gamma: 0.0005
decay_start_ratio: 0.1
decay_min_factor: 0.1
bandwith_kernel: None
no_interact: False
avg_score: 0.7319633364677429
median_score: 0.7317948341369629
std_score: 0.010194540955126286
percentiles: 2%=0.7116591334342957, 5%=0.7158011198043823, 10%=0.7186967134475708, 25%=0.7256487607955933, 50%=0.7317948341369629, 75%=0.7387692928314209, 90%=0.7444581389427185, 95%=0.7477301955223083, 98%=0.7564549446105957
ranking_best_algo: Tabu
ranking_best_score: 0.7429702712499999
ranking_my_rank: 2/504 (99.8%)
ranking_my_percent: 99.8015873015873
