ConfigName: krbf__advnormalizedfitness__M3__L15__eps0p015__g0p015__ds0p15__dm0p01
Problem: NK
Kernel: rbf
Advantage: normalizedfitness
M: 3
lambda: 15
epsilon_svgd: 0.015
gamma: 0.015
decay_start_ratio: 0.15
decay_min_factor: 0.01
bandwith_kernel: None
no_interact: False
avg_score: 0.7109134793281555
median_score: 0.7107126712799072
std_score: 0.020208120346069336
percentiles: 2%=0.6714494824409485, 5%=0.6780741810798645, 10%=0.6835535764694214, 25%=0.6964994668960571, 50%=0.7107126712799072, 75%=0.7236759066581726, 90%=0.7370134592056274, 95%=0.7428280711174011, 98%=0.7462809085845947
ranking_best_algo: Tabu
ranking_best_score: 0.7470791764843752
ranking_my_rank: 240/504 (52.6%)
ranking_my_percent: 52.57936507936508
