ConfigName: kjsd__advperagentrankweighted__M3__L24__eps0p007__g0p001__ds0p1__dm0p1
Problem: NK
Kernel: jsd
Advantage: peragentrankweighted
M: 3
lambda: 24
epsilon_svgd: 0.007
gamma: 0.001
decay_start_ratio: 0.1
decay_min_factor: 0.1
bandwith_kernel: None
no_interact: False
avg_score: 0.7485367655754089
median_score: 0.7496341466903687
std_score: 0.009412677027285099
percentiles: 2%=0.7312301397323608, 5%=0.7328854203224182, 10%=0.7350776791572571, 25%=0.7410035133361816, 50%=0.7496341466903687, 75%=0.7554985284805298, 90%=0.7601202726364136, 95%=0.7623897790908813, 98%=0.7648645043373108
ranking_best_algo: PBIL
ranking_best_score: 0.733570253046875
ranking_my_rank: 1/504 (100.0%)
ranking_my_percent: 100.0
