ConfigName: krbf__advnormalizedfitness__M3__L12__eps0p025__g0p015__ds0p01__dm0p3
Problem: QUBO
Kernel: rbf
Advantage: normalizedfitness
M: 3
lambda: 12
epsilon_svgd: 0.025
gamma: 0.015
decay_start_ratio: 0.01
decay_min_factor: 0.3
bandwith_kernel: None
no_interact: False
avg_score: -396.1400146484375
median_score: -395.5
std_score: 31.31485939025879
percentiles: 2%=-467.1199951171875, 5%=-449.0, 10%=-443.0, 25%=-416.0, 50%=-395.5, 75%=-373.5, 90%=-358.79998779296875, 95%=-348.7500305175781, 98%=-339.91998291015625
ranking_best_algo: CMAL3
ranking_best_score: 435.36
ranking_my_rank: 253/504 (50.0%)
ranking_my_percent: 50.0
