ConfigName: kjsd__advperagentrankweighted__M4__L8__eps0p005__g0p0005__ds0p2__dm0p05
Problem: QUBO
Kernel: jsd
Advantage: peragentrankweighted
M: 4
lambda: 8
epsilon_svgd: 0.005
gamma: 0.0005
decay_start_ratio: 0.2
decay_min_factor: 0.05
bandwith_kernel: None
no_interact: False
avg_score: -3308.780029296875
median_score: -3302.5
std_score: 134.81436157226562
percentiles: 2%=-3574.260009765625, 5%=-3557.10009765625, 10%=-3507.89990234375, 25%=-3395.25, 50%=-3302.5, 75%=-3221.5, 90%=-3141.5, 95%=-3107.89990234375, 98%=-3097.919921875
ranking_best_algo: RLSOnePlusOne
ranking_best_score: 3316.5199999999995
ranking_my_rank: 2/504 (99.8%)
ranking_my_percent: 99.8015873015873
