ConfigName: kfr__advglobalrankweighted__M4__L13__eps0p06__g0p001__ds0p01__dm0p01
Problem: QUBO
Kernel: fr
Advantage: globalrankweighted
M: 4
lambda: 13
epsilon_svgd: 0.06
gamma: 0.001
decay_start_ratio: 0.01
decay_min_factor: 0.01
bandwith_kernel: None
no_interact: False
avg_score: -888.6199951171875
median_score: -878.0
std_score: 70.1640625
percentiles: 2%=-1039.4200439453125, 5%=-1011.5, 10%=-984.7000122070312, 25%=-936.25, 50%=-878.0, 75%=-845.75, 90%=-810.5, 95%=-776.8499755859375, 98%=-770.8400268554688
ranking_best_algo: CMApara
ranking_best_score: 964.9
ranking_my_rank: 191/504 (62.3%)
ranking_my_percent: 62.301587301587304
