ConfigName: krbf__advnormalizedfitness__M4__L8__eps0p025__g0p007__ds0p01__dm0p3
Problem: QUBO
Kernel: rbf
Advantage: normalizedfitness
M: 4
lambda: 8
epsilon_svgd: 0.025
gamma: 0.007
decay_start_ratio: 0.01
decay_min_factor: 0.3
bandwith_kernel: None
no_interact: False
avg_score: -424.05999755859375
median_score: -424.5
std_score: 29.27586555480957
percentiles: 2%=-481.0, 5%=-475.1000061035156, 10%=-463.3999938964844, 25%=-442.25, 50%=-424.5, 75%=-404.5, 90%=-390.79998779296875, 95%=-380.550048828125, 98%=-361.7199401855469
ranking_best_algo: CMAL3
ranking_best_score: 435.36
ranking_my_rank: 31/504 (94.0%)
ranking_my_percent: 94.04761904761905
