ConfigName: kjsd__advperagentrankweighted__M5__L24__eps0p03__g0p0005__ds0p2__dm0p05
Problem: QUBO
Kernel: jsd
Advantage: peragentrankweighted
M: 5
lambda: 24
epsilon_svgd: 0.03
gamma: 0.0005
decay_start_ratio: 0.2
decay_min_factor: 0.05
bandwith_kernel: None
no_interact: False
avg_score: -2637.159912109375
median_score: -2645.5
std_score: 119.2421646118164
percentiles: 2%=-2877.239990234375, 5%=-2822.199951171875, 10%=-2770.39990234375, 25%=-2716.0, 50%=-2645.5, 75%=-2577.25, 90%=-2487.699951171875, 95%=-2433.199951171875, 98%=-2408.860107421875
ranking_best_algo: DiscreteLengler2OnePlusOne
ranking_best_score: 2617.04
ranking_my_rank: 1/504 (100.0%)
ranking_my_percent: 100.0
