ConfigName: krbf__advnormalizedfitness__M4__L10__eps0p033__g0p005__ds0p15__dm0p01
Problem: NK
Kernel: rbf
Advantage: normalizedfitness
M: 4
lambda: 10
epsilon_svgd: 0.033
gamma: 0.005
decay_start_ratio: 0.15
decay_min_factor: 0.01
bandwith_kernel: None
no_interact: False
avg_score: 0.744935929775238
median_score: 0.7422553300857544
std_score: 0.02774365432560444
percentiles: 2%=0.705734133720398, 5%=0.7103860974311829, 10%=0.7122740149497986, 25%=0.7259392142295837, 50%=0.7422553300857544, 75%=0.7580811977386475, 90%=0.778337299823761, 95%=0.8045924305915833, 98%=0.8109671473503113
ranking_best_algo: CMApara
ranking_best_score: 0.7459277895312499
ranking_my_rank: 2/504 (99.8%)
ranking_my_percent: 99.8015873015873
