ConfigName: krbf__advnormalizedfitness__M1__L8__eps0p033__g0p005__ds0p01__dm0p01
Problem: NK
Kernel: rbf
Advantage: normalizedfitness
M: 1
lambda: 8
epsilon_svgd: 0.033
gamma: 0.005
decay_start_ratio: 0.01
decay_min_factor: 0.01
bandwith_kernel: None
no_interact: False
avg_score: 0.7245687246322632
median_score: 0.7243842482566833
std_score: 0.015022357925772667
percentiles: 2%=0.6974265575408936, 5%=0.7027751803398132, 10%=0.7047616839408875, 25%=0.7131057381629944, 50%=0.7243842482566833, 75%=0.7344245910644531, 90%=0.7438536882400513, 95%=0.7493937611579895, 98%=0.7541074752807617
ranking_best_algo: Tabu
ranking_best_score: 0.7470791764843752
ranking_my_rank: 128/504 (74.8%)
ranking_my_percent: 74.8015873015873
