ConfigName: kjsd__advperagentrankweighted__M3__L20__eps0p007__g0p0005__ds0p05__dm0p05
Problem: QUBO
Kernel: jsd
Advantage: peragentrankweighted
M: 3
lambda: 20
epsilon_svgd: 0.007
gamma: 0.0005
decay_start_ratio: 0.05
decay_min_factor: 0.05
bandwith_kernel: None
no_interact: False
avg_score: -577.0399780273438
median_score: -576.5
std_score: 27.718557357788086
percentiles: 2%=-632.02001953125, 5%=-631.0, 10%=-618.0999755859375, 25%=-591.25, 50%=-576.5, 75%=-562.0, 90%=-546.7999877929688, 95%=-528.7999877929688, 98%=-519.9600219726562
ranking_best_algo: Tabu
ranking_best_score: 588.7199999999999
ranking_my_rank: 47/503 (90.9%)
ranking_my_percent: 90.85487077534792
