ConfigName: kjsd__advperagentrankweighted__M8__L12__eps0p005__g0p0005__ds0p05__dm0p05
Problem: NK
Kernel: jsd
Advantage: peragentrankweighted
M: 8
lambda: 12
epsilon_svgd: 0.005
gamma: 0.0005
decay_start_ratio: 0.05
decay_min_factor: 0.05
bandwith_kernel: None
no_interact: False
avg_score: 0.6361644864082336
median_score: 0.6347819566726685
std_score: 0.009701288305222988
percentiles: 2%=0.6195879578590393, 5%=0.6217057704925537, 10%=0.6263279318809509, 25%=0.628745436668396, 50%=0.6347819566726685, 75%=0.6444579362869263, 90%=0.6484816670417786, 95%=0.6508554220199585, 98%=0.6572912931442261
ranking_best_algo: PBIL
ranking_best_score: 0.7170882103515624
ranking_my_rank: 304/504 (39.9%)
ranking_my_percent: 39.88095238095238
