ConfigName: krbf__advnormalizedfitness__M4__L15__eps0p025__g0p005__ds0p15__dm0p01
Problem: QUBO
Kernel: rbf
Advantage: normalizedfitness
M: 4
lambda: 15
epsilon_svgd: 0.025
gamma: 0.005
decay_start_ratio: 0.15
decay_min_factor: 0.01
bandwith_kernel: None
no_interact: False
avg_score: -1139.199951171875
median_score: -1126.5
std_score: 83.70866394042969
percentiles: 2%=-1312.4599609375, 5%=-1282.75, 10%=-1243.300048828125, 25%=-1199.5, 50%=-1126.5, 75%=-1078.75, 90%=-1032.4000244140625, 95%=-1012.800048828125, 98%=-988.9599609375
ranking_best_algo: SVMMetaModelLogNormal
ranking_best_score: 1233.7999999999997
ranking_my_rank: 95/504 (81.3%)
ranking_my_percent: 81.34920634920636
