ConfigName: krbf__advnormalizedfitness__M4__L8__eps0p015__g0p005__ds0p15__dm0p3
Problem: NK
Kernel: rbf
Advantage: normalizedfitness
M: 4
lambda: 8
epsilon_svgd: 0.015
gamma: 0.005
decay_start_ratio: 0.15
decay_min_factor: 0.3
bandwith_kernel: None
no_interact: False
avg_score: 0.7224488854408264
median_score: 0.724942684173584
std_score: 0.011476557701826096
percentiles: 2%=0.6946631073951721, 5%=0.7020060420036316, 10%=0.7049912810325623, 25%=0.7179683446884155, 50%=0.724942684173584, 75%=0.7311005592346191, 90%=0.7337621450424194, 95%=0.737240195274353, 98%=0.7405087351799011
ranking_best_algo: PBIL
ranking_best_score: 0.7248786399609374
ranking_my_rank: 2/504 (99.8%)
ranking_my_percent: 99.8015873015873
