ConfigName: kjsd__advperagentrankweighted__M5__L10__eps0p005__g0p0007__ds0p2__dm0p05
Problem: NK
Kernel: jsd
Advantage: peragentrankweighted
M: 5
lambda: 10
epsilon_svgd: 0.005
gamma: 0.0007
decay_start_ratio: 0.2
decay_min_factor: 0.05
bandwith_kernel: None
no_interact: False
avg_score: 0.7451618909835815
median_score: 0.7408133745193481
std_score: 0.02818089723587036
percentiles: 2%=0.7061178684234619, 5%=0.7078852653503418, 10%=0.7105557918548584, 25%=0.725959062576294, 50%=0.7408133745193481, 75%=0.7587783336639404, 90%=0.7783373594284058, 95%=0.8117856383323669, 98%=0.8118547797203064
ranking_best_algo: CMApara
ranking_best_score: 0.7459277895312499
ranking_my_rank: 2/504 (99.8%)
ranking_my_percent: 99.8015873015873
