ConfigName: kjsd__advperagentrankweighted__M6__L10__eps0p02__g0p0007__ds0p2__dm0p05
Problem: NK
Kernel: jsd
Advantage: peragentrankweighted
M: 6
lambda: 10
epsilon_svgd: 0.02
gamma: 0.0007
decay_start_ratio: 0.2
decay_min_factor: 0.05
bandwith_kernel: None
no_interact: False
avg_score: 0.7268879413604736
median_score: 0.7273188829421997
std_score: 0.009240489453077316
percentiles: 2%=0.7105276584625244, 5%=0.7115179896354675, 10%=0.7146202325820923, 25%=0.7205442190170288, 50%=0.7273188829421997, 75%=0.7332653999328613, 90%=0.7368000149726868, 95%=0.7396942377090454, 98%=0.7416620850563049
ranking_best_algo: Tabu
ranking_best_score: 0.7429702712499999
ranking_my_rank: 2/504 (99.8%)
ranking_my_percent: 99.8015873015873
