ConfigName: kjsd__advperagentrankweighted__M4__L8__eps0p02__g0p0003__ds0p2__dm0p05
Problem: QUBO
Kernel: jsd
Advantage: peragentrankweighted
M: 4
lambda: 8
epsilon_svgd: 0.02
gamma: 0.0003
decay_start_ratio: 0.2
decay_min_factor: 0.05
bandwith_kernel: None
no_interact: False
avg_score: -192.6199951171875
median_score: -192.0
std_score: 13.136801719665527
percentiles: 2%=-222.0399932861328, 5%=-216.0, 10%=-210.10000610351562, 25%=-199.5, 50%=-192.0, 75%=-183.75, 90%=-175.0, 95%=-171.0, 98%=-169.9199981689453
ranking_best_algo: Tabu
ranking_best_score: 208.36000000000004
ranking_my_rank: 227/504 (55.2%)
ranking_my_percent: 55.15873015873016
