ConfigName: krbf__advnormalizedfitness__M3__L8__eps0p033__g0p015__ds0p3__dm0p3
Problem: QUBO
Kernel: rbf
Advantage: normalizedfitness
M: 3
lambda: 8
epsilon_svgd: 0.033
gamma: 0.015
decay_start_ratio: 0.3
decay_min_factor: 0.3
bandwith_kernel: None
no_interact: False
avg_score: -1173.56005859375
median_score: -1169.5
std_score: 63.63007354736328
percentiles: 2%=-1325.3599853515625, 5%=-1271.199951171875, 10%=-1256.4000244140625, 25%=-1211.0, 50%=-1169.5, 75%=-1130.75, 90%=-1100.699951171875, 95%=-1079.4000244140625, 98%=-1063.619873046875
ranking_best_algo: Tabu
ranking_best_score: 1216.16
ranking_my_rank: 85/504 (83.3%)
ranking_my_percent: 83.33333333333333
