ConfigName: kfr__advglobalrankweighted__M6__L8__eps0p015__g0p007__ds0p01__dm0p01
Problem: QUBO
Kernel: fr
Advantage: globalrankweighted
M: 6
lambda: 8
epsilon_svgd: 0.015
gamma: 0.007
decay_start_ratio: 0.01
decay_min_factor: 0.01
bandwith_kernel: None
no_interact: False
avg_score: -847.6799926757812
median_score: -837.0
std_score: 78.75072479248047
percentiles: 2%=-1016.0800170898438, 5%=-1002.2000122070312, 10%=-971.0, 25%=-894.25, 50%=-837.0, 75%=-793.75, 90%=-760.7000122070312, 95%=-719.800048828125, 98%=-710.679931640625
ranking_best_algo: CMAL3
ranking_best_score: 928.5800000000002
ranking_my_rank: 216/504 (57.3%)
ranking_my_percent: 57.34126984126984
