ConfigName: kfr__advglobalrankweighted__M6__L7__eps0p01__g0p007__ds0p01__dm0p01
Problem: QUBO
Kernel: fr
Advantage: globalrankweighted
M: 6
lambda: 7
epsilon_svgd: 0.01
gamma: 0.007
decay_start_ratio: 0.01
decay_min_factor: 0.01
bandwith_kernel: None
no_interact: False
avg_score: -421.9800109863281
median_score: -419.0
std_score: 29.977985382080078
percentiles: 2%=-476.05999755859375, 5%=-474.0, 10%=-458.1000061035156, 25%=-446.0, 50%=-419.0, 75%=-403.75, 90%=-385.0, 95%=-363.95001220703125, 98%=-355.0
ranking_best_algo: CMApara
ranking_best_score: 453.82
ranking_my_rank: 143/504 (71.8%)
ranking_my_percent: 71.82539682539682
