ConfigName: kfr__advglobalrankweighted__M4__L5__eps0p01__g0p01__ds0p01__dm0p01
Problem: QUBO
Kernel: fr
Advantage: globalrankweighted
M: 4
lambda: 5
epsilon_svgd: 0.01
gamma: 0.01
decay_start_ratio: 0.01
decay_min_factor: 0.01
bandwith_kernel: None
no_interact: False
avg_score: -1277.739990234375
median_score: -1270.5
std_score: 61.78278350830078
percentiles: 2%=-1418.0400390625, 5%=-1388.300048828125, 10%=-1355.4000244140625, 25%=-1325.25, 50%=-1270.5, 75%=-1233.75, 90%=-1197.5, 95%=-1182.9000244140625, 98%=-1179.0
ranking_best_algo: SVMMetaModelLogNormal
ranking_best_score: 1233.7999999999997
ranking_my_rank: 1/504 (100.0%)
ranking_my_percent: 100.0
