ConfigName: kjsd__advperagentrankweighted__M3__L20__eps0p007__g0p003__ds0p1__dm0p05
Problem: QUBO
Kernel: jsd
Advantage: peragentrankweighted
M: 3
lambda: 20
epsilon_svgd: 0.007
gamma: 0.003
decay_start_ratio: 0.1
decay_min_factor: 0.05
bandwith_kernel: None
no_interact: False
avg_score: -440.1400146484375
median_score: -443.0
std_score: 27.07804298400879
percentiles: 2%=-489.05999755859375, 5%=-485.1000061035156, 10%=-472.1000061035156, 25%=-459.25, 50%=-443.0, 75%=-421.0, 90%=-410.8999938964844, 95%=-399.54998779296875, 98%=-377.9599914550781
ranking_best_algo: CMApara
ranking_best_score: 453.82
ranking_my_rank: 15/504 (97.2%)
ranking_my_percent: 97.22222222222223
