ConfigName: kjsd__advperagentrankweighted__M3__L18__eps0p005__g0p0005__ds0p2__dm0p2
Problem: QUBO
Kernel: jsd
Advantage: peragentrankweighted
M: 3
lambda: 18
epsilon_svgd: 0.005
gamma: 0.0005
decay_start_ratio: 0.2
decay_min_factor: 0.2
bandwith_kernel: None
no_interact: False
avg_score: -416.5199890136719
median_score: -420.0
std_score: 27.59654998779297
percentiles: 2%=-469.239990234375, 5%=-459.20001220703125, 10%=-454.1000061035156, 25%=-434.0, 50%=-420.0, 75%=-394.0, 90%=-382.0, 95%=-376.0, 98%=-368.94000244140625
ranking_best_algo: Tabu
ranking_best_score: 438.12
ranking_my_rank: 43/504 (91.7%)
ranking_my_percent: 91.66666666666667
