ConfigName: kjsd__advperagentrankweighted__M4__L10__eps0p005__g0p0003__ds0p2__dm0p05
Problem: QUBO
Kernel: jsd
Advantage: peragentrankweighted
M: 4
lambda: 10
epsilon_svgd: 0.005
gamma: 0.0003
decay_start_ratio: 0.2
decay_min_factor: 0.05
bandwith_kernel: None
no_interact: False
avg_score: -431.5799865722656
median_score: -431.0
std_score: 23.943758010864258
percentiles: 2%=-483.0, 5%=-477.0, 10%=-465.6000061035156, 25%=-445.25, 50%=-431.0, 75%=-413.75, 90%=-401.8999938964844, 95%=-396.79998779296875, 98%=-386.94000244140625
ranking_best_algo: CMAL3
ranking_best_score: 435.36
ranking_my_rank: 7/504 (98.8%)
ranking_my_percent: 98.80952380952381
