ConfigName: kjsd__advperagentrankweighted__M3__L16__eps0p01__g0p0005__ds0p05__dm0p05
Problem: QUBO
Kernel: jsd
Advantage: peragentrankweighted
M: 3
lambda: 16
epsilon_svgd: 0.01
gamma: 0.0005
decay_start_ratio: 0.05
decay_min_factor: 0.05
bandwith_kernel: None
no_interact: False
avg_score: -146.72000122070312
median_score: -145.0
std_score: 12.870182991027832
percentiles: 2%=-179.0, 5%=-179.0, 10%=-160.0, 25%=-155.0, 50%=-145.0, 75%=-137.75, 90%=-131.0, 95%=-128.0, 98%=-126.95999908447266
ranking_best_algo: CMApara
ranking_best_score: 154.28
ranking_my_rank: 109/504 (78.6%)
ranking_my_percent: 78.57142857142857
