ConfigName: krbf__advnormalizedfitness__M4__L10__eps0p015__g0p01__ds0p01__dm0p01
Problem: QUBO
Kernel: rbf
Advantage: normalizedfitness
M: 4
lambda: 10
epsilon_svgd: 0.015
gamma: 0.01
decay_start_ratio: 0.01
decay_min_factor: 0.01
bandwith_kernel: None
no_interact: False
avg_score: -199.55999755859375
median_score: -201.0
std_score: 11.510273933410645
percentiles: 2%=-224.0, 5%=-219.14999389648438, 10%=-215.10000610351562, 25%=-205.0, 50%=-201.0, 75%=-191.0, 90%=-183.0, 95%=-180.95001220703125, 98%=-178.95999145507812
ranking_best_algo: Tabu
ranking_best_score: 208.36000000000004
ranking_my_rank: 68/504 (86.7%)
ranking_my_percent: 86.7063492063492
