ConfigName: kjsd__advperagentrankweighted__M5__L10__eps0p01__g0p0005__ds0p2__dm0p2
Problem: QUBO
Kernel: jsd
Advantage: peragentrankweighted
M: 5
lambda: 10
epsilon_svgd: 0.01
gamma: 0.0005
decay_start_ratio: 0.2
decay_min_factor: 0.2
bandwith_kernel: None
no_interact: False
avg_score: -1605.8199462890625
median_score: -1603.5
std_score: 54.10053634643555
percentiles: 2%=-1708.06005859375, 5%=-1698.0999755859375, 10%=-1681.4000244140625, 25%=-1637.25, 50%=-1603.5, 75%=-1566.0, 90%=-1538.800048828125, 95%=-1527.6500244140625, 98%=-1512.800048828125
ranking_best_algo: NLOPT_LN_PRAXIS
ranking_best_score: 1607.12
ranking_my_rank: 10/504 (98.2%)
ranking_my_percent: 98.21428571428571
