ConfigName: krbf__advnormalizedfitness__M1__L8__eps0p015__g0p005__ds0p15__dm0p01
Problem: QUBO
Kernel: rbf
Advantage: normalizedfitness
M: 1
lambda: 8
epsilon_svgd: 0.015
gamma: 0.005
decay_start_ratio: 0.15
decay_min_factor: 0.01
bandwith_kernel: None
no_interact: False
avg_score: -1249.800048828125
median_score: -1252.0
std_score: 63.46479415893555
percentiles: 2%=-1369.300048828125, 5%=-1353.199951171875, 10%=-1332.0999755859375, 25%=-1291.5, 50%=-1252.0, 75%=-1213.25, 90%=-1167.9000244140625, 95%=-1143.35009765625, 98%=-1106.699951171875
ranking_best_algo: BigLognormalDiscreteOnePlusOne
ranking_best_score: 1301.3600000000004
ranking_my_rank: 56/504 (89.1%)
ranking_my_percent: 89.08730158730158
