ConfigName: krbf__advnormalizedfitness__M4__L12__eps0p015__g0p005__ds0p01__dm0p01
Problem: QUBO
Kernel: rbf
Advantage: normalizedfitness
M: 4
lambda: 12
epsilon_svgd: 0.015
gamma: 0.005
decay_start_ratio: 0.01
decay_min_factor: 0.01
bandwith_kernel: None
no_interact: False
avg_score: -1444.0799560546875
median_score: -1447.5
std_score: 120.49022674560547
percentiles: 2%=-1660.4200439453125, 5%=-1610.25, 10%=-1598.699951171875, 25%=-1544.25, 50%=-1447.5, 75%=-1343.5, 90%=-1286.5999755859375, 95%=-1260.4000244140625, 98%=-1222.919921875
ranking_best_algo: NLOPT_LN_PRAXIS
ranking_best_score: 1607.12
ranking_my_rank: 90/504 (82.3%)
ranking_my_percent: 82.34126984126983
