ConfigName: kjsd__advperagentrankweighted__M3__L16__eps0p007__g0p001__ds0p05__dm0p1
Problem: NK
Kernel: jsd
Advantage: peragentrankweighted
M: 3
lambda: 16
epsilon_svgd: 0.007
gamma: 0.001
decay_start_ratio: 0.05
decay_min_factor: 0.1
bandwith_kernel: None
no_interact: False
avg_score: 0.7359302043914795
median_score: 0.7373858094215393
std_score: 0.008786155842244625
percentiles: 2%=0.7165786027908325, 5%=0.7181820273399353, 10%=0.7222844362258911, 25%=0.7308415174484253, 50%=0.7373858094215393, 75%=0.7423772811889648, 90%=0.7460116147994995, 95%=0.7476764917373657, 98%=0.7493273019790649
ranking_best_algo: PBIL
ranking_best_score: 0.7248786399609374
ranking_my_rank: 1/504 (100.0%)
ranking_my_percent: 100.0
