ConfigName: kjsd__advperagentrankweighted__M5__L8__eps0p02__g0p0007__ds0p2__dm0p05
Problem: NK
Kernel: jsd
Advantage: peragentrankweighted
M: 5
lambda: 8
epsilon_svgd: 0.02
gamma: 0.0007
decay_start_ratio: 0.2
decay_min_factor: 0.05
bandwith_kernel: None
no_interact: False
avg_score: 0.7101665735244751
median_score: 0.6953628063201904
std_score: 0.031478192657232285
percentiles: 2%=0.6728405952453613, 5%=0.674370288848877, 10%=0.6756837964057922, 25%=0.6818976402282715, 50%=0.6953628063201904, 75%=0.74591463804245, 90%=0.7524471879005432, 95%=0.7584580183029175, 98%=0.7613165378570557
ranking_best_algo: CMApara
ranking_best_score: 0.7118996098437498
ranking_my_rank: 33/504 (93.7%)
ranking_my_percent: 93.65079365079364
