ConfigName: krbf__advnormalizedfitness__M3__L12__eps0p025__g0p015__ds0p3__dm0p01
Problem: NK
Kernel: rbf
Advantage: normalizedfitness
M: 3
lambda: 12
epsilon_svgd: 0.025
gamma: 0.015
decay_start_ratio: 0.3
decay_min_factor: 0.01
bandwith_kernel: None
no_interact: False
avg_score: 0.7510027289390564
median_score: 0.7546597123146057
std_score: 0.014301836490631104
percentiles: 2%=0.7242240905761719, 5%=0.7257447242736816, 10%=0.7307890057563782, 25%=0.7393132448196411, 50%=0.7546597123146057, 75%=0.7611548900604248, 90%=0.7679169774055481, 95%=0.7717841267585754, 98%=0.7728697061538696
ranking_best_algo: Tabu
ranking_best_score: 0.7657846284375001
ranking_my_rank: 18/504 (96.6%)
ranking_my_percent: 96.62698412698413
