ConfigName: krbf__advnormalizedfitness__M3__L15__eps0p025__g0p01__ds0p01__dm0p3
Problem: QUBO
Kernel: rbf
Advantage: normalizedfitness
M: 3
lambda: 15
epsilon_svgd: 0.025
gamma: 0.01
decay_start_ratio: 0.01
decay_min_factor: 0.3
bandwith_kernel: None
no_interact: False
avg_score: -429.67999267578125
median_score: -431.5
std_score: 26.590553283691406
percentiles: 2%=-473.0199890136719, 5%=-472.0, 10%=-461.29998779296875, 25%=-449.0, 50%=-431.5, 75%=-411.0, 90%=-392.8999938964844, 95%=-383.9000244140625, 98%=-376.97998046875
ranking_best_algo: CMApara
ranking_best_score: 453.82
ranking_my_rank: 91/504 (82.1%)
ranking_my_percent: 82.14285714285714
