ConfigName: kjsd__advperagentrankweighted__M6__L20__eps0p005__g0p0005__ds0p1__dm0p2
Problem: QUBO
Kernel: jsd
Advantage: peragentrankweighted
M: 6
lambda: 20
epsilon_svgd: 0.005
gamma: 0.0005
decay_start_ratio: 0.1
decay_min_factor: 0.2
bandwith_kernel: None
no_interact: False
avg_score: -1433.0
median_score: -1424.0
std_score: 97.32943725585938
percentiles: 2%=-1610.6199951171875, 5%=-1597.0, 10%=-1571.0999755859375, 25%=-1501.5, 50%=-1424.0, 75%=-1366.5, 90%=-1312.0, 95%=-1279.8499755859375, 98%=-1256.239990234375
ranking_best_algo: NLOPT_LN_PRAXIS
ranking_best_score: 1607.12
ranking_my_rank: 94/504 (81.5%)
ranking_my_percent: 81.54761904761905
