ConfigName: kfr__advglobalrankweighted__M2__L7__eps0p01__g0p003__ds0p01__dm0p01
Problem: QUBO
Kernel: fr
Advantage: globalrankweighted
M: 2
lambda: 7
epsilon_svgd: 0.01
gamma: 0.003
decay_start_ratio: 0.01
decay_min_factor: 0.01
bandwith_kernel: None
no_interact: False
avg_score: -1159.56005859375
median_score: -1157.5
std_score: 63.00433349609375
percentiles: 2%=-1313.56005859375, 5%=-1257.2999267578125, 10%=-1237.300048828125, 25%=-1201.25, 50%=-1157.5, 75%=-1121.25, 90%=-1080.0, 95%=-1065.8499755859375, 98%=-1059.7999267578125
ranking_best_algo: Tabu
ranking_best_score: 1216.16
ranking_my_rank: 100/504 (80.4%)
ranking_my_percent: 80.35714285714286
