ConfigName: kjsd__advperagentrankweighted__M3__L20__eps0p005__g0p003__ds0p05__dm0p2
Problem: QUBO
Kernel: jsd
Advantage: peragentrankweighted
M: 3
lambda: 20
epsilon_svgd: 0.005
gamma: 0.003
decay_start_ratio: 0.05
decay_min_factor: 0.2
bandwith_kernel: None
no_interact: False
avg_score: -416.0
median_score: -419.0
std_score: 31.410825729370117
percentiles: 2%=-467.239990234375, 5%=-463.1000061035156, 10%=-457.0, 25%=-441.5, 50%=-419.0, 75%=-389.0, 90%=-376.8999938964844, 95%=-368.95001220703125, 98%=-366.7799987792969
ranking_best_algo: CMApara
ranking_best_score: 453.82
ranking_my_rank: 188/504 (62.9%)
ranking_my_percent: 62.8968253968254
