ConfigName: kjsd__advperagentrankweighted__M3__L16__eps0p01__g0p001__ds0p05__dm0p2
Problem: QUBO
Kernel: jsd
Advantage: peragentrankweighted
M: 3
lambda: 16
epsilon_svgd: 0.01
gamma: 0.001
decay_start_ratio: 0.05
decay_min_factor: 0.2
bandwith_kernel: None
no_interact: False
avg_score: -2655.919921875
median_score: -2639.0
std_score: 114.84822845458984
percentiles: 2%=-2921.239990234375, 5%=-2869.75, 10%=-2807.199951171875, 25%=-2726.25, 50%=-2639.0, 75%=-2590.25, 90%=-2504.0, 95%=-2464.050048828125, 98%=-2431.760009765625
ranking_best_algo: DiscreteLengler2OnePlusOne
ranking_best_score: 2617.04
ranking_my_rank: 1/504 (100.0%)
ranking_my_percent: 100.0
