ConfigName: kjsd__advperagentrankweighted__M3__L18__eps0p007__g0p001__ds0p1__dm0p2
Problem: QUBO
Kernel: jsd
Advantage: peragentrankweighted
M: 3
lambda: 18
epsilon_svgd: 0.007
gamma: 0.001
decay_start_ratio: 0.1
decay_min_factor: 0.2
bandwith_kernel: None
no_interact: False
avg_score: -2567.06005859375
median_score: -2568.0
std_score: 129.7429656982422
percentiles: 2%=-2811.06005859375, 5%=-2793.14990234375, 10%=-2753.5, 25%=-2650.0, 50%=-2568.0, 75%=-2473.0, 90%=-2415.60009765625, 95%=-2381.39990234375, 98%=-2305.60009765625
ranking_best_algo: SVM1MetaModelLogNormal
ranking_best_score: 2605.14
ranking_my_rank: 15/504 (97.2%)
ranking_my_percent: 97.22222222222223
