ConfigName: kjsd__advperagentrankweighted__M3__L18__eps0p01__g0p0007__ds0p1__dm0p2
Problem: QUBO
Kernel: jsd
Advantage: peragentrankweighted
M: 3
lambda: 18
epsilon_svgd: 0.01
gamma: 0.0007
decay_start_ratio: 0.1
decay_min_factor: 0.2
bandwith_kernel: None
no_interact: False
avg_score: -937.6599731445312
median_score: -942.0
std_score: 63.59358596801758
percentiles: 2%=-1056.1800537109375, 5%=-1044.199951171875, 10%=-1027.300048828125, 25%=-971.5, 50%=-942.0, 75%=-890.0, 90%=-859.9000244140625, 95%=-832.7999877929688, 98%=-822.97998046875
ranking_best_algo: CMApara
ranking_best_score: 964.9
ranking_my_rank: 8/504 (98.6%)
ranking_my_percent: 98.61111111111111
