ConfigName: kjsd__advperagentrankweighted__M6__L8__eps0p03__g0p0003__ds0p2__dm0p05
Problem: QUBO
Kernel: jsd
Advantage: peragentrankweighted
M: 6
lambda: 8
epsilon_svgd: 0.03
gamma: 0.0003
decay_start_ratio: 0.2
decay_min_factor: 0.05
bandwith_kernel: None
no_interact: False
avg_score: -2479.219970703125
median_score: -2448.0
std_score: 119.05725860595703
percentiles: 2%=-2733.300048828125, 5%=-2690.25, 10%=-2676.300048828125, 25%=-2563.0, 50%=-2448.0, 75%=-2398.5, 90%=-2340.699951171875, 95%=-2318.0, 98%=-2275.9599609375
ranking_best_algo: SVM1MetaModelLogNormal
ranking_best_score: 2605.14
ranking_my_rank: 77/504 (84.9%)
ranking_my_percent: 84.92063492063492
