ConfigName: krbf__advnormalizedfitness__M3__L12__eps0p033__g0p007__ds0p01__dm0p3
Problem: QUBO
Kernel: rbf
Advantage: normalizedfitness
M: 3
lambda: 12
epsilon_svgd: 0.033
gamma: 0.007
decay_start_ratio: 0.01
decay_min_factor: 0.3
bandwith_kernel: None
no_interact: False
avg_score: -1207.719970703125
median_score: -1196.0
std_score: 69.56768035888672
percentiles: 2%=-1353.06005859375, 5%=-1343.25, 10%=-1320.0999755859375, 25%=-1249.75, 50%=-1196.0, 75%=-1163.0, 90%=-1130.800048828125, 95%=-1106.949951171875, 98%=-1100.39990234375
ranking_best_algo: SVMMetaModelLogNormal
ranking_best_score: 1233.7999999999997
ranking_my_rank: 48/504 (90.7%)
ranking_my_percent: 90.67460317460318
