ConfigName: krbf__advnormalizedfitness__M4__L8__eps0p033__g0p015__ds0p01__dm0p01
Problem: QUBO
Kernel: rbf
Advantage: normalizedfitness
M: 4
lambda: 8
epsilon_svgd: 0.033
gamma: 0.015
decay_start_ratio: 0.01
decay_min_factor: 0.01
bandwith_kernel: None
no_interact: False
avg_score: -418.7200012207031
median_score: -418.0
std_score: 24.778247833251953
percentiles: 2%=-475.20001220703125, 5%=-457.20001220703125, 10%=-449.20001220703125, 25%=-431.75, 50%=-418.0, 75%=-403.5, 90%=-387.79998779296875, 95%=-381.9000244140625, 98%=-369.679931640625
ranking_best_algo: Tabu
ranking_best_score: 438.12
ranking_my_rank: 34/504 (93.5%)
ranking_my_percent: 93.45238095238095
