ConfigName: kjsd__advperagentrankweighted__M5__L8__eps0p01__g0p0007__ds0p2__dm0p2
Problem: QUBO
Kernel: jsd
Advantage: peragentrankweighted
M: 5
lambda: 8
epsilon_svgd: 0.01
gamma: 0.0007
decay_start_ratio: 0.2
decay_min_factor: 0.2
bandwith_kernel: None
no_interact: False
avg_score: -941.7999877929688
median_score: -927.0
std_score: 66.86000061035156
percentiles: 2%=-1072.0400390625, 5%=-1065.050048828125, 10%=-1046.199951171875, 25%=-982.75, 50%=-927.0, 75%=-902.0, 90%=-864.0999755859375, 95%=-842.9500122070312, 98%=-827.6199951171875
ranking_best_algo: CMApara
ranking_best_score: 964.9
ranking_my_rank: 5/504 (99.2%)
ranking_my_percent: 99.2063492063492
