ConfigName: kjsd__advperagentrankweighted__M3__L18__eps0p005__g0p001__ds0p2__dm0p2
Problem: QUBO
Kernel: jsd
Advantage: peragentrankweighted
M: 3
lambda: 18
epsilon_svgd: 0.005
gamma: 0.001
decay_start_ratio: 0.2
decay_min_factor: 0.2
bandwith_kernel: None
no_interact: False
avg_score: -199.75999450683594
median_score: -199.0
std_score: 13.344003677368164
percentiles: 2%=-224.0, 5%=-224.0, 10%=-219.0, 25%=-210.0, 50%=-199.0, 75%=-189.0, 90%=-183.0, 95%=-180.85000610351562, 98%=-175.9199981689453
ranking_best_algo: Tabu
ranking_best_score: 208.36000000000004
ranking_my_rank: 64/504 (87.5%)
ranking_my_percent: 87.5
