ConfigName: kjsd__advperagentrankweighted__M4__L8__eps0p03__g0p0003__ds0p2__dm0p05
Problem: QUBO
Kernel: jsd
Advantage: peragentrankweighted
M: 4
lambda: 8
epsilon_svgd: 0.03
gamma: 0.0003
decay_start_ratio: 0.2
decay_min_factor: 0.05
bandwith_kernel: None
no_interact: False
avg_score: -2455.139892578125
median_score: -2441.0
std_score: 125.67139434814453
percentiles: 2%=-2728.4599609375, 5%=-2675.89990234375, 10%=-2621.5, 25%=-2537.25, 50%=-2441.0, 75%=-2374.0, 90%=-2297.0, 95%=-2268.800048828125, 98%=-2222.5
ranking_best_algo: DiscreteLengler2OnePlusOne
ranking_best_score: 2617.04
ranking_my_rank: 91/504 (82.1%)
ranking_my_percent: 82.14285714285714
