ConfigName: kjsd__advperagentrankweighted__M4__L24__eps0p005__g0p0007__ds0p2__dm0p05
Problem: NK
Kernel: jsd
Advantage: peragentrankweighted
M: 4
lambda: 24
epsilon_svgd: 0.005
gamma: 0.0007
decay_start_ratio: 0.2
decay_min_factor: 0.05
bandwith_kernel: None
no_interact: False
avg_score: 0.7073110938072205
median_score: 0.7093060612678528
std_score: 0.011677544564008713
percentiles: 2%=0.6888089179992676, 5%=0.6896274089813232, 10%=0.6922760009765625, 25%=0.6956802606582642, 50%=0.7093060612678528, 75%=0.7180298566818237, 90%=0.7206696271896362, 95%=0.7237107157707214, 98%=0.7245615720748901
ranking_best_algo: PBIL
ranking_best_score: 0.7013553837109374
ranking_my_rank: 1/504 (100.0%)
ranking_my_percent: 100.0
