ConfigName: krbf__advnormalizedfitness__M3__L8__eps0p015__g0p005__ds0p3__dm0p01
Problem: QUBO
Kernel: rbf
Advantage: normalizedfitness
M: 3
lambda: 8
epsilon_svgd: 0.015
gamma: 0.005
decay_start_ratio: 0.3
decay_min_factor: 0.01
bandwith_kernel: None
no_interact: False
avg_score: -326.5
median_score: -329.0
std_score: 24.472637176513672
percentiles: 2%=-372.0, 5%=-361.0, 10%=-352.20001220703125, 25%=-343.0, 50%=-329.0, 75%=-313.5, 90%=-291.8999938964844, 95%=-283.9000244140625, 98%=-275.8399658203125
ranking_best_algo: CMApara
ranking_best_score: 344.22
ranking_my_rank: 111/504 (78.2%)
ranking_my_percent: 78.17460317460318
