ConfigName: kjsd__advperagentrankweighted__M5__L12__eps0p02__g0p0005__ds0p05__dm0p05
Problem: QUBO
Kernel: jsd
Advantage: peragentrankweighted
M: 5
lambda: 12
epsilon_svgd: 0.02
gamma: 0.0005
decay_start_ratio: 0.05
decay_min_factor: 0.05
bandwith_kernel: None
no_interact: False
avg_score: -138.82000732421875
median_score: -139.0
std_score: 10.929208755493164
percentiles: 2%=-158.0, 5%=-156.0, 10%=-154.0, 25%=-146.0, 50%=-139.0, 75%=-131.0, 90%=-125.0, 95%=-121.0, 98%=-113.9800033569336
ranking_best_algo: DiscreteDE
ranking_best_score: 143.4
ranking_my_rank: 95/504 (81.3%)
ranking_my_percent: 81.34920634920636
