ConfigName: krbf__advnormalizedfitness__M3__L8__eps0p025__g0p001__ds0p05__dm0p05
Problem: QUBO
Kernel: rbf
Advantage: normalizedfitness
M: 3
lambda: 8
epsilon_svgd: 0.025
gamma: 0.001
decay_start_ratio: 0.05
decay_min_factor: 0.05
bandwith_kernel: None
no_interact: False
avg_score: -298.6000061035156
median_score: -294.5
std_score: 35.217041015625
percentiles: 2%=-374.0799865722656, 5%=-368.1000061035156, 10%=-344.20001220703125, 25%=-322.0, 50%=-294.5, 75%=-266.0, 90%=-256.8999938964844, 95%=-250.0, 98%=-245.9600067138672
ranking_best_algo: CMApara
ranking_best_score: 319.29999999999995
ranking_my_rank: 239/504 (52.8%)
ranking_my_percent: 52.77777777777778
