ConfigName: kjsd__advperagentrankweighted__M8__L12__eps0p008__g0p0005__ds0p3__dm0p05
Problem: QUBO
Kernel: jsd
Advantage: peragentrankweighted
M: 8
lambda: 12
epsilon_svgd: 0.008
gamma: 0.0005
decay_start_ratio: 0.3
decay_min_factor: 0.05
bandwith_kernel: None
no_interact: False
avg_score: -444.3599853515625
median_score: -447.0
std_score: 26.084293365478516
percentiles: 2%=-490.0400085449219, 5%=-485.20001220703125, 10%=-475.0, 25%=-465.0, 50%=-447.0, 75%=-428.75, 90%=-410.79998779296875, 95%=-399.70001220703125, 98%=-388.9800109863281
ranking_best_algo: CMApara
ranking_best_score: 453.82
ranking_my_rank: 6/504 (99.0%)
ranking_my_percent: 99.0079365079365
