ConfigName: kfr__advglobalrankweighted__M2__L10__eps0p015__g0p003__ds0p01__dm0p01
Problem: QUBO
Kernel: fr
Advantage: globalrankweighted
M: 2
lambda: 10
epsilon_svgd: 0.015
gamma: 0.003
decay_start_ratio: 0.01
decay_min_factor: 0.01
bandwith_kernel: None
no_interact: False
avg_score: -1589.760009765625
median_score: -1600.5
std_score: 57.631263732910156
percentiles: 2%=-1684.9200439453125, 5%=-1663.1500244140625, 10%=-1649.0999755859375, 25%=-1632.25, 50%=-1600.5, 75%=-1549.5, 90%=-1511.9000244140625, 95%=-1490.75, 98%=-1474.4798583984375
ranking_best_algo: NLOPT_LN_PRAXIS
ranking_best_score: 1607.12
ranking_my_rank: 39/504 (92.5%)
ranking_my_percent: 92.46031746031746
