ConfigName: krbf__advnormalizedfitness__M1__L8__eps0p025__g0p01__ds0p01__dm0p01
Problem: QUBO
Kernel: rbf
Advantage: normalizedfitness
M: 1
lambda: 8
epsilon_svgd: 0.025
gamma: 0.01
decay_start_ratio: 0.01
decay_min_factor: 0.01
bandwith_kernel: None
no_interact: False
avg_score: -884.7000122070312
median_score: -882.5
std_score: 67.28365325927734
percentiles: 2%=-1024.199951171875, 5%=-1016.0999755859375, 10%=-986.5, 25%=-920.25, 50%=-882.5, 75%=-839.0, 90%=-803.7999877929688, 95%=-780.550048828125, 98%=-762.8399658203125
ranking_best_algo: CMAL3
ranking_best_score: 928.5800000000002
ranking_my_rank: 105/504 (79.4%)
ranking_my_percent: 79.36507936507937
