ConfigName: kjsd__advperagentrankweighted__M3__L18__eps0p005__g0p001__ds0p2__dm0p1
Problem: QUBO
Kernel: jsd
Advantage: peragentrankweighted
M: 3
lambda: 18
epsilon_svgd: 0.005
gamma: 0.001
decay_start_ratio: 0.2
decay_min_factor: 0.1
bandwith_kernel: None
no_interact: False
avg_score: -1191.1800537109375
median_score: -1187.0
std_score: 61.95439529418945
percentiles: 2%=-1317.3199462890625, 5%=-1301.300048828125, 10%=-1276.0999755859375, 25%=-1220.25, 50%=-1187.0, 75%=-1152.75, 90%=-1115.4000244140625, 95%=-1095.5999755859375, 98%=-1068.719970703125
ranking_best_algo: Tabu
ranking_best_score: 1216.16
ranking_my_rank: 50/504 (90.3%)
ranking_my_percent: 90.27777777777777
