ConfigName: krbf__advnormalizedfitness__M3__L15__eps0p015__g0p01__ds0p01__dm0p3
Problem: NK
Kernel: rbf
Advantage: normalizedfitness
M: 3
lambda: 15
epsilon_svgd: 0.015
gamma: 0.01
decay_start_ratio: 0.01
decay_min_factor: 0.3
bandwith_kernel: None
no_interact: False
avg_score: 0.6761386394500732
median_score: 0.6758468151092529
std_score: 0.009860506281256676
percentiles: 2%=0.6596190929412842, 5%=0.6604219079017639, 10%=0.664415717124939, 25%=0.6689186096191406, 50%=0.6758468151092529, 75%=0.6835639476776123, 90%=0.6884323954582214, 95%=0.6932805776596069, 98%=0.6962886452674866
ranking_best_algo: PBIL
ranking_best_score: 0.7248786399609374
ranking_my_rank: 205/504 (59.5%)
ranking_my_percent: 59.523809523809526
