ConfigName: kjsd__advperagentrankweighted__M3__L20__eps0p005__g0p003__ds0p2__dm0p2
Problem: NK
Kernel: jsd
Advantage: peragentrankweighted
M: 3
lambda: 20
epsilon_svgd: 0.005
gamma: 0.003
decay_start_ratio: 0.2
decay_min_factor: 0.2
bandwith_kernel: None
no_interact: False
avg_score: 0.577314019203186
median_score: 0.5762467980384827
std_score: 0.005884927231818438
percentiles: 2%=0.5683530569076538, 5%=0.5689141750335693, 10%=0.5703505873680115, 25%=0.5731679201126099, 50%=0.5762467980384827, 75%=0.5805200934410095, 90%=0.5861138701438904, 95%=0.5908023118972778, 98%=0.5920990109443665
ranking_best_algo: PBIL
ranking_best_score: 0.7170882103515624
ranking_my_rank: 385/504 (23.8%)
ranking_my_percent: 23.80952380952381
