ConfigName: krbf__advnormalizedfitness__M3__L12__eps0p025__g0p007__ds0p15__dm0p01
Problem: NK
Kernel: rbf
Advantage: normalizedfitness
M: 3
lambda: 12
epsilon_svgd: 0.025
gamma: 0.007
decay_start_ratio: 0.15
decay_min_factor: 0.01
bandwith_kernel: None
no_interact: False
avg_score: 0.758385181427002
median_score: 0.7591856122016907
std_score: 0.012905322946608067
percentiles: 2%=0.7331541776657104, 5%=0.7362828850746155, 10%=0.7413068413734436, 25%=0.7494048476219177, 50%=0.7591856122016907, 75%=0.7669697999954224, 90%=0.7756632566452026, 95%=0.7785865664482117, 98%=0.7817139029502869
ranking_best_algo: Tabu
ranking_best_score: 0.7470791764843752
ranking_my_rank: 1/504 (100.0%)
ranking_my_percent: 100.0
