ConfigName: kjsd__advperagentrankweighted__M3__L20__eps0p005__g0p0005__ds0p05__dm0p2
Problem: QUBO
Kernel: jsd
Advantage: peragentrankweighted
M: 3
lambda: 20
epsilon_svgd: 0.005
gamma: 0.0005
decay_start_ratio: 0.05
decay_min_factor: 0.2
bandwith_kernel: None
no_interact: False
avg_score: -328.5799865722656
median_score: -334.0
std_score: 24.414413452148438
percentiles: 2%=-372.0, 5%=-361.54998779296875, 10%=-354.0, 25%=-346.0, 50%=-334.0, 75%=-314.0, 90%=-293.8999938964844, 95%=-279.79998779296875, 98%=-267.9200134277344
ranking_best_algo: CMApara
ranking_best_score: 344.22
ranking_my_rank: 83/504 (83.7%)
ranking_my_percent: 83.73015873015873
