ConfigName: kjsd__advperagentrankweighted__M4__L8__eps0p02__g0p0007__ds0p05__dm0p05
Problem: NK
Kernel: jsd
Advantage: peragentrankweighted
M: 4
lambda: 8
epsilon_svgd: 0.02
gamma: 0.0007
decay_start_ratio: 0.05
decay_min_factor: 0.05
bandwith_kernel: None
no_interact: False
avg_score: 0.7116007804870605
median_score: 0.7120623588562012
std_score: 0.006811988074332476
percentiles: 2%=0.6994146108627319, 5%=0.7016090154647827, 10%=0.7034216523170471, 25%=0.7068873643875122, 50%=0.7120623588562012, 75%=0.7159401178359985, 90%=0.7217187881469727, 95%=0.7240751385688782, 98%=0.7265466451644897
ranking_best_algo: PBIL
ranking_best_score: 0.7170882103515624
ranking_my_rank: 42/504 (91.9%)
ranking_my_percent: 91.86507936507937
