ConfigName: krbf__advnormalizedfitness__M4__L8__eps0p015__g0p015__ds0p15__dm0p01
Problem: NK
Kernel: rbf
Advantage: normalizedfitness
M: 4
lambda: 8
epsilon_svgd: 0.015
gamma: 0.015
decay_start_ratio: 0.15
decay_min_factor: 0.01
bandwith_kernel: None
no_interact: False
avg_score: 0.6909879446029663
median_score: 0.6926202774047852
std_score: 0.012627238407731056
percentiles: 2%=0.6678004264831543, 5%=0.6730051636695862, 10%=0.6752191781997681, 25%=0.6794142723083496, 50%=0.6926202774047852, 75%=0.7016913294792175, 90%=0.7069050073623657, 95%=0.709462583065033, 98%=0.7102627158164978
ranking_best_algo: PBIL
ranking_best_score: 0.7013553837109374
ranking_my_rank: 61/504 (88.1%)
ranking_my_percent: 88.0952380952381
