ConfigName: krbf__advnormalizedfitness__M3__L12__eps0p033__g0p005__ds0p3__dm0p01
Problem: NK
Kernel: rbf
Advantage: normalizedfitness
M: 3
lambda: 12
epsilon_svgd: 0.033
gamma: 0.005
decay_start_ratio: 0.3
decay_min_factor: 0.01
bandwith_kernel: None
no_interact: False
avg_score: 0.7408766150474548
median_score: 0.7398115396499634
std_score: 0.013532509095966816
percentiles: 2%=0.7172342538833618, 5%=0.7196430563926697, 10%=0.7244096398353577, 25%=0.7336845993995667, 50%=0.7398115396499634, 75%=0.7487946152687073, 90%=0.759080708026886, 95%=0.7658583521842957, 98%=0.7720933556556702
ranking_best_algo: Tabu
ranking_best_score: 0.7601875690625
ranking_my_rank: 12/504 (97.8%)
ranking_my_percent: 97.81746031746032
