ConfigName: krbf__advnormalizedfitness__M3__L8__eps0p03__g0p001__ds0p05__dm0p05
Problem: NK
Kernel: rbf
Advantage: normalizedfitness
M: 3
lambda: 8
epsilon_svgd: 0.03
gamma: 0.001
decay_start_ratio: 0.05
decay_min_factor: 0.05
bandwith_kernel: None
no_interact: False
avg_score: 0.7081810235977173
median_score: 0.7113344669342041
std_score: 0.014974408783018589
percentiles: 2%=0.6782787442207336, 5%=0.6820808053016663, 10%=0.6874172687530518, 25%=0.698692262172699, 50%=0.7113344669342041, 75%=0.7207611203193665, 90%=0.7263898849487305, 95%=0.7290511131286621, 98%=0.7316838502883911
ranking_best_algo: PBIL
ranking_best_score: 0.7248786399609374
ranking_my_rank: 70/504 (86.3%)
ranking_my_percent: 86.30952380952381
