ConfigName: kjsd__advperagentrankweighted__M3__L20__eps0p007__g0p0007__ds0p05__dm0p05
Problem: NK
Kernel: jsd
Advantage: peragentrankweighted
M: 3
lambda: 20
epsilon_svgd: 0.007
gamma: 0.0007
decay_start_ratio: 0.05
decay_min_factor: 0.05
bandwith_kernel: None
no_interact: False
avg_score: 0.7224781513214111
median_score: 0.722255527973175
std_score: 0.007494827266782522
percentiles: 2%=0.7067819237709045, 5%=0.7103387117385864, 10%=0.7131313681602478, 25%=0.7178889513015747, 50%=0.722255527973175, 75%=0.7268692851066589, 90%=0.7318554520606995, 95%=0.7338457703590393, 98%=0.7390459179878235
ranking_best_algo: PBIL
ranking_best_score: 0.7170882103515624
ranking_my_rank: 1/504 (100.0%)
ranking_my_percent: 100.0
