ConfigName: kjsd__advperagentrankweighted__M6__L8__eps0p02__g0p0005__ds0p05__dm0p05
Problem: NK
Kernel: jsd
Advantage: peragentrankweighted
M: 6
lambda: 8
epsilon_svgd: 0.02
gamma: 0.0005
decay_start_ratio: 0.05
decay_min_factor: 0.05
bandwith_kernel: None
no_interact: False
avg_score: 0.7082105875015259
median_score: 0.7081962823867798
std_score: 0.006075732875615358
percentiles: 2%=0.6962831616401672, 5%=0.6985988020896912, 10%=0.6998074650764465, 25%=0.7041640877723694, 50%=0.7081962823867798, 75%=0.7119346857070923, 90%=0.7167278528213501, 95%=0.717926561832428, 98%=0.7194727659225464
ranking_best_algo: PBIL
ranking_best_score: 0.7170882103515624
ranking_my_rank: 54/504 (89.5%)
ranking_my_percent: 89.48412698412699
