ConfigName: kjsd__advperagentrankweighted__M4__L20__eps0p007__g0p0005__ds0p05__dm0p1
Problem: NK
Kernel: jsd
Advantage: peragentrankweighted
M: 4
lambda: 20
epsilon_svgd: 0.007
gamma: 0.0005
decay_start_ratio: 0.05
decay_min_factor: 0.1
bandwith_kernel: None
no_interact: False
avg_score: 0.7375630736351013
median_score: 0.7386817336082458
std_score: 0.008195322006940842
percentiles: 2%=0.7213112115859985, 5%=0.7223346829414368, 10%=0.7253333330154419, 25%=0.7330367565155029, 50%=0.7386817336082458, 75%=0.7436544299125671, 90%=0.7467065453529358, 95%=0.7494369149208069, 98%=0.7508029937744141
ranking_best_algo: PBIL
ranking_best_score: 0.730509098125
ranking_my_rank: 1/504 (100.0%)
ranking_my_percent: 100.0
