ConfigName: krbf__advnormalizedfitness__M4__L8__eps0p015__g0p015__ds0p01__dm0p01
Problem: NK
Kernel: rbf
Advantage: normalizedfitness
M: 4
lambda: 8
epsilon_svgd: 0.015
gamma: 0.015
decay_start_ratio: 0.01
decay_min_factor: 0.01
bandwith_kernel: None
no_interact: False
avg_score: 0.731570303440094
median_score: 0.7326861619949341
std_score: 0.010199536569416523
percentiles: 2%=0.7080591917037964, 5%=0.7116702795028687, 10%=0.7185943126678467, 25%=0.7244884967803955, 50%=0.7326861619949341, 75%=0.7400054335594177, 90%=0.744466245174408, 95%=0.7448779940605164, 98%=0.7455498576164246
ranking_best_algo: PBIL
ranking_best_score: 0.730509098125
ranking_my_rank: 1/504 (100.0%)
ranking_my_percent: 100.0
