ConfigName: kjsd__advperagentrankweighted__M3__L18__eps0p01__g0p0007__ds0p1__dm0p1
Problem: QUBO
Kernel: jsd
Advantage: peragentrankweighted
M: 3
lambda: 18
epsilon_svgd: 0.01
gamma: 0.0007
decay_start_ratio: 0.1
decay_min_factor: 0.1
bandwith_kernel: None
no_interact: False
avg_score: -411.8399963378906
median_score: -410.0
std_score: 26.891159057617188
percentiles: 2%=-469.1600036621094, 5%=-461.20001220703125, 10%=-449.1000061035156, 25%=-428.5, 50%=-410.0, 75%=-396.0, 90%=-376.0, 95%=-368.0, 98%=-357.9200134277344
ranking_best_algo: Tabu
ranking_best_score: 438.12
ranking_my_rank: 76/504 (85.1%)
ranking_my_percent: 85.11904761904762
