ConfigName: kfr__advglobalrankweighted__M3__L9__eps0p02__g0p007__ds0p01__dm0p01
Problem: QUBO
Kernel: fr
Advantage: globalrankweighted
M: 3
lambda: 9
epsilon_svgd: 0.02
gamma: 0.007
decay_start_ratio: 0.01
decay_min_factor: 0.01
bandwith_kernel: None
no_interact: False
avg_score: -2555.52001953125
median_score: -2565.0
std_score: 117.96986389160156
percentiles: 2%=-2778.0400390625, 5%=-2756.60009765625, 10%=-2706.199951171875, 25%=-2641.0, 50%=-2565.0, 75%=-2469.5, 90%=-2405.89990234375, 95%=-2357.150146484375, 98%=-2335.93994140625
ranking_best_algo: SVM1MetaModelLogNormal
ranking_best_score: 2605.14
ranking_my_rank: 41/504 (92.1%)
ranking_my_percent: 92.06349206349206
