ConfigName: kjsd__advperagentrankweighted__M10__L10__eps0p005__g0p0005__ds0p3__dm0p05
Problem: QUBO
Kernel: jsd
Advantage: peragentrankweighted
M: 10
lambda: 10
epsilon_svgd: 0.005
gamma: 0.0005
decay_start_ratio: 0.3
decay_min_factor: 0.05
bandwith_kernel: None
no_interact: False
avg_score: -140.8800048828125
median_score: -141.0
std_score: 10.395461082458496
percentiles: 2%=-158.0399932861328, 5%=-157.0500030517578, 10%=-154.10000610351562, 25%=-148.0, 50%=-141.0, 75%=-131.75, 90%=-127.0, 95%=-125.0, 98%=-120.0
ranking_best_algo: DiscreteDE
ranking_best_score: 143.4
ranking_my_rank: 74/504 (85.5%)
ranking_my_percent: 85.51587301587301
