ConfigName: kjsd__advperagentrankweighted__M5__L12__eps0p008__g0p0005__ds0p3__dm0p05
Problem: QUBO
Kernel: jsd
Advantage: peragentrankweighted
M: 5
lambda: 12
epsilon_svgd: 0.008
gamma: 0.0005
decay_start_ratio: 0.3
decay_min_factor: 0.05
bandwith_kernel: None
no_interact: False
avg_score: -418.1600036621094
median_score: -418.5
std_score: 23.40372657775879
percentiles: 2%=-467.1600036621094, 5%=-454.1499938964844, 10%=-448.0, 25%=-432.0, 50%=-418.5, 75%=-401.5, 90%=-386.0, 95%=-381.95001220703125, 98%=-373.8800048828125
ranking_best_algo: Tabu
ranking_best_score: 438.12
ranking_my_rank: 40/504 (92.3%)
ranking_my_percent: 92.26190476190476
