ConfigName: krbf__advnormalizedfitness__M4__L12__eps0p025__g0p01__ds0p01__dm0p01
Problem: NK
Kernel: rbf
Advantage: normalizedfitness
M: 4
lambda: 12
epsilon_svgd: 0.025
gamma: 0.01
decay_start_ratio: 0.01
decay_min_factor: 0.01
bandwith_kernel: None
no_interact: False
avg_score: 0.710431694984436
median_score: 0.7109184265136719
std_score: 0.015227214433252811
percentiles: 2%=0.6717142462730408, 5%=0.6736650466918945, 10%=0.6969605088233948, 25%=0.7075309753417969, 50%=0.7109184265136719, 75%=0.7188217639923096, 90%=0.7255147099494934, 95%=0.7323356866836548, 98%=0.7332260608673096
ranking_best_algo: CMApara
ranking_best_score: 0.707475975
ranking_my_rank: 1/504 (100.0%)
ranking_my_percent: 100.0
