ConfigName: kjsd__advperagentrankweighted__M6__L24__eps0p005__g0p0005__ds0p05__dm0p05
Problem: NK
Kernel: jsd
Advantage: peragentrankweighted
M: 6
lambda: 24
epsilon_svgd: 0.005
gamma: 0.0005
decay_start_ratio: 0.05
decay_min_factor: 0.05
bandwith_kernel: None
no_interact: False
avg_score: 0.7550345659255981
median_score: 0.7571879625320435
std_score: 0.013623379170894623
percentiles: 2%=0.7306587100028992, 5%=0.7323052287101746, 10%=0.7349870800971985, 25%=0.7441914677619934, 50%=0.7571879625320435, 75%=0.7655190229415894, 90%=0.7724337577819824, 95%=0.7750721573829651, 98%=0.7761905193328857
ranking_best_algo: Tabu
ranking_best_score: 0.7470791764843752
ranking_my_rank: 1/504 (100.0%)
ranking_my_percent: 100.0
