ConfigName: kjsd__advperagentrankweighted__M3__L24__eps0p007__g0p001__ds0p05__dm0p2
Problem: QUBO
Kernel: jsd
Advantage: peragentrankweighted
M: 3
lambda: 24
epsilon_svgd: 0.007
gamma: 0.001
decay_start_ratio: 0.05
decay_min_factor: 0.2
bandwith_kernel: None
no_interact: False
avg_score: -3224.4599609375
median_score: -3221.5
std_score: 130.0739288330078
percentiles: 2%=-3498.0400390625, 5%=-3455.10009765625, 10%=-3403.5, 25%=-3305.0, 50%=-3221.5, 75%=-3123.5, 90%=-3065.60009765625, 95%=-3025.75, 98%=-3015.8798828125
ranking_best_algo: RLSOnePlusOne
ranking_best_score: 3316.5199999999995
ranking_my_rank: 43/504 (91.7%)
ranking_my_percent: 91.66666666666667
