ConfigName: krbf__advnormalizedfitness__M3__L15__eps0p033__g0p015__ds0p15__dm0p3
Problem: NK
Kernel: rbf
Advantage: normalizedfitness
M: 3
lambda: 15
epsilon_svgd: 0.033
gamma: 0.015
decay_start_ratio: 0.15
decay_min_factor: 0.3
bandwith_kernel: None
no_interact: False
avg_score: 0.6635107398033142
median_score: 0.6604725122451782
std_score: 0.016332274302840233
percentiles: 2%=0.6384743452072144, 5%=0.6404035687446594, 10%=0.6452471017837524, 25%=0.6514757871627808, 50%=0.6604725122451782, 75%=0.6724627017974854, 90%=0.6841310262680054, 95%=0.6923977732658386, 98%=0.7020630836486816
ranking_best_algo: Tabu
ranking_best_score: 0.7601875690625
ranking_my_rank: 371/504 (26.6%)
ranking_my_percent: 26.58730158730159
