ConfigName: krbf__advnormalizedfitness__M3__L8__eps0p025__g0p01__ds0p01__dm0p01
Problem: QUBO
Kernel: rbf
Advantage: normalizedfitness
M: 3
lambda: 8
epsilon_svgd: 0.025
gamma: 0.01
decay_start_ratio: 0.01
decay_min_factor: 0.01
bandwith_kernel: None
no_interact: False
avg_score: -201.0800018310547
median_score: -202.0
std_score: 13.146617889404297
percentiles: 2%=-224.0, 5%=-224.0, 10%=-219.1999969482422, 25%=-209.0, 50%=-202.0, 75%=-192.0, 90%=-184.89999389648438, 95%=-182.0, 98%=-170.8999786376953
ranking_best_algo: Tabu
ranking_best_score: 208.36000000000004
ranking_my_rank: 42/504 (91.9%)
ranking_my_percent: 91.86507936507937
