ConfigName: kfr__advglobalrankweighted__M1__L10__eps0p02__g0p003__ds0p01__dm0p01
Problem: QUBO
Kernel: fr
Advantage: globalrankweighted
M: 1
lambda: 10
epsilon_svgd: 0.02
gamma: 0.003
decay_start_ratio: 0.01
decay_min_factor: 0.01
bandwith_kernel: None
no_interact: False
avg_score: -185.55999755859375
median_score: -184.5
std_score: 15.254061698913574
percentiles: 2%=-217.13999938964844, 5%=-210.10000610351562, 10%=-205.0, 25%=-195.0, 50%=-184.5, 75%=-175.75, 90%=-165.0, 95%=-161.0, 98%=-156.95999145507812
ranking_best_algo: Tabu
ranking_best_score: 208.36000000000004
ranking_my_rank: 267/504 (47.2%)
ranking_my_percent: 47.22222222222222
