ConfigName: kjsd__advperagentrankweighted__M3__L24__eps0p005__g0p0005__ds0p2__dm0p2
Problem: NK
Kernel: jsd
Advantage: peragentrankweighted
M: 3
lambda: 24
epsilon_svgd: 0.005
gamma: 0.0005
decay_start_ratio: 0.2
decay_min_factor: 0.2
bandwith_kernel: None
no_interact: False
avg_score: 0.7368063926696777
median_score: 0.7378153800964355
std_score: 0.00869764108210802
percentiles: 2%=0.7200137972831726, 5%=0.7212021350860596, 10%=0.7231401801109314, 25%=0.731620728969574, 50%=0.7378153800964355, 75%=0.7436364889144897, 90%=0.7470077872276306, 95%=0.74848872423172, 98%=0.7519441843032837
ranking_best_algo: PBIL
ranking_best_score: 0.730509098125
ranking_my_rank: 1/504 (100.0%)
ranking_my_percent: 100.0
