ConfigName: kjsd__advperagentrankweighted__M4__L24__eps0p02__g0p0007__ds0p05__dm0p05
Problem: QUBO
Kernel: jsd
Advantage: peragentrankweighted
M: 4
lambda: 24
epsilon_svgd: 0.02
gamma: 0.0007
decay_start_ratio: 0.05
decay_min_factor: 0.05
bandwith_kernel: None
no_interact: False
avg_score: -430.3999938964844
median_score: -429.0
std_score: 25.44327163696289
percentiles: 2%=-481.0, 5%=-477.1000061035156, 10%=-465.3999938964844, 25%=-445.25, 50%=-429.0, 75%=-412.0, 90%=-396.79998779296875, 95%=-388.0, 98%=-382.9800109863281
ranking_best_algo: CMAL3
ranking_best_score: 435.36
ranking_my_rank: 8/504 (98.6%)
ranking_my_percent: 98.61111111111111
