ConfigName: kjsd__advperagentrankweighted__M3__L18__eps0p005__g0p0007__ds0p05__dm0p05
Problem: QUBO
Kernel: jsd
Advantage: peragentrankweighted
M: 3
lambda: 18
epsilon_svgd: 0.005
gamma: 0.0007
decay_start_ratio: 0.05
decay_min_factor: 0.05
bandwith_kernel: None
no_interact: False
avg_score: -412.1000061035156
median_score: -413.0
std_score: 25.97209930419922
percentiles: 2%=-469.0400085449219, 5%=-453.04998779296875, 10%=-448.1000061035156, 25%=-428.0, 50%=-413.0, 75%=-391.25, 90%=-376.8999938964844, 95%=-371.8999938964844, 98%=-368.0
ranking_best_algo: Tabu
ranking_best_score: 438.12
ranking_my_rank: 72/504 (85.9%)
ranking_my_percent: 85.91269841269842
