ConfigName: kjsd__advperagentrankweighted__M3__L18__eps0p007__g0p0007__ds0p1__dm0p2
Problem: NK
Kernel: jsd
Advantage: peragentrankweighted
M: 3
lambda: 18
epsilon_svgd: 0.007
gamma: 0.0007
decay_start_ratio: 0.1
decay_min_factor: 0.2
bandwith_kernel: None
no_interact: False
avg_score: 0.7335720658302307
median_score: 0.7330137491226196
std_score: 0.012266992591321468
percentiles: 2%=0.7111750245094299, 5%=0.7163182497024536, 10%=0.7193859815597534, 25%=0.7264673113822937, 50%=0.7330137491226196, 75%=0.7388702630996704, 90%=0.7492722868919373, 95%=0.7564211487770081, 98%=0.7640255689620972
ranking_best_algo: Tabu
ranking_best_score: 0.7429702712499999
ranking_my_rank: 2/504 (99.8%)
ranking_my_percent: 99.8015873015873
