ConfigName: kjsd__advperagentrankweighted__M3__L20__eps0p007__g0p0005__ds0p1__dm0p05
Problem: QUBO
Kernel: jsd
Advantage: peragentrankweighted
M: 3
lambda: 20
epsilon_svgd: 0.007
gamma: 0.0005
decay_start_ratio: 0.1
decay_min_factor: 0.05
bandwith_kernel: None
no_interact: False
avg_score: -1307.199951171875
median_score: -1307.0
std_score: 55.842098236083984
percentiles: 2%=-1427.0799560546875, 5%=-1407.0, 10%=-1389.199951171875, 25%=-1341.5, 50%=-1307.0, 75%=-1264.0, 90%=-1234.300048828125, 95%=-1220.800048828125, 98%=-1208.9200439453125
ranking_best_algo: BigLognormalDiscreteOnePlusOne
ranking_best_score: 1301.3600000000004
ranking_my_rank: 1/504 (100.0%)
ranking_my_percent: 100.0
