ConfigName: kjsd__advperagentrankweighted__M3__L16__eps0p005__g0p0005__ds0p2__dm0p2
Problem: NK
Kernel: jsd
Advantage: peragentrankweighted
M: 3
lambda: 16
epsilon_svgd: 0.005
gamma: 0.0005
decay_start_ratio: 0.2
decay_min_factor: 0.2
bandwith_kernel: None
no_interact: False
avg_score: 0.7517932057380676
median_score: 0.7519123554229736
std_score: 0.01340047549456358
percentiles: 2%=0.7239166498184204, 5%=0.729045569896698, 10%=0.735263466835022, 25%=0.7442429065704346, 50%=0.7519123554229736, 75%=0.759955108165741, 90%=0.7675818204879761, 95%=0.7722219824790955, 98%=0.7809234857559204
ranking_best_algo: Tabu
ranking_best_score: 0.7657846284375001
ranking_my_rank: 14/504 (97.4%)
ranking_my_percent: 97.42063492063492
