ConfigName: krbf__advnormalizedfitness__M3__L10__eps0p033__g0p01__ds0p3__dm0p3
Problem: QUBO
Kernel: rbf
Advantage: normalizedfitness
M: 3
lambda: 10
epsilon_svgd: 0.033
gamma: 0.01
decay_start_ratio: 0.3
decay_min_factor: 0.3
bandwith_kernel: None
no_interact: False
avg_score: -3067.679931640625
median_score: -3077.0
std_score: 196.27435302734375
percentiles: 2%=-3459.340087890625, 5%=-3376.949951171875, 10%=-3295.699951171875, 25%=-3216.75, 50%=-3077.0, 75%=-2946.75, 90%=-2788.89990234375, 95%=-2723.85009765625, 98%=-2680.759765625
ranking_best_algo: RLSOnePlusOne
ranking_best_score: 3316.5199999999995
ranking_my_rank: 88/504 (82.7%)
ranking_my_percent: 82.73809523809524
