ConfigName: kjsd__advperagentrankweighted__M4__L12__eps0p01__g0p0005__ds0p4__dm0p05
Problem: NK
Kernel: jsd
Advantage: peragentrankweighted
M: 4
lambda: 12
epsilon_svgd: 0.01
gamma: 0.0005
decay_start_ratio: 0.4
decay_min_factor: 0.05
bandwith_kernel: None
no_interact: False
avg_score: 0.753287136554718
median_score: 0.7535240650177002
std_score: 0.012349736876785755
percentiles: 2%=0.7314772605895996, 5%=0.7327909469604492, 10%=0.7367721199989319, 25%=0.7429761290550232, 50%=0.7535240650177002, 75%=0.7608177661895752, 90%=0.7710897326469421, 95%=0.773208498954773, 98%=0.7767353653907776
ranking_best_algo: Tabu
ranking_best_score: 0.7470791764843752
ranking_my_rank: 1/504 (100.0%)
ranking_my_percent: 100.0
