ConfigName: krbf__advnormalizedfitness__M4__L8__eps0p02__g0p005__ds0p15__dm0p05
Problem: QUBO
Kernel: rbf
Advantage: normalizedfitness
M: 4
lambda: 8
epsilon_svgd: 0.02
gamma: 0.005
decay_start_ratio: 0.15
decay_min_factor: 0.05
bandwith_kernel: None
no_interact: False
avg_score: -312.2799987792969
median_score: -320.0
std_score: 38.495216369628906
percentiles: 2%=-394.0400085449219, 5%=-390.0, 10%=-355.79998779296875, 25%=-338.0, 50%=-320.0, 75%=-274.75, 90%=-268.0, 95%=-264.0, 98%=-258.8399963378906
ranking_best_algo: CMApara
ranking_best_score: 319.29999999999995
ranking_my_rank: 34/504 (93.5%)
ranking_my_percent: 93.45238095238095
