ConfigName: kfr__advglobalrankweighted__M4__L5__eps0p05__g0p003__ds0p01__dm0p01
Problem: NK
Kernel: fr
Advantage: globalrankweighted
M: 4
lambda: 5
epsilon_svgd: 0.05
gamma: 0.003
decay_start_ratio: 0.01
decay_min_factor: 0.01
bandwith_kernel: None
no_interact: False
avg_score: 0.7096275091171265
median_score: 0.6971379518508911
std_score: 0.03123745508491993
percentiles: 2%=0.6727991700172424, 5%=0.6743646860122681, 10%=0.675786018371582, 25%=0.6803826093673706, 50%=0.6971379518508911, 75%=0.7455350756645203, 90%=0.7532056570053101, 95%=0.7584580183029175, 98%=0.7613165378570557
ranking_best_algo: CMApara
ranking_best_score: 0.7118996098437498
ranking_my_rank: 50/504 (90.3%)
ranking_my_percent: 90.27777777777777
