ConfigName: krbf__advnormalizedfitness__M3__L15__eps0p025__g0p01__ds0p15__dm0p3
Problem: QUBO
Kernel: rbf
Advantage: normalizedfitness
M: 3
lambda: 15
epsilon_svgd: 0.025
gamma: 0.01
decay_start_ratio: 0.15
decay_min_factor: 0.3
bandwith_kernel: None
no_interact: False
avg_score: -425.8800048828125
median_score: -428.0
std_score: 28.40467643737793
percentiles: 2%=-475.0799865722656, 5%=-469.04998779296875, 10%=-461.0, 25%=-447.0, 50%=-428.0, 75%=-403.75, 90%=-389.79998779296875, 95%=-381.9000244140625, 98%=-373.7999572753906
ranking_best_algo: CMApara
ranking_best_score: 453.82
ranking_my_rank: 121/504 (76.2%)
ranking_my_percent: 76.19047619047619
