ConfigName: kjsd__advperagentrankweighted__M3__L20__eps0p005__g0p0007__ds0p05__dm0p05
Problem: QUBO
Kernel: jsd
Advantage: peragentrankweighted
M: 3
lambda: 20
epsilon_svgd: 0.005
gamma: 0.0007
decay_start_ratio: 0.05
decay_min_factor: 0.05
bandwith_kernel: None
no_interact: False
avg_score: -2606.60009765625
median_score: -2600.5
std_score: 131.40518188476562
percentiles: 2%=-2842.080078125, 5%=-2829.14990234375, 10%=-2801.10009765625, 25%=-2695.5, 50%=-2600.5, 75%=-2500.0, 90%=-2463.199951171875, 95%=-2428.0, 98%=-2339.89990234375
ranking_best_algo: SVM1MetaModelLogNormal
ranking_best_score: 2605.14
ranking_my_rank: 1/504 (100.0%)
ranking_my_percent: 100.0
