ConfigName: kfr__advglobalrankweighted__M4__L13__eps0p03__g0p005__ds0p01__dm0p01
Problem: NK
Kernel: fr
Advantage: globalrankweighted
M: 4
lambda: 13
epsilon_svgd: 0.03
gamma: 0.005
decay_start_ratio: 0.01
decay_min_factor: 0.01
bandwith_kernel: None
no_interact: False
avg_score: 0.7110617160797119
median_score: 0.711896538734436
std_score: 0.015283938497304916
percentiles: 2%=0.6731519103050232, 5%=0.6736515164375305, 10%=0.6968123912811279, 25%=0.7083750367164612, 50%=0.711896538734436, 75%=0.7192665934562683, 90%=0.72553551197052, 95%=0.7331293821334839, 98%=0.7340799570083618
ranking_best_algo: CMApara
ranking_best_score: 0.707475975
ranking_my_rank: 1/504 (100.0%)
ranking_my_percent: 100.0
