ConfigName: krbf__advnormalizedfitness__M3__L12__eps0p015__g0p005__ds0p01__dm0p3
Problem: QUBO
Kernel: rbf
Advantage: normalizedfitness
M: 3
lambda: 12
epsilon_svgd: 0.015
gamma: 0.005
decay_start_ratio: 0.01
decay_min_factor: 0.3
bandwith_kernel: None
no_interact: False
avg_score: -332.2799987792969
median_score: -334.0
std_score: 18.82343292236328
percentiles: 2%=-372.0, 5%=-370.0, 10%=-354.0, 25%=-343.0, 50%=-334.0, 75%=-320.0, 90%=-308.0, 95%=-298.0, 98%=-289.9599914550781
ranking_best_algo: CMApara
ranking_best_score: 344.22
ranking_my_rank: 72/504 (85.9%)
ranking_my_percent: 85.91269841269842
