ConfigName: kjsd__advperagentrankweighted__M3__L20__eps0p007__g0p0005__ds0p2__dm0p2
Problem: QUBO
Kernel: jsd
Advantage: peragentrankweighted
M: 3
lambda: 20
epsilon_svgd: 0.007
gamma: 0.0005
decay_start_ratio: 0.2
decay_min_factor: 0.2
bandwith_kernel: None
no_interact: False
avg_score: -307.5199890136719
median_score: -300.0
std_score: 39.887962341308594
percentiles: 2%=-396.0400085449219, 5%=-388.29998779296875, 10%=-359.79998779296875, 25%=-334.0, 50%=-300.0, 75%=-273.0, 90%=-263.8999938964844, 95%=-254.0, 98%=-245.9600067138672
ranking_best_algo: CMApara
ranking_best_score: 319.29999999999995
ranking_my_rank: 96/504 (81.2%)
ranking_my_percent: 81.15079365079364
