ConfigName: krbf__advnormalizedfitness__M3__L12__eps0p015__g0p01__ds0p15__dm0p01
Problem: QUBO
Kernel: rbf
Advantage: normalizedfitness
M: 3
lambda: 12
epsilon_svgd: 0.015
gamma: 0.01
decay_start_ratio: 0.15
decay_min_factor: 0.01
bandwith_kernel: None
no_interact: False
avg_score: -334.4599914550781
median_score: -339.0
std_score: 17.829984664916992
percentiles: 2%=-370.0400085449219, 5%=-357.0, 10%=-354.0, 25%=-343.0, 50%=-339.0, 75%=-326.0, 90%=-312.0, 95%=-303.8000183105469, 98%=-289.7999572753906
ranking_best_algo: CMApara
ranking_best_score: 344.22
ranking_my_rank: 62/504 (87.9%)
ranking_my_percent: 87.89682539682539
