ConfigName: kjsd__advperagentrankweighted__M3__L16__eps0p005__g0p0007__ds0p1__dm0p2
Problem: NK
Kernel: jsd
Advantage: peragentrankweighted
M: 3
lambda: 16
epsilon_svgd: 0.005
gamma: 0.0007
decay_start_ratio: 0.1
decay_min_factor: 0.2
bandwith_kernel: None
no_interact: False
avg_score: 0.7380517721176147
median_score: 0.7361021637916565
std_score: 0.012719734571874142
percentiles: 2%=0.7196109294891357, 5%=0.7219868898391724, 10%=0.7246387004852295, 25%=0.7298269271850586, 50%=0.7361021637916565, 75%=0.745766282081604, 90%=0.753655731678009, 95%=0.7564704418182373, 98%=0.7658976316452026
ranking_best_algo: Tabu
ranking_best_score: 0.7601875690625
ranking_my_rank: 19/504 (96.4%)
ranking_my_percent: 96.42857142857143
