ConfigName: krbf__advnormalizedfitness__M3__L12__eps0p033__g0p007__ds0p3__dm0p3
Problem: QUBO
Kernel: rbf
Advantage: normalizedfitness
M: 3
lambda: 12
epsilon_svgd: 0.033
gamma: 0.007
decay_start_ratio: 0.3
decay_min_factor: 0.3
bandwith_kernel: None
no_interact: False
avg_score: -200.67999267578125
median_score: -200.5
std_score: 12.244900703430176
percentiles: 2%=-224.0, 5%=-222.0, 10%=-220.10000610351562, 25%=-208.25, 50%=-200.5, 75%=-191.0, 90%=-185.0, 95%=-180.95001220703125, 98%=-177.97999572753906
ranking_best_algo: Tabu
ranking_best_score: 208.36000000000004
ranking_my_rank: 45/504 (91.3%)
ranking_my_percent: 91.26984126984127
