ConfigName: krbf__advnormalizedfitness__M4__L8__eps0p033__g0p015__ds0p01__dm0p01
Problem: NK
Kernel: rbf
Advantage: normalizedfitness
M: 4
lambda: 8
epsilon_svgd: 0.033
gamma: 0.015
decay_start_ratio: 0.01
decay_min_factor: 0.01
bandwith_kernel: None
no_interact: False
avg_score: 0.6989060044288635
median_score: 0.6975867748260498
std_score: 0.01802820712327957
percentiles: 2%=0.6572429537773132, 5%=0.6706951856613159, 10%=0.6771266460418701, 25%=0.6896084547042847, 50%=0.6975867748260498, 75%=0.7108286023139954, 90%=0.7234028577804565, 95%=0.7308261394500732, 98%=0.7370087504386902
ranking_best_algo: Tabu
ranking_best_score: 0.7429702712499999
ranking_my_rank: 202/504 (60.1%)
ranking_my_percent: 60.11904761904762
