ConfigName: krbf__advnormalizedfitness__M1__L8__eps0p033__g0p01__ds0p3__dm0p01
Problem: NK
Kernel: rbf
Advantage: normalizedfitness
M: 1
lambda: 8
epsilon_svgd: 0.033
gamma: 0.01
decay_start_ratio: 0.3
decay_min_factor: 0.01
bandwith_kernel: None
no_interact: False
avg_score: 0.7000005841255188
median_score: 0.7021106481552124
std_score: 0.011467103846371174
percentiles: 2%=0.6809812784194946, 5%=0.682571530342102, 10%=0.6842067837715149, 25%=0.6905038952827454, 50%=0.7021106481552124, 75%=0.7106189727783203, 90%=0.7141798734664917, 95%=0.7161813974380493, 98%=0.7168083190917969
ranking_best_algo: PBIL
ranking_best_score: 0.7013553837109374
ranking_my_rank: 2/504 (99.8%)
ranking_my_percent: 99.8015873015873
