ConfigName: krbf__advnormalizedfitness__M3__L12__eps0p025__g0p007__ds0p3__dm0p3
Problem: NK
Kernel: rbf
Advantage: normalizedfitness
M: 3
lambda: 12
epsilon_svgd: 0.025
gamma: 0.007
decay_start_ratio: 0.3
decay_min_factor: 0.3
bandwith_kernel: None
no_interact: False
avg_score: 0.7118656635284424
median_score: 0.70106041431427
std_score: 0.03150476887822151
percentiles: 2%=0.6735868453979492, 5%=0.6744096279144287, 10%=0.6798273921012878, 25%=0.6824496388435364, 50%=0.70106041431427, 75%=0.7474179267883301, 90%=0.7538307309150696, 95%=0.7613165378570557, 98%=0.7613165378570557
ranking_best_algo: CMApara
ranking_best_score: 0.7118996098437498
ranking_my_rank: 2/504 (99.8%)
ranking_my_percent: 99.8015873015873
