ConfigName: kjsd__advperagentrankweighted__M3__L18__eps0p005__g0p0005__ds0p1__dm0p2
Problem: QUBO
Kernel: jsd
Advantage: peragentrankweighted
M: 3
lambda: 18
epsilon_svgd: 0.005
gamma: 0.0005
decay_start_ratio: 0.1
decay_min_factor: 0.2
bandwith_kernel: None
no_interact: False
avg_score: -1312.8599853515625
median_score: -1307.0
std_score: 54.89153289794922
percentiles: 2%=-1433.0999755859375, 5%=-1397.0, 10%=-1379.300048828125, 25%=-1352.5, 50%=-1307.0, 75%=-1281.75, 90%=-1240.800048828125, 95%=-1230.5999755859375, 98%=-1216.739990234375
ranking_best_algo: BigLognormalDiscreteOnePlusOne
ranking_best_score: 1301.3600000000004
ranking_my_rank: 1/504 (100.0%)
ranking_my_percent: 100.0
