ConfigName: kjsd__advperagentrankweighted__M3__L18__eps0p007__g0p001__ds0p2__dm0p2
Problem: QUBO
Kernel: jsd
Advantage: peragentrankweighted
M: 3
lambda: 18
epsilon_svgd: 0.007
gamma: 0.001
decay_start_ratio: 0.2
decay_min_factor: 0.2
bandwith_kernel: None
no_interact: False
avg_score: -200.47999572753906
median_score: -201.0
std_score: 12.964936256408691
percentiles: 2%=-224.0, 5%=-224.0, 10%=-219.0, 25%=-209.0, 50%=-201.0, 75%=-191.0, 90%=-182.89999389648438, 95%=-178.0, 98%=-176.0
ranking_best_algo: Tabu
ranking_best_score: 208.36000000000004
ranking_my_rank: 46/504 (91.1%)
ranking_my_percent: 91.07142857142857
