ConfigName: krbf__advnormalizedfitness__M1__L8__eps0p033__g0p01__ds0p01__dm0p3
Problem: NK
Kernel: rbf
Advantage: normalizedfitness
M: 1
lambda: 8
epsilon_svgd: 0.033
gamma: 0.01
decay_start_ratio: 0.01
decay_min_factor: 0.3
bandwith_kernel: None
no_interact: False
avg_score: 0.7219275832176208
median_score: 0.7208064794540405
std_score: 0.01785806193947792
percentiles: 2%=0.6914021968841553, 5%=0.6964384913444519, 10%=0.6985732913017273, 25%=0.7080367207527161, 50%=0.7208064794540405, 75%=0.7343692779541016, 90%=0.7445486187934875, 95%=0.7522130012512207, 98%=0.7582902312278748
ranking_best_algo: Tabu
ranking_best_score: 0.7601875690625
ranking_my_rank: 130/504 (74.4%)
ranking_my_percent: 74.4047619047619
