ConfigName: krbf__advnormalizedfitness__M4__L10__eps0p025__g0p015__ds0p3__dm0p01
Problem: NK
Kernel: rbf
Advantage: normalizedfitness
M: 4
lambda: 10
epsilon_svgd: 0.025
gamma: 0.015
decay_start_ratio: 0.3
decay_min_factor: 0.01
bandwith_kernel: None
no_interact: False
avg_score: 0.7056207060813904
median_score: 0.7066259384155273
std_score: 0.0112112145870924
percentiles: 2%=0.681219220161438, 5%=0.6852469444274902, 10%=0.6901919841766357, 25%=0.6992214918136597, 50%=0.7066259384155273, 75%=0.7136583924293518, 90%=0.718904972076416, 95%=0.7229006290435791, 98%=0.7249080538749695
ranking_best_algo: PBIL
ranking_best_score: 0.7248786399609374
ranking_my_rank: 85/504 (83.3%)
ranking_my_percent: 83.33333333333333
