ConfigName: krbf__advnormalizedfitness__M3__L10__eps0p033__g0p015__ds0p3__dm0p3
Problem: QUBO
Kernel: rbf
Advantage: normalizedfitness
M: 3
lambda: 10
epsilon_svgd: 0.033
gamma: 0.015
decay_start_ratio: 0.3
decay_min_factor: 0.3
bandwith_kernel: None
no_interact: False
avg_score: -139.1199951171875
median_score: -139.0
std_score: 10.930032730102539
percentiles: 2%=-157.02000427246094, 5%=-156.0500030517578, 10%=-153.10000610351562, 25%=-147.0, 50%=-139.0, 75%=-130.0, 90%=-126.0, 95%=-121.0, 98%=-116.93998718261719
ranking_best_algo: DiscreteDE
ranking_best_score: 143.4
ranking_my_rank: 88/504 (82.7%)
ranking_my_percent: 82.73809523809524
