ConfigName: kjsd__advperagentrankweighted__M3__L18__eps0p01__g0p0007__ds0p1__dm0p1
Problem: NK
Kernel: jsd
Advantage: peragentrankweighted
M: 3
lambda: 18
epsilon_svgd: 0.01
gamma: 0.0007
decay_start_ratio: 0.1
decay_min_factor: 0.1
bandwith_kernel: None
no_interact: False
avg_score: 0.7313385605812073
median_score: 0.7308823466300964
std_score: 0.01041588094085455
percentiles: 2%=0.711456298828125, 5%=0.7146131992340088, 10%=0.7179247736930847, 25%=0.7249805927276611, 50%=0.7308823466300964, 75%=0.7378170490264893, 90%=0.7455787062644958, 95%=0.7499405741691589, 98%=0.751483678817749
ranking_best_algo: Tabu
ranking_best_score: 0.7429702712499999
ranking_my_rank: 2/504 (99.8%)
ranking_my_percent: 99.8015873015873
