ConfigName: kjsd__advperagentrankweighted__M3__L24__eps0p007__g0p001__ds0p05__dm0p2
Problem: NK
Kernel: jsd
Advantage: peragentrankweighted
M: 3
lambda: 24
epsilon_svgd: 0.007
gamma: 0.001
decay_start_ratio: 0.05
decay_min_factor: 0.2
bandwith_kernel: None
no_interact: False
avg_score: 0.7050659656524658
median_score: 0.7035245895385742
std_score: 0.012802730314433575
percentiles: 2%=0.6834926605224609, 5%=0.687554657459259, 10%=0.6884182095527649, 25%=0.6956822872161865, 50%=0.7035245895385742, 75%=0.7145260572433472, 90%=0.7216691970825195, 95%=0.7252480387687683, 98%=0.7333447933197021
ranking_best_algo: PBIL
ranking_best_score: 0.7170882103515624
ranking_my_rank: 61/504 (88.1%)
ranking_my_percent: 88.0952380952381
