ConfigName: kjsd__advperagentrankweighted__M3__L30__eps0p005__g0p001__ds0p05__dm0p1
Problem: QUBO
Kernel: jsd
Advantage: peragentrankweighted
M: 3
lambda: 30
epsilon_svgd: 0.005
gamma: 0.001
decay_start_ratio: 0.05
decay_min_factor: 0.1
bandwith_kernel: None
no_interact: False
avg_score: -1177.97998046875
median_score: -1177.0
std_score: 57.024024963378906
percentiles: 2%=-1281.760009765625, 5%=-1272.25, 10%=-1255.800048828125, 25%=-1211.5, 50%=-1177.0, 75%=-1145.75, 90%=-1102.800048828125, 95%=-1089.3499755859375, 98%=-1062.8800048828125
ranking_best_algo: Tabu
ranking_best_score: 1216.16
ranking_my_rank: 78/504 (84.7%)
ranking_my_percent: 84.72222222222223
