ConfigName: krbf__advnormalizedfitness__M3__L15__eps0p015__g0p015__ds0p01__dm0p01
Problem: NK
Kernel: rbf
Advantage: normalizedfitness
M: 3
lambda: 15
epsilon_svgd: 0.015
gamma: 0.015
decay_start_ratio: 0.01
decay_min_factor: 0.01
bandwith_kernel: None
no_interact: False
avg_score: 0.7081460356712341
median_score: 0.7091949582099915
std_score: 0.01505560427904129
percentiles: 2%=0.6705575585365295, 5%=0.6715158820152283, 10%=0.6945639848709106, 25%=0.7049934267997742, 50%=0.7091949582099915, 75%=0.7172204852104187, 90%=0.7245035767555237, 95%=0.7297699451446533, 98%=0.7303163409233093
ranking_best_algo: CMApara
ranking_best_score: 0.707475975
ranking_my_rank: 1/504 (100.0%)
ranking_my_percent: 100.0
