ConfigName: krbf__advnormalizedfitness__M4__L8__eps0p033__g0p005__ds0p01__dm0p01
Problem: NK
Kernel: rbf
Advantage: normalizedfitness
M: 4
lambda: 8
epsilon_svgd: 0.033
gamma: 0.005
decay_start_ratio: 0.01
decay_min_factor: 0.01
bandwith_kernel: None
no_interact: False
avg_score: 0.7117472887039185
median_score: 0.7009037733078003
std_score: 0.030988717451691628
percentiles: 2%=0.6734376549720764, 5%=0.6749655604362488, 10%=0.6800239682197571, 25%=0.6845345497131348, 50%=0.7009037733078003, 75%=0.7474179267883301, 90%=0.7532674670219421, 95%=0.7613165378570557, 98%=0.7613165378570557
ranking_best_algo: CMApara
ranking_best_score: 0.7118996098437498
ranking_my_rank: 2/504 (99.8%)
ranking_my_percent: 99.8015873015873
