ConfigName: kjsd__advperagentrankweighted__M3__L18__eps0p01__g0p003__ds0p1__dm0p05
Problem: QUBO
Kernel: jsd
Advantage: peragentrankweighted
M: 3
lambda: 18
epsilon_svgd: 0.01
gamma: 0.003
decay_start_ratio: 0.1
decay_min_factor: 0.05
bandwith_kernel: None
no_interact: False
avg_score: -138.6199951171875
median_score: -139.0
std_score: 11.967272758483887
percentiles: 2%=-159.0, 5%=-158.0, 10%=-156.10000610351562, 25%=-146.0, 50%=-139.0, 75%=-129.75, 90%=-121.0, 95%=-117.94999694824219, 98%=-114.9800033569336
ranking_best_algo: DiscreteDE
ranking_best_score: 143.4
ranking_my_rank: 98/504 (80.8%)
ranking_my_percent: 80.75396825396825
