ConfigName: kjsd__advperagentrankweighted__M5__L24__eps0p008__g0p0005__ds0p3__dm0p05
Problem: QUBO
Kernel: jsd
Advantage: peragentrankweighted
M: 5
lambda: 24
epsilon_svgd: 0.008
gamma: 0.0005
decay_start_ratio: 0.3
decay_min_factor: 0.05
bandwith_kernel: None
no_interact: False
avg_score: -1600.0
median_score: -1594.5
std_score: 69.673095703125
percentiles: 2%=-1722.0400390625, 5%=-1715.050048828125, 10%=-1697.0999755859375, 25%=-1653.25, 50%=-1594.5, 75%=-1548.5, 90%=-1530.4000244140625, 95%=-1489.9000244140625, 98%=-1464.5999755859375
ranking_best_algo: NLOPT_LN_PRAXIS
ranking_best_score: 1607.12
ranking_my_rank: 13/504 (97.6%)
ranking_my_percent: 97.61904761904762
