ConfigName: kjsd__advperagentrankweighted__M4__L8__eps0p02__g0p0003__ds0p05__dm0p05
Problem: QUBO
Kernel: jsd
Advantage: peragentrankweighted
M: 4
lambda: 8
epsilon_svgd: 0.02
gamma: 0.0003
decay_start_ratio: 0.05
decay_min_factor: 0.05
bandwith_kernel: None
no_interact: False
avg_score: -413.4200134277344
median_score: -411.0
std_score: 26.426950454711914
percentiles: 2%=-467.1199951171875, 5%=-461.0, 10%=-447.1000061035156, 25%=-428.5, 50%=-411.0, 75%=-395.0, 90%=-384.70001220703125, 95%=-377.79998779296875, 98%=-368.5799865722656
ranking_best_algo: CMAL3
ranking_best_score: 435.36
ranking_my_rank: 132/504 (74.0%)
ranking_my_percent: 74.0079365079365
