ConfigName: krbf__advnormalizedfitness__M2__L8__eps0p025__g0p01__ds0p3__dm0p01
Problem: NK
Kernel: rbf
Advantage: normalizedfitness
M: 2
lambda: 8
epsilon_svgd: 0.025
gamma: 0.01
decay_start_ratio: 0.3
decay_min_factor: 0.01
bandwith_kernel: None
no_interact: False
avg_score: 0.7109755873680115
median_score: 0.6979872584342957
std_score: 0.031277772039175034
percentiles: 2%=0.6734941601753235, 5%=0.6750857830047607, 10%=0.6788222193717957, 25%=0.6837064027786255, 50%=0.6979872584342957, 75%=0.7474179267883301, 90%=0.7522211670875549, 95%=0.7613165378570557, 98%=0.7613165378570557
ranking_best_algo: CMApara
ranking_best_score: 0.7118996098437498
ranking_my_rank: 8/504 (98.6%)
ranking_my_percent: 98.61111111111111
