ConfigName: krbf__advnormalizedfitness__M4__L15__eps0p015__g0p01__ds0p15__dm0p01
Problem: NK
Kernel: rbf
Advantage: normalizedfitness
M: 4
lambda: 15
epsilon_svgd: 0.015
gamma: 0.01
decay_start_ratio: 0.15
decay_min_factor: 0.01
bandwith_kernel: None
no_interact: False
avg_score: 0.6373233199119568
median_score: 0.6340620517730713
std_score: 0.011485005728900433
percentiles: 2%=0.617859423160553, 5%=0.6207402944564819, 10%=0.6247866153717041, 25%=0.6290600299835205, 50%=0.6340620517730713, 75%=0.6451217532157898, 90%=0.6537565588951111, 95%=0.6580221652984619, 98%=0.6611273288726807
ranking_best_algo: PBIL
ranking_best_score: 0.733570253046875
ranking_my_rank: 307/504 (39.3%)
ranking_my_percent: 39.285714285714285
