ConfigName: kjsd__advperagentrankweighted__M6__L8__eps0p03__g0p0003__ds0p05__dm0p05
Problem: QUBO
Kernel: jsd
Advantage: peragentrankweighted
M: 6
lambda: 8
epsilon_svgd: 0.03
gamma: 0.0003
decay_start_ratio: 0.05
decay_min_factor: 0.05
bandwith_kernel: None
no_interact: False
avg_score: -434.3399963378906
median_score: -432.5
std_score: 23.871416091918945
percentiles: 2%=-481.1199951171875, 5%=-477.1499938964844, 10%=-473.0, 25%=-448.0, 50%=-432.5, 75%=-417.5, 90%=-406.8999938964844, 95%=-399.75, 98%=-390.9800109863281
ranking_best_algo: CMApara
ranking_best_score: 453.82
ranking_my_rank: 40/504 (92.3%)
ranking_my_percent: 92.26190476190476
