ConfigName: kfr__advglobalrankweighted__M3__L11__eps0p015__g0p003__ds0p01__dm0p01
Problem: QUBO
Kernel: fr
Advantage: globalrankweighted
M: 3
lambda: 11
epsilon_svgd: 0.015
gamma: 0.003
decay_start_ratio: 0.01
decay_min_factor: 0.01
bandwith_kernel: None
no_interact: False
avg_score: -1231.97998046875
median_score: -1225.0
std_score: 57.107791900634766
percentiles: 2%=-1363.0400390625, 5%=-1327.3499755859375, 10%=-1305.9000244140625, 25%=-1274.25, 50%=-1225.0, 75%=-1187.75, 90%=-1158.800048828125, 95%=-1148.9000244140625, 98%=-1140.7999267578125
ranking_best_algo: SVMMetaModelLogNormal
ranking_best_score: 1233.7999999999997
ranking_my_rank: 9/504 (98.4%)
ranking_my_percent: 98.41269841269842
