ConfigName: kjsd__advperagentrankweighted__M4__L12__eps0p005__g0p0005__ds0p05__dm0p05
Problem: QUBO
Kernel: jsd
Advantage: peragentrankweighted
M: 4
lambda: 12
epsilon_svgd: 0.005
gamma: 0.0005
decay_start_ratio: 0.05
decay_min_factor: 0.05
bandwith_kernel: None
no_interact: False
avg_score: -918.1199951171875
median_score: -919.0
std_score: 63.9847297668457
percentiles: 2%=-1036.260009765625, 5%=-1024.25, 10%=-996.7000122070312, 25%=-965.0, 50%=-919.0, 75%=-879.5, 90%=-836.7000122070312, 95%=-811.9000244140625, 98%=-798.9600219726562
ranking_best_algo: CMAL3
ranking_best_score: 928.5800000000002
ranking_my_rank: 10/504 (98.2%)
ranking_my_percent: 98.21428571428571
