ConfigName: kjsd__advperagentrankweighted__M6__L8__eps0p03__g0p0007__ds0p2__dm0p05
Problem: QUBO
Kernel: jsd
Advantage: peragentrankweighted
M: 6
lambda: 8
epsilon_svgd: 0.03
gamma: 0.0007
decay_start_ratio: 0.2
decay_min_factor: 0.05
bandwith_kernel: None
no_interact: False
avg_score: -418.4599914550781
median_score: -418.0
std_score: 24.047210693359375
percentiles: 2%=-473.0400085449219, 5%=-454.1499938964844, 10%=-446.29998779296875, 25%=-434.25, 50%=-418.0, 75%=-401.75, 90%=-385.79998779296875, 95%=-381.8999938964844, 98%=-373.8800048828125
ranking_best_algo: Tabu
ranking_best_score: 438.12
ranking_my_rank: 37/504 (92.9%)
ranking_my_percent: 92.85714285714286
