ConfigName: kjsd__advperagentrankweighted__M5__L10__eps0p02__g0p0007__ds0p2__dm0p05
Problem: QUBO
Kernel: jsd
Advantage: peragentrankweighted
M: 5
lambda: 10
epsilon_svgd: 0.02
gamma: 0.0007
decay_start_ratio: 0.2
decay_min_factor: 0.05
bandwith_kernel: None
no_interact: False
avg_score: -418.17999267578125
median_score: -418.0
std_score: 24.948898315429688
percentiles: 2%=-473.0, 5%=-459.5, 10%=-450.1000061035156, 25%=-433.0, 50%=-418.0, 75%=-402.0, 90%=-388.70001220703125, 95%=-375.8999938964844, 98%=-373.9599914550781
ranking_best_algo: Tabu
ranking_best_score: 438.12
ranking_my_rank: 40/504 (92.3%)
ranking_my_percent: 92.26190476190476
