ConfigName: krbf__advnormalizedfitness__M3__L12__eps0p025__g0p01__ds0p3__dm0p01
Problem: QUBO
Kernel: rbf
Advantage: normalizedfitness
M: 3
lambda: 12
epsilon_svgd: 0.025
gamma: 0.01
decay_start_ratio: 0.3
decay_min_factor: 0.01
bandwith_kernel: None
no_interact: False
avg_score: -1235.719970703125
median_score: -1229.0
std_score: 71.48944854736328
percentiles: 2%=-1376.0799560546875, 5%=-1351.8499755859375, 10%=-1331.4000244140625, 25%=-1292.0, 50%=-1229.0, 75%=-1185.5, 90%=-1143.0999755859375, 95%=-1117.800048828125, 98%=-1112.8599853515625
ranking_best_algo: BigLognormalDiscreteOnePlusOne
ranking_best_score: 1301.3600000000004
ranking_my_rank: 57/504 (88.9%)
ranking_my_percent: 88.88888888888889
