ConfigName: krbf__advnormalizedfitness__M3__L8__eps0p033__g0p01__ds0p15__dm0p01
Problem: QUBO
Kernel: rbf
Advantage: normalizedfitness
M: 3
lambda: 8
epsilon_svgd: 0.033
gamma: 0.01
decay_start_ratio: 0.15
decay_min_factor: 0.01
bandwith_kernel: None
no_interact: False
avg_score: -1281.52001953125
median_score: -1283.0
std_score: 57.54606246948242
percentiles: 2%=-1383.0400390625, 5%=-1367.050048828125, 10%=-1356.0999755859375, 25%=-1332.25, 50%=-1283.0, 75%=-1239.75, 90%=-1200.800048828125, 95%=-1190.5, 98%=-1168.8399658203125
ranking_best_algo: BigLognormalDiscreteOnePlusOne
ranking_best_score: 1301.3600000000004
ranking_my_rank: 7/504 (98.8%)
ranking_my_percent: 98.80952380952381
