ConfigName: krbf__advnormalizedfitness__M3__L8__eps0p033__g0p015__ds0p3__dm0p01
Problem: QUBO
Kernel: rbf
Advantage: normalizedfitness
M: 3
lambda: 8
epsilon_svgd: 0.033
gamma: 0.015
decay_start_ratio: 0.3
decay_min_factor: 0.01
bandwith_kernel: None
no_interact: False
avg_score: -427.5
median_score: -423.0
std_score: 29.44469451904297
percentiles: 2%=-479.1600036621094, 5%=-475.0, 10%=-471.0, 25%=-451.25, 50%=-423.0, 75%=-406.0, 90%=-388.79998779296875, 95%=-383.8500061035156, 98%=-376.94000244140625
ranking_best_algo: CMAL3
ranking_best_score: 435.36
ranking_my_rank: 18/504 (96.6%)
ranking_my_percent: 96.62698412698413
