ConfigName: krbf__advnormalizedfitness__M3__L15__eps0p015__g0p005__ds0p15__dm0p01
Problem: QUBO
Kernel: rbf
Advantage: normalizedfitness
M: 3
lambda: 15
epsilon_svgd: 0.015
gamma: 0.005
decay_start_ratio: 0.15
decay_min_factor: 0.01
bandwith_kernel: None
no_interact: False
avg_score: -575.7000122070312
median_score: -575.0
std_score: 27.210107803344727
percentiles: 2%=-631.280029296875, 5%=-615.2999877929688, 10%=-610.0999755859375, 25%=-595.25, 50%=-575.0, 75%=-554.75, 90%=-539.0, 95%=-533.0, 98%=-531.0
ranking_best_algo: Tabu
ranking_best_score: 588.7199999999999
ranking_my_rank: 57/503 (88.9%)
ranking_my_percent: 88.86679920477137
