ConfigName: krbf__advnormalizedfitness__M3__L10__eps0p025__g0p005__ds0p01__dm0p3
Problem: QUBO
Kernel: rbf
Advantage: normalizedfitness
M: 3
lambda: 10
epsilon_svgd: 0.025
gamma: 0.005
decay_start_ratio: 0.01
decay_min_factor: 0.3
bandwith_kernel: None
no_interact: False
avg_score: -308.0
median_score: -304.0
std_score: 37.11764907836914
percentiles: 2%=-392.1199951171875, 5%=-380.1000061035156, 10%=-355.3999938964844, 25%=-328.5, 50%=-304.0, 75%=-274.0, 90%=-265.79998779296875, 95%=-261.95001220703125, 98%=-259.8799743652344
ranking_best_algo: CMApara
ranking_best_score: 319.29999999999995
ranking_my_rank: 91/504 (82.1%)
ranking_my_percent: 82.14285714285714
