ConfigName: krbf__advnormalizedfitness__M2__L8__eps0p033__g0p007__ds0p01__dm0p01
Problem: QUBO
Kernel: rbf
Advantage: normalizedfitness
M: 2
lambda: 8
epsilon_svgd: 0.033
gamma: 0.007
decay_start_ratio: 0.01
decay_min_factor: 0.01
bandwith_kernel: None
no_interact: False
avg_score: -567.0399780273438
median_score: -567.5
std_score: 28.307567596435547
percentiles: 2%=-629.0399780273438, 5%=-622.0499877929688, 10%=-599.4000244140625, 25%=-580.25, 50%=-567.5, 75%=-547.75, 90%=-533.7000122070312, 95%=-522.8499755859375, 98%=-512.9000244140625
ranking_best_algo: Tabu
ranking_best_score: 588.7199999999999
ranking_my_rank: 82/503 (83.9%)
ranking_my_percent: 83.89662027833002
