ConfigName: kjsd__advperagentrankweighted__M3__L30__eps0p007__g0p001__ds0p2__dm0p05
Problem: QUBO
Kernel: jsd
Advantage: peragentrankweighted
M: 3
lambda: 30
epsilon_svgd: 0.007
gamma: 0.001
decay_start_ratio: 0.2
decay_min_factor: 0.05
bandwith_kernel: None
no_interact: False
avg_score: -1221.260009765625
median_score: -1215.5
std_score: 63.71775436401367
percentiles: 2%=-1345.1400146484375, 5%=-1337.199951171875, 10%=-1314.0999755859375, 25%=-1261.5, 50%=-1215.5, 75%=-1180.75, 90%=-1138.9000244140625, 95%=-1129.6500244140625, 98%=-1121.1800537109375
ranking_best_algo: SVMMetaModelLogNormal
ranking_best_score: 1233.7999999999997
ranking_my_rank: 40/504 (92.3%)
ranking_my_percent: 92.26190476190476
