ConfigName: krbf__advnormalizedfitness__M4__L8__eps0p03__g0p01__ds0p05__dm0p05
Problem: QUBO
Kernel: rbf
Advantage: normalizedfitness
M: 4
lambda: 8
epsilon_svgd: 0.03
gamma: 0.01
decay_start_ratio: 0.05
decay_min_factor: 0.05
bandwith_kernel: None
no_interact: False
avg_score: -421.0
median_score: -422.0
std_score: 22.715633392333984
percentiles: 2%=-469.0799865722656, 5%=-457.0, 10%=-451.1000061035156, 25%=-434.0, 50%=-422.0, 75%=-407.5, 90%=-390.0, 95%=-386.0, 98%=-379.7200012207031
ranking_best_algo: Tabu
ranking_best_score: 438.12
ranking_my_rank: 22/504 (95.8%)
ranking_my_percent: 95.83333333333333
