ConfigName: krbf__advnormalizedfitness__M4__L8__eps0p033__g0p015__ds0p01__dm0p3
Problem: QUBO
Kernel: rbf
Advantage: normalizedfitness
M: 4
lambda: 8
epsilon_svgd: 0.033
gamma: 0.015
decay_start_ratio: 0.01
decay_min_factor: 0.3
bandwith_kernel: None
no_interact: False
avg_score: -1101.699951171875
median_score: -1107.0
std_score: 82.03907775878906
percentiles: 2%=-1255.1800537109375, 5%=-1243.0, 10%=-1208.0999755859375, 25%=-1159.75, 50%=-1107.0, 75%=-1041.0, 90%=-991.5999755859375, 95%=-960.0, 98%=-946.9400024414062
ranking_best_algo: Tabu
ranking_best_score: 1216.16
ranking_my_rank: 188/504 (62.9%)
ranking_my_percent: 62.8968253968254
