ConfigName: kjsd__advperagentrankweighted__M3__L30__eps0p005__g0p0005__ds0p1__dm0p1
Problem: QUBO
Kernel: jsd
Advantage: peragentrankweighted
M: 3
lambda: 30
epsilon_svgd: 0.005
gamma: 0.0005
decay_start_ratio: 0.1
decay_min_factor: 0.1
bandwith_kernel: None
no_interact: False
avg_score: -939.1199951171875
median_score: -934.0
std_score: 64.03722381591797
percentiles: 2%=-1064.199951171875, 5%=-1048.199951171875, 10%=-1025.4000244140625, 25%=-990.0, 50%=-934.0, 75%=-892.0, 90%=-862.5999755859375, 95%=-842.9000244140625, 98%=-828.8400268554688
ranking_best_algo: CMApara
ranking_best_score: 964.9
ranking_my_rank: 7/504 (98.8%)
ranking_my_percent: 98.80952380952381
