ConfigName: kjsd__advperagentrankweighted__M3__L20__eps0p005__g0p001__ds0p05__dm0p1
Problem: QUBO
Kernel: jsd
Advantage: peragentrankweighted
M: 3
lambda: 20
epsilon_svgd: 0.005
gamma: 0.001
decay_start_ratio: 0.05
decay_min_factor: 0.1
bandwith_kernel: None
no_interact: False
avg_score: -3249.9599609375
median_score: -3252.5
std_score: 119.92414093017578
percentiles: 2%=-3496.56005859375, 5%=-3463.64990234375, 10%=-3410.800048828125, 25%=-3315.25, 50%=-3252.5, 75%=-3183.0, 90%=-3104.300048828125, 95%=-3054.800048828125, 98%=-2991.8798828125
ranking_best_algo: RLSOnePlusOne
ranking_best_score: 3316.5199999999995
ranking_my_rank: 41/504 (92.1%)
ranking_my_percent: 92.06349206349206
