ConfigName: kjsd__advperagentrankweighted__M3__L20__eps0p01__g0p0005__ds0p05__dm0p2
Problem: NK
Kernel: jsd
Advantage: peragentrankweighted
M: 3
lambda: 20
epsilon_svgd: 0.01
gamma: 0.0005
decay_start_ratio: 0.05
decay_min_factor: 0.2
bandwith_kernel: None
no_interact: False
avg_score: 0.729658842086792
median_score: 0.7292557954788208
std_score: 0.011617663316428661
percentiles: 2%=0.7024672627449036, 5%=0.7103833556175232, 10%=0.7140672206878662, 25%=0.7247110605239868, 50%=0.7292557954788208, 75%=0.7366481423377991, 90%=0.7443265914916992, 95%=0.7505441308021545, 98%=0.7525372505187988
ranking_best_algo: Tabu
ranking_best_score: 0.7429702712499999
ranking_my_rank: 2/504 (99.8%)
ranking_my_percent: 99.8015873015873
