ConfigName: kjsd__advperagentrankweighted__M4__L24__eps0p005__g0p0003__ds0p05__dm0p05
Problem: QUBO
Kernel: jsd
Advantage: peragentrankweighted
M: 4
lambda: 24
epsilon_svgd: 0.005
gamma: 0.0003
decay_start_ratio: 0.05
decay_min_factor: 0.05
bandwith_kernel: None
no_interact: False
avg_score: -309.32000732421875
median_score: -313.0
std_score: 39.90310287475586
percentiles: 2%=-396.0400085449219, 5%=-392.20001220703125, 10%=-354.79998779296875, 25%=-334.5, 50%=-313.0, 75%=-273.5, 90%=-264.0, 95%=-255.0, 98%=-252.0
ranking_best_algo: CMApara
ranking_best_score: 319.29999999999995
ranking_my_rank: 80/504 (84.3%)
ranking_my_percent: 84.32539682539682
