ConfigName: krbf__advnormalizedfitness__M4__L15__eps0p03__g0p005__ds0p05__dm0p05
Problem: QUBO
Kernel: rbf
Advantage: normalizedfitness
M: 4
lambda: 15
epsilon_svgd: 0.03
gamma: 0.005
decay_start_ratio: 0.05
decay_min_factor: 0.05
bandwith_kernel: None
no_interact: False
avg_score: -578.4400024414062
median_score: -578.0
std_score: 26.830698013305664
percentiles: 2%=-631.1599731445312, 5%=-621.0999755859375, 10%=-613.2000122070312, 25%=-597.0, 50%=-578.0, 75%=-562.0, 90%=-541.9000244140625, 95%=-537.9000244140625, 98%=-519.9000244140625
ranking_best_algo: Tabu
ranking_best_score: 588.7199999999999
ranking_my_rank: 42/503 (91.8%)
ranking_my_percent: 91.84890656063618
