ConfigName: kjsd__advperagentrankweighted__M4__L20__eps0p007__g0p0005__ds0p05__dm0p05
Problem: QUBO
Kernel: jsd
Advantage: peragentrankweighted
M: 4
lambda: 20
epsilon_svgd: 0.007
gamma: 0.0005
decay_start_ratio: 0.05
decay_min_factor: 0.05
bandwith_kernel: None
no_interact: False
avg_score: -1316.5400390625
median_score: -1311.0
std_score: 51.53996658325195
percentiles: 2%=-1413.0799560546875, 5%=-1400.050048828125, 10%=-1389.199951171875, 25%=-1358.0, 50%=-1311.0, 75%=-1279.0, 90%=-1259.0, 95%=-1244.9000244140625, 98%=-1220.3599853515625
ranking_best_algo: BigLognormalDiscreteOnePlusOne
ranking_best_score: 1301.3600000000004
ranking_my_rank: 1/504 (100.0%)
ranking_my_percent: 100.0
