ConfigName: kjsd__advperagentrankweighted__M3__L18__eps0p01__g0p0005__ds0p2__dm0p05
Problem: NK
Kernel: jsd
Advantage: peragentrankweighted
M: 3
lambda: 18
epsilon_svgd: 0.01
gamma: 0.0005
decay_start_ratio: 0.2
decay_min_factor: 0.05
bandwith_kernel: None
no_interact: False
avg_score: 0.7083740830421448
median_score: 0.7095463275909424
std_score: 0.015305088832974434
percentiles: 2%=0.6701732873916626, 5%=0.6717979311943054, 10%=0.6936483979225159, 25%=0.7049564123153687, 50%=0.7095463275909424, 75%=0.7176064252853394, 90%=0.7254021763801575, 95%=0.7321133613586426, 98%=0.7327407002449036
ranking_best_algo: CMApara
ranking_best_score: 0.707475975
ranking_my_rank: 1/504 (100.0%)
ranking_my_percent: 100.0
