ConfigName: kjsd__advperagentrankweighted__M3__L20__eps0p005__g0p001__ds0p1__dm0p1
Problem: QUBO
Kernel: jsd
Advantage: peragentrankweighted
M: 3
lambda: 20
epsilon_svgd: 0.005
gamma: 0.001
decay_start_ratio: 0.1
decay_min_factor: 0.1
bandwith_kernel: None
no_interact: False
avg_score: -1230.4200439453125
median_score: -1219.0
std_score: 63.499637603759766
percentiles: 2%=-1373.1400146484375, 5%=-1340.3499755859375, 10%=-1319.300048828125, 25%=-1275.25, 50%=-1219.0, 75%=-1185.0, 90%=-1164.199951171875, 95%=-1142.5, 98%=-1118.5999755859375
ranking_best_algo: SVMMetaModelLogNormal
ranking_best_score: 1233.7999999999997
ranking_my_rank: 12/504 (97.8%)
ranking_my_percent: 97.81746031746032
