ConfigName: krbf__advnormalizedfitness__M2__L6__eps0p01__g0p01__ds0p01__dm0p3
Problem: NK
Kernel: rbf
Advantage: normalizedfitness
M: 2
lambda: 6
epsilon_svgd: 0.01
gamma: 0.01
decay_start_ratio: 0.01
decay_min_factor: 0.3
bandwith_kernel: None
no_interact: False
avg_score: 0.6565345525741577
median_score: 0.6530916094779968
std_score: 0.025337930768728256
percentiles: 2%=0.6179870963096619, 5%=0.6224810481071472, 10%=0.6272670030593872, 25%=0.6347463726997375, 50%=0.6530916094779968, 75%=0.6722960472106934, 90%=0.6953440308570862, 95%=0.7009372711181641, 98%=0.7093337178230286
ranking_best_algo: PBIL
ranking_best_score: 0.7170882103515624
ranking_my_rank: 237/504 (53.2%)
ranking_my_percent: 53.17460317460318
