ConfigName: krbf__advnormalizedfitness__M4__L8__eps0p033__g0p01__ds0p01__dm0p01
Problem: QUBO
Kernel: rbf
Advantage: normalizedfitness
M: 4
lambda: 8
epsilon_svgd: 0.033
gamma: 0.01
decay_start_ratio: 0.01
decay_min_factor: 0.01
bandwith_kernel: None
no_interact: False
avg_score: -1250.3800048828125
median_score: -1251.0
std_score: 63.512794494628906
percentiles: 2%=-1374.219970703125, 5%=-1351.5, 10%=-1332.300048828125, 25%=-1287.0, 50%=-1251.0, 75%=-1205.5, 90%=-1160.699951171875, 95%=-1140.9000244140625, 98%=-1131.93994140625
ranking_best_algo: BigLognormalDiscreteOnePlusOne
ranking_best_score: 1301.3600000000004
ranking_my_rank: 56/504 (89.1%)
ranking_my_percent: 89.08730158730158
