ConfigName: krbf__advnormalizedfitness__M1__L8__eps0p033__g0p005__ds0p15__dm0p01
Problem: NK
Kernel: rbf
Advantage: normalizedfitness
M: 1
lambda: 8
epsilon_svgd: 0.033
gamma: 0.005
decay_start_ratio: 0.15
decay_min_factor: 0.01
bandwith_kernel: None
no_interact: False
avg_score: 0.700591504573822
median_score: 0.6891822218894958
std_score: 0.032199643552303314
percentiles: 2%=0.6507974863052368, 5%=0.6615327596664429, 10%=0.6658994555473328, 25%=0.6722657084465027, 50%=0.6891822218894958, 75%=0.7357856035232544, 90%=0.7449982762336731, 95%=0.7519042491912842, 98%=0.7538237571716309
ranking_best_algo: CMApara
ranking_best_score: 0.7118996098437498
ranking_my_rank: 239/504 (52.8%)
ranking_my_percent: 52.77777777777778
