ConfigName: kjsd__advperagentrankweighted__M3__L16__eps0p01__g0p0007__ds0p1__dm0p2
Problem: QUBO
Kernel: jsd
Advantage: peragentrankweighted
M: 3
lambda: 16
epsilon_svgd: 0.01
gamma: 0.0007
decay_start_ratio: 0.1
decay_min_factor: 0.2
bandwith_kernel: None
no_interact: False
avg_score: -1309.06005859375
median_score: -1305.0
std_score: 56.66407012939453
percentiles: 2%=-1431.199951171875, 5%=-1408.449951171875, 10%=-1392.199951171875, 25%=-1345.0, 50%=-1305.0, 75%=-1266.5, 90%=-1240.5999755859375, 95%=-1220.75, 98%=-1208.8800048828125
ranking_best_algo: BigLognormalDiscreteOnePlusOne
ranking_best_score: 1301.3600000000004
ranking_my_rank: 1/504 (100.0%)
ranking_my_percent: 100.0
