ConfigName: krbf__advnormalizedfitness__M1__L8__eps0p015__g0p01__ds0p3__dm0p01
Problem: NK
Kernel: rbf
Advantage: normalizedfitness
M: 1
lambda: 8
epsilon_svgd: 0.015
gamma: 0.01
decay_start_ratio: 0.3
decay_min_factor: 0.01
bandwith_kernel: None
no_interact: False
avg_score: 0.7368874549865723
median_score: 0.735015332698822
std_score: 0.029728250578045845
percentiles: 2%=0.6849986910820007, 5%=0.6944087743759155, 10%=0.7037022709846497, 25%=0.7183093428611755, 50%=0.735015332698822, 75%=0.7483252882957458, 90%=0.7740277051925659, 95%=0.8044159412384033, 98%=0.8044298887252808
ranking_best_algo: CMApara
ranking_best_score: 0.7459277895312499
ranking_my_rank: 83/504 (83.7%)
ranking_my_percent: 83.73015873015873
