ConfigName: krbf__advnormalizedfitness__M4__L12__eps0p025__g0p005__ds0p15__dm0p01
Problem: QUBO
Kernel: rbf
Advantage: normalizedfitness
M: 4
lambda: 12
epsilon_svgd: 0.025
gamma: 0.005
decay_start_ratio: 0.15
decay_min_factor: 0.01
bandwith_kernel: None
no_interact: False
avg_score: -417.67999267578125
median_score: -413.0
std_score: 24.872827529907227
percentiles: 2%=-469.0, 5%=-463.20001220703125, 10%=-452.0, 25%=-434.75, 50%=-413.0, 75%=-400.0, 90%=-387.79998779296875, 95%=-377.9000244140625, 98%=-373.91998291015625
ranking_best_algo: Tabu
ranking_best_score: 438.12
ranking_my_rank: 40/504 (92.3%)
ranking_my_percent: 92.26190476190476
