ConfigName: krbf__advnormalizedfitness__M3__L10__eps0p02__g0p005__ds0p15__dm0p05
Problem: NK
Kernel: rbf
Advantage: normalizedfitness
M: 3
lambda: 10
epsilon_svgd: 0.02
gamma: 0.005
decay_start_ratio: 0.15
decay_min_factor: 0.05
bandwith_kernel: None
no_interact: False
avg_score: 0.7356917858123779
median_score: 0.7381557822227478
std_score: 0.00830297451466322
percentiles: 2%=0.717390775680542, 5%=0.720646321773529, 10%=0.723807692527771, 25%=0.7309010624885559, 50%=0.7381557822227478, 75%=0.7420694231987, 90%=0.745102047920227, 95%=0.746460497379303, 98%=0.7470938563346863
ranking_best_algo: PBIL
ranking_best_score: 0.7248786399609374
ranking_my_rank: 1/504 (100.0%)
ranking_my_percent: 100.0
