ConfigName: kjsd__advperagentrankweighted__M5__L8__eps0p01__g0p0007__ds0p4__dm0p05
Problem: QUBO
Kernel: jsd
Advantage: peragentrankweighted
M: 5
lambda: 8
epsilon_svgd: 0.01
gamma: 0.0007
decay_start_ratio: 0.4
decay_min_factor: 0.05
bandwith_kernel: None
no_interact: False
avg_score: -413.260009765625
median_score: -415.5
std_score: 27.99307632446289
percentiles: 2%=-471.0400085449219, 5%=-457.5, 10%=-447.29998779296875, 25%=-430.25, 50%=-415.5, 75%=-394.0, 90%=-376.0, 95%=-367.6000061035156, 98%=-355.8800048828125
ranking_best_algo: Tabu
ranking_best_score: 438.12
ranking_my_rank: 59/504 (88.5%)
ranking_my_percent: 88.4920634920635
