ConfigName: kjsd__advperagentrankweighted__M4__L20__eps0p005__g0p0005__ds0p1__dm0p2
Problem: QUBO
Kernel: jsd
Advantage: peragentrankweighted
M: 4
lambda: 20
epsilon_svgd: 0.005
gamma: 0.0005
decay_start_ratio: 0.1
decay_min_factor: 0.2
bandwith_kernel: None
no_interact: False
avg_score: -2532.1201171875
median_score: -2532.0
std_score: 129.24034118652344
percentiles: 2%=-2780.419921875, 5%=-2759.550048828125, 10%=-2719.199951171875, 25%=-2618.25, 50%=-2532.0, 75%=-2443.5, 90%=-2375.699951171875, 95%=-2337.800048828125, 98%=-2261.9599609375
ranking_best_algo: SVM1MetaModelLogNormal
ranking_best_score: 2605.14
ranking_my_rank: 52/504 (89.9%)
ranking_my_percent: 89.88095238095238
