ConfigName: kjsd__advperagentrankweighted__M5__L24__eps0p03__g0p0005__ds0p2__dm0p05
Problem: NK
Kernel: jsd
Advantage: peragentrankweighted
M: 5
lambda: 24
epsilon_svgd: 0.03
gamma: 0.0005
decay_start_ratio: 0.2
decay_min_factor: 0.05
bandwith_kernel: None
no_interact: False
avg_score: 0.7395526766777039
median_score: 0.7395163774490356
std_score: 0.013417713344097137
percentiles: 2%=0.7155276536941528, 5%=0.7205438613891602, 10%=0.7238430976867676, 25%=0.7305254936218262, 50%=0.7395163774490356, 75%=0.747099757194519, 90%=0.7563419342041016, 95%=0.7636842131614685, 98%=0.7689223289489746
ranking_best_algo: Tabu
ranking_best_score: 0.7601875690625
ranking_my_rank: 15/504 (97.2%)
ranking_my_percent: 97.22222222222223
