ConfigName: krbf__advnormalizedfitness__M4__L12__eps0p015__g0p007__ds0p15__dm0p01
Problem: NK
Kernel: rbf
Advantage: normalizedfitness
M: 4
lambda: 12
epsilon_svgd: 0.015
gamma: 0.007
decay_start_ratio: 0.15
decay_min_factor: 0.01
bandwith_kernel: None
no_interact: False
avg_score: 0.7417110204696655
median_score: 0.741945743560791
std_score: 0.018371524289250374
percentiles: 2%=0.7077072858810425, 5%=0.7095630764961243, 10%=0.7174015045166016, 25%=0.7266465425491333, 50%=0.741945743560791, 75%=0.7559434771537781, 90%=0.7657619714736938, 95%=0.7696181535720825, 98%=0.7723566889762878
ranking_best_algo: Tabu
ranking_best_score: 0.7470791764843752
ranking_my_rank: 5/504 (99.2%)
ranking_my_percent: 99.2063492063492
