ConfigName: kjsd__advperagentrankweighted__M3__L16__eps0p007__g0p0007__ds0p1__dm0p2
Problem: QUBO
Kernel: jsd
Advantage: peragentrankweighted
M: 3
lambda: 16
epsilon_svgd: 0.007
gamma: 0.0007
decay_start_ratio: 0.1
decay_min_factor: 0.2
bandwith_kernel: None
no_interact: False
avg_score: -1628.8199462890625
median_score: -1631.0
std_score: 63.58795166015625
percentiles: 2%=-1755.02001953125, 5%=-1720.050048828125, 10%=-1704.199951171875, 25%=-1673.0, 50%=-1631.0, 75%=-1585.0, 90%=-1539.0, 95%=-1535.5999755859375, 98%=-1489.9000244140625
ranking_best_algo: NLOPT_LN_PRAXIS
ranking_best_score: 1607.12
ranking_my_rank: 1/504 (100.0%)
ranking_my_percent: 100.0
