ConfigName: kjsd__advperagentrankweighted__M5__L12__eps0p008__g0p0005__ds0p05__dm0p05
Problem: NK
Kernel: jsd
Advantage: peragentrankweighted
M: 5
lambda: 12
epsilon_svgd: 0.008
gamma: 0.0005
decay_start_ratio: 0.05
decay_min_factor: 0.05
bandwith_kernel: None
no_interact: False
avg_score: 0.737446129322052
median_score: 0.7389451265335083
std_score: 0.00929987896233797
percentiles: 2%=0.7188382148742676, 5%=0.7220660448074341, 10%=0.7235360145568848, 25%=0.7313910126686096, 50%=0.7389451265335083, 75%=0.7443956732749939, 90%=0.7488905191421509, 95%=0.7515168190002441, 98%=0.7533487677574158
ranking_best_algo: PBIL
ranking_best_score: 0.730509098125
ranking_my_rank: 1/504 (100.0%)
ranking_my_percent: 100.0
