ConfigName: krbf__advnormalizedfitness__M1__L8__eps0p033__g0p015__ds0p3__dm0p3
Problem: QUBO
Kernel: rbf
Advantage: normalizedfitness
M: 1
lambda: 8
epsilon_svgd: 0.033
gamma: 0.015
decay_start_ratio: 0.3
decay_min_factor: 0.3
bandwith_kernel: None
no_interact: False
avg_score: -1153.9000244140625
median_score: -1151.5
std_score: 68.25869750976562
percentiles: 2%=-1285.719970703125, 5%=-1270.0, 10%=-1248.0999755859375, 25%=-1195.25, 50%=-1151.5, 75%=-1110.5, 90%=-1068.800048828125, 95%=-1038.5, 98%=-1021.4198608398438
ranking_best_algo: Tabu
ranking_best_score: 1216.16
ranking_my_rank: 108/504 (78.8%)
ranking_my_percent: 78.76984126984127
