ConfigName: kjsd__advperagentrankweighted__M3__L20__eps0p005__g0p003__ds0p1__dm0p2
Problem: NK
Kernel: jsd
Advantage: peragentrankweighted
M: 3
lambda: 20
epsilon_svgd: 0.005
gamma: 0.003
decay_start_ratio: 0.1
decay_min_factor: 0.2
bandwith_kernel: None
no_interact: False
avg_score: 0.72813880443573
median_score: 0.7287623882293701
std_score: 0.010058533400297165
percentiles: 2%=0.7084910273551941, 5%=0.712276816368103, 10%=0.7146891951560974, 25%=0.720672607421875, 50%=0.7287623882293701, 75%=0.7360772490501404, 90%=0.7404234409332275, 95%=0.7421278953552246, 98%=0.7445205450057983
ranking_best_algo: PBIL
ranking_best_score: 0.730509098125
ranking_my_rank: 7/504 (98.8%)
ranking_my_percent: 98.80952380952381
