ConfigName: kjsd__advperagentrankweighted__M3__L30__eps0p007__g0p001__ds0p2__dm0p05
Problem: NK
Kernel: jsd
Advantage: peragentrankweighted
M: 3
lambda: 30
epsilon_svgd: 0.007
gamma: 0.001
decay_start_ratio: 0.2
decay_min_factor: 0.05
bandwith_kernel: None
no_interact: False
avg_score: 0.7076289653778076
median_score: 0.7101803421974182
std_score: 0.011689409613609314
percentiles: 2%=0.6886740922927856, 5%=0.6895350217819214, 10%=0.693871796131134, 25%=0.6964348554611206, 50%=0.7101803421974182, 75%=0.7179072499275208, 90%=0.7223137617111206, 95%=0.7239903807640076, 98%=0.7248687148094177
ranking_best_algo: PBIL
ranking_best_score: 0.7013553837109374
ranking_my_rank: 1/504 (100.0%)
ranking_my_percent: 100.0
