ConfigName: kjsd__advperagentrankweighted__M3__L18__eps0p005__g0p003__ds0p2__dm0p1
Problem: QUBO
Kernel: jsd
Advantage: peragentrankweighted
M: 3
lambda: 18
epsilon_svgd: 0.005
gamma: 0.003
decay_start_ratio: 0.2
decay_min_factor: 0.1
bandwith_kernel: None
no_interact: False
avg_score: -307.4800109863281
median_score: -304.0
std_score: 37.813880920410156
percentiles: 2%=-394.0400085449219, 5%=-388.1000061035156, 10%=-355.20001220703125, 25%=-328.5, 50%=-304.0, 75%=-274.5, 90%=-268.0, 95%=-257.95001220703125, 98%=-253.8000030517578
ranking_best_algo: CMApara
ranking_best_score: 319.29999999999995
ranking_my_rank: 96/504 (81.2%)
ranking_my_percent: 81.15079365079364
