ConfigName: kjsd__advperagentrankweighted__M3__L24__eps0p007__g0p0005__ds0p05__dm0p2
Problem: QUBO
Kernel: jsd
Advantage: peragentrankweighted
M: 3
lambda: 24
epsilon_svgd: 0.007
gamma: 0.0005
decay_start_ratio: 0.05
decay_min_factor: 0.2
bandwith_kernel: None
no_interact: False
avg_score: -1293.8599853515625
median_score: -1293.0
std_score: 54.08918762207031
percentiles: 2%=-1408.1400146484375, 5%=-1384.3499755859375, 10%=-1370.0, 25%=-1325.0, 50%=-1293.0, 75%=-1255.75, 90%=-1223.0, 95%=-1206.9000244140625, 98%=-1190.800048828125
ranking_best_algo: BigLognormalDiscreteOnePlusOne
ranking_best_score: 1301.3600000000004
ranking_my_rank: 2/504 (99.8%)
ranking_my_percent: 99.8015873015873
