ConfigName: krbf__advnormalizedfitness__M3__L15__eps0p025__g0p01__ds0p05__dm0p05
Problem: QUBO
Kernel: rbf
Advantage: normalizedfitness
M: 3
lambda: 15
epsilon_svgd: 0.025
gamma: 0.01
decay_start_ratio: 0.05
decay_min_factor: 0.05
bandwith_kernel: None
no_interact: False
avg_score: -416.29998779296875
median_score: -416.0
std_score: 24.704452514648438
percentiles: 2%=-469.0799865722656, 5%=-457.20001220703125, 10%=-447.5, 25%=-431.0, 50%=-416.0, 75%=-396.0, 90%=-388.0, 95%=-384.8500061035156, 98%=-365.79998779296875
ranking_best_algo: Tabu
ranking_best_score: 438.12
ranking_my_rank: 45/504 (91.3%)
ranking_my_percent: 91.26984126984127
