ConfigName: kjsd__advperagentrankweighted__M5__L8__eps0p005__g0p0007__ds0p2__dm0p05
Problem: QUBO
Kernel: jsd
Advantage: peragentrankweighted
M: 5
lambda: 8
epsilon_svgd: 0.005
gamma: 0.0007
decay_start_ratio: 0.2
decay_min_factor: 0.05
bandwith_kernel: None
no_interact: False
avg_score: -918.1599731445312
median_score: -918.0
std_score: 63.256256103515625
percentiles: 2%=-1056.0799560546875, 5%=-1034.9000244140625, 10%=-996.9000244140625, 25%=-961.5, 50%=-918.0, 75%=-869.0, 90%=-834.7000122070312, 95%=-819.8499755859375, 98%=-809.9400024414062
ranking_best_algo: CMAL3
ranking_best_score: 928.5800000000002
ranking_my_rank: 10/504 (98.2%)
ranking_my_percent: 98.21428571428571
