ConfigName: kjsd__advperagentrankweighted__M3__L16__eps0p01__g0p003__ds0p1__dm0p05
Problem: NK
Kernel: jsd
Advantage: peragentrankweighted
M: 3
lambda: 16
epsilon_svgd: 0.01
gamma: 0.003
decay_start_ratio: 0.1
decay_min_factor: 0.05
bandwith_kernel: None
no_interact: False
avg_score: 0.7549495697021484
median_score: 0.7572649121284485
std_score: 0.013121172785758972
percentiles: 2%=0.7261506915092468, 5%=0.7299884557723999, 10%=0.7357571125030518, 25%=0.7467738389968872, 50%=0.7572649121284485, 75%=0.765184760093689, 90%=0.7707305550575256, 95%=0.7736985683441162, 98%=0.7768585681915283
ranking_best_algo: Tabu
ranking_best_score: 0.7657846284375001
ranking_my_rank: 7/504 (98.8%)
ranking_my_percent: 98.80952380952381
