ConfigName: kjsd__advperagentrankweighted__M5__L12__eps0p02__g0p0007__ds0p2__dm0p05
Problem: QUBO
Kernel: jsd
Advantage: peragentrankweighted
M: 5
lambda: 12
epsilon_svgd: 0.02
gamma: 0.0007
decay_start_ratio: 0.2
decay_min_factor: 0.05
bandwith_kernel: None
no_interact: False
avg_score: -1312.6600341796875
median_score: -1312.0
std_score: 56.139686584472656
percentiles: 2%=-1422.219970703125, 5%=-1401.8499755859375, 10%=-1384.4000244140625, 25%=-1343.25, 50%=-1312.0, 75%=-1280.5, 90%=-1233.800048828125, 95%=-1214.9000244140625, 98%=-1211.219970703125
ranking_best_algo: BigLognormalDiscreteOnePlusOne
ranking_best_score: 1301.3600000000004
ranking_my_rank: 1/504 (100.0%)
ranking_my_percent: 100.0
