ConfigName: kjsd__advperagentrankweighted__M5__L10__eps0p01__g0p0005__ds0p4__dm0p05
Problem: QUBO
Kernel: jsd
Advantage: peragentrankweighted
M: 5
lambda: 10
epsilon_svgd: 0.01
gamma: 0.0005
decay_start_ratio: 0.4
decay_min_factor: 0.05
bandwith_kernel: None
no_interact: False
avg_score: -914.47998046875
median_score: -917.0
std_score: 63.44721603393555
percentiles: 2%=-1023.5, 5%=-1006.1500244140625, 10%=-997.2000122070312, 25%=-961.5, 50%=-917.0, 75%=-873.0, 90%=-832.7000122070312, 95%=-811.0, 98%=-795.2000122070312
ranking_best_algo: CMAL3
ranking_best_score: 928.5800000000002
ranking_my_rank: 17/504 (96.8%)
ranking_my_percent: 96.82539682539682
