ConfigName: kjsd__advperagentrankweighted__M4__L12__eps0p005__g0p0003__ds0p05__dm0p05
Problem: QUBO
Kernel: jsd
Advantage: peragentrankweighted
M: 4
lambda: 12
epsilon_svgd: 0.005
gamma: 0.0003
decay_start_ratio: 0.05
decay_min_factor: 0.05
bandwith_kernel: None
no_interact: False
avg_score: -1310.0799560546875
median_score: -1301.0
std_score: 58.80317306518555
percentiles: 2%=-1437.1199951171875, 5%=-1424.050048828125, 10%=-1395.4000244140625, 25%=-1345.75, 50%=-1301.0, 75%=-1277.25, 90%=-1231.300048828125, 95%=-1217.0, 98%=-1212.9599609375
ranking_best_algo: BigLognormalDiscreteOnePlusOne
ranking_best_score: 1301.3600000000004
ranking_my_rank: 1/504 (100.0%)
ranking_my_percent: 100.0
