ConfigName: krbf__advglobalrankweighted__M4__L9__eps0p02__g0p007__ds0p01__dm0p01
Problem: QUBO
Kernel: rbf
Advantage: globalrankweighted
M: 4
lambda: 9
epsilon_svgd: 0.02
gamma: 0.007
decay_start_ratio: 0.01
decay_min_factor: 0.01
bandwith_kernel: None
no_interact: False
avg_score: -2489.52001953125
median_score: -2461.5
std_score: 155.87420654296875
percentiles: 2%=-2754.10009765625, 5%=-2736.10009765625, 10%=-2699.10009765625, 25%=-2643.5, 50%=-2461.5, 75%=-2381.75, 90%=-2278.0, 95%=-2245.2001953125, 98%=-2201.619873046875
ranking_best_algo: SVM1MetaModelLogNormal
ranking_best_score: 2605.14
ranking_my_rank: 66/504 (87.1%)
ranking_my_percent: 87.10317460317461
