ConfigName: kjsd__advperagentrankweighted__M5__L28__eps0p008__g0p0005__ds0p3__dm0p05
Problem: QUBO
Kernel: jsd
Advantage: peragentrankweighted
M: 5
lambda: 28
epsilon_svgd: 0.008
gamma: 0.0005
decay_start_ratio: 0.3
decay_min_factor: 0.05
bandwith_kernel: None
no_interact: False
avg_score: -442.6600036621094
median_score: -443.5
std_score: 25.716230392456055
percentiles: 2%=-485.0799865722656, 5%=-481.04998779296875, 10%=-473.0, 25%=-461.0, 50%=-443.5, 75%=-429.0, 90%=-403.8999938964844, 95%=-395.6000061035156, 98%=-384.9800109863281
ranking_best_algo: CMApara
ranking_best_score: 453.82
ranking_my_rank: 9/504 (98.4%)
ranking_my_percent: 98.41269841269842
