ConfigName: krbf__advnormalizedfitness__M3__L10__eps0p015__g0p005__ds0p15__dm0p3
Problem: QUBO
Kernel: rbf
Advantage: normalizedfitness
M: 3
lambda: 10
epsilon_svgd: 0.015
gamma: 0.005
decay_start_ratio: 0.15
decay_min_factor: 0.3
bandwith_kernel: None
no_interact: False
avg_score: -421.6199951171875
median_score: -421.5
std_score: 29.11109161376953
percentiles: 2%=-483.0, 5%=-477.20001220703125, 10%=-467.3999938964844, 25%=-434.0, 50%=-421.5, 75%=-405.75, 90%=-387.70001220703125, 95%=-377.6500244140625, 98%=-361.9599914550781
ranking_best_algo: CMAL3
ranking_best_score: 435.36
ranking_my_rank: 52/504 (89.9%)
ranking_my_percent: 89.88095238095238
