ConfigName: kjsd__advperagentrankweighted__M3__L20__eps0p01__g0p0005__ds0p2__dm0p05
Problem: NK
Kernel: jsd
Advantage: peragentrankweighted
M: 3
lambda: 20
epsilon_svgd: 0.01
gamma: 0.0005
decay_start_ratio: 0.2
decay_min_factor: 0.05
bandwith_kernel: None
no_interact: False
avg_score: 0.7452749609947205
median_score: 0.7452312707901001
std_score: 0.00933510810136795
percentiles: 2%=0.7287052273750305, 5%=0.7313402891159058, 10%=0.7345991134643555, 25%=0.7385546565055847, 50%=0.7452312707901001, 75%=0.7505121827125549, 90%=0.7574983835220337, 95%=0.7610937356948853, 98%=0.7669923305511475
ranking_best_algo: PBIL
ranking_best_score: 0.733570253046875
ranking_my_rank: 1/504 (100.0%)
ranking_my_percent: 100.0
