ConfigName: kjsd__advperagentrankweighted__M4__L12__eps0p01__g0p0007__ds0p2__dm0p05
Problem: QUBO
Kernel: jsd
Advantage: peragentrankweighted
M: 4
lambda: 12
epsilon_svgd: 0.01
gamma: 0.0007
decay_start_ratio: 0.2
decay_min_factor: 0.05
bandwith_kernel: None
no_interact: False
avg_score: -1196.97998046875
median_score: -1194.5
std_score: 59.11361312866211
percentiles: 2%=-1339.1600341796875, 5%=-1296.1500244140625, 10%=-1266.9000244140625, 25%=-1232.75, 50%=-1194.5, 75%=-1159.75, 90%=-1120.9000244140625, 95%=-1104.6500244140625, 98%=-1091.97998046875
ranking_best_algo: Tabu
ranking_best_score: 1216.16
ranking_my_rank: 46/504 (91.1%)
ranking_my_percent: 91.07142857142857
