ConfigName: krbf__advnormalizedfitness__M3__L12__eps0p033__g0p01__ds0p01__dm0p3
Problem: QUBO
Kernel: rbf
Advantage: normalizedfitness
M: 3
lambda: 12
epsilon_svgd: 0.033
gamma: 0.01
decay_start_ratio: 0.01
decay_min_factor: 0.3
bandwith_kernel: None
no_interact: False
avg_score: -1503.5999755859375
median_score: -1493.5
std_score: 86.28406524658203
percentiles: 2%=-1663.3599853515625, 5%=-1645.3499755859375, 10%=-1626.0999755859375, 25%=-1555.0, 50%=-1493.5, 75%=-1458.5, 90%=-1394.699951171875, 95%=-1363.4500732421875, 98%=-1350.9599609375
ranking_best_algo: NLOPT_LN_PRAXIS
ranking_best_score: 1607.12
ranking_my_rank: 76/504 (85.1%)
ranking_my_percent: 85.11904761904762
