ConfigName: kfr__advglobalrankweighted__M4__L24__eps0p03__g0p001__ds0p01__dm0p01
Problem: QUBO
Kernel: fr
Advantage: globalrankweighted
M: 4
lambda: 24
epsilon_svgd: 0.03
gamma: 0.001
decay_start_ratio: 0.01
decay_min_factor: 0.01
bandwith_kernel: None
no_interact: False
avg_score: -422.7200012207031
median_score: -421.0
std_score: 27.716447830200195
percentiles: 2%=-475.0799865722656, 5%=-467.1000061035156, 10%=-459.20001220703125, 25%=-440.75, 50%=-421.0, 75%=-407.0, 90%=-385.0, 95%=-374.95001220703125, 98%=-363.8399963378906
ranking_best_algo: CMAL3
ranking_best_score: 435.36
ranking_my_rank: 33/504 (93.7%)
ranking_my_percent: 93.65079365079364
