ConfigName: kjsd__advperagentrankweighted__M3__L18__eps0p01__g0p0005__ds0p2__dm0p05
Problem: NK
Kernel: jsd
Advantage: peragentrankweighted
M: 3
lambda: 18
epsilon_svgd: 0.01
gamma: 0.0005
decay_start_ratio: 0.2
decay_min_factor: 0.05
bandwith_kernel: None
no_interact: False
avg_score: 0.7058358192443848
median_score: 0.7081364393234253
std_score: 0.011760742403566837
percentiles: 2%=0.6858623027801514, 5%=0.6869868040084839, 10%=0.6909913420677185, 25%=0.6950589418411255, 50%=0.7081364393234253, 75%=0.7156137228012085, 90%=0.7200039029121399, 95%=0.7216610908508301, 98%=0.7236131429672241
ranking_best_algo: PBIL
ranking_best_score: 0.7013553837109374
ranking_my_rank: 1/504 (100.0%)
ranking_my_percent: 100.0
