ConfigName: krbf__advnormalizedfitness__M4__L15__eps0p033__g0p015__ds0p01__dm0p3
Problem: NK
Kernel: rbf
Advantage: normalizedfitness
M: 4
lambda: 15
epsilon_svgd: 0.033
gamma: 0.015
decay_start_ratio: 0.01
decay_min_factor: 0.3
bandwith_kernel: None
no_interact: False
avg_score: 0.704811692237854
median_score: 0.7042747139930725
std_score: 0.010613770224153996
percentiles: 2%=0.6858652234077454, 5%=0.6885220408439636, 10%=0.6908183097839355, 25%=0.6978592872619629, 50%=0.7042747139930725, 75%=0.7126321792602539, 90%=0.7193273305892944, 95%=0.723251461982727, 98%=0.7240551114082336
ranking_best_algo: PBIL
ranking_best_score: 0.730509098125
ranking_my_rank: 249/504 (50.8%)
ranking_my_percent: 50.79365079365079
