ConfigName: krbf__advnormalizedfitness__M3__L15__eps0p015__g0p01__ds0p3__dm0p3
Problem: NK
Kernel: rbf
Advantage: normalizedfitness
M: 3
lambda: 15
epsilon_svgd: 0.015
gamma: 0.01
decay_start_ratio: 0.3
decay_min_factor: 0.3
bandwith_kernel: None
no_interact: False
avg_score: 0.615851879119873
median_score: 0.6152377128601074
std_score: 0.008834108710289001
percentiles: 2%=0.5991311073303223, 5%=0.6019225716590881, 10%=0.6034272313117981, 25%=0.609463632106781, 50%=0.6152377128601074, 75%=0.6216667294502258, 90%=0.6285242438316345, 95%=0.630870521068573, 98%=0.6340419054031372
ranking_best_algo: PBIL
ranking_best_score: 0.733570253046875
ranking_my_rank: 338/504 (33.1%)
ranking_my_percent: 33.13492063492063
