ConfigName: krbf__advnormalizedfitness__M4__L15__eps0p015__g0p005__ds0p15__dm0p01
Problem: QUBO
Kernel: rbf
Advantage: normalizedfitness
M: 4
lambda: 15
epsilon_svgd: 0.015
gamma: 0.005
decay_start_ratio: 0.15
decay_min_factor: 0.01
bandwith_kernel: None
no_interact: False
avg_score: -1042.1600341796875
median_score: -1033.0
std_score: 88.37665557861328
percentiles: 2%=-1217.739990234375, 5%=-1185.050048828125, 10%=-1160.199951171875, 25%=-1106.0, 50%=-1033.0, 75%=-963.0, 90%=-934.9000244140625, 95%=-910.9500122070312, 98%=-906.719970703125
ranking_best_algo: SVMMetaModelLogNormal
ranking_best_score: 1233.7999999999997
ranking_my_rank: 203/504 (59.9%)
ranking_my_percent: 59.92063492063492
