ConfigName: krbf__advnormalizedfitness__M4__L8__eps0p025__g0p007__ds0p15__dm0p3
Problem: QUBO
Kernel: rbf
Advantage: normalizedfitness
M: 4
lambda: 8
epsilon_svgd: 0.025
gamma: 0.007
decay_start_ratio: 0.15
decay_min_factor: 0.3
bandwith_kernel: None
no_interact: False
avg_score: -2306.300048828125
median_score: -2296.0
std_score: 187.21803283691406
percentiles: 2%=-2674.860107421875, 5%=-2629.39990234375, 10%=-2567.800048828125, 25%=-2424.0, 50%=-2296.0, 75%=-2173.75, 90%=-2054.89990234375, 95%=-2039.4000244140625, 98%=-1998.97998046875
ranking_best_algo: SVM1MetaModelLogNormal
ranking_best_score: 2605.14
ranking_my_rank: 155/504 (69.4%)
ranking_my_percent: 69.44444444444444
