ConfigName: kfr__advglobalrankweighted__M4__L5__eps0p01__g0p003__ds0p01__dm0p01
Problem: NK
Kernel: fr
Advantage: globalrankweighted
M: 4
lambda: 5
epsilon_svgd: 0.01
gamma: 0.003
decay_start_ratio: 0.01
decay_min_factor: 0.01
bandwith_kernel: None
no_interact: False
avg_score: 0.737311601638794
median_score: 0.738872766494751
std_score: 0.008841928094625473
percentiles: 2%=0.7183855772018433, 5%=0.720618724822998, 10%=0.7224640846252441, 25%=0.731674075126648, 50%=0.738872766494751, 75%=0.7447843551635742, 90%=0.7471908926963806, 95%=0.7489453554153442, 98%=0.7496746778488159
ranking_best_algo: PBIL
ranking_best_score: 0.7248786399609374
ranking_my_rank: 1/504 (100.0%)
ranking_my_percent: 100.0
