ConfigName: kjsd__advperagentrankweighted__M6__L10__eps0p02__g0p0005__ds0p05__dm0p05
Problem: QUBO
Kernel: jsd
Advantage: peragentrankweighted
M: 6
lambda: 10
epsilon_svgd: 0.02
gamma: 0.0005
decay_start_ratio: 0.05
decay_min_factor: 0.05
bandwith_kernel: None
no_interact: False
avg_score: -947.9600219726562
median_score: -952.0
std_score: 66.75850677490234
percentiles: 2%=-1068.0799560546875, 5%=-1065.1500244140625, 10%=-1039.300048828125, 25%=-1000.25, 50%=-952.0, 75%=-896.75, 90%=-856.5999755859375, 95%=-846.5, 98%=-824.9600219726562
ranking_best_algo: CMApara
ranking_best_score: 964.9
ranking_my_rank: 2/504 (99.8%)
ranking_my_percent: 99.8015873015873
