ConfigName: kjsd__advperagentrankweighted__M5__L12__eps0p02__g0p0003__ds0p05__dm0p05
Problem: QUBO
Kernel: jsd
Advantage: peragentrankweighted
M: 5
lambda: 12
epsilon_svgd: 0.02
gamma: 0.0003
decay_start_ratio: 0.05
decay_min_factor: 0.05
bandwith_kernel: None
no_interact: False
avg_score: -940.97998046875
median_score: -937.5
std_score: 61.604705810546875
percentiles: 2%=-1064.0799560546875, 5%=-1048.0999755859375, 10%=-1027.199951171875, 25%=-980.25, 50%=-937.5, 75%=-898.0, 90%=-862.7999877929688, 95%=-850.3499755859375, 98%=-832.760009765625
ranking_best_algo: CMApara
ranking_best_score: 964.9
ranking_my_rank: 5/504 (99.2%)
ranking_my_percent: 99.2063492063492
