ConfigName: krbf__advnormalizedfitness__M4__L10__eps0p025__g0p01__ds0p01__dm0p01
Problem: NK
Kernel: rbf
Advantage: normalizedfitness
M: 4
lambda: 10
epsilon_svgd: 0.025
gamma: 0.01
decay_start_ratio: 0.01
decay_min_factor: 0.01
bandwith_kernel: None
no_interact: False
avg_score: 0.7375433444976807
median_score: 0.7392097115516663
std_score: 0.008887884207069874
percentiles: 2%=0.7180159091949463, 5%=0.7211982011795044, 10%=0.7232374548912048, 25%=0.7317706346511841, 50%=0.7392097115516663, 75%=0.7445731163024902, 90%=0.7465686798095703, 95%=0.7499156594276428, 98%=0.7507401704788208
ranking_best_algo: PBIL
ranking_best_score: 0.730509098125
ranking_my_rank: 1/504 (100.0%)
ranking_my_percent: 100.0
