ConfigName: kjsd__advperagentrankweighted__M4__L8__eps0p03__g0p0003__ds0p05__dm0p05
Problem: NK
Kernel: jsd
Advantage: peragentrankweighted
M: 4
lambda: 8
epsilon_svgd: 0.03
gamma: 0.0003
decay_start_ratio: 0.05
decay_min_factor: 0.05
bandwith_kernel: None
no_interact: False
avg_score: 0.7194103002548218
median_score: 0.7202916145324707
std_score: 0.012084316462278366
percentiles: 2%=0.6951853036880493, 5%=0.7015283107757568, 10%=0.7032533884048462, 25%=0.7108742594718933, 50%=0.7202916145324707, 75%=0.7283815741539001, 90%=0.7345503568649292, 95%=0.7378453612327576, 98%=0.7402059435844421
ranking_best_algo: Tabu
ranking_best_score: 0.7470791764843752
ranking_my_rank: 201/504 (60.3%)
ranking_my_percent: 60.317460317460316
