ConfigName: krbf__advnormalizedfitness__M3__L10__eps0p025__g0p005__ds0p15__dm0p3
Problem: QUBO
Kernel: rbf
Advantage: normalizedfitness
M: 3
lambda: 10
epsilon_svgd: 0.025
gamma: 0.005
decay_start_ratio: 0.15
decay_min_factor: 0.3
bandwith_kernel: None
no_interact: False
avg_score: -2588.300048828125
median_score: -2584.0
std_score: 135.6077880859375
percentiles: 2%=-2832.260009765625, 5%=-2802.14990234375, 10%=-2775.699951171875, 25%=-2696.25, 50%=-2584.0, 75%=-2505.5, 90%=-2398.699951171875, 95%=-2370.35009765625, 98%=-2320.5
ranking_best_algo: DiscreteLengler2OnePlusOne
ranking_best_score: 2617.04
ranking_my_rank: 42/504 (91.9%)
ranking_my_percent: 91.86507936507937
