ConfigName: kjsd__advperagentrankweighted__M5__L24__eps0p02__g0p0005__ds0p2__dm0p05
Problem: NK
Kernel: jsd
Advantage: peragentrankweighted
M: 5
lambda: 24
epsilon_svgd: 0.02
gamma: 0.0005
decay_start_ratio: 0.2
decay_min_factor: 0.05
bandwith_kernel: None
no_interact: False
avg_score: 0.7540686726570129
median_score: 0.7561192512512207
std_score: 0.014244774356484413
percentiles: 2%=0.7209553718566895, 5%=0.72629714012146, 10%=0.7353596091270447, 25%=0.7461208701133728, 50%=0.7561192512512207, 75%=0.7640798091888428, 90%=0.7692053318023682, 95%=0.7765513062477112, 98%=0.7796257734298706
ranking_best_algo: Tabu
ranking_best_score: 0.7657846284375001
ranking_my_rank: 7/504 (98.8%)
ranking_my_percent: 98.80952380952381
