ConfigName: krbf__advnormalizedfitness__M3__L12__eps0p033__g0p007__ds0p3__dm0p3
Problem: QUBO
Kernel: rbf
Advantage: normalizedfitness
M: 3
lambda: 12
epsilon_svgd: 0.033
gamma: 0.007
decay_start_ratio: 0.3
decay_min_factor: 0.3
bandwith_kernel: None
no_interact: False
avg_score: -138.66000366210938
median_score: -140.0
std_score: 12.467734336853027
percentiles: 2%=-159.0, 5%=-158.0, 10%=-155.1999969482422, 25%=-148.25, 50%=-140.0, 75%=-130.0, 90%=-122.9000015258789, 95%=-120.80001831054688, 98%=-113.93998718261719
ranking_best_algo: DiscreteDE
ranking_best_score: 143.4
ranking_my_rank: 97/504 (81.0%)
ranking_my_percent: 80.95238095238095
