ConfigName: krbf__advnormalizedfitness__M1__L10__eps0p015__g0p005__ds0p15__dm0p01
Problem: NK
Kernel: rbf
Advantage: normalizedfitness
M: 1
lambda: 10
epsilon_svgd: 0.015
gamma: 0.005
decay_start_ratio: 0.15
decay_min_factor: 0.01
bandwith_kernel: None
no_interact: False
avg_score: 0.7277894020080566
median_score: 0.727753758430481
std_score: 0.012603632174432278
percentiles: 2%=0.7043349742889404, 5%=0.7095438241958618, 10%=0.7110484838485718, 25%=0.717426061630249, 50%=0.727753758430481, 75%=0.7364649176597595, 90%=0.7436739206314087, 95%=0.7452195882797241, 98%=0.7522218823432922
ranking_best_algo: Tabu
ranking_best_score: 0.7429702712499999
ranking_my_rank: 2/504 (99.8%)
ranking_my_percent: 99.8015873015873
