ConfigName: kjsd__advperagentrankweighted__M3__L16__eps0p005__g0p0005__ds0p1__dm0p2
Problem: QUBO
Kernel: jsd
Advantage: peragentrankweighted
M: 3
lambda: 16
epsilon_svgd: 0.005
gamma: 0.0005
decay_start_ratio: 0.1
decay_min_factor: 0.2
bandwith_kernel: None
no_interact: False
avg_score: -425.1400146484375
median_score: -424.5
std_score: 26.80411148071289
percentiles: 2%=-475.0400085449219, 5%=-471.0, 10%=-461.5, 25%=-445.5, 50%=-424.5, 75%=-403.0, 90%=-391.0, 95%=-384.95001220703125, 98%=-381.7200012207031
ranking_best_algo: CMAL3
ranking_best_score: 435.36
ranking_my_rank: 29/504 (94.4%)
ranking_my_percent: 94.44444444444444
