ConfigName: kjsd__advperagentrankweighted__M3__L20__eps0p005__g0p001__ds0p05__dm0p2
Problem: NK
Kernel: jsd
Advantage: peragentrankweighted
M: 3
lambda: 20
epsilon_svgd: 0.005
gamma: 0.001
decay_start_ratio: 0.05
decay_min_factor: 0.2
bandwith_kernel: None
no_interact: False
avg_score: 0.7559955716133118
median_score: 0.7557326555252075
std_score: 0.01299156341701746
percentiles: 2%=0.733247697353363, 5%=0.7368994951248169, 10%=0.7401829957962036, 25%=0.7466670870780945, 50%=0.7557326555252075, 75%=0.7641822099685669, 90%=0.7736639380455017, 95%=0.7774990797042847, 98%=0.7802641987800598
ranking_best_algo: Tabu
ranking_best_score: 0.7470791764843752
ranking_my_rank: 1/504 (100.0%)
ranking_my_percent: 100.0
