ConfigName: kjsd__advperagentrankweighted__M4__L24__eps0p01__g0p0005__ds0p4__dm0p05
Problem: NK
Kernel: jsd
Advantage: peragentrankweighted
M: 4
lambda: 24
epsilon_svgd: 0.01
gamma: 0.0005
decay_start_ratio: 0.4
decay_min_factor: 0.05
bandwith_kernel: None
no_interact: False
avg_score: 0.7427852749824524
median_score: 0.7426398992538452
std_score: 0.012348637916147709
percentiles: 2%=0.7208372950553894, 5%=0.7247663140296936, 10%=0.7294619083404541, 25%=0.7351193428039551, 50%=0.7426398992538452, 75%=0.750602126121521, 90%=0.7583350539207458, 95%=0.7629415392875671, 98%=0.7664041519165039
ranking_best_algo: Tabu
ranking_best_score: 0.7601875690625
ranking_my_rank: 10/504 (98.2%)
ranking_my_percent: 98.21428571428571
