ConfigName: krbf__advnormalizedfitness__M4__L15__eps0p025__g0p01__ds0p3__dm0p01
Problem: QUBO
Kernel: rbf
Advantage: normalizedfitness
M: 4
lambda: 15
epsilon_svgd: 0.025
gamma: 0.01
decay_start_ratio: 0.3
decay_min_factor: 0.01
bandwith_kernel: None
no_interact: False
avg_score: -2029.06005859375
median_score: -2034.5
std_score: 193.6164093017578
percentiles: 2%=-2384.080078125, 5%=-2332.0, 10%=-2260.699951171875, 25%=-2169.75, 50%=-2034.5, 75%=-1880.25, 90%=-1774.800048828125, 95%=-1742.5001220703125, 98%=-1672.999755859375
ranking_best_algo: DiscreteLengler2OnePlusOne
ranking_best_score: 2617.04
ranking_my_rank: 273/504 (46.0%)
ranking_my_percent: 46.03174603174603
