ConfigName: krbf__advnormalizedfitness__M4__L8__eps0p015__g0p01__ds0p15__dm0p3
Problem: QUBO
Kernel: rbf
Advantage: normalizedfitness
M: 4
lambda: 8
epsilon_svgd: 0.015
gamma: 0.01
decay_start_ratio: 0.15
decay_min_factor: 0.3
bandwith_kernel: None
no_interact: False
avg_score: -801.8200073242188
median_score: -789.5
std_score: 104.21221923828125
percentiles: 2%=-1052.4599609375, 5%=-1000.0, 10%=-936.4000244140625, 25%=-862.25, 50%=-789.5, 75%=-725.0, 90%=-669.5, 95%=-646.9000244140625, 98%=-636.9199829101562
ranking_best_algo: NLOPT_LN_PRAXIS
ranking_best_score: 1607.12
ranking_my_rank: 338/504 (33.1%)
ranking_my_percent: 33.13492063492063
