ConfigName: kjsd__advperagentrankweighted__M3__L20__eps0p005__g0p0007__ds0p05__dm0p1
Problem: NK
Kernel: jsd
Advantage: peragentrankweighted
M: 3
lambda: 20
epsilon_svgd: 0.005
gamma: 0.0007
decay_start_ratio: 0.05
decay_min_factor: 0.1
bandwith_kernel: None
no_interact: False
avg_score: 0.7358155846595764
median_score: 0.7367052435874939
std_score: 0.00868243258446455
percentiles: 2%=0.716212272644043, 5%=0.7198047637939453, 10%=0.7236672639846802, 25%=0.7296438217163086, 50%=0.7367052435874939, 75%=0.7429947853088379, 90%=0.746005654335022, 95%=0.7478330731391907, 98%=0.7486585378646851
ranking_best_algo: PBIL
ranking_best_score: 0.7248786399609374
ranking_my_rank: 1/504 (100.0%)
ranking_my_percent: 100.0
