ConfigName: krbf__advnormalizedfitness__M1__L8__eps0p033__g0p005__ds0p15__dm0p01
Problem: QUBO
Kernel: rbf
Advantage: normalizedfitness
M: 1
lambda: 8
epsilon_svgd: 0.033
gamma: 0.005
decay_start_ratio: 0.15
decay_min_factor: 0.01
bandwith_kernel: None
no_interact: False
avg_score: -537.1199951171875
median_score: -539.0
std_score: 62.61936950683594
percentiles: 2%=-609.219970703125, 5%=-589.5499877929688, 10%=-585.0, 25%=-565.25, 50%=-539.0, 75%=-521.0, 90%=-501.8999938964844, 95%=-492.6500244140625, 98%=-471.7199401855469
ranking_best_algo: Tabu
ranking_best_score: 588.7199999999999
ranking_my_rank: 182/503 (64.0%)
ranking_my_percent: 64.01590457256461
