ConfigName: kjsd__advperagentrankweighted__M3__L16__eps0p005__g0p003__ds0p05__dm0p2
Problem: QUBO
Kernel: jsd
Advantage: peragentrankweighted
M: 3
lambda: 16
epsilon_svgd: 0.005
gamma: 0.003
decay_start_ratio: 0.05
decay_min_factor: 0.2
bandwith_kernel: None
no_interact: False
avg_score: -1028.199951171875
median_score: -1030.0
std_score: 76.37342834472656
percentiles: 2%=-1158.1199951171875, 5%=-1150.050048828125, 10%=-1135.199951171875, 25%=-1082.0, 50%=-1030.0, 75%=-978.0, 90%=-924.7999877929688, 95%=-893.0, 98%=-880.9600219726562
ranking_best_algo: SVMMetaModelLogNormal
ranking_best_score: 1233.7999999999997
ranking_my_rank: 215/504 (57.5%)
ranking_my_percent: 57.53968253968254
