ConfigName: kjsd__advperagentrankweighted__M3__L16__eps0p005__g0p003__ds0p2__dm0p1
Problem: NK
Kernel: jsd
Advantage: peragentrankweighted
M: 3
lambda: 16
epsilon_svgd: 0.005
gamma: 0.003
decay_start_ratio: 0.2
decay_min_factor: 0.1
bandwith_kernel: None
no_interact: False
avg_score: 0.7013203501701355
median_score: 0.7028314471244812
std_score: 0.012412415817379951
percentiles: 2%=0.6789603233337402, 5%=0.6840238571166992, 10%=0.6865010261535645, 25%=0.6898375153541565, 50%=0.7028314471244812, 75%=0.7118926048278809, 90%=0.7162381410598755, 95%=0.7194864153862, 98%=0.7208523750305176
ranking_best_algo: PBIL
ranking_best_score: 0.7013553837109374
ranking_my_rank: 2/504 (99.8%)
ranking_my_percent: 99.8015873015873
