ConfigName: kfr__advglobalrankweighted__M6__L8__eps0p015__g0p005__ds0p01__dm0p01
Problem: QUBO
Kernel: fr
Advantage: globalrankweighted
M: 6
lambda: 8
epsilon_svgd: 0.015
gamma: 0.005
decay_start_ratio: 0.01
decay_min_factor: 0.01
bandwith_kernel: None
no_interact: False
avg_score: -421.8399963378906
median_score: -421.5
std_score: 26.616058349609375
percentiles: 2%=-473.0, 5%=-467.1000061035156, 10%=-463.0, 25%=-438.5, 50%=-421.5, 75%=-401.75, 90%=-388.8999938964844, 95%=-381.95001220703125, 98%=-376.91998291015625
ranking_best_algo: CMAL3
ranking_best_score: 435.36
ranking_my_rank: 47/504 (90.9%)
ranking_my_percent: 90.87301587301587
