ConfigName: kjsd__advperagentrankweighted__M3__L18__eps0p005__g0p003__ds0p1__dm0p2
Problem: QUBO
Kernel: jsd
Advantage: peragentrankweighted
M: 3
lambda: 18
epsilon_svgd: 0.005
gamma: 0.003
decay_start_ratio: 0.1
decay_min_factor: 0.2
bandwith_kernel: None
no_interact: False
avg_score: -1985.3800048828125
median_score: -1984.0
std_score: 146.01168823242188
percentiles: 2%=-2229.0400390625, 5%=-2205.60009765625, 10%=-2175.5, 25%=-2081.25, 50%=-1984.0, 75%=-1887.25, 90%=-1760.4000244140625, 95%=-1729.800048828125, 98%=-1683.93994140625
ranking_best_algo: SVM1MetaModelLogNormal
ranking_best_score: 2605.14
ranking_my_rank: 283/504 (44.0%)
ranking_my_percent: 44.04761904761905
