ConfigName: kjsd__advperagentrankweighted__M4__L30__eps0p005__g0p0003__ds0p05__dm0p05
Problem: NK
Kernel: jsd
Advantage: peragentrankweighted
M: 4
lambda: 30
epsilon_svgd: 0.005
gamma: 0.0003
decay_start_ratio: 0.05
decay_min_factor: 0.05
bandwith_kernel: None
no_interact: False
avg_score: 0.7485765218734741
median_score: 0.7492602467536926
std_score: 0.00988089945167303
percentiles: 2%=0.7299128174781799, 5%=0.7332525253295898, 10%=0.7358753085136414, 25%=0.7420902252197266, 50%=0.7492602467536926, 75%=0.7553768754005432, 90%=0.759198009967804, 95%=0.7622562050819397, 98%=0.7646836638450623
ranking_best_algo: PBIL
ranking_best_score: 0.733570253046875
ranking_my_rank: 1/504 (100.0%)
ranking_my_percent: 100.0
