ConfigName: kjsd__advperagentrankweighted__M5__L8__eps0p01__g0p0005__ds0p2__dm0p05
Problem: NK
Kernel: jsd
Advantage: peragentrankweighted
M: 5
lambda: 8
epsilon_svgd: 0.01
gamma: 0.0005
decay_start_ratio: 0.2
decay_min_factor: 0.05
bandwith_kernel: None
no_interact: False
avg_score: 0.728229820728302
median_score: 0.7264841794967651
std_score: 0.009435064159333706
percentiles: 2%=0.7131198644638062, 5%=0.7151027321815491, 10%=0.7166643738746643, 25%=0.7210210561752319, 50%=0.7264841794967651, 75%=0.7345141768455505, 90%=0.7406402826309204, 95%=0.7443995475769043, 98%=0.7476950883865356
ranking_best_algo: Tabu
ranking_best_score: 0.7429702712499999
ranking_my_rank: 2/504 (99.8%)
ranking_my_percent: 99.8015873015873
