ConfigName: kjsd__advperagentrankweighted__M5__L10__eps0p008__g0p0005__ds0p3__dm0p05
Problem: NK
Kernel: jsd
Advantage: peragentrankweighted
M: 5
lambda: 10
epsilon_svgd: 0.008
gamma: 0.0005
decay_start_ratio: 0.3
decay_min_factor: 0.05
bandwith_kernel: None
no_interact: False
avg_score: 0.7436401844024658
median_score: 0.7436859607696533
std_score: 0.00804923940449953
percentiles: 2%=0.7298986315727234, 5%=0.7311925292015076, 10%=0.7323880791664124, 25%=0.7377108335494995, 50%=0.7436859607696533, 75%=0.7489299774169922, 90%=0.7548569440841675, 95%=0.7562519311904907, 98%=0.758601188659668
ranking_best_algo: PBIL
ranking_best_score: 0.733570253046875
ranking_my_rank: 1/504 (100.0%)
ranking_my_percent: 100.0
