ConfigName: kjsd__advperagentrankweighted__M3__L18__eps0p007__g0p001__ds0p05__dm0p1
Problem: NK
Kernel: jsd
Advantage: peragentrankweighted
M: 3
lambda: 18
epsilon_svgd: 0.007
gamma: 0.001
decay_start_ratio: 0.05
decay_min_factor: 0.1
bandwith_kernel: None
no_interact: False
avg_score: 0.7074937224388123
median_score: 0.7098233103752136
std_score: 0.011693204753100872
percentiles: 2%=0.6885589361190796, 5%=0.6889298558235168, 10%=0.6917679905891418, 25%=0.6957811117172241, 50%=0.7098233103752136, 75%=0.7175332903862, 90%=0.7210307121276855, 95%=0.7232431173324585, 98%=0.7241835594177246
ranking_best_algo: PBIL
ranking_best_score: 0.7013553837109374
ranking_my_rank: 1/504 (100.0%)
ranking_my_percent: 100.0
