ConfigName: kjsd__advperagentrankweighted__M4__L20__eps0p007__g0p0005__ds0p2__dm0p2
Problem: QUBO
Kernel: jsd
Advantage: peragentrankweighted
M: 4
lambda: 20
epsilon_svgd: 0.007
gamma: 0.0005
decay_start_ratio: 0.2
decay_min_factor: 0.2
bandwith_kernel: None
no_interact: False
avg_score: -914.6799926757812
median_score: -918.0
std_score: 62.68618392944336
percentiles: 2%=-1035.260009765625, 5%=-1010.4500122070312, 10%=-997.0, 25%=-957.5, 50%=-918.0, 75%=-868.5, 90%=-826.9000244140625, 95%=-817.4500122070312, 98%=-796.7999877929688
ranking_best_algo: CMAL3
ranking_best_score: 928.5800000000002
ranking_my_rank: 17/504 (96.8%)
ranking_my_percent: 96.82539682539682
