ConfigName: krbf__advnormalizedfitness__M3__L24__eps0p025__g0p005__ds0p05__dm0p05
Problem: NK
Kernel: rbf
Advantage: normalizedfitness
M: 3
lambda: 24
epsilon_svgd: 0.025
gamma: 0.005
decay_start_ratio: 0.05
decay_min_factor: 0.05
bandwith_kernel: None
no_interact: False
avg_score: 0.7068004608154297
median_score: 0.7080941796302795
std_score: 0.011791609227657318
percentiles: 2%=0.6868497729301453, 5%=0.6882651448249817, 10%=0.6926738023757935, 25%=0.6954472064971924, 50%=0.7080941796302795, 75%=0.7170886993408203, 90%=0.7210693359375, 95%=0.722864031791687, 98%=0.7242786288261414
ranking_best_algo: PBIL
ranking_best_score: 0.7013553837109374
ranking_my_rank: 1/504 (100.0%)
ranking_my_percent: 100.0
