ConfigName: krbf__advnormalizedfitness__M4__L8__eps0p033__g0p005__ds0p01__dm0p01
Problem: QUBO
Kernel: rbf
Advantage: normalizedfitness
M: 4
lambda: 8
epsilon_svgd: 0.033
gamma: 0.005
decay_start_ratio: 0.01
decay_min_factor: 0.01
bandwith_kernel: None
no_interact: False
avg_score: -308.79998779296875
median_score: -311.0
std_score: 39.349205017089844
percentiles: 2%=-394.0400085449219, 5%=-386.20001220703125, 10%=-353.79998779296875, 25%=-334.5, 50%=-311.0, 75%=-273.75, 90%=-259.0, 95%=-254.95001220703125, 98%=-249.95999145507812
ranking_best_algo: CMApara
ranking_best_score: 319.29999999999995
ranking_my_rank: 87/504 (82.9%)
ranking_my_percent: 82.93650793650794
