ConfigName: krbf__advnormalizedfitness__M1__L8__eps0p025__g0p015__ds0p3__dm0p01
Problem: QUBO
Kernel: rbf
Advantage: normalizedfitness
M: 1
lambda: 8
epsilon_svgd: 0.025
gamma: 0.015
decay_start_ratio: 0.3
decay_min_factor: 0.01
bandwith_kernel: None
no_interact: False
avg_score: -2594.52001953125
median_score: -2571.0
std_score: 125.23757934570312
percentiles: 2%=-2821.219970703125, 5%=-2794.199951171875, 10%=-2764.199951171875, 25%=-2687.5, 50%=-2571.0, 75%=-2506.5, 90%=-2447.60009765625, 95%=-2431.800048828125, 98%=-2347.800048828125
ranking_best_algo: DiscreteLengler2OnePlusOne
ranking_best_score: 2617.04
ranking_my_rank: 37/504 (92.9%)
ranking_my_percent: 92.85714285714286
