ConfigName: kjsd__advperagentrankweighted__M6__L10__eps0p005__g0p0005__ds0p3__dm0p05
Problem: NK
Kernel: jsd
Advantage: peragentrankweighted
M: 6
lambda: 10
epsilon_svgd: 0.005
gamma: 0.0005
decay_start_ratio: 0.3
decay_min_factor: 0.05
bandwith_kernel: None
no_interact: False
avg_score: 0.7268989682197571
median_score: 0.7235276699066162
std_score: 0.011829511262476444
percentiles: 2%=0.7105255126953125, 5%=0.7125301361083984, 10%=0.7144784331321716, 25%=0.7176374197006226, 50%=0.7235276699066162, 75%=0.7344147562980652, 90%=0.7442436218261719, 95%=0.7471954226493835, 98%=0.7538326382637024
ranking_best_algo: Tabu
ranking_best_score: 0.7429702712499999
ranking_my_rank: 2/504 (99.8%)
ranking_my_percent: 99.8015873015873
