ConfigName: kjsd__advperagentrankweighted__M4__L24__eps0p03__g0p0003__ds0p05__dm0p05
Problem: QUBO
Kernel: jsd
Advantage: peragentrankweighted
M: 4
lambda: 24
epsilon_svgd: 0.03
gamma: 0.0003
decay_start_ratio: 0.05
decay_min_factor: 0.05
bandwith_kernel: None
no_interact: False
avg_score: -896.260009765625
median_score: -897.5
std_score: 61.163002014160156
percentiles: 2%=-1012.239990234375, 5%=-995.4500122070312, 10%=-979.4000244140625, 25%=-938.0, 50%=-897.5, 75%=-849.5, 90%=-816.0999755859375, 95%=-787.9500122070312, 98%=-786.6400146484375
ranking_best_algo: CMAL3
ranking_best_score: 928.5800000000002
ranking_my_rank: 84/504 (83.5%)
ranking_my_percent: 83.53174603174604
