ConfigName: krbf__advnormalizedfitness__M2__L10__eps0p033__g0p005__ds0p3__dm0p01
Problem: QUBO
Kernel: rbf
Advantage: normalizedfitness
M: 2
lambda: 10
epsilon_svgd: 0.033
gamma: 0.005
decay_start_ratio: 0.3
decay_min_factor: 0.01
bandwith_kernel: None
no_interact: False
avg_score: -1222.4599609375
median_score: -1215.5
std_score: 60.804344177246094
percentiles: 2%=-1371.06005859375, 5%=-1347.0, 10%=-1311.300048828125, 25%=-1253.5, 50%=-1215.5, 75%=-1183.0, 90%=-1147.0, 95%=-1138.550048828125, 98%=-1122.760009765625
ranking_best_algo: SVMMetaModelLogNormal
ranking_best_score: 1233.7999999999997
ranking_my_rank: 16/504 (97.0%)
ranking_my_percent: 97.02380952380952
