ConfigName: krbf__advnormalizedfitness__M1__L8__eps0p025__g0p015__ds0p15__dm0p01
Problem: QUBO
Kernel: rbf
Advantage: normalizedfitness
M: 1
lambda: 8
epsilon_svgd: 0.025
gamma: 0.015
decay_start_ratio: 0.15
decay_min_factor: 0.01
bandwith_kernel: None
no_interact: False
avg_score: -406.5400085449219
median_score: -406.0
std_score: 30.385332107543945
percentiles: 2%=-473.0400085449219, 5%=-451.1499938964844, 10%=-445.20001220703125, 25%=-427.25, 50%=-406.0, 75%=-384.0, 90%=-370.0, 95%=-360.0, 98%=-341.8399658203125
ranking_best_algo: Tabu
ranking_best_score: 438.12
ranking_my_rank: 160/504 (68.5%)
ranking_my_percent: 68.45238095238095
