ConfigName: kjsd__advperagentrankweighted__M4__L10__eps0p02__g0p0005__ds0p05__dm0p05
Problem: NK
Kernel: jsd
Advantage: peragentrankweighted
M: 4
lambda: 10
epsilon_svgd: 0.02
gamma: 0.0005
decay_start_ratio: 0.05
decay_min_factor: 0.05
bandwith_kernel: None
no_interact: False
avg_score: 0.7317720055580139
median_score: 0.7309844493865967
std_score: 0.010065557435154915
percentiles: 2%=0.7138623595237732, 5%=0.7164616584777832, 10%=0.7177788019180298, 25%=0.7259371280670166, 50%=0.7309844493865967, 75%=0.7366423606872559, 90%=0.7472256422042847, 95%=0.7501516342163086, 98%=0.7531396746635437
ranking_best_algo: PBIL
ranking_best_score: 0.733570253046875
ranking_my_rank: 2/504 (99.8%)
ranking_my_percent: 99.8015873015873
