ConfigName: krbf__advnormalizedfitness__M4__L8__eps0p025__g0p015__ds0p3__dm0p3
Problem: QUBO
Kernel: rbf
Advantage: normalizedfitness
M: 4
lambda: 8
epsilon_svgd: 0.025
gamma: 0.015
decay_start_ratio: 0.3
decay_min_factor: 0.3
bandwith_kernel: None
no_interact: False
avg_score: -826.1799926757812
median_score: -831.0
std_score: 64.21236419677734
percentiles: 2%=-959.5599975585938, 5%=-944.0, 10%=-903.4000244140625, 25%=-864.25, 50%=-831.0, 75%=-788.5, 90%=-746.4000244140625, 95%=-716.8500366210938, 98%=-710.35986328125
ranking_best_algo: SVMMetaModelLogNormal
ranking_best_score: 1233.7999999999997
ranking_my_rank: 324/504 (35.9%)
ranking_my_percent: 35.91269841269841
