ConfigName: krbf__advnormalizedfitness__M3__L15__eps0p033__g0p01__ds0p01__dm0p3
Problem: NK
Kernel: rbf
Advantage: normalizedfitness
M: 3
lambda: 15
epsilon_svgd: 0.033
gamma: 0.01
decay_start_ratio: 0.01
decay_min_factor: 0.3
bandwith_kernel: None
no_interact: False
avg_score: 0.7359496355056763
median_score: 0.7373826503753662
std_score: 0.008530932478606701
percentiles: 2%=0.7196807861328125, 5%=0.7223702073097229, 10%=0.723927915096283, 25%=0.7307104468345642, 50%=0.7373826503753662, 75%=0.7424348592758179, 90%=0.7460022568702698, 95%=0.7489141225814819, 98%=0.7500312924385071
ranking_best_algo: PBIL
ranking_best_score: 0.730509098125
ranking_my_rank: 1/504 (100.0%)
ranking_my_percent: 100.0
