ConfigName: kjsd__advperagentrankweighted__M10__L28__eps0p008__g0p0005__ds0p3__dm0p05
Problem: QUBO
Kernel: jsd
Advantage: peragentrankweighted
M: 10
lambda: 28
epsilon_svgd: 0.008
gamma: 0.0005
decay_start_ratio: 0.3
decay_min_factor: 0.05
bandwith_kernel: None
no_interact: False
avg_score: -148.8800048828125
median_score: -147.5
std_score: 12.635885238647461
percentiles: 2%=-179.0, 5%=-179.0, 10%=-164.3000030517578, 25%=-155.0, 50%=-147.5, 75%=-141.0, 90%=-135.0, 95%=-132.89999389648438, 98%=-126.95999908447266
ranking_best_algo: CMApara
ranking_best_score: 154.28
ranking_my_rank: 82/504 (83.9%)
ranking_my_percent: 83.92857142857143
