ConfigName: kjsd__advperagentrankweighted__M3__L30__eps0p005__g0p0005__ds0p05__dm0p05
Problem: QUBO
Kernel: jsd
Advantage: peragentrankweighted
M: 3
lambda: 30
epsilon_svgd: 0.005
gamma: 0.0005
decay_start_ratio: 0.05
decay_min_factor: 0.05
bandwith_kernel: None
no_interact: False
avg_score: -1307.52001953125
median_score: -1308.5
std_score: 53.18486022949219
percentiles: 2%=-1414.06005859375, 5%=-1396.449951171875, 10%=-1375.9000244140625, 25%=-1343.0, 50%=-1308.5, 75%=-1277.0, 90%=-1239.0, 95%=-1218.699951171875, 98%=-1194.8800048828125
ranking_best_algo: BigLognormalDiscreteOnePlusOne
ranking_best_score: 1301.3600000000004
ranking_my_rank: 1/504 (100.0%)
ranking_my_percent: 100.0
