ConfigName: kjsd__advperagentrankweighted__M4__L8__eps0p006__g0p0005__ds0p05__dm0p05
Problem: QUBO
Kernel: jsd
Advantage: peragentrankweighted
M: 4
lambda: 8
epsilon_svgd: 0.006
gamma: 0.0005
decay_start_ratio: 0.05
decay_min_factor: 0.05
bandwith_kernel: None
no_interact: False
avg_score: -308.6600036621094
median_score: -311.0
std_score: 38.824275970458984
percentiles: 2%=-396.0400085449219, 5%=-384.5, 10%=-352.0, 25%=-332.5, 50%=-311.0, 75%=-273.75, 90%=-259.79998779296875, 95%=-253.8000030517578, 98%=-245.9600067138672
ranking_best_algo: CMApara
ranking_best_score: 319.29999999999995
ranking_my_rank: 87/504 (82.9%)
ranking_my_percent: 82.93650793650794
no_repulsion: True
