ConfigName: kjsd__advperagentrankweighted__M3__L18__eps0p005__g0p003__ds0p1__dm0p2
Problem: QUBO
Kernel: jsd
Advantage: peragentrankweighted
M: 3
lambda: 18
epsilon_svgd: 0.005
gamma: 0.003
decay_start_ratio: 0.1
decay_min_factor: 0.2
bandwith_kernel: None
no_interact: False
avg_score: -975.3599853515625
median_score: -971.5
std_score: 74.12321472167969
percentiles: 2%=-1112.52001953125, 5%=-1095.5, 10%=-1079.199951171875, 25%=-1027.0, 50%=-971.5, 75%=-921.0, 90%=-873.9000244140625, 95%=-858.9000244140625, 98%=-846.9400024414062
ranking_best_algo: SVMMetaModelLogNormal
ranking_best_score: 1233.7999999999997
ranking_my_rank: 283/504 (44.0%)
ranking_my_percent: 44.04761904761905
