ConfigName: kfr__advglobalrankweighted__M3__L9__eps0p02__g0p003__ds0p01__dm0p01
Problem: QUBO
Kernel: fr
Advantage: globalrankweighted
M: 3
lambda: 9
epsilon_svgd: 0.02
gamma: 0.003
decay_start_ratio: 0.01
decay_min_factor: 0.01
bandwith_kernel: None
no_interact: False
avg_score: -1171.5400390625
median_score: -1166.5
std_score: 67.13574981689453
percentiles: 2%=-1308.1199951171875, 5%=-1279.5, 10%=-1254.5, 25%=-1213.75, 50%=-1166.5, 75%=-1129.75, 90%=-1086.800048828125, 95%=-1064.5, 98%=-1044.659912109375
ranking_best_algo: Tabu
ranking_best_score: 1216.16
ranking_my_rank: 89/504 (82.5%)
ranking_my_percent: 82.53968253968254
