ConfigName: kjsd__advperagentrankweighted__M3__L16__eps0p01__g0p001__ds0p2__dm0p2
Problem: QUBO
Kernel: jsd
Advantage: peragentrankweighted
M: 3
lambda: 16
epsilon_svgd: 0.01
gamma: 0.001
decay_start_ratio: 0.2
decay_min_factor: 0.2
bandwith_kernel: None
no_interact: False
avg_score: -1624.280029296875
median_score: -1627.0
std_score: 57.139312744140625
percentiles: 2%=-1727.47998046875, 5%=-1716.3499755859375, 10%=-1694.5, 25%=-1662.5, 50%=-1627.0, 75%=-1584.5, 90%=-1551.9000244140625, 95%=-1524.699951171875, 98%=-1516.6400146484375
ranking_best_algo: NLOPT_LN_PRAXIS
ranking_best_score: 1607.12
ranking_my_rank: 1/504 (100.0%)
ranking_my_percent: 100.0
