ConfigName: kfr__advglobalrankweighted__M1__L10__eps0p01__g0p003__ds0p01__dm0p01
Problem: QUBO
Kernel: fr
Advantage: globalrankweighted
M: 1
lambda: 10
epsilon_svgd: 0.01
gamma: 0.003
decay_start_ratio: 0.01
decay_min_factor: 0.01
bandwith_kernel: None
no_interact: False
avg_score: -1261.199951171875
median_score: -1263.0
std_score: 64.46286010742188
percentiles: 2%=-1374.02001953125, 5%=-1363.050048828125, 10%=-1353.199951171875, 25%=-1311.0, 50%=-1263.0, 75%=-1221.75, 90%=-1177.5999755859375, 95%=-1154.550048828125, 98%=-1125.9000244140625
ranking_best_algo: BigLognormalDiscreteOnePlusOne
ranking_best_score: 1301.3600000000004
ranking_my_rank: 53/504 (89.7%)
ranking_my_percent: 89.68253968253968
