ConfigName: krbf__advnormalizedfitness__M4__L12__eps0p033__g0p005__ds0p15__dm0p01
Problem: NK
Kernel: rbf
Advantage: normalizedfitness
M: 4
lambda: 12
epsilon_svgd: 0.033
gamma: 0.005
decay_start_ratio: 0.15
decay_min_factor: 0.01
bandwith_kernel: None
no_interact: False
avg_score: 0.757100522518158
median_score: 0.755768895149231
std_score: 0.013023611158132553
percentiles: 2%=0.7324827313423157, 5%=0.737928569316864, 10%=0.7424537539482117, 25%=0.7489274740219116, 50%=0.755768895149231, 75%=0.7656316757202148, 90%=0.777192234992981, 95%=0.7811721563339233, 98%=0.7820209860801697
ranking_best_algo: Tabu
ranking_best_score: 0.7470791764843752
ranking_my_rank: 1/504 (100.0%)
ranking_my_percent: 100.0
