ConfigName: kjsd__advperagentrankweighted__M4__L10__eps0p03__g0p0007__ds0p05__dm0p05
Problem: QUBO
Kernel: jsd
Advantage: peragentrankweighted
M: 4
lambda: 10
epsilon_svgd: 0.03
gamma: 0.0007
decay_start_ratio: 0.05
decay_min_factor: 0.05
bandwith_kernel: None
no_interact: False
avg_score: -196.66000366210938
median_score: -196.0
std_score: 12.831382751464844
percentiles: 2%=-222.0, 5%=-220.0, 10%=-216.0, 25%=-205.25, 50%=-196.0, 75%=-186.75, 90%=-180.89999389648438, 95%=-177.9499969482422, 98%=-172.97999572753906
ranking_best_algo: Tabu
ranking_best_score: 208.36000000000004
ranking_my_rank: 171/504 (66.3%)
ranking_my_percent: 66.26984126984127
