ConfigName: kfr__advglobalrankweighted__M6__L11__eps0p015__g0p007__ds0p01__dm0p01
Problem: QUBO
Kernel: fr
Advantage: globalrankweighted
M: 6
lambda: 11
epsilon_svgd: 0.015
gamma: 0.007
decay_start_ratio: 0.01
decay_min_factor: 0.01
bandwith_kernel: None
no_interact: False
avg_score: -1933.8399658203125
median_score: -1919.5
std_score: 139.39862060546875
percentiles: 2%=-2195.02001953125, 5%=-2179.14990234375, 10%=-2136.60009765625, 25%=-2034.0, 50%=-1919.5, 75%=-1827.0, 90%=-1769.800048828125, 95%=-1731.000244140625, 98%=-1671.8399658203125
ranking_best_algo: SVM1MetaModelLogNormal
ranking_best_score: 2605.14
ranking_my_rank: 294/504 (41.9%)
ranking_my_percent: 41.86507936507937
