ConfigName: kjsd__advperagentrankweighted__M3__L20__eps0p005__g0p003__ds0p1__dm0p1
Problem: QUBO
Kernel: jsd
Advantage: peragentrankweighted
M: 3
lambda: 20
epsilon_svgd: 0.005
gamma: 0.003
decay_start_ratio: 0.1
decay_min_factor: 0.1
bandwith_kernel: None
no_interact: False
avg_score: -405.0799865722656
median_score: -404.5
std_score: 31.881555557250977
percentiles: 2%=-471.0799865722656, 5%=-455.20001220703125, 10%=-448.20001220703125, 25%=-426.25, 50%=-404.5, 75%=-383.0, 90%=-364.20001220703125, 95%=-350.8999938964844, 98%=-345.8599853515625
ranking_best_algo: CMAL3
ranking_best_score: 435.36
ranking_my_rank: 219/504 (56.7%)
ranking_my_percent: 56.74603174603175
