ConfigName: kjsd__advperagentrankweighted__M3__L16__eps0p007__g0p003__ds0p2__dm0p2
Problem: NK
Kernel: jsd
Advantage: peragentrankweighted
M: 3
lambda: 16
epsilon_svgd: 0.007
gamma: 0.003
decay_start_ratio: 0.2
decay_min_factor: 0.2
bandwith_kernel: None
no_interact: False
avg_score: 0.749004065990448
median_score: 0.7480597496032715
std_score: 0.014775143004953861
percentiles: 2%=0.7202446460723877, 5%=0.7271388173103333, 10%=0.7307387590408325, 25%=0.7380990386009216, 50%=0.7480597496032715, 75%=0.7607842683792114, 90%=0.7692711353302002, 95%=0.771497905254364, 98%=0.7767349481582642
ranking_best_algo: Tabu
ranking_best_score: 0.7470791764843752
ranking_my_rank: 1/504 (100.0%)
ranking_my_percent: 100.0
