ConfigName: krbf__advnormalizedfitness__M4__L10__eps0p015__g0p005__ds0p3__dm0p3
Problem: QUBO
Kernel: rbf
Advantage: normalizedfitness
M: 4
lambda: 10
epsilon_svgd: 0.015
gamma: 0.005
decay_start_ratio: 0.3
decay_min_factor: 0.3
bandwith_kernel: None
no_interact: False
avg_score: -139.9199981689453
median_score: -141.5
std_score: 11.701008796691895
percentiles: 2%=-160.02000427246094, 5%=-158.0500030517578, 10%=-157.0, 25%=-146.25, 50%=-141.5, 75%=-131.0, 90%=-126.80000305175781, 95%=-120.90000915527344, 98%=-114.95999145507812
ranking_best_algo: DiscreteDE
ranking_best_score: 143.4
ranking_my_rank: 80/504 (84.3%)
ranking_my_percent: 84.32539682539682
