ConfigName: krbf__advnormalizedfitness__M4__L12__eps0p033__g0p01__ds0p15__dm0p01
Problem: NK
Kernel: rbf
Advantage: normalizedfitness
M: 4
lambda: 12
epsilon_svgd: 0.033
gamma: 0.01
decay_start_ratio: 0.15
decay_min_factor: 0.01
bandwith_kernel: None
no_interact: False
avg_score: 0.6860390305519104
median_score: 0.6830633878707886
std_score: 0.01888154074549675
percentiles: 2%=0.655096709728241, 5%=0.6580804586410522, 10%=0.6633192896842957, 25%=0.6729628443717957, 50%=0.6830633878707886, 75%=0.6968064904212952, 90%=0.7134076356887817, 95%=0.7175564765930176, 98%=0.7246841192245483
ranking_best_algo: Tabu
ranking_best_score: 0.7429702712499999
ranking_my_rank: 251/504 (50.4%)
ranking_my_percent: 50.3968253968254
