ConfigName: krbf__advnormalizedfitness__M4__L8__eps0p033__g0p01__ds0p15__dm0p3
Problem: QUBO
Kernel: rbf
Advantage: normalizedfitness
M: 4
lambda: 8
epsilon_svgd: 0.033
gamma: 0.01
decay_start_ratio: 0.15
decay_min_factor: 0.3
bandwith_kernel: None
no_interact: False
avg_score: -1160.719970703125
median_score: -1157.5
std_score: 70.99592590332031
percentiles: 2%=-1335.0, 5%=-1284.699951171875, 10%=-1255.0999755859375, 25%=-1203.25, 50%=-1157.5, 75%=-1102.5, 90%=-1080.9000244140625, 95%=-1057.8499755859375, 98%=-1044.619873046875
ranking_best_algo: Tabu
ranking_best_score: 1216.16
ranking_my_rank: 100/504 (80.4%)
ranking_my_percent: 80.35714285714286
