ConfigName: kjsd__advperagentrankweighted__M3__L20__eps0p007__g0p0005__ds0p2__dm0p2
Problem: NK
Kernel: jsd
Advantage: peragentrankweighted
M: 3
lambda: 20
epsilon_svgd: 0.007
gamma: 0.0005
decay_start_ratio: 0.2
decay_min_factor: 0.2
bandwith_kernel: None
no_interact: False
avg_score: 0.7554082274436951
median_score: 0.7548171877861023
std_score: 0.011189772747457027
percentiles: 2%=0.7324244379997253, 5%=0.7346677780151367, 10%=0.742559015750885, 25%=0.7482576370239258, 50%=0.7548171877861023, 75%=0.7639987468719482, 90%=0.7697125673294067, 95%=0.7739685773849487, 98%=0.7751210927963257
ranking_best_algo: Tabu
ranking_best_score: 0.7470791764843752
ranking_my_rank: 1/504 (100.0%)
ranking_my_percent: 100.0
