ConfigName: krbf__advnormalizedfitness__M1__L8__eps0p015__g0p015__ds0p01__dm0p01
Problem: QUBO
Kernel: rbf
Advantage: normalizedfitness
M: 1
lambda: 8
epsilon_svgd: 0.015
gamma: 0.015
decay_start_ratio: 0.01
decay_min_factor: 0.01
bandwith_kernel: None
no_interact: False
avg_score: -298.4200134277344
median_score: -288.0
std_score: 37.3275146484375
percentiles: 2%=-388.0, 5%=-368.1000061035156, 10%=-344.20001220703125, 25%=-326.5, 50%=-288.0, 75%=-271.0, 90%=-261.5, 95%=-241.90000915527344, 98%=-233.95999145507812
ranking_best_algo: CMApara
ranking_best_score: 319.29999999999995
ranking_my_rank: 240/504 (52.6%)
ranking_my_percent: 52.57936507936508
