ConfigName: krbf__advnormalizedfitness__M2__L8__eps0p033__g0p007__ds0p15__dm0p01
Problem: QUBO
Kernel: rbf
Advantage: normalizedfitness
M: 2
lambda: 8
epsilon_svgd: 0.033
gamma: 0.007
decay_start_ratio: 0.15
decay_min_factor: 0.01
bandwith_kernel: None
no_interact: False
avg_score: -2530.340087890625
median_score: -2524.5
std_score: 131.81199645996094
percentiles: 2%=-2752.139892578125, 5%=-2741.14990234375, 10%=-2716.199951171875, 25%=-2636.75, 50%=-2524.5, 75%=-2452.0, 90%=-2345.10009765625, 95%=-2307.800048828125, 98%=-2275.679931640625
ranking_best_algo: SVM1MetaModelLogNormal
ranking_best_score: 2605.14
ranking_my_rank: 52/504 (89.9%)
ranking_my_percent: 89.88095238095238
