ConfigName: kjsd__advperagentrankweighted__M4__L12__eps0p005__g0p0003__ds0p2__dm0p05
Problem: QUBO
Kernel: jsd
Advantage: peragentrankweighted
M: 4
lambda: 12
epsilon_svgd: 0.005
gamma: 0.0003
decay_start_ratio: 0.2
decay_min_factor: 0.05
bandwith_kernel: None
no_interact: False
avg_score: -1242.219970703125
median_score: -1238.5
std_score: 53.872554779052734
percentiles: 2%=-1357.0400390625, 5%=-1325.199951171875, 10%=-1313.0999755859375, 25%=-1274.25, 50%=-1238.5, 75%=-1204.75, 90%=-1171.9000244140625, 95%=-1160.5999755859375, 98%=-1136.9599609375
ranking_best_algo: SVMMetaModelLogNormal
ranking_best_score: 1233.7999999999997
ranking_my_rank: 1/504 (100.0%)
ranking_my_percent: 100.0
