ConfigName: krbf__advnormalizedfitness__M4__L12__eps0p015__g0p015__ds0p3__dm0p3
Problem: QUBO
Kernel: rbf
Advantage: normalizedfitness
M: 4
lambda: 12
epsilon_svgd: 0.015
gamma: 0.015
decay_start_ratio: 0.3
decay_min_factor: 0.3
bandwith_kernel: None
no_interact: False
avg_score: -253.24000549316406
median_score: -252.5
std_score: 25.767858505249023
percentiles: 2%=-302.1199951171875, 5%=-295.25, 10%=-288.20001220703125, 25%=-268.75, 50%=-252.5, 75%=-232.0, 90%=-221.70001220703125, 95%=-209.90000915527344, 98%=-206.0
ranking_best_algo: CMApara
ranking_best_score: 344.22
ranking_my_rank: 376/504 (25.6%)
ranking_my_percent: 25.595238095238095
