ConfigName: krbf__advnormalizedfitness__M4__L10__eps0p033__g0p01__ds0p01__dm0p01
Problem: QUBO
Kernel: rbf
Advantage: normalizedfitness
M: 4
lambda: 10
epsilon_svgd: 0.033
gamma: 0.01
decay_start_ratio: 0.01
decay_min_factor: 0.01
bandwith_kernel: None
no_interact: False
avg_score: -415.55999755859375
median_score: -418.0
std_score: 28.572826385498047
percentiles: 2%=-477.0, 5%=-465.20001220703125, 10%=-452.20001220703125, 25%=-433.25, 50%=-418.0, 75%=-394.0, 90%=-378.0, 95%=-372.0, 98%=-365.8399658203125
ranking_best_algo: Tabu
ranking_best_score: 438.12
ranking_my_rank: 49/504 (90.5%)
ranking_my_percent: 90.47619047619048
