ConfigName: kjsd__advperagentrankweighted__M3__L24__eps0p005__g0p0005__ds0p05__dm0p05
Problem: NK
Kernel: jsd
Advantage: peragentrankweighted
M: 3
lambda: 24
epsilon_svgd: 0.005
gamma: 0.0005
decay_start_ratio: 0.05
decay_min_factor: 0.05
bandwith_kernel: None
no_interact: False
avg_score: 0.7530845403671265
median_score: 0.7522252202033997
std_score: 0.012970468029379845
percentiles: 2%=0.728006899356842, 5%=0.7326686382293701, 10%=0.7362207174301147, 25%=0.7444512248039246, 50%=0.7522252202033997, 75%=0.7610844373703003, 90%=0.7689088582992554, 95%=0.7730233073234558, 98%=0.7796013951301575
ranking_best_algo: Tabu
ranking_best_score: 0.7657846284375001
ranking_my_rank: 9/504 (98.4%)
ranking_my_percent: 98.41269841269842
