ConfigName: kjsd__advperagentrankweighted__M4__L12__eps0p005__g0p0005__ds0p2__dm0p2
Problem: QUBO
Kernel: jsd
Advantage: peragentrankweighted
M: 4
lambda: 12
epsilon_svgd: 0.005
gamma: 0.0005
decay_start_ratio: 0.2
decay_min_factor: 0.2
bandwith_kernel: None
no_interact: False
avg_score: -581.780029296875
median_score: -579.0
std_score: 30.223031997680664
percentiles: 2%=-634.0599975585938, 5%=-630.0999755859375, 10%=-619.0, 25%=-607.0, 50%=-579.0, 75%=-562.75, 90%=-540.7000122070312, 95%=-530.8499755859375, 98%=-522.9400024414062
ranking_best_algo: Tabu
ranking_best_score: 588.7199999999999
ranking_my_rank: 35/503 (93.2%)
ranking_my_percent: 93.24055666003976
