ConfigName: kfr__advglobalrankweighted__M1__L11__eps0p02__g0p003__ds0p01__dm0p01
Problem: QUBO
Kernel: fr
Advantage: globalrankweighted
M: 1
lambda: 11
epsilon_svgd: 0.02
gamma: 0.003
decay_start_ratio: 0.01
decay_min_factor: 0.01
bandwith_kernel: None
no_interact: False
avg_score: -535.9000244140625
median_score: -532.0
std_score: 31.378812789916992
percentiles: 2%=-601.0, 5%=-589.0999755859375, 10%=-578.2999877929688, 25%=-555.5, 50%=-532.0, 75%=-515.0, 90%=-493.6000061035156, 95%=-485.9000244140625, 98%=-476.97998046875
ranking_best_algo: Tabu
ranking_best_score: 588.7199999999999
ranking_my_rank: 188/503 (62.8%)
ranking_my_percent: 62.82306163021869
