ConfigName: kjsd__advperagentrankweighted__M4__L12__eps0p03__g0p0007__ds0p05__dm0p05
Problem: QUBO
Kernel: jsd
Advantage: peragentrankweighted
M: 4
lambda: 12
epsilon_svgd: 0.03
gamma: 0.0007
decay_start_ratio: 0.05
decay_min_factor: 0.05
bandwith_kernel: None
no_interact: False
avg_score: -2546.080078125
median_score: -2543.0
std_score: 114.0011978149414
percentiles: 2%=-2770.1201171875, 5%=-2726.050048828125, 10%=-2694.10009765625, 25%=-2625.5, 50%=-2543.0, 75%=-2448.5, 90%=-2391.60009765625, 95%=-2379.800048828125, 98%=-2355.89990234375
ranking_best_algo: SVM1MetaModelLogNormal
ranking_best_score: 2605.14
ranking_my_rank: 42/504 (91.9%)
ranking_my_percent: 91.86507936507937
