ConfigName: krbf__advnormalizedfitness__M3__L8__eps0p015__g0p01__ds0p01__dm0p01
Problem: QUBO
Kernel: rbf
Advantage: normalizedfitness
M: 3
lambda: 8
epsilon_svgd: 0.015
gamma: 0.01
decay_start_ratio: 0.01
decay_min_factor: 0.01
bandwith_kernel: None
no_interact: False
avg_score: -901.6400146484375
median_score: -897.0
std_score: 60.83921813964844
percentiles: 2%=-1029.0999755859375, 5%=-1014.0499877929688, 10%=-987.2000122070312, 25%=-945.5, 50%=-897.0, 75%=-858.75, 90%=-823.7999877929688, 95%=-814.9000244140625, 98%=-799.0
ranking_best_algo: CMAL3
ranking_best_score: 928.5800000000002
ranking_my_rank: 67/504 (86.9%)
ranking_my_percent: 86.9047619047619
