ConfigName: kfr__advglobalrankweighted__M5__L8__eps0p02__g0p005__ds0p01__dm0p01
Problem: QUBO
Kernel: fr
Advantage: globalrankweighted
M: 5
lambda: 8
epsilon_svgd: 0.02
gamma: 0.005
decay_start_ratio: 0.01
decay_min_factor: 0.01
bandwith_kernel: None
no_interact: False
avg_score: -417.5400085449219
median_score: -418.0
std_score: 25.13381004333496
percentiles: 2%=-477.0, 5%=-454.6499938964844, 10%=-447.20001220703125, 25%=-433.25, 50%=-418.0, 75%=-402.0, 90%=-386.0, 95%=-378.8500061035156, 98%=-366.0
ranking_best_algo: Tabu
ranking_best_score: 438.12
ranking_my_rank: 40/504 (92.3%)
ranking_my_percent: 92.26190476190476
