ConfigName: kjsd__advperagentrankweighted__M4__L24__eps0p005__g0p0007__ds0p2__dm0p05
Problem: QUBO
Kernel: jsd
Advantage: peragentrankweighted
M: 4
lambda: 24
epsilon_svgd: 0.005
gamma: 0.0007
decay_start_ratio: 0.2
decay_min_factor: 0.05
bandwith_kernel: None
no_interact: False
avg_score: -416.8800048828125
median_score: -418.0
std_score: 23.325214385986328
percentiles: 2%=-467.0400085449219, 5%=-452.04998779296875, 10%=-450.0, 25%=-434.0, 50%=-418.0, 75%=-399.5, 90%=-386.0, 95%=-380.0, 98%=-373.9599914550781
ranking_best_algo: Tabu
ranking_best_score: 438.12
ranking_my_rank: 41/504 (92.1%)
ranking_my_percent: 92.06349206349206
