ConfigName: kjsd__advperagentrankweighted__M5__L10__eps0p01__g0p0005__ds0p4__dm0p2
Problem: QUBO
Kernel: jsd
Advantage: peragentrankweighted
M: 5
lambda: 10
epsilon_svgd: 0.01
gamma: 0.0005
decay_start_ratio: 0.4
decay_min_factor: 0.2
bandwith_kernel: None
no_interact: False
avg_score: -448.4599914550781
median_score: -451.0
std_score: 25.071664810180664
percentiles: 2%=-494.0799865722656, 5%=-489.1499938964844, 10%=-481.0, 25%=-467.5, 50%=-451.0, 75%=-429.5, 90%=-416.8999938964844, 95%=-409.8500061035156, 98%=-399.8800048828125
ranking_best_algo: CMApara
ranking_best_score: 453.82
ranking_my_rank: 2/504 (99.8%)
ranking_my_percent: 99.8015873015873
