ConfigName: kfr__advglobalrankweighted__M6__L7__eps0p01__g0p003__ds0p01__dm0p01
Problem: QUBO
Kernel: fr
Advantage: globalrankweighted
M: 6
lambda: 7
epsilon_svgd: 0.01
gamma: 0.003
decay_start_ratio: 0.01
decay_min_factor: 0.01
bandwith_kernel: None
no_interact: False
avg_score: -1136.719970703125
median_score: -1136.5
std_score: 69.09835052490234
percentiles: 2%=-1271.0400390625, 5%=-1263.0999755859375, 10%=-1225.0999755859375, 25%=-1186.5, 50%=-1136.5, 75%=-1087.75, 90%=-1043.9000244140625, 95%=-1033.75, 98%=-1003.7399291992188
ranking_best_algo: SVMMetaModelLogNormal
ranking_best_score: 1233.7999999999997
ranking_my_rank: 95/504 (81.3%)
ranking_my_percent: 81.34920634920636
