ConfigName: kjsd__advperagentrankweighted__M8__L24__eps0p008__g0p0005__ds0p3__dm0p05
Problem: QUBO
Kernel: jsd
Advantage: peragentrankweighted
M: 8
lambda: 24
epsilon_svgd: 0.008
gamma: 0.0005
decay_start_ratio: 0.3
decay_min_factor: 0.05
bandwith_kernel: None
no_interact: False
avg_score: -870.260009765625
median_score: -868.0
std_score: 70.00908660888672
percentiles: 2%=-1001.8599853515625, 5%=-981.0499877929688, 10%=-963.0, 25%=-914.0, 50%=-868.0, 75%=-823.0, 90%=-779.7999877929688, 95%=-751.25, 98%=-729.780029296875
ranking_best_algo: CMAL3
ranking_best_score: 928.5800000000002
ranking_my_rank: 173/504 (65.9%)
ranking_my_percent: 65.87301587301587
