ConfigName: kjsd__advperagentrankweighted__M5__L10__eps0p005__g0p0007__ds0p05__dm0p2
Problem: NK
Kernel: jsd
Advantage: peragentrankweighted
M: 5
lambda: 10
epsilon_svgd: 0.005
gamma: 0.0007
decay_start_ratio: 0.05
decay_min_factor: 0.2
bandwith_kernel: None
no_interact: False
avg_score: 0.7603453993797302
median_score: 0.7596595287322998
std_score: 0.013037500903010368
percentiles: 2%=0.7379029989242554, 5%=0.740115225315094, 10%=0.7423063516616821, 25%=0.7519783973693848, 50%=0.7596595287322998, 75%=0.7689446806907654, 90%=0.7779735326766968, 95%=0.7815660834312439, 98%=0.7835977673530579
ranking_best_algo: Tabu
ranking_best_score: 0.7470791764843752
ranking_my_rank: 1/504 (100.0%)
ranking_my_percent: 100.0
