ConfigName: kjsd__advperagentrankweighted__M3__L20__eps0p007__g0p0007__ds0p05__dm0p2
Problem: QUBO
Kernel: jsd
Advantage: peragentrankweighted
M: 3
lambda: 20
epsilon_svgd: 0.007
gamma: 0.0007
decay_start_ratio: 0.05
decay_min_factor: 0.2
bandwith_kernel: None
no_interact: False
avg_score: -578.0399780273438
median_score: -576.0
std_score: 26.948808670043945
percentiles: 2%=-631.0999755859375, 5%=-623.2999877929688, 10%=-614.7000122070312, 25%=-597.25, 50%=-576.0, 75%=-558.75, 90%=-544.0, 95%=-539.0, 98%=-531.0
ranking_best_algo: Tabu
ranking_best_score: 588.7199999999999
ranking_my_rank: 42/503 (91.8%)
ranking_my_percent: 91.84890656063618
