ConfigName: kjsd__advperagentrankweighted__M4__L10__eps0p03__g0p0007__ds0p05__dm0p05
Problem: NK
Kernel: jsd
Advantage: peragentrankweighted
M: 4
lambda: 10
epsilon_svgd: 0.03
gamma: 0.0007
decay_start_ratio: 0.05
decay_min_factor: 0.05
bandwith_kernel: None
no_interact: False
avg_score: 0.709119975566864
median_score: 0.6946641206741333
std_score: 0.03221689537167549
percentiles: 2%=0.6693645119667053, 5%=0.6721088886260986, 10%=0.6747990846633911, 25%=0.6806551814079285, 50%=0.6946641206741333, 75%=0.7455350756645203, 90%=0.7534111738204956, 95%=0.7613165378570557, 98%=0.7613165378570557
ranking_best_algo: CMApara
ranking_best_score: 0.7118996098437498
ranking_my_rank: 57/504 (88.9%)
ranking_my_percent: 88.88888888888889
