ConfigName: kjsd__advperagentrankweighted__M3__L24__eps0p005__g0p001__ds0p2__dm0p1
Problem: QUBO
Kernel: jsd
Advantage: peragentrankweighted
M: 3
lambda: 24
epsilon_svgd: 0.005
gamma: 0.001
decay_start_ratio: 0.2
decay_min_factor: 0.1
bandwith_kernel: None
no_interact: False
avg_score: -424.9200134277344
median_score: -425.0
std_score: 27.118139266967773
percentiles: 2%=-481.0, 5%=-473.20001220703125, 10%=-463.0, 25%=-440.25, 50%=-425.0, 75%=-407.75, 90%=-390.79998779296875, 95%=-378.95001220703125, 98%=-366.0
ranking_best_algo: CMAL3
ranking_best_score: 435.36
ranking_my_rank: 29/504 (94.4%)
ranking_my_percent: 94.44444444444444
