ConfigName: kjsd__advperagentrankweighted__M8__L10__eps0p008__g0p0005__ds0p05__dm0p05
Problem: NK
Kernel: jsd
Advantage: peragentrankweighted
M: 8
lambda: 10
epsilon_svgd: 0.008
gamma: 0.0005
decay_start_ratio: 0.05
decay_min_factor: 0.05
bandwith_kernel: None
no_interact: False
avg_score: 0.7110832333564758
median_score: 0.7118602991104126
std_score: 0.01523896399885416
percentiles: 2%=0.6723955273628235, 5%=0.6735833287239075, 10%=0.6972318291664124, 25%=0.7087721228599548, 50%=0.7118602991104126, 75%=0.7196811437606812, 90%=0.7255717515945435, 95%=0.7327597141265869, 98%=0.73401939868927
ranking_best_algo: CMApara
ranking_best_score: 0.707475975
ranking_my_rank: 1/504 (100.0%)
ranking_my_percent: 100.0
