ConfigName: kfr__advglobalrankweighted__M4__L24__eps0p01__g0p001__ds0p01__dm0p01
Problem: NK
Kernel: fr
Advantage: globalrankweighted
M: 4
lambda: 24
epsilon_svgd: 0.01
gamma: 0.001
decay_start_ratio: 0.01
decay_min_factor: 0.01
bandwith_kernel: None
no_interact: False
avg_score: 0.7462040185928345
median_score: 0.7463836073875427
std_score: 0.009006713517010212
percentiles: 2%=0.7291690707206726, 5%=0.7326429486274719, 10%=0.73494553565979, 25%=0.7405296564102173, 50%=0.7463836073875427, 75%=0.7517914772033691, 90%=0.7579827308654785, 95%=0.759880006313324, 98%=0.7642701864242554
ranking_best_algo: PBIL
ranking_best_score: 0.733570253046875
ranking_my_rank: 1/504 (100.0%)
ranking_my_percent: 100.0
