ConfigName: kjsd__advperagentrankweighted__M3__L18__eps0p007__g0p0007__ds0p1__dm0p05
Problem: NK
Kernel: jsd
Advantage: peragentrankweighted
M: 3
lambda: 18
epsilon_svgd: 0.007
gamma: 0.0007
decay_start_ratio: 0.1
decay_min_factor: 0.05
bandwith_kernel: None
no_interact: False
avg_score: 0.7333763241767883
median_score: 0.734163761138916
std_score: 0.009729255922138691
percentiles: 2%=0.7157012820243835, 5%=0.7169581055641174, 10%=0.7208780646324158, 25%=0.7276499271392822, 50%=0.734163761138916, 75%=0.7398523092269897, 90%=0.7443463206291199, 95%=0.748363733291626, 98%=0.7506598830223083
ranking_best_algo: Tabu
ranking_best_score: 0.7429702712499999
ranking_my_rank: 2/504 (99.8%)
ranking_my_percent: 99.8015873015873
