ConfigName: kjsd__advperagentrankweighted__M3__L20__eps0p007__g0p0005__ds0p2__dm0p05
Problem: QUBO
Kernel: jsd
Advantage: peragentrankweighted
M: 3
lambda: 20
epsilon_svgd: 0.007
gamma: 0.0005
decay_start_ratio: 0.2
decay_min_factor: 0.05
bandwith_kernel: None
no_interact: False
avg_score: -1187.1199951171875
median_score: -1185.0
std_score: 54.22476577758789
percentiles: 2%=-1282.3800048828125, 5%=-1267.199951171875, 10%=-1261.0999755859375, 25%=-1226.5, 50%=-1185.0, 75%=-1147.5, 90%=-1121.199951171875, 95%=-1105.699951171875, 98%=-1085.9000244140625
ranking_best_algo: Tabu
ranking_best_score: 1216.16
ranking_my_rank: 64/504 (87.5%)
ranking_my_percent: 87.5
