ConfigName: kjsd__advperagentrankweighted__M3__L16__eps0p005__g0p0007__ds0p05__dm0p05
Problem: NK
Kernel: jsd
Advantage: peragentrankweighted
M: 3
lambda: 16
epsilon_svgd: 0.005
gamma: 0.0007
decay_start_ratio: 0.05
decay_min_factor: 0.05
bandwith_kernel: None
no_interact: False
avg_score: 0.7529429793357849
median_score: 0.7531092166900635
std_score: 0.014436636120080948
percentiles: 2%=0.7188652753829956, 5%=0.7263549566268921, 10%=0.7343934178352356, 25%=0.7466450333595276, 50%=0.7531092166900635, 75%=0.7644496560096741, 90%=0.7705215215682983, 95%=0.7719627022743225, 98%=0.7753401398658752
ranking_best_algo: Tabu
ranking_best_score: 0.7657846284375001
ranking_my_rank: 9/504 (98.4%)
ranking_my_percent: 98.41269841269842
