ConfigName: kjsd__advperagentrankweighted__M5__L8__eps0p03__g0p0003__ds0p05__dm0p05
Problem: NK
Kernel: jsd
Advantage: peragentrankweighted
M: 5
lambda: 8
epsilon_svgd: 0.03
gamma: 0.0003
decay_start_ratio: 0.05
decay_min_factor: 0.05
bandwith_kernel: None
no_interact: False
avg_score: 0.704541802406311
median_score: 0.7043100595474243
std_score: 0.010303279384970665
percentiles: 2%=0.6816049814224243, 5%=0.6888024210929871, 10%=0.6930170059204102, 25%=0.697752833366394, 50%=0.7043100595474243, 75%=0.7103222608566284, 90%=0.7190303802490234, 95%=0.7235548496246338, 98%=0.7247499823570251
ranking_best_algo: Tabu
ranking_best_score: 0.7429702712499999
ranking_my_rank: 176/504 (65.3%)
ranking_my_percent: 65.27777777777777
