ConfigName: krbf__advnormalizedfitness__M1__L8__eps0p033__g0p01__ds0p15__dm0p01
Problem: QUBO
Kernel: rbf
Advantage: normalizedfitness
M: 1
lambda: 8
epsilon_svgd: 0.033
gamma: 0.01
decay_start_ratio: 0.15
decay_min_factor: 0.01
bandwith_kernel: None
no_interact: False
avg_score: -1264.8199462890625
median_score: -1261.0
std_score: 68.65061950683594
percentiles: 2%=-1393.8199462890625, 5%=-1366.550048828125, 10%=-1348.300048828125, 25%=-1305.75, 50%=-1261.0, 75%=-1214.5, 90%=-1168.800048828125, 95%=-1158.300048828125, 98%=-1136.119873046875
ranking_best_algo: BigLognormalDiscreteOnePlusOne
ranking_best_score: 1301.3600000000004
ranking_my_rank: 50/504 (90.3%)
ranking_my_percent: 90.27777777777777
