ConfigName: krbf__advnormalizedfitness__M4__L15__eps0p033__g0p005__ds0p01__dm0p3
Problem: QUBO
Kernel: rbf
Advantage: normalizedfitness
M: 4
lambda: 15
epsilon_svgd: 0.033
gamma: 0.005
decay_start_ratio: 0.01
decay_min_factor: 0.3
bandwith_kernel: None
no_interact: False
avg_score: -1170.0999755859375
median_score: -1171.5
std_score: 62.712120056152344
percentiles: 2%=-1309.5999755859375, 5%=-1281.6500244140625, 10%=-1245.199951171875, 25%=-1208.25, 50%=-1171.5, 75%=-1124.75, 90%=-1087.9000244140625, 95%=-1063.0, 98%=-1050.8599853515625
ranking_best_algo: Tabu
ranking_best_score: 1216.16
ranking_my_rank: 91/504 (82.1%)
ranking_my_percent: 82.14285714285714
