ConfigName: kfr__advglobalrankweighted__M2__L11__eps0p01__g0p003__ds0p01__dm0p01
Problem: QUBO
Kernel: fr
Advantage: globalrankweighted
M: 2
lambda: 11
epsilon_svgd: 0.01
gamma: 0.003
decay_start_ratio: 0.01
decay_min_factor: 0.01
bandwith_kernel: None
no_interact: False
avg_score: -1173.699951171875
median_score: -1169.5
std_score: 71.39866638183594
percentiles: 2%=-1323.3199462890625, 5%=-1288.300048828125, 10%=-1275.199951171875, 25%=-1207.25, 50%=-1169.5, 75%=-1132.25, 90%=-1075.0, 95%=-1059.800048828125, 98%=-1022.7599487304688
ranking_best_algo: Tabu
ranking_best_score: 1216.16
ranking_my_rank: 84/504 (83.5%)
ranking_my_percent: 83.53174603174604
