ConfigName: kjsd__advperagentrankweighted__M5__L10__eps0p01__g0p0005__ds0p2__dm0p05
Problem: NK
Kernel: jsd
Advantage: peragentrankweighted
M: 5
lambda: 10
epsilon_svgd: 0.01
gamma: 0.0005
decay_start_ratio: 0.2
decay_min_factor: 0.05
bandwith_kernel: None
no_interact: False
avg_score: 0.7360201478004456
median_score: 0.7378795146942139
std_score: 0.00916975922882557
percentiles: 2%=0.7155020833015442, 5%=0.7208148837089539, 10%=0.7235961556434631, 25%=0.7294847965240479, 50%=0.7378795146942139, 75%=0.7422916293144226, 90%=0.7459871768951416, 95%=0.7485059499740601, 98%=0.7497445344924927
ranking_best_algo: PBIL
ranking_best_score: 0.730509098125
ranking_my_rank: 1/504 (100.0%)
ranking_my_percent: 100.0
