ConfigName: krbf__advnormalizedfitness__M4__L10__eps0p025__g0p007__ds0p3__dm0p01
Problem: QUBO
Kernel: rbf
Advantage: normalizedfitness
M: 4
lambda: 10
epsilon_svgd: 0.025
gamma: 0.007
decay_start_ratio: 0.3
decay_min_factor: 0.01
bandwith_kernel: None
no_interact: False
avg_score: -1217.1199951171875
median_score: -1202.5
std_score: 86.92666625976562
percentiles: 2%=-1401.0999755859375, 5%=-1383.3499755859375, 10%=-1347.199951171875, 25%=-1275.75, 50%=-1202.5, 75%=-1145.0, 90%=-1113.5, 95%=-1092.9000244140625, 98%=-1084.9599609375
ranking_best_algo: BigLognormalDiscreteOnePlusOne
ranking_best_score: 1301.3600000000004
ranking_my_rank: 73/504 (85.7%)
ranking_my_percent: 85.71428571428571
