ConfigName: krbf__advnormalizedfitness__M3__L10__eps0p025__g0p007__ds0p3__dm0p01
Problem: NK
Kernel: rbf
Advantage: normalizedfitness
M: 3
lambda: 10
epsilon_svgd: 0.025
gamma: 0.007
decay_start_ratio: 0.3
decay_min_factor: 0.01
bandwith_kernel: None
no_interact: False
avg_score: 0.7372716665267944
median_score: 0.7395915985107422
std_score: 0.009187483228743076
percentiles: 2%=0.7175197005271912, 5%=0.7191718816757202, 10%=0.7243202328681946, 25%=0.7312934398651123, 50%=0.7395915985107422, 75%=0.743640661239624, 90%=0.7468114495277405, 95%=0.7500956058502197, 98%=0.7521807551383972
ranking_best_algo: PBIL
ranking_best_score: 0.730509098125
ranking_my_rank: 1/504 (100.0%)
ranking_my_percent: 100.0
