ConfigName: krbf__advnormalizedfitness__M2__L9__eps0p02__g0p007__ds0p01__dm0p01
Problem: QUBO
Kernel: rbf
Advantage: normalizedfitness
M: 2
lambda: 9
epsilon_svgd: 0.02
gamma: 0.007
decay_start_ratio: 0.01
decay_min_factor: 0.01
bandwith_kernel: None
no_interact: False
avg_score: -907.8599853515625
median_score: -910.5
std_score: 62.2989616394043
percentiles: 2%=-1030.06005859375, 5%=-999.2999877929688, 10%=-980.0999755859375, 25%=-951.0, 50%=-910.5, 75%=-868.0, 90%=-825.9000244140625, 95%=-794.9000244140625, 98%=-789.4199829101562
ranking_best_algo: CMAL3
ranking_best_score: 928.5800000000002
ranking_my_rank: 53/504 (89.7%)
ranking_my_percent: 89.68253968253968
