ConfigName: kjsd__advperagentrankweighted__M4__L10__eps0p008__g0p0005__ds0p05__dm0p05
Problem: NK
Kernel: jsd
Advantage: peragentrankweighted
M: 4
lambda: 10
epsilon_svgd: 0.008
gamma: 0.0005
decay_start_ratio: 0.05
decay_min_factor: 0.05
bandwith_kernel: None
no_interact: False
avg_score: 0.7059908509254456
median_score: 0.7088569402694702
std_score: 0.012091916054487228
percentiles: 2%=0.6858933568000793, 5%=0.6872300505638123, 10%=0.6899392604827881, 25%=0.6941655874252319, 50%=0.7088569402694702, 75%=0.7160448431968689, 90%=0.7207970023155212, 95%=0.7228675484657288, 98%=0.7233428955078125
ranking_best_algo: PBIL
ranking_best_score: 0.7013553837109374
ranking_my_rank: 1/504 (100.0%)
ranking_my_percent: 100.0
