ConfigName: kjsd__advperagentrankweighted__M4__L8__eps0p01__g0p0005__ds0p2__dm0p05
Problem: QUBO
Kernel: jsd
Advantage: peragentrankweighted
M: 4
lambda: 8
epsilon_svgd: 0.01
gamma: 0.0005
decay_start_ratio: 0.2
decay_min_factor: 0.05
bandwith_kernel: None
no_interact: False
avg_score: -147.83999633789062
median_score: -146.5
std_score: 12.591044425964355
percentiles: 2%=-179.0, 5%=-179.0, 10%=-160.39999389648438, 25%=-155.0, 50%=-146.5, 75%=-140.0, 90%=-132.89999389648438, 95%=-130.85000610351562, 98%=-124.94000244140625
ranking_best_algo: CMApara
ranking_best_score: 154.28
ranking_my_rank: 90/504 (82.3%)
ranking_my_percent: 82.34126984126983
