ConfigName: kjsd__advperagentrankweighted__M5__L24__eps0p03__g0p0003__ds0p2__dm0p05
Problem: QUBO
Kernel: jsd
Advantage: peragentrankweighted
M: 5
lambda: 24
epsilon_svgd: 0.03
gamma: 0.0003
decay_start_ratio: 0.2
decay_min_factor: 0.05
bandwith_kernel: None
no_interact: False
avg_score: -930.6400146484375
median_score: -925.5
std_score: 60.859596252441406
percentiles: 2%=-1060.199951171875, 5%=-1044.25, 10%=-1008.4000244140625, 25%=-962.0, 50%=-925.5, 75%=-896.0, 90%=-850.4000244140625, 95%=-834.0, 98%=-804.52001953125
ranking_best_algo: CMApara
ranking_best_score: 964.9
ranking_my_rank: 19/504 (96.4%)
ranking_my_percent: 96.42857142857143
