ConfigName: krbf__advnormalizedfitness__M4__L8__eps0p033__g0p005__ds0p3__dm0p01
Problem: QUBO
Kernel: rbf
Advantage: normalizedfitness
M: 4
lambda: 8
epsilon_svgd: 0.033
gamma: 0.005
decay_start_ratio: 0.3
decay_min_factor: 0.01
bandwith_kernel: None
no_interact: False
avg_score: -330.3999938964844
median_score: -334.0
std_score: 20.08083724975586
percentiles: 2%=-372.0, 5%=-361.45001220703125, 10%=-354.0, 25%=-342.25, 50%=-334.0, 75%=-321.5, 90%=-300.70001220703125, 95%=-290.0, 98%=-286.89996337890625
ranking_best_algo: CMApara
ranking_best_score: 344.22
ranking_my_rank: 79/504 (84.5%)
ranking_my_percent: 84.52380952380952
