ConfigName: kjsd__advperagentrankweighted__M4__L24__eps0p01__g0p0007__ds0p4__dm0p05
Problem: QUBO
Kernel: jsd
Advantage: peragentrankweighted
M: 4
lambda: 24
epsilon_svgd: 0.01
gamma: 0.0007
decay_start_ratio: 0.4
decay_min_factor: 0.05
bandwith_kernel: None
no_interact: False
avg_score: -2645.739990234375
median_score: -2649.0
std_score: 113.12174987792969
percentiles: 2%=-2881.360107421875, 5%=-2857.35009765625, 10%=-2798.39990234375, 25%=-2714.0, 50%=-2649.0, 75%=-2563.5, 90%=-2494.5, 95%=-2466.550048828125, 98%=-2435.919921875
ranking_best_algo: DiscreteLengler2OnePlusOne
ranking_best_score: 2617.04
ranking_my_rank: 1/504 (100.0%)
ranking_my_percent: 100.0
