ConfigName: krbf__advnormalizedfitness__M4__L12__eps0p033__g0p007__ds0p15__dm0p3
Problem: NK
Kernel: rbf
Advantage: normalizedfitness
M: 4
lambda: 12
epsilon_svgd: 0.033
gamma: 0.007
decay_start_ratio: 0.15
decay_min_factor: 0.3
bandwith_kernel: None
no_interact: False
avg_score: 0.5915698409080505
median_score: 0.589056134223938
std_score: 0.011061493307352066
percentiles: 2%=0.5782114267349243, 5%=0.5796235203742981, 10%=0.5814595818519592, 25%=0.5840322971343994, 50%=0.589056134223938, 75%=0.5957294702529907, 90%=0.6008848547935486, 95%=0.6153491735458374, 98%=0.6248277425765991
ranking_best_algo: PBIL
ranking_best_score: 0.7170882103515624
ranking_my_rank: 364/504 (28.0%)
ranking_my_percent: 27.976190476190474
