ConfigName: kfr__advglobalrankweighted__M2__L10__eps0p02__g0p003__ds0p01__dm0p01
Problem: QUBO
Kernel: fr
Advantage: globalrankweighted
M: 2
lambda: 10
epsilon_svgd: 0.02
gamma: 0.003
decay_start_ratio: 0.01
decay_min_factor: 0.01
bandwith_kernel: None
no_interact: False
avg_score: -135.94000244140625
median_score: -137.0
std_score: 13.0275239944458
percentiles: 2%=-158.0, 5%=-157.0, 10%=-154.10000610351562, 25%=-146.0, 50%=-137.0, 75%=-127.0, 90%=-120.80000305175781, 95%=-112.90000915527344, 98%=-106.97999572753906
ranking_best_algo: DiscreteDE
ranking_best_score: 143.4
ranking_my_rank: 235/504 (53.6%)
ranking_my_percent: 53.57142857142857
