ConfigName: krbf__advnormalizedfitness__M4__L10__eps0p015__g0p007__ds0p15__dm0p3
Problem: QUBO
Kernel: rbf
Advantage: normalizedfitness
M: 4
lambda: 10
epsilon_svgd: 0.015
gamma: 0.007
decay_start_ratio: 0.15
decay_min_factor: 0.3
bandwith_kernel: None
no_interact: False
avg_score: -199.17999267578125
median_score: -201.0
std_score: 13.409235954284668
percentiles: 2%=-224.0, 5%=-222.10000610351562, 10%=-215.0, 25%=-207.0, 50%=-201.0, 75%=-189.0, 90%=-180.89999389648438, 95%=-174.0, 98%=-169.95999145507812
ranking_best_algo: Tabu
ranking_best_score: 208.36000000000004
ranking_my_rank: 86/504 (83.1%)
ranking_my_percent: 83.13492063492063
