ConfigName: krbf__advnormalizedfitness__M4__L8__eps0p015__g0p005__ds0p01__dm0p3
Problem: QUBO
Kernel: rbf
Advantage: normalizedfitness
M: 4
lambda: 8
epsilon_svgd: 0.015
gamma: 0.005
decay_start_ratio: 0.01
decay_min_factor: 0.3
bandwith_kernel: None
no_interact: False
avg_score: -1164.43994140625
median_score: -1161.0
std_score: 59.051727294921875
percentiles: 2%=-1283.260009765625, 5%=-1265.4000244140625, 10%=-1240.300048828125, 25%=-1202.25, 50%=-1161.0, 75%=-1119.75, 90%=-1084.199951171875, 95%=-1070.9000244140625, 98%=-1060.8800048828125
ranking_best_algo: Tabu
ranking_best_score: 1216.16
ranking_my_rank: 96/504 (81.2%)
ranking_my_percent: 81.15079365079364
