ConfigName: krbf__advnormalizedfitness__M3__L8__eps0p015__g0p005__ds0p01__dm0p01
Problem: QUBO
Kernel: rbf
Advantage: normalizedfitness
M: 3
lambda: 8
epsilon_svgd: 0.015
gamma: 0.005
decay_start_ratio: 0.01
decay_min_factor: 0.01
bandwith_kernel: None
no_interact: False
avg_score: -138.6199951171875
median_score: -139.0
std_score: 10.452540397644043
percentiles: 2%=-158.02000427246094, 5%=-158.0, 10%=-151.10000610351562, 25%=-146.0, 50%=-139.0, 75%=-129.0, 90%=-127.0, 95%=-124.90000915527344, 98%=-119.0
ranking_best_algo: DiscreteDE
ranking_best_score: 143.4
ranking_my_rank: 98/504 (80.8%)
ranking_my_percent: 80.75396825396825
