ConfigName: krbf__advnormalizedfitness__M1__L8__eps0p033__g0p015__ds0p3__dm0p01
Problem: NK
Kernel: rbf
Advantage: normalizedfitness
M: 1
lambda: 8
epsilon_svgd: 0.033
gamma: 0.015
decay_start_ratio: 0.3
decay_min_factor: 0.01
bandwith_kernel: None
no_interact: False
avg_score: 0.7287708520889282
median_score: 0.7293505668640137
std_score: 0.0088966628536582
percentiles: 2%=0.7096397280693054, 5%=0.7132228016853333, 10%=0.716677725315094, 25%=0.7242612838745117, 50%=0.7293505668640137, 75%=0.7350391149520874, 90%=0.7407960891723633, 95%=0.7423184514045715, 98%=0.7435974478721619
ranking_best_algo: PBIL
ranking_best_score: 0.7248786399609374
ranking_my_rank: 1/504 (100.0%)
ranking_my_percent: 100.0
