ConfigName: krbf__advnormalizedfitness__M4__L15__eps0p025__g0p007__ds0p01__dm0p3
Problem: NK
Kernel: rbf
Advantage: normalizedfitness
M: 4
lambda: 15
epsilon_svgd: 0.025
gamma: 0.007
decay_start_ratio: 0.01
decay_min_factor: 0.3
bandwith_kernel: None
no_interact: False
avg_score: 0.7086638808250427
median_score: 0.709662914276123
std_score: 0.014999275095760822
percentiles: 2%=0.6713478565216064, 5%=0.6720842719078064, 10%=0.6954286694526672, 25%=0.7044990062713623, 50%=0.709662914276123, 75%=0.7170226573944092, 90%=0.7252289056777954, 95%=0.7294573783874512, 98%=0.730762779712677
ranking_best_algo: CMApara
ranking_best_score: 0.707475975
ranking_my_rank: 1/504 (100.0%)
ranking_my_percent: 100.0
