ConfigName: kjsd__advperagentrankweighted__M2__L20__eps0p005__g0p0005__ds0p05__dm0p05
Problem: QUBO
Kernel: jsd
Advantage: peragentrankweighted
M: 2
lambda: 20
epsilon_svgd: 0.005
gamma: 0.0005
decay_start_ratio: 0.05
decay_min_factor: 0.05
bandwith_kernel: None
no_interact: False
avg_score: -574.1400146484375
median_score: -573.5
std_score: 26.534135818481445
percentiles: 2%=-629.0399780273438, 5%=-617.5, 10%=-609.0, 25%=-591.0, 50%=-573.5, 75%=-555.75, 90%=-538.0, 95%=-530.0, 98%=-528.9000244140625
ranking_best_algo: Tabu
ranking_best_score: 588.7199999999999
ranking_my_rank: 57/503 (88.9%)
ranking_my_percent: 88.86679920477137
