Problem: QUBO
Kernel: jsd
Advantage: peragentrankweighted
M: 10
lambda: 15
epsilon_svgd: 0.007
gamma: 5e-05
bandwith_kernel: None
no_interact: False
avg_score: -950.739990234375
median_score: -949.5
std_score: 60.51472854614258
percentiles: 2%=-1065.0999755859375, 5%=-1056.25, 10%=-1031.0, 25%=-992.0, 50%=-949.5, 75%=-911.25, 90%=-866.2000122070312, 95%=-846.5999755859375, 98%=-836.760009765625
ranking_best_algo: CMApara
ranking_best_score: 964.9
ranking_my_rank: 3/505 (99.6%)
