Problem: QUBO
Kernel: pk
Advantage: peragentrankweighted
M: 10
lambda: 15
epsilon_svgd: 0.01
gamma: 0.0001
bandwith_kernel: None
no_interact: False
avg_score: -950.280029296875
median_score: -945.5
std_score: 63.28176498413086
percentiles: 2%=-1072.0799560546875, 5%=-1048.0, 10%=-1038.0999755859375, 25%=-999.0, 50%=-945.5, 75%=-905.5, 90%=-867.7000122070312, 95%=-850.9000244140625, 98%=-846.639892578125
ranking_best_algo: CMApara
ranking_best_score: 964.9
ranking_my_rank: 3/505 (99.6%)
