Problem: QUBO
Kernel: rbf
Advantage: peragentrankweighted
M: 15
lambda: 10
epsilon_svgd: 0.01
gamma: 0.0001
bandwith_kernel: None
no_interact: False
avg_score: -952.3599853515625
median_score: -955.5
std_score: 63.82985305786133
percentiles: 2%=-1072.0799560546875, 5%=-1060.300048828125, 10%=-1035.0, 25%=-993.75, 50%=-955.5, 75%=-901.5, 90%=-860.7999877929688, 95%=-850.7000122070312, 98%=-832.9199829101562
ranking_best_algo: CMApara
ranking_best_score: 964.9
ranking_my_rank: 3/505 (99.6%)
