Problem: QUBO
Kernel: pk
Advantage: peragentrankweighted
M: 10
lambda: 10
epsilon_svgd: 0.007
gamma: 0.0001
bandwith_kernel: None
no_interact: False
avg_score: -955.3599853515625
median_score: -955.5
std_score: 63.69874572753906
percentiles: 2%=-1076.0400390625, 5%=-1072.199951171875, 10%=-1037.9000244140625, 25%=-997.25, 50%=-955.5, 75%=-904.75, 90%=-874.7999877929688, 95%=-863.0, 98%=-832.8800048828125
ranking_best_algo: CMApara
ranking_best_score: 964.9
ranking_my_rank: 3/505 (99.6%)
