ConfigName: krbf__advnormalizedfitness__M3__L10__eps0p025__g0p007__ds0p15__dm0p01
Problem: QUBO
Kernel: rbf
Advantage: normalizedfitness
M: 3
lambda: 10
epsilon_svgd: 0.025
gamma: 0.007
decay_start_ratio: 0.15
decay_min_factor: 0.01
bandwith_kernel: None
no_interact: False
avg_score: -1270.8399658203125
median_score: -1266.5
std_score: 61.99221420288086
percentiles: 2%=-1413.0799560546875, 5%=-1368.199951171875, 10%=-1357.0999755859375, 25%=-1316.0, 50%=-1266.5, 75%=-1227.0, 90%=-1191.0, 95%=-1183.0, 98%=-1160.679931640625
ranking_best_algo: BigLognormalDiscreteOnePlusOne
ranking_best_score: 1301.3600000000004
ranking_my_rank: 46/504 (91.1%)
ranking_my_percent: 91.07142857142857
