ConfigName: kjsd__advperagentrankweighted__M3__L16__eps0p005__g0p0007__ds0p1__dm0p1
Problem: NK
Kernel: jsd
Advantage: peragentrankweighted
M: 3
lambda: 16
epsilon_svgd: 0.005
gamma: 0.0007
decay_start_ratio: 0.1
decay_min_factor: 0.1
bandwith_kernel: None
no_interact: False
avg_score: 0.7075023055076599
median_score: 0.710502028465271
std_score: 0.011955730617046356
percentiles: 2%=0.6873119473457336, 5%=0.688705325126648, 10%=0.6921178698539734, 25%=0.6963468790054321, 50%=0.710502028465271, 75%=0.7173365950584412, 90%=0.7220501899719238, 95%=0.7240421175956726, 98%=0.7245598435401917
ranking_best_algo: PBIL
ranking_best_score: 0.7013553837109374
ranking_my_rank: 1/504 (100.0%)
ranking_my_percent: 100.0
