ConfigName: krbf__advnormalizedfitness__M2__L9__eps0p01__g0p005__ds0p01__dm0p01
Problem: NK
Kernel: rbf
Advantage: normalizedfitness
M: 2
lambda: 9
epsilon_svgd: 0.01
gamma: 0.005
decay_start_ratio: 0.01
decay_min_factor: 0.01
bandwith_kernel: None
no_interact: False
avg_score: 0.7077445983886719
median_score: 0.7099664807319641
std_score: 0.011845694854855537
percentiles: 2%=0.6888141632080078, 5%=0.6894962787628174, 10%=0.6930831670761108, 25%=0.6963928937911987, 50%=0.7099664807319641, 75%=0.7181569337844849, 90%=0.7215670943260193, 95%=0.7246129512786865, 98%=0.7249876856803894
ranking_best_algo: PBIL
ranking_best_score: 0.7013553837109374
ranking_my_rank: 1/504 (100.0%)
ranking_my_percent: 100.0
