ConfigName: krbf__advnormalizedfitness__M3__L10__eps0p015__g0p007__ds0p15__dm0p01
Problem: QUBO
Kernel: rbf
Advantage: normalizedfitness
M: 3
lambda: 10
epsilon_svgd: 0.015
gamma: 0.007
decay_start_ratio: 0.15
decay_min_factor: 0.01
bandwith_kernel: None
no_interact: False
avg_score: -1540.93994140625
median_score: -1535.5
std_score: 106.32862091064453
percentiles: 2%=-1738.800048828125, 5%=-1729.3499755859375, 10%=-1700.5, 25%=-1613.0, 50%=-1535.5, 75%=-1462.5, 90%=-1410.4000244140625, 95%=-1383.949951171875, 98%=-1331.0
ranking_best_algo: NLOPT_LN_PRAXIS
ranking_best_score: 1607.12
ranking_my_rank: 55/504 (89.3%)
ranking_my_percent: 89.28571428571429
