ConfigName: krbf__advnormalizedfitness__M4__L10__eps0p02__g0p01__ds0p15__dm0p05
Problem: QUBO
Kernel: rbf
Advantage: normalizedfitness
M: 4
lambda: 10
epsilon_svgd: 0.02
gamma: 0.01
decay_start_ratio: 0.15
decay_min_factor: 0.05
bandwith_kernel: None
no_interact: False
avg_score: -2219.02001953125
median_score: -2199.0
std_score: 205.5754852294922
percentiles: 2%=-2620.659912109375, 5%=-2584.300048828125, 10%=-2468.5, 25%=-2369.0, 50%=-2199.0, 75%=-2049.5, 90%=-1949.5999755859375, 95%=-1872.0, 98%=-1861.93994140625
ranking_best_algo: DiscreteLengler2OnePlusOne
ranking_best_score: 2617.04
ranking_my_rank: 207/504 (59.1%)
ranking_my_percent: 59.12698412698413
