ConfigName: kjsd__advperagentrankweighted__M3__L20__eps0p01__g0p0005__ds0p05__dm0p2
Problem: QUBO
Kernel: jsd
Advantage: peragentrankweighted
M: 3
lambda: 20
epsilon_svgd: 0.01
gamma: 0.0005
decay_start_ratio: 0.05
decay_min_factor: 0.2
bandwith_kernel: None
no_interact: False
avg_score: -146.97999572753906
median_score: -146.0
std_score: 14.466498374938965
percentiles: 2%=-179.0, 5%=-179.0, 10%=-164.0, 25%=-154.25, 50%=-146.0, 75%=-140.75, 90%=-130.60000610351562, 95%=-123.80000305175781, 98%=-117.0
ranking_best_algo: CMApara
ranking_best_score: 154.28
ranking_my_rank: 101/504 (80.2%)
ranking_my_percent: 80.15873015873017
