ConfigName: krbf__advnormalizedfitness__M1__L8__eps0p015__g0p007__ds0p15__dm0p3
Problem: NK
Kernel: rbf
Advantage: normalizedfitness
M: 1
lambda: 8
epsilon_svgd: 0.015
gamma: 0.007
decay_start_ratio: 0.15
decay_min_factor: 0.3
bandwith_kernel: None
no_interact: False
avg_score: 0.7398998737335205
median_score: 0.7380374670028687
std_score: 0.014686940237879753
percentiles: 2%=0.7114690542221069, 5%=0.7141410112380981, 10%=0.7233695983886719, 25%=0.7301632761955261, 50%=0.7380374670028687, 75%=0.7499290704727173, 90%=0.758203387260437, 95%=0.76542729139328, 98%=0.7685574293136597
ranking_best_algo: Tabu
ranking_best_score: 0.7657846284375001
ranking_my_rank: 83/504 (83.7%)
ranking_my_percent: 83.73015873015873
