ConfigName: kjsd__advperagentrankweighted__M5__L10__eps0p005__g0p0007__ds0p05__dm0p2
Problem: NK
Kernel: jsd
Advantage: peragentrankweighted
M: 5
lambda: 10
epsilon_svgd: 0.005
gamma: 0.0007
decay_start_ratio: 0.05
decay_min_factor: 0.2
bandwith_kernel: None
no_interact: False
avg_score: 0.7431307435035706
median_score: 0.742425262928009
std_score: 0.013635103590786457
percentiles: 2%=0.7165243029594421, 5%=0.7192308902740479, 10%=0.7256731390953064, 25%=0.7337246537208557, 50%=0.742425262928009, 75%=0.7520636320114136, 90%=0.7620284557342529, 95%=0.7672744393348694, 98%=0.7680692672729492
ranking_best_algo: Tabu
ranking_best_score: 0.7601875690625
ranking_my_rank: 8/504 (98.6%)
ranking_my_percent: 98.61111111111111
