ConfigName: krbf__advnormalizedfitness__M4__L24__eps0p01__g0p001__ds0p05__dm0p05
Problem: NK
Kernel: rbf
Advantage: normalizedfitness
M: 4
lambda: 24
epsilon_svgd: 0.01
gamma: 0.001
decay_start_ratio: 0.05
decay_min_factor: 0.05
bandwith_kernel: None
no_interact: False
avg_score: 0.7327679991722107
median_score: 0.7340448498725891
std_score: 0.008986375294625759
percentiles: 2%=0.7100399136543274, 5%=0.7152506709098816, 10%=0.7218618392944336, 25%=0.7271614670753479, 50%=0.7340448498725891, 75%=0.7397438883781433, 90%=0.743847131729126, 95%=0.7449698448181152, 98%=0.7464905381202698
ranking_best_algo: PBIL
ranking_best_score: 0.7248786399609374
ranking_my_rank: 1/504 (100.0%)
ranking_my_percent: 100.0
