ConfigName: kjsd__advperagentrankweighted__M3__L20__eps0p005__g0p001__ds0p1__dm0p1
Problem: QUBO
Kernel: jsd
Advantage: peragentrankweighted
M: 3
lambda: 20
epsilon_svgd: 0.005
gamma: 0.001
decay_start_ratio: 0.1
decay_min_factor: 0.1
bandwith_kernel: None
no_interact: False
avg_score: -1618.4000244140625
median_score: -1620.5
std_score: 67.05296325683594
percentiles: 2%=-1754.02001953125, 5%=-1746.0, 10%=-1708.5, 25%=-1654.25, 50%=-1620.5, 75%=-1572.75, 90%=-1538.800048828125, 95%=-1510.800048828125, 98%=-1498.5999755859375
ranking_best_algo: NLOPT_LN_PRAXIS
ranking_best_score: 1607.12
ranking_my_rank: 1/504 (100.0%)
ranking_my_percent: 100.0
