ConfigName: krbf__advnormalizedfitness__M5__L24__eps0p03__g0p01__ds0p05__dm0p05
Problem: NK
Kernel: rbf
Advantage: normalizedfitness
M: 5
lambda: 24
epsilon_svgd: 0.03
gamma: 0.01
decay_start_ratio: 0.05
decay_min_factor: 0.05
bandwith_kernel: None
no_interact: False
avg_score: 0.6427708268165588
median_score: 0.6421511173248291
std_score: 0.01076366938650608
percentiles: 2%=0.625888466835022, 5%=0.6270142793655396, 10%=0.6298007369041443, 25%=0.6349186897277832, 50%=0.6421511173248291, 75%=0.6479569673538208, 90%=0.6562228202819824, 95%=0.660144567489624, 98%=0.671550989151001
ranking_best_algo: Tabu
ranking_best_score: 0.7601875690625
ranking_my_rank: 391/504 (22.6%)
ranking_my_percent: 22.61904761904762
