ConfigName: krbf__advnormalizedfitness__M4__L15__eps0p033__g0p01__ds0p01__dm0p3
Problem: QUBO
Kernel: rbf
Advantage: normalizedfitness
M: 4
lambda: 15
epsilon_svgd: 0.033
gamma: 0.01
decay_start_ratio: 0.01
decay_min_factor: 0.3
bandwith_kernel: None
no_interact: False
avg_score: -2057.3798828125
median_score: -2052.5
std_score: 270.2740478515625
percentiles: 2%=-2800.159912109375, 5%=-2598.14990234375, 10%=-2353.5, 25%=-2198.25, 50%=-2052.5, 75%=-1866.5, 90%=-1738.0, 95%=-1664.6500244140625, 98%=-1629.8800048828125
ranking_best_algo: RLSOnePlusOne
ranking_best_score: 3316.5199999999995
ranking_my_rank: 319/504 (36.9%)
ranking_my_percent: 36.904761904761905
