ConfigName: kfr__advglobalrankweighted__M2__L10__eps0p01__g0p007__ds0p01__dm0p01
Problem: QUBO
Kernel: fr
Advantage: globalrankweighted
M: 2
lambda: 10
epsilon_svgd: 0.01
gamma: 0.007
decay_start_ratio: 0.01
decay_min_factor: 0.01
bandwith_kernel: None
no_interact: False
avg_score: -198.4199981689453
median_score: -199.0
std_score: 12.297300338745117
percentiles: 2%=-224.0, 5%=-220.10000610351562, 10%=-213.1999969482422, 25%=-207.0, 50%=-199.0, 75%=-190.0, 90%=-183.89999389648438, 95%=-178.95001220703125, 98%=-177.0
ranking_best_algo: Tabu
ranking_best_score: 208.36000000000004
ranking_my_rank: 99/504 (80.6%)
ranking_my_percent: 80.55555555555556
