ConfigName: kjsd__advperagentrankweighted__M3__L20__eps0p007__g0p0007__ds0p05__dm0p2
Problem: QUBO
Kernel: jsd
Advantage: peragentrankweighted
M: 3
lambda: 20
epsilon_svgd: 0.007
gamma: 0.0007
decay_start_ratio: 0.05
decay_min_factor: 0.2
bandwith_kernel: None
no_interact: False
avg_score: -3285.9599609375
median_score: -3263.5
std_score: 141.07444763183594
percentiles: 2%=-3622.179931640625, 5%=-3572.0, 10%=-3488.800048828125, 25%=-3384.0, 50%=-3263.5, 75%=-3192.5, 90%=-3121.199951171875, 95%=-3093.449951171875, 98%=-3063.820068359375
ranking_best_algo: RLSOnePlusOne
ranking_best_score: 3316.5199999999995
ranking_my_rank: 3/504 (99.6%)
ranking_my_percent: 99.60317460317461
