ConfigName: krbf__advnormalizedfitness__M1__L10__eps0p015__g0p005__ds0p15__dm0p01
Problem: QUBO
Kernel: rbf
Advantage: normalizedfitness
M: 1
lambda: 10
epsilon_svgd: 0.015
gamma: 0.005
decay_start_ratio: 0.15
decay_min_factor: 0.01
bandwith_kernel: None
no_interact: False
avg_score: -1599.8599853515625
median_score: -1601.5
std_score: 60.87791442871094
percentiles: 2%=-1714.02001953125, 5%=-1695.300048828125, 10%=-1685.0999755859375, 25%=-1644.25, 50%=-1601.5, 75%=-1550.75, 90%=-1524.699951171875, 95%=-1510.60009765625, 98%=-1486.7999267578125
ranking_best_algo: NLOPT_LN_PRAXIS
ranking_best_score: 1607.12
ranking_my_rank: 13/504 (97.6%)
ranking_my_percent: 97.61904761904762
