ConfigName: kfr__advglobalrankweighted__M4__L5__eps0p01__g0p007__ds0p01__dm0p01
Problem: QUBO
Kernel: fr
Advantage: globalrankweighted
M: 4
lambda: 5
epsilon_svgd: 0.01
gamma: 0.007
decay_start_ratio: 0.01
decay_min_factor: 0.01
bandwith_kernel: None
no_interact: False
avg_score: -443.8999938964844
median_score: -449.0
std_score: 23.957252502441406
percentiles: 2%=-481.1400146484375, 5%=-472.04998779296875, 10%=-471.1000061035156, 25%=-463.25, 50%=-449.0, 75%=-427.75, 90%=-407.6000061035156, 95%=-400.9000244140625, 98%=-397.94000244140625
ranking_best_algo: CMApara
ranking_best_score: 453.82
ranking_my_rank: 6/504 (99.0%)
ranking_my_percent: 99.0079365079365
