ConfigName: kfr__advglobalrankweighted__M4__L5__eps0p01__g0p007__ds0p01__dm0p01
Problem: QUBO
Kernel: fr
Advantage: globalrankweighted
M: 4
lambda: 5
epsilon_svgd: 0.01
gamma: 0.007
decay_start_ratio: 0.01
decay_min_factor: 0.01
bandwith_kernel: None
no_interact: False
avg_score: -442.1000061035156
median_score: -443.0
std_score: 23.665800094604492
percentiles: 2%=-484.0199890136719, 5%=-479.1000061035156, 10%=-470.0, 25%=-461.0, 50%=-443.0, 75%=-426.5, 90%=-408.8999938964844, 95%=-403.79998779296875, 98%=-392.9599914550781
ranking_best_algo: CMApara
ranking_best_score: 453.82
ranking_my_rank: 9/504 (98.4%)
ranking_my_percent: 98.41269841269842
