ConfigName: krbf__advnormalizedfitness__M3__L15__eps0p033__g0p005__ds0p3__dm0p01
Problem: QUBO
Kernel: rbf
Advantage: normalizedfitness
M: 3
lambda: 15
epsilon_svgd: 0.033
gamma: 0.005
decay_start_ratio: 0.3
decay_min_factor: 0.01
bandwith_kernel: None
no_interact: False
avg_score: -2516.0400390625
median_score: -2515.0
std_score: 135.8063201904297
percentiles: 2%=-2772.080078125, 5%=-2755.050048828125, 10%=-2709.300048828125, 25%=-2591.25, 50%=-2515.0, 75%=-2421.5, 90%=-2332.39990234375, 95%=-2305.2001953125, 98%=-2246.760009765625
ranking_best_algo: SVM1MetaModelLogNormal
ranking_best_score: 2605.14
ranking_my_rank: 60/504 (88.3%)
ranking_my_percent: 88.2936507936508
