ConfigName: kjsd__advperagentrankweighted__M6__L10__eps0p005__g0p0005__ds0p3__dm0p05
Problem: NK
Kernel: jsd
Advantage: peragentrankweighted
M: 6
lambda: 10
epsilon_svgd: 0.005
gamma: 0.0005
decay_start_ratio: 0.3
decay_min_factor: 0.05
bandwith_kernel: None
no_interact: False
avg_score: 0.7551065683364868
median_score: 0.7572805285453796
std_score: 0.012549220584332943
percentiles: 2%=0.7280065417289734, 5%=0.7333734631538391, 10%=0.7380089163780212, 25%=0.7468985319137573, 50%=0.7572805285453796, 75%=0.7654448747634888, 90%=0.7689577341079712, 95%=0.7722815275192261, 98%=0.7767621278762817
ranking_best_algo: Tabu
ranking_best_score: 0.7657846284375001
ranking_my_rank: 7/504 (98.8%)
ranking_my_percent: 98.80952380952381
