ConfigName: kjsd__advperagentrankweighted__M3__L18__eps0p007__g0p0007__ds0p1__dm0p05
Problem: NK
Kernel: jsd
Advantage: peragentrankweighted
M: 3
lambda: 18
epsilon_svgd: 0.007
gamma: 0.0007
decay_start_ratio: 0.1
decay_min_factor: 0.05
bandwith_kernel: None
no_interact: False
avg_score: 0.7567089200019836
median_score: 0.7547852993011475
std_score: 0.012228069826960564
percentiles: 2%=0.7344202399253845, 5%=0.7371878027915955, 10%=0.7409979104995728, 25%=0.7492851614952087, 50%=0.7547852993011475, 75%=0.7672633528709412, 90%=0.7720648050308228, 95%=0.7765287160873413, 98%=0.7825815677642822
ranking_best_algo: Tabu
ranking_best_score: 0.7470791764843752
ranking_my_rank: 1/504 (100.0%)
ranking_my_percent: 100.0
