ConfigName: krbf__advnormalizedfitness__M4__L12__eps0p033__g0p005__ds0p3__dm0p01
Problem: QUBO
Kernel: rbf
Advantage: normalizedfitness
M: 4
lambda: 12
epsilon_svgd: 0.033
gamma: 0.005
decay_start_ratio: 0.3
decay_min_factor: 0.01
bandwith_kernel: None
no_interact: False
avg_score: -577.02001953125
median_score: -577.5
std_score: 27.7236270904541
percentiles: 2%=-629.0599975585938, 5%=-621.0999755859375, 10%=-615.0, 25%=-596.0, 50%=-577.5, 75%=-558.0, 90%=-536.7999877929688, 95%=-528.9000244140625, 98%=-519.97998046875
ranking_best_algo: Tabu
ranking_best_score: 588.7199999999999
ranking_my_rank: 47/503 (90.9%)
ranking_my_percent: 90.85487077534792
