ConfigName: krbf__advnormalizedfitness__M3__L10__eps0p025__g0p005__ds0p3__dm0p01
Problem: QUBO
Kernel: rbf
Advantage: normalizedfitness
M: 3
lambda: 10
epsilon_svgd: 0.025
gamma: 0.005
decay_start_ratio: 0.3
decay_min_factor: 0.01
bandwith_kernel: None
no_interact: False
avg_score: -326.3399963378906
median_score: -330.0
std_score: 24.904706954956055
percentiles: 2%=-372.0, 5%=-361.45001220703125, 10%=-354.1000061035156, 25%=-343.0, 50%=-330.0, 75%=-306.0, 90%=-290.6000061035156, 95%=-283.9000244140625, 98%=-277.8399658203125
ranking_best_algo: CMApara
ranking_best_score: 344.22
ranking_my_rank: 112/504 (78.0%)
ranking_my_percent: 77.97619047619048
