ConfigName: krbf__advnormalizedfitness__M4__L15__eps0p02__g0p0005__ds0p05__dm0p05
Problem: NK
Kernel: rbf
Advantage: normalizedfitness
M: 4
lambda: 15
epsilon_svgd: 0.02
gamma: 0.0005
decay_start_ratio: 0.05
decay_min_factor: 0.05
bandwith_kernel: None
no_interact: False
avg_score: 0.728199303150177
median_score: 0.7297670841217041
std_score: 0.010327527299523354
percentiles: 2%=0.7095305919647217, 5%=0.7106820344924927, 10%=0.7128010392189026, 25%=0.7194293737411499, 50%=0.7297670841217041, 75%=0.7353662252426147, 90%=0.740958571434021, 95%=0.7441959381103516, 98%=0.7463647127151489
ranking_best_algo: PBIL
ranking_best_score: 0.730509098125
ranking_my_rank: 7/504 (98.8%)
ranking_my_percent: 98.80952380952381
