ConfigName: kjsd__advperagentrankweighted__M3__L18__eps0p005__g0p001__ds0p1__dm0p05
Problem: NK
Kernel: jsd
Advantage: peragentrankweighted
M: 3
lambda: 18
epsilon_svgd: 0.005
gamma: 0.001
decay_start_ratio: 0.1
decay_min_factor: 0.05
bandwith_kernel: None
no_interact: False
avg_score: 0.7363704442977905
median_score: 0.7382161617279053
std_score: 0.008816113695502281
percentiles: 2%=0.7158282995223999, 5%=0.7183743119239807, 10%=0.7232477068901062, 25%=0.7315900921821594, 50%=0.7382161617279053, 75%=0.7427669167518616, 90%=0.7458509206771851, 95%=0.7480059266090393, 98%=0.7493388056755066
ranking_best_algo: PBIL
ranking_best_score: 0.7248786399609374
ranking_my_rank: 1/504 (100.0%)
ranking_my_percent: 100.0
