ConfigName: krbf__advnormalizedfitness__M4__L10__eps0p033__g0p01__ds0p15__dm0p3
Problem: QUBO
Kernel: rbf
Advantage: normalizedfitness
M: 4
lambda: 10
epsilon_svgd: 0.033
gamma: 0.01
decay_start_ratio: 0.15
decay_min_factor: 0.3
bandwith_kernel: None
no_interact: False
avg_score: -429.2799987792969
median_score: -433.0
std_score: 25.594562530517578
percentiles: 2%=-471.0199890136719, 5%=-467.0, 10%=-461.0, 25%=-450.25, 50%=-433.0, 75%=-412.75, 90%=-393.79998779296875, 95%=-386.9000244140625, 98%=-378.8799743652344
ranking_best_algo: CMApara
ranking_best_score: 453.82
ranking_my_rank: 91/504 (82.1%)
ranking_my_percent: 82.14285714285714
