ConfigName: krbf__advnormalizedfitness__M3__L10__eps0p033__g0p01__ds0p01__dm0p3
Problem: QUBO
Kernel: rbf
Advantage: normalizedfitness
M: 3
lambda: 10
epsilon_svgd: 0.033
gamma: 0.01
decay_start_ratio: 0.01
decay_min_factor: 0.3
bandwith_kernel: None
no_interact: False
avg_score: -3144.5
median_score: -3138.5
std_score: 169.6702423095703
percentiles: 2%=-3477.219970703125, 5%=-3426.199951171875, 10%=-3351.10009765625, 25%=-3254.0, 50%=-3138.5, 75%=-3015.75, 90%=-2929.60009765625, 95%=-2899.75, 98%=-2853.919921875
ranking_best_algo: RLSOnePlusOne
ranking_best_score: 3316.5199999999995
ranking_my_rank: 66/504 (87.1%)
ranking_my_percent: 87.10317460317461
