ConfigName: krbf__advnormalizedfitness__M4__L12__eps0p025__g0p007__ds0p01__dm0p3
Problem: QUBO
Kernel: rbf
Advantage: normalizedfitness
M: 4
lambda: 12
epsilon_svgd: 0.025
gamma: 0.007
decay_start_ratio: 0.01
decay_min_factor: 0.3
bandwith_kernel: None
no_interact: False
avg_score: -201.82000732421875
median_score: -202.0
std_score: 12.299901962280273
percentiles: 2%=-224.0, 5%=-222.0, 10%=-221.0, 25%=-208.25, 50%=-202.0, 75%=-193.75, 90%=-183.89999389648438, 95%=-180.95001220703125, 98%=-177.97999572753906
ranking_best_algo: Tabu
ranking_best_score: 208.36000000000004
ranking_my_rank: 39/504 (92.5%)
ranking_my_percent: 92.46031746031746
