ConfigName: krbf__advnormalizedfitness__M4__L10__eps0p025__g0p005__ds0p15__dm0p3
Problem: QUBO
Kernel: rbf
Advantage: normalizedfitness
M: 4
lambda: 10
epsilon_svgd: 0.025
gamma: 0.005
decay_start_ratio: 0.15
decay_min_factor: 0.3
bandwith_kernel: None
no_interact: False
avg_score: -1156.280029296875
median_score: -1156.0
std_score: 77.16075134277344
percentiles: 2%=-1327.0400390625, 5%=-1284.0, 10%=-1274.0999755859375, 25%=-1212.0, 50%=-1156.0, 75%=-1098.5, 90%=-1063.800048828125, 95%=-1040.8499755859375, 98%=-1018.8800048828125
ranking_best_algo: SVMMetaModelLogNormal
ranking_best_score: 1233.7999999999997
ranking_my_rank: 88/504 (82.7%)
ranking_my_percent: 82.73809523809524
