ConfigName: krbf__advnormalizedfitness__M2__L10__eps0p015__g0p01__ds0p3__dm0p01
Problem: QUBO
Kernel: rbf
Advantage: normalizedfitness
M: 2
lambda: 10
epsilon_svgd: 0.015
gamma: 0.01
decay_start_ratio: 0.3
decay_min_factor: 0.01
bandwith_kernel: None
no_interact: False
avg_score: -1185.760009765625
median_score: -1179.5
std_score: 57.94068145751953
percentiles: 2%=-1339.0400390625, 5%=-1291.0, 10%=-1251.800048828125, 25%=-1220.5, 50%=-1179.5, 75%=-1149.0, 90%=-1115.5999755859375, 95%=-1094.5999755859375, 98%=-1083.47998046875
ranking_best_algo: Tabu
ranking_best_score: 1216.16
ranking_my_rank: 64/504 (87.5%)
ranking_my_percent: 87.5
