ConfigName: kjsd__advperagentrankweighted__M3__L18__eps0p007__g0p001__ds0p1__dm0p2
Problem: QUBO
Kernel: jsd
Advantage: peragentrankweighted
M: 3
lambda: 18
epsilon_svgd: 0.007
gamma: 0.001
decay_start_ratio: 0.1
decay_min_factor: 0.2
bandwith_kernel: None
no_interact: False
avg_score: -425.5
median_score: -425.0
std_score: 28.095373153686523
percentiles: 2%=-475.1600036621094, 5%=-473.1000061035156, 10%=-460.0, 25%=-446.0, 50%=-425.0, 75%=-403.0, 90%=-390.6000061035156, 95%=-381.0, 98%=-371.94000244140625
ranking_best_algo: CMAL3
ranking_best_score: 435.36
ranking_my_rank: 27/504 (94.8%)
ranking_my_percent: 94.84126984126983
