ConfigName: kjsd__advperagentrankweighted__M4__L12__eps0p005__g0p001__ds0p1__dm0p05
Problem: QUBO
Kernel: jsd
Advantage: peragentrankweighted
M: 4
lambda: 12
epsilon_svgd: 0.005
gamma: 0.001
decay_start_ratio: 0.1
decay_min_factor: 0.05
bandwith_kernel: None
no_interact: False
avg_score: -148.8800048828125
median_score: -147.5
std_score: 11.81801986694336
percentiles: 2%=-179.0, 5%=-179.0, 10%=-158.1999969482422, 25%=-155.0, 50%=-147.5, 75%=-141.0, 90%=-135.89999389648438, 95%=-133.9499969482422, 98%=-130.8800048828125
ranking_best_algo: CMApara
ranking_best_score: 154.28
ranking_my_rank: 82/504 (83.9%)
ranking_my_percent: 83.92857142857143
