ConfigName: krbf__advnormalizedfitness__M1__L8__eps0p015__g0p015__ds0p01__dm0p01
Problem: QUBO
Kernel: rbf
Advantage: normalizedfitness
M: 1
lambda: 8
epsilon_svgd: 0.015
gamma: 0.015
decay_start_ratio: 0.01
decay_min_factor: 0.01
bandwith_kernel: None
no_interact: False
avg_score: -1290.760009765625
median_score: -1292.0
std_score: 57.43589782714844
percentiles: 2%=-1401.0799560546875, 5%=-1377.3499755859375, 10%=-1357.4000244140625, 25%=-1330.0, 50%=-1292.0, 75%=-1255.5, 90%=-1218.800048828125, 95%=-1205.75, 98%=-1181.8797607421875
ranking_best_algo: BigLognormalDiscreteOnePlusOne
ranking_best_score: 1301.3600000000004
ranking_my_rank: 2/504 (99.8%)
ranking_my_percent: 99.8015873015873
