ConfigName: krbf__advnormalizedfitness__M4__L15__eps0p02__g0p001__ds0p05__dm0p05
Problem: NK
Kernel: rbf
Advantage: normalizedfitness
M: 4
lambda: 15
epsilon_svgd: 0.02
gamma: 0.001
decay_start_ratio: 0.05
decay_min_factor: 0.05
bandwith_kernel: None
no_interact: False
avg_score: 0.750221848487854
median_score: 0.7501378655433655
std_score: 0.013875964097678661
percentiles: 2%=0.7238644957542419, 5%=0.7267851233482361, 10%=0.7318554520606995, 25%=0.7396347522735596, 50%=0.7501378655433655, 75%=0.7608133554458618, 90%=0.7686373591423035, 95%=0.7710027694702148, 98%=0.776346743106842
ranking_best_algo: Tabu
ranking_best_score: 0.7657846284375001
ranking_my_rank: 23/504 (95.6%)
ranking_my_percent: 95.63492063492063
