ConfigName: krbf__advnormalizedfitness__M3__L10__eps0p033__g0p01__ds0p01__dm0p01
Problem: QUBO
Kernel: rbf
Advantage: normalizedfitness
M: 3
lambda: 10
epsilon_svgd: 0.033
gamma: 0.01
decay_start_ratio: 0.01
decay_min_factor: 0.01
bandwith_kernel: None
no_interact: False
avg_score: -3227.080078125
median_score: -3227.5
std_score: 142.40208435058594
percentiles: 2%=-3520.1201171875, 5%=-3473.300048828125, 10%=-3393.39990234375, 25%=-3320.25, 50%=-3227.5, 75%=-3136.75, 90%=-3064.0, 95%=-3010.150146484375, 98%=-2936.559814453125
ranking_best_algo: RLSOnePlusOne
ranking_best_score: 3316.5199999999995
ranking_my_rank: 42/504 (91.9%)
ranking_my_percent: 91.86507936507937
