ConfigName: kjsd__advperagentrankweighted__M3__L16__eps0p01__g0p001__ds0p05__dm0p05
Problem: QUBO
Kernel: jsd
Advantage: peragentrankweighted
M: 3
lambda: 16
epsilon_svgd: 0.01
gamma: 0.001
decay_start_ratio: 0.05
decay_min_factor: 0.05
bandwith_kernel: None
no_interact: False
avg_score: -440.05999755859375
median_score: -440.0
std_score: 25.996082305908203
percentiles: 2%=-479.0400085449219, 5%=-479.0, 10%=-472.1000061035156, 25%=-462.0, 50%=-440.0, 75%=-426.5, 90%=-405.79998779296875, 95%=-387.8999938964844, 98%=-383.9800109863281
ranking_best_algo: CMApara
ranking_best_score: 453.82
ranking_my_rank: 15/504 (97.2%)
ranking_my_percent: 97.22222222222223
