ConfigName: kfr__advglobalrankweighted__M4__L9__eps0p02__g0p005__ds0p01__dm0p01
Problem: QUBO
Kernel: fr
Advantage: globalrankweighted
M: 4
lambda: 9
epsilon_svgd: 0.02
gamma: 0.005
decay_start_ratio: 0.01
decay_min_factor: 0.01
bandwith_kernel: None
no_interact: False
avg_score: -936.780029296875
median_score: -935.5
std_score: 65.70762634277344
percentiles: 2%=-1074.0400390625, 5%=-1053.199951171875, 10%=-1023.2000122070312, 25%=-977.25, 50%=-935.5, 75%=-886.5, 90%=-858.4000244140625, 95%=-827.0, 98%=-808.8800048828125
ranking_best_algo: CMApara
ranking_best_score: 964.9
ranking_my_rank: 10/504 (98.2%)
ranking_my_percent: 98.21428571428571
