ConfigName: kjsd__advperagentrankweighted__M4__L8__eps0p005__g0p0005__ds0p2__dm0p2
Problem: QUBO
Kernel: jsd
Advantage: peragentrankweighted
M: 4
lambda: 8
epsilon_svgd: 0.005
gamma: 0.0005
decay_start_ratio: 0.2
decay_min_factor: 0.2
bandwith_kernel: None
no_interact: False
avg_score: -328.20001220703125
median_score: -332.0
std_score: 23.93741798400879
percentiles: 2%=-372.0, 5%=-361.0, 10%=-354.29998779296875, 25%=-343.0, 50%=-332.0, 75%=-314.0, 90%=-290.0, 95%=-281.95001220703125, 98%=-280.0
ranking_best_algo: CMApara
ranking_best_score: 344.22
ranking_my_rank: 84/504 (83.5%)
ranking_my_percent: 83.53174603174604
