ConfigName: kjsd__advperagentrankweighted__M6__L30__eps0p005__g0p0005__ds0p05__dm0p05
Problem: QUBO
Kernel: jsd
Advantage: peragentrankweighted
M: 6
lambda: 30
epsilon_svgd: 0.005
gamma: 0.0005
decay_start_ratio: 0.05
decay_min_factor: 0.05
bandwith_kernel: None
no_interact: False
avg_score: -1078.3599853515625
median_score: -1075.0
std_score: 82.45077514648438
percentiles: 2%=-1266.280029296875, 5%=-1208.550048828125, 10%=-1183.199951171875, 25%=-1130.5, 50%=-1075.0, 75%=-1017.5, 90%=-967.5, 95%=-955.75, 98%=-928.7999877929688
ranking_best_algo: SVMMetaModelLogNormal
ranking_best_score: 1233.7999999999997
ranking_my_rank: 177/504 (65.1%)
ranking_my_percent: 65.07936507936508
