ConfigName: kjsd__advperagentrankweighted__M5__L8__eps0p01__g0p003__ds0p05__dm0p05
Problem: QUBO
Kernel: jsd
Advantage: peragentrankweighted
M: 5
lambda: 8
epsilon_svgd: 0.01
gamma: 0.003
decay_start_ratio: 0.05
decay_min_factor: 0.05
bandwith_kernel: None
no_interact: False
avg_score: -427.3599853515625
median_score: -424.5
std_score: 26.42329216003418
percentiles: 2%=-481.0400085449219, 5%=-477.1000061035156, 10%=-469.0, 25%=-443.25, 50%=-424.5, 75%=-409.75, 90%=-391.0, 95%=-388.0, 98%=-387.9599914550781
ranking_best_algo: CMAL3
ranking_best_score: 435.36
ranking_my_rank: 19/504 (96.4%)
ranking_my_percent: 96.42857142857143
