ConfigName: kjsd__advperagentrankweighted__M3__L20__eps0p007__g0p003__ds0p1__dm0p1
Problem: QUBO
Kernel: jsd
Advantage: peragentrankweighted
M: 3
lambda: 20
epsilon_svgd: 0.007
gamma: 0.003
decay_start_ratio: 0.1
decay_min_factor: 0.1
bandwith_kernel: None
no_interact: False
avg_score: -921.0
median_score: -915.0
std_score: 71.41106414794922
percentiles: 2%=-1072.0400390625, 5%=-1045.1500244140625, 10%=-1031.0999755859375, 25%=-957.75, 50%=-915.0, 75%=-880.0, 90%=-828.9000244140625, 95%=-792.9000244140625, 98%=-788.7999877929688
ranking_best_algo: CMApara
ranking_best_score: 964.9
ranking_my_rank: 58/504 (88.7%)
ranking_my_percent: 88.69047619047619
