ConfigName: krbf__advnormalizedfitness__M2__L9__eps0p02__g0p003__ds0p01__dm0p01
Problem: QUBO
Kernel: rbf
Advantage: normalizedfitness
M: 2
lambda: 9
epsilon_svgd: 0.02
gamma: 0.003
decay_start_ratio: 0.01
decay_min_factor: 0.01
bandwith_kernel: None
no_interact: False
avg_score: -3239.860107421875
median_score: -3248.5
std_score: 129.2435760498047
percentiles: 2%=-3489.280029296875, 5%=-3466.64990234375, 10%=-3411.89990234375, 25%=-3324.25, 50%=-3248.5, 75%=-3153.25, 90%=-3057.89990234375, 95%=-3041.5, 98%=-3007.179931640625
ranking_best_algo: RLSOnePlusOne
ranking_best_score: 3316.5199999999995
ranking_my_rank: 42/504 (91.9%)
ranking_my_percent: 91.86507936507937
