ConfigName: kjsd__advperagentrankweighted__M3__L18__eps0p01__g0p003__ds0p1__dm0p05
Problem: QUBO
Kernel: jsd
Advantage: peragentrankweighted
M: 3
lambda: 18
epsilon_svgd: 0.01
gamma: 0.003
decay_start_ratio: 0.1
decay_min_factor: 0.05
bandwith_kernel: None
no_interact: False
avg_score: -201.6999969482422
median_score: -202.0
std_score: 12.470365524291992
percentiles: 2%=-224.0, 5%=-224.0, 10%=-221.0, 25%=-209.25, 50%=-202.0, 75%=-194.0, 90%=-185.0, 95%=-180.9499969482422, 98%=-178.89999389648438
ranking_best_algo: Tabu
ranking_best_score: 208.36000000000004
ranking_my_rank: 39/504 (92.5%)
ranking_my_percent: 92.46031746031746
