ConfigName: kfr__advglobalrankweighted__M6__L9__eps0p02__g0p005__ds0p01__dm0p01
Problem: QUBO
Kernel: fr
Advantage: globalrankweighted
M: 6
lambda: 9
epsilon_svgd: 0.02
gamma: 0.005
decay_start_ratio: 0.01
decay_min_factor: 0.01
bandwith_kernel: None
no_interact: False
avg_score: -139.33999633789062
median_score: -141.0
std_score: 11.079910278320312
percentiles: 2%=-157.02000427246094, 5%=-157.0, 10%=-155.10000610351562, 25%=-146.0, 50%=-141.0, 75%=-130.0, 90%=-125.0, 95%=-120.95000457763672, 98%=-118.95999145507812
ranking_best_algo: DiscreteDE
ranking_best_score: 143.4
ranking_my_rank: 86/504 (83.1%)
ranking_my_percent: 83.13492063492063
