ConfigName: kfr__advglobalrankweighted__M4__L12__eps0p01__g0p005__ds0p01__dm0p01
Problem: QUBO
Kernel: fr
Advantage: globalrankweighted
M: 4
lambda: 12
epsilon_svgd: 0.01
gamma: 0.005
decay_start_ratio: 0.01
decay_min_factor: 0.01
bandwith_kernel: None
no_interact: False
avg_score: -434.260009765625
median_score: -433.0
std_score: 24.550607681274414
percentiles: 2%=-481.1600036621094, 5%=-472.0, 10%=-465.1000061035156, 25%=-451.0, 50%=-433.0, 75%=-414.75, 90%=-403.79998779296875, 95%=-392.9000244140625, 98%=-388.9599914550781
ranking_best_algo: CMApara
ranking_best_score: 453.82
ranking_my_rank: 40/504 (92.3%)
ranking_my_percent: 92.26190476190476
