ConfigName: krbf__advnormalizedfitness__M3__L8__eps0p033__g0p005__ds0p15__dm0p3
Problem: QUBO
Kernel: rbf
Advantage: normalizedfitness
M: 3
lambda: 8
epsilon_svgd: 0.033
gamma: 0.005
decay_start_ratio: 0.15
decay_min_factor: 0.3
bandwith_kernel: None
no_interact: False
avg_score: -923.719970703125
median_score: -924.0
std_score: 69.13307189941406
percentiles: 2%=-1072.0400390625, 5%=-1045.1500244140625, 10%=-1019.4000244140625, 25%=-964.25, 50%=-924.0, 75%=-880.75, 90%=-838.0, 95%=-812.9000244140625, 98%=-798.31982421875
ranking_best_algo: CMApara
ranking_best_score: 964.9
ranking_my_rank: 23/504 (95.6%)
ranking_my_percent: 95.63492063492063
