ConfigName: kjsd__advperagentrankweighted__M3__L16__eps0p005__g0p001__ds0p2__dm0p1
Problem: NK
Kernel: jsd
Advantage: peragentrankweighted
M: 3
lambda: 16
epsilon_svgd: 0.005
gamma: 0.001
decay_start_ratio: 0.2
decay_min_factor: 0.1
bandwith_kernel: None
no_interact: False
avg_score: 0.7075430154800415
median_score: 0.7094163298606873
std_score: 0.011846029199659824
percentiles: 2%=0.6892215013504028, 5%=0.6899521350860596, 10%=0.6933296322822571, 25%=0.6960241794586182, 50%=0.7094163298606873, 75%=0.7174103260040283, 90%=0.7219504117965698, 95%=0.7237673401832581, 98%=0.7251145839691162
ranking_best_algo: PBIL
ranking_best_score: 0.7013553837109374
ranking_my_rank: 1/504 (100.0%)
ranking_my_percent: 100.0
