ConfigName: kjsd__advperagentrankweighted__M5__L8__eps0p03__g0p0003__ds0p2__dm0p05
Problem: QUBO
Kernel: jsd
Advantage: peragentrankweighted
M: 5
lambda: 8
epsilon_svgd: 0.03
gamma: 0.0003
decay_start_ratio: 0.2
decay_min_factor: 0.05
bandwith_kernel: None
no_interact: False
avg_score: -1243.8399658203125
median_score: -1241.5
std_score: 56.147613525390625
percentiles: 2%=-1358.0799560546875, 5%=-1350.25, 10%=-1305.5999755859375, 25%=-1275.75, 50%=-1241.5, 75%=-1206.5, 90%=-1176.699951171875, 95%=-1157.6500244140625, 98%=-1142.97998046875
ranking_best_algo: BigLognormalDiscreteOnePlusOne
ranking_best_score: 1301.3600000000004
ranking_my_rank: 57/504 (88.9%)
ranking_my_percent: 88.88888888888889
