ConfigName: kjsd__advperagentrankweighted__M4__L8__eps0p03__g0p0005__ds0p2__dm0p05
Problem: QUBO
Kernel: jsd
Advantage: peragentrankweighted
M: 4
lambda: 8
epsilon_svgd: 0.03
gamma: 0.0005
decay_start_ratio: 0.2
decay_min_factor: 0.05
bandwith_kernel: None
no_interact: False
avg_score: -3124.219970703125
median_score: -3125.0
std_score: 121.68020629882812
percentiles: 2%=-3342.0400390625, 5%=-3304.5, 10%=-3279.10009765625, 25%=-3216.0, 50%=-3125.0, 75%=-3044.75, 90%=-2967.89990234375, 95%=-2919.85009765625, 98%=-2892.139892578125
ranking_best_algo: RLSOnePlusOne
ranking_best_score: 3316.5199999999995
ranking_my_rank: 78/504 (84.7%)
ranking_my_percent: 84.72222222222223
