ConfigName: kjsd__advperagentrankweighted__M3__L16__eps0p01__g0p0007__ds0p1__dm0p1
Problem: NK
Kernel: jsd
Advantage: peragentrankweighted
M: 3
lambda: 16
epsilon_svgd: 0.01
gamma: 0.0007
decay_start_ratio: 0.1
decay_min_factor: 0.1
bandwith_kernel: None
no_interact: False
avg_score: 0.7502716779708862
median_score: 0.7515588998794556
std_score: 0.012979931198060513
percentiles: 2%=0.7274482250213623, 5%=0.729019284248352, 10%=0.7337437868118286, 25%=0.7401630878448486, 50%=0.7515588998794556, 75%=0.758995532989502, 90%=0.7679137587547302, 95%=0.771012544631958, 98%=0.7737894058227539
ranking_best_algo: Tabu
ranking_best_score: 0.7657846284375001
ranking_my_rank: 22/504 (95.8%)
ranking_my_percent: 95.83333333333333
