ConfigName: krbf__advnormalizedfitness__M3__L15__eps0p025__g0p005__ds0p05__dm0p05
Problem: QUBO
Kernel: rbf
Advantage: normalizedfitness
M: 3
lambda: 15
epsilon_svgd: 0.025
gamma: 0.005
decay_start_ratio: 0.05
decay_min_factor: 0.05
bandwith_kernel: None
no_interact: False
avg_score: -199.22000122070312
median_score: -199.0
std_score: 13.042683601379395
percentiles: 2%=-224.0, 5%=-222.10000610351562, 10%=-219.0, 25%=-207.0, 50%=-199.0, 75%=-188.75, 90%=-179.89999389648438, 95%=-178.89999389648438, 98%=-174.97999572753906
ranking_best_algo: Tabu
ranking_best_score: 208.36000000000004
ranking_my_rank: 86/504 (83.1%)
ranking_my_percent: 83.13492063492063
