ConfigName: krbf__advnormalizedfitness__M3__L8__eps0p033__g0p01__ds0p3__dm0p01
Problem: NK
Kernel: rbf
Advantage: normalizedfitness
M: 3
lambda: 8
epsilon_svgd: 0.033
gamma: 0.01
decay_start_ratio: 0.3
decay_min_factor: 0.01
bandwith_kernel: None
no_interact: False
avg_score: 0.7442014813423157
median_score: 0.7416634559631348
std_score: 0.028448140248656273
percentiles: 2%=0.7024754285812378, 5%=0.7057547569274902, 10%=0.7097673416137695, 25%=0.7229244709014893, 50%=0.7416634559631348, 75%=0.7580187320709229, 90%=0.7766762375831604, 95%=0.8044298887252808, 98%=0.8118547797203064
ranking_best_algo: CMApara
ranking_best_score: 0.7459277895312499
ranking_my_rank: 5/504 (99.2%)
ranking_my_percent: 99.2063492063492
