ConfigName: kjsd__advperagentrankweighted__M3__L16__eps0p01__g0p0007__ds0p05__dm0p2
Problem: NK
Kernel: jsd
Advantage: peragentrankweighted
M: 3
lambda: 16
epsilon_svgd: 0.01
gamma: 0.0007
decay_start_ratio: 0.05
decay_min_factor: 0.2
bandwith_kernel: None
no_interact: False
avg_score: 0.7350441813468933
median_score: 0.7345441579818726
std_score: 0.012241852469742298
percentiles: 2%=0.7137527465820312, 5%=0.7158433198928833, 10%=0.718580424785614, 25%=0.7270376682281494, 50%=0.7345441579818726, 75%=0.7434862852096558, 90%=0.7517627477645874, 95%=0.7563328146934509, 98%=0.7578793168067932
ranking_best_algo: Tabu
ranking_best_score: 0.7601875690625
ranking_my_rank: 28/504 (94.6%)
ranking_my_percent: 94.64285714285714
