ConfigName: kfr__advglobalrankweighted__M2__L10__eps0p02__g0p007__ds0p01__dm0p01
Problem: QUBO
Kernel: fr
Advantage: globalrankweighted
M: 2
lambda: 10
epsilon_svgd: 0.02
gamma: 0.007
decay_start_ratio: 0.01
decay_min_factor: 0.01
bandwith_kernel: None
no_interact: False
avg_score: -197.52000427246094
median_score: -197.5
std_score: 13.453980445861816
percentiles: 2%=-224.0, 5%=-224.0, 10%=-214.10000610351562, 25%=-206.0, 50%=-197.5, 75%=-187.75, 90%=-179.89999389648438, 95%=-176.0, 98%=-174.9399871826172
ranking_best_algo: Tabu
ranking_best_score: 208.36000000000004
ranking_my_rank: 113/504 (77.8%)
ranking_my_percent: 77.77777777777777
