ConfigName: krbf__advnormalizedfitness__M2__L8__eps0p025__g0p007__ds0p01__dm0p01
Problem: QUBO
Kernel: rbf
Advantage: normalizedfitness
M: 2
lambda: 8
epsilon_svgd: 0.025
gamma: 0.007
decay_start_ratio: 0.01
decay_min_factor: 0.01
bandwith_kernel: None
no_interact: False
avg_score: -3265.199951171875
median_score: -3258.5
std_score: 112.21015930175781
percentiles: 2%=-3473.199951171875, 5%=-3447.35009765625, 10%=-3425.5, 25%=-3347.25, 50%=-3258.5, 75%=-3187.5, 90%=-3102.699951171875, 95%=-3086.75, 98%=-3058.97998046875
ranking_best_algo: RLSOnePlusOne
ranking_best_score: 3316.5199999999995
ranking_my_rank: 13/504 (97.6%)
ranking_my_percent: 97.61904761904762
