ConfigName: kjsd__advperagentrankweighted__M5__L10__eps0p005__g0p003__ds0p05__dm0p05
Problem: NK
Kernel: jsd
Advantage: peragentrankweighted
M: 5
lambda: 10
epsilon_svgd: 0.005
gamma: 0.003
decay_start_ratio: 0.05
decay_min_factor: 0.05
bandwith_kernel: None
no_interact: False
avg_score: 0.7314385771751404
median_score: 0.733113169670105
std_score: 0.010120591148734093
percentiles: 2%=0.7039802074432373, 5%=0.7131192684173584, 10%=0.7181035280227661, 25%=0.7268072962760925, 50%=0.733113169670105, 75%=0.7388806939125061, 90%=0.742831289768219, 95%=0.7456478476524353, 98%=0.7458917498588562
ranking_best_algo: PBIL
ranking_best_score: 0.730509098125
ranking_my_rank: 1/504 (100.0%)
ranking_my_percent: 100.0
