ConfigName: kjsd__advperagentrankweighted__M10__L28__eps0p005__g0p0005__ds0p05__dm0p05
Problem: QUBO
Kernel: jsd
Advantage: peragentrankweighted
M: 10
lambda: 28
epsilon_svgd: 0.005
gamma: 0.0005
decay_start_ratio: 0.05
decay_min_factor: 0.05
bandwith_kernel: None
no_interact: False
avg_score: -389.94000244140625
median_score: -386.0
std_score: 32.77249526977539
percentiles: 2%=-465.0, 5%=-446.04998779296875, 10%=-432.3999938964844, 25%=-412.5, 50%=-386.0, 75%=-366.0, 90%=-351.79998779296875, 95%=-337.79998779296875, 98%=-328.0
ranking_best_algo: Tabu
ranking_best_score: 438.12
ranking_my_rank: 258/504 (49.0%)
ranking_my_percent: 49.007936507936506
