ConfigName: krbf__advnormalizedfitness__M5__L15__eps0p025__g0p005__ds0p05__dm0p05
Problem: QUBO
Kernel: rbf
Advantage: normalizedfitness
M: 5
lambda: 15
epsilon_svgd: 0.025
gamma: 0.005
decay_start_ratio: 0.05
decay_min_factor: 0.05
bandwith_kernel: None
no_interact: False
avg_score: -1136.52001953125
median_score: -1130.0
std_score: 77.1563949584961
percentiles: 2%=-1347.1199951171875, 5%=-1270.5, 10%=-1224.0, 25%=-1173.0, 50%=-1130.0, 75%=-1081.75, 90%=-1049.699951171875, 95%=-1030.6500244140625, 98%=-1006.8800048828125
ranking_best_algo: Tabu
ranking_best_score: 1216.16
ranking_my_rank: 156/504 (69.2%)
ranking_my_percent: 69.24603174603175
