ConfigName: kfr__advglobalrankweighted__M4__L5__eps0p01__g0p005__ds0p01__dm0p01
Problem: NK
Kernel: fr
Advantage: globalrankweighted
M: 4
lambda: 5
epsilon_svgd: 0.01
gamma: 0.005
decay_start_ratio: 0.01
decay_min_factor: 0.01
bandwith_kernel: None
no_interact: False
avg_score: 0.7568068504333496
median_score: 0.7578060626983643
std_score: 0.01287747360765934
percentiles: 2%=0.7330994606018066, 5%=0.7366764545440674, 10%=0.7406087517738342, 25%=0.7473468780517578, 50%=0.7578060626983643, 75%=0.7656335830688477, 90%=0.7747891545295715, 95%=0.77597576379776, 98%=0.7806705832481384
ranking_best_algo: Tabu
ranking_best_score: 0.7470791764843752
ranking_my_rank: 1/504 (100.0%)
ranking_my_percent: 100.0
