ConfigName: krbf__advnormalizedfitness__M3__L8__eps0p03__g0p005__ds0p15__dm0p05
Problem: NK
Kernel: rbf
Advantage: normalizedfitness
M: 3
lambda: 8
epsilon_svgd: 0.03
gamma: 0.005
decay_start_ratio: 0.15
decay_min_factor: 0.05
bandwith_kernel: None
no_interact: False
avg_score: 0.7386628985404968
median_score: 0.7373778820037842
std_score: 0.013359368778765202
percentiles: 2%=0.714311957359314, 5%=0.717353105545044, 10%=0.7221190333366394, 25%=0.7302283048629761, 50%=0.7373778820037842, 75%=0.7472003698348999, 90%=0.7563624382019043, 95%=0.758647084236145, 98%=0.7669267654418945
ranking_best_algo: Tabu
ranking_best_score: 0.7601875690625
ranking_my_rank: 19/504 (96.4%)
ranking_my_percent: 96.42857142857143
