ConfigName: krbf__advnormalizedfitness__M1__L8__eps0p033__g0p015__ds0p15__dm0p3
Problem: QUBO
Kernel: rbf
Advantage: normalizedfitness
M: 1
lambda: 8
epsilon_svgd: 0.033
gamma: 0.015
decay_start_ratio: 0.15
decay_min_factor: 0.3
bandwith_kernel: None
no_interact: False
avg_score: -299.2200012207031
median_score: -293.5
std_score: 37.38812255859375
percentiles: 2%=-384.0, 5%=-372.20001220703125, 10%=-344.20001220703125, 25%=-326.0, 50%=-293.5, 75%=-265.75, 90%=-257.79998779296875, 95%=-249.0, 98%=-243.95999145507812
ranking_best_algo: CMApara
ranking_best_score: 319.29999999999995
ranking_my_rank: 234/504 (53.8%)
ranking_my_percent: 53.76984126984127
