ConfigName: kjsd__advperagentrankweighted__M4__L30__eps0p01__g0p0005__ds0p05__dm0p05
Problem: NK
Kernel: jsd
Advantage: peragentrankweighted
M: 4
lambda: 30
epsilon_svgd: 0.01
gamma: 0.0005
decay_start_ratio: 0.05
decay_min_factor: 0.05
bandwith_kernel: None
no_interact: False
avg_score: 0.7363041043281555
median_score: 0.7378326058387756
std_score: 0.0075864968821406364
percentiles: 2%=0.7195273041725159, 5%=0.7219592928886414, 10%=0.7243568301200867, 25%=0.7325191497802734, 50%=0.7378326058387756, 75%=0.7421725988388062, 90%=0.743981659412384, 95%=0.7460357546806335, 98%=0.7498924732208252
ranking_best_algo: PBIL
ranking_best_score: 0.7248786399609374
ranking_my_rank: 1/504 (100.0%)
ranking_my_percent: 100.0
