ConfigName: kjsd__advperagentrankweighted__M4__L10__eps0p008__g0p0005__ds0p05__dm0p05
Problem: NK
Kernel: jsd
Advantage: peragentrankweighted
M: 4
lambda: 10
epsilon_svgd: 0.008
gamma: 0.0005
decay_start_ratio: 0.05
decay_min_factor: 0.05
bandwith_kernel: None
no_interact: False
avg_score: 0.743476152420044
median_score: 0.7420658469200134
std_score: 0.008821055293083191
percentiles: 2%=0.7281210422515869, 5%=0.730715274810791, 10%=0.7324686646461487, 25%=0.7374053597450256, 50%=0.7420658469200134, 75%=0.7493184804916382, 90%=0.7553331255912781, 95%=0.7575291991233826, 98%=0.7594667673110962
ranking_best_algo: PBIL
ranking_best_score: 0.733570253046875
ranking_my_rank: 1/504 (100.0%)
ranking_my_percent: 100.0
