ConfigName: kfr__advglobalrankweighted__M5__L10__eps0p02__g0p007__ds0p01__dm0p01
Problem: QUBO
Kernel: fr
Advantage: globalrankweighted
M: 5
lambda: 10
epsilon_svgd: 0.02
gamma: 0.007
decay_start_ratio: 0.01
decay_min_factor: 0.01
bandwith_kernel: None
no_interact: False
avg_score: -1220.800048828125
median_score: -1230.5
std_score: 67.67732238769531
percentiles: 2%=-1351.02001953125, 5%=-1327.6500244140625, 10%=-1303.199951171875, 25%=-1259.0, 50%=-1230.5, 75%=-1179.0, 90%=-1127.800048828125, 95%=-1106.7000732421875, 98%=-1064.760009765625
ranking_best_algo: BigLognormalDiscreteOnePlusOne
ranking_best_score: 1301.3600000000004
ranking_my_rank: 71/504 (86.1%)
ranking_my_percent: 86.11111111111111
