ConfigName: kjsd__advperagentrankweighted__M3__L20__eps0p005__g0p0005__ds0p1__dm0p05
Problem: QUBO
Kernel: jsd
Advantage: peragentrankweighted
M: 3
lambda: 20
epsilon_svgd: 0.005
gamma: 0.0005
decay_start_ratio: 0.1
decay_min_factor: 0.05
bandwith_kernel: None
no_interact: False
avg_score: -423.9200134277344
median_score: -427.0
std_score: 26.677213668823242
percentiles: 2%=-469.0400085449219, 5%=-467.1000061035156, 10%=-457.0, 25%=-443.5, 50%=-427.0, 75%=-407.0, 90%=-393.0, 95%=-383.5, 98%=-359.9200134277344
ranking_best_algo: CMAL3
ranking_best_score: 435.36
ranking_my_rank: 31/504 (94.0%)
ranking_my_percent: 94.04761904761905
