ConfigName: kjsd__advperagentrankweighted__M4__L30__eps0p01__g0p0003__ds0p05__dm0p05
Problem: NK
Kernel: jsd
Advantage: peragentrankweighted
M: 4
lambda: 30
epsilon_svgd: 0.01
gamma: 0.0003
decay_start_ratio: 0.05
decay_min_factor: 0.05
bandwith_kernel: None
no_interact: False
avg_score: 0.7527351379394531
median_score: 0.7529777884483337
std_score: 0.014346261508762836
percentiles: 2%=0.7279651761054993, 5%=0.7306763529777527, 10%=0.7350281476974487, 25%=0.7415758967399597, 50%=0.7529777884483337, 75%=0.7621069550514221, 90%=0.7705158591270447, 95%=0.7789095640182495, 98%=0.7804712653160095
ranking_best_algo: Tabu
ranking_best_score: 0.7657846284375001
ranking_my_rank: 10/504 (98.2%)
ranking_my_percent: 98.21428571428571
