ConfigName: kjsd__advperagentrankweighted__M4__L10__eps0p02__g0p0007__ds0p2__dm0p05
Problem: QUBO
Kernel: jsd
Advantage: peragentrankweighted
M: 4
lambda: 10
epsilon_svgd: 0.02
gamma: 0.0007
decay_start_ratio: 0.2
decay_min_factor: 0.05
bandwith_kernel: None
no_interact: False
avg_score: -1234.239990234375
median_score: -1228.5
std_score: 58.80750274658203
percentiles: 2%=-1369.1600341796875, 5%=-1333.050048828125, 10%=-1307.4000244140625, 25%=-1281.0, 50%=-1228.5, 75%=-1189.75, 90%=-1166.9000244140625, 95%=-1154.9000244140625, 98%=-1118.9200439453125
ranking_best_algo: SVMMetaModelLogNormal
ranking_best_score: 1233.7999999999997
ranking_my_rank: 1/504 (100.0%)
ranking_my_percent: 100.0
