ConfigName: kjsd__advperagentrankweighted__M3__L16__eps0p005__g0p001__ds0p2__dm0p2
Problem: QUBO
Kernel: jsd
Advantage: peragentrankweighted
M: 3
lambda: 16
epsilon_svgd: 0.005
gamma: 0.001
decay_start_ratio: 0.2
decay_min_factor: 0.2
bandwith_kernel: None
no_interact: False
avg_score: -929.3599853515625
median_score: -918.0
std_score: 63.59190368652344
percentiles: 2%=-1072.0400390625, 5%=-1047.8499755859375, 10%=-1025.0, 25%=-966.5, 50%=-918.0, 75%=-884.75, 90%=-854.5999755859375, 95%=-846.7000122070312, 98%=-832.2999877929688
ranking_best_algo: CMApara
ranking_best_score: 964.9
ranking_my_rank: 20/504 (96.2%)
ranking_my_percent: 96.23015873015873
