ConfigName: kfr__advglobalrankweighted__M5__L8__eps0p015__g0p005__ds0p01__dm0p01
Problem: QUBO
Kernel: fr
Advantage: globalrankweighted
M: 5
lambda: 8
epsilon_svgd: 0.015
gamma: 0.005
decay_start_ratio: 0.01
decay_min_factor: 0.01
bandwith_kernel: None
no_interact: False
avg_score: -412.8599853515625
median_score: -414.5
std_score: 25.222618103027344
percentiles: 2%=-469.0, 5%=-452.04998779296875, 10%=-446.29998779296875, 25%=-428.0, 50%=-414.5, 75%=-394.0, 90%=-379.79998779296875, 95%=-371.9000244140625, 98%=-365.9599914550781
ranking_best_algo: Tabu
ranking_best_score: 438.12
ranking_my_rank: 64/504 (87.5%)
ranking_my_percent: 87.5
