ConfigName: kjsd__advperagentrankweighted__M5__L8__eps0p01__g0p003__ds0p4__dm0p2
Problem: NK
Kernel: jsd
Advantage: peragentrankweighted
M: 5
lambda: 8
epsilon_svgd: 0.01
gamma: 0.003
decay_start_ratio: 0.4
decay_min_factor: 0.2
bandwith_kernel: None
no_interact: False
avg_score: 0.7528165578842163
median_score: 0.7539447546005249
std_score: 0.013573097996413708
percentiles: 2%=0.7294119596481323, 5%=0.7310808897018433, 10%=0.7341875433921814, 25%=0.7420992851257324, 50%=0.7539447546005249, 75%=0.7637939453125, 90%=0.7706454992294312, 95%=0.7718794941902161, 98%=0.7741235494613647
ranking_best_algo: Tabu
ranking_best_score: 0.7657846284375001
ranking_my_rank: 9/504 (98.4%)
ranking_my_percent: 98.41269841269842
