ConfigName: krbf__advnormalizedfitness__M2__L6__eps0p01__g0p006__ds0p01__dm0p3
Problem: QUBO
Kernel: rbf
Advantage: normalizedfitness
M: 2
lambda: 6
epsilon_svgd: 0.01
gamma: 0.006
decay_start_ratio: 0.01
decay_min_factor: 0.3
bandwith_kernel: None
no_interact: False
avg_score: -3279.419921875
median_score: -3274.0
std_score: 140.49179077148438
percentiles: 2%=-3560.380126953125, 5%=-3533.89990234375, 10%=-3483.5, 25%=-3354.0, 50%=-3274.0, 75%=-3176.25, 90%=-3118.5, 95%=-3068.60009765625, 98%=-3034.8798828125
ranking_best_algo: RLSOnePlusOne
ranking_best_score: 3316.5199999999995
ranking_my_rank: 11/504 (98.0%)
ranking_my_percent: 98.01587301587301
