ConfigName: krbf__advnormalizedfitness__M2__L10__eps0p025__g0p005__ds0p15__dm0p3
Problem: QUBO
Kernel: rbf
Advantage: normalizedfitness
M: 2
lambda: 10
epsilon_svgd: 0.025
gamma: 0.005
decay_start_ratio: 0.15
decay_min_factor: 0.3
bandwith_kernel: None
no_interact: False
avg_score: -1226.3199462890625
median_score: -1213.5
std_score: 59.00336837768555
percentiles: 2%=-1362.4599609375, 5%=-1328.550048828125, 10%=-1305.0999755859375, 25%=-1267.0, 50%=-1213.5, 75%=-1187.25, 90%=-1155.300048828125, 95%=-1146.699951171875, 98%=-1130.93994140625
ranking_best_algo: SVMMetaModelLogNormal
ranking_best_score: 1233.7999999999997
ranking_my_rank: 13/504 (97.6%)
ranking_my_percent: 97.61904761904762
