ConfigName: kfr__advglobalrankweighted__M4__L9__eps0p01__g0p003__ds0p01__dm0p01
Problem: QUBO
Kernel: fr
Advantage: globalrankweighted
M: 4
lambda: 9
epsilon_svgd: 0.01
gamma: 0.003
decay_start_ratio: 0.01
decay_min_factor: 0.01
bandwith_kernel: None
no_interact: False
avg_score: -441.9200134277344
median_score: -441.5
std_score: 24.918136596679688
percentiles: 2%=-481.05999755859375, 5%=-477.1000061035156, 10%=-472.1000061035156, 25%=-463.0, 50%=-441.5, 75%=-422.0, 90%=-413.0, 95%=-402.8999938964844, 98%=-397.8399963378906
ranking_best_algo: CMApara
ranking_best_score: 453.82
ranking_my_rank: 10/504 (98.2%)
ranking_my_percent: 98.21428571428571
