ConfigName: kjsd__advperagentrankweighted__M4__L10__eps0p02__g0p0005__ds0p2__dm0p05
Problem: NK
Kernel: jsd
Advantage: peragentrankweighted
M: 4
lambda: 10
epsilon_svgd: 0.02
gamma: 0.0005
decay_start_ratio: 0.2
decay_min_factor: 0.05
bandwith_kernel: None
no_interact: False
avg_score: 0.7037098407745361
median_score: 0.705499529838562
std_score: 0.012112232856452465
percentiles: 2%=0.6837529540061951, 5%=0.6858254075050354, 10%=0.6873446106910706, 25%=0.6926541328430176, 50%=0.705499529838562, 75%=0.7144703269004822, 90%=0.7177141308784485, 95%=0.7195593118667603, 98%=0.7217666506767273
ranking_best_algo: PBIL
ranking_best_score: 0.7013553837109374
ranking_my_rank: 1/504 (100.0%)
ranking_my_percent: 100.0
