ConfigName: krbf__advnormalizedfitness__M4__L8__eps0p033__g0p005__ds0p15__dm0p3
Problem: QUBO
Kernel: rbf
Advantage: normalizedfitness
M: 4
lambda: 8
epsilon_svgd: 0.033
gamma: 0.005
decay_start_ratio: 0.15
decay_min_factor: 0.3
bandwith_kernel: None
no_interact: False
avg_score: -439.2200012207031
median_score: -440.0
std_score: 24.135278701782227
percentiles: 2%=-489.0, 5%=-478.1499938964844, 10%=-471.1000061035156, 25%=-455.0, 50%=-440.0, 75%=-417.0, 90%=-406.8999938964844, 95%=-401.7500305175781, 98%=-396.0
ranking_best_algo: CMApara
ranking_best_score: 453.82
ranking_my_rank: 19/504 (96.4%)
ranking_my_percent: 96.42857142857143
