ConfigName: krbf__advnormalizedfitness__M1__L10__eps0p015__g0p01__ds0p3__dm0p01
Problem: QUBO
Kernel: rbf
Advantage: normalizedfitness
M: 1
lambda: 10
epsilon_svgd: 0.015
gamma: 0.01
decay_start_ratio: 0.3
decay_min_factor: 0.01
bandwith_kernel: None
no_interact: False
avg_score: -3301.340087890625
median_score: -3309.5
std_score: 122.91934204101562
percentiles: 2%=-3562.139892578125, 5%=-3486.35009765625, 10%=-3459.10009765625, 25%=-3387.75, 50%=-3309.5, 75%=-3209.0, 90%=-3134.800048828125, 95%=-3107.5, 98%=-3090.5
ranking_best_algo: RLSOnePlusOne
ranking_best_score: 3316.5199999999995
ranking_my_rank: 3/504 (99.6%)
ranking_my_percent: 99.60317460317461
