ConfigName: krbf__advnormalizedfitness__M3__L15__eps0p015__g0p015__ds0p15__dm0p3
Problem: QUBO
Kernel: rbf
Advantage: normalizedfitness
M: 3
lambda: 15
epsilon_svgd: 0.015
gamma: 0.015
decay_start_ratio: 0.15
decay_min_factor: 0.3
bandwith_kernel: None
no_interact: False
avg_score: -539.02001953125
median_score: -531.0
std_score: 67.16055297851562
percentiles: 2%=-683.280029296875, 5%=-656.75, 10%=-628.4000244140625, 25%=-581.75, 50%=-531.0, 75%=-485.0, 90%=-465.8999938964844, 95%=-456.8000183105469, 98%=-438.7999572753906
ranking_best_algo: BigLognormalDiscreteOnePlusOne
ranking_best_score: 1301.3600000000004
ranking_my_rank: 391/504 (22.6%)
ranking_my_percent: 22.61904761904762
