ConfigName: krbf__advnormalizedfitness__M5__L8__eps0p025__g0p01__ds0p05__dm0p05
Problem: QUBO
Kernel: rbf
Advantage: normalizedfitness
M: 5
lambda: 8
epsilon_svgd: 0.025
gamma: 0.01
decay_start_ratio: 0.05
decay_min_factor: 0.05
bandwith_kernel: None
no_interact: False
avg_score: -1128.3800048828125
median_score: -1126.0
std_score: 70.01454162597656
percentiles: 2%=-1262.02001953125, 5%=-1243.300048828125, 10%=-1212.5999755859375, 25%=-1178.25, 50%=-1126.0, 75%=-1078.25, 90%=-1039.300048828125, 95%=-1026.8499755859375, 98%=-995.7000122070312
ranking_best_algo: Tabu
ranking_best_score: 1216.16
ranking_my_rank: 160/504 (68.5%)
ranking_my_percent: 68.45238095238095
