ConfigName: krbf__advnormalizedfitness__M1__L8__eps0p025__g0p015__ds0p3__dm0p01
Problem: QUBO
Kernel: rbf
Advantage: normalizedfitness
M: 1
lambda: 8
epsilon_svgd: 0.025
gamma: 0.015
decay_start_ratio: 0.3
decay_min_factor: 0.01
bandwith_kernel: None
no_interact: False
avg_score: -407.9599914550781
median_score: -412.0
std_score: 31.708648681640625
percentiles: 2%=-469.0400085449219, 5%=-454.6499938964844, 10%=-446.1000061035156, 25%=-429.25, 50%=-412.0, 75%=-378.75, 90%=-368.0, 95%=-361.8000183105469, 98%=-353.9599914550781
ranking_best_algo: Tabu
ranking_best_score: 438.12
ranking_my_rank: 154/504 (69.6%)
ranking_my_percent: 69.64285714285714
