ConfigName: kjsd__advperagentrankweighted__M4__L30__eps0p01__g0p0005__ds0p4__dm0p05
Problem: QUBO
Kernel: jsd
Advantage: peragentrankweighted
M: 4
lambda: 30
epsilon_svgd: 0.01
gamma: 0.0005
decay_start_ratio: 0.4
decay_min_factor: 0.05
bandwith_kernel: None
no_interact: False
avg_score: -427.3800048828125
median_score: -423.0
std_score: 24.9466552734375
percentiles: 2%=-475.0400085449219, 5%=-471.0, 10%=-460.29998779296875, 25%=-442.75, 50%=-423.0, 75%=-412.75, 90%=-397.8999938964844, 95%=-392.3999938964844, 98%=-372.0
ranking_best_algo: CMAL3
ranking_best_score: 435.36
ranking_my_rank: 19/504 (96.4%)
ranking_my_percent: 96.42857142857143
