ConfigName: krbf__advnormalizedfitness__M3__L8__eps0p025__g0p007__ds0p15__dm0p3
Problem: QUBO
Kernel: rbf
Advantage: normalizedfitness
M: 3
lambda: 8
epsilon_svgd: 0.025
gamma: 0.007
decay_start_ratio: 0.15
decay_min_factor: 0.3
bandwith_kernel: None
no_interact: False
avg_score: -924.4000244140625
median_score: -917.0
std_score: 65.6568374633789
percentiles: 2%=-1070.1600341796875, 5%=-1056.199951171875, 10%=-1016.0, 25%=-966.25, 50%=-917.0, 75%=-883.75, 90%=-850.7000122070312, 95%=-822.9000244140625, 98%=-802.8800048828125
ranking_best_algo: CMApara
ranking_best_score: 964.9
ranking_my_rank: 21/504 (96.0%)
ranking_my_percent: 96.03174603174604
