ConfigName: krbf__advnormalizedfitness__M3__L8__eps0p025__g0p007__ds0p3__dm0p3
Problem: NK
Kernel: rbf
Advantage: normalizedfitness
M: 3
lambda: 8
epsilon_svgd: 0.025
gamma: 0.007
decay_start_ratio: 0.3
decay_min_factor: 0.3
bandwith_kernel: None
no_interact: False
avg_score: 0.7340022325515747
median_score: 0.7357568144798279
std_score: 0.008941677398979664
percentiles: 2%=0.713030993938446, 5%=0.7156041860580444, 10%=0.7217801809310913, 25%=0.7287427186965942, 50%=0.7357568144798279, 75%=0.7415768504142761, 90%=0.7439160346984863, 95%=0.7449119687080383, 98%=0.7456148266792297
ranking_best_algo: PBIL
ranking_best_score: 0.7248786399609374
ranking_my_rank: 1/504 (100.0%)
ranking_my_percent: 100.0
