ConfigName: kfr__advglobalrankweighted__M2__L8__eps0p01__g0p005__ds0p01__dm0p01
Problem: QUBO
Kernel: fr
Advantage: globalrankweighted
M: 2
lambda: 8
epsilon_svgd: 0.01
gamma: 0.005
decay_start_ratio: 0.01
decay_min_factor: 0.01
bandwith_kernel: None
no_interact: False
avg_score: -136.63999938964844
median_score: -138.5
std_score: 13.141932487487793
percentiles: 2%=-160.0, 5%=-158.0, 10%=-153.0, 25%=-146.0, 50%=-138.5, 75%=-127.0, 90%=-119.9000015258789, 95%=-113.0, 98%=-110.87997436523438
ranking_best_algo: DiscreteDE
ranking_best_score: 143.4
ranking_my_rank: 206/504 (59.3%)
ranking_my_percent: 59.32539682539682
