ConfigName: krbf__advnormalizedfitness__M4__L15__eps0p01__g0p0005__ds0p05__dm0p05
Problem: NK
Kernel: rbf
Advantage: normalizedfitness
M: 4
lambda: 15
epsilon_svgd: 0.01
gamma: 0.0005
decay_start_ratio: 0.05
decay_min_factor: 0.05
bandwith_kernel: None
no_interact: False
avg_score: 0.7076758742332458
median_score: 0.7082653641700745
std_score: 0.009758870117366314
percentiles: 2%=0.6879481673240662, 5%=0.6919980049133301, 10%=0.6935065984725952, 25%=0.7026968598365784, 50%=0.7082653641700745, 75%=0.7129616737365723, 90%=0.7194747924804688, 95%=0.7239179611206055, 98%=0.7286273837089539
ranking_best_algo: PBIL
ranking_best_score: 0.7170882103515624
ranking_my_rank: 57/504 (88.9%)
ranking_my_percent: 88.88888888888889
