ConfigName: kjsd__advperagentrankweighted__M5__L12__eps0p03__g0p0007__ds0p2__dm0p05
Problem: QUBO
Kernel: jsd
Advantage: peragentrankweighted
M: 5
lambda: 12
epsilon_svgd: 0.03
gamma: 0.0007
decay_start_ratio: 0.2
decay_min_factor: 0.05
bandwith_kernel: None
no_interact: False
avg_score: -939.8200073242188
median_score: -941.5
std_score: 68.0110855102539
percentiles: 2%=-1076.0, 5%=-1054.550048828125, 10%=-1027.300048828125, 25%=-982.75, 50%=-941.5, 75%=-892.25, 90%=-851.7000122070312, 95%=-832.0, 98%=-790.9600219726562
ranking_best_algo: CMApara
ranking_best_score: 964.9
ranking_my_rank: 7/504 (98.8%)
ranking_my_percent: 98.80952380952381
