ConfigName: kjsd__advperagentrankweighted__M5__L10__eps0p01__g0p0005__ds0p4__dm0p05
Problem: QUBO
Kernel: jsd
Advantage: peragentrankweighted
M: 5
lambda: 10
epsilon_svgd: 0.01
gamma: 0.0005
decay_start_ratio: 0.4
decay_min_factor: 0.05
bandwith_kernel: None
no_interact: False
avg_score: -1250.8800048828125
median_score: -1248.5
std_score: 59.55976486206055
percentiles: 2%=-1373.4200439453125, 5%=-1359.1500244140625, 10%=-1323.4000244140625, 25%=-1292.0, 50%=-1248.5, 75%=-1206.75, 90%=-1173.0, 95%=-1160.699951171875, 98%=-1150.9599609375
ranking_best_algo: SVMMetaModelLogNormal
ranking_best_score: 1233.7999999999997
ranking_my_rank: 1/504 (100.0%)
ranking_my_percent: 100.0
