ConfigName: kjsd__advperagentrankweighted__M3__L30__eps0p007__g0p0005__ds0p05__dm0p05
Problem: QUBO
Kernel: jsd
Advantage: peragentrankweighted
M: 3
lambda: 30
epsilon_svgd: 0.007
gamma: 0.0005
decay_start_ratio: 0.05
decay_min_factor: 0.05
bandwith_kernel: None
no_interact: False
avg_score: -324.6199951171875
median_score: -326.0
std_score: 23.420835494995117
percentiles: 2%=-372.0, 5%=-354.0, 10%=-350.0, 25%=-342.0, 50%=-326.0, 75%=-306.75, 90%=-291.79998779296875, 95%=-281.8999938964844, 98%=-279.739990234375
ranking_best_algo: CMApara
ranking_best_score: 344.22
ranking_my_rank: 124/504 (75.6%)
ranking_my_percent: 75.5952380952381
