ConfigName: krbf__advnormalizedfitness__M3__L10__eps0p025__g0p007__ds0p3__dm0p3
Problem: QUBO
Kernel: rbf
Advantage: normalizedfitness
M: 3
lambda: 10
epsilon_svgd: 0.025
gamma: 0.007
decay_start_ratio: 0.3
decay_min_factor: 0.3
bandwith_kernel: None
no_interact: False
avg_score: -1256.52001953125
median_score: -1257.5
std_score: 66.90940856933594
percentiles: 2%=-1389.0400390625, 5%=-1375.050048828125, 10%=-1340.199951171875, 25%=-1299.25, 50%=-1257.5, 75%=-1216.0, 90%=-1172.199951171875, 95%=-1144.7000732421875, 98%=-1118.919921875
ranking_best_algo: BigLognormalDiscreteOnePlusOne
ranking_best_score: 1301.3600000000004
ranking_my_rank: 54/504 (89.5%)
ranking_my_percent: 89.48412698412699
