ConfigName: krbf__advnormalizedfitness__M4__L10__eps0p015__g0p01__ds0p15__dm0p3
Problem: QUBO
Kernel: rbf
Advantage: normalizedfitness
M: 4
lambda: 10
epsilon_svgd: 0.015
gamma: 0.01
decay_start_ratio: 0.15
decay_min_factor: 0.3
bandwith_kernel: None
no_interact: False
avg_score: -1409.8599853515625
median_score: -1405.5
std_score: 154.271240234375
percentiles: 2%=-1754.3199462890625, 5%=-1683.0, 10%=-1617.699951171875, 25%=-1498.75, 50%=-1405.5, 75%=-1310.75, 90%=-1210.699951171875, 95%=-1176.550048828125, 98%=-1144.5599365234375
ranking_best_algo: SVM1MetaModelLogNormal
ranking_best_score: 2605.14
ranking_my_rank: 344/504 (31.9%)
ranking_my_percent: 31.944444444444443
