ConfigName: krbf__advnormalizedfitness__M3__L15__eps0p033__g0p007__ds0p3__dm0p01
Problem: NK
Kernel: rbf
Advantage: normalizedfitness
M: 3
lambda: 15
epsilon_svgd: 0.033
gamma: 0.007
decay_start_ratio: 0.3
decay_min_factor: 0.01
bandwith_kernel: None
no_interact: False
avg_score: 0.7532556056976318
median_score: 0.7543644905090332
std_score: 0.013924920931458473
percentiles: 2%=0.7229905128479004, 5%=0.7316953539848328, 10%=0.7353053689002991, 25%=0.7418813705444336, 50%=0.7543644905090332, 75%=0.7629047632217407, 90%=0.7706481218338013, 95%=0.7769997715950012, 98%=0.7783299088478088
ranking_best_algo: Tabu
ranking_best_score: 0.7657846284375001
ranking_my_rank: 9/504 (98.4%)
ranking_my_percent: 98.41269841269842
