ConfigName: krbf__advnormalizedfitness__M4__L15__eps0p033__g0p01__ds0p01__dm0p3
Problem: NK
Kernel: rbf
Advantage: normalizedfitness
M: 4
lambda: 15
epsilon_svgd: 0.033
gamma: 0.01
decay_start_ratio: 0.01
decay_min_factor: 0.3
bandwith_kernel: None
no_interact: False
avg_score: 0.6542655825614929
median_score: 0.6537977457046509
std_score: 0.013627666048705578
percentiles: 2%=0.6337040066719055, 5%=0.6370229125022888, 10%=0.6385599970817566, 25%=0.6447242498397827, 50%=0.6537977457046509, 75%=0.6609997153282166, 90%=0.6710830926895142, 95%=0.6761653423309326, 98%=0.6887978315353394
ranking_best_algo: PBIL
ranking_best_score: 0.733570253046875
ranking_my_rank: 297/504 (41.3%)
ranking_my_percent: 41.26984126984127
