ConfigName: kjsd__advperagentrankweighted__M3__L24__eps0p007__g0p001__ds0p1__dm0p2
Problem: QUBO
Kernel: jsd
Advantage: peragentrankweighted
M: 3
lambda: 24
epsilon_svgd: 0.007
gamma: 0.001
decay_start_ratio: 0.1
decay_min_factor: 0.2
bandwith_kernel: None
no_interact: False
avg_score: -1304.5799560546875
median_score: -1302.0
std_score: 55.48228073120117
percentiles: 2%=-1411.0799560546875, 5%=-1399.0999755859375, 10%=-1383.0999755859375, 25%=-1344.25, 50%=-1302.0, 75%=-1265.75, 90%=-1237.0, 95%=-1213.0, 98%=-1196.8399658203125
ranking_best_algo: BigLognormalDiscreteOnePlusOne
ranking_best_score: 1301.3600000000004
ranking_my_rank: 1/504 (100.0%)
ranking_my_percent: 100.0
