ConfigName: krbf__advnormalizedfitness__M2__L10__eps0p015__g0p015__ds0p3__dm0p3
Problem: QUBO
Kernel: rbf
Advantage: normalizedfitness
M: 2
lambda: 10
epsilon_svgd: 0.015
gamma: 0.015
decay_start_ratio: 0.3
decay_min_factor: 0.3
bandwith_kernel: None
no_interact: False
avg_score: -1128.8399658203125
median_score: -1125.0
std_score: 71.97051239013672
percentiles: 2%=-1275.5999755859375, 5%=-1229.4000244140625, 10%=-1220.0, 25%=-1176.25, 50%=-1125.0, 75%=-1082.5, 90%=-1023.0, 95%=-1001.9000244140625, 98%=-993.6199951171875
ranking_best_algo: Tabu
ranking_best_score: 1216.16
ranking_my_rank: 158/504 (68.8%)
ranking_my_percent: 68.84920634920636
