ConfigName: krbf__advnormalizedfitness__M3__L10__eps0p033__g0p005__ds0p01__dm0p3
Problem: NK
Kernel: rbf
Advantage: normalizedfitness
M: 3
lambda: 10
epsilon_svgd: 0.033
gamma: 0.005
decay_start_ratio: 0.01
decay_min_factor: 0.3
bandwith_kernel: None
no_interact: False
avg_score: 0.7457820773124695
median_score: 0.7460838556289673
std_score: 0.00917361956089735
percentiles: 2%=0.7291592359542847, 5%=0.7315716743469238, 10%=0.734498143196106, 25%=0.7396642565727234, 50%=0.7460838556289673, 75%=0.7525562047958374, 90%=0.7565881013870239, 95%=0.7594987154006958, 98%=0.7649766206741333
ranking_best_algo: PBIL
ranking_best_score: 0.733570253046875
ranking_my_rank: 1/504 (100.0%)
ranking_my_percent: 100.0
