ConfigName: kjsd__advperagentrankweighted__M4__L12__eps0p005__g0p001__ds0p05__dm0p05
Problem: NK
Kernel: jsd
Advantage: peragentrankweighted
M: 4
lambda: 12
epsilon_svgd: 0.005
gamma: 0.001
decay_start_ratio: 0.05
decay_min_factor: 0.05
bandwith_kernel: None
no_interact: False
avg_score: 0.7482559084892273
median_score: 0.7478190660476685
std_score: 0.009830392897129059
percentiles: 2%=0.7317137122154236, 5%=0.7327753305435181, 10%=0.7354032397270203, 25%=0.7406883239746094, 50%=0.7478190660476685, 75%=0.7553315758705139, 90%=0.7618099451065063, 95%=0.7646384835243225, 98%=0.7698507905006409
ranking_best_algo: PBIL
ranking_best_score: 0.733570253046875
ranking_my_rank: 1/504 (100.0%)
ranking_my_percent: 100.0
