ConfigName: kjsd__advperagentrankweighted__M3__L16__eps0p007__g0p001__ds0p1__dm0p05
Problem: QUBO
Kernel: jsd
Advantage: peragentrankweighted
M: 3
lambda: 16
epsilon_svgd: 0.007
gamma: 0.001
decay_start_ratio: 0.1
decay_min_factor: 0.05
bandwith_kernel: None
no_interact: False
avg_score: -2602.820068359375
median_score: -2603.5
std_score: 117.27440643310547
percentiles: 2%=-2806.860107421875, 5%=-2799.10009765625, 10%=-2771.10009765625, 25%=-2678.5, 50%=-2603.5, 75%=-2511.0, 90%=-2443.300048828125, 95%=-2425.60009765625, 98%=-2407.320068359375
ranking_best_algo: SVM1MetaModelLogNormal
ranking_best_score: 2605.14
ranking_my_rank: 2/504 (99.8%)
ranking_my_percent: 99.8015873015873
