ConfigName: kfr__advglobalrankweighted__M3__L8__eps0p02__g0p003__ds0p01__dm0p01
Problem: QUBO
Kernel: fr
Advantage: globalrankweighted
M: 3
lambda: 8
epsilon_svgd: 0.02
gamma: 0.003
decay_start_ratio: 0.01
decay_min_factor: 0.01
bandwith_kernel: None
no_interact: False
avg_score: -924.0800170898438
median_score: -914.0
std_score: 72.13163757324219
percentiles: 2%=-1076.0400390625, 5%=-1070.0999755859375, 10%=-1022.0999755859375, 25%=-973.25, 50%=-914.0, 75%=-876.0, 90%=-837.7999877929688, 95%=-806.6000366210938, 98%=-784.7599487304688
ranking_best_algo: CMApara
ranking_best_score: 964.9
ranking_my_rank: 22/504 (95.8%)
ranking_my_percent: 95.83333333333333
