ConfigName: kjsd__advperagentrankweighted__M3__L18__eps0p01__g0p003__ds0p05__dm0p2
Problem: QUBO
Kernel: jsd
Advantage: peragentrankweighted
M: 3
lambda: 18
epsilon_svgd: 0.01
gamma: 0.003
decay_start_ratio: 0.05
decay_min_factor: 0.2
bandwith_kernel: None
no_interact: False
avg_score: -927.0800170898438
median_score: -930.0
std_score: 65.26970672607422
percentiles: 2%=-1065.02001953125, 5%=-1045.1500244140625, 10%=-1019.4000244140625, 25%=-956.25, 50%=-930.0, 75%=-883.5, 90%=-839.9000244140625, 95%=-820.7999877929688, 98%=-801.97998046875
ranking_best_algo: CMApara
ranking_best_score: 964.9
ranking_my_rank: 21/504 (96.0%)
ranking_my_percent: 96.03174603174604
