ConfigName: kfr__advglobalrankweighted__M6__L10__eps0p01__g0p005__ds0p01__dm0p01
Problem: QUBO
Kernel: fr
Advantage: globalrankweighted
M: 6
lambda: 10
epsilon_svgd: 0.01
gamma: 0.005
decay_start_ratio: 0.01
decay_min_factor: 0.01
bandwith_kernel: None
no_interact: False
avg_score: -303.79998779296875
median_score: -302.0
std_score: 39.64542770385742
percentiles: 2%=-390.0, 5%=-382.0, 10%=-354.6000061035156, 25%=-328.5, 50%=-302.0, 75%=-271.5, 90%=-255.89999389648438, 95%=-252.95001220703125, 98%=-245.95999145507812
ranking_best_algo: CMApara
ranking_best_score: 319.29999999999995
ranking_my_rank: 149/504 (70.6%)
ranking_my_percent: 70.63492063492063
