ConfigName: kjsd__advperagentrankweighted__M4__L8__eps0p02__g0p0005__ds0p2__dm0p05
Problem: QUBO
Kernel: jsd
Advantage: peragentrankweighted
M: 4
lambda: 8
epsilon_svgd: 0.02
gamma: 0.0005
decay_start_ratio: 0.2
decay_min_factor: 0.05
bandwith_kernel: None
no_interact: False
avg_score: -435.44000244140625
median_score: -435.0
std_score: 25.019319534301758
percentiles: 2%=-483.0799865722656, 5%=-479.1000061035156, 10%=-468.1000061035156, 25%=-453.0, 50%=-435.0, 75%=-414.75, 90%=-402.0, 95%=-398.8999938964844, 98%=-382.94000244140625
ranking_best_algo: CMApara
ranking_best_score: 453.82
ranking_my_rank: 32/504 (93.8%)
ranking_my_percent: 93.84920634920636
