ConfigName: krbf__advnormalizedfitness__M1__L10__eps0p015__g0p01__ds0p15__dm0p3
Problem: NK
Kernel: rbf
Advantage: normalizedfitness
M: 1
lambda: 10
epsilon_svgd: 0.015
gamma: 0.01
decay_start_ratio: 0.15
decay_min_factor: 0.3
bandwith_kernel: None
no_interact: False
avg_score: 0.7438258528709412
median_score: 0.7454144954681396
std_score: 0.015897676348686218
percentiles: 2%=0.7161282896995544, 5%=0.7204557061195374, 10%=0.7239629030227661, 25%=0.7313522696495056, 50%=0.7454144954681396, 75%=0.753481388092041, 90%=0.7624738812446594, 95%=0.7753991484642029, 98%=0.7789053916931152
ranking_best_algo: Tabu
ranking_best_score: 0.7657846284375001
ranking_my_rank: 52/504 (89.9%)
ranking_my_percent: 89.88095238095238
