ConfigName: kjsd__advperagentrankweighted__M3__L18__eps0p005__g0p003__ds0p1__dm0p2
Problem: NK
Kernel: jsd
Advantage: peragentrankweighted
M: 3
lambda: 18
epsilon_svgd: 0.005
gamma: 0.003
decay_start_ratio: 0.1
decay_min_factor: 0.2
bandwith_kernel: None
no_interact: False
avg_score: 0.7304942607879639
median_score: 0.7311804890632629
std_score: 0.010115239769220352
percentiles: 2%=0.7054470181465149, 5%=0.7131454944610596, 10%=0.7180975675582886, 25%=0.7250527143478394, 50%=0.7311804890632629, 75%=0.7374851703643799, 90%=0.743427574634552, 95%=0.7449896931648254, 98%=0.7459726929664612
ranking_best_algo: PBIL
ranking_best_score: 0.730509098125
ranking_my_rank: 2/504 (99.8%)
ranking_my_percent: 99.8015873015873
