ConfigName: kjsd__advperagentrankweighted__M4__L8__eps0p02__g0p0003__ds0p05__dm0p05
Problem: NK
Kernel: jsd
Advantage: peragentrankweighted
M: 4
lambda: 8
epsilon_svgd: 0.02
gamma: 0.0003
decay_start_ratio: 0.05
decay_min_factor: 0.05
bandwith_kernel: None
no_interact: False
avg_score: 0.710045337677002
median_score: 0.7087488174438477
std_score: 0.010533114895224571
percentiles: 2%=0.6914540529251099, 5%=0.6946166157722473, 10%=0.6975892186164856, 25%=0.702693521976471, 50%=0.7087488174438477, 75%=0.7170878648757935, 90%=0.7244637608528137, 95%=0.7297003269195557, 98%=0.7333732843399048
ranking_best_algo: Tabu
ranking_best_score: 0.7429702712499999
ranking_my_rank: 149/504 (70.6%)
ranking_my_percent: 70.63492063492063
