ConfigName: krbf__advnormalizedfitness__M3__L8__eps0p015__g0p015__ds0p15__dm0p01
Problem: NK
Kernel: rbf
Advantage: normalizedfitness
M: 3
lambda: 8
epsilon_svgd: 0.015
gamma: 0.015
decay_start_ratio: 0.15
decay_min_factor: 0.01
bandwith_kernel: None
no_interact: False
avg_score: 0.7364433407783508
median_score: 0.7372641563415527
std_score: 0.009097112342715263
percentiles: 2%=0.7186269164085388, 5%=0.7214571833610535, 10%=0.723949134349823, 25%=0.7296591401100159, 50%=0.7372641563415527, 75%=0.7439343929290771, 90%=0.7465641498565674, 95%=0.7513870596885681, 98%=0.7520945072174072
ranking_best_algo: PBIL
ranking_best_score: 0.730509098125
ranking_my_rank: 1/504 (100.0%)
ranking_my_percent: 100.0
