ConfigName: krbf__advnormalizedfitness__M3__L8__eps0p025__g0p005__ds0p01__dm0p3
Problem: QUBO
Kernel: rbf
Advantage: normalizedfitness
M: 3
lambda: 8
epsilon_svgd: 0.025
gamma: 0.005
decay_start_ratio: 0.01
decay_min_factor: 0.3
bandwith_kernel: None
no_interact: False
avg_score: -1229.9000244140625
median_score: -1223.5
std_score: 61.039085388183594
percentiles: 2%=-1350.1800537109375, 5%=-1323.199951171875, 10%=-1303.0999755859375, 25%=-1276.25, 50%=-1223.5, 75%=-1190.25, 90%=-1150.0999755859375, 95%=-1126.9000244140625, 98%=-1114.679931640625
ranking_best_algo: SVMMetaModelLogNormal
ranking_best_score: 1233.7999999999997
ranking_my_rank: 12/504 (97.8%)
ranking_my_percent: 97.81746031746032
