ConfigName: kfr__advglobalrankweighted__M1__L10__eps0p01__g0p007__ds0p01__dm0p01
Problem: QUBO
Kernel: fr
Advantage: globalrankweighted
M: 1
lambda: 10
epsilon_svgd: 0.01
gamma: 0.007
decay_start_ratio: 0.01
decay_min_factor: 0.01
bandwith_kernel: None
no_interact: False
avg_score: -134.83999633789062
median_score: -137.0
std_score: 12.172690391540527
percentiles: 2%=-156.0399932861328, 5%=-154.0500030517578, 10%=-150.10000610351562, 25%=-144.0, 50%=-137.0, 75%=-125.0, 90%=-121.0, 95%=-114.95000457763672, 98%=-112.87997436523438
ranking_best_algo: DiscreteDE
ranking_best_score: 143.4
ranking_my_rank: 275/504 (45.6%)
ranking_my_percent: 45.63492063492063
