ConfigName: kjsd__advperagentrankweighted__M3__L24__eps0p007__g0p001__ds0p05__dm0p05
Problem: NK
Kernel: jsd
Advantage: peragentrankweighted
M: 3
lambda: 24
epsilon_svgd: 0.007
gamma: 0.001
decay_start_ratio: 0.05
decay_min_factor: 0.05
bandwith_kernel: None
no_interact: False
avg_score: 0.7521448731422424
median_score: 0.7538779973983765
std_score: 0.015712935477495193
percentiles: 2%=0.719630241394043, 5%=0.7273608446121216, 10%=0.729725182056427, 25%=0.7413007020950317, 50%=0.7538779973983765, 75%=0.7624428272247314, 90%=0.7728505730628967, 95%=0.7753692269325256, 98%=0.7830555438995361
ranking_best_algo: Tabu
ranking_best_score: 0.7657846284375001
ranking_my_rank: 13/504 (97.6%)
ranking_my_percent: 97.61904761904762
