ConfigName: krbf__advnormalizedfitness__M2__L6__eps0p01__g0p01__ds0p01__dm0p01
Problem: QUBO
Kernel: rbf
Advantage: normalizedfitness
M: 2
lambda: 6
epsilon_svgd: 0.01
gamma: 0.01
decay_start_ratio: 0.01
decay_min_factor: 0.01
bandwith_kernel: None
no_interact: False
avg_score: -1189.8199462890625
median_score: -1182.0
std_score: 69.30762481689453
percentiles: 2%=-1363.0400390625, 5%=-1327.199951171875, 10%=-1289.199951171875, 25%=-1227.5, 50%=-1182.0, 75%=-1155.25, 90%=-1101.9000244140625, 95%=-1080.949951171875, 98%=-1071.8800048828125
ranking_best_algo: Tabu
ranking_best_score: 1216.16
ranking_my_rank: 55/504 (89.3%)
ranking_my_percent: 89.28571428571429
