ConfigName: kjsd__advperagentrankweighted__M3__L18__eps0p01__g0p003__ds0p05__dm0p1
Problem: NK
Kernel: jsd
Advantage: peragentrankweighted
M: 3
lambda: 18
epsilon_svgd: 0.01
gamma: 0.003
decay_start_ratio: 0.05
decay_min_factor: 0.1
bandwith_kernel: None
no_interact: False
avg_score: 0.7381975054740906
median_score: 0.7387044429779053
std_score: 0.009075645357370377
percentiles: 2%=0.7192812561988831, 5%=0.7216486930847168, 10%=0.7257007956504822, 25%=0.7315272092819214, 50%=0.7387044429779053, 75%=0.7445874214172363, 90%=0.7495933175086975, 95%=0.7519112825393677, 98%=0.7542055249214172
ranking_best_algo: PBIL
ranking_best_score: 0.730509098125
ranking_my_rank: 1/504 (100.0%)
ranking_my_percent: 100.0
