ConfigName: krbf__advnormalizedfitness__M2__L10__eps0p033__g0p005__ds0p15__dm0p01
Problem: QUBO
Kernel: rbf
Advantage: normalizedfitness
M: 2
lambda: 10
epsilon_svgd: 0.033
gamma: 0.005
decay_start_ratio: 0.15
decay_min_factor: 0.01
bandwith_kernel: None
no_interact: False
avg_score: -1606.800048828125
median_score: -1605.0
std_score: 63.288387298583984
percentiles: 2%=-1725.43994140625, 5%=-1713.050048828125, 10%=-1688.0999755859375, 25%=-1652.75, 50%=-1605.0, 75%=-1554.0, 90%=-1531.0, 95%=-1510.800048828125, 98%=-1492.5999755859375
ranking_best_algo: NLOPT_LN_PRAXIS
ranking_best_score: 1607.12
ranking_my_rank: 2/504 (99.8%)
ranking_my_percent: 99.8015873015873
