ConfigName: kjsd__advperagentrankweighted__M5__L8__eps0p01__g0p0003__ds0p4__dm0p05
Problem: NK
Kernel: jsd
Advantage: peragentrankweighted
M: 5
lambda: 8
epsilon_svgd: 0.01
gamma: 0.0003
decay_start_ratio: 0.4
decay_min_factor: 0.05
bandwith_kernel: None
no_interact: False
avg_score: 0.7334921956062317
median_score: 0.7346750497817993
std_score: 0.009328354150056839
percentiles: 2%=0.7122889161109924, 5%=0.7164657115936279, 10%=0.7198807001113892, 25%=0.728500485420227, 50%=0.7346750497817993, 75%=0.7402341365814209, 90%=0.7443925738334656, 95%=0.7472949028015137, 98%=0.7502131462097168
ranking_best_algo: PBIL
ranking_best_score: 0.730509098125
ranking_my_rank: 1/504 (100.0%)
ranking_my_percent: 100.0
