ConfigName: krbf__advglobalrankweighted__M4__L9__eps0p015__g0p003__ds0p01__dm0p01
Problem: QUBO
Kernel: rbf
Advantage: globalrankweighted
M: 4
lambda: 9
epsilon_svgd: 0.015
gamma: 0.003
decay_start_ratio: 0.01
decay_min_factor: 0.01
bandwith_kernel: None
no_interact: False
avg_score: -440.1000061035156
median_score: -437.5
std_score: 25.503530502319336
percentiles: 2%=-487.1000061035156, 5%=-485.0, 10%=-478.1000061035156, 25%=-456.5, 50%=-437.5, 75%=-425.0, 90%=-407.6000061035156, 95%=-400.9000244140625, 98%=-395.97998046875
ranking_best_algo: CMApara
ranking_best_score: 453.82
ranking_my_rank: 15/504 (97.2%)
ranking_my_percent: 97.22222222222223
