ConfigName: kjsd__advperagentrankweighted__M3__L18__eps0p005__g0p003__ds0p05__dm0p2
Problem: QUBO
Kernel: jsd
Advantage: peragentrankweighted
M: 3
lambda: 18
epsilon_svgd: 0.005
gamma: 0.003
decay_start_ratio: 0.05
decay_min_factor: 0.2
bandwith_kernel: None
no_interact: False
avg_score: -427.4200134277344
median_score: -429.5
std_score: 27.73776626586914
percentiles: 2%=-472.0, 5%=-467.1000061035156, 10%=-462.1000061035156, 25%=-447.25, 50%=-429.5, 75%=-403.75, 90%=-387.0, 95%=-380.8500061035156, 98%=-370.9800109863281
ranking_best_algo: CMApara
ranking_best_score: 453.82
ranking_my_rank: 101/504 (80.2%)
ranking_my_percent: 80.15873015873017
