ConfigName: kjsd__advperagentrankweighted__M4__L24__eps0p01__g0p0003__ds0p2__dm0p05
Problem: QUBO
Kernel: jsd
Advantage: peragentrankweighted
M: 4
lambda: 24
epsilon_svgd: 0.01
gamma: 0.0003
decay_start_ratio: 0.2
decay_min_factor: 0.05
bandwith_kernel: None
no_interact: False
avg_score: -1306.5400390625
median_score: -1308.5
std_score: 55.69388198852539
percentiles: 2%=-1411.3599853515625, 5%=-1402.25, 10%=-1374.4000244140625, 25%=-1341.25, 50%=-1308.5, 75%=-1272.75, 90%=-1227.9000244140625, 95%=-1204.9000244140625, 98%=-1194.6400146484375
ranking_best_algo: BigLognormalDiscreteOnePlusOne
ranking_best_score: 1301.3600000000004
ranking_my_rank: 1/504 (100.0%)
ranking_my_percent: 100.0
