ConfigName: krbf__advnormalizedfitness__M3__L12__eps0p015__g0p015__ds0p3__dm0p01
Problem: NK
Kernel: rbf
Advantage: normalizedfitness
M: 3
lambda: 12
epsilon_svgd: 0.015
gamma: 0.015
decay_start_ratio: 0.3
decay_min_factor: 0.01
bandwith_kernel: None
no_interact: False
avg_score: 0.7447633147239685
median_score: 0.7462027072906494
std_score: 0.015976304188370705
percentiles: 2%=0.714099645614624, 5%=0.7196369171142578, 10%=0.7249106764793396, 25%=0.7318757176399231, 50%=0.7462027072906494, 75%=0.7578989863395691, 90%=0.7659159898757935, 95%=0.7687971591949463, 98%=0.7705745697021484
ranking_best_algo: Tabu
ranking_best_score: 0.7657846284375001
ranking_my_rank: 44/504 (91.5%)
ranking_my_percent: 91.46825396825396
