ConfigName: kjsd__advperagentrankweighted__M3__L20__eps0p005__g0p0005__ds0p05__dm0p2
Problem: QUBO
Kernel: jsd
Advantage: peragentrankweighted
M: 3
lambda: 20
epsilon_svgd: 0.005
gamma: 0.0005
decay_start_ratio: 0.05
decay_min_factor: 0.2
bandwith_kernel: None
no_interact: False
avg_score: -1247.97998046875
median_score: -1242.0
std_score: 64.35821533203125
percentiles: 2%=-1402.4000244140625, 5%=-1359.25, 10%=-1331.0, 25%=-1283.25, 50%=-1242.0, 75%=-1199.75, 90%=-1168.9000244140625, 95%=-1153.0, 98%=-1140.8800048828125
ranking_best_algo: SVMMetaModelLogNormal
ranking_best_score: 1233.7999999999997
ranking_my_rank: 1/504 (100.0%)
ranking_my_percent: 100.0
