ConfigName: krbf__advnormalizedfitness__M3__L10__eps0p03__g0p005__ds0p05__dm0p05
Problem: NK
Kernel: rbf
Advantage: normalizedfitness
M: 3
lambda: 10
epsilon_svgd: 0.03
gamma: 0.005
decay_start_ratio: 0.05
decay_min_factor: 0.05
bandwith_kernel: None
no_interact: False
avg_score: 0.7451638579368591
median_score: 0.744202196598053
std_score: 0.009597858414053917
percentiles: 2%=0.7263022661209106, 5%=0.7292688488960266, 10%=0.7329088449478149, 25%=0.739578127861023, 50%=0.744202196598053, 75%=0.7524075508117676, 90%=0.7578754425048828, 95%=0.7606275081634521, 98%=0.7640014886856079
ranking_best_algo: PBIL
ranking_best_score: 0.733570253046875
ranking_my_rank: 1/504 (100.0%)
ranking_my_percent: 100.0
