ConfigName: krbf__advnormalizedfitness__M3__L12__eps0p025__g0p007__ds0p01__dm0p3
Problem: QUBO
Kernel: rbf
Advantage: normalizedfitness
M: 3
lambda: 12
epsilon_svgd: 0.025
gamma: 0.007
decay_start_ratio: 0.01
decay_min_factor: 0.3
bandwith_kernel: None
no_interact: False
avg_score: -309.17999267578125
median_score: -316.0
std_score: 37.663875579833984
percentiles: 2%=-390.0400085449219, 5%=-384.0, 10%=-350.20001220703125, 25%=-332.5, 50%=-316.0, 75%=-273.75, 90%=-262.8999938964844, 95%=-260.95001220703125, 98%=-257.91998291015625
ranking_best_algo: CMApara
ranking_best_score: 319.29999999999995
ranking_my_rank: 81/504 (84.1%)
ranking_my_percent: 84.12698412698413
