ConfigName: kfr__advglobalrankweighted__M5__L9__eps0p015__g0p005__ds0p01__dm0p01
Problem: QUBO
Kernel: fr
Advantage: globalrankweighted
M: 5
lambda: 9
epsilon_svgd: 0.015
gamma: 0.005
decay_start_ratio: 0.01
decay_min_factor: 0.01
bandwith_kernel: None
no_interact: False
avg_score: -438.9800109863281
median_score: -440.0
std_score: 25.10457420349121
percentiles: 2%=-487.1000061035156, 5%=-477.04998779296875, 10%=-472.0, 25%=-456.25, 50%=-440.0, 75%=-421.0, 90%=-401.8999938964844, 95%=-396.95001220703125, 98%=-393.9599914550781
ranking_best_algo: CMApara
ranking_best_score: 453.82
ranking_my_rank: 19/504 (96.4%)
ranking_my_percent: 96.42857142857143
