ConfigName: kfr__advglobalrankweighted__M5__L9__eps0p01__g0p005__ds0p01__dm0p01
Problem: QUBO
Kernel: fr
Advantage: globalrankweighted
M: 5
lambda: 9
epsilon_svgd: 0.01
gamma: 0.005
decay_start_ratio: 0.01
decay_min_factor: 0.01
bandwith_kernel: None
no_interact: False
avg_score: -1167.3399658203125
median_score: -1165.0
std_score: 64.66455078125
percentiles: 2%=-1286.1199951171875, 5%=-1271.4000244140625, 10%=-1246.5, 25%=-1207.25, 50%=-1165.0, 75%=-1131.0, 90%=-1088.0999755859375, 95%=-1053.949951171875, 98%=-1043.739990234375
ranking_best_algo: BigLognormalDiscreteOnePlusOne
ranking_best_score: 1301.3600000000004
ranking_my_rank: 109/504 (78.6%)
ranking_my_percent: 78.57142857142857
