ConfigName: kjsd__advperagentrankweighted__M5__L10__eps0p01__g0p0007__ds0p05__dm0p2
Problem: NK
Kernel: jsd
Advantage: peragentrankweighted
M: 5
lambda: 10
epsilon_svgd: 0.01
gamma: 0.0007
decay_start_ratio: 0.05
decay_min_factor: 0.2
bandwith_kernel: None
no_interact: False
avg_score: 0.7100110054016113
median_score: 0.7109918594360352
std_score: 0.01537139993160963
percentiles: 2%=0.6700059771537781, 5%=0.6713660955429077, 10%=0.6969298720359802, 25%=0.7071641683578491, 50%=0.7109918594360352, 75%=0.7184393405914307, 90%=0.725090503692627, 95%=0.732062578201294, 98%=0.7334690093994141
ranking_best_algo: CMApara
ranking_best_score: 0.707475975
ranking_my_rank: 1/504 (100.0%)
ranking_my_percent: 100.0
