ConfigName: krbf__advnormalizedfitness__M3__L12__eps0p025__g0p01__ds0p15__dm0p05
Problem: QUBO
Kernel: rbf
Advantage: normalizedfitness
M: 3
lambda: 12
epsilon_svgd: 0.025
gamma: 0.01
decay_start_ratio: 0.15
decay_min_factor: 0.05
bandwith_kernel: None
no_interact: False
avg_score: -139.97999572753906
median_score: -141.5
std_score: 10.895853042602539
percentiles: 2%=-159.0, 5%=-158.0, 10%=-156.0, 25%=-146.5, 50%=-141.5, 75%=-130.0, 90%=-127.0, 95%=-123.0, 98%=-120.83999633789062
ranking_best_algo: DiscreteDE
ranking_best_score: 143.4
ranking_my_rank: 80/504 (84.3%)
ranking_my_percent: 84.32539682539682
