ConfigName: kjsd__advperagentrankweighted__M3__L18__eps0p01__g0p0005__ds0p1__dm0p2
Problem: QUBO
Kernel: jsd
Advantage: peragentrankweighted
M: 3
lambda: 18
epsilon_svgd: 0.01
gamma: 0.0005
decay_start_ratio: 0.1
decay_min_factor: 0.2
bandwith_kernel: None
no_interact: False
avg_score: -197.67999267578125
median_score: -199.0
std_score: 13.44981861114502
percentiles: 2%=-224.0, 5%=-224.0, 10%=-212.10000610351562, 25%=-207.0, 50%=-199.0, 75%=-191.0, 90%=-178.0, 95%=-174.9499969482422, 98%=-172.94000244140625
ranking_best_algo: Tabu
ranking_best_score: 208.36000000000004
ranking_my_rank: 113/504 (77.8%)
ranking_my_percent: 77.77777777777777
