ConfigName: kjsd__advperagentrankweighted__M3__L16__eps0p005__g0p0005__ds0p1__dm0p1
Problem: NK
Kernel: jsd
Advantage: peragentrankweighted
M: 3
lambda: 16
epsilon_svgd: 0.005
gamma: 0.0005
decay_start_ratio: 0.1
decay_min_factor: 0.1
bandwith_kernel: None
no_interact: False
avg_score: 0.7430618405342102
median_score: 0.7417324781417847
std_score: 0.028362782672047615
percentiles: 2%=0.6991140842437744, 5%=0.7059834003448486, 10%=0.7106252312660217, 25%=0.7205513119697571, 50%=0.7417324781417847, 75%=0.7584900856018066, 90%=0.7749236822128296, 95%=0.8044298887252808, 98%=0.8118547797203064
ranking_best_algo: CMApara
ranking_best_score: 0.7459277895312499
ranking_my_rank: 13/504 (97.6%)
ranking_my_percent: 97.61904761904762
