ConfigName: kjsd__advperagentrankweighted__M3__L18__eps0p005__g0p0007__ds0p05__dm0p05
Problem: NK
Kernel: jsd
Advantage: peragentrankweighted
M: 3
lambda: 18
epsilon_svgd: 0.005
gamma: 0.0007
decay_start_ratio: 0.05
decay_min_factor: 0.05
bandwith_kernel: None
no_interact: False
avg_score: 0.7444480657577515
median_score: 0.7422001957893372
std_score: 0.028294838964939117
percentiles: 2%=0.6996803879737854, 5%=0.7088674306869507, 10%=0.7137055993080139, 25%=0.7194141745567322, 50%=0.7422001957893372, 75%=0.7580187320709229, 90%=0.7783373594284058, 95%=0.8047307133674622, 98%=0.8118547797203064
ranking_best_algo: CMApara
ranking_best_score: 0.7459277895312499
ranking_my_rank: 3/504 (99.6%)
ranking_my_percent: 99.60317460317461
