ConfigName: kjsd__advperagentrankweighted__M3__L16__eps0p005__g0p0007__ds0p2__dm0p2
Problem: QUBO
Kernel: jsd
Advantage: peragentrankweighted
M: 3
lambda: 16
epsilon_svgd: 0.005
gamma: 0.0007
decay_start_ratio: 0.2
decay_min_factor: 0.2
bandwith_kernel: None
no_interact: False
avg_score: -3287.719970703125
median_score: -3284.5
std_score: 107.87808990478516
percentiles: 2%=-3504.159912109375, 5%=-3443.25, 10%=-3428.0, 25%=-3362.75, 50%=-3284.5, 75%=-3231.5, 90%=-3130.800048828125, 95%=-3109.89990234375, 98%=-3075.5
ranking_best_algo: RLSOnePlusOne
ranking_best_score: 3316.5199999999995
ranking_my_rank: 3/504 (99.6%)
ranking_my_percent: 99.60317460317461
