ConfigName: kfr__advglobalrankweighted__M5__L9__eps0p02__g0p003__ds0p01__dm0p01
Problem: QUBO
Kernel: fr
Advantage: globalrankweighted
M: 5
lambda: 9
epsilon_svgd: 0.02
gamma: 0.003
decay_start_ratio: 0.01
decay_min_factor: 0.01
bandwith_kernel: None
no_interact: False
avg_score: -310.760009765625
median_score: -316.0
std_score: 37.2674446105957
percentiles: 2%=-390.20001220703125, 5%=-378.20001220703125, 10%=-354.1999816894531, 25%=-330.5, 50%=-316.0, 75%=-277.0, 90%=-269.79998779296875, 95%=-261.6500244140625, 98%=-244.0
ranking_best_algo: CMApara
ranking_best_score: 319.29999999999995
ranking_my_rank: 40/504 (92.3%)
ranking_my_percent: 92.26190476190476
