ConfigName: kjsd__advperagentrankweighted__M5__L10__eps0p02__g0p0005__ds0p05__dm0p05
Problem: NK
Kernel: jsd
Advantage: peragentrankweighted
M: 5
lambda: 10
epsilon_svgd: 0.02
gamma: 0.0005
decay_start_ratio: 0.05
decay_min_factor: 0.05
bandwith_kernel: None
no_interact: False
avg_score: 0.7083016037940979
median_score: 0.709811270236969
std_score: 0.01553830225020647
percentiles: 2%=0.6683123111724854, 5%=0.6708660125732422, 10%=0.690796971321106, 25%=0.704693078994751, 50%=0.709811270236969, 75%=0.7171199321746826, 90%=0.7244517207145691, 95%=0.7320549488067627, 98%=0.7328467965126038
ranking_best_algo: CMApara
ranking_best_score: 0.707475975
ranking_my_rank: 1/504 (100.0%)
ranking_my_percent: 100.0
