ConfigName: krbf__advnormalizedfitness__M3__L8__eps0p02__g0p01__ds0p15__dm0p05
Problem: QUBO
Kernel: rbf
Advantage: normalizedfitness
M: 3
lambda: 8
epsilon_svgd: 0.02
gamma: 0.01
decay_start_ratio: 0.15
decay_min_factor: 0.05
bandwith_kernel: None
no_interact: False
avg_score: -3180.820068359375
median_score: -3181.0
std_score: 181.85964965820312
percentiles: 2%=-3568.0, 5%=-3488.64990234375, 10%=-3424.60009765625, 25%=-3305.25, 50%=-3181.0, 75%=-3046.0, 90%=-2953.300048828125, 95%=-2885.64990234375, 98%=-2869.800048828125
ranking_best_algo: RLSOnePlusOne
ranking_best_score: 3316.5199999999995
ranking_my_rank: 57/504 (88.9%)
ranking_my_percent: 88.88888888888889
