ConfigName: kjsd__advperagentrankweighted__M4__L20__eps0p007__g0p0005__ds0p2__dm0p2
Problem: QUBO
Kernel: jsd
Advantage: peragentrankweighted
M: 4
lambda: 20
epsilon_svgd: 0.007
gamma: 0.0005
decay_start_ratio: 0.2
decay_min_factor: 0.2
bandwith_kernel: None
no_interact: False
avg_score: -326.9200134277344
median_score: -328.0
std_score: 23.493690490722656
percentiles: 2%=-372.0, 5%=-357.0, 10%=-352.1000061035156, 25%=-343.0, 50%=-328.0, 75%=-309.5, 90%=-294.79998779296875, 95%=-290.0, 98%=-277.7200012207031
ranking_best_algo: CMApara
ranking_best_score: 344.22
ranking_my_rank: 111/504 (78.2%)
ranking_my_percent: 78.17460317460318
