ConfigName: kjsd__advperagentrankweighted__M4__L8__eps0p005__g0p0003__ds0p2__dm0p05
Problem: QUBO
Kernel: jsd
Advantage: peragentrankweighted
M: 4
lambda: 8
epsilon_svgd: 0.005
gamma: 0.0003
decay_start_ratio: 0.2
decay_min_factor: 0.05
bandwith_kernel: None
no_interact: False
avg_score: -199.5399932861328
median_score: -199.0
std_score: 12.922398567199707
percentiles: 2%=-224.0, 5%=-224.0, 10%=-217.39999389648438, 25%=-207.0, 50%=-199.0, 75%=-192.0, 90%=-184.0, 95%=-179.0, 98%=-176.82000732421875
ranking_best_algo: Tabu
ranking_best_score: 208.36000000000004
ranking_my_rank: 68/504 (86.7%)
ranking_my_percent: 86.7063492063492
