ConfigName: kjsd__advperagentrankweighted__M5__L10__eps0p005__g0p0007__ds0p4__dm0p2
Problem: NK
Kernel: jsd
Advantage: peragentrankweighted
M: 5
lambda: 10
epsilon_svgd: 0.005
gamma: 0.0007
decay_start_ratio: 0.4
decay_min_factor: 0.2
bandwith_kernel: None
no_interact: False
avg_score: 0.7417065501213074
median_score: 0.7411817908287048
std_score: 0.01415873970836401
percentiles: 2%=0.7172543406486511, 5%=0.7199453115463257, 10%=0.7224230766296387, 25%=0.729941189289093, 50%=0.7411817908287048, 75%=0.7530218958854675, 90%=0.7595183849334717, 95%=0.7633437514305115, 98%=0.7655010223388672
ranking_best_algo: Tabu
ranking_best_score: 0.7601875690625
ranking_my_rank: 12/504 (97.8%)
ranking_my_percent: 97.81746031746032
