ConfigName: krbf__advnormalizedfitness__M5__L8__eps0p025__g0p01__ds0p05__dm0p05
Problem: QUBO
Kernel: rbf
Advantage: normalizedfitness
M: 5
lambda: 8
epsilon_svgd: 0.025
gamma: 0.01
decay_start_ratio: 0.05
decay_min_factor: 0.05
bandwith_kernel: None
no_interact: False
avg_score: -551.5999755859375
median_score: -553.0
std_score: 35.04739761352539
percentiles: 2%=-614.3200073242188, 5%=-609.0499877929688, 10%=-597.4000244140625, 25%=-573.5, 50%=-553.0, 75%=-528.25, 90%=-504.0, 95%=-494.79998779296875, 98%=-482.8399963378906
ranking_best_algo: Tabu
ranking_best_score: 588.7199999999999
ranking_my_rank: 153/503 (69.8%)
ranking_my_percent: 69.78131212723657
