ConfigName: kjsd__advperagentrankweighted__M5__L10__eps0p02__g0p0003__ds0p05__dm0p05
Problem: QUBO
Kernel: jsd
Advantage: peragentrankweighted
M: 5
lambda: 10
epsilon_svgd: 0.02
gamma: 0.0003
decay_start_ratio: 0.05
decay_min_factor: 0.05
bandwith_kernel: None
no_interact: False
avg_score: -896.2000122070312
median_score: -898.0
std_score: 62.026607513427734
percentiles: 2%=-1038.239990234375, 5%=-989.5, 10%=-973.5, 25%=-933.25, 50%=-898.0, 75%=-851.5, 90%=-811.7999877929688, 95%=-800.7000122070312, 98%=-783.780029296875
ranking_best_algo: CMAL3
ranking_best_score: 928.5800000000002
ranking_my_rank: 84/504 (83.5%)
ranking_my_percent: 83.53174603174604
