ConfigName: kjsd__advperagentrankweighted__M5__L10__eps0p01__g0p0005__ds0p2__dm0p05
Problem: NK
Kernel: jsd
Advantage: peragentrankweighted
M: 5
lambda: 10
epsilon_svgd: 0.01
gamma: 0.0005
decay_start_ratio: 0.2
decay_min_factor: 0.05
bandwith_kernel: None
no_interact: False
avg_score: 0.7402054071426392
median_score: 0.7392892837524414
std_score: 0.011690661311149597
percentiles: 2%=0.7189357280731201, 5%=0.7226284146308899, 10%=0.7269214987754822, 25%=0.7321252822875977, 50%=0.7392892837524414, 75%=0.746893584728241, 90%=0.7572410702705383, 95%=0.760200023651123, 98%=0.7700157761573792
ranking_best_algo: Tabu
ranking_best_score: 0.7601875690625
ranking_my_rank: 15/504 (97.2%)
ranking_my_percent: 97.22222222222223
