ConfigName: kjsd__advperagentrankweighted__M5__L8__eps0p02__g0p0003__ds0p2__dm0p05
Problem: QUBO
Kernel: jsd
Advantage: peragentrankweighted
M: 5
lambda: 8
epsilon_svgd: 0.02
gamma: 0.0003
decay_start_ratio: 0.2
decay_min_factor: 0.05
bandwith_kernel: None
no_interact: False
avg_score: -895.7999877929688
median_score: -886.0
std_score: 56.26953125
percentiles: 2%=-998.5, 5%=-986.3499755859375, 10%=-975.0999755859375, 25%=-937.0, 50%=-886.0, 75%=-853.0, 90%=-829.9000244140625, 95%=-808.9500122070312, 98%=-802.8599853515625
ranking_best_algo: CMAL3
ranking_best_score: 928.5800000000002
ranking_my_rank: 84/504 (83.5%)
ranking_my_percent: 83.53174603174604
