ConfigName: kjsd__advperagentrankweighted__M3__L24__eps0p007__g0p0005__ds0p2__dm0p2
Problem: QUBO
Kernel: jsd
Advantage: peragentrankweighted
M: 3
lambda: 24
epsilon_svgd: 0.007
gamma: 0.0005
decay_start_ratio: 0.2
decay_min_factor: 0.2
bandwith_kernel: None
no_interact: False
avg_score: -2587.47998046875
median_score: -2594.5
std_score: 122.77592468261719
percentiles: 2%=-2827.179931640625, 5%=-2792.050048828125, 10%=-2742.199951171875, 25%=-2682.0, 50%=-2594.5, 75%=-2494.25, 90%=-2448.5, 95%=-2379.800048828125, 98%=-2349.52001953125
ranking_best_algo: SVM1MetaModelLogNormal
ranking_best_score: 2605.14
ranking_my_rank: 11/504 (98.0%)
ranking_my_percent: 98.01587301587301
