ConfigName: kfr__advglobalrankweighted__M1__L9__eps0p01__g0p005__ds0p01__dm0p01
Problem: QUBO
Kernel: fr
Advantage: globalrankweighted
M: 1
lambda: 9
epsilon_svgd: 0.01
gamma: 0.005
decay_start_ratio: 0.01
decay_min_factor: 0.01
bandwith_kernel: None
no_interact: False
avg_score: -899.8599853515625
median_score: -888.0
std_score: 79.36927032470703
percentiles: 2%=-1074.0400390625, 5%=-1045.75, 10%=-1009.0, 25%=-955.75, 50%=-888.0, 75%=-837.75, 90%=-800.7999877929688, 95%=-787.4500732421875, 98%=-760.9199829101562
ranking_best_algo: CMApara
ranking_best_score: 964.9
ranking_my_rank: 120/504 (76.4%)
ranking_my_percent: 76.38888888888889
