ConfigName: krbf__advnormalizedfitness__M4__L10__eps0p015__g0p015__ds0p01__dm0p01
Problem: QUBO
Kernel: rbf
Advantage: normalizedfitness
M: 4
lambda: 10
epsilon_svgd: 0.015
gamma: 0.015
decay_start_ratio: 0.01
decay_min_factor: 0.01
bandwith_kernel: None
no_interact: False
avg_score: -1931.1600341796875
median_score: -1912.5
std_score: 226.8050537109375
percentiles: 2%=-2466.39990234375, 5%=-2316.75, 10%=-2221.39990234375, 25%=-2100.0, 50%=-1912.5, 75%=-1767.0, 90%=-1644.800048828125, 95%=-1602.1500244140625, 98%=-1577.3798828125
ranking_best_algo: RLSOnePlusOne
ranking_best_score: 3316.5199999999995
ranking_my_rank: 323/504 (36.1%)
ranking_my_percent: 36.111111111111114
