ConfigName: krbf__advnormalizedfitness__M4__L15__eps0p015__g0p015__ds0p01__dm0p01
Problem: QUBO
Kernel: rbf
Advantage: normalizedfitness
M: 4
lambda: 15
epsilon_svgd: 0.015
gamma: 0.015
decay_start_ratio: 0.01
decay_min_factor: 0.01
bandwith_kernel: None
no_interact: False
avg_score: -145.0399932861328
median_score: -145.0
std_score: 12.91814136505127
percentiles: 2%=-179.0, 5%=-162.64999389648438, 10%=-159.10000610351562, 25%=-154.0, 50%=-145.0, 75%=-137.0, 90%=-129.0, 95%=-125.0, 98%=-120.95999145507812
ranking_best_algo: CMApara
ranking_best_score: 154.28
ranking_my_rank: 172/504 (66.1%)
ranking_my_percent: 66.07142857142857
