ConfigName: kjsd__advperagentrankweighted__M3__L30__eps0p005__g0p001__ds0p05__dm0p2
Problem: NK
Kernel: jsd
Advantage: peragentrankweighted
M: 3
lambda: 30
epsilon_svgd: 0.005
gamma: 0.001
decay_start_ratio: 0.05
decay_min_factor: 0.2
bandwith_kernel: None
no_interact: False
avg_score: 0.7051267027854919
median_score: 0.70639967918396
std_score: 0.01637391746044159
percentiles: 2%=0.6754259467124939, 5%=0.6785963177680969, 10%=0.6847281455993652, 25%=0.6938799619674683, 50%=0.70639967918396, 75%=0.7146145105361938, 90%=0.7251020669937134, 95%=0.7354320883750916, 98%=0.7415875792503357
ranking_best_algo: Tabu
ranking_best_score: 0.7429702712499999
ranking_my_rank: 175/504 (65.5%)
ranking_my_percent: 65.47619047619048
