ConfigName: krbf__advnormalizedfitness__M3__L12__eps0p025__g0p007__ds0p15__dm0p3
Problem: QUBO
Kernel: rbf
Advantage: normalizedfitness
M: 3
lambda: 12
epsilon_svgd: 0.025
gamma: 0.007
decay_start_ratio: 0.15
decay_min_factor: 0.3
bandwith_kernel: None
no_interact: False
avg_score: -575.1400146484375
median_score: -574.0
std_score: 29.87340545654297
percentiles: 2%=-631.0599975585938, 5%=-625.0, 10%=-612.2000122070312, 25%=-598.25, 50%=-574.0, 75%=-556.0, 90%=-537.7999877929688, 95%=-529.300048828125, 98%=-506.7999572753906
ranking_best_algo: Tabu
ranking_best_score: 588.7199999999999
ranking_my_rank: 57/503 (88.9%)
ranking_my_percent: 88.86679920477137
