ConfigName: kjsd__advperagentrankweighted__M5__L10__eps0p02__g0p0005__ds0p2__dm0p05
Problem: QUBO
Kernel: jsd
Advantage: peragentrankweighted
M: 5
lambda: 10
epsilon_svgd: 0.02
gamma: 0.0005
decay_start_ratio: 0.2
decay_min_factor: 0.05
bandwith_kernel: None
no_interact: False
avg_score: -1611.8800048828125
median_score: -1612.0
std_score: 60.26811599731445
percentiles: 2%=-1741.3199462890625, 5%=-1698.75, 10%=-1680.4000244140625, 25%=-1650.25, 50%=-1612.0, 75%=-1564.5, 90%=-1534.5999755859375, 95%=-1527.0, 98%=-1514.8399658203125
ranking_best_algo: NLOPT_LN_PRAXIS
ranking_best_score: 1607.12
ranking_my_rank: 1/504 (100.0%)
ranking_my_percent: 100.0
