ConfigName: kfr__advglobalrankweighted__M4__L11__eps0p015__g0p003__ds0p01__dm0p01
Problem: QUBO
Kernel: fr
Advantage: globalrankweighted
M: 4
lambda: 11
epsilon_svgd: 0.015
gamma: 0.003
decay_start_ratio: 0.01
decay_min_factor: 0.01
bandwith_kernel: None
no_interact: False
avg_score: -429.9800109863281
median_score: -428.5
std_score: 24.301433563232422
percentiles: 2%=-483.0400085449219, 5%=-477.1000061035156, 10%=-465.6000061035156, 25%=-441.0, 50%=-428.5, 75%=-412.0, 90%=-403.0, 95%=-393.95001220703125, 98%=-387.82000732421875
ranking_best_algo: CMAL3
ranking_best_score: 435.36
ranking_my_rank: 9/504 (98.4%)
ranking_my_percent: 98.41269841269842
