ConfigName: kfr__advglobalrankweighted__M5__L11__eps0p015__g0p003__ds0p01__dm0p01
Problem: QUBO
Kernel: fr
Advantage: globalrankweighted
M: 5
lambda: 11
epsilon_svgd: 0.015
gamma: 0.003
decay_start_ratio: 0.01
decay_min_factor: 0.01
bandwith_kernel: None
no_interact: False
avg_score: -1180.97998046875
median_score: -1178.0
std_score: 67.63060760498047
percentiles: 2%=-1305.760009765625, 5%=-1281.5999755859375, 10%=-1270.199951171875, 25%=-1234.25, 50%=-1178.0, 75%=-1133.0, 90%=-1098.800048828125, 95%=-1070.7000732421875, 98%=-1046.8800048828125
ranking_best_algo: SVMMetaModelLogNormal
ranking_best_score: 1233.7999999999997
ranking_my_rank: 65/504 (87.3%)
ranking_my_percent: 87.3015873015873
