ConfigName: kjsd__advperagentrankweighted__M4__L24__eps0p03__g0p0007__ds0p2__dm0p05
Problem: QUBO
Kernel: jsd
Advantage: peragentrankweighted
M: 4
lambda: 24
epsilon_svgd: 0.03
gamma: 0.0007
decay_start_ratio: 0.2
decay_min_factor: 0.05
bandwith_kernel: None
no_interact: False
avg_score: -440.79998779296875
median_score: -440.5
std_score: 27.079145431518555
percentiles: 2%=-489.0, 5%=-488.04998779296875, 10%=-473.3999938964844, 25%=-461.25, 50%=-440.5, 75%=-422.75, 90%=-400.8999938964844, 95%=-396.0, 98%=-388.8999938964844
ranking_best_algo: CMApara
ranking_best_score: 453.82
ranking_my_rank: 12/504 (97.8%)
ranking_my_percent: 97.81746031746032
