ConfigName: kjsd__advperagentrankweighted__M3__L20__eps0p005__g0p0005__ds0p1__dm0p1
Problem: QUBO
Kernel: jsd
Advantage: peragentrankweighted
M: 3
lambda: 20
epsilon_svgd: 0.005
gamma: 0.0005
decay_start_ratio: 0.1
decay_min_factor: 0.1
bandwith_kernel: None
no_interact: False
avg_score: -441.3399963378906
median_score: -441.0
std_score: 27.5979061126709
percentiles: 2%=-489.05999755859375, 5%=-483.0, 10%=-473.3999938964844, 25%=-462.0, 50%=-441.0, 75%=-423.0, 90%=-403.6000061035156, 95%=-390.95001220703125, 98%=-383.82000732421875
ranking_best_algo: CMApara
ranking_best_score: 453.82
ranking_my_rank: 11/504 (98.0%)
ranking_my_percent: 98.01587301587301
