ConfigName: kjsd__advperagentrankweighted__M5__L10__eps0p005__g0p0005__ds0p2__dm0p05
Problem: QUBO
Kernel: jsd
Advantage: peragentrankweighted
M: 5
lambda: 10
epsilon_svgd: 0.005
gamma: 0.0005
decay_start_ratio: 0.2
decay_min_factor: 0.05
bandwith_kernel: None
no_interact: False
avg_score: -138.83999633789062
median_score: -142.0
std_score: 12.637024879455566
percentiles: 2%=-159.0, 5%=-158.0, 10%=-156.0, 25%=-147.25, 50%=-142.0, 75%=-129.75, 90%=-122.80000305175781, 95%=-116.80000305175781, 98%=-111.94000244140625
ranking_best_algo: DiscreteDE
ranking_best_score: 143.4
ranking_my_rank: 95/504 (81.3%)
ranking_my_percent: 81.34920634920636
