ConfigName: kjsd__advperagentrankweighted__M3__L18__eps0p005__g0p0007__ds0p1__dm0p2
Problem: QUBO
Kernel: jsd
Advantage: peragentrankweighted
M: 3
lambda: 18
epsilon_svgd: 0.005
gamma: 0.0007
decay_start_ratio: 0.1
decay_min_factor: 0.2
bandwith_kernel: None
no_interact: False
avg_score: -431.20001220703125
median_score: -428.5
std_score: 27.09686279296875
percentiles: 2%=-481.0400085449219, 5%=-479.0, 10%=-473.0, 25%=-450.0, 50%=-428.5, 75%=-413.0, 90%=-395.79998779296875, 95%=-388.8500061035156, 98%=-381.9800109863281
ranking_best_algo: CMAL3
ranking_best_score: 435.36
ranking_my_rank: 8/504 (98.6%)
ranking_my_percent: 98.61111111111111
