ConfigName: kfr__advglobalrankweighted__M1__L8__eps0p02__g0p007__ds0p01__dm0p01
Problem: QUBO
Kernel: fr
Advantage: globalrankweighted
M: 1
lambda: 8
epsilon_svgd: 0.02
gamma: 0.007
decay_start_ratio: 0.01
decay_min_factor: 0.01
bandwith_kernel: None
no_interact: False
avg_score: -407.67999267578125
median_score: -403.5
std_score: 32.95113754272461
percentiles: 2%=-477.0, 5%=-471.1000061035156, 10%=-455.20001220703125, 25%=-426.0, 50%=-403.5, 75%=-385.75, 90%=-367.0, 95%=-353.0, 98%=-345.89996337890625
ranking_best_algo: CMAL3
ranking_best_score: 435.36
ranking_my_rank: 212/504 (58.1%)
ranking_my_percent: 58.13492063492063
