ConfigName: kjsd__advperagentrankweighted__M4__L12__eps0p01__g0p0005__ds0p4__dm0p05
Problem: NK
Kernel: jsd
Advantage: peragentrankweighted
M: 4
lambda: 12
epsilon_svgd: 0.01
gamma: 0.0005
decay_start_ratio: 0.4
decay_min_factor: 0.05
bandwith_kernel: None
no_interact: False
avg_score: 0.7174736857414246
median_score: 0.7159538865089417
std_score: 0.007666842546314001
percentiles: 2%=0.7029302716255188, 5%=0.706296443939209, 10%=0.7088819742202759, 25%=0.7123802900314331, 50%=0.7159538865089417, 75%=0.7226781845092773, 90%=0.7291484475135803, 95%=0.7309620976448059, 98%=0.7323810458183289
ranking_best_algo: PBIL
ranking_best_score: 0.7170882103515624
ranking_my_rank: 1/504 (100.0%)
ranking_my_percent: 100.0
