ConfigName: kjsd__advperagentrankweighted__M4__L8__eps0p006__g0p0005__ds0p05__dm0p05
Problem: NK
Kernel: jsd
Advantage: peragentrankweighted
M: 4
lambda: 8
epsilon_svgd: 0.006
gamma: 0.0005
decay_start_ratio: 0.05
decay_min_factor: 0.05
bandwith_kernel: None
no_interact: False
avg_score: 0.706379234790802
median_score: 0.7083351612091064
std_score: 0.011476028710603714
percentiles: 2%=0.6876755356788635, 5%=0.6884979605674744, 10%=0.6917373538017273, 25%=0.6954717636108398, 50%=0.7083351612091064, 75%=0.7166165113449097, 90%=0.7201806902885437, 95%=0.7216575741767883, 98%=0.722810685634613
ranking_best_algo: PBIL
ranking_best_score: 0.7013553837109374
ranking_my_rank: 1/504 (100.0%)
ranking_my_percent: 100.0
