ConfigName: kjsd__advperagentrankweighted__M8__L12__eps0p005__g0p0005__ds0p3__dm0p05
Problem: QUBO
Kernel: jsd
Advantage: peragentrankweighted
M: 8
lambda: 12
epsilon_svgd: 0.005
gamma: 0.0005
decay_start_ratio: 0.3
decay_min_factor: 0.05
bandwith_kernel: None
no_interact: False
avg_score: -1105.760009765625
median_score: -1103.5
std_score: 74.25040435791016
percentiles: 2%=-1255.800048828125, 5%=-1235.25, 10%=-1204.300048828125, 25%=-1151.25, 50%=-1103.5, 75%=-1044.5, 90%=-1012.7999877929688, 95%=-1000.4000244140625, 98%=-976.9600219726562
ranking_best_algo: SVMMetaModelLogNormal
ranking_best_score: 1233.7999999999997
ranking_my_rank: 115/504 (77.4%)
ranking_my_percent: 77.38095238095238
