ConfigName: kfr__advglobalrankweighted__M2__L8__eps0p01__g0p003__ds0p01__dm0p01
Problem: QUBO
Kernel: fr
Advantage: globalrankweighted
M: 2
lambda: 8
epsilon_svgd: 0.01
gamma: 0.003
decay_start_ratio: 0.01
decay_min_factor: 0.01
bandwith_kernel: None
no_interact: False
avg_score: -1617.6600341796875
median_score: -1620.5
std_score: 57.01810073852539
percentiles: 2%=-1720.4000244140625, 5%=-1714.050048828125, 10%=-1699.0999755859375, 25%=-1658.25, 50%=-1620.5, 75%=-1569.75, 90%=-1536.800048828125, 95%=-1528.800048828125, 98%=-1514.93994140625
ranking_best_algo: NLOPT_LN_PRAXIS
ranking_best_score: 1607.12
ranking_my_rank: 1/504 (100.0%)
ranking_my_percent: 100.0
