ConfigName: krbf__advnormalizedfitness__M1__L8__eps0p033__g0p007__ds0p01__dm0p3
Problem: NK
Kernel: rbf
Advantage: normalizedfitness
M: 1
lambda: 8
epsilon_svgd: 0.033
gamma: 0.007
decay_start_ratio: 0.01
decay_min_factor: 0.3
bandwith_kernel: None
no_interact: False
avg_score: 0.7173298597335815
median_score: 0.7190220355987549
std_score: 0.013521981425583363
percentiles: 2%=0.6885992884635925, 5%=0.6928341388702393, 10%=0.7001529932022095, 25%=0.7086504101753235, 50%=0.7190220355987549, 75%=0.7272746562957764, 90%=0.7346478700637817, 95%=0.7375722527503967, 98%=0.7390035390853882
ranking_best_algo: Tabu
ranking_best_score: 0.7429702712499999
ranking_my_rank: 65/504 (87.3%)
ranking_my_percent: 87.3015873015873
