ConfigName: kjsd__advperagentrankweighted__M3__L24__eps0p005__g0p0005__ds0p05__dm0p1
Problem: NK
Kernel: jsd
Advantage: peragentrankweighted
M: 3
lambda: 24
epsilon_svgd: 0.005
gamma: 0.0005
decay_start_ratio: 0.05
decay_min_factor: 0.1
bandwith_kernel: None
no_interact: False
avg_score: 0.7360784411430359
median_score: 0.737563967704773
std_score: 0.008524925448000431
percentiles: 2%=0.7169592380523682, 5%=0.7188905477523804, 10%=0.7237752676010132, 25%=0.7313934564590454, 50%=0.737563967704773, 75%=0.7431389689445496, 90%=0.746013343334198, 95%=0.7473383545875549, 98%=0.7485130429267883
ranking_best_algo: PBIL
ranking_best_score: 0.7248786399609374
ranking_my_rank: 1/504 (100.0%)
ranking_my_percent: 100.0
