ConfigName: kjsd__advperagentrankweighted__M4__L12__eps0p008__g0p0005__ds0p05__dm0p05
Problem: QUBO
Kernel: jsd
Advantage: peragentrankweighted
M: 4
lambda: 12
epsilon_svgd: 0.008
gamma: 0.0005
decay_start_ratio: 0.05
decay_min_factor: 0.05
bandwith_kernel: None
no_interact: False
avg_score: -328.239990234375
median_score: -335.0
std_score: 23.782817840576172
percentiles: 2%=-372.0, 5%=-372.0, 10%=-350.29998779296875, 25%=-342.0, 50%=-335.0, 75%=-312.0, 90%=-295.6000061035156, 95%=-289.8500061035156, 98%=-267.9200134277344
ranking_best_algo: CMApara
ranking_best_score: 344.22
ranking_my_rank: 84/504 (83.5%)
ranking_my_percent: 83.53174603174604
