ConfigName: krbf__advnormalizedfitness__M4__L15__eps0p025__g0p005__ds0p15__dm0p3
Problem: QUBO
Kernel: rbf
Advantage: normalizedfitness
M: 4
lambda: 15
epsilon_svgd: 0.025
gamma: 0.005
decay_start_ratio: 0.15
decay_min_factor: 0.3
bandwith_kernel: None
no_interact: False
avg_score: -1032.3399658203125
median_score: -1033.5
std_score: 85.24707794189453
percentiles: 2%=-1206.06005859375, 5%=-1187.199951171875, 10%=-1145.5, 25%=-1100.0, 50%=-1033.5, 75%=-965.0, 90%=-929.7000122070312, 95%=-911.3500366210938, 98%=-892.35986328125
ranking_best_algo: SVMMetaModelLogNormal
ranking_best_score: 1233.7999999999997
ranking_my_rank: 206/504 (59.3%)
ranking_my_percent: 59.32539682539682
