ConfigName: kfr__advglobalrankweighted__M5__L11__eps0p01__g0p005__ds0p01__dm0p01
Problem: QUBO
Kernel: fr
Advantage: globalrankweighted
M: 5
lambda: 11
epsilon_svgd: 0.01
gamma: 0.005
decay_start_ratio: 0.01
decay_min_factor: 0.01
bandwith_kernel: None
no_interact: False
avg_score: -309.3399963378906
median_score: -314.0
std_score: 38.47862243652344
percentiles: 2%=-394.0, 5%=-382.3999938964844, 10%=-354.3999938964844, 25%=-334.0, 50%=-314.0, 75%=-273.0, 90%=-264.0, 95%=-260.95001220703125, 98%=-251.95999145507812
ranking_best_algo: CMApara
ranking_best_score: 319.29999999999995
ranking_my_rank: 80/504 (84.3%)
ranking_my_percent: 84.32539682539682
