ConfigName: kfr__advglobalrankweighted__M6__L9__eps0p01__g0p003__ds0p01__dm0p01
Problem: QUBO
Kernel: fr
Advantage: globalrankweighted
M: 6
lambda: 9
epsilon_svgd: 0.01
gamma: 0.003
decay_start_ratio: 0.01
decay_min_factor: 0.01
bandwith_kernel: None
no_interact: False
avg_score: -421.6000061035156
median_score: -422.5
std_score: 27.282962799072266
percentiles: 2%=-477.0400085449219, 5%=-475.1000061035156, 10%=-452.79998779296875, 25%=-437.25, 50%=-422.5, 75%=-404.5, 90%=-385.0, 95%=-377.95001220703125, 98%=-369.7999572753906
ranking_best_algo: CMAL3
ranking_best_score: 435.36
ranking_my_rank: 52/504 (89.9%)
ranking_my_percent: 89.88095238095238
