ConfigName: krbf__advnormalizedfitness__M3__L8__eps0p015__g0p007__ds0p15__dm0p3
Problem: NK
Kernel: rbf
Advantage: normalizedfitness
M: 3
lambda: 8
epsilon_svgd: 0.015
gamma: 0.007
decay_start_ratio: 0.15
decay_min_factor: 0.3
bandwith_kernel: None
no_interact: False
avg_score: 0.606652021408081
median_score: 0.6019408702850342
std_score: 0.01671314798295498
percentiles: 2%=0.58824622631073, 5%=0.5894784927368164, 10%=0.5909715294837952, 25%=0.5940011739730835, 50%=0.6019408702850342, 75%=0.6157745718955994, 90%=0.6269420981407166, 95%=0.6379467844963074, 98%=0.6522005796432495
ranking_best_algo: PBIL
ranking_best_score: 0.7170882103515624
ranking_my_rank: 349/504 (31.0%)
ranking_my_percent: 30.952380952380953
