ConfigName: kjsd__advperagentrankweighted__M5__L8__eps0p005__g0p0005__ds0p4__dm0p05
Problem: NK
Kernel: jsd
Advantage: peragentrankweighted
M: 5
lambda: 8
epsilon_svgd: 0.005
gamma: 0.0005
decay_start_ratio: 0.4
decay_min_factor: 0.05
bandwith_kernel: None
no_interact: False
avg_score: 0.7347003817558289
median_score: 0.7357699275016785
std_score: 0.008748899213969707
percentiles: 2%=0.7132113575935364, 5%=0.7186872363090515, 10%=0.7216054201126099, 25%=0.7314563393592834, 50%=0.7357699275016785, 75%=0.7416930794715881, 90%=0.7439870834350586, 95%=0.7462284564971924, 98%=0.74681156873703
ranking_best_algo: PBIL
ranking_best_score: 0.7248786399609374
ranking_my_rank: 1/504 (100.0%)
ranking_my_percent: 100.0
