ConfigName: kjsd__advperagentrankweighted__M3__L20__eps0p005__g0p0007__ds0p2__dm0p05
Problem: NK
Kernel: jsd
Advantage: peragentrankweighted
M: 3
lambda: 20
epsilon_svgd: 0.005
gamma: 0.0007
decay_start_ratio: 0.2
decay_min_factor: 0.05
bandwith_kernel: None
no_interact: False
avg_score: 0.7443717122077942
median_score: 0.7420469522476196
std_score: 0.02829260565340519
percentiles: 2%=0.7057628631591797, 5%=0.7083590626716614, 10%=0.7105557918548584, 25%=0.7226580381393433, 50%=0.7420469522476196, 75%=0.7580187320709229, 90%=0.777702271938324, 95%=0.8046817779541016, 98%=0.8118547797203064
ranking_best_algo: CMApara
ranking_best_score: 0.7459277895312499
ranking_my_rank: 4/504 (99.4%)
ranking_my_percent: 99.4047619047619
