ConfigName: kfr__advglobalrankweighted__M1__L11__eps0p015__g0p005__ds0p01__dm0p01
Problem: QUBO
Kernel: fr
Advantage: globalrankweighted
M: 1
lambda: 11
epsilon_svgd: 0.015
gamma: 0.005
decay_start_ratio: 0.01
decay_min_factor: 0.01
bandwith_kernel: None
no_interact: False
avg_score: -2565.659912109375
median_score: -2573.0
std_score: 124.7079849243164
percentiles: 2%=-2820.320068359375, 5%=-2797.5, 10%=-2705.39990234375, 25%=-2643.5, 50%=-2573.0, 75%=-2471.75, 90%=-2383.39990234375, 95%=-2360.85009765625, 98%=-2349.719970703125
ranking_best_algo: DiscreteLengler2OnePlusOne
ranking_best_score: 2617.04
ranking_my_rank: 51/504 (90.1%)
ranking_my_percent: 90.07936507936508
