ConfigName: krbf__advnormalizedfitness__M3__L12__eps0p033__g0p01__ds0p01__dm0p3
Problem: QUBO
Kernel: rbf
Advantage: normalizedfitness
M: 3
lambda: 12
epsilon_svgd: 0.033
gamma: 0.01
decay_start_ratio: 0.01
decay_min_factor: 0.3
bandwith_kernel: None
no_interact: False
avg_score: -444.3999938964844
median_score: -447.0
std_score: 25.419677734375
percentiles: 2%=-490.0400085449219, 5%=-485.1000061035156, 10%=-475.3999938964844, 25%=-463.25, 50%=-447.0, 75%=-428.5, 90%=-410.8999938964844, 95%=-402.8500061035156, 98%=-396.8399658203125
ranking_best_algo: CMApara
ranking_best_score: 453.82
ranking_my_rank: 6/504 (99.0%)
ranking_my_percent: 99.0079365079365
