ConfigName: kjsd__advperagentrankweighted__M3__L16__eps0p005__g0p003__ds0p1__dm0p2
Problem: NK
Kernel: jsd
Advantage: peragentrankweighted
M: 3
lambda: 16
epsilon_svgd: 0.005
gamma: 0.003
decay_start_ratio: 0.1
decay_min_factor: 0.2
bandwith_kernel: None
no_interact: False
avg_score: 0.749314546585083
median_score: 0.748557448387146
std_score: 0.01507713831961155
percentiles: 2%=0.7187114953994751, 5%=0.7246813774108887, 10%=0.7288261651992798, 25%=0.7384409308433533, 50%=0.748557448387146, 75%=0.7604069113731384, 90%=0.7706213593482971, 95%=0.7740533947944641, 98%=0.7740723490715027
ranking_best_algo: Tabu
ranking_best_score: 0.7657846284375001
ranking_my_rank: 29/504 (94.4%)
ranking_my_percent: 94.44444444444444
