ConfigName: krbf__advnormalizedfitness__M3__L10__eps0p015__g0p015__ds0p3__dm0p01
Problem: NK
Kernel: rbf
Advantage: normalizedfitness
M: 3
lambda: 10
epsilon_svgd: 0.015
gamma: 0.015
decay_start_ratio: 0.3
decay_min_factor: 0.01
bandwith_kernel: None
no_interact: False
avg_score: 0.731717050075531
median_score: 0.7319692373275757
std_score: 0.00985806342214346
percentiles: 2%=0.7106567025184631, 5%=0.7146450281143188, 10%=0.7167730927467346, 25%=0.7254294753074646, 50%=0.7319692373275757, 75%=0.7387953996658325, 90%=0.7432664036750793, 95%=0.747096598148346, 98%=0.7489569783210754
ranking_best_algo: PBIL
ranking_best_score: 0.730509098125
ranking_my_rank: 1/504 (100.0%)
ranking_my_percent: 100.0
