ConfigName: krbf__advglobalrankweighted__M4__L10__eps0p02__g0p003__ds0p01__dm0p01
Problem: QUBO
Kernel: rbf
Advantage: globalrankweighted
M: 4
lambda: 10
epsilon_svgd: 0.02
gamma: 0.003
decay_start_ratio: 0.01
decay_min_factor: 0.01
bandwith_kernel: None
no_interact: False
avg_score: -436.2200012207031
median_score: -434.5
std_score: 27.1468505859375
percentiles: 2%=-486.0199890136719, 5%=-479.04998779296875, 10%=-471.1000061035156, 25%=-458.25, 50%=-434.5, 75%=-415.0, 90%=-400.0, 95%=-390.95001220703125, 98%=-388.94000244140625
ranking_best_algo: CMApara
ranking_best_score: 453.82
ranking_my_rank: 30/504 (94.2%)
ranking_my_percent: 94.24603174603175
