ConfigName: krbf__advnormalizedfitness__M3__L12__eps0p033__g0p007__ds0p3__dm0p01
Problem: QUBO
Kernel: rbf
Advantage: normalizedfitness
M: 3
lambda: 12
epsilon_svgd: 0.033
gamma: 0.007
decay_start_ratio: 0.3
decay_min_factor: 0.01
bandwith_kernel: None
no_interact: False
avg_score: -2499.679931640625
median_score: -2500.0
std_score: 154.9733428955078
percentiles: 2%=-2814.340087890625, 5%=-2744.85009765625, 10%=-2684.5, 25%=-2610.5, 50%=-2500.0, 75%=-2395.0, 90%=-2310.0, 95%=-2252.35009765625, 98%=-2199.43994140625
ranking_best_algo: SVM1MetaModelLogNormal
ranking_best_score: 2605.14
ranking_my_rank: 65/504 (87.3%)
ranking_my_percent: 87.3015873015873
