ConfigName: kjsd__advperagentrankweighted__M4__L8__eps0p01__g0p0003__ds0p2__dm0p05
Problem: QUBO
Kernel: jsd
Advantage: peragentrankweighted
M: 4
lambda: 8
epsilon_svgd: 0.01
gamma: 0.0003
decay_start_ratio: 0.2
decay_min_factor: 0.05
bandwith_kernel: None
no_interact: False
avg_score: -1577.9200439453125
median_score: -1577.0
std_score: 54.0323371887207
percentiles: 2%=-1687.02001953125, 5%=-1667.0999755859375, 10%=-1655.0999755859375, 25%=-1614.0, 50%=-1577.0, 75%=-1536.5, 90%=-1514.5999755859375, 95%=-1490.699951171875, 98%=-1472.6800537109375
ranking_best_algo: NLOPT_LN_PRAXIS
ranking_best_score: 1607.12
ranking_my_rank: 44/504 (91.5%)
ranking_my_percent: 91.46825396825396
