ConfigName: kjsd__advperagentrankweighted__M3__L24__eps0p007__g0p0005__ds0p1__dm0p2
Problem: QUBO
Kernel: jsd
Advantage: peragentrankweighted
M: 3
lambda: 24
epsilon_svgd: 0.007
gamma: 0.0005
decay_start_ratio: 0.1
decay_min_factor: 0.2
bandwith_kernel: None
no_interact: False
avg_score: -330.2200012207031
median_score: -334.0
std_score: 20.60853385925293
percentiles: 2%=-372.0, 5%=-357.25, 10%=-354.0, 25%=-343.0, 50%=-334.0, 75%=-316.0, 90%=-298.0, 95%=-297.79998779296875, 98%=-285.9599914550781
ranking_best_algo: CMApara
ranking_best_score: 344.22
ranking_my_rank: 79/504 (84.5%)
ranking_my_percent: 84.52380952380952
