ConfigName: kjsd__advperagentrankweighted__M4__L12__eps0p02__g0p0005__ds0p2__dm0p05
Problem: QUBO
Kernel: jsd
Advantage: peragentrankweighted
M: 4
lambda: 12
epsilon_svgd: 0.02
gamma: 0.0005
decay_start_ratio: 0.2
decay_min_factor: 0.05
bandwith_kernel: None
no_interact: False
avg_score: -407.9599914550781
median_score: -406.0
std_score: 24.651945114135742
percentiles: 2%=-457.0799865722656, 5%=-451.1499938964844, 10%=-440.6000061035156, 25%=-422.5, 50%=-406.0, 75%=-394.0, 90%=-374.0, 95%=-371.8999938964844, 98%=-357.8399963378906
ranking_best_algo: Tabu
ranking_best_score: 438.12
ranking_my_rank: 154/504 (69.6%)
ranking_my_percent: 69.64285714285714
