ConfigName: krbf__advnormalizedfitness__M4__L10__eps0p03__g0p001__ds0p05__dm0p05
Problem: NK
Kernel: rbf
Advantage: normalizedfitness
M: 4
lambda: 10
epsilon_svgd: 0.03
gamma: 0.001
decay_start_ratio: 0.05
decay_min_factor: 0.05
bandwith_kernel: None
no_interact: False
avg_score: 0.6987258791923523
median_score: 0.6997379064559937
std_score: 0.009278331883251667
percentiles: 2%=0.680203914642334, 5%=0.6813042163848877, 10%=0.6868433952331543, 25%=0.6927081942558289, 50%=0.6997379064559937, 75%=0.7040777206420898, 90%=0.7104955911636353, 95%=0.7128663659095764, 98%=0.7176157832145691
ranking_best_algo: PBIL
ranking_best_score: 0.7170882103515624
ranking_my_rank: 78/504 (84.7%)
ranking_my_percent: 84.72222222222223
