ConfigName: kjsd__advperagentrankweighted__M3__L20__eps0p005__g0p0005__ds0p05__dm0p05
Problem: QUBO
Kernel: jsd
Advantage: peragentrankweighted
M: 3
lambda: 20
epsilon_svgd: 0.005
gamma: 0.0005
decay_start_ratio: 0.05
decay_min_factor: 0.05
bandwith_kernel: None
no_interact: False
avg_score: -199.5800018310547
median_score: -200.0
std_score: 13.036242485046387
percentiles: 2%=-224.0, 5%=-222.10000610351562, 10%=-221.0, 25%=-205.25, 50%=-200.0, 75%=-191.0, 90%=-182.0, 95%=-178.85000610351562, 98%=-174.94000244140625
ranking_best_algo: Tabu
ranking_best_score: 208.36000000000004
ranking_my_rank: 68/504 (86.7%)
ranking_my_percent: 86.7063492063492
