ConfigName: kjsd__advperagentrankweighted__M4__L12__eps0p02__g0p0007__ds0p2__dm0p05
Problem: NK
Kernel: jsd
Advantage: peragentrankweighted
M: 4
lambda: 12
epsilon_svgd: 0.02
gamma: 0.0007
decay_start_ratio: 0.2
decay_min_factor: 0.05
bandwith_kernel: None
no_interact: False
avg_score: 0.7106678485870361
median_score: 0.6985580325126648
std_score: 0.03141820803284645
percentiles: 2%=0.6728370785713196, 5%=0.6746113896369934, 10%=0.6765496730804443, 25%=0.6823291182518005, 50%=0.6985580325126648, 75%=0.7450658082962036, 90%=0.7524471879005432, 95%=0.7613165378570557, 98%=0.7613165378570557
ranking_best_algo: CMApara
ranking_best_score: 0.7118996098437498
ranking_my_rank: 18/504 (96.6%)
ranking_my_percent: 96.62698412698413
