ConfigName: kjsd__advperagentrankweighted__M4__L30__eps0p005__g0p0005__ds0p4__dm0p05
Problem: QUBO
Kernel: jsd
Advantage: peragentrankweighted
M: 4
lambda: 30
epsilon_svgd: 0.005
gamma: 0.0005
decay_start_ratio: 0.4
decay_min_factor: 0.05
bandwith_kernel: None
no_interact: False
avg_score: -580.7999877929688
median_score: -581.0
std_score: 29.048234939575195
percentiles: 2%=-633.0399780273438, 5%=-623.0999755859375, 10%=-619.0, 25%=-605.0, 50%=-581.0, 75%=-561.75, 90%=-545.0, 95%=-529.9000244140625, 98%=-522.97998046875
ranking_best_algo: Tabu
ranking_best_score: 588.7199999999999
ranking_my_rank: 37/503 (92.8%)
ranking_my_percent: 92.84294234592446
