ConfigName: kjsd__advperagentrankweighted__M3__L20__eps0p005__g0p003__ds0p2__dm0p05
Problem: QUBO
Kernel: jsd
Advantage: peragentrankweighted
M: 3
lambda: 20
epsilon_svgd: 0.005
gamma: 0.003
decay_start_ratio: 0.2
decay_min_factor: 0.05
bandwith_kernel: None
no_interact: False
avg_score: -307.0799865722656
median_score: -307.0
std_score: 39.539772033691406
percentiles: 2%=-392.1199951171875, 5%=-380.20001220703125, 10%=-359.0, 25%=-332.0, 50%=-307.0, 75%=-274.0, 90%=-259.0, 95%=-251.89999389648438, 98%=-246.97999572753906
ranking_best_algo: CMApara
ranking_best_score: 319.29999999999995
ranking_my_rank: 104/504 (79.6%)
ranking_my_percent: 79.56349206349206
