ConfigName: kjsd__advperagentrankweighted__M4__L8__eps0p01__g0p0005__ds0p4__dm0p05
Problem: QUBO
Kernel: jsd
Advantage: peragentrankweighted
M: 4
lambda: 8
epsilon_svgd: 0.01
gamma: 0.0005
decay_start_ratio: 0.4
decay_min_factor: 0.05
bandwith_kernel: None
no_interact: False
avg_score: -410.1199951171875
median_score: -411.5
std_score: 25.52852439880371
percentiles: 2%=-454.29998779296875, 5%=-452.0, 10%=-446.1000061035156, 25%=-425.25, 50%=-411.5, 75%=-391.5, 90%=-376.0, 95%=-370.0, 98%=-365.8399963378906
ranking_best_algo: Tabu
ranking_best_score: 438.12
ranking_my_rank: 90/504 (82.3%)
ranking_my_percent: 82.34126984126983
