ConfigName: kjsd__advperagentrankweighted__M5__L8__eps0p005__g0p0003__ds0p4__dm0p05
Problem: QUBO
Kernel: jsd
Advantage: peragentrankweighted
M: 5
lambda: 8
epsilon_svgd: 0.005
gamma: 0.0003
decay_start_ratio: 0.4
decay_min_factor: 0.05
bandwith_kernel: None
no_interact: False
avg_score: -919.9000244140625
median_score: -917.5
std_score: 65.38875579833984
percentiles: 2%=-1054.1199951171875, 5%=-1044.300048828125, 10%=-1015.2000122070312, 25%=-963.5, 50%=-917.5, 75%=-873.5, 90%=-835.9000244140625, 95%=-825.75, 98%=-809.4199829101562
ranking_best_algo: CMAL3
ranking_best_score: 928.5800000000002
ranking_my_rank: 9/504 (98.4%)
ranking_my_percent: 98.41269841269842
