ConfigName: krbf__advnormalizedfitness__M1__L8__eps0p025__g0p005__ds0p3__dm0p01
Problem: QUBO
Kernel: rbf
Advantage: normalizedfitness
M: 1
lambda: 8
epsilon_svgd: 0.025
gamma: 0.005
decay_start_ratio: 0.3
decay_min_factor: 0.01
bandwith_kernel: None
no_interact: False
avg_score: -549.260009765625
median_score: -553.5
std_score: 35.883872985839844
percentiles: 2%=-611.1199951171875, 5%=-593.0999755859375, 10%=-585.0999755859375, 25%=-575.25, 50%=-553.5, 75%=-528.0, 90%=-502.6000061035156, 95%=-473.70001220703125, 98%=-454.94000244140625
ranking_best_algo: Tabu
ranking_best_score: 588.7199999999999
ranking_my_rank: 154/503 (69.6%)
ranking_my_percent: 69.58250497017893
