ConfigName: kjsd__advperagentrankweighted__M5__L10__eps0p02__g0p0003__ds0p05__dm0p05
Problem: QUBO
Kernel: jsd
Advantage: peragentrankweighted
M: 5
lambda: 10
epsilon_svgd: 0.02
gamma: 0.0003
decay_start_ratio: 0.05
decay_min_factor: 0.05
bandwith_kernel: None
no_interact: False
avg_score: -2512.739990234375
median_score: -2511.5
std_score: 117.13057708740234
percentiles: 2%=-2736.080078125, 5%=-2709.0, 10%=-2674.5, 25%=-2603.0, 50%=-2511.5, 75%=-2408.0, 90%=-2377.89990234375, 95%=-2357.949951171875, 98%=-2339.919921875
ranking_best_algo: SVM1MetaModelLogNormal
ranking_best_score: 2605.14
ranking_my_rank: 61/504 (88.1%)
ranking_my_percent: 88.0952380952381
