ConfigName: kjsd__advperagentrankweighted__M3__L18__eps0p005__g0p003__ds0p05__dm0p05
Problem: QUBO
Kernel: jsd
Advantage: peragentrankweighted
M: 3
lambda: 18
epsilon_svgd: 0.005
gamma: 0.003
decay_start_ratio: 0.05
decay_min_factor: 0.05
bandwith_kernel: None
no_interact: False
avg_score: -874.7999877929688
median_score: -872.5
std_score: 73.6954574584961
percentiles: 2%=-1032.3599853515625, 5%=-1010.0999755859375, 10%=-969.7999877929688, 25%=-921.0, 50%=-872.5, 75%=-817.75, 90%=-786.0, 95%=-769.5999755859375, 98%=-752.52001953125
ranking_best_algo: CMAL3
ranking_best_score: 928.5800000000002
ranking_my_rank: 134/504 (73.6%)
ranking_my_percent: 73.61111111111111
