ConfigName: krbf__advnormalizedfitness__M2__L8__eps0p025__g0p015__ds0p15__dm0p3
Problem: QUBO
Kernel: rbf
Advantage: normalizedfitness
M: 2
lambda: 8
epsilon_svgd: 0.025
gamma: 0.015
decay_start_ratio: 0.15
decay_min_factor: 0.3
bandwith_kernel: None
no_interact: False
avg_score: -2582.8798828125
median_score: -2579.0
std_score: 125.36357116699219
percentiles: 2%=-2826.0400390625, 5%=-2802.050048828125, 10%=-2741.199951171875, 25%=-2681.25, 50%=-2579.0, 75%=-2497.75, 90%=-2408.89990234375, 95%=-2373.800048828125, 98%=-2365.89990234375
ranking_best_algo: DiscreteLengler2OnePlusOne
ranking_best_score: 2617.04
ranking_my_rank: 47/504 (90.9%)
ranking_my_percent: 90.87301587301587
