ConfigName: kfr__advglobalrankweighted__M4__L5__eps0p01__g0p005__ds0p01__dm0p01
Problem: NK
Kernel: fr
Advantage: globalrankweighted
M: 4
lambda: 5
epsilon_svgd: 0.01
gamma: 0.005
decay_start_ratio: 0.01
decay_min_factor: 0.01
bandwith_kernel: None
no_interact: False
avg_score: 0.7558062672615051
median_score: 0.7564706802368164
std_score: 0.013961156830191612
percentiles: 2%=0.7307900190353394, 5%=0.7342821955680847, 10%=0.7385116815567017, 25%=0.7437827587127686, 50%=0.7564706802368164, 75%=0.7655632495880127, 90%=0.7762620449066162, 95%=0.7789281010627747, 98%=0.7830487489700317
ranking_best_algo: Tabu
ranking_best_score: 0.7657846284375001
ranking_my_rank: 4/504 (99.4%)
ranking_my_percent: 99.4047619047619
