ConfigName: krbf__advnormalizedfitness__M3__L15__eps0p03__g0p005__ds0p05__dm0p05
Problem: QUBO
Kernel: rbf
Advantage: normalizedfitness
M: 3
lambda: 15
epsilon_svgd: 0.03
gamma: 0.005
decay_start_ratio: 0.05
decay_min_factor: 0.05
bandwith_kernel: None
no_interact: False
avg_score: -2530.1201171875
median_score: -2542.5
std_score: 140.74057006835938
percentiles: 2%=-2761.159912109375, 5%=-2757.10009765625, 10%=-2720.10009765625, 25%=-2640.75, 50%=-2542.5, 75%=-2409.75, 90%=-2345.800048828125, 95%=-2323.800048828125, 98%=-2277.919921875
ranking_best_algo: SVM1MetaModelLogNormal
ranking_best_score: 2605.14
ranking_my_rank: 52/504 (89.9%)
ranking_my_percent: 89.88095238095238
