ConfigName: krbf__advnormalizedfitness__M4__L8__eps0p033__g0p01__ds0p01__dm0p01
Problem: QUBO
Kernel: rbf
Advantage: normalizedfitness
M: 4
lambda: 8
epsilon_svgd: 0.033
gamma: 0.01
decay_start_ratio: 0.01
decay_min_factor: 0.01
bandwith_kernel: None
no_interact: False
avg_score: -441.3399963378906
median_score: -445.0
std_score: 24.25045394897461
percentiles: 2%=-480.05999755859375, 5%=-477.1000061035156, 10%=-472.0, 25%=-459.25, 50%=-445.0, 75%=-421.0, 90%=-407.79998779296875, 95%=-400.8500061035156, 98%=-393.0
ranking_best_algo: CMApara
ranking_best_score: 453.82
ranking_my_rank: 11/504 (98.0%)
ranking_my_percent: 98.01587301587301
