ConfigName: kjsd__advperagentrankweighted__M3__L18__eps0p007__g0p0005__ds0p1__dm0p05
Problem: QUBO
Kernel: jsd
Advantage: peragentrankweighted
M: 3
lambda: 18
epsilon_svgd: 0.007
gamma: 0.0005
decay_start_ratio: 0.1
decay_min_factor: 0.05
bandwith_kernel: None
no_interact: False
avg_score: -147.1999969482422
median_score: -145.5
std_score: 13.661624908447266
percentiles: 2%=-179.0, 5%=-179.0, 10%=-160.39999389648438, 25%=-155.0, 50%=-145.5, 75%=-139.0, 90%=-133.0, 95%=-127.0, 98%=-117.0
ranking_best_algo: CMApara
ranking_best_score: 154.28
ranking_my_rank: 99/504 (80.6%)
ranking_my_percent: 80.55555555555556
