ConfigName: kjsd__advperagentrankweighted__M4__L24__eps0p02__g0p0005__ds0p2__dm0p05
Problem: QUBO
Kernel: jsd
Advantage: peragentrankweighted
M: 4
lambda: 24
epsilon_svgd: 0.02
gamma: 0.0005
decay_start_ratio: 0.2
decay_min_factor: 0.05
bandwith_kernel: None
no_interact: False
avg_score: -913.5
median_score: -910.5
std_score: 57.6920280456543
percentiles: 2%=-1022.0599975585938, 5%=-1010.25, 10%=-990.7000122070312, 25%=-953.5, 50%=-910.5, 75%=-872.0, 90%=-837.9000244140625, 95%=-820.9000244140625, 98%=-813.760009765625
ranking_best_algo: CMAL3
ranking_best_score: 928.5800000000002
ranking_my_rank: 18/504 (96.6%)
ranking_my_percent: 96.62698412698413
