ConfigName: krbf__advnormalizedfitness__M4__L24__eps0p03__g0p01__ds0p15__dm0p05
Problem: QUBO
Kernel: rbf
Advantage: normalizedfitness
M: 4
lambda: 24
epsilon_svgd: 0.03
gamma: 0.01
decay_start_ratio: 0.15
decay_min_factor: 0.05
bandwith_kernel: None
no_interact: False
avg_score: -295.1199951171875
median_score: -296.0
std_score: 42.563194274902344
percentiles: 2%=-390.0400085449219, 5%=-372.3999938964844, 10%=-352.20001220703125, 25%=-320.5, 50%=-296.0, 75%=-258.5, 90%=-242.0, 95%=-236.75, 98%=-224.94000244140625
ranking_best_algo: CMApara
ranking_best_score: 319.29999999999995
ranking_my_rank: 262/504 (48.2%)
ranking_my_percent: 48.214285714285715
