ConfigName: kjsd__advperagentrankweighted__M3__L30__eps0p005__g0p0005__ds0p1__dm0p2
Problem: QUBO
Kernel: jsd
Advantage: peragentrankweighted
M: 3
lambda: 30
epsilon_svgd: 0.005
gamma: 0.0005
decay_start_ratio: 0.1
decay_min_factor: 0.2
bandwith_kernel: None
no_interact: False
avg_score: -3263.419921875
median_score: -3265.5
std_score: 133.50335693359375
percentiles: 2%=-3579.02001953125, 5%=-3473.550048828125, 10%=-3433.39990234375, 25%=-3357.25, 50%=-3265.5, 75%=-3165.5, 90%=-3095.699951171875, 95%=-3071.699951171875, 98%=-3015.9599609375
ranking_best_algo: RLSOnePlusOne
ranking_best_score: 3316.5199999999995
ranking_my_rank: 14/504 (97.4%)
ranking_my_percent: 97.42063492063492
