ConfigName: kfr__advglobalrankweighted__M2__L10__eps0p015__g0p005__ds0p01__dm0p01
Problem: NK
Kernel: fr
Advantage: globalrankweighted
M: 2
lambda: 10
epsilon_svgd: 0.015
gamma: 0.005
decay_start_ratio: 0.01
decay_min_factor: 0.01
bandwith_kernel: None
no_interact: False
avg_score: 0.730104386806488
median_score: 0.7294530868530273
std_score: 0.010230041109025478
percentiles: 2%=0.7087912559509277, 5%=0.7137584686279297, 10%=0.7183787822723389, 25%=0.7254325151443481, 50%=0.7294530868530273, 75%=0.7346330881118774, 90%=0.740156352519989, 95%=0.7470448017120361, 98%=0.7561800479888916
ranking_best_algo: Tabu
ranking_best_score: 0.7429702712499999
ranking_my_rank: 2/504 (99.8%)
ranking_my_percent: 99.8015873015873
