ConfigName: kjsd__advperagentrankweighted__M3__L24__eps0p007__g0p0005__ds0p1__dm0p05
Problem: NK
Kernel: jsd
Advantage: peragentrankweighted
M: 3
lambda: 24
epsilon_svgd: 0.007
gamma: 0.0005
decay_start_ratio: 0.1
decay_min_factor: 0.05
bandwith_kernel: None
no_interact: False
avg_score: 0.7485811114311218
median_score: 0.7491153478622437
std_score: 0.009051242843270302
percentiles: 2%=0.7313200235366821, 5%=0.7349749207496643, 10%=0.7368437051773071, 25%=0.7419372200965881, 50%=0.7491153478622437, 75%=0.7530602216720581, 90%=0.7602332234382629, 95%=0.7632206678390503, 98%=0.7673161625862122
ranking_best_algo: PBIL
ranking_best_score: 0.733570253046875
ranking_my_rank: 1/504 (100.0%)
ranking_my_percent: 100.0
