ConfigName: kjsd__advperagentrankweighted__M5__L8__eps0p01__g0p003__ds0p2__dm0p2
Problem: QUBO
Kernel: jsd
Advantage: peragentrankweighted
M: 5
lambda: 8
epsilon_svgd: 0.01
gamma: 0.003
decay_start_ratio: 0.2
decay_min_factor: 0.2
bandwith_kernel: None
no_interact: False
avg_score: -200.32000732421875
median_score: -201.0
std_score: 12.934356689453125
percentiles: 2%=-222.0, 5%=-220.10000610351562, 10%=-219.0, 25%=-209.0, 50%=-201.0, 75%=-193.0, 90%=-182.0, 95%=-176.89999389648438, 98%=-171.9199981689453
ranking_best_algo: Tabu
ranking_best_score: 208.36000000000004
ranking_my_rank: 47/504 (90.9%)
ranking_my_percent: 90.87301587301587
