ConfigName: krbf__advnormalizedfitness__M3__L15__eps0p025__g0p015__ds0p01__dm0p01
Problem: QUBO
Kernel: rbf
Advantage: normalizedfitness
M: 3
lambda: 15
epsilon_svgd: 0.025
gamma: 0.015
decay_start_ratio: 0.01
decay_min_factor: 0.01
bandwith_kernel: None
no_interact: False
avg_score: -420.8800048828125
median_score: -419.0
std_score: 27.898845672607422
percentiles: 2%=-481.0, 5%=-471.0, 10%=-457.20001220703125, 25%=-437.5, 50%=-419.0, 75%=-404.75, 90%=-383.0, 95%=-376.95001220703125, 98%=-361.9599914550781
ranking_best_algo: CMAL3
ranking_best_score: 435.36
ranking_my_rank: 59/504 (88.5%)
ranking_my_percent: 88.4920634920635
