ConfigName: kjsd__advperagentrankweighted__M4__L20__eps0p005__g0p0005__ds0p1__dm0p05
Problem: QUBO
Kernel: jsd
Advantage: peragentrankweighted
M: 4
lambda: 20
epsilon_svgd: 0.005
gamma: 0.0005
decay_start_ratio: 0.1
decay_min_factor: 0.05
bandwith_kernel: None
no_interact: False
avg_score: -940.8200073242188
median_score: -942.5
std_score: 62.7039680480957
percentiles: 2%=-1056.199951171875, 5%=-1037.3499755859375, 10%=-1016.0, 25%=-989.0, 50%=-942.5, 75%=-890.5, 90%=-864.7999877929688, 95%=-856.5, 98%=-822.8400268554688
ranking_best_algo: CMApara
ranking_best_score: 964.9
ranking_my_rank: 6/504 (99.0%)
ranking_my_percent: 99.0079365079365
