ConfigName: krbf__advnormalizedfitness__M3__L12__eps0p033__g0p01__ds0p15__dm0p3
Problem: NK
Kernel: rbf
Advantage: normalizedfitness
M: 3
lambda: 12
epsilon_svgd: 0.033
gamma: 0.01
decay_start_ratio: 0.15
decay_min_factor: 0.3
bandwith_kernel: None
no_interact: False
avg_score: 0.7378776669502258
median_score: 0.7390717267990112
std_score: 0.008710101246833801
percentiles: 2%=0.7194666862487793, 5%=0.7220780253410339, 10%=0.7254642248153687, 25%=0.7339886426925659, 50%=0.7390717267990112, 75%=0.7441679239273071, 90%=0.7464657425880432, 95%=0.7514032125473022, 98%=0.753917932510376
ranking_best_algo: PBIL
ranking_best_score: 0.730509098125
ranking_my_rank: 1/504 (100.0%)
ranking_my_percent: 100.0
