ConfigName: krbf__advnormalizedfitness__M1__L8__eps0p033__g0p007__ds0p01__dm0p01
Problem: QUBO
Kernel: rbf
Advantage: normalizedfitness
M: 1
lambda: 8
epsilon_svgd: 0.033
gamma: 0.007
decay_start_ratio: 0.01
decay_min_factor: 0.01
bandwith_kernel: None
no_interact: False
avg_score: -869.6400146484375
median_score: -868.0
std_score: 80.71685791015625
percentiles: 2%=-1036.5999755859375, 5%=-1021.2000122070312, 10%=-966.2000122070312, 25%=-914.25, 50%=-868.0, 75%=-820.0, 90%=-779.5999755859375, 95%=-756.6000366210938, 98%=-695.8199462890625
ranking_best_algo: CMApara
ranking_best_score: 964.9
ranking_my_rank: 239/504 (52.8%)
ranking_my_percent: 52.77777777777778
