ConfigName: kjsd__advperagentrankweighted__M5__L10__eps0p03__g0p0005__ds0p2__dm0p05
Problem: QUBO
Kernel: jsd
Advantage: peragentrankweighted
M: 5
lambda: 10
epsilon_svgd: 0.03
gamma: 0.0005
decay_start_ratio: 0.2
decay_min_factor: 0.05
bandwith_kernel: None
no_interact: False
avg_score: -196.5800018310547
median_score: -195.0
std_score: 12.450847625732422
percentiles: 2%=-224.0, 5%=-216.3000030517578, 10%=-212.0, 25%=-205.0, 50%=-195.0, 75%=-187.75, 90%=-179.0, 95%=-177.89999389648438, 98%=-174.9600067138672
ranking_best_algo: Tabu
ranking_best_score: 208.36000000000004
ranking_my_rank: 195/504 (61.5%)
ranking_my_percent: 61.507936507936506
