ConfigName: kjsd__advperagentrankweighted__M4__L8__eps0p03__g0p0003__ds0p05__dm0p05
Problem: QUBO
Kernel: jsd
Advantage: peragentrankweighted
M: 4
lambda: 8
epsilon_svgd: 0.03
gamma: 0.0003
decay_start_ratio: 0.05
decay_min_factor: 0.05
bandwith_kernel: None
no_interact: False
avg_score: -856.3400268554688
median_score: -848.5
std_score: 68.40544128417969
percentiles: 2%=-1011.0599975585938, 5%=-992.0999755859375, 10%=-951.5999755859375, 25%=-895.25, 50%=-848.5, 75%=-809.0, 90%=-773.5999755859375, 95%=-751.9500122070312, 98%=-740.760009765625
ranking_best_algo: CMAL3
ranking_best_score: 928.5800000000002
ranking_my_rank: 204/504 (59.7%)
ranking_my_percent: 59.72222222222222
