ConfigName: kjsd__advperagentrankweighted__M4__L12__eps0p01__g0p0003__ds0p2__dm0p05
Problem: QUBO
Kernel: jsd
Advantage: peragentrankweighted
M: 4
lambda: 12
epsilon_svgd: 0.01
gamma: 0.0003
decay_start_ratio: 0.2
decay_min_factor: 0.05
bandwith_kernel: None
no_interact: False
avg_score: -935.3400268554688
median_score: -933.5
std_score: 62.32033920288086
percentiles: 2%=-1056.1199951171875, 5%=-1043.1500244140625, 10%=-1020.5, 25%=-975.25, 50%=-933.5, 75%=-895.0, 90%=-842.9000244140625, 95%=-828.7000122070312, 98%=-812.9600219726562
ranking_best_algo: CMApara
ranking_best_score: 964.9
ranking_my_rank: 16/504 (97.0%)
ranking_my_percent: 97.02380952380952
