ConfigName: kjsd__advperagentrankweighted__M3__L20__eps0p01__g0p0005__ds0p05__dm0p1
Problem: NK
Kernel: jsd
Advantage: peragentrankweighted
M: 3
lambda: 20
epsilon_svgd: 0.01
gamma: 0.0005
decay_start_ratio: 0.05
decay_min_factor: 0.1
bandwith_kernel: None
no_interact: False
avg_score: 0.706087052822113
median_score: 0.7079726457595825
std_score: 0.011366368271410465
percentiles: 2%=0.6872276067733765, 5%=0.6880895495414734, 10%=0.6907861232757568, 25%=0.6955713629722595, 50%=0.7079726457595825, 75%=0.7155231833457947, 90%=0.7191644906997681, 95%=0.7215567827224731, 98%=0.7234247922897339
ranking_best_algo: PBIL
ranking_best_score: 0.7013553837109374
ranking_my_rank: 1/504 (100.0%)
ranking_my_percent: 100.0
