ConfigName: kjsd__advperagentrankweighted__M5__L8__eps0p005__g0p0005__ds0p05__dm0p2
Problem: QUBO
Kernel: jsd
Advantage: peragentrankweighted
M: 5
lambda: 8
epsilon_svgd: 0.005
gamma: 0.0005
decay_start_ratio: 0.05
decay_min_factor: 0.2
bandwith_kernel: None
no_interact: False
avg_score: -3278.280029296875
median_score: -3275.5
std_score: 124.19307708740234
percentiles: 2%=-3515.340087890625, 5%=-3486.39990234375, 10%=-3441.60009765625, 25%=-3352.0, 50%=-3275.5, 75%=-3211.75, 90%=-3128.89990234375, 95%=-3073.949951171875, 98%=-3031.780029296875
ranking_best_algo: RLSOnePlusOne
ranking_best_score: 3316.5199999999995
ranking_my_rank: 11/504 (98.0%)
ranking_my_percent: 98.01587301587301
