ConfigName: kjsd__advperagentrankweighted__M3__L30__eps0p007__g0p001__ds0p05__dm0p1
Problem: QUBO
Kernel: jsd
Advantage: peragentrankweighted
M: 3
lambda: 30
epsilon_svgd: 0.007
gamma: 0.001
decay_start_ratio: 0.05
decay_min_factor: 0.1
bandwith_kernel: None
no_interact: False
avg_score: -413.3800048828125
median_score: -414.0
std_score: 26.738279342651367
percentiles: 2%=-471.0799865722656, 5%=-452.1000061035156, 10%=-446.0, 25%=-434.0, 50%=-414.0, 75%=-392.0, 90%=-379.79998779296875, 95%=-369.8999938964844, 98%=-364.0
ranking_best_algo: Tabu
ranking_best_score: 438.12
ranking_my_rank: 58/504 (88.7%)
ranking_my_percent: 88.69047619047619
