ConfigName: krbf__advnormalizedfitness__M4__L15__eps0p033__g0p005__ds0p3__dm0p01
Problem: QUBO
Kernel: rbf
Advantage: normalizedfitness
M: 4
lambda: 15
epsilon_svgd: 0.033
gamma: 0.005
decay_start_ratio: 0.3
decay_min_factor: 0.01
bandwith_kernel: None
no_interact: False
avg_score: -438.0799865722656
median_score: -440.5
std_score: 26.179256439208984
percentiles: 2%=-485.0400085449219, 5%=-479.0, 10%=-472.0, 25%=-458.25, 50%=-440.5, 75%=-419.75, 90%=-400.0, 95%=-392.95001220703125, 98%=-382.9599914550781
ranking_best_algo: CMApara
ranking_best_score: 453.82
ranking_my_rank: 21/504 (96.0%)
ranking_my_percent: 96.03174603174604
