ConfigName: kjsd__advperagentrankweighted__M3__L18__eps0p005__g0p001__ds0p1__dm0p1
Problem: QUBO
Kernel: jsd
Advantage: peragentrankweighted
M: 3
lambda: 18
epsilon_svgd: 0.005
gamma: 0.001
decay_start_ratio: 0.1
decay_min_factor: 0.1
bandwith_kernel: None
no_interact: False
avg_score: -1302.3800048828125
median_score: -1309.0
std_score: 57.941314697265625
percentiles: 2%=-1391.239990234375, 5%=-1381.1500244140625, 10%=-1371.199951171875, 25%=-1337.75, 50%=-1309.0, 75%=-1272.5, 90%=-1216.800048828125, 95%=-1206.699951171875, 98%=-1156.800048828125
ranking_best_algo: BigLognormalDiscreteOnePlusOne
ranking_best_score: 1301.3600000000004
ranking_my_rank: 1/504 (100.0%)
ranking_my_percent: 100.0
