ConfigName: kjsd__advperagentrankweighted__M3__L30__eps0p007__g0p0005__ds0p1__dm0p05
Problem: QUBO
Kernel: jsd
Advantage: peragentrankweighted
M: 3
lambda: 30
epsilon_svgd: 0.007
gamma: 0.0005
decay_start_ratio: 0.1
decay_min_factor: 0.05
bandwith_kernel: None
no_interact: False
avg_score: -3298.52001953125
median_score: -3297.0
std_score: 115.51419830322266
percentiles: 2%=-3504.3798828125, 5%=-3489.050048828125, 10%=-3457.39990234375, 25%=-3374.0, 50%=-3297.0, 75%=-3219.5, 90%=-3145.0, 95%=-3109.0, 98%=-3102.3798828125
ranking_best_algo: RLSOnePlusOne
ranking_best_score: 3316.5199999999995
ranking_my_rank: 3/504 (99.6%)
ranking_my_percent: 99.60317460317461
