ConfigName: kfr__advglobalrankweighted__M2__L9__eps0p015__g0p007__ds0p01__dm0p01
Problem: QUBO
Kernel: fr
Advantage: globalrankweighted
M: 2
lambda: 9
epsilon_svgd: 0.015
gamma: 0.007
decay_start_ratio: 0.01
decay_min_factor: 0.01
bandwith_kernel: None
no_interact: False
avg_score: -197.24000549316406
median_score: -198.5
std_score: 13.071434020996094
percentiles: 2%=-222.0399932861328, 5%=-219.0, 10%=-213.0, 25%=-206.25, 50%=-198.5, 75%=-188.75, 90%=-180.0, 95%=-175.0, 98%=-169.91998291015625
ranking_best_algo: Tabu
ranking_best_score: 208.36000000000004
ranking_my_rank: 125/504 (75.4%)
ranking_my_percent: 75.39682539682539
