ConfigName: kjsd__advperagentrankweighted__M4__L12__eps0p005__g0p0007__ds0p1__dm0p05
Problem: QUBO
Kernel: jsd
Advantage: peragentrankweighted
M: 4
lambda: 12
epsilon_svgd: 0.005
gamma: 0.0007
decay_start_ratio: 0.1
decay_min_factor: 0.05
bandwith_kernel: None
no_interact: False
avg_score: -3293.47998046875
median_score: -3285.5
std_score: 117.57010650634766
percentiles: 2%=-3549.0400390625, 5%=-3494.10009765625, 10%=-3437.199951171875, 25%=-3377.0, 50%=-3285.5, 75%=-3205.0, 90%=-3129.10009765625, 95%=-3097.85009765625, 98%=-3074.6201171875
ranking_best_algo: RLSOnePlusOne
ranking_best_score: 3316.5199999999995
ranking_my_rank: 3/504 (99.6%)
ranking_my_percent: 99.60317460317461
