ConfigName: kfr__advglobalrankweighted__M6__L9__eps0p01__g0p007__ds0p01__dm0p01
Problem: QUBO
Kernel: fr
Advantage: globalrankweighted
M: 6
lambda: 9
epsilon_svgd: 0.01
gamma: 0.007
decay_start_ratio: 0.01
decay_min_factor: 0.01
bandwith_kernel: None
no_interact: False
avg_score: -847.3400268554688
median_score: -846.0
std_score: 81.43257141113281
percentiles: 2%=-1018.239990234375, 5%=-1008.2000122070312, 10%=-960.0, 25%=-898.5, 50%=-846.0, 75%=-788.75, 90%=-746.9000244140625, 95%=-725.0, 98%=-698.9199829101562
ranking_best_algo: CMApara
ranking_best_score: 964.9
ranking_my_rank: 262/504 (48.2%)
ranking_my_percent: 48.214285714285715
