ConfigName: kjsd__advperagentrankweighted__M3__L18__eps0p01__g0p0007__ds0p1__dm0p05
Problem: QUBO
Kernel: jsd
Advantage: peragentrankweighted
M: 3
lambda: 18
epsilon_svgd: 0.01
gamma: 0.0007
decay_start_ratio: 0.1
decay_min_factor: 0.05
bandwith_kernel: None
no_interact: False
avg_score: -326.0400085449219
median_score: -329.0
std_score: 24.54706573486328
percentiles: 2%=-372.0, 5%=-357.20001220703125, 10%=-350.3999938964844, 25%=-342.25, 50%=-329.0, 75%=-314.0, 90%=-292.0, 95%=-279.8999938964844, 98%=-269.8800048828125
ranking_best_algo: CMApara
ranking_best_score: 344.22
ranking_my_rank: 114/504 (77.6%)
ranking_my_percent: 77.57936507936508
