ConfigName: kfr__advglobalrankweighted__M6__L10__eps0p02__g0p003__ds0p01__dm0p01
Problem: QUBO
Kernel: fr
Advantage: globalrankweighted
M: 6
lambda: 10
epsilon_svgd: 0.02
gamma: 0.003
decay_start_ratio: 0.01
decay_min_factor: 0.01
bandwith_kernel: None
no_interact: False
avg_score: -1158.06005859375
median_score: -1159.0
std_score: 61.94236373901367
percentiles: 2%=-1306.1199951171875, 5%=-1264.199951171875, 10%=-1232.800048828125, 25%=-1193.5, 50%=-1159.0, 75%=-1116.5, 90%=-1086.199951171875, 95%=-1060.800048828125, 98%=-1048.7999267578125
ranking_best_algo: SVMMetaModelLogNormal
ranking_best_score: 1233.7999999999997
ranking_my_rank: 88/504 (82.7%)
ranking_my_percent: 82.73809523809524
