ConfigName: krbf__advnormalizedfitness__M2__L10__eps0p015__g0p015__ds0p01__dm0p01
Problem: QUBO
Kernel: rbf
Advantage: normalizedfitness
M: 2
lambda: 10
epsilon_svgd: 0.015
gamma: 0.015
decay_start_ratio: 0.01
decay_min_factor: 0.01
bandwith_kernel: None
no_interact: False
avg_score: -935.9199829101562
median_score: -936.0
std_score: 69.48563385009766
percentiles: 2%=-1072.0400390625, 5%=-1047.800048828125, 10%=-1030.0, 25%=-981.0, 50%=-936.0, 75%=-889.25, 90%=-836.9000244140625, 95%=-821.9500122070312, 98%=-816.9600219726562
ranking_best_algo: CMApara
ranking_best_score: 964.9
ranking_my_rank: 13/504 (97.6%)
ranking_my_percent: 97.61904761904762
