ConfigName: kfr__advglobalrankweighted__M5__L10__eps0p02__g0p005__ds0p01__dm0p01
Problem: QUBO
Kernel: fr
Advantage: globalrankweighted
M: 5
lambda: 10
epsilon_svgd: 0.02
gamma: 0.005
decay_start_ratio: 0.01
decay_min_factor: 0.01
bandwith_kernel: None
no_interact: False
avg_score: -139.86000061035156
median_score: -141.0
std_score: 11.098666191101074
percentiles: 2%=-159.0399932861328, 5%=-158.0500030517578, 10%=-155.10000610351562, 25%=-148.0, 50%=-141.0, 75%=-131.0, 90%=-126.80000305175781, 95%=-124.90000915527344, 98%=-119.0
ranking_best_algo: DiscreteDE
ranking_best_score: 143.4
ranking_my_rank: 80/504 (84.3%)
ranking_my_percent: 84.32539682539682
