ConfigName: kjsd__advperagentrankweighted__M10__L28__eps0p008__g0p0005__ds0p3__dm0p05
Problem: QUBO
Kernel: jsd
Advantage: peragentrankweighted
M: 10
lambda: 28
epsilon_svgd: 0.008
gamma: 0.0005
decay_start_ratio: 0.3
decay_min_factor: 0.05
bandwith_kernel: None
no_interact: False
avg_score: -367.4200134277344
median_score: -365.5
std_score: 30.963584899902344
percentiles: 2%=-425.1199951171875, 5%=-413.1000061035156, 10%=-405.1000061035156, 25%=-390.75, 50%=-365.5, 75%=-343.0, 90%=-328.8999938964844, 95%=-322.95001220703125, 98%=-314.79998779296875
ranking_best_algo: CMAL3
ranking_best_score: 435.36
ranking_my_rank: 320/504 (36.7%)
ranking_my_percent: 36.70634920634921
