ConfigName: kjsd__advperagentrankweighted__M5__L24__eps0p008__g0p0005__ds0p05__dm0p05
Problem: QUBO
Kernel: jsd
Advantage: peragentrankweighted
M: 5
lambda: 24
epsilon_svgd: 0.008
gamma: 0.0005
decay_start_ratio: 0.05
decay_min_factor: 0.05
bandwith_kernel: None
no_interact: False
avg_score: -2636.239990234375
median_score: -2646.5
std_score: 122.04582214355469
percentiles: 2%=-2871.080078125, 5%=-2833.300048828125, 10%=-2798.60009765625, 25%=-2722.0, 50%=-2646.5, 75%=-2541.25, 90%=-2469.800048828125, 95%=-2458.89990234375, 98%=-2407.840087890625
ranking_best_algo: DiscreteLengler2OnePlusOne
ranking_best_score: 2617.04
ranking_my_rank: 1/504 (100.0%)
ranking_my_percent: 100.0
