ConfigName: kjsd__advperagentrankweighted__M5__L10__eps0p01__g0p003__ds0p05__dm0p2
Problem: QUBO
Kernel: jsd
Advantage: peragentrankweighted
M: 5
lambda: 10
epsilon_svgd: 0.01
gamma: 0.003
decay_start_ratio: 0.05
decay_min_factor: 0.2
bandwith_kernel: None
no_interact: False
avg_score: -1439.3399658203125
median_score: -1425.5
std_score: 101.34822845458984
percentiles: 2%=-1665.260009765625, 5%=-1608.25, 10%=-1579.0999755859375, 25%=-1515.75, 50%=-1425.5, 75%=-1370.5, 90%=-1309.0, 95%=-1292.800048828125, 98%=-1285.6199951171875
ranking_best_algo: NLOPT_LN_PRAXIS
ranking_best_score: 1607.12
ranking_my_rank: 91/504 (82.1%)
ranking_my_percent: 82.14285714285714
