ConfigName: kjsd__advperagentrankweighted__M5__L10__eps0p005__g0p003__ds0p05__dm0p2
Problem: NK
Kernel: jsd
Advantage: peragentrankweighted
M: 5
lambda: 10
epsilon_svgd: 0.005
gamma: 0.003
decay_start_ratio: 0.05
decay_min_factor: 0.2
bandwith_kernel: None
no_interact: False
avg_score: 0.6694784760475159
median_score: 0.6676056385040283
std_score: 0.019738737493753433
percentiles: 2%=0.6368289589881897, 5%=0.6402574181556702, 10%=0.6471825838088989, 25%=0.6552608609199524, 50%=0.6676056385040283, 75%=0.6822251081466675, 90%=0.6975703239440918, 95%=0.7047724723815918, 98%=0.707561731338501
ranking_best_algo: Tabu
ranking_best_score: 0.7601875690625
ranking_my_rank: 364/504 (28.0%)
ranking_my_percent: 27.976190476190474
