ConfigName: krbf__advnormalizedfitness__M2__L8__eps0p033__g0p01__ds0p3__dm0p3
Problem: QUBO
Kernel: rbf
Advantage: normalizedfitness
M: 2
lambda: 8
epsilon_svgd: 0.033
gamma: 0.01
decay_start_ratio: 0.3
decay_min_factor: 0.3
bandwith_kernel: None
no_interact: False
avg_score: -1224.43994140625
median_score: -1223.0
std_score: 63.40367889404297
percentiles: 2%=-1339.1199951171875, 5%=-1330.25, 10%=-1297.199951171875, 25%=-1273.25, 50%=-1223.0, 75%=-1175.0, 90%=-1140.199951171875, 95%=-1118.5999755859375, 98%=-1108.6600341796875
ranking_best_algo: SVMMetaModelLogNormal
ranking_best_score: 1233.7999999999997
ranking_my_rank: 14/504 (97.4%)
ranking_my_percent: 97.42063492063492
