ConfigName: krbf__advnormalizedfitness__M4__L8__eps0p025__g0p015__ds0p3__dm0p3
Problem: QUBO
Kernel: rbf
Advantage: normalizedfitness
M: 4
lambda: 8
epsilon_svgd: 0.025
gamma: 0.015
decay_start_ratio: 0.3
decay_min_factor: 0.3
bandwith_kernel: None
no_interact: False
avg_score: -1662.280029296875
median_score: -1645.0
std_score: 166.39459228515625
percentiles: 2%=-2007.3199462890625, 5%=-1956.3499755859375, 10%=-1919.0, 25%=-1768.0, 50%=-1645.0, 75%=-1544.0, 90%=-1468.800048828125, 95%=-1436.5003662109375, 98%=-1350.7799072265625
ranking_best_algo: SVM1MetaModelLogNormal
ranking_best_score: 2605.14
ranking_my_rank: 324/504 (35.9%)
ranking_my_percent: 35.91269841269841
