ConfigName: krbf__advnormalizedfitness__M4__L15__eps0p03__g0p002__ds0p05__dm0p05
Problem: QUBO
Kernel: rbf
Advantage: normalizedfitness
M: 4
lambda: 15
epsilon_svgd: 0.03
gamma: 0.002
decay_start_ratio: 0.05
decay_min_factor: 0.05
bandwith_kernel: None
no_interact: False
avg_score: -306.82000732421875
median_score: -307.0
std_score: 37.7307243347168
percentiles: 2%=-390.20001220703125, 5%=-382.1000061035156, 10%=-352.0, 25%=-328.5, 50%=-307.0, 75%=-274.75, 90%=-265.8999938964844, 95%=-255.0, 98%=-252.9600067138672
ranking_best_algo: CMApara
ranking_best_score: 319.29999999999995
ranking_my_rank: 111/504 (78.2%)
ranking_my_percent: 78.17460317460318
