ConfigName: krbf__advnormalizedfitness__M4__L15__eps0p015__g0p007__ds0p3__dm0p01
Problem: QUBO
Kernel: rbf
Advantage: normalizedfitness
M: 4
lambda: 15
epsilon_svgd: 0.015
gamma: 0.007
decay_start_ratio: 0.3
decay_min_factor: 0.01
bandwith_kernel: None
no_interact: False
avg_score: -984.1799926757812
median_score: -980.5
std_score: 115.26919555664062
percentiles: 2%=-1192.5999755859375, 5%=-1170.449951171875, 10%=-1126.0, 25%=-1064.5, 50%=-980.5, 75%=-898.0, 90%=-848.7999877929688, 95%=-774.800048828125, 98%=-742.9599609375
ranking_best_algo: NLOPT_LN_PRAXIS
ranking_best_score: 1607.12
ranking_my_rank: 323/504 (36.1%)
ranking_my_percent: 36.111111111111114
