ConfigName: krbf__advnormalizedfitness__M3__L15__eps0p015__g0p01__ds0p3__dm0p01
Problem: QUBO
Kernel: rbf
Advantage: normalizedfitness
M: 3
lambda: 15
epsilon_svgd: 0.015
gamma: 0.01
decay_start_ratio: 0.3
decay_min_factor: 0.01
bandwith_kernel: None
no_interact: False
avg_score: -326.6600036621094
median_score: -334.0
std_score: 22.375083923339844
percentiles: 2%=-372.0, 5%=-355.1000061035156, 10%=-350.0, 25%=-341.0, 50%=-334.0, 75%=-312.0, 90%=-291.79998779296875, 95%=-283.8000183105469, 98%=-276.0
ranking_best_algo: CMApara
ranking_best_score: 344.22
ranking_my_rank: 111/504 (78.2%)
ranking_my_percent: 78.17460317460318
