ConfigName: krbf__advnormalizedfitness__M4__L15__eps0p033__g0p01__ds0p3__dm0p3
Problem: QUBO
Kernel: rbf
Advantage: normalizedfitness
M: 4
lambda: 15
epsilon_svgd: 0.033
gamma: 0.01
decay_start_ratio: 0.3
decay_min_factor: 0.3
bandwith_kernel: None
no_interact: False
avg_score: -1834.52001953125
median_score: -1837.0
std_score: 201.77325439453125
percentiles: 2%=-2296.199951171875, 5%=-2142.39990234375, 10%=-2058.199951171875, 25%=-1990.0, 50%=-1837.0, 75%=-1669.25, 90%=-1569.60009765625, 95%=-1525.4000244140625, 98%=-1440.8199462890625
ranking_best_algo: DiscreteLengler2OnePlusOne
ranking_best_score: 2617.04
ranking_my_rank: 318/504 (37.1%)
ranking_my_percent: 37.1031746031746
