ConfigName: kjsd__advperagentrankweighted__M3__L20__eps0p005__g0p0005__ds0p2__dm0p2
Problem: QUBO
Kernel: jsd
Advantage: peragentrankweighted
M: 3
lambda: 20
epsilon_svgd: 0.005
gamma: 0.0005
decay_start_ratio: 0.2
decay_min_factor: 0.2
bandwith_kernel: None
no_interact: False
avg_score: -2630.6201171875
median_score: -2628.0
std_score: 119.24166870117188
percentiles: 2%=-2859.60009765625, 5%=-2833.449951171875, 10%=-2775.10009765625, 25%=-2722.0, 50%=-2628.0, 75%=-2547.0, 90%=-2462.5, 95%=-2435.949951171875, 98%=-2430.93994140625
ranking_best_algo: DiscreteLengler2OnePlusOne
ranking_best_score: 2617.04
ranking_my_rank: 1/504 (100.0%)
ranking_my_percent: 100.0
