ConfigName: kjsd__advperagentrankweighted__M3__L24__eps0p007__g0p0005__ds0p05__dm0p05
Problem: NK
Kernel: jsd
Advantage: peragentrankweighted
M: 3
lambda: 24
epsilon_svgd: 0.007
gamma: 0.0005
decay_start_ratio: 0.05
decay_min_factor: 0.05
bandwith_kernel: None
no_interact: False
avg_score: 0.7099549770355225
median_score: 0.7109084129333496
std_score: 0.015476510860025883
percentiles: 2%=0.6710109114646912, 5%=0.6717930436134338, 10%=0.6949785351753235, 25%=0.7067046165466309, 50%=0.7109084129333496, 75%=0.7179430723190308, 90%=0.7253137826919556, 95%=0.7327431440353394, 98%=0.7333236336708069
ranking_best_algo: CMApara
ranking_best_score: 0.707475975
ranking_my_rank: 1/504 (100.0%)
ranking_my_percent: 100.0
