ConfigName: kjsd__advperagentrankweighted__M3__L16__eps0p005__g0p001__ds0p1__dm0p2
Problem: QUBO
Kernel: jsd
Advantage: peragentrankweighted
M: 3
lambda: 16
epsilon_svgd: 0.005
gamma: 0.001
decay_start_ratio: 0.1
decay_min_factor: 0.2
bandwith_kernel: None
no_interact: False
avg_score: -1596.3800048828125
median_score: -1603.5
std_score: 57.28731155395508
percentiles: 2%=-1688.3399658203125, 5%=-1684.050048828125, 10%=-1666.300048828125, 25%=-1634.0, 50%=-1603.5, 75%=-1556.5, 90%=-1524.4000244140625, 95%=-1506.199951171875, 98%=-1475.5400390625
ranking_best_algo: NLOPT_LN_PRAXIS
ranking_best_score: 1607.12
ranking_my_rank: 13/504 (97.6%)
ranking_my_percent: 97.61904761904762
