step,best_fitness,avg_hamming,avg_l1,avg_entropy,mean,median,std,2%,5%,10%,25%,50%,75%,90%,95%,98%
48,-256.5799865722656,127.71410369873047,9.984771728515625,176.5484364827474,-256.5799865722656,-254.0,53.48834991455078,-384.29998779296875,-350.54998779296875,-321.29998779296875,-287.25,-254.0,-217.0,-190.6999969482422,-184.9499969482422,-164.9199981689453
96,-289.3399963378906,127.4266586303711,12.052362442016602,175.97635396321616,-289.3399963378906,-280.0,46.43301010131836,-399.1199951171875,-381.1499938964844,-352.1000061035156,-317.0,-280.0,-255.25,-238.60000610351562,-224.6999969482422,-216.9600067138672
144,-306.8399963378906,127.14208984375,13.808550834655762,175.40245056152344,-306.8399963378906,-301.0,51.443504333496094,-421.44000244140625,-405.6499938964844,-381.29998779296875,-329.75,-301.0,-269.25,-248.89999389648438,-241.9499969482422,-231.72000122070312
192,-316.6600036621094,126.8602294921875,15.367087364196777,174.8340047200521,-316.6600036621094,-311.0,49.669151306152344,-421.44000244140625,-405.6499938964844,-386.8999938964844,-343.25,-311.0,-278.75,-258.79998779296875,-250.8000030517578,-243.97999572753906
240,-325.7599792480469,126.56893157958984,16.714702606201172,174.26539611816406,-325.760009765625,-318.0,50.44722366333008,-421.44000244140625,-414.20001220703125,-395.20001220703125,-364.75,-318.0,-283.0,-262.79998779296875,-257.0,-252.8800048828125
288,-334.5199890136719,126.29023742675781,17.928993225097656,173.72004191080728,-334.5199890136719,-330.0,51.46756362915039,-429.2799987792969,-419.04998779296875,-403.20001220703125,-377.75,-330.0,-293.75,-264.8999938964844,-258.95001220703125,-256.9599914550781
336,-342.8800048828125,126.01598358154297,19.021705627441406,173.18160502115884,-342.8800048828125,-337.0,51.26212692260742,-459.239990234375,-421.3999938964844,-414.29998779296875,-381.5,-337.0,-308.25,-277.8999938964844,-272.8999938964844,-257.0
384,-350.2200012207031,125.73153686523438,20.090736389160156,172.62085978190103,-350.2200012207031,-341.5,48.148643493652344,-459.239990234375,-429.0,-417.1000061035156,-384.25,-341.5,-311.75,-292.8999938964844,-278.95001220703125,-275.0
432,-353.5199890136719,125.45610809326172,21.108701705932617,172.06737772623697,-353.5199890136719,-346.0,49.574886322021484,-471.2799987792969,-429.70001220703125,-418.1000061035156,-386.75,-346.0,-311.75,-292.8999938964844,-282.79998779296875,-277.9800109863281
480,-360.2599792480469,125.1483154296875,22.08619499206543,171.48042805989584,-360.260009765625,-357.0,47.43071365356445,-471.2799987792969,-443.6000061035156,-419.1000061035156,-391.75,-357.0,-326.5,-301.0,-291.95001220703125,-277.9800109863281
528,-365.1999816894531,124.86492919921875,23.0463924407959,170.91105143229166,-365.20001220703125,-363.5,48.45719909667969,-485.2200012207031,-455.0,-421.20001220703125,-394.75,-363.5,-329.0,-305.70001220703125,-297.0,-285.94000244140625
576,-370.8399963378906,124.57853698730469,23.913116455078125,170.35252380371094,-370.8399963378906,-368.0,49.550724029541016,-485.2200012207031,-455.79998779296875,-429.79998779296875,-402.25,-368.0,-332.75,-310.79998779296875,-297.0,-289.8599853515625
624,-375.5,124.26496887207031,24.722042083740234,169.7653605143229,-375.5,-372.0,47.242462158203125,-485.2200012207031,-455.79998779296875,-437.20001220703125,-405.0,-372.0,-340.0,-316.79998779296875,-301.0,-297.0
672,-379.3800048828125,123.93272399902344,25.462169647216797,169.17195638020834,-379.3800048828125,-374.5,45.70115280151367,-485.2200012207031,-455.79998779296875,-439.20001220703125,-409.5,-374.5,-341.75,-325.8999938964844,-310.8999938964844,-303.94000244140625
720,-382.1600036621094,123.59906005859375,26.19461441040039,168.57499186197916,-382.1600036621094,-376.5,44.2835693359375,-485.2200012207031,-455.79998779296875,-439.20001220703125,-413.0,-376.5,-349.0,-329.0,-316.8999938964844,-308.8999938964844
768,-389.8599853515625,123.264892578125,26.93756675720215,167.9698028564453,-389.8599853515625,-387.0,46.06473922729492,-485.2200012207031,-476.1499938964844,-455.0,-417.0,-387.0,-358.5,-332.8999938964844,-316.95001220703125,-310.9599914550781
816,-396.3399963378906,122.94149017333984,27.67572784423828,167.36926778157553,-396.3399963378906,-395.5,42.90623092651367,-485.2200012207031,-476.1499938964844,-455.0,-419.25,-395.5,-365.75,-341.8999938964844,-331.8500061035156,-316.9800109863281
864,-401.79998779296875,122.61036682128906,28.318923950195312,166.76488240559897,-401.79998779296875,-397.0,43.107540130615234,-496.2799987792969,-479.29998779296875,-469.0,-423.0,-397.0,-369.0,-354.79998779296875,-339.6499938964844,-331.94000244140625
912,-403.17999267578125,122.2490234375,28.991886138916016,166.12031046549478,-403.17999267578125,-397.5,42.85262680053711,-496.2799987792969,-479.29998779296875,-469.0,-429.5,-397.5,-371.5,-354.79998779296875,-339.6499938964844,-331.94000244140625
960,-407.29998779296875,121.876220703125,29.577880859375,165.48676045735678,-407.29998779296875,-402.0,42.04866027832031,-496.2799987792969,-482.1499938964844,-469.20001220703125,-435.25,-402.0,-375.0,-359.0,-352.8999938964844,-331.94000244140625
1008,-412.94000244140625,121.51286315917969,30.163436889648438,164.85416158040366,-412.94000244140625,-410.0,42.44639205932617,-510.3800048828125,-485.0,-471.5,-437.5,-410.0,-380.5,-361.70001220703125,-353.0,-344.739990234375
1056,-417.97998046875,121.1279525756836,30.698970794677734,164.19654337565103,-417.9800109863281,-414.5,42.69121170043945,-510.3800048828125,-490.29998779296875,-479.20001220703125,-444.0,-414.5,-387.25,-364.8999938964844,-354.8999938964844,-350.8800048828125
1104,-420.94000244140625,120.7145004272461,31.18568992614746,163.52957153320312,-420.94000244140625,-417.0,43.97700119018555,-529.1199951171875,-496.54998779296875,-481.1000061035156,-447.25,-417.0,-393.0,-365.79998779296875,-355.0,-352.8399963378906
1152,-424.91998291015625,120.31915283203125,31.75255584716797,162.86783345540366,-424.9200134277344,-419.0,43.875892639160156,-529.1199951171875,-507.1499938964844,-482.29998779296875,-449.5,-419.0,-396.25,-371.79998779296875,-361.8500061035156,-356.9599914550781
1200,-429.2200012207031,119.87921142578125,32.242855072021484,162.16644287109375,-429.2200012207031,-421.0,45.9252815246582,-535.47998046875,-510.6499938964844,-485.1000061035156,-452.75,-421.0,-397.75,-374.70001220703125,-363.8999938964844,-358.9599914550781
1248,-434.91998291015625,119.44915771484375,32.740142822265625,161.47007751464844,-434.9200134277344,-430.5,44.81264877319336,-535.47998046875,-510.6499938964844,-486.3999938964844,-467.5,-430.5,-400.75,-379.0,-371.8999938964844,-363.8999938964844
1296,-442.2200012207031,119.01957702636719,33.286827087402344,160.74822998046875,-442.2200012207031,-436.5,51.166900634765625,-559.4199829101562,-529.1500244140625,-503.3999938964844,-471.5,-436.5,-408.5,-383.8999938964844,-375.95001220703125,-368.8999938964844
1344,-449.7200012207031,118.55257415771484,33.80207824707031,159.98370361328125,-449.7200012207031,-447.5,51.800594329833984,-559.4199829101562,-529.1500244140625,-512.7000122070312,-477.0,-447.5,-413.0,-385.0,-375.95001220703125,-368.94000244140625
1392,-462.2599792480469,118.04473876953125,34.3219108581543,159.16492716471353,-462.260009765625,-458.0,51.438819885253906,-580.780029296875,-532.1500244140625,-519.0,-488.0,-458.0,-426.0,-399.79998779296875,-386.8999938964844,-375.9800109863281
1440,-470.3799743652344,117.53621673583984,34.736305236816406,158.37427775065103,-470.3800048828125,-471.0,50.08787536621094,-580.780029296875,-559.5499877929688,-523.0,-495.25,-471.0,-436.5,-410.79998779296875,-401.95001220703125,-397.8399963378906
1488,-479.9599914550781,116.99078369140625,35.10818099975586,157.55327860514322,-479.9599914550781,-477.0,48.948734283447266,-580.780029296875,-559.5499877929688,-535.7000122070312,-508.25,-477.0,-447.0,-417.0,-411.0,-400.9800109863281
1536,-488.44000244140625,116.43425750732422,35.46437454223633,156.7256317138672,-488.44000244140625,-480.0,49.28555679321289,-619.5999755859375,-571.4000244140625,-545.2999877929688,-511.25,-480.0,-455.0,-426.3999938964844,-413.95001220703125,-411.0
1584,-495.8199768066406,115.87816619873047,35.88227081298828,155.87151590983072,-495.82000732421875,-488.0,51.595619201660156,-619.5999755859375,-601.0,-560.0999755859375,-520.0,-488.0,-463.0,-439.20001220703125,-417.0,-413.0
1632,-501.67999267578125,115.33485412597656,36.251747131347656,155.03864542643228,-501.67999267578125,-497.0,52.14093780517578,-631.3599853515625,-601.4500122070312,-570.0999755859375,-523.25,-497.0,-471.0,-444.70001220703125,-421.0,-413.0
1680,-509.3399963378906,114.75593566894531,36.61656951904297,154.16463724772134,-509.3399963378906,-501.0,50.77503967285156,-643.1199951171875,-610.4500122070312,-579.0999755859375,-532.25,-501.0,-477.0,-453.0,-444.8500061035156,-421.0
1728,-517.7999877929688,114.160400390625,36.982940673828125,153.26801045735678,-517.7999877929688,-508.0,53.858516693115234,-649.0,-611.0499877929688,-593.5999755859375,-547.5,-508.0,-477.0,-453.0,-448.79998779296875,-440.6000061035156
1776,-531.3399658203125,113.52777099609375,37.26995086669922,152.34100341796875,-531.3400268554688,-523.0,51.218204498291016,-649.0,-620.8499755859375,-601.0,-564.75,-523.0,-497.0,-470.3999938964844,-452.8500061035156,-444.94000244140625
1824,-540.4599609375,112.9056396484375,37.594573974609375,151.41459147135416,-540.4600219726562,-533.0,53.25006103515625,-649.0,-638.0999755859375,-611.0,-576.25,-533.0,-505.75,-476.3999938964844,-453.0,-450.82000732421875
1872,-551.7000122070312,112.32426452636719,37.89226531982422,150.54615275065103,-551.7000122070312,-543.5,55.14136505126953,-685.6799926757812,-649.0,-624.0999755859375,-582.0,-543.5,-512.5,-489.0,-476.6000061035156,-464.9599914550781
1920,-564.3200073242188,111.6885986328125,38.1259765625,149.6337432861328,-564.3200073242188,-562.0,57.96824645996094,-695.47998046875,-681.2000122070312,-636.0999755859375,-604.25,-562.0,-520.5,-493.70001220703125,-480.95001220703125,-464.9599914550781
1968,-573.5800170898438,111.02362060546875,38.37947082519531,148.6622568766276,-573.5800170898438,-573.0,54.91596984863281,-695.47998046875,-681.2000122070312,-640.2999877929688,-611.0,-573.0,-530.5,-510.70001220703125,-489.0,-484.8999938964844
2016,-581.0,110.33648681640625,38.61724090576172,147.66605122884116,-581.0,-574.5,57.32590866088867,-719.9400024414062,-685.0999755859375,-643.5,-616.5,-574.5,-537.0,-513.9000244140625,-507.1499938964844,-488.9200134277344
2064,-590.47998046875,109.69274139404297,38.8843879699707,146.70311991373697,-590.47998046875,-590.0,55.67144012451172,-719.9400024414062,-685.0999755859375,-656.2999877929688,-622.5,-590.0,-546.5,-523.9000244140625,-518.75,-510.79998779296875
2112,-601.5399780273438,109.02581787109375,39.12046813964844,145.73043823242188,-601.5399780273438,-607.0,55.73875045776367,-730.719970703125,-687.4000244140625,-663.0,-635.25,-607.0,-552.0,-528.7999877929688,-521.9000244140625,-513.9400024414062
2160,-616.5399780273438,108.34087371826172,39.3245849609375,144.75133768717447,-616.5399780273438,-617.0,61.553619384765625,-767.0399780273438,-730.25,-693.2000122070312,-652.25,-617.0,-564.5,-540.5999755859375,-526.9500122070312,-519.8800048828125
2208,-631.0199584960938,107.6763916015625,39.57403564453125,143.76634216308594,-631.02001953125,-632.5,63.52684020996094,-768.02001953125,-751.75,-703.9000244140625,-671.0,-632.5,-581.0,-545.0,-537.0,-525.97998046875
2256,-645.5999755859375,106.99075317382812,39.81317901611328,142.75096638997397,-645.5999755859375,-636.5,64.12254333496094,-782.0399780273438,-767.0499877929688,-734.0999755859375,-688.0,-636.5,-598.0,-565.0,-556.75,-542.9600219726562
2304,-658.0199584960938,106.27546691894531,40.035125732421875,141.69425455729166,-658.02001953125,-650.5,61.15700912475586,-782.0399780273438,-768.0499877929688,-748.0,-697.5,-650.5,-612.0,-580.7999877929688,-564.9000244140625,-556.9000244140625
2352,-668.2999877929688,105.55711364746094,40.23854064941406,140.63787841796875,-668.2999877929688,-661.0,57.047088623046875,-782.0399780273438,-768.0499877929688,-752.5,-714.0,-661.0,-626.25,-598.9000244140625,-581.0,-564.9600219726562
2400,-678.4400024414062,104.82283782958984,40.41362762451172,139.5807139078776,-678.4400024414062,-668.5,64.908447265625,-827.52001953125,-784.1500244140625,-768.2999877929688,-725.0,-668.5,-633.25,-606.7000122070312,-581.0,-564.9600219726562
2448,-692.5799560546875,104.10823822021484,40.60411834716797,138.50184122721353,-692.5800170898438,-687.0,71.21097564697266,-857.3599853515625,-815.0999755859375,-784.2999877929688,-744.25,-687.0,-635.75,-614.5999755859375,-597.1500244140625,-573.8200073242188
2496,-702.739990234375,103.36715698242188,40.767059326171875,137.43523152669272,-702.739990234375,-699.0,67.31918334960938,-857.3599853515625,-815.0999755859375,-787.2999877929688,-748.25,-699.0,-648.0,-624.4000244140625,-609.0,-581.0
2544,-717.8200073242188,102.6257553100586,40.889549255371094,136.3760528564453,-717.8200073242188,-719.5,66.45470428466797,-857.3599853515625,-836.0499877929688,-803.0999755859375,-763.5,-719.5,-669.5,-634.9000244140625,-624.5999755859375,-608.4400024414062
2592,-729.6199951171875,101.88872528076172,41.03758239746094,135.28609720865884,-729.6199951171875,-726.5,71.06951141357422,-900.5999755859375,-853.2000122070312,-825.7999877929688,-767.0,-726.5,-678.5,-641.0,-628.4000244140625,-608.4400024414062
2640,-742.8999633789062,101.13279724121094,41.156715393066406,134.1962636311849,-742.9000244140625,-737.0,74.85592651367188,-913.3400268554688,-876.25,-842.0,-784.25,-737.0,-689.5,-652.4000244140625,-633.7999877929688,-608.4400024414062
2688,-753.0799560546875,100.36431884765625,41.21804428100586,133.10337829589844,-753.0800170898438,-749.0,76.31103515625,-913.3400268554688,-878.1500244140625,-853.4000244140625,-808.25,-749.0,-697.0,-666.7000122070312,-644.4500122070312,-626.0800170898438
2736,-764.6199951171875,99.57894897460938,41.27156066894531,131.99614461263022,-764.6199951171875,-764.5,75.48294830322266,-921.1799926757812,-900.5499877929688,-857.2000122070312,-816.5,-764.5,-711.5,-670.0,-652.7000122070312,-633.8599853515625
2784,-780.0399780273438,98.78337097167969,41.319244384765625,130.86915079752603,-780.0399780273438,-785.0,75.50800323486328,-930.0,-913.4000244140625,-877.2000122070312,-832.0,-785.0,-724.75,-676.4000244140625,-658.9000244140625,-644.7999877929688
2832,-791.219970703125,98.0443115234375,41.39055633544922,129.80207316080728,-791.219970703125,-792.0,76.06373596191406,-935.0399780273438,-930.0,-882.0999755859375,-844.75,-792.0,-737.75,-696.9000244140625,-676.0999755859375,-648.9199829101562
2880,-811.8800048828125,97.31964111328125,41.5040397644043,128.7137196858724,-811.8800048828125,-808.0,82.87077331542969,-997.0800170898438,-982.25,-935.2000122070312,-854.75,-808.0,-759.75,-710.5,-684.9000244140625,-656.760009765625
2928,-825.5599975585938,96.62361145019531,41.6197509765625,127.65259043375652,-825.5599975585938,-815.0,85.26726531982422,-1012.2999877929688,-985.0999755859375,-944.2000122070312,-878.25,-815.0,-775.5,-721.0,-692.7000122070312,-680.280029296875
2976,-836.2999877929688,95.88713073730469,41.70573043823242,126.55501302083333,-836.2999877929688,-824.5,83.30648803710938,-1027.4000244140625,-987.7000122070312,-964.0999755859375,-879.0,-824.5,-782.75,-728.5999755859375,-711.9500122070312,-693.0
3024,-844.3999633789062,95.1024169921875,41.76325607299805,125.41103617350261,-844.4000244140625,-836.5,84.29247283935547,-1027.4000244140625,-996.25,-973.0,-898.0,-836.5,-789.5,-742.7999877929688,-718.5999755859375,-693.0
3072,-857.2799682617188,94.35649871826172,41.809837341308594,124.31745910644531,-857.280029296875,-844.5,85.74976348876953,-1043.0799560546875,-1013.25,-974.2000122070312,-911.5,-844.5,-797.25,-755.9000244140625,-724.7999877929688,-710.719970703125
3120,-872.5399780273438,93.61004638671875,41.82795333862305,123.24542236328125,-872.5399780273438,-857.0,85.5025634765625,-1055.02001953125,-1041.0999755859375,-987.9000244140625,-926.25,-857.0,-814.0,-771.7000122070312,-732.5999755859375,-718.8400268554688
3168,-889.7799682617188,92.85079193115234,41.85395431518555,122.12894948323567,-889.780029296875,-888.5,84.67686462402344,-1077.3599853515625,-1044.550048828125,-1002.2000122070312,-932.0,-888.5,-836.5,-789.9000244140625,-754.0,-720.9600219726562
3216,-901.6599731445312,92.10235595703125,41.89125061035156,121.0441411336263,-901.6599731445312,-901.0,84.41554260253906,-1095.1600341796875,-1063.050048828125,-1022.0999755859375,-940.25,-901.0,-848.5,-799.0999755859375,-774.8499755859375,-746.5599975585938
3264,-912.5599975585938,91.37625122070312,41.87606430053711,119.96398671468098,-912.5599975585938,-907.0,88.6436996459961,-1095.5400390625,-1077.4000244140625,-1041.300048828125,-951.5,-907.0,-853.0,-800.9000244140625,-774.8499755859375,-746.9600219726562
3312,-920.6599731445312,90.62994384765625,41.88432312011719,118.85889689127605,-920.6599731445312,-909.0,88.0982666015625,-1097.5,-1085.1500244140625,-1041.300048828125,-968.5,-909.0,-858.25,-812.7999877929688,-787.2000122070312,-758.9600219726562
3360,-933.1799926757812,89.84207153320312,41.904815673828125,117.7173334757487,-933.1799926757812,-915.0,90.0103759765625,-1155.0999755859375,-1085.1500244140625,-1055.0999755859375,-990.0,-915.0,-872.75,-826.4000244140625,-800.7000122070312,-787.6799926757812
3408,-946.1399536132812,89.08689880371094,41.90278625488281,116.59303283691406,-946.1400146484375,-931.5,88.13399505615234,-1155.0999755859375,-1095.1500244140625,-1064.0999755859375,-998.0,-931.5,-884.0,-845.0999755859375,-826.5,-794.8800048828125
3456,-954.1799926757812,88.33583068847656,41.896026611328125,115.48232777913411,-954.1799926757812,-944.0,89.066650390625,-1183.52001953125,-1111.949951171875,-1065.9000244140625,-998.0,-944.0,-892.5,-864.0,-826.5,-794.8800048828125
3504,-961.8999633789062,87.64112854003906,41.87983703613281,114.42460378011067,-961.9000244140625,-954.5,87.94935607910156,-1183.52001953125,-1149.050048828125,-1075.4000244140625,-1007.5,-954.5,-904.5,-867.7999877929688,-830.9000244140625,-801.0
3552,-974.1599731445312,86.9029541015625,41.89816665649414,113.29141998291016,-974.1599731445312,-965.5,85.00067901611328,-1183.52001953125,-1149.1500244140625,-1088.5,-1015.25,-965.5,-922.0,-879.9000244140625,-845.25,-828.5399780273438
3600,-984.0399780273438,86.19468688964844,41.91192626953125,112.21408589680989,-984.0399780273438,-970.0,86.35240936279297,-1183.52001953125,-1154.0,-1109.300048828125,-1033.25,-970.0,-926.5,-881.9000244140625,-872.4500122070312,-831.0
3648,-994.699951171875,85.45646667480469,41.900474548339844,111.10224151611328,-994.7000122070312,-983.0,89.00028228759766,-1183.800048828125,-1154.0,-1121.0,-1047.25,-983.0,-935.0,-894.9000244140625,-872.4500122070312,-831.0
3696,-1007.0199584960938,84.68107604980469,41.842403411865234,109.96453603108723,-1007.02001953125,-1001.0,89.1823959350586,-1183.800048828125,-1154.25,-1135.9000244140625,-1055.25,-1001.0,-950.25,-898.7999877929688,-881.5499877929688,-831.0
3744,-1016.5199584960938,83.93794250488281,41.83030319213867,108.87152099609375,-1016.52001953125,-1009.0,89.3988265991211,-1205.3599853515625,-1161.300048828125,-1152.199951171875,-1066.75,-1009.0,-958.5,-903.5,-895.2999877929688,-861.6199951171875
3792,-1030.0999755859375,83.22346496582031,41.78813934326172,107.79019419352214,-1030.0999755859375,-1017.5,88.65309143066406,-1215.1600341796875,-1183.4000244140625,-1166.0999755859375,-1090.25,-1017.5,-976.0,-920.4000244140625,-898.9000244140625,-881.8200073242188
3840,-1040.260009765625,82.53273010253906,41.77885055541992,106.70566813151042,-1040.260009765625,-1026.0,86.7734603881836,-1232.1400146484375,-1197.699951171875,-1166.0999755859375,-1094.75,-1026.0,-991.0,-934.4000244140625,-906.8499755859375,-896.52001953125
3888,-1050.0399169921875,81.84795379638672,41.73774719238281,105.6525166829427,-1050.0400390625,-1036.5,85.85742950439453,-1239.3199462890625,-1211.199951171875,-1167.800048828125,-1099.0,-1036.5,-1000.75,-955.2000122070312,-927.0,-896.52001953125
3936,-1060.0599365234375,81.11629486083984,41.612239837646484,104.59759775797527,-1060.06005859375,-1048.5,86.01753997802734,-1255.4200439453125,-1215.8499755859375,-1176.800048828125,-1108.25,-1048.5,-1001.0,-967.7000122070312,-932.8499755859375,-906.3200073242188
3984,-1068.419921875,80.4608154296875,41.5877571105957,103.5686264038086,-1068.4200439453125,-1049.5,87.87743377685547,-1276.219970703125,-1232.3499755859375,-1214.0999755859375,-1108.25,-1049.5,-1009.25,-978.5,-952.5,-926.9000244140625
4032,-1078.760009765625,79.71747589111328,41.515586853027344,102.47435506184895,-1078.760009765625,-1059.5,89.34832763671875,-1291.3399658203125,-1256.050048828125,-1215.5999755859375,-1125.75,-1059.5,-1020.75,-982.7999877929688,-968.25,-932.9000244140625
4080,-1086.699951171875,79.0241928100586,41.45641326904297,101.4139175415039,-1086.699951171875,-1067.0,89.84458923339844,-1297.219970703125,-1276.550048828125,-1215.5999755859375,-1140.0,-1067.0,-1022.5,-995.0999755859375,-968.25,-938.780029296875
4128,-1099.3399658203125,78.33285522460938,41.37543487548828,100.36211395263672,-1099.3399658203125,-1089.0,90.12782287597656,-1308.3399658203125,-1286.25,-1221.800048828125,-1151.75,-1089.0,-1035.25,-1000.5999755859375,-978.5999755859375,-948.8400268554688
4176,-1109.5599365234375,77.63272857666016,41.29037094116211,99.29637400309245,-1109.56005859375,-1098.0,90.11629486083984,-1325.260009765625,-1291.5999755859375,-1229.800048828125,-1159.0,-1098.0,-1048.75,-1011.7000122070312,-982.4000244140625,-948.8400268554688
4224,-1121.3599853515625,76.93276977539062,41.22385025024414,98.20740509033203,-1121.3599853515625,-1110.5,90.2729721069336,-1338.239990234375,-1291.5999755859375,-1239.4000244140625,-1175.0,-1110.5,-1062.0,-1020.7999877929688,-986.7999877929688,-948.8400268554688
4272,-1131.4000244140625,76.23546600341797,41.12840270996094,97.17908223470052,-1131.4000244140625,-1124.5,88.31795501708984,-1338.239990234375,-1291.5999755859375,-1249.300048828125,-1176.25,-1124.5,-1074.5,-1040.9000244140625,-996.2999877929688,-961.5800170898438
4320,-1140.6600341796875,75.53669738769531,41.04205322265625,96.10156504313152,-1140.6600341796875,-1135.0,93.05301666259766,-1350.3800048828125,-1327.25,-1258.0,-1182.75,-1135.0,-1083.75,-1040.9000244140625,-996.2999877929688,-961.5800170898438
4368,-1147.3199462890625,74.8570327758789,40.98206329345703,95.01574198404948,-1147.3199462890625,-1142.0,94.48172760009766,-1350.3800048828125,-1327.25,-1267.800048828125,-1190.25,-1142.0,-1088.5,-1052.699951171875,-996.2999877929688,-961.5800170898438
4416,-1161.43994140625,74.20562744140625,40.93601989746094,93.9864273071289,-1161.43994140625,-1157.0,92.08944702148438,-1350.3800048828125,-1329.1500244140625,-1275.5,-1222.25,-1157.0,-1095.75,-1055.0,-1000.7999877929688,-994.3599853515625
4464,-1169.719970703125,73.5616455078125,40.885345458984375,92.95142110188802,-1169.719970703125,-1165.5,89.6744155883789,-1350.3800048828125,-1332.300048828125,-1285.300048828125,-1222.25,-1165.5,-1111.5,-1067.800048828125,-1004.7999877929688,-994.3599853515625
4512,-1180.5399169921875,72.908203125,40.78364181518555,91.91854095458984,-1180.5400390625,-1176.0,90.89801025390625,-1369.280029296875,-1350.3499755859375,-1293.300048828125,-1243.0,-1176.0,-1118.5,-1078.800048828125,-1053.6500244140625,-995.3400268554688
4560,-1188.4599609375,72.23886108398438,40.700775146484375,90.8499247233073,-1188.4599609375,-1179.0,91.6480712890625,-1383.1199951171875,-1357.550048828125,-1325.4000244140625,-1243.25,-1179.0,-1128.25,-1086.5999755859375,-1068.8499755859375,-995.4600219726562
4608,-1194.760009765625,71.57408142089844,40.593238830566406,89.81228637695312,-1194.760009765625,-1182.0,87.78975677490234,-1383.1199951171875,-1357.550048828125,-1325.5999755859375,-1252.25,-1182.0,-1138.25,-1091.9000244140625,-1084.800048828125,-1037.5799560546875
4656,-1204.3800048828125,70.9040298461914,40.473873138427734,88.81592559814453,-1204.3800048828125,-1184.0,90.02020263671875,-1389.199951171875,-1368.300048828125,-1336.699951171875,-1273.5,-1184.0,-1144.0,-1094.800048828125,-1087.949951171875,-1037.5799560546875
4704,-1211.8599853515625,70.32269287109375,40.40198516845703,87.86322275797527,-1211.8599853515625,-1197.5,88.50061798095703,-1399.280029296875,-1368.300048828125,-1339.4000244140625,-1273.5,-1197.5,-1158.25,-1110.199951171875,-1092.800048828125,-1067.9599609375
4752,-1216.5999755859375,69.68682861328125,40.32623291015625,86.83865610758464,-1216.5999755859375,-1207.5,88.8503189086914,-1401.239990234375,-1368.300048828125,-1339.4000244140625,-1278.25,-1207.5,-1161.75,-1111.300048828125,-1094.9000244140625,-1067.9599609375
4800,-1226.0999755859375,69.06295776367188,40.24201202392578,85.82530721028645,-1226.0999755859375,-1218.0,88.60298919677734,-1413.3599853515625,-1386.6500244140625,-1339.4000244140625,-1281.5,-1218.0,-1166.75,-1116.5999755859375,-1100.800048828125,-1091.47998046875
4848,-1232.239990234375,68.41594696044922,40.130027770996094,84.78971862792969,-1232.239990234375,-1220.5,92.50881958007812,-1431.3199462890625,-1399.050048828125,-1359.0,-1297.75,-1220.5,-1166.75,-1116.5999755859375,-1100.800048828125,-1091.47998046875
4896,-1239.8399658203125,67.83004760742188,40.06072235107422,83.83099110921223,-1239.8399658203125,-1230.0,91.2098388671875,-1447.0400390625,-1399.050048828125,-1359.0999755859375,-1306.25,-1230.0,-1176.75,-1136.199951171875,-1106.9000244140625,-1091.47998046875
4944,-1247.5,67.25045776367188,39.97276306152344,82.87159474690755,-1247.5,-1238.5,89.78379821777344,-1447.0400390625,-1400.449951171875,-1360.300048828125,-1308.25,-1238.5,-1189.5,-1140.800048828125,-1122.75,-1103.239990234375
4992,-1255.02001953125,66.67680358886719,39.84114456176758,81.95218404134114,-1255.02001953125,-1252.0,89.00482940673828,-1447.239990234375,-1400.449951171875,-1379.0999755859375,-1315.25,-1252.0,-1194.0,-1141.0,-1128.699951171875,-1104.47998046875
5040,-1264.0599365234375,66.05606079101562,39.72052764892578,80.98940785725911,-1264.06005859375,-1256.0,87.2530517578125,-1447.239990234375,-1409.3499755859375,-1381.300048828125,-1316.75,-1256.0,-1201.5,-1162.9000244140625,-1128.699951171875,-1104.47998046875
5088,-1270.3599853515625,65.47268676757812,39.61193084716797,80.05451965332031,-1270.3599853515625,-1261.0,88.74756622314453,-1467.1600341796875,-1417.199951171875,-1387.5999755859375,-1323.0,-1261.0,-1202.0,-1170.199951171875,-1142.699951171875,-1104.47998046875
5136,-1277.679931640625,64.84803771972656,39.494041442871094,79.07322184244792,-1277.6800537109375,-1270.5,85.80581665039062,-1467.280029296875,-1417.199951171875,-1397.5,-1324.75,-1270.5,-1219.25,-1181.699951171875,-1145.6500244140625,-1128.0
5184,-1282.0,64.32382202148438,39.430355072021484,78.16311645507812,-1282.0,-1276.5,87.1985092163086,-1468.260009765625,-1435.449951171875,-1397.5999755859375,-1326.25,-1276.5,-1219.75,-1185.5999755859375,-1152.6500244140625,-1128.0
5232,-1289.659912109375,63.77302169799805,39.32877731323242,77.23805745442708,-1289.6600341796875,-1285.5,89.53873443603516,-1472.1800537109375,-1465.0999755859375,-1403.4000244140625,-1351.5,-1285.5,-1221.5,-1186.5999755859375,-1152.6500244140625,-1128.3599853515625
5280,-1296.52001953125,63.21055603027344,39.199058532714844,76.33800506591797,-1296.52001953125,-1289.5,89.8836441040039,-1472.1800537109375,-1465.0999755859375,-1408.0999755859375,-1355.25,-1289.5,-1233.75,-1186.5999755859375,-1169.25,-1145.02001953125
5328,-1299.1199951171875,62.65917205810547,39.07671356201172,75.40130106608073,-1299.1199951171875,-1291.5,89.63752746582031,-1472.1800537109375,-1465.0999755859375,-1408.0999755859375,-1364.75,-1291.5,-1234.0,-1186.5999755859375,-1178.550048828125,-1145.02001953125
5376,-1306.4599609375,62.08772277832031,38.960166931152344,74.45315551757812,-1306.4599609375,-1302.5,90.03270721435547,-1472.1800537109375,-1465.0999755859375,-1420.300048828125,-1371.0,-1302.5,-1236.5,-1199.0,-1178.550048828125,-1145.02001953125
5424,-1314.159912109375,61.58770751953125,38.87430953979492,73.58497873942058,-1314.1600341796875,-1313.0,89.2918472290039,-1481.1400146484375,-1465.3499755859375,-1436.199951171875,-1386.25,-1313.0,-1243.0,-1212.5999755859375,-1179.0,-1147.1800537109375
5472,-1321.760009765625,61.08049774169922,38.79893493652344,72.70421346028645,-1321.760009765625,-1325.0,91.2372817993164,-1507.3199462890625,-1476.25,-1444.0999755859375,-1389.0,-1325.0,-1245.75,-1216.800048828125,-1190.4000244140625,-1147.1800537109375
5520,-1328.739990234375,60.55149459838867,38.69440460205078,71.79247283935547,-1328.739990234375,-1327.0,90.03661346435547,-1526.06005859375,-1476.25,-1444.0999755859375,-1390.0,-1327.0,-1262.5,-1221.5,-1196.699951171875,-1167.760009765625
5568,-1335.3800048828125,60.01656723022461,38.56227493286133,70.90737406412761,-1335.3800048828125,-1333.5,87.92130279541016,-1529.280029296875,-1476.25,-1444.0999755859375,-1401.75,-1333.5,-1277.0,-1224.800048828125,-1197.0,-1174.1199951171875
5616,-1339.47998046875,59.52191925048828,38.49457550048828,70.04019673665364,-1339.47998046875,-1336.0,86.69480895996094,-1529.280029296875,-1476.25,-1444.0999755859375,-1402.5,-1336.0,-1282.75,-1228.5999755859375,-1197.0,-1174.1199951171875
5664,-1345.6400146484375,58.97663497924805,38.347068786621094,69.15037790934245,-1345.6400146484375,-1342.0,88.96050262451172,-1537.1199951171875,-1494.050048828125,-1461.199951171875,-1416.25,-1342.0,-1291.75,-1236.699951171875,-1202.699951171875,-1174.1199951171875
5712,-1352.5,58.456443786621094,38.24175262451172,68.26846059163411,-1352.5,-1344.0,89.079345703125,-1537.1199951171875,-1495.449951171875,-1472.0999755859375,-1422.25,-1344.0,-1291.75,-1239.9000244140625,-1202.699951171875,-1176.8399658203125
5760,-1357.8800048828125,58.0153923034668,38.157989501953125,67.4584223429362,-1357.8800048828125,-1359.5,86.52448272705078,-1537.1199951171875,-1495.449951171875,-1472.0999755859375,-1425.25,-1359.5,-1296.75,-1241.0,-1216.9000244140625,-1196.43994140625
5808,-1363.239990234375,57.49809265136719,38.049049377441406,66.59657287597656,-1363.239990234375,-1364.5,85.44332885742188,-1537.1199951171875,-1495.449951171875,-1473.0,-1432.0,-1364.5,-1299.25,-1258.0,-1232.199951171875,-1202.43994140625
5856,-1370.43994140625,57.05366516113281,37.99078369140625,65.74303944905598,-1370.43994140625,-1366.0,85.51670837402344,-1537.1199951171875,-1504.1500244140625,-1485.0999755859375,-1437.0,-1366.0,-1305.75,-1261.0,-1239.800048828125,-1202.43994140625
5904,-1374.8399658203125,56.567440032958984,37.895179748535156,64.87296549479167,-1374.8399658203125,-1375.5,85.8871078491211,-1537.1199951171875,-1507.449951171875,-1486.4000244140625,-1441.25,-1375.5,-1310.0,-1273.0,-1239.800048828125,-1202.43994140625
5952,-1380.5399169921875,56.11457061767578,37.78755187988281,64.05117289225261,-1380.5400390625,-1381.0,83.99385833740234,-1541.0400390625,-1507.449951171875,-1490.0,-1447.25,-1381.0,-1317.75,-1276.699951171875,-1248.4000244140625,-1214.199951171875
6000,-1384.2999267578125,55.62017822265625,37.65284729003906,63.21119689941406,-1384.300048828125,-1386.0,84.71534729003906,-1541.3800048828125,-1515.050048828125,-1490.4000244140625,-1453.5,-1386.0,-1319.5,-1277.9000244140625,-1253.75,-1214.199951171875
6048,-1389.419921875,55.18070983886719,37.56470489501953,62.37515385945638,-1389.4200439453125,-1395.0,86.19561004638672,-1549.300048828125,-1516.1500244140625,-1494.300048828125,-1456.5,-1395.0,-1327.75,-1277.9000244140625,-1253.75,-1214.199951171875
6096,-1394.7999267578125,54.746665954589844,37.504058837890625,61.52161534627279,-1394.800048828125,-1398.5,84.9601058959961,-1549.300048828125,-1516.25,-1504.300048828125,-1465.5,-1398.5,-1338.0,-1286.9000244140625,-1253.75,-1235.760009765625
6144,-1401.4599609375,54.30475997924805,37.40456771850586,60.687268575032554,-1401.4599609375,-1401.5,83.25171661376953,-1557.1600341796875,-1519.0999755859375,-1507.300048828125,-1469.25,-1401.5,-1340.5,-1290.699951171875,-1260.699951171875,-1248.760009765625
6192,-1406.780029296875,53.835723876953125,37.296226501464844,59.85525767008463,-1406.780029296875,-1404.5,81.26580810546875,-1561.1199951171875,-1519.3499755859375,-1510.0999755859375,-1470.25,-1404.5,-1346.75,-1303.800048828125,-1278.9000244140625,-1250.8800048828125
6240,-1412.3800048828125,53.4349479675293,37.22844696044922,59.084014892578125,-1412.3800048828125,-1410.0,81.30777740478516,-1561.1199951171875,-1519.3499755859375,-1510.0999755859375,-1473.25,-1410.0,-1349.25,-1303.9000244140625,-1282.800048828125,-1250.8800048828125
6288,-1414.2999267578125,52.9969482421875,37.117591857910156,58.27997970581055,-1414.300048828125,-1410.0,81.18453979492188,-1567.0,-1524.0999755859375,-1511.199951171875,-1475.5,-1410.0,-1355.75,-1304.800048828125,-1286.800048828125,-1250.8800048828125
6336,-1418.739990234375,52.586151123046875,37.0230827331543,57.50731531778971,-1418.739990234375,-1419.0,78.8996353149414,-1567.0400390625,-1526.050048828125,-1513.300048828125,-1485.75,-1419.0,-1355.75,-1316.4000244140625,-1301.4000244140625,-1282.719970703125
6384,-1422.5599365234375,52.21970748901367,36.97689437866211,56.72309366861979,-1422.56005859375,-1425.0,78.65281677246094,-1569.0400390625,-1543.0,-1521.0,-1485.75,-1425.0,-1364.0,-1316.4000244140625,-1301.9000244140625,-1282.719970703125
6432,-1429.6400146484375,51.790706634521484,36.846439361572266,55.96167755126953,-1429.6400146484375,-1429.5,77.07613372802734,-1569.0400390625,-1546.1500244140625,-1530.5999755859375,-1485.75,-1429.5,-1372.25,-1331.9000244140625,-1302.8499755859375,-1282.719970703125
6480,-1434.3800048828125,51.376556396484375,36.73589324951172,55.17253748575846,-1434.3800048828125,-1436.5,77.70840454101562,-1569.0400390625,-1546.1500244140625,-1536.5999755859375,-1492.75,-1436.5,-1378.0,-1340.0999755859375,-1306.800048828125,-1282.719970703125
6528,-1438.1400146484375,50.987281799316406,36.652164459228516,54.422342936197914,-1438.1400146484375,-1442.0,78.02025604248047,-1569.0400390625,-1550.5,-1542.0999755859375,-1495.0,-1442.0,-1380.5,-1343.699951171875,-1306.800048828125,-1282.719970703125
6576,-1442.179931640625,50.611236572265625,36.564178466796875,53.68182118733724,-1442.1800537109375,-1443.0,76.91311645507812,-1583.4000244140625,-1551.449951171875,-1542.0999755859375,-1498.25,-1443.0,-1390.5,-1354.9000244140625,-1316.699951171875,-1282.719970703125
6624,-1445.6199951171875,50.16072082519531,36.43862533569336,52.87694549560547,-1445.6199951171875,-1445.0,76.73953247070312,-1583.4000244140625,-1558.0999755859375,-1545.300048828125,-1499.5,-1445.0,-1391.0,-1354.9000244140625,-1332.4000244140625,-1282.719970703125
6672,-1450.1400146484375,49.77962875366211,36.341712951660156,52.14538447062174,-1450.1400146484375,-1452.0,75.85881805419922,-1583.4000244140625,-1560.3499755859375,-1548.199951171875,-1502.5,-1452.0,-1391.75,-1357.5999755859375,-1332.9000244140625,-1314.0799560546875
6720,-1453.52001953125,49.352256774902344,36.18681335449219,51.40975697835287,-1453.52001953125,-1456.0,76.17420959472656,-1591.239990234375,-1567.0999755859375,-1550.0999755859375,-1507.25,-1456.0,-1392.0,-1358.5,-1338.5999755859375,-1314.3599853515625
6768,-1457.0599365234375,48.97279357910156,36.06880569458008,50.70200220743815,-1457.06005859375,-1459.0,76.77406311035156,-1591.239990234375,-1569.550048828125,-1557.0999755859375,-1513.0,-1459.0,-1394.75,-1361.699951171875,-1338.5999755859375,-1314.3599853515625
6816,-1459.8199462890625,48.62481689453125,35.99538803100586,49.992855072021484,-1459.8199462890625,-1462.5,77.65042114257812,-1597.1199951171875,-1569.550048828125,-1558.0,-1519.0,-1462.5,-1395.0,-1361.699951171875,-1339.0,-1326.1199951171875
6864,-1463.7999267578125,48.26849365234375,35.899574279785156,49.306495666503906,-1463.800048828125,-1465.5,75.06011199951172,-1597.1199951171875,-1569.550048828125,-1558.0,-1519.0,-1465.5,-1413.5,-1362.9000244140625,-1341.0,-1330.8399658203125
6912,-1467.52001953125,47.929237365722656,35.829307556152344,48.579054514567055,-1467.52001953125,-1471.5,75.30570220947266,-1600.06005859375,-1569.8499755859375,-1561.199951171875,-1522.25,-1471.5,-1417.75,-1365.0,-1346.699951171875,-1330.8399658203125
6960,-1471.199951171875,47.60353088378906,35.77271270751953,47.86849466959635,-1471.199951171875,-1473.0,74.83541870117188,-1603.300048828125,-1579.3499755859375,-1563.4000244140625,-1525.5,-1473.0,-1422.25,-1365.0,-1362.800048828125,-1330.8399658203125
7008,-1474.6199951171875,47.23631286621094,35.6710319519043,47.15973917643229,-1474.6199951171875,-1474.0,74.71489715576172,-1605.260009765625,-1586.050048828125,-1573.0,-1528.0,-1474.0,-1423.75,-1365.9000244140625,-1363.0,-1344.800048828125
7056,-1479.679931640625,46.86167526245117,35.55250930786133,46.441534678141274,-1479.6800537109375,-1480.0,72.53549194335938,-1605.260009765625,-1586.050048828125,-1573.0,-1531.5,-1480.0,-1426.5,-1380.199951171875,-1365.0,-1358.52001953125
7104,-1482.0799560546875,46.48054122924805,35.41468811035156,45.73971048990885,-1482.0799560546875,-1480.0,73.8488540649414,-1609.3399658203125,-1589.5,-1577.0,-1533.0,-1480.0,-1428.5,-1380.199951171875,-1365.0,-1358.52001953125
7152,-1485.1199951171875,46.114288330078125,35.322059631347656,45.014294942220054,-1485.1199951171875,-1483.0,74.13990783691406,-1609.3399658203125,-1589.5,-1583.0,-1539.5,-1483.0,-1431.5,-1380.199951171875,-1365.0,-1358.52001953125
7200,-1488.0799560546875,45.769527435302734,35.20274353027344,44.3440907796224,-1488.0799560546875,-1494.5,74.72760009765625,-1613.260009765625,-1599.050048828125,-1583.199951171875,-1543.0,-1494.5,-1434.25,-1384.5999755859375,-1365.0,-1358.52001953125
7248,-1490.8800048828125,45.48632049560547,35.153114318847656,43.70912170410156,-1490.8800048828125,-1495.0,74.0246353149414,-1613.260009765625,-1603.0999755859375,-1587.199951171875,-1543.0,-1495.0,-1437.25,-1384.699951171875,-1365.0,-1358.719970703125
7296,-1492.760009765625,45.18878936767578,35.062034606933594,43.10209528605143,-1492.760009765625,-1495.0,74.22642517089844,-1613.260009765625,-1603.1500244140625,-1589.0,-1545.5,-1495.0,-1437.25,-1384.699951171875,-1365.0,-1360.6800537109375
7344,-1497.919921875,44.907554626464844,34.99690246582031,42.464385986328125,-1497.9200439453125,-1497.5,71.44490051269531,-1617.1800537109375,-1606.050048828125,-1591.5,-1552.25,-1497.5,-1451.0,-1402.5999755859375,-1381.949951171875,-1364.6400146484375
7392,-1501.1400146484375,44.64597702026367,34.95417785644531,41.83709462483724,-1501.1400146484375,-1502.0,71.30722045898438,-1617.1800537109375,-1606.050048828125,-1591.5,-1557.5,-1502.0,-1453.25,-1404.800048828125,-1392.449951171875,-1364.6400146484375
7440,-1504.0799560546875,44.33079147338867,34.8653450012207,41.15789667765299,-1504.0799560546875,-1505.0,71.22762298583984,-1619.1400146484375,-1607.199951171875,-1596.0999755859375,-1559.0,-1505.0,-1453.25,-1404.800048828125,-1392.699951171875,-1376.4000244140625
7488,-1508.3599853515625,43.98826599121094,34.71589660644531,40.55101648966471,-1508.3599853515625,-1513.5,70.56097412109375,-1629.3800048828125,-1615.0999755859375,-1597.300048828125,-1563.0,-1513.5,-1457.75,-1410.800048828125,-1392.699951171875,-1380.47998046875
7536,-1510.699951171875,43.69649887084961,34.64442443847656,39.91742070515951,-1510.699951171875,-1514.5,70.6917953491211,-1629.3800048828125,-1617.0,-1601.0,-1563.0,-1514.5,-1457.75,-1412.800048828125,-1400.8499755859375,-1380.47998046875
7584,-1513.3800048828125,43.40908432006836,34.5535888671875,39.31500371297201,-1513.3800048828125,-1517.0,69.65885162353516,-1629.3800048828125,-1617.0,-1601.300048828125,-1564.0,-1517.0,-1463.75,-1422.4000244140625,-1410.800048828125,-1380.47998046875
7632,-1515.219970703125,43.05735397338867,34.41735076904297,38.68754450480143,-1515.219970703125,-1518.0,70.15989685058594,-1629.3800048828125,-1623.0,-1604.199951171875,-1566.25,-1518.0,-1464.5,-1426.5999755859375,-1412.699951171875,-1384.4000244140625
7680,-1517.8399658203125,42.800445556640625,34.35009002685547,38.122676849365234,-1517.8399658203125,-1518.0,68.63201904296875,-1629.3800048828125,-1623.0,-1604.199951171875,-1566.25,-1518.0,-1469.5,-1426.5999755859375,-1413.0,-1384.9599609375
7728,-1521.260009765625,42.51995849609375,34.252201080322266,37.5405158996582,-1521.260009765625,-1520.5,69.25425720214844,-1639.1800537109375,-1623.300048828125,-1609.0999755859375,-1573.25,-1520.5,-1469.5,-1426.5999755859375,-1413.0,-1384.9599609375
7776,-1523.0399169921875,42.27608108520508,34.205101013183594,36.94900385538737,-1523.0400390625,-1524.5,69.2059097290039,-1639.1800537109375,-1624.25,-1619.0,-1573.25,-1524.5,-1469.5,-1426.800048828125,-1413.0,-1384.9599609375
7824,-1525.719970703125,42.03341293334961,34.15571212768555,36.357784271240234,-1525.719970703125,-1527.0,68.46562194824219,-1639.1800537109375,-1624.25,-1619.0,-1576.75,-1527.0,-1484.0,-1430.5999755859375,-1413.0,-1398.6800537109375
7872,-1527.2799072265625,41.763389587402344,34.06966781616211,35.75756963094076,-1527.280029296875,-1530.5,67.72105407714844,-1639.1800537109375,-1625.199951171875,-1619.0,-1581.25,-1530.5,-1484.0,-1434.5999755859375,-1426.300048828125,-1398.6800537109375
7920,-1528.93994140625,41.48392868041992,33.977561950683594,35.18708801269531,-1528.93994140625,-1530.5,67.51605224609375,-1648.02001953125,-1627.0999755859375,-1619.0,-1581.25,-1530.5,-1484.0,-1438.199951171875,-1426.300048828125,-1398.6800537109375
7968,-1530.9000244140625,41.16055679321289,33.855690002441406,34.559696197509766,-1530.9000244140625,-1530.5,66.84945678710938,-1648.02001953125,-1629.0,-1619.0,-1582.75,-1530.5,-1484.0,-1440.800048828125,-1426.300048828125,-1409.780029296875
8016,-1532.6199951171875,40.87327575683594,33.72601318359375,34.002237955729164,-1532.6199951171875,-1533.5,66.75444030761719,-1648.0999755859375,-1629.0,-1619.4000244140625,-1585.25,-1533.5,-1487.0,-1441.0,-1426.9000244140625,-1409.8199462890625
8064,-1535.0599365234375,40.58662033081055,33.59673309326172,33.44279352823893,-1535.06005859375,-1533.5,66.07765197753906,-1648.1400146484375,-1630.050048828125,-1623.0,-1585.5,-1533.5,-1492.5,-1441.0,-1426.9000244140625,-1409.8199462890625
8112,-1537.7999267578125,40.320274353027344,33.487586975097656,32.90078608194987,-1537.800048828125,-1536.5,66.76151275634766,-1648.1400146484375,-1631.0,-1623.4000244140625,-1592.0,-1536.5,-1492.5,-1442.800048828125,-1432.5999755859375,-1409.8199462890625
8160,-1540.219970703125,40.0739631652832,33.409088134765625,32.34774208068848,-1540.219970703125,-1539.5,65.97431945800781,-1648.260009765625,-1631.0,-1623.4000244140625,-1593.0,-1539.5,-1495.25,-1442.800048828125,-1434.5,-1409.8199462890625
8208,-1542.239990234375,39.8322868347168,33.32722091674805,31.775964101155598,-1542.239990234375,-1551.0,65.81734466552734,-1648.260009765625,-1633.0999755859375,-1627.0,-1593.0,-1551.0,-1495.25,-1456.199951171875,-1434.5,-1409.8199462890625
8256,-1544.7799072265625,39.62144088745117,33.268699645996094,31.26297887166341,-1544.780029296875,-1554.0,65.60009002685547,-1648.260009765625,-1637.0,-1630.0999755859375,-1597.25,-1554.0,-1498.5,-1460.5999755859375,-1434.5,-1409.8199462890625
8304,-1546.2999267578125,39.394039154052734,33.20396423339844,30.739901224772137,-1546.300048828125,-1554.0,64.91109466552734,-1648.260009765625,-1637.050048828125,-1630.0999755859375,-1597.5,-1554.0,-1503.75,-1460.800048828125,-1440.9000244140625,-1409.8199462890625
8352,-1547.7799072265625,39.172828674316406,33.12767028808594,30.23893864949544,-1547.780029296875,-1555.0,64.65579223632812,-1654.1400146484375,-1638.050048828125,-1630.0999755859375,-1599.25,-1555.0,-1505.5,-1461.0,-1442.800048828125,-1409.8199462890625
8400,-1549.3199462890625,38.92778015136719,33.040706634521484,29.699180603027344,-1549.3199462890625,-1555.0,64.5457763671875,-1654.1400146484375,-1638.1500244140625,-1631.0,-1599.25,-1555.0,-1506.25,-1462.800048828125,-1442.800048828125,-1409.9000244140625
8448,-1550.9000244140625,38.745296478271484,32.99322509765625,29.191312154134113,-1550.9000244140625,-1557.0,64.49193572998047,-1654.260009765625,-1638.1500244140625,-1631.0,-1601.25,-1557.0,-1509.25,-1464.800048828125,-1442.800048828125,-1409.93994140625
8496,-1552.0399169921875,38.51191329956055,32.91489791870117,28.66889762878418,-1552.0400390625,-1557.0,64.96351623535156,-1664.06005859375,-1638.1500244140625,-1631.0,-1601.25,-1557.0,-1511.25,-1464.800048828125,-1442.800048828125,-1409.93994140625
8544,-1554.2999267578125,38.31671142578125,32.852718353271484,28.198022842407227,-1554.300048828125,-1558.0,64.69196319580078,-1664.06005859375,-1638.1500244140625,-1635.0999755859375,-1602.75,-1558.0,-1517.5,-1465.699951171875,-1442.800048828125,-1420.780029296875
8592,-1556.8399658203125,38.10687255859375,32.77833557128906,27.711371739705402,-1556.8399658203125,-1560.0,64.31791687011719,-1664.06005859375,-1638.550048828125,-1636.0999755859375,-1602.75,-1560.0,-1523.0,-1468.800048828125,-1442.800048828125,-1428.6199951171875
8640,-1558.8599853515625,37.91919708251953,32.7385368347168,27.20288022359212,-1558.8599853515625,-1561.5,62.9450569152832,-1664.0999755859375,-1639.5,-1636.0999755859375,-1608.25,-1561.5,-1523.0,-1469.9000244140625,-1459.9000244140625,-1428.8199462890625
8688,-1560.02001953125,37.705841064453125,32.656349182128906,26.702425638834637,-1560.02001953125,-1565.5,62.88862991333008,-1664.219970703125,-1648.050048828125,-1636.0999755859375,-1608.25,-1565.5,-1523.0,-1469.9000244140625,-1459.9000244140625,-1428.97998046875
8736,-1562.5599365234375,37.475704193115234,32.56187057495117,26.192481994628906,-1562.56005859375,-1568.5,62.50428771972656,-1664.219970703125,-1648.050048828125,-1637.199951171875,-1608.25,-1568.5,-1523.0,-1475.0,-1459.9000244140625,-1428.97998046875
8784,-1564.0399169921875,37.23289108276367,32.45187759399414,25.687309900919598,-1564.0400390625,-1574.5,62.5426139831543,-1664.219970703125,-1648.050048828125,-1639.0,-1609.5,-1574.5,-1526.0,-1475.0,-1460.4000244140625,-1428.97998046875
8832,-1565.659912109375,37.05951690673828,32.39508056640625,25.243481318155926,-1565.6600341796875,-1575.0,62.27346420288086,-1668.1400146484375,-1649.0,-1641.0999755859375,-1611.25,-1575.0,-1526.0,-1476.800048828125,-1464.199951171875,-1436.8800048828125
8880,-1567.0399169921875,36.87887191772461,32.346717834472656,24.750960032145183,-1567.0400390625,-1575.0,62.303916931152344,-1669.1199951171875,-1649.1500244140625,-1641.0999755859375,-1613.5,-1575.0,-1527.75,-1476.800048828125,-1464.199951171875,-1443.8599853515625
8928,-1568.699951171875,36.70635986328125,32.28425979614258,24.306069056193035,-1568.699951171875,-1575.0,61.567283630371094,-1669.1199951171875,-1652.0999755859375,-1641.199951171875,-1615.0,-1575.0,-1527.75,-1482.4000244140625,-1465.0,-1443.8599853515625
8976,-1569.8399658203125,36.51689147949219,32.21044921875,23.845309575398762,-1569.8399658203125,-1575.0,61.25320053100586,-1669.239990234375,-1654.0999755859375,-1641.199951171875,-1615.0,-1575.0,-1527.75,-1491.0999755859375,-1465.0,-1443.8599853515625
9024,-1571.5,36.30328369140625,32.10982894897461,23.38838005065918,-1571.5,-1575.0,60.93447494506836,-1669.239990234375,-1654.0999755859375,-1641.699951171875,-1616.25,-1575.0,-1527.75,-1491.300048828125,-1466.9000244140625,-1443.8599853515625
9072,-1572.52001953125,36.164039611816406,32.077919006347656,22.95594024658203,-1572.52001953125,-1575.0,60.27727127075195,-1669.239990234375,-1655.050048828125,-1643.5,-1616.25,-1575.0,-1527.75,-1491.9000244140625,-1472.699951171875,-1447.780029296875
9120,-1573.93994140625,35.93345642089844,31.97250747680664,22.506189982096355,-1573.93994140625,-1575.5,60.09273147583008,-1671.280029296875,-1656.550048828125,-1648.5,-1616.75,-1575.5,-1530.5,-1491.9000244140625,-1472.699951171875,-1447.780029296875
9168,-1575.2799072265625,35.774593353271484,31.91458511352539,22.09800084431966,-1575.280029296875,-1575.5,60.28915023803711,-1683.0400390625,-1660.3499755859375,-1651.199951171875,-1616.75,-1575.5,-1531.0,-1492.800048828125,-1472.699951171875,-1447.780029296875
9216,-1576.3199462890625,35.598087310791016,31.846969604492188,21.617346445719402,-1576.3199462890625,-1579.5,60.17771530151367,-1683.0799560546875,-1660.3499755859375,-1651.300048828125,-1616.75,-1579.5,-1535.5,-1492.800048828125,-1482.199951171875,-1447.780029296875
9264,-1578.3800048828125,35.41635513305664,31.771772384643555,21.17524019877116,-1578.3800048828125,-1582.0,60.047943115234375,-1683.1600341796875,-1662.25,-1651.4000244140625,-1619.0,-1582.0,-1539.0,-1495.5,-1482.199951171875,-1447.780029296875
9312,-1579.9000244140625,35.248104095458984,31.7047176361084,20.755940755208332,-1579.9000244140625,-1582.5,60.16086959838867,-1683.1600341796875,-1667.050048828125,-1654.0999755859375,-1623.0,-1582.5,-1539.0,-1495.699951171875,-1486.0,-1447.780029296875
9360,-1581.0799560546875,35.071781158447266,31.63368797302246,20.327988306681316,-1581.0799560546875,-1584.0,60.63607406616211,-1683.4000244140625,-1667.050048828125,-1654.5999755859375,-1624.0,-1584.0,-1540.5,-1495.699951171875,-1486.300048828125,-1449.739990234375
9408,-1582.719970703125,34.91032028198242,31.5686092376709,19.900929768880207,-1582.719970703125,-1585.5,59.783790588378906,-1683.4000244140625,-1669.199951171875,-1654.5999755859375,-1627.75,-1585.5,-1542.0,-1497.0,-1486.300048828125,-1457.699951171875
9456,-1583.52001953125,34.76634216308594,31.5223445892334,19.49129803975423,-1583.52001953125,-1585.5,59.930206298828125,-1683.4000244140625,-1673.25,-1657.300048828125,-1627.75,-1585.5,-1543.0,-1497.0,-1486.300048828125,-1457.699951171875
9504,-1584.8399658203125,34.63867950439453,31.48980712890625,19.090815862019856,-1584.8399658203125,-1585.5,59.33493423461914,-1683.4000244140625,-1673.25,-1657.300048828125,-1629.25,-1585.5,-1543.0,-1506.4000244140625,-1488.5999755859375,-1457.699951171875
9552,-1586.2799072265625,34.504337310791016,31.45184898376465,18.682254791259766,-1586.280029296875,-1589.0,58.47889709472656,-1683.4000244140625,-1678.0,-1657.300048828125,-1629.25,-1589.0,-1544.5,-1507.0,-1494.5,-1457.8599853515625
9600,-1587.0399169921875,34.34261703491211,31.379512786865234,18.282745997111004,-1587.0400390625,-1589.0,58.42720413208008,-1687.3199462890625,-1678.0,-1658.199951171875,-1629.25,-1589.0,-1544.5,-1507.0,-1498.300048828125,-1457.8599853515625
9648,-1588.2799072265625,34.19859313964844,31.3322811126709,17.87414805094401,-1588.280029296875,-1592.0,58.003292083740234,-1687.3199462890625,-1678.0999755859375,-1659.0999755859375,-1630.0,-1592.0,-1544.5,-1507.0,-1498.300048828125,-1457.8599853515625
9696,-1589.760009765625,34.073753356933594,31.295475006103516,17.49696095784505,-1589.760009765625,-1592.5,58.09855270385742,-1687.3599853515625,-1680.0999755859375,-1659.699951171875,-1630.0,-1592.5,-1549.0,-1507.0,-1498.300048828125,-1457.8599853515625
9744,-1590.6400146484375,33.968318939208984,31.268842697143555,17.130626042683918,-1590.6400146484375,-1592.5,57.93730163574219,-1687.3599853515625,-1680.0999755859375,-1659.699951171875,-1630.0,-1592.5,-1550.5,-1507.0,-1498.300048828125,-1457.9000244140625
9792,-1591.9599609375,33.84197235107422,31.214675903320312,16.77056312561035,-1591.9599609375,-1595.0,57.58730697631836,-1687.3599853515625,-1682.0999755859375,-1659.699951171875,-1630.0,-1595.0,-1552.0,-1510.5999755859375,-1498.300048828125,-1467.699951171875
9840,-1593.0,33.73848342895508,31.188243865966797,16.410372734069824,-1593.0,-1596.0,58.210479736328125,-1688.3399658203125,-1684.050048828125,-1666.0999755859375,-1630.25,-1596.0,-1552.0,-1510.5999755859375,-1498.4000244140625,-1467.699951171875
9888,-1594.3800048828125,33.59938430786133,31.146072387695312,15.985454559326172,-1594.3800048828125,-1602.5,57.44662857055664,-1688.3399658203125,-1684.050048828125,-1666.0999755859375,-1633.0,-1602.5,-1552.25,-1517.0,-1498.5999755859375,-1475.5400390625
9936,-1595.47998046875,33.5373649597168,31.16494369506836,15.582193692525228,-1595.47998046875,-1602.5,57.412105560302734,-1688.3399658203125,-1684.050048828125,-1666.0999755859375,-1633.25,-1602.5,-1553.0,-1522.5999755859375,-1506.199951171875,-1475.5400390625
9984,-1596.3800048828125,33.409645080566406,31.114212036132812,15.185469627380371,-1596.3800048828125,-1603.5,57.28731155395508,-1688.3399658203125,-1684.050048828125,-1666.300048828125,-1634.0,-1603.5,-1556.5,-1524.4000244140625,-1506.199951171875,-1475.5400390625
