ConfigName: kjsd__advperagentrankweighted__M4__L24__eps0p01__g0p0005__ds1__dm1
Problem: QUBO
Kernel: jsd
Advantage: peragentrankweighted
M: 4
lambda: 24
epsilon_svgd: 0.01
gamma: 0.0005
decay_start_ratio: 1.0
decay_min_factor: 1.0
bandwith_kernel: None
no_interact: False
avg_score: -1569.719970703125
median_score: -1572.5
std_score: 72.69898223876953
percentiles: 2%=-1723.02001953125, 5%=-1689.949951171875, 10%=-1648.0999755859375, 25%=-1619.0, 50%=-1572.5, 75%=-1513.75, 90%=-1465.0, 95%=-1458.5999755859375, 98%=-1444.800048828125
ranking_best_algo: NLOPT_LN_PRAXIS
ranking_best_score: 1607.12
ranking_my_rank: 46/504 (91.1%)
ranking_my_percent: 91.07142857142857
