ConfigName: kjsd__advperagentrankweighted__M5__L10__eps0p005__g0p0007__ds0p05__dm0p2
Problem: QUBO
Kernel: jsd
Advantage: peragentrankweighted
M: 5
lambda: 10
epsilon_svgd: 0.005
gamma: 0.0007
decay_start_ratio: 0.05
decay_min_factor: 0.2
bandwith_kernel: None
no_interact: False
avg_score: -944.3400268554688
median_score: -944.5
std_score: 64.42906188964844
percentiles: 2%=-1065.1800537109375, 5%=-1054.449951171875, 10%=-1034.5999755859375, 25%=-991.25, 50%=-944.5, 75%=-895.75, 90%=-863.0, 95%=-837.75, 98%=-818.760009765625
ranking_best_algo: CMApara
ranking_best_score: 964.9
ranking_my_rank: 3/504 (99.6%)
ranking_my_percent: 99.60317460317461
