ConfigName: krbf__advnormalizedfitness__M4__L15__eps0p025__g0p015__ds0p3__dm0p01
Problem: QUBO
Kernel: rbf
Advantage: normalizedfitness
M: 4
lambda: 15
epsilon_svgd: 0.025
gamma: 0.015
decay_start_ratio: 0.3
decay_min_factor: 0.01
bandwith_kernel: None
no_interact: False
avg_score: -426.2799987792969
median_score: -423.0
std_score: 46.79830551147461
percentiles: 2%=-529.280029296875, 5%=-513.2999877929688, 10%=-486.5, 25%=-455.5, 50%=-423.0, 75%=-399.75, 90%=-368.79998779296875, 95%=-356.9000244140625, 98%=-341.4798889160156
ranking_best_algo: Tabu
ranking_best_score: 588.7199999999999
ranking_my_rank: 327/503 (35.2%)
ranking_my_percent: 35.188866799204774
