ConfigName: kjsd__advperagentrankweighted__M3__L16__eps0p01__g0p003__ds0p1__dm0p05
Problem: QUBO
Kernel: jsd
Advantage: peragentrankweighted
M: 3
lambda: 16
epsilon_svgd: 0.01
gamma: 0.003
decay_start_ratio: 0.1
decay_min_factor: 0.05
bandwith_kernel: None
no_interact: False
avg_score: -139.02000427246094
median_score: -141.0
std_score: 12.50758171081543
percentiles: 2%=-160.0, 5%=-157.0500030517578, 10%=-153.10000610351562, 25%=-148.0, 50%=-141.0, 75%=-131.0, 90%=-120.0, 95%=-116.8499984741211, 98%=-110.91999816894531
ranking_best_algo: DiscreteDE
ranking_best_score: 143.4
ranking_my_rank: 93/504 (81.7%)
ranking_my_percent: 81.74603174603175
