ConfigName: krbf__advnormalizedfitness__M2__L8__eps0p033__g0p01__ds0p15__dm0p01
Problem: QUBO
Kernel: rbf
Advantage: normalizedfitness
M: 2
lambda: 8
epsilon_svgd: 0.033
gamma: 0.01
decay_start_ratio: 0.15
decay_min_factor: 0.01
bandwith_kernel: None
no_interact: False
avg_score: -927.6400146484375
median_score: -916.5
std_score: 70.04234313964844
percentiles: 2%=-1074.0400390625, 5%=-1060.1500244140625, 10%=-1018.2000122070312, 25%=-979.0, 50%=-916.5, 75%=-879.75, 90%=-839.7000122070312, 95%=-806.9000244140625, 98%=-794.9600219726562
ranking_best_algo: CMApara
ranking_best_score: 964.9
ranking_my_rank: 21/504 (96.0%)
ranking_my_percent: 96.03174603174604
