ConfigName: krbf__advnormalizedfitness__M3__L10__eps0p03__g0p01__ds0p15__dm0p05
Problem: QUBO
Kernel: rbf
Advantage: normalizedfitness
M: 3
lambda: 10
epsilon_svgd: 0.03
gamma: 0.01
decay_start_ratio: 0.15
decay_min_factor: 0.05
bandwith_kernel: None
no_interact: False
avg_score: -1217.1600341796875
median_score: -1210.0
std_score: 75.03248596191406
percentiles: 2%=-1362.260009765625, 5%=-1332.1500244140625, 10%=-1317.0, 25%=-1274.25, 50%=-1210.0, 75%=-1156.75, 90%=-1130.5999755859375, 95%=-1094.9000244140625, 98%=-1069.6600341796875
ranking_best_algo: SVMMetaModelLogNormal
ranking_best_score: 1233.7999999999997
ranking_my_rank: 40/504 (92.3%)
ranking_my_percent: 92.26190476190476
