ConfigName: krbf__advnormalizedfitness__M3__L12__eps0p033__g0p01__ds0p15__dm0p01
Problem: NK
Kernel: rbf
Advantage: normalizedfitness
M: 3
lambda: 12
epsilon_svgd: 0.033
gamma: 0.01
decay_start_ratio: 0.15
decay_min_factor: 0.01
bandwith_kernel: None
no_interact: False
avg_score: 0.7454233765602112
median_score: 0.7423140406608582
std_score: 0.02819284237921238
percentiles: 2%=0.7021228671073914, 5%=0.7057579159736633, 10%=0.712261438369751, 25%=0.7231448888778687, 50%=0.7423140406608582, 75%=0.760263204574585, 90%=0.778337299823761, 95%=0.8045589327812195, 98%=0.8118547797203064
ranking_best_algo: CMApara
ranking_best_score: 0.7459277895312499
ranking_my_rank: 2/504 (99.8%)
ranking_my_percent: 99.8015873015873
