ConfigName: kfr__advglobalrankweighted__M4__L12__eps0p01__g0p007__ds0p01__dm0p01
Problem: QUBO
Kernel: fr
Advantage: globalrankweighted
M: 4
lambda: 12
epsilon_svgd: 0.01
gamma: 0.007
decay_start_ratio: 0.01
decay_min_factor: 0.01
bandwith_kernel: None
no_interact: False
avg_score: -199.55999755859375
median_score: -199.5
std_score: 12.499855995178223
percentiles: 2%=-224.0, 5%=-222.0, 10%=-217.0, 25%=-208.0, 50%=-199.5, 75%=-188.0, 90%=-183.0, 95%=-181.95001220703125, 98%=-177.9399871826172
ranking_best_algo: Tabu
ranking_best_score: 208.36000000000004
ranking_my_rank: 68/504 (86.7%)
ranking_my_percent: 86.7063492063492
