ConfigName: kjsd__advperagentrankweighted__M3__L18__eps0p005__g0p0007__ds0p05__dm0p1
Problem: NK
Kernel: jsd
Advantage: peragentrankweighted
M: 3
lambda: 18
epsilon_svgd: 0.005
gamma: 0.0007
decay_start_ratio: 0.05
decay_min_factor: 0.1
bandwith_kernel: None
no_interact: False
avg_score: 0.7195098996162415
median_score: 0.7188977003097534
std_score: 0.00842952262610197
percentiles: 2%=0.706109344959259, 5%=0.7072875499725342, 10%=0.7085436582565308, 25%=0.7136298418045044, 50%=0.7188977003097534, 75%=0.7242981195449829, 90%=0.7306985855102539, 95%=0.7350166440010071, 98%=0.7379968762397766
ranking_best_algo: PBIL
ranking_best_score: 0.7170882103515624
ranking_my_rank: 1/504 (100.0%)
ranking_my_percent: 100.0
