ConfigName: krbf__advnormalizedfitness__M4__L24__eps0p03__g0p005__ds0p05__dm0p05
Problem: QUBO
Kernel: rbf
Advantage: normalizedfitness
M: 4
lambda: 24
epsilon_svgd: 0.03
gamma: 0.005
decay_start_ratio: 0.05
decay_min_factor: 0.05
bandwith_kernel: None
no_interact: False
avg_score: -2361.639892578125
median_score: -2349.0
std_score: 180.61648559570312
percentiles: 2%=-2750.6201171875, 5%=-2661.89990234375, 10%=-2622.5, 25%=-2483.5, 50%=-2349.0, 75%=-2224.75, 90%=-2126.89990234375, 95%=-2084.60009765625, 98%=-2058.860107421875
ranking_best_algo: DiscreteLengler2OnePlusOne
ranking_best_score: 2617.04
ranking_my_rank: 145/504 (71.4%)
ranking_my_percent: 71.42857142857143
