ConfigName: krbf__advnormalizedfitness__M4__L12__eps0p025__g0p01__ds0p3__dm0p3
Problem: NK
Kernel: rbf
Advantage: normalizedfitness
M: 4
lambda: 12
epsilon_svgd: 0.025
gamma: 0.01
decay_start_ratio: 0.3
decay_min_factor: 0.3
bandwith_kernel: None
no_interact: False
avg_score: 0.6498003602027893
median_score: 0.6477866172790527
std_score: 0.011224668473005295
percentiles: 2%=0.6325627565383911, 5%=0.63457190990448, 10%=0.6362313032150269, 25%=0.6418900489807129, 50%=0.6477866172790527, 75%=0.6559397578239441, 90%=0.6641705632209778, 95%=0.6696708798408508, 98%=0.6799977421760559
ranking_best_algo: Tabu
ranking_best_score: 0.7601875690625
ranking_my_rank: 385/504 (23.8%)
ranking_my_percent: 23.80952380952381
