ConfigName: kjsd__advperagentrankweighted__M4__L30__eps0p01__g0p0005__ds0p4__dm0p05
Problem: NK
Kernel: jsd
Advantage: peragentrankweighted
M: 4
lambda: 30
epsilon_svgd: 0.01
gamma: 0.0005
decay_start_ratio: 0.4
decay_min_factor: 0.05
bandwith_kernel: None
no_interact: False
avg_score: 0.7075054049491882
median_score: 0.7087736129760742
std_score: 0.01183709129691124
percentiles: 2%=0.6884173154830933, 5%=0.6898791790008545, 10%=0.6920693516731262, 25%=0.6960728764533997, 50%=0.7087736129760742, 75%=0.71751469373703, 90%=0.7219656705856323, 95%=0.7231503129005432, 98%=0.7252168655395508
ranking_best_algo: PBIL
ranking_best_score: 0.7013553837109374
ranking_my_rank: 1/504 (100.0%)
ranking_my_percent: 100.0
