ConfigName: kjsd__advperagentrankweighted__M4__L10__eps0p005__g0p0005__ds0p2__dm0p05
Problem: QUBO
Kernel: jsd
Advantage: peragentrankweighted
M: 4
lambda: 10
epsilon_svgd: 0.005
gamma: 0.0005
decay_start_ratio: 0.2
decay_min_factor: 0.05
bandwith_kernel: None
no_interact: False
avg_score: -2646.739990234375
median_score: -2657.0
std_score: 111.86408996582031
percentiles: 2%=-2859.320068359375, 5%=-2838.14990234375, 10%=-2785.199951171875, 25%=-2727.5, 50%=-2657.0, 75%=-2574.25, 90%=-2487.60009765625, 95%=-2467.85009765625, 98%=-2426.699951171875
ranking_best_algo: DiscreteLengler2OnePlusOne
ranking_best_score: 2617.04
ranking_my_rank: 1/504 (100.0%)
ranking_my_percent: 100.0
