ConfigName: kjsd__advperagentrankweighted__M3__L18__eps0p01__g0p0007__ds0p2__dm0p05
Problem: QUBO
Kernel: jsd
Advantage: peragentrankweighted
M: 3
lambda: 18
epsilon_svgd: 0.01
gamma: 0.0007
decay_start_ratio: 0.2
decay_min_factor: 0.05
bandwith_kernel: None
no_interact: False
avg_score: -1253.5999755859375
median_score: -1247.5
std_score: 58.27743911743164
percentiles: 2%=-1359.300048828125, 5%=-1354.0, 10%=-1333.4000244140625, 25%=-1292.75, 50%=-1247.5, 75%=-1206.5, 90%=-1185.0, 95%=-1173.9000244140625, 98%=-1159.9000244140625
ranking_best_algo: SVMMetaModelLogNormal
ranking_best_score: 1233.7999999999997
ranking_my_rank: 1/504 (100.0%)
ranking_my_percent: 100.0
