ConfigName: kjsd__advperagentrankweighted__M3__L16__eps0p01__g0p0007__ds0p05__dm0p1
Problem: NK
Kernel: jsd
Advantage: peragentrankweighted
M: 3
lambda: 16
epsilon_svgd: 0.01
gamma: 0.0007
decay_start_ratio: 0.05
decay_min_factor: 0.1
bandwith_kernel: None
no_interact: False
avg_score: 0.7059663534164429
median_score: 0.7072336673736572
std_score: 0.011665476486086845
percentiles: 2%=0.6873327493667603, 5%=0.6881452798843384, 10%=0.6905187368392944, 25%=0.695033073425293, 50%=0.7072336673736572, 75%=0.7167795300483704, 90%=0.7191604375839233, 95%=0.7213960289955139, 98%=0.7220930457115173
ranking_best_algo: PBIL
ranking_best_score: 0.7013553837109374
ranking_my_rank: 1/504 (100.0%)
ranking_my_percent: 100.0
