ConfigName: kjsd__advperagentrankweighted__M4__L30__eps0p005__g0p0005__ds0p4__dm0p05
Problem: QUBO
Kernel: jsd
Advantage: peragentrankweighted
M: 4
lambda: 30
epsilon_svgd: 0.005
gamma: 0.0005
decay_start_ratio: 0.4
decay_min_factor: 0.05
bandwith_kernel: None
no_interact: False
avg_score: -2539.219970703125
median_score: -2531.5
std_score: 150.7220916748047
percentiles: 2%=-2805.320068359375, 5%=-2790.14990234375, 10%=-2734.10009765625, 25%=-2662.0, 50%=-2531.5, 75%=-2454.0, 90%=-2329.60009765625, 95%=-2273.050048828125, 98%=-2209.919921875
ranking_best_algo: DiscreteLengler2OnePlusOne
ranking_best_score: 2617.04
ranking_my_rank: 56/504 (89.1%)
ranking_my_percent: 89.08730158730158
