ConfigName: krbf__advnormalizedfitness__M3__L15__eps0p015__g0p005__ds0p3__dm0p01
Problem: QUBO
Kernel: rbf
Advantage: normalizedfitness
M: 3
lambda: 15
epsilon_svgd: 0.015
gamma: 0.005
decay_start_ratio: 0.3
decay_min_factor: 0.01
bandwith_kernel: None
no_interact: False
avg_score: -332.9800109863281
median_score: -339.0
std_score: 20.425464630126953
percentiles: 2%=-372.0, 5%=-357.20001220703125, 10%=-354.0, 25%=-349.0, 50%=-339.0, 75%=-323.5, 90%=-301.6000061035156, 95%=-292.0, 98%=-287.9599914550781
ranking_best_algo: CMApara
ranking_best_score: 344.22
ranking_my_rank: 69/504 (86.5%)
ranking_my_percent: 86.5079365079365
