ConfigName: kjsd__advperagentrankweighted__M3__L24__eps0p005__g0p001__ds0p2__dm0p2
Problem: NK
Kernel: jsd
Advantage: peragentrankweighted
M: 3
lambda: 24
epsilon_svgd: 0.005
gamma: 0.001
decay_start_ratio: 0.2
decay_min_factor: 0.2
bandwith_kernel: None
no_interact: False
avg_score: 0.741982102394104
median_score: 0.7437260150909424
std_score: 0.013696600683033466
percentiles: 2%=0.7136236429214478, 5%=0.7214503288269043, 10%=0.7254428267478943, 25%=0.730505108833313, 50%=0.7437260150909424, 75%=0.752052903175354, 90%=0.7586314678192139, 95%=0.7631050944328308, 98%=0.7678187489509583
ranking_best_algo: Tabu
ranking_best_score: 0.7601875690625
ranking_my_rank: 12/504 (97.8%)
ranking_my_percent: 97.81746031746032
