ConfigName: kjsd__advperagentrankweighted__M3__L18__eps0p005__g0p001__ds0p2__dm0p2
Problem: QUBO
Kernel: jsd
Advantage: peragentrankweighted
M: 3
lambda: 18
epsilon_svgd: 0.005
gamma: 0.001
decay_start_ratio: 0.2
decay_min_factor: 0.2
bandwith_kernel: None
no_interact: False
avg_score: -429.260009765625
median_score: -429.5
std_score: 29.753190994262695
percentiles: 2%=-485.0799865722656, 5%=-475.1000061035156, 10%=-469.3999938964844, 25%=-452.5, 50%=-429.5, 75%=-411.0, 90%=-391.0, 95%=-385.20001220703125, 98%=-363.9599914550781
ranking_best_algo: CMAL3
ranking_best_score: 435.36
ranking_my_rank: 11/504 (98.0%)
ranking_my_percent: 98.01587301587301
