ConfigName: krbf__advnormalizedfitness__M4__L12__eps0p015__g0p007__ds0p15__dm0p3
Problem: QUBO
Kernel: rbf
Advantage: normalizedfitness
M: 4
lambda: 12
epsilon_svgd: 0.015
gamma: 0.007
decay_start_ratio: 0.15
decay_min_factor: 0.3
bandwith_kernel: None
no_interact: False
avg_score: -712.8200073242188
median_score: -710.0
std_score: 72.51914978027344
percentiles: 2%=-861.3599853515625, 5%=-849.2000122070312, 10%=-824.2999877929688, 25%=-757.0, 50%=-710.0, 75%=-666.5, 90%=-625.0, 95%=-598.0, 98%=-585.8800048828125
ranking_best_algo: CMAL3
ranking_best_score: 928.5800000000002
ranking_my_rank: 330/504 (34.7%)
ranking_my_percent: 34.72222222222222
