ConfigName: krbf__advnormalizedfitness__M4__L15__eps0p033__g0p01__ds0p15__dm0p01
Problem: QUBO
Kernel: rbf
Advantage: normalizedfitness
M: 4
lambda: 15
epsilon_svgd: 0.033
gamma: 0.01
decay_start_ratio: 0.15
decay_min_factor: 0.01
bandwith_kernel: None
no_interact: False
avg_score: -201.16000366210938
median_score: -203.0
std_score: 13.18083381652832
percentiles: 2%=-224.0, 5%=-222.0, 10%=-218.10000610351562, 25%=-211.0, 50%=-203.0, 75%=-190.75, 90%=-184.89999389648438, 95%=-181.95001220703125, 98%=-171.0
ranking_best_algo: Tabu
ranking_best_score: 208.36000000000004
ranking_my_rank: 41/504 (92.1%)
ranking_my_percent: 92.06349206349206
