ConfigName: kjsd__advperagentrankweighted__M4__L12__eps0p005__g0p0005__ds0p1__dm0p2
Problem: QUBO
Kernel: jsd
Advantage: peragentrankweighted
M: 4
lambda: 12
epsilon_svgd: 0.005
gamma: 0.0005
decay_start_ratio: 0.1
decay_min_factor: 0.2
bandwith_kernel: None
no_interact: False
avg_score: -2586.360107421875
median_score: -2577.5
std_score: 112.84586334228516
percentiles: 2%=-2819.10009765625, 5%=-2803.10009765625, 10%=-2732.60009765625, 25%=-2662.5, 50%=-2577.5, 75%=-2498.75, 90%=-2458.39990234375, 95%=-2420.14990234375, 98%=-2393.919921875
ranking_best_algo: SVM1MetaModelLogNormal
ranking_best_score: 2605.14
ranking_my_rank: 12/504 (97.8%)
ranking_my_percent: 97.81746031746032
