ConfigName: kjsd__advperagentrankweighted__M5__L24__eps0p02__g0p0007__ds0p05__dm0p05
Problem: NK
Kernel: jsd
Advantage: peragentrankweighted
M: 5
lambda: 24
epsilon_svgd: 0.02
gamma: 0.0007
decay_start_ratio: 0.05
decay_min_factor: 0.05
bandwith_kernel: None
no_interact: False
avg_score: 0.7440504431724548
median_score: 0.741093635559082
std_score: 0.02857518196105957
percentiles: 2%=0.6966224908828735, 5%=0.7047132253646851, 10%=0.71151202917099, 25%=0.7230637073516846, 50%=0.741093635559082, 75%=0.7587343454360962, 90%=0.7764315605163574, 95%=0.8044298887252808, 98%=0.8118547797203064
ranking_best_algo: CMApara
ranking_best_score: 0.7459277895312499
ranking_my_rank: 6/504 (99.0%)
ranking_my_percent: 99.0079365079365
