ConfigName: krbf__advnormalizedfitness__M1__L8__eps0p015__g0p015__ds0p15__dm0p3
Problem: QUBO
Kernel: rbf
Advantage: normalizedfitness
M: 1
lambda: 8
epsilon_svgd: 0.015
gamma: 0.015
decay_start_ratio: 0.15
decay_min_factor: 0.3
bandwith_kernel: None
no_interact: False
avg_score: -414.79998779296875
median_score: -416.5
std_score: 32.354286193847656
percentiles: 2%=-477.0, 5%=-469.1000061035156, 10%=-453.29998779296875, 25%=-436.25, 50%=-416.5, 75%=-395.75, 90%=-377.70001220703125, 95%=-361.70001220703125, 98%=-349.3998718261719
ranking_best_algo: CMAL3
ranking_best_score: 435.36
ranking_my_rank: 109/504 (78.6%)
ranking_my_percent: 78.57142857142857
