ConfigName: kfr__advglobalrankweighted__M4__L15__eps0p015__g0p003__ds0p01__dm0p01
Problem: QUBO
Kernel: fr
Advantage: globalrankweighted
M: 4
lambda: 15
epsilon_svgd: 0.015
gamma: 0.003
decay_start_ratio: 0.01
decay_min_factor: 0.01
bandwith_kernel: None
no_interact: False
avg_score: -139.16000366210938
median_score: -141.0
std_score: 11.686505317687988
percentiles: 2%=-158.0399932861328, 5%=-157.0500030517578, 10%=-155.0, 25%=-147.5, 50%=-141.0, 75%=-130.0, 90%=-123.0, 95%=-119.95000457763672, 98%=-116.87997436523438
ranking_best_algo: DiscreteDE
ranking_best_score: 143.4
ranking_my_rank: 86/504 (83.1%)
ranking_my_percent: 83.13492063492063
