ConfigName: krbf__advnormalizedfitness__M3__L8__eps0p015__g0p005__ds0p3__dm0p3
Problem: NK
Kernel: rbf
Advantage: normalizedfitness
M: 3
lambda: 8
epsilon_svgd: 0.015
gamma: 0.005
decay_start_ratio: 0.3
decay_min_factor: 0.3
bandwith_kernel: None
no_interact: False
avg_score: 0.7069078683853149
median_score: 0.7095461487770081
std_score: 0.011884909123182297
percentiles: 2%=0.6867624521255493, 5%=0.6881350874900818, 10%=0.6908413767814636, 25%=0.6954687833786011, 50%=0.7095461487770081, 75%=0.7170472145080566, 90%=0.7213141322135925, 95%=0.7226182818412781, 98%=0.724090039730072
ranking_best_algo: PBIL
ranking_best_score: 0.7013553837109374
ranking_my_rank: 1/504 (100.0%)
ranking_my_percent: 100.0
