ConfigName: krbf__advnormalizedfitness__M4__L12__eps0p015__g0p007__ds0p15__dm0p01
Problem: QUBO
Kernel: rbf
Advantage: normalizedfitness
M: 4
lambda: 12
epsilon_svgd: 0.015
gamma: 0.007
decay_start_ratio: 0.15
decay_min_factor: 0.01
bandwith_kernel: None
no_interact: False
avg_score: -150.82000732421875
median_score: -150.0
std_score: 12.611407279968262
percentiles: 2%=-179.0, 5%=-179.0, 10%=-165.49998474121094, 25%=-155.25, 50%=-150.0, 75%=-141.0, 90%=-136.89999389648438, 95%=-135.0, 98%=-132.95999145507812
ranking_best_algo: CMApara
ranking_best_score: 154.28
ranking_my_rank: 75/504 (85.3%)
ranking_my_percent: 85.31746031746032
