ConfigName: kjsd__advperagentrankweighted__M5__L28__eps0p005__g0p0005__ds0p3__dm0p05
Problem: QUBO
Kernel: jsd
Advantage: peragentrankweighted
M: 5
lambda: 28
epsilon_svgd: 0.005
gamma: 0.0005
decay_start_ratio: 0.3
decay_min_factor: 0.05
bandwith_kernel: None
no_interact: False
avg_score: -2468.219970703125
median_score: -2478.5
std_score: 168.45852661132812
percentiles: 2%=-2825.080078125, 5%=-2757.25, 10%=-2681.199951171875, 25%=-2589.0, 50%=-2478.5, 75%=-2339.0, 90%=-2234.0, 95%=-2206.949951171875, 98%=-2186.60009765625
ranking_best_algo: DiscreteLengler2OnePlusOne
ranking_best_score: 2617.04
ranking_my_rank: 84/504 (83.5%)
ranking_my_percent: 83.53174603174604
