ConfigName: kjsd__advperagentrankweighted__M10__L10__eps0p005__g0p0005__ds0p3__dm0p05
Problem: QUBO
Kernel: jsd
Advantage: peragentrankweighted
M: 10
lambda: 10
epsilon_svgd: 0.005
gamma: 0.0005
decay_start_ratio: 0.3
decay_min_factor: 0.05
bandwith_kernel: None
no_interact: False
avg_score: -433.1199951171875
median_score: -433.5
std_score: 27.787508010864258
percentiles: 2%=-487.05999755859375, 5%=-478.1499938964844, 10%=-468.1000061035156, 25%=-453.0, 50%=-433.5, 75%=-420.0, 90%=-393.70001220703125, 95%=-380.8999938964844, 98%=-377.8800048828125
ranking_best_algo: CMApara
ranking_best_score: 453.82
ranking_my_rank: 44/504 (91.5%)
ranking_my_percent: 91.46825396825396
