ConfigName: kjsd__advperagentrankweighted__M4__L10__eps0p01__g0p0007__ds0p4__dm0p05
Problem: NK
Kernel: jsd
Advantage: peragentrankweighted
M: 4
lambda: 10
epsilon_svgd: 0.01
gamma: 0.0007
decay_start_ratio: 0.4
decay_min_factor: 0.05
bandwith_kernel: None
no_interact: False
avg_score: 0.7530397772789001
median_score: 0.7514193654060364
std_score: 0.011627229861915112
percentiles: 2%=0.7351711392402649, 5%=0.7385841608047485, 10%=0.7396224141120911, 25%=0.7439619302749634, 50%=0.7514193654060364, 75%=0.7618107199668884, 90%=0.7680941820144653, 95%=0.7713831663131714, 98%=0.7821769118309021
ranking_best_algo: Tabu
ranking_best_score: 0.7470791764843752
ranking_my_rank: 1/504 (100.0%)
ranking_my_percent: 100.0
