ConfigName: kfr__advglobalrankweighted__M2__L11__eps0p02__g0p005__ds0p01__dm0p01
Problem: QUBO
Kernel: fr
Advantage: globalrankweighted
M: 2
lambda: 11
epsilon_svgd: 0.02
gamma: 0.005
decay_start_ratio: 0.01
decay_min_factor: 0.01
bandwith_kernel: None
no_interact: False
avg_score: -2620.820068359375
median_score: -2617.5
std_score: 129.1721649169922
percentiles: 2%=-2878.659912109375, 5%=-2826.050048828125, 10%=-2782.60009765625, 25%=-2704.0, 50%=-2617.5, 75%=-2530.75, 90%=-2459.699951171875, 95%=-2418.650146484375, 98%=-2362.93994140625
ranking_best_algo: DiscreteLengler2OnePlusOne
ranking_best_score: 2617.04
ranking_my_rank: 1/504 (100.0%)
ranking_my_percent: 100.0
