ConfigName: kjsd__advperagentrankweighted__M3__L16__eps0p005__g0p003__ds0p1__dm0p1
Problem: QUBO
Kernel: jsd
Advantage: peragentrankweighted
M: 3
lambda: 16
epsilon_svgd: 0.005
gamma: 0.003
decay_start_ratio: 0.1
decay_min_factor: 0.1
bandwith_kernel: None
no_interact: False
avg_score: -428.3599853515625
median_score: -430.0
std_score: 28.955663681030273
percentiles: 2%=-472.05999755859375, 5%=-469.04998779296875, 10%=-465.0, 25%=-452.0, 50%=-430.0, 75%=-404.5, 90%=-387.8999938964844, 95%=-384.0, 98%=-371.8599853515625
ranking_best_algo: CMApara
ranking_best_score: 453.82
ranking_my_rank: 100/504 (80.4%)
ranking_my_percent: 80.35714285714286
