ConfigName: krbf__advnormalizedfitness__M3__L8__eps0p025__g0p01__ds0p01__dm0p3
Problem: QUBO
Kernel: rbf
Advantage: normalizedfitness
M: 3
lambda: 8
epsilon_svgd: 0.025
gamma: 0.01
decay_start_ratio: 0.01
decay_min_factor: 0.3
bandwith_kernel: None
no_interact: False
avg_score: -2522.89990234375
median_score: -2534.0
std_score: 149.59222412109375
percentiles: 2%=-2773.760009765625, 5%=-2762.10009765625, 10%=-2736.199951171875, 25%=-2612.25, 50%=-2534.0, 75%=-2398.75, 90%=-2327.699951171875, 95%=-2297.800048828125, 98%=-2267.27978515625
ranking_best_algo: DiscreteLengler2OnePlusOne
ranking_best_score: 2617.04
ranking_my_rank: 61/504 (88.1%)
ranking_my_percent: 88.0952380952381
