ConfigName: kjsd__advperagentrankweighted__M5__L8__eps0p005__g0p0005__ds0p2__dm0p05
Problem: NK
Kernel: jsd
Advantage: peragentrankweighted
M: 5
lambda: 8
epsilon_svgd: 0.005
gamma: 0.0005
decay_start_ratio: 0.2
decay_min_factor: 0.05
bandwith_kernel: None
no_interact: False
avg_score: 0.7405518889427185
median_score: 0.738761305809021
std_score: 0.013860921375453472
percentiles: 2%=0.7161419987678528, 5%=0.7191236019134521, 10%=0.7256379127502441, 25%=0.7302951812744141, 50%=0.738761305809021, 75%=0.7488334774971008, 90%=0.7597619295120239, 95%=0.7651728987693787, 98%=0.7693788409233093
ranking_best_algo: Tabu
ranking_best_score: 0.7601875690625
ranking_my_rank: 12/504 (97.8%)
ranking_my_percent: 97.81746031746032
