ConfigName: kjsd__advperagentrankweighted__M3__L18__eps0p005__g0p0005__ds0p2__dm0p05
Problem: QUBO
Kernel: jsd
Advantage: peragentrankweighted
M: 3
lambda: 18
epsilon_svgd: 0.005
gamma: 0.0005
decay_start_ratio: 0.2
decay_min_factor: 0.05
bandwith_kernel: None
no_interact: False
avg_score: -442.1600036621094
median_score: -446.5
std_score: 26.97803497314453
percentiles: 2%=-492.0400085449219, 5%=-483.29998779296875, 10%=-472.0, 25%=-461.0, 50%=-446.5, 75%=-420.75, 90%=-404.70001220703125, 95%=-394.0, 98%=-391.9599914550781
ranking_best_algo: CMApara
ranking_best_score: 453.82
ranking_my_rank: 9/504 (98.4%)
ranking_my_percent: 98.41269841269842
