ConfigName: kjsd__advperagentrankweighted__M4__L24__eps0p02__g0p0007__ds0p2__dm0p05
Problem: NK
Kernel: jsd
Advantage: peragentrankweighted
M: 4
lambda: 24
epsilon_svgd: 0.02
gamma: 0.0007
decay_start_ratio: 0.2
decay_min_factor: 0.05
bandwith_kernel: None
no_interact: False
avg_score: 0.7345166206359863
median_score: 0.7343937158584595
std_score: 0.009081083349883556
percentiles: 2%=0.7145508527755737, 5%=0.7182266712188721, 10%=0.7220823764801025, 25%=0.7285144329071045, 50%=0.7343937158584595, 75%=0.7418093681335449, 90%=0.7465464472770691, 95%=0.7478746771812439, 98%=0.7484426498413086
ranking_best_algo: PBIL
ranking_best_score: 0.7248786399609374
ranking_my_rank: 1/504 (100.0%)
ranking_my_percent: 100.0
