ConfigName: krbf__advglobalrankweighted__M4__L9__eps0p01__g0p007__ds0p01__dm0p01
Problem: QUBO
Kernel: rbf
Advantage: globalrankweighted
M: 4
lambda: 9
epsilon_svgd: 0.01
gamma: 0.007
decay_start_ratio: 0.01
decay_min_factor: 0.01
bandwith_kernel: None
no_interact: False
avg_score: -2956.43994140625
median_score: -2986.5
std_score: 212.42478942871094
percentiles: 2%=-3340.340087890625, 5%=-3290.5, 10%=-3214.300048828125, 25%=-3109.25, 50%=-2986.5, 75%=-2793.0, 90%=-2655.60009765625, 95%=-2596.699951171875, 98%=-2581.619873046875
ranking_best_algo: RLSOnePlusOne
ranking_best_score: 3316.5199999999995
ranking_my_rank: 136/504 (73.2%)
ranking_my_percent: 73.21428571428571
