ConfigName: krbf__advnormalizedfitness__M3__L15__eps0p025__g0p005__ds0p3__dm0p01
Problem: NK
Kernel: rbf
Advantage: normalizedfitness
M: 3
lambda: 15
epsilon_svgd: 0.025
gamma: 0.005
decay_start_ratio: 0.3
decay_min_factor: 0.01
bandwith_kernel: None
no_interact: False
avg_score: 0.7347676753997803
median_score: 0.7355629205703735
std_score: 0.008689112961292267
percentiles: 2%=0.7150964736938477, 5%=0.7182396650314331, 10%=0.7225444316864014, 25%=0.7295227646827698, 50%=0.7355629205703735, 75%=0.7412717938423157, 90%=0.7448331117630005, 95%=0.746404767036438, 98%=0.7474997639656067
ranking_best_algo: PBIL
ranking_best_score: 0.7248786399609374
ranking_my_rank: 1/504 (100.0%)
ranking_my_percent: 100.0
