ConfigName: kjsd__advperagentrankweighted__M3__L30__eps0p007__g0p0005__ds0p1__dm0p1
Problem: NK
Kernel: jsd
Advantage: peragentrankweighted
M: 3
lambda: 30
epsilon_svgd: 0.007
gamma: 0.0005
decay_start_ratio: 0.1
decay_min_factor: 0.1
bandwith_kernel: None
no_interact: False
avg_score: 0.7391469478607178
median_score: 0.7383599281311035
std_score: 0.014965229667723179
percentiles: 2%=0.7135099768638611, 5%=0.715794563293457, 10%=0.7211711406707764, 25%=0.7293602228164673, 50%=0.7383599281311035, 75%=0.7502156496047974, 90%=0.7611769437789917, 95%=0.7657933831214905, 98%=0.7676249146461487
ranking_best_algo: Tabu
ranking_best_score: 0.7601875690625
ranking_my_rank: 16/504 (97.0%)
ranking_my_percent: 97.02380952380952
