ConfigName: kjsd__advperagentrankweighted__M3__L20__eps0p01__g0p0005__ds0p1__dm0p05
Problem: NK
Kernel: jsd
Advantage: peragentrankweighted
M: 3
lambda: 20
epsilon_svgd: 0.01
gamma: 0.0005
decay_start_ratio: 0.1
decay_min_factor: 0.05
bandwith_kernel: None
no_interact: False
avg_score: 0.7448992133140564
median_score: 0.7440292239189148
std_score: 0.009526335634291172
percentiles: 2%=0.7273881435394287, 5%=0.7306941747665405, 10%=0.7329984903335571, 25%=0.7379555106163025, 50%=0.7440292239189148, 75%=0.7514982223510742, 90%=0.7574046850204468, 95%=0.7602355480194092, 98%=0.7634819746017456
ranking_best_algo: PBIL
ranking_best_score: 0.733570253046875
ranking_my_rank: 1/504 (100.0%)
ranking_my_percent: 100.0
