ConfigName: krbf__advnormalizedfitness__M2__L8__eps0p025__g0p01__ds0p3__dm0p01
Problem: NK
Kernel: rbf
Advantage: normalizedfitness
M: 2
lambda: 8
epsilon_svgd: 0.025
gamma: 0.01
decay_start_ratio: 0.3
decay_min_factor: 0.01
bandwith_kernel: None
no_interact: False
avg_score: 0.7490507364273071
median_score: 0.7482401728630066
std_score: 0.009362958371639252
percentiles: 2%=0.7333380579948425, 5%=0.7357897758483887, 10%=0.7374230027198792, 25%=0.7422599792480469, 50%=0.7482401728630066, 75%=0.7574005126953125, 90%=0.7603916525840759, 95%=0.7629654407501221, 98%=0.7659194469451904
ranking_best_algo: PBIL
ranking_best_score: 0.733570253046875
ranking_my_rank: 1/504 (100.0%)
ranking_my_percent: 100.0
