ConfigName: krbf__advnormalizedfitness__M3__L8__eps0p025__g0p01__ds0p01__dm0p01
Problem: QUBO
Kernel: rbf
Advantage: normalizedfitness
M: 3
lambda: 8
epsilon_svgd: 0.025
gamma: 0.01
decay_start_ratio: 0.01
decay_min_factor: 0.01
bandwith_kernel: None
no_interact: False
avg_score: -1186.219970703125
median_score: -1180.0
std_score: 56.27442932128906
percentiles: 2%=-1355.239990234375, 5%=-1277.5999755859375, 10%=-1252.0, 25%=-1217.5, 50%=-1180.0, 75%=-1142.25, 90%=-1121.4000244140625, 95%=-1109.800048828125, 98%=-1095.919921875
ranking_best_algo: Tabu
ranking_best_score: 1216.16
ranking_my_rank: 64/504 (87.5%)
ranking_my_percent: 87.5
