ConfigName: kjsd__advperagentrankweighted__M10__L10__eps0p008__g0p0005__ds0p3__dm0p05
Problem: NK
Kernel: jsd
Advantage: peragentrankweighted
M: 10
lambda: 10
epsilon_svgd: 0.008
gamma: 0.0005
decay_start_ratio: 0.3
decay_min_factor: 0.05
bandwith_kernel: None
no_interact: False
avg_score: 0.6966499090194702
median_score: 0.6935746073722839
std_score: 0.014397745952010155
percentiles: 2%=0.6733286380767822, 5%=0.6768720149993896, 10%=0.6797621250152588, 25%=0.6870734691619873, 50%=0.6935746073722839, 75%=0.7063858509063721, 90%=0.7162306308746338, 95%=0.7201949954032898, 98%=0.7284495830535889
ranking_best_algo: Tabu
ranking_best_score: 0.7429702712499999
ranking_my_rank: 222/504 (56.2%)
ranking_my_percent: 56.15079365079365
