ConfigName: kfr__advglobalrankweighted__M4__L13__eps0p03__g0p001__ds0p01__dm0p01
Problem: QUBO
Kernel: fr
Advantage: globalrankweighted
M: 4
lambda: 13
epsilon_svgd: 0.03
gamma: 0.001
decay_start_ratio: 0.01
decay_min_factor: 0.01
bandwith_kernel: None
no_interact: False
avg_score: -2517.080078125
median_score: -2514.5
std_score: 149.49887084960938
percentiles: 2%=-2816.10009765625, 5%=-2789.64990234375, 10%=-2727.800048828125, 25%=-2604.75, 50%=-2514.5, 75%=-2419.75, 90%=-2344.89990234375, 95%=-2291.64990234375, 98%=-2246.080078125
ranking_best_algo: DiscreteLengler2OnePlusOne
ranking_best_score: 2617.04
ranking_my_rank: 64/504 (87.5%)
ranking_my_percent: 87.5
