ConfigName: krbf__advnormalizedfitness__M3__L12__eps0p025__g0p01__ds0p15__dm0p3
Problem: NK
Kernel: rbf
Advantage: normalizedfitness
M: 3
lambda: 12
epsilon_svgd: 0.025
gamma: 0.01
decay_start_ratio: 0.15
decay_min_factor: 0.3
bandwith_kernel: None
no_interact: False
avg_score: 0.7447060942649841
median_score: 0.7421905994415283
std_score: 0.0278614554554224
percentiles: 2%=0.7051624059677124, 5%=0.7073153853416443, 10%=0.7105557918548584, 25%=0.724538266658783, 50%=0.7421905994415283, 75%=0.7601335048675537, 90%=0.7760618329048157, 95%=0.8044298887252808, 98%=0.8104035258293152
ranking_best_algo: CMApara
ranking_best_score: 0.7459277895312499
ranking_my_rank: 3/504 (99.6%)
ranking_my_percent: 99.60317460317461
