ConfigName: krbf__advnormalizedfitness__M4__L12__eps0p025__g0p007__ds0p15__dm0p3
Problem: QUBO
Kernel: rbf
Advantage: normalizedfitness
M: 4
lambda: 12
epsilon_svgd: 0.025
gamma: 0.007
decay_start_ratio: 0.15
decay_min_factor: 0.3
bandwith_kernel: None
no_interact: False
avg_score: -1099.8599853515625
median_score: -1097.0
std_score: 87.7685546875
percentiles: 2%=-1333.0400390625, 5%=-1253.5999755859375, 10%=-1200.199951171875, 25%=-1153.0, 50%=-1097.0, 75%=-1038.5, 90%=-989.9000244140625, 95%=-969.6500244140625, 98%=-954.8199462890625
ranking_best_algo: Tabu
ranking_best_score: 1216.16
ranking_my_rank: 190/504 (62.5%)
ranking_my_percent: 62.5
