ConfigName: kfr__advglobalrankweighted__M6__L11__eps0p02__g0p005__ds0p01__dm0p01
Problem: QUBO
Kernel: fr
Advantage: globalrankweighted
M: 6
lambda: 11
epsilon_svgd: 0.02
gamma: 0.005
decay_start_ratio: 0.01
decay_min_factor: 0.01
bandwith_kernel: None
no_interact: False
avg_score: -149.44000244140625
median_score: -148.0
std_score: 11.742504119873047
percentiles: 2%=-179.0, 5%=-177.10000610351562, 10%=-164.0, 25%=-155.25, 50%=-148.0, 75%=-140.75, 90%=-135.0, 95%=-134.0, 98%=-132.95999145507812
ranking_best_algo: CMApara
ranking_best_score: 154.28
ranking_my_rank: 77/504 (84.9%)
ranking_my_percent: 84.92063492063492
