ConfigName: kjsd__advperagentrankweighted__M5__L8__eps0p03__g0p0005__ds0p2__dm0p05
Problem: NK
Kernel: jsd
Advantage: peragentrankweighted
M: 5
lambda: 8
epsilon_svgd: 0.03
gamma: 0.0005
decay_start_ratio: 0.2
decay_min_factor: 0.05
bandwith_kernel: None
no_interact: False
avg_score: 0.7066081762313843
median_score: 0.7075940370559692
std_score: 0.015649881213903427
percentiles: 2%=0.6661272048950195, 5%=0.669459342956543, 10%=0.6913796067237854, 25%=0.702997088432312, 50%=0.7075940370559692, 75%=0.7144389152526855, 90%=0.7235299348831177, 95%=0.7312369346618652, 98%=0.7329908013343811
ranking_best_algo: CMApara
ranking_best_score: 0.707475975
ranking_my_rank: 2/504 (99.8%)
ranking_my_percent: 99.8015873015873
