ConfigName: krbf__advnormalizedfitness__M4__L10__eps0p025__g0p015__ds0p15__dm0p3
Problem: QUBO
Kernel: rbf
Advantage: normalizedfitness
M: 4
lambda: 10
epsilon_svgd: 0.025
gamma: 0.015
decay_start_ratio: 0.15
decay_min_factor: 0.3
bandwith_kernel: None
no_interact: False
avg_score: -378.0400085449219
median_score: -382.0
std_score: 34.6386833190918
percentiles: 2%=-442.260009765625, 5%=-433.0, 10%=-420.20001220703125, 25%=-404.5, 50%=-382.0, 75%=-355.0, 90%=-335.6000061035156, 95%=-321.9000244140625, 98%=-307.6399230957031
ranking_best_algo: Tabu
ranking_best_score: 438.12
ranking_my_rank: 265/504 (47.6%)
ranking_my_percent: 47.61904761904762
