ConfigName: kjsd__advperagentrankweighted__M3__L18__eps0p007__g0p001__ds0p2__dm0p05
Problem: QUBO
Kernel: jsd
Advantage: peragentrankweighted
M: 3
lambda: 18
epsilon_svgd: 0.007
gamma: 0.001
decay_start_ratio: 0.2
decay_min_factor: 0.05
bandwith_kernel: None
no_interact: False
avg_score: -910.6799926757812
median_score: -914.0
std_score: 62.077030181884766
percentiles: 2%=-1026.0400390625, 5%=-1013.0499877929688, 10%=-997.4000244140625, 25%=-948.5, 50%=-914.0, 75%=-866.75, 90%=-834.4000244140625, 95%=-810.5499877929688, 98%=-791.8200073242188
ranking_best_algo: CMAL3
ranking_best_score: 928.5800000000002
ranking_my_rank: 20/504 (96.2%)
ranking_my_percent: 96.23015873015873
