ConfigName: krbf__advnormalizedfitness__M3__L8__eps0p015__g0p007__ds0p15__dm0p3
Problem: QUBO
Kernel: rbf
Advantage: normalizedfitness
M: 3
lambda: 8
epsilon_svgd: 0.015
gamma: 0.007
decay_start_ratio: 0.15
decay_min_factor: 0.3
bandwith_kernel: None
no_interact: False
avg_score: -1237.800048828125
median_score: -1236.0
std_score: 77.84355926513672
percentiles: 2%=-1379.260009765625, 5%=-1364.550048828125, 10%=-1345.199951171875, 25%=-1294.25, 50%=-1236.0, 75%=-1176.25, 90%=-1134.5, 95%=-1124.60009765625, 98%=-1088.919921875
ranking_best_algo: BigLognormalDiscreteOnePlusOne
ranking_best_score: 1301.3600000000004
ranking_my_rank: 57/504 (88.9%)
ranking_my_percent: 88.88888888888889
