ConfigName: kfr__advglobalrankweighted__M4__L9__eps0p02__g0p003__ds0p01__dm0p01
Problem: QUBO
Kernel: fr
Advantage: globalrankweighted
M: 4
lambda: 9
epsilon_svgd: 0.02
gamma: 0.003
decay_start_ratio: 0.01
decay_min_factor: 0.01
bandwith_kernel: None
no_interact: False
avg_score: -1189.1199951171875
median_score: -1185.5
std_score: 58.925086975097656
percentiles: 2%=-1314.3199462890625, 5%=-1279.050048828125, 10%=-1263.5999755859375, 25%=-1221.5, 50%=-1185.5, 75%=-1151.25, 90%=-1118.5999755859375, 95%=-1099.949951171875, 98%=-1094.8199462890625
ranking_best_algo: Tabu
ranking_best_score: 1216.16
ranking_my_rank: 55/504 (89.3%)
ranking_my_percent: 89.28571428571429
