ConfigName: krbf__advnormalizedfitness__M3__L12__eps0p033__g0p005__ds0p01__dm0p01
Problem: NK
Kernel: rbf
Advantage: normalizedfitness
M: 3
lambda: 12
epsilon_svgd: 0.033
gamma: 0.005
decay_start_ratio: 0.01
decay_min_factor: 0.01
bandwith_kernel: None
no_interact: False
avg_score: 0.7068088054656982
median_score: 0.7078214883804321
std_score: 0.012073726393282413
percentiles: 2%=0.6857601404190063, 5%=0.6877841353416443, 10%=0.6918272972106934, 25%=0.6957601308822632, 50%=0.7078214883804321, 75%=0.7170181274414062, 90%=0.7215989828109741, 95%=0.722825288772583, 98%=0.7243329286575317
ranking_best_algo: PBIL
ranking_best_score: 0.7013553837109374
ranking_my_rank: 1/504 (100.0%)
ranking_my_percent: 100.0
