ConfigName: kjsd__advperagentrankweighted__M4__L24__eps0p03__g0p0005__ds0p05__dm0p05
Problem: NK
Kernel: jsd
Advantage: peragentrankweighted
M: 4
lambda: 24
epsilon_svgd: 0.03
gamma: 0.0005
decay_start_ratio: 0.05
decay_min_factor: 0.05
bandwith_kernel: None
no_interact: False
avg_score: 0.7337011694908142
median_score: 0.7357444167137146
std_score: 0.009761715307831764
percentiles: 2%=0.7120177149772644, 5%=0.7157106399536133, 10%=0.7202762365341187, 25%=0.7262541055679321, 50%=0.7357444167137146, 75%=0.7403125762939453, 90%=0.7445622086524963, 95%=0.7478991746902466, 98%=0.7499985694885254
ranking_best_algo: PBIL
ranking_best_score: 0.730509098125
ranking_my_rank: 1/504 (100.0%)
ranking_my_percent: 100.0
