ConfigName: kjsd__advperagentrankweighted__M3__L16__eps0p005__g0p0005__ds0p2__dm0p1
Problem: QUBO
Kernel: jsd
Advantage: peragentrankweighted
M: 3
lambda: 16
epsilon_svgd: 0.005
gamma: 0.0005
decay_start_ratio: 0.2
decay_min_factor: 0.1
bandwith_kernel: None
no_interact: False
avg_score: -413.0199890136719
median_score: -410.0
std_score: 27.950664520263672
percentiles: 2%=-469.1600036621094, 5%=-461.0, 10%=-452.20001220703125, 25%=-430.25, 50%=-410.0, 75%=-393.5, 90%=-377.79998779296875, 95%=-371.8999938964844, 98%=-357.9200134277344
ranking_best_algo: Tabu
ranking_best_score: 438.12
ranking_my_rank: 60/504 (88.3%)
ranking_my_percent: 88.2936507936508
