ConfigName: kjsd__advperagentrankweighted__M6__L24__eps0p008__g0p0005__ds0p3__dm0p05
Problem: QUBO
Kernel: jsd
Advantage: peragentrankweighted
M: 6
lambda: 24
epsilon_svgd: 0.008
gamma: 0.0005
decay_start_ratio: 0.3
decay_min_factor: 0.05
bandwith_kernel: None
no_interact: False
avg_score: -203.6999969482422
median_score: -205.0
std_score: 12.988840103149414
percentiles: 2%=-224.0, 5%=-222.10000610351562, 10%=-221.0, 25%=-213.0, 50%=-205.0, 75%=-193.75, 90%=-183.89999389648438, 95%=-180.9499969482422, 98%=-177.97999572753906
ranking_best_algo: Tabu
ranking_best_score: 208.36000000000004
ranking_my_rank: 19/504 (96.4%)
ranking_my_percent: 96.42857142857143
