ConfigName: krbf__advnormalizedfitness__M3__L15__eps0p033__g0p01__ds0p01__dm0p01
Problem: QUBO
Kernel: rbf
Advantage: normalizedfitness
M: 3
lambda: 15
epsilon_svgd: 0.033
gamma: 0.01
decay_start_ratio: 0.01
decay_min_factor: 0.01
bandwith_kernel: None
no_interact: False
avg_score: -900.02001953125
median_score: -894.0
std_score: 64.69821166992188
percentiles: 2%=-1028.199951171875, 5%=-1009.5, 10%=-981.5999755859375, 25%=-948.25, 50%=-894.0, 75%=-857.75, 90%=-814.7999877929688, 95%=-788.9000244140625, 98%=-770.9400024414062
ranking_best_algo: CMAL3
ranking_best_score: 928.5800000000002
ranking_my_rank: 70/504 (86.3%)
ranking_my_percent: 86.30952380952381
