ConfigName: kjsd__advperagentrankweighted__M4__L8__eps0p005__g0p0005__ds0p2__dm0p2
Problem: QUBO
Kernel: jsd
Advantage: peragentrankweighted
M: 4
lambda: 8
epsilon_svgd: 0.005
gamma: 0.0005
decay_start_ratio: 0.2
decay_min_factor: 0.2
bandwith_kernel: None
no_interact: False
avg_score: -1621.6400146484375
median_score: -1620.0
std_score: 62.68501281738281
percentiles: 2%=-1752.4000244140625, 5%=-1714.550048828125, 10%=-1692.199951171875, 25%=-1665.25, 50%=-1620.0, 75%=-1588.75, 90%=-1542.4000244140625, 95%=-1514.5, 98%=-1484.8399658203125
ranking_best_algo: NLOPT_LN_PRAXIS
ranking_best_score: 1607.12
ranking_my_rank: 1/504 (100.0%)
ranking_my_percent: 100.0
