ConfigName: kjsd__advperagentrankweighted__M5__L8__eps0p01__g0p003__ds0p2__dm0p05
Problem: NK
Kernel: jsd
Advantage: peragentrankweighted
M: 5
lambda: 8
epsilon_svgd: 0.01
gamma: 0.003
decay_start_ratio: 0.2
decay_min_factor: 0.05
bandwith_kernel: None
no_interact: False
avg_score: 0.731804370880127
median_score: 0.7339791059494019
std_score: 0.01033871155232191
percentiles: 2%=0.7072607278823853, 5%=0.709876298904419, 10%=0.715406596660614, 25%=0.7270387411117554, 50%=0.7339791059494019, 75%=0.7386921048164368, 90%=0.7435458302497864, 95%=0.7456773519515991, 98%=0.7474724054336548
ranking_best_algo: PBIL
ranking_best_score: 0.7248786399609374
ranking_my_rank: 1/504 (100.0%)
ranking_my_percent: 100.0
