ConfigName: kjsd__advperagentrankweighted__M4__L20__eps0p007__g0p0005__ds0p2__dm0p05
Problem: QUBO
Kernel: jsd
Advantage: peragentrankweighted
M: 4
lambda: 20
epsilon_svgd: 0.007
gamma: 0.0005
decay_start_ratio: 0.2
decay_min_factor: 0.05
bandwith_kernel: None
no_interact: False
avg_score: -446.8399963378906
median_score: -449.5
std_score: 25.033065795898438
percentiles: 2%=-489.0199890136719, 5%=-481.1000061035156, 10%=-474.1000061035156, 25%=-466.0, 50%=-449.5, 75%=-434.0, 90%=-408.8999938964844, 95%=-398.75, 98%=-391.8599853515625
ranking_best_algo: CMApara
ranking_best_score: 453.82
ranking_my_rank: 2/504 (99.8%)
ranking_my_percent: 99.8015873015873
