ConfigName: kjsd__advperagentrankweighted__M3__L30__eps0p007__g0p0005__ds0p1__dm0p05
Problem: QUBO
Kernel: jsd
Advantage: peragentrankweighted
M: 3
lambda: 30
epsilon_svgd: 0.007
gamma: 0.0005
decay_start_ratio: 0.1
decay_min_factor: 0.05
bandwith_kernel: None
no_interact: False
avg_score: -2600.139892578125
median_score: -2599.5
std_score: 143.45751953125
percentiles: 2%=-2889.0400390625, 5%=-2827.949951171875, 10%=-2783.300048828125, 25%=-2701.5, 50%=-2599.5, 75%=-2501.75, 90%=-2417.5, 95%=-2353.699951171875, 98%=-2327.800048828125
ranking_best_algo: SVM1MetaModelLogNormal
ranking_best_score: 2605.14
ranking_my_rank: 2/504 (99.8%)
ranking_my_percent: 99.8015873015873
