ConfigName: kjsd__advperagentrankweighted__M4__L10__eps0p005__g0p0005__ds0p2__dm0p05
Problem: QUBO
Kernel: jsd
Advantage: peragentrankweighted
M: 4
lambda: 10
epsilon_svgd: 0.005
gamma: 0.0005
decay_start_ratio: 0.2
decay_min_factor: 0.05
bandwith_kernel: None
no_interact: False
avg_score: -306.9800109863281
median_score: -308.0
std_score: 36.81901168823242
percentiles: 2%=-388.0400085449219, 5%=-378.1000061035156, 10%=-352.20001220703125, 25%=-328.5, 50%=-308.0, 75%=-274.0, 90%=-264.0, 95%=-256.95001220703125, 98%=-250.89999389648438
ranking_best_algo: CMApara
ranking_best_score: 319.29999999999995
ranking_my_rank: 104/504 (79.6%)
ranking_my_percent: 79.56349206349206
