ConfigName: krbf__advnormalizedfitness__M4__L10__eps0p025__g0p007__ds0p01__dm0p01
Problem: QUBO
Kernel: rbf
Advantage: normalizedfitness
M: 4
lambda: 10
epsilon_svgd: 0.025
gamma: 0.007
decay_start_ratio: 0.01
decay_min_factor: 0.01
bandwith_kernel: None
no_interact: False
avg_score: -439.5799865722656
median_score: -440.5
std_score: 24.358646392822266
percentiles: 2%=-479.0400085449219, 5%=-473.1000061035156, 10%=-470.20001220703125, 25%=-461.25, 50%=-440.5, 75%=-422.5, 90%=-404.8999938964844, 95%=-396.95001220703125, 98%=-392.91998291015625
ranking_best_algo: CMApara
ranking_best_score: 453.82
ranking_my_rank: 18/504 (96.6%)
ranking_my_percent: 96.62698412698413
