ConfigName: kfr__advglobalrankweighted__M1__L7__eps0p02__g0p003__ds0p01__dm0p01
Problem: QUBO
Kernel: fr
Advantage: globalrankweighted
M: 1
lambda: 7
epsilon_svgd: 0.02
gamma: 0.003
decay_start_ratio: 0.01
decay_min_factor: 0.01
bandwith_kernel: None
no_interact: False
avg_score: -2984.800048828125
median_score: -2973.0
std_score: 132.04287719726562
percentiles: 2%=-3243.10009765625, 5%=-3202.75, 10%=-3177.199951171875, 25%=-3073.25, 50%=-2973.0, 75%=-2898.25, 90%=-2827.39990234375, 95%=-2774.75, 98%=-2722.97998046875
ranking_best_algo: RLSOnePlusOne
ranking_best_score: 3316.5199999999995
ranking_my_rank: 131/504 (74.2%)
ranking_my_percent: 74.2063492063492
