ConfigName: krbf__advnormalizedfitness__M1__L10__eps0p015__g0p005__ds0p15__dm0p3
Problem: QUBO
Kernel: rbf
Advantage: normalizedfitness
M: 1
lambda: 10
epsilon_svgd: 0.015
gamma: 0.005
decay_start_ratio: 0.15
decay_min_factor: 0.3
bandwith_kernel: None
no_interact: False
avg_score: -397.7200012207031
median_score: -400.0
std_score: 33.08778381347656
percentiles: 2%=-457.20001220703125, 5%=-452.1499938964844, 10%=-444.0, 25%=-416.75, 50%=-400.0, 75%=-376.0, 90%=-353.79998779296875, 95%=-337.9000244140625, 98%=-333.91998291015625
ranking_best_algo: Tabu
ranking_best_score: 438.12
ranking_my_rank: 231/504 (54.4%)
ranking_my_percent: 54.36507936507937
