ConfigName: kjsd__advperagentrankweighted__M3__L18__eps0p01__g0p001__ds0p05__dm0p1
Problem: NK
Kernel: jsd
Advantage: peragentrankweighted
M: 3
lambda: 18
epsilon_svgd: 0.01
gamma: 0.001
decay_start_ratio: 0.05
decay_min_factor: 0.1
bandwith_kernel: None
no_interact: False
avg_score: 0.7429065108299255
median_score: 0.7415618896484375
std_score: 0.02852797694504261
percentiles: 2%=0.6941854357719421, 5%=0.7047526240348816, 10%=0.7122923135757446, 25%=0.7218577861785889, 50%=0.7415618896484375, 75%=0.7580187320709229, 90%=0.7769826054573059, 95%=0.8044298887252808, 98%=0.8076353669166565
ranking_best_algo: CMApara
ranking_best_score: 0.7459277895312499
ranking_my_rank: 14/504 (97.4%)
ranking_my_percent: 97.42063492063492
