ConfigName: kjsd__advperagentrankweighted__M3__L24__eps0p007__g0p0005__ds0p05__dm0p1
Problem: QUBO
Kernel: jsd
Advantage: peragentrankweighted
M: 3
lambda: 24
epsilon_svgd: 0.007
gamma: 0.0005
decay_start_ratio: 0.05
decay_min_factor: 0.1
bandwith_kernel: None
no_interact: False
avg_score: -906.8599853515625
median_score: -902.5
std_score: 63.069801330566406
percentiles: 2%=-1024.1800537109375, 5%=-1015.0999755859375, 10%=-1004.0, 25%=-947.5, 50%=-902.5, 75%=-869.5, 90%=-823.9000244140625, 95%=-805.7000122070312, 98%=-792.8599853515625
ranking_best_algo: CMAL3
ranking_best_score: 928.5800000000002
ranking_my_rank: 56/504 (89.1%)
ranking_my_percent: 89.08730158730158
