ConfigName: krbf__advnormalizedfitness__M1__L8__eps0p025__g0p005__ds0p3__dm0p01
Problem: NK
Kernel: rbf
Advantage: normalizedfitness
M: 1
lambda: 8
epsilon_svgd: 0.025
gamma: 0.005
decay_start_ratio: 0.3
decay_min_factor: 0.01
bandwith_kernel: None
no_interact: False
avg_score: 0.7177268862724304
median_score: 0.7150304913520813
std_score: 0.018710780888795853
percentiles: 2%=0.6775007247924805, 5%=0.6905024647712708, 10%=0.6970645785331726, 25%=0.7063623666763306, 50%=0.7150304913520813, 75%=0.7298588752746582, 90%=0.7425627112388611, 95%=0.756978452205658, 98%=0.7594925165176392
ranking_best_algo: Tabu
ranking_best_score: 0.7601875690625
ranking_my_rank: 204/504 (59.7%)
ranking_my_percent: 59.72222222222222
