ConfigName: krbf__advnormalizedfitness__M3__L10__eps0p025__g0p01__ds0p01__dm0p01
Problem: QUBO
Kernel: rbf
Advantage: normalizedfitness
M: 3
lambda: 10
epsilon_svgd: 0.025
gamma: 0.01
decay_start_ratio: 0.01
decay_min_factor: 0.01
bandwith_kernel: None
no_interact: False
avg_score: -581.8200073242188
median_score: -581.0
std_score: 28.843156814575195
percentiles: 2%=-631.0599975585938, 5%=-629.0499877929688, 10%=-621.0999755859375, 25%=-604.25, 50%=-581.0, 75%=-567.5, 90%=-542.2999877929688, 95%=-528.9500122070312, 98%=-519.8800048828125
ranking_best_algo: Tabu
ranking_best_score: 588.7199999999999
ranking_my_rank: 34/503 (93.4%)
ranking_my_percent: 93.43936381709742
