ConfigName: krbf__advnormalizedfitness__M4__L10__eps0p033__g0p01__ds0p15__dm0p3
Problem: QUBO
Kernel: rbf
Advantage: normalizedfitness
M: 4
lambda: 10
epsilon_svgd: 0.033
gamma: 0.01
decay_start_ratio: 0.15
decay_min_factor: 0.3
bandwith_kernel: None
no_interact: False
avg_score: -140.60000610351562
median_score: -141.0
std_score: 10.671456336975098
percentiles: 2%=-160.0, 5%=-158.0500030517578, 10%=-156.10000610351562, 25%=-146.25, 50%=-141.0, 75%=-132.0, 90%=-127.0, 95%=-123.0, 98%=-121.0
ranking_best_algo: DiscreteDE
ranking_best_score: 143.4
ranking_my_rank: 78/504 (84.7%)
ranking_my_percent: 84.72222222222223
