ConfigName: kjsd__advperagentrankweighted__M5__L12__eps0p03__g0p0007__ds0p2__dm0p05
Problem: QUBO
Kernel: jsd
Advantage: peragentrankweighted
M: 5
lambda: 12
epsilon_svgd: 0.03
gamma: 0.0007
decay_start_ratio: 0.2
decay_min_factor: 0.05
bandwith_kernel: None
no_interact: False
avg_score: -2574.080078125
median_score: -2588.0
std_score: 114.8614501953125
percentiles: 2%=-2788.5400390625, 5%=-2769.050048828125, 10%=-2700.199951171875, 25%=-2655.25, 50%=-2588.0, 75%=-2485.75, 90%=-2426.0, 95%=-2368.0, 98%=-2342.0
ranking_best_algo: SVM1MetaModelLogNormal
ranking_best_score: 2605.14
ranking_my_rank: 14/504 (97.4%)
ranking_my_percent: 97.42063492063492
