ConfigName: krbf__advnormalizedfitness__M3__L10__eps0p033__g0p007__ds0p01__dm0p3
Problem: QUBO
Kernel: rbf
Advantage: normalizedfitness
M: 3
lambda: 10
epsilon_svgd: 0.033
gamma: 0.007
decay_start_ratio: 0.01
decay_min_factor: 0.3
bandwith_kernel: None
no_interact: False
avg_score: -578.6400146484375
median_score: -577.5
std_score: 28.269956588745117
percentiles: 2%=-628.0999755859375, 5%=-620.1500244140625, 10%=-615.2000122070312, 25%=-600.5, 50%=-577.5, 75%=-560.75, 90%=-544.7999877929688, 95%=-538.8500366210938, 98%=-529.5198974609375
ranking_best_algo: Tabu
ranking_best_score: 588.7199999999999
ranking_my_rank: 41/503 (92.0%)
ranking_my_percent: 92.04771371769384
