ConfigName: kjsd__advperagentrankweighted__M5__L8__eps0p01__g0p0007__ds0p4__dm0p2
Problem: QUBO
Kernel: jsd
Advantage: peragentrankweighted
M: 5
lambda: 8
epsilon_svgd: 0.01
gamma: 0.0007
decay_start_ratio: 0.4
decay_min_factor: 0.2
bandwith_kernel: None
no_interact: False
avg_score: -418.32000732421875
median_score: -418.0
std_score: 25.330961227416992
percentiles: 2%=-477.0, 5%=-459.29998779296875, 10%=-453.1000061035156, 25%=-434.0, 50%=-418.0, 75%=-402.0, 90%=-384.0, 95%=-381.70001220703125, 98%=-373.9200134277344
ranking_best_algo: Tabu
ranking_best_score: 438.12
ranking_my_rank: 37/504 (92.9%)
ranking_my_percent: 92.85714285714286
