ConfigName: krbf__advnormalizedfitness__M4__L8__eps0p015__g0p005__ds0p15__dm0p01
Problem: QUBO
Kernel: rbf
Advantage: normalizedfitness
M: 4
lambda: 8
epsilon_svgd: 0.015
gamma: 0.005
decay_start_ratio: 0.15
decay_min_factor: 0.01
bandwith_kernel: None
no_interact: False
avg_score: -569.3800048828125
median_score: -569.0
std_score: 27.207639694213867
percentiles: 2%=-623.0399780273438, 5%=-615.0999755859375, 10%=-605.2000122070312, 25%=-589.25, 50%=-569.0, 75%=-550.75, 90%=-536.9000244140625, 95%=-528.0, 98%=-518.679931640625
ranking_best_algo: Tabu
ranking_best_score: 588.7199999999999
ranking_my_rank: 76/503 (85.1%)
ranking_my_percent: 85.08946322067594
