ConfigName: krbf__advnormalizedfitness__M3__L24__eps0p03__g0p01__ds0p15__dm0p05
Problem: NK
Kernel: rbf
Advantage: normalizedfitness
M: 3
lambda: 24
epsilon_svgd: 0.03
gamma: 0.01
decay_start_ratio: 0.15
decay_min_factor: 0.05
bandwith_kernel: None
no_interact: False
avg_score: 0.7166601419448853
median_score: 0.7194690108299255
std_score: 0.010941498912870884
percentiles: 2%=0.6931477785110474, 5%=0.6978147625923157, 10%=0.7021182775497437, 25%=0.7094351649284363, 50%=0.7194690108299255, 75%=0.7245595455169678, 90%=0.7305620908737183, 95%=0.7322252988815308, 98%=0.734057605266571
ranking_best_algo: PBIL
ranking_best_score: 0.7248786399609374
ranking_my_rank: 46/504 (91.1%)
ranking_my_percent: 91.07142857142857
