ConfigName: krbf__advnormalizedfitness__M3__L15__eps0p015__g0p005__ds0p01__dm0p01
Problem: NK
Kernel: rbf
Advantage: normalizedfitness
M: 3
lambda: 15
epsilon_svgd: 0.015
gamma: 0.005
decay_start_ratio: 0.01
decay_min_factor: 0.01
bandwith_kernel: None
no_interact: False
avg_score: 0.7532365322113037
median_score: 0.7541452050209045
std_score: 0.014514632523059845
percentiles: 2%=0.7210928797721863, 5%=0.7286924123764038, 10%=0.734719455242157, 25%=0.743050217628479, 50%=0.7541452050209045, 75%=0.7659558057785034, 90%=0.7716782689094543, 95%=0.7723791003227234, 98%=0.7795313000679016
ranking_best_algo: Tabu
ranking_best_score: 0.7657846284375001
ranking_my_rank: 9/504 (98.4%)
ranking_my_percent: 98.41269841269842
