ConfigName: krbf__advnormalizedfitness__M4__L12__eps0p033__g0p007__ds0p3__dm0p01
Problem: NK
Kernel: rbf
Advantage: normalizedfitness
M: 4
lambda: 12
epsilon_svgd: 0.033
gamma: 0.007
decay_start_ratio: 0.3
decay_min_factor: 0.01
bandwith_kernel: None
no_interact: False
avg_score: 0.7058992981910706
median_score: 0.7088539600372314
std_score: 0.012187068350613117
percentiles: 2%=0.6872185468673706, 5%=0.6879491209983826, 10%=0.6899778246879578, 25%=0.6941953301429749, 50%=0.7088539600372314, 75%=0.7164390087127686, 90%=0.7203830480575562, 95%=0.7222427129745483, 98%=0.7239474058151245
ranking_best_algo: PBIL
ranking_best_score: 0.7013553837109374
ranking_my_rank: 1/504 (100.0%)
ranking_my_percent: 100.0
