ConfigName: kjsd__advperagentrankweighted__M3__L20__eps0p01__g0p0005__ds0p1__dm0p1
Problem: NK
Kernel: jsd
Advantage: peragentrankweighted
M: 3
lambda: 20
epsilon_svgd: 0.01
gamma: 0.0005
decay_start_ratio: 0.1
decay_min_factor: 0.1
bandwith_kernel: None
no_interact: False
avg_score: 0.7300499677658081
median_score: 0.7303928136825562
std_score: 0.011026599444448948
percentiles: 2%=0.7107218503952026, 5%=0.7126739025115967, 10%=0.7155767679214478, 25%=0.7224536538124084, 50%=0.7303928136825562, 75%=0.7377617955207825, 90%=0.7435641288757324, 95%=0.7475274801254272, 98%=0.7535930871963501
ranking_best_algo: Tabu
ranking_best_score: 0.7429702712499999
ranking_my_rank: 2/504 (99.8%)
ranking_my_percent: 99.8015873015873
