ConfigName: kjsd__advperagentrankweighted__M3__L30__eps0p007__g0p0005__ds0p1__dm0p05
Problem: QUBO
Kernel: jsd
Advantage: peragentrankweighted
M: 3
lambda: 30
epsilon_svgd: 0.007
gamma: 0.0005
decay_start_ratio: 0.1
decay_min_factor: 0.05
bandwith_kernel: None
no_interact: False
avg_score: -1637.0799560546875
median_score: -1635.5
std_score: 61.889366149902344
percentiles: 2%=-1781.3399658203125, 5%=-1727.300048828125, 10%=-1711.300048828125, 25%=-1678.0, 50%=-1635.5, 75%=-1598.5, 90%=-1550.699951171875, 95%=-1541.6500244140625, 98%=-1525.0
ranking_best_algo: NLOPT_LN_PRAXIS
ranking_best_score: 1607.12
ranking_my_rank: 1/504 (100.0%)
ranking_my_percent: 100.0
