ConfigName: kjsd__advperagentrankweighted__M3__L18__eps0p007__g0p001__ds0p1__dm0p2
Problem: QUBO
Kernel: jsd
Advantage: peragentrankweighted
M: 3
lambda: 18
epsilon_svgd: 0.007
gamma: 0.001
decay_start_ratio: 0.1
decay_min_factor: 0.2
bandwith_kernel: None
no_interact: False
avg_score: -331.5
median_score: -334.0
std_score: 23.217880249023438
percentiles: 2%=-372.0, 5%=-372.0, 10%=-357.0, 25%=-347.0, 50%=-334.0, 75%=-313.75, 90%=-298.0, 95%=-293.8999938964844, 98%=-281.9200134277344
ranking_best_algo: CMApara
ranking_best_score: 344.22
ranking_my_rank: 76/504 (85.1%)
ranking_my_percent: 85.11904761904762
