ConfigName: kjsd__advperagentrankweighted__M3__L20__eps0p007__g0p0005__ds0p05__dm0p1
Problem: QUBO
Kernel: jsd
Advantage: peragentrankweighted
M: 3
lambda: 20
epsilon_svgd: 0.007
gamma: 0.0005
decay_start_ratio: 0.05
decay_min_factor: 0.1
bandwith_kernel: None
no_interact: False
avg_score: -147.17999267578125
median_score: -146.0
std_score: 13.334450721740723
percentiles: 2%=-179.0, 5%=-179.0, 10%=-160.39999389648438, 25%=-155.0, 50%=-146.0, 75%=-140.0, 90%=-131.0, 95%=-126.94999694824219, 98%=-119.95999908447266
ranking_best_algo: CMApara
ranking_best_score: 154.28
ranking_my_rank: 100/504 (80.4%)
ranking_my_percent: 80.35714285714286
