ConfigName: krbf__advnormalizedfitness__M1__L8__eps0p033__g0p01__ds0p15__dm0p3
Problem: QUBO
Kernel: rbf
Advantage: normalizedfitness
M: 1
lambda: 8
epsilon_svgd: 0.033
gamma: 0.01
decay_start_ratio: 0.15
decay_min_factor: 0.3
bandwith_kernel: None
no_interact: False
avg_score: -2508.820068359375
median_score: -2494.5
std_score: 124.92737579345703
percentiles: 2%=-2761.1201171875, 5%=-2749.14990234375, 10%=-2690.300048828125, 25%=-2597.25, 50%=-2494.5, 75%=-2412.5, 90%=-2366.800048828125, 95%=-2317.85009765625, 98%=-2309.099853515625
ranking_best_algo: SVM1MetaModelLogNormal
ranking_best_score: 2605.14
ranking_my_rank: 62/504 (87.9%)
ranking_my_percent: 87.89682539682539
