ConfigName: krbf__advnormalizedfitness__M3__L15__eps0p025__g0p01__ds0p01__dm0p3
Problem: QUBO
Kernel: rbf
Advantage: normalizedfitness
M: 3
lambda: 15
epsilon_svgd: 0.025
gamma: 0.01
decay_start_ratio: 0.01
decay_min_factor: 0.3
bandwith_kernel: None
no_interact: False
avg_score: -199.77999877929688
median_score: -200.5
std_score: 13.25562572479248
percentiles: 2%=-224.0, 5%=-221.0500030517578, 10%=-219.0, 25%=-209.0, 50%=-200.5, 75%=-191.0, 90%=-183.89999389648438, 95%=-177.90000915527344, 98%=-170.95999145507812
ranking_best_algo: Tabu
ranking_best_score: 208.36000000000004
ranking_my_rank: 62/504 (87.9%)
ranking_my_percent: 87.89682539682539
