ConfigName: kjsd__advperagentrankweighted__M4__L24__eps0p01__g0p0003__ds0p4__dm0p05
Problem: QUBO
Kernel: jsd
Advantage: peragentrankweighted
M: 4
lambda: 24
epsilon_svgd: 0.01
gamma: 0.0003
decay_start_ratio: 0.4
decay_min_factor: 0.05
bandwith_kernel: None
no_interact: False
avg_score: -427.260009765625
median_score: -424.0
std_score: 27.816762924194336
percentiles: 2%=-483.0400085449219, 5%=-477.0, 10%=-468.1000061035156, 25%=-448.25, 50%=-424.0, 75%=-407.0, 90%=-391.79998779296875, 95%=-386.6499938964844, 98%=-373.8800048828125
ranking_best_algo: CMAL3
ranking_best_score: 435.36
ranking_my_rank: 19/504 (96.4%)
ranking_my_percent: 96.42857142857143
