ConfigName: kjsd__advperagentrankweighted__M3__L18__eps0p005__g0p003__ds0p05__dm0p1
Problem: QUBO
Kernel: jsd
Advantage: peragentrankweighted
M: 3
lambda: 18
epsilon_svgd: 0.005
gamma: 0.003
decay_start_ratio: 0.05
decay_min_factor: 0.1
bandwith_kernel: None
no_interact: False
avg_score: -915.8200073242188
median_score: -910.5
std_score: 74.76301574707031
percentiles: 2%=-1070.0799560546875, 5%=-1042.300048828125, 10%=-1014.9000244140625, 25%=-973.25, 50%=-910.5, 75%=-863.0, 90%=-821.5999755859375, 95%=-803.0, 98%=-796.0800170898438
ranking_best_algo: CMApara
ranking_best_score: 964.9
ranking_my_rank: 71/504 (86.1%)
ranking_my_percent: 86.11111111111111
