ConfigName: kjsd__advperagentrankweighted__M3__L24__eps0p007__g0p0005__ds0p2__dm0p05
Problem: NK
Kernel: jsd
Advantage: peragentrankweighted
M: 3
lambda: 24
epsilon_svgd: 0.007
gamma: 0.0005
decay_start_ratio: 0.2
decay_min_factor: 0.05
bandwith_kernel: None
no_interact: False
avg_score: 0.7483561038970947
median_score: 0.7473413348197937
std_score: 0.009128711186349392
percentiles: 2%=0.7351439595222473, 5%=0.7357642650604248, 10%=0.7375058531761169, 25%=0.7413028478622437, 50%=0.7473413348197937, 75%=0.754846453666687, 90%=0.7611414194107056, 95%=0.7635605335235596, 98%=0.7668284177780151
ranking_best_algo: PBIL
ranking_best_score: 0.733570253046875
ranking_my_rank: 1/504 (100.0%)
ranking_my_percent: 100.0
