ConfigName: kjsd__advperagentrankweighted__M3__L16__eps0p01__g0p0005__ds0p05__dm0p1
Problem: NK
Kernel: jsd
Advantage: peragentrankweighted
M: 3
lambda: 16
epsilon_svgd: 0.01
gamma: 0.0005
decay_start_ratio: 0.05
decay_min_factor: 0.1
bandwith_kernel: None
no_interact: False
avg_score: 0.7427892088890076
median_score: 0.7429203987121582
std_score: 0.008695704862475395
percentiles: 2%=0.7271237969398499, 5%=0.729480504989624, 10%=0.7316986918449402, 25%=0.7363811731338501, 50%=0.7429203987121582, 75%=0.748422384262085, 90%=0.7556793689727783, 95%=0.7573603987693787, 98%=0.7598214149475098
ranking_best_algo: PBIL
ranking_best_score: 0.733570253046875
ranking_my_rank: 1/504 (100.0%)
ranking_my_percent: 100.0
