ConfigName: kjsd__advperagentrankweighted__M3__L20__eps0p007__g0p0005__ds0p2__dm0p05
Problem: QUBO
Kernel: jsd
Advantage: peragentrankweighted
M: 3
lambda: 20
epsilon_svgd: 0.007
gamma: 0.0005
decay_start_ratio: 0.2
decay_min_factor: 0.05
bandwith_kernel: None
no_interact: False
avg_score: -1300.760009765625
median_score: -1296.0
std_score: 59.42089080810547
percentiles: 2%=-1414.06005859375, 5%=-1397.550048828125, 10%=-1382.0999755859375, 25%=-1338.0, 50%=-1296.0, 75%=-1263.75, 90%=-1220.0, 95%=-1202.0, 98%=-1179.780029296875
ranking_best_algo: BigLognormalDiscreteOnePlusOne
ranking_best_score: 1301.3600000000004
ranking_my_rank: 2/504 (99.8%)
ranking_my_percent: 99.8015873015873
