ConfigName: krbf__advnormalizedfitness__M3__L8__eps0p015__g0p005__ds0p01__dm0p3
Problem: NK
Kernel: rbf
Advantage: normalizedfitness
M: 3
lambda: 8
epsilon_svgd: 0.015
gamma: 0.005
decay_start_ratio: 0.01
decay_min_factor: 0.3
bandwith_kernel: None
no_interact: False
avg_score: 0.7372533679008484
median_score: 0.7378115653991699
std_score: 0.009381202049553394
percentiles: 2%=0.7181416153907776, 5%=0.7213371396064758, 10%=0.7239758968353271, 25%=0.7325398325920105, 50%=0.7378115653991699, 75%=0.7435119152069092, 90%=0.7476913332939148, 95%=0.7517750859260559, 98%=0.7542899250984192
ranking_best_algo: PBIL
ranking_best_score: 0.730509098125
ranking_my_rank: 1/504 (100.0%)
ranking_my_percent: 100.0
