ConfigName: kjsd__advperagentrankweighted__M3__L24__eps0p005__g0p0005__ds0p2__dm0p1
Problem: QUBO
Kernel: jsd
Advantage: peragentrankweighted
M: 3
lambda: 24
epsilon_svgd: 0.005
gamma: 0.0005
decay_start_ratio: 0.2
decay_min_factor: 0.1
bandwith_kernel: None
no_interact: False
avg_score: -413.79998779296875
median_score: -417.5
std_score: 25.549951553344727
percentiles: 2%=-457.0400085449219, 5%=-451.1499938964844, 10%=-446.29998779296875, 25%=-430.0, 50%=-417.5, 75%=-397.5, 90%=-380.0, 95%=-367.70001220703125, 98%=-355.8800048828125
ranking_best_algo: Tabu
ranking_best_score: 438.12
ranking_my_rank: 57/504 (88.9%)
ranking_my_percent: 88.88888888888889
