ConfigName: kjsd__advperagentrankweighted__M6__L8__eps0p02__g0p0003__ds0p2__dm0p05
Problem: QUBO
Kernel: jsd
Advantage: peragentrankweighted
M: 6
lambda: 8
epsilon_svgd: 0.02
gamma: 0.0003
decay_start_ratio: 0.2
decay_min_factor: 0.05
bandwith_kernel: None
no_interact: False
avg_score: -424.8800048828125
median_score: -424.0
std_score: 26.74519920349121
percentiles: 2%=-475.1199951171875, 5%=-471.0, 10%=-460.0, 25%=-446.0, 50%=-424.0, 75%=-408.25, 90%=-392.79998779296875, 95%=-382.6499938964844, 98%=-372.70001220703125
ranking_best_algo: CMAL3
ranking_best_score: 435.36
ranking_my_rank: 29/504 (94.4%)
ranking_my_percent: 94.44444444444444
