ConfigName: kjsd__advperagentrankweighted__M3__L18__eps0p01__g0p001__ds0p1__dm0p2
Problem: NK
Kernel: jsd
Advantage: peragentrankweighted
M: 3
lambda: 18
epsilon_svgd: 0.01
gamma: 0.001
decay_start_ratio: 0.1
decay_min_factor: 0.2
bandwith_kernel: None
no_interact: False
avg_score: 0.7073986530303955
median_score: 0.7098117470741272
std_score: 0.011792712844908237
percentiles: 2%=0.6886416077613831, 5%=0.6891437768936157, 10%=0.6919296383857727, 25%=0.6960458755493164, 50%=0.7098117470741272, 75%=0.7172281742095947, 90%=0.7218520641326904, 95%=0.72334885597229, 98%=0.7243510484695435
ranking_best_algo: PBIL
ranking_best_score: 0.7013553837109374
ranking_my_rank: 1/504 (100.0%)
ranking_my_percent: 100.0
