ConfigName: kjsd__advperagentrankweighted__M8__L10__eps0p005__g0p0005__ds0p05__dm0p05
Problem: NK
Kernel: jsd
Advantage: peragentrankweighted
M: 8
lambda: 10
epsilon_svgd: 0.005
gamma: 0.0005
decay_start_ratio: 0.05
decay_min_factor: 0.05
bandwith_kernel: None
no_interact: False
avg_score: 0.6536237597465515
median_score: 0.653515100479126
std_score: 0.00883927009999752
percentiles: 2%=0.6406016945838928, 5%=0.6414622068405151, 10%=0.641986072063446, 25%=0.6467611789703369, 50%=0.653515100479126, 75%=0.65887451171875, 90%=0.6655498147010803, 95%=0.6696414947509766, 98%=0.6735475063323975
ranking_best_algo: PBIL
ranking_best_score: 0.7170882103515624
ranking_my_rank: 277/504 (45.2%)
ranking_my_percent: 45.23809523809524
