ConfigName: kjsd__advperagentrankweighted__M5__L8__eps0p01__g0p0003__ds0p2__dm0p05
Problem: NK
Kernel: jsd
Advantage: peragentrankweighted
M: 5
lambda: 8
epsilon_svgd: 0.01
gamma: 0.0003
decay_start_ratio: 0.2
decay_min_factor: 0.05
bandwith_kernel: None
no_interact: False
avg_score: 0.723320722579956
median_score: 0.7236526012420654
std_score: 0.008183510974049568
percentiles: 2%=0.7094647288322449, 5%=0.7118498682975769, 10%=0.7128812074661255, 25%=0.7174594402313232, 50%=0.7236526012420654, 75%=0.7281970977783203, 90%=0.7331743240356445, 95%=0.7371668815612793, 98%=0.7409538626670837
ranking_best_algo: Tabu
ranking_best_score: 0.7429702712499999
ranking_my_rank: 5/504 (99.2%)
ranking_my_percent: 99.2063492063492
