ConfigName: kfr__advglobalrankweighted__M4__L12__eps0p01__g0p003__ds0p01__dm0p01
Problem: QUBO
Kernel: fr
Advantage: globalrankweighted
M: 4
lambda: 12
epsilon_svgd: 0.01
gamma: 0.003
decay_start_ratio: 0.01
decay_min_factor: 0.01
bandwith_kernel: None
no_interact: False
avg_score: -900.9400024414062
median_score: -897.0
std_score: 66.28466796875
percentiles: 2%=-1022.0399780273438, 5%=-1013.4000244140625, 10%=-989.2000122070312, 25%=-949.0, 50%=-897.0, 75%=-861.75, 90%=-819.9000244140625, 95%=-784.800048828125, 98%=-769.8800048828125
ranking_best_algo: CMAL3
ranking_best_score: 928.5800000000002
ranking_my_rank: 69/504 (86.5%)
ranking_my_percent: 86.5079365079365
