ConfigName: krbf__advnormalizedfitness__M4__L10__eps0p02__g0p002__ds0p05__dm0p05
Problem: QUBO
Kernel: rbf
Advantage: normalizedfitness
M: 4
lambda: 10
epsilon_svgd: 0.02
gamma: 0.002
decay_start_ratio: 0.05
decay_min_factor: 0.05
bandwith_kernel: None
no_interact: False
avg_score: -416.20001220703125
median_score: -417.0
std_score: 24.634933471679688
percentiles: 2%=-461.239990234375, 5%=-457.0, 10%=-449.1000061035156, 25%=-430.5, 50%=-417.0, 75%=-399.75, 90%=-383.6000061035156, 95%=-372.0, 98%=-367.9599914550781
ranking_best_algo: Tabu
ranking_best_score: 438.12
ranking_my_rank: 45/504 (91.3%)
ranking_my_percent: 91.26984126984127
