ConfigName: kjsd__advperagentrankweighted__M4__L24__eps0p008__g0p0005__ds0p05__dm0p05
Problem: QUBO
Kernel: jsd
Advantage: peragentrankweighted
M: 4
lambda: 24
epsilon_svgd: 0.008
gamma: 0.0005
decay_start_ratio: 0.05
decay_min_factor: 0.05
bandwith_kernel: None
no_interact: False
avg_score: -938.7999877929688
median_score: -936.5
std_score: 68.2953872680664
percentiles: 2%=-1074.0, 5%=-1048.699951171875, 10%=-1035.199951171875, 25%=-988.75, 50%=-936.5, 75%=-880.0, 90%=-850.7999877929688, 95%=-841.8499755859375, 98%=-825.5800170898438
ranking_best_algo: CMApara
ranking_best_score: 964.9
ranking_my_rank: 7/504 (98.8%)
ranking_my_percent: 98.80952380952381
