ConfigName: kjsd__advperagentrankweighted__M3__L20__eps0p005__g0p003__ds0p2__dm0p1
Problem: NK
Kernel: jsd
Advantage: peragentrankweighted
M: 3
lambda: 20
epsilon_svgd: 0.005
gamma: 0.003
decay_start_ratio: 0.2
decay_min_factor: 0.1
bandwith_kernel: None
no_interact: False
avg_score: 0.7085487246513367
median_score: 0.7099578976631165
std_score: 0.015215065330266953
percentiles: 2%=0.6685414910316467, 5%=0.6713576316833496, 10%=0.6950960755348206, 25%=0.7047126889228821, 50%=0.7099578976631165, 75%=0.7177790999412537, 90%=0.724382758140564, 95%=0.7288991808891296, 98%=0.7318515181541443
ranking_best_algo: CMApara
ranking_best_score: 0.707475975
ranking_my_rank: 1/504 (100.0%)
ranking_my_percent: 100.0
