ConfigName: krbf__advnormalizedfitness__M4__L15__eps0p033__g0p015__ds0p15__dm0p01
Problem: QUBO
Kernel: rbf
Advantage: normalizedfitness
M: 4
lambda: 15
epsilon_svgd: 0.033
gamma: 0.015
decay_start_ratio: 0.15
decay_min_factor: 0.01
bandwith_kernel: None
no_interact: False
avg_score: -870.6599731445312
median_score: -856.0
std_score: 75.30567169189453
percentiles: 2%=-1018.0800170898438, 5%=-1001.2000122070312, 10%=-986.4000244140625, 25%=-936.5, 50%=-856.0, 75%=-821.0, 90%=-778.9000244140625, 95%=-762.800048828125, 98%=-750.7599487304688
ranking_best_algo: CMApara
ranking_best_score: 964.9
ranking_my_rank: 239/504 (52.8%)
ranking_my_percent: 52.77777777777778
