ConfigName: kjsd__advperagentrankweighted__M5__L10__eps0p005__g0p0005__ds0p3__dm0p05
Problem: NK
Kernel: jsd
Advantage: peragentrankweighted
M: 5
lambda: 10
epsilon_svgd: 0.005
gamma: 0.0005
decay_start_ratio: 0.3
decay_min_factor: 0.05
bandwith_kernel: None
no_interact: False
avg_score: 0.7451529502868652
median_score: 0.7423104643821716
std_score: 0.027692342177033424
percentiles: 2%=0.7038336396217346, 5%=0.7098376750946045, 10%=0.7136264443397522, 25%=0.7242990732192993, 50%=0.7423104643821716, 75%=0.7580187320709229, 90%=0.7782467603683472, 95%=0.8048011064529419, 98%=0.8118547797203064
ranking_best_algo: CMApara
ranking_best_score: 0.7459277895312499
ranking_my_rank: 2/504 (99.8%)
ranking_my_percent: 99.8015873015873
