ConfigName: krbf__advnormalizedfitness__M3__L12__eps0p015__g0p01__ds0p01__dm0p01
Problem: QUBO
Kernel: rbf
Advantage: normalizedfitness
M: 3
lambda: 12
epsilon_svgd: 0.015
gamma: 0.01
decay_start_ratio: 0.01
decay_min_factor: 0.01
bandwith_kernel: None
no_interact: False
avg_score: -414.29998779296875
median_score: -414.0
std_score: 23.800630569458008
percentiles: 2%=-455.44000244140625, 5%=-453.0, 10%=-447.0, 25%=-429.25, 50%=-414.0, 75%=-397.5, 90%=-386.0, 95%=-371.9000244140625, 98%=-368.0
ranking_best_algo: Tabu
ranking_best_score: 438.12
ranking_my_rank: 57/504 (88.9%)
ranking_my_percent: 88.88888888888889
