ConfigName: kjsd__advperagentrankweighted__M4__L12__eps0p008__g0p0005__ds0p05__dm0p05
Problem: NK
Kernel: jsd
Advantage: peragentrankweighted
M: 4
lambda: 12
epsilon_svgd: 0.008
gamma: 0.0005
decay_start_ratio: 0.05
decay_min_factor: 0.05
bandwith_kernel: None
no_interact: False
avg_score: 0.7368821501731873
median_score: 0.7378592491149902
std_score: 0.008590874262154102
percentiles: 2%=0.7196378707885742, 5%=0.7228379249572754, 10%=0.7253740429878235, 25%=0.7313283681869507, 50%=0.7378592491149902, 75%=0.7441813945770264, 90%=0.7466676831245422, 95%=0.7488695383071899, 98%=0.753302812576294
ranking_best_algo: PBIL
ranking_best_score: 0.730509098125
ranking_my_rank: 1/504 (100.0%)
ranking_my_percent: 100.0
