ConfigName: kjsd__advperagentrankweighted__M4__L24__eps0p03__g0p0005__ds0p2__dm0p05
Problem: NK
Kernel: jsd
Advantage: peragentrankweighted
M: 4
lambda: 24
epsilon_svgd: 0.03
gamma: 0.0005
decay_start_ratio: 0.2
decay_min_factor: 0.05
bandwith_kernel: None
no_interact: False
avg_score: 0.7110528349876404
median_score: 0.70106041431427
std_score: 0.03172490373253822
percentiles: 2%=0.6735868453979492, 5%=0.6744024157524109, 10%=0.6770381331443787, 25%=0.6814378499984741, 50%=0.70106041431427, 75%=0.7474179267883301, 90%=0.7535412907600403, 95%=0.7613165378570557, 98%=0.7613165378570557
ranking_best_algo: CMApara
ranking_best_score: 0.7118996098437498
ranking_my_rank: 7/504 (98.8%)
ranking_my_percent: 98.80952380952381
