ConfigName: kjsd__advperagentrankweighted__M8__L10__eps0p005__g0p0005__ds0p3__dm0p05
Problem: QUBO
Kernel: jsd
Advantage: peragentrankweighted
M: 8
lambda: 10
epsilon_svgd: 0.005
gamma: 0.0005
decay_start_ratio: 0.3
decay_min_factor: 0.05
bandwith_kernel: None
no_interact: False
avg_score: -1178.02001953125
median_score: -1178.0
std_score: 57.87278366088867
percentiles: 2%=-1283.0400390625, 5%=-1273.0, 10%=-1258.0999755859375, 25%=-1219.5, 50%=-1178.0, 75%=-1136.75, 90%=-1110.800048828125, 95%=-1079.9000244140625, 98%=-1050.93994140625
ranking_best_algo: Tabu
ranking_best_score: 1216.16
ranking_my_rank: 78/504 (84.7%)
ranking_my_percent: 84.72222222222223
