ConfigName: kjsd__advperagentrankweighted__M3__L30__eps0p005__g0p001__ds0p1__dm0p05
Problem: NK
Kernel: jsd
Advantage: peragentrankweighted
M: 3
lambda: 30
epsilon_svgd: 0.005
gamma: 0.001
decay_start_ratio: 0.1
decay_min_factor: 0.05
bandwith_kernel: None
no_interact: False
avg_score: 0.7375333905220032
median_score: 0.7387698888778687
std_score: 0.008733812719583511
percentiles: 2%=0.718768298625946, 5%=0.7217215299606323, 10%=0.7257267236709595, 25%=0.7310422658920288, 50%=0.7387698888778687, 75%=0.7438417673110962, 90%=0.7467592358589172, 95%=0.7509288787841797, 98%=0.7537180185317993
ranking_best_algo: PBIL
ranking_best_score: 0.730509098125
ranking_my_rank: 1/504 (100.0%)
ranking_my_percent: 100.0
