ConfigName: krbf__advnormalizedfitness__M3__L12__eps0p015__g0p007__ds0p3__dm0p01
Problem: QUBO
Kernel: rbf
Advantage: normalizedfitness
M: 3
lambda: 12
epsilon_svgd: 0.015
gamma: 0.007
decay_start_ratio: 0.3
decay_min_factor: 0.01
bandwith_kernel: None
no_interact: False
avg_score: -2291.4599609375
median_score: -2304.5
std_score: 165.53172302246094
percentiles: 2%=-2613.47998046875, 5%=-2542.89990234375, 10%=-2483.5, 25%=-2412.0, 50%=-2304.5, 75%=-2170.75, 90%=-2079.60009765625, 95%=-2009.9000244140625, 98%=-1931.77978515625
ranking_best_algo: SVM1MetaModelLogNormal
ranking_best_score: 2605.14
ranking_my_rank: 156/504 (69.2%)
ranking_my_percent: 69.24603174603175
