ConfigName: kjsd__advperagentrankweighted__M5__L8__eps0p005__g0p0003__ds0p05__dm0p05
Problem: QUBO
Kernel: jsd
Advantage: peragentrankweighted
M: 5
lambda: 8
epsilon_svgd: 0.005
gamma: 0.0003
decay_start_ratio: 0.05
decay_min_factor: 0.05
bandwith_kernel: None
no_interact: False
avg_score: -2659.580078125
median_score: -2668.0
std_score: 114.67076873779297
percentiles: 2%=-2884.159912109375, 5%=-2844.0, 10%=-2809.5, 25%=-2731.0, 50%=-2668.0, 75%=-2576.75, 90%=-2526.89990234375, 95%=-2485.949951171875, 98%=-2413.659912109375
ranking_best_algo: DiscreteLengler2OnePlusOne
ranking_best_score: 2617.04
ranking_my_rank: 1/504 (100.0%)
ranking_my_percent: 100.0
