ConfigName: krbf__advnormalizedfitness__M3__L12__eps0p025__g0p015__ds0p01__dm0p3
Problem: QUBO
Kernel: rbf
Advantage: normalizedfitness
M: 3
lambda: 12
epsilon_svgd: 0.025
gamma: 0.015
decay_start_ratio: 0.01
decay_min_factor: 0.3
bandwith_kernel: None
no_interact: False
avg_score: -1036.719970703125
median_score: -1028.0
std_score: 89.5389404296875
percentiles: 2%=-1242.06005859375, 5%=-1191.8499755859375, 10%=-1148.0999755859375, 25%=-1099.5, 50%=-1028.0, 75%=-966.0, 90%=-927.7000122070312, 95%=-903.6000366210938, 98%=-887.8399658203125
ranking_best_algo: Tabu
ranking_best_score: 1216.16
ranking_my_rank: 257/504 (49.2%)
ranking_my_percent: 49.20634920634921
