ConfigName: krbf__advnormalizedfitness__M3__L15__eps0p025__g0p01__ds0p15__dm0p01
Problem: NK
Kernel: rbf
Advantage: normalizedfitness
M: 3
lambda: 15
epsilon_svgd: 0.025
gamma: 0.01
decay_start_ratio: 0.15
decay_min_factor: 0.01
bandwith_kernel: None
no_interact: False
avg_score: 0.6920371055603027
median_score: 0.6891892552375793
std_score: 0.02283187210559845
percentiles: 2%=0.6527566313743591, 5%=0.6562882661819458, 10%=0.664538562297821, 25%=0.6771018505096436, 50%=0.6891892552375793, 75%=0.7120729684829712, 90%=0.7200380563735962, 95%=0.7278891205787659, 98%=0.7416929006576538
ranking_best_algo: Tabu
ranking_best_score: 0.7429702712499999
ranking_my_rank: 239/504 (52.8%)
ranking_my_percent: 52.77777777777778
