ConfigName: kjsd__advperagentrankweighted__M8__L28__eps0p005__g0p0005__ds0p05__dm0p05
Problem: NK
Kernel: jsd
Advantage: peragentrankweighted
M: 8
lambda: 28
epsilon_svgd: 0.005
gamma: 0.0005
decay_start_ratio: 0.05
decay_min_factor: 0.05
bandwith_kernel: None
no_interact: False
avg_score: 0.6997347474098206
median_score: 0.700056791305542
std_score: 0.011854559183120728
percentiles: 2%=0.6755890846252441, 5%=0.6830630302429199, 10%=0.6856984496116638, 25%=0.6919246912002563, 50%=0.700056791305542, 75%=0.7096898555755615, 90%=0.7132325172424316, 95%=0.7153378129005432, 98%=0.7164353728294373
ranking_best_algo: PBIL
ranking_best_score: 0.7248786399609374
ranking_my_rank: 102/504 (80.0%)
ranking_my_percent: 79.96031746031746
