ConfigName: kjsd__advperagentrankweighted__M5__L10__eps0p005__g0p0007__ds0p4__dm0p2
Problem: QUBO
Kernel: jsd
Advantage: peragentrankweighted
M: 5
lambda: 10
epsilon_svgd: 0.005
gamma: 0.0007
decay_start_ratio: 0.4
decay_min_factor: 0.2
bandwith_kernel: None
no_interact: False
avg_score: -443.9599914550781
median_score: -442.0
std_score: 24.190046310424805
percentiles: 2%=-489.1400146484375, 5%=-477.25, 10%=-473.0, 25%=-464.0, 50%=-442.0, 75%=-429.75, 90%=-411.8999938964844, 95%=-400.75, 98%=-394.9599914550781
ranking_best_algo: CMApara
ranking_best_score: 453.82
ranking_my_rank: 6/504 (99.0%)
ranking_my_percent: 99.0079365079365
