ConfigName: kjsd__advperagentrankweighted__M3__L18__eps0p007__g0p003__ds0p2__dm0p1
Problem: NK
Kernel: jsd
Advantage: peragentrankweighted
M: 3
lambda: 18
epsilon_svgd: 0.007
gamma: 0.003
decay_start_ratio: 0.2
decay_min_factor: 0.1
bandwith_kernel: None
no_interact: False
avg_score: 0.7235485911369324
median_score: 0.7240822315216064
std_score: 0.013971464708447456
percentiles: 2%=0.6939572691917419, 5%=0.6976257562637329, 10%=0.7064523696899414, 25%=0.7152260541915894, 50%=0.7240822315216064, 75%=0.7333698272705078, 90%=0.7426545023918152, 95%=0.7436349391937256, 98%=0.7492642998695374
ranking_best_algo: PBIL
ranking_best_score: 0.733570253046875
ranking_my_rank: 45/504 (91.3%)
ranking_my_percent: 91.26984126984127
