ConfigName: kjsd__advperagentrankweighted__M3__L24__eps0p007__g0p001__ds0p05__dm0p2
Problem: NK
Kernel: jsd
Advantage: peragentrankweighted
M: 3
lambda: 24
epsilon_svgd: 0.007
gamma: 0.001
decay_start_ratio: 0.05
decay_min_factor: 0.2
bandwith_kernel: None
no_interact: False
avg_score: 0.7075336575508118
median_score: 0.7087816596031189
std_score: 0.011677266098558903
percentiles: 2%=0.6886734962463379, 5%=0.6892767548561096, 10%=0.6918765306472778, 25%=0.6962434649467468, 50%=0.7087816596031189, 75%=0.7178230881690979, 90%=0.7219005227088928, 95%=0.7234950661659241, 98%=0.7238322496414185
ranking_best_algo: PBIL
ranking_best_score: 0.7013553837109374
ranking_my_rank: 1/504 (100.0%)
ranking_my_percent: 100.0
