ConfigName: kjsd__advperagentrankweighted__M4__L12__eps0p01__g0p0005__ds0p2__dm0p05
Problem: NK
Kernel: jsd
Advantage: peragentrankweighted
M: 4
lambda: 12
epsilon_svgd: 0.01
gamma: 0.0005
decay_start_ratio: 0.2
decay_min_factor: 0.05
bandwith_kernel: None
no_interact: False
avg_score: 0.7368990182876587
median_score: 0.7351693511009216
std_score: 0.014695593155920506
percentiles: 2%=0.7131907939910889, 5%=0.715491771697998, 10%=0.7193574905395508, 25%=0.725563108921051, 50%=0.7351693511009216, 75%=0.7463685274124146, 90%=0.7589963674545288, 95%=0.7610582113265991, 98%=0.7648741602897644
ranking_best_algo: Tabu
ranking_best_score: 0.7601875690625
ranking_my_rank: 20/504 (96.2%)
ranking_my_percent: 96.23015873015873
