ConfigName: kjsd__advperagentrankweighted__M3__L18__eps0p007__g0p0005__ds0p05__dm0p05
Problem: NK
Kernel: jsd
Advantage: peragentrankweighted
M: 3
lambda: 18
epsilon_svgd: 0.007
gamma: 0.0005
decay_start_ratio: 0.05
decay_min_factor: 0.05
bandwith_kernel: None
no_interact: False
avg_score: 0.7302181720733643
median_score: 0.729976236820221
std_score: 0.011168268509209156
percentiles: 2%=0.7053782939910889, 5%=0.7151829600334167, 10%=0.716917097568512, 25%=0.7223771214485168, 50%=0.729976236820221, 75%=0.7367176413536072, 90%=0.7454947233200073, 95%=0.7499908804893494, 98%=0.7525051236152649
ranking_best_algo: Tabu
ranking_best_score: 0.7429702712499999
ranking_my_rank: 2/504 (99.8%)
ranking_my_percent: 99.8015873015873
