ConfigName: kfr__advglobalrankweighted__M2__L7__eps0p01__g0p005__ds0p01__dm0p01
Problem: NK
Kernel: fr
Advantage: globalrankweighted
M: 2
lambda: 7
epsilon_svgd: 0.01
gamma: 0.005
decay_start_ratio: 0.01
decay_min_factor: 0.01
bandwith_kernel: None
no_interact: False
avg_score: 0.7112165689468384
median_score: 0.6987258791923523
std_score: 0.031355563551187515
percentiles: 2%=0.6735096573829651, 5%=0.6742333173751831, 10%=0.6785545349121094, 25%=0.6824496388435364, 50%=0.6987258791923523, 75%=0.7457083463668823, 90%=0.7525893449783325, 95%=0.7613165378570557, 98%=0.7613165378570557
ranking_best_algo: CMApara
ranking_best_score: 0.7118996098437498
ranking_my_rank: 3/504 (99.6%)
ranking_my_percent: 99.60317460317461
