ConfigName: kfr__advglobalrankweighted__M4__L24__eps0p03__g0p007__ds0p01__dm0p01
Problem: QUBO
Kernel: fr
Advantage: globalrankweighted
M: 4
lambda: 24
epsilon_svgd: 0.03
gamma: 0.007
decay_start_ratio: 0.01
decay_min_factor: 0.01
bandwith_kernel: None
no_interact: False
avg_score: -571.0800170898438
median_score: -567.0
std_score: 26.393817901611328
percentiles: 2%=-621.0800170898438, 5%=-613.0499877929688, 10%=-608.2999877929688, 25%=-588.5, 50%=-567.0, 75%=-553.0, 90%=-539.5, 95%=-526.9500122070312, 98%=-523.9400024414062
ranking_best_algo: Tabu
ranking_best_score: 588.7199999999999
ranking_my_rank: 62/503 (87.9%)
ranking_my_percent: 87.8727634194831
