ConfigName: kfr__advglobalrankweighted__M4__L9__eps0p015__g0p007__ds0p01__dm0p01
Problem: QUBO
Kernel: fr
Advantage: globalrankweighted
M: 4
lambda: 9
epsilon_svgd: 0.015
gamma: 0.007
decay_start_ratio: 0.01
decay_min_factor: 0.01
bandwith_kernel: None
no_interact: False
avg_score: -3131.780029296875
median_score: -3112.0
std_score: 142.65760803222656
percentiles: 2%=-3445.300048828125, 5%=-3365.25, 10%=-3302.699951171875, 25%=-3238.0, 50%=-3112.0, 75%=-3030.0, 90%=-2956.199951171875, 95%=-2914.5, 98%=-2833.9599609375
ranking_best_algo: RLSOnePlusOne
ranking_best_score: 3316.5199999999995
ranking_my_rank: 77/504 (84.9%)
ranking_my_percent: 84.92063492063492
