ConfigName: kjsd__advperagentrankweighted__M3__L20__eps0p007__g0p0005__ds0p05__dm0p2
Problem: QUBO
Kernel: jsd
Advantage: peragentrankweighted
M: 3
lambda: 20
epsilon_svgd: 0.007
gamma: 0.0005
decay_start_ratio: 0.05
decay_min_factor: 0.2
bandwith_kernel: None
no_interact: False
avg_score: -442.17999267578125
median_score: -441.0
std_score: 25.398574829101562
percentiles: 2%=-489.05999755859375, 5%=-481.0, 10%=-473.3999938964844, 25%=-460.25, 50%=-441.0, 75%=-427.75, 90%=-409.8999938964844, 95%=-398.8999938964844, 98%=-384.9200134277344
ranking_best_algo: CMApara
ranking_best_score: 453.82
ranking_my_rank: 9/504 (98.4%)
ranking_my_percent: 98.41269841269842
