ConfigName: krbf__advnormalizedfitness__M1__L8__eps0p015__g0p005__ds0p01__dm0p3
Problem: QUBO
Kernel: rbf
Advantage: normalizedfitness
M: 1
lambda: 8
epsilon_svgd: 0.015
gamma: 0.005
decay_start_ratio: 0.01
decay_min_factor: 0.3
bandwith_kernel: None
no_interact: False
avg_score: -392.4200134277344
median_score: -390.5
std_score: 32.70265579223633
percentiles: 2%=-449.0799865722656, 5%=-447.0, 10%=-434.0, 25%=-419.5, 50%=-390.5, 75%=-365.5, 90%=-351.79998779296875, 95%=-345.70001220703125, 98%=-333.679931640625
ranking_best_algo: Tabu
ranking_best_score: 438.12
ranking_my_rank: 256/504 (49.4%)
ranking_my_percent: 49.404761904761905
