ConfigName: kjsd__advperagentrankweighted__M4__L8__eps0p005__g0p0003__ds0p4__dm0p05
Problem: NK
Kernel: jsd
Advantage: peragentrankweighted
M: 4
lambda: 8
epsilon_svgd: 0.005
gamma: 0.0003
decay_start_ratio: 0.4
decay_min_factor: 0.05
bandwith_kernel: None
no_interact: False
avg_score: 0.7136322855949402
median_score: 0.7131432890892029
std_score: 0.005809460766613483
percentiles: 2%=0.702376127243042, 5%=0.703963041305542, 10%=0.7064303755760193, 25%=0.7103374004364014, 50%=0.7131432890892029, 75%=0.7174234390258789, 90%=0.7217567563056946, 95%=0.7233563661575317, 98%=0.7257486581802368
ranking_best_algo: PBIL
ranking_best_score: 0.7170882103515624
ranking_my_rank: 42/504 (91.9%)
ranking_my_percent: 91.86507936507937
