ConfigName: kjsd__advperagentrankweighted__M4__L8__eps0p01__g0p0005__ds0p2__dm0p05
Problem: NK
Kernel: jsd
Advantage: peragentrankweighted
M: 4
lambda: 8
epsilon_svgd: 0.01
gamma: 0.0005
decay_start_ratio: 0.2
decay_min_factor: 0.05
bandwith_kernel: None
no_interact: False
avg_score: 0.7407674193382263
median_score: 0.7366980314254761
std_score: 0.028312023729085922
percentiles: 2%=0.6959508061408997, 5%=0.7029697299003601, 10%=0.7097694277763367, 25%=0.7200271487236023, 50%=0.7366980314254761, 75%=0.7526946663856506, 90%=0.7718885540962219, 95%=0.8109943270683289, 98%=0.8118547797203064
ranking_best_algo: CMApara
ranking_best_score: 0.7459277895312499
ranking_my_rank: 41/504 (92.1%)
ranking_my_percent: 92.06349206349206
