ConfigName: kjsd__advperagentrankweighted__M4__L12__eps0p005__g0p0007__ds0p05__dm0p2
Problem: QUBO
Kernel: jsd
Advantage: peragentrankweighted
M: 4
lambda: 12
epsilon_svgd: 0.005
gamma: 0.0007
decay_start_ratio: 0.05
decay_min_factor: 0.2
bandwith_kernel: None
no_interact: False
avg_score: -1309.0799560546875
median_score: -1308.0
std_score: 61.176578521728516
percentiles: 2%=-1425.0999755859375, 5%=-1419.199951171875, 10%=-1391.199951171875, 25%=-1349.0, 50%=-1308.0, 75%=-1272.0, 90%=-1228.800048828125, 95%=-1212.5, 98%=-1188.9599609375
ranking_best_algo: BigLognormalDiscreteOnePlusOne
ranking_best_score: 1301.3600000000004
ranking_my_rank: 1/504 (100.0%)
ranking_my_percent: 100.0
