ConfigName: krbf__advnormalizedfitness__M2__L8__eps0p033__g0p015__ds0p3__dm0p01
Problem: QUBO
Kernel: rbf
Advantage: normalizedfitness
M: 2
lambda: 8
epsilon_svgd: 0.033
gamma: 0.015
decay_start_ratio: 0.3
decay_min_factor: 0.01
bandwith_kernel: None
no_interact: False
avg_score: -425.260009765625
median_score: -422.0
std_score: 26.8039608001709
percentiles: 2%=-483.0799865722656, 5%=-477.1000061035156, 10%=-462.29998779296875, 25%=-439.0, 50%=-422.0, 75%=-408.0, 90%=-396.70001220703125, 95%=-386.95001220703125, 98%=-382.67999267578125
ranking_best_algo: CMAL3
ranking_best_score: 435.36
ranking_my_rank: 28/504 (94.6%)
ranking_my_percent: 94.64285714285714
