ConfigName: kjsd__advperagentrankweighted__M5__L8__eps0p005__g0p0007__ds0p05__dm0p2
Problem: QUBO
Kernel: jsd
Advantage: peragentrankweighted
M: 5
lambda: 8
epsilon_svgd: 0.005
gamma: 0.0007
decay_start_ratio: 0.05
decay_min_factor: 0.2
bandwith_kernel: None
no_interact: False
avg_score: -578.8400268554688
median_score: -578.5
std_score: 25.166135787963867
percentiles: 2%=-631.0, 5%=-623.2000122070312, 10%=-612.0, 25%=-595.5, 50%=-578.5, 75%=-562.75, 90%=-546.9000244140625, 95%=-539.7000122070312, 98%=-527.9400024414062
ranking_best_algo: Tabu
ranking_best_score: 588.7199999999999
ranking_my_rank: 41/503 (92.0%)
ranking_my_percent: 92.04771371769384
