ConfigName: kjsd__advperagentrankweighted__M5__L10__eps0p008__g0p0005__ds0p05__dm0p05
Problem: NK
Kernel: jsd
Advantage: peragentrankweighted
M: 5
lambda: 10
epsilon_svgd: 0.008
gamma: 0.0005
decay_start_ratio: 0.05
decay_min_factor: 0.05
bandwith_kernel: None
no_interact: False
avg_score: 0.7366984486579895
median_score: 0.738284170627594
std_score: 0.008465771563351154
percentiles: 2%=0.7193312644958496, 5%=0.7215403914451599, 10%=0.7251566648483276, 25%=0.7305939197540283, 50%=0.738284170627594, 75%=0.7426390647888184, 90%=0.7466692924499512, 95%=0.7481911182403564, 98%=0.7497255802154541
ranking_best_algo: PBIL
ranking_best_score: 0.730509098125
ranking_my_rank: 1/504 (100.0%)
ranking_my_percent: 100.0
