ConfigName: krbf__advnormalizedfitness__M3__L24__eps0p03__g0p01__ds0p15__dm0p05
Problem: QUBO
Kernel: rbf
Advantage: normalizedfitness
M: 3
lambda: 24
epsilon_svgd: 0.03
gamma: 0.01
decay_start_ratio: 0.15
decay_min_factor: 0.05
bandwith_kernel: None
no_interact: False
avg_score: -2098.47998046875
median_score: -2095.0
std_score: 156.41307067871094
percentiles: 2%=-2399.919921875, 5%=-2349.35009765625, 10%=-2319.39990234375, 25%=-2209.25, 50%=-2095.0, 75%=-1983.0, 90%=-1896.5999755859375, 95%=-1857.5999755859375, 98%=-1811.3199462890625
ranking_best_algo: SVM1MetaModelLogNormal
ranking_best_score: 2605.14
ranking_my_rank: 207/504 (59.1%)
ranking_my_percent: 59.12698412698413
