ConfigName: krbf__advnormalizedfitness__M4__L12__eps0p025__g0p007__ds0p3__dm0p01
Problem: QUBO
Kernel: rbf
Advantage: normalizedfitness
M: 4
lambda: 12
epsilon_svgd: 0.025
gamma: 0.007
decay_start_ratio: 0.3
decay_min_factor: 0.01
bandwith_kernel: None
no_interact: False
avg_score: -1186.800048828125
median_score: -1182.5
std_score: 84.86023712158203
percentiles: 2%=-1355.4000244140625, 5%=-1345.300048828125, 10%=-1312.5999755859375, 25%=-1225.5, 50%=-1182.5, 75%=-1132.0, 90%=-1072.800048828125, 95%=-1050.2000732421875, 98%=-1030.9599609375
ranking_best_algo: BigLognormalDiscreteOnePlusOne
ranking_best_score: 1301.3600000000004
ranking_my_rank: 93/504 (81.7%)
ranking_my_percent: 81.74603174603175
