ConfigName: krbf__advnormalizedfitness__M3__L8__eps0p025__g0p015__ds0p15__dm0p01
Problem: QUBO
Kernel: rbf
Advantage: normalizedfitness
M: 3
lambda: 8
epsilon_svgd: 0.025
gamma: 0.015
decay_start_ratio: 0.15
decay_min_factor: 0.01
bandwith_kernel: None
no_interact: False
avg_score: -1250.1199951171875
median_score: -1250.0
std_score: 71.12893676757812
percentiles: 2%=-1390.3800048828125, 5%=-1371.3499755859375, 10%=-1332.0, 25%=-1299.75, 50%=-1250.0, 75%=-1205.0, 90%=-1166.800048828125, 95%=-1136.60009765625, 98%=-1105.739990234375
ranking_best_algo: BigLognormalDiscreteOnePlusOne
ranking_best_score: 1301.3600000000004
ranking_my_rank: 56/504 (89.1%)
ranking_my_percent: 89.08730158730158
