ConfigName: kjsd__advperagentrankweighted__M3__L20__eps0p01__g0p0005__ds0p05__dm0p05
Problem: QUBO
Kernel: jsd
Advantage: peragentrankweighted
M: 3
lambda: 20
epsilon_svgd: 0.01
gamma: 0.0005
decay_start_ratio: 0.05
decay_min_factor: 0.05
bandwith_kernel: None
no_interact: False
avg_score: -928.280029296875
median_score: -919.5
std_score: 68.02692413330078
percentiles: 2%=-1072.0400390625, 5%=-1054.3499755859375, 10%=-1019.0999755859375, 25%=-976.5, 50%=-919.5, 75%=-870.5, 90%=-853.7000122070312, 95%=-848.5999755859375, 98%=-802.8400268554688
ranking_best_algo: CMApara
ranking_best_score: 964.9
ranking_my_rank: 21/504 (96.0%)
ranking_my_percent: 96.03174603174604
