ConfigName: kjsd__advperagentrankweighted__M3__L16__eps0p01__g0p0007__ds0p05__dm0p05
Problem: NK
Kernel: jsd
Advantage: peragentrankweighted
M: 3
lambda: 16
epsilon_svgd: 0.01
gamma: 0.0007
decay_start_ratio: 0.05
decay_min_factor: 0.05
bandwith_kernel: None
no_interact: False
avg_score: 0.7341712713241577
median_score: 0.7365167140960693
std_score: 0.008771325461566448
percentiles: 2%=0.7140385508537292, 5%=0.716983437538147, 10%=0.7214500904083252, 25%=0.728959321975708, 50%=0.7365167140960693, 75%=0.7403886914253235, 90%=0.7428853511810303, 95%=0.7473276853561401, 98%=0.7489295601844788
ranking_best_algo: PBIL
ranking_best_score: 0.7248786399609374
ranking_my_rank: 1/504 (100.0%)
ranking_my_percent: 100.0
