ConfigName: krbf__advnormalizedfitness__M2__L8__eps0p015__g0p01__ds0p3__dm0p01
Problem: QUBO
Kernel: rbf
Advantage: normalizedfitness
M: 2
lambda: 8
epsilon_svgd: 0.015
gamma: 0.01
decay_start_ratio: 0.3
decay_min_factor: 0.01
bandwith_kernel: None
no_interact: False
avg_score: -3289.6201171875
median_score: -3293.5
std_score: 117.86473083496094
percentiles: 2%=-3519.280029296875, 5%=-3466.800048828125, 10%=-3441.0, 25%=-3365.25, 50%=-3293.5, 75%=-3213.5, 90%=-3148.0, 95%=-3093.699951171875, 98%=-3046.719970703125
ranking_best_algo: RLSOnePlusOne
ranking_best_score: 3316.5199999999995
ranking_my_rank: 3/504 (99.6%)
ranking_my_percent: 99.60317460317461
