ConfigName: kjsd__advperagentrankweighted__M3__L24__eps0p005__g0p001__ds0p2__dm0p05
Problem: QUBO
Kernel: jsd
Advantage: peragentrankweighted
M: 3
lambda: 24
epsilon_svgd: 0.005
gamma: 0.001
decay_start_ratio: 0.2
decay_min_factor: 0.05
bandwith_kernel: None
no_interact: False
avg_score: -580.739990234375
median_score: -579.5
std_score: 28.848785400390625
percentiles: 2%=-635.0, 5%=-629.0, 10%=-616.2999877929688, 25%=-602.25, 50%=-579.5, 75%=-559.0, 90%=-546.7999877929688, 95%=-534.9500122070312, 98%=-521.97998046875
ranking_best_algo: Tabu
ranking_best_score: 588.7199999999999
ranking_my_rank: 37/503 (92.8%)
ranking_my_percent: 92.84294234592446
