ConfigName: kfr__advglobalrankweighted__M3__L10__eps0p02__g0p007__ds0p01__dm0p01
Problem: QUBO
Kernel: fr
Advantage: globalrankweighted
M: 3
lambda: 10
epsilon_svgd: 0.02
gamma: 0.007
decay_start_ratio: 0.01
decay_min_factor: 0.01
bandwith_kernel: None
no_interact: False
avg_score: -1233.719970703125
median_score: -1234.5
std_score: 62.75143051147461
percentiles: 2%=-1341.06005859375, 5%=-1339.0, 10%=-1312.0999755859375, 25%=-1284.25, 50%=-1234.5, 75%=-1189.25, 90%=-1150.699951171875, 95%=-1138.9000244140625, 98%=-1128.760009765625
ranking_best_algo: SVMMetaModelLogNormal
ranking_best_score: 1233.7999999999997
ranking_my_rank: 8/504 (98.6%)
ranking_my_percent: 98.61111111111111
