ConfigName: kjsd__advperagentrankweighted__M4__L12__eps0p01__g0p0003__ds0p05__dm0p05
Problem: QUBO
Kernel: jsd
Advantage: peragentrankweighted
M: 4
lambda: 12
epsilon_svgd: 0.01
gamma: 0.0003
decay_start_ratio: 0.05
decay_min_factor: 0.05
bandwith_kernel: None
no_interact: False
avg_score: -2630.179931640625
median_score: -2628.5
std_score: 116.42253875732422
percentiles: 2%=-2905.300048828125, 5%=-2816.10009765625, 10%=-2764.800048828125, 25%=-2696.25, 50%=-2628.5, 75%=-2571.75, 90%=-2466.800048828125, 95%=-2431.89990234375, 98%=-2371.8798828125
ranking_best_algo: DiscreteLengler2OnePlusOne
ranking_best_score: 2617.04
ranking_my_rank: 1/504 (100.0%)
ranking_my_percent: 100.0
