ConfigName: kjsd__advperagentrankweighted__M4__L24__eps0p03__g0p0003__ds0p05__dm0p05
Problem: QUBO
Kernel: jsd
Advantage: peragentrankweighted
M: 4
lambda: 24
epsilon_svgd: 0.03
gamma: 0.0003
decay_start_ratio: 0.05
decay_min_factor: 0.05
bandwith_kernel: None
no_interact: False
avg_score: -435.70001220703125
median_score: -438.5
std_score: 27.352333068847656
percentiles: 2%=-479.0400085449219, 5%=-472.1499938964844, 10%=-469.1000061035156, 25%=-457.5, 50%=-438.5, 75%=-416.5, 90%=-394.70001220703125, 95%=-386.95001220703125, 98%=-381.8800048828125
ranking_best_algo: CMApara
ranking_best_score: 453.82
ranking_my_rank: 30/504 (94.2%)
ranking_my_percent: 94.24603174603175
