ConfigName: kjsd__advperagentrankweighted__M4__L8__eps0p03__g0p0007__ds0p05__dm0p05
Problem: NK
Kernel: jsd
Advantage: peragentrankweighted
M: 4
lambda: 8
epsilon_svgd: 0.03
gamma: 0.0007
decay_start_ratio: 0.05
decay_min_factor: 0.05
bandwith_kernel: None
no_interact: False
avg_score: 0.7057554721832275
median_score: 0.7070803642272949
std_score: 0.016395216807723045
percentiles: 2%=0.6648191213607788, 5%=0.6672676801681519, 10%=0.6881133913993835, 25%=0.7008948922157288, 50%=0.7070803642272949, 75%=0.7137995958328247, 90%=0.7228102684020996, 95%=0.7316299676895142, 98%=0.7321128845214844
ranking_best_algo: CMApara
ranking_best_score: 0.707475975
ranking_my_rank: 6/504 (99.0%)
ranking_my_percent: 99.0079365079365
