ConfigName: kjsd__advperagentrankweighted__M6__L12__eps0p008__g0p0005__ds0p3__dm0p05
Problem: QUBO
Kernel: jsd
Advantage: peragentrankweighted
M: 6
lambda: 12
epsilon_svgd: 0.008
gamma: 0.0005
decay_start_ratio: 0.3
decay_min_factor: 0.05
bandwith_kernel: None
no_interact: False
avg_score: -332.6000061035156
median_score: -337.5
std_score: 21.073205947875977
percentiles: 2%=-372.0, 5%=-361.54998779296875, 10%=-354.70001220703125, 25%=-346.0, 50%=-337.5, 75%=-321.5, 90%=-300.8999938964844, 95%=-290.0, 98%=-285.9200134277344
ranking_best_algo: CMApara
ranking_best_score: 344.22
ranking_my_rank: 70/504 (86.3%)
ranking_my_percent: 86.30952380952381
