ConfigName: kfr__advglobalrankweighted__M1__L7__eps0p015__g0p007__ds0p01__dm0p01
Problem: QUBO
Kernel: fr
Advantage: globalrankweighted
M: 1
lambda: 7
epsilon_svgd: 0.015
gamma: 0.007
decay_start_ratio: 0.01
decay_min_factor: 0.01
bandwith_kernel: None
no_interact: False
avg_score: -1254.1400146484375
median_score: -1256.5
std_score: 58.48521041870117
percentiles: 2%=-1383.0999755859375, 5%=-1337.75, 10%=-1329.0999755859375, 25%=-1293.5, 50%=-1256.5, 75%=-1220.75, 90%=-1182.300048828125, 95%=-1149.949951171875, 98%=-1120.919921875
ranking_best_algo: BigLognormalDiscreteOnePlusOne
ranking_best_score: 1301.3600000000004
ranking_my_rank: 55/504 (89.3%)
ranking_my_percent: 89.28571428571429
