ConfigName: kjsd__advperagentrankweighted__M8__L12__eps0p005__g0p0005__ds0p05__dm0p05
Problem: QUBO
Kernel: jsd
Advantage: peragentrankweighted
M: 8
lambda: 12
epsilon_svgd: 0.005
gamma: 0.0005
decay_start_ratio: 0.05
decay_min_factor: 0.05
bandwith_kernel: None
no_interact: False
avg_score: -583.8599853515625
median_score: -583.0
std_score: 30.34502410888672
percentiles: 2%=-641.0399780273438, 5%=-629.0999755859375, 10%=-622.0999755859375, 25%=-607.5, 50%=-583.0, 75%=-563.5, 90%=-541.7999877929688, 95%=-532.9000244140625, 98%=-522.9400024414062
ranking_best_algo: Tabu
ranking_best_score: 588.7199999999999
ranking_my_rank: 5/503 (99.2%)
ranking_my_percent: 99.20477137176938
