ConfigName: krbf__advnormalizedfitness__M3__L15__eps0p015__g0p007__ds0p3__dm0p01
Problem: QUBO
Kernel: rbf
Advantage: normalizedfitness
M: 3
lambda: 15
epsilon_svgd: 0.015
gamma: 0.007
decay_start_ratio: 0.3
decay_min_factor: 0.01
bandwith_kernel: None
no_interact: False
avg_score: -1071.760009765625
median_score: -1062.0
std_score: 78.56005859375
percentiles: 2%=-1227.260009765625, 5%=-1198.25, 10%=-1185.0, 25%=-1123.5, 50%=-1062.0, 75%=-1016.5, 90%=-977.5, 95%=-941.0, 98%=-925.97998046875
ranking_best_algo: SVMMetaModelLogNormal
ranking_best_score: 1233.7999999999997
ranking_my_rank: 187/504 (63.1%)
ranking_my_percent: 63.095238095238095
