ConfigName: kjsd__advperagentrankweighted__M3__L20__eps0p005__g0p0005__ds0p05__dm0p2
Problem: QUBO
Kernel: jsd
Advantage: peragentrankweighted
M: 3
lambda: 20
epsilon_svgd: 0.005
gamma: 0.0005
decay_start_ratio: 0.05
decay_min_factor: 0.2
bandwith_kernel: None
no_interact: False
avg_score: -906.1599731445312
median_score: -901.5
std_score: 64.54017639160156
percentiles: 2%=-1048.280029296875, 5%=-1025.0, 10%=-1006.5, 25%=-945.75, 50%=-901.5, 75%=-857.75, 90%=-824.9000244140625, 95%=-814.0, 98%=-808.5599975585938
ranking_best_algo: CMAL3
ranking_best_score: 928.5800000000002
ranking_my_rank: 61/504 (88.1%)
ranking_my_percent: 88.0952380952381
