ConfigName: kjsd__advperagentrankweighted__M5__L12__eps0p03__g0p0005__ds0p2__dm0p05
Problem: NK
Kernel: jsd
Advantage: peragentrankweighted
M: 5
lambda: 12
epsilon_svgd: 0.03
gamma: 0.0005
decay_start_ratio: 0.2
decay_min_factor: 0.05
bandwith_kernel: None
no_interact: False
avg_score: 0.7321240305900574
median_score: 0.7334082722663879
std_score: 0.009121472015976906
percentiles: 2%=0.7138482928276062, 5%=0.7162097096443176, 10%=0.7176240682601929, 25%=0.7277318239212036, 50%=0.7334082722663879, 75%=0.7377671003341675, 90%=0.7427922487258911, 95%=0.7441072463989258, 98%=0.7497836947441101
ranking_best_algo: PBIL
ranking_best_score: 0.730509098125
ranking_my_rank: 1/504 (100.0%)
ranking_my_percent: 100.0
