ConfigName: krbf__advnormalizedfitness__M3__L10__eps0p033__g0p005__ds0p01__dm0p01
Problem: QUBO
Kernel: rbf
Advantage: normalizedfitness
M: 3
lambda: 10
epsilon_svgd: 0.033
gamma: 0.005
decay_start_ratio: 0.01
decay_min_factor: 0.01
bandwith_kernel: None
no_interact: False
avg_score: -574.5599975585938
median_score: -572.0
std_score: 26.385725021362305
percentiles: 2%=-633.0, 5%=-621.0, 10%=-611.0, 25%=-590.0, 50%=-572.0, 75%=-560.0, 90%=-542.7999877929688, 95%=-528.9500122070312, 98%=-518.8599853515625
ranking_best_algo: Tabu
ranking_best_score: 588.7199999999999
ranking_my_rank: 57/503 (88.9%)
ranking_my_percent: 88.86679920477137
