ConfigName: krbf__advnormalizedfitness__M3__L10__eps0p033__g0p01__ds0p15__dm0p3
Problem: NK
Kernel: rbf
Advantage: normalizedfitness
M: 3
lambda: 10
epsilon_svgd: 0.033
gamma: 0.01
decay_start_ratio: 0.15
decay_min_factor: 0.3
bandwith_kernel: None
no_interact: False
avg_score: 0.7367363572120667
median_score: 0.737147867679596
std_score: 0.008682689629495144
percentiles: 2%=0.7197141647338867, 5%=0.7214911580085754, 10%=0.7240647077560425, 25%=0.7310732007026672, 50%=0.737147867679596, 75%=0.7432780265808105, 90%=0.7466306686401367, 95%=0.7504076361656189, 98%=0.7516975402832031
ranking_best_algo: PBIL
ranking_best_score: 0.730509098125
ranking_my_rank: 1/504 (100.0%)
ranking_my_percent: 100.0
