ConfigName: kjsd__advperagentrankweighted__M3__L16__eps0p007__g0p0005__ds0p1__dm0p1
Problem: QUBO
Kernel: jsd
Advantage: peragentrankweighted
M: 3
lambda: 16
epsilon_svgd: 0.007
gamma: 0.0005
decay_start_ratio: 0.1
decay_min_factor: 0.1
bandwith_kernel: None
no_interact: False
avg_score: -138.0
median_score: -139.0
std_score: 11.984990119934082
percentiles: 2%=-159.02000427246094, 5%=-157.0500030517578, 10%=-155.10000610351562, 25%=-146.0, 50%=-139.0, 75%=-129.0, 90%=-123.0, 95%=-120.9000015258789, 98%=-114.91999816894531
ranking_best_algo: DiscreteDE
ranking_best_score: 143.4
ranking_my_rank: 116/504 (77.2%)
ranking_my_percent: 77.18253968253968
