ConfigName: krbf__advnormalizedfitness__M4__L15__eps0p033__g0p01__ds0p01__dm0p01
Problem: QUBO
Kernel: rbf
Advantage: normalizedfitness
M: 4
lambda: 15
epsilon_svgd: 0.033
gamma: 0.01
decay_start_ratio: 0.01
decay_min_factor: 0.01
bandwith_kernel: None
no_interact: False
avg_score: -1185.300048828125
median_score: -1174.5
std_score: 81.97932434082031
percentiles: 2%=-1371.1199951171875, 5%=-1343.800048828125, 10%=-1294.800048828125, 25%=-1237.75, 50%=-1174.5, 75%=-1132.5, 90%=-1088.800048828125, 95%=-1065.4500732421875, 98%=-1044.8800048828125
ranking_best_algo: BigLognormalDiscreteOnePlusOne
ranking_best_score: 1301.3600000000004
ranking_my_rank: 93/504 (81.7%)
ranking_my_percent: 81.74603174603175
