ConfigName: krbf__advnormalizedfitness__M1__L8__eps0p033__g0p015__ds0p15__dm0p01
Problem: NK
Kernel: rbf
Advantage: normalizedfitness
M: 1
lambda: 8
epsilon_svgd: 0.033
gamma: 0.015
decay_start_ratio: 0.15
decay_min_factor: 0.01
bandwith_kernel: None
no_interact: False
avg_score: 0.7384017109870911
median_score: 0.73968505859375
std_score: 0.009013835340738297
percentiles: 2%=0.7176975011825562, 5%=0.7198882102966309, 10%=0.7277509570121765, 25%=0.7325699329376221, 50%=0.73968505859375, 75%=0.7449191808700562, 90%=0.7490068078041077, 95%=0.7511506080627441, 98%=0.7540668249130249
ranking_best_algo: PBIL
ranking_best_score: 0.733570253046875
ranking_my_rank: 1/504 (100.0%)
ranking_my_percent: 100.0
