ConfigName: krbf__advnormalizedfitness__M4__L12__eps0p015__g0p015__ds0p15__dm0p3
Problem: QUBO
Kernel: rbf
Advantage: normalizedfitness
M: 4
lambda: 12
epsilon_svgd: 0.015
gamma: 0.015
decay_start_ratio: 0.15
decay_min_factor: 0.3
bandwith_kernel: None
no_interact: False
avg_score: -124.31999969482422
median_score: -124.5
std_score: 14.081818580627441
percentiles: 2%=-155.0399932861328, 5%=-147.10000610351562, 10%=-141.10000610351562, 25%=-135.0, 50%=-124.5, 75%=-112.0, 90%=-106.9000015258789, 95%=-103.0, 98%=-100.0
ranking_best_algo: CMApara
ranking_best_score: 154.28
ranking_my_rank: 357/504 (29.4%)
ranking_my_percent: 29.365079365079364
