ConfigName: krbf__advnormalizedfitness__M4__L8__eps0p025__g0p01__ds0p05__dm0p05
Problem: NK
Kernel: rbf
Advantage: normalizedfitness
M: 4
lambda: 8
epsilon_svgd: 0.025
gamma: 0.01
decay_start_ratio: 0.05
decay_min_factor: 0.05
bandwith_kernel: None
no_interact: False
avg_score: 0.7452327013015747
median_score: 0.7423104643821716
std_score: 0.02716699056327343
percentiles: 2%=0.7057788968086243, 5%=0.7090029716491699, 10%=0.7117988467216492, 25%=0.7220165133476257, 50%=0.7423104643821716, 75%=0.7584925889968872, 90%=0.7782467603683472, 95%=0.8044298887252808, 98%=0.8044298887252808
ranking_best_algo: CMApara
ranking_best_score: 0.7459277895312499
ranking_my_rank: 2/504 (99.8%)
ranking_my_percent: 99.8015873015873
