ConfigName: krbf__advnormalizedfitness__M1__L10__eps0p015__g0p01__ds0p15__dm0p01
Problem: NK
Kernel: rbf
Advantage: normalizedfitness
M: 1
lambda: 10
epsilon_svgd: 0.015
gamma: 0.01
decay_start_ratio: 0.15
decay_min_factor: 0.01
bandwith_kernel: None
no_interact: False
avg_score: 0.7319076061248779
median_score: 0.732839047908783
std_score: 0.009173375554382801
percentiles: 2%=0.7115927338600159, 5%=0.7157168984413147, 10%=0.7195156812667847, 25%=0.7251176834106445, 50%=0.732839047908783, 75%=0.7387112379074097, 90%=0.7441408038139343, 95%=0.7453560829162598, 98%=0.7457960247993469
ranking_best_algo: PBIL
ranking_best_score: 0.7248786399609374
ranking_my_rank: 1/504 (100.0%)
ranking_my_percent: 100.0
