ConfigName: kjsd__advperagentrankweighted__M5__L8__eps0p02__g0p0007__ds0p05__dm0p05
Problem: QUBO
Kernel: jsd
Advantage: peragentrankweighted
M: 5
lambda: 8
epsilon_svgd: 0.02
gamma: 0.0007
decay_start_ratio: 0.05
decay_min_factor: 0.05
bandwith_kernel: None
no_interact: False
avg_score: -1616.8599853515625
median_score: -1614.0
std_score: 59.32419967651367
percentiles: 2%=-1743.280029296875, 5%=-1715.5999755859375, 10%=-1691.300048828125, 25%=-1657.25, 50%=-1614.0, 75%=-1576.75, 90%=-1539.9000244140625, 95%=-1530.5, 98%=-1511.0
ranking_best_algo: NLOPT_LN_PRAXIS
ranking_best_score: 1607.12
ranking_my_rank: 1/504 (100.0%)
ranking_my_percent: 100.0
