ConfigName: kjsd__advperagentrankweighted__M5__L10__eps0p02__g0p0005__ds0p2__dm0p05
Problem: QUBO
Kernel: jsd
Advantage: peragentrankweighted
M: 5
lambda: 10
epsilon_svgd: 0.02
gamma: 0.0005
decay_start_ratio: 0.2
decay_min_factor: 0.05
bandwith_kernel: None
no_interact: False
avg_score: -910.5800170898438
median_score: -908.0
std_score: 63.24589538574219
percentiles: 2%=-1030.239990234375, 5%=-1008.25, 10%=-993.0, 25%=-957.5, 50%=-908.0, 75%=-867.75, 90%=-816.9000244140625, 95%=-809.0499877929688, 98%=-788.97998046875
ranking_best_algo: CMAL3
ranking_best_score: 928.5800000000002
ranking_my_rank: 20/504 (96.2%)
ranking_my_percent: 96.23015873015873
