ConfigName: kjsd__advperagentrankweighted__M3__L24__eps0p007__g0p001__ds0p1__dm0p2
Problem: NK
Kernel: jsd
Advantage: peragentrankweighted
M: 3
lambda: 24
epsilon_svgd: 0.007
gamma: 0.001
decay_start_ratio: 0.1
decay_min_factor: 0.2
bandwith_kernel: None
no_interact: False
avg_score: 0.7105475664138794
median_score: 0.7112276554107666
std_score: 0.015320679172873497
percentiles: 2%=0.6715848445892334, 5%=0.6723904013633728, 10%=0.6967488527297974, 25%=0.7073688507080078, 50%=0.7112276554107666, 75%=0.7197721004486084, 90%=0.72553551197052, 95%=0.731808066368103, 98%=0.7327395081520081
ranking_best_algo: CMApara
ranking_best_score: 0.707475975
ranking_my_rank: 1/504 (100.0%)
ranking_my_percent: 100.0
