ConfigName: kjsd__advperagentrankweighted__M4__L12__eps0p005__g0p001__ds0p05__dm0p2
Problem: QUBO
Kernel: jsd
Advantage: peragentrankweighted
M: 4
lambda: 12
epsilon_svgd: 0.005
gamma: 0.001
decay_start_ratio: 0.05
decay_min_factor: 0.2
bandwith_kernel: None
no_interact: False
avg_score: -2498.659912109375
median_score: -2509.5
std_score: 129.9586181640625
percentiles: 2%=-2777.60009765625, 5%=-2721.050048828125, 10%=-2655.5, 25%=-2577.25, 50%=-2509.5, 75%=-2416.25, 90%=-2316.0, 95%=-2289.699951171875, 98%=-2235.199951171875
ranking_best_algo: SVM1MetaModelLogNormal
ranking_best_score: 2605.14
ranking_my_rank: 65/504 (87.3%)
ranking_my_percent: 87.3015873015873
