ConfigName: krbf__advnormalizedfitness__M4__L10__eps0p015__g0p005__ds0p15__dm0p01
Problem: NK
Kernel: rbf
Advantage: normalizedfitness
M: 4
lambda: 10
epsilon_svgd: 0.015
gamma: 0.005
decay_start_ratio: 0.15
decay_min_factor: 0.01
bandwith_kernel: None
no_interact: False
avg_score: 0.7255545854568481
median_score: 0.7255771160125732
std_score: 0.015036001801490784
percentiles: 2%=0.6956241130828857, 5%=0.7023606896400452, 10%=0.7039150595664978, 25%=0.7152833342552185, 50%=0.7255771160125732, 75%=0.7370508909225464, 90%=0.7440787553787231, 95%=0.7497899532318115, 98%=0.7540237307548523
ranking_best_algo: PBIL
ranking_best_score: 0.733570253046875
ranking_my_rank: 19/504 (96.4%)
ranking_my_percent: 96.42857142857143
