ConfigName: kjsd__advperagentrankweighted__M4__L12__eps0p01__g0p0003__ds0p05__dm0p05
Problem: NK
Kernel: jsd
Advantage: peragentrankweighted
M: 4
lambda: 12
epsilon_svgd: 0.01
gamma: 0.0003
decay_start_ratio: 0.05
decay_min_factor: 0.05
bandwith_kernel: None
no_interact: False
avg_score: 0.7045276165008545
median_score: 0.7060073614120483
std_score: 0.011449098587036133
percentiles: 2%=0.6861425042152405, 5%=0.6863539218902588, 10%=0.6894169449806213, 25%=0.693708598613739, 50%=0.7060073614120483, 75%=0.7151917219161987, 90%=0.7181201577186584, 95%=0.7194771766662598, 98%=0.7215483784675598
ranking_best_algo: PBIL
ranking_best_score: 0.7013553837109374
ranking_my_rank: 1/504 (100.0%)
ranking_my_percent: 100.0
