ConfigName: kjsd__advperagentrankweighted__M4__L24__eps0p03__g0p0003__ds0p05__dm0p05
Problem: QUBO
Kernel: jsd
Advantage: peragentrankweighted
M: 4
lambda: 24
epsilon_svgd: 0.03
gamma: 0.0003
decay_start_ratio: 0.05
decay_min_factor: 0.05
bandwith_kernel: None
no_interact: False
avg_score: -2546.60009765625
median_score: -2550.0
std_score: 109.99781036376953
percentiles: 2%=-2784.5, 5%=-2725.5, 10%=-2668.60009765625, 25%=-2623.25, 50%=-2550.0, 75%=-2476.5, 90%=-2387.5, 95%=-2364.89990234375, 98%=-2353.800048828125
ranking_best_algo: SVM1MetaModelLogNormal
ranking_best_score: 2605.14
ranking_my_rank: 42/504 (91.9%)
ranking_my_percent: 91.86507936507937
