ConfigName: kjsd__advperagentrankweighted__M3__L18__eps0p007__g0p0007__ds0p2__dm0p1
Problem: QUBO
Kernel: jsd
Advantage: peragentrankweighted
M: 3
lambda: 18
epsilon_svgd: 0.007
gamma: 0.0007
decay_start_ratio: 0.2
decay_min_factor: 0.1
bandwith_kernel: None
no_interact: False
avg_score: -915.0
median_score: -912.5
std_score: 63.11941146850586
percentiles: 2%=-1037.1600341796875, 5%=-1014.0999755859375, 10%=-997.2999877929688, 25%=-971.5, 50%=-912.5, 75%=-871.75, 90%=-828.7000122070312, 95%=-816.7999877929688, 98%=-800.9600219726562
ranking_best_algo: CMAL3
ranking_best_score: 928.5800000000002
ranking_my_rank: 17/504 (96.8%)
ranking_my_percent: 96.82539682539682
