ConfigName: kjsd__advperagentrankweighted__M3__L18__eps0p007__g0p0005__ds0p1__dm0p1
Problem: NK
Kernel: jsd
Advantage: peragentrankweighted
M: 3
lambda: 18
epsilon_svgd: 0.007
gamma: 0.0005
decay_start_ratio: 0.1
decay_min_factor: 0.1
bandwith_kernel: None
no_interact: False
avg_score: 0.7091982364654541
median_score: 0.7108187079429626
std_score: 0.015546715818345547
percentiles: 2%=0.6689900755882263, 5%=0.67180335521698, 10%=0.693943440914154, 25%=0.7063830494880676, 50%=0.7108187079429626, 75%=0.7180711627006531, 90%=0.7253445982933044, 95%=0.7315675020217896, 98%=0.7329310178756714
ranking_best_algo: CMApara
ranking_best_score: 0.707475975
ranking_my_rank: 1/504 (100.0%)
ranking_my_percent: 100.0
