ConfigName: krbf__advnormalizedfitness__M2__L11__eps0p02__g0p005__ds0p01__dm0p01
Problem: QUBO
Kernel: rbf
Advantage: normalizedfitness
M: 2
lambda: 11
epsilon_svgd: 0.02
gamma: 0.005
decay_start_ratio: 0.01
decay_min_factor: 0.01
bandwith_kernel: None
no_interact: False
avg_score: -2555.4599609375
median_score: -2545.5
std_score: 116.70059204101562
percentiles: 2%=-2774.0, 5%=-2747.25, 10%=-2699.10009765625, 25%=-2641.75, 50%=-2545.5, 75%=-2464.0, 90%=-2424.300048828125, 95%=-2402.0, 98%=-2307.260009765625
ranking_best_algo: SVM1MetaModelLogNormal
ranking_best_score: 2605.14
ranking_my_rank: 41/504 (92.1%)
ranking_my_percent: 92.06349206349206
