ConfigName: krbf__advnormalizedfitness__M2__L10__eps0p025__g0p01__ds0p15__dm0p3
Problem: QUBO
Kernel: rbf
Advantage: normalizedfitness
M: 2
lambda: 10
epsilon_svgd: 0.025
gamma: 0.01
decay_start_ratio: 0.15
decay_min_factor: 0.3
bandwith_kernel: None
no_interact: False
avg_score: -2526.9599609375
median_score: -2524.0
std_score: 136.73594665527344
percentiles: 2%=-2784.1201171875, 5%=-2778.199951171875, 10%=-2697.199951171875, 25%=-2620.75, 50%=-2524.0, 75%=-2423.75, 90%=-2346.60009765625, 95%=-2317.60009765625, 98%=-2259.9599609375
ranking_best_algo: SVM1MetaModelLogNormal
ranking_best_score: 2605.14
ranking_my_rank: 53/504 (89.7%)
ranking_my_percent: 89.68253968253968
