ConfigName: kjsd__advperagentrankweighted__M5__L10__eps0p03__g0p0007__ds0p2__dm0p05
Problem: QUBO
Kernel: jsd
Advantage: peragentrankweighted
M: 5
lambda: 10
epsilon_svgd: 0.03
gamma: 0.0007
decay_start_ratio: 0.2
decay_min_factor: 0.05
bandwith_kernel: None
no_interact: False
avg_score: -1232.6199951171875
median_score: -1228.5
std_score: 61.120826721191406
percentiles: 2%=-1345.0999755859375, 5%=-1335.300048828125, 10%=-1321.0999755859375, 25%=-1279.5, 50%=-1228.5, 75%=-1190.75, 90%=-1150.800048828125, 95%=-1133.0, 98%=-1123.8399658203125
ranking_best_algo: SVMMetaModelLogNormal
ranking_best_score: 1233.7999999999997
ranking_my_rank: 9/504 (98.4%)
ranking_my_percent: 98.41269841269842
