ConfigName: kjsd__advperagentrankweighted__M3__L30__eps0p007__g0p001__ds0p2__dm0p05
Problem: NK
Kernel: jsd
Advantage: peragentrankweighted
M: 3
lambda: 30
epsilon_svgd: 0.007
gamma: 0.001
decay_start_ratio: 0.2
decay_min_factor: 0.05
bandwith_kernel: None
no_interact: False
avg_score: 0.740792989730835
median_score: 0.7389848232269287
std_score: 0.01296647172421217
percentiles: 2%=0.7162810564041138, 5%=0.7231104373931885, 10%=0.7254994511604309, 25%=0.7323557138442993, 50%=0.7389848232269287, 75%=0.7499107122421265, 90%=0.7578871250152588, 95%=0.7617511749267578, 98%=0.7639856338500977
ranking_best_algo: Tabu
ranking_best_score: 0.7601875690625
ranking_my_rank: 12/504 (97.8%)
ranking_my_percent: 97.81746031746032
