ConfigName: kjsd__advperagentrankweighted__M3__L16__eps0p01__g0p0005__ds0p2__dm0p05
Problem: NK
Kernel: jsd
Advantage: peragentrankweighted
M: 3
lambda: 16
epsilon_svgd: 0.01
gamma: 0.0005
decay_start_ratio: 0.2
decay_min_factor: 0.05
bandwith_kernel: None
no_interact: False
avg_score: 0.7337368130683899
median_score: 0.7354548573493958
std_score: 0.00938317459076643
percentiles: 2%=0.7156375646591187, 5%=0.7170396447181702, 10%=0.7206671237945557, 25%=0.7265634536743164, 50%=0.7354548573493958, 75%=0.7408701777458191, 90%=0.7454858422279358, 95%=0.7469098567962646, 98%=0.7486626505851746
ranking_best_algo: PBIL
ranking_best_score: 0.730509098125
ranking_my_rank: 1/504 (100.0%)
ranking_my_percent: 100.0
