ConfigName: kfr__advglobalrankweighted__M3__L11__eps0p015__g0p007__ds0p01__dm0p01
Problem: QUBO
Kernel: fr
Advantage: globalrankweighted
M: 3
lambda: 11
epsilon_svgd: 0.015
gamma: 0.007
decay_start_ratio: 0.01
decay_min_factor: 0.01
bandwith_kernel: None
no_interact: False
avg_score: -200.89999389648438
median_score: -202.0
std_score: 11.900840759277344
percentiles: 2%=-224.0, 5%=-221.0500030517578, 10%=-216.0, 25%=-208.25, 50%=-202.0, 75%=-193.75, 90%=-183.89999389648438, 95%=-179.95001220703125, 98%=-177.95999145507812
ranking_best_algo: Tabu
ranking_best_score: 208.36000000000004
ranking_my_rank: 44/504 (91.5%)
ranking_my_percent: 91.46825396825396
