ConfigName: krbf__advnormalizedfitness__M4__L8__eps0p025__g0p015__ds0p01__dm0p3
Problem: NK
Kernel: rbf
Advantage: normalizedfitness
M: 4
lambda: 8
epsilon_svgd: 0.025
gamma: 0.015
decay_start_ratio: 0.01
decay_min_factor: 0.3
bandwith_kernel: None
no_interact: False
avg_score: 0.744053065776825
median_score: 0.7423104643821716
std_score: 0.02931256964802742
percentiles: 2%=0.6992223262786865, 5%=0.7031201720237732, 10%=0.7064818143844604, 25%=0.7183154821395874, 50%=0.7423104643821716, 75%=0.7585474252700806, 90%=0.778337299823761, 95%=0.8044298887252808, 98%=0.8118547797203064
ranking_best_algo: CMApara
ranking_best_score: 0.7459277895312499
ranking_my_rank: 6/504 (99.0%)
ranking_my_percent: 99.0079365079365
