ConfigName: kjsd__advperagentrankweighted__M5__L10__eps0p005__g0p0005__ds0p05__dm0p05
Problem: QUBO
Kernel: jsd
Advantage: peragentrankweighted
M: 5
lambda: 10
epsilon_svgd: 0.005
gamma: 0.0005
decay_start_ratio: 0.05
decay_min_factor: 0.05
bandwith_kernel: None
no_interact: False
avg_score: -1209.43994140625
median_score: -1196.0
std_score: 61.48029708862305
percentiles: 2%=-1363.0400390625, 5%=-1341.5, 10%=-1293.0999755859375, 25%=-1243.5, 50%=-1196.0, 75%=-1171.5, 90%=-1141.800048828125, 95%=-1133.949951171875, 98%=-1095.9000244140625
ranking_best_algo: Tabu
ranking_best_score: 1216.16
ranking_my_rank: 2/504 (99.8%)
ranking_my_percent: 99.8015873015873
