ConfigName: kjsd__advperagentrankweighted__M5__L10__eps0p03__g0p0007__ds0p05__dm0p05
Problem: QUBO
Kernel: jsd
Advantage: peragentrankweighted
M: 5
lambda: 10
epsilon_svgd: 0.03
gamma: 0.0007
decay_start_ratio: 0.05
decay_min_factor: 0.05
bandwith_kernel: None
no_interact: False
avg_score: -428.82000732421875
median_score: -426.5
std_score: 24.79047393798828
percentiles: 2%=-481.0, 5%=-475.1000061035156, 10%=-465.0, 25%=-446.25, 50%=-426.5, 75%=-410.75, 90%=-396.0, 95%=-393.95001220703125, 98%=-389.94000244140625
ranking_best_algo: CMAL3
ranking_best_score: 435.36
ranking_my_rank: 14/504 (97.4%)
ranking_my_percent: 97.42063492063492
