ConfigName: kjsd__advperagentrankweighted__M3__L18__eps0p01__g0p001__ds0p1__dm0p1
Problem: NK
Kernel: jsd
Advantage: peragentrankweighted
M: 3
lambda: 18
epsilon_svgd: 0.01
gamma: 0.001
decay_start_ratio: 0.1
decay_min_factor: 0.1
bandwith_kernel: None
no_interact: False
avg_score: 0.7347833514213562
median_score: 0.7355412244796753
std_score: 0.008615952916443348
percentiles: 2%=0.7171988487243652, 5%=0.7176545858383179, 10%=0.7232139706611633, 25%=0.7281680107116699, 50%=0.7355412244796753, 75%=0.7425566911697388, 90%=0.7446021437644958, 95%=0.7464162111282349, 98%=0.747532308101654
ranking_best_algo: PBIL
ranking_best_score: 0.7248786399609374
ranking_my_rank: 1/504 (100.0%)
ranking_my_percent: 100.0
