ConfigName: kjsd__advperagentrankweighted__M3__L20__eps0p005__g0p0007__ds0p2__dm0p2
Problem: QUBO
Kernel: jsd
Advantage: peragentrankweighted
M: 3
lambda: 20
epsilon_svgd: 0.005
gamma: 0.0007
decay_start_ratio: 0.2
decay_min_factor: 0.2
bandwith_kernel: None
no_interact: False
avg_score: -578.02001953125
median_score: -577.5
std_score: 26.364360809326172
percentiles: 2%=-634.0599975585938, 5%=-620.1500244140625, 10%=-611.0, 25%=-594.75, 50%=-577.5, 75%=-560.75, 90%=-545.7000122070312, 95%=-538.0, 98%=-530.6400146484375
ranking_best_algo: Tabu
ranking_best_score: 588.7199999999999
ranking_my_rank: 42/503 (91.8%)
ranking_my_percent: 91.84890656063618
