ConfigName: krbf__advnormalizedfitness__M3__L8__eps0p025__g0p007__ds0p3__dm0p3
Problem: QUBO
Kernel: rbf
Advantage: normalizedfitness
M: 3
lambda: 8
epsilon_svgd: 0.025
gamma: 0.007
decay_start_ratio: 0.3
decay_min_factor: 0.3
bandwith_kernel: None
no_interact: False
avg_score: -1187.280029296875
median_score: -1186.5
std_score: 60.13136672973633
percentiles: 2%=-1341.199951171875, 5%=-1295.9000244140625, 10%=-1261.199951171875, 25%=-1217.25, 50%=-1186.5, 75%=-1141.5, 90%=-1109.9000244140625, 95%=-1101.6500244140625, 98%=-1091.8599853515625
ranking_best_algo: Tabu
ranking_best_score: 1216.16
ranking_my_rank: 64/504 (87.5%)
ranking_my_percent: 87.5
