ConfigName: kjsd__advperagentrankweighted__M10__L24__eps0p008__g0p0005__ds0p05__dm0p05
Problem: QUBO
Kernel: jsd
Advantage: peragentrankweighted
M: 10
lambda: 24
epsilon_svgd: 0.008
gamma: 0.0005
decay_start_ratio: 0.05
decay_min_factor: 0.05
bandwith_kernel: None
no_interact: False
avg_score: -404.760009765625
median_score: -403.5
std_score: 28.75799560546875
percentiles: 2%=-465.0799865722656, 5%=-455.0, 10%=-443.0, 25%=-423.25, 50%=-403.5, 75%=-385.75, 90%=-370.3999938964844, 95%=-356.95001220703125, 98%=-348.94000244140625
ranking_best_algo: CMAL3
ranking_best_score: 435.36
ranking_my_rank: 220/504 (56.5%)
ranking_my_percent: 56.54761904761905
