ConfigName: krbf__advnormalizedfitness__M4__L8__eps0p015__g0p007__ds0p3__dm0p01
Problem: NK
Kernel: rbf
Advantage: normalizedfitness
M: 4
lambda: 8
epsilon_svgd: 0.015
gamma: 0.007
decay_start_ratio: 0.3
decay_min_factor: 0.01
bandwith_kernel: None
no_interact: False
avg_score: 0.7366061210632324
median_score: 0.7372729778289795
std_score: 0.008754868060350418
percentiles: 2%=0.7164897918701172, 5%=0.7213482856750488, 10%=0.7228288650512695, 25%=0.7319960594177246, 50%=0.7372729778289795, 75%=0.7431393265724182, 90%=0.746114194393158, 95%=0.7490415573120117, 98%=0.7509883642196655
ranking_best_algo: PBIL
ranking_best_score: 0.730509098125
ranking_my_rank: 1/504 (100.0%)
ranking_my_percent: 100.0
