ConfigName: kjsd__advperagentrankweighted__M15__L8__eps0p005__g0p0005__ds0p05__dm0p05
Problem: QUBO
Kernel: jsd
Advantage: peragentrankweighted
M: 15
lambda: 8
epsilon_svgd: 0.005
gamma: 0.0005
decay_start_ratio: 0.05
decay_min_factor: 0.05
bandwith_kernel: None
no_interact: False
avg_score: -1055.97998046875
median_score: -1052.0
std_score: 98.05763244628906
percentiles: 2%=-1271.1400146484375, 5%=-1211.6500244140625, 10%=-1189.0999755859375, 25%=-1108.25, 50%=-1052.0, 75%=-996.25, 90%=-932.7999877929688, 95%=-894.8499755859375, 98%=-847.0
ranking_best_algo: Tabu
ranking_best_score: 1216.16
ranking_my_rank: 233/504 (54.0%)
ranking_my_percent: 53.96825396825397
