ConfigName: krbf__advnormalizedfitness__M2__L11__eps0p01__g0p007__ds0p01__dm0p01
Problem: QUBO
Kernel: rbf
Advantage: normalizedfitness
M: 2
lambda: 11
epsilon_svgd: 0.01
gamma: 0.007
decay_start_ratio: 0.01
decay_min_factor: 0.01
bandwith_kernel: None
no_interact: False
avg_score: -579.0
median_score: -577.5
std_score: 29.20479393005371
percentiles: 2%=-634.02001953125, 5%=-625.2000122070312, 10%=-619.2000122070312, 25%=-602.25, 50%=-577.5, 75%=-557.75, 90%=-544.0, 95%=-532.9500122070312, 98%=-522.9600219726562
ranking_best_algo: Tabu
ranking_best_score: 588.7199999999999
ranking_my_rank: 41/503 (92.0%)
ranking_my_percent: 92.04771371769384
