ConfigName: kjsd__advperagentrankweighted__M10__L10__eps0p008__g0p0005__ds0p3__dm0p05
Problem: NK
Kernel: jsd
Advantage: peragentrankweighted
M: 10
lambda: 10
epsilon_svgd: 0.008
gamma: 0.0005
decay_start_ratio: 0.3
decay_min_factor: 0.05
bandwith_kernel: None
no_interact: False
avg_score: 0.6321168541908264
median_score: 0.6317659020423889
std_score: 0.009251237846910954
percentiles: 2%=0.6143715977668762, 5%=0.6180229783058167, 10%=0.6197746992111206, 25%=0.6255388259887695, 50%=0.6317659020423889, 75%=0.6400813460350037, 90%=0.6440210342407227, 95%=0.6471098065376282, 98%=0.6485440135002136
ranking_best_algo: PBIL
ranking_best_score: 0.7170882103515624
ranking_my_rank: 305/504 (39.7%)
ranking_my_percent: 39.682539682539684
