ConfigName: kjsd__advperagentrankweighted__M5__L8__eps0p005__g0p0005__ds0p4__dm0p05
Problem: NK
Kernel: jsd
Advantage: peragentrankweighted
M: 5
lambda: 8
epsilon_svgd: 0.005
gamma: 0.0005
decay_start_ratio: 0.4
decay_min_factor: 0.05
bandwith_kernel: None
no_interact: False
avg_score: 0.7093207836151123
median_score: 0.7090590000152588
std_score: 0.007967432960867882
percentiles: 2%=0.6940557956695557, 5%=0.6961458325386047, 10%=0.6996071934700012, 25%=0.704611599445343, 50%=0.7090590000152588, 75%=0.7129811644554138, 90%=0.7182592153549194, 95%=0.722123384475708, 98%=0.729293942451477
ranking_best_algo: PBIL
ranking_best_score: 0.7170882103515624
ranking_my_rank: 54/504 (89.5%)
ranking_my_percent: 89.48412698412699
