ConfigName: kjsd__advperagentrankweighted__M5__L10__eps0p005__g0p0005__ds0p4__dm0p05
Problem: QUBO
Kernel: jsd
Advantage: peragentrankweighted
M: 5
lambda: 10
epsilon_svgd: 0.005
gamma: 0.0005
decay_start_ratio: 0.4
decay_min_factor: 0.05
bandwith_kernel: None
no_interact: False
avg_score: -922.6400146484375
median_score: -913.5
std_score: 59.30067825317383
percentiles: 2%=-1034.0799560546875, 5%=-1030.050048828125, 10%=-1015.0999755859375, 25%=-962.0, 50%=-913.5, 75%=-879.0, 90%=-854.7000122070312, 95%=-830.9500122070312, 98%=-807.9400024414062
ranking_best_algo: CMAL3
ranking_best_score: 928.5800000000002
ranking_my_rank: 4/504 (99.4%)
ranking_my_percent: 99.4047619047619
