ConfigName: kjsd__advperagentrankweighted__M6__L8__eps0p02__g0p0005__ds0p05__dm0p05
Problem: QUBO
Kernel: jsd
Advantage: peragentrankweighted
M: 6
lambda: 8
epsilon_svgd: 0.02
gamma: 0.0005
decay_start_ratio: 0.05
decay_min_factor: 0.05
bandwith_kernel: None
no_interact: False
avg_score: -439.5199890136719
median_score: -440.0
std_score: 25.25647735595703
percentiles: 2%=-479.0199890136719, 5%=-473.1000061035156, 10%=-470.1000061035156, 25%=-461.0, 50%=-440.0, 75%=-418.5, 90%=-402.79998779296875, 95%=-396.95001220703125, 98%=-390.8999938964844
ranking_best_algo: CMApara
ranking_best_score: 453.82
ranking_my_rank: 18/504 (96.6%)
ranking_my_percent: 96.62698412698413
