ConfigName: kjsd__advperagentrankweighted__M5__L10__eps0p005__g0p0007__ds0p05__dm0p05
Problem: QUBO
Kernel: jsd
Advantage: peragentrankweighted
M: 5
lambda: 10
epsilon_svgd: 0.005
gamma: 0.0007
decay_start_ratio: 0.05
decay_min_factor: 0.05
bandwith_kernel: None
no_interact: False
avg_score: -431.29998779296875
median_score: -430.0
std_score: 22.869848251342773
percentiles: 2%=-475.0400085449219, 5%=-473.0, 10%=-465.29998779296875, 25%=-446.0, 50%=-430.0, 75%=-415.75, 90%=-402.70001220703125, 95%=-394.0, 98%=-392.0
ranking_best_algo: CMAL3
ranking_best_score: 435.36
ranking_my_rank: 8/504 (98.6%)
ranking_my_percent: 98.61111111111111
