ConfigName: kfr__advglobalrankweighted__M1__L7__eps0p015__g0p007__ds0p01__dm0p01
Problem: QUBO
Kernel: fr
Advantage: globalrankweighted
M: 1
lambda: 7
epsilon_svgd: 0.015
gamma: 0.007
decay_start_ratio: 0.01
decay_min_factor: 0.01
bandwith_kernel: None
no_interact: False
avg_score: -142.82000732421875
median_score: -143.5
std_score: 16.64594841003418
percentiles: 2%=-179.0, 5%=-179.0, 10%=-164.0, 25%=-151.0, 50%=-143.5, 75%=-132.5, 90%=-123.0, 95%=-113.95000457763672, 98%=-110.97999572753906
ranking_best_algo: CMApara
ranking_best_score: 154.28
ranking_my_rank: 224/504 (55.8%)
ranking_my_percent: 55.75396825396825
