ConfigName: kjsd__advperagentrankweighted__M4__L30__eps0p01__g0p0007__ds0p4__dm0p05
Problem: QUBO
Kernel: jsd
Advantage: peragentrankweighted
M: 4
lambda: 30
epsilon_svgd: 0.01
gamma: 0.0007
decay_start_ratio: 0.4
decay_min_factor: 0.05
bandwith_kernel: None
no_interact: False
avg_score: -442.79998779296875
median_score: -449.5
std_score: 26.031518936157227
percentiles: 2%=-479.0, 5%=-473.1000061035156, 10%=-472.0, 25%=-462.25, 50%=-449.5, 75%=-421.75, 90%=-407.79998779296875, 95%=-392.0, 98%=-384.0
ranking_best_algo: CMApara
ranking_best_score: 453.82
ranking_my_rank: 9/504 (98.4%)
ranking_my_percent: 98.41269841269842
