ConfigName: kjsd__advperagentrankweighted__M3__L18__eps0p007__g0p001__ds0p1__dm0p2
Problem: QUBO
Kernel: jsd
Advantage: peragentrankweighted
M: 3
lambda: 18
epsilon_svgd: 0.007
gamma: 0.001
decay_start_ratio: 0.1
decay_min_factor: 0.2
bandwith_kernel: None
no_interact: False
avg_score: -200.0
median_score: -201.0
std_score: 12.853014945983887
percentiles: 2%=-224.0, 5%=-222.0, 10%=-218.10000610351562, 25%=-207.0, 50%=-201.0, 75%=-192.0, 90%=-182.0, 95%=-178.9499969482422, 98%=-172.97999572753906
ranking_best_algo: Tabu
ranking_best_score: 208.36000000000004
ranking_my_rank: 54/504 (89.5%)
ranking_my_percent: 89.48412698412699
