ConfigName: kjsd__advperagentrankweighted__M3__L20__eps0p01__g0p0005__ds0p1__dm0p2
Problem: QUBO
Kernel: jsd
Advantage: peragentrankweighted
M: 3
lambda: 20
epsilon_svgd: 0.01
gamma: 0.0005
decay_start_ratio: 0.1
decay_min_factor: 0.2
bandwith_kernel: None
no_interact: False
avg_score: -1248.5999755859375
median_score: -1239.0
std_score: 60.65987014770508
percentiles: 2%=-1377.1199951171875, 5%=-1357.550048828125, 10%=-1334.0999755859375, 25%=-1291.5, 50%=-1239.0, 75%=-1201.25, 90%=-1174.5999755859375, 95%=-1161.0, 98%=-1152.8399658203125
ranking_best_algo: SVMMetaModelLogNormal
ranking_best_score: 1233.7999999999997
ranking_my_rank: 1/504 (100.0%)
ranking_my_percent: 100.0
