ConfigName: kjsd__advperagentrankweighted__M4__L8__eps0p02__g0p0007__ds0p2__dm0p05
Problem: QUBO
Kernel: jsd
Advantage: peragentrankweighted
M: 4
lambda: 8
epsilon_svgd: 0.02
gamma: 0.0007
decay_start_ratio: 0.2
decay_min_factor: 0.05
bandwith_kernel: None
no_interact: False
avg_score: -1293.6199951171875
median_score: -1293.0
std_score: 61.190162658691406
percentiles: 2%=-1411.1600341796875, 5%=-1394.550048828125, 10%=-1376.0999755859375, 25%=-1338.75, 50%=-1293.0, 75%=-1254.5, 90%=-1208.800048828125, 95%=-1202.0999755859375, 98%=-1179.0
ranking_best_algo: BigLognormalDiscreteOnePlusOne
ranking_best_score: 1301.3600000000004
ranking_my_rank: 2/504 (99.8%)
ranking_my_percent: 99.8015873015873
