ConfigName: krbf__advnormalizedfitness__M3__L10__eps0p025__g0p005__ds0p01__dm0p3
Problem: NK
Kernel: rbf
Advantage: normalizedfitness
M: 3
lambda: 10
epsilon_svgd: 0.025
gamma: 0.005
decay_start_ratio: 0.01
decay_min_factor: 0.3
bandwith_kernel: None
no_interact: False
avg_score: 0.7367114424705505
median_score: 0.739238440990448
std_score: 0.009347187355160713
percentiles: 2%=0.7169538140296936, 5%=0.7201775908470154, 10%=0.7229966521263123, 25%=0.7311110496520996, 50%=0.739238440990448, 75%=0.7426944375038147, 90%=0.7473541498184204, 95%=0.7499646544456482, 98%=0.7524293661117554
ranking_best_algo: PBIL
ranking_best_score: 0.730509098125
ranking_my_rank: 1/504 (100.0%)
ranking_my_percent: 100.0
