ConfigName: kfr__advglobalrankweighted__M4__L15__eps0p02__g0p005__ds0p01__dm0p01
Problem: QUBO
Kernel: fr
Advantage: globalrankweighted
M: 4
lambda: 15
epsilon_svgd: 0.02
gamma: 0.005
decay_start_ratio: 0.01
decay_min_factor: 0.01
bandwith_kernel: None
no_interact: False
avg_score: -310.32000732421875
median_score: -304.0
std_score: 38.87901306152344
percentiles: 2%=-396.0799865722656, 5%=-388.3999938964844, 10%=-360.79998779296875, 25%=-336.0, 50%=-304.0, 75%=-276.75, 90%=-267.6000061035156, 95%=-257.9000244140625, 98%=-250.0
ranking_best_algo: CMApara
ranking_best_score: 319.29999999999995
ranking_my_rank: 62/504 (87.9%)
ranking_my_percent: 87.89682539682539
