ConfigName: krbf__advnormalizedfitness__M2__L6__eps0p01__g0p01__ds0p3__dm0p01
Problem: NK
Kernel: rbf
Advantage: normalizedfitness
M: 2
lambda: 6
epsilon_svgd: 0.01
gamma: 0.01
decay_start_ratio: 0.3
decay_min_factor: 0.01
bandwith_kernel: None
no_interact: False
avg_score: 0.7569491863250732
median_score: 0.7568877339363098
std_score: 0.013624374754726887
percentiles: 2%=0.7307084202766418, 5%=0.7362146377563477, 10%=0.7394909858703613, 25%=0.7467449903488159, 50%=0.7568877339363098, 75%=0.7660952806472778, 90%=0.7743624448776245, 95%=0.7795932292938232, 98%=0.7829399108886719
ranking_best_algo: Tabu
ranking_best_score: 0.7470791764843752
ranking_my_rank: 1/504 (100.0%)
ranking_my_percent: 100.0
