ConfigName: krbf__advnormalizedfitness__M4__L12__eps0p033__g0p01__ds0p01__dm0p3
Problem: NK
Kernel: rbf
Advantage: normalizedfitness
M: 4
lambda: 12
epsilon_svgd: 0.033
gamma: 0.01
decay_start_ratio: 0.01
decay_min_factor: 0.3
bandwith_kernel: None
no_interact: False
avg_score: 0.697359025478363
median_score: 0.7005587816238403
std_score: 0.012147440575063229
percentiles: 2%=0.6758030652999878, 5%=0.6789442300796509, 10%=0.68232262134552, 25%=0.6859588623046875, 50%=0.7005587816238403, 75%=0.7085995674133301, 90%=0.7110654711723328, 95%=0.7140082120895386, 98%=0.716964840888977
ranking_best_algo: PBIL
ranking_best_score: 0.7013553837109374
ranking_my_rank: 32/504 (93.8%)
ranking_my_percent: 93.84920634920636
