ConfigName: kjsd__advperagentrankweighted__M10__L28__eps0p005__g0p0005__ds0p3__dm0p05
Problem: QUBO
Kernel: jsd
Advantage: peragentrankweighted
M: 10
lambda: 28
epsilon_svgd: 0.005
gamma: 0.0005
decay_start_ratio: 0.3
decay_min_factor: 0.05
bandwith_kernel: None
no_interact: False
avg_score: -693.8800048828125
median_score: -682.0
std_score: 76.96288299560547
percentiles: 2%=-874.0599975585938, 5%=-821.25, 10%=-794.0999755859375, 25%=-743.0, 50%=-682.0, 75%=-642.5, 90%=-591.0, 95%=-566.9000244140625, 98%=-562.6400146484375
ranking_best_algo: CMApara
ranking_best_score: 964.9
ranking_my_rank: 331/504 (34.5%)
ranking_my_percent: 34.523809523809526
