ConfigName: kjsd__advperagentrankweighted__M3__L18__eps0p005__g0p001__ds0p05__dm0p05
Problem: NK
Kernel: jsd
Advantage: peragentrankweighted
M: 3
lambda: 18
epsilon_svgd: 0.005
gamma: 0.001
decay_start_ratio: 0.05
decay_min_factor: 0.05
bandwith_kernel: None
no_interact: False
avg_score: 0.7107829451560974
median_score: 0.7116180062294006
std_score: 0.01557168085128069
percentiles: 2%=0.6716357469558716, 5%=0.6723805665969849, 10%=0.697243869304657, 25%=0.7074407339096069, 50%=0.7116180062294006, 75%=0.7193619012832642, 90%=0.7255520820617676, 95%=0.7329012155532837, 98%=0.7344768047332764
ranking_best_algo: CMApara
ranking_best_score: 0.707475975
ranking_my_rank: 1/504 (100.0%)
ranking_my_percent: 100.0
