ConfigName: kjsd__advperagentrankweighted__M3__L18__eps0p005__g0p0007__ds0p2__dm0p05
Problem: QUBO
Kernel: jsd
Advantage: peragentrankweighted
M: 3
lambda: 18
epsilon_svgd: 0.005
gamma: 0.0007
decay_start_ratio: 0.2
decay_min_factor: 0.05
bandwith_kernel: None
no_interact: False
avg_score: -2652.280029296875
median_score: -2657.5
std_score: 125.77870178222656
percentiles: 2%=-2911.280029296875, 5%=-2844.35009765625, 10%=-2817.199951171875, 25%=-2743.0, 50%=-2657.5, 75%=-2556.0, 90%=-2493.699951171875, 95%=-2469.85009765625, 98%=-2437.919921875
ranking_best_algo: DiscreteLengler2OnePlusOne
ranking_best_score: 2617.04
ranking_my_rank: 1/504 (100.0%)
ranking_my_percent: 100.0
