ConfigName: krbf__advnormalizedfitness__M2__L10__eps0p015__g0p01__ds0p15__dm0p3
Problem: QUBO
Kernel: rbf
Advantage: normalizedfitness
M: 2
lambda: 10
epsilon_svgd: 0.015
gamma: 0.01
decay_start_ratio: 0.15
decay_min_factor: 0.3
bandwith_kernel: None
no_interact: False
avg_score: -3115.300048828125
median_score: -3140.5
std_score: 144.27830505371094
percentiles: 2%=-3370.52001953125, 5%=-3326.550048828125, 10%=-3281.60009765625, 25%=-3216.0, 50%=-3140.5, 75%=-2998.75, 90%=-2909.5, 95%=-2878.64990234375, 98%=-2870.340087890625
ranking_best_algo: RLSOnePlusOne
ranking_best_score: 3316.5199999999995
ranking_my_rank: 79/504 (84.5%)
ranking_my_percent: 84.52380952380952
