ConfigName: krbf__advnormalizedfitness__M3__L12__eps0p033__g0p007__ds0p3__dm0p3
Problem: QUBO
Kernel: rbf
Advantage: normalizedfitness
M: 3
lambda: 12
epsilon_svgd: 0.033
gamma: 0.007
decay_start_ratio: 0.3
decay_min_factor: 0.3
bandwith_kernel: None
no_interact: False
avg_score: -898.47998046875
median_score: -900.5
std_score: 68.50393676757812
percentiles: 2%=-1032.280029296875, 5%=-1011.25, 10%=-996.0999755859375, 25%=-945.0, 50%=-900.5, 75%=-852.5, 90%=-802.7000122070312, 95%=-789.9000244140625, 98%=-780.9599609375
ranking_best_algo: CMAL3
ranking_best_score: 928.5800000000002
ranking_my_rank: 74/504 (85.5%)
ranking_my_percent: 85.51587301587301
