ConfigName: kjsd__advperagentrankweighted__M3__L30__eps0p007__g0p001__ds0p1__dm0p1
Problem: QUBO
Kernel: jsd
Advantage: peragentrankweighted
M: 3
lambda: 30
epsilon_svgd: 0.007
gamma: 0.001
decay_start_ratio: 0.1
decay_min_factor: 0.1
bandwith_kernel: None
no_interact: False
avg_score: -308.7200012207031
median_score: -307.0
std_score: 38.75773239135742
percentiles: 2%=-394.0400085449219, 5%=-384.29998779296875, 10%=-360.0, 25%=-336.0, 50%=-307.0, 75%=-274.75, 90%=-265.0, 95%=-258.0, 98%=-252.0
ranking_best_algo: CMApara
ranking_best_score: 319.29999999999995
ranking_my_rank: 87/504 (82.9%)
ranking_my_percent: 82.93650793650794
