ConfigName: kjsd__advperagentrankweighted__M4__L12__eps0p01__g0p0005__ds0p05__dm0p05
Problem: QUBO
Kernel: jsd
Advantage: peragentrankweighted
M: 4
lambda: 12
epsilon_svgd: 0.01
gamma: 0.0005
decay_start_ratio: 0.05
decay_min_factor: 0.05
bandwith_kernel: None
no_interact: False
avg_score: -1307.52001953125
median_score: -1309.5
std_score: 56.90860366821289
percentiles: 2%=-1423.0799560546875, 5%=-1405.25, 10%=-1380.199951171875, 25%=-1346.0, 50%=-1309.5, 75%=-1266.25, 90%=-1230.800048828125, 95%=-1218.5, 98%=-1208.9599609375
ranking_best_algo: BigLognormalDiscreteOnePlusOne
ranking_best_score: 1301.3600000000004
ranking_my_rank: 1/504 (100.0%)
ranking_my_percent: 100.0
