ConfigName: krbf__advnormalizedfitness__M3__L10__eps0p033__g0p007__ds0p01__dm0p3
Problem: QUBO
Kernel: rbf
Advantage: normalizedfitness
M: 3
lambda: 10
epsilon_svgd: 0.033
gamma: 0.007
decay_start_ratio: 0.01
decay_min_factor: 0.3
bandwith_kernel: None
no_interact: False
avg_score: -431.17999267578125
median_score: -432.0
std_score: 26.076187133789062
percentiles: 2%=-479.0400085449219, 5%=-471.0, 10%=-469.0, 25%=-451.0, 50%=-432.0, 75%=-414.75, 90%=-397.0, 95%=-390.95001220703125, 98%=-376.8599853515625
ranking_best_algo: CMAL3
ranking_best_score: 435.36
ranking_my_rank: 8/504 (98.6%)
ranking_my_percent: 98.61111111111111
