ConfigName: kfr__advglobalrankweighted__M1__L10__eps0p02__g0p003__ds0p01__dm0p01
Problem: QUBO
Kernel: fr
Advantage: globalrankweighted
M: 1
lambda: 10
epsilon_svgd: 0.02
gamma: 0.003
decay_start_ratio: 0.01
decay_min_factor: 0.01
bandwith_kernel: None
no_interact: False
avg_score: -1181.9200439453125
median_score: -1191.5
std_score: 68.21622467041016
percentiles: 2%=-1317.0400390625, 5%=-1291.0, 10%=-1258.5, 25%=-1237.5, 50%=-1191.5, 75%=-1126.75, 90%=-1082.5999755859375, 95%=-1072.800048828125, 98%=-1056.8800048828125
ranking_best_algo: SVMMetaModelLogNormal
ranking_best_score: 1233.7999999999997
ranking_my_rank: 64/504 (87.5%)
ranking_my_percent: 87.5
