ConfigName: krbf__advnormalizedfitness__M1__L8__eps0p015__g0p015__ds0p3__dm0p3
Problem: QUBO
Kernel: rbf
Advantage: normalizedfitness
M: 1
lambda: 8
epsilon_svgd: 0.015
gamma: 0.015
decay_start_ratio: 0.3
decay_min_factor: 0.3
bandwith_kernel: None
no_interact: False
avg_score: -922.0999755859375
median_score: -912.0
std_score: 76.50105285644531
percentiles: 2%=-1072.1199951171875, 5%=-1063.449951171875, 10%=-1043.199951171875, 25%=-968.0, 50%=-912.0, 75%=-870.75, 90%=-823.6000366210938, 95%=-800.7000122070312, 98%=-794.9199829101562
ranking_best_algo: CMApara
ranking_best_score: 964.9
ranking_my_rank: 50/504 (90.3%)
ranking_my_percent: 90.27777777777777
