ConfigName: kjsd__advperagentrankweighted__M3__L18__eps0p01__g0p001__ds0p1__dm0p1
Problem: QUBO
Kernel: jsd
Advantage: peragentrankweighted
M: 3
lambda: 18
epsilon_svgd: 0.01
gamma: 0.001
decay_start_ratio: 0.1
decay_min_factor: 0.1
bandwith_kernel: None
no_interact: False
avg_score: -939.3400268554688
median_score: -930.0
std_score: 64.62401580810547
percentiles: 2%=-1074.0400390625, 5%=-1064.199951171875, 10%=-1020.0999755859375, 25%=-992.0, 50%=-930.0, 75%=-884.0, 90%=-864.7999877929688, 95%=-847.0, 98%=-839.0
ranking_best_algo: CMApara
ranking_best_score: 964.9
ranking_my_rank: 7/504 (98.8%)
ranking_my_percent: 98.80952380952381
