ConfigName: kfr__advglobalrankweighted__M3__L10__eps0p01__g0p007__ds0p01__dm0p01
Problem: QUBO
Kernel: fr
Advantage: globalrankweighted
M: 3
lambda: 10
epsilon_svgd: 0.01
gamma: 0.007
decay_start_ratio: 0.01
decay_min_factor: 0.01
bandwith_kernel: None
no_interact: False
avg_score: -1578.3399658203125
median_score: -1577.5
std_score: 68.99263763427734
percentiles: 2%=-1709.260009765625, 5%=-1684.8499755859375, 10%=-1663.4000244140625, 25%=-1629.0, 50%=-1577.5, 75%=-1524.5, 90%=-1498.5999755859375, 95%=-1470.800048828125, 98%=-1452.43994140625
ranking_best_algo: NLOPT_LN_PRAXIS
ranking_best_score: 1607.12
ranking_my_rank: 43/504 (91.7%)
ranking_my_percent: 91.66666666666667
