ConfigName: kjsd__advperagentrankweighted__M5__L10__eps0p02__g0p0005__ds0p2__dm0p05
Problem: QUBO
Kernel: jsd
Advantage: peragentrankweighted
M: 5
lambda: 10
epsilon_svgd: 0.02
gamma: 0.0005
decay_start_ratio: 0.2
decay_min_factor: 0.05
bandwith_kernel: None
no_interact: False
avg_score: -330.2799987792969
median_score: -331.5
std_score: 18.854219436645508
percentiles: 2%=-372.0, 5%=-361.0, 10%=-350.29998779296875, 25%=-342.0, 50%=-331.5, 75%=-320.0, 90%=-304.0, 95%=-296.79998779296875, 98%=-291.94000244140625
ranking_best_algo: CMApara
ranking_best_score: 344.22
ranking_my_rank: 79/504 (84.5%)
ranking_my_percent: 84.52380952380952
