ConfigName: kjsd__advperagentrankweighted__M4__L8__eps0p005__g0p003__ds0p2__dm0p05
Problem: QUBO
Kernel: jsd
Advantage: peragentrankweighted
M: 4
lambda: 8
epsilon_svgd: 0.005
gamma: 0.003
decay_start_ratio: 0.2
decay_min_factor: 0.05
bandwith_kernel: None
no_interact: False
avg_score: -1498.219970703125
median_score: -1498.0
std_score: 89.41951751708984
percentiles: 2%=-1681.02001953125, 5%=-1638.800048828125, 10%=-1619.0, 25%=-1569.0, 50%=-1498.0, 75%=-1437.0, 90%=-1401.4000244140625, 95%=-1348.5, 98%=-1304.760009765625
ranking_best_algo: NLOPT_LN_PRAXIS
ranking_best_score: 1607.12
ranking_my_rank: 80/504 (84.3%)
ranking_my_percent: 84.32539682539682
