ConfigName: krbf__advglobalrankweighted__M4__L11__eps0p02__g0p005__ds0p01__dm0p01
Problem: QUBO
Kernel: rbf
Advantage: globalrankweighted
M: 4
lambda: 11
epsilon_svgd: 0.02
gamma: 0.005
decay_start_ratio: 0.01
decay_min_factor: 0.01
bandwith_kernel: None
no_interact: False
avg_score: -2502.06005859375
median_score: -2497.5
std_score: 137.32339477539062
percentiles: 2%=-2782.02001953125, 5%=-2759.449951171875, 10%=-2688.0, 25%=-2591.75, 50%=-2497.5, 75%=-2395.25, 90%=-2336.89990234375, 95%=-2288.650146484375, 98%=-2234.85986328125
ranking_best_algo: SVM1MetaModelLogNormal
ranking_best_score: 2605.14
ranking_my_rank: 63/504 (87.7%)
ranking_my_percent: 87.6984126984127
