ConfigName: kjsd__advperagentrankweighted__M8__L28__eps0p005__g0p0005__ds0p05__dm0p05
Problem: QUBO
Kernel: jsd
Advantage: peragentrankweighted
M: 8
lambda: 28
epsilon_svgd: 0.005
gamma: 0.0005
decay_start_ratio: 0.05
decay_min_factor: 0.05
bandwith_kernel: None
no_interact: False
avg_score: -854.0399780273438
median_score: -865.5
std_score: 75.5162124633789
percentiles: 2%=-987.02001953125, 5%=-979.0999755859375, 10%=-941.0, 25%=-907.25, 50%=-865.5, 75%=-806.75, 90%=-751.9000244140625, 95%=-730.0999755859375, 98%=-692.52001953125
ranking_best_algo: CMApara
ranking_best_score: 964.9
ranking_my_rank: 259/504 (48.8%)
ranking_my_percent: 48.80952380952381
