ConfigName: krbf__advnormalizedfitness__M3__L12__eps0p015__g0p01__ds0p15__dm0p3
Problem: QUBO
Kernel: rbf
Advantage: normalizedfitness
M: 3
lambda: 12
epsilon_svgd: 0.015
gamma: 0.01
decay_start_ratio: 0.15
decay_min_factor: 0.3
bandwith_kernel: None
no_interact: False
avg_score: -1913.06005859375
median_score: -1924.0
std_score: 176.2461700439453
percentiles: 2%=-2225.580078125, 5%=-2206.14990234375, 10%=-2133.10009765625, 25%=-2040.25, 50%=-1924.0, 75%=-1778.5, 90%=-1663.0999755859375, 95%=-1616.0001220703125, 98%=-1541.8399658203125
ranking_best_algo: DiscreteLengler2OnePlusOne
ranking_best_score: 2617.04
ranking_my_rank: 295/504 (41.7%)
ranking_my_percent: 41.666666666666664
