ConfigName: krbf__advnormalizedfitness__M3__L8__eps0p03__g0p01__ds0p15__dm0p05
Problem: NK
Kernel: rbf
Advantage: normalizedfitness
M: 3
lambda: 8
epsilon_svgd: 0.03
gamma: 0.01
decay_start_ratio: 0.15
decay_min_factor: 0.05
bandwith_kernel: None
no_interact: False
avg_score: 0.729804515838623
median_score: 0.7297677993774414
std_score: 0.010866818949580193
percentiles: 2%=0.7075539231300354, 5%=0.7127814292907715, 10%=0.7170134782791138, 25%=0.7232292294502258, 50%=0.7297677993774414, 75%=0.7371652126312256, 90%=0.7437024116516113, 95%=0.7477149367332458, 98%=0.7505265474319458
ranking_best_algo: Tabu
ranking_best_score: 0.7429702712499999
ranking_my_rank: 2/504 (99.8%)
ranking_my_percent: 99.8015873015873
