ConfigName: krbf__advnormalizedfitness__M3__L8__eps0p025__g0p01__ds0p3__dm0p01
Problem: QUBO
Kernel: rbf
Advantage: normalizedfitness
M: 3
lambda: 8
epsilon_svgd: 0.025
gamma: 0.01
decay_start_ratio: 0.3
decay_min_factor: 0.01
bandwith_kernel: None
no_interact: False
avg_score: -904.9600219726562
median_score: -901.0
std_score: 63.050601959228516
percentiles: 2%=-1035.219970703125, 5%=-1014.2000122070312, 10%=-979.0, 25%=-949.0, 50%=-901.0, 75%=-867.5, 90%=-821.7000122070312, 95%=-794.9000244140625, 98%=-788.8800048828125
ranking_best_algo: CMAL3
ranking_best_score: 928.5800000000002
ranking_my_rank: 64/504 (87.5%)
ranking_my_percent: 87.5
