ConfigName: kjsd__advperagentrankweighted__M3__L16__eps0p007__g0p0005__ds0p2__dm0p1
Problem: NK
Kernel: jsd
Advantage: peragentrankweighted
M: 3
lambda: 16
epsilon_svgd: 0.007
gamma: 0.0005
decay_start_ratio: 0.2
decay_min_factor: 0.1
bandwith_kernel: None
no_interact: False
avg_score: 0.7450766563415527
median_score: 0.7440650463104248
std_score: 0.009363449178636074
percentiles: 2%=0.7280133366584778, 5%=0.7293366193771362, 10%=0.7330277562141418, 25%=0.7390986680984497, 50%=0.7440650463104248, 75%=0.7511330246925354, 90%=0.7591966390609741, 95%=0.7607980370521545, 98%=0.7654627561569214
ranking_best_algo: PBIL
ranking_best_score: 0.733570253046875
ranking_my_rank: 1/504 (100.0%)
ranking_my_percent: 100.0
