ConfigName: kjsd__advperagentrankweighted__M4__L20__eps0p005__g0p001__ds0p1__dm0p05
Problem: QUBO
Kernel: jsd
Advantage: peragentrankweighted
M: 4
lambda: 20
epsilon_svgd: 0.005
gamma: 0.001
decay_start_ratio: 0.1
decay_min_factor: 0.05
bandwith_kernel: None
no_interact: False
avg_score: -909.52001953125
median_score: -902.5
std_score: 65.58101654052734
percentiles: 2%=-1032.199951171875, 5%=-1018.3499755859375, 10%=-1005.0999755859375, 25%=-953.5, 50%=-902.5, 75%=-867.5, 90%=-826.9000244140625, 95%=-802.9000244140625, 98%=-796.4000244140625
ranking_best_algo: CMAL3
ranking_best_score: 928.5800000000002
ranking_my_rank: 28/504 (94.6%)
ranking_my_percent: 94.64285714285714
