ConfigName: krbf__advnormalizedfitness__M3__L15__eps0p025__g0p01__ds0p15__dm0p01
Problem: QUBO
Kernel: rbf
Advantage: normalizedfitness
M: 3
lambda: 15
epsilon_svgd: 0.025
gamma: 0.01
decay_start_ratio: 0.15
decay_min_factor: 0.01
bandwith_kernel: None
no_interact: False
avg_score: -309.739990234375
median_score: -313.0
std_score: 38.799129486083984
percentiles: 2%=-392.0400085449219, 5%=-382.1000061035156, 10%=-357.79998779296875, 25%=-333.0, 50%=-313.0, 75%=-274.0, 90%=-265.79998779296875, 95%=-257.8500061035156, 98%=-250.97999572753906
ranking_best_algo: CMApara
ranking_best_score: 319.29999999999995
ranking_my_rank: 69/504 (86.5%)
ranking_my_percent: 86.5079365079365
