ConfigName: kjsd__advperagentrankweighted__M3__L18__eps0p01__g0p0007__ds0p1__dm0p1
Problem: NK
Kernel: jsd
Advantage: peragentrankweighted
M: 3
lambda: 18
epsilon_svgd: 0.01
gamma: 0.0007
decay_start_ratio: 0.1
decay_min_factor: 0.1
bandwith_kernel: None
no_interact: False
avg_score: 0.7210083603858948
median_score: 0.7202848196029663
std_score: 0.007207570131868124
percentiles: 2%=0.7083264589309692, 5%=0.7094285488128662, 10%=0.7117366194725037, 25%=0.7172173261642456, 50%=0.7202848196029663, 75%=0.7258443832397461, 90%=0.729077935218811, 95%=0.7312402725219727, 98%=0.7378359436988831
ranking_best_algo: PBIL
ranking_best_score: 0.7170882103515624
ranking_my_rank: 1/504 (100.0%)
ranking_my_percent: 100.0
