ConfigName: krbf__advnormalizedfitness__M4__L8__eps0p02__g0p005__ds0p15__dm0p05
Problem: NK
Kernel: rbf
Advantage: normalizedfitness
M: 4
lambda: 8
epsilon_svgd: 0.02
gamma: 0.005
decay_start_ratio: 0.15
decay_min_factor: 0.05
bandwith_kernel: None
no_interact: False
avg_score: 0.7551708221435547
median_score: 0.754395604133606
std_score: 0.014063459821045399
percentiles: 2%=0.7267758250236511, 5%=0.7285714745521545, 10%=0.7364378571510315, 25%=0.745976448059082, 50%=0.754395604133606, 75%=0.7663220167160034, 90%=0.7719212174415588, 95%=0.7782613635063171, 98%=0.7796285152435303
ranking_best_algo: Tabu
ranking_best_score: 0.7657846284375001
ranking_my_rank: 7/504 (98.8%)
ranking_my_percent: 98.80952380952381
