ConfigName: krbf__advnormalizedfitness__M4__L10__eps0p033__g0p007__ds0p15__dm0p01
Problem: NK
Kernel: rbf
Advantage: normalizedfitness
M: 4
lambda: 10
epsilon_svgd: 0.033
gamma: 0.007
decay_start_ratio: 0.15
decay_min_factor: 0.01
bandwith_kernel: None
no_interact: False
avg_score: 0.7069871425628662
median_score: 0.708470344543457
std_score: 0.01193792000412941
percentiles: 2%=0.6878117322921753, 5%=0.6882812976837158, 10%=0.6918888688087463, 25%=0.6960917711257935, 50%=0.708470344543457, 75%=0.7171417474746704, 90%=0.7214723825454712, 95%=0.7241883873939514, 98%=0.7250068783760071
ranking_best_algo: PBIL
ranking_best_score: 0.7013553837109374
ranking_my_rank: 1/504 (100.0%)
ranking_my_percent: 100.0
