ConfigName: krbf__advnormalizedfitness__M1__L8__eps0p033__g0p015__ds0p15__dm0p01
Problem: QUBO
Kernel: rbf
Advantage: normalizedfitness
M: 1
lambda: 8
epsilon_svgd: 0.033
gamma: 0.015
decay_start_ratio: 0.15
decay_min_factor: 0.01
bandwith_kernel: None
no_interact: False
avg_score: -313.8399963378906
median_score: -317.5
std_score: 27.525524139404297
percentiles: 2%=-357.29998779296875, 5%=-350.1499938964844, 10%=-343.6000061035156, 25%=-335.5, 50%=-317.5, 75%=-294.0, 90%=-277.6000061035156, 95%=-266.0, 98%=-259.5599060058594
ranking_best_algo: CMApara
ranking_best_score: 344.22
ranking_my_rank: 241/504 (52.4%)
ranking_my_percent: 52.38095238095238
