ConfigName: kjsd__advperagentrankweighted__M3__L16__eps0p005__g0p0005__ds0p2__dm0p2
Problem: NK
Kernel: jsd
Advantage: peragentrankweighted
M: 3
lambda: 16
epsilon_svgd: 0.005
gamma: 0.0005
decay_start_ratio: 0.2
decay_min_factor: 0.2
bandwith_kernel: None
no_interact: False
avg_score: 0.7353283166885376
median_score: 0.7376118898391724
std_score: 0.008575711399316788
percentiles: 2%=0.7172837853431702, 5%=0.7192637920379639, 10%=0.7219807505607605, 25%=0.7306047677993774, 50%=0.7376118898391724, 75%=0.740705132484436, 90%=0.7453782558441162, 95%=0.7480083703994751, 98%=0.751266598701477
ranking_best_algo: PBIL
ranking_best_score: 0.730509098125
ranking_my_rank: 1/504 (100.0%)
ranking_my_percent: 100.0
