ConfigName: kjsd__advperagentrankweighted__M4__L28__eps0p008__g0p0005__ds0p05__dm0p05
Problem: NK
Kernel: jsd
Advantage: peragentrankweighted
M: 4
lambda: 28
epsilon_svgd: 0.008
gamma: 0.0005
decay_start_ratio: 0.05
decay_min_factor: 0.05
bandwith_kernel: None
no_interact: False
avg_score: 0.744983971118927
median_score: 0.7416483163833618
std_score: 0.02785196714103222
percentiles: 2%=0.7065534591674805, 5%=0.7084968090057373, 10%=0.7113164663314819, 25%=0.721187174320221, 50%=0.7416483163833618, 75%=0.7583327293395996, 90%=0.7783373594284058, 95%=0.8044298887252808, 98%=0.8118547797203064
ranking_best_algo: CMApara
ranking_best_score: 0.7459277895312499
ranking_my_rank: 2/504 (99.8%)
ranking_my_percent: 99.8015873015873
