ConfigName: kjsd__advperagentrankweighted__M5__L10__eps0p005__g0p0007__ds0p2__dm0p2
Problem: QUBO
Kernel: jsd
Advantage: peragentrankweighted
M: 5
lambda: 10
epsilon_svgd: 0.005
gamma: 0.0007
decay_start_ratio: 0.2
decay_min_factor: 0.2
bandwith_kernel: None
no_interact: False
avg_score: -420.6000061035156
median_score: -422.0
std_score: 28.624467849731445
percentiles: 2%=-477.0, 5%=-469.1000061035156, 10%=-454.0, 25%=-438.0, 50%=-422.0, 75%=-402.75, 90%=-382.0, 95%=-372.0, 98%=-359.9599914550781
ranking_best_algo: Tabu
ranking_best_score: 438.12
ranking_my_rank: 23/504 (95.6%)
ranking_my_percent: 95.63492063492063
