ConfigName: krbf__advnormalizedfitness__M1__L10__eps0p015__g0p015__ds0p01__dm0p3
Problem: NK
Kernel: rbf
Advantage: normalizedfitness
M: 1
lambda: 10
epsilon_svgd: 0.015
gamma: 0.015
decay_start_ratio: 0.01
decay_min_factor: 0.3
bandwith_kernel: None
no_interact: False
avg_score: 0.7103345990180969
median_score: 0.6985580325126648
std_score: 0.031659457832574844
percentiles: 2%=0.6734704971313477, 5%=0.6735892295837402, 10%=0.6757414937019348, 25%=0.6809905171394348, 50%=0.6985580325126648, 75%=0.7460572719573975, 90%=0.7523026466369629, 95%=0.7613165378570557, 98%=0.7613165378570557
ranking_best_algo: CMApara
ranking_best_score: 0.7118996098437498
ranking_my_rank: 28/504 (94.6%)
ranking_my_percent: 94.64285714285714
