ConfigName: kjsd__advperagentrankweighted__M3__L24__eps0p007__g0p0005__ds0p2__dm0p05
Problem: NK
Kernel: jsd
Advantage: peragentrankweighted
M: 3
lambda: 24
epsilon_svgd: 0.007
gamma: 0.0005
decay_start_ratio: 0.2
decay_min_factor: 0.05
bandwith_kernel: None
no_interact: False
avg_score: 0.7356932163238525
median_score: 0.7364640235900879
std_score: 0.009488607756793499
percentiles: 2%=0.7151615619659424, 5%=0.7186915278434753, 10%=0.7221451997756958, 25%=0.7290194034576416, 50%=0.7364640235900879, 75%=0.7431245446205139, 90%=0.7470495700836182, 95%=0.7494187951087952, 98%=0.7531344890594482
ranking_best_algo: PBIL
ranking_best_score: 0.730509098125
ranking_my_rank: 1/504 (100.0%)
ranking_my_percent: 100.0
