ConfigName: krbf__advnormalizedfitness__M3__L12__eps0p015__g0p015__ds0p15__dm0p3
Problem: NK
Kernel: rbf
Advantage: normalizedfitness
M: 3
lambda: 12
epsilon_svgd: 0.015
gamma: 0.015
decay_start_ratio: 0.15
decay_min_factor: 0.3
bandwith_kernel: None
no_interact: False
avg_score: 0.6085080504417419
median_score: 0.6080775260925293
std_score: 0.007846628315746784
percentiles: 2%=0.5947158932685852, 5%=0.5961941480636597, 10%=0.5987708568572998, 25%=0.6030076742172241, 50%=0.6080775260925293, 75%=0.6139216423034668, 90%=0.6179934144020081, 95%=0.6216491460800171, 98%=0.6238579750061035
ranking_best_algo: PBIL
ranking_best_score: 0.733570253046875
ranking_my_rank: 365/504 (27.8%)
ranking_my_percent: 27.77777777777778
