ConfigName: kfr__advglobalrankweighted__M6__L11__eps0p01__g0p007__ds0p01__dm0p01
Problem: QUBO
Kernel: fr
Advantage: globalrankweighted
M: 6
lambda: 11
epsilon_svgd: 0.01
gamma: 0.007
decay_start_ratio: 0.01
decay_min_factor: 0.01
bandwith_kernel: None
no_interact: False
avg_score: -1832.9599609375
median_score: -1830.5
std_score: 146.0072479248047
percentiles: 2%=-2133.1201171875, 5%=-2073.199951171875, 10%=-2010.4000244140625, 25%=-1939.25, 50%=-1830.5, 75%=-1719.5, 90%=-1647.9000244140625, 95%=-1634.4500732421875, 98%=-1563.5198974609375
ranking_best_algo: DiscreteLengler2OnePlusOne
ranking_best_score: 2617.04
ranking_my_rank: 318/504 (37.1%)
ranking_my_percent: 37.1031746031746
