ConfigName: kjsd__advperagentrankweighted__M4__L24__eps0p01__g0p0003__ds0p05__dm0p05
Problem: QUBO
Kernel: jsd
Advantage: peragentrankweighted
M: 4
lambda: 24
epsilon_svgd: 0.01
gamma: 0.0003
decay_start_ratio: 0.05
decay_min_factor: 0.05
bandwith_kernel: None
no_interact: False
avg_score: -915.2999877929688
median_score: -912.0
std_score: 68.66447448730469
percentiles: 2%=-1042.239990234375, 5%=-1028.1500244140625, 10%=-1013.2999877929688, 25%=-964.0, 50%=-912.0, 75%=-861.0, 90%=-828.9000244140625, 95%=-812.5499877929688, 98%=-794.5800170898438
ranking_best_algo: CMAL3
ranking_best_score: 928.5800000000002
ranking_my_rank: 17/504 (96.8%)
ranking_my_percent: 96.82539682539682
