ConfigName: kfr__advglobalrankweighted__M5__L8__eps0p015__g0p005__ds0p01__dm0p01
Problem: QUBO
Kernel: fr
Advantage: globalrankweighted
M: 5
lambda: 8
epsilon_svgd: 0.015
gamma: 0.005
decay_start_ratio: 0.01
decay_min_factor: 0.01
bandwith_kernel: None
no_interact: False
avg_score: -1154.06005859375
median_score: -1154.0
std_score: 65.21392822265625
percentiles: 2%=-1296.260009765625, 5%=-1274.0999755859375, 10%=-1245.9000244140625, 25%=-1189.25, 50%=-1154.0, 75%=-1107.5, 90%=-1078.4000244140625, 95%=-1066.800048828125, 98%=-1040.8199462890625
ranking_best_algo: SVMMetaModelLogNormal
ranking_best_score: 1233.7999999999997
ranking_my_rank: 92/504 (81.9%)
ranking_my_percent: 81.94444444444444
