ConfigName: kjsd__advperagentrankweighted__M6__L12__eps0p008__g0p0005__ds0p05__dm0p05
Problem: QUBO
Kernel: jsd
Advantage: peragentrankweighted
M: 6
lambda: 12
epsilon_svgd: 0.008
gamma: 0.0005
decay_start_ratio: 0.05
decay_min_factor: 0.05
bandwith_kernel: None
no_interact: False
avg_score: -946.780029296875
median_score: -944.0
std_score: 58.13958740234375
percentiles: 2%=-1063.02001953125, 5%=-1048.5, 10%=-1020.2999877929688, 25%=-988.0, 50%=-944.0, 75%=-907.0, 90%=-880.5999755859375, 95%=-850.2999877929688, 98%=-830.760009765625
ranking_best_algo: CMApara
ranking_best_score: 964.9
ranking_my_rank: 3/504 (99.6%)
ranking_my_percent: 99.60317460317461
