ConfigName: kjsd__advperagentrankweighted__M3__L16__eps0p01__g0p003__ds0p2__dm0p1
Problem: QUBO
Kernel: jsd
Advantage: peragentrankweighted
M: 3
lambda: 16
epsilon_svgd: 0.01
gamma: 0.003
decay_start_ratio: 0.2
decay_min_factor: 0.1
bandwith_kernel: None
no_interact: False
avg_score: -200.3000030517578
median_score: -201.0
std_score: 12.705510139465332
percentiles: 2%=-224.0, 5%=-222.0, 10%=-220.10000610351562, 25%=-209.5, 50%=-201.0, 75%=-190.75, 90%=-184.8000030517578, 95%=-179.9499969482422, 98%=-176.9600067138672
ranking_best_algo: Tabu
ranking_best_score: 208.36000000000004
ranking_my_rank: 48/504 (90.7%)
ranking_my_percent: 90.67460317460318
