ConfigName: krbf__advnormalizedfitness__M4__L12__eps0p015__g0p01__ds0p01__dm0p01
Problem: NK
Kernel: rbf
Advantage: normalizedfitness
M: 4
lambda: 12
epsilon_svgd: 0.015
gamma: 0.01
decay_start_ratio: 0.01
decay_min_factor: 0.01
bandwith_kernel: None
no_interact: False
avg_score: 0.6941646337509155
median_score: 0.6953175663948059
std_score: 0.01235529500991106
percentiles: 2%=0.6744107007980347, 5%=0.6747559905052185, 10%=0.6785072684288025, 25%=0.6819884777069092, 50%=0.6953175663948059, 75%=0.7051988840103149, 90%=0.709269642829895, 95%=0.7107051610946655, 98%=0.7124606966972351
ranking_best_algo: PBIL
ranking_best_score: 0.7013553837109374
ranking_my_rank: 52/504 (89.9%)
ranking_my_percent: 89.88095238095238
