ConfigName: krbf__advnormalizedfitness__M4__L8__eps0p025__g0p01__ds0p01__dm0p3
Problem: QUBO
Kernel: rbf
Advantage: normalizedfitness
M: 4
lambda: 8
epsilon_svgd: 0.025
gamma: 0.01
decay_start_ratio: 0.01
decay_min_factor: 0.3
bandwith_kernel: None
no_interact: False
avg_score: -864.780029296875
median_score: -863.5
std_score: 72.05311584472656
percentiles: 2%=-1024.0799560546875, 5%=-1004.5999755859375, 10%=-950.5999755859375, 25%=-913.5, 50%=-863.5, 75%=-818.25, 90%=-779.7999877929688, 95%=-764.2500610351562, 98%=-720.679931640625
ranking_best_algo: CMAL3
ranking_best_score: 928.5800000000002
ranking_my_rank: 177/504 (65.1%)
ranking_my_percent: 65.07936507936508
