ConfigName: krbf__advnormalizedfitness__M4__L10__eps0p03__g0p002__ds0p05__dm0p05
Problem: QUBO
Kernel: rbf
Advantage: normalizedfitness
M: 4
lambda: 10
epsilon_svgd: 0.03
gamma: 0.002
decay_start_ratio: 0.05
decay_min_factor: 0.05
bandwith_kernel: None
no_interact: False
avg_score: -1191.06005859375
median_score: -1177.5
std_score: 67.29915618896484
percentiles: 2%=-1335.1600341796875, 5%=-1307.1500244140625, 10%=-1288.0999755859375, 25%=-1228.25, 50%=-1177.5, 75%=-1150.5, 90%=-1111.5, 95%=-1102.5, 98%=-1072.0799560546875
ranking_best_algo: SVMMetaModelLogNormal
ranking_best_score: 1233.7999999999997
ranking_my_rank: 58/504 (88.7%)
ranking_my_percent: 88.69047619047619
