ConfigName: krbf__advnormalizedfitness__M4__L12__eps0p015__g0p005__ds0p15__dm0p01
Problem: QUBO
Kernel: rbf
Advantage: normalizedfitness
M: 4
lambda: 12
epsilon_svgd: 0.015
gamma: 0.005
decay_start_ratio: 0.15
decay_min_factor: 0.01
bandwith_kernel: None
no_interact: False
avg_score: -311.8399963378906
median_score: -318.0
std_score: 36.92660903930664
percentiles: 2%=-386.20001220703125, 5%=-380.1000061035156, 10%=-359.1999816894531, 25%=-332.0, 50%=-318.0, 75%=-277.0, 90%=-266.0, 95%=-262.0, 98%=-257.75994873046875
ranking_best_algo: CMApara
ranking_best_score: 319.29999999999995
ranking_my_rank: 36/504 (93.1%)
ranking_my_percent: 93.05555555555556
