ConfigName: krbf__advnormalizedfitness__M4__L10__eps0p01__g0p002__ds0p05__dm0p05
Problem: NK
Kernel: rbf
Advantage: normalizedfitness
M: 4
lambda: 10
epsilon_svgd: 0.01
gamma: 0.002
decay_start_ratio: 0.05
decay_min_factor: 0.05
bandwith_kernel: None
no_interact: False
avg_score: 0.7119381427764893
median_score: 0.6996403932571411
std_score: 0.031136982142925262
percentiles: 2%=0.6748173236846924, 5%=0.6751645803451538, 10%=0.6772688627243042, 25%=0.6845345497131348, 50%=0.6996403932571411, 75%=0.746539831161499, 90%=0.7530527710914612, 95%=0.7613165378570557, 98%=0.7613165378570557
ranking_best_algo: CMApara
ranking_best_score: 0.7118996098437498
ranking_my_rank: 1/504 (100.0%)
ranking_my_percent: 100.0
