ConfigName: krbf__advnormalizedfitness__M1__L10__eps0p015__g0p01__ds0p3__dm0p3
Problem: QUBO
Kernel: rbf
Advantage: normalizedfitness
M: 1
lambda: 10
epsilon_svgd: 0.015
gamma: 0.01
decay_start_ratio: 0.3
decay_min_factor: 0.3
bandwith_kernel: None
no_interact: False
avg_score: -3262.02001953125
median_score: -3255.0
std_score: 109.1855239868164
percentiles: 2%=-3516.699951171875, 5%=-3462.199951171875, 10%=-3412.199951171875, 25%=-3322.0, 50%=-3255.0, 75%=-3188.25, 90%=-3144.800048828125, 95%=-3110.80029296875, 98%=-3051.699951171875
ranking_best_algo: RLSOnePlusOne
ranking_best_score: 3316.5199999999995
ranking_my_rank: 14/504 (97.4%)
ranking_my_percent: 97.42063492063492
