ConfigName: krbf__advnormalizedfitness__M4__L24__eps0p03__g0p01__ds0p05__dm0p05
Problem: QUBO
Kernel: rbf
Advantage: normalizedfitness
M: 4
lambda: 24
epsilon_svgd: 0.03
gamma: 0.01
decay_start_ratio: 0.05
decay_min_factor: 0.05
bandwith_kernel: None
no_interact: False
avg_score: -1699.5
median_score: -1702.0
std_score: 169.90322875976562
percentiles: 2%=-2046.47998046875, 5%=-1997.199951171875, 10%=-1899.699951171875, 25%=-1810.5, 50%=-1702.0, 75%=-1582.0, 90%=-1482.0, 95%=-1443.5999755859375, 98%=-1347.52001953125
ranking_best_algo: SVM1MetaModelLogNormal
ranking_best_score: 2605.14
ranking_my_rank: 322/504 (36.3%)
ranking_my_percent: 36.30952380952381
