ConfigName: kjsd__advperagentrankweighted__M8__L10__eps0p005__g0p0005__ds0p05__dm0p05
Problem: QUBO
Kernel: jsd
Advantage: peragentrankweighted
M: 8
lambda: 10
epsilon_svgd: 0.005
gamma: 0.0005
decay_start_ratio: 0.05
decay_min_factor: 0.05
bandwith_kernel: None
no_interact: False
avg_score: -912.5800170898438
median_score: -903.0
std_score: 66.0627212524414
percentiles: 2%=-1053.1400146484375, 5%=-1028.0999755859375, 10%=-999.7999877929688, 25%=-960.25, 50%=-903.0, 75%=-857.0, 90%=-834.7999877929688, 95%=-820.7999877929688, 98%=-806.97998046875
ranking_best_algo: CMAL3
ranking_best_score: 928.5800000000002
ranking_my_rank: 20/504 (96.2%)
ranking_my_percent: 96.23015873015873
