ConfigName: krbf__advnormalizedfitness__M2__L8__eps0p015__g0p01__ds0p3__dm0p01
Problem: QUBO
Kernel: rbf
Advantage: normalizedfitness
M: 2
lambda: 8
epsilon_svgd: 0.015
gamma: 0.01
decay_start_ratio: 0.3
decay_min_factor: 0.01
bandwith_kernel: None
no_interact: False
avg_score: -581.280029296875
median_score: -581.5
std_score: 28.347867965698242
percentiles: 2%=-643.0399780273438, 5%=-631.0999755859375, 10%=-619.0, 25%=-599.5, 50%=-581.5, 75%=-561.0, 90%=-545.9000244140625, 95%=-539.5499877929688, 98%=-524.9600219726562
ranking_best_algo: Tabu
ranking_best_score: 588.7199999999999
ranking_my_rank: 36/503 (93.0%)
ranking_my_percent: 93.04174950298211
