ConfigName: kjsd__advperagentrankweighted__M5__L10__eps0p005__g0p003__ds0p4__dm0p2
Problem: NK
Kernel: jsd
Advantage: peragentrankweighted
M: 5
lambda: 10
epsilon_svgd: 0.005
gamma: 0.003
decay_start_ratio: 0.4
decay_min_factor: 0.2
bandwith_kernel: None
no_interact: False
avg_score: 0.7305185794830322
median_score: 0.7311023473739624
std_score: 0.019598981365561485
percentiles: 2%=0.6931580305099487, 5%=0.7013200521469116, 10%=0.7064646482467651, 25%=0.7148844003677368, 50%=0.7311023473739624, 75%=0.7468960285186768, 90%=0.7560046911239624, 95%=0.763465166091919, 98%=0.7656689882278442
ranking_best_algo: Tabu
ranking_best_score: 0.7657846284375001
ranking_my_rank: 185/504 (63.5%)
ranking_my_percent: 63.492063492063494
