ConfigName: kjsd__advperagentrankweighted__M3__L24__eps0p005__g0p0005__ds0p1__dm0p05
Problem: QUBO
Kernel: jsd
Advantage: peragentrankweighted
M: 3
lambda: 24
epsilon_svgd: 0.005
gamma: 0.0005
decay_start_ratio: 0.1
decay_min_factor: 0.05
bandwith_kernel: None
no_interact: False
avg_score: -577.7999877929688
median_score: -576.5
std_score: 27.048845291137695
percentiles: 2%=-629.0599975585938, 5%=-617.2000122070312, 10%=-613.0, 25%=-597.25, 50%=-576.5, 75%=-559.75, 90%=-542.7999877929688, 95%=-536.9000244140625, 98%=-532.52001953125
ranking_best_algo: Tabu
ranking_best_score: 588.7199999999999
ranking_my_rank: 43/503 (91.7%)
ranking_my_percent: 91.65009940357852
