ConfigName: kjsd__advperagentrankweighted__M3__L18__eps0p01__g0p003__ds0p1__dm0p1
Problem: QUBO
Kernel: jsd
Advantage: peragentrankweighted
M: 3
lambda: 18
epsilon_svgd: 0.01
gamma: 0.003
decay_start_ratio: 0.1
decay_min_factor: 0.1
bandwith_kernel: None
no_interact: False
avg_score: -439.0799865722656
median_score: -441.0
std_score: 29.310640335083008
percentiles: 2%=-487.0, 5%=-480.04998779296875, 10%=-473.20001220703125, 25%=-465.0, 50%=-441.0, 75%=-418.25, 90%=-401.8999938964844, 95%=-388.8999938964844, 98%=-372.8599853515625
ranking_best_algo: CMApara
ranking_best_score: 453.82
ranking_my_rank: 19/504 (96.4%)
ranking_my_percent: 96.42857142857143
