ConfigName: kjsd__advperagentrankweighted__M3__L24__eps0p005__g0p0005__ds0p05__dm0p05
Problem: NK
Kernel: jsd
Advantage: peragentrankweighted
M: 3
lambda: 24
epsilon_svgd: 0.005
gamma: 0.0005
decay_start_ratio: 0.05
decay_min_factor: 0.05
bandwith_kernel: None
no_interact: False
avg_score: 0.7337984442710876
median_score: 0.733872652053833
std_score: 0.009626120328903198
percentiles: 2%=0.71293705701828, 5%=0.7208259105682373, 10%=0.7229437828063965, 25%=0.7269063591957092, 50%=0.733872652053833, 75%=0.7387754321098328, 90%=0.7488037943840027, 95%=0.7513981461524963, 98%=0.7538598775863647
ranking_best_algo: Tabu
ranking_best_score: 0.7429702712499999
ranking_my_rank: 2/504 (99.8%)
ranking_my_percent: 99.8015873015873
