ConfigName: kjsd__advperagentrankweighted__M5__L8__eps0p005__g0p0003__ds0p2__dm0p05
Problem: QUBO
Kernel: jsd
Advantage: peragentrankweighted
M: 5
lambda: 8
epsilon_svgd: 0.005
gamma: 0.0003
decay_start_ratio: 0.2
decay_min_factor: 0.05
bandwith_kernel: None
no_interact: False
avg_score: -200.10000610351562
median_score: -199.5
std_score: 12.799609184265137
percentiles: 2%=-222.0399932861328, 5%=-221.0500030517578, 10%=-219.0, 25%=-209.0, 50%=-199.5, 75%=-188.75, 90%=-182.89999389648438, 95%=-181.0, 98%=-178.94000244140625
ranking_best_algo: Tabu
ranking_best_score: 208.36000000000004
ranking_my_rank: 52/504 (89.9%)
ranking_my_percent: 89.88095238095238
