ConfigName: kjsd__advperagentrankweighted__M5__L8__eps0p02__g0p0007__ds0p2__dm0p05
Problem: NK
Kernel: jsd
Advantage: peragentrankweighted
M: 5
lambda: 8
epsilon_svgd: 0.02
gamma: 0.0007
decay_start_ratio: 0.2
decay_min_factor: 0.05
bandwith_kernel: None
no_interact: False
avg_score: 0.734092116355896
median_score: 0.7327060699462891
std_score: 0.013696175068616867
percentiles: 2%=0.7098467946052551, 5%=0.7133966088294983, 10%=0.7169985771179199, 25%=0.7248246669769287, 50%=0.7327060699462891, 75%=0.7434343099594116, 90%=0.7506186962127686, 95%=0.7550790905952454, 98%=0.7603896856307983
ranking_best_algo: Tabu
ranking_best_score: 0.7601875690625
ranking_my_rank: 32/504 (93.8%)
ranking_my_percent: 93.84920634920636
