ConfigName: kjsd__advperagentrankweighted__M6__L8__eps0p03__g0p0007__ds0p05__dm0p05
Problem: QUBO
Kernel: jsd
Advantage: peragentrankweighted
M: 6
lambda: 8
epsilon_svgd: 0.03
gamma: 0.0007
decay_start_ratio: 0.05
decay_min_factor: 0.05
bandwith_kernel: None
no_interact: False
avg_score: -1599.4000244140625
median_score: -1600.5
std_score: 65.35457611083984
percentiles: 2%=-1738.219970703125, 5%=-1716.0, 10%=-1681.800048828125, 25%=-1641.0, 50%=-1600.5, 75%=-1551.25, 90%=-1513.0, 95%=-1494.5999755859375, 98%=-1482.9599609375
ranking_best_algo: NLOPT_LN_PRAXIS
ranking_best_score: 1607.12
ranking_my_rank: 13/504 (97.6%)
ranking_my_percent: 97.61904761904762
