ConfigName: krbf__advnormalizedfitness__M1__L8__eps0p033__g0p007__ds0p15__dm0p3
Problem: NK
Kernel: rbf
Advantage: normalizedfitness
M: 1
lambda: 8
epsilon_svgd: 0.033
gamma: 0.007
decay_start_ratio: 0.15
decay_min_factor: 0.3
bandwith_kernel: None
no_interact: False
avg_score: 0.7208003997802734
median_score: 0.7219618558883667
std_score: 0.01015187706798315
percentiles: 2%=0.6977533102035522, 5%=0.7023641467094421, 10%=0.7072591185569763, 25%=0.7139747738838196, 50%=0.7219618558883667, 75%=0.7278954982757568, 90%=0.7330189943313599, 95%=0.7349304556846619, 98%=0.7395492792129517
ranking_best_algo: PBIL
ranking_best_score: 0.7248786399609374
ranking_my_rank: 4/504 (99.4%)
ranking_my_percent: 99.4047619047619
