ConfigName: krbf__advnormalizedfitness__M4__L12__eps0p015__g0p007__ds0p01__dm0p3
Problem: QUBO
Kernel: rbf
Advantage: normalizedfitness
M: 4
lambda: 12
epsilon_svgd: 0.015
gamma: 0.007
decay_start_ratio: 0.01
decay_min_factor: 0.3
bandwith_kernel: None
no_interact: False
avg_score: -445.0199890136719
median_score: -438.5
std_score: 49.56449890136719
percentiles: 2%=-562.2999877929688, 5%=-547.0, 10%=-505.6000061035156, 25%=-475.5, 50%=-438.5, 75%=-413.0, 90%=-385.8999938964844, 95%=-367.95001220703125, 98%=-358.8599853515625
ranking_best_algo: Tabu
ranking_best_score: 588.7199999999999
ranking_my_rank: 326/503 (35.4%)
ranking_my_percent: 35.387673956262425
