ConfigName: kjsd__advperagentrankweighted__M4__L24__eps0p005__g0p0005__ds0p2__dm0p05
Problem: NK
Kernel: jsd
Advantage: peragentrankweighted
M: 4
lambda: 24
epsilon_svgd: 0.005
gamma: 0.0005
decay_start_ratio: 0.2
decay_min_factor: 0.05
bandwith_kernel: None
no_interact: False
avg_score: 0.7460632920265198
median_score: 0.7461625337600708
std_score: 0.010517164133489132
percentiles: 2%=0.72601318359375, 5%=0.7289720177650452, 10%=0.7329461574554443, 25%=0.738040030002594, 50%=0.7461625337600708, 75%=0.752845048904419, 90%=0.7603940963745117, 95%=0.7628567814826965, 98%=0.7661982774734497
ranking_best_algo: PBIL
ranking_best_score: 0.733570253046875
ranking_my_rank: 1/504 (100.0%)
ranking_my_percent: 100.0
