ConfigName: krbf__advnormalizedfitness__M3__L8__eps0p033__g0p005__ds0p01__dm0p3
Problem: NK
Kernel: rbf
Advantage: normalizedfitness
M: 3
lambda: 8
epsilon_svgd: 0.033
gamma: 0.005
decay_start_ratio: 0.01
decay_min_factor: 0.3
bandwith_kernel: None
no_interact: False
avg_score: 0.710970938205719
median_score: 0.6985580325126648
std_score: 0.03125134855508804
percentiles: 2%=0.6734704971313477, 5%=0.6744096279144287, 10%=0.676429808139801, 25%=0.6824496388435364, 50%=0.6985580325126648, 75%=0.7473976612091064, 90%=0.7525893449783325, 95%=0.7586009502410889, 98%=0.7613165378570557
ranking_best_algo: CMApara
ranking_best_score: 0.7118996098437498
ranking_my_rank: 8/504 (98.6%)
ranking_my_percent: 98.61111111111111
