ConfigName: kjsd__advperagentrankweighted__M3__L16__eps0p01__g0p003__ds0p1__dm0p1
Problem: QUBO
Kernel: jsd
Advantage: peragentrankweighted
M: 3
lambda: 16
epsilon_svgd: 0.01
gamma: 0.003
decay_start_ratio: 0.1
decay_min_factor: 0.1
bandwith_kernel: None
no_interact: False
avg_score: -444.82000732421875
median_score: -449.0
std_score: 25.891456604003906
percentiles: 2%=-492.0400085449219, 5%=-481.1000061035156, 10%=-473.3999938964844, 25%=-464.0, 50%=-449.0, 75%=-427.75, 90%=-403.8999938964844, 95%=-400.95001220703125, 98%=-397.8999938964844
ranking_best_algo: CMApara
ranking_best_score: 453.82
ranking_my_rank: 6/504 (99.0%)
ranking_my_percent: 99.0079365079365
