ConfigName: krbf__advnormalizedfitness__M3__L12__eps0p033__g0p007__ds0p3__dm0p3
Problem: NK
Kernel: rbf
Advantage: normalizedfitness
M: 3
lambda: 12
epsilon_svgd: 0.033
gamma: 0.007
decay_start_ratio: 0.3
decay_min_factor: 0.3
bandwith_kernel: None
no_interact: False
avg_score: 0.7547743320465088
median_score: 0.7533404231071472
std_score: 0.013613732531666756
percentiles: 2%=0.7290524840354919, 5%=0.7298489212989807, 10%=0.7370792031288147, 25%=0.7455841302871704, 50%=0.7533404231071472, 75%=0.7657414078712463, 90%=0.7723002433776855, 95%=0.7744966745376587, 98%=0.7814186215400696
ranking_best_algo: Tabu
ranking_best_score: 0.7470791764843752
ranking_my_rank: 1/504 (100.0%)
ranking_my_percent: 100.0
