ConfigName: krbf__advnormalizedfitness__M4__L10__eps0p025__g0p01__ds0p3__dm0p3
Problem: QUBO
Kernel: rbf
Advantage: normalizedfitness
M: 4
lambda: 10
epsilon_svgd: 0.025
gamma: 0.01
decay_start_ratio: 0.3
decay_min_factor: 0.3
bandwith_kernel: None
no_interact: False
avg_score: -1995.02001953125
median_score: -2003.0
std_score: 199.9906005859375
percentiles: 2%=-2425.239990234375, 5%=-2321.199951171875, 10%=-2258.0, 25%=-2133.0, 50%=-2003.0, 75%=-1832.25, 90%=-1744.5, 95%=-1699.60009765625, 98%=-1665.97998046875
ranking_best_algo: DiscreteLengler2OnePlusOne
ranking_best_score: 2617.04
ranking_my_rank: 277/504 (45.2%)
ranking_my_percent: 45.23809523809524
