ConfigName: kjsd__advperagentrankweighted__M4__L12__eps0p005__g0p0007__ds0p1__dm0p2
Problem: QUBO
Kernel: jsd
Advantage: peragentrankweighted
M: 4
lambda: 12
epsilon_svgd: 0.005
gamma: 0.0007
decay_start_ratio: 0.1
decay_min_factor: 0.2
bandwith_kernel: None
no_interact: False
avg_score: -412.8800048828125
median_score: -412.5
std_score: 23.88023567199707
percentiles: 2%=-459.1600036621094, 5%=-453.04998779296875, 10%=-444.29998779296875, 25%=-430.0, 50%=-412.5, 75%=-394.0, 90%=-380.0, 95%=-377.8999938964844, 98%=-371.8399963378906
ranking_best_algo: Tabu
ranking_best_score: 438.12
ranking_my_rank: 64/504 (87.5%)
ranking_my_percent: 87.5
