ConfigName: kjsd__advperagentrankweighted__M4__L12__eps0p01__g0p0003__ds0p4__dm0p05
Problem: NK
Kernel: jsd
Advantage: peragentrankweighted
M: 4
lambda: 12
epsilon_svgd: 0.01
gamma: 0.0003
decay_start_ratio: 0.4
decay_min_factor: 0.05
bandwith_kernel: None
no_interact: False
avg_score: 0.7362571954727173
median_score: 0.7362288236618042
std_score: 0.00931976456195116
percentiles: 2%=0.721576988697052, 5%=0.7238031029701233, 10%=0.7254524230957031, 25%=0.7293685674667358, 50%=0.7362288236618042, 75%=0.7416253089904785, 90%=0.7469826340675354, 95%=0.7515729665756226, 98%=0.7588772773742676
ranking_best_algo: PBIL
ranking_best_score: 0.733570253046875
ranking_my_rank: 1/504 (100.0%)
ranking_my_percent: 100.0
