ConfigName: krbf__advnormalizedfitness__M4__L10__eps0p025__g0p015__ds0p3__dm0p01
Problem: QUBO
Kernel: rbf
Advantage: normalizedfitness
M: 4
lambda: 10
epsilon_svgd: 0.025
gamma: 0.015
decay_start_ratio: 0.3
decay_min_factor: 0.01
bandwith_kernel: None
no_interact: False
avg_score: -329.1000061035156
median_score: -332.0
std_score: 18.151308059692383
percentiles: 2%=-357.0799865722656, 5%=-351.25, 10%=-350.0, 25%=-341.25, 50%=-332.0, 75%=-317.5, 90%=-305.79998779296875, 95%=-295.8000183105469, 98%=-285.94000244140625
ranking_best_algo: CMApara
ranking_best_score: 344.22
ranking_my_rank: 83/504 (83.7%)
ranking_my_percent: 83.73015873015873
