ConfigName: krbf__advnormalizedfitness__M3__L10__eps0p033__g0p007__ds0p15__dm0p3
Problem: QUBO
Kernel: rbf
Advantage: normalizedfitness
M: 3
lambda: 10
epsilon_svgd: 0.033
gamma: 0.007
decay_start_ratio: 0.15
decay_min_factor: 0.3
bandwith_kernel: None
no_interact: False
avg_score: -2564.219970703125
median_score: -2564.5
std_score: 118.04402160644531
percentiles: 2%=-2790.4599609375, 5%=-2750.699951171875, 10%=-2718.199951171875, 25%=-2643.5, 50%=-2564.5, 75%=-2486.25, 90%=-2412.89990234375, 95%=-2367.10009765625, 98%=-2341.679931640625
ranking_best_algo: DiscreteLengler2OnePlusOne
ranking_best_score: 2617.04
ranking_my_rank: 51/504 (90.1%)
ranking_my_percent: 90.07936507936508
