ConfigName: kjsd__advperagentrankweighted__M3__L16__eps0p01__g0p001__ds0p05__dm0p2
Problem: QUBO
Kernel: jsd
Advantage: peragentrankweighted
M: 3
lambda: 16
epsilon_svgd: 0.01
gamma: 0.001
decay_start_ratio: 0.05
decay_min_factor: 0.2
bandwith_kernel: None
no_interact: False
avg_score: -1309.3399658203125
median_score: -1309.5
std_score: 52.7805290222168
percentiles: 2%=-1426.260009765625, 5%=-1396.0, 10%=-1373.199951171875, 25%=-1344.0, 50%=-1309.5, 75%=-1273.0, 90%=-1244.699951171875, 95%=-1232.1500244140625, 98%=-1208.8399658203125
ranking_best_algo: BigLognormalDiscreteOnePlusOne
ranking_best_score: 1301.3600000000004
ranking_my_rank: 1/504 (100.0%)
ranking_my_percent: 100.0
