ConfigName: kjsd__advperagentrankweighted__M5__L24__eps0p02__g0p0003__ds0p05__dm0p05
Problem: QUBO
Kernel: jsd
Advantage: peragentrankweighted
M: 5
lambda: 24
epsilon_svgd: 0.02
gamma: 0.0003
decay_start_ratio: 0.05
decay_min_factor: 0.05
bandwith_kernel: None
no_interact: False
avg_score: -410.0400085449219
median_score: -412.0
std_score: 25.352680206298828
percentiles: 2%=-467.0799865722656, 5%=-448.0, 10%=-440.0, 25%=-430.25, 50%=-412.0, 75%=-388.75, 90%=-375.79998779296875, 95%=-368.0, 98%=-361.9599914550781
ranking_best_algo: Tabu
ranking_best_score: 438.12
ranking_my_rank: 92/504 (81.9%)
ranking_my_percent: 81.94444444444444
