ConfigName: krbf__advnormalizedfitness__M4__L10__eps0p025__g0p005__ds0p3__dm0p01
Problem: NK
Kernel: rbf
Advantage: normalizedfitness
M: 4
lambda: 10
epsilon_svgd: 0.025
gamma: 0.005
decay_start_ratio: 0.3
decay_min_factor: 0.01
bandwith_kernel: None
no_interact: False
avg_score: 0.7425450682640076
median_score: 0.7421863079071045
std_score: 0.013307251036167145
percentiles: 2%=0.7137925624847412, 5%=0.7227389812469482, 10%=0.7280555367469788, 25%=0.7341476678848267, 50%=0.7421863079071045, 75%=0.7495279312133789, 90%=0.7577475309371948, 95%=0.7636623382568359, 98%=0.7692322731018066
ranking_best_algo: Tabu
ranking_best_score: 0.7601875690625
ranking_my_rank: 11/504 (98.0%)
ranking_my_percent: 98.01587301587301
