ConfigName: kjsd__advperagentrankweighted__M3__L16__eps0p007__g0p0005__ds0p05__dm0p05
Problem: NK
Kernel: jsd
Advantage: peragentrankweighted
M: 3
lambda: 16
epsilon_svgd: 0.007
gamma: 0.0005
decay_start_ratio: 0.05
decay_min_factor: 0.05
bandwith_kernel: None
no_interact: False
avg_score: 0.706264853477478
median_score: 0.7078923583030701
std_score: 0.011896420270204544
percentiles: 2%=0.6860920190811157, 5%=0.6878281831741333, 10%=0.689963698387146, 25%=0.6948528289794922, 50%=0.7078923583030701, 75%=0.7167320847511292, 90%=0.720190703868866, 95%=0.7214070558547974, 98%=0.723440408706665
ranking_best_algo: PBIL
ranking_best_score: 0.7013553837109374
ranking_my_rank: 1/504 (100.0%)
ranking_my_percent: 100.0
