ConfigName: kjsd__advperagentrankweighted__M5__L8__eps0p005__g0p0003__ds0p4__dm0p05
Problem: NK
Kernel: jsd
Advantage: peragentrankweighted
M: 5
lambda: 8
epsilon_svgd: 0.005
gamma: 0.0003
decay_start_ratio: 0.4
decay_min_factor: 0.05
bandwith_kernel: None
no_interact: False
avg_score: 0.7406821250915527
median_score: 0.7391710877418518
std_score: 0.011958240531384945
percentiles: 2%=0.7194573283195496, 5%=0.7228586077690125, 10%=0.7258511781692505, 25%=0.7325356006622314, 50%=0.7391710877418518, 75%=0.7475793361663818, 90%=0.7552964091300964, 95%=0.7610130310058594, 98%=0.7697763442993164
ranking_best_algo: Tabu
ranking_best_score: 0.7601875690625
ranking_my_rank: 12/504 (97.8%)
ranking_my_percent: 97.81746031746032
