ConfigName: krbf__advglobalrankweighted__M4__L10__eps0p01__g0p007__ds0p01__dm0p01
Problem: QUBO
Kernel: rbf
Advantage: globalrankweighted
M: 4
lambda: 10
epsilon_svgd: 0.01
gamma: 0.007
decay_start_ratio: 0.01
decay_min_factor: 0.01
bandwith_kernel: None
no_interact: False
avg_score: -912.219970703125
median_score: -902.0
std_score: 75.59160614013672
percentiles: 2%=-1060.0999755859375, 5%=-1046.4000244140625, 10%=-1020.2000122070312, 25%=-960.75, 50%=-902.0, 75%=-867.5, 90%=-830.5999755859375, 95%=-762.6000366210938, 98%=-748.9199829101562
ranking_best_algo: CMApara
ranking_best_score: 964.9
ranking_my_rank: 82/504 (83.9%)
ranking_my_percent: 83.92857142857143
