ConfigName: kjsd__advperagentrankweighted__M5__L12__eps0p03__g0p0003__ds0p2__dm0p05
Problem: QUBO
Kernel: jsd
Advantage: peragentrankweighted
M: 5
lambda: 12
epsilon_svgd: 0.03
gamma: 0.0003
decay_start_ratio: 0.2
decay_min_factor: 0.05
bandwith_kernel: None
no_interact: False
avg_score: -148.52000427246094
median_score: -146.0
std_score: 12.879814147949219
percentiles: 2%=-179.0, 5%=-177.0, 10%=-164.0, 25%=-157.0, 50%=-146.0, 75%=-141.0, 90%=-133.0, 95%=-128.9499969482422, 98%=-122.94000244140625
ranking_best_algo: CMApara
ranking_best_score: 154.28
ranking_my_rank: 84/504 (83.5%)
ranking_my_percent: 83.53174603174604
