ConfigName: kjsd__advperagentrankweighted__M5__L10__eps0p02__g0p0003__ds0p2__dm0p05
Problem: QUBO
Kernel: jsd
Advantage: peragentrankweighted
M: 5
lambda: 10
epsilon_svgd: 0.02
gamma: 0.0003
decay_start_ratio: 0.2
decay_min_factor: 0.05
bandwith_kernel: None
no_interact: False
avg_score: -197.52000427246094
median_score: -199.0
std_score: 13.116768836975098
percentiles: 2%=-224.0, 5%=-218.0500030517578, 10%=-214.0, 25%=-207.0, 50%=-199.0, 75%=-187.0, 90%=-181.8000030517578, 95%=-176.89999389648438, 98%=-173.89999389648438
ranking_best_algo: Tabu
ranking_best_score: 208.36000000000004
ranking_my_rank: 113/504 (77.8%)
ranking_my_percent: 77.77777777777777
