ConfigName: kjsd__advperagentrankweighted__M3__L18__eps0p007__g0p0007__ds0p2__dm0p1
Problem: QUBO
Kernel: jsd
Advantage: peragentrankweighted
M: 3
lambda: 18
epsilon_svgd: 0.007
gamma: 0.0007
decay_start_ratio: 0.2
decay_min_factor: 0.1
bandwith_kernel: None
no_interact: False
avg_score: -146.10000610351562
median_score: -146.0
std_score: 12.628143310546875
percentiles: 2%=-179.0, 5%=-164.75, 10%=-158.0, 25%=-154.0, 50%=-146.0, 75%=-139.0, 90%=-131.0, 95%=-126.9000015258789, 98%=-118.0
ranking_best_algo: CMApara
ranking_best_score: 154.28
ranking_my_rank: 128/504 (74.8%)
ranking_my_percent: 74.8015873015873
