ConfigName: kfr__advglobalrankweighted__M5__L9__eps0p015__g0p007__ds0p01__dm0p01
Problem: QUBO
Kernel: fr
Advantage: globalrankweighted
M: 5
lambda: 9
epsilon_svgd: 0.015
gamma: 0.007
decay_start_ratio: 0.01
decay_min_factor: 0.01
bandwith_kernel: None
no_interact: False
avg_score: -876.2000122070312
median_score: -866.0
std_score: 71.90702056884766
percentiles: 2%=-1022.0399780273438, 5%=-1001.75, 10%=-979.4000244140625, 25%=-937.5, 50%=-866.0, 75%=-818.75, 90%=-788.7000122070312, 95%=-777.0, 98%=-770.8999633789062
ranking_best_algo: CMAL3
ranking_best_score: 928.5800000000002
ranking_my_rank: 131/504 (74.2%)
ranking_my_percent: 74.2063492063492
