ConfigName: kjsd__advperagentrankweighted__M3__L18__eps0p005__g0p001__ds0p1__dm0p1
Problem: QUBO
Kernel: jsd
Advantage: peragentrankweighted
M: 3
lambda: 18
epsilon_svgd: 0.005
gamma: 0.001
decay_start_ratio: 0.1
decay_min_factor: 0.1
bandwith_kernel: None
no_interact: False
avg_score: -1616.6800537109375
median_score: -1613.5
std_score: 71.1932373046875
percentiles: 2%=-1749.5, 5%=-1730.0, 10%=-1713.0, 25%=-1661.0, 50%=-1613.5, 75%=-1579.0, 90%=-1526.800048828125, 95%=-1502.300048828125, 98%=-1444.9599609375
ranking_best_algo: NLOPT_LN_PRAXIS
ranking_best_score: 1607.12
ranking_my_rank: 1/504 (100.0%)
ranking_my_percent: 100.0
