ConfigName: kjsd__advperagentrankweighted__M4__L8__eps0p02__g0p0005__ds0p05__dm0p05
Problem: NK
Kernel: jsd
Advantage: peragentrankweighted
M: 4
lambda: 8
epsilon_svgd: 0.02
gamma: 0.0005
decay_start_ratio: 0.05
decay_min_factor: 0.05
bandwith_kernel: None
no_interact: False
avg_score: 0.724647581577301
median_score: 0.725871741771698
std_score: 0.00856911949813366
percentiles: 2%=0.70742267370224, 5%=0.70927894115448, 10%=0.7122603058815002, 25%=0.7181074619293213, 50%=0.725871741771698, 75%=0.7313765287399292, 90%=0.7348988652229309, 95%=0.7360532879829407, 98%=0.7383025288581848
ranking_best_algo: PBIL
ranking_best_score: 0.7248786399609374
ranking_my_rank: 2/504 (99.8%)
ranking_my_percent: 99.8015873015873
