ConfigName: kjsd__advperagentrankweighted__M3__L18__eps0p007__g0p003__ds0p2__dm0p1
Problem: QUBO
Kernel: jsd
Advantage: peragentrankweighted
M: 3
lambda: 18
epsilon_svgd: 0.007
gamma: 0.003
decay_start_ratio: 0.2
decay_min_factor: 0.1
bandwith_kernel: None
no_interact: False
avg_score: -416.3599853515625
median_score: -419.0
std_score: 27.078227996826172
percentiles: 2%=-473.0400085449219, 5%=-457.1000061035156, 10%=-452.1000061035156, 25%=-434.0, 50%=-419.0, 75%=-395.5, 90%=-379.79998779296875, 95%=-375.8999938964844, 98%=-371.760009765625
ranking_best_algo: Tabu
ranking_best_score: 438.12
ranking_my_rank: 45/504 (91.3%)
ranking_my_percent: 91.26984126984127
