ConfigName: kjsd__advperagentrankweighted__M3__L20__eps0p005__g0p0005__ds0p05__dm0p1
Problem: QUBO
Kernel: jsd
Advantage: peragentrankweighted
M: 3
lambda: 20
epsilon_svgd: 0.005
gamma: 0.0005
decay_start_ratio: 0.05
decay_min_factor: 0.1
bandwith_kernel: None
no_interact: False
avg_score: -440.8599853515625
median_score: -443.0
std_score: 22.619028091430664
percentiles: 2%=-483.1199951171875, 5%=-479.1000061035156, 10%=-467.1000061035156, 25%=-459.0, 50%=-443.0, 75%=-425.5, 90%=-415.0, 95%=-403.0, 98%=-395.7200012207031
ranking_best_algo: CMApara
ranking_best_score: 453.82
ranking_my_rank: 12/504 (97.8%)
ranking_my_percent: 97.81746031746032
