ConfigName: krbf__advnormalizedfitness__M3__L8__eps0p033__g0p005__ds0p01__dm0p3
Problem: QUBO
Kernel: rbf
Advantage: normalizedfitness
M: 3
lambda: 8
epsilon_svgd: 0.033
gamma: 0.005
decay_start_ratio: 0.01
decay_min_factor: 0.3
bandwith_kernel: None
no_interact: False
avg_score: -1184.8399658203125
median_score: -1176.0
std_score: 60.309486389160156
percentiles: 2%=-1331.52001953125, 5%=-1288.5, 10%=-1263.0999755859375, 25%=-1210.5, 50%=-1176.0, 75%=-1139.75, 90%=-1113.699951171875, 95%=-1101.8499755859375, 98%=-1093.93994140625
ranking_best_algo: Tabu
ranking_best_score: 1216.16
ranking_my_rank: 64/504 (87.5%)
ranking_my_percent: 87.5
