ConfigName: krbf__advnormalizedfitness__M4__L8__eps0p03__g0p005__ds0p05__dm0p05
Problem: QUBO
Kernel: rbf
Advantage: normalizedfitness
M: 4
lambda: 8
epsilon_svgd: 0.03
gamma: 0.005
decay_start_ratio: 0.05
decay_min_factor: 0.05
bandwith_kernel: None
no_interact: False
avg_score: -1189.1800537109375
median_score: -1188.0
std_score: 58.19438934326172
percentiles: 2%=-1328.0999755859375, 5%=-1299.5, 10%=-1253.699951171875, 25%=-1224.0, 50%=-1188.0, 75%=-1151.25, 90%=-1121.699951171875, 95%=-1107.6500244140625, 98%=-1079.800048828125
ranking_best_algo: Tabu
ranking_best_score: 1216.16
ranking_my_rank: 55/504 (89.3%)
ranking_my_percent: 89.28571428571429
