ConfigName: kjsd__advperagentrankweighted__M5__L24__eps0p007__g0p0005__ds0p05__dm0p05
Problem: QUBO
Kernel: jsd
Advantage: peragentrankweighted
M: 5
lambda: 24
epsilon_svgd: 0.007
gamma: 0.0005
decay_start_ratio: 0.05
decay_min_factor: 0.05
bandwith_kernel: None
no_interact: False
avg_score: -916.8200073242188
median_score: -909.5
std_score: 64.25906372070312
percentiles: 2%=-1060.0, 5%=-1048.199951171875, 10%=-1007.0999755859375, 25%=-958.0, 50%=-909.5, 75%=-881.0, 90%=-832.5, 95%=-810.9500122070312, 98%=-803.0
ranking_best_algo: CMAL3
ranking_best_score: 928.5800000000002
ranking_my_rank: 15/504 (97.2%)
ranking_my_percent: 97.22222222222223
