ConfigName: krbf__advnormalizedfitness__M2__L10__eps0p025__g0p007__ds0p01__dm0p01
Problem: QUBO
Kernel: rbf
Advantage: normalizedfitness
M: 2
lambda: 10
epsilon_svgd: 0.025
gamma: 0.007
decay_start_ratio: 0.01
decay_min_factor: 0.01
bandwith_kernel: None
no_interact: False
avg_score: -1234.8800048828125
median_score: -1235.0
std_score: 67.24288177490234
percentiles: 2%=-1373.280029296875, 5%=-1357.0, 10%=-1328.5999755859375, 25%=-1277.5, 50%=-1235.0, 75%=-1185.0, 90%=-1155.0, 95%=-1129.949951171875, 98%=-1112.9200439453125
ranking_best_algo: SVMMetaModelLogNormal
ranking_best_score: 1233.7999999999997
ranking_my_rank: 1/504 (100.0%)
ranking_my_percent: 100.0
