ConfigName: krbf__advnormalizedfitness__M3__L10__eps0p033__g0p005__ds0p01__dm0p01
Problem: QUBO
Kernel: rbf
Advantage: normalizedfitness
M: 3
lambda: 10
epsilon_svgd: 0.033
gamma: 0.005
decay_start_ratio: 0.01
decay_min_factor: 0.01
bandwith_kernel: None
no_interact: False
avg_score: -439.1000061035156
median_score: -445.0
std_score: 25.803680419921875
percentiles: 2%=-482.05999755859375, 5%=-473.0, 10%=-467.1000061035156, 25%=-457.0, 50%=-445.0, 75%=-424.0, 90%=-397.79998779296875, 95%=-390.95001220703125, 98%=-386.94000244140625
ranking_best_algo: CMApara
ranking_best_score: 453.82
ranking_my_rank: 19/504 (96.4%)
ranking_my_percent: 96.42857142857143
