ConfigName: kjsd__advperagentrankweighted__M3__L18__eps0p01__g0p0007__ds0p2__dm0p05
Problem: QUBO
Kernel: jsd
Advantage: peragentrankweighted
M: 3
lambda: 18
epsilon_svgd: 0.01
gamma: 0.0007
decay_start_ratio: 0.2
decay_min_factor: 0.05
bandwith_kernel: None
no_interact: False
avg_score: -439.0199890136719
median_score: -441.5
std_score: 29.28480339050293
percentiles: 2%=-492.0799865722656, 5%=-487.1000061035156, 10%=-481.0, 25%=-459.25, 50%=-441.5, 75%=-416.75, 90%=-399.8999938964844, 95%=-392.95001220703125, 98%=-383.8399963378906
ranking_best_algo: CMApara
ranking_best_score: 453.82
ranking_my_rank: 19/504 (96.4%)
ranking_my_percent: 96.42857142857143
