ConfigName: kjsd__advperagentrankweighted__M3__L18__eps0p01__g0p0005__ds0p05__dm0p1
Problem: NK
Kernel: jsd
Advantage: peragentrankweighted
M: 3
lambda: 18
epsilon_svgd: 0.01
gamma: 0.0005
decay_start_ratio: 0.05
decay_min_factor: 0.1
bandwith_kernel: None
no_interact: False
avg_score: 0.7207459807395935
median_score: 0.7211109399795532
std_score: 0.006902145687490702
percentiles: 2%=0.707001805305481, 5%=0.708764910697937, 10%=0.710847020149231, 25%=0.7167236804962158, 50%=0.7211109399795532, 75%=0.7252840995788574, 90%=0.7283061146736145, 95%=0.732315182685852, 98%=0.7333075404167175
ranking_best_algo: PBIL
ranking_best_score: 0.7170882103515624
ranking_my_rank: 1/504 (100.0%)
ranking_my_percent: 100.0
