ConfigName: krbf__advnormalizedfitness__M3__L10__eps0p03__g0p005__ds0p05__dm0p05
Problem: QUBO
Kernel: rbf
Advantage: normalizedfitness
M: 3
lambda: 10
epsilon_svgd: 0.03
gamma: 0.005
decay_start_ratio: 0.05
decay_min_factor: 0.05
bandwith_kernel: None
no_interact: False
avg_score: -1596.300048828125
median_score: -1598.0
std_score: 66.25836181640625
percentiles: 2%=-1715.719970703125, 5%=-1698.550048828125, 10%=-1676.5, 25%=-1636.5, 50%=-1598.0, 75%=-1560.0, 90%=-1509.0, 95%=-1490.5999755859375, 98%=-1450.8800048828125
ranking_best_algo: NLOPT_LN_PRAXIS
ranking_best_score: 1607.12
ranking_my_rank: 13/504 (97.6%)
ranking_my_percent: 97.61904761904762
