ConfigName: kjsd__advperagentrankweighted__M4__L12__eps0p005__g0p0005__ds0p05__dm0p05
Problem: QUBO
Kernel: jsd
Advantage: peragentrankweighted
M: 4
lambda: 12
epsilon_svgd: 0.005
gamma: 0.0005
decay_start_ratio: 0.05
decay_min_factor: 0.05
bandwith_kernel: None
no_interact: False
avg_score: -445.82000732421875
median_score: -449.5
std_score: 24.47545051574707
percentiles: 2%=-492.0400085449219, 5%=-485.20001220703125, 10%=-477.20001220703125, 25%=-463.0, 50%=-449.5, 75%=-428.5, 90%=-412.8999938964844, 95%=-408.8999938964844, 98%=-397.8399963378906
ranking_best_algo: CMApara
ranking_best_score: 453.82
ranking_my_rank: 3/504 (99.6%)
ranking_my_percent: 99.60317460317461
