ConfigName: kfr__advglobalrankweighted__M1__L7__eps0p015__g0p007__ds0p01__dm0p01
Problem: QUBO
Kernel: fr
Advantage: globalrankweighted
M: 1
lambda: 7
epsilon_svgd: 0.015
gamma: 0.007
decay_start_ratio: 0.01
decay_min_factor: 0.01
bandwith_kernel: None
no_interact: False
avg_score: -2569.679931640625
median_score: -2579.5
std_score: 142.94256591796875
percentiles: 2%=-2823.860107421875, 5%=-2795.75, 10%=-2743.699951171875, 25%=-2668.75, 50%=-2579.5, 75%=-2469.0, 90%=-2398.0, 95%=-2309.699951171875, 98%=-2237.9599609375
ranking_best_algo: DiscreteLengler2OnePlusOne
ranking_best_score: 2617.04
ranking_my_rank: 50/504 (90.3%)
ranking_my_percent: 90.27777777777777
