ConfigName: krbf__advnormalizedfitness__M2__L8__eps0p015__g0p005__ds0p15__dm0p01
Problem: QUBO
Kernel: rbf
Advantage: normalizedfitness
M: 2
lambda: 8
epsilon_svgd: 0.015
gamma: 0.005
decay_start_ratio: 0.15
decay_min_factor: 0.01
bandwith_kernel: None
no_interact: False
avg_score: -575.5399780273438
median_score: -577.0
std_score: 28.379364013671875
percentiles: 2%=-636.02001953125, 5%=-633.0, 10%=-608.2999877929688, 25%=-590.5, 50%=-577.0, 75%=-557.75, 90%=-535.5999755859375, 95%=-526.9500122070312, 98%=-523.0
ranking_best_algo: Tabu
ranking_best_score: 588.7199999999999
ranking_my_rank: 57/503 (88.9%)
ranking_my_percent: 88.86679920477137
