ConfigName: kjsd__advperagentrankweighted__M5__L8__eps0p005__g0p0005__ds0p2__dm0p2
Problem: QUBO
Kernel: jsd
Advantage: peragentrankweighted
M: 5
lambda: 8
epsilon_svgd: 0.005
gamma: 0.0005
decay_start_ratio: 0.2
decay_min_factor: 0.2
bandwith_kernel: None
no_interact: False
avg_score: -2563.199951171875
median_score: -2540.5
std_score: 135.50852966308594
percentiles: 2%=-2835.340087890625, 5%=-2808.39990234375, 10%=-2769.10009765625, 25%=-2643.25, 50%=-2540.5, 75%=-2481.25, 90%=-2384.300048828125, 95%=-2371.89990234375, 98%=-2338.0
ranking_best_algo: SVM1MetaModelLogNormal
ranking_best_score: 2605.14
ranking_my_rank: 39/504 (92.5%)
ranking_my_percent: 92.46031746031746
