ConfigName: kjsd__advperagentrankweighted__M8__L10__eps0p008__g0p0005__ds0p05__dm0p05
Problem: QUBO
Kernel: jsd
Advantage: peragentrankweighted
M: 8
lambda: 10
epsilon_svgd: 0.008
gamma: 0.0005
decay_start_ratio: 0.05
decay_min_factor: 0.05
bandwith_kernel: None
no_interact: False
avg_score: -141.05999755859375
median_score: -142.5
std_score: 10.895705223083496
percentiles: 2%=-159.02000427246094, 5%=-158.0500030517578, 10%=-156.10000610351562, 25%=-148.25, 50%=-142.5, 75%=-132.0, 90%=-128.89999389648438, 95%=-125.0, 98%=-118.9800033569336
ranking_best_algo: DiscreteDE
ranking_best_score: 143.4
ranking_my_rank: 73/504 (85.7%)
ranking_my_percent: 85.71428571428571
