ConfigName: krbf__advnormalizedfitness__M4__L15__eps0p033__g0p005__ds0p15__dm0p3
Problem: NK
Kernel: rbf
Advantage: normalizedfitness
M: 4
lambda: 15
epsilon_svgd: 0.033
gamma: 0.005
decay_start_ratio: 0.15
decay_min_factor: 0.3
bandwith_kernel: None
no_interact: False
avg_score: 0.7042784690856934
median_score: 0.7061717510223389
std_score: 0.01201522909104824
percentiles: 2%=0.6847119331359863, 5%=0.686700165271759, 10%=0.6885113716125488, 25%=0.6927432417869568, 50%=0.7061717510223389, 75%=0.7147412300109863, 90%=0.7192062735557556, 95%=0.7212934494018555, 98%=0.721900999546051
ranking_best_algo: PBIL
ranking_best_score: 0.7013553837109374
ranking_my_rank: 1/504 (100.0%)
ranking_my_percent: 100.0
