ConfigName: krbf__advnormalizedfitness__M3__L8__eps0p015__g0p007__ds0p15__dm0p01
Problem: QUBO
Kernel: rbf
Advantage: normalizedfitness
M: 3
lambda: 8
epsilon_svgd: 0.015
gamma: 0.007
decay_start_ratio: 0.15
decay_min_factor: 0.01
bandwith_kernel: None
no_interact: False
avg_score: -140.32000732421875
median_score: -141.0
std_score: 11.71399211883545
percentiles: 2%=-159.0, 5%=-158.0, 10%=-157.10000610351562, 25%=-146.25, 50%=-141.0, 75%=-132.0, 90%=-126.80000305175781, 95%=-119.0, 98%=-116.81996154785156
ranking_best_algo: DiscreteDE
ranking_best_score: 143.4
ranking_my_rank: 78/504 (84.7%)
ranking_my_percent: 84.72222222222223
