ConfigName: kfr__advglobalrankweighted__M2__L8__eps0p01__g0p005__ds0p01__dm0p01
Problem: QUBO
Kernel: fr
Advantage: globalrankweighted
M: 2
lambda: 8
epsilon_svgd: 0.01
gamma: 0.005
decay_start_ratio: 0.01
decay_min_factor: 0.01
bandwith_kernel: None
no_interact: False
avg_score: -894.8599853515625
median_score: -881.5
std_score: 65.20000457763672
percentiles: 2%=-1040.02001953125, 5%=-1017.25, 10%=-993.5999755859375, 25%=-943.5, 50%=-881.5, 75%=-850.0, 90%=-817.0, 95%=-805.9500122070312, 98%=-795.719970703125
ranking_best_algo: CMAL3
ranking_best_score: 928.5800000000002
ranking_my_rank: 89/504 (82.5%)
ranking_my_percent: 82.53968253968254
