ConfigName: krbf__advnormalizedfitness__M2__L8__eps0p033__g0p007__ds0p15__dm0p3
Problem: QUBO
Kernel: rbf
Advantage: normalizedfitness
M: 2
lambda: 8
epsilon_svgd: 0.033
gamma: 0.007
decay_start_ratio: 0.15
decay_min_factor: 0.3
bandwith_kernel: None
no_interact: False
avg_score: -571.0999755859375
median_score: -571.0
std_score: 28.933544158935547
percentiles: 2%=-627.0399780273438, 5%=-621.0999755859375, 10%=-611.0999755859375, 25%=-589.0, 50%=-571.0, 75%=-554.0, 90%=-539.0, 95%=-524.8499755859375, 98%=-504.9800109863281
ranking_best_algo: Tabu
ranking_best_score: 588.7199999999999
ranking_my_rank: 62/503 (87.9%)
ranking_my_percent: 87.8727634194831
