ConfigName: krbf__advnormalizedfitness__M4__L15__eps0p015__g0p015__ds0p01__dm0p3
Problem: QUBO
Kernel: rbf
Advantage: normalizedfitness
M: 4
lambda: 15
epsilon_svgd: 0.015
gamma: 0.015
decay_start_ratio: 0.01
decay_min_factor: 0.3
bandwith_kernel: None
no_interact: False
avg_score: -478.1600036621094
median_score: -476.0
std_score: 50.1700553894043
percentiles: 2%=-585.47998046875, 5%=-550.2999877929688, 10%=-540.4000244140625, 25%=-508.5, 50%=-476.0, 75%=-441.75, 90%=-418.79998779296875, 95%=-403.0, 98%=-400.9599914550781
ranking_best_algo: CMApara
ranking_best_score: 964.9
ranking_my_rank: 393/504 (22.2%)
ranking_my_percent: 22.22222222222222
