ConfigName: kjsd__advperagentrankweighted__M5__L8__eps0p005__g0p0005__ds0p2__dm0p05
Problem: NK
Kernel: jsd
Advantage: peragentrankweighted
M: 5
lambda: 8
epsilon_svgd: 0.005
gamma: 0.0005
decay_start_ratio: 0.2
decay_min_factor: 0.05
bandwith_kernel: None
no_interact: False
avg_score: 0.7351232767105103
median_score: 0.7358916997909546
std_score: 0.008561022579669952
percentiles: 2%=0.7190325856208801, 5%=0.7198329567909241, 10%=0.7231193780899048, 25%=0.7291202545166016, 50%=0.7358916997909546, 75%=0.7414319515228271, 90%=0.7453004121780396, 95%=0.7466433048248291, 98%=0.7488567233085632
ranking_best_algo: PBIL
ranking_best_score: 0.7248786399609374
ranking_my_rank: 1/504 (100.0%)
ranking_my_percent: 100.0
