ConfigName: kjsd__advperagentrankweighted__M3__L18__eps0p01__g0p001__ds0p2__dm0p05
Problem: QUBO
Kernel: jsd
Advantage: peragentrankweighted
M: 3
lambda: 18
epsilon_svgd: 0.01
gamma: 0.001
decay_start_ratio: 0.2
decay_min_factor: 0.05
bandwith_kernel: None
no_interact: False
avg_score: -441.6000061035156
median_score: -441.5
std_score: 28.140363693237305
percentiles: 2%=-490.0400085449219, 5%=-487.1000061035156, 10%=-477.0, 25%=-464.0, 50%=-441.5, 75%=-420.75, 90%=-398.6000061035156, 95%=-391.8999938964844, 98%=-387.0
ranking_best_algo: CMApara
ranking_best_score: 453.82
ranking_my_rank: 11/504 (98.0%)
ranking_my_percent: 98.01587301587301
