ConfigName: krbf__advnormalizedfitness__M3__L10__eps0p025__g0p007__ds0p3__dm0p01
Problem: QUBO
Kernel: rbf
Advantage: normalizedfitness
M: 3
lambda: 10
epsilon_svgd: 0.025
gamma: 0.007
decay_start_ratio: 0.3
decay_min_factor: 0.01
bandwith_kernel: None
no_interact: False
avg_score: -442.1400146484375
median_score: -441.0
std_score: 25.302576065063477
percentiles: 2%=-487.0, 5%=-477.1000061035156, 10%=-473.0, 25%=-462.5, 50%=-441.0, 75%=-427.0, 90%=-410.3000183105469, 95%=-397.9000244140625, 98%=-386.0
ranking_best_algo: CMApara
ranking_best_score: 453.82
ranking_my_rank: 9/504 (98.4%)
ranking_my_percent: 98.41269841269842
