ConfigName: kjsd__advperagentrankweighted__M4__L24__eps0p01__g0p0003__ds0p4__dm0p05
Problem: QUBO
Kernel: jsd
Advantage: peragentrankweighted
M: 4
lambda: 24
epsilon_svgd: 0.01
gamma: 0.0003
decay_start_ratio: 0.4
decay_min_factor: 0.05
bandwith_kernel: None
no_interact: False
avg_score: -199.66000366210938
median_score: -201.0
std_score: 12.485367774963379
percentiles: 2%=-224.0, 5%=-222.10000610351562, 10%=-213.1999969482422, 25%=-208.25, 50%=-201.0, 75%=-190.75, 90%=-184.0, 95%=-181.6999969482422, 98%=-174.9600067138672
ranking_best_algo: Tabu
ranking_best_score: 208.36000000000004
ranking_my_rank: 65/504 (87.3%)
ranking_my_percent: 87.3015873015873
