ConfigName: kjsd__advperagentrankweighted__M3__L16__eps0p005__g0p001__ds0p1__dm0p2
Problem: QUBO
Kernel: jsd
Advantage: peragentrankweighted
M: 3
lambda: 16
epsilon_svgd: 0.005
gamma: 0.001
decay_start_ratio: 0.1
decay_min_factor: 0.2
bandwith_kernel: None
no_interact: False
avg_score: -578.5399780273438
median_score: -579.0
std_score: 26.16998863220215
percentiles: 2%=-627.0399780273438, 5%=-623.0, 10%=-609.0999755859375, 25%=-598.0, 50%=-579.0, 75%=-561.5, 90%=-546.9000244140625, 95%=-532.8499755859375, 98%=-521.9000244140625
ranking_best_algo: Tabu
ranking_best_score: 588.7199999999999
ranking_my_rank: 42/503 (91.8%)
ranking_my_percent: 91.84890656063618
