ConfigName: kjsd__advperagentrankweighted__M3__L20__eps0p005__g0p001__ds0p05__dm0p2
Problem: QUBO
Kernel: jsd
Advantage: peragentrankweighted
M: 3
lambda: 20
epsilon_svgd: 0.005
gamma: 0.001
decay_start_ratio: 0.05
decay_min_factor: 0.2
bandwith_kernel: None
no_interact: False
avg_score: -307.8399963378906
median_score: -308.0
std_score: 38.715553283691406
percentiles: 2%=-394.0400085449219, 5%=-384.29998779296875, 10%=-353.6000061035156, 25%=-334.0, 50%=-308.0, 75%=-275.0, 90%=-265.79998779296875, 95%=-260.95001220703125, 98%=-238.97999572753906
ranking_best_algo: CMApara
ranking_best_score: 319.29999999999995
ranking_my_rank: 95/504 (81.3%)
ranking_my_percent: 81.34920634920636
