ConfigName: kjsd__advperagentrankweighted__M3__L18__eps0p005__g0p003__ds0p05__dm0p1
Problem: QUBO
Kernel: jsd
Advantage: peragentrankweighted
M: 3
lambda: 18
epsilon_svgd: 0.005
gamma: 0.003
decay_start_ratio: 0.05
decay_min_factor: 0.1
bandwith_kernel: None
no_interact: False
avg_score: -148.47999572753906
median_score: -146.0
std_score: 14.04455852508545
percentiles: 2%=-179.0, 5%=-179.0, 10%=-165.3000030517578, 25%=-155.0, 50%=-146.0, 75%=-139.0, 90%=-132.8000030517578, 95%=-128.89999389648438, 98%=-121.95999908447266
ranking_best_algo: CMApara
ranking_best_score: 154.28
ranking_my_rank: 84/504 (83.5%)
ranking_my_percent: 83.53174603174604
