ConfigName: krbf__advnormalizedfitness__M3__L8__eps0p015__g0p01__ds0p01__dm0p3
Problem: NK
Kernel: rbf
Advantage: normalizedfitness
M: 3
lambda: 8
epsilon_svgd: 0.015
gamma: 0.01
decay_start_ratio: 0.01
decay_min_factor: 0.3
bandwith_kernel: None
no_interact: False
avg_score: 0.7037692070007324
median_score: 0.7044308185577393
std_score: 0.020832853391766548
percentiles: 2%=0.6676281094551086, 5%=0.6722790002822876, 10%=0.6788427233695984, 25%=0.689541220664978, 50%=0.7044308185577393, 75%=0.7159403562545776, 90%=0.7327401638031006, 95%=0.7373708486557007, 98%=0.7462000250816345
ranking_best_algo: Tabu
ranking_best_score: 0.7601875690625
ranking_my_rank: 301/504 (40.5%)
ranking_my_percent: 40.476190476190474
