ConfigName: kjsd__advperagentrankweighted__M4__L12__eps0p005__g0p0003__ds0p2__dm0p05
Problem: NK
Kernel: jsd
Advantage: peragentrankweighted
M: 4
lambda: 12
epsilon_svgd: 0.005
gamma: 0.0003
decay_start_ratio: 0.2
decay_min_factor: 0.05
bandwith_kernel: None
no_interact: False
avg_score: 0.7334754467010498
median_score: 0.7345070838928223
std_score: 0.008699868805706501
percentiles: 2%=0.7142674326896667, 5%=0.7182602882385254, 10%=0.7206867933273315, 25%=0.7283393740653992, 50%=0.7345070838928223, 75%=0.7400118112564087, 90%=0.7435654401779175, 95%=0.7459583878517151, 98%=0.7472574710845947
ranking_best_algo: PBIL
ranking_best_score: 0.7248786399609374
ranking_my_rank: 1/504 (100.0%)
ranking_my_percent: 100.0
