ConfigName: kfr__advglobalrankweighted__M1__L8__eps0p01__g0p007__ds0p01__dm0p01
Problem: QUBO
Kernel: fr
Advantage: globalrankweighted
M: 1
lambda: 8
epsilon_svgd: 0.01
gamma: 0.007
decay_start_ratio: 0.01
decay_min_factor: 0.01
bandwith_kernel: None
no_interact: False
avg_score: -1265.1800537109375
median_score: -1265.0
std_score: 68.86122131347656
percentiles: 2%=-1399.219970703125, 5%=-1384.0999755859375, 10%=-1359.0, 25%=-1313.0, 50%=-1265.0, 75%=-1212.25, 90%=-1183.0, 95%=-1166.9000244140625, 98%=-1134.699951171875
ranking_best_algo: BigLognormalDiscreteOnePlusOne
ranking_best_score: 1301.3600000000004
ranking_my_rank: 50/504 (90.3%)
ranking_my_percent: 90.27777777777777
