ConfigName: kjsd__advperagentrankweighted__M3__L20__eps0p007__g0p003__ds0p1__dm0p1
Problem: QUBO
Kernel: jsd
Advantage: peragentrankweighted
M: 3
lambda: 20
epsilon_svgd: 0.007
gamma: 0.003
decay_start_ratio: 0.1
decay_min_factor: 0.1
bandwith_kernel: None
no_interact: False
avg_score: -148.39999389648438
median_score: -146.5
std_score: 13.163585662841797
percentiles: 2%=-179.0, 5%=-179.0, 10%=-160.39999389648438, 25%=-155.0, 50%=-146.5, 75%=-140.0, 90%=-133.89999389648438, 95%=-130.89999389648438, 98%=-124.81999969482422
ranking_best_algo: CMApara
ranking_best_score: 154.28
ranking_my_rank: 84/504 (83.5%)
ranking_my_percent: 83.53174603174604
