ConfigName: krbf__advnormalizedfitness__M3__L8__eps0p015__g0p005__ds0p15__dm0p3
Problem: QUBO
Kernel: rbf
Advantage: normalizedfitness
M: 3
lambda: 8
epsilon_svgd: 0.015
gamma: 0.005
decay_start_ratio: 0.15
decay_min_factor: 0.3
bandwith_kernel: None
no_interact: False
avg_score: -306.8999938964844
median_score: -303.0
std_score: 37.799339294433594
percentiles: 2%=-386.1199951171875, 5%=-378.1000061035156, 10%=-358.0, 25%=-334.0, 50%=-303.0, 75%=-273.75, 90%=-263.8999938964844, 95%=-255.80001831054688, 98%=-250.81996154785156
ranking_best_algo: CMApara
ranking_best_score: 319.29999999999995
ranking_my_rank: 110/504 (78.4%)
ranking_my_percent: 78.37301587301587
