ConfigName: kjsd__advperagentrankweighted__M5__L24__eps0p03__g0p0005__ds0p05__dm0p05
Problem: QUBO
Kernel: jsd
Advantage: peragentrankweighted
M: 5
lambda: 24
epsilon_svgd: 0.03
gamma: 0.0005
decay_start_ratio: 0.05
decay_min_factor: 0.05
bandwith_kernel: None
no_interact: False
avg_score: -2581.0
median_score: -2594.5
std_score: 112.00875091552734
percentiles: 2%=-2786.5400390625, 5%=-2747.0, 10%=-2722.300048828125, 25%=-2661.0, 50%=-2594.5, 75%=-2485.5, 90%=-2429.89990234375, 95%=-2403.800048828125, 98%=-2379.56005859375
ranking_best_algo: SVM1MetaModelLogNormal
ranking_best_score: 2605.14
ranking_my_rank: 13/504 (97.6%)
ranking_my_percent: 97.61904761904762
