ConfigName: krbf__advnormalizedfitness__M3__L10__eps0p025__g0p007__ds0p15__dm0p01
Problem: QUBO
Kernel: rbf
Advantage: normalizedfitness
M: 3
lambda: 10
epsilon_svgd: 0.025
gamma: 0.007
decay_start_ratio: 0.15
decay_min_factor: 0.01
bandwith_kernel: None
no_interact: False
avg_score: -578.5599975585938
median_score: -575.0
std_score: 28.064327239990234
percentiles: 2%=-637.0599975585938, 5%=-627.0, 10%=-616.0999755859375, 25%=-601.0, 50%=-575.0, 75%=-556.0, 90%=-542.7999877929688, 95%=-535.9500122070312, 98%=-530.9400024414062
ranking_best_algo: Tabu
ranking_best_score: 588.7199999999999
ranking_my_rank: 42/503 (91.8%)
ranking_my_percent: 91.84890656063618
