ConfigName: kjsd__advperagentrankweighted__M3__L18__eps0p005__g0p003__ds0p1__dm0p2
Problem: NK
Kernel: jsd
Advantage: peragentrankweighted
M: 3
lambda: 18
epsilon_svgd: 0.005
gamma: 0.003
decay_start_ratio: 0.1
decay_min_factor: 0.2
bandwith_kernel: None
no_interact: False
avg_score: 0.6822853088378906
median_score: 0.682002067565918
std_score: 0.01425351295620203
percentiles: 2%=0.6544240713119507, 5%=0.6586499214172363, 10%=0.6629710793495178, 25%=0.672935962677002, 50%=0.682002067565918, 75%=0.691099226474762, 90%=0.6982870697975159, 95%=0.7064882516860962, 98%=0.7138539552688599
ranking_best_algo: PBIL
ranking_best_score: 0.733570253046875
ranking_my_rank: 191/504 (62.3%)
ranking_my_percent: 62.301587301587304
