ConfigName: kfr__advglobalrankweighted__M3__L8__eps0p02__g0p005__ds0p01__dm0p01
Problem: QUBO
Kernel: fr
Advantage: globalrankweighted
M: 3
lambda: 8
epsilon_svgd: 0.02
gamma: 0.005
decay_start_ratio: 0.01
decay_min_factor: 0.01
bandwith_kernel: None
no_interact: False
avg_score: -1294.739990234375
median_score: -1290.0
std_score: 52.8328742980957
percentiles: 2%=-1402.02001953125, 5%=-1387.199951171875, 10%=-1371.199951171875, 25%=-1323.75, 50%=-1290.0, 75%=-1258.5, 90%=-1230.800048828125, 95%=-1221.0, 98%=-1188.719970703125
ranking_best_algo: BigLognormalDiscreteOnePlusOne
ranking_best_score: 1301.3600000000004
ranking_my_rank: 2/504 (99.8%)
ranking_my_percent: 99.8015873015873
