ConfigName: krbf__advnormalizedfitness__M4__L12__eps0p025__g0p01__ds0p15__dm0p01
Problem: QUBO
Kernel: rbf
Advantage: normalizedfitness
M: 4
lambda: 12
epsilon_svgd: 0.025
gamma: 0.01
decay_start_ratio: 0.15
decay_min_factor: 0.01
bandwith_kernel: None
no_interact: False
avg_score: -2151.860107421875
median_score: -2139.5
std_score: 175.77935791015625
percentiles: 2%=-2503.260009765625, 5%=-2464.5, 10%=-2361.699951171875, 25%=-2271.25, 50%=-2139.5, 75%=-2027.25, 90%=-1917.800048828125, 95%=-1899.949951171875, 98%=-1818.739990234375
ranking_best_algo: SVM1MetaModelLogNormal
ranking_best_score: 2605.14
ranking_my_rank: 197/504 (61.1%)
ranking_my_percent: 61.111111111111114
