ConfigName: krbf__advnormalizedfitness__M4__L8__eps0p03__g0p01__ds0p05__dm0p05
Problem: QUBO
Kernel: rbf
Advantage: normalizedfitness
M: 4
lambda: 8
epsilon_svgd: 0.03
gamma: 0.01
decay_start_ratio: 0.05
decay_min_factor: 0.05
bandwith_kernel: None
no_interact: False
avg_score: -1253.239990234375
median_score: -1255.0
std_score: 70.14044952392578
percentiles: 2%=-1394.260009765625, 5%=-1358.5999755859375, 10%=-1336.4000244140625, 25%=-1305.25, 50%=-1255.0, 75%=-1196.5, 90%=-1160.199951171875, 95%=-1148.8499755859375, 98%=-1130.6800537109375
ranking_best_algo: BigLognormalDiscreteOnePlusOne
ranking_best_score: 1301.3600000000004
ranking_my_rank: 55/504 (89.3%)
ranking_my_percent: 89.28571428571429
