ConfigName: krbf__advnormalizedfitness__M2__L8__eps0p033__g0p007__ds0p15__dm0p3
Problem: QUBO
Kernel: rbf
Advantage: normalizedfitness
M: 2
lambda: 8
epsilon_svgd: 0.033
gamma: 0.007
decay_start_ratio: 0.15
decay_min_factor: 0.3
bandwith_kernel: None
no_interact: False
avg_score: -895.47998046875
median_score: -888.0
std_score: 66.60111999511719
percentiles: 2%=-1036.0400390625, 5%=-1006.7000122070312, 10%=-992.0999755859375, 25%=-942.25, 50%=-888.0, 75%=-842.75, 90%=-813.7999877929688, 95%=-803.0, 98%=-789.8200073242188
ranking_best_algo: CMAL3
ranking_best_score: 928.5800000000002
ranking_my_rank: 84/504 (83.5%)
ranking_my_percent: 83.53174603174604
