ConfigName: krbf__advnormalizedfitness__M3__L15__eps0p025__g0p005__ds0p01__dm0p01
Problem: QUBO
Kernel: rbf
Advantage: normalizedfitness
M: 3
lambda: 15
epsilon_svgd: 0.025
gamma: 0.005
decay_start_ratio: 0.01
decay_min_factor: 0.01
bandwith_kernel: None
no_interact: False
avg_score: -430.0
median_score: -429.5
std_score: 26.228229522705078
percentiles: 2%=-479.0, 5%=-473.1000061035156, 10%=-465.0, 25%=-447.5, 50%=-429.5, 75%=-414.0, 90%=-401.0, 95%=-390.8500061035156, 98%=-363.97998046875
ranking_best_algo: CMAL3
ranking_best_score: 435.36
ranking_my_rank: 9/504 (98.4%)
ranking_my_percent: 98.41269841269842
