ConfigName: kjsd__advperagentrankweighted__M6__L12__eps0p005__g0p0005__ds0p05__dm0p05
Problem: QUBO
Kernel: jsd
Advantage: peragentrankweighted
M: 6
lambda: 12
epsilon_svgd: 0.005
gamma: 0.0005
decay_start_ratio: 0.05
decay_min_factor: 0.05
bandwith_kernel: None
no_interact: False
avg_score: -202.5399932861328
median_score: -203.5
std_score: 10.595678329467773
percentiles: 2%=-222.0399932861328, 5%=-219.10000610351562, 10%=-215.10000610351562, 25%=-210.25, 50%=-203.5, 75%=-195.75, 90%=-188.6999969482422, 95%=-184.0, 98%=-182.86000061035156
ranking_best_algo: Tabu
ranking_best_score: 208.36000000000004
ranking_my_rank: 34/504 (93.5%)
ranking_my_percent: 93.45238095238095
