ConfigName: kjsd__advperagentrankweighted__M3__L18__eps0p01__g0p001__ds0p05__dm0p05
Problem: NK
Kernel: jsd
Advantage: peragentrankweighted
M: 3
lambda: 18
epsilon_svgd: 0.01
gamma: 0.001
decay_start_ratio: 0.05
decay_min_factor: 0.05
bandwith_kernel: None
no_interact: False
avg_score: 0.7430135607719421
median_score: 0.7398777008056641
std_score: 0.029365716502070427
percentiles: 2%=0.6927396655082703, 5%=0.7039381265640259, 10%=0.7087228894233704, 25%=0.7224984765052795, 50%=0.7398777008056641, 75%=0.7594892978668213, 90%=0.7783373594284058, 95%=0.8071765303611755, 98%=0.8118547797203064
ranking_best_algo: CMApara
ranking_best_score: 0.7459277895312499
ranking_my_rank: 13/504 (97.6%)
ranking_my_percent: 97.61904761904762
