ConfigName: kjsd__advperagentrankweighted__M3__L24__eps0p005__g0p0005__ds0p05__dm0p05
Problem: NK
Kernel: jsd
Advantage: peragentrankweighted
M: 3
lambda: 24
epsilon_svgd: 0.005
gamma: 0.0005
decay_start_ratio: 0.05
decay_min_factor: 0.05
bandwith_kernel: None
no_interact: False
avg_score: 0.7440526485443115
median_score: 0.7408133745193481
std_score: 0.028622057288885117
percentiles: 2%=0.6978409290313721, 5%=0.7055827975273132, 10%=0.7103580832481384, 25%=0.7227689623832703, 50%=0.7408133745193481, 75%=0.7580187320709229, 90%=0.7770750522613525, 95%=0.8047270774841309, 98%=0.8118547797203064
ranking_best_algo: CMApara
ranking_best_score: 0.7459277895312499
ranking_my_rank: 6/504 (99.0%)
ranking_my_percent: 99.0079365079365
