ConfigName: kjsd__advperagentrankweighted__M3__L18__eps0p005__g0p003__ds0p2__dm0p1
Problem: QUBO
Kernel: jsd
Advantage: peragentrankweighted
M: 3
lambda: 18
epsilon_svgd: 0.005
gamma: 0.003
decay_start_ratio: 0.2
decay_min_factor: 0.1
bandwith_kernel: None
no_interact: False
avg_score: -1020.8599853515625
median_score: -1013.0
std_score: 81.52864837646484
percentiles: 2%=-1203.1600341796875, 5%=-1177.25, 10%=-1118.0999755859375, 25%=-1077.5, 50%=-1013.0, 75%=-961.25, 90%=-926.2000122070312, 95%=-904.9000244140625, 98%=-870.760009765625
ranking_best_algo: SVMMetaModelLogNormal
ranking_best_score: 1233.7999999999997
ranking_my_rank: 216/504 (57.3%)
ranking_my_percent: 57.34126984126984
