ConfigName: kjsd__advperagentrankweighted__M3__L20__eps0p01__g0p0005__ds0p2__dm0p05
Problem: NK
Kernel: jsd
Advantage: peragentrankweighted
M: 3
lambda: 20
epsilon_svgd: 0.01
gamma: 0.0005
decay_start_ratio: 0.2
decay_min_factor: 0.05
bandwith_kernel: None
no_interact: False
avg_score: 0.7329714894294739
median_score: 0.7334973812103271
std_score: 0.009786969982087612
percentiles: 2%=0.7137991786003113, 5%=0.7157894372940063, 10%=0.7196974754333496, 25%=0.7248845100402832, 50%=0.7334973812103271, 75%=0.7405768632888794, 90%=0.7458934783935547, 95%=0.7476420402526855, 98%=0.7488772869110107
ranking_best_algo: PBIL
ranking_best_score: 0.7248786399609374
ranking_my_rank: 1/504 (100.0%)
ranking_my_percent: 100.0
