ConfigName: krbf__advnormalizedfitness__M3__L24__eps0p03__g0p005__ds0p05__dm0p05
Problem: NK
Kernel: rbf
Advantage: normalizedfitness
M: 3
lambda: 24
epsilon_svgd: 0.03
gamma: 0.005
decay_start_ratio: 0.05
decay_min_factor: 0.05
bandwith_kernel: None
no_interact: False
avg_score: 0.7446064949035645
median_score: 0.7411422729492188
std_score: 0.02778051421046257
percentiles: 2%=0.7057116031646729, 5%=0.7077817916870117, 10%=0.7105557918548584, 25%=0.7224339246749878, 50%=0.7411422729492188, 75%=0.7580187320709229, 90%=0.7782467603683472, 95%=0.8044298887252808, 98%=0.8044298887252808
ranking_best_algo: CMApara
ranking_best_score: 0.7459277895312499
ranking_my_rank: 3/504 (99.6%)
ranking_my_percent: 99.60317460317461
