ConfigName: kfr__advglobalrankweighted__M2__L7__eps0p01__g0p003__ds0p01__dm0p01
Problem: QUBO
Kernel: fr
Advantage: globalrankweighted
M: 2
lambda: 7
epsilon_svgd: 0.01
gamma: 0.003
decay_start_ratio: 0.01
decay_min_factor: 0.01
bandwith_kernel: None
no_interact: False
avg_score: -1287.1600341796875
median_score: -1290.0
std_score: 65.64141082763672
percentiles: 2%=-1416.3399658203125, 5%=-1391.3499755859375, 10%=-1365.0999755859375, 25%=-1332.75, 50%=-1290.0, 75%=-1244.0, 90%=-1206.199951171875, 95%=-1169.949951171875, 98%=-1151.8599853515625
ranking_best_algo: BigLognormalDiscreteOnePlusOne
ranking_best_score: 1301.3600000000004
ranking_my_rank: 4/504 (99.4%)
ranking_my_percent: 99.4047619047619
