ConfigName: krbf__advnormalizedfitness__M4__L10__eps0p033__g0p01__ds0p01__dm0p01
Problem: NK
Kernel: rbf
Advantage: normalizedfitness
M: 4
lambda: 10
epsilon_svgd: 0.033
gamma: 0.01
decay_start_ratio: 0.01
decay_min_factor: 0.01
bandwith_kernel: None
no_interact: False
avg_score: 0.7107710838317871
median_score: 0.710202693939209
std_score: 0.014025854878127575
percentiles: 2%=0.6804059147834778, 5%=0.6884457468986511, 10%=0.6934314966201782, 25%=0.7026274800300598, 50%=0.710202693939209, 75%=0.7193987369537354, 90%=0.7303128242492676, 95%=0.7358880639076233, 98%=0.7380080223083496
ranking_best_algo: Tabu
ranking_best_score: 0.7429702712499999
ranking_my_rank: 147/504 (71.0%)
ranking_my_percent: 71.03174603174604
