ConfigName: kjsd__advperagentrankweighted__M3__L20__eps0p007__g0p0007__ds0p1__dm0p05
Problem: NK
Kernel: jsd
Advantage: peragentrankweighted
M: 3
lambda: 20
epsilon_svgd: 0.007
gamma: 0.0007
decay_start_ratio: 0.1
decay_min_factor: 0.05
bandwith_kernel: None
no_interact: False
avg_score: 0.7526211738586426
median_score: 0.7521018981933594
std_score: 0.014362655580043793
percentiles: 2%=0.7265438437461853, 5%=0.7270191311836243, 10%=0.73616623878479, 25%=0.7437677383422852, 50%=0.7521018981933594, 75%=0.7619118094444275, 90%=0.7697612047195435, 95%=0.7771604061126709, 98%=0.7832190990447998
ranking_best_algo: Tabu
ranking_best_score: 0.7657846284375001
ranking_my_rank: 10/504 (98.2%)
ranking_my_percent: 98.21428571428571
