ConfigName: kjsd__advperagentrankweighted__M4__L12__eps0p005__g0p0003__ds0p2__dm0p05
Problem: NK
Kernel: jsd
Advantage: peragentrankweighted
M: 4
lambda: 12
epsilon_svgd: 0.005
gamma: 0.0003
decay_start_ratio: 0.2
decay_min_factor: 0.05
bandwith_kernel: None
no_interact: False
avg_score: 0.7063310742378235
median_score: 0.7087711095809937
std_score: 0.011872258968651295
percentiles: 2%=0.6851395964622498, 5%=0.6888117790222168, 10%=0.6911782026290894, 25%=0.6950461268424988, 50%=0.7087711095809937, 75%=0.7167642116546631, 90%=0.7210291624069214, 95%=0.7224467992782593, 98%=0.7228003144264221
ranking_best_algo: PBIL
ranking_best_score: 0.7013553837109374
ranking_my_rank: 1/504 (100.0%)
ranking_my_percent: 100.0
