ConfigName: krbf__advnormalizedfitness__M2__L10__eps0p025__g0p01__ds0p15__dm0p01
Problem: QUBO
Kernel: rbf
Advantage: normalizedfitness
M: 2
lambda: 10
epsilon_svgd: 0.025
gamma: 0.01
decay_start_ratio: 0.15
decay_min_factor: 0.01
bandwith_kernel: None
no_interact: False
avg_score: -1296.1800537109375
median_score: -1295.5
std_score: 61.98215103149414
percentiles: 2%=-1416.02001953125, 5%=-1393.050048828125, 10%=-1377.5, 25%=-1347.0, 50%=-1295.5, 75%=-1247.0, 90%=-1211.0, 95%=-1197.0, 98%=-1194.8399658203125
ranking_best_algo: BigLognormalDiscreteOnePlusOne
ranking_best_score: 1301.3600000000004
ranking_my_rank: 2/504 (99.8%)
ranking_my_percent: 99.8015873015873
