ConfigName: krbf__advnormalizedfitness__M1__L8__eps0p025__g0p01__ds0p15__dm0p3
Problem: NK
Kernel: rbf
Advantage: normalizedfitness
M: 1
lambda: 8
epsilon_svgd: 0.025
gamma: 0.01
decay_start_ratio: 0.15
decay_min_factor: 0.3
bandwith_kernel: None
no_interact: False
avg_score: 0.7025204300880432
median_score: 0.7059266567230225
std_score: 0.01134988758713007
percentiles: 2%=0.6829183101654053, 5%=0.685027539730072, 10%=0.6871494054794312, 25%=0.6920924782752991, 50%=0.7059266567230225, 75%=0.7121272683143616, 90%=0.715096652507782, 95%=0.7181079983711243, 98%=0.7195385694503784
ranking_best_algo: PBIL
ranking_best_score: 0.7013553837109374
ranking_my_rank: 1/504 (100.0%)
ranking_my_percent: 100.0
