ConfigName: kjsd__advperagentrankweighted__M3__L18__eps0p005__g0p001__ds0p1__dm0p2
Problem: NK
Kernel: jsd
Advantage: peragentrankweighted
M: 3
lambda: 18
epsilon_svgd: 0.005
gamma: 0.001
decay_start_ratio: 0.1
decay_min_factor: 0.2
bandwith_kernel: None
no_interact: False
avg_score: 0.707323431968689
median_score: 0.7099099159240723
std_score: 0.011600072495639324
percentiles: 2%=0.6888183951377869, 5%=0.690128743648529, 10%=0.6925804615020752, 25%=0.696241557598114, 50%=0.7099099159240723, 75%=0.7172855734825134, 90%=0.7208763360977173, 95%=0.7228659987449646, 98%=0.7244337797164917
ranking_best_algo: PBIL
ranking_best_score: 0.7013553837109374
ranking_my_rank: 1/504 (100.0%)
ranking_my_percent: 100.0
