ConfigName: kjsd__advperagentrankweighted__M3__L16__eps0p01__g0p003__ds0p2__dm0p1
Problem: QUBO
Kernel: jsd
Advantage: peragentrankweighted
M: 3
lambda: 16
epsilon_svgd: 0.01
gamma: 0.003
decay_start_ratio: 0.2
decay_min_factor: 0.1
bandwith_kernel: None
no_interact: False
avg_score: -933.8800048828125
median_score: -933.0
std_score: 64.78955078125
percentiles: 2%=-1064.02001953125, 5%=-1046.0, 10%=-1035.5999755859375, 25%=-967.5, 50%=-933.0, 75%=-892.5, 90%=-852.5999755859375, 95%=-810.5999755859375, 98%=-790.9600219726562
ranking_best_algo: CMApara
ranking_best_score: 964.9
ranking_my_rank: 17/504 (96.8%)
ranking_my_percent: 96.82539682539682
