ConfigName: kfr__advglobalrankweighted__M1__L10__eps0p01__g0p005__ds0p01__dm0p01
Problem: QUBO
Kernel: fr
Advantage: globalrankweighted
M: 1
lambda: 10
epsilon_svgd: 0.01
gamma: 0.005
decay_start_ratio: 0.01
decay_min_factor: 0.01
bandwith_kernel: None
no_interact: False
avg_score: -563.0999755859375
median_score: -560.0
std_score: 32.594322204589844
percentiles: 2%=-625.0, 5%=-621.0, 10%=-611.5999755859375, 25%=-581.5, 50%=-560.0, 75%=-543.75, 90%=-525.5, 95%=-506.8500061035156, 98%=-496.8599853515625
ranking_best_algo: Tabu
ranking_best_score: 588.7199999999999
ranking_my_rank: 94/503 (81.5%)
ranking_my_percent: 81.51093439363817
