ConfigName: kfr__advglobalrankweighted__M6__L8__eps0p015__g0p005__ds0p01__dm0p01
Problem: QUBO
Kernel: fr
Advantage: globalrankweighted
M: 6
lambda: 8
epsilon_svgd: 0.015
gamma: 0.005
decay_start_ratio: 0.01
decay_min_factor: 0.01
bandwith_kernel: None
no_interact: False
avg_score: -917.5999755859375
median_score: -915.5
std_score: 67.58061218261719
percentiles: 2%=-1064.199951171875, 5%=-1038.1500244140625, 10%=-1003.5999755859375, 25%=-958.25, 50%=-915.5, 75%=-874.0, 90%=-830.4000244140625, 95%=-810.800048828125, 98%=-800.7999267578125
ranking_best_algo: CMApara
ranking_best_score: 964.9
ranking_my_rank: 67/504 (86.9%)
ranking_my_percent: 86.9047619047619
