ConfigName: kjsd__advperagentrankweighted__M3__L18__eps0p01__g0p0005__ds0p2__dm0p2
Problem: QUBO
Kernel: jsd
Advantage: peragentrankweighted
M: 3
lambda: 18
epsilon_svgd: 0.01
gamma: 0.0005
decay_start_ratio: 0.2
decay_min_factor: 0.2
bandwith_kernel: None
no_interact: False
avg_score: -910.6400146484375
median_score: -906.5
std_score: 59.08104705810547
percentiles: 2%=-1045.0999755859375, 5%=-997.4500122070312, 10%=-991.0999755859375, 25%=-951.5, 50%=-906.5, 75%=-878.0, 90%=-834.7999877929688, 95%=-821.0, 98%=-802.9000244140625
ranking_best_algo: CMAL3
ranking_best_score: 928.5800000000002
ranking_my_rank: 20/504 (96.2%)
ranking_my_percent: 96.23015873015873
