ConfigName: krbf__advnormalizedfitness__M3__L12__eps0p015__g0p015__ds0p01__dm0p3
Problem: QUBO
Kernel: rbf
Advantage: normalizedfitness
M: 3
lambda: 12
epsilon_svgd: 0.015
gamma: 0.015
decay_start_ratio: 0.01
decay_min_factor: 0.3
bandwith_kernel: None
no_interact: False
avg_score: -599.4199829101562
median_score: -595.5
std_score: 64.71479034423828
percentiles: 2%=-734.0599975585938, 5%=-722.0499877929688, 10%=-691.2000122070312, 25%=-636.25, 50%=-595.5, 75%=-549.75, 90%=-520.9000244140625, 95%=-503.0, 98%=-494.9599914550781
ranking_best_algo: NLOPT_LN_PRAXIS
ranking_best_score: 1607.12
ranking_my_rank: 384/504 (24.0%)
ranking_my_percent: 24.00793650793651
