ConfigName: kjsd__advperagentrankweighted__M3__L20__eps0p01__g0p0005__ds0p2__dm0p1
Problem: NK
Kernel: jsd
Advantage: peragentrankweighted
M: 3
lambda: 20
epsilon_svgd: 0.01
gamma: 0.0005
decay_start_ratio: 0.2
decay_min_factor: 0.1
bandwith_kernel: None
no_interact: False
avg_score: 0.7332488894462585
median_score: 0.7345195412635803
std_score: 0.008663821034133434
percentiles: 2%=0.7162108421325684, 5%=0.71811842918396, 10%=0.7218311429023743, 25%=0.7265353798866272, 50%=0.7345195412635803, 75%=0.7396795153617859, 90%=0.7448095083236694, 95%=0.7467324137687683, 98%=0.7476184368133545
ranking_best_algo: PBIL
ranking_best_score: 0.7248786399609374
ranking_my_rank: 1/504 (100.0%)
ranking_my_percent: 100.0
