ConfigName: krbf__advnormalizedfitness__M1__L8__eps0p015__g0p015__ds0p15__dm0p01
Problem: NK
Kernel: rbf
Advantage: normalizedfitness
M: 1
lambda: 8
epsilon_svgd: 0.015
gamma: 0.015
decay_start_ratio: 0.15
decay_min_factor: 0.01
bandwith_kernel: None
no_interact: False
avg_score: 0.7330037951469421
median_score: 0.7340220212936401
std_score: 0.008985219523310661
percentiles: 2%=0.716168224811554, 5%=0.717984676361084, 10%=0.7209773063659668, 25%=0.7252703309059143, 50%=0.7340220212936401, 75%=0.7394387722015381, 90%=0.7445859909057617, 95%=0.7456485629081726, 98%=0.7496741414070129
ranking_best_algo: PBIL
ranking_best_score: 0.730509098125
ranking_my_rank: 1/504 (100.0%)
ranking_my_percent: 100.0
