ConfigName: kjsd__advperagentrankweighted__M3__L16__eps0p01__g0p0005__ds0p1__dm0p1
Problem: NK
Kernel: jsd
Advantage: peragentrankweighted
M: 3
lambda: 16
epsilon_svgd: 0.01
gamma: 0.0005
decay_start_ratio: 0.1
decay_min_factor: 0.1
bandwith_kernel: None
no_interact: False
avg_score: 0.7102434039115906
median_score: 0.6953628063201904
std_score: 0.03160450607538223
percentiles: 2%=0.671828031539917, 5%=0.673460841178894, 10%=0.6757414937019348, 25%=0.6812174916267395, 50%=0.6953628063201904, 75%=0.7457970380783081, 90%=0.7523026466369629, 95%=0.7596162557601929, 98%=0.7613165378570557
ranking_best_algo: CMApara
ranking_best_score: 0.7118996098437498
ranking_my_rank: 32/504 (93.8%)
ranking_my_percent: 93.84920634920636
