ConfigName: krbf__advnormalizedfitness__M4__L8__eps0p015__g0p01__ds0p15__dm0p01
Problem: QUBO
Kernel: rbf
Advantage: normalizedfitness
M: 4
lambda: 8
epsilon_svgd: 0.015
gamma: 0.01
decay_start_ratio: 0.15
decay_min_factor: 0.01
bandwith_kernel: None
no_interact: False
avg_score: -2585.699951171875
median_score: -2587.5
std_score: 273.3150939941406
percentiles: 2%=-3109.320068359375, 5%=-3083.10009765625, 10%=-2912.0, 25%=-2787.25, 50%=-2587.5, 75%=-2401.0, 90%=-2213.400146484375, 95%=-2128.30029296875, 98%=-2065.23974609375
ranking_best_algo: RLSOnePlusOne
ranking_best_score: 3316.5199999999995
ranking_my_rank: 210/504 (58.5%)
ranking_my_percent: 58.53174603174603
