ConfigName: krbf__advnormalizedfitness__M3__L12__eps0p015__g0p01__ds0p15__dm0p01
Problem: NK
Kernel: rbf
Advantage: normalizedfitness
M: 3
lambda: 12
epsilon_svgd: 0.015
gamma: 0.01
decay_start_ratio: 0.15
decay_min_factor: 0.01
bandwith_kernel: None
no_interact: False
avg_score: 0.7035689353942871
median_score: 0.7054487466812134
std_score: 0.011925600469112396
percentiles: 2%=0.684391438961029, 5%=0.6857576370239258, 10%=0.6876338720321655, 25%=0.6918880343437195, 50%=0.7054487466812134, 75%=0.7143709659576416, 90%=0.7171006798744202, 95%=0.7194494605064392, 98%=0.7219832539558411
ranking_best_algo: PBIL
ranking_best_score: 0.7013553837109374
ranking_my_rank: 1/504 (100.0%)
ranking_my_percent: 100.0
