ConfigName: kjsd__advperagentrankweighted__M6__L24__eps0p005__g0p0005__ds0p05__dm0p05
Problem: QUBO
Kernel: jsd
Advantage: peragentrankweighted
M: 6
lambda: 24
epsilon_svgd: 0.005
gamma: 0.0005
decay_start_ratio: 0.05
decay_min_factor: 0.05
bandwith_kernel: None
no_interact: False
avg_score: -1494.1400146484375
median_score: -1493.0
std_score: 87.30109405517578
percentiles: 2%=-1678.43994140625, 5%=-1626.6500244140625, 10%=-1603.0, 25%=-1556.25, 50%=-1493.0, 75%=-1437.25, 90%=-1377.199951171875, 95%=-1353.25, 98%=-1328.9599609375
ranking_best_algo: NLOPT_LN_PRAXIS
ranking_best_score: 1607.12
ranking_my_rank: 80/504 (84.3%)
ranking_my_percent: 84.32539682539682
