ConfigName: kjsd__advperagentrankweighted__M3__L20__eps0p007__g0p001__ds0p2__dm0p1
Problem: NK
Kernel: jsd
Advantage: peragentrankweighted
M: 3
lambda: 20
epsilon_svgd: 0.007
gamma: 0.001
decay_start_ratio: 0.2
decay_min_factor: 0.1
bandwith_kernel: None
no_interact: False
avg_score: 0.7373787760734558
median_score: 0.7387545108795166
std_score: 0.009529875591397285
percentiles: 2%=0.7175177335739136, 5%=0.7191611528396606, 10%=0.7222540974617004, 25%=0.731399655342102, 50%=0.7387545108795166, 75%=0.745132565498352, 90%=0.7482389807701111, 95%=0.7497593760490417, 98%=0.7513580918312073
ranking_best_algo: PBIL
ranking_best_score: 0.730509098125
ranking_my_rank: 1/504 (100.0%)
ranking_my_percent: 100.0
