ConfigName: kjsd__advperagentrankweighted__M3__L16__eps0p01__g0p0005__ds0p2__dm0p2
Problem: QUBO
Kernel: jsd
Advantage: peragentrankweighted
M: 3
lambda: 16
epsilon_svgd: 0.01
gamma: 0.0005
decay_start_ratio: 0.2
decay_min_factor: 0.2
bandwith_kernel: None
no_interact: False
avg_score: -3295.5400390625
median_score: -3309.0
std_score: 108.93350982666016
percentiles: 2%=-3499.159912109375, 5%=-3447.35009765625, 10%=-3424.0, 25%=-3374.0, 50%=-3309.0, 75%=-3214.75, 90%=-3153.89990234375, 95%=-3134.14990234375, 98%=-3025.919921875
ranking_best_algo: RLSOnePlusOne
ranking_best_score: 3316.5199999999995
ranking_my_rank: 3/504 (99.6%)
ranking_my_percent: 99.60317460317461
