ConfigName: kjsd__advperagentrankweighted__M3__L16__eps0p005__g0p0005__ds0p1__dm0p2
Problem: NK
Kernel: jsd
Advantage: peragentrankweighted
M: 3
lambda: 16
epsilon_svgd: 0.005
gamma: 0.0005
decay_start_ratio: 0.1
decay_min_factor: 0.2
bandwith_kernel: None
no_interact: False
avg_score: 0.7436842918395996
median_score: 0.7411870956420898
std_score: 0.027944885194301605
percentiles: 2%=0.7017259001731873, 5%=0.7065482139587402, 10%=0.711430549621582, 25%=0.7240108251571655, 50%=0.7411870956420898, 75%=0.7578222155570984, 90%=0.7782467603683472, 95%=0.8044298887252808, 98%=0.8118547797203064
ranking_best_algo: CMApara
ranking_best_score: 0.7459277895312499
ranking_my_rank: 7/504 (98.8%)
ranking_my_percent: 98.80952380952381
