ConfigName: kjsd__advperagentrankweighted__M3__L20__eps0p007__g0p003__ds0p05__dm0p2
Problem: NK
Kernel: jsd
Advantage: peragentrankweighted
M: 3
lambda: 20
epsilon_svgd: 0.007
gamma: 0.003
decay_start_ratio: 0.05
decay_min_factor: 0.2
bandwith_kernel: None
no_interact: False
avg_score: 0.7347099184989929
median_score: 0.7355818748474121
std_score: 0.009147178381681442
percentiles: 2%=0.715941309928894, 5%=0.7180960178375244, 10%=0.721352219581604, 25%=0.7295958399772644, 50%=0.7355818748474121, 75%=0.7410199642181396, 90%=0.7459192276000977, 95%=0.7474111914634705, 98%=0.7520033717155457
ranking_best_algo: PBIL
ranking_best_score: 0.730509098125
ranking_my_rank: 1/504 (100.0%)
ranking_my_percent: 100.0
