ConfigName: kjsd__advperagentrankweighted__M4__L12__eps0p03__g0p0007__ds0p05__dm0p05
Problem: NK
Kernel: jsd
Advantage: peragentrankweighted
M: 4
lambda: 12
epsilon_svgd: 0.03
gamma: 0.0007
decay_start_ratio: 0.05
decay_min_factor: 0.05
bandwith_kernel: None
no_interact: False
avg_score: 0.7093525528907776
median_score: 0.6985580325126648
std_score: 0.03127114847302437
percentiles: 2%=0.6717696189880371, 5%=0.6735852956771851, 10%=0.6742057800292969, 25%=0.6807101964950562, 50%=0.6985580325126648, 75%=0.745732307434082, 90%=0.7521345615386963, 95%=0.7553239464759827, 98%=0.7567749619483948
ranking_best_algo: CMApara
ranking_best_score: 0.7118996098437498
ranking_my_rank: 54/504 (89.5%)
ranking_my_percent: 89.48412698412699
