ConfigName: krbf__advnormalizedfitness__M3__L15__eps0p015__g0p005__ds0p01__dm0p3
Problem: NK
Kernel: rbf
Advantage: normalizedfitness
M: 3
lambda: 15
epsilon_svgd: 0.015
gamma: 0.005
decay_start_ratio: 0.01
decay_min_factor: 0.3
bandwith_kernel: None
no_interact: False
avg_score: 0.5863261818885803
median_score: 0.5851601362228394
std_score: 0.008903871290385723
percentiles: 2%=0.5747764110565186, 5%=0.5750128626823425, 10%=0.5761427283287048, 25%=0.5791319608688354, 50%=0.5851601362228394, 75%=0.5918591022491455, 90%=0.596453845500946, 95%=0.5991877317428589, 98%=0.6038181185722351
ranking_best_algo: PBIL
ranking_best_score: 0.7170882103515624
ranking_my_rank: 373/504 (26.2%)
ranking_my_percent: 26.19047619047619
