ConfigName: krbf__advnormalizedfitness__M1__L8__eps0p015__g0p01__ds0p01__dm0p01
Problem: NK
Kernel: rbf
Advantage: normalizedfitness
M: 1
lambda: 8
epsilon_svgd: 0.015
gamma: 0.01
decay_start_ratio: 0.01
decay_min_factor: 0.01
bandwith_kernel: None
no_interact: False
avg_score: 0.7301710247993469
median_score: 0.7315467596054077
std_score: 0.009286714717745781
percentiles: 2%=0.7119907736778259, 5%=0.7166526913642883, 10%=0.7174697518348694, 25%=0.7227700352668762, 50%=0.7315467596054077, 75%=0.738750159740448, 90%=0.741722583770752, 95%=0.7434258460998535, 98%=0.7453645467758179
ranking_best_algo: PBIL
ranking_best_score: 0.7248786399609374
ranking_my_rank: 1/504 (100.0%)
ranking_my_percent: 100.0
