ConfigName: krbf__advnormalizedfitness__M3__L15__eps0p015__g0p01__ds0p3__dm0p3
Problem: NK
Kernel: rbf
Advantage: normalizedfitness
M: 3
lambda: 15
epsilon_svgd: 0.015
gamma: 0.01
decay_start_ratio: 0.3
decay_min_factor: 0.3
bandwith_kernel: None
no_interact: False
avg_score: 0.601685106754303
median_score: 0.6010450124740601
std_score: 0.007333206012845039
percentiles: 2%=0.5905981063842773, 5%=0.5912566184997559, 10%=0.5927069783210754, 25%=0.5968404412269592, 50%=0.6010450124740601, 75%=0.6051511764526367, 90%=0.6099286675453186, 95%=0.6137741804122925, 98%=0.61967933177948
ranking_best_algo: Tabu
ranking_best_score: 0.7429702712499999
ranking_my_rank: 392/504 (22.4%)
ranking_my_percent: 22.42063492063492
