ConfigName: kjsd__advperagentrankweighted__M4__L10__eps0p005__g0p0007__ds0p05__dm0p05
Problem: NK
Kernel: jsd
Advantage: peragentrankweighted
M: 4
lambda: 10
epsilon_svgd: 0.005
gamma: 0.0007
decay_start_ratio: 0.05
decay_min_factor: 0.05
bandwith_kernel: None
no_interact: False
avg_score: 0.7417178153991699
median_score: 0.7417008280754089
std_score: 0.01321348361670971
percentiles: 2%=0.7158915400505066, 5%=0.7197953462600708, 10%=0.7241185307502747, 25%=0.7325279712677002, 50%=0.7417008280754089, 75%=0.7510262727737427, 90%=0.759443461894989, 95%=0.7619972825050354, 98%=0.7645693421363831
ranking_best_algo: Tabu
ranking_best_score: 0.7601875690625
ranking_my_rank: 12/504 (97.8%)
ranking_my_percent: 97.81746031746032
