ConfigName: kfr__advglobalrankweighted__M6__L9__eps0p01__g0p003__ds0p01__dm0p01
Problem: QUBO
Kernel: fr
Advantage: globalrankweighted
M: 6
lambda: 9
epsilon_svgd: 0.01
gamma: 0.003
decay_start_ratio: 0.01
decay_min_factor: 0.01
bandwith_kernel: None
no_interact: False
avg_score: -2225.179931640625
median_score: -2231.0
std_score: 136.0626678466797
percentiles: 2%=-2473.739990234375, 5%=-2444.85009765625, 10%=-2401.199951171875, 25%=-2322.25, 50%=-2231.0, 75%=-2125.0, 90%=-2041.0999755859375, 95%=-2013.050048828125, 98%=-1971.7999267578125
ranking_best_algo: SVM1MetaModelLogNormal
ranking_best_score: 2605.14
ranking_my_rank: 177/504 (65.1%)
ranking_my_percent: 65.07936507936508
