ConfigName: krbf__advnormalizedfitness__M2__L6__eps0p01__g0p006__ds0p01__dm0p3
Problem: QUBO
Kernel: rbf
Advantage: normalizedfitness
M: 2
lambda: 6
epsilon_svgd: 0.01
gamma: 0.006
decay_start_ratio: 0.01
decay_min_factor: 0.3
bandwith_kernel: None
no_interact: False
avg_score: -425.55999755859375
median_score: -422.0
std_score: 25.824142456054688
percentiles: 2%=-479.0400085449219, 5%=-475.0, 10%=-467.0, 25%=-440.5, 50%=-422.0, 75%=-409.0, 90%=-389.8999938964844, 95%=-384.95001220703125, 98%=-383.9599914550781
ranking_best_algo: CMAL3
ranking_best_score: 435.36
ranking_my_rank: 27/504 (94.8%)
ranking_my_percent: 94.84126984126983
