ConfigName: krbf__advnormalizedfitness__M4__L12__eps0p025__g0p015__ds0p15__dm0p01
Problem: NK
Kernel: rbf
Advantage: normalizedfitness
M: 4
lambda: 12
epsilon_svgd: 0.025
gamma: 0.015
decay_start_ratio: 0.15
decay_min_factor: 0.01
bandwith_kernel: None
no_interact: False
avg_score: 0.6735921502113342
median_score: 0.6709775328636169
std_score: 0.021699098870158195
percentiles: 2%=0.6406973600387573, 5%=0.6449664235115051, 10%=0.6493980884552002, 25%=0.656061053276062, 50%=0.6709775328636169, 75%=0.6870974898338318, 90%=0.7044085264205933, 95%=0.709956705570221, 98%=0.7214419841766357
ranking_best_algo: Tabu
ranking_best_score: 0.7601875690625
ranking_my_rank: 348/504 (31.2%)
ranking_my_percent: 31.150793650793652
