ConfigName: kjsd__advperagentrankweighted__M3__L20__eps0p007__g0p001__ds0p1__dm0p1
Problem: NK
Kernel: jsd
Advantage: peragentrankweighted
M: 3
lambda: 20
epsilon_svgd: 0.007
gamma: 0.001
decay_start_ratio: 0.1
decay_min_factor: 0.1
bandwith_kernel: None
no_interact: False
avg_score: 0.7171066403388977
median_score: 0.7156639099121094
std_score: 0.01026119478046894
percentiles: 2%=0.7003437280654907, 5%=0.7025781869888306, 10%=0.7057807445526123, 25%=0.7104941010475159, 50%=0.7156639099121094, 75%=0.7225481271743774, 90%=0.7295770049095154, 95%=0.7342283725738525, 98%=0.7412010431289673
ranking_best_algo: PBIL
ranking_best_score: 0.7170882103515624
ranking_my_rank: 1/504 (100.0%)
ranking_my_percent: 100.0
