ConfigName: krbf__advnormalizedfitness__M1__L8__eps0p033__g0p01__ds0p15__dm0p3
Problem: QUBO
Kernel: rbf
Advantage: normalizedfitness
M: 1
lambda: 8
epsilon_svgd: 0.033
gamma: 0.01
decay_start_ratio: 0.15
decay_min_factor: 0.3
bandwith_kernel: None
no_interact: False
avg_score: -140.22000122070312
median_score: -141.0
std_score: 16.020973205566406
percentiles: 2%=-179.0, 5%=-165.6999969482422, 10%=-158.0, 25%=-146.0, 50%=-141.0, 75%=-132.0, 90%=-117.0, 95%=-112.0, 98%=-111.0
ranking_best_algo: CMApara
ranking_best_score: 154.28
ranking_my_rank: 313/504 (38.1%)
ranking_my_percent: 38.095238095238095
