ConfigName: krbf__advnormalizedfitness__M4__L8__eps0p025__g0p01__ds0p3__dm0p01
Problem: QUBO
Kernel: rbf
Advantage: normalizedfitness
M: 4
lambda: 8
epsilon_svgd: 0.025
gamma: 0.01
decay_start_ratio: 0.3
decay_min_factor: 0.01
bandwith_kernel: None
no_interact: False
avg_score: -309.3399963378906
median_score: -308.0
std_score: 37.50579071044922
percentiles: 2%=-394.0, 5%=-388.1000061035156, 10%=-352.79998779296875, 25%=-332.0, 50%=-308.0, 75%=-276.0, 90%=-266.8999938964844, 95%=-263.9000244140625, 98%=-260.94000244140625
ranking_best_algo: CMApara
ranking_best_score: 319.29999999999995
ranking_my_rank: 80/504 (84.3%)
ranking_my_percent: 84.32539682539682
