ConfigName: krbf__advnormalizedfitness__M3__L10__eps0p033__g0p015__ds0p3__dm0p3
Problem: NK
Kernel: rbf
Advantage: normalizedfitness
M: 3
lambda: 10
epsilon_svgd: 0.033
gamma: 0.015
decay_start_ratio: 0.3
decay_min_factor: 0.3
bandwith_kernel: None
no_interact: False
avg_score: 0.5851294994354248
median_score: 0.5833497047424316
std_score: 0.009403558447957039
percentiles: 2%=0.5716151595115662, 5%=0.574069082736969, 10%=0.5748345851898193, 25%=0.5786352157592773, 50%=0.5833497047424316, 75%=0.5896015167236328, 90%=0.5977227091789246, 95%=0.6047354936599731, 98%=0.6081063747406006
ranking_best_algo: PBIL
ranking_best_score: 0.7170882103515624
ranking_my_rank: 374/504 (26.0%)
ranking_my_percent: 25.99206349206349
