ConfigName: krbf__advnormalizedfitness__M1__L8__eps0p015__g0p005__ds0p01__dm0p3
Problem: NK
Kernel: rbf
Advantage: normalizedfitness
M: 1
lambda: 8
epsilon_svgd: 0.015
gamma: 0.005
decay_start_ratio: 0.01
decay_min_factor: 0.3
bandwith_kernel: None
no_interact: False
avg_score: 0.7343170046806335
median_score: 0.729852020740509
std_score: 0.02975413016974926
percentiles: 2%=0.6869924664497375, 5%=0.6973061561584473, 10%=0.7036904692649841, 25%=0.7133327722549438, 50%=0.729852020740509, 75%=0.7462083697319031, 90%=0.774132251739502, 95%=0.8035686016082764, 98%=0.8109671473503113
ranking_best_algo: CMApara
ranking_best_score: 0.7459277895312499
ranking_my_rank: 102/504 (80.0%)
ranking_my_percent: 79.96031746031746
