ConfigName: kjsd__advperagentrankweighted__M3__L16__eps0p01__g0p0007__ds0p05__dm0p2
Problem: QUBO
Kernel: jsd
Advantage: peragentrankweighted
M: 3
lambda: 16
epsilon_svgd: 0.01
gamma: 0.0007
decay_start_ratio: 0.05
decay_min_factor: 0.2
bandwith_kernel: None
no_interact: False
avg_score: -2653.679931640625
median_score: -2650.5
std_score: 116.78157806396484
percentiles: 2%=-2918.419921875, 5%=-2862.39990234375, 10%=-2781.39990234375, 25%=-2720.75, 50%=-2650.5, 75%=-2575.75, 90%=-2507.5, 95%=-2473.10009765625, 98%=-2423.280029296875
ranking_best_algo: DiscreteLengler2OnePlusOne
ranking_best_score: 2617.04
ranking_my_rank: 1/504 (100.0%)
ranking_my_percent: 100.0
