ConfigName: kjsd__advperagentrankweighted__M4__L20__eps0p005__g0p001__ds0p2__dm0p1
Problem: QUBO
Kernel: jsd
Advantage: peragentrankweighted
M: 4
lambda: 20
epsilon_svgd: 0.005
gamma: 0.001
decay_start_ratio: 0.2
decay_min_factor: 0.1
bandwith_kernel: None
no_interact: False
avg_score: -2371.219970703125
median_score: -2344.5
std_score: 152.6379852294922
percentiles: 2%=-2705.280029296875, 5%=-2617.300048828125, 10%=-2566.60009765625, 25%=-2470.5, 50%=-2344.5, 75%=-2273.0, 90%=-2181.60009765625, 95%=-2137.25, 98%=-2099.919921875
ranking_best_algo: SVM1MetaModelLogNormal
ranking_best_score: 2605.14
ranking_my_rank: 132/504 (74.0%)
ranking_my_percent: 74.0079365079365
