ConfigName: krbf__advnormalizedfitness__M3__L15__eps0p033__g0p015__ds0p3__dm0p01
Problem: QUBO
Kernel: rbf
Advantage: normalizedfitness
M: 3
lambda: 15
epsilon_svgd: 0.033
gamma: 0.015
decay_start_ratio: 0.3
decay_min_factor: 0.01
bandwith_kernel: None
no_interact: False
avg_score: -2214.679931640625
median_score: -2204.5
std_score: 181.23391723632812
percentiles: 2%=-2594.199951171875, 5%=-2529.800048828125, 10%=-2476.10009765625, 25%=-2342.75, 50%=-2204.5, 75%=-2079.75, 90%=-1991.300048828125, 95%=-1958.800048828125, 98%=-1893.97998046875
ranking_best_algo: SVM1MetaModelLogNormal
ranking_best_score: 2605.14
ranking_my_rank: 178/504 (64.9%)
ranking_my_percent: 64.88095238095238
