ConfigName: kjsd__advperagentrankweighted__M3__L18__eps0p007__g0p0007__ds0p05__dm0p05
Problem: QUBO
Kernel: jsd
Advantage: peragentrankweighted
M: 3
lambda: 18
epsilon_svgd: 0.007
gamma: 0.0007
decay_start_ratio: 0.05
decay_min_factor: 0.05
bandwith_kernel: None
no_interact: False
avg_score: -326.4200134277344
median_score: -332.0
std_score: 22.073143005371094
percentiles: 2%=-372.0, 5%=-354.1499938964844, 10%=-350.0, 25%=-341.25, 50%=-332.0, 75%=-308.0, 90%=-295.8999938964844, 95%=-289.8500061035156, 98%=-279.9599914550781
ranking_best_algo: CMApara
ranking_best_score: 344.22
ranking_my_rank: 111/504 (78.2%)
ranking_my_percent: 78.17460317460318
