ConfigName: kfr__advglobalrankweighted__M2__L7__eps0p015__g0p005__ds0p01__dm0p01
Problem: QUBO
Kernel: fr
Advantage: globalrankweighted
M: 2
lambda: 7
epsilon_svgd: 0.015
gamma: 0.005
decay_start_ratio: 0.01
decay_min_factor: 0.01
bandwith_kernel: None
no_interact: False
avg_score: -194.82000732421875
median_score: -194.5
std_score: 14.148059844970703
percentiles: 2%=-224.0, 5%=-218.0500030517578, 10%=-215.1999969482422, 25%=-204.0, 50%=-194.5, 75%=-185.0, 90%=-175.0, 95%=-171.90000915527344, 98%=-167.95999145507812
ranking_best_algo: Tabu
ranking_best_score: 208.36000000000004
ranking_my_rank: 216/504 (57.3%)
ranking_my_percent: 57.34126984126984
