ConfigName: krbf__advnormalizedfitness__M3__L15__eps0p033__g0p01__ds0p3__dm0p3
Problem: QUBO
Kernel: rbf
Advantage: normalizedfitness
M: 3
lambda: 15
epsilon_svgd: 0.033
gamma: 0.01
decay_start_ratio: 0.3
decay_min_factor: 0.3
bandwith_kernel: None
no_interact: False
avg_score: -1360.9599609375
median_score: -1350.0
std_score: 134.5780792236328
percentiles: 2%=-1616.3399658203125, 5%=-1580.300048828125, 10%=-1545.4000244140625, 25%=-1467.5, 50%=-1350.0, 75%=-1244.5, 90%=-1190.4000244140625, 95%=-1154.5, 98%=-1144.9599609375
ranking_best_algo: NLOPT_LN_PRAXIS
ranking_best_score: 1607.12
ranking_my_rank: 173/504 (65.9%)
ranking_my_percent: 65.87301587301587
