ConfigName: kjsd__advperagentrankweighted__M3__L20__eps0p007__g0p0005__ds0p05__dm0p2
Problem: QUBO
Kernel: jsd
Advantage: peragentrankweighted
M: 3
lambda: 20
epsilon_svgd: 0.007
gamma: 0.0005
decay_start_ratio: 0.05
decay_min_factor: 0.2
bandwith_kernel: None
no_interact: False
avg_score: -148.97999572753906
median_score: -147.0
std_score: 13.373091697692871
percentiles: 2%=-179.0, 5%=-179.0, 10%=-164.0, 25%=-155.0, 50%=-147.0, 75%=-141.0, 90%=-135.0, 95%=-130.8000030517578, 98%=-124.80000305175781
ranking_best_algo: CMApara
ranking_best_score: 154.28
ranking_my_rank: 81/504 (84.1%)
ranking_my_percent: 84.12698412698413
