ConfigName: kjsd__advperagentrankweighted__M3__L18__eps0p007__g0p0007__ds0p2__dm0p1
Problem: NK
Kernel: jsd
Advantage: peragentrankweighted
M: 3
lambda: 18
epsilon_svgd: 0.007
gamma: 0.0007
decay_start_ratio: 0.2
decay_min_factor: 0.1
bandwith_kernel: None
no_interact: False
avg_score: 0.7098569273948669
median_score: 0.7110512256622314
std_score: 0.015455633401870728
percentiles: 2%=0.6696902513504028, 5%=0.671537458896637, 10%=0.6962199807167053, 25%=0.7075042724609375, 50%=0.7110512256622314, 75%=0.7185783386230469, 90%=0.7254089117050171, 95%=0.7317472100257874, 98%=0.7328529357910156
ranking_best_algo: CMApara
ranking_best_score: 0.707475975
ranking_my_rank: 1/504 (100.0%)
ranking_my_percent: 100.0
