ConfigName: kjsd__advperagentrankweighted__M4__L24__eps0p005__g0p0005__ds0p05__dm0p05
Problem: NK
Kernel: jsd
Advantage: peragentrankweighted
M: 4
lambda: 24
epsilon_svgd: 0.005
gamma: 0.0005
decay_start_ratio: 0.05
decay_min_factor: 0.05
bandwith_kernel: None
no_interact: False
avg_score: 0.7082556486129761
median_score: 0.7067423462867737
std_score: 0.01081138662993908
percentiles: 2%=0.6894574165344238, 5%=0.6909156441688538, 10%=0.6955958604812622, 25%=0.700431227684021, 50%=0.7067423462867737, 75%=0.7138875722885132, 90%=0.7216013669967651, 95%=0.7266247868537903, 98%=0.7339367270469666
ranking_best_algo: PBIL
ranking_best_score: 0.7170882103515624
ranking_my_rank: 54/504 (89.5%)
ranking_my_percent: 89.48412698412699
