ConfigName: kjsd__advperagentrankweighted__M5__L8__eps0p005__g0p0005__ds0p4__dm0p05
Problem: QUBO
Kernel: jsd
Advantage: peragentrankweighted
M: 5
lambda: 8
epsilon_svgd: 0.005
gamma: 0.0005
decay_start_ratio: 0.4
decay_min_factor: 0.05
bandwith_kernel: None
no_interact: False
avg_score: -582.6599731445312
median_score: -584.0
std_score: 24.86854362487793
percentiles: 2%=-631.0, 5%=-621.0, 10%=-617.2000122070312, 25%=-600.25, 50%=-584.0, 75%=-566.5, 90%=-549.7999877929688, 95%=-542.75, 98%=-533.97998046875
ranking_best_algo: Tabu
ranking_best_score: 588.7199999999999
ranking_my_rank: 6/503 (99.0%)
ranking_my_percent: 99.00596421471172
