ConfigName: krbf__advnormalizedfitness__M4__L12__eps0p015__g0p005__ds0p01__dm0p3
Problem: NK
Kernel: rbf
Advantage: normalizedfitness
M: 4
lambda: 12
epsilon_svgd: 0.015
gamma: 0.005
decay_start_ratio: 0.01
decay_min_factor: 0.3
bandwith_kernel: None
no_interact: False
avg_score: 0.7041299343109131
median_score: 0.7060612440109253
std_score: 0.011405861005187035
percentiles: 2%=0.6790573000907898, 5%=0.6843830943107605, 10%=0.6878747940063477, 25%=0.6961267590522766, 50%=0.7060612440109253, 75%=0.7121826410293579, 90%=0.7168997526168823, 95%=0.7200735211372375, 98%=0.7253832221031189
ranking_best_algo: PBIL
ranking_best_score: 0.7248786399609374
ranking_my_rank: 90/504 (82.3%)
ranking_my_percent: 82.34126984126983
