ConfigName: kjsd__advperagentrankweighted__M3__L16__eps0p01__g0p0005__ds0p05__dm0p1
Problem: QUBO
Kernel: jsd
Advantage: peragentrankweighted
M: 3
lambda: 16
epsilon_svgd: 0.01
gamma: 0.0005
decay_start_ratio: 0.05
decay_min_factor: 0.1
bandwith_kernel: None
no_interact: False
avg_score: -2635.47998046875
median_score: -2641.0
std_score: 130.1390380859375
percentiles: 2%=-2901.219970703125, 5%=-2851.449951171875, 10%=-2808.10009765625, 25%=-2717.5, 50%=-2641.0, 75%=-2543.5, 90%=-2470.699951171875, 95%=-2421.0, 98%=-2386.93994140625
ranking_best_algo: DiscreteLengler2OnePlusOne
ranking_best_score: 2617.04
ranking_my_rank: 1/504 (100.0%)
ranking_my_percent: 100.0
