ConfigName: kjsd__advperagentrankweighted__M3__L16__eps0p01__g0p0005__ds0p05__dm0p1
Problem: NK
Kernel: jsd
Advantage: peragentrankweighted
M: 3
lambda: 16
epsilon_svgd: 0.01
gamma: 0.0005
decay_start_ratio: 0.05
decay_min_factor: 0.1
bandwith_kernel: None
no_interact: False
avg_score: 0.733583390712738
median_score: 0.7354381680488586
std_score: 0.00948347058147192
percentiles: 2%=0.7140003442764282, 5%=0.7161405086517334, 10%=0.7190769910812378, 25%=0.7275241017341614, 50%=0.7354381680488586, 75%=0.7405295372009277, 90%=0.7441521883010864, 95%=0.7467514276504517, 98%=0.7519201040267944
ranking_best_algo: PBIL
ranking_best_score: 0.730509098125
ranking_my_rank: 1/504 (100.0%)
ranking_my_percent: 100.0
