ConfigName: kjsd__advperagentrankweighted__M3__L16__eps0p007__g0p0005__ds0p1__dm0p2
Problem: QUBO
Kernel: jsd
Advantage: peragentrankweighted
M: 3
lambda: 16
epsilon_svgd: 0.007
gamma: 0.0005
decay_start_ratio: 0.1
decay_min_factor: 0.2
bandwith_kernel: None
no_interact: False
avg_score: -424.1000061035156
median_score: -428.0
std_score: 29.912372589111328
percentiles: 2%=-479.0799865722656, 5%=-475.1000061035156, 10%=-465.0, 25%=-442.25, 50%=-428.0, 75%=-401.75, 90%=-388.79998779296875, 95%=-376.75, 98%=-365.8999938964844
ranking_best_algo: CMAL3
ranking_best_score: 435.36
ranking_my_rank: 31/504 (94.0%)
ranking_my_percent: 94.04761904761905
