ConfigName: kjsd__advperagentrankweighted__M4__L10__eps0p005__g0p0007__ds0p4__dm0p05
Problem: NK
Kernel: jsd
Advantage: peragentrankweighted
M: 4
lambda: 10
epsilon_svgd: 0.005
gamma: 0.0007
decay_start_ratio: 0.4
decay_min_factor: 0.05
bandwith_kernel: None
no_interact: False
avg_score: 0.73738694190979
median_score: 0.7385138273239136
std_score: 0.008660884574055672
percentiles: 2%=0.720026969909668, 5%=0.722457766532898, 10%=0.7239421010017395, 25%=0.7321159243583679, 50%=0.7385138273239136, 75%=0.7439367175102234, 90%=0.7466670274734497, 95%=0.751491904258728, 98%=0.7518091201782227
ranking_best_algo: PBIL
ranking_best_score: 0.730509098125
ranking_my_rank: 1/504 (100.0%)
ranking_my_percent: 100.0
