ConfigName: krbf__advnormalizedfitness__M2__L6__eps0p01__g0p015__ds0p01__dm0p3
Problem: QUBO
Kernel: rbf
Advantage: normalizedfitness
M: 2
lambda: 6
epsilon_svgd: 0.01
gamma: 0.015
decay_start_ratio: 0.01
decay_min_factor: 0.3
bandwith_kernel: None
no_interact: False
avg_score: -568.0399780273438
median_score: -567.5
std_score: 30.332134246826172
percentiles: 2%=-629.0399780273438, 5%=-618.0499877929688, 10%=-609.0, 25%=-589.25, 50%=-567.5, 75%=-546.75, 90%=-529.0, 95%=-519.75, 98%=-504.8799743652344
ranking_best_algo: Tabu
ranking_best_score: 588.7199999999999
ranking_my_rank: 81/503 (84.1%)
ranking_my_percent: 84.09542743538768
