ConfigName: kfr__advglobalrankweighted__M3__L8__eps0p02__g0p005__ds0p01__dm0p01
Problem: QUBO
Kernel: fr
Advantage: globalrankweighted
M: 3
lambda: 8
epsilon_svgd: 0.02
gamma: 0.005
decay_start_ratio: 0.01
decay_min_factor: 0.01
bandwith_kernel: None
no_interact: False
avg_score: -1228.8800048828125
median_score: -1232.5
std_score: 57.58303451538086
percentiles: 2%=-1353.300048828125, 5%=-1330.300048828125, 10%=-1298.300048828125, 25%=-1269.0, 50%=-1232.5, 75%=-1184.5, 90%=-1161.0, 95%=-1138.9000244140625, 98%=-1125.4798583984375
ranking_best_algo: SVMMetaModelLogNormal
ranking_best_score: 1233.7999999999997
ranking_my_rank: 12/504 (97.8%)
ranking_my_percent: 97.81746031746032
