ConfigName: kjsd__advperagentrankweighted__M4__L24__eps0p005__g0p0003__ds0p4__dm0p05
Problem: QUBO
Kernel: jsd
Advantage: peragentrankweighted
M: 4
lambda: 24
epsilon_svgd: 0.005
gamma: 0.0003
decay_start_ratio: 0.4
decay_min_factor: 0.05
bandwith_kernel: None
no_interact: False
avg_score: -3295.8798828125
median_score: -3284.0
std_score: 140.05494689941406
percentiles: 2%=-3577.280029296875, 5%=-3493.60009765625, 10%=-3464.699951171875, 25%=-3403.5, 50%=-3284.0, 75%=-3188.0, 90%=-3117.699951171875, 95%=-3062.0, 98%=-3021.419921875
ranking_best_algo: RLSOnePlusOne
ranking_best_score: 3316.5199999999995
ranking_my_rank: 3/504 (99.6%)
ranking_my_percent: 99.60317460317461
