ConfigName: kjsd__advperagentrankweighted__M4__L24__eps0p01__g0p0005__ds0p05__dm0p05
Problem: QUBO
Kernel: jsd
Advantage: peragentrankweighted
M: 4
lambda: 24
epsilon_svgd: 0.01
gamma: 0.0005
decay_start_ratio: 0.05
decay_min_factor: 0.05
bandwith_kernel: None
no_interact: False
avg_score: -3302.97998046875
median_score: -3292.5
std_score: 119.80500793457031
percentiles: 2%=-3580.97998046875, 5%=-3556.10009765625, 10%=-3420.699951171875, 25%=-3367.75, 50%=-3292.5, 75%=-3235.25, 90%=-3168.10009765625, 95%=-3105.75, 98%=-3037.719970703125
ranking_best_algo: RLSOnePlusOne
ranking_best_score: 3316.5199999999995
ranking_my_rank: 3/504 (99.6%)
ranking_my_percent: 99.60317460317461
no_repulsion: True
