ConfigName: kjsd__advperagentrankweighted__M4__L8__eps0p006__g0p0005__ds0p05__dm0p05
Problem: QUBO
Kernel: jsd
Advantage: peragentrankweighted
M: 4
lambda: 8
epsilon_svgd: 0.006
gamma: 0.0005
decay_start_ratio: 0.05
decay_min_factor: 0.05
bandwith_kernel: None
no_interact: False
avg_score: -414.0400085449219
median_score: -413.0
std_score: 23.660058975219727
percentiles: 2%=-467.1600036621094, 5%=-453.20001220703125, 10%=-444.20001220703125, 25%=-428.5, 50%=-413.0, 75%=-396.0, 90%=-386.0, 95%=-377.79998779296875, 98%=-371.8399963378906
ranking_best_algo: Tabu
ranking_best_score: 438.12
ranking_my_rank: 57/504 (88.9%)
ranking_my_percent: 88.88888888888889
no_repulsion: True
