ConfigName: krbf__advnormalizedfitness__M4__L12__eps0p033__g0p007__ds0p01__dm0p01
Problem: NK
Kernel: rbf
Advantage: normalizedfitness
M: 4
lambda: 12
epsilon_svgd: 0.033
gamma: 0.007
decay_start_ratio: 0.01
decay_min_factor: 0.01
bandwith_kernel: None
no_interact: False
avg_score: 0.7069811820983887
median_score: 0.7089856266975403
std_score: 0.011864380910992622
percentiles: 2%=0.6877663731575012, 5%=0.6885523200035095, 10%=0.691734790802002, 25%=0.6958708167076111, 50%=0.7089856266975403, 75%=0.7175046801567078, 90%=0.7203888297080994, 95%=0.7239004969596863, 98%=0.7246781587600708
ranking_best_algo: PBIL
ranking_best_score: 0.7013553837109374
ranking_my_rank: 1/504 (100.0%)
ranking_my_percent: 100.0
