ConfigName: kjsd__advperagentrankweighted__M5__L8__eps0p01__g0p0003__ds0p2__dm0p05
Problem: NK
Kernel: jsd
Advantage: peragentrankweighted
M: 5
lambda: 8
epsilon_svgd: 0.01
gamma: 0.0003
decay_start_ratio: 0.2
decay_min_factor: 0.05
bandwith_kernel: None
no_interact: False
avg_score: 0.7081437706947327
median_score: 0.7095667123794556
std_score: 0.01579006388783455
percentiles: 2%=0.667953610420227, 5%=0.6692193150520325, 10%=0.6936372518539429, 25%=0.7042685747146606, 50%=0.7095667123794556, 75%=0.7163434028625488, 90%=0.7252710461616516, 95%=0.7321071028709412, 98%=0.7328441143035889
ranking_best_algo: CMApara
ranking_best_score: 0.707475975
ranking_my_rank: 1/504 (100.0%)
ranking_my_percent: 100.0
