ConfigName: kfr__advglobalrankweighted__M6__L7__eps0p015__g0p007__ds0p01__dm0p01
Problem: QUBO
Kernel: fr
Advantage: globalrankweighted
M: 6
lambda: 7
epsilon_svgd: 0.015
gamma: 0.007
decay_start_ratio: 0.01
decay_min_factor: 0.01
bandwith_kernel: None
no_interact: False
avg_score: -856.5599975585938
median_score: -845.5
std_score: 66.93270111083984
percentiles: 2%=-996.7999877929688, 5%=-970.1500244140625, 10%=-944.0999755859375, 25%=-910.25, 50%=-845.5, 75%=-810.0, 90%=-778.7999877929688, 95%=-755.8500366210938, 98%=-741.9599609375
ranking_best_algo: CMAL3
ranking_best_score: 928.5800000000002
ranking_my_rank: 204/504 (59.7%)
ranking_my_percent: 59.72222222222222
