ConfigName: kfr__advglobalrankweighted__M4__L5__eps0p01__g0p005__ds0p01__dm0p01
Problem: QUBO
Kernel: fr
Advantage: globalrankweighted
M: 4
lambda: 5
epsilon_svgd: 0.01
gamma: 0.005
decay_start_ratio: 0.01
decay_min_factor: 0.01
bandwith_kernel: None
no_interact: False
avg_score: -431.32000732421875
median_score: -429.5
std_score: 26.398059844970703
percentiles: 2%=-483.0400085449219, 5%=-481.0, 10%=-466.1000061035156, 25%=-451.25, 50%=-429.5, 75%=-417.0, 90%=-394.79998779296875, 95%=-389.8000183105469, 98%=-380.8599853515625
ranking_best_algo: CMAL3
ranking_best_score: 435.36
ranking_my_rank: 8/504 (98.6%)
ranking_my_percent: 98.61111111111111
