ConfigName: krbf__advnormalizedfitness__M3__L15__eps0p033__g0p007__ds0p15__dm0p3
Problem: QUBO
Kernel: rbf
Advantage: normalizedfitness
M: 3
lambda: 15
epsilon_svgd: 0.033
gamma: 0.007
decay_start_ratio: 0.15
decay_min_factor: 0.3
bandwith_kernel: None
no_interact: False
avg_score: -201.10000610351562
median_score: -202.0
std_score: 13.655401229858398
percentiles: 2%=-224.0, 5%=-222.10000610351562, 10%=-219.0, 25%=-210.25, 50%=-202.0, 75%=-192.5, 90%=-182.89999389648438, 95%=-178.90000915527344, 98%=-173.91998291015625
ranking_best_algo: Tabu
ranking_best_score: 208.36000000000004
ranking_my_rank: 42/504 (91.9%)
ranking_my_percent: 91.86507936507937
