ConfigName: kjsd__advperagentrankweighted__M3__L18__eps0p005__g0p001__ds0p2__dm0p05
Problem: QUBO
Kernel: jsd
Advantage: peragentrankweighted
M: 3
lambda: 18
epsilon_svgd: 0.005
gamma: 0.001
decay_start_ratio: 0.2
decay_min_factor: 0.05
bandwith_kernel: None
no_interact: False
avg_score: -201.3800048828125
median_score: -201.5
std_score: 11.938827514648438
percentiles: 2%=-224.0, 5%=-224.0, 10%=-218.10000610351562, 25%=-209.0, 50%=-201.5, 75%=-192.75, 90%=-186.8000030517578, 95%=-181.85000610351562, 98%=-178.0
ranking_best_algo: Tabu
ranking_best_score: 208.36000000000004
ranking_my_rank: 40/504 (92.3%)
ranking_my_percent: 92.26190476190476
