ConfigName: kjsd__advperagentrankweighted__M4__L12__eps0p01__g0p0003__ds0p4__dm0p05
Problem: QUBO
Kernel: jsd
Advantage: peragentrankweighted
M: 4
lambda: 12
epsilon_svgd: 0.01
gamma: 0.0003
decay_start_ratio: 0.4
decay_min_factor: 0.05
bandwith_kernel: None
no_interact: False
avg_score: -441.55999755859375
median_score: -446.0
std_score: 26.439485549926758
percentiles: 2%=-488.0199890136719, 5%=-473.1000061035156, 10%=-471.1000061035156, 25%=-461.0, 50%=-446.0, 75%=-427.0, 90%=-403.79998779296875, 95%=-389.95001220703125, 98%=-384.9599914550781
ranking_best_algo: CMApara
ranking_best_score: 453.82
ranking_my_rank: 11/504 (98.0%)
ranking_my_percent: 98.01587301587301
