ConfigName: kjsd__advperagentrankweighted__M4__L28__eps0p008__g0p0005__ds0p05__dm0p05
Problem: QUBO
Kernel: jsd
Advantage: peragentrankweighted
M: 4
lambda: 28
epsilon_svgd: 0.008
gamma: 0.0005
decay_start_ratio: 0.05
decay_min_factor: 0.05
bandwith_kernel: None
no_interact: False
avg_score: -942.739990234375
median_score: -940.0
std_score: 63.178733825683594
percentiles: 2%=-1072.0400390625, 5%=-1048.5, 10%=-1032.5999755859375, 25%=-972.75, 50%=-940.0, 75%=-896.75, 90%=-865.7999877929688, 95%=-845.8499755859375, 98%=-830.52001953125
ranking_best_algo: CMApara
ranking_best_score: 964.9
ranking_my_rank: 3/504 (99.6%)
ranking_my_percent: 99.60317460317461
