ConfigName: krbf__advnormalizedfitness__M4__L12__eps0p015__g0p015__ds0p01__dm0p3
Problem: QUBO
Kernel: rbf
Advantage: normalizedfitness
M: 4
lambda: 12
epsilon_svgd: 0.015
gamma: 0.015
decay_start_ratio: 0.01
decay_min_factor: 0.3
bandwith_kernel: None
no_interact: False
avg_score: -463.3800048828125
median_score: -460.5
std_score: 33.83719253540039
percentiles: 2%=-541.2000122070312, 5%=-532.0499877929688, 10%=-505.0, 25%=-481.5, 50%=-460.5, 75%=-439.75, 90%=-422.8999938964844, 95%=-416.8500061035156, 98%=-405.97998046875
ranking_best_algo: NLOPT_LN_PRAXIS
ranking_best_score: 1607.12
ranking_my_rank: 397/504 (21.4%)
ranking_my_percent: 21.428571428571427
