ConfigName: kjsd__advperagentrankweighted__M5__L8__eps0p01__g0p0007__ds0p4__dm0p2
Problem: QUBO
Kernel: jsd
Advantage: peragentrankweighted
M: 5
lambda: 8
epsilon_svgd: 0.01
gamma: 0.0007
decay_start_ratio: 0.4
decay_min_factor: 0.2
bandwith_kernel: None
no_interact: False
avg_score: -3270.3798828125
median_score: -3255.0
std_score: 130.84181213378906
percentiles: 2%=-3546.02001953125, 5%=-3518.10009765625, 10%=-3441.5, 25%=-3361.75, 50%=-3255.0, 75%=-3164.75, 90%=-3122.60009765625, 95%=-3095.949951171875, 98%=-3031.719970703125
ranking_best_algo: RLSOnePlusOne
ranking_best_score: 3316.5199999999995
ranking_my_rank: 12/504 (97.8%)
ranking_my_percent: 97.81746031746032
