ConfigName: krbf__advnormalizedfitness__M1__L8__eps0p015__g0p007__ds0p3__dm0p01
Problem: NK
Kernel: rbf
Advantage: normalizedfitness
M: 1
lambda: 8
epsilon_svgd: 0.015
gamma: 0.007
decay_start_ratio: 0.3
decay_min_factor: 0.01
bandwith_kernel: None
no_interact: False
avg_score: 0.7455713748931885
median_score: 0.7448188662528992
std_score: 0.013007713481783867
percentiles: 2%=0.7215405702590942, 5%=0.7268279790878296, 10%=0.7299464344978333, 25%=0.7366153001785278, 50%=0.7448188662528992, 75%=0.7550264596939087, 90%=0.7630554437637329, 95%=0.7662333846092224, 98%=0.7736762762069702
ranking_best_algo: Tabu
ranking_best_score: 0.7470791764843752
ranking_my_rank: 3/504 (99.6%)
ranking_my_percent: 99.60317460317461
