ConfigName: kjsd__advperagentrankweighted__M3__L18__eps0p007__g0p0005__ds0p1__dm0p1
Problem: NK
Kernel: jsd
Advantage: peragentrankweighted
M: 3
lambda: 18
epsilon_svgd: 0.007
gamma: 0.0005
decay_start_ratio: 0.1
decay_min_factor: 0.1
bandwith_kernel: None
no_interact: False
avg_score: 0.750423789024353
median_score: 0.7494648694992065
std_score: 0.015234644524753094
percentiles: 2%=0.7126461863517761, 5%=0.7255582213401794, 10%=0.73095703125, 25%=0.7423131465911865, 50%=0.7494648694992065, 75%=0.7615984678268433, 90%=0.7697715163230896, 95%=0.777497410774231, 98%=0.7795836329460144
ranking_best_algo: Tabu
ranking_best_score: 0.7657846284375001
ranking_my_rank: 22/504 (95.8%)
ranking_my_percent: 95.83333333333333
