ConfigName: kjsd__advperagentrankweighted__M5__L8__eps0p01__g0p0003__ds0p05__dm0p05
Problem: QUBO
Kernel: jsd
Advantage: peragentrankweighted
M: 5
lambda: 8
epsilon_svgd: 0.01
gamma: 0.0003
decay_start_ratio: 0.05
decay_min_factor: 0.05
bandwith_kernel: None
no_interact: False
avg_score: -1598.800048828125
median_score: -1602.0
std_score: 55.91261291503906
percentiles: 2%=-1710.0400390625, 5%=-1689.25, 10%=-1660.5999755859375, 25%=-1637.5, 50%=-1602.0, 75%=-1562.75, 90%=-1526.5999755859375, 95%=-1506.699951171875, 98%=-1471.0
ranking_best_algo: NLOPT_LN_PRAXIS
ranking_best_score: 1607.12
ranking_my_rank: 13/504 (97.6%)
ranking_my_percent: 97.61904761904762
