ConfigName: krbf__advnormalizedfitness__M3__L12__eps0p033__g0p015__ds0p15__dm0p01
Problem: QUBO
Kernel: rbf
Advantage: normalizedfitness
M: 3
lambda: 12
epsilon_svgd: 0.033
gamma: 0.015
decay_start_ratio: 0.15
decay_min_factor: 0.01
bandwith_kernel: None
no_interact: False
avg_score: -1234.780029296875
median_score: -1235.5
std_score: 77.30207824707031
percentiles: 2%=-1393.02001953125, 5%=-1368.4000244140625, 10%=-1337.199951171875, 25%=-1288.25, 50%=-1235.5, 75%=-1168.0, 90%=-1132.800048828125, 95%=-1111.949951171875, 98%=-1095.7999267578125
ranking_best_algo: BigLognormalDiscreteOnePlusOne
ranking_best_score: 1301.3600000000004
ranking_my_rank: 61/504 (88.1%)
ranking_my_percent: 88.0952380952381
