ConfigName: kjsd__advperagentrankweighted__M3__L16__eps0p005__g0p0005__ds0p05__dm0p1
Problem: QUBO
Kernel: jsd
Advantage: peragentrankweighted
M: 3
lambda: 16
epsilon_svgd: 0.005
gamma: 0.0005
decay_start_ratio: 0.05
decay_min_factor: 0.1
bandwith_kernel: None
no_interact: False
avg_score: -934.8200073242188
median_score: -929.0
std_score: 62.45660400390625
percentiles: 2%=-1072.0, 5%=-1045.5, 10%=-1020.0, 25%=-981.0, 50%=-929.0, 75%=-887.75, 90%=-863.0, 95%=-850.75, 98%=-825.8200073242188
ranking_best_algo: CMApara
ranking_best_score: 964.9
ranking_my_rank: 16/504 (97.0%)
ranking_my_percent: 97.02380952380952
