ConfigName: kjsd__advperagentrankweighted__M3__L16__eps0p007__g0p0007__ds0p2__dm0p1
Problem: NK
Kernel: jsd
Advantage: peragentrankweighted
M: 3
lambda: 16
epsilon_svgd: 0.007
gamma: 0.0007
decay_start_ratio: 0.2
decay_min_factor: 0.1
bandwith_kernel: None
no_interact: False
avg_score: 0.7569798827171326
median_score: 0.755416214466095
std_score: 0.011157166212797165
percentiles: 2%=0.7363885641098022, 5%=0.7421788573265076, 10%=0.7445691823959351, 25%=0.7484830617904663, 50%=0.755416214466095, 75%=0.7643817663192749, 90%=0.7706080079078674, 95%=0.7759542465209961, 98%=0.781328558921814
ranking_best_algo: Tabu
ranking_best_score: 0.7470791764843752
ranking_my_rank: 1/504 (100.0%)
ranking_my_percent: 100.0
