ConfigName: krbf__advnormalizedfitness__M4__L12__eps0p025__g0p005__ds0p3__dm0p01
Problem: QUBO
Kernel: rbf
Advantage: normalizedfitness
M: 4
lambda: 12
epsilon_svgd: 0.025
gamma: 0.005
decay_start_ratio: 0.3
decay_min_factor: 0.01
bandwith_kernel: None
no_interact: False
avg_score: -439.8599853515625
median_score: -437.0
std_score: 27.37554359436035
percentiles: 2%=-486.1199951171875, 5%=-481.04998779296875, 10%=-475.20001220703125, 25%=-461.25, 50%=-437.0, 75%=-419.0, 90%=-401.0, 95%=-395.95001220703125, 98%=-391.9599914550781
ranking_best_algo: CMApara
ranking_best_score: 453.82
ranking_my_rank: 16/504 (97.0%)
ranking_my_percent: 97.02380952380952
