ConfigName: kjsd__advperagentrankweighted__M3__L20__eps0p007__g0p001__ds0p1__dm0p1
Problem: NK
Kernel: jsd
Advantage: peragentrankweighted
M: 3
lambda: 20
epsilon_svgd: 0.007
gamma: 0.001
decay_start_ratio: 0.1
decay_min_factor: 0.1
bandwith_kernel: None
no_interact: False
avg_score: 0.7436067461967468
median_score: 0.7414068579673767
std_score: 0.028980843722820282
percentiles: 2%=0.6922275424003601, 5%=0.7058894038200378, 10%=0.7107448577880859, 25%=0.7204662561416626, 50%=0.7414068579673767, 75%=0.7588114738464355, 90%=0.7775602340698242, 95%=0.8044298887252808, 98%=0.8118547797203064
ranking_best_algo: CMApara
ranking_best_score: 0.7459277895312499
ranking_my_rank: 7/504 (98.8%)
ranking_my_percent: 98.80952380952381
