ConfigName: kjsd__advperagentrankweighted__M3__L16__eps0p01__g0p0007__ds0p05__dm0p2
Problem: QUBO
Kernel: jsd
Advantage: peragentrankweighted
M: 3
lambda: 16
epsilon_svgd: 0.01
gamma: 0.0007
decay_start_ratio: 0.05
decay_min_factor: 0.2
bandwith_kernel: None
no_interact: False
avg_score: -2591.06005859375
median_score: -2596.0
std_score: 108.61250305175781
percentiles: 2%=-2834.52001953125, 5%=-2746.050048828125, 10%=-2717.300048828125, 25%=-2676.5, 50%=-2596.0, 75%=-2508.25, 90%=-2451.0, 95%=-2428.949951171875, 98%=-2401.919921875
ranking_best_algo: SVM1MetaModelLogNormal
ranking_best_score: 2605.14
ranking_my_rank: 11/504 (98.0%)
ranking_my_percent: 98.01587301587301
