ConfigName: krbf__advnormalizedfitness__M4__L12__eps0p033__g0p007__ds0p3__dm0p3
Problem: QUBO
Kernel: rbf
Advantage: normalizedfitness
M: 4
lambda: 12
epsilon_svgd: 0.033
gamma: 0.007
decay_start_ratio: 0.3
decay_min_factor: 0.3
bandwith_kernel: None
no_interact: False
avg_score: -872.6599731445312
median_score: -871.0
std_score: 70.80299377441406
percentiles: 2%=-1009.5, 5%=-1002.2000122070312, 10%=-959.0999755859375, 25%=-923.5, 50%=-871.0, 75%=-821.0, 90%=-780.9000244140625, 95%=-769.75, 98%=-760.9397583007812
ranking_best_algo: CMAL3
ranking_best_score: 928.5800000000002
ranking_my_rank: 137/504 (73.0%)
ranking_my_percent: 73.01587301587301
