ConfigName: krbf__advnormalizedfitness__M2__L8__eps0p025__g0p015__ds0p3__dm0p3
Problem: QUBO
Kernel: rbf
Advantage: normalizedfitness
M: 2
lambda: 8
epsilon_svgd: 0.025
gamma: 0.015
decay_start_ratio: 0.3
decay_min_factor: 0.3
bandwith_kernel: None
no_interact: False
avg_score: -1590.4000244140625
median_score: -1580.0
std_score: 72.00680541992188
percentiles: 2%=-1717.1800537109375, 5%=-1712.199951171875, 10%=-1698.199951171875, 25%=-1643.5, 50%=-1580.0, 75%=-1547.75, 90%=-1499.9000244140625, 95%=-1482.9000244140625, 98%=-1431.0
ranking_best_algo: NLOPT_LN_PRAXIS
ranking_best_score: 1607.12
ranking_my_rank: 39/504 (92.5%)
ranking_my_percent: 92.46031746031746
