ConfigName: kjsd__advperagentrankweighted__M4__L24__eps0p01__g0p0007__ds0p05__dm0p05
Problem: QUBO
Kernel: jsd
Advantage: peragentrankweighted
M: 4
lambda: 24
epsilon_svgd: 0.01
gamma: 0.0007
decay_start_ratio: 0.05
decay_min_factor: 0.05
bandwith_kernel: None
no_interact: False
avg_score: -412.2200012207031
median_score: -411.5
std_score: 25.56934928894043
percentiles: 2%=-454.1000061035156, 5%=-452.0, 10%=-450.0, 25%=-431.25, 50%=-411.5, 75%=-393.5, 90%=-380.0, 95%=-375.8999938964844, 98%=-371.8800048828125
ranking_best_algo: Tabu
ranking_best_score: 438.12
ranking_my_rank: 70/504 (86.3%)
ranking_my_percent: 86.30952380952381
