ConfigName: kfr__advglobalrankweighted__M4__L24__eps0p06__g0p005__ds0p01__dm0p01
Problem: NK
Kernel: fr
Advantage: globalrankweighted
M: 4
lambda: 24
epsilon_svgd: 0.06
gamma: 0.005
decay_start_ratio: 0.01
decay_min_factor: 0.01
bandwith_kernel: None
no_interact: False
avg_score: 0.7043619751930237
median_score: 0.7049103379249573
std_score: 0.007540739607065916
percentiles: 2%=0.6869232654571533, 5%=0.6921932101249695, 10%=0.6936014294624329, 25%=0.6988912224769592, 50%=0.7049103379249573, 75%=0.7100158929824829, 90%=0.713066577911377, 95%=0.7148820757865906, 98%=0.71943598985672
ranking_best_algo: PBIL
ranking_best_score: 0.7170882103515624
ranking_my_rank: 62/504 (87.9%)
ranking_my_percent: 87.89682539682539
