ConfigName: kjsd__advperagentrankweighted__M4__L24__eps0p01__g0p0007__ds0p05__dm0p05
Problem: QUBO
Kernel: jsd
Advantage: peragentrankweighted
M: 4
lambda: 24
epsilon_svgd: 0.01
gamma: 0.0007
decay_start_ratio: 0.05
decay_min_factor: 0.05
bandwith_kernel: None
no_interact: False
avg_score: -1623.199951171875
median_score: -1615.0
std_score: 58.14619827270508
percentiles: 2%=-1736.280029296875, 5%=-1721.449951171875, 10%=-1710.0999755859375, 25%=-1667.25, 50%=-1615.0, 75%=-1576.25, 90%=-1555.9000244140625, 95%=-1539.0, 98%=-1526.9599609375
ranking_best_algo: NLOPT_LN_PRAXIS
ranking_best_score: 1607.12
ranking_my_rank: 1/504 (100.0%)
ranking_my_percent: 100.0
