ConfigName: krbf__advnormalizedfitness__M4__L15__eps0p025__g0p005__ds0p01__dm0p01
Problem: QUBO
Kernel: rbf
Advantage: normalizedfitness
M: 4
lambda: 15
epsilon_svgd: 0.025
gamma: 0.005
decay_start_ratio: 0.01
decay_min_factor: 0.01
bandwith_kernel: None
no_interact: False
avg_score: -1158.3199462890625
median_score: -1160.0
std_score: 81.3146743774414
percentiles: 2%=-1341.06005859375, 5%=-1300.1500244140625, 10%=-1271.5999755859375, 25%=-1202.0, 50%=-1160.0, 75%=-1102.25, 90%=-1064.5999755859375, 95%=-1030.800048828125, 98%=-983.699951171875
ranking_best_algo: SVMMetaModelLogNormal
ranking_best_score: 1233.7999999999997
ranking_my_rank: 88/504 (82.7%)
ranking_my_percent: 82.73809523809524
