ConfigName: kjsd__advperagentrankweighted__M3__L16__eps0p01__g0p001__ds0p05__dm0p05
Problem: QUBO
Kernel: jsd
Advantage: peragentrankweighted
M: 3
lambda: 16
epsilon_svgd: 0.01
gamma: 0.001
decay_start_ratio: 0.05
decay_min_factor: 0.05
bandwith_kernel: None
no_interact: False
avg_score: -2666.159912109375
median_score: -2652.0
std_score: 120.66124725341797
percentiles: 2%=-2901.360107421875, 5%=-2889.0, 10%=-2838.800048828125, 25%=-2747.0, 50%=-2652.0, 75%=-2581.5, 90%=-2528.199951171875, 95%=-2471.0, 98%=-2438.97998046875
ranking_best_algo: DiscreteLengler2OnePlusOne
ranking_best_score: 2617.04
ranking_my_rank: 1/504 (100.0%)
ranking_my_percent: 100.0
