ConfigName: krbf__advnormalizedfitness__M3__L15__eps0p015__g0p015__ds0p3__dm0p3
Problem: QUBO
Kernel: rbf
Advantage: normalizedfitness
M: 3
lambda: 15
epsilon_svgd: 0.015
gamma: 0.015
decay_start_ratio: 0.3
decay_min_factor: 0.3
bandwith_kernel: None
no_interact: False
avg_score: -510.739990234375
median_score: -505.0
std_score: 46.671539306640625
percentiles: 2%=-645.1199951171875, 5%=-591.2000122070312, 10%=-565.2000122070312, 25%=-529.0, 50%=-505.0, 75%=-478.5, 90%=-457.8999938964844, 95%=-448.8500061035156, 98%=-444.7199401855469
ranking_best_algo: BigLognormalDiscreteOnePlusOne
ranking_best_score: 1301.3600000000004
ranking_my_rank: 394/504 (22.0%)
ranking_my_percent: 22.023809523809526
