ConfigName: krbf__advnormalizedfitness__M3__L12__eps0p015__g0p005__ds0p01__dm0p3
Problem: QUBO
Kernel: rbf
Advantage: normalizedfitness
M: 3
lambda: 12
epsilon_svgd: 0.015
gamma: 0.005
decay_start_ratio: 0.01
decay_min_factor: 0.3
bandwith_kernel: None
no_interact: False
avg_score: -927.5999755859375
median_score: -929.5
std_score: 68.47875213623047
percentiles: 2%=-1064.0400390625, 5%=-1036.0999755859375, 10%=-1025.0, 25%=-980.5, 50%=-929.5, 75%=-874.75, 90%=-840.9000244140625, 95%=-828.0001220703125, 98%=-799.699951171875
ranking_best_algo: CMApara
ranking_best_score: 964.9
ranking_my_rank: 21/504 (96.0%)
ranking_my_percent: 96.03174603174604
