ConfigName: kjsd__advperagentrankweighted__M4__L12__eps0p005__g0p0007__ds0p05__dm0p05
Problem: QUBO
Kernel: jsd
Advantage: peragentrankweighted
M: 4
lambda: 12
epsilon_svgd: 0.005
gamma: 0.0007
decay_start_ratio: 0.05
decay_min_factor: 0.05
bandwith_kernel: None
no_interact: False
avg_score: -3295.5400390625
median_score: -3286.5
std_score: 132.96340942382812
percentiles: 2%=-3614.0400390625, 5%=-3512.39990234375, 10%=-3465.300048828125, 25%=-3367.25, 50%=-3286.5, 75%=-3205.75, 90%=-3143.89990234375, 95%=-3104.64990234375, 98%=-3076.60009765625
ranking_best_algo: RLSOnePlusOne
ranking_best_score: 3316.5199999999995
ranking_my_rank: 3/504 (99.6%)
ranking_my_percent: 99.60317460317461
