ConfigName: kjsd__advperagentrankweighted__M6__L28__eps0p005__g0p0005__ds0p3__dm0p05
Problem: QUBO
Kernel: jsd
Advantage: peragentrankweighted
M: 6
lambda: 28
epsilon_svgd: 0.005
gamma: 0.0005
decay_start_ratio: 0.3
decay_min_factor: 0.05
bandwith_kernel: None
no_interact: False
avg_score: -308.6000061035156
median_score: -311.0
std_score: 40.40692901611328
percentiles: 2%=-390.0, 5%=-386.1000061035156, 10%=-359.79998779296875, 25%=-338.5, 50%=-311.0, 75%=-270.75, 90%=-261.8999938964844, 95%=-253.9499969482422, 98%=-249.9199981689453
ranking_best_algo: CMApara
ranking_best_score: 319.29999999999995
ranking_my_rank: 87/504 (82.9%)
ranking_my_percent: 82.93650793650794
