ConfigName: kfr__advglobalrankweighted__M4__L5__eps0p01__g0p005__ds0p01__dm0p01
Problem: NK
Kernel: fr
Advantage: globalrankweighted
M: 4
lambda: 5
epsilon_svgd: 0.01
gamma: 0.005
decay_start_ratio: 0.01
decay_min_factor: 0.01
bandwith_kernel: None
no_interact: False
avg_score: 0.7389057874679565
median_score: 0.7402313947677612
std_score: 0.008839829824864864
percentiles: 2%=0.7206109762191772, 5%=0.7224711775779724, 10%=0.7261584401130676, 25%=0.7337374687194824, 50%=0.7402313947677612, 75%=0.7454748153686523, 90%=0.7494021654129028, 95%=0.7524639964103699, 98%=0.7552444934844971
ranking_best_algo: PBIL
ranking_best_score: 0.730509098125
ranking_my_rank: 1/504 (100.0%)
ranking_my_percent: 100.0
