ConfigName: kjsd__advperagentrankweighted__M3__L18__eps0p007__g0p001__ds0p1__dm0p2
Problem: NK
Kernel: jsd
Advantage: peragentrankweighted
M: 3
lambda: 18
epsilon_svgd: 0.007
gamma: 0.001
decay_start_ratio: 0.1
decay_min_factor: 0.2
bandwith_kernel: None
no_interact: False
avg_score: 0.7531351447105408
median_score: 0.7526782751083374
std_score: 0.011732880026102066
percentiles: 2%=0.7302200198173523, 5%=0.7342404127120972, 10%=0.7378727793693542, 25%=0.7450603246688843, 50%=0.7526782751083374, 75%=0.761125922203064, 90%=0.7680299282073975, 95%=0.7717954516410828, 98%=0.7747048139572144
ranking_best_algo: Tabu
ranking_best_score: 0.7657846284375001
ranking_my_rank: 9/504 (98.4%)
ranking_my_percent: 98.41269841269842
