ConfigName: krbf__advnormalizedfitness__M1__L8__eps0p015__g0p005__ds0p3__dm0p3
Problem: QUBO
Kernel: rbf
Advantage: normalizedfitness
M: 1
lambda: 8
epsilon_svgd: 0.015
gamma: 0.005
decay_start_ratio: 0.3
decay_min_factor: 0.3
bandwith_kernel: None
no_interact: False
avg_score: -1581.0999755859375
median_score: -1581.5
std_score: 125.53059387207031
percentiles: 2%=-1722.0799560546875, 5%=-1695.3499755859375, 10%=-1680.0999755859375, 25%=-1627.0, 50%=-1581.5, 75%=-1545.0, 90%=-1522.699951171875, 95%=-1486.60009765625, 98%=-1471.93994140625
ranking_best_algo: NLOPT_LN_PRAXIS
ranking_best_score: 1607.12
ranking_my_rank: 41/504 (92.1%)
ranking_my_percent: 92.06349206349206
