ConfigName: krbf__advnormalizedfitness__M3__L15__eps0p015__g0p01__ds0p3__dm0p3
Problem: NK
Kernel: rbf
Advantage: normalizedfitness
M: 3
lambda: 15
epsilon_svgd: 0.015
gamma: 0.01
decay_start_ratio: 0.3
decay_min_factor: 0.3
bandwith_kernel: None
no_interact: False
avg_score: 0.6688637733459473
median_score: 0.6660630702972412
std_score: 0.01908629946410656
percentiles: 2%=0.6373100876808167, 5%=0.6393594741821289, 10%=0.6474646925926208, 25%=0.6558256149291992, 50%=0.6660630702972412, 75%=0.6802605390548706, 90%=0.6957084536552429, 95%=0.7024704813957214, 98%=0.7043259143829346
ranking_best_algo: Tabu
ranking_best_score: 0.7470791764843752
ranking_my_rank: 318/504 (37.1%)
ranking_my_percent: 37.1031746031746
