ConfigName: kjsd__advperagentrankweighted__M3__L20__eps0p007__g0p0007__ds0p2__dm0p05
Problem: NK
Kernel: jsd
Advantage: peragentrankweighted
M: 3
lambda: 20
epsilon_svgd: 0.007
gamma: 0.0007
decay_start_ratio: 0.2
decay_min_factor: 0.05
bandwith_kernel: None
no_interact: False
avg_score: 0.7115731835365295
median_score: 0.6994725465774536
std_score: 0.031407151371240616
percentiles: 2%=0.6735868453979492, 5%=0.6750619411468506, 10%=0.6785765886306763, 25%=0.6825705170631409, 50%=0.6994725465774536, 75%=0.746839165687561, 90%=0.7525893449783325, 95%=0.7613165378570557, 98%=0.7613165378570557
ranking_best_algo: CMApara
ranking_best_score: 0.7118996098437498
ranking_my_rank: 2/504 (99.8%)
ranking_my_percent: 99.8015873015873
