ConfigName: kjsd__advperagentrankweighted__M5__L10__eps0p01__g0p0005__ds0p2__dm0p05
Problem: NK
Kernel: jsd
Advantage: peragentrankweighted
M: 5
lambda: 10
epsilon_svgd: 0.01
gamma: 0.0005
decay_start_ratio: 0.2
decay_min_factor: 0.05
bandwith_kernel: None
no_interact: False
avg_score: 0.7145299315452576
median_score: 0.7144547700881958
std_score: 0.006454098969697952
percentiles: 2%=0.7029077410697937, 5%=0.704555094242096, 10%=0.7065136432647705, 25%=0.7097256183624268, 50%=0.7144547700881958, 75%=0.7188910245895386, 90%=0.7218692898750305, 95%=0.7245510220527649, 98%=0.7265730500221252
ranking_best_algo: PBIL
ranking_best_score: 0.7170882103515624
ranking_my_rank: 40/504 (92.3%)
ranking_my_percent: 92.26190476190476
