ConfigName: krbf__advnormalizedfitness__M3__L10__eps0p025__g0p001__ds0p05__dm0p05
Problem: QUBO
Kernel: rbf
Advantage: normalizedfitness
M: 3
lambda: 10
epsilon_svgd: 0.025
gamma: 0.001
decay_start_ratio: 0.05
decay_min_factor: 0.05
bandwith_kernel: None
no_interact: False
avg_score: -871.9000244140625
median_score: -870.0
std_score: 66.78001403808594
percentiles: 2%=-1008.4400024414062, 5%=-987.75, 10%=-958.2000122070312, 25%=-913.5, 50%=-870.0, 75%=-822.75, 90%=-792.0, 95%=-762.7999877929688, 98%=-748.9400024414062
ranking_best_algo: CMAL3
ranking_best_score: 928.5800000000002
ranking_my_rank: 140/504 (72.4%)
ranking_my_percent: 72.42063492063492
