ConfigName: kfr__advglobalrankweighted__M4__L12__eps0p01__g0p007__ds0p01__dm0p01
Problem: QUBO
Kernel: fr
Advantage: globalrankweighted
M: 4
lambda: 12
epsilon_svgd: 0.01
gamma: 0.007
decay_start_ratio: 0.01
decay_min_factor: 0.01
bandwith_kernel: None
no_interact: False
avg_score: -1356.239990234375
median_score: -1342.0
std_score: 90.0320053100586
percentiles: 2%=-1534.3199462890625, 5%=-1520.0999755859375, 10%=-1475.5999755859375, 25%=-1415.25, 50%=-1342.0, 75%=-1283.75, 90%=-1256.300048828125, 95%=-1234.9000244140625, 98%=-1196.919921875
ranking_best_algo: NLOPT_LN_PRAXIS
ranking_best_score: 1607.12
ranking_my_rank: 175/504 (65.5%)
ranking_my_percent: 65.47619047619048
