ConfigName: kjsd__advperagentrankweighted__M3__L20__eps0p007__g0p003__ds0p05__dm0p2
Problem: QUBO
Kernel: jsd
Advantage: peragentrankweighted
M: 3
lambda: 20
epsilon_svgd: 0.007
gamma: 0.003
decay_start_ratio: 0.05
decay_min_factor: 0.2
bandwith_kernel: None
no_interact: False
avg_score: -434.3599853515625
median_score: -432.0
std_score: 27.2424373626709
percentiles: 2%=-484.0400085449219, 5%=-473.1000061035156, 10%=-469.20001220703125, 25%=-456.25, 50%=-432.0, 75%=-415.0, 90%=-398.0, 95%=-390.79998779296875, 98%=-380.9599914550781
ranking_best_algo: CMApara
ranking_best_score: 453.82
ranking_my_rank: 40/504 (92.3%)
ranking_my_percent: 92.26190476190476
