ConfigName: krbf__advnormalizedfitness__M2__L8__eps0p025__g0p01__ds0p15__dm0p01
Problem: QUBO
Kernel: rbf
Advantage: normalizedfitness
M: 2
lambda: 8
epsilon_svgd: 0.025
gamma: 0.01
decay_start_ratio: 0.15
decay_min_factor: 0.01
bandwith_kernel: None
no_interact: False
avg_score: -434.1400146484375
median_score: -436.5
std_score: 27.890146255493164
percentiles: 2%=-481.0799865722656, 5%=-477.1000061035156, 10%=-468.1000061035156, 25%=-455.25, 50%=-436.5, 75%=-416.0, 90%=-393.8999938964844, 95%=-385.79998779296875, 98%=-376.94000244140625
ranking_best_algo: CMApara
ranking_best_score: 453.82
ranking_my_rank: 40/504 (92.3%)
ranking_my_percent: 92.26190476190476
