ConfigName: krbf__advnormalizedfitness__M2__L6__eps0p01__g0p006__ds0p3__dm0p3
Problem: QUBO
Kernel: rbf
Advantage: normalizedfitness
M: 2
lambda: 6
epsilon_svgd: 0.01
gamma: 0.006
decay_start_ratio: 0.3
decay_min_factor: 0.3
bandwith_kernel: None
no_interact: False
avg_score: -1290.800048828125
median_score: -1293.0
std_score: 69.18627166748047
percentiles: 2%=-1410.3399658203125, 5%=-1404.050048828125, 10%=-1369.5, 25%=-1335.5, 50%=-1293.0, 75%=-1245.75, 90%=-1206.800048828125, 95%=-1184.9000244140625, 98%=-1134.9000244140625
ranking_best_algo: BigLognormalDiscreteOnePlusOne
ranking_best_score: 1301.3600000000004
ranking_my_rank: 2/504 (99.8%)
ranking_my_percent: 99.8015873015873
