ConfigName: kjsd__advperagentrankweighted__M5__L8__eps0p005__g0p0005__ds0p2__dm0p2
Problem: QUBO
Kernel: jsd
Advantage: peragentrankweighted
M: 5
lambda: 8
epsilon_svgd: 0.005
gamma: 0.0005
decay_start_ratio: 0.2
decay_min_factor: 0.2
bandwith_kernel: None
no_interact: False
avg_score: -3263.679931640625
median_score: -3272.0
std_score: 135.9766845703125
percentiles: 2%=-3523.239990234375, 5%=-3484.39990234375, 10%=-3446.800048828125, 25%=-3354.5, 50%=-3272.0, 75%=-3146.25, 90%=-3096.60009765625, 95%=-3057.5, 98%=-3026.659912109375
ranking_best_algo: RLSOnePlusOne
ranking_best_score: 3316.5199999999995
ranking_my_rank: 13/504 (97.6%)
ranking_my_percent: 97.61904761904762
