ConfigName: kjsd__advperagentrankweighted__M10__L24__eps0p005__g0p0005__ds0p05__dm0p05
Problem: QUBO
Kernel: jsd
Advantage: peragentrankweighted
M: 10
lambda: 24
epsilon_svgd: 0.005
gamma: 0.0005
decay_start_ratio: 0.05
decay_min_factor: 0.05
bandwith_kernel: None
no_interact: False
avg_score: -1628.9200439453125
median_score: -1632.0
std_score: 145.20053100585938
percentiles: 2%=-1900.6600341796875, 5%=-1864.199951171875, 10%=-1832.5999755859375, 25%=-1726.25, 50%=-1632.0, 75%=-1524.0, 90%=-1422.0, 95%=-1391.449951171875, 98%=-1345.800048828125
ranking_best_algo: SVM1MetaModelLogNormal
ranking_best_score: 2605.14
ranking_my_rank: 325/504 (35.7%)
ranking_my_percent: 35.714285714285715
