ConfigName: kjsd__advperagentrankweighted__M3__L20__eps0p005__g0p003__ds0p1__dm0p05
Problem: QUBO
Kernel: jsd
Advantage: peragentrankweighted
M: 3
lambda: 20
epsilon_svgd: 0.005
gamma: 0.003
decay_start_ratio: 0.1
decay_min_factor: 0.05
bandwith_kernel: None
no_interact: False
avg_score: -200.75999450683594
median_score: -201.0
std_score: 12.164801597595215
percentiles: 2%=-224.0, 5%=-222.0, 10%=-217.1999969482422, 25%=-208.25, 50%=-201.0, 75%=-195.0, 90%=-183.89999389648438, 95%=-178.0, 98%=-175.97999572753906
ranking_best_algo: Tabu
ranking_best_score: 208.36000000000004
ranking_my_rank: 45/504 (91.3%)
ranking_my_percent: 91.26984126984127
