ConfigName: krbf__advnormalizedfitness__M4__L15__eps0p025__g0p015__ds0p01__dm0p01
Problem: NK
Kernel: rbf
Advantage: normalizedfitness
M: 4
lambda: 15
epsilon_svgd: 0.025
gamma: 0.015
decay_start_ratio: 0.01
decay_min_factor: 0.01
bandwith_kernel: None
no_interact: False
avg_score: 0.7428715229034424
median_score: 0.7435048222541809
std_score: 0.016506370157003403
percentiles: 2%=0.7078866362571716, 5%=0.7154945731163025, 10%=0.7210435271263123, 25%=0.7315420508384705, 50%=0.7435048222541809, 75%=0.7556455731391907, 90%=0.7649964094161987, 95%=0.7664169073104858, 98%=0.769031286239624
ranking_best_algo: Tabu
ranking_best_score: 0.7657846284375001
ranking_my_rank: 60/504 (88.3%)
ranking_my_percent: 88.2936507936508
