ConfigName: krbf__advnormalizedfitness__M3__L10__eps0p025__g0p007__ds0p01__dm0p01
Problem: NK
Kernel: rbf
Advantage: normalizedfitness
M: 3
lambda: 10
epsilon_svgd: 0.025
gamma: 0.007
decay_start_ratio: 0.01
decay_min_factor: 0.01
bandwith_kernel: None
no_interact: False
avg_score: 0.7046771049499512
median_score: 0.7046407461166382
std_score: 0.015420285984873772
percentiles: 2%=0.6669542789459229, 5%=0.6787272095680237, 10%=0.6887484788894653, 25%=0.6958336234092712, 50%=0.7046407461166382, 75%=0.7140591144561768, 90%=0.7232104539871216, 95%=0.7339274287223816, 98%=0.7379227876663208
ranking_best_algo: PBIL
ranking_best_score: 0.7170882103515624
ranking_my_rank: 62/504 (87.9%)
ranking_my_percent: 87.89682539682539
