ConfigName: kjsd__advperagentrankweighted__M5__L8__eps0p03__g0p0005__ds0p05__dm0p05
Problem: NK
Kernel: jsd
Advantage: peragentrankweighted
M: 5
lambda: 8
epsilon_svgd: 0.03
gamma: 0.0005
decay_start_ratio: 0.05
decay_min_factor: 0.05
bandwith_kernel: None
no_interact: False
avg_score: 0.7155478596687317
median_score: 0.7154170274734497
std_score: 0.009639418683946133
percentiles: 2%=0.7010759711265564, 5%=0.7024090886116028, 10%=0.7031896114349365, 25%=0.7088536024093628, 50%=0.7154170274734497, 75%=0.7202315330505371, 90%=0.7279152870178223, 95%=0.7331036925315857, 98%=0.7394242286682129
ranking_best_algo: Tabu
ranking_best_score: 0.7429702712499999
ranking_my_rank: 85/504 (83.3%)
ranking_my_percent: 83.33333333333333
