ConfigName: kfr__advglobalrankweighted__M4__L15__eps0p02__g0p003__ds0p01__dm0p01
Problem: QUBO
Kernel: fr
Advantage: globalrankweighted
M: 4
lambda: 15
epsilon_svgd: 0.02
gamma: 0.003
decay_start_ratio: 0.01
decay_min_factor: 0.01
bandwith_kernel: None
no_interact: False
avg_score: -2512.159912109375
median_score: -2501.5
std_score: 123.95585632324219
percentiles: 2%=-2744.639892578125, 5%=-2732.35009765625, 10%=-2687.60009765625, 25%=-2596.0, 50%=-2501.5, 75%=-2434.75, 90%=-2347.89990234375, 95%=-2323.35009765625, 98%=-2279.639892578125
ranking_best_algo: SVM1MetaModelLogNormal
ranking_best_score: 2605.14
ranking_my_rank: 61/504 (88.1%)
ranking_my_percent: 88.0952380952381
