ConfigName: kjsd__advperagentrankweighted__M4__L30__eps0p005__g0p0003__ds0p4__dm0p05
Problem: QUBO
Kernel: jsd
Advantage: peragentrankweighted
M: 4
lambda: 30
epsilon_svgd: 0.005
gamma: 0.0003
decay_start_ratio: 0.4
decay_min_factor: 0.05
bandwith_kernel: None
no_interact: False
avg_score: -333.1600036621094
median_score: -338.5
std_score: 19.480615615844727
percentiles: 2%=-372.0, 5%=-361.54998779296875, 10%=-353.1000061035156, 25%=-343.0, 50%=-338.5, 75%=-321.5, 90%=-307.70001220703125, 95%=-295.79998779296875, 98%=-287.9599914550781
ranking_best_algo: CMApara
ranking_best_score: 344.22
ranking_my_rank: 68/504 (86.7%)
ranking_my_percent: 86.7063492063492
