ConfigName: kfr__advglobalrankweighted__M4__L24__eps0p03__g0p001__ds0p01__dm0p01
Problem: QUBO
Kernel: fr
Advantage: globalrankweighted
M: 4
lambda: 24
epsilon_svgd: 0.03
gamma: 0.001
decay_start_ratio: 0.01
decay_min_factor: 0.01
bandwith_kernel: None
no_interact: False
avg_score: -3202.52001953125
median_score: -3203.0
std_score: 137.89622497558594
percentiles: 2%=-3521.1201171875, 5%=-3431.050048828125, 10%=-3407.5, 25%=-3276.5, 50%=-3203.0, 75%=-3103.75, 90%=-3040.5, 95%=-3014.550048828125, 98%=-2971.800048828125
ranking_best_algo: RLSOnePlusOne
ranking_best_score: 3316.5199999999995
ranking_my_rank: 53/504 (89.7%)
ranking_my_percent: 89.68253968253968
