ConfigName: krbf__advnormalizedfitness__M4__L15__eps0p015__g0p007__ds0p01__dm0p3
Problem: QUBO
Kernel: rbf
Advantage: normalizedfitness
M: 4
lambda: 15
epsilon_svgd: 0.015
gamma: 0.007
decay_start_ratio: 0.01
decay_min_factor: 0.3
bandwith_kernel: None
no_interact: False
avg_score: -364.5799865722656
median_score: -369.0
std_score: 48.8526725769043
percentiles: 2%=-467.0, 5%=-440.1499938964844, 10%=-430.1000061035156, 25%=-397.0, 50%=-369.0, 75%=-327.5, 90%=-298.79998779296875, 95%=-290.9000244140625, 98%=-287.0
ranking_best_algo: Tabu
ranking_best_score: 588.7199999999999
ranking_my_rank: 343/503 (32.0%)
ranking_my_percent: 32.007952286282304
