ConfigName: kjsd__advperagentrankweighted__M5__L24__eps0p02__g0p0005__ds0p05__dm0p05
Problem: QUBO
Kernel: jsd
Advantage: peragentrankweighted
M: 5
lambda: 24
epsilon_svgd: 0.02
gamma: 0.0005
decay_start_ratio: 0.05
decay_min_factor: 0.05
bandwith_kernel: None
no_interact: False
avg_score: -444.3599853515625
median_score: -447.5
std_score: 27.13945960998535
percentiles: 2%=-492.0, 5%=-487.0, 10%=-481.0, 25%=-465.0, 50%=-447.5, 75%=-426.75, 90%=-405.6000061035156, 95%=-396.0, 98%=-385.94000244140625
ranking_best_algo: CMApara
ranking_best_score: 453.82
ranking_my_rank: 6/504 (99.0%)
ranking_my_percent: 99.0079365079365
