ConfigName: kjsd__advperagentrankweighted__M3__L18__eps0p01__g0p003__ds0p2__dm0p1
Problem: QUBO
Kernel: jsd
Advantage: peragentrankweighted
M: 3
lambda: 18
epsilon_svgd: 0.01
gamma: 0.003
decay_start_ratio: 0.2
decay_min_factor: 0.1
bandwith_kernel: None
no_interact: False
avg_score: -148.36000061035156
median_score: -147.0
std_score: 13.074800491333008
percentiles: 2%=-179.0, 5%=-179.0, 10%=-158.1999969482422, 25%=-155.0, 50%=-147.0, 75%=-141.0, 90%=-132.8000030517578, 95%=-127.0, 98%=-124.91999816894531
ranking_best_algo: CMApara
ranking_best_score: 154.28
ranking_my_rank: 84/504 (83.5%)
ranking_my_percent: 83.53174603174604
