ConfigName: krbf__advnormalizedfitness__M4__L12__eps0p025__g0p015__ds0p15__dm0p3
Problem: QUBO
Kernel: rbf
Advantage: normalizedfitness
M: 4
lambda: 12
epsilon_svgd: 0.025
gamma: 0.015
decay_start_ratio: 0.15
decay_min_factor: 0.3
bandwith_kernel: None
no_interact: False
avg_score: -331.9599914550781
median_score: -331.0
std_score: 37.93729782104492
percentiles: 2%=-403.1600036621094, 5%=-393.29998779296875, 10%=-385.1000061035156, 25%=-354.25, 50%=-331.0, 75%=-305.25, 90%=-280.79998779296875, 95%=-268.95001220703125, 98%=-259.94000244140625
ranking_best_algo: CMAL3
ranking_best_score: 435.36
ranking_my_rank: 332/504 (34.3%)
ranking_my_percent: 34.32539682539682
