ConfigName: krbf__advnormalizedfitness__M4__L8__eps0p033__g0p01__ds0p01__dm0p01
Problem: QUBO
Kernel: rbf
Advantage: normalizedfitness
M: 4
lambda: 8
epsilon_svgd: 0.033
gamma: 0.01
decay_start_ratio: 0.01
decay_min_factor: 0.01
bandwith_kernel: None
no_interact: False
avg_score: -2524.5
median_score: -2506.5
std_score: 155.63980102539062
percentiles: 2%=-2913.1201171875, 5%=-2801.050048828125, 10%=-2716.10009765625, 25%=-2612.25, 50%=-2506.5, 75%=-2428.0, 90%=-2339.5, 95%=-2309.85009765625, 98%=-2272.01953125
ranking_best_algo: DiscreteLengler2OnePlusOne
ranking_best_score: 2617.04
ranking_my_rank: 60/504 (88.3%)
ranking_my_percent: 88.2936507936508
