ConfigName: kjsd__advperagentrankweighted__M4__L12__eps0p005__g0p0007__ds0p4__dm0p05
Problem: QUBO
Kernel: jsd
Advantage: peragentrankweighted
M: 4
lambda: 12
epsilon_svgd: 0.005
gamma: 0.0007
decay_start_ratio: 0.4
decay_min_factor: 0.05
bandwith_kernel: None
no_interact: False
avg_score: -441.4200134277344
median_score: -440.5
std_score: 24.786762237548828
percentiles: 2%=-489.05999755859375, 5%=-484.25, 10%=-472.1000061035156, 25%=-461.0, 50%=-440.5, 75%=-423.0, 90%=-409.8999938964844, 95%=-402.95001220703125, 98%=-393.7799987792969
ranking_best_algo: CMApara
ranking_best_score: 453.82
ranking_my_rank: 11/504 (98.0%)
ranking_my_percent: 98.01587301587301
