ConfigName: kjsd__advperagentrankweighted__M3__L16__eps0p007__g0p0007__ds0p05__dm0p05
Problem: NK
Kernel: jsd
Advantage: peragentrankweighted
M: 3
lambda: 16
epsilon_svgd: 0.007
gamma: 0.0007
decay_start_ratio: 0.05
decay_min_factor: 0.05
bandwith_kernel: None
no_interact: False
avg_score: 0.7556487917900085
median_score: 0.7561640739440918
std_score: 0.012635042890906334
percentiles: 2%=0.7326456308364868, 5%=0.7355776429176331, 10%=0.7382591366767883, 25%=0.7464936375617981, 50%=0.7561640739440918, 75%=0.7656919956207275, 90%=0.7710931301116943, 95%=0.7777538895606995, 98%=0.7815467715263367
ranking_best_algo: Tabu
ranking_best_score: 0.7470791764843752
ranking_my_rank: 1/504 (100.0%)
ranking_my_percent: 100.0
