ConfigName: kjsd__advperagentrankweighted__M5__L10__eps0p005__g0p0005__ds0p05__dm0p05
Problem: NK
Kernel: jsd
Advantage: peragentrankweighted
M: 5
lambda: 10
epsilon_svgd: 0.005
gamma: 0.0005
decay_start_ratio: 0.05
decay_min_factor: 0.05
bandwith_kernel: None
no_interact: False
avg_score: 0.7110827565193176
median_score: 0.7115117311477661
std_score: 0.007033331785351038
percentiles: 2%=0.6975876092910767, 5%=0.7006719708442688, 10%=0.7019811868667603, 25%=0.7056243419647217, 50%=0.7115117311477661, 75%=0.7165309190750122, 90%=0.7198731899261475, 95%=0.7221060991287231, 98%=0.7246089577674866
ranking_best_algo: PBIL
ranking_best_score: 0.7170882103515624
ranking_my_rank: 42/504 (91.9%)
ranking_my_percent: 91.86507936507937
