ConfigName: krbf__advnormalizedfitness__M4__L8__eps0p03__g0p005__ds0p15__dm0p05
Problem: QUBO
Kernel: rbf
Advantage: normalizedfitness
M: 4
lambda: 8
epsilon_svgd: 0.03
gamma: 0.005
decay_start_ratio: 0.15
decay_min_factor: 0.05
bandwith_kernel: None
no_interact: False
avg_score: -928.1199951171875
median_score: -925.0
std_score: 66.42684173583984
percentiles: 2%=-1072.0400390625, 5%=-1050.25, 10%=-1024.5, 25%=-968.75, 50%=-925.0, 75%=-878.5, 90%=-847.5999755859375, 95%=-832.9000244140625, 98%=-822.760009765625
ranking_best_algo: CMApara
ranking_best_score: 964.9
ranking_my_rank: 21/504 (96.0%)
ranking_my_percent: 96.03174603174604
