ConfigName: kjsd__advperagentrankweighted__M3__L16__eps0p01__g0p003__ds0p05__dm0p1
Problem: NK
Kernel: jsd
Advantage: peragentrankweighted
M: 3
lambda: 16
epsilon_svgd: 0.01
gamma: 0.003
decay_start_ratio: 0.05
decay_min_factor: 0.1
bandwith_kernel: None
no_interact: False
avg_score: 0.7074385285377502
median_score: 0.7092254161834717
std_score: 0.011987205594778061
percentiles: 2%=0.6880155801773071, 5%=0.6890884041786194, 10%=0.6925312280654907, 25%=0.6958752274513245, 50%=0.7092254161834717, 75%=0.7182208299636841, 90%=0.7215827107429504, 95%=0.7241432070732117, 98%=0.7248455882072449
ranking_best_algo: PBIL
ranking_best_score: 0.7013553837109374
ranking_my_rank: 1/504 (100.0%)
ranking_my_percent: 100.0
