ConfigName: krbf__advnormalizedfitness__M4__L10__eps0p033__g0p005__ds0p15__dm0p01
Problem: QUBO
Kernel: rbf
Advantage: normalizedfitness
M: 4
lambda: 10
epsilon_svgd: 0.033
gamma: 0.005
decay_start_ratio: 0.15
decay_min_factor: 0.01
bandwith_kernel: None
no_interact: False
avg_score: -331.9599914550781
median_score: -334.0
std_score: 20.430330276489258
percentiles: 2%=-372.0, 5%=-364.29998779296875, 10%=-357.0, 25%=-343.0, 50%=-334.0, 75%=-320.0, 90%=-305.79998779296875, 95%=-293.9000244140625, 98%=-285.8799743652344
ranking_best_algo: CMApara
ranking_best_score: 344.22
ranking_my_rank: 76/504 (85.1%)
ranking_my_percent: 85.11904761904762
