ConfigName: krbf__advnormalizedfitness__M1__L8__eps0p015__g0p005__ds0p3__dm0p3
Problem: NK
Kernel: rbf
Advantage: normalizedfitness
M: 1
lambda: 8
epsilon_svgd: 0.015
gamma: 0.005
decay_start_ratio: 0.3
decay_min_factor: 0.3
bandwith_kernel: None
no_interact: False
avg_score: 0.7041179537773132
median_score: 0.7057690620422363
std_score: 0.015787972137331963
percentiles: 2%=0.6623476147651672, 5%=0.6664540767669678, 10%=0.68741375207901, 25%=0.7002167701721191, 50%=0.7057690620422363, 75%=0.7129102945327759, 90%=0.7217227220535278, 95%=0.7250584959983826, 98%=0.7314220666885376
ranking_best_algo: CMApara
ranking_best_score: 0.707475975
ranking_my_rank: 12/504 (97.8%)
ranking_my_percent: 97.81746031746032
