ConfigName: kfr__advglobalrankweighted__M4__L24__eps0p03__g0p005__ds0p01__dm0p01
Problem: QUBO
Kernel: fr
Advantage: globalrankweighted
M: 4
lambda: 24
epsilon_svgd: 0.03
gamma: 0.005
decay_start_ratio: 0.01
decay_min_factor: 0.01
bandwith_kernel: None
no_interact: False
avg_score: -897.5399780273438
median_score: -898.0
std_score: 58.00938034057617
percentiles: 2%=-1007.47998046875, 5%=-980.2000122070312, 10%=-975.0, 25%=-940.0, 50%=-898.0, 75%=-855.75, 90%=-818.9000244140625, 95%=-810.9000244140625, 98%=-784.780029296875
ranking_best_algo: CMAL3
ranking_best_score: 928.5800000000002
ranking_my_rank: 80/504 (84.3%)
ranking_my_percent: 84.32539682539682
