ConfigName: krbf__advnormalizedfitness__M4__L10__eps0p033__g0p01__ds0p01__dm0p3
Problem: NK
Kernel: rbf
Advantage: normalizedfitness
M: 4
lambda: 10
epsilon_svgd: 0.033
gamma: 0.01
decay_start_ratio: 0.01
decay_min_factor: 0.3
bandwith_kernel: None
no_interact: False
avg_score: 0.7439450621604919
median_score: 0.7428625822067261
std_score: 0.017251377925276756
percentiles: 2%=0.7121763825416565, 5%=0.7158075571060181, 10%=0.719819962978363, 25%=0.7330316305160522, 50%=0.7428625822067261, 75%=0.756944477558136, 90%=0.7656864523887634, 95%=0.7720127105712891, 98%=0.777556836605072
ranking_best_algo: Tabu
ranking_best_score: 0.7470791764843752
ranking_my_rank: 3/504 (99.6%)
ranking_my_percent: 99.60317460317461
