ConfigName: kjsd__advperagentrankweighted__M8__L24__eps0p008__g0p0005__ds0p05__dm0p05
Problem: NK
Kernel: jsd
Advantage: peragentrankweighted
M: 8
lambda: 24
epsilon_svgd: 0.008
gamma: 0.0005
decay_start_ratio: 0.05
decay_min_factor: 0.05
bandwith_kernel: None
no_interact: False
avg_score: 0.7541003227233887
median_score: 0.7554886341094971
std_score: 0.013380306772887707
percentiles: 2%=0.7243130803108215, 5%=0.7331613898277283, 10%=0.7365272641181946, 25%=0.7460570335388184, 50%=0.7554886341094971, 75%=0.7639272212982178, 90%=0.7707809805870056, 95%=0.7742705941200256, 98%=0.7753530144691467
ranking_best_algo: Tabu
ranking_best_score: 0.7657846284375001
ranking_my_rank: 7/504 (98.8%)
ranking_my_percent: 98.80952380952381
