ConfigName: krbf__advnormalizedfitness__M3__L8__eps0p033__g0p005__ds0p15__dm0p01
Problem: NK
Kernel: rbf
Advantage: normalizedfitness
M: 3
lambda: 8
epsilon_svgd: 0.033
gamma: 0.005
decay_start_ratio: 0.15
decay_min_factor: 0.01
bandwith_kernel: None
no_interact: False
avg_score: 0.7091085910797119
median_score: 0.7104636430740356
std_score: 0.014994555152952671
percentiles: 2%=0.6715555787086487, 5%=0.6728339195251465, 10%=0.6959049701690674, 25%=0.7051476836204529, 50%=0.7104636430740356, 75%=0.7177620530128479, 90%=0.7252419590950012, 95%=0.7319310307502747, 98%=0.7329753637313843
ranking_best_algo: CMApara
ranking_best_score: 0.707475975
ranking_my_rank: 1/504 (100.0%)
ranking_my_percent: 100.0
