ConfigName: krbf__advnormalizedfitness__M4__L12__eps0p033__g0p007__ds0p15__dm0p01
Problem: QUBO
Kernel: rbf
Advantage: normalizedfitness
M: 4
lambda: 12
epsilon_svgd: 0.033
gamma: 0.007
decay_start_ratio: 0.15
decay_min_factor: 0.01
bandwith_kernel: None
no_interact: False
avg_score: -1244.43994140625
median_score: -1252.0
std_score: 71.7332992553711
percentiles: 2%=-1389.260009765625, 5%=-1369.050048828125, 10%=-1349.0, 25%=-1288.25, 50%=-1252.0, 75%=-1187.5, 90%=-1152.199951171875, 95%=-1134.800048828125, 98%=-1102.8399658203125
ranking_best_algo: BigLognormalDiscreteOnePlusOne
ranking_best_score: 1301.3600000000004
ranking_my_rank: 57/504 (88.9%)
ranking_my_percent: 88.88888888888889
