ConfigName: krbf__advnormalizedfitness__M1__L8__eps0p025__g0p007__ds0p01__dm0p01
Problem: QUBO
Kernel: rbf
Advantage: normalizedfitness
M: 1
lambda: 8
epsilon_svgd: 0.025
gamma: 0.007
decay_start_ratio: 0.01
decay_min_factor: 0.01
bandwith_kernel: None
no_interact: False
avg_score: -887.9400024414062
median_score: -896.0
std_score: 79.66716003417969
percentiles: 2%=-1059.02001953125, 5%=-1020.25, 10%=-986.4000244140625, 25%=-942.75, 50%=-896.0, 75%=-832.0, 90%=-794.7999877929688, 95%=-765.4500732421875, 98%=-737.639892578125
ranking_best_algo: CMApara
ranking_best_score: 964.9
ranking_my_rank: 192/504 (62.1%)
ranking_my_percent: 62.1031746031746
