ConfigName: krbf__advnormalizedfitness__M4__L24__eps0p03__g0p005__ds0p05__dm0p05
Problem: QUBO
Kernel: rbf
Advantage: normalizedfitness
M: 4
lambda: 24
epsilon_svgd: 0.03
gamma: 0.005
decay_start_ratio: 0.05
decay_min_factor: 0.05
bandwith_kernel: None
no_interact: False
avg_score: -1172.52001953125
median_score: -1166.5
std_score: 89.63475799560547
percentiles: 2%=-1357.0799560546875, 5%=-1329.0999755859375, 10%=-1294.5999755859375, 25%=-1228.75, 50%=-1166.5, 75%=-1110.25, 90%=-1072.5999755859375, 95%=-1032.949951171875, 98%=-1000.6799926757812
ranking_best_algo: BigLognormalDiscreteOnePlusOne
ranking_best_score: 1301.3600000000004
ranking_my_rank: 102/504 (80.0%)
ranking_my_percent: 79.96031746031746
