ConfigName: krbf__advnormalizedfitness__M2__L6__eps0p01__g0p015__ds0p3__dm0p01
Problem: QUBO
Kernel: rbf
Advantage: normalizedfitness
M: 2
lambda: 6
epsilon_svgd: 0.01
gamma: 0.015
decay_start_ratio: 0.3
decay_min_factor: 0.01
bandwith_kernel: None
no_interact: False
avg_score: -138.4199981689453
median_score: -139.0
std_score: 10.900623321533203
percentiles: 2%=-157.02000427246094, 5%=-155.0, 10%=-152.10000610351562, 25%=-146.0, 50%=-139.0, 75%=-129.75, 90%=-127.0, 95%=-120.95000457763672, 98%=-112.91998291015625
ranking_best_algo: DiscreteDE
ranking_best_score: 143.4
ranking_my_rank: 108/504 (78.8%)
ranking_my_percent: 78.76984126984127
