ConfigName: kjsd__advperagentrankweighted__M5__L10__eps0p03__g0p0005__ds0p05__dm0p05
Problem: NK
Kernel: jsd
Advantage: peragentrankweighted
M: 5
lambda: 10
epsilon_svgd: 0.03
gamma: 0.0005
decay_start_ratio: 0.05
decay_min_factor: 0.05
bandwith_kernel: None
no_interact: False
avg_score: 0.7037968635559082
median_score: 0.7060326933860779
std_score: 0.011786951683461666
percentiles: 2%=0.6830387115478516, 5%=0.6863175630569458, 10%=0.6884099841117859, 25%=0.6930927634239197, 50%=0.7060326933860779, 75%=0.7143642902374268, 90%=0.7172998785972595, 95%=0.7189570665359497, 98%=0.7199327945709229
ranking_best_algo: PBIL
ranking_best_score: 0.7013553837109374
ranking_my_rank: 1/504 (100.0%)
ranking_my_percent: 100.0
