ConfigName: krbf__advnormalizedfitness__M4__L12__eps0p033__g0p015__ds0p3__dm0p01
Problem: QUBO
Kernel: rbf
Advantage: normalizedfitness
M: 4
lambda: 12
epsilon_svgd: 0.033
gamma: 0.015
decay_start_ratio: 0.3
decay_min_factor: 0.01
bandwith_kernel: None
no_interact: False
avg_score: -405.20001220703125
median_score: -407.0
std_score: 29.722043991088867
percentiles: 2%=-467.32000732421875, 5%=-459.20001220703125, 10%=-436.6000061035156, 25%=-425.0, 50%=-407.0, 75%=-382.75, 90%=-364.8999938964844, 95%=-358.8500061035156, 98%=-348.97998046875
ranking_best_algo: CMAL3
ranking_best_score: 435.36
ranking_my_rank: 219/504 (56.7%)
ranking_my_percent: 56.74603174603175
