ConfigName: kjsd__advperagentrankweighted__M5__L30__eps0p007__g0p0005__ds0p05__dm0p05
Problem: NK
Kernel: jsd
Advantage: peragentrankweighted
M: 5
lambda: 30
epsilon_svgd: 0.007
gamma: 0.0005
decay_start_ratio: 0.05
decay_min_factor: 0.05
bandwith_kernel: None
no_interact: False
avg_score: 0.7346325516700745
median_score: 0.7367762327194214
std_score: 0.009426580742001534
percentiles: 2%=0.7126153707504272, 5%=0.7143076658248901, 10%=0.7211065292358398, 25%=0.7289829254150391, 50%=0.7367762327194214, 75%=0.7419657111167908, 90%=0.745296061038971, 95%=0.7460616230964661, 98%=0.7479329705238342
ranking_best_algo: PBIL
ranking_best_score: 0.7248786399609374
ranking_my_rank: 1/504 (100.0%)
ranking_my_percent: 100.0
