ConfigName: krbf__advnormalizedfitness__M3__L15__eps0p03__g0p005__ds0p05__dm0p05
Problem: NK
Kernel: rbf
Advantage: normalizedfitness
M: 3
lambda: 15
epsilon_svgd: 0.03
gamma: 0.005
decay_start_ratio: 0.05
decay_min_factor: 0.05
bandwith_kernel: None
no_interact: False
avg_score: 0.7349794507026672
median_score: 0.7360203266143799
std_score: 0.008823543787002563
percentiles: 2%=0.71584153175354, 5%=0.7192105650901794, 10%=0.7216801643371582, 25%=0.7292683720588684, 50%=0.7360203266143799, 75%=0.741973876953125, 90%=0.74540114402771, 95%=0.7465232610702515, 98%=0.7497771382331848
ranking_best_algo: PBIL
ranking_best_score: 0.7248786399609374
ranking_my_rank: 1/504 (100.0%)
ranking_my_percent: 100.0
