ConfigName: kjsd__advperagentrankweighted__M3__L20__eps0p005__g0p0005__ds0p05__dm0p2
Problem: NK
Kernel: jsd
Advantage: peragentrankweighted
M: 3
lambda: 20
epsilon_svgd: 0.005
gamma: 0.0005
decay_start_ratio: 0.05
decay_min_factor: 0.2
bandwith_kernel: None
no_interact: False
avg_score: 0.7541880011558533
median_score: 0.755066990852356
std_score: 0.01350634265691042
percentiles: 2%=0.7273473739624023, 5%=0.7302164435386658, 10%=0.7370615005493164, 25%=0.7453132271766663, 50%=0.755066990852356, 75%=0.764089822769165, 90%=0.7694768905639648, 95%=0.7737519145011902, 98%=0.7827383279800415
ranking_best_algo: Tabu
ranking_best_score: 0.7657846284375001
ranking_my_rank: 7/504 (98.8%)
ranking_my_percent: 98.80952380952381
