ConfigName: kjsd__advperagentrankweighted__M5__L12__eps0p02__g0p0005__ds0p2__dm0p05
Problem: QUBO
Kernel: jsd
Advantage: peragentrankweighted
M: 5
lambda: 12
epsilon_svgd: 0.02
gamma: 0.0005
decay_start_ratio: 0.2
decay_min_factor: 0.05
bandwith_kernel: None
no_interact: False
avg_score: -1242.02001953125
median_score: -1233.5
std_score: 58.281211853027344
percentiles: 2%=-1367.300048828125, 5%=-1342.0999755859375, 10%=-1332.0, 25%=-1273.25, 50%=-1233.5, 75%=-1208.0, 90%=-1176.800048828125, 95%=-1153.449951171875, 98%=-1134.760009765625
ranking_best_algo: SVMMetaModelLogNormal
ranking_best_score: 1233.7999999999997
ranking_my_rank: 1/504 (100.0%)
ranking_my_percent: 100.0
