ConfigName: kjsd__advperagentrankweighted__M3__L18__eps0p01__g0p003__ds0p1__dm0p05
Problem: NK
Kernel: jsd
Advantage: peragentrankweighted
M: 3
lambda: 18
epsilon_svgd: 0.01
gamma: 0.003
decay_start_ratio: 0.1
decay_min_factor: 0.05
bandwith_kernel: None
no_interact: False
avg_score: 0.7368687987327576
median_score: 0.7372040748596191
std_score: 0.008931081742048264
percentiles: 2%=0.7186490297317505, 5%=0.7212987542152405, 10%=0.7241058349609375, 25%=0.7302268743515015, 50%=0.7372040748596191, 75%=0.7433913350105286, 90%=0.747873067855835, 95%=0.7514953017234802, 98%=0.7525549530982971
ranking_best_algo: PBIL
ranking_best_score: 0.730509098125
ranking_my_rank: 1/504 (100.0%)
ranking_my_percent: 100.0
