ConfigName: kjsd__advperagentrankweighted__M5__L8__eps0p01__g0p003__ds0p2__dm0p05
Problem: QUBO
Kernel: jsd
Advantage: peragentrankweighted
M: 5
lambda: 8
epsilon_svgd: 0.01
gamma: 0.003
decay_start_ratio: 0.2
decay_min_factor: 0.05
bandwith_kernel: None
no_interact: False
avg_score: -2544.5
median_score: -2547.0
std_score: 155.8301239013672
percentiles: 2%=-2820.93994140625, 5%=-2794.39990234375, 10%=-2746.0, 25%=-2648.5, 50%=-2547.0, 75%=-2448.0, 90%=-2338.89990234375, 95%=-2287.75, 98%=-2249.5
ranking_best_algo: DiscreteLengler2OnePlusOne
ranking_best_score: 2617.04
ranking_my_rank: 56/504 (89.1%)
ranking_my_percent: 89.08730158730158
