ConfigName: krbf__advnormalizedfitness__M4__L10__eps0p033__g0p015__ds0p3__dm0p01
Problem: QUBO
Kernel: rbf
Advantage: normalizedfitness
M: 4
lambda: 10
epsilon_svgd: 0.033
gamma: 0.015
decay_start_ratio: 0.3
decay_min_factor: 0.01
bandwith_kernel: None
no_interact: False
avg_score: -2130.199951171875
median_score: -2110.0
std_score: 174.45584106445312
percentiles: 2%=-2487.780029296875, 5%=-2446.5, 10%=-2357.5, 25%=-2246.25, 50%=-2110.0, 75%=-2028.5, 90%=-1919.4000244140625, 95%=-1900.9000244140625, 98%=-1796.2998046875
ranking_best_algo: SVM1MetaModelLogNormal
ranking_best_score: 2605.14
ranking_my_rank: 202/504 (60.1%)
ranking_my_percent: 60.11904761904762
