ConfigName: krbf__advnormalizedfitness__M2__L10__eps0p033__g0p01__ds0p01__dm0p3
Problem: NK
Kernel: rbf
Advantage: normalizedfitness
M: 2
lambda: 10
epsilon_svgd: 0.033
gamma: 0.01
decay_start_ratio: 0.01
decay_min_factor: 0.3
bandwith_kernel: None
no_interact: False
avg_score: 0.709250807762146
median_score: 0.7108666896820068
std_score: 0.015406528487801552
percentiles: 2%=0.6700813174247742, 5%=0.6712228059768677, 10%=0.6941275596618652, 25%=0.7067065238952637, 50%=0.7108666896820068, 75%=0.7180662751197815, 90%=0.7251783609390259, 95%=0.7319492101669312, 98%=0.7331079840660095
ranking_best_algo: CMApara
ranking_best_score: 0.707475975
ranking_my_rank: 1/504 (100.0%)
ranking_my_percent: 100.0
