ConfigName: krbf__advnormalizedfitness__M2__L3__eps0p015__g0p005__ds0p15__dm0p01
Problem: QUBO
Kernel: rbf
Advantage: normalizedfitness
M: 2
lambda: 3
epsilon_svgd: 0.015
gamma: 0.005
decay_start_ratio: 0.15
decay_min_factor: 0.01
bandwith_kernel: None
no_interact: False
avg_score: -902.7999877929688
median_score: -897.0
std_score: 68.95462799072266
percentiles: 2%=-1058.0400390625, 5%=-1031.25, 10%=-988.5, 25%=-951.75, 50%=-897.0, 75%=-855.75, 90%=-813.0, 95%=-787.0, 98%=-772.3400268554688
ranking_best_algo: CMApara
ranking_best_score: 964.9
ranking_my_rank: 109/504 (78.6%)
ranking_my_percent: 78.57142857142857
