ConfigName: kjsd__advperagentrankweighted__M3__L30__eps0p007__g0p0005__ds0p1__dm0p1
Problem: QUBO
Kernel: jsd
Advantage: peragentrankweighted
M: 3
lambda: 30
epsilon_svgd: 0.007
gamma: 0.0005
decay_start_ratio: 0.1
decay_min_factor: 0.1
bandwith_kernel: None
no_interact: False
avg_score: -1623.02001953125
median_score: -1621.5
std_score: 62.960777282714844
percentiles: 2%=-1747.4000244140625, 5%=-1723.300048828125, 10%=-1697.699951171875, 25%=-1668.25, 50%=-1621.5, 75%=-1576.5, 90%=-1540.800048828125, 95%=-1509.0, 98%=-1504.9599609375
ranking_best_algo: NLOPT_LN_PRAXIS
ranking_best_score: 1607.12
ranking_my_rank: 1/504 (100.0%)
ranking_my_percent: 100.0
