ConfigName: kjsd__advperagentrankweighted__M4__L8__eps0p005__g0p003__ds0p05__dm0p05
Problem: QUBO
Kernel: jsd
Advantage: peragentrankweighted
M: 4
lambda: 8
epsilon_svgd: 0.005
gamma: 0.003
decay_start_ratio: 0.05
decay_min_factor: 0.05
bandwith_kernel: None
no_interact: False
avg_score: -139.0800018310547
median_score: -139.0
std_score: 11.192567825317383
percentiles: 2%=-158.0, 5%=-156.0500030517578, 10%=-154.10000610351562, 25%=-146.0, 50%=-139.0, 75%=-131.75, 90%=-125.0, 95%=-120.9000015258789, 98%=-114.91999816894531
ranking_best_algo: DiscreteDE
ranking_best_score: 143.4
ranking_my_rank: 89/504 (82.5%)
ranking_my_percent: 82.53968253968254
