ConfigName: kjsd__advperagentrankweighted__M4__L12__eps0p01__g0p0005__ds0p4__dm0p05
Problem: NK
Kernel: jsd
Advantage: peragentrankweighted
M: 4
lambda: 12
epsilon_svgd: 0.01
gamma: 0.0005
decay_start_ratio: 0.4
decay_min_factor: 0.05
bandwith_kernel: None
no_interact: False
avg_score: 0.7412031292915344
median_score: 0.7412451505661011
std_score: 0.00850695464760065
percentiles: 2%=0.7241055965423584, 5%=0.7271682024002075, 10%=0.7304694056510925, 25%=0.7359176874160767, 50%=0.7412451505661011, 75%=0.7463608384132385, 90%=0.7515736222267151, 95%=0.7551316618919373, 98%=0.758887529373169
ranking_best_algo: PBIL
ranking_best_score: 0.733570253046875
ranking_my_rank: 1/504 (100.0%)
ranking_my_percent: 100.0
