ConfigName: krbf__advnormalizedfitness__M4__L15__eps0p033__g0p007__ds0p15__dm0p01
Problem: NK
Kernel: rbf
Advantage: normalizedfitness
M: 4
lambda: 15
epsilon_svgd: 0.033
gamma: 0.007
decay_start_ratio: 0.15
decay_min_factor: 0.01
bandwith_kernel: None
no_interact: False
avg_score: 0.745238721370697
median_score: 0.7423104643821716
std_score: 0.027568230405449867
percentiles: 2%=0.7039654850959778, 5%=0.70830899477005, 10%=0.7118784785270691, 25%=0.725521981716156, 50%=0.7423104643821716, 75%=0.7601335048675537, 90%=0.778337299823761, 95%=0.8044298887252808, 98%=0.806486964225769
ranking_best_algo: CMApara
ranking_best_score: 0.7459277895312499
ranking_my_rank: 2/504 (99.8%)
ranking_my_percent: 99.8015873015873
