ConfigName: kjsd__advperagentrankweighted__M3__L18__eps0p01__g0p001__ds0p05__dm0p1
Problem: QUBO
Kernel: jsd
Advantage: peragentrankweighted
M: 3
lambda: 18
epsilon_svgd: 0.01
gamma: 0.001
decay_start_ratio: 0.05
decay_min_factor: 0.1
bandwith_kernel: None
no_interact: False
avg_score: -1197.760009765625
median_score: -1192.0
std_score: 62.25401306152344
percentiles: 2%=-1349.1199951171875, 5%=-1321.4000244140625, 10%=-1274.0, 25%=-1233.0, 50%=-1192.0, 75%=-1160.75, 90%=-1117.9000244140625, 95%=-1105.550048828125, 98%=-1092.719970703125
ranking_best_algo: Tabu
ranking_best_score: 1216.16
ranking_my_rank: 44/504 (91.5%)
ranking_my_percent: 91.46825396825396
