ConfigName: krbf__advnormalizedfitness__M4__L12__eps0p015__g0p01__ds0p01__dm0p3
Problem: NK
Kernel: rbf
Advantage: normalizedfitness
M: 4
lambda: 12
epsilon_svgd: 0.015
gamma: 0.01
decay_start_ratio: 0.01
decay_min_factor: 0.3
bandwith_kernel: None
no_interact: False
avg_score: 0.7048105597496033
median_score: 0.7048882246017456
std_score: 0.019720595329999924
percentiles: 2%=0.6689720749855042, 5%=0.6696917414665222, 10%=0.6792837977409363, 25%=0.6899450421333313, 50%=0.7048882246017456, 75%=0.719968318939209, 90%=0.7314894199371338, 95%=0.7372570633888245, 98%=0.7402880191802979
ranking_best_algo: Tabu
ranking_best_score: 0.7657846284375001
ranking_my_rank: 313/504 (38.1%)
ranking_my_percent: 38.095238095238095
