ConfigName: kjsd__advperagentrankweighted__M3__L18__eps0p007__g0p0005__ds0p1__dm0p05
Problem: QUBO
Kernel: jsd
Advantage: peragentrankweighted
M: 3
lambda: 18
epsilon_svgd: 0.007
gamma: 0.0005
decay_start_ratio: 0.1
decay_min_factor: 0.05
bandwith_kernel: None
no_interact: False
avg_score: -3311.06005859375
median_score: -3311.0
std_score: 119.26288604736328
percentiles: 2%=-3560.5400390625, 5%=-3497.25, 10%=-3446.199951171875, 25%=-3370.25, 50%=-3311.0, 75%=-3241.5, 90%=-3162.300048828125, 95%=-3087.60009765625, 98%=-3072.780029296875
ranking_best_algo: RLSOnePlusOne
ranking_best_score: 3316.5199999999995
ranking_my_rank: 2/504 (99.8%)
ranking_my_percent: 99.8015873015873
