ConfigName: krbf__advnormalizedfitness__M3__L12__eps0p033__g0p007__ds0p15__dm0p01
Problem: NK
Kernel: rbf
Advantage: normalizedfitness
M: 3
lambda: 12
epsilon_svgd: 0.033
gamma: 0.007
decay_start_ratio: 0.15
decay_min_factor: 0.01
bandwith_kernel: None
no_interact: False
avg_score: 0.751731812953949
median_score: 0.7536519765853882
std_score: 0.0143767474219203
percentiles: 2%=0.7145583033561707, 5%=0.7236387729644775, 10%=0.7359656095504761, 25%=0.7444060444831848, 50%=0.7536519765853882, 75%=0.7598838806152344, 90%=0.7673529982566833, 95%=0.7720708847045898, 98%=0.7795014977455139
ranking_best_algo: Tabu
ranking_best_score: 0.7657846284375001
ranking_my_rank: 14/504 (97.4%)
ranking_my_percent: 97.42063492063492
