ConfigName: krbf__advnormalizedfitness__M2__L8__eps0p025__g0p007__ds0p15__dm0p3
Problem: QUBO
Kernel: rbf
Advantage: normalizedfitness
M: 2
lambda: 8
epsilon_svgd: 0.025
gamma: 0.007
decay_start_ratio: 0.15
decay_min_factor: 0.3
bandwith_kernel: None
no_interact: False
avg_score: -1293.0799560546875
median_score: -1292.0
std_score: 53.612060546875
percentiles: 2%=-1403.5999755859375, 5%=-1375.0999755859375, 10%=-1368.199951171875, 25%=-1323.25, 50%=-1292.0, 75%=-1263.0, 90%=-1227.0, 95%=-1211.0, 98%=-1190.6800537109375
ranking_best_algo: BigLognormalDiscreteOnePlusOne
ranking_best_score: 1301.3600000000004
ranking_my_rank: 2/504 (99.8%)
ranking_my_percent: 99.8015873015873
