ConfigName: krbf__advnormalizedfitness__M4__L8__eps0p03__g0p005__ds0p05__dm0p05
Problem: QUBO
Kernel: rbf
Advantage: normalizedfitness
M: 4
lambda: 8
epsilon_svgd: 0.03
gamma: 0.005
decay_start_ratio: 0.05
decay_min_factor: 0.05
bandwith_kernel: None
no_interact: False
avg_score: -416.9599914550781
median_score: -416.0
std_score: 26.666805267333984
percentiles: 2%=-477.0, 5%=-469.20001220703125, 10%=-452.1000061035156, 25%=-430.5, 50%=-416.0, 75%=-399.0, 90%=-383.79998779296875, 95%=-374.0, 98%=-371.8800048828125
ranking_best_algo: Tabu
ranking_best_score: 438.12
ranking_my_rank: 41/504 (92.1%)
ranking_my_percent: 92.06349206349206
