ConfigName: krbf__advnormalizedfitness__M3__L15__eps0p015__g0p005__ds0p15__dm0p01
Problem: QUBO
Kernel: rbf
Advantage: normalizedfitness
M: 3
lambda: 15
epsilon_svgd: 0.015
gamma: 0.005
decay_start_ratio: 0.15
decay_min_factor: 0.01
bandwith_kernel: None
no_interact: False
avg_score: -899.760009765625
median_score: -897.5
std_score: 61.235958099365234
percentiles: 2%=-1032.239990234375, 5%=-1028.0, 10%=-968.0, 25%=-936.0, 50%=-897.5, 75%=-852.0, 90%=-824.5999755859375, 95%=-805.8500366210938, 98%=-794.7599487304688
ranking_best_algo: CMAL3
ranking_best_score: 928.5800000000002
ranking_my_rank: 70/504 (86.3%)
ranking_my_percent: 86.30952380952381
