ConfigName: krbf__advnormalizedfitness__M3__L12__eps0p033__g0p015__ds0p3__dm0p3
Problem: NK
Kernel: rbf
Advantage: normalizedfitness
M: 3
lambda: 12
epsilon_svgd: 0.033
gamma: 0.015
decay_start_ratio: 0.3
decay_min_factor: 0.3
bandwith_kernel: None
no_interact: False
avg_score: 0.5779510736465454
median_score: 0.5773493051528931
std_score: 0.006123861763626337
percentiles: 2%=0.5679019689559937, 5%=0.5691633820533752, 10%=0.5706730484962463, 25%=0.5736957788467407, 50%=0.5773493051528931, 75%=0.5812923908233643, 90%=0.5854979753494263, 95%=0.5894536972045898, 98%=0.5931002497673035
ranking_best_algo: PBIL
ranking_best_score: 0.7170882103515624
ranking_my_rank: 385/504 (23.8%)
ranking_my_percent: 23.80952380952381
