ConfigName: kjsd__advperagentrankweighted__M4__L24__eps0p005__g0p0003__ds0p2__dm0p05
Problem: QUBO
Kernel: jsd
Advantage: peragentrankweighted
M: 4
lambda: 24
epsilon_svgd: 0.005
gamma: 0.0003
decay_start_ratio: 0.2
decay_min_factor: 0.05
bandwith_kernel: None
no_interact: False
avg_score: -433.7799987792969
median_score: -431.5
std_score: 25.261661529541016
percentiles: 2%=-477.1199951171875, 5%=-475.04998779296875, 10%=-471.20001220703125, 25%=-450.25, 50%=-431.5, 75%=-418.0, 90%=-405.0, 95%=-398.75, 98%=-373.82000732421875
ranking_best_algo: CMAL3
ranking_best_score: 435.36
ranking_my_rank: 2/504 (99.8%)
ranking_my_percent: 99.8015873015873
