ConfigName: kjsd__advperagentrankweighted__M5__L10__eps0p02__g0p0003__ds0p05__dm0p05
Problem: QUBO
Kernel: jsd
Advantage: peragentrankweighted
M: 5
lambda: 10
epsilon_svgd: 0.02
gamma: 0.0003
decay_start_ratio: 0.05
decay_min_factor: 0.05
bandwith_kernel: None
no_interact: False
avg_score: -1285.199951171875
median_score: -1284.0
std_score: 57.543548583984375
percentiles: 2%=-1395.239990234375, 5%=-1382.1500244140625, 10%=-1369.199951171875, 25%=-1322.0, 50%=-1284.0, 75%=-1249.25, 90%=-1207.0, 95%=-1191.0, 98%=-1178.760009765625
ranking_best_algo: BigLognormalDiscreteOnePlusOne
ranking_best_score: 1301.3600000000004
ranking_my_rank: 4/504 (99.4%)
ranking_my_percent: 99.4047619047619
