ConfigName: kjsd__advperagentrankweighted__M4__L10__eps0p005__g0p0003__ds0p2__dm0p05
Problem: QUBO
Kernel: jsd
Advantage: peragentrankweighted
M: 4
lambda: 10
epsilon_svgd: 0.005
gamma: 0.0003
decay_start_ratio: 0.2
decay_min_factor: 0.05
bandwith_kernel: None
no_interact: False
avg_score: -310.5799865722656
median_score: -313.0
std_score: 39.11756134033203
percentiles: 2%=-394.0400085449219, 5%=-382.5, 10%=-359.3999938964844, 25%=-336.0, 50%=-313.0, 75%=-273.75, 90%=-265.8999938964844, 95%=-255.9499969482422, 98%=-251.8800048828125
ranking_best_algo: CMApara
ranking_best_score: 319.29999999999995
ranking_my_rank: 58/504 (88.7%)
ranking_my_percent: 88.69047619047619
