ConfigName: kjsd__advperagentrankweighted__M3__L16__eps0p007__g0p003__ds0p05__dm0p1
Problem: NK
Kernel: jsd
Advantage: peragentrankweighted
M: 3
lambda: 16
epsilon_svgd: 0.007
gamma: 0.003
decay_start_ratio: 0.05
decay_min_factor: 0.1
bandwith_kernel: None
no_interact: False
avg_score: 0.7396286725997925
median_score: 0.7379407286643982
std_score: 0.01470466423779726
percentiles: 2%=0.7151577472686768, 5%=0.7166082859039307, 10%=0.7215896844863892, 25%=0.7283265590667725, 50%=0.7379407286643982, 75%=0.7484898567199707, 90%=0.7620871067047119, 95%=0.7659974098205566, 98%=0.7690069675445557
ranking_best_algo: Tabu
ranking_best_score: 0.7601875690625
ranking_my_rank: 15/504 (97.2%)
ranking_my_percent: 97.22222222222223
