ConfigName: krbf__advnormalizedfitness__M4__L8__eps0p033__g0p007__ds0p01__dm0p3
Problem: QUBO
Kernel: rbf
Advantage: normalizedfitness
M: 4
lambda: 8
epsilon_svgd: 0.033
gamma: 0.007
decay_start_ratio: 0.01
decay_min_factor: 0.3
bandwith_kernel: None
no_interact: False
avg_score: -2438.5
median_score: -2428.0
std_score: 155.8206329345703
percentiles: 2%=-2783.0, 5%=-2688.5, 10%=-2641.699951171875, 25%=-2540.5, 50%=-2428.0, 75%=-2317.25, 90%=-2244.300048828125, 95%=-2203.150146484375, 98%=-2167.83984375
ranking_best_algo: SVM1MetaModelLogNormal
ranking_best_score: 2605.14
ranking_my_rank: 89/504 (82.5%)
ranking_my_percent: 82.53968253968254
