ConfigName: krbf__advnormalizedfitness__M3__L12__eps0p025__g0p005__ds0p01__dm0p01
Problem: NK
Kernel: rbf
Advantage: normalizedfitness
M: 3
lambda: 12
epsilon_svgd: 0.025
gamma: 0.005
decay_start_ratio: 0.01
decay_min_factor: 0.01
bandwith_kernel: None
no_interact: False
avg_score: 0.7543628215789795
median_score: 0.7545076608657837
std_score: 0.012517185881733894
percentiles: 2%=0.7327421307563782, 5%=0.735842764377594, 10%=0.7388108968734741, 25%=0.7454773187637329, 50%=0.7545076608657837, 75%=0.7638331055641174, 90%=0.7687665224075317, 95%=0.7745466232299805, 98%=0.7794848084449768
ranking_best_algo: Tabu
ranking_best_score: 0.7657846284375001
ranking_my_rank: 7/504 (98.8%)
ranking_my_percent: 98.80952380952381
