ConfigName: kjsd__advperagentrankweighted__M4__L20__eps0p005__g0p001__ds0p1__dm0p1
Problem: QUBO
Kernel: jsd
Advantage: peragentrankweighted
M: 4
lambda: 20
epsilon_svgd: 0.005
gamma: 0.001
decay_start_ratio: 0.1
decay_min_factor: 0.1
bandwith_kernel: None
no_interact: False
avg_score: -1552.6600341796875
median_score: -1545.5
std_score: 82.98785400390625
percentiles: 2%=-1721.6600341796875, 5%=-1695.300048828125, 10%=-1655.199951171875, 25%=-1611.0, 50%=-1545.5, 75%=-1498.75, 90%=-1435.0, 95%=-1420.800048828125, 98%=-1400.800048828125
ranking_best_algo: NLOPT_LN_PRAXIS
ranking_best_score: 1607.12
ranking_my_rank: 51/504 (90.1%)
ranking_my_percent: 90.07936507936508
