ConfigName: krbf__advnormalizedfitness__M3__L8__eps0p015__g0p01__ds0p3__dm0p01
Problem: NK
Kernel: rbf
Advantage: normalizedfitness
M: 3
lambda: 8
epsilon_svgd: 0.015
gamma: 0.01
decay_start_ratio: 0.3
decay_min_factor: 0.01
bandwith_kernel: None
no_interact: False
avg_score: 0.7055580019950867
median_score: 0.7080936431884766
std_score: 0.012073221616446972
percentiles: 2%=0.686424195766449, 5%=0.6877067685127258, 10%=0.6906561255455017, 25%=0.6941900253295898, 50%=0.7080936431884766, 75%=0.7160638570785522, 90%=0.7195692658424377, 95%=0.722957968711853, 98%=0.7235996127128601
ranking_best_algo: PBIL
ranking_best_score: 0.7013553837109374
ranking_my_rank: 1/504 (100.0%)
ranking_my_percent: 100.0
