ConfigName: kjsd__advperagentrankweighted__M3__L18__eps0p005__g0p0005__ds0p1__dm0p05
Problem: QUBO
Kernel: jsd
Advantage: peragentrankweighted
M: 3
lambda: 18
epsilon_svgd: 0.005
gamma: 0.0005
decay_start_ratio: 0.1
decay_min_factor: 0.05
bandwith_kernel: None
no_interact: False
avg_score: -936.260009765625
median_score: -934.5
std_score: 68.85980224609375
percentiles: 2%=-1076.0, 5%=-1060.0, 10%=-1035.199951171875, 25%=-978.5, 50%=-934.5, 75%=-881.25, 90%=-850.7999877929688, 95%=-842.7999877929688, 98%=-814.6799926757812
ranking_best_algo: CMApara
ranking_best_score: 964.9
ranking_my_rank: 13/504 (97.6%)
ranking_my_percent: 97.61904761904762
