ConfigName: kjsd__advperagentrankweighted__M5__L8__eps0p005__g0p0005__ds0p2__dm0p05
Problem: QUBO
Kernel: jsd
Advantage: peragentrankweighted
M: 5
lambda: 8
epsilon_svgd: 0.005
gamma: 0.0005
decay_start_ratio: 0.2
decay_min_factor: 0.05
bandwith_kernel: None
no_interact: False
avg_score: -430.5
median_score: -431.5
std_score: 26.298858642578125
percentiles: 2%=-479.0400085449219, 5%=-475.1000061035156, 10%=-469.20001220703125, 25%=-448.0, 50%=-431.5, 75%=-414.5, 90%=-400.29998779296875, 95%=-382.8999938964844, 98%=-376.9800109863281
ranking_best_algo: CMAL3
ranking_best_score: 435.36
ranking_my_rank: 8/504 (98.6%)
ranking_my_percent: 98.61111111111111
