ConfigName: kfr__advglobalrankweighted__M6__L8__eps0p015__g0p007__ds0p01__dm0p01
Problem: QUBO
Kernel: fr
Advantage: globalrankweighted
M: 6
lambda: 8
epsilon_svgd: 0.015
gamma: 0.007
decay_start_ratio: 0.01
decay_min_factor: 0.01
bandwith_kernel: None
no_interact: False
avg_score: -1132.699951171875
median_score: -1130.5
std_score: 79.97505950927734
percentiles: 2%=-1317.3599853515625, 5%=-1269.550048828125, 10%=-1227.199951171875, 25%=-1181.25, 50%=-1130.5, 75%=-1075.0, 90%=-1027.9000244140625, 95%=-1012.0, 98%=-1004.33984375
ranking_best_algo: Tabu
ranking_best_score: 1216.16
ranking_my_rank: 156/504 (69.2%)
ranking_my_percent: 69.24603174603175
