ConfigName: krbf__advnormalizedfitness__M2__L10__eps0p033__g0p007__ds0p15__dm0p01
Problem: QUBO
Kernel: rbf
Advantage: normalizedfitness
M: 2
lambda: 10
epsilon_svgd: 0.033
gamma: 0.007
decay_start_ratio: 0.15
decay_min_factor: 0.01
bandwith_kernel: None
no_interact: False
avg_score: -899.260009765625
median_score: -896.0
std_score: 63.69955062866211
percentiles: 2%=-1023.1799926757812, 5%=-999.1500244140625, 10%=-986.4000244140625, 25%=-947.0, 50%=-896.0, 75%=-849.0, 90%=-815.9000244140625, 95%=-803.9500122070312, 98%=-797.9400024414062
ranking_best_algo: CMAL3
ranking_best_score: 928.5800000000002
ranking_my_rank: 70/504 (86.3%)
ranking_my_percent: 86.30952380952381
