ConfigName: kjsd__advperagentrankweighted__M6__L8__eps0p02__g0p0007__ds0p2__dm0p05
Problem: NK
Kernel: jsd
Advantage: peragentrankweighted
M: 6
lambda: 8
epsilon_svgd: 0.02
gamma: 0.0007
decay_start_ratio: 0.2
decay_min_factor: 0.05
bandwith_kernel: None
no_interact: False
avg_score: 0.7327687740325928
median_score: 0.733830451965332
std_score: 0.008971093222498894
percentiles: 2%=0.7149994969367981, 5%=0.7169471383094788, 10%=0.7193079590797424, 25%=0.7269143462181091, 50%=0.733830451965332, 75%=0.7401292324066162, 90%=0.7428753972053528, 95%=0.7459201812744141, 98%=0.7475818991661072
ranking_best_algo: PBIL
ranking_best_score: 0.7248786399609374
ranking_my_rank: 1/504 (100.0%)
ranking_my_percent: 100.0
