ConfigName: kfr__advglobalrankweighted__M2__L10__eps0p015__g0p005__ds0p01__dm0p01
Problem: QUBO
Kernel: fr
Advantage: globalrankweighted
M: 2
lambda: 10
epsilon_svgd: 0.015
gamma: 0.005
decay_start_ratio: 0.01
decay_min_factor: 0.01
bandwith_kernel: None
no_interact: False
avg_score: -571.7000122070312
median_score: -571.0
std_score: 26.691383361816406
percentiles: 2%=-623.0, 5%=-615.0499877929688, 10%=-609.2000122070312, 25%=-591.0, 50%=-571.0, 75%=-553.75, 90%=-540.7999877929688, 95%=-534.4500732421875, 98%=-509.97998046875
ranking_best_algo: Tabu
ranking_best_score: 588.7199999999999
ranking_my_rank: 62/503 (87.9%)
ranking_my_percent: 87.8727634194831
