ConfigName: krbf__advnormalizedfitness__M3__L12__eps0p015__g0p005__ds0p3__dm0p3
Problem: NK
Kernel: rbf
Advantage: normalizedfitness
M: 3
lambda: 12
epsilon_svgd: 0.015
gamma: 0.005
decay_start_ratio: 0.3
decay_min_factor: 0.3
bandwith_kernel: None
no_interact: False
avg_score: 0.7443176507949829
median_score: 0.7423104643821716
std_score: 0.028820665553212166
percentiles: 2%=0.6977787017822266, 5%=0.7067059874534607, 10%=0.7103651762008667, 25%=0.7214789986610413, 50%=0.7423104643821716, 75%=0.7585474252700806, 90%=0.778337299823761, 95%=0.8044298887252808, 98%=0.8104748129844666
ranking_best_algo: CMApara
ranking_best_score: 0.7459277895312499
ranking_my_rank: 5/504 (99.2%)
ranking_my_percent: 99.2063492063492
