ConfigName: krbf__advnormalizedfitness__M4__L10__eps0p025__g0p015__ds0p15__dm0p01
Problem: NK
Kernel: rbf
Advantage: normalizedfitness
M: 4
lambda: 10
epsilon_svgd: 0.025
gamma: 0.015
decay_start_ratio: 0.15
decay_min_factor: 0.01
bandwith_kernel: None
no_interact: False
avg_score: 0.7514607906341553
median_score: 0.7519479990005493
std_score: 0.012880311347544193
percentiles: 2%=0.7263751029968262, 5%=0.7285303473472595, 10%=0.7329458594322205, 25%=0.7423105835914612, 50%=0.7519479990005493, 75%=0.7607568502426147, 90%=0.7703604698181152, 95%=0.7706754207611084, 98%=0.7722507119178772
ranking_best_algo: Tabu
ranking_best_score: 0.7657846284375001
ranking_my_rank: 16/504 (97.0%)
ranking_my_percent: 97.02380952380952
