ConfigName: krbf__advnormalizedfitness__M3__L15__eps0p033__g0p005__ds0p3__dm0p01
Problem: NK
Kernel: rbf
Advantage: normalizedfitness
M: 3
lambda: 15
epsilon_svgd: 0.033
gamma: 0.005
decay_start_ratio: 0.3
decay_min_factor: 0.01
bandwith_kernel: None
no_interact: False
avg_score: 0.7375556826591492
median_score: 0.7377747893333435
std_score: 0.008389206603169441
percentiles: 2%=0.7210744619369507, 5%=0.7228838801383972, 10%=0.7252011299133301, 25%=0.7331502437591553, 50%=0.7377747893333435, 75%=0.7434263229370117, 90%=0.7467997670173645, 95%=0.7498595118522644, 98%=0.7532674670219421
ranking_best_algo: PBIL
ranking_best_score: 0.730509098125
ranking_my_rank: 1/504 (100.0%)
ranking_my_percent: 100.0
