ConfigName: krbf__advnormalizedfitness__M4__L12__eps0p025__g0p005__ds0p15__dm0p3
Problem: NK
Kernel: rbf
Advantage: normalizedfitness
M: 4
lambda: 12
epsilon_svgd: 0.025
gamma: 0.005
decay_start_ratio: 0.15
decay_min_factor: 0.3
bandwith_kernel: None
no_interact: False
avg_score: 0.710989236831665
median_score: 0.7116107940673828
std_score: 0.015161912888288498
percentiles: 2%=0.6734310388565063, 5%=0.674022376537323, 10%=0.6972832083702087, 25%=0.7077699899673462, 50%=0.7116107940673828, 75%=0.7202785015106201, 90%=0.7255252003669739, 95%=0.7323669791221619, 98%=0.733566403388977
ranking_best_algo: CMApara
ranking_best_score: 0.707475975
ranking_my_rank: 1/504 (100.0%)
ranking_my_percent: 100.0
