ConfigName: kjsd__advperagentrankweighted__M5__L10__eps0p02__g0p0003__ds0p05__dm0p05
Problem: NK
Kernel: jsd
Advantage: peragentrankweighted
M: 5
lambda: 10
epsilon_svgd: 0.02
gamma: 0.0003
decay_start_ratio: 0.05
decay_min_factor: 0.05
bandwith_kernel: None
no_interact: False
avg_score: 0.707356333732605
median_score: 0.70843106508255
std_score: 0.01631832681596279
percentiles: 2%=0.6608537435531616, 5%=0.6688369512557983, 10%=0.693718433380127, 25%=0.7040139436721802, 50%=0.70843106508255, 75%=0.7161096334457397, 90%=0.7234707474708557, 95%=0.7311349511146545, 98%=0.733316957950592
ranking_best_algo: CMApara
ranking_best_score: 0.707475975
ranking_my_rank: 2/504 (99.8%)
ranking_my_percent: 99.8015873015873
