ConfigName: kjsd__advperagentrankweighted__M4__L10__eps0p03__g0p0005__ds0p05__dm0p05
Problem: QUBO
Kernel: jsd
Advantage: peragentrankweighted
M: 4
lambda: 10
epsilon_svgd: 0.03
gamma: 0.0005
decay_start_ratio: 0.05
decay_min_factor: 0.05
bandwith_kernel: None
no_interact: False
avg_score: -404.0
median_score: -402.5
std_score: 26.743223190307617
percentiles: 2%=-457.239990234375, 5%=-454.04998779296875, 10%=-438.20001220703125, 25%=-418.5, 50%=-402.5, 75%=-385.75, 90%=-371.6000061035156, 95%=-361.79998779296875, 98%=-353.9200134277344
ranking_best_algo: Tabu
ranking_best_score: 438.12
ranking_my_rank: 213/504 (57.9%)
ranking_my_percent: 57.93650793650794
