ConfigName: kfr__advglobalrankweighted__M4__L5__eps0p05__g0p01__ds0p01__dm0p01
Problem: NK
Kernel: fr
Advantage: globalrankweighted
M: 4
lambda: 5
epsilon_svgd: 0.05
gamma: 0.01
decay_start_ratio: 0.01
decay_min_factor: 0.01
bandwith_kernel: None
no_interact: False
avg_score: 0.750498354434967
median_score: 0.7503775358200073
std_score: 0.008626935072243214
percentiles: 2%=0.7334480285644531, 5%=0.7360103726387024, 10%=0.7396726608276367, 25%=0.7450918555259705, 50%=0.7503775358200073, 75%=0.7556148767471313, 90%=0.761691689491272, 95%=0.7657628655433655, 98%=0.7677292227745056
ranking_best_algo: PBIL
ranking_best_score: 0.733570253046875
ranking_my_rank: 1/504 (100.0%)
ranking_my_percent: 100.0
