ConfigName: kfr__advglobalrankweighted__M3__L9__eps0p02__g0p007__ds0p01__dm0p01
Problem: QUBO
Kernel: fr
Advantage: globalrankweighted
M: 3
lambda: 9
epsilon_svgd: 0.02
gamma: 0.007
decay_start_ratio: 0.01
decay_min_factor: 0.01
bandwith_kernel: None
no_interact: False
avg_score: -1228.8599853515625
median_score: -1226.0
std_score: 71.24717712402344
percentiles: 2%=-1392.1199951171875, 5%=-1349.3499755859375, 10%=-1325.300048828125, 25%=-1278.25, 50%=-1226.0, 75%=-1171.0, 90%=-1141.0, 95%=-1130.550048828125, 98%=-1108.9599609375
ranking_best_algo: SVMMetaModelLogNormal
ranking_best_score: 1233.7999999999997
ranking_my_rank: 12/504 (97.8%)
ranking_my_percent: 97.81746031746032
