ConfigName: kjsd__advperagentrankweighted__M3__L16__eps0p005__g0p001__ds0p2__dm0p2
Problem: QUBO
Kernel: jsd
Advantage: peragentrankweighted
M: 3
lambda: 16
epsilon_svgd: 0.005
gamma: 0.001
decay_start_ratio: 0.2
decay_min_factor: 0.2
bandwith_kernel: None
no_interact: False
avg_score: -2614.6201171875
median_score: -2621.0
std_score: 131.03562927246094
percentiles: 2%=-2901.97998046875, 5%=-2819.64990234375, 10%=-2788.199951171875, 25%=-2688.5, 50%=-2621.0, 75%=-2527.5, 90%=-2438.699951171875, 95%=-2409.85009765625, 98%=-2375.52001953125
ranking_best_algo: DiscreteLengler2OnePlusOne
ranking_best_score: 2617.04
ranking_my_rank: 2/504 (99.8%)
ranking_my_percent: 99.8015873015873
