ConfigName: kjsd__advperagentrankweighted__M4__L12__eps0p01__g0p0005__ds0p2__dm0p05
Problem: QUBO
Kernel: jsd
Advantage: peragentrankweighted
M: 4
lambda: 12
epsilon_svgd: 0.01
gamma: 0.0005
decay_start_ratio: 0.2
decay_min_factor: 0.05
bandwith_kernel: None
no_interact: False
avg_score: -911.3400268554688
median_score: -904.5
std_score: 58.804630279541016
percentiles: 2%=-1028.0999755859375, 5%=-1014.2000122070312, 10%=-985.2000122070312, 25%=-957.5, 50%=-904.5, 75%=-859.5, 90%=-834.7000122070312, 95%=-825.75, 98%=-810.6400146484375
ranking_best_algo: CMAL3
ranking_best_score: 928.5800000000002
ranking_my_rank: 20/504 (96.2%)
ranking_my_percent: 96.23015873015873
