ConfigName: krbf__advnormalizedfitness__M2__L8__eps0p015__g0p005__ds0p15__dm0p01
Problem: QUBO
Kernel: rbf
Advantage: normalizedfitness
M: 2
lambda: 8
epsilon_svgd: 0.015
gamma: 0.005
decay_start_ratio: 0.15
decay_min_factor: 0.01
bandwith_kernel: None
no_interact: False
avg_score: -1236.4200439453125
median_score: -1235.0
std_score: 61.168975830078125
percentiles: 2%=-1358.06005859375, 5%=-1335.4000244140625, 10%=-1317.0, 25%=-1292.0, 50%=-1235.0, 75%=-1194.75, 90%=-1158.4000244140625, 95%=-1142.800048828125, 98%=-1128.719970703125
ranking_best_algo: SVMMetaModelLogNormal
ranking_best_score: 1233.7999999999997
ranking_my_rank: 1/504 (100.0%)
ranking_my_percent: 100.0
