ConfigName: kjsd__advperagentrankweighted__M4__L8__eps0p02__g0p0007__ds0p2__dm0p05
Problem: QUBO
Kernel: jsd
Advantage: peragentrankweighted
M: 4
lambda: 8
epsilon_svgd: 0.02
gamma: 0.0007
decay_start_ratio: 0.2
decay_min_factor: 0.05
bandwith_kernel: None
no_interact: False
avg_score: -2610.9599609375
median_score: -2595.5
std_score: 126.3596420288086
percentiles: 2%=-2923.0, 5%=-2824.10009765625, 10%=-2769.300048828125, 25%=-2704.25, 50%=-2595.5, 75%=-2512.75, 90%=-2461.60009765625, 95%=-2434.64990234375, 98%=-2405.820068359375
ranking_best_algo: DiscreteLengler2OnePlusOne
ranking_best_score: 2617.04
ranking_my_rank: 2/504 (99.8%)
ranking_my_percent: 99.8015873015873
