ConfigName: krbf__advnormalizedfitness__M3__L8__eps0p015__g0p015__ds0p01__dm0p01
Problem: QUBO
Kernel: rbf
Advantage: normalizedfitness
M: 3
lambda: 8
epsilon_svgd: 0.015
gamma: 0.015
decay_start_ratio: 0.01
decay_min_factor: 0.01
bandwith_kernel: None
no_interact: False
avg_score: -312.32000732421875
median_score: -318.0
std_score: 39.40479278564453
percentiles: 2%=-398.0, 5%=-392.1000061035156, 10%=-354.5999755859375, 25%=-336.0, 50%=-318.0, 75%=-275.5, 90%=-267.79998779296875, 95%=-260.8500061035156, 98%=-251.91998291015625
ranking_best_algo: CMApara
ranking_best_score: 319.29999999999995
ranking_my_rank: 34/504 (93.5%)
ranking_my_percent: 93.45238095238095
