ConfigName: kjsd__advperagentrankweighted__M3__L24__eps0p005__g0p001__ds0p1__dm0p05
Problem: NK
Kernel: jsd
Advantage: peragentrankweighted
M: 3
lambda: 24
epsilon_svgd: 0.005
gamma: 0.001
decay_start_ratio: 0.1
decay_min_factor: 0.05
bandwith_kernel: None
no_interact: False
avg_score: 0.7119191884994507
median_score: 0.70106041431427
std_score: 0.03143875300884247
percentiles: 2%=0.6749831438064575, 5%=0.6757414937019348, 10%=0.6785765886306763, 25%=0.6826237440109253, 50%=0.70106041431427, 75%=0.7474179267883301, 90%=0.7536686658859253, 95%=0.7613165378570557, 98%=0.7613165378570557
ranking_best_algo: CMApara
ranking_best_score: 0.7118996098437498
ranking_my_rank: 1/504 (100.0%)
ranking_my_percent: 100.0
