ConfigName: kjsd__advperagentrankweighted__M4__L30__eps0p01__g0p0005__ds0p2__dm0p05
Problem: NK
Kernel: jsd
Advantage: peragentrankweighted
M: 4
lambda: 30
epsilon_svgd: 0.01
gamma: 0.0005
decay_start_ratio: 0.2
decay_min_factor: 0.05
bandwith_kernel: None
no_interact: False
avg_score: 0.7493155002593994
median_score: 0.7492002248764038
std_score: 0.010069848038256168
percentiles: 2%=0.7313566207885742, 5%=0.7353214025497437, 10%=0.7374493479728699, 25%=0.7424583435058594, 50%=0.7492002248764038, 75%=0.7561537623405457, 90%=0.7605476379394531, 95%=0.7631277441978455, 98%=0.7693305611610413
ranking_best_algo: PBIL
ranking_best_score: 0.733570253046875
ranking_my_rank: 1/504 (100.0%)
ranking_my_percent: 100.0
