ConfigName: krbf__advnormalizedfitness__M1__L8__eps0p033__g0p01__ds0p15__dm0p3
Problem: QUBO
Kernel: rbf
Advantage: normalizedfitness
M: 1
lambda: 8
epsilon_svgd: 0.033
gamma: 0.01
decay_start_ratio: 0.15
decay_min_factor: 0.3
bandwith_kernel: None
no_interact: False
avg_score: -295.0
median_score: -289.0
std_score: 38.40104293823242
percentiles: 2%=-386.0400085449219, 5%=-376.1000061035156, 10%=-348.20001220703125, 25%=-318.5, 50%=-289.0, 75%=-264.75, 90%=-254.89999389648438, 95%=-239.95001220703125, 98%=-236.0
ranking_best_algo: CMApara
ranking_best_score: 319.29999999999995
ranking_my_rank: 262/504 (48.2%)
ranking_my_percent: 48.214285714285715
