ConfigName: kjsd__advperagentrankweighted__M3__L20__eps0p01__g0p0005__ds0p1__dm0p2
Problem: NK
Kernel: jsd
Advantage: peragentrankweighted
M: 3
lambda: 20
epsilon_svgd: 0.01
gamma: 0.0005
decay_start_ratio: 0.1
decay_min_factor: 0.2
bandwith_kernel: None
no_interact: False
avg_score: 0.7386965155601501
median_score: 0.7379665374755859
std_score: 0.015314852818846703
percentiles: 2%=0.7115643620491028, 5%=0.7131701707839966, 10%=0.7207950353622437, 25%=0.7287952303886414, 50%=0.7379665374755859, 75%=0.7470436096191406, 90%=0.7556604146957397, 95%=0.7644056081771851, 98%=0.7754262685775757
ranking_best_algo: Tabu
ranking_best_score: 0.7601875690625
ranking_my_rank: 19/504 (96.4%)
ranking_my_percent: 96.42857142857143
