ConfigName: kfr__advglobalrankweighted__M3__L10__eps0p015__g0p003__ds0p01__dm0p01
Problem: QUBO
Kernel: fr
Advantage: globalrankweighted
M: 3
lambda: 10
epsilon_svgd: 0.015
gamma: 0.003
decay_start_ratio: 0.01
decay_min_factor: 0.01
bandwith_kernel: None
no_interact: False
avg_score: -137.39999389648438
median_score: -139.0
std_score: 11.442028045654297
percentiles: 2%=-158.0, 5%=-156.0500030517578, 10%=-152.0, 25%=-146.0, 50%=-139.0, 75%=-130.0, 90%=-121.0, 95%=-118.90000915527344, 98%=-113.97999572753906
ranking_best_algo: DiscreteDE
ranking_best_score: 143.4
ranking_my_rank: 128/504 (74.8%)
ranking_my_percent: 74.8015873015873
