ConfigName: kjsd__advperagentrankweighted__M10__L12__eps0p005__g0p0005__ds0p05__dm0p05
Problem: NK
Kernel: jsd
Advantage: peragentrankweighted
M: 10
lambda: 12
epsilon_svgd: 0.005
gamma: 0.0005
decay_start_ratio: 0.05
decay_min_factor: 0.05
bandwith_kernel: None
no_interact: False
avg_score: 0.744032621383667
median_score: 0.744888424873352
std_score: 0.019594956189393997
percentiles: 2%=0.7123954892158508, 5%=0.7137256264686584, 10%=0.7171852588653564, 25%=0.7278317809104919, 50%=0.744888424873352, 75%=0.7600198984146118, 90%=0.7724076509475708, 95%=0.7751779556274414, 98%=0.7783492207527161
ranking_best_algo: Tabu
ranking_best_score: 0.7470791764843752
ranking_my_rank: 3/504 (99.6%)
ranking_my_percent: 99.60317460317461
