ConfigName: kjsd__advperagentrankweighted__M4__L12__eps0p03__g0p0003__ds0p05__dm0p05
Problem: QUBO
Kernel: jsd
Advantage: peragentrankweighted
M: 4
lambda: 12
epsilon_svgd: 0.03
gamma: 0.0003
decay_start_ratio: 0.05
decay_min_factor: 0.05
bandwith_kernel: None
no_interact: False
avg_score: -1239.800048828125
median_score: -1240.0
std_score: 59.97416305541992
percentiles: 2%=-1347.760009765625, 5%=-1343.050048828125, 10%=-1316.5999755859375, 25%=-1287.5, 50%=-1240.0, 75%=-1198.5, 90%=-1164.5999755859375, 95%=-1139.0, 98%=-1132.5999755859375
ranking_best_algo: BigLognormalDiscreteOnePlusOne
ranking_best_score: 1301.3600000000004
ranking_my_rank: 57/504 (88.9%)
ranking_my_percent: 88.88888888888889
