ConfigName: krbf__advnormalizedfitness__M4__L8__eps0p025__g0p015__ds0p3__dm0p3
Problem: QUBO
Kernel: rbf
Advantage: normalizedfitness
M: 4
lambda: 8
epsilon_svgd: 0.025
gamma: 0.015
decay_start_ratio: 0.3
decay_min_factor: 0.3
bandwith_kernel: None
no_interact: False
avg_score: -139.47999572753906
median_score: -140.5
std_score: 10.46181583404541
percentiles: 2%=-158.0399932861328, 5%=-157.0, 10%=-153.10000610351562, 25%=-146.0, 50%=-140.5, 75%=-131.0, 90%=-127.0, 95%=-123.0, 98%=-113.97999572753906
ranking_best_algo: DiscreteDE
ranking_best_score: 143.4
ranking_my_rank: 85/504 (83.3%)
ranking_my_percent: 83.33333333333333
