ConfigName: kjsd__advperagentrankweighted__M4__L8__eps0p03__g0p0007__ds0p05__dm0p05
Problem: QUBO
Kernel: jsd
Advantage: peragentrankweighted
M: 4
lambda: 8
epsilon_svgd: 0.03
gamma: 0.0007
decay_start_ratio: 0.05
decay_min_factor: 0.05
bandwith_kernel: None
no_interact: False
avg_score: -2565.97998046875
median_score: -2564.5
std_score: 127.52458190917969
percentiles: 2%=-2793.39990234375, 5%=-2755.10009765625, 10%=-2724.800048828125, 25%=-2654.75, 50%=-2564.5, 75%=-2472.5, 90%=-2393.60009765625, 95%=-2353.5, 98%=-2309.52001953125
ranking_best_algo: DiscreteLengler2OnePlusOne
ranking_best_score: 2617.04
ranking_my_rank: 51/504 (90.1%)
ranking_my_percent: 90.07936507936508
