ConfigName: krbf__advnormalizedfitness__M4__L8__eps0p015__g0p015__ds0p01__dm0p01
Problem: NK
Kernel: rbf
Advantage: normalizedfitness
M: 4
lambda: 8
epsilon_svgd: 0.015
gamma: 0.015
decay_start_ratio: 0.01
decay_min_factor: 0.01
bandwith_kernel: None
no_interact: False
avg_score: 0.7089647054672241
median_score: 0.7101244330406189
std_score: 0.015362819656729698
percentiles: 2%=0.6698214411735535, 5%=0.671184778213501, 10%=0.6962623596191406, 25%=0.7058761119842529, 50%=0.7101244330406189, 75%=0.7189183831214905, 90%=0.7245411276817322, 95%=0.7302015423774719, 98%=0.7319210171699524
ranking_best_algo: CMApara
ranking_best_score: 0.707475975
ranking_my_rank: 1/504 (100.0%)
ranking_my_percent: 100.0
