ConfigName: krbf__advnormalizedfitness__M3__L15__eps0p015__g0p01__ds0p01__dm0p3
Problem: QUBO
Kernel: rbf
Advantage: normalizedfitness
M: 3
lambda: 15
epsilon_svgd: 0.015
gamma: 0.01
decay_start_ratio: 0.01
decay_min_factor: 0.3
bandwith_kernel: None
no_interact: False
avg_score: -361.70001220703125
median_score: -359.0
std_score: 34.803306579589844
percentiles: 2%=-435.1600036621094, 5%=-419.29998779296875, 10%=-407.3999938964844, 25%=-387.0, 50%=-359.0, 75%=-337.75, 90%=-323.79998779296875, 95%=-312.70001220703125, 98%=-293.97998046875
ranking_best_algo: CMAL3
ranking_best_score: 435.36
ranking_my_rank: 322/504 (36.3%)
ranking_my_percent: 36.30952380952381
