ConfigName: krbf__advnormalizedfitness__M4__L15__eps0p02__g0p005__ds0p15__dm0p05
Problem: QUBO
Kernel: rbf
Advantage: normalizedfitness
M: 4
lambda: 15
epsilon_svgd: 0.02
gamma: 0.005
decay_start_ratio: 0.15
decay_min_factor: 0.05
bandwith_kernel: None
no_interact: False
avg_score: -423.760009765625
median_score: -425.5
std_score: 27.303157806396484
percentiles: 2%=-473.0, 5%=-471.0, 10%=-467.20001220703125, 25%=-438.5, 50%=-425.5, 75%=-401.0, 90%=-387.0, 95%=-380.8500061035156, 98%=-369.94000244140625
ranking_best_algo: CMAL3
ranking_best_score: 435.36
ranking_my_rank: 31/504 (94.0%)
ranking_my_percent: 94.04761904761905
