ConfigName: kjsd__advperagentrankweighted__M3__L18__eps0p01__g0p003__ds0p05__dm0p1
Problem: QUBO
Kernel: jsd
Advantage: peragentrankweighted
M: 3
lambda: 18
epsilon_svgd: 0.01
gamma: 0.003
decay_start_ratio: 0.05
decay_min_factor: 0.1
bandwith_kernel: None
no_interact: False
avg_score: -1204.1400146484375
median_score: -1195.0
std_score: 65.96756744384766
percentiles: 2%=-1344.52001953125, 5%=-1317.1500244140625, 10%=-1294.699951171875, 25%=-1251.0, 50%=-1195.0, 75%=-1159.0, 90%=-1123.9000244140625, 95%=-1103.0, 98%=-1096.719970703125
ranking_best_algo: SVMMetaModelLogNormal
ranking_best_score: 1233.7999999999997
ranking_my_rank: 50/504 (90.3%)
ranking_my_percent: 90.27777777777777
