ConfigName: krbf__advnormalizedfitness__M3__L8__eps0p015__g0p005__ds0p3__dm0p3
Problem: QUBO
Kernel: rbf
Advantage: normalizedfitness
M: 3
lambda: 8
epsilon_svgd: 0.015
gamma: 0.005
decay_start_ratio: 0.3
decay_min_factor: 0.3
bandwith_kernel: None
no_interact: False
avg_score: -1186.4200439453125
median_score: -1184.5
std_score: 74.50263977050781
percentiles: 2%=-1329.219970703125, 5%=-1299.300048828125, 10%=-1276.199951171875, 25%=-1233.25, 50%=-1184.5, 75%=-1135.0, 90%=-1107.5, 95%=-1059.9000244140625, 98%=-1042.599853515625
ranking_best_algo: SVMMetaModelLogNormal
ranking_best_score: 1233.7999999999997
ranking_my_rank: 58/504 (88.7%)
ranking_my_percent: 88.69047619047619
