ConfigName: krbf__advnormalizedfitness__M3__L10__eps0p015__g0p005__ds0p01__dm0p01
Problem: NK
Kernel: rbf
Advantage: normalizedfitness
M: 3
lambda: 10
epsilon_svgd: 0.015
gamma: 0.005
decay_start_ratio: 0.01
decay_min_factor: 0.01
bandwith_kernel: None
no_interact: False
avg_score: 0.6955938935279846
median_score: 0.6946549415588379
std_score: 0.01962372474372387
percentiles: 2%=0.6581162214279175, 5%=0.66550213098526, 10%=0.6696373224258423, 25%=0.6835474967956543, 50%=0.6946549415588379, 75%=0.7083439826965332, 90%=0.7197673320770264, 95%=0.7299783825874329, 98%=0.7384209036827087
ranking_best_algo: PBIL
ranking_best_score: 0.7170882103515624
ranking_my_rank: 83/504 (83.7%)
ranking_my_percent: 83.73015873015873
