ConfigName: kjsd__advperagentrankweighted__M4__L10__eps0p015__g0p0005__ds0p05__dm0p05
Problem: NK
Kernel: jsd
Advantage: peragentrankweighted
M: 4
lambda: 10
epsilon_svgd: 0.015
gamma: 0.0005
decay_start_ratio: 0.05
decay_min_factor: 0.05
bandwith_kernel: None
no_interact: False
avg_score: 0.7042356729507446
median_score: 0.7059077024459839
std_score: 0.011976871639490128
percentiles: 2%=0.6816986799240112, 5%=0.686161458492279, 10%=0.688317596912384, 25%=0.6945905685424805, 50%=0.7059077024459839, 75%=0.7145846486091614, 90%=0.7186726927757263, 95%=0.7201840877532959, 98%=0.7217168211936951
ranking_best_algo: PBIL
ranking_best_score: 0.7013553837109374
ranking_my_rank: 1/504 (100.0%)
ranking_my_percent: 100.0
