ConfigName: kjsd__advperagentrankweighted__M3__L24__eps0p005__g0p001__ds0p2__dm0p1
Problem: NK
Kernel: jsd
Advantage: peragentrankweighted
M: 3
lambda: 24
epsilon_svgd: 0.005
gamma: 0.001
decay_start_ratio: 0.2
decay_min_factor: 0.1
bandwith_kernel: None
no_interact: False
avg_score: 0.7073320150375366
median_score: 0.7098891139030457
std_score: 0.01210598275065422
percentiles: 2%=0.6875590085983276, 5%=0.6897497177124023, 10%=0.6919558048248291, 25%=0.6953893303871155, 50%=0.7098891139030457, 75%=0.7175909876823425, 90%=0.7223132252693176, 95%=0.7233482599258423, 98%=0.7247732877731323
ranking_best_algo: PBIL
ranking_best_score: 0.7013553837109374
ranking_my_rank: 1/504 (100.0%)
ranking_my_percent: 100.0
