ConfigName: kjsd__advperagentrankweighted__M5__L24__eps0p03__g0p0005__ds0p05__dm0p05
Problem: QUBO
Kernel: jsd
Advantage: peragentrankweighted
M: 5
lambda: 24
epsilon_svgd: 0.03
gamma: 0.0005
decay_start_ratio: 0.05
decay_min_factor: 0.05
bandwith_kernel: None
no_interact: False
avg_score: -1307.4200439453125
median_score: -1308.0
std_score: 50.55653762817383
percentiles: 2%=-1400.0999755859375, 5%=-1391.0999755859375, 10%=-1379.300048828125, 25%=-1347.0, 50%=-1308.0, 75%=-1269.0, 90%=-1240.5999755859375, 95%=-1225.0, 98%=-1218.9599609375
ranking_best_algo: BigLognormalDiscreteOnePlusOne
ranking_best_score: 1301.3600000000004
ranking_my_rank: 1/504 (100.0%)
ranking_my_percent: 100.0
