ConfigName: krbf__advnormalizedfitness__M3__L10__eps0p033__g0p007__ds0p3__dm0p3
Problem: QUBO
Kernel: rbf
Advantage: normalizedfitness
M: 3
lambda: 10
epsilon_svgd: 0.033
gamma: 0.007
decay_start_ratio: 0.3
decay_min_factor: 0.3
bandwith_kernel: None
no_interact: False
avg_score: -1187.0400390625
median_score: -1179.5
std_score: 65.50128936767578
percentiles: 2%=-1341.4000244140625, 5%=-1312.0999755859375, 10%=-1273.199951171875, 25%=-1222.5, 50%=-1179.5, 75%=-1140.75, 90%=-1109.0, 95%=-1094.8499755859375, 98%=-1081.699951171875
ranking_best_algo: Tabu
ranking_best_score: 1216.16
ranking_my_rank: 64/504 (87.5%)
ranking_my_percent: 87.5
