ConfigName: kjsd__advperagentrankweighted__M3__L16__eps0p01__g0p001__ds0p1__dm0p05
Problem: NK
Kernel: jsd
Advantage: peragentrankweighted
M: 3
lambda: 16
epsilon_svgd: 0.01
gamma: 0.001
decay_start_ratio: 0.1
decay_min_factor: 0.05
bandwith_kernel: None
no_interact: False
avg_score: 0.7114526629447937
median_score: 0.7000259160995483
std_score: 0.031306590884923935
percentiles: 2%=0.6744096279144287, 5%=0.6751645803451538, 10%=0.6781495213508606, 25%=0.6824496388435364, 50%=0.7000259160995483, 75%=0.746583104133606, 90%=0.7528653740882874, 95%=0.7613165378570557, 98%=0.7613165378570557
ranking_best_algo: CMApara
ranking_best_score: 0.7118996098437498
ranking_my_rank: 2/504 (99.8%)
ranking_my_percent: 99.8015873015873
