ConfigName: krbf__advnormalizedfitness__M5__L24__eps0p03__g0p005__ds0p05__dm0p05
Problem: NK
Kernel: rbf
Advantage: normalizedfitness
M: 5
lambda: 24
epsilon_svgd: 0.03
gamma: 0.005
decay_start_ratio: 0.05
decay_min_factor: 0.05
bandwith_kernel: None
no_interact: False
avg_score: 0.7232835292816162
median_score: 0.723534882068634
std_score: 0.021123215556144714
percentiles: 2%=0.6793278455734253, 5%=0.685664176940918, 10%=0.6977524161338806, 25%=0.7077435255050659, 50%=0.723534882068634, 75%=0.7375621795654297, 90%=0.7512675523757935, 95%=0.7579938769340515, 98%=0.7655927538871765
ranking_best_algo: Tabu
ranking_best_score: 0.7470791764843752
ranking_my_rank: 136/504 (73.2%)
ranking_my_percent: 73.21428571428571
