ConfigName: kjsd__advperagentrankweighted__M3__L16__eps0p007__g0p0005__ds0p2__dm0p05
Problem: NK
Kernel: jsd
Advantage: peragentrankweighted
M: 3
lambda: 16
epsilon_svgd: 0.007
gamma: 0.0005
decay_start_ratio: 0.2
decay_min_factor: 0.05
bandwith_kernel: None
no_interact: False
avg_score: 0.721526563167572
median_score: 0.7211171984672546
std_score: 0.007121427915990353
percentiles: 2%=0.707871675491333, 5%=0.7119432091712952, 10%=0.712860643863678, 25%=0.716650664806366, 50%=0.7211171984672546, 75%=0.7258368730545044, 90%=0.7313399314880371, 95%=0.7336366176605225, 98%=0.737784206867218
ranking_best_algo: PBIL
ranking_best_score: 0.7170882103515624
ranking_my_rank: 1/504 (100.0%)
ranking_my_percent: 100.0
