ConfigName: krbf__advnormalizedfitness__M4__L8__eps0p015__g0p005__ds0p01__dm0p01
Problem: QUBO
Kernel: rbf
Advantage: normalizedfitness
M: 4
lambda: 8
epsilon_svgd: 0.015
gamma: 0.005
decay_start_ratio: 0.01
decay_min_factor: 0.01
bandwith_kernel: None
no_interact: False
avg_score: -1177.1800537109375
median_score: -1174.0
std_score: 78.51870727539062
percentiles: 2%=-1315.1600341796875, 5%=-1298.3499755859375, 10%=-1280.0, 25%=-1235.5, 50%=-1174.0, 75%=-1125.25, 90%=-1068.199951171875, 95%=-1038.800048828125, 98%=-1029.5799560546875
ranking_best_algo: SVMMetaModelLogNormal
ranking_best_score: 1233.7999999999997
ranking_my_rank: 72/504 (85.9%)
ranking_my_percent: 85.91269841269842
