ConfigName: krbf__advnormalizedfitness__M3__L10__eps0p025__g0p015__ds0p3__dm0p01
Problem: NK
Kernel: rbf
Advantage: normalizedfitness
M: 3
lambda: 10
epsilon_svgd: 0.025
gamma: 0.015
decay_start_ratio: 0.3
decay_min_factor: 0.01
bandwith_kernel: None
no_interact: False
avg_score: 0.7451411485671997
median_score: 0.7410993576049805
std_score: 0.027928760275244713
percentiles: 2%=0.7028170824050903, 5%=0.708615243434906, 10%=0.7117050886154175, 25%=0.7242249250411987, 50%=0.7410993576049805, 75%=0.7580187320709229, 90%=0.778337299823761, 95%=0.8047307133674622, 98%=0.8118547797203064
ranking_best_algo: CMApara
ranking_best_score: 0.7459277895312499
ranking_my_rank: 2/504 (99.8%)
ranking_my_percent: 99.8015873015873
