ConfigName: kjsd__advperagentrankweighted__M3__L18__eps0p005__g0p0007__ds0p05__dm0p05
Problem: NK
Kernel: jsd
Advantage: peragentrankweighted
M: 3
lambda: 18
epsilon_svgd: 0.005
gamma: 0.0007
decay_start_ratio: 0.05
decay_min_factor: 0.05
bandwith_kernel: None
no_interact: False
avg_score: 0.7564268708229065
median_score: 0.7544528841972351
std_score: 0.012273942120373249
percentiles: 2%=0.7373524308204651, 5%=0.7391775250434875, 10%=0.7402172088623047, 25%=0.7477092742919922, 50%=0.7544528841972351, 75%=0.7631984353065491, 90%=0.775539219379425, 95%=0.7799211144447327, 98%=0.7817491292953491
ranking_best_algo: Tabu
ranking_best_score: 0.7470791764843752
ranking_my_rank: 1/504 (100.0%)
ranking_my_percent: 100.0
