ConfigName: kjsd__advperagentrankweighted__M3__L20__eps0p005__g0p003__ds0p05__dm0p05
Problem: QUBO
Kernel: jsd
Advantage: peragentrankweighted
M: 3
lambda: 20
epsilon_svgd: 0.005
gamma: 0.003
decay_start_ratio: 0.05
decay_min_factor: 0.05
bandwith_kernel: None
no_interact: False
avg_score: -1063.52001953125
median_score: -1056.0
std_score: 71.24149322509766
percentiles: 2%=-1206.3199462890625, 5%=-1193.1500244140625, 10%=-1164.0999755859375, 25%=-1106.0, 50%=-1056.0, 75%=-1007.75, 90%=-974.5999755859375, 95%=-950.7999877929688, 98%=-938.9600219726562
ranking_best_algo: SVMMetaModelLogNormal
ranking_best_score: 1233.7999999999997
ranking_my_rank: 190/504 (62.5%)
ranking_my_percent: 62.5
