ConfigName: kjsd__advperagentrankweighted__M4__L24__eps0p005__g0p0003__ds0p05__dm0p05
Problem: NK
Kernel: jsd
Advantage: peragentrankweighted
M: 4
lambda: 24
epsilon_svgd: 0.005
gamma: 0.0003
decay_start_ratio: 0.05
decay_min_factor: 0.05
bandwith_kernel: None
no_interact: False
avg_score: 0.7490050792694092
median_score: 0.7481098175048828
std_score: 0.009311149828135967
percentiles: 2%=0.7308899164199829, 5%=0.7330319881439209, 10%=0.7380570769309998, 25%=0.7426024675369263, 50%=0.7481098175048828, 75%=0.7564241886138916, 90%=0.7596837878227234, 95%=0.7645443677902222, 98%=0.7661479115486145
ranking_best_algo: PBIL
ranking_best_score: 0.733570253046875
ranking_my_rank: 1/504 (100.0%)
ranking_my_percent: 100.0
