ConfigName: kjsd__advperagentrankweighted__M5__L8__eps0p03__g0p0003__ds0p2__dm0p05
Problem: QUBO
Kernel: jsd
Advantage: peragentrankweighted
M: 5
lambda: 8
epsilon_svgd: 0.03
gamma: 0.0003
decay_start_ratio: 0.2
decay_min_factor: 0.05
bandwith_kernel: None
no_interact: False
avg_score: -872.6599731445312
median_score: -864.0
std_score: 60.97921371459961
percentiles: 2%=-1000.1799926757812, 5%=-981.75, 10%=-959.2000122070312, 25%=-906.0, 50%=-864.0, 75%=-825.0, 90%=-801.0, 95%=-786.9500122070312, 98%=-770.5
ranking_best_algo: CMAL3
ranking_best_score: 928.5800000000002
ranking_my_rank: 137/504 (73.0%)
ranking_my_percent: 73.01587301587301
