ConfigName: kjsd__advperagentrankweighted__M5__L8__eps0p005__g0p003__ds0p05__dm0p05
Problem: QUBO
Kernel: jsd
Advantage: peragentrankweighted
M: 5
lambda: 8
epsilon_svgd: 0.005
gamma: 0.003
decay_start_ratio: 0.05
decay_min_factor: 0.05
bandwith_kernel: None
no_interact: False
avg_score: -201.33999633789062
median_score: -201.0
std_score: 12.043438911437988
percentiles: 2%=-224.0, 5%=-224.0, 10%=-217.0, 25%=-211.0, 50%=-201.0, 75%=-192.75, 90%=-186.0, 95%=-183.0, 98%=-176.97999572753906
ranking_best_algo: Tabu
ranking_best_score: 208.36000000000004
ranking_my_rank: 40/504 (92.3%)
ranking_my_percent: 92.26190476190476
