ConfigName: kjsd__advperagentrankweighted__M5__L8__eps0p01__g0p0003__ds0p4__dm0p05
Problem: QUBO
Kernel: jsd
Advantage: peragentrankweighted
M: 5
lambda: 8
epsilon_svgd: 0.01
gamma: 0.0003
decay_start_ratio: 0.4
decay_min_factor: 0.05
bandwith_kernel: None
no_interact: False
avg_score: -905.780029296875
median_score: -895.5
std_score: 63.158939361572266
percentiles: 2%=-1036.0400390625, 5%=-1012.6500244140625, 10%=-997.2000122070312, 25%=-944.0, 50%=-895.5, 75%=-863.0, 90%=-828.7999877929688, 95%=-806.5999755859375, 98%=-789.9400024414062
ranking_best_algo: CMAL3
ranking_best_score: 928.5800000000002
ranking_my_rank: 62/504 (87.9%)
ranking_my_percent: 87.89682539682539
