ConfigName: kjsd__advperagentrankweighted__M6__L8__eps0p02__g0p0003__ds0p2__dm0p05
Problem: QUBO
Kernel: jsd
Advantage: peragentrankweighted
M: 6
lambda: 8
epsilon_svgd: 0.02
gamma: 0.0003
decay_start_ratio: 0.2
decay_min_factor: 0.05
bandwith_kernel: None
no_interact: False
avg_score: -1168.760009765625
median_score: -1157.0
std_score: 60.941959381103516
percentiles: 2%=-1319.199951171875, 5%=-1281.0999755859375, 10%=-1250.300048828125, 25%=-1204.0, 50%=-1157.0, 75%=-1131.5, 90%=-1090.0, 95%=-1083.0, 98%=-1078.3599853515625
ranking_best_algo: Tabu
ranking_best_score: 1216.16
ranking_my_rank: 92/504 (81.9%)
ranking_my_percent: 81.94444444444444
