ConfigName: kjsd__advperagentrankweighted__M3__L16__eps0p01__g0p001__ds0p1__dm0p1
Problem: NK
Kernel: jsd
Advantage: peragentrankweighted
M: 3
lambda: 16
epsilon_svgd: 0.01
gamma: 0.001
decay_start_ratio: 0.1
decay_min_factor: 0.1
bandwith_kernel: None
no_interact: False
avg_score: 0.7345809936523438
median_score: 0.7336415648460388
std_score: 0.009727994911372662
percentiles: 2%=0.7172874808311462, 5%=0.7195322513580322, 10%=0.723209023475647, 25%=0.7285668849945068, 50%=0.7336415648460388, 75%=0.7404770851135254, 90%=0.7479553818702698, 95%=0.7504459619522095, 98%=0.7570737600326538
ranking_best_algo: Tabu
ranking_best_score: 0.7429702712499999
ranking_my_rank: 2/504 (99.8%)
ranking_my_percent: 99.8015873015873
