ConfigName: krbf__advnormalizedfitness__M4__L15__eps0p025__g0p015__ds0p01__dm0p01
Problem: QUBO
Kernel: rbf
Advantage: normalizedfitness
M: 4
lambda: 15
epsilon_svgd: 0.025
gamma: 0.015
decay_start_ratio: 0.01
decay_min_factor: 0.01
bandwith_kernel: None
no_interact: False
avg_score: -902.280029296875
median_score: -898.5
std_score: 79.93360900878906
percentiles: 2%=-1069.0400390625, 5%=-1052.1500244140625, 10%=-1016.3999633789062, 25%=-958.75, 50%=-898.5, 75%=-843.75, 90%=-800.4000244140625, 95%=-774.9500122070312, 98%=-768.7999267578125
ranking_best_algo: SVMMetaModelLogNormal
ranking_best_score: 1233.7999999999997
ranking_my_rank: 317/504 (37.3%)
ranking_my_percent: 37.301587301587304
