ConfigName: krbf__advnormalizedfitness__M4__L15__eps0p01__g0p0005__ds0p05__dm0p05
Problem: QUBO
Kernel: rbf
Advantage: normalizedfitness
M: 4
lambda: 15
epsilon_svgd: 0.01
gamma: 0.0005
decay_start_ratio: 0.05
decay_min_factor: 0.05
bandwith_kernel: None
no_interact: False
avg_score: -137.5
median_score: -139.0
std_score: 12.497599601745605
percentiles: 2%=-159.0, 5%=-158.0, 10%=-154.10000610351562, 25%=-146.0, 50%=-139.0, 75%=-128.0, 90%=-120.9000015258789, 95%=-118.94999694824219, 98%=-108.95999908447266
ranking_best_algo: DiscreteDE
ranking_best_score: 143.4
ranking_my_rank: 126/504 (75.2%)
ranking_my_percent: 75.1984126984127
