ConfigName: krbf__advnormalizedfitness__M2__L10__eps0p025__g0p007__ds0p3__dm0p3
Problem: QUBO
Kernel: rbf
Advantage: normalizedfitness
M: 2
lambda: 10
epsilon_svgd: 0.025
gamma: 0.007
decay_start_ratio: 0.3
decay_min_factor: 0.3
bandwith_kernel: None
no_interact: False
avg_score: -1229.3800048828125
median_score: -1230.5
std_score: 57.66069030761719
percentiles: 2%=-1351.52001953125, 5%=-1331.6500244140625, 10%=-1303.300048828125, 25%=-1256.0, 50%=-1230.5, 75%=-1194.0, 90%=-1151.0, 95%=-1142.5999755859375, 98%=-1128.9200439453125
ranking_best_algo: SVMMetaModelLogNormal
ranking_best_score: 1233.7999999999997
ranking_my_rank: 12/504 (97.8%)
ranking_my_percent: 97.81746031746032
