ConfigName: kjsd__advperagentrankweighted__M4__L30__eps0p005__g0p0005__ds0p2__dm0p05
Problem: NK
Kernel: jsd
Advantage: peragentrankweighted
M: 4
lambda: 30
epsilon_svgd: 0.005
gamma: 0.0005
decay_start_ratio: 0.2
decay_min_factor: 0.05
bandwith_kernel: None
no_interact: False
avg_score: 0.7544475793838501
median_score: 0.7562676668167114
std_score: 0.014331133104860783
percentiles: 2%=0.7243472933769226, 5%=0.7277383208274841, 10%=0.7367569804191589, 25%=0.7452808022499084, 50%=0.7562676668167114, 75%=0.7653167843818665, 90%=0.7719722986221313, 95%=0.7755510210990906, 98%=0.7795937061309814
ranking_best_algo: Tabu
ranking_best_score: 0.7657846284375001
ranking_my_rank: 7/504 (98.8%)
ranking_my_percent: 98.80952380952381
