ConfigName: krbf__advnormalizedfitness__M4__L12__eps0p025__g0p01__ds0p3__dm0p01
Problem: NK
Kernel: rbf
Advantage: normalizedfitness
M: 4
lambda: 12
epsilon_svgd: 0.025
gamma: 0.01
decay_start_ratio: 0.3
decay_min_factor: 0.01
bandwith_kernel: None
no_interact: False
avg_score: 0.7151072025299072
median_score: 0.7162480354309082
std_score: 0.010698198340833187
percentiles: 2%=0.6911916732788086, 5%=0.6944298148155212, 10%=0.7009198665618896, 25%=0.7079589366912842, 50%=0.7162480354309082, 75%=0.7232341766357422, 90%=0.728217363357544, 95%=0.7294548153877258, 98%=0.7314119338989258
ranking_best_algo: PBIL
ranking_best_score: 0.7248786399609374
ranking_my_rank: 51/504 (90.1%)
ranking_my_percent: 90.07936507936508
