ConfigName: kjsd__advperagentrankweighted__M3__L30__eps0p007__g0p0005__ds0p05__dm0p05
Problem: QUBO
Kernel: jsd
Advantage: peragentrankweighted
M: 3
lambda: 30
epsilon_svgd: 0.007
gamma: 0.0005
decay_start_ratio: 0.05
decay_min_factor: 0.05
bandwith_kernel: None
no_interact: False
avg_score: -3285.10009765625
median_score: -3291.0
std_score: 114.0667724609375
percentiles: 2%=-3495.3798828125, 5%=-3482.25, 10%=-3439.39990234375, 25%=-3358.25, 50%=-3291.0, 75%=-3206.5, 90%=-3136.699951171875, 95%=-3081.85009765625, 98%=-3073.280029296875
ranking_best_algo: RLSOnePlusOne
ranking_best_score: 3316.5199999999995
ranking_my_rank: 3/504 (99.6%)
ranking_my_percent: 99.60317460317461
