ConfigName: krbf__advnormalizedfitness__M2__L10__eps0p033__g0p007__ds0p01__dm0p01
Problem: QUBO
Kernel: rbf
Advantage: normalizedfitness
M: 2
lambda: 10
epsilon_svgd: 0.033
gamma: 0.007
decay_start_ratio: 0.01
decay_min_factor: 0.01
bandwith_kernel: None
no_interact: False
avg_score: -573.260009765625
median_score: -572.5
std_score: 30.268339157104492
percentiles: 2%=-629.0399780273438, 5%=-621.4000244140625, 10%=-617.2000122070312, 25%=-593.0, 50%=-572.5, 75%=-552.0, 90%=-535.7000122070312, 95%=-526.9000244140625, 98%=-515.97998046875
ranking_best_algo: Tabu
ranking_best_score: 588.7199999999999
ranking_my_rank: 61/503 (88.1%)
ranking_my_percent: 88.07157057654075
