ConfigName: kfr__advglobalrankweighted__M6__L8__eps0p01__g0p005__ds0p01__dm0p01
Problem: QUBO
Kernel: fr
Advantage: globalrankweighted
M: 6
lambda: 8
epsilon_svgd: 0.01
gamma: 0.005
decay_start_ratio: 0.01
decay_min_factor: 0.01
bandwith_kernel: None
no_interact: False
avg_score: -2205.47998046875
median_score: -2215.5
std_score: 151.73770141601562
percentiles: 2%=-2486.47998046875, 5%=-2440.0, 10%=-2405.10009765625, 25%=-2313.0, 50%=-2215.5, 75%=-2095.5, 90%=-1993.800048828125, 95%=-1956.75, 98%=-1942.1396484375
ranking_best_algo: DiscreteLengler2OnePlusOne
ranking_best_score: 2617.04
ranking_my_rank: 209/504 (58.7%)
ranking_my_percent: 58.73015873015873
