ConfigName: krbf__advnormalizedfitness__M4__L15__eps0p015__g0p01__ds0p01__dm0p3
Problem: NK
Kernel: rbf
Advantage: normalizedfitness
M: 4
lambda: 15
epsilon_svgd: 0.015
gamma: 0.01
decay_start_ratio: 0.01
decay_min_factor: 0.3
bandwith_kernel: None
no_interact: False
avg_score: 0.6382764577865601
median_score: 0.6355912685394287
std_score: 0.01451892126351595
percentiles: 2%=0.6163352131843567, 5%=0.6182414889335632, 10%=0.6203135251998901, 25%=0.6275420188903809, 50%=0.6355912685394287, 75%=0.6476563811302185, 90%=0.6565305590629578, 95%=0.6653631329536438, 98%=0.6702464818954468
ranking_best_algo: Tabu
ranking_best_score: 0.7470791764843752
ranking_my_rank: 368/504 (27.2%)
ranking_my_percent: 27.182539682539684
