ConfigName: krbf__advnormalizedfitness__M3__L8__eps0p015__g0p015__ds0p3__dm0p3
Problem: NK
Kernel: rbf
Advantage: normalizedfitness
M: 3
lambda: 8
epsilon_svgd: 0.015
gamma: 0.015
decay_start_ratio: 0.3
decay_min_factor: 0.3
bandwith_kernel: None
no_interact: False
avg_score: 0.6955047845840454
median_score: 0.692448616027832
std_score: 0.020357003435492516
percentiles: 2%=0.6615002751350403, 5%=0.6651394367218018, 10%=0.6700008511543274, 25%=0.6814877986907959, 50%=0.692448616027832, 75%=0.7131712436676025, 90%=0.7230255603790283, 95%=0.7292727828025818, 98%=0.7341361045837402
ranking_best_algo: Tabu
ranking_best_score: 0.7470791764843752
ranking_my_rank: 299/504 (40.9%)
ranking_my_percent: 40.87301587301587
