ConfigName: kjsd__advperagentrankweighted__M5__L8__eps0p005__g0p0005__ds0p2__dm0p05
Problem: NK
Kernel: jsd
Advantage: peragentrankweighted
M: 5
lambda: 8
epsilon_svgd: 0.005
gamma: 0.0005
decay_start_ratio: 0.2
decay_min_factor: 0.05
bandwith_kernel: None
no_interact: False
avg_score: 0.713239848613739
median_score: 0.713275134563446
std_score: 0.008008859120309353
percentiles: 2%=0.698565661907196, 5%=0.7015066146850586, 10%=0.7034342885017395, 25%=0.7073715925216675, 50%=0.713275134563446, 75%=0.7191677093505859, 90%=0.7251923084259033, 95%=0.7260036468505859, 98%=0.7292689085006714
ranking_best_algo: PBIL
ranking_best_score: 0.7170882103515624
ranking_my_rank: 42/504 (91.9%)
ranking_my_percent: 91.86507936507937
