ConfigName: kjsd__advperagentrankweighted__M3__L16__eps0p007__g0p003__ds0p1__dm0p1
Problem: QUBO
Kernel: jsd
Advantage: peragentrankweighted
M: 3
lambda: 16
epsilon_svgd: 0.007
gamma: 0.003
decay_start_ratio: 0.1
decay_min_factor: 0.1
bandwith_kernel: None
no_interact: False
avg_score: -330.29998779296875
median_score: -335.0
std_score: 22.851476669311523
percentiles: 2%=-372.0, 5%=-361.0, 10%=-350.3999938964844, 25%=-346.0, 50%=-335.0, 75%=-321.5, 90%=-297.79998779296875, 95%=-283.79998779296875, 98%=-279.9200134277344
ranking_best_algo: CMApara
ranking_best_score: 344.22
ranking_my_rank: 79/504 (84.5%)
ranking_my_percent: 84.52380952380952
