ConfigName: kjsd__advperagentrankweighted__M3__L18__eps0p007__g0p0005__ds0p05__dm0p2
Problem: NK
Kernel: jsd
Advantage: peragentrankweighted
M: 3
lambda: 18
epsilon_svgd: 0.007
gamma: 0.0005
decay_start_ratio: 0.05
decay_min_factor: 0.2
bandwith_kernel: None
no_interact: False
avg_score: 0.7399057149887085
median_score: 0.7409971952438354
std_score: 0.015278283506631851
percentiles: 2%=0.7051372528076172, 5%=0.7158525586128235, 10%=0.7182887196540833, 25%=0.7310362458229065, 50%=0.7409971952438354, 75%=0.7492277026176453, 90%=0.7585585713386536, 95%=0.7622248530387878, 98%=0.7664902210235596
ranking_best_algo: Tabu
ranking_best_score: 0.7601875690625
ranking_my_rank: 15/504 (97.2%)
ranking_my_percent: 97.22222222222223
