ConfigName: krbf__advnormalizedfitness__M4__L12__eps0p025__g0p015__ds0p3__dm0p01
Problem: QUBO
Kernel: rbf
Advantage: normalizedfitness
M: 4
lambda: 12
epsilon_svgd: 0.025
gamma: 0.015
decay_start_ratio: 0.3
decay_min_factor: 0.01
bandwith_kernel: None
no_interact: False
avg_score: -195.47999572753906
median_score: -197.0
std_score: 13.04030704498291
percentiles: 2%=-224.0, 5%=-217.14999389648438, 10%=-213.0, 25%=-203.0, 50%=-197.0, 75%=-186.75, 90%=-178.0, 95%=-172.95001220703125, 98%=-168.95999145507812
ranking_best_algo: Tabu
ranking_best_score: 208.36000000000004
ranking_my_rank: 209/504 (58.7%)
ranking_my_percent: 58.73015873015873
