ConfigName: krbf__advnormalizedfitness__M4__L12__eps0p033__g0p007__ds0p3__dm0p01
Problem: NK
Kernel: rbf
Advantage: normalizedfitness
M: 4
lambda: 12
epsilon_svgd: 0.033
gamma: 0.007
decay_start_ratio: 0.3
decay_min_factor: 0.01
bandwith_kernel: None
no_interact: False
avg_score: 0.7106775045394897
median_score: 0.7112699747085571
std_score: 0.015287428162992
percentiles: 2%=0.6723342537879944, 5%=0.6735519170761108, 10%=0.6962886452674866, 25%=0.7080350518226624, 50%=0.7112699747085571, 75%=0.7201327085494995, 90%=0.7253866195678711, 95%=0.7329382300376892, 98%=0.7333279252052307
ranking_best_algo: CMApara
ranking_best_score: 0.707475975
ranking_my_rank: 1/504 (100.0%)
ranking_my_percent: 100.0
