ConfigName: krbf__advnormalizedfitness__M4__L10__eps0p025__g0p007__ds0p3__dm0p3
Problem: QUBO
Kernel: rbf
Advantage: normalizedfitness
M: 4
lambda: 10
epsilon_svgd: 0.025
gamma: 0.007
decay_start_ratio: 0.3
decay_min_factor: 0.3
bandwith_kernel: None
no_interact: False
avg_score: -331.94000244140625
median_score: -334.0
std_score: 18.27228546142578
percentiles: 2%=-370.0400085449219, 5%=-354.1499938964844, 10%=-350.0, 25%=-343.0, 50%=-334.0, 75%=-322.0, 90%=-307.79998779296875, 95%=-297.70001220703125, 98%=-289.8399658203125
ranking_best_algo: CMApara
ranking_best_score: 344.22
ranking_my_rank: 76/504 (85.1%)
ranking_my_percent: 85.11904761904762
