ConfigName: kjsd__advperagentrankweighted__M4__L12__eps0p005__g0p0007__ds0p1__dm0p05
Problem: QUBO
Kernel: jsd
Advantage: peragentrankweighted
M: 4
lambda: 12
epsilon_svgd: 0.005
gamma: 0.0007
decay_start_ratio: 0.1
decay_min_factor: 0.05
bandwith_kernel: None
no_interact: False
avg_score: -1302.02001953125
median_score: -1301.0
std_score: 58.06737518310547
percentiles: 2%=-1419.02001953125, 5%=-1413.0, 10%=-1380.5, 25%=-1338.0, 50%=-1301.0, 75%=-1261.75, 90%=-1234.800048828125, 95%=-1216.199951171875, 98%=-1182.97998046875
ranking_best_algo: BigLognormalDiscreteOnePlusOne
ranking_best_score: 1301.3600000000004
ranking_my_rank: 1/504 (100.0%)
ranking_my_percent: 100.0
