ConfigName: kjsd__advperagentrankweighted__M6__L20__eps0p005__g0p0005__ds0p1__dm0p2
Problem: QUBO
Kernel: jsd
Advantage: peragentrankweighted
M: 6
lambda: 20
epsilon_svgd: 0.005
gamma: 0.0005
decay_start_ratio: 0.1
decay_min_factor: 0.2
bandwith_kernel: None
no_interact: False
avg_score: -438.260009765625
median_score: -437.0
std_score: 24.30992317199707
percentiles: 2%=-485.0799865722656, 5%=-477.0, 10%=-471.0, 25%=-458.0, 50%=-437.0, 75%=-418.5, 90%=-407.8999938964844, 95%=-403.0, 98%=-397.79998779296875
ranking_best_algo: CMApara
ranking_best_score: 453.82
ranking_my_rank: 21/504 (96.0%)
ranking_my_percent: 96.03174603174604
