ConfigName: kjsd__advperagentrankweighted__M4__L24__eps0p005__g0p0005__ds0p2__dm0p05
Problem: QUBO
Kernel: jsd
Advantage: peragentrankweighted
M: 4
lambda: 24
epsilon_svgd: 0.005
gamma: 0.0005
decay_start_ratio: 0.2
decay_min_factor: 0.05
bandwith_kernel: None
no_interact: False
avg_score: -418.2200012207031
median_score: -418.0
std_score: 25.614675521850586
percentiles: 2%=-459.2799987792969, 5%=-457.0, 10%=-452.0, 25%=-439.5, 50%=-418.0, 75%=-404.0, 90%=-383.79998779296875, 95%=-375.79998779296875, 98%=-369.8800048828125
ranking_best_algo: Tabu
ranking_best_score: 438.12
ranking_my_rank: 40/504 (92.3%)
ranking_my_percent: 92.26190476190476
