ConfigName: kfr__advglobalrankweighted__M5__L11__eps0p015__g0p007__ds0p01__dm0p01
Problem: QUBO
Kernel: fr
Advantage: globalrankweighted
M: 5
lambda: 11
epsilon_svgd: 0.015
gamma: 0.007
decay_start_ratio: 0.01
decay_min_factor: 0.01
bandwith_kernel: None
no_interact: False
avg_score: -1144.6600341796875
median_score: -1140.5
std_score: 74.0960464477539
percentiles: 2%=-1347.0, 5%=-1299.800048828125, 10%=-1227.199951171875, 25%=-1181.5, 50%=-1140.5, 75%=-1092.75, 90%=-1052.699951171875, 95%=-1036.949951171875, 98%=-1033.719970703125
ranking_best_algo: Tabu
ranking_best_score: 1216.16
ranking_my_rank: 151/504 (70.2%)
ranking_my_percent: 70.23809523809524
