ConfigName: kjsd__advperagentrankweighted__M4__L20__eps0p007__g0p0005__ds0p2__dm0p2
Problem: QUBO
Kernel: jsd
Advantage: peragentrankweighted
M: 4
lambda: 20
epsilon_svgd: 0.007
gamma: 0.0005
decay_start_ratio: 0.2
decay_min_factor: 0.2
bandwith_kernel: None
no_interact: False
avg_score: -3281.56005859375
median_score: -3270.0
std_score: 121.0709228515625
percentiles: 2%=-3551.97998046875, 5%=-3487.050048828125, 10%=-3450.89990234375, 25%=-3346.5, 50%=-3270.0, 75%=-3195.5, 90%=-3160.39990234375, 95%=-3103.64990234375, 98%=-3093.800048828125
ranking_best_algo: RLSOnePlusOne
ranking_best_score: 3316.5199999999995
ranking_my_rank: 3/504 (99.6%)
ranking_my_percent: 99.60317460317461
