ConfigName: kjsd__advperagentrankweighted__M4__L24__eps0p02__g0p0005__ds0p05__dm0p05
Problem: QUBO
Kernel: jsd
Advantage: peragentrankweighted
M: 4
lambda: 24
epsilon_svgd: 0.02
gamma: 0.0005
decay_start_ratio: 0.05
decay_min_factor: 0.05
bandwith_kernel: None
no_interact: False
avg_score: -310.5
median_score: -310.0
std_score: 37.629112243652344
percentiles: 2%=-392.0, 5%=-388.1000061035156, 10%=-356.3999938964844, 25%=-334.0, 50%=-310.0, 75%=-277.0, 90%=-266.0, 95%=-264.8500061035156, 98%=-259.8800048828125
ranking_best_algo: CMApara
ranking_best_score: 319.29999999999995
ranking_my_rank: 58/504 (88.7%)
ranking_my_percent: 88.69047619047619
