ConfigName: kjsd__advperagentrankweighted__M4__L12__eps0p005__g0p001__ds0p05__dm0p2
Problem: NK
Kernel: jsd
Advantage: peragentrankweighted
M: 4
lambda: 12
epsilon_svgd: 0.005
gamma: 0.001
decay_start_ratio: 0.05
decay_min_factor: 0.2
bandwith_kernel: None
no_interact: False
avg_score: 0.7560051083564758
median_score: 0.755943238735199
std_score: 0.01337592676281929
percentiles: 2%=0.7291907072067261, 5%=0.73420649766922, 10%=0.7380768060684204, 25%=0.7468948364257812, 50%=0.755943238735199, 75%=0.766004204750061, 90%=0.7741420865058899, 95%=0.777508556842804, 98%=0.7801485061645508
ranking_best_algo: Tabu
ranking_best_score: 0.7470791764843752
ranking_my_rank: 1/504 (100.0%)
ranking_my_percent: 100.0
