ConfigName: krbf__advnormalizedfitness__M3__L12__eps0p025__g0p005__ds0p01__dm0p3
Problem: QUBO
Kernel: rbf
Advantage: normalizedfitness
M: 3
lambda: 12
epsilon_svgd: 0.025
gamma: 0.005
decay_start_ratio: 0.01
decay_min_factor: 0.3
bandwith_kernel: None
no_interact: False
avg_score: -326.8999938964844
median_score: -333.0
std_score: 22.067848205566406
percentiles: 2%=-370.0400085449219, 5%=-354.0, 10%=-350.0, 25%=-342.0, 50%=-333.0, 75%=-315.5, 90%=-295.0, 95%=-286.95001220703125, 98%=-279.7199401855469
ranking_best_algo: CMApara
ranking_best_score: 344.22
ranking_my_rank: 111/504 (78.2%)
ranking_my_percent: 78.17460317460318
