ConfigName: kjsd__advperagentrankweighted__M4__L10__eps0p03__g0p0007__ds0p05__dm0p05
Problem: NK
Kernel: jsd
Advantage: peragentrankweighted
M: 4
lambda: 10
epsilon_svgd: 0.03
gamma: 0.0007
decay_start_ratio: 0.05
decay_min_factor: 0.05
bandwith_kernel: None
no_interact: False
avg_score: 0.7033950090408325
median_score: 0.7030735611915588
std_score: 0.011266323737800121
percentiles: 2%=0.6855423450469971, 5%=0.6870592832565308, 10%=0.6885214447975159, 25%=0.6933385133743286, 50%=0.7030735611915588, 75%=0.7140510678291321, 90%=0.7169160842895508, 95%=0.71826171875, 98%=0.7205893397331238
ranking_best_algo: PBIL
ranking_best_score: 0.7013553837109374
ranking_my_rank: 1/504 (100.0%)
ranking_my_percent: 100.0
