ConfigName: krbf__advnormalizedfitness__M4__L8__eps0p015__g0p015__ds0p01__dm0p01
Problem: QUBO
Kernel: rbf
Advantage: normalizedfitness
M: 4
lambda: 8
epsilon_svgd: 0.015
gamma: 0.015
decay_start_ratio: 0.01
decay_min_factor: 0.01
bandwith_kernel: None
no_interact: False
avg_score: -306.79998779296875
median_score: -307.0
std_score: 39.90839767456055
percentiles: 2%=-392.0400085449219, 5%=-388.1000061035156, 10%=-356.20001220703125, 25%=-336.0, 50%=-307.0, 75%=-269.5, 90%=-260.0, 95%=-256.9000244140625, 98%=-249.87997436523438
ranking_best_algo: CMApara
ranking_best_score: 319.29999999999995
ranking_my_rank: 112/504 (78.0%)
ranking_my_percent: 77.97619047619048
