ConfigName: kjsd__advperagentrankweighted__M3__L24__eps0p005__g0p0005__ds0p05__dm0p05
Problem: QUBO
Kernel: jsd
Advantage: peragentrankweighted
M: 3
lambda: 24
epsilon_svgd: 0.005
gamma: 0.0005
decay_start_ratio: 0.05
decay_min_factor: 0.05
bandwith_kernel: None
no_interact: False
avg_score: -411.6400146484375
median_score: -414.0
std_score: 26.461109161376953
percentiles: 2%=-457.1600036621094, 5%=-452.04998779296875, 10%=-447.0, 25%=-430.5, 50%=-414.0, 75%=-389.75, 90%=-377.79998779296875, 95%=-370.0, 98%=-363.9599914550781
ranking_best_algo: Tabu
ranking_best_score: 438.12
ranking_my_rank: 77/504 (84.9%)
ranking_my_percent: 84.92063492063492
