ConfigName: kjsd__advperagentrankweighted__M5__L10__eps0p03__g0p0003__ds0p05__dm0p05
Problem: NK
Kernel: jsd
Advantage: peragentrankweighted
M: 5
lambda: 10
epsilon_svgd: 0.03
gamma: 0.0003
decay_start_ratio: 0.05
decay_min_factor: 0.05
bandwith_kernel: None
no_interact: False
avg_score: 0.7083132863044739
median_score: 0.6977362632751465
std_score: 0.03206847980618477
percentiles: 2%=0.6689258217811584, 5%=0.6717114448547363, 10%=0.674167811870575, 25%=0.6788480877876282, 50%=0.6977362632751465, 75%=0.745732307434082, 90%=0.753251850605011, 95%=0.7553239464759827, 98%=0.7613165378570557
ranking_best_algo: CMApara
ranking_best_score: 0.7118996098437498
ranking_my_rank: 80/504 (84.3%)
ranking_my_percent: 84.32539682539682
