ConfigName: krbf__advnormalizedfitness__M1__L10__eps0p015__g0p01__ds0p15__dm0p01
Problem: QUBO
Kernel: rbf
Advantage: normalizedfitness
M: 1
lambda: 10
epsilon_svgd: 0.015
gamma: 0.01
decay_start_ratio: 0.15
decay_min_factor: 0.01
bandwith_kernel: None
no_interact: False
avg_score: -401.8800048828125
median_score: -400.0
std_score: 32.02476119995117
percentiles: 2%=-469.1600036621094, 5%=-453.6000061035156, 10%=-442.79998779296875, 25%=-426.0, 50%=-400.0, 75%=-378.0, 90%=-364.0, 95%=-351.9000244140625, 98%=-339.9599914550781
ranking_best_algo: Tabu
ranking_best_score: 438.12
ranking_my_rank: 224/504 (55.8%)
ranking_my_percent: 55.75396825396825
