ConfigName: kjsd__advperagentrankweighted__M3__L16__eps0p01__g0p003__ds0p1__dm0p05
Problem: QUBO
Kernel: jsd
Advantage: peragentrankweighted
M: 3
lambda: 16
epsilon_svgd: 0.01
gamma: 0.003
decay_start_ratio: 0.1
decay_min_factor: 0.05
bandwith_kernel: None
no_interact: False
avg_score: -310.760009765625
median_score: -318.0
std_score: 38.01660919189453
percentiles: 2%=-384.0400085449219, 5%=-380.0, 10%=-357.3999938964844, 25%=-338.0, 50%=-318.0, 75%=-273.0, 90%=-263.8999938964844, 95%=-261.0, 98%=-251.9600067138672
ranking_best_algo: CMApara
ranking_best_score: 319.29999999999995
ranking_my_rank: 40/504 (92.3%)
ranking_my_percent: 92.26190476190476
