ConfigName: kjsd__advperagentrankweighted__M5__L10__eps0p005__g0p0005__ds0p4__dm0p05
Problem: QUBO
Kernel: jsd
Advantage: peragentrankweighted
M: 5
lambda: 10
epsilon_svgd: 0.005
gamma: 0.0005
decay_start_ratio: 0.4
decay_min_factor: 0.05
bandwith_kernel: None
no_interact: False
avg_score: -1614.300048828125
median_score: -1607.0
std_score: 57.07722854614258
percentiles: 2%=-1720.02001953125, 5%=-1707.0999755859375, 10%=-1691.5999755859375, 25%=-1646.75, 50%=-1607.0, 75%=-1582.0, 90%=-1543.9000244140625, 95%=-1526.949951171875, 98%=-1500.8800048828125
ranking_best_algo: NLOPT_LN_PRAXIS
ranking_best_score: 1607.12
ranking_my_rank: 1/504 (100.0%)
ranking_my_percent: 100.0
