ConfigName: krbf__advnormalizedfitness__M4__L12__eps0p033__g0p005__ds0p3__dm0p01
Problem: NK
Kernel: rbf
Advantage: normalizedfitness
M: 4
lambda: 12
epsilon_svgd: 0.033
gamma: 0.005
decay_start_ratio: 0.3
decay_min_factor: 0.01
bandwith_kernel: None
no_interact: False
avg_score: 0.7551947236061096
median_score: 0.7553997039794922
std_score: 0.011964445002377033
percentiles: 2%=0.7332891225814819, 5%=0.7377786040306091, 10%=0.7408785820007324, 25%=0.7471206188201904, 50%=0.7553997039794922, 75%=0.7634295225143433, 90%=0.7706716060638428, 95%=0.7732646465301514, 98%=0.7818981409072876
ranking_best_algo: Tabu
ranking_best_score: 0.7657846284375001
ranking_my_rank: 6/504 (99.0%)
ranking_my_percent: 99.0079365079365
