ConfigName: kjsd__advperagentrankweighted__M4__L20__eps0p007__g0p0005__ds0p2__dm0p05
Problem: QUBO
Kernel: jsd
Advantage: peragentrankweighted
M: 4
lambda: 20
epsilon_svgd: 0.007
gamma: 0.0005
decay_start_ratio: 0.2
decay_min_factor: 0.05
bandwith_kernel: None
no_interact: False
avg_score: -139.3000030517578
median_score: -141.0
std_score: 11.897479057312012
percentiles: 2%=-160.02000427246094, 5%=-158.0, 10%=-154.10000610351562, 25%=-148.0, 50%=-141.0, 75%=-129.0, 90%=-125.0, 95%=-124.94999694824219, 98%=-108.95999908447266
ranking_best_algo: DiscreteDE
ranking_best_score: 143.4
ranking_my_rank: 86/504 (83.1%)
ranking_my_percent: 83.13492063492063
