ConfigName: krbf__advnormalizedfitness__M4__L10__eps0p025__g0p01__ds0p05__dm0p05
Problem: QUBO
Kernel: rbf
Advantage: normalizedfitness
M: 4
lambda: 10
epsilon_svgd: 0.025
gamma: 0.01
decay_start_ratio: 0.05
decay_min_factor: 0.05
bandwith_kernel: None
no_interact: False
avg_score: -925.3599853515625
median_score: -929.0
std_score: 73.62670135498047
percentiles: 2%=-1068.1600341796875, 5%=-1057.050048828125, 10%=-1015.2999877929688, 25%=-978.75, 50%=-929.0, 75%=-871.0, 90%=-816.7999877929688, 95%=-802.9000244140625, 98%=-796.7999877929688
ranking_best_algo: CMApara
ranking_best_score: 964.9
ranking_my_rank: 21/504 (96.0%)
ranking_my_percent: 96.03174603174604
