ConfigName: kjsd__advperagentrankweighted__M5__L10__eps0p005__g0p0005__ds0p05__dm0p2
Problem: NK
Kernel: jsd
Advantage: peragentrankweighted
M: 5
lambda: 10
epsilon_svgd: 0.005
gamma: 0.0005
decay_start_ratio: 0.05
decay_min_factor: 0.2
bandwith_kernel: None
no_interact: False
avg_score: 0.7378289699554443
median_score: 0.7391348481178284
std_score: 0.008288332261145115
percentiles: 2%=0.7209913730621338, 5%=0.7239494323730469, 10%=0.7256277799606323, 25%=0.7335339784622192, 50%=0.7391348481178284, 75%=0.7435856461524963, 90%=0.7482484579086304, 95%=0.7506893277168274, 98%=0.7528127431869507
ranking_best_algo: PBIL
ranking_best_score: 0.730509098125
ranking_my_rank: 1/504 (100.0%)
ranking_my_percent: 100.0
