ConfigName: krbf__advnormalizedfitness__M3__L15__eps0p015__g0p007__ds0p3__dm0p01
Problem: QUBO
Kernel: rbf
Advantage: normalizedfitness
M: 3
lambda: 15
epsilon_svgd: 0.015
gamma: 0.007
decay_start_ratio: 0.3
decay_min_factor: 0.01
bandwith_kernel: None
no_interact: False
avg_score: -139.9199981689453
median_score: -141.0
std_score: 10.710443496704102
percentiles: 2%=-158.0, 5%=-158.0, 10%=-155.10000610351562, 25%=-146.5, 50%=-141.0, 75%=-130.75, 90%=-127.0, 95%=-125.0, 98%=-122.97999572753906
ranking_best_algo: DiscreteDE
ranking_best_score: 143.4
ranking_my_rank: 80/504 (84.3%)
ranking_my_percent: 84.32539682539682
