ConfigName: kjsd__advperagentrankweighted__M4__L30__eps0p01__g0p0007__ds0p4__dm0p05
Problem: QUBO
Kernel: jsd
Advantage: peragentrankweighted
M: 4
lambda: 30
epsilon_svgd: 0.01
gamma: 0.0007
decay_start_ratio: 0.4
decay_min_factor: 0.05
bandwith_kernel: None
no_interact: False
avg_score: -139.66000366210938
median_score: -141.0
std_score: 11.891358375549316
percentiles: 2%=-160.0, 5%=-159.0, 10%=-156.10000610351562, 25%=-147.25, 50%=-141.0, 75%=-130.75, 90%=-127.0, 95%=-122.80000305175781, 98%=-112.95999908447266
ranking_best_algo: DiscreteDE
ranking_best_score: 143.4
ranking_my_rank: 83/504 (83.7%)
ranking_my_percent: 83.73015873015873
