ConfigName: krbf__advnormalizedfitness__M3__L15__eps0p015__g0p015__ds0p01__dm0p01
Problem: QUBO
Kernel: rbf
Advantage: normalizedfitness
M: 3
lambda: 15
epsilon_svgd: 0.015
gamma: 0.015
decay_start_ratio: 0.01
decay_min_factor: 0.01
bandwith_kernel: None
no_interact: False
avg_score: -2137.780029296875
median_score: -2101.0
std_score: 247.2388153076172
percentiles: 2%=-2665.56005859375, 5%=-2575.85009765625, 10%=-2498.10009765625, 25%=-2276.5, 50%=-2101.0, 75%=-1971.75, 90%=-1840.9000244140625, 95%=-1719.6500244140625, 98%=-1705.919921875
ranking_best_algo: RLSOnePlusOne
ranking_best_score: 3316.5199999999995
ranking_my_rank: 318/504 (37.1%)
ranking_my_percent: 37.1031746031746
