ConfigName: kjsd__advperagentrankweighted__M3__L16__eps0p005__g0p003__ds0p2__dm0p05
Problem: NK
Kernel: jsd
Advantage: peragentrankweighted
M: 3
lambda: 16
epsilon_svgd: 0.005
gamma: 0.003
decay_start_ratio: 0.2
decay_min_factor: 0.05
bandwith_kernel: None
no_interact: False
avg_score: 0.7510606646537781
median_score: 0.7521810531616211
std_score: 0.015327295288443565
percentiles: 2%=0.7179034352302551, 5%=0.7210551500320435, 10%=0.7287511229515076, 25%=0.7414745092391968, 50%=0.7521810531616211, 75%=0.7625435590744019, 90%=0.7706454992294312, 95%=0.7715930938720703, 98%=0.7741836309432983
ranking_best_algo: Tabu
ranking_best_score: 0.7657846284375001
ranking_my_rank: 18/504 (96.6%)
ranking_my_percent: 96.62698412698413
