ConfigName: kjsd__advperagentrankweighted__M3__L18__eps0p007__g0p0005__ds0p1__dm0p05
Problem: NK
Kernel: jsd
Advantage: peragentrankweighted
M: 3
lambda: 18
epsilon_svgd: 0.007
gamma: 0.0005
decay_start_ratio: 0.1
decay_min_factor: 0.05
bandwith_kernel: None
no_interact: False
avg_score: 0.7417333722114563
median_score: 0.7407060861587524
std_score: 0.028198666870594025
percentiles: 2%=0.6952062249183655, 5%=0.7036242485046387, 10%=0.7087224721908569, 25%=0.7223905324935913, 50%=0.7407060861587524, 75%=0.758009135723114, 90%=0.777533233165741, 95%=0.8044298887252808, 98%=0.8118547797203064
ranking_best_algo: CMApara
ranking_best_score: 0.7459277895312499
ranking_my_rank: 26/504 (95.0%)
ranking_my_percent: 95.03968253968254
