ConfigName: kjsd__advperagentrankweighted__M3__L18__eps0p007__g0p0005__ds0p2__dm0p05
Problem: QUBO
Kernel: jsd
Advantage: peragentrankweighted
M: 3
lambda: 18
epsilon_svgd: 0.007
gamma: 0.0005
decay_start_ratio: 0.2
decay_min_factor: 0.05
bandwith_kernel: None
no_interact: False
avg_score: -2637.4599609375
median_score: -2637.5
std_score: 125.45911407470703
percentiles: 2%=-2918.02001953125, 5%=-2857.449951171875, 10%=-2805.89990234375, 25%=-2706.25, 50%=-2637.5, 75%=-2545.25, 90%=-2477.5, 95%=-2461.60009765625, 98%=-2360.860107421875
ranking_best_algo: DiscreteLengler2OnePlusOne
ranking_best_score: 2617.04
ranking_my_rank: 1/504 (100.0%)
ranking_my_percent: 100.0
