ConfigName: krbf__advnormalizedfitness__M4__L15__eps0p02__g0p002__ds0p05__dm0p05
Problem: QUBO
Kernel: rbf
Advantage: normalizedfitness
M: 4
lambda: 15
epsilon_svgd: 0.02
gamma: 0.002
decay_start_ratio: 0.05
decay_min_factor: 0.05
bandwith_kernel: None
no_interact: False
avg_score: -1583.0
median_score: -1574.5
std_score: 76.23529052734375
percentiles: 2%=-1765.06005859375, 5%=-1725.199951171875, 10%=-1688.0, 25%=-1629.25, 50%=-1574.5, 75%=-1533.75, 90%=-1486.9000244140625, 95%=-1462.550048828125, 98%=-1436.5999755859375
ranking_best_algo: NLOPT_LN_PRAXIS
ranking_best_score: 1607.12
ranking_my_rank: 41/504 (92.1%)
ranking_my_percent: 92.06349206349206
