ConfigName: kjsd__advperagentrankweighted__M5__L8__eps0p005__g0p0005__ds0p05__dm0p2
Problem: QUBO
Kernel: jsd
Advantage: peragentrankweighted
M: 5
lambda: 8
epsilon_svgd: 0.005
gamma: 0.0005
decay_start_ratio: 0.05
decay_min_factor: 0.2
bandwith_kernel: None
no_interact: False
avg_score: -1241.239990234375
median_score: -1239.5
std_score: 65.2067642211914
percentiles: 2%=-1361.0400390625, 5%=-1343.449951171875, 10%=-1317.0, 25%=-1289.0, 50%=-1239.5, 75%=-1201.75, 90%=-1160.0999755859375, 95%=-1128.699951171875, 98%=-1118.800048828125
ranking_best_algo: SVMMetaModelLogNormal
ranking_best_score: 1233.7999999999997
ranking_my_rank: 1/504 (100.0%)
ranking_my_percent: 100.0
