ConfigName: kjsd__advperagentrankweighted__M3__L18__eps0p007__g0p001__ds0p05__dm0p2
Problem: NK
Kernel: jsd
Advantage: peragentrankweighted
M: 3
lambda: 18
epsilon_svgd: 0.007
gamma: 0.001
decay_start_ratio: 0.05
decay_min_factor: 0.2
bandwith_kernel: None
no_interact: False
avg_score: 0.7114199995994568
median_score: 0.6985580325126648
std_score: 0.03130505606532097
percentiles: 2%=0.6735096573829651, 5%=0.6744096279144287, 10%=0.6780147552490234, 25%=0.6824496388435364, 50%=0.6985580325126648, 75%=0.7474179267883301, 90%=0.7535533308982849, 95%=0.7586009502410889, 98%=0.7613165378570557
ranking_best_algo: CMApara
ranking_best_score: 0.7118996098437498
ranking_my_rank: 2/504 (99.8%)
ranking_my_percent: 99.8015873015873
