ConfigName: kjsd__advperagentrankweighted__M4__L12__eps0p005__g0p0007__ds0p1__dm0p2
Problem: QUBO
Kernel: jsd
Advantage: peragentrankweighted
M: 4
lambda: 12
epsilon_svgd: 0.005
gamma: 0.0007
decay_start_ratio: 0.1
decay_min_factor: 0.2
bandwith_kernel: None
no_interact: False
avg_score: -442.20001220703125
median_score: -445.0
std_score: 26.92582130432129
percentiles: 2%=-492.0799865722656, 5%=-481.04998779296875, 10%=-472.3999938964844, 25%=-464.0, 50%=-445.0, 75%=-421.0, 90%=-407.0, 95%=-402.70001220703125, 98%=-379.0
ranking_best_algo: CMApara
ranking_best_score: 453.82
ranking_my_rank: 9/504 (98.4%)
ranking_my_percent: 98.41269841269842
