ConfigName: kjsd__advperagentrankweighted__M4__L8__eps0p005__g0p0005__ds0p2__dm0p05
Problem: QUBO
Kernel: jsd
Advantage: peragentrankweighted
M: 4
lambda: 8
epsilon_svgd: 0.005
gamma: 0.0005
decay_start_ratio: 0.2
decay_min_factor: 0.05
bandwith_kernel: None
no_interact: False
avg_score: -438.70001220703125
median_score: -439.5
std_score: 25.331205368041992
percentiles: 2%=-487.1000061035156, 5%=-479.20001220703125, 10%=-470.1000061035156, 25%=-456.25, 50%=-439.5, 75%=-417.0, 90%=-407.8999938964844, 95%=-399.95001220703125, 98%=-397.8399963378906
ranking_best_algo: CMApara
ranking_best_score: 453.82
ranking_my_rank: 19/504 (96.4%)
ranking_my_percent: 96.42857142857143
