ConfigName: krbf__advnormalizedfitness__M4__L15__eps0p03__g0p01__ds0p05__dm0p05
Problem: QUBO
Kernel: rbf
Advantage: normalizedfitness
M: 4
lambda: 15
epsilon_svgd: 0.03
gamma: 0.01
decay_start_ratio: 0.05
decay_min_factor: 0.05
bandwith_kernel: None
no_interact: False
avg_score: -1022.239990234375
median_score: -1019.5
std_score: 84.92398071289062
percentiles: 2%=-1204.43994140625, 5%=-1177.9000244140625, 10%=-1131.4000244140625, 25%=-1076.75, 50%=-1019.5, 75%=-962.75, 90%=-911.2000122070312, 95%=-892.7999877929688, 98%=-875.97998046875
ranking_best_algo: SVMMetaModelLogNormal
ranking_best_score: 1233.7999999999997
ranking_my_rank: 216/504 (57.3%)
ranking_my_percent: 57.34126984126984
