ConfigName: kjsd__advperagentrankweighted__M3__L18__eps0p005__g0p001__ds0p2__dm0p1
Problem: QUBO
Kernel: jsd
Advantage: peragentrankweighted
M: 3
lambda: 18
epsilon_svgd: 0.005
gamma: 0.001
decay_start_ratio: 0.2
decay_min_factor: 0.1
bandwith_kernel: None
no_interact: False
avg_score: -1229.93994140625
median_score: -1232.0
std_score: 62.26665496826172
percentiles: 2%=-1351.02001953125, 5%=-1331.199951171875, 10%=-1319.199951171875, 25%=-1272.25, 50%=-1232.0, 75%=-1186.75, 90%=-1148.699951171875, 95%=-1138.800048828125, 98%=-1127.93994140625
ranking_best_algo: SVMMetaModelLogNormal
ranking_best_score: 1233.7999999999997
ranking_my_rank: 12/504 (97.8%)
ranking_my_percent: 97.81746031746032
