ConfigName: kjsd__advperagentrankweighted__M6__L8__eps0p02__g0p0003__ds0p2__dm0p05
Problem: QUBO
Kernel: jsd
Advantage: peragentrankweighted
M: 6
lambda: 8
epsilon_svgd: 0.02
gamma: 0.0003
decay_start_ratio: 0.2
decay_min_factor: 0.05
bandwith_kernel: None
no_interact: False
avg_score: -149.89999389648438
median_score: -146.0
std_score: 12.575770378112793
percentiles: 2%=-179.0, 5%=-179.0, 10%=-164.6999969482422, 25%=-156.25, 50%=-146.0, 75%=-141.0, 90%=-137.0, 95%=-133.0, 98%=-124.9800033569336
ranking_best_algo: CMApara
ranking_best_score: 154.28
ranking_my_rank: 76/504 (85.1%)
ranking_my_percent: 85.11904761904762
