ConfigName: krbf__advnormalizedfitness__M4__L15__eps0p025__g0p015__ds0p15__dm0p3
Problem: QUBO
Kernel: rbf
Advantage: normalizedfitness
M: 4
lambda: 15
epsilon_svgd: 0.025
gamma: 0.015
decay_start_ratio: 0.15
decay_min_factor: 0.3
bandwith_kernel: None
no_interact: False
avg_score: -292.4800109863281
median_score: -292.0
std_score: 33.07762908935547
percentiles: 2%=-351.0799865722656, 5%=-343.20001220703125, 10%=-336.1000061035156, 25%=-318.25, 50%=-292.0, 75%=-267.75, 90%=-245.0, 95%=-237.90000915527344, 98%=-228.9399871826172
ranking_best_algo: CMApara
ranking_best_score: 453.82
ranking_my_rank: 371/504 (26.6%)
ranking_my_percent: 26.58730158730159
