ConfigName: kjsd__advperagentrankweighted__M3__L20__eps0p005__g0p001__ds0p05__dm0p2
Problem: QUBO
Kernel: jsd
Advantage: peragentrankweighted
M: 3
lambda: 20
epsilon_svgd: 0.005
gamma: 0.001
decay_start_ratio: 0.05
decay_min_factor: 0.2
bandwith_kernel: None
no_interact: False
avg_score: -2591.719970703125
median_score: -2593.5
std_score: 135.85757446289062
percentiles: 2%=-2859.320068359375, 5%=-2796.60009765625, 10%=-2745.0, 25%=-2682.0, 50%=-2593.5, 75%=-2516.75, 90%=-2406.199951171875, 95%=-2337.60009765625, 98%=-2313.9599609375
ranking_best_algo: DiscreteLengler2OnePlusOne
ranking_best_score: 2617.04
ranking_my_rank: 40/504 (92.3%)
ranking_my_percent: 92.26190476190476
