ConfigName: kfr__advglobalrankweighted__M3__L10__eps0p015__g0p007__ds0p01__dm0p01
Problem: QUBO
Kernel: fr
Advantage: globalrankweighted
M: 3
lambda: 10
epsilon_svgd: 0.015
gamma: 0.007
decay_start_ratio: 0.01
decay_min_factor: 0.01
bandwith_kernel: None
no_interact: False
avg_score: -1221.3399658203125
median_score: -1222.5
std_score: 66.12733459472656
percentiles: 2%=-1348.260009765625, 5%=-1336.199951171875, 10%=-1307.199951171875, 25%=-1266.75, 50%=-1222.5, 75%=-1175.5, 90%=-1141.699951171875, 95%=-1104.800048828125, 98%=-1089.919921875
ranking_best_algo: SVMMetaModelLogNormal
ranking_best_score: 1233.7999999999997
ranking_my_rank: 40/504 (92.3%)
ranking_my_percent: 92.26190476190476
