ConfigName: krbf__advnormalizedfitness__M4__L8__eps0p015__g0p005__ds0p15__dm0p01
Problem: QUBO
Kernel: rbf
Advantage: normalizedfitness
M: 4
lambda: 8
epsilon_svgd: 0.015
gamma: 0.005
decay_start_ratio: 0.15
decay_min_factor: 0.01
bandwith_kernel: None
no_interact: False
avg_score: -1506.06005859375
median_score: -1512.0
std_score: 99.85978698730469
percentiles: 2%=-1691.0999755859375, 5%=-1661.4000244140625, 10%=-1638.5, 25%=-1588.25, 50%=-1512.0, 75%=-1424.25, 90%=-1381.9000244140625, 95%=-1361.75, 98%=-1326.7999267578125
ranking_best_algo: NLOPT_LN_PRAXIS
ranking_best_score: 1607.12
ranking_my_rank: 75/504 (85.3%)
ranking_my_percent: 85.31746031746032
