ConfigName: krbf__advnormalizedfitness__M3__L15__eps0p015__g0p01__ds0p3__dm0p01
Problem: QUBO
Kernel: rbf
Advantage: normalizedfitness
M: 3
lambda: 15
epsilon_svgd: 0.015
gamma: 0.01
decay_start_ratio: 0.3
decay_min_factor: 0.01
bandwith_kernel: None
no_interact: False
avg_score: -139.5800018310547
median_score: -141.0
std_score: 11.120413780212402
percentiles: 2%=-159.0, 5%=-158.0500030517578, 10%=-157.10000610351562, 25%=-146.25, 50%=-141.0, 75%=-130.0, 90%=-125.0, 95%=-123.95000457763672, 98%=-120.87997436523438
ranking_best_algo: DiscreteDE
ranking_best_score: 143.4
ranking_my_rank: 84/504 (83.5%)
ranking_my_percent: 83.53174603174604
