ConfigName: kjsd__advperagentrankweighted__M4__L8__eps0p01__g0p0003__ds0p05__dm0p05
Problem: NK
Kernel: jsd
Advantage: peragentrankweighted
M: 4
lambda: 8
epsilon_svgd: 0.01
gamma: 0.0003
decay_start_ratio: 0.05
decay_min_factor: 0.05
bandwith_kernel: None
no_interact: False
avg_score: 0.7411868572235107
median_score: 0.7407443523406982
std_score: 0.012689623981714249
percentiles: 2%=0.7194080948829651, 5%=0.7223538160324097, 10%=0.7252373099327087, 25%=0.7324880361557007, 50%=0.7407443523406982, 75%=0.7490526437759399, 90%=0.7572868466377258, 95%=0.7650411128997803, 98%=0.7704475522041321
ranking_best_algo: Tabu
ranking_best_score: 0.7470791764843752
ranking_my_rank: 6/504 (99.0%)
ranking_my_percent: 99.0079365079365
