ConfigName: krbf__advnormalizedfitness__M4__L8__eps0p025__g0p01__ds0p15__dm0p3
Problem: QUBO
Kernel: rbf
Advantage: normalizedfitness
M: 4
lambda: 8
epsilon_svgd: 0.025
gamma: 0.01
decay_start_ratio: 0.15
decay_min_factor: 0.3
bandwith_kernel: None
no_interact: False
avg_score: -1123.260009765625
median_score: -1120.5
std_score: 83.52336883544922
percentiles: 2%=-1299.1199951171875, 5%=-1269.699951171875, 10%=-1225.699951171875, 25%=-1176.25, 50%=-1120.5, 75%=-1065.75, 90%=-1027.800048828125, 95%=-1008.2001953125, 98%=-945.8999633789062
ranking_best_algo: Tabu
ranking_best_score: 1216.16
ranking_my_rank: 163/504 (67.9%)
ranking_my_percent: 67.85714285714286
