ConfigName: krbf__advnormalizedfitness__M4__L10__eps0p025__g0p01__ds0p3__dm0p01
Problem: QUBO
Kernel: rbf
Advantage: normalizedfitness
M: 4
lambda: 10
epsilon_svgd: 0.025
gamma: 0.01
decay_start_ratio: 0.3
decay_min_factor: 0.01
bandwith_kernel: None
no_interact: False
avg_score: -330.739990234375
median_score: -334.0
std_score: 19.97529411315918
percentiles: 2%=-372.0, 5%=-357.20001220703125, 10%=-350.0, 25%=-343.0, 50%=-334.0, 75%=-319.5, 90%=-302.70001220703125, 95%=-294.7500305175781, 98%=-281.9599914550781
ranking_best_algo: CMApara
ranking_best_score: 344.22
ranking_my_rank: 77/504 (84.9%)
ranking_my_percent: 84.92063492063492
