ConfigName: krbf__advglobalrankweighted__M4__L10__eps0p02__g0p007__ds0p01__dm0p01
Problem: QUBO
Kernel: rbf
Advantage: globalrankweighted
M: 4
lambda: 10
epsilon_svgd: 0.02
gamma: 0.007
decay_start_ratio: 0.01
decay_min_factor: 0.01
bandwith_kernel: None
no_interact: False
avg_score: -139.02000427246094
median_score: -141.0
std_score: 11.923070907592773
percentiles: 2%=-159.02000427246094, 5%=-158.0, 10%=-155.0, 25%=-146.0, 50%=-141.0, 75%=-130.0, 90%=-124.9000015258789, 95%=-117.0, 98%=-112.87997436523438
ranking_best_algo: DiscreteDE
ranking_best_score: 143.4
ranking_my_rank: 93/504 (81.7%)
ranking_my_percent: 81.74603174603175
