ConfigName: kjsd__advperagentrankweighted__M3__L16__eps0p005__g0p001__ds0p1__dm0p2
Problem: NK
Kernel: jsd
Advantage: peragentrankweighted
M: 3
lambda: 16
epsilon_svgd: 0.005
gamma: 0.001
decay_start_ratio: 0.1
decay_min_factor: 0.2
bandwith_kernel: None
no_interact: False
avg_score: 0.7308892607688904
median_score: 0.731373131275177
std_score: 0.010651808232069016
percentiles: 2%=0.7105550765991211, 5%=0.7121337056159973, 10%=0.7172520160675049, 25%=0.7226957678794861, 50%=0.731373131275177, 75%=0.7380328178405762, 90%=0.7460124492645264, 95%=0.7482540011405945, 98%=0.7513831853866577
ranking_best_algo: Tabu
ranking_best_score: 0.7429702712499999
ranking_my_rank: 2/504 (99.8%)
ranking_my_percent: 99.8015873015873
