ConfigName: kjsd__advperagentrankweighted__M4__L10__eps0p03__g0p0007__ds0p2__dm0p05
Problem: QUBO
Kernel: jsd
Advantage: peragentrankweighted
M: 4
lambda: 10
epsilon_svgd: 0.03
gamma: 0.0007
decay_start_ratio: 0.2
decay_min_factor: 0.05
bandwith_kernel: None
no_interact: False
avg_score: -572.5599975585938
median_score: -573.5
std_score: 27.482473373413086
percentiles: 2%=-627.0, 5%=-617.0, 10%=-609.4000244140625, 25%=-592.0, 50%=-573.5, 75%=-552.5, 90%=-541.9000244140625, 95%=-528.9000244140625, 98%=-517.719970703125
ranking_best_algo: Tabu
ranking_best_score: 588.7199999999999
ranking_my_rank: 62/503 (87.9%)
ranking_my_percent: 87.8727634194831
