ConfigName: kfr__advglobalrankweighted__M2__L9__eps0p015__g0p005__ds0p01__dm0p01
Problem: QUBO
Kernel: fr
Advantage: globalrankweighted
M: 2
lambda: 9
epsilon_svgd: 0.015
gamma: 0.005
decay_start_ratio: 0.01
decay_min_factor: 0.01
bandwith_kernel: None
no_interact: False
avg_score: -1182.47998046875
median_score: -1173.0
std_score: 61.802181243896484
percentiles: 2%=-1337.1199951171875, 5%=-1316.449951171875, 10%=-1246.199951171875, 25%=-1215.75, 50%=-1173.0, 75%=-1142.0, 90%=-1118.0, 95%=-1102.8499755859375, 98%=-1084.619873046875
ranking_best_algo: Tabu
ranking_best_score: 1216.16
ranking_my_rank: 65/504 (87.3%)
ranking_my_percent: 87.3015873015873
