ConfigName: kjsd__advperagentrankweighted__M3__L20__eps0p007__g0p0005__ds0p05__dm0p2
Problem: QUBO
Kernel: jsd
Advantage: peragentrankweighted
M: 3
lambda: 20
epsilon_svgd: 0.007
gamma: 0.0005
decay_start_ratio: 0.05
decay_min_factor: 0.2
bandwith_kernel: None
no_interact: False
avg_score: -910.0800170898438
median_score: -911.5
std_score: 63.27695846557617
percentiles: 2%=-1034.1199951171875, 5%=-1022.2000122070312, 10%=-1004.4000244140625, 25%=-954.25, 50%=-911.5, 75%=-860.5, 90%=-829.4000244140625, 95%=-816.6500244140625, 98%=-802.5800170898438
ranking_best_algo: CMAL3
ranking_best_score: 928.5800000000002
ranking_my_rank: 27/504 (94.8%)
ranking_my_percent: 94.84126984126983
