ConfigName: kjsd__advperagentrankweighted__M4__L12__eps0p01__g0p0007__ds0p4__dm0p05
Problem: QUBO
Kernel: jsd
Advantage: peragentrankweighted
M: 4
lambda: 12
epsilon_svgd: 0.01
gamma: 0.0007
decay_start_ratio: 0.4
decay_min_factor: 0.05
bandwith_kernel: None
no_interact: False
avg_score: -139.02000427246094
median_score: -141.0
std_score: 12.638022422790527
percentiles: 2%=-159.02000427246094, 5%=-158.0500030517578, 10%=-156.0, 25%=-147.0, 50%=-141.0, 75%=-130.0, 90%=-122.80000305175781, 95%=-116.9000015258789, 98%=-109.0
ranking_best_algo: DiscreteDE
ranking_best_score: 143.4
ranking_my_rank: 93/504 (81.7%)
ranking_my_percent: 81.74603174603175
