ConfigName: krbf__advnormalizedfitness__M3__L12__eps0p015__g0p01__ds0p15__dm0p3
Problem: QUBO
Kernel: rbf
Advantage: normalizedfitness
M: 3
lambda: 12
epsilon_svgd: 0.015
gamma: 0.01
decay_start_ratio: 0.15
decay_min_factor: 0.3
bandwith_kernel: None
no_interact: False
avg_score: -397.3999938964844
median_score: -394.0
std_score: 32.428382873535156
percentiles: 2%=-461.1199951171875, 5%=-447.25, 10%=-443.1000061035156, 25%=-422.5, 50%=-394.0, 75%=-376.0, 90%=-350.0, 95%=-347.9000244140625, 98%=-337.8799743652344
ranking_best_algo: Tabu
ranking_best_score: 438.12
ranking_my_rank: 231/504 (54.4%)
ranking_my_percent: 54.36507936507937
