ConfigName: kjsd__advperagentrankweighted__M4__L12__eps0p005__g0p0005__ds0p05__dm0p05
Problem: NK
Kernel: jsd
Advantage: peragentrankweighted
M: 4
lambda: 12
epsilon_svgd: 0.005
gamma: 0.0005
decay_start_ratio: 0.05
decay_min_factor: 0.05
bandwith_kernel: None
no_interact: False
avg_score: 0.7073786854743958
median_score: 0.7098044157028198
std_score: 0.01174947340041399
percentiles: 2%=0.6891196370124817, 5%=0.6897083520889282, 10%=0.6920627355575562, 25%=0.6957308053970337, 50%=0.7098044157028198, 75%=0.7172880172729492, 90%=0.7217490673065186, 95%=0.7236708998680115, 98%=0.7237027883529663
ranking_best_algo: PBIL
ranking_best_score: 0.7013553837109374
ranking_my_rank: 1/504 (100.0%)
ranking_my_percent: 100.0
