ConfigName: kjsd__advperagentrankweighted__M4__L8__eps0p01__g0p0005__ds0p2__dm0p05
Problem: QUBO
Kernel: jsd
Advantage: peragentrankweighted
M: 4
lambda: 8
epsilon_svgd: 0.01
gamma: 0.0005
decay_start_ratio: 0.2
decay_min_factor: 0.05
bandwith_kernel: None
no_interact: False
avg_score: -1615.199951171875
median_score: -1606.5
std_score: 56.477073669433594
percentiles: 2%=-1736.1199951171875, 5%=-1729.050048828125, 10%=-1695.4000244140625, 25%=-1648.75, 50%=-1606.5, 75%=-1574.75, 90%=-1547.699951171875, 95%=-1536.9000244140625, 98%=-1522.760009765625
ranking_best_algo: NLOPT_LN_PRAXIS
ranking_best_score: 1607.12
ranking_my_rank: 1/504 (100.0%)
ranking_my_percent: 100.0
