ConfigName: kjsd__advperagentrankweighted__M3__L24__eps0p005__g0p0005__ds0p2__dm0p2
Problem: QUBO
Kernel: jsd
Advantage: peragentrankweighted
M: 3
lambda: 24
epsilon_svgd: 0.005
gamma: 0.0005
decay_start_ratio: 0.2
decay_min_factor: 0.2
bandwith_kernel: None
no_interact: False
avg_score: -1185.1600341796875
median_score: -1179.5
std_score: 59.19894027709961
percentiles: 2%=-1335.0400390625, 5%=-1288.3499755859375, 10%=-1261.199951171875, 25%=-1217.25, 50%=-1179.5, 75%=-1151.5, 90%=-1114.5, 95%=-1107.050048828125, 98%=-1068.5
ranking_best_algo: Tabu
ranking_best_score: 1216.16
ranking_my_rank: 64/504 (87.5%)
ranking_my_percent: 87.5
