ConfigName: krbf__advnormalizedfitness__M4__L8__eps0p033__g0p015__ds0p01__dm0p3
Problem: NK
Kernel: rbf
Advantage: normalizedfitness
M: 4
lambda: 8
epsilon_svgd: 0.033
gamma: 0.015
decay_start_ratio: 0.01
decay_min_factor: 0.3
bandwith_kernel: None
no_interact: False
avg_score: 0.7099002003669739
median_score: 0.7108005285263062
std_score: 0.015386393293738365
percentiles: 2%=0.6695334315299988, 5%=0.6720092296600342, 10%=0.6967667937278748, 25%=0.7072592973709106, 50%=0.7108005285263062, 75%=0.7187576293945312, 90%=0.7252581119537354, 95%=0.7316185235977173, 98%=0.7319591045379639
ranking_best_algo: CMApara
ranking_best_score: 0.707475975
ranking_my_rank: 1/504 (100.0%)
ranking_my_percent: 100.0
