ConfigName: kfr__advglobalrankweighted__M2__L10__eps0p01__g0p005__ds0p01__dm0p01
Problem: QUBO
Kernel: fr
Advantage: globalrankweighted
M: 2
lambda: 10
epsilon_svgd: 0.01
gamma: 0.005
decay_start_ratio: 0.01
decay_min_factor: 0.01
bandwith_kernel: None
no_interact: False
avg_score: -324.260009765625
median_score: -326.0
std_score: 25.19389533996582
percentiles: 2%=-372.0, 5%=-357.0, 10%=-354.0, 25%=-341.25, 50%=-326.0, 75%=-306.0, 90%=-291.79998779296875, 95%=-280.0, 98%=-274.0
ranking_best_algo: CMApara
ranking_best_score: 344.22
ranking_my_rank: 126/504 (75.2%)
ranking_my_percent: 75.1984126984127
