ConfigName: krbf__advnormalizedfitness__M2__L10__eps0p025__g0p01__ds0p15__dm0p3
Problem: QUBO
Kernel: rbf
Advantage: normalizedfitness
M: 2
lambda: 10
epsilon_svgd: 0.025
gamma: 0.01
decay_start_ratio: 0.15
decay_min_factor: 0.3
bandwith_kernel: None
no_interact: False
avg_score: -3249.239990234375
median_score: -3255.5
std_score: 127.468994140625
percentiles: 2%=-3504.0400390625, 5%=-3435.35009765625, 10%=-3409.10009765625, 25%=-3330.75, 50%=-3255.5, 75%=-3143.75, 90%=-3079.0, 95%=-3044.89990234375, 98%=-3015.919921875
ranking_best_algo: RLSOnePlusOne
ranking_best_score: 3316.5199999999995
ranking_my_rank: 41/504 (92.1%)
ranking_my_percent: 92.06349206349206
