ConfigName: kjsd__advperagentrankweighted__M3__L16__eps0p005__g0p003__ds0p05__dm0p2
Problem: NK
Kernel: jsd
Advantage: peragentrankweighted
M: 3
lambda: 16
epsilon_svgd: 0.005
gamma: 0.003
decay_start_ratio: 0.05
decay_min_factor: 0.2
bandwith_kernel: None
no_interact: False
avg_score: 0.7509275674819946
median_score: 0.7519572973251343
std_score: 0.015592762269079685
percentiles: 2%=0.7152488827705383, 5%=0.7177742123603821, 10%=0.7311743497848511, 25%=0.7423995733261108, 50%=0.7519572973251343, 75%=0.7615233659744263, 90%=0.7706213593482971, 95%=0.7724518179893494, 98%=0.7795740962028503
ranking_best_algo: Tabu
ranking_best_score: 0.7657846284375001
ranking_my_rank: 18/504 (96.6%)
ranking_my_percent: 96.62698412698413
