ConfigName: krbf__advnormalizedfitness__M5__L24__eps0p025__g0p005__ds0p05__dm0p05
Problem: QUBO
Kernel: rbf
Advantage: normalizedfitness
M: 5
lambda: 24
epsilon_svgd: 0.025
gamma: 0.005
decay_start_ratio: 0.05
decay_min_factor: 0.05
bandwith_kernel: None
no_interact: False
avg_score: -868.5
median_score: -867.5
std_score: 72.2560043334961
percentiles: 2%=-1007.2000122070312, 5%=-990.5, 10%=-967.5999755859375, 25%=-912.5, 50%=-867.5, 75%=-812.0, 90%=-782.4000244140625, 95%=-758.2999877929688, 98%=-722.9199829101562
ranking_best_algo: SVMMetaModelLogNormal
ranking_best_score: 1233.7999999999997
ranking_my_rank: 322/504 (36.3%)
ranking_my_percent: 36.30952380952381
