ConfigName: kjsd__advperagentrankweighted__M3__L16__eps0p007__g0p0007__ds0p05__dm0p2
Problem: QUBO
Kernel: jsd
Advantage: peragentrankweighted
M: 3
lambda: 16
epsilon_svgd: 0.007
gamma: 0.0007
decay_start_ratio: 0.05
decay_min_factor: 0.2
bandwith_kernel: None
no_interact: False
avg_score: -1190.3800048828125
median_score: -1187.0
std_score: 62.059295654296875
percentiles: 2%=-1343.0799560546875, 5%=-1294.699951171875, 10%=-1259.0999755859375, 25%=-1232.25, 50%=-1187.0, 75%=-1145.75, 90%=-1108.699951171875, 95%=-1096.75, 98%=-1089.8399658203125
ranking_best_algo: Tabu
ranking_best_score: 1216.16
ranking_my_rank: 55/504 (89.3%)
ranking_my_percent: 89.28571428571429
