ConfigName: kjsd__advperagentrankweighted__M3__L24__eps0p005__g0p0005__ds0p05__dm0p1
Problem: NK
Kernel: jsd
Advantage: peragentrankweighted
M: 3
lambda: 24
epsilon_svgd: 0.005
gamma: 0.0005
decay_start_ratio: 0.05
decay_min_factor: 0.1
bandwith_kernel: None
no_interact: False
avg_score: 0.7440953850746155
median_score: 0.7456994652748108
std_score: 0.013444001786410809
percentiles: 2%=0.7153645157814026, 5%=0.7238935828208923, 10%=0.7271943688392639, 25%=0.7348284721374512, 50%=0.7456994652748108, 75%=0.7531499266624451, 90%=0.7601230144500732, 95%=0.7668330073356628, 98%=0.7682175040245056
ranking_best_algo: Tabu
ranking_best_score: 0.7601875690625
ranking_my_rank: 7/504 (98.8%)
ranking_my_percent: 98.80952380952381
