ConfigName: krbf__advnormalizedfitness__M3__L10__eps0p033__g0p007__ds0p01__dm0p3
Problem: QUBO
Kernel: rbf
Advantage: normalizedfitness
M: 3
lambda: 10
epsilon_svgd: 0.033
gamma: 0.007
decay_start_ratio: 0.01
decay_min_factor: 0.3
bandwith_kernel: None
no_interact: False
avg_score: -3207.840087890625
median_score: -3208.0
std_score: 122.25830841064453
percentiles: 2%=-3455.139892578125, 5%=-3408.89990234375, 10%=-3372.39990234375, 25%=-3288.75, 50%=-3208.0, 75%=-3134.0, 90%=-3052.39990234375, 95%=-3008.800048828125, 98%=-2985.800048828125
ranking_best_algo: RLSOnePlusOne
ranking_best_score: 3316.5199999999995
ranking_my_rank: 53/504 (89.7%)
ranking_my_percent: 89.68253968253968
