ConfigName: krbf__advnormalizedfitness__M2__L8__eps0p033__g0p005__ds0p15__dm0p01
Problem: QUBO
Kernel: rbf
Advantage: normalizedfitness
M: 2
lambda: 8
epsilon_svgd: 0.033
gamma: 0.005
decay_start_ratio: 0.15
decay_min_factor: 0.01
bandwith_kernel: None
no_interact: False
avg_score: -1270.5
median_score: -1272.0
std_score: 60.37491226196289
percentiles: 2%=-1383.06005859375, 5%=-1368.050048828125, 10%=-1349.0, 25%=-1306.75, 50%=-1272.0, 75%=-1238.0, 90%=-1199.9000244140625, 95%=-1180.300048828125, 98%=-1128.8800048828125
ranking_best_algo: BigLognormalDiscreteOnePlusOne
ranking_best_score: 1301.3600000000004
ranking_my_rank: 46/504 (91.1%)
ranking_my_percent: 91.07142857142857
