ConfigName: kjsd__advperagentrankweighted__M3__L24__eps0p005__g0p0005__ds0p2__dm0p05
Problem: QUBO
Kernel: jsd
Advantage: peragentrankweighted
M: 3
lambda: 24
epsilon_svgd: 0.005
gamma: 0.0005
decay_start_ratio: 0.2
decay_min_factor: 0.05
bandwith_kernel: None
no_interact: False
avg_score: -2603.340087890625
median_score: -2602.0
std_score: 114.34686279296875
percentiles: 2%=-2832.300048828125, 5%=-2811.550048828125, 10%=-2741.60009765625, 25%=-2687.5, 50%=-2602.0, 75%=-2525.5, 90%=-2457.800048828125, 95%=-2436.0, 98%=-2345.56005859375
ranking_best_algo: SVM1MetaModelLogNormal
ranking_best_score: 2605.14
ranking_my_rank: 2/504 (99.8%)
ranking_my_percent: 99.8015873015873
