ConfigName: krbf__advnormalizedfitness__M4__L12__eps0p015__g0p01__ds0p3__dm0p01
Problem: QUBO
Kernel: rbf
Advantage: normalizedfitness
M: 4
lambda: 12
epsilon_svgd: 0.015
gamma: 0.01
decay_start_ratio: 0.3
decay_min_factor: 0.01
bandwith_kernel: None
no_interact: False
avg_score: -149.25999450683594
median_score: -147.5
std_score: 12.106709480285645
percentiles: 2%=-179.0, 5%=-179.0, 10%=-158.59999084472656, 25%=-155.0, 50%=-147.5, 75%=-141.0, 90%=-135.0, 95%=-133.95001220703125, 98%=-131.97999572753906
ranking_best_algo: CMApara
ranking_best_score: 154.28
ranking_my_rank: 78/504 (84.7%)
ranking_my_percent: 84.72222222222223
