ConfigName: krbf__advnormalizedfitness__M3__L15__eps0p033__g0p007__ds0p15__dm0p3
Problem: NK
Kernel: rbf
Advantage: normalizedfitness
M: 3
lambda: 15
epsilon_svgd: 0.033
gamma: 0.007
decay_start_ratio: 0.15
decay_min_factor: 0.3
bandwith_kernel: None
no_interact: False
avg_score: 0.7559559345245361
median_score: 0.7569006681442261
std_score: 0.013518430292606354
percentiles: 2%=0.7302694916725159, 5%=0.7349738478660583, 10%=0.7377699017524719, 25%=0.7474726438522339, 50%=0.7569006681442261, 75%=0.7629812955856323, 90%=0.773444414138794, 95%=0.7790498733520508, 98%=0.7801380157470703
ranking_best_algo: Tabu
ranking_best_score: 0.7470791764843752
ranking_my_rank: 1/504 (100.0%)
ranking_my_percent: 100.0
