ConfigName: kjsd__advperagentrankweighted__M3__L18__eps0p005__g0p001__ds0p05__dm0p05
Problem: QUBO
Kernel: jsd
Advantage: peragentrankweighted
M: 3
lambda: 18
epsilon_svgd: 0.005
gamma: 0.001
decay_start_ratio: 0.05
decay_min_factor: 0.05
bandwith_kernel: None
no_interact: False
avg_score: -943.6799926757812
median_score: -944.5
std_score: 64.81695556640625
percentiles: 2%=-1074.0400390625, 5%=-1045.449951171875, 10%=-1027.0999755859375, 25%=-994.25, 50%=-944.5, 75%=-904.75, 90%=-857.5, 95%=-833.0, 98%=-802.8800048828125
ranking_best_algo: CMApara
ranking_best_score: 964.9
ranking_my_rank: 3/504 (99.6%)
ranking_my_percent: 99.60317460317461
