ConfigName: krbf__advnormalizedfitness__M4__L10__eps0p015__g0p015__ds0p01__dm0p01
Problem: QUBO
Kernel: rbf
Advantage: normalizedfitness
M: 4
lambda: 10
epsilon_svgd: 0.015
gamma: 0.015
decay_start_ratio: 0.01
decay_min_factor: 0.01
bandwith_kernel: None
no_interact: False
avg_score: -326.6000061035156
median_score: -328.0
std_score: 19.285226821899414
percentiles: 2%=-364.1600036621094, 5%=-354.0, 10%=-350.0, 25%=-340.0, 50%=-328.0, 75%=-314.0, 90%=-299.79998779296875, 95%=-292.0, 98%=-285.91998291015625
ranking_best_algo: CMApara
ranking_best_score: 344.22
ranking_my_rank: 111/504 (78.2%)
ranking_my_percent: 78.17460317460318
