ConfigName: kjsd__advperagentrankweighted__M3__L30__eps0p005__g0p001__ds0p1__dm0p1
Problem: QUBO
Kernel: jsd
Advantage: peragentrankweighted
M: 3
lambda: 30
epsilon_svgd: 0.005
gamma: 0.001
decay_start_ratio: 0.1
decay_min_factor: 0.1
bandwith_kernel: None
no_interact: False
avg_score: -2432.780029296875
median_score: -2429.0
std_score: 138.3285675048828
percentiles: 2%=-2735.06005859375, 5%=-2676.0, 10%=-2636.800048828125, 25%=-2521.25, 50%=-2429.0, 75%=-2344.0, 90%=-2265.800048828125, 95%=-2241.449951171875, 98%=-2160.4599609375
ranking_best_algo: SVM1MetaModelLogNormal
ranking_best_score: 2605.14
ranking_my_rank: 89/504 (82.5%)
ranking_my_percent: 82.53968253968254
