ConfigName: kfr__advglobalrankweighted__M4__L13__eps0p06__g0p007__ds0p01__dm0p01
Problem: QUBO
Kernel: fr
Advantage: globalrankweighted
M: 4
lambda: 13
epsilon_svgd: 0.06
gamma: 0.007
decay_start_ratio: 0.01
decay_min_factor: 0.01
bandwith_kernel: None
no_interact: False
avg_score: -913.3400268554688
median_score: -910.0
std_score: 60.81467056274414
percentiles: 2%=-1029.1400146484375, 5%=-1015.3499755859375, 10%=-1007.4000244140625, 25%=-959.25, 50%=-910.0, 75%=-869.0, 90%=-830.0, 95%=-825.0, 98%=-802.5999755859375
ranking_best_algo: CMAL3
ranking_best_score: 928.5800000000002
ranking_my_rank: 18/504 (96.6%)
ranking_my_percent: 96.62698412698413
