ConfigName: kjsd__advperagentrankweighted__M3__L20__eps0p007__g0p001__ds0p1__dm0p2
Problem: NK
Kernel: jsd
Advantage: peragentrankweighted
M: 3
lambda: 20
epsilon_svgd: 0.007
gamma: 0.001
decay_start_ratio: 0.1
decay_min_factor: 0.2
bandwith_kernel: None
no_interact: False
avg_score: 0.7105167508125305
median_score: 0.7115050554275513
std_score: 0.015386100858449936
percentiles: 2%=0.6712930798530579, 5%=0.6728575825691223, 10%=0.6972318291664124, 25%=0.7073628902435303, 50%=0.7115050554275513, 75%=0.7185025215148926, 90%=0.7255217432975769, 95%=0.7329164743423462, 98%=0.7336841821670532
ranking_best_algo: CMApara
ranking_best_score: 0.707475975
ranking_my_rank: 1/504 (100.0%)
ranking_my_percent: 100.0
