ConfigName: krbf__advnormalizedfitness__M1__L8__eps0p015__g0p015__ds0p15__dm0p3
Problem: QUBO
Kernel: rbf
Advantage: normalizedfitness
M: 1
lambda: 8
epsilon_svgd: 0.015
gamma: 0.015
decay_start_ratio: 0.15
decay_min_factor: 0.3
bandwith_kernel: None
no_interact: False
avg_score: -135.25999450683594
median_score: -136.0
std_score: 12.83481216430664
percentiles: 2%=-158.0, 5%=-154.0500030517578, 10%=-150.0, 25%=-145.0, 50%=-136.0, 75%=-127.0, 90%=-116.80000305175781, 95%=-111.0, 98%=-110.87997436523438
ranking_best_algo: DiscreteDE
ranking_best_score: 143.4
ranking_my_rank: 253/504 (50.0%)
ranking_my_percent: 50.0
