ConfigName: kjsd__advperagentrankweighted__M3__L30__eps0p007__g0p0005__ds0p1__dm0p2
Problem: NK
Kernel: jsd
Advantage: peragentrankweighted
M: 3
lambda: 30
epsilon_svgd: 0.007
gamma: 0.0005
decay_start_ratio: 0.1
decay_min_factor: 0.2
bandwith_kernel: None
no_interact: False
avg_score: 0.7348804473876953
median_score: 0.7335959076881409
std_score: 0.011318794451653957
percentiles: 2%=0.717882513999939, 5%=0.719161868095398, 10%=0.7217133045196533, 25%=0.7256202697753906, 50%=0.7335959076881409, 75%=0.7419410347938538, 90%=0.751253604888916, 95%=0.7543618679046631, 98%=0.7587416768074036
ranking_best_algo: Tabu
ranking_best_score: 0.7429702712499999
ranking_my_rank: 2/504 (99.8%)
ranking_my_percent: 99.8015873015873
