ConfigName: krbf__advnormalizedfitness__M4__L15__eps0p02__g0p001__ds0p05__dm0p05
Problem: QUBO
Kernel: rbf
Advantage: normalizedfitness
M: 4
lambda: 15
epsilon_svgd: 0.02
gamma: 0.001
decay_start_ratio: 0.05
decay_min_factor: 0.05
bandwith_kernel: None
no_interact: False
avg_score: -2478.820068359375
median_score: -2476.0
std_score: 148.9616241455078
percentiles: 2%=-2767.56005859375, 5%=-2717.550048828125, 10%=-2684.39990234375, 25%=-2586.25, 50%=-2476.0, 75%=-2373.0, 90%=-2295.60009765625, 95%=-2229.89990234375, 98%=-2220.820068359375
ranking_best_algo: SVM1MetaModelLogNormal
ranking_best_score: 2605.14
ranking_my_rank: 77/504 (84.9%)
ranking_my_percent: 84.92063492063492
