ConfigName: krbf__advnormalizedfitness__M3__L10__eps0p03__g0p005__ds0p15__dm0p05
Problem: QUBO
Kernel: rbf
Advantage: normalizedfitness
M: 3
lambda: 10
epsilon_svgd: 0.03
gamma: 0.005
decay_start_ratio: 0.15
decay_min_factor: 0.05
bandwith_kernel: None
no_interact: False
avg_score: -2514.860107421875
median_score: -2516.0
std_score: 130.97457885742188
percentiles: 2%=-2793.199951171875, 5%=-2742.699951171875, 10%=-2679.199951171875, 25%=-2601.25, 50%=-2516.0, 75%=-2425.5, 90%=-2346.699951171875, 95%=-2301.050048828125, 98%=-2275.719970703125
ranking_best_algo: SVM1MetaModelLogNormal
ranking_best_score: 2605.14
ranking_my_rank: 61/504 (88.1%)
ranking_my_percent: 88.0952380952381
