ConfigName: kjsd__advperagentrankweighted__M4__L24__eps0p01__g0p0007__ds0p2__dm0p05
Problem: QUBO
Kernel: jsd
Advantage: peragentrankweighted
M: 4
lambda: 24
epsilon_svgd: 0.01
gamma: 0.0007
decay_start_ratio: 0.2
decay_min_factor: 0.05
bandwith_kernel: None
no_interact: False
avg_score: -138.83999633789062
median_score: -141.0
std_score: 12.226790428161621
percentiles: 2%=-158.0399932861328, 5%=-158.0, 10%=-155.0, 25%=-146.25, 50%=-141.0, 75%=-131.0, 90%=-123.0, 95%=-116.9000015258789, 98%=-111.0
ranking_best_algo: DiscreteDE
ranking_best_score: 143.4
ranking_my_rank: 95/504 (81.3%)
ranking_my_percent: 81.34920634920636
