ConfigName: kjsd__advperagentrankweighted__M5__L10__eps0p005__g0p0007__ds0p05__dm0p2
Problem: QUBO
Kernel: jsd
Advantage: peragentrankweighted
M: 5
lambda: 10
epsilon_svgd: 0.005
gamma: 0.0007
decay_start_ratio: 0.05
decay_min_factor: 0.2
bandwith_kernel: None
no_interact: False
avg_score: -3232.260009765625
median_score: -3234.5
std_score: 125.86521911621094
percentiles: 2%=-3475.239990234375, 5%=-3438.300048828125, 10%=-3411.300048828125, 25%=-3306.75, 50%=-3234.5, 75%=-3157.0, 90%=-3077.800048828125, 95%=-2997.25, 98%=-2971.219970703125
ranking_best_algo: RLSOnePlusOne
ranking_best_score: 3316.5199999999995
ranking_my_rank: 42/504 (91.9%)
ranking_my_percent: 91.86507936507937
