ConfigName: krbf__advnormalizedfitness__M3__L10__eps0p033__g0p007__ds0p01__dm0p3
Problem: QUBO
Kernel: rbf
Advantage: normalizedfitness
M: 3
lambda: 10
epsilon_svgd: 0.033
gamma: 0.007
decay_start_ratio: 0.01
decay_min_factor: 0.3
bandwith_kernel: None
no_interact: False
avg_score: -1592.97998046875
median_score: -1592.0
std_score: 68.95606994628906
percentiles: 2%=-1728.3399658203125, 5%=-1704.1500244140625, 10%=-1683.0999755859375, 25%=-1635.25, 50%=-1592.0, 75%=-1548.75, 90%=-1503.9000244140625, 95%=-1495.4500732421875, 98%=-1467.8797607421875
ranking_best_algo: NLOPT_LN_PRAXIS
ranking_best_score: 1607.12
ranking_my_rank: 38/504 (92.7%)
ranking_my_percent: 92.65873015873017
