ConfigName: kjsd__advperagentrankweighted__M4__L10__eps0p008__g0p0005__ds0p05__dm0p05
Problem: NK
Kernel: jsd
Advantage: peragentrankweighted
M: 4
lambda: 10
epsilon_svgd: 0.008
gamma: 0.0005
decay_start_ratio: 0.05
decay_min_factor: 0.05
bandwith_kernel: None
no_interact: False
avg_score: 0.7355535626411438
median_score: 0.7367486357688904
std_score: 0.009530025534331799
percentiles: 2%=0.7146726846694946, 5%=0.7192652821540833, 10%=0.7215583324432373, 25%=0.7298946976661682, 50%=0.7367486357688904, 75%=0.7420607805252075, 90%=0.746665894985199, 95%=0.749059796333313, 98%=0.7523654103279114
ranking_best_algo: PBIL
ranking_best_score: 0.730509098125
ranking_my_rank: 1/504 (100.0%)
ranking_my_percent: 100.0
