ConfigName: krbf__advnormalizedfitness__M4__L10__eps0p033__g0p005__ds0p3__dm0p3
Problem: QUBO
Kernel: rbf
Advantage: normalizedfitness
M: 4
lambda: 10
epsilon_svgd: 0.033
gamma: 0.005
decay_start_ratio: 0.3
decay_min_factor: 0.3
bandwith_kernel: None
no_interact: False
avg_score: -428.67999267578125
median_score: -429.5
std_score: 24.306739807128906
percentiles: 2%=-473.0, 5%=-467.1000061035156, 10%=-461.3999938964844, 25%=-447.0, 50%=-429.5, 75%=-412.25, 90%=-394.79998779296875, 95%=-389.0, 98%=-377.97998046875
ranking_best_algo: CMAL3
ranking_best_score: 435.36
ranking_my_rank: 15/504 (97.2%)
ranking_my_percent: 97.22222222222223
