ConfigName: krbf__advnormalizedfitness__M2__L6__eps0p01__g0p006__ds0p3__dm0p3
Problem: NK
Kernel: rbf
Advantage: normalizedfitness
M: 2
lambda: 6
epsilon_svgd: 0.01
gamma: 0.006
decay_start_ratio: 0.3
decay_min_factor: 0.3
bandwith_kernel: None
no_interact: False
avg_score: 0.7511937022209167
median_score: 0.7520813941955566
std_score: 0.015502411872148514
percentiles: 2%=0.7216259241104126, 5%=0.7254077792167664, 10%=0.7312213182449341, 25%=0.739208459854126, 50%=0.7520813941955566, 75%=0.7630875706672668, 90%=0.7717015147209167, 95%=0.776339054107666, 98%=0.7789515852928162
ranking_best_algo: Tabu
ranking_best_score: 0.7657846284375001
ranking_my_rank: 18/504 (96.6%)
ranking_my_percent: 96.62698412698413
