ConfigName: kjsd__advperagentrankweighted__M3__L16__eps0p005__g0p001__ds0p1__dm0p05
Problem: QUBO
Kernel: jsd
Advantage: peragentrankweighted
M: 3
lambda: 16
epsilon_svgd: 0.005
gamma: 0.001
decay_start_ratio: 0.1
decay_min_factor: 0.05
bandwith_kernel: None
no_interact: False
avg_score: -910.5399780273438
median_score: -914.0
std_score: 59.011253356933594
percentiles: 2%=-1034.1199951171875, 5%=-1001.2000122070312, 10%=-986.0999755859375, 25%=-953.5, 50%=-914.0, 75%=-871.75, 90%=-833.0, 95%=-820.6500244140625, 98%=-811.7000122070312
ranking_best_algo: CMAL3
ranking_best_score: 928.5800000000002
ranking_my_rank: 20/504 (96.2%)
ranking_my_percent: 96.23015873015873
