ConfigName: kjsd__advperagentrankweighted__M4__L24__eps0p005__g0p0007__ds0p4__dm0p05
Problem: QUBO
Kernel: jsd
Advantage: peragentrankweighted
M: 4
lambda: 24
epsilon_svgd: 0.005
gamma: 0.0007
decay_start_ratio: 0.4
decay_min_factor: 0.05
bandwith_kernel: None
no_interact: False
avg_score: -1256.1400146484375
median_score: -1254.5
std_score: 67.12943267822266
percentiles: 2%=-1375.0400390625, 5%=-1368.050048828125, 10%=-1344.4000244140625, 25%=-1302.75, 50%=-1254.5, 75%=-1216.5, 90%=-1174.800048828125, 95%=-1118.9000244140625, 98%=-1112.9599609375
ranking_best_algo: BigLognormalDiscreteOnePlusOne
ranking_best_score: 1301.3600000000004
ranking_my_rank: 54/504 (89.5%)
ranking_my_percent: 89.48412698412699
