ConfigName: kjsd__advperagentrankweighted__M3__L16__eps0p007__g0p0007__ds0p2__dm0p2
Problem: QUBO
Kernel: jsd
Advantage: peragentrankweighted
M: 3
lambda: 16
epsilon_svgd: 0.007
gamma: 0.0007
decay_start_ratio: 0.2
decay_min_factor: 0.2
bandwith_kernel: None
no_interact: False
avg_score: -1306.93994140625
median_score: -1308.0
std_score: 51.288368225097656
percentiles: 2%=-1414.02001953125, 5%=-1404.1500244140625, 10%=-1368.199951171875, 25%=-1343.0, 50%=-1308.0, 75%=-1271.0, 90%=-1240.9000244140625, 95%=-1231.8499755859375, 98%=-1210.800048828125
ranking_best_algo: BigLognormalDiscreteOnePlusOne
ranking_best_score: 1301.3600000000004
ranking_my_rank: 1/504 (100.0%)
ranking_my_percent: 100.0
