ConfigName: kjsd__advperagentrankweighted__M3__L18__eps0p01__g0p003__ds0p1__dm0p2
Problem: NK
Kernel: jsd
Advantage: peragentrankweighted
M: 3
lambda: 18
epsilon_svgd: 0.01
gamma: 0.003
decay_start_ratio: 0.1
decay_min_factor: 0.2
bandwith_kernel: None
no_interact: False
avg_score: 0.7528395056724548
median_score: 0.752627968788147
std_score: 0.013701020739972591
percentiles: 2%=0.7243217825889587, 5%=0.7295374870300293, 10%=0.7365104556083679, 25%=0.7433305978775024, 50%=0.752627968788147, 75%=0.7603926658630371, 90%=0.7715000510215759, 95%=0.7740834951400757, 98%=0.7795813679695129
ranking_best_algo: Tabu
ranking_best_score: 0.7657846284375001
ranking_my_rank: 9/504 (98.4%)
ranking_my_percent: 98.41269841269842
