ConfigName: kjsd__advperagentrankweighted__M3__L18__eps0p007__g0p0007__ds0p2__dm0p05
Problem: QUBO
Kernel: jsd
Advantage: peragentrankweighted
M: 3
lambda: 18
epsilon_svgd: 0.007
gamma: 0.0007
decay_start_ratio: 0.2
decay_min_factor: 0.05
bandwith_kernel: None
no_interact: False
avg_score: -1301.3399658203125
median_score: -1300.0
std_score: 58.80904769897461
percentiles: 2%=-1438.0999755859375, 5%=-1393.050048828125, 10%=-1373.4000244140625, 25%=-1335.75, 50%=-1300.0, 75%=-1261.0, 90%=-1230.9000244140625, 95%=-1202.800048828125, 98%=-1195.5799560546875
ranking_best_algo: BigLognormalDiscreteOnePlusOne
ranking_best_score: 1301.3600000000004
ranking_my_rank: 2/504 (99.8%)
ranking_my_percent: 99.8015873015873
