ConfigName: kjsd__advperagentrankweighted__M3__L18__eps0p01__g0p001__ds0p1__dm0p2
Problem: NK
Kernel: jsd
Advantage: peragentrankweighted
M: 3
lambda: 18
epsilon_svgd: 0.01
gamma: 0.001
decay_start_ratio: 0.1
decay_min_factor: 0.2
bandwith_kernel: None
no_interact: False
avg_score: 0.7321387529373169
median_score: 0.7326866388320923
std_score: 0.00882304273545742
percentiles: 2%=0.7165272235870361, 5%=0.7189800143241882, 10%=0.7213000059127808, 25%=0.7256401181221008, 50%=0.7326866388320923, 75%=0.7369596362113953, 90%=0.7423855066299438, 95%=0.7448624968528748, 98%=0.7481542229652405
ranking_best_algo: Tabu
ranking_best_score: 0.7429702712499999
ranking_my_rank: 2/504 (99.8%)
ranking_my_percent: 99.8015873015873
