ConfigName: kjsd__advperagentrankweighted__M5__L10__eps0p03__g0p0003__ds0p05__dm0p05
Problem: QUBO
Kernel: jsd
Advantage: peragentrankweighted
M: 5
lambda: 10
epsilon_svgd: 0.03
gamma: 0.0003
decay_start_ratio: 0.05
decay_min_factor: 0.05
bandwith_kernel: None
no_interact: False
avg_score: -305.44000244140625
median_score: -304.0
std_score: 38.855709075927734
percentiles: 2%=-388.0400085449219, 5%=-380.1000061035156, 10%=-352.3999938964844, 25%=-334.0, 50%=-304.0, 75%=-276.5, 90%=-252.6999969482422, 95%=-246.0, 98%=-241.9600067138672
ranking_best_algo: CMApara
ranking_best_score: 319.29999999999995
ranking_my_rank: 130/504 (74.4%)
ranking_my_percent: 74.4047619047619
