ConfigName: kjsd__advperagentrankweighted__M5__L12__eps0p008__g0p0005__ds0p05__dm0p05
Problem: NK
Kernel: jsd
Advantage: peragentrankweighted
M: 5
lambda: 12
epsilon_svgd: 0.008
gamma: 0.0005
decay_start_ratio: 0.05
decay_min_factor: 0.05
bandwith_kernel: None
no_interact: False
avg_score: 0.7449509501457214
median_score: 0.7423104643821716
std_score: 0.028225738555192947
percentiles: 2%=0.694450855255127, 5%=0.7092204689979553, 10%=0.7130970358848572, 25%=0.725564181804657, 50%=0.7423104643821716, 75%=0.7580437064170837, 90%=0.7783373594284058, 95%=0.8065958023071289, 98%=0.8118547797203064
ranking_best_algo: CMApara
ranking_best_score: 0.7459277895312499
ranking_my_rank: 2/504 (99.8%)
ranking_my_percent: 99.8015873015873
