ConfigName: krbf__advnormalizedfitness__M2__L10__eps0p015__g0p005__ds0p15__dm0p3
Problem: QUBO
Kernel: rbf
Advantage: normalizedfitness
M: 2
lambda: 10
epsilon_svgd: 0.015
gamma: 0.005
decay_start_ratio: 0.15
decay_min_factor: 0.3
bandwith_kernel: None
no_interact: False
avg_score: -932.0800170898438
median_score: -927.0
std_score: 64.51738739013672
percentiles: 2%=-1062.06005859375, 5%=-1048.300048828125, 10%=-1034.300048828125, 25%=-976.25, 50%=-927.0, 75%=-885.75, 90%=-856.0, 95%=-832.9000244140625, 98%=-812.97998046875
ranking_best_algo: CMApara
ranking_best_score: 964.9
ranking_my_rank: 19/504 (96.4%)
ranking_my_percent: 96.42857142857143
