ConfigName: krbf__advglobalrankweighted__M4__L11__eps0p015__g0p007__ds0p01__dm0p01
Problem: QUBO
Kernel: rbf
Advantage: globalrankweighted
M: 4
lambda: 11
epsilon_svgd: 0.015
gamma: 0.007
decay_start_ratio: 0.01
decay_min_factor: 0.01
bandwith_kernel: None
no_interact: False
avg_score: -1233.6800537109375
median_score: -1241.0
std_score: 80.60197448730469
percentiles: 2%=-1383.1800537109375, 5%=-1371.050048828125, 10%=-1344.0999755859375, 25%=-1293.0, 50%=-1241.0, 75%=-1186.0, 90%=-1117.5, 95%=-1104.5, 98%=-1076.8800048828125
ranking_best_algo: BigLognormalDiscreteOnePlusOne
ranking_best_score: 1301.3600000000004
ranking_my_rank: 63/504 (87.7%)
ranking_my_percent: 87.6984126984127
