ConfigName: krbf__advnormalizedfitness__M5__L24__eps0p03__g0p005__ds0p05__dm0p05
Problem: NK
Kernel: rbf
Advantage: normalizedfitness
M: 5
lambda: 24
epsilon_svgd: 0.03
gamma: 0.005
decay_start_ratio: 0.05
decay_min_factor: 0.05
bandwith_kernel: None
no_interact: False
avg_score: 0.6694561243057251
median_score: 0.6676551699638367
std_score: 0.015670720487833023
percentiles: 2%=0.6466169357299805, 5%=0.6489671468734741, 10%=0.6516987681388855, 25%=0.6575730443000793, 50%=0.6676551699638367, 75%=0.6798440217971802, 90%=0.6902259588241577, 95%=0.6964784860610962, 98%=0.7041550874710083
ranking_best_algo: PBIL
ranking_best_score: 0.733570253046875
ranking_my_rank: 259/504 (48.8%)
ranking_my_percent: 48.80952380952381
