ConfigName: kfr__advglobalrankweighted__M4__L24__eps0p01__g0p007__ds0p01__dm0p01
Problem: QUBO
Kernel: fr
Advantage: globalrankweighted
M: 4
lambda: 24
epsilon_svgd: 0.01
gamma: 0.007
decay_start_ratio: 0.01
decay_min_factor: 0.01
bandwith_kernel: None
no_interact: False
avg_score: -938.719970703125
median_score: -937.0
std_score: 86.29148864746094
percentiles: 2%=-1141.5999755859375, 5%=-1087.8499755859375, 10%=-1062.0999755859375, 25%=-978.25, 50%=-937.0, 75%=-875.0, 90%=-839.0, 95%=-826.0499877929688, 98%=-797.0
ranking_best_algo: NLOPT_LN_PRAXIS
ranking_best_score: 1607.12
ranking_my_rank: 324/504 (35.9%)
ranking_my_percent: 35.91269841269841
