ConfigName: krbf__advnormalizedfitness__M4__L8__eps0p015__g0p007__ds0p3__dm0p3
Problem: QUBO
Kernel: rbf
Advantage: normalizedfitness
M: 4
lambda: 8
epsilon_svgd: 0.015
gamma: 0.007
decay_start_ratio: 0.3
decay_min_factor: 0.3
bandwith_kernel: None
no_interact: False
avg_score: -1885.3399658203125
median_score: -1854.5
std_score: 175.13572692871094
percentiles: 2%=-2254.159912109375, 5%=-2204.699951171875, 10%=-2156.39990234375, 25%=-2001.25, 50%=-1854.5, 75%=-1775.75, 90%=-1667.800048828125, 95%=-1611.550048828125, 98%=-1579.719970703125
ranking_best_algo: SVM1MetaModelLogNormal
ranking_best_score: 2605.14
ranking_my_rank: 313/504 (38.1%)
ranking_my_percent: 38.095238095238095
