ConfigName: kjsd__advperagentrankweighted__M3__L18__eps0p007__g0p0005__ds0p05__dm0p1
Problem: QUBO
Kernel: jsd
Advantage: peragentrankweighted
M: 3
lambda: 18
epsilon_svgd: 0.007
gamma: 0.0005
decay_start_ratio: 0.05
decay_min_factor: 0.1
bandwith_kernel: None
no_interact: False
avg_score: -935.3400268554688
median_score: -929.5
std_score: 65.09580993652344
percentiles: 2%=-1074.0, 5%=-1050.75, 10%=-1023.2000122070312, 25%=-983.5, 50%=-929.5, 75%=-879.0, 90%=-859.9000244140625, 95%=-838.9000244140625, 98%=-822.97998046875
ranking_best_algo: CMApara
ranking_best_score: 964.9
ranking_my_rank: 16/504 (97.0%)
ranking_my_percent: 97.02380952380952
