ConfigName: kjsd__advperagentrankweighted__M5__L28__eps0p005__g0p0005__ds0p3__dm0p05
Problem: QUBO
Kernel: jsd
Advantage: peragentrankweighted
M: 5
lambda: 28
epsilon_svgd: 0.005
gamma: 0.0005
decay_start_ratio: 0.3
decay_min_factor: 0.05
bandwith_kernel: None
no_interact: False
avg_score: -310.8800048828125
median_score: -313.0
std_score: 38.37323760986328
percentiles: 2%=-392.0, 5%=-388.1000061035156, 10%=-360.79998779296875, 25%=-338.0, 50%=-313.0, 75%=-275.75, 90%=-266.0, 95%=-260.0, 98%=-252.0
ranking_best_algo: CMApara
ranking_best_score: 319.29999999999995
ranking_my_rank: 40/504 (92.3%)
ranking_my_percent: 92.26190476190476
