ConfigName: krbf__advnormalizedfitness__M3__L15__eps0p015__g0p005__ds0p01__dm0p3
Problem: NK
Kernel: rbf
Advantage: normalizedfitness
M: 3
lambda: 15
epsilon_svgd: 0.015
gamma: 0.005
decay_start_ratio: 0.01
decay_min_factor: 0.3
bandwith_kernel: None
no_interact: False
avg_score: 0.7023446559906006
median_score: 0.7046011686325073
std_score: 0.012229952961206436
percentiles: 2%=0.6813140511512756, 5%=0.6846544146537781, 10%=0.6870301961898804, 25%=0.6901659369468689, 50%=0.7046011686325073, 75%=0.7135950326919556, 90%=0.7160794734954834, 95%=0.7195096611976624, 98%=0.7205386757850647
ranking_best_algo: PBIL
ranking_best_score: 0.7013553837109374
ranking_my_rank: 1/504 (100.0%)
ranking_my_percent: 100.0
