ConfigName: kjsd__advperagentrankweighted__M4__L8__eps0p01__g0p0005__ds0p2__dm0p05
Problem: QUBO
Kernel: jsd
Advantage: peragentrankweighted
M: 4
lambda: 8
epsilon_svgd: 0.01
gamma: 0.0005
decay_start_ratio: 0.2
decay_min_factor: 0.05
bandwith_kernel: None
no_interact: False
avg_score: -940.52001953125
median_score: -935.0
std_score: 68.70626068115234
percentiles: 2%=-1074.0400390625, 5%=-1062.4000244140625, 10%=-1047.199951171875, 25%=-981.5, 50%=-935.0, 75%=-894.75, 90%=-850.5999755859375, 95%=-834.9000244140625, 98%=-822.6400146484375
ranking_best_algo: CMApara
ranking_best_score: 964.9
ranking_my_rank: 6/504 (99.0%)
ranking_my_percent: 99.0079365079365
