ConfigName: krbf__advnormalizedfitness__M3__L10__eps0p025__g0p007__ds0p3__dm0p3
Problem: QUBO
Kernel: rbf
Advantage: normalizedfitness
M: 3
lambda: 10
epsilon_svgd: 0.025
gamma: 0.007
decay_start_ratio: 0.3
decay_min_factor: 0.3
bandwith_kernel: None
no_interact: False
avg_score: -436.8399963378906
median_score: -441.0
std_score: 26.068645477294922
percentiles: 2%=-485.0, 5%=-479.0, 10%=-469.20001220703125, 25%=-457.25, 50%=-441.0, 75%=-420.0, 90%=-397.8999938964844, 95%=-390.7500305175781, 98%=-384.9599914550781
ranking_best_algo: CMApara
ranking_best_score: 453.82
ranking_my_rank: 30/504 (94.2%)
ranking_my_percent: 94.24603174603175
