ConfigName: kjsd__advperagentrankweighted__M5__L10__eps0p005__g0p0005__ds0p4__dm0p05
Problem: QUBO
Kernel: jsd
Advantage: peragentrankweighted
M: 5
lambda: 10
epsilon_svgd: 0.005
gamma: 0.0005
decay_start_ratio: 0.4
decay_min_factor: 0.05
bandwith_kernel: None
no_interact: False
avg_score: -442.5799865722656
median_score: -439.0
std_score: 26.478361129760742
percentiles: 2%=-498.0, 5%=-489.25, 10%=-477.20001220703125, 25%=-461.0, 50%=-439.0, 75%=-422.5, 90%=-413.8999938964844, 95%=-402.95001220703125, 98%=-400.94000244140625
ranking_best_algo: CMApara
ranking_best_score: 453.82
ranking_my_rank: 9/504 (98.4%)
ranking_my_percent: 98.41269841269842
