ConfigName: kjsd__advperagentrankweighted__M4__L24__eps0p03__g0p0003__ds0p2__dm0p05
Problem: NK
Kernel: jsd
Advantage: peragentrankweighted
M: 4
lambda: 24
epsilon_svgd: 0.03
gamma: 0.0003
decay_start_ratio: 0.2
decay_min_factor: 0.05
bandwith_kernel: None
no_interact: False
avg_score: 0.7073939442634583
median_score: 0.7086294889450073
std_score: 0.01563095673918724
percentiles: 2%=0.6678900718688965, 5%=0.6695148944854736, 10%=0.6911789774894714, 25%=0.7027839422225952, 50%=0.7086294889450073, 75%=0.7161389589309692, 90%=0.7242090106010437, 95%=0.7311757802963257, 98%=0.7329195141792297
ranking_best_algo: CMApara
ranking_best_score: 0.707475975
ranking_my_rank: 2/504 (99.8%)
ranking_my_percent: 99.8015873015873
