ConfigName: krbf__advnormalizedfitness__M3__L10__eps0p015__g0p015__ds0p15__dm0p01
Problem: NK
Kernel: rbf
Advantage: normalizedfitness
M: 3
lambda: 10
epsilon_svgd: 0.015
gamma: 0.015
decay_start_ratio: 0.15
decay_min_factor: 0.01
bandwith_kernel: None
no_interact: False
avg_score: 0.7000100612640381
median_score: 0.7035325765609741
std_score: 0.012318620458245277
percentiles: 2%=0.679144024848938, 5%=0.6814282536506653, 10%=0.6841141581535339, 25%=0.6879433989524841, 50%=0.7035325765609741, 75%=0.7106174230575562, 90%=0.7138974070549011, 95%=0.7165039777755737, 98%=0.7192068696022034
ranking_best_algo: PBIL
ranking_best_score: 0.7013553837109374
ranking_my_rank: 2/504 (99.8%)
ranking_my_percent: 99.8015873015873
