ConfigName: krbf__advnormalizedfitness__M3__L10__eps0p033__g0p01__ds0p3__dm0p01
Problem: NK
Kernel: rbf
Advantage: normalizedfitness
M: 3
lambda: 10
epsilon_svgd: 0.033
gamma: 0.01
decay_start_ratio: 0.3
decay_min_factor: 0.01
bandwith_kernel: None
no_interact: False
avg_score: 0.7578907608985901
median_score: 0.7569959163665771
std_score: 0.012761980295181274
percentiles: 2%=0.7332596182823181, 5%=0.7368907332420349, 10%=0.7415330410003662, 25%=0.7509303092956543, 50%=0.7569959163665771, 75%=0.7663318514823914, 90%=0.7756019234657288, 95%=0.7796922326087952, 98%=0.7853617072105408
ranking_best_algo: Tabu
ranking_best_score: 0.7470791764843752
ranking_my_rank: 1/504 (100.0%)
ranking_my_percent: 100.0
