ConfigName: krbf__advnormalizedfitness__M1__L8__eps0p015__g0p01__ds0p3__dm0p01
Problem: QUBO
Kernel: rbf
Advantage: normalizedfitness
M: 1
lambda: 8
epsilon_svgd: 0.015
gamma: 0.01
decay_start_ratio: 0.3
decay_min_factor: 0.01
bandwith_kernel: None
no_interact: False
avg_score: -916.7999877929688
median_score: -915.0
std_score: 76.5925521850586
percentiles: 2%=-1072.0400390625, 5%=-1060.25, 10%=-1033.5, 25%=-958.25, 50%=-915.0, 75%=-863.75, 90%=-827.0, 95%=-796.550048828125, 98%=-776.679931640625
ranking_best_algo: CMApara
ranking_best_score: 964.9
ranking_my_rank: 68/504 (86.7%)
ranking_my_percent: 86.7063492063492
