ConfigName: kjsd__advperagentrankweighted__M5__L28__eps0p005__g0p0005__ds0p3__dm0p05
Problem: NK
Kernel: jsd
Advantage: peragentrankweighted
M: 5
lambda: 28
epsilon_svgd: 0.005
gamma: 0.0005
decay_start_ratio: 0.3
decay_min_factor: 0.05
bandwith_kernel: None
no_interact: False
avg_score: 0.7108159065246582
median_score: 0.711262583732605
std_score: 0.015332997776567936
percentiles: 2%=0.6713463068008423, 5%=0.6735966205596924, 10%=0.6967476010322571, 25%=0.7074663639068604, 50%=0.711262583732605, 75%=0.7204930782318115, 90%=0.7254900336265564, 95%=0.7319313883781433, 98%=0.7326785922050476
ranking_best_algo: CMApara
ranking_best_score: 0.707475975
ranking_my_rank: 1/504 (100.0%)
ranking_my_percent: 100.0
