ConfigName: krbf__advnormalizedfitness__M4__L15__eps0p03__g0p001__ds0p05__dm0p05
Problem: QUBO
Kernel: rbf
Advantage: normalizedfitness
M: 4
lambda: 15
epsilon_svgd: 0.03
gamma: 0.001
decay_start_ratio: 0.05
decay_min_factor: 0.05
bandwith_kernel: None
no_interact: False
avg_score: -197.94000244140625
median_score: -197.0
std_score: 13.025989532470703
percentiles: 2%=-224.0, 5%=-222.0, 10%=-219.0, 25%=-205.25, 50%=-197.0, 75%=-188.0, 90%=-181.89999389648438, 95%=-177.89999389648438, 98%=-174.94000244140625
ranking_best_algo: Tabu
ranking_best_score: 208.36000000000004
ranking_my_rank: 106/504 (79.2%)
ranking_my_percent: 79.16666666666667
