ConfigName: kjsd__advperagentrankweighted__M4__L20__eps0p007__g0p001__ds0p05__dm0p05
Problem: QUBO
Kernel: jsd
Advantage: peragentrankweighted
M: 4
lambda: 20
epsilon_svgd: 0.007
gamma: 0.001
decay_start_ratio: 0.05
decay_min_factor: 0.05
bandwith_kernel: None
no_interact: False
avg_score: -139.8000030517578
median_score: -141.0
std_score: 11.278297424316406
percentiles: 2%=-159.02000427246094, 5%=-158.0500030517578, 10%=-155.10000610351562, 25%=-147.25, 50%=-141.0, 75%=-131.0, 90%=-127.0, 95%=-122.9000015258789, 98%=-117.0
ranking_best_algo: DiscreteDE
ranking_best_score: 143.4
ranking_my_rank: 81/504 (84.1%)
ranking_my_percent: 84.12698412698413
