ConfigName: krbf__advnormalizedfitness__M3__L8__eps0p033__g0p01__ds0p15__dm0p01
Problem: NK
Kernel: rbf
Advantage: normalizedfitness
M: 3
lambda: 8
epsilon_svgd: 0.033
gamma: 0.01
decay_start_ratio: 0.15
decay_min_factor: 0.01
bandwith_kernel: None
no_interact: False
avg_score: 0.7074847221374512
median_score: 0.7094821929931641
std_score: 0.01200893335044384
percentiles: 2%=0.6876846551895142, 5%=0.6893028020858765, 10%=0.691146194934845, 25%=0.6963525414466858, 50%=0.7094821929931641, 75%=0.7176271677017212, 90%=0.7214067578315735, 95%=0.7244063019752502, 98%=0.724860429763794
ranking_best_algo: PBIL
ranking_best_score: 0.7013553837109374
ranking_my_rank: 1/504 (100.0%)
ranking_my_percent: 100.0
