ConfigName: kjsd__advperagentrankweighted__M3__L18__eps0p007__g0p0005__ds0p05__dm0p2
Problem: NK
Kernel: jsd
Advantage: peragentrankweighted
M: 3
lambda: 18
epsilon_svgd: 0.007
gamma: 0.0005
decay_start_ratio: 0.05
decay_min_factor: 0.2
bandwith_kernel: None
no_interact: False
avg_score: 0.7430799603462219
median_score: 0.7403982281684875
std_score: 0.027411866933107376
percentiles: 2%=0.703238308429718, 5%=0.7083387970924377, 10%=0.7123077511787415, 25%=0.721757173538208, 50%=0.7403982281684875, 75%=0.7556831240653992, 90%=0.7754889130592346, 95%=0.8044298887252808, 98%=0.8045602440834045
ranking_best_algo: CMApara
ranking_best_score: 0.7459277895312499
ranking_my_rank: 13/504 (97.6%)
ranking_my_percent: 97.61904761904762
