ConfigName: kjsd__advperagentrankweighted__M4__L8__eps0p005__g0p0005__ds0p4__dm0p05
Problem: NK
Kernel: jsd
Advantage: peragentrankweighted
M: 4
lambda: 8
epsilon_svgd: 0.005
gamma: 0.0005
decay_start_ratio: 0.4
decay_min_factor: 0.05
bandwith_kernel: None
no_interact: False
avg_score: 0.7424538135528564
median_score: 0.7408133745193481
std_score: 0.027993494644761086
percentiles: 2%=0.6959517002105713, 5%=0.7048667669296265, 10%=0.7109566926956177, 25%=0.7216087579727173, 50%=0.7408133745193481, 75%=0.7578222155570984, 90%=0.7752776741981506, 95%=0.8044298887252808, 98%=0.8109671473503113
ranking_best_algo: CMApara
ranking_best_score: 0.7459277895312499
ranking_my_rank: 20/504 (96.2%)
ranking_my_percent: 96.23015873015873
