ConfigName: krbf__advnormalizedfitness__M3__L10__eps0p015__g0p005__ds0p15__dm0p3
Problem: QUBO
Kernel: rbf
Advantage: normalizedfitness
M: 3
lambda: 10
epsilon_svgd: 0.015
gamma: 0.005
decay_start_ratio: 0.15
decay_min_factor: 0.3
bandwith_kernel: None
no_interact: False
avg_score: -1516.56005859375
median_score: -1511.0
std_score: 89.4417495727539
percentiles: 2%=-1720.1600341796875, 5%=-1679.0, 10%=-1630.5999755859375, 25%=-1575.25, 50%=-1511.0, 75%=-1451.0, 90%=-1412.5999755859375, 95%=-1382.5, 98%=-1344.9599609375
ranking_best_algo: NLOPT_LN_PRAXIS
ranking_best_score: 1607.12
ranking_my_rank: 68/504 (86.7%)
ranking_my_percent: 86.7063492063492
