ConfigName: krbf__advnormalizedfitness__M2__L6__eps0p01__g0p006__ds0p3__dm0p01
Problem: NK
Kernel: rbf
Advantage: normalizedfitness
M: 2
lambda: 6
epsilon_svgd: 0.01
gamma: 0.006
decay_start_ratio: 0.3
decay_min_factor: 0.01
bandwith_kernel: None
no_interact: False
avg_score: 0.7345249652862549
median_score: 0.7357292175292969
std_score: 0.008783913217484951
percentiles: 2%=0.7146660089492798, 5%=0.7176753282546997, 10%=0.7214091420173645, 25%=0.7293066382408142, 50%=0.7357292175292969, 75%=0.7412770986557007, 90%=0.7445663809776306, 95%=0.7465558052062988, 98%=0.7484428882598877
ranking_best_algo: PBIL
ranking_best_score: 0.7248786399609374
ranking_my_rank: 1/504 (100.0%)
ranking_my_percent: 100.0
