ConfigName: kjsd__advperagentrankweighted__M3__L30__eps0p007__g0p0005__ds0p1__dm0p05
Problem: QUBO
Kernel: jsd
Advantage: peragentrankweighted
M: 3
lambda: 30
epsilon_svgd: 0.007
gamma: 0.0005
decay_start_ratio: 0.1
decay_min_factor: 0.05
bandwith_kernel: None
no_interact: False
avg_score: -411.6600036621094
median_score: -416.0
std_score: 27.594280242919922
percentiles: 2%=-471.0400085449219, 5%=-455.6000061035156, 10%=-446.29998779296875, 25%=-427.25, 50%=-416.0, 75%=-393.5, 90%=-375.79998779296875, 95%=-370.0, 98%=-359.9200134277344
ranking_best_algo: Tabu
ranking_best_score: 438.12
ranking_my_rank: 77/504 (84.9%)
ranking_my_percent: 84.92063492063492
