ConfigName: krbf__advnormalizedfitness__M5__L24__eps0p025__g0p005__ds0p05__dm0p05
Problem: QUBO
Kernel: rbf
Advantage: normalizedfitness
M: 5
lambda: 24
epsilon_svgd: 0.025
gamma: 0.005
decay_start_ratio: 0.05
decay_min_factor: 0.05
bandwith_kernel: None
no_interact: False
avg_score: -329.5
median_score: -334.0
std_score: 17.350215911865234
percentiles: 2%=-361.17999267578125, 5%=-354.0, 10%=-350.0, 25%=-341.25, 50%=-334.0, 75%=-318.75, 90%=-303.79998779296875, 95%=-298.0, 98%=-295.9599914550781
ranking_best_algo: CMApara
ranking_best_score: 344.22
ranking_my_rank: 81/504 (84.1%)
ranking_my_percent: 84.12698412698413
