ConfigName: krbf__advnormalizedfitness__M4__L12__eps0p015__g0p005__ds0p15__dm0p3
Problem: NK
Kernel: rbf
Advantage: normalizedfitness
M: 4
lambda: 12
epsilon_svgd: 0.015
gamma: 0.005
decay_start_ratio: 0.15
decay_min_factor: 0.3
bandwith_kernel: None
no_interact: False
avg_score: 0.7472643852233887
median_score: 0.7492341995239258
std_score: 0.01593184471130371
percentiles: 2%=0.714045524597168, 5%=0.7190520167350769, 10%=0.7245216965675354, 25%=0.7362669110298157, 50%=0.7492341995239258, 75%=0.7576075792312622, 90%=0.766908586025238, 95%=0.7714155316352844, 98%=0.7775611281394958
ranking_best_algo: Tabu
ranking_best_score: 0.7657846284375001
ranking_my_rank: 35/504 (93.3%)
ranking_my_percent: 93.25396825396825
