ConfigName: krbf__advnormalizedfitness__M4__L15__eps0p025__g0p007__ds0p3__dm0p01
Problem: NK
Kernel: rbf
Advantage: normalizedfitness
M: 4
lambda: 15
epsilon_svgd: 0.025
gamma: 0.007
decay_start_ratio: 0.3
decay_min_factor: 0.01
bandwith_kernel: None
no_interact: False
avg_score: 0.7435438632965088
median_score: 0.743905782699585
std_score: 0.015372094698250294
percentiles: 2%=0.7142640352249146, 5%=0.7189880013465881, 10%=0.7239939570426941, 25%=0.7328413128852844, 50%=0.743905782699585, 75%=0.7538516521453857, 90%=0.7648487091064453, 95%=0.7675673961639404, 98%=0.771996021270752
ranking_best_algo: Tabu
ranking_best_score: 0.7470791764843752
ranking_my_rank: 3/504 (99.6%)
ranking_my_percent: 99.60317460317461
