ConfigName: krbf__advnormalizedfitness__M4__L10__eps0p025__g0p015__ds0p15__dm0p3
Problem: QUBO
Kernel: rbf
Advantage: normalizedfitness
M: 4
lambda: 10
epsilon_svgd: 0.025
gamma: 0.015
decay_start_ratio: 0.15
decay_min_factor: 0.3
bandwith_kernel: None
no_interact: False
avg_score: -355.3599853515625
median_score: -356.5
std_score: 32.9100341796875
percentiles: 2%=-419.0, 5%=-405.1000061035156, 10%=-396.1000061035156, 25%=-379.0, 50%=-356.5, 75%=-328.0, 90%=-306.8999938964844, 95%=-302.9000244140625, 98%=-292.94000244140625
ranking_best_algo: CMAL3
ranking_best_score: 435.36
ranking_my_rank: 327/504 (35.3%)
ranking_my_percent: 35.317460317460316
