ConfigName: krbf__advnormalizedfitness__M4__L12__eps0p015__g0p015__ds0p15__dm0p3
Problem: NK
Kernel: rbf
Advantage: normalizedfitness
M: 4
lambda: 12
epsilon_svgd: 0.015
gamma: 0.015
decay_start_ratio: 0.15
decay_min_factor: 0.3
bandwith_kernel: None
no_interact: False
avg_score: 0.6240583658218384
median_score: 0.6232116222381592
std_score: 0.010569076985120773
percentiles: 2%=0.6055724620819092, 5%=0.6080661416053772, 10%=0.6103112697601318, 25%=0.6170741319656372, 50%=0.6232116222381592, 75%=0.631313681602478, 90%=0.6377283334732056, 95%=0.6421746015548706, 98%=0.6481466293334961
ranking_best_algo: Tabu
ranking_best_score: 0.7470791764843752
ranking_my_rank: 379/504 (25.0%)
ranking_my_percent: 25.0
