ConfigName: kjsd__advperagentrankweighted__M6__L8__eps0p03__g0p0003__ds0p05__dm0p05
Problem: NK
Kernel: jsd
Advantage: peragentrankweighted
M: 6
lambda: 8
epsilon_svgd: 0.03
gamma: 0.0003
decay_start_ratio: 0.05
decay_min_factor: 0.05
bandwith_kernel: None
no_interact: False
avg_score: 0.7018083930015564
median_score: 0.7019348740577698
std_score: 0.01211713720113039
percentiles: 2%=0.6829076409339905, 5%=0.6836289763450623, 10%=0.6848476529121399, 25%=0.6917348504066467, 50%=0.7019348740577698, 75%=0.7121864557266235, 90%=0.71693354845047, 95%=0.7195296883583069, 98%=0.7205860018730164
ranking_best_algo: PBIL
ranking_best_score: 0.7013553837109374
ranking_my_rank: 1/504 (100.0%)
ranking_my_percent: 100.0
