ConfigName: krbf__advnormalizedfitness__M4__L8__eps0p033__g0p007__ds0p01__dm0p01
Problem: QUBO
Kernel: rbf
Advantage: normalizedfitness
M: 4
lambda: 8
epsilon_svgd: 0.033
gamma: 0.007
decay_start_ratio: 0.01
decay_min_factor: 0.01
bandwith_kernel: None
no_interact: False
avg_score: -202.10000610351562
median_score: -203.0
std_score: 11.69743537902832
percentiles: 2%=-224.0, 5%=-222.10000610351562, 10%=-219.0, 25%=-209.0, 50%=-203.0, 75%=-195.0, 90%=-184.89999389648438, 95%=-182.95001220703125, 98%=-179.91998291015625
ranking_best_algo: Tabu
ranking_best_score: 208.36000000000004
ranking_my_rank: 35/504 (93.3%)
ranking_my_percent: 93.25396825396825
