ConfigName: kjsd__advperagentrankweighted__M3__L24__eps0p005__g0p001__ds0p2__dm0p1
Problem: QUBO
Kernel: jsd
Advantage: peragentrankweighted
M: 3
lambda: 24
epsilon_svgd: 0.005
gamma: 0.001
decay_start_ratio: 0.2
decay_min_factor: 0.1
bandwith_kernel: None
no_interact: False
avg_score: -929.1799926757812
median_score: -926.0
std_score: 66.26301574707031
percentiles: 2%=-1074.0400390625, 5%=-1056.3499755859375, 10%=-1025.199951171875, 25%=-960.5, 50%=-926.0, 75%=-872.75, 90%=-846.7999877929688, 95%=-840.7999877929688, 98%=-826.6799926757812
ranking_best_algo: CMApara
ranking_best_score: 964.9
ranking_my_rank: 20/504 (96.2%)
ranking_my_percent: 96.23015873015873
