ConfigName: kjsd__advperagentrankweighted__M3__L18__eps0p007__g0p0005__ds0p2__dm0p1
Problem: QUBO
Kernel: jsd
Advantage: peragentrankweighted
M: 3
lambda: 18
epsilon_svgd: 0.007
gamma: 0.0005
decay_start_ratio: 0.2
decay_min_factor: 0.1
bandwith_kernel: None
no_interact: False
avg_score: -1627.52001953125
median_score: -1623.0
std_score: 60.884395599365234
percentiles: 2%=-1767.02001953125, 5%=-1739.25, 10%=-1708.300048828125, 25%=-1664.75, 50%=-1623.0, 75%=-1585.25, 90%=-1559.0, 95%=-1535.0, 98%=-1520.52001953125
ranking_best_algo: NLOPT_LN_PRAXIS
ranking_best_score: 1607.12
ranking_my_rank: 1/504 (100.0%)
ranking_my_percent: 100.0
