ConfigName: krbf__advnormalizedfitness__M3__L15__eps0p03__g0p01__ds0p05__dm0p05
Problem: NK
Kernel: rbf
Advantage: normalizedfitness
M: 3
lambda: 15
epsilon_svgd: 0.03
gamma: 0.01
decay_start_ratio: 0.05
decay_min_factor: 0.05
bandwith_kernel: None
no_interact: False
avg_score: 0.7565243244171143
median_score: 0.7547717094421387
std_score: 0.013875877484679222
percentiles: 2%=0.7316424250602722, 5%=0.7349424958229065, 10%=0.7390072345733643, 25%=0.7460914850234985, 50%=0.7547717094421387, 75%=0.7693292498588562, 90%=0.7752635478973389, 95%=0.7779151201248169, 98%=0.7814908623695374
ranking_best_algo: Tabu
ranking_best_score: 0.7470791764843752
ranking_my_rank: 1/504 (100.0%)
ranking_my_percent: 100.0
