ConfigName: krbf__advnormalizedfitness__M5__L8__eps0p03__g0p005__ds0p15__dm0p05
Problem: QUBO
Kernel: rbf
Advantage: normalizedfitness
M: 5
lambda: 8
epsilon_svgd: 0.03
gamma: 0.005
decay_start_ratio: 0.15
decay_min_factor: 0.05
bandwith_kernel: None
no_interact: False
avg_score: -1241.9599609375
median_score: -1237.5
std_score: 74.1507797241211
percentiles: 2%=-1379.52001953125, 5%=-1366.0999755859375, 10%=-1347.199951171875, 25%=-1286.0, 50%=-1237.5, 75%=-1183.75, 90%=-1150.0, 95%=-1122.699951171875, 98%=-1111.0
ranking_best_algo: BigLognormalDiscreteOnePlusOne
ranking_best_score: 1301.3600000000004
ranking_my_rank: 57/504 (88.9%)
ranking_my_percent: 88.88888888888889
