ConfigName: krbf__advnormalizedfitness__M3__L8__eps0p033__g0p015__ds0p01__dm0p01
Problem: NK
Kernel: rbf
Advantage: normalizedfitness
M: 3
lambda: 8
epsilon_svgd: 0.033
gamma: 0.015
decay_start_ratio: 0.01
decay_min_factor: 0.01
bandwith_kernel: None
no_interact: False
avg_score: 0.7293704152107239
median_score: 0.7278810143470764
std_score: 0.0102566909044981
percentiles: 2%=0.7127047181129456, 5%=0.7146580815315247, 10%=0.7166476845741272, 25%=0.7220474481582642, 50%=0.7278810143470764, 75%=0.7369464635848999, 90%=0.7423655986785889, 95%=0.7463999390602112, 98%=0.751937747001648
ranking_best_algo: Tabu
ranking_best_score: 0.7429702712499999
ranking_my_rank: 2/504 (99.8%)
ranking_my_percent: 99.8015873015873
