ConfigName: krbf__advnormalizedfitness__M1__L10__eps0p015__g0p01__ds0p15__dm0p01
Problem: QUBO
Kernel: rbf
Advantage: normalizedfitness
M: 1
lambda: 10
epsilon_svgd: 0.015
gamma: 0.01
decay_start_ratio: 0.15
decay_min_factor: 0.01
bandwith_kernel: None
no_interact: False
avg_score: -299.0
median_score: -291.5
std_score: 39.987998962402344
percentiles: 2%=-390.1199951171875, 5%=-384.0, 10%=-350.3999938964844, 25%=-326.0, 50%=-291.5, 75%=-268.75, 90%=-252.0, 95%=-245.90000915527344, 98%=-239.87997436523438
ranking_best_algo: CMApara
ranking_best_score: 319.29999999999995
ranking_my_rank: 237/504 (53.2%)
ranking_my_percent: 53.17460317460318
