ConfigName: kjsd__advperagentrankweighted__M4__L30__eps0p005__g0p0003__ds0p4__dm0p05
Problem: NK
Kernel: jsd
Advantage: peragentrankweighted
M: 4
lambda: 30
epsilon_svgd: 0.005
gamma: 0.0003
decay_start_ratio: 0.4
decay_min_factor: 0.05
bandwith_kernel: None
no_interact: False
avg_score: 0.7043553590774536
median_score: 0.7018561363220215
std_score: 0.008868280798196793
percentiles: 2%=0.6906651854515076, 5%=0.6918979287147522, 10%=0.6927809715270996, 25%=0.6983423829078674, 50%=0.7018561363220215, 75%=0.7109858989715576, 90%=0.7161896824836731, 95%=0.7184690237045288, 98%=0.7208032011985779
ranking_best_algo: PBIL
ranking_best_score: 0.7170882103515624
ranking_my_rank: 62/504 (87.9%)
ranking_my_percent: 87.89682539682539
