ConfigName: kjsd__advperagentrankweighted__M5__L10__eps0p03__g0p0007__ds0p2__dm0p05
Problem: QUBO
Kernel: jsd
Advantage: peragentrankweighted
M: 5
lambda: 10
epsilon_svgd: 0.03
gamma: 0.0007
decay_start_ratio: 0.2
decay_min_factor: 0.05
bandwith_kernel: None
no_interact: False
avg_score: -1598.699951171875
median_score: -1597.0
std_score: 64.74325561523438
percentiles: 2%=-1738.52001953125, 5%=-1717.300048828125, 10%=-1678.0999755859375, 25%=-1629.5, 50%=-1597.0, 75%=-1554.5, 90%=-1521.5999755859375, 95%=-1503.0, 98%=-1476.6400146484375
ranking_best_algo: NLOPT_LN_PRAXIS
ranking_best_score: 1607.12
ranking_my_rank: 13/504 (97.6%)
ranking_my_percent: 97.61904761904762
