ConfigName: kjsd__advperagentrankweighted__M5__L10__eps0p005__g0p0005__ds0p05__dm0p2
Problem: QUBO
Kernel: jsd
Advantage: peragentrankweighted
M: 5
lambda: 10
epsilon_svgd: 0.005
gamma: 0.0005
decay_start_ratio: 0.05
decay_min_factor: 0.2
bandwith_kernel: None
no_interact: False
avg_score: -418.8800048828125
median_score: -418.0
std_score: 24.78196144104004
percentiles: 2%=-473.0799865722656, 5%=-467.1000061035156, 10%=-451.1000061035156, 25%=-431.5, 50%=-418.0, 75%=-404.0, 90%=-385.79998779296875, 95%=-379.8999938964844, 98%=-375.8399963378906
ranking_best_algo: Tabu
ranking_best_score: 438.12
ranking_my_rank: 33/504 (93.7%)
ranking_my_percent: 93.65079365079364
