ConfigName: krbf__advnormalizedfitness__M4__L15__eps0p033__g0p015__ds0p3__dm0p3
Problem: QUBO
Kernel: rbf
Advantage: normalizedfitness
M: 4
lambda: 15
epsilon_svgd: 0.033
gamma: 0.015
decay_start_ratio: 0.3
decay_min_factor: 0.3
bandwith_kernel: None
no_interact: False
avg_score: -535.47998046875
median_score: -526.5
std_score: 57.14988327026367
percentiles: 2%=-670.5599975585938, 5%=-635.25, 10%=-606.2999877929688, 25%=-565.0, 50%=-526.5, 75%=-499.0, 90%=-465.70001220703125, 95%=-454.70001220703125, 98%=-447.89996337890625
ranking_best_algo: NLOPT_LN_PRAXIS
ranking_best_score: 1607.12
ranking_my_rank: 393/504 (22.2%)
ranking_my_percent: 22.22222222222222
