ConfigName: kjsd__advperagentrankweighted__M4__L20__eps0p007__g0p0005__ds0p05__dm0p2
Problem: QUBO
Kernel: jsd
Advantage: peragentrankweighted
M: 4
lambda: 20
epsilon_svgd: 0.007
gamma: 0.0005
decay_start_ratio: 0.05
decay_min_factor: 0.2
bandwith_kernel: None
no_interact: False
avg_score: -916.8200073242188
median_score: -912.5
std_score: 61.679718017578125
percentiles: 2%=-1040.06005859375, 5%=-1024.1500244140625, 10%=-994.7999877929688, 25%=-961.25, 50%=-912.5, 75%=-875.5, 90%=-844.9000244140625, 95%=-822.6500244140625, 98%=-806.780029296875
ranking_best_algo: CMAL3
ranking_best_score: 928.5800000000002
ranking_my_rank: 15/504 (97.2%)
ranking_my_percent: 97.22222222222223
