ConfigName: krbf__advnormalizedfitness__M3__L12__eps0p015__g0p007__ds0p3__dm0p3
Problem: QUBO
Kernel: rbf
Advantage: normalizedfitness
M: 3
lambda: 12
epsilon_svgd: 0.015
gamma: 0.007
decay_start_ratio: 0.3
decay_min_factor: 0.3
bandwith_kernel: None
no_interact: False
avg_score: -410.6199951171875
median_score: -409.0
std_score: 26.10776710510254
percentiles: 2%=-461.0, 5%=-452.04998779296875, 10%=-449.0, 25%=-426.75, 50%=-409.0, 75%=-393.5, 90%=-375.79998779296875, 95%=-371.95001220703125, 98%=-363.9599914550781
ranking_best_algo: Tabu
ranking_best_score: 438.12
ranking_my_rank: 86/504 (83.1%)
ranking_my_percent: 83.13492063492063
