ConfigName: kjsd__advperagentrankweighted__M4__L8__eps0p005__g0p0007__ds0p4__dm0p05
Problem: QUBO
Kernel: jsd
Advantage: peragentrankweighted
M: 4
lambda: 8
epsilon_svgd: 0.005
gamma: 0.0007
decay_start_ratio: 0.4
decay_min_factor: 0.05
bandwith_kernel: None
no_interact: False
avg_score: -428.17999267578125
median_score: -429.0
std_score: 28.78067970275879
percentiles: 2%=-481.0799865722656, 5%=-475.1000061035156, 10%=-468.1000061035156, 25%=-449.0, 50%=-429.0, 75%=-408.25, 90%=-393.8999938964844, 95%=-388.6499938964844, 98%=-365.8800048828125
ranking_best_algo: CMAL3
ranking_best_score: 435.36
ranking_my_rank: 15/504 (97.2%)
ranking_my_percent: 97.22222222222223
