ConfigName: kjsd__advperagentrankweighted__M10__L24__eps0p005__g0p0005__ds0p3__dm0p05
Problem: QUBO
Kernel: jsd
Advantage: peragentrankweighted
M: 10
lambda: 24
epsilon_svgd: 0.005
gamma: 0.0005
decay_start_ratio: 0.3
decay_min_factor: 0.05
bandwith_kernel: None
no_interact: False
avg_score: -1551.8399658203125
median_score: -1539.5
std_score: 170.34605407714844
percentiles: 2%=-1943.3399658203125, 5%=-1844.199951171875, 10%=-1760.9000244140625, 25%=-1676.5, 50%=-1539.5, 75%=-1421.0, 90%=-1345.9000244140625, 95%=-1299.5, 98%=-1272.4200439453125
ranking_best_algo: DiscreteLengler2OnePlusOne
ranking_best_score: 2617.04
ranking_my_rank: 330/504 (34.7%)
ranking_my_percent: 34.72222222222222
