ConfigName: kjsd__advperagentrankweighted__M10__L10__eps0p008__g0p0005__ds0p05__dm0p05
Problem: NK
Kernel: jsd
Advantage: peragentrankweighted
M: 10
lambda: 10
epsilon_svgd: 0.008
gamma: 0.0005
decay_start_ratio: 0.05
decay_min_factor: 0.05
bandwith_kernel: None
no_interact: False
avg_score: 0.7294219136238098
median_score: 0.7293293476104736
std_score: 0.011686093173921108
percentiles: 2%=0.7098799347877502, 5%=0.7112756371498108, 10%=0.7138382792472839, 25%=0.7212744355201721, 50%=0.7293293476104736, 75%=0.736922025680542, 90%=0.7446337938308716, 95%=0.7486537098884583, 98%=0.7534199953079224
ranking_best_algo: PBIL
ranking_best_score: 0.733570253046875
ranking_my_rank: 3/504 (99.6%)
ranking_my_percent: 99.60317460317461
