ConfigName: kjsd__advperagentrankweighted__M10__L10__eps0p005__g0p0005__ds0p05__dm0p05
Problem: NK
Kernel: jsd
Advantage: peragentrankweighted
M: 10
lambda: 10
epsilon_svgd: 0.005
gamma: 0.0005
decay_start_ratio: 0.05
decay_min_factor: 0.05
bandwith_kernel: None
no_interact: False
avg_score: 0.7239505052566528
median_score: 0.7261759042739868
std_score: 0.010930812917649746
percentiles: 2%=0.7010228633880615, 5%=0.7046059370040894, 10%=0.7090364694595337, 25%=0.7164384722709656, 50%=0.7261759042739868, 75%=0.7314581871032715, 90%=0.7368060350418091, 95%=0.737814724445343, 98%=0.7404550313949585
ranking_best_algo: PBIL
ranking_best_score: 0.7248786399609374
ranking_my_rank: 2/504 (99.8%)
ranking_my_percent: 99.8015873015873
