ConfigName: kjsd__advperagentrankweighted__M4__L24__eps0p02__g0p0003__ds0p05__dm0p05
Problem: NK
Kernel: jsd
Advantage: peragentrankweighted
M: 4
lambda: 24
epsilon_svgd: 0.02
gamma: 0.0003
decay_start_ratio: 0.05
decay_min_factor: 0.05
bandwith_kernel: None
no_interact: False
avg_score: 0.7105380892753601
median_score: 0.70106041431427
std_score: 0.031368955969810486
percentiles: 2%=0.673700749874115, 5%=0.6745544672012329, 10%=0.6757414937019348, 25%=0.6812537908554077, 50%=0.70106041431427, 75%=0.7468891739845276, 90%=0.7532666921615601, 95%=0.756682276725769, 98%=0.7613165378570557
ranking_best_algo: CMApara
ranking_best_score: 0.7118996098437498
ranking_my_rank: 20/504 (96.2%)
ranking_my_percent: 96.23015873015873
