ConfigName: krbf__advnormalizedfitness__M4__L12__eps0p033__g0p01__ds0p01__dm0p01
Problem: QUBO
Kernel: rbf
Advantage: normalizedfitness
M: 4
lambda: 12
epsilon_svgd: 0.033
gamma: 0.01
decay_start_ratio: 0.01
decay_min_factor: 0.01
bandwith_kernel: None
no_interact: False
avg_score: -438.6600036621094
median_score: -439.5
std_score: 24.250450134277344
percentiles: 2%=-485.0400085449219, 5%=-473.1000061035156, 10%=-468.1000061035156, 25%=-456.25, 50%=-439.5, 75%=-423.75, 90%=-409.8999938964844, 95%=-395.95001220703125, 98%=-386.73992919921875
ranking_best_algo: CMApara
ranking_best_score: 453.82
ranking_my_rank: 19/504 (96.4%)
ranking_my_percent: 96.42857142857143
