ConfigName: krbf__advnormalizedfitness__M4__L10__eps0p015__g0p015__ds0p01__dm0p01
Problem: NK
Kernel: rbf
Advantage: normalizedfitness
M: 4
lambda: 10
epsilon_svgd: 0.015
gamma: 0.015
decay_start_ratio: 0.01
decay_min_factor: 0.01
bandwith_kernel: None
no_interact: False
avg_score: 0.6029816269874573
median_score: 0.6028952598571777
std_score: 0.009470457211136818
percentiles: 2%=0.589221179485321, 5%=0.59029221534729, 10%=0.5923998951911926, 25%=0.5961323976516724, 50%=0.6028952598571777, 75%=0.6087352633476257, 90%=0.6126642823219299, 95%=0.617448091506958, 98%=0.6211178302764893
ranking_best_algo: Tabu
ranking_best_score: 0.7429702712499999
ranking_my_rank: 392/504 (22.4%)
ranking_my_percent: 22.42063492063492
