ConfigName: krbf__advnormalizedfitness__M1__L10__eps0p015__g0p005__ds0p01__dm0p01
Problem: QUBO
Kernel: rbf
Advantage: normalizedfitness
M: 1
lambda: 10
epsilon_svgd: 0.015
gamma: 0.005
decay_start_ratio: 0.01
decay_min_factor: 0.01
bandwith_kernel: None
no_interact: False
avg_score: -2549.719970703125
median_score: -2560.0
std_score: 99.7613296508789
percentiles: 2%=-2714.679931640625, 5%=-2703.050048828125, 10%=-2670.300048828125, 25%=-2620.5, 50%=-2560.0, 75%=-2481.0, 90%=-2415.89990234375, 95%=-2387.699951171875, 98%=-2333.159912109375
ranking_best_algo: SVM1MetaModelLogNormal
ranking_best_score: 2605.14
ranking_my_rank: 41/504 (92.1%)
ranking_my_percent: 92.06349206349206
