ConfigName: kjsd__advperagentrankweighted__M3__L16__eps0p01__g0p0007__ds0p05__dm0p1
Problem: NK
Kernel: jsd
Advantage: peragentrankweighted
M: 3
lambda: 16
epsilon_svgd: 0.01
gamma: 0.0007
decay_start_ratio: 0.05
decay_min_factor: 0.1
bandwith_kernel: None
no_interact: False
avg_score: 0.7343445420265198
median_score: 0.7348446846008301
std_score: 0.009738759137690067
percentiles: 2%=0.7158457636833191, 5%=0.718481719493866, 10%=0.7199918627738953, 25%=0.7288126349449158, 50%=0.7348446846008301, 75%=0.739596426486969, 90%=0.7470446825027466, 95%=0.7496763467788696, 98%=0.7520086169242859
ranking_best_algo: PBIL
ranking_best_score: 0.730509098125
ranking_my_rank: 1/504 (100.0%)
ranking_my_percent: 100.0
