ConfigName: krbf__advnormalizedfitness__M4__L10__eps0p03__g0p01__ds0p15__dm0p05
Problem: QUBO
Kernel: rbf
Advantage: normalizedfitness
M: 4
lambda: 10
epsilon_svgd: 0.03
gamma: 0.01
decay_start_ratio: 0.15
decay_min_factor: 0.05
bandwith_kernel: None
no_interact: False
avg_score: -571.780029296875
median_score: -573.0
std_score: 27.996278762817383
percentiles: 2%=-621.0800170898438, 5%=-616.0499877929688, 10%=-607.2000122070312, 25%=-592.25, 50%=-573.0, 75%=-554.75, 90%=-536.0, 95%=-526.9000244140625, 98%=-507.9800109863281
ranking_best_algo: Tabu
ranking_best_score: 588.7199999999999
ranking_my_rank: 62/503 (87.9%)
ranking_my_percent: 87.8727634194831
