ConfigName: kfr__advglobalrankweighted__M4__L5__eps0p03__g0p005__ds0p01__dm0p01
Problem: QUBO
Kernel: fr
Advantage: globalrankweighted
M: 4
lambda: 5
epsilon_svgd: 0.03
gamma: 0.005
decay_start_ratio: 0.01
decay_min_factor: 0.01
bandwith_kernel: None
no_interact: False
avg_score: -138.52000427246094
median_score: -139.0
std_score: 12.40361213684082
percentiles: 2%=-160.0, 5%=-159.0, 10%=-157.0, 25%=-147.0, 50%=-139.0, 75%=-129.0, 90%=-123.0, 95%=-118.94999694824219, 98%=-108.95999908447266
ranking_best_algo: DiscreteDE
ranking_best_score: 143.4
ranking_my_rank: 100/504 (80.4%)
ranking_my_percent: 80.35714285714286
