ConfigName: krbf__advnormalizedfitness__M4__L10__eps0p033__g0p007__ds0p3__dm0p3
Problem: NK
Kernel: rbf
Advantage: normalizedfitness
M: 4
lambda: 10
epsilon_svgd: 0.033
gamma: 0.007
decay_start_ratio: 0.3
decay_min_factor: 0.3
bandwith_kernel: None
no_interact: False
avg_score: 0.6688326001167297
median_score: 0.6665478944778442
std_score: 0.021993344649672508
percentiles: 2%=0.6371314525604248, 5%=0.6379204392433167, 10%=0.6403458118438721, 25%=0.652006983757019, 50%=0.6665478944778442, 75%=0.6854147911071777, 90%=0.6985093355178833, 95%=0.7045416235923767, 98%=0.7123468518257141
ranking_best_algo: Tabu
ranking_best_score: 0.7429702712499999
ranking_my_rank: 311/504 (38.5%)
ranking_my_percent: 38.492063492063494
