ConfigName: kjsd__advperagentrankweighted__M3__L30__eps0p005__g0p001__ds0p2__dm0p2
Problem: QUBO
Kernel: jsd
Advantage: peragentrankweighted
M: 3
lambda: 30
epsilon_svgd: 0.005
gamma: 0.001
decay_start_ratio: 0.2
decay_min_factor: 0.2
bandwith_kernel: None
no_interact: False
avg_score: -2324.5400390625
median_score: -2320.0
std_score: 135.17613220214844
percentiles: 2%=-2603.0, 5%=-2587.14990234375, 10%=-2507.5, 25%=-2395.25, 50%=-2320.0, 75%=-2229.75, 90%=-2151.0, 95%=-2107.699951171875, 98%=-2091.239990234375
ranking_best_algo: SVM1MetaModelLogNormal
ranking_best_score: 2605.14
ranking_my_rank: 150/504 (70.4%)
ranking_my_percent: 70.43650793650794
