ConfigName: kjsd__advperagentrankweighted__M3__L18__eps0p005__g0p001__ds0p2__dm0p2
Problem: QUBO
Kernel: jsd
Advantage: peragentrankweighted
M: 3
lambda: 18
epsilon_svgd: 0.005
gamma: 0.001
decay_start_ratio: 0.2
decay_min_factor: 0.2
bandwith_kernel: None
no_interact: False
avg_score: -907.219970703125
median_score: -901.5
std_score: 62.063934326171875
percentiles: 2%=-1032.199951171875, 5%=-1021.4500122070312, 10%=-996.2999877929688, 25%=-947.5, 50%=-901.5, 75%=-863.75, 90%=-824.9000244140625, 95%=-813.75, 98%=-803.780029296875
ranking_best_algo: CMAL3
ranking_best_score: 928.5800000000002
ranking_my_rank: 56/504 (89.1%)
ranking_my_percent: 89.08730158730158
