ConfigName: kjsd__advperagentrankweighted__M3__L16__eps0p007__g0p0005__ds0p1__dm0p05
Problem: NK
Kernel: jsd
Advantage: peragentrankweighted
M: 3
lambda: 16
epsilon_svgd: 0.007
gamma: 0.0005
decay_start_ratio: 0.1
decay_min_factor: 0.05
bandwith_kernel: None
no_interact: False
avg_score: 0.7065292596817017
median_score: 0.7087624073028564
std_score: 0.011810309253633022
percentiles: 2%=0.6861903667449951, 5%=0.6880584359169006, 10%=0.6909088492393494, 25%=0.6952222585678101, 50%=0.7087624073028564, 75%=0.7163143754005432, 90%=0.7201935648918152, 95%=0.7216183543205261, 98%=0.7240423560142517
ranking_best_algo: PBIL
ranking_best_score: 0.7013553837109374
ranking_my_rank: 1/504 (100.0%)
ranking_my_percent: 100.0
