ConfigName: krbf__advnormalizedfitness__M3__L8__eps0p025__g0p005__ds0p3__dm0p01
Problem: NK
Kernel: rbf
Advantage: normalizedfitness
M: 3
lambda: 8
epsilon_svgd: 0.025
gamma: 0.005
decay_start_ratio: 0.3
decay_min_factor: 0.01
bandwith_kernel: None
no_interact: False
avg_score: 0.745373010635376
median_score: 0.7449025511741638
std_score: 0.00935087725520134
percentiles: 2%=0.7266496419906616, 5%=0.7322825193405151, 10%=0.7347986102104187, 25%=0.738449215888977, 50%=0.7449025511741638, 75%=0.7520239353179932, 90%=0.7569094896316528, 95%=0.7612091898918152, 98%=0.7643584609031677
ranking_best_algo: PBIL
ranking_best_score: 0.733570253046875
ranking_my_rank: 1/504 (100.0%)
ranking_my_percent: 100.0
