ConfigName: kjsd__advperagentrankweighted__M5__L10__eps0p005__g0p0005__ds0p3__dm0p05
Problem: NK
Kernel: jsd
Advantage: peragentrankweighted
M: 5
lambda: 10
epsilon_svgd: 0.005
gamma: 0.0005
decay_start_ratio: 0.3
decay_min_factor: 0.05
bandwith_kernel: None
no_interact: False
avg_score: 0.7570893168449402
median_score: 0.7570911645889282
std_score: 0.0119817815721035
percentiles: 2%=0.7338455319404602, 5%=0.7385938167572021, 10%=0.7403442859649658, 25%=0.7504489421844482, 50%=0.7570911645889282, 75%=0.7648167610168457, 90%=0.7724730968475342, 95%=0.7755330801010132, 98%=0.7815462350845337
ranking_best_algo: Tabu
ranking_best_score: 0.7470791764843752
ranking_my_rank: 1/504 (100.0%)
ranking_my_percent: 100.0
