ConfigName: krbf__advnormalizedfitness__M4__L12__eps0p025__g0p005__ds0p3__dm0p01
Problem: NK
Kernel: rbf
Advantage: normalizedfitness
M: 4
lambda: 12
epsilon_svgd: 0.025
gamma: 0.005
decay_start_ratio: 0.3
decay_min_factor: 0.01
bandwith_kernel: None
no_interact: False
avg_score: 0.7108573913574219
median_score: 0.7114349603652954
std_score: 0.01526628341525793
percentiles: 2%=0.6716063618659973, 5%=0.6739691495895386, 10%=0.6975092887878418, 25%=0.707753598690033, 50%=0.7114349603652954, 75%=0.7204930782318115, 90%=0.7254623174667358, 95%=0.7324782609939575, 98%=0.7333571910858154
ranking_best_algo: CMApara
ranking_best_score: 0.707475975
ranking_my_rank: 1/504 (100.0%)
ranking_my_percent: 100.0
