ConfigName: kjsd__advperagentrankweighted__M4__L24__eps0p03__g0p0005__ds0p2__dm0p05
Problem: QUBO
Kernel: jsd
Advantage: peragentrankweighted
M: 4
lambda: 24
epsilon_svgd: 0.03
gamma: 0.0005
decay_start_ratio: 0.2
decay_min_factor: 0.05
bandwith_kernel: None
no_interact: False
avg_score: -323.9200134277344
median_score: -326.0
std_score: 21.009368896484375
percentiles: 2%=-356.0199890136719, 5%=-354.0, 10%=-350.0, 25%=-340.0, 50%=-326.0, 75%=-308.0, 90%=-292.8999938964844, 95%=-286.0, 98%=-281.9599914550781
ranking_best_algo: CMApara
ranking_best_score: 344.22
ranking_my_rank: 126/504 (75.2%)
ranking_my_percent: 75.1984126984127
