ConfigName: krbf__advnormalizedfitness__M3__L12__eps0p015__g0p007__ds0p3__dm0p01
Problem: QUBO
Kernel: rbf
Advantage: normalizedfitness
M: 3
lambda: 12
epsilon_svgd: 0.015
gamma: 0.007
decay_start_ratio: 0.3
decay_min_factor: 0.01
bandwith_kernel: None
no_interact: False
avg_score: -331.7200012207031
median_score: -338.0
std_score: 20.208948135375977
percentiles: 2%=-372.0, 5%=-361.0, 10%=-350.0, 25%=-343.75, 50%=-338.0, 75%=-320.0, 90%=-300.8999938964844, 95%=-292.95001220703125, 98%=-289.91998291015625
ranking_best_algo: CMApara
ranking_best_score: 344.22
ranking_my_rank: 76/504 (85.1%)
ranking_my_percent: 85.11904761904762
