ConfigName: kjsd__advperagentrankweighted__M5__L10__eps0p005__g0p0005__ds0p05__dm0p05
Problem: QUBO
Kernel: jsd
Advantage: peragentrankweighted
M: 5
lambda: 10
epsilon_svgd: 0.005
gamma: 0.0005
decay_start_ratio: 0.05
decay_min_factor: 0.05
bandwith_kernel: None
no_interact: False
avg_score: -418.9800109863281
median_score: -420.0
std_score: 22.33382225036621
percentiles: 2%=-467.0799865722656, 5%=-454.1499938964844, 10%=-446.3999938964844, 25%=-433.25, 50%=-420.0, 75%=-402.0, 90%=-390.0, 95%=-381.8999938964844, 98%=-373.8800048828125
ranking_best_algo: Tabu
ranking_best_score: 438.12
ranking_my_rank: 33/504 (93.7%)
ranking_my_percent: 93.65079365079364
