ConfigName: kjsd__advperagentrankweighted__M3__L20__eps0p007__g0p0005__ds0p2__dm0p2
Problem: QUBO
Kernel: jsd
Advantage: peragentrankweighted
M: 3
lambda: 20
epsilon_svgd: 0.007
gamma: 0.0005
decay_start_ratio: 0.2
decay_min_factor: 0.2
bandwith_kernel: None
no_interact: False
avg_score: -410.239990234375
median_score: -411.5
std_score: 26.60944366455078
percentiles: 2%=-457.20001220703125, 5%=-452.0, 10%=-443.1000061035156, 25%=-429.25, 50%=-411.5, 75%=-390.75, 90%=-372.0, 95%=-363.8999938964844, 98%=-359.9599914550781
ranking_best_algo: Tabu
ranking_best_score: 438.12
ranking_my_rank: 90/504 (82.3%)
ranking_my_percent: 82.34126984126983
