ConfigName: kjsd__advperagentrankweighted__M3__L16__eps0p007__g0p0007__ds0p1__dm0p1
Problem: QUBO
Kernel: jsd
Advantage: peragentrankweighted
M: 3
lambda: 16
epsilon_svgd: 0.007
gamma: 0.0007
decay_start_ratio: 0.1
decay_min_factor: 0.1
bandwith_kernel: None
no_interact: False
avg_score: -2629.02001953125
median_score: -2626.0
std_score: 123.21720123291016
percentiles: 2%=-2889.3798828125, 5%=-2837.050048828125, 10%=-2788.199951171875, 25%=-2718.5, 50%=-2626.0, 75%=-2537.75, 90%=-2482.800048828125, 95%=-2439.550048828125, 98%=-2406.719970703125
ranking_best_algo: DiscreteLengler2OnePlusOne
ranking_best_score: 2617.04
ranking_my_rank: 1/504 (100.0%)
ranking_my_percent: 100.0
