ConfigName: krbf__advnormalizedfitness__M3__L8__eps0p033__g0p015__ds0p15__dm0p3
Problem: QUBO
Kernel: rbf
Advantage: normalizedfitness
M: 3
lambda: 8
epsilon_svgd: 0.033
gamma: 0.015
decay_start_ratio: 0.15
decay_min_factor: 0.3
bandwith_kernel: None
no_interact: False
avg_score: -1491.8800048828125
median_score: -1501.5
std_score: 92.75669860839844
percentiles: 2%=-1661.1600341796875, 5%=-1624.25, 10%=-1601.5999755859375, 25%=-1557.25, 50%=-1501.5, 75%=-1423.5, 90%=-1358.800048828125, 95%=-1339.9000244140625, 98%=-1317.8199462890625
ranking_best_algo: NLOPT_LN_PRAXIS
ranking_best_score: 1607.12
ranking_my_rank: 81/504 (84.1%)
ranking_my_percent: 84.12698412698413
