ConfigName: kjsd__advperagentrankweighted__M3__L20__eps0p005__g0p001__ds0p1__dm0p05
Problem: QUBO
Kernel: jsd
Advantage: peragentrankweighted
M: 3
lambda: 20
epsilon_svgd: 0.005
gamma: 0.001
decay_start_ratio: 0.1
decay_min_factor: 0.05
bandwith_kernel: None
no_interact: False
avg_score: -3288.02001953125
median_score: -3290.0
std_score: 137.50010681152344
percentiles: 2%=-3588.300048828125, 5%=-3505.550048828125, 10%=-3469.89990234375, 25%=-3366.25, 50%=-3290.0, 75%=-3190.25, 90%=-3116.10009765625, 95%=-3061.89990234375, 98%=-3055.860107421875
ranking_best_algo: RLSOnePlusOne
ranking_best_score: 3316.5199999999995
ranking_my_rank: 3/504 (99.6%)
ranking_my_percent: 99.60317460317461
