ConfigName: krbf__advnormalizedfitness__M3__L8__eps0p015__g0p005__ds0p15__dm0p01
Problem: QUBO
Kernel: rbf
Advantage: normalizedfitness
M: 3
lambda: 8
epsilon_svgd: 0.015
gamma: 0.005
decay_start_ratio: 0.15
decay_min_factor: 0.01
bandwith_kernel: None
no_interact: False
avg_score: -577.0999755859375
median_score: -578.5
std_score: 27.911109924316406
percentiles: 2%=-632.02001953125, 5%=-622.25, 10%=-613.4000244140625, 25%=-596.25, 50%=-578.5, 75%=-553.0, 90%=-541.5, 95%=-530.0, 98%=-522.9599609375
ranking_best_algo: Tabu
ranking_best_score: 588.7199999999999
ranking_my_rank: 47/503 (90.9%)
ranking_my_percent: 90.85487077534792
