ConfigName: kjsd__advperagentrankweighted__M3__L18__eps0p005__g0p0007__ds0p1__dm0p05
Problem: NK
Kernel: jsd
Advantage: peragentrankweighted
M: 3
lambda: 18
epsilon_svgd: 0.005
gamma: 0.0007
decay_start_ratio: 0.1
decay_min_factor: 0.05
bandwith_kernel: None
no_interact: False
avg_score: 0.7214983105659485
median_score: 0.7211872339248657
std_score: 0.00845429953187704
percentiles: 2%=0.7070371508598328, 5%=0.70888352394104, 10%=0.7104905247688293, 25%=0.7151604890823364, 50%=0.7211872339248657, 75%=0.7273902893066406, 90%=0.732630729675293, 95%=0.7343423962593079, 98%=0.7410488724708557
ranking_best_algo: PBIL
ranking_best_score: 0.7170882103515624
ranking_my_rank: 1/504 (100.0%)
ranking_my_percent: 100.0
