ConfigName: kjsd__advperagentrankweighted__M3__L24__eps0p005__g0p001__ds0p1__dm0p1
Problem: QUBO
Kernel: jsd
Advantage: peragentrankweighted
M: 3
lambda: 24
epsilon_svgd: 0.005
gamma: 0.001
decay_start_ratio: 0.1
decay_min_factor: 0.1
bandwith_kernel: None
no_interact: False
avg_score: -414.5400085449219
median_score: -414.0
std_score: 28.598398208618164
percentiles: 2%=-475.0400085449219, 5%=-471.0, 10%=-449.3999938964844, 25%=-434.0, 50%=-414.0, 75%=-393.5, 90%=-377.70001220703125, 95%=-368.0, 98%=-361.9599914550781
ranking_best_algo: Tabu
ranking_best_score: 438.12
ranking_my_rank: 52/504 (89.9%)
ranking_my_percent: 89.88095238095238
