ConfigName: kjsd__advperagentrankweighted__M3__L18__eps0p007__g0p003__ds0p05__dm0p2
Problem: QUBO
Kernel: jsd
Advantage: peragentrankweighted
M: 3
lambda: 18
epsilon_svgd: 0.007
gamma: 0.003
decay_start_ratio: 0.05
decay_min_factor: 0.2
bandwith_kernel: None
no_interact: False
avg_score: -2252.47998046875
median_score: -2253.0
std_score: 173.16317749023438
percentiles: 2%=-2559.659912109375, 5%=-2532.449951171875, 10%=-2464.800048828125, 25%=-2382.25, 50%=-2253.0, 75%=-2111.75, 90%=-2032.800048828125, 95%=-1982.949951171875, 98%=-1951.0
ranking_best_algo: SVM1MetaModelLogNormal
ranking_best_score: 2605.14
ranking_my_rank: 172/504 (66.1%)
ranking_my_percent: 66.07142857142857
