ConfigName: kjsd__advperagentrankweighted__M4__L10__eps0p01__g0p0005__ds0p05__dm0p05
Problem: QUBO
Kernel: jsd
Advantage: peragentrankweighted
M: 4
lambda: 10
epsilon_svgd: 0.01
gamma: 0.0005
decay_start_ratio: 0.05
decay_min_factor: 0.05
bandwith_kernel: None
no_interact: False
avg_score: -911.5999755859375
median_score: -914.0
std_score: 61.345741271972656
percentiles: 2%=-1023.1400146484375, 5%=-1008.25, 10%=-989.0999755859375, 25%=-959.0, 50%=-914.0, 75%=-866.75, 90%=-829.0, 95%=-800.7999877929688, 98%=-780.9600219726562
ranking_best_algo: CMAL3
ranking_best_score: 928.5800000000002
ranking_my_rank: 20/504 (96.2%)
ranking_my_percent: 96.23015873015873
