ConfigName: kjsd__advperagentrankweighted__M3__L18__eps0p01__g0p0007__ds0p05__dm0p1
Problem: QUBO
Kernel: jsd
Advantage: peragentrankweighted
M: 3
lambda: 18
epsilon_svgd: 0.01
gamma: 0.0007
decay_start_ratio: 0.05
decay_min_factor: 0.1
bandwith_kernel: None
no_interact: False
avg_score: -926.4400024414062
median_score: -928.5
std_score: 64.57852935791016
percentiles: 2%=-1068.0799560546875, 5%=-1050.550048828125, 10%=-1019.0, 25%=-962.0, 50%=-928.5, 75%=-877.5, 90%=-840.0, 95%=-830.7999877929688, 98%=-819.0
ranking_best_algo: CMApara
ranking_best_score: 964.9
ranking_my_rank: 21/504 (96.0%)
ranking_my_percent: 96.03174603174604
