ConfigName: kfr__advglobalrankweighted__M2__L10__eps0p015__g0p003__ds0p01__dm0p01
Problem: QUBO
Kernel: fr
Advantage: globalrankweighted
M: 2
lambda: 10
epsilon_svgd: 0.015
gamma: 0.003
decay_start_ratio: 0.01
decay_min_factor: 0.01
bandwith_kernel: None
no_interact: False
avg_score: -1226.3399658203125
median_score: -1227.0
std_score: 52.55915451049805
percentiles: 2%=-1339.0799560546875, 5%=-1323.3499755859375, 10%=-1298.300048828125, 25%=-1257.0, 50%=-1227.0, 75%=-1194.75, 90%=-1162.5999755859375, 95%=-1135.550048828125, 98%=-1114.9599609375
ranking_best_algo: SVMMetaModelLogNormal
ranking_best_score: 1233.7999999999997
ranking_my_rank: 13/504 (97.6%)
ranking_my_percent: 97.61904761904762
