ConfigName: kjsd__advperagentrankweighted__M3__L30__eps0p007__g0p0005__ds0p1__dm0p05
Problem: NK
Kernel: jsd
Advantage: peragentrankweighted
M: 3
lambda: 30
epsilon_svgd: 0.007
gamma: 0.0005
decay_start_ratio: 0.1
decay_min_factor: 0.05
bandwith_kernel: None
no_interact: False
avg_score: 0.7104448676109314
median_score: 0.7113038301467896
std_score: 0.01516730710864067
percentiles: 2%=0.671026349067688, 5%=0.6739585995674133, 10%=0.6959068775177002, 25%=0.7073033452033997, 50%=0.7113038301467896, 75%=0.7197777032852173, 90%=0.7252413630485535, 95%=0.7322337031364441, 98%=0.7332267761230469
ranking_best_algo: CMApara
ranking_best_score: 0.707475975
ranking_my_rank: 1/504 (100.0%)
ranking_my_percent: 100.0
