ConfigName: kjsd__advperagentrankweighted__M6__L28__eps0p008__g0p0005__ds0p3__dm0p05
Problem: QUBO
Kernel: jsd
Advantage: peragentrankweighted
M: 6
lambda: 28
epsilon_svgd: 0.008
gamma: 0.0005
decay_start_ratio: 0.3
decay_min_factor: 0.05
bandwith_kernel: None
no_interact: False
avg_score: -1146.52001953125
median_score: -1147.5
std_score: 69.34947204589844
percentiles: 2%=-1279.219970703125, 5%=-1249.3499755859375, 10%=-1227.199951171875, 25%=-1195.0, 50%=-1147.5, 75%=-1093.75, 90%=-1060.199951171875, 95%=-1044.550048828125, 98%=-1020.9600219726562
ranking_best_algo: SVMMetaModelLogNormal
ranking_best_score: 1233.7999999999997
ranking_my_rank: 95/504 (81.3%)
ranking_my_percent: 81.34920634920636
