ConfigName: krbf__advnormalizedfitness__M3__L10__eps0p03__g0p005__ds0p05__dm0p05
Problem: QUBO
Kernel: rbf
Advantage: normalizedfitness
M: 3
lambda: 10
epsilon_svgd: 0.03
gamma: 0.005
decay_start_ratio: 0.05
decay_min_factor: 0.05
bandwith_kernel: None
no_interact: False
avg_score: -905.47998046875
median_score: -898.5
std_score: 60.72124481201172
percentiles: 2%=-1014.3800048828125, 5%=-1007.0999755859375, 10%=-994.0, 25%=-956.25, 50%=-898.5, 75%=-858.0, 90%=-832.9000244140625, 95%=-816.5999755859375, 98%=-803.9400024414062
ranking_best_algo: CMAL3
ranking_best_score: 928.5800000000002
ranking_my_rank: 63/504 (87.7%)
ranking_my_percent: 87.6984126984127
