ConfigName: krbf__advnormalizedfitness__M3__L15__eps0p025__g0p007__ds0p01__dm0p3
Problem: NK
Kernel: rbf
Advantage: normalizedfitness
M: 3
lambda: 15
epsilon_svgd: 0.025
gamma: 0.007
decay_start_ratio: 0.01
decay_min_factor: 0.3
bandwith_kernel: None
no_interact: False
avg_score: 0.7501122951507568
median_score: 0.7517920136451721
std_score: 0.015878180041909218
percentiles: 2%=0.7180035710334778, 5%=0.7258261442184448, 10%=0.7299630641937256, 25%=0.7380355596542358, 50%=0.7517920136451721, 75%=0.7610714435577393, 90%=0.7727511525154114, 95%=0.7777671217918396, 98%=0.7794538736343384
ranking_best_algo: Tabu
ranking_best_score: 0.7470791764843752
ranking_my_rank: 1/504 (100.0%)
ranking_my_percent: 100.0
