ConfigName: kjsd__advperagentrankweighted__M3__L18__eps0p005__g0p003__ds0p05__dm0p1
Problem: QUBO
Kernel: jsd
Advantage: peragentrankweighted
M: 3
lambda: 18
epsilon_svgd: 0.005
gamma: 0.003
decay_start_ratio: 0.05
decay_min_factor: 0.1
bandwith_kernel: None
no_interact: False
avg_score: -329.6600036621094
median_score: -334.0
std_score: 20.1336612701416
percentiles: 2%=-370.0, 5%=-354.0, 10%=-350.3999938964844, 25%=-343.0, 50%=-334.0, 75%=-315.75, 90%=-298.0, 95%=-295.8999938964844, 98%=-291.79998779296875
ranking_best_algo: CMApara
ranking_best_score: 344.22
ranking_my_rank: 81/504 (84.1%)
ranking_my_percent: 84.12698412698413
