ConfigName: kjsd__advperagentrankweighted__M4__L8__eps0p01__g0p0007__ds0p05__dm0p05
Problem: NK
Kernel: jsd
Advantage: peragentrankweighted
M: 4
lambda: 8
epsilon_svgd: 0.01
gamma: 0.0007
decay_start_ratio: 0.05
decay_min_factor: 0.05
bandwith_kernel: None
no_interact: False
avg_score: 0.7347207069396973
median_score: 0.7347704172134399
std_score: 0.009138413704931736
percentiles: 2%=0.7157067656517029, 5%=0.7185379862785339, 10%=0.7224337458610535, 25%=0.7278677225112915, 50%=0.7347704172134399, 75%=0.7419031858444214, 90%=0.7460370659828186, 95%=0.747577428817749, 98%=0.748933732509613
ranking_best_algo: PBIL
ranking_best_score: 0.730509098125
ranking_my_rank: 1/504 (100.0%)
ranking_my_percent: 100.0
