ConfigName: krbf__advnormalizedfitness__M3__L12__eps0p025__g0p015__ds0p01__dm0p3
Problem: NK
Kernel: rbf
Advantage: normalizedfitness
M: 3
lambda: 12
epsilon_svgd: 0.025
gamma: 0.015
decay_start_ratio: 0.01
decay_min_factor: 0.3
bandwith_kernel: None
no_interact: False
avg_score: 0.7287954688072205
median_score: 0.7300974726676941
std_score: 0.009502866305410862
percentiles: 2%=0.7082327604293823, 5%=0.7117658853530884, 10%=0.7168537378311157, 25%=0.7231825590133667, 50%=0.7300974726676941, 75%=0.7350353598594666, 90%=0.7406175136566162, 95%=0.7421419620513916, 98%=0.7442518472671509
ranking_best_algo: PBIL
ranking_best_score: 0.730509098125
ranking_my_rank: 3/504 (99.6%)
ranking_my_percent: 99.60317460317461
