ConfigName: krbf__advnormalizedfitness__M3__L8__eps0p025__g0p005__ds0p05__dm0p05
Problem: QUBO
Kernel: rbf
Advantage: normalizedfitness
M: 3
lambda: 8
epsilon_svgd: 0.025
gamma: 0.005
decay_start_ratio: 0.05
decay_min_factor: 0.05
bandwith_kernel: None
no_interact: False
avg_score: -308.1000061035156
median_score: -311.0
std_score: 38.7462272644043
percentiles: 2%=-388.0, 5%=-382.1000061035156, 10%=-353.3999938964844, 25%=-336.0, 50%=-311.0, 75%=-274.0, 90%=-264.8999938964844, 95%=-257.5, 98%=-244.94000244140625
ranking_best_algo: CMApara
ranking_best_score: 319.29999999999995
ranking_my_rank: 91/504 (82.1%)
ranking_my_percent: 82.14285714285714
