ConfigName: kjsd__advperagentrankweighted__M4__L8__eps0p02__g0p0003__ds0p2__dm0p05
Problem: QUBO
Kernel: jsd
Advantage: peragentrankweighted
M: 4
lambda: 8
epsilon_svgd: 0.02
gamma: 0.0003
decay_start_ratio: 0.2
decay_min_factor: 0.05
bandwith_kernel: None
no_interact: False
avg_score: -301.5199890136719
median_score: -298.0
std_score: 38.80939865112305
percentiles: 2%=-384.20001220703125, 5%=-380.0, 10%=-351.3999938964844, 25%=-326.0, 50%=-298.0, 75%=-268.0, 90%=-258.0, 95%=-252.9499969482422, 98%=-240.94000244140625
ranking_best_algo: CMApara
ranking_best_score: 319.29999999999995
ranking_my_rank: 222/504 (56.2%)
ranking_my_percent: 56.15079365079365
