ConfigName: kjsd__advperagentrankweighted__M3__L30__eps0p005__g0p001__ds0p1__dm0p1
Problem: QUBO
Kernel: jsd
Advantage: peragentrankweighted
M: 3
lambda: 30
epsilon_svgd: 0.005
gamma: 0.001
decay_start_ratio: 0.1
decay_min_factor: 0.1
bandwith_kernel: None
no_interact: False
avg_score: -1188.4599609375
median_score: -1179.5
std_score: 67.88850402832031
percentiles: 2%=-1333.219970703125, 5%=-1296.0999755859375, 10%=-1280.199951171875, 25%=-1234.5, 50%=-1179.5, 75%=-1152.0, 90%=-1105.5999755859375, 95%=-1072.9000244140625, 98%=-1060.9200439453125
ranking_best_algo: SVMMetaModelLogNormal
ranking_best_score: 1233.7999999999997
ranking_my_rank: 58/504 (88.7%)
ranking_my_percent: 88.69047619047619
