ConfigName: kjsd__advperagentrankweighted__M3__L16__eps0p005__g0p0007__ds0p2__dm0p2
Problem: NK
Kernel: jsd
Advantage: peragentrankweighted
M: 3
lambda: 16
epsilon_svgd: 0.005
gamma: 0.0007
decay_start_ratio: 0.2
decay_min_factor: 0.2
bandwith_kernel: None
no_interact: False
avg_score: 0.7111663818359375
median_score: 0.6985692381858826
std_score: 0.03157884255051613
percentiles: 2%=0.6734376549720764, 5%=0.6735892295837402, 10%=0.6787797808647156, 25%=0.6824496388435364, 50%=0.6985692381858826, 75%=0.7462605237960815, 90%=0.7525893449783325, 95%=0.7613165378570557, 98%=0.7613165378570557
ranking_best_algo: CMApara
ranking_best_score: 0.7118996098437498
ranking_my_rank: 4/504 (99.4%)
ranking_my_percent: 99.4047619047619
