ConfigName: kjsd__advperagentrankweighted__M3__L18__eps0p01__g0p003__ds0p2__dm0p2
Problem: QUBO
Kernel: jsd
Advantage: peragentrankweighted
M: 3
lambda: 18
epsilon_svgd: 0.01
gamma: 0.003
decay_start_ratio: 0.2
decay_min_factor: 0.2
bandwith_kernel: None
no_interact: False
avg_score: -1153.3599853515625
median_score: -1160.5
std_score: 73.64543151855469
percentiles: 2%=-1317.3599853515625, 5%=-1278.050048828125, 10%=-1234.199951171875, 25%=-1203.5, 50%=-1160.5, 75%=-1096.0, 90%=-1058.9000244140625, 95%=-1039.949951171875, 98%=-1026.56005859375
ranking_best_algo: SVMMetaModelLogNormal
ranking_best_score: 1233.7999999999997
ranking_my_rank: 92/504 (81.9%)
ranking_my_percent: 81.94444444444444
