ConfigName: kjsd__advperagentrankweighted__M3__L20__eps0p007__g0p0007__ds0p1__dm0p2
Problem: NK
Kernel: jsd
Advantage: peragentrankweighted
M: 3
lambda: 20
epsilon_svgd: 0.007
gamma: 0.0007
decay_start_ratio: 0.1
decay_min_factor: 0.2
bandwith_kernel: None
no_interact: False
avg_score: 0.7563132643699646
median_score: 0.7564438581466675
std_score: 0.011862719431519508
percentiles: 2%=0.734731137752533, 5%=0.7386727333068848, 10%=0.741166889667511, 25%=0.7470950484275818, 50%=0.7564438581466675, 75%=0.7643040418624878, 90%=0.7726027965545654, 95%=0.7772993445396423, 98%=0.7818717360496521
ranking_best_algo: Tabu
ranking_best_score: 0.7470791764843752
ranking_my_rank: 1/504 (100.0%)
ranking_my_percent: 100.0
