ConfigName: krbf__advnormalizedfitness__M4__L12__eps0p025__g0p005__ds0p15__dm0p01
Problem: NK
Kernel: rbf
Advantage: normalizedfitness
M: 4
lambda: 12
epsilon_svgd: 0.025
gamma: 0.005
decay_start_ratio: 0.15
decay_min_factor: 0.01
bandwith_kernel: None
no_interact: False
avg_score: 0.7108385562896729
median_score: 0.7114200592041016
std_score: 0.015162574127316475
percentiles: 2%=0.673674464225769, 5%=0.6739572882652283, 10%=0.6967725157737732, 25%=0.7073606252670288, 50%=0.7114200592041016, 75%=0.7203042507171631, 90%=0.7255113124847412, 95%=0.7326427102088928, 98%=0.7331435680389404
ranking_best_algo: CMApara
ranking_best_score: 0.707475975
ranking_my_rank: 1/504 (100.0%)
ranking_my_percent: 100.0
