ConfigName: kfr__advglobalrankweighted__M4__L5__eps0p01__g0p003__ds0p01__dm0p01
Problem: NK
Kernel: fr
Advantage: globalrankweighted
M: 4
lambda: 5
epsilon_svgd: 0.01
gamma: 0.003
decay_start_ratio: 0.01
decay_min_factor: 0.01
bandwith_kernel: None
no_interact: False
avg_score: 0.7390725016593933
median_score: 0.7386542558670044
std_score: 0.0086279371753335
percentiles: 2%=0.7243347764015198, 5%=0.7257553339004517, 10%=0.7291391491889954, 25%=0.7339200973510742, 50%=0.7386542558670044, 75%=0.7443686723709106, 90%=0.7498263716697693, 95%=0.7547053098678589, 98%=0.7571711540222168
ranking_best_algo: Tabu
ranking_best_score: 0.7429702712499999
ranking_my_rank: 2/504 (99.8%)
ranking_my_percent: 99.8015873015873
