ConfigName: krbf__advnormalizedfitness__M3__L8__eps0p025__g0p005__ds0p3__dm0p3
Problem: QUBO
Kernel: rbf
Advantage: normalizedfitness
M: 3
lambda: 8
epsilon_svgd: 0.025
gamma: 0.005
decay_start_ratio: 0.3
decay_min_factor: 0.3
bandwith_kernel: None
no_interact: False
avg_score: -308.4800109863281
median_score: -313.0
std_score: 38.74441909790039
percentiles: 2%=-390.0, 5%=-378.20001220703125, 10%=-354.1999816894531, 25%=-334.5, 50%=-313.0, 75%=-274.75, 90%=-262.8999938964844, 95%=-255.90000915527344, 98%=-250.8999786376953
ranking_best_algo: CMApara
ranking_best_score: 319.29999999999995
ranking_my_rank: 88/504 (82.7%)
ranking_my_percent: 82.73809523809524
