ConfigName: kjsd__advperagentrankweighted__M4__L8__eps0p01__g0p0007__ds0p05__dm0p05
Problem: QUBO
Kernel: jsd
Advantage: peragentrankweighted
M: 4
lambda: 8
epsilon_svgd: 0.01
gamma: 0.0007
decay_start_ratio: 0.05
decay_min_factor: 0.05
bandwith_kernel: None
no_interact: False
avg_score: -440.4800109863281
median_score: -441.0
std_score: 26.234514236450195
percentiles: 2%=-487.0, 5%=-481.29998779296875, 10%=-472.29998779296875, 25%=-459.25, 50%=-441.0, 75%=-423.75, 90%=-402.70001220703125, 95%=-397.0, 98%=-384.0
ranking_best_algo: CMApara
ranking_best_score: 453.82
ranking_my_rank: 15/504 (97.2%)
ranking_my_percent: 97.22222222222223
