ConfigName: kjsd__advperagentrankweighted__M3__L20__eps0p005__g0p0007__ds0p2__dm0p2
Problem: NK
Kernel: jsd
Advantage: peragentrankweighted
M: 3
lambda: 20
epsilon_svgd: 0.005
gamma: 0.0007
decay_start_ratio: 0.2
decay_min_factor: 0.2
bandwith_kernel: None
no_interact: False
avg_score: 0.7105682492256165
median_score: 0.7111468315124512
std_score: 0.01520774606615305
percentiles: 2%=0.6724772453308105, 5%=0.6734222769737244, 10%=0.6958702206611633, 25%=0.7075356245040894, 50%=0.7111468315124512, 75%=0.7197777032852173, 90%=0.7254041433334351, 95%=0.7327994108200073, 98%=0.7332632541656494
ranking_best_algo: CMApara
ranking_best_score: 0.707475975
ranking_my_rank: 1/504 (100.0%)
ranking_my_percent: 100.0
