ConfigName: krbf__advnormalizedfitness__M2__L10__eps0p015__g0p015__ds0p15__dm0p3
Problem: QUBO
Kernel: rbf
Advantage: normalizedfitness
M: 2
lambda: 10
epsilon_svgd: 0.015
gamma: 0.015
decay_start_ratio: 0.15
decay_min_factor: 0.3
bandwith_kernel: None
no_interact: False
avg_score: -435.739990234375
median_score: -435.0
std_score: 27.96162223815918
percentiles: 2%=-492.0400085449219, 5%=-473.3999938964844, 10%=-471.1000061035156, 25%=-460.25, 50%=-435.0, 75%=-420.0, 90%=-402.0, 95%=-387.79998779296875, 98%=-375.94000244140625
ranking_best_algo: CMApara
ranking_best_score: 453.82
ranking_my_rank: 30/504 (94.2%)
ranking_my_percent: 94.24603174603175
