ConfigName: kjsd__advperagentrankweighted__M3__L18__eps0p005__g0p0007__ds0p05__dm0p05
Problem: NK
Kernel: jsd
Advantage: peragentrankweighted
M: 3
lambda: 18
epsilon_svgd: 0.005
gamma: 0.0007
decay_start_ratio: 0.05
decay_min_factor: 0.05
bandwith_kernel: None
no_interact: False
avg_score: 0.749565601348877
median_score: 0.7494498491287231
std_score: 0.008121984079480171
percentiles: 2%=0.7369545698165894, 5%=0.7378119826316833, 10%=0.7391247749328613, 25%=0.7437070608139038, 50%=0.7494498491287231, 75%=0.754220724105835, 90%=0.7609803676605225, 95%=0.765396773815155, 98%=0.7678372263908386
ranking_best_algo: PBIL
ranking_best_score: 0.733570253046875
ranking_my_rank: 1/504 (100.0%)
ranking_my_percent: 100.0
