ConfigName: kjsd__advperagentrankweighted__M5__L10__eps0p005__g0p0003__ds0p2__dm0p05
Problem: QUBO
Kernel: jsd
Advantage: peragentrankweighted
M: 5
lambda: 10
epsilon_svgd: 0.005
gamma: 0.0003
decay_start_ratio: 0.2
decay_min_factor: 0.05
bandwith_kernel: None
no_interact: False
avg_score: -417.3399963378906
median_score: -418.0
std_score: 27.61963653564453
percentiles: 2%=-473.0799865722656, 5%=-467.1000061035156, 10%=-452.0, 25%=-434.0, 50%=-418.0, 75%=-397.5, 90%=-383.79998779296875, 95%=-377.70001220703125, 98%=-361.8399963378906
ranking_best_algo: Tabu
ranking_best_score: 438.12
ranking_my_rank: 41/504 (92.1%)
ranking_my_percent: 92.06349206349206
