ConfigName: kjsd__advperagentrankweighted__M5__L10__eps0p005__g0p0007__ds0p2__dm0p05
Problem: NK
Kernel: jsd
Advantage: peragentrankweighted
M: 5
lambda: 10
epsilon_svgd: 0.005
gamma: 0.0007
decay_start_ratio: 0.2
decay_min_factor: 0.05
bandwith_kernel: None
no_interact: False
avg_score: 0.7556675672531128
median_score: 0.7562439441680908
std_score: 0.013334971852600574
percentiles: 2%=0.7312167882919312, 5%=0.7321720719337463, 10%=0.7352723479270935, 25%=0.7457835078239441, 50%=0.7562439441680908, 75%=0.765957236289978, 90%=0.7707901000976562, 95%=0.7773897051811218, 98%=0.779798686504364
ranking_best_algo: Tabu
ranking_best_score: 0.7657846284375001
ranking_my_rank: 5/504 (99.2%)
ranking_my_percent: 99.2063492063492
