ConfigName: kjsd__advperagentrankweighted__M3__L20__eps0p005__g0p001__ds0p2__dm0p05
Problem: QUBO
Kernel: jsd
Advantage: peragentrankweighted
M: 3
lambda: 20
epsilon_svgd: 0.005
gamma: 0.001
decay_start_ratio: 0.2
decay_min_factor: 0.05
bandwith_kernel: None
no_interact: False
avg_score: -1295.3199462890625
median_score: -1291.0
std_score: 65.74281311035156
percentiles: 2%=-1430.280029296875, 5%=-1405.449951171875, 10%=-1374.0999755859375, 25%=-1347.0, 50%=-1291.0, 75%=-1248.5, 90%=-1222.5, 95%=-1184.449951171875, 98%=-1163.699951171875
ranking_best_algo: BigLognormalDiscreteOnePlusOne
ranking_best_score: 1301.3600000000004
ranking_my_rank: 2/504 (99.8%)
ranking_my_percent: 99.8015873015873
