ConfigName: kjsd__advperagentrankweighted__M6__L28__eps0p008__g0p0005__ds0p3__dm0p05
Problem: QUBO
Kernel: jsd
Advantage: peragentrankweighted
M: 6
lambda: 28
epsilon_svgd: 0.008
gamma: 0.0005
decay_start_ratio: 0.3
decay_min_factor: 0.05
bandwith_kernel: None
no_interact: False
avg_score: -442.44000244140625
median_score: -448.0
std_score: 25.876752853393555
percentiles: 2%=-485.0199890136719, 5%=-481.0, 10%=-472.0, 25%=-461.25, 50%=-448.0, 75%=-424.5, 90%=-407.79998779296875, 95%=-393.79998779296875, 98%=-384.9800109863281
ranking_best_algo: CMApara
ranking_best_score: 453.82
ranking_my_rank: 9/504 (98.4%)
ranking_my_percent: 98.41269841269842
