ConfigName: krbf__advnormalizedfitness__M4__L12__eps0p015__g0p01__ds0p01__dm0p01
Problem: QUBO
Kernel: rbf
Advantage: normalizedfitness
M: 4
lambda: 12
epsilon_svgd: 0.015
gamma: 0.01
decay_start_ratio: 0.01
decay_min_factor: 0.01
bandwith_kernel: None
no_interact: False
avg_score: -331.1199951171875
median_score: -334.0
std_score: 18.88347625732422
percentiles: 2%=-364.0799865722656, 5%=-356.04998779296875, 10%=-353.1000061035156, 25%=-343.0, 50%=-334.0, 75%=-321.5, 90%=-307.79998779296875, 95%=-297.7500305175781, 98%=-289.94000244140625
ranking_best_algo: CMApara
ranking_best_score: 344.22
ranking_my_rank: 77/504 (84.9%)
ranking_my_percent: 84.92063492063492
