ConfigName: krbf__advnormalizedfitness__M4__L8__eps0p015__g0p015__ds0p3__dm0p01
Problem: NK
Kernel: rbf
Advantage: normalizedfitness
M: 4
lambda: 8
epsilon_svgd: 0.015
gamma: 0.015
decay_start_ratio: 0.3
decay_min_factor: 0.01
bandwith_kernel: None
no_interact: False
avg_score: 0.7230045199394226
median_score: 0.725281298160553
std_score: 0.011322729289531708
percentiles: 2%=0.6993054151535034, 5%=0.7048126459121704, 10%=0.7074913382530212, 25%=0.7138495445251465, 50%=0.725281298160553, 75%=0.7314819693565369, 90%=0.7369879484176636, 95%=0.7398108243942261, 98%=0.7426217198371887
ranking_best_algo: PBIL
ranking_best_score: 0.730509098125
ranking_my_rank: 21/504 (96.0%)
ranking_my_percent: 96.03174603174604
