ConfigName: kjsd__advperagentrankweighted__M3__L20__eps0p005__g0p003__ds0p2__dm0p2
Problem: NK
Kernel: jsd
Advantage: peragentrankweighted
M: 3
lambda: 20
epsilon_svgd: 0.005
gamma: 0.003
decay_start_ratio: 0.2
decay_min_factor: 0.2
bandwith_kernel: None
no_interact: False
avg_score: 0.6154178380966187
median_score: 0.6117679476737976
std_score: 0.01168843638151884
percentiles: 2%=0.5998884439468384, 5%=0.6011857986450195, 10%=0.6028443574905396, 25%=0.6080201864242554, 50%=0.6117679476737976, 75%=0.6216163635253906, 90%=0.6319311857223511, 95%=0.6344073414802551, 98%=0.6469066739082336
ranking_best_algo: Tabu
ranking_best_score: 0.7429702712499999
ranking_my_rank: 379/504 (25.0%)
ranking_my_percent: 25.0
