ConfigName: krbf__advnormalizedfitness__M4__L10__eps0p033__g0p015__ds0p01__dm0p3
Problem: QUBO
Kernel: rbf
Advantage: normalizedfitness
M: 4
lambda: 10
epsilon_svgd: 0.033
gamma: 0.015
decay_start_ratio: 0.01
decay_min_factor: 0.3
bandwith_kernel: None
no_interact: False
avg_score: -2013.6800537109375
median_score: -2012.5
std_score: 187.62327575683594
percentiles: 2%=-2385.340087890625, 5%=-2338.64990234375, 10%=-2274.10009765625, 25%=-2131.0, 50%=-2012.5, 75%=-1914.0, 90%=-1774.2000732421875, 95%=-1695.300048828125, 98%=-1660.079833984375
ranking_best_algo: DiscreteLengler2OnePlusOne
ranking_best_score: 2617.04
ranking_my_rank: 276/504 (45.4%)
ranking_my_percent: 45.43650793650794
