ConfigName: kjsd__advperagentrankweighted__M5__L8__eps0p03__g0p0003__ds0p2__dm0p05
Problem: NK
Kernel: jsd
Advantage: peragentrankweighted
M: 5
lambda: 8
epsilon_svgd: 0.03
gamma: 0.0003
decay_start_ratio: 0.2
decay_min_factor: 0.05
bandwith_kernel: None
no_interact: False
avg_score: 0.7050114274024963
median_score: 0.7062721848487854
std_score: 0.01574292592704296
percentiles: 2%=0.6632785201072693, 5%=0.6684495210647583, 10%=0.6879235506057739, 25%=0.7005000114440918, 50%=0.7062721848487854, 75%=0.7147913575172424, 90%=0.7237669229507446, 95%=0.7289479970932007, 98%=0.7317607998847961
ranking_best_algo: CMApara
ranking_best_score: 0.707475975
ranking_my_rank: 8/504 (98.6%)
ranking_my_percent: 98.61111111111111
