ConfigName: kjsd__advperagentrankweighted__M5__L10__eps0p02__g0p0005__ds0p05__dm0p05
Problem: NK
Kernel: jsd
Advantage: peragentrankweighted
M: 5
lambda: 10
epsilon_svgd: 0.02
gamma: 0.0005
decay_start_ratio: 0.05
decay_min_factor: 0.05
bandwith_kernel: None
no_interact: False
avg_score: 0.7103028893470764
median_score: 0.6972421407699585
std_score: 0.031512800604104996
percentiles: 2%=0.6725509166717529, 5%=0.6736153364181519, 10%=0.67582106590271, 25%=0.6822578310966492, 50%=0.6972421407699585, 75%=0.7455553412437439, 90%=0.7522416710853577, 95%=0.7613165378570557, 98%=0.7613165378570557
ranking_best_algo: CMApara
ranking_best_score: 0.7118996098437498
ranking_my_rank: 29/504 (94.4%)
ranking_my_percent: 94.44444444444444
