ConfigName: kfr__advglobalrankweighted__M4__L24__eps0p02__g0p003__ds0p01__dm0p01
Problem: QUBO
Kernel: fr
Advantage: globalrankweighted
M: 4
lambda: 24
epsilon_svgd: 0.02
gamma: 0.003
decay_start_ratio: 0.01
decay_min_factor: 0.01
bandwith_kernel: None
no_interact: False
avg_score: -438.0400085449219
median_score: -440.0
std_score: 27.67812156677246
percentiles: 2%=-479.0400085449219, 5%=-475.04998779296875, 10%=-472.0, 25%=-461.25, 50%=-440.0, 75%=-416.5, 90%=-401.8999938964844, 95%=-389.9000244140625, 98%=-381.8599853515625
ranking_best_algo: CMApara
ranking_best_score: 453.82
ranking_my_rank: 21/504 (96.0%)
ranking_my_percent: 96.03174603174604
