ConfigName: kfr__advglobalrankweighted__M5__L10__eps0p01__g0p003__ds0p01__dm0p01
Problem: QUBO
Kernel: fr
Advantage: globalrankweighted
M: 5
lambda: 10
epsilon_svgd: 0.01
gamma: 0.003
decay_start_ratio: 0.01
decay_min_factor: 0.01
bandwith_kernel: None
no_interact: False
avg_score: -200.10000610351562
median_score: -200.0
std_score: 12.998076438903809
percentiles: 2%=-224.0, 5%=-220.1999969482422, 10%=-216.10000610351562, 25%=-211.0, 50%=-200.0, 75%=-189.75, 90%=-181.8000030517578, 95%=-178.95001220703125, 98%=-175.95999145507812
ranking_best_algo: Tabu
ranking_best_score: 208.36000000000004
ranking_my_rank: 52/504 (89.9%)
ranking_my_percent: 89.88095238095238
