ConfigName: kjsd__advperagentrankweighted__M3__L16__eps0p01__g0p001__ds0p05__dm0p05
Problem: NK
Kernel: jsd
Advantage: peragentrankweighted
M: 3
lambda: 16
epsilon_svgd: 0.01
gamma: 0.001
decay_start_ratio: 0.05
decay_min_factor: 0.05
bandwith_kernel: None
no_interact: False
avg_score: 0.7340821027755737
median_score: 0.7357732057571411
std_score: 0.008807643316686153
percentiles: 2%=0.716755747795105, 5%=0.7171927094459534, 10%=0.7207226753234863, 25%=0.7287290692329407, 50%=0.7357732057571411, 75%=0.7405517101287842, 90%=0.7439324259757996, 95%=0.7466574907302856, 98%=0.7479784488677979
ranking_best_algo: PBIL
ranking_best_score: 0.7248786399609374
ranking_my_rank: 1/504 (100.0%)
ranking_my_percent: 100.0
