ConfigName: krbf__advnormalizedfitness__M4__L12__eps0p033__g0p005__ds0p01__dm0p3
Problem: NK
Kernel: rbf
Advantage: normalizedfitness
M: 4
lambda: 12
epsilon_svgd: 0.033
gamma: 0.005
decay_start_ratio: 0.01
decay_min_factor: 0.3
bandwith_kernel: None
no_interact: False
avg_score: 0.7439243793487549
median_score: 0.7411027550697327
std_score: 0.027990948408842087
percentiles: 2%=0.7000543475151062, 5%=0.7085106372833252, 10%=0.7101622819900513, 25%=0.718693733215332, 50%=0.7411027550697327, 75%=0.7580187320709229, 90%=0.7737362384796143, 95%=0.8044298887252808, 98%=0.8071791529655457
ranking_best_algo: CMApara
ranking_best_score: 0.7459277895312499
ranking_my_rank: 6/504 (99.0%)
ranking_my_percent: 99.0079365079365
