ConfigName: krbf__advnormalizedfitness__M4__L10__eps0p015__g0p005__ds0p3__dm0p3
Problem: QUBO
Kernel: rbf
Advantage: normalizedfitness
M: 4
lambda: 10
epsilon_svgd: 0.015
gamma: 0.005
decay_start_ratio: 0.3
decay_min_factor: 0.3
bandwith_kernel: None
no_interact: False
avg_score: -888.3599853515625
median_score: -883.5
std_score: 71.46446990966797
percentiles: 2%=-1028.4200439453125, 5%=-1007.5, 10%=-987.5999755859375, 25%=-941.25, 50%=-883.5, 75%=-833.5, 90%=-803.9000244140625, 95%=-774.7000122070312, 98%=-756.9199829101562
ranking_best_algo: CMApara
ranking_best_score: 964.9
ranking_my_rank: 192/504 (62.1%)
ranking_my_percent: 62.1031746031746
