ConfigName: krbf__advnormalizedfitness__M4__L12__eps0p025__g0p005__ds0p15__dm0p3
Problem: QUBO
Kernel: rbf
Advantage: normalizedfitness
M: 4
lambda: 12
epsilon_svgd: 0.025
gamma: 0.005
decay_start_ratio: 0.15
decay_min_factor: 0.3
bandwith_kernel: None
no_interact: False
avg_score: -423.0799865722656
median_score: -422.0
std_score: 26.46721839904785
percentiles: 2%=-481.0, 5%=-475.1000061035156, 10%=-460.3999938964844, 25%=-437.0, 50%=-422.0, 75%=-407.0, 90%=-392.8999938964844, 95%=-386.8500061035156, 98%=-363.91998291015625
ranking_best_algo: CMAL3
ranking_best_score: 435.36
ranking_my_rank: 33/504 (93.7%)
ranking_my_percent: 93.65079365079364
