ConfigName: kjsd__advperagentrankweighted__M6__L8__eps0p02__g0p0005__ds0p2__dm0p05
Problem: NK
Kernel: jsd
Advantage: peragentrankweighted
M: 6
lambda: 8
epsilon_svgd: 0.02
gamma: 0.0005
decay_start_ratio: 0.2
decay_min_factor: 0.05
bandwith_kernel: None
no_interact: False
avg_score: 0.7470549941062927
median_score: 0.745953381061554
std_score: 0.01119871437549591
percentiles: 2%=0.7280371189117432, 5%=0.7309340238571167, 10%=0.7346615791320801, 25%=0.7389130592346191, 50%=0.745953381061554, 75%=0.7525119185447693, 90%=0.761676013469696, 95%=0.7655434608459473, 98%=0.7740334868431091
ranking_best_algo: Tabu
ranking_best_score: 0.7470791764843752
ranking_my_rank: 2/504 (99.8%)
ranking_my_percent: 99.8015873015873
