ConfigName: krbf__advnormalizedfitness__M2__L6__eps0p01__g0p01__ds0p3__dm0p3
Problem: QUBO
Kernel: rbf
Advantage: normalizedfitness
M: 2
lambda: 6
epsilon_svgd: 0.01
gamma: 0.01
decay_start_ratio: 0.3
decay_min_factor: 0.3
bandwith_kernel: None
no_interact: False
avg_score: -1182.199951171875
median_score: -1188.5
std_score: 71.4306640625
percentiles: 2%=-1335.1199951171875, 5%=-1299.5999755859375, 10%=-1276.300048828125, 25%=-1221.5, 50%=-1188.5, 75%=-1133.75, 90%=-1091.699951171875, 95%=-1073.949951171875, 98%=-1053.8599853515625
ranking_best_algo: SVMMetaModelLogNormal
ranking_best_score: 1233.7999999999997
ranking_my_rank: 64/504 (87.5%)
ranking_my_percent: 87.5
