ConfigName: kjsd__advperagentrankweighted__M6__L20__eps0p005__g0p0005__ds0p1__dm0p2
Problem: NK
Kernel: jsd
Advantage: peragentrankweighted
M: 6
lambda: 20
epsilon_svgd: 0.005
gamma: 0.0005
decay_start_ratio: 0.1
decay_min_factor: 0.2
bandwith_kernel: None
no_interact: False
avg_score: 0.7253170609474182
median_score: 0.7268707752227783
std_score: 0.011064065620303154
percentiles: 2%=0.6986355781555176, 5%=0.7071462273597717, 10%=0.7117557525634766, 25%=0.7173168063163757, 50%=0.7268707752227783, 75%=0.7349780797958374, 90%=0.7378378510475159, 95%=0.7409612536430359, 98%=0.7413725256919861
ranking_best_algo: PBIL
ranking_best_score: 0.7248786399609374
ranking_my_rank: 1/504 (100.0%)
ranking_my_percent: 100.0
