ConfigName: kjsd__advperagentrankweighted__M4__L24__eps0p01__g0p0003__ds0p4__dm0p05
Problem: QUBO
Kernel: jsd
Advantage: peragentrankweighted
M: 4
lambda: 24
epsilon_svgd: 0.01
gamma: 0.0003
decay_start_ratio: 0.4
decay_min_factor: 0.05
bandwith_kernel: None
no_interact: False
avg_score: -2602.179931640625
median_score: -2579.0
std_score: 112.90813446044922
percentiles: 2%=-2844.699951171875, 5%=-2784.800048828125, 10%=-2758.0, 25%=-2677.25, 50%=-2579.0, 75%=-2531.5, 90%=-2461.199951171875, 95%=-2446.5, 98%=-2407.639892578125
ranking_best_algo: SVM1MetaModelLogNormal
ranking_best_score: 2605.14
ranking_my_rank: 2/504 (99.8%)
ranking_my_percent: 99.8015873015873
