ConfigName: krbf__advnormalizedfitness__M3__L8__eps0p025__g0p005__ds0p05__dm0p05
Problem: NK
Kernel: rbf
Advantage: normalizedfitness
M: 3
lambda: 8
epsilon_svgd: 0.025
gamma: 0.005
decay_start_ratio: 0.05
decay_min_factor: 0.05
bandwith_kernel: None
no_interact: False
avg_score: 0.7339538335800171
median_score: 0.7351245284080505
std_score: 0.008551846258342266
percentiles: 2%=0.7157911658287048, 5%=0.7172548770904541, 10%=0.7203121781349182, 25%=0.729097843170166, 50%=0.7351245284080505, 75%=0.7400765419006348, 90%=0.7442476153373718, 95%=0.7458295226097107, 98%=0.7483292818069458
ranking_best_algo: PBIL
ranking_best_score: 0.7248786399609374
ranking_my_rank: 1/504 (100.0%)
ranking_my_percent: 100.0
