ConfigName: kjsd__advperagentrankweighted__M3__L20__eps0p007__g0p0007__ds0p1__dm0p2
Problem: QUBO
Kernel: jsd
Advantage: peragentrankweighted
M: 3
lambda: 20
epsilon_svgd: 0.007
gamma: 0.0007
decay_start_ratio: 0.1
decay_min_factor: 0.2
bandwith_kernel: None
no_interact: False
avg_score: -942.6199951171875
median_score: -937.0
std_score: 67.67596435546875
percentiles: 2%=-1066.1199951171875, 5%=-1052.5, 10%=-1037.5999755859375, 25%=-992.25, 50%=-937.0, 75%=-897.0, 90%=-850.5999755859375, 95%=-836.7000122070312, 98%=-820.4400024414062
ranking_best_algo: CMApara
ranking_best_score: 964.9
ranking_my_rank: 3/504 (99.6%)
ranking_my_percent: 99.60317460317461
