ConfigName: kjsd__advperagentrankweighted__M5__L10__eps0p02__g0p0005__ds0p2__dm0p05
Problem: NK
Kernel: jsd
Advantage: peragentrankweighted
M: 5
lambda: 10
epsilon_svgd: 0.02
gamma: 0.0005
decay_start_ratio: 0.2
decay_min_factor: 0.05
bandwith_kernel: None
no_interact: False
avg_score: 0.7052153944969177
median_score: 0.7072737216949463
std_score: 0.01163913868367672
percentiles: 2%=0.6864312887191772, 5%=0.6883547306060791, 10%=0.6902661323547363, 25%=0.6945070028305054, 50%=0.7072737216949463, 75%=0.7156184911727905, 90%=0.719784140586853, 95%=0.7210483551025391, 98%=0.7212200164794922
ranking_best_algo: PBIL
ranking_best_score: 0.7013553837109374
ranking_my_rank: 1/504 (100.0%)
ranking_my_percent: 100.0
