ConfigName: krbf__advnormalizedfitness__M2__L8__eps0p015__g0p007__ds0p15__dm0p01
Problem: NK
Kernel: rbf
Advantage: normalizedfitness
M: 2
lambda: 8
epsilon_svgd: 0.015
gamma: 0.007
decay_start_ratio: 0.15
decay_min_factor: 0.01
bandwith_kernel: None
no_interact: False
avg_score: 0.7113582491874695
median_score: 0.6979872584342957
std_score: 0.03125384449958801
percentiles: 2%=0.672556459903717, 5%=0.6743626594543457, 10%=0.6778975129127502, 25%=0.6845345497131348, 50%=0.6979872584342957, 75%=0.7461222410202026, 90%=0.7534023523330688, 95%=0.7613165378570557, 98%=0.7613165378570557
ranking_best_algo: CMApara
ranking_best_score: 0.7118996098437498
ranking_my_rank: 2/504 (99.8%)
ranking_my_percent: 99.8015873015873
