ConfigName: krbf__advnormalizedfitness__M3__L12__eps0p025__g0p01__ds0p15__dm0p05
Problem: QUBO
Kernel: rbf
Advantage: normalizedfitness
M: 3
lambda: 12
epsilon_svgd: 0.025
gamma: 0.01
decay_start_ratio: 0.15
decay_min_factor: 0.05
bandwith_kernel: None
no_interact: False
avg_score: -3104.8798828125
median_score: -3115.0
std_score: 190.5898895263672
percentiles: 2%=-3476.47998046875, 5%=-3398.10009765625, 10%=-3354.0, 25%=-3242.75, 50%=-3115.0, 75%=-2965.75, 90%=-2881.199951171875, 95%=-2791.449951171875, 98%=-2747.39990234375
ranking_best_algo: RLSOnePlusOne
ranking_best_score: 3316.5199999999995
ranking_my_rank: 82/504 (83.9%)
ranking_my_percent: 83.92857142857143
