ConfigName: kfr__advglobalrankweighted__M5__L11__eps0p01__g0p003__ds0p01__dm0p01
Problem: QUBO
Kernel: fr
Advantage: globalrankweighted
M: 5
lambda: 11
epsilon_svgd: 0.01
gamma: 0.003
decay_start_ratio: 0.01
decay_min_factor: 0.01
bandwith_kernel: None
no_interact: False
avg_score: -328.4200134277344
median_score: -333.0
std_score: 20.31707763671875
percentiles: 2%=-372.0, 5%=-357.20001220703125, 10%=-351.20001220703125, 25%=-343.0, 50%=-333.0, 75%=-313.5, 90%=-298.0, 95%=-294.0, 98%=-290.0
ranking_best_algo: CMApara
ranking_best_score: 344.22
ranking_my_rank: 84/504 (83.5%)
ranking_my_percent: 83.53174603174604
