ConfigName: kjsd__advperagentrankweighted__M3__L16__eps0p007__g0p003__ds0p05__dm0p05
Problem: QUBO
Kernel: jsd
Advantage: peragentrankweighted
M: 3
lambda: 16
epsilon_svgd: 0.007
gamma: 0.003
decay_start_ratio: 0.05
decay_min_factor: 0.05
bandwith_kernel: None
no_interact: False
avg_score: -427.0400085449219
median_score: -423.0
std_score: 29.026166915893555
percentiles: 2%=-481.0, 5%=-479.0, 10%=-467.0, 25%=-449.25, 50%=-423.0, 75%=-412.75, 90%=-388.70001220703125, 95%=-370.8500061035156, 98%=-363.9800109863281
ranking_best_algo: CMAL3
ranking_best_score: 435.36
ranking_my_rank: 20/504 (96.2%)
ranking_my_percent: 96.23015873015873
