ConfigName: krbf__advnormalizedfitness__M5__L15__eps0p025__g0p005__ds0p05__dm0p05
Problem: QUBO
Kernel: rbf
Advantage: normalizedfitness
M: 5
lambda: 15
epsilon_svgd: 0.025
gamma: 0.005
decay_start_ratio: 0.05
decay_min_factor: 0.05
bandwith_kernel: None
no_interact: False
avg_score: -419.17999267578125
median_score: -422.0
std_score: 26.852331161499023
percentiles: 2%=-477.0400085449219, 5%=-467.3999938964844, 10%=-453.20001220703125, 25%=-435.0, 50%=-422.0, 75%=-400.5, 90%=-386.8999938964844, 95%=-374.8999938964844, 98%=-366.82000732421875
ranking_best_algo: CMAL3
ranking_best_score: 435.36
ranking_my_rank: 95/504 (81.3%)
ranking_my_percent: 81.34920634920636
