ConfigName: kjsd__advperagentrankweighted__M4__L10__eps0p005__g0p0003__ds0p05__dm0p05
Problem: QUBO
Kernel: jsd
Advantage: peragentrankweighted
M: 4
lambda: 10
epsilon_svgd: 0.005
gamma: 0.0003
decay_start_ratio: 0.05
decay_min_factor: 0.05
bandwith_kernel: None
no_interact: False
avg_score: -914.9400024414062
median_score: -915.5
std_score: 58.63835525512695
percentiles: 2%=-1012.1199951171875, 5%=-1004.25, 10%=-987.2000122070312, 25%=-965.0, 50%=-915.5, 75%=-873.0, 90%=-834.4000244140625, 95%=-820.9000244140625, 98%=-810.739990234375
ranking_best_algo: CMAL3
ranking_best_score: 928.5800000000002
ranking_my_rank: 17/504 (96.8%)
ranking_my_percent: 96.82539682539682
