ConfigName: kjsd__advperagentrankweighted__M5__L10__eps0p02__g0p0005__ds0p2__dm0p05
Problem: QUBO
Kernel: jsd
Advantage: peragentrankweighted
M: 5
lambda: 10
epsilon_svgd: 0.02
gamma: 0.0005
decay_start_ratio: 0.2
decay_min_factor: 0.05
bandwith_kernel: None
no_interact: False
avg_score: -577.9600219726562
median_score: -575.0
std_score: 27.60576820373535
percentiles: 2%=-631.0399780273438, 5%=-625.0999755859375, 10%=-621.0, 25%=-595.75, 50%=-575.0, 75%=-559.0, 90%=-545.0, 95%=-536.9500122070312, 98%=-521.7000122070312
ranking_best_algo: Tabu
ranking_best_score: 588.7199999999999
ranking_my_rank: 42/503 (91.8%)
ranking_my_percent: 91.84890656063618
