ConfigName: krbf__advnormalizedfitness__M3__L15__eps0p025__g0p005__ds0p01__dm0p01
Problem: NK
Kernel: rbf
Advantage: normalizedfitness
M: 3
lambda: 15
epsilon_svgd: 0.025
gamma: 0.005
decay_start_ratio: 0.01
decay_min_factor: 0.01
bandwith_kernel: None
no_interact: False
avg_score: 0.7512691617012024
median_score: 0.7524281144142151
std_score: 0.013603714294731617
percentiles: 2%=0.7227597236633301, 5%=0.7283364534378052, 10%=0.7331959009170532, 25%=0.7423468232154846, 50%=0.7524281144142151, 75%=0.7602930068969727, 90%=0.7675372958183289, 95%=0.7715141177177429, 98%=0.772438645362854
ranking_best_algo: Tabu
ranking_best_score: 0.7657846284375001
ranking_my_rank: 18/504 (96.6%)
ranking_my_percent: 96.62698412698413
