ConfigName: krbf__advnormalizedfitness__M4__L10__eps0p025__g0p007__ds0p01__dm0p01
Problem: QUBO
Kernel: rbf
Advantage: normalizedfitness
M: 4
lambda: 10
epsilon_svgd: 0.025
gamma: 0.007
decay_start_ratio: 0.01
decay_min_factor: 0.01
bandwith_kernel: None
no_interact: False
avg_score: -1245.5400390625
median_score: -1228.5
std_score: 75.87389373779297
percentiles: 2%=-1406.1400146484375, 5%=-1378.1500244140625, 10%=-1360.5, 25%=-1293.5, 50%=-1228.5, 75%=-1192.75, 90%=-1152.9000244140625, 95%=-1132.1500244140625, 98%=-1106.9000244140625
ranking_best_algo: BigLognormalDiscreteOnePlusOne
ranking_best_score: 1301.3600000000004
ranking_my_rank: 57/504 (88.9%)
ranking_my_percent: 88.88888888888889
