ConfigName: krbf__advnormalizedfitness__M1__L10__eps0p015__g0p01__ds0p3__dm0p3
Problem: QUBO
Kernel: rbf
Advantage: normalizedfitness
M: 1
lambda: 10
epsilon_svgd: 0.015
gamma: 0.01
decay_start_ratio: 0.3
decay_min_factor: 0.3
bandwith_kernel: None
no_interact: False
avg_score: -904.4199829101562
median_score: -896.0
std_score: 66.09601593017578
percentiles: 2%=-1024.52001953125, 5%=-1016.0, 10%=-995.4000244140625, 25%=-951.25, 50%=-896.0, 75%=-850.75, 90%=-829.7999877929688, 95%=-806.75, 98%=-797.4198608398438
ranking_best_algo: CMAL3
ranking_best_score: 928.5800000000002
ranking_my_rank: 66/504 (87.1%)
ranking_my_percent: 87.10317460317461
