ConfigName: kjsd__advperagentrankweighted__M3__L18__eps0p01__g0p0005__ds0p05__dm0p1
Problem: QUBO
Kernel: jsd
Advantage: peragentrankweighted
M: 3
lambda: 18
epsilon_svgd: 0.01
gamma: 0.0005
decay_start_ratio: 0.05
decay_min_factor: 0.1
bandwith_kernel: None
no_interact: False
avg_score: -438.55999755859375
median_score: -439.5
std_score: 26.689443588256836
percentiles: 2%=-481.0799865722656, 5%=-477.0, 10%=-472.0, 25%=-461.25, 50%=-439.5, 75%=-421.0, 90%=-403.8999938964844, 95%=-395.95001220703125, 98%=-389.7200012207031
ranking_best_algo: CMApara
ranking_best_score: 453.82
ranking_my_rank: 19/504 (96.4%)
ranking_my_percent: 96.42857142857143
