ConfigName: kjsd__advperagentrankweighted__M8__L12__eps0p005__g0p0005__ds0p3__dm0p05
Problem: NK
Kernel: jsd
Advantage: peragentrankweighted
M: 8
lambda: 12
epsilon_svgd: 0.005
gamma: 0.0005
decay_start_ratio: 0.3
decay_min_factor: 0.05
bandwith_kernel: None
no_interact: False
avg_score: 0.7370924353599548
median_score: 0.738402783870697
std_score: 0.009547519497573376
percentiles: 2%=0.7148268222808838, 5%=0.7200977802276611, 10%=0.7231669425964355, 25%=0.7310796976089478, 50%=0.738402783870697, 75%=0.744606614112854, 90%=0.7471391558647156, 95%=0.7508205771446228, 98%=0.7541816234588623
ranking_best_algo: PBIL
ranking_best_score: 0.730509098125
ranking_my_rank: 1/504 (100.0%)
ranking_my_percent: 100.0
