ConfigName: kjsd__advperagentrankweighted__M3__L24__eps0p005__g0p0005__ds0p2__dm0p2
Problem: NK
Kernel: jsd
Advantage: peragentrankweighted
M: 3
lambda: 24
epsilon_svgd: 0.005
gamma: 0.0005
decay_start_ratio: 0.2
decay_min_factor: 0.2
bandwith_kernel: None
no_interact: False
avg_score: 0.7072892785072327
median_score: 0.7105231285095215
std_score: 0.011903011240065098
percentiles: 2%=0.6871656179428101, 5%=0.6888632774353027, 10%=0.6905392408370972, 25%=0.6960088610649109, 50%=0.7105231285095215, 75%=0.7173857688903809, 90%=0.720999002456665, 95%=0.722522497177124, 98%=0.7234379053115845
ranking_best_algo: PBIL
ranking_best_score: 0.7013553837109374
ranking_my_rank: 1/504 (100.0%)
ranking_my_percent: 100.0
