ConfigName: kjsd__advperagentrankweighted__M3__L16__eps0p007__g0p0007__ds0p2__dm0p1
Problem: QUBO
Kernel: jsd
Advantage: peragentrankweighted
M: 3
lambda: 16
epsilon_svgd: 0.007
gamma: 0.0007
decay_start_ratio: 0.2
decay_min_factor: 0.1
bandwith_kernel: None
no_interact: False
avg_score: -3289.760009765625
median_score: -3290.0
std_score: 112.03312683105469
percentiles: 2%=-3492.1201171875, 5%=-3471.10009765625, 10%=-3434.199951171875, 25%=-3370.0, 50%=-3290.0, 75%=-3204.75, 90%=-3150.89990234375, 95%=-3133.10009765625, 98%=-3082.419921875
ranking_best_algo: RLSOnePlusOne
ranking_best_score: 3316.5199999999995
ranking_my_rank: 3/504 (99.6%)
ranking_my_percent: 99.60317460317461
