ConfigName: kjsd__advperagentrankweighted__M3__L16__eps0p01__g0p0007__ds0p1__dm0p05
Problem: NK
Kernel: jsd
Advantage: peragentrankweighted
M: 3
lambda: 16
epsilon_svgd: 0.01
gamma: 0.0007
decay_start_ratio: 0.1
decay_min_factor: 0.05
bandwith_kernel: None
no_interact: False
avg_score: 0.710573136806488
median_score: 0.6953628063201904
std_score: 0.03206871449947357
percentiles: 2%=0.6735868453979492, 5%=0.6742333173751831, 10%=0.6756990551948547, 25%=0.6813923716545105, 50%=0.6953628063201904, 75%=0.7464730739593506, 90%=0.752771258354187, 95%=0.7613165378570557, 98%=0.7613165378570557
ranking_best_algo: CMApara
ranking_best_score: 0.7118996098437498
ranking_my_rank: 20/504 (96.2%)
ranking_my_percent: 96.23015873015873
