ConfigName: krbf__advnormalizedfitness__M3__L8__eps0p015__g0p01__ds0p3__dm0p3
Problem: NK
Kernel: rbf
Advantage: normalizedfitness
M: 3
lambda: 8
epsilon_svgd: 0.015
gamma: 0.01
decay_start_ratio: 0.3
decay_min_factor: 0.3
bandwith_kernel: None
no_interact: False
avg_score: 0.744752824306488
median_score: 0.7423176169395447
std_score: 0.028539616614580154
percentiles: 2%=0.7019848227500916, 5%=0.7056147456169128, 10%=0.7081873416900635, 25%=0.7235831022262573, 50%=0.7423176169395447, 75%=0.7580187320709229, 90%=0.778337299823761, 95%=0.8046112060546875, 98%=0.8118547797203064
ranking_best_algo: CMApara
ranking_best_score: 0.7459277895312499
ranking_my_rank: 3/504 (99.6%)
ranking_my_percent: 99.60317460317461
