ConfigName: krbf__advnormalizedfitness__M3__L10__eps0p03__g0p01__ds0p05__dm0p05
Problem: NK
Kernel: rbf
Advantage: normalizedfitness
M: 3
lambda: 10
epsilon_svgd: 0.03
gamma: 0.01
decay_start_ratio: 0.05
decay_min_factor: 0.05
bandwith_kernel: None
no_interact: False
avg_score: 0.6898542046546936
median_score: 0.6850911974906921
std_score: 0.018982822075486183
percentiles: 2%=0.6583892107009888, 5%=0.6592878103256226, 10%=0.6682281494140625, 25%=0.677873432636261, 50%=0.6850911974906921, 75%=0.704189658164978, 90%=0.7211156487464905, 95%=0.725421130657196, 98%=0.7269213199615479
ranking_best_algo: PBIL
ranking_best_score: 0.7170882103515624
ranking_my_rank: 126/504 (75.2%)
ranking_my_percent: 75.1984126984127
