ConfigName: kjsd__advperagentrankweighted__M3__L18__eps0p005__g0p0007__ds0p2__dm0p2
Problem: NK
Kernel: jsd
Advantage: peragentrankweighted
M: 3
lambda: 18
epsilon_svgd: 0.005
gamma: 0.0007
decay_start_ratio: 0.2
decay_min_factor: 0.2
bandwith_kernel: None
no_interact: False
avg_score: 0.7353633642196655
median_score: 0.7372455596923828
std_score: 0.009017457254230976
percentiles: 2%=0.7159862518310547, 5%=0.7173851728439331, 10%=0.7209192514419556, 25%=0.7302225828170776, 50%=0.7372455596923828, 75%=0.7424173355102539, 90%=0.7456494569778442, 95%=0.7475745677947998, 98%=0.7488645911216736
ranking_best_algo: PBIL
ranking_best_score: 0.7248786399609374
ranking_my_rank: 1/504 (100.0%)
ranking_my_percent: 100.0
