ConfigName: kjsd__advperagentrankweighted__M6__L10__eps0p02__g0p0007__ds0p05__dm0p05
Problem: QUBO
Kernel: jsd
Advantage: peragentrankweighted
M: 6
lambda: 10
epsilon_svgd: 0.02
gamma: 0.0007
decay_start_ratio: 0.05
decay_min_factor: 0.05
bandwith_kernel: None
no_interact: False
avg_score: -950.1199951171875
median_score: -950.5
std_score: 60.345054626464844
percentiles: 2%=-1068.0400390625, 5%=-1057.25, 10%=-1035.199951171875, 25%=-991.0, 50%=-950.5, 75%=-899.75, 90%=-878.7999877929688, 95%=-862.9000244140625, 98%=-844.5999755859375
ranking_best_algo: CMApara
ranking_best_score: 964.9
ranking_my_rank: 2/504 (99.8%)
ranking_my_percent: 99.8015873015873
