ConfigName: kjsd__advperagentrankweighted__M5__L10__eps0p005__g0p0005__ds0p2__dm0p05
Problem: QUBO
Kernel: jsd
Advantage: peragentrankweighted
M: 5
lambda: 10
epsilon_svgd: 0.005
gamma: 0.0005
decay_start_ratio: 0.2
decay_min_factor: 0.05
bandwith_kernel: None
no_interact: False
avg_score: -1199.1600341796875
median_score: -1194.0
std_score: 56.71114730834961
percentiles: 2%=-1345.1199951171875, 5%=-1299.4000244140625, 10%=-1281.0, 25%=-1233.0, 50%=-1194.0, 75%=-1156.75, 90%=-1132.0, 95%=-1120.699951171875, 98%=-1103.9599609375
ranking_best_algo: Tabu
ranking_best_score: 1216.16
ranking_my_rank: 44/504 (91.5%)
ranking_my_percent: 91.46825396825396
