ConfigName: krbf__advnormalizedfitness__M2__L8__eps0p025__g0p007__ds0p15__dm0p01
Problem: NK
Kernel: rbf
Advantage: normalizedfitness
M: 2
lambda: 8
epsilon_svgd: 0.025
gamma: 0.007
decay_start_ratio: 0.15
decay_min_factor: 0.01
bandwith_kernel: None
no_interact: False
avg_score: 0.7352569699287415
median_score: 0.7373301386833191
std_score: 0.009295317344367504
percentiles: 2%=0.7166994214057922, 5%=0.7180159091949463, 10%=0.722517728805542, 25%=0.727940559387207, 50%=0.7373301386833191, 75%=0.7422670125961304, 90%=0.7453782558441162, 95%=0.7483999133110046, 98%=0.7506037354469299
ranking_best_algo: PBIL
ranking_best_score: 0.730509098125
ranking_my_rank: 1/504 (100.0%)
ranking_my_percent: 100.0
