ConfigName: krbf__advnormalizedfitness__M2__L8__eps0p033__g0p007__ds0p01__dm0p3
Problem: QUBO
Kernel: rbf
Advantage: normalizedfitness
M: 2
lambda: 8
epsilon_svgd: 0.033
gamma: 0.007
decay_start_ratio: 0.01
decay_min_factor: 0.3
bandwith_kernel: None
no_interact: False
avg_score: -1220.8399658203125
median_score: -1216.0
std_score: 63.58800506591797
percentiles: 2%=-1357.0400390625, 5%=-1310.1500244140625, 10%=-1298.0, 25%=-1261.75, 50%=-1216.0, 75%=-1180.0, 90%=-1148.699951171875, 95%=-1123.0, 98%=-1102.4599609375
ranking_best_algo: SVMMetaModelLogNormal
ranking_best_score: 1233.7999999999997
ranking_my_rank: 40/504 (92.3%)
ranking_my_percent: 92.26190476190476
