ConfigName: kjsd__advperagentrankweighted__M3__L20__eps0p005__g0p003__ds0p1__dm0p05
Problem: NK
Kernel: jsd
Advantage: peragentrankweighted
M: 3
lambda: 20
epsilon_svgd: 0.005
gamma: 0.003
decay_start_ratio: 0.1
decay_min_factor: 0.05
bandwith_kernel: None
no_interact: False
avg_score: 0.7072615027427673
median_score: 0.7084564566612244
std_score: 0.01459744106978178
percentiles: 2%=0.6743274331092834, 5%=0.683448076248169, 10%=0.6899447441101074, 25%=0.6980413794517517, 50%=0.7084564566612244, 75%=0.717393159866333, 90%=0.7232741713523865, 95%=0.7286930084228516, 98%=0.740044891834259
ranking_best_algo: PBIL
ranking_best_score: 0.733570253046875
ranking_my_rank: 80/504 (84.3%)
ranking_my_percent: 84.32539682539682
