ConfigName: krbf__advnormalizedfitness__M2__L8__eps0p015__g0p005__ds0p15__dm0p01
Problem: QUBO
Kernel: rbf
Advantage: normalizedfitness
M: 2
lambda: 8
epsilon_svgd: 0.015
gamma: 0.005
decay_start_ratio: 0.15
decay_min_factor: 0.01
bandwith_kernel: None
no_interact: False
avg_score: -2556.860107421875
median_score: -2548.5
std_score: 133.06051635742188
percentiles: 2%=-2803.340087890625, 5%=-2785.25, 10%=-2736.39990234375, 25%=-2652.5, 50%=-2548.5, 75%=-2475.75, 90%=-2374.89990234375, 95%=-2343.64990234375, 98%=-2263.9599609375
ranking_best_algo: SVM1MetaModelLogNormal
ranking_best_score: 2605.14
ranking_my_rank: 41/504 (92.1%)
ranking_my_percent: 92.06349206349206
