ConfigName: kjsd__advperagentrankweighted__M3__L24__eps0p005__g0p001__ds0p2__dm0p1
Problem: NK
Kernel: jsd
Advantage: peragentrankweighted
M: 3
lambda: 24
epsilon_svgd: 0.005
gamma: 0.001
decay_start_ratio: 0.2
decay_min_factor: 0.1
bandwith_kernel: None
no_interact: False
avg_score: 0.7582663893699646
median_score: 0.7564895153045654
std_score: 0.012798896059393883
percentiles: 2%=0.7348476648330688, 5%=0.7399740815162659, 10%=0.7435696125030518, 25%=0.7487495541572571, 50%=0.7564895153045654, 75%=0.7679890990257263, 90%=0.7748833298683167, 95%=0.7800360321998596, 98%=0.7867016196250916
ranking_best_algo: Tabu
ranking_best_score: 0.7470791764843752
ranking_my_rank: 1/504 (100.0%)
ranking_my_percent: 100.0
