ConfigName: krbf__advnormalizedfitness__M3__L10__eps0p033__g0p015__ds0p15__dm0p3
Problem: NK
Kernel: rbf
Advantage: normalizedfitness
M: 3
lambda: 10
epsilon_svgd: 0.033
gamma: 0.015
decay_start_ratio: 0.15
decay_min_factor: 0.3
bandwith_kernel: None
no_interact: False
avg_score: 0.7362760305404663
median_score: 0.7372713685035706
std_score: 0.008301655761897564
percentiles: 2%=0.7205102443695068, 5%=0.7216845750808716, 10%=0.7247946262359619, 25%=0.730124294757843, 50%=0.7372713685035706, 75%=0.7423638105392456, 90%=0.7465714812278748, 95%=0.7472949624061584, 98%=0.7508341670036316
ranking_best_algo: PBIL
ranking_best_score: 0.730509098125
ranking_my_rank: 1/504 (100.0%)
ranking_my_percent: 100.0
