ConfigName: krbf__advnormalizedfitness__M4__L10__eps0p025__g0p005__ds0p01__dm0p01
Problem: QUBO
Kernel: rbf
Advantage: normalizedfitness
M: 4
lambda: 10
epsilon_svgd: 0.025
gamma: 0.005
decay_start_ratio: 0.01
decay_min_factor: 0.01
bandwith_kernel: None
no_interact: False
avg_score: -1192.800048828125
median_score: -1187.0
std_score: 66.6121597290039
percentiles: 2%=-1318.4000244140625, 5%=-1297.050048828125, 10%=-1276.300048828125, 25%=-1241.25, 50%=-1187.0, 75%=-1141.0, 90%=-1114.5, 95%=-1094.75, 98%=-1056.9599609375
ranking_best_algo: SVMMetaModelLogNormal
ranking_best_score: 1233.7999999999997
ranking_my_rank: 58/504 (88.7%)
ranking_my_percent: 88.69047619047619
