ConfigName: krbf__advnormalizedfitness__M3__L10__eps0p025__g0p005__ds0p3__dm0p01
Problem: QUBO
Kernel: rbf
Advantage: normalizedfitness
M: 3
lambda: 10
epsilon_svgd: 0.025
gamma: 0.005
decay_start_ratio: 0.3
decay_min_factor: 0.01
bandwith_kernel: None
no_interact: False
avg_score: -200.3000030517578
median_score: -201.0
std_score: 11.83511734008789
percentiles: 2%=-224.0, 5%=-222.0, 10%=-217.10000610351562, 25%=-208.0, 50%=-201.0, 75%=-191.0, 90%=-183.89999389648438, 95%=-181.95001220703125, 98%=-179.91998291015625
ranking_best_algo: Tabu
ranking_best_score: 208.36000000000004
ranking_my_rank: 48/504 (90.7%)
ranking_my_percent: 90.67460317460318
