ConfigName: kfr__advglobalrankweighted__M4__L10__eps0p02__g0p005__ds0p01__dm0p01
Problem: QUBO
Kernel: fr
Advantage: globalrankweighted
M: 4
lambda: 10
epsilon_svgd: 0.02
gamma: 0.005
decay_start_ratio: 0.01
decay_min_factor: 0.01
bandwith_kernel: None
no_interact: False
avg_score: -428.8399963378906
median_score: -429.0
std_score: 28.233570098876953
percentiles: 2%=-481.0, 5%=-475.0, 10%=-469.0, 25%=-451.0, 50%=-429.0, 75%=-408.75, 90%=-391.8999938964844, 95%=-383.0, 98%=-377.8599853515625
ranking_best_algo: CMAL3
ranking_best_score: 435.36
ranking_my_rank: 14/504 (97.4%)
ranking_my_percent: 97.42063492063492
