ConfigName: kjsd__advperagentrankweighted__M3__L20__eps0p007__g0p0005__ds0p1__dm0p05
Problem: QUBO
Kernel: jsd
Advantage: peragentrankweighted
M: 3
lambda: 20
epsilon_svgd: 0.007
gamma: 0.0005
decay_start_ratio: 0.1
decay_min_factor: 0.05
bandwith_kernel: None
no_interact: False
avg_score: -199.3800048828125
median_score: -199.5
std_score: 13.579970359802246
percentiles: 2%=-224.0, 5%=-222.0, 10%=-218.0, 25%=-209.0, 50%=-199.5, 75%=-189.75, 90%=-180.89999389648438, 95%=-176.9499969482422, 98%=-168.0
ranking_best_algo: Tabu
ranking_best_score: 208.36000000000004
ranking_my_rank: 84/504 (83.5%)
ranking_my_percent: 83.53174603174604
