ConfigName: kjsd__advperagentrankweighted__M4__L10__eps0p01__g0p0003__ds0p2__dm0p05
Problem: NK
Kernel: jsd
Advantage: peragentrankweighted
M: 4
lambda: 10
epsilon_svgd: 0.01
gamma: 0.0003
decay_start_ratio: 0.2
decay_min_factor: 0.05
bandwith_kernel: None
no_interact: False
avg_score: 0.7101665735244751
median_score: 0.6996403932571411
std_score: 0.03148134425282478
percentiles: 2%=0.6734704971313477, 5%=0.6735866665840149, 10%=0.6757414937019348, 25%=0.6802714467048645, 50%=0.6996403932571411, 75%=0.7462846040725708, 90%=0.7521345615386963, 95%=0.7566229701042175, 98%=0.7613165378570557
ranking_best_algo: CMApara
ranking_best_score: 0.7118996098437498
ranking_my_rank: 33/504 (93.7%)
ranking_my_percent: 93.65079365079364
