ConfigName: krbf__advnormalizedfitness__M1__L10__eps0p015__g0p01__ds0p3__dm0p3
Problem: QUBO
Kernel: rbf
Advantage: normalizedfitness
M: 1
lambda: 10
epsilon_svgd: 0.015
gamma: 0.01
decay_start_ratio: 0.3
decay_min_factor: 0.3
bandwith_kernel: None
no_interact: False
avg_score: -321.3599853515625
median_score: -324.0
std_score: 26.371015548706055
percentiles: 2%=-372.0, 5%=-357.20001220703125, 10%=-354.0, 25%=-342.0, 50%=-324.0, 75%=-301.5, 90%=-280.0, 95%=-278.0, 98%=-273.9599914550781
ranking_best_algo: CMApara
ranking_best_score: 344.22
ranking_my_rank: 158/504 (68.8%)
ranking_my_percent: 68.84920634920636
