ConfigName: kfr__advglobalrankweighted__M1__L9__eps0p02__g0p005__ds0p01__dm0p01
Problem: QUBO
Kernel: fr
Advantage: globalrankweighted
M: 1
lambda: 9
epsilon_svgd: 0.02
gamma: 0.005
decay_start_ratio: 0.01
decay_min_factor: 0.01
bandwith_kernel: None
no_interact: False
avg_score: -1546.6600341796875
median_score: -1542.5
std_score: 68.56168365478516
percentiles: 2%=-1667.0, 5%=-1649.1500244140625, 10%=-1633.300048828125, 25%=-1599.25, 50%=-1542.5, 75%=-1508.5, 90%=-1467.0, 95%=-1420.9000244140625, 98%=-1414.2398681640625
ranking_best_algo: NLOPT_LN_PRAXIS
ranking_best_score: 1607.12
ranking_my_rank: 53/504 (89.7%)
ranking_my_percent: 89.68253968253968
