ConfigName: krbf__advnormalizedfitness__M1__L10__eps0p015__g0p007__ds0p15__dm0p01
Problem: NK
Kernel: rbf
Advantage: normalizedfitness
M: 1
lambda: 10
epsilon_svgd: 0.015
gamma: 0.007
decay_start_ratio: 0.15
decay_min_factor: 0.01
bandwith_kernel: None
no_interact: False
avg_score: 0.7070685625076294
median_score: 0.7095949649810791
std_score: 0.015939394012093544
percentiles: 2%=0.6674715876579285, 5%=0.6690021753311157, 10%=0.6889596581459045, 25%=0.7022942304611206, 50%=0.7095949649810791, 75%=0.7162147164344788, 90%=0.7250728607177734, 95%=0.7312596440315247, 98%=0.7315261363983154
ranking_best_algo: CMApara
ranking_best_score: 0.707475975
ranking_my_rank: 2/504 (99.8%)
ranking_my_percent: 99.8015873015873
