ConfigName: kjsd__advperagentrankweighted__M3__L18__eps0p01__g0p0005__ds0p05__dm0p2
Problem: NK
Kernel: jsd
Advantage: peragentrankweighted
M: 3
lambda: 18
epsilon_svgd: 0.01
gamma: 0.0005
decay_start_ratio: 0.05
decay_min_factor: 0.2
bandwith_kernel: None
no_interact: False
avg_score: 0.7334603071212769
median_score: 0.7348552942276001
std_score: 0.009165467694401741
percentiles: 2%=0.7132872939109802, 5%=0.7175443172454834, 10%=0.719775378704071, 25%=0.7278189063072205, 50%=0.7348552942276001, 75%=0.7401691675186157, 90%=0.744325578212738, 95%=0.746378481388092, 98%=0.7473536133766174
ranking_best_algo: PBIL
ranking_best_score: 0.730509098125
ranking_my_rank: 1/504 (100.0%)
ranking_my_percent: 100.0
