ConfigName: krbf__advnormalizedfitness__M3__L24__eps0p025__g0p005__ds0p05__dm0p05
Problem: QUBO
Kernel: rbf
Advantage: normalizedfitness
M: 3
lambda: 24
epsilon_svgd: 0.025
gamma: 0.005
decay_start_ratio: 0.05
decay_min_factor: 0.05
bandwith_kernel: None
no_interact: False
avg_score: -147.97999572753906
median_score: -146.5
std_score: 12.735761642456055
percentiles: 2%=-179.0, 5%=-179.0, 10%=-160.3000030517578, 25%=-155.0, 50%=-146.5, 75%=-141.0, 90%=-133.89999389648438, 95%=-128.89999389648438, 98%=-124.77999877929688
ranking_best_algo: CMApara
ranking_best_score: 154.28
ranking_my_rank: 86/504 (83.1%)
ranking_my_percent: 83.13492063492063
