ConfigName: krbf__advnormalizedfitness__M3__L12__eps0p033__g0p007__ds0p01__dm0p3
Problem: QUBO
Kernel: rbf
Advantage: normalizedfitness
M: 3
lambda: 12
epsilon_svgd: 0.033
gamma: 0.007
decay_start_ratio: 0.01
decay_min_factor: 0.3
bandwith_kernel: None
no_interact: False
avg_score: -1187.5400390625
median_score: -1183.5
std_score: 58.397674560546875
percentiles: 2%=-1325.239990234375, 5%=-1281.199951171875, 10%=-1263.199951171875, 25%=-1224.25, 50%=-1183.5, 75%=-1145.5, 90%=-1111.9000244140625, 95%=-1100.800048828125, 98%=-1090.0
ranking_best_algo: Tabu
ranking_best_score: 1216.16
ranking_my_rank: 64/504 (87.5%)
ranking_my_percent: 87.5
