ConfigName: krbf__advnormalizedfitness__M4__L10__eps0p015__g0p005__ds0p15__dm0p3
Problem: QUBO
Kernel: rbf
Advantage: normalizedfitness
M: 4
lambda: 10
epsilon_svgd: 0.015
gamma: 0.005
decay_start_ratio: 0.15
decay_min_factor: 0.3
bandwith_kernel: None
no_interact: False
avg_score: -411.0199890136719
median_score: -413.0
std_score: 32.89072036743164
percentiles: 2%=-471.0400085449219, 5%=-471.0, 10%=-457.20001220703125, 25%=-430.25, 50%=-413.0, 75%=-385.0, 90%=-366.8999938964844, 95%=-360.95001220703125, 98%=-353.7999572753906
ranking_best_algo: CMAL3
ranking_best_score: 435.36
ranking_my_rank: 170/504 (66.5%)
ranking_my_percent: 66.46825396825396
