ConfigName: kjsd__advperagentrankweighted__M4__L10__eps0p02__g0p0007__ds0p2__dm0p05
Problem: QUBO
Kernel: jsd
Advantage: peragentrankweighted
M: 4
lambda: 10
epsilon_svgd: 0.02
gamma: 0.0007
decay_start_ratio: 0.2
decay_min_factor: 0.05
bandwith_kernel: None
no_interact: False
avg_score: -410.9800109863281
median_score: -410.0
std_score: 27.291749954223633
percentiles: 2%=-469.1199951171875, 5%=-463.20001220703125, 10%=-452.0, 25%=-427.75, 50%=-410.0, 75%=-393.75, 90%=-374.0, 95%=-371.8999938964844, 98%=-363.8800048828125
ranking_best_algo: Tabu
ranking_best_score: 438.12
ranking_my_rank: 80/504 (84.3%)
ranking_my_percent: 84.32539682539682
