ConfigName: kjsd__advperagentrankweighted__M4__L24__eps0p02__g0p0005__ds0p2__dm0p05
Problem: QUBO
Kernel: jsd
Advantage: peragentrankweighted
M: 4
lambda: 24
epsilon_svgd: 0.02
gamma: 0.0005
decay_start_ratio: 0.2
decay_min_factor: 0.05
bandwith_kernel: None
no_interact: False
avg_score: -3282.659912109375
median_score: -3287.0
std_score: 109.48664093017578
percentiles: 2%=-3523.659912109375, 5%=-3484.0, 10%=-3436.300048828125, 25%=-3338.25, 50%=-3287.0, 75%=-3205.25, 90%=-3139.199951171875, 95%=-3115.75, 98%=-3087.760009765625
ranking_best_algo: RLSOnePlusOne
ranking_best_score: 3316.5199999999995
ranking_my_rank: 3/504 (99.6%)
ranking_my_percent: 99.60317460317461
