ConfigName: krbf__advnormalizedfitness__M3__L15__eps0p033__g0p007__ds0p3__dm0p01
Problem: QUBO
Kernel: rbf
Advantage: normalizedfitness
M: 3
lambda: 15
epsilon_svgd: 0.033
gamma: 0.007
decay_start_ratio: 0.3
decay_min_factor: 0.01
bandwith_kernel: None
no_interact: False
avg_score: -139.89999389648438
median_score: -141.0
std_score: 11.621962547302246
percentiles: 2%=-159.0, 5%=-158.0500030517578, 10%=-156.0, 25%=-146.0, 50%=-141.0, 75%=-132.75, 90%=-126.80000305175781, 95%=-119.0, 98%=-113.0
ranking_best_algo: DiscreteDE
ranking_best_score: 143.4
ranking_my_rank: 80/504 (84.3%)
ranking_my_percent: 84.32539682539682
