ConfigName: kjsd__advperagentrankweighted__M3__L30__eps0p007__g0p001__ds0p05__dm0p1
Problem: QUBO
Kernel: jsd
Advantage: peragentrankweighted
M: 3
lambda: 30
epsilon_svgd: 0.007
gamma: 0.001
decay_start_ratio: 0.05
decay_min_factor: 0.1
bandwith_kernel: None
no_interact: False
avg_score: -2601.52001953125
median_score: -2611.5
std_score: 131.88453674316406
percentiles: 2%=-2857.280029296875, 5%=-2834.050048828125, 10%=-2744.10009765625, 25%=-2687.75, 50%=-2611.5, 75%=-2522.0, 90%=-2424.800048828125, 95%=-2369.800048828125, 98%=-2319.800048828125
ranking_best_algo: DiscreteLengler2OnePlusOne
ranking_best_score: 2617.04
ranking_my_rank: 10/504 (98.2%)
ranking_my_percent: 98.21428571428571
