ConfigName: krbf__advnormalizedfitness__M3__L10__eps0p033__g0p007__ds0p3__dm0p3
Problem: QUBO
Kernel: rbf
Advantage: normalizedfitness
M: 3
lambda: 10
epsilon_svgd: 0.033
gamma: 0.007
decay_start_ratio: 0.3
decay_min_factor: 0.3
bandwith_kernel: None
no_interact: False
avg_score: -2569.159912109375
median_score: -2542.5
std_score: 155.16549682617188
percentiles: 2%=-2874.5400390625, 5%=-2816.800048828125, 10%=-2775.0, 25%=-2690.25, 50%=-2542.5, 75%=-2440.0, 90%=-2364.300048828125, 95%=-2332.85009765625, 98%=-2327.639892578125
ranking_best_algo: DiscreteLengler2OnePlusOne
ranking_best_score: 2617.04
ranking_my_rank: 51/504 (90.1%)
ranking_my_percent: 90.07936507936508
