ConfigName: kfr__advglobalrankweighted__M1__L11__eps0p015__g0p003__ds0p01__dm0p01
Problem: QUBO
Kernel: fr
Advantage: globalrankweighted
M: 1
lambda: 11
epsilon_svgd: 0.015
gamma: 0.003
decay_start_ratio: 0.01
decay_min_factor: 0.01
bandwith_kernel: None
no_interact: False
avg_score: -189.27999877929688
median_score: -189.0
std_score: 15.851863861083984
percentiles: 2%=-222.0, 5%=-214.10000610351562, 10%=-209.1999969482422, 25%=-201.0, 50%=-189.0, 75%=-179.0, 90%=-166.89999389648438, 95%=-162.95001220703125, 98%=-158.97999572753906
ranking_best_algo: Tabu
ranking_best_score: 208.36000000000004
ranking_my_rank: 243/504 (52.0%)
ranking_my_percent: 51.98412698412698
