ConfigName: kjsd__advperagentrankweighted__M4__L24__eps0p03__g0p0003__ds0p2__dm0p05
Problem: NK
Kernel: jsd
Advantage: peragentrankweighted
M: 4
lambda: 24
epsilon_svgd: 0.03
gamma: 0.0003
decay_start_ratio: 0.2
decay_min_factor: 0.05
bandwith_kernel: None
no_interact: False
avg_score: 0.7320324778556824
median_score: 0.7322019934654236
std_score: 0.008577823638916016
percentiles: 2%=0.7181150317192078, 5%=0.7201396226882935, 10%=0.7213795185089111, 25%=0.7254925966262817, 50%=0.7322019934654236, 75%=0.7370386123657227, 90%=0.7420734167098999, 95%=0.7442905306816101, 98%=0.7481424808502197
ranking_best_algo: PBIL
ranking_best_score: 0.733570253046875
ranking_my_rank: 2/504 (99.8%)
ranking_my_percent: 99.8015873015873
