ConfigName: kjsd__advperagentrankweighted__M3__L18__eps0p01__g0p0005__ds0p2__dm0p2
Problem: NK
Kernel: jsd
Advantage: peragentrankweighted
M: 3
lambda: 18
epsilon_svgd: 0.01
gamma: 0.0005
decay_start_ratio: 0.2
decay_min_factor: 0.2
bandwith_kernel: None
no_interact: False
avg_score: 0.7533171772956848
median_score: 0.7530016899108887
std_score: 0.01294613629579544
percentiles: 2%=0.7307109832763672, 5%=0.7334281206130981, 10%=0.7362565994262695, 25%=0.7442337274551392, 50%=0.7530016899108887, 75%=0.7606179714202881, 90%=0.7704751491546631, 95%=0.7776029706001282, 98%=0.782372772693634
ranking_best_algo: Tabu
ranking_best_score: 0.7470791764843752
ranking_my_rank: 1/504 (100.0%)
ranking_my_percent: 100.0
