ConfigName: kjsd__advperagentrankweighted__M3__L24__eps0p005__g0p0005__ds0p1__dm0p2
Problem: QUBO
Kernel: jsd
Advantage: peragentrankweighted
M: 3
lambda: 24
epsilon_svgd: 0.005
gamma: 0.0005
decay_start_ratio: 0.1
decay_min_factor: 0.2
bandwith_kernel: None
no_interact: False
avg_score: -912.1599731445312
median_score: -907.0
std_score: 63.08656311035156
percentiles: 2%=-1034.3199462890625, 5%=-1020.2000122070312, 10%=-996.7000122070312, 25%=-954.5, 50%=-907.0, 75%=-869.75, 90%=-826.9000244140625, 95%=-817.8499755859375, 98%=-799.7000122070312
ranking_best_algo: CMAL3
ranking_best_score: 928.5800000000002
ranking_my_rank: 20/504 (96.2%)
ranking_my_percent: 96.23015873015873
