ConfigName: krbf__advnormalizedfitness__M4__L15__eps0p015__g0p015__ds0p15__dm0p01
Problem: QUBO
Kernel: rbf
Advantage: normalizedfitness
M: 4
lambda: 15
epsilon_svgd: 0.015
gamma: 0.015
decay_start_ratio: 0.15
decay_min_factor: 0.01
bandwith_kernel: None
no_interact: False
avg_score: -630.6799926757812
median_score: -614.5
std_score: 94.88643646240234
percentiles: 2%=-873.0800170898438, 5%=-800.2999877929688, 10%=-770.2000122070312, 25%=-675.25, 50%=-614.5, 75%=-569.5, 90%=-522.7000122070312, 95%=-508.4500427246094, 98%=-489.9599914550781
ranking_best_algo: Tabu
ranking_best_score: 1216.16
ranking_my_rank: 378/504 (25.2%)
ranking_my_percent: 25.1984126984127
