ConfigName: krbf__advnormalizedfitness__M4__L24__eps0p02__g0p0005__ds0p05__dm0p05
Problem: NK
Kernel: rbf
Advantage: normalizedfitness
M: 4
lambda: 24
epsilon_svgd: 0.02
gamma: 0.0005
decay_start_ratio: 0.05
decay_min_factor: 0.05
bandwith_kernel: None
no_interact: False
avg_score: 0.7259339690208435
median_score: 0.7258541584014893
std_score: 0.008573787286877632
percentiles: 2%=0.7102481722831726, 5%=0.7123144865036011, 10%=0.7157455086708069, 25%=0.7198432087898254, 50%=0.7258541584014893, 75%=0.7319282293319702, 90%=0.7370032668113708, 95%=0.7406376600265503, 98%=0.7422061562538147
ranking_best_algo: Tabu
ranking_best_score: 0.7429702712499999
ranking_my_rank: 3/504 (99.6%)
ranking_my_percent: 99.60317460317461
