ConfigName: krbf__advnormalizedfitness__M2__L6__eps0p01__g0p01__ds0p3__dm0p01
Problem: NK
Kernel: rbf
Advantage: normalizedfitness
M: 2
lambda: 6
epsilon_svgd: 0.01
gamma: 0.01
decay_start_ratio: 0.3
decay_min_factor: 0.01
bandwith_kernel: None
no_interact: False
avg_score: 0.707439124584198
median_score: 0.710006833076477
std_score: 0.011950338259339333
percentiles: 2%=0.6873254179954529, 5%=0.688213050365448, 10%=0.6908637881278992, 25%=0.6960647702217102, 50%=0.710006833076477, 75%=0.7181679010391235, 90%=0.7215553522109985, 95%=0.7234146595001221, 98%=0.7247530817985535
ranking_best_algo: PBIL
ranking_best_score: 0.7013553837109374
ranking_my_rank: 1/504 (100.0%)
ranking_my_percent: 100.0
