ConfigName: kjsd__advperagentrankweighted__M3__L16__eps0p01__g0p0005__ds0p2__dm0p2
Problem: QUBO
Kernel: jsd
Advantage: peragentrankweighted
M: 3
lambda: 16
epsilon_svgd: 0.01
gamma: 0.0005
decay_start_ratio: 0.2
decay_min_factor: 0.2
bandwith_kernel: None
no_interact: False
avg_score: -934.760009765625
median_score: -930.5
std_score: 74.322021484375
percentiles: 2%=-1072.0400390625, 5%=-1065.050048828125, 10%=-1034.0999755859375, 25%=-992.0, 50%=-930.5, 75%=-881.5, 90%=-842.4000244140625, 95%=-816.7000122070312, 98%=-808.9000244140625
ranking_best_algo: CMApara
ranking_best_score: 964.9
ranking_my_rank: 16/504 (97.0%)
ranking_my_percent: 97.02380952380952
