ConfigName: kfr__advglobalrankweighted__M2__L10__eps0p01__g0p005__ds0p01__dm0p01
Problem: QUBO
Kernel: fr
Advantage: globalrankweighted
M: 2
lambda: 10
epsilon_svgd: 0.01
gamma: 0.005
decay_start_ratio: 0.01
decay_min_factor: 0.01
bandwith_kernel: None
no_interact: False
avg_score: -1174.93994140625
median_score: -1176.0
std_score: 64.5307388305664
percentiles: 2%=-1284.1199951171875, 5%=-1271.199951171875, 10%=-1248.0999755859375, 25%=-1226.0, 50%=-1176.0, 75%=-1130.0, 90%=-1087.4000244140625, 95%=-1071.9000244140625, 98%=-1058.93994140625
ranking_best_algo: Tabu
ranking_best_score: 1216.16
ranking_my_rank: 82/504 (83.9%)
ranking_my_percent: 83.92857142857143
