ConfigName: krbf__advnormalizedfitness__M2__L11__eps0p015__g0p007__ds0p01__dm0p01
Problem: QUBO
Kernel: rbf
Advantage: normalizedfitness
M: 2
lambda: 11
epsilon_svgd: 0.015
gamma: 0.007
decay_start_ratio: 0.01
decay_min_factor: 0.01
bandwith_kernel: None
no_interact: False
avg_score: -2621.06005859375
median_score: -2623.0
std_score: 116.36904907226562
percentiles: 2%=-2891.139892578125, 5%=-2804.550048828125, 10%=-2754.10009765625, 25%=-2691.5, 50%=-2623.0, 75%=-2549.0, 90%=-2485.300048828125, 95%=-2441.050048828125, 98%=-2374.419921875
ranking_best_algo: DiscreteLengler2OnePlusOne
ranking_best_score: 2617.04
ranking_my_rank: 1/504 (100.0%)
ranking_my_percent: 100.0
