ConfigName: kjsd__advperagentrankweighted__M4__L12__eps0p005__g0p0003__ds0p05__dm0p05
Problem: NK
Kernel: jsd
Advantage: peragentrankweighted
M: 4
lambda: 12
epsilon_svgd: 0.005
gamma: 0.0003
decay_start_ratio: 0.05
decay_min_factor: 0.05
bandwith_kernel: None
no_interact: False
avg_score: 0.7298793792724609
median_score: 0.7294144034385681
std_score: 0.009730756282806396
percentiles: 2%=0.7121657133102417, 5%=0.7162903547286987, 10%=0.7191072106361389, 25%=0.7239809036254883, 50%=0.7294144034385681, 75%=0.7352145314216614, 90%=0.7413361072540283, 95%=0.7476238012313843, 98%=0.7528988718986511
ranking_best_algo: Tabu
ranking_best_score: 0.7429702712499999
ranking_my_rank: 2/504 (99.8%)
ranking_my_percent: 99.8015873015873
