ConfigName: krbf__advnormalizedfitness__M3__L12__eps0p015__g0p01__ds0p15__dm0p01
Problem: QUBO
Kernel: rbf
Advantage: normalizedfitness
M: 3
lambda: 12
epsilon_svgd: 0.015
gamma: 0.01
decay_start_ratio: 0.15
decay_min_factor: 0.01
bandwith_kernel: None
no_interact: False
avg_score: -201.77999877929688
median_score: -203.0
std_score: 13.0687255859375
percentiles: 2%=-224.0, 5%=-224.0, 10%=-219.0, 25%=-211.0, 50%=-203.0, 75%=-194.0, 90%=-184.89999389648438, 95%=-180.95001220703125, 98%=-176.79995727539062
ranking_best_algo: Tabu
ranking_best_score: 208.36000000000004
ranking_my_rank: 39/504 (92.5%)
ranking_my_percent: 92.46031746031746
