ConfigName: kjsd__advperagentrankweighted__M3__L18__eps0p007__g0p001__ds0p1__dm0p1
Problem: NK
Kernel: jsd
Advantage: peragentrankweighted
M: 3
lambda: 18
epsilon_svgd: 0.007
gamma: 0.001
decay_start_ratio: 0.1
decay_min_factor: 0.1
bandwith_kernel: None
no_interact: False
avg_score: 0.7115421891212463
median_score: 0.6994725465774536
std_score: 0.03123997338116169
percentiles: 2%=0.6735870838165283, 5%=0.6747734546661377, 10%=0.6791213750839233, 25%=0.6843529939651489, 50%=0.6994725465774536, 75%=0.7474179267883301, 90%=0.7525399327278137, 95%=0.7613165378570557, 98%=0.7613165378570557
ranking_best_algo: CMApara
ranking_best_score: 0.7118996098437498
ranking_my_rank: 2/504 (99.8%)
ranking_my_percent: 99.8015873015873
