ConfigName: kjsd__advperagentrankweighted__M4__L8__eps0p005__g0p0007__ds0p05__dm0p2
Problem: NK
Kernel: jsd
Advantage: peragentrankweighted
M: 4
lambda: 8
epsilon_svgd: 0.005
gamma: 0.0007
decay_start_ratio: 0.05
decay_min_factor: 0.2
bandwith_kernel: None
no_interact: False
avg_score: 0.7344927787780762
median_score: 0.7356877326965332
std_score: 0.00862879492342472
percentiles: 2%=0.7143149375915527, 5%=0.7189401388168335, 10%=0.7220262885093689, 25%=0.728469729423523, 50%=0.7356877326965332, 75%=0.7413899302482605, 90%=0.7437581419944763, 95%=0.7458585500717163, 98%=0.7485840916633606
ranking_best_algo: PBIL
ranking_best_score: 0.7248786399609374
ranking_my_rank: 1/504 (100.0%)
ranking_my_percent: 100.0
