ConfigName: krbf__advnormalizedfitness__M4__L15__eps0p01__g0p0005__ds0p05__dm0p05
Problem: QUBO
Kernel: rbf
Advantage: normalizedfitness
M: 4
lambda: 15
epsilon_svgd: 0.01
gamma: 0.0005
decay_start_ratio: 0.05
decay_min_factor: 0.05
bandwith_kernel: None
no_interact: False
avg_score: -438.55999755859375
median_score: -441.0
std_score: 27.404495239257812
percentiles: 2%=-484.0400085449219, 5%=-473.20001220703125, 10%=-471.0, 25%=-460.0, 50%=-441.0, 75%=-418.5, 90%=-402.0, 95%=-388.8999938964844, 98%=-378.7799987792969
ranking_best_algo: CMApara
ranking_best_score: 453.82
ranking_my_rank: 19/504 (96.4%)
ranking_my_percent: 96.42857142857143
