ConfigName: krbf__advnormalizedfitness__M3__L15__eps0p033__g0p015__ds0p01__dm0p01
Problem: QUBO
Kernel: rbf
Advantage: normalizedfitness
M: 3
lambda: 15
epsilon_svgd: 0.033
gamma: 0.015
decay_start_ratio: 0.01
decay_min_factor: 0.01
bandwith_kernel: None
no_interact: False
avg_score: -1483.9000244140625
median_score: -1484.0
std_score: 96.20420837402344
percentiles: 2%=-1669.1600341796875, 5%=-1641.300048828125, 10%=-1599.800048828125, 25%=-1536.0, 50%=-1484.0, 75%=-1432.75, 90%=-1362.0, 95%=-1319.4501953125, 98%=-1276.639892578125
ranking_best_algo: NLOPT_LN_PRAXIS
ranking_best_score: 1607.12
ranking_my_rank: 83/504 (83.7%)
ranking_my_percent: 83.73015873015873
