ConfigName: krbf__advnormalizedfitness__M3__L8__eps0p015__g0p015__ds0p15__dm0p01
Problem: QUBO
Kernel: rbf
Advantage: normalizedfitness
M: 3
lambda: 8
epsilon_svgd: 0.015
gamma: 0.015
decay_start_ratio: 0.15
decay_min_factor: 0.01
bandwith_kernel: None
no_interact: False
avg_score: -2817.280029296875
median_score: -2780.0
std_score: 199.379638671875
percentiles: 2%=-3237.6201171875, 5%=-3148.199951171875, 10%=-3094.10009765625, 25%=-2955.5, 50%=-2780.0, 75%=-2668.5, 90%=-2556.699951171875, 95%=-2535.60009765625, 98%=-2504.739990234375
ranking_best_algo: RLSOnePlusOne
ranking_best_score: 3316.5199999999995
ranking_my_rank: 159/504 (68.7%)
ranking_my_percent: 68.65079365079364
