ConfigName: kjsd__advperagentrankweighted__M5__L8__eps0p03__g0p0007__ds0p2__dm0p05
Problem: QUBO
Kernel: jsd
Advantage: peragentrankweighted
M: 5
lambda: 8
epsilon_svgd: 0.03
gamma: 0.0007
decay_start_ratio: 0.2
decay_min_factor: 0.05
bandwith_kernel: None
no_interact: False
avg_score: -2539.239990234375
median_score: -2539.0
std_score: 105.17120361328125
percentiles: 2%=-2773.9599609375, 5%=-2729.35009765625, 10%=-2648.39990234375, 25%=-2617.25, 50%=-2539.0, 75%=-2454.5, 90%=-2417.800048828125, 95%=-2388.050048828125, 98%=-2345.760009765625
ranking_best_algo: SVM1MetaModelLogNormal
ranking_best_score: 2605.14
ranking_my_rank: 44/504 (91.5%)
ranking_my_percent: 91.46825396825396
