ConfigName: kjsd__advperagentrankweighted__M3__L24__eps0p007__g0p0005__ds0p2__dm0p2
Problem: QUBO
Kernel: jsd
Advantage: peragentrankweighted
M: 3
lambda: 24
epsilon_svgd: 0.007
gamma: 0.0005
decay_start_ratio: 0.2
decay_min_factor: 0.2
bandwith_kernel: None
no_interact: False
avg_score: -309.1000061035156
median_score: -306.0
std_score: 39.12480163574219
percentiles: 2%=-398.0, 5%=-392.20001220703125, 10%=-357.0, 25%=-330.5, 50%=-306.0, 75%=-275.0, 90%=-265.5, 95%=-257.8999938964844, 98%=-251.8000030517578
ranking_best_algo: CMApara
ranking_best_score: 319.29999999999995
ranking_my_rank: 81/504 (84.1%)
ranking_my_percent: 84.12698412698413
