ConfigName: kjsd__advperagentrankweighted__M3__L16__eps0p005__g0p0005__ds0p1__dm0p1
Problem: NK
Kernel: jsd
Advantage: peragentrankweighted
M: 3
lambda: 16
epsilon_svgd: 0.005
gamma: 0.0005
decay_start_ratio: 0.1
decay_min_factor: 0.1
bandwith_kernel: None
no_interact: False
avg_score: 0.7095935940742493
median_score: 0.71113121509552
std_score: 0.015296632423996925
percentiles: 2%=0.670452892780304, 5%=0.6723436117172241, 10%=0.6941786408424377, 25%=0.7070999145507812, 50%=0.71113121509552, 75%=0.71720951795578, 90%=0.7254696488380432, 95%=0.7321076393127441, 98%=0.7339891195297241
ranking_best_algo: CMApara
ranking_best_score: 0.707475975
ranking_my_rank: 1/504 (100.0%)
ranking_my_percent: 100.0
