ConfigName: krbf__advnormalizedfitness__M1__L8__eps0p025__g0p01__ds0p15__dm0p01
Problem: QUBO
Kernel: rbf
Advantage: normalizedfitness
M: 1
lambda: 8
epsilon_svgd: 0.025
gamma: 0.01
decay_start_ratio: 0.15
decay_min_factor: 0.01
bandwith_kernel: None
no_interact: False
avg_score: -1261.8399658203125
median_score: -1254.5
std_score: 63.95556640625
percentiles: 2%=-1380.199951171875, 5%=-1369.199951171875, 10%=-1349.199951171875, 25%=-1305.25, 50%=-1254.5, 75%=-1221.0, 90%=-1176.800048828125, 95%=-1158.800048828125, 98%=-1128.8599853515625
ranking_best_algo: BigLognormalDiscreteOnePlusOne
ranking_best_score: 1301.3600000000004
ranking_my_rank: 53/504 (89.7%)
ranking_my_percent: 89.68253968253968
