ConfigName: krbf__advnormalizedfitness__M1__L10__eps0p015__g0p015__ds0p01__dm0p01
Problem: QUBO
Kernel: rbf
Advantage: normalizedfitness
M: 1
lambda: 10
epsilon_svgd: 0.015
gamma: 0.015
decay_start_ratio: 0.01
decay_min_factor: 0.01
bandwith_kernel: None
no_interact: False
avg_score: -898.4199829101562
median_score: -894.0
std_score: 67.49047088623047
percentiles: 2%=-1050.199951171875, 5%=-1013.0999755859375, 10%=-987.2999877929688, 25%=-946.0, 50%=-894.0, 75%=-859.0, 90%=-818.0, 95%=-788.5000610351562, 98%=-763.9400024414062
ranking_best_algo: CMAL3
ranking_best_score: 928.5800000000002
ranking_my_rank: 74/504 (85.5%)
ranking_my_percent: 85.51587301587301
