ConfigName: krbf__advnormalizedfitness__M1__L8__eps0p033__g0p007__ds0p01__dm0p3
Problem: NK
Kernel: rbf
Advantage: normalizedfitness
M: 1
lambda: 8
epsilon_svgd: 0.033
gamma: 0.007
decay_start_ratio: 0.01
decay_min_factor: 0.3
bandwith_kernel: None
no_interact: False
avg_score: 0.7265565991401672
median_score: 0.7262269258499146
std_score: 0.01058686338365078
percentiles: 2%=0.7064566016197205, 5%=0.712048351764679, 10%=0.7145005464553833, 25%=0.7193769216537476, 50%=0.7262269258499146, 75%=0.7340744733810425, 90%=0.7402810454368591, 95%=0.7440385818481445, 98%=0.7477278113365173
ranking_best_algo: PBIL
ranking_best_score: 0.733570253046875
ranking_my_rank: 7/504 (98.8%)
ranking_my_percent: 98.80952380952381
