ConfigName: krbf__advnormalizedfitness__M4__L8__eps0p033__g0p01__ds0p3__dm0p01
Problem: QUBO
Kernel: rbf
Advantage: normalizedfitness
M: 4
lambda: 8
epsilon_svgd: 0.033
gamma: 0.01
decay_start_ratio: 0.3
decay_min_factor: 0.01
bandwith_kernel: None
no_interact: False
avg_score: -2366.239990234375
median_score: -2355.5
std_score: 173.68748474121094
percentiles: 2%=-2719.02001953125, 5%=-2650.25, 10%=-2592.60009765625, 25%=-2487.25, 50%=-2355.5, 75%=-2219.75, 90%=-2154.199951171875, 95%=-2112.650146484375, 98%=-2087.919921875
ranking_best_algo: SVM1MetaModelLogNormal
ranking_best_score: 2605.14
ranking_my_rank: 133/504 (73.8%)
ranking_my_percent: 73.80952380952381
