ConfigName: kfr__advglobalrankweighted__M4__L24__eps0p01__g0p007__ds0p01__dm0p01
Problem: NK
Kernel: fr
Advantage: globalrankweighted
M: 4
lambda: 24
epsilon_svgd: 0.01
gamma: 0.007
decay_start_ratio: 0.01
decay_min_factor: 0.01
bandwith_kernel: None
no_interact: False
avg_score: 0.572801947593689
median_score: 0.5726089477539062
std_score: 0.005255608353763819
percentiles: 2%=0.5639734268188477, 5%=0.5653074383735657, 10%=0.5668156147003174, 25%=0.5692634582519531, 50%=0.5726089477539062, 75%=0.5753011703491211, 90%=0.5793343782424927, 95%=0.5812026262283325, 98%=0.5839033722877502
ranking_best_algo: PBIL
ranking_best_score: 0.7170882103515624
ranking_my_rank: 390/504 (22.8%)
ranking_my_percent: 22.817460317460316
