ConfigName: kfr__advglobalrankweighted__M2__L9__eps0p01__g0p003__ds0p01__dm0p01
Problem: QUBO
Kernel: fr
Advantage: globalrankweighted
M: 2
lambda: 9
epsilon_svgd: 0.01
gamma: 0.003
decay_start_ratio: 0.01
decay_min_factor: 0.01
bandwith_kernel: None
no_interact: False
avg_score: -136.5399932861328
median_score: -138.5
std_score: 12.054393768310547
percentiles: 2%=-158.0, 5%=-156.0500030517578, 10%=-151.10000610351562, 25%=-145.25, 50%=-138.5, 75%=-127.75, 90%=-120.9000015258789, 95%=-113.95000457763672, 98%=-110.91998291015625
ranking_best_algo: DiscreteDE
ranking_best_score: 143.4
ranking_my_rank: 210/504 (58.5%)
ranking_my_percent: 58.53174603174603
