ConfigName: kjsd__advperagentrankweighted__M5__L12__eps0p03__g0p0007__ds0p05__dm0p05
Problem: QUBO
Kernel: jsd
Advantage: peragentrankweighted
M: 5
lambda: 12
epsilon_svgd: 0.03
gamma: 0.0007
decay_start_ratio: 0.05
decay_min_factor: 0.05
bandwith_kernel: None
no_interact: False
avg_score: -1298.1800537109375
median_score: -1291.5
std_score: 54.14561462402344
percentiles: 2%=-1413.43994140625, 5%=-1393.5, 10%=-1375.0999755859375, 25%=-1329.25, 50%=-1291.5, 75%=-1264.5, 90%=-1233.0, 95%=-1210.949951171875, 98%=-1198.8399658203125
ranking_best_algo: BigLognormalDiscreteOnePlusOne
ranking_best_score: 1301.3600000000004
ranking_my_rank: 2/504 (99.8%)
ranking_my_percent: 99.8015873015873
