ConfigName: krbf__advnormalizedfitness__M3__L8__eps0p025__g0p015__ds0p01__dm0p01
Problem: NK
Kernel: rbf
Advantage: normalizedfitness
M: 3
lambda: 8
epsilon_svgd: 0.025
gamma: 0.015
decay_start_ratio: 0.01
decay_min_factor: 0.01
bandwith_kernel: None
no_interact: False
avg_score: 0.6680511236190796
median_score: 0.6627703905105591
std_score: 0.023862920701503754
percentiles: 2%=0.6307422518730164, 5%=0.6361563205718994, 10%=0.6417899131774902, 25%=0.6523088216781616, 50%=0.6627703905105591, 75%=0.6805336475372314, 90%=0.7079452872276306, 95%=0.7142791152000427, 98%=0.7182412147521973
ranking_best_algo: PBIL
ranking_best_score: 0.7170882103515624
ranking_my_rank: 200/504 (60.5%)
ranking_my_percent: 60.51587301587302
