ConfigName: kjsd__advperagentrankweighted__M4__L8__eps0p03__g0p0005__ds0p2__dm0p05
Problem: NK
Kernel: jsd
Advantage: peragentrankweighted
M: 4
lambda: 8
epsilon_svgd: 0.03
gamma: 0.0005
decay_start_ratio: 0.2
decay_min_factor: 0.05
bandwith_kernel: None
no_interact: False
avg_score: 0.718030571937561
median_score: 0.716778039932251
std_score: 0.014803970232605934
percentiles: 2%=0.6932352781295776, 5%=0.6953335404396057, 10%=0.6992447972297668, 25%=0.7093384861946106, 50%=0.716778039932251, 75%=0.7269749641418457, 90%=0.7355080842971802, 95%=0.7429672479629517, 98%=0.7495877742767334
ranking_best_algo: Tabu
ranking_best_score: 0.7601875690625
ranking_my_rank: 170/504 (66.5%)
ranking_my_percent: 66.46825396825396
