ConfigName: kjsd__advperagentrankweighted__M3__L20__eps0p005__g0p0007__ds0p2__dm0p1
Problem: QUBO
Kernel: jsd
Advantage: peragentrankweighted
M: 3
lambda: 20
epsilon_svgd: 0.005
gamma: 0.0007
decay_start_ratio: 0.2
decay_min_factor: 0.1
bandwith_kernel: None
no_interact: False
avg_score: -330.260009765625
median_score: -334.0
std_score: 21.9301700592041
percentiles: 2%=-372.0, 5%=-361.54998779296875, 10%=-354.0, 25%=-343.0, 50%=-334.0, 75%=-317.5, 90%=-298.0, 95%=-290.0, 98%=-286.0
ranking_best_algo: CMApara
ranking_best_score: 344.22
ranking_my_rank: 79/504 (84.5%)
ranking_my_percent: 84.52380952380952
