ConfigName: kfr__advglobalrankweighted__M4__L9__eps0p015__g0p003__ds0p01__dm0p01
Problem: QUBO
Kernel: fr
Advantage: globalrankweighted
M: 4
lambda: 9
epsilon_svgd: 0.015
gamma: 0.003
decay_start_ratio: 0.01
decay_min_factor: 0.01
bandwith_kernel: None
no_interact: False
avg_score: -935.2000122070312
median_score: -933.0
std_score: 68.78327941894531
percentiles: 2%=-1065.02001953125, 5%=-1048.0, 10%=-1016.2999877929688, 25%=-988.25, 50%=-933.0, 75%=-889.5, 90%=-837.0, 95%=-820.5, 98%=-807.0
ranking_best_algo: CMApara
ranking_best_score: 964.9
ranking_my_rank: 16/504 (97.0%)
ranking_my_percent: 97.02380952380952
