ConfigName: kfr__advglobalrankweighted__M3__L8__eps0p02__g0p005__ds0p01__dm0p01
Problem: QUBO
Kernel: fr
Advantage: globalrankweighted
M: 3
lambda: 8
epsilon_svgd: 0.02
gamma: 0.005
decay_start_ratio: 0.01
decay_min_factor: 0.01
bandwith_kernel: None
no_interact: False
avg_score: -307.760009765625
median_score: -303.0
std_score: 39.20946502685547
percentiles: 2%=-392.0799865722656, 5%=-382.29998779296875, 10%=-361.0, 25%=-334.0, 50%=-303.0, 75%=-272.75, 90%=-265.8999938964844, 95%=-254.0, 98%=-247.9399871826172
ranking_best_algo: CMApara
ranking_best_score: 319.29999999999995
ranking_my_rank: 95/504 (81.3%)
ranking_my_percent: 81.34920634920636
