ConfigName: kfr__advglobalrankweighted__M3__L11__eps0p02__g0p007__ds0p01__dm0p01
Problem: QUBO
Kernel: fr
Advantage: globalrankweighted
M: 3
lambda: 11
epsilon_svgd: 0.02
gamma: 0.007
decay_start_ratio: 0.01
decay_min_factor: 0.01
bandwith_kernel: None
no_interact: False
avg_score: -423.32000732421875
median_score: -422.0
std_score: 27.79168128967285
percentiles: 2%=-483.0400085449219, 5%=-475.20001220703125, 10%=-459.1000061035156, 25%=-440.25, 50%=-422.0, 75%=-403.75, 90%=-389.8999938964844, 95%=-382.60003662109375, 98%=-367.75994873046875
ranking_best_algo: CMAL3
ranking_best_score: 435.36
ranking_my_rank: 33/504 (93.7%)
ranking_my_percent: 93.65079365079364
