ConfigName: krbf__advnormalizedfitness__M4__L15__eps0p025__g0p015__ds0p15__dm0p01
Problem: QUBO
Kernel: rbf
Advantage: normalizedfitness
M: 4
lambda: 15
epsilon_svgd: 0.025
gamma: 0.015
decay_start_ratio: 0.15
decay_min_factor: 0.01
bandwith_kernel: None
no_interact: False
avg_score: -818.6799926757812
median_score: -805.0
std_score: 74.1379623413086
percentiles: 2%=-980.1599731445312, 5%=-957.1500244140625, 10%=-920.2999877929688, 25%=-871.5, 50%=-805.0, 75%=-770.5, 90%=-730.7999877929688, 95%=-694.300048828125, 98%=-674.8800048828125
ranking_best_algo: CMApara
ranking_best_score: 964.9
ranking_my_rank: 286/504 (43.5%)
ranking_my_percent: 43.45238095238095
