ConfigName: kjsd__advperagentrankweighted__M6__L20__eps0p005__g0p0005__ds0p1__dm0p2
Problem: QUBO
Kernel: jsd
Advantage: peragentrankweighted
M: 6
lambda: 20
epsilon_svgd: 0.005
gamma: 0.0005
decay_start_ratio: 0.1
decay_min_factor: 0.2
bandwith_kernel: None
no_interact: False
avg_score: -333.6600036621094
median_score: -340.0
std_score: 20.35201072692871
percentiles: 2%=-372.0, 5%=-372.0, 10%=-355.20001220703125, 25%=-346.0, 50%=-340.0, 75%=-320.0, 90%=-305.79998779296875, 95%=-298.0, 98%=-286.9800109863281
ranking_best_algo: CMApara
ranking_best_score: 344.22
ranking_my_rank: 64/504 (87.5%)
ranking_my_percent: 87.5
