ConfigName: kjsd__advperagentrankweighted__M5__L12__eps0p02__g0p0007__ds0p2__dm0p05
Problem: QUBO
Kernel: jsd
Advantage: peragentrankweighted
M: 5
lambda: 12
epsilon_svgd: 0.02
gamma: 0.0007
decay_start_ratio: 0.2
decay_min_factor: 0.05
bandwith_kernel: None
no_interact: False
avg_score: -2638.280029296875
median_score: -2630.5
std_score: 121.25147247314453
percentiles: 2%=-2861.360107421875, 5%=-2857.050048828125, 10%=-2818.0, 25%=-2720.25, 50%=-2630.5, 75%=-2546.25, 90%=-2505.699951171875, 95%=-2443.89990234375, 98%=-2388.699951171875
ranking_best_algo: DiscreteLengler2OnePlusOne
ranking_best_score: 2617.04
ranking_my_rank: 1/504 (100.0%)
ranking_my_percent: 100.0
