ConfigName: krbf__advnormalizedfitness__M2__L8__eps0p033__g0p007__ds0p01__dm0p3
Problem: QUBO
Kernel: rbf
Advantage: normalizedfitness
M: 2
lambda: 8
epsilon_svgd: 0.033
gamma: 0.007
decay_start_ratio: 0.01
decay_min_factor: 0.3
bandwith_kernel: None
no_interact: False
avg_score: -896.6799926757812
median_score: -900.5
std_score: 72.44416809082031
percentiles: 2%=-1060.0, 5%=-1012.4500122070312, 10%=-984.0999755859375, 25%=-943.25, 50%=-900.5, 75%=-842.75, 90%=-803.0999755859375, 95%=-776.7000122070312, 98%=-755.5
ranking_best_algo: CMAL3
ranking_best_score: 928.5800000000002
ranking_my_rank: 82/504 (83.9%)
ranking_my_percent: 83.92857142857143
