ConfigName: krbf__advnormalizedfitness__M3__L12__eps0p025__g0p015__ds0p3__dm0p01
Problem: NK
Kernel: rbf
Advantage: normalizedfitness
M: 3
lambda: 12
epsilon_svgd: 0.025
gamma: 0.015
decay_start_ratio: 0.3
decay_min_factor: 0.01
bandwith_kernel: None
no_interact: False
avg_score: 0.7077010869979858
median_score: 0.7080276012420654
std_score: 0.015519745647907257
percentiles: 2%=0.6783413290977478, 5%=0.6831620931625366, 10%=0.6865494251251221, 25%=0.6982396245002747, 50%=0.7080276012420654, 75%=0.7168746590614319, 90%=0.7290569543838501, 95%=0.7336085438728333, 98%=0.7409453988075256
ranking_best_algo: PBIL
ranking_best_score: 0.733570253046875
ranking_my_rank: 78/504 (84.7%)
ranking_my_percent: 84.72222222222223
