ConfigName: krbf__advnormalizedfitness__M3__L10__eps0p02__g0p01__ds0p15__dm0p05
Problem: QUBO
Kernel: rbf
Advantage: normalizedfitness
M: 3
lambda: 10
epsilon_svgd: 0.02
gamma: 0.01
decay_start_ratio: 0.15
decay_min_factor: 0.05
bandwith_kernel: None
no_interact: False
avg_score: -580.0999755859375
median_score: -579.0
std_score: 27.52435302734375
percentiles: 2%=-639.0, 5%=-625.0999755859375, 10%=-617.5999755859375, 25%=-598.5, 50%=-579.0, 75%=-559.0, 90%=-544.7000122070312, 95%=-537.9500122070312, 98%=-534.739990234375
ranking_best_algo: Tabu
ranking_best_score: 588.7199999999999
ranking_my_rank: 40/503 (92.2%)
ranking_my_percent: 92.2465208747515
