ConfigName: krbf__advnormalizedfitness__M4__L12__eps0p033__g0p005__ds0p01__dm0p3
Problem: QUBO
Kernel: rbf
Advantage: normalizedfitness
M: 4
lambda: 12
epsilon_svgd: 0.033
gamma: 0.005
decay_start_ratio: 0.01
decay_min_factor: 0.3
bandwith_kernel: None
no_interact: False
avg_score: -926.7000122070312
median_score: -921.5
std_score: 65.23994445800781
percentiles: 2%=-1049.5, 5%=-1036.4000244140625, 10%=-1016.2000122070312, 25%=-977.25, 50%=-921.5, 75%=-874.5, 90%=-848.7000122070312, 95%=-825.0, 98%=-810.5599365234375
ranking_best_algo: CMApara
ranking_best_score: 964.9
ranking_my_rank: 21/504 (96.0%)
ranking_my_percent: 96.03174603174604
