ConfigName: krbf__advnormalizedfitness__M2__L10__eps0p025__g0p01__ds0p15__dm0p01
Problem: QUBO
Kernel: rbf
Advantage: normalizedfitness
M: 2
lambda: 10
epsilon_svgd: 0.025
gamma: 0.01
decay_start_ratio: 0.15
decay_min_factor: 0.01
bandwith_kernel: None
no_interact: False
avg_score: -1623.93994140625
median_score: -1619.5
std_score: 59.00318908691406
percentiles: 2%=-1744.06005859375, 5%=-1737.199951171875, 10%=-1709.0, 25%=-1665.25, 50%=-1619.5, 75%=-1582.0, 90%=-1552.699951171875, 95%=-1538.949951171875, 98%=-1512.5999755859375
ranking_best_algo: NLOPT_LN_PRAXIS
ranking_best_score: 1607.12
ranking_my_rank: 1/504 (100.0%)
ranking_my_percent: 100.0
