ConfigName: krbf__advnormalizedfitness__M4__L15__eps0p025__g0p007__ds0p15__dm0p3
Problem: QUBO
Kernel: rbf
Advantage: normalizedfitness
M: 4
lambda: 15
epsilon_svgd: 0.025
gamma: 0.007
decay_start_ratio: 0.15
decay_min_factor: 0.3
bandwith_kernel: None
no_interact: False
avg_score: -304.70001220703125
median_score: -306.0
std_score: 39.693199157714844
percentiles: 2%=-392.0, 5%=-382.20001220703125, 10%=-361.1999816894531, 25%=-328.5, 50%=-306.0, 75%=-268.0, 90%=-260.79998779296875, 95%=-252.0, 98%=-241.91998291015625
ranking_best_algo: CMApara
ranking_best_score: 319.29999999999995
ranking_my_rank: 136/504 (73.2%)
ranking_my_percent: 73.21428571428571
