ConfigName: krbf__advnormalizedfitness__M3__L12__eps0p033__g0p005__ds0p15__dm0p3
Problem: QUBO
Kernel: rbf
Advantage: normalizedfitness
M: 3
lambda: 12
epsilon_svgd: 0.033
gamma: 0.005
decay_start_ratio: 0.15
decay_min_factor: 0.3
bandwith_kernel: None
no_interact: False
avg_score: -3236.679931640625
median_score: -3229.5
std_score: 137.7390899658203
percentiles: 2%=-3494.679931640625, 5%=-3456.89990234375, 10%=-3423.0, 25%=-3321.5, 50%=-3229.5, 75%=-3161.25, 90%=-3051.800048828125, 95%=-3001.400146484375, 98%=-2961.97998046875
ranking_best_algo: RLSOnePlusOne
ranking_best_score: 3316.5199999999995
ranking_my_rank: 42/504 (91.9%)
ranking_my_percent: 91.86507936507937
