ConfigName: krbf__advnormalizedfitness__M1__L8__eps0p025__g0p015__ds0p3__dm0p01
Problem: NK
Kernel: rbf
Advantage: normalizedfitness
M: 1
lambda: 8
epsilon_svgd: 0.025
gamma: 0.015
decay_start_ratio: 0.3
decay_min_factor: 0.01
bandwith_kernel: None
no_interact: False
avg_score: 0.7302830219268799
median_score: 0.7301439046859741
std_score: 0.009846304543316364
percentiles: 2%=0.7112062573432922, 5%=0.7135183811187744, 10%=0.7176008820533752, 25%=0.7231485843658447, 50%=0.7301439046859741, 75%=0.737571120262146, 90%=0.743151068687439, 95%=0.747316837310791, 98%=0.7489312291145325
ranking_best_algo: Tabu
ranking_best_score: 0.7429702712499999
ranking_my_rank: 2/504 (99.8%)
ranking_my_percent: 99.8015873015873
