ConfigName: kjsd__advperagentrankweighted__M3__L24__eps0p005__g0p0005__ds0p05__dm0p1
Problem: NK
Kernel: jsd
Advantage: peragentrankweighted
M: 3
lambda: 24
epsilon_svgd: 0.005
gamma: 0.0005
decay_start_ratio: 0.05
decay_min_factor: 0.1
bandwith_kernel: None
no_interact: False
avg_score: 0.7076536417007446
median_score: 0.7101213335990906
std_score: 0.011805488727986813
percentiles: 2%=0.6878674030303955, 5%=0.6895878911018372, 10%=0.6917659044265747, 25%=0.6963381767272949, 50%=0.7101213335990906, 75%=0.7184126377105713, 90%=0.7213496565818787, 95%=0.7236810326576233, 98%=0.7245803475379944
ranking_best_algo: PBIL
ranking_best_score: 0.7013553837109374
ranking_my_rank: 1/504 (100.0%)
ranking_my_percent: 100.0
