ConfigName: krbf__advnormalizedfitness__M4__L15__eps0p01__g0p002__ds0p05__dm0p05
Problem: NK
Kernel: rbf
Advantage: normalizedfitness
M: 4
lambda: 15
epsilon_svgd: 0.01
gamma: 0.002
decay_start_ratio: 0.05
decay_min_factor: 0.05
bandwith_kernel: None
no_interact: False
avg_score: 0.7064333558082581
median_score: 0.7091495990753174
std_score: 0.011852077208459377
percentiles: 2%=0.6864003539085388, 5%=0.6884693503379822, 10%=0.6904248595237732, 25%=0.6951546669006348, 50%=0.7091495990753174, 75%=0.7168202996253967, 90%=0.7204852104187012, 95%=0.7233460545539856, 98%=0.7241954803466797
ranking_best_algo: PBIL
ranking_best_score: 0.7013553837109374
ranking_my_rank: 1/504 (100.0%)
ranking_my_percent: 100.0
