ConfigName: krbf__advnormalizedfitness__M4__L8__eps0p025__g0p015__ds0p3__dm0p3
Problem: QUBO
Kernel: rbf
Advantage: normalizedfitness
M: 4
lambda: 8
epsilon_svgd: 0.025
gamma: 0.015
decay_start_ratio: 0.3
decay_min_factor: 0.3
bandwith_kernel: None
no_interact: False
avg_score: -194.44000244140625
median_score: -193.0
std_score: 13.80602741241455
percentiles: 2%=-224.0, 5%=-220.0, 10%=-215.10000610351562, 25%=-202.0, 50%=-193.0, 75%=-184.0, 90%=-177.89999389648438, 95%=-171.95001220703125, 98%=-170.0
ranking_best_algo: Tabu
ranking_best_score: 208.36000000000004
ranking_my_rank: 218/504 (56.9%)
ranking_my_percent: 56.94444444444444
