ConfigName: krbf__advnormalizedfitness__M2__L8__eps0p025__g0p01__ds0p15__dm0p3
Problem: QUBO
Kernel: rbf
Advantage: normalizedfitness
M: 2
lambda: 8
epsilon_svgd: 0.025
gamma: 0.01
decay_start_ratio: 0.15
decay_min_factor: 0.3
bandwith_kernel: None
no_interact: False
avg_score: -198.55999755859375
median_score: -200.0
std_score: 13.68818473815918
percentiles: 2%=-224.0, 5%=-221.0500030517578, 10%=-215.10000610351562, 25%=-207.0, 50%=-200.0, 75%=-188.0, 90%=-180.0, 95%=-177.9499969482422, 98%=-171.97999572753906
ranking_best_algo: Tabu
ranking_best_score: 208.36000000000004
ranking_my_rank: 99/504 (80.6%)
ranking_my_percent: 80.55555555555556
