ConfigName: kjsd__advperagentrankweighted__M3__L18__eps0p01__g0p0005__ds0p05__dm0p1
Problem: NK
Kernel: jsd
Advantage: peragentrankweighted
M: 3
lambda: 18
epsilon_svgd: 0.01
gamma: 0.0005
decay_start_ratio: 0.05
decay_min_factor: 0.1
bandwith_kernel: None
no_interact: False
avg_score: 0.7433525919914246
median_score: 0.7429971694946289
std_score: 0.0104356175288558
percentiles: 2%=0.7220261096954346, 5%=0.7268609404563904, 10%=0.7314931154251099, 25%=0.7356523275375366, 50%=0.7429971694946289, 75%=0.7495798468589783, 90%=0.7581230998039246, 95%=0.761841893196106, 98%=0.7642236351966858
ranking_best_algo: PBIL
ranking_best_score: 0.733570253046875
ranking_my_rank: 1/504 (100.0%)
ranking_my_percent: 100.0
