ConfigName: kfr__advglobalrankweighted__M3__L9__eps0p01__g0p007__ds0p01__dm0p01
Problem: QUBO
Kernel: fr
Advantage: globalrankweighted
M: 3
lambda: 9
epsilon_svgd: 0.01
gamma: 0.007
decay_start_ratio: 0.01
decay_min_factor: 0.01
bandwith_kernel: None
no_interact: False
avg_score: -1585.8399658203125
median_score: -1584.0
std_score: 71.5921401977539
percentiles: 2%=-1724.199951171875, 5%=-1700.699951171875, 10%=-1673.300048828125, 25%=-1636.25, 50%=-1584.0, 75%=-1539.0, 90%=-1496.5999755859375, 95%=-1473.4500732421875, 98%=-1429.0
ranking_best_algo: NLOPT_LN_PRAXIS
ranking_best_score: 1607.12
ranking_my_rank: 41/504 (92.1%)
ranking_my_percent: 92.06349206349206
