ConfigName: kjsd__advperagentrankweighted__M5__L10__eps0p01__g0p0007__ds0p2__dm0p05
Problem: QUBO
Kernel: jsd
Advantage: peragentrankweighted
M: 5
lambda: 10
epsilon_svgd: 0.01
gamma: 0.0007
decay_start_ratio: 0.2
decay_min_factor: 0.05
bandwith_kernel: None
no_interact: False
avg_score: -2598.739990234375
median_score: -2593.5
std_score: 117.56365203857422
percentiles: 2%=-2799.139892578125, 5%=-2787.300048828125, 10%=-2775.800048828125, 25%=-2685.5, 50%=-2593.5, 75%=-2507.75, 90%=-2453.800048828125, 95%=-2430.0, 98%=-2427.43994140625
ranking_best_algo: SVM1MetaModelLogNormal
ranking_best_score: 2605.14
ranking_my_rank: 2/504 (99.8%)
ranking_my_percent: 99.8015873015873
