ConfigName: kjsd__advperagentrankweighted__M5__L8__eps0p02__g0p0003__ds0p05__dm0p05
Problem: QUBO
Kernel: jsd
Advantage: peragentrankweighted
M: 5
lambda: 8
epsilon_svgd: 0.02
gamma: 0.0003
decay_start_ratio: 0.05
decay_min_factor: 0.05
bandwith_kernel: None
no_interact: False
avg_score: -1553.5
median_score: -1545.5
std_score: 63.563907623291016
percentiles: 2%=-1671.300048828125, 5%=-1653.0999755859375, 10%=-1647.0, 25%=-1602.25, 50%=-1545.5, 75%=-1507.5, 90%=-1468.9000244140625, 95%=-1454.800048828125, 98%=-1442.8800048828125
ranking_best_algo: NLOPT_LN_PRAXIS
ranking_best_score: 1607.12
ranking_my_rank: 51/504 (90.1%)
ranking_my_percent: 90.07936507936508
