ConfigName: kjsd__advperagentrankweighted__M4__L30__eps0p005__g0p0003__ds0p05__dm0p05
Problem: QUBO
Kernel: jsd
Advantage: peragentrankweighted
M: 4
lambda: 30
epsilon_svgd: 0.005
gamma: 0.0003
decay_start_ratio: 0.05
decay_min_factor: 0.05
bandwith_kernel: None
no_interact: False
avg_score: -1191.719970703125
median_score: -1181.5
std_score: 59.775760650634766
percentiles: 2%=-1355.1600341796875, 5%=-1325.0999755859375, 10%=-1267.5, 25%=-1216.0, 50%=-1181.5, 75%=-1149.0, 90%=-1126.5999755859375, 95%=-1117.75, 98%=-1106.0
ranking_best_algo: Tabu
ranking_best_score: 1216.16
ranking_my_rank: 50/504 (90.3%)
ranking_my_percent: 90.27777777777777
