ConfigName: kjsd__advperagentrankweighted__M3__L18__eps0p007__g0p0007__ds0p05__dm0p1
Problem: QUBO
Kernel: jsd
Advantage: peragentrankweighted
M: 3
lambda: 18
epsilon_svgd: 0.007
gamma: 0.0007
decay_start_ratio: 0.05
decay_min_factor: 0.1
bandwith_kernel: None
no_interact: False
avg_score: -1188.780029296875
median_score: -1189.0
std_score: 65.34593963623047
percentiles: 2%=-1347.0400390625, 5%=-1293.6500244140625, 10%=-1266.199951171875, 25%=-1233.0, 50%=-1189.0, 75%=-1140.0, 90%=-1115.4000244140625, 95%=-1089.0999755859375, 98%=-1051.9000244140625
ranking_best_algo: Tabu
ranking_best_score: 1216.16
ranking_my_rank: 61/504 (88.1%)
ranking_my_percent: 88.0952380952381
