ConfigName: kjsd__advperagentrankweighted__M4__L12__eps0p02__g0p0005__ds0p05__dm0p05
Problem: NK
Kernel: jsd
Advantage: peragentrankweighted
M: 4
lambda: 12
epsilon_svgd: 0.02
gamma: 0.0005
decay_start_ratio: 0.05
decay_min_factor: 0.05
bandwith_kernel: None
no_interact: False
avg_score: 0.7395889163017273
median_score: 0.7345595359802246
std_score: 0.02842451073229313
percentiles: 2%=0.6934186816215515, 5%=0.7025965452194214, 10%=0.709014356136322, 25%=0.7217658162117004, 50%=0.7345595359802246, 75%=0.7480549812316895, 90%=0.7769163846969604, 95%=0.8044159412384033, 98%=0.8045602440834045
ranking_best_algo: CMApara
ranking_best_score: 0.7459277895312499
ranking_my_rank: 54/504 (89.5%)
ranking_my_percent: 89.48412698412699
