ConfigName: krbf__advnormalizedfitness__M4__L10__eps0p033__g0p007__ds0p01__dm0p01
Problem: QUBO
Kernel: rbf
Advantage: normalizedfitness
M: 4
lambda: 10
epsilon_svgd: 0.033
gamma: 0.007
decay_start_ratio: 0.01
decay_min_factor: 0.01
bandwith_kernel: None
no_interact: False
avg_score: -330.5
median_score: -338.0
std_score: 21.178054809570312
percentiles: 2%=-372.0, 5%=-354.1499938964844, 10%=-352.1000061035156, 25%=-343.0, 50%=-338.0, 75%=-319.5, 90%=-296.0, 95%=-291.95001220703125, 98%=-283.8399658203125
ranking_best_algo: CMApara
ranking_best_score: 344.22
ranking_my_rank: 78/504 (84.7%)
ranking_my_percent: 84.72222222222223
