ConfigName: kfr__advglobalrankweighted__M4__L10__eps0p015__g0p003__ds0p01__dm0p01
Problem: QUBO
Kernel: fr
Advantage: globalrankweighted
M: 4
lambda: 10
epsilon_svgd: 0.015
gamma: 0.003
decay_start_ratio: 0.01
decay_min_factor: 0.01
bandwith_kernel: None
no_interact: False
avg_score: -425.7799987792969
median_score: -428.0
std_score: 26.409687042236328
percentiles: 2%=-469.20001220703125, 5%=-465.20001220703125, 10%=-461.0, 25%=-445.25, 50%=-428.0, 75%=-408.5, 90%=-392.70001220703125, 95%=-381.8500061035156, 98%=-361.9599914550781
ranking_best_algo: CMAL3
ranking_best_score: 435.36
ranking_my_rank: 26/504 (95.0%)
ranking_my_percent: 95.03968253968254
