ConfigName: kjsd__advperagentrankweighted__M3__L16__eps0p01__g0p0007__ds0p05__dm0p2
Problem: NK
Kernel: jsd
Advantage: peragentrankweighted
M: 3
lambda: 16
epsilon_svgd: 0.01
gamma: 0.0007
decay_start_ratio: 0.05
decay_min_factor: 0.2
bandwith_kernel: None
no_interact: False
avg_score: 0.7501029968261719
median_score: 0.7495580911636353
std_score: 0.013107453472912312
percentiles: 2%=0.7277719974517822, 5%=0.7306694984436035, 10%=0.7329492568969727, 25%=0.7407870888710022, 50%=0.7495580911636353, 75%=0.7574480772018433, 90%=0.7671581506729126, 95%=0.772555410861969, 98%=0.7779217958450317
ranking_best_algo: Tabu
ranking_best_score: 0.7657846284375001
ranking_my_rank: 23/504 (95.6%)
ranking_my_percent: 95.63492063492063
