ConfigName: krbf__advnormalizedfitness__M3__L12__eps0p025__g0p005__ds0p3__dm0p01
Problem: QUBO
Kernel: rbf
Advantage: normalizedfitness
M: 3
lambda: 12
epsilon_svgd: 0.025
gamma: 0.005
decay_start_ratio: 0.3
decay_min_factor: 0.01
bandwith_kernel: None
no_interact: False
avg_score: -3214.360107421875
median_score: -3215.5
std_score: 137.88949584960938
percentiles: 2%=-3470.780029296875, 5%=-3432.449951171875, 10%=-3402.199951171875, 25%=-3299.25, 50%=-3215.5, 75%=-3114.5, 90%=-3027.199951171875, 95%=-2975.89990234375, 98%=-2965.4599609375
ranking_best_algo: RLSOnePlusOne
ranking_best_score: 3316.5199999999995
ranking_my_rank: 48/504 (90.7%)
ranking_my_percent: 90.67460317460318
