ConfigName: krbf__advnormalizedfitness__M2__L10__eps0p033__g0p007__ds0p01__dm0p3
Problem: QUBO
Kernel: rbf
Advantage: normalizedfitness
M: 2
lambda: 10
epsilon_svgd: 0.033
gamma: 0.007
decay_start_ratio: 0.01
decay_min_factor: 0.3
bandwith_kernel: None
no_interact: False
avg_score: -896.8599853515625
median_score: -891.5
std_score: 56.87425231933594
percentiles: 2%=-1005.1799926757812, 5%=-992.1500244140625, 10%=-984.0999755859375, 25%=-936.25, 50%=-891.5, 75%=-857.5, 90%=-829.7999877929688, 95%=-812.9000244140625, 98%=-804.6400146484375
ranking_best_algo: CMAL3
ranking_best_score: 928.5800000000002
ranking_my_rank: 82/504 (83.9%)
ranking_my_percent: 83.92857142857143
