ConfigName: krbf__advnormalizedfitness__M3__L8__eps0p025__g0p015__ds0p3__dm0p3
Problem: NK
Kernel: rbf
Advantage: normalizedfitness
M: 3
lambda: 8
epsilon_svgd: 0.025
gamma: 0.015
decay_start_ratio: 0.3
decay_min_factor: 0.3
bandwith_kernel: None
no_interact: False
avg_score: 0.7345837354660034
median_score: 0.7348309755325317
std_score: 0.0089834900572896
percentiles: 2%=0.7143546938896179, 5%=0.7186423540115356, 10%=0.7205045223236084, 25%=0.7288702726364136, 50%=0.7348309755325317, 75%=0.7407649159431458, 90%=0.7461779713630676, 95%=0.7477676868438721, 98%=0.7503645420074463
ranking_best_algo: PBIL
ranking_best_score: 0.730509098125
ranking_my_rank: 1/504 (100.0%)
ranking_my_percent: 100.0
