ConfigName: kjsd__advperagentrankweighted__M3__L18__eps0p007__g0p0005__ds0p1__dm0p05
Problem: QUBO
Kernel: jsd
Advantage: peragentrankweighted
M: 3
lambda: 18
epsilon_svgd: 0.007
gamma: 0.0005
decay_start_ratio: 0.1
decay_min_factor: 0.05
bandwith_kernel: None
no_interact: False
avg_score: -1195.6800537109375
median_score: -1189.5
std_score: 58.50707244873047
percentiles: 2%=-1323.4000244140625, 5%=-1312.050048828125, 10%=-1279.0, 25%=-1226.25, 50%=-1189.5, 75%=-1152.5, 90%=-1122.0, 95%=-1112.8499755859375, 98%=-1094.8399658203125
ranking_best_algo: Tabu
ranking_best_score: 1216.16
ranking_my_rank: 48/504 (90.7%)
ranking_my_percent: 90.67460317460318
