ConfigName: kjsd__advperagentrankweighted__M5__L24__eps0p03__g0p0005__ds0p05__dm0p05
Problem: QUBO
Kernel: jsd
Advantage: peragentrankweighted
M: 5
lambda: 24
epsilon_svgd: 0.03
gamma: 0.0005
decay_start_ratio: 0.05
decay_min_factor: 0.05
bandwith_kernel: None
no_interact: False
avg_score: -427.2799987792969
median_score: -429.5
std_score: 29.14861297607422
percentiles: 2%=-479.0, 5%=-475.1000061035156, 10%=-467.20001220703125, 25%=-447.25, 50%=-429.5, 75%=-407.0, 90%=-387.8999938964844, 95%=-371.79998779296875, 98%=-366.0
ranking_best_algo: CMAL3
ranking_best_score: 435.36
ranking_my_rank: 19/504 (96.4%)
ranking_my_percent: 96.42857142857143
