ConfigName: kjsd__advperagentrankweighted__M5__L10__eps0p01__g0p0005__ds0p4__dm0p05
Problem: NK
Kernel: jsd
Advantage: peragentrankweighted
M: 5
lambda: 10
epsilon_svgd: 0.01
gamma: 0.0005
decay_start_ratio: 0.4
decay_min_factor: 0.05
bandwith_kernel: None
no_interact: False
avg_score: 0.7339457869529724
median_score: 0.7356658577919006
std_score: 0.008728604763746262
percentiles: 2%=0.7142387628555298, 5%=0.7170559763908386, 10%=0.7210472822189331, 25%=0.7282323241233826, 50%=0.7356658577919006, 75%=0.7412793636322021, 90%=0.7432103157043457, 95%=0.7447210550308228, 98%=0.7456905841827393
ranking_best_algo: PBIL
ranking_best_score: 0.7248786399609374
ranking_my_rank: 1/504 (100.0%)
ranking_my_percent: 100.0
