ConfigName: kjsd__advperagentrankweighted__M4__L12__eps0p005__g0p0007__ds0p4__dm0p05
Problem: NK
Kernel: jsd
Advantage: peragentrankweighted
M: 4
lambda: 12
epsilon_svgd: 0.005
gamma: 0.0007
decay_start_ratio: 0.4
decay_min_factor: 0.05
bandwith_kernel: None
no_interact: False
avg_score: 0.7586871385574341
median_score: 0.7572618722915649
std_score: 0.01279557403177023
percentiles: 2%=0.7378620505332947, 5%=0.7407646775245667, 10%=0.743492066860199, 25%=0.7481322288513184, 50%=0.7572618722915649, 75%=0.7681829333305359, 90%=0.7756268978118896, 95%=0.7813622355461121, 98%=0.7830607295036316
ranking_best_algo: Tabu
ranking_best_score: 0.7470791764843752
ranking_my_rank: 1/504 (100.0%)
ranking_my_percent: 100.0
