ConfigName: kjsd__advperagentrankweighted__M3__L18__eps0p007__g0p0005__ds0p1__dm0p05
Problem: QUBO
Kernel: jsd
Advantage: peragentrankweighted
M: 3
lambda: 18
epsilon_svgd: 0.007
gamma: 0.0005
decay_start_ratio: 0.1
decay_min_factor: 0.05
bandwith_kernel: None
no_interact: False
avg_score: -1306.6800537109375
median_score: -1306.5
std_score: 65.29530334472656
percentiles: 2%=-1432.0, 5%=-1419.199951171875, 10%=-1393.5999755859375, 25%=-1353.25, 50%=-1306.5, 75%=-1262.0, 90%=-1216.800048828125, 95%=-1198.9000244140625, 98%=-1182.8800048828125
ranking_best_algo: BigLognormalDiscreteOnePlusOne
ranking_best_score: 1301.3600000000004
ranking_my_rank: 1/504 (100.0%)
ranking_my_percent: 100.0
