ConfigName: kjsd__advperagentrankweighted__M4__L24__eps0p01__g0p0005__ds0p4__dm0p05
Problem: QUBO
Kernel: jsd
Advantage: peragentrankweighted
M: 4
lambda: 24
epsilon_svgd: 0.01
gamma: 0.0005
decay_start_ratio: 0.4
decay_min_factor: 0.05
bandwith_kernel: None
no_interact: False
avg_score: -327.3800048828125
median_score: -330.0
std_score: 22.34223747253418
percentiles: 2%=-372.0, 5%=-357.75, 10%=-350.0, 25%=-340.5, 50%=-330.0, 75%=-317.5, 90%=-295.70001220703125, 95%=-289.79998779296875, 98%=-283.67999267578125
ranking_best_algo: CMApara
ranking_best_score: 344.22
ranking_my_rank: 86/504 (83.1%)
ranking_my_percent: 83.13492063492063
