ConfigName: kjsd__advperagentrankweighted__M6__L12__eps0p005__g0p0005__ds0p3__dm0p05
Problem: QUBO
Kernel: jsd
Advantage: peragentrankweighted
M: 6
lambda: 12
epsilon_svgd: 0.005
gamma: 0.0005
decay_start_ratio: 0.3
decay_min_factor: 0.05
bandwith_kernel: None
no_interact: False
avg_score: -446.0799865722656
median_score: -445.0
std_score: 24.675363540649414
percentiles: 2%=-492.1199951171875, 5%=-483.25, 10%=-477.29998779296875, 25%=-464.75, 50%=-445.0, 75%=-427.0, 90%=-412.8999938964844, 95%=-409.0, 98%=-403.8800048828125
ranking_best_algo: CMApara
ranking_best_score: 453.82
ranking_my_rank: 3/504 (99.6%)
ranking_my_percent: 99.60317460317461
