ConfigName: krbf__advnormalizedfitness__M3__L12__eps0p015__g0p015__ds0p01__dm0p3
Problem: NK
Kernel: rbf
Advantage: normalizedfitness
M: 3
lambda: 12
epsilon_svgd: 0.015
gamma: 0.015
decay_start_ratio: 0.01
decay_min_factor: 0.3
bandwith_kernel: None
no_interact: False
avg_score: 0.6120197772979736
median_score: 0.6122908592224121
std_score: 0.008783974684774876
percentiles: 2%=0.5951206684112549, 5%=0.5981473922729492, 10%=0.6013782024383545, 25%=0.6055681705474854, 50%=0.6122908592224121, 75%=0.6181650161743164, 90%=0.6226714849472046, 95%=0.625037431716919, 98%=0.6298922300338745
ranking_best_algo: PBIL
ranking_best_score: 0.733570253046875
ranking_my_rank: 351/504 (30.6%)
ranking_my_percent: 30.555555555555557
