ConfigName: kjsd__advperagentrankweighted__M3__L18__eps0p007__g0p001__ds0p1__dm0p2
Problem: QUBO
Kernel: jsd
Advantage: peragentrankweighted
M: 3
lambda: 18
epsilon_svgd: 0.007
gamma: 0.001
decay_start_ratio: 0.1
decay_min_factor: 0.2
bandwith_kernel: None
no_interact: False
avg_score: -1621.0
median_score: -1615.0
std_score: 70.75605773925781
percentiles: 2%=-1767.199951171875, 5%=-1729.199951171875, 10%=-1713.4000244140625, 25%=-1659.75, 50%=-1615.0, 75%=-1576.0, 90%=-1532.800048828125, 95%=-1502.300048828125, 98%=-1482.9599609375
ranking_best_algo: NLOPT_LN_PRAXIS
ranking_best_score: 1607.12
ranking_my_rank: 1/504 (100.0%)
ranking_my_percent: 100.0
