ConfigName: kjsd__advperagentrankweighted__M3__L16__eps0p01__g0p003__ds0p05__dm0p05
Problem: QUBO
Kernel: jsd
Advantage: peragentrankweighted
M: 3
lambda: 16
epsilon_svgd: 0.01
gamma: 0.003
decay_start_ratio: 0.05
decay_min_factor: 0.05
bandwith_kernel: None
no_interact: False
avg_score: -148.6199951171875
median_score: -149.0
std_score: 13.313736915588379
percentiles: 2%=-179.0, 5%=-179.0, 10%=-158.60000610351562, 25%=-155.0, 50%=-149.0, 75%=-139.0, 90%=-134.8000030517578, 95%=-128.8000030517578, 98%=-124.0
ranking_best_algo: CMApara
ranking_best_score: 154.28
ranking_my_rank: 83/504 (83.7%)
ranking_my_percent: 83.73015873015873
