ConfigName: kjsd__advperagentrankweighted__M3__L24__eps0p005__g0p0005__ds0p1__dm0p2
Problem: NK
Kernel: jsd
Advantage: peragentrankweighted
M: 3
lambda: 24
epsilon_svgd: 0.005
gamma: 0.0005
decay_start_ratio: 0.1
decay_min_factor: 0.2
bandwith_kernel: None
no_interact: False
avg_score: 0.7322129607200623
median_score: 0.7321922183036804
std_score: 0.010824375785887241
percentiles: 2%=0.7122334837913513, 5%=0.714956521987915, 10%=0.7181551456451416, 25%=0.7258886098861694, 50%=0.7321922183036804, 75%=0.739616334438324, 90%=0.7455549836158752, 95%=0.7489191889762878, 98%=0.75298011302948
ranking_best_algo: Tabu
ranking_best_score: 0.7429702712499999
ranking_my_rank: 2/504 (99.8%)
ranking_my_percent: 99.8015873015873
