ConfigName: kjsd__advperagentrankweighted__M4__L10__eps0p03__g0p0003__ds0p2__dm0p05
Problem: QUBO
Kernel: jsd
Advantage: peragentrankweighted
M: 4
lambda: 10
epsilon_svgd: 0.03
gamma: 0.0003
decay_start_ratio: 0.2
decay_min_factor: 0.05
bandwith_kernel: None
no_interact: False
avg_score: -1524.800048828125
median_score: -1516.0
std_score: 59.783443450927734
percentiles: 2%=-1643.239990234375, 5%=-1620.8499755859375, 10%=-1604.0999755859375, 25%=-1567.0, 50%=-1516.0, 75%=-1476.5, 90%=-1451.9000244140625, 95%=-1438.9000244140625, 98%=-1418.97998046875
ranking_best_algo: NLOPT_LN_PRAXIS
ranking_best_score: 1607.12
ranking_my_rank: 58/504 (88.7%)
ranking_my_percent: 88.69047619047619
