ConfigName: krbf__advnormalizedfitness__M2__L8__eps0p015__g0p005__ds0p01__dm0p3
Problem: NK
Kernel: rbf
Advantage: normalizedfitness
M: 2
lambda: 8
epsilon_svgd: 0.015
gamma: 0.005
decay_start_ratio: 0.01
decay_min_factor: 0.3
bandwith_kernel: None
no_interact: False
avg_score: 0.7335068583488464
median_score: 0.734440803527832
std_score: 0.008625971153378487
percentiles: 2%=0.7155237197875977, 5%=0.7179142236709595, 10%=0.7209455966949463, 25%=0.7276474237442017, 50%=0.734440803527832, 75%=0.7385885119438171, 90%=0.7451733350753784, 95%=0.7460883855819702, 98%=0.7477043271064758
ranking_best_algo: PBIL
ranking_best_score: 0.7248786399609374
ranking_my_rank: 1/504 (100.0%)
ranking_my_percent: 100.0
