ConfigName: kjsd__advperagentrankweighted__M5__L10__eps0p005__g0p0007__ds0p4__dm0p2
Problem: NK
Kernel: jsd
Advantage: peragentrankweighted
M: 5
lambda: 10
epsilon_svgd: 0.005
gamma: 0.0007
decay_start_ratio: 0.4
decay_min_factor: 0.2
bandwith_kernel: None
no_interact: False
avg_score: 0.6740926504135132
median_score: 0.6718109250068665
std_score: 0.01367154624313116
percentiles: 2%=0.6488171219825745, 5%=0.6507764458656311, 10%=0.6625961661338806, 25%=0.6662939190864563, 50%=0.6718109250068665, 75%=0.678992748260498, 90%=0.6902989149093628, 95%=0.6964354515075684, 98%=0.7118729948997498
ranking_best_algo: PBIL
ranking_best_score: 0.7170882103515624
ranking_my_rank: 180/504 (64.5%)
ranking_my_percent: 64.48412698412699
