ConfigName: kfr__advglobalrankweighted__M6__L11__eps0p015__g0p005__ds0p01__dm0p01
Problem: QUBO
Kernel: fr
Advantage: globalrankweighted
M: 6
lambda: 11
epsilon_svgd: 0.015
gamma: 0.005
decay_start_ratio: 0.01
decay_min_factor: 0.01
bandwith_kernel: None
no_interact: False
avg_score: -2273.9599609375
median_score: -2269.0
std_score: 157.53982543945312
percentiles: 2%=-2581.5, 5%=-2525.14990234375, 10%=-2468.199951171875, 25%=-2383.0, 50%=-2269.0, 75%=-2166.75, 90%=-2086.60009765625, 95%=-1997.6500244140625, 98%=-1945.659912109375
ranking_best_algo: DiscreteLengler2OnePlusOne
ranking_best_score: 2617.04
ranking_my_rank: 174/504 (65.7%)
ranking_my_percent: 65.67460317460318
