ConfigName: krbf__advnormalizedfitness__M1__L8__eps0p015__g0p01__ds0p3__dm0p3
Problem: QUBO
Kernel: rbf
Advantage: normalizedfitness
M: 1
lambda: 8
epsilon_svgd: 0.015
gamma: 0.01
decay_start_ratio: 0.3
decay_min_factor: 0.3
bandwith_kernel: None
no_interact: False
avg_score: -3257.93994140625
median_score: -3241.0
std_score: 118.4542007446289
percentiles: 2%=-3504.0, 5%=-3462.35009765625, 10%=-3436.199951171875, 25%=-3346.0, 50%=-3241.0, 75%=-3174.75, 90%=-3123.89990234375, 95%=-3104.800048828125, 98%=-3029.47998046875
ranking_best_algo: RLSOnePlusOne
ranking_best_score: 3316.5199999999995
ranking_my_rank: 40/504 (92.3%)
ranking_my_percent: 92.26190476190476
