ConfigName: krbf__advnormalizedfitness__M3__L10__eps0p015__g0p015__ds0p15__dm0p3
Problem: QUBO
Kernel: rbf
Advantage: normalizedfitness
M: 3
lambda: 10
epsilon_svgd: 0.015
gamma: 0.015
decay_start_ratio: 0.15
decay_min_factor: 0.3
bandwith_kernel: None
no_interact: False
avg_score: -1597.260009765625
median_score: -1588.0
std_score: 170.30458068847656
percentiles: 2%=-1928.06005859375, 5%=-1899.1500244140625, 10%=-1799.0, 25%=-1716.25, 50%=-1588.0, 75%=-1469.0, 90%=-1404.699951171875, 95%=-1309.949951171875, 98%=-1305.27978515625
ranking_best_algo: DiscreteLengler2OnePlusOne
ranking_best_score: 2617.04
ranking_my_rank: 327/504 (35.3%)
ranking_my_percent: 35.317460317460316
