ConfigName: krbf__advnormalizedfitness__M4__L10__eps0p025__g0p007__ds0p3__dm0p3
Problem: QUBO
Kernel: rbf
Advantage: normalizedfitness
M: 4
lambda: 10
epsilon_svgd: 0.025
gamma: 0.007
decay_start_ratio: 0.3
decay_min_factor: 0.3
bandwith_kernel: None
no_interact: False
avg_score: -912.02001953125
median_score: -902.0
std_score: 67.48021697998047
percentiles: 2%=-1060.1600341796875, 5%=-1032.050048828125, 10%=-1009.0999755859375, 25%=-956.25, 50%=-902.0, 75%=-865.75, 90%=-834.5999755859375, 95%=-806.5000610351562, 98%=-784.8599853515625
ranking_best_algo: CMApara
ranking_best_score: 964.9
ranking_my_rank: 82/504 (83.9%)
ranking_my_percent: 83.92857142857143
