ConfigName: kjsd__advperagentrankweighted__M4__L8__eps0p01__g0p0007__ds0p4__dm0p05
Problem: QUBO
Kernel: jsd
Advantage: peragentrankweighted
M: 4
lambda: 8
epsilon_svgd: 0.01
gamma: 0.0007
decay_start_ratio: 0.4
decay_min_factor: 0.05
bandwith_kernel: None
no_interact: False
avg_score: -440.5400085449219
median_score: -444.0
std_score: 24.729503631591797
percentiles: 2%=-481.0799865722656, 5%=-477.04998779296875, 10%=-470.20001220703125, 25%=-459.0, 50%=-444.0, 75%=-421.5, 90%=-406.8999938964844, 95%=-395.8999938964844, 98%=-392.8599853515625
ranking_best_algo: CMApara
ranking_best_score: 453.82
ranking_my_rank: 14/504 (97.4%)
ranking_my_percent: 97.42063492063492
