ConfigName: krbf__advnormalizedfitness__M1__L10__eps0p015__g0p007__ds0p15__dm0p3
Problem: QUBO
Kernel: rbf
Advantage: normalizedfitness
M: 1
lambda: 10
epsilon_svgd: 0.015
gamma: 0.007
decay_start_ratio: 0.15
decay_min_factor: 0.3
bandwith_kernel: None
no_interact: False
avg_score: -2572.639892578125
median_score: -2562.5
std_score: 132.33575439453125
percentiles: 2%=-2832.4599609375, 5%=-2804.050048828125, 10%=-2755.89990234375, 25%=-2653.25, 50%=-2562.5, 75%=-2480.0, 90%=-2412.699951171875, 95%=-2374.75, 98%=-2329.4599609375
ranking_best_algo: DiscreteLengler2OnePlusOne
ranking_best_score: 2617.04
ranking_my_rank: 49/504 (90.5%)
ranking_my_percent: 90.47619047619048
