ConfigName: krbf__advnormalizedfitness__M3__L15__eps0p025__g0p005__ds0p01__dm0p01
Problem: QUBO
Kernel: rbf
Advantage: normalizedfitness
M: 3
lambda: 15
epsilon_svgd: 0.025
gamma: 0.005
decay_start_ratio: 0.01
decay_min_factor: 0.01
bandwith_kernel: None
no_interact: False
avg_score: -1589.719970703125
median_score: -1588.5
std_score: 69.81562805175781
percentiles: 2%=-1725.02001953125, 5%=-1704.199951171875, 10%=-1684.0999755859375, 25%=-1639.0, 50%=-1588.5, 75%=-1543.0, 90%=-1503.0, 95%=-1482.60009765625, 98%=-1457.9000244140625
ranking_best_algo: NLOPT_LN_PRAXIS
ranking_best_score: 1607.12
ranking_my_rank: 39/504 (92.5%)
ranking_my_percent: 92.46031746031746
