ConfigName: kjsd__advperagentrankweighted__M3__L16__eps0p007__g0p0005__ds0p2__dm0p1
Problem: QUBO
Kernel: jsd
Advantage: peragentrankweighted
M: 3
lambda: 16
epsilon_svgd: 0.007
gamma: 0.0005
decay_start_ratio: 0.2
decay_min_factor: 0.1
bandwith_kernel: None
no_interact: False
avg_score: -1621.4200439453125
median_score: -1622.5
std_score: 54.063331604003906
percentiles: 2%=-1738.0999755859375, 5%=-1702.6500244140625, 10%=-1689.199951171875, 25%=-1659.5, 50%=-1622.5, 75%=-1585.0, 90%=-1550.199951171875, 95%=-1535.6500244140625, 98%=-1514.93994140625
ranking_best_algo: NLOPT_LN_PRAXIS
ranking_best_score: 1607.12
ranking_my_rank: 1/504 (100.0%)
ranking_my_percent: 100.0
