ConfigName: krbf__advnormalizedfitness__M4__L12__eps0p015__g0p015__ds0p01__dm0p01
Problem: NK
Kernel: rbf
Advantage: normalizedfitness
M: 4
lambda: 12
epsilon_svgd: 0.015
gamma: 0.015
decay_start_ratio: 0.01
decay_min_factor: 0.01
bandwith_kernel: None
no_interact: False
avg_score: 0.7427811622619629
median_score: 0.7423104643821716
std_score: 0.03005821630358696
percentiles: 2%=0.6935481429100037, 5%=0.698890209197998, 10%=0.7038007974624634, 25%=0.7157342433929443, 50%=0.7423104643821716, 75%=0.7580187320709229, 90%=0.777946949005127, 95%=0.8044298887252808, 98%=0.8080030083656311
ranking_best_algo: CMApara
ranking_best_score: 0.7459277895312499
ranking_my_rank: 16/504 (97.0%)
ranking_my_percent: 97.02380952380952
