ConfigName: krbf__advnormalizedfitness__M3__L8__eps0p025__g0p015__ds0p01__dm0p01
Problem: QUBO
Kernel: rbf
Advantage: normalizedfitness
M: 3
lambda: 8
epsilon_svgd: 0.025
gamma: 0.015
decay_start_ratio: 0.01
decay_min_factor: 0.01
bandwith_kernel: None
no_interact: False
avg_score: -1193.3599853515625
median_score: -1190.0
std_score: 78.75080871582031
percentiles: 2%=-1357.43994140625, 5%=-1342.5999755859375, 10%=-1327.199951171875, 25%=-1237.0, 50%=-1190.0, 75%=-1129.75, 90%=-1106.5999755859375, 95%=-1088.7000732421875, 98%=-1064.760009765625
ranking_best_algo: SVMMetaModelLogNormal
ranking_best_score: 1233.7999999999997
ranking_my_rank: 58/504 (88.7%)
ranking_my_percent: 88.69047619047619
