ConfigName: krbf__advnormalizedfitness__M3__L12__eps0p025__g0p01__ds0p3__dm0p3
Problem: QUBO
Kernel: rbf
Advantage: normalizedfitness
M: 3
lambda: 12
epsilon_svgd: 0.025
gamma: 0.01
decay_start_ratio: 0.3
decay_min_factor: 0.3
bandwith_kernel: None
no_interact: False
avg_score: -2291.89990234375
median_score: -2255.0
std_score: 199.2624053955078
percentiles: 2%=-2669.02001953125, 5%=-2622.300048828125, 10%=-2555.60009765625, 25%=-2459.75, 50%=-2255.0, 75%=-2155.75, 90%=-2065.39990234375, 95%=-2018.7501220703125, 98%=-1885.760009765625
ranking_best_algo: DiscreteLengler2OnePlusOne
ranking_best_score: 2617.04
ranking_my_rank: 163/504 (67.9%)
ranking_my_percent: 67.85714285714286
