ConfigName: krbf__advnormalizedfitness__M4__L10__eps0p015__g0p007__ds0p15__dm0p01
Problem: QUBO
Kernel: rbf
Advantage: normalizedfitness
M: 4
lambda: 10
epsilon_svgd: 0.015
gamma: 0.007
decay_start_ratio: 0.15
decay_min_factor: 0.01
bandwith_kernel: None
no_interact: False
avg_score: -871.52001953125
median_score: -872.5
std_score: 69.76123046875
percentiles: 2%=-1030.02001953125, 5%=-984.5, 10%=-957.0, 25%=-913.75, 50%=-872.5, 75%=-830.25, 90%=-780.9000244140625, 95%=-756.9500122070312, 98%=-733.7999267578125
ranking_best_algo: CMAL3
ranking_best_score: 928.5800000000002
ranking_my_rank: 140/504 (72.4%)
ranking_my_percent: 72.42063492063492
