ConfigName: krbf__advnormalizedfitness__M4__L15__eps0p025__g0p005__ds0p3__dm0p3
Problem: QUBO
Kernel: rbf
Advantage: normalizedfitness
M: 4
lambda: 15
epsilon_svgd: 0.025
gamma: 0.005
decay_start_ratio: 0.3
decay_min_factor: 0.3
bandwith_kernel: None
no_interact: False
avg_score: -432.7799987792969
median_score: -433.0
std_score: 29.319477081298828
percentiles: 2%=-490.0400085449219, 5%=-479.0, 10%=-472.0, 25%=-455.0, 50%=-433.0, 75%=-415.5, 90%=-392.8999938964844, 95%=-384.8500061035156, 98%=-378.89996337890625
ranking_best_algo: CMApara
ranking_best_score: 453.82
ranking_my_rank: 47/504 (90.9%)
ranking_my_percent: 90.87301587301587
