ConfigName: kjsd__advperagentrankweighted__M5__L10__eps0p01__g0p0007__ds0p05__dm0p05
Problem: QUBO
Kernel: jsd
Advantage: peragentrankweighted
M: 5
lambda: 10
epsilon_svgd: 0.01
gamma: 0.0007
decay_start_ratio: 0.05
decay_min_factor: 0.05
bandwith_kernel: None
no_interact: False
avg_score: -330.17999267578125
median_score: -337.5
std_score: 22.683202743530273
percentiles: 2%=-372.0, 5%=-354.20001220703125, 10%=-354.0, 25%=-346.0, 50%=-337.5, 75%=-319.5, 90%=-296.8999938964844, 95%=-291.8999938964844, 98%=-273.79998779296875
ranking_best_algo: CMApara
ranking_best_score: 344.22
ranking_my_rank: 79/504 (84.5%)
ranking_my_percent: 84.52380952380952
