ConfigName: krbf__advnormalizedfitness__M1__L8__eps0p033__g0p007__ds0p3__dm0p3
Problem: NK
Kernel: rbf
Advantage: normalizedfitness
M: 1
lambda: 8
epsilon_svgd: 0.033
gamma: 0.007
decay_start_ratio: 0.3
decay_min_factor: 0.3
bandwith_kernel: None
no_interact: False
avg_score: 0.7014145851135254
median_score: 0.7020293474197388
std_score: 0.016396086663007736
percentiles: 2%=0.6607141494750977, 5%=0.6653882265090942, 10%=0.6793842911720276, 25%=0.6955955028533936, 50%=0.7020293474197388, 75%=0.7102115154266357, 90%=0.7185836434364319, 95%=0.7298405766487122, 98%=0.7311611175537109
ranking_best_algo: CMApara
ranking_best_score: 0.707475975
ranking_my_rank: 38/504 (92.7%)
ranking_my_percent: 92.65873015873017
