ConfigName: kjsd__advperagentrankweighted__M10__L10__eps0p008__g0p0005__ds0p3__dm0p05
Problem: QUBO
Kernel: jsd
Advantage: peragentrankweighted
M: 10
lambda: 10
epsilon_svgd: 0.008
gamma: 0.0005
decay_start_ratio: 0.3
decay_min_factor: 0.05
bandwith_kernel: None
no_interact: False
avg_score: -336.5799865722656
median_score: -340.0
std_score: 18.002878189086914
percentiles: 2%=-372.0, 5%=-361.25, 10%=-355.20001220703125, 25%=-347.5, 50%=-340.0, 75%=-328.0, 90%=-316.0, 95%=-302.75, 98%=-285.9599914550781
ranking_best_algo: CMApara
ranking_best_score: 344.22
ranking_my_rank: 51/504 (90.1%)
ranking_my_percent: 90.07936507936508
