ConfigName: kjsd__advperagentrankweighted__M4__L12__eps0p005__g0p0005__ds0p05__dm0p05
Problem: NK
Kernel: jsd
Advantage: peragentrankweighted
M: 4
lambda: 12
epsilon_svgd: 0.005
gamma: 0.0005
decay_start_ratio: 0.05
decay_min_factor: 0.05
bandwith_kernel: None
no_interact: False
avg_score: 0.7189434170722961
median_score: 0.7183151245117188
std_score: 0.007193493191152811
percentiles: 2%=0.7069275379180908, 5%=0.7087457180023193, 10%=0.7109070420265198, 25%=0.7142760753631592, 50%=0.7183151245117188, 75%=0.7230657339096069, 90%=0.727526068687439, 95%=0.7311571836471558, 98%=0.7351056337356567
ranking_best_algo: PBIL
ranking_best_score: 0.7170882103515624
ranking_my_rank: 1/504 (100.0%)
ranking_my_percent: 100.0
