ConfigName: krbf__advnormalizedfitness__M3__L12__eps0p025__g0p01__ds0p15__dm0p3
Problem: NK
Kernel: rbf
Advantage: normalizedfitness
M: 3
lambda: 12
epsilon_svgd: 0.025
gamma: 0.01
decay_start_ratio: 0.15
decay_min_factor: 0.3
bandwith_kernel: None
no_interact: False
avg_score: 0.7501735687255859
median_score: 0.7517706155776978
std_score: 0.014859390445053577
percentiles: 2%=0.715701162815094, 5%=0.7284246683120728, 10%=0.7310963869094849, 25%=0.7406654357910156, 50%=0.7517706155776978, 75%=0.759870171546936, 90%=0.7704602479934692, 95%=0.7717595100402832, 98%=0.7737656235694885
ranking_best_algo: Tabu
ranking_best_score: 0.7657846284375001
ranking_my_rank: 23/504 (95.6%)
ranking_my_percent: 95.63492063492063
