ConfigName: kjsd__advperagentrankweighted__M6__L8__eps0p02__g0p0003__ds0p2__dm0p05
Problem: QUBO
Kernel: jsd
Advantage: peragentrankweighted
M: 6
lambda: 8
epsilon_svgd: 0.02
gamma: 0.0003
decay_start_ratio: 0.2
decay_min_factor: 0.05
bandwith_kernel: None
no_interact: False
avg_score: -1275.1600341796875
median_score: -1270.0
std_score: 54.26190185546875
percentiles: 2%=-1396.1199951171875, 5%=-1367.199951171875, 10%=-1343.4000244140625, 25%=-1311.5, 50%=-1270.0, 75%=-1235.75, 90%=-1206.800048828125, 95%=-1189.0, 98%=-1182.43994140625
ranking_best_algo: BigLognormalDiscreteOnePlusOne
ranking_best_score: 1301.3600000000004
ranking_my_rank: 33/504 (93.7%)
ranking_my_percent: 93.65079365079364
