ConfigName: kfr__advglobalrankweighted__M4__L5__eps0p05__g0p005__ds0p01__dm0p01
Problem: QUBO
Kernel: fr
Advantage: globalrankweighted
M: 4
lambda: 5
epsilon_svgd: 0.05
gamma: 0.005
decay_start_ratio: 0.01
decay_min_factor: 0.01
bandwith_kernel: None
no_interact: False
avg_score: -199.16000366210938
median_score: -200.0
std_score: 12.752035140991211
percentiles: 2%=-222.0399932861328, 5%=-219.0500030517578, 10%=-216.0, 25%=-209.0, 50%=-200.0, 75%=-189.0, 90%=-181.8000030517578, 95%=-178.95001220703125, 98%=-175.97999572753906
ranking_best_algo: Tabu
ranking_best_score: 208.36000000000004
ranking_my_rank: 86/504 (83.1%)
ranking_my_percent: 83.13492063492063
