ConfigName: krbf__advnormalizedfitness__M4__L15__eps0p033__g0p01__ds0p3__dm0p01
Problem: NK
Kernel: rbf
Advantage: normalizedfitness
M: 4
lambda: 15
epsilon_svgd: 0.033
gamma: 0.01
decay_start_ratio: 0.3
decay_min_factor: 0.01
bandwith_kernel: None
no_interact: False
avg_score: 0.7101383209228516
median_score: 0.7106852531433105
std_score: 0.015045460313558578
percentiles: 2%=0.6728321313858032, 5%=0.6733776926994324, 10%=0.6971569657325745, 25%=0.7075822949409485, 50%=0.7106852531433105, 75%=0.7186846733093262, 90%=0.7254326939582825, 95%=0.7313040494918823, 98%=0.7326436042785645
ranking_best_algo: CMApara
ranking_best_score: 0.707475975
ranking_my_rank: 1/504 (100.0%)
ranking_my_percent: 100.0
