ConfigName: kjsd__advperagentrankweighted__M3__L18__eps0p005__g0p001__ds0p1__dm0p1
Problem: NK
Kernel: jsd
Advantage: peragentrankweighted
M: 3
lambda: 18
epsilon_svgd: 0.005
gamma: 0.001
decay_start_ratio: 0.1
decay_min_factor: 0.1
bandwith_kernel: None
no_interact: False
avg_score: 0.7077884078025818
median_score: 0.7099888324737549
std_score: 0.01216846238821745
percentiles: 2%=0.6870383620262146, 5%=0.6887689828872681, 10%=0.6926579475402832, 25%=0.6963309645652771, 50%=0.7099888324737549, 75%=0.7183923721313477, 90%=0.7226338386535645, 95%=0.7247282862663269, 98%=0.7253091335296631
ranking_best_algo: PBIL
ranking_best_score: 0.7013553837109374
ranking_my_rank: 1/504 (100.0%)
ranking_my_percent: 100.0
