ConfigName: kjsd__advperagentrankweighted__M4__L24__eps0p02__g0p0007__ds0p05__dm0p05
Problem: QUBO
Kernel: jsd
Advantage: peragentrankweighted
M: 4
lambda: 24
epsilon_svgd: 0.02
gamma: 0.0007
decay_start_ratio: 0.05
decay_min_factor: 0.05
bandwith_kernel: None
no_interact: False
avg_score: -2661.820068359375
median_score: -2665.0
std_score: 138.13937377929688
percentiles: 2%=-2924.06005859375, 5%=-2869.39990234375, 10%=-2840.5, 25%=-2756.25, 50%=-2665.0, 75%=-2570.75, 90%=-2475.0, 95%=-2453.949951171875, 98%=-2389.8798828125
ranking_best_algo: DiscreteLengler2OnePlusOne
ranking_best_score: 2617.04
ranking_my_rank: 1/504 (100.0%)
ranking_my_percent: 100.0
