ConfigName: kjsd__advperagentrankweighted__M3__L20__eps0p01__g0p0005__ds0p1__dm0p05
Problem: QUBO
Kernel: jsd
Advantage: peragentrankweighted
M: 3
lambda: 20
epsilon_svgd: 0.01
gamma: 0.0005
decay_start_ratio: 0.1
decay_min_factor: 0.05
bandwith_kernel: None
no_interact: False
avg_score: -3326.780029296875
median_score: -3313.0
std_score: 123.1182861328125
percentiles: 2%=-3604.239990234375, 5%=-3534.35009765625, 10%=-3496.10009765625, 25%=-3415.75, 50%=-3313.0, 75%=-3242.5, 90%=-3186.300048828125, 95%=-3133.89990234375, 98%=-3099.340087890625
ranking_best_algo: RLSOnePlusOne
ranking_best_score: 3316.5199999999995
ranking_my_rank: 1/504 (100.0%)
ranking_my_percent: 100.0
