ConfigName: kjsd__advperagentrankweighted__M4__L12__eps0p02__g0p0005__ds0p05__dm0p05
Problem: NK
Kernel: jsd
Advantage: peragentrankweighted
M: 4
lambda: 12
epsilon_svgd: 0.02
gamma: 0.0005
decay_start_ratio: 0.05
decay_min_factor: 0.05
bandwith_kernel: None
no_interact: False
avg_score: 0.706877589225769
median_score: 0.7079530358314514
std_score: 0.01577923633158207
percentiles: 2%=0.6671371459960938, 5%=0.6676496267318726, 10%=0.6880243420600891, 25%=0.7034909725189209, 50%=0.7079530358314514, 75%=0.7157649993896484, 90%=0.7232978940010071, 95%=0.7308956384658813, 98%=0.7320481538772583
ranking_best_algo: CMApara
ranking_best_score: 0.707475975
ranking_my_rank: 2/504 (99.8%)
ranking_my_percent: 99.8015873015873
