ConfigName: krbf__advnormalizedfitness__M3__L15__eps0p025__g0p007__ds0p01__dm0p01
Problem: QUBO
Kernel: rbf
Advantage: normalizedfitness
M: 3
lambda: 15
epsilon_svgd: 0.025
gamma: 0.007
decay_start_ratio: 0.01
decay_min_factor: 0.01
bandwith_kernel: None
no_interact: False
avg_score: -201.8000030517578
median_score: -203.0
std_score: 11.66876220703125
percentiles: 2%=-224.0, 5%=-222.0, 10%=-218.0, 25%=-209.0, 50%=-203.0, 75%=-196.0, 90%=-183.89999389648438, 95%=-181.95001220703125, 98%=-180.95999145507812
ranking_best_algo: Tabu
ranking_best_score: 208.36000000000004
ranking_my_rank: 39/504 (92.5%)
ranking_my_percent: 92.46031746031746
