ConfigName: kjsd__advperagentrankweighted__M3__L20__eps0p007__g0p001__ds0p1__dm0p2
Problem: QUBO
Kernel: jsd
Advantage: peragentrankweighted
M: 3
lambda: 20
epsilon_svgd: 0.007
gamma: 0.001
decay_start_ratio: 0.1
decay_min_factor: 0.2
bandwith_kernel: None
no_interact: False
avg_score: -328.29998779296875
median_score: -334.0
std_score: 21.034019470214844
percentiles: 2%=-372.0, 5%=-354.0, 10%=-350.0, 25%=-341.0, 50%=-334.0, 75%=-319.5, 90%=-295.8999938964844, 95%=-289.79998779296875, 98%=-277.9200134277344
ranking_best_algo: CMApara
ranking_best_score: 344.22
ranking_my_rank: 84/504 (83.5%)
ranking_my_percent: 83.53174603174604
