ConfigName: krbf__advnormalizedfitness__M4__L8__eps0p015__g0p015__ds0p3__dm0p01
Problem: QUBO
Kernel: rbf
Advantage: normalizedfitness
M: 4
lambda: 8
epsilon_svgd: 0.015
gamma: 0.015
decay_start_ratio: 0.3
decay_min_factor: 0.01
bandwith_kernel: None
no_interact: False
avg_score: -195.39999389648438
median_score: -195.0
std_score: 13.775339126586914
percentiles: 2%=-220.0800018310547, 5%=-219.0500030517578, 10%=-212.10000610351562, 25%=-205.0, 50%=-195.0, 75%=-187.0, 90%=-174.0, 95%=-170.0, 98%=-167.95999145507812
ranking_best_algo: Tabu
ranking_best_score: 208.36000000000004
ranking_my_rank: 210/504 (58.5%)
ranking_my_percent: 58.53174603174603
