ConfigName: kjsd__advperagentrankweighted__M3__L18__eps0p005__g0p0007__ds0p2__dm0p05
Problem: QUBO
Kernel: jsd
Advantage: peragentrankweighted
M: 3
lambda: 18
epsilon_svgd: 0.005
gamma: 0.0007
decay_start_ratio: 0.2
decay_min_factor: 0.05
bandwith_kernel: None
no_interact: False
avg_score: -198.52000427246094
median_score: -200.0
std_score: 13.994626998901367
percentiles: 2%=-222.0399932861328, 5%=-222.0, 10%=-219.10000610351562, 25%=-207.0, 50%=-200.0, 75%=-189.75, 90%=-178.8000030517578, 95%=-175.89999389648438, 98%=-173.0
ranking_best_algo: Tabu
ranking_best_score: 208.36000000000004
ranking_my_rank: 99/504 (80.6%)
ranking_my_percent: 80.55555555555556
