ConfigName: krbf__advnormalizedfitness__M4__L8__eps0p015__g0p005__ds0p01__dm0p3
Problem: QUBO
Kernel: rbf
Advantage: normalizedfitness
M: 4
lambda: 8
epsilon_svgd: 0.015
gamma: 0.005
decay_start_ratio: 0.01
decay_min_factor: 0.3
bandwith_kernel: None
no_interact: False
avg_score: -2262.93994140625
median_score: -2265.5
std_score: 185.32791137695312
percentiles: 2%=-2593.56005859375, 5%=-2560.050048828125, 10%=-2499.60009765625, 25%=-2407.25, 50%=-2265.5, 75%=-2104.0, 90%=-2028.5, 95%=-2006.550048828125, 98%=-1954.1795654296875
ranking_best_algo: SVM1MetaModelLogNormal
ranking_best_score: 2605.14
ranking_my_rank: 159/504 (68.7%)
ranking_my_percent: 68.65079365079364
