ConfigName: kjsd__advperagentrankweighted__M5__L10__eps0p005__g0p003__ds0p05__dm0p05
Problem: QUBO
Kernel: jsd
Advantage: peragentrankweighted
M: 5
lambda: 10
epsilon_svgd: 0.005
gamma: 0.003
decay_start_ratio: 0.05
decay_min_factor: 0.05
bandwith_kernel: None
no_interact: False
avg_score: -894.719970703125
median_score: -889.0
std_score: 63.865966796875
percentiles: 2%=-1045.3399658203125, 5%=-1025.1500244140625, 10%=-969.5, 25%=-926.5, 50%=-889.0, 75%=-853.75, 90%=-820.7999877929688, 95%=-794.7000122070312, 98%=-784.739990234375
ranking_best_algo: CMApara
ranking_best_score: 964.9
ranking_my_rank: 170/504 (66.5%)
ranking_my_percent: 66.46825396825396
