ConfigName: kfr__advglobalrankweighted__M6__L10__eps0p02__g0p005__ds0p01__dm0p01
Problem: QUBO
Kernel: fr
Advantage: globalrankweighted
M: 6
lambda: 10
epsilon_svgd: 0.02
gamma: 0.005
decay_start_ratio: 0.01
decay_min_factor: 0.01
bandwith_kernel: None
no_interact: False
avg_score: -2256.919921875
median_score: -2247.0
std_score: 124.38855743408203
percentiles: 2%=-2487.199951171875, 5%=-2472.5, 10%=-2428.300048828125, 25%=-2352.5, 50%=-2247.0, 75%=-2173.75, 90%=-2096.300048828125, 95%=-2079.449951171875, 98%=-2019.679931640625
ranking_best_algo: SVM1MetaModelLogNormal
ranking_best_score: 2605.14
ranking_my_rank: 170/504 (66.5%)
ranking_my_percent: 66.46825396825396
