ConfigName: kjsd__advperagentrankweighted__M4__L12__eps0p02__g0p0007__ds0p05__dm0p05
Problem: QUBO
Kernel: jsd
Advantage: peragentrankweighted
M: 4
lambda: 12
epsilon_svgd: 0.02
gamma: 0.0007
decay_start_ratio: 0.05
decay_min_factor: 0.05
bandwith_kernel: None
no_interact: False
avg_score: -934.9400024414062
median_score: -922.0
std_score: 71.7619400024414
percentiles: 2%=-1074.0400390625, 5%=-1050.449951171875, 10%=-1037.199951171875, 25%=-996.25, 50%=-922.0, 75%=-879.0, 90%=-846.2000122070312, 95%=-832.9000244140625, 98%=-818.6599731445312
ranking_best_algo: CMApara
ranking_best_score: 964.9
ranking_my_rank: 16/504 (97.0%)
ranking_my_percent: 97.02380952380952
