ConfigName: krbf__advnormalizedfitness__M3__L12__eps0p033__g0p01__ds0p3__dm0p3
Problem: QUBO
Kernel: rbf
Advantage: normalizedfitness
M: 3
lambda: 12
epsilon_svgd: 0.033
gamma: 0.01
decay_start_ratio: 0.3
decay_min_factor: 0.3
bandwith_kernel: None
no_interact: False
avg_score: -440.760009765625
median_score: -441.0
std_score: 26.87791633605957
percentiles: 2%=-492.0, 5%=-479.1000061035156, 10%=-472.0, 25%=-462.5, 50%=-441.0, 75%=-422.75, 90%=-406.79998779296875, 95%=-395.9000244140625, 98%=-384.699951171875
ranking_best_algo: CMApara
ranking_best_score: 453.82
ranking_my_rank: 12/504 (97.8%)
ranking_my_percent: 97.81746031746032
