ConfigName: kjsd__advperagentrankweighted__M6__L10__eps0p02__g0p0007__ds0p2__dm0p05
Problem: QUBO
Kernel: jsd
Advantage: peragentrankweighted
M: 6
lambda: 10
epsilon_svgd: 0.02
gamma: 0.0007
decay_start_ratio: 0.2
decay_min_factor: 0.05
bandwith_kernel: None
no_interact: False
avg_score: -940.7999877929688
median_score: -944.0
std_score: 60.35578155517578
percentiles: 2%=-1064.0799560546875, 5%=-1042.1500244140625, 10%=-1009.4000244140625, 25%=-980.25, 50%=-944.0, 75%=-898.75, 90%=-852.7999877929688, 95%=-834.9000244140625, 98%=-830.7999877929688
ranking_best_algo: CMApara
ranking_best_score: 964.9
ranking_my_rank: 6/504 (99.0%)
ranking_my_percent: 99.0079365079365
