ConfigName: kjsd__advperagentrankweighted__M3__L30__eps0p005__g0p001__ds0p2__dm0p1
Problem: QUBO
Kernel: jsd
Advantage: peragentrankweighted
M: 3
lambda: 30
epsilon_svgd: 0.005
gamma: 0.001
decay_start_ratio: 0.2
decay_min_factor: 0.1
bandwith_kernel: None
no_interact: False
avg_score: -138.16000366210938
median_score: -139.0
std_score: 11.356690406799316
percentiles: 2%=-158.0399932861328, 5%=-155.0500030517578, 10%=-153.0, 25%=-146.0, 50%=-139.0, 75%=-130.0, 90%=-124.0, 95%=-119.0, 98%=-116.94000244140625
ranking_best_algo: DiscreteDE
ranking_best_score: 143.4
ranking_my_rank: 113/504 (77.8%)
ranking_my_percent: 77.77777777777777
