ConfigName: krbf__advnormalizedfitness__M3__L12__eps0p025__g0p005__ds0p15__dm0p01
Problem: QUBO
Kernel: rbf
Advantage: normalizedfitness
M: 3
lambda: 12
epsilon_svgd: 0.025
gamma: 0.005
decay_start_ratio: 0.15
decay_min_factor: 0.01
bandwith_kernel: None
no_interact: False
avg_score: -330.94000244140625
median_score: -334.0
std_score: 19.283058166503906
percentiles: 2%=-372.0, 5%=-361.54998779296875, 10%=-350.20001220703125, 25%=-342.0, 50%=-334.0, 75%=-320.0, 90%=-301.0, 95%=-297.9000244140625, 98%=-291.8799743652344
ranking_best_algo: CMApara
ranking_best_score: 344.22
ranking_my_rank: 77/504 (84.9%)
ranking_my_percent: 84.92063492063492
