ConfigName: krbf__advnormalizedfitness__M4__L8__eps0p015__g0p01__ds0p3__dm0p3
Problem: QUBO
Kernel: rbf
Advantage: normalizedfitness
M: 4
lambda: 8
epsilon_svgd: 0.015
gamma: 0.01
decay_start_ratio: 0.3
decay_min_factor: 0.3
bandwith_kernel: None
no_interact: False
avg_score: -190.02000427246094
median_score: -190.5
std_score: 14.737693786621094
percentiles: 2%=-220.02000427246094, 5%=-218.10000610351562, 10%=-208.1999969482422, 25%=-199.0, 50%=-190.5, 75%=-179.75, 90%=-169.89999389648438, 95%=-165.0, 98%=-161.97999572753906
ranking_best_algo: Tabu
ranking_best_score: 208.36000000000004
ranking_my_rank: 242/504 (52.2%)
ranking_my_percent: 52.182539682539684
