ConfigName: krbf__advnormalizedfitness__M4__L15__eps0p03__g0p01__ds0p05__dm0p05
Problem: NK
Kernel: rbf
Advantage: normalizedfitness
M: 4
lambda: 15
epsilon_svgd: 0.03
gamma: 0.01
decay_start_ratio: 0.05
decay_min_factor: 0.05
bandwith_kernel: None
no_interact: False
avg_score: 0.7351707220077515
median_score: 0.7370467782020569
std_score: 0.009065943770110607
percentiles: 2%=0.7159610390663147, 5%=0.7192680835723877, 10%=0.721930205821991, 25%=0.7284194231033325, 50%=0.7370467782020569, 75%=0.7415327429771423, 90%=0.7458760738372803, 95%=0.7482708096504211, 98%=0.7499052882194519
ranking_best_algo: PBIL
ranking_best_score: 0.730509098125
ranking_my_rank: 1/504 (100.0%)
ranking_my_percent: 100.0
