ConfigName: krbf__advnormalizedfitness__M3__L15__eps0p025__g0p01__ds0p05__dm0p05
Problem: NK
Kernel: rbf
Advantage: normalizedfitness
M: 3
lambda: 15
epsilon_svgd: 0.025
gamma: 0.01
decay_start_ratio: 0.05
decay_min_factor: 0.05
bandwith_kernel: None
no_interact: False
avg_score: 0.7567891478538513
median_score: 0.7581804990768433
std_score: 0.013510594144463539
percentiles: 2%=0.7288265228271484, 5%=0.7326832413673401, 10%=0.7393268346786499, 25%=0.7482631802558899, 50%=0.7581804990768433, 75%=0.765957236289978, 90%=0.7728866338729858, 95%=0.7784162759780884, 98%=0.7830487489700317
ranking_best_algo: Tabu
ranking_best_score: 0.7657846284375001
ranking_my_rank: 2/504 (99.8%)
ranking_my_percent: 99.8015873015873
