ConfigName: kjsd__advperagentrankweighted__M4__L12__eps0p01__g0p0007__ds0p4__dm0p05
Problem: QUBO
Kernel: jsd
Advantage: peragentrankweighted
M: 4
lambda: 12
epsilon_svgd: 0.01
gamma: 0.0007
decay_start_ratio: 0.4
decay_min_factor: 0.05
bandwith_kernel: None
no_interact: False
avg_score: -417.6199951171875
median_score: -418.0
std_score: 25.597959518432617
percentiles: 2%=-473.0799865722656, 5%=-463.29998779296875, 10%=-450.29998779296875, 25%=-434.0, 50%=-418.0, 75%=-400.0, 90%=-386.0, 95%=-379.8999938964844, 98%=-368.0
ranking_best_algo: Tabu
ranking_best_score: 438.12
ranking_my_rank: 40/504 (92.3%)
ranking_my_percent: 92.26190476190476
