ConfigName: kjsd__advperagentrankweighted__M4__L30__eps0p01__g0p0003__ds0p2__dm0p05
Problem: QUBO
Kernel: jsd
Advantage: peragentrankweighted
M: 4
lambda: 30
epsilon_svgd: 0.01
gamma: 0.0003
decay_start_ratio: 0.2
decay_min_factor: 0.05
bandwith_kernel: None
no_interact: False
avg_score: -933.1599731445312
median_score: -924.0
std_score: 66.24163818359375
percentiles: 2%=-1066.0400390625, 5%=-1062.050048828125, 10%=-1021.5, 25%=-975.0, 50%=-924.0, 75%=-884.75, 90%=-848.4000244140625, 95%=-830.7000122070312, 98%=-810.9600219726562
ranking_best_algo: CMApara
ranking_best_score: 964.9
ranking_my_rank: 19/504 (96.4%)
ranking_my_percent: 96.42857142857143
