ConfigName: kjsd__advperagentrankweighted__M5__L10__eps0p01__g0p0007__ds0p05__dm0p2
Problem: NK
Kernel: jsd
Advantage: peragentrankweighted
M: 5
lambda: 10
epsilon_svgd: 0.01
gamma: 0.0007
decay_start_ratio: 0.05
decay_min_factor: 0.2
bandwith_kernel: None
no_interact: False
avg_score: 0.743222177028656
median_score: 0.7410564422607422
std_score: 0.027808375656604767
percentiles: 2%=0.7032754421234131, 5%=0.7067469954490662, 10%=0.7122350335121155, 25%=0.7192511558532715, 50%=0.7410564422607422, 75%=0.7580187320709229, 90%=0.7775435447692871, 95%=0.8045625686645508, 98%=0.8109671473503113
ranking_best_algo: CMApara
ranking_best_score: 0.7459277895312499
ranking_my_rank: 13/504 (97.6%)
ranking_my_percent: 97.61904761904762
