ConfigName: krbf__advnormalizedfitness__M3__L12__eps0p025__g0p007__ds0p01__dm0p01
Problem: QUBO
Kernel: rbf
Advantage: normalizedfitness
M: 3
lambda: 12
epsilon_svgd: 0.025
gamma: 0.007
decay_start_ratio: 0.01
decay_min_factor: 0.01
bandwith_kernel: None
no_interact: False
avg_score: -309.5400085449219
median_score: -307.0
std_score: 40.2326774597168
percentiles: 2%=-398.0400085449219, 5%=-390.20001220703125, 10%=-360.5999755859375, 25%=-336.0, 50%=-307.0, 75%=-275.0, 90%=-265.79998779296875, 95%=-253.95001220703125, 98%=-247.95999145507812
ranking_best_algo: CMApara
ranking_best_score: 319.29999999999995
ranking_my_rank: 76/504 (85.1%)
ranking_my_percent: 85.11904761904762
