ConfigName: kjsd__advperagentrankweighted__M5__L12__eps0p03__g0p0003__ds0p2__dm0p05
Problem: QUBO
Kernel: jsd
Advantage: peragentrankweighted
M: 5
lambda: 12
epsilon_svgd: 0.03
gamma: 0.0003
decay_start_ratio: 0.2
decay_min_factor: 0.05
bandwith_kernel: None
no_interact: False
avg_score: -2510.300048828125
median_score: -2510.5
std_score: 108.01625061035156
percentiles: 2%=-2713.0, 5%=-2691.75, 10%=-2656.0, 25%=-2575.75, 50%=-2510.5, 75%=-2427.5, 90%=-2380.800048828125, 95%=-2359.699951171875, 98%=-2346.419921875
ranking_best_algo: SVM1MetaModelLogNormal
ranking_best_score: 2605.14
ranking_my_rank: 62/504 (87.9%)
ranking_my_percent: 87.89682539682539
