ConfigName: krbf__advnormalizedfitness__M4__L15__eps0p025__g0p015__ds0p01__dm0p3
Problem: QUBO
Kernel: rbf
Advantage: normalizedfitness
M: 4
lambda: 15
epsilon_svgd: 0.025
gamma: 0.015
decay_start_ratio: 0.01
decay_min_factor: 0.3
bandwith_kernel: None
no_interact: False
avg_score: -554.6799926757812
median_score: -542.5
std_score: 55.97819137573242
percentiles: 2%=-675.52001953125, 5%=-660.1500244140625, 10%=-642.0999755859375, 25%=-585.5, 50%=-542.5, 75%=-512.5, 90%=-502.79998779296875, 95%=-486.70001220703125, 98%=-460.8799743652344
ranking_best_algo: SVMMetaModelLogNormal
ranking_best_score: 1233.7999999999997
ranking_my_rank: 390/504 (22.8%)
ranking_my_percent: 22.817460317460316
