ConfigName: krbf__advnormalizedfitness__M2__L10__eps0p033__g0p01__ds0p01__dm0p3
Problem: NK
Kernel: rbf
Advantage: normalizedfitness
M: 2
lambda: 10
epsilon_svgd: 0.033
gamma: 0.01
decay_start_ratio: 0.01
decay_min_factor: 0.3
bandwith_kernel: None
no_interact: False
avg_score: 0.7340424060821533
median_score: 0.7346533536911011
std_score: 0.009451585821807384
percentiles: 2%=0.7157652974128723, 5%=0.7185755968093872, 10%=0.7208263874053955, 25%=0.7280340194702148, 50%=0.7346533536911011, 75%=0.7414151430130005, 90%=0.7452976703643799, 95%=0.74794602394104, 98%=0.749841570854187
ranking_best_algo: PBIL
ranking_best_score: 0.730509098125
ranking_my_rank: 1/504 (100.0%)
ranking_my_percent: 100.0
