ConfigName: krbf__advnormalizedfitness__M4__L10__eps0p025__g0p005__ds0p01__dm0p01
Problem: NK
Kernel: rbf
Advantage: normalizedfitness
M: 4
lambda: 10
epsilon_svgd: 0.025
gamma: 0.005
decay_start_ratio: 0.01
decay_min_factor: 0.01
bandwith_kernel: None
no_interact: False
avg_score: 0.7578086256980896
median_score: 0.7583436965942383
std_score: 0.013964536599814892
percentiles: 2%=0.7307352423667908, 5%=0.7352930307388306, 10%=0.7392595410346985, 25%=0.7466230988502502, 50%=0.7583436965942383, 75%=0.7674967050552368, 90%=0.7761587500572205, 95%=0.780194103717804, 98%=0.784231960773468
ranking_best_algo: Tabu
ranking_best_score: 0.7470791764843752
ranking_my_rank: 1/504 (100.0%)
ranking_my_percent: 100.0
