ConfigName: krbf__advnormalizedfitness__M4__L15__eps0p015__g0p007__ds0p15__dm0p3
Problem: NK
Kernel: rbf
Advantage: normalizedfitness
M: 4
lambda: 15
epsilon_svgd: 0.015
gamma: 0.007
decay_start_ratio: 0.15
decay_min_factor: 0.3
bandwith_kernel: None
no_interact: False
avg_score: 0.6103678345680237
median_score: 0.6097582578659058
std_score: 0.008472475223243237
percentiles: 2%=0.5951917171478271, 5%=0.598222017288208, 10%=0.5997921228408813, 25%=0.6043596267700195, 50%=0.6097582578659058, 75%=0.6156332492828369, 90%=0.6222113966941833, 95%=0.6259845495223999, 98%=0.6274958252906799
ranking_best_algo: PBIL
ranking_best_score: 0.733570253046875
ranking_my_rank: 361/504 (28.6%)
ranking_my_percent: 28.571428571428573
