ConfigName: krbf__advnormalizedfitness__M3__L10__eps0p025__g0p007__ds0p15__dm0p3
Problem: NK
Kernel: rbf
Advantage: normalizedfitness
M: 3
lambda: 10
epsilon_svgd: 0.025
gamma: 0.007
decay_start_ratio: 0.15
decay_min_factor: 0.3
bandwith_kernel: None
no_interact: False
avg_score: 0.7426254153251648
median_score: 0.7404879331588745
std_score: 0.014564041048288345
percentiles: 2%=0.7151877284049988, 5%=0.7202349305152893, 10%=0.7262425422668457, 25%=0.7335824370384216, 50%=0.7404879331588745, 75%=0.7520298957824707, 90%=0.7622328996658325, 95%=0.7681769728660583, 98%=0.7699931263923645
ranking_best_algo: Tabu
ranking_best_score: 0.7601875690625
ranking_my_rank: 10/504 (98.2%)
ranking_my_percent: 98.21428571428571
