ConfigName: kjsd__advperagentrankweighted__M5__L10__eps0p005__g0p0007__ds0p4__dm0p2
Problem: NK
Kernel: jsd
Advantage: peragentrankweighted
M: 5
lambda: 10
epsilon_svgd: 0.005
gamma: 0.0007
decay_start_ratio: 0.4
decay_min_factor: 0.2
bandwith_kernel: None
no_interact: False
avg_score: 0.7382720708847046
median_score: 0.7398684024810791
std_score: 0.011112764477729797
percentiles: 2%=0.7190475463867188, 5%=0.7204328179359436, 10%=0.7224592566490173, 25%=0.7312133312225342, 50%=0.7398684024810791, 75%=0.7448418140411377, 90%=0.7531319856643677, 95%=0.757111132144928, 98%=0.7590507864952087
ranking_best_algo: PBIL
ranking_best_score: 0.733570253046875
ranking_my_rank: 1/504 (100.0%)
ranking_my_percent: 100.0
