ConfigName: kjsd__advperagentrankweighted__M3__L16__eps0p007__g0p0007__ds0p05__dm0p2
Problem: QUBO
Kernel: jsd
Advantage: peragentrankweighted
M: 3
lambda: 16
epsilon_svgd: 0.007
gamma: 0.0007
decay_start_ratio: 0.05
decay_min_factor: 0.2
bandwith_kernel: None
no_interact: False
avg_score: -306.3999938964844
median_score: -304.0
std_score: 40.47023391723633
percentiles: 2%=-396.0, 5%=-384.1000061035156, 10%=-353.79998779296875, 25%=-334.0, 50%=-304.0, 75%=-274.0, 90%=-257.8999938964844, 95%=-243.89999389648438, 98%=-239.97999572753906
ranking_best_algo: CMApara
ranking_best_score: 319.29999999999995
ranking_my_rank: 113/504 (77.8%)
ranking_my_percent: 77.77777777777777
