ConfigName: krbf__advnormalizedfitness__M4__L10__eps0p025__g0p007__ds0p3__dm0p3
Problem: NK
Kernel: rbf
Advantage: normalizedfitness
M: 4
lambda: 10
epsilon_svgd: 0.025
gamma: 0.007
decay_start_ratio: 0.3
decay_min_factor: 0.3
bandwith_kernel: None
no_interact: False
avg_score: 0.7100642919540405
median_score: 0.7108744382858276
std_score: 0.015070120804011822
percentiles: 2%=0.6713615655899048, 5%=0.6738248467445374, 10%=0.6969249844551086, 25%=0.7074690461158752, 50%=0.7108744382858276, 75%=0.718742847442627, 90%=0.7253736853599548, 95%=0.7319007515907288, 98%=0.7325742840766907
ranking_best_algo: CMApara
ranking_best_score: 0.707475975
ranking_my_rank: 1/504 (100.0%)
ranking_my_percent: 100.0
