ConfigName: kjsd__advperagentrankweighted__M3__L18__eps0p01__g0p001__ds0p05__dm0p1
Problem: QUBO
Kernel: jsd
Advantage: peragentrankweighted
M: 3
lambda: 18
epsilon_svgd: 0.01
gamma: 0.001
decay_start_ratio: 0.05
decay_min_factor: 0.1
bandwith_kernel: None
no_interact: False
avg_score: -579.239990234375
median_score: -582.0
std_score: 27.893051147460938
percentiles: 2%=-627.0800170898438, 5%=-625.0999755859375, 10%=-616.0999755859375, 25%=-599.0, 50%=-582.0, 75%=-562.25, 90%=-538.0, 95%=-530.9500122070312, 98%=-523.8800048828125
ranking_best_algo: Tabu
ranking_best_score: 588.7199999999999
ranking_my_rank: 41/503 (92.0%)
ranking_my_percent: 92.04771371769384
