ConfigName: kjsd__advperagentrankweighted__M5__L10__eps0p01__g0p0005__ds0p2__dm0p2
Problem: NK
Kernel: jsd
Advantage: peragentrankweighted
M: 5
lambda: 10
epsilon_svgd: 0.01
gamma: 0.0005
decay_start_ratio: 0.2
decay_min_factor: 0.2
bandwith_kernel: None
no_interact: False
avg_score: 0.7387841939926147
median_score: 0.7392641305923462
std_score: 0.011942407116293907
percentiles: 2%=0.7156916260719299, 5%=0.7200948596000671, 10%=0.7246325612068176, 25%=0.7302245497703552, 50%=0.7392641305923462, 75%=0.7473037242889404, 90%=0.7528330683708191, 95%=0.7545058131217957, 98%=0.7609559893608093
ranking_best_algo: Tabu
ranking_best_score: 0.7601875690625
ranking_my_rank: 19/504 (96.4%)
ranking_my_percent: 96.42857142857143
