ConfigName: kjsd__advperagentrankweighted__M5__L10__eps0p01__g0p0007__ds0p05__dm0p05
Problem: NK
Kernel: jsd
Advantage: peragentrankweighted
M: 5
lambda: 10
epsilon_svgd: 0.01
gamma: 0.0007
decay_start_ratio: 0.05
decay_min_factor: 0.05
bandwith_kernel: None
no_interact: False
avg_score: 0.7104348540306091
median_score: 0.7114291191101074
std_score: 0.015255704522132874
percentiles: 2%=0.6714642643928528, 5%=0.6739956736564636, 10%=0.6961547136306763, 25%=0.7072060108184814, 50%=0.7114291191101074, 75%=0.7197571992874146, 90%=0.72504061460495, 95%=0.7329055070877075, 98%=0.7334685921669006
ranking_best_algo: CMApara
ranking_best_score: 0.707475975
ranking_my_rank: 1/504 (100.0%)
ranking_my_percent: 100.0
