ConfigName: krbf__advglobalrankweighted__M4__L11__eps0p02__g0p003__ds0p01__dm0p01
Problem: QUBO
Kernel: rbf
Advantage: globalrankweighted
M: 4
lambda: 11
epsilon_svgd: 0.02
gamma: 0.003
decay_start_ratio: 0.01
decay_min_factor: 0.01
bandwith_kernel: None
no_interact: False
avg_score: -1295.300048828125
median_score: -1297.0
std_score: 61.642601013183594
percentiles: 2%=-1412.219970703125, 5%=-1393.25, 10%=-1375.0, 25%=-1340.0, 50%=-1297.0, 75%=-1252.0, 90%=-1218.800048828125, 95%=-1190.800048828125, 98%=-1160.9599609375
ranking_best_algo: BigLognormalDiscreteOnePlusOne
ranking_best_score: 1301.3600000000004
ranking_my_rank: 2/504 (99.8%)
ranking_my_percent: 99.8015873015873
