ConfigName: krbf__advnormalizedfitness__M1__L8__eps0p025__g0p005__ds0p15__dm0p01
Problem: QUBO
Kernel: rbf
Advantage: normalizedfitness
M: 1
lambda: 8
epsilon_svgd: 0.025
gamma: 0.005
decay_start_ratio: 0.15
decay_min_factor: 0.01
bandwith_kernel: None
no_interact: False
avg_score: -294.79998779296875
median_score: -293.5
std_score: 39.96498107910156
percentiles: 2%=-380.0400085449219, 5%=-374.20001220703125, 10%=-342.20001220703125, 25%=-320.5, 50%=-293.5, 75%=-262.0, 90%=-246.89999389648438, 95%=-237.85000610351562, 98%=-229.91998291015625
ranking_best_algo: CMApara
ranking_best_score: 319.29999999999995
ranking_my_rank: 262/504 (48.2%)
ranking_my_percent: 48.214285714285715
