Problem: NK
Kernel: jsd
Advantage: peragentrankweighted
M: 1
lambda: 10
epsilon_svgd: 0.8
gamma: 5e-05
bandwith_kernel: None
no_interact: True
avg_score: 0.7538893222808838
median_score: 0.754272997379303
std_score: 0.012762601487338543
percentiles: 2%=0.7294468283653259, 5%=0.7338375449180603, 10%=0.739118754863739, 25%=0.7457829713821411, 50%=0.754272997379303, 75%=0.7607066035270691, 90%=0.7678282856941223, 95%=0.7775537371635437, 98%=0.7836747169494629
ranking_best_algo: PPO-EDA
ranking_best_score: 0.7603765
ranking_my_rank: 2/505 (99.8%)
