ConfigName: kjsd__advperagentrankweighted__M3__L20__eps0p007__g0p0007__ds0p2__dm0p1
Problem: QUBO
Kernel: jsd
Advantage: peragentrankweighted
M: 3
lambda: 20
epsilon_svgd: 0.007
gamma: 0.0007
decay_start_ratio: 0.2
decay_min_factor: 0.1
bandwith_kernel: None
no_interact: False
avg_score: -326.260009765625
median_score: -334.0
std_score: 23.904232025146484
percentiles: 2%=-372.0, 5%=-354.3500061035156, 10%=-350.0, 25%=-342.0, 50%=-334.0, 75%=-310.75, 90%=-293.8999938964844, 95%=-289.6000061035156, 98%=-269.82000732421875
ranking_best_algo: CMApara
ranking_best_score: 344.22
ranking_my_rank: 113/504 (77.8%)
ranking_my_percent: 77.77777777777777
