ConfigName: kfr__advglobalrankweighted__M4__L11__eps0p02__g0p003__ds0p01__dm0p01
Problem: QUBO
Kernel: fr
Advantage: globalrankweighted
M: 4
lambda: 11
epsilon_svgd: 0.02
gamma: 0.003
decay_start_ratio: 0.01
decay_min_factor: 0.01
bandwith_kernel: None
no_interact: False
avg_score: -1228.4000244140625
median_score: -1227.0
std_score: 55.728450775146484
percentiles: 2%=-1333.4000244140625, 5%=-1324.25, 10%=-1303.300048828125, 25%=-1263.5, 50%=-1227.0, 75%=-1188.75, 90%=-1156.800048828125, 95%=-1144.300048828125, 98%=-1128.780029296875
ranking_best_algo: SVMMetaModelLogNormal
ranking_best_score: 1233.7999999999997
ranking_my_rank: 12/504 (97.8%)
ranking_my_percent: 97.81746031746032
