ConfigName: kjsd__advperagentrankweighted__M5__L8__eps0p005__g0p003__ds0p2__dm0p05
Problem: QUBO
Kernel: jsd
Advantage: peragentrankweighted
M: 5
lambda: 8
epsilon_svgd: 0.005
gamma: 0.003
decay_start_ratio: 0.2
decay_min_factor: 0.05
bandwith_kernel: None
no_interact: False
avg_score: -140.25999450683594
median_score: -141.0
std_score: 11.72230339050293
percentiles: 2%=-160.02000427246094, 5%=-158.0, 10%=-157.0, 25%=-149.0, 50%=-141.0, 75%=-130.75, 90%=-126.80000305175781, 95%=-122.9000015258789, 98%=-116.94000244140625
ranking_best_algo: DiscreteDE
ranking_best_score: 143.4
ranking_my_rank: 78/504 (84.7%)
ranking_my_percent: 84.72222222222223
