ConfigName: kjsd__advperagentrankweighted__M4__L8__eps0p01__g0p0005__ds0p2__dm0p05
Problem: QUBO
Kernel: jsd
Advantage: peragentrankweighted
M: 4
lambda: 8
epsilon_svgd: 0.01
gamma: 0.0005
decay_start_ratio: 0.2
decay_min_factor: 0.05
bandwith_kernel: None
no_interact: False
avg_score: -425.7200012207031
median_score: -422.5
std_score: 28.43451690673828
percentiles: 2%=-481.0799865722656, 5%=-479.0, 10%=-467.20001220703125, 25%=-441.5, 50%=-422.5, 75%=-411.0, 90%=-392.20001220703125, 95%=-373.79998779296875, 98%=-367.9200134277344
ranking_best_algo: CMAL3
ranking_best_score: 435.36
ranking_my_rank: 26/504 (95.0%)
ranking_my_percent: 95.03968253968254
