ConfigName: kjsd__advperagentrankweighted__M4__L20__eps0p005__g0p001__ds0p2__dm0p05
Problem: QUBO
Kernel: jsd
Advantage: peragentrankweighted
M: 4
lambda: 20
epsilon_svgd: 0.005
gamma: 0.001
decay_start_ratio: 0.2
decay_min_factor: 0.05
bandwith_kernel: None
no_interact: False
avg_score: -1175.6199951171875
median_score: -1179.0
std_score: 57.707149505615234
percentiles: 2%=-1313.1199951171875, 5%=-1275.300048828125, 10%=-1245.699951171875, 25%=-1214.25, 50%=-1179.0, 75%=-1125.75, 90%=-1099.9000244140625, 95%=-1091.949951171875, 98%=-1080.9200439453125
ranking_best_algo: Tabu
ranking_best_score: 1216.16
ranking_my_rank: 82/504 (83.9%)
ranking_my_percent: 83.92857142857143
