ConfigName: kjsd__advperagentrankweighted__M4__L10__eps0p008__g0p0005__ds0p05__dm0p05
Problem: QUBO
Kernel: jsd
Advantage: peragentrankweighted
M: 4
lambda: 10
epsilon_svgd: 0.008
gamma: 0.0005
decay_start_ratio: 0.05
decay_min_factor: 0.05
bandwith_kernel: None
no_interact: False
avg_score: -440.1199951171875
median_score: -443.5
std_score: 27.675722122192383
percentiles: 2%=-481.0400085449219, 5%=-481.0, 10%=-472.1000061035156, 25%=-461.5, 50%=-443.5, 75%=-417.0, 90%=-402.8999938964844, 95%=-385.8999938964844, 98%=-382.0
ranking_best_algo: CMApara
ranking_best_score: 453.82
ranking_my_rank: 15/504 (97.2%)
ranking_my_percent: 97.22222222222223
