ConfigName: kjsd__advperagentrankweighted__M10__L12__eps0p005__g0p0005__ds0p3__dm0p05
Problem: NK
Kernel: jsd
Advantage: peragentrankweighted
M: 10
lambda: 12
epsilon_svgd: 0.005
gamma: 0.0005
decay_start_ratio: 0.3
decay_min_factor: 0.05
bandwith_kernel: None
no_interact: False
avg_score: 0.6311073899269104
median_score: 0.6289626359939575
std_score: 0.014834211207926273
percentiles: 2%=0.6076480746269226, 5%=0.6102559566497803, 10%=0.6149133443832397, 25%=0.6198970079421997, 50%=0.6289626359939575, 75%=0.6401715278625488, 90%=0.6524975895881653, 95%=0.656494140625, 98%=0.6632767915725708
ranking_best_algo: Tabu
ranking_best_score: 0.7429702712499999
ranking_my_rank: 364/504 (28.0%)
ranking_my_percent: 27.976190476190474
