ConfigName: krbf__advnormalizedfitness__M2__L10__eps0p015__g0p01__ds0p3__dm0p01
Problem: QUBO
Kernel: rbf
Advantage: normalizedfitness
M: 2
lambda: 10
epsilon_svgd: 0.015
gamma: 0.01
decay_start_ratio: 0.3
decay_min_factor: 0.01
bandwith_kernel: None
no_interact: False
avg_score: -441.3399963378906
median_score: -442.5
std_score: 26.827678680419922
percentiles: 2%=-486.05999755859375, 5%=-475.1499938964844, 10%=-472.0, 25%=-463.5, 50%=-442.5, 75%=-422.75, 90%=-407.6000061035156, 95%=-398.45001220703125, 98%=-383.9800109863281
ranking_best_algo: CMApara
ranking_best_score: 453.82
ranking_my_rank: 11/504 (98.0%)
ranking_my_percent: 98.01587301587301
