ConfigName: kjsd__advperagentrankweighted__M3__L18__eps0p01__g0p0007__ds0p2__dm0p2
Problem: QUBO
Kernel: jsd
Advantage: peragentrankweighted
M: 3
lambda: 18
epsilon_svgd: 0.01
gamma: 0.0007
decay_start_ratio: 0.2
decay_min_factor: 0.2
bandwith_kernel: None
no_interact: False
avg_score: -407.79998779296875
median_score: -410.0
std_score: 27.861083984375
percentiles: 2%=-473.0799865722656, 5%=-450.04998779296875, 10%=-440.20001220703125, 25%=-426.0, 50%=-410.0, 75%=-386.0, 90%=-371.70001220703125, 95%=-358.0, 98%=-353.9599914550781
ranking_best_algo: Tabu
ranking_best_score: 438.12
ranking_my_rank: 155/504 (69.4%)
ranking_my_percent: 69.44444444444444
