ConfigName: kjsd__advperagentrankweighted__M3__L18__eps0p005__g0p0005__ds0p05__dm0p2
Problem: NK
Kernel: jsd
Advantage: peragentrankweighted
M: 3
lambda: 18
epsilon_svgd: 0.005
gamma: 0.0005
decay_start_ratio: 0.05
decay_min_factor: 0.2
bandwith_kernel: None
no_interact: False
avg_score: 0.7070714831352234
median_score: 0.7084754109382629
std_score: 0.011848974972963333
percentiles: 2%=0.6872873902320862, 5%=0.6889178156852722, 10%=0.6923656463623047, 25%=0.695780336856842, 50%=0.7084754109382629, 75%=0.7176005840301514, 90%=0.7209271192550659, 95%=0.7230595350265503, 98%=0.7237268686294556
ranking_best_algo: PBIL
ranking_best_score: 0.7013553837109374
ranking_my_rank: 1/504 (100.0%)
ranking_my_percent: 100.0
