ConfigName: kjsd__advperagentrankweighted__M3__L16__eps0p01__g0p0005__ds0p05__dm0p2
Problem: QUBO
Kernel: jsd
Advantage: peragentrankweighted
M: 3
lambda: 16
epsilon_svgd: 0.01
gamma: 0.0005
decay_start_ratio: 0.05
decay_min_factor: 0.2
bandwith_kernel: None
no_interact: False
avg_score: -137.36000061035156
median_score: -139.5
std_score: 13.290236473083496
percentiles: 2%=-158.0, 5%=-156.0, 10%=-154.10000610351562, 25%=-146.0, 50%=-139.5, 75%=-129.0, 90%=-119.0, 95%=-112.9000015258789, 98%=-104.95999908447266
ranking_best_algo: DiscreteDE
ranking_best_score: 143.4
ranking_my_rank: 153/504 (69.8%)
ranking_my_percent: 69.84126984126983
