ConfigName: kjsd__advperagentrankweighted__M5__L10__eps0p005__g0p003__ds0p4__dm0p05
Problem: NK
Kernel: jsd
Advantage: peragentrankweighted
M: 5
lambda: 10
epsilon_svgd: 0.005
gamma: 0.003
decay_start_ratio: 0.4
decay_min_factor: 0.05
bandwith_kernel: None
no_interact: False
avg_score: 0.6931329965591431
median_score: 0.6937915682792664
std_score: 0.011018866673111916
percentiles: 2%=0.6698428392410278, 5%=0.6748747229576111, 10%=0.6779344081878662, 25%=0.6854484677314758, 50%=0.6937915682792664, 75%=0.7012450695037842, 90%=0.7063859105110168, 95%=0.7107256650924683, 98%=0.7128655314445496
ranking_best_algo: PBIL
ranking_best_score: 0.7248786399609374
ranking_my_rank: 136/504 (73.2%)
ranking_my_percent: 73.21428571428571
