ConfigName: krbf__advnormalizedfitness__M4__L10__eps0p033__g0p007__ds0p01__dm0p3
Problem: QUBO
Kernel: rbf
Advantage: normalizedfitness
M: 4
lambda: 10
epsilon_svgd: 0.033
gamma: 0.007
decay_start_ratio: 0.01
decay_min_factor: 0.3
bandwith_kernel: None
no_interact: False
avg_score: -2375.10009765625
median_score: -2360.0
std_score: 175.91632080078125
percentiles: 2%=-2700.97998046875, 5%=-2654.89990234375, 10%=-2595.300048828125, 25%=-2515.75, 50%=-2360.0, 75%=-2263.5, 90%=-2125.800048828125, 95%=-2097.75, 98%=-2027.419921875
ranking_best_algo: SVM1MetaModelLogNormal
ranking_best_score: 2605.14
ranking_my_rank: 132/504 (74.0%)
ranking_my_percent: 74.0079365079365
