ConfigName: kjsd__advperagentrankweighted__M3__L20__eps0p005__g0p0007__ds0p05__dm0p05
Problem: QUBO
Kernel: jsd
Advantage: peragentrankweighted
M: 3
lambda: 20
epsilon_svgd: 0.005
gamma: 0.0007
decay_start_ratio: 0.05
decay_min_factor: 0.05
bandwith_kernel: None
no_interact: False
avg_score: -138.82000732421875
median_score: -139.5
std_score: 11.577892303466797
percentiles: 2%=-158.02000427246094, 5%=-157.0, 10%=-156.0, 25%=-146.0, 50%=-139.5, 75%=-131.0, 90%=-126.5999984741211, 95%=-119.0, 98%=-112.9000015258789
ranking_best_algo: DiscreteDE
ranking_best_score: 143.4
ranking_my_rank: 95/504 (81.3%)
ranking_my_percent: 81.34920634920636
