ConfigName: krbf__advnormalizedfitness__M3__L12__eps0p025__g0p015__ds0p15__dm0p3
Problem: QUBO
Kernel: rbf
Advantage: normalizedfitness
M: 3
lambda: 12
epsilon_svgd: 0.025
gamma: 0.015
decay_start_ratio: 0.15
decay_min_factor: 0.3
bandwith_kernel: None
no_interact: False
avg_score: -890.7999877929688
median_score: -893.0
std_score: 67.88034057617188
percentiles: 2%=-1020.1599731445312, 5%=-1001.2000122070312, 10%=-983.4000244140625, 25%=-937.5, 50%=-893.0, 75%=-837.0, 90%=-798.7999877929688, 95%=-785.9000244140625, 98%=-774.4998779296875
ranking_best_algo: SVMMetaModelLogNormal
ranking_best_score: 1233.7999999999997
ranking_my_rank: 319/504 (36.9%)
ranking_my_percent: 36.904761904761905
