ConfigName: krbf__advnormalizedfitness__M3__L10__eps0p025__g0p01__ds0p3__dm0p01
Problem: QUBO
Kernel: rbf
Advantage: normalizedfitness
M: 3
lambda: 10
epsilon_svgd: 0.025
gamma: 0.01
decay_start_ratio: 0.3
decay_min_factor: 0.01
bandwith_kernel: None
no_interact: False
avg_score: -1252.260009765625
median_score: -1247.5
std_score: 75.10733795166016
percentiles: 2%=-1393.3800048828125, 5%=-1391.0, 10%=-1351.0, 25%=-1301.0, 50%=-1247.5, 75%=-1195.75, 90%=-1161.0999755859375, 95%=-1144.60009765625, 98%=-1101.0
ranking_best_algo: BigLognormalDiscreteOnePlusOne
ranking_best_score: 1301.3600000000004
ranking_my_rank: 55/504 (89.3%)
ranking_my_percent: 89.28571428571429
