ConfigName: kjsd__advperagentrankweighted__M3__L18__eps0p007__g0p0007__ds0p05__dm0p05
Problem: NK
Kernel: jsd
Advantage: peragentrankweighted
M: 3
lambda: 18
epsilon_svgd: 0.007
gamma: 0.0007
decay_start_ratio: 0.05
decay_min_factor: 0.05
bandwith_kernel: None
no_interact: False
avg_score: 0.7417100667953491
median_score: 0.7424086332321167
std_score: 0.012193470261991024
percentiles: 2%=0.7144676446914673, 5%=0.7199990153312683, 10%=0.725301206111908, 25%=0.7342594861984253, 50%=0.7424086332321167, 75%=0.749446451663971, 90%=0.7564516067504883, 95%=0.7600024342536926, 98%=0.7641357183456421
ranking_best_algo: Tabu
ranking_best_score: 0.7601875690625
ranking_my_rank: 12/504 (97.8%)
ranking_my_percent: 97.81746031746032
