ConfigName: krbf__advnormalizedfitness__M4__L15__eps0p033__g0p005__ds0p01__dm0p01
Problem: QUBO
Kernel: rbf
Advantage: normalizedfitness
M: 4
lambda: 15
epsilon_svgd: 0.033
gamma: 0.005
decay_start_ratio: 0.01
decay_min_factor: 0.01
bandwith_kernel: None
no_interact: False
avg_score: -902.9600219726562
median_score: -899.5
std_score: 61.39168167114258
percentiles: 2%=-1025.06005859375, 5%=-1012.1500244140625, 10%=-985.4000244140625, 25%=-949.5, 50%=-899.5, 75%=-854.25, 90%=-829.0, 95%=-815.6500244140625, 98%=-802.4398803710938
ranking_best_algo: CMAL3
ranking_best_score: 928.5800000000002
ranking_my_rank: 66/504 (87.1%)
ranking_my_percent: 87.10317460317461
