ConfigName: krbf__advnormalizedfitness__M3__L15__eps0p033__g0p01__ds0p15__dm0p01
Problem: QUBO
Kernel: rbf
Advantage: normalizedfitness
M: 3
lambda: 15
epsilon_svgd: 0.033
gamma: 0.01
decay_start_ratio: 0.15
decay_min_factor: 0.01
bandwith_kernel: None
no_interact: False
avg_score: -1182.9200439453125
median_score: -1177.5
std_score: 72.58824920654297
percentiles: 2%=-1349.199951171875, 5%=-1329.199951171875, 10%=-1293.0, 25%=-1226.5, 50%=-1177.5, 75%=-1123.75, 90%=-1095.800048828125, 95%=-1081.9000244140625, 98%=-1069.9599609375
ranking_best_algo: Tabu
ranking_best_score: 1216.16
ranking_my_rank: 65/504 (87.3%)
ranking_my_percent: 87.3015873015873
