ConfigName: kjsd__advperagentrankweighted__M3__L20__eps0p005__g0p001__ds0p05__dm0p2
Problem: NK
Kernel: jsd
Advantage: peragentrankweighted
M: 3
lambda: 20
epsilon_svgd: 0.005
gamma: 0.001
decay_start_ratio: 0.05
decay_min_factor: 0.2
bandwith_kernel: None
no_interact: False
avg_score: 0.7284117341041565
median_score: 0.7266371846199036
std_score: 0.01160003338009119
percentiles: 2%=0.707685112953186, 5%=0.7110029458999634, 10%=0.7133719325065613, 25%=0.7216165065765381, 50%=0.7266371846199036, 75%=0.7354894876480103, 90%=0.7448614239692688, 95%=0.7483523488044739, 98%=0.7518417835235596
ranking_best_algo: Tabu
ranking_best_score: 0.7429702712499999
ranking_my_rank: 2/504 (99.8%)
ranking_my_percent: 99.8015873015873
