ConfigName: kfr__advglobalrankweighted__M4__L13__eps0p01__g0p007__ds0p01__dm0p01
Problem: QUBO
Kernel: fr
Advantage: globalrankweighted
M: 4
lambda: 13
epsilon_svgd: 0.01
gamma: 0.007
decay_start_ratio: 0.01
decay_min_factor: 0.01
bandwith_kernel: None
no_interact: False
avg_score: -1131.1199951171875
median_score: -1129.5
std_score: 82.90045166015625
percentiles: 2%=-1297.199951171875, 5%=-1259.4000244140625, 10%=-1235.0999755859375, 25%=-1188.5, 50%=-1129.5, 75%=-1069.75, 90%=-1022.0, 95%=-1003.9500122070312, 98%=-964.8599853515625
ranking_best_algo: Tabu
ranking_best_score: 1216.16
ranking_my_rank: 156/504 (69.2%)
ranking_my_percent: 69.24603174603175
