ConfigName: kfr__advglobalrankweighted__M1__L10__eps0p01__g0p003__ds0p01__dm0p01
Problem: QUBO
Kernel: fr
Advantage: globalrankweighted
M: 1
lambda: 10
epsilon_svgd: 0.01
gamma: 0.003
decay_start_ratio: 0.01
decay_min_factor: 0.01
bandwith_kernel: None
no_interact: False
avg_score: -412.67999267578125
median_score: -414.0
std_score: 33.38468933105469
percentiles: 2%=-475.0400085449219, 5%=-465.1000061035156, 10%=-455.1000061035156, 25%=-434.0, 50%=-414.0, 75%=-390.75, 90%=-368.6000061035156, 95%=-359.0, 98%=-347.57989501953125
ranking_best_algo: CMAL3
ranking_best_score: 435.36
ranking_my_rank: 138/504 (72.8%)
ranking_my_percent: 72.81746031746032
