ConfigName: krbf__advnormalizedfitness__M1__L8__eps0p025__g0p007__ds0p3__dm0p01
Problem: NK
Kernel: rbf
Advantage: normalizedfitness
M: 1
lambda: 8
epsilon_svgd: 0.025
gamma: 0.007
decay_start_ratio: 0.3
decay_min_factor: 0.01
bandwith_kernel: None
no_interact: False
avg_score: 0.7206001877784729
median_score: 0.7207262516021729
std_score: 0.0178972315043211
percentiles: 2%=0.6851745247840881, 5%=0.6906173825263977, 10%=0.6971777081489563, 25%=0.708166778087616, 50%=0.7207262516021729, 75%=0.7320306301116943, 90%=0.7436456680297852, 95%=0.7515445351600647, 98%=0.7563362717628479
ranking_best_algo: Tabu
ranking_best_score: 0.7601875690625
ranking_my_rank: 145/504 (71.4%)
ranking_my_percent: 71.42857142857143
