ConfigName: kjsd__advperagentrankweighted__M3__L16__eps0p007__g0p0007__ds0p1__dm0p05
Problem: QUBO
Kernel: jsd
Advantage: peragentrankweighted
M: 3
lambda: 16
epsilon_svgd: 0.007
gamma: 0.0007
decay_start_ratio: 0.1
decay_min_factor: 0.05
bandwith_kernel: None
no_interact: False
avg_score: -936.0999755859375
median_score: -937.0
std_score: 59.863590240478516
percentiles: 2%=-1063.1400146484375, 5%=-1021.4000244140625, 10%=-1013.0999755859375, 25%=-985.5, 50%=-937.0, 75%=-891.5, 90%=-862.7999877929688, 95%=-836.9000244140625, 98%=-826.7999877929688
ranking_best_algo: CMApara
ranking_best_score: 964.9
ranking_my_rank: 13/504 (97.6%)
ranking_my_percent: 97.61904761904762
