ConfigName: kjsd__advperagentrankweighted__M4__L12__eps0p03__g0p0003__ds0p05__dm0p05
Problem: QUBO
Kernel: jsd
Advantage: peragentrankweighted
M: 4
lambda: 12
epsilon_svgd: 0.03
gamma: 0.0003
decay_start_ratio: 0.05
decay_min_factor: 0.05
bandwith_kernel: None
no_interact: False
avg_score: -1121.780029296875
median_score: -1112.0
std_score: 57.941104888916016
percentiles: 2%=-1256.0799560546875, 5%=-1230.3499755859375, 10%=-1193.0, 25%=-1155.5, 50%=-1112.0, 75%=-1080.0, 90%=-1058.9000244140625, 95%=-1043.9000244140625, 98%=-1034.97998046875
ranking_best_algo: Tabu
ranking_best_score: 1216.16
ranking_my_rank: 165/504 (67.5%)
ranking_my_percent: 67.46031746031746
