ConfigName: krbf__advnormalizedfitness__M1__L8__eps0p033__g0p015__ds0p01__dm0p3
Problem: QUBO
Kernel: rbf
Advantage: normalizedfitness
M: 1
lambda: 8
epsilon_svgd: 0.033
gamma: 0.015
decay_start_ratio: 0.01
decay_min_factor: 0.3
bandwith_kernel: None
no_interact: False
avg_score: -881.47998046875
median_score: -876.0
std_score: 70.10384368896484
percentiles: 2%=-1032.3599853515625, 5%=-1002.0999755859375, 10%=-980.2999877929688, 25%=-935.5, 50%=-876.0, 75%=-836.25, 90%=-793.5999755859375, 95%=-776.6500244140625, 98%=-750.9400024414062
ranking_best_algo: CMAL3
ranking_best_score: 928.5800000000002
ranking_my_rank: 117/504 (77.0%)
ranking_my_percent: 76.98412698412699
