ConfigName: kfr__advglobalrankweighted__M6__L10__eps0p02__g0p007__ds0p01__dm0p01
Problem: QUBO
Kernel: fr
Advantage: globalrankweighted
M: 6
lambda: 10
epsilon_svgd: 0.02
gamma: 0.007
decay_start_ratio: 0.01
decay_min_factor: 0.01
bandwith_kernel: None
no_interact: False
avg_score: -2279.659912109375
median_score: -2265.0
std_score: 156.7575225830078
percentiles: 2%=-2613.419921875, 5%=-2567.85009765625, 10%=-2488.10009765625, 25%=-2380.5, 50%=-2265.0, 75%=-2185.5, 90%=-2110.0, 95%=-2028.35009765625, 98%=-1965.8199462890625
ranking_best_algo: DiscreteLengler2OnePlusOne
ranking_best_score: 2617.04
ranking_my_rank: 169/504 (66.7%)
ranking_my_percent: 66.66666666666667
