ConfigName: krbf__advnormalizedfitness__M3__L15__eps0p033__g0p007__ds0p01__dm0p01
Problem: QUBO
Kernel: rbf
Advantage: normalizedfitness
M: 3
lambda: 15
epsilon_svgd: 0.033
gamma: 0.007
decay_start_ratio: 0.01
decay_min_factor: 0.01
bandwith_kernel: None
no_interact: False
avg_score: -309.7200012207031
median_score: -311.0
std_score: 38.10934066772461
percentiles: 2%=-394.0400085449219, 5%=-380.20001220703125, 10%=-359.1999816894531, 25%=-332.0, 50%=-311.0, 75%=-275.0, 90%=-265.79998779296875, 95%=-259.9000244140625, 98%=-250.9399871826172
ranking_best_algo: CMApara
ranking_best_score: 319.29999999999995
ranking_my_rank: 69/504 (86.5%)
ranking_my_percent: 86.5079365079365
