ConfigName: kjsd__advperagentrankweighted__M3__L30__eps0p005__g0p0005__ds0p2__dm0p1
Problem: QUBO
Kernel: jsd
Advantage: peragentrankweighted
M: 3
lambda: 30
epsilon_svgd: 0.005
gamma: 0.0005
decay_start_ratio: 0.2
decay_min_factor: 0.1
bandwith_kernel: None
no_interact: False
avg_score: -580.719970703125
median_score: -580.5
std_score: 24.35819435119629
percentiles: 2%=-621.0599975585938, 5%=-616.0499877929688, 10%=-613.0, 25%=-601.0, 50%=-580.5, 75%=-564.5, 90%=-547.9000244140625, 95%=-542.7999877929688, 98%=-534.97998046875
ranking_best_algo: Tabu
ranking_best_score: 588.7199999999999
ranking_my_rank: 37/503 (92.8%)
ranking_my_percent: 92.84294234592446
