ConfigName: krbf__advnormalizedfitness__M4__L15__eps0p025__g0p005__ds0p15__dm0p01
Problem: NK
Kernel: rbf
Advantage: normalizedfitness
M: 4
lambda: 15
epsilon_svgd: 0.025
gamma: 0.005
decay_start_ratio: 0.15
decay_min_factor: 0.01
bandwith_kernel: None
no_interact: False
avg_score: 0.7544091939926147
median_score: 0.7536672353744507
std_score: 0.013808196410536766
percentiles: 2%=0.7290365099906921, 5%=0.7319747805595398, 10%=0.7362986207008362, 25%=0.7435788512229919, 50%=0.7536672353744507, 75%=0.7650672197341919, 90%=0.7740892767906189, 95%=0.7756828665733337, 98%=0.7762861847877502
ranking_best_algo: Tabu
ranking_best_score: 0.7470791764843752
ranking_my_rank: 1/504 (100.0%)
ranking_my_percent: 100.0
