ConfigName: kjsd__advperagentrankweighted__M4__L12__eps0p02__g0p0005__ds0p2__dm0p05
Problem: QUBO
Kernel: jsd
Advantage: peragentrankweighted
M: 4
lambda: 12
epsilon_svgd: 0.02
gamma: 0.0005
decay_start_ratio: 0.2
decay_min_factor: 0.05
bandwith_kernel: None
no_interact: False
avg_score: -1190.5
median_score: -1177.0
std_score: 69.13240814208984
percentiles: 2%=-1355.1600341796875, 5%=-1324.0, 10%=-1279.800048828125, 25%=-1228.75, 50%=-1177.0, 75%=-1138.5, 90%=-1105.800048828125, 95%=-1096.8499755859375, 98%=-1085.800048828125
ranking_best_algo: Tabu
ranking_best_score: 1216.16
ranking_my_rank: 55/504 (89.3%)
ranking_my_percent: 89.28571428571429
