ConfigName: krbf__advnormalizedfitness__M4__L8__eps0p025__g0p01__ds0p05__dm0p05
Problem: QUBO
Kernel: rbf
Advantage: normalizedfitness
M: 4
lambda: 8
epsilon_svgd: 0.025
gamma: 0.01
decay_start_ratio: 0.05
decay_min_factor: 0.05
bandwith_kernel: None
no_interact: False
avg_score: -2987.820068359375
median_score: -2992.5
std_score: 218.03762817382812
percentiles: 2%=-3400.4599609375, 5%=-3319.5, 10%=-3252.0, 25%=-3153.0, 50%=-2992.5, 75%=-2834.75, 90%=-2715.39990234375, 95%=-2624.39990234375, 98%=-2573.260009765625
ranking_best_algo: RLSOnePlusOne
ranking_best_score: 3316.5199999999995
ranking_my_rank: 131/504 (74.2%)
ranking_my_percent: 74.2063492063492
