ConfigName: kjsd__advperagentrankweighted__M3__L16__eps0p007__g0p003__ds0p2__dm0p05
Problem: QUBO
Kernel: jsd
Advantage: peragentrankweighted
M: 3
lambda: 16
epsilon_svgd: 0.007
gamma: 0.003
decay_start_ratio: 0.2
decay_min_factor: 0.05
bandwith_kernel: None
no_interact: False
avg_score: -929.1599731445312
median_score: -930.5
std_score: 66.46017456054688
percentiles: 2%=-1070.0799560546875, 5%=-1059.0, 10%=-1008.2999877929688, 25%=-970.25, 50%=-930.5, 75%=-877.75, 90%=-844.7999877929688, 95%=-818.5499877929688, 98%=-806.8800048828125
ranking_best_algo: CMApara
ranking_best_score: 964.9
ranking_my_rank: 20/504 (96.2%)
ranking_my_percent: 96.23015873015873
