ConfigName: kjsd__advperagentrankweighted__M3__L16__eps0p007__g0p0007__ds0p1__dm0p1
Problem: QUBO
Kernel: jsd
Advantage: peragentrankweighted
M: 3
lambda: 16
epsilon_svgd: 0.007
gamma: 0.0007
decay_start_ratio: 0.1
decay_min_factor: 0.1
bandwith_kernel: None
no_interact: False
avg_score: -326.8599853515625
median_score: -333.0
std_score: 23.652069091796875
percentiles: 2%=-372.0, 5%=-357.20001220703125, 10%=-350.3999938964844, 25%=-343.0, 50%=-333.0, 75%=-313.5, 90%=-292.0, 95%=-285.79998779296875, 98%=-281.6400146484375
ranking_best_algo: CMApara
ranking_best_score: 344.22
ranking_my_rank: 111/504 (78.2%)
ranking_my_percent: 78.17460317460318
