ConfigName: kfr__advglobalrankweighted__M1__L7__eps0p01__g0p005__ds0p01__dm0p01
Problem: QUBO
Kernel: fr
Advantage: globalrankweighted
M: 1
lambda: 7
epsilon_svgd: 0.01
gamma: 0.005
decay_start_ratio: 0.01
decay_min_factor: 0.01
bandwith_kernel: None
no_interact: False
avg_score: -143.10000610351562
median_score: -142.5
std_score: 14.768548011779785
percentiles: 2%=-179.0, 5%=-179.0, 10%=-158.0, 25%=-151.25, 50%=-142.5, 75%=-134.0, 90%=-123.0, 95%=-120.95000457763672, 98%=-113.95999145507812
ranking_best_algo: CMApara
ranking_best_score: 154.28
ranking_my_rank: 214/504 (57.7%)
ranking_my_percent: 57.73809523809524
