ConfigName: kjsd__advperagentrankweighted__M4__L30__eps0p01__g0p0007__ds0p05__dm0p05
Problem: QUBO
Kernel: jsd
Advantage: peragentrankweighted
M: 4
lambda: 30
epsilon_svgd: 0.01
gamma: 0.0007
decay_start_ratio: 0.05
decay_min_factor: 0.05
bandwith_kernel: None
no_interact: False
avg_score: -582.0999755859375
median_score: -580.0
std_score: 23.15750503540039
percentiles: 2%=-629.1199951171875, 5%=-621.0499877929688, 10%=-615.0999755859375, 25%=-598.25, 50%=-580.0, 75%=-563.75, 90%=-555.9000244140625, 95%=-546.9000244140625, 98%=-540.8800048828125
ranking_best_algo: Tabu
ranking_best_score: 588.7199999999999
ranking_my_rank: 34/503 (93.4%)
ranking_my_percent: 93.43936381709742
