ConfigName: kjsd__advperagentrankweighted__M5__L10__eps0p005__g0p003__ds0p4__dm0p05
Problem: QUBO
Kernel: jsd
Advantage: peragentrankweighted
M: 5
lambda: 10
epsilon_svgd: 0.005
gamma: 0.003
decay_start_ratio: 0.4
decay_min_factor: 0.05
bandwith_kernel: None
no_interact: False
avg_score: -1798.4000244140625
median_score: -1790.0
std_score: 150.7831573486328
percentiles: 2%=-2101.8798828125, 5%=-2055.35009765625, 10%=-1974.4000244140625, 25%=-1910.5, 50%=-1790.0, 75%=-1703.0, 90%=-1596.300048828125, 95%=-1553.699951171875, 98%=-1545.9599609375
ranking_best_algo: SVM1MetaModelLogNormal
ranking_best_score: 2605.14
ranking_my_rank: 321/504 (36.5%)
ranking_my_percent: 36.507936507936506
