ConfigName: krbf__advnormalizedfitness__M2__L14__eps0p025__g0p007__ds0p15__dm0p01
Problem: QUBO
Kernel: rbf
Advantage: normalizedfitness
M: 2
lambda: 14
epsilon_svgd: 0.025
gamma: 0.007
decay_start_ratio: 0.15
decay_min_factor: 0.01
bandwith_kernel: None
no_interact: False
avg_score: -410.6199951171875
median_score: -413.0
std_score: 27.380569458007812
percentiles: 2%=-453.1199951171875, 5%=-452.0, 10%=-450.1000061035156, 25%=-431.0, 50%=-413.0, 75%=-390.0, 90%=-380.0, 95%=-360.0, 98%=-346.8599853515625
ranking_best_algo: Tabu
ranking_best_score: 438.12
ranking_my_rank: 86/504 (83.1%)
ranking_my_percent: 83.13492063492063
