ConfigName: krbf__advnormalizedfitness__M2__L11__eps0p01__g0p007__ds0p01__dm0p01
Problem: QUBO
Kernel: rbf
Advantage: normalizedfitness
M: 2
lambda: 11
epsilon_svgd: 0.01
gamma: 0.007
decay_start_ratio: 0.01
decay_min_factor: 0.01
bandwith_kernel: None
no_interact: False
avg_score: -2566.419921875
median_score: -2565.5
std_score: 136.323974609375
percentiles: 2%=-2820.5, 5%=-2791.050048828125, 10%=-2747.10009765625, 25%=-2659.0, 50%=-2565.5, 75%=-2479.75, 90%=-2392.800048828125, 95%=-2359.199951171875, 98%=-2330.0
ranking_best_algo: SVM1MetaModelLogNormal
ranking_best_score: 2605.14
ranking_my_rank: 15/504 (97.2%)
ranking_my_percent: 97.22222222222223
