ConfigName: kjsd__advperagentrankweighted__M5__L8__eps0p01__g0p003__ds0p4__dm0p05
Problem: QUBO
Kernel: jsd
Advantage: peragentrankweighted
M: 5
lambda: 8
epsilon_svgd: 0.01
gamma: 0.003
decay_start_ratio: 0.4
decay_min_factor: 0.05
bandwith_kernel: None
no_interact: False
avg_score: -1179.4599609375
median_score: -1180.0
std_score: 60.022403717041016
percentiles: 2%=-1339.239990234375, 5%=-1291.4000244140625, 10%=-1243.5999755859375, 25%=-1209.0, 50%=-1180.0, 75%=-1139.75, 90%=-1106.800048828125, 95%=-1083.8499755859375, 98%=-1077.97998046875
ranking_best_algo: Tabu
ranking_best_score: 1216.16
ranking_my_rank: 70/504 (86.3%)
ranking_my_percent: 86.30952380952381
