ConfigName: kfr__advglobalrankweighted__M4__L24__eps0p01__g0p007__ds0p01__dm0p01
Problem: QUBO
Kernel: fr
Advantage: globalrankweighted
M: 4
lambda: 24
epsilon_svgd: 0.01
gamma: 0.007
decay_start_ratio: 0.01
decay_min_factor: 0.01
bandwith_kernel: None
no_interact: False
avg_score: -366.6400146484375
median_score: -363.0
std_score: 29.692262649536133
percentiles: 2%=-419.3599853515625, 5%=-409.20001220703125, 10%=-405.0, 25%=-388.25, 50%=-363.0, 75%=-344.0, 90%=-330.8999938964844, 95%=-323.95001220703125, 98%=-314.9200134277344
ranking_best_algo: CMAL3
ranking_best_score: 435.36
ranking_my_rank: 320/504 (36.7%)
ranking_my_percent: 36.70634920634921
