ConfigName: kjsd__advperagentrankweighted__M5__L24__eps0p02__g0p0005__ds0p2__dm0p05
Problem: QUBO
Kernel: jsd
Advantage: peragentrankweighted
M: 5
lambda: 24
epsilon_svgd: 0.02
gamma: 0.0005
decay_start_ratio: 0.2
decay_min_factor: 0.05
bandwith_kernel: None
no_interact: False
avg_score: -1633.739990234375
median_score: -1632.0
std_score: 55.89448165893555
percentiles: 2%=-1744.1600341796875, 5%=-1733.050048828125, 10%=-1696.4000244140625, 25%=-1671.0, 50%=-1632.0, 75%=-1594.5, 90%=-1557.699951171875, 95%=-1549.75, 98%=-1539.0
ranking_best_algo: NLOPT_LN_PRAXIS
ranking_best_score: 1607.12
ranking_my_rank: 1/504 (100.0%)
ranking_my_percent: 100.0
