ConfigName: kjsd__advperagentrankweighted__M3__L18__eps0p01__g0p003__ds0p2__dm0p05
Problem: QUBO
Kernel: jsd
Advantage: peragentrankweighted
M: 3
lambda: 18
epsilon_svgd: 0.01
gamma: 0.003
decay_start_ratio: 0.2
decay_min_factor: 0.05
bandwith_kernel: None
no_interact: False
avg_score: -2503.8798828125
median_score: -2478.5
std_score: 124.1305160522461
percentiles: 2%=-2753.39990234375, 5%=-2714.199951171875, 10%=-2678.0, 25%=-2600.0, 50%=-2478.5, 75%=-2408.5, 90%=-2358.199951171875, 95%=-2332.0, 98%=-2283.280029296875
ranking_best_algo: SVM1MetaModelLogNormal
ranking_best_score: 2605.14
ranking_my_rank: 63/504 (87.7%)
ranking_my_percent: 87.6984126984127
