ConfigName: krbf__advnormalizedfitness__M3__L8__eps0p033__g0p005__ds0p15__dm0p01
Problem: NK
Kernel: rbf
Advantage: normalizedfitness
M: 3
lambda: 8
epsilon_svgd: 0.033
gamma: 0.005
decay_start_ratio: 0.15
decay_min_factor: 0.01
bandwith_kernel: None
no_interact: False
avg_score: 0.7347475290298462
median_score: 0.7365779280662537
std_score: 0.009857202880084515
percentiles: 2%=0.7144680619239807, 5%=0.717506468296051, 10%=0.7216494083404541, 25%=0.7277058959007263, 50%=0.7365779280662537, 75%=0.7407528162002563, 90%=0.7453432083129883, 95%=0.7502741813659668, 98%=0.7542709112167358
ranking_best_algo: PBIL
ranking_best_score: 0.730509098125
ranking_my_rank: 1/504 (100.0%)
ranking_my_percent: 100.0
