ConfigName: krbf__advnormalizedfitness__M2__L9__eps0p02__g0p003__ds0p01__dm0p01
Problem: QUBO
Kernel: rbf
Advantage: normalizedfitness
M: 2
lambda: 9
epsilon_svgd: 0.02
gamma: 0.003
decay_start_ratio: 0.01
decay_min_factor: 0.01
bandwith_kernel: None
no_interact: False
avg_score: -2553.800048828125
median_score: -2537.0
std_score: 126.66239166259766
percentiles: 2%=-2838.239990234375, 5%=-2755.35009765625, 10%=-2727.5, 25%=-2635.25, 50%=-2537.0, 75%=-2465.0, 90%=-2394.89990234375, 95%=-2373.89990234375, 98%=-2339.139892578125
ranking_best_algo: DiscreteLengler2OnePlusOne
ranking_best_score: 2617.04
ranking_my_rank: 55/504 (89.3%)
ranking_my_percent: 89.28571428571429
