ConfigName: krbf__advnormalizedfitness__M1__L8__eps0p033__g0p01__ds0p15__dm0p3
Problem: QUBO
Kernel: rbf
Advantage: normalizedfitness
M: 1
lambda: 8
epsilon_svgd: 0.033
gamma: 0.01
decay_start_ratio: 0.15
decay_min_factor: 0.3
bandwith_kernel: None
no_interact: False
avg_score: -3205.820068359375
median_score: -3200.0
std_score: 205.511962890625
percentiles: 2%=-3453.199951171875, 5%=-3438.10009765625, 10%=-3409.300048828125, 25%=-3314.75, 50%=-3200.0, 75%=-3127.75, 90%=-3065.0, 95%=-3046.89990234375, 98%=-2967.9599609375
ranking_best_algo: RLSOnePlusOne
ranking_best_score: 3316.5199999999995
ranking_my_rank: 53/504 (89.7%)
ranking_my_percent: 89.68253968253968
