ConfigName: kjsd__advperagentrankweighted__M2__L20__eps0p005__g0p0005__ds0p05__dm0p1
Problem: QUBO
Kernel: jsd
Advantage: peragentrankweighted
M: 2
lambda: 20
epsilon_svgd: 0.005
gamma: 0.0005
decay_start_ratio: 0.05
decay_min_factor: 0.1
bandwith_kernel: None
no_interact: False
avg_score: -1240.6400146484375
median_score: -1232.5
std_score: 63.77217483520508
percentiles: 2%=-1383.260009765625, 5%=-1351.050048828125, 10%=-1337.0999755859375, 25%=-1276.75, 50%=-1232.5, 75%=-1199.0, 90%=-1174.800048828125, 95%=-1150.3499755859375, 98%=-1122.8399658203125
ranking_best_algo: SVMMetaModelLogNormal
ranking_best_score: 1233.7999999999997
ranking_my_rank: 1/504 (100.0%)
ranking_my_percent: 100.0
