ConfigName: krbf__advnormalizedfitness__M3__L8__eps0p03__g0p005__ds0p05__dm0p05
Problem: QUBO
Kernel: rbf
Advantage: normalizedfitness
M: 3
lambda: 8
epsilon_svgd: 0.03
gamma: 0.005
decay_start_ratio: 0.05
decay_min_factor: 0.05
bandwith_kernel: None
no_interact: False
avg_score: -919.9600219726562
median_score: -920.0
std_score: 65.80591583251953
percentiles: 2%=-1044.3800048828125, 5%=-1032.0999755859375, 10%=-1010.5, 25%=-960.5, 50%=-920.0, 75%=-878.25, 90%=-825.0, 95%=-816.2999877929688, 98%=-795.8200073242188
ranking_best_algo: CMApara
ranking_best_score: 964.9
ranking_my_rank: 61/504 (88.1%)
ranking_my_percent: 88.0952380952381
