Problem: QUBO
Kernel: rbf
Advantage: peragentrankweighted
M: 1
lambda: 7
epsilon_svgd: 0.3
gamma: 5e-05
bandwith_kernel: None
no_interact: True
avg_score: -1118.43994140625
median_score: -1104.0
std_score: 68.78071594238281
percentiles: 2%=-1248.260009765625, 5%=-1236.1500244140625, 10%=-1222.0, 25%=-1170.75, 50%=-1104.0, 75%=-1072.0, 90%=-1033.0, 95%=-1013.0, 98%=-1000.9599609375
ranking_best_algo: PPO-EDA
ranking_best_score: 1304.1
ranking_my_rank: 109/505 (78.6%)
