ConfigName: krbf__advnormalizedfitness__M2__L9__eps0p015__g0p005__ds0p01__dm0p01
Problem: QUBO
Kernel: rbf
Advantage: normalizedfitness
M: 2
lambda: 9
epsilon_svgd: 0.015
gamma: 0.005
decay_start_ratio: 0.01
decay_min_factor: 0.01
bandwith_kernel: None
no_interact: False
avg_score: -1186.0999755859375
median_score: -1178.5
std_score: 66.3452377319336
percentiles: 2%=-1349.3199462890625, 5%=-1299.5, 10%=-1276.0999755859375, 25%=-1222.5, 50%=-1178.5, 75%=-1141.5, 90%=-1116.4000244140625, 95%=-1093.550048828125, 98%=-1070.0
ranking_best_algo: Tabu
ranking_best_score: 1216.16
ranking_my_rank: 64/504 (87.5%)
ranking_my_percent: 87.5
