ConfigName: krbf__advnormalizedfitness__M4__L8__eps0p02__g0p005__ds0p15__dm0p05
Problem: NK
Kernel: rbf
Advantage: normalizedfitness
M: 4
lambda: 8
epsilon_svgd: 0.02
gamma: 0.005
decay_start_ratio: 0.15
decay_min_factor: 0.05
bandwith_kernel: None
no_interact: False
avg_score: 0.7389280200004578
median_score: 0.7386029958724976
std_score: 0.012114530429244041
percentiles: 2%=0.7150436043739319, 5%=0.7197645306587219, 10%=0.7229788899421692, 25%=0.7301393747329712, 50%=0.7386029958724976, 75%=0.7489965558052063, 90%=0.7544974088668823, 95%=0.7584431171417236, 98%=0.7611275911331177
ranking_best_algo: PBIL
ranking_best_score: 0.733570253046875
ranking_my_rank: 1/504 (100.0%)
ranking_my_percent: 100.0
