ConfigName: kjsd__advperagentrankweighted__M3__L16__eps0p01__g0p0007__ds0p2__dm0p05
Problem: QUBO
Kernel: jsd
Advantage: peragentrankweighted
M: 3
lambda: 16
epsilon_svgd: 0.01
gamma: 0.0007
decay_start_ratio: 0.2
decay_min_factor: 0.05
bandwith_kernel: None
no_interact: False
avg_score: -3309.179931640625
median_score: -3309.0
std_score: 116.56332397460938
percentiles: 2%=-3546.52001953125, 5%=-3487.550048828125, 10%=-3466.5, 25%=-3387.25, 50%=-3309.0, 75%=-3229.75, 90%=-3154.800048828125, 95%=-3145.60009765625, 98%=-3105.260009765625
ranking_best_algo: RLSOnePlusOne
ranking_best_score: 3316.5199999999995
ranking_my_rank: 2/504 (99.8%)
ranking_my_percent: 99.8015873015873
