ConfigName: krbf__advnormalizedfitness__M3__L12__eps0p033__g0p007__ds0p3__dm0p3
Problem: QUBO
Kernel: rbf
Advantage: normalizedfitness
M: 3
lambda: 12
epsilon_svgd: 0.033
gamma: 0.007
decay_start_ratio: 0.3
decay_min_factor: 0.3
bandwith_kernel: None
no_interact: False
avg_score: -308.44000244140625
median_score: -302.0
std_score: 40.18266677856445
percentiles: 2%=-398.0, 5%=-390.0, 10%=-362.3999938964844, 25%=-334.0, 50%=-302.0, 75%=-274.0, 90%=-268.0, 95%=-259.0, 98%=-245.95999145507812
ranking_best_algo: CMApara
ranking_best_score: 319.29999999999995
ranking_my_rank: 88/504 (82.7%)
ranking_my_percent: 82.73809523809524
