ConfigName: kjsd__advperagentrankweighted__M3__L16__eps0p005__g0p003__ds0p1__dm0p05
Problem: NK
Kernel: jsd
Advantage: peragentrankweighted
M: 3
lambda: 16
epsilon_svgd: 0.005
gamma: 0.003
decay_start_ratio: 0.1
decay_min_factor: 0.05
bandwith_kernel: None
no_interact: False
avg_score: 0.6923616528511047
median_score: 0.691611111164093
std_score: 0.02391575276851654
percentiles: 2%=0.6499595642089844, 5%=0.6556728482246399, 10%=0.6588876843452454, 25%=0.6741888523101807, 50%=0.691611111164093, 75%=0.7101462483406067, 90%=0.7222533822059631, 95%=0.7295082211494446, 98%=0.7378157377243042
ranking_best_algo: Tabu
ranking_best_score: 0.7429702712499999
ranking_my_rank: 239/504 (52.8%)
ranking_my_percent: 52.77777777777778
