ConfigName: kjsd__advperagentrankweighted__M4__L8__eps0p005__g0p0005__ds0p2__dm0p05
Problem: QUBO
Kernel: jsd
Advantage: peragentrankweighted
M: 4
lambda: 8
epsilon_svgd: 0.005
gamma: 0.0005
decay_start_ratio: 0.2
decay_min_factor: 0.05
bandwith_kernel: None
no_interact: False
avg_score: -1309.8199462890625
median_score: -1308.0
std_score: 55.99596405029297
percentiles: 2%=-1425.0799560546875, 5%=-1408.1500244140625, 10%=-1383.0999755859375, 25%=-1346.25, 50%=-1308.0, 75%=-1275.0, 90%=-1237.0, 95%=-1220.699951171875, 98%=-1190.97998046875
ranking_best_algo: BigLognormalDiscreteOnePlusOne
ranking_best_score: 1301.3600000000004
ranking_my_rank: 1/504 (100.0%)
ranking_my_percent: 100.0
