ConfigName: kjsd__advperagentrankweighted__M4__L30__eps0p005__g0p0007__ds0p2__dm0p05
Problem: QUBO
Kernel: jsd
Advantage: peragentrankweighted
M: 4
lambda: 30
epsilon_svgd: 0.005
gamma: 0.0007
decay_start_ratio: 0.2
decay_min_factor: 0.05
bandwith_kernel: None
no_interact: False
avg_score: -439.0
median_score: -440.0
std_score: 26.957002639770508
percentiles: 2%=-485.260009765625, 5%=-479.0, 10%=-471.1000061035156, 25%=-458.0, 50%=-440.0, 75%=-421.75, 90%=-400.70001220703125, 95%=-389.8999938964844, 98%=-376.94000244140625
ranking_best_algo: CMApara
ranking_best_score: 453.82
ranking_my_rank: 19/504 (96.4%)
ranking_my_percent: 96.42857142857143
