ConfigName: krbf__advnormalizedfitness__M3__L8__eps0p015__g0p01__ds0p3__dm0p01
Problem: QUBO
Kernel: rbf
Advantage: normalizedfitness
M: 3
lambda: 8
epsilon_svgd: 0.015
gamma: 0.01
decay_start_ratio: 0.3
decay_min_factor: 0.01
bandwith_kernel: None
no_interact: False
avg_score: -1172.5799560546875
median_score: -1167.5
std_score: 68.67811584472656
percentiles: 2%=-1343.239990234375, 5%=-1283.9000244140625, 10%=-1258.0, 25%=-1212.75, 50%=-1167.5, 75%=-1118.75, 90%=-1088.9000244140625, 95%=-1082.949951171875, 98%=-1057.97998046875
ranking_best_algo: Tabu
ranking_best_score: 1216.16
ranking_my_rank: 85/504 (83.3%)
ranking_my_percent: 83.33333333333333
