ConfigName: kjsd__advperagentrankweighted__M4__L12__eps0p005__g0p0003__ds0p05__dm0p05
Problem: NK
Kernel: jsd
Advantage: peragentrankweighted
M: 4
lambda: 12
epsilon_svgd: 0.005
gamma: 0.0003
decay_start_ratio: 0.05
decay_min_factor: 0.05
bandwith_kernel: None
no_interact: False
avg_score: 0.7454503774642944
median_score: 0.7456353902816772
std_score: 0.009674407541751862
percentiles: 2%=0.7251448631286621, 5%=0.728870689868927, 10%=0.73304682970047, 25%=0.7391278743743896, 50%=0.7456353902816772, 75%=0.7519716024398804, 90%=0.7573851346969604, 95%=0.759505033493042, 98%=0.7625796794891357
ranking_best_algo: PBIL
ranking_best_score: 0.733570253046875
ranking_my_rank: 1/504 (100.0%)
ranking_my_percent: 100.0
