ConfigName: kjsd__advperagentrankweighted__M5__L24__eps0p02__g0p0007__ds0p2__dm0p05
Problem: QUBO
Kernel: jsd
Advantage: peragentrankweighted
M: 5
lambda: 24
epsilon_svgd: 0.02
gamma: 0.0007
decay_start_ratio: 0.2
decay_min_factor: 0.05
bandwith_kernel: None
no_interact: False
avg_score: -1193.5999755859375
median_score: -1184.0
std_score: 57.02824020385742
percentiles: 2%=-1339.1600341796875, 5%=-1281.199951171875, 10%=-1273.5999755859375, 25%=-1229.25, 50%=-1184.0, 75%=-1156.0, 90%=-1129.5999755859375, 95%=-1110.949951171875, 98%=-1083.8399658203125
ranking_best_algo: Tabu
ranking_best_score: 1216.16
ranking_my_rank: 48/504 (90.7%)
ranking_my_percent: 90.67460317460318
