ConfigName: krbf__advnormalizedfitness__M3__L15__eps0p015__g0p01__ds0p3__dm0p01
Problem: QUBO
Kernel: rbf
Advantage: normalizedfitness
M: 3
lambda: 15
epsilon_svgd: 0.015
gamma: 0.01
decay_start_ratio: 0.3
decay_min_factor: 0.01
bandwith_kernel: None
no_interact: False
avg_score: -1068.02001953125
median_score: -1066.0
std_score: 84.60649871826172
percentiles: 2%=-1236.3399658203125, 5%=-1213.3499755859375, 10%=-1183.0999755859375, 25%=-1127.25, 50%=-1066.0, 75%=-1003.5, 90%=-965.0, 95%=-939.0, 98%=-928.9199829101562
ranking_best_algo: BigLognormalDiscreteOnePlusOne
ranking_best_score: 1301.3600000000004
ranking_my_rank: 213/504 (57.9%)
ranking_my_percent: 57.93650793650794
