ConfigName: kfr__advglobalrankweighted__M5__L9__eps0p015__g0p005__ds0p01__dm0p01
Problem: QUBO
Kernel: fr
Advantage: globalrankweighted
M: 5
lambda: 9
epsilon_svgd: 0.015
gamma: 0.005
decay_start_ratio: 0.01
decay_min_factor: 0.01
bandwith_kernel: None
no_interact: False
avg_score: -426.3399963378906
median_score: -422.5
std_score: 27.6782283782959
percentiles: 2%=-481.0400085449219, 5%=-479.0, 10%=-466.1000061035156, 25%=-441.75, 50%=-422.5, 75%=-408.5, 90%=-395.8999938964844, 95%=-378.0, 98%=-371.8799743652344
ranking_best_algo: CMAL3
ranking_best_score: 435.36
ranking_my_rank: 23/504 (95.6%)
ranking_my_percent: 95.63492063492063
