ConfigName: krbf__advnormalizedfitness__M3__L12__eps0p025__g0p01__ds0p15__dm0p01
Problem: QUBO
Kernel: rbf
Advantage: normalizedfitness
M: 3
lambda: 12
epsilon_svgd: 0.025
gamma: 0.01
decay_start_ratio: 0.15
decay_min_factor: 0.01
bandwith_kernel: None
no_interact: False
avg_score: -311.9200134277344
median_score: -315.0
std_score: 39.46534729003906
percentiles: 2%=-394.0799865722656, 5%=-390.1000061035156, 10%=-360.1999816894531, 25%=-336.5, 50%=-315.0, 75%=-275.0, 90%=-267.0, 95%=-263.95001220703125, 98%=-262.77996826171875
ranking_best_algo: CMApara
ranking_best_score: 319.29999999999995
ranking_my_rank: 36/504 (93.1%)
ranking_my_percent: 93.05555555555556
