ConfigName: krbf__advnormalizedfitness__M4__L15__eps0p015__g0p005__ds0p3__dm0p3
Problem: QUBO
Kernel: rbf
Advantage: normalizedfitness
M: 4
lambda: 15
epsilon_svgd: 0.015
gamma: 0.005
decay_start_ratio: 0.3
decay_min_factor: 0.3
bandwith_kernel: None
no_interact: False
avg_score: -435.82000732421875
median_score: -438.0
std_score: 56.93546676635742
percentiles: 2%=-547.0599975585938, 5%=-543.0, 10%=-509.29998779296875, 25%=-475.25, 50%=-438.0, 75%=-403.75, 90%=-357.79998779296875, 95%=-339.60003662109375, 98%=-324.699951171875
ranking_best_algo: Tabu
ranking_best_score: 588.7199999999999
ranking_my_rank: 326/503 (35.4%)
ranking_my_percent: 35.387673956262425
