ConfigName: krbf__advnormalizedfitness__M3__L15__eps0p015__g0p005__ds0p15__dm0p01
Problem: NK
Kernel: rbf
Advantage: normalizedfitness
M: 3
lambda: 15
epsilon_svgd: 0.015
gamma: 0.005
decay_start_ratio: 0.15
decay_min_factor: 0.01
bandwith_kernel: None
no_interact: False
avg_score: 0.732646107673645
median_score: 0.734797477722168
std_score: 0.009306835941970348
percentiles: 2%=0.7122976183891296, 5%=0.7158469557762146, 10%=0.7189749479293823, 25%=0.7269663214683533, 50%=0.734797477722168, 75%=0.7393501400947571, 90%=0.7434869408607483, 95%=0.7451401948928833, 98%=0.7466691732406616
ranking_best_algo: PBIL
ranking_best_score: 0.7248786399609374
ranking_my_rank: 1/504 (100.0%)
ranking_my_percent: 100.0
