ConfigName: krbf__advnormalizedfitness__M4__L15__eps0p015__g0p015__ds0p01__dm0p01
Problem: QUBO
Kernel: rbf
Advantage: normalizedfitness
M: 4
lambda: 15
epsilon_svgd: 0.015
gamma: 0.015
decay_start_ratio: 0.01
decay_min_factor: 0.01
bandwith_kernel: None
no_interact: False
avg_score: -1397.43994140625
median_score: -1395.5
std_score: 157.31219482421875
percentiles: 2%=-1717.780029296875, 5%=-1631.800048828125, 10%=-1581.699951171875, 25%=-1515.0, 50%=-1395.5, 75%=-1280.75, 90%=-1195.5, 95%=-1146.75, 98%=-1111.43994140625
ranking_best_algo: SVM1MetaModelLogNormal
ranking_best_score: 2605.14
ranking_my_rank: 349/504 (31.0%)
ranking_my_percent: 30.952380952380953
