ConfigName: krbf__advnormalizedfitness__M3__L10__eps0p015__g0p007__ds0p3__dm0p01
Problem: QUBO
Kernel: rbf
Advantage: normalizedfitness
M: 3
lambda: 10
epsilon_svgd: 0.015
gamma: 0.007
decay_start_ratio: 0.3
decay_min_factor: 0.01
bandwith_kernel: None
no_interact: False
avg_score: -328.9599914550781
median_score: -335.5
std_score: 20.938920974731445
percentiles: 2%=-361.2200012207031, 5%=-350.0, 10%=-349.1000061035156, 25%=-343.0, 50%=-335.5, 75%=-314.75, 90%=-298.0, 95%=-289.70001220703125, 98%=-273.9599914550781
ranking_best_algo: CMApara
ranking_best_score: 344.22
ranking_my_rank: 83/504 (83.7%)
ranking_my_percent: 83.73015873015873
