ConfigName: kjsd__advperagentrankweighted__M10__L24__eps0p008__g0p0005__ds0p05__dm0p05
Problem: QUBO
Kernel: jsd
Advantage: peragentrankweighted
M: 10
lambda: 24
epsilon_svgd: 0.008
gamma: 0.0005
decay_start_ratio: 0.05
decay_min_factor: 0.05
bandwith_kernel: None
no_interact: False
avg_score: -1183.9200439453125
median_score: -1183.0
std_score: 122.68681335449219
percentiles: 2%=-1467.260009765625, 5%=-1425.050048828125, 10%=-1351.300048828125, 25%=-1260.0, 50%=-1183.0, 75%=-1101.75, 90%=-1043.9000244140625, 95%=-1024.0, 98%=-964.9600219726562
ranking_best_algo: NLOPT_LN_PRAXIS
ranking_best_score: 1607.12
ranking_my_rank: 274/504 (45.8%)
ranking_my_percent: 45.833333333333336
