ConfigName: kjsd__advperagentrankweighted__M4__L12__eps0p005__g0p0007__ds0p2__dm0p2
Problem: NK
Kernel: jsd
Advantage: peragentrankweighted
M: 4
lambda: 12
epsilon_svgd: 0.005
gamma: 0.0007
decay_start_ratio: 0.2
decay_min_factor: 0.2
bandwith_kernel: None
no_interact: False
avg_score: 0.7119464874267578
median_score: 0.70106041431427
std_score: 0.03134520724415779
percentiles: 2%=0.674249529838562, 5%=0.6751484870910645, 10%=0.6785765886306763, 25%=0.6843600273132324, 50%=0.70106041431427, 75%=0.7468891739845276, 90%=0.7532601356506348, 95%=0.7613165378570557, 98%=0.7613165378570557
ranking_best_algo: CMApara
ranking_best_score: 0.7118996098437498
ranking_my_rank: 1/504 (100.0%)
ranking_my_percent: 100.0
