ConfigName: kjsd__advperagentrankweighted__M3__L18__eps0p01__g0p0007__ds0p1__dm0p05
Problem: NK
Kernel: jsd
Advantage: peragentrankweighted
M: 3
lambda: 18
epsilon_svgd: 0.01
gamma: 0.0007
decay_start_ratio: 0.1
decay_min_factor: 0.05
bandwith_kernel: None
no_interact: False
avg_score: 0.7067426443099976
median_score: 0.7076514363288879
std_score: 0.011877425946295261
percentiles: 2%=0.6878703832626343, 5%=0.6896911859512329, 10%=0.6909197568893433, 25%=0.6952145099639893, 50%=0.7076514363288879, 75%=0.716943621635437, 90%=0.7208102345466614, 95%=0.723349928855896, 98%=0.7241044640541077
ranking_best_algo: PBIL
ranking_best_score: 0.7013553837109374
ranking_my_rank: 1/504 (100.0%)
ranking_my_percent: 100.0
