ConfigName: kfr__advglobalrankweighted__M4__L24__eps0p015__g0p005__ds0p01__dm0p01
Problem: QUBO
Kernel: fr
Advantage: globalrankweighted
M: 4
lambda: 24
epsilon_svgd: 0.015
gamma: 0.005
decay_start_ratio: 0.01
decay_min_factor: 0.01
bandwith_kernel: None
no_interact: False
avg_score: -1385.4200439453125
median_score: -1371.5
std_score: 78.24195861816406
percentiles: 2%=-1532.0, 5%=-1524.199951171875, 10%=-1501.199951171875, 25%=-1442.5, 50%=-1371.5, 75%=-1321.5, 90%=-1297.0, 95%=-1281.550048828125, 98%=-1250.599853515625
ranking_best_algo: NLOPT_LN_PRAXIS
ranking_best_score: 1607.12
ranking_my_rank: 158/504 (68.8%)
ranking_my_percent: 68.84920634920636
