ConfigName: kjsd__advperagentrankweighted__M3__L20__eps0p01__g0p0005__ds0p05__dm0p1
Problem: NK
Kernel: jsd
Advantage: peragentrankweighted
M: 3
lambda: 20
epsilon_svgd: 0.01
gamma: 0.0005
decay_start_ratio: 0.05
decay_min_factor: 0.1
bandwith_kernel: None
no_interact: False
avg_score: 0.7298934459686279
median_score: 0.7313261032104492
std_score: 0.008981193415820599
percentiles: 2%=0.7130023241043091, 5%=0.7136505842208862, 10%=0.7172192335128784, 25%=0.7232658863067627, 50%=0.7313261032104492, 75%=0.7357519268989563, 90%=0.7423357367515564, 95%=0.7441790699958801, 98%=0.746692955493927
ranking_best_algo: Tabu
ranking_best_score: 0.7429702712499999
ranking_my_rank: 2/504 (99.8%)
ranking_my_percent: 99.8015873015873
