ConfigName: kjsd__advperagentrankweighted__M4__L10__eps0p03__g0p0007__ds0p05__dm0p05
Problem: NK
Kernel: jsd
Advantage: peragentrankweighted
M: 4
lambda: 10
epsilon_svgd: 0.03
gamma: 0.0007
decay_start_ratio: 0.05
decay_min_factor: 0.05
bandwith_kernel: None
no_interact: False
avg_score: 0.7401455044746399
median_score: 0.7402873039245605
std_score: 0.012631615623831749
percentiles: 2%=0.718227207660675, 5%=0.722581148147583, 10%=0.7264781594276428, 25%=0.7311780452728271, 50%=0.7402873039245605, 75%=0.7463486194610596, 90%=0.756081759929657, 95%=0.760033905506134, 98%=0.7698734402656555
ranking_best_algo: Tabu
ranking_best_score: 0.7470791764843752
ranking_my_rank: 6/504 (99.0%)
ranking_my_percent: 99.0079365079365
