ConfigName: kjsd__advperagentrankweighted__M3__L18__eps0p007__g0p001__ds0p2__dm0p2
Problem: QUBO
Kernel: jsd
Advantage: peragentrankweighted
M: 3
lambda: 18
epsilon_svgd: 0.007
gamma: 0.001
decay_start_ratio: 0.2
decay_min_factor: 0.2
bandwith_kernel: None
no_interact: False
avg_score: -311.0
median_score: -317.0
std_score: 38.95946502685547
percentiles: 2%=-392.0799865722656, 5%=-386.0, 10%=-356.3999938964844, 25%=-333.0, 50%=-317.0, 75%=-275.0, 90%=-268.0, 95%=-261.70001220703125, 98%=-252.94000244140625
ranking_best_algo: CMApara
ranking_best_score: 319.29999999999995
ranking_my_rank: 40/504 (92.3%)
ranking_my_percent: 92.26190476190476
