ConfigName: kjsd__advperagentrankweighted__M4__L30__eps0p005__g0p0007__ds0p4__dm0p05
Problem: QUBO
Kernel: jsd
Advantage: peragentrankweighted
M: 4
lambda: 30
epsilon_svgd: 0.005
gamma: 0.0007
decay_start_ratio: 0.4
decay_min_factor: 0.05
bandwith_kernel: None
no_interact: False
avg_score: -1171.3199462890625
median_score: -1174.5
std_score: 62.0966796875
percentiles: 2%=-1321.8800048828125, 5%=-1278.3499755859375, 10%=-1237.5999755859375, 25%=-1202.25, 50%=-1174.5, 75%=-1127.5, 90%=-1097.699951171875, 95%=-1083.5999755859375, 98%=-1047.8599853515625
ranking_best_algo: Tabu
ranking_best_score: 1216.16
ranking_my_rank: 89/504 (82.5%)
ranking_my_percent: 82.53968253968254
