ConfigName: kjsd__advperagentrankweighted__M4__L30__eps0p01__g0p0007__ds0p4__dm0p05
Problem: NK
Kernel: jsd
Advantage: peragentrankweighted
M: 4
lambda: 30
epsilon_svgd: 0.01
gamma: 0.0007
decay_start_ratio: 0.4
decay_min_factor: 0.05
bandwith_kernel: None
no_interact: False
avg_score: 0.7357814311981201
median_score: 0.7382550239562988
std_score: 0.008992969989776611
percentiles: 2%=0.7169625759124756, 5%=0.7184596061706543, 10%=0.7196895480155945, 25%=0.7300072908401489, 50%=0.7382550239562988, 75%=0.7428441047668457, 90%=0.7449619770050049, 95%=0.7466980814933777, 98%=0.7483994960784912
ranking_best_algo: PBIL
ranking_best_score: 0.7248786399609374
ranking_my_rank: 1/504 (100.0%)
ranking_my_percent: 100.0
