ConfigName: krbf__advnormalizedfitness__M1__L8__eps0p025__g0p015__ds0p01__dm0p3
Problem: QUBO
Kernel: rbf
Advantage: normalizedfitness
M: 1
lambda: 8
epsilon_svgd: 0.025
gamma: 0.015
decay_start_ratio: 0.01
decay_min_factor: 0.3
bandwith_kernel: None
no_interact: False
avg_score: -411.82000732421875
median_score: -412.5
std_score: 31.02914047241211
percentiles: 2%=-467.0799865722656, 5%=-463.1000061035156, 10%=-453.3999938964844, 25%=-433.5, 50%=-412.5, 75%=-394.0, 90%=-371.6000061035156, 95%=-358.0, 98%=-345.7999572753906
ranking_best_algo: CMAL3
ranking_best_score: 435.36
ranking_my_rank: 163/504 (67.9%)
ranking_my_percent: 67.85714285714286
