ConfigName: kjsd__advperagentrankweighted__M4__L10__eps0p02__g0p0003__ds0p2__dm0p05
Problem: QUBO
Kernel: jsd
Advantage: peragentrankweighted
M: 4
lambda: 10
epsilon_svgd: 0.02
gamma: 0.0003
decay_start_ratio: 0.2
decay_min_factor: 0.05
bandwith_kernel: None
no_interact: False
avg_score: -136.75999450683594
median_score: -139.0
std_score: 11.645702362060547
percentiles: 2%=-158.02000427246094, 5%=-154.14999389648438, 10%=-149.10000610351562, 25%=-145.25, 50%=-139.0, 75%=-128.5, 90%=-120.80000305175781, 95%=-116.9000015258789, 98%=-112.91999816894531
ranking_best_algo: DiscreteDE
ranking_best_score: 143.4
ranking_my_rank: 206/504 (59.3%)
ranking_my_percent: 59.32539682539682
