ConfigName: krbf__advnormalizedfitness__M2__L8__eps0p015__g0p01__ds0p15__dm0p3
Problem: NK
Kernel: rbf
Advantage: normalizedfitness
M: 2
lambda: 8
epsilon_svgd: 0.015
gamma: 0.01
decay_start_ratio: 0.15
decay_min_factor: 0.3
bandwith_kernel: None
no_interact: False
avg_score: 0.7345444560050964
median_score: 0.7364706993103027
std_score: 0.008871180936694145
percentiles: 2%=0.7157042622566223, 5%=0.7174777388572693, 10%=0.7203140258789062, 25%=0.7298176288604736, 50%=0.7364706993103027, 75%=0.7406946420669556, 90%=0.7446230053901672, 95%=0.7461891174316406, 98%=0.7474474310874939
ranking_best_algo: PBIL
ranking_best_score: 0.7248786399609374
ranking_my_rank: 1/504 (100.0%)
ranking_my_percent: 100.0
