ConfigName: krbf__advnormalizedfitness__M1__L10__eps0p015__g0p01__ds0p01__dm0p01
Problem: QUBO
Kernel: rbf
Advantage: normalizedfitness
M: 1
lambda: 10
epsilon_svgd: 0.015
gamma: 0.01
decay_start_ratio: 0.01
decay_min_factor: 0.01
bandwith_kernel: None
no_interact: False
avg_score: -914.5599975585938
median_score: -903.5
std_score: 68.79553985595703
percentiles: 2%=-1074.0, 5%=-1048.050048828125, 10%=-1009.2000122070312, 25%=-956.0, 50%=-903.5, 75%=-863.0, 90%=-836.7999877929688, 95%=-806.9000244140625, 98%=-799.5399169921875
ranking_best_algo: CMApara
ranking_best_score: 964.9
ranking_my_rank: 73/504 (85.7%)
ranking_my_percent: 85.71428571428571
