ConfigName: krbf__advnormalizedfitness__M4__L8__eps0p015__g0p007__ds0p15__dm0p01
Problem: QUBO
Kernel: rbf
Advantage: normalizedfitness
M: 4
lambda: 8
epsilon_svgd: 0.015
gamma: 0.007
decay_start_ratio: 0.15
decay_min_factor: 0.01
bandwith_kernel: None
no_interact: False
avg_score: -139.83999633789062
median_score: -141.0
std_score: 12.179261207580566
percentiles: 2%=-159.0, 5%=-158.0, 10%=-156.0, 25%=-149.25, 50%=-141.0, 75%=-131.0, 90%=-124.80000305175781, 95%=-121.0, 98%=-112.95999145507812
ranking_best_algo: DiscreteDE
ranking_best_score: 143.4
ranking_my_rank: 81/504 (84.1%)
ranking_my_percent: 84.12698412698413
