ConfigName: krbf__advnormalizedfitness__M3__L12__eps0p015__g0p015__ds0p3__dm0p3
Problem: NK
Kernel: rbf
Advantage: normalizedfitness
M: 3
lambda: 12
epsilon_svgd: 0.015
gamma: 0.015
decay_start_ratio: 0.3
decay_min_factor: 0.3
bandwith_kernel: None
no_interact: False
avg_score: 0.6912484169006348
median_score: 0.6905168294906616
std_score: 0.010277912952005863
percentiles: 2%=0.6676054000854492, 5%=0.6711350679397583, 10%=0.6782394647598267, 25%=0.6860989332199097, 50%=0.6905168294906616, 75%=0.6986537575721741, 90%=0.7056715488433838, 95%=0.7069492936134338, 98%=0.7112184762954712
ranking_best_algo: PBIL
ranking_best_score: 0.730509098125
ranking_my_rank: 303/504 (40.1%)
ranking_my_percent: 40.07936507936508
