ConfigName: kjsd__advperagentrankweighted__M4__L24__eps0p01__g0p0007__ds0p4__dm0p05
Problem: NK
Kernel: jsd
Advantage: peragentrankweighted
M: 4
lambda: 24
epsilon_svgd: 0.01
gamma: 0.0007
decay_start_ratio: 0.4
decay_min_factor: 0.05
bandwith_kernel: None
no_interact: False
avg_score: 0.747793972492218
median_score: 0.7473538517951965
std_score: 0.009173820726573467
percentiles: 2%=0.7312499284744263, 5%=0.7342445254325867, 10%=0.7363561391830444, 25%=0.7406424283981323, 50%=0.7473538517951965, 75%=0.7550981044769287, 90%=0.759428858757019, 95%=0.7620064616203308, 98%=0.768406093120575
ranking_best_algo: PBIL
ranking_best_score: 0.733570253046875
ranking_my_rank: 1/504 (100.0%)
ranking_my_percent: 100.0
