ConfigName: krbf__advnormalizedfitness__M3__L12__eps0p015__g0p005__ds0p01__dm0p3
Problem: QUBO
Kernel: rbf
Advantage: normalizedfitness
M: 3
lambda: 12
epsilon_svgd: 0.015
gamma: 0.005
decay_start_ratio: 0.01
decay_min_factor: 0.3
bandwith_kernel: None
no_interact: False
avg_score: -1481.260009765625
median_score: -1498.0
std_score: 109.35498809814453
percentiles: 2%=-1658.06005859375, 5%=-1643.4000244140625, 10%=-1612.5, 25%=-1573.25, 50%=-1498.0, 75%=-1392.5, 90%=-1328.5999755859375, 95%=-1298.8499755859375, 98%=-1262.8800048828125
ranking_best_algo: NLOPT_LN_PRAXIS
ranking_best_score: 1607.12
ranking_my_rank: 83/504 (83.7%)
ranking_my_percent: 83.73015873015873
