ConfigName: krbf__advnormalizedfitness__M3__L8__eps0p025__g0p005__ds0p15__dm0p3
Problem: NK
Kernel: rbf
Advantage: normalizedfitness
M: 3
lambda: 8
epsilon_svgd: 0.025
gamma: 0.005
decay_start_ratio: 0.15
decay_min_factor: 0.3
bandwith_kernel: None
no_interact: False
avg_score: 0.7577298879623413
median_score: 0.7573856711387634
std_score: 0.012722672894597054
percentiles: 2%=0.7360920906066895, 5%=0.7399021983146667, 10%=0.7431254386901855, 25%=0.7495089173316956, 50%=0.7573856711387634, 75%=0.7660046815872192, 90%=0.7741945385932922, 95%=0.7787971496582031, 98%=0.7826125621795654
ranking_best_algo: Tabu
ranking_best_score: 0.7470791764843752
ranking_my_rank: 1/504 (100.0%)
ranking_my_percent: 100.0
