ConfigName: krbf__advnormalizedfitness__M3__L8__eps0p015__g0p007__ds0p01__dm0p3
Problem: QUBO
Kernel: rbf
Advantage: normalizedfitness
M: 3
lambda: 8
epsilon_svgd: 0.015
gamma: 0.007
decay_start_ratio: 0.01
decay_min_factor: 0.3
bandwith_kernel: None
no_interact: False
avg_score: -424.17999267578125
median_score: -422.5
std_score: 27.062288284301758
percentiles: 2%=-477.1199951171875, 5%=-469.20001220703125, 10%=-459.0, 25%=-441.75, 50%=-422.5, 75%=-407.0, 90%=-387.79998779296875, 95%=-376.8500061035156, 98%=-370.8399658203125
ranking_best_algo: CMAL3
ranking_best_score: 435.36
ranking_my_rank: 31/504 (94.0%)
ranking_my_percent: 94.04761904761905
