ConfigName: kjsd__advperagentrankweighted__M4__L8__eps0p03__g0p0005__ds0p2__dm0p05
Problem: QUBO
Kernel: jsd
Advantage: peragentrankweighted
M: 4
lambda: 8
epsilon_svgd: 0.03
gamma: 0.0005
decay_start_ratio: 0.2
decay_min_factor: 0.05
bandwith_kernel: None
no_interact: False
avg_score: -2490.320068359375
median_score: -2489.5
std_score: 127.68092346191406
percentiles: 2%=-2745.43994140625, 5%=-2721.85009765625, 10%=-2669.10009765625, 25%=-2570.5, 50%=-2489.5, 75%=-2388.5, 90%=-2346.300048828125, 95%=-2299.85009765625, 98%=-2287.199951171875
ranking_best_algo: SVM1MetaModelLogNormal
ranking_best_score: 2605.14
ranking_my_rank: 66/504 (87.1%)
ranking_my_percent: 87.10317460317461
