ConfigName: krbf__advnormalizedfitness__M4__L12__eps0p015__g0p015__ds0p3__dm0p3
Problem: QUBO
Kernel: rbf
Advantage: normalizedfitness
M: 4
lambda: 12
epsilon_svgd: 0.015
gamma: 0.015
decay_start_ratio: 0.3
decay_min_factor: 0.3
bandwith_kernel: None
no_interact: False
avg_score: -119.0999984741211
median_score: -119.0
std_score: 10.73452377319336
percentiles: 2%=-142.0, 5%=-138.0500030517578, 10%=-133.10000610351562, 25%=-125.5, 50%=-119.0, 75%=-112.5, 90%=-105.0, 95%=-102.0, 98%=-99.95999145507812
ranking_best_algo: DiscreteDE
ranking_best_score: 143.4
ranking_my_rank: 379/504 (25.0%)
ranking_my_percent: 25.0
