ConfigName: kjsd__advperagentrankweighted__M3__L30__eps0p005__g0p001__ds0p05__dm0p05
Problem: NK
Kernel: jsd
Advantage: peragentrankweighted
M: 3
lambda: 30
epsilon_svgd: 0.005
gamma: 0.001
decay_start_ratio: 0.05
decay_min_factor: 0.05
bandwith_kernel: None
no_interact: False
avg_score: 0.7106503844261169
median_score: 0.7116008996963501
std_score: 0.015442885458469391
percentiles: 2%=0.6723835468292236, 5%=0.6734104752540588, 10%=0.6976694464683533, 25%=0.7066116333007812, 50%=0.7116008996963501, 75%=0.7196757793426514, 90%=0.7255459427833557, 95%=0.7329330444335938, 98%=0.7344768047332764
ranking_best_algo: CMApara
ranking_best_score: 0.707475975
ranking_my_rank: 1/504 (100.0%)
ranking_my_percent: 100.0
