ConfigName: kjsd__advperagentrankweighted__M3__L18__eps0p007__g0p0005__ds0p05__dm0p1
Problem: QUBO
Kernel: jsd
Advantage: peragentrankweighted
M: 3
lambda: 18
epsilon_svgd: 0.007
gamma: 0.0005
decay_start_ratio: 0.05
decay_min_factor: 0.1
bandwith_kernel: None
no_interact: False
avg_score: -1630.239990234375
median_score: -1628.5
std_score: 58.757484436035156
percentiles: 2%=-1762.0400390625, 5%=-1729.699951171875, 10%=-1707.199951171875, 25%=-1671.0, 50%=-1628.5, 75%=-1583.75, 90%=-1553.5, 95%=-1543.949951171875, 98%=-1534.800048828125
ranking_best_algo: NLOPT_LN_PRAXIS
ranking_best_score: 1607.12
ranking_my_rank: 1/504 (100.0%)
ranking_my_percent: 100.0
