ConfigName: kjsd__advperagentrankweighted__M3__L16__eps0p005__g0p0007__ds0p1__dm0p2
Problem: QUBO
Kernel: jsd
Advantage: peragentrankweighted
M: 3
lambda: 16
epsilon_svgd: 0.005
gamma: 0.0007
decay_start_ratio: 0.1
decay_min_factor: 0.2
bandwith_kernel: None
no_interact: False
avg_score: -2589.340087890625
median_score: -2589.0
std_score: 130.78211975097656
percentiles: 2%=-2817.06005859375, 5%=-2798.39990234375, 10%=-2752.0, 25%=-2674.5, 50%=-2589.0, 75%=-2499.5, 90%=-2432.10009765625, 95%=-2389.949951171875, 98%=-2326.0
ranking_best_algo: SVM1MetaModelLogNormal
ranking_best_score: 2605.14
ranking_my_rank: 11/504 (98.0%)
ranking_my_percent: 98.01587301587301
