ConfigName: kfr__advglobalrankweighted__M1__L7__eps0p02__g0p005__ds0p01__dm0p01
Problem: QUBO
Kernel: fr
Advantage: globalrankweighted
M: 1
lambda: 7
epsilon_svgd: 0.02
gamma: 0.005
decay_start_ratio: 0.01
decay_min_factor: 0.01
bandwith_kernel: None
no_interact: False
avg_score: -404.7799987792969
median_score: -404.5
std_score: 33.21131896972656
percentiles: 2%=-469.1199951171875, 5%=-457.5, 10%=-447.29998779296875, 25%=-425.0, 50%=-404.5, 75%=-381.0, 90%=-366.5, 95%=-350.0, 98%=-328.9599914550781
ranking_best_algo: CMAL3
ranking_best_score: 435.36
ranking_my_rank: 220/504 (56.5%)
ranking_my_percent: 56.54761904761905
