ConfigName: krbf__advnormalizedfitness__M3__L8__eps0p03__g0p01__ds0p15__dm0p05
Problem: NK
Kernel: rbf
Advantage: normalizedfitness
M: 3
lambda: 8
epsilon_svgd: 0.03
gamma: 0.01
decay_start_ratio: 0.15
decay_min_factor: 0.05
bandwith_kernel: None
no_interact: False
avg_score: 0.7004063129425049
median_score: 0.6971122622489929
std_score: 0.015503441914916039
percentiles: 2%=0.6733085513114929, 5%=0.6778421401977539, 10%=0.6833357810974121, 25%=0.6892930269241333, 50%=0.6971122622489929, 75%=0.7102795839309692, 90%=0.7233359813690186, 95%=0.7281765937805176, 98%=0.7333794236183167
ranking_best_algo: PBIL
ranking_best_score: 0.7170882103515624
ranking_my_rank: 74/504 (85.5%)
ranking_my_percent: 85.51587301587301
