ConfigName: kjsd__advperagentrankweighted__M4__L20__eps0p005__g0p0005__ds0p2__dm0p1
Problem: NK
Kernel: jsd
Advantage: peragentrankweighted
M: 4
lambda: 20
epsilon_svgd: 0.005
gamma: 0.0005
decay_start_ratio: 0.2
decay_min_factor: 0.1
bandwith_kernel: None
no_interact: False
avg_score: 0.7105817198753357
median_score: 0.711310863494873
std_score: 0.015313256531953812
percentiles: 2%=0.6718463897705078, 5%=0.6726272106170654, 10%=0.69547438621521, 25%=0.7074097394943237, 50%=0.711310863494873, 75%=0.7198841571807861, 90%=0.7254353761672974, 95%=0.7323864698410034, 98%=0.7331445813179016
ranking_best_algo: CMApara
ranking_best_score: 0.707475975
ranking_my_rank: 1/504 (100.0%)
ranking_my_percent: 100.0
