ConfigName: kjsd__advperagentrankweighted__M4__L20__eps0p007__g0p0005__ds0p2__dm0p1
Problem: NK
Kernel: jsd
Advantage: peragentrankweighted
M: 4
lambda: 20
epsilon_svgd: 0.007
gamma: 0.0005
decay_start_ratio: 0.2
decay_min_factor: 0.1
bandwith_kernel: None
no_interact: False
avg_score: 0.7420496344566345
median_score: 0.7427396178245544
std_score: 0.01293875090777874
percentiles: 2%=0.7203248739242554, 5%=0.7223091721534729, 10%=0.7250832319259644, 25%=0.732343316078186, 50%=0.7427396178245544, 75%=0.7509779930114746, 90%=0.7582014203071594, 95%=0.7597494721412659, 98%=0.7684476971626282
ranking_best_algo: Tabu
ranking_best_score: 0.7601875690625
ranking_my_rank: 12/504 (97.8%)
ranking_my_percent: 97.81746031746032
