ConfigName: kjsd__advperagentrankweighted__M3__L18__eps0p01__g0p0005__ds0p1__dm0p05
Problem: QUBO
Kernel: jsd
Advantage: peragentrankweighted
M: 3
lambda: 18
epsilon_svgd: 0.01
gamma: 0.0005
decay_start_ratio: 0.1
decay_min_factor: 0.05
bandwith_kernel: None
no_interact: False
avg_score: -196.67999267578125
median_score: -199.0
std_score: 14.159717559814453
percentiles: 2%=-224.0, 5%=-220.10000610351562, 10%=-215.0, 25%=-206.0, 50%=-199.0, 75%=-187.0, 90%=-178.89999389648438, 95%=-171.0, 98%=-166.97999572753906
ranking_best_algo: Tabu
ranking_best_score: 208.36000000000004
ranking_my_rank: 171/504 (66.3%)
ranking_my_percent: 66.26984126984127
