ConfigName: kfr__advglobalrankweighted__M4__L12__eps0p01__g0p007__ds0p01__dm0p01
Problem: QUBO
Kernel: fr
Advantage: globalrankweighted
M: 4
lambda: 12
epsilon_svgd: 0.01
gamma: 0.007
decay_start_ratio: 0.01
decay_min_factor: 0.01
bandwith_kernel: None
no_interact: False
avg_score: -427.79998779296875
median_score: -431.5
std_score: 28.66705322265625
percentiles: 2%=-474.0799865722656, 5%=-469.1499938964844, 10%=-463.1000061035156, 25%=-451.0, 50%=-431.5, 75%=-403.0, 90%=-389.0, 95%=-383.95001220703125, 98%=-374.0
ranking_best_algo: CMApara
ranking_best_score: 453.82
ranking_my_rank: 100/504 (80.4%)
ranking_my_percent: 80.35714285714286
