ConfigName: kfr__advglobalrankweighted__M5__L11__eps0p01__g0p007__ds0p01__dm0p01
Problem: QUBO
Kernel: fr
Advantage: globalrankweighted
M: 5
lambda: 11
epsilon_svgd: 0.01
gamma: 0.007
decay_start_ratio: 0.01
decay_min_factor: 0.01
bandwith_kernel: None
no_interact: False
avg_score: -949.3200073242188
median_score: -958.0
std_score: 62.497982025146484
percentiles: 2%=-1082.260009765625, 5%=-1050.25, 10%=-1029.5999755859375, 25%=-985.25, 50%=-958.0, 75%=-909.5, 90%=-871.7000122070312, 95%=-849.0, 98%=-829.33984375
ranking_best_algo: SVMMetaModelLogNormal
ranking_best_score: 1233.7999999999997
ranking_my_rank: 291/504 (42.5%)
ranking_my_percent: 42.46031746031746
