ConfigName: kjsd__advperagentrankweighted__M8__L10__eps0p005__g0p0005__ds0p05__dm0p05
Problem: QUBO
Kernel: jsd
Advantage: peragentrankweighted
M: 8
lambda: 10
epsilon_svgd: 0.005
gamma: 0.0005
decay_start_ratio: 0.05
decay_min_factor: 0.05
bandwith_kernel: None
no_interact: False
avg_score: -941.6599731445312
median_score: -939.0
std_score: 58.86581802368164
percentiles: 2%=-1076.0, 5%=-1041.5999755859375, 10%=-1011.5999755859375, 25%=-978.5, 50%=-939.0, 75%=-902.5, 90%=-874.7000122070312, 95%=-842.7999877929688, 98%=-826.9600219726562
ranking_best_algo: CMApara
ranking_best_score: 964.9
ranking_my_rank: 5/504 (99.2%)
ranking_my_percent: 99.2063492063492
