ConfigName: krbf__advnormalizedfitness__M4__L10__eps0p025__g0p01__ds0p3__dm0p01
Problem: NK
Kernel: rbf
Advantage: normalizedfitness
M: 4
lambda: 10
epsilon_svgd: 0.025
gamma: 0.01
decay_start_ratio: 0.3
decay_min_factor: 0.01
bandwith_kernel: None
no_interact: False
avg_score: 0.7457755208015442
median_score: 0.7448951601982117
std_score: 0.015906324610114098
percentiles: 2%=0.7157763242721558, 5%=0.7192584276199341, 10%=0.7245124578475952, 25%=0.7342770099639893, 50%=0.7448951601982117, 75%=0.7583755254745483, 90%=0.7675031423568726, 95%=0.7702112197875977, 98%=0.7730869054794312
ranking_best_algo: Tabu
ranking_best_score: 0.7470791764843752
ranking_my_rank: 3/504 (99.6%)
ranking_my_percent: 99.60317460317461
