ConfigName: kjsd__advperagentrankweighted__M4__L20__eps0p005__g0p001__ds0p2__dm0p05
Problem: NK
Kernel: jsd
Advantage: peragentrankweighted
M: 4
lambda: 20
epsilon_svgd: 0.005
gamma: 0.001
decay_start_ratio: 0.2
decay_min_factor: 0.05
bandwith_kernel: None
no_interact: False
avg_score: 0.7110275030136108
median_score: 0.7115267515182495
std_score: 0.015265429392457008
percentiles: 2%=0.6723349094390869, 5%=0.6740919351577759, 10%=0.6973351836204529, 25%=0.7076181173324585, 50%=0.7115267515182495, 75%=0.7204093933105469, 90%=0.7254171371459961, 95%=0.7328012585639954, 98%=0.7339750528335571
ranking_best_algo: CMApara
ranking_best_score: 0.707475975
ranking_my_rank: 1/504 (100.0%)
ranking_my_percent: 100.0
