ConfigName: kfr__advglobalrankweighted__M1__L10__eps0p01__g0p003__ds0p01__dm0p01
Problem: QUBO
Kernel: fr
Advantage: globalrankweighted
M: 1
lambda: 10
epsilon_svgd: 0.01
gamma: 0.003
decay_start_ratio: 0.01
decay_min_factor: 0.01
bandwith_kernel: None
no_interact: False
avg_score: -1134.8199462890625
median_score: -1130.0
std_score: 69.7853012084961
percentiles: 2%=-1270.1800537109375, 5%=-1256.6500244140625, 10%=-1227.0, 25%=-1177.25, 50%=-1130.0, 75%=-1086.0, 90%=-1055.9000244140625, 95%=-1039.75, 98%=-994.9599609375
ranking_best_algo: Tabu
ranking_best_score: 1216.16
ranking_my_rank: 156/504 (69.2%)
ranking_my_percent: 69.24603174603175
