ConfigName: kjsd__advperagentrankweighted__M4__L10__eps0p01__g0p0005__ds0p05__dm0p05
Problem: QUBO
Kernel: jsd
Advantage: peragentrankweighted
M: 4
lambda: 10
epsilon_svgd: 0.01
gamma: 0.0005
decay_start_ratio: 0.05
decay_min_factor: 0.05
bandwith_kernel: None
no_interact: False
avg_score: -1617.0400390625
median_score: -1613.0
std_score: 64.7377700805664
percentiles: 2%=-1743.02001953125, 5%=-1721.1500244140625, 10%=-1706.199951171875, 25%=-1662.75, 50%=-1613.0, 75%=-1575.5, 90%=-1528.699951171875, 95%=-1516.800048828125, 98%=-1495.780029296875
ranking_best_algo: NLOPT_LN_PRAXIS
ranking_best_score: 1607.12
ranking_my_rank: 1/504 (100.0%)
ranking_my_percent: 100.0
