ConfigName: kjsd__advperagentrankweighted__M3__L18__eps0p005__g0p0007__ds0p1__dm0p2
Problem: NK
Kernel: jsd
Advantage: peragentrankweighted
M: 3
lambda: 18
epsilon_svgd: 0.005
gamma: 0.0007
decay_start_ratio: 0.1
decay_min_factor: 0.2
bandwith_kernel: None
no_interact: False
avg_score: 0.7470458745956421
median_score: 0.7466879487037659
std_score: 0.008075490593910217
percentiles: 2%=0.731329619884491, 5%=0.735519289970398, 10%=0.7369256019592285, 25%=0.7417832612991333, 50%=0.7466879487037659, 75%=0.7519197463989258, 90%=0.7564085721969604, 95%=0.7605332732200623, 98%=0.7637401819229126
ranking_best_algo: PBIL
ranking_best_score: 0.733570253046875
ranking_my_rank: 1/504 (100.0%)
ranking_my_percent: 100.0
