ConfigName: krbf__advnormalizedfitness__M2__L8__eps0p033__g0p005__ds0p15__dm0p3
Problem: QUBO
Kernel: rbf
Advantage: normalizedfitness
M: 2
lambda: 8
epsilon_svgd: 0.033
gamma: 0.005
decay_start_ratio: 0.15
decay_min_factor: 0.3
bandwith_kernel: None
no_interact: False
avg_score: -2527.56005859375
median_score: -2520.5
std_score: 134.11117553710938
percentiles: 2%=-2782.360107421875, 5%=-2755.85009765625, 10%=-2711.0, 25%=-2631.75, 50%=-2520.5, 75%=-2416.5, 90%=-2363.89990234375, 95%=-2331.550048828125, 98%=-2287.639892578125
ranking_best_algo: SVM1MetaModelLogNormal
ranking_best_score: 2605.14
ranking_my_rank: 53/504 (89.7%)
ranking_my_percent: 89.68253968253968
