ConfigName: kfr__advglobalrankweighted__M3__L10__eps0p01__g0p005__ds0p01__dm0p01
Problem: QUBO
Kernel: fr
Advantage: globalrankweighted
M: 3
lambda: 10
epsilon_svgd: 0.01
gamma: 0.005
decay_start_ratio: 0.01
decay_min_factor: 0.01
bandwith_kernel: None
no_interact: False
avg_score: -3256.840087890625
median_score: -3252.5
std_score: 125.20437622070312
percentiles: 2%=-3514.340087890625, 5%=-3465.199951171875, 10%=-3414.199951171875, 25%=-3334.75, 50%=-3252.5, 75%=-3187.75, 90%=-3088.5, 95%=-3042.85009765625, 98%=-3021.699951171875
ranking_best_algo: RLSOnePlusOne
ranking_best_score: 3316.5199999999995
ranking_my_rank: 40/504 (92.3%)
ranking_my_percent: 92.26190476190476
