ConfigName: kfr__advglobalrankweighted__M2__L10__eps0p015__g0p007__ds0p01__dm0p01
Problem: QUBO
Kernel: fr
Advantage: globalrankweighted
M: 2
lambda: 10
epsilon_svgd: 0.015
gamma: 0.007
decay_start_ratio: 0.01
decay_min_factor: 0.01
bandwith_kernel: None
no_interact: False
avg_score: -897.9600219726562
median_score: -897.0
std_score: 59.60518264770508
percentiles: 2%=-1008.1599731445312, 5%=-1001.0499877929688, 10%=-977.2000122070312, 25%=-938.25, 50%=-897.0, 75%=-856.0, 90%=-817.0, 95%=-810.9000244140625, 98%=-799.5599365234375
ranking_best_algo: CMAL3
ranking_best_score: 928.5800000000002
ranking_my_rank: 75/504 (85.3%)
ranking_my_percent: 85.31746031746032
