ConfigName: krbf__advnormalizedfitness__M3__L12__eps0p015__g0p015__ds0p01__dm0p3
Problem: QUBO
Kernel: rbf
Advantage: normalizedfitness
M: 3
lambda: 12
epsilon_svgd: 0.015
gamma: 0.015
decay_start_ratio: 0.01
decay_min_factor: 0.3
bandwith_kernel: None
no_interact: False
avg_score: -274.1400146484375
median_score: -268.0
std_score: 41.067996978759766
percentiles: 2%=-372.0400085449219, 5%=-362.0, 10%=-328.3999938964844, 25%=-302.0, 50%=-268.0, 75%=-240.0, 90%=-228.8000030517578, 95%=-218.90000915527344, 98%=-213.97999572753906
ranking_best_algo: CMApara
ranking_best_score: 319.29999999999995
ranking_my_rank: 322/504 (36.3%)
ranking_my_percent: 36.30952380952381
