ConfigName: kjsd__advperagentrankweighted__M4__L30__eps0p01__g0p0007__ds0p2__dm0p05
Problem: NK
Kernel: jsd
Advantage: peragentrankweighted
M: 4
lambda: 30
epsilon_svgd: 0.01
gamma: 0.0007
decay_start_ratio: 0.2
decay_min_factor: 0.05
bandwith_kernel: None
no_interact: False
avg_score: 0.7542629837989807
median_score: 0.7545365691184998
std_score: 0.013888559304177761
percentiles: 2%=0.7243003249168396, 5%=0.7323879599571228, 10%=0.73516845703125, 25%=0.7465261816978455, 50%=0.7545365691184998, 75%=0.7640753984451294, 90%=0.7716367840766907, 95%=0.7760533690452576, 98%=0.779553234577179
ranking_best_algo: Tabu
ranking_best_score: 0.7657846284375001
ranking_my_rank: 7/504 (98.8%)
ranking_my_percent: 98.80952380952381
