ConfigName: krbf__advnormalizedfitness__M1__L10__eps0p015__g0p005__ds0p15__dm0p3
Problem: QUBO
Kernel: rbf
Advantage: normalizedfitness
M: 1
lambda: 10
epsilon_svgd: 0.015
gamma: 0.005
decay_start_ratio: 0.15
decay_min_factor: 0.3
bandwith_kernel: None
no_interact: False
avg_score: -316.0799865722656
median_score: -315.0
std_score: 26.296648025512695
percentiles: 2%=-372.0, 5%=-354.1499938964844, 10%=-346.29998779296875, 25%=-337.25, 50%=-315.0, 75%=-296.0, 90%=-280.0, 95%=-274.0, 98%=-259.91998291015625
ranking_best_algo: CMApara
ranking_best_score: 344.22
ranking_my_rank: 196/504 (61.3%)
ranking_my_percent: 61.30952380952381
