ConfigName: krbf__advnormalizedfitness__M4__L12__eps0p015__g0p005__ds0p15__dm0p01
Problem: NK
Kernel: rbf
Advantage: normalizedfitness
M: 4
lambda: 12
epsilon_svgd: 0.015
gamma: 0.005
decay_start_ratio: 0.15
decay_min_factor: 0.01
bandwith_kernel: None
no_interact: False
avg_score: 0.7451804876327515
median_score: 0.7423140406608582
std_score: 0.027401817962527275
percentiles: 2%=0.7057571411132812, 5%=0.7073189616203308, 10%=0.7088968753814697, 25%=0.7254928946495056, 50%=0.7423140406608582, 75%=0.758034348487854, 90%=0.778337299823761, 95%=0.8044298887252808, 98%=0.8044407367706299
ranking_best_algo: CMApara
ranking_best_score: 0.7459277895312499
ranking_my_rank: 2/504 (99.8%)
ranking_my_percent: 99.8015873015873
