ConfigName: kjsd__advperagentrankweighted__M4__L20__eps0p005__g0p001__ds0p1__dm0p2
Problem: QUBO
Kernel: jsd
Advantage: peragentrankweighted
M: 4
lambda: 20
epsilon_svgd: 0.005
gamma: 0.001
decay_start_ratio: 0.1
decay_min_factor: 0.2
bandwith_kernel: None
no_interact: False
avg_score: -2465.1201171875
median_score: -2443.0
std_score: 150.26173400878906
percentiles: 2%=-2744.739990234375, 5%=-2687.199951171875, 10%=-2659.0, 25%=-2581.0, 50%=-2443.0, 75%=-2358.75, 90%=-2278.0, 95%=-2234.199951171875, 98%=-2189.280029296875
ranking_best_algo: DiscreteLengler2OnePlusOne
ranking_best_score: 2617.04
ranking_my_rank: 84/504 (83.5%)
ranking_my_percent: 83.53174603174604
