ConfigName: kjsd__advperagentrankweighted__M4__L12__eps0p005__g0p0007__ds0p05__dm0p2
Problem: QUBO
Kernel: jsd
Advantage: peragentrankweighted
M: 4
lambda: 12
epsilon_svgd: 0.005
gamma: 0.0007
decay_start_ratio: 0.05
decay_min_factor: 0.2
bandwith_kernel: None
no_interact: False
avg_score: -139.27999877929688
median_score: -139.0
std_score: 11.19649887084961
percentiles: 2%=-158.02000427246094, 5%=-158.0, 10%=-156.10000610351562, 25%=-146.5, 50%=-139.0, 75%=-129.0, 90%=-126.80000305175781, 95%=-123.0, 98%=-119.86000061035156
ranking_best_algo: DiscreteDE
ranking_best_score: 143.4
ranking_my_rank: 86/504 (83.1%)
ranking_my_percent: 83.13492063492063
