ConfigName: krbf__advnormalizedfitness__M4__L10__eps0p033__g0p01__ds0p3__dm0p01
Problem: QUBO
Kernel: rbf
Advantage: normalizedfitness
M: 4
lambda: 10
epsilon_svgd: 0.033
gamma: 0.01
decay_start_ratio: 0.3
decay_min_factor: 0.01
bandwith_kernel: None
no_interact: False
avg_score: -417.79998779296875
median_score: -418.0
std_score: 22.703304290771484
percentiles: 2%=-475.0400085449219, 5%=-453.29998779296875, 10%=-447.1000061035156, 25%=-428.5, 50%=-418.0, 75%=-403.5, 90%=-388.8999938964844, 95%=-382.0, 98%=-377.9599914550781
ranking_best_algo: Tabu
ranking_best_score: 438.12
ranking_my_rank: 40/504 (92.3%)
ranking_my_percent: 92.26190476190476
