ConfigName: kjsd__advperagentrankweighted__M4__L8__eps0p03__g0p0003__ds0p05__dm0p05
Problem: QUBO
Kernel: jsd
Advantage: peragentrankweighted
M: 4
lambda: 8
epsilon_svgd: 0.03
gamma: 0.0003
decay_start_ratio: 0.05
decay_min_factor: 0.05
bandwith_kernel: None
no_interact: False
avg_score: -531.3800048828125
median_score: -530.0
std_score: 32.77217483520508
percentiles: 2%=-608.219970703125, 5%=-585.4000244140625, 10%=-575.4000244140625, 25%=-553.0, 50%=-530.0, 75%=-507.75, 90%=-490.79998779296875, 95%=-484.75, 98%=-477.8800048828125
ranking_best_algo: Tabu
ranking_best_score: 588.7199999999999
ranking_my_rank: 192/503 (62.0%)
ranking_my_percent: 62.02783300198807
