ConfigName: kjsd__advperagentrankweighted__M3__L18__eps0p005__g0p0007__ds0p05__dm0p1
Problem: QUBO
Kernel: jsd
Advantage: peragentrankweighted
M: 3
lambda: 18
epsilon_svgd: 0.005
gamma: 0.0007
decay_start_ratio: 0.05
decay_min_factor: 0.1
bandwith_kernel: None
no_interact: False
avg_score: -914.219970703125
median_score: -912.0
std_score: 67.69055938720703
percentiles: 2%=-1038.239990234375, 5%=-1017.5999755859375, 10%=-1002.0, 25%=-970.25, 50%=-912.0, 75%=-860.0, 90%=-829.0, 95%=-814.7999877929688, 98%=-790.8599853515625
ranking_best_algo: CMAL3
ranking_best_score: 928.5800000000002
ranking_my_rank: 17/504 (96.8%)
ranking_my_percent: 96.82539682539682
