ConfigName: krbf__advnormalizedfitness__M3__L12__eps0p033__g0p007__ds0p3__dm0p01
Problem: QUBO
Kernel: rbf
Advantage: normalizedfitness
M: 3
lambda: 12
epsilon_svgd: 0.033
gamma: 0.007
decay_start_ratio: 0.3
decay_min_factor: 0.01
bandwith_kernel: None
no_interact: False
avg_score: -439.760009765625
median_score: -441.5
std_score: 27.604753494262695
percentiles: 2%=-489.1000061035156, 5%=-481.25, 10%=-472.1000061035156, 25%=-461.0, 50%=-441.5, 75%=-415.0, 90%=-405.0, 95%=-394.0, 98%=-385.94000244140625
ranking_best_algo: CMApara
ranking_best_score: 453.82
ranking_my_rank: 16/504 (97.0%)
ranking_my_percent: 97.02380952380952
