ConfigName: kjsd__advperagentrankweighted__M4__L24__eps0p005__g0p0003__ds0p4__dm0p05
Problem: NK
Kernel: jsd
Advantage: peragentrankweighted
M: 4
lambda: 24
epsilon_svgd: 0.005
gamma: 0.0003
decay_start_ratio: 0.4
decay_min_factor: 0.05
bandwith_kernel: None
no_interact: False
avg_score: 0.74748694896698
median_score: 0.7477560043334961
std_score: 0.008708108216524124
percentiles: 2%=0.7308394908905029, 5%=0.733250617980957, 10%=0.7358746528625488, 25%=0.7413524389266968, 50%=0.7477560043334961, 75%=0.7527619004249573, 90%=0.7592999935150146, 95%=0.7624810934066772, 98%=0.764708936214447
ranking_best_algo: PBIL
ranking_best_score: 0.733570253046875
ranking_my_rank: 1/504 (100.0%)
ranking_my_percent: 100.0
