ConfigName: kjsd__advperagentrankweighted__M4__L10__eps0p03__g0p0007__ds0p2__dm0p05
Problem: NK
Kernel: jsd
Advantage: peragentrankweighted
M: 4
lambda: 10
epsilon_svgd: 0.03
gamma: 0.0007
decay_start_ratio: 0.2
decay_min_factor: 0.05
bandwith_kernel: None
no_interact: False
avg_score: 0.7092742919921875
median_score: 0.6949617862701416
std_score: 0.03145376965403557
percentiles: 2%=0.6708828210830688, 5%=0.6736774444580078, 10%=0.6751323342323303, 25%=0.6813051104545593, 50%=0.6949617862701416, 75%=0.743679940700531, 90%=0.7521345615386963, 95%=0.756682276725769, 98%=0.7613165378570557
ranking_best_algo: CMApara
ranking_best_score: 0.7118996098437498
ranking_my_rank: 56/504 (89.1%)
ranking_my_percent: 89.08730158730158
