ConfigName: krbf__advnormalizedfitness__M4__L15__eps0p033__g0p015__ds0p01__dm0p3
Problem: NK
Kernel: rbf
Advantage: normalizedfitness
M: 4
lambda: 15
epsilon_svgd: 0.033
gamma: 0.015
decay_start_ratio: 0.01
decay_min_factor: 0.3
bandwith_kernel: None
no_interact: False
avg_score: 0.7161055207252502
median_score: 0.7156199812889099
std_score: 0.020396742969751358
percentiles: 2%=0.6798659563064575, 5%=0.6820568442344666, 10%=0.6899575591087341, 25%=0.7022314071655273, 50%=0.7156199812889099, 75%=0.7274373173713684, 90%=0.7458798289299011, 95%=0.7521499991416931, 98%=0.7547746300697327
ranking_best_algo: Tabu
ranking_best_score: 0.7657846284375001
ranking_my_rank: 302/504 (40.3%)
ranking_my_percent: 40.27777777777778
