ConfigName: kfr__advglobalrankweighted__M4__L15__eps0p01__g0p007__ds0p01__dm0p01
Problem: QUBO
Kernel: fr
Advantage: globalrankweighted
M: 4
lambda: 15
epsilon_svgd: 0.01
gamma: 0.007
decay_start_ratio: 0.01
decay_min_factor: 0.01
bandwith_kernel: None
no_interact: False
avg_score: -427.4599914550781
median_score: -429.0
std_score: 29.131227493286133
percentiles: 2%=-479.1199951171875, 5%=-475.1000061035156, 10%=-466.1000061035156, 25%=-447.0, 50%=-429.0, 75%=-406.5, 90%=-389.79998779296875, 95%=-376.9000244140625, 98%=-370.8799743652344
ranking_best_algo: CMApara
ranking_best_score: 453.82
ranking_my_rank: 101/504 (80.2%)
ranking_my_percent: 80.15873015873017
