ConfigName: krbf__advnormalizedfitness__M4__L15__eps0p02__g0p0005__ds0p05__dm0p05
Problem: QUBO
Kernel: rbf
Advantage: normalizedfitness
M: 4
lambda: 15
epsilon_svgd: 0.02
gamma: 0.0005
decay_start_ratio: 0.05
decay_min_factor: 0.05
bandwith_kernel: None
no_interact: False
avg_score: -416.0400085449219
median_score: -416.0
std_score: 25.146738052368164
percentiles: 2%=-475.0400085449219, 5%=-463.20001220703125, 10%=-446.1000061035156, 25%=-432.0, 50%=-416.0, 75%=-397.0, 90%=-387.8999938964844, 95%=-377.95001220703125, 98%=-362.0
ranking_best_algo: CMAL3
ranking_best_score: 435.36
ranking_my_rank: 106/504 (79.2%)
ranking_my_percent: 79.16666666666667
