ConfigName: krbf__advnormalizedfitness__M4__L10__eps0p015__g0p015__ds0p3__dm0p3
Problem: QUBO
Kernel: rbf
Advantage: normalizedfitness
M: 4
lambda: 10
epsilon_svgd: 0.015
gamma: 0.015
decay_start_ratio: 0.3
decay_min_factor: 0.3
bandwith_kernel: None
no_interact: False
avg_score: -271.4800109863281
median_score: -276.0
std_score: 27.418415069580078
percentiles: 2%=-318.05999755859375, 5%=-310.0, 10%=-304.0, 25%=-293.0, 50%=-276.0, 75%=-252.0, 90%=-230.0, 95%=-218.0, 98%=-215.91998291015625
ranking_best_algo: CMApara
ranking_best_score: 344.22
ranking_my_rank: 348/504 (31.2%)
ranking_my_percent: 31.150793650793652
