ConfigName: krbf__advnormalizedfitness__M3__L8__eps0p033__g0p005__ds0p01__dm0p01
Problem: NK
Kernel: rbf
Advantage: normalizedfitness
M: 3
lambda: 8
epsilon_svgd: 0.033
gamma: 0.005
decay_start_ratio: 0.01
decay_min_factor: 0.01
bandwith_kernel: None
no_interact: False
avg_score: 0.7107343077659607
median_score: 0.6953628063201904
std_score: 0.03126423805952072
percentiles: 2%=0.6743728518486023, 5%=0.6751344799995422, 10%=0.6780896782875061, 25%=0.6824374794960022, 50%=0.6953628063201904, 75%=0.7473976612091064, 90%=0.7525893449783325, 95%=0.7586009502410889, 98%=0.7613165378570557
ranking_best_algo: CMApara
ranking_best_score: 0.7118996098437498
ranking_my_rank: 13/504 (97.6%)
ranking_my_percent: 97.61904761904762
