ConfigName: kjsd__advperagentrankweighted__M4__L24__eps0p01__g0p0005__ds0p4__dm0p05
Problem: QUBO
Kernel: jsd
Advantage: peragentrankweighted
M: 4
lambda: 24
epsilon_svgd: 0.01
gamma: 0.0005
decay_start_ratio: 0.4
decay_min_factor: 0.05
bandwith_kernel: None
no_interact: False
avg_score: -200.1999969482422
median_score: -200.5
std_score: 11.51694393157959
percentiles: 2%=-224.0, 5%=-221.14999389648438, 10%=-218.0, 25%=-207.0, 50%=-200.5, 75%=-192.0, 90%=-186.89999389648438, 95%=-182.85000610351562, 98%=-175.9600067138672
ranking_best_algo: Tabu
ranking_best_score: 208.36000000000004
ranking_my_rank: 51/504 (90.1%)
ranking_my_percent: 90.07936507936508
