ConfigName: krbf__advnormalizedfitness__M3__L10__eps0p025__g0p001__ds0p05__dm0p05
Problem: QUBO
Kernel: rbf
Advantage: normalizedfitness
M: 3
lambda: 10
epsilon_svgd: 0.025
gamma: 0.001
decay_start_ratio: 0.05
decay_min_factor: 0.05
bandwith_kernel: None
no_interact: False
avg_score: -550.8800048828125
median_score: -552.5
std_score: 29.586238861083984
percentiles: 2%=-611.1199951171875, 5%=-594.0499877929688, 10%=-586.0999755859375, 25%=-569.25, 50%=-552.5, 75%=-531.5, 90%=-516.7999877929688, 95%=-499.75, 98%=-489.7799987792969
ranking_best_algo: Tabu
ranking_best_score: 588.7199999999999
ranking_my_rank: 153/503 (69.8%)
ranking_my_percent: 69.78131212723657
