ConfigName: kjsd__advperagentrankweighted__M3__L20__eps0p007__g0p003__ds0p05__dm0p1
Problem: QUBO
Kernel: jsd
Advantage: peragentrankweighted
M: 3
lambda: 20
epsilon_svgd: 0.007
gamma: 0.003
decay_start_ratio: 0.05
decay_min_factor: 0.1
bandwith_kernel: None
no_interact: False
avg_score: -2991.47998046875
median_score: -2963.5
std_score: 190.63548278808594
percentiles: 2%=-3326.93994140625, 5%=-3304.449951171875, 10%=-3251.800048828125, 25%=-3122.25, 50%=-2963.5, 75%=-2839.25, 90%=-2740.89990234375, 95%=-2699.949951171875, 98%=-2639.9599609375
ranking_best_algo: RLSOnePlusOne
ranking_best_score: 3316.5199999999995
ranking_my_rank: 130/504 (74.4%)
ranking_my_percent: 74.4047619047619
