ConfigName: kfr__advglobalrankweighted__M2__L10__eps0p015__g0p007__ds0p01__dm0p01
Problem: NK
Kernel: fr
Advantage: globalrankweighted
M: 2
lambda: 10
epsilon_svgd: 0.015
gamma: 0.007
decay_start_ratio: 0.01
decay_min_factor: 0.01
bandwith_kernel: None
no_interact: False
avg_score: 0.7499580383300781
median_score: 0.749104380607605
std_score: 0.014713768847286701
percentiles: 2%=0.7243287563323975, 5%=0.7254338264465332, 10%=0.7296591401100159, 25%=0.7396727800369263, 50%=0.749104380607605, 75%=0.7589503526687622, 90%=0.7689472436904907, 95%=0.7725844383239746, 98%=0.7824000716209412
ranking_best_algo: Tabu
ranking_best_score: 0.7657846284375001
ranking_my_rank: 25/504 (95.2%)
ranking_my_percent: 95.23809523809524
