ConfigName: kjsd__advperagentrankweighted__M3__L20__eps0p007__g0p0005__ds0p1__dm0p05
Problem: QUBO
Kernel: jsd
Advantage: peragentrankweighted
M: 3
lambda: 20
epsilon_svgd: 0.007
gamma: 0.0005
decay_start_ratio: 0.1
decay_min_factor: 0.05
bandwith_kernel: None
no_interact: False
avg_score: -1187.280029296875
median_score: -1182.5
std_score: 69.9146728515625
percentiles: 2%=-1367.0400390625, 5%=-1327.4000244140625, 10%=-1276.9000244140625, 25%=-1222.25, 50%=-1182.5, 75%=-1136.0, 90%=-1110.0, 95%=-1092.8499755859375, 98%=-1084.9599609375
ranking_best_algo: Tabu
ranking_best_score: 1216.16
ranking_my_rank: 64/504 (87.5%)
ranking_my_percent: 87.5
