ConfigName: krbf__advnormalizedfitness__M1__L8__eps0p025__g0p007__ds0p15__dm0p3
Problem: QUBO
Kernel: rbf
Advantage: normalizedfitness
M: 1
lambda: 8
epsilon_svgd: 0.025
gamma: 0.007
decay_start_ratio: 0.15
decay_min_factor: 0.3
bandwith_kernel: None
no_interact: False
avg_score: -393.3800048828125
median_score: -394.0
std_score: 39.59767532348633
percentiles: 2%=-449.05999755859375, 5%=-445.1000061035156, 10%=-434.0, 25%=-418.0, 50%=-394.0, 75%=-378.0, 90%=-354.0, 95%=-344.0, 98%=-329.7199401855469
ranking_best_algo: Tabu
ranking_best_score: 438.12
ranking_my_rank: 243/504 (52.0%)
ranking_my_percent: 51.98412698412698
