ConfigName: krbf__advnormalizedfitness__M4__L12__eps0p025__g0p007__ds0p3__dm0p01
Problem: NK
Kernel: rbf
Advantage: normalizedfitness
M: 4
lambda: 12
epsilon_svgd: 0.025
gamma: 0.007
decay_start_ratio: 0.3
decay_min_factor: 0.01
bandwith_kernel: None
no_interact: False
avg_score: 0.7252652049064636
median_score: 0.7275255918502808
std_score: 0.010793294757604599
percentiles: 2%=0.7035922408103943, 5%=0.7050852179527283, 10%=0.7089618444442749, 25%=0.7178875207901001, 50%=0.7275255918502808, 75%=0.7322761416435242, 90%=0.7386068105697632, 95%=0.7413005232810974, 98%=0.7417235970497131
ranking_best_algo: PBIL
ranking_best_score: 0.7248786399609374
ranking_my_rank: 1/504 (100.0%)
ranking_my_percent: 100.0
