ConfigName: kjsd__advperagentrankweighted__M4__L8__eps0p01__g0p0003__ds0p4__dm0p05
Problem: NK
Kernel: jsd
Advantage: peragentrankweighted
M: 4
lambda: 8
epsilon_svgd: 0.01
gamma: 0.0003
decay_start_ratio: 0.4
decay_min_factor: 0.05
bandwith_kernel: None
no_interact: False
avg_score: 0.7273633480072021
median_score: 0.7272047996520996
std_score: 0.008518271148204803
percentiles: 2%=0.7113035917282104, 5%=0.7140491604804993, 10%=0.7163522243499756, 25%=0.7212076187133789, 50%=0.7272047996520996, 75%=0.7331284284591675, 90%=0.7376494407653809, 95%=0.7416141629219055, 98%=0.7457851767539978
ranking_best_algo: PBIL
ranking_best_score: 0.7248786399609374
ranking_my_rank: 1/504 (100.0%)
ranking_my_percent: 100.0
