ConfigName: krbf__advnormalizedfitness__M4__L10__eps0p025__g0p015__ds0p01__dm0p3
Problem: NK
Kernel: rbf
Advantage: normalizedfitness
M: 4
lambda: 10
epsilon_svgd: 0.025
gamma: 0.015
decay_start_ratio: 0.01
decay_min_factor: 0.3
bandwith_kernel: None
no_interact: False
avg_score: 0.7144858837127686
median_score: 0.7149351835250854
std_score: 0.01139920111745596
percentiles: 2%=0.6908806562423706, 5%=0.6923734545707703, 10%=0.6996665000915527, 25%=0.7061885595321655, 50%=0.7149351835250854, 75%=0.7220467329025269, 90%=0.7279278635978699, 95%=0.733016848564148, 98%=0.7353094816207886
ranking_best_algo: PBIL
ranking_best_score: 0.730509098125
ranking_my_rank: 137/504 (73.0%)
ranking_my_percent: 73.01587301587301
