ConfigName: kjsd__advperagentrankweighted__M3__L30__eps0p005__g0p001__ds0p1__dm0p05
Problem: QUBO
Kernel: jsd
Advantage: peragentrankweighted
M: 3
lambda: 30
epsilon_svgd: 0.005
gamma: 0.001
decay_start_ratio: 0.1
decay_min_factor: 0.05
bandwith_kernel: None
no_interact: False
avg_score: -139.44000244140625
median_score: -141.0
std_score: 11.565742492675781
percentiles: 2%=-159.02000427246094, 5%=-158.0, 10%=-157.0, 25%=-147.0, 50%=-141.0, 75%=-130.0, 90%=-125.0, 95%=-120.94999694824219, 98%=-118.95999908447266
ranking_best_algo: DiscreteDE
ranking_best_score: 143.4
ranking_my_rank: 85/504 (83.3%)
ranking_my_percent: 83.33333333333333
