ConfigName: kjsd__advperagentrankweighted__M3__L20__eps0p007__g0p003__ds0p1__dm0p1
Problem: NK
Kernel: jsd
Advantage: peragentrankweighted
M: 3
lambda: 20
epsilon_svgd: 0.007
gamma: 0.003
decay_start_ratio: 0.1
decay_min_factor: 0.1
bandwith_kernel: None
no_interact: False
avg_score: 0.7294518947601318
median_score: 0.7285860776901245
std_score: 0.015314418822526932
percentiles: 2%=0.7040926814079285, 5%=0.7072423100471497, 10%=0.7106906175613403, 25%=0.7192881107330322, 50%=0.7285860776901245, 75%=0.7384333610534668, 90%=0.7506878972053528, 95%=0.7545121312141418, 98%=0.76348876953125
ranking_best_algo: Tabu
ranking_best_score: 0.7601875690625
ranking_my_rank: 52/504 (89.9%)
ranking_my_percent: 89.88095238095238
