ConfigName: kjsd__advperagentrankweighted__M5__L10__eps0p02__g0p0007__ds0p05__dm0p05
Problem: QUBO
Kernel: jsd
Advantage: peragentrankweighted
M: 5
lambda: 10
epsilon_svgd: 0.02
gamma: 0.0007
decay_start_ratio: 0.05
decay_min_factor: 0.05
bandwith_kernel: None
no_interact: False
avg_score: -942.3200073242188
median_score: -934.0
std_score: 64.02997589111328
percentiles: 2%=-1066.1199951171875, 5%=-1048.050048828125, 10%=-1035.0999755859375, 25%=-990.0, 50%=-934.0, 75%=-904.0, 90%=-868.9000244140625, 95%=-833.0, 98%=-814.8400268554688
ranking_best_algo: CMApara
ranking_best_score: 964.9
ranking_my_rank: 4/504 (99.4%)
ranking_my_percent: 99.4047619047619
