ConfigName: kjsd__advperagentrankweighted__M3__L20__eps0p005__g0p0005__ds0p2__dm0p1
Problem: QUBO
Kernel: jsd
Advantage: peragentrankweighted
M: 3
lambda: 20
epsilon_svgd: 0.005
gamma: 0.0005
decay_start_ratio: 0.2
decay_min_factor: 0.1
bandwith_kernel: None
no_interact: False
avg_score: -147.6999969482422
median_score: -146.0
std_score: 14.826664924621582
percentiles: 2%=-179.0, 5%=-179.0, 10%=-164.0, 25%=-155.0, 50%=-146.0, 75%=-139.0, 90%=-131.0, 95%=-122.94999694824219, 98%=-119.81999969482422
ranking_best_algo: CMApara
ranking_best_score: 154.28
ranking_my_rank: 93/504 (81.7%)
ranking_my_percent: 81.74603174603175
