ConfigName: kjsd__advperagentrankweighted__M3__L18__eps0p005__g0p001__ds0p1__dm0p2
Problem: QUBO
Kernel: jsd
Advantage: peragentrankweighted
M: 3
lambda: 18
epsilon_svgd: 0.005
gamma: 0.001
decay_start_ratio: 0.1
decay_min_factor: 0.2
bandwith_kernel: None
no_interact: False
avg_score: -928.9199829101562
median_score: -925.0
std_score: 64.05321502685547
percentiles: 2%=-1066.0799560546875, 5%=-1025.800048828125, 10%=-1015.0, 25%=-973.0, 50%=-925.0, 75%=-881.0, 90%=-845.2000122070312, 95%=-826.5999755859375, 98%=-814.9600219726562
ranking_best_algo: CMApara
ranking_best_score: 964.9
ranking_my_rank: 21/504 (96.0%)
ranking_my_percent: 96.03174603174604
