ConfigName: kjsd__advperagentrankweighted__M3__L18__eps0p01__g0p0005__ds0p05__dm0p1
Problem: NK
Kernel: jsd
Advantage: peragentrankweighted
M: 3
lambda: 18
epsilon_svgd: 0.01
gamma: 0.0005
decay_start_ratio: 0.05
decay_min_factor: 0.1
bandwith_kernel: None
no_interact: False
avg_score: 0.7385431528091431
median_score: 0.7384658455848694
std_score: 0.013591359369456768
percentiles: 2%=0.7092157006263733, 5%=0.7130289077758789, 10%=0.7209417223930359, 25%=0.7306751012802124, 50%=0.7384658455848694, 75%=0.7465038299560547, 90%=0.7559553384780884, 95%=0.7590430378913879, 98%=0.7643097043037415
ranking_best_algo: Tabu
ranking_best_score: 0.7601875690625
ranking_my_rank: 19/504 (96.4%)
ranking_my_percent: 96.42857142857143
