ConfigName: kjsd__advperagentrankweighted__M8__L8__eps0p005__g0p0005__ds0p05__dm0p05
Problem: QUBO
Kernel: jsd
Advantage: peragentrankweighted
M: 8
lambda: 8
epsilon_svgd: 0.005
gamma: 0.0005
decay_start_ratio: 0.05
decay_min_factor: 0.05
bandwith_kernel: None
no_interact: False
avg_score: -1201.800048828125
median_score: -1194.0
std_score: 64.0507583618164
percentiles: 2%=-1345.199951171875, 5%=-1297.9000244140625, 10%=-1283.0, 25%=-1253.5, 50%=-1194.0, 75%=-1154.75, 90%=-1123.800048828125, 95%=-1105.0, 98%=-1081.9200439453125
ranking_best_algo: Tabu
ranking_best_score: 1216.16
ranking_my_rank: 42/504 (91.9%)
ranking_my_percent: 91.86507936507937
