ConfigName: kfr__advglobalrankweighted__M4__L12__eps0p01__g0p003__ds0p01__dm0p01
Problem: QUBO
Kernel: fr
Advantage: globalrankweighted
M: 4
lambda: 12
epsilon_svgd: 0.01
gamma: 0.003
decay_start_ratio: 0.01
decay_min_factor: 0.01
bandwith_kernel: None
no_interact: False
avg_score: -310.4200134277344
median_score: -312.0
std_score: 38.68104553222656
percentiles: 2%=-398.0, 5%=-392.20001220703125, 10%=-357.79998779296875, 25%=-330.5, 50%=-312.0, 75%=-273.75, 90%=-265.8999938964844, 95%=-261.95001220703125, 98%=-259.0
ranking_best_algo: CMApara
ranking_best_score: 319.29999999999995
ranking_my_rank: 59/504 (88.5%)
ranking_my_percent: 88.4920634920635
