ConfigName: kjsd__advperagentrankweighted__M3__L20__eps0p005__g0p001__ds0p1__dm0p05
Problem: QUBO
Kernel: jsd
Advantage: peragentrankweighted
M: 3
lambda: 20
epsilon_svgd: 0.005
gamma: 0.001
decay_start_ratio: 0.1
decay_min_factor: 0.05
bandwith_kernel: None
no_interact: False
avg_score: -329.9800109863281
median_score: -331.5
std_score: 20.991418838500977
percentiles: 2%=-372.0, 5%=-357.20001220703125, 10%=-354.29998779296875, 25%=-343.75, 50%=-331.5, 75%=-316.0, 90%=-300.0, 95%=-291.95001220703125, 98%=-288.7799987792969
ranking_best_algo: CMApara
ranking_best_score: 344.22
ranking_my_rank: 79/504 (84.5%)
ranking_my_percent: 84.52380952380952
