ConfigName: krbf__advnormalizedfitness__M4__L15__eps0p015__g0p007__ds0p15__dm0p3
Problem: QUBO
Kernel: rbf
Advantage: normalizedfitness
M: 4
lambda: 15
epsilon_svgd: 0.015
gamma: 0.007
decay_start_ratio: 0.15
decay_min_factor: 0.3
bandwith_kernel: None
no_interact: False
avg_score: -656.3599853515625
median_score: -645.5
std_score: 65.57720947265625
percentiles: 2%=-795.2000122070312, 5%=-760.0499877929688, 10%=-743.0999755859375, 25%=-707.5, 50%=-645.5, 75%=-614.75, 90%=-568.7999877929688, 95%=-558.9000244140625, 98%=-546.7999267578125
ranking_best_algo: SVMMetaModelLogNormal
ranking_best_score: 1233.7999999999997
ranking_my_rank: 371/504 (26.6%)
ranking_my_percent: 26.58730158730159
