ConfigName: kjsd__advperagentrankweighted__M5__L28__eps0p005__g0p0005__ds0p05__dm0p05
Problem: QUBO
Kernel: jsd
Advantage: peragentrankweighted
M: 5
lambda: 28
epsilon_svgd: 0.005
gamma: 0.0005
decay_start_ratio: 0.05
decay_min_factor: 0.05
bandwith_kernel: None
no_interact: False
avg_score: -931.9000244140625
median_score: -925.5
std_score: 65.78822326660156
percentiles: 2%=-1072.0400390625, 5%=-1050.5999755859375, 10%=-1025.5999755859375, 25%=-988.25, 50%=-925.5, 75%=-881.0, 90%=-852.4000244140625, 95%=-836.7999877929688, 98%=-818.8800048828125
ranking_best_algo: CMApara
ranking_best_score: 964.9
ranking_my_rank: 19/504 (96.4%)
ranking_my_percent: 96.42857142857143
