ConfigName: krbf__advnormalizedfitness__M2__L11__eps0p015__g0p007__ds0p01__dm0p01
Problem: QUBO
Kernel: rbf
Advantage: normalizedfitness
M: 2
lambda: 11
epsilon_svgd: 0.015
gamma: 0.007
decay_start_ratio: 0.01
decay_min_factor: 0.01
bandwith_kernel: None
no_interact: False
avg_score: -1193.8399658203125
median_score: -1189.0
std_score: 58.3314208984375
percentiles: 2%=-1287.3399658203125, 5%=-1282.1500244140625, 10%=-1268.0999755859375, 25%=-1235.0, 50%=-1189.0, 75%=-1147.0, 90%=-1123.800048828125, 95%=-1105.75, 98%=-1093.9000244140625
ranking_best_algo: Tabu
ranking_best_score: 1216.16
ranking_my_rank: 48/504 (90.7%)
ranking_my_percent: 90.67460317460318
