ConfigName: kjsd__advperagentrankweighted__M5__L12__eps0p03__g0p0003__ds0p05__dm0p05
Problem: NK
Kernel: jsd
Advantage: peragentrankweighted
M: 5
lambda: 12
epsilon_svgd: 0.03
gamma: 0.0003
decay_start_ratio: 0.05
decay_min_factor: 0.05
bandwith_kernel: None
no_interact: False
avg_score: 0.7235292196273804
median_score: 0.7239124774932861
std_score: 0.009507982060313225
percentiles: 2%=0.7053322196006775, 5%=0.7082561254501343, 10%=0.711613655090332, 25%=0.7164756059646606, 50%=0.7239124774932861, 75%=0.7297396659851074, 90%=0.7344391345977783, 95%=0.7388731837272644, 98%=0.7440313696861267
ranking_best_algo: PBIL
ranking_best_score: 0.7248786399609374
ranking_my_rank: 2/504 (99.8%)
ranking_my_percent: 99.8015873015873
