ConfigName: kjsd__advperagentrankweighted__M5__L24__eps0p02__g0p0007__ds0p05__dm0p05
Problem: NK
Kernel: jsd
Advantage: peragentrankweighted
M: 5
lambda: 24
epsilon_svgd: 0.02
gamma: 0.0007
decay_start_ratio: 0.05
decay_min_factor: 0.05
bandwith_kernel: None
no_interact: False
avg_score: 0.7576947808265686
median_score: 0.7575662136077881
std_score: 0.012280866503715515
percentiles: 2%=0.7329739332199097, 5%=0.7332767248153687, 10%=0.7409113645553589, 25%=0.7507654428482056, 50%=0.7575662136077881, 75%=0.7658710479736328, 90%=0.7728121876716614, 95%=0.7794274687767029, 98%=0.7818002700805664
ranking_best_algo: Tabu
ranking_best_score: 0.7657846284375001
ranking_my_rank: 2/504 (99.8%)
ranking_my_percent: 99.8015873015873
