ConfigName: krbf__advnormalizedfitness__M1__L8__eps0p033__g0p01__ds0p01__dm0p01
Problem: NK
Kernel: rbf
Advantage: normalizedfitness
M: 1
lambda: 8
epsilon_svgd: 0.033
gamma: 0.01
decay_start_ratio: 0.01
decay_min_factor: 0.01
bandwith_kernel: None
no_interact: False
avg_score: 0.7175124287605286
median_score: 0.7168269157409668
std_score: 0.008200712502002716
percentiles: 2%=0.7028515338897705, 5%=0.7049726247787476, 10%=0.7078287601470947, 25%=0.7120407819747925, 50%=0.7168269157409668, 75%=0.723350465297699, 90%=0.7294622659683228, 95%=0.7316141128540039, 98%=0.733616054058075
ranking_best_algo: PBIL
ranking_best_score: 0.7170882103515624
ranking_my_rank: 1/504 (100.0%)
ranking_my_percent: 100.0
