ConfigName: kfr__advglobalrankweighted__M5__L10__eps0p02__g0p007__ds0p01__dm0p01
Problem: QUBO
Kernel: fr
Advantage: globalrankweighted
M: 5
lambda: 10
epsilon_svgd: 0.02
gamma: 0.007
decay_start_ratio: 0.01
decay_min_factor: 0.01
bandwith_kernel: None
no_interact: False
avg_score: -417.2799987792969
median_score: -418.0
std_score: 23.2955265045166
percentiles: 2%=-463.0, 5%=-457.0, 10%=-446.1000061035156, 25%=-430.5, 50%=-418.0, 75%=-402.0, 90%=-389.6000061035156, 95%=-379.8000183105469, 98%=-373.9599914550781
ranking_best_algo: Tabu
ranking_best_score: 438.12
ranking_my_rank: 41/504 (92.1%)
ranking_my_percent: 92.06349206349206
