ConfigName: kjsd__advperagentrankweighted__M4__L10__eps0p01__g0p0007__ds0p2__dm0p05
Problem: QUBO
Kernel: jsd
Advantage: peragentrankweighted
M: 4
lambda: 10
epsilon_svgd: 0.01
gamma: 0.0007
decay_start_ratio: 0.2
decay_min_factor: 0.05
bandwith_kernel: None
no_interact: False
avg_score: -937.6400146484375
median_score: -942.0
std_score: 72.05282592773438
percentiles: 2%=-1074.0, 5%=-1049.5999755859375, 10%=-1035.300048828125, 25%=-985.75, 50%=-942.0, 75%=-884.0, 90%=-850.7000122070312, 95%=-817.9000244140625, 98%=-780.9199829101562
ranking_best_algo: CMApara
ranking_best_score: 964.9
ranking_my_rank: 8/504 (98.6%)
ranking_my_percent: 98.61111111111111
