ConfigName: kjsd__advperagentrankweighted__M5__L24__eps0p03__g0p0007__ds0p05__dm0p05
Problem: QUBO
Kernel: jsd
Advantage: peragentrankweighted
M: 5
lambda: 24
epsilon_svgd: 0.03
gamma: 0.0007
decay_start_ratio: 0.05
decay_min_factor: 0.05
bandwith_kernel: None
no_interact: False
avg_score: -1307.1400146484375
median_score: -1309.0
std_score: 59.04303741455078
percentiles: 2%=-1423.02001953125, 5%=-1413.300048828125, 10%=-1393.800048828125, 25%=-1342.5, 50%=-1309.0, 75%=-1269.0, 90%=-1233.9000244140625, 95%=-1212.800048828125, 98%=-1196.760009765625
ranking_best_algo: BigLognormalDiscreteOnePlusOne
ranking_best_score: 1301.3600000000004
ranking_my_rank: 1/504 (100.0%)
ranking_my_percent: 100.0
