ConfigName: krbf__advnormalizedfitness__M3__L8__eps0p015__g0p015__ds0p15__dm0p01
Problem: QUBO
Kernel: rbf
Advantage: normalizedfitness
M: 3
lambda: 8
epsilon_svgd: 0.015
gamma: 0.015
decay_start_ratio: 0.15
decay_min_factor: 0.01
bandwith_kernel: None
no_interact: False
avg_score: -419.20001220703125
median_score: -419.5
std_score: 28.114051818847656
percentiles: 2%=-469.0799865722656, 5%=-469.0, 10%=-453.29998779296875, 25%=-438.0, 50%=-419.5, 75%=-397.0, 90%=-381.0, 95%=-376.95001220703125, 98%=-361.91998291015625
ranking_best_algo: CMAL3
ranking_best_score: 435.36
ranking_my_rank: 95/504 (81.3%)
ranking_my_percent: 81.34920634920636
