ConfigName: krbf__advnormalizedfitness__M4__L12__eps0p015__g0p01__ds0p15__dm0p01
Problem: QUBO
Kernel: rbf
Advantage: normalizedfitness
M: 4
lambda: 12
epsilon_svgd: 0.015
gamma: 0.01
decay_start_ratio: 0.15
decay_min_factor: 0.01
bandwith_kernel: None
no_interact: False
avg_score: -405.6000061035156
median_score: -403.0
std_score: 29.19862937927246
percentiles: 2%=-463.0400085449219, 5%=-458.0, 10%=-448.20001220703125, 25%=-429.5, 50%=-403.0, 75%=-384.0, 90%=-370.8999938964844, 95%=-362.0, 98%=-357.91998291015625
ranking_best_algo: CMApara
ranking_best_score: 453.82
ranking_my_rank: 253/504 (50.0%)
ranking_my_percent: 50.0
