ConfigName: kjsd__advperagentrankweighted__M4__L8__eps0p005__g0p003__ds0p05__dm0p05
Problem: QUBO
Kernel: jsd
Advantage: peragentrankweighted
M: 4
lambda: 8
epsilon_svgd: 0.005
gamma: 0.003
decay_start_ratio: 0.05
decay_min_factor: 0.05
bandwith_kernel: None
no_interact: False
avg_score: -3104.10009765625
median_score: -3089.5
std_score: 158.96385192871094
percentiles: 2%=-3497.659912109375, 5%=-3341.0, 10%=-3299.39990234375, 25%=-3199.25, 50%=-3089.5, 75%=-3001.0, 90%=-2902.199951171875, 95%=-2853.85009765625, 98%=-2824.739990234375
ranking_best_algo: RLSOnePlusOne
ranking_best_score: 3316.5199999999995
ranking_my_rank: 82/504 (83.9%)
ranking_my_percent: 83.92857142857143
