ConfigName: krbf__advnormalizedfitness__M2__L11__eps0p015__g0p007__ds0p01__dm0p01
Problem: QUBO
Kernel: rbf
Advantage: normalizedfitness
M: 2
lambda: 11
epsilon_svgd: 0.015
gamma: 0.007
decay_start_ratio: 0.01
decay_min_factor: 0.01
bandwith_kernel: None
no_interact: False
avg_score: -1628.0
median_score: -1620.0
std_score: 63.342403411865234
percentiles: 2%=-1750.219970703125, 5%=-1740.0999755859375, 10%=-1723.0999755859375, 25%=-1669.0, 50%=-1620.0, 75%=-1576.0, 90%=-1550.800048828125, 95%=-1538.699951171875, 98%=-1522.8199462890625
ranking_best_algo: NLOPT_LN_PRAXIS
ranking_best_score: 1607.12
ranking_my_rank: 1/504 (100.0%)
ranking_my_percent: 100.0
