ConfigName: krbf__advnormalizedfitness__M4__L12__eps0p015__g0p01__ds0p3__dm0p3
Problem: QUBO
Kernel: rbf
Advantage: normalizedfitness
M: 4
lambda: 12
epsilon_svgd: 0.015
gamma: 0.01
decay_start_ratio: 0.3
decay_min_factor: 0.3
bandwith_kernel: None
no_interact: False
avg_score: -315.6600036621094
median_score: -312.0
std_score: 39.41071319580078
percentiles: 2%=-401.17999267578125, 5%=-382.20001220703125, 10%=-366.20001220703125, 25%=-338.0, 50%=-312.0, 75%=-286.0, 90%=-264.8999938964844, 95%=-255.90000915527344, 98%=-243.95999145507812
ranking_best_algo: Tabu
ranking_best_score: 438.12
ranking_my_rank: 349/504 (31.0%)
ranking_my_percent: 30.952380952380953
