ConfigName: krbf__advnormalizedfitness__M4__L10__eps0p025__g0p01__ds0p3__dm0p01
Problem: QUBO
Kernel: rbf
Advantage: normalizedfitness
M: 4
lambda: 10
epsilon_svgd: 0.025
gamma: 0.01
decay_start_ratio: 0.3
decay_min_factor: 0.01
bandwith_kernel: None
no_interact: False
avg_score: -415.17999267578125
median_score: -413.5
std_score: 26.133647918701172
percentiles: 2%=-471.0, 5%=-457.0, 10%=-453.1000061035156, 25%=-434.0, 50%=-413.5, 75%=-396.0, 90%=-384.0, 95%=-377.9000244140625, 98%=-369.7999572753906
ranking_best_algo: Tabu
ranking_best_score: 438.12
ranking_my_rank: 50/504 (90.3%)
ranking_my_percent: 90.27777777777777
