ConfigName: kjsd__advperagentrankweighted__M5__L8__eps0p02__g0p0005__ds0p05__dm0p05
Problem: NK
Kernel: jsd
Advantage: peragentrankweighted
M: 5
lambda: 8
epsilon_svgd: 0.02
gamma: 0.0005
decay_start_ratio: 0.05
decay_min_factor: 0.05
bandwith_kernel: None
no_interact: False
avg_score: 0.7437576055526733
median_score: 0.7445119619369507
std_score: 0.011975914239883423
percentiles: 2%=0.7251412272453308, 5%=0.7273852825164795, 10%=0.7283352017402649, 25%=0.7345981001853943, 50%=0.7445119619369507, 75%=0.7520177364349365, 90%=0.7595149278640747, 95%=0.7653096318244934, 98%=0.7674233317375183
ranking_best_algo: Tabu
ranking_best_score: 0.7470791764843752
ranking_my_rank: 3/504 (99.6%)
ranking_my_percent: 99.60317460317461
