ConfigName: kjsd__advperagentrankweighted__M3__L16__eps0p007__g0p003__ds0p2__dm0p05
Problem: NK
Kernel: jsd
Advantage: peragentrankweighted
M: 3
lambda: 16
epsilon_svgd: 0.007
gamma: 0.003
decay_start_ratio: 0.2
decay_min_factor: 0.05
bandwith_kernel: None
no_interact: False
avg_score: 0.7553775310516357
median_score: 0.7555243372917175
std_score: 0.013986176811158657
percentiles: 2%=0.7245194315910339, 5%=0.726812481880188, 10%=0.7371112108230591, 25%=0.7471086382865906, 50%=0.7555243372917175, 75%=0.7665382027626038, 90%=0.7717568278312683, 95%=0.7746132016181946, 98%=0.7764273285865784
ranking_best_algo: Tabu
ranking_best_score: 0.7470791764843752
ranking_my_rank: 1/504 (100.0%)
ranking_my_percent: 100.0
