ConfigName: krbf__advnormalizedfitness__M2__L6__eps0p02__g0p006__ds0p01__dm0p3
Problem: NK
Kernel: rbf
Advantage: normalizedfitness
M: 2
lambda: 6
epsilon_svgd: 0.02
gamma: 0.006
decay_start_ratio: 0.01
decay_min_factor: 0.3
bandwith_kernel: None
no_interact: False
avg_score: 0.7455763220787048
median_score: 0.7450066804885864
std_score: 0.015803122892975807
percentiles: 2%=0.7159484624862671, 5%=0.7214602828025818, 10%=0.7244827151298523, 25%=0.7354595065116882, 50%=0.7450066804885864, 75%=0.757117748260498, 90%=0.7656753659248352, 95%=0.7717820405960083, 98%=0.7808834910392761
ranking_best_algo: Tabu
ranking_best_score: 0.7657846284375001
ranking_my_rank: 43/504 (91.7%)
ranking_my_percent: 91.66666666666667
