ConfigName: kjsd__advperagentrankweighted__M3__L24__eps0p007__g0p0005__ds0p1__dm0p2
Problem: QUBO
Kernel: jsd
Advantage: peragentrankweighted
M: 3
lambda: 24
epsilon_svgd: 0.007
gamma: 0.0005
decay_start_ratio: 0.1
decay_min_factor: 0.2
bandwith_kernel: None
no_interact: False
avg_score: -1237.06005859375
median_score: -1237.5
std_score: 58.11314010620117
percentiles: 2%=-1359.300048828125, 5%=-1341.4000244140625, 10%=-1307.300048828125, 25%=-1274.5, 50%=-1237.5, 75%=-1194.5, 90%=-1170.9000244140625, 95%=-1150.6500244140625, 98%=-1123.6199951171875
ranking_best_algo: SVMMetaModelLogNormal
ranking_best_score: 1233.7999999999997
ranking_my_rank: 1/504 (100.0%)
ranking_my_percent: 100.0
