ConfigName: krbf__advnormalizedfitness__M1__L8__eps0p033__g0p01__ds0p15__dm0p01
Problem: QUBO
Kernel: rbf
Advantage: normalizedfitness
M: 1
lambda: 8
epsilon_svgd: 0.033
gamma: 0.01
decay_start_ratio: 0.15
decay_min_factor: 0.01
bandwith_kernel: None
no_interact: False
avg_score: -311.5799865722656
median_score: -314.0
std_score: 30.3701114654541
percentiles: 2%=-372.0, 5%=-354.04998779296875, 10%=-350.1000061035156, 25%=-339.0, 50%=-314.0, 75%=-289.0, 90%=-271.8999938964844, 95%=-267.8000183105469, 98%=-249.8399658203125
ranking_best_algo: CMApara
ranking_best_score: 344.22
ranking_my_rank: 266/504 (47.4%)
ranking_my_percent: 47.42063492063492
