ConfigName: krbf__advnormalizedfitness__M4__L15__eps0p025__g0p01__ds0p15__dm0p3
Problem: QUBO
Kernel: rbf
Advantage: normalizedfitness
M: 4
lambda: 15
epsilon_svgd: 0.025
gamma: 0.01
decay_start_ratio: 0.15
decay_min_factor: 0.3
bandwith_kernel: None
no_interact: False
avg_score: -741.1799926757812
median_score: -735.0
std_score: 82.87934875488281
percentiles: 2%=-971.3800048828125, 5%=-858.4500122070312, 10%=-836.7000122070312, 25%=-790.75, 50%=-735.0, 75%=-688.5, 90%=-640.7999877929688, 95%=-612.1500854492188, 98%=-566.9599609375
ranking_best_algo: SVMMetaModelLogNormal
ranking_best_score: 1233.7999999999997
ranking_my_rank: 330/504 (34.7%)
ranking_my_percent: 34.72222222222222
