ConfigName: kfr__advglobalrankweighted__M4__L9__eps0p015__g0p003__ds0p01__dm0p01
Problem: QUBO
Kernel: fr
Advantage: globalrankweighted
M: 4
lambda: 9
epsilon_svgd: 0.015
gamma: 0.003
decay_start_ratio: 0.01
decay_min_factor: 0.01
bandwith_kernel: None
no_interact: False
avg_score: -140.10000610351562
median_score: -143.0
std_score: 10.51807975769043
percentiles: 2%=-158.0399932861328, 5%=-157.0500030517578, 10%=-151.39999389648438, 25%=-146.0, 50%=-143.0, 75%=-131.75, 90%=-127.0, 95%=-122.8499984741211, 98%=-116.95999908447266
ranking_best_algo: DiscreteDE
ranking_best_score: 143.4
ranking_my_rank: 79/504 (84.5%)
ranking_my_percent: 84.52380952380952
