ConfigName: krbf__advnormalizedfitness__M4__L8__eps0p025__g0p01__ds0p15__dm0p01
Problem: NK
Kernel: rbf
Advantage: normalizedfitness
M: 4
lambda: 8
epsilon_svgd: 0.025
gamma: 0.01
decay_start_ratio: 0.15
decay_min_factor: 0.01
bandwith_kernel: None
no_interact: False
avg_score: 0.7368195056915283
median_score: 0.7362542152404785
std_score: 0.014192617498338223
percentiles: 2%=0.7120818495750427, 5%=0.7149606943130493, 10%=0.719145655632019, 25%=0.7260501980781555, 50%=0.7362542152404785, 75%=0.7459900975227356, 90%=0.7525837421417236, 95%=0.7573761940002441, 98%=0.769041121006012
ranking_best_algo: Tabu
ranking_best_score: 0.7601875690625
ranking_my_rank: 20/504 (96.2%)
ranking_my_percent: 96.23015873015873
