ConfigName: krbf__advnormalizedfitness__M2__L8__eps0p025__g0p005__ds0p15__dm0p3
Problem: NK
Kernel: rbf
Advantage: normalizedfitness
M: 2
lambda: 8
epsilon_svgd: 0.025
gamma: 0.005
decay_start_ratio: 0.15
decay_min_factor: 0.3
bandwith_kernel: None
no_interact: False
avg_score: 0.7385213971138
median_score: 0.7358875274658203
std_score: 0.029994623735547066
percentiles: 2%=0.6857788562774658, 5%=0.6944112777709961, 10%=0.7068018913269043, 25%=0.7173738479614258, 50%=0.7358875274658203, 75%=0.754135251045227, 90%=0.7750775218009949, 95%=0.8044298887252808, 98%=0.8092265129089355
ranking_best_algo: CMApara
ranking_best_score: 0.7459277895312499
ranking_my_rank: 61/504 (88.1%)
ranking_my_percent: 88.0952380952381
