ConfigName: krbf__advnormalizedfitness__M4__L12__eps0p015__g0p005__ds0p3__dm0p3
Problem: QUBO
Kernel: rbf
Advantage: normalizedfitness
M: 4
lambda: 12
epsilon_svgd: 0.015
gamma: 0.005
decay_start_ratio: 0.3
decay_min_factor: 0.3
bandwith_kernel: None
no_interact: False
avg_score: -196.72000122070312
median_score: -197.0
std_score: 12.307785987854004
percentiles: 2%=-224.0, 5%=-219.0500030517578, 10%=-212.3000030517578, 25%=-203.0, 50%=-197.0, 75%=-191.0, 90%=-178.89999389648438, 95%=-175.95001220703125, 98%=-174.0
ranking_best_algo: Tabu
ranking_best_score: 208.36000000000004
ranking_my_rank: 171/504 (66.3%)
ranking_my_percent: 66.26984126984127
