ConfigName: krbf__advnormalizedfitness__M1__L8__eps0p015__g0p005__ds0p3__dm0p3
Problem: NK
Kernel: rbf
Advantage: normalizedfitness
M: 1
lambda: 8
epsilon_svgd: 0.015
gamma: 0.005
decay_start_ratio: 0.3
decay_min_factor: 0.3
bandwith_kernel: None
no_interact: False
avg_score: 0.7207463979721069
median_score: 0.7210828065872192
std_score: 0.00853988528251648
percentiles: 2%=0.7037802934646606, 5%=0.7063162922859192, 10%=0.7095919847488403, 25%=0.7142701745033264, 50%=0.7210828065872192, 75%=0.7280488014221191, 90%=0.7313562631607056, 95%=0.7338473796844482, 98%=0.7354298233985901
ranking_best_algo: PBIL
ranking_best_score: 0.7170882103515624
ranking_my_rank: 1/504 (100.0%)
ranking_my_percent: 100.0
