ConfigName: kjsd__advperagentrankweighted__M3__L18__eps0p01__g0p0005__ds0p05__dm0p2
Problem: NK
Kernel: jsd
Advantage: peragentrankweighted
M: 3
lambda: 18
epsilon_svgd: 0.01
gamma: 0.0005
decay_start_ratio: 0.05
decay_min_factor: 0.2
bandwith_kernel: None
no_interact: False
avg_score: 0.7198688983917236
median_score: 0.7196738719940186
std_score: 0.007129420060664415
percentiles: 2%=0.7065648436546326, 5%=0.7088726758956909, 10%=0.7110440731048584, 25%=0.7155303955078125, 50%=0.7196738719940186, 75%=0.7238693237304688, 90%=0.7281906604766846, 95%=0.7344442009925842, 98%=0.7355321645736694
ranking_best_algo: PBIL
ranking_best_score: 0.7170882103515624
ranking_my_rank: 1/504 (100.0%)
ranking_my_percent: 100.0
