ConfigName: kjsd__advperagentrankweighted__M3__L16__eps0p01__g0p003__ds0p05__dm0p1
Problem: QUBO
Kernel: jsd
Advantage: peragentrankweighted
M: 3
lambda: 16
epsilon_svgd: 0.01
gamma: 0.003
decay_start_ratio: 0.05
decay_min_factor: 0.1
bandwith_kernel: None
no_interact: False
avg_score: -138.63999938964844
median_score: -141.0
std_score: 12.147031784057617
percentiles: 2%=-159.02000427246094, 5%=-158.0, 10%=-155.0, 25%=-146.0, 50%=-141.0, 75%=-130.0, 90%=-124.0, 95%=-114.9000015258789, 98%=-109.0
ranking_best_algo: DiscreteDE
ranking_best_score: 143.4
ranking_my_rank: 97/504 (81.0%)
ranking_my_percent: 80.95238095238095
