ConfigName: krbf__advnormalizedfitness__M3__L12__eps0p033__g0p01__ds0p01__dm0p01
Problem: QUBO
Kernel: rbf
Advantage: normalizedfitness
M: 3
lambda: 12
epsilon_svgd: 0.033
gamma: 0.01
decay_start_ratio: 0.01
decay_min_factor: 0.01
bandwith_kernel: None
no_interact: False
avg_score: -1590.739990234375
median_score: -1586.5
std_score: 82.85017395019531
percentiles: 2%=-1741.56005859375, 5%=-1714.1500244140625, 10%=-1700.4000244140625, 25%=-1652.0, 50%=-1586.5, 75%=-1529.75, 90%=-1492.800048828125, 95%=-1457.75, 98%=-1414.8399658203125
ranking_best_algo: NLOPT_LN_PRAXIS
ranking_best_score: 1607.12
ranking_my_rank: 39/504 (92.5%)
ranking_my_percent: 92.46031746031746
