ConfigName: kjsd__advperagentrankweighted__M3__L30__eps0p005__g0p0005__ds0p05__dm0p05
Problem: NK
Kernel: jsd
Advantage: peragentrankweighted
M: 3
lambda: 30
epsilon_svgd: 0.005
gamma: 0.0005
decay_start_ratio: 0.05
decay_min_factor: 0.05
bandwith_kernel: None
no_interact: False
avg_score: 0.7499179244041443
median_score: 0.7497354745864868
std_score: 0.009386111982166767
percentiles: 2%=0.7312316298484802, 5%=0.7347964644432068, 10%=0.7386714816093445, 25%=0.7440804243087769, 50%=0.7497354745864868, 75%=0.756881594657898, 90%=0.7608395218849182, 95%=0.7638132572174072, 98%=0.7683524489402771
ranking_best_algo: PBIL
ranking_best_score: 0.733570253046875
ranking_my_rank: 1/504 (100.0%)
ranking_my_percent: 100.0
