ConfigName: krbf__advnormalizedfitness__M3__L10__eps0p025__g0p001__ds0p05__dm0p05
Problem: QUBO
Kernel: rbf
Advantage: normalizedfitness
M: 3
lambda: 10
epsilon_svgd: 0.025
gamma: 0.001
decay_start_ratio: 0.05
decay_min_factor: 0.05
bandwith_kernel: None
no_interact: False
avg_score: -136.0800018310547
median_score: -137.0
std_score: 11.658199310302734
percentiles: 2%=-156.0, 5%=-154.0, 10%=-150.1999969482422, 25%=-145.25, 50%=-137.0, 75%=-127.0, 90%=-119.0, 95%=-116.9000015258789, 98%=-113.0
ranking_best_algo: DiscreteDE
ranking_best_score: 143.4
ranking_my_rank: 221/504 (56.3%)
ranking_my_percent: 56.34920634920635
