ConfigName: krbf__advnormalizedfitness__M4__L8__eps0p025__g0p015__ds0p01__dm0p3
Problem: QUBO
Kernel: rbf
Advantage: normalizedfitness
M: 4
lambda: 8
epsilon_svgd: 0.025
gamma: 0.015
decay_start_ratio: 0.01
decay_min_factor: 0.3
bandwith_kernel: None
no_interact: False
avg_score: -387.8999938964844
median_score: -386.0
std_score: 32.138916015625
percentiles: 2%=-453.3600158691406, 5%=-445.0, 10%=-428.8999938964844, 25%=-409.0, 50%=-386.0, 75%=-365.0, 90%=-351.79998779296875, 95%=-339.8000183105469, 98%=-327.77996826171875
ranking_best_algo: CMAL3
ranking_best_score: 435.36
ranking_my_rank: 274/504 (45.8%)
ranking_my_percent: 45.833333333333336
