ConfigName: kfr__advglobalrankweighted__M1__L8__eps0p015__g0p007__ds0p01__dm0p01
Problem: QUBO
Kernel: fr
Advantage: globalrankweighted
M: 1
lambda: 8
epsilon_svgd: 0.015
gamma: 0.007
decay_start_ratio: 0.01
decay_min_factor: 0.01
bandwith_kernel: None
no_interact: False
avg_score: -3215.800048828125
median_score: -3220.0
std_score: 124.6458969116211
percentiles: 2%=-3430.679931640625, 5%=-3391.300048828125, 10%=-3378.199951171875, 25%=-3309.0, 50%=-3220.0, 75%=-3150.75, 90%=-3047.0, 95%=-3012.75, 98%=-2959.2197265625
ranking_best_algo: RLSOnePlusOne
ranking_best_score: 3316.5199999999995
ranking_my_rank: 48/504 (90.7%)
ranking_my_percent: 90.67460317460318
