ConfigName: kjsd__advperagentrankweighted__M4__L8__eps0p005__g0p0007__ds0p05__dm0p05
Problem: NK
Kernel: jsd
Advantage: peragentrankweighted
M: 4
lambda: 8
epsilon_svgd: 0.005
gamma: 0.0007
decay_start_ratio: 0.05
decay_min_factor: 0.05
bandwith_kernel: None
no_interact: False
avg_score: 0.7534553408622742
median_score: 0.7537321448326111
std_score: 0.012825507670640945
percentiles: 2%=0.7293819785118103, 5%=0.7312396168708801, 10%=0.7369786500930786, 25%=0.7442312240600586, 50%=0.7537321448326111, 75%=0.7629574537277222, 90%=0.76866614818573, 95%=0.7751997113227844, 98%=0.7796594500541687
ranking_best_algo: Tabu
ranking_best_score: 0.7657846284375001
ranking_my_rank: 9/504 (98.4%)
ranking_my_percent: 98.41269841269842
