ConfigName: kjsd__advperagentrankweighted__M3__L16__eps0p005__g0p003__ds0p1__dm0p05
Problem: QUBO
Kernel: jsd
Advantage: peragentrankweighted
M: 3
lambda: 16
epsilon_svgd: 0.005
gamma: 0.003
decay_start_ratio: 0.1
decay_min_factor: 0.05
bandwith_kernel: None
no_interact: False
avg_score: -1173.47998046875
median_score: -1164.5
std_score: 73.27775573730469
percentiles: 2%=-1347.52001953125, 5%=-1321.699951171875, 10%=-1262.800048828125, 25%=-1208.25, 50%=-1164.5, 75%=-1128.75, 90%=-1095.5999755859375, 95%=-1077.0, 98%=-1048.780029296875
ranking_best_algo: Tabu
ranking_best_score: 1216.16
ranking_my_rank: 85/504 (83.3%)
ranking_my_percent: 83.33333333333333
