ConfigName: krbf__advnormalizedfitness__M4__L10__eps0p03__g0p01__ds0p05__dm0p05
Problem: NK
Kernel: rbf
Advantage: normalizedfitness
M: 4
lambda: 10
epsilon_svgd: 0.03
gamma: 0.01
decay_start_ratio: 0.05
decay_min_factor: 0.05
bandwith_kernel: None
no_interact: False
avg_score: 0.6187289953231812
median_score: 0.6139135360717773
std_score: 0.019683247432112694
percentiles: 2%=0.5962546467781067, 5%=0.5981814861297607, 10%=0.5992394685745239, 25%=0.60402911901474, 50%=0.6139135360717773, 75%=0.6282637119293213, 90%=0.6419840455055237, 95%=0.6564592123031616, 98%=0.6723998785018921
ranking_best_algo: PBIL
ranking_best_score: 0.7170882103515624
ranking_my_rank: 314/504 (37.9%)
ranking_my_percent: 37.8968253968254
