ConfigName: krbf__advnormalizedfitness__M4__L12__eps0p033__g0p015__ds0p01__dm0p01
Problem: NK
Kernel: rbf
Advantage: normalizedfitness
M: 4
lambda: 12
epsilon_svgd: 0.033
gamma: 0.015
decay_start_ratio: 0.01
decay_min_factor: 0.01
bandwith_kernel: None
no_interact: False
avg_score: 0.7023741006851196
median_score: 0.7043296694755554
std_score: 0.012445119209587574
percentiles: 2%=0.6826926469802856, 5%=0.6837233901023865, 10%=0.6858760118484497, 25%=0.6908358335494995, 50%=0.7043296694755554, 75%=0.7138544321060181, 90%=0.7168208360671997, 95%=0.71932452917099, 98%=0.7212891578674316
ranking_best_algo: PBIL
ranking_best_score: 0.7013553837109374
ranking_my_rank: 1/504 (100.0%)
ranking_my_percent: 100.0
