ConfigName: krbf__advnormalizedfitness__M4__L8__eps0p033__g0p007__ds0p15__dm0p01
Problem: QUBO
Kernel: rbf
Advantage: normalizedfitness
M: 4
lambda: 8
epsilon_svgd: 0.033
gamma: 0.007
decay_start_ratio: 0.15
decay_min_factor: 0.01
bandwith_kernel: None
no_interact: False
avg_score: -441.20001220703125
median_score: -440.5
std_score: 23.179302215576172
percentiles: 2%=-487.1000061035156, 5%=-479.04998779296875, 10%=-470.20001220703125, 25%=-458.25, 50%=-440.5, 75%=-425.75, 90%=-411.79998779296875, 95%=-406.95001220703125, 98%=-391.94000244140625
ranking_best_algo: CMApara
ranking_best_score: 453.82
ranking_my_rank: 12/504 (97.8%)
ranking_my_percent: 97.81746031746032
