ConfigName: kjsd__advperagentrankweighted__M3__L16__eps0p007__g0p003__ds0p1__dm0p05
Problem: QUBO
Kernel: jsd
Advantage: peragentrankweighted
M: 3
lambda: 16
epsilon_svgd: 0.007
gamma: 0.003
decay_start_ratio: 0.1
decay_min_factor: 0.05
bandwith_kernel: None
no_interact: False
avg_score: -198.83999633789062
median_score: -199.0
std_score: 12.575150489807129
percentiles: 2%=-224.0, 5%=-224.0, 10%=-217.1999969482422, 25%=-207.0, 50%=-199.0, 75%=-192.0, 90%=-181.0, 95%=-178.9499969482422, 98%=-175.97999572753906
ranking_best_algo: Tabu
ranking_best_score: 208.36000000000004
ranking_my_rank: 89/504 (82.5%)
ranking_my_percent: 82.53968253968254
