ConfigName: kjsd__advperagentrankweighted__M4__L12__eps0p02__g0p0005__ds0p2__dm0p05
Problem: NK
Kernel: jsd
Advantage: peragentrankweighted
M: 4
lambda: 12
epsilon_svgd: 0.02
gamma: 0.0005
decay_start_ratio: 0.2
decay_min_factor: 0.05
bandwith_kernel: None
no_interact: False
avg_score: 0.7484925985336304
median_score: 0.7466627955436707
std_score: 0.01281050406396389
percentiles: 2%=0.7284195423126221, 5%=0.7302047610282898, 10%=0.733326256275177, 25%=0.7400079369544983, 50%=0.7466627955436707, 75%=0.7560450434684753, 90%=0.7694839239120483, 95%=0.7703481912612915, 98%=0.7720256447792053
ranking_best_algo: Tabu
ranking_best_score: 0.7657846284375001
ranking_my_rank: 31/504 (94.0%)
ranking_my_percent: 94.04761904761905
