ConfigName: kfr__advglobalrankweighted__M4__L24__eps0p015__g0p007__ds0p01__dm0p01
Problem: QUBO
Kernel: fr
Advantage: globalrankweighted
M: 4
lambda: 24
epsilon_svgd: 0.015
gamma: 0.007
decay_start_ratio: 0.01
decay_min_factor: 0.01
bandwith_kernel: None
no_interact: False
avg_score: -2143.8798828125
median_score: -2131.0
std_score: 143.9581298828125
percentiles: 2%=-2395.39990234375, 5%=-2377.85009765625, 10%=-2350.39990234375, 25%=-2254.75, 50%=-2131.0, 75%=-2050.25, 90%=-1951.4000244140625, 95%=-1915.0, 98%=-1890.93994140625
ranking_best_algo: DiscreteLengler2OnePlusOne
ranking_best_score: 2617.04
ranking_my_rank: 217/504 (57.1%)
ranking_my_percent: 57.142857142857146
