ConfigName: kfr__advglobalrankweighted__M5__L8__eps0p02__g0p005__ds0p01__dm0p01
Problem: QUBO
Kernel: fr
Advantage: globalrankweighted
M: 5
lambda: 8
epsilon_svgd: 0.02
gamma: 0.005
decay_start_ratio: 0.01
decay_min_factor: 0.01
bandwith_kernel: None
no_interact: False
avg_score: -1562.52001953125
median_score: -1554.0
std_score: 70.88687896728516
percentiles: 2%=-1706.239990234375, 5%=-1678.1500244140625, 10%=-1667.0, 25%=-1615.25, 50%=-1554.0, 75%=-1503.75, 90%=-1476.800048828125, 95%=-1457.0, 98%=-1453.0
ranking_best_algo: NLOPT_LN_PRAXIS
ranking_best_score: 1607.12
ranking_my_rank: 49/504 (90.5%)
ranking_my_percent: 90.47619047619048
