ConfigName: kjsd__advperagentrankweighted__M4__L24__eps0p03__g0p0003__ds0p05__dm0p05
Problem: QUBO
Kernel: jsd
Advantage: peragentrankweighted
M: 4
lambda: 24
epsilon_svgd: 0.03
gamma: 0.0003
decay_start_ratio: 0.05
decay_min_factor: 0.05
bandwith_kernel: None
no_interact: False
avg_score: -1226.9599609375
median_score: -1228.5
std_score: 58.583091735839844
percentiles: 2%=-1346.219970703125, 5%=-1321.1500244140625, 10%=-1297.4000244140625, 25%=-1270.0, 50%=-1228.5, 75%=-1181.75, 90%=-1151.9000244140625, 95%=-1131.0, 98%=-1113.97998046875
ranking_best_algo: SVMMetaModelLogNormal
ranking_best_score: 1233.7999999999997
ranking_my_rank: 13/504 (97.6%)
ranking_my_percent: 97.61904761904762
