ConfigName: kjsd__advperagentrankweighted__M4__L20__eps0p007__g0p0005__ds0p05__dm0p1
Problem: NK
Kernel: jsd
Advantage: peragentrankweighted
M: 4
lambda: 20
epsilon_svgd: 0.007
gamma: 0.0005
decay_start_ratio: 0.05
decay_min_factor: 0.1
bandwith_kernel: None
no_interact: False
avg_score: 0.7361554503440857
median_score: 0.7383732795715332
std_score: 0.008708544075489044
percentiles: 2%=0.7156887650489807, 5%=0.7189770340919495, 10%=0.722112774848938, 25%=0.7327916026115417, 50%=0.7383732795715332, 75%=0.7420486807823181, 90%=0.744709849357605, 95%=0.7468370795249939, 98%=0.7484903335571289
ranking_best_algo: PBIL
ranking_best_score: 0.7248786399609374
ranking_my_rank: 1/504 (100.0%)
ranking_my_percent: 100.0
