ConfigName: kjsd__advperagentrankweighted__M3__L16__eps0p01__g0p0005__ds0p05__dm0p05
Problem: NK
Kernel: jsd
Advantage: peragentrankweighted
M: 3
lambda: 16
epsilon_svgd: 0.01
gamma: 0.0005
decay_start_ratio: 0.05
decay_min_factor: 0.05
bandwith_kernel: None
no_interact: False
avg_score: 0.7411394715309143
median_score: 0.7399098873138428
std_score: 0.008228573948144913
percentiles: 2%=0.7274184226989746, 5%=0.7285897731781006, 10%=0.7310697436332703, 25%=0.7359822988510132, 50%=0.7399098873138428, 75%=0.7461192011833191, 90%=0.7513272762298584, 95%=0.7562044262886047, 98%=0.7589213848114014
ranking_best_algo: PBIL
ranking_best_score: 0.733570253046875
ranking_my_rank: 1/504 (100.0%)
ranking_my_percent: 100.0
