ConfigName: kjsd__advperagentrankweighted__M4__L24__eps0p03__g0p0003__ds0p05__dm0p05
Problem: QUBO
Kernel: jsd
Advantage: peragentrankweighted
M: 4
lambda: 24
epsilon_svgd: 0.03
gamma: 0.0003
decay_start_ratio: 0.05
decay_min_factor: 0.05
bandwith_kernel: None
no_interact: False
avg_score: -1160.6400146484375
median_score: -1161.0
std_score: 57.99216079711914
percentiles: 2%=-1307.0400390625, 5%=-1258.4000244140625, 10%=-1231.0999755859375, 25%=-1190.0, 50%=-1161.0, 75%=-1118.0, 90%=-1094.199951171875, 95%=-1079.0, 98%=-1046.8399658203125
ranking_best_algo: Tabu
ranking_best_score: 1216.16
ranking_my_rank: 100/504 (80.4%)
ranking_my_percent: 80.35714285714286
