ConfigName: kfr__advglobalrankweighted__M6__L8__eps0p01__g0p007__ds0p01__dm0p01
Problem: QUBO
Kernel: fr
Advantage: globalrankweighted
M: 6
lambda: 8
epsilon_svgd: 0.01
gamma: 0.007
decay_start_ratio: 0.01
decay_min_factor: 0.01
bandwith_kernel: None
no_interact: False
avg_score: -1134.1400146484375
median_score: -1130.0
std_score: 97.96979522705078
percentiles: 2%=-1358.4599609375, 5%=-1283.800048828125, 10%=-1260.5999755859375, 25%=-1202.75, 50%=-1130.0, 75%=-1062.25, 90%=-1010.5999755859375, 95%=-991.550048828125, 98%=-964.2798461914062
ranking_best_algo: NLOPT_LN_PRAXIS
ranking_best_score: 1607.12
ranking_my_rank: 282/504 (44.2%)
ranking_my_percent: 44.24603174603175
