ConfigName: kjsd__advperagentrankweighted__M3__L16__eps0p005__g0p0005__ds0p1__dm0p2
Problem: NK
Kernel: jsd
Advantage: peragentrankweighted
M: 3
lambda: 16
epsilon_svgd: 0.005
gamma: 0.0005
decay_start_ratio: 0.1
decay_min_factor: 0.2
bandwith_kernel: None
no_interact: False
avg_score: 0.7475296854972839
median_score: 0.7474505305290222
std_score: 0.009535850957036018
percentiles: 2%=0.7267284989356995, 5%=0.7320152521133423, 10%=0.7354108095169067, 25%=0.741464376449585, 50%=0.7474505305290222, 75%=0.7543168067932129, 90%=0.7599583864212036, 95%=0.7634546160697937, 98%=0.7656562328338623
ranking_best_algo: PBIL
ranking_best_score: 0.733570253046875
ranking_my_rank: 1/504 (100.0%)
ranking_my_percent: 100.0
