ConfigName: kjsd__advperagentrankweighted__M3__L18__eps0p005__g0p001__ds0p05__dm0p05
Problem: NK
Kernel: jsd
Advantage: peragentrankweighted
M: 3
lambda: 18
epsilon_svgd: 0.005
gamma: 0.001
decay_start_ratio: 0.05
decay_min_factor: 0.05
bandwith_kernel: None
no_interact: False
avg_score: 0.7597392797470093
median_score: 0.7592273950576782
std_score: 0.01241853553801775
percentiles: 2%=0.7404088973999023, 5%=0.7409177422523499, 10%=0.7446390390396118, 25%=0.7506383657455444, 50%=0.7592273950576782, 75%=0.7683454155921936, 90%=0.7775453925132751, 95%=0.7796810269355774, 98%=0.7852174043655396
ranking_best_algo: Tabu
ranking_best_score: 0.7470791764843752
ranking_my_rank: 1/504 (100.0%)
ranking_my_percent: 100.0
