ConfigName: kjsd__advperagentrankweighted__M3__L18__eps0p01__g0p001__ds0p05__dm0p1
Problem: QUBO
Kernel: jsd
Advantage: peragentrankweighted
M: 3
lambda: 18
epsilon_svgd: 0.01
gamma: 0.001
decay_start_ratio: 0.05
decay_min_factor: 0.1
bandwith_kernel: None
no_interact: False
avg_score: -2649.179931640625
median_score: -2639.0
std_score: 126.14058685302734
percentiles: 2%=-2867.139892578125, 5%=-2842.14990234375, 10%=-2807.300048828125, 25%=-2751.0, 50%=-2639.0, 75%=-2564.0, 90%=-2487.199951171875, 95%=-2445.0, 98%=-2349.919921875
ranking_best_algo: DiscreteLengler2OnePlusOne
ranking_best_score: 2617.04
ranking_my_rank: 1/504 (100.0%)
ranking_my_percent: 100.0
