ConfigName: kjsd__advperagentrankweighted__M4__L10__eps0p03__g0p0005__ds0p2__dm0p05
Problem: NK
Kernel: jsd
Advantage: peragentrankweighted
M: 4
lambda: 10
epsilon_svgd: 0.03
gamma: 0.0005
decay_start_ratio: 0.2
decay_min_factor: 0.05
bandwith_kernel: None
no_interact: False
avg_score: 0.7254349589347839
median_score: 0.7246644496917725
std_score: 0.0088339326903224
percentiles: 2%=0.7105228304862976, 5%=0.7120233774185181, 10%=0.7148199677467346, 25%=0.7200067639350891, 50%=0.7246644496917725, 75%=0.7307413220405579, 90%=0.7369470000267029, 95%=0.7425726652145386, 98%=0.7445178627967834
ranking_best_algo: PBIL
ranking_best_score: 0.733570253046875
ranking_my_rank: 19/504 (96.4%)
ranking_my_percent: 96.42857142857143
