ConfigName: krbf__advnormalizedfitness__M1__L8__eps0p015__g0p005__ds0p15__dm0p01
Problem: QUBO
Kernel: rbf
Advantage: normalizedfitness
M: 1
lambda: 8
epsilon_svgd: 0.015
gamma: 0.005
decay_start_ratio: 0.15
decay_min_factor: 0.01
bandwith_kernel: None
no_interact: False
avg_score: -1214.52001953125
median_score: -1207.5
std_score: 73.25209045410156
percentiles: 2%=-1347.219970703125, 5%=-1345.050048828125, 10%=-1329.5999755859375, 25%=-1257.0, 50%=-1207.5, 75%=-1159.75, 90%=-1138.800048828125, 95%=-1110.9000244140625, 98%=-1068.919921875
ranking_best_algo: SVMMetaModelLogNormal
ranking_best_score: 1233.7999999999997
ranking_my_rank: 42/504 (91.9%)
ranking_my_percent: 91.86507936507937
