ConfigName: kjsd__advperagentrankweighted__M4__L20__eps0p005__g0p0005__ds0p05__dm0p1
Problem: QUBO
Kernel: jsd
Advantage: peragentrankweighted
M: 4
lambda: 20
epsilon_svgd: 0.005
gamma: 0.0005
decay_start_ratio: 0.05
decay_min_factor: 0.1
bandwith_kernel: None
no_interact: False
avg_score: -2573.0400390625
median_score: -2557.0
std_score: 125.25812530517578
percentiles: 2%=-2835.159912109375, 5%=-2798.800048828125, 10%=-2747.39990234375, 25%=-2656.5, 50%=-2557.0, 75%=-2484.75, 90%=-2418.60009765625, 95%=-2387.300048828125, 98%=-2353.639892578125
ranking_best_algo: SVM1MetaModelLogNormal
ranking_best_score: 2605.14
ranking_my_rank: 14/504 (97.4%)
ranking_my_percent: 97.42063492063492
