ConfigName: krbf__advnormalizedfitness__M3__L8__eps0p015__g0p01__ds0p15__dm0p01
Problem: NK
Kernel: rbf
Advantage: normalizedfitness
M: 3
lambda: 8
epsilon_svgd: 0.015
gamma: 0.01
decay_start_ratio: 0.15
decay_min_factor: 0.01
bandwith_kernel: None
no_interact: False
avg_score: 0.7109915018081665
median_score: 0.7115770578384399
std_score: 0.015268396586179733
percentiles: 2%=0.6720587611198425, 5%=0.6734259128570557, 10%=0.6970595717430115, 25%=0.7087764739990234, 50%=0.7115770578384399, 75%=0.7196811437606812, 90%=0.7254104018211365, 95%=0.7323964834213257, 98%=0.7339966893196106
ranking_best_algo: CMApara
ranking_best_score: 0.707475975
ranking_my_rank: 1/504 (100.0%)
ranking_my_percent: 100.0
