ConfigName: krbf__advnormalizedfitness__M3__L8__eps0p015__g0p007__ds0p15__dm0p3
Problem: NK
Kernel: rbf
Advantage: normalizedfitness
M: 3
lambda: 8
epsilon_svgd: 0.015
gamma: 0.007
decay_start_ratio: 0.15
decay_min_factor: 0.3
bandwith_kernel: None
no_interact: False
avg_score: 0.7232772707939148
median_score: 0.7197413444519043
std_score: 0.014733336865901947
percentiles: 2%=0.6970794796943665, 5%=0.7043120861053467, 10%=0.7053989768028259, 25%=0.7127127647399902, 50%=0.7197413444519043, 75%=0.7334257364273071, 90%=0.7445157170295715, 95%=0.7468952536582947, 98%=0.7523307204246521
ranking_best_algo: PBIL
ranking_best_score: 0.733570253046875
ranking_my_rank: 45/504 (91.3%)
ranking_my_percent: 91.26984126984127
