ConfigName: kjsd__advperagentrankweighted__M3__L24__eps0p005__g0p0005__ds0p2__dm0p2
Problem: QUBO
Kernel: jsd
Advantage: peragentrankweighted
M: 3
lambda: 24
epsilon_svgd: 0.005
gamma: 0.0005
decay_start_ratio: 0.2
decay_min_factor: 0.2
bandwith_kernel: None
no_interact: False
avg_score: -425.4599914550781
median_score: -425.0
std_score: 28.148685455322266
percentiles: 2%=-477.0400085449219, 5%=-475.0, 10%=-462.5, 25%=-445.0, 50%=-425.0, 75%=-408.0, 90%=-388.79998779296875, 95%=-378.8999938964844, 98%=-368.9599914550781
ranking_best_algo: CMAL3
ranking_best_score: 435.36
ranking_my_rank: 27/504 (94.8%)
ranking_my_percent: 94.84126984126983
