ConfigName: kjsd__advperagentrankweighted__M3__L16__eps0p005__g0p0005__ds0p2__dm0p1
Problem: NK
Kernel: jsd
Advantage: peragentrankweighted
M: 3
lambda: 16
epsilon_svgd: 0.005
gamma: 0.0005
decay_start_ratio: 0.2
decay_min_factor: 0.1
bandwith_kernel: None
no_interact: False
avg_score: 0.7071160674095154
median_score: 0.7094533443450928
std_score: 0.011830395087599754
percentiles: 2%=0.6875478029251099, 5%=0.6884162425994873, 10%=0.6922649145126343, 25%=0.6960052251815796, 50%=0.7094533443450928, 75%=0.7176234126091003, 90%=0.721075713634491, 95%=0.722228467464447, 98%=0.7232428789138794
ranking_best_algo: PBIL
ranking_best_score: 0.7013553837109374
ranking_my_rank: 1/504 (100.0%)
ranking_my_percent: 100.0
