ConfigName: krbf__advnormalizedfitness__M3__L15__eps0p025__g0p015__ds0p15__dm0p01
Problem: QUBO
Kernel: rbf
Advantage: normalizedfitness
M: 3
lambda: 15
epsilon_svgd: 0.025
gamma: 0.015
decay_start_ratio: 0.15
decay_min_factor: 0.01
bandwith_kernel: None
no_interact: False
avg_score: -430.6000061035156
median_score: -431.0
std_score: 24.80644989013672
percentiles: 2%=-477.0400085449219, 5%=-470.04998779296875, 10%=-465.0, 25%=-449.0, 50%=-431.0, 75%=-414.0, 90%=-399.6000061035156, 95%=-387.9000244140625, 98%=-379.8799743652344
ranking_best_algo: CMApara
ranking_best_score: 453.82
ranking_my_rank: 87/504 (82.9%)
ranking_my_percent: 82.93650793650794
