ConfigName: krbf__advnormalizedfitness__M4__L10__eps0p025__g0p005__ds0p05__dm0p05
Problem: QUBO
Kernel: rbf
Advantage: normalizedfitness
M: 4
lambda: 10
epsilon_svgd: 0.025
gamma: 0.005
decay_start_ratio: 0.05
decay_min_factor: 0.05
bandwith_kernel: None
no_interact: False
avg_score: -428.44000244140625
median_score: -427.5
std_score: 27.540632247924805
percentiles: 2%=-481.0400085449219, 5%=-475.1000061035156, 10%=-471.20001220703125, 25%=-443.25, 50%=-427.5, 75%=-411.0, 90%=-400.79998779296875, 95%=-387.8500061035156, 98%=-365.7200012207031
ranking_best_algo: CMAL3
ranking_best_score: 435.36
ranking_my_rank: 15/504 (97.2%)
ranking_my_percent: 97.22222222222223
