ConfigName: kjsd__advperagentrankweighted__M3__L24__eps0p007__g0p001__ds0p1__dm0p1
Problem: QUBO
Kernel: jsd
Advantage: peragentrankweighted
M: 3
lambda: 24
epsilon_svgd: 0.007
gamma: 0.001
decay_start_ratio: 0.1
decay_min_factor: 0.1
bandwith_kernel: None
no_interact: False
avg_score: -147.77999877929688
median_score: -146.0
std_score: 12.754278182983398
percentiles: 2%=-179.0, 5%=-179.0, 10%=-160.0, 25%=-155.0, 50%=-146.0, 75%=-139.0, 90%=-133.89999389648438, 95%=-128.89999389648438, 98%=-121.86000061035156
ranking_best_algo: CMApara
ranking_best_score: 154.28
ranking_my_rank: 91/504 (82.1%)
ranking_my_percent: 82.14285714285714
