ConfigName: kjsd__advperagentrankweighted__M3__L16__eps0p01__g0p001__ds0p1__dm0p2
Problem: QUBO
Kernel: jsd
Advantage: peragentrankweighted
M: 3
lambda: 16
epsilon_svgd: 0.01
gamma: 0.001
decay_start_ratio: 0.1
decay_min_factor: 0.2
bandwith_kernel: None
no_interact: False
avg_score: -1243.5999755859375
median_score: -1243.0
std_score: 60.002506256103516
percentiles: 2%=-1356.199951171875, 5%=-1341.25, 10%=-1322.699951171875, 25%=-1283.25, 50%=-1243.0, 75%=-1196.75, 90%=-1177.5, 95%=-1146.9000244140625, 98%=-1116.8399658203125
ranking_best_algo: SVMMetaModelLogNormal
ranking_best_score: 1233.7999999999997
ranking_my_rank: 1/504 (100.0%)
ranking_my_percent: 100.0
