ConfigName: krbf__advnormalizedfitness__M4__L10__eps0p025__g0p01__ds0p01__dm0p3
Problem: QUBO
Kernel: rbf
Advantage: normalizedfitness
M: 4
lambda: 10
epsilon_svgd: 0.025
gamma: 0.01
decay_start_ratio: 0.01
decay_min_factor: 0.3
bandwith_kernel: None
no_interact: False
avg_score: -811.4000244140625
median_score: -801.5
std_score: 81.6968765258789
percentiles: 2%=-997.219970703125, 5%=-974.2999877929688, 10%=-935.0, 25%=-860.75, 50%=-801.5, 75%=-751.5, 90%=-721.2999877929688, 95%=-695.75, 98%=-685.9599609375
ranking_best_algo: CMAL3
ranking_best_score: 928.5800000000002
ranking_my_rank: 266/504 (47.4%)
ranking_my_percent: 47.42063492063492
