ConfigName: kfr__advglobalrankweighted__M5__L11__eps0p01__g0p003__ds0p01__dm0p01
Problem: QUBO
Kernel: fr
Advantage: globalrankweighted
M: 5
lambda: 11
epsilon_svgd: 0.01
gamma: 0.003
decay_start_ratio: 0.01
decay_min_factor: 0.01
bandwith_kernel: None
no_interact: False
avg_score: -2460.280029296875
median_score: -2470.5
std_score: 157.44981384277344
percentiles: 2%=-2701.52001953125, 5%=-2683.10009765625, 10%=-2640.10009765625, 25%=-2587.0, 50%=-2470.5, 75%=-2358.25, 90%=-2247.800048828125, 95%=-2203.89990234375, 98%=-2173.3994140625
ranking_best_algo: DiscreteLengler2OnePlusOne
ranking_best_score: 2617.04
ranking_my_rank: 88/504 (82.7%)
ranking_my_percent: 82.73809523809524
