ConfigName: kjsd__advperagentrankweighted__M3__L16__eps0p01__g0p001__ds0p05__dm0p05
Problem: QUBO
Kernel: jsd
Advantage: peragentrankweighted
M: 3
lambda: 16
epsilon_svgd: 0.01
gamma: 0.001
decay_start_ratio: 0.05
decay_min_factor: 0.05
bandwith_kernel: None
no_interact: False
avg_score: -1191.5400390625
median_score: -1185.5
std_score: 63.3394660949707
percentiles: 2%=-1341.1199951171875, 5%=-1299.050048828125, 10%=-1271.0999755859375, 25%=-1234.0, 50%=-1185.5, 75%=-1151.25, 90%=-1101.800048828125, 95%=-1083.949951171875, 98%=-1078.97998046875
ranking_best_algo: Tabu
ranking_best_score: 1216.16
ranking_my_rank: 50/504 (90.3%)
ranking_my_percent: 90.27777777777777
