ConfigName: krbf__advnormalizedfitness__M4__L8__eps0p033__g0p01__ds0p01__dm0p3
Problem: QUBO
Kernel: rbf
Advantage: normalizedfitness
M: 4
lambda: 8
epsilon_svgd: 0.033
gamma: 0.01
decay_start_ratio: 0.01
decay_min_factor: 0.3
bandwith_kernel: None
no_interact: False
avg_score: -425.6199951171875
median_score: -424.5
std_score: 24.60031509399414
percentiles: 2%=-479.0, 5%=-471.0, 10%=-457.6000061035156, 25%=-441.25, 50%=-424.5, 75%=-407.0, 90%=-396.8999938964844, 95%=-382.9000244140625, 98%=-378.0
ranking_best_algo: CMAL3
ranking_best_score: 435.36
ranking_my_rank: 26/504 (95.0%)
ranking_my_percent: 95.03968253968254
