ConfigName: kjsd__advperagentrankweighted__M3__L20__eps0p005__g0p0005__ds0p05__dm0p1
Problem: QUBO
Kernel: jsd
Advantage: peragentrankweighted
M: 3
lambda: 20
epsilon_svgd: 0.005
gamma: 0.0005
decay_start_ratio: 0.05
decay_min_factor: 0.1
bandwith_kernel: None
no_interact: False
avg_score: -3308.800048828125
median_score: -3298.0
std_score: 121.99507904052734
percentiles: 2%=-3590.52001953125, 5%=-3506.10009765625, 10%=-3466.39990234375, 25%=-3393.0, 50%=-3298.0, 75%=-3216.25, 90%=-3160.699951171875, 95%=-3123.949951171875, 98%=-3085.840087890625
ranking_best_algo: RLSOnePlusOne
ranking_best_score: 3316.5199999999995
ranking_my_rank: 2/504 (99.8%)
ranking_my_percent: 99.8015873015873
