ConfigName: kfr__advglobalrankweighted__M4__L24__eps0p03__g0p001__ds0p01__dm0p01
Problem: QUBO
Kernel: fr
Advantage: globalrankweighted
M: 4
lambda: 24
epsilon_svgd: 0.03
gamma: 0.001
decay_start_ratio: 0.01
decay_min_factor: 0.01
bandwith_kernel: None
no_interact: False
avg_score: -436.2799987792969
median_score: -434.5
std_score: 26.000030517578125
percentiles: 2%=-479.2200012207031, 5%=-473.1000061035156, 10%=-468.0, 25%=-459.25, 50%=-434.5, 75%=-418.75, 90%=-403.0, 95%=-389.8999938964844, 98%=-385.9200134277344
ranking_best_algo: CMApara
ranking_best_score: 453.82
ranking_my_rank: 30/504 (94.2%)
ranking_my_percent: 94.24603174603175
