ConfigName: kjsd__advperagentrankweighted__M5__L8__eps0p03__g0p0007__ds0p05__dm0p05
Problem: NK
Kernel: jsd
Advantage: peragentrankweighted
M: 5
lambda: 8
epsilon_svgd: 0.03
gamma: 0.0007
decay_start_ratio: 0.05
decay_min_factor: 0.05
bandwith_kernel: None
no_interact: False
avg_score: 0.7442275881767273
median_score: 0.7445101737976074
std_score: 0.013578236103057861
percentiles: 2%=0.7221762537956238, 5%=0.7232041954994202, 10%=0.7254645824432373, 25%=0.7347410917282104, 50%=0.7445101737976074, 75%=0.7530257701873779, 90%=0.7610962390899658, 95%=0.7679352164268494, 98%=0.7719023823738098
ranking_best_algo: Tabu
ranking_best_score: 0.7470791764843752
ranking_my_rank: 3/504 (99.6%)
ranking_my_percent: 99.60317460317461
