ConfigName: kjsd__advperagentrankweighted__M5__L10__eps0p008__g0p0005__ds0p05__dm0p05
Problem: QUBO
Kernel: jsd
Advantage: peragentrankweighted
M: 5
lambda: 10
epsilon_svgd: 0.008
gamma: 0.0005
decay_start_ratio: 0.05
decay_min_factor: 0.05
bandwith_kernel: None
no_interact: False
avg_score: -1245.97998046875
median_score: -1243.5
std_score: 55.045616149902344
percentiles: 2%=-1358.06005859375, 5%=-1352.0, 10%=-1315.9000244140625, 25%=-1282.25, 50%=-1243.5, 75%=-1201.0, 90%=-1178.800048828125, 95%=-1168.8499755859375, 98%=-1152.760009765625
ranking_best_algo: SVMMetaModelLogNormal
ranking_best_score: 1233.7999999999997
ranking_my_rank: 1/504 (100.0%)
ranking_my_percent: 100.0
