ConfigName: krbf__advnormalizedfitness__M3__L10__eps0p015__g0p01__ds0p01__dm0p01
Problem: QUBO
Kernel: rbf
Advantage: normalizedfitness
M: 3
lambda: 10
epsilon_svgd: 0.015
gamma: 0.01
decay_start_ratio: 0.01
decay_min_factor: 0.01
bandwith_kernel: None
no_interact: False
avg_score: -1175.8399658203125
median_score: -1165.5
std_score: 61.421119689941406
percentiles: 2%=-1359.0799560546875, 5%=-1273.0999755859375, 10%=-1245.800048828125, 25%=-1206.25, 50%=-1165.5, 75%=-1136.0, 90%=-1101.9000244140625, 95%=-1093.7000732421875, 98%=-1085.739990234375
ranking_best_algo: Tabu
ranking_best_score: 1216.16
ranking_my_rank: 82/504 (83.9%)
ranking_my_percent: 83.92857142857143
