ConfigName: krbf__advnormalizedfitness__M3__L8__eps0p033__g0p01__ds0p01__dm0p01
Problem: QUBO
Kernel: rbf
Advantage: normalizedfitness
M: 3
lambda: 8
epsilon_svgd: 0.033
gamma: 0.01
decay_start_ratio: 0.01
decay_min_factor: 0.01
bandwith_kernel: None
no_interact: False
avg_score: -1219.9200439453125
median_score: -1219.0
std_score: 67.95243835449219
percentiles: 2%=-1390.1199951171875, 5%=-1331.199951171875, 10%=-1309.800048828125, 25%=-1259.5, 50%=-1219.0, 75%=-1173.0, 90%=-1132.9000244140625, 95%=-1118.75, 98%=-1102.7999267578125
ranking_best_algo: SVMMetaModelLogNormal
ranking_best_score: 1233.7999999999997
ranking_my_rank: 40/504 (92.3%)
ranking_my_percent: 92.26190476190476
