ConfigName: krbf__advnormalizedfitness__M4__L15__eps0p025__g0p015__ds0p15__dm0p3
Problem: QUBO
Kernel: rbf
Advantage: normalizedfitness
M: 4
lambda: 15
epsilon_svgd: 0.025
gamma: 0.015
decay_start_ratio: 0.15
decay_min_factor: 0.3
bandwith_kernel: None
no_interact: False
avg_score: -532.8800048828125
median_score: -520.5
std_score: 65.91453552246094
percentiles: 2%=-699.8800048828125, 5%=-644.5, 10%=-604.2000122070312, 25%=-551.5, 50%=-520.5, 75%=-493.75, 90%=-468.8999938964844, 95%=-462.8500061035156, 98%=-451.94000244140625
ranking_best_algo: Tabu
ranking_best_score: 1216.16
ranking_my_rank: 393/504 (22.2%)
ranking_my_percent: 22.22222222222222
