ConfigName: kjsd__advperagentrankweighted__M3__L16__eps0p007__g0p001__ds0p1__dm0p1
Problem: QUBO
Kernel: jsd
Advantage: peragentrankweighted
M: 3
lambda: 16
epsilon_svgd: 0.007
gamma: 0.001
decay_start_ratio: 0.1
decay_min_factor: 0.1
bandwith_kernel: None
no_interact: False
avg_score: -199.27999877929688
median_score: -199.5
std_score: 12.45959758758545
percentiles: 2%=-224.0, 5%=-221.0500030517578, 10%=-215.0, 25%=-209.0, 50%=-199.5, 75%=-190.0, 90%=-182.89999389648438, 95%=-179.0, 98%=-177.9199981689453
ranking_best_algo: Tabu
ranking_best_score: 208.36000000000004
ranking_my_rank: 86/504 (83.1%)
ranking_my_percent: 83.13492063492063
