ConfigName: krbf__advnormalizedfitness__M3__L10__eps0p025__g0p015__ds0p01__dm0p3
Problem: QUBO
Kernel: rbf
Advantage: normalizedfitness
M: 3
lambda: 10
epsilon_svgd: 0.025
gamma: 0.015
decay_start_ratio: 0.01
decay_min_factor: 0.3
bandwith_kernel: None
no_interact: False
avg_score: -1250.8399658203125
median_score: -1260.0
std_score: 138.3628387451172
percentiles: 2%=-1526.199951171875, 5%=-1481.1500244140625, 10%=-1426.800048828125, 25%=-1336.25, 50%=-1260.0, 75%=-1145.0, 90%=-1076.4000244140625, 95%=-1026.7000732421875, 98%=-999.97998046875
ranking_best_algo: NLOPT_LN_PRAXIS
ranking_best_score: 1607.12
ranking_my_rank: 215/504 (57.5%)
ranking_my_percent: 57.53968253968254
