ConfigName: krbf__advnormalizedfitness__M3__L24__eps0p025__g0p005__ds0p05__dm0p05
Problem: QUBO
Kernel: rbf
Advantage: normalizedfitness
M: 3
lambda: 24
epsilon_svgd: 0.025
gamma: 0.005
decay_start_ratio: 0.05
decay_min_factor: 0.05
bandwith_kernel: None
no_interact: False
avg_score: -310.3999938964844
median_score: -317.0
std_score: 37.783599853515625
percentiles: 2%=-390.0799865722656, 5%=-378.29998779296875, 10%=-358.79998779296875, 25%=-334.5, 50%=-317.0, 75%=-274.0, 90%=-264.0, 95%=-260.95001220703125, 98%=-251.9199981689453
ranking_best_algo: CMApara
ranking_best_score: 319.29999999999995
ranking_my_rank: 60/504 (88.3%)
ranking_my_percent: 88.2936507936508
