ConfigName: kfr__advglobalrankweighted__M4__L5__eps0p05__g0p003__ds0p01__dm0p01
Problem: QUBO
Kernel: fr
Advantage: globalrankweighted
M: 4
lambda: 5
epsilon_svgd: 0.05
gamma: 0.003
decay_start_ratio: 0.01
decay_min_factor: 0.01
bandwith_kernel: None
no_interact: False
avg_score: -305.739990234375
median_score: -307.0
std_score: 37.328975677490234
percentiles: 2%=-390.0400085449219, 5%=-376.0, 10%=-360.3999938964844, 25%=-328.0, 50%=-307.0, 75%=-270.75, 90%=-263.79998779296875, 95%=-257.8000183105469, 98%=-243.91998291015625
ranking_best_algo: CMApara
ranking_best_score: 319.29999999999995
ranking_my_rank: 125/504 (75.4%)
ranking_my_percent: 75.39682539682539
