ConfigName: kjsd__advperagentrankweighted__M5__L8__eps0p005__g0p0005__ds0p05__dm0p2
Problem: QUBO
Kernel: jsd
Advantage: peragentrankweighted
M: 5
lambda: 8
epsilon_svgd: 0.005
gamma: 0.0005
decay_start_ratio: 0.05
decay_min_factor: 0.2
bandwith_kernel: None
no_interact: False
avg_score: -202.33999633789062
median_score: -205.0
std_score: 12.814227104187012
percentiles: 2%=-224.0, 5%=-222.10000610351562, 10%=-219.10000610351562, 25%=-212.0, 50%=-205.0, 75%=-191.0, 90%=-185.0, 95%=-182.89999389648438, 98%=-177.94000244140625
ranking_best_algo: Tabu
ranking_best_score: 208.36000000000004
ranking_my_rank: 34/504 (93.5%)
ranking_my_percent: 93.45238095238095
