ConfigName: kjsd__advperagentrankweighted__M3__L20__eps0p007__g0p0007__ds0p05__dm0p2
Problem: NK
Kernel: jsd
Advantage: peragentrankweighted
M: 3
lambda: 20
epsilon_svgd: 0.007
gamma: 0.0007
decay_start_ratio: 0.05
decay_min_factor: 0.2
bandwith_kernel: None
no_interact: False
avg_score: 0.7096644043922424
median_score: 0.7106626033782959
std_score: 0.015207003802061081
percentiles: 2%=0.6718472838401794, 5%=0.6732600927352905, 10%=0.6942911148071289, 25%=0.7066830396652222, 50%=0.7106626033782959, 75%=0.7184407711029053, 90%=0.7249571681022644, 95%=0.7327746748924255, 98%=0.73401939868927
ranking_best_algo: CMApara
ranking_best_score: 0.707475975
ranking_my_rank: 1/504 (100.0%)
ranking_my_percent: 100.0
