ConfigName: kfr__advglobalrankweighted__M1__L7__eps0p02__g0p005__ds0p01__dm0p01
Problem: QUBO
Kernel: fr
Advantage: globalrankweighted
M: 1
lambda: 7
epsilon_svgd: 0.02
gamma: 0.005
decay_start_ratio: 0.01
decay_min_factor: 0.01
bandwith_kernel: None
no_interact: False
avg_score: -413.739990234375
median_score: -412.0
std_score: 31.223907470703125
percentiles: 2%=-481.2200012207031, 5%=-467.1499938964844, 10%=-455.20001220703125, 25%=-435.25, 50%=-412.0, 75%=-392.5, 90%=-374.8999938964844, 95%=-367.0, 98%=-365.8199462890625
ranking_best_algo: CMApara
ranking_best_score: 453.82
ranking_my_rank: 224/504 (55.8%)
ranking_my_percent: 55.75396825396825
