ConfigName: kjsd__advperagentrankweighted__M4__L8__eps0p02__g0p0005__ds0p05__dm0p05
Problem: QUBO
Kernel: jsd
Advantage: peragentrankweighted
M: 4
lambda: 8
epsilon_svgd: 0.02
gamma: 0.0005
decay_start_ratio: 0.05
decay_min_factor: 0.05
bandwith_kernel: None
no_interact: False
avg_score: -915.6199951171875
median_score: -915.0
std_score: 60.46284103393555
percentiles: 2%=-1060.06005859375, 5%=-1030.300048828125, 10%=-999.0999755859375, 25%=-947.25, 50%=-915.0, 75%=-872.5, 90%=-846.2000122070312, 95%=-824.8499755859375, 98%=-806.9199829101562
ranking_best_algo: CMApara
ranking_best_score: 964.9
ranking_my_rank: 71/504 (86.1%)
ranking_my_percent: 86.11111111111111
