ConfigName: krbf__advnormalizedfitness__M3__L15__eps0p033__g0p007__ds0p01__dm0p3
Problem: QUBO
Kernel: rbf
Advantage: normalizedfitness
M: 3
lambda: 15
epsilon_svgd: 0.033
gamma: 0.007
decay_start_ratio: 0.01
decay_min_factor: 0.3
bandwith_kernel: None
no_interact: False
avg_score: -1180.5999755859375
median_score: -1171.5
std_score: 63.19636154174805
percentiles: 2%=-1343.0, 5%=-1291.9000244140625, 10%=-1270.300048828125, 25%=-1214.25, 50%=-1171.5, 75%=-1143.25, 90%=-1114.0, 95%=-1080.9000244140625, 98%=-1057.8800048828125
ranking_best_algo: Tabu
ranking_best_score: 1216.16
ranking_my_rank: 70/504 (86.3%)
ranking_my_percent: 86.30952380952381
