ConfigName: kjsd__advperagentrankweighted__M3__L20__eps0p005__g0p0005__ds0p2__dm0p1
Problem: NK
Kernel: jsd
Advantage: peragentrankweighted
M: 3
lambda: 20
epsilon_svgd: 0.005
gamma: 0.0005
decay_start_ratio: 0.2
decay_min_factor: 0.1
bandwith_kernel: None
no_interact: False
avg_score: 0.7357429265975952
median_score: 0.736902117729187
std_score: 0.00886466819792986
percentiles: 2%=0.7158326506614685, 5%=0.7182338833808899, 10%=0.7219318747520447, 25%=0.7307883501052856, 50%=0.736902117729187, 75%=0.7431332468986511, 90%=0.7459033131599426, 95%=0.7468971610069275, 98%=0.7479569911956787
ranking_best_algo: PBIL
ranking_best_score: 0.7248786399609374
ranking_my_rank: 1/504 (100.0%)
ranking_my_percent: 100.0
