ConfigName: kjsd__advperagentrankweighted__M4__L10__eps0p01__g0p0003__ds0p05__dm0p05
Problem: NK
Kernel: jsd
Advantage: peragentrankweighted
M: 4
lambda: 10
epsilon_svgd: 0.01
gamma: 0.0003
decay_start_ratio: 0.05
decay_min_factor: 0.05
bandwith_kernel: None
no_interact: False
avg_score: 0.7285909056663513
median_score: 0.7291457653045654
std_score: 0.009195149876177311
percentiles: 2%=0.7099239230155945, 5%=0.7112747430801392, 10%=0.715444803237915, 25%=0.7225333452224731, 50%=0.7291457653045654, 75%=0.7360045909881592, 90%=0.739545464515686, 95%=0.7430326342582703, 98%=0.7437372207641602
ranking_best_algo: PBIL
ranking_best_score: 0.7248786399609374
ranking_my_rank: 1/504 (100.0%)
ranking_my_percent: 100.0
