ConfigName: krbf__advnormalizedfitness__M4__L15__eps0p033__g0p005__ds0p01__dm0p01
Problem: QUBO
Kernel: rbf
Advantage: normalizedfitness
M: 4
lambda: 15
epsilon_svgd: 0.033
gamma: 0.005
decay_start_ratio: 0.01
decay_min_factor: 0.01
bandwith_kernel: None
no_interact: False
avg_score: -1548.8800048828125
median_score: -1552.5
std_score: 89.08965301513672
percentiles: 2%=-1727.02001953125, 5%=-1690.0999755859375, 10%=-1668.199951171875, 25%=-1611.5, 50%=-1552.5, 75%=-1489.5, 90%=-1424.199951171875, 95%=-1410.5, 98%=-1379.0
ranking_best_algo: NLOPT_LN_PRAXIS
ranking_best_score: 1607.12
ranking_my_rank: 52/504 (89.9%)
ranking_my_percent: 89.88095238095238
