ConfigName: kjsd__advperagentrankweighted__M3__L24__eps0p005__g0p0005__ds0p05__dm0p1
Problem: QUBO
Kernel: jsd
Advantage: peragentrankweighted
M: 3
lambda: 24
epsilon_svgd: 0.005
gamma: 0.0005
decay_start_ratio: 0.05
decay_min_factor: 0.1
bandwith_kernel: None
no_interact: False
avg_score: -307.2799987792969
median_score: -300.0
std_score: 40.035003662109375
percentiles: 2%=-394.0400085449219, 5%=-388.0, 10%=-357.79998779296875, 25%=-334.0, 50%=-300.0, 75%=-272.0, 90%=-261.8999938964844, 95%=-250.0, 98%=-243.9600067138672
ranking_best_algo: CMApara
ranking_best_score: 319.29999999999995
ranking_my_rank: 99/504 (80.6%)
ranking_my_percent: 80.55555555555556
