ConfigName: krbf__advnormalizedfitness__M4__L15__eps0p025__g0p005__ds0p15__dm0p3
Problem: QUBO
Kernel: rbf
Advantage: normalizedfitness
M: 4
lambda: 15
epsilon_svgd: 0.025
gamma: 0.005
decay_start_ratio: 0.15
decay_min_factor: 0.3
bandwith_kernel: None
no_interact: False
avg_score: -309.4200134277344
median_score: -311.0
std_score: 38.27092361450195
percentiles: 2%=-392.0, 5%=-388.1000061035156, 10%=-359.5999755859375, 25%=-330.5, 50%=-311.0, 75%=-273.0, 90%=-265.6000061035156, 95%=-260.0, 98%=-258.0
ranking_best_algo: CMApara
ranking_best_score: 319.29999999999995
ranking_my_rank: 76/504 (85.1%)
ranking_my_percent: 85.11904761904762
