ConfigName: kfr__advglobalrankweighted__M4__L13__eps0p06__g0p005__ds0p01__dm0p01
Problem: NK
Kernel: fr
Advantage: globalrankweighted
M: 4
lambda: 13
epsilon_svgd: 0.06
gamma: 0.005
decay_start_ratio: 0.01
decay_min_factor: 0.01
bandwith_kernel: None
no_interact: False
avg_score: 0.7428938150405884
median_score: 0.7430733442306519
std_score: 0.008645203895866871
percentiles: 2%=0.7262507081031799, 5%=0.7284079790115356, 10%=0.7325013279914856, 25%=0.7362257242202759, 50%=0.7430733442306519, 75%=0.7490144371986389, 90%=0.7552996277809143, 95%=0.7569427490234375, 98%=0.7587012648582458
ranking_best_algo: PBIL
ranking_best_score: 0.733570253046875
ranking_my_rank: 1/504 (100.0%)
ranking_my_percent: 100.0
