ConfigName: krbf__advnormalizedfitness__M3__L10__eps0p033__g0p015__ds0p01__dm0p01
Problem: NK
Kernel: rbf
Advantage: normalizedfitness
M: 3
lambda: 10
epsilon_svgd: 0.033
gamma: 0.015
decay_start_ratio: 0.01
decay_min_factor: 0.01
bandwith_kernel: None
no_interact: False
avg_score: 0.757914662361145
median_score: 0.7593788504600525
std_score: 0.012601276859641075
percentiles: 2%=0.7321299910545349, 5%=0.7352191209793091, 10%=0.7417085766792297, 25%=0.7507181167602539, 50%=0.7593788504600525, 75%=0.7668717503547668, 90%=0.7741106748580933, 95%=0.7757120132446289, 98%=0.7789617776870728
ranking_best_algo: Tabu
ranking_best_score: 0.7657846284375001
ranking_my_rank: 2/504 (99.8%)
ranking_my_percent: 99.8015873015873
