ConfigName: kjsd__advperagentrankweighted__M3__L30__eps0p007__g0p0005__ds0p1__dm0p1
Problem: QUBO
Kernel: jsd
Advantage: peragentrankweighted
M: 3
lambda: 30
epsilon_svgd: 0.007
gamma: 0.0005
decay_start_ratio: 0.1
decay_min_factor: 0.1
bandwith_kernel: None
no_interact: False
avg_score: -1243.0400390625
median_score: -1240.5
std_score: 57.55500793457031
percentiles: 2%=-1368.1199951171875, 5%=-1341.6500244140625, 10%=-1319.199951171875, 25%=-1284.25, 50%=-1240.5, 75%=-1199.25, 90%=-1180.5, 95%=-1157.0, 98%=-1145.93994140625
ranking_best_algo: SVMMetaModelLogNormal
ranking_best_score: 1233.7999999999997
ranking_my_rank: 1/504 (100.0%)
ranking_my_percent: 100.0
