ConfigName: kjsd__advperagentrankweighted__M3__L20__eps0p005__g0p003__ds0p2__dm0p05
Problem: NK
Kernel: jsd
Advantage: peragentrankweighted
M: 3
lambda: 20
epsilon_svgd: 0.005
gamma: 0.003
decay_start_ratio: 0.2
decay_min_factor: 0.05
bandwith_kernel: None
no_interact: False
avg_score: 0.7518200874328613
median_score: 0.7547650933265686
std_score: 0.014558668248355389
percentiles: 2%=0.7219626903533936, 5%=0.7254563570022583, 10%=0.7315229177474976, 25%=0.7412734627723694, 50%=0.7547650933265686, 75%=0.7632163763046265, 90%=0.7677833437919617, 95%=0.7717682719230652, 98%=0.7731056809425354
ranking_best_algo: Tabu
ranking_best_score: 0.7657846284375001
ranking_my_rank: 14/504 (97.4%)
ranking_my_percent: 97.42063492063492
