ConfigName: kjsd__advperagentrankweighted__M4__L8__eps0p01__g0p0003__ds0p05__dm0p05
Problem: QUBO
Kernel: jsd
Advantage: peragentrankweighted
M: 4
lambda: 8
epsilon_svgd: 0.01
gamma: 0.0003
decay_start_ratio: 0.05
decay_min_factor: 0.05
bandwith_kernel: None
no_interact: False
avg_score: -147.0
median_score: -145.0
std_score: 13.15446662902832
percentiles: 2%=-179.0, 5%=-179.0, 10%=-164.0, 25%=-154.0, 50%=-145.0, 75%=-139.0, 90%=-132.8000030517578, 95%=-128.0, 98%=-125.91999816894531
ranking_best_algo: CMApara
ranking_best_score: 154.28
ranking_my_rank: 101/504 (80.2%)
ranking_my_percent: 80.15873015873017
