ConfigName: kjsd__advperagentrankweighted__M3__L16__eps0p005__g0p001__ds0p2__dm0p2
Problem: NK
Kernel: jsd
Advantage: peragentrankweighted
M: 3
lambda: 16
epsilon_svgd: 0.005
gamma: 0.001
decay_start_ratio: 0.2
decay_min_factor: 0.2
bandwith_kernel: None
no_interact: False
avg_score: 0.7072691321372986
median_score: 0.7096602320671082
std_score: 0.011913840658962727
percentiles: 2%=0.6873123645782471, 5%=0.6883732676506042, 10%=0.6924229264259338, 25%=0.6960532665252686, 50%=0.7096602320671082, 75%=0.7180216312408447, 90%=0.7213176488876343, 95%=0.7226385474205017, 98%=0.7238574028015137
ranking_best_algo: PBIL
ranking_best_score: 0.7013553837109374
ranking_my_rank: 1/504 (100.0%)
ranking_my_percent: 100.0
