ConfigName: kjsd__advperagentrankweighted__M4__L20__eps0p005__g0p001__ds0p05__dm0p2
Problem: NK
Kernel: jsd
Advantage: peragentrankweighted
M: 4
lambda: 20
epsilon_svgd: 0.005
gamma: 0.001
decay_start_ratio: 0.05
decay_min_factor: 0.2
bandwith_kernel: None
no_interact: False
avg_score: 0.7367918491363525
median_score: 0.7387782335281372
std_score: 0.008594007231295109
percentiles: 2%=0.7177213430404663, 5%=0.7211854457855225, 10%=0.7228113412857056, 25%=0.7321586012840271, 50%=0.7387782335281372, 75%=0.7426986694335938, 90%=0.7457658052444458, 95%=0.7471879720687866, 98%=0.7491064667701721
ranking_best_algo: PBIL
ranking_best_score: 0.730509098125
ranking_my_rank: 1/504 (100.0%)
ranking_my_percent: 100.0
