ConfigName: krbf__advnormalizedfitness__M3__L12__eps0p033__g0p007__ds0p15__dm0p01
Problem: NK
Kernel: rbf
Advantage: normalizedfitness
M: 3
lambda: 12
epsilon_svgd: 0.033
gamma: 0.007
decay_start_ratio: 0.15
decay_min_factor: 0.01
bandwith_kernel: None
no_interact: False
avg_score: 0.7353711128234863
median_score: 0.737337052822113
std_score: 0.008992237038910389
percentiles: 2%=0.7160680294036865, 5%=0.7170126438140869, 10%=0.7220537662506104, 25%=0.7288446426391602, 50%=0.737337052822113, 75%=0.7425163388252258, 90%=0.7456880211830139, 95%=0.7467936873435974, 98%=0.747557520866394
ranking_best_algo: PBIL
ranking_best_score: 0.7248786399609374
ranking_my_rank: 1/504 (100.0%)
ranking_my_percent: 100.0
