ConfigName: kjsd__advperagentrankweighted__M2__L20__eps0p005__g0p0005__ds0p1__dm0p1
Problem: QUBO
Kernel: jsd
Advantage: peragentrankweighted
M: 2
lambda: 20
epsilon_svgd: 0.005
gamma: 0.0005
decay_start_ratio: 0.1
decay_min_factor: 0.1
bandwith_kernel: None
no_interact: False
avg_score: -196.77999877929688
median_score: -199.0
std_score: 13.447362899780273
percentiles: 2%=-222.0399932861328, 5%=-220.10000610351562, 10%=-213.1999969482422, 25%=-205.0, 50%=-199.0, 75%=-187.75, 90%=-178.89999389648438, 95%=-174.85000610351562, 98%=-170.97999572753906
ranking_best_algo: Tabu
ranking_best_score: 208.36000000000004
ranking_my_rank: 164/504 (67.7%)
ranking_my_percent: 67.65873015873017
