ConfigName: kjsd__advperagentrankweighted__M5__L10__eps0p01__g0p003__ds0p05__dm0p05
Problem: QUBO
Kernel: jsd
Advantage: peragentrankweighted
M: 5
lambda: 10
epsilon_svgd: 0.01
gamma: 0.003
decay_start_ratio: 0.05
decay_min_factor: 0.05
bandwith_kernel: None
no_interact: False
avg_score: -139.60000610351562
median_score: -141.0
std_score: 10.835127830505371
percentiles: 2%=-159.0, 5%=-158.0, 10%=-155.0, 25%=-146.25, 50%=-141.0, 75%=-130.75, 90%=-127.0, 95%=-124.75, 98%=-119.9800033569336
ranking_best_algo: DiscreteDE
ranking_best_score: 143.4
ranking_my_rank: 83/504 (83.7%)
ranking_my_percent: 83.73015873015873
