ConfigName: kjsd__advperagentrankweighted__M3__L24__eps0p007__g0p001__ds0p1__dm0p1
Problem: NK
Kernel: jsd
Advantage: peragentrankweighted
M: 3
lambda: 24
epsilon_svgd: 0.007
gamma: 0.001
decay_start_ratio: 0.1
decay_min_factor: 0.1
bandwith_kernel: None
no_interact: False
avg_score: 0.7354636192321777
median_score: 0.7369189858436584
std_score: 0.008907357230782509
percentiles: 2%=0.7164220213890076, 5%=0.7187273502349854, 10%=0.7228077054023743, 25%=0.7289904356002808, 50%=0.7369189858436584, 75%=0.7423228025436401, 90%=0.7454608678817749, 95%=0.7474915981292725, 98%=0.7488853335380554
ranking_best_algo: PBIL
ranking_best_score: 0.7248786399609374
ranking_my_rank: 1/504 (100.0%)
ranking_my_percent: 100.0
