ConfigName: krbf__advnormalizedfitness__M4__L10__eps0p015__g0p01__ds0p3__dm0p3
Problem: NK
Kernel: rbf
Advantage: normalizedfitness
M: 4
lambda: 10
epsilon_svgd: 0.015
gamma: 0.01
decay_start_ratio: 0.3
decay_min_factor: 0.3
bandwith_kernel: None
no_interact: False
avg_score: 0.7370011210441589
median_score: 0.7375604510307312
std_score: 0.032843317836523056
percentiles: 2%=0.686744213104248, 5%=0.6910638809204102, 10%=0.6960961222648621, 25%=0.7041659355163574, 50%=0.7375604510307312, 75%=0.752426028251648, 90%=0.7759695649147034, 95%=0.8044885396957397, 98%=0.8104466199874878
ranking_best_algo: CMApara
ranking_best_score: 0.7459277895312499
ranking_my_rank: 82/504 (83.9%)
ranking_my_percent: 83.92857142857143
