ConfigName: krbf__advnormalizedfitness__M3__L8__eps0p025__g0p01__ds0p3__dm0p01
Problem: NK
Kernel: rbf
Advantage: normalizedfitness
M: 3
lambda: 8
epsilon_svgd: 0.025
gamma: 0.01
decay_start_ratio: 0.3
decay_min_factor: 0.01
bandwith_kernel: None
no_interact: False
avg_score: 0.7107257843017578
median_score: 0.7118241786956787
std_score: 0.01532209012657404
percentiles: 2%=0.6718098521232605, 5%=0.6738654375076294, 10%=0.6958283185958862, 25%=0.7076100707054138, 50%=0.7118241786956787, 75%=0.7198483943939209, 90%=0.7255132794380188, 95%=0.7324504852294922, 98%=0.7344413995742798
ranking_best_algo: CMApara
ranking_best_score: 0.707475975
ranking_my_rank: 1/504 (100.0%)
ranking_my_percent: 100.0
