ConfigName: krbf__advnormalizedfitness__M3__L15__eps0p03__g0p01__ds0p15__dm0p05
Problem: QUBO
Kernel: rbf
Advantage: normalizedfitness
M: 3
lambda: 15
epsilon_svgd: 0.03
gamma: 0.01
decay_start_ratio: 0.15
decay_min_factor: 0.05
bandwith_kernel: None
no_interact: False
avg_score: -312.1400146484375
median_score: -314.0
std_score: 38.57693862915039
percentiles: 2%=-394.0400085449219, 5%=-392.0, 10%=-360.6000061035156, 25%=-336.0, 50%=-314.0, 75%=-279.75, 90%=-268.0, 95%=-262.8500061035156, 98%=-253.9199981689453
ranking_best_algo: CMApara
ranking_best_score: 319.29999999999995
ranking_my_rank: 34/504 (93.5%)
ranking_my_percent: 93.45238095238095
