ConfigName: kjsd__advperagentrankweighted__M3__L24__eps0p007__g0p0005__ds0p2__dm0p05
Problem: QUBO
Kernel: jsd
Advantage: peragentrankweighted
M: 3
lambda: 24
epsilon_svgd: 0.007
gamma: 0.0005
decay_start_ratio: 0.2
decay_min_factor: 0.05
bandwith_kernel: None
no_interact: False
avg_score: -2615.39990234375
median_score: -2608.0
std_score: 113.25792694091797
percentiles: 2%=-2849.179931640625, 5%=-2818.89990234375, 10%=-2766.300048828125, 25%=-2692.5, 50%=-2608.0, 75%=-2531.5, 90%=-2460.800048828125, 95%=-2439.89990234375, 98%=-2407.8798828125
ranking_best_algo: SVM1MetaModelLogNormal
ranking_best_score: 2605.14
ranking_my_rank: 1/504 (100.0%)
ranking_my_percent: 100.0
