ConfigName: krbf__advnormalizedfitness__M2__L8__eps0p025__g0p005__ds0p15__dm0p3
Problem: QUBO
Kernel: rbf
Advantage: normalizedfitness
M: 2
lambda: 8
epsilon_svgd: 0.025
gamma: 0.005
decay_start_ratio: 0.15
decay_min_factor: 0.3
bandwith_kernel: None
no_interact: False
avg_score: -321.5
median_score: -323.0
std_score: 26.74228858947754
percentiles: 2%=-372.0, 5%=-368.0, 10%=-354.29998779296875, 25%=-340.25, 50%=-323.0, 75%=-299.5, 90%=-285.79998779296875, 95%=-281.8999938964844, 98%=-273.8800048828125
ranking_best_algo: CMApara
ranking_best_score: 344.22
ranking_my_rank: 158/504 (68.8%)
ranking_my_percent: 68.84920634920636
