ConfigName: krbf__advnormalizedfitness__M4__L15__eps0p033__g0p005__ds0p01__dm0p01
Problem: QUBO
Kernel: rbf
Advantage: normalizedfitness
M: 4
lambda: 15
epsilon_svgd: 0.033
gamma: 0.005
decay_start_ratio: 0.01
decay_min_factor: 0.01
bandwith_kernel: None
no_interact: False
avg_score: -935.219970703125
median_score: -932.0
std_score: 61.83891677856445
percentiles: 2%=-1070.0400390625, 5%=-1046.199951171875, 10%=-1012.0999755859375, 25%=-985.25, 50%=-932.0, 75%=-882.5, 90%=-857.5, 95%=-847.800048828125, 98%=-828.9599609375
ranking_best_algo: CMApara
ranking_best_score: 964.9
ranking_my_rank: 16/504 (97.0%)
ranking_my_percent: 97.02380952380952
