ConfigName: krbf__advnormalizedfitness__M3__L8__eps0p025__g0p015__ds0p01__dm0p01
Problem: QUBO
Kernel: rbf
Advantage: normalizedfitness
M: 3
lambda: 8
epsilon_svgd: 0.025
gamma: 0.015
decay_start_ratio: 0.01
decay_min_factor: 0.01
bandwith_kernel: None
no_interact: False
avg_score: -444.8399963378906
median_score: -450.0
std_score: 24.09345054626465
percentiles: 2%=-492.0, 5%=-482.1499938964844, 10%=-473.0, 25%=-459.25, 50%=-450.0, 75%=-433.0, 90%=-413.8999938964844, 95%=-405.6500244140625, 98%=-393.699951171875
ranking_best_algo: CMApara
ranking_best_score: 453.82
ranking_my_rank: 6/504 (99.0%)
ranking_my_percent: 99.0079365079365
