ConfigName: krbf__advnormalizedfitness__M2__L8__eps0p025__g0p01__ds0p3__dm0p01
Problem: QUBO
Kernel: rbf
Advantage: normalizedfitness
M: 2
lambda: 8
epsilon_svgd: 0.025
gamma: 0.01
decay_start_ratio: 0.3
decay_min_factor: 0.01
bandwith_kernel: None
no_interact: False
avg_score: -198.75999450683594
median_score: -197.0
std_score: 13.367960929870605
percentiles: 2%=-224.0, 5%=-222.0, 10%=-218.0, 25%=-207.0, 50%=-197.0, 75%=-188.75, 90%=-182.0, 95%=-179.9499969482422, 98%=-174.94000244140625
ranking_best_algo: Tabu
ranking_best_score: 208.36000000000004
ranking_my_rank: 91/504 (82.1%)
ranking_my_percent: 82.14285714285714
