ConfigName: krbf__advnormalizedfitness__M4__L8__eps0p015__g0p015__ds0p15__dm0p01
Problem: QUBO
Kernel: rbf
Advantage: normalizedfitness
M: 4
lambda: 8
epsilon_svgd: 0.015
gamma: 0.015
decay_start_ratio: 0.15
decay_min_factor: 0.01
bandwith_kernel: None
no_interact: False
avg_score: -1007.5399780273438
median_score: -1003.5
std_score: 93.78447723388672
percentiles: 2%=-1191.0, 5%=-1179.4000244140625, 10%=-1132.800048828125, 25%=-1065.0, 50%=-1003.5, 75%=-939.75, 90%=-899.5, 95%=-860.5000610351562, 98%=-832.7599487304688
ranking_best_algo: BigLognormalDiscreteOnePlusOne
ranking_best_score: 1301.3600000000004
ranking_my_rank: 269/504 (46.8%)
ranking_my_percent: 46.82539682539682
