ConfigName: krbf__advnormalizedfitness__M4__L12__eps0p015__g0p015__ds0p15__dm0p01
Problem: QUBO
Kernel: rbf
Advantage: normalizedfitness
M: 4
lambda: 12
epsilon_svgd: 0.015
gamma: 0.015
decay_start_ratio: 0.15
decay_min_factor: 0.01
bandwith_kernel: None
no_interact: False
avg_score: -147.4600067138672
median_score: -147.0
std_score: 11.915888786315918
percentiles: 2%=-177.0399932861328, 5%=-171.0, 10%=-160.39999389648438, 25%=-154.25, 50%=-147.0, 75%=-139.0, 90%=-133.0, 95%=-128.90000915527344, 98%=-125.97999572753906
ranking_best_algo: CMApara
ranking_best_score: 154.28
ranking_my_rank: 95/504 (81.3%)
ranking_my_percent: 81.34920634920636
