ConfigName: krbf__advnormalizedfitness__M1__L10__eps0p015__g0p015__ds0p01__dm0p01
Problem: QUBO
Kernel: rbf
Advantage: normalizedfitness
M: 1
lambda: 10
epsilon_svgd: 0.015
gamma: 0.015
decay_start_ratio: 0.01
decay_min_factor: 0.01
bandwith_kernel: None
no_interact: False
avg_score: -1179.5799560546875
median_score: -1180.5
std_score: 64.04906463623047
percentiles: 2%=-1311.6800537109375, 5%=-1269.300048828125, 10%=-1258.0, 25%=-1226.25, 50%=-1180.5, 75%=-1135.5, 90%=-1099.5999755859375, 95%=-1082.9500732421875, 98%=-1046.699951171875
ranking_best_algo: Tabu
ranking_best_score: 1216.16
ranking_my_rank: 70/504 (86.3%)
ranking_my_percent: 86.30952380952381
