ConfigName: kjsd__advperagentrankweighted__M5__L10__eps0p005__g0p0005__ds0p2__dm0p2
Problem: NK
Kernel: jsd
Advantage: peragentrankweighted
M: 5
lambda: 10
epsilon_svgd: 0.005
gamma: 0.0005
decay_start_ratio: 0.2
decay_min_factor: 0.2
bandwith_kernel: None
no_interact: False
avg_score: 0.7571130990982056
median_score: 0.7569687366485596
std_score: 0.013516172766685486
percentiles: 2%=0.7311393618583679, 5%=0.7347011566162109, 10%=0.7416300177574158, 25%=0.7473992705345154, 50%=0.7569687366485596, 75%=0.7661047577857971, 90%=0.7761123776435852, 95%=0.7790231704711914, 98%=0.7847184538841248
ranking_best_algo: Tabu
ranking_best_score: 0.7470791764843752
ranking_my_rank: 1/504 (100.0%)
ranking_my_percent: 100.0
