ConfigName: kjsd__advperagentrankweighted__M3__L30__eps0p005__g0p001__ds0p05__dm0p05
Problem: NK
Kernel: jsd
Advantage: peragentrankweighted
M: 3
lambda: 30
epsilon_svgd: 0.005
gamma: 0.001
decay_start_ratio: 0.05
decay_min_factor: 0.05
bandwith_kernel: None
no_interact: False
avg_score: 0.707526683807373
median_score: 0.7090197801589966
std_score: 0.011746158823370934
percentiles: 2%=0.6886946558952332, 5%=0.6895508170127869, 10%=0.6926357746124268, 25%=0.6956122517585754, 50%=0.7090197801589966, 75%=0.7179750204086304, 90%=0.7216787338256836, 95%=0.7243303060531616, 98%=0.7247852683067322
ranking_best_algo: PBIL
ranking_best_score: 0.7013553837109374
ranking_my_rank: 1/504 (100.0%)
ranking_my_percent: 100.0
