ConfigName: kjsd__advperagentrankweighted__M3__L20__eps0p007__g0p0007__ds0p1__dm0p2
Problem: NK
Kernel: jsd
Advantage: peragentrankweighted
M: 3
lambda: 20
epsilon_svgd: 0.007
gamma: 0.0007
decay_start_ratio: 0.1
decay_min_factor: 0.2
bandwith_kernel: None
no_interact: False
avg_score: 0.709952175617218
median_score: 0.7112934589385986
std_score: 0.015519100241363049
percentiles: 2%=0.670663595199585, 5%=0.6726408004760742, 10%=0.696277916431427, 25%=0.7068028450012207, 50%=0.7112934589385986, 75%=0.7194862365722656, 90%=0.7253134250640869, 95%=0.7327463030815125, 98%=0.7331527471542358
ranking_best_algo: CMApara
ranking_best_score: 0.707475975
ranking_my_rank: 1/504 (100.0%)
ranking_my_percent: 100.0
