ConfigName: kjsd__advperagentrankweighted__M3__L20__eps0p007__g0p0005__ds0p1__dm0p1
Problem: QUBO
Kernel: jsd
Advantage: peragentrankweighted
M: 3
lambda: 20
epsilon_svgd: 0.007
gamma: 0.0005
decay_start_ratio: 0.1
decay_min_factor: 0.1
bandwith_kernel: None
no_interact: False
avg_score: -939.2000122070312
median_score: -941.5
std_score: 65.77218627929688
percentiles: 2%=-1074.0400390625, 5%=-1049.050048828125, 10%=-1035.199951171875, 25%=-981.0, 50%=-941.5, 75%=-894.0, 90%=-854.7999877929688, 95%=-840.7999877929688, 98%=-822.8400268554688
ranking_best_algo: CMApara
ranking_best_score: 964.9
ranking_my_rank: 7/504 (98.8%)
ranking_my_percent: 98.80952380952381
