ConfigName: kjsd__advperagentrankweighted__M5__L10__eps0p01__g0p0007__ds0p2__dm0p2
Problem: QUBO
Kernel: jsd
Advantage: peragentrankweighted
M: 5
lambda: 10
epsilon_svgd: 0.01
gamma: 0.0007
decay_start_ratio: 0.2
decay_min_factor: 0.2
bandwith_kernel: None
no_interact: False
avg_score: -443.4599914550781
median_score: -449.0
std_score: 25.877952575683594
percentiles: 2%=-489.05999755859375, 5%=-477.5, 10%=-472.0, 25%=-463.5, 50%=-449.0, 75%=-419.75, 90%=-408.70001220703125, 95%=-402.79998779296875, 98%=-397.8800048828125
ranking_best_algo: CMApara
ranking_best_score: 453.82
ranking_my_rank: 7/504 (98.8%)
ranking_my_percent: 98.80952380952381
