ConfigName: kjsd__advperagentrankweighted__M4__L30__eps0p01__g0p0005__ds0p05__dm0p05
Problem: QUBO
Kernel: jsd
Advantage: peragentrankweighted
M: 4
lambda: 30
epsilon_svgd: 0.01
gamma: 0.0005
decay_start_ratio: 0.05
decay_min_factor: 0.05
bandwith_kernel: None
no_interact: False
avg_score: -1192.56005859375
median_score: -1191.5
std_score: 59.750030517578125
percentiles: 2%=-1309.6400146484375, 5%=-1287.449951171875, 10%=-1273.5, 25%=-1229.0, 50%=-1191.5, 75%=-1154.5, 90%=-1115.9000244140625, 95%=-1105.449951171875, 98%=-1073.800048828125
ranking_best_algo: Tabu
ranking_best_score: 1216.16
ranking_my_rank: 49/504 (90.5%)
ranking_my_percent: 90.47619047619048
