ConfigName: kjsd__advperagentrankweighted__M5__L24__eps0p03__g0p0005__ds0p05__dm0p05
Problem: QUBO
Kernel: jsd
Advantage: peragentrankweighted
M: 5
lambda: 24
epsilon_svgd: 0.03
gamma: 0.0005
decay_start_ratio: 0.05
decay_min_factor: 0.05
bandwith_kernel: None
no_interact: False
avg_score: -200.47999572753906
median_score: -199.5
std_score: 12.958765983581543
percentiles: 2%=-224.0, 5%=-222.10000610351562, 10%=-220.10000610351562, 25%=-209.5, 50%=-199.5, 75%=-192.75, 90%=-182.0, 95%=-179.9499969482422, 98%=-177.94000244140625
ranking_best_algo: Tabu
ranking_best_score: 208.36000000000004
ranking_my_rank: 46/504 (91.1%)
ranking_my_percent: 91.07142857142857
