ConfigName: kjsd__advperagentrankweighted__M5__L10__eps0p01__g0p0005__ds0p05__dm0p2
Problem: QUBO
Kernel: jsd
Advantage: peragentrankweighted
M: 5
lambda: 10
epsilon_svgd: 0.01
gamma: 0.0005
decay_start_ratio: 0.05
decay_min_factor: 0.2
bandwith_kernel: None
no_interact: False
avg_score: -2646.3798828125
median_score: -2657.0
std_score: 123.47815704345703
percentiles: 2%=-2889.760009765625, 5%=-2859.85009765625, 10%=-2803.60009765625, 25%=-2726.75, 50%=-2657.0, 75%=-2560.5, 90%=-2491.699951171875, 95%=-2457.050048828125, 98%=-2389.760009765625
ranking_best_algo: DiscreteLengler2OnePlusOne
ranking_best_score: 2617.04
ranking_my_rank: 1/504 (100.0%)
ranking_my_percent: 100.0
