ConfigName: kfr__advglobalrankweighted__M2__L11__eps0p02__g0p007__ds0p01__dm0p01
Problem: QUBO
Kernel: fr
Advantage: globalrankweighted
M: 2
lambda: 11
epsilon_svgd: 0.02
gamma: 0.007
decay_start_ratio: 0.01
decay_min_factor: 0.01
bandwith_kernel: None
no_interact: False
avg_score: -569.5599975585938
median_score: -566.5
std_score: 30.64386558532715
percentiles: 2%=-633.1199951171875, 5%=-620.0999755859375, 10%=-605.2000122070312, 25%=-591.25, 50%=-566.5, 75%=-546.75, 90%=-532.9000244140625, 95%=-523.800048828125, 98%=-509.77996826171875
ranking_best_algo: Tabu
ranking_best_score: 588.7199999999999
ranking_my_rank: 76/503 (85.1%)
ranking_my_percent: 85.08946322067594
