ConfigName: krbf__advnormalizedfitness__M1__L10__eps0p015__g0p01__ds0p15__dm0p01
Problem: QUBO
Kernel: rbf
Advantage: normalizedfitness
M: 1
lambda: 10
epsilon_svgd: 0.015
gamma: 0.01
decay_start_ratio: 0.15
decay_min_factor: 0.01
bandwith_kernel: None
no_interact: False
avg_score: -1623.800048828125
median_score: -1631.0
std_score: 80.64105987548828
percentiles: 2%=-1764.1199951171875, 5%=-1729.0999755859375, 10%=-1711.0999755859375, 25%=-1667.5, 50%=-1631.0, 75%=-1589.0, 90%=-1549.4000244140625, 95%=-1502.9000244140625, 98%=-1485.699951171875
ranking_best_algo: NLOPT_LN_PRAXIS
ranking_best_score: 1607.12
ranking_my_rank: 1/504 (100.0%)
ranking_my_percent: 100.0
