ConfigName: kjsd__advperagentrankweighted__M3__L16__eps0p005__g0p001__ds0p2__dm0p2
Problem: QUBO
Kernel: jsd
Advantage: peragentrankweighted
M: 3
lambda: 16
epsilon_svgd: 0.005
gamma: 0.001
decay_start_ratio: 0.2
decay_min_factor: 0.2
bandwith_kernel: None
no_interact: False
avg_score: -3265.60009765625
median_score: -3258.0
std_score: 141.75245666503906
percentiles: 2%=-3539.89990234375, 5%=-3490.050048828125, 10%=-3442.800048828125, 25%=-3358.5, 50%=-3258.0, 75%=-3167.25, 90%=-3106.300048828125, 95%=-3015.550048828125, 98%=-2976.3798828125
ranking_best_algo: RLSOnePlusOne
ranking_best_score: 3316.5199999999995
ranking_my_rank: 13/504 (97.6%)
ranking_my_percent: 97.61904761904762
