ConfigName: krbf__advnormalizedfitness__M1__L8__eps0p025__g0p007__ds0p3__dm0p01
Problem: QUBO
Kernel: rbf
Advantage: normalizedfitness
M: 1
lambda: 8
epsilon_svgd: 0.025
gamma: 0.007
decay_start_ratio: 0.3
decay_min_factor: 0.01
bandwith_kernel: None
no_interact: False
avg_score: -139.83999633789062
median_score: -141.0
std_score: 13.931777000427246
percentiles: 2%=-175.0800018310547, 5%=-158.10000610351562, 10%=-155.10000610351562, 25%=-147.5, 50%=-141.0, 75%=-131.0, 90%=-121.9000015258789, 95%=-118.0, 98%=-114.0
ranking_best_algo: CMApara
ranking_best_score: 154.28
ranking_my_rank: 313/504 (38.1%)
ranking_my_percent: 38.095238095238095
