ConfigName: krbf__advnormalizedfitness__M4__L10__eps0p025__g0p007__ds0p15__dm0p3
Problem: QUBO
Kernel: rbf
Advantage: normalizedfitness
M: 4
lambda: 10
epsilon_svgd: 0.025
gamma: 0.007
decay_start_ratio: 0.15
decay_min_factor: 0.3
bandwith_kernel: None
no_interact: False
avg_score: -435.239990234375
median_score: -438.5
std_score: 25.82987403869629
percentiles: 2%=-478.1199951171875, 5%=-472.04998779296875, 10%=-467.1000061035156, 25%=-454.25, 50%=-438.5, 75%=-417.0, 90%=-404.0, 95%=-386.95001220703125, 98%=-383.7199401855469
ranking_best_algo: CMApara
ranking_best_score: 453.82
ranking_my_rank: 35/504 (93.3%)
ranking_my_percent: 93.25396825396825
