ConfigName: kfr__advglobalrankweighted__M2__L10__eps0p015__g0p005__ds0p01__dm0p01
Problem: QUBO
Kernel: fr
Advantage: globalrankweighted
M: 2
lambda: 10
epsilon_svgd: 0.015
gamma: 0.005
decay_start_ratio: 0.01
decay_min_factor: 0.01
bandwith_kernel: None
no_interact: False
avg_score: -3291.6201171875
median_score: -3275.0
std_score: 132.20201110839844
percentiles: 2%=-3586.159912109375, 5%=-3525.5, 10%=-3454.699951171875, 25%=-3374.0, 50%=-3275.0, 75%=-3206.25, 90%=-3131.60009765625, 95%=-3086.75, 98%=-3072.39990234375
ranking_best_algo: RLSOnePlusOne
ranking_best_score: 3316.5199999999995
ranking_my_rank: 3/504 (99.6%)
ranking_my_percent: 99.60317460317461
