ConfigName: kjsd__advperagentrankweighted__M3__L18__eps0p01__g0p003__ds0p05__dm0p05
Problem: QUBO
Kernel: jsd
Advantage: peragentrankweighted
M: 3
lambda: 18
epsilon_svgd: 0.01
gamma: 0.003
decay_start_ratio: 0.05
decay_min_factor: 0.05
bandwith_kernel: None
no_interact: False
avg_score: -200.24000549316406
median_score: -201.5
std_score: 12.027567863464355
percentiles: 2%=-224.0, 5%=-222.10000610351562, 10%=-215.3000030517578, 25%=-206.25, 50%=-201.5, 75%=-193.0, 90%=-182.89999389648438, 95%=-179.0, 98%=-176.0
ranking_best_algo: Tabu
ranking_best_score: 208.36000000000004
ranking_my_rank: 49/504 (90.5%)
ranking_my_percent: 90.47619047619048
