ConfigName: kjsd__advperagentrankweighted__M4__L8__eps0p02__g0p0003__ds0p05__dm0p05
Problem: QUBO
Kernel: jsd
Advantage: peragentrankweighted
M: 4
lambda: 8
epsilon_svgd: 0.02
gamma: 0.0003
decay_start_ratio: 0.05
decay_min_factor: 0.05
bandwith_kernel: None
no_interact: False
avg_score: -145.5
median_score: -145.0
std_score: 13.114496231079102
percentiles: 2%=-179.0, 5%=-169.0, 10%=-160.0, 25%=-154.0, 50%=-145.0, 75%=-139.0, 90%=-129.0, 95%=-122.94999694824219, 98%=-119.94000244140625
ranking_best_algo: CMApara
ranking_best_score: 154.28
ranking_my_rank: 136/504 (73.2%)
ranking_my_percent: 73.21428571428571
