ConfigName: kjsd__advperagentrankweighted__M3__L18__eps0p007__g0p003__ds0p05__dm0p1
Problem: NK
Kernel: jsd
Advantage: peragentrankweighted
M: 3
lambda: 18
epsilon_svgd: 0.007
gamma: 0.003
decay_start_ratio: 0.05
decay_min_factor: 0.1
bandwith_kernel: None
no_interact: False
avg_score: 0.7367701530456543
median_score: 0.7364006042480469
std_score: 0.01438072044402361
percentiles: 2%=0.7099016904830933, 5%=0.711818277835846, 10%=0.7190099358558655, 25%=0.7265381813049316, 50%=0.7364006042480469, 75%=0.7472949028015137, 90%=0.7566506266593933, 95%=0.7587405443191528, 98%=0.7639651894569397
ranking_best_algo: Tabu
ranking_best_score: 0.7601875690625
ranking_my_rank: 20/504 (96.2%)
ranking_my_percent: 96.23015873015873
