ConfigName: kjsd__advperagentrankweighted__M3__L16__eps0p01__g0p0007__ds0p05__dm0p1
Problem: QUBO
Kernel: jsd
Advantage: peragentrankweighted
M: 3
lambda: 16
epsilon_svgd: 0.01
gamma: 0.0007
decay_start_ratio: 0.05
decay_min_factor: 0.1
bandwith_kernel: None
no_interact: False
avg_score: -576.4000244140625
median_score: -575.0
std_score: 28.7186336517334
percentiles: 2%=-635.0, 5%=-622.0499877929688, 10%=-616.0999755859375, 25%=-595.25, 50%=-575.0, 75%=-558.75, 90%=-539.7999877929688, 95%=-531.8499755859375, 98%=-525.8599853515625
ranking_best_algo: Tabu
ranking_best_score: 588.7199999999999
ranking_my_rank: 55/503 (89.3%)
ranking_my_percent: 89.26441351888668
