ConfigName: kfr__advglobalrankweighted__M4__L11__eps0p015__g0p003__ds0p01__dm0p01
Problem: QUBO
Kernel: fr
Advantage: globalrankweighted
M: 4
lambda: 11
epsilon_svgd: 0.015
gamma: 0.003
decay_start_ratio: 0.01
decay_min_factor: 0.01
bandwith_kernel: None
no_interact: False
avg_score: -1296.1600341796875
median_score: -1291.0
std_score: 66.39875793457031
percentiles: 2%=-1417.0400390625, 5%=-1393.5, 10%=-1376.199951171875, 25%=-1345.0, 50%=-1291.0, 75%=-1250.25, 90%=-1204.800048828125, 95%=-1184.699951171875, 98%=-1156.8399658203125
ranking_best_algo: BigLognormalDiscreteOnePlusOne
ranking_best_score: 1301.3600000000004
ranking_my_rank: 2/504 (99.8%)
ranking_my_percent: 99.8015873015873
