ConfigName: krbf__advnormalizedfitness__M4__L15__eps0p025__g0p01__ds0p3__dm0p3
Problem: QUBO
Kernel: rbf
Advantage: normalizedfitness
M: 4
lambda: 15
epsilon_svgd: 0.025
gamma: 0.01
decay_start_ratio: 0.3
decay_min_factor: 0.3
bandwith_kernel: None
no_interact: False
avg_score: -1432.739990234375
median_score: -1427.0
std_score: 161.954833984375
percentiles: 2%=-1750.1600341796875, 5%=-1711.4000244140625, 10%=-1636.199951171875, 25%=-1547.25, 50%=-1427.0, 75%=-1325.5, 90%=-1211.800048828125, 95%=-1189.2501220703125, 98%=-1121.5198974609375
ranking_best_algo: SVM1MetaModelLogNormal
ranking_best_score: 2605.14
ranking_my_rank: 331/504 (34.5%)
ranking_my_percent: 34.523809523809526
