ConfigName: krbf__advnormalizedfitness__M4__L15__eps0p03__g0p01__ds0p15__dm0p05
Problem: QUBO
Kernel: rbf
Advantage: normalizedfitness
M: 4
lambda: 15
epsilon_svgd: 0.03
gamma: 0.01
decay_start_ratio: 0.15
decay_min_factor: 0.05
bandwith_kernel: None
no_interact: False
avg_score: -1004.1400146484375
median_score: -988.5
std_score: 79.03746032714844
percentiles: 2%=-1160.239990234375, 5%=-1148.050048828125, 10%=-1115.5999755859375, 25%=-1055.5, 50%=-988.5, 75%=-952.75, 90%=-916.7999877929688, 95%=-880.9500122070312, 98%=-850.9199829101562
ranking_best_algo: SVMMetaModelLogNormal
ranking_best_score: 1233.7999999999997
ranking_my_rank: 232/504 (54.2%)
ranking_my_percent: 54.166666666666664
