ConfigName: krbf__advnormalizedfitness__M3__L10__eps0p025__g0p005__ds0p01__dm0p01
Problem: QUBO
Kernel: rbf
Advantage: normalizedfitness
M: 3
lambda: 10
epsilon_svgd: 0.025
gamma: 0.005
decay_start_ratio: 0.01
decay_min_factor: 0.01
bandwith_kernel: None
no_interact: False
avg_score: -414.5199890136719
median_score: -412.0
std_score: 25.940114974975586
percentiles: 2%=-469.0799865722656, 5%=-454.1499938964844, 10%=-452.0, 25%=-430.5, 50%=-412.0, 75%=-397.0, 90%=-378.0, 95%=-372.0, 98%=-367.8399658203125
ranking_best_algo: Tabu
ranking_best_score: 438.12
ranking_my_rank: 52/504 (89.9%)
ranking_my_percent: 89.88095238095238
