ConfigName: krbf__advnormalizedfitness__M4__L10__eps0p015__g0p005__ds0p3__dm0p01
Problem: QUBO
Kernel: rbf
Advantage: normalizedfitness
M: 4
lambda: 10
epsilon_svgd: 0.015
gamma: 0.005
decay_start_ratio: 0.3
decay_min_factor: 0.01
bandwith_kernel: None
no_interact: False
avg_score: -919.0800170898438
median_score: -907.0
std_score: 66.78334045410156
percentiles: 2%=-1048.3199462890625, 5%=-1026.300048828125, 10%=-1016.0999755859375, 25%=-974.5, 50%=-907.0, 75%=-874.25, 90%=-841.7000122070312, 95%=-831.1001586914062, 98%=-792.8800048828125
ranking_best_algo: CMApara
ranking_best_score: 964.9
ranking_my_rank: 64/504 (87.5%)
ranking_my_percent: 87.5
