ConfigName: krbf__advnormalizedfitness__M2__L10__eps0p033__g0p01__ds0p01__dm0p3
Problem: QUBO
Kernel: rbf
Advantage: normalizedfitness
M: 2
lambda: 10
epsilon_svgd: 0.033
gamma: 0.01
decay_start_ratio: 0.01
decay_min_factor: 0.3
bandwith_kernel: None
no_interact: False
avg_score: -580.1599731445312
median_score: -578.0
std_score: 29.77472496032715
percentiles: 2%=-635.0399780273438, 5%=-629.0, 10%=-619.2999877929688, 25%=-603.25, 50%=-578.0, 75%=-557.75, 90%=-542.9000244140625, 95%=-526.9000244140625, 98%=-523.9199829101562
ranking_best_algo: Tabu
ranking_best_score: 588.7199999999999
ranking_my_rank: 39/503 (92.4%)
ranking_my_percent: 92.44532803180914
