ConfigName: krbf__advnormalizedfitness__M4__L10__eps0p02__g0p001__ds0p05__dm0p05
Problem: QUBO
Kernel: rbf
Advantage: normalizedfitness
M: 4
lambda: 10
epsilon_svgd: 0.02
gamma: 0.001
decay_start_ratio: 0.05
decay_min_factor: 0.05
bandwith_kernel: None
no_interact: False
avg_score: -307.2200012207031
median_score: -303.0
std_score: 40.33350372314453
percentiles: 2%=-394.0400085449219, 5%=-392.0, 10%=-359.79998779296875, 25%=-330.5, 50%=-303.0, 75%=-275.75, 90%=-262.0, 95%=-256.75, 98%=-246.0
ranking_best_algo: CMApara
ranking_best_score: 319.29999999999995
ranking_my_rank: 100/504 (80.4%)
ranking_my_percent: 80.35714285714286
