ConfigName: kjsd__advperagentrankweighted__M3__L18__eps0p01__g0p0007__ds0p05__dm0p1
Problem: QUBO
Kernel: jsd
Advantage: peragentrankweighted
M: 3
lambda: 18
epsilon_svgd: 0.01
gamma: 0.0007
decay_start_ratio: 0.05
decay_min_factor: 0.1
bandwith_kernel: None
no_interact: False
avg_score: -3299.9599609375
median_score: -3298.5
std_score: 118.24720001220703
percentiles: 2%=-3533.02001953125, 5%=-3487.64990234375, 10%=-3439.0, 25%=-3390.0, 50%=-3298.5, 75%=-3214.5, 90%=-3145.60009765625, 95%=-3105.10009765625, 98%=-3047.6201171875
ranking_best_algo: RLSOnePlusOne
ranking_best_score: 3316.5199999999995
ranking_my_rank: 3/504 (99.6%)
ranking_my_percent: 99.60317460317461
