ConfigName: kfr__advglobalrankweighted__M2__L10__eps0p01__g0p005__ds0p01__dm0p01
Problem: QUBO
Kernel: fr
Advantage: globalrankweighted
M: 2
lambda: 10
epsilon_svgd: 0.01
gamma: 0.005
decay_start_ratio: 0.01
decay_min_factor: 0.01
bandwith_kernel: None
no_interact: False
avg_score: -409.05999755859375
median_score: -410.0
std_score: 27.412338256835938
percentiles: 2%=-454.3399963378906, 5%=-454.0, 10%=-447.0, 25%=-424.0, 50%=-410.0, 75%=-390.75, 90%=-377.8999938964844, 95%=-363.9000244140625, 98%=-354.0
ranking_best_algo: Tabu
ranking_best_score: 438.12
ranking_my_rank: 112/504 (78.0%)
ranking_my_percent: 77.97619047619048
