ConfigName: kjsd__advperagentrankweighted__M3__L18__eps0p01__g0p0007__ds0p1__dm0p2
Problem: QUBO
Kernel: jsd
Advantage: peragentrankweighted
M: 3
lambda: 18
epsilon_svgd: 0.01
gamma: 0.0007
decay_start_ratio: 0.1
decay_min_factor: 0.2
bandwith_kernel: None
no_interact: False
avg_score: -1304.9599609375
median_score: -1300.0
std_score: 57.707000732421875
percentiles: 2%=-1439.0799560546875, 5%=-1412.6500244140625, 10%=-1388.199951171875, 25%=-1337.75, 50%=-1300.0, 75%=-1262.75, 90%=-1237.0, 95%=-1218.300048828125, 98%=-1202.9599609375
ranking_best_algo: BigLognormalDiscreteOnePlusOne
ranking_best_score: 1301.3600000000004
ranking_my_rank: 1/504 (100.0%)
ranking_my_percent: 100.0
