ConfigName: kjsd__advperagentrankweighted__M3__L20__eps0p007__g0p0005__ds0p2__dm0p2
Problem: NK
Kernel: jsd
Advantage: peragentrankweighted
M: 3
lambda: 20
epsilon_svgd: 0.007
gamma: 0.0005
decay_start_ratio: 0.2
decay_min_factor: 0.2
bandwith_kernel: None
no_interact: False
avg_score: 0.7347580194473267
median_score: 0.7356870174407959
std_score: 0.008577710948884487
percentiles: 2%=0.718438982963562, 5%=0.7200457453727722, 10%=0.7227007150650024, 25%=0.7283408641815186, 50%=0.7356870174407959, 75%=0.7408100962638855, 90%=0.7466299533843994, 95%=0.7482292056083679, 98%=0.7488410472869873
ranking_best_algo: PBIL
ranking_best_score: 0.7248786399609374
ranking_my_rank: 1/504 (100.0%)
ranking_my_percent: 100.0
