ConfigName: kjsd__advperagentrankweighted__M3__L18__eps0p007__g0p0005__ds0p2__dm0p2
Problem: QUBO
Kernel: jsd
Advantage: peragentrankweighted
M: 3
lambda: 18
epsilon_svgd: 0.007
gamma: 0.0005
decay_start_ratio: 0.2
decay_min_factor: 0.2
bandwith_kernel: None
no_interact: False
avg_score: -413.0199890136719
median_score: -414.0
std_score: 26.58043670654297
percentiles: 2%=-469.1600036621094, 5%=-453.04998779296875, 10%=-446.0, 25%=-430.0, 50%=-414.0, 75%=-394.0, 90%=-378.0, 95%=-371.70001220703125, 98%=-358.82000732421875
ranking_best_algo: Tabu
ranking_best_score: 438.12
ranking_my_rank: 60/504 (88.3%)
ranking_my_percent: 88.2936507936508
