ConfigName: kfr__advglobalrankweighted__M2__L11__eps0p02__g0p005__ds0p01__dm0p01
Problem: QUBO
Kernel: fr
Advantage: globalrankweighted
M: 2
lambda: 11
epsilon_svgd: 0.02
gamma: 0.005
decay_start_ratio: 0.01
decay_min_factor: 0.01
bandwith_kernel: None
no_interact: False
avg_score: -573.1199951171875
median_score: -572.0
std_score: 30.294979095458984
percentiles: 2%=-634.02001953125, 5%=-619.5, 10%=-615.0, 25%=-594.0, 50%=-572.0, 75%=-550.5, 90%=-534.0, 95%=-529.9000244140625, 98%=-512.9599609375
ranking_best_algo: Tabu
ranking_best_score: 588.7199999999999
ranking_my_rank: 61/503 (88.1%)
ranking_my_percent: 88.07157057654075
