ConfigName: kfr__advglobalrankweighted__M3__L9__eps0p01__g0p007__ds0p01__dm0p01
Problem: QUBO
Kernel: fr
Advantage: globalrankweighted
M: 3
lambda: 9
epsilon_svgd: 0.01
gamma: 0.007
decay_start_ratio: 0.01
decay_min_factor: 0.01
bandwith_kernel: None
no_interact: False
avg_score: -934.239990234375
median_score: -922.0
std_score: 68.0829086303711
percentiles: 2%=-1074.0, 5%=-1045.1500244140625, 10%=-1025.0, 25%=-983.5, 50%=-922.0, 75%=-887.0, 90%=-848.4000244140625, 95%=-831.0, 98%=-802.679931640625
ranking_best_algo: CMApara
ranking_best_score: 964.9
ranking_my_rank: 17/504 (96.8%)
ranking_my_percent: 96.82539682539682
