ConfigName: krbf__advnormalizedfitness__M4__L15__eps0p033__g0p015__ds0p01__dm0p01
Problem: QUBO
Kernel: rbf
Advantage: normalizedfitness
M: 4
lambda: 15
epsilon_svgd: 0.033
gamma: 0.015
decay_start_ratio: 0.01
decay_min_factor: 0.01
bandwith_kernel: None
no_interact: False
avg_score: -1000.6400146484375
median_score: -997.0
std_score: 79.26443481445312
percentiles: 2%=-1148.0799560546875, 5%=-1125.300048828125, 10%=-1105.0, 25%=-1061.0, 50%=-997.0, 75%=-940.5, 90%=-893.0, 95%=-882.800048828125, 98%=-862.9199829101562
ranking_best_algo: SVMMetaModelLogNormal
ranking_best_score: 1233.7999999999997
ranking_my_rank: 237/504 (53.2%)
ranking_my_percent: 53.17460317460318
