ConfigName: kjsd__advperagentrankweighted__M3__L16__eps0p005__g0p0007__ds0p1__dm0p05
Problem: QUBO
Kernel: jsd
Advantage: peragentrankweighted
M: 3
lambda: 16
epsilon_svgd: 0.005
gamma: 0.0007
decay_start_ratio: 0.1
decay_min_factor: 0.05
bandwith_kernel: None
no_interact: False
avg_score: -137.72000122070312
median_score: -139.0
std_score: 12.221358299255371
percentiles: 2%=-158.02000427246094, 5%=-157.0500030517578, 10%=-155.0, 25%=-146.25, 50%=-139.0, 75%=-129.0, 90%=-121.0, 95%=-113.0, 98%=-111.9800033569336
ranking_best_algo: DiscreteDE
ranking_best_score: 143.4
ranking_my_rank: 118/504 (76.8%)
ranking_my_percent: 76.78571428571429
