ConfigName: kjsd__advperagentrankweighted__M5__L10__eps0p005__g0p0005__ds0p2__dm0p2
Problem: QUBO
Kernel: jsd
Advantage: peragentrankweighted
M: 5
lambda: 10
epsilon_svgd: 0.005
gamma: 0.0005
decay_start_ratio: 0.2
decay_min_factor: 0.2
bandwith_kernel: None
no_interact: False
avg_score: -3230.780029296875
median_score: -3220.0
std_score: 133.68093872070312
percentiles: 2%=-3510.97998046875, 5%=-3457.39990234375, 10%=-3426.0, 25%=-3311.5, 50%=-3220.0, 75%=-3138.0, 90%=-3058.699951171875, 95%=-3025.85009765625, 98%=-2986.739990234375
ranking_best_algo: RLSOnePlusOne
ranking_best_score: 3316.5199999999995
ranking_my_rank: 42/504 (91.9%)
ranking_my_percent: 91.86507936507937
