ConfigName: krbf__advnormalizedfitness__M1__L8__eps0p033__g0p01__ds0p01__dm0p01
Problem: NK
Kernel: rbf
Advantage: normalizedfitness
M: 1
lambda: 8
epsilon_svgd: 0.033
gamma: 0.01
decay_start_ratio: 0.01
decay_min_factor: 0.01
bandwith_kernel: None
no_interact: False
avg_score: 0.7397165894508362
median_score: 0.739386260509491
std_score: 0.014824829064309597
percentiles: 2%=0.7077727913856506, 5%=0.714732825756073, 10%=0.7213242053985596, 25%=0.730384111404419, 50%=0.739386260509491, 75%=0.7487527132034302, 90%=0.7618381381034851, 95%=0.7654119729995728, 98%=0.7693270444869995
ranking_best_algo: Tabu
ranking_best_score: 0.7470791764843752
ranking_my_rank: 7/504 (98.8%)
ranking_my_percent: 98.80952380952381
