ConfigName: krbf__advnormalizedfitness__M1__L8__eps0p025__g0p007__ds0p3__dm0p01
Problem: QUBO
Kernel: rbf
Advantage: normalizedfitness
M: 1
lambda: 8
epsilon_svgd: 0.025
gamma: 0.007
decay_start_ratio: 0.3
decay_min_factor: 0.01
bandwith_kernel: None
no_interact: False
avg_score: -874.7999877929688
median_score: -869.5
std_score: 74.22061920166016
percentiles: 2%=-1035.5, 5%=-1019.3499755859375, 10%=-976.3999633789062, 25%=-918.25, 50%=-869.5, 75%=-817.25, 90%=-791.7000122070312, 95%=-769.9500122070312, 98%=-754.9199829101562
ranking_best_algo: CMAL3
ranking_best_score: 928.5800000000002
ranking_my_rank: 134/504 (73.6%)
ranking_my_percent: 73.61111111111111
