ConfigName: krbf__advnormalizedfitness__M3__L10__eps0p033__g0p007__ds0p3__dm0p01
Problem: QUBO
Kernel: rbf
Advantage: normalizedfitness
M: 3
lambda: 10
epsilon_svgd: 0.033
gamma: 0.007
decay_start_ratio: 0.3
decay_min_factor: 0.01
bandwith_kernel: None
no_interact: False
avg_score: -931.97998046875
median_score: -933.5
std_score: 63.05695724487305
percentiles: 2%=-1072.0799560546875, 5%=-1035.0999755859375, 10%=-1019.0, 25%=-969.0, 50%=-933.5, 75%=-889.0, 90%=-852.9000244140625, 95%=-830.9000244140625, 98%=-794.9199829101562
ranking_best_algo: CMApara
ranking_best_score: 964.9
ranking_my_rank: 19/504 (96.4%)
ranking_my_percent: 96.42857142857143
