ConfigName: kjsd__advperagentrankweighted__M4__L10__eps0p02__g0p0005__ds0p2__dm0p05
Problem: QUBO
Kernel: jsd
Advantage: peragentrankweighted
M: 4
lambda: 10
epsilon_svgd: 0.02
gamma: 0.0005
decay_start_ratio: 0.2
decay_min_factor: 0.05
bandwith_kernel: None
no_interact: False
avg_score: -894.260009765625
median_score: -892.0
std_score: 63.088134765625
percentiles: 2%=-1021.0800170898438, 5%=-1012.0999755859375, 10%=-975.2000122070312, 25%=-933.25, 50%=-892.0, 75%=-848.0, 90%=-824.4000244140625, 95%=-796.7999877929688, 98%=-771.8800048828125
ranking_best_algo: CMAL3
ranking_best_score: 928.5800000000002
ranking_my_rank: 93/504 (81.7%)
ranking_my_percent: 81.74603174603175
