ConfigName: krbf__advnormalizedfitness__M4__L10__eps0p033__g0p005__ds0p01__dm0p3
Problem: QUBO
Kernel: rbf
Advantage: normalizedfitness
M: 4
lambda: 10
epsilon_svgd: 0.033
gamma: 0.005
decay_start_ratio: 0.01
decay_min_factor: 0.3
bandwith_kernel: None
no_interact: False
avg_score: -1196.1600341796875
median_score: -1193.5
std_score: 74.35720825195312
percentiles: 2%=-1390.1600341796875, 5%=-1308.550048828125, 10%=-1296.4000244140625, 25%=-1237.25, 50%=-1193.5, 75%=-1140.75, 90%=-1110.800048828125, 95%=-1080.9000244140625, 98%=-1071.4798583984375
ranking_best_algo: SVMMetaModelLogNormal
ranking_best_score: 1233.7999999999997
ranking_my_rank: 58/504 (88.7%)
ranking_my_percent: 88.69047619047619
