ConfigName: kjsd__advperagentrankweighted__M3__L16__eps0p01__g0p001__ds0p2__dm0p2
Problem: QUBO
Kernel: jsd
Advantage: peragentrankweighted
M: 3
lambda: 16
epsilon_svgd: 0.01
gamma: 0.001
decay_start_ratio: 0.2
decay_min_factor: 0.2
bandwith_kernel: None
no_interact: False
avg_score: -444.0799865722656
median_score: -445.0
std_score: 24.662391662597656
percentiles: 2%=-498.0, 5%=-481.6499938964844, 10%=-472.29998779296875, 25%=-461.25, 50%=-445.0, 75%=-427.0, 90%=-412.8999938964844, 95%=-403.95001220703125, 98%=-395.94000244140625
ranking_best_algo: CMApara
ranking_best_score: 453.82
ranking_my_rank: 6/504 (99.0%)
ranking_my_percent: 99.0079365079365
