ConfigName: kjsd__advperagentrankweighted__M3__L16__eps0p007__g0p001__ds0p2__dm0p1
Problem: NK
Kernel: jsd
Advantage: peragentrankweighted
M: 3
lambda: 16
epsilon_svgd: 0.007
gamma: 0.001
decay_start_ratio: 0.2
decay_min_factor: 0.1
bandwith_kernel: None
no_interact: False
avg_score: 0.7314452528953552
median_score: 0.7317153215408325
std_score: 0.009598830714821815
percentiles: 2%=0.7087221741676331, 5%=0.7146480083465576, 10%=0.7203061580657959, 25%=0.7251546382904053, 50%=0.7317153215408325, 75%=0.737515926361084, 90%=0.7440409660339355, 95%=0.7462606430053711, 98%=0.7484280467033386
ranking_best_algo: Tabu
ranking_best_score: 0.7429702712499999
ranking_my_rank: 2/504 (99.8%)
ranking_my_percent: 99.8015873015873
