ConfigName: krbf__advnormalizedfitness__M4__L10__eps0p015__g0p015__ds0p3__dm0p01
Problem: QUBO
Kernel: rbf
Advantage: normalizedfitness
M: 4
lambda: 10
epsilon_svgd: 0.015
gamma: 0.015
decay_start_ratio: 0.3
decay_min_factor: 0.01
bandwith_kernel: None
no_interact: False
avg_score: -146.55999755859375
median_score: -145.0
std_score: 13.377832412719727
percentiles: 2%=-179.0, 5%=-179.0, 10%=-158.0, 25%=-154.0, 50%=-145.0, 75%=-138.75, 90%=-131.0, 95%=-128.90000915527344, 98%=-121.0
ranking_best_algo: CMApara
ranking_best_score: 154.28
ranking_my_rank: 110/504 (78.4%)
ranking_my_percent: 78.37301587301587
