ConfigName: kjsd__advperagentrankweighted__M4__L30__eps0p005__g0p0007__ds0p05__dm0p05
Problem: QUBO
Kernel: jsd
Advantage: peragentrankweighted
M: 4
lambda: 30
epsilon_svgd: 0.005
gamma: 0.0007
decay_start_ratio: 0.05
decay_min_factor: 0.05
bandwith_kernel: None
no_interact: False
avg_score: -439.44000244140625
median_score: -439.5
std_score: 25.316524505615234
percentiles: 2%=-484.1000061035156, 5%=-475.0, 10%=-471.1000061035156, 25%=-461.0, 50%=-439.5, 75%=-422.25, 90%=-406.79998779296875, 95%=-394.0, 98%=-387.8800048828125
ranking_best_algo: CMApara
ranking_best_score: 453.82
ranking_my_rank: 18/504 (96.6%)
ranking_my_percent: 96.62698412698413
