ConfigName: kjsd__advperagentrankweighted__M5__L8__eps0p01__g0p0003__ds0p05__dm0p05
Problem: QUBO
Kernel: jsd
Advantage: peragentrankweighted
M: 5
lambda: 8
epsilon_svgd: 0.01
gamma: 0.0003
decay_start_ratio: 0.05
decay_min_factor: 0.05
bandwith_kernel: None
no_interact: False
avg_score: -1176.9599609375
median_score: -1169.5
std_score: 50.64680099487305
percentiles: 2%=-1268.6600341796875, 5%=-1255.199951171875, 10%=-1246.5, 25%=-1212.25, 50%=-1169.5, 75%=-1144.5, 90%=-1117.0, 95%=-1101.5999755859375, 98%=-1083.780029296875
ranking_best_algo: Tabu
ranking_best_score: 1216.16
ranking_my_rank: 82/504 (83.9%)
ranking_my_percent: 83.92857142857143
