ConfigName: kjsd__advperagentrankweighted__M5__L8__eps0p005__g0p003__ds0p4__dm0p05
Problem: QUBO
Kernel: jsd
Advantage: peragentrankweighted
M: 5
lambda: 8
epsilon_svgd: 0.005
gamma: 0.003
decay_start_ratio: 0.4
decay_min_factor: 0.05
bandwith_kernel: None
no_interact: False
avg_score: -198.4600067138672
median_score: -199.0
std_score: 13.546525955200195
percentiles: 2%=-224.0, 5%=-222.0, 10%=-215.10000610351562, 25%=-207.0, 50%=-199.0, 75%=-189.75, 90%=-180.89999389648438, 95%=-174.89999389648438, 98%=-168.97999572753906
ranking_best_algo: Tabu
ranking_best_score: 208.36000000000004
ranking_my_rank: 99/504 (80.6%)
ranking_my_percent: 80.55555555555556
