ConfigName: krbf__advnormalizedfitness__M1__L8__eps0p025__g0p015__ds0p3__dm0p3
Problem: QUBO
Kernel: rbf
Advantage: normalizedfitness
M: 1
lambda: 8
epsilon_svgd: 0.025
gamma: 0.015
decay_start_ratio: 0.3
decay_min_factor: 0.3
bandwith_kernel: None
no_interact: False
avg_score: -300.3800048828125
median_score: -290.0
std_score: 40.43730545043945
percentiles: 2%=-392.0400085449219, 5%=-382.0, 10%=-356.3999938964844, 25%=-328.0, 50%=-290.0, 75%=-270.0, 90%=-255.5, 95%=-240.95001220703125, 98%=-236.81996154785156
ranking_best_algo: CMApara
ranking_best_score: 319.29999999999995
ranking_my_rank: 227/504 (55.2%)
ranking_my_percent: 55.15873015873016
