ConfigName: kjsd__advperagentrankweighted__M3__L18__eps0p007__g0p0007__ds0p2__dm0p2
Problem: QUBO
Kernel: jsd
Advantage: peragentrankweighted
M: 3
lambda: 18
epsilon_svgd: 0.007
gamma: 0.0007
decay_start_ratio: 0.2
decay_min_factor: 0.2
bandwith_kernel: None
no_interact: False
avg_score: -3286.52001953125
median_score: -3277.5
std_score: 119.47388458251953
percentiles: 2%=-3562.0400390625, 5%=-3483.5, 10%=-3457.10009765625, 25%=-3353.75, 50%=-3277.5, 75%=-3208.5, 90%=-3153.199951171875, 95%=-3090.449951171875, 98%=-3064.820068359375
ranking_best_algo: RLSOnePlusOne
ranking_best_score: 3316.5199999999995
ranking_my_rank: 3/504 (99.6%)
ranking_my_percent: 99.60317460317461
