ConfigName: krbf__advnormalizedfitness__M1__L10__eps0p015__g0p005__ds0p01__dm0p3
Problem: QUBO
Kernel: rbf
Advantage: normalizedfitness
M: 1
lambda: 10
epsilon_svgd: 0.015
gamma: 0.005
decay_start_ratio: 0.01
decay_min_factor: 0.3
bandwith_kernel: None
no_interact: False
avg_score: -903.2999877929688
median_score: -896.5
std_score: 69.65292358398438
percentiles: 2%=-1047.300048828125, 5%=-1019.0499877929688, 10%=-998.0999755859375, 25%=-951.0, 50%=-896.5, 75%=-854.75, 90%=-813.7000122070312, 95%=-796.9000244140625, 98%=-778.719970703125
ranking_best_algo: CMApara
ranking_best_score: 964.9
ranking_my_rank: 107/504 (79.0%)
ranking_my_percent: 78.96825396825396
