ConfigName: kjsd__advperagentrankweighted__M3__L20__eps0p005__g0p0007__ds0p1__dm0p2
Problem: QUBO
Kernel: jsd
Advantage: peragentrankweighted
M: 3
lambda: 20
epsilon_svgd: 0.005
gamma: 0.0007
decay_start_ratio: 0.1
decay_min_factor: 0.2
bandwith_kernel: None
no_interact: False
avg_score: -2638.89990234375
median_score: -2637.0
std_score: 111.60802459716797
percentiles: 2%=-2846.47998046875, 5%=-2811.25, 10%=-2777.199951171875, 25%=-2724.75, 50%=-2637.0, 75%=-2567.25, 90%=-2485.5, 95%=-2461.60009765625, 98%=-2409.8798828125
ranking_best_algo: DiscreteLengler2OnePlusOne
ranking_best_score: 2617.04
ranking_my_rank: 1/504 (100.0%)
ranking_my_percent: 100.0
