ConfigName: krbf__advnormalizedfitness__M4__L10__eps0p03__g0p0005__ds0p05__dm0p05
Problem: QUBO
Kernel: rbf
Advantage: normalizedfitness
M: 4
lambda: 10
epsilon_svgd: 0.03
gamma: 0.0005
decay_start_ratio: 0.05
decay_min_factor: 0.05
bandwith_kernel: None
no_interact: False
avg_score: -137.0
median_score: -138.0
std_score: 10.692052841186523
percentiles: 2%=-155.02000427246094, 5%=-153.0500030517578, 10%=-152.0, 25%=-145.0, 50%=-138.0, 75%=-128.75, 90%=-123.9000015258789, 95%=-119.94999694824219, 98%=-117.94000244140625
ranking_best_algo: DiscreteDE
ranking_best_score: 143.4
ranking_my_rank: 164/504 (67.7%)
ranking_my_percent: 67.65873015873017
