ConfigName: kfr__advglobalrankweighted__M4__L15__eps0p015__g0p005__ds0p01__dm0p01
Problem: QUBO
Kernel: fr
Advantage: globalrankweighted
M: 4
lambda: 15
epsilon_svgd: 0.015
gamma: 0.005
decay_start_ratio: 0.01
decay_min_factor: 0.01
bandwith_kernel: None
no_interact: False
avg_score: -1238.1400146484375
median_score: -1234.0
std_score: 72.18283081054688
percentiles: 2%=-1376.0799560546875, 5%=-1353.6500244140625, 10%=-1329.5999755859375, 25%=-1291.5, 50%=-1234.0, 75%=-1188.0, 90%=-1148.9000244140625, 95%=-1132.800048828125, 98%=-1088.8399658203125
ranking_best_algo: BigLognormalDiscreteOnePlusOne
ranking_best_score: 1301.3600000000004
ranking_my_rank: 57/504 (88.9%)
ranking_my_percent: 88.88888888888889
