ConfigName: krbf__advnormalizedfitness__M1__L10__eps0p015__g0p005__ds0p15__dm0p01
Problem: QUBO
Kernel: rbf
Advantage: normalizedfitness
M: 1
lambda: 10
epsilon_svgd: 0.015
gamma: 0.005
decay_start_ratio: 0.15
decay_min_factor: 0.01
bandwith_kernel: None
no_interact: False
avg_score: -132.74000549316406
median_score: -133.0
std_score: 16.286569595336914
percentiles: 2%=-158.0, 5%=-152.10000610351562, 10%=-149.10000610351562, 25%=-144.25, 50%=-133.0, 75%=-123.0, 90%=-115.9000015258789, 95%=-114.80001831054688, 98%=-105.97999572753906
ranking_best_algo: DiscreteDE
ranking_best_score: 143.4
ranking_my_rank: 314/504 (37.9%)
ranking_my_percent: 37.8968253968254
