ConfigName: kjsd__advperagentrankweighted__M3__L30__eps0p007__g0p001__ds0p2__dm0p1
Problem: NK
Kernel: jsd
Advantage: peragentrankweighted
M: 3
lambda: 30
epsilon_svgd: 0.007
gamma: 0.001
decay_start_ratio: 0.2
decay_min_factor: 0.1
bandwith_kernel: None
no_interact: False
avg_score: 0.7539002299308777
median_score: 0.7527088522911072
std_score: 0.012866341508924961
percentiles: 2%=0.7292540073394775, 5%=0.7330957055091858, 10%=0.7361633777618408, 25%=0.7443842887878418, 50%=0.7527088522911072, 75%=0.7642184495925903, 90%=0.7706696391105652, 95%=0.7740533947944641, 98%=0.7769046425819397
ranking_best_algo: Tabu
ranking_best_score: 0.7657846284375001
ranking_my_rank: 9/504 (98.4%)
ranking_my_percent: 98.41269841269842
