ConfigName: krbf__advnormalizedfitness__M3__L8__eps0p033__g0p01__ds0p15__dm0p01
Problem: NK
Kernel: rbf
Advantage: normalizedfitness
M: 3
lambda: 8
epsilon_svgd: 0.033
gamma: 0.01
decay_start_ratio: 0.15
decay_min_factor: 0.01
bandwith_kernel: None
no_interact: False
avg_score: 0.7579019069671631
median_score: 0.756054162979126
std_score: 0.011933933943510056
percentiles: 2%=0.7356602549552917, 5%=0.739472508430481, 10%=0.7439088821411133, 25%=0.7489643096923828, 50%=0.756054162979126, 75%=0.7675511837005615, 90%=0.7723214626312256, 95%=0.7793117761611938, 98%=0.7843075394630432
ranking_best_algo: Tabu
ranking_best_score: 0.7470791764843752
ranking_my_rank: 1/504 (100.0%)
ranking_my_percent: 100.0
