ConfigName: krbf__advnormalizedfitness__M2__L8__eps0p015__g0p005__ds0p15__dm0p01
Problem: QUBO
Kernel: rbf
Advantage: normalizedfitness
M: 2
lambda: 8
epsilon_svgd: 0.015
gamma: 0.005
decay_start_ratio: 0.15
decay_min_factor: 0.01
bandwith_kernel: None
no_interact: False
avg_score: -930.97998046875
median_score: -930.5
std_score: 67.21294403076172
percentiles: 2%=-1072.0400390625, 5%=-1063.0, 10%=-1013.2000122070312, 25%=-972.5, 50%=-930.5, 75%=-885.75, 90%=-848.4000244140625, 95%=-819.9500122070312, 98%=-792.9600219726562
ranking_best_algo: CMApara
ranking_best_score: 964.9
ranking_my_rank: 19/504 (96.4%)
ranking_my_percent: 96.42857142857143
