ConfigName: kjsd__advperagentrankweighted__M3__L20__eps0p007__g0p001__ds0p1__dm0p1
Problem: NK
Kernel: jsd
Advantage: peragentrankweighted
M: 3
lambda: 20
epsilon_svgd: 0.007
gamma: 0.001
decay_start_ratio: 0.1
decay_min_factor: 0.1
bandwith_kernel: None
no_interact: False
avg_score: 0.7534959316253662
median_score: 0.7526527643203735
std_score: 0.014203512109816074
percentiles: 2%=0.7293739318847656, 5%=0.7328827977180481, 10%=0.7373498678207397, 25%=0.7424091100692749, 50%=0.7526527643203735, 75%=0.7639016509056091, 90%=0.771137535572052, 95%=0.7792451977729797, 98%=0.7830846905708313
ranking_best_algo: Tabu
ranking_best_score: 0.7657846284375001
ranking_my_rank: 9/504 (98.4%)
ranking_my_percent: 98.41269841269842
