ConfigName: krbf__advnormalizedfitness__M4__L10__eps0p033__g0p007__ds0p3__dm0p01
Problem: NK
Kernel: rbf
Advantage: normalizedfitness
M: 4
lambda: 10
epsilon_svgd: 0.033
gamma: 0.007
decay_start_ratio: 0.3
decay_min_factor: 0.01
bandwith_kernel: None
no_interact: False
avg_score: 0.740750789642334
median_score: 0.7411061525344849
std_score: 0.014316096901893616
percentiles: 2%=0.7150940299034119, 5%=0.7165382504463196, 10%=0.7236843705177307, 25%=0.731390655040741, 50%=0.7411061525344849, 75%=0.7503218650817871, 90%=0.7580461502075195, 95%=0.7626436948776245, 98%=0.7692323327064514
ranking_best_algo: Tabu
ranking_best_score: 0.7601875690625
ranking_my_rank: 12/504 (97.8%)
ranking_my_percent: 97.81746031746032
