ConfigName: kjsd__advperagentrankweighted__M3__L16__eps0p005__g0p001__ds0p1__dm0p05
Problem: NK
Kernel: jsd
Advantage: peragentrankweighted
M: 3
lambda: 16
epsilon_svgd: 0.005
gamma: 0.001
decay_start_ratio: 0.1
decay_min_factor: 0.05
bandwith_kernel: None
no_interact: False
avg_score: 0.7419782280921936
median_score: 0.7395352721214294
std_score: 0.01270387414842844
percentiles: 2%=0.7185512185096741, 5%=0.7242807745933533, 10%=0.7290331721305847, 25%=0.7339503169059753, 50%=0.7395352721214294, 75%=0.750458836555481, 90%=0.755652904510498, 95%=0.760755181312561, 98%=0.7681418657302856
ranking_best_algo: Tabu
ranking_best_score: 0.7601875690625
ranking_my_rank: 12/504 (97.8%)
ranking_my_percent: 97.81746031746032
