ConfigName: kjsd__advperagentrankweighted__M3__L16__eps0p01__g0p003__ds0p05__dm0p2
Problem: NK
Kernel: jsd
Advantage: peragentrankweighted
M: 3
lambda: 16
epsilon_svgd: 0.01
gamma: 0.003
decay_start_ratio: 0.05
decay_min_factor: 0.2
bandwith_kernel: None
no_interact: False
avg_score: 0.7444553971290588
median_score: 0.741506814956665
std_score: 0.02852175198495388
percentiles: 2%=0.701546847820282, 5%=0.7081782221794128, 10%=0.7105557918548584, 25%=0.7245498895645142, 50%=0.741506814956665, 75%=0.7580957412719727, 90%=0.7783373594284058, 95%=0.8044700026512146, 98%=0.8118547797203064
ranking_best_algo: CMApara
ranking_best_score: 0.7459277895312499
ranking_my_rank: 3/504 (99.6%)
ranking_my_percent: 99.60317460317461
