ConfigName: kjsd__advperagentrankweighted__M4__L12__eps0p005__g0p0007__ds0p2__dm0p05
Problem: QUBO
Kernel: jsd
Advantage: peragentrankweighted
M: 4
lambda: 12
epsilon_svgd: 0.005
gamma: 0.0007
decay_start_ratio: 0.2
decay_min_factor: 0.05
bandwith_kernel: None
no_interact: False
avg_score: -915.97998046875
median_score: -918.5
std_score: 60.75935745239258
percentiles: 2%=-1032.02001953125, 5%=-1010.0499877929688, 10%=-994.5, 25%=-959.0, 50%=-918.5, 75%=-873.75, 90%=-832.9000244140625, 95%=-815.6500244140625, 98%=-792.9199829101562
ranking_best_algo: CMAL3
ranking_best_score: 928.5800000000002
ranking_my_rank: 16/504 (97.0%)
ranking_my_percent: 97.02380952380952
