ConfigName: krbf__advnormalizedfitness__M3__L12__eps0p025__g0p007__ds0p15__dm0p3
Problem: QUBO
Kernel: rbf
Advantage: normalizedfitness
M: 3
lambda: 12
epsilon_svgd: 0.025
gamma: 0.007
decay_start_ratio: 0.15
decay_min_factor: 0.3
bandwith_kernel: None
no_interact: False
avg_score: -2404.5
median_score: -2408.0
std_score: 176.59747314453125
percentiles: 2%=-2740.6201171875, 5%=-2724.14990234375, 10%=-2633.300048828125, 25%=-2516.75, 50%=-2408.0, 75%=-2278.75, 90%=-2204.10009765625, 95%=-2147.2001953125, 98%=-2033.079833984375
ranking_best_algo: SVM1MetaModelLogNormal
ranking_best_score: 2605.14
ranking_my_rank: 95/504 (81.3%)
ranking_my_percent: 81.34920634920636
