ConfigName: kfr__advglobalrankweighted__M4__L9__eps0p015__g0p003__ds0p01__dm0p01
Problem: QUBO
Kernel: fr
Advantage: globalrankweighted
M: 4
lambda: 9
epsilon_svgd: 0.015
gamma: 0.003
decay_start_ratio: 0.01
decay_min_factor: 0.01
bandwith_kernel: None
no_interact: False
avg_score: -1221.8199462890625
median_score: -1218.0
std_score: 61.53720474243164
percentiles: 2%=-1330.43994140625, 5%=-1325.199951171875, 10%=-1303.199951171875, 25%=-1264.0, 50%=-1218.0, 75%=-1175.75, 90%=-1142.699951171875, 95%=-1119.9000244140625, 98%=-1101.97998046875
ranking_best_algo: SVMMetaModelLogNormal
ranking_best_score: 1233.7999999999997
ranking_my_rank: 40/504 (92.3%)
ranking_my_percent: 92.26190476190476
