ConfigName: krbf__advnormalizedfitness__M3__L10__eps0p02__g0p01__ds0p15__dm0p05
Problem: NK
Kernel: rbf
Advantage: normalizedfitness
M: 3
lambda: 10
epsilon_svgd: 0.02
gamma: 0.01
decay_start_ratio: 0.15
decay_min_factor: 0.05
bandwith_kernel: None
no_interact: False
avg_score: 0.7383251786231995
median_score: 0.7375798225402832
std_score: 0.013313883915543556
percentiles: 2%=0.7143666744232178, 5%=0.7163639068603516, 10%=0.7239199280738831, 25%=0.7293703556060791, 50%=0.7375798225402832, 75%=0.7459430694580078, 90%=0.7552030086517334, 95%=0.762848436832428, 98%=0.7660960555076599
ranking_best_algo: Tabu
ranking_best_score: 0.7601875690625
ranking_my_rank: 19/504 (96.4%)
ranking_my_percent: 96.42857142857143
