ConfigName: kjsd__advperagentrankweighted__M5__L24__eps0p008__g0p0005__ds0p05__dm0p05
Problem: QUBO
Kernel: jsd
Advantage: peragentrankweighted
M: 5
lambda: 24
epsilon_svgd: 0.008
gamma: 0.0005
decay_start_ratio: 0.05
decay_min_factor: 0.05
bandwith_kernel: None
no_interact: False
avg_score: -928.2000122070312
median_score: -927.5
std_score: 58.15891647338867
percentiles: 2%=-1025.300048828125, 5%=-1019.1500244140625, 10%=-1009.2000122070312, 25%=-971.5, 50%=-927.5, 75%=-888.0, 90%=-848.0, 95%=-832.7000122070312, 98%=-816.97998046875
ranking_best_algo: CMAL3
ranking_best_score: 928.5800000000002
ranking_my_rank: 2/504 (99.8%)
ranking_my_percent: 99.8015873015873
