ConfigName: krbf__advnormalizedfitness__M4__L12__eps0p033__g0p015__ds0p3__dm0p3
Problem: QUBO
Kernel: rbf
Advantage: normalizedfitness
M: 4
lambda: 12
epsilon_svgd: 0.033
gamma: 0.015
decay_start_ratio: 0.3
decay_min_factor: 0.3
bandwith_kernel: None
no_interact: False
avg_score: -355.5799865722656
median_score: -350.5
std_score: 31.644012451171875
percentiles: 2%=-429.0, 5%=-419.1000061035156, 10%=-397.6000061035156, 25%=-375.25, 50%=-350.5, 75%=-334.75, 90%=-319.0, 95%=-315.0, 98%=-308.6399230957031
ranking_best_algo: CMAL3
ranking_best_score: 435.36
ranking_my_rank: 327/504 (35.3%)
ranking_my_percent: 35.317460317460316
