ConfigName: krbf__advnormalizedfitness__M3__L12__eps0p015__g0p007__ds0p3__dm0p3
Problem: NK
Kernel: rbf
Advantage: normalizedfitness
M: 3
lambda: 12
epsilon_svgd: 0.015
gamma: 0.007
decay_start_ratio: 0.3
decay_min_factor: 0.3
bandwith_kernel: None
no_interact: False
avg_score: 0.6754871606826782
median_score: 0.6755857467651367
std_score: 0.016010452061891556
percentiles: 2%=0.6449031233787537, 5%=0.6516972780227661, 10%=0.6557471752166748, 25%=0.6643776893615723, 50%=0.6755857467651367, 75%=0.6859226226806641, 90%=0.6968995928764343, 95%=0.7032029628753662, 98%=0.7074476480484009
ranking_best_algo: PBIL
ranking_best_score: 0.733570253046875
ranking_my_rank: 222/504 (56.2%)
ranking_my_percent: 56.15079365079365
