ConfigName: kjsd__advperagentrankweighted__M3__L16__eps0p01__g0p001__ds0p1__dm0p1
Problem: NK
Kernel: jsd
Advantage: peragentrankweighted
M: 3
lambda: 16
epsilon_svgd: 0.01
gamma: 0.001
decay_start_ratio: 0.1
decay_min_factor: 0.1
bandwith_kernel: None
no_interact: False
avg_score: 0.7364080548286438
median_score: 0.7383997440338135
std_score: 0.008945182897150517
percentiles: 2%=0.718051016330719, 5%=0.7193757891654968, 10%=0.7240168452262878, 25%=0.7297568321228027, 50%=0.7383997440338135, 75%=0.7431799173355103, 90%=0.7466306686401367, 95%=0.7493021488189697, 98%=0.751385509967804
ranking_best_algo: PBIL
ranking_best_score: 0.730509098125
ranking_my_rank: 1/504 (100.0%)
ranking_my_percent: 100.0
