ConfigName: kfr__advglobalrankweighted__M1__L8__eps0p01__g0p003__ds0p01__dm0p01
Problem: QUBO
Kernel: fr
Advantage: globalrankweighted
M: 1
lambda: 8
epsilon_svgd: 0.01
gamma: 0.003
decay_start_ratio: 0.01
decay_min_factor: 0.01
bandwith_kernel: None
no_interact: False
avg_score: -132.4600067138672
median_score: -132.5
std_score: 13.365193367004395
percentiles: 2%=-155.0399932861328, 5%=-154.0, 10%=-151.0, 25%=-143.25, 50%=-132.5, 75%=-123.0, 90%=-114.9000015258789, 95%=-109.0, 98%=-105.97999572753906
ranking_best_algo: DiscreteDE
ranking_best_score: 143.4
ranking_my_rank: 314/504 (37.9%)
ranking_my_percent: 37.8968253968254
