ConfigName: kjsd__advperagentrankweighted__M5__L8__eps0p02__g0p0005__ds0p05__dm0p05
Problem: NK
Kernel: jsd
Advantage: peragentrankweighted
M: 5
lambda: 8
epsilon_svgd: 0.02
gamma: 0.0005
decay_start_ratio: 0.05
decay_min_factor: 0.05
bandwith_kernel: None
no_interact: False
avg_score: 0.7040501236915588
median_score: 0.7061038613319397
std_score: 0.011782743036746979
percentiles: 2%=0.683224618434906, 5%=0.6838163733482361, 10%=0.6884413361549377, 25%=0.6943525671958923, 50%=0.7061038613319397, 75%=0.713395893573761, 90%=0.7181135416030884, 95%=0.7200881838798523, 98%=0.7215352654457092
ranking_best_algo: PBIL
ranking_best_score: 0.7013553837109374
ranking_my_rank: 1/504 (100.0%)
ranking_my_percent: 100.0
