ConfigName: krbf__advnormalizedfitness__M2__L9__eps0p01__g0p003__ds0p01__dm0p01
Problem: QUBO
Kernel: rbf
Advantage: normalizedfitness
M: 2
lambda: 9
epsilon_svgd: 0.01
gamma: 0.003
decay_start_ratio: 0.01
decay_min_factor: 0.01
bandwith_kernel: None
no_interact: False
avg_score: -421.29998779296875
median_score: -419.5
std_score: 27.941186904907227
percentiles: 2%=-475.1199951171875, 5%=-471.0, 10%=-461.1000061035156, 25%=-441.0, 50%=-419.5, 75%=-401.0, 90%=-384.8999938964844, 95%=-382.8999938964844, 98%=-369.9200134277344
ranking_best_algo: CMAL3
ranking_best_score: 435.36
ranking_my_rank: 55/504 (89.3%)
ranking_my_percent: 89.28571428571429
