ConfigName: krbf__advnormalizedfitness__M2__L8__eps0p015__g0p005__ds0p3__dm0p3
Problem: QUBO
Kernel: rbf
Advantage: normalizedfitness
M: 2
lambda: 8
epsilon_svgd: 0.015
gamma: 0.005
decay_start_ratio: 0.3
decay_min_factor: 0.3
bandwith_kernel: None
no_interact: False
avg_score: -409.1000061035156
median_score: -407.0
std_score: 26.894424438476562
percentiles: 2%=-465.0799865722656, 5%=-454.0, 10%=-448.0, 25%=-426.0, 50%=-407.0, 75%=-395.5, 90%=-373.3999938964844, 95%=-364.0, 98%=-361.9599914550781
ranking_best_algo: Tabu
ranking_best_score: 438.12
ranking_my_rank: 112/504 (78.0%)
ranking_my_percent: 77.97619047619048
