ConfigName: kjsd__advperagentrankweighted__M3__L30__eps0p005__g0p001__ds0p1__dm0p1
Problem: NK
Kernel: jsd
Advantage: peragentrankweighted
M: 3
lambda: 30
epsilon_svgd: 0.005
gamma: 0.001
decay_start_ratio: 0.1
decay_min_factor: 0.1
bandwith_kernel: None
no_interact: False
avg_score: 0.7106586694717407
median_score: 0.7112376093864441
std_score: 0.015426980331540108
percentiles: 2%=0.6703075170516968, 5%=0.6727045178413391, 10%=0.6953659653663635, 25%=0.7080218195915222, 50%=0.7112376093864441, 75%=0.7196811437606812, 90%=0.725477933883667, 95%=0.7319478392601013, 98%=0.7328000664710999
ranking_best_algo: CMApara
ranking_best_score: 0.707475975
ranking_my_rank: 1/504 (100.0%)
ranking_my_percent: 100.0
