ConfigName: kjsd__advperagentrankweighted__M4__L10__eps0p02__g0p0007__ds0p2__dm0p05
Problem: NK
Kernel: jsd
Advantage: peragentrankweighted
M: 4
lambda: 10
epsilon_svgd: 0.02
gamma: 0.0007
decay_start_ratio: 0.2
decay_min_factor: 0.05
bandwith_kernel: None
no_interact: False
avg_score: 0.7324615716934204
median_score: 0.7336838841438293
std_score: 0.01000581867992878
percentiles: 2%=0.712996244430542, 5%=0.7160729765892029, 10%=0.7178390026092529, 25%=0.7258992791175842, 50%=0.7336838841438293, 75%=0.7382433414459229, 90%=0.7452945113182068, 95%=0.7478890419006348, 98%=0.749457061290741
ranking_best_algo: PBIL
ranking_best_score: 0.730509098125
ranking_my_rank: 1/504 (100.0%)
ranking_my_percent: 100.0
