ConfigName: kjsd__advperagentrankweighted__M3__L30__eps0p005__g0p0005__ds0p05__dm0p1
Problem: QUBO
Kernel: jsd
Advantage: peragentrankweighted
M: 3
lambda: 30
epsilon_svgd: 0.005
gamma: 0.0005
decay_start_ratio: 0.05
decay_min_factor: 0.1
bandwith_kernel: None
no_interact: False
avg_score: -1246.1800537109375
median_score: -1253.0
std_score: 62.03343963623047
percentiles: 2%=-1363.1400146484375, 5%=-1354.050048828125, 10%=-1326.5, 25%=-1288.75, 50%=-1253.0, 75%=-1204.0, 90%=-1157.9000244140625, 95%=-1139.800048828125, 98%=-1128.8399658203125
ranking_best_algo: SVMMetaModelLogNormal
ranking_best_score: 1233.7999999999997
ranking_my_rank: 1/504 (100.0%)
ranking_my_percent: 100.0
