ConfigName: krbf__advnormalizedfitness__M4__L8__eps0p03__g0p01__ds0p05__dm0p05
Problem: QUBO
Kernel: rbf
Advantage: normalizedfitness
M: 4
lambda: 8
epsilon_svgd: 0.03
gamma: 0.01
decay_start_ratio: 0.05
decay_min_factor: 0.05
bandwith_kernel: None
no_interact: False
avg_score: -149.10000610351562
median_score: -149.0
std_score: 12.92864990234375
percentiles: 2%=-179.0, 5%=-179.0, 10%=-160.0, 25%=-155.0, 50%=-149.0, 75%=-141.0, 90%=-135.0, 95%=-130.8000030517578, 98%=-119.95999908447266
ranking_best_algo: CMApara
ranking_best_score: 154.28
ranking_my_rank: 79/504 (84.5%)
ranking_my_percent: 84.52380952380952
