ConfigName: krbf__advnormalizedfitness__M4__L8__eps0p03__g0p005__ds0p15__dm0p05
Problem: QUBO
Kernel: rbf
Advantage: normalizedfitness
M: 4
lambda: 8
epsilon_svgd: 0.03
gamma: 0.005
decay_start_ratio: 0.15
decay_min_factor: 0.05
bandwith_kernel: None
no_interact: False
avg_score: -416.3999938964844
median_score: -418.0
std_score: 25.685794830322266
percentiles: 2%=-475.0400085449219, 5%=-453.04998779296875, 10%=-446.0, 25%=-430.25, 50%=-418.0, 75%=-400.0, 90%=-381.79998779296875, 95%=-375.70001220703125, 98%=-365.6400146484375
ranking_best_algo: Tabu
ranking_best_score: 438.12
ranking_my_rank: 44/504 (91.5%)
ranking_my_percent: 91.46825396825396
