ConfigName: krbf__advnormalizedfitness__M2__L3__eps0p015__g0p005__ds0p15__dm0p01
Problem: QUBO
Kernel: rbf
Advantage: normalizedfitness
M: 2
lambda: 3
epsilon_svgd: 0.015
gamma: 0.005
decay_start_ratio: 0.15
decay_min_factor: 0.01
bandwith_kernel: None
no_interact: False
avg_score: -426.1400146484375
median_score: -426.5
std_score: 35.33299255371094
percentiles: 2%=-479.0799865722656, 5%=-472.1499938964844, 10%=-462.20001220703125, 25%=-447.25, 50%=-426.5, 75%=-410.0, 90%=-398.6000061035156, 95%=-389.8500061035156, 98%=-371.55999755859375
ranking_best_algo: CMApara
ranking_best_score: 453.82
ranking_my_rank: 117/504 (77.0%)
ranking_my_percent: 76.98412698412699
