ConfigName: kfr__advglobalrankweighted__M1__L9__eps0p015__g0p007__ds0p01__dm0p01
Problem: QUBO
Kernel: fr
Advantage: globalrankweighted
M: 1
lambda: 9
epsilon_svgd: 0.015
gamma: 0.007
decay_start_ratio: 0.01
decay_min_factor: 0.01
bandwith_kernel: None
no_interact: False
avg_score: -296.0199890136719
median_score: -288.5
std_score: 36.79564666748047
percentiles: 2%=-378.2799987792969, 5%=-372.20001220703125, 10%=-342.20001220703125, 25%=-322.5, 50%=-288.5, 75%=-267.75, 90%=-253.89999389648438, 95%=-249.80001831054688, 98%=-241.95999145507812
ranking_best_algo: CMApara
ranking_best_score: 319.29999999999995
ranking_my_rank: 260/504 (48.6%)
ranking_my_percent: 48.611111111111114
