ConfigName: kjsd__advperagentrankweighted__M3__L18__eps0p007__g0p0005__ds0p05__dm0p05
Problem: QUBO
Kernel: jsd
Advantage: peragentrankweighted
M: 3
lambda: 18
epsilon_svgd: 0.007
gamma: 0.0005
decay_start_ratio: 0.05
decay_min_factor: 0.05
bandwith_kernel: None
no_interact: False
avg_score: -577.97998046875
median_score: -580.0
std_score: 30.346656799316406
percentiles: 2%=-633.0800170898438, 5%=-625.0999755859375, 10%=-617.0, 25%=-596.5, 50%=-580.0, 75%=-557.75, 90%=-536.0, 95%=-528.9000244140625, 98%=-512.8200073242188
ranking_best_algo: Tabu
ranking_best_score: 588.7199999999999
ranking_my_rank: 42/503 (91.8%)
ranking_my_percent: 91.84890656063618
