ConfigName: krbf__advnormalizedfitness__M1__L8__eps0p015__g0p01__ds0p01__dm0p3
Problem: QUBO
Kernel: rbf
Advantage: normalizedfitness
M: 1
lambda: 8
epsilon_svgd: 0.015
gamma: 0.01
decay_start_ratio: 0.01
decay_min_factor: 0.3
bandwith_kernel: None
no_interact: False
avg_score: -2593.219970703125
median_score: -2594.0
std_score: 131.850341796875
percentiles: 2%=-2823.699951171875, 5%=-2790.35009765625, 10%=-2771.10009765625, 25%=-2691.0, 50%=-2594.0, 75%=-2486.25, 90%=-2447.60009765625, 95%=-2419.300048828125, 98%=-2315.760009765625
ranking_best_algo: DiscreteLengler2OnePlusOne
ranking_best_score: 2617.04
ranking_my_rank: 38/504 (92.7%)
ranking_my_percent: 92.65873015873017
