ConfigName: kjsd__advperagentrankweighted__M5__L8__eps0p02__g0p0003__ds0p05__dm0p05
Problem: QUBO
Kernel: jsd
Advantage: peragentrankweighted
M: 5
lambda: 8
epsilon_svgd: 0.02
gamma: 0.0003
decay_start_ratio: 0.05
decay_min_factor: 0.05
bandwith_kernel: None
no_interact: False
avg_score: -194.86000061035156
median_score: -195.5
std_score: 10.964506149291992
percentiles: 2%=-215.02000427246094, 5%=-212.0500030517578, 10%=-208.10000610351562, 25%=-203.0, 50%=-195.5, 75%=-186.0, 90%=-179.89999389648438, 95%=-178.0, 98%=-173.0
ranking_best_algo: Tabu
ranking_best_score: 208.36000000000004
ranking_my_rank: 216/504 (57.3%)
ranking_my_percent: 57.34126984126984
