ConfigName: kjsd__advperagentrankweighted__M6__L10__eps0p02__g0p0003__ds0p05__dm0p05
Problem: QUBO
Kernel: jsd
Advantage: peragentrankweighted
M: 6
lambda: 10
epsilon_svgd: 0.02
gamma: 0.0003
decay_start_ratio: 0.05
decay_min_factor: 0.05
bandwith_kernel: None
no_interact: False
avg_score: -1591.0
median_score: -1581.0
std_score: 62.77627182006836
percentiles: 2%=-1724.0999755859375, 5%=-1705.550048828125, 10%=-1681.0999755859375, 25%=-1638.25, 50%=-1581.0, 75%=-1549.0, 90%=-1516.4000244140625, 95%=-1499.75, 98%=-1480.9599609375
ranking_best_algo: NLOPT_LN_PRAXIS
ranking_best_score: 1607.12
ranking_my_rank: 39/504 (92.5%)
ranking_my_percent: 92.46031746031746
