ConfigName: kjsd__advperagentrankweighted__M5__L24__eps0p02__g0p0005__ds0p2__dm0p05
Problem: NK
Kernel: jsd
Advantage: peragentrankweighted
M: 5
lambda: 24
epsilon_svgd: 0.02
gamma: 0.0005
decay_start_ratio: 0.2
decay_min_factor: 0.05
bandwith_kernel: None
no_interact: False
avg_score: 0.7295940518379211
median_score: 0.7282872200012207
std_score: 0.010099632665514946
percentiles: 2%=0.7099668979644775, 5%=0.7146357297897339, 10%=0.7189084887504578, 25%=0.721276581287384, 50%=0.7282872200012207, 75%=0.7363923788070679, 90%=0.7426910400390625, 95%=0.7461511492729187, 98%=0.7500040531158447
ranking_best_algo: Tabu
ranking_best_score: 0.7429702712499999
ranking_my_rank: 2/504 (99.8%)
ranking_my_percent: 99.8015873015873
