ConfigName: kjsd__advperagentrankweighted__M3__L20__eps0p005__g0p001__ds0p05__dm0p1
Problem: NK
Kernel: jsd
Advantage: peragentrankweighted
M: 3
lambda: 20
epsilon_svgd: 0.005
gamma: 0.001
decay_start_ratio: 0.05
decay_min_factor: 0.1
bandwith_kernel: None
no_interact: False
avg_score: 0.7580090165138245
median_score: 0.7578067183494568
std_score: 0.011406159959733486
percentiles: 2%=0.7354475855827332, 5%=0.7369648218154907, 10%=0.7435595393180847, 25%=0.7518159747123718, 50%=0.7578067183494568, 75%=0.766353964805603, 90%=0.7724086046218872, 95%=0.774858295917511, 98%=0.7781124114990234
ranking_best_algo: Tabu
ranking_best_score: 0.7470791764843752
ranking_my_rank: 1/504 (100.0%)
ranking_my_percent: 100.0
