ConfigName: kfr__advglobalrankweighted__M4__L15__eps0p01__g0p005__ds0p01__dm0p01
Problem: QUBO
Kernel: fr
Advantage: globalrankweighted
M: 4
lambda: 15
epsilon_svgd: 0.01
gamma: 0.005
decay_start_ratio: 0.01
decay_min_factor: 0.01
bandwith_kernel: None
no_interact: False
avg_score: -140.17999267578125
median_score: -141.0
std_score: 10.863130569458008
percentiles: 2%=-161.0, 5%=-158.0500030517578, 10%=-154.1999969482422, 25%=-148.0, 50%=-141.0, 75%=-131.0, 90%=-125.9000015258789, 95%=-125.0, 98%=-121.0
ranking_best_algo: DiscreteDE
ranking_best_score: 143.4
ranking_my_rank: 78/504 (84.7%)
ranking_my_percent: 84.72222222222223
