ConfigName: kjsd__advperagentrankweighted__M6__L28__eps0p008__g0p0005__ds0p05__dm0p05
Problem: NK
Kernel: jsd
Advantage: peragentrankweighted
M: 6
lambda: 28
epsilon_svgd: 0.008
gamma: 0.0005
decay_start_ratio: 0.05
decay_min_factor: 0.05
bandwith_kernel: None
no_interact: False
avg_score: 0.7331807017326355
median_score: 0.7348909378051758
std_score: 0.009955165907740593
percentiles: 2%=0.7095912098884583, 5%=0.7121285200119019, 10%=0.7195362448692322, 25%=0.7272714376449585, 50%=0.7348909378051758, 75%=0.7402017712593079, 90%=0.7446437478065491, 95%=0.7461714744567871, 98%=0.7475205063819885
ranking_best_algo: PBIL
ranking_best_score: 0.7248786399609374
ranking_my_rank: 1/504 (100.0%)
ranking_my_percent: 100.0
