ConfigName: krbf__advnormalizedfitness__M2__L8__eps0p025__g0p01__ds0p3__dm0p01
Problem: NK
Kernel: rbf
Advantage: normalizedfitness
M: 2
lambda: 8
epsilon_svgd: 0.025
gamma: 0.01
decay_start_ratio: 0.3
decay_min_factor: 0.01
bandwith_kernel: None
no_interact: False
avg_score: 0.7243170738220215
median_score: 0.7232739925384521
std_score: 0.009385968558490276
percentiles: 2%=0.7058922648429871, 5%=0.7075611352920532, 10%=0.7128851413726807, 25%=0.7184405326843262, 50%=0.7232739925384521, 75%=0.7322254776954651, 90%=0.7358568906784058, 95%=0.738702654838562, 98%=0.7394877672195435
ranking_best_algo: PBIL
ranking_best_score: 0.7170882103515624
ranking_my_rank: 1/504 (100.0%)
ranking_my_percent: 100.0
