ConfigName: kjsd__advperagentrankweighted__M4__L28__eps0p005__g0p0005__ds0p05__dm0p05
Problem: QUBO
Kernel: jsd
Advantage: peragentrankweighted
M: 4
lambda: 28
epsilon_svgd: 0.005
gamma: 0.0005
decay_start_ratio: 0.05
decay_min_factor: 0.05
bandwith_kernel: None
no_interact: False
avg_score: -938.8400268554688
median_score: -935.5
std_score: 71.59912109375
percentiles: 2%=-1070.0799560546875, 5%=-1062.050048828125, 10%=-1029.4000244140625, 25%=-996.75, 50%=-935.5, 75%=-887.5, 90%=-846.7000122070312, 95%=-814.9000244140625, 98%=-794.97998046875
ranking_best_algo: CMApara
ranking_best_score: 964.9
ranking_my_rank: 7/504 (98.8%)
ranking_my_percent: 98.80952380952381
