ConfigName: kjsd__advperagentrankweighted__M3__L24__eps0p005__g0p001__ds0p05__dm0p2
Problem: QUBO
Kernel: jsd
Advantage: peragentrankweighted
M: 3
lambda: 24
epsilon_svgd: 0.005
gamma: 0.001
decay_start_ratio: 0.05
decay_min_factor: 0.2
bandwith_kernel: None
no_interact: False
avg_score: -1183.3399658203125
median_score: -1182.5
std_score: 60.20850372314453
percentiles: 2%=-1341.1600341796875, 5%=-1303.199951171875, 10%=-1257.0999755859375, 25%=-1212.0, 50%=-1182.5, 75%=-1139.75, 90%=-1110.800048828125, 95%=-1096.949951171875, 98%=-1085.8399658203125
ranking_best_algo: Tabu
ranking_best_score: 1216.16
ranking_my_rank: 65/504 (87.3%)
ranking_my_percent: 87.3015873015873
