ConfigName: kjsd__advperagentrankweighted__M5__L10__eps0p01__g0p0007__ds0p2__dm0p2
Problem: NK
Kernel: jsd
Advantage: peragentrankweighted
M: 5
lambda: 10
epsilon_svgd: 0.01
gamma: 0.0007
decay_start_ratio: 0.2
decay_min_factor: 0.2
bandwith_kernel: None
no_interact: False
avg_score: 0.7436755895614624
median_score: 0.7410304546356201
std_score: 0.02792866714298725
percentiles: 2%=0.7024385929107666, 5%=0.7081210613250732, 10%=0.7117339372634888, 25%=0.7205325961112976, 50%=0.7410304546356201, 75%=0.7580187320709229, 90%=0.7736530303955078, 95%=0.8046543002128601, 98%=0.8118547797203064
ranking_best_algo: CMApara
ranking_best_score: 0.7459277895312499
ranking_my_rank: 7/504 (98.8%)
ranking_my_percent: 98.80952380952381
