ConfigName: kjsd__advperagentrankweighted__M3__L30__eps0p005__g0p0005__ds0p1__dm0p1
Problem: QUBO
Kernel: jsd
Advantage: peragentrankweighted
M: 3
lambda: 30
epsilon_svgd: 0.005
gamma: 0.0005
decay_start_ratio: 0.1
decay_min_factor: 0.1
bandwith_kernel: None
no_interact: False
avg_score: -307.7799987792969
median_score: -309.0
std_score: 39.77476119995117
percentiles: 2%=-394.0, 5%=-384.1000061035156, 10%=-356.0, 25%=-336.0, 50%=-309.0, 75%=-271.0, 90%=-261.8999938964844, 95%=-256.95001220703125, 98%=-248.0
ranking_best_algo: CMApara
ranking_best_score: 319.29999999999995
ranking_my_rank: 95/504 (81.3%)
ranking_my_percent: 81.34920634920636
