ConfigName: krbf__advnormalizedfitness__M3__L12__eps0p033__g0p015__ds0p15__dm0p01
Problem: QUBO
Kernel: rbf
Advantage: normalizedfitness
M: 3
lambda: 12
epsilon_svgd: 0.033
gamma: 0.015
decay_start_ratio: 0.15
decay_min_factor: 0.01
bandwith_kernel: None
no_interact: False
avg_score: -931.219970703125
median_score: -926.0
std_score: 68.44364166259766
percentiles: 2%=-1074.0400390625, 5%=-1068.199951171875, 10%=-1024.0999755859375, 25%=-968.25, 50%=-926.0, 75%=-885.25, 90%=-844.5999755859375, 95%=-828.9000244140625, 98%=-818.5198974609375
ranking_best_algo: CMApara
ranking_best_score: 964.9
ranking_my_rank: 19/504 (96.4%)
ranking_my_percent: 96.42857142857143
