ConfigName: kjsd__advperagentrankweighted__M3__L24__eps0p007__g0p0005__ds0p2__dm0p05
Problem: QUBO
Kernel: jsd
Advantage: peragentrankweighted
M: 3
lambda: 24
epsilon_svgd: 0.007
gamma: 0.0005
decay_start_ratio: 0.2
decay_min_factor: 0.05
bandwith_kernel: None
no_interact: False
avg_score: -3321.780029296875
median_score: -3310.5
std_score: 101.44629669189453
percentiles: 2%=-3533.139892578125, 5%=-3483.050048828125, 10%=-3464.10009765625, 25%=-3401.0, 50%=-3310.5, 75%=-3239.5, 90%=-3203.39990234375, 95%=-3172.949951171875, 98%=-3152.97998046875
ranking_best_algo: RLSOnePlusOne
ranking_best_score: 3316.5199999999995
ranking_my_rank: 1/504 (100.0%)
ranking_my_percent: 100.0
