ConfigName: kjsd__advperagentrankweighted__M4__L20__eps0p005__g0p0005__ds0p1__dm0p05
Problem: QUBO
Kernel: jsd
Advantage: peragentrankweighted
M: 4
lambda: 20
epsilon_svgd: 0.005
gamma: 0.0005
decay_start_ratio: 0.1
decay_min_factor: 0.05
bandwith_kernel: None
no_interact: False
avg_score: -441.8800048828125
median_score: -442.0
std_score: 26.623775482177734
percentiles: 2%=-489.0199890136719, 5%=-479.1000061035156, 10%=-473.20001220703125, 25%=-462.75, 50%=-442.0, 75%=-421.75, 90%=-405.8999938964844, 95%=-400.95001220703125, 98%=-387.9200134277344
ranking_best_algo: CMApara
ranking_best_score: 453.82
ranking_my_rank: 10/504 (98.2%)
ranking_my_percent: 98.21428571428571
