ConfigName: kjsd__advperagentrankweighted__M3__L24__eps0p007__g0p001__ds0p05__dm0p1
Problem: QUBO
Kernel: jsd
Advantage: peragentrankweighted
M: 3
lambda: 24
epsilon_svgd: 0.007
gamma: 0.001
decay_start_ratio: 0.05
decay_min_factor: 0.1
bandwith_kernel: None
no_interact: False
avg_score: -138.55999755859375
median_score: -137.5
std_score: 11.560553550720215
percentiles: 2%=-159.0, 5%=-159.0, 10%=-156.0, 25%=-146.0, 50%=-137.5, 75%=-130.0, 90%=-125.0, 95%=-122.9000015258789, 98%=-117.94000244140625
ranking_best_algo: DiscreteDE
ranking_best_score: 143.4
ranking_my_rank: 99/504 (80.6%)
ranking_my_percent: 80.55555555555556
