ConfigName: kjsd__advperagentrankweighted__M4__L12__eps0p005__g0p0007__ds0p1__dm0p2
Problem: NK
Kernel: jsd
Advantage: peragentrankweighted
M: 4
lambda: 12
epsilon_svgd: 0.005
gamma: 0.0007
decay_start_ratio: 0.1
decay_min_factor: 0.2
bandwith_kernel: None
no_interact: False
avg_score: 0.7464720010757446
median_score: 0.7459309101104736
std_score: 0.010269645601511002
percentiles: 2%=0.7252828478813171, 5%=0.7316063046455383, 10%=0.7338398694992065, 25%=0.7383440732955933, 50%=0.7459309101104736, 75%=0.7526795864105225, 90%=0.7603593468666077, 95%=0.7631568312644958, 98%=0.766169011592865
ranking_best_algo: PBIL
ranking_best_score: 0.733570253046875
ranking_my_rank: 1/504 (100.0%)
ranking_my_percent: 100.0
