ConfigName: krbf__advnormalizedfitness__M2__L8__eps0p015__g0p005__ds0p01__dm0p3
Problem: QUBO
Kernel: rbf
Advantage: normalizedfitness
M: 2
lambda: 8
epsilon_svgd: 0.015
gamma: 0.005
decay_start_ratio: 0.01
decay_min_factor: 0.3
bandwith_kernel: None
no_interact: False
avg_score: -304.9800109863281
median_score: -301.0
std_score: 38.152320861816406
percentiles: 2%=-392.1600036621094, 5%=-382.20001220703125, 10%=-354.0, 25%=-326.0, 50%=-301.0, 75%=-272.0, 90%=-260.8999938964844, 95%=-255.9499969482422, 98%=-241.9600067138672
ranking_best_algo: CMApara
ranking_best_score: 319.29999999999995
ranking_my_rank: 136/504 (73.2%)
ranking_my_percent: 73.21428571428571
