ConfigName: kjsd__advperagentrankweighted__M5__L10__eps0p03__g0p0005__ds0p2__dm0p05
Problem: QUBO
Kernel: jsd
Advantage: peragentrankweighted
M: 5
lambda: 10
epsilon_svgd: 0.03
gamma: 0.0005
decay_start_ratio: 0.2
decay_min_factor: 0.05
bandwith_kernel: None
no_interact: False
avg_score: -423.4800109863281
median_score: -422.5
std_score: 23.99020004272461
percentiles: 2%=-473.0799865722656, 5%=-467.1000061035156, 10%=-457.3999938964844, 25%=-438.0, 50%=-422.5, 75%=-406.75, 90%=-394.0, 95%=-390.8999938964844, 98%=-385.67999267578125
ranking_best_algo: CMAL3
ranking_best_score: 435.36
ranking_my_rank: 32/504 (93.8%)
ranking_my_percent: 93.84920634920636
