ConfigName: kjsd__advperagentrankweighted__M4__L10__eps0p005__g0p0003__ds0p05__dm0p05
Problem: NK
Kernel: jsd
Advantage: peragentrankweighted
M: 4
lambda: 10
epsilon_svgd: 0.005
gamma: 0.0003
decay_start_ratio: 0.05
decay_min_factor: 0.05
bandwith_kernel: None
no_interact: False
avg_score: 0.7322812080383301
median_score: 0.7331284284591675
std_score: 0.008231482468545437
percentiles: 2%=0.7163869738578796, 5%=0.7182129621505737, 10%=0.7194284200668335, 25%=0.7266150712966919, 50%=0.7331284284591675, 75%=0.7385499477386475, 90%=0.7427883744239807, 95%=0.744186520576477, 98%=0.7460731267929077
ranking_best_algo: PBIL
ranking_best_score: 0.7248786399609374
ranking_my_rank: 1/504 (100.0%)
ranking_my_percent: 100.0
