ConfigName: kjsd__advperagentrankweighted__M4__L24__eps0p03__g0p0005__ds0p2__dm0p05
Problem: NK
Kernel: jsd
Advantage: peragentrankweighted
M: 4
lambda: 24
epsilon_svgd: 0.03
gamma: 0.0005
decay_start_ratio: 0.2
decay_min_factor: 0.05
bandwith_kernel: None
no_interact: False
avg_score: 0.7249171733856201
median_score: 0.7242043614387512
std_score: 0.009686633013188839
percentiles: 2%=0.7084825038909912, 5%=0.7098110914230347, 10%=0.7125308513641357, 25%=0.7187504768371582, 50%=0.7242043614387512, 75%=0.7302583456039429, 90%=0.737251341342926, 95%=0.7419734001159668, 98%=0.7444976568222046
ranking_best_algo: Tabu
ranking_best_score: 0.7429702712499999
ranking_my_rank: 4/504 (99.4%)
ranking_my_percent: 99.4047619047619
