ConfigName: kjsd__advperagentrankweighted__M3__L16__eps0p007__g0p0007__ds0p2__dm0p1
Problem: NK
Kernel: jsd
Advantage: peragentrankweighted
M: 3
lambda: 16
epsilon_svgd: 0.007
gamma: 0.0007
decay_start_ratio: 0.2
decay_min_factor: 0.1
bandwith_kernel: None
no_interact: False
avg_score: 0.7218338251113892
median_score: 0.7215070724487305
std_score: 0.008348951116204262
percentiles: 2%=0.7060061693191528, 5%=0.7089840173721313, 10%=0.7114861607551575, 25%=0.7161501049995422, 50%=0.7215070724487305, 75%=0.7281055450439453, 90%=0.7317643761634827, 95%=0.734619140625, 98%=0.7397573590278625
ranking_best_algo: PBIL
ranking_best_score: 0.7170882103515624
ranking_my_rank: 1/504 (100.0%)
ranking_my_percent: 100.0
