ConfigName: kjsd__advperagentrankweighted__M3__L18__eps0p007__g0p001__ds0p2__dm0p05
Problem: QUBO
Kernel: jsd
Advantage: peragentrankweighted
M: 3
lambda: 18
epsilon_svgd: 0.007
gamma: 0.001
decay_start_ratio: 0.2
decay_min_factor: 0.05
bandwith_kernel: None
no_interact: False
avg_score: -412.739990234375
median_score: -413.0
std_score: 27.864892959594727
percentiles: 2%=-473.0799865722656, 5%=-454.25, 10%=-445.29998779296875, 25%=-431.0, 50%=-413.0, 75%=-396.0, 90%=-380.0, 95%=-373.79998779296875, 98%=-343.8800048828125
ranking_best_algo: Tabu
ranking_best_score: 438.12
ranking_my_rank: 65/504 (87.3%)
ranking_my_percent: 87.3015873015873
