ConfigName: kjsd__advperagentrankweighted__M5__L10__eps0p01__g0p003__ds0p2__dm0p2
Problem: QUBO
Kernel: jsd
Advantage: peragentrankweighted
M: 5
lambda: 10
epsilon_svgd: 0.01
gamma: 0.003
decay_start_ratio: 0.2
decay_min_factor: 0.2
bandwith_kernel: None
no_interact: False
avg_score: -1167.280029296875
median_score: -1166.0
std_score: 82.1731185913086
percentiles: 2%=-1310.3599853515625, 5%=-1299.199951171875, 10%=-1270.5, 25%=-1233.25, 50%=-1166.0, 75%=-1093.75, 90%=-1070.9000244140625, 95%=-1038.0, 98%=-1012.7999877929688
ranking_best_algo: BigLognormalDiscreteOnePlusOne
ranking_best_score: 1301.3600000000004
ranking_my_rank: 109/504 (78.6%)
ranking_my_percent: 78.57142857142857
