ConfigName: krbf__advnormalizedfitness__M3__L15__eps0p025__g0p007__ds0p01__dm0p01
Problem: QUBO
Kernel: rbf
Advantage: normalizedfitness
M: 3
lambda: 15
epsilon_svgd: 0.025
gamma: 0.007
decay_start_ratio: 0.01
decay_min_factor: 0.01
bandwith_kernel: None
no_interact: False
avg_score: -1200.239990234375
median_score: -1209.0
std_score: 67.58197021484375
percentiles: 2%=-1321.0999755859375, 5%=-1303.449951171875, 10%=-1289.199951171875, 25%=-1243.75, 50%=-1209.0, 75%=-1149.75, 90%=-1104.5999755859375, 95%=-1094.9000244140625, 98%=-1060.97998046875
ranking_best_algo: SVMMetaModelLogNormal
ranking_best_score: 1233.7999999999997
ranking_my_rank: 57/504 (88.9%)
ranking_my_percent: 88.88888888888889
