ConfigName: krbf__advnormalizedfitness__M4__L8__eps0p025__g0p007__ds0p15__dm0p01
Problem: QUBO
Kernel: rbf
Advantage: normalizedfitness
M: 4
lambda: 8
epsilon_svgd: 0.025
gamma: 0.007
decay_start_ratio: 0.15
decay_min_factor: 0.01
bandwith_kernel: None
no_interact: False
avg_score: -310.3399963378906
median_score: -306.0
std_score: 36.82776641845703
percentiles: 2%=-396.0400085449219, 5%=-386.1000061035156, 10%=-359.79998779296875, 25%=-330.5, 50%=-306.0, 75%=-276.0, 90%=-269.0, 95%=-266.0, 98%=-265.97998046875
ranking_best_algo: CMApara
ranking_best_score: 319.29999999999995
ranking_my_rank: 62/504 (87.9%)
ranking_my_percent: 87.89682539682539
