ConfigName: krbf__advnormalizedfitness__M3__L12__eps0p033__g0p005__ds0p3__dm0p01
Problem: QUBO
Kernel: rbf
Advantage: normalizedfitness
M: 3
lambda: 12
epsilon_svgd: 0.033
gamma: 0.005
decay_start_ratio: 0.3
decay_min_factor: 0.01
bandwith_kernel: None
no_interact: False
avg_score: -1222.219970703125
median_score: -1219.0
std_score: 71.44740295410156
percentiles: 2%=-1353.3199462890625, 5%=-1341.3499755859375, 10%=-1326.5, 25%=-1280.25, 50%=-1219.0, 75%=-1164.75, 90%=-1137.0, 95%=-1128.9000244140625, 98%=-1103.659912109375
ranking_best_algo: SVMMetaModelLogNormal
ranking_best_score: 1233.7999999999997
ranking_my_rank: 40/504 (92.3%)
ranking_my_percent: 92.26190476190476
