ConfigName: kfr__advglobalrankweighted__M2__L11__eps0p01__g0p003__ds0p01__dm0p01
Problem: QUBO
Kernel: fr
Advantage: globalrankweighted
M: 2
lambda: 11
epsilon_svgd: 0.01
gamma: 0.003
decay_start_ratio: 0.01
decay_min_factor: 0.01
bandwith_kernel: None
no_interact: False
avg_score: -420.4599914550781
median_score: -419.5
std_score: 27.215959548950195
percentiles: 2%=-475.0, 5%=-469.1000061035156, 10%=-458.3999938964844, 25%=-438.0, 50%=-419.5, 75%=-402.75, 90%=-384.6000061035156, 95%=-375.0, 98%=-370.94000244140625
ranking_best_algo: CMAL3
ranking_best_score: 435.36
ranking_my_rank: 59/504 (88.5%)
ranking_my_percent: 88.4920634920635
