ConfigName: kjsd__advperagentrankweighted__M4__L8__eps0p01__g0p0007__ds0p2__dm0p05
Problem: QUBO
Kernel: jsd
Advantage: peragentrankweighted
M: 4
lambda: 8
epsilon_svgd: 0.01
gamma: 0.0007
decay_start_ratio: 0.2
decay_min_factor: 0.05
bandwith_kernel: None
no_interact: False
avg_score: -427.7799987792969
median_score: -427.5
std_score: 26.01752471923828
percentiles: 2%=-477.0799865722656, 5%=-471.0, 10%=-461.1000061035156, 25%=-447.25, 50%=-427.5, 75%=-407.0, 90%=-391.8999938964844, 95%=-387.95001220703125, 98%=-379.8800048828125
ranking_best_algo: CMAL3
ranking_best_score: 435.36
ranking_my_rank: 18/504 (96.6%)
ranking_my_percent: 96.62698412698413
