ConfigName: krbf__advnormalizedfitness__M1__L8__eps0p025__g0p005__ds0p3__dm0p01
Problem: QUBO
Kernel: rbf
Advantage: normalizedfitness
M: 1
lambda: 8
epsilon_svgd: 0.025
gamma: 0.005
decay_start_ratio: 0.3
decay_min_factor: 0.01
bandwith_kernel: None
no_interact: False
avg_score: -2515.219970703125
median_score: -2511.5
std_score: 144.14157104492188
percentiles: 2%=-2851.719970703125, 5%=-2743.75, 10%=-2699.5, 25%=-2590.5, 50%=-2511.5, 75%=-2418.0, 90%=-2324.89990234375, 95%=-2307.5, 98%=-2285.399658203125
ranking_best_algo: DiscreteLengler2OnePlusOne
ranking_best_score: 2617.04
ranking_my_rank: 64/504 (87.5%)
ranking_my_percent: 87.5
