ConfigName: krbf__advnormalizedfitness__M2__L10__eps0p025__g0p005__ds0p3__dm0p3
Problem: QUBO
Kernel: rbf
Advantage: normalizedfitness
M: 2
lambda: 10
epsilon_svgd: 0.025
gamma: 0.005
decay_start_ratio: 0.3
decay_min_factor: 0.3
bandwith_kernel: None
no_interact: False
avg_score: -1224.47998046875
median_score: -1221.0
std_score: 60.474037170410156
percentiles: 2%=-1369.1800537109375, 5%=-1332.1500244140625, 10%=-1292.0, 25%=-1264.25, 50%=-1221.0, 75%=-1184.75, 90%=-1152.699951171875, 95%=-1124.8499755859375, 98%=-1106.8399658203125
ranking_best_algo: SVMMetaModelLogNormal
ranking_best_score: 1233.7999999999997
ranking_my_rank: 14/504 (97.4%)
ranking_my_percent: 97.42063492063492
