ConfigName: kfr__advglobalrankweighted__M1__L9__eps0p02__g0p003__ds0p01__dm0p01
Problem: QUBO
Kernel: fr
Advantage: globalrankweighted
M: 1
lambda: 9
epsilon_svgd: 0.02
gamma: 0.003
decay_start_ratio: 0.01
decay_min_factor: 0.01
bandwith_kernel: None
no_interact: False
avg_score: -1507.5799560546875
median_score: -1509.5
std_score: 68.88543701171875
percentiles: 2%=-1682.0999755859375, 5%=-1612.25, 10%=-1583.0999755859375, 25%=-1549.0, 50%=-1509.5, 75%=-1467.5, 90%=-1420.5999755859375, 95%=-1400.800048828125, 98%=-1364.919921875
ranking_best_algo: NLOPT_LN_PRAXIS
ranking_best_score: 1607.12
ranking_my_rank: 75/504 (85.3%)
ranking_my_percent: 85.31746031746032
