ConfigName: kjsd__advperagentrankweighted__M3__L16__eps0p01__g0p0005__ds0p1__dm0p2
Problem: QUBO
Kernel: jsd
Advantage: peragentrankweighted
M: 3
lambda: 16
epsilon_svgd: 0.01
gamma: 0.0005
decay_start_ratio: 0.1
decay_min_factor: 0.2
bandwith_kernel: None
no_interact: False
avg_score: -304.260009765625
median_score: -299.0
std_score: 39.7292366027832
percentiles: 2%=-394.0400085449219, 5%=-384.20001220703125, 10%=-351.6000061035156, 25%=-330.0, 50%=-299.0, 75%=-269.75, 90%=-260.8999938964844, 95%=-255.89999389648438, 98%=-245.9199981689453
ranking_best_algo: CMApara
ranking_best_score: 319.29999999999995
ranking_my_rank: 146/504 (71.2%)
ranking_my_percent: 71.23015873015873
