ConfigName: krbf__advnormalizedfitness__M3__L15__eps0p033__g0p01__ds0p01__dm0p01
Problem: NK
Kernel: rbf
Advantage: normalizedfitness
M: 3
lambda: 15
epsilon_svgd: 0.033
gamma: 0.01
decay_start_ratio: 0.01
decay_min_factor: 0.01
bandwith_kernel: None
no_interact: False
avg_score: 0.710710883140564
median_score: 0.7113163471221924
std_score: 0.015182305127382278
percentiles: 2%=0.6732156872749329, 5%=0.6737578511238098, 10%=0.6958489418029785, 25%=0.7082998752593994, 50%=0.7113163471221924, 75%=0.720126748085022, 90%=0.7255396842956543, 95%=0.7327788472175598, 98%=0.7333241105079651
ranking_best_algo: CMApara
ranking_best_score: 0.707475975
ranking_my_rank: 1/504 (100.0%)
ranking_my_percent: 100.0
