ConfigName: kjsd__advperagentrankweighted__M3__L16__eps0p007__g0p003__ds0p1__dm0p1
Problem: NK
Kernel: jsd
Advantage: peragentrankweighted
M: 3
lambda: 16
epsilon_svgd: 0.007
gamma: 0.003
decay_start_ratio: 0.1
decay_min_factor: 0.1
bandwith_kernel: None
no_interact: False
avg_score: 0.7385302782058716
median_score: 0.7371194362640381
std_score: 0.014400715008378029
percentiles: 2%=0.7111501097679138, 5%=0.7179726362228394, 10%=0.7207895517349243, 25%=0.729953944683075, 50%=0.7371194362640381, 75%=0.7467705011367798, 90%=0.7584896087646484, 95%=0.7648757100105286, 98%=0.7690320611000061
ranking_best_algo: Tabu
ranking_best_score: 0.7601875690625
ranking_my_rank: 19/504 (96.4%)
ranking_my_percent: 96.42857142857143
