ConfigName: kjsd__advperagentrankweighted__M4__L12__eps0p03__g0p0003__ds0p05__dm0p05
Problem: NK
Kernel: jsd
Advantage: peragentrankweighted
M: 4
lambda: 12
epsilon_svgd: 0.03
gamma: 0.0003
decay_start_ratio: 0.05
decay_min_factor: 0.05
bandwith_kernel: None
no_interact: False
avg_score: 0.7358151078224182
median_score: 0.7365937232971191
std_score: 0.015280891209840775
percentiles: 2%=0.7077870965003967, 5%=0.7139101028442383, 10%=0.7163766622543335, 25%=0.7239841222763062, 50%=0.7365937232971191, 75%=0.7459164261817932, 90%=0.7556843757629395, 95%=0.7602283954620361, 98%=0.7662613987922668
ranking_best_algo: Tabu
ranking_best_score: 0.7657846284375001
ranking_my_rank: 134/504 (73.6%)
ranking_my_percent: 73.61111111111111
