ConfigName: kjsd__advperagentrankweighted__M4__L24__eps0p01__g0p0007__ds0p4__dm0p05
Problem: QUBO
Kernel: jsd
Advantage: peragentrankweighted
M: 4
lambda: 24
epsilon_svgd: 0.01
gamma: 0.0007
decay_start_ratio: 0.4
decay_min_factor: 0.05
bandwith_kernel: None
no_interact: False
avg_score: -1201.699951171875
median_score: -1201.5
std_score: 62.89650344848633
percentiles: 2%=-1343.0400390625, 5%=-1301.199951171875, 10%=-1285.699951171875, 25%=-1237.25, 50%=-1201.5, 75%=-1157.0, 90%=-1122.800048828125, 95%=-1093.8499755859375, 98%=-1085.5999755859375
ranking_best_algo: Tabu
ranking_best_score: 1216.16
ranking_my_rank: 42/504 (91.9%)
ranking_my_percent: 91.86507936507937
