ConfigName: kjsd__advperagentrankweighted__M4__L12__eps0p03__g0p0005__ds0p05__dm0p05
Problem: QUBO
Kernel: jsd
Advantage: peragentrankweighted
M: 4
lambda: 12
epsilon_svgd: 0.03
gamma: 0.0005
decay_start_ratio: 0.05
decay_min_factor: 0.05
bandwith_kernel: None
no_interact: False
avg_score: -929.47998046875
median_score: -931.0
std_score: 64.30233001708984
percentiles: 2%=-1043.5, 5%=-1038.050048828125, 10%=-1012.2999877929688, 25%=-974.0, 50%=-931.0, 75%=-887.75, 90%=-836.0, 95%=-830.5999755859375, 98%=-798.9199829101562
ranking_best_algo: CMApara
ranking_best_score: 964.9
ranking_my_rank: 19/504 (96.4%)
ranking_my_percent: 96.42857142857143
