ConfigName: kjsd__advperagentrankweighted__M3__L20__eps0p007__g0p0007__ds0p1__dm0p2
Problem: QUBO
Kernel: jsd
Advantage: peragentrankweighted
M: 3
lambda: 20
epsilon_svgd: 0.007
gamma: 0.0007
decay_start_ratio: 0.1
decay_min_factor: 0.2
bandwith_kernel: None
no_interact: False
avg_score: -416.55999755859375
median_score: -415.0
std_score: 27.172897338867188
percentiles: 2%=-473.0400085449219, 5%=-461.3999938964844, 10%=-454.1000061035156, 25%=-432.5, 50%=-415.0, 75%=-398.0, 90%=-382.0, 95%=-372.0, 98%=-365.8399963378906
ranking_best_algo: Tabu
ranking_best_score: 438.12
ranking_my_rank: 43/504 (91.7%)
ranking_my_percent: 91.66666666666667
