ConfigName: kjsd__advperagentrankweighted__M4__L20__eps0p005__g0p001__ds0p1__dm0p2
Problem: NK
Kernel: jsd
Advantage: peragentrankweighted
M: 4
lambda: 20
epsilon_svgd: 0.005
gamma: 0.001
decay_start_ratio: 0.1
decay_min_factor: 0.2
bandwith_kernel: None
no_interact: False
avg_score: 0.750974178314209
median_score: 0.7506382465362549
std_score: 0.014132174663245678
percentiles: 2%=0.7258003354072571, 5%=0.7283642888069153, 10%=0.7335496544837952, 25%=0.7408761382102966, 50%=0.7506382465362549, 75%=0.7612643241882324, 90%=0.7699514031410217, 95%=0.7721500992774963, 98%=0.7756156921386719
ranking_best_algo: Tabu
ranking_best_score: 0.7470791764843752
ranking_my_rank: 1/504 (100.0%)
ranking_my_percent: 100.0
