ConfigName: kjsd__advperagentrankweighted__M5__L8__eps0p02__g0p0007__ds0p05__dm0p05
Problem: QUBO
Kernel: jsd
Advantage: peragentrankweighted
M: 5
lambda: 8
epsilon_svgd: 0.02
gamma: 0.0007
decay_start_ratio: 0.05
decay_min_factor: 0.05
bandwith_kernel: None
no_interact: False
avg_score: -199.86000061035156
median_score: -200.5
std_score: 12.4249906539917
percentiles: 2%=-224.0, 5%=-221.14999389648438, 10%=-219.0, 25%=-206.25, 50%=-200.5, 75%=-191.0, 90%=-183.0, 95%=-178.0, 98%=-177.9600067138672
ranking_best_algo: Tabu
ranking_best_score: 208.36000000000004
ranking_my_rank: 59/504 (88.5%)
ranking_my_percent: 88.4920634920635
