ConfigName: kjsd__advperagentrankweighted__M3__L16__eps0p01__g0p003__ds0p05__dm0p05
Problem: QUBO
Kernel: jsd
Advantage: peragentrankweighted
M: 3
lambda: 16
epsilon_svgd: 0.01
gamma: 0.003
decay_start_ratio: 0.05
decay_min_factor: 0.05
bandwith_kernel: None
no_interact: False
avg_score: -941.7000122070312
median_score: -946.0
std_score: 69.32365417480469
percentiles: 2%=-1074.0799560546875, 5%=-1060.25, 10%=-1025.699951171875, 25%=-990.5, 50%=-946.0, 75%=-889.0, 90%=-850.5999755859375, 95%=-838.7000122070312, 98%=-816.9000244140625
ranking_best_algo: CMApara
ranking_best_score: 964.9
ranking_my_rank: 5/504 (99.2%)
ranking_my_percent: 99.2063492063492
