ConfigName: kjsd__advperagentrankweighted__M3__L20__eps0p007__g0p001__ds0p2__dm0p2
Problem: NK
Kernel: jsd
Advantage: peragentrankweighted
M: 3
lambda: 20
epsilon_svgd: 0.007
gamma: 0.001
decay_start_ratio: 0.2
decay_min_factor: 0.2
bandwith_kernel: None
no_interact: False
avg_score: 0.7104066610336304
median_score: 0.7108340263366699
std_score: 0.015141202136874199
percentiles: 2%=0.6726427674293518, 5%=0.673462450504303, 10%=0.6952323317527771, 25%=0.7075408697128296, 50%=0.7108340263366699, 75%=0.7194061875343323, 90%=0.7255907654762268, 95%=0.7328578233718872, 98%=0.7335461378097534
ranking_best_algo: CMApara
ranking_best_score: 0.707475975
ranking_my_rank: 1/504 (100.0%)
ranking_my_percent: 100.0
