ConfigName: kjsd__advperagentrankweighted__M4__L24__eps0p02__g0p0007__ds0p2__dm0p05
Problem: QUBO
Kernel: jsd
Advantage: peragentrankweighted
M: 4
lambda: 24
epsilon_svgd: 0.02
gamma: 0.0007
decay_start_ratio: 0.2
decay_min_factor: 0.05
bandwith_kernel: None
no_interact: False
avg_score: -147.44000244140625
median_score: -145.0
std_score: 12.660426139831543
percentiles: 2%=-179.0, 5%=-164.75, 10%=-164.0, 25%=-154.25, 50%=-145.0, 75%=-139.75, 90%=-133.89999389648438, 95%=-128.8000030517578, 98%=-122.9800033569336
ranking_best_algo: CMApara
ranking_best_score: 154.28
ranking_my_rank: 95/504 (81.3%)
ranking_my_percent: 81.34920634920636
