ConfigName: krbf__advnormalizedfitness__M4__L15__eps0p025__g0p005__ds0p15__dm0p3
Problem: QUBO
Kernel: rbf
Advantage: normalizedfitness
M: 4
lambda: 15
epsilon_svgd: 0.025
gamma: 0.005
decay_start_ratio: 0.15
decay_min_factor: 0.3
bandwith_kernel: None
no_interact: False
avg_score: -140.17999267578125
median_score: -141.0
std_score: 10.319282531738281
percentiles: 2%=-160.0, 5%=-157.0, 10%=-153.1999969482422, 25%=-146.25, 50%=-141.0, 75%=-131.0, 90%=-125.9000015258789, 95%=-125.0, 98%=-120.95999145507812
ranking_best_algo: DiscreteDE
ranking_best_score: 143.4
ranking_my_rank: 78/504 (84.7%)
ranking_my_percent: 84.72222222222223
