ConfigName: krbf__advnormalizedfitness__M3__L8__eps0p015__g0p015__ds0p01__dm0p3
Problem: QUBO
Kernel: rbf
Advantage: normalizedfitness
M: 3
lambda: 8
epsilon_svgd: 0.015
gamma: 0.015
decay_start_ratio: 0.01
decay_min_factor: 0.3
bandwith_kernel: None
no_interact: False
avg_score: -404.0400085449219
median_score: -401.0
std_score: 29.48149299621582
percentiles: 2%=-469.1600036621094, 5%=-453.20001220703125, 10%=-442.5, 25%=-421.25, 50%=-401.0, 75%=-384.0, 90%=-369.79998779296875, 95%=-363.9000244140625, 98%=-347.9599914550781
ranking_best_algo: Tabu
ranking_best_score: 438.12
ranking_my_rank: 213/504 (57.9%)
ranking_my_percent: 57.93650793650794
