ConfigName: krbf__advnormalizedfitness__M2__L8__eps0p025__g0p007__ds0p15__dm0p01
Problem: QUBO
Kernel: rbf
Advantage: normalizedfitness
M: 2
lambda: 8
epsilon_svgd: 0.025
gamma: 0.007
decay_start_ratio: 0.15
decay_min_factor: 0.01
bandwith_kernel: None
no_interact: False
avg_score: -1190.5799560546875
median_score: -1188.5
std_score: 71.75543975830078
percentiles: 2%=-1331.0799560546875, 5%=-1313.4000244140625, 10%=-1277.300048828125, 25%=-1240.25, 50%=-1188.5, 75%=-1147.0, 90%=-1100.4000244140625, 95%=-1075.550048828125, 98%=-1035.8199462890625
ranking_best_algo: Tabu
ranking_best_score: 1216.16
ranking_my_rank: 55/504 (89.3%)
ranking_my_percent: 89.28571428571429
