ConfigName: kfr__advglobalrankweighted__M4__L12__eps0p02__g0p003__ds0p01__dm0p01
Problem: QUBO
Kernel: fr
Advantage: globalrankweighted
M: 4
lambda: 12
epsilon_svgd: 0.02
gamma: 0.003
decay_start_ratio: 0.01
decay_min_factor: 0.01
bandwith_kernel: None
no_interact: False
avg_score: -929.6799926757812
median_score: -928.0
std_score: 68.47421264648438
percentiles: 2%=-1057.300048828125, 5%=-1043.050048828125, 10%=-1023.2000122070312, 25%=-981.25, 50%=-928.0, 75%=-873.75, 90%=-843.9000244140625, 95%=-825.550048828125, 98%=-812.8800048828125
ranking_best_algo: CMApara
ranking_best_score: 964.9
ranking_my_rank: 19/504 (96.4%)
ranking_my_percent: 96.42857142857143
