ConfigName: kjsd__advperagentrankweighted__M6__L28__eps0p008__g0p0005__ds0p3__dm0p05
Problem: QUBO
Kernel: jsd
Advantage: peragentrankweighted
M: 6
lambda: 28
epsilon_svgd: 0.008
gamma: 0.0005
decay_start_ratio: 0.3
decay_min_factor: 0.05
bandwith_kernel: None
no_interact: False
avg_score: -2370.0
median_score: -2387.0
std_score: 154.65380859375
percentiles: 2%=-2725.3798828125, 5%=-2604.949951171875, 10%=-2585.0, 25%=-2459.25, 50%=-2387.0, 75%=-2231.75, 90%=-2173.800048828125, 95%=-2163.39990234375, 98%=-2115.860107421875
ranking_best_algo: SVM1MetaModelLogNormal
ranking_best_score: 2605.14
ranking_my_rank: 132/504 (74.0%)
ranking_my_percent: 74.0079365079365
