ConfigName: krbf__advnormalizedfitness__M2__L8__eps0p025__g0p007__ds0p01__dm0p01
Problem: QUBO
Kernel: rbf
Advantage: normalizedfitness
M: 2
lambda: 8
epsilon_svgd: 0.025
gamma: 0.007
decay_start_ratio: 0.01
decay_min_factor: 0.01
bandwith_kernel: None
no_interact: False
avg_score: -572.52001953125
median_score: -571.5
std_score: 26.859813690185547
percentiles: 2%=-629.2000122070312, 5%=-618.1500244140625, 10%=-608.0999755859375, 25%=-590.25, 50%=-571.5, 75%=-558.75, 90%=-536.5999755859375, 95%=-525.8499755859375, 98%=-520.97998046875
ranking_best_algo: Tabu
ranking_best_score: 588.7199999999999
ranking_my_rank: 62/503 (87.9%)
ranking_my_percent: 87.8727634194831
