ConfigName: krbf__advnormalizedfitness__M3__L8__eps0p025__g0p01__ds0p15__dm0p01
Problem: NK
Kernel: rbf
Advantage: normalizedfitness
M: 3
lambda: 8
epsilon_svgd: 0.025
gamma: 0.01
decay_start_ratio: 0.15
decay_min_factor: 0.01
bandwith_kernel: None
no_interact: False
avg_score: 0.7075961828231812
median_score: 0.7101471424102783
std_score: 0.01188279315829277
percentiles: 2%=0.6888059377670288, 5%=0.6898936033248901, 10%=0.6913238167762756, 25%=0.6959730386734009, 50%=0.7101471424102783, 75%=0.7177612781524658, 90%=0.7218426465988159, 95%=0.7234525084495544, 98%=0.724855363368988
ranking_best_algo: PBIL
ranking_best_score: 0.7013553837109374
ranking_my_rank: 1/504 (100.0%)
ranking_my_percent: 100.0
