ConfigName: kjsd__advperagentrankweighted__M3__L30__eps0p005__g0p001__ds0p2__dm0p2
Problem: NK
Kernel: jsd
Advantage: peragentrankweighted
M: 3
lambda: 30
epsilon_svgd: 0.005
gamma: 0.001
decay_start_ratio: 0.2
decay_min_factor: 0.2
bandwith_kernel: None
no_interact: False
avg_score: 0.7260230779647827
median_score: 0.7249867916107178
std_score: 0.01315535232424736
percentiles: 2%=0.700251579284668, 5%=0.7053260803222656, 10%=0.710989773273468, 25%=0.7161442637443542, 50%=0.7249867916107178, 75%=0.7343685030937195, 90%=0.7444021701812744, 95%=0.7462566494941711, 98%=0.7507190108299255
ranking_best_algo: PBIL
ranking_best_score: 0.733570253046875
ranking_my_rank: 16/504 (97.0%)
ranking_my_percent: 97.02380952380952
