ConfigName: krbf__advnormalizedfitness__M4__L8__eps0p033__g0p015__ds0p15__dm0p3
Problem: QUBO
Kernel: rbf
Advantage: normalizedfitness
M: 4
lambda: 8
epsilon_svgd: 0.033
gamma: 0.015
decay_start_ratio: 0.15
decay_min_factor: 0.3
bandwith_kernel: None
no_interact: False
avg_score: -1976.260009765625
median_score: -1983.0
std_score: 173.88943481445312
percentiles: 2%=-2315.380126953125, 5%=-2275.75, 10%=-2190.60009765625, 25%=-2047.0, 50%=-1983.0, 75%=-1860.0, 90%=-1730.5, 95%=-1702.900146484375, 98%=-1663.27978515625
ranking_best_algo: SVM1MetaModelLogNormal
ranking_best_score: 2605.14
ranking_my_rank: 284/504 (43.8%)
ranking_my_percent: 43.84920634920635
