ConfigName: kjsd__advperagentrankweighted__M3__L18__eps0p01__g0p0005__ds0p1__dm0p1
Problem: QUBO
Kernel: jsd
Advantage: peragentrankweighted
M: 3
lambda: 18
epsilon_svgd: 0.01
gamma: 0.0005
decay_start_ratio: 0.1
decay_min_factor: 0.1
bandwith_kernel: None
no_interact: False
avg_score: -927.6400146484375
median_score: -917.0
std_score: 66.20793151855469
percentiles: 2%=-1070.0799560546875, 5%=-1049.0999755859375, 10%=-1020.2999877929688, 25%=-972.25, 50%=-917.0, 75%=-884.75, 90%=-839.0, 95%=-824.9000244140625, 98%=-819.780029296875
ranking_best_algo: CMApara
ranking_best_score: 964.9
ranking_my_rank: 21/504 (96.0%)
ranking_my_percent: 96.03174603174604
