ConfigName: kfr__advglobalrankweighted__M3__L11__eps0p02__g0p005__ds0p01__dm0p01
Problem: QUBO
Kernel: fr
Advantage: globalrankweighted
M: 3
lambda: 11
epsilon_svgd: 0.02
gamma: 0.005
decay_start_ratio: 0.01
decay_min_factor: 0.01
bandwith_kernel: None
no_interact: False
avg_score: -942.239990234375
median_score: -938.0
std_score: 72.57962036132812
percentiles: 2%=-1078.0, 5%=-1070.0999755859375, 10%=-1043.199951171875, 25%=-1000.75, 50%=-938.0, 75%=-888.0, 90%=-846.7999877929688, 95%=-826.6000366210938, 98%=-800.9599609375
ranking_best_algo: CMApara
ranking_best_score: 964.9
ranking_my_rank: 4/504 (99.4%)
ranking_my_percent: 99.4047619047619
