ConfigName: krbf__advnormalizedfitness__M4__L8__eps0p015__g0p01__ds0p01__dm0p01
Problem: QUBO
Kernel: rbf
Advantage: normalizedfitness
M: 4
lambda: 8
epsilon_svgd: 0.015
gamma: 0.01
decay_start_ratio: 0.01
decay_min_factor: 0.01
bandwith_kernel: None
no_interact: False
avg_score: -435.8399963378906
median_score: -435.0
std_score: 24.595413208007812
percentiles: 2%=-485.0400085449219, 5%=-471.04998779296875, 10%=-468.0, 25%=-455.0, 50%=-435.0, 75%=-415.0, 90%=-403.0, 95%=-397.95001220703125, 98%=-393.94000244140625
ranking_best_algo: CMApara
ranking_best_score: 453.82
ranking_my_rank: 30/504 (94.2%)
ranking_my_percent: 94.24603174603175
