ConfigName: krbf__advnormalizedfitness__M4__L8__eps0p015__g0p007__ds0p01__dm0p01
Problem: QUBO
Kernel: rbf
Advantage: normalizedfitness
M: 4
lambda: 8
epsilon_svgd: 0.015
gamma: 0.007
decay_start_ratio: 0.01
decay_min_factor: 0.01
bandwith_kernel: None
no_interact: False
avg_score: -441.3399963378906
median_score: -445.5
std_score: 25.95774269104004
percentiles: 2%=-490.0799865722656, 5%=-477.3999938964844, 10%=-470.1000061035156, 25%=-461.25, 50%=-445.5, 75%=-419.0, 90%=-406.0, 95%=-395.95001220703125, 98%=-392.8599853515625
ranking_best_algo: CMApara
ranking_best_score: 453.82
ranking_my_rank: 11/504 (98.0%)
ranking_my_percent: 98.01587301587301
