ConfigName: kjsd__advperagentrankweighted__M3__L30__eps0p007__g0p001__ds0p2__dm0p2
Problem: QUBO
Kernel: jsd
Advantage: peragentrankweighted
M: 3
lambda: 30
epsilon_svgd: 0.007
gamma: 0.001
decay_start_ratio: 0.2
decay_min_factor: 0.2
bandwith_kernel: None
no_interact: False
avg_score: -438.2799987792969
median_score: -438.0
std_score: 27.22281265258789
percentiles: 2%=-489.05999755859375, 5%=-478.29998779296875, 10%=-472.0, 25%=-459.5, 50%=-438.0, 75%=-415.75, 90%=-402.8999938964844, 95%=-392.95001220703125, 98%=-387.8999938964844
ranking_best_algo: CMApara
ranking_best_score: 453.82
ranking_my_rank: 21/504 (96.0%)
ranking_my_percent: 96.03174603174604
