ConfigName: kjsd__advperagentrankweighted__M3__L16__eps0p005__g0p0005__ds0p05__dm0p1
Problem: QUBO
Kernel: jsd
Advantage: peragentrankweighted
M: 3
lambda: 16
epsilon_svgd: 0.005
gamma: 0.0005
decay_start_ratio: 0.05
decay_min_factor: 0.1
bandwith_kernel: None
no_interact: False
avg_score: -411.9599914550781
median_score: -413.0
std_score: 25.302934646606445
percentiles: 2%=-451.2799987792969, 5%=-446.04998779296875, 10%=-440.0, 25%=-430.75, 50%=-413.0, 75%=-396.75, 90%=-375.79998779296875, 95%=-371.8999938964844, 98%=-359.67999267578125
ranking_best_algo: Tabu
ranking_best_score: 438.12
ranking_my_rank: 72/504 (85.9%)
ranking_my_percent: 85.91269841269842
