ConfigName: krbf__advnormalizedfitness__M3__L10__eps0p025__g0p005__ds0p3__dm0p01
Problem: QUBO
Kernel: rbf
Advantage: normalizedfitness
M: 3
lambda: 10
epsilon_svgd: 0.025
gamma: 0.005
decay_start_ratio: 0.3
decay_min_factor: 0.01
bandwith_kernel: None
no_interact: False
avg_score: -426.760009765625
median_score: -425.5
std_score: 29.37792205810547
percentiles: 2%=-483.0, 5%=-475.1000061035156, 10%=-467.3999938964844, 25%=-447.5, 50%=-425.5, 75%=-405.0, 90%=-393.8999938964844, 95%=-389.0, 98%=-361.7199401855469
ranking_best_algo: CMAL3
ranking_best_score: 435.36
ranking_my_rank: 21/504 (96.0%)
ranking_my_percent: 96.03174603174604
