ConfigName: krbf__advnormalizedfitness__M2__L3__eps0p015__g0p005__ds0p3__dm0p01
Problem: QUBO
Kernel: rbf
Advantage: normalizedfitness
M: 2
lambda: 3
epsilon_svgd: 0.015
gamma: 0.005
decay_start_ratio: 0.3
decay_min_factor: 0.01
bandwith_kernel: None
no_interact: False
avg_score: -1188.8199462890625
median_score: -1187.0
std_score: 67.38833618164062
percentiles: 2%=-1351.199951171875, 5%=-1299.199951171875, 10%=-1254.300048828125, 25%=-1233.75, 50%=-1187.0, 75%=-1142.5, 90%=-1109.9000244140625, 95%=-1087.9000244140625, 98%=-1062.800048828125
ranking_best_algo: SVMMetaModelLogNormal
ranking_best_score: 1233.7999999999997
ranking_my_rank: 58/504 (88.7%)
ranking_my_percent: 88.69047619047619
