ConfigName: krbf__advnormalizedfitness__M4__L8__eps0p015__g0p005__ds0p01__dm0p3
Problem: NK
Kernel: rbf
Advantage: normalizedfitness
M: 4
lambda: 8
epsilon_svgd: 0.015
gamma: 0.005
decay_start_ratio: 0.01
decay_min_factor: 0.3
bandwith_kernel: None
no_interact: False
avg_score: 0.7114479541778564
median_score: 0.7116121649742126
std_score: 0.01728731580078602
percentiles: 2%=0.6813839673995972, 5%=0.6848218441009521, 10%=0.6893141269683838, 25%=0.699293851852417, 50%=0.7116121649742126, 75%=0.7214778661727905, 90%=0.7360143065452576, 95%=0.7421229481697083, 98%=0.7465164065361023
ranking_best_algo: PBIL
ranking_best_score: 0.733570253046875
ranking_my_rank: 66/504 (87.1%)
ranking_my_percent: 87.10317460317461
