ConfigName: kjsd__advperagentrankweighted__M5__L10__eps0p01__g0p003__ds0p4__dm0p05
Problem: QUBO
Kernel: jsd
Advantage: peragentrankweighted
M: 5
lambda: 10
epsilon_svgd: 0.01
gamma: 0.003
decay_start_ratio: 0.4
decay_min_factor: 0.05
bandwith_kernel: None
no_interact: False
avg_score: -1106.47998046875
median_score: -1103.5
std_score: 75.85321044921875
percentiles: 2%=-1262.06005859375, 5%=-1235.5, 10%=-1196.199951171875, 25%=-1160.25, 50%=-1103.5, 75%=-1053.0, 90%=-1003.0, 95%=-984.5999755859375, 98%=-958.7999877929688
ranking_best_algo: SVMMetaModelLogNormal
ranking_best_score: 1233.7999999999997
ranking_my_rank: 115/504 (77.4%)
ranking_my_percent: 77.38095238095238
