ConfigName: kfr__advglobalrankweighted__M2__L11__eps0p01__g0p007__ds0p01__dm0p01
Problem: QUBO
Kernel: fr
Advantage: globalrankweighted
M: 2
lambda: 11
epsilon_svgd: 0.01
gamma: 0.007
decay_start_ratio: 0.01
decay_min_factor: 0.01
bandwith_kernel: None
no_interact: False
avg_score: -421.4800109863281
median_score: -422.0
std_score: 27.83755874633789
percentiles: 2%=-469.0400085449219, 5%=-459.04998779296875, 10%=-455.0, 25%=-441.0, 50%=-422.0, 75%=-408.75, 90%=-383.8999938964844, 95%=-362.0, 98%=-360.94000244140625
ranking_best_algo: CMAL3
ranking_best_score: 435.36
ranking_my_rank: 52/504 (89.9%)
ranking_my_percent: 89.88095238095238
