ConfigName: krbf__advnormalizedfitness__M4__L12__eps0p033__g0p005__ds0p3__dm0p01
Problem: NK
Kernel: rbf
Advantage: normalizedfitness
M: 4
lambda: 12
epsilon_svgd: 0.033
gamma: 0.005
decay_start_ratio: 0.3
decay_min_factor: 0.01
bandwith_kernel: None
no_interact: False
avg_score: 0.6662460565567017
median_score: 0.6630517244338989
std_score: 0.01901199296116829
percentiles: 2%=0.6387858986854553, 5%=0.6414670944213867, 10%=0.6455084681510925, 25%=0.6528210043907166, 50%=0.6630517244338989, 75%=0.6749840974807739, 90%=0.6965636610984802, 95%=0.7032062411308289, 98%=0.7123206853866577
ranking_best_algo: PBIL
ranking_best_score: 0.7170882103515624
ranking_my_rank: 201/504 (60.3%)
ranking_my_percent: 60.317460317460316
