ConfigName: kfr__advglobalrankweighted__M6__L9__eps0p02__g0p005__ds0p01__dm0p01
Problem: QUBO
Kernel: fr
Advantage: globalrankweighted
M: 6
lambda: 9
epsilon_svgd: 0.02
gamma: 0.005
decay_start_ratio: 0.01
decay_min_factor: 0.01
bandwith_kernel: None
no_interact: False
avg_score: -1213.5400390625
median_score: -1204.5
std_score: 70.01463317871094
percentiles: 2%=-1345.5, 5%=-1329.4000244140625, 10%=-1300.5, 25%=-1268.5, 50%=-1204.5, 75%=-1166.0, 90%=-1115.0, 95%=-1098.9000244140625, 98%=-1091.27978515625
ranking_best_algo: BigLognormalDiscreteOnePlusOne
ranking_best_score: 1301.3600000000004
ranking_my_rank: 81/504 (84.1%)
ranking_my_percent: 84.12698412698413
