ConfigName: kfr__advglobalrankweighted__M6__L9__eps0p015__g0p005__ds0p01__dm0p01
Problem: QUBO
Kernel: fr
Advantage: globalrankweighted
M: 6
lambda: 9
epsilon_svgd: 0.015
gamma: 0.005
decay_start_ratio: 0.01
decay_min_factor: 0.01
bandwith_kernel: None
no_interact: False
avg_score: -140.5399932861328
median_score: -141.5
std_score: 10.674661636352539
percentiles: 2%=-159.02000427246094, 5%=-158.0500030517578, 10%=-156.0, 25%=-148.25, 50%=-141.5, 75%=-131.0, 90%=-127.0, 95%=-122.90000915527344, 98%=-120.95999145507812
ranking_best_algo: DiscreteDE
ranking_best_score: 143.4
ranking_my_rank: 78/504 (84.7%)
ranking_my_percent: 84.72222222222223
