ConfigName: kfr__advglobalrankweighted__M1__L7__eps0p015__g0p007__ds0p01__dm0p01
Problem: QUBO
Kernel: fr
Advantage: globalrankweighted
M: 1
lambda: 7
epsilon_svgd: 0.015
gamma: 0.007
decay_start_ratio: 0.01
decay_min_factor: 0.01
bandwith_kernel: None
no_interact: False
avg_score: -297.0799865722656
median_score: -293.0
std_score: 37.32122039794922
percentiles: 2%=-378.1199951171875, 5%=-364.0, 10%=-348.20001220703125, 25%=-320.5, 50%=-293.0, 75%=-265.75, 90%=-253.89999389648438, 95%=-247.80001831054688, 98%=-235.95999145507812
ranking_best_algo: CMApara
ranking_best_score: 319.29999999999995
ranking_my_rank: 259/504 (48.8%)
ranking_my_percent: 48.80952380952381
