ConfigName: kjsd__advperagentrankweighted__M4__L12__eps0p005__g0p0003__ds0p05__dm0p05
Problem: QUBO
Kernel: jsd
Advantage: peragentrankweighted
M: 4
lambda: 12
epsilon_svgd: 0.005
gamma: 0.0003
decay_start_ratio: 0.05
decay_min_factor: 0.05
bandwith_kernel: None
no_interact: False
avg_score: -1190.47998046875
median_score: -1184.0
std_score: 63.26001739501953
percentiles: 2%=-1345.1600341796875, 5%=-1302.5999755859375, 10%=-1264.199951171875, 25%=-1231.25, 50%=-1184.0, 75%=-1145.75, 90%=-1116.9000244140625, 95%=-1097.800048828125, 98%=-1076.5400390625
ranking_best_algo: Tabu
ranking_best_score: 1216.16
ranking_my_rank: 55/504 (89.3%)
ranking_my_percent: 89.28571428571429
