ConfigName: krbf__advnormalizedfitness__M3__L10__eps0p025__g0p015__ds0p15__dm0p01
Problem: QUBO
Kernel: rbf
Advantage: normalizedfitness
M: 3
lambda: 10
epsilon_svgd: 0.025
gamma: 0.015
decay_start_ratio: 0.15
decay_min_factor: 0.01
bandwith_kernel: None
no_interact: False
avg_score: -929.6799926757812
median_score: -921.0
std_score: 67.95438385009766
percentiles: 2%=-1055.3800048828125, 5%=-1039.550048828125, 10%=-1024.0, 25%=-978.0, 50%=-921.0, 75%=-881.25, 90%=-854.7000122070312, 95%=-808.9000244140625, 98%=-782.8399658203125
ranking_best_algo: CMApara
ranking_best_score: 964.9
ranking_my_rank: 19/504 (96.4%)
ranking_my_percent: 96.42857142857143
