ConfigName: kjsd__advperagentrankweighted__M3__L24__eps0p005__g0p001__ds0p2__dm0p2
Problem: QUBO
Kernel: jsd
Advantage: peragentrankweighted
M: 3
lambda: 24
epsilon_svgd: 0.005
gamma: 0.001
decay_start_ratio: 0.2
decay_min_factor: 0.2
bandwith_kernel: None
no_interact: False
avg_score: -328.5799865722656
median_score: -330.0
std_score: 19.813722610473633
percentiles: 2%=-370.0, 5%=-354.0, 10%=-350.0, 25%=-342.0, 50%=-330.0, 75%=-316.75, 90%=-303.8999938964844, 95%=-290.0, 98%=-281.9200134277344
ranking_best_algo: CMApara
ranking_best_score: 344.22
ranking_my_rank: 83/504 (83.7%)
ranking_my_percent: 83.73015873015873
