ConfigName: kjsd__advperagentrankweighted__M3__L18__eps0p01__g0p0005__ds0p1__dm0p2
Problem: NK
Kernel: jsd
Advantage: peragentrankweighted
M: 3
lambda: 18
epsilon_svgd: 0.01
gamma: 0.0005
decay_start_ratio: 0.1
decay_min_factor: 0.2
bandwith_kernel: None
no_interact: False
avg_score: 0.7428596615791321
median_score: 0.7424964904785156
std_score: 0.009426765143871307
percentiles: 2%=0.7269447445869446, 5%=0.7286388874053955, 10%=0.731246829032898, 25%=0.7357761263847351, 50%=0.7424964904785156, 75%=0.7488175630569458, 90%=0.7538009881973267, 95%=0.7578591108322144, 98%=0.763023316860199
ranking_best_algo: PBIL
ranking_best_score: 0.733570253046875
ranking_my_rank: 1/504 (100.0%)
ranking_my_percent: 100.0
