ConfigName: kjsd__advperagentrankweighted__M3__L18__eps0p007__g0p0007__ds0p1__dm0p2
Problem: QUBO
Kernel: jsd
Advantage: peragentrankweighted
M: 3
lambda: 18
epsilon_svgd: 0.007
gamma: 0.0007
decay_start_ratio: 0.1
decay_min_factor: 0.2
bandwith_kernel: None
no_interact: False
avg_score: -427.1000061035156
median_score: -426.0
std_score: 26.37100601196289
percentiles: 2%=-479.0, 5%=-471.0, 10%=-467.0, 25%=-442.75, 50%=-426.0, 75%=-411.0, 90%=-396.8999938964844, 95%=-387.95001220703125, 98%=-364.8800048828125
ranking_best_algo: CMAL3
ranking_best_score: 435.36
ranking_my_rank: 20/504 (96.2%)
ranking_my_percent: 96.23015873015873
