ConfigName: krbf__advnormalizedfitness__M4__L12__eps0p025__g0p015__ds0p3__dm0p3
Problem: QUBO
Kernel: rbf
Advantage: normalizedfitness
M: 4
lambda: 12
epsilon_svgd: 0.025
gamma: 0.015
decay_start_ratio: 0.3
decay_min_factor: 0.3
bandwith_kernel: None
no_interact: False
avg_score: -615.6199951171875
median_score: -611.5
std_score: 63.66377258300781
percentiles: 2%=-754.1199951171875, 5%=-719.25, 10%=-707.2000122070312, 25%=-655.0, 50%=-611.5, 75%=-569.5, 90%=-530.7999877929688, 95%=-517.9500122070312, 98%=-510.8399658203125
ranking_best_algo: SVMMetaModelLogNormal
ranking_best_score: 1233.7999999999997
ranking_my_rank: 379/504 (25.0%)
ranking_my_percent: 25.0
