ConfigName: krbf__advnormalizedfitness__M3__L12__eps0p015__g0p015__ds0p15__dm0p01
Problem: QUBO
Kernel: rbf
Advantage: normalizedfitness
M: 3
lambda: 12
epsilon_svgd: 0.015
gamma: 0.015
decay_start_ratio: 0.15
decay_min_factor: 0.01
bandwith_kernel: None
no_interact: False
avg_score: -401.739990234375
median_score: -400.0
std_score: 30.145851135253906
percentiles: 2%=-463.1600036621094, 5%=-451.20001220703125, 10%=-443.29998779296875, 25%=-419.25, 50%=-400.0, 75%=-379.75, 90%=-364.8999938964844, 95%=-352.9000244140625, 98%=-345.8399658203125
ranking_best_algo: CMAL3
ranking_best_score: 435.36
ranking_my_rank: 233/504 (54.0%)
ranking_my_percent: 53.96825396825397
