ConfigName: kjsd__advperagentrankweighted__M3__L20__eps0p007__g0p001__ds0p1__dm0p1
Problem: QUBO
Kernel: jsd
Advantage: peragentrankweighted
M: 3
lambda: 20
epsilon_svgd: 0.007
gamma: 0.001
decay_start_ratio: 0.1
decay_min_factor: 0.1
bandwith_kernel: None
no_interact: False
avg_score: -439.1000061035156
median_score: -441.0
std_score: 28.396305084228516
percentiles: 2%=-489.1400146484375, 5%=-481.1499938964844, 10%=-475.0, 25%=-461.25, 50%=-441.0, 75%=-416.75, 90%=-398.0, 95%=-391.95001220703125, 98%=-382.9800109863281
ranking_best_algo: CMApara
ranking_best_score: 453.82
ranking_my_rank: 19/504 (96.4%)
ranking_my_percent: 96.42857142857143
