ConfigName: krbf__advnormalizedfitness__M3__L15__eps0p025__g0p007__ds0p3__dm0p3
Problem: NK
Kernel: rbf
Advantage: normalizedfitness
M: 3
lambda: 15
epsilon_svgd: 0.025
gamma: 0.007
decay_start_ratio: 0.3
decay_min_factor: 0.3
bandwith_kernel: None
no_interact: False
avg_score: 0.7027520537376404
median_score: 0.7038388252258301
std_score: 0.012070542201399803
percentiles: 2%=0.6830880045890808, 5%=0.6851843595504761, 10%=0.6861699819564819, 25%=0.6918692588806152, 50%=0.7038388252258301, 75%=0.713585376739502, 90%=0.7169166803359985, 95%=0.7198691964149475, 98%=0.722301185131073
ranking_best_algo: PBIL
ranking_best_score: 0.7013553837109374
ranking_my_rank: 1/504 (100.0%)
ranking_my_percent: 100.0
