ConfigName: kjsd__advperagentrankweighted__M3__L24__eps0p005__g0p0005__ds0p05__dm0p05
Problem: QUBO
Kernel: jsd
Advantage: peragentrankweighted
M: 3
lambda: 24
epsilon_svgd: 0.005
gamma: 0.0005
decay_start_ratio: 0.05
decay_min_factor: 0.05
bandwith_kernel: None
no_interact: False
avg_score: -930.239990234375
median_score: -929.0
std_score: 65.84984588623047
percentiles: 2%=-1074.0, 5%=-1037.25, 10%=-1020.0, 25%=-975.0, 50%=-929.0, 75%=-888.5, 90%=-855.4000244140625, 95%=-822.7999877929688, 98%=-810.8400268554688
ranking_best_algo: CMApara
ranking_best_score: 964.9
ranking_my_rank: 19/504 (96.4%)
ranking_my_percent: 96.42857142857143
