ConfigName: kjsd__advperagentrankweighted__M4__L30__eps0p005__g0p0007__ds0p4__dm0p05
Problem: QUBO
Kernel: jsd
Advantage: peragentrankweighted
M: 4
lambda: 30
epsilon_svgd: 0.005
gamma: 0.0007
decay_start_ratio: 0.4
decay_min_factor: 0.05
bandwith_kernel: None
no_interact: False
avg_score: -924.02001953125
median_score: -919.0
std_score: 65.21395111083984
percentiles: 2%=-1060.0799560546875, 5%=-1028.3499755859375, 10%=-1009.0999755859375, 25%=-968.25, 50%=-919.0, 75%=-874.75, 90%=-842.5, 95%=-830.5, 98%=-816.3200073242188
ranking_best_algo: CMApara
ranking_best_score: 964.9
ranking_my_rank: 22/504 (95.8%)
ranking_my_percent: 95.83333333333333
