ConfigName: kjsd__advperagentrankweighted__M4__L12__eps0p005__g0p0003__ds0p2__dm0p05
Problem: QUBO
Kernel: jsd
Advantage: peragentrankweighted
M: 4
lambda: 12
epsilon_svgd: 0.005
gamma: 0.0003
decay_start_ratio: 0.2
decay_min_factor: 0.05
bandwith_kernel: None
no_interact: False
avg_score: -414.0199890136719
median_score: -412.0
std_score: 23.4725284576416
percentiles: 2%=-473.0, 5%=-452.04998779296875, 10%=-442.5, 25%=-430.25, 50%=-412.0, 75%=-398.0, 90%=-385.6000061035156, 95%=-380.0, 98%=-376.0
ranking_best_algo: Tabu
ranking_best_score: 438.12
ranking_my_rank: 57/504 (88.9%)
ranking_my_percent: 88.88888888888889
