ConfigName: kjsd__advperagentrankweighted__M5__L8__eps0p01__g0p003__ds0p4__dm0p2
Problem: QUBO
Kernel: jsd
Advantage: peragentrankweighted
M: 5
lambda: 8
epsilon_svgd: 0.01
gamma: 0.003
decay_start_ratio: 0.4
decay_min_factor: 0.2
bandwith_kernel: None
no_interact: False
avg_score: -434.260009765625
median_score: -435.0
std_score: 25.525915145874023
percentiles: 2%=-472.1199951171875, 5%=-470.1000061035156, 10%=-463.20001220703125, 25%=-455.25, 50%=-435.0, 75%=-417.0, 90%=-395.6000061035156, 95%=-387.95001220703125, 98%=-378.9800109863281
ranking_best_algo: CMApara
ranking_best_score: 453.82
ranking_my_rank: 40/504 (92.3%)
ranking_my_percent: 92.26190476190476
