ConfigName: kjsd__advperagentrankweighted__M3__L18__eps0p007__g0p0007__ds0p05__dm0p2
Problem: QUBO
Kernel: jsd
Advantage: peragentrankweighted
M: 3
lambda: 18
epsilon_svgd: 0.007
gamma: 0.0007
decay_start_ratio: 0.05
decay_min_factor: 0.2
bandwith_kernel: None
no_interact: False
avg_score: -909.5
median_score: -906.0
std_score: 60.44906997680664
percentiles: 2%=-1038.0799560546875, 5%=-1021.0499877929688, 10%=-995.2000122070312, 25%=-942.25, 50%=-906.0, 75%=-871.75, 90%=-831.0, 95%=-815.0, 98%=-799.739990234375
ranking_best_algo: CMAL3
ranking_best_score: 928.5800000000002
ranking_my_rank: 28/504 (94.6%)
ranking_my_percent: 94.64285714285714
