ConfigName: kjsd__advperagentrankweighted__M5__L10__eps0p03__g0p0007__ds0p05__dm0p05
Problem: NK
Kernel: jsd
Advantage: peragentrankweighted
M: 5
lambda: 10
epsilon_svgd: 0.03
gamma: 0.0007
decay_start_ratio: 0.05
decay_min_factor: 0.05
bandwith_kernel: None
no_interact: False
avg_score: 0.7463358044624329
median_score: 0.7454036474227905
std_score: 0.012243447825312614
percentiles: 2%=0.722983181476593, 5%=0.7289177179336548, 10%=0.7305922508239746, 25%=0.7368240356445312, 50%=0.7454036474227905, 75%=0.7546346783638, 90%=0.7622543573379517, 95%=0.7664105296134949, 98%=0.7746298313140869
ranking_best_algo: Tabu
ranking_best_score: 0.7470791764843752
ranking_my_rank: 3/504 (99.6%)
ranking_my_percent: 99.60317460317461
