ConfigName: kfr__advglobalrankweighted__M2__L11__eps0p02__g0p005__ds0p01__dm0p01
Problem: NK
Kernel: fr
Advantage: globalrankweighted
M: 2
lambda: 11
epsilon_svgd: 0.02
gamma: 0.005
decay_start_ratio: 0.01
decay_min_factor: 0.01
bandwith_kernel: None
no_interact: False
avg_score: 0.7334943413734436
median_score: 0.7331850528717041
std_score: 0.014667902141809464
percentiles: 2%=0.7069258689880371, 5%=0.7105432152748108, 10%=0.7153146862983704, 25%=0.722888171672821, 50%=0.7331850528717041, 75%=0.7430055141448975, 90%=0.7506060004234314, 95%=0.7542682886123657, 98%=0.7661621570587158
ranking_best_algo: Tabu
ranking_best_score: 0.7601875690625
ranking_my_rank: 33/504 (93.7%)
ranking_my_percent: 93.65079365079364
