ConfigName: kjsd__advperagentrankweighted__M3__L24__eps0p005__g0p001__ds0p05__dm0p1
Problem: QUBO
Kernel: jsd
Advantage: peragentrankweighted
M: 3
lambda: 24
epsilon_svgd: 0.005
gamma: 0.001
decay_start_ratio: 0.05
decay_min_factor: 0.1
bandwith_kernel: None
no_interact: False
avg_score: -139.4600067138672
median_score: -142.0
std_score: 11.831669807434082
percentiles: 2%=-158.02000427246094, 5%=-157.0500030517578, 10%=-156.0, 25%=-146.0, 50%=-142.0, 75%=-130.75, 90%=-123.0, 95%=-118.9000015258789, 98%=-115.0
ranking_best_algo: DiscreteDE
ranking_best_score: 143.4
ranking_my_rank: 85/504 (83.3%)
ranking_my_percent: 83.33333333333333
