ConfigName: krbf__advnormalizedfitness__M3__L10__eps0p015__g0p015__ds0p15__dm0p01
Problem: QUBO
Kernel: rbf
Advantage: normalizedfitness
M: 3
lambda: 10
epsilon_svgd: 0.015
gamma: 0.015
decay_start_ratio: 0.15
decay_min_factor: 0.01
bandwith_kernel: None
no_interact: False
avg_score: -544.1599731445312
median_score: -544.0
std_score: 38.483951568603516
percentiles: 2%=-623.1599731445312, 5%=-605.2999877929688, 10%=-592.5, 25%=-572.25, 50%=-544.0, 75%=-515.75, 90%=-489.79998779296875, 95%=-484.8000183105469, 98%=-466.0
ranking_best_algo: Tabu
ranking_best_score: 588.7199999999999
ranking_my_rank: 162/503 (68.0%)
ranking_my_percent: 67.9920477137177
