ConfigName: krbf__advnormalizedfitness__M1__L8__eps0p025__g0p01__ds0p3__dm0p3
Problem: NK
Kernel: rbf
Advantage: normalizedfitness
M: 1
lambda: 8
epsilon_svgd: 0.025
gamma: 0.01
decay_start_ratio: 0.3
decay_min_factor: 0.3
bandwith_kernel: None
no_interact: False
avg_score: 0.737349271774292
median_score: 0.7370513081550598
std_score: 0.009485983289778233
percentiles: 2%=0.7195016145706177, 5%=0.7221000790596008, 10%=0.7255996465682983, 25%=0.7299486994743347, 50%=0.7370513081550598, 75%=0.7434155344963074, 90%=0.7492449879646301, 95%=0.7518147230148315, 98%=0.7546755075454712
ranking_best_algo: PBIL
ranking_best_score: 0.733570253046875
ranking_my_rank: 1/504 (100.0%)
ranking_my_percent: 100.0
