ConfigName: kjsd__advperagentrankweighted__M4__L8__eps0p005__g0p0005__ds0p2__dm0p2
Problem: NK
Kernel: jsd
Advantage: peragentrankweighted
M: 4
lambda: 8
epsilon_svgd: 0.005
gamma: 0.0005
decay_start_ratio: 0.2
decay_min_factor: 0.2
bandwith_kernel: None
no_interact: False
avg_score: 0.7153826951980591
median_score: 0.7148727178573608
std_score: 0.0067273350432515144
percentiles: 2%=0.7038046717643738, 5%=0.7043476104736328, 10%=0.7078678607940674, 25%=0.710860550403595, 50%=0.7148727178573608, 75%=0.7206882834434509, 90%=0.7236676812171936, 95%=0.7272420525550842, 98%=0.7308320999145508
ranking_best_algo: PBIL
ranking_best_score: 0.7170882103515624
ranking_my_rank: 39/504 (92.5%)
ranking_my_percent: 92.46031746031746
