ConfigName: krbf__advnormalizedfitness__M2__L8__eps0p025__g0p007__ds0p15__dm0p01
Problem: QUBO
Kernel: rbf
Advantage: normalizedfitness
M: 2
lambda: 8
epsilon_svgd: 0.025
gamma: 0.007
decay_start_ratio: 0.15
decay_min_factor: 0.01
bandwith_kernel: None
no_interact: False
avg_score: -136.10000610351562
median_score: -137.0
std_score: 12.519984245300293
percentiles: 2%=-159.0, 5%=-157.0500030517578, 10%=-152.0, 25%=-145.25, 50%=-137.0, 75%=-128.75, 90%=-119.0, 95%=-115.0, 98%=-111.9000015258789
ranking_best_algo: DiscreteDE
ranking_best_score: 143.4
ranking_my_rank: 221/504 (56.3%)
ranking_my_percent: 56.34920634920635
