ConfigName: krbf__advnormalizedfitness__M3__L10__eps0p015__g0p01__ds0p3__dm0p01
Problem: QUBO
Kernel: rbf
Advantage: normalizedfitness
M: 3
lambda: 10
epsilon_svgd: 0.015
gamma: 0.01
decay_start_ratio: 0.3
decay_min_factor: 0.01
bandwith_kernel: None
no_interact: False
avg_score: -563.4199829101562
median_score: -560.5
std_score: 33.9903450012207
percentiles: 2%=-636.02001953125, 5%=-622.1500244140625, 10%=-607.0, 25%=-584.75, 50%=-560.5, 75%=-544.25, 90%=-519.9000244140625, 95%=-505.0, 98%=-495.8799743652344
ranking_best_algo: Tabu
ranking_best_score: 588.7199999999999
ranking_my_rank: 94/503 (81.5%)
ranking_my_percent: 81.51093439363817
