ConfigName: krbf__advnormalizedfitness__M4__L15__eps0p033__g0p01__ds0p01__dm0p3
Problem: QUBO
Kernel: rbf
Advantage: normalizedfitness
M: 4
lambda: 15
epsilon_svgd: 0.033
gamma: 0.01
decay_start_ratio: 0.01
decay_min_factor: 0.3
bandwith_kernel: None
no_interact: False
avg_score: -413.260009765625
median_score: -416.0
std_score: 32.58423614501953
percentiles: 2%=-475.0400085449219, 5%=-469.0, 10%=-456.1000061035156, 25%=-435.5, 50%=-416.0, 75%=-390.0, 90%=-364.8999938964844, 95%=-362.8500061035156, 98%=-355.97998046875
ranking_best_algo: CMApara
ranking_best_score: 453.82
ranking_my_rank: 226/504 (55.4%)
ranking_my_percent: 55.357142857142854
