ConfigName: kjsd__advperagentrankweighted__M4__L20__eps0p005__g0p001__ds0p05__dm0p1
Problem: NK
Kernel: jsd
Advantage: peragentrankweighted
M: 4
lambda: 20
epsilon_svgd: 0.005
gamma: 0.001
decay_start_ratio: 0.05
decay_min_factor: 0.1
bandwith_kernel: None
no_interact: False
avg_score: 0.7312796115875244
median_score: 0.7336804270744324
std_score: 0.010120658203959465
percentiles: 2%=0.7089182138442993, 5%=0.7122547626495361, 10%=0.7163164615631104, 25%=0.7247031927108765, 50%=0.7336804270744324, 75%=0.7388176321983337, 90%=0.7427555322647095, 95%=0.7444100975990295, 98%=0.7455664277076721
ranking_best_algo: PBIL
ranking_best_score: 0.7248786399609374
ranking_my_rank: 1/504 (100.0%)
ranking_my_percent: 100.0
