ConfigName: kjsd__advperagentrankweighted__M5__L10__eps0p01__g0p0005__ds0p4__dm0p2
Problem: QUBO
Kernel: jsd
Advantage: peragentrankweighted
M: 5
lambda: 10
epsilon_svgd: 0.01
gamma: 0.0005
decay_start_ratio: 0.4
decay_min_factor: 0.2
bandwith_kernel: None
no_interact: False
avg_score: -332.1600036621094
median_score: -334.5
std_score: 17.77679443359375
percentiles: 2%=-357.260009765625, 5%=-354.1499938964844, 10%=-350.0, 25%=-342.0, 50%=-334.5, 75%=-324.0, 90%=-308.0, 95%=-297.8500061035156, 98%=-281.94000244140625
ranking_best_algo: CMApara
ranking_best_score: 344.22
ranking_my_rank: 72/504 (85.9%)
ranking_my_percent: 85.91269841269842
