ConfigName: kjsd__advperagentrankweighted__M5__L12__eps0p005__g0p0005__ds0p3__dm0p05
Problem: QUBO
Kernel: jsd
Advantage: peragentrankweighted
M: 5
lambda: 12
epsilon_svgd: 0.005
gamma: 0.0005
decay_start_ratio: 0.3
decay_min_factor: 0.05
bandwith_kernel: None
no_interact: False
avg_score: -911.5
median_score: -906.5
std_score: 59.78436279296875
percentiles: 2%=-1044.1199951171875, 5%=-1014.0499877929688, 10%=-991.0999755859375, 25%=-945.5, 50%=-906.5, 75%=-874.0, 90%=-830.5999755859375, 95%=-811.6500244140625, 98%=-794.8800048828125
ranking_best_algo: CMAL3
ranking_best_score: 928.5800000000002
ranking_my_rank: 20/504 (96.2%)
ranking_my_percent: 96.23015873015873
