ConfigName: krbf__advnormalizedfitness__M2__L6__eps0p01__g0p006__ds0p3__dm0p01
Problem: QUBO
Kernel: rbf
Advantage: normalizedfitness
M: 2
lambda: 6
epsilon_svgd: 0.01
gamma: 0.006
decay_start_ratio: 0.3
decay_min_factor: 0.01
bandwith_kernel: None
no_interact: False
avg_score: -3284.340087890625
median_score: -3290.0
std_score: 116.86917114257812
percentiles: 2%=-3516.179931640625, 5%=-3469.449951171875, 10%=-3423.300048828125, 25%=-3366.0, 50%=-3290.0, 75%=-3211.75, 90%=-3122.0, 95%=-3084.9501953125, 98%=-3018.619873046875
ranking_best_algo: RLSOnePlusOne
ranking_best_score: 3316.5199999999995
ranking_my_rank: 3/504 (99.6%)
ranking_my_percent: 99.60317460317461
