ConfigName: kjsd__advperagentrankweighted__M3__L18__eps0p005__g0p001__ds0p2__dm0p1
Problem: NK
Kernel: jsd
Advantage: peragentrankweighted
M: 3
lambda: 18
epsilon_svgd: 0.005
gamma: 0.001
decay_start_ratio: 0.2
decay_min_factor: 0.1
bandwith_kernel: None
no_interact: False
avg_score: 0.7073312997817993
median_score: 0.70765620470047
std_score: 0.012198791839182377
percentiles: 2%=0.6844393014907837, 5%=0.687629759311676, 10%=0.6903865933418274, 25%=0.7001125812530518, 50%=0.70765620470047, 75%=0.7168925404548645, 90%=0.7225146889686584, 95%=0.7247424125671387, 98%=0.7273098826408386
ranking_best_algo: PBIL
ranking_best_score: 0.7170882103515624
ranking_my_rank: 57/504 (88.9%)
ranking_my_percent: 88.88888888888889
