ConfigName: krbf__advnormalizedfitness__M4__L15__eps0p03__g0p002__ds0p05__dm0p05
Problem: NK
Kernel: rbf
Advantage: normalizedfitness
M: 4
lambda: 15
epsilon_svgd: 0.03
gamma: 0.002
decay_start_ratio: 0.05
decay_min_factor: 0.05
bandwith_kernel: None
no_interact: False
avg_score: 0.705564558506012
median_score: 0.704238772392273
std_score: 0.010629678145051003
percentiles: 2%=0.6879739761352539, 5%=0.6905838847160339, 10%=0.6913881301879883, 25%=0.6986991167068481, 50%=0.704238772392273, 75%=0.7120586633682251, 90%=0.7210315465927124, 95%=0.7217935919761658, 98%=0.7299145460128784
ranking_best_algo: PBIL
ranking_best_score: 0.7170882103515624
ranking_my_rank: 60/504 (88.3%)
ranking_my_percent: 88.2936507936508
