ConfigName: krbf__advnormalizedfitness__M3__L10__eps0p025__g0p015__ds0p3__dm0p3
Problem: QUBO
Kernel: rbf
Advantage: normalizedfitness
M: 3
lambda: 10
epsilon_svgd: 0.025
gamma: 0.015
decay_start_ratio: 0.3
decay_min_factor: 0.3
bandwith_kernel: None
no_interact: False
avg_score: -406.6400146484375
median_score: -409.0
std_score: 33.3381233215332
percentiles: 2%=-469.0, 5%=-465.20001220703125, 10%=-455.0, 25%=-428.5, 50%=-409.0, 75%=-382.75, 90%=-368.70001220703125, 95%=-353.0, 98%=-338.8799743652344
ranking_best_algo: CMAL3
ranking_best_score: 435.36
ranking_my_rank: 214/504 (57.7%)
ranking_my_percent: 57.73809523809524
