ConfigName: krbf__advnormalizedfitness__M3__L12__eps0p033__g0p007__ds0p15__dm0p3
Problem: NK
Kernel: rbf
Advantage: normalizedfitness
M: 3
lambda: 12
epsilon_svgd: 0.033
gamma: 0.007
decay_start_ratio: 0.15
decay_min_factor: 0.3
bandwith_kernel: None
no_interact: False
avg_score: 0.7339975833892822
median_score: 0.7366739511489868
std_score: 0.009351832792162895
percentiles: 2%=0.7134326100349426, 5%=0.7162283062934875, 10%=0.720146119594574, 25%=0.7276632189750671, 50%=0.7366739511489868, 75%=0.7412292957305908, 90%=0.7442808151245117, 95%=0.7461912035942078, 98%=0.7471664547920227
ranking_best_algo: PBIL
ranking_best_score: 0.7248786399609374
ranking_my_rank: 1/504 (100.0%)
ranking_my_percent: 100.0
