ConfigName: krbf__advnormalizedfitness__M3__L12__eps0p025__g0p005__ds0p3__dm0p3
Problem: NK
Kernel: rbf
Advantage: normalizedfitness
M: 3
lambda: 12
epsilon_svgd: 0.025
gamma: 0.005
decay_start_ratio: 0.3
decay_min_factor: 0.3
bandwith_kernel: None
no_interact: False
avg_score: 0.7100939750671387
median_score: 0.7116432189941406
std_score: 0.015341962687671185
percentiles: 2%=0.6713886260986328, 5%=0.6718783974647522, 10%=0.6957183480262756, 25%=0.7065891623497009, 50%=0.7116432189941406, 75%=0.7182646989822388, 90%=0.7255467176437378, 95%=0.7324743866920471, 98%=0.7332647442817688
ranking_best_algo: CMApara
ranking_best_score: 0.707475975
ranking_my_rank: 1/504 (100.0%)
ranking_my_percent: 100.0
