ConfigName: kjsd__advperagentrankweighted__M3__L16__eps0p007__g0p0005__ds0p2__dm0p2
Problem: NK
Kernel: jsd
Advantage: peragentrankweighted
M: 3
lambda: 16
epsilon_svgd: 0.007
gamma: 0.0005
decay_start_ratio: 0.2
decay_min_factor: 0.2
bandwith_kernel: None
no_interact: False
avg_score: 0.7396820187568665
median_score: 0.7392839789390564
std_score: 0.015414727851748466
percentiles: 2%=0.7128293514251709, 5%=0.7156277298927307, 10%=0.7201043963432312, 25%=0.7304784655570984, 50%=0.7392839789390564, 75%=0.7492167949676514, 90%=0.7577419281005859, 95%=0.7690990567207336, 98%=0.7747074365615845
ranking_best_algo: Tabu
ranking_best_score: 0.7601875690625
ranking_my_rank: 15/504 (97.2%)
ranking_my_percent: 97.22222222222223
