ConfigName: kjsd__advperagentrankweighted__M4__L10__eps0p005__g0p0003__ds0p4__dm0p05
Problem: QUBO
Kernel: jsd
Advantage: peragentrankweighted
M: 4
lambda: 10
epsilon_svgd: 0.005
gamma: 0.0003
decay_start_ratio: 0.4
decay_min_factor: 0.05
bandwith_kernel: None
no_interact: False
avg_score: -198.67999267578125
median_score: -198.0
std_score: 14.044842720031738
percentiles: 2%=-224.0, 5%=-222.10000610351562, 10%=-219.0, 25%=-209.0, 50%=-198.0, 75%=-189.0, 90%=-181.89999389648438, 95%=-177.8000030517578, 98%=-169.9600067138672
ranking_best_algo: Tabu
ranking_best_score: 208.36000000000004
ranking_my_rank: 96/504 (81.2%)
ranking_my_percent: 81.15079365079364
