ConfigName: krbf__advnormalizedfitness__M3__L8__eps0p033__g0p015__ds0p3__dm0p3
Problem: QUBO
Kernel: rbf
Advantage: normalizedfitness
M: 3
lambda: 8
epsilon_svgd: 0.033
gamma: 0.015
decay_start_ratio: 0.3
decay_min_factor: 0.3
bandwith_kernel: None
no_interact: False
avg_score: -886.1199951171875
median_score: -887.5
std_score: 67.59382629394531
percentiles: 2%=-1020.4000244140625, 5%=-1005.0999755859375, 10%=-978.5999755859375, 25%=-931.25, 50%=-887.5, 75%=-839.25, 90%=-792.9000244140625, 95%=-775.8500366210938, 98%=-761.9599609375
ranking_best_algo: CMAL3
ranking_best_score: 928.5800000000002
ranking_my_rank: 103/504 (79.8%)
ranking_my_percent: 79.76190476190476
