ConfigName: kjsd__advperagentrankweighted__M3__L18__eps0p007__g0p001__ds0p2__dm0p05
Problem: QUBO
Kernel: jsd
Advantage: peragentrankweighted
M: 3
lambda: 18
epsilon_svgd: 0.007
gamma: 0.001
decay_start_ratio: 0.2
decay_min_factor: 0.05
bandwith_kernel: None
no_interact: False
avg_score: -442.5400085449219
median_score: -449.0
std_score: 25.270305633544922
percentiles: 2%=-485.260009765625, 5%=-480.04998779296875, 10%=-472.0, 25%=-460.25, 50%=-449.0, 75%=-424.0, 90%=-407.0, 95%=-402.75, 98%=-390.94000244140625
ranking_best_algo: CMApara
ranking_best_score: 453.82
ranking_my_rank: 9/504 (98.4%)
ranking_my_percent: 98.41269841269842
