ConfigName: kjsd__advperagentrankweighted__M10__L12__eps0p008__g0p0005__ds0p05__dm0p05
Problem: QUBO
Kernel: jsd
Advantage: peragentrankweighted
M: 10
lambda: 12
epsilon_svgd: 0.008
gamma: 0.0005
decay_start_ratio: 0.05
decay_min_factor: 0.05
bandwith_kernel: None
no_interact: False
avg_score: -1226.219970703125
median_score: -1229.0
std_score: 74.8885269165039
percentiles: 2%=-1389.3800048828125, 5%=-1351.0999755859375, 10%=-1329.199951171875, 25%=-1265.25, 50%=-1229.0, 75%=-1172.75, 90%=-1124.800048828125, 95%=-1111.8499755859375, 98%=-1099.8599853515625
ranking_best_algo: BigLognormalDiscreteOnePlusOne
ranking_best_score: 1301.3600000000004
ranking_my_rank: 71/504 (86.1%)
ranking_my_percent: 86.11111111111111
