ConfigName: krbf__advnormalizedfitness__M4__L12__eps0p015__g0p01__ds0p3__dm0p01
Problem: QUBO
Kernel: rbf
Advantage: normalizedfitness
M: 4
lambda: 12
epsilon_svgd: 0.015
gamma: 0.01
decay_start_ratio: 0.3
decay_min_factor: 0.01
bandwith_kernel: None
no_interact: False
avg_score: -1835.6600341796875
median_score: -1804.5
std_score: 167.9976348876953
percentiles: 2%=-2246.179931640625, 5%=-2140.14990234375, 10%=-2022.5999755859375, 25%=-1945.75, 50%=-1804.5, 75%=-1727.25, 90%=-1618.0, 95%=-1602.35009765625, 98%=-1575.2598876953125
ranking_best_algo: DiscreteLengler2OnePlusOne
ranking_best_score: 2617.04
ranking_my_rank: 318/504 (37.1%)
ranking_my_percent: 37.1031746031746
