ConfigName: kjsd__advperagentrankweighted__M4__L12__eps0p02__g0p0003__ds0p2__dm0p05
Problem: QUBO
Kernel: jsd
Advantage: peragentrankweighted
M: 4
lambda: 12
epsilon_svgd: 0.02
gamma: 0.0003
decay_start_ratio: 0.2
decay_min_factor: 0.05
bandwith_kernel: None
no_interact: False
avg_score: -923.3400268554688
median_score: -912.5
std_score: 62.85908508300781
percentiles: 2%=-1062.0799560546875, 5%=-1042.449951171875, 10%=-1011.5, 25%=-968.75, 50%=-912.5, 75%=-874.75, 90%=-844.7999877929688, 95%=-834.7999877929688, 98%=-828.5599975585938
ranking_best_algo: CMApara
ranking_best_score: 964.9
ranking_my_rank: 24/504 (95.4%)
ranking_my_percent: 95.43650793650794
