ConfigName: kfr__advglobalrankweighted__M3__L11__eps0p02__g0p005__ds0p01__dm0p01
Problem: QUBO
Kernel: fr
Advantage: globalrankweighted
M: 3
lambda: 11
epsilon_svgd: 0.02
gamma: 0.005
decay_start_ratio: 0.01
decay_min_factor: 0.01
bandwith_kernel: None
no_interact: False
avg_score: -197.89999389648438
median_score: -197.0
std_score: 12.994998931884766
percentiles: 2%=-224.0, 5%=-219.0, 10%=-213.1999969482422, 25%=-207.0, 50%=-197.0, 75%=-190.5, 90%=-181.89999389648438, 95%=-171.95001220703125, 98%=-168.97999572753906
ranking_best_algo: Tabu
ranking_best_score: 208.36000000000004
ranking_my_rank: 108/504 (78.8%)
ranking_my_percent: 78.76984126984127
