ConfigName: kjsd__advperagentrankweighted__M6__L8__eps0p02__g0p0003__ds0p2__dm0p05
Problem: QUBO
Kernel: jsd
Advantage: peragentrankweighted
M: 6
lambda: 8
epsilon_svgd: 0.02
gamma: 0.0003
decay_start_ratio: 0.2
decay_min_factor: 0.05
bandwith_kernel: None
no_interact: False
avg_score: -2517.159912109375
median_score: -2506.0
std_score: 107.15247344970703
percentiles: 2%=-2749.219970703125, 5%=-2707.25, 10%=-2646.199951171875, 25%=-2592.75, 50%=-2506.0, 75%=-2431.0, 90%=-2390.60009765625, 95%=-2349.35009765625, 98%=-2328.93994140625
ranking_best_algo: SVM1MetaModelLogNormal
ranking_best_score: 2605.14
ranking_my_rank: 60/504 (88.3%)
ranking_my_percent: 88.2936507936508
