ConfigName: krbf__advnormalizedfitness__M3__L10__eps0p033__g0p007__ds0p3__dm0p3
Problem: QUBO
Kernel: rbf
Advantage: normalizedfitness
M: 3
lambda: 10
epsilon_svgd: 0.033
gamma: 0.007
decay_start_ratio: 0.3
decay_min_factor: 0.3
bandwith_kernel: None
no_interact: False
avg_score: -422.1000061035156
median_score: -422.0
std_score: 30.317485809326172
percentiles: 2%=-481.0400085449219, 5%=-469.1000061035156, 10%=-459.0, 25%=-443.75, 50%=-422.0, 75%=-403.0, 90%=-384.0, 95%=-368.8500061035156, 98%=-363.8799743652344
ranking_best_algo: CMAL3
ranking_best_score: 435.36
ranking_my_rank: 46/504 (91.1%)
ranking_my_percent: 91.07142857142857
