ConfigName: kjsd__advperagentrankweighted__M5__L24__eps0p03__g0p0003__ds0p2__dm0p05
Problem: NK
Kernel: jsd
Advantage: peragentrankweighted
M: 5
lambda: 24
epsilon_svgd: 0.03
gamma: 0.0003
decay_start_ratio: 0.2
decay_min_factor: 0.05
bandwith_kernel: None
no_interact: False
avg_score: 0.7495872974395752
median_score: 0.7481379508972168
std_score: 0.012618121691048145
percentiles: 2%=0.7269589900970459, 5%=0.7313711047172546, 10%=0.7346315979957581, 25%=0.7422319054603577, 50%=0.7481379508972168, 75%=0.7567849159240723, 90%=0.767804741859436, 95%=0.7741281986236572, 98%=0.7779213786125183
ranking_best_algo: Tabu
ranking_best_score: 0.7657846284375001
ranking_my_rank: 26/504 (95.0%)
ranking_my_percent: 95.03968253968254
