ConfigName: kjsd__advperagentrankweighted__M3__L16__eps0p005__g0p001__ds0p05__dm0p1
Problem: QUBO
Kernel: jsd
Advantage: peragentrankweighted
M: 3
lambda: 16
epsilon_svgd: 0.005
gamma: 0.001
decay_start_ratio: 0.05
decay_min_factor: 0.1
bandwith_kernel: None
no_interact: False
avg_score: -1236.5799560546875
median_score: -1227.5
std_score: 68.51016998291016
percentiles: 2%=-1402.0799560546875, 5%=-1347.8499755859375, 10%=-1319.300048828125, 25%=-1283.25, 50%=-1227.5, 75%=-1187.75, 90%=-1152.699951171875, 95%=-1135.0, 98%=-1128.9599609375
ranking_best_algo: SVMMetaModelLogNormal
ranking_best_score: 1233.7999999999997
ranking_my_rank: 1/504 (100.0%)
ranking_my_percent: 100.0
