ConfigName: kjsd__advperagentrankweighted__M3__L24__eps0p007__g0p001__ds0p1__dm0p1
Problem: QUBO
Kernel: jsd
Advantage: peragentrankweighted
M: 3
lambda: 24
epsilon_svgd: 0.007
gamma: 0.001
decay_start_ratio: 0.1
decay_min_factor: 0.1
bandwith_kernel: None
no_interact: False
avg_score: -310.5799865722656
median_score: -319.0
std_score: 40.26740264892578
percentiles: 2%=-398.0400085449219, 5%=-396.0, 10%=-357.6000061035156, 25%=-334.0, 50%=-319.0, 75%=-271.75, 90%=-265.0, 95%=-254.9499969482422, 98%=-251.9600067138672
ranking_best_algo: CMApara
ranking_best_score: 319.29999999999995
ranking_my_rank: 58/504 (88.7%)
ranking_my_percent: 88.69047619047619
