ConfigName: kjsd__advperagentrankweighted__M5__L12__eps0p008__g0p0005__ds0p05__dm0p05
Problem: QUBO
Kernel: jsd
Advantage: peragentrankweighted
M: 5
lambda: 12
epsilon_svgd: 0.008
gamma: 0.0005
decay_start_ratio: 0.05
decay_min_factor: 0.05
bandwith_kernel: None
no_interact: False
avg_score: -948.0399780273438
median_score: -943.0
std_score: 62.520225524902344
percentiles: 2%=-1061.0799560546875, 5%=-1048.0999755859375, 10%=-1032.800048828125, 25%=-994.75, 50%=-943.0, 75%=-900.25, 90%=-874.9000244140625, 95%=-866.7999877929688, 98%=-818.9199829101562
ranking_best_algo: CMApara
ranking_best_score: 964.9
ranking_my_rank: 2/504 (99.8%)
ranking_my_percent: 99.8015873015873
