ConfigName: kjsd__advperagentrankweighted__M3__L16__eps0p01__g0p0007__ds0p1__dm0p2
Problem: QUBO
Kernel: jsd
Advantage: peragentrankweighted
M: 3
lambda: 16
epsilon_svgd: 0.01
gamma: 0.0007
decay_start_ratio: 0.1
decay_min_factor: 0.2
bandwith_kernel: None
no_interact: False
avg_score: -2645.97998046875
median_score: -2645.0
std_score: 130.62969970703125
percentiles: 2%=-2899.1201171875, 5%=-2885.050048828125, 10%=-2808.5, 25%=-2731.25, 50%=-2645.0, 75%=-2575.0, 90%=-2477.60009765625, 95%=-2405.60009765625, 98%=-2389.9599609375
ranking_best_algo: DiscreteLengler2OnePlusOne
ranking_best_score: 2617.04
ranking_my_rank: 1/504 (100.0%)
ranking_my_percent: 100.0
