ConfigName: kjsd__advperagentrankweighted__M3__L16__eps0p007__g0p0005__ds0p05__dm0p2
Problem: NK
Kernel: jsd
Advantage: peragentrankweighted
M: 3
lambda: 16
epsilon_svgd: 0.007
gamma: 0.0005
decay_start_ratio: 0.05
decay_min_factor: 0.2
bandwith_kernel: None
no_interact: False
avg_score: 0.706422746181488
median_score: 0.7081252336502075
std_score: 0.011836173944175243
percentiles: 2%=0.6870896220207214, 5%=0.6887539625167847, 10%=0.6912994384765625, 25%=0.6950182318687439, 50%=0.7081252336502075, 75%=0.7164133191108704, 90%=0.7212598919868469, 95%=0.722620964050293, 98%=0.7238909006118774
ranking_best_algo: PBIL
ranking_best_score: 0.7013553837109374
ranking_my_rank: 1/504 (100.0%)
ranking_my_percent: 100.0
