ConfigName: kjsd__advperagentrankweighted__M3__L16__eps0p007__g0p001__ds0p1__dm0p05
Problem: QUBO
Kernel: jsd
Advantage: peragentrankweighted
M: 3
lambda: 16
epsilon_svgd: 0.007
gamma: 0.001
decay_start_ratio: 0.1
decay_min_factor: 0.05
bandwith_kernel: None
no_interact: False
avg_score: -1311.6400146484375
median_score: -1312.5
std_score: 56.87926483154297
percentiles: 2%=-1423.1400146484375, 5%=-1404.1500244140625, 10%=-1387.0, 25%=-1351.0, 50%=-1312.5, 75%=-1271.25, 90%=-1227.9000244140625, 95%=-1221.0, 98%=-1208.800048828125
ranking_best_algo: BigLognormalDiscreteOnePlusOne
ranking_best_score: 1301.3600000000004
ranking_my_rank: 1/504 (100.0%)
ranking_my_percent: 100.0
