ConfigName: kjsd__advperagentrankweighted__M3__L16__eps0p005__g0p001__ds0p05__dm0p1
Problem: QUBO
Kernel: jsd
Advantage: peragentrankweighted
M: 3
lambda: 16
epsilon_svgd: 0.005
gamma: 0.001
decay_start_ratio: 0.05
decay_min_factor: 0.1
bandwith_kernel: None
no_interact: False
avg_score: -2578.639892578125
median_score: -2583.5
std_score: 124.36860656738281
percentiles: 2%=-2814.340087890625, 5%=-2757.050048828125, 10%=-2727.0, 25%=-2667.25, 50%=-2583.5, 75%=-2489.75, 90%=-2402.800048828125, 95%=-2372.25, 98%=-2323.840087890625
ranking_best_algo: SVM1MetaModelLogNormal
ranking_best_score: 2605.14
ranking_my_rank: 14/504 (97.4%)
ranking_my_percent: 97.42063492063492
