ConfigName: krbf__advnormalizedfitness__M4__L10__eps0p01__g0p0005__ds0p05__dm0p05
Problem: NK
Kernel: rbf
Advantage: normalizedfitness
M: 4
lambda: 10
epsilon_svgd: 0.01
gamma: 0.0005
decay_start_ratio: 0.05
decay_min_factor: 0.05
bandwith_kernel: None
no_interact: False
avg_score: 0.7259973287582397
median_score: 0.72639000415802
std_score: 0.00932424608618021
percentiles: 2%=0.7089966535568237, 5%=0.7108664512634277, 10%=0.7154272198677063, 25%=0.718920111656189, 50%=0.72639000415802, 75%=0.7316247224807739, 90%=0.7365239858627319, 95%=0.741197407245636, 98%=0.7483980655670166
ranking_best_algo: Tabu
ranking_best_score: 0.7429702712499999
ranking_my_rank: 3/504 (99.6%)
ranking_my_percent: 99.60317460317461
