ConfigName: kjsd__advperagentrankweighted__M3__L18__eps0p007__g0p0005__ds0p2__dm0p1
Problem: QUBO
Kernel: jsd
Advantage: peragentrankweighted
M: 3
lambda: 18
epsilon_svgd: 0.007
gamma: 0.0005
decay_start_ratio: 0.2
decay_min_factor: 0.1
bandwith_kernel: None
no_interact: False
avg_score: -408.5
median_score: -408.0
std_score: 26.507169723510742
percentiles: 2%=-465.0400085449219, 5%=-453.0, 10%=-441.20001220703125, 25%=-424.25, 50%=-408.0, 75%=-389.5, 90%=-377.79998779296875, 95%=-369.8999938964844, 98%=-353.9599914550781
ranking_best_algo: Tabu
ranking_best_score: 438.12
ranking_my_rank: 140/504 (72.4%)
ranking_my_percent: 72.42063492063492
