ConfigName: kjsd__advperagentrankweighted__M3__L16__eps0p005__g0p001__ds0p05__dm0p1
Problem: QUBO
Kernel: jsd
Advantage: peragentrankweighted
M: 3
lambda: 16
epsilon_svgd: 0.005
gamma: 0.001
decay_start_ratio: 0.05
decay_min_factor: 0.1
bandwith_kernel: None
no_interact: False
avg_score: -1202.739990234375
median_score: -1200.5
std_score: 60.56824493408203
percentiles: 2%=-1321.47998046875, 5%=-1309.25, 10%=-1289.199951171875, 25%=-1235.25, 50%=-1200.5, 75%=-1164.75, 90%=-1129.0, 95%=-1112.0, 98%=-1089.6800537109375
ranking_best_algo: Tabu
ranking_best_score: 1216.16
ranking_my_rank: 41/504 (92.1%)
ranking_my_percent: 92.06349206349206
