ConfigName: kjsd__advperagentrankweighted__M5__L8__eps0p005__g0p0007__ds0p05__dm0p05
Problem: QUBO
Kernel: jsd
Advantage: peragentrankweighted
M: 5
lambda: 8
epsilon_svgd: 0.005
gamma: 0.0007
decay_start_ratio: 0.05
decay_min_factor: 0.05
bandwith_kernel: None
no_interact: False
avg_score: -1248.1600341796875
median_score: -1251.0
std_score: 64.93346405029297
percentiles: 2%=-1360.02001953125, 5%=-1344.050048828125, 10%=-1331.5999755859375, 25%=-1291.5, 50%=-1251.0, 75%=-1203.25, 90%=-1157.9000244140625, 95%=-1142.699951171875, 98%=-1118.56005859375
ranking_best_algo: SVMMetaModelLogNormal
ranking_best_score: 1233.7999999999997
ranking_my_rank: 1/504 (100.0%)
ranking_my_percent: 100.0
