ConfigName: kjsd__advperagentrankweighted__M4__L24__eps0p005__g0p0005__ds0p4__dm0p05
Problem: NK
Kernel: jsd
Advantage: peragentrankweighted
M: 4
lambda: 24
epsilon_svgd: 0.005
gamma: 0.0005
decay_start_ratio: 0.4
decay_min_factor: 0.05
bandwith_kernel: None
no_interact: False
avg_score: 0.7119969725608826
median_score: 0.6994725465774536
std_score: 0.031112948432564735
percentiles: 2%=0.6735868453979492, 5%=0.6751645803451538, 10%=0.6788222193717957, 25%=0.684432864189148, 50%=0.6994725465774536, 75%=0.7474179267883301, 90%=0.7525893449783325, 95%=0.7613165378570557, 98%=0.7613165378570557
ranking_best_algo: CMApara
ranking_best_score: 0.7118996098437498
ranking_my_rank: 1/504 (100.0%)
ranking_my_percent: 100.0
