ConfigName: krbf__advnormalizedfitness__M4__L10__eps0p015__g0p005__ds0p15__dm0p01
Problem: NK
Kernel: rbf
Advantage: normalizedfitness
M: 4
lambda: 10
epsilon_svgd: 0.015
gamma: 0.005
decay_start_ratio: 0.15
decay_min_factor: 0.01
bandwith_kernel: None
no_interact: False
avg_score: 0.6260789632797241
median_score: 0.621942400932312
std_score: 0.017000004649162292
percentiles: 2%=0.5964263081550598, 5%=0.6011439561843872, 10%=0.6068951487541199, 25%=0.6138647794723511, 50%=0.621942400932312, 75%=0.6360962986946106, 90%=0.6531298756599426, 95%=0.658470094203949, 98%=0.6626747846603394
ranking_best_algo: PBIL
ranking_best_score: 0.7170882103515624
ranking_my_rank: 308/504 (39.1%)
ranking_my_percent: 39.08730158730159
