ConfigName: kjsd__advperagentrankweighted__M4__L8__eps0p01__g0p0007__ds0p4__dm0p05
Problem: NK
Kernel: jsd
Advantage: peragentrankweighted
M: 4
lambda: 8
epsilon_svgd: 0.01
gamma: 0.0007
decay_start_ratio: 0.4
decay_min_factor: 0.05
bandwith_kernel: None
no_interact: False
avg_score: 0.7338621616363525
median_score: 0.7361865043640137
std_score: 0.008977986872196198
percentiles: 2%=0.7152523994445801, 5%=0.7189862728118896, 10%=0.7203879356384277, 25%=0.7292378544807434, 50%=0.7361865043640137, 75%=0.7397058010101318, 90%=0.742955207824707, 95%=0.7465499043464661, 98%=0.7502776384353638
ranking_best_algo: PBIL
ranking_best_score: 0.730509098125
ranking_my_rank: 1/504 (100.0%)
ranking_my_percent: 100.0
