ConfigName: krbf__advnormalizedfitness__M3__L10__eps0p025__g0p01__ds0p15__dm0p3
Problem: NK
Kernel: rbf
Advantage: normalizedfitness
M: 3
lambda: 10
epsilon_svgd: 0.025
gamma: 0.01
decay_start_ratio: 0.15
decay_min_factor: 0.3
bandwith_kernel: None
no_interact: False
avg_score: 0.7509798407554626
median_score: 0.7495619654655457
std_score: 0.014761088415980339
percentiles: 2%=0.7185320258140564, 5%=0.7248599529266357, 10%=0.7337135076522827, 25%=0.7422761917114258, 50%=0.7495619654655457, 75%=0.7615448832511902, 90%=0.7732154726982117, 95%=0.776530385017395, 98%=0.7777590155601501
ranking_best_algo: Tabu
ranking_best_score: 0.7470791764843752
ranking_my_rank: 1/504 (100.0%)
ranking_my_percent: 100.0
