ConfigName: kjsd__advperagentrankweighted__M10__L28__eps0p008__g0p0005__ds0p05__dm0p05
Problem: QUBO
Kernel: jsd
Advantage: peragentrankweighted
M: 10
lambda: 28
epsilon_svgd: 0.008
gamma: 0.0005
decay_start_ratio: 0.05
decay_min_factor: 0.05
bandwith_kernel: None
no_interact: False
avg_score: -857.780029296875
median_score: -851.0
std_score: 81.37156677246094
percentiles: 2%=-1060.0, 5%=-993.7999877929688, 10%=-971.0, 25%=-908.5, 50%=-851.0, 75%=-797.75, 90%=-762.7000122070312, 95%=-746.5999755859375, 98%=-724.8400268554688
ranking_best_algo: CMApara
ranking_best_score: 964.9
ranking_my_rank: 253/504 (50.0%)
ranking_my_percent: 50.0
