ConfigName: kjsd__advperagentrankweighted__M5__L24__eps0p005__g0p0005__ds0p3__dm0p05
Problem: NK
Kernel: jsd
Advantage: peragentrankweighted
M: 5
lambda: 24
epsilon_svgd: 0.005
gamma: 0.0005
decay_start_ratio: 0.3
decay_min_factor: 0.05
bandwith_kernel: None
no_interact: False
avg_score: 0.7385608553886414
median_score: 0.7377668619155884
std_score: 0.01382558885961771
percentiles: 2%=0.7116291522979736, 5%=0.7188704609870911, 10%=0.7240598797798157, 25%=0.7286644577980042, 50%=0.7377668619155884, 75%=0.7463696599006653, 90%=0.7560799717903137, 95%=0.7596216201782227, 98%=0.7701104879379272
ranking_best_algo: Tabu
ranking_best_score: 0.7601875690625
ranking_my_rank: 19/504 (96.4%)
ranking_my_percent: 96.42857142857143
