ConfigName: kjsd__advperagentrankweighted__M3__L16__eps0p007__g0p0007__ds0p2__dm0p05
Problem: QUBO
Kernel: jsd
Advantage: peragentrankweighted
M: 3
lambda: 16
epsilon_svgd: 0.007
gamma: 0.0007
decay_start_ratio: 0.2
decay_min_factor: 0.05
bandwith_kernel: None
no_interact: False
avg_score: -427.79998779296875
median_score: -427.0
std_score: 25.680341720581055
percentiles: 2%=-479.0799865722656, 5%=-473.1000061035156, 10%=-461.20001220703125, 25%=-447.0, 50%=-427.0, 75%=-408.0, 90%=-395.0, 95%=-389.75, 98%=-374.8999938964844
ranking_best_algo: CMAL3
ranking_best_score: 435.36
ranking_my_rank: 18/504 (96.6%)
ranking_my_percent: 96.62698412698413
