ConfigName: krbf__advnormalizedfitness__M4__L8__eps0p025__g0p01__ds0p3__dm0p01
Problem: QUBO
Kernel: rbf
Advantage: normalizedfitness
M: 4
lambda: 8
epsilon_svgd: 0.025
gamma: 0.01
decay_start_ratio: 0.3
decay_min_factor: 0.01
bandwith_kernel: None
no_interact: False
avg_score: -416.1000061035156
median_score: -418.0
std_score: 23.424558639526367
percentiles: 2%=-461.2799987792969, 5%=-451.04998779296875, 10%=-446.20001220703125, 25%=-430.0, 50%=-418.0, 75%=-401.75, 90%=-384.0, 95%=-378.0, 98%=-375.59991455078125
ranking_best_algo: Tabu
ranking_best_score: 438.12
ranking_my_rank: 45/504 (91.3%)
ranking_my_percent: 91.26984126984127
