ConfigName: krbf__advnormalizedfitness__M4__L15__eps0p033__g0p005__ds0p3__dm0p3
Problem: NK
Kernel: rbf
Advantage: normalizedfitness
M: 4
lambda: 15
epsilon_svgd: 0.033
gamma: 0.005
decay_start_ratio: 0.3
decay_min_factor: 0.3
bandwith_kernel: None
no_interact: False
avg_score: 0.6590501666069031
median_score: 0.6567403078079224
std_score: 0.023789292201399803
percentiles: 2%=0.6222900152206421, 5%=0.6266408562660217, 10%=0.6294494867324829, 25%=0.6426870822906494, 50%=0.6567403078079224, 75%=0.6728181838989258, 90%=0.6908135414123535, 95%=0.6996377110481262, 98%=0.7195396423339844
ranking_best_algo: Tabu
ranking_best_score: 0.7429702712499999
ranking_my_rank: 318/504 (37.1%)
ranking_my_percent: 37.1031746031746
