ConfigName: kjsd__advperagentrankweighted__M3__L24__eps0p005__g0p0005__ds0p2__dm0p05
Problem: NK
Kernel: jsd
Advantage: peragentrankweighted
M: 3
lambda: 24
epsilon_svgd: 0.005
gamma: 0.0005
decay_start_ratio: 0.2
decay_min_factor: 0.05
bandwith_kernel: None
no_interact: False
avg_score: 0.7495759725570679
median_score: 0.7500678300857544
std_score: 0.008820918388664722
percentiles: 2%=0.7327790260314941, 5%=0.7358877658843994, 10%=0.737324595451355, 25%=0.7438676357269287, 50%=0.7500678300857544, 75%=0.7549577951431274, 90%=0.7591373324394226, 95%=0.7650474905967712, 98%=0.7708551287651062
ranking_best_algo: PBIL
ranking_best_score: 0.733570253046875
ranking_my_rank: 1/504 (100.0%)
ranking_my_percent: 100.0
