ConfigName: kjsd__advperagentrankweighted__M5__L10__eps0p01__g0p003__ds0p2__dm0p2
Problem: QUBO
Kernel: jsd
Advantage: peragentrankweighted
M: 5
lambda: 10
epsilon_svgd: 0.01
gamma: 0.003
decay_start_ratio: 0.2
decay_min_factor: 0.2
bandwith_kernel: None
no_interact: False
avg_score: -139.74000549316406
median_score: -141.5
std_score: 10.942229270935059
percentiles: 2%=-160.0, 5%=-158.0, 10%=-153.0, 25%=-147.0, 50%=-141.5, 75%=-130.75, 90%=-125.0, 95%=-122.9000015258789, 98%=-118.87999725341797
ranking_best_algo: DiscreteDE
ranking_best_score: 143.4
ranking_my_rank: 83/504 (83.7%)
ranking_my_percent: 83.73015873015873
