ConfigName: kjsd__advperagentrankweighted__M3__L20__eps0p005__g0p001__ds0p05__dm0p1
Problem: QUBO
Kernel: jsd
Advantage: peragentrankweighted
M: 3
lambda: 20
epsilon_svgd: 0.005
gamma: 0.001
decay_start_ratio: 0.05
decay_min_factor: 0.1
bandwith_kernel: None
no_interact: False
avg_score: -941.780029296875
median_score: -942.0
std_score: 67.29585266113281
percentiles: 2%=-1074.0, 5%=-1057.449951171875, 10%=-1037.5999755859375, 25%=-981.25, 50%=-942.0, 75%=-897.75, 90%=-846.5999755859375, 95%=-837.0, 98%=-824.9600219726562
ranking_best_algo: CMApara
ranking_best_score: 964.9
ranking_my_rank: 5/504 (99.2%)
ranking_my_percent: 99.2063492063492
