ConfigName: kfr__advglobalrankweighted__M4__L5__eps0p05__g0p003__ds0p01__dm0p01
Problem: QUBO
Kernel: fr
Advantage: globalrankweighted
M: 4
lambda: 5
epsilon_svgd: 0.05
gamma: 0.003
decay_start_ratio: 0.01
decay_min_factor: 0.01
bandwith_kernel: None
no_interact: False
avg_score: -908.6199951171875
median_score: -909.5
std_score: 68.17884826660156
percentiles: 2%=-1048.0, 5%=-1024.1500244140625, 10%=-1000.0, 25%=-959.0, 50%=-909.5, 75%=-868.25, 90%=-811.0, 95%=-797.75, 98%=-776.7599487304688
ranking_best_algo: CMApara
ranking_best_score: 964.9
ranking_my_rank: 94/504 (81.5%)
ranking_my_percent: 81.54761904761905
