ConfigName: krbf__advnormalizedfitness__M3__L10__eps0p033__g0p005__ds0p3__dm0p3
Problem: NK
Kernel: rbf
Advantage: normalizedfitness
M: 3
lambda: 10
epsilon_svgd: 0.033
gamma: 0.005
decay_start_ratio: 0.3
decay_min_factor: 0.3
bandwith_kernel: None
no_interact: False
avg_score: 0.7314410209655762
median_score: 0.7306605577468872
std_score: 0.009959631599485874
percentiles: 2%=0.712090790271759, 5%=0.7171971797943115, 10%=0.7195245027542114, 25%=0.723352313041687, 50%=0.7306605577468872, 75%=0.7384313344955444, 90%=0.7447001934051514, 95%=0.7476808428764343, 98%=0.7503337264060974
ranking_best_algo: Tabu
ranking_best_score: 0.7429702712499999
ranking_my_rank: 2/504 (99.8%)
ranking_my_percent: 99.8015873015873
