ConfigName: krbf__advnormalizedfitness__M4__L8__eps0p015__g0p01__ds0p01__dm0p01
Problem: QUBO
Kernel: rbf
Advantage: normalizedfitness
M: 4
lambda: 8
epsilon_svgd: 0.015
gamma: 0.01
decay_start_ratio: 0.01
decay_min_factor: 0.01
bandwith_kernel: None
no_interact: False
avg_score: -333.7799987792969
median_score: -338.0
std_score: 17.291372299194336
percentiles: 2%=-366.0799865722656, 5%=-357.0, 10%=-354.0, 25%=-343.25, 50%=-338.0, 75%=-321.5, 90%=-308.0, 95%=-300.8500061035156, 98%=-295.91998291015625
ranking_best_algo: CMApara
ranking_best_score: 344.22
ranking_my_rank: 64/504 (87.5%)
ranking_my_percent: 87.5
