ConfigName: krbf__advnormalizedfitness__M4__L8__eps0p025__g0p007__ds0p15__dm0p01
Problem: NK
Kernel: rbf
Advantage: normalizedfitness
M: 4
lambda: 8
epsilon_svgd: 0.025
gamma: 0.007
decay_start_ratio: 0.15
decay_min_factor: 0.01
bandwith_kernel: None
no_interact: False
avg_score: 0.7067064642906189
median_score: 0.7089682817459106
std_score: 0.011902145110070705
percentiles: 2%=0.6863879561424255, 5%=0.6877421140670776, 10%=0.6917355060577393, 25%=0.6955679655075073, 50%=0.7089682817459106, 75%=0.7174150943756104, 90%=0.7208181619644165, 95%=0.7229037880897522, 98%=0.7244884967803955
ranking_best_algo: PBIL
ranking_best_score: 0.7013553837109374
ranking_my_rank: 1/504 (100.0%)
ranking_my_percent: 100.0
