ConfigName: krbf__advnormalizedfitness__M4__L10__eps0p015__g0p005__ds0p01__dm0p01
Problem: NK
Kernel: rbf
Advantage: normalizedfitness
M: 4
lambda: 10
epsilon_svgd: 0.015
gamma: 0.005
decay_start_ratio: 0.01
decay_min_factor: 0.01
bandwith_kernel: None
no_interact: False
avg_score: 0.7389186024665833
median_score: 0.7377068996429443
std_score: 0.01456905622035265
percentiles: 2%=0.7034816145896912, 5%=0.7181034088134766, 10%=0.723169207572937, 25%=0.7286838889122009, 50%=0.7377068996429443, 75%=0.7504299879074097, 90%=0.7587395906448364, 95%=0.7630867958068848, 98%=0.7666435837745667
ranking_best_algo: Tabu
ranking_best_score: 0.7601875690625
ranking_my_rank: 16/504 (97.0%)
ranking_my_percent: 97.02380952380952
