ConfigName: krbf__advnormalizedfitness__M4__L8__eps0p025__g0p01__ds0p3__dm0p01
Problem: QUBO
Kernel: rbf
Advantage: normalizedfitness
M: 4
lambda: 8
epsilon_svgd: 0.025
gamma: 0.01
decay_start_ratio: 0.3
decay_min_factor: 0.01
bandwith_kernel: None
no_interact: False
avg_score: -2412.6201171875
median_score: -2406.0
std_score: 161.74539184570312
percentiles: 2%=-2711.139892578125, 5%=-2671.25, 10%=-2628.0, 25%=-2533.75, 50%=-2406.0, 75%=-2280.0, 90%=-2200.10009765625, 95%=-2150.650146484375, 98%=-2134.93994140625
ranking_best_algo: DiscreteLengler2OnePlusOne
ranking_best_score: 2617.04
ranking_my_rank: 131/504 (74.2%)
ranking_my_percent: 74.2063492063492
