ConfigName: kjsd__advperagentrankweighted__M4__L8__eps0p01__g0p0003__ds0p05__dm0p05
Problem: NK
Kernel: jsd
Advantage: peragentrankweighted
M: 4
lambda: 8
epsilon_svgd: 0.01
gamma: 0.0003
decay_start_ratio: 0.05
decay_min_factor: 0.05
bandwith_kernel: None
no_interact: False
avg_score: 0.7379345893859863
median_score: 0.7354633212089539
std_score: 0.029733339324593544
percentiles: 2%=0.6886624097824097, 5%=0.7015838623046875, 10%=0.7084888219833374, 25%=0.7179211974143982, 50%=0.7354633212089539, 75%=0.7516316175460815, 90%=0.7726132869720459, 95%=0.8044298887252808, 98%=0.8109490275382996
ranking_best_algo: CMApara
ranking_best_score: 0.7459277895312499
ranking_my_rank: 63/504 (87.7%)
ranking_my_percent: 87.6984126984127
