ConfigName: kjsd__advperagentrankweighted__M10__L24__eps0p005__g0p0005__ds0p3__dm0p05
Problem: NK
Kernel: jsd
Advantage: peragentrankweighted
M: 10
lambda: 24
epsilon_svgd: 0.005
gamma: 0.0005
decay_start_ratio: 0.3
decay_min_factor: 0.05
bandwith_kernel: None
no_interact: False
avg_score: 0.7276676297187805
median_score: 0.731351375579834
std_score: 0.02183707058429718
percentiles: 2%=0.6861125230789185, 5%=0.6947412490844727, 10%=0.6981579661369324, 25%=0.70942223072052, 50%=0.731351375579834, 75%=0.7480049729347229, 90%=0.7550939321517944, 95%=0.7578863501548767, 98%=0.7603556513786316
ranking_best_algo: Tabu
ranking_best_score: 0.7657846284375001
ranking_my_rank: 198/504 (60.9%)
ranking_my_percent: 60.91269841269841
