ConfigName: kjsd__advperagentrankweighted__M3__L24__eps0p007__g0p0005__ds0p05__dm0p05
Problem: NK
Kernel: jsd
Advantage: peragentrankweighted
M: 3
lambda: 24
epsilon_svgd: 0.007
gamma: 0.0005
decay_start_ratio: 0.05
decay_min_factor: 0.05
bandwith_kernel: None
no_interact: False
avg_score: 0.7069997191429138
median_score: 0.7095456123352051
std_score: 0.01173156127333641
percentiles: 2%=0.6882652640342712, 5%=0.6888172626495361, 10%=0.6919919848442078, 25%=0.6958053708076477, 50%=0.7095456123352051, 75%=0.7177314162254333, 90%=0.7206920385360718, 95%=0.7224686741828918, 98%=0.7237357497215271
ranking_best_algo: PBIL
ranking_best_score: 0.7013553837109374
ranking_my_rank: 1/504 (100.0%)
ranking_my_percent: 100.0
