ConfigName: krbf__advnormalizedfitness__M4__L15__eps0p033__g0p007__ds0p15__dm0p3
Problem: QUBO
Kernel: rbf
Advantage: normalizedfitness
M: 4
lambda: 15
epsilon_svgd: 0.033
gamma: 0.007
decay_start_ratio: 0.15
decay_min_factor: 0.3
bandwith_kernel: None
no_interact: False
avg_score: -412.9200134277344
median_score: -412.5
std_score: 31.369308471679688
percentiles: 2%=-471.0400085449219, 5%=-461.0, 10%=-455.0, 25%=-436.25, 50%=-412.5, 75%=-390.0, 90%=-371.70001220703125, 95%=-361.0, 98%=-358.9599914550781
ranking_best_algo: CMAL3
ranking_best_score: 435.36
ranking_my_rank: 138/504 (72.8%)
ranking_my_percent: 72.81746031746032
