ConfigName: krbf__advnormalizedfitness__M2__L8__eps0p015__g0p01__ds0p15__dm0p01
Problem: QUBO
Kernel: rbf
Advantage: normalizedfitness
M: 2
lambda: 8
epsilon_svgd: 0.015
gamma: 0.01
decay_start_ratio: 0.15
decay_min_factor: 0.01
bandwith_kernel: None
no_interact: False
avg_score: -430.6400146484375
median_score: -428.0
std_score: 26.042856216430664
percentiles: 2%=-477.0799865722656, 5%=-475.0, 10%=-469.20001220703125, 25%=-447.25, 50%=-428.0, 75%=-412.5, 90%=-400.5, 95%=-385.95001220703125, 98%=-377.9200134277344
ranking_best_algo: CMAL3
ranking_best_score: 435.36
ranking_my_rank: 8/504 (98.6%)
ranking_my_percent: 98.61111111111111
