ConfigName: krbf__advnormalizedfitness__M3__L15__eps0p025__g0p015__ds0p15__dm0p3
Problem: QUBO
Kernel: rbf
Advantage: normalizedfitness
M: 3
lambda: 15
epsilon_svgd: 0.025
gamma: 0.015
decay_start_ratio: 0.15
decay_min_factor: 0.3
bandwith_kernel: None
no_interact: False
avg_score: -320.3599853515625
median_score: -321.5
std_score: 21.32112693786621
percentiles: 2%=-357.0, 5%=-350.1499938964844, 10%=-350.0, 25%=-340.0, 50%=-321.5, 75%=-305.75, 90%=-292.0, 95%=-284.0, 98%=-281.9599914550781
ranking_best_algo: CMApara
ranking_best_score: 344.22
ranking_my_rank: 165/504 (67.5%)
ranking_my_percent: 67.46031746031746
