ConfigName: kjsd__advperagentrankweighted__M5__L10__eps0p02__g0p0005__ds0p05__dm0p05
Problem: QUBO
Kernel: jsd
Advantage: peragentrankweighted
M: 5
lambda: 10
epsilon_svgd: 0.02
gamma: 0.0005
decay_start_ratio: 0.05
decay_min_factor: 0.05
bandwith_kernel: None
no_interact: False
avg_score: -2559.320068359375
median_score: -2540.5
std_score: 117.23368835449219
percentiles: 2%=-2801.760009765625, 5%=-2766.050048828125, 10%=-2723.10009765625, 25%=-2628.75, 50%=-2540.5, 75%=-2475.5, 90%=-2427.800048828125, 95%=-2383.39990234375, 98%=-2335.5400390625
ranking_best_algo: SVM1MetaModelLogNormal
ranking_best_score: 2605.14
ranking_my_rank: 40/504 (92.3%)
ranking_my_percent: 92.26190476190476
