ConfigName: krbf__advnormalizedfitness__M4__L10__eps0p015__g0p01__ds0p01__dm0p01
Problem: QUBO
Kernel: rbf
Advantage: normalizedfitness
M: 4
lambda: 10
epsilon_svgd: 0.015
gamma: 0.01
decay_start_ratio: 0.01
decay_min_factor: 0.01
bandwith_kernel: None
no_interact: False
avg_score: -896.52001953125
median_score: -892.0
std_score: 76.43395233154297
percentiles: 2%=-1058.0799560546875, 5%=-1043.3499755859375, 10%=-984.0, 25%=-953.5, 50%=-892.0, 75%=-833.0, 90%=-812.300048828125, 95%=-787.9500122070312, 98%=-766.7999267578125
ranking_best_algo: CMApara
ranking_best_score: 964.9
ranking_my_rank: 159/504 (68.7%)
ranking_my_percent: 68.65079365079364
