ConfigName: kjsd__advperagentrankweighted__M3__L16__eps0p01__g0p003__ds0p2__dm0p2
Problem: QUBO
Kernel: jsd
Advantage: peragentrankweighted
M: 3
lambda: 16
epsilon_svgd: 0.01
gamma: 0.003
decay_start_ratio: 0.2
decay_min_factor: 0.2
bandwith_kernel: None
no_interact: False
avg_score: -416.6199951171875
median_score: -418.0
std_score: 26.91274070739746
percentiles: 2%=-459.2799987792969, 5%=-457.1000061035156, 10%=-454.0, 25%=-435.75, 50%=-418.0, 75%=-395.5, 90%=-380.0, 95%=-378.0, 98%=-363.9599914550781
ranking_best_algo: Tabu
ranking_best_score: 438.12
ranking_my_rank: 43/504 (91.7%)
ranking_my_percent: 91.66666666666667
