ConfigName: kjsd__advperagentrankweighted__M5__L10__eps0p01__g0p0005__ds0p4__dm0p2
Problem: QUBO
Kernel: jsd
Advantage: peragentrankweighted
M: 5
lambda: 10
epsilon_svgd: 0.01
gamma: 0.0005
decay_start_ratio: 0.4
decay_min_factor: 0.2
bandwith_kernel: None
no_interact: False
avg_score: -413.1600036621094
median_score: -410.0
std_score: 24.227554321289062
percentiles: 2%=-473.0400085449219, 5%=-454.0, 10%=-441.3999938964844, 25%=-428.25, 50%=-410.0, 75%=-398.0, 90%=-381.79998779296875, 95%=-375.79998779296875, 98%=-371.9200134277344
ranking_best_algo: Tabu
ranking_best_score: 438.12
ranking_my_rank: 59/504 (88.5%)
ranking_my_percent: 88.4920634920635
