ConfigName: kjsd__advperagentrankweighted__M5__L10__eps0p01__g0p0005__ds0p4__dm0p2
Problem: NK
Kernel: jsd
Advantage: peragentrankweighted
M: 5
lambda: 10
epsilon_svgd: 0.01
gamma: 0.0005
decay_start_ratio: 0.4
decay_min_factor: 0.2
bandwith_kernel: None
no_interact: False
avg_score: 0.7368287444114685
median_score: 0.7376368641853333
std_score: 0.008951367810368538
percentiles: 2%=0.7196425199508667, 5%=0.720586895942688, 10%=0.7231727242469788, 25%=0.7309892773628235, 50%=0.7376368641853333, 75%=0.7449976801872253, 90%=0.7467669248580933, 95%=0.748029887676239, 98%=0.7516072392463684
ranking_best_algo: PBIL
ranking_best_score: 0.730509098125
ranking_my_rank: 1/504 (100.0%)
ranking_my_percent: 100.0
