ConfigName: kjsd__advperagentrankweighted__M3__L16__eps0p005__g0p003__ds0p2__dm0p2
Problem: QUBO
Kernel: jsd
Advantage: peragentrankweighted
M: 3
lambda: 16
epsilon_svgd: 0.005
gamma: 0.003
decay_start_ratio: 0.2
decay_min_factor: 0.2
bandwith_kernel: None
no_interact: False
avg_score: -1299.0400390625
median_score: -1297.0
std_score: 120.856689453125
percentiles: 2%=-1529.0400390625, 5%=-1511.0999755859375, 10%=-1476.199951171875, 25%=-1376.25, 50%=-1297.0, 75%=-1220.25, 90%=-1137.699951171875, 95%=-1105.0, 98%=-1089.699951171875
ranking_best_algo: NLOPT_LN_PRAXIS
ranking_best_score: 1607.12
ranking_my_rank: 200/504 (60.5%)
ranking_my_percent: 60.51587301587302
