ConfigName: kjsd__advperagentrankweighted__M4__L8__eps0p005__g0p0003__ds0p4__dm0p05
Problem: QUBO
Kernel: jsd
Advantage: peragentrankweighted
M: 4
lambda: 8
epsilon_svgd: 0.005
gamma: 0.0003
decay_start_ratio: 0.4
decay_min_factor: 0.05
bandwith_kernel: None
no_interact: False
avg_score: -199.5
median_score: -199.5
std_score: 12.590075492858887
percentiles: 2%=-222.0399932861328, 5%=-220.0500030517578, 10%=-215.1999969482422, 25%=-207.25, 50%=-199.5, 75%=-192.75, 90%=-183.8000030517578, 95%=-172.9499969482422, 98%=-171.0
ranking_best_algo: Tabu
ranking_best_score: 208.36000000000004
ranking_my_rank: 84/504 (83.5%)
ranking_my_percent: 83.53174603174604
