ConfigName: kjsd__advperagentrankweighted__M4__L12__eps0p005__g0p0007__ds0p1__dm0p2
Problem: QUBO
Kernel: jsd
Advantage: peragentrankweighted
M: 4
lambda: 12
epsilon_svgd: 0.005
gamma: 0.0007
decay_start_ratio: 0.1
decay_min_factor: 0.2
bandwith_kernel: None
no_interact: False
avg_score: -149.6199951171875
median_score: -150.0
std_score: 14.339303016662598
percentiles: 2%=-179.0, 5%=-179.0, 10%=-165.5, 25%=-155.0, 50%=-150.0, 75%=-141.0, 90%=-134.89999389648438, 95%=-128.8000030517578, 98%=-115.0
ranking_best_algo: CMApara
ranking_best_score: 154.28
ranking_my_rank: 76/504 (85.1%)
ranking_my_percent: 85.11904761904762
