ConfigName: kfr__advglobalrankweighted__M3__L9__eps0p01__g0p005__ds0p01__dm0p01
Problem: QUBO
Kernel: fr
Advantage: globalrankweighted
M: 3
lambda: 9
epsilon_svgd: 0.01
gamma: 0.005
decay_start_ratio: 0.01
decay_min_factor: 0.01
bandwith_kernel: None
no_interact: False
avg_score: -1289.9000244140625
median_score: -1290.5
std_score: 71.6829833984375
percentiles: 2%=-1429.199951171875, 5%=-1411.4000244140625, 10%=-1380.300048828125, 25%=-1341.5, 50%=-1290.5, 75%=-1235.75, 90%=-1194.800048828125, 95%=-1167.0, 98%=-1160.97998046875
ranking_best_algo: BigLognormalDiscreteOnePlusOne
ranking_best_score: 1301.3600000000004
ranking_my_rank: 3/504 (99.6%)
ranking_my_percent: 99.60317460317461
