ConfigName: kjsd__advperagentrankweighted__M6__L24__eps0p005__g0p0005__ds0p05__dm0p05
Problem: NK
Kernel: jsd
Advantage: peragentrankweighted
M: 6
lambda: 24
epsilon_svgd: 0.005
gamma: 0.0005
decay_start_ratio: 0.05
decay_min_factor: 0.05
bandwith_kernel: None
no_interact: False
avg_score: 0.7374290227890015
median_score: 0.7385355830192566
std_score: 0.008922034874558449
percentiles: 2%=0.7195199728012085, 5%=0.7222707271575928, 10%=0.7235023975372314, 25%=0.7317847609519958, 50%=0.7385355830192566, 75%=0.7435373067855835, 90%=0.7482560276985168, 95%=0.751983106136322, 98%=0.7539546489715576
ranking_best_algo: PBIL
ranking_best_score: 0.730509098125
ranking_my_rank: 1/504 (100.0%)
ranking_my_percent: 100.0
