ConfigName: krbf__advnormalizedfitness__M4__L12__eps0p015__g0p005__ds0p01__dm0p01
Problem: QUBO
Kernel: rbf
Advantage: normalizedfitness
M: 4
lambda: 12
epsilon_svgd: 0.015
gamma: 0.005
decay_start_ratio: 0.01
decay_min_factor: 0.01
bandwith_kernel: None
no_interact: False
avg_score: -140.33999633789062
median_score: -143.0
std_score: 11.02199649810791
percentiles: 2%=-158.0399932861328, 5%=-157.0, 10%=-156.0, 25%=-147.5, 50%=-143.0, 75%=-131.0, 90%=-125.9000015258789, 95%=-122.85001373291016, 98%=-117.0
ranking_best_algo: DiscreteDE
ranking_best_score: 143.4
ranking_my_rank: 78/504 (84.7%)
ranking_my_percent: 84.72222222222223
