ConfigName: kjsd__advperagentrankweighted__M6__L24__eps0p008__g0p0005__ds0p3__dm0p05
Problem: QUBO
Kernel: jsd
Advantage: peragentrankweighted
M: 6
lambda: 24
epsilon_svgd: 0.008
gamma: 0.0005
decay_start_ratio: 0.3
decay_min_factor: 0.05
bandwith_kernel: None
no_interact: False
avg_score: -937.0599975585938
median_score: -930.5
std_score: 65.01212310791016
percentiles: 2%=-1070.1199951171875, 5%=-1058.25, 10%=-1036.5999755859375, 25%=-970.75, 50%=-930.5, 75%=-891.5, 90%=-858.7999877929688, 95%=-849.6500244140625, 98%=-814.8800048828125
ranking_best_algo: CMApara
ranking_best_score: 964.9
ranking_my_rank: 9/504 (98.4%)
ranking_my_percent: 98.41269841269842
