ConfigName: krbf__advnormalizedfitness__M4__L15__eps0p025__g0p015__ds0p01__dm0p3
Problem: NK
Kernel: rbf
Advantage: normalizedfitness
M: 4
lambda: 15
epsilon_svgd: 0.025
gamma: 0.015
decay_start_ratio: 0.01
decay_min_factor: 0.3
bandwith_kernel: None
no_interact: False
avg_score: 0.5999867916107178
median_score: 0.59898442029953
std_score: 0.007358363829553127
percentiles: 2%=0.5878654718399048, 5%=0.5885166525840759, 10%=0.5903743505477905, 25%=0.5945392847061157, 50%=0.59898442029953, 75%=0.6055061221122742, 90%=0.6090153455734253, 95%=0.6135357618331909, 98%=0.6143869161605835
ranking_best_algo: PBIL
ranking_best_score: 0.733570253046875
ranking_my_rank: 371/504 (26.6%)
ranking_my_percent: 26.58730158730159
