ConfigName: krbf__advnormalizedfitness__M1__L10__eps0p015__g0p015__ds0p01__dm0p01
Problem: NK
Kernel: rbf
Advantage: normalizedfitness
M: 1
lambda: 10
epsilon_svgd: 0.015
gamma: 0.015
decay_start_ratio: 0.01
decay_min_factor: 0.01
bandwith_kernel: None
no_interact: False
avg_score: 0.7105807662010193
median_score: 0.6994725465774536
std_score: 0.03159644082188606
percentiles: 2%=0.6723422408103943, 5%=0.6742277145385742, 10%=0.6778313517570496, 25%=0.6814378499984741, 50%=0.6994725465774536, 75%=0.747138500213623, 90%=0.7525795102119446, 95%=0.7613165378570557, 98%=0.7613165378570557
ranking_best_algo: CMApara
ranking_best_score: 0.7118996098437498
ranking_my_rank: 20/504 (96.2%)
ranking_my_percent: 96.23015873015873
