ConfigName: krbf__advnormalizedfitness__M4__L15__eps0p033__g0p005__ds0p15__dm0p3
Problem: QUBO
Kernel: rbf
Advantage: normalizedfitness
M: 4
lambda: 15
epsilon_svgd: 0.033
gamma: 0.005
decay_start_ratio: 0.15
decay_min_factor: 0.3
bandwith_kernel: None
no_interact: False
avg_score: -2273.06005859375
median_score: -2258.5
std_score: 183.3121795654297
percentiles: 2%=-2672.5400390625, 5%=-2595.14990234375, 10%=-2514.800048828125, 25%=-2404.75, 50%=-2258.5, 75%=-2133.25, 90%=-2043.9000244140625, 95%=-2004.949951171875, 98%=-1976.4598388671875
ranking_best_algo: SVM1MetaModelLogNormal
ranking_best_score: 2605.14
ranking_my_rank: 158/504 (68.8%)
ranking_my_percent: 68.84920634920636
