ConfigName: kfr__advglobalrankweighted__M4__L10__eps0p01__g0p007__ds0p01__dm0p01
Problem: QUBO
Kernel: fr
Advantage: globalrankweighted
M: 4
lambda: 10
epsilon_svgd: 0.01
gamma: 0.007
decay_start_ratio: 0.01
decay_min_factor: 0.01
bandwith_kernel: None
no_interact: False
avg_score: -1435.800048828125
median_score: -1430.5
std_score: 73.7293701171875
percentiles: 2%=-1575.219970703125, 5%=-1556.0999755859375, 10%=-1546.300048828125, 25%=-1487.75, 50%=-1430.5, 75%=-1383.0, 90%=-1348.800048828125, 95%=-1326.8499755859375, 98%=-1302.6600341796875
ranking_best_algo: NLOPT_LN_PRAXIS
ranking_best_score: 1607.12
ranking_my_rank: 91/504 (82.1%)
ranking_my_percent: 82.14285714285714
