ConfigName: kjsd__advperagentrankweighted__M3__L20__eps0p01__g0p0005__ds0p1__dm0p2
Problem: QUBO
Kernel: jsd
Advantage: peragentrankweighted
M: 3
lambda: 20
epsilon_svgd: 0.01
gamma: 0.0005
decay_start_ratio: 0.1
decay_min_factor: 0.2
bandwith_kernel: None
no_interact: False
avg_score: -1303.8399658203125
median_score: -1303.5
std_score: 62.5721549987793
percentiles: 2%=-1426.300048828125, 5%=-1395.0999755859375, 10%=-1380.199951171875, 25%=-1349.25, 50%=-1303.5, 75%=-1265.0, 90%=-1224.800048828125, 95%=-1201.949951171875, 98%=-1165.93994140625
ranking_best_algo: BigLognormalDiscreteOnePlusOne
ranking_best_score: 1301.3600000000004
ranking_my_rank: 1/504 (100.0%)
ranking_my_percent: 100.0
