ConfigName: kjsd__advperagentrankweighted__M4__L12__eps0p03__g0p0003__ds0p2__dm0p05
Problem: QUBO
Kernel: jsd
Advantage: peragentrankweighted
M: 4
lambda: 12
epsilon_svgd: 0.03
gamma: 0.0003
decay_start_ratio: 0.2
decay_min_factor: 0.05
bandwith_kernel: None
no_interact: False
avg_score: -321.0199890136719
median_score: -320.0
std_score: 22.8831729888916
percentiles: 2%=-361.2200012207031, 5%=-355.0, 10%=-350.0, 25%=-338.0, 50%=-320.0, 75%=-306.75, 90%=-293.0, 95%=-277.8999938964844, 98%=-273.9200134277344
ranking_best_algo: CMApara
ranking_best_score: 344.22
ranking_my_rank: 160/504 (68.5%)
ranking_my_percent: 68.45238095238095
