ConfigName: krbf__advnormalizedfitness__M2__L8__eps0p025__g0p01__ds0p15__dm0p3
Problem: QUBO
Kernel: rbf
Advantage: normalizedfitness
M: 2
lambda: 8
epsilon_svgd: 0.025
gamma: 0.01
decay_start_ratio: 0.15
decay_min_factor: 0.3
bandwith_kernel: None
no_interact: False
avg_score: -146.1999969482422
median_score: -146.0
std_score: 14.347124099731445
percentiles: 2%=-179.0, 5%=-179.0, 10%=-158.1999969482422, 25%=-154.25, 50%=-146.0, 75%=-139.0, 90%=-130.8000030517578, 95%=-122.94999694824219, 98%=-116.86000061035156
ranking_best_algo: CMApara
ranking_best_score: 154.28
ranking_my_rank: 126/504 (75.2%)
ranking_my_percent: 75.1984126984127
