ConfigName: krbf__advnormalizedfitness__M3__L15__eps0p025__g0p005__ds0p3__dm0p01
Problem: QUBO
Kernel: rbf
Advantage: normalizedfitness
M: 3
lambda: 15
epsilon_svgd: 0.025
gamma: 0.005
decay_start_ratio: 0.3
decay_min_factor: 0.01
bandwith_kernel: None
no_interact: False
avg_score: -443.6600036621094
median_score: -446.0
std_score: 24.977678298950195
percentiles: 2%=-483.0199890136719, 5%=-481.0, 10%=-477.0, 25%=-463.25, 50%=-446.0, 75%=-427.0, 90%=-409.8999938964844, 95%=-393.95001220703125, 98%=-390.94000244140625
ranking_best_algo: CMApara
ranking_best_score: 453.82
ranking_my_rank: 7/504 (98.8%)
ranking_my_percent: 98.80952380952381
