ConfigName: krbf__advnormalizedfitness__M4__L15__eps0p025__g0p007__ds0p3__dm0p01
Problem: QUBO
Kernel: rbf
Advantage: normalizedfitness
M: 4
lambda: 15
epsilon_svgd: 0.025
gamma: 0.007
decay_start_ratio: 0.3
decay_min_factor: 0.01
bandwith_kernel: None
no_interact: False
avg_score: -867.6599731445312
median_score: -863.5
std_score: 74.50868225097656
percentiles: 2%=-1017.260009765625, 5%=-1002.4500122070312, 10%=-963.4000244140625, 25%=-912.5, 50%=-863.5, 75%=-811.0, 90%=-780.7000122070312, 95%=-758.8500366210938, 98%=-736.9199829101562
ranking_best_algo: CMAL3
ranking_best_score: 928.5800000000002
ranking_my_rank: 174/504 (65.7%)
ranking_my_percent: 65.67460317460318
