ConfigName: kfr__advglobalrankweighted__M4__L10__eps0p02__g0p005__ds0p01__dm0p01
Problem: QUBO
Kernel: fr
Advantage: globalrankweighted
M: 4
lambda: 10
epsilon_svgd: 0.02
gamma: 0.005
decay_start_ratio: 0.01
decay_min_factor: 0.01
bandwith_kernel: None
no_interact: False
avg_score: -417.760009765625
median_score: -414.0
std_score: 26.9195556640625
percentiles: 2%=-473.239990234375, 5%=-465.29998779296875, 10%=-453.1000061035156, 25%=-434.0, 50%=-414.0, 75%=-398.0, 90%=-386.0, 95%=-381.8999938964844, 98%=-365.8399963378906
ranking_best_algo: Tabu
ranking_best_score: 438.12
ranking_my_rank: 40/504 (92.3%)
ranking_my_percent: 92.26190476190476
