ConfigName: krbf__advnormalizedfitness__M4__L15__eps0p015__g0p01__ds0p3__dm0p01
Problem: QUBO
Kernel: rbf
Advantage: normalizedfitness
M: 4
lambda: 15
epsilon_svgd: 0.015
gamma: 0.01
decay_start_ratio: 0.3
decay_min_factor: 0.01
bandwith_kernel: None
no_interact: False
avg_score: -286.6000061035156
median_score: -285.0
std_score: 40.718055725097656
percentiles: 2%=-374.1199951171875, 5%=-368.1000061035156, 10%=-336.0, 25%=-316.0, 50%=-285.0, 75%=-254.75, 90%=-237.0, 95%=-231.60003662109375, 98%=-221.97999572753906
ranking_best_algo: CMApara
ranking_best_score: 319.29999999999995
ranking_my_rank: 317/504 (37.3%)
ranking_my_percent: 37.301587301587304
