ConfigName: krbf__advnormalizedfitness__M4__L12__eps0p033__g0p015__ds0p15__dm0p01
Problem: QUBO
Kernel: rbf
Advantage: normalizedfitness
M: 4
lambda: 12
epsilon_svgd: 0.033
gamma: 0.015
decay_start_ratio: 0.15
decay_min_factor: 0.01
bandwith_kernel: None
no_interact: False
avg_score: -1281.47998046875
median_score: -1287.0
std_score: 118.13394165039062
percentiles: 2%=-1498.8599853515625, 5%=-1491.199951171875, 10%=-1433.199951171875, 25%=-1353.5, 50%=-1287.0, 75%=-1195.25, 90%=-1138.5, 95%=-1095.1500244140625, 98%=-1072.93994140625
ranking_best_algo: NLOPT_LN_PRAXIS
ranking_best_score: 1607.12
ranking_my_rank: 204/504 (59.7%)
ranking_my_percent: 59.72222222222222
