ConfigName: krbf__advnormalizedfitness__M1__L8__eps0p015__g0p015__ds0p3__dm0p3
Problem: QUBO
Kernel: rbf
Advantage: normalizedfitness
M: 1
lambda: 8
epsilon_svgd: 0.015
gamma: 0.015
decay_start_ratio: 0.3
decay_min_factor: 0.3
bandwith_kernel: None
no_interact: False
avg_score: -2549.360107421875
median_score: -2535.0
std_score: 134.7815704345703
percentiles: 2%=-2818.300048828125, 5%=-2802.050048828125, 10%=-2751.199951171875, 25%=-2635.25, 50%=-2535.0, 75%=-2447.0, 90%=-2404.60009765625, 95%=-2361.300048828125, 98%=-2316.059814453125
ranking_best_algo: SVM1MetaModelLogNormal
ranking_best_score: 2605.14
ranking_my_rank: 41/504 (92.1%)
ranking_my_percent: 92.06349206349206
