ConfigName: kjsd__advperagentrankweighted__M4__L10__eps0p01__g0p0005__ds0p2__dm0p05
Problem: NK
Kernel: jsd
Advantage: peragentrankweighted
M: 4
lambda: 10
epsilon_svgd: 0.01
gamma: 0.0005
decay_start_ratio: 0.2
decay_min_factor: 0.05
bandwith_kernel: None
no_interact: False
avg_score: 0.705732524394989
median_score: 0.7075060606002808
std_score: 0.01178116537630558
percentiles: 2%=0.6851772665977478, 5%=0.6860067248344421, 10%=0.6896468997001648, 25%=0.6953054666519165, 50%=0.7075060606002808, 75%=0.7159820795059204, 90%=0.7203981280326843, 95%=0.7226939797401428, 98%=0.7230538725852966
ranking_best_algo: PBIL
ranking_best_score: 0.7013553837109374
ranking_my_rank: 1/504 (100.0%)
ranking_my_percent: 100.0
