ConfigName: kjsd__advperagentrankweighted__M4__L20__eps0p007__g0p0005__ds0p05__dm0p2
Problem: QUBO
Kernel: jsd
Advantage: peragentrankweighted
M: 4
lambda: 20
epsilon_svgd: 0.007
gamma: 0.0005
decay_start_ratio: 0.05
decay_min_factor: 0.2
bandwith_kernel: None
no_interact: False
avg_score: -585.4199829101562
median_score: -584.0
std_score: 27.581579208374023
percentiles: 2%=-633.0, 5%=-629.0, 10%=-624.0999755859375, 25%=-607.0, 50%=-584.0, 75%=-567.75, 90%=-546.9000244140625, 95%=-537.9000244140625, 98%=-532.9400024414062
ranking_best_algo: Tabu
ranking_best_score: 588.7199999999999
ranking_my_rank: 5/503 (99.2%)
ranking_my_percent: 99.20477137176938
