ConfigName: krbf__advnormalizedfitness__M5__L8__eps0p03__g0p005__ds0p15__dm0p05
Problem: QUBO
Kernel: rbf
Advantage: normalizedfitness
M: 5
lambda: 8
epsilon_svgd: 0.03
gamma: 0.005
decay_start_ratio: 0.15
decay_min_factor: 0.05
bandwith_kernel: None
no_interact: False
avg_score: -900.280029296875
median_score: -894.5
std_score: 58.48300552368164
percentiles: 2%=-1026.1800537109375, 5%=-992.25, 10%=-970.2000122070312, 25%=-942.0, 50%=-894.5, 75%=-860.75, 90%=-826.5999755859375, 95%=-810.75, 98%=-792.6599731445312
ranking_best_algo: CMAL3
ranking_best_score: 928.5800000000002
ranking_my_rank: 70/504 (86.3%)
ranking_my_percent: 86.30952380952381
