ConfigName: kjsd__advperagentrankweighted__M4__L12__eps0p02__g0p0005__ds0p05__dm0p05
Problem: QUBO
Kernel: jsd
Advantage: peragentrankweighted
M: 4
lambda: 12
epsilon_svgd: 0.02
gamma: 0.0005
decay_start_ratio: 0.05
decay_min_factor: 0.05
bandwith_kernel: None
no_interact: False
avg_score: -1178.699951171875
median_score: -1172.5
std_score: 57.77932357788086
percentiles: 2%=-1303.1199951171875, 5%=-1281.300048828125, 10%=-1256.0, 25%=-1215.25, 50%=-1172.5, 75%=-1140.5, 90%=-1108.0, 95%=-1094.6500244140625, 98%=-1078.52001953125
ranking_best_algo: Tabu
ranking_best_score: 1216.16
ranking_my_rank: 70/504 (86.3%)
ranking_my_percent: 86.30952380952381
