ConfigName: kfr__advglobalrankweighted__M4__L5__eps0p03__g0p005__ds0p01__dm0p01
Problem: NK
Kernel: fr
Advantage: globalrankweighted
M: 4
lambda: 5
epsilon_svgd: 0.03
gamma: 0.005
decay_start_ratio: 0.01
decay_min_factor: 0.01
bandwith_kernel: None
no_interact: False
avg_score: 0.7252609729766846
median_score: 0.7248241901397705
std_score: 0.008928374387323856
percentiles: 2%=0.7106252312660217, 5%=0.7115579843521118, 10%=0.7131618857383728, 25%=0.7189763784408569, 50%=0.7248241901397705, 75%=0.7313128709793091, 90%=0.7368107438087463, 95%=0.7394289970397949, 98%=0.7433996796607971
ranking_best_algo: Tabu
ranking_best_score: 0.7429702712499999
ranking_my_rank: 4/504 (99.4%)
ranking_my_percent: 99.4047619047619
