ConfigName: kjsd__advperagentrankweighted__M3__L16__eps0p005__g0p001__ds0p05__dm0p2
Problem: NK
Kernel: jsd
Advantage: peragentrankweighted
M: 3
lambda: 16
epsilon_svgd: 0.005
gamma: 0.001
decay_start_ratio: 0.05
decay_min_factor: 0.2
bandwith_kernel: None
no_interact: False
avg_score: 0.7075915336608887
median_score: 0.710103452205658
std_score: 0.01184410136193037
percentiles: 2%=0.6879242658615112, 5%=0.6891297101974487, 10%=0.6912545561790466, 25%=0.6965008974075317, 50%=0.710103452205658, 75%=0.7177363634109497, 90%=0.7217785120010376, 95%=0.722566545009613, 98%=0.7235192060470581
ranking_best_algo: PBIL
ranking_best_score: 0.7013553837109374
ranking_my_rank: 1/504 (100.0%)
ranking_my_percent: 100.0
