ConfigName: krbf__advnormalizedfitness__M4__L15__eps0p03__g0p005__ds0p05__dm0p05
Problem: QUBO
Kernel: rbf
Advantage: normalizedfitness
M: 4
lambda: 15
epsilon_svgd: 0.03
gamma: 0.005
decay_start_ratio: 0.05
decay_min_factor: 0.05
bandwith_kernel: None
no_interact: False
avg_score: -936.4000244140625
median_score: -930.0
std_score: 63.835567474365234
percentiles: 2%=-1060.280029296875, 5%=-1052.0999755859375, 10%=-1025.0999755859375, 25%=-979.25, 50%=-930.0, 75%=-896.5, 90%=-860.4000244140625, 95%=-842.1500244140625, 98%=-812.9600219726562
ranking_best_algo: CMApara
ranking_best_score: 964.9
ranking_my_rank: 10/504 (98.2%)
ranking_my_percent: 98.21428571428571
