ConfigName: kjsd__advperagentrankweighted__M3__L18__eps0p01__g0p0007__ds0p05__dm0p2
Problem: QUBO
Kernel: jsd
Advantage: peragentrankweighted
M: 3
lambda: 18
epsilon_svgd: 0.01
gamma: 0.0007
decay_start_ratio: 0.05
decay_min_factor: 0.2
bandwith_kernel: None
no_interact: False
avg_score: -2644.419921875
median_score: -2646.0
std_score: 138.16172790527344
percentiles: 2%=-2942.02001953125, 5%=-2875.39990234375, 10%=-2842.0, 25%=-2733.0, 50%=-2646.0, 75%=-2546.5, 90%=-2468.60009765625, 95%=-2421.550048828125, 98%=-2386.5400390625
ranking_best_algo: DiscreteLengler2OnePlusOne
ranking_best_score: 2617.04
ranking_my_rank: 1/504 (100.0%)
ranking_my_percent: 100.0
