ConfigName: krbf__advnormalizedfitness__M3__L8__eps0p025__g0p005__ds0p01__dm0p01
Problem: NK
Kernel: rbf
Advantage: normalizedfitness
M: 3
lambda: 8
epsilon_svgd: 0.025
gamma: 0.005
decay_start_ratio: 0.01
decay_min_factor: 0.01
bandwith_kernel: None
no_interact: False
avg_score: 0.7430108785629272
median_score: 0.7408133745193481
std_score: 0.029076501727104187
percentiles: 2%=0.6927338242530823, 5%=0.6959553956985474, 10%=0.7116638422012329, 25%=0.7199092507362366, 50%=0.7408133745193481, 75%=0.7580187320709229, 90%=0.7783300280570984, 95%=0.8044354319572449, 98%=0.8109671473503113
ranking_best_algo: CMApara
ranking_best_score: 0.7459277895312499
ranking_my_rank: 13/504 (97.6%)
ranking_my_percent: 97.61904761904762
