ConfigName: kjsd__advperagentrankweighted__M3__L20__eps0p01__g0p0005__ds0p1__dm0p2
Problem: QUBO
Kernel: jsd
Advantage: peragentrankweighted
M: 3
lambda: 20
epsilon_svgd: 0.01
gamma: 0.0005
decay_start_ratio: 0.1
decay_min_factor: 0.2
bandwith_kernel: None
no_interact: False
avg_score: -308.55999755859375
median_score: -309.0
std_score: 38.16708755493164
percentiles: 2%=-396.0400085449219, 5%=-386.0, 10%=-355.79998779296875, 25%=-330.5, 50%=-309.0, 75%=-274.75, 90%=-266.0, 95%=-261.95001220703125, 98%=-255.83999633789062
ranking_best_algo: CMApara
ranking_best_score: 319.29999999999995
ranking_my_rank: 88/504 (82.7%)
ranking_my_percent: 82.73809523809524
