ConfigName: krbf__advnormalizedfitness__M1__L10__eps0p015__g0p015__ds0p15__dm0p01
Problem: QUBO
Kernel: rbf
Advantage: normalizedfitness
M: 1
lambda: 10
epsilon_svgd: 0.015
gamma: 0.015
decay_start_ratio: 0.15
decay_min_factor: 0.01
bandwith_kernel: None
no_interact: False
avg_score: -1297.8199462890625
median_score: -1298.0
std_score: 55.41468811035156
percentiles: 2%=-1423.0799560546875, 5%=-1400.449951171875, 10%=-1358.800048828125, 25%=-1332.25, 50%=-1298.0, 75%=-1265.0, 90%=-1218.800048828125, 95%=-1209.8499755859375, 98%=-1184.760009765625
ranking_best_algo: BigLognormalDiscreteOnePlusOne
ranking_best_score: 1301.3600000000004
ranking_my_rank: 2/504 (99.8%)
ranking_my_percent: 99.8015873015873
