ConfigName: kjsd__advperagentrankweighted__M3__L20__eps0p01__g0p0005__ds0p2__dm0p1
Problem: QUBO
Kernel: jsd
Advantage: peragentrankweighted
M: 3
lambda: 20
epsilon_svgd: 0.01
gamma: 0.0005
decay_start_ratio: 0.2
decay_min_factor: 0.1
bandwith_kernel: None
no_interact: False
avg_score: -2599.47998046875
median_score: -2581.0
std_score: 128.26553344726562
percentiles: 2%=-2867.06005859375, 5%=-2812.25, 10%=-2777.800048828125, 25%=-2703.25, 50%=-2581.0, 75%=-2503.5, 90%=-2458.10009765625, 95%=-2404.25, 98%=-2347.56005859375
ranking_best_algo: SVM1MetaModelLogNormal
ranking_best_score: 2605.14
ranking_my_rank: 2/504 (99.8%)
ranking_my_percent: 99.8015873015873
