ConfigName: kjsd__advperagentrankweighted__M3__L18__eps0p007__g0p003__ds0p05__dm0p1
Problem: QUBO
Kernel: jsd
Advantage: peragentrankweighted
M: 3
lambda: 18
epsilon_svgd: 0.007
gamma: 0.003
decay_start_ratio: 0.05
decay_min_factor: 0.1
bandwith_kernel: None
no_interact: False
avg_score: -438.5
median_score: -437.0
std_score: 23.33216667175293
percentiles: 2%=-487.1000061035156, 5%=-472.04998779296875, 10%=-469.0, 25%=-457.25, 50%=-437.0, 75%=-419.75, 90%=-408.8999938964844, 95%=-405.8999938964844, 98%=-401.9599914550781
ranking_best_algo: CMApara
ranking_best_score: 453.82
ranking_my_rank: 19/504 (96.4%)
ranking_my_percent: 96.42857142857143
