ConfigName: kjsd__advperagentrankweighted__M3__L16__eps0p007__g0p0007__ds0p2__dm0p1
Problem: QUBO
Kernel: jsd
Advantage: peragentrankweighted
M: 3
lambda: 16
epsilon_svgd: 0.007
gamma: 0.0007
decay_start_ratio: 0.2
decay_min_factor: 0.1
bandwith_kernel: None
no_interact: False
avg_score: -928.9600219726562
median_score: -930.5
std_score: 68.39720916748047
percentiles: 2%=-1068.1600341796875, 5%=-1048.050048828125, 10%=-1015.0999755859375, 25%=-970.25, 50%=-930.5, 75%=-879.5, 90%=-840.5999755859375, 95%=-813.9500122070312, 98%=-784.8400268554688
ranking_best_algo: CMApara
ranking_best_score: 964.9
ranking_my_rank: 21/504 (96.0%)
ranking_my_percent: 96.03174603174604
