ConfigName: kjsd__advperagentrankweighted__M3__L18__eps0p007__g0p0005__ds0p2__dm0p1
Problem: QUBO
Kernel: jsd
Advantage: peragentrankweighted
M: 3
lambda: 18
epsilon_svgd: 0.007
gamma: 0.0005
decay_start_ratio: 0.2
decay_min_factor: 0.1
bandwith_kernel: None
no_interact: False
avg_score: -440.20001220703125
median_score: -439.0
std_score: 25.735576629638672
percentiles: 2%=-487.1000061035156, 5%=-485.0, 10%=-472.29998779296875, 25%=-459.0, 50%=-439.0, 75%=-419.0, 90%=-406.0, 95%=-400.0, 98%=-393.9800109863281
ranking_best_algo: CMApara
ranking_best_score: 453.82
ranking_my_rank: 15/504 (97.2%)
ranking_my_percent: 97.22222222222223
