ConfigName: krbf__advnormalizedfitness__M4__L8__eps0p015__g0p007__ds0p01__dm0p01
Problem: NK
Kernel: rbf
Advantage: normalizedfitness
M: 4
lambda: 8
epsilon_svgd: 0.015
gamma: 0.007
decay_start_ratio: 0.01
decay_min_factor: 0.01
bandwith_kernel: None
no_interact: False
avg_score: 0.7537389397621155
median_score: 0.7558659315109253
std_score: 0.012141133658587933
percentiles: 2%=0.730373203754425, 5%=0.7351118922233582, 10%=0.7361311912536621, 25%=0.744903564453125, 50%=0.7558659315109253, 75%=0.7604325413703918, 90%=0.7684872150421143, 95%=0.771950900554657, 98%=0.7773923873901367
ranking_best_algo: Tabu
ranking_best_score: 0.7657846284375001
ranking_my_rank: 9/504 (98.4%)
ranking_my_percent: 98.41269841269842
