ConfigName: kjsd__advperagentrankweighted__M3__L20__eps0p007__g0p001__ds0p05__dm0p05
Problem: QUBO
Kernel: jsd
Advantage: peragentrankweighted
M: 3
lambda: 20
epsilon_svgd: 0.007
gamma: 0.001
decay_start_ratio: 0.05
decay_min_factor: 0.05
bandwith_kernel: None
no_interact: False
avg_score: -913.3800048828125
median_score: -909.0
std_score: 64.76136779785156
percentiles: 2%=-1044.239990234375, 5%=-1019.7999877929688, 10%=-1002.0999755859375, 25%=-959.5, 50%=-909.0, 75%=-870.0, 90%=-820.9000244140625, 95%=-814.8499755859375, 98%=-806.9600219726562
ranking_best_algo: CMAL3
ranking_best_score: 928.5800000000002
ranking_my_rank: 18/504 (96.6%)
ranking_my_percent: 96.62698412698413
