ConfigName: krbf__advnormalizedfitness__M3__L8__eps0p015__g0p007__ds0p15__dm0p01
Problem: QUBO
Kernel: rbf
Advantage: normalizedfitness
M: 3
lambda: 8
epsilon_svgd: 0.015
gamma: 0.007
decay_start_ratio: 0.15
decay_min_factor: 0.01
bandwith_kernel: None
no_interact: False
avg_score: -428.4599914550781
median_score: -428.0
std_score: 25.6995792388916
percentiles: 2%=-479.0400085449219, 5%=-475.1000061035156, 10%=-465.20001220703125, 25%=-446.25, 50%=-428.0, 75%=-409.75, 90%=-395.8999938964844, 95%=-386.95001220703125, 98%=-383.97998046875
ranking_best_algo: CMAL3
ranking_best_score: 435.36
ranking_my_rank: 15/504 (97.2%)
ranking_my_percent: 97.22222222222223
