ConfigName: kjsd__advperagentrankweighted__M4__L20__eps0p005__g0p0005__ds0p1__dm0p2
Problem: QUBO
Kernel: jsd
Advantage: peragentrankweighted
M: 4
lambda: 20
epsilon_svgd: 0.005
gamma: 0.0005
decay_start_ratio: 0.1
decay_min_factor: 0.2
bandwith_kernel: None
no_interact: False
avg_score: -430.1199951171875
median_score: -430.0
std_score: 26.658309936523438
percentiles: 2%=-483.0, 5%=-479.1000061035156, 10%=-467.0, 25%=-450.0, 50%=-430.0, 75%=-413.75, 90%=-394.8999938964844, 95%=-390.79998779296875, 98%=-378.94000244140625
ranking_best_algo: CMAL3
ranking_best_score: 435.36
ranking_my_rank: 9/504 (98.4%)
ranking_my_percent: 98.41269841269842
