ConfigName: kjsd__advperagentrankweighted__M3__L16__eps0p005__g0p0005__ds0p1__dm0p05
Problem: QUBO
Kernel: jsd
Advantage: peragentrankweighted
M: 3
lambda: 16
epsilon_svgd: 0.005
gamma: 0.0005
decay_start_ratio: 0.1
decay_min_factor: 0.05
bandwith_kernel: None
no_interact: False
avg_score: -912.0
median_score: -906.0
std_score: 64.9157943725586
percentiles: 2%=-1046.199951171875, 5%=-1025.449951171875, 10%=-995.2999877929688, 25%=-961.5, 50%=-906.0, 75%=-869.75, 90%=-829.4000244140625, 95%=-807.8499755859375, 98%=-790.760009765625
ranking_best_algo: CMAL3
ranking_best_score: 928.5800000000002
ranking_my_rank: 20/504 (96.2%)
ranking_my_percent: 96.23015873015873
