ConfigName: krbf__advnormalizedfitness__M4__L10__eps0p015__g0p007__ds0p01__dm0p01
Problem: NK
Kernel: rbf
Advantage: normalizedfitness
M: 4
lambda: 10
epsilon_svgd: 0.015
gamma: 0.007
decay_start_ratio: 0.01
decay_min_factor: 0.01
bandwith_kernel: None
no_interact: False
avg_score: 0.6742041707038879
median_score: 0.6724725365638733
std_score: 0.02036554552614689
percentiles: 2%=0.636709451675415, 5%=0.6420793533325195, 10%=0.6530684232711792, 25%=0.6608569025993347, 50%=0.6724725365638733, 75%=0.6848270893096924, 90%=0.6971322894096375, 95%=0.711097002029419, 98%=0.7232584357261658
ranking_best_algo: Tabu
ranking_best_score: 0.7429702712499999
ranking_my_rank: 307/504 (39.3%)
ranking_my_percent: 39.285714285714285
