ConfigName: krbf__advnormalizedfitness__M3__L8__eps0p025__g0p005__ds0p05__dm0p05
Problem: QUBO
Kernel: rbf
Advantage: normalizedfitness
M: 3
lambda: 8
epsilon_svgd: 0.025
gamma: 0.005
decay_start_ratio: 0.05
decay_min_factor: 0.05
bandwith_kernel: None
no_interact: False
avg_score: -1181.219970703125
median_score: -1179.5
std_score: 57.24239730834961
percentiles: 2%=-1307.0400390625, 5%=-1272.0, 10%=-1259.0, 25%=-1213.75, 50%=-1179.5, 75%=-1147.0, 90%=-1122.199951171875, 95%=-1078.0, 98%=-1064.8199462890625
ranking_best_algo: Tabu
ranking_best_score: 1216.16
ranking_my_rank: 66/504 (87.1%)
ranking_my_percent: 87.10317460317461
