ConfigName: kjsd__advperagentrankweighted__M3__L16__eps0p007__g0p0007__ds0p1__dm0p05
Problem: QUBO
Kernel: jsd
Advantage: peragentrankweighted
M: 3
lambda: 16
epsilon_svgd: 0.007
gamma: 0.0007
decay_start_ratio: 0.1
decay_min_factor: 0.05
bandwith_kernel: None
no_interact: False
avg_score: -1304.4200439453125
median_score: -1295.0
std_score: 55.48228454589844
percentiles: 2%=-1428.0999755859375, 5%=-1409.050048828125, 10%=-1373.199951171875, 25%=-1342.25, 50%=-1295.0, 75%=-1259.0, 90%=-1238.5999755859375, 95%=-1230.5, 98%=-1208.8599853515625
ranking_best_algo: BigLognormalDiscreteOnePlusOne
ranking_best_score: 1301.3600000000004
ranking_my_rank: 1/504 (100.0%)
ranking_my_percent: 100.0
