ConfigName: kjsd__advperagentrankweighted__M4__L10__eps0p03__g0p0003__ds0p2__dm0p05
Problem: QUBO
Kernel: jsd
Advantage: peragentrankweighted
M: 4
lambda: 10
epsilon_svgd: 0.03
gamma: 0.0003
decay_start_ratio: 0.2
decay_min_factor: 0.05
bandwith_kernel: None
no_interact: False
avg_score: -409.6000061035156
median_score: -410.5
std_score: 26.094444274902344
percentiles: 2%=-467.0400085449219, 5%=-455.20001220703125, 10%=-436.0, 25%=-428.25, 50%=-410.5, 75%=-392.75, 90%=-377.70001220703125, 95%=-361.0, 98%=-355.8800048828125
ranking_best_algo: CMAL3
ranking_best_score: 435.36
ranking_my_rank: 174/504 (65.7%)
ranking_my_percent: 65.67460317460318
