ConfigName: kjsd__advperagentrankweighted__M4__L10__eps0p03__g0p0005__ds0p05__dm0p05
Problem: QUBO
Kernel: jsd
Advantage: peragentrankweighted
M: 4
lambda: 10
epsilon_svgd: 0.03
gamma: 0.0005
decay_start_ratio: 0.05
decay_min_factor: 0.05
bandwith_kernel: None
no_interact: False
avg_score: -1557.6199951171875
median_score: -1547.0
std_score: 67.68895721435547
percentiles: 2%=-1693.239990234375, 5%=-1664.0, 10%=-1649.300048828125, 25%=-1603.5, 50%=-1547.0, 75%=-1512.5, 90%=-1482.4000244140625, 95%=-1458.8499755859375, 98%=-1421.8199462890625
ranking_best_algo: NLOPT_LN_PRAXIS
ranking_best_score: 1607.12
ranking_my_rank: 49/504 (90.5%)
ranking_my_percent: 90.47619047619048
