ConfigName: krbf__advnormalizedfitness__M2__L8__eps0p015__g0p01__ds0p15__dm0p3
Problem: QUBO
Kernel: rbf
Advantage: normalizedfitness
M: 2
lambda: 8
epsilon_svgd: 0.015
gamma: 0.01
decay_start_ratio: 0.15
decay_min_factor: 0.3
bandwith_kernel: None
no_interact: False
avg_score: -412.0799865722656
median_score: -414.0
std_score: 24.9093074798584
percentiles: 2%=-454.05999755859375, 5%=-452.1000061035156, 10%=-441.70001220703125, 25%=-427.25, 50%=-414.0, 75%=-399.5, 90%=-379.79998779296875, 95%=-367.70001220703125, 98%=-357.9599914550781
ranking_best_algo: Tabu
ranking_best_score: 438.12
ranking_my_rank: 72/504 (85.9%)
ranking_my_percent: 85.91269841269842
