ConfigName: kjsd__advperagentrankweighted__M4__L8__eps0p02__g0p0007__ds0p05__dm0p05
Problem: QUBO
Kernel: jsd
Advantage: peragentrankweighted
M: 4
lambda: 8
epsilon_svgd: 0.02
gamma: 0.0007
decay_start_ratio: 0.05
decay_min_factor: 0.05
bandwith_kernel: None
no_interact: False
avg_score: -3232.0400390625
median_score: -3207.5
std_score: 137.677001953125
percentiles: 2%=-3533.320068359375, 5%=-3499.050048828125, 10%=-3422.699951171875, 25%=-3325.25, 50%=-3207.5, 75%=-3138.0, 90%=-3068.60009765625, 95%=-3045.949951171875, 98%=-2997.800048828125
ranking_best_algo: RLSOnePlusOne
ranking_best_score: 3316.5199999999995
ranking_my_rank: 42/504 (91.9%)
ranking_my_percent: 91.86507936507937
