ConfigName: kfr__advglobalrankweighted__M4__L15__eps0p02__g0p007__ds0p01__dm0p01
Problem: QUBO
Kernel: fr
Advantage: globalrankweighted
M: 4
lambda: 15
epsilon_svgd: 0.02
gamma: 0.007
decay_start_ratio: 0.01
decay_min_factor: 0.01
bandwith_kernel: None
no_interact: False
avg_score: -309.4800109863281
median_score: -310.0
std_score: 35.487037658691406
percentiles: 2%=-392.0, 5%=-382.1000061035156, 10%=-359.0, 25%=-332.5, 50%=-310.0, 75%=-276.0, 90%=-269.8999938964844, 95%=-265.9000244140625, 98%=-263.9599914550781
ranking_best_algo: CMApara
ranking_best_score: 319.29999999999995
ranking_my_rank: 76/504 (85.1%)
ranking_my_percent: 85.11904761904762
