ConfigName: kjsd__advperagentrankweighted__M3__L24__eps0p005__g0p001__ds0p1__dm0p05
Problem: NK
Kernel: jsd
Advantage: peragentrankweighted
M: 3
lambda: 24
epsilon_svgd: 0.005
gamma: 0.001
decay_start_ratio: 0.1
decay_min_factor: 0.05
bandwith_kernel: None
no_interact: False
avg_score: 0.707550585269928
median_score: 0.7105085849761963
std_score: 0.011867037974298
percentiles: 2%=0.687836229801178, 5%=0.6892761588096619, 10%=0.6925246715545654, 25%=0.6961390972137451, 50%=0.7105085849761963, 75%=0.7178518772125244, 90%=0.7219171524047852, 95%=0.7241725325584412, 98%=0.7245627641677856
ranking_best_algo: PBIL
ranking_best_score: 0.7013553837109374
ranking_my_rank: 1/504 (100.0%)
ranking_my_percent: 100.0
