ConfigName: kjsd__advperagentrankweighted__M3__L16__eps0p01__g0p0007__ds0p1__dm0p2
Problem: NK
Kernel: jsd
Advantage: peragentrankweighted
M: 3
lambda: 16
epsilon_svgd: 0.01
gamma: 0.0007
decay_start_ratio: 0.1
decay_min_factor: 0.2
bandwith_kernel: None
no_interact: False
avg_score: 0.7330970168113708
median_score: 0.7343655824661255
std_score: 0.009186866693198681
percentiles: 2%=0.7135775685310364, 5%=0.719573438167572, 10%=0.7202126979827881, 25%=0.7271708250045776, 50%=0.7343655824661255, 75%=0.7393282055854797, 90%=0.7448365688323975, 95%=0.7472522258758545, 98%=0.7483736276626587
ranking_best_algo: PBIL
ranking_best_score: 0.7248786399609374
ranking_my_rank: 1/504 (100.0%)
ranking_my_percent: 100.0
