ConfigName: kjsd__advperagentrankweighted__M3__L20__eps0p007__g0p001__ds0p2__dm0p2
Problem: NK
Kernel: jsd
Advantage: peragentrankweighted
M: 3
lambda: 20
epsilon_svgd: 0.007
gamma: 0.001
decay_start_ratio: 0.2
decay_min_factor: 0.2
bandwith_kernel: None
no_interact: False
avg_score: 0.7075956463813782
median_score: 0.7098828554153442
std_score: 0.011786454357206821
percentiles: 2%=0.6875885128974915, 5%=0.68885338306427, 10%=0.6911875009536743, 25%=0.696555495262146, 50%=0.7098828554153442, 75%=0.7178959250450134, 90%=0.7213957905769348, 95%=0.7223702073097229, 98%=0.7237419486045837
ranking_best_algo: PBIL
ranking_best_score: 0.7013553837109374
ranking_my_rank: 1/504 (100.0%)
ranking_my_percent: 100.0
