ConfigName: kjsd__advperagentrankweighted__M3__L20__eps0p007__g0p001__ds0p05__dm0p1
Problem: QUBO
Kernel: jsd
Advantage: peragentrankweighted
M: 3
lambda: 20
epsilon_svgd: 0.007
gamma: 0.001
decay_start_ratio: 0.05
decay_min_factor: 0.1
bandwith_kernel: None
no_interact: False
avg_score: -935.1599731445312
median_score: -938.5
std_score: 66.71967315673828
percentiles: 2%=-1078.0, 5%=-1057.8499755859375, 10%=-1026.800048828125, 25%=-973.0, 50%=-938.5, 75%=-893.0, 90%=-847.0, 95%=-833.1500244140625, 98%=-800.9199829101562
ranking_best_algo: CMApara
ranking_best_score: 964.9
ranking_my_rank: 16/504 (97.0%)
ranking_my_percent: 97.02380952380952
