ConfigName: krbf__advnormalizedfitness__M3__L10__eps0p015__g0p015__ds0p01__dm0p01
Problem: QUBO
Kernel: rbf
Advantage: normalizedfitness
M: 3
lambda: 10
epsilon_svgd: 0.015
gamma: 0.015
decay_start_ratio: 0.01
decay_min_factor: 0.01
bandwith_kernel: None
no_interact: False
avg_score: -203.05999755859375
median_score: -202.0
std_score: 12.454573631286621
percentiles: 2%=-224.0, 5%=-222.10000610351562, 10%=-221.0, 25%=-213.0, 50%=-202.0, 75%=-194.75, 90%=-185.0, 95%=-182.0, 98%=-179.0
ranking_best_algo: Tabu
ranking_best_score: 208.36000000000004
ranking_my_rank: 25/504 (95.2%)
ranking_my_percent: 95.23809523809524
