ConfigName: kjsd__advperagentrankweighted__M3__L18__eps0p007__g0p0005__ds0p2__dm0p05
Problem: NK
Kernel: jsd
Advantage: peragentrankweighted
M: 3
lambda: 18
epsilon_svgd: 0.007
gamma: 0.0005
decay_start_ratio: 0.2
decay_min_factor: 0.05
bandwith_kernel: None
no_interact: False
avg_score: 0.7374011278152466
median_score: 0.7376699447631836
std_score: 0.01338349748402834
percentiles: 2%=0.7055806517601013, 5%=0.7146245837211609, 10%=0.7211477756500244, 25%=0.7295188903808594, 50%=0.7376699447631836, 75%=0.7467065453529358, 90%=0.7546300292015076, 95%=0.7580022215843201, 98%=0.7605394124984741
ranking_best_algo: Tabu
ranking_best_score: 0.7601875690625
ranking_my_rank: 20/504 (96.2%)
ranking_my_percent: 96.23015873015873
