ConfigName: kjsd__advperagentrankweighted__M3__L24__eps0p007__g0p0005__ds0p2__dm0p05
Problem: NK
Kernel: jsd
Advantage: peragentrankweighted
M: 3
lambda: 24
epsilon_svgd: 0.007
gamma: 0.0005
decay_start_ratio: 0.2
decay_min_factor: 0.05
bandwith_kernel: None
no_interact: False
avg_score: 0.754607081413269
median_score: 0.7539965510368347
std_score: 0.015387370251119137
percentiles: 2%=0.7266178131103516, 5%=0.7301257848739624, 10%=0.7343493700027466, 25%=0.7433275580406189, 50%=0.7539965510368347, 75%=0.7658045887947083, 90%=0.7761190533638, 95%=0.7785326242446899, 98%=0.7836179733276367
ranking_best_algo: Tabu
ranking_best_score: 0.7657846284375001
ranking_my_rank: 7/504 (98.8%)
ranking_my_percent: 98.80952380952381
