ConfigName: kjsd__advperagentrankweighted__M3__L16__eps0p005__g0p0007__ds0p2__dm0p1
Problem: NK
Kernel: jsd
Advantage: peragentrankweighted
M: 3
lambda: 16
epsilon_svgd: 0.005
gamma: 0.0007
decay_start_ratio: 0.2
decay_min_factor: 0.1
bandwith_kernel: None
no_interact: False
avg_score: 0.7579488158226013
median_score: 0.758298397064209
std_score: 0.011260341852903366
percentiles: 2%=0.7332080602645874, 5%=0.739215075969696, 10%=0.7439312934875488, 25%=0.7502907514572144, 50%=0.758298397064209, 75%=0.7650286555290222, 90%=0.7734978795051575, 95%=0.7755907773971558, 98%=0.7801464200019836
ranking_best_algo: Tabu
ranking_best_score: 0.7470791764843752
ranking_my_rank: 1/504 (100.0%)
ranking_my_percent: 100.0
