ConfigName: krbf__advnormalizedfitness__M4__L12__eps0p025__g0p005__ds0p3__dm0p01
Problem: NK
Kernel: rbf
Advantage: normalizedfitness
M: 4
lambda: 12
epsilon_svgd: 0.025
gamma: 0.005
decay_start_ratio: 0.3
decay_min_factor: 0.01
bandwith_kernel: None
no_interact: False
avg_score: 0.7323728203773499
median_score: 0.7313442230224609
std_score: 0.014622488059103489
percentiles: 2%=0.7048723101615906, 5%=0.7114741206169128, 10%=0.7160107493400574, 25%=0.7204292416572571, 50%=0.7313442230224609, 75%=0.7429349422454834, 90%=0.7509714365005493, 95%=0.7590181827545166, 98%=0.7628512978553772
ranking_best_algo: PBIL
ranking_best_score: 0.733570253046875
ranking_my_rank: 2/504 (99.8%)
ranking_my_percent: 99.8015873015873
