ConfigName: kjsd__advperagentrankweighted__M4__L12__eps0p005__g0p0007__ds0p2__dm0p05
Problem: NK
Kernel: jsd
Advantage: peragentrankweighted
M: 4
lambda: 12
epsilon_svgd: 0.005
gamma: 0.0007
decay_start_ratio: 0.2
decay_min_factor: 0.05
bandwith_kernel: None
no_interact: False
avg_score: 0.748658299446106
median_score: 0.7490168809890747
std_score: 0.009190664626657963
percentiles: 2%=0.7316734790802002, 5%=0.7324759364128113, 10%=0.735990047454834, 25%=0.7418155670166016, 50%=0.7490168809890747, 75%=0.755873441696167, 90%=0.7604929804801941, 95%=0.7615270018577576, 98%=0.764531672000885
ranking_best_algo: PBIL
ranking_best_score: 0.733570253046875
ranking_my_rank: 1/504 (100.0%)
ranking_my_percent: 100.0
