ConfigName: kjsd__advperagentrankweighted__M2__L20__eps0p005__g0p0005__ds0p1__dm0p05
Problem: QUBO
Kernel: jsd
Advantage: peragentrankweighted
M: 2
lambda: 20
epsilon_svgd: 0.005
gamma: 0.0005
decay_start_ratio: 0.1
decay_min_factor: 0.05
bandwith_kernel: None
no_interact: False
avg_score: -402.82000732421875
median_score: -403.0
std_score: 27.760540008544922
percentiles: 2%=-461.1600036621094, 5%=-449.1499938964844, 10%=-436.0, 25%=-422.0, 50%=-403.0, 75%=-384.0, 90%=-365.79998779296875, 95%=-355.8999938964844, 98%=-346.0
ranking_best_algo: Tabu
ranking_best_score: 438.12
ranking_my_rank: 217/504 (57.1%)
ranking_my_percent: 57.142857142857146
