ConfigName: kjsd__advperagentrankweighted__M3__L30__eps0p007__g0p001__ds0p2__dm0p2
Problem: QUBO
Kernel: jsd
Advantage: peragentrankweighted
M: 3
lambda: 30
epsilon_svgd: 0.007
gamma: 0.001
decay_start_ratio: 0.2
decay_min_factor: 0.2
bandwith_kernel: None
no_interact: False
avg_score: -1202.1400146484375
median_score: -1202.0
std_score: 66.72180938720703
percentiles: 2%=-1349.06005859375, 5%=-1315.199951171875, 10%=-1278.0, 25%=-1244.0, 50%=-1202.0, 75%=-1165.75, 90%=-1115.0, 95%=-1102.800048828125, 98%=-1079.8599853515625
ranking_best_algo: SVMMetaModelLogNormal
ranking_best_score: 1233.7999999999997
ranking_my_rank: 55/504 (89.3%)
ranking_my_percent: 89.28571428571429
