ConfigName: krbf__advnormalizedfitness__M4__L10__eps0p033__g0p007__ds0p15__dm0p01
Problem: QUBO
Kernel: rbf
Advantage: normalizedfitness
M: 4
lambda: 10
epsilon_svgd: 0.033
gamma: 0.007
decay_start_ratio: 0.15
decay_min_factor: 0.01
bandwith_kernel: None
no_interact: False
avg_score: -1181.47998046875
median_score: -1170.0
std_score: 81.98384094238281
percentiles: 2%=-1357.0999755859375, 5%=-1334.0999755859375, 10%=-1309.199951171875, 25%=-1222.75, 50%=-1170.0, 75%=-1130.5, 90%=-1085.5999755859375, 95%=-1059.550048828125, 98%=-1038.919921875
ranking_best_algo: SVMMetaModelLogNormal
ranking_best_score: 1233.7999999999997
ranking_my_rank: 65/504 (87.3%)
ranking_my_percent: 87.3015873015873
