ConfigName: kfr__advglobalrankweighted__M5__L9__eps0p02__g0p007__ds0p01__dm0p01
Problem: QUBO
Kernel: fr
Advantage: globalrankweighted
M: 5
lambda: 9
epsilon_svgd: 0.02
gamma: 0.007
decay_start_ratio: 0.01
decay_min_factor: 0.01
bandwith_kernel: None
no_interact: False
avg_score: -3020.320068359375
median_score: -3045.5
std_score: 148.63693237304688
percentiles: 2%=-3353.10009765625, 5%=-3247.0, 10%=-3182.10009765625, 25%=-3116.75, 50%=-3045.5, 75%=-2910.0, 90%=-2817.300048828125, 95%=-2780.650146484375, 98%=-2767.69970703125
ranking_best_algo: RLSOnePlusOne
ranking_best_score: 3316.5199999999995
ranking_my_rank: 129/504 (74.6%)
ranking_my_percent: 74.60317460317461
