ConfigName: krbf__advnormalizedfitness__M4__L12__eps0p015__g0p01__ds0p3__dm0p01
Problem: NK
Kernel: rbf
Advantage: normalizedfitness
M: 4
lambda: 12
epsilon_svgd: 0.015
gamma: 0.01
decay_start_ratio: 0.3
decay_min_factor: 0.01
bandwith_kernel: None
no_interact: False
avg_score: 0.6837738752365112
median_score: 0.6865956783294678
std_score: 0.012640627101063728
percentiles: 2%=0.6587665677070618, 5%=0.6643075346946716, 10%=0.6683501601219177, 25%=0.6717864274978638, 50%=0.6865956783294678, 75%=0.6946407556533813, 90%=0.6986445784568787, 95%=0.7014145851135254, 98%=0.7028560638427734
ranking_best_algo: PBIL
ranking_best_score: 0.7013553837109374
ranking_my_rank: 101/504 (80.2%)
ranking_my_percent: 80.15873015873017
