ConfigName: kjsd__advperagentrankweighted__M4__L24__eps0p005__g0p0007__ds0p4__dm0p05
Problem: NK
Kernel: jsd
Advantage: peragentrankweighted
M: 4
lambda: 24
epsilon_svgd: 0.005
gamma: 0.0007
decay_start_ratio: 0.4
decay_min_factor: 0.05
bandwith_kernel: None
no_interact: False
avg_score: 0.7569146156311035
median_score: 0.7573953866958618
std_score: 0.013326473534107208
percentiles: 2%=0.7294908165931702, 5%=0.736663281917572, 10%=0.7407126426696777, 25%=0.7467548847198486, 50%=0.7573953866958618, 75%=0.7660323977470398, 90%=0.7751345634460449, 95%=0.7776578068733215, 98%=0.7794930338859558
ranking_best_algo: Tabu
ranking_best_score: 0.7470791764843752
ranking_my_rank: 1/504 (100.0%)
ranking_my_percent: 100.0
