ConfigName: krbf__advnormalizedfitness__M2__L10__eps0p01__g0p007__ds0p01__dm0p01
Problem: QUBO
Kernel: rbf
Advantage: normalizedfitness
M: 2
lambda: 10
epsilon_svgd: 0.01
gamma: 0.007
decay_start_ratio: 0.01
decay_min_factor: 0.01
bandwith_kernel: None
no_interact: False
avg_score: -1624.6400146484375
median_score: -1625.5
std_score: 68.01272583007812
percentiles: 2%=-1754.1400146484375, 5%=-1744.0, 10%=-1719.300048828125, 25%=-1667.0, 50%=-1625.5, 75%=-1572.0, 90%=-1524.800048828125, 95%=-1514.800048828125, 98%=-1500.9599609375
ranking_best_algo: NLOPT_LN_PRAXIS
ranking_best_score: 1607.12
ranking_my_rank: 1/504 (100.0%)
ranking_my_percent: 100.0
