ConfigName: kjsd__advperagentrankweighted__M4__L20__eps0p007__g0p0005__ds0p2__dm0p05
Problem: NK
Kernel: jsd
Advantage: peragentrankweighted
M: 4
lambda: 20
epsilon_svgd: 0.007
gamma: 0.0005
decay_start_ratio: 0.2
decay_min_factor: 0.05
bandwith_kernel: None
no_interact: False
avg_score: 0.7078310251235962
median_score: 0.7101690769195557
std_score: 0.012018173933029175
percentiles: 2%=0.6874568462371826, 5%=0.6898296475410461, 10%=0.6923803687095642, 25%=0.6967475414276123, 50%=0.7101690769195557, 75%=0.7184042930603027, 90%=0.7214294075965881, 95%=0.724304735660553, 98%=0.7247087955474854
ranking_best_algo: PBIL
ranking_best_score: 0.7013553837109374
ranking_my_rank: 1/504 (100.0%)
ranking_my_percent: 100.0
