ConfigName: kjsd__advperagentrankweighted__M4__L24__eps0p01__g0p0005__ds0p05__dm0p05
Problem: QUBO
Kernel: jsd
Advantage: peragentrankweighted
M: 4
lambda: 24
epsilon_svgd: 0.01
gamma: 0.0005
decay_start_ratio: 0.05
decay_min_factor: 0.05
bandwith_kernel: None
no_interact: False
avg_score: -2620.39990234375
median_score: -2616.5
std_score: 122.20802307128906
percentiles: 2%=-2841.06005859375, 5%=-2819.300048828125, 10%=-2791.199951171875, 25%=-2707.25, 50%=-2616.5, 75%=-2532.5, 90%=-2451.800048828125, 95%=-2439.699951171875, 98%=-2405.39990234375
ranking_best_algo: SVM1MetaModelLogNormal
ranking_best_score: 2605.14
ranking_my_rank: 1/504 (100.0%)
ranking_my_percent: 100.0
