ConfigName: krbf__advnormalizedfitness__M3__L8__eps0p025__g0p01__ds0p05__dm0p05
Problem: NK
Kernel: rbf
Advantage: normalizedfitness
M: 3
lambda: 8
epsilon_svgd: 0.025
gamma: 0.01
decay_start_ratio: 0.05
decay_min_factor: 0.05
bandwith_kernel: None
no_interact: False
avg_score: 0.7547156810760498
median_score: 0.7567704319953918
std_score: 0.014057515189051628
percentiles: 2%=0.7211492657661438, 5%=0.7320250272750854, 10%=0.7376183271408081, 25%=0.7469844818115234, 50%=0.7567704319953918, 75%=0.7634141445159912, 90%=0.7707651257514954, 95%=0.7748886346817017, 98%=0.7830609679222107
ranking_best_algo: Tabu
ranking_best_score: 0.7657846284375001
ranking_my_rank: 7/504 (98.8%)
ranking_my_percent: 98.80952380952381
