ConfigName: kjsd__advperagentrankweighted__M4__L10__eps0p005__g0p0003__ds0p05__dm0p05
Problem: QUBO
Kernel: jsd
Advantage: peragentrankweighted
M: 4
lambda: 10
epsilon_svgd: 0.005
gamma: 0.0003
decay_start_ratio: 0.05
decay_min_factor: 0.05
bandwith_kernel: None
no_interact: False
avg_score: -1309.760009765625
median_score: -1311.5
std_score: 55.10065460205078
percentiles: 2%=-1418.3599853515625, 5%=-1405.1500244140625, 10%=-1384.300048828125, 25%=-1347.0, 50%=-1311.5, 75%=-1269.0, 90%=-1241.9000244140625, 95%=-1224.5, 98%=-1201.780029296875
ranking_best_algo: BigLognormalDiscreteOnePlusOne
ranking_best_score: 1301.3600000000004
ranking_my_rank: 1/504 (100.0%)
ranking_my_percent: 100.0
