ConfigName: kjsd__advperagentrankweighted__M4__L30__eps0p01__g0p0003__ds0p05__dm0p05
Problem: QUBO
Kernel: jsd
Advantage: peragentrankweighted
M: 4
lambda: 30
epsilon_svgd: 0.01
gamma: 0.0003
decay_start_ratio: 0.05
decay_min_factor: 0.05
bandwith_kernel: None
no_interact: False
avg_score: -585.280029296875
median_score: -585.0
std_score: 24.875722885131836
percentiles: 2%=-637.239990234375, 5%=-627.0, 10%=-621.0999755859375, 25%=-602.25, 50%=-585.0, 75%=-566.75, 90%=-553.7999877929688, 95%=-546.9000244140625, 98%=-541.9600219726562
ranking_best_algo: Tabu
ranking_best_score: 588.7199999999999
ranking_my_rank: 5/503 (99.2%)
ranking_my_percent: 99.20477137176938
