ConfigName: krbf__advnormalizedfitness__M4__L15__eps0p025__g0p007__ds0p3__dm0p3
Problem: NK
Kernel: rbf
Advantage: normalizedfitness
M: 4
lambda: 15
epsilon_svgd: 0.025
gamma: 0.007
decay_start_ratio: 0.3
decay_min_factor: 0.3
bandwith_kernel: None
no_interact: False
avg_score: 0.6572303175926208
median_score: 0.6558635234832764
std_score: 0.013225063681602478
percentiles: 2%=0.6317390203475952, 5%=0.6380913257598877, 10%=0.6417955756187439, 25%=0.6486400961875916, 50%=0.6558635234832764, 75%=0.6648925542831421, 90%=0.6728522181510925, 95%=0.6820727586746216, 98%=0.6894164085388184
ranking_best_algo: Tabu
ranking_best_score: 0.7601875690625
ranking_my_rank: 374/504 (26.0%)
ranking_my_percent: 25.99206349206349
