ConfigName: kjsd__advperagentrankweighted__M4__L20__eps0p005__g0p001__ds0p2__dm0p2
Problem: NK
Kernel: jsd
Advantage: peragentrankweighted
M: 4
lambda: 20
epsilon_svgd: 0.005
gamma: 0.001
decay_start_ratio: 0.2
decay_min_factor: 0.2
bandwith_kernel: None
no_interact: False
avg_score: 0.7519060373306274
median_score: 0.7531974911689758
std_score: 0.015144574455916882
percentiles: 2%=0.7182979583740234, 5%=0.7288933992385864, 10%=0.7339960336685181, 25%=0.7407563924789429, 50%=0.7531974911689758, 75%=0.762220561504364, 90%=0.7707890272140503, 95%=0.7754647731781006, 98%=0.7774967551231384
ranking_best_algo: Tabu
ranking_best_score: 0.7470791764843752
ranking_my_rank: 1/504 (100.0%)
ranking_my_percent: 100.0
