ConfigName: kjsd__advperagentrankweighted__M3__L24__eps0p005__g0p001__ds0p05__dm0p1
Problem: QUBO
Kernel: jsd
Advantage: peragentrankweighted
M: 3
lambda: 24
epsilon_svgd: 0.005
gamma: 0.001
decay_start_ratio: 0.05
decay_min_factor: 0.1
bandwith_kernel: None
no_interact: False
avg_score: -935.5999755859375
median_score: -938.0
std_score: 67.87120056152344
percentiles: 2%=-1074.0799560546875, 5%=-1064.050048828125, 10%=-1026.199951171875, 25%=-984.25, 50%=-938.0, 75%=-885.25, 90%=-854.0, 95%=-832.9000244140625, 98%=-818.7999877929688
ranking_best_algo: CMApara
ranking_best_score: 964.9
ranking_my_rank: 15/504 (97.2%)
ranking_my_percent: 97.22222222222223
