ConfigName: kfr__advglobalrankweighted__M6__L10__eps0p01__g0p007__ds0p01__dm0p01
Problem: QUBO
Kernel: fr
Advantage: globalrankweighted
M: 6
lambda: 10
epsilon_svgd: 0.01
gamma: 0.007
decay_start_ratio: 0.01
decay_min_factor: 0.01
bandwith_kernel: None
no_interact: False
avg_score: -137.77999877929688
median_score: -139.0
std_score: 11.129761695861816
percentiles: 2%=-158.02000427246094, 5%=-156.0500030517578, 10%=-155.10000610351562, 25%=-144.25, 50%=-139.0, 75%=-129.75, 90%=-123.9000015258789, 95%=-122.90000915527344, 98%=-118.87997436523438
ranking_best_algo: DiscreteDE
ranking_best_score: 143.4
ranking_my_rank: 117/504 (77.0%)
ranking_my_percent: 76.98412698412699
