ConfigName: krbf__advnormalizedfitness__M3__L8__eps0p033__g0p007__ds0p3__dm0p01
Problem: QUBO
Kernel: rbf
Advantage: normalizedfitness
M: 3
lambda: 8
epsilon_svgd: 0.033
gamma: 0.007
decay_start_ratio: 0.3
decay_min_factor: 0.01
bandwith_kernel: None
no_interact: False
avg_score: -147.9199981689453
median_score: -146.0
std_score: 13.432557106018066
percentiles: 2%=-179.0, 5%=-179.0, 10%=-160.0, 25%=-155.0, 50%=-146.0, 75%=-139.0, 90%=-134.0, 95%=-125.0, 98%=-121.95999145507812
ranking_best_algo: CMApara
ranking_best_score: 154.28
ranking_my_rank: 87/504 (82.9%)
ranking_my_percent: 82.93650793650794
