ConfigName: krbf__advnormalizedfitness__M3__L15__eps0p033__g0p005__ds0p01__dm0p3
Problem: QUBO
Kernel: rbf
Advantage: normalizedfitness
M: 3
lambda: 15
epsilon_svgd: 0.033
gamma: 0.005
decay_start_ratio: 0.01
decay_min_factor: 0.3
bandwith_kernel: None
no_interact: False
avg_score: -576.5800170898438
median_score: -577.5
std_score: 25.021263122558594
percentiles: 2%=-631.2000122070312, 5%=-611.0, 10%=-603.2000122070312, 25%=-593.5, 50%=-577.5, 75%=-562.0, 90%=-545.0, 95%=-536.9500122070312, 98%=-528.5999145507812
ranking_best_algo: Tabu
ranking_best_score: 588.7199999999999
ranking_my_rank: 55/503 (89.3%)
ranking_my_percent: 89.26441351888668
