ConfigName: kfr__advglobalrankweighted__M3__L10__eps0p02__g0p007__ds0p01__dm0p01
Problem: QUBO
Kernel: fr
Advantage: globalrankweighted
M: 3
lambda: 10
epsilon_svgd: 0.02
gamma: 0.007
decay_start_ratio: 0.01
decay_min_factor: 0.01
bandwith_kernel: None
no_interact: False
avg_score: -412.0199890136719
median_score: -410.5
std_score: 26.143444061279297
percentiles: 2%=-465.0799865722656, 5%=-455.1000061035156, 10%=-447.29998779296875, 25%=-429.25, 50%=-410.5, 75%=-396.0, 90%=-378.0, 95%=-369.8000183105469, 98%=-364.0
ranking_best_algo: Tabu
ranking_best_score: 438.12
ranking_my_rank: 72/504 (85.9%)
ranking_my_percent: 85.91269841269842
