ConfigName: krbf__advnormalizedfitness__M3__L10__eps0p033__g0p007__ds0p15__dm0p01
Problem: QUBO
Kernel: rbf
Advantage: normalizedfitness
M: 3
lambda: 10
epsilon_svgd: 0.033
gamma: 0.007
decay_start_ratio: 0.15
decay_min_factor: 0.01
bandwith_kernel: None
no_interact: False
avg_score: -139.10000610351562
median_score: -138.0
std_score: 11.160196304321289
percentiles: 2%=-159.0, 5%=-158.0, 10%=-156.10000610351562, 25%=-146.25, 50%=-138.0, 75%=-130.0, 90%=-126.9000015258789, 95%=-124.90000915527344, 98%=-119.93998718261719
ranking_best_algo: DiscreteDE
ranking_best_score: 143.4
ranking_my_rank: 88/504 (82.7%)
ranking_my_percent: 82.73809523809524
