ConfigName: kjsd__advperagentrankweighted__M5__L10__eps0p005__g0p0005__ds0p05__dm0p2
Problem: NK
Kernel: jsd
Advantage: peragentrankweighted
M: 5
lambda: 10
epsilon_svgd: 0.005
gamma: 0.0005
decay_start_ratio: 0.05
decay_min_factor: 0.2
bandwith_kernel: None
no_interact: False
avg_score: 0.7061762809753418
median_score: 0.7059463262557983
std_score: 0.007450602948665619
percentiles: 2%=0.6933431625366211, 5%=0.6953571438789368, 10%=0.6971076130867004, 25%=0.7004615068435669, 50%=0.7059463262557983, 75%=0.7110626101493835, 90%=0.715783417224884, 95%=0.7176215052604675, 98%=0.7230256795883179
ranking_best_algo: PBIL
ranking_best_score: 0.7170882103515624
ranking_my_rank: 59/504 (88.5%)
ranking_my_percent: 88.4920634920635
