ConfigName: kjsd__advperagentrankweighted__M4__L8__eps0p005__g0p0005__ds0p4__dm0p05
Problem: QUBO
Kernel: jsd
Advantage: peragentrankweighted
M: 4
lambda: 8
epsilon_svgd: 0.005
gamma: 0.0005
decay_start_ratio: 0.4
decay_min_factor: 0.05
bandwith_kernel: None
no_interact: False
avg_score: -430.5400085449219
median_score: -431.0
std_score: 26.065080642700195
percentiles: 2%=-479.0799865722656, 5%=-473.1000061035156, 10%=-467.20001220703125, 25%=-444.25, 50%=-431.0, 75%=-417.0, 90%=-398.79998779296875, 95%=-391.0, 98%=-383.7200012207031
ranking_best_algo: CMAL3
ranking_best_score: 435.36
ranking_my_rank: 8/504 (98.6%)
ranking_my_percent: 98.61111111111111
