ConfigName: krbf__advnormalizedfitness__M4__L15__eps0p01__g0p002__ds0p05__dm0p05
Problem: QUBO
Kernel: rbf
Advantage: normalizedfitness
M: 4
lambda: 15
epsilon_svgd: 0.01
gamma: 0.002
decay_start_ratio: 0.05
decay_min_factor: 0.05
bandwith_kernel: None
no_interact: False
avg_score: -1503.97998046875
median_score: -1506.5
std_score: 105.6427001953125
percentiles: 2%=-1718.43994140625, 5%=-1660.6500244140625, 10%=-1637.300048828125, 25%=-1588.5, 50%=-1506.5, 75%=-1422.75, 90%=-1362.5999755859375, 95%=-1350.699951171875, 98%=-1324.8199462890625
ranking_best_algo: NLOPT_LN_PRAXIS
ranking_best_score: 1607.12
ranking_my_rank: 76/504 (85.1%)
ranking_my_percent: 85.11904761904762
