ConfigName: kjsd__advperagentrankweighted__M3__L16__eps0p01__g0p0007__ds0p2__dm0p1
Problem: NK
Kernel: jsd
Advantage: peragentrankweighted
M: 3
lambda: 16
epsilon_svgd: 0.01
gamma: 0.0007
decay_start_ratio: 0.2
decay_min_factor: 0.1
bandwith_kernel: None
no_interact: False
avg_score: 0.7086498141288757
median_score: 0.7102674841880798
std_score: 0.015180191025137901
percentiles: 2%=0.6708053946495056, 5%=0.671485185623169, 10%=0.6928871273994446, 25%=0.7056912183761597, 50%=0.7102674841880798, 75%=0.7172511219978333, 90%=0.7251318097114563, 95%=0.7297205924987793, 98%=0.7317623496055603
ranking_best_algo: CMApara
ranking_best_score: 0.707475975
ranking_my_rank: 1/504 (100.0%)
ranking_my_percent: 100.0
