ConfigName: kjsd__advperagentrankweighted__M4__L24__eps0p02__g0p0007__ds0p2__dm0p05
Problem: QUBO
Kernel: jsd
Advantage: peragentrankweighted
M: 4
lambda: 24
epsilon_svgd: 0.02
gamma: 0.0007
decay_start_ratio: 0.2
decay_min_factor: 0.05
bandwith_kernel: None
no_interact: False
avg_score: -426.260009765625
median_score: -423.5
std_score: 29.685222625732422
percentiles: 2%=-479.0, 5%=-473.0, 10%=-467.0, 25%=-449.0, 50%=-423.5, 75%=-405.0, 90%=-390.0, 95%=-377.8999938964844, 98%=-357.9599914550781
ranking_best_algo: CMAL3
ranking_best_score: 435.36
ranking_my_rank: 23/504 (95.6%)
ranking_my_percent: 95.63492063492063
