ConfigName: kjsd__advperagentrankweighted__M3__L16__eps0p005__g0p001__ds0p2__dm0p05
Problem: QUBO
Kernel: jsd
Advantage: peragentrankweighted
M: 3
lambda: 16
epsilon_svgd: 0.005
gamma: 0.001
decay_start_ratio: 0.2
decay_min_factor: 0.05
bandwith_kernel: None
no_interact: False
avg_score: -325.9599914550781
median_score: -328.0
std_score: 25.967641830444336
percentiles: 2%=-372.0, 5%=-372.0, 10%=-354.1000061035156, 25%=-343.25, 50%=-328.0, 75%=-308.0, 90%=-287.8999938964844, 95%=-280.0, 98%=-277.9200134277344
ranking_best_algo: CMApara
ranking_best_score: 344.22
ranking_my_rank: 115/504 (77.4%)
ranking_my_percent: 77.38095238095238
