ConfigName: kjsd__advperagentrankweighted__M5__L12__eps0p02__g0p0007__ds0p2__dm0p05
Problem: QUBO
Kernel: jsd
Advantage: peragentrankweighted
M: 5
lambda: 12
epsilon_svgd: 0.02
gamma: 0.0007
decay_start_ratio: 0.2
decay_min_factor: 0.05
bandwith_kernel: None
no_interact: False
avg_score: -199.5
median_score: -200.0
std_score: 12.749509811401367
percentiles: 2%=-224.0, 5%=-220.10000610351562, 10%=-215.0, 25%=-209.0, 50%=-200.0, 75%=-189.75, 90%=-184.0, 95%=-177.0, 98%=-173.9199981689453
ranking_best_algo: Tabu
ranking_best_score: 208.36000000000004
ranking_my_rank: 84/504 (83.5%)
ranking_my_percent: 83.53174603174604
