ConfigName: kjsd__advperagentrankweighted__M3__L20__eps0p005__g0p0007__ds0p1__dm0p05
Problem: QUBO
Kernel: jsd
Advantage: peragentrankweighted
M: 3
lambda: 20
epsilon_svgd: 0.005
gamma: 0.0007
decay_start_ratio: 0.1
decay_min_factor: 0.05
bandwith_kernel: None
no_interact: False
avg_score: -411.0400085449219
median_score: -413.5
std_score: 25.30846405029297
percentiles: 2%=-453.0799865722656, 5%=-448.20001220703125, 10%=-440.1000061035156, 25%=-428.0, 50%=-413.5, 75%=-397.5, 90%=-383.3999938964844, 95%=-362.0, 98%=-345.8399963378906
ranking_best_algo: Tabu
ranking_best_score: 438.12
ranking_my_rank: 80/504 (84.3%)
ranking_my_percent: 84.32539682539682
