ConfigName: krbf__advnormalizedfitness__M4__L12__eps0p033__g0p015__ds0p01__dm0p3
Problem: NK
Kernel: rbf
Advantage: normalizedfitness
M: 4
lambda: 12
epsilon_svgd: 0.033
gamma: 0.015
decay_start_ratio: 0.01
decay_min_factor: 0.3
bandwith_kernel: None
no_interact: False
avg_score: 0.7431749701499939
median_score: 0.7419587969779968
std_score: 0.029210636392235756
percentiles: 2%=0.6937954425811768, 5%=0.7024406790733337, 10%=0.7058476805686951, 25%=0.719363272190094, 50%=0.7419587969779968, 75%=0.7580187320709229, 90%=0.778337299823761, 95%=0.8044298887252808, 98%=0.8044298887252808
ranking_best_algo: CMApara
ranking_best_score: 0.7459277895312499
ranking_my_rank: 13/504 (97.6%)
ranking_my_percent: 97.61904761904762
