ConfigName: krbf__advnormalizedfitness__M3__L12__eps0p015__g0p005__ds0p15__dm0p01
Problem: QUBO
Kernel: rbf
Advantage: normalizedfitness
M: 3
lambda: 12
epsilon_svgd: 0.015
gamma: 0.005
decay_start_ratio: 0.15
decay_min_factor: 0.01
bandwith_kernel: None
no_interact: False
avg_score: -426.8399963378906
median_score: -428.5
std_score: 28.212308883666992
percentiles: 2%=-479.0400085449219, 5%=-475.0, 10%=-465.0, 25%=-445.25, 50%=-428.5, 75%=-408.25, 90%=-387.79998779296875, 95%=-377.0, 98%=-373.7999572753906
ranking_best_algo: CMAL3
ranking_best_score: 435.36
ranking_my_rank: 20/504 (96.2%)
ranking_my_percent: 96.23015873015873
