ConfigName: kjsd__advperagentrankweighted__M5__L8__eps0p005__g0p003__ds0p2__dm0p2
Problem: QUBO
Kernel: jsd
Advantage: peragentrankweighted
M: 5
lambda: 8
epsilon_svgd: 0.005
gamma: 0.003
decay_start_ratio: 0.2
decay_min_factor: 0.2
bandwith_kernel: None
no_interact: False
avg_score: -1839.800048828125
median_score: -1846.5
std_score: 145.787109375
percentiles: 2%=-2125.360107421875, 5%=-2051.64990234375, 10%=-2020.800048828125, 25%=-1926.25, 50%=-1846.5, 75%=-1735.0, 90%=-1652.0999755859375, 95%=-1613.4000244140625, 98%=-1570.719970703125
ranking_best_algo: SVM1MetaModelLogNormal
ranking_best_score: 2605.14
ranking_my_rank: 317/504 (37.3%)
ranking_my_percent: 37.301587301587304
