ConfigName: kjsd__advperagentrankweighted__M4__L8__eps0p02__g0p0003__ds0p05__dm0p05
Problem: QUBO
Kernel: jsd
Advantage: peragentrankweighted
M: 4
lambda: 8
epsilon_svgd: 0.02
gamma: 0.0003
decay_start_ratio: 0.05
decay_min_factor: 0.05
bandwith_kernel: None
no_interact: False
avg_score: -1251.4000244140625
median_score: -1249.5
std_score: 48.64175033569336
percentiles: 2%=-1362.02001953125, 5%=-1335.4000244140625, 10%=-1315.300048828125, 25%=-1283.25, 50%=-1249.5, 75%=-1217.75, 90%=-1201.5, 95%=-1175.9000244140625, 98%=-1158.8399658203125
ranking_best_algo: BigLognormalDiscreteOnePlusOne
ranking_best_score: 1301.3600000000004
ranking_my_rank: 56/504 (89.1%)
ranking_my_percent: 89.08730158730158
