ConfigName: krbf__advnormalizedfitness__M4__L15__eps0p033__g0p015__ds0p3__dm0p01
Problem: QUBO
Kernel: rbf
Advantage: normalizedfitness
M: 4
lambda: 15
epsilon_svgd: 0.033
gamma: 0.015
decay_start_ratio: 0.3
decay_min_factor: 0.01
bandwith_kernel: None
no_interact: False
avg_score: -304.6600036621094
median_score: -309.0
std_score: 38.794898986816406
percentiles: 2%=-392.0400085449219, 5%=-384.1000061035156, 10%=-349.3999938964844, 25%=-330.0, 50%=-309.0, 75%=-273.0, 90%=-257.8999938964844, 95%=-254.0, 98%=-249.95999145507812
ranking_best_algo: CMApara
ranking_best_score: 319.29999999999995
ranking_my_rank: 136/504 (73.2%)
ranking_my_percent: 73.21428571428571
