ConfigName: krbf__advnormalizedfitness__M2__L9__eps0p02__g0p003__ds0p01__dm0p01
Problem: QUBO
Kernel: rbf
Advantage: normalizedfitness
M: 2
lambda: 9
epsilon_svgd: 0.02
gamma: 0.003
decay_start_ratio: 0.01
decay_min_factor: 0.01
bandwith_kernel: None
no_interact: False
avg_score: -2524.419921875
median_score: -2502.5
std_score: 131.24658203125
percentiles: 2%=-2838.89990234375, 5%=-2769.35009765625, 10%=-2688.60009765625, 25%=-2611.5, 50%=-2502.5, 75%=-2440.25, 90%=-2366.300048828125, 95%=-2334.0, 98%=-2293.719970703125
ranking_best_algo: SVM1MetaModelLogNormal
ranking_best_score: 2605.14
ranking_my_rank: 53/504 (89.7%)
ranking_my_percent: 89.68253968253968
