ConfigName: kjsd__advperagentrankweighted__M3__L16__eps0p007__g0p003__ds0p2__dm0p05
Problem: QUBO
Kernel: jsd
Advantage: peragentrankweighted
M: 3
lambda: 16
epsilon_svgd: 0.007
gamma: 0.003
decay_start_ratio: 0.2
decay_min_factor: 0.05
bandwith_kernel: None
no_interact: False
avg_score: -1262.5400390625
median_score: -1265.5
std_score: 60.017066955566406
percentiles: 2%=-1371.1800537109375, 5%=-1359.050048828125, 10%=-1330.5, 25%=-1301.5, 50%=-1265.5, 75%=-1219.5, 90%=-1187.0, 95%=-1173.75, 98%=-1130.719970703125
ranking_best_algo: BigLognormalDiscreteOnePlusOne
ranking_best_score: 1301.3600000000004
ranking_my_rank: 53/504 (89.7%)
ranking_my_percent: 89.68253968253968
