ConfigName: kjsd__advperagentrankweighted__M3__L20__eps0p007__g0p0007__ds0p2__dm0p2
Problem: QUBO
Kernel: jsd
Advantage: peragentrankweighted
M: 3
lambda: 20
epsilon_svgd: 0.007
gamma: 0.0007
decay_start_ratio: 0.2
decay_min_factor: 0.2
bandwith_kernel: None
no_interact: False
avg_score: -1235.719970703125
median_score: -1237.5
std_score: 58.667724609375
percentiles: 2%=-1354.3199462890625, 5%=-1323.550048828125, 10%=-1302.199951171875, 25%=-1269.5, 50%=-1237.5, 75%=-1198.25, 90%=-1155.0, 95%=-1141.9000244140625, 98%=-1126.9599609375
ranking_best_algo: SVMMetaModelLogNormal
ranking_best_score: 1233.7999999999997
ranking_my_rank: 1/504 (100.0%)
ranking_my_percent: 100.0
