ConfigName: krbf__advnormalizedfitness__M4__L12__eps0p033__g0p005__ds0p3__dm0p3
Problem: NK
Kernel: rbf
Advantage: normalizedfitness
M: 4
lambda: 12
epsilon_svgd: 0.033
gamma: 0.005
decay_start_ratio: 0.3
decay_min_factor: 0.3
bandwith_kernel: None
no_interact: False
avg_score: 0.688903272151947
median_score: 0.6887600421905518
std_score: 0.02123897522687912
percentiles: 2%=0.6494653820991516, 5%=0.6526279449462891, 10%=0.6608965992927551, 25%=0.67433762550354, 50%=0.6887600421905518, 75%=0.7025065422058105, 90%=0.7202671766281128, 95%=0.726031482219696, 98%=0.7288373112678528
ranking_best_algo: Tabu
ranking_best_score: 0.7429702712499999
ranking_my_rank: 245/504 (51.6%)
ranking_my_percent: 51.58730158730159
