ConfigName: kjsd__advperagentrankweighted__M5__L8__eps0p01__g0p0005__ds0p4__dm0p2
Problem: NK
Kernel: jsd
Advantage: peragentrankweighted
M: 5
lambda: 8
epsilon_svgd: 0.01
gamma: 0.0005
decay_start_ratio: 0.4
decay_min_factor: 0.2
bandwith_kernel: None
no_interact: False
avg_score: 0.7321752905845642
median_score: 0.7327862977981567
std_score: 0.008952552452683449
percentiles: 2%=0.7135915756225586, 5%=0.7166178226470947, 10%=0.7184271216392517, 25%=0.7271327376365662, 50%=0.7327862977981567, 75%=0.7390016317367554, 90%=0.743071973323822, 95%=0.7451766133308411, 98%=0.7467924356460571
ranking_best_algo: PBIL
ranking_best_score: 0.7248786399609374
ranking_my_rank: 1/504 (100.0%)
ranking_my_percent: 100.0
