ConfigName: kjsd__advperagentrankweighted__M5__L8__eps0p01__g0p0005__ds0p2__dm0p05
Problem: NK
Kernel: jsd
Advantage: peragentrankweighted
M: 5
lambda: 8
epsilon_svgd: 0.01
gamma: 0.0005
decay_start_ratio: 0.2
decay_min_factor: 0.05
bandwith_kernel: None
no_interact: False
avg_score: 0.7513235211372375
median_score: 0.7506063580513
std_score: 0.012617092579603195
percentiles: 2%=0.728995144367218, 5%=0.732029378414154, 10%=0.7346521615982056, 25%=0.7435899972915649, 50%=0.7506063580513, 75%=0.7597005367279053, 90%=0.768684446811676, 95%=0.7734382152557373, 98%=0.7750676870346069
ranking_best_algo: Tabu
ranking_best_score: 0.7470791764843752
ranking_my_rank: 1/504 (100.0%)
ranking_my_percent: 100.0
