ConfigName: kjsd__advperagentrankweighted__M10__L24__eps0p005__g0p0005__ds0p05__dm0p05
Problem: NK
Kernel: jsd
Advantage: peragentrankweighted
M: 10
lambda: 24
epsilon_svgd: 0.005
gamma: 0.0005
decay_start_ratio: 0.05
decay_min_factor: 0.05
bandwith_kernel: None
no_interact: False
avg_score: 0.6796256899833679
median_score: 0.6820707321166992
std_score: 0.01308767031878233
percentiles: 2%=0.6586588621139526, 5%=0.6594831347465515, 10%=0.6619330644607544, 25%=0.6670646667480469, 50%=0.6820707321166992, 75%=0.6896624565124512, 90%=0.6960970163345337, 95%=0.6986319422721863, 98%=0.70274817943573
ranking_best_algo: PBIL
ranking_best_score: 0.7013553837109374
ranking_my_rank: 116/504 (77.2%)
ranking_my_percent: 77.18253968253968
