ConfigName: krbf__advnormalizedfitness__M2__L8__eps0p033__g0p015__ds0p3__dm0p01
Problem: NK
Kernel: rbf
Advantage: normalizedfitness
M: 2
lambda: 8
epsilon_svgd: 0.033
gamma: 0.015
decay_start_ratio: 0.3
decay_min_factor: 0.01
bandwith_kernel: None
no_interact: False
avg_score: 0.7098115682601929
median_score: 0.7110177278518677
std_score: 0.015393421985208988
percentiles: 2%=0.6699497103691101, 5%=0.6720565557479858, 10%=0.6941890120506287, 25%=0.7074543237686157, 50%=0.7110177278518677, 75%=0.7185025215148926, 90%=0.725351870059967, 95%=0.7321794033050537, 98%=0.7331066131591797
ranking_best_algo: CMApara
ranking_best_score: 0.707475975
ranking_my_rank: 1/504 (100.0%)
ranking_my_percent: 100.0
