ConfigName: kjsd__advperagentrankweighted__M4__L8__eps0p03__g0p0005__ds0p05__dm0p05
Problem: QUBO
Kernel: jsd
Advantage: peragentrankweighted
M: 4
lambda: 8
epsilon_svgd: 0.03
gamma: 0.0005
decay_start_ratio: 0.05
decay_min_factor: 0.05
bandwith_kernel: None
no_interact: False
avg_score: -906.1199951171875
median_score: -912.0
std_score: 58.92237091064453
percentiles: 2%=-1020.3599853515625, 5%=-998.0499877929688, 10%=-969.9000244140625, 25%=-949.5, 50%=-912.0, 75%=-863.75, 90%=-826.7999877929688, 95%=-810.5, 98%=-778.8400268554688
ranking_best_algo: CMApara
ranking_best_score: 964.9
ranking_my_rank: 102/504 (80.0%)
ranking_my_percent: 79.96031746031746
