ConfigName: krbf__advnormalizedfitness__M3__L12__eps0p025__g0p01__ds0p15__dm0p01
Problem: NK
Kernel: rbf
Advantage: normalizedfitness
M: 3
lambda: 12
epsilon_svgd: 0.025
gamma: 0.01
decay_start_ratio: 0.15
decay_min_factor: 0.01
bandwith_kernel: None
no_interact: False
avg_score: 0.7106675505638123
median_score: 0.7110421657562256
std_score: 0.015123607590794563
percentiles: 2%=0.6736416816711426, 5%=0.6739585995674133, 10%=0.6972468495368958, 25%=0.7076128721237183, 50%=0.7110421657562256, 75%=0.7189979553222656, 90%=0.7255963087081909, 95%=0.7329353094100952, 98%=0.7333155274391174
ranking_best_algo: CMApara
ranking_best_score: 0.707475975
ranking_my_rank: 1/504 (100.0%)
ranking_my_percent: 100.0
