ConfigName: kjsd__advperagentrankweighted__M3__L24__eps0p007__g0p0005__ds0p05__dm0p1
Problem: QUBO
Kernel: jsd
Advantage: peragentrankweighted
M: 3
lambda: 24
epsilon_svgd: 0.007
gamma: 0.0005
decay_start_ratio: 0.05
decay_min_factor: 0.1
bandwith_kernel: None
no_interact: False
avg_score: -1190.1199951171875
median_score: -1177.5
std_score: 61.84016036987305
percentiles: 2%=-1363.0799560546875, 5%=-1327.4000244140625, 10%=-1279.5999755859375, 25%=-1215.5, 50%=-1177.5, 75%=-1149.5, 90%=-1126.9000244140625, 95%=-1109.6500244140625, 98%=-1098.97998046875
ranking_best_algo: Tabu
ranking_best_score: 1216.16
ranking_my_rank: 55/504 (89.3%)
ranking_my_percent: 89.28571428571429
