ConfigName: kjsd__advperagentrankweighted__M4__L30__eps0p005__g0p0005__ds0p2__dm0p05
Problem: QUBO
Kernel: jsd
Advantage: peragentrankweighted
M: 4
lambda: 30
epsilon_svgd: 0.005
gamma: 0.0005
decay_start_ratio: 0.2
decay_min_factor: 0.05
bandwith_kernel: None
no_interact: False
avg_score: -440.8399963378906
median_score: -440.0
std_score: 25.22725486755371
percentiles: 2%=-487.1000061035156, 5%=-479.1000061035156, 10%=-474.29998779296875, 25%=-461.25, 50%=-440.0, 75%=-421.75, 90%=-409.8999938964844, 95%=-400.8500061035156, 98%=-392.8999938964844
ranking_best_algo: CMApara
ranking_best_score: 453.82
ranking_my_rank: 12/504 (97.8%)
ranking_my_percent: 97.81746031746032
