ConfigName: kjsd__advperagentrankweighted__M4__L24__eps0p01__g0p0003__ds0p2__dm0p05
Problem: NK
Kernel: jsd
Advantage: peragentrankweighted
M: 4
lambda: 24
epsilon_svgd: 0.01
gamma: 0.0003
decay_start_ratio: 0.2
decay_min_factor: 0.05
bandwith_kernel: None
no_interact: False
avg_score: 0.7068638801574707
median_score: 0.7094874978065491
std_score: 0.011961259879171848
percentiles: 2%=0.6878277659416199, 5%=0.6887572407722473, 10%=0.6906695365905762, 25%=0.6951113939285278, 50%=0.7094874978065491, 75%=0.7177656888961792, 90%=0.7208740711212158, 95%=0.722497820854187, 98%=0.7227044701576233
ranking_best_algo: PBIL
ranking_best_score: 0.7013553837109374
ranking_my_rank: 1/504 (100.0%)
ranking_my_percent: 100.0
