ConfigName: krbf__advglobalrankweighted__M4__L10__eps0p01__g0p003__ds0p01__dm0p01
Problem: QUBO
Kernel: rbf
Advantage: globalrankweighted
M: 4
lambda: 10
epsilon_svgd: 0.01
gamma: 0.003
decay_start_ratio: 0.01
decay_min_factor: 0.01
bandwith_kernel: None
no_interact: False
avg_score: -140.05999755859375
median_score: -142.0
std_score: 10.688142776489258
percentiles: 2%=-159.02000427246094, 5%=-158.0, 10%=-156.0, 25%=-146.25, 50%=-142.0, 75%=-131.0, 90%=-127.0, 95%=-125.0, 98%=-120.89997863769531
ranking_best_algo: DiscreteDE
ranking_best_score: 143.4
ranking_my_rank: 79/504 (84.5%)
ranking_my_percent: 84.52380952380952
