ConfigName: krbf__advnormalizedfitness__M3__L10__eps0p025__g0p01__ds0p01__dm0p01
Problem: NK
Kernel: rbf
Advantage: normalizedfitness
M: 3
lambda: 10
epsilon_svgd: 0.025
gamma: 0.01
decay_start_ratio: 0.01
decay_min_factor: 0.01
bandwith_kernel: None
no_interact: False
avg_score: 0.742087721824646
median_score: 0.7407703399658203
std_score: 0.012960059568285942
percentiles: 2%=0.7188487648963928, 5%=0.7213741540908813, 10%=0.7246063947677612, 25%=0.7350932359695435, 50%=0.7407703399658203, 75%=0.7519298791885376, 90%=0.7610504031181335, 95%=0.7639222741127014, 98%=0.7659434080123901
ranking_best_algo: Tabu
ranking_best_score: 0.7601875690625
ranking_my_rank: 12/504 (97.8%)
ranking_my_percent: 97.81746031746032
