ConfigName: kfr__advglobalrankweighted__M4__L10__eps0p015__g0p005__ds0p01__dm0p01
Problem: QUBO
Kernel: fr
Advantage: globalrankweighted
M: 4
lambda: 10
epsilon_svgd: 0.015
gamma: 0.005
decay_start_ratio: 0.01
decay_min_factor: 0.01
bandwith_kernel: None
no_interact: False
avg_score: -2566.179931640625
median_score: -2570.5
std_score: 132.4451904296875
percentiles: 2%=-2815.10009765625, 5%=-2769.300048828125, 10%=-2738.10009765625, 25%=-2662.25, 50%=-2570.5, 75%=-2470.75, 90%=-2379.800048828125, 95%=-2354.300048828125, 98%=-2313.840087890625
ranking_best_algo: DiscreteLengler2OnePlusOne
ranking_best_score: 2617.04
ranking_my_rank: 51/504 (90.1%)
ranking_my_percent: 90.07936507936508
