ConfigName: kjsd__advperagentrankweighted__M3__L18__eps0p01__g0p001__ds0p1__dm0p1
Problem: NK
Kernel: jsd
Advantage: peragentrankweighted
M: 3
lambda: 18
epsilon_svgd: 0.01
gamma: 0.001
decay_start_ratio: 0.1
decay_min_factor: 0.1
bandwith_kernel: None
no_interact: False
avg_score: 0.7394659519195557
median_score: 0.7398008108139038
std_score: 0.014224914833903313
percentiles: 2%=0.7108110785484314, 5%=0.7165745496749878, 10%=0.7207744717597961, 25%=0.7297455072402954, 50%=0.7398008108139038, 75%=0.7494807243347168, 90%=0.758497953414917, 95%=0.7619502544403076, 98%=0.76557457447052
ranking_best_algo: Tabu
ranking_best_score: 0.7601875690625
ranking_my_rank: 16/504 (97.0%)
ranking_my_percent: 97.02380952380952
