ConfigName: kjsd__advperagentrankweighted__M3__L18__eps0p005__g0p0007__ds0p05__dm0p1
Problem: NK
Kernel: jsd
Advantage: peragentrankweighted
M: 3
lambda: 18
epsilon_svgd: 0.005
gamma: 0.0007
decay_start_ratio: 0.05
decay_min_factor: 0.1
bandwith_kernel: None
no_interact: False
avg_score: 0.7369835376739502
median_score: 0.7389998435974121
std_score: 0.009358938783407211
percentiles: 2%=0.713132917881012, 5%=0.7203167676925659, 10%=0.7238106727600098, 25%=0.7322364449501038, 50%=0.7389998435974121, 75%=0.7433656454086304, 90%=0.7469892501831055, 95%=0.7488915920257568, 98%=0.7511489391326904
ranking_best_algo: PBIL
ranking_best_score: 0.730509098125
ranking_my_rank: 1/504 (100.0%)
ranking_my_percent: 100.0
