ConfigName: kjsd__advperagentrankweighted__M4__L20__eps0p005__g0p001__ds0p2__dm0p05
Problem: QUBO
Kernel: jsd
Advantage: peragentrankweighted
M: 4
lambda: 20
epsilon_svgd: 0.005
gamma: 0.001
decay_start_ratio: 0.2
decay_min_factor: 0.05
bandwith_kernel: None
no_interact: False
avg_score: -444.3999938964844
median_score: -444.0
std_score: 26.018455505371094
percentiles: 2%=-492.0, 5%=-485.1499938964844, 10%=-475.0, 25%=-461.0, 50%=-444.0, 75%=-431.75, 90%=-411.3999938964844, 95%=-396.0, 98%=-390.55999755859375
ranking_best_algo: CMApara
ranking_best_score: 453.82
ranking_my_rank: 6/504 (99.0%)
ranking_my_percent: 99.0079365079365
