ConfigName: kjsd__advperagentrankweighted__M5__L10__eps0p01__g0p0007__ds0p05__dm0p2
Problem: QUBO
Kernel: jsd
Advantage: peragentrankweighted
M: 5
lambda: 10
epsilon_svgd: 0.01
gamma: 0.0007
decay_start_ratio: 0.05
decay_min_factor: 0.2
bandwith_kernel: None
no_interact: False
avg_score: -1303.8599853515625
median_score: -1304.5
std_score: 57.17692184448242
percentiles: 2%=-1425.3599853515625, 5%=-1391.4000244140625, 10%=-1374.4000244140625, 25%=-1340.75, 50%=-1304.5, 75%=-1259.0, 90%=-1232.800048828125, 95%=-1222.800048828125, 98%=-1212.8399658203125
ranking_best_algo: BigLognormalDiscreteOnePlusOne
ranking_best_score: 1301.3600000000004
ranking_my_rank: 1/504 (100.0%)
ranking_my_percent: 100.0
