ConfigName: krbf__advnormalizedfitness__M2__L8__eps0p033__g0p007__ds0p15__dm0p01
Problem: QUBO
Kernel: rbf
Advantage: normalizedfitness
M: 2
lambda: 8
epsilon_svgd: 0.033
gamma: 0.007
decay_start_ratio: 0.15
decay_min_factor: 0.01
bandwith_kernel: None
no_interact: False
avg_score: -422.9800109863281
median_score: -422.5
std_score: 28.4731388092041
percentiles: 2%=-477.0400085449219, 5%=-471.1000061035156, 10%=-465.0, 25%=-443.0, 50%=-422.5, 75%=-403.75, 90%=-389.0, 95%=-376.0, 98%=-367.9599914550781
ranking_best_algo: CMAL3
ranking_best_score: 435.36
ranking_my_rank: 33/504 (93.7%)
ranking_my_percent: 93.65079365079364
