ConfigName: krbf__advnormalizedfitness__M2__L8__eps0p025__g0p015__ds0p01__dm0p01
Problem: QUBO
Kernel: rbf
Advantage: normalizedfitness
M: 2
lambda: 8
epsilon_svgd: 0.025
gamma: 0.015
decay_start_ratio: 0.01
decay_min_factor: 0.01
bandwith_kernel: None
no_interact: False
avg_score: -309.5799865722656
median_score: -307.0
std_score: 38.32732391357422
percentiles: 2%=-396.0400085449219, 5%=-386.1000061035156, 10%=-360.6000061035156, 25%=-334.0, 50%=-307.0, 75%=-274.0, 90%=-266.0, 95%=-262.8500061035156, 98%=-256.94000244140625
ranking_best_algo: CMApara
ranking_best_score: 319.29999999999995
ranking_my_rank: 74/504 (85.5%)
ranking_my_percent: 85.51587301587301
