ConfigName: krbf__advnormalizedfitness__M4__L15__eps0p03__g0p001__ds0p05__dm0p05
Problem: QUBO
Kernel: rbf
Advantage: normalizedfitness
M: 4
lambda: 15
epsilon_svgd: 0.03
gamma: 0.001
decay_start_ratio: 0.05
decay_min_factor: 0.05
bandwith_kernel: None
no_interact: False
avg_score: -325.1000061035156
median_score: -330.0
std_score: 24.207229614257812
percentiles: 2%=-368.0400085449219, 5%=-357.0, 10%=-350.0, 25%=-342.25, 50%=-330.0, 75%=-312.0, 90%=-289.79998779296875, 95%=-284.75, 98%=-277.9200134277344
ranking_best_algo: CMApara
ranking_best_score: 344.22
ranking_my_rank: 121/504 (76.2%)
ranking_my_percent: 76.19047619047619
