ConfigName: kfr__advglobalrankweighted__M5__L10__eps0p015__g0p005__ds0p01__dm0p01
Problem: QUBO
Kernel: fr
Advantage: globalrankweighted
M: 5
lambda: 10
epsilon_svgd: 0.015
gamma: 0.005
decay_start_ratio: 0.01
decay_min_factor: 0.01
bandwith_kernel: None
no_interact: False
avg_score: -1498.8399658203125
median_score: -1502.0
std_score: 72.98544311523438
percentiles: 2%=-1644.219970703125, 5%=-1612.3499755859375, 10%=-1595.199951171875, 25%=-1550.75, 50%=-1502.0, 75%=-1443.75, 90%=-1407.9000244140625, 95%=-1386.7000732421875, 98%=-1358.7999267578125
ranking_best_algo: NLOPT_LN_PRAXIS
ranking_best_score: 1607.12
ranking_my_rank: 80/504 (84.3%)
ranking_my_percent: 84.32539682539682
