ConfigName: krbf__advglobalrankweighted__M4__L10__eps0p01__g0p005__ds0p01__dm0p01
Problem: QUBO
Kernel: rbf
Advantage: globalrankweighted
M: 4
lambda: 10
epsilon_svgd: 0.01
gamma: 0.005
decay_start_ratio: 0.01
decay_min_factor: 0.01
bandwith_kernel: None
no_interact: False
avg_score: -927.2000122070312
median_score: -918.0
std_score: 65.63459014892578
percentiles: 2%=-1072.0400390625, 5%=-1036.550048828125, 10%=-1019.0999755859375, 25%=-974.25, 50%=-918.0, 75%=-880.75, 90%=-848.7999877929688, 95%=-830.9500122070312, 98%=-818.7999267578125
ranking_best_algo: CMApara
ranking_best_score: 964.9
ranking_my_rank: 21/504 (96.0%)
ranking_my_percent: 96.03174603174604
