ConfigName: kjsd__advperagentrankweighted__M3__L24__eps0p007__g0p001__ds0p05__dm0p05
Problem: NK
Kernel: jsd
Advantage: peragentrankweighted
M: 3
lambda: 24
epsilon_svgd: 0.007
gamma: 0.001
decay_start_ratio: 0.05
decay_min_factor: 0.05
bandwith_kernel: None
no_interact: False
avg_score: 0.7107329368591309
median_score: 0.7117521166801453
std_score: 0.015006368979811668
percentiles: 2%=0.6733190417289734, 5%=0.6737957000732422, 10%=0.6973351836204529, 25%=0.7078332901000977, 50%=0.7117521166801453, 75%=0.7198126316070557, 90%=0.7254762053489685, 95%=0.7327597141265869, 98%=0.7331429123878479
ranking_best_algo: CMApara
ranking_best_score: 0.707475975
ranking_my_rank: 1/504 (100.0%)
ranking_my_percent: 100.0
