ConfigName: kjsd__advperagentrankweighted__M5__L10__eps0p005__g0p0007__ds0p05__dm0p2
Problem: QUBO
Kernel: jsd
Advantage: peragentrankweighted
M: 5
lambda: 10
epsilon_svgd: 0.005
gamma: 0.0007
decay_start_ratio: 0.05
decay_min_factor: 0.2
bandwith_kernel: None
no_interact: False
avg_score: -310.9800109863281
median_score: -308.0
std_score: 38.38957595825195
percentiles: 2%=-398.0400085449219, 5%=-390.0, 10%=-359.79998779296875, 25%=-334.5, 50%=-308.0, 75%=-275.75, 90%=-268.0, 95%=-264.0, 98%=-253.9600067138672
ranking_best_algo: CMApara
ranking_best_score: 319.29999999999995
ranking_my_rank: 40/504 (92.3%)
ranking_my_percent: 92.26190476190476
