ConfigName: kfr__advglobalrankweighted__M4__L12__eps0p01__g0p005__ds0p01__dm0p01
Problem: QUBO
Kernel: fr
Advantage: globalrankweighted
M: 4
lambda: 12
epsilon_svgd: 0.01
gamma: 0.005
decay_start_ratio: 0.01
decay_min_factor: 0.01
bandwith_kernel: None
no_interact: False
avg_score: -308.5199890136719
median_score: -304.0
std_score: 38.685523986816406
percentiles: 2%=-396.0400085449219, 5%=-388.1000061035156, 10%=-355.5999755859375, 25%=-334.0, 50%=-304.0, 75%=-274.0, 90%=-265.8999938964844, 95%=-260.9000244140625, 98%=-254.8399658203125
ranking_best_algo: CMApara
ranking_best_score: 319.29999999999995
ranking_my_rank: 88/504 (82.7%)
ranking_my_percent: 82.73809523809524
