ConfigName: kjsd__advperagentrankweighted__M4__L30__eps0p005__g0p0007__ds0p4__dm0p05
Problem: NK
Kernel: jsd
Advantage: peragentrankweighted
M: 4
lambda: 30
epsilon_svgd: 0.005
gamma: 0.0007
decay_start_ratio: 0.4
decay_min_factor: 0.05
bandwith_kernel: None
no_interact: False
avg_score: 0.7524302005767822
median_score: 0.7522261142730713
std_score: 0.014898262917995453
percentiles: 2%=0.7227762937545776, 5%=0.7273697853088379, 10%=0.7330847382545471, 25%=0.742734968662262, 50%=0.7522261142730713, 75%=0.7621912360191345, 90%=0.7714669108390808, 95%=0.7763023972511292, 98%=0.782720685005188
ranking_best_algo: Tabu
ranking_best_score: 0.7470791764843752
ranking_my_rank: 1/504 (100.0%)
ranking_my_percent: 100.0
