ConfigName: krbf__advnormalizedfitness__M4__L8__eps0p033__g0p01__ds0p15__dm0p3
Problem: NK
Kernel: rbf
Advantage: normalizedfitness
M: 4
lambda: 8
epsilon_svgd: 0.033
gamma: 0.01
decay_start_ratio: 0.15
decay_min_factor: 0.3
bandwith_kernel: None
no_interact: False
avg_score: 0.6555218696594238
median_score: 0.6511543393135071
std_score: 0.02273847907781601
percentiles: 2%=0.6192008256912231, 5%=0.6299560070037842, 10%=0.6333468556404114, 25%=0.6383225917816162, 50%=0.6511543393135071, 75%=0.6688612699508667, 90%=0.6870594024658203, 95%=0.7026042938232422, 98%=0.7072723507881165
ranking_best_algo: Tabu
ranking_best_score: 0.7429702712499999
ranking_my_rank: 318/504 (37.1%)
ranking_my_percent: 37.1031746031746
