ConfigName: kjsd__advperagentrankweighted__M3__L30__eps0p005__g0p0005__ds0p2__dm0p05
Problem: QUBO
Kernel: jsd
Advantage: peragentrankweighted
M: 3
lambda: 30
epsilon_svgd: 0.005
gamma: 0.0005
decay_start_ratio: 0.2
decay_min_factor: 0.05
bandwith_kernel: None
no_interact: False
avg_score: -914.47998046875
median_score: -918.0
std_score: 62.68452072143555
percentiles: 2%=-1048.239990234375, 5%=-1004.25, 10%=-993.0999755859375, 25%=-956.25, 50%=-918.0, 75%=-867.0, 90%=-838.9000244140625, 95%=-816.9000244140625, 98%=-806.4400024414062
ranking_best_algo: CMAL3
ranking_best_score: 928.5800000000002
ranking_my_rank: 17/504 (96.8%)
ranking_my_percent: 96.82539682539682
