ConfigName: kjsd__advperagentrankweighted__M3__L18__eps0p01__g0p0007__ds0p1__dm0p1
Problem: QUBO
Kernel: jsd
Advantage: peragentrankweighted
M: 3
lambda: 18
epsilon_svgd: 0.01
gamma: 0.0007
decay_start_ratio: 0.1
decay_min_factor: 0.1
bandwith_kernel: None
no_interact: False
avg_score: -576.4000244140625
median_score: -575.0
std_score: 29.29505157470703
percentiles: 2%=-631.0399780273438, 5%=-623.2000122070312, 10%=-617.0, 25%=-595.25, 50%=-575.0, 75%=-560.0, 90%=-538.5, 95%=-524.7999877929688, 98%=-511.0
ranking_best_algo: Tabu
ranking_best_score: 588.7199999999999
ranking_my_rank: 55/503 (89.3%)
ranking_my_percent: 89.26441351888668
