ConfigName: kfr__advglobalrankweighted__M2__L7__eps0p01__g0p003__ds0p01__dm0p01
Problem: QUBO
Kernel: fr
Advantage: globalrankweighted
M: 2
lambda: 7
epsilon_svgd: 0.01
gamma: 0.003
decay_start_ratio: 0.01
decay_min_factor: 0.01
bandwith_kernel: None
no_interact: False
avg_score: -305.5
median_score: -304.0
std_score: 37.81785202026367
percentiles: 2%=-388.0400085449219, 5%=-376.20001220703125, 10%=-355.1999816894531, 25%=-329.5, 50%=-304.0, 75%=-274.0, 90%=-262.8999938964844, 95%=-255.90000915527344, 98%=-247.8399658203125
ranking_best_algo: CMApara
ranking_best_score: 319.29999999999995
ranking_my_rank: 130/504 (74.4%)
ranking_my_percent: 74.4047619047619
