ConfigName: krbf__advnormalizedfitness__M3__L10__eps0p015__g0p015__ds0p01__dm0p01
Problem: QUBO
Kernel: rbf
Advantage: normalizedfitness
M: 3
lambda: 10
epsilon_svgd: 0.015
gamma: 0.015
decay_start_ratio: 0.01
decay_min_factor: 0.01
bandwith_kernel: None
no_interact: False
avg_score: -431.55999755859375
median_score: -434.5
std_score: 30.501253128051758
percentiles: 2%=-482.0799865722656, 5%=-479.1000061035156, 10%=-468.3999938964844, 25%=-455.75, 50%=-434.5, 75%=-409.0, 90%=-390.79998779296875, 95%=-381.95001220703125, 98%=-371.97998046875
ranking_best_algo: CMApara
ranking_best_score: 453.82
ranking_my_rank: 77/504 (84.9%)
ranking_my_percent: 84.92063492063492
