ConfigName: kjsd__advperagentrankweighted__M3__L16__eps0p007__g0p001__ds0p2__dm0p2
Problem: QUBO
Kernel: jsd
Advantage: peragentrankweighted
M: 3
lambda: 16
epsilon_svgd: 0.007
gamma: 0.001
decay_start_ratio: 0.2
decay_min_factor: 0.2
bandwith_kernel: None
no_interact: False
avg_score: -1315.800048828125
median_score: -1315.0
std_score: 52.74789047241211
percentiles: 2%=-1418.02001953125, 5%=-1405.199951171875, 10%=-1399.0, 25%=-1346.0, 50%=-1315.0, 75%=-1272.25, 90%=-1250.699951171875, 95%=-1234.800048828125, 98%=-1224.9599609375
ranking_best_algo: BigLognormalDiscreteOnePlusOne
ranking_best_score: 1301.3600000000004
ranking_my_rank: 1/504 (100.0%)
ranking_my_percent: 100.0
