ConfigName: krbf__advnormalizedfitness__M1__L10__eps0p015__g0p01__ds0p01__dm0p3
Problem: NK
Kernel: rbf
Advantage: normalizedfitness
M: 1
lambda: 10
epsilon_svgd: 0.015
gamma: 0.01
decay_start_ratio: 0.01
decay_min_factor: 0.3
bandwith_kernel: None
no_interact: False
avg_score: 0.705722987651825
median_score: 0.7071540355682373
std_score: 0.011425096541643143
percentiles: 2%=0.6870975494384766, 5%=0.6885716319084167, 10%=0.6911190748214722, 25%=0.6945668458938599, 50%=0.7071540355682373, 75%=0.7157013416290283, 90%=0.7190808057785034, 95%=0.7205533385276794, 98%=0.7224947214126587
ranking_best_algo: PBIL
ranking_best_score: 0.7013553837109374
ranking_my_rank: 1/504 (100.0%)
ranking_my_percent: 100.0
