ConfigName: kjsd__advperagentrankweighted__M3__L20__eps0p005__g0p003__ds0p05__dm0p05
Problem: QUBO
Kernel: jsd
Advantage: peragentrankweighted
M: 3
lambda: 20
epsilon_svgd: 0.005
gamma: 0.003
decay_start_ratio: 0.05
decay_min_factor: 0.05
bandwith_kernel: None
no_interact: False
avg_score: -2867.10009765625
median_score: -2866.5
std_score: 204.5200958251953
percentiles: 2%=-3312.10009765625, 5%=-3201.449951171875, 10%=-3147.5, 25%=-2994.25, 50%=-2866.5, 75%=-2755.25, 90%=-2559.10009765625, 95%=-2516.64990234375, 98%=-2486.9599609375
ranking_best_algo: RLSOnePlusOne
ranking_best_score: 3316.5199999999995
ranking_my_rank: 143/504 (71.8%)
ranking_my_percent: 71.82539682539682
