ConfigName: kfr__advglobalrankweighted__M6__L8__eps0p02__g0p003__ds0p01__dm0p01
Problem: QUBO
Kernel: fr
Advantage: globalrankweighted
M: 6
lambda: 8
epsilon_svgd: 0.02
gamma: 0.003
decay_start_ratio: 0.01
decay_min_factor: 0.01
bandwith_kernel: None
no_interact: False
avg_score: -426.32000732421875
median_score: -427.5
std_score: 23.31989860534668
percentiles: 2%=-475.0799865722656, 5%=-467.20001220703125, 10%=-455.5, 25%=-443.0, 50%=-427.5, 75%=-409.0, 90%=-395.0, 95%=-389.95001220703125, 98%=-385.94000244140625
ranking_best_algo: CMAL3
ranking_best_score: 435.36
ranking_my_rank: 23/504 (95.6%)
ranking_my_percent: 95.63492063492063
