ConfigName: kjsd__advperagentrankweighted__M4__L8__eps0p01__g0p0007__ds0p05__dm0p05
Problem: QUBO
Kernel: jsd
Advantage: peragentrankweighted
M: 4
lambda: 8
epsilon_svgd: 0.01
gamma: 0.0007
decay_start_ratio: 0.05
decay_min_factor: 0.05
bandwith_kernel: None
no_interact: False
avg_score: -3269.97998046875
median_score: -3263.0
std_score: 116.57632446289062
percentiles: 2%=-3511.6201171875, 5%=-3473.050048828125, 10%=-3409.5, 25%=-3344.25, 50%=-3263.0, 75%=-3185.75, 90%=-3121.5, 95%=-3100.800048828125, 98%=-3051.320068359375
ranking_best_algo: RLSOnePlusOne
ranking_best_score: 3316.5199999999995
ranking_my_rank: 12/504 (97.8%)
ranking_my_percent: 97.81746031746032
