ConfigName: kjsd__advperagentrankweighted__M6__L24__eps0p005__g0p0005__ds0p3__dm0p05
Problem: QUBO
Kernel: jsd
Advantage: peragentrankweighted
M: 6
lambda: 24
epsilon_svgd: 0.005
gamma: 0.0005
decay_start_ratio: 0.3
decay_min_factor: 0.05
bandwith_kernel: None
no_interact: False
avg_score: -921.2999877929688
median_score: -912.0
std_score: 75.18915557861328
percentiles: 2%=-1070.0400390625, 5%=-1064.0999755859375, 10%=-1020.9000244140625, 25%=-974.0, 50%=-912.0, 75%=-865.0, 90%=-828.4000244140625, 95%=-806.0999755859375, 98%=-780.8800048828125
ranking_best_algo: CMApara
ranking_best_score: 964.9
ranking_my_rank: 58/504 (88.7%)
ranking_my_percent: 88.69047619047619
