ConfigName: krbf__advnormalizedfitness__M3__L15__eps0p015__g0p01__ds0p3__dm0p3
Problem: QUBO
Kernel: rbf
Advantage: normalizedfitness
M: 3
lambda: 15
epsilon_svgd: 0.015
gamma: 0.01
decay_start_ratio: 0.3
decay_min_factor: 0.3
bandwith_kernel: None
no_interact: False
avg_score: -346.20001220703125
median_score: -345.5
std_score: 36.42361831665039
percentiles: 2%=-409.1199951171875, 5%=-403.20001220703125, 10%=-393.0, 25%=-375.25, 50%=-345.5, 75%=-322.5, 90%=-302.79998779296875, 95%=-279.70001220703125, 98%=-266.91998291015625
ranking_best_algo: CMAL3
ranking_best_score: 435.36
ranking_my_rank: 330/504 (34.7%)
ranking_my_percent: 34.72222222222222
