ConfigName: kjsd__advperagentrankweighted__M3__L16__eps0p005__g0p0005__ds0p05__dm0p1
Problem: QUBO
Kernel: jsd
Advantage: peragentrankweighted
M: 3
lambda: 16
epsilon_svgd: 0.005
gamma: 0.0005
decay_start_ratio: 0.05
decay_min_factor: 0.1
bandwith_kernel: None
no_interact: False
avg_score: -2640.919921875
median_score: -2638.5
std_score: 117.84410095214844
percentiles: 2%=-2844.6201171875, 5%=-2833.050048828125, 10%=-2793.5, 25%=-2738.5, 50%=-2638.5, 75%=-2564.75, 90%=-2483.5, 95%=-2439.64990234375, 98%=-2413.56005859375
ranking_best_algo: DiscreteLengler2OnePlusOne
ranking_best_score: 2617.04
ranking_my_rank: 1/504 (100.0%)
ranking_my_percent: 100.0
