ConfigName: kfr__advglobalrankweighted__M1__L8__eps0p015__g0p003__ds0p01__dm0p01
Problem: QUBO
Kernel: fr
Advantage: globalrankweighted
M: 1
lambda: 8
epsilon_svgd: 0.015
gamma: 0.003
decay_start_ratio: 0.01
decay_min_factor: 0.01
bandwith_kernel: None
no_interact: False
avg_score: -537.9000244140625
median_score: -538.0
std_score: 30.0178279876709
percentiles: 2%=-591.1199951171875, 5%=-583.0999755859375, 10%=-572.0, 25%=-559.0, 50%=-538.0, 75%=-520.5, 90%=-496.79998779296875, 95%=-481.9000244140625, 98%=-471.8599853515625
ranking_best_algo: Tabu
ranking_best_score: 588.7199999999999
ranking_my_rank: 175/503 (65.4%)
ranking_my_percent: 65.40755467196819
