ConfigName: kjsd__advperagentrankweighted__M3__L16__eps0p01__g0p0005__ds0p1__dm0p1
Problem: QUBO
Kernel: jsd
Advantage: peragentrankweighted
M: 3
lambda: 16
epsilon_svgd: 0.01
gamma: 0.0005
decay_start_ratio: 0.1
decay_min_factor: 0.1
bandwith_kernel: None
no_interact: False
avg_score: -2649.139892578125
median_score: -2656.5
std_score: 126.62409210205078
percentiles: 2%=-2896.199951171875, 5%=-2857.35009765625, 10%=-2804.199951171875, 25%=-2733.5, 50%=-2656.5, 75%=-2572.0, 90%=-2495.39990234375, 95%=-2444.949951171875, 98%=-2352.89990234375
ranking_best_algo: DiscreteLengler2OnePlusOne
ranking_best_score: 2617.04
ranking_my_rank: 1/504 (100.0%)
ranking_my_percent: 100.0
