ConfigName: krbf__advnormalizedfitness__M3__L15__eps0p02__g0p01__ds0p15__dm0p05
Problem: QUBO
Kernel: rbf
Advantage: normalizedfitness
M: 3
lambda: 15
epsilon_svgd: 0.02
gamma: 0.01
decay_start_ratio: 0.15
decay_min_factor: 0.05
bandwith_kernel: None
no_interact: False
avg_score: -863.8599853515625
median_score: -853.5
std_score: 70.91797637939453
percentiles: 2%=-1016.6400146484375, 5%=-990.3499755859375, 10%=-956.5999755859375, 25%=-912.0, 50%=-853.5, 75%=-815.0, 90%=-782.0, 95%=-756.9000244140625, 98%=-728.9000244140625
ranking_best_algo: CMAL3
ranking_best_score: 928.5800000000002
ranking_my_rank: 179/504 (64.7%)
ranking_my_percent: 64.68253968253968
