ConfigName: krbf__advnormalizedfitness__M2__L10__eps0p025__g0p007__ds0p3__dm0p01
Problem: QUBO
Kernel: rbf
Advantage: normalizedfitness
M: 2
lambda: 10
epsilon_svgd: 0.025
gamma: 0.007
decay_start_ratio: 0.3
decay_min_factor: 0.01
bandwith_kernel: None
no_interact: False
avg_score: -929.0
median_score: -929.5
std_score: 71.81796264648438
percentiles: 2%=-1072.0, 5%=-1059.3499755859375, 10%=-1023.5, 25%=-972.25, 50%=-929.5, 75%=-893.25, 90%=-823.0, 95%=-811.9500122070312, 98%=-804.5999755859375
ranking_best_algo: CMApara
ranking_best_score: 964.9
ranking_my_rank: 20/504 (96.2%)
ranking_my_percent: 96.23015873015873
