ConfigName: kjsd__advperagentrankweighted__M4__L12__eps0p005__g0p0005__ds0p05__dm0p05
Problem: QUBO
Kernel: jsd
Advantage: peragentrankweighted
M: 4
lambda: 12
epsilon_svgd: 0.005
gamma: 0.0005
decay_start_ratio: 0.05
decay_min_factor: 0.05
bandwith_kernel: None
no_interact: False
avg_score: -936.6400146484375
median_score: -941.5
std_score: 64.6845474243164
percentiles: 2%=-1062.02001953125, 5%=-1035.25, 10%=-1020.5, 25%=-986.75, 50%=-941.5, 75%=-883.75, 90%=-854.2999877929688, 95%=-838.7999877929688, 98%=-816.6400146484375
ranking_best_algo: CMApara
ranking_best_score: 964.9
ranking_my_rank: 10/504 (98.2%)
ranking_my_percent: 98.21428571428571
