ConfigName: kjsd__advperagentrankweighted__M4__L10__eps0p005__g0p0007__ds0p2__dm0p05
Problem: QUBO
Kernel: jsd
Advantage: peragentrankweighted
M: 4
lambda: 10
epsilon_svgd: 0.005
gamma: 0.0007
decay_start_ratio: 0.2
decay_min_factor: 0.05
bandwith_kernel: None
no_interact: False
avg_score: -2636.0400390625
median_score: -2630.0
std_score: 120.60811614990234
percentiles: 2%=-2885.5, 5%=-2850.39990234375, 10%=-2795.89990234375, 25%=-2714.0, 50%=-2630.0, 75%=-2561.0, 90%=-2469.800048828125, 95%=-2438.5, 98%=-2403.9599609375
ranking_best_algo: DiscreteLengler2OnePlusOne
ranking_best_score: 2617.04
ranking_my_rank: 1/504 (100.0%)
ranking_my_percent: 100.0
