ConfigName: kjsd__advperagentrankweighted__M4__L12__eps0p005__g0p001__ds0p1__dm0p2
Problem: NK
Kernel: jsd
Advantage: peragentrankweighted
M: 4
lambda: 12
epsilon_svgd: 0.005
gamma: 0.001
decay_start_ratio: 0.1
decay_min_factor: 0.2
bandwith_kernel: None
no_interact: False
avg_score: 0.7413660287857056
median_score: 0.7409282922744751
std_score: 0.01125338301062584
percentiles: 2%=0.722486138343811, 5%=0.7256031036376953, 10%=0.7276374697685242, 25%=0.7331463098526001, 50%=0.7409282922744751, 75%=0.7482095956802368, 90%=0.7572727799415588, 95%=0.7612309455871582, 98%=0.7616631388664246
ranking_best_algo: PBIL
ranking_best_score: 0.733570253046875
ranking_my_rank: 1/504 (100.0%)
ranking_my_percent: 100.0
