ConfigName: kjsd__advperagentrankweighted__M3__L20__eps0p007__g0p003__ds0p2__dm0p05
Problem: NK
Kernel: jsd
Advantage: peragentrankweighted
M: 3
lambda: 20
epsilon_svgd: 0.007
gamma: 0.003
decay_start_ratio: 0.2
decay_min_factor: 0.05
bandwith_kernel: None
no_interact: False
avg_score: 0.7103025317192078
median_score: 0.7113332748413086
std_score: 0.015473420731723309
percentiles: 2%=0.6711441874504089, 5%=0.6726824641227722, 10%=0.6972070336341858, 25%=0.7072449922561646, 50%=0.7113332748413086, 75%=0.7192227244377136, 90%=0.7255419492721558, 95%=0.7322575449943542, 98%=0.7332395315170288
ranking_best_algo: CMApara
ranking_best_score: 0.707475975
ranking_my_rank: 1/504 (100.0%)
ranking_my_percent: 100.0
