ConfigName: kjsd__advperagentrankweighted__M6__L8__eps0p03__g0p0005__ds0p05__dm0p05
Problem: QUBO
Kernel: jsd
Advantage: peragentrankweighted
M: 6
lambda: 8
epsilon_svgd: 0.03
gamma: 0.0005
decay_start_ratio: 0.05
decay_min_factor: 0.05
bandwith_kernel: None
no_interact: False
avg_score: -442.0400085449219
median_score: -442.5
std_score: 25.402332305908203
percentiles: 2%=-490.0799865722656, 5%=-481.3999938964844, 10%=-472.0, 25%=-459.25, 50%=-442.5, 75%=-424.75, 90%=-408.79998779296875, 95%=-401.8500061035156, 98%=-391.760009765625
ranking_best_algo: CMApara
ranking_best_score: 453.82
ranking_my_rank: 10/504 (98.2%)
ranking_my_percent: 98.21428571428571
