ConfigName: kjsd__advperagentrankweighted__M3__L18__eps0p01__g0p001__ds0p05__dm0p2
Problem: NK
Kernel: jsd
Advantage: peragentrankweighted
M: 3
lambda: 18
epsilon_svgd: 0.01
gamma: 0.001
decay_start_ratio: 0.05
decay_min_factor: 0.2
bandwith_kernel: None
no_interact: False
avg_score: 0.739655613899231
median_score: 0.7387371063232422
std_score: 0.015891078859567642
percentiles: 2%=0.7011103630065918, 5%=0.7168439030647278, 10%=0.7234763503074646, 25%=0.72883540391922, 50%=0.7387371063232422, 75%=0.7504375576972961, 90%=0.7599974274635315, 95%=0.7652772068977356, 98%=0.7725908756256104
ranking_best_algo: Tabu
ranking_best_score: 0.7601875690625
ranking_my_rank: 15/504 (97.2%)
ranking_my_percent: 97.22222222222223
