ConfigName: kjsd__advperagentrankweighted__M4__L10__eps0p01__g0p0003__ds0p05__dm0p05
Problem: QUBO
Kernel: jsd
Advantage: peragentrankweighted
M: 4
lambda: 10
epsilon_svgd: 0.01
gamma: 0.0003
decay_start_ratio: 0.05
decay_min_factor: 0.05
bandwith_kernel: None
no_interact: False
avg_score: -1183.6800537109375
median_score: -1174.5
std_score: 55.05667495727539
percentiles: 2%=-1291.0799560546875, 5%=-1281.199951171875, 10%=-1259.199951171875, 25%=-1225.25, 50%=-1174.5, 75%=-1142.75, 90%=-1111.800048828125, 95%=-1100.949951171875, 98%=-1096.9200439453125
ranking_best_algo: Tabu
ranking_best_score: 1216.16
ranking_my_rank: 65/504 (87.3%)
ranking_my_percent: 87.3015873015873
