ConfigName: krbf__advnormalizedfitness__M2__L8__eps0p025__g0p005__ds0p15__dm0p3
Problem: QUBO
Kernel: rbf
Advantage: normalizedfitness
M: 2
lambda: 8
epsilon_svgd: 0.025
gamma: 0.005
decay_start_ratio: 0.15
decay_min_factor: 0.3
bandwith_kernel: None
no_interact: False
avg_score: -303.260009765625
median_score: -306.0
std_score: 41.088836669921875
percentiles: 2%=-394.0400085449219, 5%=-380.20001220703125, 10%=-359.79998779296875, 25%=-328.5, 50%=-306.0, 75%=-268.75, 90%=-255.8000030517578, 95%=-247.8000030517578, 98%=-238.89999389648438
ranking_best_algo: CMApara
ranking_best_score: 319.29999999999995
ranking_my_rank: 188/504 (62.9%)
ranking_my_percent: 62.8968253968254
