ConfigName: kjsd__advperagentrankweighted__M3__L18__eps0p007__g0p003__ds0p1__dm0p1
Problem: NK
Kernel: jsd
Advantage: peragentrankweighted
M: 3
lambda: 18
epsilon_svgd: 0.007
gamma: 0.003
decay_start_ratio: 0.1
decay_min_factor: 0.1
bandwith_kernel: None
no_interact: False
avg_score: 0.7054105997085571
median_score: 0.7067958116531372
std_score: 0.011637541465461254
percentiles: 2%=0.6847650408744812, 5%=0.6877297759056091, 10%=0.6895527243614197, 25%=0.6945483684539795, 50%=0.7067958116531372, 75%=0.7154905200004578, 90%=0.7191803455352783, 95%=0.7211292386054993, 98%=0.7217987775802612
ranking_best_algo: PBIL
ranking_best_score: 0.7013553837109374
ranking_my_rank: 1/504 (100.0%)
ranking_my_percent: 100.0
