ConfigName: krbf__advnormalizedfitness__M4__L15__eps0p02__g0p0005__ds0p05__dm0p05
Problem: QUBO
Kernel: rbf
Advantage: normalizedfitness
M: 4
lambda: 15
epsilon_svgd: 0.02
gamma: 0.0005
decay_start_ratio: 0.05
decay_min_factor: 0.05
bandwith_kernel: None
no_interact: False
avg_score: -137.5800018310547
median_score: -139.0
std_score: 10.880423545837402
percentiles: 2%=-158.0, 5%=-155.0, 10%=-151.10000610351562, 25%=-145.0, 50%=-139.0, 75%=-129.0, 90%=-123.0, 95%=-118.9000015258789, 98%=-117.0
ranking_best_algo: DiscreteDE
ranking_best_score: 143.4
ranking_my_rank: 120/504 (76.4%)
ranking_my_percent: 76.38888888888889
