ConfigName: kjsd__advperagentrankweighted__M3__L20__eps0p01__g0p0005__ds0p2__dm0p2
Problem: QUBO
Kernel: jsd
Advantage: peragentrankweighted
M: 3
lambda: 20
epsilon_svgd: 0.01
gamma: 0.0005
decay_start_ratio: 0.2
decay_min_factor: 0.2
bandwith_kernel: None
no_interact: False
avg_score: -196.97999572753906
median_score: -198.0
std_score: 12.408044815063477
percentiles: 2%=-224.0, 5%=-219.0500030517578, 10%=-213.0, 25%=-203.0, 50%=-198.0, 75%=-188.75, 90%=-180.0, 95%=-177.9499969482422, 98%=-174.97999572753906
ranking_best_algo: Tabu
ranking_best_score: 208.36000000000004
ranking_my_rank: 127/504 (75.0%)
ranking_my_percent: 75.0
