ConfigName: kjsd__advperagentrankweighted__M3__L24__eps0p007__g0p0005__ds0p1__dm0p1
Problem: QUBO
Kernel: jsd
Advantage: peragentrankweighted
M: 3
lambda: 24
epsilon_svgd: 0.007
gamma: 0.0005
decay_start_ratio: 0.1
decay_min_factor: 0.1
bandwith_kernel: None
no_interact: False
avg_score: -1302.1400146484375
median_score: -1303.0
std_score: 57.379791259765625
percentiles: 2%=-1396.4599609375, 5%=-1385.0, 10%=-1370.300048828125, 25%=-1347.0, 50%=-1303.0, 75%=-1262.25, 90%=-1226.5999755859375, 95%=-1210.800048828125, 98%=-1196.52001953125
ranking_best_algo: BigLognormalDiscreteOnePlusOne
ranking_best_score: 1301.3600000000004
ranking_my_rank: 1/504 (100.0%)
ranking_my_percent: 100.0
