ConfigName: krbf__advnormalizedfitness__M3__L12__eps0p025__g0p015__ds0p3__dm0p01
Problem: QUBO
Kernel: rbf
Advantage: normalizedfitness
M: 3
lambda: 12
epsilon_svgd: 0.025
gamma: 0.015
decay_start_ratio: 0.3
decay_min_factor: 0.01
bandwith_kernel: None
no_interact: False
avg_score: -1150.739990234375
median_score: -1142.0
std_score: 81.94676208496094
percentiles: 2%=-1339.199951171875, 5%=-1333.0999755859375, 10%=-1263.0, 25%=-1195.25, 50%=-1142.0, 75%=-1090.75, 90%=-1055.5999755859375, 95%=-1034.8499755859375, 98%=-1024.7999267578125
ranking_best_algo: Tabu
ranking_best_score: 1216.16
ranking_my_rank: 143/504 (71.8%)
ranking_my_percent: 71.82539682539682
