ConfigName: krbf__advnormalizedfitness__M1__L10__eps0p015__g0p005__ds0p01__dm0p3
Problem: QUBO
Kernel: rbf
Advantage: normalizedfitness
M: 1
lambda: 10
epsilon_svgd: 0.015
gamma: 0.005
decay_start_ratio: 0.01
decay_min_factor: 0.3
bandwith_kernel: None
no_interact: False
avg_score: -397.5799865722656
median_score: -398.5
std_score: 31.735525131225586
percentiles: 2%=-452.0400085449219, 5%=-440.04998779296875, 10%=-432.20001220703125, 25%=-422.0, 50%=-398.5, 75%=-379.5, 90%=-358.0, 95%=-350.0, 98%=-331.6399230957031
ranking_best_algo: Tabu
ranking_best_score: 438.12
ranking_my_rank: 231/504 (54.4%)
ranking_my_percent: 54.36507936507937
