ConfigName: kjsd__advperagentrankweighted__M4__L8__eps0p03__g0p0005__ds0p05__dm0p05
Problem: NK
Kernel: jsd
Advantage: peragentrankweighted
M: 4
lambda: 8
epsilon_svgd: 0.03
gamma: 0.0005
decay_start_ratio: 0.05
decay_min_factor: 0.05
bandwith_kernel: None
no_interact: False
avg_score: 0.7191759347915649
median_score: 0.7207746505737305
std_score: 0.016871487721800804
percentiles: 2%=0.6864376664161682, 5%=0.6882396936416626, 10%=0.6976903080940247, 25%=0.7093757390975952, 50%=0.7207746505737305, 75%=0.7299721240997314, 90%=0.7383522987365723, 95%=0.7443822026252747, 98%=0.753993809223175
ranking_best_algo: Tabu
ranking_best_score: 0.7601875690625
ranking_my_rank: 159/504 (68.7%)
ranking_my_percent: 68.65079365079364
