ConfigName: krbf__advnormalizedfitness__M4__L8__eps0p025__g0p005__ds0p15__dm0p01
Problem: QUBO
Kernel: rbf
Advantage: normalizedfitness
M: 4
lambda: 8
epsilon_svgd: 0.025
gamma: 0.005
decay_start_ratio: 0.15
decay_min_factor: 0.01
bandwith_kernel: None
no_interact: False
avg_score: -440.1600036621094
median_score: -441.0
std_score: 28.048786163330078
percentiles: 2%=-489.05999755859375, 5%=-481.20001220703125, 10%=-473.29998779296875, 25%=-462.0, 50%=-441.0, 75%=-421.0, 90%=-405.70001220703125, 95%=-385.9000244140625, 98%=-379.97998046875
ranking_best_algo: CMApara
ranking_best_score: 453.82
ranking_my_rank: 15/504 (97.2%)
ranking_my_percent: 97.22222222222223
