ConfigName: krbf__advnormalizedfitness__M3__L12__eps0p025__g0p015__ds0p3__dm0p01
Problem: QUBO
Kernel: rbf
Advantage: normalizedfitness
M: 3
lambda: 12
epsilon_svgd: 0.025
gamma: 0.015
decay_start_ratio: 0.3
decay_min_factor: 0.01
bandwith_kernel: None
no_interact: False
avg_score: -332.44000244140625
median_score: -336.0
std_score: 19.688737869262695
percentiles: 2%=-372.0, 5%=-357.0, 10%=-350.20001220703125, 25%=-343.75, 50%=-336.0, 75%=-323.5, 90%=-302.8999938964844, 95%=-295.9000244140625, 98%=-283.7999572753906
ranking_best_algo: CMApara
ranking_best_score: 344.22
ranking_my_rank: 72/504 (85.9%)
ranking_my_percent: 85.91269841269842
