ConfigName: krbf__advnormalizedfitness__M3__L10__eps0p025__g0p005__ds0p01__dm0p3
Problem: NK
Kernel: rbf
Advantage: normalizedfitness
M: 3
lambda: 10
epsilon_svgd: 0.025
gamma: 0.005
decay_start_ratio: 0.01
decay_min_factor: 0.3
bandwith_kernel: None
no_interact: False
avg_score: 0.7445263862609863
median_score: 0.7422553300857544
std_score: 0.028782235458493233
percentiles: 2%=0.703029990196228, 5%=0.7062443494796753, 10%=0.71075439453125, 25%=0.7205221056938171, 50%=0.7422553300857544, 75%=0.7593062520027161, 90%=0.778337299823761, 95%=0.8081778287887573, 98%=0.8118547797203064
ranking_best_algo: CMApara
ranking_best_score: 0.7459277895312499
ranking_my_rank: 3/504 (99.6%)
ranking_my_percent: 99.60317460317461
