ConfigName: kjsd__advperagentrankweighted__M4__L12__eps0p005__g0p001__ds0p1__dm0p2
Problem: QUBO
Kernel: jsd
Advantage: peragentrankweighted
M: 4
lambda: 12
epsilon_svgd: 0.005
gamma: 0.001
decay_start_ratio: 0.1
decay_min_factor: 0.2
bandwith_kernel: None
no_interact: False
avg_score: -1279.9200439453125
median_score: -1284.0
std_score: 64.50282287597656
percentiles: 2%=-1411.0799560546875, 5%=-1405.050048828125, 10%=-1372.199951171875, 25%=-1315.0, 50%=-1284.0, 75%=-1231.0, 90%=-1202.800048828125, 95%=-1182.800048828125, 98%=-1174.6800537109375
ranking_best_algo: BigLognormalDiscreteOnePlusOne
ranking_best_score: 1301.3600000000004
ranking_my_rank: 31/504 (94.0%)
ranking_my_percent: 94.04761904761905
