ConfigName: kfr__advglobalrankweighted__M4__L5__eps0p01__g0p005__ds0p01__dm0p01
Problem: QUBO
Kernel: fr
Advantage: globalrankweighted
M: 4
lambda: 5
epsilon_svgd: 0.01
gamma: 0.005
decay_start_ratio: 0.01
decay_min_factor: 0.01
bandwith_kernel: None
no_interact: False
avg_score: -2591.10009765625
median_score: -2591.5
std_score: 137.8578643798828
percentiles: 2%=-2829.919921875, 5%=-2806.050048828125, 10%=-2772.39990234375, 25%=-2694.0, 50%=-2591.5, 75%=-2514.25, 90%=-2418.699951171875, 95%=-2338.949951171875, 98%=-2331.820068359375
ranking_best_algo: DiscreteLengler2OnePlusOne
ranking_best_score: 2617.04
ranking_my_rank: 40/504 (92.3%)
ranking_my_percent: 92.26190476190476
