ConfigName: kfr__advglobalrankweighted__M4__L5__eps0p01__g0p005__ds0p01__dm0p01
Problem: QUBO
Kernel: fr
Advantage: globalrankweighted
M: 4
lambda: 5
epsilon_svgd: 0.01
gamma: 0.005
decay_start_ratio: 0.01
decay_min_factor: 0.01
bandwith_kernel: None
no_interact: False
avg_score: -2671.280029296875
median_score: -2674.0
std_score: 119.11911010742188
percentiles: 2%=-2880.93994140625, 5%=-2871.0, 10%=-2831.699951171875, 25%=-2763.0, 50%=-2674.0, 75%=-2576.0, 90%=-2509.5, 95%=-2475.949951171875, 98%=-2459.93994140625
ranking_best_algo: DiscreteLengler2OnePlusOne
ranking_best_score: 2617.04
ranking_my_rank: 1/504 (100.0%)
ranking_my_percent: 100.0
