ConfigName: kjsd__advperagentrankweighted__M4__L8__eps0p03__g0p0005__ds0p2__dm0p05
Problem: QUBO
Kernel: jsd
Advantage: peragentrankweighted
M: 4
lambda: 8
epsilon_svgd: 0.03
gamma: 0.0005
decay_start_ratio: 0.2
decay_min_factor: 0.05
bandwith_kernel: None
no_interact: False
avg_score: -304.5199890136719
median_score: -300.0
std_score: 39.70503234863281
percentiles: 2%=-392.0400085449219, 5%=-386.20001220703125, 10%=-359.0, 25%=-328.5, 50%=-300.0, 75%=-268.75, 90%=-259.0, 95%=-253.9499969482422, 98%=-251.72000122070312
ranking_best_algo: CMApara
ranking_best_score: 319.29999999999995
ranking_my_rank: 138/504 (72.8%)
ranking_my_percent: 72.81746031746032
