ConfigName: kjsd__advperagentrankweighted__M3__L30__eps0p005__g0p0005__ds0p05__dm0p2
Problem: QUBO
Kernel: jsd
Advantage: peragentrankweighted
M: 3
lambda: 30
epsilon_svgd: 0.005
gamma: 0.0005
decay_start_ratio: 0.05
decay_min_factor: 0.2
bandwith_kernel: None
no_interact: False
avg_score: -438.4800109863281
median_score: -441.0
std_score: 30.217370986938477
percentiles: 2%=-492.1199951171875, 5%=-485.1000061035156, 10%=-472.0, 25%=-461.0, 50%=-441.0, 75%=-419.75, 90%=-399.6000061035156, 95%=-385.95001220703125, 98%=-380.5199890136719
ranking_best_algo: CMApara
ranking_best_score: 453.82
ranking_my_rank: 20/504 (96.2%)
ranking_my_percent: 96.23015873015873
