ConfigName: krbf__advnormalizedfitness__M3__L8__eps0p02__g0p005__ds0p15__dm0p05
Problem: NK
Kernel: rbf
Advantage: normalizedfitness
M: 3
lambda: 8
epsilon_svgd: 0.02
gamma: 0.005
decay_start_ratio: 0.15
decay_min_factor: 0.05
bandwith_kernel: None
no_interact: False
avg_score: 0.7349215745925903
median_score: 0.7364537119865417
std_score: 0.009281883016228676
percentiles: 2%=0.7150552272796631, 5%=0.7179056406021118, 10%=0.7208811044692993, 25%=0.7292214035987854, 50%=0.7364537119865417, 75%=0.7421088218688965, 90%=0.7453271746635437, 95%=0.748012900352478, 98%=0.7486443519592285
ranking_best_algo: PBIL
ranking_best_score: 0.7248786399609374
ranking_my_rank: 1/504 (100.0%)
ranking_my_percent: 100.0
