ConfigName: krbf__advnormalizedfitness__M3__L15__eps0p015__g0p01__ds0p15__dm0p3
Problem: NK
Kernel: rbf
Advantage: normalizedfitness
M: 3
lambda: 15
epsilon_svgd: 0.015
gamma: 0.01
decay_start_ratio: 0.15
decay_min_factor: 0.3
bandwith_kernel: None
no_interact: False
avg_score: 0.6015521883964539
median_score: 0.6005650758743286
std_score: 0.006515821907669306
percentiles: 2%=0.5919695496559143, 5%=0.5930761098861694, 10%=0.5944982767105103, 25%=0.597111701965332, 50%=0.6005650758743286, 75%=0.6045656800270081, 90%=0.6113945245742798, 95%=0.6131422519683838, 98%=0.6175425052642822
ranking_best_algo: Tabu
ranking_best_score: 0.7429702712499999
ranking_my_rank: 392/504 (22.4%)
ranking_my_percent: 22.42063492063492
