ConfigName: kjsd__advperagentrankweighted__M5__L8__eps0p005__g0p0007__ds0p05__dm0p05
Problem: NK
Kernel: jsd
Advantage: peragentrankweighted
M: 5
lambda: 8
epsilon_svgd: 0.005
gamma: 0.0007
decay_start_ratio: 0.05
decay_min_factor: 0.05
bandwith_kernel: None
no_interact: False
avg_score: 0.7444160580635071
median_score: 0.7419636249542236
std_score: 0.02817652001976967
percentiles: 2%=0.7013552188873291, 5%=0.7072873115539551, 10%=0.7121577858924866, 25%=0.7248892784118652, 50%=0.7419636249542236, 75%=0.7585474252700806, 90%=0.7783373594284058, 95%=0.8045839071273804, 98%=0.8118547797203064
ranking_best_algo: CMApara
ranking_best_score: 0.7459277895312499
ranking_my_rank: 4/504 (99.4%)
ranking_my_percent: 99.4047619047619
