ConfigName: krbf__advnormalizedfitness__M3__L15__eps0p033__g0p005__ds0p3__dm0p01
Problem: QUBO
Kernel: rbf
Advantage: normalizedfitness
M: 3
lambda: 15
epsilon_svgd: 0.033
gamma: 0.005
decay_start_ratio: 0.3
decay_min_factor: 0.01
bandwith_kernel: None
no_interact: False
avg_score: -310.6199951171875
median_score: -310.0
std_score: 37.82453918457031
percentiles: 2%=-390.1199951171875, 5%=-386.0, 10%=-361.5999755859375, 25%=-332.5, 50%=-310.0, 75%=-276.0, 90%=-268.0, 95%=-263.9000244140625, 98%=-258.89996337890625
ranking_best_algo: CMApara
ranking_best_score: 319.29999999999995
ranking_my_rank: 58/504 (88.7%)
ranking_my_percent: 88.69047619047619
