ConfigName: kfr__advglobalrankweighted__M4__L24__eps0p03__g0p007__ds0p01__dm0p01
Problem: QUBO
Kernel: fr
Advantage: globalrankweighted
M: 4
lambda: 24
epsilon_svgd: 0.03
gamma: 0.007
decay_start_ratio: 0.01
decay_min_factor: 0.01
bandwith_kernel: None
no_interact: False
avg_score: -1180.0
median_score: -1182.5
std_score: 64.51155090332031
percentiles: 2%=-1339.4000244140625, 5%=-1286.550048828125, 10%=-1258.699951171875, 25%=-1214.5, 50%=-1182.5, 75%=-1136.0, 90%=-1101.199951171875, 95%=-1088.8499755859375, 98%=-1056.47998046875
ranking_best_algo: Tabu
ranking_best_score: 1216.16
ranking_my_rank: 70/504 (86.3%)
ranking_my_percent: 86.30952380952381
