ConfigName: krbf__advnormalizedfitness__M2__L6__eps0p01__g0p01__ds0p3__dm0p3
Problem: QUBO
Kernel: rbf
Advantage: normalizedfitness
M: 2
lambda: 6
epsilon_svgd: 0.01
gamma: 0.01
decay_start_ratio: 0.3
decay_min_factor: 0.3
bandwith_kernel: None
no_interact: False
avg_score: -928.5800170898438
median_score: -919.5
std_score: 67.39854431152344
percentiles: 2%=-1076.0400390625, 5%=-1063.449951171875, 10%=-1023.0, 25%=-960.75, 50%=-919.5, 75%=-886.0, 90%=-856.5, 95%=-835.2000732421875, 98%=-792.719970703125
ranking_best_algo: CMApara
ranking_best_score: 964.9
ranking_my_rank: 21/504 (96.0%)
ranking_my_percent: 96.03174603174604
