ConfigName: krbf__advnormalizedfitness__M4__L10__eps0p033__g0p005__ds0p3__dm0p01
Problem: QUBO
Kernel: rbf
Advantage: normalizedfitness
M: 4
lambda: 10
epsilon_svgd: 0.033
gamma: 0.005
decay_start_ratio: 0.3
decay_min_factor: 0.01
bandwith_kernel: None
no_interact: False
avg_score: -1255.6600341796875
median_score: -1255.0
std_score: 65.54925537109375
percentiles: 2%=-1389.02001953125, 5%=-1382.050048828125, 10%=-1335.300048828125, 25%=-1296.0, 50%=-1255.0, 75%=-1209.0, 90%=-1174.0, 95%=-1150.4000244140625, 98%=-1128.8800048828125
ranking_best_algo: BigLognormalDiscreteOnePlusOne
ranking_best_score: 1301.3600000000004
ranking_my_rank: 54/504 (89.5%)
ranking_my_percent: 89.48412698412699
