ConfigName: kjsd__advperagentrankweighted__M5__L12__eps0p02__g0p0003__ds0p05__dm0p05
Problem: QUBO
Kernel: jsd
Advantage: peragentrankweighted
M: 5
lambda: 12
epsilon_svgd: 0.02
gamma: 0.0003
decay_start_ratio: 0.05
decay_min_factor: 0.05
bandwith_kernel: None
no_interact: False
avg_score: -424.4599914550781
median_score: -422.5
std_score: 25.84392547607422
percentiles: 2%=-481.0, 5%=-473.1000061035156, 10%=-463.20001220703125, 25%=-442.0, 50%=-422.5, 75%=-405.75, 90%=-394.8999938964844, 95%=-386.0, 98%=-381.8399963378906
ranking_best_algo: CMAL3
ranking_best_score: 435.36
ranking_my_rank: 30/504 (94.2%)
ranking_my_percent: 94.24603174603175
