ConfigName: krbf__advnormalizedfitness__M2__L10__eps0p033__g0p005__ds0p15__dm0p3
Problem: QUBO
Kernel: rbf
Advantage: normalizedfitness
M: 2
lambda: 10
epsilon_svgd: 0.033
gamma: 0.005
decay_start_ratio: 0.15
decay_min_factor: 0.3
bandwith_kernel: None
no_interact: False
avg_score: -565.47998046875
median_score: -567.0
std_score: 29.15081024169922
percentiles: 2%=-621.239990234375, 5%=-609.0, 10%=-601.4000244140625, 25%=-585.5, 50%=-567.0, 75%=-545.0, 90%=-528.0, 95%=-515.9500122070312, 98%=-505.0
ranking_best_algo: Tabu
ranking_best_score: 588.7199999999999
ranking_my_rank: 94/503 (81.5%)
ranking_my_percent: 81.51093439363817
