ConfigName: krbf__advnormalizedfitness__M2__L8__eps0p025__g0p007__ds0p15__dm0p3
Problem: NK
Kernel: rbf
Advantage: normalizedfitness
M: 2
lambda: 8
epsilon_svgd: 0.025
gamma: 0.007
decay_start_ratio: 0.15
decay_min_factor: 0.3
bandwith_kernel: None
no_interact: False
avg_score: 0.7063798308372498
median_score: 0.7084804177284241
std_score: 0.012034427374601364
percentiles: 2%=0.6849662065505981, 5%=0.6875954270362854, 10%=0.6895466446876526, 25%=0.695693850517273, 50%=0.7084804177284241, 75%=0.7168095111846924, 90%=0.7213188409805298, 95%=0.7222905158996582, 98%=0.7237714529037476
ranking_best_algo: PBIL
ranking_best_score: 0.7013553837109374
ranking_my_rank: 1/504 (100.0%)
ranking_my_percent: 100.0
