ConfigName: krbf__advnormalizedfitness__M4__L12__eps0p033__g0p007__ds0p15__dm0p3
Problem: QUBO
Kernel: rbf
Advantage: normalizedfitness
M: 4
lambda: 12
epsilon_svgd: 0.033
gamma: 0.007
decay_start_ratio: 0.15
decay_min_factor: 0.3
bandwith_kernel: None
no_interact: False
avg_score: -415.1600036621094
median_score: -414.0
std_score: 25.90471839904785
percentiles: 2%=-475.0, 5%=-455.6999816894531, 10%=-452.0, 25%=-430.0, 50%=-414.0, 75%=-396.75, 90%=-379.79998779296875, 95%=-375.9000244140625, 98%=-372.0
ranking_best_algo: Tabu
ranking_best_score: 438.12
ranking_my_rank: 50/504 (90.3%)
ranking_my_percent: 90.27777777777777
