ConfigName: kjsd__advperagentrankweighted__M3__L16__eps0p01__g0p003__ds0p05__dm0p05
Problem: QUBO
Kernel: jsd
Advantage: peragentrankweighted
M: 3
lambda: 16
epsilon_svgd: 0.01
gamma: 0.003
decay_start_ratio: 0.05
decay_min_factor: 0.05
bandwith_kernel: None
no_interact: False
avg_score: -1199.699951171875
median_score: -1192.0
std_score: 55.261287689208984
percentiles: 2%=-1309.0799560546875, 5%=-1288.199951171875, 10%=-1278.5, 25%=-1238.0, 50%=-1192.0, 75%=-1166.0, 90%=-1141.5999755859375, 95%=-1116.550048828125, 98%=-1081.8599853515625
ranking_best_algo: Tabu
ranking_best_score: 1216.16
ranking_my_rank: 43/504 (91.7%)
ranking_my_percent: 91.66666666666667
