ConfigName: kfr__advglobalrankweighted__M4__L24__eps0p03__g0p005__ds0p01__dm0p01
Problem: NK
Kernel: fr
Advantage: globalrankweighted
M: 4
lambda: 24
epsilon_svgd: 0.03
gamma: 0.005
decay_start_ratio: 0.01
decay_min_factor: 0.01
bandwith_kernel: None
no_interact: False
avg_score: 0.7111424803733826
median_score: 0.7114651203155518
std_score: 0.015032432973384857
percentiles: 2%=0.6736701726913452, 5%=0.6739683151245117, 10%=0.6976694464683533, 25%=0.7094342112541199, 50%=0.7114651203155518, 75%=0.7204930782318115, 90%=0.725510835647583, 95%=0.7319788932800293, 98%=0.732587456703186
ranking_best_algo: CMApara
ranking_best_score: 0.707475975
ranking_my_rank: 1/504 (100.0%)
ranking_my_percent: 100.0
