ConfigName: kfr__advglobalrankweighted__M1__L11__eps0p02__g0p005__ds0p01__dm0p01
Problem: QUBO
Kernel: fr
Advantage: globalrankweighted
M: 1
lambda: 11
epsilon_svgd: 0.02
gamma: 0.005
decay_start_ratio: 0.01
decay_min_factor: 0.01
bandwith_kernel: None
no_interact: False
avg_score: -391.239990234375
median_score: -393.0
std_score: 31.048707962036133
percentiles: 2%=-454.0199890136719, 5%=-443.20001220703125, 10%=-436.1000061035156, 25%=-408.5, 50%=-393.0, 75%=-371.5, 90%=-350.0, 95%=-341.9000244140625, 98%=-331.8799743652344
ranking_best_algo: Tabu
ranking_best_score: 438.12
ranking_my_rank: 257/504 (49.2%)
ranking_my_percent: 49.20634920634921
