ConfigName: kjsd__advperagentrankweighted__M5__L10__eps0p005__g0p0005__ds0p05__dm0p2
Problem: QUBO
Kernel: jsd
Advantage: peragentrankweighted
M: 5
lambda: 10
epsilon_svgd: 0.005
gamma: 0.0005
decay_start_ratio: 0.05
decay_min_factor: 0.2
bandwith_kernel: None
no_interact: False
avg_score: -583.5599975585938
median_score: -583.5
std_score: 26.57454490661621
percentiles: 2%=-633.1199951171875, 5%=-625.2000122070312, 10%=-617.5999755859375, 25%=-604.25, 50%=-583.5, 75%=-564.5, 90%=-549.9000244140625, 95%=-542.9000244140625, 98%=-533.760009765625
ranking_best_algo: Tabu
ranking_best_score: 588.7199999999999
ranking_my_rank: 5/503 (99.2%)
ranking_my_percent: 99.20477137176938
