ConfigName: kjsd__advperagentrankweighted__M3__L16__eps0p01__g0p001__ds0p05__dm0p1
Problem: NK
Kernel: jsd
Advantage: peragentrankweighted
M: 3
lambda: 16
epsilon_svgd: 0.01
gamma: 0.001
decay_start_ratio: 0.05
decay_min_factor: 0.1
bandwith_kernel: None
no_interact: False
avg_score: 0.7097141742706299
median_score: 0.711137592792511
std_score: 0.015583048574626446
percentiles: 2%=0.6689308285713196, 5%=0.6714804172515869, 10%=0.6952993869781494, 25%=0.7065746784210205, 50%=0.711137592792511, 75%=0.7182844877243042, 90%=0.7252267599105835, 95%=0.7311241626739502, 98%=0.7320688962936401
ranking_best_algo: CMApara
ranking_best_score: 0.707475975
ranking_my_rank: 1/504 (100.0%)
ranking_my_percent: 100.0
