ConfigName: krbf__advnormalizedfitness__M1__L8__eps0p025__g0p005__ds0p01__dm0p01
Problem: NK
Kernel: rbf
Advantage: normalizedfitness
M: 1
lambda: 8
epsilon_svgd: 0.025
gamma: 0.005
decay_start_ratio: 0.01
decay_min_factor: 0.01
bandwith_kernel: None
no_interact: False
avg_score: 0.7189071178436279
median_score: 0.7197355031967163
std_score: 0.009520378895103931
percentiles: 2%=0.7015568614006042, 5%=0.7040147185325623, 10%=0.706616222858429, 25%=0.7110748887062073, 50%=0.7197355031967163, 75%=0.7267233729362488, 90%=0.7305541038513184, 95%=0.7342004776000977, 98%=0.7358754873275757
ranking_best_algo: PBIL
ranking_best_score: 0.7248786399609374
ranking_my_rank: 7/504 (98.8%)
ranking_my_percent: 98.80952380952381
