ConfigName: krbf__advnormalizedfitness__M3__L8__eps0p033__g0p015__ds0p3__dm0p01
Problem: QUBO
Kernel: rbf
Advantage: normalizedfitness
M: 3
lambda: 8
epsilon_svgd: 0.033
gamma: 0.015
decay_start_ratio: 0.3
decay_min_factor: 0.01
bandwith_kernel: None
no_interact: False
avg_score: -931.780029296875
median_score: -934.5
std_score: 70.74893188476562
percentiles: 2%=-1070.0400390625, 5%=-1048.0, 10%=-1034.0999755859375, 25%=-980.0, 50%=-934.5, 75%=-881.0, 90%=-835.0, 95%=-818.10009765625, 98%=-794.639892578125
ranking_best_algo: CMApara
ranking_best_score: 964.9
ranking_my_rank: 19/504 (96.4%)
ranking_my_percent: 96.42857142857143
