ConfigName: krbf__advnormalizedfitness__M1__L8__eps0p025__g0p01__ds0p01__dm0p01
Problem: QUBO
Kernel: rbf
Advantage: normalizedfitness
M: 1
lambda: 8
epsilon_svgd: 0.025
gamma: 0.01
decay_start_ratio: 0.01
decay_min_factor: 0.01
bandwith_kernel: None
no_interact: False
avg_score: -2575.199951171875
median_score: -2580.0
std_score: 121.44562530517578
percentiles: 2%=-2799.52001953125, 5%=-2743.64990234375, 10%=-2724.800048828125, 25%=-2663.5, 50%=-2580.0, 75%=-2508.5, 90%=-2403.39990234375, 95%=-2365.300048828125, 98%=-2311.43994140625
ranking_best_algo: DiscreteLengler2OnePlusOne
ranking_best_score: 2617.04
ranking_my_rank: 48/504 (90.7%)
ranking_my_percent: 90.67460317460318
