ConfigName: kjsd__advperagentrankweighted__M4__L12__eps0p02__g0p0003__ds0p2__dm0p05
Problem: QUBO
Kernel: jsd
Advantage: peragentrankweighted
M: 4
lambda: 12
epsilon_svgd: 0.02
gamma: 0.0003
decay_start_ratio: 0.2
decay_min_factor: 0.05
bandwith_kernel: None
no_interact: False
avg_score: -1567.8800048828125
median_score: -1566.5
std_score: 54.34046173095703
percentiles: 2%=-1674.06005859375, 5%=-1656.0, 10%=-1634.0999755859375, 25%=-1614.0, 50%=-1566.5, 75%=-1535.75, 90%=-1494.199951171875, 95%=-1480.5, 98%=-1452.9599609375
ranking_best_algo: NLOPT_LN_PRAXIS
ranking_best_score: 1607.12
ranking_my_rank: 46/504 (91.1%)
ranking_my_percent: 91.07142857142857
