ConfigName: krbf__advnormalizedfitness__M4__L10__eps0p025__g0p005__ds0p15__dm0p3
Problem: NK
Kernel: rbf
Advantage: normalizedfitness
M: 4
lambda: 10
epsilon_svgd: 0.025
gamma: 0.005
decay_start_ratio: 0.15
decay_min_factor: 0.3
bandwith_kernel: None
no_interact: False
avg_score: 0.7062573432922363
median_score: 0.7092695236206055
std_score: 0.011735145002603531
percentiles: 2%=0.6868090033531189, 5%=0.688736617565155, 10%=0.6910004019737244, 25%=0.6951801180839539, 50%=0.7092695236206055, 75%=0.7157266139984131, 90%=0.7213791608810425, 95%=0.7229858040809631, 98%=0.7237985730171204
ranking_best_algo: PBIL
ranking_best_score: 0.7013553837109374
ranking_my_rank: 1/504 (100.0%)
ranking_my_percent: 100.0
