ConfigName: kjsd__advperagentrankweighted__M4__L10__eps0p01__g0p0007__ds0p2__dm0p05
Problem: NK
Kernel: jsd
Advantage: peragentrankweighted
M: 4
lambda: 10
epsilon_svgd: 0.01
gamma: 0.0007
decay_start_ratio: 0.2
decay_min_factor: 0.05
bandwith_kernel: None
no_interact: False
avg_score: 0.7354587316513062
median_score: 0.7370449304580688
std_score: 0.009802842512726784
percentiles: 2%=0.7170063257217407, 5%=0.7185514569282532, 10%=0.721554160118103, 25%=0.7275558710098267, 50%=0.7370449304580688, 75%=0.7442652583122253, 90%=0.7464508414268494, 95%=0.747401237487793, 98%=0.7521594166755676
ranking_best_algo: PBIL
ranking_best_score: 0.730509098125
ranking_my_rank: 1/504 (100.0%)
ranking_my_percent: 100.0
