ConfigName: krbf__advnormalizedfitness__M1__L8__eps0p025__g0p01__ds0p15__dm0p01
Problem: QUBO
Kernel: rbf
Advantage: normalizedfitness
M: 1
lambda: 8
epsilon_svgd: 0.025
gamma: 0.01
decay_start_ratio: 0.15
decay_min_factor: 0.01
bandwith_kernel: None
no_interact: False
avg_score: -134.77999877929688
median_score: -136.0
std_score: 12.748003959655762
percentiles: 2%=-155.02000427246094, 5%=-153.0500030517578, 10%=-151.0, 25%=-144.0, 50%=-136.0, 75%=-127.75, 90%=-117.0, 95%=-112.90000915527344, 98%=-105.0
ranking_best_algo: DiscreteDE
ranking_best_score: 143.4
ranking_my_rank: 275/504 (45.6%)
ranking_my_percent: 45.63492063492063
