ConfigName: krbf__advnormalizedfitness__M2__L8__eps0p033__g0p007__ds0p01__dm0p01
Problem: QUBO
Kernel: rbf
Advantage: normalizedfitness
M: 2
lambda: 8
epsilon_svgd: 0.033
gamma: 0.007
decay_start_ratio: 0.01
decay_min_factor: 0.01
bandwith_kernel: None
no_interact: False
avg_score: -432.260009765625
median_score: -433.5
std_score: 30.91686248779297
percentiles: 2%=-487.0400085449219, 5%=-477.20001220703125, 10%=-472.0, 25%=-457.25, 50%=-433.5, 75%=-412.75, 90%=-394.70001220703125, 95%=-370.8999938964844, 98%=-364.9800109863281
ranking_best_algo: CMApara
ranking_best_score: 453.82
ranking_my_rank: 77/504 (84.9%)
ranking_my_percent: 84.92063492063492
