ConfigName: kjsd__advperagentrankweighted__M3__L24__eps0p007__g0p0005__ds0p1__dm0p05
Problem: QUBO
Kernel: jsd
Advantage: peragentrankweighted
M: 3
lambda: 24
epsilon_svgd: 0.007
gamma: 0.0005
decay_start_ratio: 0.1
decay_min_factor: 0.05
bandwith_kernel: None
no_interact: False
avg_score: -930.4000244140625
median_score: -923.5
std_score: 66.24514770507812
percentiles: 2%=-1072.0400390625, 5%=-1039.6500244140625, 10%=-1013.2000122070312, 25%=-975.5, 50%=-923.5, 75%=-887.0, 90%=-860.7999877929688, 95%=-808.5999755859375, 98%=-796.52001953125
ranking_best_algo: CMApara
ranking_best_score: 964.9
ranking_my_rank: 19/504 (96.4%)
ranking_my_percent: 96.42857142857143
