ConfigName: kjsd__advperagentrankweighted__M4__L24__eps0p03__g0p0003__ds0p05__dm0p05
Problem: QUBO
Kernel: jsd
Advantage: peragentrankweighted
M: 4
lambda: 24
epsilon_svgd: 0.03
gamma: 0.0003
decay_start_ratio: 0.05
decay_min_factor: 0.05
bandwith_kernel: None
no_interact: False
avg_score: -420.239990234375
median_score: -419.0
std_score: 24.691343307495117
percentiles: 2%=-471.0400085449219, 5%=-467.20001220703125, 10%=-456.1000061035156, 25%=-434.25, 50%=-419.0, 75%=-402.75, 90%=-393.0, 95%=-385.8999938964844, 98%=-369.9200134277344
ranking_best_algo: CMAL3
ranking_best_score: 435.36
ranking_my_rank: 87/504 (82.9%)
ranking_my_percent: 82.93650793650794
