ConfigName: kjsd__advperagentrankweighted__M5__L10__eps0p005__g0p003__ds0p4__dm0p2
Problem: NK
Kernel: jsd
Advantage: peragentrankweighted
M: 5
lambda: 10
epsilon_svgd: 0.005
gamma: 0.003
decay_start_ratio: 0.4
decay_min_factor: 0.2
bandwith_kernel: None
no_interact: False
avg_score: 0.7115020751953125
median_score: 0.7105270028114319
std_score: 0.013063458725810051
percentiles: 2%=0.6847624778747559, 5%=0.6898056864738464, 10%=0.6935197710990906, 25%=0.7029880881309509, 50%=0.7105270028114319, 75%=0.7203118205070496, 90%=0.7300024032592773, 95%=0.7321021556854248, 98%=0.7369289994239807
ranking_best_algo: PBIL
ranking_best_score: 0.730509098125
ranking_my_rank: 205/504 (59.5%)
ranking_my_percent: 59.523809523809526
