Problem: NK
Kernel: hk
Advantage: peragentrankweighted
M: 3
lambda: 10
epsilon_svgd: 0.5
gamma: 0.05
bandwith_kernel: None
no_interact: False
avg_score: 0.7551539540290833
median_score: 0.754696249961853
std_score: 0.01288421917706728
percentiles: 2%=0.7311914563179016, 5%=0.7360002398490906, 10%=0.738166868686676, 25%=0.7471958994865417, 50%=0.754696249961853, 75%=0.7647145986557007, 90%=0.7706266045570374, 95%=0.7769743204116821, 98%=0.7805728316307068
ranking_best_algo: PPO-EDA
ranking_best_score: 0.7603765
ranking_my_rank: 2/505 (99.8%)
