ConfigName: kjsd__advperagentrankweighted__M3__L18__eps0p01__g0p001__ds0p1__dm0p05
Problem: NK
Kernel: jsd
Advantage: peragentrankweighted
M: 3
lambda: 18
epsilon_svgd: 0.01
gamma: 0.001
decay_start_ratio: 0.1
decay_min_factor: 0.05
bandwith_kernel: None
no_interact: False
avg_score: 0.7359069585800171
median_score: 0.7376002073287964
std_score: 0.008833869360387325
percentiles: 2%=0.7189803719520569, 5%=0.7218791246414185, 10%=0.7232974767684937, 25%=0.7291263341903687, 50%=0.7376002073287964, 75%=0.7414611577987671, 90%=0.7462008595466614, 95%=0.7493267059326172, 98%=0.7530124187469482
ranking_best_algo: PBIL
ranking_best_score: 0.730509098125
ranking_my_rank: 1/504 (100.0%)
ranking_my_percent: 100.0
