ConfigName: kjsd__advperagentrankweighted__M5__L10__eps0p01__g0p0005__ds0p05__dm0p05
Problem: NK
Kernel: jsd
Advantage: peragentrankweighted
M: 5
lambda: 10
epsilon_svgd: 0.01
gamma: 0.0005
decay_start_ratio: 0.05
decay_min_factor: 0.05
bandwith_kernel: None
no_interact: False
avg_score: 0.729185163974762
median_score: 0.7280568480491638
std_score: 0.009337066672742367
percentiles: 2%=0.7111601829528809, 5%=0.7163484692573547, 10%=0.7189489603042603, 25%=0.7226622104644775, 50%=0.7280568480491638, 75%=0.7360814809799194, 90%=0.7410999536514282, 95%=0.7466857433319092, 98%=0.748619556427002
ranking_best_algo: Tabu
ranking_best_score: 0.7429702712499999
ranking_my_rank: 2/504 (99.8%)
ranking_my_percent: 99.8015873015873
