ConfigName: kjsd__advperagentrankweighted__M3__L20__eps0p007__g0p003__ds0p05__dm0p05
Problem: NK
Kernel: jsd
Advantage: peragentrankweighted
M: 3
lambda: 20
epsilon_svgd: 0.007
gamma: 0.003
decay_start_ratio: 0.05
decay_min_factor: 0.05
bandwith_kernel: None
no_interact: False
avg_score: 0.7041499614715576
median_score: 0.7053826451301575
std_score: 0.019799424335360527
percentiles: 2%=0.6652006506919861, 5%=0.6681479811668396, 10%=0.6804410219192505, 25%=0.6904517412185669, 50%=0.7053826451301575, 75%=0.7199496030807495, 90%=0.7301693558692932, 95%=0.7338649034500122, 98%=0.7399760484695435
ranking_best_algo: Tabu
ranking_best_score: 0.7429702712499999
ranking_my_rank: 177/504 (65.1%)
ranking_my_percent: 65.07936507936508
