ConfigName: krbf__advnormalizedfitness__M3__L15__eps0p033__g0p015__ds0p01__dm0p3
Problem: QUBO
Kernel: rbf
Advantage: normalizedfitness
M: 3
lambda: 15
epsilon_svgd: 0.033
gamma: 0.015
decay_start_ratio: 0.01
decay_min_factor: 0.3
bandwith_kernel: None
no_interact: False
avg_score: -1047.0999755859375
median_score: -1044.0
std_score: 88.67068481445312
percentiles: 2%=-1238.06005859375, 5%=-1184.050048828125, 10%=-1147.4000244140625, 25%=-1101.5, 50%=-1044.0, 75%=-996.75, 90%=-916.7000122070312, 95%=-899.8500366210938, 98%=-866.7999267578125
ranking_best_algo: BigLognormalDiscreteOnePlusOne
ranking_best_score: 1301.3600000000004
ranking_my_rank: 217/504 (57.1%)
ranking_my_percent: 57.142857142857146
