ConfigName: kjsd__advperagentrankweighted__M3__L20__eps0p007__g0p003__ds0p2__dm0p1
Problem: QUBO
Kernel: jsd
Advantage: peragentrankweighted
M: 3
lambda: 20
epsilon_svgd: 0.007
gamma: 0.003
decay_start_ratio: 0.2
decay_min_factor: 0.1
bandwith_kernel: None
no_interact: False
avg_score: -138.3000030517578
median_score: -139.0
std_score: 11.90420150756836
percentiles: 2%=-159.0399932861328, 5%=-158.0, 10%=-154.1999969482422, 25%=-146.0, 50%=-139.0, 75%=-129.75, 90%=-123.0, 95%=-120.9000015258789, 98%=-115.9000015258789
ranking_best_algo: DiscreteDE
ranking_best_score: 143.4
ranking_my_rank: 108/504 (78.8%)
ranking_my_percent: 78.76984126984127
