ConfigName: kjsd__advperagentrankweighted__M5__L8__eps0p01__g0p0007__ds0p4__dm0p2
Problem: QUBO
Kernel: jsd
Advantage: peragentrankweighted
M: 5
lambda: 8
epsilon_svgd: 0.01
gamma: 0.0007
decay_start_ratio: 0.4
decay_min_factor: 0.2
bandwith_kernel: None
no_interact: False
avg_score: -310.9200134277344
median_score: -317.0
std_score: 38.08088302612305
percentiles: 2%=-390.0, 5%=-376.5, 10%=-360.20001220703125, 25%=-338.0, 50%=-317.0, 75%=-275.75, 90%=-265.79998779296875, 95%=-258.8500061035156, 98%=-253.0
ranking_best_algo: CMApara
ranking_best_score: 319.29999999999995
ranking_my_rank: 40/504 (92.3%)
ranking_my_percent: 92.26190476190476
