ConfigName: krbf__advnormalizedfitness__M4__L12__eps0p033__g0p01__ds0p3__dm0p01
Problem: QUBO
Kernel: rbf
Advantage: normalizedfitness
M: 4
lambda: 12
epsilon_svgd: 0.033
gamma: 0.01
decay_start_ratio: 0.3
decay_min_factor: 0.01
bandwith_kernel: None
no_interact: False
avg_score: -2222.280029296875
median_score: -2190.5
std_score: 191.10940551757812
percentiles: 2%=-2606.280029296875, 5%=-2531.14990234375, 10%=-2464.699951171875, 25%=-2365.25, 50%=-2190.5, 75%=-2068.75, 90%=-1967.5999755859375, 95%=-1946.6500244140625, 98%=-1889.719970703125
ranking_best_algo: SVM1MetaModelLogNormal
ranking_best_score: 2605.14
ranking_my_rank: 178/504 (64.9%)
ranking_my_percent: 64.88095238095238
