ConfigName: kfr__advglobalrankweighted__M4__L24__eps0p015__g0p007__ds0p01__dm0p01
Problem: QUBO
Kernel: fr
Advantage: globalrankweighted
M: 4
lambda: 24
epsilon_svgd: 0.015
gamma: 0.007
decay_start_ratio: 0.01
decay_min_factor: 0.01
bandwith_kernel: None
no_interact: False
avg_score: -1218.800048828125
median_score: -1224.0
std_score: 84.49722290039062
percentiles: 2%=-1382.3800048828125, 5%=-1363.050048828125, 10%=-1323.0999755859375, 25%=-1270.0, 50%=-1224.0, 75%=-1160.5, 90%=-1118.0, 95%=-1084.9000244140625, 98%=-1043.659912109375
ranking_best_algo: NLOPT_LN_PRAXIS
ranking_best_score: 1607.12
ranking_my_rank: 238/504 (53.0%)
ranking_my_percent: 52.976190476190474
