ConfigName: kjsd__advperagentrankweighted__M4__L30__eps0p01__g0p0007__ds0p05__dm0p05
Problem: QUBO
Kernel: jsd
Advantage: peragentrankweighted
M: 4
lambda: 30
epsilon_svgd: 0.01
gamma: 0.0007
decay_start_ratio: 0.05
decay_min_factor: 0.05
bandwith_kernel: None
no_interact: False
avg_score: -1303.239990234375
median_score: -1304.0
std_score: 55.526588439941406
percentiles: 2%=-1413.1600341796875, 5%=-1392.199951171875, 10%=-1376.300048828125, 25%=-1341.5, 50%=-1304.0, 75%=-1259.25, 90%=-1240.5, 95%=-1225.0, 98%=-1186.9599609375
ranking_best_algo: BigLognormalDiscreteOnePlusOne
ranking_best_score: 1301.3600000000004
ranking_my_rank: 1/504 (100.0%)
ranking_my_percent: 100.0
