ConfigName: kjsd__advperagentrankweighted__M3__L18__eps0p01__g0p0007__ds0p2__dm0p05
Problem: QUBO
Kernel: jsd
Advantage: peragentrankweighted
M: 3
lambda: 18
epsilon_svgd: 0.01
gamma: 0.0007
decay_start_ratio: 0.2
decay_min_factor: 0.05
bandwith_kernel: None
no_interact: False
avg_score: -424.5799865722656
median_score: -426.5
std_score: 25.064388275146484
percentiles: 2%=-469.1600036621094, 5%=-465.1000061035156, 10%=-459.1000061035156, 25%=-441.0, 50%=-426.5, 75%=-409.0, 90%=-390.6000061035156, 95%=-383.8999938964844, 98%=-378.6600036621094
ranking_best_algo: CMAL3
ranking_best_score: 435.36
ranking_my_rank: 30/504 (94.2%)
ranking_my_percent: 94.24603174603175
