ConfigName: krbf__advnormalizedfitness__M4__L12__eps0p015__g0p007__ds0p3__dm0p01
Problem: QUBO
Kernel: rbf
Advantage: normalizedfitness
M: 4
lambda: 12
epsilon_svgd: 0.015
gamma: 0.007
decay_start_ratio: 0.3
decay_min_factor: 0.01
bandwith_kernel: None
no_interact: False
avg_score: -405.94000244140625
median_score: -405.0
std_score: 28.894920349121094
percentiles: 2%=-465.0400085449219, 5%=-457.0, 10%=-449.0, 25%=-428.25, 50%=-405.0, 75%=-383.75, 90%=-370.79998779296875, 95%=-362.0, 98%=-352.8599853515625
ranking_best_algo: CMAL3
ranking_best_score: 435.36
ranking_my_rank: 217/504 (57.1%)
ranking_my_percent: 57.142857142857146
