ConfigName: kjsd__advperagentrankweighted__M3__L16__eps0p007__g0p0007__ds0p05__dm0p2
Problem: QUBO
Kernel: jsd
Advantage: peragentrankweighted
M: 3
lambda: 16
epsilon_svgd: 0.007
gamma: 0.0007
decay_start_ratio: 0.05
decay_min_factor: 0.2
bandwith_kernel: None
no_interact: False
avg_score: -441.4200134277344
median_score: -446.5
std_score: 26.451156616210938
percentiles: 2%=-489.05999755859375, 5%=-481.1000061035156, 10%=-472.0, 25%=-461.25, 50%=-446.5, 75%=-422.5, 90%=-404.0, 95%=-396.70001220703125, 98%=-387.0
ranking_best_algo: CMApara
ranking_best_score: 453.82
ranking_my_rank: 11/504 (98.0%)
ranking_my_percent: 98.01587301587301
