ConfigName: kjsd__advperagentrankweighted__M6__L12__eps0p008__g0p0005__ds0p3__dm0p05
Problem: NK
Kernel: jsd
Advantage: peragentrankweighted
M: 6
lambda: 12
epsilon_svgd: 0.008
gamma: 0.0005
decay_start_ratio: 0.3
decay_min_factor: 0.05
bandwith_kernel: None
no_interact: False
avg_score: 0.7555599808692932
median_score: 0.753953218460083
std_score: 0.012080206535756588
percentiles: 2%=0.7332625389099121, 5%=0.7375208735466003, 10%=0.739709734916687, 25%=0.7464979887008667, 50%=0.753953218460083, 75%=0.7650310397148132, 90%=0.7716256380081177, 95%=0.7742292881011963, 98%=0.7795732021331787
ranking_best_algo: Tabu
ranking_best_score: 0.7657846284375001
ranking_my_rank: 5/504 (99.2%)
ranking_my_percent: 99.2063492063492
