ConfigName: kjsd__advperagentrankweighted__M3__L16__eps0p01__g0p003__ds0p2__dm0p2
Problem: NK
Kernel: jsd
Advantage: peragentrankweighted
M: 3
lambda: 16
epsilon_svgd: 0.01
gamma: 0.003
decay_start_ratio: 0.2
decay_min_factor: 0.2
bandwith_kernel: None
no_interact: False
avg_score: 0.7369818091392517
median_score: 0.7382657527923584
std_score: 0.008640414103865623
percentiles: 2%=0.7192893028259277, 5%=0.721953809261322, 10%=0.7240608930587769, 25%=0.7310501337051392, 50%=0.7382657527923584, 75%=0.7437587380409241, 90%=0.7467344999313354, 95%=0.7487468719482422, 98%=0.751239538192749
ranking_best_algo: PBIL
ranking_best_score: 0.730509098125
ranking_my_rank: 1/504 (100.0%)
ranking_my_percent: 100.0
