ConfigName: kjsd__advperagentrankweighted__M5__L28__eps0p008__g0p0005__ds0p05__dm0p05
Problem: QUBO
Kernel: jsd
Advantage: peragentrankweighted
M: 5
lambda: 28
epsilon_svgd: 0.008
gamma: 0.0005
decay_start_ratio: 0.05
decay_min_factor: 0.05
bandwith_kernel: None
no_interact: False
avg_score: -328.94000244140625
median_score: -333.0
std_score: 21.933452606201172
percentiles: 2%=-372.0, 5%=-357.0, 10%=-350.0, 25%=-343.0, 50%=-333.0, 75%=-319.0, 90%=-300.0, 95%=-296.0, 98%=-281.4800109863281
ranking_best_algo: CMApara
ranking_best_score: 344.22
ranking_my_rank: 83/504 (83.7%)
ranking_my_percent: 83.73015873015873
