ConfigName: krbf__advnormalizedfitness__M4__L12__eps0p025__g0p01__ds0p15__dm0p01
Problem: QUBO
Kernel: rbf
Advantage: normalizedfitness
M: 4
lambda: 12
epsilon_svgd: 0.025
gamma: 0.01
decay_start_ratio: 0.15
decay_min_factor: 0.01
bandwith_kernel: None
no_interact: False
avg_score: -417.2200012207031
median_score: -418.0
std_score: 25.199832916259766
percentiles: 2%=-465.0799865722656, 5%=-457.20001220703125, 10%=-453.1000061035156, 25%=-434.0, 50%=-418.0, 75%=-400.0, 90%=-382.0, 95%=-378.8500061035156, 98%=-371.9599914550781
ranking_best_algo: Tabu
ranking_best_score: 438.12
ranking_my_rank: 41/504 (92.1%)
ranking_my_percent: 92.06349206349206
