ConfigName: krbf__advnormalizedfitness__M4__L12__eps0p025__g0p005__ds0p01__dm0p01
Problem: QUBO
Kernel: rbf
Advantage: normalizedfitness
M: 4
lambda: 12
epsilon_svgd: 0.025
gamma: 0.005
decay_start_ratio: 0.01
decay_min_factor: 0.01
bandwith_kernel: None
no_interact: False
avg_score: -932.5800170898438
median_score: -937.0
std_score: 61.75373077392578
percentiles: 2%=-1050.06005859375, 5%=-1029.050048828125, 10%=-1019.0999755859375, 25%=-973.25, 50%=-937.0, 75%=-881.75, 90%=-848.7999877929688, 95%=-826.800048828125, 98%=-814.7999267578125
ranking_best_algo: CMApara
ranking_best_score: 964.9
ranking_my_rank: 19/504 (96.4%)
ranking_my_percent: 96.42857142857143
