ConfigName: krbf__advnormalizedfitness__M4__L10__eps0p02__g0p001__ds0p05__dm0p05
Problem: NK
Kernel: rbf
Advantage: normalizedfitness
M: 4
lambda: 10
epsilon_svgd: 0.02
gamma: 0.001
decay_start_ratio: 0.05
decay_min_factor: 0.05
bandwith_kernel: None
no_interact: False
avg_score: 0.7316799759864807
median_score: 0.7329815030097961
std_score: 0.010159934870898724
percentiles: 2%=0.7103229761123657, 5%=0.7125937342643738, 10%=0.7167780995368958, 25%=0.7249999046325684, 50%=0.7329815030097961, 75%=0.7381811738014221, 90%=0.7418527007102966, 95%=0.7485541701316833, 98%=0.7509457468986511
ranking_best_algo: PBIL
ranking_best_score: 0.733570253046875
ranking_my_rank: 2/504 (99.8%)
ranking_my_percent: 99.8015873015873
