ConfigName: kjsd__advperagentrankweighted__M3__L16__eps0p005__g0p0007__ds0p2__dm0p2
Problem: NK
Kernel: jsd
Advantage: peragentrankweighted
M: 3
lambda: 16
epsilon_svgd: 0.005
gamma: 0.0007
decay_start_ratio: 0.2
decay_min_factor: 0.2
bandwith_kernel: None
no_interact: False
avg_score: 0.7471315264701843
median_score: 0.7477075457572937
std_score: 0.009066478349268436
percentiles: 2%=0.7236768007278442, 5%=0.7328943014144897, 10%=0.7342755794525146, 25%=0.7424881458282471, 50%=0.7477075457572937, 75%=0.7531346082687378, 90%=0.7587456107139587, 95%=0.7609414458274841, 98%=0.7644950151443481
ranking_best_algo: PBIL
ranking_best_score: 0.733570253046875
ranking_my_rank: 1/504 (100.0%)
ranking_my_percent: 100.0
