ConfigName: krbf__advnormalizedfitness__M4__L10__eps0p015__g0p015__ds0p3__dm0p01
Problem: QUBO
Kernel: rbf
Advantage: normalizedfitness
M: 4
lambda: 10
epsilon_svgd: 0.015
gamma: 0.015
decay_start_ratio: 0.3
decay_min_factor: 0.01
bandwith_kernel: None
no_interact: False
avg_score: -402.5
median_score: -398.0
std_score: 45.71290588378906
percentiles: 2%=-497.2799987792969, 5%=-482.45001220703125, 10%=-470.1000061035156, 25%=-435.75, 50%=-398.0, 75%=-369.75, 90%=-350.79998779296875, 95%=-337.7500305175781, 98%=-330.8199462890625
ranking_best_algo: Tabu
ranking_best_score: 588.7199999999999
ranking_my_rank: 328/503 (35.0%)
ranking_my_percent: 34.990059642147116
