ConfigName: krbf__advnormalizedfitness__M3__L10__eps0p015__g0p015__ds0p01__dm0p01
Problem: QUBO
Kernel: rbf
Advantage: normalizedfitness
M: 3
lambda: 10
epsilon_svgd: 0.015
gamma: 0.015
decay_start_ratio: 0.01
decay_min_factor: 0.01
bandwith_kernel: None
no_interact: False
avg_score: -140.27999877929688
median_score: -141.0
std_score: 10.80932903289795
percentiles: 2%=-159.02000427246094, 5%=-158.0, 10%=-156.0, 25%=-147.25, 50%=-141.0, 75%=-131.0, 90%=-127.0, 95%=-125.0, 98%=-122.77995300292969
ranking_best_algo: DiscreteDE
ranking_best_score: 143.4
ranking_my_rank: 78/504 (84.7%)
ranking_my_percent: 84.72222222222223
