ConfigName: krbf__advnormalizedfitness__M4__L10__eps0p025__g0p015__ds0p01__dm0p3
Problem: NK
Kernel: rbf
Advantage: normalizedfitness
M: 4
lambda: 10
epsilon_svgd: 0.025
gamma: 0.015
decay_start_ratio: 0.01
decay_min_factor: 0.3
bandwith_kernel: None
no_interact: False
avg_score: 0.7027411460876465
median_score: 0.7043157815933228
std_score: 0.01590210758149624
percentiles: 2%=0.6604325771331787, 5%=0.6639456748962402, 10%=0.6865732073783875, 25%=0.69744473695755, 50%=0.7043157815933228, 75%=0.7140281796455383, 90%=0.7200018763542175, 95%=0.7242852449417114, 98%=0.7264504432678223
ranking_best_algo: CMApara
ranking_best_score: 0.707475975
ranking_my_rank: 21/504 (96.0%)
ranking_my_percent: 96.03174603174604
