ConfigName: kjsd__advperagentrankweighted__M3__L20__eps0p005__g0p003__ds0p1__dm0p1
Problem: QUBO
Kernel: jsd
Advantage: peragentrankweighted
M: 3
lambda: 20
epsilon_svgd: 0.005
gamma: 0.003
decay_start_ratio: 0.1
decay_min_factor: 0.1
bandwith_kernel: None
no_interact: False
avg_score: -307.0799865722656
median_score: -301.0
std_score: 38.102935791015625
percentiles: 2%=-394.0, 5%=-388.0, 10%=-359.79998779296875, 25%=-330.0, 50%=-301.0, 75%=-272.0, 90%=-264.0, 95%=-262.95001220703125, 98%=-256.9800109863281
ranking_best_algo: CMApara
ranking_best_score: 319.29999999999995
ranking_my_rank: 104/504 (79.6%)
ranking_my_percent: 79.56349206349206
