ConfigName: kjsd__advperagentrankweighted__M5__L8__eps0p03__g0p0007__ds0p2__dm0p05
Problem: QUBO
Kernel: jsd
Advantage: peragentrankweighted
M: 5
lambda: 8
epsilon_svgd: 0.03
gamma: 0.0007
decay_start_ratio: 0.2
decay_min_factor: 0.05
bandwith_kernel: None
no_interact: False
avg_score: -1289.06005859375
median_score: -1290.0
std_score: 53.270408630371094
percentiles: 2%=-1425.06005859375, 5%=-1370.300048828125, 10%=-1353.300048828125, 25%=-1323.5, 50%=-1290.0, 75%=-1243.75, 90%=-1222.9000244140625, 95%=-1208.949951171875, 98%=-1202.8399658203125
ranking_best_algo: BigLognormalDiscreteOnePlusOne
ranking_best_score: 1301.3600000000004
ranking_my_rank: 3/504 (99.6%)
ranking_my_percent: 99.60317460317461
