ConfigName: krbf__advnormalizedfitness__M2__L10__eps0p015__g0p01__ds0p01__dm0p3
Problem: QUBO
Kernel: rbf
Advantage: normalizedfitness
M: 2
lambda: 10
epsilon_svgd: 0.015
gamma: 0.01
decay_start_ratio: 0.01
decay_min_factor: 0.3
bandwith_kernel: None
no_interact: False
avg_score: -1276.800048828125
median_score: -1272.5
std_score: 62.31516647338867
percentiles: 2%=-1397.8800048828125, 5%=-1374.300048828125, 10%=-1349.199951171875, 25%=-1313.25, 50%=-1272.5, 75%=-1237.75, 90%=-1200.699951171875, 95%=-1164.800048828125, 98%=-1136.8800048828125
ranking_best_algo: BigLognormalDiscreteOnePlusOne
ranking_best_score: 1301.3600000000004
ranking_my_rank: 32/504 (93.8%)
ranking_my_percent: 93.84920634920636
