ConfigName: krbf__advnormalizedfitness__M3__L8__eps0p015__g0p005__ds0p3__dm0p3
Problem: NK
Kernel: rbf
Advantage: normalizedfitness
M: 3
lambda: 8
epsilon_svgd: 0.015
gamma: 0.005
decay_start_ratio: 0.3
decay_min_factor: 0.3
bandwith_kernel: None
no_interact: False
avg_score: 0.7376776337623596
median_score: 0.7394301295280457
std_score: 0.008673722855746746
percentiles: 2%=0.721878170967102, 5%=0.7230455279350281, 10%=0.7246890664100647, 25%=0.7302424907684326, 50%=0.7394301295280457, 75%=0.7436771988868713, 90%=0.7466347217559814, 95%=0.7499505281448364, 98%=0.752830445766449
ranking_best_algo: PBIL
ranking_best_score: 0.730509098125
ranking_my_rank: 1/504 (100.0%)
ranking_my_percent: 100.0
