ConfigName: kfr__advglobalrankweighted__M4__L5__eps0p06__g0p001__ds0p01__dm0p01
Problem: NK
Kernel: fr
Advantage: globalrankweighted
M: 4
lambda: 5
epsilon_svgd: 0.06
gamma: 0.001
decay_start_ratio: 0.01
decay_min_factor: 0.01
bandwith_kernel: None
no_interact: False
avg_score: 0.6916452050209045
median_score: 0.6930616497993469
std_score: 0.009191310033202171
percentiles: 2%=0.6724811792373657, 5%=0.6757156848907471, 10%=0.6789924502372742, 25%=0.6851117014884949, 50%=0.6930616497993469, 75%=0.6984651684761047, 90%=0.7014907002449036, 95%=0.7071223855018616, 98%=0.7083523273468018
ranking_best_algo: PBIL
ranking_best_score: 0.7248786399609374
ranking_my_rank: 138/504 (72.8%)
ranking_my_percent: 72.81746031746032
