ConfigName: kjsd__advperagentrankweighted__M6__L28__eps0p008__g0p0005__ds0p05__dm0p05
Problem: QUBO
Kernel: jsd
Advantage: peragentrankweighted
M: 6
lambda: 28
epsilon_svgd: 0.008
gamma: 0.0005
decay_start_ratio: 0.05
decay_min_factor: 0.05
bandwith_kernel: None
no_interact: False
avg_score: -935.5399780273438
median_score: -925.5
std_score: 63.064476013183594
percentiles: 2%=-1061.260009765625, 5%=-1050.300048828125, 10%=-1025.5, 25%=-980.5, 50%=-925.5, 75%=-888.0, 90%=-859.7000122070312, 95%=-847.9500122070312, 98%=-830.9600219726562
ranking_best_algo: CMApara
ranking_best_score: 964.9
ranking_my_rank: 15/504 (97.2%)
ranking_my_percent: 97.22222222222223
