ConfigName: krbf__advnormalizedfitness__M2__L6__eps0p01__g0p006__ds0p01__dm0p01
Problem: QUBO
Kernel: rbf
Advantage: normalizedfitness
M: 2
lambda: 6
epsilon_svgd: 0.01
gamma: 0.006
decay_start_ratio: 0.01
decay_min_factor: 0.01
bandwith_kernel: None
no_interact: False
avg_score: -1616.3199462890625
median_score: -1616.5
std_score: 58.14565658569336
percentiles: 2%=-1728.1199951171875, 5%=-1715.050048828125, 10%=-1695.0999755859375, 25%=-1654.25, 50%=-1616.5, 75%=-1573.5, 90%=-1546.5999755859375, 95%=-1523.0, 98%=-1502.5198974609375
ranking_best_algo: NLOPT_LN_PRAXIS
ranking_best_score: 1607.12
ranking_my_rank: 1/504 (100.0%)
ranking_my_percent: 100.0
