ConfigName: kjsd__advperagentrankweighted__M3__L24__eps0p007__g0p001__ds0p1__dm0p2
Problem: QUBO
Kernel: jsd
Advantage: peragentrankweighted
M: 3
lambda: 24
epsilon_svgd: 0.007
gamma: 0.001
decay_start_ratio: 0.1
decay_min_factor: 0.2
bandwith_kernel: None
no_interact: False
avg_score: -1179.219970703125
median_score: -1179.0
std_score: 53.403106689453125
percentiles: 2%=-1296.02001953125, 5%=-1281.550048828125, 10%=-1245.4000244140625, 25%=-1214.25, 50%=-1179.0, 75%=-1143.25, 90%=-1108.9000244140625, 95%=-1094.800048828125, 98%=-1088.6800537109375
ranking_best_algo: Tabu
ranking_best_score: 1216.16
ranking_my_rank: 70/504 (86.3%)
ranking_my_percent: 86.30952380952381
