ConfigName: kjsd__advperagentrankweighted__M3__L20__eps0p007__g0p003__ds0p05__dm0p05
Problem: NK
Kernel: jsd
Advantage: peragentrankweighted
M: 3
lambda: 20
epsilon_svgd: 0.007
gamma: 0.003
decay_start_ratio: 0.05
decay_min_factor: 0.05
bandwith_kernel: None
no_interact: False
avg_score: 0.7056055665016174
median_score: 0.7073582410812378
std_score: 0.011892440728843212
percentiles: 2%=0.6860719919204712, 5%=0.6876422762870789, 10%=0.6901230216026306, 25%=0.6937177181243896, 50%=0.7073582410812378, 75%=0.7163430452346802, 90%=0.7203502655029297, 95%=0.7218971252441406, 98%=0.7225757241249084
ranking_best_algo: PBIL
ranking_best_score: 0.7013553837109374
ranking_my_rank: 1/504 (100.0%)
ranking_my_percent: 100.0
