ConfigName: kjsd__advperagentrankweighted__M3__L16__eps0p01__g0p0007__ds0p05__dm0p1
Problem: NK
Kernel: jsd
Advantage: peragentrankweighted
M: 3
lambda: 16
epsilon_svgd: 0.01
gamma: 0.0007
decay_start_ratio: 0.05
decay_min_factor: 0.1
bandwith_kernel: None
no_interact: False
avg_score: 0.7525015473365784
median_score: 0.7524544596672058
std_score: 0.012218495830893517
percentiles: 2%=0.7279849052429199, 5%=0.7339550256729126, 10%=0.7354767322540283, 25%=0.7447545528411865, 50%=0.7524544596672058, 75%=0.7618024349212646, 90%=0.7682880759239197, 95%=0.7709755301475525, 98%=0.7773711681365967
ranking_best_algo: Tabu
ranking_best_score: 0.7470791764843752
ranking_my_rank: 1/504 (100.0%)
ranking_my_percent: 100.0
