ConfigName: kjsd__advperagentrankweighted__M5__L10__eps0p02__g0p0005__ds0p05__dm0p05
Problem: QUBO
Kernel: jsd
Advantage: peragentrankweighted
M: 5
lambda: 10
epsilon_svgd: 0.02
gamma: 0.0005
decay_start_ratio: 0.05
decay_min_factor: 0.05
bandwith_kernel: None
no_interact: False
avg_score: -1308.8199462890625
median_score: -1309.0
std_score: 57.330162048339844
percentiles: 2%=-1402.3399658203125, 5%=-1391.300048828125, 10%=-1378.0999755859375, 25%=-1357.5, 50%=-1309.0, 75%=-1266.0, 90%=-1232.800048828125, 95%=-1214.699951171875, 98%=-1175.0
ranking_best_algo: BigLognormalDiscreteOnePlusOne
ranking_best_score: 1301.3600000000004
ranking_my_rank: 1/504 (100.0%)
ranking_my_percent: 100.0
