ConfigName: kjsd__advperagentrankweighted__M3__L24__eps0p007__g0p001__ds0p1__dm0p1
Problem: QUBO
Kernel: jsd
Advantage: peragentrankweighted
M: 3
lambda: 24
epsilon_svgd: 0.007
gamma: 0.001
decay_start_ratio: 0.1
decay_min_factor: 0.1
bandwith_kernel: None
no_interact: False
avg_score: -907.219970703125
median_score: -903.5
std_score: 62.65342330932617
percentiles: 2%=-1022.47998046875, 5%=-1010.25, 10%=-989.2000122070312, 25%=-952.75, 50%=-903.5, 75%=-859.75, 90%=-828.7999877929688, 95%=-807.7000122070312, 98%=-792.760009765625
ranking_best_algo: CMAL3
ranking_best_score: 928.5800000000002
ranking_my_rank: 56/504 (89.1%)
ranking_my_percent: 89.08730158730158
