ConfigName: kfr__advglobalrankweighted__M4__L13__eps0p03__g0p005__ds0p01__dm0p01
Problem: QUBO
Kernel: fr
Advantage: globalrankweighted
M: 4
lambda: 13
epsilon_svgd: 0.03
gamma: 0.005
decay_start_ratio: 0.01
decay_min_factor: 0.01
bandwith_kernel: None
no_interact: False
avg_score: -1216.3199462890625
median_score: -1222.0
std_score: 66.45748901367188
percentiles: 2%=-1332.1400146484375, 5%=-1314.1500244140625, 10%=-1303.199951171875, 25%=-1267.5, 50%=-1222.0, 75%=-1164.5, 90%=-1124.9000244140625, 95%=-1118.6500244140625, 98%=-1094.760009765625
ranking_best_algo: SVMMetaModelLogNormal
ranking_best_score: 1233.7999999999997
ranking_my_rank: 41/504 (92.1%)
ranking_my_percent: 92.06349206349206
