ConfigName: kjsd__advperagentrankweighted__M3__L30__eps0p007__g0p0005__ds0p05__dm0p05
Problem: QUBO
Kernel: jsd
Advantage: peragentrankweighted
M: 3
lambda: 30
epsilon_svgd: 0.007
gamma: 0.0005
decay_start_ratio: 0.05
decay_min_factor: 0.05
bandwith_kernel: None
no_interact: False
avg_score: -1310.8399658203125
median_score: -1313.0
std_score: 52.505950927734375
percentiles: 2%=-1414.0400390625, 5%=-1399.300048828125, 10%=-1377.5, 25%=-1347.25, 50%=-1313.0, 75%=-1270.75, 90%=-1243.800048828125, 95%=-1221.0, 98%=-1216.800048828125
ranking_best_algo: BigLognormalDiscreteOnePlusOne
ranking_best_score: 1301.3600000000004
ranking_my_rank: 1/504 (100.0%)
ranking_my_percent: 100.0
