ConfigName: kjsd__advperagentrankweighted__M3__L18__eps0p01__g0p0007__ds0p2__dm0p2
Problem: NK
Kernel: jsd
Advantage: peragentrankweighted
M: 3
lambda: 18
epsilon_svgd: 0.01
gamma: 0.0007
decay_start_ratio: 0.2
decay_min_factor: 0.2
bandwith_kernel: None
no_interact: False
avg_score: 0.7414567470550537
median_score: 0.738808810710907
std_score: 0.029567120596766472
percentiles: 2%=0.6892462968826294, 5%=0.7018532156944275, 10%=0.7084576487541199, 25%=0.7203712463378906, 50%=0.738808810710907, 75%=0.7543958425521851, 90%=0.7770918011665344, 95%=0.8044298887252808, 98%=0.8117834329605103
ranking_best_algo: CMApara
ranking_best_score: 0.7459277895312499
ranking_my_rank: 26/504 (95.0%)
ranking_my_percent: 95.03968253968254
