ConfigName: krbf__advnormalizedfitness__M4__L12__eps0p015__g0p007__ds0p15__dm0p01
Problem: QUBO
Kernel: rbf
Advantage: normalizedfitness
M: 4
lambda: 12
epsilon_svgd: 0.015
gamma: 0.007
decay_start_ratio: 0.15
decay_min_factor: 0.01
bandwith_kernel: None
no_interact: False
avg_score: -334.55999755859375
median_score: -336.0
std_score: 17.19437026977539
percentiles: 2%=-370.0400085449219, 5%=-357.0, 10%=-354.0, 25%=-346.75, 50%=-336.0, 75%=-324.0, 90%=-310.0, 95%=-302.0, 98%=-297.94000244140625
ranking_best_algo: CMApara
ranking_best_score: 344.22
ranking_my_rank: 62/504 (87.9%)
ranking_my_percent: 87.89682539682539
