ConfigName: kjsd__advperagentrankweighted__M3__L30__eps0p007__g0p001__ds0p2__dm0p05
Problem: QUBO
Kernel: jsd
Advantage: peragentrankweighted
M: 3
lambda: 30
epsilon_svgd: 0.007
gamma: 0.001
decay_start_ratio: 0.2
decay_min_factor: 0.05
bandwith_kernel: None
no_interact: False
avg_score: -201.17999267578125
median_score: -202.5
std_score: 13.32094669342041
percentiles: 2%=-224.0, 5%=-224.0, 10%=-219.0, 25%=-209.5, 50%=-202.5, 75%=-192.5, 90%=-183.89999389648438, 95%=-181.9499969482422, 98%=-174.0
ranking_best_algo: Tabu
ranking_best_score: 208.36000000000004
ranking_my_rank: 41/504 (92.1%)
ranking_my_percent: 92.06349206349206
