ConfigName: kjsd__advperagentrankweighted__M3__L18__eps0p01__g0p001__ds0p2__dm0p2
Problem: NK
Kernel: jsd
Advantage: peragentrankweighted
M: 3
lambda: 18
epsilon_svgd: 0.01
gamma: 0.001
decay_start_ratio: 0.2
decay_min_factor: 0.2
bandwith_kernel: None
no_interact: False
avg_score: 0.7113194465637207
median_score: 0.6981334686279297
std_score: 0.03150279074907303
percentiles: 2%=0.6734704971313477, 5%=0.674265444278717, 10%=0.6772688627243042, 25%=0.6823291182518005, 50%=0.6981334686279297, 75%=0.7455553412437439, 90%=0.7537308931350708, 95%=0.7613165378570557, 98%=0.7613165378570557
ranking_best_algo: CMApara
ranking_best_score: 0.7118996098437498
ranking_my_rank: 2/504 (99.8%)
ranking_my_percent: 99.8015873015873
