ConfigName: kjsd__advperagentrankweighted__M4__L20__eps0p005__g0p001__ds0p1__dm0p2
Problem: NK
Kernel: jsd
Advantage: peragentrankweighted
M: 4
lambda: 20
epsilon_svgd: 0.005
gamma: 0.001
decay_start_ratio: 0.1
decay_min_factor: 0.2
bandwith_kernel: None
no_interact: False
avg_score: 0.7047432661056519
median_score: 0.7076311111450195
std_score: 0.012083074077963829
percentiles: 2%=0.6850266456604004, 5%=0.6868403553962708, 10%=0.6892926692962646, 25%=0.6929518580436707, 50%=0.7076311111450195, 75%=0.7147489786148071, 90%=0.7185842394828796, 95%=0.7220526337623596, 98%=0.7227252125740051
ranking_best_algo: PBIL
ranking_best_score: 0.7013553837109374
ranking_my_rank: 1/504 (100.0%)
ranking_my_percent: 100.0
