ConfigName: krbf__advnormalizedfitness__M4__L15__eps0p025__g0p015__ds0p15__dm0p01
Problem: NK
Kernel: rbf
Advantage: normalizedfitness
M: 4
lambda: 15
epsilon_svgd: 0.025
gamma: 0.015
decay_start_ratio: 0.15
decay_min_factor: 0.01
bandwith_kernel: None
no_interact: False
avg_score: 0.6847677826881409
median_score: 0.6869593858718872
std_score: 0.01206633448600769
percentiles: 2%=0.6658355593681335, 5%=0.6668638586997986, 10%=0.6685606241226196, 25%=0.6733957529067993, 50%=0.6869593858718872, 75%=0.6948604583740234, 90%=0.6999602913856506, 95%=0.7025191187858582, 98%=0.7043417096138
ranking_best_algo: PBIL
ranking_best_score: 0.7013553837109374
ranking_my_rank: 95/504 (81.3%)
ranking_my_percent: 81.34920634920636
