ConfigName: krbf__advnormalizedfitness__M2__L8__eps0p015__g0p015__ds0p01__dm0p01
Problem: QUBO
Kernel: rbf
Advantage: normalizedfitness
M: 2
lambda: 8
epsilon_svgd: 0.015
gamma: 0.015
decay_start_ratio: 0.01
decay_min_factor: 0.01
bandwith_kernel: None
no_interact: False
avg_score: -908.3200073242188
median_score: -903.0
std_score: 63.833831787109375
percentiles: 2%=-1046.02001953125, 5%=-1030.800048828125, 10%=-1008.2999877929688, 25%=-947.0, 50%=-903.0, 75%=-864.75, 90%=-829.7999877929688, 95%=-815.9500122070312, 98%=-801.7000122070312
ranking_best_algo: CMAL3
ranking_best_score: 928.5800000000002
ranking_my_rank: 29/504 (94.4%)
ranking_my_percent: 94.44444444444444
