ConfigName: kjsd__advperagentrankweighted__M5__L28__eps0p008__g0p0005__ds0p3__dm0p05
Problem: NK
Kernel: jsd
Advantage: peragentrankweighted
M: 5
lambda: 28
epsilon_svgd: 0.008
gamma: 0.0005
decay_start_ratio: 0.3
decay_min_factor: 0.05
bandwith_kernel: None
no_interact: False
avg_score: 0.724658727645874
median_score: 0.7248689532279968
std_score: 0.011569226160645485
percentiles: 2%=0.7023205757141113, 5%=0.7032038569450378, 10%=0.7103202939033508, 25%=0.7176513075828552, 50%=0.7248689532279968, 75%=0.7331397533416748, 90%=0.739934504032135, 95%=0.7443445324897766, 98%=0.7507445812225342
ranking_best_algo: Tabu
ranking_best_score: 0.7429702712499999
ranking_my_rank: 4/504 (99.4%)
ranking_my_percent: 99.4047619047619
