ConfigName: krbf__advnormalizedfitness__M4__L10__eps0p025__g0p007__ds0p01__dm0p01
Problem: QUBO
Kernel: rbf
Advantage: normalizedfitness
M: 4
lambda: 10
epsilon_svgd: 0.025
gamma: 0.007
decay_start_ratio: 0.01
decay_min_factor: 0.01
bandwith_kernel: None
no_interact: False
avg_score: -3093.9599609375
median_score: -3084.0
std_score: 211.2565155029297
percentiles: 2%=-3458.56005859375, 5%=-3431.300048828125, 10%=-3401.300048828125, 25%=-3263.75, 50%=-3084.0, 75%=-2928.0, 90%=-2851.0, 95%=-2781.2001953125, 98%=-2633.919921875
ranking_best_algo: RLSOnePlusOne
ranking_best_score: 3316.5199999999995
ranking_my_rank: 84/504 (83.5%)
ranking_my_percent: 83.53174603174604
