ConfigName: kjsd__advperagentrankweighted__M4__L12__eps0p005__g0p0003__ds0p05__dm0p05
Problem: NK
Kernel: jsd
Advantage: peragentrankweighted
M: 4
lambda: 12
epsilon_svgd: 0.005
gamma: 0.0003
decay_start_ratio: 0.05
decay_min_factor: 0.05
bandwith_kernel: None
no_interact: False
avg_score: 0.7172735333442688
median_score: 0.7167485952377319
std_score: 0.0063353972509503365
percentiles: 2%=0.705634593963623, 5%=0.7079585790634155, 10%=0.7099745273590088, 25%=0.712806761264801, 50%=0.7167485952377319, 75%=0.7211008071899414, 90%=0.7256806492805481, 95%=0.7279332876205444, 98%=0.7291457056999207
ranking_best_algo: PBIL
ranking_best_score: 0.7170882103515624
ranking_my_rank: 1/504 (100.0%)
ranking_my_percent: 100.0
