ConfigName: krbf__advnormalizedfitness__M2__L8__eps0p025__g0p01__ds0p01__dm0p01
Problem: QUBO
Kernel: rbf
Advantage: normalizedfitness
M: 2
lambda: 8
epsilon_svgd: 0.025
gamma: 0.01
decay_start_ratio: 0.01
decay_min_factor: 0.01
bandwith_kernel: None
no_interact: False
avg_score: -1184.3399658203125
median_score: -1183.0
std_score: 58.541473388671875
percentiles: 2%=-1307.1800537109375, 5%=-1289.0, 10%=-1258.0, 25%=-1222.25, 50%=-1183.0, 75%=-1142.5, 90%=-1111.5999755859375, 95%=-1087.8499755859375, 98%=-1082.8800048828125
ranking_best_algo: Tabu
ranking_best_score: 1216.16
ranking_my_rank: 64/504 (87.5%)
ranking_my_percent: 87.5
