ConfigName: kjsd__advperagentrankweighted__M3__L16__eps0p007__g0p0007__ds0p2__dm0p05
Problem: QUBO
Kernel: jsd
Advantage: peragentrankweighted
M: 3
lambda: 16
epsilon_svgd: 0.007
gamma: 0.0007
decay_start_ratio: 0.2
decay_min_factor: 0.05
bandwith_kernel: None
no_interact: False
avg_score: -330.5799865722656
median_score: -334.0
std_score: 22.248228073120117
percentiles: 2%=-372.0, 5%=-372.0, 10%=-354.0, 25%=-343.0, 50%=-334.0, 75%=-320.0, 90%=-298.0, 95%=-293.79998779296875, 98%=-277.8800048828125
ranking_best_algo: CMApara
ranking_best_score: 344.22
ranking_my_rank: 77/504 (84.9%)
ranking_my_percent: 84.92063492063492
