ConfigName: krbf__advnormalizedfitness__M4__L8__eps0p033__g0p005__ds0p01__dm0p3
Problem: QUBO
Kernel: rbf
Advantage: normalizedfitness
M: 4
lambda: 8
epsilon_svgd: 0.033
gamma: 0.005
decay_start_ratio: 0.01
decay_min_factor: 0.3
bandwith_kernel: None
no_interact: False
avg_score: -440.5
median_score: -438.5
std_score: 26.45732307434082
percentiles: 2%=-490.0400085449219, 5%=-483.1000061035156, 10%=-475.3999938964844, 25%=-461.25, 50%=-438.5, 75%=-421.75, 90%=-409.5, 95%=-397.9000244140625, 98%=-383.94000244140625
ranking_best_algo: CMApara
ranking_best_score: 453.82
ranking_my_rank: 15/504 (97.2%)
ranking_my_percent: 97.22222222222223
