ConfigName: krbf__advnormalizedfitness__M3__L12__eps0p015__g0p007__ds0p01__dm0p3
Problem: QUBO
Kernel: rbf
Advantage: normalizedfitness
M: 3
lambda: 12
epsilon_svgd: 0.015
gamma: 0.007
decay_start_ratio: 0.01
decay_min_factor: 0.3
bandwith_kernel: None
no_interact: False
avg_score: -1151.9000244140625
median_score: -1163.0
std_score: 88.06729888916016
percentiles: 2%=-1312.1400146484375, 5%=-1299.25, 10%=-1277.4000244140625, 25%=-1206.25, 50%=-1163.0, 75%=-1085.0, 90%=-1024.0, 95%=-999.0, 98%=-984.7599487304688
ranking_best_algo: BigLognormalDiscreteOnePlusOne
ranking_best_score: 1301.3600000000004
ranking_my_rank: 150/504 (70.4%)
ranking_my_percent: 70.43650793650794
