ConfigName: krbf__advnormalizedfitness__M3__L15__eps0p03__g0p005__ds0p05__dm0p05
Problem: QUBO
Kernel: rbf
Advantage: normalizedfitness
M: 3
lambda: 15
epsilon_svgd: 0.03
gamma: 0.005
decay_start_ratio: 0.05
decay_min_factor: 0.05
bandwith_kernel: None
no_interact: False
avg_score: -1286.4200439453125
median_score: -1278.0
std_score: 70.41649627685547
percentiles: 2%=-1447.1600341796875, 5%=-1405.3499755859375, 10%=-1391.0999755859375, 25%=-1331.0, 50%=-1278.0, 75%=-1238.0, 90%=-1202.800048828125, 95%=-1188.9000244140625, 98%=-1182.719970703125
ranking_best_algo: BigLognormalDiscreteOnePlusOne
ranking_best_score: 1301.3600000000004
ranking_my_rank: 4/504 (99.4%)
ranking_my_percent: 99.4047619047619
