ConfigName: kjsd__advperagentrankweighted__M3__L18__eps0p007__g0p0005__ds0p2__dm0p1
Problem: QUBO
Kernel: jsd
Advantage: peragentrankweighted
M: 3
lambda: 18
epsilon_svgd: 0.007
gamma: 0.0005
decay_start_ratio: 0.2
decay_min_factor: 0.1
bandwith_kernel: None
no_interact: False
avg_score: -196.9600067138672
median_score: -196.5
std_score: 13.708333015441895
percentiles: 2%=-224.0, 5%=-221.0500030517578, 10%=-218.0, 25%=-206.0, 50%=-196.5, 75%=-188.0, 90%=-178.89999389648438, 95%=-173.9499969482422, 98%=-170.97999572753906
ranking_best_algo: Tabu
ranking_best_score: 208.36000000000004
ranking_my_rank: 127/504 (75.0%)
ranking_my_percent: 75.0
