ConfigName: kfr__advglobalrankweighted__M4__L13__eps0p03__g0p001__ds0p01__dm0p01
Problem: QUBO
Kernel: fr
Advantage: globalrankweighted
M: 4
lambda: 13
epsilon_svgd: 0.03
gamma: 0.001
decay_start_ratio: 0.01
decay_min_factor: 0.01
bandwith_kernel: None
no_interact: False
avg_score: -890.9400024414062
median_score: -889.0
std_score: 61.463294982910156
percentiles: 2%=-1018.1199951171875, 5%=-988.0999755859375, 10%=-966.7000122070312, 25%=-937.5, 50%=-889.0, 75%=-846.75, 90%=-808.4000244140625, 95%=-792.9500122070312, 98%=-787.6199951171875
ranking_best_algo: CMAL3
ranking_best_score: 928.5800000000002
ranking_my_rank: 98/504 (80.8%)
ranking_my_percent: 80.75396825396825
