ConfigName: kjsd__advperagentrankweighted__M10__L24__eps0p005__g0p0005__ds0p3__dm0p05
Problem: NK
Kernel: jsd
Advantage: peragentrankweighted
M: 10
lambda: 24
epsilon_svgd: 0.005
gamma: 0.0005
decay_start_ratio: 0.3
decay_min_factor: 0.05
bandwith_kernel: None
no_interact: False
avg_score: 0.7404313683509827
median_score: 0.7401009798049927
std_score: 0.0311699528247118
percentiles: 2%=0.691994309425354, 5%=0.6969344019889832, 10%=0.6997014880180359, 25%=0.7120376825332642, 50%=0.7401009798049927, 75%=0.7573026418685913, 90%=0.7762578129768372, 95%=0.8044298887252808, 98%=0.8044407367706299
ranking_best_algo: CMApara
ranking_best_score: 0.7459277895312499
ranking_my_rank: 45/504 (91.3%)
ranking_my_percent: 91.26984126984127
