ConfigName: kjsd__advperagentrankweighted__M4__L20__eps0p005__g0p0005__ds0p05__dm0p2
Problem: NK
Kernel: jsd
Advantage: peragentrankweighted
M: 4
lambda: 20
epsilon_svgd: 0.005
gamma: 0.0005
decay_start_ratio: 0.05
decay_min_factor: 0.2
bandwith_kernel: None
no_interact: False
avg_score: 0.737342119216919
median_score: 0.7383328676223755
std_score: 0.009738142602145672
percentiles: 2%=0.716494083404541, 5%=0.7196376919746399, 10%=0.7222564220428467, 25%=0.7311793565750122, 50%=0.7383328676223755, 75%=0.7442137598991394, 90%=0.7481124401092529, 95%=0.7522690892219543, 98%=0.7544583082199097
ranking_best_algo: PBIL
ranking_best_score: 0.730509098125
ranking_my_rank: 1/504 (100.0%)
ranking_my_percent: 100.0
