ConfigName: krbf__advnormalizedfitness__M3__L15__eps0p015__g0p015__ds0p01__dm0p01
Problem: QUBO
Kernel: rbf
Advantage: normalizedfitness
M: 3
lambda: 15
epsilon_svgd: 0.015
gamma: 0.015
decay_start_ratio: 0.01
decay_min_factor: 0.01
bandwith_kernel: None
no_interact: False
avg_score: -1005.7999877929688
median_score: -1016.5
std_score: 76.69380950927734
percentiles: 2%=-1145.280029296875, 5%=-1120.25, 10%=-1104.300048828125, 25%=-1064.0, 50%=-1016.5, 75%=-948.0, 90%=-912.9000244140625, 95%=-890.4000244140625, 98%=-832.8599853515625
ranking_best_algo: BigLognormalDiscreteOnePlusOne
ranking_best_score: 1301.3600000000004
ranking_my_rank: 274/504 (45.8%)
ranking_my_percent: 45.833333333333336
