ConfigName: krbf__advnormalizedfitness__M3__L10__eps0p015__g0p01__ds0p15__dm0p01
Problem: QUBO
Kernel: rbf
Advantage: normalizedfitness
M: 3
lambda: 10
epsilon_svgd: 0.015
gamma: 0.01
decay_start_ratio: 0.15
decay_min_factor: 0.01
bandwith_kernel: None
no_interact: False
avg_score: -330.1000061035156
median_score: -334.0
std_score: 24.00812339782715
percentiles: 2%=-372.0, 5%=-366.29998779296875, 10%=-357.0, 25%=-346.0, 50%=-334.0, 75%=-316.0, 90%=-295.8999938964844, 95%=-283.9000244140625, 98%=-273.9599914550781
ranking_best_algo: CMApara
ranking_best_score: 344.22
ranking_my_rank: 79/504 (84.5%)
ranking_my_percent: 84.52380952380952
