ConfigName: krbf__advnormalizedfitness__M2__L10__eps0p01__g0p005__ds0p01__dm0p01
Problem: QUBO
Kernel: rbf
Advantage: normalizedfitness
M: 2
lambda: 10
epsilon_svgd: 0.01
gamma: 0.005
decay_start_ratio: 0.01
decay_min_factor: 0.01
bandwith_kernel: None
no_interact: False
avg_score: -1628.6800537109375
median_score: -1619.0
std_score: 67.78080749511719
percentiles: 2%=-1760.239990234375, 5%=-1742.300048828125, 10%=-1727.5999755859375, 25%=-1672.5, 50%=-1619.0, 75%=-1580.75, 90%=-1551.0, 95%=-1522.5999755859375, 98%=-1512.719970703125
ranking_best_algo: NLOPT_LN_PRAXIS
ranking_best_score: 1607.12
ranking_my_rank: 1/504 (100.0%)
ranking_my_percent: 100.0
