ConfigName: kjsd__advperagentrankweighted__M4__L8__eps0p02__g0p0005__ds0p2__dm0p05
Problem: NK
Kernel: jsd
Advantage: peragentrankweighted
M: 4
lambda: 8
epsilon_svgd: 0.02
gamma: 0.0005
decay_start_ratio: 0.2
decay_min_factor: 0.05
bandwith_kernel: None
no_interact: False
avg_score: 0.7382174134254456
median_score: 0.7349519729614258
std_score: 0.028623461723327637
percentiles: 2%=0.69600909948349, 5%=0.7016533613204956, 10%=0.7072114944458008, 25%=0.7182384729385376, 50%=0.7349519729614258, 75%=0.7518268823623657, 90%=0.7716306447982788, 95%=0.8044298887252808, 98%=0.8044829368591309
ranking_best_algo: CMApara
ranking_best_score: 0.7459277895312499
ranking_my_rank: 62/504 (87.9%)
ranking_my_percent: 87.89682539682539
