ConfigName: kjsd__advperagentrankweighted__M3__L20__eps0p007__g0p0007__ds0p1__dm0p05
Problem: QUBO
Kernel: jsd
Advantage: peragentrankweighted
M: 3
lambda: 20
epsilon_svgd: 0.007
gamma: 0.0007
decay_start_ratio: 0.1
decay_min_factor: 0.05
bandwith_kernel: None
no_interact: False
avg_score: -412.70001220703125
median_score: -416.5
std_score: 25.02698516845703
percentiles: 2%=-465.0799865722656, 5%=-452.04998779296875, 10%=-442.3999938964844, 25%=-427.25, 50%=-416.5, 75%=-395.5, 90%=-377.79998779296875, 95%=-371.79998779296875, 98%=-365.9599914550781
ranking_best_algo: Tabu
ranking_best_score: 438.12
ranking_my_rank: 65/504 (87.3%)
ranking_my_percent: 87.3015873015873
