ConfigName: kjsd__advperagentrankweighted__M4__L12__eps0p005__g0p0005__ds0p1__dm0p2
Problem: QUBO
Kernel: jsd
Advantage: peragentrankweighted
M: 4
lambda: 12
epsilon_svgd: 0.005
gamma: 0.0005
decay_start_ratio: 0.1
decay_min_factor: 0.2
bandwith_kernel: None
no_interact: False
avg_score: -200.60000610351562
median_score: -201.0
std_score: 11.86254596710205
percentiles: 2%=-224.0, 5%=-221.0500030517578, 10%=-216.1999969482422, 25%=-209.0, 50%=-201.0, 75%=-190.75, 90%=-184.89999389648438, 95%=-181.9499969482422, 98%=-179.9199981689453
ranking_best_algo: Tabu
ranking_best_score: 208.36000000000004
ranking_my_rank: 46/504 (91.1%)
ranking_my_percent: 91.07142857142857
