ConfigName: krbf__advnormalizedfitness__M4__L8__eps0p033__g0p007__ds0p15__dm0p3
Problem: QUBO
Kernel: rbf
Advantage: normalizedfitness
M: 4
lambda: 8
epsilon_svgd: 0.033
gamma: 0.007
decay_start_ratio: 0.15
decay_min_factor: 0.3
bandwith_kernel: None
no_interact: False
avg_score: -2433.760009765625
median_score: -2429.5
std_score: 151.3774871826172
percentiles: 2%=-2732.199951171875, 5%=-2687.449951171875, 10%=-2618.10009765625, 25%=-2541.0, 50%=-2429.5, 75%=-2324.0, 90%=-2224.0, 95%=-2201.80029296875, 98%=-2142.699951171875
ranking_best_algo: SVM1MetaModelLogNormal
ranking_best_score: 2605.14
ranking_my_rank: 89/504 (82.5%)
ranking_my_percent: 82.53968253968254
