ConfigName: kjsd__advperagentrankweighted__M3__L20__eps0p01__g0p0005__ds0p05__dm0p1
Problem: NK
Kernel: jsd
Advantage: peragentrankweighted
M: 3
lambda: 20
epsilon_svgd: 0.01
gamma: 0.0005
decay_start_ratio: 0.05
decay_min_factor: 0.1
bandwith_kernel: None
no_interact: False
avg_score: 0.7198169231414795
median_score: 0.7187420129776001
std_score: 0.007192080374807119
percentiles: 2%=0.7072336673736572, 5%=0.7080270648002625, 10%=0.7105474472045898, 25%=0.714661180973053, 50%=0.7187420129776001, 75%=0.724372148513794, 90%=0.7293629050254822, 95%=0.7326726317405701, 98%=0.7345733642578125
ranking_best_algo: PBIL
ranking_best_score: 0.7170882103515624
ranking_my_rank: 1/504 (100.0%)
ranking_my_percent: 100.0
