ConfigName: kfr__advglobalrankweighted__M1__L11__eps0p01__g0p005__ds0p01__dm0p01
Problem: QUBO
Kernel: fr
Advantage: globalrankweighted
M: 1
lambda: 11
epsilon_svgd: 0.01
gamma: 0.005
decay_start_ratio: 0.01
decay_min_factor: 0.01
bandwith_kernel: None
no_interact: False
avg_score: -560.2999877929688
median_score: -558.0
std_score: 31.062999725341797
percentiles: 2%=-631.0, 5%=-619.2000122070312, 10%=-606.0, 25%=-579.0, 50%=-558.0, 75%=-536.75, 90%=-525.5999755859375, 95%=-519.7000122070312, 98%=-510.89996337890625
ranking_best_algo: Tabu
ranking_best_score: 588.7199999999999
ranking_my_rank: 100/503 (80.3%)
ranking_my_percent: 80.31809145129225
