ConfigName: krbf__advnormalizedfitness__M4__L15__eps0p025__g0p015__ds0p3__dm0p01
Problem: QUBO
Kernel: rbf
Advantage: normalizedfitness
M: 4
lambda: 15
epsilon_svgd: 0.025
gamma: 0.015
decay_start_ratio: 0.3
decay_min_factor: 0.01
bandwith_kernel: None
no_interact: False
avg_score: -869.239990234375
median_score: -855.5
std_score: 113.71614837646484
percentiles: 2%=-1129.0799560546875, 5%=-1063.75, 10%=-1039.800048828125, 25%=-947.5, 50%=-855.5, 75%=-781.75, 90%=-734.7000122070312, 95%=-711.4000244140625, 98%=-666.9599609375
ranking_best_algo: Tabu
ranking_best_score: 1216.16
ranking_my_rank: 330/504 (34.7%)
ranking_my_percent: 34.72222222222222
