ConfigName: kjsd__advperagentrankweighted__M5__L8__eps0p01__g0p0005__ds0p05__dm0p2
Problem: QUBO
Kernel: jsd
Advantage: peragentrankweighted
M: 5
lambda: 8
epsilon_svgd: 0.01
gamma: 0.0005
decay_start_ratio: 0.05
decay_min_factor: 0.2
bandwith_kernel: None
no_interact: False
avg_score: -1614.5799560546875
median_score: -1608.5
std_score: 62.908531188964844
percentiles: 2%=-1740.0400390625, 5%=-1728.300048828125, 10%=-1699.0, 25%=-1655.0, 50%=-1608.5, 75%=-1575.25, 90%=-1540.800048828125, 95%=-1514.4000244140625, 98%=-1490.9000244140625
ranking_best_algo: NLOPT_LN_PRAXIS
ranking_best_score: 1607.12
ranking_my_rank: 1/504 (100.0%)
ranking_my_percent: 100.0
