ConfigName: kjsd__advperagentrankweighted__M4__L30__eps0p005__g0p0005__ds0p2__dm0p05
Problem: QUBO
Kernel: jsd
Advantage: peragentrankweighted
M: 4
lambda: 30
epsilon_svgd: 0.005
gamma: 0.0005
decay_start_ratio: 0.2
decay_min_factor: 0.05
bandwith_kernel: None
no_interact: False
avg_score: -912.1199951171875
median_score: -911.5
std_score: 68.52332305908203
percentiles: 2%=-1048.0799560546875, 5%=-1022.0999755859375, 10%=-1004.5999755859375, 25%=-960.0, 50%=-911.5, 75%=-860.5, 90%=-824.7999877929688, 95%=-804.9000244140625, 98%=-799.739990234375
ranking_best_algo: CMAL3
ranking_best_score: 928.5800000000002
ranking_my_rank: 20/504 (96.2%)
ranking_my_percent: 96.23015873015873
