ConfigName: krbf__advnormalizedfitness__M3__L8__eps0p033__g0p005__ds0p3__dm0p01
Problem: QUBO
Kernel: rbf
Advantage: normalizedfitness
M: 3
lambda: 8
epsilon_svgd: 0.033
gamma: 0.005
decay_start_ratio: 0.3
decay_min_factor: 0.01
bandwith_kernel: None
no_interact: False
avg_score: -201.05999755859375
median_score: -200.0
std_score: 12.352992057800293
percentiles: 2%=-224.0, 5%=-222.0, 10%=-220.10000610351562, 25%=-209.25, 50%=-200.0, 75%=-193.0, 90%=-184.89999389648438, 95%=-182.90000915527344, 98%=-177.97999572753906
ranking_best_algo: Tabu
ranking_best_score: 208.36000000000004
ranking_my_rank: 42/504 (91.9%)
ranking_my_percent: 91.86507936507937
