ConfigName: krbf__advnormalizedfitness__M3__L8__eps0p015__g0p005__ds0p01__dm0p01
Problem: QUBO
Kernel: rbf
Advantage: normalizedfitness
M: 3
lambda: 8
epsilon_svgd: 0.015
gamma: 0.005
decay_start_ratio: 0.01
decay_min_factor: 0.01
bandwith_kernel: None
no_interact: False
avg_score: -579.739990234375
median_score: -580.0
std_score: 29.150856018066406
percentiles: 2%=-639.0, 5%=-627.0499877929688, 10%=-617.4000244140625, 25%=-597.25, 50%=-580.0, 75%=-559.75, 90%=-538.7999877929688, 95%=-530.0, 98%=-525.8199462890625
ranking_best_algo: Tabu
ranking_best_score: 588.7199999999999
ranking_my_rank: 40/503 (92.2%)
ranking_my_percent: 92.2465208747515
