ConfigName: kfr__advglobalrankweighted__M5__L9__eps0p015__g0p005__ds0p01__dm0p01
Problem: QUBO
Kernel: fr
Advantage: globalrankweighted
M: 5
lambda: 9
epsilon_svgd: 0.015
gamma: 0.005
decay_start_ratio: 0.01
decay_min_factor: 0.01
bandwith_kernel: None
no_interact: False
avg_score: -333.1400146484375
median_score: -334.0
std_score: 18.94361114501953
percentiles: 2%=-372.0, 5%=-361.54998779296875, 10%=-354.0, 25%=-346.0, 50%=-334.0, 75%=-322.0, 90%=-308.0, 95%=-299.9000244140625, 98%=-293.7199401855469
ranking_best_algo: CMApara
ranking_best_score: 344.22
ranking_my_rank: 68/504 (86.7%)
ranking_my_percent: 86.7063492063492
