ConfigName: kjsd__advperagentrankweighted__M4__L12__eps0p01__g0p0005__ds0p05__dm0p05
Problem: QUBO
Kernel: jsd
Advantage: peragentrankweighted
M: 4
lambda: 12
epsilon_svgd: 0.01
gamma: 0.0005
decay_start_ratio: 0.05
decay_min_factor: 0.05
bandwith_kernel: None
no_interact: False
avg_score: -2598.60009765625
median_score: -2588.5
std_score: 110.59691619873047
percentiles: 2%=-2823.260009765625, 5%=-2792.35009765625, 10%=-2765.0, 25%=-2659.25, 50%=-2588.5, 75%=-2527.25, 90%=-2473.89990234375, 95%=-2424.5, 98%=-2378.0
ranking_best_algo: SVM1MetaModelLogNormal
ranking_best_score: 2605.14
ranking_my_rank: 2/504 (99.8%)
ranking_my_percent: 99.8015873015873
