ConfigName: kjsd__advperagentrankweighted__M3__L30__eps0p007__g0p001__ds0p05__dm0p1
Problem: QUBO
Kernel: jsd
Advantage: peragentrankweighted
M: 3
lambda: 30
epsilon_svgd: 0.007
gamma: 0.001
decay_start_ratio: 0.05
decay_min_factor: 0.1
bandwith_kernel: None
no_interact: False
avg_score: -1190.6600341796875
median_score: -1187.5
std_score: 63.5904426574707
percentiles: 2%=-1345.3599853515625, 5%=-1299.0999755859375, 10%=-1271.0, 25%=-1229.25, 50%=-1187.5, 75%=-1143.5, 90%=-1113.699951171875, 95%=-1098.199951171875, 98%=-1071.9000244140625
ranking_best_algo: Tabu
ranking_best_score: 1216.16
ranking_my_rank: 55/504 (89.3%)
ranking_my_percent: 89.28571428571429
