ConfigName: krbf__advnormalizedfitness__M3__L15__eps0p02__g0p005__ds0p15__dm0p05
Problem: NK
Kernel: rbf
Advantage: normalizedfitness
M: 3
lambda: 15
epsilon_svgd: 0.02
gamma: 0.005
decay_start_ratio: 0.15
decay_min_factor: 0.05
bandwith_kernel: None
no_interact: False
avg_score: 0.7423657774925232
median_score: 0.7420994639396667
std_score: 0.010391511023044586
percentiles: 2%=0.7198589444160461, 5%=0.7245714068412781, 10%=0.729561448097229, 25%=0.7362135648727417, 50%=0.7420994639396667, 75%=0.7494789361953735, 90%=0.7568112015724182, 95%=0.7594870328903198, 98%=0.7632209658622742
ranking_best_algo: PBIL
ranking_best_score: 0.733570253046875
ranking_my_rank: 1/504 (100.0%)
ranking_my_percent: 100.0
