ConfigName: kjsd__advperagentrankweighted__M5__L8__eps0p01__g0p003__ds0p2__dm0p2
Problem: QUBO
Kernel: jsd
Advantage: peragentrankweighted
M: 5
lambda: 8
epsilon_svgd: 0.01
gamma: 0.003
decay_start_ratio: 0.2
decay_min_factor: 0.2
bandwith_kernel: None
no_interact: False
avg_score: -1217.4599609375
median_score: -1213.5
std_score: 69.32999420166016
percentiles: 2%=-1372.3399658203125, 5%=-1342.0, 10%=-1312.300048828125, 25%=-1262.25, 50%=-1213.5, 75%=-1164.0, 90%=-1132.800048828125, 95%=-1114.9000244140625, 98%=-1100.760009765625
ranking_best_algo: BigLognormalDiscreteOnePlusOne
ranking_best_score: 1301.3600000000004
ranking_my_rank: 73/504 (85.7%)
ranking_my_percent: 85.71428571428571
