ConfigName: kjsd__advperagentrankweighted__M8__L10__eps0p008__g0p0005__ds0p3__dm0p05
Problem: QUBO
Kernel: jsd
Advantage: peragentrankweighted
M: 8
lambda: 10
epsilon_svgd: 0.008
gamma: 0.0005
decay_start_ratio: 0.3
decay_min_factor: 0.05
bandwith_kernel: None
no_interact: False
avg_score: -915.2000122070312
median_score: -916.5
std_score: 63.27511215209961
percentiles: 2%=-1024.0400390625, 5%=-1012.2000122070312, 10%=-1001.2999877929688, 25%=-965.0, 50%=-916.5, 75%=-878.0, 90%=-831.2999877929688, 95%=-798.9000244140625, 98%=-787.0
ranking_best_algo: CMAL3
ranking_best_score: 928.5800000000002
ranking_my_rank: 17/504 (96.8%)
ranking_my_percent: 96.82539682539682
