ConfigName: kjsd__advperagentrankweighted__M3__L16__eps0p007__g0p003__ds0p1__dm0p2
Problem: QUBO
Kernel: jsd
Advantage: peragentrankweighted
M: 3
lambda: 16
epsilon_svgd: 0.007
gamma: 0.003
decay_start_ratio: 0.1
decay_min_factor: 0.2
bandwith_kernel: None
no_interact: False
avg_score: -912.47998046875
median_score: -906.0
std_score: 63.10142135620117
percentiles: 2%=-1051.0999755859375, 5%=-1019.0, 10%=-996.2000122070312, 25%=-953.5, 50%=-906.0, 75%=-869.25, 90%=-842.7999877929688, 95%=-818.5, 98%=-777.9400024414062
ranking_best_algo: CMApara
ranking_best_score: 964.9
ranking_my_rank: 81/504 (84.1%)
ranking_my_percent: 84.12698412698413
