ConfigName: kjsd__advperagentrankweighted__M4__L8__eps0p01__g0p0003__ds0p05__dm0p05
Problem: QUBO
Kernel: jsd
Advantage: peragentrankweighted
M: 4
lambda: 8
epsilon_svgd: 0.01
gamma: 0.0003
decay_start_ratio: 0.05
decay_min_factor: 0.05
bandwith_kernel: None
no_interact: False
avg_score: -2599.179931640625
median_score: -2593.0
std_score: 117.39049530029297
percentiles: 2%=-2834.6201171875, 5%=-2815.699951171875, 10%=-2754.0, 25%=-2663.5, 50%=-2593.0, 75%=-2521.75, 90%=-2427.60009765625, 95%=-2399.89990234375, 98%=-2393.02001953125
ranking_best_algo: DiscreteLengler2OnePlusOne
ranking_best_score: 2617.04
ranking_my_rank: 10/504 (98.2%)
ranking_my_percent: 98.21428571428571
