ConfigName: kjsd__advperagentrankweighted__M3__L30__eps0p007__g0p0005__ds0p05__dm0p2
Problem: QUBO
Kernel: jsd
Advantage: peragentrankweighted
M: 3
lambda: 30
epsilon_svgd: 0.007
gamma: 0.0005
decay_start_ratio: 0.05
decay_min_factor: 0.2
bandwith_kernel: None
no_interact: False
avg_score: -138.16000366210938
median_score: -139.0
std_score: 12.25619888305664
percentiles: 2%=-159.0, 5%=-158.0500030517578, 10%=-155.10000610351562, 25%=-148.0, 50%=-139.0, 75%=-128.75, 90%=-123.0, 95%=-119.0, 98%=-113.0
ranking_best_algo: DiscreteDE
ranking_best_score: 143.4
ranking_my_rank: 113/504 (77.8%)
ranking_my_percent: 77.77777777777777
