ConfigName: kjsd__advperagentrankweighted__M3__L18__eps0p01__g0p001__ds0p1__dm0p2
Problem: NK
Kernel: jsd
Advantage: peragentrankweighted
M: 3
lambda: 18
epsilon_svgd: 0.01
gamma: 0.001
decay_start_ratio: 0.1
decay_min_factor: 0.2
bandwith_kernel: None
no_interact: False
avg_score: 0.7350859642028809
median_score: 0.7369246482849121
std_score: 0.009209022857248783
percentiles: 2%=0.7162880897521973, 5%=0.7176024317741394, 10%=0.7207958102226257, 25%=0.7285817861557007, 50%=0.7369246482849121, 75%=0.742669939994812, 90%=0.7458298206329346, 95%=0.7473597526550293, 98%=0.7483076453208923
ranking_best_algo: PBIL
ranking_best_score: 0.7248786399609374
ranking_my_rank: 1/504 (100.0%)
ranking_my_percent: 100.0
