ConfigName: krbf__advnormalizedfitness__M4__L10__eps0p015__g0p01__ds0p3__dm0p3
Problem: NK
Kernel: rbf
Advantage: normalizedfitness
M: 4
lambda: 10
epsilon_svgd: 0.015
gamma: 0.01
decay_start_ratio: 0.3
decay_min_factor: 0.3
bandwith_kernel: None
no_interact: False
avg_score: 0.6599369645118713
median_score: 0.6559849977493286
std_score: 0.016531722620129585
percentiles: 2%=0.6305385828018188, 5%=0.6321131587028503, 10%=0.6389487385749817, 25%=0.6503466963768005, 50%=0.6559849977493286, 75%=0.6708298921585083, 90%=0.6812624335289001, 95%=0.6893048286437988, 98%=0.6960838437080383
ranking_best_algo: Tabu
ranking_best_score: 0.7470791764843752
ranking_my_rank: 329/504 (34.9%)
ranking_my_percent: 34.92063492063492
