ConfigName: kjsd__advperagentrankweighted__M3__L18__eps0p007__g0p0005__ds0p05__dm0p2
Problem: QUBO
Kernel: jsd
Advantage: peragentrankweighted
M: 3
lambda: 18
epsilon_svgd: 0.007
gamma: 0.0005
decay_start_ratio: 0.05
decay_min_factor: 0.2
bandwith_kernel: None
no_interact: False
avg_score: -913.3400268554688
median_score: -910.5
std_score: 64.20362091064453
percentiles: 2%=-1042.1600341796875, 5%=-1032.0, 10%=-996.2999877929688, 25%=-956.25, 50%=-910.5, 75%=-869.0, 90%=-834.4000244140625, 95%=-811.0, 98%=-801.8200073242188
ranking_best_algo: CMAL3
ranking_best_score: 928.5800000000002
ranking_my_rank: 18/504 (96.6%)
ranking_my_percent: 96.62698412698413
