ConfigName: krbf__advnormalizedfitness__M4__L12__eps0p025__g0p007__ds0p15__dm0p01
Problem: QUBO
Kernel: rbf
Advantage: normalizedfitness
M: 4
lambda: 12
epsilon_svgd: 0.025
gamma: 0.007
decay_start_ratio: 0.15
decay_min_factor: 0.01
bandwith_kernel: None
no_interact: False
avg_score: -202.63999938964844
median_score: -203.0
std_score: 12.669270515441895
percentiles: 2%=-224.0, 5%=-224.0, 10%=-219.10000610351562, 25%=-211.0, 50%=-203.0, 75%=-197.0, 90%=-184.89999389648438, 95%=-177.80001831054688, 98%=-171.97999572753906
ranking_best_algo: Tabu
ranking_best_score: 208.36000000000004
ranking_my_rank: 34/504 (93.5%)
ranking_my_percent: 93.45238095238095
