ConfigName: krbf__advnormalizedfitness__M3__L10__eps0p033__g0p007__ds0p15__dm0p01
Problem: QUBO
Kernel: rbf
Advantage: normalizedfitness
M: 3
lambda: 10
epsilon_svgd: 0.033
gamma: 0.007
decay_start_ratio: 0.15
decay_min_factor: 0.01
bandwith_kernel: None
no_interact: False
avg_score: -2585.639892578125
median_score: -2594.0
std_score: 113.23387145996094
percentiles: 2%=-2830.179931640625, 5%=-2765.199951171875, 10%=-2723.300048828125, 25%=-2670.5, 50%=-2594.0, 75%=-2503.0, 90%=-2448.699951171875, 95%=-2402.949951171875, 98%=-2377.93994140625
ranking_best_algo: DiscreteLengler2OnePlusOne
ranking_best_score: 2617.04
ranking_my_rank: 43/504 (91.7%)
ranking_my_percent: 91.66666666666667
