ConfigName: krbf__advnormalizedfitness__M2__L10__eps0p033__g0p007__ds0p15__dm0p01
Problem: QUBO
Kernel: rbf
Advantage: normalizedfitness
M: 2
lambda: 10
epsilon_svgd: 0.033
gamma: 0.007
decay_start_ratio: 0.15
decay_min_factor: 0.01
bandwith_kernel: None
no_interact: False
avg_score: -2552.159912109375
median_score: -2548.0
std_score: 132.0960693359375
percentiles: 2%=-2813.52001953125, 5%=-2752.800048828125, 10%=-2727.60009765625, 25%=-2651.25, 50%=-2548.0, 75%=-2447.0, 90%=-2387.89990234375, 95%=-2365.949951171875, 98%=-2306.0
ranking_best_algo: SVM1MetaModelLogNormal
ranking_best_score: 2605.14
ranking_my_rank: 41/504 (92.1%)
ranking_my_percent: 92.06349206349206
