ConfigName: kjsd__advperagentrankweighted__M4__L8__eps0p005__g0p0005__ds0p05__dm0p2
Problem: NK
Kernel: jsd
Advantage: peragentrankweighted
M: 4
lambda: 8
epsilon_svgd: 0.005
gamma: 0.0005
decay_start_ratio: 0.05
decay_min_factor: 0.2
bandwith_kernel: None
no_interact: False
avg_score: 0.7112971544265747
median_score: 0.70106041431427
std_score: 0.03111502341926098
percentiles: 2%=0.6736410856246948, 5%=0.674410343170166, 10%=0.6796021461486816, 25%=0.6826235055923462, 50%=0.70106041431427, 75%=0.7467460632324219, 90%=0.7535377144813538, 95%=0.7613165378570557, 98%=0.7613165378570557
ranking_best_algo: CMApara
ranking_best_score: 0.7118996098437498
ranking_my_rank: 2/504 (99.8%)
ranking_my_percent: 99.8015873015873
