ConfigName: krbf__advnormalizedfitness__M4__L8__eps0p033__g0p01__ds0p3__dm0p01
Problem: NK
Kernel: rbf
Advantage: normalizedfitness
M: 4
lambda: 8
epsilon_svgd: 0.033
gamma: 0.01
decay_start_ratio: 0.3
decay_min_factor: 0.01
bandwith_kernel: None
no_interact: False
avg_score: 0.737841010093689
median_score: 0.7386854887008667
std_score: 0.008425774052739143
percentiles: 2%=0.7194729447364807, 5%=0.7221806645393372, 10%=0.7271038889884949, 25%=0.7325066924095154, 50%=0.7386854887008667, 75%=0.7435633540153503, 90%=0.7468500733375549, 95%=0.7507962584495544, 98%=0.7529929280281067
ranking_best_algo: PBIL
ranking_best_score: 0.730509098125
ranking_my_rank: 1/504 (100.0%)
ranking_my_percent: 100.0
