ConfigName: kjsd__advperagentrankweighted__M4__L8__eps0p005__g0p0005__ds0p05__dm0p05
Problem: QUBO
Kernel: jsd
Advantage: peragentrankweighted
M: 4
lambda: 8
epsilon_svgd: 0.005
gamma: 0.0005
decay_start_ratio: 0.05
decay_min_factor: 0.05
bandwith_kernel: None
no_interact: False
avg_score: -1308.02001953125
median_score: -1306.0
std_score: 56.82904052734375
percentiles: 2%=-1422.06005859375, 5%=-1411.050048828125, 10%=-1388.0999755859375, 25%=-1343.75, 50%=-1306.0, 75%=-1267.0, 90%=-1241.5, 95%=-1222.4000244140625, 98%=-1204.719970703125
ranking_best_algo: BigLognormalDiscreteOnePlusOne
ranking_best_score: 1301.3600000000004
ranking_my_rank: 1/504 (100.0%)
ranking_my_percent: 100.0
