ConfigName: krbf__advnormalizedfitness__M3__L15__eps0p033__g0p005__ds0p3__dm0p01
Problem: NK
Kernel: rbf
Advantage: normalizedfitness
M: 3
lambda: 15
epsilon_svgd: 0.033
gamma: 0.005
decay_start_ratio: 0.3
decay_min_factor: 0.01
bandwith_kernel: None
no_interact: False
avg_score: 0.7349288463592529
median_score: 0.7363618612289429
std_score: 0.00936045404523611
percentiles: 2%=0.7148443460464478, 5%=0.7164166569709778, 10%=0.72068190574646, 25%=0.7282520532608032, 50%=0.7363618612289429, 75%=0.7426987886428833, 90%=0.7454861998558044, 95%=0.7467508912086487, 98%=0.7473230957984924
ranking_best_algo: PBIL
ranking_best_score: 0.7248786399609374
ranking_my_rank: 1/504 (100.0%)
ranking_my_percent: 100.0
