ConfigName: krbf__advnormalizedfitness__M3__L10__eps0p015__g0p005__ds0p01__dm0p01
Problem: QUBO
Kernel: rbf
Advantage: normalizedfitness
M: 3
lambda: 10
epsilon_svgd: 0.015
gamma: 0.005
decay_start_ratio: 0.01
decay_min_factor: 0.01
bandwith_kernel: None
no_interact: False
avg_score: -138.83999633789062
median_score: -141.0
std_score: 12.03388500213623
percentiles: 2%=-158.02000427246094, 5%=-158.0, 10%=-155.0, 25%=-147.0, 50%=-141.0, 75%=-130.0, 90%=-123.9000015258789, 95%=-118.90000915527344, 98%=-113.89997863769531
ranking_best_algo: DiscreteDE
ranking_best_score: 143.4
ranking_my_rank: 95/504 (81.3%)
ranking_my_percent: 81.34920634920636
