ConfigName: kjsd__advperagentrankweighted__M10__L24__eps0p008__g0p0005__ds0p3__dm0p05
Problem: QUBO
Kernel: jsd
Advantage: peragentrankweighted
M: 10
lambda: 24
epsilon_svgd: 0.008
gamma: 0.0005
decay_start_ratio: 0.3
decay_min_factor: 0.05
bandwith_kernel: None
no_interact: False
avg_score: -332.5799865722656
median_score: -334.0
std_score: 19.592435836791992
percentiles: 2%=-372.0, 5%=-366.20001220703125, 10%=-354.29998779296875, 25%=-346.0, 50%=-334.0, 75%=-320.0, 90%=-308.0, 95%=-299.8999938964844, 98%=-289.8399963378906
ranking_best_algo: CMApara
ranking_best_score: 344.22
ranking_my_rank: 70/504 (86.3%)
ranking_my_percent: 86.30952380952381
