ConfigName: kjsd__advperagentrankweighted__M5__L28__eps0p005__g0p0005__ds0p05__dm0p05
Problem: NK
Kernel: jsd
Advantage: peragentrankweighted
M: 5
lambda: 28
epsilon_svgd: 0.005
gamma: 0.0005
decay_start_ratio: 0.05
decay_min_factor: 0.05
bandwith_kernel: None
no_interact: False
avg_score: 0.6490983366966248
median_score: 0.6505322456359863
std_score: 0.015280389226973057
percentiles: 2%=0.6228006482124329, 5%=0.6249881982803345, 10%=0.628990113735199, 25%=0.6379457116127014, 50%=0.6505322456359863, 75%=0.6576306223869324, 90%=0.6700210571289062, 95%=0.6751716136932373, 98%=0.6778091788291931
ranking_best_algo: PBIL
ranking_best_score: 0.7170882103515624
ranking_my_rank: 291/504 (42.5%)
ranking_my_percent: 42.46031746031746
