ConfigName: krbf__advnormalizedfitness__M3__L8__eps0p025__g0p015__ds0p01__dm0p3
Problem: QUBO
Kernel: rbf
Advantage: normalizedfitness
M: 3
lambda: 8
epsilon_svgd: 0.025
gamma: 0.015
decay_start_ratio: 0.01
decay_min_factor: 0.3
bandwith_kernel: None
no_interact: False
avg_score: -140.02000427246094
median_score: -143.0
std_score: 10.864603996276855
percentiles: 2%=-159.0, 5%=-157.0500030517578, 10%=-153.10000610351562, 25%=-147.25, 50%=-143.0, 75%=-130.0, 90%=-125.0, 95%=-122.90000915527344, 98%=-118.95999145507812
ranking_best_algo: DiscreteDE
ranking_best_score: 143.4
ranking_my_rank: 80/504 (84.3%)
ranking_my_percent: 84.32539682539682
