ConfigName: krbf__advnormalizedfitness__M4__L15__eps0p033__g0p01__ds0p3__dm0p01
Problem: QUBO
Kernel: rbf
Advantage: normalizedfitness
M: 4
lambda: 15
epsilon_svgd: 0.033
gamma: 0.01
decay_start_ratio: 0.3
decay_min_factor: 0.01
bandwith_kernel: None
no_interact: False
avg_score: -140.5399932861328
median_score: -143.0
std_score: 11.535527229309082
percentiles: 2%=-159.0, 5%=-158.0, 10%=-156.0, 25%=-147.25, 50%=-143.0, 75%=-132.0, 90%=-127.0, 95%=-120.80001831054688, 98%=-114.95999145507812
ranking_best_algo: DiscreteDE
ranking_best_score: 143.4
ranking_my_rank: 78/504 (84.7%)
ranking_my_percent: 84.72222222222223
