ConfigName: krbf__advnormalizedfitness__M3__L15__eps0p025__g0p005__ds0p01__dm0p3
Problem: NK
Kernel: rbf
Advantage: normalizedfitness
M: 3
lambda: 15
epsilon_svgd: 0.025
gamma: 0.005
decay_start_ratio: 0.01
decay_min_factor: 0.3
bandwith_kernel: None
no_interact: False
avg_score: 0.7367174625396729
median_score: 0.737689733505249
std_score: 0.008731960318982601
percentiles: 2%=0.717607855796814, 5%=0.7214789986610413, 10%=0.7237938046455383, 25%=0.7309331893920898, 50%=0.737689733505249, 75%=0.7425408959388733, 90%=0.7465459704399109, 95%=0.7497532367706299, 98%=0.7519991993904114
ranking_best_algo: PBIL
ranking_best_score: 0.730509098125
ranking_my_rank: 1/504 (100.0%)
ranking_my_percent: 100.0
