ConfigName: krbf__advnormalizedfitness__M3__L10__eps0p033__g0p015__ds0p01__dm0p01
Problem: QUBO
Kernel: rbf
Advantage: normalizedfitness
M: 3
lambda: 10
epsilon_svgd: 0.033
gamma: 0.015
decay_start_ratio: 0.01
decay_min_factor: 0.01
bandwith_kernel: None
no_interact: False
avg_score: -930.9600219726562
median_score: -930.5
std_score: 64.59457397460938
percentiles: 2%=-1063.1800537109375, 5%=-1036.0999755859375, 10%=-1024.0999755859375, 25%=-976.25, 50%=-930.5, 75%=-881.75, 90%=-846.4000244140625, 95%=-825.0, 98%=-816.9599609375
ranking_best_algo: CMApara
ranking_best_score: 964.9
ranking_my_rank: 19/504 (96.4%)
ranking_my_percent: 96.42857142857143
