ConfigName: krbf__advnormalizedfitness__M1__L8__eps0p025__g0p01__ds0p01__dm0p3
Problem: QUBO
Kernel: rbf
Advantage: normalizedfitness
M: 1
lambda: 8
epsilon_svgd: 0.025
gamma: 0.01
decay_start_ratio: 0.01
decay_min_factor: 0.3
bandwith_kernel: None
no_interact: False
avg_score: -2536.02001953125
median_score: -2522.0
std_score: 136.61624145507812
percentiles: 2%=-2811.93994140625, 5%=-2797.10009765625, 10%=-2711.10009765625, 25%=-2618.0, 50%=-2522.0, 75%=-2437.25, 90%=-2372.300048828125, 95%=-2332.10009765625, 98%=-2301.639892578125
ranking_best_algo: SVM1MetaModelLogNormal
ranking_best_score: 2605.14
ranking_my_rank: 45/504 (91.3%)
ranking_my_percent: 91.26984126984127
