ConfigName: kfr__advglobalrankweighted__M1__L10__eps0p015__g0p007__ds0p01__dm0p01
Problem: QUBO
Kernel: fr
Advantage: globalrankweighted
M: 1
lambda: 10
epsilon_svgd: 0.015
gamma: 0.007
decay_start_ratio: 0.01
decay_min_factor: 0.01
bandwith_kernel: None
no_interact: False
avg_score: -412.32000732421875
median_score: -412.5
std_score: 35.84658432006836
percentiles: 2%=-481.0, 5%=-468.3500061035156, 10%=-457.20001220703125, 25%=-435.5, 50%=-412.5, 75%=-389.75, 90%=-366.79998779296875, 95%=-353.95001220703125, 98%=-325.9599914550781
ranking_best_algo: CMAL3
ranking_best_score: 435.36
ranking_my_rank: 146/504 (71.2%)
ranking_my_percent: 71.23015873015873
