ConfigName: krbf__advnormalizedfitness__M2__L8__eps0p015__g0p007__ds0p3__dm0p01
Problem: QUBO
Kernel: rbf
Advantage: normalizedfitness
M: 2
lambda: 8
epsilon_svgd: 0.015
gamma: 0.007
decay_start_ratio: 0.3
decay_min_factor: 0.01
bandwith_kernel: None
no_interact: False
avg_score: -406.8599853515625
median_score: -406.0
std_score: 24.872081756591797
percentiles: 2%=-453.0400085449219, 5%=-446.04998779296875, 10%=-439.20001220703125, 25%=-423.0, 50%=-406.0, 75%=-388.0, 90%=-374.0, 95%=-366.0, 98%=-357.8800048828125
ranking_best_algo: Tabu
ranking_best_score: 438.12
ranking_my_rank: 160/504 (68.5%)
ranking_my_percent: 68.45238095238095
