ConfigName: kjsd__advperagentrankweighted__M3__L18__eps0p007__g0p0007__ds0p1__dm0p1
Problem: QUBO
Kernel: jsd
Advantage: peragentrankweighted
M: 3
lambda: 18
epsilon_svgd: 0.007
gamma: 0.0007
decay_start_ratio: 0.1
decay_min_factor: 0.1
bandwith_kernel: None
no_interact: False
avg_score: -438.4599914550781
median_score: -440.0
std_score: 27.375688552856445
percentiles: 2%=-489.05999755859375, 5%=-480.04998779296875, 10%=-472.1000061035156, 25%=-458.0, 50%=-440.0, 75%=-416.5, 90%=-399.8999938964844, 95%=-393.95001220703125, 98%=-387.9800109863281
ranking_best_algo: CMApara
ranking_best_score: 453.82
ranking_my_rank: 20/504 (96.2%)
ranking_my_percent: 96.23015873015873
