ConfigName: kjsd__advperagentrankweighted__M3__L18__eps0p005__g0p0005__ds0p1__dm0p2
Problem: QUBO
Kernel: jsd
Advantage: peragentrankweighted
M: 3
lambda: 18
epsilon_svgd: 0.005
gamma: 0.0005
decay_start_ratio: 0.1
decay_min_factor: 0.2
bandwith_kernel: None
no_interact: False
avg_score: -327.3800048828125
median_score: -333.0
std_score: 22.68337631225586
percentiles: 2%=-372.0, 5%=-357.0, 10%=-350.0, 25%=-343.0, 50%=-333.0, 75%=-314.75, 90%=-297.79998779296875, 95%=-279.8999938964844, 98%=-275.9599914550781
ranking_best_algo: CMApara
ranking_best_score: 344.22
ranking_my_rank: 86/504 (83.1%)
ranking_my_percent: 83.13492063492063
