ConfigName: krbf__advnormalizedfitness__M1__L8__eps0p015__g0p015__ds0p3__dm0p3
Problem: QUBO
Kernel: rbf
Advantage: normalizedfitness
M: 1
lambda: 8
epsilon_svgd: 0.015
gamma: 0.015
decay_start_ratio: 0.3
decay_min_factor: 0.3
bandwith_kernel: None
no_interact: False
avg_score: -1608.780029296875
median_score: -1612.0
std_score: 66.64091491699219
percentiles: 2%=-1727.300048828125, 5%=-1712.3499755859375, 10%=-1692.199951171875, 25%=-1655.5, 50%=-1612.0, 75%=-1557.0, 90%=-1525.0, 95%=-1508.800048828125, 98%=-1482.9599609375
ranking_best_algo: NLOPT_LN_PRAXIS
ranking_best_score: 1607.12
ranking_my_rank: 1/504 (100.0%)
ranking_my_percent: 100.0
