ConfigName: kjsd__advperagentrankweighted__M3__L30__eps0p007__g0p001__ds0p05__dm0p2
Problem: QUBO
Kernel: jsd
Advantage: peragentrankweighted
M: 3
lambda: 30
epsilon_svgd: 0.007
gamma: 0.001
decay_start_ratio: 0.05
decay_min_factor: 0.2
bandwith_kernel: None
no_interact: False
avg_score: -330.260009765625
median_score: -334.0
std_score: 21.22197723388672
percentiles: 2%=-372.0, 5%=-372.0, 10%=-354.0, 25%=-343.0, 50%=-334.0, 75%=-318.0, 90%=-299.8999938964844, 95%=-292.0, 98%=-290.94000244140625
ranking_best_algo: CMApara
ranking_best_score: 344.22
ranking_my_rank: 79/504 (84.5%)
ranking_my_percent: 84.52380952380952
