ConfigName: kjsd__advperagentrankweighted__M3__L18__eps0p007__g0p001__ds0p1__dm0p05
Problem: QUBO
Kernel: jsd
Advantage: peragentrankweighted
M: 3
lambda: 18
epsilon_svgd: 0.007
gamma: 0.001
decay_start_ratio: 0.1
decay_min_factor: 0.05
bandwith_kernel: None
no_interact: False
avg_score: -309.5
median_score: -315.0
std_score: 38.859619140625
percentiles: 2%=-396.0, 5%=-380.5, 10%=-355.3999938964844, 25%=-334.0, 50%=-315.0, 75%=-272.0, 90%=-265.0, 95%=-261.95001220703125, 98%=-259.9200134277344
ranking_best_algo: CMApara
ranking_best_score: 319.29999999999995
ranking_my_rank: 76/504 (85.1%)
ranking_my_percent: 85.11904761904762
