ConfigName: kjsd__advperagentrankweighted__M3__L20__eps0p007__g0p003__ds0p05__dm0p05
Problem: NK
Kernel: jsd
Advantage: peragentrankweighted
M: 3
lambda: 20
epsilon_svgd: 0.007
gamma: 0.003
decay_start_ratio: 0.05
decay_min_factor: 0.05
bandwith_kernel: None
no_interact: False
avg_score: 0.7539100646972656
median_score: 0.7561872601509094
std_score: 0.014130090363323689
percentiles: 2%=0.7240975499153137, 5%=0.7301150560379028, 10%=0.7355169653892517, 25%=0.7442605495452881, 50%=0.7561872601509094, 75%=0.7653487920761108, 90%=0.7719152569770813, 95%=0.7742292881011963, 98%=0.7786461114883423
ranking_best_algo: Tabu
ranking_best_score: 0.7657846284375001
ranking_my_rank: 9/504 (98.4%)
ranking_my_percent: 98.41269841269842
