ConfigName: krbf__advnormalizedfitness__M3__L15__eps0p033__g0p015__ds0p3__dm0p01
Problem: NK
Kernel: rbf
Advantage: normalizedfitness
M: 3
lambda: 15
epsilon_svgd: 0.033
gamma: 0.015
decay_start_ratio: 0.3
decay_min_factor: 0.01
bandwith_kernel: None
no_interact: False
avg_score: 0.7235085368156433
median_score: 0.7241437435150146
std_score: 0.010714507661759853
percentiles: 2%=0.6982225775718689, 5%=0.7014679312705994, 10%=0.7117555141448975, 25%=0.716693639755249, 50%=0.7241437435150146, 75%=0.7314026355743408, 90%=0.7360817790031433, 95%=0.7380611896514893, 98%=0.7404394745826721
ranking_best_algo: PBIL
ranking_best_score: 0.7248786399609374
ranking_my_rank: 2/504 (99.8%)
ranking_my_percent: 99.8015873015873
