ConfigName: kfr__advglobalrankweighted__M6__L8__eps0p02__g0p005__ds0p01__dm0p01
Problem: QUBO
Kernel: fr
Advantage: globalrankweighted
M: 6
lambda: 8
epsilon_svgd: 0.02
gamma: 0.005
decay_start_ratio: 0.01
decay_min_factor: 0.01
bandwith_kernel: None
no_interact: False
avg_score: -3057.5
median_score: -3041.5
std_score: 170.86834716796875
percentiles: 2%=-3336.10009765625, 5%=-3298.699951171875, 10%=-3269.5, 25%=-3191.75, 50%=-3041.5, 75%=-2956.75, 90%=-2850.800048828125, 95%=-2782.10009765625, 98%=-2708.35986328125
ranking_best_algo: RLSOnePlusOne
ranking_best_score: 3316.5199999999995
ranking_my_rank: 92/504 (81.9%)
ranking_my_percent: 81.94444444444444
