ConfigName: krbf__advnormalizedfitness__M2__L10__eps0p015__g0p005__ds0p01__dm0p01
Problem: QUBO
Kernel: rbf
Advantage: normalizedfitness
M: 2
lambda: 10
epsilon_svgd: 0.015
gamma: 0.005
decay_start_ratio: 0.01
decay_min_factor: 0.01
bandwith_kernel: None
no_interact: False
avg_score: -577.0800170898438
median_score: -574.0
std_score: 29.888351440429688
percentiles: 2%=-635.0999755859375, 5%=-626.25, 10%=-617.0, 25%=-594.25, 50%=-574.0, 75%=-555.0, 90%=-539.0, 95%=-536.9000244140625, 98%=-511.9599914550781
ranking_best_algo: Tabu
ranking_best_score: 588.7199999999999
ranking_my_rank: 47/503 (90.9%)
ranking_my_percent: 90.85487077534792
