ConfigName: krbf__advnormalizedfitness__M3__L10__eps0p025__g0p015__ds0p01__dm0p3
Problem: NK
Kernel: rbf
Advantage: normalizedfitness
M: 3
lambda: 10
epsilon_svgd: 0.025
gamma: 0.015
decay_start_ratio: 0.01
decay_min_factor: 0.3
bandwith_kernel: None
no_interact: False
avg_score: 0.7099630832672119
median_score: 0.7107363343238831
std_score: 0.015296118333935738
percentiles: 2%=0.6702293157577515, 5%=0.6728917360305786, 10%=0.69699627161026, 25%=0.7078008651733398, 50%=0.7107363343238831, 75%=0.7193212509155273, 90%=0.7252228260040283, 95%=0.7314860820770264, 98%=0.7325189113616943
ranking_best_algo: CMApara
ranking_best_score: 0.707475975
ranking_my_rank: 1/504 (100.0%)
ranking_my_percent: 100.0
