ConfigName: krbf__advnormalizedfitness__M1__L8__eps0p025__g0p01__ds0p01__dm0p3
Problem: QUBO
Kernel: rbf
Advantage: normalizedfitness
M: 1
lambda: 8
epsilon_svgd: 0.025
gamma: 0.01
decay_start_ratio: 0.01
decay_min_factor: 0.3
bandwith_kernel: None
no_interact: False
avg_score: -1148.280029296875
median_score: -1146.0
std_score: 64.87450408935547
percentiles: 2%=-1289.4000244140625, 5%=-1263.4000244140625, 10%=-1225.5, 25%=-1185.25, 50%=-1146.0, 75%=-1099.5, 90%=-1069.800048828125, 95%=-1053.949951171875, 98%=-1025.9599609375
ranking_best_algo: Tabu
ranking_best_score: 1216.16
ranking_my_rank: 147/504 (71.0%)
ranking_my_percent: 71.03174603174604
