ConfigName: krbf__advnormalizedfitness__M4__L24__eps0p03__g0p005__ds0p15__dm0p05
Problem: QUBO
Kernel: rbf
Advantage: normalizedfitness
M: 4
lambda: 24
epsilon_svgd: 0.03
gamma: 0.005
decay_start_ratio: 0.15
decay_min_factor: 0.05
bandwith_kernel: None
no_interact: False
avg_score: -309.29998779296875
median_score: -311.0
std_score: 37.0867919921875
percentiles: 2%=-388.0400085449219, 5%=-378.29998779296875, 10%=-354.3999938964844, 25%=-336.0, 50%=-311.0, 75%=-274.0, 90%=-264.0, 95%=-260.95001220703125, 98%=-257.8800048828125
ranking_best_algo: CMApara
ranking_best_score: 319.29999999999995
ranking_my_rank: 81/504 (84.1%)
ranking_my_percent: 84.12698412698413
