ConfigName: kjsd__advperagentrankweighted__M4__L24__eps0p03__g0p0005__ds0p2__dm0p05
Problem: NK
Kernel: jsd
Advantage: peragentrankweighted
M: 4
lambda: 24
epsilon_svgd: 0.03
gamma: 0.0005
decay_start_ratio: 0.2
decay_min_factor: 0.05
bandwith_kernel: None
no_interact: False
avg_score: 0.751302182674408
median_score: 0.7508677244186401
std_score: 0.012929676100611687
percentiles: 2%=0.7292733788490295, 5%=0.7321176528930664, 10%=0.7354269623756409, 25%=0.7410507202148438, 50%=0.7508677244186401, 75%=0.7614284753799438, 90%=0.7684765458106995, 95%=0.773604691028595, 98%=0.7751584053039551
ranking_best_algo: Tabu
ranking_best_score: 0.7470791764843752
ranking_my_rank: 1/504 (100.0%)
ranking_my_percent: 100.0
