ConfigName: krbf__advnormalizedfitness__M4__L12__eps0p015__g0p015__ds0p15__dm0p01
Problem: NK
Kernel: rbf
Advantage: normalizedfitness
M: 4
lambda: 12
epsilon_svgd: 0.015
gamma: 0.015
decay_start_ratio: 0.15
decay_min_factor: 0.01
bandwith_kernel: None
no_interact: False
avg_score: 0.6013673543930054
median_score: 0.6011475324630737
std_score: 0.007468110416084528
percentiles: 2%=0.5868688821792603, 5%=0.5900676250457764, 10%=0.5930503010749817, 25%=0.5959357023239136, 50%=0.6011475324630737, 75%=0.6068699955940247, 90%=0.6117951273918152, 95%=0.6145408749580383, 98%=0.6161786317825317
ranking_best_algo: Tabu
ranking_best_score: 0.7429702712499999
ranking_my_rank: 392/504 (22.4%)
ranking_my_percent: 22.42063492063492
