ConfigName: kjsd__advperagentrankweighted__M4__L30__eps0p005__g0p0005__ds0p2__dm0p05
Problem: NK
Kernel: jsd
Advantage: peragentrankweighted
M: 4
lambda: 30
epsilon_svgd: 0.005
gamma: 0.0005
decay_start_ratio: 0.2
decay_min_factor: 0.05
bandwith_kernel: None
no_interact: False
avg_score: 0.7431210279464722
median_score: 0.7428350448608398
std_score: 0.014818786643445492
percentiles: 2%=0.7142528891563416, 5%=0.7215840816497803, 10%=0.7249219417572021, 25%=0.7334710359573364, 50%=0.7428350448608398, 75%=0.7521957159042358, 90%=0.7620753645896912, 95%=0.7684454917907715, 98%=0.7734657526016235
ranking_best_algo: Tabu
ranking_best_score: 0.7601875690625
ranking_my_rank: 8/504 (98.6%)
ranking_my_percent: 98.61111111111111
