ConfigName: krbf__advnormalizedfitness__M3__L10__eps0p033__g0p005__ds0p15__dm0p3
Problem: QUBO
Kernel: rbf
Advantage: normalizedfitness
M: 3
lambda: 10
epsilon_svgd: 0.033
gamma: 0.005
decay_start_ratio: 0.15
decay_min_factor: 0.3
bandwith_kernel: None
no_interact: False
avg_score: -440.4599914550781
median_score: -440.5
std_score: 27.607036590576172
percentiles: 2%=-492.1199951171875, 5%=-485.1000061035156, 10%=-473.6000061035156, 25%=-457.0, 50%=-440.5, 75%=-423.0, 90%=-406.79998779296875, 95%=-389.95001220703125, 98%=-380.8599853515625
ranking_best_algo: CMApara
ranking_best_score: 453.82
ranking_my_rank: 15/504 (97.2%)
ranking_my_percent: 97.22222222222223
