ConfigName: kjsd__advperagentrankweighted__M4__L10__eps0p02__g0p0007__ds0p2__dm0p05
Problem: QUBO
Kernel: jsd
Advantage: peragentrankweighted
M: 4
lambda: 10
epsilon_svgd: 0.02
gamma: 0.0007
decay_start_ratio: 0.2
decay_min_factor: 0.05
bandwith_kernel: None
no_interact: False
avg_score: -137.36000061035156
median_score: -137.5
std_score: 11.169171333312988
percentiles: 2%=-157.0, 5%=-155.0500030517578, 10%=-152.0, 25%=-146.0, 50%=-137.5, 75%=-129.75, 90%=-121.0, 95%=-117.0, 98%=-115.0
ranking_best_algo: DiscreteDE
ranking_best_score: 143.4
ranking_my_rank: 153/504 (69.8%)
ranking_my_percent: 69.84126984126983
