ConfigName: kjsd__advperagentrankweighted__M3__L16__eps0p01__g0p001__ds0p2__dm0p2
Problem: QUBO
Kernel: jsd
Advantage: peragentrankweighted
M: 3
lambda: 16
epsilon_svgd: 0.01
gamma: 0.001
decay_start_ratio: 0.2
decay_min_factor: 0.2
bandwith_kernel: None
no_interact: False
avg_score: -197.67999267578125
median_score: -199.5
std_score: 14.530574798583984
percentiles: 2%=-224.0, 5%=-224.0, 10%=-217.0, 25%=-207.0, 50%=-199.5, 75%=-184.75, 90%=-177.89999389648438, 95%=-175.9499969482422, 98%=-172.9600067138672
ranking_best_algo: Tabu
ranking_best_score: 208.36000000000004
ranking_my_rank: 113/504 (77.8%)
ranking_my_percent: 77.77777777777777
