ConfigName: kjsd__advperagentrankweighted__M4__L24__eps0p01__g0p0003__ds0p2__dm0p05
Problem: QUBO
Kernel: jsd
Advantage: peragentrankweighted
M: 4
lambda: 24
epsilon_svgd: 0.01
gamma: 0.0003
decay_start_ratio: 0.2
decay_min_factor: 0.05
bandwith_kernel: None
no_interact: False
avg_score: -138.60000610351562
median_score: -140.5
std_score: 12.362848281860352
percentiles: 2%=-159.0, 5%=-157.0500030517578, 10%=-154.1999969482422, 25%=-147.0, 50%=-140.5, 75%=-129.0, 90%=-122.80000305175781, 95%=-115.0, 98%=-109.94000244140625
ranking_best_algo: DiscreteDE
ranking_best_score: 143.4
ranking_my_rank: 98/504 (80.8%)
ranking_my_percent: 80.75396825396825
