ConfigName: kjsd__advperagentrankweighted__M4__L8__eps0p02__g0p0003__ds0p2__dm0p05
Problem: QUBO
Kernel: jsd
Advantage: peragentrankweighted
M: 4
lambda: 8
epsilon_svgd: 0.02
gamma: 0.0003
decay_start_ratio: 0.2
decay_min_factor: 0.05
bandwith_kernel: None
no_interact: False
avg_score: -880.219970703125
median_score: -868.5
std_score: 64.41778564453125
percentiles: 2%=-988.280029296875, 5%=-983.0999755859375, 10%=-975.2000122070312, 25%=-935.25, 50%=-868.5, 75%=-834.25, 90%=-801.7000122070312, 95%=-780.8499755859375, 98%=-760.97998046875
ranking_best_algo: CMAL3
ranking_best_score: 928.5800000000002
ranking_my_rank: 118/504 (76.8%)
ranking_my_percent: 76.78571428571429
