ConfigName: krbf__advnormalizedfitness__M2__L8__eps0p015__g0p015__ds0p01__dm0p3
Problem: QUBO
Kernel: rbf
Advantage: normalizedfitness
M: 2
lambda: 8
epsilon_svgd: 0.015
gamma: 0.015
decay_start_ratio: 0.01
decay_min_factor: 0.3
bandwith_kernel: None
no_interact: False
avg_score: -438.5199890136719
median_score: -437.0
std_score: 26.44257164001465
percentiles: 2%=-490.0400085449219, 5%=-483.0, 10%=-472.0, 25%=-460.0, 50%=-437.0, 75%=-418.5, 90%=-401.0, 95%=-397.95001220703125, 98%=-388.0
ranking_best_algo: CMApara
ranking_best_score: 453.82
ranking_my_rank: 19/504 (96.4%)
ranking_my_percent: 96.42857142857143
