ConfigName: kjsd__advperagentrankweighted__M4__L10__eps0p005__g0p0007__ds0p05__dm0p05
Problem: QUBO
Kernel: jsd
Advantage: peragentrankweighted
M: 4
lambda: 10
epsilon_svgd: 0.005
gamma: 0.0007
decay_start_ratio: 0.05
decay_min_factor: 0.05
bandwith_kernel: None
no_interact: False
avg_score: -148.67999267578125
median_score: -146.0
std_score: 13.15817642211914
percentiles: 2%=-179.0, 5%=-179.0, 10%=-164.0, 25%=-155.0, 50%=-146.0, 75%=-140.75, 90%=-135.0, 95%=-130.9499969482422, 98%=-128.82000732421875
ranking_best_algo: CMApara
ranking_best_score: 154.28
ranking_my_rank: 83/504 (83.7%)
ranking_my_percent: 83.73015873015873
