ConfigName: krbf__advnormalizedfitness__M3__L15__eps0p025__g0p015__ds0p01__dm0p3
Problem: QUBO
Kernel: rbf
Advantage: normalizedfitness
M: 3
lambda: 15
epsilon_svgd: 0.025
gamma: 0.015
decay_start_ratio: 0.01
decay_min_factor: 0.3
bandwith_kernel: None
no_interact: False
avg_score: -734.5399780273438
median_score: -730.0
std_score: 76.28111267089844
percentiles: 2%=-898.2999877929688, 5%=-858.0499877929688, 10%=-847.5999755859375, 25%=-785.0, 50%=-730.0, 75%=-678.75, 90%=-639.0, 95%=-622.6000366210938, 98%=-587.97998046875
ranking_best_algo: CMAL3
ranking_best_score: 928.5800000000002
ranking_my_rank: 326/504 (35.5%)
ranking_my_percent: 35.51587301587302
