ConfigName: kfr__advglobalrankweighted__M4__L5__eps0p03__g0p007__ds0p01__dm0p01
Problem: QUBO
Kernel: fr
Advantage: globalrankweighted
M: 4
lambda: 5
epsilon_svgd: 0.03
gamma: 0.007
decay_start_ratio: 0.01
decay_min_factor: 0.01
bandwith_kernel: None
no_interact: False
avg_score: -139.33999633789062
median_score: -139.0
std_score: 10.98564624786377
percentiles: 2%=-158.0399932861328, 5%=-157.0500030517578, 10%=-155.0, 25%=-146.25, 50%=-139.0, 75%=-130.0, 90%=-125.0, 95%=-122.9000015258789, 98%=-119.94000244140625
ranking_best_algo: DiscreteDE
ranking_best_score: 143.4
ranking_my_rank: 86/504 (83.1%)
ranking_my_percent: 83.13492063492063
