ConfigName: kjsd__advperagentrankweighted__M3__L18__eps0p01__g0p001__ds0p2__dm0p1
Problem: QUBO
Kernel: jsd
Advantage: peragentrankweighted
M: 3
lambda: 18
epsilon_svgd: 0.01
gamma: 0.001
decay_start_ratio: 0.2
decay_min_factor: 0.1
bandwith_kernel: None
no_interact: False
avg_score: -199.8800048828125
median_score: -201.0
std_score: 12.268072128295898
percentiles: 2%=-224.0, 5%=-220.1999969482422, 10%=-219.0, 25%=-207.0, 50%=-201.0, 75%=-192.0, 90%=-182.89999389648438, 95%=-179.0, 98%=-173.9600067138672
ranking_best_algo: Tabu
ranking_best_score: 208.36000000000004
ranking_my_rank: 59/504 (88.5%)
ranking_my_percent: 88.4920634920635
