ConfigName: krbf__advnormalizedfitness__M4__L12__eps0p015__g0p005__ds0p3__dm0p01
Problem: NK
Kernel: rbf
Advantage: normalizedfitness
M: 4
lambda: 12
epsilon_svgd: 0.015
gamma: 0.005
decay_start_ratio: 0.3
decay_min_factor: 0.01
bandwith_kernel: None
no_interact: False
avg_score: 0.7478540539741516
median_score: 0.7467526197433472
std_score: 0.018294885754585266
percentiles: 2%=0.7168018221855164, 5%=0.7191252112388611, 10%=0.7250543236732483, 25%=0.7329471111297607, 50%=0.7467526197433472, 75%=0.7618594169616699, 90%=0.7742489576339722, 95%=0.7771887183189392, 98%=0.7795005440711975
ranking_best_algo: Tabu
ranking_best_score: 0.7470791764843752
ranking_my_rank: 1/504 (100.0%)
ranking_my_percent: 100.0
