ConfigName: krbf__advnormalizedfitness__M3__L8__eps0p033__g0p015__ds0p15__dm0p01
Problem: QUBO
Kernel: rbf
Advantage: normalizedfitness
M: 3
lambda: 8
epsilon_svgd: 0.033
gamma: 0.015
decay_start_ratio: 0.15
decay_min_factor: 0.01
bandwith_kernel: None
no_interact: False
avg_score: -582.0399780273438
median_score: -584.0
std_score: 26.669803619384766
percentiles: 2%=-631.0800170898438, 5%=-621.25, 10%=-613.4000244140625, 25%=-603.0, 50%=-584.0, 75%=-568.75, 90%=-544.0, 95%=-526.0, 98%=-522.97998046875
ranking_best_algo: Tabu
ranking_best_score: 588.7199999999999
ranking_my_rank: 34/503 (93.4%)
ranking_my_percent: 93.43936381709742
