ConfigName: kjsd__advperagentrankweighted__M3__L18__eps0p007__g0p003__ds0p2__dm0p2
Problem: QUBO
Kernel: jsd
Advantage: peragentrankweighted
M: 3
lambda: 18
epsilon_svgd: 0.007
gamma: 0.003
decay_start_ratio: 0.2
decay_min_factor: 0.2
bandwith_kernel: None
no_interact: False
avg_score: -147.25999450683594
median_score: -146.0
std_score: 12.429497718811035
percentiles: 2%=-179.0, 5%=-164.64999389648438, 10%=-160.39999389648438, 25%=-155.0, 50%=-146.0, 75%=-139.0, 90%=-133.0, 95%=-130.8000030517578, 98%=-124.9000015258789
ranking_best_algo: CMApara
ranking_best_score: 154.28
ranking_my_rank: 98/504 (80.8%)
ranking_my_percent: 80.75396825396825
