ConfigName: kjsd__advperagentrankweighted__M3__L20__eps0p007__g0p0007__ds0p2__dm0p2
Problem: NK
Kernel: jsd
Advantage: peragentrankweighted
M: 3
lambda: 20
epsilon_svgd: 0.007
gamma: 0.0007
decay_start_ratio: 0.2
decay_min_factor: 0.2
bandwith_kernel: None
no_interact: False
avg_score: 0.7573484778404236
median_score: 0.7585143446922302
std_score: 0.013402862474322319
percentiles: 2%=0.7342894077301025, 5%=0.735550045967102, 10%=0.7390475273132324, 25%=0.7484193444252014, 50%=0.7585143446922302, 75%=0.7651679515838623, 90%=0.7770478129386902, 95%=0.7798329591751099, 98%=0.7859207987785339
ranking_best_algo: Tabu
ranking_best_score: 0.7470791764843752
ranking_my_rank: 1/504 (100.0%)
ranking_my_percent: 100.0
