ConfigName: kfr__advglobalrankweighted__M5__L9__eps0p01__g0p003__ds0p01__dm0p01
Problem: QUBO
Kernel: fr
Advantage: globalrankweighted
M: 5
lambda: 9
epsilon_svgd: 0.01
gamma: 0.003
decay_start_ratio: 0.01
decay_min_factor: 0.01
bandwith_kernel: None
no_interact: False
avg_score: -1178.3199462890625
median_score: -1166.0
std_score: 66.27909088134766
percentiles: 2%=-1357.1199951171875, 5%=-1301.800048828125, 10%=-1262.4000244140625, 25%=-1213.25, 50%=-1166.0, 75%=-1127.5, 90%=-1102.9000244140625, 95%=-1096.75, 98%=-1083.5198974609375
ranking_best_algo: Tabu
ranking_best_score: 1216.16
ranking_my_rank: 74/504 (85.5%)
ranking_my_percent: 85.51587301587301
