ConfigName: krbf__advnormalizedfitness__M2__L8__eps0p015__g0p01__ds0p3__dm0p01
Problem: QUBO
Kernel: rbf
Advantage: normalizedfitness
M: 2
lambda: 8
epsilon_svgd: 0.015
gamma: 0.01
decay_start_ratio: 0.3
decay_min_factor: 0.01
bandwith_kernel: None
no_interact: False
avg_score: -146.13999938964844
median_score: -146.0
std_score: 13.992155075073242
percentiles: 2%=-179.0, 5%=-179.0, 10%=-158.0, 25%=-154.0, 50%=-146.0, 75%=-139.0, 90%=-129.0, 95%=-124.94999694824219, 98%=-116.87999725341797
ranking_best_algo: CMApara
ranking_best_score: 154.28
ranking_my_rank: 126/504 (75.2%)
ranking_my_percent: 75.1984126984127
