ConfigName: kjsd__advperagentrankweighted__M3__L18__eps0p007__g0p001__ds0p05__dm0p1
Problem: NK
Kernel: jsd
Advantage: peragentrankweighted
M: 3
lambda: 18
epsilon_svgd: 0.007
gamma: 0.001
decay_start_ratio: 0.05
decay_min_factor: 0.1
bandwith_kernel: None
no_interact: False
avg_score: 0.7115049958229065
median_score: 0.70106041431427
std_score: 0.03157999366521835
percentiles: 2%=0.6734376549720764, 5%=0.6747797131538391, 10%=0.6785765886306763, 25%=0.6823291182518005, 50%=0.70106041431427, 75%=0.7468891739845276, 90%=0.7535533308982849, 95%=0.7613165378570557, 98%=0.7613165378570557
ranking_best_algo: CMApara
ranking_best_score: 0.7118996098437498
ranking_my_rank: 2/504 (99.8%)
ranking_my_percent: 99.8015873015873
