ConfigName: kjsd__advperagentrankweighted__M3__L18__eps0p01__g0p0005__ds0p05__dm0p1
Problem: QUBO
Kernel: jsd
Advantage: peragentrankweighted
M: 3
lambda: 18
epsilon_svgd: 0.01
gamma: 0.0005
decay_start_ratio: 0.05
decay_min_factor: 0.1
bandwith_kernel: None
no_interact: False
avg_score: -1244.219970703125
median_score: -1245.0
std_score: 65.33889770507812
percentiles: 2%=-1416.0799560546875, 5%=-1357.0, 10%=-1329.0999755859375, 25%=-1286.25, 50%=-1245.0, 75%=-1191.0, 90%=-1166.800048828125, 95%=-1156.449951171875, 98%=-1138.9599609375
ranking_best_algo: SVMMetaModelLogNormal
ranking_best_score: 1233.7999999999997
ranking_my_rank: 1/504 (100.0%)
ranking_my_percent: 100.0
