ConfigName: kjsd__advperagentrankweighted__M6__L8__eps0p03__g0p0007__ds0p05__dm0p05
Problem: QUBO
Kernel: jsd
Advantage: peragentrankweighted
M: 6
lambda: 8
epsilon_svgd: 0.03
gamma: 0.0007
decay_start_ratio: 0.05
decay_min_factor: 0.05
bandwith_kernel: None
no_interact: False
avg_score: -412.55999755859375
median_score: -411.0
std_score: 27.80299186706543
percentiles: 2%=-471.0400085449219, 5%=-459.20001220703125, 10%=-451.1000061035156, 25%=-431.25, 50%=-411.0, 75%=-390.0, 90%=-378.0, 95%=-372.0, 98%=-364.0
ranking_best_algo: Tabu
ranking_best_score: 438.12
ranking_my_rank: 67/504 (86.9%)
ranking_my_percent: 86.9047619047619
