ConfigName: krbf__advnormalizedfitness__M3__L10__eps0p033__g0p005__ds0p3__dm0p3
Problem: QUBO
Kernel: rbf
Advantage: normalizedfitness
M: 3
lambda: 10
epsilon_svgd: 0.033
gamma: 0.005
decay_start_ratio: 0.3
decay_min_factor: 0.3
bandwith_kernel: None
no_interact: False
avg_score: -145.60000610351562
median_score: -145.5
std_score: 13.975693702697754
percentiles: 2%=-179.0, 5%=-179.0, 10%=-160.0, 25%=-154.0, 50%=-145.5, 75%=-137.0, 90%=-130.60000610351562, 95%=-125.0, 98%=-114.0
ranking_best_algo: CMApara
ranking_best_score: 154.28
ranking_my_rank: 136/504 (73.2%)
ranking_my_percent: 73.21428571428571
