ConfigName: kjsd__advperagentrankweighted__M3__L16__eps0p005__g0p0007__ds0p1__dm0p2
Problem: QUBO
Kernel: jsd
Advantage: peragentrankweighted
M: 3
lambda: 16
epsilon_svgd: 0.005
gamma: 0.0007
decay_start_ratio: 0.1
decay_min_factor: 0.2
bandwith_kernel: None
no_interact: False
avg_score: -1198.739990234375
median_score: -1185.5
std_score: 57.284488677978516
percentiles: 2%=-1345.1600341796875, 5%=-1299.699951171875, 10%=-1267.699951171875, 25%=-1237.0, 50%=-1185.5, 75%=-1156.0, 90%=-1138.0, 95%=-1127.6500244140625, 98%=-1112.9200439453125
ranking_best_algo: Tabu
ranking_best_score: 1216.16
ranking_my_rank: 44/504 (91.5%)
ranking_my_percent: 91.46825396825396
