ConfigName: kjsd__advperagentrankweighted__M3__L16__eps0p01__g0p0005__ds0p05__dm0p2
Problem: NK
Kernel: jsd
Advantage: peragentrankweighted
M: 3
lambda: 16
epsilon_svgd: 0.01
gamma: 0.0005
decay_start_ratio: 0.05
decay_min_factor: 0.2
bandwith_kernel: None
no_interact: False
avg_score: 0.7101491689682007
median_score: 0.6950578689575195
std_score: 0.031888946890830994
percentiles: 2%=0.6734704971313477, 5%=0.674265444278717, 10%=0.676101803779602, 25%=0.6814378499984741, 50%=0.6950578689575195, 75%=0.7455553412437439, 90%=0.7534111738204956, 95%=0.7613165378570557, 98%=0.7613165378570557
ranking_best_algo: CMApara
ranking_best_score: 0.7118996098437498
ranking_my_rank: 33/504 (93.7%)
ranking_my_percent: 93.65079365079364
