ConfigName: kfr__advglobalrankweighted__M5__L11__eps0p015__g0p007__ds0p01__dm0p01
Problem: QUBO
Kernel: fr
Advantage: globalrankweighted
M: 5
lambda: 11
epsilon_svgd: 0.015
gamma: 0.007
decay_start_ratio: 0.01
decay_min_factor: 0.01
bandwith_kernel: None
no_interact: False
avg_score: -2747.56005859375
median_score: -2757.0
std_score: 152.9971466064453
percentiles: 2%=-3098.239990234375, 5%=-2979.5, 10%=-2934.39990234375, 25%=-2836.25, 50%=-2757.0, 75%=-2661.5, 90%=-2551.199951171875, 95%=-2497.2001953125, 98%=-2429.39990234375
ranking_best_algo: RLSOnePlusOne
ranking_best_score: 3316.5199999999995
ranking_my_rank: 183/504 (63.9%)
ranking_my_percent: 63.888888888888886
