ConfigName: kjsd__advperagentrankweighted__M5__L24__eps0p007__g0p0005__ds0p05__dm0p05
Problem: QUBO
Kernel: jsd
Advantage: peragentrankweighted
M: 5
lambda: 24
epsilon_svgd: 0.007
gamma: 0.0005
decay_start_ratio: 0.05
decay_min_factor: 0.05
bandwith_kernel: None
no_interact: False
avg_score: -1619.6199951171875
median_score: -1622.5
std_score: 59.71227264404297
percentiles: 2%=-1770.02001953125, 5%=-1714.1500244140625, 10%=-1683.800048828125, 25%=-1653.0, 50%=-1622.5, 75%=-1580.0, 90%=-1546.5999755859375, 95%=-1526.9000244140625, 98%=-1502.8800048828125
ranking_best_algo: NLOPT_LN_PRAXIS
ranking_best_score: 1607.12
ranking_my_rank: 1/504 (100.0%)
ranking_my_percent: 100.0
