ConfigName: kjsd__advperagentrankweighted__M3__L16__eps0p007__g0p003__ds0p05__dm0p05
Problem: QUBO
Kernel: jsd
Advantage: peragentrankweighted
M: 3
lambda: 16
epsilon_svgd: 0.007
gamma: 0.003
decay_start_ratio: 0.05
decay_min_factor: 0.05
bandwith_kernel: None
no_interact: False
avg_score: -311.2200012207031
median_score: -308.0
std_score: 39.763694763183594
percentiles: 2%=-396.0, 5%=-392.20001220703125, 10%=-361.6000061035156, 25%=-338.0, 50%=-308.0, 75%=-275.75, 90%=-267.79998779296875, 95%=-260.95001220703125, 98%=-254.86000061035156
ranking_best_algo: CMApara
ranking_best_score: 319.29999999999995
ranking_my_rank: 39/504 (92.5%)
ranking_my_percent: 92.46031746031746
