ConfigName: kjsd__advperagentrankweighted__M4__L8__eps0p01__g0p0003__ds0p2__dm0p05
Problem: NK
Kernel: jsd
Advantage: peragentrankweighted
M: 4
lambda: 8
epsilon_svgd: 0.01
gamma: 0.0003
decay_start_ratio: 0.2
decay_min_factor: 0.05
bandwith_kernel: None
no_interact: False
avg_score: 0.7101593613624573
median_score: 0.7093263268470764
std_score: 0.007771744392812252
percentiles: 2%=0.6975020170211792, 5%=0.6998046636581421, 10%=0.7014704942703247, 25%=0.704338014125824, 50%=0.7093263268470764, 75%=0.7146192789077759, 90%=0.7197120785713196, 95%=0.7240888476371765, 98%=0.7282736301422119
ranking_best_algo: PBIL
ranking_best_score: 0.7170882103515624
ranking_my_rank: 48/504 (90.7%)
ranking_my_percent: 90.67460317460318
