ConfigName: krbf__advnormalizedfitness__M2__L12__eps0p025__g0p01__ds0p15__dm0p05
Problem: QUBO
Kernel: rbf
Advantage: normalizedfitness
M: 2
lambda: 12
epsilon_svgd: 0.025
gamma: 0.01
decay_start_ratio: 0.15
decay_min_factor: 0.05
bandwith_kernel: None
no_interact: False
avg_score: -137.55999755859375
median_score: -139.0
std_score: 12.28358268737793
percentiles: 2%=-159.02000427246094, 5%=-156.0500030517578, 10%=-154.0, 25%=-146.0, 50%=-139.0, 75%=-127.75, 90%=-119.9000015258789, 95%=-117.0, 98%=-114.9800033569336
ranking_best_algo: DiscreteDE
ranking_best_score: 143.4
ranking_my_rank: 121/504 (76.2%)
ranking_my_percent: 76.19047619047619
