ConfigName: kjsd__advperagentrankweighted__M4__L8__eps0p02__g0p0007__ds0p05__dm0p05
Problem: NK
Kernel: jsd
Advantage: peragentrankweighted
M: 4
lambda: 8
epsilon_svgd: 0.02
gamma: 0.0007
decay_start_ratio: 0.05
decay_min_factor: 0.05
bandwith_kernel: None
no_interact: False
avg_score: 0.7219958305358887
median_score: 0.7212380170822144
std_score: 0.010144056752324104
percentiles: 2%=0.7066084742546082, 5%=0.7070081830024719, 10%=0.7099031805992126, 25%=0.7154746055603027, 50%=0.7212380170822144, 75%=0.7284524440765381, 90%=0.7342361211776733, 95%=0.7383015155792236, 98%=0.7441659569740295
ranking_best_algo: Tabu
ranking_best_score: 0.7429702712499999
ranking_my_rank: 6/504 (99.0%)
ranking_my_percent: 99.0079365079365
