ConfigName: krbf__advnormalizedfitness__M1__L8__eps0p025__g0p005__ds0p3__dm0p01
Problem: NK
Kernel: rbf
Advantage: normalizedfitness
M: 1
lambda: 8
epsilon_svgd: 0.025
gamma: 0.005
decay_start_ratio: 0.3
decay_min_factor: 0.01
bandwith_kernel: None
no_interact: False
avg_score: 0.7331791520118713
median_score: 0.7330443859100342
std_score: 0.014073804020881653
percentiles: 2%=0.700892984867096, 5%=0.7117226719856262, 10%=0.7160019278526306, 25%=0.7242302894592285, 50%=0.7330443859100342, 75%=0.7418188452720642, 90%=0.750080406665802, 95%=0.7557082176208496, 98%=0.7603979110717773
ranking_best_algo: Tabu
ranking_best_score: 0.7470791764843752
ranking_my_rank: 24/504 (95.4%)
ranking_my_percent: 95.43650793650794
