ConfigName: kjsd__advperagentrankweighted__M4__L12__eps0p01__g0p0005__ds0p05__dm0p05
Problem: QUBO
Kernel: jsd
Advantage: peragentrankweighted
M: 4
lambda: 12
epsilon_svgd: 0.01
gamma: 0.0005
decay_start_ratio: 0.05
decay_min_factor: 0.05
bandwith_kernel: None
no_interact: False
avg_score: -3300.39990234375
median_score: -3314.0
std_score: 111.51931762695312
percentiles: 2%=-3510.3798828125, 5%=-3493.5, 10%=-3425.89990234375, 25%=-3364.0, 50%=-3314.0, 75%=-3227.0, 90%=-3159.5, 95%=-3124.550048828125, 98%=-3033.800048828125
ranking_best_algo: RLSOnePlusOne
ranking_best_score: 3316.5199999999995
ranking_my_rank: 3/504 (99.6%)
ranking_my_percent: 99.60317460317461
