ConfigName: kjsd__advperagentrankweighted__M3__L24__eps0p005__g0p0005__ds0p05__dm0p05
Problem: QUBO
Kernel: jsd
Advantage: peragentrankweighted
M: 3
lambda: 24
epsilon_svgd: 0.005
gamma: 0.0005
decay_start_ratio: 0.05
decay_min_factor: 0.05
bandwith_kernel: None
no_interact: False
avg_score: -201.22000122070312
median_score: -201.5
std_score: 11.422416687011719
percentiles: 2%=-224.0, 5%=-220.0500030517578, 10%=-218.10000610351562, 25%=-207.0, 50%=-201.5, 75%=-195.0, 90%=-187.89999389648438, 95%=-181.85000610351562, 98%=-172.0
ranking_best_algo: Tabu
ranking_best_score: 208.36000000000004
ranking_my_rank: 41/504 (92.1%)
ranking_my_percent: 92.06349206349206
