ConfigName: kjsd__advperagentrankweighted__M3__L16__eps0p005__g0p0007__ds0p05__dm0p1
Problem: QUBO
Kernel: jsd
Advantage: peragentrankweighted
M: 3
lambda: 16
epsilon_svgd: 0.005
gamma: 0.0007
decay_start_ratio: 0.05
decay_min_factor: 0.1
bandwith_kernel: None
no_interact: False
avg_score: -2655.5400390625
median_score: -2664.0
std_score: 116.2579345703125
percentiles: 2%=-2852.39990234375, 5%=-2826.0, 10%=-2791.0, 25%=-2745.0, 50%=-2664.0, 75%=-2569.0, 90%=-2493.60009765625, 95%=-2449.39990234375, 98%=-2389.840087890625
ranking_best_algo: DiscreteLengler2OnePlusOne
ranking_best_score: 2617.04
ranking_my_rank: 1/504 (100.0%)
ranking_my_percent: 100.0
