ConfigName: krbf__advnormalizedfitness__M4__L12__eps0p033__g0p005__ds0p01__dm0p3
Problem: QUBO
Kernel: rbf
Advantage: normalizedfitness
M: 4
lambda: 12
epsilon_svgd: 0.033
gamma: 0.005
decay_start_ratio: 0.01
decay_min_factor: 0.3
bandwith_kernel: None
no_interact: False
avg_score: -2532.6201171875
median_score: -2527.5
std_score: 140.98956298828125
percentiles: 2%=-2821.080078125, 5%=-2785.35009765625, 10%=-2709.800048828125, 25%=-2633.5, 50%=-2527.5, 75%=-2427.5, 90%=-2355.199951171875, 95%=-2296.25, 98%=-2277.89990234375
ranking_best_algo: DiscreteLengler2OnePlusOne
ranking_best_score: 2617.04
ranking_my_rank: 59/504 (88.5%)
ranking_my_percent: 88.4920634920635
