ConfigName: kjsd__advperagentrankweighted__M5__L10__eps0p005__g0p0007__ds0p05__dm0p05
Problem: NK
Kernel: jsd
Advantage: peragentrankweighted
M: 5
lambda: 10
epsilon_svgd: 0.005
gamma: 0.0007
decay_start_ratio: 0.05
decay_min_factor: 0.05
bandwith_kernel: None
no_interact: False
avg_score: 0.7552861571311951
median_score: 0.7568374276161194
std_score: 0.013328725472092628
percentiles: 2%=0.7315183877944946, 5%=0.7324908375740051, 10%=0.7373957633972168, 25%=0.7456498146057129, 50%=0.7568374276161194, 75%=0.7659215927124023, 90%=0.770826518535614, 95%=0.7763654589653015, 98%=0.7792592644691467
ranking_best_algo: Tabu
ranking_best_score: 0.7657846284375001
ranking_my_rank: 5/504 (99.2%)
ranking_my_percent: 99.2063492063492
