ConfigName: kjsd__advperagentrankweighted__M3__L16__eps0p005__g0p003__ds0p05__dm0p1
Problem: QUBO
Kernel: jsd
Advantage: peragentrankweighted
M: 3
lambda: 16
epsilon_svgd: 0.005
gamma: 0.003
decay_start_ratio: 0.05
decay_min_factor: 0.1
bandwith_kernel: None
no_interact: False
avg_score: -919.7000122070312
median_score: -921.0
std_score: 72.78907775878906
percentiles: 2%=-1056.0400390625, 5%=-1038.199951171875, 10%=-1015.4000244140625, 25%=-975.25, 50%=-921.0, 75%=-865.75, 90%=-821.9000244140625, 95%=-812.7000122070312, 98%=-786.8400268554688
ranking_best_algo: CMApara
ranking_best_score: 964.9
ranking_my_rank: 61/504 (88.1%)
ranking_my_percent: 88.0952380952381
