ConfigName: kjsd__advperagentrankweighted__M4__L24__eps0p02__g0p0003__ds0p05__dm0p05
Problem: QUBO
Kernel: jsd
Advantage: peragentrankweighted
M: 4
lambda: 24
epsilon_svgd: 0.02
gamma: 0.0003
decay_start_ratio: 0.05
decay_min_factor: 0.05
bandwith_kernel: None
no_interact: False
avg_score: -2627.89990234375
median_score: -2626.5
std_score: 112.94365692138672
percentiles: 2%=-2862.1201171875, 5%=-2817.800048828125, 10%=-2764.699951171875, 25%=-2703.5, 50%=-2626.5, 75%=-2550.0, 90%=-2498.5, 95%=-2439.89990234375, 98%=-2412.820068359375
ranking_best_algo: DiscreteLengler2OnePlusOne
ranking_best_score: 2617.04
ranking_my_rank: 1/504 (100.0%)
ranking_my_percent: 100.0
