ConfigName: kjsd__advperagentrankweighted__M10__L24__eps0p008__g0p0005__ds0p05__dm0p05
Problem: NK
Kernel: jsd
Advantage: peragentrankweighted
M: 10
lambda: 24
epsilon_svgd: 0.008
gamma: 0.0005
decay_start_ratio: 0.05
decay_min_factor: 0.05
bandwith_kernel: None
no_interact: False
avg_score: 0.708915650844574
median_score: 0.7089100480079651
std_score: 0.010931628756225109
percentiles: 2%=0.6874955892562866, 5%=0.6890918016433716, 10%=0.6958853006362915, 25%=0.7012202739715576, 50%=0.7089100480079651, 75%=0.7192469835281372, 90%=0.7234779596328735, 95%=0.7250286936759949, 98%=0.7255289554595947
ranking_best_algo: PBIL
ranking_best_score: 0.7248786399609374
ranking_my_rank: 63/504 (87.7%)
ranking_my_percent: 87.6984126984127
