ConfigName: kjsd__advperagentrankweighted__M4__L20__eps0p005__g0p0005__ds0p05__dm0p2
Problem: QUBO
Kernel: jsd
Advantage: peragentrankweighted
M: 4
lambda: 20
epsilon_svgd: 0.005
gamma: 0.0005
decay_start_ratio: 0.05
decay_min_factor: 0.2
bandwith_kernel: None
no_interact: False
avg_score: -916.0800170898438
median_score: -901.0
std_score: 66.25657653808594
percentiles: 2%=-1042.1800537109375, 5%=-1031.3499755859375, 10%=-1010.2999877929688, 25%=-969.5, 50%=-901.0, 75%=-871.75, 90%=-842.5999755859375, 95%=-817.75, 98%=-796.9199829101562
ranking_best_algo: CMAL3
ranking_best_score: 928.5800000000002
ranking_my_rank: 15/504 (97.2%)
ranking_my_percent: 97.22222222222223
