ConfigName: kjsd__advperagentrankweighted__M5__L12__eps0p005__g0p0005__ds0p3__dm0p05
Problem: QUBO
Kernel: jsd
Advantage: peragentrankweighted
M: 5
lambda: 12
epsilon_svgd: 0.005
gamma: 0.0005
decay_start_ratio: 0.3
decay_min_factor: 0.05
bandwith_kernel: None
no_interact: False
avg_score: -1236.280029296875
median_score: -1235.0
std_score: 60.5146369934082
percentiles: 2%=-1362.0999755859375, 5%=-1345.0, 10%=-1309.199951171875, 25%=-1275.0, 50%=-1235.0, 75%=-1196.75, 90%=-1158.800048828125, 95%=-1142.9000244140625, 98%=-1132.5799560546875
ranking_best_algo: SVMMetaModelLogNormal
ranking_best_score: 1233.7999999999997
ranking_my_rank: 1/504 (100.0%)
ranking_my_percent: 100.0
