ConfigName: kjsd__advperagentrankweighted__M4__L10__eps0p005__g0p0007__ds0p05__dm0p05
Problem: QUBO
Kernel: jsd
Advantage: peragentrankweighted
M: 4
lambda: 10
epsilon_svgd: 0.005
gamma: 0.0007
decay_start_ratio: 0.05
decay_min_factor: 0.05
bandwith_kernel: None
no_interact: False
avg_score: -432.29998779296875
median_score: -430.5
std_score: 24.447290420532227
percentiles: 2%=-485.0, 5%=-479.1000061035156, 10%=-461.29998779296875, 25%=-447.25, 50%=-430.5, 75%=-420.0, 90%=-402.6000061035156, 95%=-396.8999938964844, 98%=-387.7200012207031
ranking_best_algo: CMAL3
ranking_best_score: 435.36
ranking_my_rank: 5/504 (99.2%)
ranking_my_percent: 99.2063492063492
