ConfigName: kjsd__advperagentrankweighted__M3__L18__eps0p005__g0p003__ds0p1__dm0p2
Problem: QUBO
Kernel: jsd
Advantage: peragentrankweighted
M: 3
lambda: 18
epsilon_svgd: 0.005
gamma: 0.003
decay_start_ratio: 0.1
decay_min_factor: 0.2
bandwith_kernel: None
no_interact: False
avg_score: -1254.739990234375
median_score: -1268.5
std_score: 112.17786407470703
percentiles: 2%=-1475.0400390625, 5%=-1425.050048828125, 10%=-1384.300048828125, 25%=-1337.0, 50%=-1268.5, 75%=-1181.75, 90%=-1103.4000244140625, 95%=-1058.0999755859375, 98%=-1028.9599609375
ranking_best_algo: NLOPT_LN_PRAXIS
ranking_best_score: 1607.12
ranking_my_rank: 212/504 (58.1%)
ranking_my_percent: 58.13492063492063
