ConfigName: krbf__advnormalizedfitness__M2__L10__eps0p025__g0p015__ds0p15__dm0p01
Problem: QUBO
Kernel: rbf
Advantage: normalizedfitness
M: 2
lambda: 10
epsilon_svgd: 0.025
gamma: 0.015
decay_start_ratio: 0.15
decay_min_factor: 0.01
bandwith_kernel: None
no_interact: False
avg_score: -2644.199951171875
median_score: -2642.5
std_score: 122.5668716430664
percentiles: 2%=-2891.1201171875, 5%=-2844.60009765625, 10%=-2800.10009765625, 25%=-2717.25, 50%=-2642.5, 75%=-2562.0, 90%=-2488.60009765625, 95%=-2434.449951171875, 98%=-2398.89990234375
ranking_best_algo: DiscreteLengler2OnePlusOne
ranking_best_score: 2617.04
ranking_my_rank: 1/504 (100.0%)
ranking_my_percent: 100.0
