ConfigName: kjsd__advperagentrankweighted__M3__L18__eps0p005__g0p001__ds0p05__dm0p1
Problem: NK
Kernel: jsd
Advantage: peragentrankweighted
M: 3
lambda: 18
epsilon_svgd: 0.005
gamma: 0.001
decay_start_ratio: 0.05
decay_min_factor: 0.1
bandwith_kernel: None
no_interact: False
avg_score: 0.753847062587738
median_score: 0.7544419765472412
std_score: 0.013820328749716282
percentiles: 2%=0.7254367470741272, 5%=0.7325695753097534, 10%=0.7348996996879578, 25%=0.7443367838859558, 50%=0.7544419765472412, 75%=0.7643401622772217, 90%=0.770172655582428, 95%=0.7722095251083374, 98%=0.7808896899223328
ranking_best_algo: Tabu
ranking_best_score: 0.7657846284375001
ranking_my_rank: 9/504 (98.4%)
ranking_my_percent: 98.41269841269842
