ConfigName: kjsd__advperagentrankweighted__M3__L16__eps0p007__g0p0005__ds0p05__dm0p05
Problem: QUBO
Kernel: jsd
Advantage: peragentrankweighted
M: 3
lambda: 16
epsilon_svgd: 0.007
gamma: 0.0005
decay_start_ratio: 0.05
decay_min_factor: 0.05
bandwith_kernel: None
no_interact: False
avg_score: -1310.93994140625
median_score: -1319.0
std_score: 55.70795440673828
percentiles: 2%=-1425.0, 5%=-1397.449951171875, 10%=-1367.300048828125, 25%=-1348.0, 50%=-1319.0, 75%=-1275.75, 90%=-1236.4000244140625, 95%=-1198.9000244140625, 98%=-1188.6800537109375
ranking_best_algo: BigLognormalDiscreteOnePlusOne
ranking_best_score: 1301.3600000000004
ranking_my_rank: 1/504 (100.0%)
ranking_my_percent: 100.0
