ConfigName: krbf__advnormalizedfitness__M4__L15__eps0p01__g0p002__ds0p05__dm0p05
Problem: QUBO
Kernel: rbf
Advantage: normalizedfitness
M: 4
lambda: 15
epsilon_svgd: 0.01
gamma: 0.002
decay_start_ratio: 0.05
decay_min_factor: 0.05
bandwith_kernel: None
no_interact: False
avg_score: -1169.47998046875
median_score: -1165.0
std_score: 66.23978424072266
percentiles: 2%=-1339.4000244140625, 5%=-1286.0, 10%=-1257.0999755859375, 25%=-1207.75, 50%=-1165.0, 75%=-1118.25, 90%=-1084.9000244140625, 95%=-1080.949951171875, 98%=-1073.8599853515625
ranking_best_algo: Tabu
ranking_best_score: 1216.16
ranking_my_rank: 91/504 (82.1%)
ranking_my_percent: 82.14285714285714
