ConfigName: kjsd__advperagentrankweighted__M6__L8__eps0p03__g0p0007__ds0p05__dm0p05
Problem: QUBO
Kernel: jsd
Advantage: peragentrankweighted
M: 6
lambda: 8
epsilon_svgd: 0.03
gamma: 0.0007
decay_start_ratio: 0.05
decay_min_factor: 0.05
bandwith_kernel: None
no_interact: False
avg_score: -335.05999755859375
median_score: -337.0
std_score: 17.989896774291992
percentiles: 2%=-366.1199951171875, 5%=-361.0, 10%=-355.0, 25%=-347.0, 50%=-337.0, 75%=-325.5, 90%=-309.6000061035156, 95%=-300.0, 98%=-291.9599914550781
ranking_best_algo: CMApara
ranking_best_score: 344.22
ranking_my_rank: 59/504 (88.5%)
ranking_my_percent: 88.4920634920635
