ConfigName: kjsd__advperagentrankweighted__M3__L16__eps0p005__g0p003__ds0p1__dm0p05
Problem: QUBO
Kernel: jsd
Advantage: peragentrankweighted
M: 3
lambda: 16
epsilon_svgd: 0.005
gamma: 0.003
decay_start_ratio: 0.1
decay_min_factor: 0.05
bandwith_kernel: None
no_interact: False
avg_score: -139.02000427246094
median_score: -141.5
std_score: 11.237420082092285
percentiles: 2%=-157.02000427246094, 5%=-156.0, 10%=-153.0, 25%=-146.0, 50%=-141.5, 75%=-131.0, 90%=-124.9000015258789, 95%=-118.9000015258789, 98%=-115.0
ranking_best_algo: DiscreteDE
ranking_best_score: 143.4
ranking_my_rank: 93/504 (81.7%)
ranking_my_percent: 81.74603174603175
