ConfigName: krbf__advnormalizedfitness__M3__L15__eps0p025__g0p005__ds0p01__dm0p01
Problem: NK
Kernel: rbf
Advantage: normalizedfitness
M: 3
lambda: 15
epsilon_svgd: 0.025
gamma: 0.005
decay_start_ratio: 0.01
decay_min_factor: 0.01
bandwith_kernel: None
no_interact: False
avg_score: 0.7585786581039429
median_score: 0.7577329874038696
std_score: 0.013422091491520405
percentiles: 2%=0.7346271276473999, 5%=0.7380969524383545, 10%=0.7420127987861633, 25%=0.7477614879608154, 50%=0.7577329874038696, 75%=0.7697358131408691, 90%=0.776276707649231, 95%=0.7801956534385681, 98%=0.7851821780204773
ranking_best_algo: Tabu
ranking_best_score: 0.7470791764843752
ranking_my_rank: 1/504 (100.0%)
ranking_my_percent: 100.0
