ConfigName: krbf__advnormalizedfitness__M1__L8__eps0p033__g0p007__ds0p01__dm0p3
Problem: QUBO
Kernel: rbf
Advantage: normalizedfitness
M: 1
lambda: 8
epsilon_svgd: 0.033
gamma: 0.007
decay_start_ratio: 0.01
decay_min_factor: 0.3
bandwith_kernel: None
no_interact: False
avg_score: -1251.739990234375
median_score: -1259.5
std_score: 61.63142395019531
percentiles: 2%=-1368.06005859375, 5%=-1350.449951171875, 10%=-1322.4000244140625, 25%=-1292.25, 50%=-1259.5, 75%=-1208.25, 90%=-1165.0, 95%=-1151.0, 98%=-1130.639892578125
ranking_best_algo: BigLognormalDiscreteOnePlusOne
ranking_best_score: 1301.3600000000004
ranking_my_rank: 56/504 (89.1%)
ranking_my_percent: 89.08730158730158
