ConfigName: kjsd__advperagentrankweighted__M3__L16__eps0p007__g0p003__ds0p1__dm0p2
Problem: QUBO
Kernel: jsd
Advantage: peragentrankweighted
M: 3
lambda: 16
epsilon_svgd: 0.007
gamma: 0.003
decay_start_ratio: 0.1
decay_min_factor: 0.2
bandwith_kernel: None
no_interact: False
avg_score: -887.3599853515625
median_score: -889.5
std_score: 64.35472869873047
percentiles: 2%=-1033.02001953125, 5%=-977.0499877929688, 10%=-961.0, 25%=-940.25, 50%=-889.5, 75%=-826.75, 90%=-801.0, 95%=-792.9000244140625, 98%=-777.97998046875
ranking_best_algo: CMAL3
ranking_best_score: 928.5800000000002
ranking_my_rank: 102/504 (80.0%)
ranking_my_percent: 79.96031746031746
