ConfigName: krbf__advnormalizedfitness__M4__L10__eps0p015__g0p005__ds0p15__dm0p01
Problem: QUBO
Kernel: rbf
Advantage: normalizedfitness
M: 4
lambda: 10
epsilon_svgd: 0.015
gamma: 0.005
decay_start_ratio: 0.15
decay_min_factor: 0.01
bandwith_kernel: None
no_interact: False
avg_score: -926.5999755859375
median_score: -916.0
std_score: 62.66722106933594
percentiles: 2%=-1047.219970703125, 5%=-1020.9000244140625, 10%=-1013.0, 25%=-973.25, 50%=-916.0, 75%=-879.75, 90%=-856.5, 95%=-816.9000244140625, 98%=-802.9199829101562
ranking_best_algo: CMApara
ranking_best_score: 964.9
ranking_my_rank: 21/504 (96.0%)
ranking_my_percent: 96.03174603174604
