ConfigName: krbf__advnormalizedfitness__M3__L12__eps0p015__g0p007__ds0p15__dm0p01
Problem: QUBO
Kernel: rbf
Advantage: normalizedfitness
M: 3
lambda: 12
epsilon_svgd: 0.015
gamma: 0.007
decay_start_ratio: 0.15
decay_min_factor: 0.01
bandwith_kernel: None
no_interact: False
avg_score: -138.67999267578125
median_score: -141.0
std_score: 11.100341796875
percentiles: 2%=-157.0399932861328, 5%=-156.0, 10%=-152.1999969482422, 25%=-146.0, 50%=-141.0, 75%=-131.0, 90%=-125.0, 95%=-118.90000915527344, 98%=-110.93998718261719
ranking_best_algo: DiscreteDE
ranking_best_score: 143.4
ranking_my_rank: 97/504 (81.0%)
ranking_my_percent: 80.95238095238095
