ConfigName: kjsd__advperagentrankweighted__M5__L8__eps0p01__g0p003__ds0p4__dm0p2
Problem: QUBO
Kernel: jsd
Advantage: peragentrankweighted
M: 5
lambda: 8
epsilon_svgd: 0.01
gamma: 0.003
decay_start_ratio: 0.4
decay_min_factor: 0.2
bandwith_kernel: None
no_interact: False
avg_score: -139.9199981689453
median_score: -141.0
std_score: 10.717910766601562
percentiles: 2%=-159.0, 5%=-158.0, 10%=-156.0, 25%=-146.0, 50%=-141.0, 75%=-131.0, 90%=-127.0, 95%=-123.0, 98%=-118.95999908447266
ranking_best_algo: DiscreteDE
ranking_best_score: 143.4
ranking_my_rank: 80/504 (84.3%)
ranking_my_percent: 84.32539682539682
