ConfigName: kjsd__advperagentrankweighted__M5__L8__eps0p01__g0p0003__ds0p2__dm0p05
Problem: NK
Kernel: jsd
Advantage: peragentrankweighted
M: 5
lambda: 8
epsilon_svgd: 0.01
gamma: 0.0003
decay_start_ratio: 0.2
decay_min_factor: 0.05
bandwith_kernel: None
no_interact: False
avg_score: 0.7320319414138794
median_score: 0.731558620929718
std_score: 0.008805668912827969
percentiles: 2%=0.7163707613945007, 5%=0.7176729440689087, 10%=0.7209576964378357, 25%=0.7256067395210266, 50%=0.731558620929718, 75%=0.7400763034820557, 90%=0.7422186136245728, 95%=0.7477378845214844, 98%=0.7505894303321838
ranking_best_algo: PBIL
ranking_best_score: 0.733570253046875
ranking_my_rank: 2/504 (99.8%)
ranking_my_percent: 99.8015873015873
