ConfigName: kjsd__advperagentrankweighted__M5__L10__eps0p01__g0p0005__ds0p05__dm0p05
Problem: QUBO
Kernel: jsd
Advantage: peragentrankweighted
M: 5
lambda: 10
epsilon_svgd: 0.01
gamma: 0.0005
decay_start_ratio: 0.05
decay_min_factor: 0.05
bandwith_kernel: None
no_interact: False
avg_score: -939.719970703125
median_score: -941.0
std_score: 67.59986114501953
percentiles: 2%=-1074.0400390625, 5%=-1056.25, 10%=-1034.800048828125, 25%=-978.5, 50%=-941.0, 75%=-896.5, 90%=-854.7999877929688, 95%=-834.7000122070312, 98%=-808.5599975585938
ranking_best_algo: CMApara
ranking_best_score: 964.9
ranking_my_rank: 7/504 (98.8%)
ranking_my_percent: 98.80952380952381
