ConfigName: krbf__advnormalizedfitness__M4__L8__eps0p015__g0p005__ds0p15__dm0p01
Problem: QUBO
Kernel: rbf
Advantage: normalizedfitness
M: 4
lambda: 8
epsilon_svgd: 0.015
gamma: 0.005
decay_start_ratio: 0.15
decay_min_factor: 0.01
bandwith_kernel: None
no_interact: False
avg_score: -2385.56005859375
median_score: -2375.5
std_score: 175.53359985351562
percentiles: 2%=-2706.380126953125, 5%=-2673.300048828125, 10%=-2627.699951171875, 25%=-2527.25, 50%=-2375.5, 75%=-2266.75, 90%=-2156.10009765625, 95%=-2115.699951171875, 98%=-2073.919921875
ranking_best_algo: SVM1MetaModelLogNormal
ranking_best_score: 2605.14
ranking_my_rank: 132/504 (74.0%)
ranking_my_percent: 74.0079365079365
