step,best_fitness,avg_hamming,avg_l1,avg_entropy,mean,median,std,2%,5%,10%,25%,50%,75%,90%,95%,98%
24,-0.5497795939445496,63.94091033935547,4.188920497894287,88.44809468587239,0.5497795343399048,0.5474601984024048,0.013759303838014603,0.5288376212120056,0.5308161973953247,0.5344144701957703,0.5408189296722412,0.5474601984024048,0.5563547611236572,0.5700671672821045,0.5741510987281799,0.5753994584083557
48,-0.5580329298973083,63.9266471862793,4.334911346435547,88.41832987467448,0.5580329298973083,0.5562608242034912,0.013469737023115158,0.5362716317176819,0.5397143363952637,0.5427202582359314,0.5493181943893433,0.5562608242034912,0.5652585029602051,0.5737787485122681,0.5797678232192993,0.5870611667633057
72,-0.561527669429779,63.91351318359375,4.45953893661499,88.3909403483073,0.5615277290344238,0.559673547744751,0.012983706779778004,0.5397075414657593,0.5435324907302856,0.5472498536109924,0.552841067314148,0.559673547744751,0.5703476667404175,0.574662983417511,0.5820059776306152,0.5900347232818604
96,-0.5635488629341125,63.90125274658203,4.5805983543396,88.36483510335286,0.5635488629341125,0.5625615119934082,0.0120680658146739,0.5417205095291138,0.5474317073822021,0.5511947274208069,0.5551707148551941,0.5625615119934082,0.572084903717041,0.5779852271080017,0.5820059776306152,0.5900347232818604
120,-0.5657352209091187,63.89057159423828,4.687049388885498,88.34232584635417,0.5657352209091187,0.5642354488372803,0.012150833383202553,0.5478951334953308,0.551030158996582,0.5526977777481079,0.5565119385719299,0.5642354488372803,0.5729626417160034,0.5819800496101379,0.5856147408485413,0.5920882821083069
144,-0.5667887926101685,63.877784729003906,4.782797336578369,88.31709289550781,0.5667888522148132,0.5648157596588135,0.011591610498726368,0.5489965677261353,0.5514376163482666,0.5530140995979309,0.5583028793334961,0.5648157596588135,0.573124885559082,0.5819800496101379,0.5856147408485413,0.5920882821083069
168,-0.5683983564376831,63.8669548034668,4.870121002197266,88.296142578125,0.5683984160423279,0.5667105317115784,0.011811393313109875,0.5514366626739502,0.5527228713035583,0.5542297959327698,0.5602365732192993,0.5667105317115784,0.5741589069366455,0.582021951675415,0.5868890881538391,0.6030775308609009
192,-0.5697901248931885,63.85763168334961,4.968398094177246,88.27491251627605,0.5697901248931885,0.5686941146850586,0.011927351355552673,0.5522301197052002,0.553022027015686,0.5564528703689575,0.5613589286804199,0.5686941146850586,0.5746757984161377,0.5825751423835754,0.5898764133453369,0.6030775308609009
216,-0.5704731345176697,63.84569549560547,5.057034015655518,88.2513936360677,0.5704731941223145,0.5702202320098877,0.012081923894584179,0.5527858138084412,0.5535001158714294,0.5565336346626282,0.5617811679840088,0.5702202320098877,0.5750002861022949,0.583038330078125,0.5923314094543457,0.6030775308609009
240,-0.571175754070282,63.83464813232422,5.126869201660156,88.23108927408855,0.571175754070282,0.570603609085083,0.011607369408011436,0.5535187125205994,0.5563235282897949,0.5588292479515076,0.5638149380683899,0.570603609085083,0.5752582550048828,0.583038330078125,0.5923314094543457,0.6030775308609009
264,-0.5716874599456787,63.82406234741211,5.216696739196777,88.208984375,0.5716874599456787,0.570752739906311,0.011531484313309193,0.5535187125205994,0.5564587116241455,0.5588729381561279,0.5645168423652649,0.570752739906311,0.575575590133667,0.5848561525344849,0.5923314094543457,0.6030775308609009
288,-0.5723384618759155,63.81344223022461,5.298557281494141,88.18682861328125,0.5723384618759155,0.5718810558319092,0.011530251242220402,0.5535187125205994,0.5565375089645386,0.5589278340339661,0.5646848082542419,0.5718810558319092,0.5765214562416077,0.5856738686561584,0.5948042869567871,0.6030775308609009
312,-0.5732915997505188,63.8013916015625,5.381958961486816,88.16428883870442,0.5732915997505188,0.5723539590835571,0.011464467272162437,0.5535187125205994,0.5588130354881287,0.5614429712295532,0.5660290122032166,0.5723539590835571,0.5770370364189148,0.587384045124054,0.5983862280845642,0.6030775308609009
336,-0.5739330053329468,63.791664123535156,5.463028907775879,88.14341481526692,0.5739330649375916,0.5724977254867554,0.011336280964314938,0.5535187125205994,0.558929979801178,0.5621670484542847,0.5665291547775269,0.5724977254867554,0.5782663822174072,0.587384045124054,0.5983862280845642,0.6030775308609009
360,-0.5742948651313782,63.782135009765625,5.5328369140625,88.12389882405598,0.574294924736023,0.5725680589675903,0.011320357210934162,0.555051863193512,0.558929979801178,0.5621670484542847,0.5670909881591797,0.5725680589675903,0.5788439512252808,0.5895164012908936,0.5983862280845642,0.6030775308609009
384,-0.5748664140701294,63.77201461791992,5.59520149230957,88.10502370198567,0.5748664736747742,0.5727683305740356,0.011339906603097916,0.5564810037612915,0.5598005056381226,0.5634931921958923,0.5672926902770996,0.5727683305740356,0.5799713134765625,0.5898138880729675,0.5983862280845642,0.6030775308609009
408,-0.5756350755691528,63.76136779785156,5.655534267425537,88.08498636881511,0.5756350755691528,0.5741837024688721,0.011126051656901836,0.5564810037612915,0.5598005056381226,0.5642895698547363,0.5687723159790039,0.5741837024688721,0.580427348613739,0.5898138880729675,0.5983862280845642,0.6030775308609009
432,-0.5761628746986389,63.75106430053711,5.716655731201172,88.06542460123698,0.5761628150939941,0.5743930339813232,0.010913798585534096,0.5588858723640442,0.5611024498939514,0.5646125078201294,0.5705811977386475,0.5743930339813232,0.5815470814704895,0.5898138880729675,0.5983862280845642,0.6030775308609009
456,-0.5768441557884216,63.74128723144531,5.789710998535156,88.04496510823567,0.5768441557884216,0.5745899081230164,0.010622676461935043,0.5598391890525818,0.5627968907356262,0.5650212168693542,0.570862352848053,0.5745899081230164,0.5821449756622314,0.5903612971305847,0.5983862280845642,0.6030775308609009
480,-0.5772423148155212,63.73197555541992,5.866281032562256,88.02486419677734,0.5772423148155212,0.5748658776283264,0.010345853865146637,0.5619917511940002,0.5645268559455872,0.5657623410224915,0.5715086460113525,0.5748658776283264,0.5821449756622314,0.5903612971305847,0.5983862280845642,0.6030775308609009
504,-0.5775346755981445,63.72013854980469,5.928928375244141,88.00290934244792,0.5775346755981445,0.575361967086792,0.010305797681212425,0.5619917511940002,0.5646174550056458,0.565940260887146,0.5717121362686157,0.575361967086792,0.5825400352478027,0.5903612971305847,0.5983862280845642,0.6030775308609009
528,-0.577785849571228,63.7092399597168,6.007144927978516,87.9810282389323,0.577785849571228,0.5763345956802368,0.010175946168601513,0.5619917511940002,0.5647693276405334,0.5664408802986145,0.5718763470649719,0.5763345956802368,0.5825400352478027,0.5903612971305847,0.5983862280845642,0.6030775308609009
552,-0.5784239172935486,63.701019287109375,6.072977066040039,87.96288553873698,0.5784239768981934,0.5765498876571655,0.01006439607590437,0.5619917511940002,0.5650347471237183,0.5672971606254578,0.5721156597137451,0.5765498876571655,0.5837105512619019,0.5903612971305847,0.5983862280845642,0.6030775308609009
576,-0.5788686871528625,63.6904296875,6.145648002624512,87.9399642944336,0.5788686871528625,0.5774000287055969,0.01034234743565321,0.5619917511940002,0.5650347471237183,0.5672971606254578,0.5722928047180176,0.5774000287055969,0.5842734575271606,0.5921128988265991,0.6011983156204224,0.6054127812385559
600,-0.5791913270950317,63.6806755065918,6.210336208343506,87.92010498046875,0.5791913866996765,0.5776363611221313,0.010112341493368149,0.5628218054771423,0.5659096837043762,0.567476749420166,0.5724238157272339,0.5776363611221313,0.5842734575271606,0.5921128988265991,0.6011983156204224,0.6054127812385559
624,-0.5799470543861389,63.670955657958984,6.279134273529053,87.89984130859375,0.5799471139907837,0.5780060887336731,0.009813610464334488,0.5650041103363037,0.5673319697380066,0.569404125213623,0.5728715062141418,0.5780060887336731,0.5846434235572815,0.5932973027229309,0.6011983156204224,0.6054127812385559
648,-0.5801703333854675,63.661102294921875,6.341558456420898,87.87903340657552,0.5801703929901123,0.5782899260520935,0.009655413217842579,0.5650041103363037,0.567726194858551,0.5713303685188293,0.573341429233551,0.5782899260520935,0.5846434235572815,0.5932973027229309,0.6011983156204224,0.6054127812385559
672,-0.5803556442260742,63.6524658203125,6.406988143920898,87.86052958170573,0.580355703830719,0.5786932706832886,0.009595902636647224,0.5658276081085205,0.5678128600120544,0.5715321898460388,0.5738196969032288,0.5786932706832886,0.5846434235572815,0.5932973027229309,0.6011983156204224,0.6054127812385559
696,-0.5808643102645874,63.64361572265625,6.461195945739746,87.84252421061198,0.5808643698692322,0.5798403024673462,0.00950696412473917,0.5658276081085205,0.5692400336265564,0.5718587040901184,0.5744365453720093,0.5798403024673462,0.5850934982299805,0.5943395495414734,0.6011983156204224,0.6054127812385559
720,-0.5809953808784485,63.63323211669922,6.515158653259277,87.8231913248698,0.5809954404830933,0.5801440477371216,0.009463713504374027,0.5658276081085205,0.5692400336265564,0.5718587040901184,0.5745143294334412,0.5801440477371216,0.5850934982299805,0.5943395495414734,0.6011983156204224,0.6054127812385559
744,-0.5815957188606262,63.62199401855469,6.566108703613281,87.8036880493164,0.5815957188606262,0.5801726579666138,0.009752212092280388,0.568466067314148,0.5707101821899414,0.5719131827354431,0.5745929479598999,0.5801726579666138,0.5854655504226685,0.5944823622703552,0.6020850539207458,0.6104964017868042
768,-0.5820095539093018,63.612449645996094,6.624842643737793,87.7843246459961,0.5820095539093018,0.5803642868995667,0.009760375134646893,0.568466067314148,0.5707101821899414,0.5719131827354431,0.5748129487037659,0.5803642868995667,0.5861698389053345,0.5944823622703552,0.6020850539207458,0.6104964017868042
792,-0.5827414393424988,63.60357666015625,6.681310176849365,87.76599375406902,0.5827414989471436,0.5812270641326904,0.009829127229750156,0.5695174336433411,0.5715414881706238,0.5720167756080627,0.5749070048332214,0.5812270641326904,0.5870583057403564,0.5946854948997498,0.603042483329773,0.6104964017868042
816,-0.5828099250793457,63.59298324584961,6.731462478637695,87.74662272135417,0.5828099846839905,0.5812270641326904,0.009767429903149605,0.5695174336433411,0.571584939956665,0.5721384882926941,0.5755533576011658,0.5812270641326904,0.5870583057403564,0.5946854948997498,0.603042483329773,0.6104964017868042
840,-0.5829195380210876,63.58435821533203,6.789642333984375,87.72833760579427,0.5829195976257324,0.5813733339309692,0.009740619920194149,0.5695174336433411,0.571584939956665,0.5721384882926941,0.5757840275764465,0.5813733339309692,0.5870583057403564,0.5946854948997498,0.603042483329773,0.6104964017868042
864,-0.5830468535423279,63.5744743347168,6.843111991882324,87.70936838785808,0.5830469131469727,0.5814586877822876,0.009661355055868626,0.5695174336433411,0.571584939956665,0.5726978182792664,0.576090395450592,0.5814586877822876,0.5870583057403564,0.5946854948997498,0.603042483329773,0.6104964017868042
888,-0.5835989117622375,63.564327239990234,6.909511089324951,87.68749745686848,0.5835989117622375,0.5819752216339111,0.009715556167066097,0.5695174336433411,0.571584939956665,0.5731084942817688,0.5764000415802002,0.5819752216339111,0.5875634551048279,0.5957977771759033,0.603042483329773,0.6104964017868042
912,-0.5836184620857239,63.553035736083984,6.968703746795654,87.66525268554688,0.5836185216903687,0.5819752216339111,0.009715707041323185,0.5695174336433411,0.571584939956665,0.5731084942817688,0.5764000415802002,0.5819752216339111,0.588272213935852,0.5957977771759033,0.603042483329773,0.6104964017868042
936,-0.5837844610214233,63.540672302246094,7.020329475402832,87.64406840006511,0.5837845206260681,0.5820622444152832,0.009642916731536388,0.5695174336433411,0.5717350840568542,0.5731995105743408,0.5764725208282471,0.5820622444152832,0.588272213935852,0.5957977771759033,0.603042483329773,0.6104964017868042
960,-0.5841362476348877,63.53131103515625,7.071103572845459,87.62572479248047,0.5841362476348877,0.5822688341140747,0.009737872518599033,0.5707554221153259,0.5719096064567566,0.5734304189682007,0.5764999985694885,0.5822688341140747,0.5888939499855042,0.5983004570007324,0.6037711501121521,0.6104964017868042
984,-0.5841750502586365,63.517860412597656,7.119697570800781,87.60384623209636,0.5841750502586365,0.5822688341140747,0.009686071425676346,0.5714073181152344,0.5727368593215942,0.5734304189682007,0.5764999985694885,0.5822688341140747,0.5888939499855042,0.5983004570007324,0.6037711501121521,0.6104964017868042
1008,-0.5843786001205444,63.50768280029297,7.167538642883301,87.58517710367839,0.5843786001205444,0.5825852155685425,0.00957479327917099,0.5717450380325317,0.5727999210357666,0.5742209553718567,0.5765273571014404,0.5825852155685425,0.5888939499855042,0.5983004570007324,0.6037711501121521,0.6104964017868042
1032,-0.584423840045929,63.49737548828125,7.221502304077148,87.56470998128255,0.584423840045929,0.5827385187149048,0.009575036354362965,0.5717450380325317,0.5727999210357666,0.5742209553718567,0.5765273571014404,0.5827385187149048,0.5888939499855042,0.5983004570007324,0.6037711501121521,0.6104964017868042
1056,-0.5846418738365173,63.485939025878906,7.268676280975342,87.54519144694011,0.5846418738365173,0.5828461050987244,0.009699761867523193,0.5717450380325317,0.5727999210357666,0.5742209553718567,0.5765273571014404,0.5828461050987244,0.5895589590072632,0.599071204662323,0.6037711501121521,0.6104964017868042
1080,-0.5848906636238098,63.47764205932617,7.318543434143066,87.52805074055989,0.5848906636238098,0.5834407210350037,0.009611903689801693,0.5717450380325317,0.5727999210357666,0.5742209553718567,0.5774096846580505,0.5834407210350037,0.5895589590072632,0.599071204662323,0.6037711501121521,0.6104964017868042
1104,-0.5850532650947571,63.46715545654297,7.369990348815918,87.50784556070964,0.5850532650947571,0.5838010311126709,0.009572531096637249,0.5717450380325317,0.5727999210357666,0.5742209553718567,0.5774629712104797,0.5838010311126709,0.589730441570282,0.599071204662323,0.6037711501121521,0.6104964017868042
1128,-0.5853574872016907,63.45488739013672,7.420915603637695,87.48629252115886,0.5853574275970459,0.5841342210769653,0.009599532000720501,0.5717450380325317,0.5727999210357666,0.5744025707244873,0.5777187347412109,0.5841342210769653,0.5903146862983704,0.599071204662323,0.6037711501121521,0.6104964017868042
1152,-0.5854580998420715,63.441734313964844,7.4849958419799805,87.46107991536458,0.5854580998420715,0.5843366384506226,0.009545930661261082,0.5717450380325317,0.5727999210357666,0.5744025707244873,0.5779865384101868,0.5843366384506226,0.5903146862983704,0.599071204662323,0.6037711501121521,0.6104964017868042
1176,-0.5854580998420715,63.42893600463867,7.527651786804199,87.43957265218098,0.5854580998420715,0.5843366384506226,0.009545930661261082,0.5717450380325317,0.5727999210357666,0.5744025707244873,0.5779865384101868,0.5843366384506226,0.5903146862983704,0.599071204662323,0.6037711501121521,0.6104964017868042
1200,-0.5857076644897461,63.41893768310547,7.577477931976318,87.41970570882161,0.5857077240943909,0.5843366384506226,0.009581339545547962,0.5717450380325317,0.5731240510940552,0.5745777487754822,0.5791400671005249,0.5843366384506226,0.5906827449798584,0.600949764251709,0.6037711501121521,0.6104964017868042
1224,-0.5857076644897461,63.407745361328125,7.628621578216553,87.39893086751302,0.5857077240943909,0.5843366384506226,0.009581339545547962,0.5717450380325317,0.5731240510940552,0.5745777487754822,0.5791400671005249,0.5843366384506226,0.5906827449798584,0.600949764251709,0.6037711501121521,0.6104964017868042
1248,-0.5857101082801819,63.39689254760742,7.666857719421387,87.38025919596355,0.5857101678848267,0.5843366384506226,0.009580139070749283,0.5717450380325317,0.5731240510940552,0.5745777487754822,0.5791400671005249,0.5843366384506226,0.5906827449798584,0.600949764251709,0.6037711501121521,0.6104964017868042
1272,-0.5860984921455383,63.38566207885742,7.706227779388428,87.36155954996745,0.5860984921455383,0.5845340490341187,0.009658531285822392,0.5717450380325317,0.5731240510940552,0.5747718811035156,0.5799943208694458,0.5845340490341187,0.5911323428153992,0.6011672616004944,0.6037711501121521,0.6104964017868042
1296,-0.5861445665359497,63.37470245361328,7.748897552490234,87.34218851725261,0.5861445665359497,0.5845340490341187,0.009667427279055119,0.5717450380325317,0.5731240510940552,0.5747718811035156,0.5799943208694458,0.5845340490341187,0.5911323428153992,0.6011672616004944,0.6037711501121521,0.6104964017868042
1320,-0.5861445665359497,63.364540100097656,7.783929347991943,87.32479095458984,0.5861445665359497,0.5845340490341187,0.009667427279055119,0.5717450380325317,0.5731240510940552,0.5747718811035156,0.5799943208694458,0.5845340490341187,0.5911323428153992,0.6011672616004944,0.6037711501121521,0.6104964017868042
1344,-0.5861654281616211,63.354103088378906,7.8237128257751465,87.30588022867839,0.5861654877662659,0.5845340490341187,0.009641618467867374,0.5717450380325317,0.5731240510940552,0.5748006105422974,0.5799943208694458,0.5845340490341187,0.5911323428153992,0.6011672616004944,0.6037711501121521,0.6104964017868042
1368,-0.5863046646118164,63.33893966674805,7.868623733520508,87.28242746988933,0.5863047242164612,0.5849063396453857,0.009526089765131474,0.5721598863601685,0.5742478370666504,0.5748152136802673,0.5802961587905884,0.5849063396453857,0.5911323428153992,0.6011672616004944,0.6037711501121521,0.6104964017868042
1392,-0.5863720774650574,63.328147888183594,7.915689468383789,87.26204427083333,0.5863720774650574,0.5849063396453857,0.009471782483160496,0.5721598863601685,0.5742478370666504,0.575251042842865,0.5802961587905884,0.5849063396453857,0.5911323428153992,0.6011672616004944,0.6037711501121521,0.6104964017868042
1416,-0.5863720774650574,63.31754684448242,7.958345413208008,87.24249013264973,0.5863720774650574,0.5849063396453857,0.009471782483160496,0.5721598863601685,0.5742478370666504,0.575251042842865,0.5802961587905884,0.5849063396453857,0.5911323428153992,0.6011672616004944,0.6037711501121521,0.6104964017868042
1440,-0.5864552855491638,63.30669403076172,7.999837875366211,87.22312672932942,0.5864552855491638,0.58522629737854,0.009474310092628002,0.5721598863601685,0.5742478370666504,0.575251042842865,0.5802961587905884,0.58522629737854,0.5911323428153992,0.6011672616004944,0.6037711501121521,0.6104964017868042
1464,-0.586804211139679,63.29358673095703,8.041903495788574,87.20087178548177,0.586804211139679,0.5854924917221069,0.009626921266317368,0.5721598863601685,0.5742478370666504,0.575251042842865,0.5803753137588501,0.5854924917221069,0.5922607183456421,0.6013625264167786,0.6051875948905945,0.6104964017868042
1488,-0.5868338346481323,63.2796745300293,8.084442138671875,87.17839050292969,0.5868338942527771,0.5854924917221069,0.009655057452619076,0.5721598863601685,0.5742478370666504,0.575251042842865,0.5803753137588501,0.5854924917221069,0.5922607183456421,0.6013625264167786,0.6051875948905945,0.6104964017868042
1512,-0.5869040489196777,63.269309997558594,8.12558650970459,87.15874989827473,0.5869041085243225,0.5854924917221069,0.009726256132125854,0.5721598863601685,0.5742478370666504,0.575251042842865,0.5803753137588501,0.5854924917221069,0.5922607183456421,0.6013625264167786,0.6051875948905945,0.6104964017868042
1536,-0.5873118042945862,63.25628662109375,8.163154602050781,87.13773091634114,0.5873118042945862,0.5860604047775269,0.009446343407034874,0.5727601647377014,0.5744079351425171,0.5764308571815491,0.5809259414672852,0.5860604047775269,0.5922607183456421,0.6013625264167786,0.6051875948905945,0.6104964017868042
1560,-0.5874306559562683,63.24485778808594,8.197613716125488,87.11742909749348,0.5874306559562683,0.5861116647720337,0.009395980276167393,0.5727601647377014,0.5744079351425171,0.5764308571815491,0.581110954284668,0.5861116647720337,0.5922607183456421,0.6013625264167786,0.6051875948905945,0.6104964017868042
1584,-0.5878973007202148,63.22880554199219,8.227509498596191,87.09397379557292,0.5878973603248596,0.5861778259277344,0.009487292729318142,0.5727601647377014,0.5744079351425171,0.576600193977356,0.5814352631568909,0.5861778259277344,0.5924906730651855,0.6020709872245789,0.605438232421875,0.6104964017868042
1608,-0.5878973007202148,63.212745666503906,8.277116775512695,87.06709543863933,0.5878973603248596,0.5861778259277344,0.009487292729318142,0.5727601647377014,0.5744079351425171,0.576600193977356,0.5814352631568909,0.5861778259277344,0.5924906730651855,0.6020709872245789,0.605438232421875,0.6104964017868042
1632,-0.5878973007202148,63.20005416870117,8.317178726196289,87.04506174723308,0.5878973603248596,0.5861778259277344,0.009487292729318142,0.5727601647377014,0.5744079351425171,0.576600193977356,0.5814352631568909,0.5861778259277344,0.5924906730651855,0.6020709872245789,0.605438232421875,0.6104964017868042
1656,-0.5878973007202148,63.18610763549805,8.366456985473633,87.0200932820638,0.5878973603248596,0.5861778259277344,0.009487292729318142,0.5727601647377014,0.5744079351425171,0.576600193977356,0.5814352631568909,0.5861778259277344,0.5924906730651855,0.6020709872245789,0.605438232421875,0.6104964017868042
1680,-0.587946891784668,63.1761589050293,8.411380767822266,87.00064341227214,0.5879469513893127,0.5861778259277344,0.009422780945897102,0.5727601647377014,0.5747965574264526,0.576675295829773,0.5814352631568909,0.5861778259277344,0.5924906730651855,0.6020709872245789,0.605438232421875,0.6104964017868042
1704,-0.5881715416908264,63.16565704345703,8.462674140930176,86.97959645589192,0.5881716012954712,0.586444616317749,0.009294304996728897,0.5742632746696472,0.5759516954421997,0.5769232511520386,0.5816853046417236,0.586444616317749,0.5924906730651855,0.6020709872245789,0.605438232421875,0.6104964017868042
1728,-0.5883031487464905,63.15422058105469,8.508829116821289,86.95816294352214,0.5883032083511353,0.586444616317749,0.009412924759089947,0.5742632746696472,0.5759516954421997,0.5772905349731445,0.5816853046417236,0.586444616317749,0.5924906730651855,0.6023994088172913,0.6057648658752441,0.6104964017868042
1752,-0.5883228778839111,63.141685485839844,8.548349380493164,86.93578847249348,0.5883228778839111,0.586444616317749,0.009395735338330269,0.5742632746696472,0.5761075615882874,0.5772905349731445,0.5816853046417236,0.586444616317749,0.5924906730651855,0.6023994088172913,0.6057648658752441,0.6104964017868042
1776,-0.5883228778839111,63.127357482910156,8.580217361450195,86.91287994384766,0.5883228778839111,0.586444616317749,0.009395735338330269,0.5742632746696472,0.5761075615882874,0.5772905349731445,0.5816853046417236,0.586444616317749,0.5924906730651855,0.6023994088172913,0.6057648658752441,0.6104964017868042
1800,-0.5883855223655701,63.11809539794922,8.627474784851074,86.89394887288411,0.5883855819702148,0.5866807699203491,0.009374319575726986,0.5742632746696472,0.5761075615882874,0.5772905349731445,0.5816853046417236,0.5866807699203491,0.5924906730651855,0.6023994088172913,0.6057648658752441,0.6104964017868042
1824,-0.5885916948318481,63.10710906982422,8.666145324707031,86.87288411458333,0.5885916948318481,0.5869604349136353,0.009210114367306232,0.574411153793335,0.5762391686439514,0.5777537822723389,0.5823394060134888,0.5869604349136353,0.5924906730651855,0.6023994088172913,0.6057648658752441,0.6104964017868042
1848,-0.5886813402175903,63.09901428222656,8.707746505737305,86.85467274983723,0.5886813402175903,0.5871227979660034,0.009184359572827816,0.574411153793335,0.5762391686439514,0.5777537822723389,0.5824183225631714,0.5871227979660034,0.5924906730651855,0.6023994088172913,0.6057648658752441,0.6104964017868042
1872,-0.5887919664382935,63.08578109741211,8.74881362915039,86.83185068766277,0.5887920260429382,0.5874534845352173,0.00910596176981926,0.574411153793335,0.5762391686439514,0.5779092311859131,0.5824951529502869,0.5874534845352173,0.5924906730651855,0.6023994088172913,0.6057648658752441,0.6104964017868042
1896,-0.5887919664382935,63.0726432800293,8.796610832214355,86.80798848470052,0.5887920260429382,0.5874534845352173,0.00910596176981926,0.574411153793335,0.5762391686439514,0.5779092311859131,0.5824951529502869,0.5874534845352173,0.5924906730651855,0.6023994088172913,0.6057648658752441,0.6104964017868042
1920,-0.5887919664382935,63.06547164916992,8.832807540893555,86.79138437906902,0.5887920260429382,0.5874534845352173,0.00910596176981926,0.574411153793335,0.5762391686439514,0.5779092311859131,0.5824951529502869,0.5874534845352173,0.5924906730651855,0.6023994088172913,0.6057648658752441,0.6104964017868042
1944,-0.5889127850532532,63.05049133300781,8.869007110595703,86.76927185058594,0.5889127850532532,0.5874534845352173,0.009028764441609383,0.574411153793335,0.5762391686439514,0.5780835747718811,0.582603394985199,0.5874534845352173,0.5927943587303162,0.6023994088172913,0.6057648658752441,0.6104964017868042
1968,-0.5890931487083435,63.03831100463867,8.908419609069824,86.74830118815105,0.5890932083129883,0.5874534845352173,0.009316026233136654,0.574411153793335,0.5762391686439514,0.5780835747718811,0.582603394985199,0.5874534845352173,0.5927943587303162,0.6030000448226929,0.6080477237701416,0.610637903213501
1992,-0.5893615484237671,63.02445602416992,8.951805114746094,86.72503662109375,0.5893615484237671,0.5879581570625305,0.009364349767565727,0.574411153793335,0.5762391686439514,0.5780835747718811,0.5827917456626892,0.5879581570625305,0.5929245352745056,0.6033309698104858,0.6080477237701416,0.610637903213501
2016,-0.5893709659576416,63.00654602050781,8.993671417236328,86.69691212972005,0.5893710255622864,0.5879581570625305,0.00935316737741232,0.574411153793335,0.5762391686439514,0.5784741640090942,0.5827917456626892,0.5879581570625305,0.5929245352745056,0.6033309698104858,0.6080477237701416,0.610637903213501
2040,-0.5894050598144531,62.9907341003418,9.032126426696777,86.67127482096355,0.5894051194190979,0.5879581570625305,0.00931136030703783,0.574411153793335,0.5769081115722656,0.578521192073822,0.5827917456626892,0.5879581570625305,0.5929245352745056,0.6033309698104858,0.6080477237701416,0.610637903213501
2064,-0.5895481109619141,62.97766876220703,9.069174766540527,86.6486587524414,0.5895481705665588,0.5882527828216553,0.009280864149332047,0.574411153793335,0.5769081115722656,0.578521192073822,0.5830082297325134,0.5882527828216553,0.5934867262840271,0.6033309698104858,0.6080477237701416,0.610637903213501
2088,-0.5895481109619141,62.96162033081055,9.106432914733887,86.62320963541667,0.5895481705665588,0.5882527828216553,0.009280864149332047,0.574411153793335,0.5769081115722656,0.578521192073822,0.5830082297325134,0.5882527828216553,0.5934867262840271,0.6033309698104858,0.6080477237701416,0.610637903213501
2112,-0.58955317735672,62.948890686035156,9.144503593444824,86.6014404296875,0.5895532369613647,0.5882527828216553,0.009280051104724407,0.574411153793335,0.5769081115722656,0.578521192073822,0.5830082297325134,0.5882527828216553,0.5934867262840271,0.6033309698104858,0.6080477237701416,0.610637903213501
2136,-0.5897507071495056,62.938804626464844,9.184831619262695,86.58299001057942,0.5897507667541504,0.588455080986023,0.009107660502195358,0.575979471206665,0.5773094892501831,0.5787221789360046,0.583126962184906,0.588455080986023,0.5934867262840271,0.6033309698104858,0.6080477237701416,0.610637903213501
2160,-0.589769184589386,62.920318603515625,9.23239517211914,86.5533676147461,0.5897693037986755,0.5886006355285645,0.009103373624384403,0.575979471206665,0.5773094892501831,0.5787221789360046,0.583126962184906,0.5886006355285645,0.5934867262840271,0.6033309698104858,0.6080477237701416,0.610637903213501
2184,-0.5899142622947693,62.90306854248047,9.276382446289062,86.5247319539388,0.5899143218994141,0.5887588262557983,0.008993285708129406,0.5761106014251709,0.5773094892501831,0.5795660018920898,0.5832524299621582,0.5887588262557983,0.5934867262840271,0.6033309698104858,0.6080477237701416,0.610637903213501
2208,-0.590152382850647,62.887107849121094,9.314030647277832,86.49886830647786,0.5901524424552917,0.5889204740524292,0.009092636406421661,0.5761106014251709,0.5773094892501831,0.5795660018920898,0.5833248496055603,0.5889204740524292,0.5944056510925293,0.6038112044334412,0.6080477237701416,0.610637903213501
2232,-0.5902292728424072,62.87025451660156,9.354578018188477,86.47161610921223,0.5902292728424072,0.5890308618545532,0.00909993052482605,0.5761106014251709,0.5773094892501831,0.5795660018920898,0.5833248496055603,0.5890308618545532,0.5947096347808838,0.6038112044334412,0.6080477237701416,0.610637903213501
2256,-0.5903394222259521,62.855186462402344,9.394427299499512,86.44732666015625,0.5903394818305969,0.5892161726951599,0.009141581133008003,0.5761106014251709,0.5773094892501831,0.5795660018920898,0.5833248496055603,0.5892161726951599,0.595054030418396,0.6038112044334412,0.6080477237701416,0.610637903213501
2280,-0.5904087424278259,62.83903121948242,9.438104629516602,86.41981506347656,0.5904088020324707,0.5892161726951599,0.009079482406377792,0.5761106014251709,0.5773094892501831,0.5801859498023987,0.5834923982620239,0.5892161726951599,0.595054030418396,0.6038112044334412,0.6080477237701416,0.610637903213501
2304,-0.590815007686615,62.82474899291992,9.48039436340332,86.39532725016277,0.5908151268959045,0.5895555019378662,0.009179370477795601,0.5761106014251709,0.5773094892501831,0.5801859498023987,0.5840437412261963,0.5895555019378662,0.5975232720375061,0.604047954082489,0.6080477237701416,0.610637903213501
2328,-0.590815007686615,62.80442810058594,9.511863708496094,86.36671956380208,0.5908151268959045,0.5895555019378662,0.009179370477795601,0.5761106014251709,0.5773094892501831,0.5801859498023987,0.5840437412261963,0.5895555019378662,0.5975232720375061,0.604047954082489,0.6080477237701416,0.610637903213501
2352,-0.5908604264259338,62.785858154296875,9.548282623291016,86.33875020345052,0.5908604860305786,0.5895555019378662,0.009185315109789371,0.5761106014251709,0.5773094892501831,0.5801859498023987,0.5840437412261963,0.5895555019378662,0.5975232720375061,0.604047954082489,0.6080477237701416,0.610637903213501
2376,-0.5911089181900024,62.772064208984375,9.588142395019531,86.31512451171875,0.5911089777946472,0.5896698832511902,0.00918409414589405,0.5761106014251709,0.5773094892501831,0.5803720951080322,0.5845013856887817,0.5896698832511902,0.5982456803321838,0.604047954082489,0.6080477237701416,0.610637903213501
2400,-0.5911481976509094,62.75373077392578,9.623878479003906,86.28708140055339,0.5911481976509094,0.5896698832511902,0.00913949403911829,0.5762786865234375,0.5773094892501831,0.5803720951080322,0.5845377445220947,0.5896698832511902,0.5982456803321838,0.604047954082489,0.6080477237701416,0.610637903213501
2424,-0.5912560820579529,62.73904037475586,9.657463073730469,86.26277669270833,0.5912561416625977,0.5899553298950195,0.009089028462767601,0.5762786865234375,0.5773094892501831,0.5803720951080322,0.5850764513015747,0.5899553298950195,0.5982456803321838,0.604047954082489,0.6080477237701416,0.610637903213501
2448,-0.591284990310669,62.722007751464844,9.704963684082031,86.23317464192708,0.591284990310669,0.5899553298950195,0.009059954434633255,0.5762786865234375,0.5773094892501831,0.5803720951080322,0.5850764513015747,0.5899553298950195,0.5982456803321838,0.604047954082489,0.6080477237701416,0.610637903213501
2472,-0.591284990310669,62.706687927246094,9.7311429977417,86.2102559407552,0.591284990310669,0.5899553298950195,0.009059954434633255,0.5762786865234375,0.5773094892501831,0.5803720951080322,0.5850764513015747,0.5899553298950195,0.5982456803321838,0.604047954082489,0.6080477237701416,0.610637903213501
2496,-0.5913721919059753,62.687286376953125,9.76321029663086,86.18143971761067,0.5913722515106201,0.5902422666549683,0.00899440422654152,0.5765345096588135,0.5773126482963562,0.5803720951080322,0.585078239440918,0.5902422666549683,0.5982456803321838,0.604047954082489,0.6080477237701416,0.610637903213501
2520,-0.5914446711540222,62.67069625854492,9.806970596313477,86.15333048502605,0.591444730758667,0.5902422666549683,0.008906700648367405,0.5765345096588135,0.5784621238708496,0.5809417963027954,0.585078239440918,0.5902422666549683,0.5982456803321838,0.604047954082489,0.6080477237701416,0.610637903213501
2544,-0.5915013551712036,62.65353012084961,9.853445053100586,86.12433624267578,0.5915014147758484,0.5903701782226562,0.008883779868483543,0.5765345096588135,0.5784621238708496,0.5809417963027954,0.585078239440918,0.5903701782226562,0.5982456803321838,0.604047954082489,0.6080477237701416,0.610637903213501
2568,-0.5915802717208862,62.63499069213867,9.896933555603027,86.09436543782552,0.591580331325531,0.5904663801193237,0.008847245015203953,0.5765345096588135,0.5784621238708496,0.5809417963027954,0.5852895379066467,0.5904663801193237,0.5982456803321838,0.604047954082489,0.6080477237701416,0.610637903213501
2592,-0.5916309952735901,62.6186637878418,9.937572479248047,86.06773885091145,0.5916309952735901,0.5904663801193237,0.0087965102866292,0.5765345096588135,0.5784621238708496,0.5811324715614319,0.5853137969970703,0.5904663801193237,0.5982456803321838,0.604047954082489,0.6080477237701416,0.610637903213501
2616,-0.5916692018508911,62.60055160522461,9.978038787841797,86.0394287109375,0.5916692614555359,0.5904663801193237,0.008752165362238884,0.5765345096588135,0.5784621238708496,0.5820779204368591,0.5853137969970703,0.5904663801193237,0.5982456803321838,0.604047954082489,0.6080477237701416,0.610637903213501
2640,-0.5918452143669128,62.581031799316406,10.011648178100586,86.0098648071289,0.5918452739715576,0.5905055999755859,0.008618954569101334,0.5765345096588135,0.5796005129814148,0.5824602246284485,0.5855871438980103,0.5905055999755859,0.5982456803321838,0.604047954082489,0.6080477237701416,0.610637903213501
2664,-0.5918901562690735,62.56683349609375,10.050050735473633,85.98459370930989,0.5918901562690735,0.5905055999755859,0.00858613383024931,0.5765345096588135,0.5796005129814148,0.5824602246284485,0.5858192443847656,0.5905055999755859,0.5982456803321838,0.604047954082489,0.6080477237701416,0.610637903213501
2688,-0.591892659664154,62.5479736328125,10.090522766113281,85.95483144124348,0.591892659664154,0.5905055999755859,0.008584757335484028,0.5765345096588135,0.5796005129814148,0.5824602246284485,0.5858192443847656,0.5905055999755859,0.5982456803321838,0.604047954082489,0.6080477237701416,0.610637903213501
2712,-0.591892659664154,62.53043746948242,10.132625579833984,85.92566172281902,0.591892659664154,0.5905055999755859,0.008584757335484028,0.5765345096588135,0.5796005129814148,0.5824602246284485,0.5858192443847656,0.5905055999755859,0.5982456803321838,0.604047954082489,0.6080477237701416,0.610637903213501
2736,-0.591892659664154,62.515899658203125,10.167068481445312,85.90149688720703,0.591892659664154,0.5905055999755859,0.008584757335484028,0.5765345096588135,0.5796005129814148,0.5824602246284485,0.5858192443847656,0.5905055999755859,0.5982456803321838,0.604047954082489,0.6080477237701416,0.610637903213501
2760,-0.5919120907783508,62.49888229370117,10.20424747467041,85.87375895182292,0.5919120907783508,0.5905055999755859,0.00855114497244358,0.5773125886917114,0.5796005129814148,0.5824602246284485,0.5858192443847656,0.5905055999755859,0.5982456803321838,0.604047954082489,0.6080477237701416,0.610637903213501
2784,-0.5919308066368103,62.479888916015625,10.23720932006836,85.84554036458333,0.5919308066368103,0.5905055999755859,0.00851889606565237,0.5780415534973145,0.5796005129814148,0.5824602246284485,0.5858192443847656,0.5905055999755859,0.5982456803321838,0.604047954082489,0.6080477237701416,0.610637903213501
2808,-0.5919732451438904,62.458740234375,10.270862579345703,85.81322479248047,0.5919732451438904,0.5905320644378662,0.008495887741446495,0.5780415534973145,0.5796005129814148,0.5824602246284485,0.5860130786895752,0.5905320644378662,0.5982456803321838,0.604047954082489,0.6080477237701416,0.610637903213501
2832,-0.5920395255088806,62.4387321472168,10.298917770385742,85.78383127848308,0.5920395255088806,0.5905320644378662,0.008423839695751667,0.5780415534973145,0.5796183347702026,0.5825147032737732,0.5861607193946838,0.5905320644378662,0.5982456803321838,0.604047954082489,0.6080477237701416,0.610637903213501
2856,-0.5920734405517578,62.4207763671875,10.335620880126953,85.75648752848308,0.5920735001564026,0.5905320644378662,0.008403554558753967,0.5780415534973145,0.5796183347702026,0.5825147032737732,0.5862687826156616,0.5905320644378662,0.5982456803321838,0.604047954082489,0.6080477237701416,0.610637903213501
2880,-0.5920734405517578,62.394004821777344,10.367293357849121,85.72137705485027,0.5920735001564026,0.5905320644378662,0.008403554558753967,0.5780415534973145,0.5796183347702026,0.5825147032737732,0.5862687826156616,0.5905320644378662,0.5982456803321838,0.604047954082489,0.6080477237701416,0.610637903213501
2904,-0.5920734405517578,62.370452880859375,10.39803695678711,85.68904113769531,0.5920735001564026,0.5905320644378662,0.008403554558753967,0.5780415534973145,0.5796183347702026,0.5825147032737732,0.5862687826156616,0.5905320644378662,0.5982456803321838,0.604047954082489,0.6080477237701416,0.610637903213501
2928,-0.592184841632843,62.3543701171875,10.433738708496094,85.66191864013672,0.5921847820281982,0.5905320644378662,0.008276236243546009,0.5785124897956848,0.5809362530708313,0.5826206207275391,0.5863847136497498,0.5905320644378662,0.5982456803321838,0.604047954082489,0.6080477237701416,0.610637903213501
2952,-0.5922749638557434,62.33567428588867,10.465408325195312,85.63445790608723,0.5922749042510986,0.590618371963501,0.008300823159515858,0.5785124897956848,0.5809362530708313,0.5826206207275391,0.5863847136497498,0.590618371963501,0.5984057784080505,0.604047954082489,0.6080477237701416,0.610637903213501
2976,-0.5923137664794922,62.31461715698242,10.49350357055664,85.60513305664062,0.5923137068748474,0.590618371963501,0.008245320990681648,0.5788607597351074,0.5811396241188049,0.5826206207275391,0.5863847136497498,0.590618371963501,0.5984057784080505,0.604047954082489,0.6080477237701416,0.610637903213501
3000,-0.5923166871070862,62.298397064208984,10.541397094726562,85.5758565266927,0.5923166871070862,0.590618371963501,0.00824377778917551,0.5788607597351074,0.5811396241188049,0.5826206207275391,0.5863847136497498,0.590618371963501,0.5984057784080505,0.604047954082489,0.6080477237701416,0.610637903213501
3024,-0.5923166871070862,62.279354095458984,10.567283630371094,85.54752858479817,0.5923166871070862,0.590618371963501,0.00824377778917551,0.5788607597351074,0.5811396241188049,0.5826206207275391,0.5863847136497498,0.590618371963501,0.5984057784080505,0.604047954082489,0.6080477237701416,0.610637903213501
3048,-0.5923166871070862,62.2585563659668,10.595919609069824,85.5180155436198,0.5923166871070862,0.590618371963501,0.00824377778917551,0.5788607597351074,0.5811396241188049,0.5826206207275391,0.5863847136497498,0.590618371963501,0.5984057784080505,0.604047954082489,0.6080477237701416,0.610637903213501
3072,-0.5923166871070862,62.23515319824219,10.621253967285156,85.48494211832683,0.5923166871070862,0.590618371963501,0.00824377778917551,0.5788607597351074,0.5811396241188049,0.5826206207275391,0.5863847136497498,0.590618371963501,0.5984057784080505,0.604047954082489,0.6080477237701416,0.610637903213501
3096,-0.5925344228744507,62.219017028808594,10.655025482177734,85.45791371663411,0.5925343632698059,0.5907825827598572,0.008356628008186817,0.5788607597351074,0.5811396241188049,0.5826206207275391,0.5866132974624634,0.5907825827598572,0.5988667011260986,0.6049269437789917,0.6080477237701416,0.610637903213501
3120,-0.5925344228744507,62.1995964050293,10.68295955657959,85.42964426676433,0.5925343632698059,0.5907825827598572,0.008356628008186817,0.5788607597351074,0.5811396241188049,0.5826206207275391,0.5866132974624634,0.5907825827598572,0.5988667011260986,0.6049269437789917,0.6080477237701416,0.610637903213501
3144,-0.5926385521888733,62.18102264404297,10.717848777770996,85.40196990966797,0.5926384925842285,0.5908771753311157,0.008329893462359905,0.5788607597351074,0.5811396241188049,0.5826206207275391,0.5868890285491943,0.5908771753311157,0.5988667011260986,0.6049269437789917,0.6080477237701416,0.610637903213501
3168,-0.5928145051002502,62.1613883972168,10.744369506835938,85.37332661946614,0.5928144454956055,0.5911238789558411,0.008278138004243374,0.5788607597351074,0.5811396241188049,0.5828236937522888,0.5870300531387329,0.5911238789558411,0.5988667011260986,0.6049269437789917,0.6080477237701416,0.610637903213501
3192,-0.5928145051002502,62.14719772338867,10.796722412109375,85.3447036743164,0.5928144454956055,0.5911238789558411,0.008278138004243374,0.5788607597351074,0.5811396241188049,0.5828236937522888,0.5870300531387329,0.5911238789558411,0.5988667011260986,0.6049269437789917,0.6080477237701416,0.610637903213501
3216,-0.5928145051002502,62.126792907714844,10.842726707458496,85.31011708577473,0.5928144454956055,0.5911238789558411,0.008278138004243374,0.5788607597351074,0.5811396241188049,0.5828236937522888,0.5870300531387329,0.5911238789558411,0.5988667011260986,0.6049269437789917,0.6080477237701416,0.610637903213501
3240,-0.5928145051002502,62.10871124267578,10.880888938903809,85.27953592936198,0.5928144454956055,0.5911238789558411,0.008278138004243374,0.5788607597351074,0.5811396241188049,0.5828236937522888,0.5870300531387329,0.5911238789558411,0.5988667011260986,0.6049269437789917,0.6080477237701416,0.610637903213501
3264,-0.5928829312324524,62.094261169433594,10.918074607849121,85.25189463297527,0.5928828716278076,0.591457724571228,0.008221577852964401,0.5788607597351074,0.58131343126297,0.5832428932189941,0.5870300531387329,0.591457724571228,0.5988667011260986,0.6049269437789917,0.6080477237701416,0.610637903213501
3288,-0.5928829312324524,62.073272705078125,10.954493522644043,85.21765899658203,0.5928828716278076,0.591457724571228,0.008221577852964401,0.5788607597351074,0.58131343126297,0.5832428932189941,0.5870300531387329,0.591457724571228,0.5988667011260986,0.6049269437789917,0.6080477237701416,0.610637903213501
3312,-0.5928829312324524,62.056373596191406,10.988386154174805,85.18892161051433,0.5928828716278076,0.591457724571228,0.008221577852964401,0.5788607597351074,0.58131343126297,0.5832428932189941,0.5870300531387329,0.591457724571228,0.5988667011260986,0.6049269437789917,0.6080477237701416,0.610637903213501
3336,-0.5928829312324524,62.03544616699219,11.031390190124512,85.15433756510417,0.5928828716278076,0.591457724571228,0.008221577852964401,0.5788607597351074,0.58131343126297,0.5832428932189941,0.5870300531387329,0.591457724571228,0.5988667011260986,0.6049269437789917,0.6080477237701416,0.610637903213501
3360,-0.5929596424102783,62.01757049560547,11.065424919128418,85.12524922688802,0.5929596424102783,0.591457724571228,0.008160061202943325,0.5788607597351074,0.58131343126297,0.5833289623260498,0.5872259140014648,0.591457724571228,0.5988667011260986,0.6049269437789917,0.6080477237701416,0.610637903213501
3384,-0.5931441187858582,61.99479293823242,11.092775344848633,85.09222666422527,0.5931441187858582,0.5916029214859009,0.008174674585461617,0.5788607597351074,0.58131343126297,0.5833289623260498,0.5875723361968994,0.5916029214859009,0.5990211367607117,0.6049269437789917,0.6080477237701416,0.610637903213501
3408,-0.5933667421340942,61.97190475463867,11.128219604492188,85.05635325113933,0.593366801738739,0.5920417904853821,0.008130054920911789,0.5788607597351074,0.58131343126297,0.5833289623260498,0.5880166292190552,0.5920417904853821,0.599289059638977,0.6049269437789917,0.6080477237701416,0.610637903213501
3432,-0.5933667421340942,61.95026779174805,11.15632438659668,85.02518717447917,0.593366801738739,0.5920417904853821,0.008130054920911789,0.5788607597351074,0.58131343126297,0.5833289623260498,0.5880166292190552,0.5920417904853821,0.599289059638977,0.6049269437789917,0.6080477237701416,0.610637903213501
3456,-0.593481719493866,61.92517852783203,11.184061050415039,84.99123891194661,0.593481719493866,0.5920417904853821,0.008301661349833012,0.5788607597351074,0.58131343126297,0.5833289623260498,0.5880166292190552,0.5920417904853821,0.599289059638977,0.6051938533782959,0.6100035309791565,0.6110088229179382
3480,-0.593481719493866,61.90843200683594,11.219820976257324,84.96217346191406,0.593481719493866,0.5920417904853821,0.008301661349833012,0.5788607597351074,0.58131343126297,0.5833289623260498,0.5880166292190552,0.5920417904853821,0.599289059638977,0.6051938533782959,0.6100035309791565,0.6110088229179382
3504,-0.593481719493866,61.89093017578125,11.254416465759277,84.93342844645183,0.593481719493866,0.5920417904853821,0.008301661349833012,0.5788607597351074,0.58131343126297,0.5833289623260498,0.5880166292190552,0.5920417904853821,0.599289059638977,0.6051938533782959,0.6100035309791565,0.6110088229179382
3528,-0.5935357809066772,61.869163513183594,11.289480209350586,84.9000244140625,0.5935357809066772,0.5920417904853821,0.008239730261266232,0.5788607597351074,0.5823324918746948,0.5835229754447937,0.5880166292190552,0.5920417904853821,0.599289059638977,0.6051938533782959,0.6100035309791565,0.6110088229179382
3552,-0.5937159061431885,61.84945297241211,11.323530197143555,84.86975860595703,0.5937159061431885,0.5920417904853821,0.008366712369024754,0.5796253085136414,0.5824245810508728,0.5835229754447937,0.5880166292190552,0.5920417904853821,0.5994654893875122,0.6053406596183777,0.6101309657096863,0.6110088229179382
3576,-0.5940473079681396,61.83286666870117,11.365812301635742,84.84113311767578,0.5940473079681396,0.592363715171814,0.008590973913669586,0.5796253085136414,0.5824245810508728,0.5835229754447937,0.5882440805435181,0.592363715171814,0.5997267961502075,0.6058370471000671,0.6105005145072937,0.6126499176025391
3600,-0.5941250324249268,61.81437683105469,11.399055480957031,84.81206766764323,0.5941250324249268,0.592363715171814,0.008520997129380703,0.5796253085136414,0.5825507640838623,0.5841289758682251,0.5884637832641602,0.592363715171814,0.5997267961502075,0.6058370471000671,0.6105005145072937,0.6126499176025391
3624,-0.5941250324249268,61.79583740234375,11.429461479187012,84.7814712524414,0.5941250324249268,0.592363715171814,0.008520997129380703,0.5796253085136414,0.5825507640838623,0.5841289758682251,0.5884637832641602,0.592363715171814,0.5997267961502075,0.6058370471000671,0.6105005145072937,0.6126499176025391
3648,-0.5942043662071228,61.77587127685547,11.463343620300293,84.74987030029297,0.5942043662071228,0.592363715171814,0.008586704730987549,0.5796253085136414,0.5825507640838623,0.5841289758682251,0.5884637832641602,0.592363715171814,0.600385844707489,0.6058370471000671,0.6105005145072937,0.6126499176025391
3672,-0.5942043662071228,61.757484436035156,11.49220085144043,84.72052764892578,0.5942043662071228,0.592363715171814,0.008586704730987549,0.5796253085136414,0.5825507640838623,0.5841289758682251,0.5884637832641602,0.592363715171814,0.600385844707489,0.6058370471000671,0.6105005145072937,0.6126499176025391
3696,-0.5942043662071228,61.74064254760742,11.529508590698242,84.69212595621745,0.5942043662071228,0.592363715171814,0.008586704730987549,0.5796253085136414,0.5825507640838623,0.5841289758682251,0.5884637832641602,0.592363715171814,0.600385844707489,0.6058370471000671,0.6105005145072937,0.6126499176025391
3720,-0.5942043662071228,61.714080810546875,11.560747146606445,84.65557098388672,0.5942043662071228,0.592363715171814,0.008586704730987549,0.5796253085136414,0.5825507640838623,0.5841289758682251,0.5884637832641602,0.592363715171814,0.600385844707489,0.6058370471000671,0.6105005145072937,0.6126499176025391
3744,-0.5943392515182495,61.69364929199219,11.596694946289062,84.62223052978516,0.5943393111228943,0.5925878882408142,0.008611590601503849,0.5796253085136414,0.5825507640838623,0.5841289758682251,0.5884637832641602,0.5925878882408142,0.6009533405303955,0.6058370471000671,0.6105005145072937,0.6126499176025391
3768,-0.5943392515182495,61.6737174987793,11.623638153076172,84.59187316894531,0.5943393111228943,0.5925878882408142,0.008611590601503849,0.5796253085136414,0.5825507640838623,0.5841289758682251,0.5884637832641602,0.5925878882408142,0.6009533405303955,0.6058370471000671,0.6105005145072937,0.6126499176025391
3792,-0.5943392515182495,61.65081787109375,11.650439262390137,84.56072489420573,0.5943393111228943,0.5925878882408142,0.008611590601503849,0.5796253085136414,0.5825507640838623,0.5841289758682251,0.5884637832641602,0.5925878882408142,0.6009533405303955,0.6058370471000671,0.6105005145072937,0.6126499176025391
3816,-0.5943392515182495,61.623863220214844,11.686542510986328,84.52304077148438,0.5943393111228943,0.5925878882408142,0.008611590601503849,0.5796253085136414,0.5825507640838623,0.5841289758682251,0.5884637832641602,0.5925878882408142,0.6009533405303955,0.6058370471000671,0.6105005145072937,0.6126499176025391
3840,-0.5943453311920166,61.607051849365234,11.713679313659668,84.49747975667317,0.5943453311920166,0.5925878882408142,0.008604033850133419,0.5796253085136414,0.5825507640838623,0.5841637849807739,0.5884637832641602,0.5925878882408142,0.6009533405303955,0.6058370471000671,0.6105005145072937,0.6126499176025391
3864,-0.5943465232849121,61.582847595214844,11.737410545349121,84.46307881673177,0.5943465232849121,0.5925878882408142,0.008602924644947052,0.5796253085136414,0.5825507640838623,0.5841637849807739,0.5884637832641602,0.5925878882408142,0.6009533405303955,0.6058370471000671,0.6105005145072937,0.6126499176025391
3888,-0.5944320559501648,61.55869674682617,11.76462173461914,84.42840576171875,0.5944320559501648,0.5925878882408142,0.008517823182046413,0.5796253085136414,0.5825507640838623,0.5852444171905518,0.5886004567146301,0.5925878882408142,0.6009533405303955,0.6058370471000671,0.6105005145072937,0.6126499176025391
3912,-0.5944415330886841,61.5416259765625,11.792688369750977,84.39979298909505,0.5944414734840393,0.5925878882408142,0.008499308489263058,0.57962965965271,0.5825507640838623,0.5852444171905518,0.5886004567146301,0.5925878882408142,0.6009533405303955,0.6058370471000671,0.6105005145072937,0.6126499176025391
3936,-0.5947927236557007,61.51830291748047,11.834056854248047,84.36221567789714,0.5947927236557007,0.592806339263916,0.008380891755223274,0.5797441005706787,0.583509087562561,0.586022675037384,0.5887806415557861,0.592806339263916,0.6010627150535583,0.6072643995285034,0.6105005145072937,0.6126499176025391
3960,-0.5948007106781006,61.498321533203125,11.873037338256836,84.32907104492188,0.5948007106781006,0.592806339263916,0.008380807004868984,0.5797441005706787,0.583509087562561,0.586022675037384,0.5887806415557861,0.592806339263916,0.6010627150535583,0.6072643995285034,0.6105005145072937,0.6126499176025391
3984,-0.5948113203048706,61.46654510498047,11.903212547302246,84.28689575195312,0.5948112607002258,0.592806339263916,0.008372465148568153,0.5797441005706787,0.583509087562561,0.586022675037384,0.5887895822525024,0.592806339263916,0.6010627150535583,0.6072643995285034,0.6105005145072937,0.6126499176025391
4008,-0.5948113203048706,61.44140625,11.927569389343262,84.25410461425781,0.5948112607002258,0.592806339263916,0.008372465148568153,0.5797441005706787,0.583509087562561,0.586022675037384,0.5887895822525024,0.592806339263916,0.6010627150535583,0.6072643995285034,0.6105005145072937,0.6126499176025391
4032,-0.5948113203048706,61.41878890991211,11.947070121765137,84.2225850423177,0.5948112607002258,0.592806339263916,0.008372465148568153,0.5797441005706787,0.583509087562561,0.586022675037384,0.5887895822525024,0.592806339263916,0.6010627150535583,0.6072643995285034,0.6105005145072937,0.6126499176025391
4056,-0.5948435068130493,61.39364242553711,11.980857849121094,84.18393452962239,0.5948435068130493,0.592806339263916,0.008376258425414562,0.5797441005706787,0.583509087562561,0.586022675037384,0.5887895822525024,0.592806339263916,0.6010627150535583,0.6072643995285034,0.6105005145072937,0.6126499176025391
4080,-0.5948435068130493,61.36994552612305,12.019956588745117,84.14779663085938,0.5948435068130493,0.592806339263916,0.008376258425414562,0.5797441005706787,0.583509087562561,0.586022675037384,0.5887895822525024,0.592806339263916,0.6010627150535583,0.6072643995285034,0.6105005145072937,0.6126499176025391
4104,-0.5948435068130493,61.35380554199219,12.05570125579834,84.1205571492513,0.5948435068130493,0.592806339263916,0.008376258425414562,0.5797441005706787,0.583509087562561,0.586022675037384,0.5887895822525024,0.592806339263916,0.6010627150535583,0.6072643995285034,0.6105005145072937,0.6126499176025391
4128,-0.5948536396026611,61.32624435424805,12.090392112731934,84.07913208007812,0.5948536396026611,0.5928483605384827,0.008374368771910667,0.5797441005706787,0.583509087562561,0.586022675037384,0.5887895822525024,0.5928483605384827,0.6010627150535583,0.6072643995285034,0.6105005145072937,0.6126499176025391
4152,-0.5949087142944336,61.3028564453125,12.11773681640625,84.04490915934245,0.5949086546897888,0.5928483605384827,0.008329461328685284,0.5797441005706787,0.583509087562561,0.586180567741394,0.5888375043869019,0.5928483605384827,0.6010627150535583,0.6072643995285034,0.6105005145072937,0.6126499176025391
4176,-0.5949281454086304,61.27718734741211,12.157905578613281,84.00335184733073,0.5949281454086304,0.5928483605384827,0.008315851911902428,0.5797441005706787,0.583509087562561,0.586180567741394,0.5888811349868774,0.5928483605384827,0.6010627150535583,0.6072643995285034,0.6105005145072937,0.6126499176025391
4200,-0.5949482917785645,61.256202697753906,12.183942794799805,83.97292836507161,0.5949482917785645,0.5928483605384827,0.00831552967429161,0.5797441005706787,0.583509087562561,0.586180567741394,0.5888811349868774,0.5928483605384827,0.6010627150535583,0.6072643995285034,0.6105005145072937,0.6126499176025391
4224,-0.594957709312439,61.231224060058594,12.217140197753906,83.93524678548177,0.5949576497077942,0.5928483605384827,0.008315714076161385,0.5797441005706787,0.583509087562561,0.586180567741394,0.5888811349868774,0.5928483605384827,0.6010627150535583,0.6072643995285034,0.6105005145072937,0.6126499176025391
4248,-0.5950648188591003,61.20127868652344,12.243048667907715,83.89365641276042,0.5950648784637451,0.5930427312850952,0.008258962072432041,0.5797441005706787,0.583509087562561,0.586180567741394,0.5889348387718201,0.5930427312850952,0.6010627150535583,0.6072643995285034,0.6105005145072937,0.6126499176025391
4272,-0.595183253288269,61.17838668823242,12.272265434265137,83.85972086588542,0.595183253288269,0.593406081199646,0.008230188861489296,0.5797441005706787,0.583509087562561,0.586180567741394,0.5892263650894165,0.593406081199646,0.6010627150535583,0.6072643995285034,0.6105005145072937,0.6126499176025391
4296,-0.595183253288269,61.14862060546875,12.293562889099121,83.81800333658855,0.595183253288269,0.593406081199646,0.008230188861489296,0.5797441005706787,0.583509087562561,0.586180567741394,0.5892263650894165,0.593406081199646,0.6010627150535583,0.6072643995285034,0.6105005145072937,0.6126499176025391
4320,-0.595183253288269,61.12630844116211,12.337944030761719,83.78164927164714,0.595183253288269,0.593406081199646,0.008230188861489296,0.5797441005706787,0.583509087562561,0.586180567741394,0.5892263650894165,0.593406081199646,0.6010627150535583,0.6072643995285034,0.6105005145072937,0.6126499176025391
4344,-0.595183253288269,61.10491180419922,12.368478775024414,83.74853006998698,0.595183253288269,0.593406081199646,0.008230188861489296,0.5797441005706787,0.583509087562561,0.586180567741394,0.5892263650894165,0.593406081199646,0.6010627150535583,0.6072643995285034,0.6105005145072937,0.6126499176025391
4368,-0.5953307747840881,61.07908248901367,12.398420333862305,83.71157582600911,0.5953307151794434,0.5940834879875183,0.008171126246452332,0.5797441005706787,0.583509087562561,0.5863929390907288,0.5896172523498535,0.5940834879875183,0.6010627150535583,0.6072643995285034,0.6105005145072937,0.6126499176025391
4392,-0.5953307747840881,61.056846618652344,12.434348106384277,83.67511240641277,0.5953307151794434,0.5940834879875183,0.008171126246452332,0.5797441005706787,0.583509087562561,0.5863929390907288,0.5896172523498535,0.5940834879875183,0.6010627150535583,0.6072643995285034,0.6105005145072937,0.6126499176025391
4416,-0.5953307747840881,61.024959564208984,12.456464767456055,83.6321512858073,0.5953307151794434,0.5940834879875183,0.008171126246452332,0.5797441005706787,0.583509087562561,0.5863929390907288,0.5896172523498535,0.5940834879875183,0.6010627150535583,0.6072643995285034,0.6105005145072937,0.6126499176025391
4440,-0.5953307747840881,60.99687957763672,12.496363639831543,83.5886967976888,0.5953307151794434,0.5940834879875183,0.008171126246452332,0.5797441005706787,0.583509087562561,0.5863929390907288,0.5896172523498535,0.5940834879875183,0.6010627150535583,0.6072643995285034,0.6105005145072937,0.6126499176025391
4464,-0.5953624248504639,60.96946334838867,12.532069206237793,83.54857381184895,0.5953624248504639,0.5940834879875183,0.008178184740245342,0.5797441005706787,0.583509087562561,0.5863929390907288,0.5896172523498535,0.5940834879875183,0.6010627150535583,0.6072643995285034,0.6105005145072937,0.6126499176025391
4488,-0.5953624248504639,60.944725036621094,12.562204360961914,83.5127182006836,0.5953624248504639,0.5940834879875183,0.008178184740245342,0.5797441005706787,0.583509087562561,0.5863929390907288,0.5896172523498535,0.5940834879875183,0.6010627150535583,0.6072643995285034,0.6105005145072937,0.6126499176025391
4512,-0.5954028964042664,60.917686462402344,12.597743034362793,83.47176615397136,0.5954028964042664,0.5948063135147095,0.008169264532625675,0.5797441005706787,0.583509087562561,0.5863929390907288,0.5896172523498535,0.5948063135147095,0.6010627150535583,0.6072643995285034,0.6105005145072937,0.6126499176025391
4536,-0.5954832434654236,60.88660430908203,12.634574890136719,83.42541758219402,0.5954832434654236,0.5948063135147095,0.008112488314509392,0.5797441005706787,0.583509087562561,0.586652934551239,0.5898038744926453,0.5948063135147095,0.6010627150535583,0.6072643995285034,0.6105005145072937,0.6126499176025391
4560,-0.5954832434654236,60.85957336425781,12.666257858276367,83.3876724243164,0.5954832434654236,0.5948063135147095,0.008112488314509392,0.5797441005706787,0.583509087562561,0.586652934551239,0.5898038744926453,0.5948063135147095,0.6010627150535583,0.6072643995285034,0.6105005145072937,0.6126499176025391
4584,-0.5957443118095398,60.83123016357422,12.691957473754883,83.34805043538411,0.595744252204895,0.5949203968048096,0.00827760063111782,0.5797441005706787,0.583509087562561,0.586652934551239,0.5898038744926453,0.5949203968048096,0.6014755964279175,0.6075623035430908,0.6105005145072937,0.6126499176025391
4608,-0.5957443118095398,60.80609893798828,12.73666000366211,83.30787150065105,0.595744252204895,0.5949203968048096,0.00827760063111782,0.5797441005706787,0.583509087562561,0.586652934551239,0.5898038744926453,0.5949203968048096,0.6014755964279175,0.6075623035430908,0.6105005145072937,0.6126499176025391
4632,-0.5957443118095398,60.77372741699219,12.762934684753418,83.26486714680989,0.595744252204895,0.5949203968048096,0.00827760063111782,0.5797441005706787,0.583509087562561,0.586652934551239,0.5898038744926453,0.5949203968048096,0.6014755964279175,0.6075623035430908,0.6105005145072937,0.6126499176025391
4656,-0.5959061980247498,60.740692138671875,12.78631591796875,83.21903228759766,0.5959061980247498,0.595235288143158,0.008144977502524853,0.5797441005706787,0.585415780544281,0.5869309306144714,0.5899816751480103,0.595235288143158,0.6014755964279175,0.6075623035430908,0.6105005145072937,0.6126499176025391
4680,-0.5959756374359131,60.723777770996094,12.82882308959961,83.1873041788737,0.5959755778312683,0.5955660343170166,0.00811364408582449,0.5797441005706787,0.585415780544281,0.5869309306144714,0.5900599956512451,0.5955660343170166,0.6014755964279175,0.6075623035430908,0.6105005145072937,0.6126499176025391
4704,-0.5961601138114929,60.68773651123047,12.856193542480469,83.13748423258464,0.5961600542068481,0.5956262350082397,0.008003108203411102,0.5810670256614685,0.5860341191291809,0.5870442986488342,0.5901588201522827,0.5956262350082397,0.6014755964279175,0.6075623035430908,0.6105005145072937,0.6126499176025391
4728,-0.5965746641159058,60.66759490966797,12.90278434753418,83.09833526611328,0.5965746641159058,0.5956943035125732,0.008417841047048569,0.5810670256614685,0.5860341191291809,0.5870442986488342,0.5901588201522827,0.5956943035125732,0.6024067401885986,0.609119713306427,0.6110584139823914,0.6136814951896667
4752,-0.5965746641159058,60.64036178588867,12.944293022155762,83.0547383626302,0.5965746641159058,0.5956943035125732,0.008417841047048569,0.5810670256614685,0.5860341191291809,0.5870442986488342,0.5901588201522827,0.5956943035125732,0.6024067401885986,0.609119713306427,0.6110584139823914,0.6136814951896667
4776,-0.5966156721115112,60.61296844482422,12.974414825439453,83.01248423258464,0.5966156721115112,0.5956943035125732,0.008345005102455616,0.5828099846839905,0.5860341191291809,0.5870442986488342,0.5901588201522827,0.5956943035125732,0.6024067401885986,0.609119713306427,0.6110584139823914,0.6136814951896667
4800,-0.5966939926147461,60.584808349609375,13.00417709350586,82.96995290120442,0.5966940522193909,0.5956943035125732,0.008293640799820423,0.5828099846839905,0.5860341191291809,0.5870442986488342,0.5901926755905151,0.5956943035125732,0.6024067401885986,0.609119713306427,0.6110584139823914,0.6136814951896667
4824,-0.5967081189155579,60.553157806396484,13.039436340332031,82.92126210530598,0.5967080593109131,0.5957751274108887,0.008293052203953266,0.5828099846839905,0.5860341191291809,0.5870442986488342,0.5901926755905151,0.5957751274108887,0.6024067401885986,0.609119713306427,0.6110584139823914,0.6136814951896667
4848,-0.596741795539856,60.52278137207031,13.077962875366211,82.87378692626953,0.596741795539856,0.5957751274108887,0.00825804565101862,0.5828317403793335,0.5860341191291809,0.5870442986488342,0.5902560949325562,0.5957751274108887,0.6024067401885986,0.609119713306427,0.6110584139823914,0.6136814951896667
4872,-0.5967501401901245,60.48728561401367,13.110605239868164,82.82359822591145,0.5967500805854797,0.5957751274108887,0.008247826248407364,0.5828317403793335,0.5860341191291809,0.5870509743690491,0.5902560949325562,0.5957751274108887,0.6024067401885986,0.609119713306427,0.6110584139823914,0.6136814951896667
4896,-0.5967684984207153,60.45785140991211,13.144668579101562,82.78074137369792,0.5967684388160706,0.5957751274108887,0.00823175348341465,0.5828317403793335,0.5860341191291809,0.5870509743690491,0.5904065370559692,0.5957751274108887,0.6024067401885986,0.609119713306427,0.6110584139823914,0.6136814951896667
4920,-0.596778929233551,60.426353454589844,13.179125785827637,82.73405456542969,0.596778929233551,0.5957751274108887,0.008224469609558582,0.5828317403793335,0.5860341191291809,0.5870509743690491,0.5904065370559692,0.5957751274108887,0.6024067401885986,0.609119713306427,0.6110584139823914,0.6136814951896667
4944,-0.5969579815864563,60.38897705078125,13.201361656188965,82.68233998616536,0.5969579815864563,0.5959717035293579,0.008124354295432568,0.5828317403793335,0.5863973498344421,0.5870550870895386,0.5904585719108582,0.5959717035293579,0.6024067401885986,0.609119713306427,0.6110584139823914,0.6136814951896667
4968,-0.5969802141189575,60.360694885253906,13.229666709899902,82.64105987548828,0.5969801545143127,0.5959717035293579,0.008113449439406395,0.5828317403793335,0.5863973498344421,0.5870550870895386,0.5904585719108582,0.5959717035293579,0.6024067401885986,0.609119713306427,0.6110584139823914,0.6136814951896667
4992,-0.5971214771270752,60.330162048339844,13.270426750183105,82.59388478597005,0.5971214771270752,0.5959717035293579,0.008301845751702785,0.5828317403793335,0.5863973498344421,0.5870550870895386,0.5904585719108582,0.5959717035293579,0.6026834845542908,0.6099911332130432,0.6126384139060974,0.6150646209716797
5016,-0.5972849130630493,60.297882080078125,13.297271728515625,82.54829661051433,0.5972849130630493,0.5963071584701538,0.008268398232758045,0.5828317403793335,0.5863973498344421,0.5881612300872803,0.590750515460968,0.5963071584701538,0.6030152440071106,0.6099911332130432,0.6126384139060974,0.6150646209716797
5040,-0.5973640084266663,60.264373779296875,13.337957382202148,82.49854024251302,0.597364068031311,0.5964860320091248,0.008237916976213455,0.5828317403793335,0.5863973498344421,0.5881612300872803,0.5908729434013367,0.5964860320091248,0.6030152440071106,0.6099911332130432,0.6126384139060974,0.6150646209716797
5064,-0.5973640084266663,60.23472595214844,13.360982894897461,82.45721181233723,0.597364068031311,0.5964860320091248,0.008237916976213455,0.5828317403793335,0.5863973498344421,0.5881612300872803,0.5908729434013367,0.5964860320091248,0.6030152440071106,0.6099911332130432,0.6126384139060974,0.6150646209716797
5088,-0.5973640084266663,60.20478057861328,13.399317741394043,82.41292063395183,0.597364068031311,0.5964860320091248,0.008237916976213455,0.5828317403793335,0.5863973498344421,0.5881612300872803,0.5908729434013367,0.5964860320091248,0.6030152440071106,0.6099911332130432,0.6126384139060974,0.6150646209716797
5112,-0.5973640084266663,60.18614959716797,13.440010070800781,82.37596384684245,0.597364068031311,0.5964860320091248,0.008237916976213455,0.5828317403793335,0.5863973498344421,0.5881612300872803,0.5908729434013367,0.5964860320091248,0.6030152440071106,0.6099911332130432,0.6126384139060974,0.6150646209716797
5136,-0.597399115562439,60.15233612060547,13.467604637145996,82.32889811197917,0.5973990559577942,0.5964860320091248,0.008183371275663376,0.5837262868881226,0.586411714553833,0.5881612300872803,0.5908729434013367,0.5964860320091248,0.6030152440071106,0.6099911332130432,0.6126384139060974,0.6150646209716797
5160,-0.5974178314208984,60.11550521850586,13.486262321472168,82.28033192952473,0.5974177718162537,0.5964860320091248,0.008197986520826817,0.5837262868881226,0.586411714553833,0.5881612300872803,0.5908729434013367,0.5964860320091248,0.6030152440071106,0.6099911332130432,0.6126384139060974,0.6150646209716797
5184,-0.5974733829498291,60.085166931152344,13.520788192749023,82.23316446940105,0.5974733233451843,0.5964860320091248,0.008142733946442604,0.5837262868881226,0.586411714553833,0.5884996652603149,0.5912408828735352,0.5964860320091248,0.6030152440071106,0.6099911332130432,0.6126384139060974,0.6150646209716797
5208,-0.5975298285484314,60.04473114013672,13.55372428894043,82.17722066243489,0.5975297689437866,0.5964860320091248,0.008115272037684917,0.5837262868881226,0.586411714553833,0.5884996652603149,0.5912408828735352,0.5964860320091248,0.6030152440071106,0.6099911332130432,0.6126384139060974,0.6150646209716797
5232,-0.5975298285484314,60.00788497924805,13.585384368896484,82.12349700927734,0.5975297689437866,0.5964860320091248,0.008115272037684917,0.5837262868881226,0.586411714553833,0.5884996652603149,0.5912408828735352,0.5964860320091248,0.6030152440071106,0.6099911332130432,0.6126384139060974,0.6150646209716797
5256,-0.5976384878158569,59.97643280029297,13.623324394226074,82.07484181722005,0.5976384878158569,0.5965687036514282,0.008141149766743183,0.5837262868881226,0.586411714553833,0.5884996652603149,0.5912408828735352,0.5965687036514282,0.603309154510498,0.6099911332130432,0.6126384139060974,0.6150646209716797
5280,-0.5977075695991516,59.936622619628906,13.64710807800293,82.02057139078777,0.5977075695991516,0.5968531370162964,0.00811227411031723,0.5837262868881226,0.586411714553833,0.5884996652603149,0.5913891196250916,0.5968531370162964,0.603309154510498,0.6099911332130432,0.6126384139060974,0.6150646209716797
5304,-0.5978230237960815,59.900474548339844,13.671064376831055,81.97068786621094,0.5978229641914368,0.5968531370162964,0.00802663154900074,0.5837262868881226,0.586411714553833,0.5887011289596558,0.5916339755058289,0.5968531370162964,0.603309154510498,0.6099911332130432,0.6126384139060974,0.6150646209716797
5328,-0.5979189276695251,59.86962127685547,13.70316219329834,81.9239273071289,0.5979189872741699,0.5968531370162964,0.007903961464762688,0.5837389826774597,0.586411714553833,0.5887011289596558,0.5920757055282593,0.5968531370162964,0.603309154510498,0.6099911332130432,0.6126384139060974,0.6150646209716797
5352,-0.5979588031768799,59.836605072021484,13.730372428894043,81.8759765625,0.5979588031768799,0.5968531370162964,0.007954501546919346,0.5837389826774597,0.586411714553833,0.5887011289596558,0.5920757055282593,0.5968531370162964,0.603309154510498,0.6100007891654968,0.6126384139060974,0.6150646209716797
5376,-0.5979588031768799,59.79753875732422,13.753204345703125,81.8246332804362,0.5979588031768799,0.5968531370162964,0.007954501546919346,0.5837389826774597,0.586411714553833,0.5887011289596558,0.5920757055282593,0.5968531370162964,0.603309154510498,0.6100007891654968,0.6126384139060974,0.6150646209716797
5400,-0.5979588031768799,59.76679229736328,13.784174919128418,81.77887471516927,0.5979588031768799,0.5968531370162964,0.007954501546919346,0.5837389826774597,0.586411714553833,0.5887011289596558,0.5920757055282593,0.5968531370162964,0.603309154510498,0.6100007891654968,0.6126384139060974,0.6150646209716797
5424,-0.5980350971221924,59.730072021484375,13.822029113769531,81.7246602376302,0.5980350971221924,0.5971276760101318,0.007976507768034935,0.5837389826774597,0.586411714553833,0.5887011289596558,0.5920757055282593,0.5971276760101318,0.6035110950469971,0.6100007891654968,0.6126384139060974,0.6150646209716797
5448,-0.5981836318969727,59.69453048706055,13.854522705078125,81.67164866129558,0.5981836318969727,0.5973104238510132,0.007881762459874153,0.5837389826774597,0.586411714553833,0.5888369083404541,0.5923045873641968,0.5973104238510132,0.6035110950469971,0.6100007891654968,0.6126384139060974,0.6150646209716797
5472,-0.5982487797737122,59.65642547607422,13.890640258789062,81.61586507161458,0.5982487797737122,0.5973104238510132,0.007842287421226501,0.5837389826774597,0.586411714553833,0.5888369083404541,0.592378556728363,0.5973104238510132,0.6035110950469971,0.6100007891654968,0.6126384139060974,0.6150646209716797
5496,-0.5982487797737122,59.61933517456055,13.92517375946045,81.56242370605469,0.5982487797737122,0.5973104238510132,0.007842287421226501,0.5837389826774597,0.586411714553833,0.5888369083404541,0.592378556728363,0.5973104238510132,0.6035110950469971,0.6100007891654968,0.6126384139060974,0.6150646209716797
5520,-0.5982702374458313,59.58152389526367,13.947402954101562,81.51089477539062,0.5982702374458313,0.5973104238510132,0.00784377008676529,0.5837389826774597,0.586411714553833,0.5888369083404541,0.592378556728363,0.5973104238510132,0.6035110950469971,0.6100007891654968,0.6126384139060974,0.6150646209716797
5544,-0.5982702374458313,59.541107177734375,13.98360824584961,81.45311228434245,0.5982702374458313,0.5973104238510132,0.00784377008676529,0.5837389826774597,0.586411714553833,0.5888369083404541,0.592378556728363,0.5973104238510132,0.6035110950469971,0.6100007891654968,0.6126384139060974,0.6150646209716797
5568,-0.5984365940093994,59.51457977294922,14.022022247314453,81.40677897135417,0.5984365344047546,0.5975136160850525,0.00781821645796299,0.5837389826774597,0.586411714553833,0.5888369083404541,0.593156635761261,0.5975136160850525,0.6039921641349792,0.6100007891654968,0.6126384139060974,0.6150646209716797
5592,-0.5984774827957153,59.48370361328125,14.05875301361084,81.35642496744792,0.5984774231910706,0.5975136160850525,0.007754412945359945,0.5860154032707214,0.586411714553833,0.5888369083404541,0.593156635761261,0.5975136160850525,0.6039921641349792,0.6100007891654968,0.6126384139060974,0.6150646209716797
5616,-0.5985537171363831,59.45117950439453,14.09317398071289,81.30830383300781,0.5985537171363831,0.597792387008667,0.007731084246188402,0.5860154032707214,0.586411714553833,0.5888369083404541,0.5934409499168396,0.597792387008667,0.6039921641349792,0.6100007891654968,0.6126384139060974,0.6150646209716797
5640,-0.5985537171363831,59.42095947265625,14.136211395263672,81.25777689615886,0.5985537171363831,0.597792387008667,0.007731084246188402,0.5860154032707214,0.586411714553833,0.5888369083404541,0.5934409499168396,0.597792387008667,0.6039921641349792,0.6100007891654968,0.6126384139060974,0.6150646209716797
5664,-0.5987369418144226,59.37483215332031,14.159551620483398,81.19785817464192,0.5987369418144226,0.5980425477027893,0.0075560398399829865,0.5863170027732849,0.5870218276977539,0.5889393091201782,0.5936442017555237,0.5980425477027893,0.6039921641349792,0.6100007891654968,0.6126384139060974,0.6150646209716797
5688,-0.5987984538078308,59.341827392578125,14.179746627807617,81.15181477864583,0.5987984538078308,0.5981824398040771,0.007570136804133654,0.5863170027732849,0.5870218276977539,0.5889393091201782,0.5936442017555237,0.5981824398040771,0.6039921641349792,0.6100007891654968,0.6126384139060974,0.6150646209716797
5712,-0.5987984538078308,59.2998161315918,14.214156150817871,81.0891850789388,0.5987984538078308,0.5981824398040771,0.007570136804133654,0.5863170027732849,0.5870218276977539,0.5889393091201782,0.5936442017555237,0.5981824398040771,0.6039921641349792,0.6100007891654968,0.6126384139060974,0.6150646209716797
5736,-0.5988871455192566,59.25678634643555,14.238920211791992,81.03084564208984,0.5988872051239014,0.5984729528427124,0.007534812204539776,0.5863170027732849,0.5870218276977539,0.5889393091201782,0.5939051508903503,0.5984729528427124,0.6039921641349792,0.6100007891654968,0.6126384139060974,0.6150646209716797
5760,-0.5989971160888672,59.22185516357422,14.275985717773438,80.97693888346355,0.5989971160888672,0.5984729528427124,0.007454387377947569,0.5863170027732849,0.5870218276977539,0.5889393091201782,0.5948871970176697,0.5984729528427124,0.6039921641349792,0.6100007891654968,0.6126384139060974,0.6150646209716797
5784,-0.5990467667579651,59.17523193359375,14.311853408813477,80.91227467854817,0.5990467667579651,0.5987184047698975,0.007448242511600256,0.5863170027732849,0.5870218276977539,0.5889393091201782,0.5949504971504211,0.5987184047698975,0.6039921641349792,0.6100007891654968,0.6126384139060974,0.6150646209716797
5808,-0.5990467667579651,59.12734603881836,14.345202445983887,80.84750874837239,0.5990467667579651,0.5987184047698975,0.007448242511600256,0.5863170027732849,0.5870218276977539,0.5889393091201782,0.5949504971504211,0.5987184047698975,0.6039921641349792,0.6100007891654968,0.6126384139060974,0.6150646209716797
5832,-0.599125862121582,59.0832633972168,14.377981185913086,80.78317515055339,0.599125862121582,0.5987958908081055,0.007404499687254429,0.5863170027732849,0.5881906747817993,0.5892817974090576,0.5949504971504211,0.5987958908081055,0.6039921641349792,0.6100007891654968,0.6126384139060974,0.6150646209716797
5856,-0.599125862121582,59.040260314941406,14.410507202148438,80.72359466552734,0.599125862121582,0.5987958908081055,0.007404499687254429,0.5863170027732849,0.5881906747817993,0.5892817974090576,0.5949504971504211,0.5987958908081055,0.6039921641349792,0.6100007891654968,0.6126384139060974,0.6150646209716797
5880,-0.599125862121582,58.993011474609375,14.449356079101562,80.65634663899739,0.599125862121582,0.5987958908081055,0.007404499687254429,0.5863170027732849,0.5881906747817993,0.5892817974090576,0.5949504971504211,0.5987958908081055,0.6039921641349792,0.6100007891654968,0.6126384139060974,0.6150646209716797
5904,-0.5991426110267639,58.95452117919922,14.475910186767578,80.60228729248047,0.5991426110267639,0.5987958908081055,0.007391158025711775,0.5863170027732849,0.5881906747817993,0.5892817974090576,0.5949504971504211,0.5987958908081055,0.6039921641349792,0.6100007891654968,0.6126384139060974,0.6150646209716797
5928,-0.5992563962936401,58.90787887573242,14.503690719604492,80.53773244222005,0.5992564558982849,0.5987958908081055,0.007289533037692308,0.5863170027732849,0.5881906747817993,0.5896481871604919,0.595095157623291,0.5987958908081055,0.6039921641349792,0.6100007891654968,0.6126384139060974,0.6150646209716797
5952,-0.5992563962936401,58.86854553222656,14.549582481384277,80.4752909342448,0.5992564558982849,0.5987958908081055,0.007289533037692308,0.5863170027732849,0.5881906747817993,0.5896481871604919,0.595095157623291,0.5987958908081055,0.6039921641349792,0.6100007891654968,0.6126384139060974,0.6150646209716797
5976,-0.5992563962936401,58.82331848144531,14.573946952819824,80.41407267252605,0.5992564558982849,0.5987958908081055,0.007289533037692308,0.5863170027732849,0.5881906747817993,0.5896481871604919,0.595095157623291,0.5987958908081055,0.6039921641349792,0.6100007891654968,0.6126384139060974,0.6150646209716797
6000,-0.5993203520774841,58.776092529296875,14.606036186218262,80.34822845458984,0.5993203520774841,0.5988937020301819,0.007267598062753677,0.5863170027732849,0.5881906747817993,0.5896481871604919,0.595194399356842,0.5988937020301819,0.6039921641349792,0.6100007891654968,0.6126384139060974,0.6150646209716797
6024,-0.5994002223014832,58.71935272216797,14.634806632995605,80.27180735270183,0.5994002223014832,0.5988937020301819,0.007164582144469023,0.5863473415374756,0.588821530342102,0.5897135138511658,0.595194399356842,0.5988937020301819,0.6039921641349792,0.6100007891654968,0.6126384139060974,0.6150646209716797
6048,-0.5994987487792969,58.67916488647461,14.669309616088867,80.21207682291667,0.5994986891746521,0.598971426486969,0.007093579974025488,0.5863473415374756,0.588821530342102,0.5905099511146545,0.5952967405319214,0.598971426486969,0.6039921641349792,0.6100007891654968,0.6126384139060974,0.6150646209716797
6072,-0.599536657333374,58.62314987182617,14.698420524597168,80.13914489746094,0.599536657333374,0.598971426486969,0.007074038963764906,0.5863473415374756,0.588821530342102,0.5905099511146545,0.5953613519668579,0.598971426486969,0.6039921641349792,0.6100007891654968,0.6126384139060974,0.6150646209716797
6096,-0.5996006727218628,58.57200241088867,14.722715377807617,80.07131703694661,0.5996006727218628,0.598971426486969,0.006958939600735903,0.5864136815071106,0.5889443159103394,0.5905099511146545,0.5953613519668579,0.598971426486969,0.6039921641349792,0.6100007891654968,0.6126384139060974,0.6150646209716797
6120,-0.5996726751327515,58.5332145690918,14.758108139038086,80.01528676350911,0.5996726155281067,0.5991184115409851,0.006949401460587978,0.5864136815071106,0.5889443159103394,0.5905099511146545,0.5953952074050903,0.5991184115409851,0.6039921641349792,0.6100007891654968,0.6126384139060974,0.6150646209716797
6144,-0.599876880645752,58.48271942138672,14.790761947631836,79.94643147786458,0.599876880645752,0.5992947816848755,0.006890104617923498,0.5864136815071106,0.5889760255813599,0.5907474756240845,0.5955859422683716,0.5992947816848755,0.6042033433914185,0.6100007891654968,0.6126384139060974,0.6150646209716797
6168,-0.6000509262084961,58.441001892089844,14.822149276733398,79.88749694824219,0.6000508666038513,0.5992947816848755,0.00710636842995882,0.5864136815071106,0.5889760255813599,0.5907474756240845,0.5955859422683716,0.5992947816848755,0.6046044230461121,0.6101500391960144,0.6128492951393127,0.615384042263031
6192,-0.6000509262084961,58.39379119873047,14.856352806091309,79.82230885823567,0.6000508666038513,0.5992947816848755,0.00710636842995882,0.5864136815071106,0.5889760255813599,0.5907474756240845,0.5955859422683716,0.5992947816848755,0.6046044230461121,0.6101500391960144,0.6128492951393127,0.615384042263031
6216,-0.600278913974762,58.352874755859375,14.878061294555664,79.76544189453125,0.600278913974762,0.5994687676429749,0.0071067712269723415,0.5864136815071106,0.5892953276634216,0.5907737612724304,0.5956364870071411,0.5994687676429749,0.6050108671188354,0.6105073690414429,0.6128492951393127,0.615384042263031
6240,-0.600278913974762,58.30602264404297,14.910369873046875,79.699951171875,0.600278913974762,0.5994687676429749,0.0071067712269723415,0.5864136815071106,0.5892953276634216,0.5907737612724304,0.5956364870071411,0.5994687676429749,0.6050108671188354,0.6105073690414429,0.6128492951393127,0.615384042263031
6264,-0.600278913974762,58.2535514831543,14.930540084838867,79.63227081298828,0.600278913974762,0.5994687676429749,0.0071067712269723415,0.5864136815071106,0.5892953276634216,0.5907737612724304,0.5956364870071411,0.5994687676429749,0.6050108671188354,0.6105073690414429,0.6128492951393127,0.615384042263031
6288,-0.6003327965736389,58.217430114746094,14.963058471679688,79.57820383707683,0.6003327369689941,0.5994687676429749,0.007134545594453812,0.5864136815071106,0.5892953276634216,0.5907737612724304,0.5956364870071411,0.5994687676429749,0.6051901578903198,0.6105073690414429,0.6128492951393127,0.615384042263031
6312,-0.6005202531814575,58.17011260986328,14.99075698852539,79.51347096761067,0.6005202531814575,0.5997205376625061,0.007225453853607178,0.5864136815071106,0.5892953276634216,0.5907737612724304,0.5956364870071411,0.5997205376625061,0.6052389740943909,0.6106654405593872,0.6128492951393127,0.615384042263031
6336,-0.6005202531814575,58.122344970703125,15.024835586547852,79.44468943277995,0.6005202531814575,0.5997205376625061,0.007225453853607178,0.5864136815071106,0.5892953276634216,0.5907737612724304,0.5956364870071411,0.5997205376625061,0.6052389740943909,0.6106654405593872,0.6128492951393127,0.615384042263031
6360,-0.6005202531814575,58.0718994140625,15.058326721191406,79.37211100260417,0.6005202531814575,0.5997205376625061,0.007225453853607178,0.5864136815071106,0.5892953276634216,0.5907737612724304,0.5956364870071411,0.5997205376625061,0.6052389740943909,0.6106654405593872,0.6128492951393127,0.615384042263031
6384,-0.600718080997467,58.013938903808594,15.085932731628418,79.29684956868489,0.600718080997467,0.5997205376625061,0.007417412009090185,0.5864136815071106,0.5892953276634216,0.5915654897689819,0.5956897735595703,0.5997205376625061,0.6052389740943909,0.6110178828239441,0.6137179732322693,0.6169182062149048
6408,-0.6007261276245117,57.96527099609375,15.118640899658203,79.22691090901692,0.6007261872291565,0.5997205376625061,0.007410574238747358,0.5864136815071106,0.5892953276634216,0.5915654897689819,0.5956897735595703,0.5997205376625061,0.6052389740943909,0.6110178828239441,0.6137179732322693,0.6169182062149048
6432,-0.6007835268974304,57.910919189453125,15.144625663757324,79.15228271484375,0.6007835268974304,0.6000396013259888,0.0073922802694141865,0.5864136815071106,0.5892953276634216,0.5915654897689819,0.5957298874855042,0.6000396013259888,0.6052389740943909,0.6110178828239441,0.6137179732322693,0.6169182062149048
6456,-0.6008244752883911,57.856834411621094,15.175424575805664,79.07401021321614,0.6008244752883911,0.6000396013259888,0.007388892117887735,0.5864136815071106,0.5892953276634216,0.5915654897689819,0.5957298874855042,0.6000396013259888,0.6053074598312378,0.6110178828239441,0.6137179732322693,0.6169182062149048
6480,-0.6009575724601746,57.816917419433594,15.209484100341797,79.0163065592448,0.6009575724601746,0.600239098072052,0.007315156050026417,0.5864136815071106,0.5892953276634216,0.5920811295509338,0.5959131717681885,0.600239098072052,0.6053074598312378,0.6110178828239441,0.6137179732322693,0.6169182062149048
6504,-0.6011450886726379,57.7598991394043,15.235595703125,78.9407450358073,0.6011450290679932,0.6003873348236084,0.007147013209760189,0.588246762752533,0.5904750227928162,0.5922077298164368,0.5962133407592773,0.6003873348236084,0.6053074598312378,0.6110178828239441,0.6137179732322693,0.6169182062149048
6528,-0.6015486121177673,57.70343780517578,15.253710746765137,78.86625417073567,0.6015485525131226,0.6005485653877258,0.007716115564107895,0.588246762752533,0.5904750227928162,0.5932915806770325,0.5963180661201477,0.6005485653877258,0.6053337454795837,0.6114627718925476,0.6150734424591064,0.6174339056015015
6552,-0.6015486121177673,57.65382385253906,15.28508186340332,78.79740905761719,0.6015485525131226,0.6005485653877258,0.007716115564107895,0.588246762752533,0.5904750227928162,0.5932915806770325,0.5963180661201477,0.6005485653877258,0.6053337454795837,0.6114627718925476,0.6150734424591064,0.6174339056015015
6576,-0.6015543937683105,57.607566833496094,15.31452751159668,78.73077646891277,0.6015543341636658,0.6005485653877258,0.007711880840361118,0.588246762752533,0.5904750227928162,0.5932915806770325,0.5963180661201477,0.6005485653877258,0.6053337454795837,0.6114627718925476,0.6150734424591064,0.6174339056015015
6600,-0.6015543937683105,57.564300537109375,15.340514183044434,78.67000325520833,0.6015543341636658,0.6005485653877258,0.007711880840361118,0.588246762752533,0.5904750227928162,0.5932915806770325,0.5963180661201477,0.6005485653877258,0.6053337454795837,0.6114627718925476,0.6150734424591064,0.6174339056015015
6624,-0.601591944694519,57.51810836791992,15.380690574645996,78.59961191813152,0.601591944694519,0.6006197333335876,0.007699096575379372,0.588246762752533,0.5904750227928162,0.5932915806770325,0.5963180661201477,0.6006197333335876,0.6053337454795837,0.6114627718925476,0.6150734424591064,0.6174339056015015
6648,-0.601591944694519,57.47396469116211,15.410799980163574,78.53381093343098,0.601591944694519,0.6006197333335876,0.007699096575379372,0.588246762752533,0.5904750227928162,0.5932915806770325,0.5963180661201477,0.6006197333335876,0.6053337454795837,0.6114627718925476,0.6150734424591064,0.6174339056015015
6672,-0.601591944694519,57.42558288574219,15.446319580078125,78.46520741780598,0.601591944694519,0.6006197333335876,0.007699096575379372,0.588246762752533,0.5904750227928162,0.5932915806770325,0.5963180661201477,0.6006197333335876,0.6053337454795837,0.6114627718925476,0.6150734424591064,0.6174339056015015
6696,-0.601591944694519,57.369422912597656,15.482856750488281,78.38624827067058,0.601591944694519,0.6006197333335876,0.007699096575379372,0.588246762752533,0.5904750227928162,0.5932915806770325,0.5963180661201477,0.6006197333335876,0.6053337454795837,0.6114627718925476,0.6150734424591064,0.6174339056015015
6720,-0.601591944694519,57.3160400390625,15.511649131774902,78.31025695800781,0.601591944694519,0.6006197333335876,0.007699096575379372,0.588246762752533,0.5904750227928162,0.5932915806770325,0.5963180661201477,0.6006197333335876,0.6053337454795837,0.6114627718925476,0.6150734424591064,0.6174339056015015
6744,-0.6016072034835815,57.26346969604492,15.545677185058594,78.23390706380208,0.6016072034835815,0.6006197333335876,0.007699727080762386,0.588246762752533,0.5904750227928162,0.5932915806770325,0.5963180661201477,0.6006197333335876,0.6053337454795837,0.6114627718925476,0.6150734424591064,0.6174339056015015
6768,-0.6016072034835815,57.201148986816406,15.576162338256836,78.1497319539388,0.6016072034835815,0.6006197333335876,0.007699727080762386,0.588246762752533,0.5904750227928162,0.5932915806770325,0.5963180661201477,0.6006197333335876,0.6053337454795837,0.6114627718925476,0.6150734424591064,0.6174339056015015
6792,-0.6016203165054321,57.14990997314453,15.604216575622559,78.07723490397136,0.6016202569007874,0.6006197333335876,0.007681983523070812,0.588246762752533,0.5906983613967896,0.5932915806770325,0.5963180661201477,0.6006197333335876,0.6053337454795837,0.6114627718925476,0.6150734424591064,0.6174339056015015
6816,-0.6016203165054321,57.08710861206055,15.627090454101562,77.99176534016927,0.6016202569007874,0.6006197333335876,0.007681983523070812,0.588246762752533,0.5906983613967896,0.5932915806770325,0.5963180661201477,0.6006197333335876,0.6053337454795837,0.6114627718925476,0.6150734424591064,0.6174339056015015
6840,-0.6016203165054321,57.03856658935547,15.675918579101562,77.91235860188802,0.6016202569007874,0.6006197333335876,0.007681983523070812,0.588246762752533,0.5906983613967896,0.5932915806770325,0.5963180661201477,0.6006197333335876,0.6053337454795837,0.6114627718925476,0.6150734424591064,0.6174339056015015
6864,-0.6016203165054321,56.966041564941406,15.69703483581543,77.81955973307292,0.6016202569007874,0.6006197333335876,0.007681983523070812,0.588246762752533,0.5906983613967896,0.5932915806770325,0.5963180661201477,0.6006197333335876,0.6053337454795837,0.6114627718925476,0.6150734424591064,0.6174339056015015
6888,-0.6017164587974548,56.91474151611328,15.730680465698242,77.74338022867839,0.6017164587974548,0.6006996631622314,0.007663719821721315,0.588246762752533,0.5906983613967896,0.5932915806770325,0.5965599417686462,0.6006996631622314,0.6053337454795837,0.6114627718925476,0.6150734424591064,0.6174339056015015
6912,-0.6017227172851562,56.85166549682617,15.760279655456543,77.66087341308594,0.6017227172851562,0.6006996631622314,0.007657234091311693,0.588246762752533,0.5906983613967896,0.5932915806770325,0.5965599417686462,0.6006996631622314,0.6053337454795837,0.6114627718925476,0.6150734424591064,0.6174339056015015
6936,-0.6017419099807739,56.79610824584961,15.798040390014648,77.57804616292317,0.6017419099807739,0.6006996631622314,0.007646121084690094,0.588246762752533,0.5906983613967896,0.5932915806770325,0.5968945622444153,0.6006996631622314,0.6053337454795837,0.6114627718925476,0.6150734424591064,0.6174339056015015
6960,-0.6017662882804871,56.72502899169922,15.821830749511719,77.48936716715495,0.6017662882804871,0.6006996631622314,0.00762580893933773,0.5882694125175476,0.5906983613967896,0.5932915806770325,0.5968945622444153,0.6006996631622314,0.6053337454795837,0.6114627718925476,0.6150734424591064,0.6174339056015015
6984,-0.6018474698066711,56.669517517089844,15.860129356384277,77.40745798746745,0.6018474698066711,0.6006996631622314,0.0076237753964960575,0.5882694125175476,0.5907012820243835,0.593678891658783,0.5968945622444153,0.6006996631622314,0.6053337454795837,0.6114627718925476,0.6150734424591064,0.6174339056015015
7008,-0.6021115183830261,56.59086227416992,15.891829490661621,77.30372619628906,0.6021115183830261,0.600793719291687,0.007336505223065615,0.5892980694770813,0.5922120809555054,0.5941222310066223,0.5972901582717896,0.600793719291687,0.6053337454795837,0.6114627718925476,0.6150734424591064,0.6174339056015015
7032,-0.6021115183830261,56.538543701171875,15.931591033935547,77.22283426920573,0.6021115183830261,0.600793719291687,0.007336505223065615,0.5892980694770813,0.5922120809555054,0.5941222310066223,0.5972901582717896,0.600793719291687,0.6053337454795837,0.6114627718925476,0.6150734424591064,0.6174339056015015
7056,-0.6021407842636108,56.49493408203125,15.978862762451172,77.14990997314453,0.6021407246589661,0.6008913516998291,0.007325566373765469,0.5892980694770813,0.5922120809555054,0.5941222310066223,0.5972901582717896,0.6008913516998291,0.6053337454795837,0.6114627718925476,0.6150734424591064,0.6174339056015015
7080,-0.6023643612861633,56.436492919921875,16.011474609375,77.06494649251302,0.6023643016815186,0.6009913682937622,0.007481420878320932,0.5892980694770813,0.5922120809555054,0.5941222310066223,0.5975018739700317,0.6009913682937622,0.6056238412857056,0.6121107935905457,0.6154307126998901,0.6183427572250366
7104,-0.6026427149772644,56.36997985839844,16.048324584960938,76.97054545084636,0.6026427745819092,0.6009913682937622,0.007677692919969559,0.5907449722290039,0.5925020575523376,0.5941222310066223,0.5975018739700317,0.6009913682937622,0.6063859462738037,0.612647294998169,0.6169317960739136,0.6210033297538757
7128,-0.6027562022209167,56.309776306152344,16.065391540527344,76.88810221354167,0.6027562618255615,0.6011474132537842,0.007693617604672909,0.5907449722290039,0.5925020575523376,0.5941222310066223,0.5975018739700317,0.6011474132537842,0.6067284941673279,0.612647294998169,0.6169317960739136,0.6210033297538757
7152,-0.6027562022209167,56.23786544799805,16.106496810913086,76.78535715738933,0.6027562618255615,0.6011474132537842,0.007693617604672909,0.5907449722290039,0.5925020575523376,0.5941222310066223,0.5975018739700317,0.6011474132537842,0.6067284941673279,0.612647294998169,0.6169317960739136,0.6210033297538757
7176,-0.6028846502304077,56.174034118652344,16.11984634399414,76.70384470621745,0.6028845906257629,0.6014798879623413,0.007732252590358257,0.5907449722290039,0.5925020575523376,0.5941222310066223,0.5975018739700317,0.6014798879623413,0.6070551872253418,0.612647294998169,0.6169317960739136,0.6210033297538757
7200,-0.602936863899231,56.1259765625,16.1523494720459,76.63155364990234,0.6029368042945862,0.6020047664642334,0.00770942447707057,0.5907449722290039,0.5925020575523376,0.5941222310066223,0.5975018739700317,0.6020047664642334,0.6070551872253418,0.612647294998169,0.6169317960739136,0.6210033297538757
7224,-0.6030333638191223,56.06519317626953,16.19235610961914,76.54241689046223,0.6030333638191223,0.6023266911506653,0.007648282218724489,0.5907449722290039,0.5925020575523376,0.5947867035865784,0.5976100564002991,0.6023266911506653,0.6070551872253418,0.612647294998169,0.6169317960739136,0.6210033297538757
7248,-0.6031742095947266,56.011253356933594,16.220014572143555,76.46668497721355,0.6031741499900818,0.602398157119751,0.007596177980303764,0.5907449722290039,0.5925020575523376,0.595011830329895,0.5977239012718201,0.602398157119751,0.6073733568191528,0.612647294998169,0.6169317960739136,0.6210033297538757
7272,-0.6033109426498413,55.945274353027344,16.243980407714844,76.37120310465495,0.6033108830451965,0.6025242805480957,0.007658328395336866,0.5907449722290039,0.5925020575523376,0.595011830329895,0.5977239012718201,0.6025242805480957,0.6076262593269348,0.6128811240196228,0.6169317960739136,0.6210033297538757
7296,-0.603337287902832,55.88043212890625,16.265159606933594,76.28243001302083,0.6033372282981873,0.6025242805480957,0.007614497095346451,0.59193354845047,0.5925020575523376,0.595011830329895,0.5977239012718201,0.6025242805480957,0.6076262593269348,0.6128811240196228,0.6169317960739136,0.6210033297538757
7320,-0.6034247875213623,55.807830810546875,16.29401206970215,76.18163299560547,0.6034247875213623,0.6025985479354858,0.007582798134535551,0.59193354845047,0.5925020575523376,0.595011830329895,0.5981335043907166,0.6025985479354858,0.6076262593269348,0.6128811240196228,0.6169317960739136,0.6210033297538757
7344,-0.6038320660591125,55.738338470458984,16.315723419189453,76.08683776855469,0.6038320660591125,0.603107213973999,0.007815555669367313,0.59193354845047,0.5925020575523376,0.595011830329895,0.5983063578605652,0.603107213973999,0.6091313362121582,0.613555908203125,0.6174083948135376,0.6215135455131531
7368,-0.6042312383651733,55.669036865234375,16.34503936767578,75.99099222819011,0.6042312383651733,0.6033550500869751,0.008039731532335281,0.59193354845047,0.5925020575523376,0.5951841473579407,0.5983063578605652,0.6033550500869751,0.6099804043769836,0.615088164806366,0.618366003036499,0.6215135455131531
7392,-0.6042312383651733,55.59867477416992,16.380191802978516,75.89202880859375,0.6042312383651733,0.6033550500869751,0.008039731532335281,0.59193354845047,0.5925020575523376,0.5951841473579407,0.5983063578605652,0.6033550500869751,0.6099804043769836,0.615088164806366,0.618366003036499,0.6215135455131531
7416,-0.6043024063110352,55.53046417236328,16.405271530151367,75.79620615641277,0.6043024659156799,0.6033550500869751,0.007995610125362873,0.59193354845047,0.5925020575523376,0.5951841473579407,0.5986356139183044,0.6033550500869751,0.6099804043769836,0.615088164806366,0.618366003036499,0.6215135455131531
7440,-0.604364812374115,55.468528747558594,16.43706512451172,75.70702362060547,0.6043648719787598,0.6035586595535278,0.007992970757186413,0.59193354845047,0.5925020575523376,0.5951841473579407,0.5986356139183044,0.6035586595535278,0.6099804043769836,0.615088164806366,0.618366003036499,0.6215135455131531
7464,-0.6050131320953369,55.39274215698242,16.462135314941406,75.6050796508789,0.6050131320953369,0.6040772795677185,0.007979840971529484,0.59193354845047,0.5939974188804626,0.5956040620803833,0.5991799831390381,0.6040772795677185,0.6104404926300049,0.6153947710990906,0.618366003036499,0.6215135455131531
7488,-0.6052590012550354,55.323951721191406,16.47829818725586,75.51141103108723,0.6052590012550354,0.6044491529464722,0.008104505017399788,0.59193354845047,0.5939974188804626,0.595698356628418,0.5991799831390381,0.6044491529464722,0.6105279922485352,0.6158851981163025,0.6198766231536865,0.6215135455131531
7512,-0.6053004860877991,55.25895309448242,16.513370513916016,75.4154790242513,0.6053005456924438,0.6044491529464722,0.008069444447755814,0.59193354845047,0.5939974188804626,0.595698356628418,0.5993072986602783,0.6044491529464722,0.6105279922485352,0.6158851981163025,0.6198766231536865,0.6215135455131531
7536,-0.6053004860877991,55.18196105957031,16.541728973388672,75.31141662597656,0.6053005456924438,0.6044491529464722,0.008069444447755814,0.59193354845047,0.5939974188804626,0.595698356628418,0.5993072986602783,0.6044491529464722,0.6105279922485352,0.6158851981163025,0.6198766231536865,0.6215135455131531
7560,-0.6053327322006226,55.10833740234375,16.56352996826172,75.21214294433594,0.6053327322006226,0.6046822667121887,0.008072556927800179,0.59193354845047,0.5939974188804626,0.595698356628418,0.5993072986602783,0.6046822667121887,0.6105279922485352,0.6158851981163025,0.6198766231536865,0.6215135455131531
7584,-0.6053819060325623,55.04365539550781,16.603429794311523,75.11334737141927,0.6053819060325623,0.6046822667121887,0.008018827997148037,0.59193354845047,0.5939974188804626,0.5959447026252747,0.5993072986602783,0.6046822667121887,0.6105279922485352,0.6158851981163025,0.6198766231536865,0.6215135455131531
7608,-0.6054143905639648,54.95794677734375,16.61016273498535,75.00647226969402,0.6054144501686096,0.6049793362617493,0.008015384897589684,0.59193354845047,0.5939974188804626,0.5959447026252747,0.5993072986602783,0.6049793362617493,0.6105279922485352,0.6158851981163025,0.6198766231536865,0.6215135455131531
7632,-0.6056745648384094,54.890777587890625,16.652488708496094,74.90857950846355,0.6056745648384094,0.6050127148628235,0.00818695966154337,0.59193354845047,0.5939974188804626,0.5959447026252747,0.5993432402610779,0.6050127148628235,0.6107171773910522,0.6169537901878357,0.620963454246521,0.621804416179657
7656,-0.6057657599449158,54.818023681640625,16.68222427368164,74.80257161458333,0.605765700340271,0.6051011085510254,0.008210613392293453,0.59193354845047,0.5939974188804626,0.5959447026252747,0.5993432402610779,0.6051011085510254,0.6110811233520508,0.6169537901878357,0.620963454246521,0.621804416179657
7680,-0.6058990359306335,54.738800048828125,16.705032348632812,74.69589487711589,0.6058990359306335,0.6052438020706177,0.008153253234922886,0.59193354845047,0.5939974188804626,0.5960818529129028,0.5999385118484497,0.6052438020706177,0.6110811233520508,0.6169537901878357,0.620963454246521,0.621804416179657
7704,-0.6058990359306335,54.66654586791992,16.74657440185547,74.58683268229167,0.6058990359306335,0.6052438020706177,0.008153253234922886,0.59193354845047,0.5939974188804626,0.5960818529129028,0.5999385118484497,0.6052438020706177,0.6110811233520508,0.6169537901878357,0.620963454246521,0.621804416179657
7728,-0.60599285364151,54.60308074951172,16.769371032714844,74.49905141194661,0.6059927940368652,0.6052438020706177,0.008042281493544579,0.59193354845047,0.5941210985183716,0.5966758728027344,0.6002384424209595,0.6052438020706177,0.6110811233520508,0.6169537901878357,0.620963454246521,0.621804416179657
7752,-0.6061058640480042,54.52935791015625,16.802265167236328,74.39120483398438,0.6061058640480042,0.6053087115287781,0.008074326440691948,0.59193354845047,0.5941210985183716,0.5966758728027344,0.6002384424209595,0.6053087115287781,0.6114380955696106,0.6169537901878357,0.620963454246521,0.621804416179657
7776,-0.6061102151870728,54.45603561401367,16.83424949645996,74.28787994384766,0.6061102151870728,0.6053087115287781,0.008067118003964424,0.59193354845047,0.5941210985183716,0.5966758728027344,0.6002384424209595,0.6053087115287781,0.6114380955696106,0.6169537901878357,0.620963454246521,0.621804416179657
7800,-0.6061102151870728,54.388607025146484,16.874624252319336,74.1846415201823,0.6061102151870728,0.6053087115287781,0.008067118003964424,0.59193354845047,0.5941210985183716,0.5966758728027344,0.6002384424209595,0.6053087115287781,0.6114380955696106,0.6169537901878357,0.620963454246521,0.621804416179657
7824,-0.6064429879188538,54.31644821166992,16.906673431396484,74.08257802327473,0.6064430475234985,0.6057885885238647,0.007889127358794212,0.5929322242736816,0.5951652526855469,0.5969784259796143,0.6005146503448486,0.6057885885238647,0.6116772294044495,0.6169537901878357,0.620963454246521,0.621804416179657
7848,-0.6064706444740295,54.24156951904297,16.94099998474121,73.97365824381511,0.6064707040786743,0.6057885885238647,0.007850625552237034,0.5929322242736816,0.5959338545799255,0.5969986319541931,0.6005146503448486,0.6057885885238647,0.6116772294044495,0.6169537901878357,0.620963454246521,0.621804416179657
7872,-0.6068018674850464,54.16897201538086,16.963485717773438,73.87317148844402,0.6068019270896912,0.6062043309211731,0.008288444019854069,0.5940528512001038,0.5959338545799255,0.5969986319541931,0.6005146503448486,0.6062043309211731,0.6120328307151794,0.6173561215400696,0.6211552619934082,0.6235794425010681
7896,-0.6069117784500122,54.083831787109375,16.98788070678711,73.75546010335286,0.6069117784500122,0.6062619090080261,0.008248046040534973,0.5940528512001038,0.5959338545799255,0.5969986319541931,0.6006527543067932,0.6062619090080261,0.6120328307151794,0.6173561215400696,0.6211552619934082,0.6235794425010681
7920,-0.6070350408554077,54.008872985839844,17.01580047607422,73.65211232503255,0.6070350408554077,0.6063471436500549,0.008146772161126137,0.5950940251350403,0.5960879921913147,0.5971009135246277,0.600730299949646,0.6063471436500549,0.6120328307151794,0.6173561215400696,0.6211552619934082,0.6235794425010681
7944,-0.6070350408554077,53.92713928222656,17.03900909423828,73.53954823811848,0.6070350408554077,0.6063471436500549,0.008146772161126137,0.5950940251350403,0.5960879921913147,0.5971009135246277,0.600730299949646,0.6063471436500549,0.6120328307151794,0.6173561215400696,0.6211552619934082,0.6235794425010681
7968,-0.6070483922958374,53.84429168701172,17.05925750732422,73.42601776123047,0.6070483922958374,0.6063471436500549,0.008137551136314869,0.5950940251350403,0.5960879921913147,0.5971009135246277,0.6009381413459778,0.6063471436500549,0.6120328307151794,0.6173561215400696,0.6211552619934082,0.6235794425010681
7992,-0.6071299910545349,53.76810836791992,17.10260009765625,73.31079864501953,0.6071299910545349,0.6064810156822205,0.00817150715738535,0.5950940251350403,0.5960879921913147,0.5971009135246277,0.6009381413459778,0.6064810156822205,0.6121411323547363,0.6173561215400696,0.6211552619934082,0.6235794425010681
8016,-0.607138991355896,53.6749267578125,17.1198787689209,73.18922678629558,0.607138991355896,0.6064810156822205,0.008163342252373695,0.5950940251350403,0.5960879921913147,0.5971009135246277,0.6009381413459778,0.6064810156822205,0.6121411323547363,0.6173561215400696,0.6211552619934082,0.6235794425010681
8040,-0.607421338558197,53.598731994628906,17.144868850708008,73.08393859863281,0.607421338558197,0.6068524122238159,0.008277535438537598,0.5950940251350403,0.5960879921913147,0.5971009135246277,0.6009381413459778,0.6068524122238159,0.6129118204116821,0.6174547672271729,0.6211552619934082,0.6235794425010681
8064,-0.607421338558197,53.521728515625,17.188262939453125,72.96551005045573,0.607421338558197,0.6068524122238159,0.008277535438537598,0.5950940251350403,0.5960879921913147,0.5971009135246277,0.6009381413459778,0.6068524122238159,0.6129118204116821,0.6174547672271729,0.6211552619934082,0.6235794425010681
8088,-0.6074334383010864,53.438232421875,17.22020721435547,72.84567006429036,0.6074334383010864,0.6068524122238159,0.008282109163701534,0.5950940251350403,0.5960879921913147,0.5971009135246277,0.6009381413459778,0.6068524122238159,0.6129118204116821,0.6174547672271729,0.6211552619934082,0.6235794425010681
8112,-0.6076356172561646,53.34691619873047,17.24057960510254,72.72372436523438,0.6076356172561646,0.6071125268936157,0.008198114112019539,0.5952184200286865,0.5966590642929077,0.5973550081253052,0.6015310883522034,0.6071125268936157,0.6133055686950684,0.6174547672271729,0.6211552619934082,0.6235794425010681
8136,-0.6076356172561646,53.27532196044922,17.283599853515625,72.61085255940755,0.6076356172561646,0.6071125268936157,0.008198114112019539,0.5952184200286865,0.5966590642929077,0.5973550081253052,0.6015310883522034,0.6071125268936157,0.6133055686950684,0.6174547672271729,0.6211552619934082,0.6235794425010681
8160,-0.6076356172561646,53.20267868041992,17.31012725830078,72.50539906819661,0.6076356172561646,0.6071125268936157,0.008198114112019539,0.5952184200286865,0.5966590642929077,0.5973550081253052,0.6015310883522034,0.6071125268936157,0.6133055686950684,0.6174547672271729,0.6211552619934082,0.6235794425010681
8184,-0.6079077124595642,53.10955810546875,17.332454681396484,72.38067372639973,0.6079077124595642,0.6071125268936157,0.008444764651358128,0.5952184200286865,0.5966590642929077,0.5973550081253052,0.6019929051399231,0.6071125268936157,0.6135711669921875,0.619909942150116,0.6218534708023071,0.6237315535545349
8208,-0.6079403162002563,53.01927185058594,17.36504364013672,72.24765523274739,0.6079403162002563,0.6071125268936157,0.008404845371842384,0.5952184200286865,0.5967622399330139,0.5975813269615173,0.6019929051399231,0.6071125268936157,0.6135711669921875,0.619909942150116,0.6218534708023071,0.6237315535545349
8232,-0.6081274151802063,52.92206573486328,17.391143798828125,72.11024729410808,0.6081274151802063,0.6071125268936157,0.008438157849013805,0.5952184200286865,0.5968844890594482,0.5976113677024841,0.6020278930664062,0.6071125268936157,0.613940954208374,0.619909942150116,0.6218534708023071,0.6237315535545349
8256,-0.6081352233886719,52.82661437988281,17.41339874267578,71.97757466634114,0.6081352233886719,0.6071125268936157,0.008443192578852177,0.5952184200286865,0.5968844890594482,0.5976113677024841,0.6020278930664062,0.6071125268936157,0.6139897704124451,0.619909942150116,0.6218534708023071,0.6237315535545349
8280,-0.6081352233886719,52.739776611328125,17.444416046142578,71.84562683105469,0.6081352233886719,0.6071125268936157,0.008443192578852177,0.5952184200286865,0.5968844890594482,0.5976113677024841,0.6020278930664062,0.6071125268936157,0.6139897704124451,0.619909942150116,0.6218534708023071,0.6237315535545349
8304,-0.6082754135131836,52.651824951171875,17.462421417236328,71.72888437906902,0.6082753539085388,0.6074221134185791,0.008478175848722458,0.5952184200286865,0.596998393535614,0.5976113677024841,0.6022570133209229,0.6074221134185791,0.6139897704124451,0.6207436323165894,0.6220760941505432,0.6237315535545349
8328,-0.6084254384040833,52.548667907714844,17.487586975097656,71.58649190266927,0.6084254384040833,0.6075245141983032,0.008456596173346043,0.5952184200286865,0.596998393535614,0.5976113677024841,0.6023339033126831,0.6075245141983032,0.6139897704124451,0.6207436323165894,0.6220760941505432,0.6237315535545349
8352,-0.6086008548736572,52.46123504638672,17.51840591430664,71.46014912923177,0.6086008548736572,0.6075245141983032,0.008547886274755001,0.5952184200286865,0.596998393535614,0.5977461934089661,0.6023339033126831,0.6075245141983032,0.6140741109848022,0.6209726929664612,0.6220760941505432,0.6237315535545349
8376,-0.6087819337844849,52.36320495605469,17.557819366455078,71.31945292154948,0.6087819337844849,0.6075245141983032,0.008714204654097557,0.5966594219207764,0.5971059203147888,0.5983728170394897,0.6023650169372559,0.6075245141983032,0.6140741109848022,0.6209726929664612,0.6220760941505432,0.6237315535545349
8400,-0.6087819337844849,52.268768310546875,17.57295799255371,71.18971506754558,0.6087819337844849,0.6075245141983032,0.008714204654097557,0.5966594219207764,0.5971059203147888,0.5983728170394897,0.6023650169372559,0.6075245141983032,0.6140741109848022,0.6209726929664612,0.6220760941505432,0.6237315535545349
8424,-0.6090087294578552,52.162506103515625,17.586223602294922,71.04543558756511,0.6090087294578552,0.6076313853263855,0.008700747042894363,0.5967351794242859,0.5971094369888306,0.5983728170394897,0.602434515953064,0.6076313853263855,0.6143707036972046,0.6209726929664612,0.6220760941505432,0.6237315535545349
8448,-0.6090813875198364,52.04441833496094,17.621440887451172,70.88112894694011,0.6090813875198364,0.6076713800430298,0.00866655819118023,0.5967351794242859,0.597368597984314,0.598660409450531,0.602434515953064,0.6076713800430298,0.6143707036972046,0.6209726929664612,0.6220760941505432,0.6237315535545349
8472,-0.6091061234474182,51.92841339111328,17.633520126342773,70.73304748535156,0.609106183052063,0.6076713800430298,0.008706270717084408,0.5967351794242859,0.597368597984314,0.598660409450531,0.602434515953064,0.6076713800430298,0.6143707036972046,0.6209726929664612,0.6234093308448792,0.6244054436683655
8496,-0.6092262864112854,51.821197509765625,17.656599044799805,70.58044687906902,0.6092262864112854,0.6078263521194458,0.008708864450454712,0.5967351794242859,0.597368597984314,0.598660409450531,0.602434515953064,0.6078263521194458,0.61469566822052,0.6209726929664612,0.6234093308448792,0.6244054436683655
8520,-0.6095319986343384,51.706809997558594,17.67681121826172,70.42293039957683,0.6095319986343384,0.6083022356033325,0.00866776704788208,0.5967351794242859,0.5975923538208008,0.5988242626190186,0.6027750372886658,0.6083022356033325,0.615005373954773,0.6210927367210388,0.6234093308448792,0.6244054436683655
8544,-0.6096416115760803,51.593502044677734,17.719165802001953,70.25597635904948,0.6096415519714355,0.6083022356033325,0.008606820367276669,0.5970057249069214,0.5977158546447754,0.598979651927948,0.6027750372886658,0.6083022356033325,0.6151322722434998,0.6210927367210388,0.6234093308448792,0.6244054436683655
8568,-0.6096687316894531,51.49006271362305,17.739418029785156,70.11118825276692,0.6096687316894531,0.6083022356033325,0.008647925220429897,0.5970057249069214,0.5977158546447754,0.598979651927948,0.6027750372886658,0.6083022356033325,0.6151322722434998,0.6210927367210388,0.6234508156776428,0.6244054436683655
8592,-0.6097763776779175,51.3818473815918,17.752397537231445,69.96808369954427,0.6097763776779175,0.6084752082824707,0.008780164644122124,0.5970057249069214,0.5977185964584351,0.598979651927948,0.6027750372886658,0.6084752082824707,0.6151322722434998,0.6211720705032349,0.6235888600349426,0.6278038620948792
8616,-0.609954297542572,51.26908493041992,17.78573989868164,69.80894470214844,0.609954297542572,0.6084752082824707,0.008953051641583443,0.5970057249069214,0.5977185964584351,0.598979651927948,0.6027750372886658,0.6084752082824707,0.6155811548233032,0.6215279698371887,0.6240941286087036,0.6278038620948792
8640,-0.6101933121681213,51.15856170654297,17.815540313720703,69.65066528320312,0.6101933121681213,0.6090935468673706,0.00898264441639185,0.5970057249069214,0.5977185964584351,0.598979651927948,0.6027750372886658,0.6090935468673706,0.6158043146133423,0.6215279698371887,0.6240941286087036,0.6278038620948792
8664,-0.610350489616394,51.046234130859375,17.834789276123047,69.49074045817058,0.610350489616394,0.609331488609314,0.00901807937771082,0.5975915789604187,0.5984067916870117,0.5989946126937866,0.6032865047454834,0.609331488609314,0.6159121990203857,0.6220977902412415,0.6240941286087036,0.6278038620948792
8688,-0.6105325222015381,50.935264587402344,17.84981346130371,69.33383687337239,0.6105325222015381,0.609331488609314,0.009157001040875912,0.5975915789604187,0.5984067916870117,0.5989946126937866,0.6034756898880005,0.609331488609314,0.6159121990203857,0.6229723691940308,0.6243056654930115,0.6299921274185181
8712,-0.6108831167221069,50.80998992919922,17.87894630432129,69.161376953125,0.6108829975128174,0.6098254323005676,0.009500800631940365,0.5975915789604187,0.5984067916870117,0.5989946126937866,0.6034756898880005,0.6098254323005676,0.6161017417907715,0.623411238193512,0.6278026700019836,0.6320591568946838
8736,-0.6111617684364319,50.700740814208984,17.911487579345703,69.00550842285156,0.6111618280410767,0.6098254323005676,0.009828788228332996,0.5975915789604187,0.5986725687980652,0.5991240739822388,0.6034756898880005,0.6098254323005676,0.6166672110557556,0.623631477355957,0.6294353604316711,0.6347938179969788
8760,-0.6114652752876282,50.59244918823242,17.943016052246094,68.84364827473958,0.6114652752876282,0.6098254323005676,0.010355816222727299,0.5975915789604187,0.5986725687980652,0.5991240739822388,0.6034756898880005,0.6098254323005676,0.6170207262039185,0.624360978603363,0.6300536394119263,0.6351173520088196
8784,-0.6117240190505981,50.480613708496094,17.97259521484375,68.68312581380208,0.6117240190505981,0.6098254323005676,0.010413731448352337,0.5975915789604187,0.5986725687980652,0.5992199778556824,0.6035677790641785,0.6098254323005676,0.6170207262039185,0.6253719329833984,0.6307379007339478,0.6351173520088196
8808,-0.6122128963470459,50.3602409362793,17.99167251586914,68.51277160644531,0.6122128963470459,0.6116821765899658,0.010488360188901424,0.5975915789604187,0.5986725687980652,0.5992199778556824,0.6035677790641785,0.6116821765899658,0.6177140474319458,0.6255128979682922,0.6307379007339478,0.6351173520088196
8832,-0.6125360727310181,50.25004196166992,18.016801834106445,68.35585530598958,0.6125360131263733,0.6126224398612976,0.010446887463331223,0.5975915789604187,0.5986725687980652,0.5992199778556824,0.6037048101425171,0.6126224398612976,0.6179323196411133,0.6255128979682922,0.6307379007339478,0.6351173520088196
8856,-0.6125528812408447,50.127220153808594,18.040775299072266,68.18243662516277,0.6125528216362,0.6126224398612976,0.010453635826706886,0.5975915789604187,0.5986725687980652,0.5992199778556824,0.6037048101425171,0.6126224398612976,0.6179323196411133,0.6255128979682922,0.6307379007339478,0.6351173520088196
8880,-0.6125528812408447,50.01483154296875,18.062400817871094,68.02110290527344,0.6125528216362,0.6126224398612976,0.010453635826706886,0.5975915789604187,0.5986725687980652,0.5992199778556824,0.6037048101425171,0.6126224398612976,0.6179323196411133,0.6255128979682922,0.6307379007339478,0.6351173520088196
8904,-0.612797200679779,49.890037536621094,18.076236724853516,67.85188802083333,0.612797200679779,0.6131765246391296,0.010590015910565853,0.5975915789604187,0.5986725687980652,0.5992199778556824,0.6037048101425171,0.6131765246391296,0.6200469136238098,0.6256317496299744,0.6307379007339478,0.6351173520088196
8928,-0.6130205988883972,49.770042419433594,18.088153839111328,67.68860626220703,0.6130205392837524,0.6135846376419067,0.010452103801071644,0.5977460741996765,0.5987322330474854,0.5993191599845886,0.6041258573532104,0.6135846376419067,0.6200469136238098,0.6256317496299744,0.6307379007339478,0.6351173520088196
8952,-0.6131073832511902,49.64042282104492,18.117570877075195,67.50123596191406,0.6131073832511902,0.6135846376419067,0.01039192359894514,0.5977460741996765,0.5987322330474854,0.5993461012840271,0.6048164367675781,0.6135846376419067,0.6200469136238098,0.6256317496299744,0.6307379007339478,0.6351173520088196
8976,-0.6131690740585327,49.505836486816406,18.135536193847656,67.30966186523438,0.6131690740585327,0.6135846376419067,0.010430642403662205,0.5977460741996765,0.5987322330474854,0.5993461012840271,0.6048164367675781,0.6135846376419067,0.6207845211029053,0.6256317496299744,0.6307379007339478,0.6351173520088196
9000,-0.6132534146308899,49.382957458496094,18.177915573120117,67.12813822428386,0.6132534146308899,0.6135846376419067,0.010466964915394783,0.5977460741996765,0.5987322330474854,0.5995439887046814,0.6048164367675781,0.6135846376419067,0.6209876537322998,0.6256317496299744,0.6307379007339478,0.6351173520088196
9024,-0.6134219169616699,49.263648986816406,18.197446823120117,66.9538065592448,0.6134219169616699,0.6136236190795898,0.01050894521176815,0.5977460741996765,0.5987322330474854,0.5995439887046814,0.6048164367675781,0.6136236190795898,0.6211003661155701,0.6256317496299744,0.6307379007339478,0.6351173520088196
9048,-0.6137294769287109,49.134910583496094,18.243993759155273,66.7615458170573,0.6137295365333557,0.6136709451675415,0.010503149591386318,0.5977460741996765,0.5987322330474854,0.5995439887046814,0.6052345037460327,0.6136709451675415,0.6212139129638672,0.6257572770118713,0.6307379007339478,0.6351173520088196
9072,-0.6142258048057556,49.00590133666992,18.287687301635742,66.56260426839192,0.6142258048057556,0.6138101816177368,0.011194261722266674,0.5977460741996765,0.5988320112228394,0.599637508392334,0.605293869972229,0.6138101816177368,0.6212139129638672,0.6281524896621704,0.6337559223175049,0.6415004134178162
9096,-0.6144585013389587,48.876365661621094,18.312095642089844,66.37551879882812,0.6144585013389587,0.6140801906585693,0.011128273792564869,0.5977460741996765,0.5988320112228394,0.599637508392334,0.6060144901275635,0.6140801906585693,0.6214489936828613,0.6281524896621704,0.6337559223175049,0.6415004134178162
9120,-0.6144703030586243,48.74617004394531,18.337791442871094,66.18616485595703,0.6144703030586243,0.6140801906585693,0.011128864251077175,0.5977460741996765,0.5988320112228394,0.5998241901397705,0.6060144901275635,0.6140801906585693,0.6214489936828613,0.6281524896621704,0.6337559223175049,0.6415004134178162
9144,-0.6149024963378906,48.605369567871094,18.34116554260254,65.99586741129558,0.6149025559425354,0.6142646074295044,0.011522535234689713,0.5977460741996765,0.5988320112228394,0.5998241901397705,0.6060144901275635,0.6142646074295044,0.6218026280403137,0.6292498111724854,0.6347984671592712,0.6415322422981262
9168,-0.6151381731033325,48.46383285522461,18.359556198120117,65.79791005452473,0.6151381134986877,0.6144465804100037,0.011339602991938591,0.5984271764755249,0.5992095470428467,0.600191593170166,0.606987476348877,0.6144465804100037,0.6218026280403137,0.6292498111724854,0.6347984671592712,0.6415322422981262
9192,-0.6153935194015503,48.33758544921875,18.38595962524414,65.61616516113281,0.6153935194015503,0.6144465804100037,0.011398818343877792,0.5984271764755249,0.5992095470428467,0.600191593170166,0.6074513792991638,0.6144465804100037,0.6223568320274353,0.630399763584137,0.6347984671592712,0.6415322422981262
9216,-0.615531325340271,48.2091064453125,18.39175033569336,65.4373779296875,0.615531325340271,0.6144465804100037,0.011473026126623154,0.5985698103904724,0.5992095470428467,0.600191593170166,0.6074513792991638,0.6144465804100037,0.6223568320274353,0.6306971311569214,0.6347984671592712,0.6415322422981262
9240,-0.6158165335655212,48.06660461425781,18.412870407104492,65.23404439290364,0.6158165335655212,0.614823579788208,0.011389084160327911,0.5986825227737427,0.5992165207862854,0.6016733050346375,0.6075618267059326,0.614823579788208,0.6224465370178223,0.6306971311569214,0.6347984671592712,0.6415322422981262
9264,-0.6164173483848572,47.932884216308594,18.435327529907227,65.040283203125,0.6164173483848572,0.6152008771896362,0.012302257120609283,0.5986825227737427,0.5992165207862854,0.6017839312553406,0.6077039837837219,0.6152008771896362,0.6225341558456421,0.630980908870697,0.6352109313011169,0.646710991859436
9288,-0.6165264248847961,47.79398727416992,18.439558029174805,64.8455581665039,0.6165264248847961,0.6152008771896362,0.012334989383816719,0.5986825227737427,0.5992165207862854,0.6017839312553406,0.6077039837837219,0.6152008771896362,0.6229779720306396,0.630980908870697,0.6352109313011169,0.646710991859436
9312,-0.6165264248847961,47.63665008544922,18.460487365722656,64.61412556966145,0.6165264248847961,0.6152008771896362,0.012334989383816719,0.5986825227737427,0.5992165207862854,0.6017839312553406,0.6077039837837219,0.6152008771896362,0.6229779720306396,0.630980908870697,0.6352109313011169,0.646710991859436
9336,-0.6167534589767456,47.50109100341797,18.503742218017578,64.4000981648763,0.6167534589767456,0.6155622005462646,0.012155461125075817,0.5992181301116943,0.6001551151275635,0.6023070216178894,0.6080070734024048,0.6155622005462646,0.6229779720306396,0.630980908870697,0.6352109313011169,0.646710991859436
9360,-0.6172865033149719,47.37498092651367,18.547544479370117,64.20082982381184,0.6172865033149719,0.6158557534217834,0.012195613235235214,0.5993271470069885,0.6001800298690796,0.6023070216178894,0.6082327961921692,0.6158557534217834,0.6234886646270752,0.6315001249313354,0.6352109313011169,0.646710991859436
9384,-0.6177977323532104,47.246337890625,18.581378936767578,63.99621327718099,0.6177977323532104,0.6172264218330383,0.012290499173104763,0.5993271470069885,0.6001800298690796,0.6023697853088379,0.6085547208786011,0.6172264218330383,0.6236886978149414,0.6315001249313354,0.6352109313011169,0.6512178778648376
9408,-0.6179733276367188,47.0992546081543,18.610610961914062,63.7843271891276,0.617973268032074,0.6172264218330383,0.012350456789135933,0.5993271470069885,0.6001800298690796,0.6030311584472656,0.6085547208786011,0.6172264218330383,0.62398362159729,0.632081925868988,0.6352109313011169,0.6512178778648376
9432,-0.6182010769844055,46.9664421081543,18.637290954589844,63.58399327596029,0.6182010173797607,0.6172946691513062,0.012516852468252182,0.5993271470069885,0.6001800298690796,0.6030311584472656,0.6085547208786011,0.6172946691513062,0.6242724061012268,0.6328796148300171,0.6387146711349487,0.6512178778648376
9456,-0.6185625195503235,46.8057975769043,18.635208129882812,63.3670768737793,0.6185625195503235,0.6173478364944458,0.012519181706011295,0.5993271470069885,0.6017376780509949,0.6040731072425842,0.6086327433586121,0.6173478364944458,0.6243392825126648,0.6328796148300171,0.6403080821037292,0.6512178778648376
9480,-0.6189175844192505,46.66802978515625,18.654090881347656,63.156514485677086,0.6189176440238953,0.6173511147499084,0.012884707190096378,0.5993271470069885,0.6017376780509949,0.6040731072425842,0.6086327433586121,0.6173511147499084,0.6246334910392761,0.6337148547172546,0.6415456533432007,0.6512178778648376
9504,-0.6191183924674988,46.52350616455078,18.666179656982422,62.94824345906576,0.6191184520721436,0.6173511147499084,0.013143210671842098,0.5993271470069885,0.6017376780509949,0.6040731072425842,0.6087297797203064,0.6173511147499084,0.6256885528564453,0.6337148547172546,0.6415456533432007,0.6513563990592957
9528,-0.6193224787712097,46.37482833862305,18.675281524658203,62.73437245686849,0.6193224787712097,0.6174070835113525,0.013211588375270367,0.5993271470069885,0.6017376780509949,0.6040731072425842,0.6087297797203064,0.6174070835113525,0.6266792416572571,0.6339465379714966,0.6415456533432007,0.6513563990592957
9552,-0.6195640563964844,46.225730895996094,18.71350860595703,62.500237782796226,0.6195641160011292,0.6174070835113525,0.012967031449079514,0.5998356938362122,0.6023241281509399,0.6046996116638184,0.6096725463867188,0.6174070835113525,0.6266792416572571,0.6339465379714966,0.6415456533432007,0.6513563990592957
9576,-0.6200506687164307,46.0764274597168,18.74515724182129,62.27780278523763,0.6200506687164307,0.6176583766937256,0.013268284499645233,0.5998356938362122,0.6023241281509399,0.6046996116638184,0.6109952926635742,0.6176583766937256,0.6286828517913818,0.6374253630638123,0.6415456533432007,0.6513563990592957
9600,-0.6209768056869507,45.912803649902344,18.754392623901367,62.04682413736979,0.6209768056869507,0.6189472675323486,0.013590892776846886,0.5998356938362122,0.6023241281509399,0.6053561568260193,0.6115508079528809,0.6189472675323486,0.6287976503372192,0.6401892900466919,0.6466576457023621,0.6582440137863159
9624,-0.6213725209236145,45.78582763671875,18.787837982177734,61.83759307861328,0.6213724613189697,0.6200655698776245,0.013616410084068775,0.5998356938362122,0.602371335029602,0.6056299805641174,0.6120250225067139,0.6200655698776245,0.6289706826210022,0.6401892900466919,0.6466576457023621,0.6582440137863159
9648,-0.621525764465332,45.63146209716797,18.798786163330078,61.62116368611654,0.6215258240699768,0.6200655698776245,0.013500701636075974,0.5998356938362122,0.6040903925895691,0.6069551110267639,0.6120250225067139,0.6200655698776245,0.6289706826210022,0.6401892900466919,0.6466576457023621,0.6582440137863159
9672,-0.6223993301391602,45.491851806640625,18.803279876708984,61.41158803304037,0.6223993301391602,0.6210209727287292,0.013928176835179329,0.6017875075340271,0.6042484045028687,0.6074776649475098,0.612318754196167,0.6210209727287292,0.6294960379600525,0.6406769752502441,0.649371862411499,0.6582440137863159
9696,-0.6225148439407349,45.315181732177734,18.81376075744629,61.16692352294922,0.6225149035453796,0.6210209727287292,0.013858120888471603,0.6017875075340271,0.6042484045028687,0.6074776649475098,0.6124209761619568,0.6210209727287292,0.6294960379600525,0.6406769752502441,0.649371862411499,0.6582440137863159
9720,-0.6230039596557617,45.14642333984375,18.813644409179688,60.93253835042318,0.6230040192604065,0.6211130619049072,0.01422154251486063,0.6018252372741699,0.6042484045028687,0.6074776649475098,0.6124209761619568,0.6211130619049072,0.629935085773468,0.6406769752502441,0.649371862411499,0.658275842666626
9744,-0.623160183429718,44.996150970458984,18.82846450805664,60.71179326375326,0.623160183429718,0.6212158799171448,0.01415865495800972,0.6018252372741699,0.6042484045028687,0.6074776649475098,0.6128638386726379,0.6212158799171448,0.629935085773468,0.6406769752502441,0.649371862411499,0.658275842666626
9768,-0.6239864826202393,44.83000183105469,18.838481903076172,60.465195973714195,0.6239864230155945,0.6212158799171448,0.014963144436478615,0.6018252372741699,0.6047208905220032,0.6080942153930664,0.6135878562927246,0.6212158799171448,0.6309602856636047,0.6416798233985901,0.649371862411499,0.668893039226532
9792,-0.6244031190872192,44.674598693847656,18.863285064697266,60.22704950968424,0.624403178691864,0.6212970018386841,0.01513788104057312,0.6018252372741699,0.6053614020347595,0.6080942153930664,0.614087700843811,0.6212970018386841,0.631871223449707,0.6453574895858765,0.649371862411499,0.668893039226532
9816,-0.6249265670776367,44.494171142578125,18.86465835571289,59.97297922770182,0.6249266266822815,0.6213719248771667,0.01568475551903248,0.6023501753807068,0.6053614020347595,0.6080942153930664,0.614087700843811,0.6213719248771667,0.631871223449707,0.6484982371330261,0.65131014585495,0.668893039226532
9840,-0.6250414252281189,44.3370475769043,18.874897003173828,59.74332809448242,0.6250414252281189,0.6213719248771667,0.015608174726366997,0.6023501753807068,0.6054009795188904,0.6083259582519531,0.6144692897796631,0.6213719248771667,0.631871223449707,0.6484982371330261,0.65131014585495,0.668893039226532
9864,-0.6251407265663147,44.19316101074219,18.90984535217285,59.5116221110026,0.6251407265663147,0.6213719248771667,0.015636710450053215,0.6023501753807068,0.6054009795188904,0.6083259582519531,0.6144692897796631,0.6213719248771667,0.6321543455123901,0.6484982371330261,0.65131014585495,0.668893039226532
9888,-0.625312089920044,44.00377655029297,18.909772872924805,59.243569691975914,0.625312089920044,0.621457576751709,0.01564464345574379,0.6023501753807068,0.6054009795188904,0.6083259582519531,0.6144692897796631,0.621457576751709,0.6324836015701294,0.6484982371330261,0.65131014585495,0.668893039226532
9912,-0.6257722973823547,43.82355880737305,18.914989471435547,58.98163096110026,0.6257722973823547,0.6216632127761841,0.015807459130883217,0.6023501753807068,0.6054009795188904,0.6083259582519531,0.6151576042175293,0.6216632127761841,0.6333588361740112,0.6484982371330261,0.65131014585495,0.668893039226532
9936,-0.6267646551132202,43.6318359375,18.908790588378906,58.70964050292969,0.6267645955085754,0.6226722002029419,0.016045739874243736,0.6036549806594849,0.6054009795188904,0.6085633039474487,0.6154817342758179,0.6226722002029419,0.6365397572517395,0.6489160656929016,0.651833713054657,0.668893039226532
9960,-0.6270320415496826,43.456016540527344,18.903987884521484,58.45934931437174,0.6270320415496826,0.6226722002029419,0.016149835661053658,0.6036549806594849,0.6054009795188904,0.6085633039474487,0.6154817342758179,0.6226722002029419,0.637592077255249,0.6489160656929016,0.651833713054657,0.668893039226532
9984,-0.6276631951332092,43.27394104003906,18.92726707458496,58.171834309895836,0.627663254737854,0.6244123578071594,0.01598174497485161,0.6036549806594849,0.6054009795188904,0.6087402105331421,0.6163164377212524,0.6244123578071594,0.6392340064048767,0.6489160656929016,0.651833713054657,0.668893039226532
