ConfigName: kjsd__advperagentrankweighted__M3__L16__eps0p005__g0p0005__ds0p2__dm0p05
Problem: QUBO
Kernel: jsd
Advantage: peragentrankweighted
M: 3
lambda: 16
epsilon_svgd: 0.005
gamma: 0.0005
decay_start_ratio: 0.2
decay_min_factor: 0.05
bandwith_kernel: None
no_interact: False
avg_score: -2595.239990234375
median_score: -2593.5
std_score: 113.29228210449219
percentiles: 2%=-2802.919921875, 5%=-2783.10009765625, 10%=-2741.60009765625, 25%=-2678.0, 50%=-2593.5, 75%=-2522.75, 90%=-2477.0, 95%=-2397.800048828125, 98%=-2361.760009765625
ranking_best_algo: SVM1MetaModelLogNormal
ranking_best_score: 2605.14
ranking_my_rank: 10/504 (98.2%)
ranking_my_percent: 98.21428571428571
