ConfigName: kjsd__advperagentrankweighted__M3__L24__eps0p005__g0p0005__ds0p1__dm0p2
Problem: QUBO
Kernel: jsd
Advantage: peragentrankweighted
M: 3
lambda: 24
epsilon_svgd: 0.005
gamma: 0.0005
decay_start_ratio: 0.1
decay_min_factor: 0.2
bandwith_kernel: None
no_interact: False
avg_score: -410.6199951171875
median_score: -411.5
std_score: 25.648693084716797
percentiles: 2%=-469.1199951171875, 5%=-457.0, 10%=-445.1000061035156, 25%=-426.25, 50%=-411.5, 75%=-391.0, 90%=-379.79998779296875, 95%=-373.8999938964844, 98%=-368.82000732421875
ranking_best_algo: Tabu
ranking_best_score: 438.12
ranking_my_rank: 86/504 (83.1%)
ranking_my_percent: 83.13492063492063
