ConfigName: kjsd__advperagentrankweighted__M3__L30__eps0p007__g0p001__ds0p1__dm0p1
Problem: QUBO
Kernel: jsd
Advantage: peragentrankweighted
M: 3
lambda: 30
epsilon_svgd: 0.007
gamma: 0.001
decay_start_ratio: 0.1
decay_min_factor: 0.1
bandwith_kernel: None
no_interact: False
avg_score: -3238.0
median_score: -3239.0
std_score: 110.82292175292969
percentiles: 2%=-3443.0, 5%=-3407.300048828125, 10%=-3376.39990234375, 25%=-3315.0, 50%=-3239.0, 75%=-3166.75, 90%=-3103.60009765625, 95%=-3047.300048828125, 98%=-3011.0
ranking_best_algo: RLSOnePlusOne
ranking_best_score: 3316.5199999999995
ranking_my_rank: 42/504 (91.9%)
ranking_my_percent: 91.86507936507937
