ConfigName: kjsd__advperagentrankweighted__M3__L18__eps0p01__g0p003__ds0p05__dm0p05
Problem: QUBO
Kernel: jsd
Advantage: peragentrankweighted
M: 3
lambda: 18
epsilon_svgd: 0.01
gamma: 0.003
decay_start_ratio: 0.05
decay_min_factor: 0.05
bandwith_kernel: None
no_interact: False
avg_score: -2537.659912109375
median_score: -2543.0
std_score: 136.72645568847656
percentiles: 2%=-2796.179931640625, 5%=-2752.449951171875, 10%=-2709.5, 25%=-2630.5, 50%=-2543.0, 75%=-2449.75, 90%=-2355.699951171875, 95%=-2313.949951171875, 98%=-2256.0
ranking_best_algo: SVM1MetaModelLogNormal
ranking_best_score: 2605.14
ranking_my_rank: 44/504 (91.5%)
ranking_my_percent: 91.46825396825396
