ConfigName: krbf__advnormalizedfitness__M3__L10__eps0p015__g0p005__ds0p01__dm0p3
Problem: NK
Kernel: rbf
Advantage: normalizedfitness
M: 3
lambda: 10
epsilon_svgd: 0.015
gamma: 0.005
decay_start_ratio: 0.01
decay_min_factor: 0.3
bandwith_kernel: None
no_interact: False
avg_score: 0.7554203271865845
median_score: 0.7542574405670166
std_score: 0.013656099326908588
percentiles: 2%=0.7317018508911133, 5%=0.7345906496047974, 10%=0.7373958826065063, 25%=0.7458070516586304, 50%=0.7542574405670166, 75%=0.7645480036735535, 90%=0.7747272253036499, 95%=0.7776318192481995, 98%=0.7810587286949158
ranking_best_algo: Tabu
ranking_best_score: 0.7470791764843752
ranking_my_rank: 1/504 (100.0%)
ranking_my_percent: 100.0
