ConfigName: krbf__advnormalizedfitness__M4__L8__eps0p015__g0p007__ds0p3__dm0p01
Problem: QUBO
Kernel: rbf
Advantage: normalizedfitness
M: 4
lambda: 8
epsilon_svgd: 0.015
gamma: 0.007
decay_start_ratio: 0.3
decay_min_factor: 0.01
bandwith_kernel: None
no_interact: False
avg_score: -332.4599914550781
median_score: -334.0
std_score: 18.187589645385742
percentiles: 2%=-370.0, 5%=-361.0, 10%=-354.0, 25%=-344.25, 50%=-334.0, 75%=-317.5, 90%=-308.0, 95%=-304.7500305175781, 98%=-295.8799743652344
ranking_best_algo: CMApara
ranking_best_score: 344.22
ranking_my_rank: 72/504 (85.9%)
ranking_my_percent: 85.91269841269842
