ConfigName: kjsd__advperagentrankweighted__M3__L30__eps0p007__g0p001__ds0p1__dm0p05
Problem: QUBO
Kernel: jsd
Advantage: peragentrankweighted
M: 3
lambda: 30
epsilon_svgd: 0.007
gamma: 0.001
decay_start_ratio: 0.1
decay_min_factor: 0.05
bandwith_kernel: None
no_interact: False
avg_score: -1235.8199462890625
median_score: -1225.5
std_score: 68.46654510498047
percentiles: 2%=-1384.0799560546875, 5%=-1344.25, 10%=-1336.300048828125, 25%=-1278.75, 50%=-1225.5, 75%=-1189.0, 90%=-1149.0, 95%=-1140.800048828125, 98%=-1124.8399658203125
ranking_best_algo: SVMMetaModelLogNormal
ranking_best_score: 1233.7999999999997
ranking_my_rank: 1/504 (100.0%)
ranking_my_percent: 100.0
