ConfigName: kjsd__advperagentrankweighted__M10__L10__eps0p008__g0p0005__ds0p3__dm0p05
Problem: QUBO
Kernel: jsd
Advantage: peragentrankweighted
M: 10
lambda: 10
epsilon_svgd: 0.008
gamma: 0.0005
decay_start_ratio: 0.3
decay_min_factor: 0.05
bandwith_kernel: None
no_interact: False
avg_score: -1127.3800048828125
median_score: -1116.0
std_score: 77.45653533935547
percentiles: 2%=-1324.0999755859375, 5%=-1286.5, 10%=-1224.5, 25%=-1168.5, 50%=-1116.0, 75%=-1065.75, 90%=-1047.0, 95%=-1038.9000244140625, 98%=-1020.7999877929688
ranking_best_algo: SVMMetaModelLogNormal
ranking_best_score: 1233.7999999999997
ranking_my_rank: 100/504 (80.4%)
ranking_my_percent: 80.35714285714286
