ConfigName: krbf__advnormalizedfitness__M4__L15__eps0p033__g0p015__ds0p3__dm0p3
Problem: QUBO
Kernel: rbf
Advantage: normalizedfitness
M: 4
lambda: 15
epsilon_svgd: 0.033
gamma: 0.015
decay_start_ratio: 0.3
decay_min_factor: 0.3
bandwith_kernel: None
no_interact: False
avg_score: -346.6199951171875
median_score: -346.0
std_score: 37.93910598754883
percentiles: 2%=-421.0199890136719, 5%=-413.04998779296875, 10%=-399.1000061035156, 25%=-372.25, 50%=-346.0, 75%=-320.0, 90%=-298.0, 95%=-289.8000183105469, 98%=-273.91998291015625
ranking_best_algo: Tabu
ranking_best_score: 438.12
ranking_my_rank: 322/504 (36.3%)
ranking_my_percent: 36.30952380952381
