ConfigName: kfr__advglobalrankweighted__M4__L12__eps0p02__g0p003__ds0p01__dm0p01
Problem: QUBO
Kernel: fr
Advantage: globalrankweighted
M: 4
lambda: 12
epsilon_svgd: 0.02
gamma: 0.003
decay_start_ratio: 0.01
decay_min_factor: 0.01
bandwith_kernel: None
no_interact: False
avg_score: -414.6199951171875
median_score: -414.0
std_score: 25.629192352294922
percentiles: 2%=-473.0, 5%=-461.3999938964844, 10%=-447.0, 25%=-429.25, 50%=-414.0, 75%=-394.0, 90%=-385.79998779296875, 95%=-379.70001220703125, 98%=-365.9599914550781
ranking_best_algo: Tabu
ranking_best_score: 438.12
ranking_my_rank: 52/504 (89.9%)
ranking_my_percent: 89.88095238095238
