ConfigName: kjsd__advperagentrankweighted__M4__L8__eps0p005__g0p0005__ds0p05__dm0p05
Problem: QUBO
Kernel: jsd
Advantage: peragentrankweighted
M: 4
lambda: 8
epsilon_svgd: 0.005
gamma: 0.0005
decay_start_ratio: 0.05
decay_min_factor: 0.05
bandwith_kernel: None
no_interact: False
avg_score: -1246.699951171875
median_score: -1241.0
std_score: 65.80524444580078
percentiles: 2%=-1381.6600341796875, 5%=-1367.050048828125, 10%=-1325.199951171875, 25%=-1287.5, 50%=-1241.0, 75%=-1200.5, 90%=-1166.800048828125, 95%=-1136.800048828125, 98%=-1122.97998046875
ranking_best_algo: SVMMetaModelLogNormal
ranking_best_score: 1233.7999999999997
ranking_my_rank: 1/504 (100.0%)
ranking_my_percent: 100.0
