ConfigName: kjsd__advperagentrankweighted__M4__L30__eps0p01__g0p0003__ds0p4__dm0p05
Problem: QUBO
Kernel: jsd
Advantage: peragentrankweighted
M: 4
lambda: 30
epsilon_svgd: 0.01
gamma: 0.0003
decay_start_ratio: 0.4
decay_min_factor: 0.05
bandwith_kernel: None
no_interact: False
avg_score: -439.29998779296875
median_score: -439.0
std_score: 26.245569229125977
percentiles: 2%=-492.0, 5%=-479.20001220703125, 10%=-472.0, 25%=-461.0, 50%=-439.0, 75%=-419.75, 90%=-404.8999938964844, 95%=-402.8500061035156, 98%=-398.6000061035156
ranking_best_algo: CMApara
ranking_best_score: 453.82
ranking_my_rank: 19/504 (96.4%)
ranking_my_percent: 96.42857142857143
