ConfigName: kjsd__advperagentrankweighted__M4__L8__eps0p02__g0p0007__ds0p05__dm0p05
Problem: NK
Kernel: jsd
Advantage: peragentrankweighted
M: 4
lambda: 8
epsilon_svgd: 0.02
gamma: 0.0007
decay_start_ratio: 0.05
decay_min_factor: 0.05
bandwith_kernel: None
no_interact: False
avg_score: 0.7301486730575562
median_score: 0.7297974824905396
std_score: 0.015655385330319405
percentiles: 2%=0.7033114433288574, 5%=0.7065267562866211, 10%=0.7093777656555176, 25%=0.7183153033256531, 50%=0.7297974824905396, 75%=0.7387669086456299, 90%=0.7505061030387878, 95%=0.7592374682426453, 98%=0.7619547843933105
ranking_best_algo: Tabu
ranking_best_score: 0.7601875690625
ranking_my_rank: 50/504 (90.3%)
ranking_my_percent: 90.27777777777777
