ConfigName: kjsd__advperagentrankweighted__M8__L8__eps0p005__g0p0005__ds0p05__dm0p2
Problem: QUBO
Kernel: jsd
Advantage: peragentrankweighted
M: 8
lambda: 8
epsilon_svgd: 0.005
gamma: 0.0005
decay_start_ratio: 0.05
decay_min_factor: 0.2
bandwith_kernel: None
no_interact: False
avg_score: -445.1199951171875
median_score: -446.5
std_score: 25.1949520111084
percentiles: 2%=-490.0400085449219, 5%=-481.29998779296875, 10%=-475.20001220703125, 25%=-468.0, 50%=-446.5, 75%=-425.0, 90%=-412.79998779296875, 95%=-400.8999938964844, 98%=-397.94000244140625
ranking_best_algo: CMApara
ranking_best_score: 453.82
ranking_my_rank: 6/504 (99.0%)
ranking_my_percent: 99.0079365079365
