ConfigName: kjsd__advperagentrankweighted__M3__L18__eps0p005__g0p001__ds0p05__dm0p2
Problem: QUBO
Kernel: jsd
Advantage: peragentrankweighted
M: 3
lambda: 18
epsilon_svgd: 0.005
gamma: 0.001
decay_start_ratio: 0.05
decay_min_factor: 0.2
bandwith_kernel: None
no_interact: False
avg_score: -439.8800048828125
median_score: -442.0
std_score: 26.22261619567871
percentiles: 2%=-490.1199951171875, 5%=-475.20001220703125, 10%=-472.0, 25%=-460.25, 50%=-442.0, 75%=-421.75, 90%=-403.79998779296875, 95%=-393.0, 98%=-387.0
ranking_best_algo: CMApara
ranking_best_score: 453.82
ranking_my_rank: 16/504 (97.0%)
ranking_my_percent: 97.02380952380952
