ConfigName: krbf__advnormalizedfitness__M1__L10__eps0p015__g0p005__ds0p15__dm0p3
Problem: QUBO
Kernel: rbf
Advantage: normalizedfitness
M: 1
lambda: 10
epsilon_svgd: 0.015
gamma: 0.005
decay_start_ratio: 0.15
decay_min_factor: 0.3
bandwith_kernel: None
no_interact: False
avg_score: -901.760009765625
median_score: -908.5
std_score: 62.45096206665039
percentiles: 2%=-1015.9400024414062, 5%=-1005.0, 10%=-980.0, 25%=-945.5, 50%=-908.5, 75%=-858.75, 90%=-826.2000122070312, 95%=-806.800048828125, 98%=-784.9599609375
ranking_best_algo: CMApara
ranking_best_score: 964.9
ranking_my_rank: 110/504 (78.4%)
ranking_my_percent: 78.37301587301587
