ConfigName: krbf__advnormalizedfitness__M3__L8__eps0p033__g0p015__ds0p15__dm0p3
Problem: NK
Kernel: rbf
Advantage: normalizedfitness
M: 3
lambda: 8
epsilon_svgd: 0.033
gamma: 0.015
decay_start_ratio: 0.15
decay_min_factor: 0.3
bandwith_kernel: None
no_interact: False
avg_score: 0.6123077273368835
median_score: 0.6104220151901245
std_score: 0.01571158692240715
percentiles: 2%=0.5876041650772095, 5%=0.5915346145629883, 10%=0.5928097367286682, 25%=0.6011837124824524, 50%=0.6104220151901245, 75%=0.6207331418991089, 90%=0.6320405602455139, 95%=0.640565037727356, 98%=0.6539127826690674
ranking_best_algo: PBIL
ranking_best_score: 0.7170882103515624
ranking_my_rank: 334/504 (33.9%)
ranking_my_percent: 33.92857142857143
