ConfigName: kjsd__advperagentrankweighted__M3__L16__eps0p007__g0p003__ds0p2__dm0p2
Problem: NK
Kernel: jsd
Advantage: peragentrankweighted
M: 3
lambda: 16
epsilon_svgd: 0.007
gamma: 0.003
decay_start_ratio: 0.2
decay_min_factor: 0.2
bandwith_kernel: None
no_interact: False
avg_score: 0.6147962808609009
median_score: 0.61202073097229
std_score: 0.012934334576129913
percentiles: 2%=0.5975856781005859, 5%=0.5982568860054016, 10%=0.601238489151001, 25%=0.6056442260742188, 50%=0.61202073097229, 75%=0.6209622621536255, 90%=0.6305322051048279, 95%=0.6419584155082703, 98%=0.6481638550758362
ranking_best_algo: PBIL
ranking_best_score: 0.7170882103515624
ranking_my_rank: 316/504 (37.5%)
ranking_my_percent: 37.5
