ConfigName: krbf__advnormalizedfitness__M2__L8__eps0p025__g0p007__ds0p15__dm0p01
Problem: QUBO
Kernel: rbf
Advantage: normalizedfitness
M: 2
lambda: 8
epsilon_svgd: 0.025
gamma: 0.007
decay_start_ratio: 0.15
decay_min_factor: 0.01
bandwith_kernel: None
no_interact: False
avg_score: -1237.739990234375
median_score: -1244.0
std_score: 59.2806282043457
percentiles: 2%=-1344.0799560546875, 5%=-1339.0, 10%=-1312.0, 25%=-1276.25, 50%=-1244.0, 75%=-1196.0, 90%=-1154.800048828125, 95%=-1143.8499755859375, 98%=-1126.8800048828125
ranking_best_algo: SVMMetaModelLogNormal
ranking_best_score: 1233.7999999999997
ranking_my_rank: 1/504 (100.0%)
ranking_my_percent: 100.0
