ConfigName: krbf__advnormalizedfitness__M2__L8__eps0p015__g0p015__ds0p01__dm0p3
Problem: NK
Kernel: rbf
Advantage: normalizedfitness
M: 2
lambda: 8
epsilon_svgd: 0.015
gamma: 0.015
decay_start_ratio: 0.01
decay_min_factor: 0.3
bandwith_kernel: None
no_interact: False
avg_score: 0.7106625437736511
median_score: 0.7114303112030029
std_score: 0.01529383659362793
percentiles: 2%=0.6719345450401306, 5%=0.6739585995674133, 10%=0.6973084807395935, 25%=0.7078716158866882, 50%=0.7114303112030029, 75%=0.7196811437606812, 90%=0.7255459427833557, 95%=0.7327643036842346, 98%=0.7332822680473328
ranking_best_algo: CMApara
ranking_best_score: 0.707475975
ranking_my_rank: 1/504 (100.0%)
ranking_my_percent: 100.0
