ConfigName: krbf__advnormalizedfitness__M4__L12__eps0p015__g0p015__ds0p01__dm0p01
Problem: QUBO
Kernel: rbf
Advantage: normalizedfitness
M: 4
lambda: 12
epsilon_svgd: 0.015
gamma: 0.015
decay_start_ratio: 0.01
decay_min_factor: 0.01
bandwith_kernel: None
no_interact: False
avg_score: -359.94000244140625
median_score: -360.0
std_score: 35.98161315917969
percentiles: 2%=-437.0799865722656, 5%=-425.1000061035156, 10%=-404.0, 25%=-383.5, 50%=-360.0, 75%=-336.75, 90%=-315.8999938964844, 95%=-301.95001220703125, 98%=-290.97998046875
ranking_best_algo: CMAL3
ranking_best_score: 435.36
ranking_my_rank: 322/504 (36.3%)
ranking_my_percent: 36.30952380952381
