ConfigName: krbf__advnormalizedfitness__M4__L10__eps0p015__g0p005__ds0p3__dm0p3
Problem: NK
Kernel: rbf
Advantage: normalizedfitness
M: 4
lambda: 10
epsilon_svgd: 0.015
gamma: 0.005
decay_start_ratio: 0.3
decay_min_factor: 0.3
bandwith_kernel: None
no_interact: False
avg_score: 0.6814821362495422
median_score: 0.6786679625511169
std_score: 0.023399999365210533
percentiles: 2%=0.6470767259597778, 5%=0.6483547687530518, 10%=0.6515539884567261, 25%=0.6649945378303528, 50%=0.6786679625511169, 75%=0.6962848901748657, 90%=0.71881103515625, 95%=0.7260648608207703, 98%=0.7327908277511597
ranking_best_algo: Tabu
ranking_best_score: 0.7601875690625
ranking_my_rank: 322/504 (36.3%)
ranking_my_percent: 36.30952380952381
