ConfigName: krbf__advnormalizedfitness__M3__L10__eps0p033__g0p005__ds0p3__dm0p3
Problem: QUBO
Kernel: rbf
Advantage: normalizedfitness
M: 3
lambda: 10
epsilon_svgd: 0.033
gamma: 0.005
decay_start_ratio: 0.3
decay_min_factor: 0.3
bandwith_kernel: None
no_interact: False
avg_score: -573.7999877929688
median_score: -568.0
std_score: 29.675579071044922
percentiles: 2%=-633.0800170898438, 5%=-631.0999755859375, 10%=-615.2000122070312, 25%=-595.25, 50%=-568.0, 75%=-552.0, 90%=-538.9000244140625, 95%=-532.9000244140625, 98%=-521.8399658203125
ranking_best_algo: Tabu
ranking_best_score: 588.7199999999999
ranking_my_rank: 61/503 (88.1%)
ranking_my_percent: 88.07157057654075
