ConfigName: kjsd__advperagentrankweighted__M6__L8__eps0p03__g0p0003__ds0p05__dm0p05
Problem: QUBO
Kernel: jsd
Advantage: peragentrankweighted
M: 6
lambda: 8
epsilon_svgd: 0.03
gamma: 0.0003
decay_start_ratio: 0.05
decay_min_factor: 0.05
bandwith_kernel: None
no_interact: False
avg_score: -2530.159912109375
median_score: -2518.5
std_score: 128.5370635986328
percentiles: 2%=-2765.06005859375, 5%=-2727.14990234375, 10%=-2700.5, 25%=-2614.5, 50%=-2518.5, 75%=-2435.75, 90%=-2351.699951171875, 95%=-2339.39990234375, 98%=-2319.93994140625
ranking_best_algo: DiscreteLengler2OnePlusOne
ranking_best_score: 2617.04
ranking_my_rank: 60/504 (88.3%)
ranking_my_percent: 88.2936507936508
