ConfigName: kfr__advglobalrankweighted__M6__L10__eps0p02__g0p007__ds0p01__dm0p01
Problem: QUBO
Kernel: fr
Advantage: globalrankweighted
M: 6
lambda: 10
epsilon_svgd: 0.02
gamma: 0.007
decay_start_ratio: 0.01
decay_min_factor: 0.01
bandwith_kernel: None
no_interact: False
avg_score: -909.0399780273438
median_score: -904.5
std_score: 74.99292755126953
percentiles: 2%=-1061.0, 5%=-1042.5, 10%=-1004.7999877929688, 25%=-960.0, 50%=-904.5, 75%=-856.0, 90%=-815.800048828125, 95%=-790.5000610351562, 98%=-766.9599609375
ranking_best_algo: CMApara
ranking_best_score: 964.9
ranking_my_rank: 93/504 (81.7%)
ranking_my_percent: 81.74603174603175
