ConfigName: kfr__advglobalrankweighted__M4__L10__eps0p015__g0p003__ds0p01__dm0p01
Problem: QUBO
Kernel: fr
Advantage: globalrankweighted
M: 4
lambda: 10
epsilon_svgd: 0.015
gamma: 0.003
decay_start_ratio: 0.01
decay_min_factor: 0.01
bandwith_kernel: None
no_interact: False
avg_score: -442.7799987792969
median_score: -441.0
std_score: 25.4415340423584
percentiles: 2%=-489.0, 5%=-479.1000061035156, 10%=-473.20001220703125, 25%=-462.25, 50%=-441.0, 75%=-427.0, 90%=-408.5, 95%=-397.79998779296875, 98%=-391.9200134277344
ranking_best_algo: CMApara
ranking_best_score: 453.82
ranking_my_rank: 9/504 (98.4%)
ranking_my_percent: 98.41269841269842
