ConfigName: krbf__advnormalizedfitness__M3__L12__eps0p025__g0p01__ds0p3__dm0p01
Problem: NK
Kernel: rbf
Advantage: normalizedfitness
M: 3
lambda: 12
epsilon_svgd: 0.025
gamma: 0.01
decay_start_ratio: 0.3
decay_min_factor: 0.01
bandwith_kernel: None
no_interact: False
avg_score: 0.7448253631591797
median_score: 0.7408133745193481
std_score: 0.028603067621588707
percentiles: 2%=0.7000508904457092, 5%=0.7081557512283325, 10%=0.7110934853553772, 25%=0.7226963043212891, 50%=0.7408133745193481, 75%=0.7585474252700806, 90%=0.7761135697364807, 95%=0.8105170130729675, 98%=0.8118547797203064
ranking_best_algo: CMApara
ranking_best_score: 0.7459277895312499
ranking_my_rank: 2/504 (99.8%)
ranking_my_percent: 99.8015873015873
