ConfigName: kfr__advglobalrankweighted__M4__L5__eps0p05__g0p005__ds0p01__dm0p01
Problem: QUBO
Kernel: fr
Advantage: globalrankweighted
M: 4
lambda: 5
epsilon_svgd: 0.05
gamma: 0.005
decay_start_ratio: 0.01
decay_min_factor: 0.01
bandwith_kernel: None
no_interact: False
avg_score: -1178.260009765625
median_score: -1171.5
std_score: 62.223087310791016
percentiles: 2%=-1322.6199951171875, 5%=-1288.0999755859375, 10%=-1257.4000244140625, 25%=-1210.0, 50%=-1171.5, 75%=-1134.0, 90%=-1111.7000732421875, 95%=-1092.7000732421875, 98%=-1077.8599853515625
ranking_best_algo: Tabu
ranking_best_score: 1216.16
ranking_my_rank: 74/504 (85.5%)
ranking_my_percent: 85.51587301587301
