ConfigName: kfr__advglobalrankweighted__M3__L8__eps0p015__g0p005__ds0p01__dm0p01
Problem: QUBO
Kernel: fr
Advantage: globalrankweighted
M: 3
lambda: 8
epsilon_svgd: 0.015
gamma: 0.005
decay_start_ratio: 0.01
decay_min_factor: 0.01
bandwith_kernel: None
no_interact: False
avg_score: -2554.580078125
median_score: -2536.0
std_score: 126.58271026611328
percentiles: 2%=-2832.6201171875, 5%=-2724.5, 10%=-2715.39990234375, 25%=-2640.0, 50%=-2536.0, 75%=-2457.25, 90%=-2413.89990234375, 95%=-2364.85009765625, 98%=-2327.639892578125
ranking_best_algo: SVM1MetaModelLogNormal
ranking_best_score: 2605.14
ranking_my_rank: 41/504 (92.1%)
ranking_my_percent: 92.06349206349206
