ConfigName: kjsd__advperagentrankweighted__M3__L18__eps0p007__g0p003__ds0p05__dm0p2
Problem: QUBO
Kernel: jsd
Advantage: peragentrankweighted
M: 3
lambda: 18
epsilon_svgd: 0.007
gamma: 0.003
decay_start_ratio: 0.05
decay_min_factor: 0.2
bandwith_kernel: None
no_interact: False
avg_score: -2944.60009765625
median_score: -2913.5
std_score: 191.40867614746094
percentiles: 2%=-3328.0400390625, 5%=-3261.5, 10%=-3200.5, 25%=-3079.25, 50%=-2913.5, 75%=-2819.25, 90%=-2719.800048828125, 95%=-2661.5, 98%=-2575.93994140625
ranking_best_algo: RLSOnePlusOne
ranking_best_score: 3316.5199999999995
ranking_my_rank: 140/504 (72.4%)
ranking_my_percent: 72.42063492063492
