ConfigName: krbf__advnormalizedfitness__M2__L8__eps0p033__g0p01__ds0p15__dm0p3
Problem: QUBO
Kernel: rbf
Advantage: normalizedfitness
M: 2
lambda: 8
epsilon_svgd: 0.033
gamma: 0.01
decay_start_ratio: 0.15
decay_min_factor: 0.3
bandwith_kernel: None
no_interact: False
avg_score: -1291.9200439453125
median_score: -1293.5
std_score: 58.51028823852539
percentiles: 2%=-1405.02001953125, 5%=-1381.050048828125, 10%=-1367.199951171875, 25%=-1329.25, 50%=-1293.5, 75%=-1248.5, 90%=-1220.5, 95%=-1203.0, 98%=-1182.97998046875
ranking_best_algo: BigLognormalDiscreteOnePlusOne
ranking_best_score: 1301.3600000000004
ranking_my_rank: 2/504 (99.8%)
ranking_my_percent: 99.8015873015873
