ConfigName: kjsd__advperagentrankweighted__M3__L18__eps0p005__g0p001__ds0p2__dm0p05
Problem: NK
Kernel: jsd
Advantage: peragentrankweighted
M: 3
lambda: 18
epsilon_svgd: 0.005
gamma: 0.001
decay_start_ratio: 0.2
decay_min_factor: 0.05
bandwith_kernel: None
no_interact: False
avg_score: 0.7111887335777283
median_score: 0.7107411623001099
std_score: 0.011417671106755733
percentiles: 2%=0.6896708011627197, 5%=0.6941011548042297, 10%=0.697184681892395, 25%=0.7030088305473328, 50%=0.7107411623001099, 75%=0.7185191512107849, 90%=0.7278305292129517, 95%=0.7314342260360718, 98%=0.7357084155082703
ranking_best_algo: PBIL
ranking_best_score: 0.7170882103515624
ranking_my_rank: 42/504 (91.9%)
ranking_my_percent: 91.86507936507937
