ConfigName: krbf__advnormalizedfitness__M4__L12__eps0p015__g0p007__ds0p3__dm0p01
Problem: NK
Kernel: rbf
Advantage: normalizedfitness
M: 4
lambda: 12
epsilon_svgd: 0.015
gamma: 0.007
decay_start_ratio: 0.3
decay_min_factor: 0.01
bandwith_kernel: None
no_interact: False
avg_score: 0.7095945477485657
median_score: 0.7106196880340576
std_score: 0.015272771008312702
percentiles: 2%=0.6712246537208557, 5%=0.6719434857368469, 10%=0.6966220736503601, 25%=0.707417368888855, 50%=0.7106196880340576, 75%=0.7184643745422363, 90%=0.72523432970047, 95%=0.7307440638542175, 98%=0.7321931719779968
ranking_best_algo: CMApara
ranking_best_score: 0.707475975
ranking_my_rank: 1/504 (100.0%)
ranking_my_percent: 100.0
