ConfigName: kjsd__advperagentrankweighted__M3__L16__eps0p007__g0p003__ds0p2__dm0p1
Problem: QUBO
Kernel: jsd
Advantage: peragentrankweighted
M: 3
lambda: 16
epsilon_svgd: 0.007
gamma: 0.003
decay_start_ratio: 0.2
decay_min_factor: 0.1
bandwith_kernel: None
no_interact: False
avg_score: -1168.719970703125
median_score: -1164.5
std_score: 69.75859832763672
percentiles: 2%=-1311.5999755859375, 5%=-1275.300048828125, 10%=-1256.300048828125, 25%=-1218.25, 50%=-1164.5, 75%=-1128.0, 90%=-1080.199951171875, 95%=-1060.949951171875, 98%=-1036.5400390625
ranking_best_algo: Tabu
ranking_best_score: 1216.16
ranking_my_rank: 92/504 (81.9%)
ranking_my_percent: 81.94444444444444
