ConfigName: kjsd__advperagentrankweighted__M3__L16__eps0p01__g0p003__ds0p1__dm0p05
Problem: QUBO
Kernel: jsd
Advantage: peragentrankweighted
M: 3
lambda: 16
epsilon_svgd: 0.01
gamma: 0.003
decay_start_ratio: 0.1
decay_min_factor: 0.05
bandwith_kernel: None
no_interact: False
avg_score: -936.1199951171875
median_score: -922.0
std_score: 63.02384948730469
percentiles: 2%=-1072.0799560546875, 5%=-1048.0999755859375, 10%=-1024.0999755859375, 25%=-977.0, 50%=-922.0, 75%=-895.75, 90%=-853.9000244140625, 95%=-839.75, 98%=-810.8400268554688
ranking_best_algo: CMApara
ranking_best_score: 964.9
ranking_my_rank: 13/504 (97.6%)
ranking_my_percent: 97.61904761904762
