ConfigName: kjsd__advperagentrankweighted__M3__L18__eps0p005__g0p001__ds0p05__dm0p2
Problem: NK
Kernel: jsd
Advantage: peragentrankweighted
M: 3
lambda: 18
epsilon_svgd: 0.005
gamma: 0.001
decay_start_ratio: 0.05
decay_min_factor: 0.2
bandwith_kernel: None
no_interact: False
avg_score: 0.7369517683982849
median_score: 0.7391083836555481
std_score: 0.0086061367765069
percentiles: 2%=0.7169976830482483, 5%=0.720221757888794, 10%=0.7239270210266113, 25%=0.7317257523536682, 50%=0.7391083836555481, 75%=0.7424447536468506, 90%=0.7461321353912354, 95%=0.7483872175216675, 98%=0.7512921094894409
ranking_best_algo: PBIL
ranking_best_score: 0.730509098125
ranking_my_rank: 1/504 (100.0%)
ranking_my_percent: 100.0
