ConfigName: kjsd__advperagentrankweighted__M3__L30__eps0p005__g0p001__ds0p2__dm0p2
Problem: QUBO
Kernel: jsd
Advantage: peragentrankweighted
M: 3
lambda: 30
epsilon_svgd: 0.005
gamma: 0.001
decay_start_ratio: 0.2
decay_min_factor: 0.2
bandwith_kernel: None
no_interact: False
avg_score: -1229.47998046875
median_score: -1223.5
std_score: 72.08460235595703
percentiles: 2%=-1378.02001953125, 5%=-1344.550048828125, 10%=-1328.0, 25%=-1282.5, 50%=-1223.5, 75%=-1179.0, 90%=-1139.800048828125, 95%=-1112.550048828125, 98%=-1086.760009765625
ranking_best_algo: BigLognormalDiscreteOnePlusOne
ranking_best_score: 1301.3600000000004
ranking_my_rank: 68/504 (86.7%)
ranking_my_percent: 86.7063492063492
