Problem: QUBO
Kernel: rbf
Advantage: peragentrankweighted
M: 3
lambda: 7
epsilon_svgd: 0.3
gamma: 5e-05
bandwith_kernel: None
no_interact: True
avg_score: -769.97998046875
median_score: -773.0
std_score: 58.295284271240234
percentiles: 2%=-880.0399780273438, 5%=-862.4000244140625, 10%=-855.0, 25%=-804.25, 50%=-773.0, 75%=-724.5, 90%=-696.2000122070312, 95%=-683.0, 98%=-670.8599853515625
ranking_best_algo: CMApara
ranking_best_score: 964.9
ranking_my_rank: 327/505 (35.4%)
