Problem: QUBO
Kernel: hk
Advantage: peragentrankweighted
M: 3
lambda: 7
epsilon_svgd: 0.8
gamma: 5e-05
bandwith_kernel: None
no_interact: True
avg_score: -930.02001953125
median_score: -925.5
std_score: 60.2021598815918
percentiles: 2%=-1050.06005859375, 5%=-1037.199951171875, 10%=-1014.2000122070312, 25%=-969.25, 50%=-925.5, 75%=-882.75, 90%=-850.5999755859375, 95%=-834.9000244140625, 98%=-824.639892578125
ranking_best_algo: CMApara
ranking_best_score: 964.9
ranking_my_rank: 20/505 (96.2%)
