ConfigName: kjsd__advperagentrankweighted__M3__L18__eps0p005__g0p003__ds0p1__dm0p05
Problem: QUBO
Kernel: jsd
Advantage: peragentrankweighted
M: 3
lambda: 18
epsilon_svgd: 0.005
gamma: 0.003
decay_start_ratio: 0.1
decay_min_factor: 0.05
bandwith_kernel: None
no_interact: False
avg_score: -418.20001220703125
median_score: -417.5
std_score: 30.155593872070312
percentiles: 2%=-479.0, 5%=-467.0, 10%=-460.29998779296875, 25%=-436.25, 50%=-417.5, 75%=-396.75, 90%=-381.8999938964844, 95%=-376.79998779296875, 98%=-349.9599914550781
ranking_best_algo: CMAL3
ranking_best_score: 435.36
ranking_my_rank: 97/504 (81.0%)
ranking_my_percent: 80.95238095238095
