ConfigName: kjsd__advperagentrankweighted__M4__L24__eps0p03__g0p0003__ds0p2__dm0p05
Problem: QUBO
Kernel: jsd
Advantage: peragentrankweighted
M: 4
lambda: 24
epsilon_svgd: 0.03
gamma: 0.0003
decay_start_ratio: 0.2
decay_min_factor: 0.05
bandwith_kernel: None
no_interact: False
avg_score: -1224.47998046875
median_score: -1222.5
std_score: 57.172279357910156
percentiles: 2%=-1364.239990234375, 5%=-1331.199951171875, 10%=-1285.199951171875, 25%=-1261.5, 50%=-1222.5, 75%=-1187.5, 90%=-1160.5999755859375, 95%=-1148.0999755859375, 98%=-1114.780029296875
ranking_best_algo: SVMMetaModelLogNormal
ranking_best_score: 1233.7999999999997
ranking_my_rank: 14/504 (97.4%)
ranking_my_percent: 97.42063492063492
