ConfigName: kjsd__advperagentrankweighted__M4__L10__eps0p01__g0p0003__ds0p2__dm0p05
Problem: NK
Kernel: jsd
Advantage: peragentrankweighted
M: 4
lambda: 10
epsilon_svgd: 0.01
gamma: 0.0003
decay_start_ratio: 0.2
decay_min_factor: 0.05
bandwith_kernel: None
no_interact: False
avg_score: 0.7458616495132446
median_score: 0.7449227571487427
std_score: 0.01193352323025465
percentiles: 2%=0.7244569659233093, 5%=0.7272401452064514, 10%=0.729385495185852, 25%=0.7376710176467896, 50%=0.7449227571487427, 75%=0.7544008493423462, 90%=0.762069821357727, 95%=0.7662094831466675, 98%=0.7689179182052612
ranking_best_algo: Tabu
ranking_best_score: 0.7470791764843752
ranking_my_rank: 3/504 (99.6%)
ranking_my_percent: 99.60317460317461
