ConfigName: krbf__advnormalizedfitness__M1__L8__eps0p025__g0p005__ds0p15__dm0p01
Problem: QUBO
Kernel: rbf
Advantage: normalizedfitness
M: 1
lambda: 8
epsilon_svgd: 0.025
gamma: 0.005
decay_start_ratio: 0.15
decay_min_factor: 0.01
bandwith_kernel: None
no_interact: False
avg_score: -130.17999267578125
median_score: -133.0
std_score: 19.441389083862305
percentiles: 2%=-157.02000427246094, 5%=-154.10000610351562, 10%=-149.0, 25%=-143.0, 50%=-133.0, 75%=-119.75, 90%=-109.0, 95%=-102.95000457763672, 98%=-98.95999145507812
ranking_best_algo: DiscreteDE
ranking_best_score: 143.4
ranking_my_rank: 325/504 (35.7%)
ranking_my_percent: 35.714285714285715
