ConfigName: krbf__advnormalizedfitness__M2__L3__eps0p015__g0p005__ds0p01__dm0p01
Problem: QUBO
Kernel: rbf
Advantage: normalizedfitness
M: 2
lambda: 3
epsilon_svgd: 0.015
gamma: 0.005
decay_start_ratio: 0.01
decay_min_factor: 0.01
bandwith_kernel: None
no_interact: False
avg_score: -1183.06005859375
median_score: -1192.5
std_score: 107.83865356445312
percentiles: 2%=-1347.4200439453125, 5%=-1311.8499755859375, 10%=-1279.5999755859375, 25%=-1236.25, 50%=-1192.5, 75%=-1138.75, 90%=-1101.0, 95%=-1054.6500244140625, 98%=-1019.4400024414062
ranking_best_algo: SVMMetaModelLogNormal
ranking_best_score: 1233.7999999999997
ranking_my_rank: 63/504 (87.7%)
ranking_my_percent: 87.6984126984127
