ConfigName: kjsd__advperagentrankweighted__M3__L18__eps0p005__g0p0005__ds0p2__dm0p2
Problem: NK
Kernel: jsd
Advantage: peragentrankweighted
M: 3
lambda: 18
epsilon_svgd: 0.005
gamma: 0.0005
decay_start_ratio: 0.2
decay_min_factor: 0.2
bandwith_kernel: None
no_interact: False
avg_score: 0.7097446918487549
median_score: 0.7111377716064453
std_score: 0.015341466292738914
percentiles: 2%=0.6703009605407715, 5%=0.6721834540367126, 10%=0.6946038007736206, 25%=0.7071348428726196, 50%=0.7111377716064453, 75%=0.7179713249206543, 90%=0.7252267599105835, 95%=0.7316451072692871, 98%=0.732913613319397
ranking_best_algo: CMApara
ranking_best_score: 0.707475975
ranking_my_rank: 1/504 (100.0%)
ranking_my_percent: 100.0
