ConfigName: krbf__advnormalizedfitness__M3__L10__eps0p015__g0p015__ds0p01__dm0p3
Problem: QUBO
Kernel: rbf
Advantage: normalizedfitness
M: 3
lambda: 10
epsilon_svgd: 0.015
gamma: 0.015
decay_start_ratio: 0.01
decay_min_factor: 0.3
bandwith_kernel: None
no_interact: False
avg_score: -387.8399963378906
median_score: -390.0
std_score: 32.92498016357422
percentiles: 2%=-457.20001220703125, 5%=-432.1000061035156, 10%=-427.1000061035156, 25%=-412.0, 50%=-390.0, 75%=-365.0, 90%=-342.70001220703125, 95%=-333.8000183105469, 98%=-323.9599914550781
ranking_best_algo: Tabu
ranking_best_score: 438.12
ranking_my_rank: 262/504 (48.2%)
ranking_my_percent: 48.214285714285715
