ConfigName: krbf__advnormalizedfitness__M4__L8__eps0p015__g0p007__ds0p3__dm0p3
Problem: QUBO
Kernel: rbf
Advantage: normalizedfitness
M: 4
lambda: 8
epsilon_svgd: 0.015
gamma: 0.007
decay_start_ratio: 0.3
decay_min_factor: 0.3
bandwith_kernel: None
no_interact: False
avg_score: -199.0
median_score: -199.0
std_score: 11.544695854187012
percentiles: 2%=-224.0, 5%=-218.14999389648438, 10%=-213.0, 25%=-206.25, 50%=-199.0, 75%=-190.0, 90%=-185.0, 95%=-180.95001220703125, 98%=-179.87997436523438
ranking_best_algo: Tabu
ranking_best_score: 208.36000000000004
ranking_my_rank: 88/504 (82.7%)
ranking_my_percent: 82.73809523809524
