ConfigName: kjsd__advperagentrankweighted__M3__L18__eps0p007__g0p003__ds0p1__dm0p1
Problem: QUBO
Kernel: jsd
Advantage: peragentrankweighted
M: 3
lambda: 18
epsilon_svgd: 0.007
gamma: 0.003
decay_start_ratio: 0.1
decay_min_factor: 0.1
bandwith_kernel: None
no_interact: False
avg_score: -138.67999267578125
median_score: -139.0
std_score: 12.49870491027832
percentiles: 2%=-160.0, 5%=-158.0, 10%=-157.0, 25%=-146.0, 50%=-139.0, 75%=-130.75, 90%=-123.0, 95%=-112.94999694824219, 98%=-111.0
ranking_best_algo: DiscreteDE
ranking_best_score: 143.4
ranking_my_rank: 97/504 (81.0%)
ranking_my_percent: 80.95238095238095
