ConfigName: kjsd__advperagentrankweighted__M3__L20__eps0p01__g0p0005__ds0p2__dm0p05
Problem: QUBO
Kernel: jsd
Advantage: peragentrankweighted
M: 3
lambda: 20
epsilon_svgd: 0.01
gamma: 0.0005
decay_start_ratio: 0.2
decay_min_factor: 0.05
bandwith_kernel: None
no_interact: False
avg_score: -145.6199951171875
median_score: -145.0
std_score: 13.049736022949219
percentiles: 2%=-179.0, 5%=-161.89999389648438, 10%=-158.0, 25%=-154.0, 50%=-145.0, 75%=-137.0, 90%=-132.89999389648438, 95%=-124.80000305175781, 98%=-114.9800033569336
ranking_best_algo: CMApara
ranking_best_score: 154.28
ranking_my_rank: 136/504 (73.2%)
ranking_my_percent: 73.21428571428571
