ConfigName: kjsd__advperagentrankweighted__M4__L12__eps0p01__g0p0003__ds0p2__dm0p05
Problem: QUBO
Kernel: jsd
Advantage: peragentrankweighted
M: 4
lambda: 12
epsilon_svgd: 0.01
gamma: 0.0003
decay_start_ratio: 0.2
decay_min_factor: 0.05
bandwith_kernel: None
no_interact: False
avg_score: -138.89999389648438
median_score: -140.0
std_score: 11.315033912658691
percentiles: 2%=-159.02000427246094, 5%=-158.0500030517578, 10%=-155.10000610351562, 25%=-147.0, 50%=-140.0, 75%=-129.0, 90%=-125.0, 95%=-123.0, 98%=-119.9800033569336
ranking_best_algo: DiscreteDE
ranking_best_score: 143.4
ranking_my_rank: 94/504 (81.5%)
ranking_my_percent: 81.54761904761905
