ConfigName: krbf__advnormalizedfitness__M4__L10__eps0p01__g0p0005__ds0p05__dm0p05
Problem: QUBO
Kernel: rbf
Advantage: normalizedfitness
M: 4
lambda: 10
epsilon_svgd: 0.01
gamma: 0.0005
decay_start_ratio: 0.05
decay_min_factor: 0.05
bandwith_kernel: None
no_interact: False
avg_score: -1166.300048828125
median_score: -1164.5
std_score: 67.76998138427734
percentiles: 2%=-1325.1600341796875, 5%=-1288.1500244140625, 10%=-1261.0, 25%=-1209.25, 50%=-1164.5, 75%=-1119.0, 90%=-1088.9000244140625, 95%=-1072.8499755859375, 98%=-1038.9599609375
ranking_best_algo: Tabu
ranking_best_score: 1216.16
ranking_my_rank: 94/504 (81.5%)
ranking_my_percent: 81.54761904761905
