ConfigName: kjsd__advperagentrankweighted__M5__L8__eps0p005__g0p0007__ds0p05__dm0p05
Problem: NK
Kernel: jsd
Advantage: peragentrankweighted
M: 5
lambda: 8
epsilon_svgd: 0.005
gamma: 0.0007
decay_start_ratio: 0.05
decay_min_factor: 0.05
bandwith_kernel: None
no_interact: False
avg_score: 0.757568895816803
median_score: 0.7576156854629517
std_score: 0.010418549180030823
percentiles: 2%=0.7383573651313782, 5%=0.7411175966262817, 10%=0.7435678839683533, 25%=0.7493666410446167, 50%=0.7576156854629517, 75%=0.7649429440498352, 90%=0.770570695400238, 95%=0.7751678824424744, 98%=0.777818500995636
ranking_best_algo: Tabu
ranking_best_score: 0.7470791764843752
ranking_my_rank: 1/504 (100.0%)
ranking_my_percent: 100.0
