ConfigName: krbf__advnormalizedfitness__M3__L10__eps0p015__g0p01__ds0p3__dm0p3
Problem: QUBO
Kernel: rbf
Advantage: normalizedfitness
M: 3
lambda: 10
epsilon_svgd: 0.015
gamma: 0.01
decay_start_ratio: 0.3
decay_min_factor: 0.3
bandwith_kernel: None
no_interact: False
avg_score: -1041.739990234375
median_score: -1041.0
std_score: 124.61167907714844
percentiles: 2%=-1289.0799560546875, 5%=-1234.6500244140625, 10%=-1193.699951171875, 25%=-1129.5, 50%=-1041.0, 75%=-961.75, 90%=-868.7000122070312, 95%=-829.8500366210938, 98%=-794.7999267578125
ranking_best_algo: NLOPT_LN_PRAXIS
ranking_best_score: 1607.12
ranking_my_rank: 317/504 (37.3%)
ranking_my_percent: 37.301587301587304
