ConfigName: kjsd__advperagentrankweighted__M4__L12__eps0p005__g0p0007__ds0p05__dm0p2
Problem: QUBO
Kernel: jsd
Advantage: peragentrankweighted
M: 4
lambda: 12
epsilon_svgd: 0.005
gamma: 0.0007
decay_start_ratio: 0.05
decay_min_factor: 0.2
bandwith_kernel: None
no_interact: False
avg_score: -330.7799987792969
median_score: -334.0
std_score: 20.774782180786133
percentiles: 2%=-372.0, 5%=-361.0, 10%=-354.0, 25%=-343.75, 50%=-334.0, 75%=-320.0, 90%=-300.0, 95%=-296.0, 98%=-279.9599914550781
ranking_best_algo: CMApara
ranking_best_score: 344.22
ranking_my_rank: 77/504 (84.9%)
ranking_my_percent: 84.92063492063492
