ConfigName: krbf__advnormalizedfitness__M4__L12__eps0p025__g0p01__ds0p15__dm0p3
Problem: QUBO
Kernel: rbf
Advantage: normalizedfitness
M: 4
lambda: 12
epsilon_svgd: 0.025
gamma: 0.01
decay_start_ratio: 0.15
decay_min_factor: 0.3
bandwith_kernel: None
no_interact: False
avg_score: -906.8200073242188
median_score: -897.5
std_score: 119.39910888671875
percentiles: 2%=-1156.239990234375, 5%=-1148.0, 10%=-1081.9000244140625, 25%=-959.25, 50%=-897.5, 75%=-827.0, 90%=-767.0, 95%=-756.75, 98%=-706.639892578125
ranking_best_algo: NLOPT_LN_PRAXIS
ranking_best_score: 1607.12
ranking_my_rank: 324/504 (35.9%)
ranking_my_percent: 35.91269841269841
