ConfigName: kjsd__advperagentrankweighted__M3__L16__eps0p01__g0p003__ds0p2__dm0p05
Problem: QUBO
Kernel: jsd
Advantage: peragentrankweighted
M: 3
lambda: 16
epsilon_svgd: 0.01
gamma: 0.003
decay_start_ratio: 0.2
decay_min_factor: 0.05
bandwith_kernel: None
no_interact: False
avg_score: -328.5799865722656
median_score: -334.0
std_score: 23.533456802368164
percentiles: 2%=-372.0, 5%=-361.0, 10%=-350.3999938964844, 25%=-343.0, 50%=-334.0, 75%=-314.0, 90%=-298.0, 95%=-283.79998779296875, 98%=-267.760009765625
ranking_best_algo: CMApara
ranking_best_score: 344.22
ranking_my_rank: 83/504 (83.7%)
ranking_my_percent: 83.73015873015873
