ConfigName: kjsd__advperagentrankweighted__M4__L30__eps0p005__g0p0007__ds0p05__dm0p05
Problem: QUBO
Kernel: jsd
Advantage: peragentrankweighted
M: 4
lambda: 30
epsilon_svgd: 0.005
gamma: 0.0007
decay_start_ratio: 0.05
decay_min_factor: 0.05
bandwith_kernel: None
no_interact: False
avg_score: -3173.239990234375
median_score: -3161.0
std_score: 150.0709991455078
percentiles: 2%=-3460.159912109375, 5%=-3428.800048828125, 10%=-3373.10009765625, 25%=-3280.0, 50%=-3161.0, 75%=-3062.75, 90%=-2983.699951171875, 95%=-2950.5, 98%=-2885.97998046875
ranking_best_algo: RLSOnePlusOne
ranking_best_score: 3316.5199999999995
ranking_my_rank: 60/504 (88.3%)
ranking_my_percent: 88.2936507936508
