ConfigName: kjsd__advperagentrankweighted__M3__L18__eps0p007__g0p0007__ds0p05__dm0p2
Problem: QUBO
Kernel: jsd
Advantage: peragentrankweighted
M: 3
lambda: 18
epsilon_svgd: 0.007
gamma: 0.0007
decay_start_ratio: 0.05
decay_min_factor: 0.2
bandwith_kernel: None
no_interact: False
avg_score: -139.0
median_score: -140.0
std_score: 12.491597175598145
percentiles: 2%=-159.0, 5%=-159.0, 10%=-158.0, 25%=-146.25, 50%=-140.0, 75%=-132.0, 90%=-123.0, 95%=-116.9000015258789, 98%=-107.0
ranking_best_algo: DiscreteDE
ranking_best_score: 143.4
ranking_my_rank: 93/504 (81.7%)
ranking_my_percent: 81.74603174603175
