ConfigName: kjsd__advperagentrankweighted__M3__L24__eps0p007__g0p0005__ds0p1__dm0p2
Problem: QUBO
Kernel: jsd
Advantage: peragentrankweighted
M: 3
lambda: 24
epsilon_svgd: 0.007
gamma: 0.0005
decay_start_ratio: 0.1
decay_min_factor: 0.2
bandwith_kernel: None
no_interact: False
avg_score: -443.3599853515625
median_score: -446.0
std_score: 25.189489364624023
percentiles: 2%=-492.1199951171875, 5%=-479.3999938964844, 10%=-472.1000061035156, 25%=-462.0, 50%=-446.0, 75%=-423.0, 90%=-409.70001220703125, 95%=-400.95001220703125, 98%=-397.9200134277344
ranking_best_algo: CMApara
ranking_best_score: 453.82
ranking_my_rank: 7/504 (98.8%)
ranking_my_percent: 98.80952380952381
