ConfigName: kjsd__advperagentrankweighted__M5__L10__eps0p005__g0p0007__ds0p2__dm0p05
Problem: QUBO
Kernel: jsd
Advantage: peragentrankweighted
M: 5
lambda: 10
epsilon_svgd: 0.005
gamma: 0.0007
decay_start_ratio: 0.2
decay_min_factor: 0.05
bandwith_kernel: None
no_interact: False
avg_score: -585.8599853515625
median_score: -585.5
std_score: 27.37116241455078
percentiles: 2%=-635.0399780273438, 5%=-629.2000122070312, 10%=-625.0999755859375, 25%=-605.0, 50%=-585.5, 75%=-565.0, 90%=-549.9000244140625, 95%=-537.9500122070312, 98%=-534.9000244140625
ranking_best_algo: Tabu
ranking_best_score: 588.7199999999999
ranking_my_rank: 5/503 (99.2%)
ranking_my_percent: 99.20477137176938
