ConfigName: krbf__advnormalizedfitness__M4__L10__eps0p02__g0p01__ds0p15__dm0p05
Problem: QUBO
Kernel: rbf
Advantage: normalizedfitness
M: 4
lambda: 10
epsilon_svgd: 0.02
gamma: 0.01
decay_start_ratio: 0.15
decay_min_factor: 0.05
bandwith_kernel: None
no_interact: False
avg_score: -1255.97998046875
median_score: -1253.0
std_score: 121.51304626464844
percentiles: 2%=-1495.43994140625, 5%=-1458.0, 10%=-1418.199951171875, 25%=-1339.25, 50%=-1253.0, 75%=-1171.0, 90%=-1110.9000244140625, 95%=-1080.800048828125, 98%=-1022.9199829101562
ranking_best_algo: NLOPT_LN_PRAXIS
ranking_best_score: 1607.12
ranking_my_rank: 212/504 (58.1%)
ranking_my_percent: 58.13492063492063
