ConfigName: kjsd__advperagentrankweighted__M5__L24__eps0p02__g0p0007__ds0p2__dm0p05
Problem: QUBO
Kernel: jsd
Advantage: peragentrankweighted
M: 5
lambda: 24
epsilon_svgd: 0.02
gamma: 0.0007
decay_start_ratio: 0.2
decay_min_factor: 0.05
bandwith_kernel: None
no_interact: False
avg_score: -3272.39990234375
median_score: -3265.5
std_score: 125.85706329345703
percentiles: 2%=-3556.219970703125, 5%=-3460.39990234375, 10%=-3423.89990234375, 25%=-3357.25, 50%=-3265.5, 75%=-3187.25, 90%=-3119.0, 95%=-3063.14990234375, 98%=-3004.860107421875
ranking_best_algo: RLSOnePlusOne
ranking_best_score: 3316.5199999999995
ranking_my_rank: 12/504 (97.8%)
ranking_my_percent: 97.81746031746032
