ConfigName: kjsd__advperagentrankweighted__M5__L12__eps0p03__g0p0005__ds0p2__dm0p05
Problem: QUBO
Kernel: jsd
Advantage: peragentrankweighted
M: 5
lambda: 12
epsilon_svgd: 0.03
gamma: 0.0005
decay_start_ratio: 0.2
decay_min_factor: 0.05
bandwith_kernel: None
no_interact: False
avg_score: -932.739990234375
median_score: -937.5
std_score: 59.063289642333984
percentiles: 2%=-1050.47998046875, 5%=-1031.300048828125, 10%=-1015.0999755859375, 25%=-968.25, 50%=-937.5, 75%=-880.5, 90%=-856.7999877929688, 95%=-843.0, 98%=-826.8400268554688
ranking_best_algo: CMApara
ranking_best_score: 964.9
ranking_my_rank: 19/504 (96.4%)
ranking_my_percent: 96.42857142857143
