ConfigName: kjsd__advperagentrankweighted__M4__L30__eps0p01__g0p0005__ds0p05__dm0p05
Problem: QUBO
Kernel: jsd
Advantage: peragentrankweighted
M: 4
lambda: 30
epsilon_svgd: 0.01
gamma: 0.0005
decay_start_ratio: 0.05
decay_min_factor: 0.05
bandwith_kernel: None
no_interact: False
avg_score: -410.67999267578125
median_score: -412.0
std_score: 24.908987045288086
percentiles: 2%=-455.0799865722656, 5%=-449.1499938964844, 10%=-442.0, 25%=-428.0, 50%=-412.0, 75%=-392.0, 90%=-381.79998779296875, 95%=-359.8999938964844, 98%=-358.0
ranking_best_algo: Tabu
ranking_best_score: 438.12
ranking_my_rank: 86/504 (83.1%)
ranking_my_percent: 83.13492063492063
