ConfigName: kjsd__advperagentrankweighted__M4__L24__eps0p01__g0p0005__ds0p2__dm0p05
Problem: QUBO
Kernel: jsd
Advantage: peragentrankweighted
M: 4
lambda: 24
epsilon_svgd: 0.01
gamma: 0.0005
decay_start_ratio: 0.2
decay_min_factor: 0.05
bandwith_kernel: None
no_interact: False
avg_score: -579.719970703125
median_score: -579.5
std_score: 23.544883728027344
percentiles: 2%=-626.239990234375, 5%=-617.0, 10%=-609.0, 25%=-596.25, 50%=-579.5, 75%=-562.75, 90%=-547.7999877929688, 95%=-542.0, 98%=-538.9400024414062
ranking_best_algo: Tabu
ranking_best_score: 588.7199999999999
ranking_my_rank: 40/503 (92.2%)
ranking_my_percent: 92.2465208747515
