ConfigName: krbf__advnormalizedfitness__M3__L10__eps0p025__g0p007__ds0p15__dm0p3
Problem: QUBO
Kernel: rbf
Advantage: normalizedfitness
M: 3
lambda: 10
epsilon_svgd: 0.025
gamma: 0.007
decay_start_ratio: 0.15
decay_min_factor: 0.3
bandwith_kernel: None
no_interact: False
avg_score: -414.7799987792969
median_score: -416.0
std_score: 23.840126037597656
percentiles: 2%=-459.20001220703125, 5%=-455.1000061035156, 10%=-452.1000061035156, 25%=-430.0, 50%=-416.0, 75%=-396.0, 90%=-387.79998779296875, 95%=-379.70001220703125, 98%=-368.0
ranking_best_algo: Tabu
ranking_best_score: 438.12
ranking_my_rank: 51/504 (90.1%)
ranking_my_percent: 90.07936507936508
