ConfigName: krbf__advnormalizedfitness__M3__L15__eps0p033__g0p015__ds0p01__dm0p01
Problem: QUBO
Kernel: rbf
Advantage: normalizedfitness
M: 3
lambda: 15
epsilon_svgd: 0.033
gamma: 0.015
decay_start_ratio: 0.01
decay_min_factor: 0.01
bandwith_kernel: None
no_interact: False
avg_score: -888.3800048828125
median_score: -884.0
std_score: 62.75663375854492
percentiles: 2%=-1012.1599731445312, 5%=-985.75, 10%=-970.0999755859375, 25%=-925.75, 50%=-884.0, 75%=-850.0, 90%=-808.7999877929688, 95%=-788.0001220703125, 98%=-760.8999633789062
ranking_best_algo: CMAL3
ranking_best_score: 928.5800000000002
ranking_my_rank: 101/504 (80.2%)
ranking_my_percent: 80.15873015873017
