ConfigName: kjsd__advperagentrankweighted__M6__L8__eps0p03__g0p0005__ds0p05__dm0p05
Problem: NK
Kernel: jsd
Advantage: peragentrankweighted
M: 6
lambda: 8
epsilon_svgd: 0.03
gamma: 0.0005
decay_start_ratio: 0.05
decay_min_factor: 0.05
bandwith_kernel: None
no_interact: False
avg_score: 0.7038900852203369
median_score: 0.7061833739280701
std_score: 0.012122913263738155
percentiles: 2%=0.6835657954216003, 5%=0.6854398250579834, 10%=0.6878339052200317, 25%=0.6927340030670166, 50%=0.7061833739280701, 75%=0.7144885063171387, 90%=0.7189505100250244, 95%=0.7200593948364258, 98%=0.7217370271682739
ranking_best_algo: PBIL
ranking_best_score: 0.7013553837109374
ranking_my_rank: 1/504 (100.0%)
ranking_my_percent: 100.0
