ConfigName: kjsd__advperagentrankweighted__M4__L12__eps0p01__g0p0003__ds0p05__dm0p05
Problem: QUBO
Kernel: jsd
Advantage: peragentrankweighted
M: 4
lambda: 12
epsilon_svgd: 0.01
gamma: 0.0003
decay_start_ratio: 0.05
decay_min_factor: 0.05
bandwith_kernel: None
no_interact: False
avg_score: -424.9800109863281
median_score: -424.0
std_score: 28.69842529296875
percentiles: 2%=-481.0, 5%=-477.1000061035156, 10%=-469.0, 25%=-439.0, 50%=-424.0, 75%=-407.5, 90%=-394.70001220703125, 95%=-385.6000061035156, 98%=-359.8800048828125
ranking_best_algo: CMAL3
ranking_best_score: 435.36
ranking_my_rank: 29/504 (94.4%)
ranking_my_percent: 94.44444444444444
