ConfigName: kjsd__advperagentrankweighted__M3__L18__eps0p007__g0p003__ds0p1__dm0p1
Problem: NK
Kernel: jsd
Advantage: peragentrankweighted
M: 3
lambda: 18
epsilon_svgd: 0.007
gamma: 0.003
decay_start_ratio: 0.1
decay_min_factor: 0.1
bandwith_kernel: None
no_interact: False
avg_score: 0.7537903785705566
median_score: 0.7561826705932617
std_score: 0.014300175942480564
percentiles: 2%=0.7255901098251343, 5%=0.7321264743804932, 10%=0.7333444952964783, 25%=0.7430775761604309, 50%=0.7561826705932617, 75%=0.764551043510437, 90%=0.7706722617149353, 95%=0.7752327919006348, 98%=0.7784183025360107
ranking_best_algo: Tabu
ranking_best_score: 0.7657846284375001
ranking_my_rank: 9/504 (98.4%)
ranking_my_percent: 98.41269841269842
