ConfigName: kjsd__advperagentrankweighted__M3__L18__eps0p007__g0p0007__ds0p05__dm0p1
Problem: NK
Kernel: jsd
Advantage: peragentrankweighted
M: 3
lambda: 18
epsilon_svgd: 0.007
gamma: 0.0007
decay_start_ratio: 0.05
decay_min_factor: 0.1
bandwith_kernel: None
no_interact: False
avg_score: 0.7404943704605103
median_score: 0.7418068051338196
std_score: 0.013955908827483654
percentiles: 2%=0.712371289730072, 5%=0.7156262993812561, 10%=0.7205600738525391, 25%=0.7318857908248901, 50%=0.7418068051338196, 75%=0.7486392855644226, 90%=0.7581444382667542, 95%=0.7625565528869629, 98%=0.7687703967094421
ranking_best_algo: Tabu
ranking_best_score: 0.7601875690625
ranking_my_rank: 12/504 (97.8%)
ranking_my_percent: 97.81746031746032
