ConfigName: kjsd__advperagentrankweighted__M3__L18__eps0p005__g0p0005__ds0p1__dm0p1
Problem: QUBO
Kernel: jsd
Advantage: peragentrankweighted
M: 3
lambda: 18
epsilon_svgd: 0.005
gamma: 0.0005
decay_start_ratio: 0.1
decay_min_factor: 0.1
bandwith_kernel: None
no_interact: False
avg_score: -147.39999389648438
median_score: -146.0
std_score: 12.955307006835938
percentiles: 2%=-179.0, 5%=-179.0, 10%=-158.10000610351562, 25%=-155.0, 50%=-146.0, 75%=-141.0, 90%=-134.8000030517578, 95%=-127.0, 98%=-116.94000244140625
ranking_best_algo: CMApara
ranking_best_score: 154.28
ranking_my_rank: 95/504 (81.3%)
ranking_my_percent: 81.34920634920636
