ConfigName: krbf__advnormalizedfitness__M3__L15__eps0p015__g0p015__ds0p01__dm0p3
Problem: QUBO
Kernel: rbf
Advantage: normalizedfitness
M: 3
lambda: 15
epsilon_svgd: 0.015
gamma: 0.015
decay_start_ratio: 0.01
decay_min_factor: 0.3
bandwith_kernel: None
no_interact: False
avg_score: -158.6199951171875
median_score: -157.5
std_score: 17.323266983032227
percentiles: 2%=-196.16000366210938, 5%=-184.5, 10%=-179.0, 25%=-169.25, 50%=-157.5, 75%=-150.0, 90%=-138.0, 95%=-130.0, 98%=-122.0
ranking_best_algo: Tabu
ranking_best_score: 208.36000000000004
ranking_my_rank: 344/504 (31.9%)
ranking_my_percent: 31.944444444444443
