ConfigName: krbf__advnormalizedfitness__M3__L12__eps0p015__g0p005__ds0p01__dm0p3
Problem: NK
Kernel: rbf
Advantage: normalizedfitness
M: 3
lambda: 12
epsilon_svgd: 0.015
gamma: 0.005
decay_start_ratio: 0.01
decay_min_factor: 0.3
bandwith_kernel: None
no_interact: False
avg_score: 0.6727160811424255
median_score: 0.6715943217277527
std_score: 0.02557601034641266
percentiles: 2%=0.6308693289756775, 5%=0.6346360445022583, 10%=0.639519989490509, 25%=0.6538166403770447, 50%=0.6715943217277527, 75%=0.6919782161712646, 90%=0.7070751786231995, 95%=0.7164177894592285, 98%=0.7242849469184875
ranking_best_algo: Tabu
ranking_best_score: 0.7429702712499999
ranking_my_rank: 309/504 (38.9%)
ranking_my_percent: 38.888888888888886
