ConfigName: kjsd__advperagentrankweighted__M5__L8__eps0p01__g0p0003__ds0p2__dm0p05
Problem: NK
Kernel: jsd
Advantage: peragentrankweighted
M: 5
lambda: 8
epsilon_svgd: 0.01
gamma: 0.0003
decay_start_ratio: 0.2
decay_min_factor: 0.05
bandwith_kernel: None
no_interact: False
avg_score: 0.7334675788879395
median_score: 0.7341699004173279
std_score: 0.01176929846405983
percentiles: 2%=0.7097274661064148, 5%=0.7139034271240234, 10%=0.7171833515167236, 25%=0.7248404622077942, 50%=0.7341699004173279, 75%=0.7411441206932068, 90%=0.7460777759552002, 95%=0.7512515187263489, 98%=0.7607756853103638
ranking_best_algo: Tabu
ranking_best_score: 0.7601875690625
ranking_my_rank: 33/504 (93.7%)
ranking_my_percent: 93.65079365079364
