ConfigName: krbf__advnormalizedfitness__M1__L8__eps0p025__g0p005__ds0p15__dm0p01
Problem: QUBO
Kernel: rbf
Advantage: normalizedfitness
M: 1
lambda: 8
epsilon_svgd: 0.025
gamma: 0.005
decay_start_ratio: 0.15
decay_min_factor: 0.01
bandwith_kernel: None
no_interact: False
avg_score: -869.280029296875
median_score: -872.0
std_score: 67.4879379272461
percentiles: 2%=-1007.2999877929688, 5%=-987.2999877929688, 10%=-955.0999755859375, 25%=-907.75, 50%=-872.0, 75%=-822.5, 90%=-785.0, 95%=-754.75, 98%=-744.9400024414062
ranking_best_algo: CMAL3
ranking_best_score: 928.5800000000002
ranking_my_rank: 173/504 (65.9%)
ranking_my_percent: 65.87301587301587
