ConfigName: krbf__advnormalizedfitness__M2__L8__eps0p015__g0p015__ds0p01__dm0p01
Problem: QUBO
Kernel: rbf
Advantage: normalizedfitness
M: 2
lambda: 8
epsilon_svgd: 0.015
gamma: 0.015
decay_start_ratio: 0.01
decay_min_factor: 0.01
bandwith_kernel: None
no_interact: False
avg_score: -428.7200012207031
median_score: -428.0
std_score: 27.520931243896484
percentiles: 2%=-485.0400085449219, 5%=-471.1000061035156, 10%=-469.0, 25%=-443.0, 50%=-428.0, 75%=-413.75, 90%=-397.0, 95%=-384.95001220703125, 98%=-380.7200012207031
ranking_best_algo: CMAL3
ranking_best_score: 435.36
ranking_my_rank: 15/504 (97.2%)
ranking_my_percent: 97.22222222222223
