ConfigName: kjsd__advperagentrankweighted__M5__L12__eps0p03__g0p0005__ds0p2__dm0p05
Problem: NK
Kernel: jsd
Advantage: peragentrankweighted
M: 5
lambda: 12
epsilon_svgd: 0.03
gamma: 0.0005
decay_start_ratio: 0.2
decay_min_factor: 0.05
bandwith_kernel: None
no_interact: False
avg_score: 0.7083554863929749
median_score: 0.7078737020492554
std_score: 0.005996400956064463
percentiles: 2%=0.6970055103302002, 5%=0.6983116269111633, 10%=0.7002547979354858, 25%=0.7046115398406982, 50%=0.7078737020492554, 75%=0.7124137878417969, 90%=0.7162932753562927, 95%=0.7176841497421265, 98%=0.7232638001441956
ranking_best_algo: PBIL
ranking_best_score: 0.7170882103515624
ranking_my_rank: 54/504 (89.5%)
ranking_my_percent: 89.48412698412699
