ConfigName: kjsd__advperagentrankweighted__M3__L18__eps0p01__g0p0007__ds0p05__dm0p1
Problem: NK
Kernel: jsd
Advantage: peragentrankweighted
M: 3
lambda: 18
epsilon_svgd: 0.01
gamma: 0.0007
decay_start_ratio: 0.05
decay_min_factor: 0.1
bandwith_kernel: None
no_interact: False
avg_score: 0.7540073990821838
median_score: 0.7534163594245911
std_score: 0.012157567776739597
percentiles: 2%=0.7324113845825195, 5%=0.7357363104820251, 10%=0.7388014197349548, 25%=0.7451570630073547, 50%=0.7534163594245911, 75%=0.7623562216758728, 90%=0.7719359397888184, 95%=0.7735894918441772, 98%=0.7778427004814148
ranking_best_algo: Tabu
ranking_best_score: 0.7470791764843752
ranking_my_rank: 1/504 (100.0%)
ranking_my_percent: 100.0
