ConfigName: krbf__advnormalizedfitness__M4__L8__eps0p025__g0p007__ds0p3__dm0p01
Problem: NK
Kernel: rbf
Advantage: normalizedfitness
M: 4
lambda: 8
epsilon_svgd: 0.025
gamma: 0.007
decay_start_ratio: 0.3
decay_min_factor: 0.01
bandwith_kernel: None
no_interact: False
avg_score: 0.712019145488739
median_score: 0.70106041431427
std_score: 0.031203918159008026
percentiles: 2%=0.6734704971313477, 5%=0.674842357635498, 10%=0.6800239682197571, 25%=0.6844217777252197, 50%=0.70106041431427, 75%=0.7467960119247437, 90%=0.7540167570114136, 95%=0.7613165378570557, 98%=0.7613165378570557
ranking_best_algo: CMApara
ranking_best_score: 0.7118996098437498
ranking_my_rank: 1/504 (100.0%)
ranking_my_percent: 100.0
