ConfigName: krbf__advnormalizedfitness__M4__L10__eps0p015__g0p015__ds0p01__dm0p01
Problem: NK
Kernel: rbf
Advantage: normalizedfitness
M: 4
lambda: 10
epsilon_svgd: 0.015
gamma: 0.015
decay_start_ratio: 0.01
decay_min_factor: 0.01
bandwith_kernel: None
no_interact: False
avg_score: 0.6943171620368958
median_score: 0.6939290761947632
std_score: 0.011131232604384422
percentiles: 2%=0.668524444103241, 5%=0.6756300330162048, 10%=0.6788944005966187, 25%=0.6883018612861633, 50%=0.6939290761947632, 75%=0.7023478150367737, 90%=0.7079613208770752, 95%=0.711886465549469, 98%=0.7140865921974182
ranking_best_algo: PBIL
ranking_best_score: 0.7248786399609374
ranking_my_rank: 131/504 (74.2%)
ranking_my_percent: 74.2063492063492
