ConfigName: kjsd__advperagentrankweighted__M4__L20__eps0p005__g0p0005__ds0p05__dm0p05
Problem: QUBO
Kernel: jsd
Advantage: peragentrankweighted
M: 4
lambda: 20
epsilon_svgd: 0.005
gamma: 0.0005
decay_start_ratio: 0.05
decay_min_factor: 0.05
bandwith_kernel: None
no_interact: False
avg_score: -326.8800048828125
median_score: -328.0
std_score: 23.247055053710938
percentiles: 2%=-372.0, 5%=-372.0, 10%=-354.1000061035156, 25%=-342.0, 50%=-328.0, 75%=-311.5, 90%=-293.79998779296875, 95%=-289.8500061035156, 98%=-286.0
ranking_best_algo: CMApara
ranking_best_score: 344.22
ranking_my_rank: 111/504 (78.2%)
ranking_my_percent: 78.17460317460318
