ConfigName: kjsd__advperagentrankweighted__M3__L16__eps0p01__g0p0005__ds0p05__dm0p05
Problem: QUBO
Kernel: jsd
Advantage: peragentrankweighted
M: 3
lambda: 16
epsilon_svgd: 0.01
gamma: 0.0005
decay_start_ratio: 0.05
decay_min_factor: 0.05
bandwith_kernel: None
no_interact: False
avg_score: -2625.1201171875
median_score: -2619.5
std_score: 138.7827911376953
percentiles: 2%=-2923.699951171875, 5%=-2841.60009765625, 10%=-2807.199951171875, 25%=-2728.0, 50%=-2619.5, 75%=-2535.25, 90%=-2439.0, 95%=-2415.5, 98%=-2395.199951171875
ranking_best_algo: DiscreteLengler2OnePlusOne
ranking_best_score: 2617.04
ranking_my_rank: 1/504 (100.0%)
ranking_my_percent: 100.0
