ConfigName: kjsd__advperagentrankweighted__M4__L30__eps0p01__g0p0005__ds0p4__dm0p05
Problem: QUBO
Kernel: jsd
Advantage: peragentrankweighted
M: 4
lambda: 30
epsilon_svgd: 0.01
gamma: 0.0005
decay_start_ratio: 0.4
decay_min_factor: 0.05
bandwith_kernel: None
no_interact: False
avg_score: -329.3399963378906
median_score: -328.0
std_score: 22.87191390991211
percentiles: 2%=-372.0, 5%=-361.0, 10%=-354.0, 25%=-346.0, 50%=-328.0, 75%=-316.0, 90%=-297.79998779296875, 95%=-291.95001220703125, 98%=-285.67999267578125
ranking_best_algo: CMApara
ranking_best_score: 344.22
ranking_my_rank: 81/504 (84.1%)
ranking_my_percent: 84.12698412698413
