ConfigName: krbf__advnormalizedfitness__M3__L12__eps0p025__g0p01__ds0p15__dm0p3
Problem: QUBO
Kernel: rbf
Advantage: normalizedfitness
M: 3
lambda: 12
epsilon_svgd: 0.025
gamma: 0.01
decay_start_ratio: 0.15
decay_min_factor: 0.3
bandwith_kernel: None
no_interact: False
avg_score: -139.6999969482422
median_score: -141.0
std_score: 11.5303955078125
percentiles: 2%=-159.0, 5%=-158.0, 10%=-156.0, 25%=-146.25, 50%=-141.0, 75%=-130.75, 90%=-125.0, 95%=-121.0, 98%=-114.91998291015625
ranking_best_algo: DiscreteDE
ranking_best_score: 143.4
ranking_my_rank: 83/504 (83.7%)
ranking_my_percent: 83.73015873015873
