ConfigName: kjsd__advperagentrankweighted__M4__L10__eps0p015__g0p0005__ds0p05__dm0p05
Problem: QUBO
Kernel: jsd
Advantage: peragentrankweighted
M: 4
lambda: 10
epsilon_svgd: 0.015
gamma: 0.0005
decay_start_ratio: 0.05
decay_min_factor: 0.05
bandwith_kernel: None
no_interact: False
avg_score: -2644.580078125
median_score: -2653.5
std_score: 137.7735137939453
percentiles: 2%=-2895.219970703125, 5%=-2856.75, 10%=-2810.60009765625, 25%=-2740.75, 50%=-2653.5, 75%=-2556.75, 90%=-2459.60009765625, 95%=-2395.75, 98%=-2346.179931640625
ranking_best_algo: DiscreteLengler2OnePlusOne
ranking_best_score: 2617.04
ranking_my_rank: 1/504 (100.0%)
ranking_my_percent: 100.0
