ConfigName: kjsd__advperagentrankweighted__M5__L8__eps0p01__g0p003__ds0p05__dm0p2
Problem: QUBO
Kernel: jsd
Advantage: peragentrankweighted
M: 5
lambda: 8
epsilon_svgd: 0.01
gamma: 0.003
decay_start_ratio: 0.05
decay_min_factor: 0.2
bandwith_kernel: None
no_interact: False
avg_score: -1171.9200439453125
median_score: -1160.5
std_score: 69.80668640136719
percentiles: 2%=-1327.1600341796875, 5%=-1303.0, 10%=-1271.199951171875, 25%=-1212.0, 50%=-1160.5, 75%=-1118.75, 90%=-1089.0, 95%=-1074.0, 98%=-1070.8800048828125
ranking_best_algo: Tabu
ranking_best_score: 1216.16
ranking_my_rank: 89/504 (82.5%)
ranking_my_percent: 82.53968253968254
