ConfigName: kjsd__advperagentrankweighted__M6__L8__eps0p02__g0p0007__ds0p2__dm0p05
Problem: QUBO
Kernel: jsd
Advantage: peragentrankweighted
M: 6
lambda: 8
epsilon_svgd: 0.02
gamma: 0.0007
decay_start_ratio: 0.2
decay_min_factor: 0.05
bandwith_kernel: None
no_interact: False
avg_score: -1601.97998046875
median_score: -1606.5
std_score: 58.94047546386719
percentiles: 2%=-1711.5400390625, 5%=-1692.449951171875, 10%=-1681.0999755859375, 25%=-1640.25, 50%=-1606.5, 75%=-1561.25, 90%=-1524.9000244140625, 95%=-1502.9000244140625, 98%=-1500.800048828125
ranking_best_algo: NLOPT_LN_PRAXIS
ranking_best_score: 1607.12
ranking_my_rank: 11/504 (98.0%)
ranking_my_percent: 98.01587301587301
