ConfigName: krbf__advnormalizedfitness__M3__L10__eps0p033__g0p005__ds0p15__dm0p3
Problem: NK
Kernel: rbf
Advantage: normalizedfitness
M: 3
lambda: 10
epsilon_svgd: 0.033
gamma: 0.005
decay_start_ratio: 0.15
decay_min_factor: 0.3
bandwith_kernel: None
no_interact: False
avg_score: 0.7398505210876465
median_score: 0.7417593002319336
std_score: 0.011920560151338577
percentiles: 2%=0.7168190479278564, 5%=0.7180450558662415, 10%=0.7225796580314636, 25%=0.7309595942497253, 50%=0.7417593002319336, 75%=0.7486225366592407, 90%=0.754349946975708, 95%=0.7588420510292053, 98%=0.7595248222351074
ranking_best_algo: Tabu
ranking_best_score: 0.7601875690625
ranking_my_rank: 15/504 (97.2%)
ranking_my_percent: 97.22222222222223
