ConfigName: krbf__advnormalizedfitness__M4__L8__eps0p03__g0p01__ds0p05__dm0p05
Problem: QUBO
Kernel: rbf
Advantage: normalizedfitness
M: 4
lambda: 8
epsilon_svgd: 0.03
gamma: 0.01
decay_start_ratio: 0.05
decay_min_factor: 0.05
bandwith_kernel: None
no_interact: False
avg_score: -1162.1400146484375
median_score: -1166.5
std_score: 73.72734069824219
percentiles: 2%=-1320.219970703125, 5%=-1311.0999755859375, 10%=-1258.300048828125, 25%=-1201.0, 50%=-1166.5, 75%=-1112.75, 90%=-1056.800048828125, 95%=-1041.4000244140625, 98%=-1027.0
ranking_best_algo: SVMMetaModelLogNormal
ranking_best_score: 1233.7999999999997
ranking_my_rank: 86/504 (83.1%)
ranking_my_percent: 83.13492063492063
