ConfigName: krbf__advnormalizedfitness__M4__L12__eps0p025__g0p005__ds0p3__dm0p01
Problem: QUBO
Kernel: rbf
Advantage: normalizedfitness
M: 4
lambda: 12
epsilon_svgd: 0.025
gamma: 0.005
decay_start_ratio: 0.3
decay_min_factor: 0.01
bandwith_kernel: None
no_interact: False
avg_score: -201.3800048828125
median_score: -201.0
std_score: 11.901915550231934
percentiles: 2%=-224.0, 5%=-222.0, 10%=-218.3000030517578, 25%=-209.0, 50%=-201.0, 75%=-191.0, 90%=-184.89999389648438, 95%=-183.0, 98%=-181.9399871826172
ranking_best_algo: Tabu
ranking_best_score: 208.36000000000004
ranking_my_rank: 40/504 (92.3%)
ranking_my_percent: 92.26190476190476
