ConfigName: krbf__advnormalizedfitness__M3__L12__eps0p025__g0p015__ds0p15__dm0p3
Problem: NK
Kernel: rbf
Advantage: normalizedfitness
M: 3
lambda: 12
epsilon_svgd: 0.025
gamma: 0.015
decay_start_ratio: 0.15
decay_min_factor: 0.3
bandwith_kernel: None
no_interact: False
avg_score: 0.5749738812446594
median_score: 0.5741984844207764
std_score: 0.005802586209028959
percentiles: 2%=0.56535804271698, 5%=0.56668621301651, 10%=0.5683386921882629, 25%=0.5717126131057739, 50%=0.5741984844207764, 75%=0.5779550075531006, 90%=0.582951545715332, 95%=0.5852760672569275, 98%=0.589514434337616
ranking_best_algo: PBIL
ranking_best_score: 0.7170882103515624
ranking_my_rank: 388/504 (23.2%)
ranking_my_percent: 23.214285714285715
