ConfigName: krbf__advnormalizedfitness__M2__L8__eps0p025__g0p01__ds0p01__dm0p3
Problem: QUBO
Kernel: rbf
Advantage: normalizedfitness
M: 2
lambda: 8
epsilon_svgd: 0.025
gamma: 0.01
decay_start_ratio: 0.01
decay_min_factor: 0.3
bandwith_kernel: None
no_interact: False
avg_score: -196.67999267578125
median_score: -197.0
std_score: 13.72652816772461
percentiles: 2%=-224.0, 5%=-221.0500030517578, 10%=-215.0, 25%=-206.25, 50%=-197.0, 75%=-187.0, 90%=-178.89999389648438, 95%=-172.9499969482422, 98%=-169.9600067138672
ranking_best_algo: Tabu
ranking_best_score: 208.36000000000004
ranking_my_rank: 171/504 (66.3%)
ranking_my_percent: 66.26984126984127
