ConfigName: krbf__advnormalizedfitness__M1__L8__eps0p015__g0p007__ds0p01__dm0p3
Problem: QUBO
Kernel: rbf
Advantage: normalizedfitness
M: 1
lambda: 8
epsilon_svgd: 0.015
gamma: 0.007
decay_start_ratio: 0.01
decay_min_factor: 0.3
bandwith_kernel: None
no_interact: False
avg_score: -889.2000122070312
median_score: -889.0
std_score: 73.4687728881836
percentiles: 2%=-1032.199951171875, 5%=-997.8499755859375, 10%=-985.5, 25%=-940.0, 50%=-889.0, 75%=-829.5, 90%=-802.4000244140625, 95%=-772.9000244140625, 98%=-751.9199829101562
ranking_best_algo: CMAL3
ranking_best_score: 928.5800000000002
ranking_my_rank: 101/504 (80.2%)
ranking_my_percent: 80.15873015873017
