ConfigName: kjsd__advperagentrankweighted__M3__L16__eps0p01__g0p001__ds0p05__dm0p2
Problem: QUBO
Kernel: jsd
Advantage: peragentrankweighted
M: 3
lambda: 16
epsilon_svgd: 0.01
gamma: 0.001
decay_start_ratio: 0.05
decay_min_factor: 0.2
bandwith_kernel: None
no_interact: False
avg_score: -579.7999877929688
median_score: -581.0
std_score: 24.192562103271484
percentiles: 2%=-627.0800170898438, 5%=-614.0499877929688, 10%=-612.0, 25%=-598.25, 50%=-581.0, 75%=-559.75, 90%=-548.7999877929688, 95%=-541.9500122070312, 98%=-539.9000244140625
ranking_best_algo: Tabu
ranking_best_score: 588.7199999999999
ranking_my_rank: 40/503 (92.2%)
ranking_my_percent: 92.2465208747515
