ConfigName: kjsd__advperagentrankweighted__M5__L24__eps0p005__g0p0005__ds0p05__dm0p05
Problem: QUBO
Kernel: jsd
Advantage: peragentrankweighted
M: 5
lambda: 24
epsilon_svgd: 0.005
gamma: 0.0005
decay_start_ratio: 0.05
decay_min_factor: 0.05
bandwith_kernel: None
no_interact: False
avg_score: -2569.320068359375
median_score: -2566.0
std_score: 142.8317108154297
percentiles: 2%=-2851.300048828125, 5%=-2817.39990234375, 10%=-2766.89990234375, 25%=-2672.0, 50%=-2566.0, 75%=-2458.5, 90%=-2382.5, 95%=-2341.300048828125, 98%=-2311.9599609375
ranking_best_algo: DiscreteLengler2OnePlusOne
ranking_best_score: 2617.04
ranking_my_rank: 50/504 (90.3%)
ranking_my_percent: 90.27777777777777
