ConfigName: kjsd__advperagentrankweighted__M5__L12__eps0p005__g0p0005__ds0p05__dm0p05
Problem: NK
Kernel: jsd
Advantage: peragentrankweighted
M: 5
lambda: 12
epsilon_svgd: 0.005
gamma: 0.0005
decay_start_ratio: 0.05
decay_min_factor: 0.05
bandwith_kernel: None
no_interact: False
avg_score: 0.7104622721672058
median_score: 0.7119585871696472
std_score: 0.015314817428588867
percentiles: 2%=0.6714470982551575, 5%=0.6738677620887756, 10%=0.696806788444519, 25%=0.7070214152336121, 50%=0.7119585871696472, 75%=0.7196334600448608, 90%=0.7254354357719421, 95%=0.73211270570755, 98%=0.7333112359046936
ranking_best_algo: CMApara
ranking_best_score: 0.707475975
ranking_my_rank: 1/504 (100.0%)
ranking_my_percent: 100.0
