ConfigName: kjsd__advperagentrankweighted__M3__L16__eps0p01__g0p001__ds0p05__dm0p05
Problem: NK
Kernel: jsd
Advantage: peragentrankweighted
M: 3
lambda: 16
epsilon_svgd: 0.01
gamma: 0.001
decay_start_ratio: 0.05
decay_min_factor: 0.05
bandwith_kernel: None
no_interact: False
avg_score: 0.7391340732574463
median_score: 0.7384541034698486
std_score: 0.014585793018341064
percentiles: 2%=0.7144155502319336, 5%=0.7156822681427002, 10%=0.7200243473052979, 25%=0.7304472923278809, 50%=0.7384541034698486, 75%=0.746414840221405, 90%=0.7554748058319092, 95%=0.7649865746498108, 98%=0.7727100253105164
ranking_best_algo: Tabu
ranking_best_score: 0.7601875690625
ranking_my_rank: 16/504 (97.0%)
ranking_my_percent: 97.02380952380952
