ConfigName: kfr__advglobalrankweighted__M2__L11__eps0p02__g0p007__ds0p01__dm0p01
Problem: QUBO
Kernel: fr
Advantage: globalrankweighted
M: 2
lambda: 11
epsilon_svgd: 0.02
gamma: 0.007
decay_start_ratio: 0.01
decay_min_factor: 0.01
bandwith_kernel: None
no_interact: False
avg_score: -145.05999755859375
median_score: -145.0
std_score: 14.23644733428955
percentiles: 2%=-179.0, 5%=-173.3000030517578, 10%=-158.1999969482422, 25%=-154.25, 50%=-145.0, 75%=-135.75, 90%=-128.8000030517578, 95%=-125.0, 98%=-119.87997436523438
ranking_best_algo: CMApara
ranking_best_score: 154.28
ranking_my_rank: 172/504 (66.1%)
ranking_my_percent: 66.07142857142857
