ConfigName: kjsd__advperagentrankweighted__M3__L16__eps0p007__g0p001__ds0p1__dm0p2
Problem: NK
Kernel: jsd
Advantage: peragentrankweighted
M: 3
lambda: 16
epsilon_svgd: 0.007
gamma: 0.001
decay_start_ratio: 0.1
decay_min_factor: 0.2
bandwith_kernel: None
no_interact: False
avg_score: 0.7365795969963074
median_score: 0.7380070686340332
std_score: 0.008725373074412346
percentiles: 2%=0.717122495174408, 5%=0.7209177017211914, 10%=0.7235848307609558, 25%=0.7314082980155945, 50%=0.7380070686340332, 75%=0.7426607608795166, 90%=0.7458271980285645, 95%=0.7490105032920837, 98%=0.7521915435791016
ranking_best_algo: PBIL
ranking_best_score: 0.730509098125
ranking_my_rank: 1/504 (100.0%)
ranking_my_percent: 100.0
