ConfigName: kjsd__advperagentrankweighted__M3__L20__eps0p007__g0p0005__ds0p1__dm0p2
Problem: QUBO
Kernel: jsd
Advantage: peragentrankweighted
M: 3
lambda: 20
epsilon_svgd: 0.007
gamma: 0.0005
decay_start_ratio: 0.1
decay_min_factor: 0.2
bandwith_kernel: None
no_interact: False
avg_score: -308.260009765625
median_score: -304.0
std_score: 39.76345443725586
percentiles: 2%=-392.1199951171875, 5%=-390.0, 10%=-352.79998779296875, 25%=-334.0, 50%=-304.0, 75%=-273.5, 90%=-263.8999938964844, 95%=-259.8500061035156, 98%=-251.83999633789062
ranking_best_algo: CMApara
ranking_best_score: 319.29999999999995
ranking_my_rank: 90/504 (82.3%)
ranking_my_percent: 82.34126984126983
