ConfigName: kjsd__advperagentrankweighted__M3__L18__eps0p005__g0p0007__ds0p2__dm0p05
Problem: NK
Kernel: jsd
Advantage: peragentrankweighted
M: 3
lambda: 18
epsilon_svgd: 0.005
gamma: 0.0007
decay_start_ratio: 0.2
decay_min_factor: 0.05
bandwith_kernel: None
no_interact: False
avg_score: 0.7445811629295349
median_score: 0.7398467659950256
std_score: 0.028375614434480667
percentiles: 2%=0.6999504566192627, 5%=0.7102291584014893, 10%=0.7141855359077454, 25%=0.7232998609542847, 50%=0.7398467659950256, 75%=0.7617001533508301, 90%=0.7760230898857117, 95%=0.8047558665275574, 98%=0.8118547797203064
ranking_best_algo: CMApara
ranking_best_score: 0.7459277895312499
ranking_my_rank: 3/504 (99.6%)
ranking_my_percent: 99.60317460317461
