ConfigName: kjsd__advperagentrankweighted__M3__L20__eps0p007__g0p003__ds0p05__dm0p2
Problem: NK
Kernel: jsd
Advantage: peragentrankweighted
M: 3
lambda: 20
epsilon_svgd: 0.007
gamma: 0.003
decay_start_ratio: 0.05
decay_min_factor: 0.2
bandwith_kernel: None
no_interact: False
avg_score: 0.72487473487854
median_score: 0.7256985306739807
std_score: 0.01833844557404518
percentiles: 2%=0.6868486404418945, 5%=0.6911700367927551, 10%=0.7013520002365112, 25%=0.7132279872894287, 50%=0.7256985306739807, 75%=0.7388670444488525, 90%=0.7464993000030518, 95%=0.7533761262893677, 98%=0.7556601166725159
ranking_best_algo: Tabu
ranking_best_score: 0.7601875690625
ranking_my_rank: 113/504 (77.8%)
ranking_my_percent: 77.77777777777777
