ConfigName: kjsd__advperagentrankweighted__M3__L24__eps0p005__g0p0005__ds0p05__dm0p05
Problem: NK
Kernel: jsd
Advantage: peragentrankweighted
M: 3
lambda: 24
epsilon_svgd: 0.005
gamma: 0.0005
decay_start_ratio: 0.05
decay_min_factor: 0.05
bandwith_kernel: None
no_interact: False
avg_score: 0.7493166923522949
median_score: 0.7485331296920776
std_score: 0.008467241190373898
percentiles: 2%=0.7323529720306396, 5%=0.7372859120368958, 10%=0.7392558455467224, 25%=0.7435669898986816, 50%=0.7485331296920776, 75%=0.7535610795021057, 90%=0.7609789371490479, 95%=0.7639636993408203, 98%=0.7676641345024109
ranking_best_algo: PBIL
ranking_best_score: 0.733570253046875
ranking_my_rank: 1/504 (100.0%)
ranking_my_percent: 100.0
