ConfigName: krbf__advnormalizedfitness__M4__L12__eps0p033__g0p005__ds0p15__dm0p3
Problem: QUBO
Kernel: rbf
Advantage: normalizedfitness
M: 4
lambda: 12
epsilon_svgd: 0.033
gamma: 0.005
decay_start_ratio: 0.15
decay_min_factor: 0.3
bandwith_kernel: None
no_interact: False
avg_score: -934.5599975585938
median_score: -940.0
std_score: 59.23501205444336
percentiles: 2%=-1036.719970703125, 5%=-1020.5999755859375, 10%=-1009.4000244140625, 25%=-972.0, 50%=-940.0, 75%=-898.0, 90%=-853.7000122070312, 95%=-837.0, 98%=-804.8399658203125
ranking_best_algo: CMApara
ranking_best_score: 964.9
ranking_my_rank: 16/504 (97.0%)
ranking_my_percent: 97.02380952380952
