ConfigName: kjsd__advperagentrankweighted__M3__L18__eps0p007__g0p003__ds0p05__dm0p1
Problem: QUBO
Kernel: jsd
Advantage: peragentrankweighted
M: 3
lambda: 18
epsilon_svgd: 0.007
gamma: 0.003
decay_start_ratio: 0.05
decay_min_factor: 0.1
bandwith_kernel: None
no_interact: False
avg_score: -200.9600067138672
median_score: -202.0
std_score: 13.53803539276123
percentiles: 2%=-224.0, 5%=-224.0, 10%=-220.10000610351562, 25%=-209.0, 50%=-202.0, 75%=-192.75, 90%=-181.0, 95%=-178.89999389648438, 98%=-171.9600067138672
ranking_best_algo: Tabu
ranking_best_score: 208.36000000000004
ranking_my_rank: 43/504 (91.7%)
ranking_my_percent: 91.66666666666667
