ConfigName: krbf__advnormalizedfitness__M3__L10__eps0p03__g0p01__ds0p05__dm0p05
Problem: QUBO
Kernel: rbf
Advantage: normalizedfitness
M: 3
lambda: 10
epsilon_svgd: 0.03
gamma: 0.01
decay_start_ratio: 0.05
decay_min_factor: 0.05
bandwith_kernel: None
no_interact: False
avg_score: -424.55999755859375
median_score: -426.0
std_score: 27.87411880493164
percentiles: 2%=-479.0, 5%=-477.0, 10%=-462.1000061035156, 25%=-439.25, 50%=-426.0, 75%=-408.75, 90%=-391.0, 95%=-376.8500061035156, 98%=-362.82000732421875
ranking_best_algo: CMAL3
ranking_best_score: 435.36
ranking_my_rank: 30/504 (94.2%)
ranking_my_percent: 94.24603174603175
