ConfigName: kjsd__advperagentrankweighted__M4__L10__eps0p03__g0p0007__ds0p05__dm0p05
Problem: NK
Kernel: jsd
Advantage: peragentrankweighted
M: 4
lambda: 10
epsilon_svgd: 0.03
gamma: 0.0007
decay_start_ratio: 0.05
decay_min_factor: 0.05
bandwith_kernel: None
no_interact: False
avg_score: 0.7071830630302429
median_score: 0.7090802192687988
std_score: 0.015466855838894844
percentiles: 2%=0.667768657207489, 5%=0.6706898808479309, 10%=0.6901410222053528, 25%=0.7017179727554321, 50%=0.7090802192687988, 75%=0.7162771224975586, 90%=0.723610520362854, 95%=0.7312988042831421, 98%=0.7316621541976929
ranking_best_algo: CMApara
ranking_best_score: 0.707475975
ranking_my_rank: 2/504 (99.8%)
ranking_my_percent: 99.8015873015873
