ConfigName: kjsd__advperagentrankweighted__M5__L8__eps0p01__g0p0003__ds0p2__dm0p05
Problem: NK
Kernel: jsd
Advantage: peragentrankweighted
M: 5
lambda: 8
epsilon_svgd: 0.01
gamma: 0.0003
decay_start_ratio: 0.2
decay_min_factor: 0.05
bandwith_kernel: None
no_interact: False
avg_score: 0.7491574883460999
median_score: 0.7489995360374451
std_score: 0.012679839506745338
percentiles: 2%=0.7247157692909241, 5%=0.7271295785903931, 10%=0.7348891496658325, 25%=0.7407718300819397, 50%=0.7489995360374451, 75%=0.7587926387786865, 90%=0.7649968266487122, 95%=0.7688694596290588, 98%=0.7712063789367676
ranking_best_algo: Tabu
ranking_best_score: 0.7657846284375001
ranking_my_rank: 30/504 (94.2%)
ranking_my_percent: 94.24603174603175
