ConfigName: kjsd__advperagentrankweighted__M10__L10__eps0p008__g0p0005__ds0p05__dm0p05
Problem: QUBO
Kernel: jsd
Advantage: peragentrankweighted
M: 10
lambda: 10
epsilon_svgd: 0.008
gamma: 0.0005
decay_start_ratio: 0.05
decay_min_factor: 0.05
bandwith_kernel: None
no_interact: False
avg_score: -581.5999755859375
median_score: -581.5
std_score: 24.847536087036133
percentiles: 2%=-631.1199951171875, 5%=-623.0999755859375, 10%=-613.0, 25%=-599.0, 50%=-581.5, 75%=-566.75, 90%=-547.7999877929688, 95%=-537.0, 98%=-534.9000244140625
ranking_best_algo: Tabu
ranking_best_score: 588.7199999999999
ranking_my_rank: 36/503 (93.0%)
ranking_my_percent: 93.04174950298211
