ConfigName: kjsd__advperagentrankweighted__M4__L8__eps0p01__g0p0007__ds0p4__dm0p05
Problem: QUBO
Kernel: jsd
Advantage: peragentrankweighted
M: 4
lambda: 8
epsilon_svgd: 0.01
gamma: 0.0007
decay_start_ratio: 0.4
decay_min_factor: 0.05
bandwith_kernel: None
no_interact: False
avg_score: -309.79998779296875
median_score: -311.0
std_score: 38.6771240234375
percentiles: 2%=-394.0400085449219, 5%=-388.1000061035156, 10%=-359.6000061035156, 25%=-334.5, 50%=-311.0, 75%=-274.75, 90%=-263.79998779296875, 95%=-257.0, 98%=-255.9600067138672
ranking_best_algo: CMApara
ranking_best_score: 319.29999999999995
ranking_my_rank: 69/504 (86.5%)
ranking_my_percent: 86.5079365079365
