ConfigName: krbf__advnormalizedfitness__M4__L15__eps0p025__g0p01__ds0p3__dm0p01
Problem: QUBO
Kernel: rbf
Advantage: normalizedfitness
M: 4
lambda: 15
epsilon_svgd: 0.025
gamma: 0.01
decay_start_ratio: 0.3
decay_min_factor: 0.01
bandwith_kernel: None
no_interact: False
avg_score: -1053.6199951171875
median_score: -1064.5
std_score: 91.245361328125
percentiles: 2%=-1232.3199462890625, 5%=-1217.4000244140625, 10%=-1173.0, 25%=-1113.75, 50%=-1064.5, 75%=-985.75, 90%=-935.5999755859375, 95%=-925.9000244140625, 98%=-919.9599609375
ranking_best_algo: Tabu
ranking_best_score: 1216.16
ranking_my_rank: 234/504 (53.8%)
ranking_my_percent: 53.76984126984127
