ConfigName: kjsd__advperagentrankweighted__M6__L10__eps0p02__g0p0005__ds0p2__dm0p05
Problem: QUBO
Kernel: jsd
Advantage: peragentrankweighted
M: 6
lambda: 10
epsilon_svgd: 0.02
gamma: 0.0005
decay_start_ratio: 0.2
decay_min_factor: 0.05
bandwith_kernel: None
no_interact: False
avg_score: -139.3000030517578
median_score: -141.5
std_score: 11.47475528717041
percentiles: 2%=-158.02000427246094, 5%=-157.0, 10%=-155.10000610351562, 25%=-146.25, 50%=-141.5, 75%=-130.0, 90%=-125.0, 95%=-123.0, 98%=-116.87999725341797
ranking_best_algo: DiscreteDE
ranking_best_score: 143.4
ranking_my_rank: 86/504 (83.1%)
ranking_my_percent: 83.13492063492063
