ConfigName: krbf__advnormalizedfitness__M4__L10__eps0p025__g0p007__ds0p3__dm0p3
Problem: NK
Kernel: rbf
Advantage: normalizedfitness
M: 4
lambda: 10
epsilon_svgd: 0.025
gamma: 0.007
decay_start_ratio: 0.3
decay_min_factor: 0.3
bandwith_kernel: None
no_interact: False
avg_score: 0.700747013092041
median_score: 0.702937126159668
std_score: 0.01237165741622448
percentiles: 2%=0.6810308694839478, 5%=0.6831615567207336, 10%=0.684904932975769, 25%=0.6888623237609863, 50%=0.702937126159668, 75%=0.7114289999008179, 90%=0.7172784805297852, 95%=0.7184056043624878, 98%=0.7191234230995178
ranking_best_algo: PBIL
ranking_best_score: 0.7013553837109374
ranking_my_rank: 2/504 (99.8%)
ranking_my_percent: 99.8015873015873
