ConfigName: kjsd__advperagentrankweighted__M3__L20__eps0p005__g0p0005__ds0p1__dm0p2
Problem: NK
Kernel: jsd
Advantage: peragentrankweighted
M: 3
lambda: 20
epsilon_svgd: 0.005
gamma: 0.0005
decay_start_ratio: 0.1
decay_min_factor: 0.2
bandwith_kernel: None
no_interact: False
avg_score: 0.7408190369606018
median_score: 0.7412341237068176
std_score: 0.013675901107490063
percentiles: 2%=0.7143803238868713, 5%=0.7207462787628174, 10%=0.7249615788459778, 25%=0.7303260564804077, 50%=0.7412341237068176, 75%=0.7491943836212158, 90%=0.7592669725418091, 95%=0.7648246884346008, 98%=0.7685851454734802
ranking_best_algo: Tabu
ranking_best_score: 0.7601875690625
ranking_my_rank: 12/504 (97.8%)
ranking_my_percent: 97.81746031746032
