ConfigName: krbf__advnormalizedfitness__M5__L24__eps0p025__g0p01__ds0p05__dm0p05
Problem: QUBO
Kernel: rbf
Advantage: normalizedfitness
M: 5
lambda: 24
epsilon_svgd: 0.025
gamma: 0.01
decay_start_ratio: 0.05
decay_min_factor: 0.05
bandwith_kernel: None
no_interact: False
avg_score: -969.47998046875
median_score: -951.0
std_score: 92.24710845947266
percentiles: 2%=-1200.1199951171875, 5%=-1151.25, 10%=-1088.800048828125, 25%=-1016.0, 50%=-951.0, 75%=-902.0, 90%=-855.7000122070312, 95%=-850.8499755859375, 98%=-844.97998046875
ranking_best_algo: RLSOnePlusOne
ranking_best_score: 3316.5199999999995
ranking_my_rank: 396/504 (21.6%)
ranking_my_percent: 21.626984126984127
