ConfigName: kjsd__advperagentrankweighted__M5__L8__eps0p01__g0p0007__ds0p2__dm0p05
Problem: QUBO
Kernel: jsd
Advantage: peragentrankweighted
M: 5
lambda: 8
epsilon_svgd: 0.01
gamma: 0.0007
decay_start_ratio: 0.2
decay_min_factor: 0.05
bandwith_kernel: None
no_interact: False
avg_score: -3300.780029296875
median_score: -3306.0
std_score: 130.51065063476562
percentiles: 2%=-3518.4599609375, 5%=-3494.199951171875, 10%=-3453.199951171875, 25%=-3388.0, 50%=-3306.0, 75%=-3231.75, 90%=-3108.699951171875, 95%=-3094.199951171875, 98%=-3060.760009765625
ranking_best_algo: RLSOnePlusOne
ranking_best_score: 3316.5199999999995
ranking_my_rank: 3/504 (99.6%)
ranking_my_percent: 99.60317460317461
