ConfigName: kjsd__advperagentrankweighted__M3__L24__eps0p007__g0p0005__ds0p05__dm0p1
Problem: NK
Kernel: jsd
Advantage: peragentrankweighted
M: 3
lambda: 24
epsilon_svgd: 0.007
gamma: 0.0005
decay_start_ratio: 0.05
decay_min_factor: 0.1
bandwith_kernel: None
no_interact: False
avg_score: 0.7095659375190735
median_score: 0.7108451128005981
std_score: 0.015285739675164223
percentiles: 2%=0.6702802181243896, 5%=0.671051025390625, 10%=0.6958283185958862, 25%=0.7061624526977539, 50%=0.7108451128005981, 75%=0.7185876369476318, 90%=0.725051760673523, 95%=0.731499969959259, 98%=0.7329809069633484
ranking_best_algo: CMApara
ranking_best_score: 0.707475975
ranking_my_rank: 1/504 (100.0%)
ranking_my_percent: 100.0
