ConfigName: krbf__advnormalizedfitness__M4__L8__eps0p015__g0p015__ds0p3__dm0p01
Problem: NK
Kernel: rbf
Advantage: normalizedfitness
M: 4
lambda: 8
epsilon_svgd: 0.015
gamma: 0.015
decay_start_ratio: 0.3
decay_min_factor: 0.01
bandwith_kernel: None
no_interact: False
avg_score: 0.7116968631744385
median_score: 0.7008610367774963
std_score: 0.031611885875463486
percentiles: 2%=0.673247218132019, 5%=0.6739714741706848, 10%=0.6795800924301147, 25%=0.6824496388435364, 50%=0.7008610367774963, 75%=0.747138500213623, 90%=0.7530527710914612, 95%=0.7613165378570557, 98%=0.7613165378570557
ranking_best_algo: CMApara
ranking_best_score: 0.7118996098437498
ranking_my_rank: 2/504 (99.8%)
ranking_my_percent: 99.8015873015873
