ConfigName: kjsd__advperagentrankweighted__M3__L18__eps0p01__g0p0005__ds0p05__dm0p2
Problem: QUBO
Kernel: jsd
Advantage: peragentrankweighted
M: 3
lambda: 18
epsilon_svgd: 0.01
gamma: 0.0005
decay_start_ratio: 0.05
decay_min_factor: 0.2
bandwith_kernel: None
no_interact: False
avg_score: -932.4000244140625
median_score: -923.5
std_score: 60.35743713378906
percentiles: 2%=-1072.0400390625, 5%=-1047.0999755859375, 10%=-1012.7999877929688, 25%=-974.25, 50%=-923.5, 75%=-883.75, 90%=-862.7999877929688, 95%=-849.9500122070312, 98%=-840.780029296875
ranking_best_algo: CMApara
ranking_best_score: 964.9
ranking_my_rank: 19/504 (96.4%)
ranking_my_percent: 96.42857142857143
