ConfigName: krbf__advglobalrankweighted__M4__L9__eps0p01__g0p007__ds0p01__dm0p01
Problem: QUBO
Kernel: rbf
Advantage: globalrankweighted
M: 4
lambda: 9
epsilon_svgd: 0.01
gamma: 0.007
decay_start_ratio: 0.01
decay_min_factor: 0.01
bandwith_kernel: None
no_interact: False
avg_score: -1162.5400390625
median_score: -1160.0
std_score: 65.4483642578125
percentiles: 2%=-1309.199951171875, 5%=-1283.8499755859375, 10%=-1241.0999755859375, 25%=-1205.25, 50%=-1160.0, 75%=-1118.75, 90%=-1081.9000244140625, 95%=-1076.0, 98%=-1041.7999267578125
ranking_best_algo: Tabu
ranking_best_score: 1216.16
ranking_my_rank: 98/504 (80.8%)
ranking_my_percent: 80.75396825396825
