ConfigName: kjsd__advperagentrankweighted__M5__L12__eps0p008__g0p0005__ds0p3__dm0p05
Problem: QUBO
Kernel: jsd
Advantage: peragentrankweighted
M: 5
lambda: 12
epsilon_svgd: 0.008
gamma: 0.0005
decay_start_ratio: 0.3
decay_min_factor: 0.05
bandwith_kernel: None
no_interact: False
avg_score: -580.4600219726562
median_score: -577.5
std_score: 24.322589874267578
percentiles: 2%=-630.1799926757812, 5%=-623.0499877929688, 10%=-613.0, 25%=-598.25, 50%=-577.5, 75%=-563.0, 90%=-549.7999877929688, 95%=-541.8499755859375, 98%=-536.9600219726562
ranking_best_algo: Tabu
ranking_best_score: 588.7199999999999
ranking_my_rank: 37/503 (92.8%)
ranking_my_percent: 92.84294234592446
