ConfigName: krbf__advnormalizedfitness__M3__L10__eps0p033__g0p007__ds0p01__dm0p01
Problem: QUBO
Kernel: rbf
Advantage: normalizedfitness
M: 3
lambda: 10
epsilon_svgd: 0.033
gamma: 0.007
decay_start_ratio: 0.01
decay_min_factor: 0.01
bandwith_kernel: None
no_interact: False
avg_score: -2592.840087890625
median_score: -2588.0
std_score: 133.16432189941406
percentiles: 2%=-2864.02001953125, 5%=-2802.050048828125, 10%=-2764.39990234375, 25%=-2685.5, 50%=-2588.0, 75%=-2488.75, 90%=-2433.0, 95%=-2367.5, 98%=-2337.019775390625
ranking_best_algo: DiscreteLengler2OnePlusOne
ranking_best_score: 2617.04
ranking_my_rank: 39/504 (92.5%)
ranking_my_percent: 92.46031746031746
