ConfigName: kjsd__advperagentrankweighted__M5__L8__eps0p02__g0p0003__ds0p05__dm0p05
Problem: NK
Kernel: jsd
Advantage: peragentrankweighted
M: 5
lambda: 8
epsilon_svgd: 0.02
gamma: 0.0003
decay_start_ratio: 0.05
decay_min_factor: 0.05
bandwith_kernel: None
no_interact: False
avg_score: 0.7238627672195435
median_score: 0.7251938581466675
std_score: 0.008861345238983631
percentiles: 2%=0.7073425054550171, 5%=0.7088050842285156, 10%=0.7116404175758362, 25%=0.7176187038421631, 50%=0.7251938581466675, 75%=0.7294779419898987, 90%=0.7342737913131714, 95%=0.7389055490493774, 98%=0.7405008673667908
ranking_best_algo: PBIL
ranking_best_score: 0.733570253046875
ranking_my_rank: 44/504 (91.5%)
ranking_my_percent: 91.46825396825396
