ConfigName: krbf__advnormalizedfitness__M3__L10__eps0p025__g0p005__ds0p01__dm0p01
Problem: NK
Kernel: rbf
Advantage: normalizedfitness
M: 3
lambda: 10
epsilon_svgd: 0.025
gamma: 0.005
decay_start_ratio: 0.01
decay_min_factor: 0.01
bandwith_kernel: None
no_interact: False
avg_score: 0.707375705242157
median_score: 0.7094054222106934
std_score: 0.011682973243296146
percentiles: 2%=0.6883348226547241, 5%=0.6892133355140686, 10%=0.6916700601577759, 25%=0.6958871483802795, 50%=0.7094054222106934, 75%=0.7175531983375549, 90%=0.7210598587989807, 95%=0.7223806381225586, 98%=0.7232389450073242
ranking_best_algo: PBIL
ranking_best_score: 0.7013553837109374
ranking_my_rank: 1/504 (100.0%)
ranking_my_percent: 100.0
