ConfigName: kjsd__advperagentrankweighted__M4__L20__eps0p007__g0p0005__ds0p05__dm0p05
Problem: QUBO
Kernel: jsd
Advantage: peragentrankweighted
M: 4
lambda: 20
epsilon_svgd: 0.007
gamma: 0.0005
decay_start_ratio: 0.05
decay_min_factor: 0.05
bandwith_kernel: None
no_interact: False
avg_score: -310.6199951171875
median_score: -310.0
std_score: 38.726417541503906
percentiles: 2%=-398.0, 5%=-390.0, 10%=-356.6000061035156, 25%=-334.5, 50%=-310.0, 75%=-275.0, 90%=-267.8999938964844, 95%=-260.0, 98%=-256.94000244140625
ranking_best_algo: CMApara
ranking_best_score: 319.29999999999995
ranking_my_rank: 58/504 (88.7%)
ranking_my_percent: 88.69047619047619
