ConfigName: krbf__advnormalizedfitness__M4__L10__eps0p025__g0p01__ds0p15__dm0p01
Problem: QUBO
Kernel: rbf
Advantage: normalizedfitness
M: 4
lambda: 10
epsilon_svgd: 0.025
gamma: 0.01
decay_start_ratio: 0.15
decay_min_factor: 0.01
bandwith_kernel: None
no_interact: False
avg_score: -422.9599914550781
median_score: -418.0
std_score: 28.007827758789062
percentiles: 2%=-485.0400085449219, 5%=-475.20001220703125, 10%=-461.20001220703125, 25%=-438.5, 50%=-418.0, 75%=-407.75, 90%=-395.70001220703125, 95%=-386.25006103515625, 98%=-361.9599914550781
ranking_best_algo: CMAL3
ranking_best_score: 435.36
ranking_my_rank: 33/504 (93.7%)
ranking_my_percent: 93.65079365079364
