ConfigName: kjsd__advperagentrankweighted__M3__L18__eps0p007__g0p003__ds0p2__dm0p1
Problem: NK
Kernel: jsd
Advantage: peragentrankweighted
M: 3
lambda: 18
epsilon_svgd: 0.007
gamma: 0.003
decay_start_ratio: 0.2
decay_min_factor: 0.1
bandwith_kernel: None
no_interact: False
avg_score: 0.7103906869888306
median_score: 0.7109789252281189
std_score: 0.015201834961771965
percentiles: 2%=0.6724275350570679, 5%=0.6736101508140564, 10%=0.6958091259002686, 25%=0.7074984908103943, 50%=0.7109789252281189, 75%=0.7198633551597595, 90%=0.7252969741821289, 95%=0.7327704429626465, 98%=0.7332702279090881
ranking_best_algo: CMApara
ranking_best_score: 0.707475975
ranking_my_rank: 1/504 (100.0%)
ranking_my_percent: 100.0
