ConfigName: kjsd__advperagentrankweighted__M4__L20__eps0p007__g0p0005__ds0p05__dm0p2
Problem: QUBO
Kernel: jsd
Advantage: peragentrankweighted
M: 4
lambda: 20
epsilon_svgd: 0.007
gamma: 0.0005
decay_start_ratio: 0.05
decay_min_factor: 0.2
bandwith_kernel: None
no_interact: False
avg_score: -1302.300048828125
median_score: -1300.0
std_score: 57.2888298034668
percentiles: 2%=-1426.1400146484375, 5%=-1413.550048828125, 10%=-1377.199951171875, 25%=-1342.25, 50%=-1300.0, 75%=-1264.0, 90%=-1238.4000244140625, 95%=-1224.5999755859375, 98%=-1176.9599609375
ranking_best_algo: BigLognormalDiscreteOnePlusOne
ranking_best_score: 1301.3600000000004
ranking_my_rank: 1/504 (100.0%)
ranking_my_percent: 100.0
