ConfigName: krbf__advnormalizedfitness__M3__L10__eps0p033__g0p007__ds0p15__dm0p3
Problem: QUBO
Kernel: rbf
Advantage: normalizedfitness
M: 3
lambda: 10
epsilon_svgd: 0.033
gamma: 0.007
decay_start_ratio: 0.15
decay_min_factor: 0.3
bandwith_kernel: None
no_interact: False
avg_score: -138.9199981689453
median_score: -139.0
std_score: 10.862485885620117
percentiles: 2%=-159.02000427246094, 5%=-158.0, 10%=-153.1999969482422, 25%=-146.0, 50%=-139.0, 75%=-130.0, 90%=-124.80000305175781, 95%=-122.90000915527344, 98%=-118.95999145507812
ranking_best_algo: DiscreteDE
ranking_best_score: 143.4
ranking_my_rank: 94/504 (81.5%)
ranking_my_percent: 81.54761904761905
