ConfigName: kjsd__advperagentrankweighted__M4__L30__eps0p005__g0p0005__ds0p05__dm0p05
Problem: QUBO
Kernel: jsd
Advantage: peragentrankweighted
M: 4
lambda: 30
epsilon_svgd: 0.005
gamma: 0.0005
decay_start_ratio: 0.05
decay_min_factor: 0.05
bandwith_kernel: None
no_interact: False
avg_score: -200.89999389648438
median_score: -203.0
std_score: 11.821590423583984
percentiles: 2%=-224.0, 5%=-224.0, 10%=-213.0, 25%=-209.0, 50%=-203.0, 75%=-192.75, 90%=-185.89999389648438, 95%=-180.0, 98%=-177.82000732421875
ranking_best_algo: Tabu
ranking_best_score: 208.36000000000004
ranking_my_rank: 44/504 (91.5%)
ranking_my_percent: 91.46825396825396
