ConfigName: kjsd__advperagentrankweighted__M6__L8__eps0p02__g0p0003__ds0p2__dm0p05
Problem: QUBO
Kernel: jsd
Advantage: peragentrankweighted
M: 6
lambda: 8
epsilon_svgd: 0.02
gamma: 0.0003
decay_start_ratio: 0.2
decay_min_factor: 0.05
bandwith_kernel: None
no_interact: False
avg_score: -1567.1800537109375
median_score: -1570.5
std_score: 54.76008987426758
percentiles: 2%=-1680.300048828125, 5%=-1667.449951171875, 10%=-1637.199951171875, 25%=-1598.25, 50%=-1570.5, 75%=-1526.75, 90%=-1498.9000244140625, 95%=-1482.5, 98%=-1468.800048828125
ranking_best_algo: NLOPT_LN_PRAXIS
ranking_best_score: 1607.12
ranking_my_rank: 47/504 (90.9%)
ranking_my_percent: 90.87301587301587
