ConfigName: kjsd__advperagentrankweighted__M3__L16__eps0p005__g0p003__ds0p1__dm0p1
Problem: NK
Kernel: jsd
Advantage: peragentrankweighted
M: 3
lambda: 16
epsilon_svgd: 0.005
gamma: 0.003
decay_start_ratio: 0.1
decay_min_factor: 0.1
bandwith_kernel: None
no_interact: False
avg_score: 0.727266252040863
median_score: 0.7271351218223572
std_score: 0.020506326109170914
percentiles: 2%=0.687766969203949, 5%=0.6939024329185486, 10%=0.6971714496612549, 25%=0.7136171460151672, 50%=0.7271351218223572, 75%=0.7399573922157288, 90%=0.755770206451416, 95%=0.7597842812538147, 98%=0.7618868947029114
ranking_best_algo: Tabu
ranking_best_score: 0.7601875690625
ranking_my_rank: 59/504 (88.5%)
ranking_my_percent: 88.4920634920635
