ConfigName: kjsd__advperagentrankweighted__M5__L24__eps0p008__g0p0005__ds0p3__dm0p05
Problem: QUBO
Kernel: jsd
Advantage: peragentrankweighted
M: 5
lambda: 24
epsilon_svgd: 0.008
gamma: 0.0005
decay_start_ratio: 0.3
decay_min_factor: 0.05
bandwith_kernel: None
no_interact: False
avg_score: -585.8599853515625
median_score: -587.0
std_score: 29.62870979309082
percentiles: 2%=-638.02001953125, 5%=-632.0999755859375, 10%=-627.0, 25%=-611.75, 50%=-587.0, 75%=-563.0, 90%=-549.0, 95%=-538.0, 98%=-534.8599853515625
ranking_best_algo: Tabu
ranking_best_score: 588.7199999999999
ranking_my_rank: 5/503 (99.2%)
ranking_my_percent: 99.20477137176938
