ConfigName: kjsd__advperagentrankweighted__M6__L12__eps0p008__g0p0005__ds0p05__dm0p05
Problem: QUBO
Kernel: jsd
Advantage: peragentrankweighted
M: 6
lambda: 12
epsilon_svgd: 0.008
gamma: 0.0005
decay_start_ratio: 0.05
decay_min_factor: 0.05
bandwith_kernel: None
no_interact: False
avg_score: -922.0
median_score: -918.5
std_score: 55.76970672607422
percentiles: 2%=-1026.0400390625, 5%=-1013.0499877929688, 10%=-995.4000244140625, 25%=-959.5, 50%=-918.5, 75%=-884.0, 90%=-854.0999755859375, 95%=-836.5499877929688, 98%=-810.5599975585938
ranking_best_algo: CMAL3
ranking_best_score: 928.5800000000002
ranking_my_rank: 8/504 (98.6%)
ranking_my_percent: 98.61111111111111
