ConfigName: krbf__advnormalizedfitness__M3__L8__eps0p015__g0p015__ds0p01__dm0p01
Problem: NK
Kernel: rbf
Advantage: normalizedfitness
M: 3
lambda: 8
epsilon_svgd: 0.015
gamma: 0.015
decay_start_ratio: 0.01
decay_min_factor: 0.01
bandwith_kernel: None
no_interact: False
avg_score: 0.7535133361816406
median_score: 0.7526386380195618
std_score: 0.014517019502818584
percentiles: 2%=0.7238203883171082, 5%=0.7306295037269592, 10%=0.7337785363197327, 25%=0.7439925074577332, 50%=0.7526386380195618, 75%=0.7654104828834534, 90%=0.7744808197021484, 95%=0.7756787538528442, 98%=0.7788238525390625
ranking_best_algo: Tabu
ranking_best_score: 0.7470791764843752
ranking_my_rank: 1/504 (100.0%)
ranking_my_percent: 100.0
