ConfigName: krbf__advnormalizedfitness__M4__L12__eps0p025__g0p01__ds0p3__dm0p01
Problem: NK
Kernel: rbf
Advantage: normalizedfitness
M: 4
lambda: 12
epsilon_svgd: 0.025
gamma: 0.01
decay_start_ratio: 0.3
decay_min_factor: 0.01
bandwith_kernel: None
no_interact: False
avg_score: 0.698826014995575
median_score: 0.7024309039115906
std_score: 0.012546023353934288
percentiles: 2%=0.6783636212348938, 5%=0.6790859699249268, 10%=0.6836167573928833, 25%=0.6878670454025269, 50%=0.7024309039115906, 75%=0.7094645500183105, 90%=0.7145012617111206, 95%=0.7165306210517883, 98%=0.7180252075195312
ranking_best_algo: PBIL
ranking_best_score: 0.7013553837109374
ranking_my_rank: 3/504 (99.6%)
ranking_my_percent: 99.60317460317461
