ConfigName: kjsd__advperagentrankweighted__M3__L16__eps0p01__g0p001__ds0p2__dm0p05
Problem: QUBO
Kernel: jsd
Advantage: peragentrankweighted
M: 3
lambda: 16
epsilon_svgd: 0.01
gamma: 0.001
decay_start_ratio: 0.2
decay_min_factor: 0.05
bandwith_kernel: None
no_interact: False
avg_score: -1188.93994140625
median_score: -1175.0
std_score: 68.28042602539062
percentiles: 2%=-1331.239990234375, 5%=-1302.0999755859375, 10%=-1288.0999755859375, 25%=-1242.0, 50%=-1175.0, 75%=-1139.5, 90%=-1111.9000244140625, 95%=-1097.6500244140625, 98%=-1076.9599609375
ranking_best_algo: Tabu
ranking_best_score: 1216.16
ranking_my_rank: 57/504 (88.9%)
ranking_my_percent: 88.88888888888889
