ConfigName: krbf__advnormalizedfitness__M3__L8__eps0p015__g0p005__ds0p01__dm0p01
Problem: QUBO
Kernel: rbf
Advantage: normalizedfitness
M: 3
lambda: 8
epsilon_svgd: 0.015
gamma: 0.005
decay_start_ratio: 0.01
decay_min_factor: 0.01
bandwith_kernel: None
no_interact: False
avg_score: -3231.080078125
median_score: -3219.5
std_score: 146.64266967773438
percentiles: 2%=-3548.179931640625, 5%=-3501.25, 10%=-3413.39990234375, 25%=-3315.75, 50%=-3219.5, 75%=-3142.25, 90%=-3072.60009765625, 95%=-3021.550048828125, 98%=-2956.299560546875
ranking_best_algo: RLSOnePlusOne
ranking_best_score: 3316.5199999999995
ranking_my_rank: 42/504 (91.9%)
ranking_my_percent: 91.86507936507937
