ConfigName: kfr__advglobalrankweighted__M1__L7__eps0p02__g0p007__ds0p01__dm0p01
Problem: QUBO
Kernel: fr
Advantage: globalrankweighted
M: 1
lambda: 7
epsilon_svgd: 0.02
gamma: 0.007
decay_start_ratio: 0.01
decay_min_factor: 0.01
bandwith_kernel: None
no_interact: False
avg_score: -132.94000244140625
median_score: -133.5
std_score: 13.157370567321777
percentiles: 2%=-158.0, 5%=-154.0, 10%=-148.1999969482422, 25%=-143.0, 50%=-133.5, 75%=-124.0, 90%=-115.0, 95%=-111.95000457763672, 98%=-105.0
ranking_best_algo: DiscreteDE
ranking_best_score: 143.4
ranking_my_rank: 314/504 (37.9%)
ranking_my_percent: 37.8968253968254
