ConfigName: kjsd__advperagentrankweighted__M6__L8__eps0p02__g0p0007__ds0p05__dm0p05
Problem: NK
Kernel: jsd
Advantage: peragentrankweighted
M: 6
lambda: 8
epsilon_svgd: 0.02
gamma: 0.0007
decay_start_ratio: 0.05
decay_min_factor: 0.05
bandwith_kernel: None
no_interact: False
avg_score: 0.7539646625518799
median_score: 0.7529573440551758
std_score: 0.012481512501835823
percentiles: 2%=0.7295382022857666, 5%=0.732677698135376, 10%=0.7351696491241455, 25%=0.7467005252838135, 50%=0.7529573440551758, 75%=0.7631521224975586, 90%=0.7696025371551514, 95%=0.7732332944869995, 98%=0.7744805812835693
ranking_best_algo: Tabu
ranking_best_score: 0.7657846284375001
ranking_my_rank: 9/504 (98.4%)
ranking_my_percent: 98.41269841269842
