ConfigName: kjsd__advperagentrankweighted__M3__L24__eps0p007__g0p001__ds0p1__dm0p05
Problem: NK
Kernel: jsd
Advantage: peragentrankweighted
M: 3
lambda: 24
epsilon_svgd: 0.007
gamma: 0.001
decay_start_ratio: 0.1
decay_min_factor: 0.05
bandwith_kernel: None
no_interact: False
avg_score: 0.7432209253311157
median_score: 0.7424954175949097
std_score: 0.013537928462028503
percentiles: 2%=0.7148725390434265, 5%=0.7215149402618408, 10%=0.7254096269607544, 25%=0.7356578707695007, 50%=0.7424954175949097, 75%=0.7527269124984741, 90%=0.7587675452232361, 95%=0.7649891376495361, 98%=0.7713067531585693
ranking_best_algo: Tabu
ranking_best_score: 0.7601875690625
ranking_my_rank: 8/504 (98.6%)
ranking_my_percent: 98.61111111111111
