ConfigName: krbf__advnormalizedfitness__M3__L15__eps0p015__g0p01__ds0p01__dm0p3
Problem: QUBO
Kernel: rbf
Advantage: normalizedfitness
M: 3
lambda: 15
epsilon_svgd: 0.015
gamma: 0.01
decay_start_ratio: 0.01
decay_min_factor: 0.3
bandwith_kernel: None
no_interact: False
avg_score: -765.719970703125
median_score: -751.0
std_score: 95.86480712890625
percentiles: 2%=-966.780029296875, 5%=-928.3499755859375, 10%=-887.8999633789062, 25%=-824.25, 50%=-751.0, 75%=-700.0, 90%=-652.9000244140625, 95%=-630.300048828125, 98%=-584.97998046875
ranking_best_algo: NLOPT_LN_PRAXIS
ranking_best_score: 1607.12
ranking_my_rank: 350/504 (30.8%)
ranking_my_percent: 30.753968253968253
