ConfigName: kjsd__advperagentrankweighted__M3__L16__eps0p005__g0p003__ds0p2__dm0p05
Problem: QUBO
Kernel: jsd
Advantage: peragentrankweighted
M: 3
lambda: 16
epsilon_svgd: 0.005
gamma: 0.003
decay_start_ratio: 0.2
decay_min_factor: 0.05
bandwith_kernel: None
no_interact: False
avg_score: -434.70001220703125
median_score: -436.0
std_score: 27.802698135375977
percentiles: 2%=-485.0799865722656, 5%=-472.3500061035156, 10%=-469.0, 25%=-456.0, 50%=-436.0, 75%=-411.75, 90%=-396.79998779296875, 95%=-389.0, 98%=-385.9599914550781
ranking_best_algo: CMApara
ranking_best_score: 453.82
ranking_my_rank: 38/504 (92.7%)
ranking_my_percent: 92.65873015873017
