ConfigName: krbf__advnormalizedfitness__M3__L8__eps0p033__g0p015__ds0p15__dm0p3
Problem: QUBO
Kernel: rbf
Advantage: normalizedfitness
M: 3
lambda: 8
epsilon_svgd: 0.033
gamma: 0.015
decay_start_ratio: 0.15
decay_min_factor: 0.3
bandwith_kernel: None
no_interact: False
avg_score: -889.3599853515625
median_score: -882.5
std_score: 69.36490631103516
percentiles: 2%=-1048.1600341796875, 5%=-1028.3499755859375, 10%=-989.2000122070312, 25%=-928.0, 50%=-882.5, 75%=-840.5, 90%=-801.0, 95%=-794.0, 98%=-785.8599853515625
ranking_best_algo: CMAL3
ranking_best_score: 928.5800000000002
ranking_my_rank: 100/504 (80.4%)
ranking_my_percent: 80.35714285714286
