ConfigName: kjsd__advperagentrankweighted__M3__L16__eps0p005__g0p001__ds0p1__dm0p1
Problem: NK
Kernel: jsd
Advantage: peragentrankweighted
M: 3
lambda: 16
epsilon_svgd: 0.005
gamma: 0.001
decay_start_ratio: 0.1
decay_min_factor: 0.1
bandwith_kernel: None
no_interact: False
avg_score: 0.7358052134513855
median_score: 0.7386075258255005
std_score: 0.009178749285638332
percentiles: 2%=0.7164217233657837, 5%=0.7185477018356323, 10%=0.721699595451355, 25%=0.728510320186615, 50%=0.7386075258255005, 75%=0.7429115176200867, 90%=0.7463453412055969, 95%=0.7470999360084534, 98%=0.748807966709137
ranking_best_algo: PBIL
ranking_best_score: 0.7248786399609374
ranking_my_rank: 1/504 (100.0%)
ranking_my_percent: 100.0
