ConfigName: kjsd__advperagentrankweighted__M3__L18__eps0p01__g0p0007__ds0p2__dm0p05
Problem: NK
Kernel: jsd
Advantage: peragentrankweighted
M: 3
lambda: 18
epsilon_svgd: 0.01
gamma: 0.0007
decay_start_ratio: 0.2
decay_min_factor: 0.05
bandwith_kernel: None
no_interact: False
avg_score: 0.7424296736717224
median_score: 0.7396872639656067
std_score: 0.028563242405653
percentiles: 2%=0.7010714411735535, 5%=0.7058746814727783, 10%=0.7105322480201721, 25%=0.718197226524353, 50%=0.7396872639656067, 75%=0.7584840059280396, 90%=0.7782467603683472, 95%=0.8044298887252808, 98%=0.8071077466011047
ranking_best_algo: CMApara
ranking_best_score: 0.7459277895312499
ranking_my_rank: 20/504 (96.2%)
ranking_my_percent: 96.23015873015873
