ConfigName: kjsd__advperagentrankweighted__M8__L12__eps0p005__g0p0005__ds0p3__dm0p05
Problem: QUBO
Kernel: jsd
Advantage: peragentrankweighted
M: 8
lambda: 12
epsilon_svgd: 0.005
gamma: 0.0005
decay_start_ratio: 0.3
decay_min_factor: 0.05
bandwith_kernel: None
no_interact: False
avg_score: -420.20001220703125
median_score: -422.0
std_score: 24.535686492919922
percentiles: 2%=-465.0799865722656, 5%=-461.1000061035156, 10%=-452.20001220703125, 25%=-434.0, 50%=-422.0, 75%=-403.5, 90%=-386.0, 95%=-377.8999938964844, 98%=-368.9800109863281
ranking_best_algo: Tabu
ranking_best_score: 438.12
ranking_my_rank: 24/504 (95.4%)
ranking_my_percent: 95.43650793650794
