ConfigName: krbf__advnormalizedfitness__M3__L10__eps0p033__g0p007__ds0p3__dm0p3
Problem: NK
Kernel: rbf
Advantage: normalizedfitness
M: 3
lambda: 10
epsilon_svgd: 0.033
gamma: 0.007
decay_start_ratio: 0.3
decay_min_factor: 0.3
bandwith_kernel: None
no_interact: False
avg_score: 0.7414093017578125
median_score: 0.7413997054100037
std_score: 0.011140987277030945
percentiles: 2%=0.71724534034729, 5%=0.7197514772415161, 10%=0.7278690934181213, 25%=0.7339752912521362, 50%=0.7413997054100037, 75%=0.7479605078697205, 90%=0.754973292350769, 95%=0.7600449919700623, 98%=0.7612110376358032
ranking_best_algo: PBIL
ranking_best_score: 0.733570253046875
ranking_my_rank: 1/504 (100.0%)
ranking_my_percent: 100.0
