ConfigName: krbf__advnormalizedfitness__M3__L24__eps0p03__g0p01__ds0p05__dm0p05
Problem: QUBO
Kernel: rbf
Advantage: normalizedfitness
M: 3
lambda: 24
epsilon_svgd: 0.03
gamma: 0.01
decay_start_ratio: 0.05
decay_min_factor: 0.05
bandwith_kernel: None
no_interact: False
avg_score: -149.47999572753906
median_score: -146.0
std_score: 13.620924949645996
percentiles: 2%=-179.0, 5%=-179.0, 10%=-164.0, 25%=-158.0, 50%=-146.0, 75%=-141.0, 90%=-134.0, 95%=-130.89999389648438, 98%=-124.95999908447266
ranking_best_algo: CMApara
ranking_best_score: 154.28
ranking_my_rank: 77/504 (84.9%)
ranking_my_percent: 84.92063492063492
