ConfigName: krbf__advnormalizedfitness__M2__L8__eps0p015__g0p015__ds0p3__dm0p01
Problem: QUBO
Kernel: rbf
Advantage: normalizedfitness
M: 2
lambda: 8
epsilon_svgd: 0.015
gamma: 0.015
decay_start_ratio: 0.3
decay_min_factor: 0.01
bandwith_kernel: None
no_interact: False
avg_score: -1583.6800537109375
median_score: -1569.0
std_score: 74.27433776855469
percentiles: 2%=-1720.6400146484375, 5%=-1703.300048828125, 10%=-1686.0999755859375, 25%=-1633.75, 50%=-1569.0, 75%=-1536.5, 90%=-1496.5999755859375, 95%=-1462.4000244140625, 98%=-1438.97998046875
ranking_best_algo: NLOPT_LN_PRAXIS
ranking_best_score: 1607.12
ranking_my_rank: 41/504 (92.1%)
ranking_my_percent: 92.06349206349206
