ConfigName: kjsd__advperagentrankweighted__M5__L30__eps0p007__g0p0005__ds0p05__dm0p05
Problem: QUBO
Kernel: jsd
Advantage: peragentrankweighted
M: 5
lambda: 30
epsilon_svgd: 0.007
gamma: 0.0005
decay_start_ratio: 0.05
decay_min_factor: 0.05
bandwith_kernel: None
no_interact: False
avg_score: -942.260009765625
median_score: -940.0
std_score: 64.50606536865234
percentiles: 2%=-1064.02001953125, 5%=-1057.300048828125, 10%=-1023.4000244140625, 25%=-990.0, 50%=-940.0, 75%=-896.75, 90%=-864.7000122070312, 95%=-830.5999755859375, 98%=-814.9199829101562
ranking_best_algo: CMApara
ranking_best_score: 964.9
ranking_my_rank: 4/504 (99.4%)
ranking_my_percent: 99.4047619047619
