ConfigName: kfr__advglobalrankweighted__M5__L11__eps0p01__g0p007__ds0p01__dm0p01
Problem: QUBO
Kernel: fr
Advantage: globalrankweighted
M: 5
lambda: 11
epsilon_svgd: 0.01
gamma: 0.007
decay_start_ratio: 0.01
decay_min_factor: 0.01
bandwith_kernel: None
no_interact: False
avg_score: -2088.9599609375
median_score: -2114.0
std_score: 157.00279235839844
percentiles: 2%=-2363.3798828125, 5%=-2336.14990234375, 10%=-2283.800048828125, 25%=-2195.75, 50%=-2114.0, 75%=-1963.5, 90%=-1877.5999755859375, 95%=-1820.550048828125, 98%=-1765.919921875
ranking_best_algo: DiscreteLengler2OnePlusOne
ranking_best_score: 2617.04
ranking_my_rank: 218/504 (56.9%)
ranking_my_percent: 56.94444444444444
