ConfigName: krbf__advnormalizedfitness__M3__L15__eps0p025__g0p015__ds0p01__dm0p01
Problem: QUBO
Kernel: rbf
Advantage: normalizedfitness
M: 3
lambda: 15
epsilon_svgd: 0.025
gamma: 0.015
decay_start_ratio: 0.01
decay_min_factor: 0.01
bandwith_kernel: None
no_interact: False
avg_score: -563.3800048828125
median_score: -562.5
std_score: 32.37739181518555
percentiles: 2%=-634.0999755859375, 5%=-619.2000122070312, 10%=-605.4000244140625, 25%=-580.5, 50%=-562.5, 75%=-543.75, 90%=-521.9000244140625, 95%=-508.8500061035156, 98%=-501.89996337890625
ranking_best_algo: Tabu
ranking_best_score: 588.7199999999999
ranking_my_rank: 94/503 (81.5%)
ranking_my_percent: 81.51093439363817
