ConfigName: krbf__advnormalizedfitness__M3__L15__eps0p033__g0p015__ds0p15__dm0p3
Problem: QUBO
Kernel: rbf
Advantage: normalizedfitness
M: 3
lambda: 15
epsilon_svgd: 0.033
gamma: 0.015
decay_start_ratio: 0.15
decay_min_factor: 0.3
bandwith_kernel: None
no_interact: False
avg_score: -423.1600036621094
median_score: -425.0
std_score: 29.855892181396484
percentiles: 2%=-473.0799865722656, 5%=-464.29998779296875, 10%=-460.1000061035156, 25%=-448.0, 50%=-425.0, 75%=-399.75, 90%=-385.8999938964844, 95%=-370.95001220703125, 98%=-366.8199462890625
ranking_best_algo: CMApara
ranking_best_score: 453.82
ranking_my_rank: 128/504 (74.8%)
ranking_my_percent: 74.8015873015873
