ConfigName: kjsd__advperagentrankweighted__M3__L30__eps0p005__g0p001__ds0p2__dm0p1
Problem: QUBO
Kernel: jsd
Advantage: peragentrankweighted
M: 3
lambda: 30
epsilon_svgd: 0.005
gamma: 0.001
decay_start_ratio: 0.2
decay_min_factor: 0.1
bandwith_kernel: None
no_interact: False
avg_score: -929.5999755859375
median_score: -936.0
std_score: 71.69365692138672
percentiles: 2%=-1072.0400390625, 5%=-1043.699951171875, 10%=-1031.0999755859375, 25%=-973.75, 50%=-936.0, 75%=-869.0, 90%=-836.4000244140625, 95%=-820.9000244140625, 98%=-790.6799926757812
ranking_best_algo: CMApara
ranking_best_score: 964.9
ranking_my_rank: 19/504 (96.4%)
ranking_my_percent: 96.42857142857143
