ConfigName: kjsd__advperagentrankweighted__M3__L30__eps0p005__g0p001__ds0p1__dm0p05
Problem: NK
Kernel: jsd
Advantage: peragentrankweighted
M: 3
lambda: 30
epsilon_svgd: 0.005
gamma: 0.001
decay_start_ratio: 0.1
decay_min_factor: 0.05
bandwith_kernel: None
no_interact: False
avg_score: 0.7431194186210632
median_score: 0.746008038520813
std_score: 0.010752147994935513
percentiles: 2%=0.7198503017425537, 5%=0.722267746925354, 10%=0.7279154062271118, 25%=0.7370547652244568, 50%=0.746008038520813, 75%=0.7498342990875244, 90%=0.7546575665473938, 95%=0.7569666504859924, 98%=0.7622101306915283
ranking_best_algo: PBIL
ranking_best_score: 0.733570253046875
ranking_my_rank: 1/504 (100.0%)
ranking_my_percent: 100.0
