ConfigName: krbf__advnormalizedfitness__M2__L10__eps0p015__g0p003__ds0p01__dm0p01
Problem: QUBO
Kernel: rbf
Advantage: normalizedfitness
M: 2
lambda: 10
epsilon_svgd: 0.015
gamma: 0.003
decay_start_ratio: 0.01
decay_min_factor: 0.01
bandwith_kernel: None
no_interact: False
avg_score: -1172.02001953125
median_score: -1174.5
std_score: 60.788978576660156
percentiles: 2%=-1293.43994140625, 5%=-1263.1500244140625, 10%=-1245.0, 25%=-1214.25, 50%=-1174.5, 75%=-1143.5, 90%=-1087.199951171875, 95%=-1061.800048828125, 98%=-1049.8800048828125
ranking_best_algo: Tabu
ranking_best_score: 1216.16
ranking_my_rank: 89/504 (82.5%)
ranking_my_percent: 82.53968253968254
