ConfigName: krbf__advnormalizedfitness__M2__L6__eps0p01__g0p01__ds0p01__dm0p01
Problem: NK
Kernel: rbf
Advantage: normalizedfitness
M: 2
lambda: 6
epsilon_svgd: 0.01
gamma: 0.01
decay_start_ratio: 0.01
decay_min_factor: 0.01
bandwith_kernel: None
no_interact: False
avg_score: 0.7441394329071045
median_score: 0.7423104643821716
std_score: 0.028490722179412842
percentiles: 2%=0.7027679085731506, 5%=0.7057375907897949, 10%=0.7101830840110779, 25%=0.7218691110610962, 50%=0.7423104643821716, 75%=0.7580187320709229, 90%=0.7780020236968994, 95%=0.8078683018684387, 98%=0.8118547797203064
ranking_best_algo: CMApara
ranking_best_score: 0.7459277895312499
ranking_my_rank: 6/504 (99.0%)
ranking_my_percent: 99.0079365079365
