ConfigName: kjsd__advperagentrankweighted__M3__L18__eps0p005__g0p0005__ds0p2__dm0p1
Problem: QUBO
Kernel: jsd
Advantage: peragentrankweighted
M: 3
lambda: 18
epsilon_svgd: 0.005
gamma: 0.0005
decay_start_ratio: 0.2
decay_min_factor: 0.1
bandwith_kernel: None
no_interact: False
avg_score: -138.55999755859375
median_score: -139.0
std_score: 12.306356430053711
percentiles: 2%=-158.0399932861328, 5%=-158.0, 10%=-153.1999969482422, 25%=-148.25, 50%=-139.0, 75%=-129.0, 90%=-123.0, 95%=-120.80000305175781, 98%=-114.94000244140625
ranking_best_algo: DiscreteDE
ranking_best_score: 143.4
ranking_my_rank: 99/504 (80.6%)
ranking_my_percent: 80.55555555555556
