ConfigName: kjsd__advperagentrankweighted__M3__L24__eps0p007__g0p0005__ds0p2__dm0p1
Problem: QUBO
Kernel: jsd
Advantage: peragentrankweighted
M: 3
lambda: 24
epsilon_svgd: 0.007
gamma: 0.0005
decay_start_ratio: 0.2
decay_min_factor: 0.1
bandwith_kernel: None
no_interact: False
avg_score: -583.4000244140625
median_score: -584.0
std_score: 26.752195358276367
percentiles: 2%=-637.0800170898438, 5%=-628.0499877929688, 10%=-617.0, 25%=-599.25, 50%=-584.0, 75%=-569.75, 90%=-544.5999755859375, 95%=-530.9500122070312, 98%=-520.97998046875
ranking_best_algo: Tabu
ranking_best_score: 588.7199999999999
ranking_my_rank: 5/503 (99.2%)
ranking_my_percent: 99.20477137176938
