ConfigName: krbf__advnormalizedfitness__M3__L15__eps0p025__g0p007__ds0p15__dm0p01
Problem: NK
Kernel: rbf
Advantage: normalizedfitness
M: 3
lambda: 15
epsilon_svgd: 0.025
gamma: 0.007
decay_start_ratio: 0.15
decay_min_factor: 0.01
bandwith_kernel: None
no_interact: False
avg_score: 0.7421224117279053
median_score: 0.7427865862846375
std_score: 0.012872784398496151
percentiles: 2%=0.7163617014884949, 5%=0.7226521968841553, 10%=0.7263742685317993, 25%=0.7327841520309448, 50%=0.7427865862846375, 75%=0.7524588704109192, 90%=0.7585943341255188, 95%=0.7627096772193909, 98%=0.7652929425239563
ranking_best_algo: PBIL
ranking_best_score: 0.733570253046875
ranking_my_rank: 1/504 (100.0%)
ranking_my_percent: 100.0
