ConfigName: kjsd__advperagentrankweighted__M6__L24__eps0p005__g0p0005__ds0p3__dm0p05
Problem: NK
Kernel: jsd
Advantage: peragentrankweighted
M: 6
lambda: 24
epsilon_svgd: 0.005
gamma: 0.0005
decay_start_ratio: 0.3
decay_min_factor: 0.05
bandwith_kernel: None
no_interact: False
avg_score: 0.703474760055542
median_score: 0.7038601636886597
std_score: 0.012565835379064083
percentiles: 2%=0.6827287077903748, 5%=0.684502363204956, 10%=0.6875600814819336, 25%=0.6917824745178223, 50%=0.7038601636886597, 75%=0.715393602848053, 90%=0.7182396054267883, 95%=0.720251202583313, 98%=0.7239168286323547
ranking_best_algo: PBIL
ranking_best_score: 0.7013553837109374
ranking_my_rank: 1/504 (100.0%)
ranking_my_percent: 100.0
