ConfigName: krbf__advnormalizedfitness__M3__L15__eps0p025__g0p01__ds0p3__dm0p3
Problem: QUBO
Kernel: rbf
Advantage: normalizedfitness
M: 3
lambda: 15
epsilon_svgd: 0.025
gamma: 0.01
decay_start_ratio: 0.3
decay_min_factor: 0.3
bandwith_kernel: None
no_interact: False
avg_score: -307.6000061035156
median_score: -301.0
std_score: 41.11106872558594
percentiles: 2%=-390.1600036621094, 5%=-388.0, 10%=-360.79998779296875, 25%=-336.0, 50%=-301.0, 75%=-271.75, 90%=-258.8999938964844, 95%=-255.95001220703125, 98%=-251.91998291015625
ranking_best_algo: CMApara
ranking_best_score: 319.29999999999995
ranking_my_rank: 96/504 (81.2%)
ranking_my_percent: 81.15079365079364
