ConfigName: krbf__advnormalizedfitness__M3__L8__eps0p025__g0p005__ds0p01__dm0p01
Problem: QUBO
Kernel: rbf
Advantage: normalizedfitness
M: 3
lambda: 8
epsilon_svgd: 0.025
gamma: 0.005
decay_start_ratio: 0.01
decay_min_factor: 0.01
bandwith_kernel: None
no_interact: False
avg_score: -330.3399963378906
median_score: -334.0
std_score: 21.562105178833008
percentiles: 2%=-372.0, 5%=-361.45001220703125, 10%=-352.20001220703125, 25%=-343.0, 50%=-334.0, 75%=-318.0, 90%=-298.0, 95%=-289.8000183105469, 98%=-281.91998291015625
ranking_best_algo: CMApara
ranking_best_score: 344.22
ranking_my_rank: 79/504 (84.5%)
ranking_my_percent: 84.52380952380952
