ConfigName: kjsd__advperagentrankweighted__M5__L10__eps0p01__g0p0007__ds0p2__dm0p05
Problem: NK
Kernel: jsd
Advantage: peragentrankweighted
M: 5
lambda: 10
epsilon_svgd: 0.01
gamma: 0.0007
decay_start_ratio: 0.2
decay_min_factor: 0.05
bandwith_kernel: None
no_interact: False
avg_score: 0.7373362183570862
median_score: 0.7384858727455139
std_score: 0.00935697928071022
percentiles: 2%=0.7193294763565063, 5%=0.7220996022224426, 10%=0.7235968708992004, 25%=0.7301442623138428, 50%=0.7384858727455139, 75%=0.7438619136810303, 90%=0.7480193972587585, 95%=0.7512991428375244, 98%=0.7539329528808594
ranking_best_algo: PBIL
ranking_best_score: 0.730509098125
ranking_my_rank: 1/504 (100.0%)
ranking_my_percent: 100.0
