ConfigName: krbf__advnormalizedfitness__M3__L12__eps0p033__g0p007__ds0p3__dm0p3
Problem: QUBO
Kernel: rbf
Advantage: normalizedfitness
M: 3
lambda: 12
epsilon_svgd: 0.033
gamma: 0.007
decay_start_ratio: 0.3
decay_min_factor: 0.3
bandwith_kernel: None
no_interact: False
avg_score: -927.02001953125
median_score: -927.5
std_score: 61.13771057128906
percentiles: 2%=-1072.0400390625, 5%=-1034.25, 10%=-1006.2999877929688, 25%=-961.5, 50%=-927.5, 75%=-886.0, 90%=-848.7999877929688, 95%=-836.7000122070312, 98%=-808.7599487304688
ranking_best_algo: CMApara
ranking_best_score: 964.9
ranking_my_rank: 21/504 (96.0%)
ranking_my_percent: 96.03174603174604
