ConfigName: kjsd__advperagentrankweighted__M8__L12__eps0p008__g0p0005__ds0p3__dm0p05
Problem: QUBO
Kernel: jsd
Advantage: peragentrankweighted
M: 8
lambda: 12
epsilon_svgd: 0.008
gamma: 0.0005
decay_start_ratio: 0.3
decay_min_factor: 0.05
bandwith_kernel: None
no_interact: False
avg_score: -1543.4200439453125
median_score: -1524.5
std_score: 85.69646453857422
percentiles: 2%=-1723.5, 5%=-1678.300048828125, 10%=-1663.0999755859375, 25%=-1608.25, 50%=-1524.5, 75%=-1488.75, 90%=-1438.800048828125, 95%=-1422.4000244140625, 98%=-1378.52001953125
ranking_best_algo: NLOPT_LN_PRAXIS
ranking_best_score: 1607.12
ranking_my_rank: 55/504 (89.3%)
ranking_my_percent: 89.28571428571429
