ConfigName: krbf__advglobalrankweighted__M4__L9__eps0p02__g0p003__ds0p01__dm0p01
Problem: QUBO
Kernel: rbf
Advantage: globalrankweighted
M: 4
lambda: 9
epsilon_svgd: 0.02
gamma: 0.003
decay_start_ratio: 0.01
decay_min_factor: 0.01
bandwith_kernel: None
no_interact: False
avg_score: -138.10000610351562
median_score: -141.0
std_score: 13.740086555480957
percentiles: 2%=-160.02000427246094, 5%=-160.0, 10%=-156.0, 25%=-146.25, 50%=-141.0, 75%=-129.0, 90%=-120.9000015258789, 95%=-112.7500228881836, 98%=-104.97999572753906
ranking_best_algo: DiscreteDE
ranking_best_score: 143.4
ranking_my_rank: 115/504 (77.4%)
ranking_my_percent: 77.38095238095238
