ConfigName: kjsd__advperagentrankweighted__M5__L24__eps0p008__g0p0005__ds0p3__dm0p05
Problem: QUBO
Kernel: jsd
Advantage: peragentrankweighted
M: 5
lambda: 24
epsilon_svgd: 0.008
gamma: 0.0005
decay_start_ratio: 0.3
decay_min_factor: 0.05
bandwith_kernel: None
no_interact: False
avg_score: -201.82000732421875
median_score: -203.0
std_score: 12.098247528076172
percentiles: 2%=-224.0, 5%=-224.0, 10%=-218.10000610351562, 25%=-209.0, 50%=-203.0, 75%=-192.75, 90%=-186.0, 95%=-183.89999389648438, 98%=-179.8800048828125
ranking_best_algo: Tabu
ranking_best_score: 208.36000000000004
ranking_my_rank: 39/504 (92.5%)
ranking_my_percent: 92.46031746031746
