ConfigName: kfr__advglobalrankweighted__M1__L9__eps0p01__g0p005__ds0p01__dm0p01
Problem: QUBO
Kernel: fr
Advantage: globalrankweighted
M: 1
lambda: 9
epsilon_svgd: 0.01
gamma: 0.005
decay_start_ratio: 0.01
decay_min_factor: 0.01
bandwith_kernel: None
no_interact: False
avg_score: -424.82000732421875
median_score: -428.0
std_score: 31.780616760253906
percentiles: 2%=-472.1000061035156, 5%=-469.04998779296875, 10%=-463.3999938964844, 25%=-446.75, 50%=-428.0, 75%=-401.0, 90%=-375.8999938964844, 95%=-371.0, 98%=-360.91998291015625
ranking_best_algo: CMApara
ranking_best_score: 453.82
ranking_my_rank: 124/504 (75.6%)
ranking_my_percent: 75.5952380952381
