ConfigName: kjsd__advperagentrankweighted__M5__L8__eps0p01__g0p003__ds0p05__dm0p2
Problem: NK
Kernel: jsd
Advantage: peragentrankweighted
M: 5
lambda: 8
epsilon_svgd: 0.01
gamma: 0.003
decay_start_ratio: 0.05
decay_min_factor: 0.2
bandwith_kernel: None
no_interact: False
avg_score: 0.7106818556785583
median_score: 0.7108855247497559
std_score: 0.015313548035919666
percentiles: 2%=0.67202228307724, 5%=0.6733909249305725, 10%=0.6972935199737549, 25%=0.7078072428703308, 50%=0.7108855247497559, 75%=0.7191362380981445, 90%=0.7255831360816956, 95%=0.7331504225730896, 98%=0.7340332865715027
ranking_best_algo: CMApara
ranking_best_score: 0.707475975
ranking_my_rank: 1/504 (100.0%)
ranking_my_percent: 100.0
