ConfigName: kjsd__advperagentrankweighted__M4__L24__eps0p03__g0p0007__ds0p05__dm0p05
Problem: NK
Kernel: jsd
Advantage: peragentrankweighted
M: 4
lambda: 24
epsilon_svgd: 0.03
gamma: 0.0007
decay_start_ratio: 0.05
decay_min_factor: 0.05
bandwith_kernel: None
no_interact: False
avg_score: 0.7385182976722717
median_score: 0.7381057739257812
std_score: 0.014335229992866516
percentiles: 2%=0.7144109606742859, 5%=0.7175965905189514, 10%=0.7206296324729919, 25%=0.7275952100753784, 50%=0.7381057739257812, 75%=0.7476990222930908, 90%=0.7552769780158997, 95%=0.7597312331199646, 98%=0.7668126225471497
ranking_best_algo: Tabu
ranking_best_score: 0.7601875690625
ranking_my_rank: 19/504 (96.4%)
ranking_my_percent: 96.42857142857143
