ConfigName: kjsd__advperagentrankweighted__M3__L30__eps0p007__g0p0005__ds0p2__dm0p2
Problem: QUBO
Kernel: jsd
Advantage: peragentrankweighted
M: 3
lambda: 30
epsilon_svgd: 0.007
gamma: 0.0005
decay_start_ratio: 0.2
decay_min_factor: 0.2
bandwith_kernel: None
no_interact: False
avg_score: -2578.320068359375
median_score: -2575.0
std_score: 116.3868408203125
percentiles: 2%=-2861.219970703125, 5%=-2763.39990234375, 10%=-2729.0, 25%=-2658.25, 50%=-2575.0, 75%=-2497.75, 90%=-2438.5, 95%=-2405.5, 98%=-2348.97998046875
ranking_best_algo: SVM1MetaModelLogNormal
ranking_best_score: 2605.14
ranking_my_rank: 14/504 (97.4%)
ranking_my_percent: 97.42063492063492
