ConfigName: kjsd__advperagentrankweighted__M3__L20__eps0p005__g0p0007__ds0p05__dm0p1
Problem: QUBO
Kernel: jsd
Advantage: peragentrankweighted
M: 3
lambda: 20
epsilon_svgd: 0.005
gamma: 0.0007
decay_start_ratio: 0.05
decay_min_factor: 0.1
bandwith_kernel: None
no_interact: False
avg_score: -1628.9200439453125
median_score: -1628.0
std_score: 51.54157257080078
percentiles: 2%=-1736.0, 5%=-1711.0999755859375, 10%=-1693.0999755859375, 25%=-1665.5, 50%=-1628.0, 75%=-1592.75, 90%=-1556.800048828125, 95%=-1548.949951171875, 98%=-1534.800048828125
ranking_best_algo: NLOPT_LN_PRAXIS
ranking_best_score: 1607.12
ranking_my_rank: 1/504 (100.0%)
ranking_my_percent: 100.0
