ConfigName: krbf__advnormalizedfitness__M2__L8__eps0p015__g0p01__ds0p15__dm0p3
Problem: QUBO
Kernel: rbf
Advantage: normalizedfitness
M: 2
lambda: 8
epsilon_svgd: 0.015
gamma: 0.01
decay_start_ratio: 0.15
decay_min_factor: 0.3
bandwith_kernel: None
no_interact: False
avg_score: -1213.9200439453125
median_score: -1210.5
std_score: 63.740203857421875
percentiles: 2%=-1345.0400390625, 5%=-1321.5999755859375, 10%=-1296.300048828125, 25%=-1261.5, 50%=-1210.5, 75%=-1172.5, 90%=-1139.0, 95%=-1122.5, 98%=-1094.719970703125
ranking_best_algo: SVMMetaModelLogNormal
ranking_best_score: 1233.7999999999997
ranking_my_rank: 45/504 (91.3%)
ranking_my_percent: 91.26984126984127
