ConfigName: krbf__advnormalizedfitness__M1__L10__eps0p015__g0p01__ds0p3__dm0p3
Problem: QUBO
Kernel: rbf
Advantage: normalizedfitness
M: 1
lambda: 10
epsilon_svgd: 0.015
gamma: 0.01
decay_start_ratio: 0.3
decay_min_factor: 0.3
bandwith_kernel: None
no_interact: False
avg_score: -434.8399963378906
median_score: -438.5
std_score: 26.759191513061523
percentiles: 2%=-479.1600036621094, 5%=-469.25, 10%=-462.0, 25%=-455.0, 50%=-438.5, 75%=-418.5, 90%=-399.8999938964844, 95%=-389.60003662109375, 98%=-375.91998291015625
ranking_best_algo: CMApara
ranking_best_score: 453.82
ranking_my_rank: 38/504 (92.7%)
ranking_my_percent: 92.65873015873017
