ConfigName: krbf__advnormalizedfitness__M3__L8__eps0p03__g0p005__ds0p05__dm0p05
Problem: NK
Kernel: rbf
Advantage: normalizedfitness
M: 3
lambda: 8
epsilon_svgd: 0.03
gamma: 0.005
decay_start_ratio: 0.05
decay_min_factor: 0.05
bandwith_kernel: None
no_interact: False
avg_score: 0.709550142288208
median_score: 0.7113004922866821
std_score: 0.01574508100748062
percentiles: 2%=0.6703673005104065, 5%=0.6717378497123718, 10%=0.6920408606529236, 25%=0.7045135498046875, 50%=0.7113004922866821, 75%=0.7186501622200012, 90%=0.72538822889328, 95%=0.7326411008834839, 98%=0.7333096265792847
ranking_best_algo: CMApara
ranking_best_score: 0.707475975
ranking_my_rank: 1/504 (100.0%)
ranking_my_percent: 100.0
