ConfigName: krbf__advnormalizedfitness__M4__L10__eps0p033__g0p007__ds0p15__dm0p01
Problem: QUBO
Kernel: rbf
Advantage: normalizedfitness
M: 4
lambda: 10
epsilon_svgd: 0.033
gamma: 0.007
decay_start_ratio: 0.15
decay_min_factor: 0.01
bandwith_kernel: None
no_interact: False
avg_score: -577.6199951171875
median_score: -577.0
std_score: 26.134567260742188
percentiles: 2%=-627.0, 5%=-619.0, 10%=-613.2000122070312, 25%=-593.25, 50%=-577.0, 75%=-558.75, 90%=-545.5, 95%=-531.9000244140625, 98%=-527.9599609375
ranking_best_algo: Tabu
ranking_best_score: 588.7199999999999
ranking_my_rank: 44/503 (91.5%)
ranking_my_percent: 91.45129224652088
