ConfigName: kfr__advglobalrankweighted__M4__L5__eps0p06__g0p005__ds0p01__dm0p01
Problem: NK
Kernel: fr
Advantage: globalrankweighted
M: 4
lambda: 5
epsilon_svgd: 0.06
gamma: 0.005
decay_start_ratio: 0.01
decay_min_factor: 0.01
bandwith_kernel: None
no_interact: False
avg_score: 0.7009632587432861
median_score: 0.7008819580078125
std_score: 0.005978977773338556
percentiles: 2%=0.688319206237793, 5%=0.6927181482315063, 10%=0.6934213638305664, 25%=0.696786642074585, 50%=0.7008819580078125, 75%=0.7049870491027832, 90%=0.7092483639717102, 95%=0.7109732031822205, 98%=0.712108850479126
ranking_best_algo: PBIL
ranking_best_score: 0.7170882103515624
ranking_my_rank: 72/504 (85.9%)
ranking_my_percent: 85.91269841269842
