ConfigName: kjsd__advperagentrankweighted__M3__L20__eps0p005__g0p001__ds0p1__dm0p2
Problem: QUBO
Kernel: jsd
Advantage: peragentrankweighted
M: 3
lambda: 20
epsilon_svgd: 0.005
gamma: 0.001
decay_start_ratio: 0.1
decay_min_factor: 0.2
bandwith_kernel: None
no_interact: False
avg_score: -441.82000732421875
median_score: -443.0
std_score: 26.74186897277832
percentiles: 2%=-489.05999755859375, 5%=-483.20001220703125, 10%=-472.1000061035156, 25%=-461.0, 50%=-443.0, 75%=-422.5, 90%=-403.8999938964844, 95%=-399.70001220703125, 98%=-387.82000732421875
ranking_best_algo: CMApara
ranking_best_score: 453.82
ranking_my_rank: 10/504 (98.2%)
ranking_my_percent: 98.21428571428571
