ConfigName: kjsd__advperagentrankweighted__M6__L8__eps0p02__g0p0005__ds0p2__dm0p05
Problem: NK
Kernel: jsd
Advantage: peragentrankweighted
M: 6
lambda: 8
epsilon_svgd: 0.02
gamma: 0.0005
decay_start_ratio: 0.2
decay_min_factor: 0.05
bandwith_kernel: None
no_interact: False
avg_score: 0.7304762005805969
median_score: 0.730683445930481
std_score: 0.008169228211045265
percentiles: 2%=0.7154609560966492, 5%=0.7163522243499756, 10%=0.718309760093689, 25%=0.7252972722053528, 50%=0.730683445930481, 75%=0.7351594567298889, 90%=0.7406858205795288, 95%=0.7442016005516052, 98%=0.7454016804695129
ranking_best_algo: PBIL
ranking_best_score: 0.7248786399609374
ranking_my_rank: 1/504 (100.0%)
ranking_my_percent: 100.0
