ConfigName: krbf__advnormalizedfitness__M4__L10__eps0p01__g0p0005__ds0p05__dm0p05
Problem: QUBO
Kernel: rbf
Advantage: normalizedfitness
M: 4
lambda: 10
epsilon_svgd: 0.01
gamma: 0.0005
decay_start_ratio: 0.05
decay_min_factor: 0.05
bandwith_kernel: None
no_interact: False
avg_score: -199.05999755859375
median_score: -199.0
std_score: 13.177115440368652
percentiles: 2%=-222.0, 5%=-221.0, 10%=-217.10000610351562, 25%=-209.0, 50%=-199.0, 75%=-189.75, 90%=-181.8000030517578, 95%=-177.0, 98%=-175.89999389648438
ranking_best_algo: Tabu
ranking_best_score: 208.36000000000004
ranking_my_rank: 86/504 (83.1%)
ranking_my_percent: 83.13492063492063
