ConfigName: krbf__advnormalizedfitness__M4__L8__eps0p03__g0p005__ds0p15__dm0p05
Problem: QUBO
Kernel: rbf
Advantage: normalizedfitness
M: 4
lambda: 8
epsilon_svgd: 0.03
gamma: 0.005
decay_start_ratio: 0.15
decay_min_factor: 0.05
bandwith_kernel: None
no_interact: False
avg_score: -333.1199951171875
median_score: -339.0
std_score: 21.886653900146484
percentiles: 2%=-372.0, 5%=-372.0, 10%=-357.3999938964844, 25%=-350.0, 50%=-339.0, 75%=-319.5, 90%=-300.70001220703125, 95%=-295.8500061035156, 98%=-290.9800109863281
ranking_best_algo: CMApara
ranking_best_score: 344.22
ranking_my_rank: 69/504 (86.5%)
ranking_my_percent: 86.5079365079365
