ConfigName: kjsd__advperagentrankweighted__M3__L18__eps0p005__g0p003__ds0p1__dm0p05
Problem: QUBO
Kernel: jsd
Advantage: peragentrankweighted
M: 3
lambda: 18
epsilon_svgd: 0.005
gamma: 0.003
decay_start_ratio: 0.1
decay_min_factor: 0.05
bandwith_kernel: None
no_interact: False
avg_score: -565.1599731445312
median_score: -563.5
std_score: 32.174747467041016
percentiles: 2%=-629.0599975585938, 5%=-617.0499877929688, 10%=-609.2000122070312, 25%=-589.5, 50%=-563.5, 75%=-543.0, 90%=-523.7000122070312, 95%=-504.95001220703125, 98%=-500.9599914550781
ranking_best_algo: Tabu
ranking_best_score: 588.7199999999999
ranking_my_rank: 94/503 (81.5%)
ranking_my_percent: 81.51093439363817
