ConfigName: kjsd__advperagentrankweighted__M3__L30__eps0p005__g0p0005__ds0p05__dm0p2
Problem: QUBO
Kernel: jsd
Advantage: peragentrankweighted
M: 3
lambda: 30
epsilon_svgd: 0.005
gamma: 0.0005
decay_start_ratio: 0.05
decay_min_factor: 0.2
bandwith_kernel: None
no_interact: False
avg_score: -413.8800048828125
median_score: -414.0
std_score: 26.192853927612305
percentiles: 2%=-461.239990234375, 5%=-454.04998779296875, 10%=-450.20001220703125, 25%=-430.0, 50%=-414.0, 75%=-396.0, 90%=-378.0, 95%=-373.8999938964844, 98%=-365.8399963378906
ranking_best_algo: Tabu
ranking_best_score: 438.12
ranking_my_rank: 57/504 (88.9%)
ranking_my_percent: 88.88888888888889
