ConfigName: kfr__advglobalrankweighted__M5__L10__eps0p01__g0p007__ds0p01__dm0p01
Problem: QUBO
Kernel: fr
Advantage: globalrankweighted
M: 5
lambda: 10
epsilon_svgd: 0.01
gamma: 0.007
decay_start_ratio: 0.01
decay_min_factor: 0.01
bandwith_kernel: None
no_interact: False
avg_score: -400.5400085449219
median_score: -399.0
std_score: 28.99911117553711
percentiles: 2%=-459.0799865722656, 5%=-447.29998779296875, 10%=-439.1000061035156, 25%=-421.0, 50%=-399.0, 75%=-381.0, 90%=-367.79998779296875, 95%=-356.8000183105469, 98%=-345.89996337890625
ranking_best_algo: CMAL3
ranking_best_score: 435.36
ranking_my_rank: 233/504 (54.0%)
ranking_my_percent: 53.96825396825397
