ConfigName: krbf__advnormalizedfitness__M4__L12__eps0p033__g0p005__ds0p15__dm0p3
Problem: QUBO
Kernel: rbf
Advantage: normalizedfitness
M: 4
lambda: 12
epsilon_svgd: 0.033
gamma: 0.005
decay_start_ratio: 0.15
decay_min_factor: 0.3
bandwith_kernel: None
no_interact: False
avg_score: -1163.5
median_score: -1160.0
std_score: 74.85619354248047
percentiles: 2%=-1298.4000244140625, 5%=-1273.8499755859375, 10%=-1255.0999755859375, 25%=-1221.5, 50%=-1160.0, 75%=-1111.25, 90%=-1064.800048828125, 95%=-1044.2501220703125, 98%=-1014.9199829101562
ranking_best_algo: SVMMetaModelLogNormal
ranking_best_score: 1233.7999999999997
ranking_my_rank: 86/504 (83.1%)
ranking_my_percent: 83.13492063492063
