ConfigName: krbf__advnormalizedfitness__M3__L8__eps0p025__g0p005__ds0p3__dm0p3
Problem: QUBO
Kernel: rbf
Advantage: normalizedfitness
M: 3
lambda: 8
epsilon_svgd: 0.025
gamma: 0.005
decay_start_ratio: 0.3
decay_min_factor: 0.3
bandwith_kernel: None
no_interact: False
avg_score: -330.17999267578125
median_score: -334.0
std_score: 22.465253829956055
percentiles: 2%=-372.0, 5%=-357.20001220703125, 10%=-354.0, 25%=-343.75, 50%=-334.0, 75%=-320.0, 90%=-297.70001220703125, 95%=-289.50006103515625, 98%=-277.8399658203125
ranking_best_algo: CMApara
ranking_best_score: 344.22
ranking_my_rank: 79/504 (84.5%)
ranking_my_percent: 84.52380952380952
