ConfigName: krbf__advnormalizedfitness__M4__L10__eps0p033__g0p005__ds0p3__dm0p3
Problem: QUBO
Kernel: rbf
Advantage: normalizedfitness
M: 4
lambda: 10
epsilon_svgd: 0.033
gamma: 0.005
decay_start_ratio: 0.3
decay_min_factor: 0.3
bandwith_kernel: None
no_interact: False
avg_score: -574.9600219726562
median_score: -570.5
std_score: 28.121849060058594
percentiles: 2%=-630.0800170898438, 5%=-627.0, 10%=-607.4000244140625, 25%=-593.0, 50%=-570.5, 75%=-559.0, 90%=-542.9000244140625, 95%=-531.8500366210938, 98%=-521.0
ranking_best_algo: Tabu
ranking_best_score: 588.7199999999999
ranking_my_rank: 57/503 (88.9%)
ranking_my_percent: 88.86679920477137
