ConfigName: kjsd__advperagentrankweighted__M3__L20__eps0p005__g0p001__ds0p1__dm0p1
Problem: QUBO
Kernel: jsd
Advantage: peragentrankweighted
M: 3
lambda: 20
epsilon_svgd: 0.005
gamma: 0.001
decay_start_ratio: 0.1
decay_min_factor: 0.1
bandwith_kernel: None
no_interact: False
avg_score: -307.760009765625
median_score: -312.0
std_score: 40.727169036865234
percentiles: 2%=-394.1199951171875, 5%=-380.29998779296875, 10%=-357.20001220703125, 25%=-334.0, 50%=-312.0, 75%=-272.0, 90%=-257.79998779296875, 95%=-251.8000030517578, 98%=-244.94000244140625
ranking_best_algo: CMApara
ranking_best_score: 319.29999999999995
ranking_my_rank: 95/504 (81.3%)
ranking_my_percent: 81.34920634920636
