ConfigName: krbf__advnormalizedfitness__M4__L8__eps0p015__g0p01__ds0p3__dm0p01
Problem: QUBO
Kernel: rbf
Advantage: normalizedfitness
M: 4
lambda: 8
epsilon_svgd: 0.015
gamma: 0.01
decay_start_ratio: 0.3
decay_min_factor: 0.01
bandwith_kernel: None
no_interact: False
avg_score: -2456.56005859375
median_score: -2454.5
std_score: 256.9149475097656
percentiles: 2%=-2943.5400390625, 5%=-2878.5, 10%=-2784.39990234375, 25%=-2632.0, 50%=-2454.5, 75%=-2245.5, 90%=-2117.89990234375, 95%=-2075.800048828125, 98%=-2029.5399169921875
ranking_best_algo: RLSOnePlusOne
ranking_best_score: 3316.5199999999995
ranking_my_rank: 234/504 (53.8%)
ranking_my_percent: 53.76984126984127
