ConfigName: kfr__advglobalrankweighted__M2__L7__eps0p015__g0p005__ds0p01__dm0p01
Problem: QUBO
Kernel: fr
Advantage: globalrankweighted
M: 2
lambda: 7
epsilon_svgd: 0.015
gamma: 0.005
decay_start_ratio: 0.01
decay_min_factor: 0.01
bandwith_kernel: None
no_interact: False
avg_score: -419.1000061035156
median_score: -421.0
std_score: 30.214399337768555
percentiles: 2%=-479.0, 5%=-467.0, 10%=-455.0, 25%=-438.25, 50%=-421.0, 75%=-400.0, 90%=-375.79998779296875, 95%=-370.8500061035156, 98%=-353.91998291015625
ranking_best_algo: CMAL3
ranking_best_score: 435.36
ranking_my_rank: 95/504 (81.3%)
ranking_my_percent: 81.34920634920636
