ConfigName: krbf__advnormalizedfitness__M3__L10__eps0p015__g0p007__ds0p01__dm0p3
Problem: NK
Kernel: rbf
Advantage: normalizedfitness
M: 3
lambda: 10
epsilon_svgd: 0.015
gamma: 0.007
decay_start_ratio: 0.01
decay_min_factor: 0.3
bandwith_kernel: None
no_interact: False
avg_score: 0.7037448287010193
median_score: 0.7060308456420898
std_score: 0.012285926379263401
percentiles: 2%=0.6831104755401611, 5%=0.684216320514679, 10%=0.6867398619651794, 25%=0.6923514008522034, 50%=0.7060308456420898, 75%=0.7139883637428284, 90%=0.7184227108955383, 95%=0.7206209897994995, 98%=0.722419261932373
ranking_best_algo: PBIL
ranking_best_score: 0.7013553837109374
ranking_my_rank: 1/504 (100.0%)
ranking_my_percent: 100.0
