ConfigName: krbf__advnormalizedfitness__M2__L11__eps0p015__g0p005__ds0p01__dm0p01
Problem: QUBO
Kernel: rbf
Advantage: normalizedfitness
M: 2
lambda: 11
epsilon_svgd: 0.015
gamma: 0.005
decay_start_ratio: 0.01
decay_min_factor: 0.01
bandwith_kernel: None
no_interact: False
avg_score: -1248.239990234375
median_score: -1249.0
std_score: 59.465972900390625
percentiles: 2%=-1356.02001953125, 5%=-1329.3499755859375, 10%=-1321.0999755859375, 25%=-1293.0, 50%=-1249.0, 75%=-1199.75, 90%=-1167.0, 95%=-1160.8499755859375, 98%=-1146.56005859375
ranking_best_algo: SVMMetaModelLogNormal
ranking_best_score: 1233.7999999999997
ranking_my_rank: 1/504 (100.0%)
ranking_my_percent: 100.0
