ConfigName: kjsd__advperagentrankweighted__M3__L18__eps0p01__g0p0007__ds0p2__dm0p1
Problem: QUBO
Kernel: jsd
Advantage: peragentrankweighted
M: 3
lambda: 18
epsilon_svgd: 0.01
gamma: 0.0007
decay_start_ratio: 0.2
decay_min_factor: 0.1
bandwith_kernel: None
no_interact: False
avg_score: -307.5
median_score: -311.0
std_score: 40.41423034667969
percentiles: 2%=-392.0, 5%=-388.0, 10%=-352.20001220703125, 25%=-330.5, 50%=-311.0, 75%=-272.0, 90%=-260.0, 95%=-246.89999389648438, 98%=-239.9600067138672
ranking_best_algo: CMApara
ranking_best_score: 319.29999999999995
ranking_my_rank: 96/504 (81.2%)
ranking_my_percent: 81.15079365079364
