ConfigName: kjsd__advperagentrankweighted__M5__L10__eps0p02__g0p0003__ds0p2__dm0p05
Problem: QUBO
Kernel: jsd
Advantage: peragentrankweighted
M: 5
lambda: 10
epsilon_svgd: 0.02
gamma: 0.0003
decay_start_ratio: 0.2
decay_min_factor: 0.05
bandwith_kernel: None
no_interact: False
avg_score: -1567.9599609375
median_score: -1559.0
std_score: 59.18461608886719
percentiles: 2%=-1690.300048828125, 5%=-1668.449951171875, 10%=-1651.0999755859375, 25%=-1607.25, 50%=-1559.0, 75%=-1527.75, 90%=-1495.0, 95%=-1480.5, 98%=-1458.9599609375
ranking_best_algo: NLOPT_LN_PRAXIS
ranking_best_score: 1607.12
ranking_my_rank: 46/504 (91.1%)
ranking_my_percent: 91.07142857142857
