ConfigName: krbf__advnormalizedfitness__M2__L8__eps0p015__g0p005__ds0p15__dm0p01
Problem: NK
Kernel: rbf
Advantage: normalizedfitness
M: 2
lambda: 8
epsilon_svgd: 0.015
gamma: 0.005
decay_start_ratio: 0.15
decay_min_factor: 0.01
bandwith_kernel: None
no_interact: False
avg_score: 0.7067224383354187
median_score: 0.7083640694618225
std_score: 0.01152851153165102
percentiles: 2%=0.6873117685317993, 5%=0.6882110834121704, 10%=0.6924024820327759, 25%=0.695677638053894, 50%=0.7083640694618225, 75%=0.7169561386108398, 90%=0.7206655740737915, 95%=0.7220986485481262, 98%=0.723126232624054
ranking_best_algo: PBIL
ranking_best_score: 0.7013553837109374
ranking_my_rank: 1/504 (100.0%)
ranking_my_percent: 100.0
