ConfigName: kjsd__advperagentrankweighted__M4__L12__eps0p01__g0p0007__ds0p4__dm0p05
Problem: QUBO
Kernel: jsd
Advantage: peragentrankweighted
M: 4
lambda: 12
epsilon_svgd: 0.01
gamma: 0.0007
decay_start_ratio: 0.4
decay_min_factor: 0.05
bandwith_kernel: None
no_interact: False
avg_score: -1195.4200439453125
median_score: -1200.5
std_score: 60.6392936706543
percentiles: 2%=-1309.1199951171875, 5%=-1295.300048828125, 10%=-1287.199951171875, 25%=-1228.0, 50%=-1200.5, 75%=-1160.75, 90%=-1111.300048828125, 95%=-1091.75, 98%=-1069.97998046875
ranking_best_algo: Tabu
ranking_best_score: 1216.16
ranking_my_rank: 48/504 (90.7%)
ranking_my_percent: 90.67460317460318
