ConfigName: krbf__advnormalizedfitness__M2__L10__eps0p015__g0p003__ds0p01__dm0p01
Problem: QUBO
Kernel: rbf
Advantage: normalizedfitness
M: 2
lambda: 10
epsilon_svgd: 0.015
gamma: 0.003
decay_start_ratio: 0.01
decay_min_factor: 0.01
bandwith_kernel: None
no_interact: False
avg_score: -923.9199829101562
median_score: -919.0
std_score: 63.358455657958984
percentiles: 2%=-1050.3599853515625, 5%=-1035.199951171875, 10%=-1008.2000122070312, 25%=-962.0, 50%=-919.0, 75%=-878.25, 90%=-834.7999877929688, 95%=-813.9500122070312, 98%=-808.8800048828125
ranking_best_algo: CMApara
ranking_best_score: 964.9
ranking_my_rank: 22/504 (95.8%)
ranking_my_percent: 95.83333333333333
