ConfigName: kjsd__advperagentrankweighted__M3__L16__eps0p007__g0p003__ds0p1__dm0p05
Problem: NK
Kernel: jsd
Advantage: peragentrankweighted
M: 3
lambda: 16
epsilon_svgd: 0.007
gamma: 0.003
decay_start_ratio: 0.1
decay_min_factor: 0.05
bandwith_kernel: None
no_interact: False
avg_score: 0.7377147078514099
median_score: 0.7386620044708252
std_score: 0.008509410545229912
percentiles: 2%=0.7213165163993835, 5%=0.7223891019821167, 10%=0.7244607210159302, 25%=0.7319082021713257, 50%=0.7386620044708252, 75%=0.7439239025115967, 90%=0.7480108141899109, 95%=0.7505221962928772, 98%=0.7508232593536377
ranking_best_algo: PBIL
ranking_best_score: 0.730509098125
ranking_my_rank: 1/504 (100.0%)
ranking_my_percent: 100.0
