ConfigName: krbf__advnormalizedfitness__M3__L10__eps0p025__g0p015__ds0p3__dm0p3
Problem: NK
Kernel: rbf
Advantage: normalizedfitness
M: 3
lambda: 10
epsilon_svgd: 0.025
gamma: 0.015
decay_start_ratio: 0.3
decay_min_factor: 0.3
bandwith_kernel: None
no_interact: False
avg_score: 0.7305994629859924
median_score: 0.7326116561889648
std_score: 0.01002908032387495
percentiles: 2%=0.7054516673088074, 5%=0.7119319438934326, 10%=0.7179495692253113, 25%=0.7247847318649292, 50%=0.7326116561889648, 75%=0.7381481528282166, 90%=0.7423668503761292, 95%=0.7439903616905212, 98%=0.7450777888298035
ranking_best_algo: PBIL
ranking_best_score: 0.730509098125
ranking_my_rank: 1/504 (100.0%)
ranking_my_percent: 100.0
