ConfigName: kjsd__advperagentrankweighted__M3__L16__eps0p01__g0p001__ds0p05__dm0p2
Problem: NK
Kernel: jsd
Advantage: peragentrankweighted
M: 3
lambda: 16
epsilon_svgd: 0.01
gamma: 0.001
decay_start_ratio: 0.05
decay_min_factor: 0.2
bandwith_kernel: None
no_interact: False
avg_score: 0.7110637426376343
median_score: 0.6987258791923523
std_score: 0.031694021075963974
percentiles: 2%=0.6734297275543213, 5%=0.6746247410774231, 10%=0.6780624985694885, 25%=0.6823656558990479, 50%=0.6987258791923523, 75%=0.7474179267883301, 90%=0.7525893449783325, 95%=0.7613165378570557, 98%=0.7613165378570557
ranking_best_algo: CMApara
ranking_best_score: 0.7118996098437498
ranking_my_rank: 7/504 (98.8%)
ranking_my_percent: 98.80952380952381
