ConfigName: kfr__advglobalrankweighted__M4__L5__eps0p01__g0p007__ds0p01__dm0p01
Problem: QUBO
Kernel: fr
Advantage: globalrankweighted
M: 4
lambda: 5
epsilon_svgd: 0.01
gamma: 0.007
decay_start_ratio: 0.01
decay_min_factor: 0.01
bandwith_kernel: None
no_interact: False
avg_score: -415.260009765625
median_score: -417.0
std_score: 27.26559066772461
percentiles: 2%=-473.0400085449219, 5%=-455.1000061035156, 10%=-452.0, 25%=-433.25, 50%=-417.0, 75%=-398.0, 90%=-383.79998779296875, 95%=-368.0, 98%=-361.77996826171875
ranking_best_algo: Tabu
ranking_best_score: 438.12
ranking_my_rank: 50/504 (90.3%)
ranking_my_percent: 90.27777777777777
