ConfigName: kjsd__advperagentrankweighted__M3__L18__eps0p005__g0p0005__ds0p05__dm0p2
Problem: NK
Kernel: jsd
Advantage: peragentrankweighted
M: 3
lambda: 18
epsilon_svgd: 0.005
gamma: 0.0005
decay_start_ratio: 0.05
decay_min_factor: 0.2
bandwith_kernel: None
no_interact: False
avg_score: 0.7109146118164062
median_score: 0.70106041431427
std_score: 0.03175388276576996
percentiles: 2%=0.6721879243850708, 5%=0.6742316484451294, 10%=0.6757194399833679, 25%=0.6821137070655823, 50%=0.70106041431427, 75%=0.7474179267883301, 90%=0.7526254653930664, 95%=0.7613165378570557, 98%=0.7613165378570557
ranking_best_algo: CMApara
ranking_best_score: 0.7118996098437498
ranking_my_rank: 8/504 (98.6%)
ranking_my_percent: 98.61111111111111
