ConfigName: krbf__advnormalizedfitness__M4__L8__eps0p033__g0p005__ds0p3__dm0p3
Problem: NK
Kernel: rbf
Advantage: normalizedfitness
M: 4
lambda: 8
epsilon_svgd: 0.033
gamma: 0.005
decay_start_ratio: 0.3
decay_min_factor: 0.3
bandwith_kernel: None
no_interact: False
avg_score: 0.7231936454772949
median_score: 0.7237803936004639
std_score: 0.012666746973991394
percentiles: 2%=0.6968196630477905, 5%=0.7028394937515259, 10%=0.7053709030151367, 25%=0.7125275135040283, 50%=0.7237803936004639, 75%=0.7316101789474487, 90%=0.7385982275009155, 95%=0.7432360649108887, 98%=0.7498791813850403
ranking_best_algo: Tabu
ranking_best_score: 0.7429702712499999
ranking_my_rank: 5/504 (99.2%)
ranking_my_percent: 99.2063492063492
