ConfigName: krbf__advnormalizedfitness__M4__L8__eps0p025__g0p01__ds0p3__dm0p01
Problem: QUBO
Kernel: rbf
Advantage: normalizedfitness
M: 4
lambda: 8
epsilon_svgd: 0.025
gamma: 0.01
decay_start_ratio: 0.3
decay_min_factor: 0.01
bandwith_kernel: None
no_interact: False
avg_score: -202.94000244140625
median_score: -203.0
std_score: 12.823275566101074
percentiles: 2%=-224.0, 5%=-222.10000610351562, 10%=-219.10000610351562, 25%=-213.0, 50%=-203.0, 75%=-195.0, 90%=-185.0, 95%=-178.90000915527344, 98%=-174.97999572753906
ranking_best_algo: Tabu
ranking_best_score: 208.36000000000004
ranking_my_rank: 26/504 (95.0%)
ranking_my_percent: 95.03968253968254
