ConfigName: krbf__advnormalizedfitness__M3__L8__eps0p015__g0p007__ds0p01__dm0p01
Problem: QUBO
Kernel: rbf
Advantage: normalizedfitness
M: 3
lambda: 8
epsilon_svgd: 0.015
gamma: 0.007
decay_start_ratio: 0.01
decay_min_factor: 0.01
bandwith_kernel: None
no_interact: False
avg_score: -1272.0
median_score: -1277.0
std_score: 63.136199951171875
percentiles: 2%=-1397.1199951171875, 5%=-1379.449951171875, 10%=-1355.199951171875, 25%=-1309.75, 50%=-1277.0, 75%=-1228.0, 90%=-1188.300048828125, 95%=-1166.0, 98%=-1160.35986328125
ranking_best_algo: BigLognormalDiscreteOnePlusOne
ranking_best_score: 1301.3600000000004
ranking_my_rank: 45/504 (91.3%)
ranking_my_percent: 91.26984126984127
