ConfigName: kjsd__advperagentrankweighted__M4__L10__eps0p01__g0p0007__ds0p2__dm0p05
Problem: NK
Kernel: jsd
Advantage: peragentrankweighted
M: 4
lambda: 10
epsilon_svgd: 0.01
gamma: 0.0007
decay_start_ratio: 0.2
decay_min_factor: 0.05
bandwith_kernel: None
no_interact: False
avg_score: 0.7536996603012085
median_score: 0.7530401945114136
std_score: 0.011741328984498978
percentiles: 2%=0.7309587001800537, 5%=0.7350598573684692, 10%=0.7405225038528442, 25%=0.7453933954238892, 50%=0.7530401945114136, 75%=0.7614504098892212, 90%=0.7714945077896118, 95%=0.7750387787818909, 98%=0.7776971459388733
ranking_best_algo: Tabu
ranking_best_score: 0.7470791764843752
ranking_my_rank: 1/504 (100.0%)
ranking_my_percent: 100.0
