ConfigName: kjsd__advperagentrankweighted__M5__L10__eps0p008__g0p0005__ds0p05__dm0p05
Problem: QUBO
Kernel: jsd
Advantage: peragentrankweighted
M: 5
lambda: 10
epsilon_svgd: 0.008
gamma: 0.0005
decay_start_ratio: 0.05
decay_min_factor: 0.05
bandwith_kernel: None
no_interact: False
avg_score: -2590.360107421875
median_score: -2587.5
std_score: 118.43002319335938
percentiles: 2%=-2807.159912109375, 5%=-2776.300048828125, 10%=-2742.0, 25%=-2664.25, 50%=-2587.5, 75%=-2502.25, 90%=-2449.199951171875, 95%=-2399.89990234375, 98%=-2350.340087890625
ranking_best_algo: SVM1MetaModelLogNormal
ranking_best_score: 2605.14
ranking_my_rank: 11/504 (98.0%)
ranking_my_percent: 98.01587301587301
