ConfigName: krbf__advnormalizedfitness__M4__L12__eps0p033__g0p007__ds0p01__dm0p3
Problem: QUBO
Kernel: rbf
Advantage: normalizedfitness
M: 4
lambda: 12
epsilon_svgd: 0.033
gamma: 0.007
decay_start_ratio: 0.01
decay_min_factor: 0.3
bandwith_kernel: None
no_interact: False
avg_score: -310.3399963378906
median_score: -313.0
std_score: 39.61318588256836
percentiles: 2%=-392.0400085449219, 5%=-386.20001220703125, 10%=-360.3999938964844, 25%=-332.5, 50%=-313.0, 75%=-275.0, 90%=-265.0, 95%=-253.90000915527344, 98%=-249.87997436523438
ranking_best_algo: CMApara
ranking_best_score: 319.29999999999995
ranking_my_rank: 62/504 (87.9%)
ranking_my_percent: 87.89682539682539
