ConfigName: kjsd__advperagentrankweighted__M3__L20__eps0p005__g0p0005__ds0p2__dm0p05
Problem: QUBO
Kernel: jsd
Advantage: peragentrankweighted
M: 3
lambda: 20
epsilon_svgd: 0.005
gamma: 0.0005
decay_start_ratio: 0.2
decay_min_factor: 0.05
bandwith_kernel: None
no_interact: False
avg_score: -138.83999633789062
median_score: -142.0
std_score: 12.528943061828613
percentiles: 2%=-158.0, 5%=-156.0500030517578, 10%=-155.0, 25%=-147.0, 50%=-142.0, 75%=-130.0, 90%=-124.80000305175781, 95%=-117.75, 98%=-107.0
ranking_best_algo: DiscreteDE
ranking_best_score: 143.4
ranking_my_rank: 95/504 (81.3%)
ranking_my_percent: 81.34920634920636
