ConfigName: kjsd__advperagentrankweighted__M5__L10__eps0p005__g0p0005__ds0p2__dm0p2
Problem: QUBO
Kernel: jsd
Advantage: peragentrankweighted
M: 5
lambda: 10
epsilon_svgd: 0.005
gamma: 0.0005
decay_start_ratio: 0.2
decay_min_factor: 0.2
bandwith_kernel: None
no_interact: False
avg_score: -582.8400268554688
median_score: -583.5
std_score: 27.955936431884766
percentiles: 2%=-639.0, 5%=-625.0999755859375, 10%=-619.0, 25%=-602.5, 50%=-583.5, 75%=-565.0, 90%=-545.0, 95%=-533.0, 98%=-522.9600219726562
ranking_best_algo: Tabu
ranking_best_score: 588.7199999999999
ranking_my_rank: 6/503 (99.0%)
ranking_my_percent: 99.00596421471172
