ConfigName: krbf__advnormalizedfitness__M3__L10__eps0p025__g0p007__ds0p3__dm0p3
Problem: QUBO
Kernel: rbf
Advantage: normalizedfitness
M: 3
lambda: 10
epsilon_svgd: 0.025
gamma: 0.007
decay_start_ratio: 0.3
decay_min_factor: 0.3
bandwith_kernel: None
no_interact: False
avg_score: -139.82000732421875
median_score: -141.5
std_score: 10.833633422851562
percentiles: 2%=-159.0, 5%=-158.0, 10%=-152.10000610351562, 25%=-147.25, 50%=-141.5, 75%=-130.0, 90%=-127.0, 95%=-125.0, 98%=-122.91998291015625
ranking_best_algo: DiscreteDE
ranking_best_score: 143.4
ranking_my_rank: 81/504 (84.1%)
ranking_my_percent: 84.12698412698413
