ConfigName: kjsd__advperagentrankweighted__M3__L16__eps0p01__g0p0007__ds0p05__dm0p1
Problem: NK
Kernel: jsd
Advantage: peragentrankweighted
M: 3
lambda: 16
epsilon_svgd: 0.01
gamma: 0.0007
decay_start_ratio: 0.05
decay_min_factor: 0.1
bandwith_kernel: None
no_interact: False
avg_score: 0.7519237399101257
median_score: 0.7514787316322327
std_score: 0.013684495352208614
percentiles: 2%=0.7282076478004456, 5%=0.7311332821846008, 10%=0.7336698770523071, 25%=0.7415105700492859, 50%=0.7514787316322327, 75%=0.7621702551841736, 90%=0.7690823674201965, 95%=0.7750439643859863, 98%=0.7811318635940552
ranking_best_algo: Tabu
ranking_best_score: 0.7657846284375001
ranking_my_rank: 14/504 (97.4%)
ranking_my_percent: 97.42063492063492
