ConfigName: krbf__advnormalizedfitness__M3__L12__eps0p033__g0p015__ds0p15__dm0p01
Problem: QUBO
Kernel: rbf
Advantage: normalizedfitness
M: 3
lambda: 12
epsilon_svgd: 0.033
gamma: 0.015
decay_start_ratio: 0.15
decay_min_factor: 0.01
bandwith_kernel: None
no_interact: False
avg_score: -139.82000732421875
median_score: -140.5
std_score: 11.34405517578125
percentiles: 2%=-159.02000427246094, 5%=-158.0500030517578, 10%=-158.0, 25%=-146.0, 50%=-140.5, 75%=-132.0, 90%=-126.80000305175781, 95%=-122.90000915527344, 98%=-116.87997436523438
ranking_best_algo: DiscreteDE
ranking_best_score: 143.4
ranking_my_rank: 81/504 (84.1%)
ranking_my_percent: 84.12698412698413
