ConfigName: kjsd__advperagentrankweighted__M3__L20__eps0p005__g0p0007__ds0p2__dm0p1
Problem: QUBO
Kernel: jsd
Advantage: peragentrankweighted
M: 3
lambda: 20
epsilon_svgd: 0.005
gamma: 0.0007
decay_start_ratio: 0.2
decay_min_factor: 0.1
bandwith_kernel: None
no_interact: False
avg_score: -1239.5799560546875
median_score: -1241.0
std_score: 58.966461181640625
percentiles: 2%=-1362.0, 5%=-1355.25, 10%=-1326.0999755859375, 25%=-1271.0, 50%=-1241.0, 75%=-1203.5, 90%=-1159.800048828125, 95%=-1146.9000244140625, 98%=-1134.8399658203125
ranking_best_algo: SVMMetaModelLogNormal
ranking_best_score: 1233.7999999999997
ranking_my_rank: 1/504 (100.0%)
ranking_my_percent: 100.0
