ConfigName: kjsd__advperagentrankweighted__M3__L16__eps0p005__g0p0007__ds0p1__dm0p1
Problem: NK
Kernel: jsd
Advantage: peragentrankweighted
M: 3
lambda: 16
epsilon_svgd: 0.005
gamma: 0.0007
decay_start_ratio: 0.1
decay_min_factor: 0.1
bandwith_kernel: None
no_interact: False
avg_score: 0.7365286946296692
median_score: 0.7377187013626099
std_score: 0.00845479778945446
percentiles: 2%=0.7198485136032104, 5%=0.7212137579917908, 10%=0.7242648601531982, 25%=0.7304971218109131, 50%=0.7377187013626099, 75%=0.7419319152832031, 90%=0.7466306686401367, 95%=0.7487358450889587, 98%=0.7530474066734314
ranking_best_algo: PBIL
ranking_best_score: 0.730509098125
ranking_my_rank: 1/504 (100.0%)
ranking_my_percent: 100.0
