ConfigName: kjsd__advperagentrankweighted__M3__L20__eps0p01__g0p0005__ds0p1__dm0p1
Problem: NK
Kernel: jsd
Advantage: peragentrankweighted
M: 3
lambda: 20
epsilon_svgd: 0.01
gamma: 0.0005
decay_start_ratio: 0.1
decay_min_factor: 0.1
bandwith_kernel: None
no_interact: False
avg_score: 0.734035849571228
median_score: 0.7353502511978149
std_score: 0.009817755781114101
percentiles: 2%=0.7138503789901733, 5%=0.7168599367141724, 10%=0.7201516628265381, 25%=0.7252768874168396, 50%=0.7353502511978149, 75%=0.7406574487686157, 90%=0.7463554739952087, 95%=0.7474626302719116, 98%=0.7535468935966492
ranking_best_algo: PBIL
ranking_best_score: 0.730509098125
ranking_my_rank: 1/504 (100.0%)
ranking_my_percent: 100.0
