ConfigName: krbf__advnormalizedfitness__M3__L15__eps0p015__g0p01__ds0p01__dm0p3
Problem: NK
Kernel: rbf
Advantage: normalizedfitness
M: 3
lambda: 15
epsilon_svgd: 0.015
gamma: 0.01
decay_start_ratio: 0.01
decay_min_factor: 0.3
bandwith_kernel: None
no_interact: False
avg_score: 0.6265611052513123
median_score: 0.6268335580825806
std_score: 0.0094688655808568
percentiles: 2%=0.6078527569770813, 5%=0.6104245185852051, 10%=0.61415696144104, 25%=0.622064471244812, 50%=0.6268335580825806, 75%=0.6323350667953491, 90%=0.6387015581130981, 95%=0.6419023275375366, 98%=0.6430990695953369
ranking_best_algo: PBIL
ranking_best_score: 0.733570253046875
ranking_my_rank: 322/504 (36.3%)
ranking_my_percent: 36.30952380952381
