ConfigName: krbf__advnormalizedfitness__M3__L8__eps0p025__g0p005__ds0p15__dm0p3
Problem: NK
Kernel: rbf
Advantage: normalizedfitness
M: 3
lambda: 8
epsilon_svgd: 0.025
gamma: 0.005
decay_start_ratio: 0.15
decay_min_factor: 0.3
bandwith_kernel: None
no_interact: False
avg_score: 0.7068607807159424
median_score: 0.7093662023544312
std_score: 0.011687129735946655
percentiles: 2%=0.6871481537818909, 5%=0.6881103515625, 10%=0.6911666393280029, 25%=0.6961466073989868, 50%=0.7093662023544312, 75%=0.7167431116104126, 90%=0.7208335399627686, 95%=0.7223992347717285, 98%=0.723991870880127
ranking_best_algo: PBIL
ranking_best_score: 0.7013553837109374
ranking_my_rank: 1/504 (100.0%)
ranking_my_percent: 100.0
