ConfigName: kfr__advglobalrankweighted__M2__L7__eps0p01__g0p007__ds0p01__dm0p01
Problem: QUBO
Kernel: fr
Advantage: globalrankweighted
M: 2
lambda: 7
epsilon_svgd: 0.01
gamma: 0.007
decay_start_ratio: 0.01
decay_min_factor: 0.01
bandwith_kernel: None
no_interact: False
avg_score: -574.719970703125
median_score: -571.0
std_score: 28.60981559753418
percentiles: 2%=-634.0599975585938, 5%=-621.0999755859375, 10%=-615.0, 25%=-592.25, 50%=-571.0, 75%=-553.0, 90%=-539.7000122070312, 95%=-533.75, 98%=-526.9199829101562
ranking_best_algo: Tabu
ranking_best_score: 588.7199999999999
ranking_my_rank: 57/503 (88.9%)
ranking_my_percent: 88.86679920477137
