ConfigName: kjsd__advperagentrankweighted__M3__L24__eps0p005__g0p001__ds0p05__dm0p2
Problem: NK
Kernel: jsd
Advantage: peragentrankweighted
M: 3
lambda: 24
epsilon_svgd: 0.005
gamma: 0.001
decay_start_ratio: 0.05
decay_min_factor: 0.2
bandwith_kernel: None
no_interact: False
avg_score: 0.7337886095046997
median_score: 0.7359527349472046
std_score: 0.009430652484297752
percentiles: 2%=0.7114720940589905, 5%=0.7155393958091736, 10%=0.7204154133796692, 25%=0.7278660535812378, 50%=0.7359527349472046, 75%=0.7420704364776611, 90%=0.7444846034049988, 95%=0.7456144690513611, 98%=0.7471296191215515
ranking_best_algo: PBIL
ranking_best_score: 0.7248786399609374
ranking_my_rank: 1/504 (100.0%)
ranking_my_percent: 100.0
