ConfigName: kfr__advglobalrankweighted__M4__L24__eps0p01__g0p005__ds0p01__dm0p01
Problem: QUBO
Kernel: fr
Advantage: globalrankweighted
M: 4
lambda: 24
epsilon_svgd: 0.01
gamma: 0.005
decay_start_ratio: 0.01
decay_min_factor: 0.01
bandwith_kernel: None
no_interact: False
avg_score: -1031.93994140625
median_score: -1027.5
std_score: 75.71456909179688
percentiles: 2%=-1177.1199951171875, 5%=-1157.0999755859375, 10%=-1123.0, 25%=-1090.25, 50%=-1027.5, 75%=-979.5, 90%=-933.5, 95%=-916.2999877929688, 98%=-894.52001953125
ranking_best_algo: BigLognormalDiscreteOnePlusOne
ranking_best_score: 1301.3600000000004
ranking_my_rank: 223/504 (56.0%)
ranking_my_percent: 55.95238095238095
