ConfigName: kjsd__advperagentrankweighted__M3__L16__eps0p007__g0p001__ds0p05__dm0p1
Problem: QUBO
Kernel: jsd
Advantage: peragentrankweighted
M: 3
lambda: 16
epsilon_svgd: 0.007
gamma: 0.001
decay_start_ratio: 0.05
decay_min_factor: 0.1
bandwith_kernel: None
no_interact: False
avg_score: -437.29998779296875
median_score: -438.5
std_score: 27.984102249145508
percentiles: 2%=-485.0, 5%=-477.1000061035156, 10%=-472.0, 25%=-460.25, 50%=-438.5, 75%=-419.75, 90%=-396.0, 95%=-383.79998779296875, 98%=-375.8999938964844
ranking_best_algo: CMApara
ranking_best_score: 453.82
ranking_my_rank: 28/504 (94.6%)
ranking_my_percent: 94.64285714285714
