ConfigName: kjsd__advperagentrankweighted__M3__L20__eps0p007__g0p003__ds0p05__dm0p2
Problem: QUBO
Kernel: jsd
Advantage: peragentrankweighted
M: 3
lambda: 20
epsilon_svgd: 0.007
gamma: 0.003
decay_start_ratio: 0.05
decay_min_factor: 0.2
bandwith_kernel: None
no_interact: False
avg_score: -148.60000610351562
median_score: -147.0
std_score: 14.702381134033203
percentiles: 2%=-179.0, 5%=-179.0, 10%=-164.0, 25%=-155.5, 50%=-147.0, 75%=-141.0, 90%=-131.0, 95%=-126.3499984741211, 98%=-114.0
ranking_best_algo: CMApara
ranking_best_score: 154.28
ranking_my_rank: 83/504 (83.7%)
ranking_my_percent: 83.73015873015873
