Problem: QUBO
Kernel: jsd
Advantage: peragentrankweighted
M: 5
lambda: 15
epsilon_svgd: 0.03
gamma: 0.001
bandwith_kernel: None
avg_score: -918.219970703125
median_score: -913.5
std_score: 65.09110260009766
percentiles: 2%=-1050.1199951171875, 5%=-1026.800048828125, 10%=-1001.0999755859375, 25%=-969.25, 50%=-913.5, 75%=-870.75, 90%=-833.4000244140625, 95%=-818.6000366210938, 98%=-798.8199462890625
ranking_best_algo: PPO-EDA
ranking_best_score: 933.28
ranking_my_rank: 11/505 (98.0%)
