Problem: QUBO
Kernel: hk
Advantage: normalizedfitness
M: 10
lambda: 1
epsilon_svgd: 0.1
gamma: 0.01
bandwith_kernel: None
avg_score: -902.5800170898438
median_score: -901.0
std_score: 69.27513122558594
percentiles: 2%=-1050.0400390625, 5%=-1039.199951171875, 10%=-993.0, 25%=-943.0, 50%=-901.0, 75%=-847.0, 90%=-818.7999877929688, 95%=-799.7000122070312, 98%=-776.7999267578125
ranking_best_algo: PPO-EDA
ranking_best_score: 933.28
ranking_my_rank: 67/505 (86.9%)
