Problem: QUBO
Kernel: pk
Advantage: peragentrankweighted
M: 5
lambda: 15
epsilon_svgd: 0.03
gamma: 0.001
bandwith_kernel: None
avg_score: -916.8200073242188
median_score: -918.5
std_score: 65.03189849853516
percentiles: 2%=-1055.02001953125, 5%=-1039.6500244140625, 10%=-998.7000122070312, 25%=-954.25, 50%=-918.5, 75%=-869.0, 90%=-827.9000244140625, 95%=-816.8500366210938, 98%=-803.0
ranking_best_algo: PPO-EDA
ranking_best_score: 933.28
ranking_my_rank: 16/505 (97.0%)
