ConfigName: krbf__advnormalizedfitness__M4__L15__eps0p02__g0p001__ds0p05__dm0p05
Problem: QUBO
Kernel: rbf
Advantage: normalizedfitness
M: 4
lambda: 15
epsilon_svgd: 0.02
gamma: 0.001
decay_start_ratio: 0.05
decay_min_factor: 0.05
bandwith_kernel: None
no_interact: False
avg_score: -1253.9599609375
median_score: -1247.0
std_score: 60.71654510498047
percentiles: 2%=-1383.280029296875, 5%=-1361.1500244140625, 10%=-1335.0999755859375, 25%=-1293.25, 50%=-1247.0, 75%=-1213.75, 90%=-1180.4000244140625, 95%=-1158.699951171875, 98%=-1142.8399658203125
ranking_best_algo: BigLognormalDiscreteOnePlusOne
ranking_best_score: 1301.3600000000004
ranking_my_rank: 55/504 (89.3%)
ranking_my_percent: 89.28571428571429
