ConfigName: kfr__advglobalrankweighted__M2__L11__eps0p015__g0p005__ds0p01__dm0p01
Problem: NK
Kernel: fr
Advantage: globalrankweighted
M: 2
lambda: 11
epsilon_svgd: 0.015
gamma: 0.005
decay_start_ratio: 0.01
decay_min_factor: 0.01
bandwith_kernel: None
no_interact: False
avg_score: 0.7100157737731934
median_score: 0.7115913033485413
std_score: 0.015743501484394073
percentiles: 2%=0.6682591438293457, 5%=0.6696736216545105, 10%=0.6972389817237854, 25%=0.7072984576225281, 50%=0.7115913033485413, 75%=0.7180217504501343, 90%=0.7252817749977112, 95%=0.7320139408111572, 98%=0.7327854037284851
ranking_best_algo: CMApara
ranking_best_score: 0.707475975
ranking_my_rank: 1/504 (100.0%)
ranking_my_percent: 100.0
