ConfigName: krbf__advglobalrankweighted__M4__L9__eps0p02__g0p007__ds0p01__dm0p01
Problem: QUBO
Kernel: rbf
Advantage: globalrankweighted
M: 4
lambda: 9
epsilon_svgd: 0.02
gamma: 0.007
decay_start_ratio: 0.01
decay_min_factor: 0.01
bandwith_kernel: None
no_interact: False
avg_score: -931.8200073242188
median_score: -919.5
std_score: 63.037986755371094
percentiles: 2%=-1065.1400146484375, 5%=-1054.0999755859375, 10%=-1024.0999755859375, 25%=-971.5, 50%=-919.5, 75%=-887.75, 90%=-854.7999877929688, 95%=-838.9000244140625, 98%=-828.8399658203125
ranking_best_algo: CMApara
ranking_best_score: 964.9
ranking_my_rank: 19/504 (96.4%)
ranking_my_percent: 96.42857142857143
