ConfigName: krbf__advnormalizedfitness__M4__L15__eps0p015__g0p005__ds0p15__dm0p01
Problem: NK
Kernel: rbf
Advantage: normalizedfitness
M: 4
lambda: 15
epsilon_svgd: 0.015
gamma: 0.005
decay_start_ratio: 0.15
decay_min_factor: 0.01
bandwith_kernel: None
no_interact: False
avg_score: 0.6395014524459839
median_score: 0.6382215023040771
std_score: 0.02024766616523266
percentiles: 2%=0.6068554520606995, 5%=0.6126838326454163, 10%=0.6176380515098572, 25%=0.6260154247283936, 50%=0.6382215023040771, 75%=0.6474505662918091, 90%=0.6640247106552124, 95%=0.67878258228302, 98%=0.6917778253555298
ranking_best_algo: Tabu
ranking_best_score: 0.7429702712499999
ranking_my_rank: 346/504 (31.5%)
ranking_my_percent: 31.547619047619047
