ConfigName: krbf__advnormalizedfitness__M4__L12__eps0p033__g0p01__ds0p15__dm0p3
Problem: QUBO
Kernel: rbf
Advantage: normalizedfitness
M: 4
lambda: 12
epsilon_svgd: 0.033
gamma: 0.01
decay_start_ratio: 0.15
decay_min_factor: 0.3
bandwith_kernel: None
no_interact: False
avg_score: -1960.02001953125
median_score: -1973.5
std_score: 149.57740783691406
percentiles: 2%=-2243.06005859375, 5%=-2183.800048828125, 10%=-2152.10009765625, 25%=-2071.25, 50%=-1973.5, 75%=-1837.75, 90%=-1769.699951171875, 95%=-1750.2501220703125, 98%=-1725.8399658203125
ranking_best_algo: SVM1MetaModelLogNormal
ranking_best_score: 2605.14
ranking_my_rank: 289/504 (42.9%)
ranking_my_percent: 42.857142857142854
