ConfigName: krbf__advnormalizedfitness__M2__L11__eps0p015__g0p007__ds0p01__dm0p01
Problem: QUBO
Kernel: rbf
Advantage: normalizedfitness
M: 2
lambda: 11
epsilon_svgd: 0.015
gamma: 0.007
decay_start_ratio: 0.01
decay_min_factor: 0.01
bandwith_kernel: None
no_interact: False
avg_score: -3292.97998046875
median_score: -3282.0
std_score: 122.42695617675781
percentiles: 2%=-3602.5400390625, 5%=-3528.800048828125, 10%=-3464.199951171875, 25%=-3358.5, 50%=-3282.0, 75%=-3212.5, 90%=-3167.699951171875, 95%=-3119.85009765625, 98%=-3073.919921875
ranking_best_algo: RLSOnePlusOne
ranking_best_score: 3316.5199999999995
ranking_my_rank: 3/504 (99.6%)
ranking_my_percent: 99.60317460317461
