ConfigName: krbf__advnormalizedfitness__M3__L24__eps0p02__g0p01__ds0p15__dm0p05
Problem: NK
Kernel: rbf
Advantage: normalizedfitness
M: 3
lambda: 24
epsilon_svgd: 0.02
gamma: 0.01
decay_start_ratio: 0.15
decay_min_factor: 0.05
bandwith_kernel: None
no_interact: False
avg_score: 0.7118656635284424
median_score: 0.70106041431427
std_score: 0.031439606100320816
percentiles: 2%=0.6735868453979492, 5%=0.6751535534858704, 10%=0.6795444488525391, 25%=0.6824496388435364, 50%=0.70106041431427, 75%=0.7467237710952759, 90%=0.7530527710914612, 95%=0.7613165378570557, 98%=0.7613165378570557
ranking_best_algo: CMApara
ranking_best_score: 0.7118996098437498
ranking_my_rank: 2/504 (99.8%)
ranking_my_percent: 99.8015873015873
