ConfigName: krbf__advnormalizedfitness__M1__L10__eps0p015__g0p007__ds0p01__dm0p3
Problem: QUBO
Kernel: rbf
Advantage: normalizedfitness
M: 1
lambda: 10
epsilon_svgd: 0.015
gamma: 0.007
decay_start_ratio: 0.01
decay_min_factor: 0.3
bandwith_kernel: None
no_interact: False
avg_score: -2583.219970703125
median_score: -2578.0
std_score: 120.23889923095703
percentiles: 2%=-2793.0400390625, 5%=-2761.85009765625, 10%=-2738.10009765625, 25%=-2688.0, 50%=-2578.0, 75%=-2495.0, 90%=-2431.0, 95%=-2399.550048828125, 98%=-2376.919677734375
ranking_best_algo: DiscreteLengler2OnePlusOne
ranking_best_score: 2617.04
ranking_my_rank: 47/504 (90.9%)
ranking_my_percent: 90.87301587301587
