ConfigName: krbf__advnormalizedfitness__M3__L10__eps0p025__g0p015__ds0p3__dm0p01
Problem: QUBO
Kernel: rbf
Advantage: normalizedfitness
M: 3
lambda: 10
epsilon_svgd: 0.025
gamma: 0.015
decay_start_ratio: 0.3
decay_min_factor: 0.01
bandwith_kernel: None
no_interact: False
avg_score: -2280.9599609375
median_score: -2285.0
std_score: 180.28976440429688
percentiles: 2%=-2654.02001953125, 5%=-2574.199951171875, 10%=-2511.199951171875, 25%=-2413.25, 50%=-2285.0, 75%=-2134.25, 90%=-2072.800048828125, 95%=-2019.2000732421875, 98%=-1977.4798583984375
ranking_best_algo: SVM1MetaModelLogNormal
ranking_best_score: 2605.14
ranking_my_rank: 157/504 (69.0%)
ranking_my_percent: 69.04761904761905
