ConfigName: krbf__advnormalizedfitness__M3__L12__eps0p033__g0p005__ds0p3__dm0p01
Problem: NK
Kernel: rbf
Advantage: normalizedfitness
M: 3
lambda: 12
epsilon_svgd: 0.033
gamma: 0.005
decay_start_ratio: 0.3
decay_min_factor: 0.01
bandwith_kernel: None
no_interact: False
avg_score: 0.7521184682846069
median_score: 0.751973032951355
std_score: 0.01409287191927433
percentiles: 2%=0.7258450984954834, 5%=0.7307388186454773, 10%=0.7339210510253906, 25%=0.7428123950958252, 50%=0.751973032951355, 75%=0.7582712173461914, 90%=0.7722155451774597, 95%=0.7754548192024231, 98%=0.7799082398414612
ranking_best_algo: Tabu
ranking_best_score: 0.7657846284375001
ranking_my_rank: 13/504 (97.6%)
ranking_my_percent: 97.61904761904762
