ConfigName: krbf__advnormalizedfitness__M4__L8__eps0p03__g0p01__ds0p15__dm0p05
Problem: NK
Kernel: rbf
Advantage: normalizedfitness
M: 4
lambda: 8
epsilon_svgd: 0.03
gamma: 0.01
decay_start_ratio: 0.15
decay_min_factor: 0.05
bandwith_kernel: None
no_interact: False
avg_score: 0.7448804974555969
median_score: 0.7423176169395447
std_score: 0.027769898995757103
percentiles: 2%=0.7015475034713745, 5%=0.7057815790176392, 10%=0.7101338505744934, 25%=0.7238333225250244, 50%=0.7423176169395447, 75%=0.7580187320709229, 90%=0.7779470086097717, 95%=0.8044354319572449, 98%=0.8118547797203064
ranking_best_algo: CMApara
ranking_best_score: 0.7459277895312499
ranking_my_rank: 2/504 (99.8%)
ranking_my_percent: 99.8015873015873
