ConfigName: krbf__advnormalizedfitness__M2__L10__eps0p033__g0p007__ds0p3__dm0p01
Problem: QUBO
Kernel: rbf
Advantage: normalizedfitness
M: 2
lambda: 10
epsilon_svgd: 0.033
gamma: 0.007
decay_start_ratio: 0.3
decay_min_factor: 0.01
bandwith_kernel: None
no_interact: False
avg_score: -918.97998046875
median_score: -910.0
std_score: 62.96173095703125
percentiles: 2%=-1054.0999755859375, 5%=-1026.300048828125, 10%=-1012.5999755859375, 25%=-960.0, 50%=-910.0, 75%=-876.0, 90%=-847.9000244140625, 95%=-828.9500122070312, 98%=-799.8599853515625
ranking_best_algo: CMApara
ranking_best_score: 964.9
ranking_my_rank: 64/504 (87.5%)
ranking_my_percent: 87.5
