ConfigName: kjsd__advperagentrankweighted__M4__L10__eps0p005__g0p0007__ds0p2__dm0p05
Problem: QUBO
Kernel: jsd
Advantage: peragentrankweighted
M: 4
lambda: 10
epsilon_svgd: 0.005
gamma: 0.0007
decay_start_ratio: 0.2
decay_min_factor: 0.05
bandwith_kernel: None
no_interact: False
avg_score: -200.72000122070312
median_score: -202.0
std_score: 12.163947105407715
percentiles: 2%=-224.0, 5%=-224.0, 10%=-218.0, 25%=-209.0, 50%=-202.0, 75%=-190.0, 90%=-184.89999389648438, 95%=-182.9499969482422, 98%=-180.9600067138672
ranking_best_algo: Tabu
ranking_best_score: 208.36000000000004
ranking_my_rank: 45/504 (91.3%)
ranking_my_percent: 91.26984126984127
