ConfigName: kjsd__advperagentrankweighted__M3__L30__eps0p005__g0p001__ds0p1__dm0p1
Problem: QUBO
Kernel: jsd
Advantage: peragentrankweighted
M: 3
lambda: 30
epsilon_svgd: 0.005
gamma: 0.001
decay_start_ratio: 0.1
decay_min_factor: 0.1
bandwith_kernel: None
no_interact: False
avg_score: -2557.320068359375
median_score: -2566.0
std_score: 123.65458679199219
percentiles: 2%=-2769.840087890625, 5%=-2753.0, 10%=-2714.60009765625, 25%=-2636.25, 50%=-2566.0, 75%=-2482.0, 90%=-2397.60009765625, 95%=-2343.39990234375, 98%=-2298.9599609375
ranking_best_algo: DiscreteLengler2OnePlusOne
ranking_best_score: 2617.04
ranking_my_rank: 53/504 (89.7%)
ranking_my_percent: 89.68253968253968
