ConfigName: kjsd__advperagentrankweighted__M5__L10__eps0p005__g0p0005__ds0p05__dm0p2
Problem: NK
Kernel: jsd
Advantage: peragentrankweighted
M: 5
lambda: 10
epsilon_svgd: 0.005
gamma: 0.0005
decay_start_ratio: 0.05
decay_min_factor: 0.2
bandwith_kernel: None
no_interact: False
avg_score: 0.7444520592689514
median_score: 0.7408133745193481
std_score: 0.029119541868567467
percentiles: 2%=0.6940842866897583, 5%=0.7083556056022644, 10%=0.710641622543335, 25%=0.7249382138252258, 50%=0.7408133745193481, 75%=0.7601335048675537, 90%=0.7783373594284058, 95%=0.8118547797203064, 98%=0.8118547797203064
ranking_best_algo: CMApara
ranking_best_score: 0.7459277895312499
ranking_my_rank: 3/504 (99.6%)
ranking_my_percent: 99.60317460317461
