ConfigName: kjsd__advperagentrankweighted__M3__L20__eps0p007__g0p003__ds0p1__dm0p1
Problem: QUBO
Kernel: jsd
Advantage: peragentrankweighted
M: 3
lambda: 20
epsilon_svgd: 0.007
gamma: 0.003
decay_start_ratio: 0.1
decay_min_factor: 0.1
bandwith_kernel: None
no_interact: False
avg_score: -200.1199951171875
median_score: -200.5
std_score: 12.43646240234375
percentiles: 2%=-224.0, 5%=-221.0500030517578, 10%=-215.39999389648438, 25%=-209.0, 50%=-200.5, 75%=-192.5, 90%=-181.89999389648438, 95%=-179.0, 98%=-177.9199981689453
ranking_best_algo: Tabu
ranking_best_score: 208.36000000000004
ranking_my_rank: 52/504 (89.9%)
ranking_my_percent: 89.88095238095238
