ConfigName: kjsd__advperagentrankweighted__M3__L30__eps0p007__g0p001__ds0p2__dm0p05
Problem: NK
Kernel: jsd
Advantage: peragentrankweighted
M: 3
lambda: 30
epsilon_svgd: 0.007
gamma: 0.001
decay_start_ratio: 0.2
decay_min_factor: 0.05
bandwith_kernel: None
no_interact: False
avg_score: 0.7355639934539795
median_score: 0.7373472452163696
std_score: 0.008741803467273712
percentiles: 2%=0.7156732678413391, 5%=0.7190381288528442, 10%=0.7215274572372437, 25%=0.7305901646614075, 50%=0.7373472452163696, 75%=0.7416427731513977, 90%=0.7458333373069763, 95%=0.7470046877861023, 98%=0.7482956647872925
ranking_best_algo: PBIL
ranking_best_score: 0.7248786399609374
ranking_my_rank: 1/504 (100.0%)
ranking_my_percent: 100.0
