ConfigName: kjsd__advperagentrankweighted__M3__L16__eps0p01__g0p003__ds0p05__dm0p05
Problem: QUBO
Kernel: jsd
Advantage: peragentrankweighted
M: 3
lambda: 16
epsilon_svgd: 0.01
gamma: 0.003
decay_start_ratio: 0.05
decay_min_factor: 0.05
bandwith_kernel: None
no_interact: False
avg_score: -445.6400146484375
median_score: -445.5
std_score: 27.36184310913086
percentiles: 2%=-492.0799865722656, 5%=-489.0, 10%=-485.20001220703125, 25%=-467.0, 50%=-445.5, 75%=-425.75, 90%=-408.79998779296875, 95%=-399.79998779296875, 98%=-391.9599914550781
ranking_best_algo: CMApara
ranking_best_score: 453.82
ranking_my_rank: 3/504 (99.6%)
ranking_my_percent: 99.60317460317461
