ConfigName: krbf__advnormalizedfitness__M3__L8__eps0p015__g0p01__ds0p15__dm0p01
Problem: QUBO
Kernel: rbf
Advantage: normalizedfitness
M: 3
lambda: 8
epsilon_svgd: 0.015
gamma: 0.01
decay_start_ratio: 0.15
decay_min_factor: 0.01
bandwith_kernel: None
no_interact: False
avg_score: -439.2200012207031
median_score: -437.0
std_score: 24.4096622467041
percentiles: 2%=-481.17999267578125, 5%=-481.0, 10%=-470.20001220703125, 25%=-458.25, 50%=-437.0, 75%=-421.25, 90%=-408.0, 95%=-401.9000244140625, 98%=-397.8799743652344
ranking_best_algo: CMApara
ranking_best_score: 453.82
ranking_my_rank: 19/504 (96.4%)
ranking_my_percent: 96.42857142857143
