ConfigName: kjsd__advperagentrankweighted__M3__L30__eps0p007__g0p0005__ds0p2__dm0p2
Problem: NK
Kernel: jsd
Advantage: peragentrankweighted
M: 3
lambda: 30
epsilon_svgd: 0.007
gamma: 0.0005
decay_start_ratio: 0.2
decay_min_factor: 0.2
bandwith_kernel: None
no_interact: False
avg_score: 0.7104814052581787
median_score: 0.7109367847442627
std_score: 0.015170092694461346
percentiles: 2%=0.6724224090576172, 5%=0.6736114025115967, 10%=0.695794939994812, 25%=0.7080968618392944, 50%=0.7109367847442627, 75%=0.7196334600448608, 90%=0.7254353761672974, 95%=0.7324463129043579, 98%=0.7340105772018433
ranking_best_algo: CMApara
ranking_best_score: 0.707475975
ranking_my_rank: 1/504 (100.0%)
ranking_my_percent: 100.0
