ConfigName: kjsd__advperagentrankweighted__M6__L28__eps0p008__g0p0005__ds0p05__dm0p05
Problem: NK
Kernel: jsd
Advantage: peragentrankweighted
M: 6
lambda: 28
epsilon_svgd: 0.008
gamma: 0.0005
decay_start_ratio: 0.05
decay_min_factor: 0.05
bandwith_kernel: None
no_interact: False
avg_score: 0.7584511637687683
median_score: 0.759191632270813
std_score: 0.013577735051512718
percentiles: 2%=0.729737401008606, 5%=0.7345054149627686, 10%=0.7410134077072144, 25%=0.750414252281189, 50%=0.759191632270813, 75%=0.7688810229301453, 90%=0.7751769423484802, 95%=0.7784161567687988, 98%=0.7808486819267273
ranking_best_algo: Tabu
ranking_best_score: 0.7470791764843752
ranking_my_rank: 1/504 (100.0%)
ranking_my_percent: 100.0
