Problem: QUBO
Kernel: rbf
Advantage: peragentrankweighted
M: 3
lambda: 15
epsilon_svgd: 0.007
gamma: 0.0005
bandwith_kernel: None
no_interact: False
avg_score: -2642.3798828125
median_score: -2652.0
std_score: 126.8140869140625
percentiles: 2%=-2892.10009765625, 5%=-2820.85009765625, 10%=-2801.10009765625, 25%=-2748.25, 50%=-2652.0, 75%=-2534.75, 90%=-2479.60009765625, 95%=-2448.900146484375, 98%=-2388.93994140625
ranking_best_algo: PPO-EDA
ranking_best_score: 2768.98
ranking_my_rank: 2/505 (99.8%)
