ConfigName: kjsd__advperagentrankweighted__M6__L24__eps0p008__g0p0005__ds0p05__dm0p05
Problem: QUBO
Kernel: jsd
Advantage: peragentrankweighted
M: 6
lambda: 24
epsilon_svgd: 0.008
gamma: 0.0005
decay_start_ratio: 0.05
decay_min_factor: 0.05
bandwith_kernel: None
no_interact: False
avg_score: -944.8200073242188
median_score: -943.0
std_score: 67.84973907470703
percentiles: 2%=-1074.0400390625, 5%=-1063.0999755859375, 10%=-1040.300048828125, 25%=-992.0, 50%=-943.0, 75%=-892.25, 90%=-861.9000244140625, 95%=-830.7000122070312, 98%=-818.719970703125
ranking_best_algo: CMApara
ranking_best_score: 964.9
ranking_my_rank: 3/504 (99.6%)
ranking_my_percent: 99.60317460317461
