ConfigName: krbf__advnormalizedfitness__M4__L10__eps0p033__g0p005__ds0p01__dm0p3
Problem: QUBO
Kernel: rbf
Advantage: normalizedfitness
M: 4
lambda: 10
epsilon_svgd: 0.033
gamma: 0.005
decay_start_ratio: 0.01
decay_min_factor: 0.3
bandwith_kernel: None
no_interact: False
avg_score: -1265.3399658203125
median_score: -1269.0
std_score: 68.36361694335938
percentiles: 2%=-1389.1600341796875, 5%=-1373.5999755859375, 10%=-1355.699951171875, 25%=-1315.5, 50%=-1269.0, 75%=-1209.0, 90%=-1183.5999755859375, 95%=-1163.949951171875, 98%=-1156.1998291015625
ranking_best_algo: BigLognormalDiscreteOnePlusOne
ranking_best_score: 1301.3600000000004
ranking_my_rank: 50/504 (90.3%)
ranking_my_percent: 90.27777777777777
