ConfigName: kfr__advglobalrankweighted__M4__L24__eps0p06__g0p005__ds0p01__dm0p01
Problem: QUBO
Kernel: fr
Advantage: globalrankweighted
M: 4
lambda: 24
epsilon_svgd: 0.06
gamma: 0.005
decay_start_ratio: 0.01
decay_min_factor: 0.01
bandwith_kernel: None
no_interact: False
avg_score: -435.739990234375
median_score: -437.0
std_score: 27.234764099121094
percentiles: 2%=-481.0400085449219, 5%=-472.04998779296875, 10%=-472.0, 25%=-458.5, 50%=-437.0, 75%=-413.75, 90%=-398.0, 95%=-391.0, 98%=-378.0
ranking_best_algo: CMApara
ranking_best_score: 453.82
ranking_my_rank: 30/504 (94.2%)
ranking_my_percent: 94.24603174603175
