ConfigName: kfr__advglobalrankweighted__M2__L11__eps0p02__g0p005__ds0p01__dm0p01
Problem: QUBO
Kernel: fr
Advantage: globalrankweighted
M: 2
lambda: 11
epsilon_svgd: 0.02
gamma: 0.005
decay_start_ratio: 0.01
decay_min_factor: 0.01
bandwith_kernel: None
no_interact: False
avg_score: -420.7799987792969
median_score: -418.0
std_score: 28.306034088134766
percentiles: 2%=-473.0799865722656, 5%=-467.1000061035156, 10%=-460.0, 25%=-440.5, 50%=-418.0, 75%=-403.75, 90%=-386.0, 95%=-372.9000244140625, 98%=-362.97998046875
ranking_best_algo: CMAL3
ranking_best_score: 435.36
ranking_my_rank: 59/504 (88.5%)
ranking_my_percent: 88.4920634920635
