ConfigName: kjsd__advperagentrankweighted__M5__L8__eps0p01__g0p0003__ds0p4__dm0p05
Problem: QUBO
Kernel: jsd
Advantage: peragentrankweighted
M: 5
lambda: 8
epsilon_svgd: 0.01
gamma: 0.0003
decay_start_ratio: 0.4
decay_min_factor: 0.05
bandwith_kernel: None
no_interact: False
avg_score: -574.260009765625
median_score: -571.0
std_score: 25.07054901123047
percentiles: 2%=-621.260009765625, 5%=-619.0, 10%=-605.0999755859375, 25%=-593.25, 50%=-571.0, 75%=-555.0, 90%=-543.0, 95%=-539.0, 98%=-532.0
ranking_best_algo: Tabu
ranking_best_score: 588.7199999999999
ranking_my_rank: 57/503 (88.9%)
ranking_my_percent: 88.86679920477137
