ConfigName: krbf__advnormalizedfitness__M3__L15__eps0p025__g0p005__ds0p01__dm0p01
Problem: QUBO
Kernel: rbf
Advantage: normalizedfitness
M: 3
lambda: 15
epsilon_svgd: 0.025
gamma: 0.005
decay_start_ratio: 0.01
decay_min_factor: 0.01
bandwith_kernel: None
no_interact: False
avg_score: -3239.800048828125
median_score: -3257.5
std_score: 147.60459899902344
percentiles: 2%=-3491.300048828125, 5%=-3474.449951171875, 10%=-3409.0, 25%=-3349.5, 50%=-3257.5, 75%=-3133.5, 90%=-3041.699951171875, 95%=-2998.949951171875, 98%=-2889.699951171875
ranking_best_algo: RLSOnePlusOne
ranking_best_score: 3316.5199999999995
ranking_my_rank: 42/504 (91.9%)
ranking_my_percent: 91.86507936507937
