ConfigName: kjsd__advperagentrankweighted__M3__L30__eps0p005__g0p001__ds0p1__dm0p05
Problem: QUBO
Kernel: jsd
Advantage: peragentrankweighted
M: 3
lambda: 30
epsilon_svgd: 0.005
gamma: 0.001
decay_start_ratio: 0.1
decay_min_factor: 0.05
bandwith_kernel: None
no_interact: False
avg_score: -415.9599914550781
median_score: -418.0
std_score: 24.680326461791992
percentiles: 2%=-477.0, 5%=-457.0, 10%=-444.6000061035156, 25%=-430.25, 50%=-418.0, 75%=-400.0, 90%=-383.8999938964844, 95%=-377.70001220703125, 98%=-365.9599914550781
ranking_best_algo: Tabu
ranking_best_score: 438.12
ranking_my_rank: 45/504 (91.3%)
ranking_my_percent: 91.26984126984127
