ConfigName: krbf__advnormalizedfitness__M3__L8__eps0p015__g0p01__ds0p01__dm0p3
Problem: NK
Kernel: rbf
Advantage: normalizedfitness
M: 3
lambda: 8
epsilon_svgd: 0.015
gamma: 0.01
decay_start_ratio: 0.01
decay_min_factor: 0.3
bandwith_kernel: None
no_interact: False
avg_score: 0.7105062007904053
median_score: 0.7109659910202026
std_score: 0.015376572497189045
percentiles: 2%=0.6718238592147827, 5%=0.6732704043388367, 10%=0.6966081261634827, 25%=0.707460880279541, 50%=0.7109659910202026, 75%=0.7198541760444641, 90%=0.7254834771156311, 95%=0.7322645783424377, 98%=0.7337233424186707
ranking_best_algo: CMApara
ranking_best_score: 0.707475975
ranking_my_rank: 1/504 (100.0%)
ranking_my_percent: 100.0
