ConfigName: kfr__advglobalrankweighted__M4__L5__eps0p01__g0p007__ds0p01__dm0p01
Problem: QUBO
Kernel: fr
Advantage: globalrankweighted
M: 4
lambda: 5
epsilon_svgd: 0.01
gamma: 0.007
decay_start_ratio: 0.01
decay_min_factor: 0.01
bandwith_kernel: None
no_interact: False
avg_score: -1208.3800048828125
median_score: -1205.0
std_score: 54.44662857055664
percentiles: 2%=-1353.4000244140625, 5%=-1316.0999755859375, 10%=-1277.300048828125, 25%=-1234.75, 50%=-1205.0, 75%=-1172.75, 90%=-1145.199951171875, 95%=-1124.949951171875, 98%=-1122.8800048828125
ranking_best_algo: Tabu
ranking_best_score: 1216.16
ranking_my_rank: 2/504 (99.8%)
ranking_my_percent: 99.8015873015873
