ConfigName: kfr__advglobalrankweighted__M4__L9__eps0p02__g0p003__ds0p01__dm0p01
Problem: QUBO
Kernel: fr
Advantage: globalrankweighted
M: 4
lambda: 9
epsilon_svgd: 0.02
gamma: 0.003
decay_start_ratio: 0.01
decay_min_factor: 0.01
bandwith_kernel: None
no_interact: False
avg_score: -1218.760009765625
median_score: -1221.5
std_score: 59.338375091552734
percentiles: 2%=-1336.219970703125, 5%=-1320.050048828125, 10%=-1292.5999755859375, 25%=-1261.0, 50%=-1221.5, 75%=-1187.0, 90%=-1134.199951171875, 95%=-1114.800048828125, 98%=-1100.97998046875
ranking_best_algo: SVMMetaModelLogNormal
ranking_best_score: 1233.7999999999997
ranking_my_rank: 40/504 (92.3%)
ranking_my_percent: 92.26190476190476
