ConfigName: krbf__advnormalizedfitness__M1__L8__eps0p015__g0p005__ds0p3__dm0p01
Problem: NK
Kernel: rbf
Advantage: normalizedfitness
M: 1
lambda: 8
epsilon_svgd: 0.015
gamma: 0.005
decay_start_ratio: 0.3
decay_min_factor: 0.01
bandwith_kernel: None
no_interact: False
avg_score: 0.7247210144996643
median_score: 0.7260180711746216
std_score: 0.009503897279500961
percentiles: 2%=0.7027498483657837, 5%=0.7082047462463379, 10%=0.7122058272361755, 25%=0.7184425592422485, 50%=0.7260180711746216, 75%=0.7319707274436951, 90%=0.736653208732605, 95%=0.7386497259140015, 98%=0.7399550676345825
ranking_best_algo: PBIL
ranking_best_score: 0.7248786399609374
ranking_my_rank: 2/504 (99.8%)
ranking_my_percent: 99.8015873015873
