ConfigName: krbf__advnormalizedfitness__M4__L12__eps0p033__g0p007__ds0p3__dm0p01
Problem: QUBO
Kernel: rbf
Advantage: normalizedfitness
M: 4
lambda: 12
epsilon_svgd: 0.033
gamma: 0.007
decay_start_ratio: 0.3
decay_min_factor: 0.01
bandwith_kernel: None
no_interact: False
avg_score: -1148.6199951171875
median_score: -1140.5
std_score: 85.59273529052734
percentiles: 2%=-1336.3199462890625, 5%=-1286.300048828125, 10%=-1265.4000244140625, 25%=-1207.0, 50%=-1140.5, 75%=-1089.75, 90%=-1038.60009765625, 95%=-1008.9000244140625, 98%=-1002.8800048828125
ranking_best_algo: SVMMetaModelLogNormal
ranking_best_score: 1233.7999999999997
ranking_my_rank: 94/504 (81.5%)
ranking_my_percent: 81.54761904761905
