ConfigName: kjsd__advperagentrankweighted__M3__L24__eps0p007__g0p0005__ds0p05__dm0p05
Problem: NK
Kernel: jsd
Advantage: peragentrankweighted
M: 3
lambda: 24
epsilon_svgd: 0.007
gamma: 0.0005
decay_start_ratio: 0.05
decay_min_factor: 0.05
bandwith_kernel: None
no_interact: False
avg_score: 0.7368624210357666
median_score: 0.7379926443099976
std_score: 0.009165138006210327
percentiles: 2%=0.7184334397315979, 5%=0.7219685316085815, 10%=0.7240729928016663, 25%=0.729119598865509, 50%=0.7379926443099976, 75%=0.744768500328064, 90%=0.7475648522377014, 95%=0.7490541934967041, 98%=0.7516770362854004
ranking_best_algo: PBIL
ranking_best_score: 0.730509098125
ranking_my_rank: 1/504 (100.0%)
ranking_my_percent: 100.0
