ConfigName: krbf__advnormalizedfitness__M3__L8__eps0p033__g0p01__ds0p01__dm0p3
Problem: QUBO
Kernel: rbf
Advantage: normalizedfitness
M: 3
lambda: 8
epsilon_svgd: 0.033
gamma: 0.01
decay_start_ratio: 0.01
decay_min_factor: 0.3
bandwith_kernel: None
no_interact: False
avg_score: -1287.3399658203125
median_score: -1287.5
std_score: 57.47542190551758
percentiles: 2%=-1413.3800048828125, 5%=-1379.0999755859375, 10%=-1351.699951171875, 25%=-1325.5, 50%=-1287.5, 75%=-1256.0, 90%=-1216.5999755859375, 95%=-1184.9000244140625, 98%=-1170.43994140625
ranking_best_algo: BigLognormalDiscreteOnePlusOne
ranking_best_score: 1301.3600000000004
ranking_my_rank: 4/504 (99.4%)
ranking_my_percent: 99.4047619047619
