ConfigName: kjsd__advperagentrankweighted__M5__L8__eps0p01__g0p0007__ds0p2__dm0p05
Problem: NK
Kernel: jsd
Advantage: peragentrankweighted
M: 5
lambda: 8
epsilon_svgd: 0.01
gamma: 0.0007
decay_start_ratio: 0.2
decay_min_factor: 0.05
bandwith_kernel: None
no_interact: False
avg_score: 0.733588695526123
median_score: 0.7340390682220459
std_score: 0.008971511386334896
percentiles: 2%=0.7140668034553528, 5%=0.7185526490211487, 10%=0.7204113602638245, 25%=0.7274277210235596, 50%=0.7340390682220459, 75%=0.7399262189865112, 90%=0.7441326379776001, 95%=0.7461405396461487, 98%=0.7483987808227539
ranking_best_algo: PBIL
ranking_best_score: 0.7248786399609374
ranking_my_rank: 1/504 (100.0%)
ranking_my_percent: 100.0
