ConfigName: krbf__advnormalizedfitness__M4__L8__eps0p025__g0p005__ds0p01__dm0p3
Problem: QUBO
Kernel: rbf
Advantage: normalizedfitness
M: 4
lambda: 8
epsilon_svgd: 0.025
gamma: 0.005
decay_start_ratio: 0.01
decay_min_factor: 0.3
bandwith_kernel: None
no_interact: False
avg_score: -330.239990234375
median_score: -337.0
std_score: 21.779401779174805
percentiles: 2%=-372.0, 5%=-354.1499938964844, 10%=-350.0, 25%=-342.25, 50%=-337.0, 75%=-324.0, 90%=-293.6000061035156, 95%=-284.0, 98%=-280.0
ranking_best_algo: CMApara
ranking_best_score: 344.22
ranking_my_rank: 79/504 (84.5%)
ranking_my_percent: 84.52380952380952
