ConfigName: krbf__advnormalizedfitness__M3__L10__eps0p025__g0p005__ds0p01__dm0p01
Problem: NK
Kernel: rbf
Advantage: normalizedfitness
M: 3
lambda: 10
epsilon_svgd: 0.025
gamma: 0.005
decay_start_ratio: 0.01
decay_min_factor: 0.01
bandwith_kernel: None
no_interact: False
avg_score: 0.7319063544273376
median_score: 0.7315635085105896
std_score: 0.008650783449411392
percentiles: 2%=0.7170939445495605, 5%=0.7188385725021362, 10%=0.7218233942985535, 25%=0.7263510227203369, 50%=0.7315635085105896, 75%=0.7367786765098572, 90%=0.7419742941856384, 95%=0.7467703223228455, 98%=0.7492151260375977
ranking_best_algo: Tabu
ranking_best_score: 0.7429702712499999
ranking_my_rank: 2/504 (99.8%)
ranking_my_percent: 99.8015873015873
