ConfigName: krbf__advnormalizedfitness__M5__L15__eps0p03__g0p01__ds0p05__dm0p05
Problem: NK
Kernel: rbf
Advantage: normalizedfitness
M: 5
lambda: 15
epsilon_svgd: 0.03
gamma: 0.01
decay_start_ratio: 0.05
decay_min_factor: 0.05
bandwith_kernel: None
no_interact: False
avg_score: 0.6925522089004517
median_score: 0.6944186687469482
std_score: 0.011627241969108582
percentiles: 2%=0.6729320287704468, 5%=0.6749207973480225, 10%=0.6772453784942627, 25%=0.6838403940200806, 50%=0.6944186687469482, 75%=0.7001209855079651, 90%=0.7066715955734253, 95%=0.7101373672485352, 98%=0.7143788933753967
ranking_best_algo: PBIL
ranking_best_score: 0.7248786399609374
ranking_my_rank: 137/504 (73.0%)
ranking_my_percent: 73.01587301587301
