ConfigName: kjsd__advperagentrankweighted__M4__L10__eps0p005__g0p0005__ds0p05__dm0p05
Problem: NK
Kernel: jsd
Advantage: peragentrankweighted
M: 4
lambda: 10
epsilon_svgd: 0.005
gamma: 0.0005
decay_start_ratio: 0.05
decay_min_factor: 0.05
bandwith_kernel: None
no_interact: False
avg_score: 0.7184231281280518
median_score: 0.7181572914123535
std_score: 0.006993972696363926
percentiles: 2%=0.7064377069473267, 5%=0.7080811858177185, 10%=0.7102279663085938, 25%=0.7132896184921265, 50%=0.7181572914123535, 75%=0.7227143049240112, 90%=0.7287927865982056, 95%=0.7309250235557556, 98%=0.7348523736000061
ranking_best_algo: PBIL
ranking_best_score: 0.7170882103515624
ranking_my_rank: 1/504 (100.0%)
ranking_my_percent: 100.0
