ConfigName: kjsd__advperagentrankweighted__M10__L24__eps0p005__g0p0005__ds0p3__dm0p05
Problem: QUBO
Kernel: jsd
Advantage: peragentrankweighted
M: 10
lambda: 24
epsilon_svgd: 0.005
gamma: 0.0005
decay_start_ratio: 0.3
decay_min_factor: 0.05
bandwith_kernel: None
no_interact: False
avg_score: -146.52000427246094
median_score: -145.5
std_score: 13.115243911743164
percentiles: 2%=-179.0, 5%=-179.0, 10%=-158.1999969482422, 25%=-153.25, 50%=-145.5, 75%=-138.5, 90%=-131.0, 95%=-127.0, 98%=-120.9800033569336
ranking_best_algo: CMApara
ranking_best_score: 154.28
ranking_my_rank: 112/504 (78.0%)
ranking_my_percent: 77.97619047619048
