ConfigName: kjsd__advperagentrankweighted__M3__L16__eps0p01__g0p0007__ds0p05__dm0p05
Problem: QUBO
Kernel: jsd
Advantage: peragentrankweighted
M: 3
lambda: 16
epsilon_svgd: 0.01
gamma: 0.0007
decay_start_ratio: 0.05
decay_min_factor: 0.05
bandwith_kernel: None
no_interact: False
avg_score: -2632.6201171875
median_score: -2625.5
std_score: 125.13678741455078
percentiles: 2%=-2873.5400390625, 5%=-2838.60009765625, 10%=-2804.300048828125, 25%=-2714.0, 50%=-2625.5, 75%=-2555.25, 90%=-2453.39990234375, 95%=-2418.949951171875, 98%=-2389.719970703125
ranking_best_algo: DiscreteLengler2OnePlusOne
ranking_best_score: 2617.04
ranking_my_rank: 1/504 (100.0%)
ranking_my_percent: 100.0
