ConfigName: krbf__advnormalizedfitness__M3__L10__eps0p033__g0p005__ds0p3__dm0p3
Problem: QUBO
Kernel: rbf
Advantage: normalizedfitness
M: 3
lambda: 10
epsilon_svgd: 0.033
gamma: 0.005
decay_start_ratio: 0.3
decay_min_factor: 0.3
bandwith_kernel: None
no_interact: False
avg_score: -930.5599975585938
median_score: -933.0
std_score: 65.67911529541016
percentiles: 2%=-1074.0400390625, 5%=-1050.6500244140625, 10%=-1019.4000244140625, 25%=-969.25, 50%=-933.0, 75%=-875.75, 90%=-854.9000244140625, 95%=-839.0, 98%=-815.0
ranking_best_algo: CMApara
ranking_best_score: 964.9
ranking_my_rank: 19/504 (96.4%)
ranking_my_percent: 96.42857142857143
