ConfigName: kjsd__advperagentrankweighted__M5__L10__eps0p01__g0p003__ds0p05__dm0p2
Problem: QUBO
Kernel: jsd
Advantage: peragentrankweighted
M: 5
lambda: 10
epsilon_svgd: 0.01
gamma: 0.003
decay_start_ratio: 0.05
decay_min_factor: 0.2
bandwith_kernel: None
no_interact: False
avg_score: -2910.860107421875
median_score: -2929.5
std_score: 207.4499969482422
percentiles: 2%=-3334.02001953125, 5%=-3229.050048828125, 10%=-3144.300048828125, 25%=-3034.75, 50%=-2929.5, 75%=-2791.0, 90%=-2608.60009765625, 95%=-2525.800048828125, 98%=-2493.9599609375
ranking_best_algo: RLSOnePlusOne
ranking_best_score: 3316.5199999999995
ranking_my_rank: 141/504 (72.2%)
ranking_my_percent: 72.22222222222223
