ConfigName: kjsd__advperagentrankweighted__M3__L16__eps0p005__g0p001__ds0p1__dm0p1
Problem: NK
Kernel: jsd
Advantage: peragentrankweighted
M: 3
lambda: 16
epsilon_svgd: 0.005
gamma: 0.001
decay_start_ratio: 0.1
decay_min_factor: 0.1
bandwith_kernel: None
no_interact: False
avg_score: 0.7411301136016846
median_score: 0.7393119931221008
std_score: 0.01284340862184763
percentiles: 2%=0.7140642404556274, 5%=0.7208828330039978, 10%=0.7252739071846008, 25%=0.7323248386383057, 50%=0.7393119931221008, 75%=0.7504132390022278, 90%=0.7568337917327881, 95%=0.7597224712371826, 98%=0.7680607438087463
ranking_best_algo: Tabu
ranking_best_score: 0.7601875690625
ranking_my_rank: 12/504 (97.8%)
ranking_my_percent: 97.81746031746032
