ConfigName: kjsd__advperagentrankweighted__M3__L18__eps0p005__g0p001__ds0p2__dm0p05
Problem: QUBO
Kernel: jsd
Advantage: peragentrankweighted
M: 3
lambda: 18
epsilon_svgd: 0.005
gamma: 0.001
decay_start_ratio: 0.2
decay_min_factor: 0.05
bandwith_kernel: None
no_interact: False
avg_score: -138.6199951171875
median_score: -140.5
std_score: 12.895565032958984
percentiles: 2%=-159.02000427246094, 5%=-159.0, 10%=-155.10000610351562, 25%=-146.25, 50%=-140.5, 75%=-129.75, 90%=-121.0, 95%=-116.9000015258789, 98%=-110.91999816894531
ranking_best_algo: DiscreteDE
ranking_best_score: 143.4
ranking_my_rank: 98/504 (80.8%)
ranking_my_percent: 80.75396825396825
