ConfigName: kjsd__advperagentrankweighted__M4__L24__eps0p008__g0p0005__ds0p05__dm0p05
Problem: QUBO
Kernel: jsd
Advantage: peragentrankweighted
M: 4
lambda: 24
epsilon_svgd: 0.008
gamma: 0.0005
decay_start_ratio: 0.05
decay_min_factor: 0.05
bandwith_kernel: None
no_interact: False
avg_score: -201.8800048828125
median_score: -202.5
std_score: 11.746726989746094
percentiles: 2%=-224.0, 5%=-221.0500030517578, 10%=-218.0, 25%=-209.0, 50%=-202.5, 75%=-197.0, 90%=-184.89999389648438, 95%=-181.89999389648438, 98%=-177.97999572753906
ranking_best_algo: Tabu
ranking_best_score: 208.36000000000004
ranking_my_rank: 38/504 (92.7%)
ranking_my_percent: 92.65873015873017
