ConfigName: krbf__advnormalizedfitness__M4__L15__eps0p02__g0p005__ds0p15__dm0p05
Problem: NK
Kernel: rbf
Advantage: normalizedfitness
M: 4
lambda: 15
epsilon_svgd: 0.02
gamma: 0.005
decay_start_ratio: 0.15
decay_min_factor: 0.05
bandwith_kernel: None
no_interact: False
avg_score: 0.5963155627250671
median_score: 0.593928337097168
std_score: 0.013246254064142704
percentiles: 2%=0.5774030685424805, 5%=0.5812029838562012, 10%=0.5821928381919861, 25%=0.5851826667785645, 50%=0.593928337097168, 75%=0.6031284332275391, 90%=0.6192099452018738, 95%=0.6223964691162109, 98%=0.6259843707084656
ranking_best_algo: PBIL
ranking_best_score: 0.7170882103515624
ranking_my_rank: 363/504 (28.2%)
ranking_my_percent: 28.174603174603174
