ConfigName: krbf__advnormalizedfitness__M3__L15__eps0p025__g0p015__ds0p3__dm0p01
Problem: QUBO
Kernel: rbf
Advantage: normalizedfitness
M: 3
lambda: 15
epsilon_svgd: 0.025
gamma: 0.015
decay_start_ratio: 0.3
decay_min_factor: 0.01
bandwith_kernel: None
no_interact: False
avg_score: -2502.800048828125
median_score: -2489.0
std_score: 243.0301971435547
percentiles: 2%=-2982.639892578125, 5%=-2934.89990234375, 10%=-2833.39990234375, 25%=-2668.75, 50%=-2489.0, 75%=-2315.75, 90%=-2183.0, 95%=-2141.550048828125, 98%=-2089.43994140625
ranking_best_algo: RLSOnePlusOne
ranking_best_score: 3316.5199999999995
ranking_my_rank: 216/504 (57.3%)
ranking_my_percent: 57.34126984126984
