ConfigName: krbf__advnormalizedfitness__M3__L8__eps0p033__g0p005__ds0p15__dm0p3
Problem: QUBO
Kernel: rbf
Advantage: normalizedfitness
M: 3
lambda: 8
epsilon_svgd: 0.033
gamma: 0.005
decay_start_ratio: 0.15
decay_min_factor: 0.3
bandwith_kernel: None
no_interact: False
avg_score: -198.8800048828125
median_score: -199.0
std_score: 11.693827629089355
percentiles: 2%=-224.0, 5%=-222.0, 10%=-213.0, 25%=-205.25, 50%=-199.0, 75%=-193.0, 90%=-183.89999389648438, 95%=-179.95001220703125, 98%=-175.87997436523438
ranking_best_algo: Tabu
ranking_best_score: 208.36000000000004
ranking_my_rank: 89/504 (82.5%)
ranking_my_percent: 82.53968253968254
