ConfigName: krbf__advnormalizedfitness__M4__L24__eps0p025__g0p005__ds0p05__dm0p05
Problem: QUBO
Kernel: rbf
Advantage: normalizedfitness
M: 4
lambda: 24
epsilon_svgd: 0.025
gamma: 0.005
decay_start_ratio: 0.05
decay_min_factor: 0.05
bandwith_kernel: None
no_interact: False
avg_score: -2272.699951171875
median_score: -2277.0
std_score: 162.59922790527344
percentiles: 2%=-2573.280029296875, 5%=-2512.39990234375, 10%=-2468.10009765625, 25%=-2379.5, 50%=-2277.0, 75%=-2178.75, 90%=-2054.5, 95%=-1969.949951171875, 98%=-1962.739990234375
ranking_best_algo: DiscreteLengler2OnePlusOne
ranking_best_score: 2617.04
ranking_my_rank: 176/504 (65.3%)
ranking_my_percent: 65.27777777777777
