ConfigName: kjsd__advperagentrankweighted__M3__L20__eps0p007__g0p0007__ds0p2__dm0p1
Problem: QUBO
Kernel: jsd
Advantage: peragentrankweighted
M: 3
lambda: 20
epsilon_svgd: 0.007
gamma: 0.0007
decay_start_ratio: 0.2
decay_min_factor: 0.1
bandwith_kernel: None
no_interact: False
avg_score: -199.4600067138672
median_score: -201.0
std_score: 12.651813507080078
percentiles: 2%=-224.0, 5%=-219.0500030517578, 10%=-215.0, 25%=-207.25, 50%=-201.0, 75%=-191.75, 90%=-180.8000030517578, 95%=-175.0, 98%=-173.9600067138672
ranking_best_algo: Tabu
ranking_best_score: 208.36000000000004
ranking_my_rank: 84/504 (83.5%)
ranking_my_percent: 83.53174603174604
