ConfigName: krbf__advnormalizedfitness__M4__L15__eps0p025__g0p007__ds0p01__dm0p3
Problem: NK
Kernel: rbf
Advantage: normalizedfitness
M: 4
lambda: 15
epsilon_svgd: 0.025
gamma: 0.007
decay_start_ratio: 0.01
decay_min_factor: 0.3
bandwith_kernel: None
no_interact: False
avg_score: 0.6718701124191284
median_score: 0.6695400476455688
std_score: 0.01802178844809532
percentiles: 2%=0.6432579755783081, 5%=0.6460113525390625, 10%=0.6501142978668213, 25%=0.6590039730072021, 50%=0.6695400476455688, 75%=0.681796133518219, 90%=0.6969243288040161, 95%=0.7094586491584778, 98%=0.712549090385437
ranking_best_algo: Tabu
ranking_best_score: 0.7601875690625
ranking_my_rank: 356/504 (29.6%)
ranking_my_percent: 29.563492063492063
