ConfigName: krbf__advnormalizedfitness__M4__L15__eps0p033__g0p01__ds0p01__dm0p01
Problem: NK
Kernel: rbf
Advantage: normalizedfitness
M: 4
lambda: 15
epsilon_svgd: 0.033
gamma: 0.01
decay_start_ratio: 0.01
decay_min_factor: 0.01
bandwith_kernel: None
no_interact: False
avg_score: 0.7288162112236023
median_score: 0.729249119758606
std_score: 0.016582639887928963
percentiles: 2%=0.6970638632774353, 5%=0.7012279629707336, 10%=0.7063697576522827, 25%=0.7175343036651611, 50%=0.729249119758606, 75%=0.7386470437049866, 90%=0.7520163059234619, 95%=0.7567137479782104, 98%=0.7590668797492981
ranking_best_algo: Tabu
ranking_best_score: 0.7601875690625
ranking_my_rank: 53/504 (89.7%)
ranking_my_percent: 89.68253968253968
