ConfigName: kfr__advglobalrankweighted__M6__L11__eps0p015__g0p005__ds0p01__dm0p01
Problem: QUBO
Kernel: fr
Advantage: globalrankweighted
M: 6
lambda: 11
epsilon_svgd: 0.015
gamma: 0.005
decay_start_ratio: 0.01
decay_min_factor: 0.01
bandwith_kernel: None
no_interact: False
avg_score: -2093.1201171875
median_score: -2092.0
std_score: 140.00038146972656
percentiles: 2%=-2404.739990234375, 5%=-2336.85009765625, 10%=-2269.199951171875, 25%=-2178.75, 50%=-2092.0, 75%=-1998.0, 90%=-1905.5999755859375, 95%=-1881.5, 98%=-1865.599853515625
ranking_best_algo: SVM1MetaModelLogNormal
ranking_best_score: 2605.14
ranking_my_rank: 207/504 (59.1%)
ranking_my_percent: 59.12698412698413
