ConfigName: kjsd__advperagentrankweighted__M3__L20__eps0p007__g0p0005__ds0p05__dm0p05
Problem: NK
Kernel: jsd
Advantage: peragentrankweighted
M: 3
lambda: 20
epsilon_svgd: 0.007
gamma: 0.0005
decay_start_ratio: 0.05
decay_min_factor: 0.05
bandwith_kernel: None
no_interact: False
avg_score: 0.7476992011070251
median_score: 0.7475544214248657
std_score: 0.008973397314548492
percentiles: 2%=0.7281211614608765, 5%=0.7325530052185059, 10%=0.7375392317771912, 25%=0.7417863011360168, 50%=0.7475544214248657, 75%=0.7537726163864136, 90%=0.7602646946907043, 95%=0.763493001461029, 98%=0.764577329158783
ranking_best_algo: PBIL
ranking_best_score: 0.733570253046875
ranking_my_rank: 1/504 (100.0%)
ranking_my_percent: 100.0
