ConfigName: krbf__advnormalizedfitness__M3__L10__eps0p033__g0p01__ds0p3__dm0p01
Problem: QUBO
Kernel: rbf
Advantage: normalizedfitness
M: 3
lambda: 10
epsilon_svgd: 0.033
gamma: 0.01
decay_start_ratio: 0.3
decay_min_factor: 0.01
bandwith_kernel: None
no_interact: False
avg_score: -442.5
median_score: -446.5
std_score: 24.31357765197754
percentiles: 2%=-484.1000061035156, 5%=-477.0, 10%=-472.1000061035156, 25%=-461.0, 50%=-446.5, 75%=-428.5, 90%=-413.79998779296875, 95%=-402.95001220703125, 98%=-383.94000244140625
ranking_best_algo: CMApara
ranking_best_score: 453.82
ranking_my_rank: 9/504 (98.4%)
ranking_my_percent: 98.41269841269842
