Problem: QUBO
Kernel: jsd
Advantage: peragentrankweighted
M: 10
lambda: 10
epsilon_svgd: 0.007
gamma: 0.0001
decay_start_ratio: 0.05
decay_min_factor: 0.2
bandwith_kernel: None
no_interact: False
avg_score: -452.739990234375
median_score: -457.0
std_score: 21.39000701904297
percentiles: 2%=-489.1400146484375, 5%=-485.1000061035156, 10%=-477.20001220703125, 25%=-469.25, 50%=-457.0, 75%=-436.0, 90%=-422.8999938964844, 95%=-417.95001220703125, 98%=-413.97998046875
ranking_best_algo: CMApara
ranking_best_score: 453.82
ranking_my_rank: 2/505 (99.8%)
