ConfigName: kjsd__advperagentrankweighted__M2__L20__eps0p005__g0p0005__ds0p1__dm0p2
Problem: QUBO
Kernel: jsd
Advantage: peragentrankweighted
M: 2
lambda: 20
epsilon_svgd: 0.005
gamma: 0.0005
decay_start_ratio: 0.1
decay_min_factor: 0.2
bandwith_kernel: None
no_interact: False
avg_score: -2576.419921875
median_score: -2575.0
std_score: 113.06398010253906
percentiles: 2%=-2814.02001953125, 5%=-2800.10009765625, 10%=-2730.800048828125, 25%=-2647.0, 50%=-2575.0, 75%=-2487.0, 90%=-2448.60009765625, 95%=-2412.25, 98%=-2377.97998046875
ranking_best_algo: SVM1MetaModelLogNormal
ranking_best_score: 2605.14
ranking_my_rank: 14/504 (97.4%)
ranking_my_percent: 97.42063492063492
