ConfigName: krbf__advnormalizedfitness__M4__L15__eps0p025__g0p015__ds0p3__dm0p01
Problem: QUBO
Kernel: rbf
Advantage: normalizedfitness
M: 4
lambda: 15
epsilon_svgd: 0.025
gamma: 0.015
decay_start_ratio: 0.3
decay_min_factor: 0.01
bandwith_kernel: None
no_interact: False
avg_score: -292.1000061035156
median_score: -291.0
std_score: 41.18871307373047
percentiles: 2%=-384.0799865722656, 5%=-374.3999938964844, 10%=-344.20001220703125, 25%=-318.0, 50%=-291.0, 75%=-255.75, 90%=-244.0, 95%=-235.90000915527344, 98%=-226.0
ranking_best_algo: CMApara
ranking_best_score: 319.29999999999995
ranking_my_rank: 275/504 (45.6%)
ranking_my_percent: 45.63492063492063
