ConfigName: kfr__advglobalrankweighted__M6__L8__eps0p015__g0p007__ds0p01__dm0p01
Problem: QUBO
Kernel: fr
Advantage: globalrankweighted
M: 6
lambda: 8
epsilon_svgd: 0.015
gamma: 0.007
decay_start_ratio: 0.01
decay_min_factor: 0.01
bandwith_kernel: None
no_interact: False
avg_score: -410.8399963378906
median_score: -412.5
std_score: 29.025066375732422
percentiles: 2%=-469.1600036621094, 5%=-463.0, 10%=-446.29998779296875, 25%=-429.25, 50%=-412.5, 75%=-388.0, 90%=-370.8999938964844, 95%=-366.95001220703125, 98%=-362.9599914550781
ranking_best_algo: CMAL3
ranking_best_score: 435.36
ranking_my_rank: 170/504 (66.5%)
ranking_my_percent: 66.46825396825396
