ConfigName: kjsd__advperagentrankweighted__M3__L20__eps0p007__g0p0007__ds0p1__dm0p1
Problem: NK
Kernel: jsd
Advantage: peragentrankweighted
M: 3
lambda: 20
epsilon_svgd: 0.007
gamma: 0.0007
decay_start_ratio: 0.1
decay_min_factor: 0.1
bandwith_kernel: None
no_interact: False
avg_score: 0.7571956515312195
median_score: 0.7557586431503296
std_score: 0.01282772608101368
percentiles: 2%=0.7310357093811035, 5%=0.7361451387405396, 10%=0.7409771084785461, 25%=0.7494145631790161, 50%=0.7557586431503296, 75%=0.7652719020843506, 90%=0.7744858860969543, 95%=0.7797817587852478, 98%=0.7827819585800171
ranking_best_algo: Tabu
ranking_best_score: 0.7470791764843752
ranking_my_rank: 1/504 (100.0%)
ranking_my_percent: 100.0
