ConfigName: krbf__advnormalizedfitness__M4__L12__eps0p033__g0p007__ds0p3__dm0p3
Problem: QUBO
Kernel: rbf
Advantage: normalizedfitness
M: 4
lambda: 12
epsilon_svgd: 0.033
gamma: 0.007
decay_start_ratio: 0.3
decay_min_factor: 0.3
bandwith_kernel: None
no_interact: False
avg_score: -139.6199951171875
median_score: -141.0
std_score: 12.045563697814941
percentiles: 2%=-158.0, 5%=-158.0, 10%=-157.0, 25%=-147.25, 50%=-141.0, 75%=-129.75, 90%=-125.0, 95%=-118.0, 98%=-113.97999572753906
ranking_best_algo: DiscreteDE
ranking_best_score: 143.4
ranking_my_rank: 83/504 (83.7%)
ranking_my_percent: 83.73015873015873
