ConfigName: kjsd__advperagentrankweighted__M3__L20__eps0p007__g0p0007__ds0p05__dm0p1
Problem: QUBO
Kernel: jsd
Advantage: peragentrankweighted
M: 3
lambda: 20
epsilon_svgd: 0.007
gamma: 0.0007
decay_start_ratio: 0.05
decay_min_factor: 0.1
bandwith_kernel: None
no_interact: False
avg_score: -309.17999267578125
median_score: -311.0
std_score: 37.514366149902344
percentiles: 2%=-388.0, 5%=-378.3999938964844, 10%=-357.6000061035156, 25%=-332.5, 50%=-311.0, 75%=-278.0, 90%=-265.8999938964844, 95%=-255.8000030517578, 98%=-249.9600067138672
ranking_best_algo: CMApara
ranking_best_score: 319.29999999999995
ranking_my_rank: 81/504 (84.1%)
ranking_my_percent: 84.12698412698413
