ConfigName: kfr__advglobalrankweighted__M4__L24__eps0p03__g0p001__ds0p01__dm0p01
Problem: QUBO
Kernel: fr
Advantage: globalrankweighted
M: 4
lambda: 24
epsilon_svgd: 0.03
gamma: 0.001
decay_start_ratio: 0.01
decay_min_factor: 0.01
bandwith_kernel: None
no_interact: False
avg_score: -1273.239990234375
median_score: -1281.5
std_score: 59.30937957763672
percentiles: 2%=-1383.02001953125, 5%=-1371.5, 10%=-1347.199951171875, 25%=-1312.25, 50%=-1281.5, 75%=-1228.75, 90%=-1192.0, 95%=-1173.8499755859375, 98%=-1160.9200439453125
ranking_best_algo: BigLognormalDiscreteOnePlusOne
ranking_best_score: 1301.3600000000004
ranking_my_rank: 45/504 (91.3%)
ranking_my_percent: 91.26984126984127
