ConfigName: kjsd__advperagentrankweighted__M3__L20__eps0p007__g0p0005__ds0p05__dm0p2
Problem: QUBO
Kernel: jsd
Advantage: peragentrankweighted
M: 3
lambda: 20
epsilon_svgd: 0.007
gamma: 0.0005
decay_start_ratio: 0.05
decay_min_factor: 0.2
bandwith_kernel: None
no_interact: False
avg_score: -138.89999389648438
median_score: -140.5
std_score: 12.156890869140625
percentiles: 2%=-159.0, 5%=-157.0500030517578, 10%=-156.0, 25%=-147.0, 50%=-140.5, 75%=-130.0, 90%=-124.80000305175781, 95%=-116.9000015258789, 98%=-112.9800033569336
ranking_best_algo: DiscreteDE
ranking_best_score: 143.4
ranking_my_rank: 94/504 (81.5%)
ranking_my_percent: 81.54761904761905
