ConfigName: kjsd__advperagentrankweighted__M4__L20__eps0p005__g0p0005__ds0p05__dm0p05
Problem: QUBO
Kernel: jsd
Advantage: peragentrankweighted
M: 4
lambda: 20
epsilon_svgd: 0.005
gamma: 0.0005
decay_start_ratio: 0.05
decay_min_factor: 0.05
bandwith_kernel: None
no_interact: False
avg_score: -2638.02001953125
median_score: -2629.5
std_score: 119.8075180053711
percentiles: 2%=-2900.080078125, 5%=-2839.199951171875, 10%=-2796.5, 25%=-2720.5, 50%=-2629.5, 75%=-2558.5, 90%=-2504.300048828125, 95%=-2464.60009765625, 98%=-2413.699951171875
ranking_best_algo: DiscreteLengler2OnePlusOne
ranking_best_score: 2617.04
ranking_my_rank: 1/504 (100.0%)
ranking_my_percent: 100.0
