ConfigName: kjsd__advperagentrankweighted__M3__L16__eps0p005__g0p001__ds0p05__dm0p05
Problem: NK
Kernel: jsd
Advantage: peragentrankweighted
M: 3
lambda: 16
epsilon_svgd: 0.005
gamma: 0.001
decay_start_ratio: 0.05
decay_min_factor: 0.05
bandwith_kernel: None
no_interact: False
avg_score: 0.7343366742134094
median_score: 0.7343528866767883
std_score: 0.011768046766519547
percentiles: 2%=0.7122544050216675, 5%=0.7181415557861328, 10%=0.7213438153266907, 25%=0.725813090801239, 50%=0.7343528866767883, 75%=0.7397340536117554, 90%=0.7498723864555359, 95%=0.7610560059547424, 98%=0.7621166110038757
ranking_best_algo: Tabu
ranking_best_score: 0.7429702712499999
ranking_my_rank: 2/504 (99.8%)
ranking_my_percent: 99.8015873015873
