ConfigName: kjsd__advperagentrankweighted__M3__L16__eps0p007__g0p003__ds0p2__dm0p2
Problem: QUBO
Kernel: jsd
Advantage: peragentrankweighted
M: 3
lambda: 16
epsilon_svgd: 0.007
gamma: 0.003
decay_start_ratio: 0.2
decay_min_factor: 0.2
bandwith_kernel: None
no_interact: False
avg_score: -411.3599853515625
median_score: -410.0
std_score: 24.388324737548828
percentiles: 2%=-461.1600036621094, 5%=-453.04998779296875, 10%=-447.20001220703125, 25%=-426.0, 50%=-410.0, 75%=-396.25, 90%=-378.0, 95%=-374.0, 98%=-371.9599914550781
ranking_best_algo: Tabu
ranking_best_score: 438.12
ranking_my_rank: 80/504 (84.3%)
ranking_my_percent: 84.32539682539682
