ConfigName: kjsd__advperagentrankweighted__M3__L18__eps0p007__g0p0007__ds0p1__dm0p05
Problem: QUBO
Kernel: jsd
Advantage: peragentrankweighted
M: 3
lambda: 18
epsilon_svgd: 0.007
gamma: 0.0007
decay_start_ratio: 0.1
decay_min_factor: 0.05
bandwith_kernel: None
no_interact: False
avg_score: -933.6799926757812
median_score: -920.5
std_score: 64.79010009765625
percentiles: 2%=-1065.1800537109375, 5%=-1056.199951171875, 10%=-1037.199951171875, 25%=-968.75, 50%=-920.5, 75%=-887.0, 90%=-861.9000244140625, 95%=-836.9000244140625, 98%=-822.7999877929688
ranking_best_algo: CMApara
ranking_best_score: 964.9
ranking_my_rank: 18/504 (96.6%)
ranking_my_percent: 96.62698412698413
