ConfigName: krbf__advnormalizedfitness__M3__L8__eps0p015__g0p007__ds0p3__dm0p01
Problem: QUBO
Kernel: rbf
Advantage: normalizedfitness
M: 3
lambda: 8
epsilon_svgd: 0.015
gamma: 0.007
decay_start_ratio: 0.3
decay_min_factor: 0.01
bandwith_kernel: None
no_interact: False
avg_score: -329.1199951171875
median_score: -334.0
std_score: 23.379169464111328
percentiles: 2%=-370.0400085449219, 5%=-361.0, 10%=-354.0, 25%=-343.0, 50%=-334.0, 75%=-316.0, 90%=-297.5, 95%=-280.0, 98%=-269.9599914550781
ranking_best_algo: CMApara
ranking_best_score: 344.22
ranking_my_rank: 83/504 (83.7%)
ranking_my_percent: 83.73015873015873
