ConfigName: kjsd__advperagentrankweighted__M5__L24__eps0p03__g0p0003__ds0p2__dm0p05
Problem: NK
Kernel: jsd
Advantage: peragentrankweighted
M: 5
lambda: 24
epsilon_svgd: 0.03
gamma: 0.0003
decay_start_ratio: 0.2
decay_min_factor: 0.05
bandwith_kernel: None
no_interact: False
avg_score: 0.7457923293113708
median_score: 0.7458072900772095
std_score: 0.01145120244473219
percentiles: 2%=0.7254840731620789, 5%=0.7287430763244629, 10%=0.7304702997207642, 25%=0.7375406622886658, 50%=0.7458072900772095, 75%=0.7539575695991516, 90%=0.7606048583984375, 95%=0.7642045617103577, 98%=0.769191324710846
ranking_best_algo: Tabu
ranking_best_score: 0.7470791764843752
ranking_my_rank: 3/504 (99.6%)
ranking_my_percent: 99.60317460317461
