ConfigName: kjsd__advperagentrankweighted__M4__L12__eps0p02__g0p0007__ds0p05__dm0p05
Problem: QUBO
Kernel: jsd
Advantage: peragentrankweighted
M: 4
lambda: 12
epsilon_svgd: 0.02
gamma: 0.0007
decay_start_ratio: 0.05
decay_min_factor: 0.05
bandwith_kernel: None
no_interact: False
avg_score: -574.280029296875
median_score: -573.5
std_score: 26.59552001953125
percentiles: 2%=-627.0, 5%=-613.4000244140625, 10%=-606.2999877929688, 25%=-591.5, 50%=-573.5, 75%=-559.75, 90%=-543.7999877929688, 95%=-526.7999877929688, 98%=-517.97998046875
ranking_best_algo: Tabu
ranking_best_score: 588.7199999999999
ranking_my_rank: 57/503 (88.9%)
ranking_my_percent: 88.86679920477137
