ConfigName: kjsd__advperagentrankweighted__M3__L20__eps0p005__g0p0005__ds0p1__dm0p2
Problem: NK
Kernel: jsd
Advantage: peragentrankweighted
M: 3
lambda: 20
epsilon_svgd: 0.005
gamma: 0.0005
decay_start_ratio: 0.1
decay_min_factor: 0.2
bandwith_kernel: None
no_interact: False
avg_score: 0.7464385032653809
median_score: 0.7451636791229248
std_score: 0.008793318644165993
percentiles: 2%=0.7291158437728882, 5%=0.7336687445640564, 10%=0.7353523373603821, 25%=0.7407371401786804, 50%=0.7451636791229248, 75%=0.7516465783119202, 90%=0.7580494284629822, 95%=0.7615824937820435, 98%=0.7641577124595642
ranking_best_algo: PBIL
ranking_best_score: 0.733570253046875
ranking_my_rank: 1/504 (100.0%)
ranking_my_percent: 100.0
