ConfigName: krbf__advnormalizedfitness__M3__L12__eps0p015__g0p005__ds0p3__dm0p3
Problem: NK
Kernel: rbf
Advantage: normalizedfitness
M: 3
lambda: 12
epsilon_svgd: 0.015
gamma: 0.005
decay_start_ratio: 0.3
decay_min_factor: 0.3
bandwith_kernel: None
no_interact: False
avg_score: 0.7036917805671692
median_score: 0.7048593163490295
std_score: 0.012243509292602539
percentiles: 2%=0.6844350099563599, 5%=0.6858847737312317, 10%=0.6870758533477783, 25%=0.692307710647583, 50%=0.7048593163490295, 75%=0.7149958610534668, 90%=0.7191808819770813, 95%=0.7201228141784668, 98%=0.7226681113243103
ranking_best_algo: PBIL
ranking_best_score: 0.7013553837109374
ranking_my_rank: 1/504 (100.0%)
ranking_my_percent: 100.0
