ConfigName: krbf__advnormalizedfitness__M1__L8__eps0p015__g0p007__ds0p01__dm0p01
Problem: QUBO
Kernel: rbf
Advantage: normalizedfitness
M: 1
lambda: 8
epsilon_svgd: 0.015
gamma: 0.007
decay_start_ratio: 0.01
decay_min_factor: 0.01
bandwith_kernel: None
no_interact: False
avg_score: -1149.739990234375
median_score: -1145.5
std_score: 62.29728698730469
percentiles: 2%=-1309.02001953125, 5%=-1275.0, 10%=-1223.199951171875, 25%=-1185.0, 50%=-1145.5, 75%=-1108.25, 90%=-1078.199951171875, 95%=-1050.8499755859375, 98%=-1040.419921875
ranking_best_algo: Tabu
ranking_best_score: 1216.16
ranking_my_rank: 144/504 (71.6%)
ranking_my_percent: 71.62698412698413
