ConfigName: kjsd__advperagentrankweighted__M3__L20__eps0p005__g0p001__ds0p2__dm0p1
Problem: QUBO
Kernel: jsd
Advantage: peragentrankweighted
M: 3
lambda: 20
epsilon_svgd: 0.005
gamma: 0.001
decay_start_ratio: 0.2
decay_min_factor: 0.1
bandwith_kernel: None
no_interact: False
avg_score: -440.4800109863281
median_score: -443.5
std_score: 27.537784576416016
percentiles: 2%=-489.17999267578125, 5%=-478.1000061035156, 10%=-472.0, 25%=-463.0, 50%=-443.5, 75%=-418.75, 90%=-403.0, 95%=-395.95001220703125, 98%=-388.8599853515625
ranking_best_algo: CMApara
ranking_best_score: 453.82
ranking_my_rank: 15/504 (97.2%)
ranking_my_percent: 97.22222222222223
