ConfigName: kjsd__advperagentrankweighted__M3__L30__eps0p007__g0p001__ds0p1__dm0p2
Problem: NK
Kernel: jsd
Advantage: peragentrankweighted
M: 3
lambda: 30
epsilon_svgd: 0.007
gamma: 0.001
decay_start_ratio: 0.1
decay_min_factor: 0.2
bandwith_kernel: None
no_interact: False
avg_score: 0.7073122262954712
median_score: 0.710181713104248
std_score: 0.011848434805870056
percentiles: 2%=0.6874844431877136, 5%=0.688888669013977, 10%=0.6915775537490845, 25%=0.6959194540977478, 50%=0.710181713104248, 75%=0.7176737785339355, 90%=0.7204983234405518, 95%=0.723052978515625, 98%=0.7247621417045593
ranking_best_algo: PBIL
ranking_best_score: 0.7013553837109374
ranking_my_rank: 1/504 (100.0%)
ranking_my_percent: 100.0
