ConfigName: kjsd__advperagentrankweighted__M3__L16__eps0p01__g0p0005__ds0p05__dm0p1
Problem: QUBO
Kernel: jsd
Advantage: peragentrankweighted
M: 3
lambda: 16
epsilon_svgd: 0.01
gamma: 0.0005
decay_start_ratio: 0.05
decay_min_factor: 0.1
bandwith_kernel: None
no_interact: False
avg_score: -1302.3599853515625
median_score: -1298.0
std_score: 53.65566635131836
percentiles: 2%=-1416.0799560546875, 5%=-1402.050048828125, 10%=-1370.199951171875, 25%=-1331.25, 50%=-1298.0, 75%=-1268.5, 90%=-1242.5999755859375, 95%=-1210.9000244140625, 98%=-1198.8399658203125
ranking_best_algo: BigLognormalDiscreteOnePlusOne
ranking_best_score: 1301.3600000000004
ranking_my_rank: 1/504 (100.0%)
ranking_my_percent: 100.0
