ConfigName: kjsd__advperagentrankweighted__M5__L8__eps0p03__g0p0007__ds0p2__dm0p05
Problem: QUBO
Kernel: jsd
Advantage: peragentrankweighted
M: 5
lambda: 8
epsilon_svgd: 0.03
gamma: 0.0007
decay_start_ratio: 0.2
decay_min_factor: 0.05
bandwith_kernel: None
no_interact: False
avg_score: -139.32000732421875
median_score: -141.0
std_score: 10.485113143920898
percentiles: 2%=-158.02000427246094, 5%=-157.0, 10%=-153.0, 25%=-146.0, 50%=-141.0, 75%=-131.75, 90%=-125.0, 95%=-122.9000015258789, 98%=-116.9800033569336
ranking_best_algo: DiscreteDE
ranking_best_score: 143.4
ranking_my_rank: 86/504 (83.1%)
ranking_my_percent: 83.13492063492063
