ConfigName: kfr__advglobalrankweighted__M1__L10__eps0p015__g0p003__ds0p01__dm0p01
Problem: QUBO
Kernel: fr
Advantage: globalrankweighted
M: 1
lambda: 10
epsilon_svgd: 0.015
gamma: 0.003
decay_start_ratio: 0.01
decay_min_factor: 0.01
bandwith_kernel: None
no_interact: False
avg_score: -2524.179931640625
median_score: -2516.0
std_score: 146.90652465820312
percentiles: 2%=-2847.360107421875, 5%=-2773.050048828125, 10%=-2716.800048828125, 25%=-2622.25, 50%=-2516.0, 75%=-2416.75, 90%=-2354.5, 95%=-2297.89990234375, 98%=-2248.959716796875
ranking_best_algo: DiscreteLengler2OnePlusOne
ranking_best_score: 2617.04
ranking_my_rank: 61/504 (88.1%)
ranking_my_percent: 88.0952380952381
