ConfigName: krbf__advnormalizedfitness__M3__L24__eps0p03__g0p01__ds0p15__dm0p05
Problem: QUBO
Kernel: rbf
Advantage: normalizedfitness
M: 3
lambda: 24
epsilon_svgd: 0.03
gamma: 0.01
decay_start_ratio: 0.15
decay_min_factor: 0.05
bandwith_kernel: None
no_interact: False
avg_score: -149.05999755859375
median_score: -149.0
std_score: 14.10377311706543
percentiles: 2%=-179.0, 5%=-179.0, 10%=-164.89999389648438, 25%=-157.25, 50%=-149.0, 75%=-140.5, 90%=-132.8000030517578, 95%=-126.9000015258789, 98%=-124.77999877929688
ranking_best_algo: CMApara
ranking_best_score: 154.28
ranking_my_rank: 79/504 (84.5%)
ranking_my_percent: 84.52380952380952
