ConfigName: kjsd__advperagentrankweighted__M3__L30__eps0p007__g0p001__ds0p2__dm0p1
Problem: NK
Kernel: jsd
Advantage: peragentrankweighted
M: 3
lambda: 30
epsilon_svgd: 0.007
gamma: 0.001
decay_start_ratio: 0.2
decay_min_factor: 0.1
bandwith_kernel: None
no_interact: False
avg_score: 0.7581543922424316
median_score: 0.7566710710525513
std_score: 0.013780719600617886
percentiles: 2%=0.7334426045417786, 5%=0.7362349033355713, 10%=0.7388776540756226, 25%=0.7485491037368774, 50%=0.7566710710525513, 75%=0.7683018445968628, 90%=0.7762963771820068, 95%=0.7796006798744202, 98%=0.7837555408477783
ranking_best_algo: Tabu
ranking_best_score: 0.7470791764843752
ranking_my_rank: 1/504 (100.0%)
ranking_my_percent: 100.0
