ConfigName: krbf__advnormalizedfitness__M2__L10__eps0p033__g0p01__ds0p15__dm0p01
Problem: QUBO
Kernel: rbf
Advantage: normalizedfitness
M: 2
lambda: 10
epsilon_svgd: 0.033
gamma: 0.01
decay_start_ratio: 0.15
decay_min_factor: 0.01
bandwith_kernel: None
no_interact: False
avg_score: -579.0
median_score: -577.0
std_score: 29.29436683654785
percentiles: 2%=-635.02001953125, 5%=-625.0999755859375, 10%=-620.0999755859375, 25%=-601.5, 50%=-577.0, 75%=-561.75, 90%=-535.7999877929688, 95%=-528.0, 98%=-523.9600219726562
ranking_best_algo: Tabu
ranking_best_score: 588.7199999999999
ranking_my_rank: 41/503 (92.0%)
ranking_my_percent: 92.04771371769384
