ConfigName: krbf__advnormalizedfitness__M3__L12__eps0p015__g0p015__ds0p01__dm0p3
Problem: QUBO
Kernel: rbf
Advantage: normalizedfitness
M: 3
lambda: 12
epsilon_svgd: 0.015
gamma: 0.015
decay_start_ratio: 0.01
decay_min_factor: 0.3
bandwith_kernel: None
no_interact: False
avg_score: -145.67999267578125
median_score: -146.5
std_score: 14.658021926879883
percentiles: 2%=-179.0, 5%=-175.0, 10%=-160.3000030517578, 25%=-154.0, 50%=-146.5, 75%=-136.75, 90%=-129.0, 95%=-118.90000915527344, 98%=-114.0
ranking_best_algo: CMApara
ranking_best_score: 154.28
ranking_my_rank: 136/504 (73.2%)
ranking_my_percent: 73.21428571428571
