ConfigName: kjsd__advperagentrankweighted__M3__L20__eps0p007__g0p001__ds0p2__dm0p2
Problem: QUBO
Kernel: jsd
Advantage: peragentrankweighted
M: 3
lambda: 20
epsilon_svgd: 0.007
gamma: 0.001
decay_start_ratio: 0.2
decay_min_factor: 0.2
bandwith_kernel: None
no_interact: False
avg_score: -577.5599975585938
median_score: -574.5
std_score: 25.879070281982422
percentiles: 2%=-629.2000122070312, 5%=-619.2999877929688, 10%=-613.2000122070312, 25%=-599.25, 50%=-574.5, 75%=-557.0, 90%=-547.9000244140625, 95%=-539.9500122070312, 98%=-526.97998046875
ranking_best_algo: Tabu
ranking_best_score: 588.7199999999999
ranking_my_rank: 44/503 (91.5%)
ranking_my_percent: 91.45129224652088
