ConfigName: krbf__advnormalizedfitness__M4__L8__eps0p033__g0p01__ds0p15__dm0p3
Problem: QUBO
Kernel: rbf
Advantage: normalizedfitness
M: 4
lambda: 8
epsilon_svgd: 0.033
gamma: 0.01
decay_start_ratio: 0.15
decay_min_factor: 0.3
bandwith_kernel: None
no_interact: False
avg_score: -439.239990234375
median_score: -438.5
std_score: 25.01404571533203
percentiles: 2%=-489.05999755859375, 5%=-481.0, 10%=-469.1000061035156, 25%=-460.0, 50%=-438.5, 75%=-423.0, 90%=-404.8999938964844, 95%=-398.95001220703125, 98%=-391.9599914550781
ranking_best_algo: CMApara
ranking_best_score: 453.82
ranking_my_rank: 19/504 (96.4%)
ranking_my_percent: 96.42857142857143
