ConfigName: kjsd__advperagentrankweighted__M3__L16__eps0p007__g0p0005__ds0p1__dm0p1
Problem: NK
Kernel: jsd
Advantage: peragentrankweighted
M: 3
lambda: 16
epsilon_svgd: 0.007
gamma: 0.0005
decay_start_ratio: 0.1
decay_min_factor: 0.1
bandwith_kernel: None
no_interact: False
avg_score: 0.7342813014984131
median_score: 0.735426127910614
std_score: 0.00843336433172226
percentiles: 2%=0.7156333923339844, 5%=0.7182813882827759, 10%=0.7229471802711487, 25%=0.7282772064208984, 50%=0.735426127910614, 75%=0.7413034439086914, 90%=0.744337797164917, 95%=0.7458261251449585, 98%=0.7474942803382874
ranking_best_algo: PBIL
ranking_best_score: 0.7248786399609374
ranking_my_rank: 1/504 (100.0%)
ranking_my_percent: 100.0
