ConfigName: krbf__advnormalizedfitness__M2__L9__eps0p01__g0p005__ds0p01__dm0p01
Problem: NK
Kernel: rbf
Advantage: normalizedfitness
M: 2
lambda: 9
epsilon_svgd: 0.01
gamma: 0.005
decay_start_ratio: 0.01
decay_min_factor: 0.01
bandwith_kernel: None
no_interact: False
avg_score: 0.752047598361969
median_score: 0.7534970641136169
std_score: 0.014388096518814564
percentiles: 2%=0.7212722897529602, 5%=0.7254892587661743, 10%=0.7344165444374084, 25%=0.7429128289222717, 50%=0.7534970641136169, 75%=0.7619708776473999, 90%=0.7713172435760498, 95%=0.773435652256012, 98%=0.776831865310669
ranking_best_algo: Tabu
ranking_best_score: 0.7657846284375001
ranking_my_rank: 14/504 (97.4%)
ranking_my_percent: 97.42063492063492
