ConfigName: kjsd__advperagentrankweighted__M6__L8__eps0p03__g0p0005__ds0p05__dm0p05
Problem: NK
Kernel: jsd
Advantage: peragentrankweighted
M: 6
lambda: 8
epsilon_svgd: 0.03
gamma: 0.0005
decay_start_ratio: 0.05
decay_min_factor: 0.05
bandwith_kernel: None
no_interact: False
avg_score: 0.7287030220031738
median_score: 0.7286887764930725
std_score: 0.008210785686969757
percentiles: 2%=0.7115849256515503, 5%=0.7139924168586731, 10%=0.7170145511627197, 25%=0.7237284183502197, 50%=0.7286887764930725, 75%=0.733904242515564, 90%=0.739250659942627, 95%=0.7417290806770325, 98%=0.7441074252128601
ranking_best_algo: PBIL
ranking_best_score: 0.733570253046875
ranking_my_rank: 3/504 (99.6%)
ranking_my_percent: 99.60317460317461
