ConfigName: kjsd__advperagentrankweighted__M3__L20__eps0p005__g0p003__ds0p2__dm0p05
Problem: QUBO
Kernel: jsd
Advantage: peragentrankweighted
M: 3
lambda: 20
epsilon_svgd: 0.005
gamma: 0.003
decay_start_ratio: 0.2
decay_min_factor: 0.05
bandwith_kernel: None
no_interact: False
avg_score: -430.239990234375
median_score: -432.5
std_score: 29.448640823364258
percentiles: 2%=-482.0799865722656, 5%=-477.1499938964844, 10%=-468.0, 25%=-456.25, 50%=-432.5, 75%=-405.0, 90%=-389.8999938964844, 95%=-387.79998779296875, 98%=-382.94000244140625
ranking_best_algo: CMApara
ranking_best_score: 453.82
ranking_my_rank: 91/504 (82.1%)
ranking_my_percent: 82.14285714285714
