ConfigName: kjsd__advperagentrankweighted__M3__L18__eps0p007__g0p0007__ds0p05__dm0p2
Problem: QUBO
Kernel: jsd
Advantage: peragentrankweighted
M: 3
lambda: 18
epsilon_svgd: 0.007
gamma: 0.0007
decay_start_ratio: 0.05
decay_min_factor: 0.2
bandwith_kernel: None
no_interact: False
avg_score: -1195.4200439453125
median_score: -1194.0
std_score: 61.22093963623047
percentiles: 2%=-1329.0400390625, 5%=-1311.0, 10%=-1277.0, 25%=-1234.5, 50%=-1194.0, 75%=-1158.25, 90%=-1119.9000244140625, 95%=-1089.8499755859375, 98%=-1075.97998046875
ranking_best_algo: Tabu
ranking_best_score: 1216.16
ranking_my_rank: 48/504 (90.7%)
ranking_my_percent: 90.67460317460318
