ConfigName: krbf__advnormalizedfitness__M3__L10__eps0p015__g0p007__ds0p01__dm0p3
Problem: QUBO
Kernel: rbf
Advantage: normalizedfitness
M: 3
lambda: 10
epsilon_svgd: 0.015
gamma: 0.007
decay_start_ratio: 0.01
decay_min_factor: 0.3
bandwith_kernel: None
no_interact: False
avg_score: -2852.760009765625
median_score: -2884.5
std_score: 240.6337890625
percentiles: 2%=-3281.699951171875, 5%=-3206.75, 10%=-3143.5, 25%=-3029.5, 50%=-2884.5, 75%=-2653.25, 90%=-2517.300048828125, 95%=-2487.400146484375, 98%=-2427.85986328125
ranking_best_algo: RLSOnePlusOne
ranking_best_score: 3316.5199999999995
ranking_my_rank: 148/504 (70.8%)
ranking_my_percent: 70.83333333333333
