ConfigName: krbf__advnormalizedfitness__M3__L8__eps0p033__g0p007__ds0p3__dm0p3
Problem: QUBO
Kernel: rbf
Advantage: normalizedfitness
M: 3
lambda: 8
epsilon_svgd: 0.033
gamma: 0.007
decay_start_ratio: 0.3
decay_min_factor: 0.3
bandwith_kernel: None
no_interact: False
avg_score: -426.1199951171875
median_score: -425.5
std_score: 26.944120407104492
percentiles: 2%=-479.0799865722656, 5%=-473.1000061035156, 10%=-465.0, 25%=-445.25, 50%=-425.5, 75%=-409.0, 90%=-392.8999938964844, 95%=-383.95001220703125, 98%=-375.8399658203125
ranking_best_algo: CMAL3
ranking_best_score: 435.36
ranking_my_rank: 23/504 (95.6%)
ranking_my_percent: 95.63492063492063
