ConfigName: kjsd__advperagentrankweighted__M3__L20__eps0p007__g0p003__ds0p2__dm0p1
Problem: NK
Kernel: jsd
Advantage: peragentrankweighted
M: 3
lambda: 20
epsilon_svgd: 0.007
gamma: 0.003
decay_start_ratio: 0.2
decay_min_factor: 0.1
bandwith_kernel: None
no_interact: False
avg_score: 0.7243157029151917
median_score: 0.7253275513648987
std_score: 0.011080765165388584
percentiles: 2%=0.6997832655906677, 5%=0.7049799561500549, 10%=0.7083911895751953, 25%=0.7173136472702026, 50%=0.7253275513648987, 75%=0.7330743074417114, 90%=0.7361164093017578, 95%=0.7395429611206055, 98%=0.7435773015022278
ranking_best_algo: PBIL
ranking_best_score: 0.7248786399609374
ranking_my_rank: 2/504 (99.8%)
ranking_my_percent: 99.8015873015873
