ConfigName: krbf__advnormalizedfitness__M3__L12__eps0p033__g0p007__ds0p3__dm0p01
Problem: NK
Kernel: rbf
Advantage: normalizedfitness
M: 3
lambda: 12
epsilon_svgd: 0.033
gamma: 0.007
decay_start_ratio: 0.3
decay_min_factor: 0.01
bandwith_kernel: None
no_interact: False
avg_score: 0.74261075258255
median_score: 0.7414542436599731
std_score: 0.014891073107719421
percentiles: 2%=0.715642511844635, 5%=0.7192257046699524, 10%=0.7242119908332825, 25%=0.7329496145248413, 50%=0.7414542436599731, 75%=0.7527728080749512, 90%=0.7610438466072083, 95%=0.7645461559295654, 98%=0.7753565907478333
ranking_best_algo: Tabu
ranking_best_score: 0.7601875690625
ranking_my_rank: 10/504 (98.2%)
ranking_my_percent: 98.21428571428571
