ConfigName: kjsd__advperagentrankweighted__M5__L28__eps0p008__g0p0005__ds0p3__dm0p05
Problem: NK
Kernel: jsd
Advantage: peragentrankweighted
M: 5
lambda: 28
epsilon_svgd: 0.008
gamma: 0.0005
decay_start_ratio: 0.3
decay_min_factor: 0.05
bandwith_kernel: None
no_interact: False
avg_score: 0.7072814106941223
median_score: 0.7093827724456787
std_score: 0.011939938180148602
percentiles: 2%=0.687653124332428, 5%=0.6899248957633972, 10%=0.6916838884353638, 25%=0.6952142119407654, 50%=0.7093827724456787, 75%=0.7179460525512695, 90%=0.7220475673675537, 95%=0.7230453491210938, 98%=0.7251207828521729
ranking_best_algo: PBIL
ranking_best_score: 0.7013553837109374
ranking_my_rank: 1/504 (100.0%)
ranking_my_percent: 100.0
