ConfigName: kjsd__advperagentrankweighted__M4__L12__eps0p03__g0p0005__ds0p05__dm0p05
Problem: NK
Kernel: jsd
Advantage: peragentrankweighted
M: 4
lambda: 12
epsilon_svgd: 0.03
gamma: 0.0005
decay_start_ratio: 0.05
decay_min_factor: 0.05
bandwith_kernel: None
no_interact: False
avg_score: 0.7075704336166382
median_score: 0.7062816619873047
std_score: 0.007264504674822092
percentiles: 2%=0.6936501860618591, 5%=0.6976391673088074, 10%=0.6988333463668823, 25%=0.7029058337211609, 50%=0.7062816619873047, 75%=0.7120310068130493, 90%=0.7181566953659058, 95%=0.7205169796943665, 98%=0.7246514558792114
ranking_best_algo: PBIL
ranking_best_score: 0.7170882103515624
ranking_my_rank: 57/504 (88.9%)
ranking_my_percent: 88.88888888888889
