ConfigName: krbf__advnormalizedfitness__M4__L8__eps0p015__g0p015__ds0p15__dm0p01
Problem: QUBO
Kernel: rbf
Advantage: normalizedfitness
M: 4
lambda: 8
epsilon_svgd: 0.015
gamma: 0.015
decay_start_ratio: 0.15
decay_min_factor: 0.01
bandwith_kernel: None
no_interact: False
avg_score: -846.5999755859375
median_score: -849.0
std_score: 86.43737030029297
percentiles: 2%=-1023.3400268554688, 5%=-970.6500244140625, 10%=-944.2000122070312, 25%=-905.75, 50%=-849.0, 75%=-798.75, 90%=-734.7999877929688, 95%=-695.400146484375, 98%=-650.7999267578125
ranking_best_algo: CMApara
ranking_best_score: 964.9
ranking_my_rank: 263/504 (48.0%)
ranking_my_percent: 48.01587301587302
