ConfigName: krbf__advglobalrankweighted__M4__L11__eps0p01__g0p007__ds0p01__dm0p01
Problem: QUBO
Kernel: rbf
Advantage: globalrankweighted
M: 4
lambda: 11
epsilon_svgd: 0.01
gamma: 0.007
decay_start_ratio: 0.01
decay_min_factor: 0.01
bandwith_kernel: None
no_interact: False
avg_score: -2362.300048828125
median_score: -2373.5
std_score: 179.58740234375
percentiles: 2%=-2738.39990234375, 5%=-2622.949951171875, 10%=-2582.800048828125, 25%=-2487.25, 50%=-2373.5, 75%=-2219.75, 90%=-2115.60009765625, 95%=-2092.650146484375, 98%=-2037.679931640625
ranking_best_algo: DiscreteLengler2OnePlusOne
ranking_best_score: 2617.04
ranking_my_rank: 144/504 (71.6%)
ranking_my_percent: 71.62698412698413
