ConfigName: krbf__advnormalizedfitness__M1__L10__eps0p015__g0p01__ds0p15__dm0p01
Problem: NK
Kernel: rbf
Advantage: normalizedfitness
M: 1
lambda: 10
epsilon_svgd: 0.015
gamma: 0.01
decay_start_ratio: 0.15
decay_min_factor: 0.01
bandwith_kernel: None
no_interact: False
avg_score: 0.7096512317657471
median_score: 0.6953628063201904
std_score: 0.03148743510246277
percentiles: 2%=0.6722092032432556, 5%=0.6726900339126587, 10%=0.674842357635498, 25%=0.6813971996307373, 50%=0.6953628063201904, 75%=0.7455553412437439, 90%=0.7535533308982849, 95%=0.7584580183029175, 98%=0.7613165378570557
ranking_best_algo: CMApara
ranking_best_score: 0.7118996098437498
ranking_my_rank: 50/504 (90.3%)
ranking_my_percent: 90.27777777777777
