ConfigName: krbf__advnormalizedfitness__M3__L12__eps0p033__g0p005__ds0p3__dm0p3
Problem: NK
Kernel: rbf
Advantage: normalizedfitness
M: 3
lambda: 12
epsilon_svgd: 0.033
gamma: 0.005
decay_start_ratio: 0.3
decay_min_factor: 0.3
bandwith_kernel: None
no_interact: False
avg_score: 0.7309327125549316
median_score: 0.7309381365776062
std_score: 0.010400093160569668
percentiles: 2%=0.711995005607605, 5%=0.7129291296005249, 10%=0.7184487581253052, 25%=0.7239830493927002, 50%=0.7309381365776062, 75%=0.7373784780502319, 90%=0.7439028024673462, 95%=0.7462604641914368, 98%=0.7544536590576172
ranking_best_algo: Tabu
ranking_best_score: 0.7429702712499999
ranking_my_rank: 2/504 (99.8%)
ranking_my_percent: 99.8015873015873
