ConfigName: kjsd__advperagentrankweighted__M5__L10__eps0p01__g0p003__ds0p2__dm0p05
Problem: QUBO
Kernel: jsd
Advantage: peragentrankweighted
M: 5
lambda: 10
epsilon_svgd: 0.01
gamma: 0.003
decay_start_ratio: 0.2
decay_min_factor: 0.05
bandwith_kernel: None
no_interact: False
avg_score: -894.780029296875
median_score: -877.0
std_score: 63.49308395385742
percentiles: 2%=-1023.0599975585938, 5%=-1018.0499877929688, 10%=-989.5, 25%=-935.5, 50%=-877.0, 75%=-850.0, 90%=-825.5999755859375, 95%=-805.9500122070312, 98%=-800.97998046875
ranking_best_algo: CMAL3
ranking_best_score: 928.5800000000002
ranking_my_rank: 89/504 (82.5%)
ranking_my_percent: 82.53968253968254
