ConfigName: krbf__advnormalizedfitness__M3__L10__eps0p033__g0p01__ds0p15__dm0p3
Problem: NK
Kernel: rbf
Advantage: normalizedfitness
M: 3
lambda: 10
epsilon_svgd: 0.033
gamma: 0.01
decay_start_ratio: 0.15
decay_min_factor: 0.3
bandwith_kernel: None
no_interact: False
avg_score: 0.7548571228981018
median_score: 0.7543878555297852
std_score: 0.012639893218874931
percentiles: 2%=0.7277665734291077, 5%=0.7347162961959839, 10%=0.7391847968101501, 25%=0.7467573881149292, 50%=0.7543878555297852, 75%=0.763304591178894, 90%=0.7718459367752075, 95%=0.7748145461082458, 98%=0.7768533825874329
ranking_best_algo: Tabu
ranking_best_score: 0.7470791764843752
ranking_my_rank: 1/504 (100.0%)
ranking_my_percent: 100.0
