ConfigName: krbf__advnormalizedfitness__M3__L15__eps0p033__g0p01__ds0p01__dm0p01
Problem: QUBO
Kernel: rbf
Advantage: normalizedfitness
M: 3
lambda: 15
epsilon_svgd: 0.033
gamma: 0.01
decay_start_ratio: 0.01
decay_min_factor: 0.01
bandwith_kernel: None
no_interact: False
avg_score: -580.1400146484375
median_score: -579.0
std_score: 29.46761703491211
percentiles: 2%=-631.0399780273438, 5%=-626.0499877929688, 10%=-619.0999755859375, 25%=-605.25, 50%=-579.0, 75%=-556.5, 90%=-541.9000244140625, 95%=-533.9000244140625, 98%=-522.97998046875
ranking_best_algo: Tabu
ranking_best_score: 588.7199999999999
ranking_my_rank: 39/503 (92.4%)
ranking_my_percent: 92.44532803180914
