ConfigName: kfr__advglobalrankweighted__M2__L8__eps0p015__g0p007__ds0p01__dm0p01
Problem: NK
Kernel: fr
Advantage: globalrankweighted
M: 2
lambda: 8
epsilon_svgd: 0.015
gamma: 0.007
decay_start_ratio: 0.01
decay_min_factor: 0.01
bandwith_kernel: None
no_interact: False
avg_score: 0.7307279706001282
median_score: 0.7296721339225769
std_score: 0.010570773854851723
percentiles: 2%=0.712719202041626, 5%=0.7160550951957703, 10%=0.7172298431396484, 25%=0.7241501808166504, 50%=0.7296721339225769, 75%=0.7373003363609314, 90%=0.7453404068946838, 95%=0.7491922378540039, 98%=0.7512386441230774
ranking_best_algo: Tabu
ranking_best_score: 0.7429702712499999
ranking_my_rank: 2/504 (99.8%)
ranking_my_percent: 99.8015873015873
