ConfigName: krbf__advnormalizedfitness__M3__L12__eps0p025__g0p005__ds0p15__dm0p01
Problem: QUBO
Kernel: rbf
Advantage: normalizedfitness
M: 3
lambda: 12
epsilon_svgd: 0.025
gamma: 0.005
decay_start_ratio: 0.15
decay_min_factor: 0.01
bandwith_kernel: None
no_interact: False
avg_score: -139.3000030517578
median_score: -141.0
std_score: 11.760526657104492
percentiles: 2%=-158.0, 5%=-157.0, 10%=-156.0, 25%=-146.25, 50%=-141.0, 75%=-130.0, 90%=-124.80000305175781, 95%=-117.95000457763672, 98%=-114.89997863769531
ranking_best_algo: DiscreteDE
ranking_best_score: 143.4
ranking_my_rank: 86/504 (83.1%)
ranking_my_percent: 83.13492063492063
