ConfigName: krbf__advnormalizedfitness__M1__L8__eps0p025__g0p007__ds0p3__dm0p3
Problem: QUBO
Kernel: rbf
Advantage: normalizedfitness
M: 1
lambda: 8
epsilon_svgd: 0.025
gamma: 0.007
decay_start_ratio: 0.3
decay_min_factor: 0.3
bandwith_kernel: None
no_interact: False
avg_score: -1563.3199462890625
median_score: -1584.0
std_score: 130.83148193359375
percentiles: 2%=-1685.0999755859375, 5%=-1676.050048828125, 10%=-1661.199951171875, 25%=-1625.0, 50%=-1584.0, 75%=-1530.5, 90%=-1465.0, 95%=-1454.5, 98%=-1401.3790283203125
ranking_best_algo: NLOPT_LN_PRAXIS
ranking_best_score: 1607.12
ranking_my_rank: 49/504 (90.5%)
ranking_my_percent: 90.47619047619048
