ConfigName: kjsd__advperagentrankweighted__M5__L10__eps0p005__g0p0007__ds0p2__dm0p2
Problem: QUBO
Kernel: jsd
Advantage: peragentrankweighted
M: 5
lambda: 10
epsilon_svgd: 0.005
gamma: 0.0007
decay_start_ratio: 0.2
decay_min_factor: 0.2
bandwith_kernel: None
no_interact: False
avg_score: -139.89999389648438
median_score: -141.0
std_score: 12.145368576049805
percentiles: 2%=-160.02000427246094, 5%=-159.0, 10%=-158.0, 25%=-147.5, 50%=-141.0, 75%=-131.0, 90%=-125.0, 95%=-119.94999694824219, 98%=-113.94000244140625
ranking_best_algo: DiscreteDE
ranking_best_score: 143.4
ranking_my_rank: 80/504 (84.3%)
ranking_my_percent: 84.32539682539682
