ConfigName: krbf__advnormalizedfitness__M4__L24__eps0p03__g0p01__ds0p05__dm0p05
Problem: NK
Kernel: rbf
Advantage: normalizedfitness
M: 4
lambda: 24
epsilon_svgd: 0.03
gamma: 0.01
decay_start_ratio: 0.05
decay_min_factor: 0.05
bandwith_kernel: None
no_interact: False
avg_score: 0.6024498343467712
median_score: 0.6017704606056213
std_score: 0.007080008275806904
percentiles: 2%=0.5896046161651611, 5%=0.5924737453460693, 10%=0.5938783884048462, 25%=0.5982537269592285, 50%=0.6017704606056213, 75%=0.6066288352012634, 90%=0.6104105114936829, 95%=0.6151079535484314, 98%=0.61843341588974
ranking_best_algo: Tabu
ranking_best_score: 0.7429702712499999
ranking_my_rank: 392/504 (22.4%)
ranking_my_percent: 22.42063492063492
