ConfigName: krbf__advnormalizedfitness__M4__L12__eps0p015__g0p007__ds0p3__dm0p3
Problem: QUBO
Kernel: rbf
Advantage: normalizedfitness
M: 4
lambda: 12
epsilon_svgd: 0.015
gamma: 0.007
decay_start_ratio: 0.3
decay_min_factor: 0.3
bandwith_kernel: None
no_interact: False
avg_score: -783.3800048828125
median_score: -770.0
std_score: 97.13472747802734
percentiles: 2%=-989.4199829101562, 5%=-947.2000122070312, 10%=-922.5999755859375, 25%=-836.25, 50%=-770.0, 75%=-719.0, 90%=-668.5, 95%=-650.9000244140625, 98%=-631.2998657226562
ranking_best_algo: BigLognormalDiscreteOnePlusOne
ranking_best_score: 1301.3600000000004
ranking_my_rank: 328/504 (35.1%)
ranking_my_percent: 35.11904761904762
