ConfigName: kjsd__advperagentrankweighted__M3__L20__eps0p007__g0p001__ds0p1__dm0p2
Problem: NK
Kernel: jsd
Advantage: peragentrankweighted
M: 3
lambda: 20
epsilon_svgd: 0.007
gamma: 0.001
decay_start_ratio: 0.1
decay_min_factor: 0.2
bandwith_kernel: None
no_interact: False
avg_score: 0.7352951765060425
median_score: 0.7372686862945557
std_score: 0.008316774852573872
percentiles: 2%=0.7179449796676636, 5%=0.719265878200531, 10%=0.7229012846946716, 25%=0.7302716374397278, 50%=0.7372686862945557, 75%=0.7410026788711548, 90%=0.7450610399246216, 95%=0.7453215718269348, 98%=0.7493856549263
ranking_best_algo: PBIL
ranking_best_score: 0.7248786399609374
ranking_my_rank: 1/504 (100.0%)
ranking_my_percent: 100.0
