ConfigName: krbf__advnormalizedfitness__M4__L12__eps0p033__g0p015__ds0p15__dm0p01
Problem: QUBO
Kernel: rbf
Advantage: normalizedfitness
M: 4
lambda: 12
epsilon_svgd: 0.033
gamma: 0.015
decay_start_ratio: 0.15
decay_min_factor: 0.01
bandwith_kernel: None
no_interact: False
avg_score: -201.5
median_score: -201.0
std_score: 11.848628997802734
percentiles: 2%=-224.0, 5%=-222.0, 10%=-220.10000610351562, 25%=-209.0, 50%=-201.0, 75%=-194.0, 90%=-185.0, 95%=-183.0, 98%=-178.0
ranking_best_algo: Tabu
ranking_best_score: 208.36000000000004
ranking_my_rank: 40/504 (92.3%)
ranking_my_percent: 92.26190476190476
