ConfigName: kjsd__advperagentrankweighted__M3__L20__eps0p007__g0p003__ds0p2__dm0p05
Problem: QUBO
Kernel: jsd
Advantage: peragentrankweighted
M: 3
lambda: 20
epsilon_svgd: 0.007
gamma: 0.003
decay_start_ratio: 0.2
decay_min_factor: 0.05
bandwith_kernel: None
no_interact: False
avg_score: -440.20001220703125
median_score: -442.0
std_score: 27.163211822509766
percentiles: 2%=-488.0, 5%=-481.0, 10%=-472.0, 25%=-462.0, 50%=-442.0, 75%=-419.75, 90%=-402.79998779296875, 95%=-394.8999938964844, 98%=-387.9800109863281
ranking_best_algo: CMApara
ranking_best_score: 453.82
ranking_my_rank: 15/504 (97.2%)
ranking_my_percent: 97.22222222222223
