ConfigName: krbf__advnormalizedfitness__M2__L10__eps0p025__g0p005__ds0p01__dm0p3
Problem: QUBO
Kernel: rbf
Advantage: normalizedfitness
M: 2
lambda: 10
epsilon_svgd: 0.025
gamma: 0.005
decay_start_ratio: 0.01
decay_min_factor: 0.3
bandwith_kernel: None
no_interact: False
avg_score: -436.70001220703125
median_score: -438.0
std_score: 25.416332244873047
percentiles: 2%=-485.0799865722656, 5%=-479.1000061035156, 10%=-468.0, 25%=-455.0, 50%=-438.0, 75%=-421.0, 90%=-401.0, 95%=-394.8999938964844, 98%=-387.9200134277344
ranking_best_algo: CMApara
ranking_best_score: 453.82
ranking_my_rank: 30/504 (94.2%)
ranking_my_percent: 94.24603174603175
