ConfigName: krbf__advnormalizedfitness__M3__L8__eps0p015__g0p01__ds0p15__dm0p01
Problem: QUBO
Kernel: rbf
Advantage: normalizedfitness
M: 3
lambda: 8
epsilon_svgd: 0.015
gamma: 0.01
decay_start_ratio: 0.15
decay_min_factor: 0.01
bandwith_kernel: None
no_interact: False
avg_score: -329.2200012207031
median_score: -334.0
std_score: 21.453941345214844
percentiles: 2%=-370.0, 5%=-354.3500061035156, 10%=-350.20001220703125, 25%=-343.0, 50%=-334.0, 75%=-314.75, 90%=-296.0, 95%=-292.9000244140625, 98%=-283.9599914550781
ranking_best_algo: CMApara
ranking_best_score: 344.22
ranking_my_rank: 82/504 (83.9%)
ranking_my_percent: 83.92857142857143
