ConfigName: krbf__advnormalizedfitness__M3__L8__eps0p025__g0p01__ds0p05__dm0p05
Problem: QUBO
Kernel: rbf
Advantage: normalizedfitness
M: 3
lambda: 8
epsilon_svgd: 0.025
gamma: 0.01
decay_start_ratio: 0.05
decay_min_factor: 0.05
bandwith_kernel: None
no_interact: False
avg_score: -428.4800109863281
median_score: -427.0
std_score: 27.435190200805664
percentiles: 2%=-479.0, 5%=-475.0, 10%=-466.1000061035156, 25%=-443.25, 50%=-427.0, 75%=-415.0, 90%=-396.8999938964844, 95%=-382.45001220703125, 98%=-367.8399963378906
ranking_best_algo: CMAL3
ranking_best_score: 435.36
ranking_my_rank: 15/504 (97.2%)
ranking_my_percent: 97.22222222222223
