ConfigName: kjsd__advperagentrankweighted__M3__L20__eps0p007__g0p0007__ds0p1__dm0p05
Problem: NK
Kernel: jsd
Advantage: peragentrankweighted
M: 3
lambda: 20
epsilon_svgd: 0.007
gamma: 0.0007
decay_start_ratio: 0.1
decay_min_factor: 0.05
bandwith_kernel: None
no_interact: False
avg_score: 0.7218303680419922
median_score: 0.7212021946907043
std_score: 0.007358994334936142
percentiles: 2%=0.708074688911438, 5%=0.7095402479171753, 10%=0.7130987048149109, 25%=0.7171449661254883, 50%=0.7212021946907043, 75%=0.725066065788269, 90%=0.731361448764801, 95%=0.7343494892120361, 98%=0.7369374632835388
ranking_best_algo: PBIL
ranking_best_score: 0.7170882103515624
ranking_my_rank: 1/504 (100.0%)
ranking_my_percent: 100.0
