ConfigName: kjsd__advperagentrankweighted__M5__L10__eps0p01__g0p003__ds0p05__dm0p05
Problem: QUBO
Kernel: jsd
Advantage: peragentrankweighted
M: 5
lambda: 10
epsilon_svgd: 0.01
gamma: 0.003
decay_start_ratio: 0.05
decay_min_factor: 0.05
bandwith_kernel: None
no_interact: False
avg_score: -443.20001220703125
median_score: -443.5
std_score: 26.517919540405273
percentiles: 2%=-492.1199951171875, 5%=-483.1000061035156, 10%=-479.0, 25%=-463.25, 50%=-443.5, 75%=-422.0, 90%=-408.8999938964844, 95%=-398.0, 98%=-392.9200134277344
ranking_best_algo: CMApara
ranking_best_score: 453.82
ranking_my_rank: 8/504 (98.6%)
ranking_my_percent: 98.61111111111111
