ConfigName: kjsd__advperagentrankweighted__M4__L20__eps0p007__g0p0005__ds0p1__dm0p05
Problem: NK
Kernel: jsd
Advantage: peragentrankweighted
M: 4
lambda: 20
epsilon_svgd: 0.007
gamma: 0.0005
decay_start_ratio: 0.1
decay_min_factor: 0.05
bandwith_kernel: None
no_interact: False
avg_score: 0.7421000003814697
median_score: 0.7408419251441956
std_score: 0.012623184360563755
percentiles: 2%=0.7180740833282471, 5%=0.7223124504089355, 10%=0.7261984348297119, 25%=0.7329720258712769, 50%=0.7408419251441956, 75%=0.7533396482467651, 90%=0.7583363652229309, 95%=0.7597677111625671, 98%=0.7668359875679016
ranking_best_algo: Tabu
ranking_best_score: 0.7601875690625
ranking_my_rank: 11/504 (98.0%)
ranking_my_percent: 98.01587301587301
