ConfigName: kjsd__advperagentrankweighted__M4__L10__eps0p01__g0p0005__ds0p2__dm0p05
Problem: NK
Kernel: jsd
Advantage: peragentrankweighted
M: 4
lambda: 10
epsilon_svgd: 0.01
gamma: 0.0005
decay_start_ratio: 0.2
decay_min_factor: 0.05
bandwith_kernel: None
no_interact: False
avg_score: 0.7402790784835815
median_score: 0.7404360175132751
std_score: 0.008855178952217102
percentiles: 2%=0.72310471534729, 5%=0.7246973514556885, 10%=0.7293363213539124, 25%=0.7335056662559509, 50%=0.7404360175132751, 75%=0.745936393737793, 90%=0.7504196763038635, 95%=0.7553525567054749, 98%=0.7601397037506104
ranking_best_algo: PBIL
ranking_best_score: 0.733570253046875
ranking_my_rank: 1/504 (100.0%)
ranking_my_percent: 100.0
