ConfigName: kfr__advglobalrankweighted__M1__L8__eps0p015__g0p005__ds0p01__dm0p01
Problem: QUBO
Kernel: fr
Advantage: globalrankweighted
M: 1
lambda: 8
epsilon_svgd: 0.015
gamma: 0.005
decay_start_ratio: 0.01
decay_min_factor: 0.01
bandwith_kernel: None
no_interact: False
avg_score: -423.1400146484375
median_score: -424.5
std_score: 31.163768768310547
percentiles: 2%=-473.0, 5%=-465.1000061035156, 10%=-461.20001220703125, 25%=-451.0, 50%=-424.5, 75%=-405.0, 90%=-376.6000061035156, 95%=-365.9000244140625, 98%=-359.9599914550781
ranking_best_algo: CMApara
ranking_best_score: 453.82
ranking_my_rank: 128/504 (74.8%)
ranking_my_percent: 74.8015873015873
