ConfigName: krbf__advnormalizedfitness__M2__L10__eps0p015__g0p005__ds0p3__dm0p01
Problem: QUBO
Kernel: rbf
Advantage: normalizedfitness
M: 2
lambda: 10
epsilon_svgd: 0.015
gamma: 0.005
decay_start_ratio: 0.3
decay_min_factor: 0.01
bandwith_kernel: None
no_interact: False
avg_score: -1183.300048828125
median_score: -1177.0
std_score: 56.93724822998047
percentiles: 2%=-1307.43994140625, 5%=-1287.199951171875, 10%=-1262.199951171875, 25%=-1217.25, 50%=-1177.0, 75%=-1147.75, 90%=-1111.5999755859375, 95%=-1101.75, 98%=-1091.800048828125
ranking_best_algo: Tabu
ranking_best_score: 1216.16
ranking_my_rank: 65/504 (87.3%)
ranking_my_percent: 87.3015873015873
