ConfigName: kjsd__advperagentrankweighted__M3__L18__eps0p01__g0p001__ds0p1__dm0p1
Problem: NK
Kernel: jsd
Advantage: peragentrankweighted
M: 3
lambda: 18
epsilon_svgd: 0.01
gamma: 0.001
decay_start_ratio: 0.1
decay_min_factor: 0.1
bandwith_kernel: None
no_interact: False
avg_score: 0.7072920203208923
median_score: 0.7094471454620361
std_score: 0.011706403456628323
percentiles: 2%=0.6894849538803101, 5%=0.6901423931121826, 10%=0.6913933753967285, 25%=0.6959248781204224, 50%=0.7094471454620361, 75%=0.7176905870437622, 90%=0.7214694023132324, 95%=0.7226923108100891, 98%=0.7241595983505249
ranking_best_algo: PBIL
ranking_best_score: 0.7013553837109374
ranking_my_rank: 1/504 (100.0%)
ranking_my_percent: 100.0
