ConfigName: kjsd__advperagentrankweighted__M3__L18__eps0p005__g0p001__ds0p05__dm0p05
Problem: QUBO
Kernel: jsd
Advantage: peragentrankweighted
M: 3
lambda: 18
epsilon_svgd: 0.005
gamma: 0.001
decay_start_ratio: 0.05
decay_min_factor: 0.05
bandwith_kernel: None
no_interact: False
avg_score: -411.6000061035156
median_score: -413.5
std_score: 27.163211822509766
percentiles: 2%=-467.1199951171875, 5%=-454.04998779296875, 10%=-443.3999938964844, 25%=-430.0, 50%=-413.5, 75%=-393.5, 90%=-380.0, 95%=-373.70001220703125, 98%=-359.55999755859375
ranking_best_algo: Tabu
ranking_best_score: 438.12
ranking_my_rank: 77/504 (84.9%)
ranking_my_percent: 84.92063492063492
