ConfigName: krbf__advnormalizedfitness__M1__L8__eps0p015__g0p01__ds0p01__dm0p3
Problem: QUBO
Kernel: rbf
Advantage: normalizedfitness
M: 1
lambda: 8
epsilon_svgd: 0.015
gamma: 0.01
decay_start_ratio: 0.01
decay_min_factor: 0.3
bandwith_kernel: None
no_interact: False
avg_score: -319.17999267578125
median_score: -323.0
std_score: 26.990509033203125
percentiles: 2%=-354.0, 5%=-350.1000061035156, 10%=-350.0, 25%=-342.0, 50%=-323.0, 75%=-299.5, 90%=-279.0, 95%=-269.9000244140625, 98%=-259.8799743652344
ranking_best_algo: CMApara
ranking_best_score: 344.22
ranking_my_rank: 179/504 (64.7%)
ranking_my_percent: 64.68253968253968
