ConfigName: krbf__advnormalizedfitness__M2__L8__eps0p025__g0p007__ds0p01__dm0p3
Problem: NK
Kernel: rbf
Advantage: normalizedfitness
M: 2
lambda: 8
epsilon_svgd: 0.025
gamma: 0.007
decay_start_ratio: 0.01
decay_min_factor: 0.3
bandwith_kernel: None
no_interact: False
avg_score: 0.7413879632949829
median_score: 0.7360410094261169
std_score: 0.02982841618359089
percentiles: 2%=0.6954687237739563, 5%=0.6986534595489502, 10%=0.7044328451156616, 25%=0.7233246564865112, 50%=0.7360410094261169, 75%=0.7580187320709229, 90%=0.7736530303955078, 95%=0.8047974705696106, 98%=0.8118547797203064
ranking_best_algo: CMApara
ranking_best_score: 0.7459277895312499
ranking_my_rank: 26/504 (95.0%)
ranking_my_percent: 95.03968253968254
