ConfigName: krbf__advnormalizedfitness__M4__L8__eps0p015__g0p005__ds0p15__dm0p01
Problem: NK
Kernel: rbf
Advantage: normalizedfitness
M: 4
lambda: 8
epsilon_svgd: 0.015
gamma: 0.005
decay_start_ratio: 0.15
decay_min_factor: 0.01
bandwith_kernel: None
no_interact: False
avg_score: 0.7563713788986206
median_score: 0.7552499771118164
std_score: 0.014109750278294086
percentiles: 2%=0.732762336730957, 5%=0.7363094687461853, 10%=0.7388739585876465, 25%=0.7444455623626709, 50%=0.7552499771118164, 75%=0.7677467465400696, 90%=0.7752386331558228, 95%=0.7796602845191956, 98%=0.7826671004295349
ranking_best_algo: Tabu
ranking_best_score: 0.7470791764843752
ranking_my_rank: 1/504 (100.0%)
ranking_my_percent: 100.0
