ConfigName: krbf__advnormalizedfitness__M2__L10__eps0p015__g0p015__ds0p01__dm0p01
Problem: QUBO
Kernel: rbf
Advantage: normalizedfitness
M: 2
lambda: 10
epsilon_svgd: 0.015
gamma: 0.015
decay_start_ratio: 0.01
decay_min_factor: 0.01
bandwith_kernel: None
no_interact: False
avg_score: -1191.8399658203125
median_score: -1186.0
std_score: 55.28647232055664
percentiles: 2%=-1319.239990234375, 5%=-1283.199951171875, 10%=-1259.300048828125, 25%=-1224.25, 50%=-1186.0, 75%=-1157.5, 90%=-1129.5, 95%=-1104.6500244140625, 98%=-1091.9599609375
ranking_best_algo: Tabu
ranking_best_score: 1216.16
ranking_my_rank: 50/504 (90.3%)
ranking_my_percent: 90.27777777777777
