ConfigName: krbf__advnormalizedfitness__M3__L10__eps0p015__g0p005__ds0p15__dm0p01
Problem: NK
Kernel: rbf
Advantage: normalizedfitness
M: 3
lambda: 10
epsilon_svgd: 0.015
gamma: 0.005
decay_start_ratio: 0.15
decay_min_factor: 0.01
bandwith_kernel: None
no_interact: False
avg_score: 0.7268306612968445
median_score: 0.7262592315673828
std_score: 0.012520317919552326
percentiles: 2%=0.7048282623291016, 5%=0.7084841132164001, 10%=0.712171733379364, 25%=0.7186741828918457, 50%=0.7262592315673828, 75%=0.733435869216919, 90%=0.7450243830680847, 95%=0.7484336495399475, 98%=0.7505857348442078
ranking_best_algo: Tabu
ranking_best_score: 0.7429702712499999
ranking_my_rank: 2/504 (99.8%)
ranking_my_percent: 99.8015873015873
