ConfigName: krbf__advnormalizedfitness__M2__L8__eps0p025__g0p007__ds0p01__dm0p01
Problem: NK
Kernel: rbf
Advantage: normalizedfitness
M: 2
lambda: 8
epsilon_svgd: 0.025
gamma: 0.007
decay_start_ratio: 0.01
decay_min_factor: 0.01
bandwith_kernel: None
no_interact: False
avg_score: 0.7424099445343018
median_score: 0.7379484176635742
std_score: 0.029360966756939888
percentiles: 2%=0.6976720094680786, 5%=0.7010036706924438, 10%=0.7048032879829407, 25%=0.7242513298988342, 50%=0.7379484176635742, 75%=0.7569872140884399, 90%=0.7783373594284058, 95%=0.8066767454147339, 98%=0.8118547797203064
ranking_best_algo: CMApara
ranking_best_score: 0.7459277895312499
ranking_my_rank: 20/504 (96.2%)
ranking_my_percent: 96.23015873015873
