ConfigName: krbf__advnormalizedfitness__M3__L10__eps0p033__g0p007__ds0p15__dm0p3
Problem: NK
Kernel: rbf
Advantage: normalizedfitness
M: 3
lambda: 10
epsilon_svgd: 0.033
gamma: 0.007
decay_start_ratio: 0.15
decay_min_factor: 0.3
bandwith_kernel: None
no_interact: False
avg_score: 0.6920861005783081
median_score: 0.6897614002227783
std_score: 0.019231142476201057
percentiles: 2%=0.659166693687439, 5%=0.6671519875526428, 10%=0.6700802445411682, 25%=0.6783888339996338, 50%=0.6897614002227783, 75%=0.7014844417572021, 90%=0.7209461331367493, 95%=0.7279059290885925, 98%=0.7331413626670837
ranking_best_algo: PBIL
ranking_best_score: 0.7170882103515624
ranking_my_rank: 88/504 (82.7%)
ranking_my_percent: 82.73809523809524
