ConfigName: kjsd__advperagentrankweighted__M5__L8__eps0p03__g0p0007__ds0p2__dm0p05
Problem: QUBO
Kernel: jsd
Advantage: peragentrankweighted
M: 5
lambda: 8
epsilon_svgd: 0.03
gamma: 0.0007
decay_start_ratio: 0.2
decay_min_factor: 0.05
bandwith_kernel: None
no_interact: False
avg_score: -569.1599731445312
median_score: -568.0
std_score: 27.108936309814453
percentiles: 2%=-631.0599975585938, 5%=-619.2000122070312, 10%=-603.0, 25%=-588.0, 50%=-568.0, 75%=-547.75, 90%=-539.9000244140625, 95%=-530.75, 98%=-523.9600219726562
ranking_best_algo: Tabu
ranking_best_score: 588.7199999999999
ranking_my_rank: 76/503 (85.1%)
ranking_my_percent: 85.08946322067594
