ConfigName: kjsd__advperagentrankweighted__M3__L18__eps0p01__g0p003__ds0p2__dm0p05
Problem: QUBO
Kernel: jsd
Advantage: peragentrankweighted
M: 3
lambda: 18
epsilon_svgd: 0.01
gamma: 0.003
decay_start_ratio: 0.2
decay_min_factor: 0.05
bandwith_kernel: None
no_interact: False
avg_score: -2595.6201171875
median_score: -2589.0
std_score: 129.56655883789062
percentiles: 2%=-2830.1201171875, 5%=-2818.25, 10%=-2787.699951171875, 25%=-2688.25, 50%=-2589.0, 75%=-2487.5, 90%=-2433.800048828125, 95%=-2421.39990234375, 98%=-2370.580078125
ranking_best_algo: DiscreteLengler2OnePlusOne
ranking_best_score: 2617.04
ranking_my_rank: 36/504 (93.1%)
ranking_my_percent: 93.05555555555556
