ConfigName: kfr__advglobalrankweighted__M6__L7__eps0p015__g0p003__ds0p01__dm0p01
Problem: QUBO
Kernel: fr
Advantage: globalrankweighted
M: 6
lambda: 7
epsilon_svgd: 0.015
gamma: 0.003
decay_start_ratio: 0.01
decay_min_factor: 0.01
bandwith_kernel: None
no_interact: False
avg_score: -441.0400085449219
median_score: -440.0
std_score: 25.424365997314453
percentiles: 2%=-489.1000061035156, 5%=-479.1000061035156, 10%=-472.0, 25%=-460.25, 50%=-440.0, 75%=-424.0, 90%=-407.70001220703125, 95%=-399.9000244140625, 98%=-392.0
ranking_best_algo: CMApara
ranking_best_score: 453.82
ranking_my_rank: 12/504 (97.8%)
ranking_my_percent: 97.81746031746032
