ConfigName: krbf__advnormalizedfitness__M4__L10__eps0p015__g0p015__ds0p15__dm0p3
Problem: QUBO
Kernel: rbf
Advantage: normalizedfitness
M: 4
lambda: 10
epsilon_svgd: 0.015
gamma: 0.015
decay_start_ratio: 0.15
decay_min_factor: 0.3
bandwith_kernel: None
no_interact: False
avg_score: -1010.8599853515625
median_score: -994.0
std_score: 97.13815307617188
percentiles: 2%=-1255.3800048828125, 5%=-1192.449951171875, 10%=-1125.5, 25%=-1057.0, 50%=-994.0, 75%=-952.0, 90%=-893.7999877929688, 95%=-878.4000244140625, 98%=-853.639892578125
ranking_best_algo: DiscreteLengler2OnePlusOne
ranking_best_score: 2617.04
ranking_my_rank: 394/504 (22.0%)
ranking_my_percent: 22.023809523809526
