ConfigName: krbf__advnormalizedfitness__M2__L10__eps0p025__g0p01__ds0p15__dm0p3
Problem: QUBO
Kernel: rbf
Advantage: normalizedfitness
M: 2
lambda: 10
epsilon_svgd: 0.025
gamma: 0.01
decay_start_ratio: 0.15
decay_min_factor: 0.3
bandwith_kernel: None
no_interact: False
avg_score: -1291.3599853515625
median_score: -1287.5
std_score: 52.93515396118164
percentiles: 2%=-1407.0400390625, 5%=-1388.0, 10%=-1366.0999755859375, 25%=-1323.5, 50%=-1287.5, 75%=-1258.5, 90%=-1229.0, 95%=-1200.800048828125, 98%=-1184.760009765625
ranking_best_algo: BigLognormalDiscreteOnePlusOne
ranking_best_score: 1301.3600000000004
ranking_my_rank: 2/504 (99.8%)
ranking_my_percent: 99.8015873015873
