ConfigName: krbf__advnormalizedfitness__M4__L8__eps0p033__g0p01__ds0p15__dm0p3
Problem: QUBO
Kernel: rbf
Advantage: normalizedfitness
M: 4
lambda: 8
epsilon_svgd: 0.033
gamma: 0.01
decay_start_ratio: 0.15
decay_min_factor: 0.3
bandwith_kernel: None
no_interact: False
avg_score: -202.6199951171875
median_score: -203.0
std_score: 12.210471153259277
percentiles: 2%=-224.0, 5%=-222.0, 10%=-219.0, 25%=-210.25, 50%=-203.0, 75%=-197.0, 90%=-184.0, 95%=-179.95001220703125, 98%=-177.97999572753906
ranking_best_algo: Tabu
ranking_best_score: 208.36000000000004
ranking_my_rank: 34/504 (93.5%)
ranking_my_percent: 93.45238095238095
