ConfigName: kfr__advglobalrankweighted__M2__L9__eps0p015__g0p007__ds0p01__dm0p01
Problem: NK
Kernel: fr
Advantage: globalrankweighted
M: 2
lambda: 9
epsilon_svgd: 0.015
gamma: 0.007
decay_start_ratio: 0.01
decay_min_factor: 0.01
bandwith_kernel: None
no_interact: False
avg_score: 0.7347959280014038
median_score: 0.7357377409934998
std_score: 0.00868868175894022
percentiles: 2%=0.7145567536354065, 5%=0.7183544635772705, 10%=0.7213718295097351, 25%=0.7300227880477905, 50%=0.7357377409934998, 75%=0.7414602637290955, 90%=0.7445662617683411, 95%=0.7476463913917542, 98%=0.7483906745910645
ranking_best_algo: PBIL
ranking_best_score: 0.7248786399609374
ranking_my_rank: 1/504 (100.0%)
ranking_my_percent: 100.0
