ConfigName: kjsd__advperagentrankweighted__M3__L16__eps0p01__g0p003__ds0p05__dm0p05
Problem: QUBO
Kernel: jsd
Advantage: peragentrankweighted
M: 3
lambda: 16
epsilon_svgd: 0.01
gamma: 0.003
decay_start_ratio: 0.05
decay_min_factor: 0.05
bandwith_kernel: None
no_interact: False
avg_score: -3247.260009765625
median_score: -3232.0
std_score: 130.45632934570312
percentiles: 2%=-3549.360107421875, 5%=-3432.300048828125, 10%=-3404.39990234375, 25%=-3349.5, 50%=-3232.0, 75%=-3156.0, 90%=-3070.699951171875, 95%=-3052.85009765625, 98%=-3039.840087890625
ranking_best_algo: RLSOnePlusOne
ranking_best_score: 3316.5199999999995
ranking_my_rank: 42/504 (91.9%)
ranking_my_percent: 91.86507936507937
