ConfigName: kjsd__advperagentrankweighted__M3__L20__eps0p005__g0p0005__ds0p05__dm0p1
Problem: QUBO
Kernel: jsd
Advantage: peragentrankweighted
M: 3
lambda: 20
epsilon_svgd: 0.005
gamma: 0.0005
decay_start_ratio: 0.05
decay_min_factor: 0.1
bandwith_kernel: None
no_interact: False
avg_score: -930.9400024414062
median_score: -921.0
std_score: 71.65345001220703
percentiles: 2%=-1065.02001953125, 5%=-1059.199951171875, 10%=-1041.199951171875, 25%=-979.0, 50%=-921.0, 75%=-882.0, 90%=-838.0, 95%=-812.7999877929688, 98%=-798.9199829101562
ranking_best_algo: CMApara
ranking_best_score: 964.9
ranking_my_rank: 19/504 (96.4%)
ranking_my_percent: 96.42857142857143
