ConfigName: kjsd__advperagentrankweighted__M4__L24__eps0p005__g0p0005__ds0p2__dm0p05
Problem: QUBO
Kernel: jsd
Advantage: peragentrankweighted
M: 4
lambda: 24
epsilon_svgd: 0.005
gamma: 0.0005
decay_start_ratio: 0.2
decay_min_factor: 0.05
bandwith_kernel: None
no_interact: False
avg_score: -581.5599975585938
median_score: -579.5
std_score: 25.22154426574707
percentiles: 2%=-631.02001953125, 5%=-627.0999755859375, 10%=-615.0, 25%=-599.0, 50%=-579.5, 75%=-565.0, 90%=-549.5, 95%=-539.0, 98%=-532.9199829101562
ranking_best_algo: Tabu
ranking_best_score: 588.7199999999999
ranking_my_rank: 36/503 (93.0%)
ranking_my_percent: 93.04174950298211
