ConfigName: krbf__advnormalizedfitness__M4__L10__eps0p033__g0p01__ds0p01__dm0p01
Problem: QUBO
Kernel: rbf
Advantage: normalizedfitness
M: 4
lambda: 10
epsilon_svgd: 0.033
gamma: 0.01
decay_start_ratio: 0.01
decay_min_factor: 0.01
bandwith_kernel: None
no_interact: False
avg_score: -332.1400146484375
median_score: -338.5
std_score: 20.151933670043945
percentiles: 2%=-372.0, 5%=-361.3500061035156, 10%=-354.0, 25%=-343.75, 50%=-338.5, 75%=-320.0, 90%=-303.6000061035156, 95%=-295.95001220703125, 98%=-283.9599914550781
ranking_best_algo: CMApara
ranking_best_score: 344.22
ranking_my_rank: 72/504 (85.9%)
ranking_my_percent: 85.91269841269842
