ConfigName: krbf__advnormalizedfitness__M1__L8__eps0p015__g0p01__ds0p01__dm0p3
Problem: NK
Kernel: rbf
Advantage: normalizedfitness
M: 1
lambda: 8
epsilon_svgd: 0.015
gamma: 0.01
decay_start_ratio: 0.01
decay_min_factor: 0.3
bandwith_kernel: None
no_interact: False
avg_score: 0.7441524267196655
median_score: 0.7444879412651062
std_score: 0.017489740625023842
percentiles: 2%=0.7079880833625793, 5%=0.7192696332931519, 10%=0.7216088771820068, 25%=0.7306590676307678, 50%=0.7444879412651062, 75%=0.7574135065078735, 90%=0.7651004791259766, 95%=0.7744413614273071, 98%=0.779553234577179
ranking_best_algo: Tabu
ranking_best_score: 0.7657846284375001
ranking_my_rank: 52/504 (89.9%)
ranking_my_percent: 89.88095238095238
