ConfigName: kjsd__advperagentrankweighted__M3__L16__eps0p007__g0p003__ds0p05__dm0p2
Problem: QUBO
Kernel: jsd
Advantage: peragentrankweighted
M: 3
lambda: 16
epsilon_svgd: 0.007
gamma: 0.003
decay_start_ratio: 0.05
decay_min_factor: 0.2
bandwith_kernel: None
no_interact: False
avg_score: -2324.39990234375
median_score: -2343.0
std_score: 134.24351501464844
percentiles: 2%=-2573.419921875, 5%=-2510.050048828125, 10%=-2484.199951171875, 25%=-2415.25, 50%=-2343.0, 75%=-2236.5, 90%=-2125.89990234375, 95%=-2082.949951171875, 98%=-2072.179931640625
ranking_best_algo: SVM1MetaModelLogNormal
ranking_best_score: 2605.14
ranking_my_rank: 150/504 (70.4%)
ranking_my_percent: 70.43650793650794
