ConfigName: krbf__advnormalizedfitness__M3__L10__eps0p025__g0p015__ds0p15__dm0p01
Problem: QUBO
Kernel: rbf
Advantage: normalizedfitness
M: 3
lambda: 10
epsilon_svgd: 0.025
gamma: 0.015
decay_start_ratio: 0.15
decay_min_factor: 0.01
bandwith_kernel: None
no_interact: False
avg_score: -444.3599853515625
median_score: -445.5
std_score: 26.0827579498291
percentiles: 2%=-494.0, 5%=-487.04998779296875, 10%=-473.20001220703125, 25%=-463.5, 50%=-445.5, 75%=-425.75, 90%=-410.0, 95%=-401.0, 98%=-387.9599914550781
ranking_best_algo: CMApara
ranking_best_score: 453.82
ranking_my_rank: 6/504 (99.0%)
ranking_my_percent: 99.0079365079365
