ConfigName: kjsd__advperagentrankweighted__M5__L8__eps0p005__g0p0007__ds0p05__dm0p05
Problem: NK
Kernel: jsd
Advantage: peragentrankweighted
M: 5
lambda: 8
epsilon_svgd: 0.005
gamma: 0.0007
decay_start_ratio: 0.05
decay_min_factor: 0.05
bandwith_kernel: None
no_interact: False
avg_score: 0.7544430494308472
median_score: 0.7560891509056091
std_score: 0.014793268404901028
percentiles: 2%=0.7249476313591003, 5%=0.728873074054718, 10%=0.733683705329895, 25%=0.7438950538635254, 50%=0.7560891509056091, 75%=0.7631298303604126, 90%=0.77195805311203, 95%=0.7795521020889282, 98%=0.7827396988868713
ranking_best_algo: Tabu
ranking_best_score: 0.7657846284375001
ranking_my_rank: 7/504 (98.8%)
ranking_my_percent: 98.80952380952381
