ConfigName: krbf__advnormalizedfitness__M2__L10__eps0p01__g0p005__ds0p01__dm0p01
Problem: NK
Kernel: rbf
Advantage: normalizedfitness
M: 2
lambda: 10
epsilon_svgd: 0.01
gamma: 0.005
decay_start_ratio: 0.01
decay_min_factor: 0.01
bandwith_kernel: None
no_interact: False
avg_score: 0.7501528263092041
median_score: 0.751126766204834
std_score: 0.009419212117791176
percentiles: 2%=0.7331578135490417, 5%=0.7352893352508545, 10%=0.7376940846443176, 25%=0.7424508333206177, 50%=0.751126766204834, 75%=0.7572660446166992, 90%=0.7622057795524597, 95%=0.7647126317024231, 98%=0.7682344317436218
ranking_best_algo: PBIL
ranking_best_score: 0.733570253046875
ranking_my_rank: 1/504 (100.0%)
ranking_my_percent: 100.0
