ConfigName: krbf__advnormalizedfitness__M4__L8__eps0p02__g0p005__ds0p15__dm0p05
Problem: QUBO
Kernel: rbf
Advantage: normalizedfitness
M: 4
lambda: 8
epsilon_svgd: 0.02
gamma: 0.005
decay_start_ratio: 0.15
decay_min_factor: 0.05
bandwith_kernel: None
no_interact: False
avg_score: -333.7200012207031
median_score: -339.5
std_score: 21.03809928894043
percentiles: 2%=-372.0, 5%=-372.0, 10%=-357.0, 25%=-347.5, 50%=-339.5, 75%=-320.0, 90%=-302.8999938964844, 95%=-296.0, 98%=-291.8999938964844
ranking_best_algo: CMApara
ranking_best_score: 344.22
ranking_my_rank: 64/504 (87.5%)
ranking_my_percent: 87.5
