ConfigName: krbf__advnormalizedfitness__M3__L10__eps0p033__g0p015__ds0p15__dm0p3
Problem: NK
Kernel: rbf
Advantage: normalizedfitness
M: 3
lambda: 10
epsilon_svgd: 0.033
gamma: 0.015
decay_start_ratio: 0.15
decay_min_factor: 0.3
bandwith_kernel: None
no_interact: False
avg_score: 0.7471817135810852
median_score: 0.7458556890487671
std_score: 0.016084175556898117
percentiles: 2%=0.7175902128219604, 5%=0.7192046642303467, 10%=0.7279053926467896, 25%=0.7371504306793213, 50%=0.7458556890487671, 75%=0.7570555210113525, 90%=0.7686167359352112, 95%=0.7750260233879089, 98%=0.7822836637496948
ranking_best_algo: Tabu
ranking_best_score: 0.7470791764843752
ranking_my_rank: 1/504 (100.0%)
ranking_my_percent: 100.0
