ConfigName: kjsd__advperagentrankweighted__M4__L10__eps0p02__g0p0003__ds0p05__dm0p05
Problem: QUBO
Kernel: jsd
Advantage: peragentrankweighted
M: 4
lambda: 10
epsilon_svgd: 0.02
gamma: 0.0003
decay_start_ratio: 0.05
decay_min_factor: 0.05
bandwith_kernel: None
no_interact: False
avg_score: -432.8399963378906
median_score: -436.0
std_score: 28.659631729125977
percentiles: 2%=-478.0199890136719, 5%=-475.04998779296875, 10%=-469.1000061035156, 25%=-456.25, 50%=-436.0, 75%=-411.5, 90%=-395.0, 95%=-387.95001220703125, 98%=-374.8599853515625
ranking_best_algo: CMApara
ranking_best_score: 453.82
ranking_my_rank: 47/504 (90.9%)
ranking_my_percent: 90.87301587301587
