ConfigName: krbf__advnormalizedfitness__M2__L8__eps0p015__g0p015__ds0p01__dm0p3
Problem: QUBO
Kernel: rbf
Advantage: normalizedfitness
M: 2
lambda: 8
epsilon_svgd: 0.015
gamma: 0.015
decay_start_ratio: 0.01
decay_min_factor: 0.3
bandwith_kernel: None
no_interact: False
avg_score: -1512.760009765625
median_score: -1505.5
std_score: 91.78781127929688
percentiles: 2%=-1701.1800537109375, 5%=-1675.949951171875, 10%=-1641.4000244140625, 25%=-1578.0, 50%=-1505.5, 75%=-1447.25, 90%=-1388.800048828125, 95%=-1376.800048828125, 98%=-1338.8399658203125
ranking_best_algo: NLOPT_LN_PRAXIS
ranking_best_score: 1607.12
ranking_my_rank: 75/504 (85.3%)
ranking_my_percent: 85.31746031746032
