ConfigName: krbf__advnormalizedfitness__M4__L12__eps0p015__g0p007__ds0p01__dm0p01
Problem: QUBO
Kernel: rbf
Advantage: normalizedfitness
M: 4
lambda: 12
epsilon_svgd: 0.015
gamma: 0.007
decay_start_ratio: 0.01
decay_min_factor: 0.01
bandwith_kernel: None
no_interact: False
avg_score: -1132.0799560546875
median_score: -1131.5
std_score: 71.95980834960938
percentiles: 2%=-1295.800048828125, 5%=-1228.949951171875, 10%=-1209.300048828125, 25%=-1173.5, 50%=-1131.5, 75%=-1089.5, 90%=-1037.9000244140625, 95%=-1009.6500244140625, 98%=-999.6199340820312
ranking_best_algo: Tabu
ranking_best_score: 1216.16
ranking_my_rank: 156/504 (69.2%)
ranking_my_percent: 69.24603174603175
