ConfigName: krbf__advnormalizedfitness__M4__L8__eps0p033__g0p015__ds0p3__dm0p3
Problem: QUBO
Kernel: rbf
Advantage: normalizedfitness
M: 4
lambda: 8
epsilon_svgd: 0.033
gamma: 0.015
decay_start_ratio: 0.3
decay_min_factor: 0.3
bandwith_kernel: None
no_interact: False
avg_score: -2105.5
median_score: -2105.0
std_score: 207.3582000732422
percentiles: 2%=-2525.699951171875, 5%=-2466.050048828125, 10%=-2368.10009765625, 25%=-2243.25, 50%=-2105.0, 75%=-1961.25, 90%=-1834.9000244140625, 95%=-1775.4000244140625, 98%=-1751.35986328125
ranking_best_algo: DiscreteLengler2OnePlusOne
ranking_best_score: 2617.04
ranking_my_rank: 218/504 (56.9%)
ranking_my_percent: 56.94444444444444
