ConfigName: kfr__advglobalrankweighted__M1__L7__eps0p01__g0p003__ds0p01__dm0p01
Problem: QUBO
Kernel: fr
Advantage: globalrankweighted
M: 1
lambda: 7
epsilon_svgd: 0.01
gamma: 0.003
decay_start_ratio: 0.01
decay_min_factor: 0.01
bandwith_kernel: None
no_interact: False
avg_score: -139.3000030517578
median_score: -141.0
std_score: 12.930197715759277
percentiles: 2%=-164.0, 5%=-157.0500030517578, 10%=-155.0, 25%=-146.0, 50%=-141.0, 75%=-131.0, 90%=-122.9000015258789, 95%=-114.0, 98%=-109.0
ranking_best_algo: CMApara
ranking_best_score: 154.28
ranking_my_rank: 315/504 (37.7%)
ranking_my_percent: 37.698412698412696
