ConfigName: krbf__advnormalizedfitness__M3__L12__eps0p015__g0p015__ds0p15__dm0p3
Problem: NK
Kernel: rbf
Advantage: normalizedfitness
M: 3
lambda: 12
epsilon_svgd: 0.015
gamma: 0.015
decay_start_ratio: 0.15
decay_min_factor: 0.3
bandwith_kernel: None
no_interact: False
avg_score: 0.6590505838394165
median_score: 0.656365156173706
std_score: 0.016347773373126984
percentiles: 2%=0.6306900382041931, 5%=0.6319777369499207, 10%=0.6383329033851624, 25%=0.6463786959648132, 50%=0.656365156173706, 75%=0.6690692901611328, 90%=0.6822397708892822, 95%=0.6864839196205139, 98%=0.6901826858520508
ranking_best_algo: Tabu
ranking_best_score: 0.7470791764843752
ranking_my_rank: 329/504 (34.9%)
ranking_my_percent: 34.92063492063492
