ConfigName: krbf__advnormalizedfitness__M3__L15__eps0p033__g0p01__ds0p3__dm0p01
Problem: QUBO
Kernel: rbf
Advantage: normalizedfitness
M: 3
lambda: 15
epsilon_svgd: 0.033
gamma: 0.01
decay_start_ratio: 0.3
decay_min_factor: 0.01
bandwith_kernel: None
no_interact: False
avg_score: -1226.4599609375
median_score: -1227.0
std_score: 71.89498138427734
percentiles: 2%=-1383.1600341796875, 5%=-1334.800048828125, 10%=-1319.300048828125, 25%=-1270.5, 50%=-1227.0, 75%=-1175.0, 90%=-1138.4000244140625, 95%=-1104.800048828125, 98%=-1093.4998779296875
ranking_best_algo: BigLognormalDiscreteOnePlusOne
ranking_best_score: 1301.3600000000004
ranking_my_rank: 71/504 (86.1%)
ranking_my_percent: 86.11111111111111
