ConfigName: kjsd__advperagentrankweighted__M3__L20__eps0p005__g0p0005__ds0p1__dm0p05
Problem: NK
Kernel: jsd
Advantage: peragentrankweighted
M: 3
lambda: 20
epsilon_svgd: 0.005
gamma: 0.0005
decay_start_ratio: 0.1
decay_min_factor: 0.05
bandwith_kernel: None
no_interact: False
avg_score: 0.7114702463150024
median_score: 0.6994725465774536
std_score: 0.03163255378603935
percentiles: 2%=0.6736223101615906, 5%=0.6751484870910645, 10%=0.6762160658836365, 25%=0.6824496388435364, 50%=0.6994725465774536, 75%=0.746839165687561, 90%=0.7536137700080872, 95%=0.7613165378570557, 98%=0.7613165378570557
ranking_best_algo: CMApara
ranking_best_score: 0.7118996098437498
ranking_my_rank: 2/504 (99.8%)
ranking_my_percent: 99.8015873015873
