ConfigName: krbf__advnormalizedfitness__M3__L10__eps0p033__g0p005__ds0p01__dm0p3
Problem: QUBO
Kernel: rbf
Advantage: normalizedfitness
M: 3
lambda: 10
epsilon_svgd: 0.033
gamma: 0.005
decay_start_ratio: 0.01
decay_min_factor: 0.3
bandwith_kernel: None
no_interact: False
avg_score: -138.44000244140625
median_score: -139.0
std_score: 11.22169303894043
percentiles: 2%=-158.0399932861328, 5%=-156.10000610351562, 10%=-153.0, 25%=-146.0, 50%=-139.0, 75%=-129.0, 90%=-124.9000015258789, 95%=-121.0, 98%=-118.95999145507812
ranking_best_algo: DiscreteDE
ranking_best_score: 143.4
ranking_my_rank: 104/504 (79.6%)
ranking_my_percent: 79.56349206349206
