ConfigName: krbf__advnormalizedfitness__M4__L15__eps0p015__g0p01__ds0p01__dm0p01
Problem: NK
Kernel: rbf
Advantage: normalizedfitness
M: 4
lambda: 15
epsilon_svgd: 0.015
gamma: 0.01
decay_start_ratio: 0.01
decay_min_factor: 0.01
bandwith_kernel: None
no_interact: False
avg_score: 0.6920656561851501
median_score: 0.6937412023544312
std_score: 0.011246711947023869
percentiles: 2%=0.667149543762207, 5%=0.6716305017471313, 10%=0.6762072443962097, 25%=0.6851119995117188, 50%=0.6937412023544312, 75%=0.6986209154129028, 90%=0.7067118883132935, 95%=0.7090393304824829, 98%=0.7120782136917114
ranking_best_algo: PBIL
ranking_best_score: 0.7248786399609374
ranking_my_rank: 137/504 (73.0%)
ranking_my_percent: 73.01587301587301
