ConfigName: kjsd__advperagentrankweighted__M3__L18__eps0p007__g0p003__ds0p1__dm0p1
Problem: QUBO
Kernel: jsd
Advantage: peragentrankweighted
M: 3
lambda: 18
epsilon_svgd: 0.007
gamma: 0.003
decay_start_ratio: 0.1
decay_min_factor: 0.1
bandwith_kernel: None
no_interact: False
avg_score: -926.260009765625
median_score: -921.5
std_score: 65.82485961914062
percentiles: 2%=-1060.199951171875, 5%=-1029.0999755859375, 10%=-1018.0999755859375, 25%=-977.0, 50%=-921.5, 75%=-877.75, 90%=-850.7999877929688, 95%=-832.9000244140625, 98%=-810.0
ranking_best_algo: CMApara
ranking_best_score: 964.9
ranking_my_rank: 21/504 (96.0%)
ranking_my_percent: 96.03174603174604
