ConfigName: kjsd__advperagentrankweighted__M3__L18__eps0p01__g0p003__ds0p2__dm0p05
Problem: NK
Kernel: jsd
Advantage: peragentrankweighted
M: 3
lambda: 18
epsilon_svgd: 0.01
gamma: 0.003
decay_start_ratio: 0.2
decay_min_factor: 0.05
bandwith_kernel: None
no_interact: False
avg_score: 0.7429031133651733
median_score: 0.7432748675346375
std_score: 0.010077382437884808
percentiles: 2%=0.7209861278533936, 5%=0.7264647483825684, 10%=0.730912983417511, 25%=0.7363803386688232, 50%=0.7432748675346375, 75%=0.7503937482833862, 90%=0.7554837465286255, 95%=0.7589454054832458, 98%=0.7629364132881165
ranking_best_algo: PBIL
ranking_best_score: 0.733570253046875
ranking_my_rank: 1/504 (100.0%)
ranking_my_percent: 100.0
