ConfigName: kjsd__advperagentrankweighted__M3__L16__eps0p007__g0p001__ds0p2__dm0p05
Problem: QUBO
Kernel: jsd
Advantage: peragentrankweighted
M: 3
lambda: 16
epsilon_svgd: 0.007
gamma: 0.001
decay_start_ratio: 0.2
decay_min_factor: 0.05
bandwith_kernel: None
no_interact: False
avg_score: -909.8599853515625
median_score: -912.0
std_score: 64.67581176757812
percentiles: 2%=-1036.1199951171875, 5%=-1016.5999755859375, 10%=-989.5999755859375, 25%=-957.5, 50%=-912.0, 75%=-854.0, 90%=-827.0, 95%=-798.9000244140625, 98%=-795.97998046875
ranking_best_algo: CMAL3
ranking_best_score: 928.5800000000002
ranking_my_rank: 28/504 (94.6%)
ranking_my_percent: 94.64285714285714
