ConfigName: krbf__advnormalizedfitness__M4__L10__eps0p025__g0p005__ds0p3__dm0p01
Problem: QUBO
Kernel: rbf
Advantage: normalizedfitness
M: 4
lambda: 10
epsilon_svgd: 0.025
gamma: 0.005
decay_start_ratio: 0.3
decay_min_factor: 0.01
bandwith_kernel: None
no_interact: False
avg_score: -1530.47998046875
median_score: -1532.5
std_score: 88.4569320678711
percentiles: 2%=-1713.0999755859375, 5%=-1685.0999755859375, 10%=-1652.0999755859375, 25%=-1587.0, 50%=-1532.5, 75%=-1472.5, 90%=-1417.5, 95%=-1399.900146484375, 98%=-1366.27978515625
ranking_best_algo: NLOPT_LN_PRAXIS
ranking_best_score: 1607.12
ranking_my_rank: 57/504 (88.9%)
ranking_my_percent: 88.88888888888889
