ConfigName: krbf__advnormalizedfitness__M4__L24__eps0p02__g0p01__ds0p15__dm0p05
Problem: QUBO
Kernel: rbf
Advantage: normalizedfitness
M: 4
lambda: 24
epsilon_svgd: 0.02
gamma: 0.01
decay_start_ratio: 0.15
decay_min_factor: 0.05
bandwith_kernel: None
no_interact: False
avg_score: -629.219970703125
median_score: -624.5
std_score: 79.43684387207031
percentiles: 2%=-816.0, 5%=-779.4500122070312, 10%=-733.2999877929688, 25%=-684.75, 50%=-624.5, 75%=-565.25, 90%=-532.9000244140625, 95%=-518.9000244140625, 98%=-510.7799987792969
ranking_best_algo: CMAL3
ranking_best_score: 928.5800000000002
ranking_my_rank: 344/504 (31.9%)
ranking_my_percent: 31.944444444444443
