ConfigName: krbf__advnormalizedfitness__M4__L8__eps0p025__g0p005__ds0p3__dm0p01
Problem: QUBO
Kernel: rbf
Advantage: normalizedfitness
M: 4
lambda: 8
epsilon_svgd: 0.025
gamma: 0.005
decay_start_ratio: 0.3
decay_min_factor: 0.01
bandwith_kernel: None
no_interact: False
avg_score: -1254.239990234375
median_score: -1250.5
std_score: 65.6021499633789
percentiles: 2%=-1396.06005859375, 5%=-1361.4000244140625, 10%=-1339.5999755859375, 25%=-1294.75, 50%=-1250.5, 75%=-1205.75, 90%=-1168.699951171875, 95%=-1150.9000244140625, 98%=-1140.8599853515625
ranking_best_algo: BigLognormalDiscreteOnePlusOne
ranking_best_score: 1301.3600000000004
ranking_my_rank: 55/504 (89.3%)
ranking_my_percent: 89.28571428571429
