ConfigName: krbf__advnormalizedfitness__M4__L8__eps0p015__g0p01__ds0p3__dm0p01
Problem: QUBO
Kernel: rbf
Advantage: normalizedfitness
M: 4
lambda: 8
epsilon_svgd: 0.015
gamma: 0.01
decay_start_ratio: 0.3
decay_min_factor: 0.01
bandwith_kernel: None
no_interact: False
avg_score: -139.75999450683594
median_score: -141.0
std_score: 10.281167984008789
percentiles: 2%=-160.0, 5%=-158.0500030517578, 10%=-156.0, 25%=-146.0, 50%=-141.0, 75%=-131.0, 90%=-127.9000015258789, 95%=-123.0, 98%=-120.97999572753906
ranking_best_algo: DiscreteDE
ranking_best_score: 143.4
ranking_my_rank: 83/504 (83.7%)
ranking_my_percent: 83.73015873015873
