ConfigName: krbf__advnormalizedfitness__M2__L8__eps0p033__g0p015__ds0p3__dm0p3
Problem: QUBO
Kernel: rbf
Advantage: normalizedfitness
M: 2
lambda: 8
epsilon_svgd: 0.033
gamma: 0.015
decay_start_ratio: 0.3
decay_min_factor: 0.3
bandwith_kernel: None
no_interact: False
avg_score: -425.239990234375
median_score: -428.0
std_score: 28.574506759643555
percentiles: 2%=-479.0799865722656, 5%=-471.0, 10%=-461.20001220703125, 25%=-445.75, 50%=-428.0, 75%=-409.0, 90%=-384.0, 95%=-378.70001220703125, 98%=-365.9599914550781
ranking_best_algo: CMAL3
ranking_best_score: 435.36
ranking_my_rank: 29/504 (94.4%)
ranking_my_percent: 94.44444444444444
