ConfigName: krbf__advnormalizedfitness__M4__L15__eps0p033__g0p01__ds0p01__dm0p01
Problem: QUBO
Kernel: rbf
Advantage: normalizedfitness
M: 4
lambda: 15
epsilon_svgd: 0.033
gamma: 0.01
decay_start_ratio: 0.01
decay_min_factor: 0.01
bandwith_kernel: None
no_interact: False
avg_score: -2858.159912109375
median_score: -2844.5
std_score: 224.7459259033203
percentiles: 2%=-3359.0400390625, 5%=-3212.10009765625, 10%=-3162.10009765625, 25%=-3002.0, 50%=-2844.5, 75%=-2704.25, 90%=-2589.89990234375, 95%=-2536.550048828125, 98%=-2402.8798828125
ranking_best_algo: RLSOnePlusOne
ranking_best_score: 3316.5199999999995
ranking_my_rank: 147/504 (71.0%)
ranking_my_percent: 71.03174603174604
