ConfigName: kjsd__advperagentrankweighted__M5__L8__eps0p005__g0p0007__ds0p2__dm0p05
Problem: NK
Kernel: jsd
Advantage: peragentrankweighted
M: 5
lambda: 8
epsilon_svgd: 0.005
gamma: 0.0007
decay_start_ratio: 0.2
decay_min_factor: 0.05
bandwith_kernel: None
no_interact: False
avg_score: 0.7549911737442017
median_score: 0.7546181678771973
std_score: 0.014087630435824394
percentiles: 2%=0.7255129218101501, 5%=0.7348990440368652, 10%=0.7364201545715332, 25%=0.7453508377075195, 50%=0.7546181678771973, 75%=0.7664695382118225, 90%=0.7733027338981628, 95%=0.7782649993896484, 98%=0.7825657725334167
ranking_best_algo: Tabu
ranking_best_score: 0.7657846284375001
ranking_my_rank: 7/504 (98.8%)
ranking_my_percent: 98.80952380952381
