ConfigName: krbf__advnormalizedfitness__M2__L6__eps0p02__g0p006__ds0p01__dm0p01
Problem: QUBO
Kernel: rbf
Advantage: normalizedfitness
M: 2
lambda: 6
epsilon_svgd: 0.02
gamma: 0.006
decay_start_ratio: 0.01
decay_min_factor: 0.01
bandwith_kernel: None
no_interact: False
avg_score: -2588.43994140625
median_score: -2584.5
std_score: 129.3126678466797
percentiles: 2%=-2858.97998046875, 5%=-2809.10009765625, 10%=-2742.5, 25%=-2673.25, 50%=-2584.5, 75%=-2495.25, 90%=-2421.89990234375, 95%=-2391.5, 98%=-2376.800048828125
ranking_best_algo: DiscreteLengler2OnePlusOne
ranking_best_score: 2617.04
ranking_my_rank: 42/504 (91.9%)
ranking_my_percent: 91.86507936507937
