ConfigName: kfr__advglobalrankweighted__M2__L11__eps0p01__g0p005__ds0p01__dm0p01
Problem: QUBO
Kernel: fr
Advantage: globalrankweighted
M: 2
lambda: 11
epsilon_svgd: 0.01
gamma: 0.005
decay_start_ratio: 0.01
decay_min_factor: 0.01
bandwith_kernel: None
no_interact: False
avg_score: -930.739990234375
median_score: -929.5
std_score: 67.75951385498047
percentiles: 2%=-1074.0400390625, 5%=-1043.1500244140625, 10%=-1021.2000122070312, 25%=-978.25, 50%=-929.5, 75%=-887.75, 90%=-839.9000244140625, 95%=-825.8500366210938, 98%=-822.8800048828125
ranking_best_algo: CMApara
ranking_best_score: 964.9
ranking_my_rank: 19/504 (96.4%)
ranking_my_percent: 96.42857142857143
