ConfigName: kfr__advglobalrankweighted__M4__L9__eps0p015__g0p007__ds0p01__dm0p01
Problem: QUBO
Kernel: fr
Advantage: globalrankweighted
M: 4
lambda: 9
epsilon_svgd: 0.015
gamma: 0.007
decay_start_ratio: 0.01
decay_min_factor: 0.01
bandwith_kernel: None
no_interact: False
avg_score: -414.3399963378906
median_score: -414.0
std_score: 26.25118064880371
percentiles: 2%=-467.0799865722656, 5%=-454.04998779296875, 10%=-450.20001220703125, 25%=-430.0, 50%=-414.0, 75%=-393.75, 90%=-374.0, 95%=-368.0, 98%=-365.9599914550781
ranking_best_algo: Tabu
ranking_best_score: 438.12
ranking_my_rank: 56/504 (89.1%)
ranking_my_percent: 89.08730158730158
