ConfigName: krbf__advnormalizedfitness__M2__L10__eps0p015__g0p015__ds0p15__dm0p3
Problem: QUBO
Kernel: rbf
Advantage: normalizedfitness
M: 2
lambda: 10
epsilon_svgd: 0.015
gamma: 0.015
decay_start_ratio: 0.15
decay_min_factor: 0.3
bandwith_kernel: None
no_interact: False
avg_score: -919.6400146484375
median_score: -924.0
std_score: 74.40571594238281
percentiles: 2%=-1046.02001953125, 5%=-1040.199951171875, 10%=-1007.4000244140625, 25%=-971.25, 50%=-924.0, 75%=-878.0, 90%=-815.9000244140625, 95%=-774.5, 98%=-746.9199829101562
ranking_best_algo: CMApara
ranking_best_score: 964.9
ranking_my_rank: 61/504 (88.1%)
ranking_my_percent: 88.0952380952381
