ConfigName: kjsd__advperagentrankweighted__M6__L8__eps0p02__g0p0003__ds0p2__dm0p05
Problem: NK
Kernel: jsd
Advantage: peragentrankweighted
M: 6
lambda: 8
epsilon_svgd: 0.02
gamma: 0.0003
decay_start_ratio: 0.2
decay_min_factor: 0.05
bandwith_kernel: None
no_interact: False
avg_score: 0.7424440979957581
median_score: 0.7434557676315308
std_score: 0.014128248207271099
percentiles: 2%=0.7106348276138306, 5%=0.7185422778129578, 10%=0.7243396043777466, 25%=0.7329342365264893, 50%=0.7434557676315308, 75%=0.7522953748703003, 90%=0.7579300403594971, 95%=0.7654275298118591, 98%=0.7694158554077148
ranking_best_algo: Tabu
ranking_best_score: 0.7657846284375001
ranking_my_rank: 62/504 (87.9%)
ranking_my_percent: 87.89682539682539
