ConfigName: krbf__advnormalizedfitness__M4__L10__eps0p025__g0p015__ds0p3__dm0p01
Problem: QUBO
Kernel: rbf
Advantage: normalizedfitness
M: 4
lambda: 10
epsilon_svgd: 0.025
gamma: 0.015
decay_start_ratio: 0.3
decay_min_factor: 0.01
bandwith_kernel: None
no_interact: False
avg_score: -308.32000732421875
median_score: -314.0
std_score: 40.51737594604492
percentiles: 2%=-396.0, 5%=-388.20001220703125, 10%=-352.79998779296875, 25%=-330.5, 50%=-314.0, 75%=-273.75, 90%=-258.0, 95%=-248.0, 98%=-242.9399871826172
ranking_best_algo: CMApara
ranking_best_score: 319.29999999999995
ranking_my_rank: 89/504 (82.5%)
ranking_my_percent: 82.53968253968254
