ConfigName: kjsd__advperagentrankweighted__M3__L18__eps0p007__g0p003__ds0p2__dm0p1
Problem: QUBO
Kernel: jsd
Advantage: peragentrankweighted
M: 3
lambda: 18
epsilon_svgd: 0.007
gamma: 0.003
decay_start_ratio: 0.2
decay_min_factor: 0.1
bandwith_kernel: None
no_interact: False
avg_score: -923.6400146484375
median_score: -920.0
std_score: 70.40632629394531
percentiles: 2%=-1074.0400390625, 5%=-1056.0, 10%=-1016.0, 25%=-966.25, 50%=-920.0, 75%=-881.0, 90%=-832.0, 95%=-810.7999877929688, 98%=-800.8200073242188
ranking_best_algo: CMApara
ranking_best_score: 964.9
ranking_my_rank: 23/504 (95.6%)
ranking_my_percent: 95.63492063492063
