ConfigName: krbf__advnormalizedfitness__M4__L10__eps0p015__g0p005__ds0p15__dm0p3
Problem: QUBO
Kernel: rbf
Advantage: normalizedfitness
M: 4
lambda: 10
epsilon_svgd: 0.015
gamma: 0.005
decay_start_ratio: 0.15
decay_min_factor: 0.3
bandwith_kernel: None
no_interact: False
avg_score: -1257.0799560546875
median_score: -1262.5
std_score: 148.49205017089844
percentiles: 2%=-1525.0400390625, 5%=-1501.9000244140625, 10%=-1467.4000244140625, 25%=-1355.0, 50%=-1262.5, 75%=-1131.5, 90%=-1076.5, 95%=-1048.9000244140625, 98%=-994.1198120117188
ranking_best_algo: NLOPT_LN_PRAXIS
ranking_best_score: 1607.12
ranking_my_rank: 212/504 (58.1%)
ranking_my_percent: 58.13492063492063
