ConfigName: kjsd__advperagentrankweighted__M3__L18__eps0p01__g0p0007__ds0p2__dm0p1
Problem: QUBO
Kernel: jsd
Advantage: peragentrankweighted
M: 3
lambda: 18
epsilon_svgd: 0.01
gamma: 0.0007
decay_start_ratio: 0.2
decay_min_factor: 0.1
bandwith_kernel: None
no_interact: False
avg_score: -3288.860107421875
median_score: -3284.0
std_score: 97.55583190917969
percentiles: 2%=-3498.159912109375, 5%=-3436.89990234375, 10%=-3423.10009765625, 25%=-3348.5, 50%=-3284.0, 75%=-3223.0, 90%=-3173.800048828125, 95%=-3137.0, 98%=-3105.8798828125
ranking_best_algo: RLSOnePlusOne
ranking_best_score: 3316.5199999999995
ranking_my_rank: 3/504 (99.6%)
ranking_my_percent: 99.60317460317461
