ConfigName: krbf__advnormalizedfitness__M3__L10__eps0p025__g0p01__ds0p01__dm0p3
Problem: NK
Kernel: rbf
Advantage: normalizedfitness
M: 3
lambda: 10
epsilon_svgd: 0.025
gamma: 0.01
decay_start_ratio: 0.01
decay_min_factor: 0.3
bandwith_kernel: None
no_interact: False
avg_score: 0.6073430776596069
median_score: 0.6030747890472412
std_score: 0.016649635508656502
percentiles: 2%=0.5854542851448059, 5%=0.5883539915084839, 10%=0.5903870463371277, 25%=0.5936428308486938, 50%=0.6030747890472412, 75%=0.6197493076324463, 90%=0.6313785314559937, 95%=0.6377131938934326, 98%=0.6483112573623657
ranking_best_algo: PBIL
ranking_best_score: 0.7170882103515624
ranking_my_rank: 349/504 (31.0%)
ranking_my_percent: 30.952380952380953
