ConfigName: krbf__advnormalizedfitness__M4__L8__eps0p025__g0p005__ds0p3__dm0p01
Problem: QUBO
Kernel: rbf
Advantage: normalizedfitness
M: 4
lambda: 8
epsilon_svgd: 0.025
gamma: 0.005
decay_start_ratio: 0.3
decay_min_factor: 0.01
bandwith_kernel: None
no_interact: False
avg_score: -200.32000732421875
median_score: -201.0
std_score: 12.575277328491211
percentiles: 2%=-222.0, 5%=-221.0, 10%=-219.0, 25%=-207.0, 50%=-201.0, 75%=-194.0, 90%=-182.0, 95%=-178.0, 98%=-171.95999145507812
ranking_best_algo: Tabu
ranking_best_score: 208.36000000000004
ranking_my_rank: 47/504 (90.9%)
ranking_my_percent: 90.87301587301587
