ConfigName: krbf__advnormalizedfitness__M1__L10__eps0p015__g0p005__ds0p01__dm0p3
Problem: NK
Kernel: rbf
Advantage: normalizedfitness
M: 1
lambda: 10
epsilon_svgd: 0.015
gamma: 0.005
decay_start_ratio: 0.01
decay_min_factor: 0.3
bandwith_kernel: None
no_interact: False
avg_score: 0.7413188219070435
median_score: 0.7417393922805786
std_score: 0.014399239793419838
percentiles: 2%=0.7140949964523315, 5%=0.716181755065918, 10%=0.7214243412017822, 25%=0.7321653366088867, 50%=0.7417393922805786, 75%=0.7502422332763672, 90%=0.7591981887817383, 95%=0.7629541158676147, 98%=0.771452009677887
ranking_best_algo: Tabu
ranking_best_score: 0.7470791764843752
ranking_my_rank: 6/504 (99.0%)
ranking_my_percent: 99.0079365079365
