ConfigName: krbf__advnormalizedfitness__M3__L24__eps0p03__g0p005__ds0p15__dm0p05
Problem: QUBO
Kernel: rbf
Advantage: normalizedfitness
M: 3
lambda: 24
epsilon_svgd: 0.03
gamma: 0.005
decay_start_ratio: 0.15
decay_min_factor: 0.05
bandwith_kernel: None
no_interact: False
avg_score: -331.0799865722656
median_score: -337.5
std_score: 21.288345336914062
percentiles: 2%=-372.0, 5%=-354.1499938964844, 10%=-352.0, 25%=-344.5, 50%=-337.5, 75%=-320.0, 90%=-300.0, 95%=-291.8999938964844, 98%=-279.8399963378906
ranking_best_algo: CMApara
ranking_best_score: 344.22
ranking_my_rank: 77/504 (84.9%)
ranking_my_percent: 84.92063492063492
