ConfigName: kjsd__advperagentrankweighted__M4__L10__eps0p02__g0p0005__ds0p2__dm0p05
Problem: QUBO
Kernel: jsd
Advantage: peragentrankweighted
M: 4
lambda: 10
epsilon_svgd: 0.02
gamma: 0.0005
decay_start_ratio: 0.2
decay_min_factor: 0.05
bandwith_kernel: None
no_interact: False
avg_score: -571.0
median_score: -569.5
std_score: 25.087846755981445
percentiles: 2%=-629.0999755859375, 5%=-617.0999755859375, 10%=-601.5, 25%=-588.0, 50%=-569.5, 75%=-553.0, 90%=-542.7999877929688, 95%=-533.8499755859375, 98%=-528.7999877929688
ranking_best_algo: Tabu
ranking_best_score: 588.7199999999999
ranking_my_rank: 62/503 (87.9%)
ranking_my_percent: 87.8727634194831
