ConfigName: kjsd__advperagentrankweighted__M3__L20__eps0p005__g0p003__ds0p2__dm0p1
Problem: QUBO
Kernel: jsd
Advantage: peragentrankweighted
M: 3
lambda: 20
epsilon_svgd: 0.005
gamma: 0.003
decay_start_ratio: 0.2
decay_min_factor: 0.1
bandwith_kernel: None
no_interact: False
avg_score: -1089.239990234375
median_score: -1090.0
std_score: 84.93999481201172
percentiles: 2%=-1269.0799560546875, 5%=-1234.4000244140625, 10%=-1199.0999755859375, 25%=-1141.5, 50%=-1090.0, 75%=-1034.0, 90%=-985.2000122070312, 95%=-954.4500122070312, 98%=-935.3400268554688
ranking_best_algo: BigLognormalDiscreteOnePlusOne
ranking_best_score: 1301.3600000000004
ranking_my_rank: 208/504 (58.9%)
ranking_my_percent: 58.92857142857143
