ConfigName: kjsd__advperagentrankweighted__M8__L24__eps0p008__g0p0005__ds0p3__dm0p05
Problem: NK
Kernel: jsd
Advantage: peragentrankweighted
M: 8
lambda: 24
epsilon_svgd: 0.008
gamma: 0.0005
decay_start_ratio: 0.3
decay_min_factor: 0.05
bandwith_kernel: None
no_interact: False
avg_score: 0.7120480537414551
median_score: 0.70106041431427
std_score: 0.031367216259241104
percentiles: 2%=0.673993706703186, 5%=0.6746108531951904, 10%=0.6796021461486816, 25%=0.6837672591209412, 50%=0.70106041431427, 75%=0.7474179267883301, 90%=0.7540167570114136, 95%=0.7613165378570557, 98%=0.7613165378570557
ranking_best_algo: CMApara
ranking_best_score: 0.7118996098437498
ranking_my_rank: 1/504 (100.0%)
ranking_my_percent: 100.0
