ConfigName: kfr__advglobalrankweighted__M1__L11__eps0p01__g0p005__ds0p01__dm0p01
Problem: QUBO
Kernel: fr
Advantage: globalrankweighted
M: 1
lambda: 11
epsilon_svgd: 0.01
gamma: 0.005
decay_start_ratio: 0.01
decay_min_factor: 0.01
bandwith_kernel: None
no_interact: False
avg_score: -141.16000366210938
median_score: -141.5
std_score: 15.606870651245117
percentiles: 2%=-179.0, 5%=-164.14999389648438, 10%=-160.0, 25%=-151.0, 50%=-141.5, 75%=-132.75, 90%=-117.9000015258789, 95%=-114.0, 98%=-112.93998718261719
ranking_best_algo: CMApara
ranking_best_score: 154.28
ranking_my_rank: 269/504 (46.8%)
ranking_my_percent: 46.82539682539682
