ConfigName: krbf__advnormalizedfitness__M2__L11__eps0p015__g0p003__ds0p01__dm0p01
Problem: QUBO
Kernel: rbf
Advantage: normalizedfitness
M: 2
lambda: 11
epsilon_svgd: 0.015
gamma: 0.003
decay_start_ratio: 0.01
decay_min_factor: 0.01
bandwith_kernel: None
no_interact: False
avg_score: -418.6199951171875
median_score: -420.0
std_score: 31.600879669189453
percentiles: 2%=-479.0400085449219, 5%=-475.0, 10%=-459.29998779296875, 25%=-438.25, 50%=-420.0, 75%=-396.75, 90%=-373.8999938964844, 95%=-368.6499938964844, 98%=-359.8399963378906
ranking_best_algo: CMAL3
ranking_best_score: 435.36
ranking_my_rank: 95/504 (81.3%)
ranking_my_percent: 81.34920634920636
