ConfigName: krbf__advnormalizedfitness__M1__L10__eps0p015__g0p015__ds0p01__dm0p01
Problem: QUBO
Kernel: rbf
Advantage: normalizedfitness
M: 1
lambda: 10
epsilon_svgd: 0.015
gamma: 0.015
decay_start_ratio: 0.01
decay_min_factor: 0.01
bandwith_kernel: None
no_interact: False
avg_score: -1621.0
median_score: -1623.5
std_score: 92.58909606933594
percentiles: 2%=-1762.239990234375, 5%=-1742.5999755859375, 10%=-1730.0999755859375, 25%=-1677.25, 50%=-1623.5, 75%=-1563.75, 90%=-1537.9000244140625, 95%=-1510.800048828125, 98%=-1476.760009765625
ranking_best_algo: NLOPT_LN_PRAXIS
ranking_best_score: 1607.12
ranking_my_rank: 1/504 (100.0%)
ranking_my_percent: 100.0
