ConfigName: krbf__advglobalrankweighted__M4__L10__eps0p01__g0p003__ds0p01__dm0p01
Problem: QUBO
Kernel: rbf
Advantage: globalrankweighted
M: 4
lambda: 10
epsilon_svgd: 0.01
gamma: 0.003
decay_start_ratio: 0.01
decay_min_factor: 0.01
bandwith_kernel: None
no_interact: False
avg_score: -428.44000244140625
median_score: -426.0
std_score: 26.274824142456055
percentiles: 2%=-481.0, 5%=-475.1000061035156, 10%=-461.20001220703125, 25%=-446.5, 50%=-426.0, 75%=-411.75, 90%=-391.8999938964844, 95%=-384.9000244140625, 98%=-382.9599914550781
ranking_best_algo: CMAL3
ranking_best_score: 435.36
ranking_my_rank: 15/504 (97.2%)
ranking_my_percent: 97.22222222222223
