ConfigName: kjsd__advperagentrankweighted__M5__L10__eps0p01__g0p0007__ds0p4__dm0p05
Problem: NK
Kernel: jsd
Advantage: peragentrankweighted
M: 5
lambda: 10
epsilon_svgd: 0.01
gamma: 0.0007
decay_start_ratio: 0.4
decay_min_factor: 0.05
bandwith_kernel: None
no_interact: False
avg_score: 0.7427847385406494
median_score: 0.7421947717666626
std_score: 0.011978887021541595
percentiles: 2%=0.7207561135292053, 5%=0.7241888046264648, 10%=0.728547990322113, 25%=0.734715461730957, 50%=0.7421947717666626, 75%=0.7498576045036316, 90%=0.7568244338035583, 95%=0.7628067135810852, 98%=0.7697463631629944
ranking_best_algo: Tabu
ranking_best_score: 0.7601875690625
ranking_my_rank: 10/504 (98.2%)
ranking_my_percent: 98.21428571428571
