ConfigName: kjsd__advperagentrankweighted__M3__L24__eps0p007__g0p0005__ds0p2__dm0p2
Problem: QUBO
Kernel: jsd
Advantage: peragentrankweighted
M: 3
lambda: 24
epsilon_svgd: 0.007
gamma: 0.0005
decay_start_ratio: 0.2
decay_min_factor: 0.2
bandwith_kernel: None
no_interact: False
avg_score: -933.780029296875
median_score: -940.5
std_score: 63.99852752685547
percentiles: 2%=-1072.0400390625, 5%=-1043.050048828125, 10%=-1020.0, 25%=-966.75, 50%=-940.5, 75%=-888.25, 90%=-858.2000122070312, 95%=-840.9000244140625, 98%=-828.280029296875
ranking_best_algo: CMApara
ranking_best_score: 964.9
ranking_my_rank: 17/504 (96.8%)
ranking_my_percent: 96.82539682539682
