ConfigName: kjsd__advperagentrankweighted__M3__L16__eps0p01__g0p0007__ds0p1__dm0p05
Problem: QUBO
Kernel: jsd
Advantage: peragentrankweighted
M: 3
lambda: 16
epsilon_svgd: 0.01
gamma: 0.0007
decay_start_ratio: 0.1
decay_min_factor: 0.05
bandwith_kernel: None
no_interact: False
avg_score: -196.9199981689453
median_score: -196.0
std_score: 12.059584617614746
percentiles: 2%=-222.0399932861328, 5%=-219.10000610351562, 10%=-211.10000610351562, 25%=-205.0, 50%=-196.0, 75%=-188.75, 90%=-180.0, 95%=-177.9499969482422, 98%=-174.0
ranking_best_algo: Tabu
ranking_best_score: 208.36000000000004
ranking_my_rank: 127/504 (75.0%)
ranking_my_percent: 75.0
