ConfigName: krbf__advnormalizedfitness__M2__L9__eps0p015__g0p003__ds0p01__dm0p01
Problem: QUBO
Kernel: rbf
Advantage: normalizedfitness
M: 2
lambda: 9
epsilon_svgd: 0.015
gamma: 0.003
decay_start_ratio: 0.01
decay_min_factor: 0.01
bandwith_kernel: None
no_interact: False
avg_score: -570.8800048828125
median_score: -573.0
std_score: 28.92378807067871
percentiles: 2%=-621.280029296875, 5%=-618.0499877929688, 10%=-610.0999755859375, 25%=-591.25, 50%=-573.0, 75%=-544.0, 90%=-533.9000244140625, 95%=-529.75, 98%=-521.97998046875
ranking_best_algo: Tabu
ranking_best_score: 588.7199999999999
ranking_my_rank: 64/503 (87.5%)
ranking_my_percent: 87.47514910536779
