ConfigName: krbf__advnormalizedfitness__M1__L8__eps0p033__g0p015__ds0p15__dm0p01
Problem: NK
Kernel: rbf
Advantage: normalizedfitness
M: 1
lambda: 8
epsilon_svgd: 0.033
gamma: 0.015
decay_start_ratio: 0.15
decay_min_factor: 0.01
bandwith_kernel: None
no_interact: False
avg_score: 0.7028064727783203
median_score: 0.7051929235458374
std_score: 0.011858086101710796
percentiles: 2%=0.6824162006378174, 5%=0.6845306754112244, 10%=0.6856088042259216, 25%=0.6920046210289001, 50%=0.7051929235458374, 75%=0.7134562730789185, 90%=0.7171924114227295, 95%=0.7196893095970154, 98%=0.7211601734161377
ranking_best_algo: PBIL
ranking_best_score: 0.7013553837109374
ranking_my_rank: 1/504 (100.0%)
ranking_my_percent: 100.0
