ConfigName: kfr__advglobalrankweighted__M2__L7__eps0p015__g0p007__ds0p01__dm0p01
Problem: QUBO
Kernel: fr
Advantage: globalrankweighted
M: 2
lambda: 7
epsilon_svgd: 0.015
gamma: 0.007
decay_start_ratio: 0.01
decay_min_factor: 0.01
bandwith_kernel: None
no_interact: False
avg_score: -2632.239990234375
median_score: -2626.5
std_score: 124.9992904663086
percentiles: 2%=-2890.0400390625, 5%=-2826.050048828125, 10%=-2801.0, 25%=-2718.75, 50%=-2626.5, 75%=-2566.5, 90%=-2480.39990234375, 95%=-2435.550048828125, 98%=-2369.39990234375
ranking_best_algo: DiscreteLengler2OnePlusOne
ranking_best_score: 2617.04
ranking_my_rank: 1/504 (100.0%)
ranking_my_percent: 100.0
