ConfigName: kjsd__advperagentrankweighted__M5__L10__eps0p01__g0p003__ds0p05__dm0p2
Problem: QUBO
Kernel: jsd
Advantage: peragentrankweighted
M: 5
lambda: 10
epsilon_svgd: 0.01
gamma: 0.003
decay_start_ratio: 0.05
decay_min_factor: 0.2
bandwith_kernel: None
no_interact: False
avg_score: -411.0
median_score: -410.5
std_score: 23.74363136291504
percentiles: 2%=-457.0799865722656, 5%=-450.04998779296875, 10%=-444.0, 25%=-430.0, 50%=-410.5, 75%=-394.0, 90%=-382.6000061035156, 95%=-374.0, 98%=-369.9200134277344
ranking_best_algo: Tabu
ranking_best_score: 438.12
ranking_my_rank: 80/504 (84.3%)
ranking_my_percent: 84.32539682539682
