ConfigName: kjsd__advperagentrankweighted__M3__L20__eps0p005__g0p001__ds0p1__dm0p2
Problem: QUBO
Kernel: jsd
Advantage: peragentrankweighted
M: 3
lambda: 20
epsilon_svgd: 0.005
gamma: 0.001
decay_start_ratio: 0.1
decay_min_factor: 0.2
bandwith_kernel: None
no_interact: False
avg_score: -3225.840087890625
median_score: -3224.5
std_score: 134.30015563964844
percentiles: 2%=-3469.080078125, 5%=-3451.35009765625, 10%=-3401.199951171875, 25%=-3312.5, 50%=-3224.5, 75%=-3132.25, 90%=-3046.10009765625, 95%=-2994.39990234375, 98%=-2947.919921875
ranking_best_algo: RLSOnePlusOne
ranking_best_score: 3316.5199999999995
ranking_my_rank: 42/504 (91.9%)
ranking_my_percent: 91.86507936507937
