ConfigName: kjsd__advperagentrankweighted__M3__L30__eps0p005__g0p0005__ds0p2__dm0p1
Problem: QUBO
Kernel: jsd
Advantage: peragentrankweighted
M: 3
lambda: 30
epsilon_svgd: 0.005
gamma: 0.0005
decay_start_ratio: 0.2
decay_min_factor: 0.1
bandwith_kernel: None
no_interact: False
avg_score: -308.79998779296875
median_score: -303.0
std_score: 38.6378059387207
percentiles: 2%=-390.0400085449219, 5%=-386.0, 10%=-361.3999938964844, 25%=-332.5, 50%=-303.0, 75%=-275.0, 90%=-266.8999938964844, 95%=-253.9499969482422, 98%=-244.97999572753906
ranking_best_algo: CMApara
ranking_best_score: 319.29999999999995
ranking_my_rank: 87/504 (82.9%)
ranking_my_percent: 82.93650793650794
