ConfigName: kfr__advglobalrankweighted__M4__L9__eps0p02__g0p003__ds0p01__dm0p01
Problem: QUBO
Kernel: fr
Advantage: globalrankweighted
M: 4
lambda: 9
epsilon_svgd: 0.02
gamma: 0.003
decay_start_ratio: 0.01
decay_min_factor: 0.01
bandwith_kernel: None
no_interact: False
avg_score: -411.239990234375
median_score: -411.0
std_score: 27.482036590576172
percentiles: 2%=-473.0799865722656, 5%=-455.1000061035156, 10%=-446.1000061035156, 25%=-430.0, 50%=-411.0, 75%=-390.0, 90%=-375.79998779296875, 95%=-369.79998779296875, 98%=-361.9200134277344
ranking_best_algo: Tabu
ranking_best_score: 438.12
ranking_my_rank: 80/504 (84.3%)
ranking_my_percent: 84.32539682539682
