ConfigName: krbf__advnormalizedfitness__M2__L10__eps0p02__g0p007__ds0p01__dm0p01
Problem: QUBO
Kernel: rbf
Advantage: normalizedfitness
M: 2
lambda: 10
epsilon_svgd: 0.02
gamma: 0.007
decay_start_ratio: 0.01
decay_min_factor: 0.01
bandwith_kernel: None
no_interact: False
avg_score: -1188.1400146484375
median_score: -1177.5
std_score: 71.0458984375
percentiles: 2%=-1355.0799560546875, 5%=-1309.699951171875, 10%=-1281.4000244140625, 25%=-1236.75, 50%=-1177.5, 75%=-1140.75, 90%=-1106.800048828125, 95%=-1072.800048828125, 98%=-1050.0
ranking_best_algo: Tabu
ranking_best_score: 1216.16
ranking_my_rank: 61/504 (88.1%)
ranking_my_percent: 88.0952380952381
