ConfigName: kjsd__advperagentrankweighted__M3__L18__eps0p01__g0p0005__ds0p05__dm0p2
Problem: QUBO
Kernel: jsd
Advantage: peragentrankweighted
M: 3
lambda: 18
epsilon_svgd: 0.01
gamma: 0.0005
decay_start_ratio: 0.05
decay_min_factor: 0.2
bandwith_kernel: None
no_interact: False
avg_score: -422.1000061035156
median_score: -428.5
std_score: 28.34625244140625
percentiles: 2%=-477.0, 5%=-465.20001220703125, 10%=-453.20001220703125, 25%=-440.25, 50%=-428.5, 75%=-404.0, 90%=-389.79998779296875, 95%=-373.8999938964844, 98%=-369.260009765625
ranking_best_algo: CMAL3
ranking_best_score: 435.36
ranking_my_rank: 46/504 (91.1%)
ranking_my_percent: 91.07142857142857
