ConfigName: kfr__advglobalrankweighted__M4__L13__eps0p03__g0p007__ds0p01__dm0p01
Problem: NK
Kernel: fr
Advantage: globalrankweighted
M: 4
lambda: 13
epsilon_svgd: 0.03
gamma: 0.007
decay_start_ratio: 0.01
decay_min_factor: 0.01
bandwith_kernel: None
no_interact: False
avg_score: 0.758361279964447
median_score: 0.7590827941894531
std_score: 0.012571997940540314
percentiles: 2%=0.7345871925354004, 5%=0.7367568016052246, 10%=0.7418931722640991, 25%=0.7491803169250488, 50%=0.7590827941894531, 75%=0.7686089277267456, 90%=0.7748370170593262, 95%=0.7764232158660889, 98%=0.7812439203262329
ranking_best_algo: Tabu
ranking_best_score: 0.7470791764843752
ranking_my_rank: 1/504 (100.0%)
ranking_my_percent: 100.0
