ConfigName: krbf__advnormalizedfitness__M3__L10__eps0p015__g0p01__ds0p3__dm0p01
Problem: QUBO
Kernel: rbf
Advantage: normalizedfitness
M: 3
lambda: 10
epsilon_svgd: 0.015
gamma: 0.01
decay_start_ratio: 0.3
decay_min_factor: 0.01
bandwith_kernel: None
no_interact: False
avg_score: -882.9600219726562
median_score: -878.0
std_score: 63.21406936645508
percentiles: 2%=-1001.260009765625, 5%=-997.1500244140625, 10%=-971.2000122070312, 25%=-926.0, 50%=-878.0, 75%=-841.5, 90%=-797.0, 95%=-778.4500732421875, 98%=-766.9599609375
ranking_best_algo: CMAL3
ranking_best_score: 928.5800000000002
ranking_my_rank: 109/504 (78.6%)
ranking_my_percent: 78.57142857142857
