ConfigName: kjsd__advperagentrankweighted__M4__L8__eps0p005__g0p0003__ds0p4__dm0p05
Problem: QUBO
Kernel: jsd
Advantage: peragentrankweighted
M: 4
lambda: 8
epsilon_svgd: 0.005
gamma: 0.0003
decay_start_ratio: 0.4
decay_min_factor: 0.05
bandwith_kernel: None
no_interact: False
avg_score: -3273.659912109375
median_score: -3259.5
std_score: 110.12086486816406
percentiles: 2%=-3537.199951171875, 5%=-3457.550048828125, 10%=-3418.199951171875, 25%=-3342.25, 50%=-3259.5, 75%=-3202.25, 90%=-3135.89990234375, 95%=-3133.699951171875, 98%=-3061.0400390625
ranking_best_algo: RLSOnePlusOne
ranking_best_score: 3316.5199999999995
ranking_my_rank: 12/504 (97.8%)
ranking_my_percent: 97.81746031746032
