ConfigName: kjsd__advperagentrankweighted__M10__L28__eps0p008__g0p0005__ds0p3__dm0p05
Problem: NK
Kernel: jsd
Advantage: peragentrankweighted
M: 10
lambda: 28
epsilon_svgd: 0.008
gamma: 0.0005
decay_start_ratio: 0.3
decay_min_factor: 0.05
bandwith_kernel: None
no_interact: False
avg_score: 0.6448814272880554
median_score: 0.6442743539810181
std_score: 0.010745459236204624
percentiles: 2%=0.6224371790885925, 5%=0.6252516508102417, 10%=0.6297314763069153, 25%=0.6390941739082336, 50%=0.6442743539810181, 75%=0.6529597640037537, 90%=0.6574578285217285, 95%=0.6625145673751831, 98%=0.6665158867835999
ranking_best_algo: PBIL
ranking_best_score: 0.733570253046875
ranking_my_rank: 306/504 (39.5%)
ranking_my_percent: 39.48412698412698
