ConfigName: kjsd__advperagentrankweighted__M4__L8__eps0p006__g0p0005__ds0p05__dm0p05
Problem: QUBO
Kernel: jsd
Advantage: peragentrankweighted
M: 4
lambda: 8
epsilon_svgd: 0.006
gamma: 0.0005
decay_start_ratio: 0.05
decay_min_factor: 0.05
bandwith_kernel: None
no_interact: False
avg_score: -417.79998779296875
median_score: -418.0
std_score: 26.50660514831543
percentiles: 2%=-475.0400085449219, 5%=-469.1000061035156, 10%=-451.0, 25%=-436.25, 50%=-418.0, 75%=-398.0, 90%=-385.79998779296875, 95%=-371.79998779296875, 98%=-365.9599914550781
ranking_best_algo: Tabu
ranking_best_score: 438.12
ranking_my_rank: 40/504 (92.3%)
ranking_my_percent: 92.26190476190476
