ConfigName: kjsd__advperagentrankweighted__M3__L16__eps0p007__g0p001__ds0p1__dm0p2
Problem: QUBO
Kernel: jsd
Advantage: peragentrankweighted
M: 3
lambda: 16
epsilon_svgd: 0.007
gamma: 0.001
decay_start_ratio: 0.1
decay_min_factor: 0.2
bandwith_kernel: None
no_interact: False
avg_score: -1628.1800537109375
median_score: -1628.5
std_score: 50.65163040161133
percentiles: 2%=-1729.0999755859375, 5%=-1706.449951171875, 10%=-1691.199951171875, 25%=-1667.0, 50%=-1628.5, 75%=-1590.75, 90%=-1562.800048828125, 95%=-1549.0, 98%=-1536.8800048828125
ranking_best_algo: NLOPT_LN_PRAXIS
ranking_best_score: 1607.12
ranking_my_rank: 1/504 (100.0%)
ranking_my_percent: 100.0
