ConfigName: krbf__advnormalizedfitness__M3__L12__eps0p033__g0p015__ds0p15__dm0p01
Problem: NK
Kernel: rbf
Advantage: normalizedfitness
M: 3
lambda: 12
epsilon_svgd: 0.033
gamma: 0.015
decay_start_ratio: 0.15
decay_min_factor: 0.01
bandwith_kernel: None
no_interact: False
avg_score: 0.7340874671936035
median_score: 0.7352054715156555
std_score: 0.015207728371024132
percentiles: 2%=0.7030845284461975, 5%=0.7098357677459717, 10%=0.7154846787452698, 25%=0.7238584756851196, 50%=0.7352054715156555, 75%=0.7416337728500366, 90%=0.7512175440788269, 95%=0.7626981735229492, 98%=0.7667461633682251
ranking_best_algo: Tabu
ranking_best_score: 0.7601875690625
ranking_my_rank: 32/504 (93.8%)
ranking_my_percent: 93.84920634920636
