ConfigName: kjsd__advperagentrankweighted__M5__L10__eps0p005__g0p0005__ds0p3__dm0p05
Problem: QUBO
Kernel: jsd
Advantage: peragentrankweighted
M: 5
lambda: 10
epsilon_svgd: 0.005
gamma: 0.0005
decay_start_ratio: 0.3
decay_min_factor: 0.05
bandwith_kernel: None
no_interact: False
avg_score: -3283.10009765625
median_score: -3270.5
std_score: 135.5217742919922
percentiles: 2%=-3605.300048828125, 5%=-3496.39990234375, 10%=-3467.89990234375, 25%=-3373.75, 50%=-3270.5, 75%=-3188.0, 90%=-3122.10009765625, 95%=-3063.699951171875, 98%=-3048.5
ranking_best_algo: RLSOnePlusOne
ranking_best_score: 3316.5199999999995
ranking_my_rank: 3/504 (99.6%)
ranking_my_percent: 99.60317460317461
