ConfigName: kjsd__advperagentrankweighted__M4__L12__eps0p01__g0p0007__ds0p2__dm0p05
Problem: NK
Kernel: jsd
Advantage: peragentrankweighted
M: 4
lambda: 12
epsilon_svgd: 0.01
gamma: 0.0007
decay_start_ratio: 0.2
decay_min_factor: 0.05
bandwith_kernel: None
no_interact: False
avg_score: 0.7317551970481873
median_score: 0.7314023971557617
std_score: 0.009056424722075462
percentiles: 2%=0.715747594833374, 5%=0.7172806262969971, 10%=0.7201238870620728, 25%=0.7254369258880615, 50%=0.7314023971557617, 75%=0.7379603385925293, 90%=0.7430558204650879, 95%=0.7463958263397217, 98%=0.7519833445549011
ranking_best_algo: Tabu
ranking_best_score: 0.7429702712499999
ranking_my_rank: 2/504 (99.8%)
ranking_my_percent: 99.8015873015873
