ConfigName: krbf__advnormalizedfitness__M1__L8__eps0p033__g0p007__ds0p3__dm0p3
Problem: NK
Kernel: rbf
Advantage: normalizedfitness
M: 1
lambda: 8
epsilon_svgd: 0.033
gamma: 0.007
decay_start_ratio: 0.3
decay_min_factor: 0.3
bandwith_kernel: None
no_interact: False
avg_score: 0.7182040214538574
median_score: 0.7194270491600037
std_score: 0.014811385422945023
percentiles: 2%=0.6928549408912659, 5%=0.6945571303367615, 10%=0.6961738467216492, 25%=0.7078056335449219, 50%=0.7194270491600037, 75%=0.7282012701034546, 90%=0.738248348236084, 95%=0.7411882877349854, 98%=0.745958149433136
ranking_best_algo: Tabu
ranking_best_score: 0.7601875690625
ranking_my_rank: 167/504 (67.1%)
ranking_my_percent: 67.06349206349206
