ConfigName: kfr__advglobalrankweighted__M6__L8__eps0p015__g0p007__ds0p01__dm0p01
Problem: QUBO
Kernel: fr
Advantage: globalrankweighted
M: 6
lambda: 8
epsilon_svgd: 0.015
gamma: 0.007
decay_start_ratio: 0.01
decay_min_factor: 0.01
bandwith_kernel: None
no_interact: False
avg_score: -329.739990234375
median_score: -334.0
std_score: 21.167247772216797
percentiles: 2%=-368.0799865722656, 5%=-361.0, 10%=-350.3999938964844, 25%=-343.0, 50%=-334.0, 75%=-319.5, 90%=-304.0, 95%=-287.9000244140625, 98%=-281.679931640625
ranking_best_algo: CMApara
ranking_best_score: 344.22
ranking_my_rank: 80/504 (84.3%)
ranking_my_percent: 84.32539682539682
