ConfigName: kjsd__advperagentrankweighted__M4__L20__eps0p007__g0p0005__ds0p05__dm0p2
Problem: NK
Kernel: jsd
Advantage: peragentrankweighted
M: 4
lambda: 20
epsilon_svgd: 0.007
gamma: 0.0005
decay_start_ratio: 0.05
decay_min_factor: 0.2
bandwith_kernel: None
no_interact: False
avg_score: 0.7308802604675293
median_score: 0.731055736541748
std_score: 0.009437051601707935
percentiles: 2%=0.7100343108177185, 5%=0.7190272808074951, 10%=0.720054030418396, 25%=0.7240452170372009, 50%=0.731055736541748, 75%=0.7382716536521912, 90%=0.74168860912323, 95%=0.7439603209495544, 98%=0.7492209672927856
ranking_best_algo: Tabu
ranking_best_score: 0.7429702712499999
ranking_my_rank: 2/504 (99.8%)
ranking_my_percent: 99.8015873015873
