ConfigName: kjsd__advperagentrankweighted__M3__L18__eps0p005__g0p0007__ds0p05__dm0p2
Problem: NK
Kernel: jsd
Advantage: peragentrankweighted
M: 3
lambda: 18
epsilon_svgd: 0.005
gamma: 0.0007
decay_start_ratio: 0.05
decay_min_factor: 0.2
bandwith_kernel: None
no_interact: False
avg_score: 0.7407984137535095
median_score: 0.7401710748672485
std_score: 0.015977580100297928
percentiles: 2%=0.7073982357978821, 5%=0.7173985838890076, 10%=0.7235116362571716, 25%=0.7311436533927917, 50%=0.7401710748672485, 75%=0.7500900030136108, 90%=0.7598505020141602, 95%=0.7702937722206116, 98%=0.7753914594650269
ranking_best_algo: Tabu
ranking_best_score: 0.7601875690625
ranking_my_rank: 12/504 (97.8%)
ranking_my_percent: 97.81746031746032
