ConfigName: krbf__advnormalizedfitness__M2__L8__eps0p015__g0p01__ds0p01__dm0p3
Problem: QUBO
Kernel: rbf
Advantage: normalizedfitness
M: 2
lambda: 8
epsilon_svgd: 0.015
gamma: 0.01
decay_start_ratio: 0.01
decay_min_factor: 0.3
bandwith_kernel: None
no_interact: False
avg_score: -148.1999969482422
median_score: -146.0
std_score: 13.272527694702148
percentiles: 2%=-179.0, 5%=-179.0, 10%=-164.0, 25%=-155.0, 50%=-146.0, 75%=-139.0, 90%=-134.0, 95%=-131.0, 98%=-126.95999908447266
ranking_best_algo: CMApara
ranking_best_score: 154.28
ranking_my_rank: 85/504 (83.3%)
ranking_my_percent: 83.33333333333333
