ConfigName: kjsd__advperagentrankweighted__M8__L10__eps0p005__g0p0005__ds0p3__dm0p05
Problem: QUBO
Kernel: jsd
Advantage: peragentrankweighted
M: 8
lambda: 10
epsilon_svgd: 0.005
gamma: 0.0005
decay_start_ratio: 0.3
decay_min_factor: 0.05
bandwith_kernel: None
no_interact: False
avg_score: -140.27999877929688
median_score: -141.0
std_score: 11.05267333984375
percentiles: 2%=-159.02000427246094, 5%=-158.0500030517578, 10%=-156.0, 25%=-148.0, 50%=-141.0, 75%=-130.75, 90%=-126.9000015258789, 95%=-123.0, 98%=-119.0
ranking_best_algo: DiscreteDE
ranking_best_score: 143.4
ranking_my_rank: 78/504 (84.7%)
ranking_my_percent: 84.72222222222223
