ConfigName: krbf__advnormalizedfitness__M4__L15__eps0p033__g0p005__ds0p15__dm0p01
Problem: QUBO
Kernel: rbf
Advantage: normalizedfitness
M: 4
lambda: 15
epsilon_svgd: 0.033
gamma: 0.005
decay_start_ratio: 0.15
decay_min_factor: 0.01
bandwith_kernel: None
no_interact: False
avg_score: -438.4200134277344
median_score: -441.0
std_score: 24.425880432128906
percentiles: 2%=-483.0799865722656, 5%=-477.1000061035156, 10%=-465.29998779296875, 25%=-457.0, 50%=-441.0, 75%=-423.5, 90%=-402.70001220703125, 95%=-394.8500061035156, 98%=-389.91998291015625
ranking_best_algo: CMApara
ranking_best_score: 453.82
ranking_my_rank: 20/504 (96.2%)
ranking_my_percent: 96.23015873015873
