ConfigName: krbf__advglobalrankweighted__M4__L10__eps0p01__g0p007__ds0p01__dm0p01
Problem: QUBO
Kernel: rbf
Advantage: globalrankweighted
M: 4
lambda: 10
epsilon_svgd: 0.01
gamma: 0.007
decay_start_ratio: 0.01
decay_min_factor: 0.01
bandwith_kernel: None
no_interact: False
avg_score: -1185.4599609375
median_score: -1179.0
std_score: 86.56840515136719
percentiles: 2%=-1347.260009765625, 5%=-1313.050048828125, 10%=-1302.199951171875, 25%=-1257.0, 50%=-1179.0, 75%=-1113.5, 90%=-1080.5999755859375, 95%=-1063.800048828125, 98%=-1018.9599609375
ranking_best_algo: BigLognormalDiscreteOnePlusOne
ranking_best_score: 1301.3600000000004
ranking_my_rank: 93/504 (81.7%)
ranking_my_percent: 81.74603174603175
