ConfigName: krbf__advnormalizedfitness__M1__L8__eps0p033__g0p005__ds0p01__dm0p01
Problem: QUBO
Kernel: rbf
Advantage: normalizedfitness
M: 1
lambda: 8
epsilon_svgd: 0.033
gamma: 0.005
decay_start_ratio: 0.01
decay_min_factor: 0.01
bandwith_kernel: None
no_interact: False
avg_score: -1228.43994140625
median_score: -1239.0
std_score: 126.5403823852539
percentiles: 2%=-1391.1800537109375, 5%=-1371.300048828125, 10%=-1326.300048828125, 25%=-1290.25, 50%=-1239.0, 75%=-1190.75, 90%=-1161.699951171875, 95%=-1128.800048828125, 98%=-1105.718505859375
ranking_best_algo: BigLognormalDiscreteOnePlusOne
ranking_best_score: 1301.3600000000004
ranking_my_rank: 69/504 (86.5%)
ranking_my_percent: 86.5079365079365
