ConfigName: kjsd__advperagentrankweighted__M3__L18__eps0p007__g0p0007__ds0p2__dm0p05
Problem: NK
Kernel: jsd
Advantage: peragentrankweighted
M: 3
lambda: 18
epsilon_svgd: 0.007
gamma: 0.0007
decay_start_ratio: 0.2
decay_min_factor: 0.05
bandwith_kernel: None
no_interact: False
avg_score: 0.7101314067840576
median_score: 0.7115487456321716
std_score: 0.01525023952126503
percentiles: 2%=0.6716837286949158, 5%=0.6724843978881836, 10%=0.6942875385284424, 25%=0.7073411345481873, 50%=0.7115487456321716, 75%=0.718030571937561, 90%=0.7255440950393677, 95%=0.7321500778198242, 98%=0.7325263619422913
ranking_best_algo: CMApara
ranking_best_score: 0.707475975
ranking_my_rank: 1/504 (100.0%)
ranking_my_percent: 100.0
