ConfigName: krbf__advnormalizedfitness__M2__L8__eps0p025__g0p015__ds0p15__dm0p01
Problem: QUBO
Kernel: rbf
Advantage: normalizedfitness
M: 2
lambda: 8
epsilon_svgd: 0.025
gamma: 0.015
decay_start_ratio: 0.15
decay_min_factor: 0.01
bandwith_kernel: None
no_interact: False
avg_score: -578.7999877929688
median_score: -573.5
std_score: 27.418241500854492
percentiles: 2%=-643.0399780273438, 5%=-629.25, 10%=-617.2000122070312, 25%=-598.0, 50%=-573.5, 75%=-559.0, 90%=-550.7999877929688, 95%=-540.5499877929688, 98%=-524.0
ranking_best_algo: Tabu
ranking_best_score: 588.7199999999999
ranking_my_rank: 41/503 (92.0%)
ranking_my_percent: 92.04771371769384
