ConfigName: krbf__advnormalizedfitness__M4__L10__eps0p033__g0p007__ds0p3__dm0p01
Problem: NK
Kernel: rbf
Advantage: normalizedfitness
M: 4
lambda: 10
epsilon_svgd: 0.033
gamma: 0.007
decay_start_ratio: 0.3
decay_min_factor: 0.01
bandwith_kernel: None
no_interact: False
avg_score: 0.732041597366333
median_score: 0.7337288856506348
std_score: 0.010118437930941582
percentiles: 2%=0.7092702984809875, 5%=0.7129084467887878, 10%=0.717250406742096, 25%=0.7265062928199768, 50%=0.7337288856506348, 75%=0.7399394512176514, 90%=0.743516206741333, 95%=0.7449573874473572, 98%=0.7462408542633057
ranking_best_algo: PBIL
ranking_best_score: 0.7248786399609374
ranking_my_rank: 1/504 (100.0%)
ranking_my_percent: 100.0
