ConfigName: krbf__advnormalizedfitness__M4__L15__eps0p015__g0p007__ds0p15__dm0p3
Problem: QUBO
Kernel: rbf
Advantage: normalizedfitness
M: 4
lambda: 15
epsilon_svgd: 0.015
gamma: 0.007
decay_start_ratio: 0.15
decay_min_factor: 0.3
bandwith_kernel: None
no_interact: False
avg_score: -351.82000732421875
median_score: -350.0
std_score: 37.536216735839844
percentiles: 2%=-421.2200012207031, 5%=-417.0, 10%=-397.20001220703125, 25%=-378.0, 50%=-350.0, 75%=-328.5, 90%=-299.0, 95%=-291.8000183105469, 98%=-284.8199462890625
ranking_best_algo: CMApara
ranking_best_score: 453.82
ranking_my_rank: 331/504 (34.5%)
ranking_my_percent: 34.523809523809526
