ConfigName: kjsd__advperagentrankweighted__M3__L16__eps0p007__g0p0007__ds0p1__dm0p05
Problem: NK
Kernel: jsd
Advantage: peragentrankweighted
M: 3
lambda: 16
epsilon_svgd: 0.007
gamma: 0.0007
decay_start_ratio: 0.1
decay_min_factor: 0.05
bandwith_kernel: None
no_interact: False
avg_score: 0.7097821235656738
median_score: 0.7109934091567993
std_score: 0.015572167932987213
percentiles: 2%=0.6696287989616394, 5%=0.6708012223243713, 10%=0.6949349641799927, 25%=0.7074671387672424, 50%=0.7109934091567993, 75%=0.7194061875343323, 90%=0.7250271439552307, 95%=0.7315707206726074, 98%=0.7316903471946716
ranking_best_algo: CMApara
ranking_best_score: 0.707475975
ranking_my_rank: 1/504 (100.0%)
ranking_my_percent: 100.0
