ConfigName: kjsd__advperagentrankweighted__M4__L12__eps0p005__g0p0005__ds0p2__dm0p05
Problem: QUBO
Kernel: jsd
Advantage: peragentrankweighted
M: 4
lambda: 12
epsilon_svgd: 0.005
gamma: 0.0005
decay_start_ratio: 0.2
decay_min_factor: 0.05
bandwith_kernel: None
no_interact: False
avg_score: -1241.260009765625
median_score: -1233.0
std_score: 62.16712951660156
percentiles: 2%=-1359.6199951171875, 5%=-1344.1500244140625, 10%=-1317.4000244140625, 25%=-1285.0, 50%=-1233.0, 75%=-1198.25, 90%=-1168.800048828125, 95%=-1140.699951171875, 98%=-1134.93994140625
ranking_best_algo: SVMMetaModelLogNormal
ranking_best_score: 1233.7999999999997
ranking_my_rank: 1/504 (100.0%)
ranking_my_percent: 100.0
