ConfigName: kjsd__advperagentrankweighted__M5__L24__eps0p005__g0p0005__ds0p05__dm0p05
Problem: QUBO
Kernel: jsd
Advantage: peragentrankweighted
M: 5
lambda: 24
epsilon_svgd: 0.005
gamma: 0.0005
decay_start_ratio: 0.05
decay_min_factor: 0.05
bandwith_kernel: None
no_interact: False
avg_score: -416.32000732421875
median_score: -418.5
std_score: 25.73048210144043
percentiles: 2%=-461.1199951171875, 5%=-455.0, 10%=-452.0, 25%=-434.0, 50%=-418.5, 75%=-398.0, 90%=-385.79998779296875, 95%=-379.8999938964844, 98%=-355.8399963378906
ranking_best_algo: Tabu
ranking_best_score: 438.12
ranking_my_rank: 45/504 (91.3%)
ranking_my_percent: 91.26984126984127
