ConfigName: kjsd__advperagentrankweighted__M4__L8__eps0p005__g0p0005__ds0p05__dm0p05
Problem: QUBO
Kernel: jsd
Advantage: peragentrankweighted
M: 4
lambda: 8
epsilon_svgd: 0.005
gamma: 0.0005
decay_start_ratio: 0.05
decay_min_factor: 0.05
bandwith_kernel: None
no_interact: False
avg_score: -309.760009765625
median_score: -312.0
std_score: 37.981868743896484
percentiles: 2%=-396.0, 5%=-386.1000061035156, 10%=-361.3999938964844, 25%=-330.5, 50%=-312.0, 75%=-274.75, 90%=-265.8999938964844, 95%=-262.95001220703125, 98%=-260.0
ranking_best_algo: CMApara
ranking_best_score: 319.29999999999995
ranking_my_rank: 69/504 (86.5%)
ranking_my_percent: 86.5079365079365
