ConfigName: kfr__advglobalrankweighted__M3__L11__eps0p02__g0p007__ds0p01__dm0p01
Problem: QUBO
Kernel: fr
Advantage: globalrankweighted
M: 3
lambda: 11
epsilon_svgd: 0.02
gamma: 0.007
decay_start_ratio: 0.01
decay_min_factor: 0.01
bandwith_kernel: None
no_interact: False
avg_score: -1230.8399658203125
median_score: -1229.0
std_score: 64.53429412841797
percentiles: 2%=-1357.06005859375, 5%=-1337.5, 10%=-1321.800048828125, 25%=-1271.25, 50%=-1229.0, 75%=-1180.75, 90%=-1146.699951171875, 95%=-1124.949951171875, 98%=-1116.8199462890625
ranking_best_algo: SVMMetaModelLogNormal
ranking_best_score: 1233.7999999999997
ranking_my_rank: 12/504 (97.8%)
ranking_my_percent: 97.81746031746032
