ConfigName: kjsd__advperagentrankweighted__M3__L16__eps0p01__g0p001__ds0p2__dm0p1
Problem: QUBO
Kernel: jsd
Advantage: peragentrankweighted
M: 3
lambda: 16
epsilon_svgd: 0.01
gamma: 0.001
decay_start_ratio: 0.2
decay_min_factor: 0.1
bandwith_kernel: None
no_interact: False
avg_score: -3309.43994140625
median_score: -3309.5
std_score: 125.44882202148438
percentiles: 2%=-3586.10009765625, 5%=-3512.699951171875, 10%=-3482.10009765625, 25%=-3390.0, 50%=-3309.5, 75%=-3231.75, 90%=-3141.10009765625, 95%=-3121.39990234375, 98%=-3066.659912109375
ranking_best_algo: RLSOnePlusOne
ranking_best_score: 3316.5199999999995
ranking_my_rank: 2/504 (99.8%)
ranking_my_percent: 99.8015873015873
