ConfigName: kjsd__advperagentrankweighted__M3__L18__eps0p01__g0p001__ds0p1__dm0p1
Problem: QUBO
Kernel: jsd
Advantage: peragentrankweighted
M: 3
lambda: 18
epsilon_svgd: 0.01
gamma: 0.001
decay_start_ratio: 0.1
decay_min_factor: 0.1
bandwith_kernel: None
no_interact: False
avg_score: -438.6199951171875
median_score: -435.5
std_score: 27.632871627807617
percentiles: 2%=-485.17999267578125, 5%=-481.0, 10%=-475.0, 25%=-462.25, 50%=-435.5, 75%=-415.0, 90%=-402.0, 95%=-396.0, 98%=-387.9599914550781
ranking_best_algo: CMApara
ranking_best_score: 453.82
ranking_my_rank: 19/504 (96.4%)
ranking_my_percent: 96.42857142857143
