ConfigName: kjsd__advperagentrankweighted__M4__L12__eps0p01__g0p0003__ds0p4__dm0p05
Problem: QUBO
Kernel: jsd
Advantage: peragentrankweighted
M: 4
lambda: 12
epsilon_svgd: 0.01
gamma: 0.0003
decay_start_ratio: 0.4
decay_min_factor: 0.05
bandwith_kernel: None
no_interact: False
avg_score: -903.47998046875
median_score: -901.5
std_score: 60.66291427612305
percentiles: 2%=-1028.0799560546875, 5%=-1002.4000244140625, 10%=-990.0999755859375, 25%=-937.5, 50%=-901.5, 75%=-862.75, 90%=-821.5999755859375, 95%=-800.75, 98%=-792.9600219726562
ranking_best_algo: CMAL3
ranking_best_score: 928.5800000000002
ranking_my_rank: 66/504 (87.1%)
ranking_my_percent: 87.10317460317461
