ConfigName: krbf__advnormalizedfitness__M3__L12__eps0p015__g0p015__ds0p01__dm0p01
Problem: QUBO
Kernel: rbf
Advantage: normalizedfitness
M: 3
lambda: 12
epsilon_svgd: 0.015
gamma: 0.015
decay_start_ratio: 0.01
decay_min_factor: 0.01
bandwith_kernel: None
no_interact: False
avg_score: -139.74000549316406
median_score: -140.5
std_score: 10.486771583557129
percentiles: 2%=-160.02000427246094, 5%=-157.0500030517578, 10%=-154.10000610351562, 25%=-146.0, 50%=-140.5, 75%=-130.0, 90%=-125.9000015258789, 95%=-124.90000915527344, 98%=-122.95999145507812
ranking_best_algo: DiscreteDE
ranking_best_score: 143.4
ranking_my_rank: 83/504 (83.7%)
ranking_my_percent: 83.73015873015873
