ConfigName: kjsd__advperagentrankweighted__M4__L30__eps0p005__g0p0003__ds0p2__dm0p05
Problem: QUBO
Kernel: jsd
Advantage: peragentrankweighted
M: 4
lambda: 30
epsilon_svgd: 0.005
gamma: 0.0003
decay_start_ratio: 0.2
decay_min_factor: 0.05
bandwith_kernel: None
no_interact: False
avg_score: -1198.9000244140625
median_score: -1192.0
std_score: 63.5157470703125
percentiles: 2%=-1351.0400390625, 5%=-1341.0, 10%=-1273.0999755859375, 25%=-1233.5, 50%=-1192.0, 75%=-1156.75, 90%=-1123.9000244140625, 95%=-1098.699951171875, 98%=-1082.800048828125
ranking_best_algo: Tabu
ranking_best_score: 1216.16
ranking_my_rank: 44/504 (91.5%)
ranking_my_percent: 91.46825396825396
