ConfigName: krbf__advnormalizedfitness__M2__L8__eps0p015__g0p015__ds0p01__dm0p01
Problem: QUBO
Kernel: rbf
Advantage: normalizedfitness
M: 2
lambda: 8
epsilon_svgd: 0.015
gamma: 0.015
decay_start_ratio: 0.01
decay_min_factor: 0.01
bandwith_kernel: None
no_interact: False
avg_score: -417.55999755859375
median_score: -418.0
std_score: 25.328371047973633
percentiles: 2%=-461.239990234375, 5%=-459.0, 10%=-451.1000061035156, 25%=-433.25, 50%=-418.0, 75%=-403.5, 90%=-385.79998779296875, 95%=-373.79998779296875, 98%=-365.9599914550781
ranking_best_algo: Tabu
ranking_best_score: 438.12
ranking_my_rank: 40/504 (92.3%)
ranking_my_percent: 92.26190476190476
