ConfigName: kjsd__advperagentrankweighted__M4__L20__eps0p005__g0p0005__ds0p1__dm0p2
Problem: QUBO
Kernel: jsd
Advantage: peragentrankweighted
M: 4
lambda: 20
epsilon_svgd: 0.005
gamma: 0.0005
decay_start_ratio: 0.1
decay_min_factor: 0.2
bandwith_kernel: None
no_interact: False
avg_score: -139.5
median_score: -140.5
std_score: 10.74383544921875
percentiles: 2%=-157.02000427246094, 5%=-155.0500030517578, 10%=-153.0, 25%=-148.0, 50%=-140.5, 75%=-131.0, 90%=-125.0, 95%=-123.0, 98%=-116.9800033569336
ranking_best_algo: DiscreteDE
ranking_best_score: 143.4
ranking_my_rank: 85/504 (83.3%)
ranking_my_percent: 83.33333333333333
