ConfigName: kjsd__advperagentrankweighted__M3__L30__eps0p007__g0p0005__ds0p2__dm0p1
Problem: QUBO
Kernel: jsd
Advantage: peragentrankweighted
M: 3
lambda: 30
epsilon_svgd: 0.007
gamma: 0.0005
decay_start_ratio: 0.2
decay_min_factor: 0.1
bandwith_kernel: None
no_interact: False
avg_score: -1309.1800537109375
median_score: -1307.5
std_score: 62.461727142333984
percentiles: 2%=-1429.280029296875, 5%=-1414.449951171875, 10%=-1399.0, 25%=-1340.5, 50%=-1307.5, 75%=-1265.0, 90%=-1226.5999755859375, 95%=-1208.699951171875, 98%=-1190.1199951171875
ranking_best_algo: BigLognormalDiscreteOnePlusOne
ranking_best_score: 1301.3600000000004
ranking_my_rank: 1/504 (100.0%)
ranking_my_percent: 100.0
