ConfigName: krbf__advnormalizedfitness__M3__L10__eps0p015__g0p005__ds0p01__dm0p3
Problem: QUBO
Kernel: rbf
Advantage: normalizedfitness
M: 3
lambda: 10
epsilon_svgd: 0.015
gamma: 0.005
decay_start_ratio: 0.01
decay_min_factor: 0.3
bandwith_kernel: None
no_interact: False
avg_score: -1261.1800537109375
median_score: -1260.0
std_score: 70.67833709716797
percentiles: 2%=-1392.260009765625, 5%=-1381.0999755859375, 10%=-1355.699951171875, 25%=-1319.25, 50%=-1260.0, 75%=-1214.5, 90%=-1169.9000244140625, 95%=-1155.5, 98%=-1122.7999267578125
ranking_best_algo: BigLognormalDiscreteOnePlusOne
ranking_best_score: 1301.3600000000004
ranking_my_rank: 53/504 (89.7%)
ranking_my_percent: 89.68253968253968
