ConfigName: krbf__advnormalizedfitness__M3__L24__eps0p025__g0p005__ds0p05__dm0p05
Problem: NK
Kernel: rbf
Advantage: normalizedfitness
M: 3
lambda: 24
epsilon_svgd: 0.025
gamma: 0.005
decay_start_ratio: 0.05
decay_min_factor: 0.05
bandwith_kernel: None
no_interact: False
avg_score: 0.7447059750556946
median_score: 0.7421430945396423
std_score: 0.028323227539658546
percentiles: 2%=0.7055680751800537, 5%=0.7080325484275818, 10%=0.7097721695899963, 25%=0.7226437330245972, 50%=0.7421430945396423, 75%=0.7580187320709229, 90%=0.7783373594284058, 95%=0.8044298887252808, 98%=0.808133065700531
ranking_best_algo: CMApara
ranking_best_score: 0.7459277895312499
ranking_my_rank: 3/504 (99.6%)
ranking_my_percent: 99.60317460317461
