ConfigName: kjsd__advperagentrankweighted__M3__L30__eps0p005__g0p001__ds0p2__dm0p05
Problem: NK
Kernel: jsd
Advantage: peragentrankweighted
M: 3
lambda: 30
epsilon_svgd: 0.005
gamma: 0.001
decay_start_ratio: 0.2
decay_min_factor: 0.05
bandwith_kernel: None
no_interact: False
avg_score: 0.7110269069671631
median_score: 0.711310863494873
std_score: 0.015162044204771519
percentiles: 2%=0.6734570860862732, 5%=0.6739678382873535, 10%=0.6957703828811646, 25%=0.7089143991470337, 50%=0.711310863494873, 75%=0.7204930782318115, 90%=0.7256016731262207, 95%=0.7328590750694275, 98%=0.7333312630653381
ranking_best_algo: CMApara
ranking_best_score: 0.707475975
ranking_my_rank: 1/504 (100.0%)
ranking_my_percent: 100.0
