ConfigName: kjsd__advperagentrankweighted__M8__L24__eps0p005__g0p0005__ds0p05__dm0p05
Problem: QUBO
Kernel: jsd
Advantage: peragentrankweighted
M: 8
lambda: 24
epsilon_svgd: 0.005
gamma: 0.0005
decay_start_ratio: 0.05
decay_min_factor: 0.05
bandwith_kernel: None
no_interact: False
avg_score: -1223.02001953125
median_score: -1208.5
std_score: 112.5713119506836
percentiles: 2%=-1492.3800048828125, 5%=-1403.5999755859375, 10%=-1366.300048828125, 25%=-1288.0, 50%=-1208.5, 75%=-1156.75, 90%=-1073.0999755859375, 95%=-1050.800048828125, 98%=-1000.4400024414062
ranking_best_algo: NLOPT_LN_PRAXIS
ranking_best_score: 1607.12
ranking_my_rank: 223/504 (56.0%)
ranking_my_percent: 55.95238095238095
