ConfigName: krbf__advnormalizedfitness__M4__L15__eps0p033__g0p007__ds0p15__dm0p01
Problem: QUBO
Kernel: rbf
Advantage: normalizedfitness
M: 4
lambda: 15
epsilon_svgd: 0.033
gamma: 0.007
decay_start_ratio: 0.15
decay_min_factor: 0.01
bandwith_kernel: None
no_interact: False
avg_score: -438.5199890136719
median_score: -438.5
std_score: 28.834867477416992
percentiles: 2%=-490.0400085449219, 5%=-484.25, 10%=-473.0, 25%=-461.0, 50%=-438.5, 75%=-416.75, 90%=-404.0, 95%=-389.9000244140625, 98%=-377.8799743652344
ranking_best_algo: CMApara
ranking_best_score: 453.82
ranking_my_rank: 19/504 (96.4%)
ranking_my_percent: 96.42857142857143
