ConfigName: kfr__advglobalrankweighted__M3__L10__eps0p01__g0p005__ds0p01__dm0p01
Problem: QUBO
Kernel: fr
Advantage: globalrankweighted
M: 3
lambda: 10
epsilon_svgd: 0.01
gamma: 0.005
decay_start_ratio: 0.01
decay_min_factor: 0.01
bandwith_kernel: None
no_interact: False
avg_score: -421.82000732421875
median_score: -424.0
std_score: 30.05940055847168
percentiles: 2%=-477.0799865722656, 5%=-467.3999938964844, 10%=-458.1000061035156, 25%=-440.75, 50%=-424.0, 75%=-402.5, 90%=-382.79998779296875, 95%=-366.0, 98%=-359.75994873046875
ranking_best_algo: CMAL3
ranking_best_score: 435.36
ranking_my_rank: 47/504 (90.9%)
ranking_my_percent: 90.87301587301587
