ConfigName: krbf__advnormalizedfitness__M4__L10__eps0p033__g0p01__ds0p15__dm0p01
Problem: QUBO
Kernel: rbf
Advantage: normalizedfitness
M: 4
lambda: 10
epsilon_svgd: 0.033
gamma: 0.01
decay_start_ratio: 0.15
decay_min_factor: 0.01
bandwith_kernel: None
no_interact: False
avg_score: -1141.0400390625
median_score: -1135.0
std_score: 83.44638061523438
percentiles: 2%=-1341.3399658203125, 5%=-1301.4000244140625, 10%=-1249.9000244140625, 25%=-1185.25, 50%=-1135.0, 75%=-1083.75, 90%=-1045.5999755859375, 95%=-1020.7000122070312, 98%=-1002.8800048828125
ranking_best_algo: SVMMetaModelLogNormal
ranking_best_score: 1233.7999999999997
ranking_my_rank: 95/504 (81.3%)
ranking_my_percent: 81.34920634920636
