ConfigName: krbf__advnormalizedfitness__M4__L15__eps0p025__g0p005__ds0p3__dm0p3
Problem: QUBO
Kernel: rbf
Advantage: normalizedfitness
M: 4
lambda: 15
epsilon_svgd: 0.025
gamma: 0.005
decay_start_ratio: 0.3
decay_min_factor: 0.3
bandwith_kernel: None
no_interact: False
avg_score: -334.8599853515625
median_score: -339.0
std_score: 20.983335494995117
percentiles: 2%=-372.0, 5%=-372.0, 10%=-361.0, 25%=-350.0, 50%=-339.0, 75%=-322.0, 90%=-308.0, 95%=-294.0, 98%=-286.0
ranking_best_algo: CMApara
ranking_best_score: 344.22
ranking_my_rank: 59/504 (88.5%)
ranking_my_percent: 88.4920634920635
