ConfigName: kjsd__advperagentrankweighted__M5__L10__eps0p01__g0p0007__ds0p4__dm0p05
Problem: QUBO
Kernel: jsd
Advantage: peragentrankweighted
M: 5
lambda: 10
epsilon_svgd: 0.01
gamma: 0.0007
decay_start_ratio: 0.4
decay_min_factor: 0.05
bandwith_kernel: None
no_interact: False
avg_score: -1198.9200439453125
median_score: -1199.0
std_score: 60.08039093017578
percentiles: 2%=-1317.760009765625, 5%=-1299.4000244140625, 10%=-1279.199951171875, 25%=-1239.75, 50%=-1199.0, 75%=-1152.0, 90%=-1112.0, 95%=-1107.9000244140625, 98%=-1100.8599853515625
ranking_best_algo: Tabu
ranking_best_score: 1216.16
ranking_my_rank: 44/504 (91.5%)
ranking_my_percent: 91.46825396825396
