ConfigName: kjsd__advperagentrankweighted__M4__L12__eps0p01__g0p0005__ds0p4__dm0p05
Problem: NK
Kernel: jsd
Advantage: peragentrankweighted
M: 4
lambda: 12
epsilon_svgd: 0.01
gamma: 0.0005
decay_start_ratio: 0.4
decay_min_factor: 0.05
bandwith_kernel: None
no_interact: False
avg_score: 0.7415653467178345
median_score: 0.7406289577484131
std_score: 0.02898847684264183
percentiles: 2%=0.6924306750297546, 5%=0.6985778212547302, 10%=0.7095208764076233, 25%=0.7200320363044739, 50%=0.7406289577484131, 75%=0.7580187320709229, 90%=0.7701729536056519, 95%=0.8044298887252808, 98%=0.8118547797203064
ranking_best_algo: CMApara
ranking_best_score: 0.7459277895312499
ranking_my_rank: 26/504 (95.0%)
ranking_my_percent: 95.03968253968254
