ConfigName: krbf__advnormalizedfitness__M3__L10__eps0p025__g0p005__ds0p3__dm0p3
Problem: QUBO
Kernel: rbf
Advantage: normalizedfitness
M: 3
lambda: 10
epsilon_svgd: 0.025
gamma: 0.005
decay_start_ratio: 0.3
decay_min_factor: 0.3
bandwith_kernel: None
no_interact: False
avg_score: -930.1599731445312
median_score: -928.0
std_score: 65.6036148071289
percentiles: 2%=-1050.239990234375, 5%=-1045.050048828125, 10%=-1029.199951171875, 25%=-976.0, 50%=-928.0, 75%=-877.0, 90%=-848.7999877929688, 95%=-822.800048828125, 98%=-800.9199829101562
ranking_best_algo: CMApara
ranking_best_score: 964.9
ranking_my_rank: 19/504 (96.4%)
ranking_my_percent: 96.42857142857143
