ConfigName: krbf__advnormalizedfitness__M4__L15__eps0p033__g0p015__ds0p15__dm0p3
Problem: QUBO
Kernel: rbf
Advantage: normalizedfitness
M: 4
lambda: 15
epsilon_svgd: 0.033
gamma: 0.015
decay_start_ratio: 0.15
decay_min_factor: 0.3
bandwith_kernel: None
no_interact: False
avg_score: -710.02001953125
median_score: -699.0
std_score: 83.3638916015625
percentiles: 2%=-894.02001953125, 5%=-870.7999877929688, 10%=-813.7000122070312, 25%=-779.5, 50%=-699.0, 75%=-651.0, 90%=-615.5, 95%=-598.6500244140625, 98%=-578.7999267578125
ranking_best_algo: CMApara
ranking_best_score: 964.9
ranking_my_rank: 331/504 (34.5%)
ranking_my_percent: 34.523809523809526
