ConfigName: krbf__advnormalizedfitness__M1__L8__eps0p015__g0p007__ds0p3__dm0p01
Problem: QUBO
Kernel: rbf
Advantage: normalizedfitness
M: 1
lambda: 8
epsilon_svgd: 0.015
gamma: 0.007
decay_start_ratio: 0.3
decay_min_factor: 0.01
bandwith_kernel: None
no_interact: False
avg_score: -1173.43994140625
median_score: -1169.0
std_score: 68.08455657958984
percentiles: 2%=-1327.0400390625, 5%=-1289.0, 10%=-1263.5999755859375, 25%=-1220.25, 50%=-1169.0, 75%=-1127.0, 90%=-1097.800048828125, 95%=-1077.6500244140625, 98%=-1050.5799560546875
ranking_best_algo: Tabu
ranking_best_score: 1216.16
ranking_my_rank: 85/504 (83.3%)
ranking_my_percent: 83.33333333333333
