ConfigName: krbf__advnormalizedfitness__M5__L10__eps0p025__g0p005__ds0p05__dm0p05
Problem: QUBO
Kernel: rbf
Advantage: normalizedfitness
M: 5
lambda: 10
epsilon_svgd: 0.025
gamma: 0.005
decay_start_ratio: 0.05
decay_min_factor: 0.05
bandwith_kernel: None
no_interact: False
avg_score: -334.3599853515625
median_score: -334.5
std_score: 19.62626838684082
percentiles: 2%=-372.0, 5%=-370.1000061035156, 10%=-357.0, 25%=-349.25, 50%=-334.5, 75%=-324.0, 90%=-311.6000061035156, 95%=-297.8999938964844, 98%=-289.9200134277344
ranking_best_algo: CMApara
ranking_best_score: 344.22
ranking_my_rank: 62/504 (87.9%)
ranking_my_percent: 87.89682539682539
