ConfigName: kfr__advglobalrankweighted__M2__L7__eps0p015__g0p007__ds0p01__dm0p01
Problem: NK
Kernel: fr
Advantage: globalrankweighted
M: 2
lambda: 7
epsilon_svgd: 0.015
gamma: 0.007
decay_start_ratio: 0.01
decay_min_factor: 0.01
bandwith_kernel: None
no_interact: False
avg_score: 0.7109435200691223
median_score: 0.6987258791923523
std_score: 0.0317985974252224
percentiles: 2%=0.6731150150299072, 5%=0.6735832691192627, 10%=0.6758079528808594, 25%=0.6818537712097168, 50%=0.6987258791923523, 75%=0.7474179267883301, 90%=0.7525893449783325, 95%=0.7613165378570557, 98%=0.7613165378570557
ranking_best_algo: CMApara
ranking_best_score: 0.7118996098437498
ranking_my_rank: 8/504 (98.6%)
ranking_my_percent: 98.61111111111111
