ConfigName: kjsd__advperagentrankweighted__M3__L20__eps0p005__g0p0005__ds0p05__dm0p05
Problem: QUBO
Kernel: jsd
Advantage: peragentrankweighted
M: 3
lambda: 20
epsilon_svgd: 0.005
gamma: 0.0005
decay_start_ratio: 0.05
decay_min_factor: 0.05
bandwith_kernel: None
no_interact: False
avg_score: -579.6400146484375
median_score: -574.0
std_score: 28.726823806762695
percentiles: 2%=-635.0, 5%=-630.0499877929688, 10%=-623.2000122070312, 25%=-600.0, 50%=-574.0, 75%=-559.0, 90%=-543.9000244140625, 95%=-533.75, 98%=-525.9400024414062
ranking_best_algo: Tabu
ranking_best_score: 588.7199999999999
ranking_my_rank: 40/503 (92.2%)
ranking_my_percent: 92.2465208747515
