ConfigName: kjsd__advperagentrankweighted__M4__L8__eps0p005__g0p0005__ds0p05__dm0p2
Problem: QUBO
Kernel: jsd
Advantage: peragentrankweighted
M: 4
lambda: 8
epsilon_svgd: 0.005
gamma: 0.0005
decay_start_ratio: 0.05
decay_min_factor: 0.2
bandwith_kernel: None
no_interact: False
avg_score: -914.8599853515625
median_score: -910.5
std_score: 59.571475982666016
percentiles: 2%=-1032.199951171875, 5%=-1022.2000122070312, 10%=-993.2000122070312, 25%=-959.75, 50%=-910.5, 75%=-872.0, 90%=-838.9000244140625, 95%=-828.8499755859375, 98%=-816.9400024414062
ranking_best_algo: CMAL3
ranking_best_score: 928.5800000000002
ranking_my_rank: 17/504 (96.8%)
ranking_my_percent: 96.82539682539682
