ConfigName: kjsd__advperagentrankweighted__M3__L20__eps0p007__g0p003__ds0p2__dm0p2
Problem: QUBO
Kernel: jsd
Advantage: peragentrankweighted
M: 3
lambda: 20
epsilon_svgd: 0.007
gamma: 0.003
decay_start_ratio: 0.2
decay_min_factor: 0.2
bandwith_kernel: None
no_interact: False
avg_score: -1130.9000244140625
median_score: -1130.5
std_score: 68.50350189208984
percentiles: 2%=-1267.0799560546875, 5%=-1241.1500244140625, 10%=-1225.199951171875, 25%=-1177.5, 50%=-1130.5, 75%=-1090.0, 90%=-1037.4000244140625, 95%=-1007.0, 98%=-987.9600219726562
ranking_best_algo: Tabu
ranking_best_score: 1216.16
ranking_my_rank: 156/504 (69.2%)
ranking_my_percent: 69.24603174603175
