ConfigName: krbf__advnormalizedfitness__M3__L15__eps0p03__g0p005__ds0p05__dm0p05
Problem: QUBO
Kernel: rbf
Advantage: normalizedfitness
M: 3
lambda: 15
epsilon_svgd: 0.03
gamma: 0.005
decay_start_ratio: 0.05
decay_min_factor: 0.05
bandwith_kernel: None
no_interact: False
avg_score: -428.32000732421875
median_score: -429.5
std_score: 27.460107803344727
percentiles: 2%=-479.0400085449219, 5%=-471.1000061035156, 10%=-463.1000061035156, 25%=-447.25, 50%=-429.5, 75%=-410.0, 90%=-395.0, 95%=-386.6499938964844, 98%=-367.9599914550781
ranking_best_algo: CMAL3
ranking_best_score: 435.36
ranking_my_rank: 15/504 (97.2%)
ranking_my_percent: 97.22222222222223
