ConfigName: krbf__advnormalizedfitness__M3__L15__eps0p025__g0p01__ds0p15__dm0p01
Problem: QUBO
Kernel: rbf
Advantage: normalizedfitness
M: 3
lambda: 15
epsilon_svgd: 0.025
gamma: 0.01
decay_start_ratio: 0.15
decay_min_factor: 0.01
bandwith_kernel: None
no_interact: False
avg_score: -569.97998046875
median_score: -568.0
std_score: 29.810726165771484
percentiles: 2%=-637.0399780273438, 5%=-635.0, 10%=-608.0999755859375, 25%=-583.25, 50%=-568.0, 75%=-549.0, 90%=-542.5999755859375, 95%=-531.5000610351562, 98%=-516.5999145507812
ranking_best_algo: Tabu
ranking_best_score: 588.7199999999999
ranking_my_rank: 71/503 (86.1%)
ranking_my_percent: 86.08349900596421
