ConfigName: krbf__advnormalizedfitness__M4__L10__eps0p033__g0p015__ds0p15__dm0p01
Problem: QUBO
Kernel: rbf
Advantage: normalizedfitness
M: 4
lambda: 10
epsilon_svgd: 0.033
gamma: 0.015
decay_start_ratio: 0.15
decay_min_factor: 0.01
bandwith_kernel: None
no_interact: False
avg_score: -2176.179931640625
median_score: -2164.5
std_score: 181.647705078125
percentiles: 2%=-2497.139892578125, 5%=-2488.0, 10%=-2443.39990234375, 25%=-2322.5, 50%=-2164.5, 75%=-2042.0, 90%=-1937.5, 95%=-1893.75, 98%=-1868.7998046875
ranking_best_algo: SVM1MetaModelLogNormal
ranking_best_score: 2605.14
ranking_my_rank: 195/504 (61.5%)
ranking_my_percent: 61.507936507936506
