ConfigName: krbf__advnormalizedfitness__M4__L15__eps0p015__g0p01__ds0p3__dm0p3
Problem: QUBO
Kernel: rbf
Advantage: normalizedfitness
M: 4
lambda: 15
epsilon_svgd: 0.015
gamma: 0.01
decay_start_ratio: 0.3
decay_min_factor: 0.3
bandwith_kernel: None
no_interact: False
avg_score: -481.29998779296875
median_score: -474.0
std_score: 42.27256774902344
percentiles: 2%=-575.0800170898438, 5%=-560.0999755859375, 10%=-537.0999755859375, 25%=-505.0, 50%=-474.0, 75%=-449.25, 90%=-436.0, 95%=-426.8500061035156, 98%=-406.8799743652344
ranking_best_algo: BigLognormalDiscreteOnePlusOne
ranking_best_score: 1301.3600000000004
ranking_my_rank: 395/504 (21.8%)
ranking_my_percent: 21.825396825396826
