ConfigName: kjsd__advperagentrankweighted__M5__L10__eps0p01__g0p0005__ds0p4__dm0p2
Problem: NK
Kernel: jsd
Advantage: peragentrankweighted
M: 5
lambda: 10
epsilon_svgd: 0.01
gamma: 0.0005
decay_start_ratio: 0.4
decay_min_factor: 0.2
bandwith_kernel: None
no_interact: False
avg_score: 0.7435329556465149
median_score: 0.7399160265922546
std_score: 0.029018264263868332
percentiles: 2%=0.6997402906417847, 5%=0.7010120153427124, 10%=0.7103676199913025, 25%=0.7215774059295654, 50%=0.7399160265922546, 75%=0.7622005939483643, 90%=0.7783373594284058, 95%=0.8044298887252808, 98%=0.8118547797203064
ranking_best_algo: CMApara
ranking_best_score: 0.7459277895312499
ranking_my_rank: 8/504 (98.6%)
ranking_my_percent: 98.61111111111111
