ConfigName: krbf__advnormalizedfitness__M4__L8__eps0p02__g0p005__ds0p15__dm0p05
Problem: QUBO
Kernel: rbf
Advantage: normalizedfitness
M: 4
lambda: 8
epsilon_svgd: 0.02
gamma: 0.005
decay_start_ratio: 0.15
decay_min_factor: 0.05
bandwith_kernel: None
no_interact: False
avg_score: -2516.199951171875
median_score: -2524.0
std_score: 139.6704559326172
percentiles: 2%=-2797.02001953125, 5%=-2731.550048828125, 10%=-2699.10009765625, 25%=-2608.25, 50%=-2524.0, 75%=-2418.75, 90%=-2345.89990234375, 95%=-2246.0, 98%=-2224.0
ranking_best_algo: DiscreteLengler2OnePlusOne
ranking_best_score: 2617.04
ranking_my_rank: 64/504 (87.5%)
ranking_my_percent: 87.5
