ConfigName: kjsd__advperagentrankweighted__M5__L24__eps0p02__g0p0007__ds0p2__dm0p05
Problem: QUBO
Kernel: jsd
Advantage: peragentrankweighted
M: 5
lambda: 24
epsilon_svgd: 0.02
gamma: 0.0007
decay_start_ratio: 0.2
decay_min_factor: 0.05
bandwith_kernel: None
no_interact: False
avg_score: -201.0800018310547
median_score: -203.0
std_score: 12.046310424804688
percentiles: 2%=-224.0, 5%=-222.0, 10%=-219.0, 25%=-209.0, 50%=-203.0, 75%=-191.0, 90%=-185.0, 95%=-179.9499969482422, 98%=-177.9600067138672
ranking_best_algo: Tabu
ranking_best_score: 208.36000000000004
ranking_my_rank: 42/504 (91.9%)
ranking_my_percent: 91.86507936507937
