ConfigName: kjsd__advperagentrankweighted__M3__L30__eps0p007__g0p001__ds0p05__dm0p05
Problem: QUBO
Kernel: jsd
Advantage: peragentrankweighted
M: 3
lambda: 30
epsilon_svgd: 0.007
gamma: 0.001
decay_start_ratio: 0.05
decay_min_factor: 0.05
bandwith_kernel: None
no_interact: False
avg_score: -201.02000427246094
median_score: -202.0
std_score: 13.967089653015137
percentiles: 2%=-224.0, 5%=-224.0, 10%=-222.0, 25%=-211.0, 50%=-202.0, 75%=-190.0, 90%=-182.8000030517578, 95%=-178.9499969482422, 98%=-175.94000244140625
ranking_best_algo: Tabu
ranking_best_score: 208.36000000000004
ranking_my_rank: 43/504 (91.7%)
ranking_my_percent: 91.66666666666667
