ConfigName: krbf__advnormalizedfitness__M4__L10__eps0p033__g0p015__ds0p3__dm0p3
Problem: QUBO
Kernel: rbf
Advantage: normalizedfitness
M: 4
lambda: 10
epsilon_svgd: 0.033
gamma: 0.015
decay_start_ratio: 0.3
decay_min_factor: 0.3
bandwith_kernel: None
no_interact: False
avg_score: -1714.4200439453125
median_score: -1694.5
std_score: 150.5905303955078
percentiles: 2%=-2024.239990234375, 5%=-1986.75, 10%=-1930.800048828125, 25%=-1822.0, 50%=-1694.5, 75%=-1595.75, 90%=-1520.4000244140625, 95%=-1493.60009765625, 98%=-1475.5399169921875
ranking_best_algo: SVM1MetaModelLogNormal
ranking_best_score: 2605.14
ranking_my_rank: 322/504 (36.3%)
ranking_my_percent: 36.30952380952381
