ConfigName: krbf__advnormalizedfitness__M3__L10__eps0p033__g0p01__ds0p15__dm0p01
Problem: NK
Kernel: rbf
Advantage: normalizedfitness
M: 3
lambda: 10
epsilon_svgd: 0.033
gamma: 0.01
decay_start_ratio: 0.15
decay_min_factor: 0.01
bandwith_kernel: None
no_interact: False
avg_score: 0.7575588226318359
median_score: 0.7583029866218567
std_score: 0.012607772834599018
percentiles: 2%=0.7314632534980774, 5%=0.7353367209434509, 10%=0.7410029172897339, 25%=0.7484831809997559, 50%=0.7583029866218567, 75%=0.765673041343689, 90%=0.7736731171607971, 95%=0.7788562178611755, 98%=0.7813564538955688
ranking_best_algo: Tabu
ranking_best_score: 0.7470791764843752
ranking_my_rank: 1/504 (100.0%)
ranking_my_percent: 100.0
