ConfigName: kjsd__advperagentrankweighted__M3__L30__eps0p005__g0p001__ds0p05__dm0p1
Problem: NK
Kernel: jsd
Advantage: peragentrankweighted
M: 3
lambda: 30
epsilon_svgd: 0.005
gamma: 0.001
decay_start_ratio: 0.05
decay_min_factor: 0.1
bandwith_kernel: None
no_interact: False
avg_score: 0.7107276916503906
median_score: 0.7119662761688232
std_score: 0.015249854885041714
percentiles: 2%=0.6724100708961487, 5%=0.6737491488456726, 10%=0.6962411403656006, 25%=0.7071120738983154, 50%=0.7119662761688232, 75%=0.7204930782318115, 90%=0.725490927696228, 95%=0.7329304814338684, 98%=0.7333613634109497
ranking_best_algo: CMApara
ranking_best_score: 0.707475975
ranking_my_rank: 1/504 (100.0%)
ranking_my_percent: 100.0
