ConfigName: kjsd__advperagentrankweighted__M6__L10__eps0p02__g0p0007__ds0p2__dm0p05
Problem: NK
Kernel: jsd
Advantage: peragentrankweighted
M: 6
lambda: 10
epsilon_svgd: 0.02
gamma: 0.0007
decay_start_ratio: 0.2
decay_min_factor: 0.05
bandwith_kernel: None
no_interact: False
avg_score: 0.7065198421478271
median_score: 0.7086760997772217
std_score: 0.011853910982608795
percentiles: 2%=0.6851649284362793, 5%=0.6873146295547485, 10%=0.6906225681304932, 25%=0.6956613659858704, 50%=0.7086760997772217, 75%=0.71657395362854, 90%=0.7208400368690491, 95%=0.7225914597511292, 98%=0.7233991622924805
ranking_best_algo: PBIL
ranking_best_score: 0.7013553837109374
ranking_my_rank: 1/504 (100.0%)
ranking_my_percent: 100.0
