ConfigName: krbf__advnormalizedfitness__M1__L10__eps0p015__g0p005__ds0p15__dm0p3
Problem: QUBO
Kernel: rbf
Advantage: normalizedfitness
M: 1
lambda: 10
epsilon_svgd: 0.015
gamma: 0.005
decay_start_ratio: 0.15
decay_min_factor: 0.3
bandwith_kernel: None
no_interact: False
avg_score: -2548.06005859375
median_score: -2540.0
std_score: 129.1690216064453
percentiles: 2%=-2788.340087890625, 5%=-2757.0, 10%=-2726.199951171875, 25%=-2637.0, 50%=-2540.0, 75%=-2453.0, 90%=-2384.699951171875, 95%=-2360.650146484375, 98%=-2301.119873046875
ranking_best_algo: SVM1MetaModelLogNormal
ranking_best_score: 2605.14
ranking_my_rank: 42/504 (91.9%)
ranking_my_percent: 91.86507936507937
