ConfigName: krbf__advnormalizedfitness__M4__L8__eps0p033__g0p015__ds0p15__dm0p3
Problem: QUBO
Kernel: rbf
Advantage: normalizedfitness
M: 4
lambda: 8
epsilon_svgd: 0.033
gamma: 0.015
decay_start_ratio: 0.15
decay_min_factor: 0.3
bandwith_kernel: None
no_interact: False
avg_score: -413.8599853515625
median_score: -417.0
std_score: 25.728979110717773
percentiles: 2%=-461.0799865722656, 5%=-452.0, 10%=-447.0, 25%=-430.0, 50%=-417.0, 75%=-395.5, 90%=-380.0, 95%=-364.0, 98%=-361.8399658203125
ranking_best_algo: Tabu
ranking_best_score: 438.12
ranking_my_rank: 57/504 (88.9%)
ranking_my_percent: 88.88888888888889
