ConfigName: kjsd__advperagentrankweighted__M5__L24__eps0p007__g0p0005__ds0p05__dm0p05
Problem: QUBO
Kernel: jsd
Advantage: peragentrankweighted
M: 5
lambda: 24
epsilon_svgd: 0.007
gamma: 0.0005
decay_start_ratio: 0.05
decay_min_factor: 0.05
bandwith_kernel: None
no_interact: False
avg_score: -3243.199951171875
median_score: -3247.5
std_score: 126.97889709472656
percentiles: 2%=-3472.760009765625, 5%=-3462.39990234375, 10%=-3412.699951171875, 25%=-3331.25, 50%=-3247.5, 75%=-3153.0, 90%=-3111.89990234375, 95%=-3042.0, 98%=-2953.43994140625
ranking_best_algo: RLSOnePlusOne
ranking_best_score: 3316.5199999999995
ranking_my_rank: 42/504 (91.9%)
ranking_my_percent: 91.86507936507937
