ConfigName: krbf__advnormalizedfitness__M4__L15__eps0p025__g0p015__ds0p3__dm0p3
Problem: QUBO
Kernel: rbf
Advantage: normalizedfitness
M: 4
lambda: 15
epsilon_svgd: 0.025
gamma: 0.015
decay_start_ratio: 0.3
decay_min_factor: 0.3
bandwith_kernel: None
no_interact: False
avg_score: -508.6000061035156
median_score: -501.0
std_score: 52.6374397277832
percentiles: 2%=-621.280029296875, 5%=-605.2999877929688, 10%=-579.0999755859375, 25%=-545.25, 50%=-501.0, 75%=-469.0, 90%=-447.0, 95%=-434.8500061035156, 98%=-424.94000244140625
ranking_best_algo: Tabu
ranking_best_score: 1216.16
ranking_my_rank: 393/504 (22.2%)
ranking_my_percent: 22.22222222222222
