ConfigName: krbf__advnormalizedfitness__M4__L15__eps0p033__g0p01__ds0p01__dm0p01
Problem: NK
Kernel: rbf
Advantage: normalizedfitness
M: 4
lambda: 15
epsilon_svgd: 0.033
gamma: 0.01
decay_start_ratio: 0.01
decay_min_factor: 0.01
bandwith_kernel: None
no_interact: False
avg_score: 0.745510458946228
median_score: 0.7423140406608582
std_score: 0.02839631214737892
percentiles: 2%=0.7024694681167603, 5%=0.7069661617279053, 10%=0.7105475068092346, 25%=0.7216469049453735, 50%=0.7423140406608582, 75%=0.7580187320709229, 90%=0.778337299823761, 95%=0.8047558069229126, 98%=0.8118547797203064
ranking_best_algo: CMApara
ranking_best_score: 0.7459277895312499
ranking_my_rank: 2/504 (99.8%)
ranking_my_percent: 99.8015873015873
