ConfigName: kfr__advglobalrankweighted__M4__L5__eps0p01__g0p001__ds0p01__dm0p01
Problem: QUBO
Kernel: fr
Advantage: globalrankweighted
M: 4
lambda: 5
epsilon_svgd: 0.01
gamma: 0.001
decay_start_ratio: 0.01
decay_min_factor: 0.01
bandwith_kernel: None
no_interact: False
avg_score: -306.8800048828125
median_score: -306.0
std_score: 38.707950592041016
percentiles: 2%=-390.0400085449219, 5%=-380.1000061035156, 10%=-351.0, 25%=-334.5, 50%=-306.0, 75%=-271.5, 90%=-261.79998779296875, 95%=-256.95001220703125, 98%=-255.9199981689453
ranking_best_algo: CMApara
ranking_best_score: 319.29999999999995
ranking_my_rank: 110/504 (78.4%)
ranking_my_percent: 78.37301587301587
