ConfigName: krbf__advnormalizedfitness__M3__L12__eps0p025__g0p015__ds0p15__dm0p01
Problem: QUBO
Kernel: rbf
Advantage: normalizedfitness
M: 3
lambda: 12
epsilon_svgd: 0.025
gamma: 0.015
decay_start_ratio: 0.15
decay_min_factor: 0.01
bandwith_kernel: None
no_interact: False
avg_score: -1437.8199462890625
median_score: -1430.0
std_score: 114.94705963134766
percentiles: 2%=-1653.3599853515625, 5%=-1609.5, 10%=-1575.199951171875, 25%=-1535.0, 50%=-1430.0, 75%=-1359.0, 90%=-1291.5, 95%=-1250.550048828125, 98%=-1218.9599609375
ranking_best_algo: NLOPT_LN_PRAXIS
ranking_best_score: 1607.12
ranking_my_rank: 91/504 (82.1%)
ranking_my_percent: 82.14285714285714
