ConfigName: krbf__advglobalrankweighted__M4__L9__eps0p015__g0p007__ds0p01__dm0p01
Problem: QUBO
Kernel: rbf
Advantage: globalrankweighted
M: 4
lambda: 9
epsilon_svgd: 0.015
gamma: 0.007
decay_start_ratio: 0.01
decay_min_factor: 0.01
bandwith_kernel: None
no_interact: False
avg_score: -2539.780029296875
median_score: -2524.5
std_score: 161.25294494628906
percentiles: 2%=-2899.080078125, 5%=-2800.75, 10%=-2759.39990234375, 25%=-2654.5, 50%=-2524.5, 75%=-2433.0, 90%=-2323.800048828125, 95%=-2303.5, 98%=-2260.739990234375
ranking_best_algo: DiscreteLengler2OnePlusOne
ranking_best_score: 2617.04
ranking_my_rank: 56/504 (89.1%)
ranking_my_percent: 89.08730158730158
