ConfigName: kfr__advglobalrankweighted__M2__L9__eps0p015__g0p007__ds0p01__dm0p01
Problem: QUBO
Kernel: fr
Advantage: globalrankweighted
M: 2
lambda: 9
epsilon_svgd: 0.015
gamma: 0.007
decay_start_ratio: 0.01
decay_min_factor: 0.01
bandwith_kernel: None
no_interact: False
avg_score: -322.6600036621094
median_score: -326.0
std_score: 26.665416717529297
percentiles: 2%=-372.0, 5%=-357.0, 10%=-354.0, 25%=-342.0, 50%=-326.0, 75%=-302.25, 90%=-290.0, 95%=-273.9000244140625, 98%=-261.9599914550781
ranking_best_algo: CMApara
ranking_best_score: 344.22
ranking_my_rank: 140/504 (72.4%)
ranking_my_percent: 72.42063492063492
