ConfigName: kjsd__advperagentrankweighted__M4__L30__eps0p005__g0p0007__ds0p2__dm0p05
Problem: QUBO
Kernel: jsd
Advantage: peragentrankweighted
M: 4
lambda: 30
epsilon_svgd: 0.005
gamma: 0.0007
decay_start_ratio: 0.2
decay_min_factor: 0.05
bandwith_kernel: None
no_interact: False
avg_score: -420.760009765625
median_score: -421.5
std_score: 25.639467239379883
percentiles: 2%=-473.0400085449219, 5%=-469.1000061035156, 10%=-454.29998779296875, 25%=-436.0, 50%=-421.5, 75%=-403.5, 90%=-386.8999938964844, 95%=-382.0, 98%=-372.0
ranking_best_algo: Tabu
ranking_best_score: 438.12
ranking_my_rank: 23/504 (95.6%)
ranking_my_percent: 95.63492063492063
