ConfigName: kjsd__advperagentrankweighted__M10__L28__eps0p005__g0p0005__ds0p05__dm0p05
Problem: QUBO
Kernel: jsd
Advantage: peragentrankweighted
M: 10
lambda: 28
epsilon_svgd: 0.005
gamma: 0.0005
decay_start_ratio: 0.05
decay_min_factor: 0.05
bandwith_kernel: None
no_interact: False
avg_score: -408.4200134277344
median_score: -403.5
std_score: 48.45104217529297
percentiles: 2%=-510.0400085449219, 5%=-486.3999938964844, 10%=-472.1000061035156, 25%=-441.5, 50%=-403.5, 75%=-371.75, 90%=-348.8999938964844, 95%=-342.75, 98%=-328.0
ranking_best_algo: Tabu
ranking_best_score: 588.7199999999999
ranking_my_rank: 327/503 (35.2%)
ranking_my_percent: 35.188866799204774
