ConfigName: krbf__advnormalizedfitness__M4__L10__eps0p015__g0p005__ds0p01__dm0p01
Problem: NK
Kernel: rbf
Advantage: normalizedfitness
M: 4
lambda: 10
epsilon_svgd: 0.015
gamma: 0.005
decay_start_ratio: 0.01
decay_min_factor: 0.01
bandwith_kernel: None
no_interact: False
avg_score: 0.711051881313324
median_score: 0.7118791341781616
std_score: 0.015552309341728687
percentiles: 2%=0.6702390313148499, 5%=0.6718428134918213, 10%=0.6973268985748291, 25%=0.7094957828521729, 50%=0.7118791341781616, 75%=0.7195111513137817, 90%=0.7255808711051941, 95%=0.733190655708313, 98%=0.7332595586776733
ranking_best_algo: CMApara
ranking_best_score: 0.707475975
ranking_my_rank: 1/504 (100.0%)
ranking_my_percent: 100.0
