ConfigName: kfr__advglobalrankweighted__M1__L7__eps0p015__g0p005__ds0p01__dm0p01
Problem: QUBO
Kernel: fr
Advantage: globalrankweighted
M: 1
lambda: 7
epsilon_svgd: 0.015
gamma: 0.005
decay_start_ratio: 0.01
decay_min_factor: 0.01
bandwith_kernel: None
no_interact: False
avg_score: -294.3999938964844
median_score: -289.5
std_score: 38.327537536621094
percentiles: 2%=-378.0400085449219, 5%=-372.0, 10%=-348.0, 25%=-320.0, 50%=-289.5, 75%=-262.75, 90%=-247.89999389648438, 95%=-243.95001220703125, 98%=-236.0
ranking_best_algo: CMApara
ranking_best_score: 319.29999999999995
ranking_my_rank: 262/504 (48.2%)
ranking_my_percent: 48.214285714285715
