ConfigName: kjsd__advperagentrankweighted__M5__L10__eps0p005__g0p003__ds0p4__dm0p2
Problem: NK
Kernel: jsd
Advantage: peragentrankweighted
M: 5
lambda: 10
epsilon_svgd: 0.005
gamma: 0.003
decay_start_ratio: 0.4
decay_min_factor: 0.2
bandwith_kernel: None
no_interact: False
avg_score: 0.603415846824646
median_score: 0.6024265885353088
std_score: 0.007669151294976473
percentiles: 2%=0.5920650362968445, 5%=0.5928635001182556, 10%=0.5949938893318176, 25%=0.5979512929916382, 50%=0.6024265885353088, 75%=0.6085301637649536, 90%=0.6137067675590515, 95%=0.618665337562561, 98%=0.6205048561096191
ranking_best_algo: Tabu
ranking_best_score: 0.7429702712499999
ranking_my_rank: 391/504 (22.6%)
ranking_my_percent: 22.61904761904762
