ConfigName: krbf__advnormalizedfitness__M2__L8__eps0p025__g0p005__ds0p3__dm0p3
Problem: QUBO
Kernel: rbf
Advantage: normalizedfitness
M: 2
lambda: 8
epsilon_svgd: 0.025
gamma: 0.005
decay_start_ratio: 0.3
decay_min_factor: 0.3
bandwith_kernel: None
no_interact: False
avg_score: -2547.280029296875
median_score: -2537.5
std_score: 119.3988265991211
percentiles: 2%=-2790.340087890625, 5%=-2748.89990234375, 10%=-2711.0, 25%=-2626.5, 50%=-2537.5, 75%=-2463.75, 90%=-2405.5, 95%=-2359.60009765625, 98%=-2315.760009765625
ranking_best_algo: SVM1MetaModelLogNormal
ranking_best_score: 2605.14
ranking_my_rank: 42/504 (91.9%)
ranking_my_percent: 91.86507936507937
