ConfigName: kfr__advglobalrankweighted__M4__L5__eps0p01__g0p005__ds0p01__dm0p01
Problem: QUBO
Kernel: fr
Advantage: globalrankweighted
M: 4
lambda: 5
epsilon_svgd: 0.01
gamma: 0.005
decay_start_ratio: 0.01
decay_min_factor: 0.01
bandwith_kernel: None
no_interact: False
avg_score: -2484.179931640625
median_score: -2483.5
std_score: 132.7857208251953
percentiles: 2%=-2756.419921875, 5%=-2702.5, 10%=-2675.60009765625, 25%=-2575.0, 50%=-2483.5, 75%=-2387.0, 90%=-2310.89990234375, 95%=-2288.800048828125, 98%=-2246.860107421875
ranking_best_algo: SVM1MetaModelLogNormal
ranking_best_score: 2605.14
ranking_my_rank: 71/504 (86.1%)
ranking_my_percent: 86.11111111111111
