ConfigName: kjsd__advperagentrankweighted__M6__L8__eps0p03__g0p0005__ds0p05__dm0p05
Problem: QUBO
Kernel: jsd
Advantage: peragentrankweighted
M: 6
lambda: 8
epsilon_svgd: 0.03
gamma: 0.0005
decay_start_ratio: 0.05
decay_min_factor: 0.05
bandwith_kernel: None
no_interact: False
avg_score: -196.5800018310547
median_score: -197.5
std_score: 12.392885208129883
percentiles: 2%=-220.0399932861328, 5%=-217.0, 10%=-211.1999969482422, 25%=-205.0, 50%=-197.5, 75%=-187.0, 90%=-181.8000030517578, 95%=-174.89999389648438, 98%=-171.0
ranking_best_algo: Tabu
ranking_best_score: 208.36000000000004
ranking_my_rank: 195/504 (61.5%)
ranking_my_percent: 61.507936507936506
