ConfigName: kjsd__advperagentrankweighted__M4__L10__eps0p02__g0p0005__ds0p05__dm0p05
Problem: NK
Kernel: jsd
Advantage: peragentrankweighted
M: 4
lambda: 10
epsilon_svgd: 0.02
gamma: 0.0005
decay_start_ratio: 0.05
decay_min_factor: 0.05
bandwith_kernel: None
no_interact: False
avg_score: 0.7201843857765198
median_score: 0.7194751501083374
std_score: 0.009706096723675728
percentiles: 2%=0.7034534811973572, 5%=0.7054804563522339, 10%=0.7088019251823425, 25%=0.7127811312675476, 50%=0.7194751501083374, 75%=0.7267653942108154, 90%=0.7339580655097961, 95%=0.7373046278953552, 98%=0.7410903573036194
ranking_best_algo: Tabu
ranking_best_score: 0.7429702712499999
ranking_my_rank: 15/504 (97.2%)
ranking_my_percent: 97.22222222222223
