ConfigName: krbf__advnormalizedfitness__M2__L9__eps0p015__g0p005__ds0p01__dm0p01
Problem: QUBO
Kernel: rbf
Advantage: normalizedfitness
M: 2
lambda: 9
epsilon_svgd: 0.015
gamma: 0.005
decay_start_ratio: 0.01
decay_min_factor: 0.01
bandwith_kernel: None
no_interact: False
avg_score: -3273.5400390625
median_score: -3274.5
std_score: 114.3072509765625
percentiles: 2%=-3525.4599609375, 5%=-3465.25, 10%=-3404.199951171875, 25%=-3363.0, 50%=-3274.5, 75%=-3201.0, 90%=-3138.89990234375, 95%=-3095.949951171875, 98%=-3041.699951171875
ranking_best_algo: RLSOnePlusOne
ranking_best_score: 3316.5199999999995
ranking_my_rank: 12/504 (97.8%)
ranking_my_percent: 97.81746031746032
