ConfigName: kjsd__advperagentrankweighted__M3__L20__eps0p01__g0p0005__ds0p05__dm0p1
Problem: QUBO
Kernel: jsd
Advantage: peragentrankweighted
M: 3
lambda: 20
epsilon_svgd: 0.01
gamma: 0.0005
decay_start_ratio: 0.05
decay_min_factor: 0.1
bandwith_kernel: None
no_interact: False
avg_score: -412.0799865722656
median_score: -416.0
std_score: 26.547195434570312
percentiles: 2%=-467.1199951171875, 5%=-452.1499938964844, 10%=-447.0, 25%=-428.0, 50%=-416.0, 75%=-394.0, 90%=-380.0, 95%=-359.8999938964844, 98%=-357.9599914550781
ranking_best_algo: Tabu
ranking_best_score: 438.12
ranking_my_rank: 72/504 (85.9%)
ranking_my_percent: 85.91269841269842
