ConfigName: kjsd__advperagentrankweighted__M4__L10__eps0p03__g0p0007__ds0p2__dm0p05
Problem: NK
Kernel: jsd
Advantage: peragentrankweighted
M: 4
lambda: 10
epsilon_svgd: 0.03
gamma: 0.0007
decay_start_ratio: 0.2
decay_min_factor: 0.05
bandwith_kernel: None
no_interact: False
avg_score: 0.7031719088554382
median_score: 0.703338623046875
std_score: 0.012114436365664005
percentiles: 2%=0.6836249232292175, 5%=0.6845194697380066, 10%=0.6861701011657715, 25%=0.6930835843086243, 50%=0.703338623046875, 75%=0.7133224010467529, 90%=0.7184259295463562, 95%=0.7188239097595215, 98%=0.7217660546302795
ranking_best_algo: PBIL
ranking_best_score: 0.7013553837109374
ranking_my_rank: 1/504 (100.0%)
ranking_my_percent: 100.0
