ConfigName: kjsd__advperagentrankweighted__M6__L28__eps0p005__g0p0005__ds0p3__dm0p05
Problem: NK
Kernel: jsd
Advantage: peragentrankweighted
M: 6
lambda: 28
epsilon_svgd: 0.005
gamma: 0.0005
decay_start_ratio: 0.3
decay_min_factor: 0.05
bandwith_kernel: None
no_interact: False
avg_score: 0.7343816161155701
median_score: 0.7356857657432556
std_score: 0.009520883671939373
percentiles: 2%=0.7101486325263977, 5%=0.7148903608322144, 10%=0.7218292951583862, 25%=0.7280490398406982, 50%=0.7356857657432556, 75%=0.7411599159240723, 90%=0.7457085847854614, 95%=0.7468264698982239, 98%=0.7503907084465027
ranking_best_algo: PBIL
ranking_best_score: 0.730509098125
ranking_my_rank: 1/504 (100.0%)
ranking_my_percent: 100.0
