ConfigName: kjsd__advperagentrankweighted__M4__L12__eps0p01__g0p0003__ds0p2__dm0p05
Problem: NK
Kernel: jsd
Advantage: peragentrankweighted
M: 4
lambda: 12
epsilon_svgd: 0.01
gamma: 0.0003
decay_start_ratio: 0.2
decay_min_factor: 0.05
bandwith_kernel: None
no_interact: False
avg_score: 0.7401196360588074
median_score: 0.736940860748291
std_score: 0.02915107272565365
percentiles: 2%=0.6933133602142334, 5%=0.7042749524116516, 10%=0.7073837518692017, 25%=0.7179524898529053, 50%=0.736940860748291, 75%=0.7511743903160095, 90%=0.7766762971878052, 95%=0.8044298887252808, 98%=0.8109671473503113
ranking_best_algo: CMApara
ranking_best_score: 0.7459277895312499
ranking_my_rank: 47/504 (90.9%)
ranking_my_percent: 90.87301587301587
