ConfigName: krbf__advnormalizedfitness__M4__L8__eps0p033__g0p007__ds0p01__dm0p01
Problem: NK
Kernel: rbf
Advantage: normalizedfitness
M: 4
lambda: 8
epsilon_svgd: 0.033
gamma: 0.007
decay_start_ratio: 0.01
decay_min_factor: 0.01
bandwith_kernel: None
no_interact: False
avg_score: 0.7541561126708984
median_score: 0.7536442279815674
std_score: 0.012651020660996437
percentiles: 2%=0.7301281690597534, 5%=0.7324941158294678, 10%=0.736792266368866, 25%=0.744928240776062, 50%=0.7536442279815674, 75%=0.7652537822723389, 90%=0.767525851726532, 95%=0.772390604019165, 98%=0.7807401418685913
ranking_best_algo: Tabu
ranking_best_score: 0.7657846284375001
ranking_my_rank: 7/504 (98.8%)
ranking_my_percent: 98.80952380952381
