ConfigName: krbf__advnormalizedfitness__M3__L15__eps0p033__g0p015__ds0p15__dm0p01
Problem: NK
Kernel: rbf
Advantage: normalizedfitness
M: 3
lambda: 15
epsilon_svgd: 0.033
gamma: 0.015
decay_start_ratio: 0.15
decay_min_factor: 0.01
bandwith_kernel: None
no_interact: False
avg_score: 0.7049416899681091
median_score: 0.7059526443481445
std_score: 0.011721421964466572
percentiles: 2%=0.6837802529335022, 5%=0.6879004240036011, 10%=0.6893702745437622, 25%=0.6947921514511108, 50%=0.7059526443481445, 75%=0.7156983613967896, 90%=0.7186824679374695, 95%=0.7215222716331482, 98%=0.7219569087028503
ranking_best_algo: PBIL
ranking_best_score: 0.7013553837109374
ranking_my_rank: 1/504 (100.0%)
ranking_my_percent: 100.0
