Problem: QUBO
Kernel: jsd
Advantage: peragentrankweighted
M: 3
lambda: 7
epsilon_svgd: 0.5
gamma: 0.05
bandwith_kernel: None
no_interact: False
avg_score: -1607.5999755859375
median_score: -1597.0
std_score: 59.926788330078125
percentiles: 2%=-1734.1800537109375, 5%=-1726.300048828125, 10%=-1689.9000244140625, 25%=-1639.5, 50%=-1597.0, 75%=-1570.5, 90%=-1537.699951171875, 95%=-1524.6500244140625, 98%=-1501.0
ranking_best_algo: PPO-EDA
ranking_best_score: 1697.68
ranking_my_rank: 2/505 (99.8%)
