Problem: QUBO
Kernel: hk
Advantage: peragentrankweighted
M: 5
lambda: 15
epsilon_svgd: 0.007
gamma: 0.0001
bandwith_kernel: None
no_interact: False
avg_score: -1605.699951171875
median_score: -1604.0
std_score: 68.10088348388672
percentiles: 2%=-1758.280029296875, 5%=-1720.050048828125, 10%=-1699.0999755859375, 25%=-1647.5, 50%=-1604.0, 75%=-1551.0, 90%=-1520.9000244140625, 95%=-1510.800048828125, 98%=-1484.9599609375
ranking_best_algo: PPO-EDA
ranking_best_score: 1697.68
ranking_my_rank: 12/505 (97.8%)
