Problem: QUBO
Kernel: pk
Advantage: peragentrankweighted
M: 3
lambda: 25
epsilon_svgd: 0.03
gamma: 0.001
bandwith_kernel: None
no_interact: False
avg_score: -1608.3599853515625
median_score: -1606.0
std_score: 60.959415435791016
percentiles: 2%=-1741.300048828125, 5%=-1715.0999755859375, 10%=-1682.0999755859375, 25%=-1647.0, 50%=-1606.0, 75%=-1574.5, 90%=-1526.5999755859375, 95%=-1510.7000732421875, 98%=-1487.9000244140625
ranking_best_algo: PPO-EDA
ranking_best_score: 1697.68
ranking_my_rank: 2/505 (99.8%)
