ConfigName: krbf__advnormalizedfitness__M4__L8__eps0p03__g0p005__ds0p15__dm0p05
Problem: QUBO
Kernel: rbf
Advantage: normalizedfitness
M: 4
lambda: 8
epsilon_svgd: 0.03
gamma: 0.005
decay_start_ratio: 0.15
decay_min_factor: 0.05
bandwith_kernel: None
no_interact: False
avg_score: -148.94000244140625
median_score: -147.5
std_score: 10.886523246765137
percentiles: 2%=-179.0, 5%=-164.75, 10%=-160.0, 25%=-155.0, 50%=-147.5, 75%=-141.0, 90%=-135.0, 95%=-132.89999389648438, 98%=-131.0
ranking_best_algo: CMApara
ranking_best_score: 154.28
ranking_my_rank: 81/504 (84.1%)
ranking_my_percent: 84.12698412698413
