ConfigName: kjsd__advperagentrankweighted__M3__L18__eps0p007__g0p003__ds0p2__dm0p2
Problem: QUBO
Kernel: jsd
Advantage: peragentrankweighted
M: 3
lambda: 18
epsilon_svgd: 0.007
gamma: 0.003
decay_start_ratio: 0.2
decay_min_factor: 0.2
bandwith_kernel: None
no_interact: False
avg_score: -200.4600067138672
median_score: -201.0
std_score: 13.799578666687012
percentiles: 2%=-224.0, 5%=-224.0, 10%=-220.1999969482422, 25%=-209.0, 50%=-201.0, 75%=-192.0, 90%=-181.89999389648438, 95%=-175.89999389648438, 98%=-171.89999389648438
ranking_best_algo: Tabu
ranking_best_score: 208.36000000000004
ranking_my_rank: 46/504 (91.1%)
ranking_my_percent: 91.07142857142857
