ConfigName: kjsd__advperagentrankweighted__M4__L8__eps0p005__g0p0005__ds0p4__dm0p05
Problem: NK
Kernel: jsd
Advantage: peragentrankweighted
M: 4
lambda: 8
epsilon_svgd: 0.005
gamma: 0.0005
decay_start_ratio: 0.4
decay_min_factor: 0.05
bandwith_kernel: None
no_interact: False
avg_score: 0.7064236998558044
median_score: 0.7087044715881348
std_score: 0.011988815851509571
percentiles: 2%=0.6869060397148132, 5%=0.6879050135612488, 10%=0.690272867679596, 25%=0.6950379610061646, 50%=0.7087044715881348, 75%=0.7170825004577637, 90%=0.7200735807418823, 95%=0.7220731973648071, 98%=0.7231153249740601
ranking_best_algo: PBIL
ranking_best_score: 0.7013553837109374
ranking_my_rank: 1/504 (100.0%)
ranking_my_percent: 100.0
