ConfigName: krbf__advnormalizedfitness__M3__L15__eps0p015__g0p005__ds0p3__dm0p01
Problem: QUBO
Kernel: rbf
Advantage: normalizedfitness
M: 3
lambda: 15
epsilon_svgd: 0.015
gamma: 0.005
decay_start_ratio: 0.3
decay_min_factor: 0.01
bandwith_kernel: None
no_interact: False
avg_score: -200.72000122070312
median_score: -200.0
std_score: 11.504850387573242
percentiles: 2%=-222.0399932861328, 5%=-221.0500030517578, 10%=-216.10000610351562, 25%=-209.0, 50%=-200.0, 75%=-192.75, 90%=-186.0, 95%=-181.90000915527344, 98%=-178.97999572753906
ranking_best_algo: Tabu
ranking_best_score: 208.36000000000004
ranking_my_rank: 45/504 (91.3%)
ranking_my_percent: 91.26984126984127
