ConfigName: krbf__advnormalizedfitness__M2__L8__eps0p025__g0p01__ds0p3__dm0p01
Problem: QUBO
Kernel: rbf
Advantage: normalizedfitness
M: 2
lambda: 8
epsilon_svgd: 0.025
gamma: 0.01
decay_start_ratio: 0.3
decay_min_factor: 0.01
bandwith_kernel: None
no_interact: False
avg_score: -919.5800170898438
median_score: -916.5
std_score: 66.14592742919922
percentiles: 2%=-1068.0799560546875, 5%=-1025.9000244140625, 10%=-1012.2999877929688, 25%=-963.75, 50%=-916.5, 75%=-870.5, 90%=-832.7999877929688, 95%=-823.9000244140625, 98%=-798.8800048828125
ranking_best_algo: CMApara
ranking_best_score: 964.9
ranking_my_rank: 61/504 (88.1%)
ranking_my_percent: 88.0952380952381
