ConfigName: krbf__advnormalizedfitness__M4__L12__eps0p015__g0p005__ds0p15__dm0p3
Problem: NK
Kernel: rbf
Advantage: normalizedfitness
M: 4
lambda: 12
epsilon_svgd: 0.015
gamma: 0.005
decay_start_ratio: 0.15
decay_min_factor: 0.3
bandwith_kernel: None
no_interact: False
avg_score: 0.6103599071502686
median_score: 0.6078557968139648
std_score: 0.010734707117080688
percentiles: 2%=0.5941340327262878, 5%=0.5973743796348572, 10%=0.5998303890228271, 25%=0.6035630106925964, 50%=0.6078557968139648, 75%=0.6153064966201782, 90%=0.6262309551239014, 95%=0.6296108961105347, 98%=0.636610746383667
ranking_best_algo: Tabu
ranking_best_score: 0.7429702712499999
ranking_my_rank: 387/504 (23.4%)
ranking_my_percent: 23.41269841269841
