ConfigName: krbf__advnormalizedfitness__M3__L15__eps0p033__g0p015__ds0p15__dm0p3
Problem: QUBO
Kernel: rbf
Advantage: normalizedfitness
M: 3
lambda: 15
epsilon_svgd: 0.033
gamma: 0.015
decay_start_ratio: 0.15
decay_min_factor: 0.3
bandwith_kernel: None
no_interact: False
avg_score: -2046.5
median_score: -2070.0
std_score: 164.70201110839844
percentiles: 2%=-2324.39990234375, 5%=-2279.89990234375, 10%=-2247.10009765625, 25%=-2163.25, 50%=-2070.0, 75%=-1912.75, 90%=-1815.9000244140625, 95%=-1751.5, 98%=-1713.739990234375
ranking_best_algo: DiscreteLengler2OnePlusOne
ranking_best_score: 2617.04
ranking_my_rank: 264/504 (47.8%)
ranking_my_percent: 47.817460317460316
