ConfigName: kjsd__advperagentrankweighted__M4__L8__eps0p005__g0p0005__ds0p4__dm0p2
Problem: QUBO
Kernel: jsd
Advantage: peragentrankweighted
M: 4
lambda: 8
epsilon_svgd: 0.005
gamma: 0.0005
decay_start_ratio: 0.4
decay_min_factor: 0.2
bandwith_kernel: None
no_interact: False
avg_score: -1624.6199951171875
median_score: -1623.0
std_score: 54.251224517822266
percentiles: 2%=-1738.0, 5%=-1732.0, 10%=-1691.300048828125, 25%=-1653.0, 50%=-1623.0, 75%=-1587.25, 90%=-1562.4000244140625, 95%=-1538.699951171875, 98%=-1524.93994140625
ranking_best_algo: NLOPT_LN_PRAXIS
ranking_best_score: 1607.12
ranking_my_rank: 1/504 (100.0%)
ranking_my_percent: 100.0
