ConfigName: kjsd__advperagentrankweighted__M6__L8__eps0p03__g0p0007__ds0p05__dm0p05
Problem: NK
Kernel: jsd
Advantage: peragentrankweighted
M: 6
lambda: 8
epsilon_svgd: 0.03
gamma: 0.0007
decay_start_ratio: 0.05
decay_min_factor: 0.05
bandwith_kernel: None
no_interact: False
avg_score: 0.7338014841079712
median_score: 0.7359393835067749
std_score: 0.01023247092962265
percentiles: 2%=0.7140342593193054, 5%=0.7159201502799988, 10%=0.7175396680831909, 25%=0.7275840640068054, 50%=0.7359393835067749, 75%=0.7407752275466919, 90%=0.7464138269424438, 95%=0.7475796937942505, 98%=0.7489166855812073
ranking_best_algo: PBIL
ranking_best_score: 0.730509098125
ranking_my_rank: 1/504 (100.0%)
ranking_my_percent: 100.0
