ConfigName: kjsd__advperagentrankweighted__M3__L20__eps0p005__g0p0005__ds0p2__dm0p2
Problem: QUBO
Kernel: jsd
Advantage: peragentrankweighted
M: 3
lambda: 20
epsilon_svgd: 0.005
gamma: 0.0005
decay_start_ratio: 0.2
decay_min_factor: 0.2
bandwith_kernel: None
no_interact: False
avg_score: -1622.1199951171875
median_score: -1615.5
std_score: 59.204437255859375
percentiles: 2%=-1749.1400146484375, 5%=-1731.449951171875, 10%=-1699.199951171875, 25%=-1668.0, 50%=-1615.5, 75%=-1582.5, 90%=-1552.9000244140625, 95%=-1526.949951171875, 98%=-1518.8399658203125
ranking_best_algo: NLOPT_LN_PRAXIS
ranking_best_score: 1607.12
ranking_my_rank: 1/504 (100.0%)
ranking_my_percent: 100.0
