ConfigName: krbf__advnormalizedfitness__M3__L12__eps0p015__g0p007__ds0p15__dm0p01
Problem: NK
Kernel: rbf
Advantage: normalizedfitness
M: 3
lambda: 12
epsilon_svgd: 0.015
gamma: 0.007
decay_start_ratio: 0.15
decay_min_factor: 0.01
bandwith_kernel: None
no_interact: False
avg_score: 0.7318499088287354
median_score: 0.7343564629554749
std_score: 0.01394862961024046
percentiles: 2%=0.7051665186882019, 5%=0.7087134718894958, 10%=0.7126749753952026, 25%=0.7201648354530334, 50%=0.7343564629554749, 75%=0.7414858341217041, 90%=0.7493891716003418, 95%=0.7546973824501038, 98%=0.7582431435585022
ranking_best_algo: PBIL
ranking_best_score: 0.733570253046875
ranking_my_rank: 2/504 (99.8%)
ranking_my_percent: 99.8015873015873
