ConfigName: krbf__advnormalizedfitness__M4__L12__eps0p033__g0p01__ds0p15__dm0p3
Problem: NK
Kernel: rbf
Advantage: normalizedfitness
M: 4
lambda: 12
epsilon_svgd: 0.033
gamma: 0.01
decay_start_ratio: 0.15
decay_min_factor: 0.3
bandwith_kernel: None
no_interact: False
avg_score: 0.7302777171134949
median_score: 0.7310919761657715
std_score: 0.00882605742663145
percentiles: 2%=0.7148855328559875, 5%=0.7163507342338562, 10%=0.717689037322998, 25%=0.7231101989746094, 50%=0.7310919761657715, 75%=0.7365058660507202, 90%=0.7424188852310181, 95%=0.7435060143470764, 98%=0.7445492744445801
ranking_best_algo: PBIL
ranking_best_score: 0.730509098125
ranking_my_rank: 3/504 (99.6%)
ranking_my_percent: 99.60317460317461
