ConfigName: kjsd__advperagentrankweighted__M3__L18__eps0p01__g0p0005__ds0p2__dm0p2
Problem: NK
Kernel: jsd
Advantage: peragentrankweighted
M: 3
lambda: 18
epsilon_svgd: 0.01
gamma: 0.0005
decay_start_ratio: 0.2
decay_min_factor: 0.2
bandwith_kernel: None
no_interact: False
avg_score: 0.708861231803894
median_score: 0.7107188105583191
std_score: 0.015464398078620434
percentiles: 2%=0.6683940291404724, 5%=0.6710454225540161, 10%=0.692020058631897, 25%=0.7054284811019897, 50%=0.7107188105583191, 75%=0.718345046043396, 90%=0.7248814105987549, 95%=0.7294184565544128, 98%=0.731508195400238
ranking_best_algo: CMApara
ranking_best_score: 0.707475975
ranking_my_rank: 1/504 (100.0%)
ranking_my_percent: 100.0
