ConfigName: kjsd__advperagentrankweighted__M5__L10__eps0p01__g0p003__ds0p2__dm0p2
Problem: NK
Kernel: jsd
Advantage: peragentrankweighted
M: 5
lambda: 10
epsilon_svgd: 0.01
gamma: 0.003
decay_start_ratio: 0.2
decay_min_factor: 0.2
bandwith_kernel: None
no_interact: False
avg_score: 0.7526503801345825
median_score: 0.7538632154464722
std_score: 0.013466162607073784
percentiles: 2%=0.7254918813705444, 5%=0.7270061373710632, 10%=0.733851432800293, 25%=0.7425457835197449, 50%=0.7538632154464722, 75%=0.76338791847229, 90%=0.7700150012969971, 95%=0.7728742361068726, 98%=0.7755628824234009
ranking_best_algo: Tabu
ranking_best_score: 0.7657846284375001
ranking_my_rank: 10/504 (98.2%)
ranking_my_percent: 98.21428571428571
