ConfigName: krbf__advnormalizedfitness__M1__L8__eps0p025__g0p01__ds0p3__dm0p01
Problem: QUBO
Kernel: rbf
Advantage: normalizedfitness
M: 1
lambda: 8
epsilon_svgd: 0.025
gamma: 0.01
decay_start_ratio: 0.3
decay_min_factor: 0.01
bandwith_kernel: None
no_interact: False
avg_score: -313.32000732421875
median_score: -316.5
std_score: 31.828563690185547
percentiles: 2%=-361.2200012207031, 5%=-350.20001220703125, 10%=-346.20001220703125, 25%=-339.0, 50%=-316.5, 75%=-295.0, 90%=-277.6000061035156, 95%=-271.8500061035156, 98%=-239.43988037109375
ranking_best_algo: CMApara
ranking_best_score: 344.22
ranking_my_rank: 244/504 (51.8%)
ranking_my_percent: 51.785714285714285
