ConfigName: krbf__advnormalizedfitness__M3__L15__eps0p015__g0p015__ds0p01__dm0p3
Problem: QUBO
Kernel: rbf
Advantage: normalizedfitness
M: 3
lambda: 15
epsilon_svgd: 0.015
gamma: 0.015
decay_start_ratio: 0.01
decay_min_factor: 0.3
bandwith_kernel: None
no_interact: False
avg_score: -310.260009765625
median_score: -308.0
std_score: 36.846336364746094
percentiles: 2%=-395.0, 5%=-380.1499938964844, 10%=-362.20001220703125, 25%=-334.25, 50%=-308.0, 75%=-281.75, 90%=-265.79998779296875, 95%=-254.90000915527344, 98%=-248.87997436523438
ranking_best_algo: CMAL3
ranking_best_score: 435.36
ranking_my_rank: 345/504 (31.7%)
ranking_my_percent: 31.746031746031747
