ConfigName: kjsd__advperagentrankweighted__M3__L16__eps0p005__g0p0005__ds0p05__dm0p2
Problem: QUBO
Kernel: jsd
Advantage: peragentrankweighted
M: 3
lambda: 16
epsilon_svgd: 0.005
gamma: 0.0005
decay_start_ratio: 0.05
decay_min_factor: 0.2
bandwith_kernel: None
no_interact: False
avg_score: -323.8999938964844
median_score: -326.0
std_score: 24.022281646728516
percentiles: 2%=-372.0, 5%=-357.0, 10%=-354.0, 25%=-342.0, 50%=-326.0, 75%=-305.5, 90%=-293.79998779296875, 95%=-284.95001220703125, 98%=-280.9800109863281
ranking_best_algo: CMApara
ranking_best_score: 344.22
ranking_my_rank: 127/504 (75.0%)
ranking_my_percent: 75.0
