ConfigName: krbf__advnormalizedfitness__M3__L15__eps0p025__g0p007__ds0p01__dm0p3
Problem: QUBO
Kernel: rbf
Advantage: normalizedfitness
M: 3
lambda: 15
epsilon_svgd: 0.025
gamma: 0.007
decay_start_ratio: 0.01
decay_min_factor: 0.3
bandwith_kernel: None
no_interact: False
avg_score: -333.0799865722656
median_score: -334.0
std_score: 18.4952335357666
percentiles: 2%=-372.0, 5%=-361.54998779296875, 10%=-354.0, 25%=-346.0, 50%=-334.0, 75%=-321.5, 90%=-308.0, 95%=-298.0, 98%=-293.97998046875
ranking_best_algo: CMApara
ranking_best_score: 344.22
ranking_my_rank: 69/504 (86.5%)
ranking_my_percent: 86.5079365079365
