ConfigName: kjsd__advperagentrankweighted__M3__L20__eps0p007__g0p001__ds0p1__dm0p2
Problem: QUBO
Kernel: jsd
Advantage: peragentrankweighted
M: 3
lambda: 20
epsilon_svgd: 0.007
gamma: 0.001
decay_start_ratio: 0.1
decay_min_factor: 0.2
bandwith_kernel: None
no_interact: False
avg_score: -3269.780029296875
median_score: -3261.0
std_score: 139.76519775390625
percentiles: 2%=-3571.139892578125, 5%=-3506.89990234375, 10%=-3448.0, 25%=-3357.5, 50%=-3261.0, 75%=-3175.0, 90%=-3110.199951171875, 95%=-3041.75, 98%=-2985.919921875
ranking_best_algo: RLSOnePlusOne
ranking_best_score: 3316.5199999999995
ranking_my_rank: 12/504 (97.8%)
ranking_my_percent: 97.81746031746032
