ConfigName: kjsd__advperagentrankweighted__M3__L16__eps0p005__g0p003__ds0p1__dm0p2
Problem: NK
Kernel: jsd
Advantage: peragentrankweighted
M: 3
lambda: 16
epsilon_svgd: 0.005
gamma: 0.003
decay_start_ratio: 0.1
decay_min_factor: 0.2
bandwith_kernel: None
no_interact: False
avg_score: 0.6987178325653076
median_score: 0.7015913724899292
std_score: 0.013025294058024883
percentiles: 2%=0.6766046285629272, 5%=0.6789574027061462, 10%=0.681843638420105, 25%=0.6858682632446289, 50%=0.7015913724899292, 75%=0.7100059986114502, 90%=0.7136242389678955, 95%=0.7166088819503784, 98%=0.7179041504859924
ranking_best_algo: PBIL
ranking_best_score: 0.7013553837109374
ranking_my_rank: 3/504 (99.6%)
ranking_my_percent: 99.60317460317461
