ConfigName: krbf__advnormalizedfitness__M2__L10__eps0p033__g0p005__ds0p15__dm0p3
Problem: QUBO
Kernel: rbf
Advantage: normalizedfitness
M: 2
lambda: 10
epsilon_svgd: 0.033
gamma: 0.005
decay_start_ratio: 0.15
decay_min_factor: 0.3
bandwith_kernel: None
no_interact: False
avg_score: -420.8999938964844
median_score: -422.0
std_score: 28.422348022460938
percentiles: 2%=-475.0, 5%=-469.0, 10%=-454.1000061035156, 25%=-441.0, 50%=-422.0, 75%=-402.5, 90%=-383.0, 95%=-372.95001220703125, 98%=-355.8399963378906
ranking_best_algo: CMAL3
ranking_best_score: 435.36
ranking_my_rank: 59/504 (88.5%)
ranking_my_percent: 88.4920634920635
