ConfigName: krbf__advglobalrankweighted__M4__L10__eps0p02__g0p003__ds0p01__dm0p01
Problem: QUBO
Kernel: rbf
Advantage: globalrankweighted
M: 4
lambda: 10
epsilon_svgd: 0.02
gamma: 0.003
decay_start_ratio: 0.01
decay_min_factor: 0.01
bandwith_kernel: None
no_interact: False
avg_score: -1600.0400390625
median_score: -1605.5
std_score: 59.61592483520508
percentiles: 2%=-1714.06005859375, 5%=-1704.050048828125, 10%=-1685.0999755859375, 25%=-1635.0, 50%=-1605.5, 75%=-1548.5, 90%=-1527.5999755859375, 95%=-1504.7000732421875, 98%=-1487.0
ranking_best_algo: NLOPT_LN_PRAXIS
ranking_best_score: 1607.12
ranking_my_rank: 13/504 (97.6%)
ranking_my_percent: 97.61904761904762
