ConfigName: kfr__advglobalrankweighted__M4__L5__eps0p03__g0p005__ds0p01__dm0p01
Problem: QUBO
Kernel: fr
Advantage: globalrankweighted
M: 4
lambda: 5
epsilon_svgd: 0.03
gamma: 0.005
decay_start_ratio: 0.01
decay_min_factor: 0.01
bandwith_kernel: None
no_interact: False
avg_score: -439.67999267578125
median_score: -440.0
std_score: 26.909805297851562
percentiles: 2%=-485.1400146484375, 5%=-481.1000061035156, 10%=-473.0, 25%=-460.0, 50%=-440.0, 75%=-422.75, 90%=-399.79998779296875, 95%=-392.79998779296875, 98%=-383.9599914550781
ranking_best_algo: CMApara
ranking_best_score: 453.82
ranking_my_rank: 17/504 (96.8%)
ranking_my_percent: 96.82539682539682
