ConfigName: kjsd__advperagentrankweighted__M5__L12__eps0p008__g0p0005__ds0p3__dm0p05
Problem: QUBO
Kernel: jsd
Advantage: peragentrankweighted
M: 5
lambda: 12
epsilon_svgd: 0.008
gamma: 0.0005
decay_start_ratio: 0.3
decay_min_factor: 0.05
bandwith_kernel: None
no_interact: False
avg_score: -1301.9200439453125
median_score: -1303.5
std_score: 54.367393493652344
percentiles: 2%=-1421.0799560546875, 5%=-1393.449951171875, 10%=-1366.0999755859375, 25%=-1341.75, 50%=-1303.5, 75%=-1256.0, 90%=-1228.5999755859375, 95%=-1216.9000244140625, 98%=-1208.9200439453125
ranking_best_algo: BigLognormalDiscreteOnePlusOne
ranking_best_score: 1301.3600000000004
ranking_my_rank: 1/504 (100.0%)
ranking_my_percent: 100.0
