ConfigName: krbf__advnormalizedfitness__M3__L10__eps0p025__g0p015__ds0p01__dm0p3
Problem: NK
Kernel: rbf
Advantage: normalizedfitness
M: 3
lambda: 10
epsilon_svgd: 0.025
gamma: 0.015
decay_start_ratio: 0.01
decay_min_factor: 0.3
bandwith_kernel: None
no_interact: False
avg_score: 0.6828197240829468
median_score: 0.6803834438323975
std_score: 0.021080253645777702
percentiles: 2%=0.6463190913200378, 5%=0.6520053744316101, 10%=0.6576740145683289, 25%=0.6693711280822754, 50%=0.6803834438323975, 75%=0.6928520798683167, 90%=0.7052343487739563, 95%=0.7204713821411133, 98%=0.7398761510848999
ranking_best_algo: Tabu
ranking_best_score: 0.7601875690625
ranking_my_rank: 320/504 (36.7%)
ranking_my_percent: 36.70634920634921
