ConfigName: kjsd__advperagentrankweighted__M3__L16__eps0p007__g0p0005__ds0p1__dm0p1
Problem: QUBO
Kernel: jsd
Advantage: peragentrankweighted
M: 3
lambda: 16
epsilon_svgd: 0.007
gamma: 0.0005
decay_start_ratio: 0.1
decay_min_factor: 0.1
bandwith_kernel: None
no_interact: False
avg_score: -442.8399963378906
median_score: -446.5
std_score: 28.059478759765625
percentiles: 2%=-494.0, 5%=-481.3999938964844, 10%=-476.1000061035156, 25%=-461.0, 50%=-446.5, 75%=-424.75, 90%=-408.3999938964844, 95%=-396.6499938964844, 98%=-373.9599914550781
ranking_best_algo: CMApara
ranking_best_score: 453.82
ranking_my_rank: 8/504 (98.6%)
ranking_my_percent: 98.61111111111111
