ConfigName: krbf__advnormalizedfitness__M4__L10__eps0p015__g0p005__ds0p15__dm0p3
Problem: NK
Kernel: rbf
Advantage: normalizedfitness
M: 4
lambda: 10
epsilon_svgd: 0.015
gamma: 0.005
decay_start_ratio: 0.15
decay_min_factor: 0.3
bandwith_kernel: None
no_interact: False
avg_score: 0.7504839301109314
median_score: 0.7531367540359497
std_score: 0.01577175036072731
percentiles: 2%=0.715323269367218, 5%=0.7209591269493103, 10%=0.7307758927345276, 25%=0.7393060922622681, 50%=0.7531367540359497, 75%=0.7607410550117493, 90%=0.7683123350143433, 95%=0.7716249227523804, 98%=0.7786276340484619
ranking_best_algo: Tabu
ranking_best_score: 0.7657846284375001
ranking_my_rank: 21/504 (96.0%)
ranking_my_percent: 96.03174603174604
