ConfigName: krbf__advnormalizedfitness__M1__L8__eps0p033__g0p007__ds0p3__dm0p01
Problem: QUBO
Kernel: rbf
Advantage: normalizedfitness
M: 1
lambda: 8
epsilon_svgd: 0.033
gamma: 0.007
decay_start_ratio: 0.3
decay_min_factor: 0.01
bandwith_kernel: None
no_interact: False
avg_score: -139.10000610351562
median_score: -141.0
std_score: 22.91004180908203
percentiles: 2%=-179.0, 5%=-164.0, 10%=-156.10000610351562, 25%=-150.0, 50%=-141.0, 75%=-132.75, 90%=-119.9000015258789, 95%=-113.85001373291016, 98%=-98.69972229003906
ranking_best_algo: CMApara
ranking_best_score: 154.28
ranking_my_rank: 315/504 (37.7%)
ranking_my_percent: 37.698412698412696
