ConfigName: kjsd__advperagentrankweighted__M5__L8__eps0p005__g0p0005__ds0p4__dm0p2
Problem: NK
Kernel: jsd
Advantage: peragentrankweighted
M: 5
lambda: 8
epsilon_svgd: 0.005
gamma: 0.0005
decay_start_ratio: 0.4
decay_min_factor: 0.2
bandwith_kernel: None
no_interact: False
avg_score: 0.7265396118164062
median_score: 0.7262802124023438
std_score: 0.00887975562363863
percentiles: 2%=0.709726870059967, 5%=0.714348316192627, 10%=0.7153791189193726, 25%=0.7200679779052734, 50%=0.7262802124023438, 75%=0.7335547208786011, 90%=0.7387120723724365, 95%=0.741191029548645, 98%=0.7456487417221069
ranking_best_algo: Tabu
ranking_best_score: 0.7429702712499999
ranking_my_rank: 3/504 (99.6%)
ranking_my_percent: 99.60317460317461
