ConfigName: kjsd__advperagentrankweighted__M5__L10__eps0p02__g0p0003__ds0p05__dm0p05
Problem: QUBO
Kernel: jsd
Advantage: peragentrankweighted
M: 5
lambda: 10
epsilon_svgd: 0.02
gamma: 0.0003
decay_start_ratio: 0.05
decay_min_factor: 0.05
bandwith_kernel: None
no_interact: False
avg_score: -197.60000610351562
median_score: -199.0
std_score: 12.480384826660156
percentiles: 2%=-224.0, 5%=-220.0500030517578, 10%=-213.0, 25%=-206.0, 50%=-199.0, 75%=-189.75, 90%=-180.0, 95%=-176.9499969482422, 98%=-173.9600067138672
ranking_best_algo: Tabu
ranking_best_score: 208.36000000000004
ranking_my_rank: 113/504 (77.8%)
ranking_my_percent: 77.77777777777777
