ConfigName: krbf__advnormalizedfitness__M1__L8__eps0p025__g0p007__ds0p3__dm0p3
Problem: QUBO
Kernel: rbf
Advantage: normalizedfitness
M: 1
lambda: 8
epsilon_svgd: 0.025
gamma: 0.007
decay_start_ratio: 0.3
decay_min_factor: 0.3
bandwith_kernel: None
no_interact: False
avg_score: -421.0400085449219
median_score: -422.5
std_score: 33.77037811279297
percentiles: 2%=-476.05999755859375, 5%=-475.0, 10%=-467.29998779296875, 25%=-447.5, 50%=-422.5, 75%=-396.0, 90%=-377.0, 95%=-371.7500305175781, 98%=-354.91998291015625
ranking_best_algo: CMApara
ranking_best_score: 453.82
ranking_my_rank: 156/504 (69.2%)
ranking_my_percent: 69.24603174603175
