ConfigName: krbf__advnormalizedfitness__M2__L8__eps0p025__g0p01__ds0p3__dm0p3
Problem: QUBO
Kernel: rbf
Advantage: normalizedfitness
M: 2
lambda: 8
epsilon_svgd: 0.025
gamma: 0.01
decay_start_ratio: 0.3
decay_min_factor: 0.3
bandwith_kernel: None
no_interact: False
avg_score: -438.0799865722656
median_score: -440.0
std_score: 27.794849395751953
percentiles: 2%=-489.05999755859375, 5%=-481.1000061035156, 10%=-470.20001220703125, 25%=-460.0, 50%=-440.0, 75%=-420.75, 90%=-402.70001220703125, 95%=-390.54998779296875, 98%=-377.9599914550781
ranking_best_algo: CMApara
ranking_best_score: 453.82
ranking_my_rank: 21/504 (96.0%)
ranking_my_percent: 96.03174603174604
