ConfigName: krbf__advnormalizedfitness__M4__L15__eps0p033__g0p015__ds0p15__dm0p3
Problem: NK
Kernel: rbf
Advantage: normalizedfitness
M: 4
lambda: 15
epsilon_svgd: 0.033
gamma: 0.015
decay_start_ratio: 0.15
decay_min_factor: 0.3
bandwith_kernel: None
no_interact: False
avg_score: 0.6648853421211243
median_score: 0.6688756942749023
std_score: 0.012390736490488052
percentiles: 2%=0.6432031393051147, 5%=0.6445005536079407, 10%=0.6467514634132385, 25%=0.6529256105422974, 50%=0.6688756942749023, 75%=0.6762212514877319, 90%=0.6780702471733093, 95%=0.6800437569618225, 98%=0.6820840239524841
ranking_best_algo: PBIL
ranking_best_score: 0.7013553837109374
ranking_my_rank: 202/504 (60.1%)
ranking_my_percent: 60.11904761904762
