ConfigName: kjsd__advperagentrankweighted__M3__L20__eps0p005__g0p001__ds0p2__dm0p2
Problem: QUBO
Kernel: jsd
Advantage: peragentrankweighted
M: 3
lambda: 20
epsilon_svgd: 0.005
gamma: 0.001
decay_start_ratio: 0.2
decay_min_factor: 0.2
bandwith_kernel: None
no_interact: False
avg_score: -1205.97998046875
median_score: -1204.5
std_score: 58.088722229003906
percentiles: 2%=-1323.3599853515625, 5%=-1303.3499755859375, 10%=-1271.4000244140625, 25%=-1245.0, 50%=-1204.5, 75%=-1158.75, 90%=-1130.800048828125, 95%=-1115.0, 98%=-1105.0
ranking_best_algo: SVMMetaModelLogNormal
ranking_best_score: 1233.7999999999997
ranking_my_rank: 50/504 (90.3%)
ranking_my_percent: 90.27777777777777
