ConfigName: kjsd__advperagentrankweighted__M3__L18__eps0p01__g0p0005__ds0p05__dm0p2
Problem: QUBO
Kernel: jsd
Advantage: peragentrankweighted
M: 3
lambda: 18
epsilon_svgd: 0.01
gamma: 0.0005
decay_start_ratio: 0.05
decay_min_factor: 0.2
bandwith_kernel: None
no_interact: False
avg_score: -137.63999938964844
median_score: -139.0
std_score: 11.81314468383789
percentiles: 2%=-159.02000427246094, 5%=-157.0, 10%=-153.10000610351562, 25%=-146.0, 50%=-139.0, 75%=-128.0, 90%=-123.0, 95%=-119.0, 98%=-114.9800033569336
ranking_best_algo: DiscreteDE
ranking_best_score: 143.4
ranking_my_rank: 118/504 (76.8%)
ranking_my_percent: 76.78571428571429
