ConfigName: kjsd__advperagentrankweighted__M3__L16__eps0p005__g0p003__ds0p05__dm0p05
Problem: QUBO
Kernel: jsd
Advantage: peragentrankweighted
M: 3
lambda: 16
epsilon_svgd: 0.005
gamma: 0.003
decay_start_ratio: 0.05
decay_min_factor: 0.05
bandwith_kernel: None
no_interact: False
avg_score: -3026.43994140625
median_score: -3043.5
std_score: 184.01229858398438
percentiles: 2%=-3343.699951171875, 5%=-3327.199951171875, 10%=-3251.60009765625, 25%=-3128.5, 50%=-3043.5, 75%=-2891.75, 90%=-2798.10009765625, 95%=-2688.75, 98%=-2644.780029296875
ranking_best_algo: RLSOnePlusOne
ranking_best_score: 3316.5199999999995
ranking_my_rank: 128/504 (74.8%)
ranking_my_percent: 74.8015873015873
