ConfigName: krbf__advnormalizedfitness__M3__L15__eps0p033__g0p005__ds0p01__dm0p01
Problem: QUBO
Kernel: rbf
Advantage: normalizedfitness
M: 3
lambda: 15
epsilon_svgd: 0.033
gamma: 0.005
decay_start_ratio: 0.01
decay_min_factor: 0.01
bandwith_kernel: None
no_interact: False
avg_score: -904.0800170898438
median_score: -902.5
std_score: 63.39284896850586
percentiles: 2%=-1023.1400146484375, 5%=-999.6500244140625, 10%=-990.0, 25%=-951.5, 50%=-902.5, 75%=-864.0, 90%=-816.0, 95%=-797.800048828125, 98%=-786.8800048828125
ranking_best_algo: CMAL3
ranking_best_score: 928.5800000000002
ranking_my_rank: 66/504 (87.1%)
ranking_my_percent: 87.10317460317461
