ConfigName: kjsd__advperagentrankweighted__M4__L8__eps0p01__g0p0007__ds0p4__dm0p05
Problem: NK
Kernel: jsd
Advantage: peragentrankweighted
M: 4
lambda: 8
epsilon_svgd: 0.01
gamma: 0.0007
decay_start_ratio: 0.4
decay_min_factor: 0.05
bandwith_kernel: None
no_interact: False
avg_score: 0.751808226108551
median_score: 0.7509725093841553
std_score: 0.012682938016951084
percentiles: 2%=0.7262800335884094, 5%=0.7324327230453491, 10%=0.736138641834259, 25%=0.7422938346862793, 50%=0.7509725093841553, 75%=0.7599776983261108, 90%=0.7695302963256836, 95%=0.7735136151313782, 98%=0.7747212648391724
ranking_best_algo: Tabu
ranking_best_score: 0.7470791764843752
ranking_my_rank: 1/504 (100.0%)
ranking_my_percent: 100.0
