ConfigName: kjsd__advperagentrankweighted__M4__L12__eps0p02__g0p0007__ds0p2__dm0p05
Problem: QUBO
Kernel: jsd
Advantage: peragentrankweighted
M: 4
lambda: 12
epsilon_svgd: 0.02
gamma: 0.0007
decay_start_ratio: 0.2
decay_min_factor: 0.05
bandwith_kernel: None
no_interact: False
avg_score: -3282.5
median_score: -3273.0
std_score: 118.64295196533203
percentiles: 2%=-3560.1201171875, 5%=-3493.75, 10%=-3440.10009765625, 25%=-3354.75, 50%=-3273.0, 75%=-3206.25, 90%=-3133.800048828125, 95%=-3099.85009765625, 98%=-3075.580078125
ranking_best_algo: RLSOnePlusOne
ranking_best_score: 3316.5199999999995
ranking_my_rank: 3/504 (99.6%)
ranking_my_percent: 99.60317460317461
