ConfigName: kfr__advglobalrankweighted__M4__L24__eps0p06__g0p001__ds0p01__dm0p01
Problem: QUBO
Kernel: fr
Advantage: globalrankweighted
M: 4
lambda: 24
epsilon_svgd: 0.06
gamma: 0.001
decay_start_ratio: 0.01
decay_min_factor: 0.01
bandwith_kernel: None
no_interact: False
avg_score: -146.3000030517578
median_score: -146.0
std_score: 12.376995086669922
percentiles: 2%=-179.0, 5%=-167.39999389648438, 10%=-160.0, 25%=-154.0, 50%=-146.0, 75%=-138.75, 90%=-131.0, 95%=-126.9000015258789, 98%=-120.0
ranking_best_algo: CMApara
ranking_best_score: 154.28
ranking_my_rank: 124/504 (75.6%)
ranking_my_percent: 75.5952380952381
