ConfigName: krbf__advnormalizedfitness__M5__L15__eps0p025__g0p01__ds0p05__dm0p05
Problem: NK
Kernel: rbf
Advantage: normalizedfitness
M: 5
lambda: 15
epsilon_svgd: 0.025
gamma: 0.01
decay_start_ratio: 0.05
decay_min_factor: 0.05
bandwith_kernel: None
no_interact: False
avg_score: 0.6784406900405884
median_score: 0.679570198059082
std_score: 0.012196443043649197
percentiles: 2%=0.6574021577835083, 5%=0.6598495841026306, 10%=0.6618940234184265, 25%=0.6661496162414551, 50%=0.679570198059082, 75%=0.6889724135398865, 90%=0.6932240724563599, 95%=0.6951854825019836, 98%=0.6969749331474304
ranking_best_algo: PBIL
ranking_best_score: 0.7013553837109374
ranking_my_rank: 164/504 (67.7%)
ranking_my_percent: 67.65873015873017
