ConfigName: krbf__advnormalizedfitness__M1__L8__eps0p015__g0p007__ds0p01__dm0p01
Problem: QUBO
Kernel: rbf
Advantage: normalizedfitness
M: 1
lambda: 8
epsilon_svgd: 0.015
gamma: 0.007
decay_start_ratio: 0.01
decay_min_factor: 0.01
bandwith_kernel: None
no_interact: False
avg_score: -3235.52001953125
median_score: -3239.0
std_score: 138.7200469970703
percentiles: 2%=-3520.0, 5%=-3486.75, 10%=-3404.199951171875, 25%=-3316.25, 50%=-3239.0, 75%=-3147.75, 90%=-3053.89990234375, 95%=-3002.2001953125, 98%=-2953.559814453125
ranking_best_algo: RLSOnePlusOne
ranking_best_score: 3316.5199999999995
ranking_my_rank: 42/504 (91.9%)
ranking_my_percent: 91.86507936507937
