ConfigName: krbf__advnormalizedfitness__M1__L8__eps0p015__g0p007__ds0p15__dm0p3
Problem: QUBO
Kernel: rbf
Advantage: normalizedfitness
M: 1
lambda: 8
epsilon_svgd: 0.015
gamma: 0.007
decay_start_ratio: 0.15
decay_min_factor: 0.3
bandwith_kernel: None
no_interact: False
avg_score: -2533.93994140625
median_score: -2527.5
std_score: 134.12112426757812
percentiles: 2%=-2798.239990234375, 5%=-2750.39990234375, 10%=-2726.699951171875, 25%=-2634.75, 50%=-2527.5, 75%=-2436.25, 90%=-2360.699951171875, 95%=-2333.60009765625, 98%=-2259.6396484375
ranking_best_algo: SVM1MetaModelLogNormal
ranking_best_score: 2605.14
ranking_my_rank: 45/504 (91.3%)
ranking_my_percent: 91.26984126984127
