ConfigName: krbf__advnormalizedfitness__M4__L10__eps0p033__g0p007__ds0p01__dm0p01
Problem: QUBO
Kernel: rbf
Advantage: normalizedfitness
M: 4
lambda: 10
epsilon_svgd: 0.033
gamma: 0.007
decay_start_ratio: 0.01
decay_min_factor: 0.01
bandwith_kernel: None
no_interact: False
avg_score: -1245.1800537109375
median_score: -1248.0
std_score: 54.369728088378906
percentiles: 2%=-1341.1600341796875, 5%=-1330.050048828125, 10%=-1313.0999755859375, 25%=-1283.25, 50%=-1248.0, 75%=-1215.75, 90%=-1166.800048828125, 95%=-1139.0, 98%=-1125.0
ranking_best_algo: BigLognormalDiscreteOnePlusOne
ranking_best_score: 1301.3600000000004
ranking_my_rank: 57/504 (88.9%)
ranking_my_percent: 88.88888888888889
