ConfigName: kfr__advglobalrankweighted__M4__L9__eps0p015__g0p003__ds0p01__dm0p01
Problem: QUBO
Kernel: fr
Advantage: globalrankweighted
M: 4
lambda: 9
epsilon_svgd: 0.015
gamma: 0.003
decay_start_ratio: 0.01
decay_min_factor: 0.01
bandwith_kernel: None
no_interact: False
avg_score: -443.05999755859375
median_score: -445.0
std_score: 25.769678115844727
percentiles: 2%=-485.1000061035156, 5%=-479.0, 10%=-472.1000061035156, 25%=-463.0, 50%=-445.0, 75%=-427.0, 90%=-411.6000061035156, 95%=-399.79998779296875, 98%=-380.9800109863281
ranking_best_algo: CMApara
ranking_best_score: 453.82
ranking_my_rank: 8/504 (98.6%)
ranking_my_percent: 98.61111111111111
