ConfigName: kjsd__advperagentrankweighted__M3__L18__eps0p01__g0p0005__ds0p2__dm0p2
Problem: QUBO
Kernel: jsd
Advantage: peragentrankweighted
M: 3
lambda: 18
epsilon_svgd: 0.01
gamma: 0.0005
decay_start_ratio: 0.2
decay_min_factor: 0.2
bandwith_kernel: None
no_interact: False
avg_score: -574.1599731445312
median_score: -569.5
std_score: 26.427532196044922
percentiles: 2%=-629.0399780273438, 5%=-623.0, 10%=-607.4000244140625, 25%=-592.25, 50%=-569.5, 75%=-554.5, 90%=-541.0, 95%=-536.0, 98%=-528.9400024414062
ranking_best_algo: Tabu
ranking_best_score: 588.7199999999999
ranking_my_rank: 57/503 (88.9%)
ranking_my_percent: 88.86679920477137
