ConfigName: kjsd__advperagentrankweighted__M5__L8__eps0p02__g0p0003__ds0p05__dm0p05
Problem: QUBO
Kernel: jsd
Advantage: peragentrankweighted
M: 5
lambda: 8
epsilon_svgd: 0.02
gamma: 0.0003
decay_start_ratio: 0.05
decay_min_factor: 0.05
bandwith_kernel: None
no_interact: False
avg_score: -327.8999938964844
median_score: -331.0
std_score: 20.111440658569336
percentiles: 2%=-372.0, 5%=-351.1000061035156, 10%=-350.0, 25%=-340.25, 50%=-331.0, 75%=-317.75, 90%=-297.70001220703125, 95%=-289.79998779296875, 98%=-284.0
ranking_best_algo: CMApara
ranking_best_score: 344.22
ranking_my_rank: 85/504 (83.3%)
ranking_my_percent: 83.33333333333333
