ConfigName: kjsd__advperagentrankweighted__M3__L30__eps0p007__g0p0005__ds0p2__dm0p1
Problem: NK
Kernel: jsd
Advantage: peragentrankweighted
M: 3
lambda: 30
epsilon_svgd: 0.007
gamma: 0.0005
decay_start_ratio: 0.2
decay_min_factor: 0.1
bandwith_kernel: None
no_interact: False
avg_score: 0.741013765335083
median_score: 0.7399672269821167
std_score: 0.013106560334563255
percentiles: 2%=0.7193503379821777, 5%=0.7210305333137512, 10%=0.7256861329078674, 25%=0.7319681644439697, 50%=0.7399672269821167, 75%=0.7495740056037903, 90%=0.7586164474487305, 95%=0.7627184987068176, 98%=0.7663655877113342
ranking_best_algo: Tabu
ranking_best_score: 0.7601875690625
ranking_my_rank: 12/504 (97.8%)
ranking_my_percent: 97.81746031746032
