ConfigName: krbf__advnormalizedfitness__M4__L10__eps0p033__g0p01__ds0p01__dm0p3
Problem: QUBO
Kernel: rbf
Advantage: normalizedfitness
M: 4
lambda: 10
epsilon_svgd: 0.033
gamma: 0.01
decay_start_ratio: 0.01
decay_min_factor: 0.3
bandwith_kernel: None
no_interact: False
avg_score: -557.2000122070312
median_score: -554.5
std_score: 33.88569259643555
percentiles: 2%=-614.1400146484375, 5%=-606.1500244140625, 10%=-603.0, 25%=-582.25, 50%=-554.5, 75%=-533.0, 90%=-513.9000244140625, 95%=-503.8000183105469, 98%=-490.77996826171875
ranking_best_algo: Tabu
ranking_best_score: 588.7199999999999
ranking_my_rank: 106/503 (79.1%)
ranking_my_percent: 79.12524850894633
