ConfigName: kjsd__advperagentrankweighted__M3__L18__eps0p01__g0p0007__ds0p2__dm0p05
Problem: QUBO
Kernel: jsd
Advantage: peragentrankweighted
M: 3
lambda: 18
epsilon_svgd: 0.01
gamma: 0.0007
decay_start_ratio: 0.2
decay_min_factor: 0.05
bandwith_kernel: None
no_interact: False
avg_score: -2609.280029296875
median_score: -2612.0
std_score: 112.60285186767578
percentiles: 2%=-2842.239990234375, 5%=-2784.85009765625, 10%=-2756.300048828125, 25%=-2681.25, 50%=-2612.0, 75%=-2535.25, 90%=-2454.89990234375, 95%=-2431.39990234375, 98%=-2370.780029296875
ranking_best_algo: SVM1MetaModelLogNormal
ranking_best_score: 2605.14
ranking_my_rank: 1/504 (100.0%)
ranking_my_percent: 100.0
