ConfigName: kjsd__advperagentrankweighted__M4__L24__eps0p005__g0p0007__ds0p05__dm0p05
Problem: QUBO
Kernel: jsd
Advantage: peragentrankweighted
M: 4
lambda: 24
epsilon_svgd: 0.005
gamma: 0.0007
decay_start_ratio: 0.05
decay_min_factor: 0.05
bandwith_kernel: None
no_interact: False
avg_score: -582.4199829101562
median_score: -577.5
std_score: 29.645633697509766
percentiles: 2%=-635.0399780273438, 5%=-633.0, 10%=-624.2000122070312, 25%=-603.5, 50%=-577.5, 75%=-561.0, 90%=-550.9000244140625, 95%=-540.75, 98%=-527.8599853515625
ranking_best_algo: Tabu
ranking_best_score: 588.7199999999999
ranking_my_rank: 9/503 (98.4%)
ranking_my_percent: 98.40954274353876
