ConfigName: krbf__advnormalizedfitness__M2__L6__eps0p01__g0p01__ds0p01__dm0p3
Problem: NK
Kernel: rbf
Advantage: normalizedfitness
M: 2
lambda: 6
epsilon_svgd: 0.01
gamma: 0.01
decay_start_ratio: 0.01
decay_min_factor: 0.3
bandwith_kernel: None
no_interact: False
avg_score: 0.7070997357368469
median_score: 0.7084821462631226
std_score: 0.011750316247344017
percentiles: 2%=0.6883171200752258, 5%=0.6890193223953247, 10%=0.6923225522041321, 25%=0.6958754062652588, 50%=0.7084821462631226, 75%=0.71755450963974, 90%=0.7216929793357849, 95%=0.7224801778793335, 98%=0.7247394919395447
ranking_best_algo: PBIL
ranking_best_score: 0.7013553837109374
ranking_my_rank: 1/504 (100.0%)
ranking_my_percent: 100.0
