ConfigName: kjsd__advperagentrankweighted__M5__L8__eps0p01__g0p0005__ds0p2__dm0p05
Problem: QUBO
Kernel: jsd
Advantage: peragentrankweighted
M: 5
lambda: 8
epsilon_svgd: 0.01
gamma: 0.0005
decay_start_ratio: 0.2
decay_min_factor: 0.05
bandwith_kernel: None
no_interact: False
avg_score: -581.719970703125
median_score: -581.5
std_score: 27.644920349121094
percentiles: 2%=-631.0800170898438, 5%=-628.0499877929688, 10%=-620.0, 25%=-601.5, 50%=-581.5, 75%=-564.0, 90%=-549.0, 95%=-542.9500122070312, 98%=-517.9400024414062
ranking_best_algo: Tabu
ranking_best_score: 588.7199999999999
ranking_my_rank: 36/503 (93.0%)
ranking_my_percent: 93.04174950298211
