ConfigName: krbf__advnormalizedfitness__M2__L8__eps0p033__g0p007__ds0p3__dm0p3
Problem: QUBO
Kernel: rbf
Advantage: normalizedfitness
M: 2
lambda: 8
epsilon_svgd: 0.033
gamma: 0.007
decay_start_ratio: 0.3
decay_min_factor: 0.3
bandwith_kernel: None
no_interact: False
avg_score: -1224.5999755859375
median_score: -1222.5
std_score: 54.286834716796875
percentiles: 2%=-1337.02001953125, 5%=-1319.6500244140625, 10%=-1304.0999755859375, 25%=-1257.75, 50%=-1222.5, 75%=-1186.5, 90%=-1161.0, 95%=-1130.9000244140625, 98%=-1125.6600341796875
ranking_best_algo: SVMMetaModelLogNormal
ranking_best_score: 1233.7999999999997
ranking_my_rank: 14/504 (97.4%)
ranking_my_percent: 97.42063492063492
