ConfigName: kfr__advglobalrankweighted__M6__L10__eps0p02__g0p007__ds0p01__dm0p01
Problem: QUBO
Kernel: fr
Advantage: globalrankweighted
M: 6
lambda: 10
epsilon_svgd: 0.02
gamma: 0.007
decay_start_ratio: 0.01
decay_min_factor: 0.01
bandwith_kernel: None
no_interact: False
avg_score: -1029.5
median_score: -1020.0
std_score: 65.36520385742188
percentiles: 2%=-1182.3399658203125, 5%=-1145.199951171875, 10%=-1120.5, 25%=-1073.0, 50%=-1020.0, 75%=-988.5, 90%=-960.2999877929688, 95%=-931.8500366210938, 98%=-910.8399658203125
ranking_best_algo: SVMMetaModelLogNormal
ranking_best_score: 1233.7999999999997
ranking_my_rank: 212/504 (58.1%)
ranking_my_percent: 58.13492063492063
