ConfigName: krbf__advnormalizedfitness__M2__L6__eps0p01__g0p006__ds0p3__dm0p3
Problem: QUBO
Kernel: rbf
Advantage: normalizedfitness
M: 2
lambda: 6
epsilon_svgd: 0.01
gamma: 0.006
decay_start_ratio: 0.3
decay_min_factor: 0.3
bandwith_kernel: None
no_interact: False
avg_score: -2607.5
median_score: -2599.0
std_score: 118.14376831054688
percentiles: 2%=-2854.52001953125, 5%=-2802.449951171875, 10%=-2766.0, 25%=-2683.5, 50%=-2599.0, 75%=-2530.0, 90%=-2456.5, 95%=-2423.7001953125, 98%=-2373.719970703125
ranking_best_algo: DiscreteLengler2OnePlusOne
ranking_best_score: 2617.04
ranking_my_rank: 2/504 (99.8%)
ranking_my_percent: 99.8015873015873
