ConfigName: krbf__advnormalizedfitness__M4__L15__eps0p025__g0p007__ds0p15__dm0p01
Problem: NK
Kernel: rbf
Advantage: normalizedfitness
M: 4
lambda: 15
epsilon_svgd: 0.025
gamma: 0.007
decay_start_ratio: 0.15
decay_min_factor: 0.01
bandwith_kernel: None
no_interact: False
avg_score: 0.5995041131973267
median_score: 0.5967755317687988
std_score: 0.014517450705170631
percentiles: 2%=0.5782755613327026, 5%=0.5814272165298462, 10%=0.5831305384635925, 25%=0.5901627540588379, 50%=0.5967755317687988, 75%=0.6067776083946228, 90%=0.6168925762176514, 95%=0.6243222951889038, 98%=0.6344261169433594
ranking_best_algo: PBIL
ranking_best_score: 0.7170882103515624
ranking_my_rank: 360/504 (28.8%)
ranking_my_percent: 28.76984126984127
