ConfigName: krbf__advglobalrankweighted__M4__L9__eps0p015__g0p005__ds0p01__dm0p01
Problem: QUBO
Kernel: rbf
Advantage: globalrankweighted
M: 4
lambda: 9
epsilon_svgd: 0.015
gamma: 0.005
decay_start_ratio: 0.01
decay_min_factor: 0.01
bandwith_kernel: None
no_interact: False
avg_score: -1280.3599853515625
median_score: -1275.5
std_score: 68.52685546875
percentiles: 2%=-1430.300048828125, 5%=-1383.050048828125, 10%=-1371.0, 25%=-1327.25, 50%=-1275.5, 75%=-1226.5, 90%=-1205.5999755859375, 95%=-1164.5, 98%=-1140.9599609375
ranking_best_algo: BigLognormalDiscreteOnePlusOne
ranking_best_score: 1301.3600000000004
ranking_my_rank: 31/504 (94.0%)
ranking_my_percent: 94.04761904761905
