ConfigName: kjsd__advperagentrankweighted__M4__L10__eps0p01__g0p0005__ds0p2__dm0p05
Problem: NK
Kernel: jsd
Advantage: peragentrankweighted
M: 4
lambda: 10
epsilon_svgd: 0.01
gamma: 0.0005
decay_start_ratio: 0.2
decay_min_factor: 0.05
bandwith_kernel: None
no_interact: False
avg_score: 0.7425249218940735
median_score: 0.7398775815963745
std_score: 0.028525814414024353
percentiles: 2%=0.6950320601463318, 5%=0.7043296694755554, 10%=0.7119837999343872, 25%=0.7224398851394653, 50%=0.7398775815963745, 75%=0.7556831240653992, 90%=0.7773365378379822, 95%=0.8044298887252808, 98%=0.8090866208076477
ranking_best_algo: CMApara
ranking_best_score: 0.7459277895312499
ranking_my_rank: 20/504 (96.2%)
ranking_my_percent: 96.23015873015873
