ConfigName: kjsd__advperagentrankweighted__M3__L18__eps0p01__g0p003__ds0p1__dm0p1
Problem: QUBO
Kernel: jsd
Advantage: peragentrankweighted
M: 3
lambda: 18
epsilon_svgd: 0.01
gamma: 0.003
decay_start_ratio: 0.1
decay_min_factor: 0.1
bandwith_kernel: None
no_interact: False
avg_score: -1279.0
median_score: -1277.0
std_score: 65.59405517578125
percentiles: 2%=-1385.699951171875, 5%=-1381.0, 10%=-1366.0999755859375, 25%=-1331.0, 50%=-1277.0, 75%=-1228.25, 90%=-1198.4000244140625, 95%=-1184.5999755859375, 98%=-1172.8800048828125
ranking_best_algo: BigLognormalDiscreteOnePlusOne
ranking_best_score: 1301.3600000000004
ranking_my_rank: 32/504 (93.8%)
ranking_my_percent: 93.84920634920636
