ConfigName: kjsd__advperagentrankweighted__M4__L10__eps0p005__g0p0007__ds0p2__dm0p05
Problem: QUBO
Kernel: jsd
Advantage: peragentrankweighted
M: 4
lambda: 10
epsilon_svgd: 0.005
gamma: 0.0007
decay_start_ratio: 0.2
decay_min_factor: 0.05
bandwith_kernel: None
no_interact: False
avg_score: -330.9599914550781
median_score: -334.5
std_score: 22.578716278076172
percentiles: 2%=-372.0, 5%=-372.0, 10%=-354.29998779296875, 25%=-342.25, 50%=-334.5, 75%=-320.0, 90%=-293.8999938964844, 95%=-289.79998779296875, 98%=-280.9800109863281
ranking_best_algo: CMApara
ranking_best_score: 344.22
ranking_my_rank: 77/504 (84.9%)
ranking_my_percent: 84.92063492063492
