ConfigName: kjsd__advperagentrankweighted__M3__L20__eps0p005__g0p0005__ds0p05__dm0p1
Problem: NK
Kernel: jsd
Advantage: peragentrankweighted
M: 3
lambda: 20
epsilon_svgd: 0.005
gamma: 0.0005
decay_start_ratio: 0.05
decay_min_factor: 0.1
bandwith_kernel: None
no_interact: False
avg_score: 0.7332103252410889
median_score: 0.7318782806396484
std_score: 0.00863099005073309
percentiles: 2%=0.7172816395759583, 5%=0.7201968431472778, 10%=0.7234387993812561, 25%=0.7271779775619507, 50%=0.7318782806396484, 75%=0.7399773597717285, 90%=0.7460289597511292, 95%=0.7474939823150635, 98%=0.7495989799499512
ranking_best_algo: Tabu
ranking_best_score: 0.7429702712499999
ranking_my_rank: 2/504 (99.8%)
ranking_my_percent: 99.8015873015873
