ConfigName: kjsd__advperagentrankweighted__M3__L20__eps0p007__g0p001__ds0p2__dm0p2
Problem: QUBO
Kernel: jsd
Advantage: peragentrankweighted
M: 3
lambda: 20
epsilon_svgd: 0.007
gamma: 0.001
decay_start_ratio: 0.2
decay_min_factor: 0.2
bandwith_kernel: None
no_interact: False
avg_score: -1235.1199951171875
median_score: -1223.5
std_score: 64.29747772216797
percentiles: 2%=-1387.0, 5%=-1363.4000244140625, 10%=-1327.800048828125, 25%=-1278.25, 50%=-1223.5, 75%=-1183.0, 90%=-1161.9000244140625, 95%=-1137.8499755859375, 98%=-1130.8800048828125
ranking_best_algo: SVMMetaModelLogNormal
ranking_best_score: 1233.7999999999997
ranking_my_rank: 1/504 (100.0%)
ranking_my_percent: 100.0
