ConfigName: krbf__advnormalizedfitness__M4__L15__eps0p033__g0p01__ds0p3__dm0p01
Problem: QUBO
Kernel: rbf
Advantage: normalizedfitness
M: 4
lambda: 15
epsilon_svgd: 0.033
gamma: 0.01
decay_start_ratio: 0.3
decay_min_factor: 0.01
bandwith_kernel: None
no_interact: False
avg_score: -416.760009765625
median_score: -414.0
std_score: 27.921716690063477
percentiles: 2%=-473.0799865722656, 5%=-473.0, 10%=-453.0, 25%=-434.5, 50%=-414.0, 75%=-399.5, 90%=-382.0, 95%=-373.95001220703125, 98%=-361.9599914550781
ranking_best_algo: Tabu
ranking_best_score: 438.12
ranking_my_rank: 43/504 (91.7%)
ranking_my_percent: 91.66666666666667
