ConfigName: kjsd__advperagentrankweighted__M6__L24__eps0p008__g0p0005__ds0p3__dm0p05
Problem: NK
Kernel: jsd
Advantage: peragentrankweighted
M: 6
lambda: 24
epsilon_svgd: 0.008
gamma: 0.0005
decay_start_ratio: 0.3
decay_min_factor: 0.05
bandwith_kernel: None
no_interact: False
avg_score: 0.7110278606414795
median_score: 0.7122320532798767
std_score: 0.015187669545412064
percentiles: 2%=0.6729696989059448, 5%=0.6734564900398254, 10%=0.6965450644493103, 25%=0.7085272669792175, 50%=0.7122320532798767, 75%=0.7201935052871704, 90%=0.7249794602394104, 95%=0.7320894002914429, 98%=0.7340807914733887
ranking_best_algo: CMApara
ranking_best_score: 0.707475975
ranking_my_rank: 1/504 (100.0%)
ranking_my_percent: 100.0
