ConfigName: kjsd__advperagentrankweighted__M5__L10__eps0p02__g0p0003__ds0p05__dm0p05
Problem: NK
Kernel: jsd
Advantage: peragentrankweighted
M: 5
lambda: 10
epsilon_svgd: 0.02
gamma: 0.0003
decay_start_ratio: 0.05
decay_min_factor: 0.05
bandwith_kernel: None
no_interact: False
avg_score: 0.7278618812561035
median_score: 0.7277162075042725
std_score: 0.00882431399077177
percentiles: 2%=0.7096138596534729, 5%=0.7135528922080994, 10%=0.7163901329040527, 25%=0.7219295501708984, 50%=0.7277162075042725, 75%=0.7331253290176392, 90%=0.7380020022392273, 95%=0.7402783036231995, 98%=0.7480491399765015
ranking_best_algo: PBIL
ranking_best_score: 0.733570253046875
ranking_my_rank: 4/504 (99.4%)
ranking_my_percent: 99.4047619047619
