ConfigName: kjsd__advperagentrankweighted__M4__L24__eps0p005__g0p0005__ds0p2__dm0p05
Problem: NK
Kernel: jsd
Advantage: peragentrankweighted
M: 4
lambda: 24
epsilon_svgd: 0.005
gamma: 0.0005
decay_start_ratio: 0.2
decay_min_factor: 0.05
bandwith_kernel: None
no_interact: False
avg_score: 0.755260705947876
median_score: 0.7559723854064941
std_score: 0.013945703394711018
percentiles: 2%=0.7255735397338867, 5%=0.7328001260757446, 10%=0.7365174889564514, 25%=0.7466548085212708, 50%=0.7559723854064941, 75%=0.7671229839324951, 90%=0.771950900554657, 95%=0.773878812789917, 98%=0.7789099812507629
ranking_best_algo: Tabu
ranking_best_score: 0.7657846284375001
ranking_my_rank: 5/504 (99.2%)
ranking_my_percent: 99.2063492063492
