ConfigName: kjsd__advperagentrankweighted__M3__L20__eps0p007__g0p0007__ds0p2__dm0p2
Problem: QUBO
Kernel: jsd
Advantage: peragentrankweighted
M: 3
lambda: 20
epsilon_svgd: 0.007
gamma: 0.0007
decay_start_ratio: 0.2
decay_min_factor: 0.2
bandwith_kernel: None
no_interact: False
avg_score: -1625.43994140625
median_score: -1625.0
std_score: 62.91157531738281
percentiles: 2%=-1747.0, 5%=-1739.3499755859375, 10%=-1716.300048828125, 25%=-1661.25, 50%=-1625.0, 75%=-1577.0, 90%=-1553.0, 95%=-1536.5999755859375, 98%=-1494.9200439453125
ranking_best_algo: NLOPT_LN_PRAXIS
ranking_best_score: 1607.12
ranking_my_rank: 1/504 (100.0%)
ranking_my_percent: 100.0
