ConfigName: krbf__advnormalizedfitness__M2__L15__eps0p025__g0p007__ds0p15__dm0p01
Problem: QUBO
Kernel: rbf
Advantage: normalizedfitness
M: 2
lambda: 15
epsilon_svgd: 0.025
gamma: 0.007
decay_start_ratio: 0.15
decay_min_factor: 0.01
bandwith_kernel: None
no_interact: False
avg_score: -2588.760009765625
median_score: -2584.0
std_score: 125.73297882080078
percentiles: 2%=-2840.06005859375, 5%=-2782.35009765625, 10%=-2749.10009765625, 25%=-2695.0, 50%=-2584.0, 75%=-2479.0, 90%=-2431.39990234375, 95%=-2403.89990234375, 98%=-2393.800048828125
ranking_best_algo: SVM1MetaModelLogNormal
ranking_best_score: 2605.14
ranking_my_rank: 11/504 (98.0%)
ranking_my_percent: 98.01587301587301
