ConfigName: kjsd__advperagentrankweighted__M5__L12__eps0p03__g0p0007__ds0p2__dm0p05
Problem: QUBO
Kernel: jsd
Advantage: peragentrankweighted
M: 5
lambda: 12
epsilon_svgd: 0.03
gamma: 0.0007
decay_start_ratio: 0.2
decay_min_factor: 0.05
bandwith_kernel: None
no_interact: False
avg_score: -1616.0400390625
median_score: -1622.5
std_score: 61.62709045410156
percentiles: 2%=-1744.0999755859375, 5%=-1720.300048828125, 10%=-1693.4000244140625, 25%=-1652.5, 50%=-1622.5, 75%=-1566.25, 90%=-1534.800048828125, 95%=-1512.5999755859375, 98%=-1498.6800537109375
ranking_best_algo: NLOPT_LN_PRAXIS
ranking_best_score: 1607.12
ranking_my_rank: 1/504 (100.0%)
ranking_my_percent: 100.0
