ConfigName: kfr__advglobalrankweighted__M4__L10__eps0p02__g0p007__ds0p01__dm0p01
Problem: QUBO
Kernel: fr
Advantage: globalrankweighted
M: 4
lambda: 10
epsilon_svgd: 0.02
gamma: 0.007
decay_start_ratio: 0.01
decay_min_factor: 0.01
bandwith_kernel: None
no_interact: False
avg_score: -1576.280029296875
median_score: -1582.5
std_score: 68.87075805664062
percentiles: 2%=-1709.3399658203125, 5%=-1686.199951171875, 10%=-1668.4000244140625, 25%=-1617.5, 50%=-1582.5, 75%=-1524.5, 90%=-1495.0, 95%=-1476.699951171875, 98%=-1454.93994140625
ranking_best_algo: NLOPT_LN_PRAXIS
ranking_best_score: 1607.12
ranking_my_rank: 44/504 (91.5%)
ranking_my_percent: 91.46825396825396
