ConfigName: kjsd__advperagentrankweighted__M3__L20__eps0p005__g0p001__ds0p1__dm0p1
Problem: QUBO
Kernel: jsd
Advantage: peragentrankweighted
M: 3
lambda: 20
epsilon_svgd: 0.005
gamma: 0.001
decay_start_ratio: 0.1
decay_min_factor: 0.1
bandwith_kernel: None
no_interact: False
avg_score: -577.97998046875
median_score: -579.5
std_score: 29.22669219970703
percentiles: 2%=-633.0, 5%=-626.1500244140625, 10%=-617.0999755859375, 25%=-595.0, 50%=-579.5, 75%=-562.5, 90%=-540.7000122070312, 95%=-528.7000122070312, 98%=-511.9800109863281
ranking_best_algo: Tabu
ranking_best_score: 588.7199999999999
ranking_my_rank: 42/503 (91.8%)
ranking_my_percent: 91.84890656063618
