ConfigName: krbf__advnormalizedfitness__M4__L10__eps0p03__g0p005__ds0p05__dm0p05
Problem: QUBO
Kernel: rbf
Advantage: normalizedfitness
M: 4
lambda: 10
epsilon_svgd: 0.03
gamma: 0.005
decay_start_ratio: 0.05
decay_min_factor: 0.05
bandwith_kernel: None
no_interact: False
avg_score: -934.760009765625
median_score: -937.5
std_score: 67.88462829589844
percentiles: 2%=-1050.1800537109375, 5%=-1044.25, 10%=-1023.2000122070312, 25%=-983.25, 50%=-937.5, 75%=-896.75, 90%=-833.0, 95%=-818.7000122070312, 98%=-804.719970703125
ranking_best_algo: CMApara
ranking_best_score: 964.9
ranking_my_rank: 16/504 (97.0%)
ranking_my_percent: 97.02380952380952
