ConfigName: kjsd__advperagentrankweighted__M6__L30__eps0p005__g0p0005__ds0p05__dm0p05
Problem: NK
Kernel: jsd
Advantage: peragentrankweighted
M: 6
lambda: 30
epsilon_svgd: 0.005
gamma: 0.0005
decay_start_ratio: 0.05
decay_min_factor: 0.05
bandwith_kernel: None
no_interact: False
avg_score: 0.6679853796958923
median_score: 0.6676804423332214
std_score: 0.021927570924162865
percentiles: 2%=0.6245542168617249, 5%=0.6377654075622559, 10%=0.6431951522827148, 25%=0.6531313061714172, 50%=0.6676804423332214, 75%=0.679826557636261, 90%=0.6967969536781311, 95%=0.7017500996589661, 98%=0.7162425518035889
ranking_best_algo: Tabu
ranking_best_score: 0.7429702712499999
ranking_my_rank: 311/504 (38.5%)
ranking_my_percent: 38.492063492063494
