ConfigName: krbf__advnormalizedfitness__M3__L12__eps0p033__g0p01__ds0p15__dm0p3
Problem: NK
Kernel: rbf
Advantage: normalizedfitness
M: 3
lambda: 12
epsilon_svgd: 0.033
gamma: 0.01
decay_start_ratio: 0.15
decay_min_factor: 0.3
bandwith_kernel: None
no_interact: False
avg_score: 0.705536425113678
median_score: 0.7079696655273438
std_score: 0.011859689839184284
percentiles: 2%=0.6858112812042236, 5%=0.6878001093864441, 10%=0.6893724799156189, 25%=0.6944557428359985, 50%=0.7079696655273438, 75%=0.7157906293869019, 90%=0.7199558019638062, 95%=0.7217352986335754, 98%=0.7220286130905151
ranking_best_algo: PBIL
ranking_best_score: 0.7013553837109374
ranking_my_rank: 1/504 (100.0%)
ranking_my_percent: 100.0
