ConfigName: kjsd__advperagentrankweighted__M3__L20__eps0p005__g0p0005__ds0p1__dm0p05
Problem: NK
Kernel: jsd
Advantage: peragentrankweighted
M: 3
lambda: 20
epsilon_svgd: 0.005
gamma: 0.0005
decay_start_ratio: 0.1
decay_min_factor: 0.05
bandwith_kernel: None
no_interact: False
avg_score: 0.7223260402679443
median_score: 0.721043586730957
std_score: 0.008541080169379711
percentiles: 2%=0.7067601680755615, 5%=0.7084358930587769, 10%=0.7116250991821289, 25%=0.7168379426002502, 50%=0.721043586730957, 75%=0.7281858921051025, 90%=0.733679473400116, 95%=0.7361390590667725, 98%=0.7406253218650818
ranking_best_algo: PBIL
ranking_best_score: 0.7170882103515624
ranking_my_rank: 1/504 (100.0%)
ranking_my_percent: 100.0
