ConfigName: krbf__advnormalizedfitness__M4__L10__eps0p025__g0p005__ds0p05__dm0p05
Problem: NK
Kernel: rbf
Advantage: normalizedfitness
M: 4
lambda: 10
epsilon_svgd: 0.025
gamma: 0.005
decay_start_ratio: 0.05
decay_min_factor: 0.05
bandwith_kernel: None
no_interact: False
avg_score: 0.7407304644584656
median_score: 0.7402061820030212
std_score: 0.010714354924857616
percentiles: 2%=0.7159683108329773, 5%=0.7231194376945496, 10%=0.7274524569511414, 25%=0.7342158555984497, 50%=0.7402061820030212, 75%=0.7492370009422302, 90%=0.7524687051773071, 95%=0.7551918029785156, 98%=0.763974666595459
ranking_best_algo: PBIL
ranking_best_score: 0.733570253046875
ranking_my_rank: 1/504 (100.0%)
ranking_my_percent: 100.0
