ConfigName: kjsd__advperagentrankweighted__M3__L20__eps0p01__g0p0005__ds0p1__dm0p1
Problem: NK
Kernel: jsd
Advantage: peragentrankweighted
M: 3
lambda: 20
epsilon_svgd: 0.01
gamma: 0.0005
decay_start_ratio: 0.1
decay_min_factor: 0.1
bandwith_kernel: None
no_interact: False
avg_score: 0.7524429559707642
median_score: 0.7542108297348022
std_score: 0.013527198694646358
percentiles: 2%=0.7269325852394104, 5%=0.7309492230415344, 10%=0.7328071594238281, 25%=0.7428224086761475, 50%=0.7542108297348022, 75%=0.7616798877716064, 90%=0.7678335905075073, 95%=0.7718469500541687, 98%=0.776762843132019
ranking_best_algo: Tabu
ranking_best_score: 0.7470791764843752
ranking_my_rank: 1/504 (100.0%)
ranking_my_percent: 100.0
