ConfigName: kjsd__advperagentrankweighted__M3__L30__eps0p007__g0p001__ds0p1__dm0p05
Problem: QUBO
Kernel: jsd
Advantage: peragentrankweighted
M: 3
lambda: 30
epsilon_svgd: 0.007
gamma: 0.001
decay_start_ratio: 0.1
decay_min_factor: 0.05
bandwith_kernel: None
no_interact: False
avg_score: -326.0799865722656
median_score: -332.5
std_score: 21.837434768676758
percentiles: 2%=-361.2200012207031, 5%=-357.0, 10%=-350.0, 25%=-340.0, 50%=-332.5, 75%=-312.0, 90%=-295.79998779296875, 95%=-290.95001220703125, 98%=-281.8399963378906
ranking_best_algo: CMApara
ranking_best_score: 344.22
ranking_my_rank: 114/504 (77.6%)
ranking_my_percent: 77.57936507936508
