ConfigName: krbf__advnormalizedfitness__M3__L8__eps0p015__g0p007__ds0p01__dm0p01
Problem: NK
Kernel: rbf
Advantage: normalizedfitness
M: 3
lambda: 8
epsilon_svgd: 0.015
gamma: 0.007
decay_start_ratio: 0.01
decay_min_factor: 0.01
bandwith_kernel: None
no_interact: False
avg_score: 0.7418738007545471
median_score: 0.7414126396179199
std_score: 0.016122784465551376
percentiles: 2%=0.7112550735473633, 5%=0.7170199155807495, 10%=0.7223877310752869, 25%=0.7301189303398132, 50%=0.7414126396179199, 75%=0.7540813684463501, 90%=0.7623445987701416, 95%=0.7670618295669556, 98%=0.7783623337745667
ranking_best_algo: Tabu
ranking_best_score: 0.7601875690625
ranking_my_rank: 12/504 (97.8%)
ranking_my_percent: 97.81746031746032
