ConfigName: krbf__advnormalizedfitness__M4__L12__eps0p025__g0p01__ds0p3__dm0p01
Problem: QUBO
Kernel: rbf
Advantage: normalizedfitness
M: 4
lambda: 12
epsilon_svgd: 0.025
gamma: 0.01
decay_start_ratio: 0.3
decay_min_factor: 0.01
bandwith_kernel: None
no_interact: False
avg_score: -843.5999755859375
median_score: -840.0
std_score: 81.50275421142578
percentiles: 2%=-1018.0800170898438, 5%=-974.0, 10%=-955.0999755859375, 25%=-899.25, 50%=-840.0, 75%=-792.75, 90%=-740.0, 95%=-711.9500122070312, 98%=-683.659912109375
ranking_best_algo: CMAL3
ranking_best_score: 928.5800000000002
ranking_my_rank: 241/504 (52.4%)
ranking_my_percent: 52.38095238095238
