ConfigName: kjsd__advperagentrankweighted__M3__L16__eps0p01__g0p001__ds0p05__dm0p1
Problem: NK
Kernel: jsd
Advantage: peragentrankweighted
M: 3
lambda: 16
epsilon_svgd: 0.01
gamma: 0.001
decay_start_ratio: 0.05
decay_min_factor: 0.1
bandwith_kernel: None
no_interact: False
avg_score: 0.7110892534255981
median_score: 0.6987258791923523
std_score: 0.03137994557619095
percentiles: 2%=0.6734704971313477, 5%=0.6742353439331055, 10%=0.6771544814109802, 25%=0.6824374794960022, 50%=0.6987258791923523, 75%=0.7457516193389893, 90%=0.7537308931350708, 95%=0.7613165378570557, 98%=0.7613165378570557
ranking_best_algo: CMApara
ranking_best_score: 0.7118996098437498
ranking_my_rank: 6/504 (99.0%)
ranking_my_percent: 99.0079365079365
