ConfigName: krbf__advnormalizedfitness__M4__L10__eps0p025__g0p005__ds0p3__dm0p3
Problem: NK
Kernel: rbf
Advantage: normalizedfitness
M: 4
lambda: 10
epsilon_svgd: 0.025
gamma: 0.005
decay_start_ratio: 0.3
decay_min_factor: 0.3
bandwith_kernel: None
no_interact: False
avg_score: 0.7217543721199036
median_score: 0.7233297228813171
std_score: 0.016567841172218323
percentiles: 2%=0.6919155120849609, 5%=0.6949673295021057, 10%=0.7008193731307983, 25%=0.7087712287902832, 50%=0.7233297228813171, 75%=0.7336016893386841, 90%=0.7448168396949768, 95%=0.748279869556427, 98%=0.7528133392333984
ranking_best_algo: PBIL
ranking_best_score: 0.733570253046875
ranking_my_rank: 50/504 (90.3%)
ranking_my_percent: 90.27777777777777
