ConfigName: kfr__advglobalrankweighted__M6__L11__eps0p02__g0p005__ds0p01__dm0p01
Problem: QUBO
Kernel: fr
Advantage: globalrankweighted
M: 6
lambda: 11
epsilon_svgd: 0.02
gamma: 0.005
decay_start_ratio: 0.01
decay_min_factor: 0.01
bandwith_kernel: None
no_interact: False
avg_score: -1166.93994140625
median_score: -1165.0
std_score: 73.92547607421875
percentiles: 2%=-1309.1199951171875, 5%=-1287.9000244140625, 10%=-1256.699951171875, 25%=-1217.0, 50%=-1165.0, 75%=-1117.0, 90%=-1073.5999755859375, 95%=-1060.35009765625, 98%=-1033.619873046875
ranking_best_algo: Tabu
ranking_best_score: 1216.16
ranking_my_rank: 93/504 (81.7%)
ranking_my_percent: 81.74603174603175
