ConfigName: kjsd__advperagentrankweighted__M8__L12__eps0p005__g0p0005__ds0p05__dm0p05
Problem: QUBO
Kernel: jsd
Advantage: peragentrankweighted
M: 8
lambda: 12
epsilon_svgd: 0.005
gamma: 0.0005
decay_start_ratio: 0.05
decay_min_factor: 0.05
bandwith_kernel: None
no_interact: False
avg_score: -141.66000366210938
median_score: -143.0
std_score: 10.415584564208984
percentiles: 2%=-159.0, 5%=-158.0, 10%=-157.0, 25%=-149.25, 50%=-143.0, 75%=-132.0, 90%=-128.8000030517578, 95%=-126.9000015258789, 98%=-122.91999816894531
ranking_best_algo: DiscreteDE
ranking_best_score: 143.4
ranking_my_rank: 54/504 (89.5%)
ranking_my_percent: 89.48412698412699
