ConfigName: krbf__advnormalizedfitness__M3__L12__eps0p015__g0p007__ds0p01__dm0p3
Problem: QUBO
Kernel: rbf
Advantage: normalizedfitness
M: 3
lambda: 12
epsilon_svgd: 0.015
gamma: 0.007
decay_start_ratio: 0.01
decay_min_factor: 0.3
bandwith_kernel: None
no_interact: False
avg_score: -1298.1600341796875
median_score: -1284.5
std_score: 152.98638916015625
percentiles: 2%=-1618.280029296875, 5%=-1527.5999755859375, 10%=-1491.800048828125, 25%=-1421.0, 50%=-1284.5, 75%=-1167.0, 90%=-1118.800048828125, 95%=-1061.0, 98%=-1052.8599853515625
ranking_best_algo: NLOPT_LN_PRAXIS
ranking_best_score: 1607.12
ranking_my_rank: 201/504 (60.3%)
ranking_my_percent: 60.317460317460316
