ConfigName: krbf__advnormalizedfitness__M2__L8__eps0p025__g0p007__ds0p15__dm0p3
Problem: QUBO
Kernel: rbf
Advantage: normalizedfitness
M: 2
lambda: 8
epsilon_svgd: 0.025
gamma: 0.007
decay_start_ratio: 0.15
decay_min_factor: 0.3
bandwith_kernel: None
no_interact: False
avg_score: -433.70001220703125
median_score: -437.0
std_score: 30.46883773803711
percentiles: 2%=-489.05999755859375, 5%=-473.5, 10%=-469.1000061035156, 25%=-459.0, 50%=-437.0, 75%=-408.0, 90%=-392.79998779296875, 95%=-386.8999938964844, 98%=-375.9599914550781
ranking_best_algo: CMApara
ranking_best_score: 453.82
ranking_my_rank: 40/504 (92.3%)
ranking_my_percent: 92.26190476190476
