ConfigName: krbf__advnormalizedfitness__M3__L12__eps0p015__g0p015__ds0p01__dm0p3
Problem: QUBO
Kernel: rbf
Advantage: normalizedfitness
M: 3
lambda: 12
epsilon_svgd: 0.015
gamma: 0.015
decay_start_ratio: 0.01
decay_min_factor: 0.3
bandwith_kernel: None
no_interact: False
avg_score: -708.1599731445312
median_score: -695.5
std_score: 104.20016479492188
percentiles: 2%=-953.219970703125, 5%=-899.5999755859375, 10%=-850.2000122070312, 25%=-787.0, 50%=-695.5, 75%=-623.75, 90%=-595.2999877929688, 95%=-558.6500244140625, 98%=-544.8800048828125
ranking_best_algo: Tabu
ranking_best_score: 1216.16
ranking_my_rank: 346/504 (31.5%)
ranking_my_percent: 31.547619047619047
