ConfigName: kjsd__advperagentrankweighted__M6__L28__eps0p005__g0p0005__ds0p3__dm0p05
Problem: QUBO
Kernel: jsd
Advantage: peragentrankweighted
M: 6
lambda: 28
epsilon_svgd: 0.005
gamma: 0.0005
decay_start_ratio: 0.3
decay_min_factor: 0.05
bandwith_kernel: None
no_interact: False
avg_score: -331.3599853515625
median_score: -334.0
std_score: 17.85358238220215
percentiles: 2%=-372.0, 5%=-354.1499938964844, 10%=-350.0, 25%=-343.0, 50%=-334.0, 75%=-321.75, 90%=-307.8999938964844, 95%=-294.95001220703125, 98%=-289.9599914550781
ranking_best_algo: CMApara
ranking_best_score: 344.22
ranking_my_rank: 76/504 (85.1%)
ranking_my_percent: 85.11904761904762
