ConfigName: kjsd__advperagentrankweighted__M6__L8__eps0p03__g0p0003__ds0p2__dm0p05
Problem: QUBO
Kernel: jsd
Advantage: peragentrankweighted
M: 6
lambda: 8
epsilon_svgd: 0.03
gamma: 0.0003
decay_start_ratio: 0.2
decay_min_factor: 0.05
bandwith_kernel: None
no_interact: False
avg_score: -327.94000244140625
median_score: -330.0
std_score: 20.902545928955078
percentiles: 2%=-372.0, 5%=-361.25, 10%=-355.0, 25%=-340.25, 50%=-330.0, 75%=-314.0, 90%=-298.0, 95%=-291.8999938964844, 98%=-286.94000244140625
ranking_best_algo: CMApara
ranking_best_score: 344.22
ranking_my_rank: 85/504 (83.3%)
ranking_my_percent: 83.33333333333333
