ConfigName: krbf__advnormalizedfitness__M1__L8__eps0p015__g0p01__ds0p01__dm0p3
Problem: QUBO
Kernel: rbf
Advantage: normalizedfitness
M: 1
lambda: 8
epsilon_svgd: 0.015
gamma: 0.01
decay_start_ratio: 0.01
decay_min_factor: 0.3
bandwith_kernel: None
no_interact: False
avg_score: -297.5799865722656
median_score: -288.5
std_score: 40.281307220458984
percentiles: 2%=-380.1600036621094, 5%=-370.0, 10%=-352.6000061035156, 25%=-324.0, 50%=-288.5, 75%=-266.0, 90%=-248.5, 95%=-238.95001220703125, 98%=-233.91998291015625
ranking_best_algo: CMApara
ranking_best_score: 319.29999999999995
ranking_my_rank: 242/504 (52.2%)
ranking_my_percent: 52.182539682539684
