ConfigName: krbf__advnormalizedfitness__M2__L8__eps0p015__g0p005__ds0p3__dm0p01
Problem: NK
Kernel: rbf
Advantage: normalizedfitness
M: 2
lambda: 8
epsilon_svgd: 0.015
gamma: 0.005
decay_start_ratio: 0.3
decay_min_factor: 0.01
bandwith_kernel: None
no_interact: False
avg_score: 0.7065954804420471
median_score: 0.7081555128097534
std_score: 0.011650174856185913
percentiles: 2%=0.6880267262458801, 5%=0.6885896325111389, 10%=0.6907995939254761, 25%=0.6959730982780457, 50%=0.7081555128097534, 75%=0.7168502807617188, 90%=0.7208758592605591, 95%=0.7221952080726624, 98%=0.723440408706665
ranking_best_algo: PBIL
ranking_best_score: 0.7013553837109374
ranking_my_rank: 1/504 (100.0%)
ranking_my_percent: 100.0
