ConfigName: krbf__advnormalizedfitness__M3__L8__eps0p033__g0p005__ds0p3__dm0p3
Problem: QUBO
Kernel: rbf
Advantage: normalizedfitness
M: 3
lambda: 8
epsilon_svgd: 0.033
gamma: 0.005
decay_start_ratio: 0.3
decay_min_factor: 0.3
bandwith_kernel: None
no_interact: False
avg_score: -137.77999877929688
median_score: -141.0
std_score: 12.166823387145996
percentiles: 2%=-159.0, 5%=-156.0500030517578, 10%=-152.1999969482422, 25%=-146.0, 50%=-141.0, 75%=-129.75, 90%=-120.9000015258789, 95%=-115.95000457763672, 98%=-113.93998718261719
ranking_best_algo: DiscreteDE
ranking_best_score: 143.4
ranking_my_rank: 117/504 (77.0%)
ranking_my_percent: 76.98412698412699
