ConfigName: kjsd__advperagentrankweighted__M3__L16__eps0p005__g0p0007__ds0p1__dm0p2
Problem: NK
Kernel: jsd
Advantage: peragentrankweighted
M: 3
lambda: 16
epsilon_svgd: 0.005
gamma: 0.0007
decay_start_ratio: 0.1
decay_min_factor: 0.2
bandwith_kernel: None
no_interact: False
avg_score: 0.7375216484069824
median_score: 0.7386254072189331
std_score: 0.008880634792149067
percentiles: 2%=0.7200296521186829, 5%=0.7221757173538208, 10%=0.7247778177261353, 25%=0.7310834527015686, 50%=0.7386254072189331, 75%=0.7441546320915222, 90%=0.7476193904876709, 95%=0.7512340545654297, 98%=0.7530524134635925
ranking_best_algo: PBIL
ranking_best_score: 0.730509098125
ranking_my_rank: 1/504 (100.0%)
ranking_my_percent: 100.0
