ConfigName: kjsd__advperagentrankweighted__M3__L18__eps0p005__g0p003__ds0p1__dm0p05
Problem: QUBO
Kernel: jsd
Advantage: peragentrankweighted
M: 3
lambda: 18
epsilon_svgd: 0.005
gamma: 0.003
decay_start_ratio: 0.1
decay_min_factor: 0.05
bandwith_kernel: None
no_interact: False
avg_score: -917.6199951171875
median_score: -908.0
std_score: 72.50265502929688
percentiles: 2%=-1070.0799560546875, 5%=-1057.199951171875, 10%=-1017.2000122070312, 25%=-968.0, 50%=-908.0, 75%=-864.5, 90%=-827.0, 95%=-808.5999755859375, 98%=-795.8599853515625
ranking_best_algo: CMApara
ranking_best_score: 964.9
ranking_my_rank: 67/504 (86.9%)
ranking_my_percent: 86.9047619047619
