ConfigName: krbf__advnormalizedfitness__M1__L8__eps0p033__g0p01__ds0p01__dm0p3
Problem: QUBO
Kernel: rbf
Advantage: normalizedfitness
M: 1
lambda: 8
epsilon_svgd: 0.033
gamma: 0.01
decay_start_ratio: 0.01
decay_min_factor: 0.3
bandwith_kernel: None
no_interact: False
avg_score: -191.10000610351562
median_score: -189.0
std_score: 15.470940589904785
percentiles: 2%=-224.0, 5%=-218.10000610351562, 10%=-212.10000610351562, 25%=-201.0, 50%=-189.0, 75%=-180.0, 90%=-172.89999389648438, 95%=-164.95001220703125, 98%=-158.97999572753906
ranking_best_algo: Tabu
ranking_best_score: 208.36000000000004
ranking_my_rank: 233/504 (54.0%)
ranking_my_percent: 53.96825396825397
