ConfigName: krbf__advnormalizedfitness__M4__L8__eps0p025__g0p015__ds0p3__dm0p01
Problem: NK
Kernel: rbf
Advantage: normalizedfitness
M: 4
lambda: 8
epsilon_svgd: 0.025
gamma: 0.015
decay_start_ratio: 0.3
decay_min_factor: 0.01
bandwith_kernel: None
no_interact: False
avg_score: 0.7101740837097168
median_score: 0.7110040783882141
std_score: 0.015319467522203922
percentiles: 2%=0.671521008014679, 5%=0.6721904873847961, 10%=0.696157693862915, 25%=0.7072405815124512, 50%=0.7110040783882141, 75%=0.7192058563232422, 90%=0.7253939509391785, 95%=0.7317032814025879, 98%=0.7322700023651123
ranking_best_algo: CMApara
ranking_best_score: 0.707475975
ranking_my_rank: 1/504 (100.0%)
ranking_my_percent: 100.0
