ConfigName: kjsd__advperagentrankweighted__M5__L8__eps0p005__g0p0007__ds0p4__dm0p05
Problem: QUBO
Kernel: jsd
Advantage: peragentrankweighted
M: 5
lambda: 8
epsilon_svgd: 0.005
gamma: 0.0007
decay_start_ratio: 0.4
decay_min_factor: 0.05
bandwith_kernel: None
no_interact: False
avg_score: -201.67999267578125
median_score: -203.0
std_score: 12.719182014465332
percentiles: 2%=-224.0, 5%=-224.0, 10%=-218.10000610351562, 25%=-209.0, 50%=-203.0, 75%=-194.0, 90%=-185.0, 95%=-176.89999389648438, 98%=-173.9600067138672
ranking_best_algo: Tabu
ranking_best_score: 208.36000000000004
ranking_my_rank: 39/504 (92.5%)
ranking_my_percent: 92.46031746031746
