ConfigName: krbf__advnormalizedfitness__M1__L10__eps0p015__g0p007__ds0p3__dm0p3
Problem: QUBO
Kernel: rbf
Advantage: normalizedfitness
M: 1
lambda: 10
epsilon_svgd: 0.015
gamma: 0.007
decay_start_ratio: 0.3
decay_min_factor: 0.3
bandwith_kernel: None
no_interact: False
avg_score: -1168.3199462890625
median_score: -1165.0
std_score: 67.16098022460938
percentiles: 2%=-1294.699951171875, 5%=-1283.300048828125, 10%=-1256.0, 25%=-1211.25, 50%=-1165.0, 75%=-1120.5, 90%=-1076.5, 95%=-1065.949951171875, 98%=-1030.8599853515625
ranking_best_algo: Tabu
ranking_best_score: 1216.16
ranking_my_rank: 93/504 (81.7%)
ranking_my_percent: 81.74603174603175
