ConfigName: kjsd__advperagentrankweighted__M3__L18__eps0p01__g0p0007__ds0p1__dm0p1
Problem: NK
Kernel: jsd
Advantage: peragentrankweighted
M: 3
lambda: 18
epsilon_svgd: 0.01
gamma: 0.0007
decay_start_ratio: 0.1
decay_min_factor: 0.1
bandwith_kernel: None
no_interact: False
avg_score: 0.7111585736274719
median_score: 0.6985580325126648
std_score: 0.03145270049571991
percentiles: 2%=0.6737370491027832, 5%=0.6748207211494446, 10%=0.6781611442565918, 25%=0.6822564601898193, 50%=0.6985580325126648, 75%=0.7467129230499268, 90%=0.7535533308982849, 95%=0.7613165378570557, 98%=0.7613165378570557
ranking_best_algo: CMApara
ranking_best_score: 0.7118996098437498
ranking_my_rank: 4/504 (99.4%)
ranking_my_percent: 99.4047619047619
