ConfigName: kjsd__advperagentrankweighted__M3__L30__eps0p007__g0p0005__ds0p1__dm0p1
Problem: QUBO
Kernel: jsd
Advantage: peragentrankweighted
M: 3
lambda: 30
epsilon_svgd: 0.007
gamma: 0.0005
decay_start_ratio: 0.1
decay_min_factor: 0.1
bandwith_kernel: None
no_interact: False
avg_score: -327.8800048828125
median_score: -329.0
std_score: 21.81434440612793
percentiles: 2%=-372.0, 5%=-357.20001220703125, 10%=-350.3999938964844, 25%=-343.0, 50%=-329.0, 75%=-315.75, 90%=-296.0, 95%=-288.8500061035156, 98%=-277.9200134277344
ranking_best_algo: CMApara
ranking_best_score: 344.22
ranking_my_rank: 85/504 (83.3%)
ranking_my_percent: 83.33333333333333
