ConfigName: krbf__advnormalizedfitness__M4__L15__eps0p033__g0p015__ds0p01__dm0p3
Problem: QUBO
Kernel: rbf
Advantage: normalizedfitness
M: 4
lambda: 15
epsilon_svgd: 0.033
gamma: 0.015
decay_start_ratio: 0.01
decay_min_factor: 0.3
bandwith_kernel: None
no_interact: False
avg_score: -357.0199890136719
median_score: -357.5
std_score: 35.807254791259766
percentiles: 2%=-431.1000061035156, 5%=-418.20001220703125, 10%=-406.29998779296875, 25%=-381.0, 50%=-357.5, 75%=-331.0, 90%=-309.8999938964844, 95%=-302.60003662109375, 98%=-293.679931640625
ranking_best_algo: CMApara
ranking_best_score: 453.82
ranking_my_rank: 330/504 (34.7%)
ranking_my_percent: 34.72222222222222
