ConfigName: kjsd__advperagentrankweighted__M5__L8__eps0p01__g0p0003__ds0p05__dm0p05
Problem: QUBO
Kernel: jsd
Advantage: peragentrankweighted
M: 5
lambda: 8
epsilon_svgd: 0.01
gamma: 0.0003
decay_start_ratio: 0.05
decay_min_factor: 0.05
bandwith_kernel: None
no_interact: False
avg_score: -199.6199951171875
median_score: -200.5
std_score: 12.108492851257324
percentiles: 2%=-224.0, 5%=-220.0, 10%=-216.0, 25%=-207.5, 50%=-200.5, 75%=-189.75, 90%=-182.0, 95%=-179.89999389648438, 98%=-176.97999572753906
ranking_best_algo: Tabu
ranking_best_score: 208.36000000000004
ranking_my_rank: 68/504 (86.7%)
ranking_my_percent: 86.7063492063492
