ConfigName: kfr__advglobalrankweighted__M4__L15__eps0p01__g0p003__ds0p01__dm0p01
Problem: QUBO
Kernel: fr
Advantage: globalrankweighted
M: 4
lambda: 15
epsilon_svgd: 0.01
gamma: 0.003
decay_start_ratio: 0.01
decay_min_factor: 0.01
bandwith_kernel: None
no_interact: False
avg_score: -414.0
median_score: -414.5
std_score: 25.07748031616211
percentiles: 2%=-469.0799865722656, 5%=-453.04998779296875, 10%=-450.0, 25%=-424.5, 50%=-414.5, 75%=-399.5, 90%=-379.79998779296875, 95%=-372.0, 98%=-367.7999572753906
ranking_best_algo: Tabu
ranking_best_score: 438.12
ranking_my_rank: 57/504 (88.9%)
ranking_my_percent: 88.88888888888889
