ConfigName: krbf__advnormalizedfitness__M4__L12__eps0p033__g0p007__ds0p15__dm0p3
Problem: QUBO
Kernel: rbf
Advantage: normalizedfitness
M: 4
lambda: 12
epsilon_svgd: 0.033
gamma: 0.007
decay_start_ratio: 0.15
decay_min_factor: 0.3
bandwith_kernel: None
no_interact: False
avg_score: -150.39999389648438
median_score: -150.5
std_score: 13.582341194152832
percentiles: 2%=-179.0, 5%=-179.0, 10%=-165.49998474121094, 25%=-156.25, 50%=-150.5, 75%=-141.0, 90%=-135.89999389648438, 95%=-132.90000915527344, 98%=-118.89997863769531
ranking_best_algo: CMApara
ranking_best_score: 154.28
ranking_my_rank: 76/504 (85.1%)
ranking_my_percent: 85.11904761904762
