ConfigName: kjsd__advperagentrankweighted__M4__L8__eps0p02__g0p0003__ds0p2__dm0p05
Problem: NK
Kernel: jsd
Advantage: peragentrankweighted
M: 4
lambda: 8
epsilon_svgd: 0.02
gamma: 0.0003
decay_start_ratio: 0.2
decay_min_factor: 0.05
bandwith_kernel: None
no_interact: False
avg_score: 0.7314388751983643
median_score: 0.7313525676727295
std_score: 0.013172032311558723
percentiles: 2%=0.710867166519165, 5%=0.7127320766448975, 10%=0.7153417468070984, 25%=0.7220746278762817, 50%=0.7313525676727295, 75%=0.7380844354629517, 90%=0.7472991347312927, 95%=0.7581809163093567, 98%=0.7630888819694519
ranking_best_algo: Tabu
ranking_best_score: 0.7470791764843752
ranking_my_rank: 54/504 (89.5%)
ranking_my_percent: 89.48412698412699
