ConfigName: krbf__advnormalizedfitness__M1__L8__eps0p025__g0p01__ds0p3__dm0p3
Problem: QUBO
Kernel: rbf
Advantage: normalizedfitness
M: 1
lambda: 8
epsilon_svgd: 0.025
gamma: 0.01
decay_start_ratio: 0.3
decay_min_factor: 0.3
bandwith_kernel: None
no_interact: False
avg_score: -562.02001953125
median_score: -562.0
std_score: 34.647361755371094
percentiles: 2%=-629.1199951171875, 5%=-615.0999755859375, 10%=-608.0999755859375, 25%=-588.0, 50%=-562.0, 75%=-539.0, 90%=-515.0, 95%=-507.7500305175781, 98%=-493.91998291015625
ranking_best_algo: Tabu
ranking_best_score: 588.7199999999999
ranking_my_rank: 96/503 (81.1%)
ranking_my_percent: 81.11332007952286
