ConfigName: kfr__advglobalrankweighted__M2__L8__eps0p02__g0p003__ds0p01__dm0p01
Problem: QUBO
Kernel: fr
Advantage: globalrankweighted
M: 2
lambda: 8
epsilon_svgd: 0.02
gamma: 0.003
decay_start_ratio: 0.01
decay_min_factor: 0.01
bandwith_kernel: None
no_interact: False
avg_score: -135.0
median_score: -136.5
std_score: 13.251415252685547
percentiles: 2%=-156.02000427246094, 5%=-154.0500030517578, 10%=-151.0, 25%=-144.25, 50%=-136.5, 75%=-127.0, 90%=-116.70000457763672, 95%=-109.0, 98%=-104.95999145507812
ranking_best_algo: DiscreteDE
ranking_best_score: 143.4
ranking_my_rank: 264/504 (47.8%)
ranking_my_percent: 47.817460317460316
