ConfigName: krbf__advnormalizedfitness__M3__L8__eps0p015__g0p015__ds0p01__dm0p01
Problem: NK
Kernel: rbf
Advantage: normalizedfitness
M: 3
lambda: 8
epsilon_svgd: 0.015
gamma: 0.015
decay_start_ratio: 0.01
decay_min_factor: 0.01
bandwith_kernel: None
no_interact: False
avg_score: 0.7053144574165344
median_score: 0.7064356207847595
std_score: 0.01208611112087965
percentiles: 2%=0.6859021186828613, 5%=0.6871966123580933, 10%=0.6897314190864563, 25%=0.6935616731643677, 50%=0.7064356207847595, 75%=0.7154719829559326, 90%=0.7204989194869995, 95%=0.7223331332206726, 98%=0.7226275205612183
ranking_best_algo: PBIL
ranking_best_score: 0.7013553837109374
ranking_my_rank: 1/504 (100.0%)
ranking_my_percent: 100.0
