ConfigName: kfr__advglobalrankweighted__M2__L7__eps0p015__g0p007__ds0p01__dm0p01
Problem: QUBO
Kernel: fr
Advantage: globalrankweighted
M: 2
lambda: 7
epsilon_svgd: 0.015
gamma: 0.007
decay_start_ratio: 0.01
decay_min_factor: 0.01
bandwith_kernel: None
no_interact: False
avg_score: -1624.9000244140625
median_score: -1625.0
std_score: 66.0785140991211
percentiles: 2%=-1750.260009765625, 5%=-1729.050048828125, 10%=-1711.300048828125, 25%=-1674.25, 50%=-1625.0, 75%=-1579.75, 90%=-1544.800048828125, 95%=-1530.60009765625, 98%=-1482.7799072265625
ranking_best_algo: NLOPT_LN_PRAXIS
ranking_best_score: 1607.12
ranking_my_rank: 1/504 (100.0%)
ranking_my_percent: 100.0
