ConfigName: kjsd__advperagentrankweighted__M3__L18__eps0p007__g0p001__ds0p2__dm0p2
Problem: QUBO
Kernel: jsd
Advantage: peragentrankweighted
M: 3
lambda: 18
epsilon_svgd: 0.007
gamma: 0.001
decay_start_ratio: 0.2
decay_min_factor: 0.2
bandwith_kernel: None
no_interact: False
avg_score: -920.780029296875
median_score: -920.0
std_score: 60.4775276184082
percentiles: 2%=-1035.02001953125, 5%=-1021.0, 10%=-1000.2999877929688, 25%=-966.75, 50%=-920.0, 75%=-878.75, 90%=-847.0999755859375, 95%=-810.9000244140625, 98%=-804.8200073242188
ranking_best_algo: CMAL3
ranking_best_score: 928.5800000000002
ranking_my_rank: 9/504 (98.4%)
ranking_my_percent: 98.41269841269842
