ConfigName: krbf__advnormalizedfitness__M4__L12__eps0p033__g0p015__ds0p01__dm0p01
Problem: QUBO
Kernel: rbf
Advantage: normalizedfitness
M: 4
lambda: 12
epsilon_svgd: 0.033
gamma: 0.015
decay_start_ratio: 0.01
decay_min_factor: 0.01
bandwith_kernel: None
no_interact: False
avg_score: -140.0399932861328
median_score: -142.0
std_score: 11.368307113647461
percentiles: 2%=-159.02000427246094, 5%=-158.0, 10%=-156.0, 25%=-146.0, 50%=-142.0, 75%=-132.0, 90%=-125.0, 95%=-122.90000915527344, 98%=-114.91998291015625
ranking_best_algo: DiscreteDE
ranking_best_score: 143.4
ranking_my_rank: 80/504 (84.3%)
ranking_my_percent: 84.32539682539682
