ConfigName: kjsd__advperagentrankweighted__M3__L18__eps0p007__g0p0007__ds0p2__dm0p2
Problem: QUBO
Kernel: jsd
Advantage: peragentrankweighted
M: 3
lambda: 18
epsilon_svgd: 0.007
gamma: 0.0007
decay_start_ratio: 0.2
decay_min_factor: 0.2
bandwith_kernel: None
no_interact: False
avg_score: -2589.260009765625
median_score: -2584.5
std_score: 119.50837707519531
percentiles: 2%=-2828.139892578125, 5%=-2776.199951171875, 10%=-2743.199951171875, 25%=-2675.5, 50%=-2584.5, 75%=-2525.25, 90%=-2421.0, 95%=-2391.64990234375, 98%=-2345.89990234375
ranking_best_algo: SVM1MetaModelLogNormal
ranking_best_score: 2605.14
ranking_my_rank: 11/504 (98.0%)
ranking_my_percent: 98.01587301587301
