ConfigName: krbf__advnormalizedfitness__M3__L10__eps0p025__g0p005__ds0p05__dm0p05
Problem: QUBO
Kernel: rbf
Advantage: normalizedfitness
M: 3
lambda: 10
epsilon_svgd: 0.025
gamma: 0.005
decay_start_ratio: 0.05
decay_min_factor: 0.05
bandwith_kernel: None
no_interact: False
avg_score: -1604.3800048828125
median_score: -1596.5
std_score: 70.6922607421875
percentiles: 2%=-1750.1800537109375, 5%=-1729.199951171875, 10%=-1695.0999755859375, 25%=-1646.25, 50%=-1596.5, 75%=-1565.0, 90%=-1513.0, 95%=-1492.5999755859375, 98%=-1459.6600341796875
ranking_best_algo: NLOPT_LN_PRAXIS
ranking_best_score: 1607.12
ranking_my_rank: 11/504 (98.0%)
ranking_my_percent: 98.01587301587301
