ConfigName: kjsd__advperagentrankweighted__M4__L8__eps0p005__g0p0005__ds0p4__dm0p05
Problem: QUBO
Kernel: jsd
Advantage: peragentrankweighted
M: 4
lambda: 8
epsilon_svgd: 0.005
gamma: 0.0005
decay_start_ratio: 0.4
decay_min_factor: 0.05
bandwith_kernel: None
no_interact: False
avg_score: -3300.659912109375
median_score: -3301.0
std_score: 123.24806213378906
percentiles: 2%=-3579.219970703125, 5%=-3514.050048828125, 10%=-3464.10009765625, 25%=-3364.25, 50%=-3301.0, 75%=-3220.75, 90%=-3135.0, 95%=-3104.800048828125, 98%=-3095.43994140625
ranking_best_algo: RLSOnePlusOne
ranking_best_score: 3316.5199999999995
ranking_my_rank: 3/504 (99.6%)
ranking_my_percent: 99.60317460317461
