ConfigName: kjsd__advperagentrankweighted__M5__L12__eps0p02__g0p0003__ds0p05__dm0p05
Problem: QUBO
Kernel: jsd
Advantage: peragentrankweighted
M: 5
lambda: 12
epsilon_svgd: 0.02
gamma: 0.0003
decay_start_ratio: 0.05
decay_min_factor: 0.05
bandwith_kernel: None
no_interact: False
avg_score: -412.8800048828125
median_score: -410.0
std_score: 27.61350440979004
percentiles: 2%=-459.2799987792969, 5%=-455.1000061035156, 10%=-452.1000061035156, 25%=-435.25, 50%=-410.0, 75%=-394.0, 90%=-376.0, 95%=-372.0, 98%=-364.0
ranking_best_algo: Tabu
ranking_best_score: 438.12
ranking_my_rank: 64/504 (87.5%)
ranking_my_percent: 87.5
