ConfigName: kjsd__advperagentrankweighted__M3__L16__eps0p005__g0p003__ds0p2__dm0p05
Problem: QUBO
Kernel: jsd
Advantage: peragentrankweighted
M: 3
lambda: 16
epsilon_svgd: 0.005
gamma: 0.003
decay_start_ratio: 0.2
decay_min_factor: 0.05
bandwith_kernel: None
no_interact: False
avg_score: -308.82000732421875
median_score: -304.0
std_score: 38.882484436035156
percentiles: 2%=-390.0799865722656, 5%=-388.0, 10%=-356.20001220703125, 25%=-334.5, 50%=-304.0, 75%=-275.0, 90%=-265.79998779296875, 95%=-258.8999938964844, 98%=-252.86000061035156
ranking_best_algo: CMApara
ranking_best_score: 319.29999999999995
ranking_my_rank: 86/504 (83.1%)
ranking_my_percent: 83.13492063492063
