ConfigName: kjsd__advperagentrankweighted__M4__L10__eps0p01__g0p0003__ds0p2__dm0p05
Problem: QUBO
Kernel: jsd
Advantage: peragentrankweighted
M: 4
lambda: 10
epsilon_svgd: 0.01
gamma: 0.0003
decay_start_ratio: 0.2
decay_min_factor: 0.05
bandwith_kernel: None
no_interact: False
avg_score: -1235.02001953125
median_score: -1228.5
std_score: 59.16671371459961
percentiles: 2%=-1365.239990234375, 5%=-1340.0999755859375, 10%=-1320.699951171875, 25%=-1265.5, 50%=-1228.5, 75%=-1196.25, 90%=-1174.199951171875, 95%=-1139.8499755859375, 98%=-1126.760009765625
ranking_best_algo: SVMMetaModelLogNormal
ranking_best_score: 1233.7999999999997
ranking_my_rank: 1/504 (100.0%)
ranking_my_percent: 100.0
