ConfigName: kjsd__advperagentrankweighted__M3__L16__eps0p005__g0p003__ds0p2__dm0p05
Problem: NK
Kernel: jsd
Advantage: peragentrankweighted
M: 3
lambda: 16
epsilon_svgd: 0.005
gamma: 0.003
decay_start_ratio: 0.2
decay_min_factor: 0.05
bandwith_kernel: None
no_interact: False
avg_score: 0.7176544666290283
median_score: 0.7169699668884277
std_score: 0.01568002812564373
percentiles: 2%=0.6886094212532043, 5%=0.6925302743911743, 10%=0.696512758731842, 25%=0.7061325311660767, 50%=0.7169699668884277, 75%=0.7294551134109497, 90%=0.7374492287635803, 95%=0.7435132265090942, 98%=0.7484323382377625
ranking_best_algo: PBIL
ranking_best_score: 0.733570253046875
ranking_my_rank: 56/504 (89.1%)
ranking_my_percent: 89.08730158730158
