ConfigName: kfr__advglobalrankweighted__M3__L11__eps0p01__g0p007__ds0p01__dm0p01
Problem: QUBO
Kernel: fr
Advantage: globalrankweighted
M: 3
lambda: 11
epsilon_svgd: 0.01
gamma: 0.007
decay_start_ratio: 0.01
decay_min_factor: 0.01
bandwith_kernel: None
no_interact: False
avg_score: -1267.0
median_score: -1270.5
std_score: 66.4161148071289
percentiles: 2%=-1411.3399658203125, 5%=-1371.1500244140625, 10%=-1347.199951171875, 25%=-1305.0, 50%=-1270.5, 75%=-1226.75, 90%=-1176.5999755859375, 95%=-1145.0, 98%=-1137.7799072265625
ranking_best_algo: BigLognormalDiscreteOnePlusOne
ranking_best_score: 1301.3600000000004
ranking_my_rank: 50/504 (90.3%)
ranking_my_percent: 90.27777777777777
