ConfigName: kjsd__advperagentrankweighted__M5__L10__eps0p01__g0p003__ds0p2__dm0p2
Problem: QUBO
Kernel: jsd
Advantage: peragentrankweighted
M: 5
lambda: 10
epsilon_svgd: 0.01
gamma: 0.003
decay_start_ratio: 0.2
decay_min_factor: 0.2
bandwith_kernel: None
no_interact: False
avg_score: -312.3399963378906
median_score: -317.0
std_score: 38.229366302490234
percentiles: 2%=-392.0400085449219, 5%=-392.0, 10%=-358.0, 25%=-336.0, 50%=-317.0, 75%=-275.75, 90%=-269.8999938964844, 95%=-262.79998779296875, 98%=-255.9600067138672
ranking_best_algo: CMApara
ranking_best_score: 319.29999999999995
ranking_my_rank: 34/504 (93.5%)
ranking_my_percent: 93.45238095238095
