ConfigName: krbf__advnormalizedfitness__M1__L8__eps0p025__g0p005__ds0p15__dm0p3
Problem: QUBO
Kernel: rbf
Advantage: normalizedfitness
M: 1
lambda: 8
epsilon_svgd: 0.025
gamma: 0.005
decay_start_ratio: 0.15
decay_min_factor: 0.3
bandwith_kernel: None
no_interact: False
avg_score: -1547.0400390625
median_score: -1556.0
std_score: 106.55747985839844
percentiles: 2%=-1709.9000244140625, 5%=-1649.25, 10%=-1635.300048828125, 25%=-1595.75, 50%=-1556.0, 75%=-1507.0, 90%=-1465.0, 95%=-1443.949951171875, 98%=-1435.2998046875
ranking_best_algo: NLOPT_LN_PRAXIS
ranking_best_score: 1607.12
ranking_my_rank: 53/504 (89.7%)
ranking_my_percent: 89.68253968253968
