ConfigName: kjsd__advperagentrankweighted__M3__L18__eps0p01__g0p0007__ds0p2__dm0p05
Problem: QUBO
Kernel: jsd
Advantage: peragentrankweighted
M: 3
lambda: 18
epsilon_svgd: 0.01
gamma: 0.0007
decay_start_ratio: 0.2
decay_min_factor: 0.05
bandwith_kernel: None
no_interact: False
avg_score: -1190.260009765625
median_score: -1193.0
std_score: 61.7711296081543
percentiles: 2%=-1329.199951171875, 5%=-1282.949951171875, 10%=-1267.199951171875, 25%=-1222.5, 50%=-1193.0, 75%=-1148.0, 90%=-1108.800048828125, 95%=-1095.699951171875, 98%=-1066.6800537109375
ranking_best_algo: Tabu
ranking_best_score: 1216.16
ranking_my_rank: 55/504 (89.3%)
ranking_my_percent: 89.28571428571429
