ConfigName: krbf__advnormalizedfitness__M3__L8__eps0p015__g0p015__ds0p01__dm0p01
Problem: QUBO
Kernel: rbf
Advantage: normalizedfitness
M: 3
lambda: 8
epsilon_svgd: 0.015
gamma: 0.015
decay_start_ratio: 0.01
decay_min_factor: 0.01
bandwith_kernel: None
no_interact: False
avg_score: -426.8800048828125
median_score: -425.5
std_score: 25.271833419799805
percentiles: 2%=-475.0400085449219, 5%=-469.1000061035156, 10%=-459.1000061035156, 25%=-443.5, 50%=-425.5, 75%=-410.0, 90%=-392.8999938964844, 95%=-388.7500305175781, 98%=-376.9599914550781
ranking_best_algo: CMAL3
ranking_best_score: 435.36
ranking_my_rank: 20/504 (96.2%)
ranking_my_percent: 96.23015873015873
