ConfigName: kjsd__advperagentrankweighted__M3__L18__eps0p01__g0p003__ds0p05__dm0p2
Problem: QUBO
Kernel: jsd
Advantage: peragentrankweighted
M: 3
lambda: 18
epsilon_svgd: 0.01
gamma: 0.003
decay_start_ratio: 0.05
decay_min_factor: 0.2
bandwith_kernel: None
no_interact: False
avg_score: -897.6400146484375
median_score: -889.0
std_score: 64.72998046875
percentiles: 2%=-1044.0799560546875, 5%=-1019.4500122070312, 10%=-988.0999755859375, 25%=-937.75, 50%=-889.0, 75%=-852.75, 90%=-816.9000244140625, 95%=-809.9500122070312, 98%=-800.8599853515625
ranking_best_algo: CMAL3
ranking_best_score: 928.5800000000002
ranking_my_rank: 80/504 (84.3%)
ranking_my_percent: 84.32539682539682
