ConfigName: kjsd__advperagentrankweighted__M5__L8__eps0p005__g0p0007__ds0p2__dm0p05
Problem: QUBO
Kernel: jsd
Advantage: peragentrankweighted
M: 5
lambda: 8
epsilon_svgd: 0.005
gamma: 0.0007
decay_start_ratio: 0.2
decay_min_factor: 0.05
bandwith_kernel: None
no_interact: False
avg_score: -332.05999755859375
median_score: -334.5
std_score: 20.481122970581055
percentiles: 2%=-372.0, 5%=-361.0, 10%=-354.0, 25%=-343.75, 50%=-334.5, 75%=-320.0, 90%=-302.0, 95%=-295.70001220703125, 98%=-289.79998779296875
ranking_best_algo: CMApara
ranking_best_score: 344.22
ranking_my_rank: 75/504 (85.3%)
ranking_my_percent: 85.31746031746032
