ConfigName: kjsd__advperagentrankweighted__M3__L20__eps0p005__g0p003__ds0p05__dm0p2
Problem: QUBO
Kernel: jsd
Advantage: peragentrankweighted
M: 3
lambda: 20
epsilon_svgd: 0.005
gamma: 0.003
decay_start_ratio: 0.05
decay_min_factor: 0.2
bandwith_kernel: None
no_interact: False
avg_score: -397.5799865722656
median_score: -401.0
std_score: 28.358131408691406
percentiles: 2%=-457.0400085449219, 5%=-439.1000061035156, 10%=-429.1000061035156, 25%=-417.0, 50%=-401.0, 75%=-377.0, 90%=-359.8999938964844, 95%=-348.95001220703125, 98%=-339.8399963378906
ranking_best_algo: CMAL3
ranking_best_score: 435.36
ranking_my_rank: 242/504 (52.2%)
ranking_my_percent: 52.182539682539684
