ConfigName: krbf__advnormalizedfitness__M4__L15__eps0p025__g0p005__ds0p01__dm0p3
Problem: QUBO
Kernel: rbf
Advantage: normalizedfitness
M: 4
lambda: 15
epsilon_svgd: 0.025
gamma: 0.005
decay_start_ratio: 0.01
decay_min_factor: 0.3
bandwith_kernel: None
no_interact: False
avg_score: -556.6799926757812
median_score: -555.5
std_score: 33.67636489868164
percentiles: 2%=-621.1199951171875, 5%=-617.0, 10%=-600.7000122070312, 25%=-580.25, 50%=-555.5, 75%=-529.75, 90%=-515.9000244140625, 95%=-508.9000244140625, 98%=-499.77996826171875
ranking_best_algo: Tabu
ranking_best_score: 588.7199999999999
ranking_my_rank: 109/503 (78.5%)
ranking_my_percent: 78.52882703777335
