ConfigName: kjsd__advperagentrankweighted__M4__L12__eps0p02__g0p0003__ds0p2__dm0p05
Problem: QUBO
Kernel: jsd
Advantage: peragentrankweighted
M: 4
lambda: 12
epsilon_svgd: 0.02
gamma: 0.0003
decay_start_ratio: 0.2
decay_min_factor: 0.05
bandwith_kernel: None
no_interact: False
avg_score: -1212.0799560546875
median_score: -1211.0
std_score: 54.84280776977539
percentiles: 2%=-1321.199951171875, 5%=-1301.050048828125, 10%=-1291.199951171875, 25%=-1243.5, 50%=-1211.0, 75%=-1169.75, 90%=-1140.800048828125, 95%=-1128.8499755859375, 98%=-1114.739990234375
ranking_best_algo: SVMMetaModelLogNormal
ranking_best_score: 1233.7999999999997
ranking_my_rank: 45/504 (91.3%)
ranking_my_percent: 91.26984126984127
