ConfigName: kjsd__advperagentrankweighted__M5__L24__eps0p03__g0p0005__ds0p05__dm0p05
Problem: QUBO
Kernel: jsd
Advantage: peragentrankweighted
M: 5
lambda: 24
epsilon_svgd: 0.03
gamma: 0.0005
decay_start_ratio: 0.05
decay_min_factor: 0.05
bandwith_kernel: None
no_interact: False
avg_score: -411.4599914550781
median_score: -408.0
std_score: 24.872241973876953
percentiles: 2%=-469.0, 5%=-454.25, 10%=-446.29998779296875, 25%=-423.5, 50%=-408.0, 75%=-392.0, 90%=-385.79998779296875, 95%=-377.70001220703125, 98%=-369.79998779296875
ranking_best_algo: Tabu
ranking_best_score: 438.12
ranking_my_rank: 78/504 (84.7%)
ranking_my_percent: 84.72222222222223
