ConfigName: kfr__advglobalrankweighted__M1__L9__eps0p02__g0p007__ds0p01__dm0p01
Problem: QUBO
Kernel: fr
Advantage: globalrankweighted
M: 1
lambda: 9
epsilon_svgd: 0.02
gamma: 0.007
decay_start_ratio: 0.01
decay_min_factor: 0.01
bandwith_kernel: None
no_interact: False
avg_score: -314.6600036621094
median_score: -314.0
std_score: 28.094205856323242
percentiles: 2%=-372.0, 5%=-354.0, 10%=-350.0, 25%=-340.0, 50%=-314.0, 75%=-292.75, 90%=-279.79998779296875, 95%=-268.0, 98%=-267.91998291015625
ranking_best_algo: CMApara
ranking_best_score: 344.22
ranking_my_rank: 239/504 (52.8%)
ranking_my_percent: 52.77777777777778
