ConfigName: krbf__advnormalizedfitness__M2__L8__eps0p015__g0p01__ds0p01__dm0p01
Problem: QUBO
Kernel: rbf
Advantage: normalizedfitness
M: 2
lambda: 8
epsilon_svgd: 0.015
gamma: 0.01
decay_start_ratio: 0.01
decay_min_factor: 0.01
bandwith_kernel: None
no_interact: False
avg_score: -935.5800170898438
median_score: -931.0
std_score: 70.77600860595703
percentiles: 2%=-1066.1199951171875, 5%=-1063.050048828125, 10%=-1044.300048828125, 25%=-988.5, 50%=-931.0, 75%=-871.75, 90%=-845.9000244140625, 95%=-840.9000244140625, 98%=-826.6799926757812
ranking_best_algo: CMApara
ranking_best_score: 964.9
ranking_my_rank: 15/504 (97.2%)
ranking_my_percent: 97.22222222222223
