ConfigName: krbf__advnormalizedfitness__M1__L8__eps0p015__g0p005__ds0p01__dm0p3
Problem: NK
Kernel: rbf
Advantage: normalizedfitness
M: 1
lambda: 8
epsilon_svgd: 0.015
gamma: 0.005
decay_start_ratio: 0.01
decay_min_factor: 0.3
bandwith_kernel: None
no_interact: False
avg_score: 0.7210538387298584
median_score: 0.7217556834220886
std_score: 0.01195586659014225
percentiles: 2%=0.696611762046814, 5%=0.7015830278396606, 10%=0.7043706774711609, 25%=0.7122246026992798, 50%=0.7217556834220886, 75%=0.729232132434845, 90%=0.7360430359840393, 95%=0.7389755249023438, 98%=0.7437452673912048
ranking_best_algo: Tabu
ranking_best_score: 0.7429702712499999
ranking_my_rank: 10/504 (98.2%)
ranking_my_percent: 98.21428571428571
