ConfigName: kjsd__advperagentrankweighted__M4__L12__eps0p005__g0p0003__ds0p4__dm0p05
Problem: NK
Kernel: jsd
Advantage: peragentrankweighted
M: 4
lambda: 12
epsilon_svgd: 0.005
gamma: 0.0003
decay_start_ratio: 0.4
decay_min_factor: 0.05
bandwith_kernel: None
no_interact: False
avg_score: 0.7334628105163574
median_score: 0.7341188192367554
std_score: 0.0085078664124012
percentiles: 2%=0.7154097557067871, 5%=0.7176825404167175, 10%=0.7207919955253601, 25%=0.7282833456993103, 50%=0.7341188192367554, 75%=0.7392693758010864, 90%=0.7448053956031799, 95%=0.7471858263015747, 98%=0.7484545111656189
ranking_best_algo: PBIL
ranking_best_score: 0.7248786399609374
ranking_my_rank: 1/504 (100.0%)
ranking_my_percent: 100.0
