ConfigName: krbf__advnormalizedfitness__M4__L15__eps0p015__g0p007__ds0p15__dm0p3
Problem: QUBO
Kernel: rbf
Advantage: normalizedfitness
M: 4
lambda: 15
epsilon_svgd: 0.015
gamma: 0.007
decay_start_ratio: 0.15
decay_min_factor: 0.3
bandwith_kernel: None
no_interact: False
avg_score: -277.8599853515625
median_score: -274.0
std_score: 42.30674362182617
percentiles: 2%=-368.1199951171875, 5%=-364.1000061035156, 10%=-339.1999816894531, 25%=-304.0, 50%=-274.0, 75%=-243.0, 90%=-226.0, 95%=-222.90000915527344, 98%=-216.97999572753906
ranking_best_algo: CMApara
ranking_best_score: 319.29999999999995
ranking_my_rank: 321/504 (36.5%)
ranking_my_percent: 36.507936507936506
