ConfigName: kjsd__advperagentrankweighted__M5__L24__eps0p02__g0p0003__ds0p05__dm0p05
Problem: QUBO
Kernel: jsd
Advantage: peragentrankweighted
M: 5
lambda: 24
epsilon_svgd: 0.02
gamma: 0.0003
decay_start_ratio: 0.05
decay_min_factor: 0.05
bandwith_kernel: None
no_interact: False
avg_score: -1613.739990234375
median_score: -1610.5
std_score: 53.276939392089844
percentiles: 2%=-1715.199951171875, 5%=-1707.3499755859375, 10%=-1684.0999755859375, 25%=-1646.5, 50%=-1610.5, 75%=-1579.75, 90%=-1550.800048828125, 95%=-1524.9000244140625, 98%=-1500.6800537109375
ranking_best_algo: NLOPT_LN_PRAXIS
ranking_best_score: 1607.12
ranking_my_rank: 1/504 (100.0%)
ranking_my_percent: 100.0
