ConfigName: kjsd__advperagentrankweighted__M3__L24__eps0p005__g0p001__ds0p05__dm0p2
Problem: NK
Kernel: jsd
Advantage: peragentrankweighted
M: 3
lambda: 24
epsilon_svgd: 0.005
gamma: 0.001
decay_start_ratio: 0.05
decay_min_factor: 0.2
bandwith_kernel: None
no_interact: False
avg_score: 0.739859938621521
median_score: 0.7390114068984985
std_score: 0.01292503997683525
percentiles: 2%=0.7164128422737122, 5%=0.720665693283081, 10%=0.7235064506530762, 25%=0.7307298183441162, 50%=0.7390114068984985, 75%=0.7495284080505371, 90%=0.7566999793052673, 95%=0.760104775428772, 98%=0.7670467495918274
ranking_best_algo: Tabu
ranking_best_score: 0.7601875690625
ranking_my_rank: 15/504 (97.2%)
ranking_my_percent: 97.22222222222223
