ConfigName: krbf__advnormalizedfitness__M4__L12__eps0p015__g0p01__ds0p15__dm0p3
Problem: QUBO
Kernel: rbf
Advantage: normalizedfitness
M: 4
lambda: 12
epsilon_svgd: 0.015
gamma: 0.01
decay_start_ratio: 0.15
decay_min_factor: 0.3
bandwith_kernel: None
no_interact: False
avg_score: -506.94000244140625
median_score: -499.5
std_score: 47.0745849609375
percentiles: 2%=-633.0399780273438, 5%=-596.0999755859375, 10%=-581.5, 25%=-530.0, 50%=-499.5, 75%=-478.75, 90%=-456.79998779296875, 95%=-440.60003662109375, 98%=-432.91998291015625
ranking_best_algo: NLOPT_LN_PRAXIS
ranking_best_score: 1607.12
ranking_my_rank: 393/504 (22.2%)
ranking_my_percent: 22.22222222222222
