ConfigName: krbf__advnormalizedfitness__M3__L8__eps0p02__g0p01__ds0p15__dm0p05
Problem: QUBO
Kernel: rbf
Advantage: normalizedfitness
M: 3
lambda: 8
epsilon_svgd: 0.02
gamma: 0.01
decay_start_ratio: 0.15
decay_min_factor: 0.05
bandwith_kernel: None
no_interact: False
avg_score: -138.72000122070312
median_score: -140.5
std_score: 11.697931289672852
percentiles: 2%=-160.02000427246094, 5%=-159.0, 10%=-156.10000610351562, 25%=-146.0, 50%=-140.5, 75%=-130.75, 90%=-124.9000015258789, 95%=-118.94999694824219, 98%=-113.0
ranking_best_algo: DiscreteDE
ranking_best_score: 143.4
ranking_my_rank: 96/504 (81.2%)
ranking_my_percent: 81.15079365079364
