ConfigName: kjsd__advperagentrankweighted__M3__L16__eps0p005__g0p003__ds0p1__dm0p05
Problem: QUBO
Kernel: jsd
Advantage: peragentrankweighted
M: 3
lambda: 16
epsilon_svgd: 0.005
gamma: 0.003
decay_start_ratio: 0.1
decay_min_factor: 0.05
bandwith_kernel: None
no_interact: False
avg_score: -414.6400146484375
median_score: -416.0
std_score: 26.09042739868164
percentiles: 2%=-471.0400085449219, 5%=-454.6499938964844, 10%=-449.0, 25%=-430.25, 50%=-416.0, 75%=-396.0, 90%=-381.79998779296875, 95%=-372.0, 98%=-365.9599914550781
ranking_best_algo: Tabu
ranking_best_score: 438.12
ranking_my_rank: 52/504 (89.9%)
ranking_my_percent: 89.88095238095238
