ConfigName: krbf__advnormalizedfitness__M4__L15__eps0p015__g0p01__ds0p01__dm0p3
Problem: QUBO
Kernel: rbf
Advantage: normalizedfitness
M: 4
lambda: 15
epsilon_svgd: 0.015
gamma: 0.01
decay_start_ratio: 0.01
decay_min_factor: 0.3
bandwith_kernel: None
no_interact: False
avg_score: -283.44000244140625
median_score: -276.0
std_score: 33.63460159301758
percentiles: 2%=-362.0199890136719, 5%=-334.3500061035156, 10%=-326.20001220703125, 25%=-311.0, 50%=-276.0, 75%=-257.0, 90%=-247.40000915527344, 95%=-236.95001220703125, 98%=-224.0
ranking_best_algo: CMApara
ranking_best_score: 453.82
ranking_my_rank: 377/504 (25.4%)
ranking_my_percent: 25.396825396825395
