ConfigName: krbf__advnormalizedfitness__M2__L8__eps0p015__g0p005__ds0p3__dm0p01
Problem: QUBO
Kernel: rbf
Advantage: normalizedfitness
M: 2
lambda: 8
epsilon_svgd: 0.015
gamma: 0.005
decay_start_ratio: 0.3
decay_min_factor: 0.01
bandwith_kernel: None
no_interact: False
avg_score: -1179.8199462890625
median_score: -1173.5
std_score: 63.88104248046875
percentiles: 2%=-1311.06005859375, 5%=-1301.0, 10%=-1265.4000244140625, 25%=-1220.25, 50%=-1173.5, 75%=-1138.25, 90%=-1103.0, 95%=-1085.949951171875, 98%=-1072.8399658203125
ranking_best_algo: Tabu
ranking_best_score: 1216.16
ranking_my_rank: 70/504 (86.3%)
ranking_my_percent: 86.30952380952381
