ConfigName: krbf__advnormalizedfitness__M4__L15__eps0p033__g0p015__ds0p3__dm0p01
Problem: QUBO
Kernel: rbf
Advantage: normalizedfitness
M: 4
lambda: 15
epsilon_svgd: 0.033
gamma: 0.015
decay_start_ratio: 0.3
decay_min_factor: 0.01
bandwith_kernel: None
no_interact: False
avg_score: -197.17999267578125
median_score: -198.0
std_score: 13.388338088989258
percentiles: 2%=-222.0399932861328, 5%=-222.0, 10%=-215.10000610351562, 25%=-205.0, 50%=-198.0, 75%=-188.0, 90%=-178.0, 95%=-174.85000610351562, 98%=-171.0
ranking_best_algo: Tabu
ranking_best_score: 208.36000000000004
ranking_my_rank: 125/504 (75.4%)
ranking_my_percent: 75.39682539682539
