ConfigName: kjsd__advperagentrankweighted__M4__L10__eps0p01__g0p0005__ds0p05__dm0p05
Problem: QUBO
Kernel: jsd
Advantage: peragentrankweighted
M: 4
lambda: 10
epsilon_svgd: 0.01
gamma: 0.0005
decay_start_ratio: 0.05
decay_min_factor: 0.05
bandwith_kernel: None
no_interact: False
avg_score: -308.7799987792969
median_score: -313.0
std_score: 40.4102897644043
percentiles: 2%=-392.1600036621094, 5%=-386.20001220703125, 10%=-356.20001220703125, 25%=-334.5, 50%=-313.0, 75%=-272.75, 90%=-259.79998779296875, 95%=-253.0, 98%=-249.8800048828125
ranking_best_algo: CMApara
ranking_best_score: 319.29999999999995
ranking_my_rank: 87/504 (82.9%)
ranking_my_percent: 82.93650793650794
