ConfigName: kjsd__advperagentrankweighted__M4__L10__eps0p01__g0p0005__ds0p2__dm0p05
Problem: QUBO
Kernel: jsd
Advantage: peragentrankweighted
M: 4
lambda: 10
epsilon_svgd: 0.01
gamma: 0.0005
decay_start_ratio: 0.2
decay_min_factor: 0.05
bandwith_kernel: None
no_interact: False
avg_score: -906.97998046875
median_score: -903.0
std_score: 63.416873931884766
percentiles: 2%=-1040.0, 5%=-1020.4000244140625, 10%=-995.4000244140625, 25%=-944.25, 50%=-903.0, 75%=-862.25, 90%=-825.5, 95%=-803.9500122070312, 98%=-789.9400024414062
ranking_best_algo: CMAL3
ranking_best_score: 928.5800000000002
ranking_my_rank: 56/504 (89.1%)
ranking_my_percent: 89.08730158730158
