ConfigName: kjsd__advperagentrankweighted__M10__L28__eps0p008__g0p0005__ds0p05__dm0p05
Problem: QUBO
Kernel: jsd
Advantage: peragentrankweighted
M: 10
lambda: 28
epsilon_svgd: 0.008
gamma: 0.0005
decay_start_ratio: 0.05
decay_min_factor: 0.05
bandwith_kernel: None
no_interact: False
avg_score: -2139.6201171875
median_score: -2111.0
std_score: 205.00189208984375
percentiles: 2%=-2619.360107421875, 5%=-2497.39990234375, 10%=-2397.199951171875, 25%=-2266.5, 50%=-2111.0, 75%=-1981.5, 90%=-1881.9000244140625, 95%=-1852.0, 98%=-1796.739990234375
ranking_best_algo: RLSOnePlusOne
ranking_best_score: 3316.5199999999995
ranking_my_rank: 318/504 (37.1%)
ranking_my_percent: 37.1031746031746
