ConfigName: kfr__advglobalrankweighted__M4__L15__eps0p02__g0p005__ds0p01__dm0p01
Problem: QUBO
Kernel: fr
Advantage: globalrankweighted
M: 4
lambda: 15
epsilon_svgd: 0.02
gamma: 0.005
decay_start_ratio: 0.01
decay_min_factor: 0.01
bandwith_kernel: None
no_interact: False
avg_score: -1564.43994140625
median_score: -1566.5
std_score: 66.3118896484375
percentiles: 2%=-1691.260009765625, 5%=-1667.199951171875, 10%=-1645.699951171875, 25%=-1606.5, 50%=-1566.5, 75%=-1528.25, 90%=-1476.4000244140625, 95%=-1452.9000244140625, 98%=-1422.599853515625
ranking_best_algo: NLOPT_LN_PRAXIS
ranking_best_score: 1607.12
ranking_my_rank: 49/504 (90.5%)
ranking_my_percent: 90.47619047619048
