ConfigName: kjsd__advperagentrankweighted__M5__L10__eps0p02__g0p0007__ds0p2__dm0p05
Problem: QUBO
Kernel: jsd
Advantage: peragentrankweighted
M: 5
lambda: 10
epsilon_svgd: 0.02
gamma: 0.0007
decay_start_ratio: 0.2
decay_min_factor: 0.05
bandwith_kernel: None
no_interact: False
avg_score: -3289.139892578125
median_score: -3292.5
std_score: 114.45706939697266
percentiles: 2%=-3524.02001953125, 5%=-3486.89990234375, 10%=-3448.800048828125, 25%=-3364.5, 50%=-3292.5, 75%=-3202.5, 90%=-3141.89990234375, 95%=-3113.75, 98%=-3098.219970703125
ranking_best_algo: RLSOnePlusOne
ranking_best_score: 3316.5199999999995
ranking_my_rank: 3/504 (99.6%)
ranking_my_percent: 99.60317460317461
