ConfigName: kfr__advglobalrankweighted__M4__L24__eps0p03__g0p007__ds0p01__dm0p01
Problem: QUBO
Kernel: fr
Advantage: globalrankweighted
M: 4
lambda: 24
epsilon_svgd: 0.03
gamma: 0.007
decay_start_ratio: 0.01
decay_min_factor: 0.01
bandwith_kernel: None
no_interact: False
avg_score: -439.0199890136719
median_score: -438.0
std_score: 25.571069717407227
percentiles: 2%=-481.0400085449219, 5%=-477.1000061035156, 10%=-473.20001220703125, 25%=-459.0, 50%=-438.0, 75%=-421.0, 90%=-403.0, 95%=-391.8999938964844, 98%=-387.9800109863281
ranking_best_algo: CMApara
ranking_best_score: 453.82
ranking_my_rank: 19/504 (96.4%)
ranking_my_percent: 96.42857142857143
