ConfigName: kjsd__advperagentrankweighted__M3__L16__eps0p007__g0p0007__ds0p1__dm0p2
Problem: QUBO
Kernel: jsd
Advantage: peragentrankweighted
M: 3
lambda: 16
epsilon_svgd: 0.007
gamma: 0.0007
decay_start_ratio: 0.1
decay_min_factor: 0.2
bandwith_kernel: None
no_interact: False
avg_score: -138.27999877929688
median_score: -141.5
std_score: 11.36492919921875
percentiles: 2%=-157.02000427246094, 5%=-156.0500030517578, 10%=-152.1999969482422, 25%=-146.0, 50%=-141.5, 75%=-129.75, 90%=-123.9000015258789, 95%=-118.9000015258789, 98%=-114.0
ranking_best_algo: DiscreteDE
ranking_best_score: 143.4
ranking_my_rank: 108/504 (78.8%)
ranking_my_percent: 78.76984126984127
