ConfigName: kjsd__advperagentrankweighted__M5__L8__eps0p005__g0p0005__ds0p2__dm0p05
Problem: NK
Kernel: jsd
Advantage: peragentrankweighted
M: 5
lambda: 8
epsilon_svgd: 0.005
gamma: 0.0005
decay_start_ratio: 0.2
decay_min_factor: 0.05
bandwith_kernel: None
no_interact: False
avg_score: 0.7375302314758301
median_score: 0.7396883368492126
std_score: 0.009197424165904522
percentiles: 2%=0.7194336652755737, 5%=0.7221236824989319, 10%=0.7251952886581421, 25%=0.7315837740898132, 50%=0.7396883368492126, 75%=0.7437075972557068, 90%=0.7481371760368347, 95%=0.7509849071502686, 98%=0.7537603378295898
ranking_best_algo: PBIL
ranking_best_score: 0.730509098125
ranking_my_rank: 1/504 (100.0%)
ranking_my_percent: 100.0
