ConfigName: krbf__advnormalizedfitness__M4__L8__eps0p03__g0p01__ds0p05__dm0p05
Problem: QUBO
Kernel: rbf
Advantage: normalizedfitness
M: 4
lambda: 8
epsilon_svgd: 0.03
gamma: 0.01
decay_start_ratio: 0.05
decay_min_factor: 0.05
bandwith_kernel: None
no_interact: False
avg_score: -427.3999938964844
median_score: -425.0
std_score: 30.21059226989746
percentiles: 2%=-483.0, 5%=-479.1000061035156, 10%=-473.20001220703125, 25%=-451.25, 50%=-425.0, 75%=-406.5, 90%=-389.8999938964844, 95%=-377.95001220703125, 98%=-374.8999938964844
ranking_best_algo: CMAL3
ranking_best_score: 435.36
ranking_my_rank: 19/504 (96.4%)
ranking_my_percent: 96.42857142857143
