ConfigName: kjsd__advperagentrankweighted__M3__L16__eps0p007__g0p0005__ds0p1__dm0p05
Problem: QUBO
Kernel: jsd
Advantage: peragentrankweighted
M: 3
lambda: 16
epsilon_svgd: 0.007
gamma: 0.0005
decay_start_ratio: 0.1
decay_min_factor: 0.05
bandwith_kernel: None
no_interact: False
avg_score: -1247.1199951171875
median_score: -1245.0
std_score: 60.643592834472656
percentiles: 2%=-1364.0400390625, 5%=-1356.050048828125, 10%=-1335.9000244140625, 25%=-1292.0, 50%=-1245.0, 75%=-1203.0, 90%=-1174.199951171875, 95%=-1152.949951171875, 98%=-1126.97998046875
ranking_best_algo: SVMMetaModelLogNormal
ranking_best_score: 1233.7999999999997
ranking_my_rank: 1/504 (100.0%)
ranking_my_percent: 100.0
