ConfigName: krbf__advglobalrankweighted__M4__L10__eps0p02__g0p005__ds0p01__dm0p01
Problem: QUBO
Kernel: rbf
Advantage: globalrankweighted
M: 4
lambda: 10
epsilon_svgd: 0.02
gamma: 0.005
decay_start_ratio: 0.01
decay_min_factor: 0.01
bandwith_kernel: None
no_interact: False
avg_score: -426.7799987792969
median_score: -424.0
std_score: 27.215282440185547
percentiles: 2%=-477.0, 5%=-473.20001220703125, 10%=-465.3999938964844, 25%=-448.25, 50%=-424.0, 75%=-406.5, 90%=-394.0, 95%=-383.9000244140625, 98%=-376.9599914550781
ranking_best_algo: CMAL3
ranking_best_score: 435.36
ranking_my_rank: 21/504 (96.0%)
ranking_my_percent: 96.03174603174604
