ConfigName: krbf__advnormalizedfitness__M1__L8__eps0p033__g0p01__ds0p3__dm0p01
Problem: QUBO
Kernel: rbf
Advantage: normalizedfitness
M: 1
lambda: 8
epsilon_svgd: 0.033
gamma: 0.01
decay_start_ratio: 0.3
decay_min_factor: 0.01
bandwith_kernel: None
no_interact: False
avg_score: -1259.8599853515625
median_score: -1258.5
std_score: 69.42333984375
percentiles: 2%=-1386.56005859375, 5%=-1380.050048828125, 10%=-1347.300048828125, 25%=-1303.25, 50%=-1258.5, 75%=-1221.25, 90%=-1181.5, 95%=-1139.0, 98%=-1108.35986328125
ranking_best_algo: BigLognormalDiscreteOnePlusOne
ranking_best_score: 1301.3600000000004
ranking_my_rank: 53/504 (89.7%)
ranking_my_percent: 89.68253968253968
