ConfigName: krbf__advnormalizedfitness__M2__L8__eps0p025__g0p007__ds0p01__dm0p3
Problem: NK
Kernel: rbf
Advantage: normalizedfitness
M: 2
lambda: 8
epsilon_svgd: 0.025
gamma: 0.007
decay_start_ratio: 0.01
decay_min_factor: 0.3
bandwith_kernel: None
no_interact: False
avg_score: 0.7502174377441406
median_score: 0.750646710395813
std_score: 0.0132921626791358
percentiles: 2%=0.7257404327392578, 5%=0.728468656539917, 10%=0.7323480844497681, 25%=0.7415899634361267, 50%=0.750646710395813, 75%=0.7583928108215332, 90%=0.7685521245002747, 95%=0.7720686197280884, 98%=0.7753450870513916
ranking_best_algo: Tabu
ranking_best_score: 0.7657846284375001
ranking_my_rank: 23/504 (95.6%)
ranking_my_percent: 95.63492063492063
