ConfigName: krbf__advnormalizedfitness__M4__L12__eps0p025__g0p005__ds0p15__dm0p3
Problem: QUBO
Kernel: rbf
Advantage: normalizedfitness
M: 4
lambda: 12
epsilon_svgd: 0.025
gamma: 0.005
decay_start_ratio: 0.15
decay_min_factor: 0.3
bandwith_kernel: None
no_interact: False
avg_score: -1159.800048828125
median_score: -1153.5
std_score: 76.3197250366211
percentiles: 2%=-1329.3199462890625, 5%=-1307.050048828125, 10%=-1284.4000244140625, 25%=-1202.0, 50%=-1153.5, 75%=-1104.0, 90%=-1070.699951171875, 95%=-1046.8499755859375, 98%=-1036.0
ranking_best_algo: Tabu
ranking_best_score: 1216.16
ranking_my_rank: 100/504 (80.4%)
ranking_my_percent: 80.35714285714286
