ConfigName: krbf__advnormalizedfitness__M1__L8__eps0p025__g0p015__ds0p15__dm0p3
Problem: QUBO
Kernel: rbf
Advantage: normalizedfitness
M: 1
lambda: 8
epsilon_svgd: 0.025
gamma: 0.015
decay_start_ratio: 0.15
decay_min_factor: 0.3
bandwith_kernel: None
no_interact: False
avg_score: -3278.679931640625
median_score: -3282.0
std_score: 128.22940063476562
percentiles: 2%=-3579.080078125, 5%=-3488.10009765625, 10%=-3434.199951171875, 25%=-3357.25, 50%=-3282.0, 75%=-3185.25, 90%=-3123.800048828125, 95%=-3110.0, 98%=-3019.69970703125
ranking_best_algo: RLSOnePlusOne
ranking_best_score: 3316.5199999999995
ranking_my_rank: 11/504 (98.0%)
ranking_my_percent: 98.01587301587301
