ConfigName: krbf__advnormalizedfitness__M4__L10__eps0p033__g0p007__ds0p01__dm0p01
Problem: QUBO
Kernel: rbf
Advantage: normalizedfitness
M: 4
lambda: 10
epsilon_svgd: 0.033
gamma: 0.007
decay_start_ratio: 0.01
decay_min_factor: 0.01
bandwith_kernel: None
no_interact: False
avg_score: -140.1199951171875
median_score: -142.5
std_score: 10.815987586975098
percentiles: 2%=-159.0, 5%=-158.0500030517578, 10%=-156.0, 25%=-148.25, 50%=-142.5, 75%=-130.0, 90%=-125.9000015258789, 95%=-123.0, 98%=-122.95999145507812
ranking_best_algo: DiscreteDE
ranking_best_score: 143.4
ranking_my_rank: 79/504 (84.5%)
ranking_my_percent: 84.52380952380952
