ConfigName: kjsd__advperagentrankweighted__M3__L16__eps0p007__g0p0005__ds0p2__dm0p1
Problem: QUBO
Kernel: jsd
Advantage: peragentrankweighted
M: 3
lambda: 16
epsilon_svgd: 0.007
gamma: 0.0005
decay_start_ratio: 0.2
decay_min_factor: 0.1
bandwith_kernel: None
no_interact: False
avg_score: -910.6799926757812
median_score: -915.0
std_score: 67.63074493408203
percentiles: 2%=-1037.0999755859375, 5%=-1032.199951171875, 10%=-994.7999877929688, 25%=-957.5, 50%=-915.0, 75%=-857.0, 90%=-820.0, 95%=-810.7999877929688, 98%=-781.0
ranking_best_algo: CMAL3
ranking_best_score: 928.5800000000002
ranking_my_rank: 20/504 (96.2%)
ranking_my_percent: 96.23015873015873
