ConfigName: kfr__advglobalrankweighted__M2__L10__eps0p02__g0p003__ds0p01__dm0p01
Problem: QUBO
Kernel: fr
Advantage: globalrankweighted
M: 2
lambda: 10
epsilon_svgd: 0.02
gamma: 0.003
decay_start_ratio: 0.01
decay_min_factor: 0.01
bandwith_kernel: None
no_interact: False
avg_score: -196.55999755859375
median_score: -196.0
std_score: 12.778356552124023
percentiles: 2%=-222.0399932861328, 5%=-221.0500030517578, 10%=-211.0, 25%=-205.0, 50%=-196.0, 75%=-189.0, 90%=-181.0, 95%=-173.95001220703125, 98%=-170.0
ranking_best_algo: Tabu
ranking_best_score: 208.36000000000004
ranking_my_rank: 195/504 (61.5%)
ranking_my_percent: 61.507936507936506
