ConfigName: krbf__advnormalizedfitness__M4__L15__eps0p015__g0p007__ds0p01__dm0p01
Problem: NK
Kernel: rbf
Advantage: normalizedfitness
M: 4
lambda: 15
epsilon_svgd: 0.015
gamma: 0.007
decay_start_ratio: 0.01
decay_min_factor: 0.01
bandwith_kernel: None
no_interact: False
avg_score: 0.6842477321624756
median_score: 0.6842864751815796
std_score: 0.01564658246934414
percentiles: 2%=0.6548318862915039, 5%=0.6586722135543823, 10%=0.6641063094139099, 25%=0.6755543947219849, 50%=0.6842864751815796, 75%=0.6938991546630859, 90%=0.7040364742279053, 95%=0.7136337161064148, 98%=0.7159491181373596
ranking_best_algo: PBIL
ranking_best_score: 0.733570253046875
ranking_my_rank: 186/504 (63.3%)
ranking_my_percent: 63.29365079365079
