ConfigName: kjsd__advperagentrankweighted__M4__L10__eps0p005__g0p0003__ds0p2__dm0p05
Problem: NK
Kernel: jsd
Advantage: peragentrankweighted
M: 4
lambda: 10
epsilon_svgd: 0.005
gamma: 0.0003
decay_start_ratio: 0.2
decay_min_factor: 0.05
bandwith_kernel: None
no_interact: False
avg_score: 0.7323675751686096
median_score: 0.7338671684265137
std_score: 0.008345012553036213
percentiles: 2%=0.7148940563201904, 5%=0.7164362072944641, 10%=0.7194626331329346, 25%=0.7274742126464844, 50%=0.7338671684265137, 75%=0.7389180660247803, 90%=0.7419033646583557, 95%=0.7447716593742371, 98%=0.7459058165550232
ranking_best_algo: PBIL
ranking_best_score: 0.7248786399609374
ranking_my_rank: 1/504 (100.0%)
ranking_my_percent: 100.0
