ConfigName: kjsd__advperagentrankweighted__M3__L20__eps0p007__g0p0005__ds0p1__dm0p05
Problem: QUBO
Kernel: jsd
Advantage: peragentrankweighted
M: 3
lambda: 20
epsilon_svgd: 0.007
gamma: 0.0005
decay_start_ratio: 0.1
decay_min_factor: 0.05
bandwith_kernel: None
no_interact: False
avg_score: -904.280029296875
median_score: -905.5
std_score: 65.64892578125
percentiles: 2%=-1031.06005859375, 5%=-1019.0499877929688, 10%=-989.2000122070312, 25%=-949.75, 50%=-905.5, 75%=-851.0, 90%=-820.7999877929688, 95%=-809.0, 98%=-798.8200073242188
ranking_best_algo: CMAL3
ranking_best_score: 928.5800000000002
ranking_my_rank: 66/504 (87.1%)
ranking_my_percent: 87.10317460317461
