ConfigName: kjsd__advperagentrankweighted__M4__L10__eps0p01__g0p0007__ds0p4__dm0p05
Problem: NK
Kernel: jsd
Advantage: peragentrankweighted
M: 4
lambda: 10
epsilon_svgd: 0.01
gamma: 0.0007
decay_start_ratio: 0.4
decay_min_factor: 0.05
bandwith_kernel: None
no_interact: False
avg_score: 0.729125440120697
median_score: 0.7284002900123596
std_score: 0.00990844052284956
percentiles: 2%=0.7108950018882751, 5%=0.7117501497268677, 10%=0.716521143913269, 25%=0.7228903770446777, 50%=0.7284002900123596, 75%=0.736298680305481, 90%=0.7425453662872314, 95%=0.745021402835846, 98%=0.7455863952636719
ranking_best_algo: Tabu
ranking_best_score: 0.7429702712499999
ranking_my_rank: 2/504 (99.8%)
ranking_my_percent: 99.8015873015873
