ConfigName: kjsd__advperagentrankweighted__M3__L16__eps0p005__g0p0005__ds0p05__dm0p1
Problem: NK
Kernel: jsd
Advantage: peragentrankweighted
M: 3
lambda: 16
epsilon_svgd: 0.005
gamma: 0.0005
decay_start_ratio: 0.05
decay_min_factor: 0.1
bandwith_kernel: None
no_interact: False
avg_score: 0.7334305047988892
median_score: 0.7332254648208618
std_score: 0.010291465558111668
percentiles: 2%=0.7163683772087097, 5%=0.7176150679588318, 10%=0.7203288078308105, 25%=0.7267487049102783, 50%=0.7332254648208618, 75%=0.7407732605934143, 90%=0.7460050582885742, 95%=0.7506251335144043, 98%=0.7530440092086792
ranking_best_algo: Tabu
ranking_best_score: 0.7429702712499999
ranking_my_rank: 2/504 (99.8%)
ranking_my_percent: 99.8015873015873
