ConfigName: krbf__advnormalizedfitness__M4__L8__eps0p033__g0p015__ds0p01__dm0p3
Problem: QUBO
Kernel: rbf
Advantage: normalizedfitness
M: 4
lambda: 8
epsilon_svgd: 0.033
gamma: 0.015
decay_start_ratio: 0.01
decay_min_factor: 0.3
bandwith_kernel: None
no_interact: False
avg_score: -140.97999572753906
median_score: -142.0
std_score: 10.237167358398438
percentiles: 2%=-160.0, 5%=-158.0500030517578, 10%=-154.1999969482422, 25%=-146.25, 50%=-142.0, 75%=-133.0, 90%=-127.0, 95%=-125.0, 98%=-119.93998718261719
ranking_best_algo: DiscreteDE
ranking_best_score: 143.4
ranking_my_rank: 74/504 (85.5%)
ranking_my_percent: 85.51587301587301
