ConfigName: kjsd__advperagentrankweighted__M4__L20__eps0p007__g0p0005__ds0p1__dm0p1
Problem: NK
Kernel: jsd
Advantage: peragentrankweighted
M: 4
lambda: 20
epsilon_svgd: 0.007
gamma: 0.0005
decay_start_ratio: 0.1
decay_min_factor: 0.1
bandwith_kernel: None
no_interact: False
avg_score: 0.7118344306945801
median_score: 0.70106041431427
std_score: 0.03131977096199989
percentiles: 2%=0.6743839383125305, 5%=0.6748207211494446, 10%=0.6786738038063049, 25%=0.6838083863258362, 50%=0.70106041431427, 75%=0.746583104133606, 90%=0.7535533308982849, 95%=0.7613165378570557, 98%=0.7613165378570557
ranking_best_algo: CMApara
ranking_best_score: 0.7118996098437498
ranking_my_rank: 2/504 (99.8%)
ranking_my_percent: 99.8015873015873
