ConfigName: krbf__advnormalizedfitness__M3__L10__eps0p033__g0p015__ds0p15__dm0p01
Problem: QUBO
Kernel: rbf
Advantage: normalizedfitness
M: 3
lambda: 10
epsilon_svgd: 0.033
gamma: 0.015
decay_start_ratio: 0.15
decay_min_factor: 0.01
bandwith_kernel: None
no_interact: False
avg_score: -904.4000244140625
median_score: -896.5
std_score: 61.46917724609375
percentiles: 2%=-1034.06005859375, 5%=-1019.0, 10%=-983.2999877929688, 25%=-948.25, 50%=-896.5, 75%=-861.0, 90%=-832.9000244140625, 95%=-804.9500122070312, 98%=-795.8999633789062
ranking_best_algo: CMAL3
ranking_best_score: 928.5800000000002
ranking_my_rank: 66/504 (87.1%)
ranking_my_percent: 87.10317460317461
