ConfigName: krbf__advnormalizedfitness__M2__L10__eps0p033__g0p01__ds0p01__dm0p3
Problem: NK
Kernel: rbf
Advantage: normalizedfitness
M: 2
lambda: 10
epsilon_svgd: 0.033
gamma: 0.01
decay_start_ratio: 0.01
decay_min_factor: 0.3
bandwith_kernel: None
no_interact: False
avg_score: 0.73267662525177
median_score: 0.7324522733688354
std_score: 0.011273964308202267
percentiles: 2%=0.7104740738868713, 5%=0.7149924039840698, 10%=0.7193812727928162, 25%=0.7248302102088928, 50%=0.7324522733688354, 75%=0.7400326728820801, 90%=0.7447296380996704, 95%=0.7519165277481079, 98%=0.7527754902839661
ranking_best_algo: Tabu
ranking_best_score: 0.7429702712499999
ranking_my_rank: 2/504 (99.8%)
ranking_my_percent: 99.8015873015873
