ConfigName: kjsd__advperagentrankweighted__M3__L18__eps0p005__g0p001__ds0p1__dm0p1
Problem: NK
Kernel: jsd
Advantage: peragentrankweighted
M: 3
lambda: 18
epsilon_svgd: 0.005
gamma: 0.001
decay_start_ratio: 0.1
decay_min_factor: 0.1
bandwith_kernel: None
no_interact: False
avg_score: 0.7318812012672424
median_score: 0.7326638102531433
std_score: 0.010234278626739979
percentiles: 2%=0.7108508348464966, 5%=0.7159622311592102, 10%=0.7181316614151001, 25%=0.7255072593688965, 50%=0.7326638102531433, 75%=0.7385706305503845, 90%=0.7438098192214966, 95%=0.7484300136566162, 98%=0.7528282403945923
ranking_best_algo: Tabu
ranking_best_score: 0.7429702712499999
ranking_my_rank: 2/504 (99.8%)
ranking_my_percent: 99.8015873015873
