ConfigName: kjsd__advperagentrankweighted__M4__L24__eps0p005__g0p0005__ds0p05__dm0p05
Problem: QUBO
Kernel: jsd
Advantage: peragentrankweighted
M: 4
lambda: 24
epsilon_svgd: 0.005
gamma: 0.0005
decay_start_ratio: 0.05
decay_min_factor: 0.05
bandwith_kernel: None
no_interact: False
avg_score: -1236.8800048828125
median_score: -1228.0
std_score: 51.44633865356445
percentiles: 2%=-1336.280029296875, 5%=-1327.199951171875, 10%=-1310.0999755859375, 25%=-1271.75, 50%=-1228.0, 75%=-1203.75, 90%=-1178.800048828125, 95%=-1162.6500244140625, 98%=-1142.6800537109375
ranking_best_algo: SVMMetaModelLogNormal
ranking_best_score: 1233.7999999999997
ranking_my_rank: 1/504 (100.0%)
ranking_my_percent: 100.0
