ConfigName: kjsd__advperagentrankweighted__M5__L10__eps0p005__g0p0003__ds0p2__dm0p05
Problem: NK
Kernel: jsd
Advantage: peragentrankweighted
M: 5
lambda: 10
epsilon_svgd: 0.005
gamma: 0.0003
decay_start_ratio: 0.2
decay_min_factor: 0.05
bandwith_kernel: None
no_interact: False
avg_score: 0.7444888353347778
median_score: 0.7408133745193481
std_score: 0.028087662532925606
percentiles: 2%=0.7069841623306274, 5%=0.7088169455528259, 10%=0.7106513977050781, 25%=0.722007155418396, 50%=0.7408133745193481, 75%=0.7594892978668213, 90%=0.7783373594284058, 95%=0.807100236415863, 98%=0.8118547797203064
ranking_best_algo: CMApara
ranking_best_score: 0.7459277895312499
ranking_my_rank: 3/504 (99.6%)
ranking_my_percent: 99.60317460317461
