ConfigName: kjsd__advperagentrankweighted__M5__L10__eps0p02__g0p0005__ds0p2__dm0p05
Problem: NK
Kernel: jsd
Advantage: peragentrankweighted
M: 5
lambda: 10
epsilon_svgd: 0.02
gamma: 0.0005
decay_start_ratio: 0.2
decay_min_factor: 0.05
bandwith_kernel: None
no_interact: False
avg_score: 0.7235693335533142
median_score: 0.7227092981338501
std_score: 0.009432111866772175
percentiles: 2%=0.7032358646392822, 5%=0.7071890830993652, 10%=0.7129602432250977, 25%=0.7173850536346436, 50%=0.7227092981338501, 75%=0.73024582862854, 90%=0.7346344590187073, 95%=0.7415979504585266, 98%=0.7431700825691223
ranking_best_algo: Tabu
ranking_best_score: 0.7429702712499999
ranking_my_rank: 5/504 (99.2%)
ranking_my_percent: 99.2063492063492
