ConfigName: krbf__advnormalizedfitness__M3__L10__eps0p015__g0p007__ds0p15__dm0p01
Problem: QUBO
Kernel: rbf
Advantage: normalizedfitness
M: 3
lambda: 10
epsilon_svgd: 0.015
gamma: 0.007
decay_start_ratio: 0.15
decay_min_factor: 0.01
bandwith_kernel: None
no_interact: False
avg_score: -202.05999755859375
median_score: -203.0
std_score: 12.06799030303955
percentiles: 2%=-224.0, 5%=-222.10000610351562, 10%=-218.10000610351562, 25%=-210.25, 50%=-203.0, 75%=-193.75, 90%=-185.0, 95%=-184.0, 98%=-179.9399871826172
ranking_best_algo: Tabu
ranking_best_score: 208.36000000000004
ranking_my_rank: 35/504 (93.3%)
ranking_my_percent: 93.25396825396825
