ConfigName: kjsd__advperagentrankweighted__M5__L10__eps0p01__g0p0007__ds0p05__dm0p2
Problem: NK
Kernel: jsd
Advantage: peragentrankweighted
M: 5
lambda: 10
epsilon_svgd: 0.01
gamma: 0.0007
decay_start_ratio: 0.05
decay_min_factor: 0.2
bandwith_kernel: None
no_interact: False
avg_score: 0.7428745031356812
median_score: 0.7420240640640259
std_score: 0.013089554384350777
percentiles: 2%=0.7193371653556824, 5%=0.7226840853691101, 10%=0.7257344126701355, 25%=0.7346704006195068, 50%=0.7420240640640259, 75%=0.751391589641571, 90%=0.7604126930236816, 95%=0.76397305727005, 98%=0.7709518074989319
ranking_best_algo: Tabu
ranking_best_score: 0.7601875690625
ranking_my_rank: 9/504 (98.4%)
ranking_my_percent: 98.41269841269842
