ConfigName: kjsd__advperagentrankweighted__M4__L8__eps0p02__g0p0007__ds0p2__dm0p05
Problem: NK
Kernel: jsd
Advantage: peragentrankweighted
M: 4
lambda: 8
epsilon_svgd: 0.02
gamma: 0.0007
decay_start_ratio: 0.2
decay_min_factor: 0.05
bandwith_kernel: None
no_interact: False
avg_score: 0.7454493641853333
median_score: 0.7445066571235657
std_score: 0.015204593539237976
percentiles: 2%=0.7176135778427124, 5%=0.7225087285041809, 10%=0.7247070074081421, 25%=0.7371762990951538, 50%=0.7445066571235657, 75%=0.7543249726295471, 90%=0.7681288123130798, 95%=0.7735490798950195, 98%=0.7771672010421753
ranking_best_algo: Tabu
ranking_best_score: 0.7657846284375001
ranking_my_rank: 43/504 (91.7%)
ranking_my_percent: 91.66666666666667
