ConfigName: krbf__advnormalizedfitness__M3__L8__eps0p033__g0p005__ds0p3__dm0p3
Problem: NK
Kernel: rbf
Advantage: normalizedfitness
M: 3
lambda: 8
epsilon_svgd: 0.033
gamma: 0.005
decay_start_ratio: 0.3
decay_min_factor: 0.3
bandwith_kernel: None
no_interact: False
avg_score: 0.7321831583976746
median_score: 0.7313035130500793
std_score: 0.009943096898496151
percentiles: 2%=0.7110636234283447, 5%=0.7185393571853638, 10%=0.7212218642234802, 25%=0.7254824042320251, 50%=0.7313035130500793, 75%=0.7374528050422668, 90%=0.7437582015991211, 95%=0.7505468130111694, 98%=0.7563173174858093
ranking_best_algo: Tabu
ranking_best_score: 0.7429702712499999
ranking_my_rank: 2/504 (99.8%)
ranking_my_percent: 99.8015873015873
