ConfigName: kjsd__advperagentrankweighted__M3__L30__eps0p005__g0p0005__ds0p1__dm0p2
Problem: QUBO
Kernel: jsd
Advantage: peragentrankweighted
M: 3
lambda: 30
epsilon_svgd: 0.005
gamma: 0.0005
decay_start_ratio: 0.1
decay_min_factor: 0.2
bandwith_kernel: None
no_interact: False
avg_score: -1186.43994140625
median_score: -1175.5
std_score: 68.12948608398438
percentiles: 2%=-1339.43994140625, 5%=-1311.050048828125, 10%=-1270.0999755859375, 25%=-1234.0, 50%=-1175.5, 75%=-1137.75, 90%=-1108.9000244140625, 95%=-1081.6500244140625, 98%=-1063.6600341796875
ranking_best_algo: Tabu
ranking_best_score: 1216.16
ranking_my_rank: 64/504 (87.5%)
ranking_my_percent: 87.5
