ConfigName: krbf__advnormalizedfitness__M4__L8__eps0p025__g0p005__ds0p01__dm0p01
Problem: NK
Kernel: rbf
Advantage: normalizedfitness
M: 4
lambda: 8
epsilon_svgd: 0.025
gamma: 0.005
decay_start_ratio: 0.01
decay_min_factor: 0.01
bandwith_kernel: None
no_interact: False
avg_score: 0.7453901767730713
median_score: 0.7466859817504883
std_score: 0.015149811282753944
percentiles: 2%=0.7108404636383057, 5%=0.7179990410804749, 10%=0.727374792098999, 25%=0.7361395359039307, 50%=0.7466859817504883, 75%=0.7527354955673218, 90%=0.7627472281455994, 95%=0.7723520994186401, 98%=0.7762181758880615
ranking_best_algo: Tabu
ranking_best_score: 0.7601875690625
ranking_my_rank: 5/504 (99.2%)
ranking_my_percent: 99.2063492063492
