ConfigName: kjsd__advperagentrankweighted__M3__L16__eps0p007__g0p001__ds0p1__dm0p05
Problem: QUBO
Kernel: jsd
Advantage: peragentrankweighted
M: 3
lambda: 16
epsilon_svgd: 0.007
gamma: 0.001
decay_start_ratio: 0.1
decay_min_factor: 0.05
bandwith_kernel: None
no_interact: False
avg_score: -929.3400268554688
median_score: -929.0
std_score: 74.2093276977539
percentiles: 2%=-1074.0, 5%=-1070.199951171875, 10%=-1044.0999755859375, 25%=-971.5, 50%=-929.0, 75%=-882.0, 90%=-838.2000122070312, 95%=-810.4000244140625, 98%=-790.780029296875
ranking_best_algo: CMApara
ranking_best_score: 964.9
ranking_my_rank: 20/504 (96.2%)
ranking_my_percent: 96.23015873015873
