ConfigName: krbf__advnormalizedfitness__M4__L12__eps0p033__g0p007__ds0p3__dm0p3
Problem: QUBO
Kernel: rbf
Advantage: normalizedfitness
M: 4
lambda: 12
epsilon_svgd: 0.033
gamma: 0.007
decay_start_ratio: 0.3
decay_min_factor: 0.3
bandwith_kernel: None
no_interact: False
avg_score: -1139.239990234375
median_score: -1131.0
std_score: 64.14236450195312
percentiles: 2%=-1275.9599609375, 5%=-1247.0, 10%=-1224.0, 25%=-1181.75, 50%=-1131.0, 75%=-1093.75, 90%=-1062.300048828125, 95%=-1051.5, 98%=-1029.43994140625
ranking_best_algo: Tabu
ranking_best_score: 1216.16
ranking_my_rank: 152/504 (70.0%)
ranking_my_percent: 70.03968253968254
