ConfigName: kjsd__advperagentrankweighted__M4__L10__eps0p005__g0p0003__ds0p05__dm0p05
Problem: QUBO
Kernel: jsd
Advantage: peragentrankweighted
M: 4
lambda: 10
epsilon_svgd: 0.005
gamma: 0.0003
decay_start_ratio: 0.05
decay_min_factor: 0.05
bandwith_kernel: None
no_interact: False
avg_score: -1203.6199951171875
median_score: -1188.0
std_score: 64.88078308105469
percentiles: 2%=-1345.0799560546875, 5%=-1333.300048828125, 10%=-1295.800048828125, 25%=-1242.0, 50%=-1188.0, 75%=-1160.0, 90%=-1139.800048828125, 95%=-1122.949951171875, 98%=-1090.699951171875
ranking_best_algo: Tabu
ranking_best_score: 1216.16
ranking_my_rank: 38/504 (92.7%)
ranking_my_percent: 92.65873015873017
