ConfigName: kjsd__advperagentrankweighted__M5__L8__eps0p03__g0p0005__ds0p2__dm0p05
Problem: NK
Kernel: jsd
Advantage: peragentrankweighted
M: 5
lambda: 8
epsilon_svgd: 0.03
gamma: 0.0005
decay_start_ratio: 0.2
decay_min_factor: 0.05
bandwith_kernel: None
no_interact: False
avg_score: 0.7038367390632629
median_score: 0.7037270665168762
std_score: 0.0062887417152523994
percentiles: 2%=0.6918140649795532, 5%=0.6925263404846191, 10%=0.6960669159889221, 25%=0.6991457343101501, 50%=0.7037270665168762, 75%=0.7076112031936646, 90%=0.7112492918968201, 95%=0.7134411334991455, 98%=0.7152953743934631
ranking_best_algo: PBIL
ranking_best_score: 0.7170882103515624
ranking_my_rank: 62/504 (87.9%)
ranking_my_percent: 87.89682539682539
