ConfigName: kjsd__advperagentrankweighted__M3__L18__eps0p007__g0p0007__ds0p05__dm0p05
Problem: QUBO
Kernel: jsd
Advantage: peragentrankweighted
M: 3
lambda: 18
epsilon_svgd: 0.007
gamma: 0.0007
decay_start_ratio: 0.05
decay_min_factor: 0.05
bandwith_kernel: None
no_interact: False
avg_score: -1191.52001953125
median_score: -1188.5
std_score: 55.82929229736328
percentiles: 2%=-1335.1199951171875, 5%=-1277.300048828125, 10%=-1269.0, 25%=-1224.0, 50%=-1188.5, 75%=-1150.75, 90%=-1121.699951171875, 95%=-1113.0, 98%=-1098.97998046875
ranking_best_algo: Tabu
ranking_best_score: 1216.16
ranking_my_rank: 50/504 (90.3%)
ranking_my_percent: 90.27777777777777
