ConfigName: krbf__advnormalizedfitness__M2__L10__eps0p01__g0p007__ds0p01__dm0p01
Problem: QUBO
Kernel: rbf
Advantage: normalizedfitness
M: 2
lambda: 10
epsilon_svgd: 0.01
gamma: 0.007
decay_start_ratio: 0.01
decay_min_factor: 0.01
bandwith_kernel: None
no_interact: False
avg_score: -2566.300048828125
median_score: -2566.5
std_score: 122.53223419189453
percentiles: 2%=-2815.679931640625, 5%=-2774.85009765625, 10%=-2731.699951171875, 25%=-2641.5, 50%=-2566.5, 75%=-2477.0, 90%=-2393.800048828125, 95%=-2371.949951171875, 98%=-2321.9599609375
ranking_best_algo: SVM1MetaModelLogNormal
ranking_best_score: 2605.14
ranking_my_rank: 15/504 (97.2%)
ranking_my_percent: 97.22222222222223
