ConfigName: krbf__advnormalizedfitness__M1__L8__eps0p025__g0p015__ds0p01__dm0p01
Problem: QUBO
Kernel: rbf
Advantage: normalizedfitness
M: 1
lambda: 8
epsilon_svgd: 0.025
gamma: 0.015
decay_start_ratio: 0.01
decay_min_factor: 0.01
bandwith_kernel: None
no_interact: False
avg_score: -132.47999572753906
median_score: -133.0
std_score: 14.013193130493164
percentiles: 2%=-157.02000427246094, 5%=-154.0500030517578, 10%=-147.0, 25%=-144.0, 50%=-133.0, 75%=-122.25, 90%=-112.9000015258789, 95%=-108.0, 98%=-106.95999145507812
ranking_best_algo: DiscreteDE
ranking_best_score: 143.4
ranking_my_rank: 314/504 (37.9%)
ranking_my_percent: 37.8968253968254
