ConfigName: krbf__advnormalizedfitness__M3__L12__eps0p033__g0p015__ds0p15__dm0p3
Problem: NK
Kernel: rbf
Advantage: normalizedfitness
M: 3
lambda: 12
epsilon_svgd: 0.033
gamma: 0.015
decay_start_ratio: 0.15
decay_min_factor: 0.3
bandwith_kernel: None
no_interact: False
avg_score: 0.7354478240013123
median_score: 0.7384442687034607
std_score: 0.01746027171611786
percentiles: 2%=0.6971115469932556, 5%=0.7081804871559143, 10%=0.7115725874900818, 25%=0.7231118679046631, 50%=0.7384442687034607, 75%=0.7482942342758179, 90%=0.7561858892440796, 95%=0.7602194547653198, 98%=0.7659761905670166
ranking_best_algo: Tabu
ranking_best_score: 0.7470791764843752
ranking_my_rank: 18/504 (96.6%)
ranking_my_percent: 96.62698412698413
