ConfigName: kjsd__advperagentrankweighted__M3__L18__eps0p005__g0p0005__ds0p1__dm0p05
Problem: QUBO
Kernel: jsd
Advantage: peragentrankweighted
M: 3
lambda: 18
epsilon_svgd: 0.005
gamma: 0.0005
decay_start_ratio: 0.1
decay_min_factor: 0.05
bandwith_kernel: None
no_interact: False
avg_score: -421.29998779296875
median_score: -419.5
std_score: 31.210094451904297
percentiles: 2%=-477.0400085449219, 5%=-473.1000061035156, 10%=-465.0, 25%=-444.0, 50%=-419.5, 75%=-402.0, 90%=-383.79998779296875, 95%=-371.8999938964844, 98%=-359.760009765625
ranking_best_algo: CMAL3
ranking_best_score: 435.36
ranking_my_rank: 55/504 (89.3%)
ranking_my_percent: 89.28571428571429
