ConfigName: kfr__advglobalrankweighted__M2__L7__eps0p01__g0p007__ds0p01__dm0p01
Problem: QUBO
Kernel: fr
Advantage: globalrankweighted
M: 2
lambda: 7
epsilon_svgd: 0.01
gamma: 0.007
decay_start_ratio: 0.01
decay_min_factor: 0.01
bandwith_kernel: None
no_interact: False
avg_score: -419.260009765625
median_score: -419.5
std_score: 28.530200958251953
percentiles: 2%=-473.0400085449219, 5%=-465.20001220703125, 10%=-456.20001220703125, 25%=-440.0, 50%=-419.5, 75%=-402.5, 90%=-378.0, 95%=-374.0, 98%=-359.659912109375
ranking_best_algo: CMAL3
ranking_best_score: 435.36
ranking_my_rank: 95/504 (81.3%)
ranking_my_percent: 81.34920634920636
