ConfigName: kjsd__advperagentrankweighted__M4__L20__eps0p005__g0p001__ds0p2__dm0p05
Problem: QUBO
Kernel: jsd
Advantage: peragentrankweighted
M: 4
lambda: 20
epsilon_svgd: 0.005
gamma: 0.001
decay_start_ratio: 0.2
decay_min_factor: 0.05
bandwith_kernel: None
no_interact: False
avg_score: -200.66000366210938
median_score: -201.0
std_score: 13.064623832702637
percentiles: 2%=-224.0, 5%=-224.0, 10%=-218.10000610351562, 25%=-209.0, 50%=-201.0, 75%=-193.0, 90%=-181.89999389648438, 95%=-177.89999389648438, 98%=-172.0
ranking_best_algo: Tabu
ranking_best_score: 208.36000000000004
ranking_my_rank: 45/504 (91.3%)
ranking_my_percent: 91.26984126984127
