ConfigName: krbf__advnormalizedfitness__M1__L8__eps0p015__g0p015__ds0p15__dm0p01
Problem: QUBO
Kernel: rbf
Advantage: normalizedfitness
M: 1
lambda: 8
epsilon_svgd: 0.015
gamma: 0.015
decay_start_ratio: 0.15
decay_min_factor: 0.01
bandwith_kernel: None
no_interact: False
avg_score: -429.239990234375
median_score: -429.0
std_score: 29.985034942626953
percentiles: 2%=-487.1000061035156, 5%=-477.0, 10%=-470.1000061035156, 25%=-449.5, 50%=-429.0, 75%=-409.5, 90%=-387.79998779296875, 95%=-381.0, 98%=-374.7999572753906
ranking_best_algo: CMApara
ranking_best_score: 453.82
ranking_my_rank: 91/504 (82.1%)
ranking_my_percent: 82.14285714285714
