ConfigName: kjsd__advperagentrankweighted__M5__L24__eps0p03__g0p0007__ds0p05__dm0p05
Problem: QUBO
Kernel: jsd
Advantage: peragentrankweighted
M: 5
lambda: 24
epsilon_svgd: 0.03
gamma: 0.0007
decay_start_ratio: 0.05
decay_min_factor: 0.05
bandwith_kernel: None
no_interact: False
avg_score: -587.0999755859375
median_score: -587.5
std_score: 27.588947296142578
percentiles: 2%=-637.02001953125, 5%=-628.0499877929688, 10%=-623.2000122070312, 25%=-605.25, 50%=-587.5, 75%=-565.75, 90%=-550.0, 95%=-538.0, 98%=-536.7999877929688
ranking_best_algo: Tabu
ranking_best_score: 588.7199999999999
ranking_my_rank: 3/503 (99.6%)
ranking_my_percent: 99.6023856858847
