ConfigName: krbf__advnormalizedfitness__M4__L12__eps0p015__g0p015__ds0p15__dm0p01
Problem: QUBO
Kernel: rbf
Advantage: normalizedfitness
M: 4
lambda: 12
epsilon_svgd: 0.015
gamma: 0.015
decay_start_ratio: 0.15
decay_min_factor: 0.01
bandwith_kernel: None
no_interact: False
avg_score: -390.8399963378906
median_score: -387.0
std_score: 47.23784637451172
percentiles: 2%=-485.1400146484375, 5%=-470.54998779296875, 10%=-451.79998779296875, 25%=-425.25, 50%=-387.0, 75%=-354.5, 90%=-330.8999938964844, 95%=-326.9000244140625, 98%=-310.5399169921875
ranking_best_algo: Tabu
ranking_best_score: 588.7199999999999
ranking_my_rank: 333/503 (34.0%)
ranking_my_percent: 33.99602385685885
