ConfigName: kjsd__advperagentrankweighted__M4__L8__eps0p005__g0p0005__ds0p4__dm0p05
Problem: QUBO
Kernel: jsd
Advantage: peragentrankweighted
M: 4
lambda: 8
epsilon_svgd: 0.005
gamma: 0.0005
decay_start_ratio: 0.4
decay_min_factor: 0.05
bandwith_kernel: None
no_interact: False
avg_score: -413.9599914550781
median_score: -412.0
std_score: 25.716890335083008
percentiles: 2%=-461.1600036621094, 5%=-455.1000061035156, 10%=-449.5, 25%=-430.75, 50%=-412.0, 75%=-398.0, 90%=-383.79998779296875, 95%=-373.6000061035156, 98%=-359.9599914550781
ranking_best_algo: Tabu
ranking_best_score: 438.12
ranking_my_rank: 57/504 (88.9%)
ranking_my_percent: 88.88888888888889
