ConfigName: kjsd__advperagentrankweighted__M4__L30__eps0p01__g0p0005__ds0p2__dm0p05
Problem: QUBO
Kernel: jsd
Advantage: peragentrankweighted
M: 4
lambda: 30
epsilon_svgd: 0.01
gamma: 0.0005
decay_start_ratio: 0.2
decay_min_factor: 0.05
bandwith_kernel: None
no_interact: False
avg_score: -2651.9599609375
median_score: -2642.0
std_score: 114.51077270507812
percentiles: 2%=-2887.02001953125, 5%=-2864.35009765625, 10%=-2817.699951171875, 25%=-2725.5, 50%=-2642.0, 75%=-2564.25, 90%=-2527.60009765625, 95%=-2486.699951171875, 98%=-2433.840087890625
ranking_best_algo: DiscreteLengler2OnePlusOne
ranking_best_score: 2617.04
ranking_my_rank: 1/504 (100.0%)
ranking_my_percent: 100.0
