ConfigName: krbf__advnormalizedfitness__M4__L8__eps0p033__g0p015__ds0p3__dm0p3
Problem: NK
Kernel: rbf
Advantage: normalizedfitness
M: 4
lambda: 8
epsilon_svgd: 0.033
gamma: 0.015
decay_start_ratio: 0.3
decay_min_factor: 0.3
bandwith_kernel: None
no_interact: False
avg_score: 0.721671462059021
median_score: 0.7221713066101074
std_score: 0.020028719678521156
percentiles: 2%=0.6798003911972046, 5%=0.6872552037239075, 10%=0.6949973106384277, 25%=0.7103039622306824, 50%=0.7221713066101074, 75%=0.7360822558403015, 90%=0.7471567988395691, 95%=0.7525115013122559, 98%=0.7568091154098511
ranking_best_algo: Tabu
ranking_best_score: 0.7470791764843752
ranking_my_rank: 185/504 (63.5%)
ranking_my_percent: 63.492063492063494
