ConfigName: kjsd__advperagentrankweighted__M3__L30__eps0p007__g0p001__ds0p1__dm0p05
Problem: QUBO
Kernel: jsd
Advantage: peragentrankweighted
M: 3
lambda: 30
epsilon_svgd: 0.007
gamma: 0.001
decay_start_ratio: 0.1
decay_min_factor: 0.05
bandwith_kernel: None
no_interact: False
avg_score: -138.5399932861328
median_score: -141.5
std_score: 12.40598201751709
percentiles: 2%=-159.02000427246094, 5%=-158.0, 10%=-152.0, 25%=-147.0, 50%=-141.5, 75%=-129.75, 90%=-123.9000015258789, 95%=-116.8499984741211, 98%=-108.95999908447266
ranking_best_algo: DiscreteDE
ranking_best_score: 143.4
ranking_my_rank: 100/504 (80.4%)
ranking_my_percent: 80.35714285714286
