ConfigName: krbf__advnormalizedfitness__M4__L8__eps0p015__g0p005__ds0p15__dm0p01
Problem: QUBO
Kernel: rbf
Advantage: normalizedfitness
M: 4
lambda: 8
epsilon_svgd: 0.015
gamma: 0.005
decay_start_ratio: 0.15
decay_min_factor: 0.01
bandwith_kernel: None
no_interact: False
avg_score: -139.39999389648438
median_score: -139.0
std_score: 10.660205841064453
percentiles: 2%=-158.0, 5%=-158.0, 10%=-156.10000610351562, 25%=-146.25, 50%=-139.0, 75%=-130.75, 90%=-127.0, 95%=-123.0, 98%=-118.93998718261719
ranking_best_algo: DiscreteDE
ranking_best_score: 143.4
ranking_my_rank: 85/504 (83.3%)
ranking_my_percent: 83.33333333333333
