ConfigName: krbf__advnormalizedfitness__M4__L12__eps0p025__g0p005__ds0p3__dm0p01
Problem: NK
Kernel: rbf
Advantage: normalizedfitness
M: 4
lambda: 12
epsilon_svgd: 0.025
gamma: 0.005
decay_start_ratio: 0.3
decay_min_factor: 0.01
bandwith_kernel: None
no_interact: False
avg_score: 0.7060627937316895
median_score: 0.7083146572113037
std_score: 0.011972574517130852
percentiles: 2%=0.686242401599884, 5%=0.6882547736167908, 10%=0.6907222270965576, 25%=0.6943784356117249, 50%=0.7083146572113037, 75%=0.7165564298629761, 90%=0.7205754518508911, 95%=0.7214233875274658, 98%=0.7239037752151489
ranking_best_algo: PBIL
ranking_best_score: 0.7013553837109374
ranking_my_rank: 1/504 (100.0%)
ranking_my_percent: 100.0
