ConfigName: krbf__advnormalizedfitness__M4__L12__eps0p015__g0p007__ds0p15__dm0p01
Problem: QUBO
Kernel: rbf
Advantage: normalizedfitness
M: 4
lambda: 12
epsilon_svgd: 0.015
gamma: 0.007
decay_start_ratio: 0.15
decay_min_factor: 0.01
bandwith_kernel: None
no_interact: False
avg_score: -2252.0
median_score: -2263.5
std_score: 191.9243621826172
percentiles: 2%=-2600.840087890625, 5%=-2528.449951171875, 10%=-2475.10009765625, 25%=-2394.5, 50%=-2263.5, 75%=-2138.75, 90%=-1978.5999755859375, 95%=-1908.8499755859375, 98%=-1893.760009765625
ranking_best_algo: DiscreteLengler2OnePlusOne
ranking_best_score: 2617.04
ranking_my_rank: 190/504 (62.5%)
ranking_my_percent: 62.5
