ConfigName: kfr__advglobalrankweighted__M5__L8__eps0p02__g0p007__ds0p01__dm0p01
Problem: QUBO
Kernel: fr
Advantage: globalrankweighted
M: 5
lambda: 8
epsilon_svgd: 0.02
gamma: 0.007
decay_start_ratio: 0.01
decay_min_factor: 0.01
bandwith_kernel: None
no_interact: False
avg_score: -1521.1199951171875
median_score: -1516.0
std_score: 76.35945129394531
percentiles: 2%=-1673.9000244140625, 5%=-1630.050048828125, 10%=-1621.300048828125, 25%=-1580.75, 50%=-1516.0, 75%=-1455.0, 90%=-1426.5, 95%=-1406.8499755859375, 98%=-1386.8800048828125
ranking_best_algo: NLOPT_LN_PRAXIS
ranking_best_score: 1607.12
ranking_my_rank: 60/504 (88.3%)
ranking_my_percent: 88.2936507936508
