ConfigName: kjsd__advperagentrankweighted__M3__L18__eps0p007__g0p0005__ds0p2__dm0p05
Problem: NK
Kernel: jsd
Advantage: peragentrankweighted
M: 3
lambda: 18
epsilon_svgd: 0.007
gamma: 0.0005
decay_start_ratio: 0.2
decay_min_factor: 0.05
bandwith_kernel: None
no_interact: False
avg_score: 0.711056649684906
median_score: 0.6994773149490356
std_score: 0.03148450329899788
percentiles: 2%=0.6725594997406006, 5%=0.6749871969223022, 10%=0.6758787631988525, 25%=0.682232677936554, 50%=0.6994773149490356, 75%=0.746583104133606, 90%=0.7525893449783325, 95%=0.7586009502410889, 98%=0.7613165378570557
ranking_best_algo: CMApara
ranking_best_score: 0.7118996098437498
ranking_my_rank: 7/504 (98.8%)
ranking_my_percent: 98.80952380952381
