ConfigName: kfr__advglobalrankweighted__M4__L5__eps0p03__g0p001__ds0p01__dm0p01
Problem: QUBO
Kernel: fr
Advantage: globalrankweighted
M: 4
lambda: 5
epsilon_svgd: 0.03
gamma: 0.001
decay_start_ratio: 0.01
decay_min_factor: 0.01
bandwith_kernel: None
no_interact: False
avg_score: -400.44000244140625
median_score: -400.5
std_score: 28.50484848022461
percentiles: 2%=-463.0799865722656, 5%=-455.1000061035156, 10%=-440.1000061035156, 25%=-418.25, 50%=-400.5, 75%=-379.75, 90%=-368.3999938964844, 95%=-352.0, 98%=-350.8800048828125
ranking_best_algo: CMAL3
ranking_best_score: 435.36
ranking_my_rank: 233/504 (54.0%)
ranking_my_percent: 53.96825396825397
