ConfigName: krbf__advnormalizedfitness__M3__L10__eps0p025__g0p005__ds0p3__dm0p01
Problem: QUBO
Kernel: rbf
Advantage: normalizedfitness
M: 3
lambda: 10
epsilon_svgd: 0.025
gamma: 0.005
decay_start_ratio: 0.3
decay_min_factor: 0.01
bandwith_kernel: None
no_interact: False
avg_score: -580.47998046875
median_score: -577.0
std_score: 23.992700576782227
percentiles: 2%=-635.0800170898438, 5%=-623.0999755859375, 10%=-611.0, 25%=-595.25, 50%=-577.0, 75%=-564.0, 90%=-555.0, 95%=-545.9500122070312, 98%=-531.8599853515625
ranking_best_algo: Tabu
ranking_best_score: 588.7199999999999
ranking_my_rank: 37/503 (92.8%)
ranking_my_percent: 92.84294234592446
