ConfigName: krbf__advnormalizedfitness__M4__L15__eps0p033__g0p015__ds0p01__dm0p01
Problem: QUBO
Kernel: rbf
Advantage: normalizedfitness
M: 4
lambda: 15
epsilon_svgd: 0.033
gamma: 0.015
decay_start_ratio: 0.01
decay_min_factor: 0.01
bandwith_kernel: None
no_interact: False
avg_score: -2016.47998046875
median_score: -2000.5
std_score: 187.12350463867188
percentiles: 2%=-2361.89990234375, 5%=-2309.35009765625, 10%=-2280.39990234375, 25%=-2152.75, 50%=-2000.5, 75%=-1872.5, 90%=-1806.699951171875, 95%=-1727.9000244140625, 98%=-1704.3798828125
ranking_best_algo: SVM1MetaModelLogNormal
ranking_best_score: 2605.14
ranking_my_rank: 275/504 (45.6%)
ranking_my_percent: 45.63492063492063
