ConfigName: kjsd__advperagentrankweighted__M3__L18__eps0p01__g0p0005__ds0p2__dm0p05
Problem: QUBO
Kernel: jsd
Advantage: peragentrankweighted
M: 3
lambda: 18
epsilon_svgd: 0.01
gamma: 0.0005
decay_start_ratio: 0.2
decay_min_factor: 0.05
bandwith_kernel: None
no_interact: False
avg_score: -574.0
median_score: -574.0
std_score: 25.458200454711914
percentiles: 2%=-633.0800170898438, 5%=-623.25, 10%=-604.2999877929688, 25%=-588.25, 50%=-574.0, 75%=-556.75, 90%=-545.2999877929688, 95%=-529.9500122070312, 98%=-521.9600219726562
ranking_best_algo: Tabu
ranking_best_score: 588.7199999999999
ranking_my_rank: 60/503 (88.3%)
ranking_my_percent: 88.27037773359841
