ConfigName: kjsd__advperagentrankweighted__M5__L10__eps0p005__g0p0007__ds0p2__dm0p2
Problem: QUBO
Kernel: jsd
Advantage: peragentrankweighted
M: 5
lambda: 10
epsilon_svgd: 0.005
gamma: 0.0007
decay_start_ratio: 0.2
decay_min_factor: 0.2
bandwith_kernel: None
no_interact: False
avg_score: -202.94000244140625
median_score: -203.0
std_score: 12.660032272338867
percentiles: 2%=-224.0, 5%=-224.0, 10%=-220.0, 25%=-213.0, 50%=-203.0, 75%=-197.0, 90%=-186.89999389648438, 95%=-183.0, 98%=-175.94000244140625
ranking_best_algo: Tabu
ranking_best_score: 208.36000000000004
ranking_my_rank: 26/504 (95.0%)
ranking_my_percent: 95.03968253968254
