ConfigName: krbf__advnormalizedfitness__M2__L6__eps0p01__g0p006__ds0p3__dm0p3
Problem: QUBO
Kernel: rbf
Advantage: normalizedfitness
M: 2
lambda: 6
epsilon_svgd: 0.01
gamma: 0.006
decay_start_ratio: 0.3
decay_min_factor: 0.3
bandwith_kernel: None
no_interact: False
avg_score: -577.260009765625
median_score: -579.5
std_score: 30.329069137573242
percentiles: 2%=-621.0999755859375, 5%=-617.0499877929688, 10%=-612.0999755859375, 25%=-603.0, 50%=-579.5, 75%=-556.0, 90%=-535.0, 95%=-527.8500366210938, 98%=-511.9599914550781
ranking_best_algo: Tabu
ranking_best_score: 588.7199999999999
ranking_my_rank: 46/503 (91.1%)
ranking_my_percent: 91.05367793240556
