ConfigName: kjsd__advperagentrankweighted__M4__L12__eps0p005__g0p0005__ds0p4__dm0p05
Problem: NK
Kernel: jsd
Advantage: peragentrankweighted
M: 4
lambda: 12
epsilon_svgd: 0.005
gamma: 0.0005
decay_start_ratio: 0.4
decay_min_factor: 0.05
bandwith_kernel: None
no_interact: False
avg_score: 0.7326499819755554
median_score: 0.7324197292327881
std_score: 0.00866609439253807
percentiles: 2%=0.7168720364570618, 5%=0.7207289338111877, 10%=0.7224902510643005, 25%=0.7268711924552917, 50%=0.7324197292327881, 75%=0.7375981211662292, 90%=0.7423185706138611, 95%=0.7465649843215942, 98%=0.7549029588699341
ranking_best_algo: Tabu
ranking_best_score: 0.7429702712499999
ranking_my_rank: 2/504 (99.8%)
ranking_my_percent: 99.8015873015873
