ConfigName: kfr__advglobalrankweighted__M4__L24__eps0p02__g0p003__ds0p01__dm0p01
Problem: QUBO
Kernel: fr
Advantage: globalrankweighted
M: 4
lambda: 24
epsilon_svgd: 0.02
gamma: 0.003
decay_start_ratio: 0.01
decay_min_factor: 0.01
bandwith_kernel: None
no_interact: False
avg_score: -429.3599853515625
median_score: -427.0
std_score: 27.680866241455078
percentiles: 2%=-481.0, 5%=-475.0, 10%=-469.0, 25%=-447.0, 50%=-427.0, 75%=-410.5, 90%=-393.70001220703125, 95%=-379.95001220703125, 98%=-376.89996337890625
ranking_best_algo: CMAL3
ranking_best_score: 435.36
ranking_my_rank: 11/504 (98.0%)
ranking_my_percent: 98.01587301587301
