ConfigName: kjsd__advperagentrankweighted__M3__L30__eps0p005__g0p0005__ds0p05__dm0p05
Problem: QUBO
Kernel: jsd
Advantage: peragentrankweighted
M: 3
lambda: 30
epsilon_svgd: 0.005
gamma: 0.0005
decay_start_ratio: 0.05
decay_min_factor: 0.05
bandwith_kernel: None
no_interact: False
avg_score: -437.7799987792969
median_score: -443.0
std_score: 27.636056900024414
percentiles: 2%=-481.0, 5%=-477.20001220703125, 10%=-467.5, 25%=-457.25, 50%=-443.0, 75%=-420.0, 90%=-398.6000061035156, 95%=-387.8500061035156, 98%=-376.9200134277344
ranking_best_algo: CMApara
ranking_best_score: 453.82
ranking_my_rank: 28/504 (94.6%)
ranking_my_percent: 94.64285714285714
