ConfigName: krbf__advnormalizedfitness__M3__L10__eps0p025__g0p005__ds0p01__dm0p01
Problem: QUBO
Kernel: rbf
Advantage: normalizedfitness
M: 3
lambda: 10
epsilon_svgd: 0.025
gamma: 0.005
decay_start_ratio: 0.01
decay_min_factor: 0.01
bandwith_kernel: None
no_interact: False
avg_score: -327.79998779296875
median_score: -331.5
std_score: 22.467754364013672
percentiles: 2%=-372.0, 5%=-361.0, 10%=-354.0, 25%=-342.25, 50%=-331.5, 75%=-313.5, 90%=-296.0, 95%=-283.9000244140625, 98%=-275.9599914550781
ranking_best_algo: CMApara
ranking_best_score: 344.22
ranking_my_rank: 85/504 (83.3%)
ranking_my_percent: 83.33333333333333
