ConfigName: krbf__advnormalizedfitness__M2__L10__eps0p015__g0p005__ds0p01__dm0p3
Problem: QUBO
Kernel: rbf
Advantage: normalizedfitness
M: 2
lambda: 10
epsilon_svgd: 0.015
gamma: 0.005
decay_start_ratio: 0.01
decay_min_factor: 0.3
bandwith_kernel: None
no_interact: False
avg_score: -1184.97998046875
median_score: -1177.0
std_score: 67.3835220336914
percentiles: 2%=-1339.0400390625, 5%=-1321.199951171875, 10%=-1288.0999755859375, 25%=-1223.5, 50%=-1177.0, 75%=-1139.0, 90%=-1109.699951171875, 95%=-1088.8499755859375, 98%=-1064.780029296875
ranking_best_algo: Tabu
ranking_best_score: 1216.16
ranking_my_rank: 64/504 (87.5%)
ranking_my_percent: 87.5
