ConfigName: krbf__advnormalizedfitness__M3__L10__eps0p033__g0p015__ds0p01__dm0p01
Problem: QUBO
Kernel: rbf
Advantage: normalizedfitness
M: 3
lambda: 10
epsilon_svgd: 0.033
gamma: 0.015
decay_start_ratio: 0.01
decay_min_factor: 0.01
bandwith_kernel: None
no_interact: False
avg_score: -329.7200012207031
median_score: -334.0
std_score: 19.431974411010742
percentiles: 2%=-372.0, 5%=-357.0, 10%=-350.0, 25%=-343.0, 50%=-334.0, 75%=-316.0, 90%=-300.0, 95%=-297.7500305175781, 98%=-289.9599914550781
ranking_best_algo: CMApara
ranking_best_score: 344.22
ranking_my_rank: 80/504 (84.3%)
ranking_my_percent: 84.32539682539682
