ConfigName: kjsd__advperagentrankweighted__M4__L12__eps0p005__g0p0003__ds0p05__dm0p05
Problem: QUBO
Kernel: jsd
Advantage: peragentrankweighted
M: 4
lambda: 12
epsilon_svgd: 0.005
gamma: 0.0003
decay_start_ratio: 0.05
decay_min_factor: 0.05
bandwith_kernel: None
no_interact: False
avg_score: -411.8999938964844
median_score: -410.5
std_score: 29.378732681274414
percentiles: 2%=-473.0799865722656, 5%=-461.0, 10%=-453.0, 25%=-430.0, 50%=-410.5, 75%=-391.5, 90%=-373.79998779296875, 95%=-364.0, 98%=-345.9599914550781
ranking_best_algo: Tabu
ranking_best_score: 438.12
ranking_my_rank: 76/504 (85.1%)
ranking_my_percent: 85.11904761904762
