ConfigName: kjsd__advperagentrankweighted__M3__L24__eps0p007__g0p0005__ds0p1__dm0p1
Problem: QUBO
Kernel: jsd
Advantage: peragentrankweighted
M: 3
lambda: 24
epsilon_svgd: 0.007
gamma: 0.0005
decay_start_ratio: 0.1
decay_min_factor: 0.1
bandwith_kernel: None
no_interact: False
avg_score: -2659.5
median_score: -2656.5
std_score: 119.64944458007812
percentiles: 2%=-2891.159912109375, 5%=-2862.0, 10%=-2832.10009765625, 25%=-2742.75, 50%=-2656.5, 75%=-2572.75, 90%=-2492.699951171875, 95%=-2476.949951171875, 98%=-2452.89990234375
ranking_best_algo: DiscreteLengler2OnePlusOne
ranking_best_score: 2617.04
ranking_my_rank: 1/504 (100.0%)
ranking_my_percent: 100.0
