ConfigName: krbf__advnormalizedfitness__M2__L8__eps0p015__g0p007__ds0p3__dm0p3
Problem: NK
Kernel: rbf
Advantage: normalizedfitness
M: 2
lambda: 8
epsilon_svgd: 0.015
gamma: 0.007
decay_start_ratio: 0.3
decay_min_factor: 0.3
bandwith_kernel: None
no_interact: False
avg_score: 0.7344093918800354
median_score: 0.7355983257293701
std_score: 0.009223675355315208
percentiles: 2%=0.7154417037963867, 5%=0.7167848944664001, 10%=0.7184277176856995, 25%=0.7288720607757568, 50%=0.7355983257293701, 75%=0.7419928312301636, 90%=0.7445794939994812, 95%=0.7461220026016235, 98%=0.7488378286361694
ranking_best_algo: PBIL
ranking_best_score: 0.7248786399609374
ranking_my_rank: 1/504 (100.0%)
ranking_my_percent: 100.0
