ConfigName: kjsd__advperagentrankweighted__M4__L8__eps0p02__g0p0005__ds0p05__dm0p05
Problem: QUBO
Kernel: jsd
Advantage: peragentrankweighted
M: 4
lambda: 8
epsilon_svgd: 0.02
gamma: 0.0005
decay_start_ratio: 0.05
decay_min_factor: 0.05
bandwith_kernel: None
no_interact: False
avg_score: -896.9600219726562
median_score: -895.5
std_score: 64.54253387451172
percentiles: 2%=-1025.1800537109375, 5%=-1003.2000122070312, 10%=-979.4000244140625, 25%=-943.0, 50%=-895.5, 75%=-853.75, 90%=-800.9000244140625, 95%=-786.9000244140625, 98%=-779.97998046875
ranking_best_algo: CMAL3
ranking_best_score: 928.5800000000002
ranking_my_rank: 82/504 (83.9%)
ranking_my_percent: 83.92857142857143
