ConfigName: kjsd__advperagentrankweighted__M3__L18__eps0p007__g0p003__ds0p05__dm0p2
Problem: NK
Kernel: jsd
Advantage: peragentrankweighted
M: 3
lambda: 18
epsilon_svgd: 0.007
gamma: 0.003
decay_start_ratio: 0.05
decay_min_factor: 0.2
bandwith_kernel: None
no_interact: False
avg_score: 0.7031097412109375
median_score: 0.7041146755218506
std_score: 0.01218873169273138
percentiles: 2%=0.6830464005470276, 5%=0.6839041113853455, 10%=0.6868830919265747, 25%=0.6912800073623657, 50%=0.7041146755218506, 75%=0.714372992515564, 90%=0.7164996862411499, 95%=0.7180320024490356, 98%=0.7195417284965515
ranking_best_algo: PBIL
ranking_best_score: 0.7013553837109374
ranking_my_rank: 1/504 (100.0%)
ranking_my_percent: 100.0
