ConfigName: kjsd__advperagentrankweighted__M4__L24__eps0p007__g0p0005__ds0p05__dm0p05
Problem: QUBO
Kernel: jsd
Advantage: peragentrankweighted
M: 4
lambda: 24
epsilon_svgd: 0.007
gamma: 0.0005
decay_start_ratio: 0.05
decay_min_factor: 0.05
bandwith_kernel: None
no_interact: False
avg_score: -139.32000732421875
median_score: -139.0
std_score: 10.28093433380127
percentiles: 2%=-159.02000427246094, 5%=-158.0500030517578, 10%=-152.1999969482422, 25%=-146.0, 50%=-139.0, 75%=-130.75, 90%=-126.80000305175781, 95%=-123.0, 98%=-122.94000244140625
ranking_best_algo: DiscreteDE
ranking_best_score: 143.4
ranking_my_rank: 86/504 (83.1%)
ranking_my_percent: 83.13492063492063
