ConfigName: kjsd__advperagentrankweighted__M3__L24__eps0p007__g0p001__ds0p05__dm0p1
Problem: QUBO
Kernel: jsd
Advantage: peragentrankweighted
M: 3
lambda: 24
epsilon_svgd: 0.007
gamma: 0.001
decay_start_ratio: 0.05
decay_min_factor: 0.1
bandwith_kernel: None
no_interact: False
avg_score: -2587.52001953125
median_score: -2598.5
std_score: 137.1204071044922
percentiles: 2%=-2828.0, 5%=-2790.5, 10%=-2762.5, 25%=-2693.75, 50%=-2598.5, 75%=-2486.75, 90%=-2403.800048828125, 95%=-2374.199951171875, 98%=-2329.919921875
ranking_best_algo: SVM1MetaModelLogNormal
ranking_best_score: 2605.14
ranking_my_rank: 11/504 (98.0%)
ranking_my_percent: 98.01587301587301
