ConfigName: kjsd__advperagentrankweighted__M4__L24__eps0p01__g0p0005__ds1__dm1
Problem: QUBO
Kernel: jsd
Advantage: peragentrankweighted
M: 4
lambda: 24
epsilon_svgd: 0.01
gamma: 0.0005
decay_start_ratio: 1.0
decay_min_factor: 1.0
bandwith_kernel: None
no_interact: False
avg_score: -145.52000427246094
median_score: -145.0
std_score: 11.955316543579102
percentiles: 2%=-179.0, 5%=-164.0, 10%=-158.0, 25%=-154.0, 50%=-145.0, 75%=-139.0, 90%=-132.0, 95%=-131.0, 98%=-116.95999908447266
ranking_best_algo: CMApara
ranking_best_score: 154.28
ranking_my_rank: 136/504 (73.2%)
ranking_my_percent: 73.21428571428571
no_repulsion: True
