ConfigName: kjsd__advperagentrankweighted__M3__L30__eps0p005__g0p0005__ds0p1__dm0p1
Problem: QUBO
Kernel: jsd
Advantage: peragentrankweighted
M: 3
lambda: 30
epsilon_svgd: 0.005
gamma: 0.0005
decay_start_ratio: 0.1
decay_min_factor: 0.1
bandwith_kernel: None
no_interact: False
avg_score: -912.5399780273438
median_score: -910.0
std_score: 60.20737838745117
percentiles: 2%=-1052.0400390625, 5%=-1012.4500122070312, 10%=-985.2999877929688, 25%=-957.0, 50%=-910.0, 75%=-869.0, 90%=-834.5999755859375, 95%=-827.7999877929688, 98%=-808.8599853515625
ranking_best_algo: CMAL3
ranking_best_score: 928.5800000000002
ranking_my_rank: 20/504 (96.2%)
ranking_my_percent: 96.23015873015873
