ConfigName: kfr__advglobalrankweighted__M3__L9__eps0p01__g0p005__ds0p01__dm0p01
Problem: QUBO
Kernel: fr
Advantage: globalrankweighted
M: 3
lambda: 9
epsilon_svgd: 0.01
gamma: 0.005
decay_start_ratio: 0.01
decay_min_factor: 0.01
bandwith_kernel: None
no_interact: False
avg_score: -1214.8599853515625
median_score: -1199.0
std_score: 66.58108520507812
percentiles: 2%=-1378.0400390625, 5%=-1318.5, 10%=-1297.0, 25%=-1269.0, 50%=-1199.0, 75%=-1170.75, 90%=-1140.699951171875, 95%=-1114.75, 98%=-1100.679931640625
ranking_best_algo: SVMMetaModelLogNormal
ranking_best_score: 1233.7999999999997
ranking_my_rank: 41/504 (92.1%)
ranking_my_percent: 92.06349206349206
