ConfigName: kjsd__advperagentrankweighted__M5__L10__eps0p01__g0p0005__ds0p4__dm0p05
Problem: QUBO
Kernel: jsd
Advantage: peragentrankweighted
M: 5
lambda: 10
epsilon_svgd: 0.01
gamma: 0.0005
decay_start_ratio: 0.4
decay_min_factor: 0.05
bandwith_kernel: None
no_interact: False
avg_score: -3305.080078125
median_score: -3303.5
std_score: 111.55821228027344
percentiles: 2%=-3536.320068359375, 5%=-3500.699951171875, 10%=-3433.199951171875, 25%=-3384.0, 50%=-3303.5, 75%=-3241.75, 90%=-3155.0, 95%=-3108.89990234375, 98%=-3079.419921875
ranking_best_algo: RLSOnePlusOne
ranking_best_score: 3316.5199999999995
ranking_my_rank: 3/504 (99.6%)
ranking_my_percent: 99.60317460317461
