ConfigName: krbf__advnormalizedfitness__M4__L15__eps0p015__g0p007__ds0p15__dm0p01
Problem: QUBO
Kernel: rbf
Advantage: normalizedfitness
M: 4
lambda: 15
epsilon_svgd: 0.015
gamma: 0.007
decay_start_ratio: 0.15
decay_min_factor: 0.01
bandwith_kernel: None
no_interact: False
avg_score: -327.1400146484375
median_score: -331.5
std_score: 19.833820343017578
percentiles: 2%=-356.0199890136719, 5%=-355.0, 10%=-350.0, 25%=-342.0, 50%=-331.5, 75%=-311.5, 90%=-296.0, 95%=-292.0, 98%=-289.91998291015625
ranking_best_algo: CMApara
ranking_best_score: 344.22
ranking_my_rank: 111/504 (78.2%)
ranking_my_percent: 78.17460317460318
