ConfigName: kjsd__advperagentrankweighted__M6__L8__eps0p03__g0p0005__ds0p05__dm0p05
Problem: QUBO
Kernel: jsd
Advantage: peragentrankweighted
M: 6
lambda: 8
epsilon_svgd: 0.03
gamma: 0.0005
decay_start_ratio: 0.05
decay_min_factor: 0.05
bandwith_kernel: None
no_interact: False
avg_score: -900.0
median_score: -895.5
std_score: 59.983497619628906
percentiles: 2%=-1032.199951171875, 5%=-1011.1500244140625, 10%=-986.2000122070312, 25%=-944.0, 50%=-895.5, 75%=-856.0, 90%=-830.9000244140625, 95%=-811.7999877929688, 98%=-798.5399780273438
ranking_best_algo: CMAL3
ranking_best_score: 928.5800000000002
ranking_my_rank: 70/504 (86.3%)
ranking_my_percent: 86.30952380952381
