ConfigName: krbf__advnormalizedfitness__M2__L8__eps0p015__g0p007__ds0p15__dm0p3
Problem: NK
Kernel: rbf
Advantage: normalizedfitness
M: 2
lambda: 8
epsilon_svgd: 0.015
gamma: 0.007
decay_start_ratio: 0.15
decay_min_factor: 0.3
bandwith_kernel: None
no_interact: False
avg_score: 0.7422047257423401
median_score: 0.7411683797836304
std_score: 0.015343992039561272
percentiles: 2%=0.7163928747177124, 5%=0.7201985120773315, 10%=0.7224403023719788, 25%=0.7303146719932556, 50%=0.7411683797836304, 75%=0.7532109022140503, 90%=0.7633034586906433, 95%=0.7671778798103333, 98%=0.7758273482322693
ranking_best_algo: Tabu
ranking_best_score: 0.7601875690625
ranking_my_rank: 11/504 (98.0%)
ranking_my_percent: 98.01587301587301
