ConfigName: krbf__advnormalizedfitness__M3__L12__eps0p033__g0p005__ds0p15__dm0p01
Problem: QUBO
Kernel: rbf
Advantage: normalizedfitness
M: 3
lambda: 12
epsilon_svgd: 0.033
gamma: 0.005
decay_start_ratio: 0.15
decay_min_factor: 0.01
bandwith_kernel: None
no_interact: False
avg_score: -1270.47998046875
median_score: -1274.0
std_score: 66.01143646240234
percentiles: 2%=-1412.0999755859375, 5%=-1376.449951171875, 10%=-1359.0999755859375, 25%=-1312.75, 50%=-1274.0, 75%=-1219.75, 90%=-1182.800048828125, 95%=-1166.9000244140625, 98%=-1157.93994140625
ranking_best_algo: BigLognormalDiscreteOnePlusOne
ranking_best_score: 1301.3600000000004
ranking_my_rank: 46/504 (91.1%)
ranking_my_percent: 91.07142857142857
