ConfigName: kjsd__advperagentrankweighted__M3__L16__eps0p007__g0p001__ds0p2__dm0p1
Problem: QUBO
Kernel: jsd
Advantage: peragentrankweighted
M: 3
lambda: 16
epsilon_svgd: 0.007
gamma: 0.001
decay_start_ratio: 0.2
decay_min_factor: 0.1
bandwith_kernel: None
no_interact: False
avg_score: -1313.4200439453125
median_score: -1316.0
std_score: 55.79179000854492
percentiles: 2%=-1416.3399658203125, 5%=-1411.199951171875, 10%=-1384.0999755859375, 25%=-1351.5, 50%=-1316.0, 75%=-1270.75, 90%=-1240.800048828125, 95%=-1224.4000244140625, 98%=-1198.97998046875
ranking_best_algo: BigLognormalDiscreteOnePlusOne
ranking_best_score: 1301.3600000000004
ranking_my_rank: 1/504 (100.0%)
ranking_my_percent: 100.0
