ConfigName: kfr__advglobalrankweighted__M5__L8__eps0p02__g0p007__ds0p01__dm0p01
Problem: QUBO
Kernel: fr
Advantage: globalrankweighted
M: 5
lambda: 8
epsilon_svgd: 0.02
gamma: 0.007
decay_start_ratio: 0.01
decay_min_factor: 0.01
bandwith_kernel: None
no_interact: False
avg_score: -438.5
median_score: -439.0
std_score: 23.998125076293945
percentiles: 2%=-483.0400085449219, 5%=-475.0, 10%=-472.0, 25%=-456.25, 50%=-439.0, 75%=-420.5, 90%=-407.79998779296875, 95%=-400.7500305175781, 98%=-389.94000244140625
ranking_best_algo: CMApara
ranking_best_score: 453.82
ranking_my_rank: 19/504 (96.4%)
ranking_my_percent: 96.42857142857143
