ConfigName: krbf__advnormalizedfitness__M4__L12__eps0p025__g0p01__ds0p01__dm0p01
Problem: NK
Kernel: rbf
Advantage: normalizedfitness
M: 4
lambda: 12
epsilon_svgd: 0.025
gamma: 0.01
decay_start_ratio: 0.01
decay_min_factor: 0.01
bandwith_kernel: None
no_interact: False
avg_score: 0.6681774258613586
median_score: 0.668121337890625
std_score: 0.02131153829395771
percentiles: 2%=0.6292505860328674, 5%=0.6342155337333679, 10%=0.6419480443000793, 25%=0.6517563462257385, 50%=0.668121337890625, 75%=0.6829035878181458, 90%=0.6952791213989258, 95%=0.7018335461616516, 98%=0.7080817222595215
ranking_best_algo: Tabu
ranking_best_score: 0.7429702712499999
ranking_my_rank: 311/504 (38.5%)
ranking_my_percent: 38.492063492063494
