ConfigName: krbf__advnormalizedfitness__M4__L8__eps0p033__g0p01__ds0p01__dm0p3
Problem: NK
Kernel: rbf
Advantage: normalizedfitness
M: 4
lambda: 8
epsilon_svgd: 0.033
gamma: 0.01
decay_start_ratio: 0.01
decay_min_factor: 0.3
bandwith_kernel: None
no_interact: False
avg_score: 0.7536219954490662
median_score: 0.754546046257019
std_score: 0.012752857990562916
percentiles: 2%=0.7286039590835571, 5%=0.7338302731513977, 10%=0.7369503378868103, 25%=0.7453842163085938, 50%=0.754546046257019, 75%=0.7624067664146423, 90%=0.7678079605102539, 95%=0.7724623680114746, 98%=0.7747538089752197
ranking_best_algo: Tabu
ranking_best_score: 0.7657846284375001
ranking_my_rank: 9/504 (98.4%)
ranking_my_percent: 98.41269841269842
