ConfigName: krbf__advnormalizedfitness__M4__L15__eps0p033__g0p01__ds0p15__dm0p3
Problem: QUBO
Kernel: rbf
Advantage: normalizedfitness
M: 4
lambda: 15
epsilon_svgd: 0.033
gamma: 0.01
decay_start_ratio: 0.15
decay_min_factor: 0.3
bandwith_kernel: None
no_interact: False
avg_score: -405.4800109863281
median_score: -405.0
std_score: 32.89695358276367
percentiles: 2%=-473.1400146484375, 5%=-460.04998779296875, 10%=-449.3999938964844, 25%=-429.25, 50%=-405.0, 75%=-380.0, 90%=-363.8999938964844, 95%=-351.95001220703125, 98%=-348.94000244140625
ranking_best_algo: CMApara
ranking_best_score: 453.82
ranking_my_rank: 253/504 (50.0%)
ranking_my_percent: 50.0
