ConfigName: kjsd__advperagentrankweighted__M4__L20__eps0p007__g0p0005__ds0p1__dm0p05
Problem: NK
Kernel: jsd
Advantage: peragentrankweighted
M: 4
lambda: 20
epsilon_svgd: 0.007
gamma: 0.0005
decay_start_ratio: 0.1
decay_min_factor: 0.05
bandwith_kernel: None
no_interact: False
avg_score: 0.7562188506126404
median_score: 0.7570708990097046
std_score: 0.013185443356633186
percentiles: 2%=0.7255021929740906, 5%=0.731626570224762, 10%=0.7385691404342651, 25%=0.7473128437995911, 50%=0.7570708990097046, 75%=0.7655829191207886, 90%=0.7717550992965698, 95%=0.7741222381591797, 98%=0.7796158194541931
ranking_best_algo: Tabu
ranking_best_score: 0.7657846284375001
ranking_my_rank: 3/504 (99.6%)
ranking_my_percent: 99.60317460317461
