ConfigName: kjsd__advperagentrankweighted__M5__L8__eps0p005__g0p003__ds0p4__dm0p05
Problem: NK
Kernel: jsd
Advantage: peragentrankweighted
M: 5
lambda: 8
epsilon_svgd: 0.005
gamma: 0.003
decay_start_ratio: 0.4
decay_min_factor: 0.05
bandwith_kernel: None
no_interact: False
avg_score: 0.7319080829620361
median_score: 0.7312790751457214
std_score: 0.02244972437620163
percentiles: 2%=0.6889076828956604, 5%=0.6962032914161682, 10%=0.7033881545066833, 25%=0.7161856889724731, 50%=0.7312790751457214, 75%=0.7466444373130798, 90%=0.7650043964385986, 95%=0.7663652300834656, 98%=0.7718321681022644
ranking_best_algo: Tabu
ranking_best_score: 0.7470791764843752
ranking_my_rank: 51/504 (90.1%)
ranking_my_percent: 90.07936507936508
