ConfigName: krbf__advnormalizedfitness__M3__L15__eps0p025__g0p007__ds0p3__dm0p3
Problem: NK
Kernel: rbf
Advantage: normalizedfitness
M: 3
lambda: 15
epsilon_svgd: 0.025
gamma: 0.007
decay_start_ratio: 0.3
decay_min_factor: 0.3
bandwith_kernel: None
no_interact: False
avg_score: 0.7521560788154602
median_score: 0.7526029348373413
std_score: 0.012081172317266464
percentiles: 2%=0.7271669507026672, 5%=0.7330282926559448, 10%=0.7372183203697205, 25%=0.7439351081848145, 50%=0.7526029348373413, 75%=0.7601498961448669, 90%=0.7682217955589294, 95%=0.7713119983673096, 98%=0.7735589742660522
ranking_best_algo: Tabu
ranking_best_score: 0.7657846284375001
ranking_my_rank: 13/504 (97.6%)
ranking_my_percent: 97.61904761904762
