ConfigName: krbf__advnormalizedfitness__M4__L10__eps0p025__g0p01__ds0p05__dm0p05
Problem: QUBO
Kernel: rbf
Advantage: normalizedfitness
M: 4
lambda: 10
epsilon_svgd: 0.025
gamma: 0.01
decay_start_ratio: 0.05
decay_min_factor: 0.05
bandwith_kernel: None
no_interact: False
avg_score: -435.0799865722656
median_score: -436.5
std_score: 26.001415252685547
percentiles: 2%=-479.0199890136719, 5%=-473.0, 10%=-470.1000061035156, 25%=-455.25, 50%=-436.5, 75%=-414.5, 90%=-401.70001220703125, 95%=-394.95001220703125, 98%=-385.9200134277344
ranking_best_algo: CMApara
ranking_best_score: 453.82
ranking_my_rank: 37/504 (92.9%)
ranking_my_percent: 92.85714285714286
