ConfigName: krbf__advnormalizedfitness__M2__L10__eps0p015__g0p01__ds0p15__dm0p01
Problem: QUBO
Kernel: rbf
Advantage: normalizedfitness
M: 2
lambda: 10
epsilon_svgd: 0.015
gamma: 0.01
decay_start_ratio: 0.15
decay_min_factor: 0.01
bandwith_kernel: None
no_interact: False
avg_score: -933.47998046875
median_score: -931.5
std_score: 68.35458374023438
percentiles: 2%=-1064.199951171875, 5%=-1048.5, 10%=-1025.0, 25%=-987.0, 50%=-931.5, 75%=-888.75, 90%=-844.7999877929688, 95%=-822.9000244140625, 98%=-798.6400146484375
ranking_best_algo: CMApara
ranking_best_score: 964.9
ranking_my_rank: 19/504 (96.4%)
ranking_my_percent: 96.42857142857143
