ConfigName: kjsd__advperagentrankweighted__M5__L8__eps0p005__g0p003__ds0p4__dm0p05
Problem: QUBO
Kernel: jsd
Advantage: peragentrankweighted
M: 5
lambda: 8
epsilon_svgd: 0.005
gamma: 0.003
decay_start_ratio: 0.4
decay_min_factor: 0.05
bandwith_kernel: None
no_interact: False
avg_score: -2123.919921875
median_score: -2147.0
std_score: 173.6991424560547
percentiles: 2%=-2433.02001953125, 5%=-2411.949951171875, 10%=-2357.39990234375, 25%=-2267.0, 50%=-2147.0, 75%=-1993.0, 90%=-1885.5, 95%=-1837.75, 98%=-1817.6199951171875
ranking_best_algo: DiscreteLengler2OnePlusOne
ranking_best_score: 2617.04
ranking_my_rank: 218/504 (56.9%)
ranking_my_percent: 56.94444444444444
