ConfigName: kjsd__advperagentrankweighted__M3__L30__eps0p005__g0p001__ds0p05__dm0p05
Problem: NK
Kernel: jsd
Advantage: peragentrankweighted
M: 3
lambda: 30
epsilon_svgd: 0.005
gamma: 0.001
decay_start_ratio: 0.05
decay_min_factor: 0.05
bandwith_kernel: None
no_interact: False
avg_score: 0.7242644429206848
median_score: 0.7241405248641968
std_score: 0.0129136573523283
percentiles: 2%=0.7024691700935364, 5%=0.7058168053627014, 10%=0.7080430388450623, 25%=0.714358925819397, 50%=0.7241405248641968, 75%=0.7345046401023865, 90%=0.7415801882743835, 95%=0.7440635561943054, 98%=0.7466045022010803
ranking_best_algo: Tabu
ranking_best_score: 0.7429702712499999
ranking_my_rank: 4/504 (99.4%)
ranking_my_percent: 99.4047619047619
