ConfigName: kjsd__advperagentrankweighted__M3__L18__eps0p01__g0p003__ds0p05__dm0p2
Problem: QUBO
Kernel: jsd
Advantage: peragentrankweighted
M: 3
lambda: 18
epsilon_svgd: 0.01
gamma: 0.003
decay_start_ratio: 0.05
decay_min_factor: 0.2
bandwith_kernel: None
no_interact: False
avg_score: -1540.97998046875
median_score: -1543.0
std_score: 75.01666259765625
percentiles: 2%=-1687.280029296875, 5%=-1661.199951171875, 10%=-1643.0, 25%=-1591.5, 50%=-1543.0, 75%=-1484.5, 90%=-1444.0, 95%=-1417.0, 98%=-1398.760009765625
ranking_best_algo: NLOPT_LN_PRAXIS
ranking_best_score: 1607.12
ranking_my_rank: 55/504 (89.3%)
ranking_my_percent: 89.28571428571429
