ConfigName: krbf__advnormalizedfitness__M4__L15__eps0p025__g0p007__ds0p01__dm0p01
Problem: NK
Kernel: rbf
Advantage: normalizedfitness
M: 4
lambda: 15
epsilon_svgd: 0.025
gamma: 0.007
decay_start_ratio: 0.01
decay_min_factor: 0.01
bandwith_kernel: None
no_interact: False
avg_score: 0.6804250478744507
median_score: 0.678839921951294
std_score: 0.023180367425084114
percentiles: 2%=0.634915828704834, 5%=0.642262876033783, 10%=0.6532325148582458, 25%=0.665942907333374, 50%=0.678839921951294, 75%=0.6960773468017578, 90%=0.7113070487976074, 95%=0.7178301215171814, 98%=0.7284068465232849
ranking_best_algo: Tabu
ranking_best_score: 0.7429702712499999
ranking_my_rank: 285/504 (43.7%)
ranking_my_percent: 43.65079365079365
