ConfigName: krbf__advnormalizedfitness__M3__L12__eps0p015__g0p005__ds0p01__dm0p01
Problem: QUBO
Kernel: rbf
Advantage: normalizedfitness
M: 3
lambda: 12
epsilon_svgd: 0.015
gamma: 0.005
decay_start_ratio: 0.01
decay_min_factor: 0.01
bandwith_kernel: None
no_interact: False
avg_score: -906.97998046875
median_score: -901.5
std_score: 63.05695343017578
percentiles: 2%=-1027.1600341796875, 5%=-1020.2999877929688, 10%=-1003.0, 25%=-946.5, 50%=-901.5, 75%=-857.5, 90%=-825.9000244140625, 95%=-812.9000244140625, 98%=-782.9599609375
ranking_best_algo: CMAL3
ranking_best_score: 928.5800000000002
ranking_my_rank: 56/504 (89.1%)
ranking_my_percent: 89.08730158730158
