ConfigName: kfr__advglobalrankweighted__M4__L10__eps0p01__g0p003__ds0p01__dm0p01
Problem: QUBO
Kernel: fr
Advantage: globalrankweighted
M: 4
lambda: 10
epsilon_svgd: 0.01
gamma: 0.003
decay_start_ratio: 0.01
decay_min_factor: 0.01
bandwith_kernel: None
no_interact: False
avg_score: -2488.39990234375
median_score: -2482.5
std_score: 127.85006713867188
percentiles: 2%=-2711.260009765625, 5%=-2703.050048828125, 10%=-2654.199951171875, 25%=-2585.25, 50%=-2482.5, 75%=-2397.5, 90%=-2328.699951171875, 95%=-2285.699951171875, 98%=-2259.60009765625
ranking_best_algo: SVM1MetaModelLogNormal
ranking_best_score: 2605.14
ranking_my_rank: 69/504 (86.5%)
ranking_my_percent: 86.5079365079365
