ConfigName: krbf__advnormalizedfitness__M3__L15__eps0p025__g0p007__ds0p15__dm0p01
Problem: NK
Kernel: rbf
Advantage: normalizedfitness
M: 3
lambda: 15
epsilon_svgd: 0.025
gamma: 0.007
decay_start_ratio: 0.15
decay_min_factor: 0.01
bandwith_kernel: None
no_interact: False
avg_score: 0.7580397129058838
median_score: 0.7591122984886169
std_score: 0.013239788822829723
percentiles: 2%=0.7335166335105896, 5%=0.7367182374000549, 10%=0.7392491102218628, 25%=0.7471957206726074, 50%=0.7591122984886169, 75%=0.7697352170944214, 90%=0.7745468616485596, 95%=0.7782526612281799, 98%=0.7800765037536621
ranking_best_algo: Tabu
ranking_best_score: 0.7470791764843752
ranking_my_rank: 1/504 (100.0%)
ranking_my_percent: 100.0
