ConfigName: kfr__advglobalrankweighted__M3__L8__eps0p02__g0p007__ds0p01__dm0p01
Problem: QUBO
Kernel: fr
Advantage: globalrankweighted
M: 3
lambda: 8
epsilon_svgd: 0.02
gamma: 0.007
decay_start_ratio: 0.01
decay_min_factor: 0.01
bandwith_kernel: None
no_interact: False
avg_score: -307.1600036621094
median_score: -302.0
std_score: 39.653175354003906
percentiles: 2%=-396.0, 5%=-390.1000061035156, 10%=-356.0, 25%=-330.5, 50%=-302.0, 75%=-272.75, 90%=-266.0, 95%=-256.8500061035156, 98%=-249.79995727539062
ranking_best_algo: CMApara
ranking_best_score: 319.29999999999995
ranking_my_rank: 101/504 (80.2%)
ranking_my_percent: 80.15873015873017
