ConfigName: krbf__advnormalizedfitness__M4__L15__eps0p025__g0p015__ds0p3__dm0p3
Problem: NK
Kernel: rbf
Advantage: normalizedfitness
M: 4
lambda: 15
epsilon_svgd: 0.025
gamma: 0.015
decay_start_ratio: 0.3
decay_min_factor: 0.3
bandwith_kernel: None
no_interact: False
avg_score: 0.679588258266449
median_score: 0.6818962097167969
std_score: 0.01713489554822445
percentiles: 2%=0.633800745010376, 5%=0.6385862827301025, 10%=0.6629864573478699, 25%=0.673589289188385, 50%=0.6818962097167969, 75%=0.6891016960144043, 90%=0.7001892328262329, 95%=0.7044020295143127, 98%=0.7051241397857666
ranking_best_algo: CMApara
ranking_best_score: 0.707475975
ranking_my_rank: 303/504 (40.1%)
ranking_my_percent: 40.07936507936508
