ConfigName: krbf__advnormalizedfitness__M3__L8__eps0p033__g0p015__ds0p15__dm0p01
Problem: QUBO
Kernel: rbf
Advantage: normalizedfitness
M: 3
lambda: 8
epsilon_svgd: 0.033
gamma: 0.015
decay_start_ratio: 0.15
decay_min_factor: 0.01
bandwith_kernel: None
no_interact: False
avg_score: -1580.6600341796875
median_score: -1582.0
std_score: 76.59938049316406
percentiles: 2%=-1738.0999755859375, 5%=-1685.9000244140625, 10%=-1678.0999755859375, 25%=-1637.5, 50%=-1582.0, 75%=-1530.0, 90%=-1471.0, 95%=-1448.7000732421875, 98%=-1420.8199462890625
ranking_best_algo: NLOPT_LN_PRAXIS
ranking_best_score: 1607.12
ranking_my_rank: 42/504 (91.9%)
ranking_my_percent: 91.86507936507937
