ConfigName: krbf__advnormalizedfitness__M2__L9__eps0p015__g0p005__ds0p01__dm0p01
Problem: QUBO
Kernel: rbf
Advantage: normalizedfitness
M: 2
lambda: 9
epsilon_svgd: 0.015
gamma: 0.005
decay_start_ratio: 0.01
decay_min_factor: 0.01
bandwith_kernel: None
no_interact: False
avg_score: -920.5
median_score: -916.5
std_score: 69.63713073730469
percentiles: 2%=-1068.1199951171875, 5%=-1041.1500244140625, 10%=-1015.2999877929688, 25%=-968.75, 50%=-916.5, 75%=-870.75, 90%=-833.0, 95%=-817.9500122070312, 98%=-808.1199951171875
ranking_best_algo: CMApara
ranking_best_score: 964.9
ranking_my_rank: 59/504 (88.5%)
ranking_my_percent: 88.4920634920635
