ConfigName: kjsd__advperagentrankweighted__M6__L28__eps0p005__g0p0005__ds0p3__dm0p05
Problem: NK
Kernel: jsd
Advantage: peragentrankweighted
M: 6
lambda: 28
epsilon_svgd: 0.005
gamma: 0.0005
decay_start_ratio: 0.3
decay_min_factor: 0.05
bandwith_kernel: None
no_interact: False
avg_score: 0.7449872493743896
median_score: 0.7472977638244629
std_score: 0.01872936636209488
percentiles: 2%=0.7046259641647339, 5%=0.7079905271530151, 10%=0.7190994024276733, 25%=0.7321473956108093, 50%=0.7472977638244629, 75%=0.7602711915969849, 90%=0.7678596377372742, 95%=0.7705811858177185, 98%=0.7728204727172852
ranking_best_algo: Tabu
ranking_best_score: 0.7470791764843752
ranking_my_rank: 3/504 (99.6%)
ranking_my_percent: 99.60317460317461
