ConfigName: kjsd__advperagentrankweighted__M4__L30__eps0p01__g0p0005__ds0p05__dm0p05
Problem: QUBO
Kernel: jsd
Advantage: peragentrankweighted
M: 4
lambda: 30
epsilon_svgd: 0.01
gamma: 0.0005
decay_start_ratio: 0.05
decay_min_factor: 0.05
bandwith_kernel: None
no_interact: False
avg_score: -1630.02001953125
median_score: -1633.0
std_score: 56.0583610534668
percentiles: 2%=-1737.199951171875, 5%=-1729.050048828125, 10%=-1696.300048828125, 25%=-1666.0, 50%=-1633.0, 75%=-1595.75, 90%=-1552.9000244140625, 95%=-1532.800048828125, 98%=-1520.9599609375
ranking_best_algo: NLOPT_LN_PRAXIS
ranking_best_score: 1607.12
ranking_my_rank: 1/504 (100.0%)
ranking_my_percent: 100.0
