ConfigName: kjsd__advperagentrankweighted__M6__L12__eps0p008__g0p0005__ds0p05__dm0p05
Problem: QUBO
Kernel: jsd
Advantage: peragentrankweighted
M: 6
lambda: 12
epsilon_svgd: 0.008
gamma: 0.0005
decay_start_ratio: 0.05
decay_min_factor: 0.05
bandwith_kernel: None
no_interact: False
avg_score: -150.32000732421875
median_score: -149.0
std_score: 12.687694549560547
percentiles: 2%=-179.0, 5%=-179.0, 10%=-164.3000030517578, 25%=-158.0, 50%=-149.0, 75%=-141.0, 90%=-136.0, 95%=-134.9499969482422, 98%=-128.9600067138672
ranking_best_algo: CMApara
ranking_best_score: 154.28
ranking_my_rank: 76/504 (85.1%)
ranking_my_percent: 85.11904761904762
