ConfigName: krbf__advnormalizedfitness__M3__L15__eps0p025__g0p01__ds0p3__dm0p3
Problem: QUBO
Kernel: rbf
Advantage: normalizedfitness
M: 3
lambda: 15
epsilon_svgd: 0.025
gamma: 0.01
decay_start_ratio: 0.3
decay_min_factor: 0.3
bandwith_kernel: None
no_interact: False
avg_score: -522.8800048828125
median_score: -518.0
std_score: 40.60918045043945
percentiles: 2%=-605.02001953125, 5%=-589.2999877929688, 10%=-573.2000122070312, 25%=-554.5, 50%=-518.0, 75%=-499.0, 90%=-473.70001220703125, 95%=-455.8000183105469, 98%=-446.7999572753906
ranking_best_algo: Tabu
ranking_best_score: 588.7199999999999
ranking_my_rank: 203/503 (59.8%)
ranking_my_percent: 59.84095427435388
