ConfigName: kjsd__advperagentrankweighted__M3__L16__eps0p005__g0p0005__ds0p2__dm0p1
Problem: QUBO
Kernel: jsd
Advantage: peragentrankweighted
M: 3
lambda: 16
epsilon_svgd: 0.005
gamma: 0.0005
decay_start_ratio: 0.2
decay_min_factor: 0.1
bandwith_kernel: None
no_interact: False
avg_score: -1315.739990234375
median_score: -1318.0
std_score: 55.24520492553711
percentiles: 2%=-1427.02001953125, 5%=-1397.699951171875, 10%=-1389.199951171875, 25%=-1351.75, 50%=-1318.0, 75%=-1275.5, 90%=-1246.800048828125, 95%=-1234.4000244140625, 98%=-1208.47998046875
ranking_best_algo: BigLognormalDiscreteOnePlusOne
ranking_best_score: 1301.3600000000004
ranking_my_rank: 1/504 (100.0%)
ranking_my_percent: 100.0
