ConfigName: krbf__advnormalizedfitness__M3__L10__eps0p025__g0p005__ds0p01__dm0p01
Problem: NK
Kernel: rbf
Advantage: normalizedfitness
M: 3
lambda: 10
epsilon_svgd: 0.025
gamma: 0.005
decay_start_ratio: 0.01
decay_min_factor: 0.01
bandwith_kernel: None
no_interact: False
avg_score: 0.734731912612915
median_score: 0.737812876701355
std_score: 0.00904289074242115
percentiles: 2%=0.7150526642799377, 5%=0.7163292765617371, 10%=0.7183530926704407, 25%=0.7294409275054932, 50%=0.737812876701355, 75%=0.741138756275177, 90%=0.7444721460342407, 95%=0.7459753751754761, 98%=0.7469351887702942
ranking_best_algo: PBIL
ranking_best_score: 0.7248786399609374
ranking_my_rank: 1/504 (100.0%)
ranking_my_percent: 100.0
