ConfigName: kjsd__advperagentrankweighted__M4__L10__eps0p01__g0p0007__ds0p2__dm0p05
Problem: QUBO
Kernel: jsd
Advantage: peragentrankweighted
M: 4
lambda: 10
epsilon_svgd: 0.01
gamma: 0.0007
decay_start_ratio: 0.2
decay_min_factor: 0.05
bandwith_kernel: None
no_interact: False
avg_score: -139.13999938964844
median_score: -139.0
std_score: 11.136445045471191
percentiles: 2%=-159.02000427246094, 5%=-158.0, 10%=-156.0, 25%=-146.0, 50%=-139.0, 75%=-130.0, 90%=-125.0, 95%=-121.0, 98%=-120.95999908447266
ranking_best_algo: DiscreteDE
ranking_best_score: 143.4
ranking_my_rank: 86/504 (83.1%)
ranking_my_percent: 83.13492063492063
