ConfigName: kjsd__advperagentrankweighted__M8__L10__eps0p005__g0p0005__ds0p05__dm0p05
Problem: QUBO
Kernel: jsd
Advantage: peragentrankweighted
M: 8
lambda: 10
epsilon_svgd: 0.005
gamma: 0.0005
decay_start_ratio: 0.05
decay_min_factor: 0.05
bandwith_kernel: None
no_interact: False
avg_score: -1199.800048828125
median_score: -1196.5
std_score: 65.3270263671875
percentiles: 2%=-1349.3199462890625, 5%=-1345.0, 10%=-1293.800048828125, 25%=-1235.5, 50%=-1196.5, 75%=-1160.75, 90%=-1119.699951171875, 95%=-1102.9000244140625, 98%=-1097.9599609375
ranking_best_algo: Tabu
ranking_best_score: 1216.16
ranking_my_rank: 43/504 (91.7%)
ranking_my_percent: 91.66666666666667
