ConfigName: kjsd__advperagentrankweighted__M3__L16__eps0p007__g0p0007__ds0p05__dm0p1
Problem: NK
Kernel: jsd
Advantage: peragentrankweighted
M: 3
lambda: 16
epsilon_svgd: 0.007
gamma: 0.0007
decay_start_ratio: 0.05
decay_min_factor: 0.1
bandwith_kernel: None
no_interact: False
avg_score: 0.7069156765937805
median_score: 0.7096073031425476
std_score: 0.012092760764062405
percentiles: 2%=0.6863486766815186, 5%=0.6881455183029175, 10%=0.6911523342132568, 25%=0.694861888885498, 50%=0.7096073031425476, 75%=0.7178638577461243, 90%=0.7203553915023804, 95%=0.7224081158638, 98%=0.7231711149215698
ranking_best_algo: PBIL
ranking_best_score: 0.7013553837109374
ranking_my_rank: 1/504 (100.0%)
ranking_my_percent: 100.0
