ConfigName: krbf__advnormalizedfitness__M4__L15__eps0p025__g0p015__ds0p15__dm0p01
Problem: NK
Kernel: rbf
Advantage: normalizedfitness
M: 4
lambda: 15
epsilon_svgd: 0.025
gamma: 0.015
decay_start_ratio: 0.15
decay_min_factor: 0.01
bandwith_kernel: None
no_interact: False
avg_score: 0.7227360010147095
median_score: 0.725010871887207
std_score: 0.010700583457946777
percentiles: 2%=0.6983694434165955, 5%=0.7039475440979004, 10%=0.705476701259613, 25%=0.7163434028625488, 50%=0.725010871887207, 75%=0.7313140034675598, 90%=0.7351862192153931, 95%=0.737377405166626, 98%=0.7396898865699768
ranking_best_algo: PBIL
ranking_best_score: 0.730509098125
ranking_my_rank: 21/504 (96.0%)
ranking_my_percent: 96.03174603174604
