ConfigName: krbf__advnormalizedfitness__M3__L10__eps0p015__g0p015__ds0p3__dm0p01
Problem: QUBO
Kernel: rbf
Advantage: normalizedfitness
M: 3
lambda: 10
epsilon_svgd: 0.015
gamma: 0.015
decay_start_ratio: 0.3
decay_min_factor: 0.01
bandwith_kernel: None
no_interact: False
avg_score: -413.82000732421875
median_score: -413.5
std_score: 29.879884719848633
percentiles: 2%=-471.0400085449219, 5%=-463.0, 10%=-452.20001220703125, 25%=-437.25, 50%=-413.5, 75%=-396.0, 90%=-376.0, 95%=-369.8000183105469, 98%=-341.8799743652344
ranking_best_algo: Tabu
ranking_best_score: 438.12
ranking_my_rank: 57/504 (88.9%)
ranking_my_percent: 88.88888888888889
