ConfigName: krbf__advnormalizedfitness__M4__L12__eps0p015__g0p007__ds0p15__dm0p01
Problem: NK
Kernel: rbf
Advantage: normalizedfitness
M: 4
lambda: 12
epsilon_svgd: 0.015
gamma: 0.007
decay_start_ratio: 0.15
decay_min_factor: 0.01
bandwith_kernel: None
no_interact: False
avg_score: 0.7440294623374939
median_score: 0.7422553300857544
std_score: 0.028769169002771378
percentiles: 2%=0.7029531598091125, 5%=0.7056299448013306, 10%=0.7078933715820312, 25%=0.7195035815238953, 50%=0.7422553300857544, 75%=0.7580187320709229, 90%=0.778337299823761, 95%=0.8044298887252808, 98%=0.8052539825439453
ranking_best_algo: CMApara
ranking_best_score: 0.7459277895312499
ranking_my_rank: 6/504 (99.0%)
ranking_my_percent: 99.0079365079365
