ConfigName: krbf__advnormalizedfitness__M2__L8__eps0p025__g0p01__ds0p15__dm0p01
Problem: QUBO
Kernel: rbf
Advantage: normalizedfitness
M: 2
lambda: 8
epsilon_svgd: 0.025
gamma: 0.01
decay_start_ratio: 0.15
decay_min_factor: 0.01
bandwith_kernel: None
no_interact: False
avg_score: -2579.43994140625
median_score: -2570.0
std_score: 118.98960876464844
percentiles: 2%=-2789.60009765625, 5%=-2776.35009765625, 10%=-2758.800048828125, 25%=-2656.5, 50%=-2570.0, 75%=-2502.5, 90%=-2441.60009765625, 95%=-2393.89990234375, 98%=-2370.4599609375
ranking_best_algo: SVM1MetaModelLogNormal
ranking_best_score: 2605.14
ranking_my_rank: 13/504 (97.6%)
ranking_my_percent: 97.61904761904762
