ConfigName: kjsd__advperagentrankweighted__M3__L20__eps0p007__g0p0005__ds0p05__dm0p1
Problem: QUBO
Kernel: jsd
Advantage: peragentrankweighted
M: 3
lambda: 20
epsilon_svgd: 0.007
gamma: 0.0005
decay_start_ratio: 0.05
decay_min_factor: 0.1
bandwith_kernel: None
no_interact: False
avg_score: -931.260009765625
median_score: -931.5
std_score: 66.31133270263672
percentiles: 2%=-1072.0799560546875, 5%=-1050.550048828125, 10%=-1025.300048828125, 25%=-971.25, 50%=-931.5, 75%=-881.25, 90%=-846.5, 95%=-839.0, 98%=-819.9000244140625
ranking_best_algo: CMApara
ranking_best_score: 964.9
ranking_my_rank: 19/504 (96.4%)
ranking_my_percent: 96.42857142857143
