ConfigName: kjsd__advperagentrankweighted__M5__L10__eps0p01__g0p0007__ds0p2__dm0p05
Problem: NK
Kernel: jsd
Advantage: peragentrankweighted
M: 5
lambda: 10
epsilon_svgd: 0.01
gamma: 0.0007
decay_start_ratio: 0.2
decay_min_factor: 0.05
bandwith_kernel: None
no_interact: False
avg_score: 0.7102113366127014
median_score: 0.7109558582305908
std_score: 0.015110149048268795
percentiles: 2%=0.673120379447937, 5%=0.6737521290779114, 10%=0.6918753385543823, 25%=0.7072774767875671, 50%=0.7109558582305908, 75%=0.7187867164611816, 90%=0.7255256175994873, 95%=0.7326675653457642, 98%=0.7334006428718567
ranking_best_algo: CMApara
ranking_best_score: 0.707475975
ranking_my_rank: 1/504 (100.0%)
ranking_my_percent: 100.0
