ConfigName: kjsd__advperagentrankweighted__M3__L16__eps0p01__g0p0007__ds0p05__dm0p2
Problem: QUBO
Kernel: jsd
Advantage: peragentrankweighted
M: 3
lambda: 16
epsilon_svgd: 0.01
gamma: 0.0007
decay_start_ratio: 0.05
decay_min_factor: 0.2
bandwith_kernel: None
no_interact: False
avg_score: -199.24000549316406
median_score: -201.0
std_score: 14.216272354125977
percentiles: 2%=-224.0, 5%=-224.0, 10%=-219.1999969482422, 25%=-207.0, 50%=-201.0, 75%=-188.5, 90%=-180.0, 95%=-177.89999389648438, 98%=-171.83999633789062
ranking_best_algo: Tabu
ranking_best_score: 208.36000000000004
ranking_my_rank: 86/504 (83.1%)
ranking_my_percent: 83.13492063492063
