ConfigName: krbf__advnormalizedfitness__M4__L15__eps0p033__g0p015__ds0p01__dm0p01
Problem: NK
Kernel: rbf
Advantage: normalizedfitness
M: 4
lambda: 15
epsilon_svgd: 0.033
gamma: 0.015
decay_start_ratio: 0.01
decay_min_factor: 0.01
bandwith_kernel: None
no_interact: False
avg_score: 0.7340930104255676
median_score: 0.7350679636001587
std_score: 0.009174028411507607
percentiles: 2%=0.7110572457313538, 5%=0.7185661792755127, 10%=0.7216008901596069, 25%=0.7289897203445435, 50%=0.7350679636001587, 75%=0.7410622239112854, 90%=0.7449623942375183, 95%=0.7463371157646179, 98%=0.7467961311340332
ranking_best_algo: PBIL
ranking_best_score: 0.730509098125
ranking_my_rank: 1/504 (100.0%)
ranking_my_percent: 100.0
