ConfigName: krbf__advnormalizedfitness__M4__L12__eps0p033__g0p007__ds0p01__dm0p3
Problem: QUBO
Kernel: rbf
Advantage: normalizedfitness
M: 4
lambda: 12
epsilon_svgd: 0.033
gamma: 0.007
decay_start_ratio: 0.01
decay_min_factor: 0.3
bandwith_kernel: None
no_interact: False
avg_score: -918.8599853515625
median_score: -924.5
std_score: 68.65479278564453
percentiles: 2%=-1063.06005859375, 5%=-1027.300048828125, 10%=-1003.2999877929688, 25%=-967.0, 50%=-924.5, 75%=-867.0, 90%=-828.7999877929688, 95%=-816.800048828125, 98%=-778.8399658203125
ranking_best_algo: CMApara
ranking_best_score: 964.9
ranking_my_rank: 64/504 (87.5%)
ranking_my_percent: 87.5
