ConfigName: kjsd__advperagentrankweighted__M5__L8__eps0p01__g0p0003__ds0p2__dm0p05
Problem: QUBO
Kernel: jsd
Advantage: peragentrankweighted
M: 5
lambda: 8
epsilon_svgd: 0.01
gamma: 0.0003
decay_start_ratio: 0.2
decay_min_factor: 0.05
bandwith_kernel: None
no_interact: False
avg_score: -413.6199951171875
median_score: -416.0
std_score: 25.20665740966797
percentiles: 2%=-471.0, 5%=-457.0, 10%=-446.20001220703125, 25%=-428.5, 50%=-416.0, 75%=-394.0, 90%=-384.0, 95%=-373.70001220703125, 98%=-359.8800048828125
ranking_best_algo: Tabu
ranking_best_score: 438.12
ranking_my_rank: 58/504 (88.7%)
ranking_my_percent: 88.69047619047619
