ConfigName: kfr__advglobalrankweighted__M4__L5__eps0p01__g0p005__ds0p01__dm0p01
Problem: QUBO
Kernel: fr
Advantage: globalrankweighted
M: 4
lambda: 5
epsilon_svgd: 0.01
gamma: 0.005
decay_start_ratio: 0.01
decay_min_factor: 0.01
bandwith_kernel: None
no_interact: False
avg_score: -139.1199951171875
median_score: -141.0
std_score: 12.179720878601074
percentiles: 2%=-160.0, 5%=-158.0500030517578, 10%=-156.0, 25%=-147.0, 50%=-141.0, 75%=-129.75, 90%=-125.0, 95%=-119.95000457763672, 98%=-113.85997009277344
ranking_best_algo: DiscreteDE
ranking_best_score: 143.4
ranking_my_rank: 88/504 (82.7%)
ranking_my_percent: 82.73809523809524
