ConfigName: kjsd__advperagentrankweighted__M4__L12__eps0p02__g0p0003__ds0p05__dm0p05
Problem: QUBO
Kernel: jsd
Advantage: peragentrankweighted
M: 4
lambda: 12
epsilon_svgd: 0.02
gamma: 0.0003
decay_start_ratio: 0.05
decay_min_factor: 0.05
bandwith_kernel: None
no_interact: False
avg_score: -430.260009765625
median_score: -431.0
std_score: 27.926551818847656
percentiles: 2%=-481.0799865722656, 5%=-479.1000061035156, 10%=-464.0, 25%=-450.0, 50%=-431.0, 75%=-414.75, 90%=-394.70001220703125, 95%=-384.8500061035156, 98%=-376.8399963378906
ranking_best_algo: CMApara
ranking_best_score: 453.82
ranking_my_rank: 87/504 (82.9%)
ranking_my_percent: 82.93650793650794
