ConfigName: kfr__advglobalrankweighted__M5__L10__eps0p015__g0p003__ds0p01__dm0p01
Problem: QUBO
Kernel: fr
Advantage: globalrankweighted
M: 5
lambda: 10
epsilon_svgd: 0.015
gamma: 0.003
decay_start_ratio: 0.01
decay_min_factor: 0.01
bandwith_kernel: None
no_interact: False
avg_score: -1569.0400390625
median_score: -1565.0
std_score: 71.06263732910156
percentiles: 2%=-1707.1600341796875, 5%=-1678.3499755859375, 10%=-1669.5999755859375, 25%=-1622.75, 50%=-1565.0, 75%=-1518.75, 90%=-1472.4000244140625, 95%=-1451.949951171875, 98%=-1444.679931640625
ranking_best_algo: NLOPT_LN_PRAXIS
ranking_best_score: 1607.12
ranking_my_rank: 46/504 (91.1%)
ranking_my_percent: 91.07142857142857
