ConfigName: kjsd__advperagentrankweighted__M3__L18__eps0p01__g0p0007__ds0p2__dm0p2
Problem: NK
Kernel: jsd
Advantage: peragentrankweighted
M: 3
lambda: 18
epsilon_svgd: 0.01
gamma: 0.0007
decay_start_ratio: 0.2
decay_min_factor: 0.2
bandwith_kernel: None
no_interact: False
avg_score: 0.752533495426178
median_score: 0.7514817714691162
std_score: 0.015078690834343433
percentiles: 2%=0.7253228425979614, 5%=0.7271832823753357, 10%=0.7339290380477905, 25%=0.7414920330047607, 50%=0.7514817714691162, 75%=0.7642188668251038, 90%=0.7730318903923035, 95%=0.776486337184906, 98%=0.7789099812507629
ranking_best_algo: Tabu
ranking_best_score: 0.7657846284375001
ranking_my_rank: 10/504 (98.2%)
ranking_my_percent: 98.21428571428571
