ConfigName: kjsd__advperagentrankweighted__M8__L24__eps0p005__g0p0005__ds0p05__dm0p05
Problem: QUBO
Kernel: jsd
Advantage: peragentrankweighted
M: 8
lambda: 24
epsilon_svgd: 0.005
gamma: 0.0005
decay_start_ratio: 0.05
decay_min_factor: 0.05
bandwith_kernel: None
no_interact: False
avg_score: -1965.8800048828125
median_score: -1963.0
std_score: 152.1063690185547
percentiles: 2%=-2293.52001953125, 5%=-2218.949951171875, 10%=-2175.699951171875, 25%=-2052.0, 50%=-1963.0, 75%=-1860.25, 90%=-1787.9000244140625, 95%=-1715.1500244140625, 98%=-1687.8199462890625
ranking_best_algo: SVM1MetaModelLogNormal
ranking_best_score: 2605.14
ranking_my_rank: 288/504 (43.1%)
ranking_my_percent: 43.05555555555556
