ConfigName: krbf__advnormalizedfitness__M4__L8__eps0p025__g0p007__ds0p3__dm0p3
Problem: NK
Kernel: rbf
Advantage: normalizedfitness
M: 4
lambda: 8
epsilon_svgd: 0.025
gamma: 0.007
decay_start_ratio: 0.3
decay_min_factor: 0.3
bandwith_kernel: None
no_interact: False
avg_score: 0.7290050387382507
median_score: 0.72960364818573
std_score: 0.01821722649037838
percentiles: 2%=0.687898576259613, 5%=0.6971680521965027, 10%=0.7081831097602844, 25%=0.7184306383132935, 50%=0.72960364818573, 75%=0.7413601875305176, 90%=0.7530320882797241, 95%=0.758177638053894, 98%=0.7617993354797363
ranking_best_algo: Tabu
ranking_best_score: 0.7601875690625
ranking_my_rank: 53/504 (89.7%)
ranking_my_percent: 89.68253968253968
