ConfigName: kjsd__advperagentrankweighted__M5__L10__eps0p03__g0p0005__ds0p05__dm0p05
Problem: QUBO
Kernel: jsd
Advantage: peragentrankweighted
M: 5
lambda: 10
epsilon_svgd: 0.03
gamma: 0.0005
decay_start_ratio: 0.05
decay_min_factor: 0.05
bandwith_kernel: None
no_interact: False
avg_score: -146.47999572753906
median_score: -146.0
std_score: 11.873062133789062
percentiles: 2%=-175.0800018310547, 5%=-164.0, 10%=-158.10000610351562, 25%=-154.0, 50%=-146.0, 75%=-139.0, 90%=-135.0, 95%=-127.0, 98%=-115.95999908447266
ranking_best_algo: CMApara
ranking_best_score: 154.28
ranking_my_rank: 112/504 (78.0%)
ranking_my_percent: 77.97619047619048
