ConfigName: kfr__advglobalrankweighted__M1__L9__eps0p02__g0p003__ds0p01__dm0p01
Problem: QUBO
Kernel: fr
Advantage: globalrankweighted
M: 1
lambda: 9
epsilon_svgd: 0.02
gamma: 0.003
decay_start_ratio: 0.01
decay_min_factor: 0.01
bandwith_kernel: None
no_interact: False
avg_score: -3066.179931640625
median_score: -3085.5
std_score: 139.5629119873047
percentiles: 2%=-3325.52001953125, 5%=-3287.60009765625, 10%=-3228.10009765625, 25%=-3155.75, 50%=-3085.5, 75%=-2950.75, 90%=-2887.89990234375, 95%=-2859.699951171875, 98%=-2757.43994140625
ranking_best_algo: RLSOnePlusOne
ranking_best_score: 3316.5199999999995
ranking_my_rank: 90/504 (82.3%)
ranking_my_percent: 82.34126984126983
