ConfigName: kjsd__advperagentrankweighted__M4__L12__eps0p03__g0p0007__ds0p05__dm0p05
Problem: QUBO
Kernel: jsd
Advantage: peragentrankweighted
M: 4
lambda: 12
epsilon_svgd: 0.03
gamma: 0.0007
decay_start_ratio: 0.05
decay_min_factor: 0.05
bandwith_kernel: None
no_interact: False
avg_score: -1600.739990234375
median_score: -1604.5
std_score: 56.56812286376953
percentiles: 2%=-1712.4599609375, 5%=-1691.050048828125, 10%=-1675.0999755859375, 25%=-1641.75, 50%=-1604.5, 75%=-1557.75, 90%=-1528.5999755859375, 95%=-1518.699951171875, 98%=-1492.800048828125
ranking_best_algo: NLOPT_LN_PRAXIS
ranking_best_score: 1607.12
ranking_my_rank: 13/504 (97.6%)
ranking_my_percent: 97.61904761904762
