ConfigName: kjsd__advperagentrankweighted__M3__L18__eps0p005__g0p0005__ds0p2__dm0p2
Problem: QUBO
Kernel: jsd
Advantage: peragentrankweighted
M: 3
lambda: 18
epsilon_svgd: 0.005
gamma: 0.0005
decay_start_ratio: 0.2
decay_min_factor: 0.2
bandwith_kernel: None
no_interact: False
avg_score: -327.9800109863281
median_score: -334.0
std_score: 25.45505142211914
percentiles: 2%=-372.0, 5%=-372.0, 10%=-354.0, 25%=-346.0, 50%=-334.0, 75%=-308.0, 90%=-292.0, 95%=-282.0, 98%=-277.8399963378906
ranking_best_algo: CMApara
ranking_best_score: 344.22
ranking_my_rank: 84/504 (83.5%)
ranking_my_percent: 83.53174603174604
