ConfigName: kjsd__advperagentrankweighted__M5__L10__eps0p01__g0p0005__ds0p2__dm0p2
Problem: QUBO
Kernel: jsd
Advantage: peragentrankweighted
M: 5
lambda: 10
epsilon_svgd: 0.01
gamma: 0.0005
decay_start_ratio: 0.2
decay_min_factor: 0.2
bandwith_kernel: None
no_interact: False
avg_score: -199.8000030517578
median_score: -199.5
std_score: 12.222929000854492
percentiles: 2%=-224.0, 5%=-222.10000610351562, 10%=-215.0, 25%=-209.25, 50%=-199.5, 75%=-191.0, 90%=-184.89999389648438, 95%=-178.0, 98%=-177.8800048828125
ranking_best_algo: Tabu
ranking_best_score: 208.36000000000004
ranking_my_rank: 59/504 (88.5%)
ranking_my_percent: 88.4920634920635
