ConfigName: kjsd__advperagentrankweighted__M2__L20__eps0p005__g0p0005__ds0p05__dm0p1
Problem: NK
Kernel: jsd
Advantage: peragentrankweighted
M: 2
lambda: 20
epsilon_svgd: 0.005
gamma: 0.0005
decay_start_ratio: 0.05
decay_min_factor: 0.1
bandwith_kernel: None
no_interact: False
avg_score: 0.7108454704284668
median_score: 0.6995814442634583
std_score: 0.03157098963856697
percentiles: 2%=0.671828031539917, 5%=0.6743646860122681, 10%=0.6771697402000427, 25%=0.681944727897644, 50%=0.6995814442634583, 75%=0.7464331388473511, 90%=0.7532056570053101, 95%=0.7613165378570557, 98%=0.7613165378570557
ranking_best_algo: CMApara
ranking_best_score: 0.7118996098437498
ranking_my_rank: 10/504 (98.2%)
ranking_my_percent: 98.21428571428571
