ConfigName: kjsd__advperagentrankweighted__M4__L12__eps0p01__g0p0005__ds0p2__dm0p05
Problem: QUBO
Kernel: jsd
Advantage: peragentrankweighted
M: 4
lambda: 12
epsilon_svgd: 0.01
gamma: 0.0005
decay_start_ratio: 0.2
decay_min_factor: 0.05
bandwith_kernel: None
no_interact: False
avg_score: -2640.360107421875
median_score: -2631.5
std_score: 124.54618072509766
percentiles: 2%=-2887.02001953125, 5%=-2867.050048828125, 10%=-2823.89990234375, 25%=-2734.75, 50%=-2631.5, 75%=-2551.0, 90%=-2488.0, 95%=-2449.699951171875, 98%=-2417.8798828125
ranking_best_algo: DiscreteLengler2OnePlusOne
ranking_best_score: 2617.04
ranking_my_rank: 1/504 (100.0%)
ranking_my_percent: 100.0
