ConfigName: kjsd__advperagentrankweighted__M3__L20__eps0p01__g0p0005__ds0p2__dm0p05
Problem: NK
Kernel: jsd
Advantage: peragentrankweighted
M: 3
lambda: 20
epsilon_svgd: 0.01
gamma: 0.0005
decay_start_ratio: 0.2
decay_min_factor: 0.05
bandwith_kernel: None
no_interact: False
avg_score: 0.7424159049987793
median_score: 0.7404121160507202
std_score: 0.02779858373105526
percentiles: 2%=0.7040184736251831, 5%=0.7067975997924805, 10%=0.7117351293563843, 25%=0.7220062017440796, 50%=0.7404121160507202, 75%=0.7538245916366577, 90%=0.7755298018455505, 95%=0.8044298887252808, 98%=0.8118547797203064
ranking_best_algo: CMApara
ranking_best_score: 0.7459277895312499
ranking_my_rank: 20/504 (96.2%)
ranking_my_percent: 96.23015873015873
