ConfigName: krbf__advnormalizedfitness__M1__L8__eps0p015__g0p01__ds0p15__dm0p3
Problem: NK
Kernel: rbf
Advantage: normalizedfitness
M: 1
lambda: 8
epsilon_svgd: 0.015
gamma: 0.01
decay_start_ratio: 0.15
decay_min_factor: 0.3
bandwith_kernel: None
no_interact: False
avg_score: 0.7048287987709045
median_score: 0.707352876663208
std_score: 0.012104257009923458
percentiles: 2%=0.6849270462989807, 5%=0.6868636608123779, 10%=0.6884006261825562, 25%=0.6929850578308105, 50%=0.707352876663208, 75%=0.7154083251953125, 90%=0.719672441482544, 95%=0.7213311195373535, 98%=0.7227169275283813
ranking_best_algo: PBIL
ranking_best_score: 0.7013553837109374
ranking_my_rank: 1/504 (100.0%)
ranking_my_percent: 100.0
