ConfigName: kjsd__advperagentrankweighted__M3__L16__eps0p005__g0p0007__ds0p05__dm0p1
Problem: NK
Kernel: jsd
Advantage: peragentrankweighted
M: 3
lambda: 16
epsilon_svgd: 0.005
gamma: 0.0007
decay_start_ratio: 0.05
decay_min_factor: 0.1
bandwith_kernel: None
no_interact: False
avg_score: 0.7374553680419922
median_score: 0.7387360334396362
std_score: 0.008876082487404346
percentiles: 2%=0.7199437022209167, 5%=0.7220770120620728, 10%=0.7239522933959961, 25%=0.7332451343536377, 50%=0.7387360334396362, 75%=0.7424070239067078, 90%=0.7466776967048645, 95%=0.7513116598129272, 98%=0.7543064951896667
ranking_best_algo: PBIL
ranking_best_score: 0.730509098125
ranking_my_rank: 1/504 (100.0%)
ranking_my_percent: 100.0
