ConfigName: krbf__advnormalizedfitness__M4__L10__eps0p033__g0p007__ds0p01__dm0p01
Problem: QUBO
Kernel: rbf
Advantage: normalizedfitness
M: 4
lambda: 10
epsilon_svgd: 0.033
gamma: 0.007
decay_start_ratio: 0.01
decay_min_factor: 0.01
bandwith_kernel: None
no_interact: False
avg_score: -2448.679931640625
median_score: -2440.5
std_score: 153.41505432128906
percentiles: 2%=-2728.280029296875, 5%=-2695.050048828125, 10%=-2642.5, 25%=-2557.75, 50%=-2440.5, 75%=-2346.75, 90%=-2225.699951171875, 95%=-2200.0, 98%=-2181.9599609375
ranking_best_algo: SVM1MetaModelLogNormal
ranking_best_score: 2605.14
ranking_my_rank: 86/504 (83.1%)
ranking_my_percent: 83.13492063492063
