ConfigName: kjsd__advperagentrankweighted__M4__L24__eps0p005__g0p0003__ds0p4__dm0p05
Problem: QUBO
Kernel: jsd
Advantage: peragentrankweighted
M: 4
lambda: 24
epsilon_svgd: 0.005
gamma: 0.0003
decay_start_ratio: 0.4
decay_min_factor: 0.05
bandwith_kernel: None
no_interact: False
avg_score: -200.1199951171875
median_score: -200.0
std_score: 12.523001670837402
percentiles: 2%=-224.0, 5%=-222.0, 10%=-219.0, 25%=-207.25, 50%=-200.0, 75%=-191.0, 90%=-183.89999389648438, 95%=-181.9499969482422, 98%=-177.94000244140625
ranking_best_algo: Tabu
ranking_best_score: 208.36000000000004
ranking_my_rank: 52/504 (89.9%)
ranking_my_percent: 89.88095238095238
