ConfigName: krbf__advnormalizedfitness__M3__L15__eps0p025__g0p01__ds0p05__dm0p05
Problem: NK
Kernel: rbf
Advantage: normalizedfitness
M: 3
lambda: 15
epsilon_svgd: 0.025
gamma: 0.01
decay_start_ratio: 0.05
decay_min_factor: 0.05
bandwith_kernel: None
no_interact: False
avg_score: 0.737040638923645
median_score: 0.737675666809082
std_score: 0.008612678386271
percentiles: 2%=0.7202242016792297, 5%=0.7219856977462769, 10%=0.7247251272201538, 25%=0.7327377796173096, 50%=0.737675666809082, 75%=0.7425439953804016, 90%=0.7479814887046814, 95%=0.751208484172821, 98%=0.7523077130317688
ranking_best_algo: PBIL
ranking_best_score: 0.730509098125
ranking_my_rank: 1/504 (100.0%)
ranking_my_percent: 100.0
