ConfigName: krbf__advnormalizedfitness__M3__L10__eps0p025__g0p007__ds0p15__dm0p3
Problem: NK
Kernel: rbf
Advantage: normalizedfitness
M: 3
lambda: 10
epsilon_svgd: 0.025
gamma: 0.007
decay_start_ratio: 0.15
decay_min_factor: 0.3
bandwith_kernel: None
no_interact: False
avg_score: 0.7540838122367859
median_score: 0.7544633150100708
std_score: 0.012478576973080635
percentiles: 2%=0.7242801189422607, 5%=0.7318476438522339, 10%=0.7393426299095154, 25%=0.7473371624946594, 50%=0.7544633150100708, 75%=0.7633651494979858, 90%=0.7684187889099121, 95%=0.7706667184829712, 98%=0.7739713191986084
ranking_best_algo: Tabu
ranking_best_score: 0.7657846284375001
ranking_my_rank: 7/504 (98.8%)
ranking_my_percent: 98.80952380952381
