ConfigName: kjsd__advperagentrankweighted__M3__L18__eps0p005__g0p0007__ds0p2__dm0p1
Problem: QUBO
Kernel: jsd
Advantage: peragentrankweighted
M: 3
lambda: 18
epsilon_svgd: 0.005
gamma: 0.0007
decay_start_ratio: 0.2
decay_min_factor: 0.1
bandwith_kernel: None
no_interact: False
avg_score: -440.1199951171875
median_score: -443.5
std_score: 26.703289031982422
percentiles: 2%=-489.0, 5%=-479.20001220703125, 10%=-472.0, 25%=-457.25, 50%=-443.5, 75%=-422.5, 90%=-403.70001220703125, 95%=-390.75, 98%=-383.94000244140625
ranking_best_algo: CMApara
ranking_best_score: 453.82
ranking_my_rank: 15/504 (97.2%)
ranking_my_percent: 97.22222222222223
