ConfigName: kjsd__advperagentrankweighted__M3__L16__eps0p007__g0p0005__ds0p05__dm0p1
Problem: NK
Kernel: jsd
Advantage: peragentrankweighted
M: 3
lambda: 16
epsilon_svgd: 0.007
gamma: 0.0005
decay_start_ratio: 0.05
decay_min_factor: 0.1
bandwith_kernel: None
no_interact: False
avg_score: 0.7517455220222473
median_score: 0.7504898905754089
std_score: 0.015657983720302582
percentiles: 2%=0.7196111679077148, 5%=0.7293335795402527, 10%=0.7337778806686401, 25%=0.7414460182189941, 50%=0.7504898905754089, 75%=0.7628269791603088, 90%=0.7719234228134155, 95%=0.7772191166877747, 98%=0.783515453338623
ranking_best_algo: Tabu
ranking_best_score: 0.7657846284375001
ranking_my_rank: 14/504 (97.4%)
ranking_my_percent: 97.42063492063492
