ConfigName: krbf__advnormalizedfitness__M4__L8__eps0p025__g0p01__ds0p3__dm0p3
Problem: QUBO
Kernel: rbf
Advantage: normalizedfitness
M: 4
lambda: 8
epsilon_svgd: 0.025
gamma: 0.01
decay_start_ratio: 0.3
decay_min_factor: 0.3
bandwith_kernel: None
no_interact: False
avg_score: -431.2799987792969
median_score: -431.5
std_score: 28.462635040283203
percentiles: 2%=-483.1199951171875, 5%=-474.29998779296875, 10%=-470.1000061035156, 25%=-451.0, 50%=-431.5, 75%=-412.75, 90%=-397.70001220703125, 95%=-385.95001220703125, 98%=-376.75994873046875
ranking_best_algo: CMApara
ranking_best_score: 453.82
ranking_my_rank: 85/504 (83.3%)
ranking_my_percent: 83.33333333333333
