ConfigName: kjsd__advperagentrankweighted__M3__L16__eps0p007__g0p001__ds0p2__dm0p05
Problem: QUBO
Kernel: jsd
Advantage: peragentrankweighted
M: 3
lambda: 16
epsilon_svgd: 0.007
gamma: 0.001
decay_start_ratio: 0.2
decay_min_factor: 0.05
bandwith_kernel: None
no_interact: False
avg_score: -1257.4599609375
median_score: -1243.5
std_score: 63.12311935424805
percentiles: 2%=-1376.1600341796875, 5%=-1361.0, 10%=-1345.0, 25%=-1305.0, 50%=-1243.5, 75%=-1213.75, 90%=-1184.800048828125, 95%=-1169.949951171875, 98%=-1153.52001953125
ranking_best_algo: SVMMetaModelLogNormal
ranking_best_score: 1233.7999999999997
ranking_my_rank: 1/504 (100.0%)
ranking_my_percent: 100.0
