ConfigName: kjsd__advperagentrankweighted__M3__L16__eps0p007__g0p003__ds0p05__dm0p1
Problem: QUBO
Kernel: jsd
Advantage: peragentrankweighted
M: 3
lambda: 16
epsilon_svgd: 0.007
gamma: 0.003
decay_start_ratio: 0.05
decay_min_factor: 0.1
bandwith_kernel: None
no_interact: False
avg_score: -1180.239990234375
median_score: -1176.0
std_score: 62.811161041259766
percentiles: 2%=-1337.1600341796875, 5%=-1294.5999755859375, 10%=-1262.199951171875, 25%=-1216.5, 50%=-1176.0, 75%=-1130.75, 90%=-1114.5, 95%=-1098.9000244140625, 98%=-1085.4599609375
ranking_best_algo: Tabu
ranking_best_score: 1216.16
ranking_my_rank: 70/504 (86.3%)
ranking_my_percent: 86.30952380952381
