ConfigName: kjsd__advperagentrankweighted__M4__L12__eps0p02__g0p0007__ds0p2__dm0p05
Problem: NK
Kernel: jsd
Advantage: peragentrankweighted
M: 4
lambda: 12
epsilon_svgd: 0.02
gamma: 0.0007
decay_start_ratio: 0.2
decay_min_factor: 0.05
bandwith_kernel: None
no_interact: False
avg_score: 0.7262890338897705
median_score: 0.7258878946304321
std_score: 0.01050950400531292
percentiles: 2%=0.7046542167663574, 5%=0.7100245356559753, 10%=0.7130456566810608, 25%=0.7187501192092896, 50%=0.7258878946304321, 75%=0.7335039973258972, 90%=0.7400206327438354, 95%=0.742420494556427, 98%=0.7481268048286438
ranking_best_algo: Tabu
ranking_best_score: 0.7429702712499999
ranking_my_rank: 3/504 (99.6%)
ranking_my_percent: 99.60317460317461
