ConfigName: kjsd__advperagentrankweighted__M3__L18__eps0p005__g0p0007__ds0p2__dm0p2
Problem: QUBO
Kernel: jsd
Advantage: peragentrankweighted
M: 3
lambda: 18
epsilon_svgd: 0.005
gamma: 0.0007
decay_start_ratio: 0.2
decay_min_factor: 0.2
bandwith_kernel: None
no_interact: False
avg_score: -2568.300048828125
median_score: -2544.0
std_score: 130.7423095703125
percentiles: 2%=-2808.8798828125, 5%=-2798.199951171875, 10%=-2747.0, 25%=-2664.0, 50%=-2544.0, 75%=-2480.75, 90%=-2397.699951171875, 95%=-2361.89990234375, 98%=-2350.97998046875
ranking_best_algo: SVM1MetaModelLogNormal
ranking_best_score: 2605.14
ranking_my_rank: 15/504 (97.2%)
ranking_my_percent: 97.22222222222223
