ConfigName: krbf__advnormalizedfitness__M4__L15__eps0p025__g0p005__ds0p3__dm0p3
Problem: QUBO
Kernel: rbf
Advantage: normalizedfitness
M: 4
lambda: 15
epsilon_svgd: 0.025
gamma: 0.005
decay_start_ratio: 0.3
decay_min_factor: 0.3
bandwith_kernel: None
no_interact: False
avg_score: -2268.159912109375
median_score: -2275.0
std_score: 195.30810546875
percentiles: 2%=-2651.179931640625, 5%=-2594.449951171875, 10%=-2493.199951171875, 25%=-2410.25, 50%=-2275.0, 75%=-2143.25, 90%=-1982.0, 95%=-1938.4000244140625, 98%=-1871.760009765625
ranking_best_algo: DiscreteLengler2OnePlusOne
ranking_best_score: 2617.04
ranking_my_rank: 177/504 (65.1%)
ranking_my_percent: 65.07936507936508
