ConfigName: krbf__advnormalizedfitness__M2__L8__eps0p025__g0p01__ds0p3__dm0p01
Problem: QUBO
Kernel: rbf
Advantage: normalizedfitness
M: 2
lambda: 8
epsilon_svgd: 0.025
gamma: 0.01
decay_start_ratio: 0.3
decay_min_factor: 0.01
bandwith_kernel: None
no_interact: False
avg_score: -136.72000122070312
median_score: -137.5
std_score: 12.908973693847656
percentiles: 2%=-159.0, 5%=-158.0, 10%=-155.10000610351562, 25%=-146.0, 50%=-137.5, 75%=-126.5, 90%=-120.0, 95%=-114.94999694824219, 98%=-109.0
ranking_best_algo: DiscreteDE
ranking_best_score: 143.4
ranking_my_rank: 206/504 (59.3%)
ranking_my_percent: 59.32539682539682
