ConfigName: krbf__advnormalizedfitness__M3__L10__eps0p033__g0p007__ds0p3__dm0p01
Problem: QUBO
Kernel: rbf
Advantage: normalizedfitness
M: 3
lambda: 10
epsilon_svgd: 0.033
gamma: 0.007
decay_start_ratio: 0.3
decay_min_factor: 0.01
bandwith_kernel: None
no_interact: False
avg_score: -414.6199951171875
median_score: -412.0
std_score: 26.302387237548828
percentiles: 2%=-469.0799865722656, 5%=-454.04998779296875, 10%=-450.1000061035156, 25%=-434.0, 50%=-412.0, 75%=-394.75, 90%=-381.8999938964844, 95%=-371.9000244140625, 98%=-366.0
ranking_best_algo: Tabu
ranking_best_score: 438.12
ranking_my_rank: 52/504 (89.9%)
ranking_my_percent: 89.88095238095238
