ConfigName: kjsd__advperagentrankweighted__M5__L12__eps0p03__g0p0003__ds0p05__dm0p05
Problem: NK
Kernel: jsd
Advantage: peragentrankweighted
M: 5
lambda: 12
epsilon_svgd: 0.03
gamma: 0.0003
decay_start_ratio: 0.05
decay_min_factor: 0.05
bandwith_kernel: None
no_interact: False
avg_score: 0.7396599054336548
median_score: 0.7374546527862549
std_score: 0.02709830366075039
percentiles: 2%=0.6952477097511292, 5%=0.7021632194519043, 10%=0.710681676864624, 25%=0.7224072813987732, 50%=0.7374546527862549, 75%=0.7493920922279358, 90%=0.7748289108276367, 95%=0.8044298887252808, 98%=0.8044298887252808
ranking_best_algo: CMApara
ranking_best_score: 0.7459277895312499
ranking_my_rank: 54/504 (89.5%)
ranking_my_percent: 89.48412698412699
