ConfigName: krbf__advnormalizedfitness__M3__L10__eps0p015__g0p015__ds0p15__dm0p3
Problem: QUBO
Kernel: rbf
Advantage: normalizedfitness
M: 3
lambda: 10
epsilon_svgd: 0.015
gamma: 0.015
decay_start_ratio: 0.15
decay_min_factor: 0.3
bandwith_kernel: None
no_interact: False
avg_score: -695.4199829101562
median_score: -686.5
std_score: 71.09545135498047
percentiles: 2%=-872.02001953125, 5%=-811.2000122070312, 10%=-790.2999877929688, 25%=-739.25, 50%=-686.5, 75%=-644.5, 90%=-615.0, 95%=-595.8500366210938, 98%=-569.8800048828125
ranking_best_algo: CMAL3
ranking_best_score: 928.5800000000002
ranking_my_rank: 331/504 (34.5%)
ranking_my_percent: 34.523809523809526
