ConfigName: krbf__advnormalizedfitness__M4__L15__eps0p015__g0p007__ds0p01__dm0p01
Problem: NK
Kernel: rbf
Advantage: normalizedfitness
M: 4
lambda: 15
epsilon_svgd: 0.015
gamma: 0.007
decay_start_ratio: 0.01
decay_min_factor: 0.01
bandwith_kernel: None
no_interact: False
avg_score: 0.5786780714988708
median_score: 0.5784527659416199
std_score: 0.006911556236445904
percentiles: 2%=0.5671775341033936, 5%=0.5687560439109802, 10%=0.5704129338264465, 25%=0.5742110013961792, 50%=0.5784527659416199, 75%=0.5823051929473877, 90%=0.5861707329750061, 95%=0.5886333584785461, 98%=0.590031087398529
ranking_best_algo: PBIL
ranking_best_score: 0.7170882103515624
ranking_my_rank: 385/504 (23.8%)
ranking_my_percent: 23.80952380952381
