ConfigName: kfr__advglobalrankweighted__M4__L11__eps0p02__g0p005__ds0p01__dm0p01
Problem: QUBO
Kernel: fr
Advantage: globalrankweighted
M: 4
lambda: 11
epsilon_svgd: 0.02
gamma: 0.005
decay_start_ratio: 0.01
decay_min_factor: 0.01
bandwith_kernel: None
no_interact: False
avg_score: -139.1199951171875
median_score: -141.0
std_score: 11.367744445800781
percentiles: 2%=-159.0, 5%=-158.0, 10%=-157.10000610351562, 25%=-146.0, 50%=-141.0, 75%=-131.0, 90%=-125.0, 95%=-119.94999694824219, 98%=-116.95999908447266
ranking_best_algo: DiscreteDE
ranking_best_score: 143.4
ranking_my_rank: 88/504 (82.7%)
ranking_my_percent: 82.73809523809524
