ConfigName: krbf__advnormalizedfitness__M3__L10__eps0p03__g0p01__ds0p05__dm0p05
Problem: NK
Kernel: rbf
Advantage: normalizedfitness
M: 3
lambda: 10
epsilon_svgd: 0.03
gamma: 0.01
decay_start_ratio: 0.05
decay_min_factor: 0.05
bandwith_kernel: None
no_interact: False
avg_score: 0.7589130401611328
median_score: 0.7586277723312378
std_score: 0.01417549978941679
percentiles: 2%=0.7315573692321777, 5%=0.7373661994934082, 10%=0.7393832206726074, 25%=0.7482697367668152, 50%=0.7586277723312378, 75%=0.7722381353378296, 90%=0.7778337001800537, 95%=0.7801132202148438, 98%=0.7807061672210693
ranking_best_algo: Tabu
ranking_best_score: 0.7470791764843752
ranking_my_rank: 1/504 (100.0%)
ranking_my_percent: 100.0
