ConfigName: kjsd__advperagentrankweighted__M5__L10__eps0p005__g0p003__ds0p2__dm0p05
Problem: QUBO
Kernel: jsd
Advantage: peragentrankweighted
M: 5
lambda: 10
epsilon_svgd: 0.005
gamma: 0.003
decay_start_ratio: 0.2
decay_min_factor: 0.05
bandwith_kernel: None
no_interact: False
avg_score: -537.9000244140625
median_score: -544.0
std_score: 46.819976806640625
percentiles: 2%=-610.1599731445312, 5%=-604.1500244140625, 10%=-597.2999877929688, 25%=-572.0, 50%=-544.0, 75%=-509.0, 90%=-469.8999938964844, 95%=-451.75, 98%=-439.82000732421875
ranking_best_algo: Tabu
ranking_best_score: 588.7199999999999
ranking_my_rank: 175/503 (65.4%)
ranking_my_percent: 65.40755467196819
