ConfigName: kjsd__advperagentrankweighted__M4__L24__eps0p01__g0p0007__ds0p2__dm0p05
Problem: QUBO
Kernel: jsd
Advantage: peragentrankweighted
M: 4
lambda: 24
epsilon_svgd: 0.01
gamma: 0.0007
decay_start_ratio: 0.2
decay_min_factor: 0.05
bandwith_kernel: None
no_interact: False
avg_score: -310.44000244140625
median_score: -312.0
std_score: 39.16281509399414
percentiles: 2%=-396.0400085449219, 5%=-388.29998779296875, 10%=-360.20001220703125, 25%=-336.0, 50%=-312.0, 75%=-274.75, 90%=-266.0, 95%=-257.8500061035156, 98%=-251.9600067138672
ranking_best_algo: CMApara
ranking_best_score: 319.29999999999995
ranking_my_rank: 59/504 (88.5%)
ranking_my_percent: 88.4920634920635
