ConfigName: kjsd__advperagentrankweighted__M10__L12__eps0p008__g0p0005__ds0p05__dm0p05
Problem: NK
Kernel: jsd
Advantage: peragentrankweighted
M: 10
lambda: 12
epsilon_svgd: 0.008
gamma: 0.0005
decay_start_ratio: 0.05
decay_min_factor: 0.05
bandwith_kernel: None
no_interact: False
avg_score: 0.7565658688545227
median_score: 0.7570646405220032
std_score: 0.0110264727845788
percentiles: 2%=0.7348094582557678, 5%=0.7380267977714539, 10%=0.7412635684013367, 25%=0.7484315633773804, 50%=0.7570646405220032, 75%=0.7646916508674622, 90%=0.7706481218338013, 95%=0.7730488777160645, 98%=0.7772338390350342
ranking_best_algo: Tabu
ranking_best_score: 0.7657846284375001
ranking_my_rank: 2/504 (99.8%)
ranking_my_percent: 99.8015873015873
