ConfigName: kjsd__advperagentrankweighted__M3__L16__eps0p01__g0p003__ds0p05__dm0p05
Problem: QUBO
Kernel: jsd
Advantage: peragentrankweighted
M: 3
lambda: 16
epsilon_svgd: 0.01
gamma: 0.003
decay_start_ratio: 0.05
decay_min_factor: 0.05
bandwith_kernel: None
no_interact: False
avg_score: -200.6999969482422
median_score: -203.0
std_score: 13.30676555633545
percentiles: 2%=-224.0, 5%=-222.0, 10%=-220.10000610351562, 25%=-209.0, 50%=-203.0, 75%=-190.0, 90%=-181.89999389648438, 95%=-178.0, 98%=-174.97999572753906
ranking_best_algo: Tabu
ranking_best_score: 208.36000000000004
ranking_my_rank: 45/504 (91.3%)
ranking_my_percent: 91.26984126984127
