ConfigName: kjsd__advperagentrankweighted__M3__L20__eps0p005__g0p003__ds0p2__dm0p05
Problem: QUBO
Kernel: jsd
Advantage: peragentrankweighted
M: 3
lambda: 20
epsilon_svgd: 0.005
gamma: 0.003
decay_start_ratio: 0.2
decay_min_factor: 0.05
bandwith_kernel: None
no_interact: False
avg_score: -2310.300048828125
median_score: -2294.0
std_score: 162.02626037597656
percentiles: 2%=-2639.1201171875, 5%=-2582.300048828125, 10%=-2528.39990234375, 25%=-2421.25, 50%=-2294.0, 75%=-2195.0, 90%=-2127.39990234375, 95%=-2079.60009765625, 98%=-1972.6199951171875
ranking_best_algo: DiscreteLengler2OnePlusOne
ranking_best_score: 2617.04
ranking_my_rank: 158/504 (68.8%)
ranking_my_percent: 68.84920634920636
