ConfigName: kjsd__advperagentrankweighted__M3__L18__eps0p007__g0p0005__ds0p05__dm0p2
Problem: QUBO
Kernel: jsd
Advantage: peragentrankweighted
M: 3
lambda: 18
epsilon_svgd: 0.007
gamma: 0.0005
decay_start_ratio: 0.05
decay_min_factor: 0.2
bandwith_kernel: None
no_interact: False
avg_score: -1301.52001953125
median_score: -1302.0
std_score: 57.63427734375
percentiles: 2%=-1411.1400146484375, 5%=-1391.199951171875, 10%=-1375.199951171875, 25%=-1346.75, 50%=-1302.0, 75%=-1257.0, 90%=-1228.9000244140625, 95%=-1210.800048828125, 98%=-1188.800048828125
ranking_best_algo: BigLognormalDiscreteOnePlusOne
ranking_best_score: 1301.3600000000004
ranking_my_rank: 1/504 (100.0%)
ranking_my_percent: 100.0
