ConfigName: krbf__advnormalizedfitness__M4__L8__eps0p033__g0p01__ds0p3__dm0p01
Problem: QUBO
Kernel: rbf
Advantage: normalizedfitness
M: 4
lambda: 8
epsilon_svgd: 0.033
gamma: 0.01
decay_start_ratio: 0.3
decay_min_factor: 0.01
bandwith_kernel: None
no_interact: False
avg_score: -3022.56005859375
median_score: -3026.0
std_score: 197.5221710205078
percentiles: 2%=-3401.56005859375, 5%=-3346.199951171875, 10%=-3288.39990234375, 25%=-3161.25, 50%=-3026.0, 75%=-2881.75, 90%=-2766.0, 95%=-2679.150146484375, 98%=-2644.699951171875
ranking_best_algo: RLSOnePlusOne
ranking_best_score: 3316.5199999999995
ranking_my_rank: 129/504 (74.6%)
ranking_my_percent: 74.60317460317461
