ConfigName: krbf__advnormalizedfitness__M1__L8__eps0p015__g0p007__ds0p01__dm0p3
Problem: NK
Kernel: rbf
Advantage: normalizedfitness
M: 1
lambda: 8
epsilon_svgd: 0.015
gamma: 0.007
decay_start_ratio: 0.01
decay_min_factor: 0.3
bandwith_kernel: None
no_interact: False
avg_score: 0.7371286749839783
median_score: 0.7385773658752441
std_score: 0.010090385563671589
percentiles: 2%=0.7134270071983337, 5%=0.7193201780319214, 10%=0.7241164445877075, 25%=0.7314105033874512, 50%=0.7385773658752441, 75%=0.7432279586791992, 90%=0.7476106882095337, 95%=0.7506992816925049, 98%=0.7577569484710693
ranking_best_algo: PBIL
ranking_best_score: 0.733570253046875
ranking_my_rank: 1/504 (100.0%)
ranking_my_percent: 100.0
