ConfigName: kjsd__advperagentrankweighted__M5__L24__eps0p008__g0p0005__ds0p3__dm0p05
Problem: QUBO
Kernel: jsd
Advantage: peragentrankweighted
M: 5
lambda: 24
epsilon_svgd: 0.008
gamma: 0.0005
decay_start_ratio: 0.3
decay_min_factor: 0.05
bandwith_kernel: None
no_interact: False
avg_score: -148.17999267578125
median_score: -146.0
std_score: 11.74936580657959
percentiles: 2%=-179.0, 5%=-164.4499969482422, 10%=-160.0, 25%=-155.0, 50%=-146.0, 75%=-141.0, 90%=-134.89999389648438, 95%=-130.89999389648438, 98%=-124.95999908447266
ranking_best_algo: CMApara
ranking_best_score: 154.28
ranking_my_rank: 86/504 (83.1%)
ranking_my_percent: 83.13492063492063
