ConfigName: krbf__advnormalizedfitness__M3__L12__eps0p015__g0p015__ds0p3__dm0p01
Problem: NK
Kernel: rbf
Advantage: normalizedfitness
M: 3
lambda: 12
epsilon_svgd: 0.015
gamma: 0.015
decay_start_ratio: 0.3
decay_min_factor: 0.01
bandwith_kernel: None
no_interact: False
avg_score: 0.6581649780273438
median_score: 0.6534459590911865
std_score: 0.015935784205794334
percentiles: 2%=0.6346709728240967, 5%=0.6367828249931335, 10%=0.6417990326881409, 25%=0.646569013595581, 50%=0.6534459590911865, 75%=0.6688401699066162, 90%=0.6780948638916016, 95%=0.6884359121322632, 98%=0.6977753639221191
ranking_best_algo: Tabu
ranking_best_score: 0.7601875690625
ranking_my_rank: 374/504 (26.0%)
ranking_my_percent: 25.99206349206349
