ConfigName: kfr__advglobalrankweighted__M2__L11__eps0p015__g0p003__ds0p01__dm0p01
Problem: QUBO
Kernel: fr
Advantage: globalrankweighted
M: 2
lambda: 11
epsilon_svgd: 0.015
gamma: 0.003
decay_start_ratio: 0.01
decay_min_factor: 0.01
bandwith_kernel: None
no_interact: False
avg_score: -1297.6600341796875
median_score: -1290.0
std_score: 55.50373077392578
percentiles: 2%=-1426.02001953125, 5%=-1393.5, 10%=-1389.0, 25%=-1332.5, 50%=-1290.0, 75%=-1264.5, 90%=-1231.5, 95%=-1212.2000732421875, 98%=-1193.0
ranking_best_algo: BigLognormalDiscreteOnePlusOne
ranking_best_score: 1301.3600000000004
ranking_my_rank: 2/504 (99.8%)
ranking_my_percent: 99.8015873015873
