ConfigName: kjsd__advperagentrankweighted__M3__L18__eps0p005__g0p003__ds0p1__dm0p1
Problem: NK
Kernel: jsd
Advantage: peragentrankweighted
M: 3
lambda: 18
epsilon_svgd: 0.005
gamma: 0.003
decay_start_ratio: 0.1
decay_min_factor: 0.1
bandwith_kernel: None
no_interact: False
avg_score: 0.7210214138031006
median_score: 0.7203277349472046
std_score: 0.0229471568018198
percentiles: 2%=0.6825138926506042, 5%=0.6846197843551636, 10%=0.6941866278648376, 25%=0.7056052088737488, 50%=0.7203277349472046, 75%=0.7365017533302307, 90%=0.7513777017593384, 95%=0.7614182829856873, 98%=0.7715002298355103
ranking_best_algo: Tabu
ranking_best_score: 0.7601875690625
ranking_my_rank: 135/504 (73.4%)
ranking_my_percent: 73.41269841269842
