ConfigName: krbf__advnormalizedfitness__M4__L15__eps0p033__g0p015__ds0p15__dm0p3
Problem: NK
Kernel: rbf
Advantage: normalizedfitness
M: 4
lambda: 15
epsilon_svgd: 0.033
gamma: 0.015
decay_start_ratio: 0.15
decay_min_factor: 0.3
bandwith_kernel: None
no_interact: False
avg_score: 0.6633589267730713
median_score: 0.6611859798431396
std_score: 0.01879490539431572
percentiles: 2%=0.6320281028747559, 5%=0.637287437915802, 10%=0.6404367089271545, 25%=0.649120569229126, 50%=0.6611859798431396, 75%=0.6741311550140381, 90%=0.6914401650428772, 95%=0.697605550289154, 98%=0.7016133666038513
ranking_best_algo: Tabu
ranking_best_score: 0.7470791764843752
ranking_my_rank: 321/504 (36.5%)
ranking_my_percent: 36.507936507936506
