ConfigName: kjsd__advperagentrankweighted__M3__L20__eps0p007__g0p003__ds0p05__dm0p05
Problem: QUBO
Kernel: jsd
Advantage: peragentrankweighted
M: 3
lambda: 20
epsilon_svgd: 0.007
gamma: 0.003
decay_start_ratio: 0.05
decay_min_factor: 0.05
bandwith_kernel: None
no_interact: False
avg_score: -891.1199951171875
median_score: -893.0
std_score: 62.11799621582031
percentiles: 2%=-1019.0599975585938, 5%=-991.5, 10%=-981.2000122070312, 25%=-924.0, 50%=-893.0, 75%=-851.25, 90%=-810.9000244140625, 95%=-794.6500244140625, 98%=-780.8800048828125
ranking_best_algo: CMAL3
ranking_best_score: 928.5800000000002
ranking_my_rank: 98/504 (80.8%)
ranking_my_percent: 80.75396825396825
