ConfigName: kjsd__advperagentrankweighted__M4__L10__eps0p005__g0p0003__ds0p2__dm0p05
Problem: QUBO
Kernel: jsd
Advantage: peragentrankweighted
M: 4
lambda: 10
epsilon_svgd: 0.005
gamma: 0.0003
decay_start_ratio: 0.2
decay_min_factor: 0.05
bandwith_kernel: None
no_interact: False
avg_score: -2642.699951171875
median_score: -2637.5
std_score: 133.30638122558594
percentiles: 2%=-2938.080078125, 5%=-2863.64990234375, 10%=-2812.0, 25%=-2740.25, 50%=-2637.5, 75%=-2554.25, 90%=-2449.60009765625, 95%=-2415.550048828125, 98%=-2403.840087890625
ranking_best_algo: DiscreteLengler2OnePlusOne
ranking_best_score: 2617.04
ranking_my_rank: 1/504 (100.0%)
ranking_my_percent: 100.0
