ConfigName: kjsd__advperagentrankweighted__M4__L20__eps0p007__g0p0005__ds0p1__dm0p1
Problem: NK
Kernel: jsd
Advantage: peragentrankweighted
M: 4
lambda: 20
epsilon_svgd: 0.007
gamma: 0.0005
decay_start_ratio: 0.1
decay_min_factor: 0.1
bandwith_kernel: None
no_interact: False
avg_score: 0.7481817603111267
median_score: 0.7482420206069946
std_score: 0.00953897088766098
percentiles: 2%=0.7281468510627747, 5%=0.733505368232727, 10%=0.7356703281402588, 25%=0.7420126795768738, 50%=0.7482420206069946, 75%=0.7553902268409729, 90%=0.7585768699645996, 95%=0.7651819586753845, 98%=0.7681261897087097
ranking_best_algo: PBIL
ranking_best_score: 0.733570253046875
ranking_my_rank: 1/504 (100.0%)
ranking_my_percent: 100.0
