ConfigName: kjsd__advperagentrankweighted__M5__L8__eps0p01__g0p0005__ds0p4__dm0p05
Problem: QUBO
Kernel: jsd
Advantage: peragentrankweighted
M: 5
lambda: 8
epsilon_svgd: 0.01
gamma: 0.0005
decay_start_ratio: 0.4
decay_min_factor: 0.05
bandwith_kernel: None
no_interact: False
avg_score: -2647.239990234375
median_score: -2635.0
std_score: 118.15660858154297
percentiles: 2%=-2888.02001953125, 5%=-2830.25, 10%=-2808.300048828125, 25%=-2725.5, 50%=-2635.0, 75%=-2569.5, 90%=-2491.800048828125, 95%=-2441.300048828125, 98%=-2411.719970703125
ranking_best_algo: DiscreteLengler2OnePlusOne
ranking_best_score: 2617.04
ranking_my_rank: 1/504 (100.0%)
ranking_my_percent: 100.0
