ConfigName: krbf__advnormalizedfitness__M2__L8__eps0p015__g0p005__ds0p01__dm0p3
Problem: QUBO
Kernel: rbf
Advantage: normalizedfitness
M: 2
lambda: 8
epsilon_svgd: 0.015
gamma: 0.005
decay_start_ratio: 0.01
decay_min_factor: 0.3
bandwith_kernel: None
no_interact: False
avg_score: -928.7999877929688
median_score: -923.5
std_score: 68.46736145019531
percentiles: 2%=-1074.0, 5%=-1047.300048828125, 10%=-1028.300048828125, 25%=-970.5, 50%=-923.5, 75%=-883.5, 90%=-838.2000122070312, 95%=-820.9000244140625, 98%=-800.8400268554688
ranking_best_algo: CMApara
ranking_best_score: 964.9
ranking_my_rank: 21/504 (96.0%)
ranking_my_percent: 96.03174603174604
