ConfigName: kjsd__advperagentrankweighted__M5__L8__eps0p01__g0p0005__ds0p2__dm0p05
Problem: QUBO
Kernel: jsd
Advantage: peragentrankweighted
M: 5
lambda: 8
epsilon_svgd: 0.01
gamma: 0.0005
decay_start_ratio: 0.2
decay_min_factor: 0.05
bandwith_kernel: None
no_interact: False
avg_score: -307.760009765625
median_score: -311.0
std_score: 38.85540771484375
percentiles: 2%=-390.0400085449219, 5%=-386.20001220703125, 10%=-358.3999938964844, 25%=-332.5, 50%=-311.0, 75%=-272.0, 90%=-261.8999938964844, 95%=-255.9499969482422, 98%=-253.9600067138672
ranking_best_algo: CMApara
ranking_best_score: 319.29999999999995
ranking_my_rank: 95/504 (81.3%)
ranking_my_percent: 81.34920634920636
