ConfigName: krbf__advnormalizedfitness__M3__L10__eps0p025__g0p01__ds0p15__dm0p3
Problem: QUBO
Kernel: rbf
Advantage: normalizedfitness
M: 3
lambda: 10
epsilon_svgd: 0.025
gamma: 0.01
decay_start_ratio: 0.15
decay_min_factor: 0.3
bandwith_kernel: None
no_interact: False
avg_score: -1130.3800048828125
median_score: -1132.5
std_score: 88.33773803710938
percentiles: 2%=-1292.780029296875, 5%=-1261.199951171875, 10%=-1249.300048828125, 25%=-1196.0, 50%=-1132.5, 75%=-1065.25, 90%=-1011.0, 95%=-998.6000366210938, 98%=-966.719970703125
ranking_best_algo: SVMMetaModelLogNormal
ranking_best_score: 1233.7999999999997
ranking_my_rank: 100/504 (80.4%)
ranking_my_percent: 80.35714285714286
