ConfigName: kjsd__advperagentrankweighted__M3__L24__eps0p007__g0p0005__ds0p2__dm0p1
Problem: NK
Kernel: jsd
Advantage: peragentrankweighted
M: 3
lambda: 24
epsilon_svgd: 0.007
gamma: 0.0005
decay_start_ratio: 0.2
decay_min_factor: 0.1
bandwith_kernel: None
no_interact: False
avg_score: 0.7391577363014221
median_score: 0.7399629354476929
std_score: 0.01495889201760292
percentiles: 2%=0.7025609016418457, 5%=0.7160486578941345, 10%=0.7207907438278198, 25%=0.7306753993034363, 50%=0.7399629354476929, 75%=0.749646782875061, 90%=0.7574050426483154, 95%=0.7616108059883118, 98%=0.7667551636695862
ranking_best_algo: Tabu
ranking_best_score: 0.7601875690625
ranking_my_rank: 16/504 (97.0%)
ranking_my_percent: 97.02380952380952
