ConfigName: kjsd__advperagentrankweighted__M4__L8__eps0p02__g0p0005__ds0p05__dm0p05
Problem: QUBO
Kernel: jsd
Advantage: peragentrankweighted
M: 4
lambda: 8
epsilon_svgd: 0.02
gamma: 0.0005
decay_start_ratio: 0.05
decay_min_factor: 0.05
bandwith_kernel: None
no_interact: False
avg_score: -1166.97998046875
median_score: -1165.0
std_score: 67.977783203125
percentiles: 2%=-1333.0400390625, 5%=-1285.5999755859375, 10%=-1268.0999755859375, 25%=-1206.25, 50%=-1165.0, 75%=-1119.0, 90%=-1087.0, 95%=-1068.8499755859375, 98%=-1056.800048828125
ranking_best_algo: Tabu
ranking_best_score: 1216.16
ranking_my_rank: 93/504 (81.7%)
ranking_my_percent: 81.74603174603175
