ConfigName: krbf__advnormalizedfitness__M4__L8__eps0p025__g0p01__ds0p15__dm0p01
Problem: NK
Kernel: rbf
Advantage: normalizedfitness
M: 4
lambda: 8
epsilon_svgd: 0.025
gamma: 0.01
decay_start_ratio: 0.15
decay_min_factor: 0.01
bandwith_kernel: None
no_interact: False
avg_score: 0.7054383754730225
median_score: 0.7067910432815552
std_score: 0.012086974456906319
percentiles: 2%=0.6866505742073059, 5%=0.6873993277549744, 10%=0.6887561082839966, 25%=0.6941372156143188, 50%=0.7067910432815552, 75%=0.7160366773605347, 90%=0.720893144607544, 95%=0.7219730615615845, 98%=0.7230000495910645
ranking_best_algo: PBIL
ranking_best_score: 0.7013553837109374
ranking_my_rank: 1/504 (100.0%)
ranking_my_percent: 100.0
