ConfigName: krbf__advnormalizedfitness__M4__L10__eps0p033__g0p01__ds0p01__dm0p01
Problem: NK
Kernel: rbf
Advantage: normalizedfitness
M: 4
lambda: 10
epsilon_svgd: 0.033
gamma: 0.01
decay_start_ratio: 0.01
decay_min_factor: 0.01
bandwith_kernel: None
no_interact: False
avg_score: 0.6520529985427856
median_score: 0.6466706991195679
std_score: 0.02262190543115139
percentiles: 2%=0.6221481561660767, 5%=0.6237927079200745, 10%=0.628020703792572, 25%=0.6358588337898254, 50%=0.6466706991195679, 75%=0.6618776321411133, 90%=0.6823491454124451, 95%=0.7039735913276672, 98%=0.7098469734191895
ranking_best_algo: PBIL
ranking_best_score: 0.7170882103515624
ranking_my_rank: 285/504 (43.7%)
ranking_my_percent: 43.65079365079365
