ConfigName: kfr__advglobalrankweighted__M1__L7__eps0p01__g0p007__ds0p01__dm0p01
Problem: QUBO
Kernel: fr
Advantage: globalrankweighted
M: 1
lambda: 7
epsilon_svgd: 0.01
gamma: 0.007
decay_start_ratio: 0.01
decay_min_factor: 0.01
bandwith_kernel: None
no_interact: False
avg_score: -311.82000732421875
median_score: -318.0
std_score: 29.30473518371582
percentiles: 2%=-372.0, 5%=-354.0, 10%=-346.0, 25%=-337.0, 50%=-318.0, 75%=-287.5, 90%=-270.8999938964844, 95%=-264.0, 98%=-260.97998046875
ranking_best_algo: CMApara
ranking_best_score: 344.22
ranking_my_rank: 261/504 (48.4%)
ranking_my_percent: 48.41269841269841
