ConfigName: kjsd__advperagentrankweighted__M3__L18__eps0p005__g0p001__ds0p05__dm0p1
Problem: QUBO
Kernel: jsd
Advantage: peragentrankweighted
M: 3
lambda: 18
epsilon_svgd: 0.005
gamma: 0.001
decay_start_ratio: 0.05
decay_min_factor: 0.1
bandwith_kernel: None
no_interact: False
avg_score: -200.74000549316406
median_score: -200.0
std_score: 13.072582244873047
percentiles: 2%=-224.0, 5%=-224.0, 10%=-219.0, 25%=-209.0, 50%=-200.0, 75%=-191.0, 90%=-183.0, 95%=-180.9499969482422, 98%=-177.97999572753906
ranking_best_algo: Tabu
ranking_best_score: 208.36000000000004
ranking_my_rank: 45/504 (91.3%)
ranking_my_percent: 91.26984126984127
