ConfigName: kjsd__advperagentrankweighted__M3__L18__eps0p005__g0p0007__ds0p05__dm0p05
Problem: QUBO
Kernel: jsd
Advantage: peragentrankweighted
M: 3
lambda: 18
epsilon_svgd: 0.005
gamma: 0.0007
decay_start_ratio: 0.05
decay_min_factor: 0.05
bandwith_kernel: None
no_interact: False
avg_score: -426.9800109863281
median_score: -426.5
std_score: 26.40302276611328
percentiles: 2%=-479.0400085449219, 5%=-472.1499938964844, 10%=-461.0, 25%=-445.0, 50%=-426.5, 75%=-409.0, 90%=-388.8999938964844, 95%=-382.8500061035156, 98%=-376.94000244140625
ranking_best_algo: CMAL3
ranking_best_score: 435.36
ranking_my_rank: 20/504 (96.2%)
ranking_my_percent: 96.23015873015873
