ConfigName: kjsd__advperagentrankweighted__M3__L16__eps0p007__g0p0005__ds0p2__dm0p05
Problem: QUBO
Kernel: jsd
Advantage: peragentrankweighted
M: 3
lambda: 16
epsilon_svgd: 0.007
gamma: 0.0005
decay_start_ratio: 0.2
decay_min_factor: 0.05
bandwith_kernel: None
no_interact: False
avg_score: -148.22000122070312
median_score: -146.0
std_score: 12.801234245300293
percentiles: 2%=-179.0, 5%=-179.0, 10%=-160.39999389648438, 25%=-155.0, 50%=-146.0, 75%=-140.0, 90%=-134.0, 95%=-132.89999389648438, 98%=-125.0
ranking_best_algo: CMApara
ranking_best_score: 154.28
ranking_my_rank: 85/504 (83.3%)
ranking_my_percent: 83.33333333333333
