ConfigName: kjsd__advperagentrankweighted__M3__L30__eps0p005__g0p0005__ds0p2__dm0p1
Problem: NK
Kernel: jsd
Advantage: peragentrankweighted
M: 3
lambda: 30
epsilon_svgd: 0.005
gamma: 0.0005
decay_start_ratio: 0.2
decay_min_factor: 0.1
bandwith_kernel: None
no_interact: False
avg_score: 0.7358573079109192
median_score: 0.7381345629692078
std_score: 0.008984917774796486
percentiles: 2%=0.7176229953765869, 5%=0.7186230421066284, 10%=0.7209822535514832, 25%=0.7306511998176575, 50%=0.7381345629692078, 75%=0.7421167492866516, 90%=0.7459555864334106, 95%=0.7473692297935486, 98%=0.7502146363258362
ranking_best_algo: PBIL
ranking_best_score: 0.7248786399609374
ranking_my_rank: 1/504 (100.0%)
ranking_my_percent: 100.0
