ConfigName: kjsd__advperagentrankweighted__M3__L20__eps0p007__g0p0005__ds0p05__dm0p2
Problem: NK
Kernel: jsd
Advantage: peragentrankweighted
M: 3
lambda: 20
epsilon_svgd: 0.007
gamma: 0.0005
decay_start_ratio: 0.05
decay_min_factor: 0.2
bandwith_kernel: None
no_interact: False
avg_score: 0.7368918657302856
median_score: 0.7387611865997314
std_score: 0.010607597418129444
percentiles: 2%=0.7171463966369629, 5%=0.7194616794586182, 10%=0.7206252217292786, 25%=0.7300276756286621, 50%=0.7387611865997314, 75%=0.7451978325843811, 90%=0.7494678497314453, 95%=0.7526956796646118, 98%=0.7535952925682068
ranking_best_algo: PBIL
ranking_best_score: 0.730509098125
ranking_my_rank: 1/504 (100.0%)
ranking_my_percent: 100.0
