ConfigName: kjsd__advperagentrankweighted__M6__L8__eps0p02__g0p0003__ds0p05__dm0p05
Problem: QUBO
Kernel: jsd
Advantage: peragentrankweighted
M: 6
lambda: 8
epsilon_svgd: 0.02
gamma: 0.0003
decay_start_ratio: 0.05
decay_min_factor: 0.05
bandwith_kernel: None
no_interact: False
avg_score: -566.239990234375
median_score: -564.5
std_score: 24.445499420166016
percentiles: 2%=-613.0800170898438, 5%=-610.0499877929688, 10%=-601.2000122070312, 25%=-581.25, 50%=-564.5, 75%=-549.75, 90%=-535.9000244140625, 95%=-525.9500122070312, 98%=-518.9199829101562
ranking_best_algo: Tabu
ranking_best_score: 588.7199999999999
ranking_my_rank: 90/503 (82.3%)
ranking_my_percent: 82.30616302186878
