ConfigName: krbf__advnormalizedfitness__M2__L8__eps0p015__g0p005__ds0p3__dm0p01
Problem: QUBO
Kernel: rbf
Advantage: normalizedfitness
M: 2
lambda: 8
epsilon_svgd: 0.015
gamma: 0.005
decay_start_ratio: 0.3
decay_min_factor: 0.01
bandwith_kernel: None
no_interact: False
avg_score: -3274.1201171875
median_score: -3263.5
std_score: 118.1921615600586
percentiles: 2%=-3539.159912109375, 5%=-3476.050048828125, 10%=-3417.10009765625, 25%=-3345.25, 50%=-3263.5, 75%=-3194.25, 90%=-3146.0, 95%=-3074.949951171875, 98%=-3063.739990234375
ranking_best_algo: RLSOnePlusOne
ranking_best_score: 3316.5199999999995
ranking_my_rank: 12/504 (97.8%)
ranking_my_percent: 97.81746031746032
