ConfigName: krbf__advnormalizedfitness__M3__L12__eps0p033__g0p015__ds0p15__dm0p01
Problem: NK
Kernel: rbf
Advantage: normalizedfitness
M: 3
lambda: 12
epsilon_svgd: 0.033
gamma: 0.015
decay_start_ratio: 0.15
decay_min_factor: 0.01
bandwith_kernel: None
no_interact: False
avg_score: 0.7320474982261658
median_score: 0.7346779108047485
std_score: 0.010378948412835598
percentiles: 2%=0.7112865447998047, 5%=0.7121010422706604, 10%=0.7160764336585999, 25%=0.7247375249862671, 50%=0.7346779108047485, 75%=0.7401285767555237, 90%=0.7446445822715759, 95%=0.7463017106056213, 98%=0.7467774152755737
ranking_best_algo: PBIL
ranking_best_score: 0.7248786399609374
ranking_my_rank: 1/504 (100.0%)
ranking_my_percent: 100.0
