ConfigName: kjsd__advperagentrankweighted__M3__L16__eps0p007__g0p001__ds0p1__dm0p1
Problem: QUBO
Kernel: jsd
Advantage: peragentrankweighted
M: 3
lambda: 16
epsilon_svgd: 0.007
gamma: 0.001
decay_start_ratio: 0.1
decay_min_factor: 0.1
bandwith_kernel: None
no_interact: False
avg_score: -139.27999877929688
median_score: -141.0
std_score: 11.142782211303711
percentiles: 2%=-160.0, 5%=-158.0, 10%=-154.10000610351562, 25%=-146.25, 50%=-141.0, 75%=-129.75, 90%=-126.80000305175781, 95%=-122.9000015258789, 98%=-119.9800033569336
ranking_best_algo: DiscreteDE
ranking_best_score: 143.4
ranking_my_rank: 86/504 (83.1%)
ranking_my_percent: 83.13492063492063
