ConfigName: krbf__advnormalizedfitness__M3__L15__eps0p025__g0p007__ds0p01__dm0p01
Problem: NK
Kernel: rbf
Advantage: normalizedfitness
M: 3
lambda: 15
epsilon_svgd: 0.025
gamma: 0.007
decay_start_ratio: 0.01
decay_min_factor: 0.01
bandwith_kernel: None
no_interact: False
avg_score: 0.707655131816864
median_score: 0.7106181383132935
std_score: 0.012050621211528778
percentiles: 2%=0.6883926391601562, 5%=0.688701331615448, 10%=0.6914212107658386, 25%=0.695673406124115, 50%=0.7106181383132935, 75%=0.718580961227417, 90%=0.7217691540718079, 95%=0.7238843441009521, 98%=0.7252699136734009
ranking_best_algo: PBIL
ranking_best_score: 0.7013553837109374
ranking_my_rank: 1/504 (100.0%)
ranking_my_percent: 100.0
