ConfigName: kjsd__advperagentrankweighted__M5__L10__eps0p005__g0p0007__ds0p05__dm0p05
Problem: QUBO
Kernel: jsd
Advantage: peragentrankweighted
M: 5
lambda: 10
epsilon_svgd: 0.005
gamma: 0.0007
decay_start_ratio: 0.05
decay_min_factor: 0.05
bandwith_kernel: None
no_interact: False
avg_score: -3268.679931640625
median_score: -3274.0
std_score: 131.1642303466797
percentiles: 2%=-3548.56005859375, 5%=-3471.449951171875, 10%=-3432.199951171875, 25%=-3354.25, 50%=-3274.0, 75%=-3185.5, 90%=-3078.60009765625, 95%=-3044.949951171875, 98%=-3008.860107421875
ranking_best_algo: RLSOnePlusOne
ranking_best_score: 3316.5199999999995
ranking_my_rank: 12/504 (97.8%)
ranking_my_percent: 97.81746031746032
