ConfigName: kjsd__advperagentrankweighted__M3__L20__eps0p005__g0p0005__ds0p05__dm0p05
Problem: QUBO
Kernel: jsd
Advantage: peragentrankweighted
M: 3
lambda: 20
epsilon_svgd: 0.005
gamma: 0.0005
decay_start_ratio: 0.05
decay_min_factor: 0.05
bandwith_kernel: None
no_interact: False
avg_score: -1309.4200439453125
median_score: -1310.5
std_score: 63.35932159423828
percentiles: 2%=-1409.3800048828125, 5%=-1406.050048828125, 10%=-1401.0, 25%=-1357.0, 50%=-1310.5, 75%=-1263.0, 90%=-1217.800048828125, 95%=-1203.0, 98%=-1194.8800048828125
ranking_best_algo: BigLognormalDiscreteOnePlusOne
ranking_best_score: 1301.3600000000004
ranking_my_rank: 1/504 (100.0%)
ranking_my_percent: 100.0
