ConfigName: kjsd__advperagentrankweighted__M5__L28__eps0p008__g0p0005__ds0p05__dm0p05
Problem: QUBO
Kernel: jsd
Advantage: peragentrankweighted
M: 5
lambda: 28
epsilon_svgd: 0.008
gamma: 0.0005
decay_start_ratio: 0.05
decay_min_factor: 0.05
bandwith_kernel: None
no_interact: False
avg_score: -2601.4599609375
median_score: -2600.0
std_score: 145.33213806152344
percentiles: 2%=-2923.780029296875, 5%=-2889.64990234375, 10%=-2790.39990234375, 25%=-2680.5, 50%=-2600.0, 75%=-2497.25, 90%=-2431.60009765625, 95%=-2376.64990234375, 98%=-2344.02001953125
ranking_best_algo: DiscreteLengler2OnePlusOne
ranking_best_score: 2617.04
ranking_my_rank: 10/504 (98.2%)
ranking_my_percent: 98.21428571428571
