ConfigName: krbf__advnormalizedfitness__M2__L8__eps0p033__g0p01__ds0p01__dm0p01
Problem: QUBO
Kernel: rbf
Advantage: normalizedfitness
M: 2
lambda: 8
epsilon_svgd: 0.033
gamma: 0.01
decay_start_ratio: 0.01
decay_min_factor: 0.01
bandwith_kernel: None
no_interact: False
avg_score: -921.719970703125
median_score: -918.0
std_score: 66.08586883544922
percentiles: 2%=-1066.0400390625, 5%=-1063.0, 10%=-1005.9000244140625, 25%=-960.0, 50%=-918.0, 75%=-869.0, 90%=-841.0, 95%=-822.9000244140625, 98%=-816.6799926757812
ranking_best_algo: CMApara
ranking_best_score: 964.9
ranking_my_rank: 51/504 (90.1%)
ranking_my_percent: 90.07936507936508
