ConfigName: kjsd__advperagentrankweighted__M4__L12__eps0p03__g0p0005__ds0p05__dm0p05
Problem: NK
Kernel: jsd
Advantage: peragentrankweighted
M: 4
lambda: 12
epsilon_svgd: 0.03
gamma: 0.0005
decay_start_ratio: 0.05
decay_min_factor: 0.05
bandwith_kernel: None
no_interact: False
avg_score: 0.7175504565238953
median_score: 0.7175095677375793
std_score: 0.00929902121424675
percentiles: 2%=0.6989893317222595, 5%=0.7014328241348267, 10%=0.7038416266441345, 25%=0.7124346494674683, 50%=0.7175095677375793, 75%=0.7239586114883423, 90%=0.7277455925941467, 95%=0.7346518039703369, 98%=0.7365994453430176
ranking_best_algo: Tabu
ranking_best_score: 0.7429702712499999
ranking_my_rank: 64/504 (87.5%)
ranking_my_percent: 87.5
