ConfigName: krbf__advnormalizedfitness__M4__L15__eps0p033__g0p005__ds0p15__dm0p3
Problem: QUBO
Kernel: rbf
Advantage: normalizedfitness
M: 4
lambda: 15
epsilon_svgd: 0.033
gamma: 0.005
decay_start_ratio: 0.15
decay_min_factor: 0.3
bandwith_kernel: None
no_interact: False
avg_score: -139.67999267578125
median_score: -139.0
std_score: 10.36617660522461
percentiles: 2%=-159.0, 5%=-158.0, 10%=-154.10000610351562, 25%=-146.25, 50%=-139.0, 75%=-131.0, 90%=-125.0, 95%=-123.0, 98%=-122.95999145507812
ranking_best_algo: DiscreteDE
ranking_best_score: 143.4
ranking_my_rank: 83/504 (83.7%)
ranking_my_percent: 83.73015873015873
