ConfigName: kjsd__advperagentrankweighted__M3__L18__eps0p01__g0p0007__ds0p05__dm0p2
Problem: NK
Kernel: jsd
Advantage: peragentrankweighted
M: 3
lambda: 18
epsilon_svgd: 0.01
gamma: 0.0007
decay_start_ratio: 0.05
decay_min_factor: 0.2
bandwith_kernel: None
no_interact: False
avg_score: 0.7093525528907776
median_score: 0.7108137607574463
std_score: 0.01558165717869997
percentiles: 2%=0.6688483953475952, 5%=0.671474814414978, 10%=0.6943490505218506, 25%=0.7066522836685181, 50%=0.7108137607574463, 75%=0.7181069254875183, 90%=0.7250891923904419, 95%=0.7324166893959045, 98%=0.7332091331481934
ranking_best_algo: CMApara
ranking_best_score: 0.707475975
ranking_my_rank: 1/504 (100.0%)
ranking_my_percent: 100.0
