ConfigName: kfr__advglobalrankweighted__M5__L10__eps0p015__g0p007__ds0p01__dm0p01
Problem: QUBO
Kernel: fr
Advantage: globalrankweighted
M: 5
lambda: 10
epsilon_svgd: 0.015
gamma: 0.007
decay_start_ratio: 0.01
decay_min_factor: 0.01
bandwith_kernel: None
no_interact: False
avg_score: -872.4400024414062
median_score: -871.5
std_score: 68.19432830810547
percentiles: 2%=-1000.0800170898438, 5%=-980.1500244140625, 10%=-955.0999755859375, 25%=-923.25, 50%=-871.5, 75%=-823.5, 90%=-790.5999755859375, 95%=-753.75, 98%=-736.659912109375
ranking_best_algo: CMAL3
ranking_best_score: 928.5800000000002
ranking_my_rank: 137/504 (73.0%)
ranking_my_percent: 73.01587301587301
