ConfigName: kjsd__advperagentrankweighted__M6__L8__eps0p03__g0p0005__ds0p2__dm0p05
Problem: QUBO
Kernel: jsd
Advantage: peragentrankweighted
M: 6
lambda: 8
epsilon_svgd: 0.03
gamma: 0.0005
decay_start_ratio: 0.2
decay_min_factor: 0.05
bandwith_kernel: None
no_interact: False
avg_score: -1218.719970703125
median_score: -1223.0
std_score: 59.10889434814453
percentiles: 2%=-1318.300048828125, 5%=-1303.0999755859375, 10%=-1301.0999755859375, 25%=-1267.5, 50%=-1223.0, 75%=-1168.75, 90%=-1148.800048828125, 95%=-1124.75, 98%=-1108.8800048828125
ranking_best_algo: SVMMetaModelLogNormal
ranking_best_score: 1233.7999999999997
ranking_my_rank: 40/504 (92.3%)
ranking_my_percent: 92.26190476190476
