ConfigName: krbf__advnormalizedfitness__M3__L8__eps0p033__g0p01__ds0p01__dm0p01
Problem: NK
Kernel: rbf
Advantage: normalizedfitness
M: 3
lambda: 8
epsilon_svgd: 0.033
gamma: 0.01
decay_start_ratio: 0.01
decay_min_factor: 0.01
bandwith_kernel: None
no_interact: False
avg_score: 0.7374081611633301
median_score: 0.7384355068206787
std_score: 0.008697949349880219
percentiles: 2%=0.7180547714233398, 5%=0.7212767004966736, 10%=0.725390613079071, 25%=0.732085108757019, 50%=0.7384355068206787, 75%=0.7433936595916748, 90%=0.746643602848053, 95%=0.7496383786201477, 98%=0.7525392770767212
ranking_best_algo: PBIL
ranking_best_score: 0.730509098125
ranking_my_rank: 1/504 (100.0%)
ranking_my_percent: 100.0
