ConfigName: kjsd__advperagentrankweighted__M6__L8__eps0p02__g0p0003__ds0p05__dm0p05
Problem: QUBO
Kernel: jsd
Advantage: peragentrankweighted
M: 6
lambda: 8
epsilon_svgd: 0.02
gamma: 0.0003
decay_start_ratio: 0.05
decay_min_factor: 0.05
bandwith_kernel: None
no_interact: False
avg_score: -333.1600036621094
median_score: -334.0
std_score: 18.25087547302246
percentiles: 2%=-372.0, 5%=-372.0, 10%=-350.3999938964844, 25%=-343.0, 50%=-334.0, 75%=-323.5, 90%=-308.0, 95%=-305.8999938964844, 98%=-295.9599914550781
ranking_best_algo: CMApara
ranking_best_score: 344.22
ranking_my_rank: 68/504 (86.7%)
ranking_my_percent: 86.7063492063492
