ConfigName: kjsd__advperagentrankweighted__M3__L20__eps0p007__g0p001__ds0p2__dm0p05
Problem: NK
Kernel: jsd
Advantage: peragentrankweighted
M: 3
lambda: 20
epsilon_svgd: 0.007
gamma: 0.001
decay_start_ratio: 0.2
decay_min_factor: 0.05
bandwith_kernel: None
no_interact: False
avg_score: 0.7531917691230774
median_score: 0.7534041404724121
std_score: 0.01394456997513771
percentiles: 2%=0.7258555293083191, 5%=0.7296960949897766, 10%=0.7363086938858032, 25%=0.7424629926681519, 50%=0.7534041404724121, 75%=0.7614223957061768, 90%=0.7718454599380493, 95%=0.7774311304092407, 98%=0.7778159976005554
ranking_best_algo: Tabu
ranking_best_score: 0.7657846284375001
ranking_my_rank: 9/504 (98.4%)
ranking_my_percent: 98.41269841269842
