ConfigName: kfr__advglobalrankweighted__M2__L8__eps0p01__g0p007__ds0p01__dm0p01
Problem: QUBO
Kernel: fr
Advantage: globalrankweighted
M: 2
lambda: 8
epsilon_svgd: 0.01
gamma: 0.007
decay_start_ratio: 0.01
decay_min_factor: 0.01
bandwith_kernel: None
no_interact: False
avg_score: -1618.219970703125
median_score: -1616.5
std_score: 66.35308074951172
percentiles: 2%=-1753.1800537109375, 5%=-1732.199951171875, 10%=-1713.4000244140625, 25%=-1667.25, 50%=-1616.5, 75%=-1568.25, 90%=-1529.0, 95%=-1510.9000244140625, 98%=-1504.8800048828125
ranking_best_algo: NLOPT_LN_PRAXIS
ranking_best_score: 1607.12
ranking_my_rank: 1/504 (100.0%)
ranking_my_percent: 100.0
