ConfigName: krbf__advnormalizedfitness__M1__L8__eps0p015__g0p01__ds0p15__dm0p01
Problem: NK
Kernel: rbf
Advantage: normalizedfitness
M: 1
lambda: 8
epsilon_svgd: 0.015
gamma: 0.01
decay_start_ratio: 0.15
decay_min_factor: 0.01
bandwith_kernel: None
no_interact: False
avg_score: 0.7326738238334656
median_score: 0.7317028045654297
std_score: 0.014059116132557392
percentiles: 2%=0.7060377597808838, 5%=0.7086740136146545, 10%=0.7151781916618347, 25%=0.7240146398544312, 50%=0.7317028045654297, 75%=0.7414597272872925, 90%=0.7479572892189026, 95%=0.7555863857269287, 98%=0.7646080851554871
ranking_best_algo: Tabu
ranking_best_score: 0.7601875690625
ranking_my_rank: 36/504 (93.1%)
ranking_my_percent: 93.05555555555556
