ConfigName: kjsd__advperagentrankweighted__M3__L18__eps0p007__g0p003__ds0p2__dm0p1
Problem: QUBO
Kernel: jsd
Advantage: peragentrankweighted
M: 3
lambda: 18
epsilon_svgd: 0.007
gamma: 0.003
decay_start_ratio: 0.2
decay_min_factor: 0.1
bandwith_kernel: None
no_interact: False
avg_score: -2992.10009765625
median_score: -2984.5
std_score: 174.3983612060547
percentiles: 2%=-3284.639892578125, 5%=-3249.39990234375, 10%=-3217.89990234375, 25%=-3126.75, 50%=-2984.5, 75%=-2876.5, 90%=-2752.699951171875, 95%=-2708.14990234375, 98%=-2655.0
ranking_best_algo: RLSOnePlusOne
ranking_best_score: 3316.5199999999995
ranking_my_rank: 130/504 (74.4%)
ranking_my_percent: 74.4047619047619
