ConfigName: kjsd__advperagentrankweighted__M4__L8__eps0p005__g0p0007__ds0p2__dm0p05
Problem: NK
Kernel: jsd
Advantage: peragentrankweighted
M: 4
lambda: 8
epsilon_svgd: 0.005
gamma: 0.0007
decay_start_ratio: 0.2
decay_min_factor: 0.05
bandwith_kernel: None
no_interact: False
avg_score: 0.710003674030304
median_score: 0.7112059593200684
std_score: 0.015838591381907463
percentiles: 2%=0.6685941815376282, 5%=0.6715222597122192, 10%=0.6926887631416321, 25%=0.7071648240089417, 50%=0.7112059593200684, 75%=0.7204451560974121, 90%=0.7253828644752502, 95%=0.7327437400817871, 98%=0.7331593632698059
ranking_best_algo: CMApara
ranking_best_score: 0.707475975
ranking_my_rank: 1/504 (100.0%)
ranking_my_percent: 100.0
