ConfigName: kjsd__advperagentrankweighted__M4__L24__eps0p005__g0p0005__ds0p05__dm0p05
Problem: NK
Kernel: jsd
Advantage: peragentrankweighted
M: 4
lambda: 24
epsilon_svgd: 0.005
gamma: 0.0005
decay_start_ratio: 0.05
decay_min_factor: 0.05
bandwith_kernel: None
no_interact: False
avg_score: 0.748495876789093
median_score: 0.7491116523742676
std_score: 0.00908862054347992
percentiles: 2%=0.7303127646446228, 5%=0.7313573360443115, 10%=0.7369200587272644, 25%=0.7428864240646362, 50%=0.7491116523742676, 75%=0.7539562582969666, 90%=0.7593106627464294, 95%=0.761992335319519, 98%=0.7675819993019104
ranking_best_algo: PBIL
ranking_best_score: 0.733570253046875
ranking_my_rank: 1/504 (100.0%)
ranking_my_percent: 100.0
