ConfigName: kjsd__advperagentrankweighted__M5__L8__eps0p005__g0p0007__ds0p05__dm0p05
Problem: QUBO
Kernel: jsd
Advantage: peragentrankweighted
M: 5
lambda: 8
epsilon_svgd: 0.005
gamma: 0.0007
decay_start_ratio: 0.05
decay_min_factor: 0.05
bandwith_kernel: None
no_interact: False
avg_score: -139.36000061035156
median_score: -141.0
std_score: 11.618536949157715
percentiles: 2%=-159.0, 5%=-158.0500030517578, 10%=-156.0, 25%=-147.0, 50%=-141.0, 75%=-130.0, 90%=-124.80000305175781, 95%=-120.9000015258789, 98%=-117.0
ranking_best_algo: DiscreteDE
ranking_best_score: 143.4
ranking_my_rank: 86/504 (83.1%)
ranking_my_percent: 83.13492063492063
