ConfigName: krbf__advnormalizedfitness__M3__L8__eps0p025__g0p005__ds0p01__dm0p3
Problem: QUBO
Kernel: rbf
Advantage: normalizedfitness
M: 3
lambda: 8
epsilon_svgd: 0.025
gamma: 0.005
decay_start_ratio: 0.01
decay_min_factor: 0.3
bandwith_kernel: None
no_interact: False
avg_score: -199.52000427246094
median_score: -199.0
std_score: 12.844048500061035
percentiles: 2%=-224.0, 5%=-224.0, 10%=-218.0, 25%=-207.0, 50%=-199.0, 75%=-189.0, 90%=-184.0, 95%=-180.0, 98%=-177.0
ranking_best_algo: Tabu
ranking_best_score: 208.36000000000004
ranking_my_rank: 68/504 (86.7%)
ranking_my_percent: 86.7063492063492
