ConfigName: krbf__advnormalizedfitness__M2__L8__eps0p025__g0p005__ds0p01__dm0p01
Problem: QUBO
Kernel: rbf
Advantage: normalizedfitness
M: 2
lambda: 8
epsilon_svgd: 0.025
gamma: 0.005
decay_start_ratio: 0.01
decay_min_factor: 0.01
bandwith_kernel: None
no_interact: False
avg_score: -303.70001220703125
median_score: -304.0
std_score: 42.49787902832031
percentiles: 2%=-396.0400085449219, 5%=-388.0, 10%=-352.20001220703125, 25%=-330.0, 50%=-304.0, 75%=-271.75, 90%=-254.0, 95%=-241.89999389648438, 98%=-231.8000030517578
ranking_best_algo: CMApara
ranking_best_score: 319.29999999999995
ranking_my_rank: 153/504 (69.8%)
ranking_my_percent: 69.84126984126983
