ConfigName: krbf__advnormalizedfitness__M3__L12__eps0p015__g0p015__ds0p01__dm0p3
Problem: NK
Kernel: rbf
Advantage: normalizedfitness
M: 3
lambda: 12
epsilon_svgd: 0.015
gamma: 0.015
decay_start_ratio: 0.01
decay_min_factor: 0.3
bandwith_kernel: None
no_interact: False
avg_score: 0.6969680786132812
median_score: 0.6989608407020569
std_score: 0.016402125358581543
percentiles: 2%=0.6540989875793457, 5%=0.6557584404945374, 10%=0.6820626258850098, 25%=0.6918817758560181, 50%=0.6989608407020569, 75%=0.7073460817337036, 90%=0.7155566215515137, 95%=0.7183086276054382, 98%=0.7228424549102783
ranking_best_algo: CMApara
ranking_best_score: 0.707475975
ranking_my_rank: 144/504 (71.6%)
ranking_my_percent: 71.62698412698413
