ConfigName: kjsd__advperagentrankweighted__M2__L20__eps0p005__g0p0005__ds0p1__dm0p1
Problem: NK
Kernel: jsd
Advantage: peragentrankweighted
M: 2
lambda: 20
epsilon_svgd: 0.005
gamma: 0.0005
decay_start_ratio: 0.1
decay_min_factor: 0.1
bandwith_kernel: None
no_interact: False
avg_score: 0.7101892232894897
median_score: 0.6987258791923523
std_score: 0.031589899212121964
percentiles: 2%=0.6734376549720764, 5%=0.6734704971313477, 10%=0.6751645803451538, 25%=0.6813907623291016, 50%=0.6987258791923523, 75%=0.7468891739845276, 90%=0.7534111738204956, 95%=0.7569140195846558, 98%=0.7613165378570557
ranking_best_algo: CMApara
ranking_best_score: 0.7118996098437498
ranking_my_rank: 32/504 (93.8%)
ranking_my_percent: 93.84920634920636
