ConfigName: kjsd__advperagentrankweighted__M5__L10__eps0p005__g0p003__ds0p4__dm0p05
Problem: NK
Kernel: jsd
Advantage: peragentrankweighted
M: 5
lambda: 10
epsilon_svgd: 0.005
gamma: 0.003
decay_start_ratio: 0.4
decay_min_factor: 0.05
bandwith_kernel: None
no_interact: False
avg_score: 0.7428582906723022
median_score: 0.7463902235031128
std_score: 0.017230860888957977
percentiles: 2%=0.710606038570404, 5%=0.7118456959724426, 10%=0.7164475917816162, 25%=0.7315070033073425, 50%=0.7463902235031128, 75%=0.755886435508728, 90%=0.7651673555374146, 95%=0.7674148678779602, 98%=0.7684634327888489
ranking_best_algo: Tabu
ranking_best_score: 0.7657846284375001
ranking_my_rank: 60/504 (88.3%)
ranking_my_percent: 88.2936507936508
