ConfigName: kjsd__advperagentrankweighted__M4__L24__eps0p005__g0p0003__ds0p4__dm0p05
Problem: QUBO
Kernel: jsd
Advantage: peragentrankweighted
M: 4
lambda: 24
epsilon_svgd: 0.005
gamma: 0.0003
decay_start_ratio: 0.4
decay_min_factor: 0.05
bandwith_kernel: None
no_interact: False
avg_score: -439.9599914550781
median_score: -442.5
std_score: 26.33625602722168
percentiles: 2%=-487.17999267578125, 5%=-477.1000061035156, 10%=-472.0, 25%=-461.0, 50%=-442.5, 75%=-420.5, 90%=-404.8999938964844, 95%=-394.79998779296875, 98%=-386.8599853515625
ranking_best_algo: CMApara
ranking_best_score: 453.82
ranking_my_rank: 16/504 (97.0%)
ranking_my_percent: 97.02380952380952
