ConfigName: krbf__advnormalizedfitness__M3__L15__eps0p015__g0p005__ds0p01__dm0p3
Problem: NK
Kernel: rbf
Advantage: normalizedfitness
M: 3
lambda: 15
epsilon_svgd: 0.015
gamma: 0.005
decay_start_ratio: 0.01
decay_min_factor: 0.3
bandwith_kernel: None
no_interact: False
avg_score: 0.7103484272956848
median_score: 0.711080014705658
std_score: 0.01526725385338068
percentiles: 2%=0.6720755100250244, 5%=0.6734541058540344, 10%=0.695888102054596, 25%=0.7071049213409424, 50%=0.711080014705658, 75%=0.7186050415039062, 90%=0.725337028503418, 95%=0.7325130105018616, 98%=0.7328951358795166
ranking_best_algo: CMApara
ranking_best_score: 0.707475975
ranking_my_rank: 1/504 (100.0%)
ranking_my_percent: 100.0
