ConfigName: kfr__advglobalrankweighted__M1__L10__eps0p01__g0p003__ds0p01__dm0p01
Problem: QUBO
Kernel: fr
Advantage: globalrankweighted
M: 1
lambda: 10
epsilon_svgd: 0.01
gamma: 0.003
decay_start_ratio: 0.01
decay_min_factor: 0.01
bandwith_kernel: None
no_interact: False
avg_score: -878.6400146484375
median_score: -879.0
std_score: 61.77127456665039
percentiles: 2%=-996.3200073242188, 5%=-979.0999755859375, 10%=-965.4000244140625, 25%=-916.25, 50%=-879.0, 75%=-835.75, 90%=-799.5999755859375, 95%=-783.6500244140625, 98%=-739.97998046875
ranking_best_algo: CMAL3
ranking_best_score: 928.5800000000002
ranking_my_rank: 128/504 (74.8%)
ranking_my_percent: 74.8015873015873
