ConfigName: krbf__advnormalizedfitness__M3__L12__eps0p033__g0p01__ds0p01__dm0p3
Problem: QUBO
Kernel: rbf
Advantage: normalizedfitness
M: 3
lambda: 12
epsilon_svgd: 0.033
gamma: 0.01
decay_start_ratio: 0.01
decay_min_factor: 0.3
bandwith_kernel: None
no_interact: False
avg_score: -1153.6600341796875
median_score: -1148.0
std_score: 72.08567810058594
percentiles: 2%=-1310.1199951171875, 5%=-1289.0999755859375, 10%=-1247.0, 25%=-1196.25, 50%=-1148.0, 75%=-1105.0, 90%=-1059.0, 95%=-1049.949951171875, 98%=-1008.8800048828125
ranking_best_algo: SVMMetaModelLogNormal
ranking_best_score: 1233.7999999999997
ranking_my_rank: 92/504 (81.9%)
ranking_my_percent: 81.94444444444444
