ConfigName: kjsd__advperagentrankweighted__M3__L30__eps0p007__g0p0005__ds0p2__dm0p2
Problem: QUBO
Kernel: jsd
Advantage: peragentrankweighted
M: 3
lambda: 30
epsilon_svgd: 0.007
gamma: 0.0005
decay_start_ratio: 0.2
decay_min_factor: 0.2
bandwith_kernel: None
no_interact: False
avg_score: -2607.340087890625
median_score: -2630.5
std_score: 123.54239654541016
percentiles: 2%=-2827.02001953125, 5%=-2794.0, 10%=-2739.300048828125, 25%=-2693.0, 50%=-2630.5, 75%=-2510.75, 90%=-2450.39990234375, 95%=-2419.949951171875, 98%=-2362.97998046875
ranking_best_algo: DiscreteLengler2OnePlusOne
ranking_best_score: 2617.04
ranking_my_rank: 2/504 (99.8%)
ranking_my_percent: 99.8015873015873
