ConfigName: kjsd__advperagentrankweighted__M4__L24__eps0p03__g0p0005__ds0p2__dm0p05
Problem: NK
Kernel: jsd
Advantage: peragentrankweighted
M: 4
lambda: 24
epsilon_svgd: 0.03
gamma: 0.0005
decay_start_ratio: 0.2
decay_min_factor: 0.05
bandwith_kernel: None
no_interact: False
avg_score: 0.7055362462997437
median_score: 0.70826256275177
std_score: 0.011708513833582401
percentiles: 2%=0.6861664652824402, 5%=0.6870425939559937, 10%=0.6890812516212463, 25%=0.6954718828201294, 50%=0.70826256275177, 75%=0.7160700559616089, 90%=0.7194972038269043, 95%=0.7206729650497437, 98%=0.7217645049095154
ranking_best_algo: PBIL
ranking_best_score: 0.7013553837109374
ranking_my_rank: 1/504 (100.0%)
ranking_my_percent: 100.0
