ConfigName: krbf__advnormalizedfitness__M4__L8__eps0p033__g0p005__ds0p3__dm0p01
Problem: QUBO
Kernel: rbf
Advantage: normalizedfitness
M: 4
lambda: 8
epsilon_svgd: 0.033
gamma: 0.005
decay_start_ratio: 0.3
decay_min_factor: 0.01
bandwith_kernel: None
no_interact: False
avg_score: -1195.52001953125
median_score: -1191.0
std_score: 67.43225860595703
percentiles: 2%=-1349.3199462890625, 5%=-1321.1500244140625, 10%=-1273.300048828125, 25%=-1237.75, 50%=-1191.0, 75%=-1152.5, 90%=-1102.0, 95%=-1096.9000244140625, 98%=-1090.679931640625
ranking_best_algo: SVMMetaModelLogNormal
ranking_best_score: 1233.7999999999997
ranking_my_rank: 58/504 (88.7%)
ranking_my_percent: 88.69047619047619
