ConfigName: krbf__advnormalizedfitness__M2__L8__eps0p015__g0p007__ds0p15__dm0p3
Problem: QUBO
Kernel: rbf
Advantage: normalizedfitness
M: 2
lambda: 8
epsilon_svgd: 0.015
gamma: 0.007
decay_start_ratio: 0.15
decay_min_factor: 0.3
bandwith_kernel: None
no_interact: False
avg_score: -308.0199890136719
median_score: -307.0
std_score: 38.7303466796875
percentiles: 2%=-398.0, 5%=-382.20001220703125, 10%=-359.20001220703125, 25%=-333.0, 50%=-307.0, 75%=-272.0, 90%=-266.0, 95%=-260.0, 98%=-244.97999572753906
ranking_best_algo: CMApara
ranking_best_score: 319.29999999999995
ranking_my_rank: 91/504 (82.1%)
ranking_my_percent: 82.14285714285714
