ConfigName: krbf__advglobalrankweighted__M4__L9__eps0p015__g0p007__ds0p01__dm0p01
Problem: QUBO
Kernel: rbf
Advantage: globalrankweighted
M: 4
lambda: 9
epsilon_svgd: 0.015
gamma: 0.007
decay_start_ratio: 0.01
decay_min_factor: 0.01
bandwith_kernel: None
no_interact: False
avg_score: -327.55999755859375
median_score: -332.0
std_score: 23.573850631713867
percentiles: 2%=-372.0, 5%=-366.0, 10%=-355.20001220703125, 25%=-343.5, 50%=-332.0, 75%=-312.0, 90%=-292.8999938964844, 95%=-288.9000244140625, 98%=-277.8399658203125
ranking_best_algo: CMApara
ranking_best_score: 344.22
ranking_my_rank: 86/504 (83.1%)
ranking_my_percent: 83.13492063492063
