ConfigName: krbf__advnormalizedfitness__M3__L12__eps0p015__g0p007__ds0p01__dm0p3
Problem: NK
Kernel: rbf
Advantage: normalizedfitness
M: 3
lambda: 12
epsilon_svgd: 0.015
gamma: 0.007
decay_start_ratio: 0.01
decay_min_factor: 0.3
bandwith_kernel: None
no_interact: False
avg_score: 0.7377499341964722
median_score: 0.7363747954368591
std_score: 0.018389157950878143
percentiles: 2%=0.6962571144104004, 5%=0.7078611254692078, 10%=0.7143287062644958, 25%=0.7268177270889282, 50%=0.7363747954368591, 75%=0.7510847449302673, 90%=0.7612858414649963, 95%=0.7668249607086182, 98%=0.7726028561592102
ranking_best_algo: Tabu
ranking_best_score: 0.7470791764843752
ranking_my_rank: 11/504 (98.0%)
ranking_my_percent: 98.01587301587301
