ConfigName: krbf__advnormalizedfitness__M4__L10__eps0p033__g0p007__ds0p01__dm0p01
Problem: NK
Kernel: rbf
Advantage: normalizedfitness
M: 4
lambda: 10
epsilon_svgd: 0.033
gamma: 0.007
decay_start_ratio: 0.01
decay_min_factor: 0.01
bandwith_kernel: None
no_interact: False
avg_score: 0.7564622759819031
median_score: 0.7588841915130615
std_score: 0.012572980485856533
percentiles: 2%=0.7272323966026306, 5%=0.7321756482124329, 10%=0.7399125099182129, 25%=0.7485734820365906, 50%=0.7588841915130615, 75%=0.7660792469978333, 90%=0.7714752554893494, 95%=0.7727020978927612, 98%=0.7774078845977783
ranking_best_algo: Tabu
ranking_best_score: 0.7657846284375001
ranking_my_rank: 3/504 (99.6%)
ranking_my_percent: 99.60317460317461
