ConfigName: kjsd__advperagentrankweighted__M3__L30__eps0p005__g0p0005__ds0p05__dm0p2
Problem: NK
Kernel: jsd
Advantage: peragentrankweighted
M: 3
lambda: 30
epsilon_svgd: 0.005
gamma: 0.0005
decay_start_ratio: 0.05
decay_min_factor: 0.2
bandwith_kernel: None
no_interact: False
avg_score: 0.7358265519142151
median_score: 0.7371971607208252
std_score: 0.009265110827982426
percentiles: 2%=0.7150111794471741, 5%=0.7170917987823486, 10%=0.7210441827774048, 25%=0.731438159942627, 50%=0.7371971607208252, 75%=0.742798924446106, 90%=0.7462626099586487, 95%=0.7476692199707031, 98%=0.7479442954063416
ranking_best_algo: PBIL
ranking_best_score: 0.7248786399609374
ranking_my_rank: 1/504 (100.0%)
ranking_my_percent: 100.0
