ConfigName: kjsd__advperagentrankweighted__M4__L12__eps0p03__g0p0005__ds0p05__dm0p05
Problem: NK
Kernel: jsd
Advantage: peragentrankweighted
M: 4
lambda: 12
epsilon_svgd: 0.03
gamma: 0.0005
decay_start_ratio: 0.05
decay_min_factor: 0.05
bandwith_kernel: None
no_interact: False
avg_score: 0.7246044278144836
median_score: 0.722042977809906
std_score: 0.014696908183395863
percentiles: 2%=0.7006354928016663, 5%=0.7017843127250671, 10%=0.707664966583252, 25%=0.7135522365570068, 50%=0.722042977809906, 75%=0.7361234426498413, 90%=0.7450329065322876, 95%=0.7489092350006104, 98%=0.7547715902328491
ranking_best_algo: Tabu
ranking_best_score: 0.7601875690625
ranking_my_rank: 117/504 (77.0%)
ranking_my_percent: 76.98412698412699
