ConfigName: krbf__advnormalizedfitness__M2__L6__eps0p02__g0p006__ds0p01__dm0p3
Problem: NK
Kernel: rbf
Advantage: normalizedfitness
M: 2
lambda: 6
epsilon_svgd: 0.02
gamma: 0.006
decay_start_ratio: 0.01
decay_min_factor: 0.3
bandwith_kernel: None
no_interact: False
avg_score: 0.7102562785148621
median_score: 0.6985580325126648
std_score: 0.0317191407084465
percentiles: 2%=0.672178328037262, 5%=0.6735852956771851, 10%=0.6754851341247559, 25%=0.680499792098999, 50%=0.6985580325126648, 75%=0.7455553412437439, 90%=0.7535533308982849, 95%=0.7613165378570557, 98%=0.7613165378570557
ranking_best_algo: CMApara
ranking_best_score: 0.7118996098437498
ranking_my_rank: 32/504 (93.8%)
ranking_my_percent: 93.84920634920636
