ConfigName: kjsd__advperagentrankweighted__M4__L10__eps0p005__g0p0005__ds0p4__dm0p05
Problem: QUBO
Kernel: jsd
Advantage: peragentrankweighted
M: 4
lambda: 10
epsilon_svgd: 0.005
gamma: 0.0005
decay_start_ratio: 0.4
decay_min_factor: 0.05
bandwith_kernel: None
no_interact: False
avg_score: -927.8800048828125
median_score: -925.0
std_score: 63.2939567565918
percentiles: 2%=-1044.6400146484375, 5%=-1035.0, 10%=-1018.0, 25%=-966.0, 50%=-925.0, 75%=-888.0, 90%=-850.7999877929688, 95%=-829.0, 98%=-790.5999755859375
ranking_best_algo: CMApara
ranking_best_score: 964.9
ranking_my_rank: 21/504 (96.0%)
ranking_my_percent: 96.03174603174604
