ConfigName: krbf__advnormalizedfitness__M3__L10__eps0p03__g0p005__ds0p15__dm0p05
Problem: QUBO
Kernel: rbf
Advantage: normalizedfitness
M: 3
lambda: 10
epsilon_svgd: 0.03
gamma: 0.005
decay_start_ratio: 0.15
decay_min_factor: 0.05
bandwith_kernel: None
no_interact: False
avg_score: -1277.3599853515625
median_score: -1272.0
std_score: 62.27560043334961
percentiles: 2%=-1416.02001953125, 5%=-1371.1500244140625, 10%=-1363.0, 25%=-1321.25, 50%=-1272.0, 75%=-1241.0, 90%=-1186.0999755859375, 95%=-1171.699951171875, 98%=-1162.8800048828125
ranking_best_algo: BigLognormalDiscreteOnePlusOne
ranking_best_score: 1301.3600000000004
ranking_my_rank: 32/504 (93.8%)
ranking_my_percent: 93.84920634920636
