ConfigName: kjsd__advperagentrankweighted__M3__L30__eps0p007__g0p0005__ds0p1__dm0p05
Problem: QUBO
Kernel: jsd
Advantage: peragentrankweighted
M: 3
lambda: 30
epsilon_svgd: 0.007
gamma: 0.0005
decay_start_ratio: 0.1
decay_min_factor: 0.05
bandwith_kernel: None
no_interact: False
avg_score: -138.66000366210938
median_score: -139.0
std_score: 10.89974308013916
percentiles: 2%=-158.02000427246094, 5%=-157.0500030517578, 10%=-154.0, 25%=-146.0, 50%=-139.0, 75%=-130.0, 90%=-125.0, 95%=-120.0, 98%=-117.0
ranking_best_algo: DiscreteDE
ranking_best_score: 143.4
ranking_my_rank: 97/504 (81.0%)
ranking_my_percent: 80.95238095238095
