ConfigName: krbf__advnormalizedfitness__M4__L8__eps0p03__g0p01__ds0p15__dm0p05
Problem: QUBO
Kernel: rbf
Advantage: normalizedfitness
M: 4
lambda: 8
epsilon_svgd: 0.03
gamma: 0.01
decay_start_ratio: 0.15
decay_min_factor: 0.05
bandwith_kernel: None
no_interact: False
avg_score: -2386.0
median_score: -2372.0
std_score: 187.62216186523438
percentiles: 2%=-2766.739990234375, 5%=-2711.75, 10%=-2656.300048828125, 25%=-2501.5, 50%=-2372.0, 75%=-2250.5, 90%=-2161.89990234375, 95%=-2097.64990234375, 98%=-2028.5400390625
ranking_best_algo: SVM1MetaModelLogNormal
ranking_best_score: 2605.14
ranking_my_rank: 132/504 (74.0%)
ranking_my_percent: 74.0079365079365
