ConfigName: kjsd__advperagentrankweighted__M3__L16__eps0p005__g0p001__ds0p1__dm0p2
Problem: QUBO
Kernel: jsd
Advantage: peragentrankweighted
M: 3
lambda: 16
epsilon_svgd: 0.005
gamma: 0.001
decay_start_ratio: 0.1
decay_min_factor: 0.2
bandwith_kernel: None
no_interact: False
avg_score: -913.97998046875
median_score: -909.0
std_score: 63.875030517578125
percentiles: 2%=-1042.1199951171875, 5%=-1028.0, 10%=-1001.2999877929688, 25%=-957.5, 50%=-909.0, 75%=-877.5, 90%=-824.7000122070312, 95%=-808.0, 98%=-796.6400146484375
ranking_best_algo: CMAL3
ranking_best_score: 928.5800000000002
ranking_my_rank: 17/504 (96.8%)
ranking_my_percent: 96.82539682539682
