ConfigName: kjsd__advperagentrankweighted__M3__L18__eps0p007__g0p0007__ds0p05__dm0p2
Problem: NK
Kernel: jsd
Advantage: peragentrankweighted
M: 3
lambda: 18
epsilon_svgd: 0.007
gamma: 0.0007
decay_start_ratio: 0.05
decay_min_factor: 0.2
bandwith_kernel: None
no_interact: False
avg_score: 0.732322633266449
median_score: 0.7313631772994995
std_score: 0.009222476743161678
percentiles: 2%=0.7167463302612305, 5%=0.7193379998207092, 10%=0.7203533053398132, 25%=0.7264732122421265, 50%=0.7313631772994995, 75%=0.7382748126983643, 90%=0.7442569136619568, 95%=0.749269962310791, 98%=0.7521785497665405
ranking_best_algo: Tabu
ranking_best_score: 0.7429702712499999
ranking_my_rank: 2/504 (99.8%)
ranking_my_percent: 99.8015873015873
