ConfigName: kjsd__advperagentrankweighted__M3__L20__eps0p005__g0p003__ds0p1__dm0p1
Problem: QUBO
Kernel: jsd
Advantage: peragentrankweighted
M: 3
lambda: 20
epsilon_svgd: 0.005
gamma: 0.003
decay_start_ratio: 0.1
decay_min_factor: 0.1
bandwith_kernel: None
no_interact: False
avg_score: -898.0399780273438
median_score: -895.0
std_score: 72.3973617553711
percentiles: 2%=-1036.47998046875, 5%=-1008.2999877929688, 10%=-999.0, 25%=-948.0, 50%=-895.0, 75%=-846.5, 90%=-805.9000244140625, 95%=-788.9500122070312, 98%=-760.6799926757812
ranking_best_algo: CMApara
ranking_best_score: 964.9
ranking_my_rank: 155/504 (69.4%)
ranking_my_percent: 69.44444444444444
