ConfigName: krbf__advnormalizedfitness__M3__L8__eps0p015__g0p007__ds0p15__dm0p01
Problem: QUBO
Kernel: rbf
Advantage: normalizedfitness
M: 3
lambda: 8
epsilon_svgd: 0.015
gamma: 0.007
decay_start_ratio: 0.15
decay_min_factor: 0.01
bandwith_kernel: None
no_interact: False
avg_score: -309.3599853515625
median_score: -312.0
std_score: 38.987056732177734
percentiles: 2%=-392.1199951171875, 5%=-390.0, 10%=-360.0, 25%=-332.0, 50%=-312.0, 75%=-272.0, 90%=-264.0, 95%=-257.9000244140625, 98%=-253.95999145507812
ranking_best_algo: CMApara
ranking_best_score: 319.29999999999995
ranking_my_rank: 80/504 (84.3%)
ranking_my_percent: 84.32539682539682
