ConfigName: krbf__advnormalizedfitness__M4__L10__eps0p033__g0p005__ds0p01__dm0p01
Problem: QUBO
Kernel: rbf
Advantage: normalizedfitness
M: 4
lambda: 10
epsilon_svgd: 0.033
gamma: 0.005
decay_start_ratio: 0.01
decay_min_factor: 0.01
bandwith_kernel: None
no_interact: False
avg_score: -202.89999389648438
median_score: -205.0
std_score: 11.172734260559082
percentiles: 2%=-224.0, 5%=-220.10000610351562, 10%=-217.10000610351562, 25%=-210.25, 50%=-205.0, 75%=-196.5, 90%=-185.89999389648438, 95%=-182.0, 98%=-181.97999572753906
ranking_best_algo: Tabu
ranking_best_score: 208.36000000000004
ranking_my_rank: 32/504 (93.8%)
ranking_my_percent: 93.84920634920636
