ConfigName: kjsd__advperagentrankweighted__M3__L20__eps0p007__g0p003__ds0p05__dm0p05
Problem: QUBO
Kernel: jsd
Advantage: peragentrankweighted
M: 3
lambda: 20
epsilon_svgd: 0.007
gamma: 0.003
decay_start_ratio: 0.05
decay_min_factor: 0.05
bandwith_kernel: None
no_interact: False
avg_score: -1156.800048828125
median_score: -1150.0
std_score: 76.4255142211914
percentiles: 2%=-1312.3399658203125, 5%=-1299.0999755859375, 10%=-1266.5, 25%=-1207.25, 50%=-1150.0, 75%=-1104.0, 90%=-1066.0, 95%=-1048.699951171875, 98%=-1024.47998046875
ranking_best_algo: SVMMetaModelLogNormal
ranking_best_score: 1233.7999999999997
ranking_my_rank: 88/504 (82.7%)
ranking_my_percent: 82.73809523809524
