ConfigName: krbf__advnormalizedfitness__M3__L15__eps0p015__g0p01__ds0p01__dm0p3
Problem: QUBO
Kernel: rbf
Advantage: normalizedfitness
M: 3
lambda: 15
epsilon_svgd: 0.015
gamma: 0.01
decay_start_ratio: 0.01
decay_min_factor: 0.3
bandwith_kernel: None
no_interact: False
avg_score: -709.7999877929688
median_score: -698.0
std_score: 78.2992935180664
percentiles: 2%=-898.0399780273438, 5%=-870.5999755859375, 10%=-803.0, 25%=-755.25, 50%=-698.0, 75%=-652.5, 90%=-608.9000244140625, 95%=-601.0, 98%=-594.97998046875
ranking_best_algo: CMAL3
ranking_best_score: 928.5800000000002
ranking_my_rank: 330/504 (34.7%)
ranking_my_percent: 34.72222222222222
