ConfigName: kjsd__advperagentrankweighted__M5__L8__eps0p005__g0p0003__ds0p2__dm0p05
Problem: NK
Kernel: jsd
Advantage: peragentrankweighted
M: 5
lambda: 8
epsilon_svgd: 0.005
gamma: 0.0003
decay_start_ratio: 0.2
decay_min_factor: 0.05
bandwith_kernel: None
no_interact: False
avg_score: 0.7436869144439697
median_score: 0.7408133745193481
std_score: 0.027858862653374672
percentiles: 2%=0.7006858587265015, 5%=0.7088285088539124, 10%=0.7107443809509277, 25%=0.725325882434845, 50%=0.7408133745193481, 75%=0.754551887512207, 90%=0.7766832709312439, 95%=0.8045625686645508, 98%=0.8118547797203064
ranking_best_algo: CMApara
ranking_best_score: 0.7459277895312499
ranking_my_rank: 7/504 (98.8%)
ranking_my_percent: 98.80952380952381
