ConfigName: kjsd__advperagentrankweighted__M5__L10__eps0p01__g0p0007__ds0p2__dm0p05
Problem: QUBO
Kernel: jsd
Advantage: peragentrankweighted
M: 5
lambda: 10
epsilon_svgd: 0.01
gamma: 0.0007
decay_start_ratio: 0.2
decay_min_factor: 0.05
bandwith_kernel: None
no_interact: False
avg_score: -1620.300048828125
median_score: -1615.0
std_score: 65.22492218017578
percentiles: 2%=-1771.0400390625, 5%=-1743.0, 10%=-1718.5999755859375, 25%=-1660.25, 50%=-1615.0, 75%=-1572.0, 90%=-1538.4000244140625, 95%=-1523.0, 98%=-1515.8599853515625
ranking_best_algo: NLOPT_LN_PRAXIS
ranking_best_score: 1607.12
ranking_my_rank: 1/504 (100.0%)
ranking_my_percent: 100.0
