ConfigName: kjsd__advperagentrankweighted__M5__L12__eps0p03__g0p0003__ds0p2__dm0p05
Problem: QUBO
Kernel: jsd
Advantage: peragentrankweighted
M: 5
lambda: 12
epsilon_svgd: 0.03
gamma: 0.0003
decay_start_ratio: 0.2
decay_min_factor: 0.05
bandwith_kernel: None
no_interact: False
avg_score: -196.6999969482422
median_score: -197.5
std_score: 12.089251518249512
percentiles: 2%=-220.0399932861328, 5%=-219.0500030517578, 10%=-213.0, 25%=-205.0, 50%=-197.5, 75%=-187.0, 90%=-181.89999389648438, 95%=-175.9499969482422, 98%=-174.89999389648438
ranking_best_algo: Tabu
ranking_best_score: 208.36000000000004
ranking_my_rank: 171/504 (66.3%)
ranking_my_percent: 66.26984126984127
