ConfigName: krbf__advnormalizedfitness__M3__L15__eps0p015__g0p015__ds0p15__dm0p3
Problem: NK
Kernel: rbf
Advantage: normalizedfitness
M: 3
lambda: 15
epsilon_svgd: 0.015
gamma: 0.015
decay_start_ratio: 0.15
decay_min_factor: 0.3
bandwith_kernel: None
no_interact: False
avg_score: 0.6007227897644043
median_score: 0.5995951294898987
std_score: 0.008174733258783817
percentiles: 2%=0.588969886302948, 5%=0.5905740857124329, 10%=0.5924081206321716, 25%=0.5954832434654236, 50%=0.5995951294898987, 75%=0.6034331917762756, 90%=0.610370397567749, 95%=0.6177124381065369, 98%=0.6215049624443054
ranking_best_algo: Tabu
ranking_best_score: 0.7429702712499999
ranking_my_rank: 393/504 (22.2%)
ranking_my_percent: 22.22222222222222
