ConfigName: kfr__advglobalrankweighted__M2__L8__eps0p015__g0p007__ds0p01__dm0p01
Problem: QUBO
Kernel: fr
Advantage: globalrankweighted
M: 2
lambda: 8
epsilon_svgd: 0.015
gamma: 0.007
decay_start_ratio: 0.01
decay_min_factor: 0.01
bandwith_kernel: None
no_interact: False
avg_score: -146.77999877929688
median_score: -145.5
std_score: 13.407146453857422
percentiles: 2%=-179.0, 5%=-179.0, 10%=-160.39999389648438, 25%=-154.0, 50%=-145.5, 75%=-140.0, 90%=-129.0, 95%=-125.0, 98%=-121.0
ranking_best_algo: CMApara
ranking_best_score: 154.28
ranking_my_rank: 109/504 (78.6%)
ranking_my_percent: 78.57142857142857
