ConfigName: krbf__advnormalizedfitness__M4__L8__eps0p033__g0p005__ds0p3__dm0p3
Problem: QUBO
Kernel: rbf
Advantage: normalizedfitness
M: 4
lambda: 8
epsilon_svgd: 0.033
gamma: 0.005
decay_start_ratio: 0.3
decay_min_factor: 0.3
bandwith_kernel: None
no_interact: False
avg_score: -3145.739990234375
median_score: -3137.5
std_score: 151.29881286621094
percentiles: 2%=-3422.860107421875, 5%=-3402.449951171875, 10%=-3340.5, 25%=-3278.5, 50%=-3137.5, 75%=-3022.0, 90%=-2959.60009765625, 95%=-2919.25, 98%=-2889.9599609375
ranking_best_algo: RLSOnePlusOne
ranking_best_score: 3316.5199999999995
ranking_my_rank: 66/504 (87.1%)
ranking_my_percent: 87.10317460317461
