ConfigName: kjsd__advperagentrankweighted__M6__L8__eps0p03__g0p0003__ds0p2__dm0p05
Problem: QUBO
Kernel: jsd
Advantage: peragentrankweighted
M: 6
lambda: 8
epsilon_svgd: 0.03
gamma: 0.0003
decay_start_ratio: 0.2
decay_min_factor: 0.05
bandwith_kernel: None
no_interact: False
avg_score: -1241.5799560546875
median_score: -1237.0
std_score: 54.13948059082031
percentiles: 2%=-1369.0, 5%=-1325.699951171875, 10%=-1312.199951171875, 25%=-1276.25, 50%=-1237.0, 75%=-1204.5, 90%=-1173.0, 95%=-1157.0, 98%=-1152.719970703125
ranking_best_algo: BigLognormalDiscreteOnePlusOne
ranking_best_score: 1301.3600000000004
ranking_my_rank: 57/504 (88.9%)
ranking_my_percent: 88.88888888888889
