ConfigName: kjsd__advperagentrankweighted__M3__L18__eps0p007__g0p0007__ds0p2__dm0p2
Problem: QUBO
Kernel: jsd
Advantage: peragentrankweighted
M: 3
lambda: 18
epsilon_svgd: 0.007
gamma: 0.0007
decay_start_ratio: 0.2
decay_min_factor: 0.2
bandwith_kernel: None
no_interact: False
avg_score: -916.3200073242188
median_score: -909.5
std_score: 63.65373229980469
percentiles: 2%=-1034.0799560546875, 5%=-1021.5, 10%=-1011.5, 25%=-960.25, 50%=-909.5, 75%=-865.0, 90%=-835.9000244140625, 95%=-820.9000244140625, 98%=-812.7000122070312
ranking_best_algo: CMAL3
ranking_best_score: 928.5800000000002
ranking_my_rank: 15/504 (97.2%)
ranking_my_percent: 97.22222222222223
