ConfigName: kjsd__advperagentrankweighted__M4__L8__eps0p03__g0p0003__ds0p05__dm0p05
Problem: NK
Kernel: jsd
Advantage: peragentrankweighted
M: 4
lambda: 8
epsilon_svgd: 0.03
gamma: 0.0003
decay_start_ratio: 0.05
decay_min_factor: 0.05
bandwith_kernel: None
no_interact: False
avg_score: 0.7050922513008118
median_score: 0.6946374773979187
std_score: 0.03204767778515816
percentiles: 2%=0.6581181287765503, 5%=0.6660556197166443, 10%=0.6685718297958374, 25%=0.6757036447525024, 50%=0.6946374773979187, 75%=0.7388366460800171, 90%=0.7510054111480713, 95%=0.7526015639305115, 98%=0.7565295100212097
ranking_best_algo: CMApara
ranking_best_score: 0.7118996098437498
ranking_my_rank: 126/504 (75.2%)
ranking_my_percent: 75.1984126984127
