ConfigName: kfr__advglobalrankweighted__M4__L5__eps0p02__g0p003__ds0p01__dm0p01
Problem: QUBO
Kernel: fr
Advantage: globalrankweighted
M: 4
lambda: 5
epsilon_svgd: 0.02
gamma: 0.003
decay_start_ratio: 0.01
decay_min_factor: 0.01
bandwith_kernel: None
no_interact: False
avg_score: -310.6000061035156
median_score: -314.0
std_score: 38.27009201049805
percentiles: 2%=-396.0, 5%=-390.1000061035156, 10%=-351.5999755859375, 25%=-336.0, 50%=-314.0, 75%=-276.0, 90%=-264.8999938964844, 95%=-261.0, 98%=-251.91998291015625
ranking_best_algo: CMApara
ranking_best_score: 319.29999999999995
ranking_my_rank: 58/504 (88.7%)
ranking_my_percent: 88.69047619047619
