ConfigName: kjsd__advperagentrankweighted__M3__L30__eps0p005__g0p0005__ds0p1__dm0p05
Problem: NK
Kernel: jsd
Advantage: peragentrankweighted
M: 3
lambda: 30
epsilon_svgd: 0.005
gamma: 0.0005
decay_start_ratio: 0.1
decay_min_factor: 0.05
bandwith_kernel: None
no_interact: False
avg_score: 0.7108498215675354
median_score: 0.7117249965667725
std_score: 0.015095336362719536
percentiles: 2%=0.6735225915908813, 5%=0.674085795879364, 10%=0.6942911148071289, 25%=0.7083384990692139, 50%=0.7117249965667725, 75%=0.7201023697853088, 90%=0.7255440950393677, 95%=0.7326382994651794, 98%=0.7342973351478577
ranking_best_algo: CMApara
ranking_best_score: 0.707475975
ranking_my_rank: 1/504 (100.0%)
ranking_my_percent: 100.0
