ConfigName: krbf__advnormalizedfitness__M4__L8__eps0p025__g0p007__ds0p01__dm0p01
Problem: QUBO
Kernel: rbf
Advantage: normalizedfitness
M: 4
lambda: 8
epsilon_svgd: 0.025
gamma: 0.007
decay_start_ratio: 0.01
decay_min_factor: 0.01
bandwith_kernel: None
no_interact: False
avg_score: -933.6199951171875
median_score: -937.5
std_score: 63.93117904663086
percentiles: 2%=-1066.0400390625, 5%=-1046.199951171875, 10%=-1013.5999755859375, 25%=-971.0, 50%=-937.5, 75%=-893.0, 90%=-842.4000244140625, 95%=-820.4000244140625, 98%=-806.9599609375
ranking_best_algo: CMApara
ranking_best_score: 964.9
ranking_my_rank: 19/504 (96.4%)
ranking_my_percent: 96.42857142857143
