ConfigName: krbf__advnormalizedfitness__M4__L8__eps0p015__g0p005__ds0p15__dm0p01
Problem: NK
Kernel: rbf
Advantage: normalizedfitness
M: 4
lambda: 8
epsilon_svgd: 0.015
gamma: 0.005
decay_start_ratio: 0.15
decay_min_factor: 0.01
bandwith_kernel: None
no_interact: False
avg_score: 0.7060449719429016
median_score: 0.7093292474746704
std_score: 0.012099667452275753
percentiles: 2%=0.6861249208450317, 5%=0.6878498196601868, 10%=0.6897841095924377, 25%=0.6950398683547974, 50%=0.7093292474746704, 75%=0.7178007364273071, 90%=0.7204748392105103, 95%=0.721250057220459, 98%=0.7221291065216064
ranking_best_algo: PBIL
ranking_best_score: 0.7013553837109374
ranking_my_rank: 1/504 (100.0%)
ranking_my_percent: 100.0
