ConfigName: krbf__advnormalizedfitness__M3__L10__eps0p033__g0p007__ds0p15__dm0p01
Problem: NK
Kernel: rbf
Advantage: normalizedfitness
M: 3
lambda: 10
epsilon_svgd: 0.033
gamma: 0.007
decay_start_ratio: 0.15
decay_min_factor: 0.01
bandwith_kernel: None
no_interact: False
avg_score: 0.7095543742179871
median_score: 0.7103278636932373
std_score: 0.014876746572554111
percentiles: 2%=0.6829831600189209, 5%=0.687856137752533, 10%=0.6891297698020935, 25%=0.6992550492286682, 50%=0.7103278636932373, 75%=0.7161825895309448, 90%=0.7304793000221252, 95%=0.736463189125061, 98%=0.7393975853919983
ranking_best_algo: PBIL
ranking_best_score: 0.7170882103515624
ranking_my_rank: 54/504 (89.5%)
ranking_my_percent: 89.48412698412699
