ConfigName: krbf__advnormalizedfitness__M3__L10__eps0p025__g0p005__ds0p15__dm0p3
Problem: QUBO
Kernel: rbf
Advantage: normalizedfitness
M: 3
lambda: 10
epsilon_svgd: 0.025
gamma: 0.005
decay_start_ratio: 0.15
decay_min_factor: 0.3
bandwith_kernel: None
no_interact: False
avg_score: -577.260009765625
median_score: -579.5
std_score: 29.0917911529541
percentiles: 2%=-629.1199951171875, 5%=-624.0499877929688, 10%=-611.2000122070312, 25%=-596.5, 50%=-579.5, 75%=-556.0, 90%=-542.7999877929688, 95%=-530.7000122070312, 98%=-514.8800048828125
ranking_best_algo: Tabu
ranking_best_score: 588.7199999999999
ranking_my_rank: 46/503 (91.1%)
ranking_my_percent: 91.05367793240556
