ConfigName: kfr__advglobalrankweighted__M6__L11__eps0p01__g0p003__ds0p01__dm0p01
Problem: QUBO
Kernel: fr
Advantage: globalrankweighted
M: 6
lambda: 11
epsilon_svgd: 0.01
gamma: 0.003
decay_start_ratio: 0.01
decay_min_factor: 0.01
bandwith_kernel: None
no_interact: False
avg_score: -2131.06005859375
median_score: -2120.0
std_score: 118.50129699707031
percentiles: 2%=-2377.139892578125, 5%=-2314.39990234375, 10%=-2289.60009765625, 25%=-2221.5, 50%=-2120.0, 75%=-2031.5, 90%=-2003.4000244140625, 95%=-1975.800048828125, 98%=-1964.8797607421875
ranking_best_algo: SVM1MetaModelLogNormal
ranking_best_score: 2605.14
ranking_my_rank: 202/504 (60.1%)
ranking_my_percent: 60.11904761904762
