ConfigName: kjsd__advperagentrankweighted__M3__L30__eps0p005__g0p001__ds0p2__dm0p1
Problem: QUBO
Kernel: jsd
Advantage: peragentrankweighted
M: 3
lambda: 30
epsilon_svgd: 0.005
gamma: 0.001
decay_start_ratio: 0.2
decay_min_factor: 0.1
bandwith_kernel: None
no_interact: False
avg_score: -1262.3800048828125
median_score: -1253.5
std_score: 63.858558654785156
percentiles: 2%=-1381.260009765625, 5%=-1367.199951171875, 10%=-1343.800048828125, 25%=-1313.75, 50%=-1253.5, 75%=-1220.5, 90%=-1178.9000244140625, 95%=-1162.9000244140625, 98%=-1132.9200439453125
ranking_best_algo: BigLognormalDiscreteOnePlusOne
ranking_best_score: 1301.3600000000004
ranking_my_rank: 53/504 (89.7%)
ranking_my_percent: 89.68253968253968
