ConfigName: krbf__advnormalizedfitness__M4__L10__eps0p025__g0p01__ds0p3__dm0p3
Problem: NK
Kernel: rbf
Advantage: normalizedfitness
M: 4
lambda: 10
epsilon_svgd: 0.025
gamma: 0.01
decay_start_ratio: 0.3
decay_min_factor: 0.3
bandwith_kernel: None
no_interact: False
avg_score: 0.6958338022232056
median_score: 0.6968272924423218
std_score: 0.011659248732030392
percentiles: 2%=0.6727237105369568, 5%=0.6757323145866394, 10%=0.6807175874710083, 25%=0.687881588935852, 50%=0.6968272924423218, 75%=0.7032798528671265, 90%=0.7108134627342224, 95%=0.7151539921760559, 98%=0.7188459038734436
ranking_best_algo: PBIL
ranking_best_score: 0.7248786399609374
ranking_my_rank: 125/504 (75.4%)
ranking_my_percent: 75.39682539682539
