ConfigName: krbf__advnormalizedfitness__M4__L8__eps0p015__g0p007__ds0p15__dm0p3
Problem: NK
Kernel: rbf
Advantage: normalizedfitness
M: 4
lambda: 8
epsilon_svgd: 0.015
gamma: 0.007
decay_start_ratio: 0.15
decay_min_factor: 0.3
bandwith_kernel: None
no_interact: False
avg_score: 0.6118311882019043
median_score: 0.6116204261779785
std_score: 0.01001084502786398
percentiles: 2%=0.5964411497116089, 5%=0.5978653430938721, 10%=0.5990917682647705, 25%=0.6044025421142578, 50%=0.6116204261779785, 75%=0.6171152591705322, 90%=0.6234877109527588, 95%=0.6281741261482239, 98%=0.6326248049736023
ranking_best_algo: Tabu
ranking_best_score: 0.7429702712499999
ranking_my_rank: 387/504 (23.4%)
ranking_my_percent: 23.41269841269841
