ConfigName: kjsd__advperagentrankweighted__M5__L24__eps0p02__g0p0003__ds0p2__dm0p05
Problem: NK
Kernel: jsd
Advantage: peragentrankweighted
M: 5
lambda: 24
epsilon_svgd: 0.02
gamma: 0.0003
decay_start_ratio: 0.2
decay_min_factor: 0.05
bandwith_kernel: None
no_interact: False
avg_score: 0.7357027530670166
median_score: 0.7363317012786865
std_score: 0.008204354904592037
percentiles: 2%=0.7178200483322144, 5%=0.7209513783454895, 10%=0.7240610718727112, 25%=0.7306438684463501, 50%=0.7363317012786865, 75%=0.741309404373169, 90%=0.7457696795463562, 95%=0.7471297383308411, 98%=0.7502636313438416
ranking_best_algo: PBIL
ranking_best_score: 0.730509098125
ranking_my_rank: 1/504 (100.0%)
ranking_my_percent: 100.0
