ConfigName: kjsd__advperagentrankweighted__M4__L8__eps0p02__g0p0005__ds0p2__dm0p05
Problem: QUBO
Kernel: jsd
Advantage: peragentrankweighted
M: 4
lambda: 8
epsilon_svgd: 0.02
gamma: 0.0005
decay_start_ratio: 0.2
decay_min_factor: 0.05
bandwith_kernel: None
no_interact: False
avg_score: -1175.5999755859375
median_score: -1173.5
std_score: 58.93878173828125
percentiles: 2%=-1347.239990234375, 5%=-1277.5, 10%=-1245.0999755859375, 25%=-1203.25, 50%=-1173.5, 75%=-1137.75, 90%=-1105.9000244140625, 95%=-1091.550048828125, 98%=-1076.6600341796875
ranking_best_algo: Tabu
ranking_best_score: 1216.16
ranking_my_rank: 82/504 (83.9%)
ranking_my_percent: 83.92857142857143
