ConfigName: kjsd__advperagentrankweighted__M5__L8__eps0p005__g0p0007__ds0p05__dm0p2
Problem: QUBO
Kernel: jsd
Advantage: peragentrankweighted
M: 5
lambda: 8
epsilon_svgd: 0.005
gamma: 0.0007
decay_start_ratio: 0.05
decay_min_factor: 0.2
bandwith_kernel: None
no_interact: False
avg_score: -1194.260009765625
median_score: -1190.5
std_score: 52.642494201660156
percentiles: 2%=-1331.0, 5%=-1286.0999755859375, 10%=-1268.0999755859375, 25%=-1221.25, 50%=-1190.5, 75%=-1160.0, 90%=-1133.9000244140625, 95%=-1126.699951171875, 98%=-1115.9000244140625
ranking_best_algo: Tabu
ranking_best_score: 1216.16
ranking_my_rank: 48/504 (90.7%)
ranking_my_percent: 90.67460317460318
