ConfigName: kfr__advglobalrankweighted__M4__L11__eps0p015__g0p003__ds0p01__dm0p01
Problem: QUBO
Kernel: fr
Advantage: globalrankweighted
M: 4
lambda: 11
epsilon_svgd: 0.015
gamma: 0.003
decay_start_ratio: 0.01
decay_min_factor: 0.01
bandwith_kernel: None
no_interact: False
avg_score: -1220.52001953125
median_score: -1217.0
std_score: 62.41337585449219
percentiles: 2%=-1358.0799560546875, 5%=-1315.1500244140625, 10%=-1297.199951171875, 25%=-1264.0, 50%=-1217.0, 75%=-1175.25, 90%=-1140.699951171875, 95%=-1130.9000244140625, 98%=-1112.9200439453125
ranking_best_algo: SVMMetaModelLogNormal
ranking_best_score: 1233.7999999999997
ranking_my_rank: 40/504 (92.3%)
ranking_my_percent: 92.26190476190476
