ConfigName: krbf__advnormalizedfitness__M4__L10__eps0p015__g0p01__ds0p3__dm0p3
Problem: QUBO
Kernel: rbf
Advantage: normalizedfitness
M: 4
lambda: 10
epsilon_svgd: 0.015
gamma: 0.01
decay_start_ratio: 0.3
decay_min_factor: 0.3
bandwith_kernel: None
no_interact: False
avg_score: -1328.719970703125
median_score: -1295.0
std_score: 151.36459350585938
percentiles: 2%=-1626.3399658203125, 5%=-1585.199951171875, 10%=-1536.5, 25%=-1443.5, 50%=-1295.0, 75%=-1225.25, 90%=-1150.4000244140625, 95%=-1103.4000244140625, 98%=-1058.619873046875
ranking_best_algo: DiscreteLengler2OnePlusOne
ranking_best_score: 2617.04
ranking_my_rank: 371/504 (26.6%)
ranking_my_percent: 26.58730158730159
