ConfigName: kjsd__advperagentrankweighted__M3__L16__eps0p005__g0p003__ds0p1__dm0p2
Problem: QUBO
Kernel: jsd
Advantage: peragentrankweighted
M: 3
lambda: 16
epsilon_svgd: 0.005
gamma: 0.003
decay_start_ratio: 0.1
decay_min_factor: 0.2
bandwith_kernel: None
no_interact: False
avg_score: -2690.820068359375
median_score: -2699.5
std_score: 227.05789184570312
percentiles: 2%=-3069.97998046875, 5%=-3028.800048828125, 10%=-2987.10009765625, 25%=-2870.0, 50%=-2699.5, 75%=-2525.0, 90%=-2369.39990234375, 95%=-2343.800048828125, 98%=-2298.1201171875
ranking_best_algo: RLSOnePlusOne
ranking_best_score: 3316.5199999999995
ranking_my_rank: 193/504 (61.9%)
ranking_my_percent: 61.904761904761905
