ConfigName: krbf__advnormalizedfitness__M4__L8__eps0p033__g0p015__ds0p3__dm0p01
Problem: NK
Kernel: rbf
Advantage: normalizedfitness
M: 4
lambda: 8
epsilon_svgd: 0.033
gamma: 0.015
decay_start_ratio: 0.3
decay_min_factor: 0.01
bandwith_kernel: None
no_interact: False
avg_score: 0.6686829328536987
median_score: 0.6683357954025269
std_score: 0.018887629732489586
percentiles: 2%=0.6356212496757507, 5%=0.6386778354644775, 10%=0.6456918716430664, 25%=0.6558406352996826, 50%=0.6683357954025269, 75%=0.6793612837791443, 90%=0.6956117153167725, 95%=0.7014384865760803, 98%=0.7063524723052979
ranking_best_algo: Tabu
ranking_best_score: 0.7429702712499999
ranking_my_rank: 311/504 (38.5%)
ranking_my_percent: 38.492063492063494
