ConfigName: krbf__advnormalizedfitness__M1__L10__eps0p015__g0p015__ds0p15__dm0p01
Problem: QUBO
Kernel: rbf
Advantage: normalizedfitness
M: 1
lambda: 10
epsilon_svgd: 0.015
gamma: 0.015
decay_start_ratio: 0.15
decay_min_factor: 0.01
bandwith_kernel: None
no_interact: False
avg_score: -431.1199951171875
median_score: -426.5
std_score: 26.877975463867188
percentiles: 2%=-485.0400085449219, 5%=-475.1000061035156, 10%=-466.29998779296875, 25%=-451.25, 50%=-426.5, 75%=-410.75, 90%=-399.79998779296875, 95%=-393.95001220703125, 98%=-389.659912109375
ranking_best_algo: CMApara
ranking_best_score: 453.82
ranking_my_rank: 85/504 (83.3%)
ranking_my_percent: 83.33333333333333
