ConfigName: kfr__advglobalrankweighted__M5__L11__eps0p015__g0p007__ds0p01__dm0p01
Problem: QUBO
Kernel: fr
Advantage: globalrankweighted
M: 5
lambda: 11
epsilon_svgd: 0.015
gamma: 0.007
decay_start_ratio: 0.01
decay_min_factor: 0.01
bandwith_kernel: None
no_interact: False
avg_score: -310.2799987792969
median_score: -309.0
std_score: 39.01386642456055
percentiles: 2%=-396.0, 5%=-386.1000061035156, 10%=-360.0, 25%=-333.0, 50%=-309.0, 75%=-275.5, 90%=-265.8999938964844, 95%=-262.7500305175781, 98%=-255.8999786376953
ranking_best_algo: CMApara
ranking_best_score: 319.29999999999995
ranking_my_rank: 62/504 (87.9%)
ranking_my_percent: 87.89682539682539
