ConfigName: krbf__advnormalizedfitness__M3__L12__eps0p033__g0p005__ds0p3__dm0p01
Problem: QUBO
Kernel: rbf
Advantage: normalizedfitness
M: 3
lambda: 12
epsilon_svgd: 0.033
gamma: 0.005
decay_start_ratio: 0.3
decay_min_factor: 0.01
bandwith_kernel: None
no_interact: False
avg_score: -2609.639892578125
median_score: -2600.0
std_score: 128.62997436523438
percentiles: 2%=-2892.10009765625, 5%=-2844.550048828125, 10%=-2767.300048828125, 25%=-2688.75, 50%=-2600.0, 75%=-2518.5, 90%=-2467.800048828125, 95%=-2424.050048828125, 98%=-2355.679931640625
ranking_best_algo: DiscreteLengler2OnePlusOne
ranking_best_score: 2617.04
ranking_my_rank: 2/504 (99.8%)
ranking_my_percent: 99.8015873015873
