ConfigName: kjsd__advperagentrankweighted__M3__L30__eps0p005__g0p0005__ds0p2__dm0p1
Problem: NK
Kernel: jsd
Advantage: peragentrankweighted
M: 3
lambda: 30
epsilon_svgd: 0.005
gamma: 0.0005
decay_start_ratio: 0.2
decay_min_factor: 0.1
bandwith_kernel: None
no_interact: False
avg_score: 0.738040566444397
median_score: 0.7393780946731567
std_score: 0.008844125084578991
percentiles: 2%=0.7194177508354187, 5%=0.723180890083313, 10%=0.7250111103057861, 25%=0.7341930270195007, 50%=0.7393780946731567, 75%=0.7446723580360413, 90%=0.7474527955055237, 95%=0.7513510584831238, 98%=0.7544369101524353
ranking_best_algo: PBIL
ranking_best_score: 0.730509098125
ranking_my_rank: 1/504 (100.0%)
ranking_my_percent: 100.0
