ConfigName: kjsd__advperagentrankweighted__M5__L8__eps0p02__g0p0007__ds0p05__dm0p05
Problem: QUBO
Kernel: jsd
Advantage: peragentrankweighted
M: 5
lambda: 8
epsilon_svgd: 0.02
gamma: 0.0007
decay_start_ratio: 0.05
decay_min_factor: 0.05
bandwith_kernel: None
no_interact: False
avg_score: -1181.219970703125
median_score: -1173.0
std_score: 55.618804931640625
percentiles: 2%=-1315.239990234375, 5%=-1274.199951171875, 10%=-1255.5999755859375, 25%=-1212.25, 50%=-1173.0, 75%=-1143.75, 90%=-1122.4000244140625, 95%=-1100.75, 98%=-1090.97998046875
ranking_best_algo: Tabu
ranking_best_score: 1216.16
ranking_my_rank: 66/504 (87.1%)
ranking_my_percent: 87.10317460317461
