ConfigName: kjsd__advperagentrankweighted__M4__L28__eps0p005__g0p0005__ds0p05__dm0p05
Problem: QUBO
Kernel: jsd
Advantage: peragentrankweighted
M: 4
lambda: 28
epsilon_svgd: 0.005
gamma: 0.0005
decay_start_ratio: 0.05
decay_min_factor: 0.05
bandwith_kernel: None
no_interact: False
avg_score: -1602.02001953125
median_score: -1597.5
std_score: 74.8765640258789
percentiles: 2%=-1747.5799560546875, 5%=-1721.3499755859375, 10%=-1703.0, 25%=-1646.75, 50%=-1597.5, 75%=-1544.5, 90%=-1514.800048828125, 95%=-1482.8499755859375, 98%=-1468.9599609375
ranking_best_algo: NLOPT_LN_PRAXIS
ranking_best_score: 1607.12
ranking_my_rank: 11/504 (98.0%)
ranking_my_percent: 98.01587301587301
