ConfigName: kjsd__advperagentrankweighted__M3__L20__eps0p007__g0p0007__ds0p1__dm0p1
Problem: QUBO
Kernel: jsd
Advantage: peragentrankweighted
M: 3
lambda: 20
epsilon_svgd: 0.007
gamma: 0.0007
decay_start_ratio: 0.1
decay_min_factor: 0.1
bandwith_kernel: None
no_interact: False
avg_score: -577.1599731445312
median_score: -578.0
std_score: 30.34821891784668
percentiles: 2%=-633.02001953125, 5%=-629.0999755859375, 10%=-617.2999877929688, 25%=-598.75, 50%=-578.0, 75%=-557.75, 90%=-537.9000244140625, 95%=-525.9000244140625, 98%=-512.9400024414062
ranking_best_algo: Tabu
ranking_best_score: 588.7199999999999
ranking_my_rank: 47/503 (90.9%)
ranking_my_percent: 90.85487077534792
