ConfigName: kjsd__advperagentrankweighted__M4__L12__eps0p01__g0p0003__ds0p05__dm0p05
Problem: QUBO
Kernel: jsd
Advantage: peragentrankweighted
M: 4
lambda: 12
epsilon_svgd: 0.01
gamma: 0.0003
decay_start_ratio: 0.05
decay_min_factor: 0.05
bandwith_kernel: None
no_interact: False
avg_score: -412.0400085449219
median_score: -410.0
std_score: 28.267974853515625
percentiles: 2%=-475.0, 5%=-455.70001220703125, 10%=-450.20001220703125, 25%=-430.5, 50%=-410.0, 75%=-388.75, 90%=-377.79998779296875, 95%=-371.79998779296875, 98%=-361.9599914550781
ranking_best_algo: Tabu
ranking_best_score: 438.12
ranking_my_rank: 72/504 (85.9%)
ranking_my_percent: 85.91269841269842
