ConfigName: kjsd__advperagentrankweighted__M4__L8__eps0p02__g0p0007__ds0p2__dm0p05
Problem: QUBO
Kernel: jsd
Advantage: peragentrankweighted
M: 4
lambda: 8
epsilon_svgd: 0.02
gamma: 0.0007
decay_start_ratio: 0.2
decay_min_factor: 0.05
bandwith_kernel: None
no_interact: False
avg_score: -325.79998779296875
median_score: -333.0
std_score: 22.67421531677246
percentiles: 2%=-372.0, 5%=-354.0, 10%=-350.0, 25%=-341.0, 50%=-333.0, 75%=-313.5, 90%=-290.0, 95%=-283.8999938964844, 98%=-273.9599914550781
ranking_best_algo: CMApara
ranking_best_score: 344.22
ranking_my_rank: 116/504 (77.2%)
ranking_my_percent: 77.18253968253968
