ConfigName: krbf__advnormalizedfitness__M4__L8__eps0p02__g0p01__ds0p15__dm0p05
Problem: QUBO
Kernel: rbf
Advantage: normalizedfitness
M: 4
lambda: 8
epsilon_svgd: 0.02
gamma: 0.01
decay_start_ratio: 0.15
decay_min_factor: 0.05
bandwith_kernel: None
no_interact: False
avg_score: -2201.52001953125
median_score: -2181.0
std_score: 170.66297912597656
percentiles: 2%=-2529.06005859375, 5%=-2474.0, 10%=-2438.0, 25%=-2333.5, 50%=-2181.0, 75%=-2078.75, 90%=-1981.800048828125, 95%=-1939.3499755859375, 98%=-1917.780029296875
ranking_best_algo: SVM1MetaModelLogNormal
ranking_best_score: 2605.14
ranking_my_rank: 188/504 (62.9%)
ranking_my_percent: 62.8968253968254
