ConfigName: kfr__advglobalrankweighted__M1__L8__eps0p02__g0p007__ds0p01__dm0p01
Problem: QUBO
Kernel: fr
Advantage: globalrankweighted
M: 1
lambda: 8
epsilon_svgd: 0.02
gamma: 0.007
decay_start_ratio: 0.01
decay_min_factor: 0.01
bandwith_kernel: None
no_interact: False
avg_score: -290.1600036621094
median_score: -284.5
std_score: 38.29692459106445
percentiles: 2%=-380.0799865722656, 5%=-364.6000061035156, 10%=-344.6000061035156, 25%=-314.5, 50%=-284.5, 75%=-262.0, 90%=-248.0, 95%=-244.95001220703125, 98%=-239.7399444580078
ranking_best_algo: CMApara
ranking_best_score: 319.29999999999995
ranking_my_rank: 297/504 (41.3%)
ranking_my_percent: 41.26984126984127
