ConfigName: kjsd__advperagentrankweighted__M5__L24__eps0p007__g0p0005__ds0p05__dm0p05
Problem: QUBO
Kernel: jsd
Advantage: peragentrankweighted
M: 5
lambda: 24
epsilon_svgd: 0.007
gamma: 0.0005
decay_start_ratio: 0.05
decay_min_factor: 0.05
bandwith_kernel: None
no_interact: False
avg_score: -2610.840087890625
median_score: -2608.0
std_score: 140.5089874267578
percentiles: 2%=-2897.080078125, 5%=-2871.25, 10%=-2788.5, 25%=-2695.0, 50%=-2608.0, 75%=-2530.25, 90%=-2413.800048828125, 95%=-2391.300048828125, 98%=-2335.639892578125
ranking_best_algo: DiscreteLengler2OnePlusOne
ranking_best_score: 2617.04
ranking_my_rank: 2/504 (99.8%)
ranking_my_percent: 99.8015873015873
