ConfigName: krbf__advnormalizedfitness__M3__L10__eps0p033__g0p01__ds0p15__dm0p3
Problem: NK
Kernel: rbf
Advantage: normalizedfitness
M: 3
lambda: 10
epsilon_svgd: 0.033
gamma: 0.01
decay_start_ratio: 0.15
decay_min_factor: 0.3
bandwith_kernel: None
no_interact: False
avg_score: 0.7333346605300903
median_score: 0.7346458435058594
std_score: 0.009571290574967861
percentiles: 2%=0.7095663547515869, 5%=0.7168347239494324, 10%=0.7189189195632935, 25%=0.7278600931167603, 50%=0.7346458435058594, 75%=0.7395358085632324, 90%=0.7448135018348694, 95%=0.7465301752090454, 98%=0.7488473653793335
ranking_best_algo: PBIL
ranking_best_score: 0.7248786399609374
ranking_my_rank: 1/504 (100.0%)
ranking_my_percent: 100.0
