ConfigName: kjsd__advperagentrankweighted__M3__L24__eps0p005__g0p0005__ds0p1__dm0p1
Problem: QUBO
Kernel: jsd
Advantage: peragentrankweighted
M: 3
lambda: 24
epsilon_svgd: 0.005
gamma: 0.0005
decay_start_ratio: 0.1
decay_min_factor: 0.1
bandwith_kernel: None
no_interact: False
avg_score: -1624.4599609375
median_score: -1617.0
std_score: 66.4584732055664
percentiles: 2%=-1758.0400390625, 5%=-1755.0999755859375, 10%=-1714.300048828125, 25%=-1667.0, 50%=-1617.0, 75%=-1580.5, 90%=-1537.9000244140625, 95%=-1531.0, 98%=-1510.719970703125
ranking_best_algo: NLOPT_LN_PRAXIS
ranking_best_score: 1607.12
ranking_my_rank: 1/504 (100.0%)
ranking_my_percent: 100.0
