ConfigName: krbf__advnormalizedfitness__M3__L15__eps0p015__g0p015__ds0p15__dm0p3
Problem: QUBO
Kernel: rbf
Advantage: normalizedfitness
M: 3
lambda: 15
epsilon_svgd: 0.015
gamma: 0.015
decay_start_ratio: 0.15
decay_min_factor: 0.3
bandwith_kernel: None
no_interact: False
avg_score: -568.8200073242188
median_score: -562.0
std_score: 72.98128509521484
percentiles: 2%=-760.5399780273438, 5%=-713.3499755859375, 10%=-659.5999755859375, 25%=-606.0, 50%=-562.0, 75%=-514.0, 90%=-479.8999938964844, 95%=-474.95001220703125, 98%=-469.91998291015625
ranking_best_algo: CMAL3
ranking_best_score: 928.5800000000002
ranking_my_rank: 377/504 (25.4%)
ranking_my_percent: 25.396825396825395
