ConfigName: kfr__advglobalrankweighted__M6__L9__eps0p01__g0p003__ds0p01__dm0p01
Problem: QUBO
Kernel: fr
Advantage: globalrankweighted
M: 6
lambda: 9
epsilon_svgd: 0.01
gamma: 0.003
decay_start_ratio: 0.01
decay_min_factor: 0.01
bandwith_kernel: None
no_interact: False
avg_score: -881.219970703125
median_score: -885.0
std_score: 69.48101043701172
percentiles: 2%=-1020.219970703125, 5%=-1014.0, 10%=-973.0, 25%=-927.25, 50%=-885.0, 75%=-831.5, 90%=-789.7999877929688, 95%=-763.9500122070312, 98%=-757.7799682617188
ranking_best_algo: CMAL3
ranking_best_score: 928.5800000000002
ranking_my_rank: 118/504 (76.8%)
ranking_my_percent: 76.78571428571429
