ConfigName: kjsd__advperagentrankweighted__M3__L18__eps0p007__g0p003__ds0p1__dm0p1
Problem: QUBO
Kernel: jsd
Advantage: peragentrankweighted
M: 3
lambda: 18
epsilon_svgd: 0.007
gamma: 0.003
decay_start_ratio: 0.1
decay_min_factor: 0.1
bandwith_kernel: None
no_interact: False
avg_score: -3049.0400390625
median_score: -3063.5
std_score: 153.9959716796875
percentiles: 2%=-3355.320068359375, 5%=-3300.39990234375, 10%=-3230.800048828125, 25%=-3136.0, 50%=-3063.5, 75%=-2969.25, 90%=-2837.800048828125, 95%=-2783.85009765625, 98%=-2756.06005859375
ranking_best_algo: RLSOnePlusOne
ranking_best_score: 3316.5199999999995
ranking_my_rank: 92/504 (81.9%)
ranking_my_percent: 81.94444444444444
