ConfigName: krbf__advnormalizedfitness__M3__L8__eps0p025__g0p01__ds0p01__dm0p01
Problem: NK
Kernel: rbf
Advantage: normalizedfitness
M: 3
lambda: 8
epsilon_svgd: 0.025
gamma: 0.01
decay_start_ratio: 0.01
decay_min_factor: 0.01
bandwith_kernel: None
no_interact: False
avg_score: 0.7463908195495605
median_score: 0.7467460632324219
std_score: 0.010560994036495686
percentiles: 2%=0.7256609201431274, 5%=0.727178692817688, 10%=0.7307586073875427, 25%=0.7397481203079224, 50%=0.7467460632324219, 75%=0.7533061504364014, 90%=0.7602011561393738, 95%=0.7624129056930542, 98%=0.7632883191108704
ranking_best_algo: PBIL
ranking_best_score: 0.733570253046875
ranking_my_rank: 1/504 (100.0%)
ranking_my_percent: 100.0
