ConfigName: kjsd__advperagentrankweighted__M4__L24__eps0p01__g0p0003__ds0p05__dm0p05
Problem: QUBO
Kernel: jsd
Advantage: peragentrankweighted
M: 4
lambda: 24
epsilon_svgd: 0.01
gamma: 0.0003
decay_start_ratio: 0.05
decay_min_factor: 0.05
bandwith_kernel: None
no_interact: False
avg_score: -3300.719970703125
median_score: -3301.5
std_score: 114.37552642822266
percentiles: 2%=-3512.320068359375, 5%=-3495.0, 10%=-3428.0, 25%=-3380.5, 50%=-3301.5, 75%=-3227.25, 90%=-3173.699951171875, 95%=-3127.199951171875, 98%=-3058.97998046875
ranking_best_algo: RLSOnePlusOne
ranking_best_score: 3316.5199999999995
ranking_my_rank: 3/504 (99.6%)
ranking_my_percent: 99.60317460317461
