ConfigName: krbf__advnormalizedfitness__M1__L8__eps0p033__g0p015__ds0p01__dm0p3
Problem: QUBO
Kernel: rbf
Advantage: normalizedfitness
M: 1
lambda: 8
epsilon_svgd: 0.033
gamma: 0.015
decay_start_ratio: 0.01
decay_min_factor: 0.3
bandwith_kernel: None
no_interact: False
avg_score: -2549.47998046875
median_score: -2548.5
std_score: 133.45489501953125
percentiles: 2%=-2803.1201171875, 5%=-2767.39990234375, 10%=-2728.39990234375, 25%=-2647.25, 50%=-2548.5, 75%=-2455.0, 90%=-2368.89990234375, 95%=-2311.449951171875, 98%=-2280.820068359375
ranking_best_algo: SVM1MetaModelLogNormal
ranking_best_score: 2605.14
ranking_my_rank: 41/504 (92.1%)
ranking_my_percent: 92.06349206349206
