ConfigName: kjsd__advperagentrankweighted__M4__L24__eps0p01__g0p0007__ds0p2__dm0p05
Problem: QUBO
Kernel: jsd
Advantage: peragentrankweighted
M: 4
lambda: 24
epsilon_svgd: 0.01
gamma: 0.0007
decay_start_ratio: 0.2
decay_min_factor: 0.05
bandwith_kernel: None
no_interact: False
avg_score: -1294.8399658203125
median_score: -1289.5
std_score: 54.22761535644531
percentiles: 2%=-1419.1800537109375, 5%=-1390.050048828125, 10%=-1369.800048828125, 25%=-1325.5, 50%=-1289.5, 75%=-1265.25, 90%=-1228.800048828125, 95%=-1220.5999755859375, 98%=-1196.3399658203125
ranking_best_algo: BigLognormalDiscreteOnePlusOne
ranking_best_score: 1301.3600000000004
ranking_my_rank: 2/504 (99.8%)
ranking_my_percent: 99.8015873015873
