ConfigName: krbf__advnormalizedfitness__M2__L8__eps0p025__g0p015__ds0p15__dm0p3
Problem: QUBO
Kernel: rbf
Advantage: normalizedfitness
M: 2
lambda: 8
epsilon_svgd: 0.025
gamma: 0.015
decay_start_ratio: 0.15
decay_min_factor: 0.3
bandwith_kernel: None
no_interact: False
avg_score: -923.9000244140625
median_score: -920.0
std_score: 64.48821258544922
percentiles: 2%=-1063.0999755859375, 5%=-1027.1500244140625, 10%=-1018.0999755859375, 25%=-967.5, 50%=-920.0, 75%=-876.5, 90%=-849.9000244140625, 95%=-824.5999755859375, 98%=-796.52001953125
ranking_best_algo: CMApara
ranking_best_score: 964.9
ranking_my_rank: 22/504 (95.8%)
ranking_my_percent: 95.83333333333333
