ConfigName: krbf__advnormalizedfitness__M1__L8__eps0p033__g0p005__ds0p15__dm0p3
Problem: QUBO
Kernel: rbf
Advantage: normalizedfitness
M: 1
lambda: 8
epsilon_svgd: 0.033
gamma: 0.005
decay_start_ratio: 0.15
decay_min_factor: 0.3
bandwith_kernel: None
no_interact: False
avg_score: -407.1600036621094
median_score: -411.5
std_score: 36.25320053100586
percentiles: 2%=-468.0199890136719, 5%=-459.0, 10%=-454.20001220703125, 25%=-429.0, 50%=-411.5, 75%=-388.75, 90%=-366.8999938964844, 95%=-348.95001220703125, 98%=-315.659912109375
ranking_best_algo: CMApara
ranking_best_score: 453.82
ranking_my_rank: 247/504 (51.2%)
ranking_my_percent: 51.19047619047619
