ConfigName: kjsd__advperagentrankweighted__M3__L20__eps0p007__g0p0007__ds0p2__dm0p2
Problem: NK
Kernel: jsd
Advantage: peragentrankweighted
M: 3
lambda: 20
epsilon_svgd: 0.007
gamma: 0.0007
decay_start_ratio: 0.2
decay_min_factor: 0.2
bandwith_kernel: None
no_interact: False
avg_score: 0.7405843138694763
median_score: 0.7395123243331909
std_score: 0.012270224280655384
percentiles: 2%=0.7145557999610901, 5%=0.7187750935554504, 10%=0.7256847620010376, 25%=0.7326756715774536, 50%=0.7395123243331909, 75%=0.7486882209777832, 90%=0.7565329670906067, 95%=0.76198810338974, 98%=0.7651323080062866
ranking_best_algo: Tabu
ranking_best_score: 0.7601875690625
ranking_my_rank: 12/504 (97.8%)
ranking_my_percent: 97.81746031746032
