ConfigName: krbf__advnormalizedfitness__M3__L8__eps0p015__g0p007__ds0p01__dm0p3
Problem: QUBO
Kernel: rbf
Advantage: normalizedfitness
M: 3
lambda: 8
epsilon_svgd: 0.015
gamma: 0.007
decay_start_ratio: 0.01
decay_min_factor: 0.3
bandwith_kernel: None
no_interact: False
avg_score: -1250.6600341796875
median_score: -1259.0
std_score: 69.65819549560547
percentiles: 2%=-1385.0, 5%=-1366.1500244140625, 10%=-1342.699951171875, 25%=-1302.0, 50%=-1259.0, 75%=-1195.0, 90%=-1167.9000244140625, 95%=-1144.300048828125, 98%=-1120.35986328125
ranking_best_algo: BigLognormalDiscreteOnePlusOne
ranking_best_score: 1301.3600000000004
ranking_my_rank: 56/504 (89.1%)
ranking_my_percent: 89.08730158730158
