ConfigName: kfr__advglobalrankweighted__M4__L5__eps0p03__g0p005__ds0p01__dm0p01
Problem: QUBO
Kernel: fr
Advantage: globalrankweighted
M: 4
lambda: 5
epsilon_svgd: 0.03
gamma: 0.005
decay_start_ratio: 0.01
decay_min_factor: 0.01
bandwith_kernel: None
no_interact: False
avg_score: -148.6199951171875
median_score: -147.0
std_score: 13.342247009277344
percentiles: 2%=-179.0, 5%=-179.0, 10%=-164.0, 25%=-155.0, 50%=-147.0, 75%=-141.0, 90%=-134.89999389648438, 95%=-127.0, 98%=-121.9800033569336
ranking_best_algo: CMApara
ranking_best_score: 154.28
ranking_my_rank: 83/504 (83.7%)
ranking_my_percent: 83.73015873015873
