ConfigName: kfr__advglobalrankweighted__M1__L7__eps0p01__g0p003__ds0p01__dm0p01
Problem: QUBO
Kernel: fr
Advantage: globalrankweighted
M: 1
lambda: 7
epsilon_svgd: 0.01
gamma: 0.003
decay_start_ratio: 0.01
decay_min_factor: 0.01
bandwith_kernel: None
no_interact: False
avg_score: -1544.780029296875
median_score: -1540.0
std_score: 66.8006820678711
percentiles: 2%=-1708.280029296875, 5%=-1655.0999755859375, 10%=-1629.5999755859375, 25%=-1591.0, 50%=-1540.0, 75%=-1496.5, 90%=-1466.4000244140625, 95%=-1452.9000244140625, 98%=-1410.7799072265625
ranking_best_algo: NLOPT_LN_PRAXIS
ranking_best_score: 1607.12
ranking_my_rank: 55/504 (89.3%)
ranking_my_percent: 89.28571428571429
