ConfigName: kjsd__advperagentrankweighted__M3__L16__eps0p005__g0p0007__ds0p2__dm0p1
Problem: QUBO
Kernel: jsd
Advantage: peragentrankweighted
M: 3
lambda: 16
epsilon_svgd: 0.005
gamma: 0.0007
decay_start_ratio: 0.2
decay_min_factor: 0.1
bandwith_kernel: None
no_interact: False
avg_score: -425.760009765625
median_score: -428.0
std_score: 31.21445655822754
percentiles: 2%=-481.0400085449219, 5%=-479.0, 10%=-475.0, 25%=-446.75, 50%=-428.0, 75%=-403.0, 90%=-385.70001220703125, 95%=-375.95001220703125, 98%=-360.94000244140625
ranking_best_algo: CMAL3
ranking_best_score: 435.36
ranking_my_rank: 26/504 (95.0%)
ranking_my_percent: 95.03968253968254
