ConfigName: kfr__advglobalrankweighted__M4__L5__eps0p01__g0p003__ds0p01__dm0p01
Problem: QUBO
Kernel: fr
Advantage: globalrankweighted
M: 4
lambda: 5
epsilon_svgd: 0.01
gamma: 0.003
decay_start_ratio: 0.01
decay_min_factor: 0.01
bandwith_kernel: None
no_interact: False
avg_score: -917.3599853515625
median_score: -918.0
std_score: 63.006431579589844
percentiles: 2%=-1036.43994140625, 5%=-1027.25, 10%=-1001.5, 25%=-959.75, 50%=-918.0, 75%=-872.0, 90%=-842.9000244140625, 95%=-808.9000244140625, 98%=-798.9400024414062
ranking_best_algo: CMAL3
ranking_best_score: 928.5800000000002
ranking_my_rank: 14/504 (97.4%)
ranking_my_percent: 97.42063492063492
