ConfigName: kjsd__advperagentrankweighted__M3__L30__eps0p007__g0p0005__ds0p1__dm0p2
Problem: NK
Kernel: jsd
Advantage: peragentrankweighted
M: 3
lambda: 30
epsilon_svgd: 0.007
gamma: 0.0005
decay_start_ratio: 0.1
decay_min_factor: 0.2
bandwith_kernel: None
no_interact: False
avg_score: 0.7362605929374695
median_score: 0.7379615902900696
std_score: 0.009035155177116394
percentiles: 2%=0.7157086133956909, 5%=0.719972550868988, 10%=0.722895085811615, 25%=0.7299318909645081, 50%=0.7379615902900696, 75%=0.7429715394973755, 90%=0.747316300868988, 95%=0.7484788298606873, 98%=0.7496623396873474
ranking_best_algo: PBIL
ranking_best_score: 0.730509098125
ranking_my_rank: 1/504 (100.0%)
ranking_my_percent: 100.0
