ConfigName: kjsd__advperagentrankweighted__M3__L16__eps0p007__g0p0005__ds0p2__dm0p2
Problem: QUBO
Kernel: jsd
Advantage: peragentrankweighted
M: 3
lambda: 16
epsilon_svgd: 0.007
gamma: 0.0005
decay_start_ratio: 0.2
decay_min_factor: 0.2
bandwith_kernel: None
no_interact: False
avg_score: -2590.47998046875
median_score: -2598.5
std_score: 118.47315216064453
percentiles: 2%=-2815.02001953125, 5%=-2801.14990234375, 10%=-2773.10009765625, 25%=-2670.0, 50%=-2598.5, 75%=-2505.75, 90%=-2438.699951171875, 95%=-2409.800048828125, 98%=-2368.0
ranking_best_algo: SVM1MetaModelLogNormal
ranking_best_score: 2605.14
ranking_my_rank: 11/504 (98.0%)
ranking_my_percent: 98.01587301587301
