ConfigName: kjsd__advperagentrankweighted__M10__L12__eps0p005__g0p0005__ds0p05__dm0p05
Problem: NK
Kernel: jsd
Advantage: peragentrankweighted
M: 10
lambda: 12
epsilon_svgd: 0.005
gamma: 0.0005
decay_start_ratio: 0.05
decay_min_factor: 0.05
bandwith_kernel: None
no_interact: False
avg_score: 0.5962223410606384
median_score: 0.5956435203552246
std_score: 0.007344963029026985
percentiles: 2%=0.5851061344146729, 5%=0.5866459608078003, 10%=0.5871678590774536, 25%=0.5909445285797119, 50%=0.5956435203552246, 75%=0.6001930236816406, 90%=0.6047359704971313, 95%=0.6106691360473633, 98%=0.6114489436149597
ranking_best_algo: PBIL
ranking_best_score: 0.7170882103515624
ranking_my_rank: 363/504 (28.2%)
ranking_my_percent: 28.174603174603174
