ConfigName: kfr__advglobalrankweighted__M5__L8__eps0p015__g0p005__ds0p01__dm0p01
Problem: QUBO
Kernel: fr
Advantage: globalrankweighted
M: 5
lambda: 8
epsilon_svgd: 0.015
gamma: 0.005
decay_start_ratio: 0.01
decay_min_factor: 0.01
bandwith_kernel: None
no_interact: False
avg_score: -441.3999938964844
median_score: -446.0
std_score: 28.122589111328125
percentiles: 2%=-492.0, 5%=-483.1000061035156, 10%=-475.0, 25%=-461.75, 50%=-446.0, 75%=-423.0, 90%=-400.8999938964844, 95%=-392.95001220703125, 98%=-386.97998046875
ranking_best_algo: CMApara
ranking_best_score: 453.82
ranking_my_rank: 11/504 (98.0%)
ranking_my_percent: 98.01587301587301
