ConfigName: kjsd__advperagentrankweighted__M4__L12__eps0p005__g0p0005__ds0p1__dm0p05
Problem: QUBO
Kernel: jsd
Advantage: peragentrankweighted
M: 4
lambda: 12
epsilon_svgd: 0.005
gamma: 0.0005
decay_start_ratio: 0.1
decay_min_factor: 0.05
bandwith_kernel: None
no_interact: False
avg_score: -309.3399963378906
median_score: -306.0
std_score: 39.78749084472656
percentiles: 2%=-398.0, 5%=-394.1000061035156, 10%=-359.20001220703125, 25%=-335.0, 50%=-306.0, 75%=-273.75, 90%=-265.79998779296875, 95%=-259.8999938964844, 98%=-250.83999633789062
ranking_best_algo: CMApara
ranking_best_score: 319.29999999999995
ranking_my_rank: 80/504 (84.3%)
ranking_my_percent: 84.32539682539682
