ConfigName: kjsd__advperagentrankweighted__M6__L24__eps0p008__g0p0005__ds0p05__dm0p05
Problem: QUBO
Kernel: jsd
Advantage: peragentrankweighted
M: 6
lambda: 24
epsilon_svgd: 0.008
gamma: 0.0005
decay_start_ratio: 0.05
decay_min_factor: 0.05
bandwith_kernel: None
no_interact: False
avg_score: -1205.780029296875
median_score: -1209.5
std_score: 68.28419494628906
percentiles: 2%=-1335.6600341796875, 5%=-1317.4000244140625, 10%=-1293.0, 25%=-1257.5, 50%=-1209.5, 75%=-1156.25, 90%=-1113.0, 95%=-1102.75, 98%=-1088.5
ranking_best_algo: SVMMetaModelLogNormal
ranking_best_score: 1233.7999999999997
ranking_my_rank: 50/504 (90.3%)
ranking_my_percent: 90.27777777777777
