ConfigName: kjsd__advperagentrankweighted__M3__L16__eps0p007__g0p0005__ds0p1__dm0p1
Problem: QUBO
Kernel: jsd
Advantage: peragentrankweighted
M: 3
lambda: 16
epsilon_svgd: 0.007
gamma: 0.0005
decay_start_ratio: 0.1
decay_min_factor: 0.1
bandwith_kernel: None
no_interact: False
avg_score: -1626.8599853515625
median_score: -1621.0
std_score: 61.99677658081055
percentiles: 2%=-1751.0799560546875, 5%=-1725.8499755859375, 10%=-1710.199951171875, 25%=-1673.5, 50%=-1621.0, 75%=-1585.0, 90%=-1554.800048828125, 95%=-1534.0, 98%=-1505.0
ranking_best_algo: NLOPT_LN_PRAXIS
ranking_best_score: 1607.12
ranking_my_rank: 1/504 (100.0%)
ranking_my_percent: 100.0
