ConfigName: krbf__advnormalizedfitness__M3__L15__eps0p033__g0p015__ds0p15__dm0p01
Problem: NK
Kernel: rbf
Advantage: normalizedfitness
M: 3
lambda: 15
epsilon_svgd: 0.033
gamma: 0.015
decay_start_ratio: 0.15
decay_min_factor: 0.01
bandwith_kernel: None
no_interact: False
avg_score: 0.7108448147773743
median_score: 0.7119041681289673
std_score: 0.015469593927264214
percentiles: 2%=0.6715690493583679, 5%=0.6721895933151245, 10%=0.6971905827522278, 25%=0.707652747631073, 50%=0.7119041681289673, 75%=0.7204738855361938, 90%=0.7254423499107361, 95%=0.732799768447876, 98%=0.7340185046195984
ranking_best_algo: CMApara
ranking_best_score: 0.707475975
ranking_my_rank: 1/504 (100.0%)
ranking_my_percent: 100.0
