ConfigName: krbf__advnormalizedfitness__M3__L15__eps0p033__g0p01__ds0p15__dm0p01
Problem: QUBO
Kernel: rbf
Advantage: normalizedfitness
M: 3
lambda: 15
epsilon_svgd: 0.033
gamma: 0.01
decay_start_ratio: 0.15
decay_min_factor: 0.01
bandwith_kernel: None
no_interact: False
avg_score: -3128.139892578125
median_score: -3149.5
std_score: 173.96624755859375
percentiles: 2%=-3412.9599609375, 5%=-3392.39990234375, 10%=-3345.10009765625, 25%=-3272.25, 50%=-3149.5, 75%=-2986.75, 90%=-2875.300048828125, 95%=-2852.35009765625, 98%=-2783.999755859375
ranking_best_algo: RLSOnePlusOne
ranking_best_score: 3316.5199999999995
ranking_my_rank: 77/504 (84.9%)
ranking_my_percent: 84.92063492063492
