ConfigName: kjsd__advperagentrankweighted__M3__L20__eps0p005__g0p0005__ds0p05__dm0p1
Problem: QUBO
Kernel: jsd
Advantage: peragentrankweighted
M: 3
lambda: 20
epsilon_svgd: 0.005
gamma: 0.0005
decay_start_ratio: 0.05
decay_min_factor: 0.1
bandwith_kernel: None
no_interact: False
avg_score: -148.6999969482422
median_score: -146.0
std_score: 13.608451843261719
percentiles: 2%=-179.0, 5%=-179.0, 10%=-164.0, 25%=-155.25, 50%=-146.0, 75%=-141.0, 90%=-134.89999389648438, 95%=-130.5500030517578, 98%=-118.86000061035156
ranking_best_algo: CMApara
ranking_best_score: 154.28
ranking_my_rank: 83/504 (83.7%)
ranking_my_percent: 83.73015873015873
