ConfigName: krbf__advnormalizedfitness__M4__L12__eps0p015__g0p01__ds0p3__dm0p3
Problem: QUBO
Kernel: rbf
Advantage: normalizedfitness
M: 4
lambda: 12
epsilon_svgd: 0.015
gamma: 0.01
decay_start_ratio: 0.3
decay_min_factor: 0.3
bandwith_kernel: None
no_interact: False
avg_score: -1123.239990234375
median_score: -1111.0
std_score: 140.08763122558594
percentiles: 2%=-1472.5, 5%=-1344.949951171875, 10%=-1306.699951171875, 25%=-1213.0, 50%=-1111.0, 75%=-1013.75, 90%=-955.4000244140625, 95%=-927.800048828125, 98%=-903.9400024414062
ranking_best_algo: SVM1MetaModelLogNormal
ranking_best_score: 2605.14
ranking_my_rank: 388/504 (23.2%)
ranking_my_percent: 23.214285714285715
