ConfigName: kjsd__advperagentrankweighted__M8__L10__eps0p005__g0p0005__ds0p3__dm0p05
Problem: NK
Kernel: jsd
Advantage: peragentrankweighted
M: 8
lambda: 10
epsilon_svgd: 0.005
gamma: 0.0005
decay_start_ratio: 0.3
decay_min_factor: 0.05
bandwith_kernel: None
no_interact: False
avg_score: 0.756690502166748
median_score: 0.7578198909759521
std_score: 0.013037288561463356
percentiles: 2%=0.7324502468109131, 5%=0.7361405491828918, 10%=0.7378438711166382, 25%=0.7458168268203735, 50%=0.7578198909759521, 75%=0.7666001319885254, 90%=0.771950900554657, 95%=0.7774795889854431, 98%=0.7815656661987305
ranking_best_algo: Tabu
ranking_best_score: 0.7657846284375001
ranking_my_rank: 2/504 (99.8%)
ranking_my_percent: 99.8015873015873
