ConfigName: krbf__advnormalizedfitness__M3__L10__eps0p015__g0p01__ds0p3__dm0p3
Problem: QUBO
Kernel: rbf
Advantage: normalizedfitness
M: 3
lambda: 10
epsilon_svgd: 0.015
gamma: 0.01
decay_start_ratio: 0.3
decay_min_factor: 0.3
bandwith_kernel: None
no_interact: False
avg_score: -502.6600036621094
median_score: -511.0
std_score: 46.65452194213867
percentiles: 2%=-587.0, 5%=-577.0999755859375, 10%=-556.7000122070312, 25%=-533.5, 50%=-511.0, 75%=-466.75, 90%=-440.8999938964844, 95%=-431.95001220703125, 98%=-410.8199462890625
ranking_best_algo: Tabu
ranking_best_score: 588.7199999999999
ranking_my_rank: 259/503 (48.7%)
ranking_my_percent: 48.70775347912525
