ConfigName: krbf__advnormalizedfitness__M5__L10__eps0p03__g0p01__ds0p05__dm0p05
Problem: NK
Kernel: rbf
Advantage: normalizedfitness
M: 5
lambda: 10
epsilon_svgd: 0.03
gamma: 0.01
decay_start_ratio: 0.05
decay_min_factor: 0.05
bandwith_kernel: None
no_interact: False
avg_score: 0.7045825123786926
median_score: 0.7030332088470459
std_score: 0.02431960590183735
percentiles: 2%=0.6617922782897949, 5%=0.6669131517410278, 10%=0.6724926829338074, 25%=0.6873965263366699, 50%=0.7030332088470459, 75%=0.7241887450218201, 90%=0.7380395531654358, 95%=0.7430068850517273, 98%=0.7522820234298706
ranking_best_algo: Tabu
ranking_best_score: 0.7601875690625
ranking_my_rank: 298/504 (41.1%)
ranking_my_percent: 41.07142857142857
