ConfigName: krbf__advnormalizedfitness__M5__L8__eps0p02__g0p01__ds0p15__dm0p05
Problem: NK
Kernel: rbf
Advantage: normalizedfitness
M: 5
lambda: 8
epsilon_svgd: 0.02
gamma: 0.01
decay_start_ratio: 0.15
decay_min_factor: 0.05
bandwith_kernel: None
no_interact: False
avg_score: 0.5742402076721191
median_score: 0.5733598470687866
std_score: 0.005634262226521969
percentiles: 2%=0.5668358206748962, 5%=0.5674978494644165, 10%=0.5682785511016846, 25%=0.5703660845756531, 50%=0.5733598470687866, 75%=0.5772131681442261, 90%=0.5813379287719727, 95%=0.584568202495575, 98%=0.5899378657341003
ranking_best_algo: PBIL
ranking_best_score: 0.7170882103515624
ranking_my_rank: 389/504 (23.0%)
ranking_my_percent: 23.015873015873016
