ConfigName: kjsd__advperagentrankweighted__M3__L30__eps0p007__g0p0005__ds0p1__dm0p2
Problem: NK
Kernel: jsd
Advantage: peragentrankweighted
M: 3
lambda: 30
epsilon_svgd: 0.007
gamma: 0.0005
decay_start_ratio: 0.1
decay_min_factor: 0.2
bandwith_kernel: None
no_interact: False
avg_score: 0.7486425042152405
median_score: 0.7477710843086243
std_score: 0.00903907511383295
percentiles: 2%=0.7318747043609619, 5%=0.7331222295761108, 10%=0.7365257740020752, 25%=0.744115948677063, 50%=0.7477710843086243, 75%=0.7535673975944519, 90%=0.7592067122459412, 95%=0.7643355131149292, 98%=0.7676762342453003
ranking_best_algo: PBIL
ranking_best_score: 0.733570253046875
ranking_my_rank: 1/504 (100.0%)
ranking_my_percent: 100.0
