ConfigName: krbf__advnormalizedfitness__M2__L10__eps0p015__g0p007__ds0p01__dm0p01
Problem: QUBO
Kernel: rbf
Advantage: normalizedfitness
M: 2
lambda: 10
epsilon_svgd: 0.015
gamma: 0.007
decay_start_ratio: 0.01
decay_min_factor: 0.01
bandwith_kernel: None
no_interact: False
avg_score: -2622.419921875
median_score: -2616.5
std_score: 126.81539916992188
percentiles: 2%=-2854.179931640625, 5%=-2821.10009765625, 10%=-2793.10009765625, 25%=-2719.25, 50%=-2616.5, 75%=-2522.25, 90%=-2469.5, 95%=-2447.39990234375, 98%=-2375.179931640625
ranking_best_algo: DiscreteLengler2OnePlusOne
ranking_best_score: 2617.04
ranking_my_rank: 1/504 (100.0%)
ranking_my_percent: 100.0
