ConfigName: kjsd__advperagentrankweighted__M3__L18__eps0p005__g0p0005__ds0p2__dm0p1
Problem: QUBO
Kernel: jsd
Advantage: peragentrankweighted
M: 3
lambda: 18
epsilon_svgd: 0.005
gamma: 0.0005
decay_start_ratio: 0.2
decay_min_factor: 0.1
bandwith_kernel: None
no_interact: False
avg_score: -928.8800048828125
median_score: -926.0
std_score: 68.49850463867188
percentiles: 2%=-1070.1199951171875, 5%=-1047.5, 10%=-1026.199951171875, 25%=-975.0, 50%=-926.0, 75%=-875.5, 90%=-843.7999877929688, 95%=-830.5999755859375, 98%=-817.780029296875
ranking_best_algo: CMApara
ranking_best_score: 964.9
ranking_my_rank: 21/504 (96.0%)
ranking_my_percent: 96.03174603174604
