ConfigName: kjsd__advperagentrankweighted__M3__L20__eps0p007__g0p0007__ds0p05__dm0p05
Problem: QUBO
Kernel: jsd
Advantage: peragentrankweighted
M: 3
lambda: 20
epsilon_svgd: 0.007
gamma: 0.0007
decay_start_ratio: 0.05
decay_min_factor: 0.05
bandwith_kernel: None
no_interact: False
avg_score: -425.4599914550781
median_score: -424.0
std_score: 25.624759674072266
percentiles: 2%=-475.0, 5%=-471.0, 10%=-458.1000061035156, 25%=-444.0, 50%=-424.0, 75%=-407.0, 90%=-391.0, 95%=-383.0, 98%=-377.8800048828125
ranking_best_algo: CMAL3
ranking_best_score: 435.36
ranking_my_rank: 27/504 (94.8%)
ranking_my_percent: 94.84126984126983
