ConfigName: kjsd__advperagentrankweighted__M3__L20__eps0p01__g0p0005__ds0p1__dm0p05
Problem: QUBO
Kernel: jsd
Advantage: peragentrankweighted
M: 3
lambda: 20
epsilon_svgd: 0.01
gamma: 0.0005
decay_start_ratio: 0.1
decay_min_factor: 0.05
bandwith_kernel: None
no_interact: False
avg_score: -437.0
median_score: -437.0
std_score: 28.35559844970703
percentiles: 2%=-490.1199951171875, 5%=-489.0, 10%=-472.1000061035156, 25%=-460.25, 50%=-437.0, 75%=-413.0, 90%=-402.8999938964844, 95%=-392.8999938964844, 98%=-381.8399963378906
ranking_best_algo: CMApara
ranking_best_score: 453.82
ranking_my_rank: 30/504 (94.2%)
ranking_my_percent: 94.24603174603175
