ConfigName: krbf__advnormalizedfitness__M4__L10__eps0p033__g0p01__ds0p01__dm0p3
Problem: QUBO
Kernel: rbf
Advantage: normalizedfitness
M: 4
lambda: 10
epsilon_svgd: 0.033
gamma: 0.01
decay_start_ratio: 0.01
decay_min_factor: 0.3
bandwith_kernel: None
no_interact: False
avg_score: -201.16000366210938
median_score: -201.0
std_score: 11.482787132263184
percentiles: 2%=-224.0, 5%=-222.10000610351562, 10%=-217.10000610351562, 25%=-207.25, 50%=-201.0, 75%=-191.75, 90%=-186.0, 95%=-185.0, 98%=-180.9399871826172
ranking_best_algo: Tabu
ranking_best_score: 208.36000000000004
ranking_my_rank: 41/504 (92.1%)
ranking_my_percent: 92.06349206349206
