ConfigName: kjsd__advperagentrankweighted__M2__L20__eps0p005__g0p0005__ds0p05__dm0p1
Problem: QUBO
Kernel: jsd
Advantage: peragentrankweighted
M: 2
lambda: 20
epsilon_svgd: 0.005
gamma: 0.0005
decay_start_ratio: 0.05
decay_min_factor: 0.1
bandwith_kernel: None
no_interact: False
avg_score: -2596.47998046875
median_score: -2594.5
std_score: 105.60364532470703
percentiles: 2%=-2790.679931640625, 5%=-2772.550048828125, 10%=-2734.39990234375, 25%=-2666.25, 50%=-2594.5, 75%=-2515.5, 90%=-2466.800048828125, 95%=-2430.0, 98%=-2397.52001953125
ranking_best_algo: SVM1MetaModelLogNormal
ranking_best_score: 2605.14
ranking_my_rank: 10/504 (98.2%)
ranking_my_percent: 98.21428571428571
