ConfigName: kjsd__advperagentrankweighted__M5__L8__eps0p01__g0p0005__ds0p4__dm0p2
Problem: QUBO
Kernel: jsd
Advantage: peragentrankweighted
M: 5
lambda: 8
epsilon_svgd: 0.01
gamma: 0.0005
decay_start_ratio: 0.4
decay_min_factor: 0.2
bandwith_kernel: None
no_interact: False
avg_score: -3252.10009765625
median_score: -3241.5
std_score: 116.305419921875
percentiles: 2%=-3546.760009765625, 5%=-3475.199951171875, 10%=-3364.5, 25%=-3326.25, 50%=-3241.5, 75%=-3180.5, 90%=-3121.300048828125, 95%=-3089.89990234375, 98%=-3073.219970703125
ranking_best_algo: RLSOnePlusOne
ranking_best_score: 3316.5199999999995
ranking_my_rank: 40/504 (92.3%)
ranking_my_percent: 92.26190476190476
