ConfigName: krbf__advnormalizedfitness__M4__L8__eps0p025__g0p005__ds0p3__dm0p01
Problem: NK
Kernel: rbf
Advantage: normalizedfitness
M: 4
lambda: 8
epsilon_svgd: 0.025
gamma: 0.005
decay_start_ratio: 0.3
decay_min_factor: 0.01
bandwith_kernel: None
no_interact: False
avg_score: 0.7331865429878235
median_score: 0.7343980073928833
std_score: 0.009264811873435974
percentiles: 2%=0.713343620300293, 5%=0.7151482105255127, 10%=0.7180202007293701, 25%=0.7281163930892944, 50%=0.7343980073928833, 75%=0.7401673793792725, 90%=0.744562029838562, 95%=0.7456530332565308, 98%=0.7467198371887207
ranking_best_algo: PBIL
ranking_best_score: 0.7248786399609374
ranking_my_rank: 1/504 (100.0%)
ranking_my_percent: 100.0
