ConfigName: kjsd__advperagentrankweighted__M3__L20__eps0p007__g0p003__ds0p2__dm0p1
Problem: QUBO
Kernel: jsd
Advantage: peragentrankweighted
M: 3
lambda: 20
epsilon_svgd: 0.007
gamma: 0.003
decay_start_ratio: 0.2
decay_min_factor: 0.1
bandwith_kernel: None
no_interact: False
avg_score: -331.8999938964844
median_score: -334.0
std_score: 21.094785690307617
percentiles: 2%=-372.0, 5%=-372.0, 10%=-354.29998779296875, 25%=-343.0, 50%=-334.0, 75%=-320.0, 90%=-307.79998779296875, 95%=-290.0, 98%=-279.9200134277344
ranking_best_algo: CMApara
ranking_best_score: 344.22
ranking_my_rank: 76/504 (85.1%)
ranking_my_percent: 85.11904761904762
