ConfigName: kjsd__advperagentrankweighted__M3__L16__eps0p007__g0p003__ds0p1__dm0p2
Problem: QUBO
Kernel: jsd
Advantage: peragentrankweighted
M: 3
lambda: 16
epsilon_svgd: 0.007
gamma: 0.003
decay_start_ratio: 0.1
decay_min_factor: 0.2
bandwith_kernel: None
no_interact: False
avg_score: -330.67999267578125
median_score: -334.0
std_score: 21.511335372924805
percentiles: 2%=-372.0, 5%=-372.0, 10%=-354.1000061035156, 25%=-346.0, 50%=-334.0, 75%=-317.5, 90%=-305.8999938964844, 95%=-289.95001220703125, 98%=-279.9800109863281
ranking_best_algo: CMApara
ranking_best_score: 344.22
ranking_my_rank: 77/504 (84.9%)
ranking_my_percent: 84.92063492063492
