ConfigName: kfr__advglobalrankweighted__M4__L24__eps0p015__g0p003__ds0p01__dm0p01
Problem: QUBO
Kernel: fr
Advantage: globalrankweighted
M: 4
lambda: 24
epsilon_svgd: 0.015
gamma: 0.003
decay_start_ratio: 0.01
decay_min_factor: 0.01
bandwith_kernel: None
no_interact: False
avg_score: -430.4200134277344
median_score: -430.0
std_score: 28.47075080871582
percentiles: 2%=-483.0, 5%=-473.29998779296875, 10%=-473.0, 25%=-449.25, 50%=-430.0, 75%=-415.75, 90%=-389.79998779296875, 95%=-379.9000244140625, 98%=-373.8399658203125
ranking_best_algo: CMAL3
ranking_best_score: 435.36
ranking_my_rank: 8/504 (98.6%)
ranking_my_percent: 98.61111111111111
