ConfigName: krbf__advnormalizedfitness__M4__L8__eps0p015__g0p015__ds0p3__dm0p01
Problem: NK
Kernel: rbf
Advantage: normalizedfitness
M: 4
lambda: 8
epsilon_svgd: 0.015
gamma: 0.015
decay_start_ratio: 0.3
decay_min_factor: 0.01
bandwith_kernel: None
no_interact: False
avg_score: 0.644961416721344
median_score: 0.6436208486557007
std_score: 0.012741194106638432
percentiles: 2%=0.623582661151886, 5%=0.6259111762046814, 10%=0.62873375415802, 25%=0.6350148916244507, 50%=0.6436208486557007, 75%=0.6546594500541687, 90%=0.6597545146942139, 95%=0.6625813245773315, 98%=0.6709579825401306
ranking_best_algo: PBIL
ranking_best_score: 0.733570253046875
ranking_my_rank: 306/504 (39.5%)
ranking_my_percent: 39.48412698412698
