ConfigName: kjsd__advperagentrankweighted__M4__L30__eps0p005__g0p0007__ds0p05__dm0p05
Problem: NK
Kernel: jsd
Advantage: peragentrankweighted
M: 4
lambda: 30
epsilon_svgd: 0.005
gamma: 0.0007
decay_start_ratio: 0.05
decay_min_factor: 0.05
bandwith_kernel: None
no_interact: False
avg_score: 0.7443568706512451
median_score: 0.7423104643821716
std_score: 0.028145771473646164
percentiles: 2%=0.6996983885765076, 5%=0.708454966545105, 10%=0.7105557918548584, 25%=0.7225746512413025, 50%=0.7423104643821716, 75%=0.7580187320709229, 90%=0.7763834595680237, 95%=0.8044298887252808, 98%=0.8080049753189087
ranking_best_algo: CMApara
ranking_best_score: 0.7459277895312499
ranking_my_rank: 5/504 (99.2%)
ranking_my_percent: 99.2063492063492
