ConfigName: kjsd__advperagentrankweighted__M3__L16__eps0p005__g0p003__ds0p05__dm0p1
Problem: QUBO
Kernel: jsd
Advantage: peragentrankweighted
M: 3
lambda: 16
epsilon_svgd: 0.005
gamma: 0.003
decay_start_ratio: 0.05
decay_min_factor: 0.1
bandwith_kernel: None
no_interact: False
avg_score: -330.6000061035156
median_score: -334.0
std_score: 21.30164337158203
percentiles: 2%=-372.0, 5%=-355.1000061035156, 10%=-351.29998779296875, 25%=-346.5, 50%=-334.0, 75%=-318.0, 90%=-299.8999938964844, 95%=-291.70001220703125, 98%=-283.9200134277344
ranking_best_algo: CMApara
ranking_best_score: 344.22
ranking_my_rank: 77/504 (84.9%)
ranking_my_percent: 84.92063492063492
