ConfigName: kfr__advglobalrankweighted__M5__L10__eps0p015__g0p005__ds0p01__dm0p01
Problem: QUBO
Kernel: fr
Advantage: globalrankweighted
M: 5
lambda: 10
epsilon_svgd: 0.015
gamma: 0.005
decay_start_ratio: 0.01
decay_min_factor: 0.01
bandwith_kernel: None
no_interact: False
avg_score: -1128.6800537109375
median_score: -1131.5
std_score: 73.25679016113281
percentiles: 2%=-1280.0400390625, 5%=-1245.0, 10%=-1217.4000244140625, 25%=-1171.5, 50%=-1131.5, 75%=-1082.25, 90%=-1029.0, 95%=-1022.550048828125, 98%=-994.4198608398438
ranking_best_algo: SVMMetaModelLogNormal
ranking_best_score: 1233.7999999999997
ranking_my_rank: 100/504 (80.4%)
ranking_my_percent: 80.35714285714286
