ConfigName: krbf__advnormalizedfitness__M4__L10__eps0p033__g0p015__ds0p15__dm0p01
Problem: QUBO
Kernel: rbf
Advantage: normalizedfitness
M: 4
lambda: 10
epsilon_svgd: 0.033
gamma: 0.015
decay_start_ratio: 0.15
decay_min_factor: 0.01
bandwith_kernel: None
no_interact: False
avg_score: -417.94000244140625
median_score: -418.0
std_score: 24.018251419067383
percentiles: 2%=-469.0400085449219, 5%=-457.0, 10%=-452.0, 25%=-430.0, 50%=-418.0, 75%=-399.5, 90%=-390.0, 95%=-380.0, 98%=-377.8799743652344
ranking_best_algo: Tabu
ranking_best_score: 438.12
ranking_my_rank: 40/504 (92.3%)
ranking_my_percent: 92.26190476190476
