ConfigName: krbf__advnormalizedfitness__M2__L10__eps0p025__g0p007__ds0p3__dm0p01
Problem: QUBO
Kernel: rbf
Advantage: normalizedfitness
M: 2
lambda: 10
epsilon_svgd: 0.025
gamma: 0.007
decay_start_ratio: 0.3
decay_min_factor: 0.01
bandwith_kernel: None
no_interact: False
avg_score: -1295.1800537109375
median_score: -1289.0
std_score: 61.39435958862305
percentiles: 2%=-1427.0, 5%=-1420.050048828125, 10%=-1391.199951171875, 25%=-1331.75, 50%=-1289.0, 75%=-1246.75, 90%=-1224.9000244140625, 95%=-1196.9000244140625, 98%=-1186.719970703125
ranking_best_algo: BigLognormalDiscreteOnePlusOne
ranking_best_score: 1301.3600000000004
ranking_my_rank: 2/504 (99.8%)
ranking_my_percent: 99.8015873015873
