ConfigName: krbf__advnormalizedfitness__M1__L8__eps0p025__g0p01__ds0p3__dm0p3
Problem: NK
Kernel: rbf
Advantage: normalizedfitness
M: 1
lambda: 8
epsilon_svgd: 0.025
gamma: 0.01
decay_start_ratio: 0.3
decay_min_factor: 0.3
bandwith_kernel: None
no_interact: False
avg_score: 0.7422434091567993
median_score: 0.7430158257484436
std_score: 0.015614299103617668
percentiles: 2%=0.7109982371330261, 5%=0.7189167141914368, 10%=0.7252983450889587, 25%=0.7306116819381714, 50%=0.7430158257484436, 75%=0.7533705234527588, 90%=0.7614220976829529, 95%=0.7668491005897522, 98%=0.7714162468910217
ranking_best_algo: Tabu
ranking_best_score: 0.7470791764843752
ranking_my_rank: 5/504 (99.2%)
ranking_my_percent: 99.2063492063492
