ConfigName: kjsd__advperagentrankweighted__M3__L16__eps0p005__g0p003__ds0p05__dm0p1
Problem: NK
Kernel: jsd
Advantage: peragentrankweighted
M: 3
lambda: 16
epsilon_svgd: 0.005
gamma: 0.003
decay_start_ratio: 0.05
decay_min_factor: 0.1
bandwith_kernel: None
no_interact: False
avg_score: 0.734964907169342
median_score: 0.7367980480194092
std_score: 0.00916524138301611
percentiles: 2%=0.7159477472305298, 5%=0.7183162569999695, 10%=0.7225454449653625, 25%=0.7284107804298401, 50%=0.7367980480194092, 75%=0.7421832084655762, 90%=0.745816171169281, 95%=0.7475124001502991, 98%=0.7490702867507935
ranking_best_algo: PBIL
ranking_best_score: 0.730509098125
ranking_my_rank: 1/504 (100.0%)
ranking_my_percent: 100.0
