ConfigName: kjsd__advperagentrankweighted__M3__L18__eps0p007__g0p0005__ds0p1__dm0p05
Problem: QUBO
Kernel: jsd
Advantage: peragentrankweighted
M: 3
lambda: 18
epsilon_svgd: 0.007
gamma: 0.0005
decay_start_ratio: 0.1
decay_min_factor: 0.05
bandwith_kernel: None
no_interact: False
avg_score: -425.4599914550781
median_score: -425.0
std_score: 29.793092727661133
percentiles: 2%=-483.0400085449219, 5%=-477.29998779296875, 10%=-457.6000061035156, 25%=-446.25, 50%=-425.0, 75%=-409.0, 90%=-388.70001220703125, 95%=-376.75, 98%=-357.8800048828125
ranking_best_algo: CMAL3
ranking_best_score: 435.36
ranking_my_rank: 27/504 (94.8%)
ranking_my_percent: 94.84126984126983
