ConfigName: kjsd__advperagentrankweighted__M3__L30__eps0p005__g0p0005__ds0p05__dm0p2
Problem: QUBO
Kernel: jsd
Advantage: peragentrankweighted
M: 3
lambda: 30
epsilon_svgd: 0.005
gamma: 0.0005
decay_start_ratio: 0.05
decay_min_factor: 0.2
bandwith_kernel: None
no_interact: False
avg_score: -330.94000244140625
median_score: -334.0
std_score: 22.937227249145508
percentiles: 2%=-372.0, 5%=-372.0, 10%=-354.70001220703125, 25%=-343.0, 50%=-334.0, 75%=-319.0, 90%=-298.0, 95%=-287.95001220703125, 98%=-281.8399963378906
ranking_best_algo: CMApara
ranking_best_score: 344.22
ranking_my_rank: 77/504 (84.9%)
ranking_my_percent: 84.92063492063492
