ConfigName: krbf__advnormalizedfitness__M3__L15__eps0p033__g0p007__ds0p01__dm0p01
Problem: NK
Kernel: rbf
Advantage: normalizedfitness
M: 3
lambda: 15
epsilon_svgd: 0.033
gamma: 0.007
decay_start_ratio: 0.01
decay_min_factor: 0.01
bandwith_kernel: None
no_interact: False
avg_score: 0.6994853019714355
median_score: 0.6984719634056091
std_score: 0.02012353204190731
percentiles: 2%=0.6657308340072632, 5%=0.6707712411880493, 10%=0.673611581325531, 25%=0.682860255241394, 50%=0.6984719634056091, 75%=0.7138723134994507, 90%=0.7272977828979492, 95%=0.7302573323249817, 98%=0.7334648966789246
ranking_best_algo: PBIL
ranking_best_score: 0.7170882103515624
ranking_my_rank: 76/504 (85.1%)
ranking_my_percent: 85.11904761904762
