ConfigName: krbf__advnormalizedfitness__M1__L10__eps0p015__g0p01__ds0p3__dm0p01
Problem: NK
Kernel: rbf
Advantage: normalizedfitness
M: 1
lambda: 10
epsilon_svgd: 0.015
gamma: 0.01
decay_start_ratio: 0.3
decay_min_factor: 0.01
bandwith_kernel: None
no_interact: False
avg_score: 0.7451836466789246
median_score: 0.7451059818267822
std_score: 0.009274471551179886
percentiles: 2%=0.7289319038391113, 5%=0.7300578951835632, 10%=0.7325494289398193, 25%=0.7387287616729736, 50%=0.7451059818267822, 75%=0.7513948678970337, 90%=0.7574136853218079, 95%=0.759244978427887, 98%=0.7638238668441772
ranking_best_algo: PBIL
ranking_best_score: 0.733570253046875
ranking_my_rank: 1/504 (100.0%)
ranking_my_percent: 100.0
