ConfigName: kjsd__advperagentrankweighted__M3__L24__eps0p007__g0p001__ds0p2__dm0p05
Problem: QUBO
Kernel: jsd
Advantage: peragentrankweighted
M: 3
lambda: 24
epsilon_svgd: 0.007
gamma: 0.001
decay_start_ratio: 0.2
decay_min_factor: 0.05
bandwith_kernel: None
no_interact: False
avg_score: -438.9800109863281
median_score: -438.5
std_score: 26.153385162353516
percentiles: 2%=-489.0199890136719, 5%=-479.0, 10%=-472.0, 25%=-459.0, 50%=-438.5, 75%=-423.75, 90%=-404.6000061035156, 95%=-390.95001220703125, 98%=-385.9599914550781
ranking_best_algo: CMApara
ranking_best_score: 453.82
ranking_my_rank: 19/504 (96.4%)
ranking_my_percent: 96.42857142857143
