ConfigName: krbf__advnormalizedfitness__M3__L15__eps0p015__g0p005__ds0p3__dm0p01
Problem: QUBO
Kernel: rbf
Advantage: normalizedfitness
M: 3
lambda: 15
epsilon_svgd: 0.015
gamma: 0.005
decay_start_ratio: 0.3
decay_min_factor: 0.01
bandwith_kernel: None
no_interact: False
avg_score: -1149.3800048828125
median_score: -1142.0
std_score: 80.68058013916016
percentiles: 2%=-1311.43994140625, 5%=-1282.300048828125, 10%=-1261.0, 25%=-1198.25, 50%=-1142.0, 75%=-1086.0, 90%=-1051.800048828125, 95%=-1038.949951171875, 98%=-1017.659912109375
ranking_best_algo: SVMMetaModelLogNormal
ranking_best_score: 1233.7999999999997
ranking_my_rank: 94/504 (81.5%)
ranking_my_percent: 81.54761904761905
