ConfigName: kjsd__advperagentrankweighted__M3__L16__eps0p005__g0p001__ds0p2__dm0p2
Problem: QUBO
Kernel: jsd
Advantage: peragentrankweighted
M: 3
lambda: 16
epsilon_svgd: 0.005
gamma: 0.001
decay_start_ratio: 0.2
decay_min_factor: 0.2
bandwith_kernel: None
no_interact: False
avg_score: -2557.639892578125
median_score: -2561.0
std_score: 125.87117004394531
percentiles: 2%=-2794.10009765625, 5%=-2782.050048828125, 10%=-2730.89990234375, 25%=-2649.25, 50%=-2561.0, 75%=-2463.0, 90%=-2384.89990234375, 95%=-2375.949951171875, 98%=-2332.9599609375
ranking_best_algo: SVM1MetaModelLogNormal
ranking_best_score: 2605.14
ranking_my_rank: 40/504 (92.3%)
ranking_my_percent: 92.26190476190476
