ConfigName: kjsd__advperagentrankweighted__M3__L20__eps0p007__g0p0005__ds0p2__dm0p2
Problem: NK
Kernel: jsd
Advantage: peragentrankweighted
M: 3
lambda: 20
epsilon_svgd: 0.007
gamma: 0.0005
decay_start_ratio: 0.2
decay_min_factor: 0.2
bandwith_kernel: None
no_interact: False
avg_score: 0.7356473803520203
median_score: 0.7367951273918152
std_score: 0.008987567387521267
percentiles: 2%=0.7182172536849976, 5%=0.7193967700004578, 10%=0.7216575741767883, 25%=0.7297340035438538, 50%=0.7367951273918152, 75%=0.7414448261260986, 90%=0.7462135553359985, 95%=0.7488367557525635, 98%=0.7515649795532227
ranking_best_algo: PBIL
ranking_best_score: 0.730509098125
ranking_my_rank: 1/504 (100.0%)
ranking_my_percent: 100.0
