ConfigName: kjsd__advperagentrankweighted__M15__L8__eps0p005__g0p0005__ds0p05__dm0p05
Problem: QUBO
Kernel: jsd
Advantage: peragentrankweighted
M: 15
lambda: 8
epsilon_svgd: 0.005
gamma: 0.0005
decay_start_ratio: 0.05
decay_min_factor: 0.05
bandwith_kernel: None
no_interact: False
avg_score: -201.94000244140625
median_score: -202.0
std_score: 12.935084342956543
percentiles: 2%=-224.0, 5%=-224.0, 10%=-221.10000610351562, 25%=-211.0, 50%=-202.0, 75%=-194.0, 90%=-182.89999389648438, 95%=-179.0, 98%=-177.94000244140625
ranking_best_algo: Tabu
ranking_best_score: 208.36000000000004
ranking_my_rank: 37/504 (92.9%)
ranking_my_percent: 92.85714285714286
