ConfigName: kjsd__advperagentrankweighted__M3__L18__eps0p007__g0p003__ds0p1__dm0p1
Problem: NK
Kernel: jsd
Advantage: peragentrankweighted
M: 3
lambda: 18
epsilon_svgd: 0.007
gamma: 0.003
decay_start_ratio: 0.1
decay_min_factor: 0.1
bandwith_kernel: None
no_interact: False
avg_score: 0.6316509246826172
median_score: 0.6287384033203125
std_score: 0.020117051899433136
percentiles: 2%=0.6042126417160034, 5%=0.6064092516899109, 10%=0.6083280444145203, 25%=0.6183733940124512, 50%=0.6287384033203125, 75%=0.6437804102897644, 90%=0.656627893447876, 95%=0.6726557016372681, 98%=0.6816369891166687
ranking_best_algo: PBIL
ranking_best_score: 0.7170882103515624
ranking_my_rank: 305/504 (39.7%)
ranking_my_percent: 39.682539682539684
