ConfigName: kjsd__advperagentrankweighted__M6__L28__eps0p005__g0p0005__ds0p3__dm0p05
Problem: QUBO
Kernel: jsd
Advantage: peragentrankweighted
M: 6
lambda: 28
epsilon_svgd: 0.005
gamma: 0.0005
decay_start_ratio: 0.3
decay_min_factor: 0.05
bandwith_kernel: None
no_interact: False
avg_score: -1134.760009765625
median_score: -1137.5
std_score: 78.83782196044922
percentiles: 2%=-1279.0, 5%=-1262.1500244140625, 10%=-1236.699951171875, 25%=-1199.0, 50%=-1137.5, 75%=-1068.5, 90%=-1025.0, 95%=-1012.7000122070312, 98%=-996.6199951171875
ranking_best_algo: BigLognormalDiscreteOnePlusOne
ranking_best_score: 1301.3600000000004
ranking_my_rank: 162/504 (68.1%)
ranking_my_percent: 68.05555555555556
