ConfigName: kjsd__advperagentrankweighted__M3__L18__eps0p005__g0p003__ds0p2__dm0p2
Problem: QUBO
Kernel: jsd
Advantage: peragentrankweighted
M: 3
lambda: 18
epsilon_svgd: 0.005
gamma: 0.003
decay_start_ratio: 0.2
decay_min_factor: 0.2
bandwith_kernel: None
no_interact: False
avg_score: -328.7200012207031
median_score: -334.0
std_score: 20.949501037597656
percentiles: 2%=-361.05999755859375, 5%=-354.20001220703125, 10%=-350.29998779296875, 25%=-343.0, 50%=-334.0, 75%=-316.0, 90%=-298.8999938964844, 95%=-291.8999938964844, 98%=-283.55999755859375
ranking_best_algo: CMApara
ranking_best_score: 344.22
ranking_my_rank: 83/504 (83.7%)
ranking_my_percent: 83.73015873015873
