ConfigName: kjsd__advperagentrankweighted__M5__L8__eps0p03__g0p0003__ds0p05__dm0p05
Problem: QUBO
Kernel: jsd
Advantage: peragentrankweighted
M: 5
lambda: 8
epsilon_svgd: 0.03
gamma: 0.0003
decay_start_ratio: 0.05
decay_min_factor: 0.05
bandwith_kernel: None
no_interact: False
avg_score: -136.6199951171875
median_score: -139.0
std_score: 11.71561336517334
percentiles: 2%=-158.0, 5%=-155.0500030517578, 10%=-152.0, 25%=-144.25, 50%=-139.0, 75%=-127.0, 90%=-120.80000305175781, 95%=-117.0, 98%=-111.0
ranking_best_algo: DiscreteDE
ranking_best_score: 143.4
ranking_my_rank: 206/504 (59.3%)
ranking_my_percent: 59.32539682539682
