ConfigName: krbf__advnormalizedfitness__M4__L12__eps0p025__g0p015__ds0p01__dm0p01
Problem: QUBO
Kernel: rbf
Advantage: normalizedfitness
M: 4
lambda: 12
epsilon_svgd: 0.025
gamma: 0.015
decay_start_ratio: 0.01
decay_min_factor: 0.01
bandwith_kernel: None
no_interact: False
avg_score: -1193.6400146484375
median_score: -1175.0
std_score: 135.76673889160156
percentiles: 2%=-1446.6600341796875, 5%=-1406.800048828125, 10%=-1393.0999755859375, 25%=-1280.75, 50%=-1175.0, 75%=-1092.0, 90%=-1038.5999755859375, 95%=-978.9000244140625, 98%=-972.8399658203125
ranking_best_algo: NLOPT_LN_PRAXIS
ranking_best_score: 1607.12
ranking_my_rank: 273/504 (46.0%)
ranking_my_percent: 46.03174603174603
