ConfigName: kjsd__advperagentrankweighted__M3__L20__eps0p005__g0p003__ds0p2__dm0p2
Problem: QUBO
Kernel: jsd
Advantage: peragentrankweighted
M: 3
lambda: 20
epsilon_svgd: 0.005
gamma: 0.003
decay_start_ratio: 0.2
decay_min_factor: 0.2
bandwith_kernel: None
no_interact: False
avg_score: -1052.02001953125
median_score: -1055.5
std_score: 85.0488052368164
percentiles: 2%=-1219.3199462890625, 5%=-1181.550048828125, 10%=-1166.0, 25%=-1109.25, 50%=-1055.5, 75%=-976.0, 90%=-941.0, 95%=-919.9500122070312, 98%=-898.6199951171875
ranking_best_algo: Tabu
ranking_best_score: 1216.16
ranking_my_rank: 234/504 (53.8%)
ranking_my_percent: 53.76984126984127
