ConfigName: kjsd__advperagentrankweighted__M2__L20__eps0p005__g0p0005__ds0p05__dm0p2
Problem: NK
Kernel: jsd
Advantage: peragentrankweighted
M: 2
lambda: 20
epsilon_svgd: 0.005
gamma: 0.0005
decay_start_ratio: 0.05
decay_min_factor: 0.2
bandwith_kernel: None
no_interact: False
avg_score: 0.7055065035820007
median_score: 0.7087204456329346
std_score: 0.01135553140193224
percentiles: 2%=0.6865548491477966, 5%=0.6893359422683716, 10%=0.6908198595046997, 25%=0.694485068321228, 50%=0.7087204456329346, 75%=0.7159576416015625, 90%=0.7187185287475586, 95%=0.7205506563186646, 98%=0.7220045328140259
ranking_best_algo: PBIL
ranking_best_score: 0.7013553837109374
ranking_my_rank: 1/504 (100.0%)
ranking_my_percent: 100.0
