ConfigName: kjsd__advperagentrankweighted__M3__L20__eps0p005__g0p0007__ds0p1__dm0p1
Problem: QUBO
Kernel: jsd
Advantage: peragentrankweighted
M: 3
lambda: 20
epsilon_svgd: 0.005
gamma: 0.0007
decay_start_ratio: 0.1
decay_min_factor: 0.1
bandwith_kernel: None
no_interact: False
avg_score: -932.97998046875
median_score: -931.5
std_score: 64.11754608154297
percentiles: 2%=-1074.0400390625, 5%=-1044.300048828125, 10%=-1019.0999755859375, 25%=-974.5, 50%=-931.5, 75%=-890.75, 90%=-844.7999877929688, 95%=-835.9500122070312, 98%=-820.7999877929688
ranking_best_algo: CMApara
ranking_best_score: 964.9
ranking_my_rank: 19/504 (96.4%)
ranking_my_percent: 96.42857142857143
