ConfigName: kjsd__advperagentrankweighted__M3__L20__eps0p005__g0p003__ds0p05__dm0p1
Problem: QUBO
Kernel: jsd
Advantage: peragentrankweighted
M: 3
lambda: 20
epsilon_svgd: 0.005
gamma: 0.003
decay_start_ratio: 0.05
decay_min_factor: 0.1
bandwith_kernel: None
no_interact: False
avg_score: -198.6199951171875
median_score: -200.0
std_score: 13.604985237121582
percentiles: 2%=-224.0, 5%=-221.0, 10%=-218.0, 25%=-207.5, 50%=-200.0, 75%=-187.0, 90%=-181.89999389648438, 95%=-177.89999389648438, 98%=-170.9600067138672
ranking_best_algo: Tabu
ranking_best_score: 208.36000000000004
ranking_my_rank: 98/504 (80.8%)
ranking_my_percent: 80.75396825396825
