ConfigName: kjsd__advperagentrankweighted__M3__L30__eps0p005__g0p0005__ds0p2__dm0p2
Problem: NK
Kernel: jsd
Advantage: peragentrankweighted
M: 3
lambda: 30
epsilon_svgd: 0.005
gamma: 0.0005
decay_start_ratio: 0.2
decay_min_factor: 0.2
bandwith_kernel: None
no_interact: False
avg_score: 0.7092037796974182
median_score: 0.7090095281600952
std_score: 0.010404533706605434
percentiles: 2%=0.6898096203804016, 5%=0.6937901973724365, 10%=0.694938600063324, 25%=0.7023336887359619, 50%=0.7090095281600952, 75%=0.7158554792404175, 90%=0.7223091125488281, 95%=0.7249783277511597, 98%=0.7323529124259949
ranking_best_algo: PBIL
ranking_best_score: 0.7170882103515624
ranking_my_rank: 54/504 (89.5%)
ranking_my_percent: 89.48412698412699
