ConfigName: kjsd__advperagentrankweighted__M3__L20__eps0p005__g0p003__ds0p05__dm0p1
Problem: NK
Kernel: jsd
Advantage: peragentrankweighted
M: 3
lambda: 20
epsilon_svgd: 0.005
gamma: 0.003
decay_start_ratio: 0.05
decay_min_factor: 0.1
bandwith_kernel: None
no_interact: False
avg_score: 0.7331556677818298
median_score: 0.7354881763458252
std_score: 0.010127314366400242
percentiles: 2%=0.7103792428970337, 5%=0.714664101600647, 10%=0.7206650376319885, 25%=0.7263449430465698, 50%=0.7354881763458252, 75%=0.7412707209587097, 90%=0.7452681064605713, 95%=0.7465283870697021, 98%=0.7477757334709167
ranking_best_algo: PBIL
ranking_best_score: 0.730509098125
ranking_my_rank: 1/504 (100.0%)
ranking_my_percent: 100.0
