ConfigName: krbf__advnormalizedfitness__M3__L8__eps0p033__g0p01__ds0p01__dm0p01
Problem: NK
Kernel: rbf
Advantage: normalizedfitness
M: 3
lambda: 8
epsilon_svgd: 0.033
gamma: 0.01
decay_start_ratio: 0.01
decay_min_factor: 0.01
bandwith_kernel: None
no_interact: False
avg_score: 0.7083280086517334
median_score: 0.706700325012207
std_score: 0.012754895724356174
percentiles: 2%=0.6856530904769897, 5%=0.6908291578292847, 10%=0.6939656138420105, 25%=0.6982681751251221, 50%=0.706700325012207, 75%=0.7173195481300354, 90%=0.7251596450805664, 95%=0.7295961976051331, 98%=0.7334445714950562
ranking_best_algo: PBIL
ranking_best_score: 0.7170882103515624
ranking_my_rank: 54/504 (89.5%)
ranking_my_percent: 89.48412698412699
