ConfigName: kjsd__advperagentrankweighted__M3__L18__eps0p007__g0p0007__ds0p2__dm0p05
Problem: QUBO
Kernel: jsd
Advantage: peragentrankweighted
M: 3
lambda: 18
epsilon_svgd: 0.007
gamma: 0.0007
decay_start_ratio: 0.2
decay_min_factor: 0.05
bandwith_kernel: None
no_interact: False
avg_score: -928.5599975585938
median_score: -920.5
std_score: 60.88798522949219
percentiles: 2%=-1050.199951171875, 5%=-1043.25, 10%=-1011.7999877929688, 25%=-973.25, 50%=-920.5, 75%=-885.75, 90%=-861.9000244140625, 95%=-852.5999755859375, 98%=-796.8800048828125
ranking_best_algo: CMApara
ranking_best_score: 964.9
ranking_my_rank: 21/504 (96.0%)
ranking_my_percent: 96.03174603174604
