ConfigName: kjsd__advperagentrankweighted__M3__L16__eps0p01__g0p0005__ds0p05__dm0p05
Problem: NK
Kernel: jsd
Advantage: peragentrankweighted
M: 3
lambda: 16
epsilon_svgd: 0.01
gamma: 0.0005
decay_start_ratio: 0.05
decay_min_factor: 0.05
bandwith_kernel: None
no_interact: False
avg_score: 0.7324504256248474
median_score: 0.7344647645950317
std_score: 0.008939213119447231
percentiles: 2%=0.7150609493255615, 5%=0.716300904750824, 10%=0.7184266448020935, 25%=0.726754367351532, 50%=0.7344647645950317, 75%=0.7390992641448975, 90%=0.7436884641647339, 95%=0.7455553412437439, 98%=0.7469457983970642
ranking_best_algo: PBIL
ranking_best_score: 0.7248786399609374
ranking_my_rank: 1/504 (100.0%)
ranking_my_percent: 100.0
