ConfigName: kfr__advglobalrankweighted__M6__L8__eps0p01__g0p003__ds0p01__dm0p01
Problem: QUBO
Kernel: fr
Advantage: globalrankweighted
M: 6
lambda: 8
epsilon_svgd: 0.01
gamma: 0.003
decay_start_ratio: 0.01
decay_min_factor: 0.01
bandwith_kernel: None
no_interact: False
avg_score: -2255.340087890625
median_score: -2247.0
std_score: 137.4724884033203
percentiles: 2%=-2552.52001953125, 5%=-2492.449951171875, 10%=-2423.10009765625, 25%=-2354.0, 50%=-2247.0, 75%=-2158.25, 90%=-2082.89990234375, 95%=-2063.699951171875, 98%=-2019.43994140625
ranking_best_algo: SVM1MetaModelLogNormal
ranking_best_score: 2605.14
ranking_my_rank: 170/504 (66.5%)
ranking_my_percent: 66.46825396825396
