ConfigName: kfr__advglobalrankweighted__M2__L9__eps0p015__g0p007__ds0p01__dm0p01
Problem: QUBO
Kernel: fr
Advantage: globalrankweighted
M: 2
lambda: 9
epsilon_svgd: 0.015
gamma: 0.007
decay_start_ratio: 0.01
decay_min_factor: 0.01
bandwith_kernel: None
no_interact: False
avg_score: -1299.6199951171875
median_score: -1295.0
std_score: 63.804664611816406
percentiles: 2%=-1425.0799560546875, 5%=-1411.300048828125, 10%=-1384.0, 25%=-1349.25, 50%=-1295.0, 75%=-1259.0, 90%=-1215.0, 95%=-1209.949951171875, 98%=-1188.9599609375
ranking_best_algo: BigLognormalDiscreteOnePlusOne
ranking_best_score: 1301.3600000000004
ranking_my_rank: 2/504 (99.8%)
ranking_my_percent: 99.8015873015873
