ConfigName: kjsd__advperagentrankweighted__M3__L18__eps0p007__g0p0005__ds0p05__dm0p2
Problem: NK
Kernel: jsd
Advantage: peragentrankweighted
M: 3
lambda: 18
epsilon_svgd: 0.007
gamma: 0.0005
decay_start_ratio: 0.05
decay_min_factor: 0.2
bandwith_kernel: None
no_interact: False
avg_score: 0.7562740445137024
median_score: 0.7564520239830017
std_score: 0.012833572924137115
percentiles: 2%=0.731613278388977, 5%=0.736756443977356, 10%=0.7401150465011597, 25%=0.7480250597000122, 50%=0.7564520239830017, 75%=0.7651604413986206, 90%=0.7719208598136902, 95%=0.7770122289657593, 98%=0.7826271653175354
ranking_best_algo: Tabu
ranking_best_score: 0.7470791764843752
ranking_my_rank: 1/504 (100.0%)
ranking_my_percent: 100.0
