ConfigName: krbf__advglobalrankweighted__M4__L11__eps0p02__g0p005__ds0p01__dm0p01
Problem: QUBO
Kernel: rbf
Advantage: globalrankweighted
M: 4
lambda: 11
epsilon_svgd: 0.02
gamma: 0.005
decay_start_ratio: 0.01
decay_min_factor: 0.01
bandwith_kernel: None
no_interact: False
avg_score: -199.5800018310547
median_score: -200.0
std_score: 12.285910606384277
percentiles: 2%=-224.0, 5%=-222.10000610351562, 10%=-218.10000610351562, 25%=-207.0, 50%=-200.0, 75%=-190.5, 90%=-183.0, 95%=-181.80001831054688, 98%=-177.95999145507812
ranking_best_algo: Tabu
ranking_best_score: 208.36000000000004
ranking_my_rank: 68/504 (86.7%)
ranking_my_percent: 86.7063492063492
