ConfigName: krbf__advnormalizedfitness__M3__L8__eps0p025__g0p01__ds0p3__dm0p01
Problem: NK
Kernel: rbf
Advantage: normalizedfitness
M: 3
lambda: 8
epsilon_svgd: 0.025
gamma: 0.01
decay_start_ratio: 0.3
decay_min_factor: 0.01
bandwith_kernel: None
no_interact: False
avg_score: 0.742938756942749
median_score: 0.7434784173965454
std_score: 0.011826864443719387
percentiles: 2%=0.7175044417381287, 5%=0.7230018973350525, 10%=0.7287903428077698, 25%=0.734695553779602, 50%=0.7434784173965454, 75%=0.7512426376342773, 90%=0.7583202719688416, 95%=0.7616286277770996, 98%=0.7634882926940918
ranking_best_algo: PBIL
ranking_best_score: 0.733570253046875
ranking_my_rank: 1/504 (100.0%)
ranking_my_percent: 100.0
