ConfigName: kjsd__advperagentrankweighted__M3__L16__eps0p007__g0p0005__ds0p05__dm0p1
Problem: NK
Kernel: jsd
Advantage: peragentrankweighted
M: 3
lambda: 16
epsilon_svgd: 0.007
gamma: 0.0005
decay_start_ratio: 0.05
decay_min_factor: 0.1
bandwith_kernel: None
no_interact: False
avg_score: 0.7090997099876404
median_score: 0.7105633020401001
std_score: 0.015483594499528408
percentiles: 2%=0.6691117286682129, 5%=0.67087322473526, 10%=0.6953458786010742, 25%=0.7058483362197876, 50%=0.7105633020401001, 75%=0.7180217504501343, 90%=0.725156307220459, 95%=0.7314275503158569, 98%=0.7320800423622131
ranking_best_algo: CMApara
ranking_best_score: 0.707475975
ranking_my_rank: 1/504 (100.0%)
ranking_my_percent: 100.0
