ConfigName: kjsd__advperagentrankweighted__M10__L12__eps0p008__g0p0005__ds0p05__dm0p05
Problem: QUBO
Kernel: jsd
Advantage: peragentrankweighted
M: 10
lambda: 12
epsilon_svgd: 0.008
gamma: 0.0005
decay_start_ratio: 0.05
decay_min_factor: 0.05
bandwith_kernel: None
no_interact: False
avg_score: -152.63999938964844
median_score: -154.0
std_score: 11.6974515914917
percentiles: 2%=-179.0, 5%=-179.0, 10%=-165.5, 25%=-158.0, 50%=-154.0, 75%=-141.0, 90%=-140.0, 95%=-139.0, 98%=-136.97999572753906
ranking_best_algo: CMApara
ranking_best_score: 154.28
ranking_my_rank: 44/504 (91.5%)
ranking_my_percent: 91.46825396825396
