ConfigName: kjsd__advperagentrankweighted__M8__L24__eps0p005__g0p0005__ds0p05__dm0p05
Problem: NK
Kernel: jsd
Advantage: peragentrankweighted
M: 8
lambda: 24
epsilon_svgd: 0.005
gamma: 0.0005
decay_start_ratio: 0.05
decay_min_factor: 0.05
bandwith_kernel: None
no_interact: False
avg_score: 0.7321984767913818
median_score: 0.7343273162841797
std_score: 0.010076232254505157
percentiles: 2%=0.7058696746826172, 5%=0.7105412483215332, 10%=0.7195241451263428, 25%=0.7254639863967896, 50%=0.7343273162841797, 75%=0.7383072376251221, 90%=0.743768036365509, 95%=0.7448842525482178, 98%=0.7463696599006653
ranking_best_algo: PBIL
ranking_best_score: 0.730509098125
ranking_my_rank: 1/504 (100.0%)
ranking_my_percent: 100.0
