ConfigName: kjsd__advperagentrankweighted__M3__L20__eps0p007__g0p001__ds0p1__dm0p05
Problem: QUBO
Kernel: jsd
Advantage: peragentrankweighted
M: 3
lambda: 20
epsilon_svgd: 0.007
gamma: 0.001
decay_start_ratio: 0.1
decay_min_factor: 0.05
bandwith_kernel: None
no_interact: False
avg_score: -912.5800170898438
median_score: -914.0
std_score: 65.31985473632812
percentiles: 2%=-1046.02001953125, 5%=-1034.199951171875, 10%=-995.5999755859375, 25%=-956.25, 50%=-914.0, 75%=-867.75, 90%=-830.9000244140625, 95%=-807.8499755859375, 98%=-782.97998046875
ranking_best_algo: CMAL3
ranking_best_score: 928.5800000000002
ranking_my_rank: 20/504 (96.2%)
ranking_my_percent: 96.23015873015873
