ConfigName: kjsd__advperagentrankweighted__M8__L8__eps0p005__g0p0005__ds0p05__dm0p2
Problem: QUBO
Kernel: jsd
Advantage: peragentrankweighted
M: 8
lambda: 8
epsilon_svgd: 0.005
gamma: 0.0005
decay_start_ratio: 0.05
decay_min_factor: 0.2
bandwith_kernel: None
no_interact: False
avg_score: -2512.52001953125
median_score: -2512.5
std_score: 144.78773498535156
percentiles: 2%=-2835.300048828125, 5%=-2756.25, 10%=-2711.699951171875, 25%=-2602.25, 50%=-2512.5, 75%=-2397.75, 90%=-2339.39990234375, 95%=-2302.60009765625, 98%=-2259.080078125
ranking_best_algo: DiscreteLengler2OnePlusOne
ranking_best_score: 2617.04
ranking_my_rank: 64/504 (87.5%)
ranking_my_percent: 87.5
