ConfigName: kjsd__advperagentrankweighted__M4__L10__eps0p02__g0p0005__ds0p2__dm0p05
Problem: QUBO
Kernel: jsd
Advantage: peragentrankweighted
M: 4
lambda: 10
epsilon_svgd: 0.02
gamma: 0.0005
decay_start_ratio: 0.2
decay_min_factor: 0.05
bandwith_kernel: None
no_interact: False
avg_score: -327.260009765625
median_score: -328.0
std_score: 20.162647247314453
percentiles: 2%=-357.0799865722656, 5%=-354.0, 10%=-350.0, 25%=-341.25, 50%=-328.0, 75%=-319.5, 90%=-298.8999938964844, 95%=-288.95001220703125, 98%=-277.9200134277344
ranking_best_algo: CMApara
ranking_best_score: 344.22
ranking_my_rank: 110/504 (78.4%)
ranking_my_percent: 78.37301587301587
