ConfigName: kjsd__advperagentrankweighted__M3__L16__eps0p005__g0p0007__ds0p1__dm0p1
Problem: QUBO
Kernel: jsd
Advantage: peragentrankweighted
M: 3
lambda: 16
epsilon_svgd: 0.005
gamma: 0.0007
decay_start_ratio: 0.1
decay_min_factor: 0.1
bandwith_kernel: None
no_interact: False
avg_score: -1309.280029296875
median_score: -1315.5
std_score: 61.06767654418945
percentiles: 2%=-1414.3199462890625, 5%=-1410.1500244140625, 10%=-1383.300048828125, 25%=-1353.25, 50%=-1315.5, 75%=-1268.5, 90%=-1225.0999755859375, 95%=-1204.5, 98%=-1186.8399658203125
ranking_best_algo: BigLognormalDiscreteOnePlusOne
ranking_best_score: 1301.3600000000004
ranking_my_rank: 1/504 (100.0%)
ranking_my_percent: 100.0
