ConfigName: kfr__advglobalrankweighted__M1__L9__eps0p01__g0p003__ds0p01__dm0p01
Problem: QUBO
Kernel: fr
Advantage: globalrankweighted
M: 1
lambda: 9
epsilon_svgd: 0.01
gamma: 0.003
decay_start_ratio: 0.01
decay_min_factor: 0.01
bandwith_kernel: None
no_interact: False
avg_score: -896.0999755859375
median_score: -892.5
std_score: 79.21900177001953
percentiles: 2%=-1044.43994140625, 5%=-1030.25, 10%=-1005.5999755859375, 25%=-951.75, 50%=-892.5, 75%=-840.0, 90%=-792.5, 95%=-778.9000244140625, 98%=-744.9599609375
ranking_best_algo: CMApara
ranking_best_score: 964.9
ranking_my_rank: 161/504 (68.3%)
ranking_my_percent: 68.25396825396825
