ConfigName: krbf__advnormalizedfitness__M4__L10__eps0p033__g0p007__ds0p01__dm0p01
Problem: QUBO
Kernel: rbf
Advantage: normalizedfitness
M: 4
lambda: 10
epsilon_svgd: 0.033
gamma: 0.007
decay_start_ratio: 0.01
decay_min_factor: 0.01
bandwith_kernel: None
no_interact: False
avg_score: -906.6599731445312
median_score: -902.5
std_score: 60.79592514038086
percentiles: 2%=-1032.4000244140625, 5%=-1016.5, 10%=-995.2000122070312, 25%=-942.0, 50%=-902.5, 75%=-866.0, 90%=-831.0, 95%=-810.800048828125, 98%=-795.9400024414062
ranking_best_algo: CMAL3
ranking_best_score: 928.5800000000002
ranking_my_rank: 60/504 (88.3%)
ranking_my_percent: 88.2936507936508
