ConfigName: kfr__advglobalrankweighted__M4__L24__eps0p01__g0p005__ds0p01__dm0p01
Problem: QUBO
Kernel: fr
Advantage: globalrankweighted
M: 4
lambda: 24
epsilon_svgd: 0.01
gamma: 0.005
decay_start_ratio: 0.01
decay_min_factor: 0.01
bandwith_kernel: None
no_interact: False
avg_score: -518.7000122070312
median_score: -515.5
std_score: 44.74225997924805
percentiles: 2%=-603.1799926757812, 5%=-595.0999755859375, 10%=-581.0999755859375, 25%=-548.0, 50%=-515.5, 75%=-486.5, 90%=-470.5, 95%=-450.0, 98%=-432.4798889160156
ranking_best_algo: Tabu
ranking_best_score: 588.7199999999999
ranking_my_rank: 220/503 (56.5%)
ranking_my_percent: 56.461232604373755
