ConfigName: kjsd__advperagentrankweighted__M4__L8__eps0p03__g0p0005__ds0p2__dm0p05
Problem: QUBO
Kernel: jsd
Advantage: peragentrankweighted
M: 4
lambda: 8
epsilon_svgd: 0.03
gamma: 0.0005
decay_start_ratio: 0.2
decay_min_factor: 0.05
bandwith_kernel: None
no_interact: False
avg_score: -145.27999877929688
median_score: -146.0
std_score: 12.91207218170166
percentiles: 2%=-179.0, 5%=-160.64999389648438, 10%=-158.0, 25%=-153.0, 50%=-146.0, 75%=-138.0, 90%=-133.0, 95%=-124.9000015258789, 98%=-111.91999816894531
ranking_best_algo: CMApara
ranking_best_score: 154.28
ranking_my_rank: 141/504 (72.2%)
ranking_my_percent: 72.22222222222223
