ConfigName: kjsd__advperagentrankweighted__M5__L8__eps0p02__g0p0005__ds0p05__dm0p05
Problem: NK
Kernel: jsd
Advantage: peragentrankweighted
M: 5
lambda: 8
epsilon_svgd: 0.02
gamma: 0.0005
decay_start_ratio: 0.05
decay_min_factor: 0.05
bandwith_kernel: None
no_interact: False
avg_score: 0.741447389125824
median_score: 0.7389150261878967
std_score: 0.028868768364191055
percentiles: 2%=0.6989884972572327, 5%=0.7018961310386658, 10%=0.7069865465164185, 25%=0.7241362929344177, 50%=0.7389150261878967, 75%=0.7519640922546387, 90%=0.7778564095497131, 95%=0.8044298887252808, 98%=0.8118547797203064
ranking_best_algo: CMApara
ranking_best_score: 0.7459277895312499
ranking_my_rank: 26/504 (95.0%)
ranking_my_percent: 95.03968253968254
