ConfigName: krbf__advnormalizedfitness__M3__L12__eps0p033__g0p007__ds0p3__dm0p01
Problem: QUBO
Kernel: rbf
Advantage: normalizedfitness
M: 3
lambda: 12
epsilon_svgd: 0.033
gamma: 0.007
decay_start_ratio: 0.3
decay_min_factor: 0.01
bandwith_kernel: None
no_interact: False
avg_score: -200.24000549316406
median_score: -201.0
std_score: 11.828034400939941
percentiles: 2%=-224.0, 5%=-224.0, 10%=-215.0, 25%=-207.0, 50%=-201.0, 75%=-195.0, 90%=-185.0, 95%=-178.0, 98%=-173.95999145507812
ranking_best_algo: Tabu
ranking_best_score: 208.36000000000004
ranking_my_rank: 49/504 (90.5%)
ranking_my_percent: 90.47619047619048
