ConfigName: krbf__advnormalizedfitness__M4__L12__eps0p033__g0p015__ds0p01__dm0p3
Problem: QUBO
Kernel: rbf
Advantage: normalizedfitness
M: 4
lambda: 12
epsilon_svgd: 0.033
gamma: 0.015
decay_start_ratio: 0.01
decay_min_factor: 0.3
bandwith_kernel: None
no_interact: False
avg_score: -149.10000610351562
median_score: -149.0
std_score: 13.187493324279785
percentiles: 2%=-179.0, 5%=-179.0, 10%=-162.1999969482422, 25%=-155.0, 50%=-149.0, 75%=-141.0, 90%=-132.0, 95%=-128.90000915527344, 98%=-125.0
ranking_best_algo: CMApara
ranking_best_score: 154.28
ranking_my_rank: 79/504 (84.5%)
ranking_my_percent: 84.52380952380952
