ConfigName: kjsd__advperagentrankweighted__M3__L18__eps0p01__g0p0007__ds0p1__dm0p2
Problem: QUBO
Kernel: jsd
Advantage: peragentrankweighted
M: 3
lambda: 18
epsilon_svgd: 0.01
gamma: 0.0007
decay_start_ratio: 0.1
decay_min_factor: 0.2
bandwith_kernel: None
no_interact: False
avg_score: -578.0999755859375
median_score: -579.0
std_score: 27.08634376525879
percentiles: 2%=-629.0800170898438, 5%=-617.0499877929688, 10%=-613.2000122070312, 25%=-597.5, 50%=-579.0, 75%=-561.5, 90%=-541.0, 95%=-528.9500122070312, 98%=-523.9199829101562
ranking_best_algo: Tabu
ranking_best_score: 588.7199999999999
ranking_my_rank: 42/503 (91.8%)
ranking_my_percent: 91.84890656063618
