ConfigName: kjsd__advperagentrankweighted__M3__L16__eps0p005__g0p003__ds0p2__dm0p2
Problem: QUBO
Kernel: jsd
Advantage: peragentrankweighted
M: 3
lambda: 16
epsilon_svgd: 0.005
gamma: 0.003
decay_start_ratio: 0.2
decay_min_factor: 0.2
bandwith_kernel: None
no_interact: False
avg_score: -1107.780029296875
median_score: -1109.0
std_score: 68.70088958740234
percentiles: 2%=-1220.3399658203125, 5%=-1213.0, 10%=-1199.0, 25%=-1154.25, 50%=-1109.0, 75%=-1062.0, 90%=-1006.7999877929688, 95%=-986.0, 98%=-967.0
ranking_best_algo: BigLognormalDiscreteOnePlusOne
ranking_best_score: 1301.3600000000004
ranking_my_rank: 185/504 (63.5%)
ranking_my_percent: 63.492063492063494
