ConfigName: krbf__advnormalizedfitness__M1__L10__eps0p015__g0p005__ds0p15__dm0p01
Problem: QUBO
Kernel: rbf
Advantage: normalizedfitness
M: 1
lambda: 10
epsilon_svgd: 0.015
gamma: 0.005
decay_start_ratio: 0.15
decay_min_factor: 0.01
bandwith_kernel: None
no_interact: False
avg_score: -899.739990234375
median_score: -898.0
std_score: 74.11473083496094
percentiles: 2%=-1068.1600341796875, 5%=-1037.6500244140625, 10%=-992.0, 25%=-948.25, 50%=-898.0, 75%=-842.0, 90%=-807.0, 95%=-782.800048828125, 98%=-768.9199829101562
ranking_best_algo: CMApara
ranking_best_score: 964.9
ranking_my_rank: 120/504 (76.4%)
ranking_my_percent: 76.38888888888889
