ConfigName: kjsd__advperagentrankweighted__M3__L18__eps0p01__g0p0005__ds0p2__dm0p05
Problem: NK
Kernel: jsd
Advantage: peragentrankweighted
M: 3
lambda: 18
epsilon_svgd: 0.01
gamma: 0.0005
decay_start_ratio: 0.2
decay_min_factor: 0.05
bandwith_kernel: None
no_interact: False
avg_score: 0.743380606174469
median_score: 0.7437703609466553
std_score: 0.008832698687911034
percentiles: 2%=0.7273984551429749, 5%=0.7290738821029663, 10%=0.732479453086853, 25%=0.7376704216003418, 50%=0.7437703609466553, 75%=0.7482517957687378, 90%=0.7555907964706421, 95%=0.7581939101219177, 98%=0.7606039643287659
ranking_best_algo: PBIL
ranking_best_score: 0.733570253046875
ranking_my_rank: 1/504 (100.0%)
ranking_my_percent: 100.0
