ConfigName: krbf__advnormalizedfitness__M2__L8__eps0p033__g0p015__ds0p15__dm0p01
Problem: NK
Kernel: rbf
Advantage: normalizedfitness
M: 2
lambda: 8
epsilon_svgd: 0.033
gamma: 0.015
decay_start_ratio: 0.15
decay_min_factor: 0.01
bandwith_kernel: None
no_interact: False
avg_score: 0.7391193509101868
median_score: 0.7394592761993408
std_score: 0.014185009524226189
percentiles: 2%=0.7111577987670898, 5%=0.7191453576087952, 10%=0.7218257784843445, 25%=0.7296359539031982, 50%=0.7394592761993408, 75%=0.7484526038169861, 90%=0.7562882900238037, 95%=0.7584320902824402, 98%=0.7682841420173645
ranking_best_algo: Tabu
ranking_best_score: 0.7601875690625
ranking_my_rank: 16/504 (97.0%)
ranking_my_percent: 97.02380952380952
