ConfigName: krbf__advnormalizedfitness__M3__L8__eps0p02__g0p005__ds0p15__dm0p05
Problem: QUBO
Kernel: rbf
Advantage: normalizedfitness
M: 3
lambda: 8
epsilon_svgd: 0.02
gamma: 0.005
decay_start_ratio: 0.15
decay_min_factor: 0.05
bandwith_kernel: None
no_interact: False
avg_score: -903.97998046875
median_score: -900.0
std_score: 61.945621490478516
percentiles: 2%=-1049.06005859375, 5%=-1007.6500244140625, 10%=-996.0999755859375, 25%=-940.5, 50%=-900.0, 75%=-860.25, 90%=-830.7999877929688, 95%=-812.7999877929688, 98%=-800.6799926757812
ranking_best_algo: CMAL3
ranking_best_score: 928.5800000000002
ranking_my_rank: 66/504 (87.1%)
ranking_my_percent: 87.10317460317461
