ConfigName: krbf__advnormalizedfitness__M1__L8__eps0p025__g0p007__ds0p3__dm0p3
Problem: QUBO
Kernel: rbf
Advantage: normalizedfitness
M: 1
lambda: 8
epsilon_svgd: 0.025
gamma: 0.007
decay_start_ratio: 0.3
decay_min_factor: 0.3
bandwith_kernel: None
no_interact: False
avg_score: -2519.6201171875
median_score: -2513.0
std_score: 205.16983032226562
percentiles: 2%=-2869.139892578125, 5%=-2790.14990234375, 10%=-2722.800048828125, 25%=-2615.75, 50%=-2513.0, 75%=-2441.75, 90%=-2380.60009765625, 95%=-2315.10009765625, 98%=-2289.9599609375
ranking_best_algo: SVM1MetaModelLogNormal
ranking_best_score: 2605.14
ranking_my_rank: 60/504 (88.3%)
ranking_my_percent: 88.2936507936508
