ConfigName: krbf__advnormalizedfitness__M3__L10__eps0p015__g0p005__ds0p3__dm0p3
Problem: NK
Kernel: rbf
Advantage: normalizedfitness
M: 3
lambda: 10
epsilon_svgd: 0.015
gamma: 0.005
decay_start_ratio: 0.3
decay_min_factor: 0.3
bandwith_kernel: None
no_interact: False
avg_score: 0.7549288272857666
median_score: 0.7567204236984253
std_score: 0.014039326459169388
percentiles: 2%=0.7250217795372009, 5%=0.7296682000160217, 10%=0.7326465249061584, 25%=0.7464600205421448, 50%=0.7567204236984253, 75%=0.7659727931022644, 90%=0.771950900554657, 95%=0.7728464007377625, 98%=0.7754912376403809
ranking_best_algo: Tabu
ranking_best_score: 0.7657846284375001
ranking_my_rank: 7/504 (98.8%)
ranking_my_percent: 98.80952380952381
