ConfigName: krbf__advnormalizedfitness__M2__L6__eps0p01__g0p01__ds0p01__dm0p3
Problem: QUBO
Kernel: rbf
Advantage: normalizedfitness
M: 2
lambda: 6
epsilon_svgd: 0.01
gamma: 0.01
decay_start_ratio: 0.01
decay_min_factor: 0.3
bandwith_kernel: None
no_interact: False
avg_score: -1175.0400390625
median_score: -1169.0
std_score: 57.31787109375
percentiles: 2%=-1327.1199951171875, 5%=-1273.300048828125, 10%=-1247.5999755859375, 25%=-1211.5, 50%=-1169.0, 75%=-1131.75, 90%=-1107.5, 95%=-1095.800048828125, 98%=-1089.9599609375
ranking_best_algo: Tabu
ranking_best_score: 1216.16
ranking_my_rank: 82/504 (83.9%)
ranking_my_percent: 83.92857142857143
