ConfigName: kfr__advglobalrankweighted__M2__L9__eps0p01__g0p007__ds0p01__dm0p01
Problem: NK
Kernel: fr
Advantage: globalrankweighted
M: 2
lambda: 9
epsilon_svgd: 0.01
gamma: 0.007
decay_start_ratio: 0.01
decay_min_factor: 0.01
bandwith_kernel: None
no_interact: False
avg_score: 0.7381269335746765
median_score: 0.7393486499786377
std_score: 0.014535360969603062
percentiles: 2%=0.7092885971069336, 5%=0.7128045558929443, 10%=0.7195726037025452, 25%=0.7285172939300537, 50%=0.7393486499786377, 75%=0.7469818592071533, 90%=0.7555033564567566, 95%=0.7593485116958618, 98%=0.770945131778717
ranking_best_algo: Tabu
ranking_best_score: 0.7601875690625
ranking_my_rank: 19/504 (96.4%)
ranking_my_percent: 96.42857142857143
