ConfigName: kjsd__advperagentrankweighted__M8__L12__eps0p008__g0p0005__ds0p3__dm0p05
Problem: NK
Kernel: jsd
Advantage: peragentrankweighted
M: 8
lambda: 12
epsilon_svgd: 0.008
gamma: 0.0005
decay_start_ratio: 0.3
decay_min_factor: 0.05
bandwith_kernel: None
no_interact: False
avg_score: 0.7451545000076294
median_score: 0.7423104643821716
std_score: 0.028037279844284058
percentiles: 2%=0.7009932994842529, 5%=0.7083970308303833, 10%=0.7142483592033386, 25%=0.7248810529708862, 50%=0.7423104643821716, 75%=0.7585474252700806, 90%=0.7783373594284058, 95%=0.8046817779541016, 98%=0.8118547797203064
ranking_best_algo: CMApara
ranking_best_score: 0.7459277895312499
ranking_my_rank: 2/504 (99.8%)
ranking_my_percent: 99.8015873015873
