ConfigName: krbf__advnormalizedfitness__M4__L8__eps0p015__g0p007__ds0p3__dm0p01
Problem: QUBO
Kernel: rbf
Advantage: normalizedfitness
M: 4
lambda: 8
epsilon_svgd: 0.015
gamma: 0.007
decay_start_ratio: 0.3
decay_min_factor: 0.01
bandwith_kernel: None
no_interact: False
avg_score: -311.44000244140625
median_score: -315.0
std_score: 38.69375228881836
percentiles: 2%=-394.0, 5%=-388.0, 10%=-360.3999938964844, 25%=-334.5, 50%=-315.0, 75%=-274.75, 90%=-267.8999938964844, 95%=-262.9000244140625, 98%=-257.9599914550781
ranking_best_algo: CMApara
ranking_best_score: 319.29999999999995
ranking_my_rank: 39/504 (92.5%)
ranking_my_percent: 92.46031746031746
