ConfigName: krbf__advnormalizedfitness__M3__L24__eps0p025__g0p005__ds0p05__dm0p05
Problem: QUBO
Kernel: rbf
Advantage: normalizedfitness
M: 3
lambda: 24
epsilon_svgd: 0.025
gamma: 0.005
decay_start_ratio: 0.05
decay_min_factor: 0.05
bandwith_kernel: None
no_interact: False
avg_score: -574.2000122070312
median_score: -569.5
std_score: 28.28497886657715
percentiles: 2%=-633.0800170898438, 5%=-625.2999877929688, 10%=-611.0, 25%=-594.25, 50%=-569.5, 75%=-552.0, 90%=-545.0, 95%=-535.5999755859375, 98%=-518.760009765625
ranking_best_algo: Tabu
ranking_best_score: 588.7199999999999
ranking_my_rank: 57/503 (88.9%)
ranking_my_percent: 88.86679920477137
