ConfigName: krbf__advnormalizedfitness__M2__L6__eps0p01__g0p01__ds0p3__dm0p01
Problem: QUBO
Kernel: rbf
Advantage: normalizedfitness
M: 2
lambda: 6
epsilon_svgd: 0.01
gamma: 0.01
decay_start_ratio: 0.3
decay_min_factor: 0.01
bandwith_kernel: None
no_interact: False
avg_score: -2582.419921875
median_score: -2610.5
std_score: 122.2254638671875
percentiles: 2%=-2785.419921875, 5%=-2770.050048828125, 10%=-2730.0, 25%=-2670.25, 50%=-2610.5, 75%=-2472.75, 90%=-2413.10009765625, 95%=-2363.800048828125, 98%=-2335.8798828125
ranking_best_algo: DiscreteLengler2OnePlusOne
ranking_best_score: 2617.04
ranking_my_rank: 47/504 (90.9%)
ranking_my_percent: 90.87301587301587
