ConfigName: kjsd__advperagentrankweighted__M3__L20__eps0p01__g0p0005__ds0p05__dm0p05
Problem: NK
Kernel: jsd
Advantage: peragentrankweighted
M: 3
lambda: 20
epsilon_svgd: 0.01
gamma: 0.0005
decay_start_ratio: 0.05
decay_min_factor: 0.05
bandwith_kernel: None
no_interact: False
avg_score: 0.7423417568206787
median_score: 0.739316463470459
std_score: 0.028279514983296394
percentiles: 2%=0.7009403705596924, 5%=0.7059552669525146, 10%=0.710919976234436, 25%=0.7224491834640503, 50%=0.739316463470459, 75%=0.757391095161438, 90%=0.7763844132423401, 95%=0.8044298887252808, 98%=0.8109671473503113
ranking_best_algo: CMApara
ranking_best_score: 0.7459277895312499
ranking_my_rank: 20/504 (96.2%)
ranking_my_percent: 96.23015873015873
