ConfigName: krbf__advglobalrankweighted__M4__L11__eps0p02__g0p005__ds0p01__dm0p01
Problem: QUBO
Kernel: rbf
Advantage: globalrankweighted
M: 4
lambda: 11
epsilon_svgd: 0.02
gamma: 0.005
decay_start_ratio: 0.01
decay_min_factor: 0.01
bandwith_kernel: None
no_interact: False
avg_score: -575.52001953125
median_score: -576.5
std_score: 27.757694244384766
percentiles: 2%=-627.1599731445312, 5%=-619.0999755859375, 10%=-612.0999755859375, 25%=-595.0, 50%=-576.5, 75%=-556.75, 90%=-540.9000244140625, 95%=-533.9000244140625, 98%=-510.91998291015625
ranking_best_algo: Tabu
ranking_best_score: 588.7199999999999
ranking_my_rank: 57/503 (88.9%)
ranking_my_percent: 88.86679920477137
