ConfigName: kjsd__advperagentrankweighted__M3__L16__eps0p007__g0p003__ds0p2__dm0p1
Problem: NK
Kernel: jsd
Advantage: peragentrankweighted
M: 3
lambda: 16
epsilon_svgd: 0.007
gamma: 0.003
decay_start_ratio: 0.2
decay_min_factor: 0.1
bandwith_kernel: None
no_interact: False
avg_score: 0.7053772807121277
median_score: 0.7057945728302002
std_score: 0.019203059375286102
percentiles: 2%=0.6686426401138306, 5%=0.6702339053153992, 10%=0.6823610663414001, 25%=0.6934025287628174, 50%=0.7057945728302002, 75%=0.7181685566902161, 90%=0.7284384369850159, 95%=0.734932005405426, 98%=0.7450798749923706
ranking_best_algo: Tabu
ranking_best_score: 0.7429702712499999
ranking_my_rank: 172/504 (66.1%)
ranking_my_percent: 66.07142857142857
