ConfigName: kjsd__advperagentrankweighted__M3__L30__eps0p005__g0p0005__ds0p2__dm0p1
Problem: QUBO
Kernel: jsd
Advantage: peragentrankweighted
M: 3
lambda: 30
epsilon_svgd: 0.005
gamma: 0.0005
decay_start_ratio: 0.2
decay_min_factor: 0.1
bandwith_kernel: None
no_interact: False
avg_score: -424.29998779296875
median_score: -422.5
std_score: 31.373077392578125
percentiles: 2%=-485.0, 5%=-475.1000061035156, 10%=-465.0, 25%=-448.25, 50%=-422.5, 75%=-403.75, 90%=-381.8999938964844, 95%=-370.8999938964844, 98%=-361.9200134277344
ranking_best_algo: CMAL3
ranking_best_score: 435.36
ranking_my_rank: 31/504 (94.0%)
ranking_my_percent: 94.04761904761905
