ConfigName: kjsd__advperagentrankweighted__M3__L16__eps0p005__g0p001__ds0p1__dm0p05
Problem: QUBO
Kernel: jsd
Advantage: peragentrankweighted
M: 3
lambda: 16
epsilon_svgd: 0.005
gamma: 0.001
decay_start_ratio: 0.1
decay_min_factor: 0.05
bandwith_kernel: None
no_interact: False
avg_score: -332.94000244140625
median_score: -339.0
std_score: 19.40196990966797
percentiles: 2%=-372.0, 5%=-354.1499938964844, 10%=-350.3999938964844, 25%=-343.0, 50%=-339.0, 75%=-324.0, 90%=-308.0, 95%=-291.8999938964844, 98%=-283.9200134277344
ranking_best_algo: CMApara
ranking_best_score: 344.22
ranking_my_rank: 69/504 (86.5%)
ranking_my_percent: 86.5079365079365
