ConfigName: kjsd__advperagentrankweighted__M4__L20__eps0p007__g0p0005__ds0p2__dm0p05
Problem: QUBO
Kernel: jsd
Advantage: peragentrankweighted
M: 4
lambda: 20
epsilon_svgd: 0.007
gamma: 0.0005
decay_start_ratio: 0.2
decay_min_factor: 0.05
bandwith_kernel: None
no_interact: False
avg_score: -1634.760009765625
median_score: -1627.5
std_score: 54.882076263427734
percentiles: 2%=-1742.06005859375, 5%=-1728.0999755859375, 10%=-1706.699951171875, 25%=-1674.0, 50%=-1627.5, 75%=-1605.0, 90%=-1568.4000244140625, 95%=-1546.800048828125, 98%=-1534.6800537109375
ranking_best_algo: NLOPT_LN_PRAXIS
ranking_best_score: 1607.12
ranking_my_rank: 1/504 (100.0%)
ranking_my_percent: 100.0
