ConfigName: kjsd__advperagentrankweighted__M3__L18__eps0p01__g0p0007__ds0p05__dm0p2
Problem: QUBO
Kernel: jsd
Advantage: peragentrankweighted
M: 3
lambda: 18
epsilon_svgd: 0.01
gamma: 0.0007
decay_start_ratio: 0.05
decay_min_factor: 0.2
bandwith_kernel: None
no_interact: False
avg_score: -3304.5
median_score: -3304.0
std_score: 109.85057830810547
percentiles: 2%=-3538.52001953125, 5%=-3491.300048828125, 10%=-3434.800048828125, 25%=-3375.75, 50%=-3304.0, 75%=-3242.0, 90%=-3154.800048828125, 95%=-3107.0, 98%=-3082.699951171875
ranking_best_algo: RLSOnePlusOne
ranking_best_score: 3316.5199999999995
ranking_my_rank: 3/504 (99.6%)
ranking_my_percent: 99.60317460317461
