ConfigName: krbf__advnormalizedfitness__M1__L8__eps0p033__g0p015__ds0p3__dm0p01
Problem: QUBO
Kernel: rbf
Advantage: normalizedfitness
M: 1
lambda: 8
epsilon_svgd: 0.033
gamma: 0.015
decay_start_ratio: 0.3
decay_min_factor: 0.01
bandwith_kernel: None
no_interact: False
avg_score: -1154.8599853515625
median_score: -1155.0
std_score: 68.70458984375
percentiles: 2%=-1309.3199462890625, 5%=-1259.5999755859375, 10%=-1232.5999755859375, 25%=-1195.0, 50%=-1155.0, 75%=-1117.5, 90%=-1069.9000244140625, 95%=-1038.4500732421875, 98%=-1002.9599609375
ranking_best_algo: Tabu
ranking_best_score: 1216.16
ranking_my_rank: 107/504 (79.0%)
ranking_my_percent: 78.96825396825396
