ConfigName: krbf__advnormalizedfitness__M4__L12__eps0p033__g0p01__ds0p3__dm0p3
Problem: QUBO
Kernel: rbf
Advantage: normalizedfitness
M: 4
lambda: 12
epsilon_svgd: 0.033
gamma: 0.01
decay_start_ratio: 0.3
decay_min_factor: 0.3
bandwith_kernel: None
no_interact: False
avg_score: -1062.06005859375
median_score: -1062.0
std_score: 94.47039031982422
percentiles: 2%=-1233.800048828125, 5%=-1215.0999755859375, 10%=-1170.5999755859375, 25%=-1132.75, 50%=-1062.0, 75%=-993.5, 90%=-939.9000244140625, 95%=-915.9500122070312, 98%=-902.5399169921875
ranking_best_algo: Tabu
ranking_best_score: 1216.16
ranking_my_rank: 230/504 (54.6%)
ranking_my_percent: 54.56349206349206
