ConfigName: kjsd__advperagentrankweighted__M3__L20__eps0p007__g0p001__ds0p1__dm0p05
Problem: NK
Kernel: jsd
Advantage: peragentrankweighted
M: 3
lambda: 20
epsilon_svgd: 0.007
gamma: 0.001
decay_start_ratio: 0.1
decay_min_factor: 0.05
bandwith_kernel: None
no_interact: False
avg_score: 0.7117723822593689
median_score: 0.6996403932571411
std_score: 0.031305134296417236
percentiles: 2%=0.674249529838562, 5%=0.6751561164855957, 10%=0.6795444488525391, 25%=0.6836183071136475, 50%=0.6996403932571411, 75%=0.7463037967681885, 90%=0.7527669072151184, 95%=0.7613165378570557, 98%=0.7613165378570557
ranking_best_algo: CMApara
ranking_best_score: 0.7118996098437498
ranking_my_rank: 2/504 (99.8%)
ranking_my_percent: 99.8015873015873
