ConfigName: kjsd__advperagentrankweighted__M3__L18__eps0p007__g0p0005__ds0p2__dm0p05
Problem: QUBO
Kernel: jsd
Advantage: peragentrankweighted
M: 3
lambda: 18
epsilon_svgd: 0.007
gamma: 0.0005
decay_start_ratio: 0.2
decay_min_factor: 0.05
bandwith_kernel: None
no_interact: False
avg_score: -912.0599975585938
median_score: -907.5
std_score: 65.84539794921875
percentiles: 2%=-1032.52001953125, 5%=-1020.0999755859375, 10%=-988.0, 25%=-971.0, 50%=-907.5, 75%=-865.5, 90%=-830.9000244140625, 95%=-816.8499755859375, 98%=-806.260009765625
ranking_best_algo: CMAL3
ranking_best_score: 928.5800000000002
ranking_my_rank: 20/504 (96.2%)
ranking_my_percent: 96.23015873015873
