ConfigName: krbf__advnormalizedfitness__M4__L8__eps0p025__g0p005__ds0p01__dm0p01
Problem: QUBO
Kernel: rbf
Advantage: normalizedfitness
M: 4
lambda: 8
epsilon_svgd: 0.025
gamma: 0.005
decay_start_ratio: 0.01
decay_min_factor: 0.01
bandwith_kernel: None
no_interact: False
avg_score: -2525.56005859375
median_score: -2521.0
std_score: 128.4683837890625
percentiles: 2%=-2845.760009765625, 5%=-2740.050048828125, 10%=-2695.60009765625, 25%=-2600.75, 50%=-2521.0, 75%=-2450.0, 90%=-2371.199951171875, 95%=-2333.10009765625, 98%=-2269.919921875
ranking_best_algo: DiscreteLengler2OnePlusOne
ranking_best_score: 2617.04
ranking_my_rank: 60/504 (88.3%)
ranking_my_percent: 88.2936507936508
