ConfigName: kjsd__advperagentrankweighted__M8__L24__eps0p008__g0p0005__ds0p05__dm0p05
Problem: QUBO
Kernel: jsd
Advantage: peragentrankweighted
M: 8
lambda: 24
epsilon_svgd: 0.008
gamma: 0.0005
decay_start_ratio: 0.05
decay_min_factor: 0.05
bandwith_kernel: None
no_interact: False
avg_score: -924.280029296875
median_score: -926.5
std_score: 64.32217407226562
percentiles: 2%=-1068.0799560546875, 5%=-1027.0999755859375, 10%=-999.0999755859375, 25%=-972.5, 50%=-926.5, 75%=-871.75, 90%=-842.7999877929688, 95%=-824.9000244140625, 98%=-814.280029296875
ranking_best_algo: CMApara
ranking_best_score: 964.9
ranking_my_rank: 21/504 (96.0%)
ranking_my_percent: 96.03174603174604
