ConfigName: krbf__advnormalizedfitness__M4__L10__eps0p033__g0p007__ds0p01__dm0p3
Problem: NK
Kernel: rbf
Advantage: normalizedfitness
M: 4
lambda: 10
epsilon_svgd: 0.033
gamma: 0.007
decay_start_ratio: 0.01
decay_min_factor: 0.3
bandwith_kernel: None
no_interact: False
avg_score: 0.7544541954994202
median_score: 0.7552828192710876
std_score: 0.014469249173998833
percentiles: 2%=0.7306589484214783, 5%=0.7321851849555969, 10%=0.7345262765884399, 25%=0.7423936128616333, 50%=0.7552828192710876, 75%=0.76480633020401, 90%=0.7737213373184204, 95%=0.7763659358024597, 98%=0.7780154943466187
ranking_best_algo: Tabu
ranking_best_score: 0.7470791764843752
ranking_my_rank: 1/504 (100.0%)
ranking_my_percent: 100.0
