ConfigName: krbf__advnormalizedfitness__M1__L8__eps0p033__g0p015__ds0p3__dm0p3
Problem: QUBO
Kernel: rbf
Advantage: normalizedfitness
M: 1
lambda: 8
epsilon_svgd: 0.033
gamma: 0.015
decay_start_ratio: 0.3
decay_min_factor: 0.3
bandwith_kernel: None
no_interact: False
avg_score: -415.2200012207031
median_score: -417.0
std_score: 31.4126033782959
percentiles: 2%=-475.0400085449219, 5%=-467.1000061035156, 10%=-455.1000061035156, 25%=-435.25, 50%=-417.0, 75%=-394.75, 90%=-375.8999938964844, 95%=-361.8500061035156, 98%=-338.0
ranking_best_algo: CMAL3
ranking_best_score: 435.36
ranking_my_rank: 108/504 (78.8%)
ranking_my_percent: 78.76984126984127
