ConfigName: kjsd__advperagentrankweighted__M4__L12__eps0p005__g0p001__ds0p1__dm0p2
Problem: NK
Kernel: jsd
Advantage: peragentrankweighted
M: 4
lambda: 12
epsilon_svgd: 0.005
gamma: 0.001
decay_start_ratio: 0.1
decay_min_factor: 0.2
bandwith_kernel: None
no_interact: False
avg_score: 0.7562838196754456
median_score: 0.7562094330787659
std_score: 0.014400304295122623
percentiles: 2%=0.7250849604606628, 5%=0.7309542894363403, 10%=0.7374904155731201, 25%=0.746428906917572, 50%=0.7562094330787659, 75%=0.767054557800293, 90%=0.7728455662727356, 95%=0.7779498100280762, 98%=0.7811186909675598
ranking_best_algo: Tabu
ranking_best_score: 0.7657846284375001
ranking_my_rank: 3/504 (99.6%)
ranking_my_percent: 99.60317460317461
