ConfigName: kjsd__advperagentrankweighted__M6__L30__eps0p005__g0p0005__ds0p05__dm0p05
Problem: QUBO
Kernel: jsd
Advantage: peragentrankweighted
M: 6
lambda: 30
epsilon_svgd: 0.005
gamma: 0.0005
decay_start_ratio: 0.05
decay_min_factor: 0.05
bandwith_kernel: None
no_interact: False
avg_score: -2183.780029296875
median_score: -2168.5
std_score: 164.16183471679688
percentiles: 2%=-2556.840087890625, 5%=-2484.89990234375, 10%=-2383.800048828125, 25%=-2271.5, 50%=-2168.5, 75%=-2068.0, 90%=-1976.9000244140625, 95%=-1935.0999755859375, 98%=-1885.8199462890625
ranking_best_algo: SVM1MetaModelLogNormal
ranking_best_score: 2605.14
ranking_my_rank: 191/504 (62.3%)
ranking_my_percent: 62.301587301587304
