ConfigName: kjsd__advperagentrankweighted__M3__L30__eps0p005__g0p0005__ds0p05__dm0p2
Problem: NK
Kernel: jsd
Advantage: peragentrankweighted
M: 3
lambda: 30
epsilon_svgd: 0.005
gamma: 0.0005
decay_start_ratio: 0.05
decay_min_factor: 0.2
bandwith_kernel: None
no_interact: False
avg_score: 0.7075543403625488
median_score: 0.7094919681549072
std_score: 0.011660546995699406
percentiles: 2%=0.687533974647522, 5%=0.6898805499076843, 10%=0.6919578909873962, 25%=0.6962785720825195, 50%=0.7094919681549072, 75%=0.717991292476654, 90%=0.721294105052948, 95%=0.722713828086853, 98%=0.7238450050354004
ranking_best_algo: PBIL
ranking_best_score: 0.7013553837109374
ranking_my_rank: 1/504 (100.0%)
ranking_my_percent: 100.0
