ConfigName: krbf__advnormalizedfitness__M4__L12__eps0p025__g0p01__ds0p15__dm0p3
Problem: QUBO
Kernel: rbf
Advantage: normalizedfitness
M: 4
lambda: 12
epsilon_svgd: 0.025
gamma: 0.01
decay_start_ratio: 0.15
decay_min_factor: 0.3
bandwith_kernel: None
no_interact: False
avg_score: -751.0399780273438
median_score: -745.0
std_score: 73.46359252929688
percentiles: 2%=-914.260009765625, 5%=-873.2999877929688, 10%=-846.5999755859375, 25%=-802.75, 50%=-745.0, 75%=-696.75, 90%=-656.7999877929688, 95%=-642.8500366210938, 98%=-623.9599609375
ranking_best_algo: CMAL3
ranking_best_score: 928.5800000000002
ranking_my_rank: 323/504 (36.1%)
ranking_my_percent: 36.111111111111114
