ConfigName: krbf__advnormalizedfitness__M1__L8__eps0p025__g0p015__ds0p3__dm0p3
Problem: QUBO
Kernel: rbf
Advantage: normalizedfitness
M: 1
lambda: 8
epsilon_svgd: 0.025
gamma: 0.015
decay_start_ratio: 0.3
decay_min_factor: 0.3
bandwith_kernel: None
no_interact: False
avg_score: -1283.219970703125
median_score: -1288.0
std_score: 61.67050552368164
percentiles: 2%=-1389.0999755859375, 5%=-1374.300048828125, 10%=-1356.4000244140625, 25%=-1327.5, 50%=-1288.0, 75%=-1238.75, 90%=-1206.800048828125, 95%=-1173.0, 98%=-1140.760009765625
ranking_best_algo: BigLognormalDiscreteOnePlusOne
ranking_best_score: 1301.3600000000004
ranking_my_rank: 5/504 (99.2%)
ranking_my_percent: 99.2063492063492
