ConfigName: krbf__advnormalizedfitness__M3__L12__eps0p025__g0p01__ds0p01__dm0p01
Problem: NK
Kernel: rbf
Advantage: normalizedfitness
M: 3
lambda: 12
epsilon_svgd: 0.025
gamma: 0.01
decay_start_ratio: 0.01
decay_min_factor: 0.01
bandwith_kernel: None
no_interact: False
avg_score: 0.734406590461731
median_score: 0.7362848520278931
std_score: 0.008994629606604576
percentiles: 2%=0.714114248752594, 5%=0.7172309756278992, 10%=0.7204514145851135, 25%=0.7285910844802856, 50%=0.7362848520278931, 75%=0.7411102056503296, 90%=0.7440401315689087, 95%=0.7465450167655945, 98%=0.7475820183753967
ranking_best_algo: PBIL
ranking_best_score: 0.7248786399609374
ranking_my_rank: 1/504 (100.0%)
ranking_my_percent: 100.0
