ConfigName: krbf__advnormalizedfitness__M3__L8__eps0p033__g0p01__ds0p3__dm0p01
Problem: QUBO
Kernel: rbf
Advantage: normalizedfitness
M: 3
lambda: 8
epsilon_svgd: 0.033
gamma: 0.01
decay_start_ratio: 0.3
decay_min_factor: 0.01
bandwith_kernel: None
no_interact: False
avg_score: -310.0
median_score: -311.0
std_score: 39.54541778564453
percentiles: 2%=-396.0, 5%=-384.3999938964844, 10%=-360.0, 25%=-334.0, 50%=-311.0, 75%=-274.75, 90%=-267.8999938964844, 95%=-254.0, 98%=-243.95999145507812
ranking_best_algo: CMApara
ranking_best_score: 319.29999999999995
ranking_my_rank: 65/504 (87.3%)
ranking_my_percent: 87.3015873015873
