ConfigName: krbf__advnormalizedfitness__M3__L12__eps0p033__g0p005__ds0p01__dm0p3
Problem: QUBO
Kernel: rbf
Advantage: normalizedfitness
M: 3
lambda: 12
epsilon_svgd: 0.033
gamma: 0.005
decay_start_ratio: 0.01
decay_min_factor: 0.3
bandwith_kernel: None
no_interact: False
avg_score: -431.0400085449219
median_score: -434.0
std_score: 26.78429412841797
percentiles: 2%=-481.0, 5%=-472.04998779296875, 10%=-465.20001220703125, 25%=-455.0, 50%=-434.0, 75%=-408.75, 90%=-395.0, 95%=-389.9000244140625, 98%=-385.97998046875
ranking_best_algo: CMApara
ranking_best_score: 453.82
ranking_my_rank: 86/504 (83.1%)
ranking_my_percent: 83.13492063492063
