ConfigName: kjsd__advperagentrankweighted__M3__L30__eps0p005__g0p001__ds0p1__dm0p05
Problem: NK
Kernel: jsd
Advantage: peragentrankweighted
M: 3
lambda: 30
epsilon_svgd: 0.005
gamma: 0.001
decay_start_ratio: 0.1
decay_min_factor: 0.05
bandwith_kernel: None
no_interact: False
avg_score: 0.7576131224632263
median_score: 0.7586670517921448
std_score: 0.01302899420261383
percentiles: 2%=0.7347179055213928, 5%=0.7376165986061096, 10%=0.741530179977417, 25%=0.7483119964599609, 50%=0.7586670517921448, 75%=0.7678821086883545, 90%=0.7749542593955994, 95%=0.7766950130462646, 98%=0.7778124809265137
ranking_best_algo: Tabu
ranking_best_score: 0.7470791764843752
ranking_my_rank: 1/504 (100.0%)
ranking_my_percent: 100.0
