ConfigName: krbf__advnormalizedfitness__M3__L12__eps0p033__g0p015__ds0p01__dm0p01
Problem: QUBO
Kernel: rbf
Advantage: normalizedfitness
M: 3
lambda: 12
epsilon_svgd: 0.033
gamma: 0.015
decay_start_ratio: 0.01
decay_min_factor: 0.01
bandwith_kernel: None
no_interact: False
avg_score: -1190.0799560546875
median_score: -1190.0
std_score: 65.97161102294922
percentiles: 2%=-1351.280029296875, 5%=-1335.199951171875, 10%=-1271.0999755859375, 25%=-1222.0, 50%=-1190.0, 75%=-1142.25, 90%=-1115.9000244140625, 95%=-1097.8499755859375, 98%=-1077.9599609375
ranking_best_algo: Tabu
ranking_best_score: 1216.16
ranking_my_rank: 55/504 (89.3%)
ranking_my_percent: 89.28571428571429
