ConfigName: kjsd__advperagentrankweighted__M6__L8__eps0p02__g0p0003__ds0p05__dm0p05
Problem: QUBO
Kernel: jsd
Advantage: peragentrankweighted
M: 6
lambda: 8
epsilon_svgd: 0.02
gamma: 0.0003
decay_start_ratio: 0.05
decay_min_factor: 0.05
bandwith_kernel: None
no_interact: False
avg_score: -932.6599731445312
median_score: -934.5
std_score: 64.01799774169922
percentiles: 2%=-1061.06005859375, 5%=-1042.699951171875, 10%=-1023.5999755859375, 25%=-978.5, 50%=-934.5, 75%=-885.75, 90%=-845.0, 95%=-836.9000244140625, 98%=-824.719970703125
ranking_best_algo: CMApara
ranking_best_score: 964.9
ranking_my_rank: 19/504 (96.4%)
ranking_my_percent: 96.42857142857143
