ConfigName: kjsd__advperagentrankweighted__M4__L8__eps0p006__g0p0005__ds0p05__dm0p05
Problem: NK
Kernel: jsd
Advantage: peragentrankweighted
M: 4
lambda: 8
epsilon_svgd: 0.006
gamma: 0.0005
decay_start_ratio: 0.05
decay_min_factor: 0.05
bandwith_kernel: None
no_interact: False
avg_score: 0.735659122467041
median_score: 0.7369056940078735
std_score: 0.008563400246202946
percentiles: 2%=0.72043776512146, 5%=0.7215769290924072, 10%=0.7232204675674438, 25%=0.7287819981575012, 50%=0.7369056940078735, 75%=0.7420752644538879, 90%=0.7462241649627686, 95%=0.7470297813415527, 98%=0.751196563243866
ranking_best_algo: PBIL
ranking_best_score: 0.730509098125
ranking_my_rank: 1/504 (100.0%)
ranking_my_percent: 100.0
