ConfigName: kjsd__advperagentrankweighted__M5__L10__eps0p005__g0p0007__ds0p05__dm0p2
Problem: QUBO
Kernel: jsd
Advantage: peragentrankweighted
M: 5
lambda: 10
epsilon_svgd: 0.005
gamma: 0.0007
decay_start_ratio: 0.05
decay_min_factor: 0.2
bandwith_kernel: None
no_interact: False
avg_score: -139.4199981689453
median_score: -141.0
std_score: 11.526646614074707
percentiles: 2%=-159.02000427246094, 5%=-158.0, 10%=-156.0, 25%=-147.0, 50%=-141.0, 75%=-130.0, 90%=-125.0, 95%=-120.80000305175781, 98%=-114.0
ranking_best_algo: DiscreteDE
ranking_best_score: 143.4
ranking_my_rank: 85/504 (83.3%)
ranking_my_percent: 83.33333333333333
