ConfigName: krbf__advnormalizedfitness__M2__L8__eps0p015__g0p005__ds0p15__dm0p3
Problem: QUBO
Kernel: rbf
Advantage: normalizedfitness
M: 2
lambda: 8
epsilon_svgd: 0.015
gamma: 0.005
decay_start_ratio: 0.15
decay_min_factor: 0.3
bandwith_kernel: None
no_interact: False
avg_score: -197.39999389648438
median_score: -198.0
std_score: 13.635248184204102
percentiles: 2%=-224.0, 5%=-220.10000610351562, 10%=-215.3000030517578, 25%=-207.0, 50%=-198.0, 75%=-187.0, 90%=-181.89999389648438, 95%=-178.0, 98%=-172.89999389648438
ranking_best_algo: Tabu
ranking_best_score: 208.36000000000004
ranking_my_rank: 115/504 (77.4%)
ranking_my_percent: 77.38095238095238
