ConfigName: kjsd__advperagentrankweighted__M5__L8__eps0p005__g0p003__ds0p2__dm0p05
Problem: QUBO
Kernel: jsd
Advantage: peragentrankweighted
M: 5
lambda: 8
epsilon_svgd: 0.005
gamma: 0.003
decay_start_ratio: 0.2
decay_min_factor: 0.05
bandwith_kernel: None
no_interact: False
avg_score: -550.719970703125
median_score: -548.0
std_score: 34.44417953491211
percentiles: 2%=-613.1599731445312, 5%=-603.25, 10%=-593.4000244140625, 25%=-575.0, 50%=-548.0, 75%=-522.75, 90%=-506.8999938964844, 95%=-498.0, 98%=-491.55999755859375
ranking_best_algo: Tabu
ranking_best_score: 588.7199999999999
ranking_my_rank: 153/503 (69.8%)
ranking_my_percent: 69.78131212723657
