ConfigName: kjsd__advperagentrankweighted__M3__L30__eps0p007__g0p001__ds0p05__dm0p05
Problem: QUBO
Kernel: jsd
Advantage: peragentrankweighted
M: 3
lambda: 30
epsilon_svgd: 0.007
gamma: 0.001
decay_start_ratio: 0.05
decay_min_factor: 0.05
bandwith_kernel: None
no_interact: False
avg_score: -416.8399963378906
median_score: -419.0
std_score: 24.524568557739258
percentiles: 2%=-461.239990234375, 5%=-453.1000061035156, 10%=-449.20001220703125, 25%=-430.0, 50%=-419.0, 75%=-400.0, 90%=-389.79998779296875, 95%=-375.79998779296875, 98%=-365.8800048828125
ranking_best_algo: Tabu
ranking_best_score: 438.12
ranking_my_rank: 41/504 (92.1%)
ranking_my_percent: 92.06349206349206
