ConfigName: krbf__advnormalizedfitness__M1__L8__eps0p015__g0p015__ds0p3__dm0p3
Problem: NK
Kernel: rbf
Advantage: normalizedfitness
M: 1
lambda: 8
epsilon_svgd: 0.015
gamma: 0.015
decay_start_ratio: 0.3
decay_min_factor: 0.3
bandwith_kernel: None
no_interact: False
avg_score: 0.7055509686470032
median_score: 0.7061930894851685
std_score: 0.011673745699226856
percentiles: 2%=0.6857713460922241, 5%=0.6870813369750977, 10%=0.6909504532814026, 25%=0.6947697401046753, 50%=0.7061930894851685, 75%=0.7152761220932007, 90%=0.7198824882507324, 95%=0.7218781113624573, 98%=0.7227218747138977
ranking_best_algo: PBIL
ranking_best_score: 0.7013553837109374
ranking_my_rank: 1/504 (100.0%)
ranking_my_percent: 100.0
