ConfigName: kjsd__advperagentrankweighted__M3__L20__eps0p007__g0p0005__ds0p1__dm0p05
Problem: QUBO
Kernel: jsd
Advantage: peragentrankweighted
M: 3
lambda: 20
epsilon_svgd: 0.007
gamma: 0.0005
decay_start_ratio: 0.1
decay_min_factor: 0.05
bandwith_kernel: None
no_interact: False
avg_score: -3315.739990234375
median_score: -3317.5
std_score: 123.56024169921875
percentiles: 2%=-3549.5, 5%=-3487.39990234375, 10%=-3474.60009765625, 25%=-3394.25, 50%=-3317.5, 75%=-3243.25, 90%=-3160.10009765625, 95%=-3087.60009765625, 98%=-3044.860107421875
ranking_best_algo: RLSOnePlusOne
ranking_best_score: 3316.5199999999995
ranking_my_rank: 2/504 (99.8%)
ranking_my_percent: 99.8015873015873
