ConfigName: krbf__advnormalizedfitness__M3__L8__eps0p033__g0p007__ds0p15__dm0p3
Problem: QUBO
Kernel: rbf
Advantage: normalizedfitness
M: 3
lambda: 8
epsilon_svgd: 0.033
gamma: 0.007
decay_start_ratio: 0.15
decay_min_factor: 0.3
bandwith_kernel: None
no_interact: False
avg_score: -1279.9000244140625
median_score: -1269.0
std_score: 61.18635559082031
percentiles: 2%=-1410.06005859375, 5%=-1384.300048828125, 10%=-1361.0, 25%=-1323.5, 50%=-1269.0, 75%=-1236.75, 90%=-1205.699951171875, 95%=-1182.7000732421875, 98%=-1160.919921875
ranking_best_algo: BigLognormalDiscreteOnePlusOne
ranking_best_score: 1301.3600000000004
ranking_my_rank: 31/504 (94.0%)
ranking_my_percent: 94.04761904761905
