ConfigName: kjsd__advperagentrankweighted__M3__L20__eps0p007__g0p001__ds0p2__dm0p2
Problem: QUBO
Kernel: jsd
Advantage: peragentrankweighted
M: 3
lambda: 20
epsilon_svgd: 0.007
gamma: 0.001
decay_start_ratio: 0.2
decay_min_factor: 0.2
bandwith_kernel: None
no_interact: False
avg_score: -407.1199951171875
median_score: -403.5
std_score: 28.51009750366211
percentiles: 2%=-457.2799987792969, 5%=-453.04998779296875, 10%=-446.20001220703125, 25%=-426.0, 50%=-403.5, 75%=-390.0, 90%=-371.3999938964844, 95%=-358.0, 98%=-355.9200134277344
ranking_best_algo: Tabu
ranking_best_score: 438.12
ranking_my_rank: 160/504 (68.5%)
ranking_my_percent: 68.45238095238095
