ConfigName: kjsd__advperagentrankweighted__M3__L30__eps0p005__g0p001__ds0p05__dm0p05
Problem: QUBO
Kernel: jsd
Advantage: peragentrankweighted
M: 3
lambda: 30
epsilon_svgd: 0.005
gamma: 0.001
decay_start_ratio: 0.05
decay_min_factor: 0.05
bandwith_kernel: None
no_interact: False
avg_score: -2584.6201171875
median_score: -2589.0
std_score: 120.42829132080078
percentiles: 2%=-2799.699951171875, 5%=-2783.64990234375, 10%=-2748.10009765625, 25%=-2664.25, 50%=-2589.0, 75%=-2491.25, 90%=-2417.699951171875, 95%=-2389.699951171875, 98%=-2364.840087890625
ranking_best_algo: DiscreteLengler2OnePlusOne
ranking_best_score: 2617.04
ranking_my_rank: 47/504 (90.9%)
ranking_my_percent: 90.87301587301587
