ConfigName: kjsd__advperagentrankweighted__M4__L12__eps0p005__g0p0007__ds0p05__dm0p05
Problem: QUBO
Kernel: jsd
Advantage: peragentrankweighted
M: 4
lambda: 12
epsilon_svgd: 0.005
gamma: 0.0007
decay_start_ratio: 0.05
decay_min_factor: 0.05
bandwith_kernel: None
no_interact: False
avg_score: -919.7999877929688
median_score: -915.5
std_score: 68.92822265625
percentiles: 2%=-1062.0, 5%=-1026.050048828125, 10%=-1013.0999755859375, 25%=-974.0, 50%=-915.5, 75%=-874.0, 90%=-836.0, 95%=-810.7000122070312, 98%=-783.6400146484375
ranking_best_algo: CMAL3
ranking_best_score: 928.5800000000002
ranking_my_rank: 9/504 (98.4%)
ranking_my_percent: 98.41269841269842
