ConfigName: kjsd__advperagentrankweighted__M5__L10__eps0p005__g0p0005__ds0p4__dm0p2
Problem: NK
Kernel: jsd
Advantage: peragentrankweighted
M: 5
lambda: 10
epsilon_svgd: 0.005
gamma: 0.0005
decay_start_ratio: 0.4
decay_min_factor: 0.2
bandwith_kernel: None
no_interact: False
avg_score: 0.7418796420097351
median_score: 0.7422972321510315
std_score: 0.009847776964306831
percentiles: 2%=0.7225064039230347, 5%=0.7255945205688477, 10%=0.7284920811653137, 25%=0.7353802919387817, 50%=0.7422972321510315, 75%=0.749176025390625, 90%=0.7540342807769775, 95%=0.7564038634300232, 98%=0.7598608732223511
ranking_best_algo: PBIL
ranking_best_score: 0.733570253046875
ranking_my_rank: 1/504 (100.0%)
ranking_my_percent: 100.0
