ConfigName: krbf__advnormalizedfitness__M1__L8__eps0p025__g0p015__ds0p01__dm0p01
Problem: QUBO
Kernel: rbf
Advantage: normalizedfitness
M: 1
lambda: 8
epsilon_svgd: 0.025
gamma: 0.015
decay_start_ratio: 0.01
decay_min_factor: 0.01
bandwith_kernel: None
no_interact: False
avg_score: -297.17999267578125
median_score: -290.0
std_score: 39.84178161621094
percentiles: 2%=-392.0799865722656, 5%=-376.0, 10%=-353.79998779296875, 25%=-318.5, 50%=-290.0, 75%=-264.75, 90%=-254.89999389648438, 95%=-249.80001831054688, 98%=-239.65992736816406
ranking_best_algo: CMApara
ranking_best_score: 319.29999999999995
ranking_my_rank: 259/504 (48.8%)
ranking_my_percent: 48.80952380952381
