step,best_fitness,avg_hamming,avg_l1,avg_entropy,mean,median,std,2%,5%,10%,25%,50%,75%,90%,95%,98%
30,-0.5369156002998352,127.73907470703125,9.869058609008789,176.58822631835938,0.5369156002998352,0.5360303521156311,0.009234312921762466,0.5193620324134827,0.5224176049232483,0.5261229276657104,0.5307959318161011,0.5360303521156311,0.5426011085510254,0.5502761602401733,0.5523011684417725,0.5560211539268494
60,-0.5419614911079407,127.6747055053711,10.384794235229492,176.4570515950521,0.5419615507125854,0.5409409999847412,0.009548102505505085,0.5232124328613281,0.5277644991874695,0.5304175615310669,0.536508321762085,0.5409409999847412,0.5476722717285156,0.5538733005523682,0.5562708973884583,0.5593029856681824
90,-0.5435997843742371,127.6130599975586,10.814753532409668,176.33727010091147,0.5435997247695923,0.5432940721511841,0.008992942050099373,0.5277087688446045,0.5283284187316895,0.5326270461082458,0.5389294624328613,0.5432940721511841,0.5489453077316284,0.5543861389160156,0.5562708973884583,0.5593029856681824
120,-0.546170175075531,127.559814453125,11.214704513549805,176.22964477539062,0.546170175075531,0.5454992651939392,0.009181899949908257,0.527829110622406,0.5324612855911255,0.536530077457428,0.5401687622070312,0.5454992651939392,0.5507975220680237,0.5562090277671814,0.5608808398246765,0.5646432042121887
150,-0.547629177570343,127.50949096679688,11.54364013671875,176.13077799479166,0.5476292371749878,0.5476664304733276,0.00845918245613575,0.5344060659408569,0.5360898971557617,0.5373058915138245,0.5415782928466797,0.5476664304733276,0.5522500872612,0.5564947724342346,0.5608808398246765,0.5646432042121887
180,-0.5492094159126282,127.45013427734375,11.866817474365234,176.02332051595053,0.549209475517273,0.5487320423126221,0.008628346025943756,0.5344060659408569,0.5372610092163086,0.5389341711997986,0.5439410209655762,0.5487320423126221,0.5539100170135498,0.5599449276924133,0.5621930360794067,0.5696325302124023
210,-0.5499301552772522,127.39259338378906,12.197809219360352,175.91607666015625,0.549930214881897,0.5490680932998657,0.008844983763992786,0.5349952578544617,0.5373353362083435,0.5390705466270447,0.5445613861083984,0.5490680932998657,0.5541517734527588,0.560517430305481,0.5635335445404053,0.5744353532791138
240,-0.5510794520378113,127.33195495605469,12.516273498535156,175.80685424804688,0.551079511642456,0.5500437617301941,0.008367665112018585,0.534995436668396,0.5389426946640015,0.5410097241401672,0.5471429824829102,0.5500437617301941,0.5555222034454346,0.560517430305481,0.5635335445404053,0.5744353532791138
270,-0.5521174073219299,127.2735824584961,12.790431022644043,175.70516459147134,0.5521174073219299,0.5510542988777161,0.00831542257219553,0.5372949838638306,0.5408350229263306,0.5433670878410339,0.547471284866333,0.5510542988777161,0.5560688376426697,0.5612993240356445,0.5647271871566772,0.5744353532791138
300,-0.5526240468025208,127.21031188964844,13.061930656433105,175.59766133626303,0.5526240468025208,0.5516096353530884,0.008217420428991318,0.5389940738677979,0.5423766374588013,0.5434738993644714,0.5475485920906067,0.5516096353530884,0.5563637614250183,0.5614238381385803,0.566925048828125,0.5744353532791138
330,-0.5534180998802185,127.15350341796875,13.310168266296387,175.50030008951822,0.5534180998802185,0.5523406863212585,0.00827814731746912,0.5417714715003967,0.5424283742904663,0.5439807176589966,0.5477331876754761,0.5523406863212585,0.5575926303863525,0.5634278655052185,0.568222165107727,0.5744353532791138
360,-0.5542516112327576,127.10466003417969,13.576416015625,175.40565490722656,0.5542516112327576,0.5533061027526855,0.008248407393693924,0.5417714715003967,0.5424283742904663,0.5448489785194397,0.5486229658126831,0.5533061027526855,0.5581756234169006,0.563856303691864,0.5682849287986755,0.5744353532791138
390,-0.5550181865692139,127.03533935546875,13.841087341308594,175.28882853190103,0.5550181865692139,0.5541700124740601,0.008287221193313599,0.5423778295516968,0.5433827638626099,0.5454787611961365,0.5489606857299805,0.5541700124740601,0.5590267181396484,0.5647746920585632,0.5690163969993591,0.5744353532791138
420,-0.5556926131248474,126.97862243652344,14.078230857849121,175.18905639648438,0.5556926131248474,0.5550335645675659,0.008111461065709591,0.5424291491508484,0.5441015362739563,0.5474962592124939,0.5500710010528564,0.5550335645675659,0.5594314932823181,0.5669389963150024,0.5690163969993591,0.5744353532791138
450,-0.5560780763626099,126.91167449951172,14.291057586669922,175.08211771647134,0.5560780763626099,0.5555140972137451,0.008088787086308002,0.5432978272438049,0.5444371104240417,0.5474962592124939,0.5507125854492188,0.5555140972137451,0.560573935508728,0.5669389963150024,0.5690163969993591,0.5744353532791138
480,-0.5570736527442932,126.84342956542969,14.513654708862305,174.97152201334634,0.557073712348938,0.5567138195037842,0.008348394185304642,0.5437269806861877,0.5454667210578918,0.5476007461547852,0.5511765480041504,0.5567138195037842,0.5619179010391235,0.568223774433136,0.5718587040901184,0.5744353532791138
510,-0.5574600696563721,126.77730560302734,14.722160339355469,174.86615498860678,0.5574600696563721,0.5570666790008545,0.008181557059288025,0.54538494348526,0.5460641384124756,0.5476221442222595,0.5516123175621033,0.5570666790008545,0.5624918341636658,0.568223774433136,0.5718587040901184,0.5744353532791138
540,-0.5578828454017639,126.71234130859375,14.918096542358398,174.76217142740884,0.5578829050064087,0.5572977066040039,0.007950568571686745,0.5455179810523987,0.5466791987419128,0.5479638576507568,0.5521540641784668,0.5572977066040039,0.5631473064422607,0.568223774433136,0.5718587040901184,0.5744353532791138
570,-0.5582478046417236,126.64358520507812,15.123741149902344,174.65201822916666,0.5582478046417236,0.5573790073394775,0.007893270812928677,0.5455179810523987,0.5474561452865601,0.5485149025917053,0.552375078201294,0.5573790073394775,0.5634366273880005,0.568223774433136,0.5718587040901184,0.5744353532791138
600,-0.5588830709457397,126.57231903076172,15.308441162109375,174.5419158935547,0.5588830709457397,0.5579026937484741,0.00787722785025835,0.5455179810523987,0.547554075717926,0.5488039255142212,0.5539050102233887,0.5579026937484741,0.563970148563385,0.5682772994041443,0.5731054544448853,0.5758492946624756
630,-0.5591886639595032,126.4991455078125,15.490152359008789,174.43242390950522,0.5591886043548584,0.5582904815673828,0.00781945325434208,0.5455179810523987,0.547554075717926,0.5496333837509155,0.5542377829551697,0.5582904815673828,0.563970148563385,0.5689113736152649,0.5731054544448853,0.5758492946624756
660,-0.5597589015960693,126.42369842529297,15.675463676452637,174.31700642903647,0.5597589612007141,0.5585471391677856,0.00757922139018774,0.5455413460731506,0.5485172867774963,0.5506736636161804,0.5549073219299316,0.5585471391677856,0.5643598437309265,0.569046139717102,0.5731054544448853,0.5758492946624756
690,-0.5602168440818787,126.34098815917969,15.85709285736084,174.19581095377603,0.5602168440818787,0.5590173602104187,0.007273682858794928,0.547488272190094,0.5501877665519714,0.5516776442527771,0.5558006167411804,0.5590173602104187,0.5647247433662415,0.569046139717102,0.5731054544448853,0.5758492946624756
720,-0.5608027577400208,126.27730560302734,16.028362274169922,174.09493001302084,0.5608027577400208,0.5596234798431396,0.007349647115916014,0.547488272190094,0.5506805777549744,0.552366316318512,0.556088387966156,0.5596234798431396,0.5653289556503296,0.5699701309204102,0.5743479132652283,0.5769453048706055
750,-0.5613710880279541,126.19898986816406,16.204402923583984,173.97994486490884,0.5613711476325989,0.560521125793457,0.007195672951638699,0.5476042032241821,0.5510331988334656,0.55287104845047,0.5562343001365662,0.560521125793457,0.5659080743789673,0.5702741146087646,0.5743479132652283,0.5769453048706055
780,-0.5617142915725708,126.11473083496094,16.36773109436035,173.85897318522134,0.5617143511772156,0.5610502362251282,0.0070037152618169785,0.550489604473114,0.5517220497131348,0.5539504289627075,0.5570111274719238,0.5610502362251282,0.566068172454834,0.5702741146087646,0.5743479132652283,0.5769453048706055
810,-0.5620635151863098,126.04257202148438,16.536766052246094,173.74866739908853,0.5620635747909546,0.5611385107040405,0.0069365291856229305,0.551041305065155,0.5520666837692261,0.5542867183685303,0.5570111274719238,0.5611385107040405,0.5664853453636169,0.5711273550987244,0.5743479132652283,0.5769453048706055
840,-0.5621837973594666,125.95650482177734,16.692882537841797,173.6279551188151,0.5621838569641113,0.5615357160568237,0.00698584271594882,0.551041305065155,0.5520666837692261,0.5542867183685303,0.5572165250778198,0.5615357160568237,0.5664853453636169,0.5711836218833923,0.5744577050209045,0.5769453048706055
870,-0.5624934434890747,125.86764526367188,16.85268211364746,173.50054931640625,0.5624935030937195,0.5618144869804382,0.0067541650496423244,0.5517333149909973,0.5528447031974792,0.5546081066131592,0.5575157403945923,0.5618144869804382,0.5664853453636169,0.5711836218833923,0.5744577050209045,0.5769453048706055
900,-0.5628686547279358,125.78385925292969,17.012327194213867,173.37869262695312,0.5628687143325806,0.5621355772018433,0.006572972983121872,0.5520695447921753,0.5543068051338196,0.5549095869064331,0.5576704740524292,0.5621355772018433,0.5669133067131042,0.5711836218833923,0.5744577050209045,0.5769453048706055
930,-0.563217282295227,125.69783782958984,17.170635223388672,173.25592041015625,0.5632173418998718,0.5622248649597168,0.0063651795499026775,0.554283857345581,0.5546349287033081,0.5558091402053833,0.5581164360046387,0.5622248649597168,0.567169189453125,0.5711836218833923,0.5744577050209045,0.5769453048706055
960,-0.5636315941810608,125.61324310302734,17.329044342041016,173.13380432128906,0.5636316537857056,0.5633647441864014,0.0063021122477948666,0.554283857345581,0.5546349287033081,0.5560420751571655,0.5585229396820068,0.5633647441864014,0.5677019357681274,0.5711836218833923,0.5744577050209045,0.5769453048706055
990,-0.5640114545822144,125.52911376953125,17.482664108276367,173.01400248209634,0.5640115141868591,0.5635778903961182,0.006172149442136288,0.5543071627616882,0.5548832416534424,0.5563839077949524,0.5594844222068787,0.5635778903961182,0.5678452253341675,0.5720443725585938,0.5744577050209045,0.5769453048706055
1020,-0.5644258856773376,125.44746398925781,17.630298614501953,172.89617411295572,0.5644259452819824,0.5640875101089478,0.006330499891191721,0.5543071627616882,0.5548832416534424,0.557128369808197,0.5598716735839844,0.5640875101089478,0.5682284832000732,0.572426974773407,0.5758482217788696,0.5805140137672424
1050,-0.5651059150695801,125.35882568359375,17.78443717956543,172.77086385091147,0.5651059746742249,0.5647854804992676,0.00678263371810317,0.5543071627616882,0.5548832416534424,0.5572183728218079,0.5604115128517151,0.5647854804992676,0.5688862800598145,0.5744482278823853,0.5778018236160278,0.5805140137672424
1080,-0.5653401613235474,125.26837158203125,17.911331176757812,172.6483408610026,0.5653402209281921,0.5647854804992676,0.006845275405794382,0.5544928908348083,0.5549103021621704,0.5573248267173767,0.5605390667915344,0.5647854804992676,0.5689370632171631,0.5750938057899475,0.577979326248169,0.5805140137672424
1110,-0.5656248331069946,125.18343353271484,18.058452606201172,172.52530924479166,0.5656248927116394,0.5654677748680115,0.006790160201489925,0.5544928908348083,0.5549103021621704,0.5573248267173767,0.5605905055999756,0.5654677748680115,0.5694839954376221,0.5750938057899475,0.577979326248169,0.5805140137672424
1140,-0.5658757090568542,125.10009002685547,18.191226959228516,172.4075927734375,0.565875768661499,0.5655795335769653,0.006793861277401447,0.5544928908348083,0.5553159713745117,0.5575185418128967,0.5606465935707092,0.5655795335769653,0.5701358914375305,0.575864315032959,0.577979326248169,0.5805140137672424
1170,-0.566124439239502,125.01695251464844,18.31078338623047,172.29141743977866,0.566124439239502,0.5658400058746338,0.006776908878237009,0.5544928908348083,0.5553159713745117,0.5575185418128967,0.5610525608062744,0.5658400058746338,0.570273220539093,0.575864315032959,0.577979326248169,0.5805140137672424
1200,-0.5663370490074158,124.92533874511719,18.433095932006836,172.16809590657553,0.5663371086120605,0.5660675764083862,0.006703508552163839,0.5548841953277588,0.5563655495643616,0.5576607584953308,0.5611100792884827,0.5660675764083862,0.5705515742301941,0.575864315032959,0.577979326248169,0.5805140137672424
1230,-0.5670979022979736,124.83140563964844,18.5520076751709,172.04016621907553,0.5670979619026184,0.5667555928230286,0.006548757199198008,0.5548841953277588,0.5572190284729004,0.5592294931411743,0.5619325637817383,0.5667555928230286,0.5712921619415283,0.5761913657188416,0.577979326248169,0.5805140137672424
1260,-0.5675283670425415,124.7291259765625,18.674551010131836,171.90361531575522,0.5675283670425415,0.5676618814468384,0.006328110117465258,0.5549107789993286,0.5580251812934875,0.5601112842559814,0.5625605583190918,0.5676618814468384,0.5720274448394775,0.5761913657188416,0.577979326248169,0.5805140137672424
1290,-0.5676792860031128,124.63633728027344,18.797325134277344,171.7777353922526,0.5676793456077576,0.5676618814468384,0.006153949070721865,0.5577698349952698,0.5587545037269592,0.5602999329566956,0.5629372596740723,0.5676618814468384,0.5720274448394775,0.5761913657188416,0.577979326248169,0.5805140137672424
1320,-0.5681663155555725,124.53832244873047,18.908205032348633,171.64768981933594,0.5681663751602173,0.5677590370178223,0.0064417049288749695,0.5580329298973083,0.5589067339897156,0.5605380535125732,0.5633471012115479,0.5677590370178223,0.5722196102142334,0.5763407349586487,0.5787206888198853,0.5816282033920288
1350,-0.5683263540267944,124.44602966308594,19.00782585144043,171.52526346842447,0.5683263540267944,0.5680747032165527,0.0064096408896148205,0.5580329298973083,0.5589067339897156,0.5605380535125732,0.5634793043136597,0.5680747032165527,0.5723724365234375,0.5763407349586487,0.5787206888198853,0.5816282033920288
1380,-0.5685718655586243,124.34611511230469,19.12850570678711,171.39073181152344,0.5685718655586243,0.5684663653373718,0.00638783210888505,0.5580329298973083,0.5589067339897156,0.5606521964073181,0.5636287927627563,0.5684663653373718,0.5724277496337891,0.5767976641654968,0.5787206888198853,0.5816282033920288
1410,-0.568812370300293,124.24504089355469,19.243526458740234,171.2553914388021,0.5688124299049377,0.5687882900238037,0.006282456684857607,0.5580329298973083,0.5592618584632874,0.5609483122825623,0.5641728639602661,0.5687882900238037,0.5725247859954834,0.5767976641654968,0.5787206888198853,0.5816282033920288
1440,-0.5691471695899963,124.14373016357422,19.384960174560547,171.11628214518228,0.5691472291946411,0.5688939094543457,0.0064316908828914165,0.5580329298973083,0.5592618584632874,0.5609483122825623,0.5642317533493042,0.5688939094543457,0.5729045867919922,0.5769553184509277,0.5790218710899353,0.5824840664863586
1470,-0.5693131685256958,124.0479965209961,19.52715301513672,170.98207092285156,0.5693132281303406,0.5688939094543457,0.006517170928418636,0.5580329298973083,0.5592618584632874,0.5609483122825623,0.5642317533493042,0.5688939094543457,0.5735459327697754,0.5769553184509277,0.5798378586769104,0.5824840664863586
1500,-0.5694220066070557,123.93846130371094,19.632680892944336,170.839111328125,0.5694220066070557,0.5689330101013184,0.006440854165703058,0.5580329298973083,0.5592618584632874,0.5615087747573853,0.5648549795150757,0.5689330101013184,0.5735459327697754,0.5769553184509277,0.5798378586769104,0.5824840664863586
1530,-0.5696406960487366,123.82479095458984,19.760732650756836,170.68873087565103,0.5696407556533813,0.5692625045776367,0.0066366600804030895,0.5580329298973083,0.5592618584632874,0.5615087747573853,0.5649797916412354,0.5692625045776367,0.5736986994743347,0.5777072310447693,0.5805457234382629,0.5854644775390625
1560,-0.5698631405830383,123.71724700927734,19.875186920166016,170.54666646321616,0.5698631405830383,0.5696267485618591,0.006656762678176165,0.5580329298973083,0.5592618584632874,0.5617422461509705,0.5651761889457703,0.5696267485618591,0.5741955041885376,0.5778600573539734,0.5805457234382629,0.5854644775390625
1590,-0.570115327835083,123.61471557617188,19.996570587158203,170.40872701009116,0.570115327835083,0.5698230862617493,0.006603382062166929,0.5580329298973083,0.5598026514053345,0.5619482398033142,0.5652614831924438,0.5698230862617493,0.5744774341583252,0.5778600573539734,0.5805457234382629,0.5854644775390625
1620,-0.5703012943267822,123.49153900146484,20.107345581054688,170.24986775716147,0.5703012943267822,0.5699419379234314,0.0065859220921993256,0.5587631464004517,0.5601269006729126,0.5619482398033142,0.5652614831924438,0.5699419379234314,0.5748178362846375,0.5784760117530823,0.5805457234382629,0.5854644775390625
1650,-0.5711263418197632,123.37419128417969,20.20972442626953,170.0982869466146,0.5711263418197632,0.5710592269897461,0.006470919586718082,0.5592700242996216,0.560541570186615,0.5622706413269043,0.5670671463012695,0.5710592269897461,0.5757922530174255,0.5788049697875977,0.5815527439117432,0.5854644775390625
1680,-0.571362316608429,123.2626953125,20.313791275024414,169.95218912760416,0.5713623762130737,0.5713257193565369,0.006338666193187237,0.5598090291023254,0.5614798069000244,0.5622706413269043,0.567290723323822,0.5713257193565369,0.5759052634239197,0.5788049697875977,0.5815527439117432,0.5854644775390625
1710,-0.5718454122543335,123.13865661621094,20.422992706298828,169.79253641764322,0.5718454122543335,0.5716427564620972,0.006870846264064312,0.5611139535903931,0.5617499947547913,0.5638793110847473,0.567290723323822,0.5716427564620972,0.5761488676071167,0.5795109868049622,0.5816420316696167,0.5863137245178223
1740,-0.5722858309745789,123.03070068359375,20.51879119873047,169.6491241455078,0.5722858905792236,0.5722202062606812,0.006826750934123993,0.561490535736084,0.5618261098861694,0.5641547441482544,0.5675150156021118,0.5722202062606812,0.5763281583786011,0.5798473954200745,0.5822471380233765,0.5863137245178223
1770,-0.572446346282959,122.9237289428711,20.621315002441406,169.5099080403646,0.5724464058876038,0.5723859667778015,0.00677576195448637,0.561490535736084,0.5618261098861694,0.5641547441482544,0.5677663683891296,0.5723859667778015,0.5765012502670288,0.5798473954200745,0.5822471380233765,0.5863137245178223
1800,-0.5730764865875244,122.80961608886719,20.720840454101562,169.3630167643229,0.5730764865875244,0.5729497671127319,0.006608915515244007,0.561490535736084,0.5622803568840027,0.5654439926147461,0.568892240524292,0.5729497671127319,0.5767838954925537,0.5802680850028992,0.5822471380233765,0.5863137245178223
1830,-0.5732079744338989,122.68325805664062,20.813804626464844,169.2033894856771,0.5732080340385437,0.5730531215667725,0.006569250952452421,0.561490535736084,0.5622803568840027,0.5654439926147461,0.5693715214729309,0.5730531215667725,0.5767838954925537,0.5802680850028992,0.5822471380233765,0.5863137245178223
1860,-0.5735413432121277,122.5642318725586,20.90473747253418,169.05135599772134,0.5735414028167725,0.5734148025512695,0.006315772421658039,0.5615935921669006,0.564308226108551,0.5660378932952881,0.5696560144424438,0.5734148025512695,0.5767838954925537,0.5802680850028992,0.5822471380233765,0.5863137245178223
1890,-0.5738404989242554,122.45540618896484,20.97468376159668,168.91602071126303,0.5738404989242554,0.5735783576965332,0.006509020458906889,0.5615935921669006,0.564308226108551,0.5660378932952881,0.5696560144424438,0.5735783576965332,0.5768670439720154,0.5806390643119812,0.5825748443603516,0.5876654386520386
1920,-0.5740391612052917,122.33248138427734,21.070823669433594,168.75831095377603,0.5740392208099365,0.573876142501831,0.006291640922427177,0.5641285181045532,0.5654536485671997,0.5663568377494812,0.5696560144424438,0.573876142501831,0.5768670439720154,0.5806390643119812,0.5825748443603516,0.5876654386520386
1950,-0.5744746923446655,122.20909881591797,21.174304962158203,168.59889221191406,0.5744747519493103,0.5746709108352661,0.006237226538360119,0.564260721206665,0.5655277967453003,0.5664418935775757,0.570106029510498,0.5746709108352661,0.57782381772995,0.5807665586471558,0.5825748443603516,0.5876654386520386
1980,-0.5745407938957214,122.0849838256836,21.262187957763672,168.44031270345053,0.5745407938957214,0.5746709108352661,0.006200914271175861,0.564260721206665,0.5655277967453003,0.5664418935775757,0.5701676607131958,0.5746709108352661,0.57782381772995,0.5807665586471558,0.5825748443603516,0.5876654386520386
2010,-0.5747794508934021,121.9542236328125,21.367145538330078,168.27366638183594,0.5747794508934021,0.5749963521957397,0.006192301400005817,0.564260721206665,0.5658631920814514,0.5665090084075928,0.5712332725524902,0.5749963521957397,0.5781368017196655,0.5813606381416321,0.5825748443603516,0.5876654386520386
2040,-0.5749462842941284,121.83363342285156,21.45539665222168,168.1197509765625,0.5749462842941284,0.5753006339073181,0.006207512691617012,0.564260721206665,0.5658631920814514,0.5665090084075928,0.5715717077255249,0.5753006339073181,0.5785124897956848,0.5813606381416321,0.5825748443603516,0.5876654386520386
2070,-0.575358510017395,121.71109008789062,21.552841186523438,167.95984903971353,0.5753585696220398,0.5755553245544434,0.006291364785283804,0.5646070837974548,0.5660465359687805,0.5670867562294006,0.5716711282730103,0.5755553245544434,0.5787141919136047,0.5819521546363831,0.5855844616889954,0.5876654386520386
2100,-0.5757640600204468,121.58873748779297,21.651153564453125,167.80408732096353,0.5757640600204468,0.5758042931556702,0.006190370302647352,0.5654801726341248,0.5663019418716431,0.5675538182258606,0.5721393823623657,0.5758042931556702,0.5788653492927551,0.5819521546363831,0.5858616828918457,0.5876833200454712
2130,-0.5759193897247314,121.45536804199219,21.7413330078125,167.63537089029947,0.5759193897247314,0.5759217739105225,0.006205541547387838,0.5656492710113525,0.5663019418716431,0.5675538182258606,0.5721393823623657,0.5759217739105225,0.579512357711792,0.5823174118995667,0.5858616828918457,0.5876833200454712
2160,-0.5760986804962158,121.31642150878906,21.82294273376465,167.46268717447916,0.5760986804962158,0.576064944267273,0.006173751782625914,0.5656492710113525,0.5663461685180664,0.5680356621742249,0.5728017091751099,0.576064944267273,0.5797395706176758,0.5823174118995667,0.5858616828918457,0.5876833200454712
2190,-0.5763998627662659,121.1903076171875,21.9105224609375,167.30084228515625,0.5763999223709106,0.5761499404907227,0.0062116701155900955,0.5656492710113525,0.5664463639259338,0.5688613653182983,0.5730129480361938,0.5761499404907227,0.5800879001617432,0.5836611986160278,0.5862300395965576,0.5876833200454712
2220,-0.57664954662323,121.06611633300781,22.006515502929688,167.13839213053384,0.5766496062278748,0.57625812292099,0.006264050025492907,0.5656492710113525,0.5664463639259338,0.5689456462860107,0.5734185576438904,0.57625812292099,0.5804322361946106,0.5850672721862793,0.5862331986427307,0.5876833200454712
2250,-0.5767642259597778,120.93154907226562,22.07986831665039,166.9720713297526,0.5767642855644226,0.57625812292099,0.006230907514691353,0.5656492710113525,0.5671107769012451,0.568956196308136,0.5734185576438904,0.57625812292099,0.5804322361946106,0.5850672721862793,0.5862331986427307,0.5876833200454712
2280,-0.5769572854042053,120.79112243652344,22.159404754638672,166.79561869303384,0.5769573450088501,0.5763658285140991,0.006146556697785854,0.5658778548240662,0.5673149228096008,0.5693860054016113,0.5736627578735352,0.5763658285140991,0.5805110931396484,0.5850672721862793,0.5862331986427307,0.5876833200454712
2310,-0.5773783922195435,120.65093231201172,22.242427825927734,166.6185557047526,0.5773784518241882,0.5765407085418701,0.006351843010634184,0.5658778548240662,0.5673149228096008,0.5694888234138489,0.5736627578735352,0.5765407085418701,0.5811396837234497,0.5855681896209717,0.5864061713218689,0.5907440185546875
2340,-0.5777623057365417,120.5056381225586,22.319515228271484,166.4388427734375,0.5777624249458313,0.5766608715057373,0.0063141207210719585,0.5671202540397644,0.5681440830230713,0.5695082545280457,0.5742975473403931,0.5766608715057373,0.5811396837234497,0.5855980515480042,0.587604284286499,0.5920979380607605
2370,-0.5781837105751038,120.3751449584961,22.417633056640625,166.27184041341147,0.578183650970459,0.5777915716171265,0.006172082386910915,0.5678194165229797,0.5688671469688416,0.5700961351394653,0.5745686888694763,0.5777915716171265,0.5813922882080078,0.5855980515480042,0.587604284286499,0.5920979380607605
2400,-0.5782536864280701,120.22572326660156,22.51245880126953,166.08273315429688,0.5782536864280701,0.5778149366378784,0.0061514973640441895,0.5678194165229797,0.5688671469688416,0.570142924785614,0.5745686888694763,0.5778149366378784,0.581562876701355,0.5855980515480042,0.587604284286499,0.5920979380607605
2430,-0.5783023834228516,120.0993881225586,22.593955993652344,165.92000834147134,0.5783023834228516,0.5778149366378784,0.00615815119817853,0.5678194165229797,0.5688671469688416,0.570142924785614,0.5745686888694763,0.5778149366378784,0.5816807746887207,0.5855980515480042,0.587604284286499,0.5920979380607605
2460,-0.5785269141197205,119.95409393310547,22.693710327148438,165.73464965820312,0.5785269737243652,0.5780133008956909,0.006005185656249523,0.5680573582649231,0.5689542889595032,0.570501983165741,0.5751744508743286,0.5780133008956909,0.5819535255432129,0.5855980515480042,0.587604284286499,0.5920979380607605
2490,-0.5788919925689697,119.8184814453125,22.77374267578125,165.5620574951172,0.5788919925689697,0.5787147879600525,0.0060776048339903355,0.5680573582649231,0.5689542889595032,0.5709003806114197,0.5754910707473755,0.5787147879600525,0.582107424736023,0.5862244367599487,0.5877758264541626,0.5920979380607605
2520,-0.5792245864868164,119.67723846435547,22.853572845458984,165.38363647460938,0.5792246460914612,0.5788751244544983,0.006147343665361404,0.5680573582649231,0.5689542889595032,0.5719674229621887,0.5756350755691528,0.5788751244544983,0.5826849341392517,0.5862389802932739,0.5907302498817444,0.592471182346344
2550,-0.5797160267829895,119.54147338867188,22.92938995361328,165.21200561523438,0.5797160267829895,0.5795462727546692,0.006553962826728821,0.5680573582649231,0.5689542889595032,0.5719674229621887,0.5757209062576294,0.5795462727546692,0.5831360816955566,0.587687075138092,0.591240644454956,0.592689037322998
2580,-0.5801231265068054,119.39799499511719,23.010528564453125,165.02637736002603,0.5801231265068054,0.5801204442977905,0.0065475571900606155,0.5680573582649231,0.5689542889595032,0.5719674229621887,0.5760622024536133,0.5801204442977905,0.5837134122848511,0.588325560092926,0.591240644454956,0.592689037322998
2610,-0.5805354118347168,119.26850891113281,23.087738037109375,164.86203002929688,0.5805354118347168,0.5803418755531311,0.006729879416525364,0.5680573582649231,0.5689542889595032,0.5719674229621887,0.5762465596199036,0.5803418755531311,0.5847041010856628,0.5892382264137268,0.592106282711029,0.5935199856758118
2640,-0.5808864235877991,119.122802734375,23.17435073852539,164.6804656982422,0.5808863639831543,0.5806120038032532,0.006869960576295853,0.5680573582649231,0.5689542889595032,0.5719674229621887,0.5763387084007263,0.5806120038032532,0.5855640769004822,0.5898476839065552,0.592106282711029,0.5935199856758118
2670,-0.5811672210693359,118.98197937011719,23.227392196655273,164.50506083170572,0.5811672210693359,0.5809029340744019,0.006682646460831165,0.5680573582649231,0.5700864195823669,0.5728929042816162,0.5766159892082214,0.5809029340744019,0.5855640769004822,0.5898476839065552,0.592106282711029,0.5935199856758118
2700,-0.5815471410751343,118.8226318359375,23.307613372802734,164.30250549316406,0.5815471410751343,0.5811787843704224,0.006805769633501768,0.5681421160697937,0.5701491832733154,0.5728929042816162,0.5773477554321289,0.5811787843704224,0.5858783721923828,0.5912372469902039,0.5926621556282043,0.5951443910598755
2730,-0.5817070007324219,118.6695556640625,23.371307373046875,164.11127726236978,0.5817069411277771,0.5814248919487,0.006815311033278704,0.5681421160697937,0.5701491832733154,0.5728929042816162,0.5774526596069336,0.5814248919487,0.5860453248023987,0.5912372469902039,0.5926621556282043,0.5951443910598755
2760,-0.5819103121757507,118.52687072753906,23.458709716796875,163.92562357584634,0.5819103121757507,0.5815755724906921,0.006817766930907965,0.5681421160697937,0.5701491832733154,0.5728929042816162,0.5778652429580688,0.5815755724906921,0.5862249135971069,0.5912372469902039,0.5926621556282043,0.5951443910598755
2790,-0.58226078748703,118.37178802490234,23.54988670349121,163.72921752929688,0.5822608470916748,0.5815755724906921,0.006673849653452635,0.5681421160697937,0.5709007978439331,0.5744204521179199,0.5783597826957703,0.5815755724906921,0.5862832069396973,0.5916385054588318,0.5930041670799255,0.5951443910598755
2820,-0.5826928615570068,118.2115478515625,23.607433319091797,163.53454081217447,0.5826928615570068,0.5821880102157593,0.0066058398224413395,0.5681421160697937,0.5709007978439331,0.574580729007721,0.5794138312339783,0.5821880102157593,0.5865495204925537,0.591929018497467,0.5930041670799255,0.5951443910598755
2850,-0.5831020474433899,118.0613021850586,23.67915916442871,163.34661356608072,0.5831019878387451,0.5824432373046875,0.006316754035651684,0.5689343810081482,0.5735751390457153,0.5763271450996399,0.5798923373222351,0.5824432373046875,0.5870357155799866,0.591929018497467,0.593032717704773,0.5951443910598755
2880,-0.5833013653755188,117.904541015625,23.75922393798828,163.154052734375,0.5833013653755188,0.5827203989028931,0.006456560455262661,0.5689343810081482,0.5735751390457153,0.5763271450996399,0.5798923373222351,0.5827203989028931,0.5876079797744751,0.5920923352241516,0.594039261341095,0.5960930585861206
2910,-0.5834980010986328,117.73930358886719,23.841909408569336,162.94627888997397,0.5834980010986328,0.5827203989028931,0.006387357600033283,0.5689343810081482,0.5745407938957214,0.57646244764328,0.5800234079360962,0.5827203989028931,0.5876079797744751,0.5920923352241516,0.594039261341095,0.5966796278953552
2940,-0.5837599635124207,117.58026123046875,23.915203094482422,162.74939982096353,0.5837600231170654,0.5828585624694824,0.006426017265766859,0.5689343810081482,0.5745407938957214,0.57646244764328,0.5800624489784241,0.5828585624694824,0.5882807970046997,0.5920923352241516,0.594039261341095,0.5966796278953552
2970,-0.5838470458984375,117.41714477539062,23.98323631286621,162.5461629231771,0.5838470458984375,0.5828585624694824,0.006342361215502024,0.5689343810081482,0.5755884051322937,0.5771147012710571,0.5801714062690735,0.5828585624694824,0.5882807970046997,0.5920923352241516,0.594039261341095,0.5966796278953552
3000,-0.5843328237533569,117.25492858886719,24.046184539794922,162.34548950195312,0.5843328237533569,0.5831365585327148,0.006423590239137411,0.5689343810081482,0.5755884051322937,0.5774595141410828,0.5803242325782776,0.5831365585327148,0.5887728929519653,0.5920923352241516,0.5941594243049622,0.597438395023346
3030,-0.584661066532135,117.08726501464844,24.111629486083984,162.13751729329428,0.584661066532135,0.5841715335845947,0.006595310755074024,0.5689343810081482,0.5755884051322937,0.5774595141410828,0.5805383920669556,0.5841715335845947,0.5887869596481323,0.592636227607727,0.5961105823516846,0.5995166897773743
3060,-0.5850774645805359,116.93233489990234,24.162694931030273,161.9469757080078,0.5850774645805359,0.584916353225708,0.0062561663798987865,0.5713592171669006,0.5764259099960327,0.577982485294342,0.5810973048210144,0.584916353225708,0.5887869596481323,0.592636227607727,0.5961105823516846,0.5995166897773743
3090,-0.5854493975639343,116.77180480957031,24.233291625976562,161.7452850341797,0.5854493975639343,0.5856121778488159,0.0061175208538770676,0.5713592171669006,0.5770609974861145,0.5780909657478333,0.5818382501602173,0.5856121778488159,0.5888711810112,0.592636227607727,0.5961105823516846,0.5995166897773743
3120,-0.585796058177948,116.62234497070312,24.299901962280273,161.55241902669272,0.5857959985733032,0.5861392021179199,0.005875926930457354,0.5744913816452026,0.5770609974861145,0.578414261341095,0.582313060760498,0.5861392021179199,0.5888866186141968,0.592636227607727,0.5961105823516846,0.5995166897773743
3150,-0.5858571529388428,116.46142578125,24.359561920166016,161.35368855794272,0.5858571529388428,0.5861392021179199,0.005837957840412855,0.5744913816452026,0.5770609974861145,0.5788388252258301,0.582313060760498,0.5861392021179199,0.5888866186141968,0.592636227607727,0.5961105823516846,0.5995166897773743
3180,-0.5860998630523682,116.28933715820312,24.442907333374023,161.13439432779947,0.5860998630523682,0.5861392021179199,0.005985286086797714,0.5744913816452026,0.5770609974861145,0.5790586471557617,0.5825162529945374,0.5861392021179199,0.5892229080200195,0.5931072235107422,0.5963413715362549,0.5995166897773743
3210,-0.586238443851471,116.11279296875,24.50704002380371,160.91515096028647,0.586238443851471,0.5861430764198303,0.005916400346904993,0.5744913816452026,0.5770609974861145,0.5792117118835449,0.5828140377998352,0.5861430764198303,0.5894409418106079,0.5931072235107422,0.5963413715362549,0.5995166897773743
3240,-0.5868239402770996,115.95391082763672,24.56795310974121,160.7142588297526,0.5868239402770996,0.5867712497711182,0.005990457721054554,0.5744913816452026,0.5771227478981018,0.5795746445655823,0.5829836130142212,0.5867712497711182,0.5902614593505859,0.5941869020462036,0.5965015292167664,0.5995166897773743
3270,-0.5872578024864197,115.7826156616211,24.65047264099121,160.49553426106772,0.5872578620910645,0.5871070027351379,0.006563934497535229,0.5744913816452026,0.5771227478981018,0.5795746445655823,0.5829836130142212,0.5871070027351379,0.5916138887405396,0.5960931181907654,0.5975001454353333,0.6027278900146484
3300,-0.5877535939216614,115.60662078857422,24.710744857788086,160.27625528971353,0.5877535939216614,0.5875823497772217,0.006995852570980787,0.5744913816452026,0.577860951423645,0.5795746445655823,0.5830110311508179,0.5875823497772217,0.5922582149505615,0.5965101718902588,0.5995194911956787,0.6049413681030273
3330,-0.5880661010742188,115.436279296875,24.763626098632812,160.07005310058594,0.588066041469574,0.587612509727478,0.006974596530199051,0.575078010559082,0.5779632925987244,0.5795746445655823,0.5830110311508179,0.587612509727478,0.5926768779754639,0.5971925258636475,0.5995194911956787,0.6049413681030273
3360,-0.588355541229248,115.26036071777344,24.82619285583496,159.85087076822916,0.588355541229248,0.5879223942756653,0.006891455966979265,0.575078010559082,0.5779632925987244,0.5805323719978333,0.5834145545959473,0.5879223942756653,0.5927636623382568,0.5971925258636475,0.5995194911956787,0.6049413681030273
3390,-0.5886008143424988,115.07962036132812,24.89577865600586,159.62402852376303,0.5886008143424988,0.5879223942756653,0.007103092037141323,0.575078010559082,0.5779632925987244,0.5805323719978333,0.5838112235069275,0.5879223942756653,0.5929539203643799,0.5974698066711426,0.5997625589370728,0.6049901843070984
3420,-0.5892865061759949,114.89965057373047,24.960935592651367,159.39923095703125,0.5892865061759949,0.5880565643310547,0.007188590243458748,0.5770772695541382,0.5788761973381042,0.581505298614502,0.584227442741394,0.5880565643310547,0.5939955711364746,0.598214328289032,0.6026841998100281,0.6049901843070984
3450,-0.5896056890487671,114.71709442138672,25.018695831298828,159.17556762695312,0.5896057486534119,0.5886875987052917,0.007170655764639378,0.5770772695541382,0.5788761973381042,0.5818888545036316,0.584681510925293,0.5886875987052917,0.5940432548522949,0.5988573431968689,0.6026841998100281,0.6049901843070984
3480,-0.5899827480316162,114.53916931152344,25.09283447265625,158.94991556803384,0.589982807636261,0.5893412828445435,0.007169145625084639,0.5770772695541382,0.5791634321212769,0.5822950005531311,0.5847783088684082,0.5893412828445435,0.594068169593811,0.599524199962616,0.6026841998100281,0.6049901843070984
3510,-0.5905435681343079,114.34295654296875,25.147247314453125,158.70601908365884,0.5905436277389526,0.590903103351593,0.007478437852114439,0.5770772695541382,0.5791634321212769,0.5822950005531311,0.5850158929824829,0.590903103351593,0.5954508781433105,0.5996144413948059,0.6049420833587646,0.6058958172798157
3540,-0.5908541083335876,114.16149139404297,25.198314666748047,158.4803263346354,0.5908541083335876,0.5911455750465393,0.0070789591409265995,0.5779492259025574,0.5805429220199585,0.5827504992485046,0.5853719711303711,0.5911455750465393,0.5954508781433105,0.5996144413948059,0.6049420833587646,0.6058958172798157
3570,-0.5914185047149658,113.98152923583984,25.240631103515625,158.26053873697916,0.5914185047149658,0.5913125276565552,0.007529900874942541,0.5780887007713318,0.5805429220199585,0.5827504992485046,0.5855263471603394,0.5913125276565552,0.5957148671150208,0.600406289100647,0.6055685877799988,0.6087282299995422
3600,-0.5917088389396667,113.79790496826172,25.31114959716797,158.02862040201822,0.5917088389396667,0.5916141867637634,0.007510093972086906,0.5780887007713318,0.5805429220199585,0.5827504992485046,0.5867534875869751,0.5916141867637634,0.5965864658355713,0.600406289100647,0.6055685877799988,0.6087282299995422
3630,-0.5920644402503967,113.62276458740234,25.37560272216797,157.80946350097656,0.5920644998550415,0.5916807651519775,0.007653934881091118,0.5780887007713318,0.5805429220199585,0.582851231098175,0.5871849060058594,0.5916807651519775,0.5972508788108826,0.6026856899261475,0.6059061288833618,0.6087282299995422
3660,-0.5925508141517639,113.44865417480469,25.44593048095703,157.58535766601562,0.5925507545471191,0.5917661190032959,0.0076485127210617065,0.5800486207008362,0.5809396505355835,0.5829041004180908,0.5872870087623596,0.5917661190032959,0.5979372262954712,0.6029353141784668,0.6062408089637756,0.6087282299995422
3690,-0.5929045081138611,113.26316833496094,25.520709991455078,157.3467254638672,0.5929044485092163,0.5918425917625427,0.007746321614831686,0.5803366899490356,0.5820580720901489,0.5831067562103271,0.5872870087623596,0.5918425917625427,0.5980157256126404,0.6049432754516602,0.606436014175415,0.6087924242019653
3720,-0.5931852459907532,113.06695556640625,25.575122833251953,157.10155232747397,0.5931852459907532,0.592024564743042,0.0077848853543400764,0.5803366899490356,0.5824468731880188,0.58349609375,0.5873998403549194,0.592024564743042,0.5983231067657471,0.6049432754516602,0.606436014175415,0.6087924242019653
3750,-0.5935068130493164,112.86466979980469,25.6275634765625,156.85132853190103,0.5935068130493164,0.5925420522689819,0.00786497164517641,0.5803366899490356,0.5824468731880188,0.584271252155304,0.5875298976898193,0.5925420522689819,0.5988693237304688,0.6050572395324707,0.6071862578392029,0.6087924242019653
3780,-0.5940359830856323,112.66212463378906,25.681503295898438,156.60261027018228,0.5940359830856323,0.5933390855789185,0.008149907924234867,0.5805492997169495,0.5824468731880188,0.584271252155304,0.5875928401947021,0.5933390855789185,0.5991312265396118,0.6059232950210571,0.6072329878807068,0.6104495525360107
3810,-0.594290554523468,112.4652328491211,25.73743438720703,156.35652669270834,0.5942904949188232,0.5938551425933838,0.00802178680896759,0.5819299221038818,0.5828098654747009,0.584514319896698,0.5877599120140076,0.5938551425933838,0.5991312265396118,0.6059290170669556,0.6072329878807068,0.6104495525360107
3840,-0.5944666266441345,112.27354431152344,25.813949584960938,156.1087900797526,0.5944666266441345,0.5939074754714966,0.008037012070417404,0.5819299221038818,0.5828098654747009,0.5847074389457703,0.5879483222961426,0.5939074754714966,0.599571168422699,0.6059290170669556,0.6072329878807068,0.6104495525360107
3870,-0.5951005220413208,112.07234954833984,25.87329864501953,155.85686238606772,0.5951005816459656,0.5943906307220459,0.00819089449942112,0.5819299221038818,0.5828098654747009,0.5847855806350708,0.588991641998291,0.5943906307220459,0.6005547046661377,0.6062989830970764,0.6087292432785034,0.6123679280281067
3900,-0.5955379009246826,111.87239074707031,25.93997573852539,155.59913635253906,0.5955379009246826,0.5949655175209045,0.008147350512444973,0.5819299221038818,0.5828098654747009,0.5856121778488159,0.5892770290374756,0.5949655175209045,0.601090133190155,0.6062989830970764,0.6087292432785034,0.6123679280281067
3930,-0.5956219434738159,111.66970825195312,25.993581771850586,155.3457997639974,0.5956219434738159,0.5949655175209045,0.008213185705244541,0.5819299221038818,0.5828098654747009,0.5856121778488159,0.5892770290374756,0.5949655175209045,0.6012731790542603,0.6062989830970764,0.6087292432785034,0.6123679280281067
3960,-0.5956972241401672,111.47645568847656,26.065837860107422,155.09710693359375,0.5956972241401672,0.5952492952346802,0.00821983627974987,0.5819299221038818,0.5828098654747009,0.5856121778488159,0.5892969369888306,0.5952492952346802,0.6013724207878113,0.6062989830970764,0.6087292432785034,0.6123679280281067
3990,-0.5962652564048767,111.27742767333984,26.129390716552734,154.84631856282553,0.5962652564048767,0.5963510870933533,0.008489465340971947,0.5819590091705322,0.5828902125358582,0.5858234167098999,0.5892969369888306,0.5963510870933533,0.6029742360115051,0.6064718961715698,0.6088401079177856,0.6153652667999268
4020,-0.5968628525733948,111.0727767944336,26.168561935424805,154.5895538330078,0.5968628525733948,0.5969634056091309,0.008847096003592014,0.5819590091705322,0.5828902125358582,0.5858234167098999,0.5893833041191101,0.5969634056091309,0.6042584776878357,0.6084457039833069,0.6118531823158264,0.6153652667999268
4050,-0.5974151492118835,110.86912536621094,26.229923248291016,154.32909647623697,0.5974151492118835,0.5975077152252197,0.009166089817881584,0.5819590091705322,0.583257794380188,0.5858234167098999,0.5893833041191101,0.5975077152252197,0.6046736836433411,0.6087308526039124,0.6123186945915222,0.6153652667999268
4080,-0.5978617668151855,110.65458679199219,26.29401206970215,154.05582682291666,0.5978617668151855,0.5975077152252197,0.009503777138888836,0.5819590091705322,0.583257794380188,0.5859302878379822,0.5901814699172974,0.5975077152252197,0.6049497127532959,0.6110104918479919,0.6139953136444092,0.6155155897140503
4110,-0.598271369934082,110.45576477050781,26.357925415039062,153.79977416992188,0.5982713103294373,0.5980720520019531,0.00943426787853241,0.5824446082115173,0.5843421220779419,0.5863440632820129,0.5905293822288513,0.5980720520019531,0.6057382225990295,0.611693263053894,0.6139953136444092,0.6155155897140503
4140,-0.5986901521682739,110.2410888671875,26.41207504272461,153.5241953531901,0.5986900925636292,0.598625659942627,0.009646880440413952,0.5824446082115173,0.5843421220779419,0.5863440632820129,0.5915621519088745,0.598625659942627,0.6063880920410156,0.6121281981468201,0.6150814294815063,0.6158004999160767
4170,-0.5990831851959229,110.01191711425781,26.472530364990234,153.23450215657553,0.5990831851959229,0.598625659942627,0.009944510646164417,0.5824446082115173,0.584395706653595,0.5863440632820129,0.5917496085166931,0.598625659942627,0.6064935922622681,0.6125919818878174,0.615511953830719,0.617013156414032
4200,-0.599376916885376,109.81277465820312,26.521347045898438,152.98236592610678,0.599376916885376,0.598831832408905,0.009811876341700554,0.5824446082115173,0.5847246050834656,0.5870678424835205,0.5920811295509338,0.598831832408905,0.6068375110626221,0.6125919818878174,0.615511953830719,0.617013156414032
4230,-0.5997782945632935,109.5946044921875,26.574504852294922,152.70655314127603,0.5997783541679382,0.598831832408905,0.00988028198480606,0.5824704766273499,0.5856743454933167,0.5872770547866821,0.5921453237533569,0.598831832408905,0.6068375110626221,0.6131139993667603,0.6155553460121155,0.6171203255653381
4260,-0.6001808047294617,109.3695297241211,26.626964569091797,152.41939798990884,0.6001808047294617,0.5989137887954712,0.010123207233846188,0.5835458040237427,0.5856743454933167,0.5872770547866821,0.5922645926475525,0.5989137887954712,0.6071668267250061,0.6140516996383667,0.6158273220062256,0.6242597699165344
4290,-0.600925087928772,109.14473724365234,26.68450927734375,152.1314900716146,0.6009251475334167,0.5993718504905701,0.010170266963541508,0.5847182869911194,0.5861936807632446,0.5878706574440002,0.5936632752418518,0.5993718504905701,0.6075246334075928,0.6153770685195923,0.6170175671577454,0.6244546175003052
4320,-0.6013665795326233,108.93399047851562,26.745101928710938,151.85953776041666,0.6013665795326233,0.5999902486801147,0.010117290541529655,0.5850130915641785,0.5870151519775391,0.5895678400993347,0.5936632752418518,0.5999902486801147,0.608527421951294,0.6153770685195923,0.6179122924804688,0.6244546175003052
4350,-0.602149486541748,108.71611785888672,26.804685592651367,151.58122762044272,0.602149486541748,0.6013422012329102,0.010135472752153873,0.5850130915641785,0.5870270729064941,0.5895678400993347,0.5939687490463257,0.6013422012329102,0.6091576814651489,0.6154855489730835,0.6179122924804688,0.6244546175003052
4380,-0.6025673747062683,108.49552917480469,26.853057861328125,151.30521138509116,0.6025673151016235,0.6021877527236938,0.009925262071192265,0.5850130915641785,0.5870270729064941,0.5897914171218872,0.5951863527297974,0.6021877527236938,0.6091576814651489,0.6154855489730835,0.6179122924804688,0.6244546175003052
4410,-0.6030849814414978,108.27989196777344,26.90108299255371,151.03638712565103,0.6030849814414978,0.6025117635726929,0.009876606985926628,0.5850130915641785,0.5879337787628174,0.591132402420044,0.5955076217651367,0.6025117635726929,0.6111217737197876,0.6154855489730835,0.6179122924804688,0.6244546175003052
4440,-0.6038472056388855,108.06561279296875,26.94382095336914,150.76671346028647,0.6038471460342407,0.6036739349365234,0.009706362150609493,0.5850130915641785,0.5897274017333984,0.5919565558433533,0.5958839654922485,0.6036739349365234,0.6116970777511597,0.6155136227607727,0.6183785796165466,0.6244546175003052
4470,-0.6042981743812561,107.85818481445312,26.985206604003906,150.50287373860678,0.6042982339859009,0.6047611236572266,0.009279930032789707,0.5880765318870544,0.5902993679046631,0.5921980142593384,0.5959428548812866,0.6047611236572266,0.6116970777511597,0.6155136227607727,0.6183785796165466,0.6244546175003052
4500,-0.6046410799026489,107.63192749023438,27.035680770874023,150.20892842610678,0.6046410799026489,0.604915201663971,0.009233861230313778,0.5883267521858215,0.5905491709709167,0.5922940373420715,0.5969358682632446,0.604915201663971,0.6117727756500244,0.6155670285224915,0.6188884377479553,0.6244546175003052
4530,-0.6049630641937256,107.40435791015625,27.078472137451172,149.92111206054688,0.6049630045890808,0.604915201663971,0.009176928550004959,0.5897715091705322,0.5911641120910645,0.5924110412597656,0.5976941585540771,0.604915201663971,0.6119486689567566,0.615851640701294,0.6188884377479553,0.6244668960571289
4560,-0.6054916381835938,107.16166687011719,27.105571746826172,149.6166025797526,0.605491578578949,0.6052175760269165,0.00896269641816616,0.5897715091705322,0.5911641120910645,0.5938188433647156,0.5986748337745667,0.6052175760269165,0.6125926375389099,0.615851640701294,0.6188884377479553,0.6244668960571289
4590,-0.6058717370033264,106.93020629882812,27.161880493164062,149.31904093424478,0.6058717370033264,0.6055735349655151,0.008981310762465,0.5897715091705322,0.5911641120910645,0.5941162109375,0.5989094972610474,0.6055735349655151,0.6128244400024414,0.616553783416748,0.6192780137062073,0.6244668960571289
4620,-0.6061317920684814,106.68782806396484,27.220016479492188,149.01018778483072,0.6061317920684814,0.6059017181396484,0.008767707273364067,0.5905162692070007,0.592293381690979,0.5944521427154541,0.6001949906349182,0.6059017181396484,0.6128244400024414,0.616553783416748,0.6192780137062073,0.6244668960571289
4650,-0.6063113808631897,106.46758270263672,27.27401351928711,148.72607421875,0.6063113808631897,0.6059017181396484,0.008679558522999287,0.5911831855773926,0.5924209952354431,0.5952939987182617,0.6001949906349182,0.6059017181396484,0.6128244400024414,0.616553783416748,0.6194964051246643,0.6244668960571289
4680,-0.6066994071006775,106.22591400146484,27.315114974975586,148.42214965820312,0.6066994071006775,0.6063368320465088,0.008783186785876751,0.5911831855773926,0.5925715565681458,0.5955293774604797,0.6001949906349182,0.6063368320465088,0.613670825958252,0.6178820729255676,0.6211400628089905,0.6244668960571289
4710,-0.6071089506149292,105.9883041381836,27.35323143005371,148.12459818522134,0.6071089506149292,0.6067301630973816,0.008637900464236736,0.5920930504798889,0.5928488969802856,0.5955293774604797,0.6007439494132996,0.6067301630973816,0.6138900518417358,0.6178820729255676,0.6211400628089905,0.6244668960571289
4740,-0.6072808504104614,105.75393676757812,27.399932861328125,147.82530721028647,0.6072809100151062,0.6067301630973816,0.008484520949423313,0.5920930504798889,0.5928488969802856,0.5957247614860535,0.6013435125350952,0.6067301630973816,0.6138900518417358,0.6178820729255676,0.6211400628089905,0.6244668960571289
4770,-0.6079898476600647,105.53080749511719,27.437864303588867,147.54173787434897,0.6079898476600647,0.6082967519760132,0.009104643948376179,0.5920930504798889,0.5928488969802856,0.5957247614860535,0.601357638835907,0.6082967519760132,0.6140573024749756,0.6185175776481628,0.623809814453125,0.6252859234809875
4800,-0.6083313822746277,105.29817962646484,27.473949432373047,147.2463124593099,0.6083314418792725,0.6085692048072815,0.009228328242897987,0.5920930504798889,0.5928488969802856,0.5957247614860535,0.6017354726791382,0.6085692048072815,0.6150851249694824,0.6185175776481628,0.6244916915893555,0.6257275342941284
4830,-0.6084933876991272,105.05439758300781,27.528770446777344,146.92870585123697,0.6084933876991272,0.6085692048072815,0.0092318719252944,0.5920930504798889,0.5928488969802856,0.5966115593910217,0.6017354726791382,0.6085692048072815,0.6150851249694824,0.6189015507698059,0.6244916915893555,0.6257275342941284
4860,-0.6088122129440308,104.80416870117188,27.566970825195312,146.6134287516276,0.6088122725486755,0.6089659929275513,0.009415782988071442,0.5920930504798889,0.5928488969802856,0.5966115593910217,0.6017552018165588,0.6089659929275513,0.6152726411819458,0.6194143295288086,0.6244916915893555,0.6277936100959778
4890,-0.6091902852058411,104.5644760131836,27.593528747558594,146.31263732910156,0.6091902852058411,0.6093356013298035,0.009614842012524605,0.5920930504798889,0.5929935574531555,0.5972135663032532,0.6019869446754456,0.6093356013298035,0.6153993010520935,0.6210065484046936,0.6252982020378113,0.6299883127212524
4920,-0.6097022891044617,104.31044006347656,27.649425506591797,145.98623657226562,0.6097022294998169,0.6098122596740723,0.009902316145598888,0.5920930504798889,0.5929935574531555,0.5977575778961182,0.6025265455245972,0.6098122596740723,0.6156982779502869,0.6212724447250366,0.6265662312507629,0.6307188868522644
4950,-0.6102830171585083,104.05879974365234,27.69356918334961,145.6613006591797,0.6102830171585083,0.610457181930542,0.009621855802834034,0.592416524887085,0.5952879786491394,0.5987716913223267,0.6032443642616272,0.610457181930542,0.6156982779502869,0.6232008337974548,0.6265662312507629,0.6307188868522644
4980,-0.6106148958206177,103.81568908691406,27.72854232788086,145.3534698486328,0.6106148958206177,0.6106798648834229,0.0098088588565588,0.5928478240966797,0.5952965021133423,0.5987716913223267,0.6032443642616272,0.6106798648834229,0.6163245439529419,0.6233391761779785,0.6278486847877502,0.6310019493103027
5010,-0.6110439300537109,103.55384826660156,27.779333114624023,145.01571655273438,0.6110438704490662,0.6110489368438721,0.00979402381926775,0.5928478240966797,0.5952965021133423,0.5992579460144043,0.6039925217628479,0.6110489368438721,0.6168321371078491,0.6233391761779785,0.6278486847877502,0.6310019493103027
5040,-0.6116483211517334,103.2841796875,27.822113037109375,144.67206827799478,0.6116483211517334,0.6116890907287598,0.009690790437161922,0.5928478240966797,0.5977787375450134,0.5997673273086548,0.6050807237625122,0.6116890907287598,0.6178479194641113,0.6245330572128296,0.6300063729286194,0.6311750411987305
5070,-0.6120622158050537,103.03721618652344,27.869007110595703,144.3530069986979,0.6120622754096985,0.6121921539306641,0.009854995645582676,0.5928478240966797,0.5977787375450134,0.5998324751853943,0.6054936647415161,0.6121921539306641,0.6180003881454468,0.6252965331077576,0.6305943131446838,0.6318851113319397
5100,-0.6122640371322632,102.77825164794922,27.910797119140625,144.01657104492188,0.6122640371322632,0.6122287511825562,0.009780274704098701,0.5931571125984192,0.5991742610931396,0.5998324751853943,0.6055099964141846,0.6122287511825562,0.618265688419342,0.6252965331077576,0.6305943131446838,0.6318851113319397
5130,-0.6128137707710266,102.50944519042969,27.923965454101562,143.68020629882812,0.6128138303756714,0.6124255061149597,0.009949439205229282,0.5931608080863953,0.5991742610931396,0.6006301641464233,0.6061252355575562,0.6124255061149597,0.618265688419342,0.6255695223808289,0.6308775544166565,0.6328740119934082
5160,-0.6132497191429138,102.23180389404297,27.925329208374023,143.33660380045572,0.6132497191429138,0.6126410961151123,0.01023627445101738,0.5931608080863953,0.5991742610931396,0.6012922525405884,0.6065046191215515,0.6126410961151123,0.6183922290802002,0.6255695223808289,0.6310815811157227,0.6387825608253479
5190,-0.6135901212692261,101.9623031616211,27.962432861328125,142.9927978515625,0.6135901212692261,0.6128443479537964,0.010663721710443497,0.5931608080863953,0.5991742610931396,0.6012922525405884,0.6065046191215515,0.6128443479537964,0.618850827217102,0.6266278624534607,0.6316526532173157,0.6388598680496216
5220,-0.6141461730003357,101.69834899902344,28.006668090820312,142.65327962239584,0.6141461730003357,0.613060712814331,0.010797806084156036,0.5931608080863953,0.5991742610931396,0.601711094379425,0.6067371964454651,0.613060712814331,0.6189630627632141,0.6294941902160645,0.6318191885948181,0.6388598680496216
5250,-0.6145387291908264,101.46022033691406,28.04449462890625,142.34251912434897,0.6145387291908264,0.613060712814331,0.010707858018577099,0.5953634977340698,0.6002201437950134,0.601711094379425,0.6078753471374512,0.613060712814331,0.6194671392440796,0.6296778917312622,0.6318191885948181,0.6388598680496216
5280,-0.6150302886962891,101.18819427490234,28.090444564819336,141.99128214518228,0.6150302886962891,0.6136730313301086,0.01099687535315752,0.5953634977340698,0.6002201437950134,0.601711094379425,0.6078753471374512,0.6136730313301086,0.6211477518081665,0.6300654411315918,0.6328072547912598,0.6388598680496216
5310,-0.6154155731201172,100.90666198730469,28.12898826599121,141.6321767171224,0.615415632724762,0.614222526550293,0.010891607962548733,0.5972925424575806,0.6007054448127747,0.6024592518806458,0.6083456873893738,0.614222526550293,0.6211477518081665,0.6300654411315918,0.6328072547912598,0.6388598680496216
5340,-0.6159427762031555,100.66497039794922,28.177352905273438,141.31153869628906,0.6159428358078003,0.6145212650299072,0.011102667078375816,0.5972925424575806,0.6009904146194458,0.6026356816291809,0.6086003184318542,0.6145212650299072,0.6211477518081665,0.6311054229736328,0.633855938911438,0.6388598680496216
5370,-0.6168065667152405,100.40184783935547,28.229949951171875,140.9611612955729,0.6168066263198853,0.6150746941566467,0.011267715133726597,0.597321629524231,0.6009904146194458,0.6031783223152161,0.6096702814102173,0.6150746941566467,0.6233699321746826,0.6316587924957275,0.6351597905158997,0.6435592174530029
5400,-0.617431640625,100.12089538574219,28.253250122070312,140.5994618733724,0.6174317002296448,0.615436315536499,0.011161312460899353,0.5998737812042236,0.6009904146194458,0.6031783223152161,0.6099644303321838,0.615436315536499,0.6246424317359924,0.6316587924957275,0.6351597905158997,0.6435592174530029
5430,-0.6182527542114258,99.84786224365234,28.287343978881836,140.2410888671875,0.6182528138160706,0.6172904968261719,0.01137000322341919,0.6004396080970764,0.6011114120483398,0.6036050915718079,0.6105074882507324,0.6172904968261719,0.6248269081115723,0.6318684220314026,0.6378691792488098,0.6472582221031189
5460,-0.6188591718673706,99.57929992675781,28.31454086303711,139.89758809407553,0.6188592314720154,0.6180276274681091,0.011649359948933125,0.6004396080970764,0.6011114120483398,0.6036050915718079,0.6113619208335876,0.6180276274681091,0.6258014440536499,0.6338707804679871,0.6413443088531494,0.6472582221031189
5490,-0.6194390654563904,99.28309631347656,28.331722259521484,139.5203857421875,0.6194390654563904,0.618364155292511,0.011630933731794357,0.6004396080970764,0.6011114120483398,0.6046767234802246,0.6121068596839905,0.618364155292511,0.6263816952705383,0.6338707804679871,0.6413443088531494,0.6472582221031189
5520,-0.619906485080719,99.00914001464844,28.36440086364746,139.16612243652344,0.6199065446853638,0.618602991104126,0.011293861083686352,0.6004396080970764,0.603208065032959,0.6063136458396912,0.6129326820373535,0.618602991104126,0.6263816952705383,0.6338707804679871,0.6413443088531494,0.6472582221031189
5550,-0.6204927563667297,98.7318344116211,28.396480560302734,138.8083292643229,0.6204928755760193,0.6190655827522278,0.011175519786775112,0.6006977558135986,0.6036249995231628,0.6072522401809692,0.6137018203735352,0.6190655827522278,0.6267917156219482,0.6346056461334229,0.6413443088531494,0.6480776071548462
5580,-0.6207932233810425,98.4414291381836,28.41384506225586,138.43108113606772,0.6207932829856873,0.619350016117096,0.011117459274828434,0.6006977558135986,0.6036249995231628,0.6072522401809692,0.6138052940368652,0.619350016117096,0.6271166801452637,0.6346056461334229,0.6413443088531494,0.6480776071548462
5610,-0.621590256690979,98.16475677490234,28.44515609741211,138.0726318359375,0.621590256690979,0.6198211908340454,0.010747602209448814,0.6031959652900696,0.6047597527503967,0.6085727214813232,0.6148226261138916,0.6198211908340454,0.6276925802230835,0.6346056461334229,0.6413443088531494,0.6480776071548462
5640,-0.6220398545265198,97.88225555419922,28.457275390625,137.70938110351562,0.6220398545265198,0.6212297081947327,0.01054289285093546,0.6031959652900696,0.606262743473053,0.6096566915512085,0.6151200532913208,0.6212297081947327,0.6283958554267883,0.6346056461334229,0.6413443088531494,0.6480776071548462
5670,-0.6224067807197571,97.6016845703125,28.49959373474121,137.3390350341797,0.6224067807197571,0.6212297081947327,0.011050011962652206,0.6031959652900696,0.6075690388679504,0.6096566915512085,0.6151753067970276,0.6212297081947327,0.6295745372772217,0.6346056461334229,0.6413443088531494,0.6480776071548462
5700,-0.6231115460395813,97.27690124511719,28.508224487304688,136.92776997884116,0.6231115460395813,0.6220389604568481,0.011229168623685837,0.6031959652900696,0.6075961589813232,0.6096566915512085,0.6153186559677124,0.6220389604568481,0.6301570534706116,0.6351913213729858,0.6413443088531494,0.648208498954773
5730,-0.6236965656280518,96.98411560058594,28.510833740234375,136.55502319335938,0.6236965656280518,0.6227584481239319,0.011445468291640282,0.6058319211006165,0.6076338291168213,0.6096566915512085,0.6153186559677124,0.6227584481239319,0.6304201483726501,0.6373550295829773,0.6416584849357605,0.648208498954773
5760,-0.6243126392364502,96.6953125,28.528318405151367,136.185546875,0.6243126392364502,0.6237656474113464,0.011479214765131474,0.6058388352394104,0.6076338291168213,0.6104124784469604,0.6155663132667542,0.6237656474113464,0.6314990520477295,0.638020932674408,0.6434994339942932,0.648208498954773
5790,-0.6250311732292175,96.3969955444336,28.560827255249023,135.7963612874349,0.6250311732292175,0.6241556406021118,0.011453168466687202,0.6063161492347717,0.6079362630844116,0.611282467842102,0.6169437170028687,0.6241556406021118,0.6318067908287048,0.6383732557296753,0.6438292860984802,0.648208498954773
5820,-0.6254520416259766,96.12823486328125,28.588176727294922,135.44432576497397,0.6254521012306213,0.6243364810943604,0.011510084383189678,0.6063161492347717,0.6079362630844116,0.6117593050003052,0.6174594759941101,0.6243364810943604,0.6319767832756042,0.6395553946495056,0.6449585556983948,0.648208498954773
5850,-0.626041829586029,95.8192138671875,28.57259750366211,135.06021626790366,0.626041829586029,0.6255319118499756,0.011566808447241783,0.6063161492347717,0.6085338592529297,0.6128657460212708,0.6177465915679932,0.6255319118499756,0.6329178810119629,0.6395553946495056,0.6449585556983948,0.6551809310913086
5880,-0.6262079477310181,95.5281982421875,28.60702896118164,134.66847229003906,0.6262079477310181,0.6255319118499756,0.011776907369494438,0.6070788502693176,0.6087247133255005,0.6128657460212708,0.6178672909736633,0.6255319118499756,0.6329178810119629,0.6395553946495056,0.6449585556983948,0.6574437618255615
5910,-0.6268318891525269,95.21791076660156,28.637304306030273,134.25674947102866,0.6268318891525269,0.6262295246124268,0.011983601376414299,0.607650876045227,0.610395610332489,0.6128657460212708,0.6180415749549866,0.6262295246124268,0.6345164179801941,0.6413558125495911,0.6451309323310852,0.6574437618255615
5940,-0.6273002624511719,94.9177474975586,28.683589935302734,133.8604482014974,0.6273003220558167,0.6264066696166992,0.01209048181772232,0.6104267239570618,0.6110748648643494,0.6129463315010071,0.6181603074073792,0.6264066696166992,0.6345164179801941,0.6431225538253784,0.6481026411056519,0.6574437618255615
5970,-0.6280217170715332,94.60577392578125,28.709583282470703,133.45797220865884,0.6280217170715332,0.6268789172172546,0.011839373037219048,0.6104267239570618,0.6117961406707764,0.613766074180603,0.6196519732475281,0.6268789172172546,0.6347924470901489,0.6431225538253784,0.6481026411056519,0.6574437618255615
6000,-0.6284865736961365,94.29576110839844,28.735042572021484,133.04116821289062,0.6284865736961365,0.6269689798355103,0.01166476495563984,0.6104808449745178,0.6124670505523682,0.6145883202552795,0.6208571791648865,0.6269689798355103,0.6348181962966919,0.6431225538253784,0.6481026411056519,0.6574437618255615
6030,-0.6292703747749329,94.02178955078125,28.75426483154297,132.6769256591797,0.6292703151702881,0.6284478306770325,0.011689767241477966,0.6104808449745178,0.6124670505523682,0.6150486469268799,0.6212397813796997,0.6284478306770325,0.6357831954956055,0.6431225538253784,0.6481026411056519,0.6574437618255615
6060,-0.6297653913497925,93.73332977294922,28.8211727142334,132.27519734700522,0.6297653913497925,0.6289573907852173,0.011436902917921543,0.6104808449745178,0.613722026348114,0.6164994835853577,0.6221745610237122,0.6289573907852173,0.6357831954956055,0.6431225538253784,0.6481026411056519,0.6574437618255615
6090,-0.6305886507034302,93.43254089355469,28.840261459350586,131.87370808919272,0.630588710308075,0.6294704079627991,0.012093974277377129,0.6104808449745178,0.6150026321411133,0.6177836060523987,0.6225878000259399,0.6294704079627991,0.6357831954956055,0.6450501680374146,0.6552624702453613,0.6618360280990601
6120,-0.6314947605133057,93.11900329589844,28.8719539642334,131.46033732096353,0.6314947605133057,0.6300143599510193,0.012510397471487522,0.6104808449745178,0.6150026321411133,0.617887556552887,0.6229273676872253,0.6300143599510193,0.6358950138092041,0.6504595279693604,0.6552624702453613,0.6643895506858826
6150,-0.6321778893470764,92.83319091796875,28.88587188720703,131.07830301920572,0.6321778893470764,0.6313010454177856,0.012833338230848312,0.6104808449745178,0.6150026321411133,0.617887556552887,0.6230398416519165,0.6313010454177856,0.6393077373504639,0.6507224440574646,0.656731128692627,0.6643895506858826
6180,-0.6326345205307007,92.5516586303711,28.930553436279297,130.6940714518229,0.6326344609260559,0.6317198276519775,0.012682188302278519,0.6104808449745178,0.6155004501342773,0.617958128452301,0.623181939125061,0.6317198276519775,0.6394227147102356,0.6507224440574646,0.656731128692627,0.6643895506858826
6210,-0.633354127407074,92.2350082397461,28.949581146240234,130.2779744466146,0.633354127407074,0.6318283677101135,0.013423609547317028,0.6104808449745178,0.6155004501342773,0.61823570728302,0.62456876039505,0.6318283677101135,0.6396745443344116,0.6525284647941589,0.6593926548957825,0.6653825640678406
6240,-0.6335247755050659,91.95547485351562,28.9866943359375,129.8921356201172,0.6335247755050659,0.6318283677101135,0.013278840109705925,0.6104808449745178,0.6155004501342773,0.6195714473724365,0.6251314282417297,0.6318283677101135,0.6396745443344116,0.6525284647941589,0.6593926548957825,0.6653825640678406
6270,-0.6340296268463135,91.66191101074219,29.014053344726562,129.49817911783853,0.6340295672416687,0.6321877241134644,0.01333305798470974,0.6104808449745178,0.6176540851593018,0.6196300387382507,0.6254950761795044,0.6321877241134644,0.6405683159828186,0.6530247926712036,0.6593926548957825,0.6682703495025635
6300,-0.6343773603439331,91.35931396484375,29.003314971923828,129.10629272460938,0.6343773007392883,0.6324541568756104,0.013172643259167671,0.6105052828788757,0.6179582476615906,0.6197918653488159,0.6255815029144287,0.6324541568756104,0.6409059762954712,0.6530786752700806,0.6593926548957825,0.6682703495025635
6330,-0.6348227858543396,91.05184173583984,29.002517700195312,128.70670572916666,0.6348227858543396,0.6324541568756104,0.01359129510819912,0.6105052828788757,0.6179582476615906,0.6197918653488159,0.625636100769043,0.6324541568756104,0.6415328979492188,0.6530786752700806,0.6593926548957825,0.6696291565895081
6360,-0.6354776620864868,90.77281188964844,29.020828247070312,128.33543904622397,0.6354776620864868,0.6328430771827698,0.013651096262037754,0.6105052828788757,0.6184700727462769,0.6202996373176575,0.6261568069458008,0.6328430771827698,0.6429884433746338,0.6530786752700806,0.6593926548957825,0.6696291565895081
6390,-0.6359952688217163,90.4647445678711,29.030345916748047,127.92581939697266,0.6359952688217163,0.6334284543991089,0.01373282540589571,0.6105052828788757,0.6189500093460083,0.6209914088249207,0.6263084411621094,0.6334284543991089,0.6430146098136902,0.6530786752700806,0.6593926548957825,0.6696291565895081
6420,-0.6363224387168884,90.14891052246094,29.039203643798828,127.50555165608723,0.6363223791122437,0.6340398192405701,0.01342498417943716,0.6170068979263306,0.6189500093460083,0.6215653419494629,0.6266878843307495,0.6340398192405701,0.6432717442512512,0.6530786752700806,0.6593926548957825,0.6696291565895081
6450,-0.6368301510810852,89.83549499511719,29.057376861572266,127.07820129394531,0.6368301510810852,0.6346470713615417,0.013341328129172325,0.6171167492866516,0.6203330159187317,0.6229429841041565,0.627341628074646,0.6346470713615417,0.6432717442512512,0.6540308594703674,0.6612432599067688,0.6712666153907776
6480,-0.6370248198509216,89.51363372802734,29.074857711791992,126.6428731282552,0.6370248198509216,0.6346470713615417,0.013296986930072308,0.6171167492866516,0.6203330159187317,0.6230190992355347,0.6276722550392151,0.6346470713615417,0.6432717442512512,0.6540308594703674,0.6612432599067688,0.6712666153907776
6510,-0.637460470199585,89.19573974609375,29.094253540039062,126.21042378743489,0.6374605298042297,0.6348410844802856,0.013280960731208324,0.6171167492866516,0.6209772825241089,0.6230190992355347,0.6283228397369385,0.6348410844802856,0.6443066596984863,0.6540547609329224,0.6612432599067688,0.6712666153907776
6540,-0.638145387172699,88.86946868896484,29.100767135620117,125.77596537272136,0.6381454467773438,0.635154664516449,0.013000071980059147,0.6171167492866516,0.6213521361351013,0.6240885853767395,0.629186749458313,0.635154664516449,0.6451408863067627,0.6540547609329224,0.6612432599067688,0.6712666153907776
6570,-0.6387079358100891,88.54217529296875,29.10869598388672,125.33724721272786,0.6387079358100891,0.6367567777633667,0.012746024876832962,0.6171167492866516,0.621576189994812,0.6257882118225098,0.6293978691101074,0.6367567777633667,0.6451408863067627,0.6551945209503174,0.6612432599067688,0.6712666153907776
6600,-0.6396493911743164,88.2264404296875,29.13282585144043,124.89945220947266,0.6396494507789612,0.638408899307251,0.01257461216300726,0.6171167492866516,0.6239755153656006,0.6263991594314575,0.6306551694869995,0.638408899307251,0.6467090249061584,0.6553309559822083,0.6612432599067688,0.6712666153907776
6630,-0.6403250098228455,87.87596130371094,29.113704681396484,124.44778188069661,0.6403249502182007,0.638745903968811,0.01256770733743906,0.6171167492866516,0.6239755153656006,0.6269612908363342,0.6322885751724243,0.638745903968811,0.6472647190093994,0.655353844165802,0.6612432599067688,0.6712666153907776
6660,-0.6409315466880798,87.53800964355469,29.113126754760742,123.99491373697917,0.6409315466880798,0.638745903968811,0.012754364870488644,0.6171167492866516,0.6239755153656006,0.6272526979446411,0.632777214050293,0.638745903968811,0.6475372314453125,0.657952606678009,0.6612432599067688,0.6712666153907776
6690,-0.6415417194366455,87.22119140625,29.125885009765625,123.56577555338542,0.6415417194366455,0.6397059559822083,0.012773196212947369,0.6171167492866516,0.6255691647529602,0.6278180480003357,0.6328946352005005,0.6397059559822083,0.6480123400688171,0.657952606678009,0.6612432599067688,0.6713254451751709
6720,-0.6419958472251892,86.89663696289062,29.15546226501465,123.11707051595052,0.6419958472251892,0.6400976777076721,0.013258982449769974,0.6171167492866516,0.6255691647529602,0.6278180480003357,0.632971465587616,0.6400976777076721,0.6504547595977783,0.6580562591552734,0.6621501445770264,0.6806631684303284
6750,-0.6424048542976379,86.5648422241211,29.162120819091797,122.6619364420573,0.6424048542976379,0.6400976777076721,0.013372580520808697,0.6171167492866516,0.6255691647529602,0.6281628608703613,0.6339049935340881,0.6400976777076721,0.6504547595977783,0.6580562591552734,0.6621501445770264,0.6806821823120117
6780,-0.643106997013092,86.25692749023438,29.173751831054688,122.24337768554688,0.643106997013092,0.6409690976142883,0.013633239082992077,0.6171167492866516,0.6255691647529602,0.6281628608703613,0.6342289447784424,0.6409690976142883,0.6511822938919067,0.6597543358802795,0.6638543605804443,0.6806821823120117
6810,-0.6438907980918884,85.91777038574219,29.18097496032715,121.781005859375,0.6438908576965332,0.6423490643501282,0.013468071818351746,0.6214975118637085,0.6256422400474548,0.6292146444320679,0.6351548433303833,0.6423490643501282,0.6529433727264404,0.6597543358802795,0.663939356803894,0.6806821823120117
6840,-0.6443557739257812,85.592041015625,29.195066452026367,121.33320617675781,0.644355833530426,0.6432678699493408,0.01338079571723938,0.6214975118637085,0.6256422400474548,0.6292146444320679,0.6357357501983643,0.6432678699493408,0.6529433727264404,0.6597543358802795,0.663939356803894,0.6807058453559875
6870,-0.6448196172714233,85.2642822265625,29.20833396911621,120.88589477539062,0.6448196172714233,0.6434025764465332,0.01360769011080265,0.6214975118637085,0.6269122362136841,0.6299209594726562,0.6364553570747375,0.6434025764465332,0.6531714200973511,0.6599882245063782,0.6655986905097961,0.6837570071220398
6900,-0.6458820700645447,84.93913269042969,29.21630096435547,120.43652598063152,0.6458821296691895,0.6444354057312012,0.013899741694331169,0.6215007901191711,0.6269122362136841,0.6304083466529846,0.6369434595108032,0.6444354057312012,0.6538757085800171,0.6605736613273621,0.6710843443870544,0.6837570071220398
6930,-0.6465350985527039,84.5989761352539,29.227012634277344,119.97653706868489,0.6465351581573486,0.6461410522460938,0.01381249912083149,0.624033510684967,0.6281358599662781,0.6319829225540161,0.6375570297241211,0.6461410522460938,0.6542084217071533,0.6612707376480103,0.6710843443870544,0.6837570071220398
6960,-0.6467975974082947,84.27129364013672,29.23013687133789,119.51972961425781,0.6467976570129395,0.6466000080108643,0.013816822320222855,0.624033510684967,0.6281358599662781,0.6319829225540161,0.6375570297241211,0.6466000080108643,0.6542084217071533,0.6612707376480103,0.6710843443870544,0.6837570071220398
6990,-0.6469576954841614,83.9443588256836,29.23464584350586,119.06615193684895,0.6469577550888062,0.6466000080108643,0.01394851878285408,0.624033510684967,0.6281358599662781,0.6319829225540161,0.6375570297241211,0.6466000080108643,0.6544812917709351,0.6620914936065674,0.6710843443870544,0.6837570071220398
7020,-0.6482393741607666,83.62983703613281,29.270782470703125,118.61181131998698,0.6482393741607666,0.6467545032501221,0.01412555854767561,0.624033510684967,0.6295595765113831,0.6328681111335754,0.6384491920471191,0.6467545032501221,0.6557260751724243,0.6650763154029846,0.6724342703819275,0.6838474273681641
7050,-0.6491541862487793,83.29118347167969,29.280635833740234,118.14302062988281,0.6491541862487793,0.6471065282821655,0.014422272332012653,0.624033510684967,0.6295595765113831,0.6338242292404175,0.6392241716384888,0.6471065282821655,0.6562890410423279,0.6653149724006653,0.6751258969306946,0.6839299201965332
7080,-0.6501718163490295,82.96278381347656,29.269058227539062,117.68494415283203,0.6501717567443848,0.6492063999176025,0.014855865389108658,0.6241142749786377,0.6295775175094604,0.6338242292404175,0.639487087726593,0.6492063999176025,0.6569744348526001,0.6660317182540894,0.6751258969306946,0.6927961707115173
7110,-0.6507707834243774,82.63453674316406,29.286762237548828,117.22543843587239,0.6507707834243774,0.6498727202415466,0.014626793563365936,0.6269649267196655,0.6308128833770752,0.6338242292404175,0.6409353017807007,0.6498727202415466,0.6578369140625,0.6685599088668823,0.6751258969306946,0.6927961707115173
7140,-0.6514478921890259,82.26545715332031,29.264745712280273,116.72994995117188,0.6514478325843811,0.6509974002838135,0.014911930076777935,0.6273642778396606,0.6308128833770752,0.6347129344940186,0.6409353017807007,0.6509974002838135,0.6588008403778076,0.6704925894737244,0.6751258969306946,0.6928544044494629
7170,-0.6521355509757996,81.93902587890625,29.261470794677734,116.28058624267578,0.6521355509757996,0.6516463756561279,0.014740332029759884,0.6274232864379883,0.6308128833770752,0.6347129344940186,0.6420027017593384,0.6516463756561279,0.6597880125045776,0.6704925894737244,0.6751258969306946,0.6928544044494629
7200,-0.6524560451507568,81.62159729003906,29.259136199951172,115.85160319010417,0.6524560451507568,0.6520959138870239,0.014702751301229,0.6295276284217834,0.6315887570381165,0.6347129344940186,0.6420639753341675,0.6520959138870239,0.6599171161651611,0.6704925894737244,0.6751258969306946,0.6928544044494629
7230,-0.6530329585075378,81.26918029785156,29.270687103271484,115.35872904459636,0.6530328989028931,0.6531698107719421,0.014815233647823334,0.6295276284217834,0.6315887570381165,0.6347129344940186,0.6426030993461609,0.6531698107719421,0.6610002517700195,0.6704925894737244,0.6751258969306946,0.6969358325004578
7260,-0.6537490487098694,80.92901611328125,29.268774032592773,114.88573455810547,0.6537491083145142,0.653523325920105,0.015035460703074932,0.6295276284217834,0.6318089962005615,0.6347129344940186,0.6432754397392273,0.653523325920105,0.6638650894165039,0.670943021774292,0.6751258969306946,0.6969358325004578
7290,-0.6539286375045776,80.59095764160156,29.250511169433594,114.4259033203125,0.6539287567138672,0.653523325920105,0.014902924187481403,0.6295276284217834,0.6319515705108643,0.6347129344940186,0.6438843607902527,0.653523325920105,0.6638650894165039,0.670943021774292,0.6751258969306946,0.6969358325004578
7320,-0.6542925238609314,80.2551040649414,29.23433494567871,113.96690622965495,0.6542924642562866,0.6538034081459045,0.014855694025754929,0.6306933164596558,0.6319515705108643,0.6364533305168152,0.6438843607902527,0.6538034081459045,0.6647135019302368,0.670943021774292,0.6751258969306946,0.6969358325004578
7350,-0.6548881530761719,79.88685607910156,29.226329803466797,113.45684560139973,0.6548881530761719,0.6541327238082886,0.0147798927500844,0.6307159662246704,0.6319515705108643,0.638450562953949,0.6454718112945557,0.6541327238082886,0.6648238897323608,0.670943021774292,0.6793178915977478,0.6969358325004578
7380,-0.655292809009552,79.52680969238281,29.218860626220703,112.95225524902344,0.655292809009552,0.6544015407562256,0.014732550829648972,0.6315616965293884,0.6320298910140991,0.638938307762146,0.6456069350242615,0.6544015407562256,0.6648816466331482,0.6723887920379639,0.6793178915977478,0.6969358325004578
7410,-0.6558166146278381,79.14320373535156,29.191436767578125,112.42845662434895,0.6558166742324829,0.6546165943145752,0.014707911759614944,0.6315616965293884,0.6320298910140991,0.638938307762146,0.6464540958404541,0.6546165943145752,0.6649285554885864,0.6726481318473816,0.6793178915977478,0.6969358325004578
7440,-0.6567776203155518,78.75962829589844,29.204418182373047,111.88765462239583,0.6567776203155518,0.655017614364624,0.0147935152053833,0.6317471861839294,0.6365336775779724,0.6409996747970581,0.6468865275382996,0.655017614364624,0.6654459834098816,0.6738684773445129,0.6808955669403076,0.6969358325004578
7470,-0.6574779152870178,78.41635131835938,29.19154930114746,111.4071273803711,0.6574779748916626,0.655017614364624,0.014690839685499668,0.6317471861839294,0.6384263634681702,0.6416760683059692,0.647491991519928,0.655017614364624,0.6673102378845215,0.6740525960922241,0.6808955669403076,0.6969358325004578
7500,-0.6587382555007935,78.05006408691406,29.178050994873047,110.90009053548177,0.6587382555007935,0.6559374332427979,0.014786557294428349,0.6317471861839294,0.6390007138252258,0.6422778964042664,0.6487783193588257,0.6559374332427979,0.6677305102348328,0.6758391261100769,0.6873832941055298,0.6987683176994324
7530,-0.6593285799026489,77.69308471679688,29.1678524017334,110.40908559163411,0.6593284606933594,0.6564093232154846,0.01497948169708252,0.6318844556808472,0.6390007138252258,0.6422778964042664,0.6505372524261475,0.6564093232154846,0.6677305102348328,0.679387629032135,0.6876351833343506,0.698774516582489
7560,-0.6599908471107483,77.33357238769531,29.152448654174805,109.90821584065755,0.6599907875061035,0.6574735641479492,0.014851318672299385,0.6318844556808472,0.6390659213066101,0.6442919969558716,0.6512091159820557,0.6574735641479492,0.6681134700775146,0.679387629032135,0.6876351833343506,0.698774516582489
7590,-0.6605735421180725,76.99710083007812,29.15924644470215,109.42106374104817,0.6605734825134277,0.658595085144043,0.015070164576172829,0.6318844556808472,0.6390659213066101,0.6442919969558716,0.6512091159820557,0.658595085144043,0.6682848930358887,0.6807871460914612,0.6876351833343506,0.698774516582489
7620,-0.6613734364509583,76.65625,29.150691986083984,108.94310506184895,0.6613733768463135,0.659146785736084,0.015752865001559258,0.6318844556808472,0.6390659213066101,0.6444540023803711,0.6512091159820557,0.659146785736084,0.6685861945152283,0.6828356385231018,0.6913902759552002,0.698774516582489
7650,-0.6620985865592957,76.28178405761719,29.12225914001465,108.41944885253906,0.6620986461639404,0.659615159034729,0.015758763998746872,0.6320610642433167,0.6395205855369568,0.6448696851730347,0.6512241363525391,0.659615159034729,0.6705381870269775,0.6828356385231018,0.6922094821929932,0.698774516582489
7680,-0.6629284024238586,75.9231948852539,29.095212936401367,107.92359415690105,0.6629283428192139,0.6598837375640869,0.015679113566875458,0.6327096819877625,0.6398650407791138,0.6457672715187073,0.6521626710891724,0.6598837375640869,0.6721112132072449,0.6828356385231018,0.6922094821929932,0.7007622122764587
7710,-0.663583517074585,75.60026550292969,29.082082748413086,107.46961975097656,0.6635834574699402,0.6614099144935608,0.01580747961997986,0.6327096819877625,0.6398650407791138,0.6457672715187073,0.6530811190605164,0.6614099144935608,0.6723581552505493,0.6838001608848572,0.6922627687454224,0.701712965965271
7740,-0.6645288467407227,75.27388763427734,29.11072540283203,106.97931162516277,0.6645287871360779,0.6635515689849854,0.015922455117106438,0.6342686414718628,0.6398650407791138,0.6458015441894531,0.6536989212036133,0.6635515689849854,0.6749609708786011,0.6846513748168945,0.6922627687454224,0.701712965965271
7770,-0.6648173928260803,74.93042755126953,29.093036651611328,106.49601236979167,0.6648173332214355,0.6646720767021179,0.015882583335042,0.6342686414718628,0.6398650407791138,0.6458015441894531,0.6540076732635498,0.6646720767021179,0.6749609708786011,0.6852362751960754,0.6922627687454224,0.701712965965271
7800,-0.6656212210655212,74.56112670898438,29.0787410736084,105.96858978271484,0.6656211614608765,0.6648640632629395,0.015852732583880424,0.6342686414718628,0.6398650407791138,0.6488791108131409,0.6540076732635498,0.6648640632629395,0.6764153838157654,0.6857870221138,0.6922627687454224,0.701712965965271
7830,-0.6660622358322144,74.23576354980469,29.091861724853516,105.49455006917317,0.6660621762275696,0.6657810807228088,0.01580396667122841,0.6378648281097412,0.6398650407791138,0.6490290760993958,0.6540076732635498,0.6657810807228088,0.6767255663871765,0.6858085989952087,0.6931825280189514,0.701712965965271
7860,-0.6663015484809875,73.91248321533203,29.076595306396484,105.02609761555989,0.6663014888763428,0.6664852499961853,0.01584620028734207,0.6378648281097412,0.6398650407791138,0.6490290760993958,0.6540076732635498,0.6664852499961853,0.6768657565116882,0.6858085989952087,0.6931825280189514,0.701712965965271
7890,-0.6675955057144165,73.54033660888672,29.047903060913086,104.50167083740234,0.6675955057144165,0.666985809803009,0.01532482635229826,0.6384264826774597,0.6448511481285095,0.6504325270652771,0.6562269926071167,0.666985809803009,0.6779065132141113,0.6864370703697205,0.6931825280189514,0.701712965965271
7920,-0.6680117845535278,73.18927001953125,29.034818649291992,104.00017547607422,0.6680117845535278,0.666985809803009,0.015946993604302406,0.6384264826774597,0.6448511481285095,0.6504325270652771,0.6563056111335754,0.666985809803009,0.6779065132141113,0.6878289580345154,0.6935797929763794,0.7021019458770752
7950,-0.6689661145210266,72.84930419921875,29.031295776367188,103.50615946451823,0.6689661145210266,0.6671024560928345,0.015485565178096294,0.6424347162246704,0.6471822261810303,0.6520770192146301,0.6574622392654419,0.6671024560928345,0.6784991025924683,0.6878289580345154,0.6969425082206726,0.7021019458770752
7980,-0.6694677472114563,72.51200103759766,29.018829345703125,103.01390075683594,0.6694676876068115,0.6678709983825684,0.015522081404924393,0.6424347162246704,0.648291826248169,0.6529428362846375,0.6574622392654419,0.6678709983825684,0.6790268421173096,0.6892414689064026,0.6969425082206726,0.7021019458770752
8010,-0.6699243187904358,72.15584564208984,28.9939022064209,102.50826263427734,0.6699243783950806,0.6678709983825684,0.01572408527135849,0.6424347162246704,0.648291826248169,0.6529428362846375,0.6577765941619873,0.6678709983825684,0.6813579797744751,0.6919560432434082,0.6969425082206726,0.7059547901153564
8040,-0.6705588102340698,71.84043884277344,28.999103546142578,102.03028615315755,0.6705588698387146,0.6695155501365662,0.015647655352950096,0.6424347162246704,0.648291826248169,0.6529428362846375,0.6594778895378113,0.6695155501365662,0.6813879013061523,0.6919560432434082,0.6969425082206726,0.7059602737426758
8070,-0.6711816191673279,71.48788452148438,28.9976806640625,101.51603444417317,0.6711817979812622,0.6698521375656128,0.015474583022296429,0.6448665857315063,0.6483986377716064,0.6529428362846375,0.6598562002182007,0.6698521375656128,0.6813879013061523,0.6919560432434082,0.6969425082206726,0.7060682773590088
8100,-0.6717554926872253,71.10780334472656,28.970836639404297,100.98025512695312,0.6717556118965149,0.6703031063079834,0.015377610921859741,0.6448665857315063,0.6506718397140503,0.6539763808250427,0.6598562002182007,0.6703031063079834,0.681553840637207,0.6920556426048279,0.6977246403694153,0.7060682773590088
8130,-0.6727500557899475,70.75,28.952754974365234,100.45813242594402,0.6727501749992371,0.6709767580032349,0.015637919306755066,0.6472629308700562,0.6507756114006042,0.6543823480606079,0.6607281565666199,0.6709767580032349,0.6824092864990234,0.6955199837684631,0.7019532322883606,0.7060682773590088
8160,-0.6733288168907166,70.41780853271484,28.951580047607422,99.96040598551433,0.6733289957046509,0.6714282631874084,0.01586441695690155,0.6472629308700562,0.6507756114006042,0.6543823480606079,0.6609112620353699,0.6714282631874084,0.6824140548706055,0.6955939531326294,0.7026358842849731,0.7060760855674744
8190,-0.6735725402832031,70.0477294921875,28.930469512939453,99.42330678304036,0.6735727190971375,0.6714282631874084,0.015898004174232483,0.6472629308700562,0.652908205986023,0.6543823480606079,0.6609112620353699,0.6714282631874084,0.683307409286499,0.6967563629150391,0.7026358842849731,0.7060760855674744
8220,-0.6744598150253296,69.69617462158203,28.92926597595215,98.89544677734375,0.6744599342346191,0.67298424243927,0.015784019604325294,0.6477365493774414,0.652908205986023,0.6552665829658508,0.6639786958694458,0.67298424243927,0.6843190789222717,0.6967563629150391,0.702660322189331,0.7060760855674744
8250,-0.6750156283378601,69.33058166503906,28.901975631713867,98.37147776285808,0.6750156879425049,0.673378050327301,0.01574186235666275,0.6492089033126831,0.6530001163482666,0.6565868258476257,0.6643756031990051,0.673378050327301,0.6846451759338379,0.6975112557411194,0.705377459526062,0.7089099884033203
8280,-0.675404965877533,68.98982238769531,28.896312713623047,97.84984079996745,0.6754050254821777,0.673378050327301,0.01570461504161358,0.6492089033126831,0.6530001163482666,0.656757652759552,0.6646006107330322,0.673378050327301,0.6846451759338379,0.6975112557411194,0.705377459526062,0.7089099884033203
8310,-0.6758612394332886,68.65545654296875,28.881032943725586,97.34044647216797,0.6758612990379333,0.6745048761367798,0.0158328078687191,0.6492089033126831,0.6530001163482666,0.656757652759552,0.6646006107330322,0.6745048761367798,0.6846451759338379,0.6975112557411194,0.705377459526062,0.7089099884033203
8340,-0.6765481233596802,68.28993225097656,28.8736572265625,96.80305735270183,0.676548182964325,0.675626277923584,0.015683194622397423,0.6492089033126831,0.6532002091407776,0.656918466091156,0.6657851338386536,0.675626277923584,0.6852715015411377,0.6976484656333923,0.705377459526062,0.7092260122299194
8370,-0.6772635579109192,67.929931640625,28.863971710205078,96.2593256632487,0.6772635579109192,0.677283763885498,0.015485856682062149,0.6506855487823486,0.6552544832229614,0.6575304865837097,0.6665524244308472,0.677283763885498,0.6858270168304443,0.6979512572288513,0.705377459526062,0.7092260122299194
8400,-0.6779677271842957,67.55921936035156,28.82648277282715,95.73582204182942,0.6779676675796509,0.6774605512619019,0.015645187348127365,0.6506855487823486,0.6552544832229614,0.6590045094490051,0.6670569181442261,0.6774605512619019,0.6868701577186584,0.6982101202011108,0.7069175839424133,0.7092260122299194
8430,-0.6785589456558228,67.1846923828125,28.794963836669922,95.1924819946289,0.678558886051178,0.6779301166534424,0.016156472265720367,0.6506855487823486,0.6552544832229614,0.659723162651062,0.6670569181442261,0.6779301166534424,0.6887297630310059,0.7003447413444519,0.7069175839424133,0.7099340558052063
8460,-0.6790576577186584,66.82311248779297,28.772502899169922,94.65915425618489,0.6790577173233032,0.6784806251525879,0.01623559556901455,0.6525279879570007,0.65531986951828,0.659723162651062,0.6675153374671936,0.6784806251525879,0.6889105439186096,0.700355589389801,0.7069175839424133,0.7155956625938416
8490,-0.6795822978019714,66.4583740234375,28.7562255859375,94.12530517578125,0.6795822978019714,0.6785611510276794,0.01628478616476059,0.6525342464447021,0.65531986951828,0.659723162651062,0.6683430075645447,0.6785611510276794,0.689113199710846,0.700355589389801,0.7087871432304382,0.7155956625938416
8520,-0.6804054975509644,66.07766723632812,28.71878433227539,93.55767313639323,0.6804054975509644,0.6787312030792236,0.01630166918039322,0.6531482338905334,0.6566970944404602,0.6598148941993713,0.6692579984664917,0.6787312030792236,0.6903631091117859,0.7020807266235352,0.7087871432304382,0.7155956625938416
8550,-0.6813178658485413,65.7008285522461,28.66078758239746,93.0003178914388,0.6813178062438965,0.6789078712463379,0.01659792847931385,0.6532155871391296,0.6566970944404602,0.6599875688552856,0.6694409251213074,0.6789078712463379,0.6917742490768433,0.70369952917099,0.7099827527999878,0.7155956625938416
8580,-0.6817867755889893,65.3603286743164,28.634063720703125,92.4889144897461,0.6817867755889893,0.6794331073760986,0.01630672998726368,0.6545162200927734,0.657113254070282,0.6610413789749146,0.6698119640350342,0.6794331073760986,0.6917742490768433,0.70369952917099,0.7121116518974304,0.7184392213821411
8610,-0.6827365159988403,64.98980712890625,28.614192962646484,91.9233627319336,0.6827364563941956,0.6794331073760986,0.015823697671294212,0.6596028208732605,0.661310613155365,0.6642521619796753,0.6705962419509888,0.6794331073760986,0.6921969056129456,0.7043619751930237,0.7148857712745667,0.7189570069313049
8640,-0.6834328174591064,64.62113952636719,28.588584899902344,91.36401875813802,0.6834328174591064,0.680320680141449,0.015996921807527542,0.6596028208732605,0.661310613155365,0.6642521619796753,0.6713523864746094,0.680320680141449,0.6932611465454102,0.706858217716217,0.7149471044540405,0.7198673486709595
8670,-0.684272825717926,64.24406433105469,28.545753479003906,90.80193328857422,0.684272825717926,0.6819357872009277,0.015892785042524338,0.6598073244094849,0.6619902849197388,0.6663683652877808,0.6715638637542725,0.6819357872009277,0.6932611465454102,0.7073458433151245,0.7149471044540405,0.7198673486709595
8700,-0.6844883561134338,63.89977264404297,28.529186248779297,90.26922607421875,0.6844883561134338,0.6819357872009277,0.01601039245724678,0.6598073244094849,0.6619902849197388,0.6668260097503662,0.6715638637542725,0.6819357872009277,0.6932611465454102,0.7073458433151245,0.7149471044540405,0.7198673486709595
8730,-0.6851131916046143,63.505218505859375,28.471914291381836,89.68309275309245,0.6851131916046143,0.6827037334442139,0.015890059992671013,0.6599917411804199,0.6648243069648743,0.6683827638626099,0.6718056201934814,0.6827037334442139,0.6939315795898438,0.7078006863594055,0.7149471044540405,0.7198673486709595
8760,-0.6861649751663208,63.14836883544922,28.44957733154297,89.13128662109375,0.6861650347709656,0.6850733160972595,0.01608731597661972,0.663424015045166,0.6650243997573853,0.6688088774681091,0.6720812320709229,0.6850733160972595,0.6947101354598999,0.7087472081184387,0.7167383432388306,0.7199110984802246
8790,-0.6872523427009583,62.80779266357422,28.4362850189209,88.59169514973958,0.6872523427009583,0.6875406503677368,0.01651296392083168,0.663424015045166,0.66563880443573,0.6688088774681091,0.6733247637748718,0.6875406503677368,0.6958264112472534,0.7089018225669861,0.7188497185707092,0.7271809577941895
8820,-0.6878846883773804,62.45708465576172,28.406408309936523,88.06485493977864,0.6878845691680908,0.6876917481422424,0.01644003763794899,0.6634435653686523,0.66563880443573,0.6688088774681091,0.6746629476547241,0.6876917481422424,0.6963594555854797,0.7093220353126526,0.7188497185707092,0.7271809577941895
8850,-0.6882883906364441,62.09617233276367,28.374492645263672,87.50991566975911,0.6882883310317993,0.6880699992179871,0.016658654436469078,0.6634435653686523,0.66563880443573,0.6688740849494934,0.6753832101821899,0.6880699992179871,0.6972622275352478,0.7107183337211609,0.7188497185707092,0.7272294759750366
8880,-0.688942015171051,61.766090393066406,28.33120346069336,87.00707499186198,0.688942015171051,0.6880699992179871,0.016470255330204964,0.6634435653686523,0.66563880443573,0.6689321994781494,0.6771369576454163,0.6880699992179871,0.6983007192611694,0.7147689461708069,0.7188497185707092,0.7272294759750366
8910,-0.6894423365592957,61.38376998901367,28.298107147216797,86.42064412434895,0.6894423961639404,0.6885478496551514,0.016388900578022003,0.6634435653686523,0.66563880443573,0.6699886322021484,0.6773080229759216,0.6885478496551514,0.6990712881088257,0.7147689461708069,0.7188497185707092,0.7272294759750366
8940,-0.6907187700271606,61.04810333251953,28.29586410522461,85.85808817545573,0.6907187700271606,0.690092921257019,0.01610727421939373,0.6648040413856506,0.6668009161949158,0.6720024943351746,0.6785865426063538,0.690092921257019,0.7003638744354248,0.7149237990379333,0.7188497185707092,0.727318286895752
8970,-0.6913272142410278,60.7200927734375,28.260040283203125,85.35173797607422,0.6913272142410278,0.6910237669944763,0.01619495451450348,0.6648040413856506,0.6668009161949158,0.6722952723503113,0.6788961887359619,0.6910237669944763,0.7009861469268799,0.7149237990379333,0.7194785475730896,0.727318286895752
9000,-0.6920826435089111,60.38590621948242,28.2594051361084,84.80256652832031,0.6920826435089111,0.6918381452560425,0.016137082129716873,0.6651517152786255,0.6673133969306946,0.6738685369491577,0.6805701851844788,0.6918381452560425,0.7010437250137329,0.7155141234397888,0.7204923629760742,0.727318286895752
9030,-0.6928608417510986,60.03020477294922,28.255035400390625,84.21348571777344,0.6928608417510986,0.6918381452560425,0.016030514612793922,0.6656646132469177,0.6683921217918396,0.6744981408119202,0.6810129880905151,0.6918381452560425,0.7020348310470581,0.7156593799591064,0.7204923629760742,0.727318286895752
9060,-0.693528413772583,59.646270751953125,28.1972713470459,83.64317576090495,0.6935285329818726,0.6918381452560425,0.01589968428015709,0.6668365597724915,0.6708120107650757,0.6747684478759766,0.6821699738502502,0.6918381452560425,0.7030735015869141,0.7166898250579834,0.7206926345825195,0.727318286895752
9090,-0.6940280795097351,59.31962203979492,28.192150115966797,83.12020619710286,0.6940281391143799,0.6918381452560425,0.016076618805527687,0.6668365597724915,0.6708120107650757,0.6759998202323914,0.6821964383125305,0.6918381452560425,0.70366370677948,0.7167444825172424,0.7220723032951355,0.727318286895752
9120,-0.6946342587471008,58.985992431640625,28.182586669921875,82.5733159383138,0.6946343183517456,0.6923317313194275,0.01600986160337925,0.6668365597724915,0.6709316372871399,0.6761826276779175,0.6822569966316223,0.6923317313194275,0.7043706774711609,0.7167444825172424,0.7247043251991272,0.727318286895752
9150,-0.6949999332427979,58.62553024291992,28.148168563842773,82.00484720865886,0.6949999332427979,0.6937911510467529,0.01593351736664772,0.6668365597724915,0.6709316372871399,0.6771108508110046,0.6822569966316223,0.6937911510467529,0.7055928111076355,0.7167444825172424,0.7247043251991272,0.727318286895752
9180,-0.6953694224357605,58.281761169433594,28.12160873413086,81.4494400024414,0.6953693628311157,0.6937911510467529,0.015785250812768936,0.6668365597724915,0.6709316372871399,0.6775062084197998,0.6839171648025513,0.6937911510467529,0.7055928111076355,0.7175028324127197,0.7247043251991272,0.727318286895752
9210,-0.6962765455245972,57.93475341796875,28.07198143005371,80.92454528808594,0.6962764859199524,0.6946746110916138,0.015468227677047253,0.6673277020454407,0.6744354367256165,0.6791333556175232,0.6858536005020142,0.6946746110916138,0.706153929233551,0.7175028324127197,0.7247043251991272,0.7273274064064026
9240,-0.6970596313476562,57.598350524902344,28.037425994873047,80.39297993977864,0.6970595717430115,0.6956858038902283,0.015294533222913742,0.6683818101882935,0.6745373010635376,0.6791333556175232,0.6866058111190796,0.6956858038902283,0.706882655620575,0.7175028324127197,0.7247043251991272,0.7273274064064026
9270,-0.6974236369132996,57.27227020263672,28.034027099609375,79.84707895914714,0.6974236369132996,0.6963534951210022,0.015320371836423874,0.6693211197853088,0.6745373010635376,0.6791837215423584,0.686784029006958,0.6963534951210022,0.7070735096931458,0.7175028324127197,0.7247043251991272,0.7273918390274048
9300,-0.6977817416191101,56.8804931640625,27.991958618164062,79.24810028076172,0.6977817416191101,0.6969172954559326,0.015252013690769672,0.6693211197853088,0.6745403409004211,0.6791837215423584,0.6873400211334229,0.6969172954559326,0.7077881097793579,0.7185186743736267,0.7247043251991272,0.7273918390274048
9330,-0.6981171369552612,56.54845428466797,27.957321166992188,78.70627848307292,0.6981171369552612,0.6969172954559326,0.01530474703758955,0.6729000806808472,0.6765492558479309,0.679186999797821,0.6873400211334229,0.6969172954559326,0.7080658674240112,0.7185186743736267,0.7249317169189453,0.7276280522346497
9360,-0.6986831426620483,56.17522430419922,27.922073364257812,78.11279551188152,0.6986830830574036,0.6976149082183838,0.015299472957849503,0.6729000806808472,0.6771272420883179,0.6816685199737549,0.6878681182861328,0.6976149082183838,0.708702802658081,0.7194896936416626,0.7249317169189453,0.7276280522346497
9390,-0.6992222666740417,55.83799362182617,27.89285659790039,77.56521352132161,0.699222207069397,0.6980289220809937,0.015340503305196762,0.6729000806808472,0.6771272420883179,0.6816685199737549,0.6879525780677795,0.6980289220809937,0.708702802658081,0.7194896936416626,0.725355863571167,0.7292055487632751
9420,-0.7001702189445496,55.44746017456055,27.827098846435547,76.9612325032552,0.7001700401306152,0.69893479347229,0.0154136186465621,0.6729000806808472,0.6775253415107727,0.682204008102417,0.688508152961731,0.69893479347229,0.7098883390426636,0.7203494906425476,0.7266755104064941,0.7384023666381836
9450,-0.7009496688842773,55.049034118652344,27.755107879638672,76.34928639729817,0.7009497284889221,0.7010406851768494,0.015297740697860718,0.6729000806808472,0.6781352162361145,0.6822356581687927,0.689111053943634,0.7010406851768494,0.7119340896606445,0.7203494906425476,0.7271867990493774,0.7384023666381836
9480,-0.7015509009361267,54.738525390625,27.75463104248047,75.8067626953125,0.7015509009361267,0.7016682028770447,0.015401321463286877,0.6729000806808472,0.6781352162361145,0.682712972164154,0.689111053943634,0.7016682028770447,0.7122808694839478,0.7203494906425476,0.7271867990493774,0.7384023666381836
9510,-0.7022891640663147,54.4051628112793,27.723770141601562,75.23844146728516,0.7022892236709595,0.7028026580810547,0.01551727019250393,0.6729000806808472,0.6781352162361145,0.6832209825515747,0.690843939781189,0.7028026580810547,0.7123234868049622,0.7203494906425476,0.727504551410675,0.7384031414985657
9540,-0.7025915384292603,54.10163116455078,27.713581085205078,74.70375061035156,0.7025915384292603,0.7028026580810547,0.015466306358575821,0.6729000806808472,0.6811220645904541,0.6833304166793823,0.6917785406112671,0.7028026580810547,0.7124282717704773,0.7203494906425476,0.7308660745620728,0.7384031414985657
9570,-0.7030586004257202,53.77431869506836,27.713863372802734,74.13133494059245,0.7030586004257202,0.7031344175338745,0.015345459803938866,0.6769505739212036,0.6813008785247803,0.6833304166793823,0.6917785406112671,0.7031344175338745,0.7128964066505432,0.7217124700546265,0.730915904045105,0.7386224865913391
9600,-0.7038233876228333,53.44432830810547,27.685955047607422,73.57577768961589,0.7038233876228333,0.7031344175338745,0.01545402780175209,0.6769505739212036,0.6814377903938293,0.6845969557762146,0.6927785277366638,0.7031344175338745,0.7136989831924438,0.7230800986289978,0.7309449315071106,0.7403194904327393
9630,-0.7043283581733704,53.10737228393555,27.637462615966797,73.00245666503906,0.7043283581733704,0.7031344175338745,0.015726078301668167,0.6769505739212036,0.6814377903938293,0.6858606934547424,0.6927785277366638,0.7031344175338745,0.7138533592224121,0.7261434197425842,0.7309449315071106,0.7419326901435852
9660,-0.7049412131309509,52.764862060546875,27.601720809936523,72.43108876546223,0.7049413323402405,0.7031344175338745,0.015394430607557297,0.6775333285331726,0.6818705797195435,0.6871896982192993,0.6932634711265564,0.7031344175338745,0.7143264412879944,0.7261434197425842,0.7309449315071106,0.7419326901435852
9690,-0.705543041229248,52.42259979248047,27.565338134765625,71.86420186360677,0.7055431604385376,0.7033805847167969,0.015211924910545349,0.6775333285331726,0.6818705797195435,0.6879300475120544,0.6939529776573181,0.7033805847167969,0.7143264412879944,0.7261434197425842,0.7340160608291626,0.7419326901435852
9720,-0.7061173915863037,52.02138900756836,27.51045799255371,71.20242309570312,0.7061174511909485,0.7035074830055237,0.015098527073860168,0.6784563064575195,0.6860367655754089,0.6891757249832153,0.6941806077957153,0.7035074830055237,0.715516209602356,0.7261945009231567,0.7340160608291626,0.7419326901435852
9750,-0.7068804502487183,51.67821502685547,27.456741333007812,70.64704895019531,0.706880509853363,0.7063095569610596,0.01514747180044651,0.6784563064575195,0.6861777901649475,0.6900345087051392,0.6941806077957153,0.7063095569610596,0.715516209602356,0.7261945009231567,0.7341115474700928,0.7420297861099243
9780,-0.7070732116699219,51.341217041015625,27.426158905029297,70.07151794433594,0.7070732712745667,0.7063095569610596,0.015142728574573994,0.6784563064575195,0.6861777901649475,0.6911195516586304,0.6941806077957153,0.7063095569610596,0.7157338857650757,0.7261945009231567,0.7341115474700928,0.7420297861099243
9810,-0.7074841260910034,51.03057861328125,27.418777465820312,69.50682830810547,0.7074840664863586,0.7063095569610596,0.015172610990703106,0.6784563064575195,0.6876001358032227,0.691407322883606,0.6946778893470764,0.7063095569610596,0.717026948928833,0.7268126606941223,0.7341115474700928,0.7420297861099243
9840,-0.7077311277389526,50.69715881347656,27.367263793945312,68.9479751586914,0.7077311873435974,0.7063095569610596,0.015251479111611843,0.6784563064575195,0.6876001358032227,0.691407322883606,0.695321798324585,0.7063095569610596,0.7175613045692444,0.7268126606941223,0.7341115474700928,0.7420319318771362
9870,-0.7085361480712891,50.34832763671875,27.322795867919922,68.35909016927083,0.7085362076759338,0.7075289487838745,0.015328831039369106,0.6812536716461182,0.6876001358032227,0.691407322883606,0.6957930326461792,0.7075289487838745,0.7197173237800598,0.7268126606941223,0.7369252443313599,0.7420319318771362
9900,-0.7090225219726562,50.03622055053711,27.313304901123047,67.7728042602539,0.709022581577301,0.707797646522522,0.015175295993685722,0.6823139786720276,0.6893944144248962,0.691407322883606,0.6964303255081177,0.707797646522522,0.7198615074157715,0.7268126606941223,0.7369252443313599,0.7420319318771362
9930,-0.7094153165817261,49.71192169189453,27.301738739013672,67.19047037760417,0.7094153761863708,0.7086396217346191,0.015040356665849686,0.6823139786720276,0.6894235610961914,0.691407322883606,0.6973680257797241,0.7086396217346191,0.7208448648452759,0.7268126606941223,0.7369744181632996,0.7420319318771362
9960,-0.7102558016777039,49.36570739746094,27.26838493347168,66.58240254720052,0.7102557420730591,0.7092376947402954,0.015063433907926083,0.682758629322052,0.6898878216743469,0.692864179611206,0.6977216601371765,0.7092376947402954,0.7208448648452759,0.7275018095970154,0.7376574873924255,0.7420319318771362
9990,-0.7110655307769775,49.00663757324219,27.238937377929688,65.93363189697266,0.7110653519630432,0.7097917795181274,0.015480552799999714,0.682758629322052,0.6898878216743469,0.6931630969047546,0.6983699798583984,0.7097917795181274,0.7228413224220276,0.7307926416397095,0.7376574873924255,0.7420319318771362
