ConfigName: kjsd__advperagentrankweighted__M4__L8__eps0p005__g0p0007__ds0p4__dm0p05
Problem: QUBO
Kernel: jsd
Advantage: peragentrankweighted
M: 4
lambda: 8
epsilon_svgd: 0.005
gamma: 0.0007
decay_start_ratio: 0.4
decay_min_factor: 0.05
bandwith_kernel: None
no_interact: False
avg_score: -200.77999877929688
median_score: -200.5
std_score: 12.959613800048828
percentiles: 2%=-224.0, 5%=-224.0, 10%=-219.10000610351562, 25%=-209.25, 50%=-200.5, 75%=-191.75, 90%=-184.89999389648438, 95%=-180.89999389648438, 98%=-175.94000244140625
ranking_best_algo: Tabu
ranking_best_score: 208.36000000000004
ranking_my_rank: 45/504 (91.3%)
ranking_my_percent: 91.26984126984127
