ConfigName: krbf__advnormalizedfitness__M4__L15__eps0p033__g0p01__ds0p15__dm0p01
Problem: NK
Kernel: rbf
Advantage: normalizedfitness
M: 4
lambda: 15
epsilon_svgd: 0.033
gamma: 0.01
decay_start_ratio: 0.15
decay_min_factor: 0.01
bandwith_kernel: None
no_interact: False
avg_score: 0.7210775017738342
median_score: 0.7213762998580933
std_score: 0.018484612926840782
percentiles: 2%=0.6855464577674866, 5%=0.692535400390625, 10%=0.6971451044082642, 25%=0.7069706916809082, 50%=0.7213762998580933, 75%=0.7349667549133301, 90%=0.7415899634361267, 95%=0.7499092221260071, 98%=0.7562406063079834
ranking_best_algo: Tabu
ranking_best_score: 0.7601875690625
ranking_my_rank: 135/504 (73.4%)
ranking_my_percent: 73.41269841269842
