ConfigName: krbf__advnormalizedfitness__M4__L12__eps0p015__g0p01__ds0p01__dm0p01
Problem: NK
Kernel: rbf
Advantage: normalizedfitness
M: 4
lambda: 12
epsilon_svgd: 0.015
gamma: 0.01
decay_start_ratio: 0.01
decay_min_factor: 0.01
bandwith_kernel: None
no_interact: False
avg_score: 0.6096351742744446
median_score: 0.6080238819122314
std_score: 0.00973436888307333
percentiles: 2%=0.5940201878547668, 5%=0.5961703658103943, 10%=0.5993445515632629, 25%=0.602947473526001, 50%=0.6080238819122314, 75%=0.6148614883422852, 90%=0.622985303401947, 95%=0.6272796988487244, 98%=0.6342368125915527
ranking_best_algo: Tabu
ranking_best_score: 0.7429702712499999
ranking_my_rank: 387/504 (23.4%)
ranking_my_percent: 23.41269841269841
