ConfigName: kjsd__advperagentrankweighted__M4__L30__eps0p01__g0p0007__ds0p05__dm0p05
Problem: NK
Kernel: jsd
Advantage: peragentrankweighted
M: 4
lambda: 30
epsilon_svgd: 0.01
gamma: 0.0007
decay_start_ratio: 0.05
decay_min_factor: 0.05
bandwith_kernel: None
no_interact: False
avg_score: 0.7097423076629639
median_score: 0.708602249622345
std_score: 0.008232505060732365
percentiles: 2%=0.6969627737998962, 5%=0.6976386308670044, 10%=0.7003677487373352, 25%=0.7045844793319702, 50%=0.708602249622345, 75%=0.7152059674263, 90%=0.7186543345451355, 95%=0.7233862280845642, 98%=0.7272350192070007
ranking_best_algo: PBIL
ranking_best_score: 0.7170882103515624
ranking_my_rank: 54/504 (89.5%)
ranking_my_percent: 89.48412698412699
