ConfigName: krbf__advnormalizedfitness__M4__L8__eps0p033__g0p015__ds0p01__dm0p01
Problem: QUBO
Kernel: rbf
Advantage: normalizedfitness
M: 4
lambda: 8
epsilon_svgd: 0.033
gamma: 0.015
decay_start_ratio: 0.01
decay_min_factor: 0.01
bandwith_kernel: None
no_interact: False
avg_score: -427.1000061035156
median_score: -425.5
std_score: 27.501815795898438
percentiles: 2%=-481.0400085449219, 5%=-479.0, 10%=-471.0, 25%=-443.25, 50%=-425.5, 75%=-405.0, 90%=-393.5, 95%=-385.0, 98%=-375.97998046875
ranking_best_algo: CMAL3
ranking_best_score: 435.36
ranking_my_rank: 20/504 (96.2%)
ranking_my_percent: 96.23015873015873
