ConfigName: kfr__advglobalrankweighted__M1__L9__eps0p02__g0p007__ds0p01__dm0p01
Problem: QUBO
Kernel: fr
Advantage: globalrankweighted
M: 1
lambda: 9
epsilon_svgd: 0.02
gamma: 0.007
decay_start_ratio: 0.01
decay_min_factor: 0.01
bandwith_kernel: None
no_interact: False
avg_score: -1570.0999755859375
median_score: -1568.5
std_score: 69.2156753540039
percentiles: 2%=-1725.4200439453125, 5%=-1694.6500244140625, 10%=-1653.5999755859375, 25%=-1614.0, 50%=-1568.5, 75%=-1525.75, 90%=-1488.9000244140625, 95%=-1455.0, 98%=-1448.919921875
ranking_best_algo: NLOPT_LN_PRAXIS
ranking_best_score: 1607.12
ranking_my_rank: 46/504 (91.1%)
ranking_my_percent: 91.07142857142857
