ConfigName: krbf__advnormalizedfitness__M1__L10__eps0p015__g0p007__ds0p3__dm0p3
Problem: QUBO
Kernel: rbf
Advantage: normalizedfitness
M: 1
lambda: 10
epsilon_svgd: 0.015
gamma: 0.007
decay_start_ratio: 0.3
decay_min_factor: 0.3
bandwith_kernel: None
no_interact: False
avg_score: -1601.5999755859375
median_score: -1600.5
std_score: 62.60111618041992
percentiles: 2%=-1723.4599609375, 5%=-1690.0999755859375, 10%=-1683.4000244140625, 25%=-1649.75, 50%=-1600.5, 75%=-1552.0, 90%=-1516.5999755859375, 95%=-1500.9000244140625, 98%=-1494.699951171875
ranking_best_algo: NLOPT_LN_PRAXIS
ranking_best_score: 1607.12
ranking_my_rank: 11/504 (98.0%)
ranking_my_percent: 98.01587301587301
