ConfigName: kjsd__advperagentrankweighted__M3__L18__eps0p007__g0p001__ds0p05__dm0p2
Problem: NK
Kernel: jsd
Advantage: peragentrankweighted
M: 3
lambda: 18
epsilon_svgd: 0.007
gamma: 0.001
decay_start_ratio: 0.05
decay_min_factor: 0.2
bandwith_kernel: None
no_interact: False
avg_score: 0.7412546277046204
median_score: 0.7407229542732239
std_score: 0.012690800242125988
percentiles: 2%=0.713650107383728, 5%=0.7208173274993896, 10%=0.7241177558898926, 25%=0.7349321246147156, 50%=0.7407229542732239, 75%=0.7496153116226196, 90%=0.7570705413818359, 95%=0.7624660134315491, 98%=0.7679063081741333
ranking_best_algo: Tabu
ranking_best_score: 0.7601875690625
ranking_my_rank: 12/504 (97.8%)
ranking_my_percent: 97.81746031746032
