ConfigName: kjsd__advperagentrankweighted__M3__L30__eps0p007__g0p001__ds0p2__dm0p1
Problem: QUBO
Kernel: jsd
Advantage: peragentrankweighted
M: 3
lambda: 30
epsilon_svgd: 0.007
gamma: 0.001
decay_start_ratio: 0.2
decay_min_factor: 0.1
bandwith_kernel: None
no_interact: False
avg_score: -931.2000122070312
median_score: -924.0
std_score: 66.1418228149414
percentiles: 2%=-1072.0799560546875, 5%=-1062.050048828125, 10%=-1026.199951171875, 25%=-975.75, 50%=-924.0, 75%=-885.5, 90%=-844.7999877929688, 95%=-835.0, 98%=-832.719970703125
ranking_best_algo: CMApara
ranking_best_score: 964.9
ranking_my_rank: 19/504 (96.4%)
ranking_my_percent: 96.42857142857143
