ConfigName: krbf__advnormalizedfitness__M2__L8__eps0p015__g0p005__ds0p15__dm0p3
Problem: NK
Kernel: rbf
Advantage: normalizedfitness
M: 2
lambda: 8
epsilon_svgd: 0.015
gamma: 0.005
decay_start_ratio: 0.15
decay_min_factor: 0.3
bandwith_kernel: None
no_interact: False
avg_score: 0.7484939098358154
median_score: 0.748051643371582
std_score: 0.012431418523192406
percentiles: 2%=0.7222471833229065, 5%=0.7296110391616821, 10%=0.7327253222465515, 25%=0.7399924993515015, 50%=0.748051643371582, 75%=0.7572275400161743, 90%=0.7644108533859253, 95%=0.7675346732139587, 98%=0.7735694646835327
ranking_best_algo: Tabu
ranking_best_score: 0.7657846284375001
ranking_my_rank: 31/504 (94.0%)
ranking_my_percent: 94.04761904761905
