ConfigName: krbf__advnormalizedfitness__M4__L15__eps0p033__g0p007__ds0p15__dm0p01
Problem: NK
Kernel: rbf
Advantage: normalizedfitness
M: 4
lambda: 15
epsilon_svgd: 0.033
gamma: 0.007
decay_start_ratio: 0.15
decay_min_factor: 0.01
bandwith_kernel: None
no_interact: False
avg_score: 0.7109399437904358
median_score: 0.7115830183029175
std_score: 0.015152000822126865
percentiles: 2%=0.6735567450523376, 5%=0.6739572882652283, 10%=0.6969226002693176, 25%=0.7081527709960938, 50%=0.7115830183029175, 75%=0.7193869948387146, 90%=0.7255463600158691, 95%=0.7327059507369995, 98%=0.7329825162887573
ranking_best_algo: CMApara
ranking_best_score: 0.707475975
ranking_my_rank: 1/504 (100.0%)
ranking_my_percent: 100.0
