ConfigName: kjsd__advperagentrankweighted__M5__L12__eps0p02__g0p0003__ds0p05__dm0p05
Problem: QUBO
Kernel: jsd
Advantage: peragentrankweighted
M: 5
lambda: 12
epsilon_svgd: 0.02
gamma: 0.0003
decay_start_ratio: 0.05
decay_min_factor: 0.05
bandwith_kernel: None
no_interact: False
avg_score: -324.7799987792969
median_score: -326.0
std_score: 22.30048370361328
percentiles: 2%=-372.0, 5%=-357.0, 10%=-351.29998779296875, 25%=-340.0, 50%=-326.0, 75%=-308.0, 90%=-296.0, 95%=-283.8999938964844, 98%=-277.9599914550781
ranking_best_algo: CMApara
ranking_best_score: 344.22
ranking_my_rank: 123/504 (75.8%)
ranking_my_percent: 75.7936507936508
