ConfigName: kjsd__advperagentrankweighted__M4__L12__eps0p005__g0p0007__ds0p05__dm0p2
Problem: QUBO
Kernel: jsd
Advantage: peragentrankweighted
M: 4
lambda: 12
epsilon_svgd: 0.005
gamma: 0.0007
decay_start_ratio: 0.05
decay_min_factor: 0.2
bandwith_kernel: None
no_interact: False
avg_score: -942.3800048828125
median_score: -939.0
std_score: 72.71887969970703
percentiles: 2%=-1074.0400390625, 5%=-1066.300048828125, 10%=-1049.0999755859375, 25%=-994.75, 50%=-939.0, 75%=-886.0, 90%=-859.0, 95%=-832.4000244140625, 98%=-810.6400146484375
ranking_best_algo: CMApara
ranking_best_score: 964.9
ranking_my_rank: 3/504 (99.6%)
ranking_my_percent: 99.60317460317461
