ConfigName: krbf__advnormalizedfitness__M4__L15__eps0p033__g0p007__ds0p15__dm0p01
Problem: QUBO
Kernel: rbf
Advantage: normalizedfitness
M: 4
lambda: 15
epsilon_svgd: 0.033
gamma: 0.007
decay_start_ratio: 0.15
decay_min_factor: 0.01
bandwith_kernel: None
no_interact: False
avg_score: -568.8800048828125
median_score: -566.0
std_score: 25.247289657592773
percentiles: 2%=-629.0, 5%=-615.0, 10%=-607.0999755859375, 25%=-585.0, 50%=-566.0, 75%=-553.5, 90%=-538.7999877929688, 95%=-529.9500122070312, 98%=-522.9599609375
ranking_best_algo: Tabu
ranking_best_score: 588.7199999999999
ranking_my_rank: 76/503 (85.1%)
ranking_my_percent: 85.08946322067594
