ConfigName: kjsd__advperagentrankweighted__M4__L12__eps0p005__g0p0005__ds0p4__dm0p05
Problem: NK
Kernel: jsd
Advantage: peragentrankweighted
M: 4
lambda: 12
epsilon_svgd: 0.005
gamma: 0.0005
decay_start_ratio: 0.4
decay_min_factor: 0.05
bandwith_kernel: None
no_interact: False
avg_score: 0.7354416847229004
median_score: 0.7367700338363647
std_score: 0.008527364581823349
percentiles: 2%=0.716737687587738, 5%=0.7185887098312378, 10%=0.725411057472229, 25%=0.7299954891204834, 50%=0.7367700338363647, 75%=0.7419751882553101, 90%=0.7455275654792786, 95%=0.7477408051490784, 98%=0.7494127154350281
ranking_best_algo: PBIL
ranking_best_score: 0.7248786399609374
ranking_my_rank: 1/504 (100.0%)
ranking_my_percent: 100.0
