ConfigName: kjsd__advperagentrankweighted__M5__L12__eps0p03__g0p0005__ds0p2__dm0p05
Problem: QUBO
Kernel: jsd
Advantage: peragentrankweighted
M: 5
lambda: 12
epsilon_svgd: 0.03
gamma: 0.0005
decay_start_ratio: 0.2
decay_min_factor: 0.05
bandwith_kernel: None
no_interact: False
avg_score: -1225.5400390625
median_score: -1225.0
std_score: 59.01532745361328
percentiles: 2%=-1343.6199951171875, 5%=-1327.300048828125, 10%=-1307.0, 25%=-1261.0, 50%=-1225.0, 75%=-1181.75, 90%=-1157.9000244140625, 95%=-1138.9000244140625, 98%=-1116.9599609375
ranking_best_algo: SVMMetaModelLogNormal
ranking_best_score: 1233.7999999999997
ranking_my_rank: 13/504 (97.6%)
ranking_my_percent: 97.61904761904762
