ConfigName: kjsd__advperagentrankweighted__M3__L18__eps0p01__g0p003__ds0p05__dm0p05
Problem: QUBO
Kernel: jsd
Advantage: peragentrankweighted
M: 3
lambda: 18
epsilon_svgd: 0.01
gamma: 0.003
decay_start_ratio: 0.05
decay_min_factor: 0.05
bandwith_kernel: None
no_interact: False
avg_score: -1293.3599853515625
median_score: -1283.0
std_score: 62.46767807006836
percentiles: 2%=-1425.0799560546875, 5%=-1405.6500244140625, 10%=-1379.0999755859375, 25%=-1336.0, 50%=-1283.0, 75%=-1249.25, 90%=-1225.0, 95%=-1208.449951171875, 98%=-1179.0
ranking_best_algo: BigLognormalDiscreteOnePlusOne
ranking_best_score: 1301.3600000000004
ranking_my_rank: 2/504 (99.8%)
ranking_my_percent: 99.8015873015873
