ConfigName: krbf__advnormalizedfitness__M4__L8__eps0p033__g0p007__ds0p01__dm0p01
Problem: NK
Kernel: rbf
Advantage: normalizedfitness
M: 4
lambda: 8
epsilon_svgd: 0.033
gamma: 0.007
decay_start_ratio: 0.01
decay_min_factor: 0.01
bandwith_kernel: None
no_interact: False
avg_score: 0.7339542508125305
median_score: 0.7360893487930298
std_score: 0.009348840452730656
percentiles: 2%=0.7129906415939331, 5%=0.7168351411819458, 10%=0.719126284122467, 25%=0.7273781895637512, 50%=0.7360893487930298, 75%=0.7411603331565857, 90%=0.7448593378067017, 95%=0.7457578778266907, 98%=0.7467357516288757
ranking_best_algo: PBIL
ranking_best_score: 0.7248786399609374
ranking_my_rank: 1/504 (100.0%)
ranking_my_percent: 100.0
