ConfigName: kjsd__advperagentrankweighted__M5__L10__eps0p005__g0p003__ds0p4__dm0p05
Problem: QUBO
Kernel: jsd
Advantage: peragentrankweighted
M: 5
lambda: 10
epsilon_svgd: 0.005
gamma: 0.003
decay_start_ratio: 0.4
decay_min_factor: 0.05
bandwith_kernel: None
no_interact: False
avg_score: -1913.6800537109375
median_score: -1907.0
std_score: 181.91839599609375
percentiles: 2%=-2344.239990234375, 5%=-2187.800048828125, 10%=-2139.89990234375, 25%=-2037.5, 50%=-1907.0, 75%=-1786.75, 90%=-1670.699951171875, 95%=-1607.75, 98%=-1575.43994140625
ranking_best_algo: DiscreteLengler2OnePlusOne
ranking_best_score: 2617.04
ranking_my_rank: 295/504 (41.7%)
ranking_my_percent: 41.666666666666664
