ConfigName: krbf__advnormalizedfitness__M3__L12__eps0p033__g0p007__ds0p15__dm0p01
Problem: NK
Kernel: rbf
Advantage: normalizedfitness
M: 3
lambda: 12
epsilon_svgd: 0.033
gamma: 0.007
decay_start_ratio: 0.15
decay_min_factor: 0.01
bandwith_kernel: None
no_interact: False
avg_score: 0.7444500923156738
median_score: 0.7413315773010254
std_score: 0.029134240001440048
percentiles: 2%=0.697558581829071, 5%=0.7057967185974121, 10%=0.7103580832481384, 25%=0.7185532450675964, 50%=0.7413315773010254, 75%=0.7585136890411377, 90%=0.7782467603683472, 95%=0.8095421195030212, 98%=0.8118547797203064
ranking_best_algo: CMApara
ranking_best_score: 0.7459277895312499
ranking_my_rank: 3/504 (99.6%)
ranking_my_percent: 99.60317460317461
