ConfigName: krbf__advnormalizedfitness__M3__L15__eps0p033__g0p01__ds0p15__dm0p01
Problem: QUBO
Kernel: rbf
Advantage: normalizedfitness
M: 3
lambda: 15
epsilon_svgd: 0.033
gamma: 0.01
decay_start_ratio: 0.15
decay_min_factor: 0.01
bandwith_kernel: None
no_interact: False
avg_score: -1259.43994140625
median_score: -1253.0
std_score: 75.41688537597656
percentiles: 2%=-1413.0, 5%=-1405.050048828125, 10%=-1352.5, 25%=-1307.0, 50%=-1253.0, 75%=-1212.75, 90%=-1169.0, 95%=-1126.75, 98%=-1106.9599609375
ranking_best_algo: BigLognormalDiscreteOnePlusOne
ranking_best_score: 1301.3600000000004
ranking_my_rank: 53/504 (89.7%)
ranking_my_percent: 89.68253968253968
