ConfigName: krbf__advnormalizedfitness__M4__L12__eps0p025__g0p005__ds0p01__dm0p3
Problem: QUBO
Kernel: rbf
Advantage: normalizedfitness
M: 4
lambda: 12
epsilon_svgd: 0.025
gamma: 0.005
decay_start_ratio: 0.01
decay_min_factor: 0.3
bandwith_kernel: None
no_interact: False
avg_score: -148.1199951171875
median_score: -146.0
std_score: 13.91637897491455
percentiles: 2%=-179.0, 5%=-179.0, 10%=-164.0, 25%=-156.0, 50%=-146.0, 75%=-140.0, 90%=-132.8000030517578, 95%=-125.0, 98%=-118.89997863769531
ranking_best_algo: CMApara
ranking_best_score: 154.28
ranking_my_rank: 86/504 (83.1%)
ranking_my_percent: 83.13492063492063
