ConfigName: krbf__advnormalizedfitness__M1__L8__eps0p025__g0p007__ds0p3__dm0p3
Problem: QUBO
Kernel: rbf
Advantage: normalizedfitness
M: 1
lambda: 8
epsilon_svgd: 0.025
gamma: 0.007
decay_start_ratio: 0.3
decay_min_factor: 0.3
bandwith_kernel: None
no_interact: False
avg_score: -389.2799987792969
median_score: -391.0
std_score: 35.829063415527344
percentiles: 2%=-450.0, 5%=-437.20001220703125, 10%=-430.1000061035156, 25%=-414.25, 50%=-391.0, 75%=-368.0, 90%=-344.0, 95%=-333.9000244140625, 98%=-325.679931640625
ranking_best_algo: Tabu
ranking_best_score: 438.12
ranking_my_rank: 260/504 (48.6%)
ranking_my_percent: 48.611111111111114
