ConfigName: kjsd__advperagentrankweighted__M4__L12__eps0p005__g0p0005__ds0p1__dm0p2
Problem: QUBO
Kernel: jsd
Advantage: peragentrankweighted
M: 4
lambda: 12
epsilon_svgd: 0.005
gamma: 0.0005
decay_start_ratio: 0.1
decay_min_factor: 0.2
bandwith_kernel: None
no_interact: False
avg_score: -2657.43994140625
median_score: -2669.5
std_score: 131.9866943359375
percentiles: 2%=-2907.1201171875, 5%=-2870.199951171875, 10%=-2819.300048828125, 25%=-2741.5, 50%=-2669.5, 75%=-2572.75, 90%=-2483.300048828125, 95%=-2449.699951171875, 98%=-2384.320068359375
ranking_best_algo: DiscreteLengler2OnePlusOne
ranking_best_score: 2617.04
ranking_my_rank: 1/504 (100.0%)
ranking_my_percent: 100.0
