ConfigName: krbf__advnormalizedfitness__M4__L24__eps0p025__g0p005__ds0p05__dm0p05
Problem: NK
Kernel: rbf
Advantage: normalizedfitness
M: 4
lambda: 24
epsilon_svgd: 0.025
gamma: 0.005
decay_start_ratio: 0.05
decay_min_factor: 0.05
bandwith_kernel: None
no_interact: False
avg_score: 0.630698561668396
median_score: 0.6285985708236694
std_score: 0.016198504716157913
percentiles: 2%=0.6066450476646423, 5%=0.6090078353881836, 10%=0.612451434135437, 25%=0.618922233581543, 50%=0.6285985708236694, 75%=0.6408804655075073, 90%=0.6481904983520508, 95%=0.6607614159584045, 98%=0.6756008863449097
ranking_best_algo: Tabu
ranking_best_score: 0.7429702712499999
ranking_my_rank: 364/504 (28.0%)
ranking_my_percent: 27.976190476190474
