ConfigName: krbf__advnormalizedfitness__M3__L15__eps0p025__g0p01__ds0p15__dm0p01
Problem: NK
Kernel: rbf
Advantage: normalizedfitness
M: 3
lambda: 15
epsilon_svgd: 0.025
gamma: 0.01
decay_start_ratio: 0.15
decay_min_factor: 0.01
bandwith_kernel: None
no_interact: False
avg_score: 0.6220557689666748
median_score: 0.6168376207351685
std_score: 0.02004398964345455
percentiles: 2%=0.5932961106300354, 5%=0.5972294807434082, 10%=0.5996111631393433, 25%=0.6090722680091858, 50%=0.6168376207351685, 75%=0.6341304183006287, 90%=0.652163028717041, 95%=0.6614623665809631, 98%=0.6760727167129517
ranking_best_algo: PBIL
ranking_best_score: 0.7170882103515624
ranking_my_rank: 310/504 (38.7%)
ranking_my_percent: 38.69047619047619
