ConfigName: krbf__advnormalizedfitness__M1__L8__eps0p025__g0p01__ds0p3__dm0p3
Problem: QUBO
Kernel: rbf
Advantage: normalizedfitness
M: 1
lambda: 8
epsilon_svgd: 0.025
gamma: 0.01
decay_start_ratio: 0.3
decay_min_factor: 0.3
bandwith_kernel: None
no_interact: False
avg_score: -139.97999572753906
median_score: -139.0
std_score: 16.8118896484375
percentiles: 2%=-179.0, 5%=-177.10000610351562, 10%=-158.0, 25%=-150.25, 50%=-139.0, 75%=-129.0, 90%=-117.0, 95%=-112.90000915527344, 98%=-105.97999572753906
ranking_best_algo: CMApara
ranking_best_score: 154.28
ranking_my_rank: 313/504 (38.1%)
ranking_my_percent: 38.095238095238095
