ConfigName: krbf__advnormalizedfitness__M3__L15__eps0p025__g0p007__ds0p01__dm0p01
Problem: QUBO
Kernel: rbf
Advantage: normalizedfitness
M: 3
lambda: 15
epsilon_svgd: 0.025
gamma: 0.007
decay_start_ratio: 0.01
decay_min_factor: 0.01
bandwith_kernel: None
no_interact: False
avg_score: -308.4599914550781
median_score: -309.0
std_score: 37.39931106567383
percentiles: 2%=-386.0400085449219, 5%=-378.29998779296875, 10%=-354.20001220703125, 25%=-334.5, 50%=-309.0, 75%=-274.75, 90%=-262.8999938964844, 95%=-260.9000244140625, 98%=-254.9399871826172
ranking_best_algo: CMApara
ranking_best_score: 319.29999999999995
ranking_my_rank: 88/504 (82.7%)
ranking_my_percent: 82.73809523809524
