ConfigName: krbf__advnormalizedfitness__M4__L15__eps0p015__g0p01__ds0p15__dm0p3
Problem: QUBO
Kernel: rbf
Advantage: normalizedfitness
M: 4
lambda: 15
epsilon_svgd: 0.015
gamma: 0.01
decay_start_ratio: 0.15
decay_min_factor: 0.3
bandwith_kernel: None
no_interact: False
avg_score: -273.20001220703125
median_score: -263.0
std_score: 34.07286071777344
percentiles: 2%=-341.0199890136719, 5%=-338.0, 10%=-324.20001220703125, 25%=-302.25, 50%=-263.0, 75%=-249.5, 90%=-235.8000030517578, 95%=-227.90000915527344, 98%=-219.87997436523438
ranking_best_algo: Tabu
ranking_best_score: 438.12
ranking_my_rank: 380/504 (24.8%)
ranking_my_percent: 24.8015873015873
