ConfigName: krbf__advnormalizedfitness__M3__L10__eps0p033__g0p005__ds0p01__dm0p3
Problem: NK
Kernel: rbf
Advantage: normalizedfitness
M: 3
lambda: 10
epsilon_svgd: 0.033
gamma: 0.005
decay_start_ratio: 0.01
decay_min_factor: 0.3
bandwith_kernel: None
no_interact: False
avg_score: 0.7111923694610596
median_score: 0.6987258791923523
std_score: 0.031776249408721924
percentiles: 2%=0.6718100309371948, 5%=0.674370288848877, 10%=0.6773331165313721, 25%=0.6824496388435364, 50%=0.6987258791923523, 75%=0.7474179267883301, 90%=0.7535533308982849, 95%=0.7613165378570557, 98%=0.7613165378570557
ranking_best_algo: CMApara
ranking_best_score: 0.7118996098437498
ranking_my_rank: 3/504 (99.6%)
ranking_my_percent: 99.60317460317461
