ConfigName: kjsd__advperagentrankweighted__M3__L20__eps0p007__g0p001__ds0p05__dm0p1
Problem: NK
Kernel: jsd
Advantage: peragentrankweighted
M: 3
lambda: 20
epsilon_svgd: 0.007
gamma: 0.001
decay_start_ratio: 0.05
decay_min_factor: 0.1
bandwith_kernel: None
no_interact: False
avg_score: 0.737586498260498
median_score: 0.737953782081604
std_score: 0.008969134651124477
percentiles: 2%=0.7206436991691589, 5%=0.721394956111908, 10%=0.7238532304763794, 25%=0.7326914072036743, 50%=0.737953782081604, 75%=0.7431089282035828, 90%=0.7479664087295532, 95%=0.7515368461608887, 98%=0.7546897530555725
ranking_best_algo: PBIL
ranking_best_score: 0.730509098125
ranking_my_rank: 1/504 (100.0%)
ranking_my_percent: 100.0
