ConfigName: kfr__advglobalrankweighted__M5__L11__eps0p01__g0p003__ds0p01__dm0p01
Problem: QUBO
Kernel: fr
Advantage: globalrankweighted
M: 5
lambda: 11
epsilon_svgd: 0.01
gamma: 0.003
decay_start_ratio: 0.01
decay_min_factor: 0.01
bandwith_kernel: None
no_interact: False
avg_score: -922.739990234375
median_score: -923.0
std_score: 60.6573371887207
percentiles: 2%=-1072.0, 5%=-1035.0999755859375, 10%=-986.2999877929688, 25%=-954.0, 50%=-923.0, 75%=-887.75, 90%=-849.9000244140625, 95%=-818.9500122070312, 98%=-786.7599487304688
ranking_best_algo: CMApara
ranking_best_score: 964.9
ranking_my_rank: 25/504 (95.2%)
ranking_my_percent: 95.23809523809524
