ConfigName: kjsd__advperagentrankweighted__M10__L10__eps0p005__g0p0005__ds0p3__dm0p05
Problem: QUBO
Kernel: jsd
Advantage: peragentrankweighted
M: 10
lambda: 10
epsilon_svgd: 0.005
gamma: 0.0005
decay_start_ratio: 0.3
decay_min_factor: 0.05
bandwith_kernel: None
no_interact: False
avg_score: -561.52001953125
median_score: -559.0
std_score: 36.53340530395508
percentiles: 2%=-631.0399780273438, 5%=-623.2000122070312, 10%=-609.2999877929688, 25%=-588.0, 50%=-559.0, 75%=-536.25, 90%=-515.4000244140625, 95%=-504.79998779296875, 98%=-486.79998779296875
ranking_best_algo: Tabu
ranking_best_score: 588.7199999999999
ranking_my_rank: 97/503 (80.9%)
ranking_my_percent: 80.9145129224652
