ConfigName: kjsd__advperagentrankweighted__M3__L18__eps0p005__g0p0005__ds0p1__dm0p2
Problem: NK
Kernel: jsd
Advantage: peragentrankweighted
M: 3
lambda: 18
epsilon_svgd: 0.005
gamma: 0.0005
decay_start_ratio: 0.1
decay_min_factor: 0.2
bandwith_kernel: None
no_interact: False
avg_score: 0.7476449012756348
median_score: 0.7486310005187988
std_score: 0.01049925945699215
percentiles: 2%=0.7269091010093689, 5%=0.7297832369804382, 10%=0.734272837638855, 25%=0.7406522035598755, 50%=0.7486310005187988, 75%=0.754315972328186, 90%=0.7585709095001221, 95%=0.7650103569030762, 98%=0.7723016738891602
ranking_best_algo: PBIL
ranking_best_score: 0.733570253046875
ranking_my_rank: 1/504 (100.0%)
ranking_my_percent: 100.0
