ConfigName: kjsd__advperagentrankweighted__M10__L10__eps0p008__g0p0005__ds0p3__dm0p05
Problem: QUBO
Kernel: jsd
Advantage: peragentrankweighted
M: 10
lambda: 10
epsilon_svgd: 0.008
gamma: 0.0005
decay_start_ratio: 0.3
decay_min_factor: 0.05
bandwith_kernel: None
no_interact: False
avg_score: -2470.260009765625
median_score: -2441.0
std_score: 157.18655395507812
percentiles: 2%=-2814.159912109375, 5%=-2728.949951171875, 10%=-2670.199951171875, 25%=-2583.0, 50%=-2441.0, 75%=-2366.25, 90%=-2259.199951171875, 95%=-2229.699951171875, 98%=-2183.219970703125
ranking_best_algo: DiscreteLengler2OnePlusOne
ranking_best_score: 2617.04
ranking_my_rank: 84/504 (83.5%)
ranking_my_percent: 83.53174603174604
