ConfigName: kjsd__advperagentrankweighted__M4__L8__eps0p005__g0p0003__ds0p2__dm0p05
Problem: NK
Kernel: jsd
Advantage: peragentrankweighted
M: 4
lambda: 8
epsilon_svgd: 0.005
gamma: 0.0003
decay_start_ratio: 0.2
decay_min_factor: 0.05
bandwith_kernel: None
no_interact: False
avg_score: 0.705580472946167
median_score: 0.7069169282913208
std_score: 0.011804995127022266
percentiles: 2%=0.6862037777900696, 5%=0.6882970333099365, 10%=0.6905056834220886, 25%=0.6950048208236694, 50%=0.7069169282913208, 75%=0.715898871421814, 90%=0.7190709114074707, 95%=0.7215067744255066, 98%=0.723518967628479
ranking_best_algo: PBIL
ranking_best_score: 0.7013553837109374
ranking_my_rank: 1/504 (100.0%)
ranking_my_percent: 100.0
