ConfigName: kjsd__advperagentrankweighted__M5__L8__eps0p01__g0p003__ds0p05__dm0p2
Problem: NK
Kernel: jsd
Advantage: peragentrankweighted
M: 5
lambda: 8
epsilon_svgd: 0.01
gamma: 0.003
decay_start_ratio: 0.05
decay_min_factor: 0.2
bandwith_kernel: None
no_interact: False
avg_score: 0.7033184170722961
median_score: 0.7036985158920288
std_score: 0.01781570538878441
percentiles: 2%=0.6684999465942383, 5%=0.6755272150039673, 10%=0.6801930069923401, 25%=0.6870520710945129, 50%=0.7036985158920288, 75%=0.7178823947906494, 90%=0.7261465787887573, 95%=0.729031503200531, 98%=0.7354521751403809
ranking_best_algo: Tabu
ranking_best_score: 0.7429702712499999
ranking_my_rank: 183/504 (63.9%)
ranking_my_percent: 63.888888888888886
