ConfigName: krbf__advnormalizedfitness__M1__L8__eps0p033__g0p005__ds0p01__dm0p01
Problem: QUBO
Kernel: rbf
Advantage: normalizedfitness
M: 1
lambda: 8
epsilon_svgd: 0.033
gamma: 0.005
decay_start_ratio: 0.01
decay_min_factor: 0.01
bandwith_kernel: None
no_interact: False
avg_score: -883.1599731445312
median_score: -874.5
std_score: 73.67193603515625
percentiles: 2%=-1050.239990234375, 5%=-999.25, 10%=-972.0, 25%=-930.0, 50%=-874.5, 75%=-830.0, 90%=-790.7999877929688, 95%=-783.75, 98%=-729.699951171875
ranking_best_algo: CMApara
ranking_best_score: 964.9
ranking_my_rank: 199/504 (60.7%)
ranking_my_percent: 60.714285714285715
