ConfigName: krbf__advnormalizedfitness__M4__L10__eps0p025__g0p007__ds0p15__dm0p01
Problem: QUBO
Kernel: rbf
Advantage: normalizedfitness
M: 4
lambda: 10
epsilon_svgd: 0.025
gamma: 0.007
decay_start_ratio: 0.15
decay_min_factor: 0.01
bandwith_kernel: None
no_interact: False
avg_score: -202.9600067138672
median_score: -203.0
std_score: 12.553820610046387
percentiles: 2%=-224.0, 5%=-224.0, 10%=-220.0, 25%=-213.0, 50%=-203.0, 75%=-194.0, 90%=-184.89999389648438, 95%=-181.90000915527344, 98%=-177.97999572753906
ranking_best_algo: Tabu
ranking_best_score: 208.36000000000004
ranking_my_rank: 26/504 (95.0%)
ranking_my_percent: 95.03968253968254
