ConfigName: kjsd__advperagentrankweighted__M3__L20__eps0p007__g0p0007__ds0p2__dm0p05
Problem: QUBO
Kernel: jsd
Advantage: peragentrankweighted
M: 3
lambda: 20
epsilon_svgd: 0.007
gamma: 0.0007
decay_start_ratio: 0.2
decay_min_factor: 0.05
bandwith_kernel: None
no_interact: False
avg_score: -200.39999389648438
median_score: -200.5
std_score: 12.712199211120605
percentiles: 2%=-224.0, 5%=-220.10000610351562, 10%=-218.0, 25%=-210.25, 50%=-200.5, 75%=-190.75, 90%=-184.0, 95%=-181.0, 98%=-174.94000244140625
ranking_best_algo: Tabu
ranking_best_score: 208.36000000000004
ranking_my_rank: 47/504 (90.9%)
ranking_my_percent: 90.87301587301587
