ConfigName: kfr__advglobalrankweighted__M4__L24__eps0p02__g0p003__ds0p01__dm0p01
Problem: QUBO
Kernel: fr
Advantage: globalrankweighted
M: 4
lambda: 24
epsilon_svgd: 0.02
gamma: 0.003
decay_start_ratio: 0.01
decay_min_factor: 0.01
bandwith_kernel: None
no_interact: False
avg_score: -1191.6600341796875
median_score: -1184.0
std_score: 62.62223434448242
percentiles: 2%=-1343.4000244140625, 5%=-1308.050048828125, 10%=-1265.0, 25%=-1227.5, 50%=-1184.0, 75%=-1152.0, 90%=-1122.0, 95%=-1095.0, 98%=-1077.4598388671875
ranking_best_algo: Tabu
ranking_best_score: 1216.16
ranking_my_rank: 50/504 (90.3%)
ranking_my_percent: 90.27777777777777
