ConfigName: krbf__advnormalizedfitness__M4__L15__eps0p033__g0p007__ds0p15__dm0p3
Problem: QUBO
Kernel: rbf
Advantage: normalizedfitness
M: 4
lambda: 15
epsilon_svgd: 0.033
gamma: 0.007
decay_start_ratio: 0.15
decay_min_factor: 0.3
bandwith_kernel: None
no_interact: False
avg_score: -2070.5400390625
median_score: -2076.5
std_score: 178.08421325683594
percentiles: 2%=-2400.760009765625, 5%=-2377.75, 10%=-2302.300048828125, 25%=-2197.5, 50%=-2076.5, 75%=-1938.75, 90%=-1842.4000244140625, 95%=-1794.7000732421875, 98%=-1773.1795654296875
ranking_best_algo: SVM1MetaModelLogNormal
ranking_best_score: 2605.14
ranking_my_rank: 221/504 (56.3%)
ranking_my_percent: 56.34920634920635
