ConfigName: kfr__advglobalrankweighted__M6__L8__eps0p015__g0p005__ds0p01__dm0p01
Problem: QUBO
Kernel: fr
Advantage: globalrankweighted
M: 6
lambda: 8
epsilon_svgd: 0.015
gamma: 0.005
decay_start_ratio: 0.01
decay_min_factor: 0.01
bandwith_kernel: None
no_interact: False
avg_score: -1175.260009765625
median_score: -1180.0
std_score: 68.99761962890625
percentiles: 2%=-1292.699951171875, 5%=-1279.300048828125, 10%=-1260.0999755859375, 25%=-1228.5, 50%=-1180.0, 75%=-1124.25, 90%=-1090.199951171875, 95%=-1056.800048828125, 98%=-1044.7999267578125
ranking_best_algo: BigLognormalDiscreteOnePlusOne
ranking_best_score: 1301.3600000000004
ranking_my_rank: 98/504 (80.8%)
ranking_my_percent: 80.75396825396825
