ConfigName: krbf__advnormalizedfitness__M3__L8__eps0p033__g0p005__ds0p01__dm0p01
Problem: QUBO
Kernel: rbf
Advantage: normalizedfitness
M: 3
lambda: 8
epsilon_svgd: 0.033
gamma: 0.005
decay_start_ratio: 0.01
decay_min_factor: 0.01
bandwith_kernel: None
no_interact: False
avg_score: -325.05999755859375
median_score: -326.0
std_score: 24.16353416442871
percentiles: 2%=-372.0, 5%=-370.1000061035156, 10%=-350.0, 25%=-342.0, 50%=-326.0, 75%=-307.5, 90%=-289.79998779296875, 95%=-282.0, 98%=-278.97998046875
ranking_best_algo: CMApara
ranking_best_score: 344.22
ranking_my_rank: 121/504 (76.2%)
ranking_my_percent: 76.19047619047619
