ConfigName: kjsd__advperagentrankweighted__M3__L16__eps0p005__g0p001__ds0p05__dm0p05
Problem: QUBO
Kernel: jsd
Advantage: peragentrankweighted
M: 3
lambda: 16
epsilon_svgd: 0.005
gamma: 0.001
decay_start_ratio: 0.05
decay_min_factor: 0.05
bandwith_kernel: None
no_interact: False
avg_score: -1305.5
median_score: -1296.5
std_score: 61.28303146362305
percentiles: 2%=-1423.02001953125, 5%=-1413.050048828125, 10%=-1393.199951171875, 25%=-1352.0, 50%=-1296.5, 75%=-1265.0, 90%=-1228.800048828125, 95%=-1213.0, 98%=-1182.8800048828125
ranking_best_algo: BigLognormalDiscreteOnePlusOne
ranking_best_score: 1301.3600000000004
ranking_my_rank: 1/504 (100.0%)
ranking_my_percent: 100.0
