ConfigName: krbf__advnormalizedfitness__M4__L8__eps0p033__g0p007__ds0p3__dm0p01
Problem: NK
Kernel: rbf
Advantage: normalizedfitness
M: 4
lambda: 8
epsilon_svgd: 0.033
gamma: 0.007
decay_start_ratio: 0.3
decay_min_factor: 0.01
bandwith_kernel: None
no_interact: False
avg_score: 0.6746482849121094
median_score: 0.6716979742050171
std_score: 0.017297448590397835
percentiles: 2%=0.6455508470535278, 5%=0.6471177339553833, 10%=0.6541497111320496, 25%=0.6622620820999146, 50%=0.6716979742050171, 75%=0.685906171798706, 90%=0.6949385404586792, 95%=0.710523784160614, 98%=0.7133296132087708
ranking_best_algo: PBIL
ranking_best_score: 0.7170882103515624
ranking_my_rank: 180/504 (64.5%)
ranking_my_percent: 64.48412698412699
