ConfigName: kfr__advglobalrankweighted__M4__L24__eps0p02__g0p003__ds0p01__dm0p01
Problem: QUBO
Kernel: fr
Advantage: globalrankweighted
M: 4
lambda: 24
epsilon_svgd: 0.02
gamma: 0.003
decay_start_ratio: 0.01
decay_min_factor: 0.01
bandwith_kernel: None
no_interact: False
avg_score: -2451.419921875
median_score: -2447.5
std_score: 131.2008514404297
percentiles: 2%=-2695.10009765625, 5%=-2652.050048828125, 10%=-2633.10009765625, 25%=-2546.75, 50%=-2447.5, 75%=-2350.75, 90%=-2295.0, 95%=-2242.0, 98%=-2204.7197265625
ranking_best_algo: SVM1MetaModelLogNormal
ranking_best_score: 2605.14
ranking_my_rank: 84/504 (83.5%)
ranking_my_percent: 83.53174603174604
