ConfigName: krbf__advnormalizedfitness__M3__L12__eps0p015__g0p005__ds0p3__dm0p01
Problem: QUBO
Kernel: rbf
Advantage: normalizedfitness
M: 3
lambda: 12
epsilon_svgd: 0.015
gamma: 0.005
decay_start_ratio: 0.3
decay_min_factor: 0.01
bandwith_kernel: None
no_interact: False
avg_score: -200.83999633789062
median_score: -203.0
std_score: 11.923690795898438
percentiles: 2%=-224.0, 5%=-220.10000610351562, 10%=-216.1999969482422, 25%=-207.25, 50%=-203.0, 75%=-192.0, 90%=-184.0, 95%=-180.95001220703125, 98%=-175.0
ranking_best_algo: Tabu
ranking_best_score: 208.36000000000004
ranking_my_rank: 44/504 (91.5%)
ranking_my_percent: 91.46825396825396
