ConfigName: kjsd__advperagentrankweighted__M5__L8__eps0p01__g0p0005__ds0p2__dm0p2
Problem: QUBO
Kernel: jsd
Advantage: peragentrankweighted
M: 5
lambda: 8
epsilon_svgd: 0.01
gamma: 0.0005
decay_start_ratio: 0.2
decay_min_factor: 0.2
bandwith_kernel: None
no_interact: False
avg_score: -578.760009765625
median_score: -577.0
std_score: 27.875120162963867
percentiles: 2%=-639.0399780273438, 5%=-630.0999755859375, 10%=-617.2000122070312, 25%=-596.5, 50%=-577.0, 75%=-560.75, 90%=-545.0, 95%=-539.75, 98%=-527.8800048828125
ranking_best_algo: Tabu
ranking_best_score: 588.7199999999999
ranking_my_rank: 41/503 (92.0%)
ranking_my_percent: 92.04771371769384
