ConfigName: kjsd__advperagentrankweighted__M4__L24__eps0p005__g0p0003__ds0p05__dm0p05
Problem: QUBO
Kernel: jsd
Advantage: peragentrankweighted
M: 4
lambda: 24
epsilon_svgd: 0.005
gamma: 0.0003
decay_start_ratio: 0.05
decay_min_factor: 0.05
bandwith_kernel: None
no_interact: False
avg_score: -1311.02001953125
median_score: -1308.5
std_score: 51.42508316040039
percentiles: 2%=-1423.0799560546875, 5%=-1391.699951171875, 10%=-1375.199951171875, 25%=-1349.25, 50%=-1308.5, 75%=-1270.75, 90%=-1244.800048828125, 95%=-1241.949951171875, 98%=-1238.52001953125
ranking_best_algo: BigLognormalDiscreteOnePlusOne
ranking_best_score: 1301.3600000000004
ranking_my_rank: 1/504 (100.0%)
ranking_my_percent: 100.0
