ConfigName: kjsd__advperagentrankweighted__M5__L28__eps0p008__g0p0005__ds0p05__dm0p05
Problem: NK
Kernel: jsd
Advantage: peragentrankweighted
M: 5
lambda: 28
epsilon_svgd: 0.008
gamma: 0.0005
decay_start_ratio: 0.05
decay_min_factor: 0.05
bandwith_kernel: None
no_interact: False
avg_score: 0.7561155557632446
median_score: 0.7570171356201172
std_score: 0.014261611737310886
percentiles: 2%=0.7269578576087952, 5%=0.7308289408683777, 10%=0.7389847636222839, 25%=0.7450381517410278, 50%=0.7570171356201172, 75%=0.7664676904678345, 90%=0.7751108407974243, 95%=0.7794631719589233, 98%=0.7800233960151672
ranking_best_algo: Tabu
ranking_best_score: 0.7657846284375001
ranking_my_rank: 3/504 (99.6%)
ranking_my_percent: 99.60317460317461
