ConfigName: kjsd__advperagentrankweighted__M3__L18__eps0p005__g0p0005__ds0p1__dm0p1
Problem: QUBO
Kernel: jsd
Advantage: peragentrankweighted
M: 3
lambda: 18
epsilon_svgd: 0.005
gamma: 0.0005
decay_start_ratio: 0.1
decay_min_factor: 0.1
bandwith_kernel: None
no_interact: False
avg_score: -1248.219970703125
median_score: -1242.5
std_score: 61.80559158325195
percentiles: 2%=-1381.1800537109375, 5%=-1366.1500244140625, 10%=-1342.199951171875, 25%=-1281.0, 50%=-1242.5, 75%=-1207.0, 90%=-1172.4000244140625, 95%=-1153.0, 98%=-1147.8199462890625
ranking_best_algo: SVMMetaModelLogNormal
ranking_best_score: 1233.7999999999997
ranking_my_rank: 1/504 (100.0%)
ranking_my_percent: 100.0
