ConfigName: kfr__advglobalrankweighted__M4__L15__eps0p015__g0p005__ds0p01__dm0p01
Problem: QUBO
Kernel: fr
Advantage: globalrankweighted
M: 4
lambda: 15
epsilon_svgd: 0.015
gamma: 0.005
decay_start_ratio: 0.01
decay_min_factor: 0.01
bandwith_kernel: None
no_interact: False
avg_score: -2474.219970703125
median_score: -2462.0
std_score: 146.09774780273438
percentiles: 2%=-2750.0, 5%=-2727.050048828125, 10%=-2674.0, 25%=-2585.5, 50%=-2462.0, 75%=-2375.5, 90%=-2294.89990234375, 95%=-2256.5, 98%=-2209.079833984375
ranking_best_algo: DiscreteLengler2OnePlusOne
ranking_best_score: 2617.04
ranking_my_rank: 84/504 (83.5%)
ranking_my_percent: 83.53174603174604
