ConfigName: krbf__advnormalizedfitness__M3__L15__eps0p025__g0p007__ds0p15__dm0p3
Problem: QUBO
Kernel: rbf
Advantage: normalizedfitness
M: 3
lambda: 15
epsilon_svgd: 0.025
gamma: 0.007
decay_start_ratio: 0.15
decay_min_factor: 0.3
bandwith_kernel: None
no_interact: False
avg_score: -2441.43994140625
median_score: -2435.5
std_score: 166.0879364013672
percentiles: 2%=-2800.639892578125, 5%=-2704.0, 10%=-2649.60009765625, 25%=-2561.25, 50%=-2435.5, 75%=-2333.0, 90%=-2201.199951171875, 95%=-2175.449951171875, 98%=-2115.559814453125
ranking_best_algo: DiscreteLengler2OnePlusOne
ranking_best_score: 2617.04
ranking_my_rank: 126/504 (75.2%)
ranking_my_percent: 75.1984126984127
