ConfigName: kjsd__advperagentrankweighted__M3__L18__eps0p005__g0p0005__ds0p2__dm0p1
Problem: NK
Kernel: jsd
Advantage: peragentrankweighted
M: 3
lambda: 18
epsilon_svgd: 0.005
gamma: 0.0005
decay_start_ratio: 0.2
decay_min_factor: 0.1
bandwith_kernel: None
no_interact: False
avg_score: 0.7074217796325684
median_score: 0.7079299688339233
std_score: 0.011745159514248371
percentiles: 2%=0.6884551048278809, 5%=0.6894727349281311, 10%=0.6913096904754639, 25%=0.6962528824806213, 50%=0.7079299688339233, 75%=0.7173136472702026, 90%=0.7215602993965149, 95%=0.7236181497573853, 98%=0.7238824367523193
ranking_best_algo: PBIL
ranking_best_score: 0.7013553837109374
ranking_my_rank: 1/504 (100.0%)
ranking_my_percent: 100.0
