ConfigName: kjsd__advperagentrankweighted__M4__L24__eps0p008__g0p0005__ds0p05__dm0p05
Problem: NK
Kernel: jsd
Advantage: peragentrankweighted
M: 4
lambda: 24
epsilon_svgd: 0.008
gamma: 0.0005
decay_start_ratio: 0.05
decay_min_factor: 0.05
bandwith_kernel: None
no_interact: False
avg_score: 0.7447397708892822
median_score: 0.7408133745193481
std_score: 0.028076348826289177
percentiles: 2%=0.706687331199646, 5%=0.7104127407073975, 10%=0.7119501829147339, 25%=0.7255803346633911, 50%=0.7408133745193481, 75%=0.7580187320709229, 90%=0.7783373594284058, 95%=0.8047558665275574, 98%=0.8118547797203064
ranking_best_algo: CMApara
ranking_best_score: 0.7459277895312499
ranking_my_rank: 3/504 (99.6%)
ranking_my_percent: 99.60317460317461
