ConfigName: krbf__advnormalizedfitness__M2__L8__eps0p025__g0p01__ds0p15__dm0p01
Problem: NK
Kernel: rbf
Advantage: normalizedfitness
M: 2
lambda: 8
epsilon_svgd: 0.025
gamma: 0.01
decay_start_ratio: 0.15
decay_min_factor: 0.01
bandwith_kernel: None
no_interact: False
avg_score: 0.732556939125061
median_score: 0.7314122319221497
std_score: 0.009806869551539421
percentiles: 2%=0.7170823216438293, 5%=0.7193852663040161, 10%=0.7208201885223389, 25%=0.7259106040000916, 50%=0.7314122319221497, 75%=0.7382993698120117, 90%=0.7440440654754639, 95%=0.7464407086372375, 98%=0.7532482147216797
ranking_best_algo: Tabu
ranking_best_score: 0.7429702712499999
ranking_my_rank: 2/504 (99.8%)
ranking_my_percent: 99.8015873015873
