ConfigName: kjsd__advperagentrankweighted__M6__L8__eps0p03__g0p0005__ds0p05__dm0p05
Problem: QUBO
Kernel: jsd
Advantage: peragentrankweighted
M: 6
lambda: 8
epsilon_svgd: 0.03
gamma: 0.0005
decay_start_ratio: 0.05
decay_min_factor: 0.05
bandwith_kernel: None
no_interact: False
avg_score: -2591.639892578125
median_score: -2598.0
std_score: 113.7372055053711
percentiles: 2%=-2832.1201171875, 5%=-2782.14990234375, 10%=-2729.800048828125, 25%=-2660.75, 50%=-2598.0, 75%=-2516.0, 90%=-2431.5, 95%=-2401.64990234375, 98%=-2366.0
ranking_best_algo: DiscreteLengler2OnePlusOne
ranking_best_score: 2617.04
ranking_my_rank: 40/504 (92.3%)
ranking_my_percent: 92.26190476190476
