ConfigName: kjsd__advperagentrankweighted__M3__L16__eps0p005__g0p003__ds0p05__dm0p2
Problem: QUBO
Kernel: jsd
Advantage: peragentrankweighted
M: 3
lambda: 16
epsilon_svgd: 0.005
gamma: 0.003
decay_start_ratio: 0.05
decay_min_factor: 0.2
bandwith_kernel: None
no_interact: False
avg_score: -308.1000061035156
median_score: -312.0
std_score: 41.19404983520508
percentiles: 2%=-394.0400085449219, 5%=-386.20001220703125, 10%=-356.20001220703125, 25%=-332.5, 50%=-312.0, 75%=-272.0, 90%=-259.79998779296875, 95%=-246.75, 98%=-237.9199981689453
ranking_best_algo: CMApara
ranking_best_score: 319.29999999999995
ranking_my_rank: 91/504 (82.1%)
ranking_my_percent: 82.14285714285714
