ConfigName: kjsd__advperagentrankweighted__M4__L24__eps0p005__g0p0003__ds0p4__dm0p05
Problem: QUBO
Kernel: jsd
Advantage: peragentrankweighted
M: 4
lambda: 24
epsilon_svgd: 0.005
gamma: 0.0003
decay_start_ratio: 0.4
decay_min_factor: 0.05
bandwith_kernel: None
no_interact: False
avg_score: -2618.639892578125
median_score: -2617.0
std_score: 125.48382568359375
percentiles: 2%=-2883.280029296875, 5%=-2831.10009765625, 10%=-2785.60009765625, 25%=-2699.0, 50%=-2617.0, 75%=-2522.0, 90%=-2465.10009765625, 95%=-2424.89990234375, 98%=-2407.60009765625
ranking_best_algo: DiscreteLengler2OnePlusOne
ranking_best_score: 2617.04
ranking_my_rank: 1/504 (100.0%)
ranking_my_percent: 100.0
