ConfigName: kfr__advglobalrankweighted__M4__L11__eps0p01__g0p005__ds0p01__dm0p01
Problem: QUBO
Kernel: fr
Advantage: globalrankweighted
M: 4
lambda: 11
epsilon_svgd: 0.01
gamma: 0.005
decay_start_ratio: 0.01
decay_min_factor: 0.01
bandwith_kernel: None
no_interact: False
avg_score: -334.5400085449219
median_score: -339.0
std_score: 21.065336227416992
percentiles: 2%=-372.0, 5%=-372.0, 10%=-361.0, 25%=-346.25, 50%=-339.0, 75%=-324.0, 90%=-303.79998779296875, 95%=-297.8999938964844, 98%=-279.9599914550781
ranking_best_algo: CMApara
ranking_best_score: 344.22
ranking_my_rank: 62/504 (87.9%)
ranking_my_percent: 87.89682539682539
