ConfigName: krbf__advnormalizedfitness__M4__L15__eps0p025__g0p007__ds0p01__dm0p3
Problem: QUBO
Kernel: rbf
Advantage: normalizedfitness
M: 4
lambda: 15
epsilon_svgd: 0.025
gamma: 0.007
decay_start_ratio: 0.01
decay_min_factor: 0.3
bandwith_kernel: None
no_interact: False
avg_score: -2076.739990234375
median_score: -2080.0
std_score: 179.8575439453125
percentiles: 2%=-2414.139892578125, 5%=-2367.10009765625, 10%=-2316.89990234375, 25%=-2206.5, 50%=-2080.0, 75%=-1927.5, 90%=-1835.5999755859375, 95%=-1776.9500732421875, 98%=-1733.1597900390625
ranking_best_algo: DiscreteLengler2OnePlusOne
ranking_best_score: 2617.04
ranking_my_rank: 226/504 (55.4%)
ranking_my_percent: 55.357142857142854
