ConfigName: krbf__advnormalizedfitness__M4__L12__eps0p033__g0p005__ds0p01__dm0p3
Problem: QUBO
Kernel: rbf
Advantage: normalizedfitness
M: 4
lambda: 12
epsilon_svgd: 0.033
gamma: 0.005
decay_start_ratio: 0.01
decay_min_factor: 0.3
bandwith_kernel: None
no_interact: False
avg_score: -1178.260009765625
median_score: -1171.0
std_score: 67.8232421875
percentiles: 2%=-1339.1199951171875, 5%=-1314.949951171875, 10%=-1268.699951171875, 25%=-1216.5, 50%=-1171.0, 75%=-1124.0, 90%=-1097.0, 95%=-1084.949951171875, 98%=-1074.97998046875
ranking_best_algo: Tabu
ranking_best_score: 1216.16
ranking_my_rank: 74/504 (85.5%)
ranking_my_percent: 85.51587301587301
