ConfigName: kjsd__advperagentrankweighted__M5__L8__eps0p01__g0p0005__ds0p05__dm0p2
Problem: NK
Kernel: jsd
Advantage: peragentrankweighted
M: 5
lambda: 8
epsilon_svgd: 0.01
gamma: 0.0005
decay_start_ratio: 0.05
decay_min_factor: 0.2
bandwith_kernel: None
no_interact: False
avg_score: 0.7110652327537537
median_score: 0.6994725465774536
std_score: 0.03154529258608818
percentiles: 2%=0.6743955016136169, 5%=0.6751484870910645, 10%=0.6757414937019348, 25%=0.6822705268859863, 50%=0.6994725465774536, 75%=0.7474179267883301, 90%=0.7532056570053101, 95%=0.7613165378570557, 98%=0.7613165378570557
ranking_best_algo: CMApara
ranking_best_score: 0.7118996098437498
ranking_my_rank: 7/504 (98.8%)
ranking_my_percent: 98.80952380952381
