ConfigName: krbf__advnormalizedfitness__M4__L8__eps0p033__g0p01__ds0p15__dm0p3
Problem: QUBO
Kernel: rbf
Advantage: normalizedfitness
M: 4
lambda: 8
epsilon_svgd: 0.033
gamma: 0.01
decay_start_ratio: 0.15
decay_min_factor: 0.3
bandwith_kernel: None
no_interact: False
avg_score: -566.4600219726562
median_score: -565.5
std_score: 30.77837562561035
percentiles: 2%=-633.0, 5%=-620.0, 10%=-611.0, 25%=-583.25, 50%=-565.5, 75%=-547.0, 90%=-529.5, 95%=-514.9500122070312, 98%=-501.8599853515625
ranking_best_algo: Tabu
ranking_best_score: 588.7199999999999
ranking_my_rank: 88/503 (82.7%)
ranking_my_percent: 82.7037773359841
