ConfigName: kjsd__advperagentrankweighted__M3__L18__eps0p01__g0p003__ds0p2__dm0p2
Problem: NK
Kernel: jsd
Advantage: peragentrankweighted
M: 3
lambda: 18
epsilon_svgd: 0.01
gamma: 0.003
decay_start_ratio: 0.2
decay_min_factor: 0.2
bandwith_kernel: None
no_interact: False
avg_score: 0.731485903263092
median_score: 0.7323613166809082
std_score: 0.012969267554581165
percentiles: 2%=0.7092146277427673, 5%=0.711514413356781, 10%=0.7126687169075012, 25%=0.7224922776222229, 50%=0.7323613166809082, 75%=0.7416191697120667, 90%=0.7482601404190063, 95%=0.751137375831604, 98%=0.7538120746612549
ranking_best_algo: PBIL
ranking_best_score: 0.733570253046875
ranking_my_rank: 2/504 (99.8%)
ranking_my_percent: 99.8015873015873
