ConfigName: krbf__advnormalizedfitness__M3__L10__eps0p025__g0p007__ds0p15__dm0p01
Problem: QUBO
Kernel: rbf
Advantage: normalizedfitness
M: 3
lambda: 10
epsilon_svgd: 0.025
gamma: 0.007
decay_start_ratio: 0.15
decay_min_factor: 0.01
bandwith_kernel: None
no_interact: False
avg_score: -309.6400146484375
median_score: -308.0
std_score: 38.461280822753906
percentiles: 2%=-394.0400085449219, 5%=-382.20001220703125, 10%=-355.5999755859375, 25%=-335.0, 50%=-308.0, 75%=-275.0, 90%=-265.8999938964844, 95%=-260.95001220703125, 98%=-252.97999572753906
ranking_best_algo: CMApara
ranking_best_score: 319.29999999999995
ranking_my_rank: 73/504 (85.7%)
ranking_my_percent: 85.71428571428571
