ConfigName: kfr__advglobalrankweighted__M5__L11__eps0p015__g0p003__ds0p01__dm0p01
Problem: QUBO
Kernel: fr
Advantage: globalrankweighted
M: 5
lambda: 11
epsilon_svgd: 0.015
gamma: 0.003
decay_start_ratio: 0.01
decay_min_factor: 0.01
bandwith_kernel: None
no_interact: False
avg_score: -3154.0
median_score: -3152.5
std_score: 141.2548065185547
percentiles: 2%=-3419.02001953125, 5%=-3398.449951171875, 10%=-3339.10009765625, 25%=-3247.0, 50%=-3152.5, 75%=-3071.25, 90%=-2966.0, 95%=-2940.05029296875, 98%=-2861.93994140625
ranking_best_algo: RLSOnePlusOne
ranking_best_score: 3316.5199999999995
ranking_my_rank: 63/504 (87.7%)
ranking_my_percent: 87.6984126984127
