ConfigName: kjsd__advperagentrankweighted__M3__L20__eps0p005__g0p0005__ds0p05__dm0p1
Problem: QUBO
Kernel: jsd
Advantage: peragentrankweighted
M: 3
lambda: 20
epsilon_svgd: 0.005
gamma: 0.0005
decay_start_ratio: 0.05
decay_min_factor: 0.1
bandwith_kernel: None
no_interact: False
avg_score: -577.4600219726562
median_score: -579.0
std_score: 26.635848999023438
percentiles: 2%=-633.1199951171875, 5%=-623.2000122070312, 10%=-612.0999755859375, 25%=-597.0, 50%=-579.0, 75%=-556.75, 90%=-540.0, 95%=-536.0, 98%=-535.97998046875
ranking_best_algo: Tabu
ranking_best_score: 588.7199999999999
ranking_my_rank: 44/503 (91.5%)
ranking_my_percent: 91.45129224652088
