ConfigName: kjsd__advperagentrankweighted__M3__L30__eps0p005__g0p0005__ds0p2__dm0p05
Problem: NK
Kernel: jsd
Advantage: peragentrankweighted
M: 3
lambda: 30
epsilon_svgd: 0.005
gamma: 0.0005
decay_start_ratio: 0.2
decay_min_factor: 0.05
bandwith_kernel: None
no_interact: False
avg_score: 0.7104211449623108
median_score: 0.7109889984130859
std_score: 0.015437743626534939
percentiles: 2%=0.6708731055259705, 5%=0.6730720400810242, 10%=0.6964031457901001, 25%=0.7071932554244995, 50%=0.7109889984130859, 75%=0.7204930782318115, 90%=0.7255503535270691, 95%=0.7320296764373779, 98%=0.7326871156692505
ranking_best_algo: CMApara
ranking_best_score: 0.707475975
ranking_my_rank: 1/504 (100.0%)
ranking_my_percent: 100.0
