ConfigName: krbf__advnormalizedfitness__M4__L8__eps0p015__g0p007__ds0p15__dm0p3
Problem: NK
Kernel: rbf
Advantage: normalizedfitness
M: 4
lambda: 8
epsilon_svgd: 0.015
gamma: 0.007
decay_start_ratio: 0.15
decay_min_factor: 0.3
bandwith_kernel: None
no_interact: False
avg_score: 0.706301212310791
median_score: 0.7074085474014282
std_score: 0.012087250128388405
percentiles: 2%=0.6828312873840332, 5%=0.6835442185401917, 10%=0.6902122497558594, 25%=0.6984920501708984, 50%=0.7074085474014282, 75%=0.7150682210922241, 90%=0.7211015820503235, 95%=0.7233982086181641, 98%=0.7271566987037659
ranking_best_algo: PBIL
ranking_best_score: 0.7248786399609374
ranking_my_rank: 81/504 (84.1%)
ranking_my_percent: 84.12698412698413
