ConfigName: kjsd__advperagentrankweighted__M4__L20__eps0p005__g0p0005__ds0p2__dm0p05
Problem: NK
Kernel: jsd
Advantage: peragentrankweighted
M: 4
lambda: 20
epsilon_svgd: 0.005
gamma: 0.0005
decay_start_ratio: 0.2
decay_min_factor: 0.05
bandwith_kernel: None
no_interact: False
avg_score: 0.7354681491851807
median_score: 0.7368898391723633
std_score: 0.00894051045179367
percentiles: 2%=0.7161478400230408, 5%=0.7188218832015991, 10%=0.7212517261505127, 25%=0.7309369444847107, 50%=0.7368898391723633, 75%=0.7420635223388672, 90%=0.7450911998748779, 95%=0.7476804256439209, 98%=0.7507931590080261
ranking_best_algo: PBIL
ranking_best_score: 0.7248786399609374
ranking_my_rank: 1/504 (100.0%)
ranking_my_percent: 100.0
