ConfigName: krbf__advnormalizedfitness__M4__L8__eps0p033__g0p01__ds0p01__dm0p01
Problem: QUBO
Kernel: rbf
Advantage: normalizedfitness
M: 4
lambda: 8
epsilon_svgd: 0.033
gamma: 0.01
decay_start_ratio: 0.01
decay_min_factor: 0.01
bandwith_kernel: None
no_interact: False
avg_score: -2423.8798828125
median_score: -2416.5
std_score: 164.73513793945312
percentiles: 2%=-2772.3798828125, 5%=-2679.800048828125, 10%=-2641.199951171875, 25%=-2553.0, 50%=-2416.5, 75%=-2281.5, 90%=-2221.89990234375, 95%=-2198.699951171875, 98%=-2167.83984375
ranking_best_algo: SVM1MetaModelLogNormal
ranking_best_score: 2605.14
ranking_my_rank: 91/504 (82.1%)
ranking_my_percent: 82.14285714285714
