ConfigName: krbf__advnormalizedfitness__M2__L6__eps0p01__g0p01__ds0p3__dm0p3
Problem: QUBO
Kernel: rbf
Advantage: normalizedfitness
M: 2
lambda: 6
epsilon_svgd: 0.01
gamma: 0.01
decay_start_ratio: 0.3
decay_min_factor: 0.3
bandwith_kernel: None
no_interact: False
avg_score: -327.05999755859375
median_score: -334.0
std_score: 25.419607162475586
percentiles: 2%=-372.0, 5%=-361.54998779296875, 10%=-354.0, 25%=-343.0, 50%=-334.0, 75%=-309.5, 90%=-290.0, 95%=-285.9000244140625, 98%=-273.75994873046875
ranking_best_algo: CMApara
ranking_best_score: 344.22
ranking_my_rank: 111/504 (78.2%)
ranking_my_percent: 78.17460317460318
