ConfigName: krbf__advnormalizedfitness__M4__L12__eps0p015__g0p007__ds0p01__dm0p3
Problem: NK
Kernel: rbf
Advantage: normalizedfitness
M: 4
lambda: 12
epsilon_svgd: 0.015
gamma: 0.007
decay_start_ratio: 0.01
decay_min_factor: 0.3
bandwith_kernel: None
no_interact: False
avg_score: 0.7167031168937683
median_score: 0.7180280685424805
std_score: 0.01073205005377531
percentiles: 2%=0.6929426789283752, 5%=0.7005686163902283, 10%=0.7012019753456116, 25%=0.709011435508728, 50%=0.7180280685424805, 75%=0.7241193652153015, 90%=0.730035126209259, 95%=0.7325257658958435, 98%=0.7345018982887268
ranking_best_algo: PBIL
ranking_best_score: 0.730509098125
ranking_my_rank: 109/504 (78.6%)
ranking_my_percent: 78.57142857142857
