ConfigName: krbf__advnormalizedfitness__M4__L8__eps0p015__g0p005__ds0p01__dm0p01
Problem: QUBO
Kernel: rbf
Advantage: normalizedfitness
M: 4
lambda: 8
epsilon_svgd: 0.015
gamma: 0.005
decay_start_ratio: 0.01
decay_min_factor: 0.01
bandwith_kernel: None
no_interact: False
avg_score: -421.4200134277344
median_score: -421.0
std_score: 24.57282066345215
percentiles: 2%=-471.0799865722656, 5%=-459.3999938964844, 10%=-454.1000061035156, 25%=-439.25, 50%=-421.0, 75%=-402.0, 90%=-390.8999938964844, 95%=-380.0, 98%=-375.91998291015625
ranking_best_algo: Tabu
ranking_best_score: 438.12
ranking_my_rank: 22/504 (95.8%)
ranking_my_percent: 95.83333333333333
