ConfigName: kjsd__advperagentrankweighted__M5__L12__eps0p005__g0p0005__ds0p3__dm0p05
Problem: QUBO
Kernel: jsd
Advantage: peragentrankweighted
M: 5
lambda: 12
epsilon_svgd: 0.005
gamma: 0.0005
decay_start_ratio: 0.3
decay_min_factor: 0.05
bandwith_kernel: None
no_interact: False
avg_score: -1310.06005859375
median_score: -1301.5
std_score: 59.10377883911133
percentiles: 2%=-1433.199951171875, 5%=-1418.1500244140625, 10%=-1393.5999755859375, 25%=-1345.25, 50%=-1301.5, 75%=-1269.0, 90%=-1246.699951171875, 95%=-1203.0, 98%=-1192.9599609375
ranking_best_algo: BigLognormalDiscreteOnePlusOne
ranking_best_score: 1301.3600000000004
ranking_my_rank: 1/504 (100.0%)
ranking_my_percent: 100.0
