ConfigName: kjsd__advperagentrankweighted__M3__L16__eps0p007__g0p003__ds0p05__dm0p1
Problem: NK
Kernel: jsd
Advantage: peragentrankweighted
M: 3
lambda: 16
epsilon_svgd: 0.007
gamma: 0.003
decay_start_ratio: 0.05
decay_min_factor: 0.1
bandwith_kernel: None
no_interact: False
avg_score: 0.7529955506324768
median_score: 0.753009021282196
std_score: 0.013259144499897957
percentiles: 2%=0.725664496421814, 5%=0.7330361604690552, 10%=0.7359310388565063, 25%=0.7430717349052429, 50%=0.753009021282196, 75%=0.7616642713546753, 90%=0.7697469592094421, 95%=0.777630090713501, 98%=0.7799846529960632
ranking_best_algo: Tabu
ranking_best_score: 0.7657846284375001
ranking_my_rank: 9/504 (98.4%)
ranking_my_percent: 98.41269841269842
