ConfigName: kjsd__advperagentrankweighted__M3__L20__eps0p005__g0p0005__ds0p1__dm0p2
Problem: QUBO
Kernel: jsd
Advantage: peragentrankweighted
M: 3
lambda: 20
epsilon_svgd: 0.005
gamma: 0.0005
decay_start_ratio: 0.1
decay_min_factor: 0.2
bandwith_kernel: None
no_interact: False
avg_score: -1240.52001953125
median_score: -1230.0
std_score: 67.92193603515625
percentiles: 2%=-1412.219970703125, 5%=-1359.050048828125, 10%=-1327.0999755859375, 25%=-1286.75, 50%=-1230.0, 75%=-1189.75, 90%=-1162.5999755859375, 95%=-1153.699951171875, 98%=-1128.93994140625
ranking_best_algo: SVMMetaModelLogNormal
ranking_best_score: 1233.7999999999997
ranking_my_rank: 1/504 (100.0%)
ranking_my_percent: 100.0
