ConfigName: kjsd__advperagentrankweighted__M4__L12__eps0p005__g0p001__ds0p1__dm0p2
Problem: NK
Kernel: jsd
Advantage: peragentrankweighted
M: 4
lambda: 12
epsilon_svgd: 0.005
gamma: 0.001
decay_start_ratio: 0.1
decay_min_factor: 0.2
bandwith_kernel: None
no_interact: False
avg_score: 0.7373433113098145
median_score: 0.739025354385376
std_score: 0.009546360932290554
percentiles: 2%=0.7146422863006592, 5%=0.719831645488739, 10%=0.7234989404678345, 25%=0.731547474861145, 50%=0.739025354385376, 75%=0.7441052198410034, 90%=0.7473617792129517, 95%=0.7505779266357422, 98%=0.7523921728134155
ranking_best_algo: PBIL
ranking_best_score: 0.730509098125
ranking_my_rank: 1/504 (100.0%)
ranking_my_percent: 100.0
