ConfigName: kfr__advglobalrankweighted__M5__L11__eps0p015__g0p007__ds0p01__dm0p01
Problem: QUBO
Kernel: fr
Advantage: globalrankweighted
M: 5
lambda: 11
epsilon_svgd: 0.015
gamma: 0.007
decay_start_ratio: 0.01
decay_min_factor: 0.01
bandwith_kernel: None
no_interact: False
avg_score: -913.47998046875
median_score: -917.0
std_score: 77.80661010742188
percentiles: 2%=-1054.1600341796875, 5%=-1038.050048828125, 10%=-1021.0999755859375, 25%=-978.25, 50%=-917.0, 75%=-848.25, 90%=-813.9000244140625, 95%=-790.8500366210938, 98%=-770.9599609375
ranking_best_algo: CMApara
ranking_best_score: 964.9
ranking_my_rank: 77/504 (84.9%)
ranking_my_percent: 84.92063492063492
