ConfigName: kjsd__advperagentrankweighted__M5__L8__eps0p01__g0p0007__ds0p05__dm0p05
Problem: NK
Kernel: jsd
Advantage: peragentrankweighted
M: 5
lambda: 8
epsilon_svgd: 0.01
gamma: 0.0007
decay_start_ratio: 0.05
decay_min_factor: 0.05
bandwith_kernel: None
no_interact: False
avg_score: 0.7129932641983032
median_score: 0.7133638858795166
std_score: 0.006527097430080175
percentiles: 2%=0.700204610824585, 5%=0.703095555305481, 10%=0.7054500579833984, 25%=0.7096160054206848, 50%=0.7133638858795166, 75%=0.716457724571228, 90%=0.719261109828949, 95%=0.7232644557952881, 98%=0.7316038608551025
ranking_best_algo: PBIL
ranking_best_score: 0.7170882103515624
ranking_my_rank: 42/504 (91.9%)
ranking_my_percent: 91.86507936507937
