ConfigName: kjsd__advperagentrankweighted__M5__L12__eps0p02__g0p0005__ds0p2__dm0p05
Problem: QUBO
Kernel: jsd
Advantage: peragentrankweighted
M: 5
lambda: 12
epsilon_svgd: 0.02
gamma: 0.0005
decay_start_ratio: 0.2
decay_min_factor: 0.05
bandwith_kernel: None
no_interact: False
avg_score: -443.05999755859375
median_score: -446.0
std_score: 24.523386001586914
percentiles: 2%=-487.0400085449219, 5%=-483.0, 10%=-471.1000061035156, 25%=-460.25, 50%=-446.0, 75%=-422.75, 90%=-410.0, 95%=-402.95001220703125, 98%=-397.9200134277344
ranking_best_algo: CMApara
ranking_best_score: 453.82
ranking_my_rank: 8/504 (98.6%)
ranking_my_percent: 98.61111111111111
