ConfigName: krbf__advnormalizedfitness__M1__L8__eps0p025__g0p015__ds0p15__dm0p01
Problem: NK
Kernel: rbf
Advantage: normalizedfitness
M: 1
lambda: 8
epsilon_svgd: 0.025
gamma: 0.015
decay_start_ratio: 0.15
decay_min_factor: 0.01
bandwith_kernel: None
no_interact: False
avg_score: 0.7428779602050781
median_score: 0.7426170110702515
std_score: 0.016568319872021675
percentiles: 2%=0.7097249627113342, 5%=0.7113437056541443, 10%=0.7197213172912598, 25%=0.7324296236038208, 50%=0.7426170110702515, 75%=0.7544686198234558, 90%=0.7643342018127441, 95%=0.7682027816772461, 98%=0.7739733457565308
ranking_best_algo: Tabu
ranking_best_score: 0.7657846284375001
ranking_my_rank: 60/504 (88.3%)
ranking_my_percent: 88.2936507936508
