ConfigName: kjsd__advperagentrankweighted__M3__L20__eps0p005__g0p001__ds0p05__dm0p1
Problem: NK
Kernel: jsd
Advantage: peragentrankweighted
M: 3
lambda: 20
epsilon_svgd: 0.005
gamma: 0.001
decay_start_ratio: 0.05
decay_min_factor: 0.1
bandwith_kernel: None
no_interact: False
avg_score: 0.7454987168312073
median_score: 0.742251992225647
std_score: 0.026802843436598778
percentiles: 2%=0.7080155611038208, 5%=0.7105388641357422, 10%=0.7136178016662598, 25%=0.7231608629226685, 50%=0.742251992225647, 75%=0.7585474252700806, 90%=0.7767738699913025, 95%=0.8044298887252808, 98%=0.8103753328323364
ranking_best_algo: CMApara
ranking_best_score: 0.7459277895312499
ranking_my_rank: 2/504 (99.8%)
ranking_my_percent: 99.8015873015873
