ConfigName: kjsd__advperagentrankweighted__M3__L18__eps0p005__g0p003__ds0p2__dm0p2
Problem: QUBO
Kernel: jsd
Advantage: peragentrankweighted
M: 3
lambda: 18
epsilon_svgd: 0.005
gamma: 0.003
decay_start_ratio: 0.2
decay_min_factor: 0.2
bandwith_kernel: None
no_interact: False
avg_score: -528.1199951171875
median_score: -528.5
std_score: 38.37115478515625
percentiles: 2%=-601.0399780273438, 5%=-593.25, 10%=-578.7000122070312, 25%=-554.0, 50%=-528.5, 75%=-501.75, 90%=-481.79998779296875, 95%=-463.0, 98%=-454.7799987792969
ranking_best_algo: Tabu
ranking_best_score: 588.7199999999999
ranking_my_rank: 196/503 (61.2%)
ranking_my_percent: 61.232604373757454
