ConfigName: kjsd__advperagentrankweighted__M2__L20__eps0p005__g0p0005__ds0p1__dm0p1
Problem: NK
Kernel: jsd
Advantage: peragentrankweighted
M: 2
lambda: 20
epsilon_svgd: 0.005
gamma: 0.0005
decay_start_ratio: 0.1
decay_min_factor: 0.1
bandwith_kernel: None
no_interact: False
avg_score: 0.7237516045570374
median_score: 0.724346935749054
std_score: 0.00705436896532774
percentiles: 2%=0.7095613479614258, 5%=0.711777925491333, 10%=0.7149539589881897, 25%=0.7188155651092529, 50%=0.724346935749054, 75%=0.7278620600700378, 90%=0.7324080467224121, 95%=0.7358980774879456, 98%=0.7372133731842041
ranking_best_algo: PBIL
ranking_best_score: 0.7170882103515624
ranking_my_rank: 1/504 (100.0%)
ranking_my_percent: 100.0
