ConfigName: kfr__advglobalrankweighted__M2__L10__eps0p015__g0p003__ds0p01__dm0p01
Problem: QUBO
Kernel: fr
Advantage: globalrankweighted
M: 2
lambda: 10
epsilon_svgd: 0.015
gamma: 0.003
decay_start_ratio: 0.01
decay_min_factor: 0.01
bandwith_kernel: None
no_interact: False
avg_score: -136.67999267578125
median_score: -136.0
std_score: 12.19416332244873
percentiles: 2%=-158.0, 5%=-156.0500030517578, 10%=-154.10000610351562, 25%=-145.25, 50%=-136.0, 75%=-127.0, 90%=-123.0, 95%=-119.85001373291016, 98%=-108.95999145507812
ranking_best_algo: DiscreteDE
ranking_best_score: 143.4
ranking_my_rank: 206/504 (59.3%)
ranking_my_percent: 59.32539682539682
