ConfigName: krbf__advnormalizedfitness__M3__L15__eps0p015__g0p005__ds0p3__dm0p01
Problem: QUBO
Kernel: rbf
Advantage: normalizedfitness
M: 3
lambda: 15
epsilon_svgd: 0.015
gamma: 0.005
decay_start_ratio: 0.3
decay_min_factor: 0.01
bandwith_kernel: None
no_interact: False
avg_score: -572.2000122070312
median_score: -568.5
std_score: 29.195890426635742
percentiles: 2%=-623.0399780273438, 5%=-621.0, 10%=-614.0999755859375, 25%=-597.0, 50%=-568.5, 75%=-550.5, 90%=-536.0, 95%=-529.8500366210938, 98%=-519.9199829101562
ranking_best_algo: Tabu
ranking_best_score: 588.7199999999999
ranking_my_rank: 62/503 (87.9%)
ranking_my_percent: 87.8727634194831
