ConfigName: kfr__advglobalrankweighted__M4__L24__eps0p01__g0p001__ds0p01__dm0p01
Problem: QUBO
Kernel: fr
Advantage: globalrankweighted
M: 4
lambda: 24
epsilon_svgd: 0.01
gamma: 0.001
decay_start_ratio: 0.01
decay_min_factor: 0.01
bandwith_kernel: None
no_interact: False
avg_score: -2604.60009765625
median_score: -2599.0
std_score: 134.76898193359375
percentiles: 2%=-2832.159912109375, 5%=-2817.300048828125, 10%=-2788.60009765625, 25%=-2711.75, 50%=-2599.0, 75%=-2511.0, 90%=-2419.800048828125, 95%=-2384.10009765625, 98%=-2345.360107421875
ranking_best_algo: DiscreteLengler2OnePlusOne
ranking_best_score: 2617.04
ranking_my_rank: 3/504 (99.6%)
ranking_my_percent: 99.60317460317461
