ConfigName: kjsd__advperagentrankweighted__M3__L24__eps0p007__g0p001__ds0p1__dm0p2
Problem: NK
Kernel: jsd
Advantage: peragentrankweighted
M: 3
lambda: 24
epsilon_svgd: 0.007
gamma: 0.001
decay_start_ratio: 0.1
decay_min_factor: 0.2
bandwith_kernel: None
no_interact: False
avg_score: 0.7409321069717407
median_score: 0.7413697242736816
std_score: 0.015586834400892258
percentiles: 2%=0.7098600268363953, 5%=0.7126144766807556, 10%=0.7180696725845337, 25%=0.7297543883323669, 50%=0.7413697242736816, 75%=0.7515227198600769, 90%=0.7608090043067932, 95%=0.7662724256515503, 98%=0.7681251168251038
ranking_best_algo: Tabu
ranking_best_score: 0.7601875690625
ranking_my_rank: 12/504 (97.8%)
ranking_my_percent: 97.81746031746032
