ConfigName: kjsd__advperagentrankweighted__M3__L16__eps0p01__g0p003__ds0p05__dm0p05
Problem: NK
Kernel: jsd
Advantage: peragentrankweighted
M: 3
lambda: 16
epsilon_svgd: 0.01
gamma: 0.003
decay_start_ratio: 0.05
decay_min_factor: 0.05
bandwith_kernel: None
no_interact: False
avg_score: 0.7581880688667297
median_score: 0.7562452554702759
std_score: 0.013163233175873756
percentiles: 2%=0.7359495759010315, 5%=0.7385134696960449, 10%=0.7411746978759766, 25%=0.7488572597503662, 50%=0.7562452554702759, 75%=0.766294538974762, 90%=0.7775211930274963, 95%=0.7823203206062317, 98%=0.7841188311576843
ranking_best_algo: Tabu
ranking_best_score: 0.7470791764843752
ranking_my_rank: 1/504 (100.0%)
ranking_my_percent: 100.0
