ConfigName: kjsd__advperagentrankweighted__M6__L28__eps0p008__g0p0005__ds0p3__dm0p05
Problem: NK
Kernel: jsd
Advantage: peragentrankweighted
M: 6
lambda: 28
epsilon_svgd: 0.008
gamma: 0.0005
decay_start_ratio: 0.3
decay_min_factor: 0.05
bandwith_kernel: None
no_interact: False
avg_score: 0.7378907203674316
median_score: 0.7377147674560547
std_score: 0.014140911400318146
percentiles: 2%=0.7149725556373596, 5%=0.7183917760848999, 10%=0.7202590107917786, 25%=0.7259650230407715, 50%=0.7377147674560547, 75%=0.7491501569747925, 90%=0.7589288949966431, 95%=0.761234700679779, 98%=0.7634328007698059
ranking_best_algo: Tabu
ranking_best_score: 0.7601875690625
ranking_my_rank: 19/504 (96.4%)
ranking_my_percent: 96.42857142857143
