ConfigName: kjsd__advperagentrankweighted__M3__L20__eps0p005__g0p0007__ds0p1__dm0p1
Problem: NK
Kernel: jsd
Advantage: peragentrankweighted
M: 3
lambda: 20
epsilon_svgd: 0.005
gamma: 0.0007
decay_start_ratio: 0.1
decay_min_factor: 0.1
bandwith_kernel: None
no_interact: False
avg_score: 0.7589885592460632
median_score: 0.7585998177528381
std_score: 0.013272566720843315
percentiles: 2%=0.7360305190086365, 5%=0.7378742098808289, 10%=0.7414154410362244, 25%=0.7498906850814819, 50%=0.7585998177528381, 75%=0.7669674158096313, 90%=0.7764536738395691, 95%=0.781348705291748, 98%=0.7893229126930237
ranking_best_algo: Tabu
ranking_best_score: 0.7470791764843752
ranking_my_rank: 1/504 (100.0%)
ranking_my_percent: 100.0
