ConfigName: kjsd__advperagentrankweighted__M4__L24__eps0p03__g0p0007__ds0p05__dm0p05
Problem: QUBO
Kernel: jsd
Advantage: peragentrankweighted
M: 4
lambda: 24
epsilon_svgd: 0.03
gamma: 0.0007
decay_start_ratio: 0.05
decay_min_factor: 0.05
bandwith_kernel: None
no_interact: False
avg_score: -3271.919921875
median_score: -3270.0
std_score: 108.25577545166016
percentiles: 2%=-3490.199951171875, 5%=-3447.800048828125, 10%=-3419.10009765625, 25%=-3360.5, 50%=-3270.0, 75%=-3189.25, 90%=-3143.39990234375, 95%=-3089.949951171875, 98%=-3071.320068359375
ranking_best_algo: RLSOnePlusOne
ranking_best_score: 3316.5199999999995
ranking_my_rank: 12/504 (97.8%)
ranking_my_percent: 97.81746031746032
