ConfigName: kjsd__advperagentrankweighted__M3__L18__eps0p007__g0p001__ds0p05__dm0p2
Problem: QUBO
Kernel: jsd
Advantage: peragentrankweighted
M: 3
lambda: 18
epsilon_svgd: 0.007
gamma: 0.001
decay_start_ratio: 0.05
decay_min_factor: 0.2
bandwith_kernel: None
no_interact: False
avg_score: -1195.239990234375
median_score: -1189.0
std_score: 62.55079650878906
percentiles: 2%=-1337.1600341796875, 5%=-1303.5, 10%=-1288.4000244140625, 25%=-1228.0, 50%=-1189.0, 75%=-1154.0, 90%=-1121.9000244140625, 95%=-1107.5, 98%=-1080.9599609375
ranking_best_algo: Tabu
ranking_best_score: 1216.16
ranking_my_rank: 48/504 (90.7%)
ranking_my_percent: 90.67460317460318
