ConfigName: kjsd__advperagentrankweighted__M3__L18__eps0p005__g0p001__ds0p2__dm0p1
Problem: NK
Kernel: jsd
Advantage: peragentrankweighted
M: 3
lambda: 18
epsilon_svgd: 0.005
gamma: 0.001
decay_start_ratio: 0.2
decay_min_factor: 0.1
bandwith_kernel: None
no_interact: False
avg_score: 0.7104124426841736
median_score: 0.7112376093864441
std_score: 0.015098930336534977
percentiles: 2%=0.6733583807945251, 5%=0.6736733913421631, 10%=0.695794939994812, 25%=0.7075076103210449, 50%=0.7112376093864441, 75%=0.7183078527450562, 90%=0.7255440950393677, 95%=0.7326227426528931, 98%=0.7332187294960022
ranking_best_algo: CMApara
ranking_best_score: 0.707475975
ranking_my_rank: 1/504 (100.0%)
ranking_my_percent: 100.0
