ConfigName: kfr__advglobalrankweighted__M1__L7__eps0p02__g0p005__ds0p01__dm0p01
Problem: QUBO
Kernel: fr
Advantage: globalrankweighted
M: 1
lambda: 7
epsilon_svgd: 0.02
gamma: 0.005
decay_start_ratio: 0.01
decay_min_factor: 0.01
bandwith_kernel: None
no_interact: False
avg_score: -384.3399963378906
median_score: -384.5
std_score: 32.85307312011719
percentiles: 2%=-438.70001220703125, 5%=-431.29998779296875, 10%=-421.1000061035156, 25%=-407.25, 50%=-384.5, 75%=-362.0, 90%=-345.5, 95%=-327.8000183105469, 98%=-315.91998291015625
ranking_best_algo: Tabu
ranking_best_score: 438.12
ranking_my_rank: 263/504 (48.0%)
ranking_my_percent: 48.01587301587302
