ConfigName: kjsd__advperagentrankweighted__M5__L8__eps0p005__g0p0007__ds0p05__dm0p2
Problem: QUBO
Kernel: jsd
Advantage: peragentrankweighted
M: 5
lambda: 8
epsilon_svgd: 0.005
gamma: 0.0007
decay_start_ratio: 0.05
decay_min_factor: 0.2
bandwith_kernel: None
no_interact: False
avg_score: -443.29998779296875
median_score: -445.0
std_score: 26.238710403442383
percentiles: 2%=-494.0, 5%=-484.1499938964844, 10%=-472.0, 25%=-461.0, 50%=-445.0, 75%=-427.0, 90%=-406.8999938964844, 95%=-397.79998779296875, 98%=-382.9800109863281
ranking_best_algo: CMApara
ranking_best_score: 453.82
ranking_my_rank: 8/504 (98.6%)
ranking_my_percent: 98.61111111111111
