ConfigName: krbf__advnormalizedfitness__M3__L12__eps0p025__g0p01__ds0p01__dm0p3
Problem: QUBO
Kernel: rbf
Advantage: normalizedfitness
M: 3
lambda: 12
epsilon_svgd: 0.025
gamma: 0.01
decay_start_ratio: 0.01
decay_min_factor: 0.3
bandwith_kernel: None
no_interact: False
avg_score: -436.760009765625
median_score: -439.0
std_score: 24.847984313964844
percentiles: 2%=-481.0400085449219, 5%=-472.0, 10%=-462.0, 25%=-457.0, 50%=-439.0, 75%=-424.0, 90%=-398.20001220703125, 95%=-387.0, 98%=-383.8399658203125
ranking_best_algo: CMApara
ranking_best_score: 453.82
ranking_my_rank: 30/504 (94.2%)
ranking_my_percent: 94.24603174603175
