ConfigName: kfr__advglobalrankweighted__M2__L8__eps0p01__g0p007__ds0p01__dm0p01
Problem: QUBO
Kernel: fr
Advantage: globalrankweighted
M: 2
lambda: 8
epsilon_svgd: 0.01
gamma: 0.007
decay_start_ratio: 0.01
decay_min_factor: 0.01
bandwith_kernel: None
no_interact: False
avg_score: -197.9600067138672
median_score: -199.0
std_score: 13.539511680603027
percentiles: 2%=-224.0, 5%=-222.10000610351562, 10%=-215.3000030517578, 25%=-207.5, 50%=-199.0, 75%=-188.5, 90%=-181.0, 95%=-175.95001220703125, 98%=-174.95999145507812
ranking_best_algo: Tabu
ranking_best_score: 208.36000000000004
ranking_my_rank: 106/504 (79.2%)
ranking_my_percent: 79.16666666666667
