ConfigName: krbf__advnormalizedfitness__M3__L8__eps0p033__g0p005__ds0p15__dm0p01
Problem: NK
Kernel: rbf
Advantage: normalizedfitness
M: 3
lambda: 8
epsilon_svgd: 0.033
gamma: 0.005
decay_start_ratio: 0.15
decay_min_factor: 0.01
bandwith_kernel: None
no_interact: False
avg_score: 0.7327180504798889
median_score: 0.7336928844451904
std_score: 0.008263098075985909
percentiles: 2%=0.7157068848609924, 5%=0.7169939875602722, 10%=0.7209871411323547, 25%=0.7273582220077515, 50%=0.7336928844451904, 75%=0.7388551831245422, 90%=0.7419220209121704, 95%=0.7436186075210571, 98%=0.7456769347190857
ranking_best_algo: PBIL
ranking_best_score: 0.7248786399609374
ranking_my_rank: 1/504 (100.0%)
ranking_my_percent: 100.0
