ConfigName: kjsd__advperagentrankweighted__M3__L20__eps0p007__g0p003__ds0p05__dm0p1
Problem: QUBO
Kernel: jsd
Advantage: peragentrankweighted
M: 3
lambda: 20
epsilon_svgd: 0.007
gamma: 0.003
decay_start_ratio: 0.05
decay_min_factor: 0.1
bandwith_kernel: None
no_interact: False
avg_score: -308.55999755859375
median_score: -313.0
std_score: 39.63541793823242
percentiles: 2%=-394.0799865722656, 5%=-390.0, 10%=-353.6000061035156, 25%=-330.5, 50%=-313.0, 75%=-271.0, 90%=-263.0, 95%=-257.8999938964844, 98%=-251.9600067138672
ranking_best_algo: CMApara
ranking_best_score: 319.29999999999995
ranking_my_rank: 88/504 (82.7%)
ranking_my_percent: 82.73809523809524
