ConfigName: krbf__advnormalizedfitness__M2__L10__eps0p015__g0p005__ds0p15__dm0p3
Problem: QUBO
Kernel: rbf
Advantage: normalizedfitness
M: 2
lambda: 10
epsilon_svgd: 0.015
gamma: 0.005
decay_start_ratio: 0.15
decay_min_factor: 0.3
bandwith_kernel: None
no_interact: False
avg_score: -2618.719970703125
median_score: -2620.0
std_score: 120.9151840209961
percentiles: 2%=-2899.0, 5%=-2837.949951171875, 10%=-2782.5, 25%=-2682.0, 50%=-2620.0, 75%=-2538.5, 90%=-2463.800048828125, 95%=-2446.85009765625, 98%=-2398.080078125
ranking_best_algo: DiscreteLengler2OnePlusOne
ranking_best_score: 2617.04
ranking_my_rank: 1/504 (100.0%)
ranking_my_percent: 100.0
