ConfigName: kjsd__advperagentrankweighted__M5__L24__eps0p005__g0p0005__ds0p05__dm0p05
Problem: NK
Kernel: jsd
Advantage: peragentrankweighted
M: 5
lambda: 24
epsilon_svgd: 0.005
gamma: 0.0005
decay_start_ratio: 0.05
decay_min_factor: 0.05
bandwith_kernel: None
no_interact: False
avg_score: 0.7109573483467102
median_score: 0.7117246985435486
std_score: 0.01518280804157257
percentiles: 2%=0.673050045967102, 5%=0.6735678315162659, 10%=0.6962994933128357, 25%=0.707970380783081, 50%=0.7117246985435486, 75%=0.7202785015106201, 90%=0.7254931330680847, 95%=0.7327431440353394, 98%=0.7332335710525513
ranking_best_algo: CMApara
ranking_best_score: 0.707475975
ranking_my_rank: 1/504 (100.0%)
ranking_my_percent: 100.0
