ConfigName: krbf__advnormalizedfitness__M4__L10__eps0p015__g0p015__ds0p15__dm0p01
Problem: QUBO
Kernel: rbf
Advantage: normalizedfitness
M: 4
lambda: 10
epsilon_svgd: 0.015
gamma: 0.015
decay_start_ratio: 0.15
decay_min_factor: 0.01
bandwith_kernel: None
no_interact: False
avg_score: -369.0400085449219
median_score: -369.5
std_score: 35.53812789916992
percentiles: 2%=-447.1199951171875, 5%=-431.1000061035156, 10%=-419.20001220703125, 25%=-389.0, 50%=-369.5, 75%=-345.75, 90%=-323.8999938964844, 95%=-310.95001220703125, 98%=-306.9599914550781
ranking_best_algo: CMAL3
ranking_best_score: 435.36
ranking_my_rank: 319/504 (36.9%)
ranking_my_percent: 36.904761904761905
