ConfigName: krbf__advnormalizedfitness__M3__L8__eps0p033__g0p005__ds0p3__dm0p3
Problem: NK
Kernel: rbf
Advantage: normalizedfitness
M: 3
lambda: 8
epsilon_svgd: 0.033
gamma: 0.005
decay_start_ratio: 0.3
decay_min_factor: 0.3
bandwith_kernel: None
no_interact: False
avg_score: 0.7142187356948853
median_score: 0.713945746421814
std_score: 0.008664253167808056
percentiles: 2%=0.6971351504325867, 5%=0.6984805464744568, 10%=0.7034780383110046, 25%=0.7084032893180847, 50%=0.713945746421814, 75%=0.7198078632354736, 90%=0.7266664505004883, 95%=0.7277083396911621, 98%=0.7323033809661865
ranking_best_algo: PBIL
ranking_best_score: 0.7170882103515624
ranking_my_rank: 41/504 (92.1%)
ranking_my_percent: 92.06349206349206
