ConfigName: kjsd__advperagentrankweighted__M4__L12__eps0p005__g0p0003__ds0p4__dm0p05
Problem: NK
Kernel: jsd
Advantage: peragentrankweighted
M: 4
lambda: 12
epsilon_svgd: 0.005
gamma: 0.0003
decay_start_ratio: 0.4
decay_min_factor: 0.05
bandwith_kernel: None
no_interact: False
avg_score: 0.7549920678138733
median_score: 0.7542604804039001
std_score: 0.011354207061231136
percentiles: 2%=0.7322510480880737, 5%=0.7371010184288025, 10%=0.7395043969154358, 25%=0.7460892200469971, 50%=0.7542604804039001, 75%=0.7639873027801514, 90%=0.7711663842201233, 95%=0.7733452320098877, 98%=0.776515781879425
ranking_best_algo: Tabu
ranking_best_score: 0.7470791764843752
ranking_my_rank: 1/504 (100.0%)
ranking_my_percent: 100.0
