ConfigName: krbf__advnormalizedfitness__M4__L8__eps0p015__g0p01__ds0p01__dm0p01
Problem: QUBO
Kernel: rbf
Advantage: normalizedfitness
M: 4
lambda: 8
epsilon_svgd: 0.015
gamma: 0.01
decay_start_ratio: 0.01
decay_min_factor: 0.01
bandwith_kernel: None
no_interact: False
avg_score: -556.239990234375
median_score: -557.5
std_score: 28.28537368774414
percentiles: 2%=-603.3200073242188, 5%=-597.0999755859375, 10%=-588.2000122070312, 25%=-579.25, 50%=-557.5, 75%=-535.75, 90%=-518.9000244140625, 95%=-507.0, 98%=-501.0
ranking_best_algo: Tabu
ranking_best_score: 588.7199999999999
ranking_my_rank: 142/503 (72.0%)
ranking_my_percent: 71.96819085487077
