ConfigName: krbf__advnormalizedfitness__M1__L8__eps0p033__g0p005__ds0p15__dm0p3
Problem: NK
Kernel: rbf
Advantage: normalizedfitness
M: 1
lambda: 8
epsilon_svgd: 0.033
gamma: 0.005
decay_start_ratio: 0.15
decay_min_factor: 0.3
bandwith_kernel: None
no_interact: False
avg_score: 0.7158058881759644
median_score: 0.7153266668319702
std_score: 0.010899304412305355
percentiles: 2%=0.6978680491447449, 5%=0.6983572840690613, 10%=0.702159583568573, 25%=0.7083061337471008, 50%=0.7153266668319702, 75%=0.7228868007659912, 90%=0.7308599948883057, 95%=0.7349534034729004, 98%=0.7367398142814636
ranking_best_algo: PBIL
ranking_best_score: 0.730509098125
ranking_my_rank: 121/504 (76.2%)
ranking_my_percent: 76.19047619047619
