ConfigName: krbf__advnormalizedfitness__M4__L10__eps0p025__g0p007__ds0p01__dm0p01
Problem: QUBO
Kernel: rbf
Advantage: normalizedfitness
M: 4
lambda: 10
epsilon_svgd: 0.025
gamma: 0.007
decay_start_ratio: 0.01
decay_min_factor: 0.01
bandwith_kernel: None
no_interact: False
avg_score: -1523.719970703125
median_score: -1514.5
std_score: 96.5804443359375
percentiles: 2%=-1734.1600341796875, 5%=-1708.050048828125, 10%=-1645.0, 25%=-1576.5, 50%=-1514.5, 75%=-1472.0, 90%=-1400.0, 95%=-1372.800048828125, 98%=-1344.639892578125
ranking_best_algo: NLOPT_LN_PRAXIS
ranking_best_score: 1607.12
ranking_my_rank: 60/504 (88.3%)
ranking_my_percent: 88.2936507936508
