ConfigName: kjsd__advperagentrankweighted__M4__L10__eps0p02__g0p0007__ds0p2__dm0p05
Problem: QUBO
Kernel: jsd
Advantage: peragentrankweighted
M: 4
lambda: 10
epsilon_svgd: 0.02
gamma: 0.0007
decay_start_ratio: 0.2
decay_min_factor: 0.05
bandwith_kernel: None
no_interact: False
avg_score: -305.6400146484375
median_score: -306.0
std_score: 37.39024353027344
percentiles: 2%=-380.0799865722656, 5%=-374.20001220703125, 10%=-356.20001220703125, 25%=-330.0, 50%=-306.0, 75%=-272.75, 90%=-263.8999938964844, 95%=-255.60000610351562, 98%=-246.89999389648438
ranking_best_algo: CMApara
ranking_best_score: 319.29999999999995
ranking_my_rank: 125/504 (75.4%)
ranking_my_percent: 75.39682539682539
