ConfigName: krbf__advnormalizedfitness__M3__L12__eps0p025__g0p005__ds0p3__dm0p01
Problem: QUBO
Kernel: rbf
Advantage: normalizedfitness
M: 3
lambda: 12
epsilon_svgd: 0.025
gamma: 0.005
decay_start_ratio: 0.3
decay_min_factor: 0.01
bandwith_kernel: None
no_interact: False
avg_score: -415.6199951171875
median_score: -415.5
std_score: 27.402475357055664
percentiles: 2%=-473.0799865722656, 5%=-459.0, 10%=-453.1000061035156, 25%=-433.25, 50%=-415.5, 75%=-396.0, 90%=-380.0, 95%=-376.0, 98%=-369.91998291015625
ranking_best_algo: Tabu
ranking_best_score: 438.12
ranking_my_rank: 49/504 (90.5%)
ranking_my_percent: 90.47619047619048
