ConfigName: krbf__advnormalizedfitness__M4__L12__eps0p033__g0p007__ds0p3__dm0p01
Problem: QUBO
Kernel: rbf
Advantage: normalizedfitness
M: 4
lambda: 12
epsilon_svgd: 0.033
gamma: 0.007
decay_start_ratio: 0.3
decay_min_factor: 0.01
bandwith_kernel: None
no_interact: False
avg_score: -312.6000061035156
median_score: -319.0
std_score: 37.746524810791016
percentiles: 2%=-394.0799865722656, 5%=-390.1000061035156, 10%=-356.0, 25%=-334.5, 50%=-319.0, 75%=-276.75, 90%=-267.79998779296875, 95%=-264.0, 98%=-259.9599914550781
ranking_best_algo: CMApara
ranking_best_score: 319.29999999999995
ranking_my_rank: 31/504 (94.0%)
ranking_my_percent: 94.04761904761905
