ConfigName: kjsd__advperagentrankweighted__M4__L10__eps0p005__g0p0007__ds0p4__dm0p05
Problem: QUBO
Kernel: jsd
Advantage: peragentrankweighted
M: 4
lambda: 10
epsilon_svgd: 0.005
gamma: 0.0007
decay_start_ratio: 0.4
decay_min_factor: 0.05
bandwith_kernel: None
no_interact: False
avg_score: -444.1600036621094
median_score: -447.0
std_score: 24.30255699157715
percentiles: 2%=-486.1199951171875, 5%=-481.1000061035156, 10%=-472.0, 25%=-461.0, 50%=-447.0, 75%=-429.0, 90%=-409.8999938964844, 95%=-401.95001220703125, 98%=-391.9599914550781
ranking_best_algo: CMApara
ranking_best_score: 453.82
ranking_my_rank: 6/504 (99.0%)
ranking_my_percent: 99.0079365079365
