ConfigName: kfr__advglobalrankweighted__M5__L10__eps0p015__g0p003__ds0p01__dm0p01
Problem: QUBO
Kernel: fr
Advantage: globalrankweighted
M: 5
lambda: 10
epsilon_svgd: 0.015
gamma: 0.003
decay_start_ratio: 0.01
decay_min_factor: 0.01
bandwith_kernel: None
no_interact: False
avg_score: -903.239990234375
median_score: -899.0
std_score: 65.37217712402344
percentiles: 2%=-1031.300048828125, 5%=-1008.0499877929688, 10%=-984.0999755859375, 25%=-957.25, 50%=-899.0, 75%=-851.5, 90%=-824.5999755859375, 95%=-808.3500366210938, 98%=-794.8800048828125
ranking_best_algo: CMAL3
ranking_best_score: 928.5800000000002
ranking_my_rank: 66/504 (87.1%)
ranking_my_percent: 87.10317460317461
