ConfigName: krbf__advnormalizedfitness__M4__L10__eps0p033__g0p005__ds0p01__dm0p01
Problem: QUBO
Kernel: rbf
Advantage: normalizedfitness
M: 4
lambda: 10
epsilon_svgd: 0.033
gamma: 0.005
decay_start_ratio: 0.01
decay_min_factor: 0.01
bandwith_kernel: None
no_interact: False
avg_score: -418.55999755859375
median_score: -418.0
std_score: 25.079998016357422
percentiles: 2%=-469.1600036621094, 5%=-457.3999938964844, 10%=-452.20001220703125, 25%=-438.25, 50%=-418.0, 75%=-402.0, 90%=-388.0, 95%=-381.70001220703125, 98%=-365.91998291015625
ranking_best_algo: Tabu
ranking_best_score: 438.12
ranking_my_rank: 35/504 (93.3%)
ranking_my_percent: 93.25396825396825
