ConfigName: krbf__advnormalizedfitness__M3__L15__eps0p033__g0p01__ds0p01__dm0p3
Problem: QUBO
Kernel: rbf
Advantage: normalizedfitness
M: 3
lambda: 15
epsilon_svgd: 0.033
gamma: 0.01
decay_start_ratio: 0.01
decay_min_factor: 0.3
bandwith_kernel: None
no_interact: False
avg_score: -139.67999267578125
median_score: -140.5
std_score: 11.567955017089844
percentiles: 2%=-158.02000427246094, 5%=-158.0, 10%=-156.0, 25%=-147.0, 50%=-140.5, 75%=-131.75, 90%=-125.0, 95%=-122.85001373291016, 98%=-114.85997009277344
ranking_best_algo: DiscreteDE
ranking_best_score: 143.4
ranking_my_rank: 83/504 (83.7%)
ranking_my_percent: 83.73015873015873
