ConfigName: krbf__advnormalizedfitness__M2__L6__eps0p01__g0p015__ds0p3__dm0p3
Problem: NK
Kernel: rbf
Advantage: normalizedfitness
M: 2
lambda: 6
epsilon_svgd: 0.01
gamma: 0.015
decay_start_ratio: 0.3
decay_min_factor: 0.3
bandwith_kernel: None
no_interact: False
avg_score: 0.7102038860321045
median_score: 0.7111062407493591
std_score: 0.015407049097120762
percentiles: 2%=0.6706318259239197, 5%=0.6729207038879395, 10%=0.6971258521080017, 25%=0.7069395184516907, 50%=0.7111062407493591, 75%=0.71860671043396, 90%=0.7254813313484192, 95%=0.7318992614746094, 98%=0.7333186864852905
ranking_best_algo: CMApara
ranking_best_score: 0.707475975
ranking_my_rank: 1/504 (100.0%)
ranking_my_percent: 100.0
