ConfigName: krbf__advnormalizedfitness__M3__L15__eps0p033__g0p015__ds0p3__dm0p01
Problem: QUBO
Kernel: rbf
Advantage: normalizedfitness
M: 3
lambda: 15
epsilon_svgd: 0.033
gamma: 0.015
decay_start_ratio: 0.3
decay_min_factor: 0.01
bandwith_kernel: None
no_interact: False
avg_score: -201.9199981689453
median_score: -203.0
std_score: 13.76639461517334
percentiles: 2%=-224.0, 5%=-224.0, 10%=-222.0, 25%=-211.0, 50%=-203.0, 75%=-192.75, 90%=-184.0, 95%=-176.95001220703125, 98%=-172.95999145507812
ranking_best_algo: Tabu
ranking_best_score: 208.36000000000004
ranking_my_rank: 38/504 (92.7%)
ranking_my_percent: 92.65873015873017
