ConfigName: kjsd__advperagentrankweighted__M5__L12__eps0p03__g0p0007__ds0p05__dm0p05
Problem: QUBO
Kernel: jsd
Advantage: peragentrankweighted
M: 5
lambda: 12
epsilon_svgd: 0.03
gamma: 0.0007
decay_start_ratio: 0.05
decay_min_factor: 0.05
bandwith_kernel: None
no_interact: False
avg_score: -139.39999389648438
median_score: -139.0
std_score: 11.555084228515625
percentiles: 2%=-159.0, 5%=-158.0, 10%=-156.10000610351562, 25%=-146.5, 50%=-139.0, 75%=-130.0, 90%=-123.0, 95%=-121.0, 98%=-118.95999908447266
ranking_best_algo: DiscreteDE
ranking_best_score: 143.4
ranking_my_rank: 85/504 (83.3%)
ranking_my_percent: 83.33333333333333
