ConfigName: kjsd__advperagentrankweighted__M3__L20__eps0p01__g0p0005__ds0p1__dm0p05
Problem: NK
Kernel: jsd
Advantage: peragentrankweighted
M: 3
lambda: 20
epsilon_svgd: 0.01
gamma: 0.0005
decay_start_ratio: 0.1
decay_min_factor: 0.05
bandwith_kernel: None
no_interact: False
avg_score: 0.7495976090431213
median_score: 0.7490203380584717
std_score: 0.014809353277087212
percentiles: 2%=0.7205038070678711, 5%=0.725965678691864, 10%=0.7324957251548767, 25%=0.7373999357223511, 50%=0.7490203380584717, 75%=0.7617076635360718, 90%=0.7704369425773621, 95%=0.7743101716041565, 98%=0.7763242721557617
ranking_best_algo: Tabu
ranking_best_score: 0.7657846284375001
ranking_my_rank: 26/504 (95.0%)
ranking_my_percent: 95.03968253968254
