ConfigName: kjsd__advperagentrankweighted__M4__L12__eps0p005__g0p0005__ds0p2__dm0p2
Problem: NK
Kernel: jsd
Advantage: peragentrankweighted
M: 4
lambda: 12
epsilon_svgd: 0.005
gamma: 0.0005
decay_start_ratio: 0.2
decay_min_factor: 0.2
bandwith_kernel: None
no_interact: False
avg_score: 0.7547419667243958
median_score: 0.7561907768249512
std_score: 0.014301611110568047
percentiles: 2%=0.7289023399353027, 5%=0.7326586842536926, 10%=0.7359282970428467, 25%=0.7419730424880981, 50%=0.7561907768249512, 75%=0.7654948234558105, 90%=0.7709296345710754, 95%=0.7796247601509094, 98%=0.7824831604957581
ranking_best_algo: Tabu
ranking_best_score: 0.7657846284375001
ranking_my_rank: 7/504 (98.8%)
ranking_my_percent: 98.80952380952381
