ConfigName: kjsd__advperagentrankweighted__M3__L16__eps0p01__g0p0007__ds0p05__dm0p1
Problem: QUBO
Kernel: jsd
Advantage: peragentrankweighted
M: 3
lambda: 16
epsilon_svgd: 0.01
gamma: 0.0007
decay_start_ratio: 0.05
decay_min_factor: 0.1
bandwith_kernel: None
no_interact: False
avg_score: -929.739990234375
median_score: -926.5
std_score: 67.01994323730469
percentiles: 2%=-1063.0999755859375, 5%=-1042.0, 10%=-1025.300048828125, 25%=-968.5, 50%=-926.5, 75%=-884.75, 90%=-846.5999755859375, 95%=-820.7000122070312, 98%=-796.9199829101562
ranking_best_algo: CMApara
ranking_best_score: 964.9
ranking_my_rank: 19/504 (96.4%)
ranking_my_percent: 96.42857142857143
