ConfigName: kjsd__advperagentrankweighted__M5__L8__eps0p03__g0p0005__ds0p05__dm0p05
Problem: QUBO
Kernel: jsd
Advantage: peragentrankweighted
M: 5
lambda: 8
epsilon_svgd: 0.03
gamma: 0.0005
decay_start_ratio: 0.05
decay_min_factor: 0.05
bandwith_kernel: None
no_interact: False
avg_score: -568.5999755859375
median_score: -569.0
std_score: 25.789918899536133
percentiles: 2%=-624.1799926757812, 5%=-613.2999877929688, 10%=-597.2000122070312, 25%=-585.25, 50%=-569.0, 75%=-552.75, 90%=-538.9000244140625, 95%=-524.8499755859375, 98%=-517.9199829101562
ranking_best_algo: Tabu
ranking_best_score: 588.7199999999999
ranking_my_rank: 81/503 (84.1%)
ranking_my_percent: 84.09542743538768
