ConfigName: kjsd__advperagentrankweighted__M3__L20__eps0p01__g0p0005__ds0p05__dm0p05
Problem: QUBO
Kernel: jsd
Advantage: peragentrankweighted
M: 3
lambda: 20
epsilon_svgd: 0.01
gamma: 0.0005
decay_start_ratio: 0.05
decay_min_factor: 0.05
bandwith_kernel: None
no_interact: False
avg_score: -303.9800109863281
median_score: -307.0
std_score: 40.72148513793945
percentiles: 2%=-382.239990234375, 5%=-380.0, 10%=-355.79998779296875, 25%=-330.0, 50%=-307.0, 75%=-267.0, 90%=-256.8999938964844, 95%=-248.0, 98%=-244.89999389648438
ranking_best_algo: CMApara
ranking_best_score: 319.29999999999995
ranking_my_rank: 147/504 (71.0%)
ranking_my_percent: 71.03174603174604
