ConfigName: krbf__advnormalizedfitness__M3__L12__eps0p033__g0p015__ds0p3__dm0p01
Problem: NK
Kernel: rbf
Advantage: normalizedfitness
M: 3
lambda: 12
epsilon_svgd: 0.033
gamma: 0.015
decay_start_ratio: 0.3
decay_min_factor: 0.01
bandwith_kernel: None
no_interact: False
avg_score: 0.7455875277519226
median_score: 0.7423176169395447
std_score: 0.02894212119281292
percentiles: 2%=0.6998522877693176, 5%=0.7057815790176392, 10%=0.7076368927955627, 25%=0.7245640158653259, 50%=0.7423176169395447, 75%=0.7601335048675537, 90%=0.778337299823761, 95%=0.8081138134002686, 98%=0.8118547797203064
ranking_best_algo: CMApara
ranking_best_score: 0.7459277895312499
ranking_my_rank: 2/504 (99.8%)
ranking_my_percent: 99.8015873015873
