ConfigName: kfr__advglobalrankweighted__M2__L11__eps0p01__g0p005__ds0p01__dm0p01
Problem: QUBO
Kernel: fr
Advantage: globalrankweighted
M: 2
lambda: 11
epsilon_svgd: 0.01
gamma: 0.005
decay_start_ratio: 0.01
decay_min_factor: 0.01
bandwith_kernel: None
no_interact: False
avg_score: -423.82000732421875
median_score: -423.0
std_score: 30.51438331604004
percentiles: 2%=-481.0, 5%=-475.1000061035156, 10%=-471.0, 25%=-443.25, 50%=-423.0, 75%=-404.5, 90%=-384.79998779296875, 95%=-373.95001220703125, 98%=-359.8399658203125
ranking_best_algo: CMAL3
ranking_best_score: 435.36
ranking_my_rank: 31/504 (94.0%)
ranking_my_percent: 94.04761904761905
