ConfigName: krbf__advnormalizedfitness__M4__L10__eps0p033__g0p007__ds0p15__dm0p01
Problem: QUBO
Kernel: rbf
Advantage: normalizedfitness
M: 4
lambda: 10
epsilon_svgd: 0.033
gamma: 0.007
decay_start_ratio: 0.15
decay_min_factor: 0.01
bandwith_kernel: None
no_interact: False
avg_score: -903.6199951171875
median_score: -901.5
std_score: 65.34459686279297
percentiles: 2%=-1038.1199951171875, 5%=-1017.7999877929688, 10%=-993.0, 25%=-949.75, 50%=-901.5, 75%=-849.5, 90%=-821.0, 95%=-804.8500366210938, 98%=-787.8999633789062
ranking_best_algo: CMAL3
ranking_best_score: 928.5800000000002
ranking_my_rank: 66/504 (87.1%)
ranking_my_percent: 87.10317460317461
