ConfigName: krbf__advnormalizedfitness__M3__L8__eps0p015__g0p01__ds0p15__dm0p01
Problem: QUBO
Kernel: rbf
Advantage: normalizedfitness
M: 3
lambda: 8
epsilon_svgd: 0.015
gamma: 0.01
decay_start_ratio: 0.15
decay_min_factor: 0.01
bandwith_kernel: None
no_interact: False
avg_score: -889.5399780273438
median_score: -883.0
std_score: 61.022029876708984
percentiles: 2%=-1020.219970703125, 5%=-1000.0499877929688, 10%=-971.0999755859375, 25%=-929.5, 50%=-883.0, 75%=-850.75, 90%=-814.0, 95%=-796.800048828125, 98%=-770.9599609375
ranking_best_algo: CMAL3
ranking_best_score: 928.5800000000002
ranking_my_rank: 100/504 (80.4%)
ranking_my_percent: 80.35714285714286
