ConfigName: kjsd__advperagentrankweighted__M5__L8__eps0p005__g0p0005__ds0p4__dm0p2
Problem: NK
Kernel: jsd
Advantage: peragentrankweighted
M: 5
lambda: 8
epsilon_svgd: 0.005
gamma: 0.0005
decay_start_ratio: 0.4
decay_min_factor: 0.2
bandwith_kernel: None
no_interact: False
avg_score: 0.7550109624862671
median_score: 0.7551293969154358
std_score: 0.012715451419353485
percentiles: 2%=0.725818932056427, 5%=0.7321940660476685, 10%=0.7372732162475586, 25%=0.7469645738601685, 50%=0.7551293969154358, 75%=0.7638837695121765, 90%=0.7706219553947449, 95%=0.7730320692062378, 98%=0.7762047052383423
ranking_best_algo: Tabu
ranking_best_score: 0.7657846284375001
ranking_my_rank: 7/504 (98.8%)
ranking_my_percent: 98.80952380952381
