ConfigName: kjsd__advperagentrankweighted__M5__L10__eps0p03__g0p0007__ds0p05__dm0p05
Problem: NK
Kernel: jsd
Advantage: peragentrankweighted
M: 5
lambda: 10
epsilon_svgd: 0.03
gamma: 0.0007
decay_start_ratio: 0.05
decay_min_factor: 0.05
bandwith_kernel: None
no_interact: False
avg_score: 0.7105181217193604
median_score: 0.7108346223831177
std_score: 0.00670482637360692
percentiles: 2%=0.6969382762908936, 5%=0.699328601360321, 10%=0.7019760608673096, 25%=0.7059662938117981, 50%=0.7108346223831177, 75%=0.7152261734008789, 90%=0.7188324332237244, 95%=0.721609890460968, 98%=0.7253614664077759
ranking_best_algo: PBIL
ranking_best_score: 0.7170882103515624
ranking_my_rank: 48/504 (90.7%)
ranking_my_percent: 90.67460317460318
