ConfigName: kjsd__advperagentrankweighted__M3__L16__eps0p007__g0p0007__ds0p05__dm0p05
Problem: QUBO
Kernel: jsd
Advantage: peragentrankweighted
M: 3
lambda: 16
epsilon_svgd: 0.007
gamma: 0.0007
decay_start_ratio: 0.05
decay_min_factor: 0.05
bandwith_kernel: None
no_interact: False
avg_score: -2602.39990234375
median_score: -2588.5
std_score: 118.49707794189453
percentiles: 2%=-2843.080078125, 5%=-2822.300048828125, 10%=-2758.800048828125, 25%=-2691.5, 50%=-2588.5, 75%=-2511.75, 90%=-2429.60009765625, 95%=-2413.64990234375, 98%=-2401.919921875
ranking_best_algo: SVM1MetaModelLogNormal
ranking_best_score: 2605.14
ranking_my_rank: 2/504 (99.8%)
ranking_my_percent: 99.8015873015873
