ConfigName: kjsd__advperagentrankweighted__M4__L10__eps0p015__g0p0005__ds0p05__dm0p05
Problem: NK
Kernel: jsd
Advantage: peragentrankweighted
M: 4
lambda: 10
epsilon_svgd: 0.015
gamma: 0.0005
decay_start_ratio: 0.05
decay_min_factor: 0.05
bandwith_kernel: None
no_interact: False
avg_score: 0.7072655558586121
median_score: 0.7091696262359619
std_score: 0.0152626633644104
percentiles: 2%=0.6679893136024475, 5%=0.6698500514030457, 10%=0.6930283904075623, 25%=0.7034298181533813, 50%=0.7091696262359619, 75%=0.7161079049110413, 90%=0.7229853272438049, 95%=0.7292488813400269, 98%=0.7317604422569275
ranking_best_algo: CMApara
ranking_best_score: 0.707475975
ranking_my_rank: 2/504 (99.8%)
ranking_my_percent: 99.8015873015873
