ConfigName: kjsd__advperagentrankweighted__M4__L24__eps0p01__g0p0005__ds0p05__dm0p05
Problem: QUBO
Kernel: jsd
Advantage: peragentrankweighted
M: 4
lambda: 24
epsilon_svgd: 0.01
gamma: 0.0005
decay_start_ratio: 0.05
decay_min_factor: 0.05
bandwith_kernel: None
no_interact: False
avg_score: -416.55999755859375
median_score: -420.5
std_score: 27.725194931030273
percentiles: 2%=-471.0, 5%=-455.5, 10%=-452.0, 25%=-434.25, 50%=-420.5, 75%=-398.0, 90%=-377.79998779296875, 95%=-369.70001220703125, 98%=-359.9200134277344
ranking_best_algo: Tabu
ranking_best_score: 438.12
ranking_my_rank: 43/504 (91.7%)
ranking_my_percent: 91.66666666666667
no_repulsion: True
