ConfigName: kjsd__advperagentrankweighted__M3__L18__eps0p005__g0p001__ds0p1__dm0p2
Problem: NK
Kernel: jsd
Advantage: peragentrankweighted
M: 3
lambda: 18
epsilon_svgd: 0.005
gamma: 0.001
decay_start_ratio: 0.1
decay_min_factor: 0.2
bandwith_kernel: None
no_interact: False
avg_score: 0.7008592486381531
median_score: 0.6998896598815918
std_score: 0.012121484614908695
percentiles: 2%=0.6762352585792542, 5%=0.6821054816246033, 10%=0.6850790977478027, 25%=0.691887617111206, 50%=0.6998896598815918, 75%=0.7095049619674683, 90%=0.7181863188743591, 95%=0.721362292766571, 98%=0.722610592842102
ranking_best_algo: PBIL
ranking_best_score: 0.7170882103515624
ranking_my_rank: 72/504 (85.9%)
ranking_my_percent: 85.91269841269842
