ConfigName: kjsd__advperagentrankweighted__M4__L24__eps0p005__g0p0007__ds0p05__dm0p05
Problem: QUBO
Kernel: jsd
Advantage: peragentrankweighted
M: 4
lambda: 24
epsilon_svgd: 0.005
gamma: 0.0007
decay_start_ratio: 0.05
decay_min_factor: 0.05
bandwith_kernel: None
no_interact: False
avg_score: -310.1600036621094
median_score: -313.0
std_score: 36.78171157836914
percentiles: 2%=-390.0799865722656, 5%=-380.1000061035156, 10%=-352.20001220703125, 25%=-338.0, 50%=-313.0, 75%=-272.75, 90%=-266.8999938964844, 95%=-264.95001220703125, 98%=-260.9599914550781
ranking_best_algo: CMApara
ranking_best_score: 319.29999999999995
ranking_my_rank: 63/504 (87.7%)
ranking_my_percent: 87.6984126984127
