ConfigName: kjsd__advperagentrankweighted__M5__L8__eps0p005__g0p0005__ds0p2__dm0p2
Problem: QUBO
Kernel: jsd
Advantage: peragentrankweighted
M: 5
lambda: 8
epsilon_svgd: 0.005
gamma: 0.0005
decay_start_ratio: 0.2
decay_min_factor: 0.2
bandwith_kernel: None
no_interact: False
avg_score: -1619.9599609375
median_score: -1611.0
std_score: 66.53734588623047
percentiles: 2%=-1771.02001953125, 5%=-1742.0, 10%=-1708.0999755859375, 25%=-1667.5, 50%=-1611.0, 75%=-1563.75, 90%=-1540.800048828125, 95%=-1526.699951171875, 98%=-1512.97998046875
ranking_best_algo: NLOPT_LN_PRAXIS
ranking_best_score: 1607.12
ranking_my_rank: 1/504 (100.0%)
ranking_my_percent: 100.0
