ConfigName: krbf__advnormalizedfitness__M4__L15__eps0p02__g0p002__ds0p05__dm0p05
Problem: QUBO
Kernel: rbf
Advantage: normalizedfitness
M: 4
lambda: 15
epsilon_svgd: 0.02
gamma: 0.002
decay_start_ratio: 0.05
decay_min_factor: 0.05
bandwith_kernel: None
no_interact: False
avg_score: -139.17999267578125
median_score: -141.0
std_score: 10.791089057922363
percentiles: 2%=-158.02000427246094, 5%=-157.0, 10%=-152.10000610351562, 25%=-147.0, 50%=-141.0, 75%=-130.75, 90%=-125.0, 95%=-123.0, 98%=-119.0
ranking_best_algo: DiscreteDE
ranking_best_score: 143.4
ranking_my_rank: 86/504 (83.1%)
ranking_my_percent: 83.13492063492063
