ConfigName: krbf__advnormalizedfitness__M3__L12__eps0p025__g0p015__ds0p3__dm0p3
Problem: QUBO
Kernel: rbf
Advantage: normalizedfitness
M: 3
lambda: 12
epsilon_svgd: 0.025
gamma: 0.015
decay_start_ratio: 0.3
decay_min_factor: 0.3
bandwith_kernel: None
no_interact: False
avg_score: -967.0599975585938
median_score: -963.5
std_score: 130.2610321044922
percentiles: 2%=-1220.8399658203125, 5%=-1162.199951171875, 10%=-1133.300048828125, 25%=-1057.0, 50%=-963.5, 75%=-862.5, 90%=-808.6000366210938, 95%=-773.75, 98%=-760.7599487304688
ranking_best_algo: NLOPT_LN_PRAXIS
ranking_best_score: 1607.12
ranking_my_rank: 323/504 (36.1%)
ranking_my_percent: 36.111111111111114
