ConfigName: krbf__advnormalizedfitness__M3__L15__eps0p025__g0p005__ds0p01__dm0p01
Problem: QUBO
Kernel: rbf
Advantage: normalizedfitness
M: 3
lambda: 15
epsilon_svgd: 0.025
gamma: 0.005
decay_start_ratio: 0.01
decay_min_factor: 0.01
bandwith_kernel: None
no_interact: False
avg_score: -201.4600067138672
median_score: -201.0
std_score: 11.117032051086426
percentiles: 2%=-224.0, 5%=-224.0, 10%=-219.1999969482422, 25%=-208.25, 50%=-201.0, 75%=-194.0, 90%=-187.0, 95%=-184.0, 98%=-182.95999145507812
ranking_best_algo: Tabu
ranking_best_score: 208.36000000000004
ranking_my_rank: 40/504 (92.3%)
ranking_my_percent: 92.26190476190476
