ConfigName: krbf__advnormalizedfitness__M3__L24__eps0p03__g0p005__ds0p05__dm0p05
Problem: QUBO
Kernel: rbf
Advantage: normalizedfitness
M: 3
lambda: 24
epsilon_svgd: 0.03
gamma: 0.005
decay_start_ratio: 0.05
decay_min_factor: 0.05
bandwith_kernel: None
no_interact: False
avg_score: -311.0799865722656
median_score: -311.0
std_score: 38.89413070678711
percentiles: 2%=-394.0799865722656, 5%=-390.20001220703125, 10%=-358.6000061035156, 25%=-332.5, 50%=-311.0, 75%=-279.75, 90%=-266.0, 95%=-263.8999938964844, 98%=-256.5799865722656
ranking_best_algo: CMApara
ranking_best_score: 319.29999999999995
ranking_my_rank: 39/504 (92.5%)
ranking_my_percent: 92.46031746031746
