ConfigName: kjsd__advperagentrankweighted__M4__L12__eps0p005__g0p0005__ds0p1__dm0p2
Problem: NK
Kernel: jsd
Advantage: peragentrankweighted
M: 4
lambda: 12
epsilon_svgd: 0.005
gamma: 0.0005
decay_start_ratio: 0.1
decay_min_factor: 0.2
bandwith_kernel: None
no_interact: False
avg_score: 0.7144056558609009
median_score: 0.7133996486663818
std_score: 0.008376692421734333
percentiles: 2%=0.6998907923698425, 5%=0.7021042704582214, 10%=0.7050247192382812, 25%=0.7091017961502075, 50%=0.7133996486663818, 75%=0.7191705107688904, 90%=0.7236791849136353, 95%=0.7286028265953064, 98%=0.7374667525291443
ranking_best_algo: PBIL
ranking_best_score: 0.7170882103515624
ranking_my_rank: 40/504 (92.3%)
ranking_my_percent: 92.26190476190476
