ConfigName: kjsd__advperagentrankweighted__M3__L20__eps0p007__g0p001__ds0p2__dm0p2
Problem: QUBO
Kernel: jsd
Advantage: peragentrankweighted
M: 3
lambda: 20
epsilon_svgd: 0.007
gamma: 0.001
decay_start_ratio: 0.2
decay_min_factor: 0.2
bandwith_kernel: None
no_interact: False
avg_score: -425.5400085449219
median_score: -424.0
std_score: 26.288942337036133
percentiles: 2%=-479.0400085449219, 5%=-471.1000061035156, 10%=-465.0, 25%=-439.25, 50%=-424.0, 75%=-409.0, 90%=-396.0, 95%=-388.95001220703125, 98%=-365.79998779296875
ranking_best_algo: CMAL3
ranking_best_score: 435.36
ranking_my_rank: 27/504 (94.8%)
ranking_my_percent: 94.84126984126983
