ConfigName: kjsd__advperagentrankweighted__M4__L30__eps0p01__g0p0005__ds0p4__dm0p05
Problem: NK
Kernel: jsd
Advantage: peragentrankweighted
M: 4
lambda: 30
epsilon_svgd: 0.01
gamma: 0.0005
decay_start_ratio: 0.4
decay_min_factor: 0.05
bandwith_kernel: None
no_interact: False
avg_score: 0.7117677330970764
median_score: 0.70106041431427
std_score: 0.03144729882478714
percentiles: 2%=0.6734819412231445, 5%=0.6751645803451538, 10%=0.678716242313385, 25%=0.6824747323989868, 50%=0.70106041431427, 75%=0.7467593550682068, 90%=0.7535799145698547, 95%=0.7613165378570557, 98%=0.7613165378570557
ranking_best_algo: CMApara
ranking_best_score: 0.7118996098437498
ranking_my_rank: 2/504 (99.8%)
ranking_my_percent: 99.8015873015873
