ConfigName: krbf__advnormalizedfitness__M3__L15__eps0p015__g0p01__ds0p01__dm0p01
Problem: QUBO
Kernel: rbf
Advantage: normalizedfitness
M: 3
lambda: 15
epsilon_svgd: 0.015
gamma: 0.01
decay_start_ratio: 0.01
decay_min_factor: 0.01
bandwith_kernel: None
no_interact: False
avg_score: -1144.6800537109375
median_score: -1137.0
std_score: 80.13063049316406
percentiles: 2%=-1325.239990234375, 5%=-1283.1500244140625, 10%=-1260.5, 25%=-1199.25, 50%=-1137.0, 75%=-1086.75, 90%=-1040.0, 95%=-1013.9500122070312, 98%=-1005.7799682617188
ranking_best_algo: Tabu
ranking_best_score: 1216.16
ranking_my_rank: 151/504 (70.2%)
ranking_my_percent: 70.23809523809524
