ConfigName: krbf__advnormalizedfitness__M3__L12__eps0p015__g0p01__ds0p01__dm0p3
Problem: QUBO
Kernel: rbf
Advantage: normalizedfitness
M: 3
lambda: 12
epsilon_svgd: 0.015
gamma: 0.01
decay_start_ratio: 0.01
decay_min_factor: 0.3
bandwith_kernel: None
no_interact: False
avg_score: -853.3200073242188
median_score: -837.0
std_score: 79.51878356933594
percentiles: 2%=-1016.1400146484375, 5%=-1002.4500122070312, 10%=-971.5, 25%=-901.25, 50%=-837.0, 75%=-793.5, 90%=-762.5999755859375, 95%=-747.9500122070312, 98%=-726.719970703125
ranking_best_algo: CMApara
ranking_best_score: 964.9
ranking_my_rank: 259/504 (48.8%)
ranking_my_percent: 48.80952380952381
