ConfigName: krbf__advnormalizedfitness__M3__L8__eps0p033__g0p01__ds0p01__dm0p01
Problem: QUBO
Kernel: rbf
Advantage: normalizedfitness
M: 3
lambda: 8
epsilon_svgd: 0.033
gamma: 0.01
decay_start_ratio: 0.01
decay_min_factor: 0.01
bandwith_kernel: None
no_interact: False
avg_score: -2540.919921875
median_score: -2539.0
std_score: 135.43099975585938
percentiles: 2%=-2783.139892578125, 5%=-2746.14990234375, 10%=-2724.10009765625, 25%=-2638.25, 50%=-2539.0, 75%=-2433.75, 90%=-2369.199951171875, 95%=-2325.400146484375, 98%=-2305.800048828125
ranking_best_algo: SVM1MetaModelLogNormal
ranking_best_score: 2605.14
ranking_my_rank: 44/504 (91.5%)
ranking_my_percent: 91.46825396825396
