ConfigName: kjsd__advperagentrankweighted__M5__L8__eps0p01__g0p0007__ds0p2__dm0p2
Problem: NK
Kernel: jsd
Advantage: peragentrankweighted
M: 5
lambda: 8
epsilon_svgd: 0.01
gamma: 0.0007
decay_start_ratio: 0.2
decay_min_factor: 0.2
bandwith_kernel: None
no_interact: False
avg_score: 0.7524883151054382
median_score: 0.7547018527984619
std_score: 0.014218919910490513
percentiles: 2%=0.7189890742301941, 5%=0.7268480658531189, 10%=0.7333701252937317, 25%=0.7433168888092041, 50%=0.7547018527984619, 75%=0.7622361183166504, 90%=0.7669516801834106, 95%=0.7717476487159729, 98%=0.7778974175453186
ranking_best_algo: Tabu
ranking_best_score: 0.7657846284375001
ranking_my_rank: 10/504 (98.2%)
ranking_my_percent: 98.21428571428571
