ConfigName: krbf__advnormalizedfitness__M3__L10__eps0p025__g0p015__ds0p15__dm0p3
Problem: QUBO
Kernel: rbf
Advantage: normalizedfitness
M: 3
lambda: 10
epsilon_svgd: 0.025
gamma: 0.015
decay_start_ratio: 0.15
decay_min_factor: 0.3
bandwith_kernel: None
no_interact: False
avg_score: -1090.3199462890625
median_score: -1092.0
std_score: 84.79833221435547
percentiles: 2%=-1231.219970703125, 5%=-1214.25, 10%=-1194.5, 25%=-1159.5, 50%=-1092.0, 75%=-1026.75, 90%=-971.9000244140625, 95%=-962.8500366210938, 98%=-934.8399658203125
ranking_best_algo: BigLognormalDiscreteOnePlusOne
ranking_best_score: 1301.3600000000004
ranking_my_rank: 208/504 (58.9%)
ranking_my_percent: 58.92857142857143
