ConfigName: kjsd__advperagentrankweighted__M3__L24__eps0p007__g0p0005__ds0p05__dm0p1
Problem: QUBO
Kernel: jsd
Advantage: peragentrankweighted
M: 3
lambda: 24
epsilon_svgd: 0.007
gamma: 0.0005
decay_start_ratio: 0.05
decay_min_factor: 0.1
bandwith_kernel: None
no_interact: False
avg_score: -426.17999267578125
median_score: -424.5
std_score: 25.600929260253906
percentiles: 2%=-477.0799865722656, 5%=-469.29998779296875, 10%=-459.5, 25%=-442.25, 50%=-424.5, 75%=-411.0, 90%=-396.8999938964844, 95%=-389.0, 98%=-359.8800048828125
ranking_best_algo: CMAL3
ranking_best_score: 435.36
ranking_my_rank: 23/504 (95.6%)
ranking_my_percent: 95.63492063492063
