ConfigName: kjsd__advperagentrankweighted__M3__L18__eps0p005__g0p003__ds0p05__dm0p1
Problem: QUBO
Kernel: jsd
Advantage: peragentrankweighted
M: 3
lambda: 18
epsilon_svgd: 0.005
gamma: 0.003
decay_start_ratio: 0.05
decay_min_factor: 0.1
bandwith_kernel: None
no_interact: False
avg_score: -554.9000244140625
median_score: -559.0
std_score: 34.025726318359375
percentiles: 2%=-617.1799926757812, 5%=-607.0, 10%=-599.0999755859375, 25%=-578.25, 50%=-559.0, 75%=-530.75, 90%=-510.8999938964844, 95%=-497.0, 98%=-484.6400146484375
ranking_best_algo: Tabu
ranking_best_score: 588.7199999999999
ranking_my_rank: 144/503 (71.6%)
ranking_my_percent: 71.57057654075547
