ConfigName: krbf__advnormalizedfitness__M3__L15__eps0p015__g0p005__ds0p01__dm0p3
Problem: QUBO
Kernel: rbf
Advantage: normalizedfitness
M: 3
lambda: 15
epsilon_svgd: 0.015
gamma: 0.005
decay_start_ratio: 0.01
decay_min_factor: 0.3
bandwith_kernel: None
no_interact: False
avg_score: -413.8800048828125
median_score: -414.0
std_score: 24.787609100341797
percentiles: 2%=-461.0400085449219, 5%=-457.1000061035156, 10%=-451.1000061035156, 25%=-429.25, 50%=-414.0, 75%=-394.0, 90%=-380.0, 95%=-378.0, 98%=-373.91998291015625
ranking_best_algo: Tabu
ranking_best_score: 438.12
ranking_my_rank: 57/504 (88.9%)
ranking_my_percent: 88.88888888888889
