ConfigName: kjsd__advperagentrankweighted__M4__L30__eps0p01__g0p0003__ds0p05__dm0p05
Problem: NK
Kernel: jsd
Advantage: peragentrankweighted
M: 4
lambda: 30
epsilon_svgd: 0.01
gamma: 0.0003
decay_start_ratio: 0.05
decay_min_factor: 0.05
bandwith_kernel: None
no_interact: False
avg_score: 0.7189556956291199
median_score: 0.7199873924255371
std_score: 0.007193744648247957
percentiles: 2%=0.7072427868843079, 5%=0.7072708606719971, 10%=0.7084218263626099, 25%=0.7143293619155884, 50%=0.7199873924255371, 75%=0.7234808802604675, 90%=0.7277584671974182, 95%=0.7294560670852661, 98%=0.730269730091095
ranking_best_algo: PBIL
ranking_best_score: 0.7170882103515624
ranking_my_rank: 1/504 (100.0%)
ranking_my_percent: 100.0
