ConfigName: kjsd__advperagentrankweighted__M2__L20__eps0p005__g0p0005__ds0p1__dm0p2
Problem: QUBO
Kernel: jsd
Advantage: peragentrankweighted
M: 2
lambda: 20
epsilon_svgd: 0.005
gamma: 0.0005
decay_start_ratio: 0.1
decay_min_factor: 0.2
bandwith_kernel: None
no_interact: False
avg_score: -1629.4200439453125
median_score: -1630.5
std_score: 66.78026580810547
percentiles: 2%=-1754.1600341796875, 5%=-1735.199951171875, 10%=-1720.199951171875, 25%=-1674.5, 50%=-1630.5, 75%=-1588.25, 90%=-1545.800048828125, 95%=-1516.9000244140625, 98%=-1476.43994140625
ranking_best_algo: NLOPT_LN_PRAXIS
ranking_best_score: 1607.12
ranking_my_rank: 1/504 (100.0%)
ranking_my_percent: 100.0
