ConfigName: krbf__advnormalizedfitness__M4__L15__eps0p03__g0p0005__ds0p05__dm0p05
Problem: NK
Kernel: rbf
Advantage: normalizedfitness
M: 4
lambda: 15
epsilon_svgd: 0.03
gamma: 0.0005
decay_start_ratio: 0.05
decay_min_factor: 0.05
bandwith_kernel: None
no_interact: False
avg_score: 0.7220020890235901
median_score: 0.7221474647521973
std_score: 0.009992417879402637
percentiles: 2%=0.7031568884849548, 5%=0.7066439390182495, 10%=0.7091599702835083, 25%=0.7141773104667664, 50%=0.7221474647521973, 75%=0.7294951677322388, 90%=0.7338924407958984, 95%=0.7389982342720032, 98%=0.7397803664207458
ranking_best_algo: PBIL
ranking_best_score: 0.730509098125
ranking_my_rank: 22/504 (95.8%)
ranking_my_percent: 95.83333333333333
