ConfigName: kjsd__advperagentrankweighted__M4__L12__eps0p02__g0p0007__ds0p05__dm0p05
Problem: NK
Kernel: jsd
Advantage: peragentrankweighted
M: 4
lambda: 12
epsilon_svgd: 0.02
gamma: 0.0007
decay_start_ratio: 0.05
decay_min_factor: 0.05
bandwith_kernel: None
no_interact: False
avg_score: 0.747713565826416
median_score: 0.7473193407058716
std_score: 0.012794884853065014
percentiles: 2%=0.7229307889938354, 5%=0.726962149143219, 10%=0.7316020727157593, 25%=0.7399232387542725, 50%=0.7473193407058716, 75%=0.7568513751029968, 90%=0.7653599977493286, 95%=0.7692630887031555, 98%=0.7737829089164734
ranking_best_algo: Tabu
ranking_best_score: 0.7470791764843752
ranking_my_rank: 1/504 (100.0%)
ranking_my_percent: 100.0
