ConfigName: kjsd__advperagentrankweighted__M3__L30__eps0p007__g0p001__ds0p2__dm0p2
Problem: QUBO
Kernel: jsd
Advantage: peragentrankweighted
M: 3
lambda: 30
epsilon_svgd: 0.007
gamma: 0.001
decay_start_ratio: 0.2
decay_min_factor: 0.2
bandwith_kernel: None
no_interact: False
avg_score: -412.760009765625
median_score: -413.5
std_score: 26.781007766723633
percentiles: 2%=-455.44000244140625, 5%=-450.1000061035156, 10%=-446.1000061035156, 25%=-432.0, 50%=-413.5, 75%=-396.0, 90%=-382.5, 95%=-365.8999938964844, 98%=-359.79998779296875
ranking_best_algo: Tabu
ranking_best_score: 438.12
ranking_my_rank: 65/504 (87.3%)
ranking_my_percent: 87.3015873015873
