ConfigName: krbf__advnormalizedfitness__M2__L8__eps0p033__g0p007__ds0p3__dm0p01
Problem: QUBO
Kernel: rbf
Advantage: normalizedfitness
M: 2
lambda: 8
epsilon_svgd: 0.033
gamma: 0.007
decay_start_ratio: 0.3
decay_min_factor: 0.01
bandwith_kernel: None
no_interact: False
avg_score: -927.1799926757812
median_score: -922.0
std_score: 70.15032196044922
percentiles: 2%=-1076.0400390625, 5%=-1072.0999755859375, 10%=-1042.199951171875, 25%=-958.25, 50%=-922.0, 75%=-876.5, 90%=-844.9000244140625, 95%=-835.0, 98%=-816.3200073242188
ranking_best_algo: CMApara
ranking_best_score: 964.9
ranking_my_rank: 21/504 (96.0%)
ranking_my_percent: 96.03174603174604
