ConfigName: krbf__advnormalizedfitness__M3__L8__eps0p025__g0p01__ds0p01__dm0p01
Problem: NK
Kernel: rbf
Advantage: normalizedfitness
M: 3
lambda: 8
epsilon_svgd: 0.025
gamma: 0.01
decay_start_ratio: 0.01
decay_min_factor: 0.01
bandwith_kernel: None
no_interact: False
avg_score: 0.7378135919570923
median_score: 0.7391534447669983
std_score: 0.008799568749964237
percentiles: 2%=0.7184696197509766, 5%=0.7225581407546997, 10%=0.7256551384925842, 25%=0.7316792011260986, 50%=0.7391534447669983, 75%=0.7432208061218262, 90%=0.7484831213951111, 95%=0.7519177794456482, 98%=0.7535704374313354
ranking_best_algo: PBIL
ranking_best_score: 0.730509098125
ranking_my_rank: 1/504 (100.0%)
ranking_my_percent: 100.0
