ConfigName: kjsd__advperagentrankweighted__M6__L20__eps0p005__g0p0005__ds0p1__dm0p2
Problem: QUBO
Kernel: jsd
Advantage: peragentrankweighted
M: 6
lambda: 20
epsilon_svgd: 0.005
gamma: 0.0005
decay_start_ratio: 0.1
decay_min_factor: 0.2
bandwith_kernel: None
no_interact: False
avg_score: -2398.219970703125
median_score: -2391.5
std_score: 151.86819458007812
percentiles: 2%=-2649.179931640625, 5%=-2627.0, 10%=-2603.300048828125, 25%=-2518.75, 50%=-2391.5, 75%=-2281.75, 90%=-2185.800048828125, 95%=-2153.14990234375, 98%=-2120.820068359375
ranking_best_algo: DiscreteLengler2OnePlusOne
ranking_best_score: 2617.04
ranking_my_rank: 133/504 (73.8%)
ranking_my_percent: 73.80952380952381
