ConfigName: kjsd__advperagentrankweighted__M3__L16__eps0p01__g0p001__ds0p05__dm0p2
Problem: QUBO
Kernel: jsd
Advantage: peragentrankweighted
M: 3
lambda: 16
epsilon_svgd: 0.01
gamma: 0.001
decay_start_ratio: 0.05
decay_min_factor: 0.2
bandwith_kernel: None
no_interact: False
avg_score: -308.2799987792969
median_score: -306.0
std_score: 38.32233810424805
percentiles: 2%=-398.0, 5%=-392.20001220703125, 10%=-352.3999938964844, 25%=-330.0, 50%=-306.0, 75%=-276.75, 90%=-265.79998779296875, 95%=-257.95001220703125, 98%=-253.9600067138672
ranking_best_algo: CMApara
ranking_best_score: 319.29999999999995
ranking_my_rank: 90/504 (82.3%)
ranking_my_percent: 82.34126984126983
