ConfigName: krbf__advnormalizedfitness__M4__L8__eps0p015__g0p015__ds0p3__dm0p3
Problem: QUBO
Kernel: rbf
Advantage: normalizedfitness
M: 4
lambda: 8
epsilon_svgd: 0.015
gamma: 0.015
decay_start_ratio: 0.3
decay_min_factor: 0.3
bandwith_kernel: None
no_interact: False
avg_score: -571.4199829101562
median_score: -563.5
std_score: 65.64299774169922
percentiles: 2%=-717.1599731445312, 5%=-689.7000122070312, 10%=-661.2000122070312, 25%=-608.25, 50%=-563.5, 75%=-525.75, 90%=-500.4000244140625, 95%=-472.9000244140625, 98%=-456.7199401855469
ranking_best_algo: BigLognormalDiscreteOnePlusOne
ranking_best_score: 1301.3600000000004
ranking_my_rank: 385/504 (23.8%)
ranking_my_percent: 23.80952380952381
