ConfigName: kjsd__advperagentrankweighted__M3__L18__eps0p007__g0p003__ds0p05__dm0p2
Problem: QUBO
Kernel: jsd
Advantage: peragentrankweighted
M: 3
lambda: 18
epsilon_svgd: 0.007
gamma: 0.003
decay_start_ratio: 0.05
decay_min_factor: 0.2
bandwith_kernel: None
no_interact: False
avg_score: -876.9000244140625
median_score: -882.5
std_score: 66.1411361694336
percentiles: 2%=-1004.0399780273438, 5%=-977.0999755859375, 10%=-959.2000122070312, 25%=-922.5, 50%=-882.5, 75%=-827.75, 90%=-782.7999877929688, 95%=-765.75, 98%=-742.8800048828125
ranking_best_algo: CMAL3
ranking_best_score: 928.5800000000002
ranking_my_rank: 129/504 (74.6%)
ranking_my_percent: 74.60317460317461
