ConfigName: krbf__advnormalizedfitness__M4__L12__eps0p015__g0p005__ds0p15__dm0p3
Problem: NK
Kernel: rbf
Advantage: normalizedfitness
M: 4
lambda: 12
epsilon_svgd: 0.015
gamma: 0.005
decay_start_ratio: 0.15
decay_min_factor: 0.3
bandwith_kernel: None
no_interact: False
avg_score: 0.7282557487487793
median_score: 0.7297041416168213
std_score: 0.010611255653202534
percentiles: 2%=0.7051328420639038, 5%=0.7097260355949402, 10%=0.7134048938751221, 25%=0.7210286855697632, 50%=0.7297041416168213, 75%=0.7361637353897095, 90%=0.7413498163223267, 95%=0.7443041801452637, 98%=0.7449197769165039
ranking_best_algo: PBIL
ranking_best_score: 0.730509098125
ranking_my_rank: 6/504 (99.0%)
ranking_my_percent: 99.0079365079365
