ConfigName: krbf__advnormalizedfitness__M4__L8__eps0p02__g0p005__ds0p15__dm0p05
Problem: QUBO
Kernel: rbf
Advantage: normalizedfitness
M: 4
lambda: 8
epsilon_svgd: 0.02
gamma: 0.005
decay_start_ratio: 0.15
decay_min_factor: 0.05
bandwith_kernel: None
no_interact: False
avg_score: -1177.1600341796875
median_score: -1177.0
std_score: 56.66598892211914
percentiles: 2%=-1282.1199951171875, 5%=-1279.0, 10%=-1253.0999755859375, 25%=-1211.0, 50%=-1177.0, 75%=-1133.75, 90%=-1113.5999755859375, 95%=-1101.75, 98%=-1085.8199462890625
ranking_best_algo: Tabu
ranking_best_score: 1216.16
ranking_my_rank: 82/504 (83.9%)
ranking_my_percent: 83.92857142857143
