ConfigName: krbf__advglobalrankweighted__M4__L11__eps0p02__g0p005__ds0p01__dm0p01
Problem: QUBO
Kernel: rbf
Advantage: globalrankweighted
M: 4
lambda: 11
epsilon_svgd: 0.02
gamma: 0.005
decay_start_ratio: 0.01
decay_min_factor: 0.01
bandwith_kernel: None
no_interact: False
avg_score: -427.739990234375
median_score: -427.5
std_score: 28.291561126708984
percentiles: 2%=-479.0799865722656, 5%=-475.1000061035156, 10%=-465.3999938964844, 25%=-447.25, 50%=-427.5, 75%=-409.75, 90%=-390.8999938964844, 95%=-385.0, 98%=-365.91998291015625
ranking_best_algo: CMAL3
ranking_best_score: 435.36
ranking_my_rank: 18/504 (96.6%)
ranking_my_percent: 96.62698412698413
