ConfigName: krbf__advnormalizedfitness__M3__L15__eps0p033__g0p005__ds0p3__dm0p01
Problem: QUBO
Kernel: rbf
Advantage: normalizedfitness
M: 3
lambda: 15
epsilon_svgd: 0.033
gamma: 0.005
decay_start_ratio: 0.3
decay_min_factor: 0.01
bandwith_kernel: None
no_interact: False
avg_score: -200.1199951171875
median_score: -200.0
std_score: 12.93002700805664
percentiles: 2%=-224.0, 5%=-224.0, 10%=-218.10000610351562, 25%=-209.25, 50%=-200.0, 75%=-191.75, 90%=-183.89999389648438, 95%=-177.95001220703125, 98%=-175.0
ranking_best_algo: Tabu
ranking_best_score: 208.36000000000004
ranking_my_rank: 52/504 (89.9%)
ranking_my_percent: 89.88095238095238
