ConfigName: kjsd__advperagentrankweighted__M3__L20__eps0p007__g0p003__ds0p2__dm0p1
Problem: QUBO
Kernel: jsd
Advantage: peragentrankweighted
M: 3
lambda: 20
epsilon_svgd: 0.007
gamma: 0.003
decay_start_ratio: 0.2
decay_min_factor: 0.1
bandwith_kernel: None
no_interact: False
avg_score: -308.79998779296875
median_score: -309.0
std_score: 37.87664031982422
percentiles: 2%=-394.0400085449219, 5%=-378.1000061035156, 10%=-355.6000061035156, 25%=-332.0, 50%=-309.0, 75%=-275.5, 90%=-264.0, 95%=-258.8500061035156, 98%=-254.82000732421875
ranking_best_algo: CMApara
ranking_best_score: 319.29999999999995
ranking_my_rank: 87/504 (82.9%)
ranking_my_percent: 82.93650793650794
