ConfigName: krbf__advnormalizedfitness__M4__L10__eps0p025__g0p005__ds0p01__dm0p3
Problem: QUBO
Kernel: rbf
Advantage: normalizedfitness
M: 4
lambda: 10
epsilon_svgd: 0.025
gamma: 0.005
decay_start_ratio: 0.01
decay_min_factor: 0.3
bandwith_kernel: None
no_interact: False
avg_score: -898.1400146484375
median_score: -897.5
std_score: 63.999691009521484
percentiles: 2%=-1044.199951171875, 5%=-1019.4500122070312, 10%=-973.7999877929688, 25%=-935.0, 50%=-897.5, 75%=-858.0, 90%=-813.7999877929688, 95%=-790.6000366210938, 98%=-774.9400024414062
ranking_best_algo: CMAL3
ranking_best_score: 928.5800000000002
ranking_my_rank: 75/504 (85.3%)
ranking_my_percent: 85.31746031746032
