ConfigName: kjsd__advperagentrankweighted__M4__L24__eps0p005__g0p0003__ds0p4__dm0p05
Problem: QUBO
Kernel: jsd
Advantage: peragentrankweighted
M: 4
lambda: 24
epsilon_svgd: 0.005
gamma: 0.0003
decay_start_ratio: 0.4
decay_min_factor: 0.05
bandwith_kernel: None
no_interact: False
avg_score: -1303.800048828125
median_score: -1309.5
std_score: 56.92960739135742
percentiles: 2%=-1406.3399658203125, 5%=-1382.75, 10%=-1377.0, 25%=-1344.25, 50%=-1309.5, 75%=-1260.75, 90%=-1228.699951171875, 95%=-1216.8499755859375, 98%=-1210.3199462890625
ranking_best_algo: BigLognormalDiscreteOnePlusOne
ranking_best_score: 1301.3600000000004
ranking_my_rank: 1/504 (100.0%)
ranking_my_percent: 100.0
