ConfigName: krbf__advnormalizedfitness__M4__L15__eps0p03__g0p01__ds0p15__dm0p05
Problem: QUBO
Kernel: rbf
Advantage: normalizedfitness
M: 4
lambda: 15
epsilon_svgd: 0.03
gamma: 0.01
decay_start_ratio: 0.15
decay_min_factor: 0.05
bandwith_kernel: None
no_interact: False
avg_score: -430.5400085449219
median_score: -436.0
std_score: 31.654830932617188
percentiles: 2%=-490.0400085449219, 5%=-479.20001220703125, 10%=-467.0, 25%=-453.25, 50%=-436.0, 75%=-407.75, 90%=-391.0, 95%=-382.5, 98%=-361.94000244140625
ranking_best_algo: CMApara
ranking_best_score: 453.82
ranking_my_rank: 87/504 (82.9%)
ranking_my_percent: 82.93650793650794
