ConfigName: krbf__advnormalizedfitness__M2__L8__eps0p033__g0p015__ds0p01__dm0p3
Problem: QUBO
Kernel: rbf
Advantage: normalizedfitness
M: 2
lambda: 8
epsilon_svgd: 0.033
gamma: 0.015
decay_start_ratio: 0.01
decay_min_factor: 0.3
bandwith_kernel: None
no_interact: False
avg_score: -425.239990234375
median_score: -429.0
std_score: 27.287769317626953
percentiles: 2%=-477.0, 5%=-473.1000061035156, 10%=-457.20001220703125, 25%=-441.0, 50%=-429.0, 75%=-410.0, 90%=-386.79998779296875, 95%=-377.0, 98%=-373.55999755859375
ranking_best_algo: CMAL3
ranking_best_score: 435.36
ranking_my_rank: 29/504 (94.4%)
ranking_my_percent: 94.44444444444444
