ConfigName: krbf__advnormalizedfitness__M4__L8__eps0p033__g0p005__ds0p15__dm0p01
Problem: QUBO
Kernel: rbf
Advantage: normalizedfitness
M: 4
lambda: 8
epsilon_svgd: 0.033
gamma: 0.005
decay_start_ratio: 0.15
decay_min_factor: 0.01
bandwith_kernel: None
no_interact: False
avg_score: -200.0399932861328
median_score: -201.5
std_score: 13.341604232788086
percentiles: 2%=-224.0, 5%=-222.0, 10%=-217.10000610351562, 25%=-209.0, 50%=-201.5, 75%=-192.0, 90%=-181.8000030517578, 95%=-176.90000915527344, 98%=-171.97999572753906
ranking_best_algo: Tabu
ranking_best_score: 208.36000000000004
ranking_my_rank: 54/504 (89.5%)
ranking_my_percent: 89.48412698412699
