ConfigName: kjsd__advperagentrankweighted__M3__L18__eps0p005__g0p0005__ds0p05__dm0p05
Problem: QUBO
Kernel: jsd
Advantage: peragentrankweighted
M: 3
lambda: 18
epsilon_svgd: 0.005
gamma: 0.0005
decay_start_ratio: 0.05
decay_min_factor: 0.05
bandwith_kernel: None
no_interact: False
avg_score: -913.0399780273438
median_score: -917.0
std_score: 59.89639663696289
percentiles: 2%=-1034.1600341796875, 5%=-1016.0, 10%=-991.2000122070312, 25%=-951.5, 50%=-917.0, 75%=-861.75, 90%=-834.7000122070312, 95%=-825.8499755859375, 98%=-820.9000244140625
ranking_best_algo: CMAL3
ranking_best_score: 928.5800000000002
ranking_my_rank: 19/504 (96.4%)
ranking_my_percent: 96.42857142857143
