ConfigName: krbf__advnormalizedfitness__M3__L15__eps0p033__g0p015__ds0p3__dm0p3
Problem: QUBO
Kernel: rbf
Advantage: normalizedfitness
M: 3
lambda: 15
epsilon_svgd: 0.033
gamma: 0.015
decay_start_ratio: 0.3
decay_min_factor: 0.3
bandwith_kernel: None
no_interact: False
avg_score: -197.9600067138672
median_score: -198.5
std_score: 12.378950119018555
percentiles: 2%=-224.0, 5%=-220.0500030517578, 10%=-213.0, 25%=-205.0, 50%=-198.5, 75%=-189.75, 90%=-182.89999389648438, 95%=-177.85000610351562, 98%=-167.97999572753906
ranking_best_algo: Tabu
ranking_best_score: 208.36000000000004
ranking_my_rank: 106/504 (79.2%)
ranking_my_percent: 79.16666666666667
