ConfigName: krbf__advnormalizedfitness__M4__L15__eps0p015__g0p007__ds0p01__dm0p3
Problem: QUBO
Kernel: rbf
Advantage: normalizedfitness
M: 4
lambda: 15
epsilon_svgd: 0.015
gamma: 0.007
decay_start_ratio: 0.01
decay_min_factor: 0.3
bandwith_kernel: None
no_interact: False
avg_score: -361.1000061035156
median_score: -362.0
std_score: 34.04511642456055
percentiles: 2%=-428.20001220703125, 5%=-414.04998779296875, 10%=-400.29998779296875, 25%=-385.25, 50%=-362.0, 75%=-337.0, 90%=-312.70001220703125, 95%=-302.95001220703125, 98%=-295.8799743652344
ranking_best_algo: CMApara
ranking_best_score: 453.82
ranking_my_rank: 328/504 (35.1%)
ranking_my_percent: 35.11904761904762
