ConfigName: kjsd__advperagentrankweighted__M6__L8__eps0p03__g0p0007__ds0p05__dm0p05
Problem: QUBO
Kernel: jsd
Advantage: peragentrankweighted
M: 6
lambda: 8
epsilon_svgd: 0.03
gamma: 0.0007
decay_start_ratio: 0.05
decay_min_factor: 0.05
bandwith_kernel: None
no_interact: False
avg_score: -1187.02001953125
median_score: -1182.0
std_score: 57.56022262573242
percentiles: 2%=-1317.239990234375, 5%=-1299.0999755859375, 10%=-1264.4000244140625, 25%=-1215.5, 50%=-1182.0, 75%=-1149.75, 90%=-1114.9000244140625, 95%=-1101.3499755859375, 98%=-1085.0
ranking_best_algo: Tabu
ranking_best_score: 1216.16
ranking_my_rank: 64/504 (87.5%)
ranking_my_percent: 87.5
