ConfigName: kfr__advglobalrankweighted__M1__L9__eps0p02__g0p005__ds0p01__dm0p01
Problem: QUBO
Kernel: fr
Advantage: globalrankweighted
M: 1
lambda: 9
epsilon_svgd: 0.02
gamma: 0.005
decay_start_ratio: 0.01
decay_min_factor: 0.01
bandwith_kernel: None
no_interact: False
avg_score: -139.5399932861328
median_score: -141.0
std_score: 15.686567306518555
percentiles: 2%=-179.0, 5%=-164.0, 10%=-160.0, 25%=-149.25, 50%=-141.0, 75%=-130.5, 90%=-115.9000015258789, 95%=-114.0, 98%=-111.0
ranking_best_algo: CMApara
ranking_best_score: 154.28
ranking_my_rank: 315/504 (37.7%)
ranking_my_percent: 37.698412698412696
