ConfigName: krbf__advnormalizedfitness__M4__L8__eps0p033__g0p005__ds0p01__dm0p3
Problem: NK
Kernel: rbf
Advantage: normalizedfitness
M: 4
lambda: 8
epsilon_svgd: 0.033
gamma: 0.005
decay_start_ratio: 0.01
decay_min_factor: 0.3
bandwith_kernel: None
no_interact: False
avg_score: 0.7272374629974365
median_score: 0.7273515462875366
std_score: 0.009568962268531322
percentiles: 2%=0.7104735374450684, 5%=0.7137261033058167, 10%=0.7163144946098328, 25%=0.7200730443000793, 50%=0.7273515462875366, 75%=0.7329767346382141, 90%=0.7399782538414001, 95%=0.7425567507743835, 98%=0.7476750016212463
ranking_best_algo: Tabu
ranking_best_score: 0.7429702712499999
ranking_my_rank: 2/504 (99.8%)
ranking_my_percent: 99.8015873015873
