ConfigName: kjsd__advperagentrankweighted__M5__L8__eps0p005__g0p003__ds0p2__dm0p05
Problem: QUBO
Kernel: jsd
Advantage: peragentrankweighted
M: 5
lambda: 8
epsilon_svgd: 0.005
gamma: 0.003
decay_start_ratio: 0.2
decay_min_factor: 0.05
bandwith_kernel: None
no_interact: False
avg_score: -1138.06005859375
median_score: -1140.0
std_score: 78.883056640625
percentiles: 2%=-1322.5799560546875, 5%=-1248.3499755859375, 10%=-1229.300048828125, 25%=-1185.5, 50%=-1140.0, 75%=-1080.0, 90%=-1033.0, 95%=-1021.5499877929688, 98%=-988.3400268554688
ranking_best_algo: Tabu
ranking_best_score: 1216.16
ranking_my_rank: 153/504 (69.8%)
ranking_my_percent: 69.84126984126983
