ConfigName: krbf__advnormalizedfitness__M3__L10__eps0p025__g0p007__ds0p01__dm0p3
Problem: QUBO
Kernel: rbf
Advantage: normalizedfitness
M: 3
lambda: 10
epsilon_svgd: 0.025
gamma: 0.007
decay_start_ratio: 0.01
decay_min_factor: 0.3
bandwith_kernel: None
no_interact: False
avg_score: -331.5
median_score: -335.5
std_score: 21.638622283935547
percentiles: 2%=-372.0, 5%=-357.0, 10%=-354.0, 25%=-346.0, 50%=-335.5, 75%=-322.0, 90%=-304.5, 95%=-291.9000244140625, 98%=-275.9599914550781
ranking_best_algo: CMApara
ranking_best_score: 344.22
ranking_my_rank: 76/504 (85.1%)
ranking_my_percent: 85.11904761904762
