ConfigName: krbf__advnormalizedfitness__M4__L8__eps0p03__g0p005__ds0p05__dm0p05
Problem: NK
Kernel: rbf
Advantage: normalizedfitness
M: 4
lambda: 8
epsilon_svgd: 0.03
gamma: 0.005
decay_start_ratio: 0.05
decay_min_factor: 0.05
bandwith_kernel: None
no_interact: False
avg_score: 0.742734968662262
median_score: 0.7427362203598022
std_score: 0.010958276689052582
percentiles: 2%=0.7234031558036804, 5%=0.7269757390022278, 10%=0.7290732860565186, 25%=0.7342132925987244, 50%=0.7427362203598022, 75%=0.7495800852775574, 90%=0.7574021220207214, 95%=0.7608994245529175, 98%=0.7659664750099182
ranking_best_algo: PBIL
ranking_best_score: 0.733570253046875
ranking_my_rank: 1/504 (100.0%)
ranking_my_percent: 100.0
