ConfigName: kjsd__advperagentrankweighted__M4__L12__eps0p02__g0p0007__ds0p05__dm0p05
Problem: QUBO
Kernel: jsd
Advantage: peragentrankweighted
M: 4
lambda: 12
epsilon_svgd: 0.02
gamma: 0.0007
decay_start_ratio: 0.05
decay_min_factor: 0.05
bandwith_kernel: None
no_interact: False
avg_score: -906.9600219726562
median_score: -905.0
std_score: 60.779422760009766
percentiles: 2%=-1031.260009765625, 5%=-1013.0499877929688, 10%=-985.4000244140625, 25%=-949.5, 50%=-905.0, 75%=-861.5, 90%=-831.5999755859375, 95%=-808.9000244140625, 98%=-795.8200073242188
ranking_best_algo: CMAL3
ranking_best_score: 928.5800000000002
ranking_my_rank: 56/504 (89.1%)
ranking_my_percent: 89.08730158730158
