ConfigName: kjsd__advperagentrankweighted__M3__L18__eps0p007__g0p003__ds0p2__dm0p1
Problem: QUBO
Kernel: jsd
Advantage: peragentrankweighted
M: 3
lambda: 18
epsilon_svgd: 0.007
gamma: 0.003
decay_start_ratio: 0.2
decay_min_factor: 0.1
bandwith_kernel: None
no_interact: False
avg_score: -423.2200012207031
median_score: -424.0
std_score: 27.288671493530273
percentiles: 2%=-475.1600036621094, 5%=-465.20001220703125, 10%=-455.6000061035156, 25%=-442.5, 50%=-424.0, 75%=-406.25, 90%=-387.0, 95%=-381.8500061035156, 98%=-367.9599914550781
ranking_best_algo: CMAL3
ranking_best_score: 435.36
ranking_my_rank: 33/504 (93.7%)
ranking_my_percent: 93.65079365079364
