ConfigName: krbf__advnormalizedfitness__M1__L10__eps0p015__g0p015__ds0p15__dm0p01
Problem: NK
Kernel: rbf
Advantage: normalizedfitness
M: 1
lambda: 10
epsilon_svgd: 0.015
gamma: 0.015
decay_start_ratio: 0.15
decay_min_factor: 0.01
bandwith_kernel: None
no_interact: False
avg_score: 0.7348251342773438
median_score: 0.7365982532501221
std_score: 0.008472535759210587
percentiles: 2%=0.7175825238227844, 5%=0.7198077440261841, 10%=0.7219297289848328, 25%=0.7296697497367859, 50%=0.7365982532501221, 75%=0.7409359812736511, 90%=0.7447195053100586, 95%=0.7458084225654602, 98%=0.7475963830947876
ranking_best_algo: PBIL
ranking_best_score: 0.730509098125
ranking_my_rank: 1/504 (100.0%)
ranking_my_percent: 100.0
