ConfigName: kjsd__advperagentrankweighted__M3__L24__eps0p005__g0p0005__ds0p05__dm0p05
Problem: QUBO
Kernel: jsd
Advantage: peragentrankweighted
M: 3
lambda: 24
epsilon_svgd: 0.005
gamma: 0.0005
decay_start_ratio: 0.05
decay_min_factor: 0.05
bandwith_kernel: None
no_interact: False
avg_score: -308.4800109863281
median_score: -311.0
std_score: 40.12043762207031
percentiles: 2%=-396.0400085449219, 5%=-386.20001220703125, 10%=-359.20001220703125, 25%=-332.0, 50%=-311.0, 75%=-274.75, 90%=-261.8999938964844, 95%=-252.0, 98%=-235.83999633789062
ranking_best_algo: CMApara
ranking_best_score: 319.29999999999995
ranking_my_rank: 88/504 (82.7%)
ranking_my_percent: 82.73809523809524
