ConfigName: kjsd__advperagentrankweighted__M3__L24__eps0p007__g0p0005__ds0p2__dm0p1
Problem: NK
Kernel: jsd
Advantage: peragentrankweighted
M: 3
lambda: 24
epsilon_svgd: 0.007
gamma: 0.0005
decay_start_ratio: 0.2
decay_min_factor: 0.1
bandwith_kernel: None
no_interact: False
avg_score: 0.7071670293807983
median_score: 0.7088276147842407
std_score: 0.011803979985415936
percentiles: 2%=0.687381386756897, 5%=0.6892534494400024, 10%=0.6906208395957947, 25%=0.6963266134262085, 50%=0.7088276147842407, 75%=0.7183599472045898, 90%=0.7215509414672852, 95%=0.7222398519515991, 98%=0.72281414270401
ranking_best_algo: PBIL
ranking_best_score: 0.7013553837109374
ranking_my_rank: 1/504 (100.0%)
ranking_my_percent: 100.0
