ConfigName: krbf__advnormalizedfitness__M4__L12__eps0p033__g0p01__ds0p3__dm0p01
Problem: QUBO
Kernel: rbf
Advantage: normalizedfitness
M: 4
lambda: 12
epsilon_svgd: 0.033
gamma: 0.01
decay_start_ratio: 0.3
decay_min_factor: 0.01
bandwith_kernel: None
no_interact: False
avg_score: -1382.699951171875
median_score: -1387.5
std_score: 112.73566436767578
percentiles: 2%=-1611.3199462890625, 5%=-1587.699951171875, 10%=-1507.0999755859375, 25%=-1463.5, 50%=-1387.5, 75%=-1305.5, 90%=-1238.800048828125, 95%=-1190.300048828125, 98%=-1167.4598388671875
ranking_best_algo: NLOPT_LN_PRAXIS
ranking_best_score: 1607.12
ranking_my_rank: 158/504 (68.8%)
ranking_my_percent: 68.84920634920636
