ConfigName: kjsd__advperagentrankweighted__M5__L24__eps0p03__g0p0007__ds0p05__dm0p05
Problem: QUBO
Kernel: jsd
Advantage: peragentrankweighted
M: 5
lambda: 24
epsilon_svgd: 0.03
gamma: 0.0007
decay_start_ratio: 0.05
decay_min_factor: 0.05
bandwith_kernel: None
no_interact: False
avg_score: -417.2200012207031
median_score: -418.0
std_score: 27.627368927001953
percentiles: 2%=-473.0799865722656, 5%=-469.0, 10%=-452.0, 25%=-432.0, 50%=-418.0, 75%=-396.0, 90%=-381.79998779296875, 95%=-375.8999938964844, 98%=-364.0
ranking_best_algo: Tabu
ranking_best_score: 438.12
ranking_my_rank: 41/504 (92.1%)
ranking_my_percent: 92.06349206349206
