ConfigName: kjsd__advperagentrankweighted__M3__L20__eps0p005__g0p0005__ds0p2__dm0p2
Problem: NK
Kernel: jsd
Advantage: peragentrankweighted
M: 3
lambda: 20
epsilon_svgd: 0.005
gamma: 0.0005
decay_start_ratio: 0.2
decay_min_factor: 0.2
bandwith_kernel: None
no_interact: False
avg_score: 0.743379533290863
median_score: 0.7415618896484375
std_score: 0.027861926704645157
percentiles: 2%=0.7016580700874329, 5%=0.7052069306373596, 10%=0.710861325263977, 25%=0.7227555513381958, 50%=0.7415618896484375, 75%=0.7578222155570984, 90%=0.7766762971878052, 95%=0.8044298887252808, 98%=0.8045783638954163
ranking_best_algo: CMApara
ranking_best_score: 0.7459277895312499
ranking_my_rank: 12/504 (97.8%)
ranking_my_percent: 97.81746031746032
