ConfigName: kfr__advglobalrankweighted__M4__L10__eps0p015__g0p005__ds0p01__dm0p01
Problem: QUBO
Kernel: fr
Advantage: globalrankweighted
M: 4
lambda: 10
epsilon_svgd: 0.015
gamma: 0.005
decay_start_ratio: 0.01
decay_min_factor: 0.01
bandwith_kernel: None
no_interact: False
avg_score: -425.8399963378906
median_score: -426.0
std_score: 29.841821670532227
percentiles: 2%=-483.0, 5%=-477.0, 10%=-462.0, 25%=-446.25, 50%=-426.0, 75%=-410.75, 90%=-380.5, 95%=-370.95001220703125, 98%=-361.9599914550781
ranking_best_algo: CMAL3
ranking_best_score: 435.36
ranking_my_rank: 24/504 (95.4%)
ranking_my_percent: 95.43650793650794
