ConfigName: kjsd__advperagentrankweighted__M5__L10__eps0p03__g0p0007__ds0p2__dm0p05
Problem: NK
Kernel: jsd
Advantage: peragentrankweighted
M: 5
lambda: 10
epsilon_svgd: 0.03
gamma: 0.0007
decay_start_ratio: 0.2
decay_min_factor: 0.05
bandwith_kernel: None
no_interact: False
avg_score: 0.749219536781311
median_score: 0.7466756105422974
std_score: 0.014700189232826233
percentiles: 2%=0.7251924872398376, 5%=0.7288247346878052, 10%=0.7320809364318848, 25%=0.7381922006607056, 50%=0.7466756105422974, 75%=0.7584110498428345, 90%=0.7692577838897705, 95%=0.775860071182251, 98%=0.7795449495315552
ranking_best_algo: Tabu
ranking_best_score: 0.7657846284375001
ranking_my_rank: 30/504 (94.2%)
ranking_my_percent: 94.24603174603175
