ConfigName: krbf__advnormalizedfitness__M4__L15__eps0p033__g0p015__ds0p3__dm0p01
Problem: NK
Kernel: rbf
Advantage: normalizedfitness
M: 4
lambda: 15
epsilon_svgd: 0.033
gamma: 0.015
decay_start_ratio: 0.3
decay_min_factor: 0.01
bandwith_kernel: None
no_interact: False
avg_score: 0.7436566948890686
median_score: 0.7434840202331543
std_score: 0.01697872020304203
percentiles: 2%=0.7116938829421997, 5%=0.7129946351051331, 10%=0.7208841443061829, 25%=0.7316178679466248, 50%=0.7434840202331543, 75%=0.7570843696594238, 90%=0.7654425501823425, 95%=0.7678766250610352, 98%=0.7719606161117554
ranking_best_algo: Tabu
ranking_best_score: 0.7657846284375001
ranking_my_rank: 52/504 (89.9%)
ranking_my_percent: 89.88095238095238
