ConfigName: krbf__advnormalizedfitness__M4__L10__eps0p025__g0p007__ds0p01__dm0p01
Problem: NK
Kernel: rbf
Advantage: normalizedfitness
M: 4
lambda: 10
epsilon_svgd: 0.025
gamma: 0.007
decay_start_ratio: 0.01
decay_min_factor: 0.01
bandwith_kernel: None
no_interact: False
avg_score: 0.7067039608955383
median_score: 0.7070630788803101
std_score: 0.01163220964372158
percentiles: 2%=0.6868554353713989, 5%=0.6890122890472412, 10%=0.6924764513969421, 25%=0.6959542036056519, 50%=0.7070630788803101, 75%=0.7169033288955688, 90%=0.7207677960395813, 95%=0.7235329151153564, 98%=0.7247011065483093
ranking_best_algo: PBIL
ranking_best_score: 0.7013553837109374
ranking_my_rank: 1/504 (100.0%)
ranking_my_percent: 100.0
