ConfigName: kjsd__advperagentrankweighted__M5__L10__eps0p008__g0p0005__ds0p05__dm0p05
Problem: QUBO
Kernel: jsd
Advantage: peragentrankweighted
M: 5
lambda: 10
epsilon_svgd: 0.008
gamma: 0.0005
decay_start_ratio: 0.05
decay_min_factor: 0.05
bandwith_kernel: None
no_interact: False
avg_score: -1195.0999755859375
median_score: -1192.0
std_score: 57.63236999511719
percentiles: 2%=-1347.239990234375, 5%=-1303.199951171875, 10%=-1256.0999755859375, 25%=-1220.25, 50%=-1192.0, 75%=-1159.75, 90%=-1133.5999755859375, 95%=-1111.800048828125, 98%=-1105.3199462890625
ranking_best_algo: Tabu
ranking_best_score: 1216.16
ranking_my_rank: 48/504 (90.7%)
ranking_my_percent: 90.67460317460318
