ConfigName: kjsd__advperagentrankweighted__M3__L24__eps0p007__g0p001__ds0p05__dm0p05
Problem: QUBO
Kernel: jsd
Advantage: peragentrankweighted
M: 3
lambda: 24
epsilon_svgd: 0.007
gamma: 0.001
decay_start_ratio: 0.05
decay_min_factor: 0.05
bandwith_kernel: None
no_interact: False
avg_score: -199.0800018310547
median_score: -201.5
std_score: 13.557049751281738
percentiles: 2%=-224.0, 5%=-222.0, 10%=-217.10000610351562, 25%=-207.5, 50%=-201.5, 75%=-189.75, 90%=-181.0, 95%=-175.9499969482422, 98%=-169.9600067138672
ranking_best_algo: Tabu
ranking_best_score: 208.36000000000004
ranking_my_rank: 86/504 (83.1%)
ranking_my_percent: 83.13492063492063
