ConfigName: kjsd__advperagentrankweighted__M4__L20__eps0p005__g0p001__ds0p2__dm0p1
Problem: QUBO
Kernel: jsd
Advantage: peragentrankweighted
M: 4
lambda: 20
epsilon_svgd: 0.005
gamma: 0.001
decay_start_ratio: 0.2
decay_min_factor: 0.1
bandwith_kernel: None
no_interact: False
avg_score: -896.4600219726562
median_score: -887.0
std_score: 62.72103500366211
percentiles: 2%=-1018.4400024414062, 5%=-1010.0999755859375, 10%=-994.5, 25%=-939.25, 50%=-887.0, 75%=-854.75, 90%=-816.9000244140625, 95%=-809.0, 98%=-784.9199829101562
ranking_best_algo: CMAL3
ranking_best_score: 928.5800000000002
ranking_my_rank: 84/504 (83.5%)
ranking_my_percent: 83.53174603174604
