ConfigName: kjsd__advperagentrankweighted__M3__L18__eps0p005__g0p0007__ds0p1__dm0p1
Problem: QUBO
Kernel: jsd
Advantage: peragentrankweighted
M: 3
lambda: 18
epsilon_svgd: 0.005
gamma: 0.0007
decay_start_ratio: 0.1
decay_min_factor: 0.1
bandwith_kernel: None
no_interact: False
avg_score: -441.8800048828125
median_score: -441.5
std_score: 29.51991844177246
percentiles: 2%=-492.0400085449219, 5%=-489.04998779296875, 10%=-481.20001220703125, 25%=-465.0, 50%=-441.5, 75%=-419.5, 90%=-404.0, 95%=-390.8500061035156, 98%=-380.9800109863281
ranking_best_algo: CMApara
ranking_best_score: 453.82
ranking_my_rank: 10/504 (98.2%)
ranking_my_percent: 98.21428571428571
