ConfigName: kjsd__advperagentrankweighted__M4__L20__eps0p005__g0p0005__ds0p05__dm0p2
Problem: QUBO
Kernel: jsd
Advantage: peragentrankweighted
M: 4
lambda: 20
epsilon_svgd: 0.005
gamma: 0.0005
decay_start_ratio: 0.05
decay_min_factor: 0.2
bandwith_kernel: None
no_interact: False
avg_score: -1219.4200439453125
median_score: -1221.0
std_score: 59.77227020263672
percentiles: 2%=-1337.9200439453125, 5%=-1316.5999755859375, 10%=-1297.0, 25%=-1256.25, 50%=-1221.0, 75%=-1178.5, 90%=-1145.0, 95%=-1128.800048828125, 98%=-1114.8399658203125
ranking_best_algo: SVMMetaModelLogNormal
ranking_best_score: 1233.7999999999997
ranking_my_rank: 40/504 (92.3%)
ranking_my_percent: 92.26190476190476
