ConfigName: krbf__advnormalizedfitness__M1__L8__eps0p025__g0p007__ds0p3__dm0p3
Problem: QUBO
Kernel: rbf
Advantage: normalizedfitness
M: 1
lambda: 8
epsilon_svgd: 0.025
gamma: 0.007
decay_start_ratio: 0.3
decay_min_factor: 0.3
bandwith_kernel: None
no_interact: False
avg_score: -1202.4000244140625
median_score: -1207.0
std_score: 89.69246673583984
percentiles: 2%=-1345.239990234375, 5%=-1319.550048828125, 10%=-1292.0999755859375, 25%=-1254.5, 50%=-1207.0, 75%=-1163.75, 90%=-1125.0, 95%=-1112.7000732421875, 98%=-1076.2791748046875
ranking_best_algo: SVMMetaModelLogNormal
ranking_best_score: 1233.7999999999997
ranking_my_rank: 55/504 (89.3%)
ranking_my_percent: 89.28571428571429
