ConfigName: kjsd__advperagentrankweighted__M4__L20__eps0p005__g0p001__ds0p05__dm0p05
Problem: QUBO
Kernel: jsd
Advantage: peragentrankweighted
M: 4
lambda: 20
epsilon_svgd: 0.005
gamma: 0.001
decay_start_ratio: 0.05
decay_min_factor: 0.05
bandwith_kernel: None
no_interact: False
avg_score: -148.66000366210938
median_score: -146.0
std_score: 12.878058433532715
percentiles: 2%=-179.0, 5%=-179.0, 10%=-164.0, 25%=-155.0, 50%=-146.0, 75%=-141.0, 90%=-136.8000030517578, 95%=-132.64999389648438, 98%=-118.9000015258789
ranking_best_algo: CMApara
ranking_best_score: 154.28
ranking_my_rank: 83/504 (83.7%)
ranking_my_percent: 83.73015873015873
