ConfigName: kjsd__advperagentrankweighted__M4__L12__eps0p02__g0p0003__ds0p05__dm0p05
Problem: NK
Kernel: jsd
Advantage: peragentrankweighted
M: 4
lambda: 12
epsilon_svgd: 0.02
gamma: 0.0003
decay_start_ratio: 0.05
decay_min_factor: 0.05
bandwith_kernel: None
no_interact: False
avg_score: 0.704210102558136
median_score: 0.7039291858673096
std_score: 0.006535833235830069
percentiles: 2%=0.6920205354690552, 5%=0.6926584839820862, 10%=0.6951988339424133, 25%=0.7002456784248352, 50%=0.7039291858673096, 75%=0.7091265916824341, 90%=0.7120575904846191, 95%=0.7137871384620667, 98%=0.7158403992652893
ranking_best_algo: PBIL
ranking_best_score: 0.7170882103515624
ranking_my_rank: 62/504 (87.9%)
ranking_my_percent: 87.89682539682539
