Problem: NK
Kernel: rbf
Advantage: peragentrankweighted
M: 3
lambda: 15
epsilon_svgd: 0.01
gamma: 0.001
bandwith_kernel: None
no_interact: False
avg_score: 0.730153501033783
median_score: 0.7299880981445312
std_score: 0.010625590570271015
percentiles: 2%=0.7091026306152344, 5%=0.714299201965332, 10%=0.716502845287323, 25%=0.722929060459137, 50%=0.7299880981445312, 75%=0.7361263632774353, 90%=0.7452820539474487, 95%=0.7482404112815857, 98%=0.7518951892852783
ranking_best_algo: Tabu
ranking_best_score: 0.7429702712499999
ranking_my_rank: 3/505 (99.6%)
