ConfigName: kjsd__advperagentrankweighted__M4__L10__eps0p01__g0p0003__ds0p2__dm0p05
Problem: NK
Kernel: jsd
Advantage: peragentrankweighted
M: 4
lambda: 10
epsilon_svgd: 0.01
gamma: 0.0003
decay_start_ratio: 0.2
decay_min_factor: 0.05
bandwith_kernel: None
no_interact: False
avg_score: 0.7433969974517822
median_score: 0.744262158870697
std_score: 0.01476268656551838
percentiles: 2%=0.7115271687507629, 5%=0.7176689505577087, 10%=0.7250333428382874, 25%=0.7349649667739868, 50%=0.744262158870697, 75%=0.7533454895019531, 90%=0.7602670192718506, 95%=0.7647327780723572, 98%=0.7761159539222717
ranking_best_algo: Tabu
ranking_best_score: 0.7657846284375001
ranking_my_rank: 59/504 (88.5%)
ranking_my_percent: 88.4920634920635
