ConfigName: krbf__advnormalizedfitness__M3__L10__eps0p033__g0p007__ds0p3__dm0p3
Problem: QUBO
Kernel: rbf
Advantage: normalizedfitness
M: 3
lambda: 10
epsilon_svgd: 0.033
gamma: 0.007
decay_start_ratio: 0.3
decay_min_factor: 0.3
bandwith_kernel: None
no_interact: False
avg_score: -929.1799926757812
median_score: -927.5
std_score: 68.97643280029297
percentiles: 2%=-1060.280029296875, 5%=-1044.199951171875, 10%=-1018.7999877929688, 25%=-982.75, 50%=-927.5, 75%=-879.75, 90%=-842.0, 95%=-816.800048828125, 98%=-802.5599365234375
ranking_best_algo: CMApara
ranking_best_score: 964.9
ranking_my_rank: 20/504 (96.2%)
ranking_my_percent: 96.23015873015873
