ConfigName: krbf__advnormalizedfitness__M4__L8__eps0p033__g0p01__ds0p3__dm0p3
Problem: QUBO
Kernel: rbf
Advantage: normalizedfitness
M: 4
lambda: 8
epsilon_svgd: 0.033
gamma: 0.01
decay_start_ratio: 0.3
decay_min_factor: 0.3
bandwith_kernel: None
no_interact: False
avg_score: -928.760009765625
median_score: -920.0
std_score: 70.4076919555664
percentiles: 2%=-1076.0400390625, 5%=-1056.1500244140625, 10%=-1038.0, 25%=-973.0, 50%=-920.0, 75%=-884.0, 90%=-842.4000244140625, 95%=-824.6000366210938, 98%=-801.0
ranking_best_algo: CMApara
ranking_best_score: 964.9
ranking_my_rank: 21/504 (96.0%)
ranking_my_percent: 96.03174603174604
