ConfigName: krbf__advnormalizedfitness__M3__L15__eps0p025__g0p007__ds0p3__dm0p01
Problem: QUBO
Kernel: rbf
Advantage: normalizedfitness
M: 3
lambda: 15
epsilon_svgd: 0.025
gamma: 0.007
decay_start_ratio: 0.3
decay_min_factor: 0.01
bandwith_kernel: None
no_interact: False
avg_score: -200.86000061035156
median_score: -202.0
std_score: 13.701838493347168
percentiles: 2%=-224.0, 5%=-224.0, 10%=-221.0, 25%=-211.0, 50%=-202.0, 75%=-192.5, 90%=-182.89999389648438, 95%=-178.95001220703125, 98%=-171.97999572753906
ranking_best_algo: Tabu
ranking_best_score: 208.36000000000004
ranking_my_rank: 44/504 (91.5%)
ranking_my_percent: 91.46825396825396
