ConfigName: kjsd__advperagentrankweighted__M3__L16__eps0p005__g0p0007__ds0p2__dm0p05
Problem: QUBO
Kernel: jsd
Advantage: peragentrankweighted
M: 3
lambda: 16
epsilon_svgd: 0.005
gamma: 0.0007
decay_start_ratio: 0.2
decay_min_factor: 0.05
bandwith_kernel: None
no_interact: False
avg_score: -580.8599853515625
median_score: -580.0
std_score: 28.470693588256836
percentiles: 2%=-635.0, 5%=-630.0999755859375, 10%=-621.0, 25%=-599.5, 50%=-580.0, 75%=-563.75, 90%=-548.7000122070312, 95%=-532.6500244140625, 98%=-523.5999755859375
ranking_best_algo: Tabu
ranking_best_score: 588.7199999999999
ranking_my_rank: 37/503 (92.8%)
ranking_my_percent: 92.84294234592446
