ConfigName: krbf__advnormalizedfitness__M5__L15__eps0p025__g0p005__ds0p05__dm0p05
Problem: QUBO
Kernel: rbf
Advantage: normalizedfitness
M: 5
lambda: 15
epsilon_svgd: 0.025
gamma: 0.005
decay_start_ratio: 0.05
decay_min_factor: 0.05
bandwith_kernel: None
no_interact: False
avg_score: -1045.8199462890625
median_score: -1037.0
std_score: 80.8934326171875
percentiles: 2%=-1234.52001953125, 5%=-1209.0, 10%=-1153.5, 25%=-1089.5, 50%=-1037.0, 75%=-977.0, 90%=-952.9000244140625, 95%=-938.8499755859375, 98%=-914.9000244140625
ranking_best_algo: SVMMetaModelLogNormal
ranking_best_score: 1233.7999999999997
ranking_my_rank: 199/504 (60.7%)
ranking_my_percent: 60.714285714285715
