ConfigName: kjsd__advperagentrankweighted__M3__L30__eps0p005__g0p0005__ds0p05__dm0p05
Problem: NK
Kernel: jsd
Advantage: peragentrankweighted
M: 3
lambda: 30
epsilon_svgd: 0.005
gamma: 0.0005
decay_start_ratio: 0.05
decay_min_factor: 0.05
bandwith_kernel: None
no_interact: False
avg_score: 0.7371944189071655
median_score: 0.7373413443565369
std_score: 0.00853681843727827
percentiles: 2%=0.7209672331809998, 5%=0.7220181822776794, 10%=0.7261143922805786, 25%=0.7316420078277588, 50%=0.7373413443565369, 75%=0.7430642247200012, 90%=0.7479193806648254, 95%=0.7506340146064758, 98%=0.7518888711929321
ranking_best_algo: PBIL
ranking_best_score: 0.730509098125
ranking_my_rank: 1/504 (100.0%)
ranking_my_percent: 100.0
