ConfigName: kjsd__advperagentrankweighted__M2__L20__eps0p005__g0p0005__ds0p1__dm0p2
Problem: QUBO
Kernel: jsd
Advantage: peragentrankweighted
M: 2
lambda: 20
epsilon_svgd: 0.005
gamma: 0.0005
decay_start_ratio: 0.1
decay_min_factor: 0.2
bandwith_kernel: None
no_interact: False
avg_score: -418.94000244140625
median_score: -421.5
std_score: 29.394495010375977
percentiles: 2%=-485.0, 5%=-467.20001220703125, 10%=-458.1000061035156, 25%=-435.0, 50%=-421.5, 75%=-398.75, 90%=-384.6000061035156, 95%=-373.8999938964844, 98%=-357.760009765625
ranking_best_algo: CMAL3
ranking_best_score: 435.36
ranking_my_rank: 95/504 (81.3%)
ranking_my_percent: 81.34920634920636
