ConfigName: kjsd__advperagentrankweighted__M3__L18__eps0p007__g0p001__ds0p2__dm0p05
Problem: QUBO
Kernel: jsd
Advantage: peragentrankweighted
M: 3
lambda: 18
epsilon_svgd: 0.007
gamma: 0.001
decay_start_ratio: 0.2
decay_min_factor: 0.05
bandwith_kernel: None
no_interact: False
avg_score: -1195.8599853515625
median_score: -1187.5
std_score: 55.48874282836914
percentiles: 2%=-1321.199951171875, 5%=-1293.0999755859375, 10%=-1262.5999755859375, 25%=-1235.5, 50%=-1187.5, 75%=-1160.75, 90%=-1129.0, 95%=-1114.5, 98%=-1091.93994140625
ranking_best_algo: Tabu
ranking_best_score: 1216.16
ranking_my_rank: 48/504 (90.7%)
ranking_my_percent: 90.67460317460318
