ConfigName: krbf__advnormalizedfitness__M3__L12__eps0p033__g0p015__ds0p01__dm0p3
Problem: QUBO
Kernel: rbf
Advantage: normalizedfitness
M: 3
lambda: 12
epsilon_svgd: 0.033
gamma: 0.015
decay_start_ratio: 0.01
decay_min_factor: 0.3
bandwith_kernel: None
no_interact: False
avg_score: -555.2000122070312
median_score: -557.0
std_score: 35.22271728515625
percentiles: 2%=-622.02001953125, 5%=-607.1500244140625, 10%=-599.0999755859375, 25%=-581.25, 50%=-557.0, 75%=-535.5, 90%=-504.79998779296875, 95%=-496.8000183105469, 98%=-490.75994873046875
ranking_best_algo: Tabu
ranking_best_score: 588.7199999999999
ranking_my_rank: 144/503 (71.6%)
ranking_my_percent: 71.57057654075547
