ConfigName: krbf__advnormalizedfitness__M3__L8__eps0p033__g0p015__ds0p3__dm0p3
Problem: NK
Kernel: rbf
Advantage: normalizedfitness
M: 3
lambda: 8
epsilon_svgd: 0.033
gamma: 0.015
decay_start_ratio: 0.3
decay_min_factor: 0.3
bandwith_kernel: None
no_interact: False
avg_score: 0.7548420429229736
median_score: 0.7557967901229858
std_score: 0.012284056283533573
percentiles: 2%=0.7316071391105652, 5%=0.7325433492660522, 10%=0.739183783531189, 25%=0.7472988367080688, 50%=0.7557967901229858, 75%=0.7613269090652466, 90%=0.7717965841293335, 95%=0.7752853035926819, 98%=0.779553234577179
ranking_best_algo: Tabu
ranking_best_score: 0.7657846284375001
ranking_my_rank: 7/504 (98.8%)
ranking_my_percent: 98.80952380952381
