ConfigName: krbf__advnormalizedfitness__M3__L10__eps0p025__g0p01__ds0p3__dm0p3
Problem: QUBO
Kernel: rbf
Advantage: normalizedfitness
M: 3
lambda: 10
epsilon_svgd: 0.025
gamma: 0.01
decay_start_ratio: 0.3
decay_min_factor: 0.3
bandwith_kernel: None
no_interact: False
avg_score: -203.47999572753906
median_score: -203.0
std_score: 11.452929496765137
percentiles: 2%=-224.0, 5%=-224.0, 10%=-221.10000610351562, 25%=-211.0, 50%=-203.0, 75%=-196.0, 90%=-188.0, 95%=-184.0, 98%=-180.97999572753906
ranking_best_algo: Tabu
ranking_best_score: 208.36000000000004
ranking_my_rank: 21/504 (96.0%)
ranking_my_percent: 96.03174603174604
