ConfigName: kjsd__advperagentrankweighted__M3__L30__eps0p005__g0p001__ds0p2__dm0p2
Problem: NK
Kernel: jsd
Advantage: peragentrankweighted
M: 3
lambda: 30
epsilon_svgd: 0.005
gamma: 0.001
decay_start_ratio: 0.2
decay_min_factor: 0.2
bandwith_kernel: None
no_interact: False
avg_score: 0.7366292476654053
median_score: 0.7371464967727661
std_score: 0.016054363921284676
percentiles: 2%=0.7074627876281738, 5%=0.7107352018356323, 10%=0.714769721031189, 25%=0.7247358560562134, 50%=0.7371464967727661, 75%=0.7490058541297913, 90%=0.7574960589408875, 95%=0.7596027255058289, 98%=0.7639289498329163
ranking_best_algo: Tabu
ranking_best_score: 0.7601875690625
ranking_my_rank: 20/504 (96.2%)
ranking_my_percent: 96.23015873015873
