ConfigName: krbf__advnormalizedfitness__M3__L10__eps0p015__g0p01__ds0p01__dm0p3
Problem: QUBO
Kernel: rbf
Advantage: normalizedfitness
M: 3
lambda: 10
epsilon_svgd: 0.015
gamma: 0.01
decay_start_ratio: 0.01
decay_min_factor: 0.3
bandwith_kernel: None
no_interact: False
avg_score: -2347.800048828125
median_score: -2355.0
std_score: 286.5578308105469
percentiles: 2%=-2966.9599609375, 5%=-2826.550048828125, 10%=-2763.800048828125, 25%=-2483.75, 50%=-2355.0, 75%=-2142.5, 90%=-1995.699951171875, 95%=-1947.9000244140625, 98%=-1918.339599609375
ranking_best_algo: RLSOnePlusOne
ranking_best_score: 3316.5199999999995
ranking_my_rank: 276/504 (45.4%)
ranking_my_percent: 45.43650793650794
