ConfigName: krbf__advnormalizedfitness__M1__L8__eps0p033__g0p007__ds0p3__dm0p3
Problem: QUBO
Kernel: rbf
Advantage: normalizedfitness
M: 1
lambda: 8
epsilon_svgd: 0.033
gamma: 0.007
decay_start_ratio: 0.3
decay_min_factor: 0.3
bandwith_kernel: None
no_interact: False
avg_score: -1255.780029296875
median_score: -1264.5
std_score: 85.91840362548828
percentiles: 2%=-1392.0999755859375, 5%=-1389.0, 10%=-1357.800048828125, 25%=-1312.5, 50%=-1264.5, 75%=-1204.5, 90%=-1154.699951171875, 95%=-1140.5, 98%=-1116.27978515625
ranking_best_algo: BigLognormalDiscreteOnePlusOne
ranking_best_score: 1301.3600000000004
ranking_my_rank: 54/504 (89.5%)
ranking_my_percent: 89.48412698412699
