ConfigName: kjsd__advperagentrankweighted__M3__L18__eps0p007__g0p0005__ds0p05__dm0p1
Problem: QUBO
Kernel: jsd
Advantage: peragentrankweighted
M: 3
lambda: 18
epsilon_svgd: 0.007
gamma: 0.0005
decay_start_ratio: 0.05
decay_min_factor: 0.1
bandwith_kernel: None
no_interact: False
avg_score: -1192.800048828125
median_score: -1183.0
std_score: 64.23285675048828
percentiles: 2%=-1357.239990234375, 5%=-1335.5, 10%=-1262.9000244140625, 25%=-1229.25, 50%=-1183.0, 75%=-1149.0, 90%=-1128.800048828125, 95%=-1110.6500244140625, 98%=-1095.6800537109375
ranking_best_algo: Tabu
ranking_best_score: 1216.16
ranking_my_rank: 48/504 (90.7%)
ranking_my_percent: 90.67460317460318
