ConfigName: kfr__advglobalrankweighted__M5__L8__eps0p015__g0p005__ds0p01__dm0p01
Problem: QUBO
Kernel: fr
Advantage: globalrankweighted
M: 5
lambda: 8
epsilon_svgd: 0.015
gamma: 0.005
decay_start_ratio: 0.01
decay_min_factor: 0.01
bandwith_kernel: None
no_interact: False
avg_score: -426.2799987792969
median_score: -422.0
std_score: 26.87157440185547
percentiles: 2%=-479.0400085449219, 5%=-475.0, 10%=-463.20001220703125, 25%=-445.25, 50%=-422.0, 75%=-405.75, 90%=-393.8999938964844, 95%=-387.7500305175781, 98%=-374.97998046875
ranking_best_algo: CMAL3
ranking_best_score: 435.36
ranking_my_rank: 23/504 (95.6%)
ranking_my_percent: 95.63492063492063
