ConfigName: krbf__advnormalizedfitness__M3__L10__eps0p015__g0p01__ds0p15__dm0p01
Problem: QUBO
Kernel: rbf
Advantage: normalizedfitness
M: 3
lambda: 10
epsilon_svgd: 0.015
gamma: 0.01
decay_start_ratio: 0.15
decay_min_factor: 0.01
bandwith_kernel: None
no_interact: False
avg_score: -140.4600067138672
median_score: -143.0
std_score: 10.12266731262207
percentiles: 2%=-158.0, 5%=-158.0, 10%=-155.10000610351562, 25%=-146.25, 50%=-143.0, 75%=-132.0, 90%=-127.0, 95%=-124.90000915527344, 98%=-121.0
ranking_best_algo: DiscreteDE
ranking_best_score: 143.4
ranking_my_rank: 78/504 (84.7%)
ranking_my_percent: 84.72222222222223
