ConfigName: krbf__advnormalizedfitness__M3__L10__eps0p033__g0p015__ds0p01__dm0p01
Problem: NK
Kernel: rbf
Advantage: normalizedfitness
M: 3
lambda: 10
epsilon_svgd: 0.033
gamma: 0.015
decay_start_ratio: 0.01
decay_min_factor: 0.01
bandwith_kernel: None
no_interact: False
avg_score: 0.7205954790115356
median_score: 0.7204491496086121
std_score: 0.01332270447164774
percentiles: 2%=0.6975206732749939, 5%=0.7021029591560364, 10%=0.7049104571342468, 25%=0.7100811004638672, 50%=0.7204491496086121, 75%=0.7277546525001526, 90%=0.7412869930267334, 95%=0.7445541024208069, 98%=0.7469406723976135
ranking_best_algo: Tabu
ranking_best_score: 0.7429702712499999
ranking_my_rank: 13/504 (97.6%)
ranking_my_percent: 97.61904761904762
