ConfigName: kfr__advglobalrankweighted__M1__L7__eps0p02__g0p003__ds0p01__dm0p01
Problem: QUBO
Kernel: fr
Advantage: globalrankweighted
M: 1
lambda: 7
epsilon_svgd: 0.02
gamma: 0.003
decay_start_ratio: 0.01
decay_min_factor: 0.01
bandwith_kernel: None
no_interact: False
avg_score: -135.5399932861328
median_score: -138.0
std_score: 14.134652137756348
percentiles: 2%=-167.0, 5%=-155.0500030517578, 10%=-152.10000610351562, 25%=-145.0, 50%=-138.0, 75%=-125.75, 90%=-117.9000015258789, 95%=-111.0, 98%=-106.95999145507812
ranking_best_algo: CMApara
ranking_best_score: 154.28
ranking_my_rank: 321/504 (36.5%)
ranking_my_percent: 36.507936507936506
