ConfigName: krbf__advnormalizedfitness__M2__L10__eps0p025__g0p005__ds0p01__dm0p01
Problem: QUBO
Kernel: rbf
Advantage: normalizedfitness
M: 2
lambda: 10
epsilon_svgd: 0.025
gamma: 0.005
decay_start_ratio: 0.01
decay_min_factor: 0.01
bandwith_kernel: None
no_interact: False
avg_score: -1283.719970703125
median_score: -1283.5
std_score: 56.703277587890625
percentiles: 2%=-1401.0, 5%=-1374.449951171875, 10%=-1362.0999755859375, 25%=-1319.5, 50%=-1283.5, 75%=-1245.5, 90%=-1209.5, 95%=-1198.800048828125, 98%=-1174.8399658203125
ranking_best_algo: BigLognormalDiscreteOnePlusOne
ranking_best_score: 1301.3600000000004
ranking_my_rank: 5/504 (99.2%)
ranking_my_percent: 99.2063492063492
