ConfigName: kjsd__advperagentrankweighted__M4__L12__eps0p01__g0p0003__ds0p2__dm0p05
Problem: QUBO
Kernel: jsd
Advantage: peragentrankweighted
M: 4
lambda: 12
epsilon_svgd: 0.01
gamma: 0.0003
decay_start_ratio: 0.2
decay_min_factor: 0.05
bandwith_kernel: None
no_interact: False
avg_score: -306.6400146484375
median_score: -307.0
std_score: 40.39889144897461
percentiles: 2%=-398.0400085449219, 5%=-388.0, 10%=-352.6000061035156, 25%=-335.0, 50%=-307.0, 75%=-272.0, 90%=-262.0, 95%=-247.89999389648438, 98%=-238.0
ranking_best_algo: CMApara
ranking_best_score: 319.29999999999995
ranking_my_rank: 112/504 (78.0%)
ranking_my_percent: 77.97619047619048
