ConfigName: krbf__advnormalizedfitness__M2__L6__eps0p01__g0p006__ds0p01__dm0p01
Problem: QUBO
Kernel: rbf
Advantage: normalizedfitness
M: 2
lambda: 6
epsilon_svgd: 0.01
gamma: 0.006
decay_start_ratio: 0.01
decay_min_factor: 0.01
bandwith_kernel: None
no_interact: False
avg_score: -926.0
median_score: -922.0
std_score: 64.8294677734375
percentiles: 2%=-1063.0999755859375, 5%=-1044.0, 10%=-1006.0999755859375, 25%=-970.0, 50%=-922.0, 75%=-876.5, 90%=-850.5999755859375, 95%=-820.800048828125, 98%=-808.8800048828125
ranking_best_algo: CMApara
ranking_best_score: 964.9
ranking_my_rank: 21/504 (96.0%)
ranking_my_percent: 96.03174603174604
