ConfigName: kjsd__advperagentrankweighted__M6__L10__eps0p02__g0p0005__ds0p05__dm0p05
Problem: NK
Kernel: jsd
Advantage: peragentrankweighted
M: 6
lambda: 10
epsilon_svgd: 0.02
gamma: 0.0005
decay_start_ratio: 0.05
decay_min_factor: 0.05
bandwith_kernel: None
no_interact: False
avg_score: 0.7421481609344482
median_score: 0.7381123304367065
std_score: 0.02800091728568077
percentiles: 2%=0.6851142048835754, 5%=0.7075206637382507, 10%=0.7121887803077698, 25%=0.7236044406890869, 50%=0.7381123304367065, 75%=0.7536659836769104, 90%=0.7767379283905029, 95%=0.8044298887252808, 98%=0.8045783638954163
ranking_best_algo: CMApara
ranking_best_score: 0.7459277895312499
ranking_my_rank: 22/504 (95.8%)
ranking_my_percent: 95.83333333333333
