ConfigName: krbf__advnormalizedfitness__M4__L8__eps0p015__g0p01__ds0p01__dm0p01
Problem: QUBO
Kernel: rbf
Advantage: normalizedfitness
M: 4
lambda: 8
epsilon_svgd: 0.015
gamma: 0.01
decay_start_ratio: 0.01
decay_min_factor: 0.01
bandwith_kernel: None
no_interact: False
avg_score: -2765.0
median_score: -2758.5
std_score: 266.05743408203125
percentiles: 2%=-3263.340087890625, 5%=-3223.550048828125, 10%=-3147.10009765625, 25%=-2940.0, 50%=-2758.5, 75%=-2583.0, 90%=-2413.39990234375, 95%=-2383.699951171875, 98%=-2300.8798828125
ranking_best_algo: RLSOnePlusOne
ranking_best_score: 3316.5199999999995
ranking_my_rank: 183/504 (63.9%)
ranking_my_percent: 63.888888888888886
