ConfigName: krbf__advnormalizedfitness__M4__L15__eps0p033__g0p005__ds0p3__dm0p3
Problem: NK
Kernel: rbf
Advantage: normalizedfitness
M: 4
lambda: 15
epsilon_svgd: 0.033
gamma: 0.005
decay_start_ratio: 0.3
decay_min_factor: 0.3
bandwith_kernel: None
no_interact: False
avg_score: 0.7265938520431519
median_score: 0.7280473709106445
std_score: 0.01809587888419628
percentiles: 2%=0.6866642832756042, 5%=0.6937876343727112, 10%=0.7021673321723938, 25%=0.7177956104278564, 50%=0.7280473709106445, 75%=0.7371598482131958, 90%=0.7483442425727844, 95%=0.75319904088974, 98%=0.7599982023239136
ranking_best_algo: Tabu
ranking_best_score: 0.7601875690625
ranking_my_rank: 62/504 (87.9%)
ranking_my_percent: 87.89682539682539
