ConfigName: kfr__advglobalrankweighted__M4__L24__eps0p06__g0p001__ds0p01__dm0p01
Problem: NK
Kernel: fr
Advantage: globalrankweighted
M: 4
lambda: 24
epsilon_svgd: 0.06
gamma: 0.001
decay_start_ratio: 0.01
decay_min_factor: 0.01
bandwith_kernel: None
no_interact: False
avg_score: 0.7439502477645874
median_score: 0.743921160697937
std_score: 0.013355528935790062
percentiles: 2%=0.7214010953903198, 5%=0.7238698601722717, 10%=0.7277252674102783, 25%=0.7335973978042603, 50%=0.743921160697937, 75%=0.7539892196655273, 90%=0.7584503293037415, 95%=0.763661801815033, 98%=0.7738732695579529
ranking_best_algo: Tabu
ranking_best_score: 0.7470791764843752
ranking_my_rank: 3/504 (99.6%)
ranking_my_percent: 99.60317460317461
