ConfigName: kjsd__advperagentrankweighted__M8__L28__eps0p005__g0p0005__ds0p05__dm0p05
Problem: NK
Kernel: jsd
Advantage: peragentrankweighted
M: 8
lambda: 28
epsilon_svgd: 0.005
gamma: 0.0005
decay_start_ratio: 0.05
decay_min_factor: 0.05
bandwith_kernel: None
no_interact: False
avg_score: 0.6633312702178955
median_score: 0.6623588800430298
std_score: 0.01275937631726265
percentiles: 2%=0.638496458530426, 5%=0.6452997922897339, 10%=0.6491142511367798, 25%=0.654861330986023, 50%=0.6623588800430298, 75%=0.6730854511260986, 90%=0.6787515878677368, 95%=0.6831106543540955, 98%=0.6894667148590088
ranking_best_algo: PBIL
ranking_best_score: 0.733570253046875
ranking_my_rank: 271/504 (46.4%)
ranking_my_percent: 46.42857142857143
