ConfigName: krbf__advnormalizedfitness__M3__L8__eps0p033__g0p01__ds0p01__dm0p01
Problem: QUBO
Kernel: rbf
Advantage: normalizedfitness
M: 3
lambda: 8
epsilon_svgd: 0.033
gamma: 0.01
decay_start_ratio: 0.01
decay_min_factor: 0.01
bandwith_kernel: None
no_interact: False
avg_score: -579.8200073242188
median_score: -580.5
std_score: 30.607967376708984
percentiles: 2%=-631.0399780273438, 5%=-628.0499877929688, 10%=-620.2999877929688, 25%=-600.0, 50%=-580.5, 75%=-558.75, 90%=-543.7999877929688, 95%=-528.8500366210938, 98%=-521.9599609375
ranking_best_algo: Tabu
ranking_best_score: 588.7199999999999
ranking_my_rank: 40/503 (92.2%)
ranking_my_percent: 92.2465208747515
