ConfigName: krbf__advnormalizedfitness__M3__L12__eps0p033__g0p015__ds0p01__dm0p01
Problem: QUBO
Kernel: rbf
Advantage: normalizedfitness
M: 3
lambda: 12
epsilon_svgd: 0.033
gamma: 0.015
decay_start_ratio: 0.01
decay_min_factor: 0.01
bandwith_kernel: None
no_interact: False
avg_score: -2432.89990234375
median_score: -2423.0
std_score: 159.8858184814453
percentiles: 2%=-2715.179931640625, 5%=-2684.35009765625, 10%=-2631.0, 25%=-2558.5, 50%=-2423.0, 75%=-2319.5, 90%=-2225.199951171875, 95%=-2175.949951171875, 98%=-2161.39990234375
ranking_best_algo: SVM1MetaModelLogNormal
ranking_best_score: 2605.14
ranking_my_rank: 89/504 (82.5%)
ranking_my_percent: 82.53968253968254
