ConfigName: krbf__advnormalizedfitness__M3__L12__eps0p025__g0p015__ds0p01__dm0p01
Problem: QUBO
Kernel: rbf
Advantage: normalizedfitness
M: 3
lambda: 12
epsilon_svgd: 0.025
gamma: 0.015
decay_start_ratio: 0.01
decay_min_factor: 0.01
bandwith_kernel: None
no_interact: False
avg_score: -201.6999969482422
median_score: -203.0
std_score: 12.046161651611328
percentiles: 2%=-224.0, 5%=-222.10000610351562, 10%=-219.0, 25%=-209.0, 50%=-203.0, 75%=-194.0, 90%=-186.0, 95%=-183.85000610351562, 98%=-171.97999572753906
ranking_best_algo: Tabu
ranking_best_score: 208.36000000000004
ranking_my_rank: 39/504 (92.5%)
ranking_my_percent: 92.46031746031746
