step,best_fitness,avg_hamming,avg_l1,avg_entropy,mean,median,std,2%,5%,10%,25%,50%,75%,90%,95%,98%
60,-139.47999572753906,31.940113067626953,2.521444082260132,44.144582748413086,-139.47999572753906,-135.0,30.2398681640625,-202.27999877929688,-188.10000610351562,-180.10000610351562,-159.25,-135.0,-117.75,-105.80000305175781,-97.90000915527344,-94.0
120,-151.13999938964844,31.878856658935547,3.0845980644226074,44.005531311035156,-151.13999938964844,-147.0,25.521371841430664,-202.27999877929688,-191.25,-185.0,-166.0,-147.0,-132.75,-122.70000457763672,-115.90000915527344,-109.93998718261719
180,-159.89999389648438,31.82368278503418,3.5486819744110107,43.87373638153076,-159.89999389648438,-158.0,23.794748306274414,-216.0800018310547,-196.1999969482422,-188.0,-175.0,-158.0,-142.0,-133.8000030517578,-127.90000915527344,-116.97999572753906
240,-165.6999969482422,31.764577865600586,3.9554476737976074,43.73752689361572,-165.6999969482422,-164.5,23.632816314697266,-220.32000732421875,-202.0,-191.39999389648438,-180.0,-164.5,-147.5,-139.8000030517578,-135.90000915527344,-128.0
300,-169.1199951171875,31.708410263061523,4.324187278747559,43.60470104217529,-169.1199951171875,-166.5,22.26983642578125,-220.32000732421875,-202.0,-196.0,-182.25,-166.5,-152.0,-142.0,-139.90000915527344,-135.95999145507812
360,-170.9199981689453,31.642072677612305,4.681338787078857,43.457204818725586,-170.9199981689453,-170.0,21.882266998291016,-220.32000732421875,-202.4499969482422,-196.3000030517578,-182.25,-170.0,-155.5,-144.0,-140.0,-135.95999145507812
420,-175.239990234375,31.57274627685547,4.995344638824463,43.30860710144043,-175.24000549316406,-175.5,22.108423233032227,-228.16000366210938,-214.10000610351562,-200.1999969482422,-188.0,-175.5,-158.75,-148.0,-144.0,-141.91998291015625
480,-179.37998962402344,31.49660301208496,5.32504940032959,43.14642906188965,-179.3800048828125,-178.0,23.27177619934082,-240.02000427246094,-220.39999389648438,-209.10000610351562,-190.0,-178.0,-162.0,-150.0,-147.90000915527344,-143.95999145507812
540,-183.0800018310547,31.406295776367188,5.610320568084717,42.97416591644287,-183.0800018310547,-180.0,24.069765090942383,-241.33999633789062,-228.39999389648438,-211.3000030517578,-194.25,-180.0,-166.0,-155.8000030517578,-151.90000915527344,-145.91998291015625
600,-185.0,31.309377670288086,5.864231109619141,42.798781394958496,-185.0,-182.0,23.446107864379883,-241.33999633789062,-228.39999389648438,-211.3000030517578,-196.0,-182.0,-172.25,-158.0,-152.0,-149.8399658203125
660,-187.01998901367188,31.195598602294922,6.114168167114258,42.602524757385254,-187.02000427246094,-184.0,23.076385498046875,-244.27999877929688,-236.1999969482422,-214.1999969482422,-196.25,-184.0,-173.0,-161.8000030517578,-156.85000610351562,-152.0
720,-190.6999969482422,31.064193725585938,6.352099418640137,42.385215759277344,-190.6999969482422,-186.5,24.965375900268555,-258.239990234375,-241.14999389648438,-224.39999389648438,-200.5,-186.5,-175.75,-162.0,-159.90000915527344,-153.95999145507812
780,-192.87998962402344,30.91590118408203,6.594872951507568,42.1459903717041,-192.8800048828125,-189.0,24.81260871887207,-258.239990234375,-241.14999389648438,-224.39999389648438,-204.0,-189.0,-178.0,-162.0,-159.90000915527344,-153.95999145507812
840,-196.05999755859375,30.756515502929688,6.802788734436035,41.89903259277344,-196.05999755859375,-190.5,24.490741729736328,-258.239990234375,-244.0500030517578,-234.0,-206.5,-190.5,-180.0,-169.8000030517578,-162.0,-159.87997436523438
900,-198.3199920654297,30.589004516601562,7.016727447509766,41.63728904724121,-198.32000732421875,-193.0,25.037921905517578,-258.239990234375,-245.5500030517578,-234.1999969482422,-210.0,-193.0,-180.0,-172.8000030517578,-165.80001831054688,-159.87997436523438
960,-201.6999969482422,30.403791427612305,7.2133612632751465,41.35825443267822,-201.6999969482422,-196.0,24.490610122680664,-258.239990234375,-245.5500030517578,-236.3000030517578,-214.5,-196.0,-183.75,-176.0,-167.90000915527344,-162.0
1020,-205.09999084472656,30.20577621459961,7.426100730895996,41.05495834350586,-205.10000610351562,-202.0,24.9365177154541,-270.0400085449219,-256.1000061035156,-239.10000610351562,-220.75,-202.0,-186.0,-178.0,-171.95001220703125,-166.0
1080,-206.75999450683594,30.009403228759766,7.614304542541504,40.757389068603516,-206.75999450683594,-204.0,24.45940399169922,-270.0400085449219,-256.1000061035156,-239.10000610351562,-224.0,-204.0,-190.0,-179.8000030517578,-173.90000915527344,-166.0
1140,-210.5,29.768539428710938,7.769830226898193,40.420960426330566,-210.5,-206.5,24.362060546875,-272.1199951171875,-258.0,-241.3000030517578,-224.0,-206.5,-192.0,-182.89999389648438,-179.90000915527344,-172.0
1200,-214.0399932861328,29.529043197631836,7.915637493133545,40.084794998168945,-214.0399932861328,-210.0,24.536468505859375,-278.1600036621094,-270.0,-245.1999969482422,-226.0,-210.0,-196.0,-187.8000030517578,-180.0,-177.87997436523438
1260,-217.1999969482422,29.264934539794922,8.045818328857422,39.721747398376465,-217.1999969482422,-212.5,25.51470184326172,-278.1600036621094,-270.1000061035156,-256.20001220703125,-228.25,-212.5,-196.75,-190.0,-185.80001831054688,-178.0
1320,-220.44000244140625,28.9818115234375,8.181303024291992,39.33261013031006,-220.44000244140625,-218.0,25.246116638183594,-278.1600036621094,-270.1000061035156,-257.1000061035156,-236.0,-218.0,-204.0,-190.0,-185.80001831054688,-178.0
1380,-224.0800018310547,28.684850692749023,8.291881561279297,38.927613258361816,-224.0800018310547,-222.0,25.671648025512695,-278.1600036621094,-271.04998779296875,-261.20001220703125,-239.25,-222.0,-206.0,-192.0,-186.0,-181.95999145507812
1440,-229.5399932861328,28.39253044128418,8.411243438720703,38.524574279785156,-229.5399932861328,-226.0,27.324501037597656,-287.0799865722656,-284.1000061035156,-267.29998779296875,-247.25,-226.0,-207.0,-196.0,-189.90000915527344,-185.91998291015625
1500,-234.97999572753906,28.08493423461914,8.526908874511719,38.09579372406006,-234.97999572753906,-233.0,28.756208419799805,-296.2799987792969,-286.04998779296875,-278.29998779296875,-251.5,-233.0,-212.0,-199.8000030517578,-193.90000915527344,-187.95999145507812
1560,-240.739990234375,27.771800994873047,8.60665225982666,37.67328643798828,-240.74000549316406,-236.0,28.647029876708984,-310.0199890136719,-286.04998779296875,-284.0,-258.5,-236.0,-222.0,-203.8000030517578,-198.0,-195.8399658203125
1620,-245.13999938964844,27.465328216552734,8.684938430786133,37.2519645690918,-245.13999938964844,-241.0,29.15167808532715,-311.0799865722656,-297.54998779296875,-286.0,-260.25,-241.0,-223.5,-209.60000610351562,-204.0,-200.0
1680,-250.0800018310547,27.145401000976562,8.76430892944336,36.812148094177246,-250.0800018310547,-248.0,30.194595336914062,-315.1000061035156,-310.04998779296875,-291.0,-269.0,-248.0,-226.0,-212.0,-206.0,-201.95999145507812
1740,-255.45999145507812,26.809309005737305,8.850948333740234,36.35053539276123,-255.4600067138672,-254.0,30.560569763183594,-322.0199890136719,-315.0,-292.29998779296875,-276.0,-254.0,-233.75,-216.0,-206.0,-204.0
1800,-261.05999755859375,26.499713897705078,8.932954788208008,35.90703868865967,-261.05999755859375,-260.0,32.34310531616211,-324.239990234375,-323.0,-309.1000061035156,-284.0,-260.0,-236.0,-221.8000030517578,-210.0,-205.95999145507812
1860,-265.6000061035156,26.156814575195312,8.973307609558105,35.44685935974121,-265.6000061035156,-262.0,33.83430480957031,-336.6199951171875,-323.0,-312.29998779296875,-286.5,-262.0,-239.5,-222.0,-215.80001831054688,-209.91998291015625
1920,-269.3399963378906,25.81338119506836,9.005376815795898,34.98723220825195,-269.3399963378906,-266.5,35.523014068603516,-337.6000061035156,-326.5,-318.20001220703125,-291.0,-266.5,-240.0,-222.0,-215.90000915527344,-210.0
1980,-275.29998779296875,25.471752166748047,9.048093795776367,34.51601696014404,-275.29998779296875,-271.0,36.47231674194336,-349.3600158691406,-336.04998779296875,-324.20001220703125,-295.0,-271.0,-246.0,-233.8000030517578,-222.0,-210.0
2040,-279.7200012207031,25.139617919921875,9.092733383178711,34.05350875854492,-279.7200012207031,-276.0,34.91420364379883,-354.260009765625,-337.3500061035156,-324.20001220703125,-302.0,-276.0,-250.0,-236.0,-232.0,-227.87997436523438
2100,-284.6600036621094,24.805463790893555,9.123237609863281,33.594035148620605,-284.6600036621094,-285.0,37.82386016845703,-373.0199890136719,-368.1000061035156,-336.1000061035156,-306.0,-285.0,-253.5,-239.8000030517578,-233.90000915527344,-227.87997436523438
2160,-289.8999938964844,24.475322723388672,9.134817123413086,33.13569259643555,-289.8999938964844,-286.0,37.091102600097656,-373.0199890136719,-368.1000061035156,-341.29998779296875,-312.5,-286.0,-265.0,-243.8000030517578,-238.0,-233.95999145507812
2220,-293.8399963378906,24.138240814208984,9.166341781616211,32.66192150115967,-293.8399963378906,-289.0,37.066619873046875,-373.0199890136719,-368.1000061035156,-342.20001220703125,-315.5,-289.0,-268.0,-248.0,-243.90000915527344,-237.91998291015625
2280,-299.9599914550781,23.787817001342773,9.16692066192627,32.185720443725586,-299.9599914550781,-294.0,35.56568908691406,-374.29998779296875,-370.04998779296875,-344.5,-320.0,-294.0,-273.5,-255.8000030517578,-247.90000915527344,-245.91998291015625
2340,-303.2599792480469,23.466123580932617,9.17435073852539,31.73983144760132,-303.260009765625,-300.0,35.14842987060547,-374.29998779296875,-370.04998779296875,-349.29998779296875,-322.5,-300.0,-276.0,-257.79998779296875,-248.0,-245.91998291015625
2400,-308.9599914550781,23.138595581054688,9.170106887817383,31.28842830657959,-308.9599914550781,-311.0,35.835716247558594,-378.6199951171875,-371.1000061035156,-355.0,-327.25,-311.0,-287.0,-258.0,-253.90000915527344,-247.95999145507812
2460,-312.05999755859375,22.806167602539062,9.16594123840332,30.82542133331299,-312.05999755859375,-312.5,35.01594543457031,-378.6199951171875,-371.1000061035156,-356.79998779296875,-332.5,-312.5,-289.5,-266.8999938964844,-255.90000915527344,-247.95999145507812
2520,-315.53997802734375,22.491554260253906,9.163985252380371,30.383915424346924,-315.5400085449219,-314.0,35.89914321899414,-385.4800109863281,-374.20001220703125,-364.0,-338.0,-314.0,-291.5,-269.70001220703125,-255.90000915527344,-248.0
2580,-320.67999267578125,22.176305770874023,9.146871566772461,29.943955421447754,-320.67999267578125,-318.5,37.55552673339844,-406.1400146484375,-381.1499938964844,-369.5,-344.0,-318.5,-296.0,-270.0,-257.9000244140625,-248.0
2640,-323.1000061035156,21.86886215209961,9.139932632446289,29.50690221786499,-323.1000061035156,-319.5,37.474124908447266,-406.1400146484375,-384.20001220703125,-375.0,-348.25,-319.5,-299.5,-270.0,-261.8000183105469,-254.0
2700,-326.94000244140625,21.5638427734375,9.144247055053711,29.067030906677246,-326.94000244140625,-322.0,36.58355712890625,-406.1400146484375,-390.29998779296875,-381.0,-350.25,-322.0,-301.5,-283.4000244140625,-271.7500305175781,-257.9599914550781
2760,-330.7799987792969,21.25404930114746,9.12951946258545,28.6300687789917,-330.7799987792969,-330.0,35.4100456237793,-406.1400146484375,-390.29998779296875,-381.0,-354.0,-330.0,-308.0,-286.0,-274.0,-261.8799743652344
2820,-333.6199951171875,20.951744079589844,9.12405014038086,28.190184116363525,-333.6199951171875,-332.0,35.34367752075195,-406.1400146484375,-396.0,-381.0,-354.0,-332.0,-308.0,-289.79998779296875,-275.9000244140625,-264.0
2880,-336.1999816894531,20.650592803955078,9.101011276245117,27.76027011871338,-336.20001220703125,-335.0,35.2476921081543,-406.1400146484375,-396.0,-381.1000061035156,-360.0,-335.0,-312.0,-289.79998779296875,-278.95001220703125,-274.0
2940,-338.739990234375,20.35414695739746,9.08711051940918,27.33611488342285,-338.739990234375,-342.0,35.20528793334961,-408.1000061035156,-396.0,-384.0,-361.0,-342.0,-315.5,-290.0,-279.95001220703125,-275.9599914550781
3000,-341.3399963378906,20.05547332763672,9.057198524475098,26.908326148986816,-341.3399963378906,-344.0,35.59613037109375,-408.1000061035156,-396.1000061035156,-385.1000061035156,-364.0,-344.0,-315.5,-290.0,-279.95001220703125,-275.9599914550781
3060,-344.1399841308594,19.778263092041016,9.032529830932617,26.502828121185303,-344.1400146484375,-346.0,33.992652893066406,-410.1000061035156,-400.04998779296875,-385.20001220703125,-367.25,-346.0,-321.5,-298.0,-289.70001220703125,-279.91998291015625
3120,-345.9599914550781,19.511661529541016,9.006309509277344,26.119881629943848,-345.9599914550781,-346.0,33.9693717956543,-415.2200012207031,-400.04998779296875,-385.20001220703125,-371.0,-346.0,-322.0,-298.8999938964844,-294.0,-279.91998291015625
3180,-349.2799987792969,19.23955726623535,8.989130020141602,25.71461582183838,-349.2799987792969,-349.0,33.149383544921875,-415.2200012207031,-409.04998779296875,-390.0,-371.25,-349.0,-324.25,-304.0,-298.95001220703125,-294.0
3240,-352.1000061035156,18.979045867919922,8.96591567993164,25.324513912200928,-352.1000061035156,-352.0,32.91184997558594,-417.17999267578125,-410.1499938964844,-390.79998779296875,-375.25,-352.0,-330.0,-304.0,-299.95001220703125,-294.0
3300,-354.5199890136719,18.706117630004883,8.928141593933105,24.92267417907715,-354.5199890136719,-354.0,34.07183074951172,-425.05999755859375,-410.1499938964844,-400.3999938964844,-380.0,-354.0,-331.5,-305.79998779296875,-299.95001220703125,-294.0
3360,-356.91998291015625,18.440298080444336,8.886833190917969,24.542543411254883,-356.9200134277344,-357.0,34.464962005615234,-428.0199890136719,-416.20001220703125,-400.5,-381.25,-357.0,-334.25,-311.79998779296875,-299.95001220703125,-294.0
3420,-359.3199768066406,18.17696189880371,8.85832691192627,24.14925527572632,-359.32000732421875,-358.0,34.90927505493164,-430.1000061035156,-420.25,-405.1000061035156,-384.5,-358.0,-336.0,-313.79998779296875,-307.8000183105469,-295.9599914550781
3480,-362.0,17.931739807128906,8.826586723327637,23.783875465393066,-362.0,-360.0,34.5826530456543,-432.05999755859375,-428.1000061035156,-405.20001220703125,-384.5,-360.0,-337.5,-316.0,-308.0,-295.9599914550781
3540,-364.55999755859375,17.695051193237305,8.807044982910156,23.414198875427246,-364.55999755859375,-363.0,34.462825775146484,-432.05999755859375,-428.1000061035156,-412.1000061035156,-388.25,-363.0,-337.5,-319.6000061035156,-311.8000183105469,-304.89996337890625
3600,-366.0199890136719,17.46384048461914,8.776636123657227,23.062192916870117,-366.0199890136719,-365.0,34.838478088378906,-438.0199890136719,-431.1000061035156,-413.20001220703125,-388.75,-365.0,-339.75,-322.0,-311.8000183105469,-304.89996337890625
3660,-367.2599792480469,17.247360229492188,8.768840789794922,22.715362548828125,-367.260009765625,-366.0,33.95603561401367,-439.0199890136719,-431.1000061035156,-413.20001220703125,-388.75,-366.0,-341.5,-328.0,-311.8000183105469,-304.89996337890625
3720,-369.41998291015625,17.0098876953125,8.727607727050781,22.360384941101074,-369.4200134277344,-368.0,33.526458740234375,-439.0199890136719,-433.1000061035156,-415.0,-392.0,-368.0,-344.0,-329.79998779296875,-314.8500061035156,-309.9599914550781
3780,-371.7599792480469,16.77894401550293,8.689163208007812,22.011972904205322,-371.760009765625,-369.0,33.95206069946289,-439.0199890136719,-436.04998779296875,-420.1000061035156,-392.5,-369.0,-348.75,-329.79998779296875,-320.550048828125,-309.9599914550781
3840,-373.03997802734375,16.545787811279297,8.646957397460938,21.664130687713623,-373.0400085449219,-369.0,33.46936798095703,-440.0,-437.1000061035156,-420.1000061035156,-392.5,-369.0,-349.75,-332.0,-325.8000183105469,-311.9599914550781
3900,-373.91998291015625,16.33316421508789,8.611837387084961,21.339304447174072,-373.9200134277344,-369.0,33.19689178466797,-440.0,-437.1000061035156,-421.20001220703125,-394.0,-369.0,-351.25,-333.79998779296875,-329.60003662109375,-311.9599914550781
3960,-374.739990234375,16.111431121826172,8.565864562988281,21.008202075958252,-374.739990234375,-370.5,32.95591354370117,-440.0,-437.1000061035156,-423.20001220703125,-394.0,-370.5,-351.25,-334.8999938964844,-330.0,-311.9599914550781
4020,-377.0199890136719,15.88383674621582,8.522465705871582,20.659839630126953,-377.0199890136719,-376.0,32.9162483215332,-441.17999267578125,-439.0,-425.29998779296875,-394.0,-376.0,-354.75,-337.79998779296875,-330.0,-313.9599914550781
4080,-378.47998046875,15.69422435760498,8.500787734985352,20.347826957702637,-378.4800109863281,-378.0,33.045570373535156,-443.1400146484375,-439.04998779296875,-425.29998779296875,-398.0,-378.0,-358.75,-337.79998779296875,-331.9000244140625,-313.9599914550781
4140,-380.05999755859375,15.508180618286133,8.471260070800781,20.047481536865234,-380.05999755859375,-378.0,32.48070526123047,-443.1400146484375,-439.04998779296875,-428.1000061035156,-398.0,-378.0,-358.75,-340.0,-335.9000244140625,-329.6399230957031
4200,-380.97998046875,15.308446884155273,8.437877655029297,19.729830265045166,-380.9800109863281,-378.0,32.726131439208984,-444.1199951171875,-439.20001220703125,-429.0,-398.5,-378.0,-359.0,-340.0,-337.9000244140625,-329.6399230957031
4260,-382.6999816894531,15.123976707458496,8.41750431060791,19.424166202545166,-382.70001220703125,-380.0,32.351043701171875,-444.1199951171875,-439.20001220703125,-429.0,-403.25,-380.0,-364.25,-341.79998779296875,-338.0,-329.6399230957031
4320,-383.5799865722656,14.943794250488281,8.389589309692383,19.136141777038574,-383.5799865722656,-380.0,32.92087173461914,-450.0199890136719,-443.04998779296875,-429.1000061035156,-403.25,-380.0,-364.75,-341.79998779296875,-338.0,-329.7199401855469
4380,-384.6000061035156,14.781229972839355,8.372381210327148,18.855896472930908,-384.6000061035156,-380.0,32.3406867980957,-450.0199890136719,-443.04998779296875,-429.1000061035156,-403.25,-380.0,-364.75,-344.0,-339.9000244140625,-329.7199401855469
4440,-385.55999755859375,14.60951042175293,8.347963333129883,18.56314468383789,-385.55999755859375,-380.0,32.26401138305664,-450.0199890136719,-443.04998779296875,-430.0,-406.25,-380.0,-364.75,-344.0,-340.0,-329.7999572753906
4500,-386.44000244140625,14.449905395507812,8.326822280883789,18.28984260559082,-386.44000244140625,-382.0,32.382808685302734,-451.05999755859375,-443.29998779296875,-430.0,-410.5,-382.0,-364.75,-344.0,-340.0,-329.7999572753906
4560,-387.1199951171875,14.27546501159668,8.290488243103027,18.018025398254395,-387.1199951171875,-384.0,32.323143005371094,-451.05999755859375,-443.29998779296875,-430.29998779296875,-410.5,-384.0,-364.75,-344.0,-340.0,-329.7999572753906
4620,-388.05999755859375,14.115665435791016,8.255491256713867,17.756450653076172,-388.05999755859375,-385.0,31.992443084716797,-451.05999755859375,-443.29998779296875,-433.3999938964844,-412.0,-385.0,-364.75,-351.4000244140625,-340.0,-329.8799743652344
4680,-388.67999267578125,13.962996482849121,8.230147361755371,17.497397899627686,-388.67999267578125,-386.5,31.893848419189453,-451.05999755859375,-443.29998779296875,-433.3999938964844,-413.0,-386.5,-364.75,-352.0,-340.0,-329.8799743652344
4740,-389.739990234375,13.806909561157227,8.193922996520996,17.24543523788452,-389.739990234375,-387.5,31.685522079467773,-451.05999755859375,-443.29998779296875,-433.3999938964844,-413.0,-387.5,-369.5,-352.0,-340.0,-329.8799743652344
4800,-390.739990234375,13.657099723815918,8.174483299255371,16.988447189331055,-390.739990234375,-390.0,31.60272789001465,-451.05999755859375,-449.0,-437.0,-413.0,-390.0,-370.0,-352.0,-340.0,-329.91998291015625
4860,-391.5,13.51148796081543,8.153902053833008,16.740222930908203,-391.5,-390.0,31.70599365234375,-451.05999755859375,-449.0,-437.20001220703125,-413.0,-390.0,-370.0,-352.0,-341.9000244140625,-329.91998291015625
4920,-392.55999755859375,13.358927726745605,8.124672889709473,16.48304796218872,-392.55999755859375,-390.0,31.48088836669922,-451.05999755859375,-449.04998779296875,-437.20001220703125,-415.25,-390.0,-370.0,-354.0,-342.0,-329.91998291015625
4980,-392.91998291015625,13.219808578491211,8.099196434020996,16.244922637939453,-392.9200134277344,-390.0,31.528297424316406,-451.05999755859375,-449.04998779296875,-437.3999938964844,-415.25,-390.0,-371.5,-354.0,-343.9000244140625,-329.91998291015625
5040,-393.8800048828125,13.083440780639648,8.081304550170898,16.006211042404175,-393.8800048828125,-392.0,31.51738739013672,-451.05999755859375,-449.04998779296875,-437.3999938964844,-416.25,-392.0,-372.0,-355.79998779296875,-343.9000244140625,-329.91998291015625
5100,-394.6399841308594,12.942007064819336,8.05170726776123,15.764487266540527,-394.6400146484375,-392.0,31.09775733947754,-453.0199890136719,-449.04998779296875,-437.3999938964844,-419.25,-392.0,-373.5,-355.79998779296875,-344.0,-337.8399658203125
5160,-395.3199768066406,12.798095703125,8.016695976257324,15.521640062332153,-395.32000732421875,-394.0,31.356937408447266,-453.0199890136719,-450.04998779296875,-439.20001220703125,-419.25,-394.0,-373.5,-356.8999938964844,-344.0,-337.8399658203125
5220,-395.9599914550781,12.673521995544434,7.995898246765137,15.298990488052368,-395.9599914550781,-396.0,31.23969078063965,-454.0,-453.0,-439.20001220703125,-420.0,-396.0,-373.5,-357.8999938964844,-344.0,-337.8399658203125
5280,-396.6000061035156,12.549124717712402,7.973665237426758,15.076840162277222,-396.6000061035156,-396.0,31.324748992919922,-455.0,-453.04998779296875,-441.1000061035156,-420.0,-396.0,-374.0,-357.8999938964844,-345.9000244140625,-337.8399658203125
5340,-397.2200012207031,12.418925285339355,7.9436750411987305,14.856263875961304,-397.2200012207031,-397.0,31.052078247070312,-455.0,-453.04998779296875,-441.1000061035156,-420.0,-397.0,-375.5,-359.79998779296875,-349.8000183105469,-337.8399658203125
5400,-397.3800048828125,12.292831420898438,7.924803733825684,14.628458499908447,-397.3800048828125,-398.0,31.080791473388672,-455.0400085449219,-453.04998779296875,-441.1000061035156,-420.0,-398.0,-375.5,-359.79998779296875,-349.8000183105469,-337.8399658203125
5460,-398.05999755859375,12.176750183105469,7.904840469360352,14.416850090026855,-398.05999755859375,-398.0,31.355323791503906,-455.0400085449219,-453.04998779296875,-441.1000061035156,-420.25,-398.0,-376.0,-359.79998779296875,-349.8000183105469,-337.8399658203125
5520,-398.9599914550781,12.057485580444336,7.882740020751953,14.20051622390747,-398.9599914550781,-398.0,30.89398956298828,-455.0400085449219,-453.04998779296875,-442.5,-421.25,-398.0,-376.0,-362.0,-351.70001220703125,-339.8799743652344
5580,-399.8599853515625,11.95258903503418,7.874113082885742,13.988689422607422,-399.8599853515625,-400.0,30.640178680419922,-457.20001220703125,-453.04998779296875,-442.5,-421.25,-400.0,-378.0,-362.0,-355.8000183105469,-339.8799743652344
5640,-399.9599914550781,11.836906433105469,7.849608421325684,13.776056051254272,-399.9599914550781,-400.0,30.671131134033203,-457.20001220703125,-453.04998779296875,-442.5,-421.25,-400.0,-378.0,-362.0,-355.8000183105469,-339.8799743652344
5700,-400.5799865722656,11.730875968933105,7.832208633422852,13.573185682296753,-400.5799865722656,-400.0,30.379987716674805,-457.20001220703125,-453.04998779296875,-442.5,-423.0,-400.0,-379.5,-363.79998779296875,-355.8000183105469,-339.8799743652344
5760,-400.7200012207031,11.625831604003906,7.81580114364624,13.370587587356567,-400.7200012207031,-400.0,30.35393714904785,-457.20001220703125,-453.04998779296875,-443.3999938964844,-423.0,-400.0,-380.0,-363.79998779296875,-355.8000183105469,-339.8799743652344
5820,-401.3399963378906,11.532073020935059,7.802133083343506,13.184281587600708,-401.3399963378906,-401.0,29.95270347595215,-457.20001220703125,-453.04998779296875,-443.3999938964844,-423.0,-401.0,-380.0,-363.79998779296875,-357.9000244140625,-341.9599914550781
5880,-401.7799987792969,11.430865287780762,7.785100936889648,12.987937927246094,-401.7799987792969,-402.0,29.69632339477539,-457.20001220703125,-453.04998779296875,-444.29998779296875,-423.0,-402.0,-380.75,-365.79998779296875,-357.9000244140625,-341.9599914550781
5940,-402.1000061035156,11.327677726745605,7.765695095062256,12.786800384521484,-402.1000061035156,-402.0,29.795133590698242,-457.20001220703125,-453.04998779296875,-444.29998779296875,-423.25,-402.0,-380.75,-365.79998779296875,-357.9000244140625,-341.9599914550781
6000,-402.3800048828125,11.23382568359375,7.753934383392334,12.604096174240112,-402.3800048828125,-402.0,29.804288864135742,-457.20001220703125,-454.0,-444.29998779296875,-424.25,-402.0,-381.75,-366.0,-357.9000244140625,-341.9599914550781
6060,-402.6999816894531,11.138959884643555,7.733582973480225,12.419732570648193,-402.70001220703125,-403.0,29.88628578186035,-457.20001220703125,-454.0,-444.29998779296875,-425.25,-403.0,-383.5,-366.0,-358.8500061035156,-341.9599914550781
6120,-402.8999938964844,11.05917739868164,7.725045680999756,12.247630834579468,-402.8999938964844,-403.0,29.951126098632812,-457.20001220703125,-454.0,-447.0,-425.75,-403.0,-383.5,-366.0,-358.8500061035156,-341.9599914550781
6180,-403.03997802734375,10.980804443359375,7.712802886962891,12.079814195632935,-403.0400085449219,-404.0,30.006641387939453,-457.20001220703125,-454.0,-447.20001220703125,-425.75,-404.0,-383.5,-366.0,-358.8500061035156,-341.9599914550781
6240,-403.3399963378906,10.883563995361328,7.686465263366699,11.900416851043701,-403.3399963378906,-404.0,30.02339744567871,-457.20001220703125,-454.0,-447.20001220703125,-428.0,-404.0,-383.5,-366.0,-358.8500061035156,-341.9599914550781
6300,-403.5799865722656,10.79388427734375,7.666393280029297,11.729090213775635,-403.5799865722656,-404.0,30.002391815185547,-457.20001220703125,-454.0,-447.20001220703125,-428.0,-404.0,-383.5,-367.79998779296875,-358.8500061035156,-341.9599914550781
6360,-404.1000061035156,10.700006484985352,7.64169454574585,11.55282711982727,-404.1000061035156,-404.0,30.172670364379883,-457.20001220703125,-454.0,-449.0,-428.0,-404.0,-383.5,-367.79998779296875,-358.8500061035156,-342.0
6420,-404.3399963378906,10.617692947387695,7.6200995445251465,11.396612644195557,-404.3399963378906,-404.0,30.272171020507812,-457.20001220703125,-454.0,-449.0,-428.25,-404.0,-383.5,-367.79998779296875,-358.8500061035156,-342.0
6480,-404.7200012207031,10.53427505493164,7.597641944885254,11.232299089431763,-404.7200012207031,-405.0,30.6992130279541,-467.0400085449219,-454.04998779296875,-449.20001220703125,-429.25,-405.0,-383.5,-368.0,-358.8500061035156,-342.0
6540,-405.1199951171875,10.45145034790039,7.573243141174316,11.076073408126831,-405.1199951171875,-405.0,30.460229873657227,-467.0400085449219,-454.04998779296875,-449.20001220703125,-429.25,-405.0,-383.5,-368.0,-359.95001220703125,-342.0
6600,-405.3800048828125,10.377485275268555,7.561225891113281,10.921423435211182,-405.3800048828125,-405.0,30.648582458496094,-469.0799865722656,-454.04998779296875,-449.20001220703125,-430.0,-405.0,-383.5,-368.0,-359.95001220703125,-342.0
6660,-405.6199951171875,10.297281265258789,7.544151306152344,10.760736465454102,-405.6199951171875,-405.0,30.73329734802246,-469.0799865722656,-454.04998779296875,-449.20001220703125,-430.0,-405.0,-383.5,-368.0,-359.95001220703125,-342.0
6720,-406.0799865722656,10.22346305847168,7.5307817459106445,10.600862503051758,-406.0799865722656,-405.0,30.530534744262695,-469.0799865722656,-454.04998779296875,-451.20001220703125,-430.0,-405.0,-387.5,-368.0,-359.95001220703125,-342.0
6780,-406.53997802734375,10.157252311706543,7.521356105804443,10.448187828063965,-406.5400085449219,-406.0,30.339221954345703,-469.0799865722656,-455.0,-451.20001220703125,-430.0,-406.0,-387.5,-369.79998779296875,-359.95001220703125,-351.7999572753906
6840,-406.6399841308594,10.086929321289062,7.508777618408203,10.29736852645874,-406.6400146484375,-406.0,30.246824264526367,-469.0799865722656,-455.0,-451.20001220703125,-430.0,-406.0,-387.5,-369.79998779296875,-359.95001220703125,-351.7999572753906
6900,-406.7599792480469,10.021501541137695,7.498128890991211,10.153333902359009,-406.760009765625,-406.0,30.1765193939209,-469.0799865722656,-455.0,-451.20001220703125,-430.0,-406.0,-388.0,-369.79998779296875,-359.95001220703125,-351.7999572753906
6960,-407.0,9.963653564453125,7.4962310791015625,10.005570650100708,-407.0,-406.0,30.08853530883789,-469.0799865722656,-455.0,-451.20001220703125,-430.0,-406.0,-388.0,-369.79998779296875,-359.95001220703125,-351.7999572753906
7020,-407.3599853515625,9.892134666442871,7.474170207977295,9.86361575126648,-407.3599853515625,-406.0,29.8621883392334,-469.0799865722656,-455.0,-451.20001220703125,-430.0,-406.0,-389.5,-369.79998779296875,-361.8500061035156,-351.7999572753906
7080,-407.6199951171875,9.821720123291016,7.451620101928711,9.72655200958252,-407.6199951171875,-406.5,29.770715713500977,-469.0799865722656,-455.1000061035156,-451.20001220703125,-430.5,-406.5,-390.0,-369.79998779296875,-363.9000244140625,-351.7999572753906
7140,-407.7599792480469,9.760232925415039,7.441686153411865,9.584862470626831,-407.760009765625,-406.5,29.73116683959961,-469.0799865722656,-455.1000061035156,-451.20001220703125,-430.5,-406.5,-390.0,-369.79998779296875,-363.9000244140625,-351.7999572753906
7200,-408.1600036621094,9.692977905273438,7.4273223876953125,9.445734977722168,-408.1600036621094,-406.5,29.902751922607422,-469.0799865722656,-457.0,-451.20001220703125,-430.5,-406.5,-390.0,-371.79998779296875,-363.9000244140625,-351.7999572753906
7260,-408.41998291015625,9.627735137939453,7.411077499389648,9.310147047042847,-408.4200134277344,-406.5,29.809789657592773,-469.0799865722656,-457.0,-451.20001220703125,-430.5,-406.5,-390.0,-372.0,-364.0,-351.8399658203125
7320,-408.41998291015625,9.567119598388672,7.39839506149292,9.175045251846313,-408.4200134277344,-406.5,29.809789657592773,-469.0799865722656,-457.0,-451.20001220703125,-430.5,-406.5,-390.0,-372.0,-364.0,-351.8399658203125
7380,-408.7200012207031,9.505210876464844,7.381300926208496,9.043644666671753,-408.7200012207031,-407.5,29.606782913208008,-469.0799865722656,-457.0,-451.20001220703125,-430.5,-407.5,-390.0,-373.79998779296875,-365.9000244140625,-351.8399658203125
7440,-408.9599914550781,9.451349258422852,7.370994567871094,8.916507720947266,-408.9599914550781,-407.5,29.487598419189453,-469.0799865722656,-457.0,-451.20001220703125,-430.5,-407.5,-390.0,-373.79998779296875,-365.9000244140625,-351.9599914550781
7500,-409.0,9.401910781860352,7.3679304122924805,8.79167127609253,-409.0,-407.5,29.44554328918457,-469.0799865722656,-457.0,-451.20001220703125,-430.5,-407.5,-390.0,-373.79998779296875,-365.9000244140625,-351.9599914550781
7560,-409.1199951171875,9.352926254272461,7.36127233505249,8.668761968612671,-409.1199951171875,-407.5,29.400436401367188,-469.0799865722656,-457.0,-451.20001220703125,-430.5,-407.5,-390.0,-373.79998779296875,-365.9000244140625,-351.9599914550781
7620,-409.239990234375,9.29116153717041,7.34422492980957,8.540088891983032,-409.239990234375,-407.5,29.425539016723633,-469.0799865722656,-457.0,-453.0,-430.5,-407.5,-390.0,-373.79998779296875,-365.9000244140625,-351.9599914550781
7680,-409.2799987792969,9.240399360656738,7.333327293395996,8.421411991119385,-409.2799987792969,-407.5,29.347599029541016,-469.0799865722656,-457.0,-453.0,-430.5,-407.5,-390.0,-373.79998779296875,-365.9000244140625,-353.9599914550781
7740,-409.41998291015625,9.191147804260254,7.3241472244262695,8.30735182762146,-409.4200134277344,-407.5,29.294090270996094,-469.0799865722656,-457.0,-453.0,-430.5,-407.5,-390.0,-373.79998779296875,-365.9000244140625,-353.9599914550781
7800,-409.4599914550781,9.142953872680664,7.316749572753906,8.191160440444946,-409.4599914550781,-407.5,29.266162872314453,-469.0799865722656,-457.0,-453.0,-430.5,-407.5,-390.0,-373.79998779296875,-365.9000244140625,-353.9599914550781
7860,-409.7200012207031,9.101151466369629,7.309795379638672,8.082428097724915,-409.7200012207031,-407.5,29.06546974182129,-469.0799865722656,-457.0,-453.0,-430.5,-407.5,-390.0,-373.79998779296875,-366.0,-353.9599914550781
7920,-409.7200012207031,9.058489799499512,7.304622650146484,7.972226619720459,-409.7200012207031,-407.5,29.06546974182129,-469.0799865722656,-457.0,-453.0,-430.5,-407.5,-390.0,-373.79998779296875,-366.0,-353.9599914550781
7980,-409.8599853515625,9.022798538208008,7.30084228515625,7.871658444404602,-409.8599853515625,-407.5,29.08505630493164,-469.0799865722656,-457.0,-453.0,-430.5,-407.5,-390.0,-373.79998779296875,-366.0,-353.9599914550781
8040,-409.94000244140625,8.984676361083984,7.294234752655029,7.773431897163391,-409.94000244140625,-407.5,29.09082794189453,-469.0799865722656,-457.0,-453.0,-430.5,-407.5,-390.0,-373.79998779296875,-366.0,-353.9599914550781
8100,-410.1199951171875,8.951736450195312,7.293785095214844,7.676231265068054,-410.1199951171875,-407.5,29.067947387695312,-469.0799865722656,-457.20001220703125,-453.0,-430.5,-407.5,-390.0,-373.79998779296875,-366.0,-353.9599914550781
8160,-410.2799987792969,8.920146942138672,7.295262813568115,7.579733967781067,-410.2799987792969,-407.5,28.996580123901367,-469.0799865722656,-457.20001220703125,-453.1000061035156,-430.5,-407.5,-390.0,-373.79998779296875,-366.0,-357.91998291015625
8220,-410.4599914550781,8.880027770996094,7.291170120239258,7.477492809295654,-410.4599914550781,-407.5,28.86223030090332,-469.0799865722656,-457.20001220703125,-453.1000061035156,-430.5,-407.5,-390.0,-373.79998779296875,-366.0,-357.91998291015625
8280,-410.5,8.837669372558594,7.280162811279297,7.377401947975159,-410.5,-407.5,28.849090576171875,-469.0799865722656,-457.20001220703125,-453.1000061035156,-430.5,-407.5,-390.0,-373.79998779296875,-366.0,-357.91998291015625
8340,-410.5999755859375,8.808381080627441,7.280728816986084,7.286902546882629,-410.6000061035156,-407.5,28.822908401489258,-469.0799865722656,-457.20001220703125,-453.1000061035156,-430.5,-407.5,-390.0,-373.79998779296875,-366.0,-357.91998291015625
8400,-410.6199951171875,8.774397850036621,7.277141571044922,7.190888285636902,-410.6199951171875,-407.5,28.810688018798828,-469.0799865722656,-457.20001220703125,-453.1000061035156,-430.5,-407.5,-390.0,-373.79998779296875,-366.0,-357.91998291015625
8460,-410.7200012207031,8.742807388305664,7.270275115966797,7.107019662857056,-410.7200012207031,-407.5,28.75067901611328,-469.0799865722656,-457.20001220703125,-453.1000061035156,-430.5,-407.5,-391.5,-373.79998779296875,-366.0,-357.91998291015625
8520,-410.8199768066406,8.707931518554688,7.2627081871032715,7.0162129402160645,-410.82000732421875,-407.5,28.744525909423828,-469.0799865722656,-457.20001220703125,-453.1000061035156,-430.5,-407.5,-393.0,-373.79998779296875,-366.0,-357.91998291015625
8580,-410.8199768066406,8.68710994720459,7.266591548919678,6.930377006530762,-410.82000732421875,-407.5,28.744525909423828,-469.0799865722656,-457.20001220703125,-453.1000061035156,-430.5,-407.5,-393.0,-373.79998779296875,-366.0,-357.91998291015625
8640,-410.91998291015625,8.658475875854492,7.263518810272217,6.845108389854431,-410.9200134277344,-407.5,28.66973304748535,-469.0799865722656,-457.20001220703125,-453.1000061035156,-430.5,-407.5,-393.0,-373.79998779296875,-366.0,-357.91998291015625
8700,-411.1199951171875,8.620132446289062,7.255104064941406,6.753876209259033,-411.1199951171875,-407.5,28.773347854614258,-469.0799865722656,-461.1000061035156,-454.0,-430.5,-407.5,-393.5,-373.79998779296875,-366.0,-357.91998291015625
8760,-411.1999816894531,8.58382797241211,7.2475104331970215,6.6623618602752686,-411.20001220703125,-408.0,28.75899887084961,-469.0799865722656,-461.1000061035156,-454.0,-430.5,-408.0,-393.5,-373.79998779296875,-366.0,-357.91998291015625
8820,-411.2200012207031,8.560369491577148,7.248432159423828,6.582778334617615,-411.2200012207031,-408.0,28.785266876220703,-469.0799865722656,-461.1000061035156,-454.0,-430.5,-408.0,-393.5,-373.79998779296875,-366.0,-357.91998291015625
8880,-411.3800048828125,8.529619216918945,7.239645957946777,6.505011200904846,-411.3800048828125,-408.0,28.7474422454834,-469.0799865722656,-461.1000061035156,-454.0,-430.5,-408.0,-394.0,-373.79998779296875,-366.0,-357.9599914550781
8940,-411.44000244140625,8.514948844909668,7.246339321136475,6.429991006851196,-411.44000244140625,-408.0,28.738935470581055,-469.0799865722656,-463.0,-454.0,-430.5,-408.0,-394.0,-374.0,-366.0,-357.9599914550781
9000,-411.5799865722656,8.495783805847168,7.2510528564453125,6.351168990135193,-411.5799865722656,-408.0,28.746192932128906,-469.0799865722656,-463.0,-454.0,-430.5,-408.0,-394.0,-374.0,-366.0,-357.9599914550781
9060,-411.739990234375,8.461296081542969,7.241616725921631,6.2743308544158936,-411.739990234375,-409.0,28.748083114624023,-469.0799865722656,-463.0,-454.0,-430.5,-409.0,-394.0,-374.0,-366.0,-357.9599914550781
9120,-411.8199768066406,8.426748275756836,7.231388092041016,6.189505934715271,-411.82000732421875,-409.0,28.712499618530273,-469.0799865722656,-463.0,-454.0,-430.5,-409.0,-394.0,-374.0,-366.0,-357.9599914550781
9180,-411.91998291015625,8.403365135192871,7.228438377380371,6.12139105796814,-411.9200134277344,-409.0,28.755409240722656,-469.0799865722656,-463.0,-454.0,-430.5,-409.0,-394.0,-374.0,-366.0,-357.9599914550781
9240,-412.03997802734375,8.384265899658203,7.229320049285889,6.0471214056015015,-412.0400085449219,-409.0,28.710948944091797,-469.0799865722656,-463.0,-454.0,-430.5,-409.0,-394.0,-374.0,-366.0,-357.9599914550781
9300,-412.05999755859375,8.364724159240723,7.229709625244141,5.976152062416077,-412.05999755859375,-409.0,28.725534439086914,-469.0799865722656,-463.0,-454.0,-430.5,-409.0,-394.0,-374.0,-366.0,-357.9599914550781
9360,-412.1199951171875,8.340494155883789,7.226249694824219,5.905074119567871,-412.1199951171875,-409.0,28.726041793823242,-469.0799865722656,-463.0,-454.0,-430.5,-409.0,-394.0,-374.0,-367.9000244140625,-357.9599914550781
9420,-412.17999267578125,8.314803123474121,7.218085289001465,5.836526036262512,-412.17999267578125,-409.0,28.729907989501953,-469.0799865722656,-463.0,-454.0,-431.25,-409.0,-394.0,-374.0,-367.9000244140625,-357.9599914550781
9480,-412.3599853515625,8.297646522521973,7.220859050750732,5.765039086341858,-412.3599853515625,-410.0,28.710803985595703,-469.0799865722656,-463.0,-454.0,-431.25,-410.0,-394.0,-374.0,-367.9000244140625,-357.9599914550781
9540,-412.44000244140625,8.271000862121582,7.213096618652344,5.700633525848389,-412.44000244140625,-410.0,28.708297729492188,-469.0799865722656,-463.0,-454.0,-431.25,-410.0,-394.0,-374.0,-367.9000244140625,-357.9599914550781
9600,-412.5,8.24648666381836,7.208390712738037,5.628690600395203,-412.5,-410.0,28.703832626342773,-469.0799865722656,-463.0,-454.0,-431.25,-410.0,-394.0,-374.0,-367.9000244140625,-357.9599914550781
9660,-412.5999755859375,8.23283576965332,7.215457916259766,5.558985590934753,-412.6000061035156,-410.0,28.663564682006836,-469.0799865722656,-463.0,-454.0,-431.25,-410.0,-394.0,-374.0,-367.9000244140625,-358.0
9720,-412.6600036621094,8.215843200683594,7.216408729553223,5.493845582008362,-412.6600036621094,-410.0,28.660152435302734,-469.0799865722656,-463.0,-454.0,-431.25,-410.0,-394.0,-374.0,-367.9000244140625,-358.0
9780,-412.7599792480469,8.196136474609375,7.211366176605225,5.435137987136841,-412.760009765625,-411.0,28.626253128051758,-469.0799865722656,-463.0,-454.0,-431.25,-411.0,-394.0,-374.0,-367.9000244140625,-358.97998046875
9840,-412.79998779296875,8.178702354431152,7.2126264572143555,5.3699246644973755,-412.79998779296875,-411.0,28.61957359313965,-469.0799865722656,-463.0,-454.0,-431.25,-411.0,-394.0,-374.0,-367.9000244140625,-358.97998046875
9900,-412.79998779296875,8.151937484741211,7.203166961669922,5.306699156761169,-412.79998779296875,-411.0,28.61957359313965,-469.0799865722656,-463.0,-454.0,-431.25,-411.0,-394.0,-374.0,-367.9000244140625,-358.97998046875
9960,-412.79998779296875,8.134615898132324,7.201428413391113,5.248629212379456,-412.79998779296875,-411.0,28.61957359313965,-469.0799865722656,-463.0,-454.0,-431.25,-411.0,-394.0,-374.0,-367.9000244140625,-358.97998046875
10020,-412.79998779296875,8.118748664855957,7.203050136566162,5.192512273788452,-412.79998779296875,-411.0,28.61957359313965,-469.0799865722656,-463.0,-454.0,-431.25,-411.0,-394.0,-374.0,-367.9000244140625,-358.97998046875
10080,-412.79998779296875,8.098360061645508,7.1963090896606445,5.135141849517822,-412.79998779296875,-411.0,28.61957359313965,-469.0799865722656,-463.0,-454.0,-431.25,-411.0,-394.0,-374.0,-367.9000244140625,-358.97998046875
10140,-412.8199768066406,8.069181442260742,7.183562278747559,5.073776125907898,-412.82000732421875,-411.0,28.595937728881836,-469.0799865722656,-463.0,-454.0,-431.25,-411.0,-394.0,-374.0,-367.9000244140625,-358.97998046875
10200,-412.8399963378906,8.049503326416016,7.178720474243164,5.023481369018555,-412.8399963378906,-411.0,28.603050231933594,-469.0799865722656,-463.0,-454.0,-431.25,-411.0,-394.0,-374.0,-367.9000244140625,-358.97998046875
10260,-412.8999938964844,8.03514289855957,7.178674697875977,4.97132670879364,-412.8999938964844,-411.0,28.530508041381836,-469.0799865722656,-463.0,-454.0,-431.25,-411.0,-394.0,-374.0,-367.9000244140625,-358.97998046875
10320,-413.0,8.028852462768555,7.187699794769287,4.915188670158386,-413.0,-411.0,28.49561309814453,-469.0799865722656,-463.0,-454.0,-431.25,-411.0,-394.0,-374.0,-367.9000244140625,-358.97998046875
10380,-413.0,8.01722240447998,7.190270900726318,4.857544422149658,-413.0,-411.0,28.49561309814453,-469.0799865722656,-463.0,-454.0,-431.25,-411.0,-394.0,-374.0,-367.9000244140625,-358.97998046875
10440,-413.0,8.007332801818848,7.193570613861084,4.806812047958374,-413.0,-411.0,28.49561309814453,-469.0799865722656,-463.0,-454.0,-431.25,-411.0,-394.0,-374.0,-367.9000244140625,-358.97998046875
10500,-413.05999755859375,7.987556457519531,7.18916654586792,4.747907638549805,-413.05999755859375,-411.0,28.56075096130371,-469.0799865722656,-463.0,-454.0,-431.25,-411.0,-394.0,-374.0,-367.9000244140625,-358.97998046875
10560,-413.0999755859375,7.971381664276123,7.186369895935059,4.69433057308197,-413.1000061035156,-411.0,28.569040298461914,-469.0799865722656,-463.0,-454.0,-431.25,-411.0,-394.0,-374.0,-367.9000244140625,-358.97998046875
10620,-413.1600036621094,7.958788871765137,7.1865692138671875,4.646905899047852,-413.1600036621094,-411.0,28.591861724853516,-469.0799865722656,-463.0,-454.0,-431.25,-411.0,-394.0,-374.0,-367.9000244140625,-358.97998046875
10680,-413.239990234375,7.9517130851745605,7.1900763511657715,4.6024357080459595,-413.239990234375,-411.0,28.616470336914062,-469.0799865722656,-463.0,-454.0,-431.25,-411.0,-394.0,-374.0,-367.9000244140625,-358.97998046875
10740,-413.239990234375,7.929991722106934,7.181312561035156,4.551466941833496,-413.239990234375,-411.0,28.616470336914062,-469.0799865722656,-463.0,-454.0,-431.25,-411.0,-394.0,-374.0,-367.9000244140625,-358.97998046875
10800,-413.239990234375,7.91279411315918,7.174468994140625,4.505078315734863,-413.239990234375,-411.0,28.616470336914062,-469.0799865722656,-463.0,-454.0,-431.25,-411.0,-394.0,-374.0,-367.9000244140625,-358.97998046875
10860,-413.2599792480469,7.900842666625977,7.175983428955078,4.455727577209473,-413.260009765625,-411.0,28.585529327392578,-469.0799865722656,-463.0,-454.0,-431.25,-411.0,-394.0,-374.0,-369.8000183105469,-358.97998046875
10920,-413.3599853515625,7.890058517456055,7.176675319671631,4.411234736442566,-413.3599853515625,-411.0,28.472272872924805,-469.0799865722656,-463.0,-454.0,-431.25,-411.0,-394.0,-375.79998779296875,-371.70001220703125,-358.97998046875
10980,-413.3599853515625,7.878585338592529,7.176765441894531,4.363966226577759,-413.3599853515625,-411.0,28.472272872924805,-469.0799865722656,-463.0,-454.0,-431.25,-411.0,-394.0,-375.79998779296875,-371.70001220703125,-358.97998046875
11040,-413.3999938964844,7.867327690124512,7.178742408752441,4.319226384162903,-413.3999938964844,-411.0,28.4647159576416,-469.0799865722656,-463.0,-454.0,-431.25,-411.0,-394.0,-375.79998779296875,-371.70001220703125,-358.97998046875
11100,-413.44000244140625,7.85515022277832,7.17742919921875,4.277572989463806,-413.44000244140625,-411.0,28.426158905029297,-469.0799865722656,-463.0,-454.0,-431.25,-411.0,-394.0,-375.79998779296875,-371.70001220703125,-358.97998046875
11160,-413.55999755859375,7.843719482421875,7.175588130950928,4.238129436969757,-413.55999755859375,-411.0,28.33172035217285,-469.0799865722656,-463.0,-454.0,-432.0,-411.0,-394.0,-375.79998779296875,-371.70001220703125,-358.97998046875
11220,-413.55999755859375,7.830933570861816,7.1725263595581055,4.194669663906097,-413.55999755859375,-411.0,28.33172035217285,-469.0799865722656,-463.0,-454.0,-432.0,-411.0,-394.0,-375.79998779296875,-371.70001220703125,-358.97998046875
11280,-413.55999755859375,7.818569183349609,7.16956901550293,4.150727033615112,-413.55999755859375,-411.0,28.33172035217285,-469.0799865722656,-463.0,-454.0,-432.0,-411.0,-394.0,-375.79998779296875,-371.70001220703125,-358.97998046875
11340,-413.6199951171875,7.800264358520508,7.159679412841797,4.105930149555206,-413.6199951171875,-411.0,28.29232406616211,-469.0799865722656,-463.0,-454.0,-432.0,-411.0,-394.0,-375.79998779296875,-371.70001220703125,-358.97998046875
11400,-413.6199951171875,7.791793346405029,7.163005352020264,4.06042867898941,-413.6199951171875,-411.0,28.29232406616211,-469.0799865722656,-463.0,-454.0,-432.0,-411.0,-394.0,-375.79998779296875,-371.70001220703125,-358.97998046875
11460,-413.6399841308594,7.788272380828857,7.166350364685059,4.023522138595581,-413.6400146484375,-411.0,28.29753303527832,-469.0799865722656,-463.0,-454.0,-432.0,-411.0,-394.0,-375.79998779296875,-371.70001220703125,-358.97998046875
11520,-413.6399841308594,7.7728400230407715,7.158626556396484,3.991105854511261,-413.6400146484375,-411.0,28.29753303527832,-469.0799865722656,-463.0,-454.0,-432.0,-411.0,-394.0,-375.79998779296875,-371.70001220703125,-358.97998046875
11580,-413.6600036621094,7.761889457702637,7.1551833152771,3.957537293434143,-413.6600036621094,-411.0,28.333097457885742,-469.0799865722656,-463.1000061035156,-454.0,-432.0,-411.0,-394.0,-375.79998779296875,-371.70001220703125,-358.97998046875
11640,-413.7200012207031,7.749444484710693,7.152182579040527,3.9149336218833923,-413.7200012207031,-411.0,28.325281143188477,-469.0799865722656,-463.1000061035156,-454.0,-432.0,-411.0,-394.0,-375.79998779296875,-371.70001220703125,-358.97998046875
11700,-413.739990234375,7.737929344177246,7.150137901306152,3.878735303878784,-413.739990234375,-411.0,28.306400299072266,-469.0799865722656,-463.1000061035156,-454.0,-432.0,-411.0,-394.0,-375.79998779296875,-371.70001220703125,-358.97998046875
11760,-413.739990234375,7.730476379394531,7.150782585144043,3.8445335030555725,-413.739990234375,-411.0,28.306400299072266,-469.0799865722656,-463.1000061035156,-454.0,-432.0,-411.0,-394.0,-375.79998779296875,-371.70001220703125,-358.97998046875
11820,-413.739990234375,7.72840690612793,7.158280849456787,3.8050944805145264,-413.739990234375,-411.0,28.306400299072266,-469.0799865722656,-463.1000061035156,-454.0,-432.0,-411.0,-394.0,-375.79998779296875,-371.70001220703125,-358.97998046875
11880,-413.8399963378906,7.724226951599121,7.162665367126465,3.7705546021461487,-413.8399963378906,-411.0,28.324800491333008,-469.0799865722656,-463.1000061035156,-454.0,-432.0,-411.0,-394.0,-375.79998779296875,-371.70001220703125,-358.97998046875
11940,-413.8800048828125,7.710290908813477,7.1586127281188965,3.7262889742851257,-413.8800048828125,-411.0,28.327823638916016,-469.0799865722656,-463.1000061035156,-454.0,-432.0,-411.0,-394.0,-375.79998779296875,-371.70001220703125,-358.97998046875
12000,-413.8800048828125,7.704520225524902,7.160922527313232,3.6932230591773987,-413.8800048828125,-411.0,28.327823638916016,-469.0799865722656,-463.1000061035156,-454.0,-432.0,-411.0,-394.0,-375.79998779296875,-371.70001220703125,-358.97998046875
12060,-413.91998291015625,7.698299407958984,7.162351608276367,3.657807171344757,-413.9200134277344,-411.0,28.27425765991211,-469.0799865722656,-463.1000061035156,-454.0,-432.0,-411.0,-394.0,-377.79998779296875,-371.70001220703125,-358.97998046875
12120,-413.91998291015625,7.696330547332764,7.1683349609375,3.621843099594116,-413.9200134277344,-411.0,28.27425765991211,-469.0799865722656,-463.1000061035156,-454.0,-432.0,-411.0,-394.0,-377.79998779296875,-371.70001220703125,-358.97998046875
12180,-413.94000244140625,7.685405731201172,7.164646148681641,3.588409662246704,-413.94000244140625,-411.0,28.25732421875,-469.0799865722656,-463.1000061035156,-454.0,-432.0,-411.0,-394.0,-377.79998779296875,-371.70001220703125,-358.97998046875
12240,-413.9599914550781,7.684567451477051,7.1696600914001465,3.5614147186279297,-413.9599914550781,-411.0,28.266559600830078,-469.0799865722656,-463.1000061035156,-454.0,-432.0,-411.0,-394.0,-377.79998779296875,-371.70001220703125,-358.97998046875
12300,-414.0999755859375,7.675078868865967,7.166438102722168,3.5260661840438843,-414.1000061035156,-411.0,28.331430435180664,-469.0799865722656,-463.1000061035156,-454.0,-432.0,-411.0,-394.0,-377.79998779296875,-371.70001220703125,-358.97998046875
12360,-414.2200012207031,7.671381950378418,7.167693138122559,3.497088313102722,-414.2200012207031,-411.0,28.269977569580078,-469.0799865722656,-463.1000061035156,-454.0,-432.0,-411.0,-394.0,-377.79998779296875,-371.70001220703125,-358.97998046875
12420,-414.2599792480469,7.668129920959473,7.170262813568115,3.470167100429535,-414.260009765625,-411.0,28.29509162902832,-469.0799865722656,-463.1000061035156,-454.0,-432.25,-411.0,-394.0,-377.79998779296875,-371.70001220703125,-358.97998046875
12480,-414.2599792480469,7.6602630615234375,7.168517112731934,3.439970910549164,-414.260009765625,-411.0,28.29509162902832,-469.0799865722656,-463.1000061035156,-454.0,-432.25,-411.0,-394.0,-377.79998779296875,-371.70001220703125,-358.97998046875
12540,-414.3599853515625,7.653500556945801,7.166684150695801,3.4156494736671448,-414.3599853515625,-411.0,28.293291091918945,-469.0799865722656,-463.1000061035156,-454.0,-432.25,-411.0,-394.0,-377.79998779296875,-371.70001220703125,-358.97998046875
12600,-414.3599853515625,7.649461269378662,7.170283317565918,3.3826392889022827,-414.3599853515625,-411.0,28.293291091918945,-469.0799865722656,-463.1000061035156,-454.0,-432.25,-411.0,-394.0,-377.79998779296875,-371.70001220703125,-358.97998046875
12660,-414.3800048828125,7.6375651359558105,7.166097164154053,3.3518707752227783,-414.3800048828125,-411.0,28.28666877746582,-469.0799865722656,-463.1000061035156,-454.0,-432.25,-411.0,-394.0,-377.79998779296875,-371.70001220703125,-358.97998046875
12720,-414.3800048828125,7.629382610321045,7.165024757385254,3.325744867324829,-414.3800048828125,-411.0,28.28666877746582,-469.0799865722656,-463.1000061035156,-454.0,-432.25,-411.0,-394.0,-377.79998779296875,-371.70001220703125,-358.97998046875
12780,-414.3999938964844,7.618262767791748,7.160867214202881,3.2935543060302734,-414.3999938964844,-411.0,28.32172393798828,-469.0799865722656,-465.0,-454.0,-432.25,-411.0,-394.0,-377.79998779296875,-371.70001220703125,-358.97998046875
12840,-414.3999938964844,7.61197566986084,7.16024112701416,3.2659706473350525,-414.3999938964844,-411.0,28.32172393798828,-469.0799865722656,-465.0,-454.0,-432.25,-411.0,-394.0,-377.79998779296875,-371.70001220703125,-358.97998046875
12900,-414.3999938964844,7.599451065063477,7.153414726257324,3.23650860786438,-414.3999938964844,-411.0,28.32172393798828,-469.0799865722656,-465.0,-454.0,-432.25,-411.0,-394.0,-377.79998779296875,-371.70001220703125,-358.97998046875
12960,-414.3999938964844,7.593443870544434,7.153741359710693,3.2082316279411316,-414.3999938964844,-411.0,28.32172393798828,-469.0799865722656,-465.0,-454.0,-432.25,-411.0,-394.0,-377.79998779296875,-371.70001220703125,-358.97998046875
13020,-414.3999938964844,7.584748268127441,7.151261329650879,3.1805840730667114,-414.3999938964844,-411.0,28.32172393798828,-469.0799865722656,-465.0,-454.0,-432.25,-411.0,-394.0,-377.79998779296875,-371.70001220703125,-358.97998046875
13080,-414.41998291015625,7.580808162689209,7.154543876647949,3.1511850357055664,-414.4200134277344,-411.0,28.336965560913086,-469.0799865722656,-465.0,-454.0,-432.25,-411.0,-394.0,-377.79998779296875,-371.70001220703125,-358.97998046875
13140,-414.41998291015625,7.58160924911499,7.159170150756836,3.1283658742904663,-414.4200134277344,-411.0,28.336965560913086,-469.0799865722656,-465.0,-454.0,-432.25,-411.0,-394.0,-377.79998779296875,-371.70001220703125,-358.97998046875
13200,-414.44000244140625,7.5794901847839355,7.162633419036865,3.102678954601288,-414.44000244140625,-411.0,28.326072692871094,-469.0799865722656,-465.0,-454.0,-432.25,-411.0,-394.0,-377.79998779296875,-371.70001220703125,-358.97998046875
13260,-414.5199890136719,7.575142860412598,7.163426876068115,3.076589584350586,-414.5199890136719,-411.0,28.4008731842041,-469.0799865722656,-465.0,-454.0,-432.5,-411.0,-394.0,-377.79998779296875,-371.70001220703125,-358.97998046875
13320,-414.5199890136719,7.5778937339782715,7.1694159507751465,3.0541872382164,-414.5199890136719,-411.0,28.4008731842041,-469.0799865722656,-465.0,-454.0,-432.5,-411.0,-394.0,-377.79998779296875,-371.70001220703125,-358.97998046875
13380,-414.55999755859375,7.570666313171387,7.167731285095215,3.028960704803467,-414.55999755859375,-411.0,28.411378860473633,-469.0799865722656,-465.0,-454.0,-432.5,-411.0,-394.0,-377.79998779296875,-371.70001220703125,-358.97998046875
13440,-414.5999755859375,7.567170143127441,7.167335510253906,3.0100684762001038,-414.6000061035156,-411.0,28.337255477905273,-469.0799865722656,-465.0,-454.0,-432.5,-411.0,-394.0,-377.79998779296875,-371.70001220703125,-358.97998046875
13500,-414.5999755859375,7.561246871948242,7.16871976852417,2.9797797799110413,-414.6000061035156,-411.0,28.337255477905273,-469.0799865722656,-465.0,-454.0,-432.5,-411.0,-394.0,-377.79998779296875,-371.70001220703125,-358.97998046875
13560,-414.5999755859375,7.558436870574951,7.170291900634766,2.962190866470337,-414.6000061035156,-411.0,28.337255477905273,-469.0799865722656,-465.0,-454.0,-432.5,-411.0,-394.0,-377.79998779296875,-371.70001220703125,-358.97998046875
13620,-414.6199951171875,7.560269355773926,7.175801753997803,2.939428150653839,-414.6199951171875,-411.0,28.321290969848633,-469.0799865722656,-465.0,-454.0,-432.5,-411.0,-394.0,-377.79998779296875,-371.70001220703125,-358.97998046875
13680,-414.67999267578125,7.557851314544678,7.17804479598999,2.9152421355247498,-414.67999267578125,-412.0,28.311439514160156,-469.0799865722656,-465.0,-454.0,-432.5,-412.0,-394.0,-377.79998779296875,-371.70001220703125,-358.97998046875
13740,-414.67999267578125,7.556283950805664,7.18076229095459,2.8942549228668213,-414.67999267578125,-412.0,28.311439514160156,-469.0799865722656,-465.0,-454.0,-432.5,-412.0,-394.0,-377.79998779296875,-371.70001220703125,-358.97998046875
13800,-414.7200012207031,7.545753479003906,7.175596237182617,2.8664533495903015,-414.7200012207031,-412.0,28.262371063232422,-469.0799865722656,-465.0,-454.0,-432.5,-412.0,-394.0,-377.79998779296875,-371.70001220703125,-359.97998046875
13860,-414.739990234375,7.5381975173950195,7.172841548919678,2.8403067588806152,-414.739990234375,-412.0,28.265392303466797,-469.0799865722656,-465.0,-454.0,-432.5,-412.0,-394.0,-377.79998779296875,-371.70001220703125,-359.97998046875
13920,-414.7799987792969,7.531611919403076,7.170640468597412,2.816368281841278,-414.7799987792969,-412.5,28.261484146118164,-469.0799865722656,-465.0,-454.0,-432.5,-412.5,-394.0,-377.79998779296875,-371.70001220703125,-359.97998046875
13980,-414.7799987792969,7.527651786804199,7.170487880706787,2.796263635158539,-414.7799987792969,-412.5,28.261484146118164,-469.0799865722656,-465.0,-454.0,-432.5,-412.5,-394.0,-377.79998779296875,-371.70001220703125,-359.97998046875
14040,-414.97998046875,7.5173540115356445,7.163489818572998,2.772285521030426,-414.9800109863281,-413.5,28.195030212402344,-469.0799865722656,-465.0,-454.0,-432.5,-413.5,-395.5,-377.79998779296875,-371.70001220703125,-359.97998046875
14100,-414.97998046875,7.515732765197754,7.1674957275390625,2.746033191680908,-414.9800109863281,-413.5,28.195030212402344,-469.0799865722656,-465.0,-454.0,-432.5,-413.5,-395.5,-377.79998779296875,-371.70001220703125,-359.97998046875
14160,-414.97998046875,7.511415004730225,7.167437553405762,2.726430833339691,-414.9800109863281,-413.5,28.195030212402344,-469.0799865722656,-465.0,-454.0,-432.5,-413.5,-395.5,-377.79998779296875,-371.70001220703125,-359.97998046875
14220,-415.0799865722656,7.506673336029053,7.167407989501953,2.7001028656959534,-415.0799865722656,-413.5,28.079771041870117,-469.0799865722656,-465.0,-454.0,-432.5,-413.5,-395.5,-379.79998779296875,-371.70001220703125,-359.97998046875
14280,-415.0799865722656,7.500164031982422,7.164340019226074,2.6808419227600098,-415.0799865722656,-413.5,28.079771041870117,-469.0799865722656,-465.0,-454.0,-432.5,-413.5,-395.5,-379.79998779296875,-371.70001220703125,-359.97998046875
14340,-415.1600036621094,7.4915080070495605,7.161027431488037,2.65697705745697,-415.1600036621094,-413.5,28.059478759765625,-469.0799865722656,-465.0,-454.0,-432.5,-413.5,-395.5,-379.79998779296875,-371.70001220703125,-359.97998046875
14400,-415.3399963378906,7.496428489685059,7.168450355529785,2.6392919421195984,-415.3399963378906,-414.0,28.204334259033203,-473.0,-465.0,-454.0,-432.5,-414.0,-395.5,-379.79998779296875,-371.70001220703125,-359.97998046875
14460,-415.3399963378906,7.488280773162842,7.162984371185303,2.622139632701874,-415.3399963378906,-414.0,28.204334259033203,-473.0,-465.0,-454.0,-432.5,-414.0,-395.5,-379.79998779296875,-371.70001220703125,-359.97998046875
14520,-415.3399963378906,7.483144283294678,7.161566734313965,2.600361466407776,-415.3399963378906,-414.0,28.204334259033203,-473.0,-465.0,-454.0,-432.5,-414.0,-395.5,-379.79998779296875,-371.70001220703125,-359.97998046875
14580,-415.3399963378906,7.479150772094727,7.161414623260498,2.58050400018692,-415.3399963378906,-414.0,28.204334259033203,-473.0,-465.0,-454.0,-432.5,-414.0,-395.5,-379.79998779296875,-371.70001220703125,-359.97998046875
14640,-415.41998291015625,7.477659225463867,7.164897918701172,2.558777928352356,-415.4200134277344,-414.0,28.15499496459961,-473.0,-465.0,-454.0,-432.5,-414.0,-396.0,-379.79998779296875,-371.70001220703125,-359.97998046875
14700,-415.41998291015625,7.47531270980835,7.16590690612793,2.5391610860824585,-415.4200134277344,-414.0,28.15499496459961,-473.0,-465.0,-454.0,-432.5,-414.0,-396.0,-379.79998779296875,-371.70001220703125,-359.97998046875
14760,-415.41998291015625,7.472293376922607,7.164079189300537,2.526107609272003,-415.4200134277344,-414.0,28.15499496459961,-473.0,-465.0,-454.0,-432.5,-414.0,-396.0,-379.79998779296875,-371.70001220703125,-359.97998046875
14820,-415.41998291015625,7.472297668457031,7.166825771331787,2.5075143575668335,-415.4200134277344,-414.0,28.15499496459961,-473.0,-465.0,-454.0,-432.5,-414.0,-396.0,-379.79998779296875,-371.70001220703125,-359.97998046875
14880,-415.41998291015625,7.472113609313965,7.169703483581543,2.485792577266693,-415.4200134277344,-414.0,28.15499496459961,-473.0,-465.0,-454.0,-432.5,-414.0,-396.0,-379.79998779296875,-371.70001220703125,-359.97998046875
14940,-415.47998046875,7.470040798187256,7.170496940612793,2.4725213050842285,-415.4800109863281,-416.0,28.154033660888672,-473.0,-465.0,-454.0,-432.5,-416.0,-396.0,-379.79998779296875,-371.70001220703125,-359.97998046875
15000,-415.47998046875,7.468583583831787,7.171525478363037,2.456585943698883,-415.4800109863281,-416.0,28.154033660888672,-473.0,-465.0,-454.0,-432.5,-416.0,-396.0,-379.79998779296875,-371.70001220703125,-359.97998046875
15060,-415.47998046875,7.46747350692749,7.174761772155762,2.43439120054245,-415.4800109863281,-416.0,28.154033660888672,-473.0,-465.0,-454.0,-432.5,-416.0,-396.0,-379.79998779296875,-371.70001220703125,-359.97998046875
15120,-415.47998046875,7.46560001373291,7.174888610839844,2.4167744517326355,-415.4800109863281,-416.0,28.154033660888672,-473.0,-465.0,-454.0,-432.5,-416.0,-396.0,-379.79998779296875,-371.70001220703125,-359.97998046875
15180,-415.47998046875,7.455937385559082,7.16785192489624,2.3974244594573975,-415.4800109863281,-416.0,28.154033660888672,-473.0,-465.0,-454.0,-432.5,-416.0,-396.0,-379.79998779296875,-371.70001220703125,-359.97998046875
15240,-415.53997802734375,7.4543352127075195,7.16668701171875,2.382207989692688,-415.5400085449219,-416.0,28.13162612915039,-473.0,-465.0,-454.0,-432.5,-416.0,-396.0,-379.79998779296875,-371.70001220703125,-359.97998046875
15300,-415.53997802734375,7.458456039428711,7.171748161315918,2.3691571950912476,-415.5400085449219,-416.0,28.13162612915039,-473.0,-465.0,-454.0,-432.5,-416.0,-396.0,-379.79998779296875,-371.70001220703125,-359.97998046875
15360,-415.5799865722656,7.453804969787598,7.172053813934326,2.35197114944458,-415.5799865722656,-416.0,28.167776107788086,-473.0,-465.0,-454.0,-432.5,-416.0,-396.0,-379.79998779296875,-371.70001220703125,-359.97998046875
15420,-415.5999755859375,7.443449020385742,7.167111873626709,2.3283135294914246,-415.6000061035156,-416.0,28.170196533203125,-473.0,-465.0,-454.0,-432.5,-416.0,-396.0,-379.79998779296875,-371.70001220703125,-359.97998046875
15480,-415.5999755859375,7.433316230773926,7.1612868309021,2.308115065097809,-415.6000061035156,-416.0,28.170196533203125,-473.0,-465.0,-454.0,-432.5,-416.0,-396.0,-379.79998779296875,-371.70001220703125,-359.97998046875
15540,-415.7200012207031,7.430293560028076,7.161431789398193,2.2896841168403625,-415.7200012207031,-416.0,28.08917236328125,-473.0,-465.0,-454.0,-432.5,-416.0,-396.0,-379.79998779296875,-371.70001220703125,-359.97998046875
15600,-415.7200012207031,7.4310736656188965,7.16528844833374,2.2740676403045654,-415.7200012207031,-416.0,28.08917236328125,-473.0,-465.0,-454.0,-432.5,-416.0,-396.0,-379.79998779296875,-371.70001220703125,-359.97998046875
15660,-415.7200012207031,7.4260663986206055,7.163749694824219,2.2570311427116394,-415.7200012207031,-416.0,28.08917236328125,-473.0,-465.0,-454.0,-432.5,-416.0,-396.0,-379.79998779296875,-371.70001220703125,-359.97998046875
15720,-415.739990234375,7.421163082122803,7.161920547485352,2.236340284347534,-415.739990234375,-416.0,28.070131301879883,-473.0,-465.0,-454.0,-432.5,-416.0,-396.0,-379.79998779296875,-371.70001220703125,-359.97998046875
15780,-415.739990234375,7.425847053527832,7.168861389160156,2.2211835384368896,-415.739990234375,-416.0,28.070131301879883,-473.0,-465.0,-454.0,-432.5,-416.0,-396.0,-379.79998779296875,-371.70001220703125,-359.97998046875
15840,-415.7799987792969,7.423539638519287,7.168612480163574,2.2073044180870056,-415.7799987792969,-416.0,28.01913070678711,-473.0,-465.0,-454.0,-432.5,-416.0,-396.0,-381.79998779296875,-371.70001220703125,-359.97998046875
15900,-415.7799987792969,7.417623043060303,7.164254188537598,2.19635272026062,-415.7799987792969,-416.0,28.01913070678711,-473.0,-465.0,-454.0,-432.5,-416.0,-396.0,-381.79998779296875,-371.70001220703125,-359.97998046875
15960,-415.79998779296875,7.414084434509277,7.163323402404785,2.182206094264984,-415.79998779296875,-416.0,28.0142822265625,-473.0,-465.0,-454.0,-432.5,-416.0,-396.0,-381.79998779296875,-371.70001220703125,-359.97998046875
16020,-415.79998779296875,7.410399436950684,7.16371488571167,2.1646401286125183,-415.79998779296875,-416.0,28.0142822265625,-473.0,-465.0,-454.0,-432.5,-416.0,-396.0,-381.79998779296875,-371.70001220703125,-359.97998046875
16080,-415.79998779296875,7.407944679260254,7.1639227867126465,2.14812371134758,-415.79998779296875,-416.0,28.0142822265625,-473.0,-465.0,-454.0,-432.5,-416.0,-396.0,-381.79998779296875,-371.70001220703125,-359.97998046875
16140,-415.79998779296875,7.406553268432617,7.1643524169921875,2.1337311267852783,-415.79998779296875,-416.0,28.0142822265625,-473.0,-465.0,-454.0,-432.5,-416.0,-396.0,-381.79998779296875,-371.70001220703125,-359.97998046875
16200,-415.79998779296875,7.408543586730957,7.168849945068359,2.120186001062393,-415.79998779296875,-416.0,28.0142822265625,-473.0,-465.0,-454.0,-432.5,-416.0,-396.0,-381.79998779296875,-371.70001220703125,-359.97998046875
16260,-415.79998779296875,7.403991222381592,7.166587829589844,2.1078597009181976,-415.79998779296875,-416.0,28.0142822265625,-473.0,-465.0,-454.0,-432.5,-416.0,-396.0,-381.79998779296875,-371.70001220703125,-359.97998046875
16320,-415.8999938964844,7.401187419891357,7.166258811950684,2.0929134488105774,-415.8999938964844,-416.0,28.046924591064453,-473.0,-465.0,-454.0,-432.5,-416.0,-396.0,-381.79998779296875,-371.70001220703125,-359.97998046875
16380,-415.8999938964844,7.396042823791504,7.1626296043396,2.081705093383789,-415.8999938964844,-416.0,28.046924591064453,-473.0,-465.0,-454.0,-432.5,-416.0,-396.0,-381.79998779296875,-371.70001220703125,-359.97998046875
16440,-415.94000244140625,7.397472381591797,7.165412902832031,2.0706364810466766,-415.94000244140625,-418.0,28.047039031982422,-473.0,-465.0,-454.0,-432.5,-418.0,-396.0,-381.79998779296875,-371.70001220703125,-359.97998046875
16500,-415.94000244140625,7.398848533630371,7.1691436767578125,2.058001548051834,-415.94000244140625,-418.0,28.047039031982422,-473.0,-465.0,-454.0,-432.5,-418.0,-396.0,-381.79998779296875,-371.70001220703125,-359.97998046875
16560,-415.94000244140625,7.393432140350342,7.166394233703613,2.0450423061847687,-415.94000244140625,-418.0,28.047039031982422,-473.0,-465.0,-454.0,-432.5,-418.0,-396.0,-381.79998779296875,-371.70001220703125,-359.97998046875
16620,-415.94000244140625,7.393582820892334,7.166909694671631,2.0358629524707794,-415.94000244140625,-418.0,28.047039031982422,-473.0,-465.0,-454.0,-432.5,-418.0,-396.0,-381.79998779296875,-371.70001220703125,-359.97998046875
16680,-415.94000244140625,7.396259307861328,7.171257019042969,2.025442123413086,-415.94000244140625,-418.0,28.047039031982422,-473.0,-465.0,-454.0,-432.5,-418.0,-396.0,-381.79998779296875,-371.70001220703125,-359.97998046875
16740,-415.94000244140625,7.398259162902832,7.1754374504089355,2.0132750272750854,-415.94000244140625,-418.0,28.047039031982422,-473.0,-465.0,-454.0,-432.5,-418.0,-396.0,-381.79998779296875,-371.70001220703125,-359.97998046875
16800,-416.0,7.3948211669921875,7.174005508422852,2.0005597174167633,-416.0,-418.0,28.032123565673828,-473.0,-465.0,-454.0,-432.5,-418.0,-396.0,-381.79998779296875,-371.70001220703125,-359.97998046875
16860,-416.0199890136719,7.389923095703125,7.170930862426758,1.9889675676822662,-416.0199890136719,-418.0,28.009990692138672,-473.0,-465.0,-454.0,-432.5,-418.0,-396.0,-381.79998779296875,-371.70001220703125,-359.97998046875
16920,-416.0199890136719,7.390649795532227,7.173088073730469,1.9775612354278564,-416.0199890136719,-418.0,28.009990692138672,-473.0,-465.0,-454.0,-432.5,-418.0,-396.0,-381.79998779296875,-371.70001220703125,-359.97998046875
16980,-416.05999755859375,7.397414684295654,7.180299758911133,1.968573659658432,-416.05999755859375,-418.0,27.994220733642578,-473.0,-465.0,-454.0,-432.5,-418.0,-396.0,-381.79998779296875,-371.70001220703125,-359.97998046875
17040,-416.05999755859375,7.394654750823975,7.179208278656006,1.9577447474002838,-416.05999755859375,-418.0,27.994220733642578,-473.0,-465.0,-454.0,-432.5,-418.0,-396.0,-381.79998779296875,-371.70001220703125,-359.97998046875
17100,-416.05999755859375,7.397366523742676,7.182412624359131,1.948761224746704,-416.05999755859375,-418.0,27.994220733642578,-473.0,-465.0,-454.0,-432.5,-418.0,-396.0,-381.79998779296875,-371.70001220703125,-359.97998046875
17160,-416.05999755859375,7.397124290466309,7.185338497161865,1.9318722784519196,-416.05999755859375,-418.0,27.994220733642578,-473.0,-465.0,-454.0,-432.5,-418.0,-396.0,-381.79998779296875,-371.70001220703125,-359.97998046875
17220,-416.05999755859375,7.3981475830078125,7.188684463500977,1.9195682406425476,-416.05999755859375,-418.0,27.994220733642578,-473.0,-465.0,-454.0,-432.5,-418.0,-396.0,-381.79998779296875,-371.70001220703125,-359.97998046875
17280,-416.1399841308594,7.398349285125732,7.191316604614258,1.9045357704162598,-416.1400146484375,-418.0,27.919532775878906,-473.0,-465.0,-454.0,-432.5,-418.0,-396.0,-381.79998779296875,-371.70001220703125,-359.97998046875
17340,-416.1399841308594,7.395778656005859,7.190032005310059,1.892905980348587,-416.1400146484375,-418.0,27.919532775878906,-473.0,-465.0,-454.0,-432.5,-418.0,-396.0,-381.79998779296875,-371.70001220703125,-359.97998046875
17400,-416.1600036621094,7.395164489746094,7.192643642425537,1.88019660115242,-416.1600036621094,-418.0,27.913694381713867,-473.0,-465.0,-454.0,-432.5,-418.0,-396.0,-381.79998779296875,-371.70001220703125,-359.97998046875
17460,-416.17999267578125,7.391934871673584,7.193012237548828,1.864688903093338,-416.17999267578125,-418.0,27.91572380065918,-473.0,-465.0,-454.0,-432.5,-418.0,-396.0,-381.79998779296875,-371.70001220703125,-359.97998046875
17520,-416.17999267578125,7.394463539123535,7.197113990783691,1.854306548833847,-416.17999267578125,-418.0,27.91572380065918,-473.0,-465.0,-454.0,-432.5,-418.0,-396.0,-381.79998779296875,-371.70001220703125,-359.97998046875
17580,-416.17999267578125,7.393329620361328,7.196994304656982,1.8470177948474884,-416.17999267578125,-418.0,27.91572380065918,-473.0,-465.0,-454.0,-432.5,-418.0,-396.0,-381.79998779296875,-371.70001220703125,-359.97998046875
17640,-416.17999267578125,7.393645286560059,7.198060512542725,1.8389312028884888,-416.17999267578125,-418.0,27.91572380065918,-473.0,-465.0,-454.0,-432.5,-418.0,-396.0,-381.79998779296875,-371.70001220703125,-359.97998046875
17700,-416.2599792480469,7.393470764160156,7.199847221374512,1.8290177881717682,-416.260009765625,-418.0,27.920822143554688,-473.0,-465.0,-454.0,-432.5,-418.0,-396.0,-381.79998779296875,-371.70001220703125,-359.97998046875
17760,-416.2599792480469,7.393085479736328,7.200341701507568,1.821623831987381,-416.260009765625,-418.0,27.920822143554688,-473.0,-465.0,-454.0,-432.5,-418.0,-396.0,-381.79998779296875,-371.70001220703125,-359.97998046875
17820,-416.2599792480469,7.392953395843506,7.202043056488037,1.8117749989032745,-416.260009765625,-418.0,27.920822143554688,-473.0,-465.0,-454.0,-432.5,-418.0,-396.0,-381.79998779296875,-371.70001220703125,-359.97998046875
17880,-416.2599792480469,7.386939525604248,7.197707176208496,1.7972428798675537,-416.260009765625,-418.0,27.920822143554688,-473.0,-465.0,-454.0,-432.5,-418.0,-396.0,-381.79998779296875,-371.70001220703125,-359.97998046875
17940,-416.2599792480469,7.387297630310059,7.199061393737793,1.7863260805606842,-416.260009765625,-418.0,27.920822143554688,-473.0,-465.0,-454.0,-432.5,-418.0,-396.0,-381.79998779296875,-371.70001220703125,-359.97998046875
18000,-416.2599792480469,7.387725353240967,7.200472831726074,1.7761343717575073,-416.260009765625,-418.0,27.920822143554688,-473.0,-465.0,-454.0,-432.5,-418.0,-396.0,-381.79998779296875,-371.70001220703125,-359.97998046875
18060,-416.2799987792969,7.387481689453125,7.200977325439453,1.7658389508724213,-416.2799987792969,-418.0,27.924213409423828,-473.0,-465.0,-454.0,-432.5,-418.0,-396.0,-381.79998779296875,-371.70001220703125,-359.97998046875
18120,-416.2799987792969,7.387111186981201,7.202828884124756,1.7533925771713257,-416.2799987792969,-418.0,27.924213409423828,-473.0,-465.0,-454.0,-432.5,-418.0,-396.0,-381.79998779296875,-371.70001220703125,-359.97998046875
18180,-416.2799987792969,7.384786128997803,7.201617240905762,1.746487021446228,-416.2799987792969,-418.0,27.924213409423828,-473.0,-465.0,-454.0,-432.5,-418.0,-396.0,-381.79998779296875,-371.70001220703125,-359.97998046875
18240,-416.2799987792969,7.378854751586914,7.198963165283203,1.7339517772197723,-416.2799987792969,-418.0,27.924213409423828,-473.0,-465.0,-454.0,-432.5,-418.0,-396.0,-381.79998779296875,-371.70001220703125,-359.97998046875
18300,-416.2799987792969,7.370311260223389,7.1922221183776855,1.7231687605381012,-416.2799987792969,-418.0,27.924213409423828,-473.0,-465.0,-454.0,-432.5,-418.0,-396.0,-381.79998779296875,-371.70001220703125,-359.97998046875
18360,-416.2799987792969,7.371463298797607,7.19525671005249,1.7147001326084137,-416.2799987792969,-418.0,27.924213409423828,-473.0,-465.0,-454.0,-432.5,-418.0,-396.0,-381.79998779296875,-371.70001220703125,-359.97998046875
18420,-416.2799987792969,7.373168468475342,7.1972503662109375,1.7063151597976685,-416.2799987792969,-418.0,27.924213409423828,-473.0,-465.0,-454.0,-432.5,-418.0,-396.0,-381.79998779296875,-371.70001220703125,-359.97998046875
18480,-416.2799987792969,7.376342296600342,7.202710151672363,1.6946999430656433,-416.2799987792969,-418.0,27.924213409423828,-473.0,-465.0,-454.0,-432.5,-418.0,-396.0,-381.79998779296875,-371.70001220703125,-359.97998046875
18540,-416.2799987792969,7.377510070800781,7.204388618469238,1.684596449136734,-416.2799987792969,-418.0,27.924213409423828,-473.0,-465.0,-454.0,-432.5,-418.0,-396.0,-381.79998779296875,-371.70001220703125,-359.97998046875
18600,-416.2799987792969,7.376662254333496,7.205458641052246,1.6750693619251251,-416.2799987792969,-418.0,27.924213409423828,-473.0,-465.0,-454.0,-432.5,-418.0,-396.0,-381.79998779296875,-371.70001220703125,-359.97998046875
18660,-416.29998779296875,7.373586177825928,7.201973915100098,1.667697548866272,-416.29998779296875,-418.0,27.929018020629883,-473.0,-465.0,-454.0,-432.5,-418.0,-396.0,-381.79998779296875,-371.70001220703125,-359.97998046875
18720,-416.29998779296875,7.374431610107422,7.203038692474365,1.6628678441047668,-416.29998779296875,-418.0,27.929018020629883,-473.0,-465.0,-454.0,-432.5,-418.0,-396.0,-381.79998779296875,-371.70001220703125,-359.97998046875
18780,-416.3199768066406,7.366696357727051,7.19716739654541,1.6511309146881104,-416.32000732421875,-418.0,27.94883918762207,-473.0,-465.0,-454.0,-432.5,-418.0,-396.0,-381.79998779296875,-371.70001220703125,-359.97998046875
18840,-416.3199768066406,7.370217323303223,7.2034454345703125,1.64071124792099,-416.32000732421875,-418.0,27.94883918762207,-473.0,-465.0,-454.0,-432.5,-418.0,-396.0,-381.79998779296875,-371.70001220703125,-359.97998046875
18900,-416.3399963378906,7.371713638305664,7.2057013511657715,1.6320550739765167,-416.3399963378906,-418.0,27.92498207092285,-473.0,-465.0,-454.0,-432.5,-418.0,-396.0,-381.79998779296875,-371.70001220703125,-359.97998046875
18960,-416.3800048828125,7.368700981140137,7.204195976257324,1.6254368126392365,-416.3800048828125,-418.0,27.938783645629883,-473.0,-465.0,-454.0,-432.5,-418.0,-396.0,-381.79998779296875,-371.70001220703125,-359.97998046875
19020,-416.3800048828125,7.373169898986816,7.210355281829834,1.6141489446163177,-416.3800048828125,-418.0,27.938783645629883,-473.0,-465.0,-454.0,-432.5,-418.0,-396.0,-381.79998779296875,-371.70001220703125,-359.97998046875
19080,-416.3800048828125,7.372094631195068,7.210928916931152,1.6016917526721954,-416.3800048828125,-418.0,27.938783645629883,-473.0,-465.0,-454.0,-432.5,-418.0,-396.0,-381.79998779296875,-371.70001220703125,-359.97998046875
19140,-416.3800048828125,7.374049663543701,7.212864875793457,1.5959616601467133,-416.3800048828125,-418.0,27.938783645629883,-473.0,-465.0,-454.0,-432.5,-418.0,-396.0,-381.79998779296875,-371.70001220703125,-359.97998046875
19200,-416.3800048828125,7.381082057952881,7.2208685874938965,1.5884775817394257,-416.3800048828125,-418.0,27.938783645629883,-473.0,-465.0,-454.0,-432.5,-418.0,-396.0,-381.79998779296875,-371.70001220703125,-359.97998046875
19260,-416.3800048828125,7.3826494216918945,7.223870754241943,1.58221435546875,-416.3800048828125,-418.0,27.938783645629883,-473.0,-465.0,-454.0,-432.5,-418.0,-396.0,-381.79998779296875,-371.70001220703125,-359.97998046875
19320,-416.3800048828125,7.3821330070495605,7.2236480712890625,1.5747506618499756,-416.3800048828125,-418.0,27.938783645629883,-473.0,-465.0,-454.0,-432.5,-418.0,-396.0,-381.79998779296875,-371.70001220703125,-359.97998046875
19380,-416.3800048828125,7.383581161499023,7.226016998291016,1.5676786005496979,-416.3800048828125,-418.0,27.938783645629883,-473.0,-465.0,-454.0,-432.5,-418.0,-396.0,-381.79998779296875,-371.70001220703125,-359.97998046875
19440,-416.3999938964844,7.380326271057129,7.223919868469238,1.5612951815128326,-416.3999938964844,-418.0,27.89910316467285,-473.0,-465.0,-454.0,-432.5,-418.0,-396.0,-381.79998779296875,-371.70001220703125,-361.94000244140625
19500,-416.4599914550781,7.378578186035156,7.222620010375977,1.55430468916893,-416.4599914550781,-418.0,27.966917037963867,-473.0,-465.0,-454.0,-432.5,-418.0,-396.0,-381.79998779296875,-371.70001220703125,-361.94000244140625
19560,-416.4599914550781,7.375158309936523,7.22021484375,1.5449795722961426,-416.4599914550781,-418.0,27.966917037963867,-473.0,-465.0,-454.0,-432.5,-418.0,-396.0,-381.79998779296875,-371.70001220703125,-361.94000244140625
19620,-416.4599914550781,7.375404357910156,7.221719264984131,1.5333635807037354,-416.4599914550781,-418.0,27.966917037963867,-473.0,-465.0,-454.0,-432.5,-418.0,-396.0,-381.79998779296875,-371.70001220703125,-361.94000244140625
19680,-416.47998046875,7.376815319061279,7.223963737487793,1.5253553688526154,-416.4800109863281,-418.0,27.947263717651367,-473.0,-465.0,-454.0,-432.5,-418.0,-396.0,-381.79998779296875,-371.70001220703125,-361.94000244140625
19740,-416.5,7.378445625305176,7.225682735443115,1.5184859037399292,-416.5,-418.0,27.97266387939453,-473.0,-465.0,-454.0,-432.5,-418.0,-396.0,-381.79998779296875,-371.70001220703125,-361.94000244140625
19800,-416.5,7.3772292137146,7.225019454956055,1.5123258829116821,-416.5,-418.0,27.97266387939453,-473.0,-465.0,-454.0,-432.5,-418.0,-396.0,-381.79998779296875,-371.70001220703125,-361.94000244140625
19860,-416.5799865722656,7.371509075164795,7.2209882736206055,1.5044253170490265,-416.5799865722656,-418.0,27.923892974853516,-473.0,-465.0,-454.0,-432.5,-418.0,-396.0,-381.79998779296875,-371.70001220703125,-361.94000244140625
19920,-416.5799865722656,7.373003005981445,7.22321081161499,1.4960925579071045,-416.5799865722656,-418.0,27.923892974853516,-473.0,-465.0,-454.0,-432.5,-418.0,-396.0,-381.79998779296875,-371.70001220703125,-361.94000244140625
19980,-416.6399841308594,7.372703552246094,7.224972724914551,1.490731418132782,-416.6400146484375,-418.0,27.94190788269043,-473.0,-465.0,-454.0,-432.5,-418.0,-396.0,-381.79998779296875,-371.70001220703125,-361.94000244140625
20040,-416.6399841308594,7.3752875328063965,7.227919578552246,1.4846824705600739,-416.6400146484375,-418.0,27.94190788269043,-473.0,-465.0,-454.0,-432.5,-418.0,-396.0,-381.79998779296875,-371.70001220703125,-361.94000244140625
20100,-416.6399841308594,7.375001907348633,7.227146148681641,1.477326363325119,-416.6400146484375,-418.0,27.94190788269043,-473.0,-465.0,-454.0,-432.5,-418.0,-396.0,-381.79998779296875,-371.70001220703125,-361.94000244140625
20160,-416.6399841308594,7.3695220947265625,7.222774028778076,1.4688462615013123,-416.6400146484375,-418.0,27.94190788269043,-473.0,-465.0,-454.0,-432.5,-418.0,-396.0,-381.79998779296875,-371.70001220703125,-361.94000244140625
20220,-416.6399841308594,7.368443965911865,7.221032619476318,1.4640402793884277,-416.6400146484375,-418.0,27.94190788269043,-473.0,-465.0,-454.0,-432.5,-418.0,-396.0,-381.79998779296875,-371.70001220703125,-361.94000244140625
20280,-416.6399841308594,7.367109298706055,7.221345901489258,1.454640954732895,-416.6400146484375,-418.0,27.94190788269043,-473.0,-465.0,-454.0,-432.5,-418.0,-396.0,-381.79998779296875,-371.70001220703125,-361.94000244140625
20340,-416.6399841308594,7.361822128295898,7.219396114349365,1.446216195821762,-416.6400146484375,-418.0,27.94190788269043,-473.0,-465.0,-454.0,-432.5,-418.0,-396.0,-381.79998779296875,-371.70001220703125,-361.94000244140625
20400,-416.6399841308594,7.361454963684082,7.2204999923706055,1.4365847408771515,-416.6400146484375,-418.0,27.94190788269043,-473.0,-465.0,-454.0,-432.5,-418.0,-396.0,-381.79998779296875,-371.70001220703125,-361.94000244140625
20460,-416.6399841308594,7.356413841247559,7.216977596282959,1.427865743637085,-416.6400146484375,-418.0,27.94190788269043,-473.0,-465.0,-454.0,-432.5,-418.0,-396.0,-381.79998779296875,-371.70001220703125,-361.94000244140625
20520,-416.6399841308594,7.358985900878906,7.220561981201172,1.4186467230319977,-416.6400146484375,-418.0,27.94190788269043,-473.0,-465.0,-454.0,-432.5,-418.0,-396.0,-381.79998779296875,-371.70001220703125,-361.94000244140625
20580,-416.6399841308594,7.362652778625488,7.224391937255859,1.4151066541671753,-416.6400146484375,-418.0,27.94190788269043,-473.0,-465.0,-454.0,-432.5,-418.0,-396.0,-381.79998779296875,-371.70001220703125,-361.94000244140625
20640,-416.6399841308594,7.36731481552124,7.230897426605225,1.407289057970047,-416.6400146484375,-418.0,27.94190788269043,-473.0,-465.0,-454.0,-432.5,-418.0,-396.0,-381.79998779296875,-371.70001220703125,-361.94000244140625
20700,-416.6399841308594,7.368457794189453,7.233570098876953,1.3999957144260406,-416.6400146484375,-418.0,27.94190788269043,-473.0,-465.0,-454.0,-432.5,-418.0,-396.0,-381.79998779296875,-371.70001220703125,-361.94000244140625
20760,-416.6399841308594,7.365631103515625,7.231837272644043,1.3915639817714691,-416.6400146484375,-418.0,27.94190788269043,-473.0,-465.0,-454.0,-432.5,-418.0,-396.0,-381.79998779296875,-371.70001220703125,-361.94000244140625
20820,-416.6399841308594,7.362678050994873,7.23068380355835,1.3832733929157257,-416.6400146484375,-418.0,27.94190788269043,-473.0,-465.0,-454.0,-432.5,-418.0,-396.0,-381.79998779296875,-371.70001220703125,-361.94000244140625
20880,-416.6399841308594,7.364147186279297,7.23271369934082,1.37589231133461,-416.6400146484375,-418.0,27.94190788269043,-473.0,-465.0,-454.0,-432.5,-418.0,-396.0,-381.79998779296875,-371.70001220703125,-361.94000244140625
20940,-416.67999267578125,7.370330333709717,7.238180160522461,1.3722527623176575,-416.67999267578125,-418.0,27.897987365722656,-473.0,-465.0,-454.0,-432.5,-418.0,-396.0,-381.79998779296875,-371.70001220703125,-361.94000244140625
21000,-416.67999267578125,7.365736961364746,7.2360334396362305,1.3615726232528687,-416.67999267578125,-418.0,27.897987365722656,-473.0,-465.0,-454.0,-432.5,-418.0,-396.0,-381.79998779296875,-371.70001220703125,-361.94000244140625
21060,-416.67999267578125,7.3658552169799805,7.236423492431641,1.3537083566188812,-416.67999267578125,-418.0,27.897987365722656,-473.0,-465.0,-454.0,-432.5,-418.0,-396.0,-381.79998779296875,-371.70001220703125,-361.94000244140625
21120,-416.67999267578125,7.369623184204102,7.241096496582031,1.345137506723404,-416.67999267578125,-418.0,27.897987365722656,-473.0,-465.0,-454.0,-432.5,-418.0,-396.0,-381.79998779296875,-371.70001220703125,-361.94000244140625
21180,-416.7200012207031,7.370579719543457,7.242132186889648,1.3395035564899445,-416.7200012207031,-418.0,27.899131774902344,-473.0,-465.0,-454.0,-432.5,-418.0,-396.0,-381.79998779296875,-371.70001220703125,-361.94000244140625
21240,-416.7200012207031,7.37008810043335,7.243429183959961,1.333089679479599,-416.7200012207031,-418.0,27.899131774902344,-473.0,-465.0,-454.0,-432.5,-418.0,-396.0,-381.79998779296875,-371.70001220703125,-361.94000244140625
21300,-416.7200012207031,7.375298976898193,7.2498393058776855,1.3224795758724213,-416.7200012207031,-418.0,27.899131774902344,-473.0,-465.0,-454.0,-432.5,-418.0,-396.0,-381.79998779296875,-371.70001220703125,-361.94000244140625
21360,-416.7200012207031,7.370442867279053,7.245500564575195,1.3206766843795776,-416.7200012207031,-418.0,27.899131774902344,-473.0,-465.0,-454.0,-432.5,-418.0,-396.0,-381.79998779296875,-371.70001220703125,-361.94000244140625
21420,-416.7200012207031,7.371343612670898,7.247697353363037,1.3154617547988892,-416.7200012207031,-418.0,27.899131774902344,-473.0,-465.0,-454.0,-432.5,-418.0,-396.0,-381.79998779296875,-371.70001220703125,-361.94000244140625
21480,-416.7200012207031,7.3705973625183105,7.247626304626465,1.31091770529747,-416.7200012207031,-418.0,27.899131774902344,-473.0,-465.0,-454.0,-432.5,-418.0,-396.0,-381.79998779296875,-371.70001220703125,-361.94000244140625
21540,-416.7200012207031,7.368615627288818,7.247382164001465,1.3036088943481445,-416.7200012207031,-418.0,27.899131774902344,-473.0,-465.0,-454.0,-432.5,-418.0,-396.0,-381.79998779296875,-371.70001220703125,-361.94000244140625
21600,-416.7599792480469,7.369508266448975,7.2484130859375,1.2978608906269073,-416.760009765625,-418.0,27.89520263671875,-473.0,-465.0,-454.0,-432.5,-418.0,-396.0,-381.79998779296875,-371.70001220703125,-361.94000244140625
21660,-416.7599792480469,7.375417232513428,7.255385398864746,1.289087176322937,-416.760009765625,-418.0,27.89520263671875,-473.0,-465.0,-454.0,-432.5,-418.0,-396.0,-381.79998779296875,-371.70001220703125,-361.94000244140625
21720,-416.8199768066406,7.375231742858887,7.255931854248047,1.2819905877113342,-416.82000732421875,-418.0,27.930049896240234,-473.0,-465.0,-454.0,-434.5,-418.0,-396.0,-381.79998779296875,-371.70001220703125,-361.94000244140625
21780,-416.8199768066406,7.370166778564453,7.252175807952881,1.2729743123054504,-416.82000732421875,-418.0,27.930049896240234,-473.0,-465.0,-454.0,-434.5,-418.0,-396.0,-381.79998779296875,-371.70001220703125,-361.94000244140625
21840,-416.8199768066406,7.368465423583984,7.251285552978516,1.2671995759010315,-416.82000732421875,-418.0,27.930049896240234,-473.0,-465.0,-454.0,-434.5,-418.0,-396.0,-381.79998779296875,-371.70001220703125,-361.94000244140625
21900,-416.8199768066406,7.364503383636475,7.247930526733398,1.261828899383545,-416.82000732421875,-418.0,27.930049896240234,-473.0,-465.0,-454.0,-434.5,-418.0,-396.0,-381.79998779296875,-371.70001220703125,-361.94000244140625
21960,-416.8199768066406,7.369772911071777,7.2535200119018555,1.25554758310318,-416.82000732421875,-418.0,27.930049896240234,-473.0,-465.0,-454.0,-434.5,-418.0,-396.0,-381.79998779296875,-371.70001220703125,-361.94000244140625
22020,-416.8199768066406,7.367341041564941,7.2518134117126465,1.2484013140201569,-416.82000732421875,-418.0,27.930049896240234,-473.0,-465.0,-454.0,-434.5,-418.0,-396.0,-381.79998779296875,-371.70001220703125,-361.94000244140625
22080,-416.8399963378906,7.366662502288818,7.251594543457031,1.240675687789917,-416.8399963378906,-418.0,27.94520378112793,-473.0,-465.0,-454.0,-434.5,-418.0,-396.0,-381.79998779296875,-371.70001220703125,-361.94000244140625
22140,-416.8399963378906,7.36896276473999,7.25412654876709,1.236517459154129,-416.8399963378906,-418.0,27.94520378112793,-473.0,-465.0,-454.0,-434.5,-418.0,-396.0,-381.79998779296875,-371.70001220703125,-361.94000244140625
22200,-416.8399963378906,7.36640739440918,7.252934455871582,1.2310816645622253,-416.8399963378906,-418.0,27.94520378112793,-473.0,-465.0,-454.0,-434.5,-418.0,-396.0,-381.79998779296875,-371.70001220703125,-361.94000244140625
22260,-416.8999938964844,7.367239952087402,7.2545013427734375,1.2287686467170715,-416.8999938964844,-418.0,27.93474578857422,-473.0,-465.0,-454.0,-434.5,-418.0,-396.0,-381.79998779296875,-371.70001220703125,-361.94000244140625
22320,-416.8999938964844,7.362043380737305,7.249804973602295,1.2212345600128174,-416.8999938964844,-418.0,27.93474578857422,-473.0,-465.0,-454.0,-434.5,-418.0,-396.0,-381.79998779296875,-371.70001220703125,-361.94000244140625
22380,-416.8999938964844,7.356903076171875,7.245641231536865,1.2123512625694275,-416.8999938964844,-418.0,27.93474578857422,-473.0,-465.0,-454.0,-434.5,-418.0,-396.0,-381.79998779296875,-371.70001220703125,-361.94000244140625
22440,-416.8999938964844,7.352970123291016,7.242459297180176,1.2055060267448425,-416.8999938964844,-418.0,27.93474578857422,-473.0,-465.0,-454.0,-434.5,-418.0,-396.0,-381.79998779296875,-371.70001220703125,-361.94000244140625
22500,-416.94000244140625,7.352677345275879,7.242242336273193,1.2019903063774109,-416.94000244140625,-418.0,27.947744369506836,-473.0,-465.0,-454.0,-434.5,-418.0,-396.0,-381.79998779296875,-371.70001220703125,-361.94000244140625
22560,-416.94000244140625,7.348720073699951,7.239097595214844,1.196653038263321,-416.94000244140625,-418.0,27.947744369506836,-473.0,-465.0,-454.0,-434.5,-418.0,-396.0,-381.79998779296875,-371.70001220703125,-361.94000244140625
22620,-416.94000244140625,7.345431804656982,7.237069606781006,1.1882916390895844,-416.94000244140625,-418.0,27.947744369506836,-473.0,-465.0,-454.0,-434.5,-418.0,-396.0,-381.79998779296875,-371.70001220703125,-361.94000244140625
22680,-416.9599914550781,7.339805603027344,7.232109069824219,1.1813885569572449,-416.9599914550781,-418.0,27.91054344177246,-473.0,-465.0,-454.0,-434.5,-418.0,-396.0,-381.79998779296875,-371.70001220703125,-361.94000244140625
22740,-416.9599914550781,7.343541145324707,7.236310958862305,1.1745143234729767,-416.9599914550781,-418.0,27.91054344177246,-473.0,-465.0,-454.0,-434.5,-418.0,-396.0,-381.79998779296875,-371.70001220703125,-361.94000244140625
22800,-416.9599914550781,7.341071128845215,7.235598564147949,1.1636468768119812,-416.9599914550781,-418.0,27.91054344177246,-473.0,-465.0,-454.0,-434.5,-418.0,-396.0,-381.79998779296875,-371.70001220703125,-361.94000244140625
22860,-417.0,7.340414047241211,7.235082626342773,1.159105896949768,-417.0,-418.0,27.914871215820312,-473.0,-465.0,-454.0,-434.5,-418.0,-396.0,-381.79998779296875,-371.70001220703125,-361.94000244140625
22920,-417.0,7.343684673309326,7.23804235458374,1.1570411920547485,-417.0,-418.0,27.914871215820312,-473.0,-465.0,-454.0,-434.5,-418.0,-396.0,-381.79998779296875,-371.70001220703125,-361.94000244140625
22980,-417.0,7.342756271362305,7.238173484802246,1.1502520442008972,-417.0,-418.0,27.914871215820312,-473.0,-465.0,-454.0,-434.5,-418.0,-396.0,-381.79998779296875,-371.70001220703125,-361.94000244140625
23040,-417.0,7.339611053466797,7.237163543701172,1.1411968767642975,-417.0,-418.0,27.914871215820312,-473.0,-465.0,-454.0,-434.5,-418.0,-396.0,-381.79998779296875,-371.70001220703125,-361.94000244140625
23100,-417.0,7.339298248291016,7.238075256347656,1.1331654787063599,-417.0,-418.0,27.914871215820312,-473.0,-465.0,-454.0,-434.5,-418.0,-396.0,-381.79998779296875,-371.70001220703125,-361.94000244140625
23160,-417.03997802734375,7.33941650390625,7.23825740814209,1.12650765478611,-417.0400085449219,-418.0,27.899076461791992,-473.0,-465.0,-454.0,-434.5,-418.0,-396.0,-381.79998779296875,-371.70001220703125,-361.94000244140625
23220,-417.03997802734375,7.336865425109863,7.236083984375,1.119969055056572,-417.0400085449219,-418.0,27.899076461791992,-473.0,-465.0,-454.0,-434.5,-418.0,-396.0,-381.79998779296875,-371.70001220703125,-361.94000244140625
23280,-417.03997802734375,7.3386969566345215,7.238482475280762,1.1152242720127106,-417.0400085449219,-418.0,27.899076461791992,-473.0,-465.0,-454.0,-434.5,-418.0,-396.0,-381.79998779296875,-371.70001220703125,-361.94000244140625
23340,-417.03997802734375,7.336900234222412,7.237238883972168,1.1081824600696564,-417.0400085449219,-418.0,27.899076461791992,-473.0,-465.0,-454.0,-434.5,-418.0,-396.0,-381.79998779296875,-371.70001220703125,-361.94000244140625
23400,-417.03997802734375,7.3361430168151855,7.23703670501709,1.1024516969919205,-417.0400085449219,-418.0,27.899076461791992,-473.0,-465.0,-454.0,-434.5,-418.0,-396.0,-381.79998779296875,-371.70001220703125,-361.94000244140625
23460,-417.03997802734375,7.339776515960693,7.240895748138428,1.0996328592300415,-417.0400085449219,-418.0,27.899076461791992,-473.0,-465.0,-454.0,-434.5,-418.0,-396.0,-381.79998779296875,-371.70001220703125,-361.94000244140625
23520,-417.03997802734375,7.33546781539917,7.237412929534912,1.094802662730217,-417.0400085449219,-418.0,27.899076461791992,-473.0,-465.0,-454.0,-434.5,-418.0,-396.0,-381.79998779296875,-371.70001220703125,-361.94000244140625
23580,-417.03997802734375,7.336224555969238,7.238063812255859,1.092261329293251,-417.0400085449219,-418.0,27.899076461791992,-473.0,-465.0,-454.0,-434.5,-418.0,-396.0,-381.79998779296875,-371.70001220703125,-361.94000244140625
23640,-417.03997802734375,7.332414627075195,7.234891891479492,1.0882563441991806,-417.0400085449219,-418.0,27.899076461791992,-473.0,-465.0,-454.0,-434.5,-418.0,-396.0,-381.79998779296875,-371.70001220703125,-361.94000244140625
23700,-417.03997802734375,7.333590984344482,7.236854553222656,1.081265613436699,-417.0400085449219,-418.0,27.899076461791992,-473.0,-465.0,-454.0,-434.5,-418.0,-396.0,-381.79998779296875,-371.70001220703125,-361.94000244140625
23760,-417.03997802734375,7.339091777801514,7.242389678955078,1.0790515393018723,-417.0400085449219,-418.0,27.899076461791992,-473.0,-465.0,-454.0,-434.5,-418.0,-396.0,-381.79998779296875,-371.70001220703125,-361.94000244140625
23820,-417.03997802734375,7.338355541229248,7.242435455322266,1.0751873552799225,-417.0400085449219,-418.0,27.899076461791992,-473.0,-465.0,-454.0,-434.5,-418.0,-396.0,-381.79998779296875,-371.70001220703125,-361.94000244140625
23880,-417.03997802734375,7.342290878295898,7.247125625610352,1.0680308640003204,-417.0400085449219,-418.0,27.899076461791992,-473.0,-465.0,-454.0,-434.5,-418.0,-396.0,-381.79998779296875,-371.70001220703125,-361.94000244140625
23940,-417.03997802734375,7.345157623291016,7.249959468841553,1.0646650940179825,-417.0400085449219,-418.0,27.899076461791992,-473.0,-465.0,-454.0,-434.5,-418.0,-396.0,-381.79998779296875,-371.70001220703125,-361.94000244140625
24000,-417.03997802734375,7.341493129730225,7.247217178344727,1.058861643075943,-417.0400085449219,-418.0,27.899076461791992,-473.0,-465.0,-454.0,-434.5,-418.0,-396.0,-381.79998779296875,-371.70001220703125,-361.94000244140625
24060,-417.03997802734375,7.343218803405762,7.249678611755371,1.0540674179792404,-417.0400085449219,-418.0,27.899076461791992,-473.0,-465.0,-454.0,-434.5,-418.0,-396.0,-381.79998779296875,-371.70001220703125,-361.94000244140625
24120,-417.03997802734375,7.342818737030029,7.249568939208984,1.048275962471962,-417.0400085449219,-418.0,27.899076461791992,-473.0,-465.0,-454.0,-434.5,-418.0,-396.0,-381.79998779296875,-371.70001220703125,-361.94000244140625
24180,-417.03997802734375,7.341707229614258,7.249017238616943,1.043952688574791,-417.0400085449219,-418.0,27.899076461791992,-473.0,-465.0,-454.0,-434.5,-418.0,-396.0,-381.79998779296875,-371.70001220703125,-361.94000244140625
24240,-417.03997802734375,7.341701030731201,7.249637603759766,1.038817897439003,-417.0400085449219,-418.0,27.899076461791992,-473.0,-465.0,-454.0,-434.5,-418.0,-396.0,-381.79998779296875,-371.70001220703125,-361.94000244140625
24300,-417.03997802734375,7.345863342285156,7.2539825439453125,1.033918023109436,-417.0400085449219,-418.0,27.899076461791992,-473.0,-465.0,-454.0,-434.5,-418.0,-396.0,-381.79998779296875,-371.70001220703125,-361.94000244140625
24360,-417.03997802734375,7.342466354370117,7.251389503479004,1.027529388666153,-417.0400085449219,-418.0,27.899076461791992,-473.0,-465.0,-454.0,-434.5,-418.0,-396.0,-381.79998779296875,-371.70001220703125,-361.94000244140625
24420,-417.03997802734375,7.343827247619629,7.2534027099609375,1.0218553990125656,-417.0400085449219,-418.0,27.899076461791992,-473.0,-465.0,-454.0,-434.5,-418.0,-396.0,-381.79998779296875,-371.70001220703125,-361.94000244140625
24480,-417.03997802734375,7.34526252746582,7.255297660827637,1.0165474712848663,-417.0400085449219,-418.0,27.899076461791992,-473.0,-465.0,-454.0,-434.5,-418.0,-396.0,-381.79998779296875,-371.70001220703125,-361.94000244140625
24540,-417.03997802734375,7.347289562225342,7.257918834686279,1.0109405219554901,-417.0400085449219,-418.0,27.899076461791992,-473.0,-465.0,-454.0,-434.5,-418.0,-396.0,-381.79998779296875,-371.70001220703125,-361.94000244140625
24600,-417.03997802734375,7.3485026359558105,7.259837627410889,1.0055645108222961,-417.0400085449219,-418.0,27.899076461791992,-473.0,-465.0,-454.0,-434.5,-418.0,-396.0,-381.79998779296875,-371.70001220703125,-361.94000244140625
24660,-417.03997802734375,7.346127986907959,7.258307456970215,0.9994203597307205,-417.0400085449219,-418.0,27.899076461791992,-473.0,-465.0,-454.0,-434.5,-418.0,-396.0,-381.79998779296875,-371.70001220703125,-361.94000244140625
24720,-417.03997802734375,7.34473991394043,7.25711727142334,0.9974609166383743,-417.0400085449219,-418.0,27.899076461791992,-473.0,-465.0,-454.0,-434.5,-418.0,-396.0,-381.79998779296875,-371.70001220703125,-361.94000244140625
24780,-417.0799865722656,7.344598293304443,7.257165431976318,0.9919049590826035,-417.0799865722656,-418.0,27.82864761352539,-473.0,-465.0,-454.0,-434.5,-418.0,-396.0,-381.79998779296875,-371.9000244140625,-361.94000244140625
24840,-417.0799865722656,7.344062328338623,7.257258415222168,0.986763134598732,-417.0799865722656,-418.0,27.82864761352539,-473.0,-465.0,-454.0,-434.5,-418.0,-396.0,-381.79998779296875,-371.9000244140625,-361.94000244140625
24900,-417.0999755859375,7.342451095581055,7.255850791931152,0.9836540669202805,-417.1000061035156,-418.0,27.840078353881836,-473.0,-465.0,-454.0,-434.5,-418.0,-396.0,-381.79998779296875,-371.9000244140625,-361.94000244140625
24960,-417.0999755859375,7.34378719329834,7.257525444030762,0.9815092980861664,-417.1000061035156,-418.0,27.840078353881836,-473.0,-465.0,-454.0,-434.5,-418.0,-396.0,-381.79998779296875,-371.9000244140625,-361.94000244140625
25020,-417.0999755859375,7.345286846160889,7.2596940994262695,0.9747772961854935,-417.1000061035156,-418.0,27.840078353881836,-473.0,-465.0,-454.0,-434.5,-418.0,-396.0,-381.79998779296875,-371.9000244140625,-361.94000244140625
25080,-417.0999755859375,7.3393988609313965,7.254106521606445,0.9718708842992783,-417.1000061035156,-418.0,27.840078353881836,-473.0,-465.0,-454.0,-434.5,-418.0,-396.0,-381.79998779296875,-371.9000244140625,-361.94000244140625
25140,-417.1399841308594,7.336522579193115,7.252281188964844,0.9651955217123032,-417.1400146484375,-418.0,27.87006378173828,-473.0,-465.0,-454.0,-435.0,-418.0,-396.0,-381.79998779296875,-371.9000244140625,-361.94000244140625
25200,-417.1399841308594,7.341586112976074,7.25722074508667,0.9636804908514023,-417.1400146484375,-418.0,27.87006378173828,-473.0,-465.0,-454.0,-435.0,-418.0,-396.0,-381.79998779296875,-371.9000244140625,-361.94000244140625
25260,-417.1399841308594,7.3400983810424805,7.255434989929199,0.9601658135652542,-417.1400146484375,-418.0,27.87006378173828,-473.0,-465.0,-454.0,-435.0,-418.0,-396.0,-381.79998779296875,-371.9000244140625,-361.94000244140625
25320,-417.1399841308594,7.338794231414795,7.254411220550537,0.9548723101615906,-417.1400146484375,-418.0,27.87006378173828,-473.0,-465.0,-454.0,-435.0,-418.0,-396.0,-381.79998779296875,-371.9000244140625,-361.94000244140625
25380,-417.1399841308594,7.335265159606934,7.251791954040527,0.947646901011467,-417.1400146484375,-418.0,27.87006378173828,-473.0,-465.0,-454.0,-435.0,-418.0,-396.0,-381.79998779296875,-371.9000244140625,-361.94000244140625
25440,-417.1399841308594,7.333007335662842,7.250605583190918,0.9417120963335037,-417.1400146484375,-418.0,27.87006378173828,-473.0,-465.0,-454.0,-435.0,-418.0,-396.0,-381.79998779296875,-371.9000244140625,-361.94000244140625
25500,-417.1399841308594,7.332627773284912,7.250288009643555,0.9383814632892609,-417.1400146484375,-418.0,27.87006378173828,-473.0,-465.0,-454.0,-435.0,-418.0,-396.0,-381.79998779296875,-371.9000244140625,-361.94000244140625
25560,-417.1399841308594,7.332855224609375,7.2511420249938965,0.934598982334137,-417.1400146484375,-418.0,27.87006378173828,-473.0,-465.0,-454.0,-435.0,-418.0,-396.0,-381.79998779296875,-371.9000244140625,-361.94000244140625
25620,-417.1399841308594,7.32840633392334,7.248252868652344,0.928573727607727,-417.1400146484375,-418.0,27.87006378173828,-473.0,-465.0,-454.0,-435.0,-418.0,-396.0,-381.79998779296875,-371.9000244140625,-361.94000244140625
25680,-417.1399841308594,7.332505702972412,7.251936912536621,0.9260993897914886,-417.1400146484375,-418.0,27.87006378173828,-473.0,-465.0,-454.0,-435.0,-418.0,-396.0,-381.79998779296875,-371.9000244140625,-361.94000244140625
25740,-417.1399841308594,7.334568977355957,7.254249095916748,0.9225748777389526,-417.1400146484375,-418.0,27.87006378173828,-473.0,-465.0,-454.0,-435.0,-418.0,-396.0,-381.79998779296875,-371.9000244140625,-361.94000244140625
25800,-417.1399841308594,7.333219051361084,7.253288269042969,0.919643834233284,-417.1400146484375,-418.0,27.87006378173828,-473.0,-465.0,-454.0,-435.0,-418.0,-396.0,-381.79998779296875,-371.9000244140625,-361.94000244140625
25860,-417.1399841308594,7.3317365646362305,7.251529693603516,0.9158739596605301,-417.1400146484375,-418.0,27.87006378173828,-473.0,-465.0,-454.0,-435.0,-418.0,-396.0,-381.79998779296875,-371.9000244140625,-361.94000244140625
25920,-417.1399841308594,7.329588890075684,7.250801086425781,0.9098679274320602,-417.1400146484375,-418.0,27.87006378173828,-473.0,-465.0,-454.0,-435.0,-418.0,-396.0,-381.79998779296875,-371.9000244140625,-361.94000244140625
25980,-417.1600036621094,7.334435939788818,7.256200790405273,0.9048686027526855,-417.1600036621094,-418.0,27.85129165649414,-473.0,-465.0,-454.0,-435.0,-418.0,-396.0,-381.79998779296875,-371.9000244140625,-361.94000244140625
26040,-417.1600036621094,7.335966110229492,7.257974147796631,0.8992683440446854,-417.1600036621094,-418.0,27.85129165649414,-473.0,-465.0,-454.0,-435.0,-418.0,-396.0,-381.79998779296875,-371.9000244140625,-361.94000244140625
26100,-417.1600036621094,7.3379950523376465,7.259303092956543,0.8961059749126434,-417.1600036621094,-418.0,27.85129165649414,-473.0,-465.0,-454.0,-435.0,-418.0,-396.0,-381.79998779296875,-371.9000244140625,-361.94000244140625
26160,-417.1600036621094,7.338254451751709,7.258382320404053,0.8954029977321625,-417.1600036621094,-418.0,27.85129165649414,-473.0,-465.0,-454.0,-435.0,-418.0,-396.0,-381.79998779296875,-371.9000244140625,-361.94000244140625
26220,-417.1600036621094,7.337801933288574,7.2589240074157715,0.8861861228942871,-417.1600036621094,-418.0,27.85129165649414,-473.0,-465.0,-454.0,-435.0,-418.0,-396.0,-381.79998779296875,-371.9000244140625,-361.94000244140625
26280,-417.1600036621094,7.340826034545898,7.26300048828125,0.8823076784610748,-417.1600036621094,-418.0,27.85129165649414,-473.0,-465.0,-454.0,-435.0,-418.0,-396.0,-381.79998779296875,-371.9000244140625,-361.94000244140625
26340,-417.1600036621094,7.337048530578613,7.260441780090332,0.8756060898303986,-417.1600036621094,-418.0,27.85129165649414,-473.0,-465.0,-454.0,-435.0,-418.0,-396.0,-381.79998779296875,-371.9000244140625,-361.94000244140625
26400,-417.1600036621094,7.338662147521973,7.262496471405029,0.871048241853714,-417.1600036621094,-418.0,27.85129165649414,-473.0,-465.0,-454.0,-435.0,-418.0,-396.0,-381.79998779296875,-371.9000244140625,-361.94000244140625
26460,-417.1600036621094,7.340789794921875,7.263747215270996,0.8698245286941528,-417.1600036621094,-418.0,27.85129165649414,-473.0,-465.0,-454.0,-435.0,-418.0,-396.0,-381.79998779296875,-371.9000244140625,-361.94000244140625
26520,-417.1600036621094,7.341209411621094,7.2642340660095215,0.8660481572151184,-417.1600036621094,-418.0,27.85129165649414,-473.0,-465.0,-454.0,-435.0,-418.0,-396.0,-381.79998779296875,-371.9000244140625,-361.94000244140625
26580,-417.1600036621094,7.343137741088867,7.2662177085876465,0.8628960102796555,-417.1600036621094,-418.0,27.85129165649414,-473.0,-465.0,-454.0,-435.0,-418.0,-396.0,-381.79998779296875,-371.9000244140625,-361.94000244140625
26640,-417.1999816894531,7.340313911437988,7.2630133628845215,0.8599667251110077,-417.20001220703125,-418.0,27.77480697631836,-473.0,-465.0,-454.0,-435.0,-418.0,-396.0,-381.79998779296875,-371.9000244140625,-365.8599853515625
26700,-417.1999816894531,7.336863994598389,7.258681297302246,0.8586858361959457,-417.20001220703125,-418.0,27.77480697631836,-473.0,-465.0,-454.0,-435.0,-418.0,-396.0,-381.79998779296875,-371.9000244140625,-365.8599853515625
26760,-417.1999816894531,7.331906318664551,7.254945278167725,0.8500101119279861,-417.20001220703125,-418.0,27.77480697631836,-473.0,-465.0,-454.0,-435.0,-418.0,-396.0,-381.79998779296875,-371.9000244140625,-365.8599853515625
26820,-417.1999816894531,7.330102920532227,7.254201412200928,0.8445146083831787,-417.20001220703125,-418.0,27.77480697631836,-473.0,-465.0,-454.0,-435.0,-418.0,-396.0,-381.79998779296875,-371.9000244140625,-365.8599853515625
26880,-417.239990234375,7.329130172729492,7.253453731536865,0.8376996368169785,-417.239990234375,-418.0,27.7932071685791,-473.0,-465.0,-454.0,-435.0,-418.0,-396.0,-381.79998779296875,-371.9000244140625,-365.8599853515625
26940,-417.239990234375,7.329366207122803,7.253476619720459,0.835264042019844,-417.239990234375,-418.0,27.7932071685791,-473.0,-465.0,-454.0,-435.0,-418.0,-396.0,-381.79998779296875,-371.9000244140625,-365.8599853515625
27000,-417.239990234375,7.329901695251465,7.255309104919434,0.8279244601726532,-417.239990234375,-418.0,27.7932071685791,-473.0,-465.0,-454.0,-435.0,-418.0,-396.0,-381.79998779296875,-371.9000244140625,-365.8599853515625
27060,-417.239990234375,7.327277660369873,7.252998352050781,0.8242604434490204,-417.239990234375,-418.0,27.7932071685791,-473.0,-465.0,-454.0,-435.0,-418.0,-396.0,-381.79998779296875,-371.9000244140625,-365.8599853515625
27120,-417.239990234375,7.330126762390137,7.255472183227539,0.825159028172493,-417.239990234375,-418.0,27.7932071685791,-473.0,-465.0,-454.0,-435.0,-418.0,-396.0,-381.79998779296875,-371.9000244140625,-365.8599853515625
27180,-417.239990234375,7.326441764831543,7.250953674316406,0.8216816633939743,-417.239990234375,-418.0,27.7932071685791,-473.0,-465.0,-454.0,-435.0,-418.0,-396.0,-381.79998779296875,-371.9000244140625,-365.8599853515625
27240,-417.239990234375,7.322784423828125,7.248222351074219,0.8175828903913498,-417.239990234375,-418.0,27.7932071685791,-473.0,-465.0,-454.0,-435.0,-418.0,-396.0,-381.79998779296875,-371.9000244140625,-365.8599853515625
27300,-417.239990234375,7.320350170135498,7.246066093444824,0.8130199164152145,-417.239990234375,-418.0,27.7932071685791,-473.0,-465.0,-454.0,-435.0,-418.0,-396.0,-381.79998779296875,-371.9000244140625,-365.8599853515625
27360,-417.239990234375,7.318027496337891,7.244351863861084,0.8077894896268845,-417.239990234375,-418.0,27.7932071685791,-473.0,-465.0,-454.0,-435.0,-418.0,-396.0,-381.79998779296875,-371.9000244140625,-365.8599853515625
27420,-417.239990234375,7.322478294372559,7.248353958129883,0.8065923601388931,-417.239990234375,-418.0,27.7932071685791,-473.0,-465.0,-454.0,-435.0,-418.0,-396.0,-381.79998779296875,-371.9000244140625,-365.8599853515625
27480,-417.239990234375,7.321896553039551,7.246685028076172,0.8067574203014374,-417.239990234375,-418.0,27.7932071685791,-473.0,-465.0,-454.0,-435.0,-418.0,-396.0,-381.79998779296875,-371.9000244140625,-365.8599853515625
27540,-417.239990234375,7.322453498840332,7.248446464538574,0.8029598891735077,-417.239990234375,-418.0,27.7932071685791,-473.0,-465.0,-454.0,-435.0,-418.0,-396.0,-381.79998779296875,-371.9000244140625,-365.8599853515625
27600,-417.239990234375,7.322327613830566,7.247065544128418,0.7982804179191589,-417.239990234375,-418.0,27.7932071685791,-473.0,-465.0,-454.0,-435.0,-418.0,-396.0,-381.79998779296875,-371.9000244140625,-365.8599853515625
27660,-417.239990234375,7.321476936340332,7.248904705047607,0.7913293093442917,-417.239990234375,-418.0,27.7932071685791,-473.0,-465.0,-454.0,-435.0,-418.0,-396.0,-381.79998779296875,-371.9000244140625,-365.8599853515625
27720,-417.2599792480469,7.321671962738037,7.248891830444336,0.7905191481113434,-417.260009765625,-418.0,27.759906768798828,-473.0,-465.0,-454.0,-435.0,-418.0,-396.0,-381.79998779296875,-372.0,-365.8599853515625
27780,-417.2599792480469,7.318309783935547,7.246652126312256,0.7846085727214813,-417.260009765625,-418.0,27.759906768798828,-473.0,-465.0,-454.0,-435.0,-418.0,-396.0,-381.79998779296875,-372.0,-365.8599853515625
27840,-417.2599792480469,7.316495895385742,7.244227409362793,0.7832202315330505,-417.260009765625,-418.0,27.759906768798828,-473.0,-465.0,-454.0,-435.0,-418.0,-396.0,-381.79998779296875,-372.0,-365.8599853515625
27900,-417.2599792480469,7.318780422210693,7.246826171875,0.7783354818820953,-417.260009765625,-418.0,27.759906768798828,-473.0,-465.0,-454.0,-435.0,-418.0,-396.0,-381.79998779296875,-372.0,-365.8599853515625
27960,-417.2599792480469,7.320395469665527,7.248929500579834,0.7753923386335373,-417.260009765625,-418.0,27.759906768798828,-473.0,-465.0,-454.0,-435.0,-418.0,-396.0,-381.79998779296875,-372.0,-365.8599853515625
28020,-417.2599792480469,7.323486328125,7.252313137054443,0.7747453898191452,-417.260009765625,-418.0,27.759906768798828,-473.0,-465.0,-454.0,-435.0,-418.0,-396.0,-381.79998779296875,-372.0,-365.8599853515625
28080,-417.2599792480469,7.322498321533203,7.25195837020874,0.772441491484642,-417.260009765625,-418.0,27.759906768798828,-473.0,-465.0,-454.0,-435.0,-418.0,-396.0,-381.79998779296875,-372.0,-365.8599853515625
28140,-417.2599792480469,7.321179389953613,7.251815319061279,0.7667584270238876,-417.260009765625,-418.0,27.759906768798828,-473.0,-465.0,-454.0,-435.0,-418.0,-396.0,-381.79998779296875,-372.0,-365.8599853515625
28200,-417.2599792480469,7.320734024047852,7.252391815185547,0.7613365799188614,-417.260009765625,-418.0,27.759906768798828,-473.0,-465.0,-454.0,-435.0,-418.0,-396.0,-381.79998779296875,-372.0,-365.8599853515625
28260,-417.2599792480469,7.322068691253662,7.2540130615234375,0.7587413340806961,-417.260009765625,-418.0,27.759906768798828,-473.0,-465.0,-454.0,-435.0,-418.0,-396.0,-381.79998779296875,-372.0,-365.8599853515625
28320,-417.2599792480469,7.323759078979492,7.255526542663574,0.7593568712472916,-417.260009765625,-418.0,27.759906768798828,-473.0,-465.0,-454.0,-435.0,-418.0,-396.0,-381.79998779296875,-372.0,-365.8599853515625
28380,-417.2599792480469,7.326851844787598,7.258967399597168,0.7554630041122437,-417.260009765625,-418.0,27.759906768798828,-473.0,-465.0,-454.0,-435.0,-418.0,-396.0,-381.79998779296875,-372.0,-365.8599853515625
28440,-417.2599792480469,7.329949855804443,7.262879371643066,0.7481084913015366,-417.260009765625,-418.0,27.759906768798828,-473.0,-465.0,-454.0,-435.0,-418.0,-396.0,-381.79998779296875,-372.0,-365.8599853515625
28500,-417.2599792480469,7.335522651672363,7.2688117027282715,0.7465758174657822,-417.260009765625,-418.0,27.759906768798828,-473.0,-465.0,-454.0,-435.0,-418.0,-396.0,-381.79998779296875,-372.0,-365.8599853515625
28560,-417.2599792480469,7.336118698120117,7.27203893661499,0.7393987476825714,-417.260009765625,-418.0,27.759906768798828,-473.0,-465.0,-454.0,-435.0,-418.0,-396.0,-381.79998779296875,-372.0,-365.8599853515625
28620,-417.2599792480469,7.335041046142578,7.271693229675293,0.7340060919523239,-417.260009765625,-418.0,27.759906768798828,-473.0,-465.0,-454.0,-435.0,-418.0,-396.0,-381.79998779296875,-372.0,-365.8599853515625
28680,-417.2799987792969,7.338764190673828,7.275200843811035,0.7315503805875778,-417.2799987792969,-418.0,27.75394630432129,-473.0,-465.0,-454.0,-435.0,-418.0,-396.0,-381.79998779296875,-372.0,-365.8599853515625
28740,-417.2799987792969,7.337612152099609,7.273883819580078,0.7286693602800369,-417.2799987792969,-418.0,27.75394630432129,-473.0,-465.0,-454.0,-435.0,-418.0,-396.0,-381.79998779296875,-372.0,-365.8599853515625
28800,-417.2799987792969,7.337954998016357,7.274835109710693,0.725869208574295,-417.2799987792969,-418.0,27.75394630432129,-473.0,-465.0,-454.0,-435.0,-418.0,-396.0,-381.79998779296875,-372.0,-365.8599853515625
28860,-417.2799987792969,7.338988304138184,7.2755866050720215,0.7247828394174576,-417.2799987792969,-418.0,27.75394630432129,-473.0,-465.0,-454.0,-435.0,-418.0,-396.0,-381.79998779296875,-372.0,-365.8599853515625
28920,-417.2799987792969,7.337386131286621,7.274328231811523,0.7218545377254486,-417.2799987792969,-418.0,27.75394630432129,-473.0,-465.0,-454.0,-435.0,-418.0,-396.0,-381.79998779296875,-372.0,-365.8599853515625
28980,-417.2799987792969,7.33493709564209,7.27279806137085,0.7192001938819885,-417.2799987792969,-418.0,27.75394630432129,-473.0,-465.0,-454.0,-435.0,-418.0,-396.0,-381.79998779296875,-372.0,-365.8599853515625
29040,-417.2799987792969,7.3350830078125,7.272283554077148,0.7178111672401428,-417.2799987792969,-418.0,27.75394630432129,-473.0,-465.0,-454.0,-435.0,-418.0,-396.0,-381.79998779296875,-372.0,-365.8599853515625
29100,-417.2799987792969,7.333843231201172,7.27094841003418,0.7139581143856049,-417.2799987792969,-418.0,27.75394630432129,-473.0,-465.0,-454.0,-435.0,-418.0,-396.0,-381.79998779296875,-372.0,-365.8599853515625
29160,-417.2799987792969,7.332639217376709,7.270518779754639,0.7084872126579285,-417.2799987792969,-418.0,27.75394630432129,-473.0,-465.0,-454.0,-435.0,-418.0,-396.0,-381.79998779296875,-372.0,-365.8599853515625
29220,-417.2799987792969,7.335240364074707,7.273689270019531,0.7034495919942856,-417.2799987792969,-418.0,27.75394630432129,-473.0,-465.0,-454.0,-435.0,-418.0,-396.0,-381.79998779296875,-372.0,-365.8599853515625
29280,-417.2799987792969,7.336203575134277,7.274712562561035,0.7012912034988403,-417.2799987792969,-418.0,27.75394630432129,-473.0,-465.0,-454.0,-435.0,-418.0,-396.0,-381.79998779296875,-372.0,-365.8599853515625
29340,-417.2799987792969,7.330818176269531,7.270013809204102,0.6957429796457291,-417.2799987792969,-418.0,27.75394630432129,-473.0,-465.0,-454.0,-435.0,-418.0,-396.0,-381.79998779296875,-372.0,-365.8599853515625
29400,-417.2799987792969,7.331927299499512,7.270938873291016,0.6946985721588135,-417.2799987792969,-418.0,27.75394630432129,-473.0,-465.0,-454.0,-435.0,-418.0,-396.0,-381.79998779296875,-372.0,-365.8599853515625
29460,-417.2799987792969,7.326157569885254,7.2656660079956055,0.6911521553993225,-417.2799987792969,-418.0,27.75394630432129,-473.0,-465.0,-454.0,-435.0,-418.0,-396.0,-381.79998779296875,-372.0,-365.8599853515625
29520,-417.29998779296875,7.326943874359131,7.266512870788574,0.688807487487793,-417.29998779296875,-418.0,27.722013473510742,-473.0,-465.0,-454.0,-435.0,-418.0,-396.0,-381.79998779296875,-372.0,-365.8599853515625
29580,-417.29998779296875,7.32912015914917,7.266829967498779,0.6906639188528061,-417.29998779296875,-418.0,27.722013473510742,-473.0,-465.0,-454.0,-435.0,-418.0,-396.0,-381.79998779296875,-372.0,-365.8599853515625
29640,-417.29998779296875,7.33527135848999,7.272890090942383,0.6887090355157852,-417.29998779296875,-418.0,27.722013473510742,-473.0,-465.0,-454.0,-435.0,-418.0,-396.0,-381.79998779296875,-372.0,-365.8599853515625
29700,-417.29998779296875,7.327600479125977,7.267722129821777,0.6819401681423187,-417.29998779296875,-418.0,27.722013473510742,-473.0,-465.0,-454.0,-435.0,-418.0,-396.0,-381.79998779296875,-372.0,-365.8599853515625
29760,-417.29998779296875,7.327969551086426,7.268507957458496,0.6785120666027069,-417.29998779296875,-418.0,27.722013473510742,-473.0,-465.0,-454.0,-435.0,-418.0,-396.0,-381.79998779296875,-372.0,-365.8599853515625
29820,-417.29998779296875,7.327695369720459,7.268637657165527,0.6739430576562881,-417.29998779296875,-418.0,27.722013473510742,-473.0,-465.0,-454.0,-435.0,-418.0,-396.0,-381.79998779296875,-372.0,-365.8599853515625
29880,-417.29998779296875,7.3326544761657715,7.273834228515625,0.6730025410652161,-417.29998779296875,-418.0,27.722013473510742,-473.0,-465.0,-454.0,-435.0,-418.0,-396.0,-381.79998779296875,-372.0,-365.8599853515625
29940,-417.3199768066406,7.330865859985352,7.273314476013184,0.6682589501142502,-417.32000732421875,-418.0,27.704465866088867,-473.0,-465.0,-454.0,-435.0,-418.0,-396.0,-381.79998779296875,-372.0,-365.8599853515625
30000,-417.3199768066406,7.328000545501709,7.270107269287109,0.6673679649829865,-417.32000732421875,-418.0,27.704465866088867,-473.0,-465.0,-454.0,-435.0,-418.0,-396.0,-381.79998779296875,-372.0,-365.8599853515625
30060,-417.3199768066406,7.330692291259766,7.273016929626465,0.6661604344844818,-417.32000732421875,-418.0,27.704465866088867,-473.0,-465.0,-454.0,-435.0,-418.0,-396.0,-381.79998779296875,-372.0,-365.8599853515625
30120,-417.3199768066406,7.328886985778809,7.272283554077148,0.6596880406141281,-417.32000732421875,-418.0,27.704465866088867,-473.0,-465.0,-454.0,-435.0,-418.0,-396.0,-381.79998779296875,-372.0,-365.8599853515625
30180,-417.3199768066406,7.32796049118042,7.27268123626709,0.6539440304040909,-417.32000732421875,-418.0,27.704465866088867,-473.0,-465.0,-454.0,-435.0,-418.0,-396.0,-381.79998779296875,-372.0,-365.8599853515625
30240,-417.3199768066406,7.329145431518555,7.274134635925293,0.6536295562982559,-417.32000732421875,-418.0,27.704465866088867,-473.0,-465.0,-454.0,-435.0,-418.0,-396.0,-381.79998779296875,-372.0,-365.8599853515625
30300,-417.3199768066406,7.331480979919434,7.276891231536865,0.651223674416542,-417.32000732421875,-418.0,27.704465866088867,-473.0,-465.0,-454.0,-435.0,-418.0,-396.0,-381.79998779296875,-372.0,-365.8599853515625
30360,-417.3199768066406,7.331555366516113,7.277011394500732,0.6513446569442749,-417.32000732421875,-418.0,27.704465866088867,-473.0,-465.0,-454.0,-435.0,-418.0,-396.0,-381.79998779296875,-372.0,-365.8599853515625
30420,-417.3199768066406,7.330183982849121,7.275834560394287,0.6473074406385422,-417.32000732421875,-418.0,27.704465866088867,-473.0,-465.0,-454.0,-435.0,-418.0,-396.0,-381.79998779296875,-372.0,-365.8599853515625
30480,-417.3199768066406,7.328319072723389,7.274187088012695,0.6455684006214142,-417.32000732421875,-418.0,27.704465866088867,-473.0,-465.0,-454.0,-435.0,-418.0,-396.0,-381.79998779296875,-372.0,-365.8599853515625
30540,-417.3199768066406,7.321770668029785,7.268336296081543,0.6399547159671783,-417.32000732421875,-418.0,27.704465866088867,-473.0,-465.0,-454.0,-435.0,-418.0,-396.0,-381.79998779296875,-372.0,-365.8599853515625
30600,-417.3199768066406,7.318297863006592,7.265028953552246,0.6379165500402451,-417.32000732421875,-418.0,27.704465866088867,-473.0,-465.0,-454.0,-435.0,-418.0,-396.0,-381.79998779296875,-372.0,-365.8599853515625
30660,-417.3199768066406,7.317759990692139,7.2650275230407715,0.6352344304323196,-417.32000732421875,-418.0,27.704465866088867,-473.0,-465.0,-454.0,-435.0,-418.0,-396.0,-381.79998779296875,-372.0,-365.8599853515625
30720,-417.3199768066406,7.319385051727295,7.266291618347168,0.6347125768661499,-417.32000732421875,-418.0,27.704465866088867,-473.0,-465.0,-454.0,-435.0,-418.0,-396.0,-381.79998779296875,-372.0,-365.8599853515625
30780,-417.3199768066406,7.318427562713623,7.265210151672363,0.6327743381261826,-417.32000732421875,-418.0,27.704465866088867,-473.0,-465.0,-454.0,-435.0,-418.0,-396.0,-381.79998779296875,-372.0,-365.8599853515625
30840,-417.3199768066406,7.313798904418945,7.260928630828857,0.6274590194225311,-417.32000732421875,-418.0,27.704465866088867,-473.0,-465.0,-454.0,-435.0,-418.0,-396.0,-381.79998779296875,-372.0,-365.8599853515625
30900,-417.3199768066406,7.317446708679199,7.263364315032959,0.6297286301851273,-417.32000732421875,-418.0,27.704465866088867,-473.0,-465.0,-454.0,-435.0,-418.0,-396.0,-381.79998779296875,-372.0,-365.8599853515625
30960,-417.3199768066406,7.312032222747803,7.257865905761719,0.6257136464118958,-417.32000732421875,-418.0,27.704465866088867,-473.0,-465.0,-454.0,-435.0,-418.0,-396.0,-381.79998779296875,-372.0,-365.8599853515625
31020,-417.3399963378906,7.310187816619873,7.255441665649414,0.6248942315578461,-417.3399963378906,-418.0,27.712894439697266,-473.0,-465.0,-454.0,-435.0,-418.0,-396.0,-381.79998779296875,-372.0,-365.8599853515625
31080,-417.3399963378906,7.3097991943359375,7.255580902099609,0.6184798181056976,-417.3399963378906,-418.0,27.712894439697266,-473.0,-465.0,-454.0,-435.0,-418.0,-396.0,-381.79998779296875,-372.0,-365.8599853515625
31140,-417.3399963378906,7.306805610656738,7.253507137298584,0.6118190735578537,-417.3399963378906,-418.0,27.712894439697266,-473.0,-465.0,-454.0,-435.0,-418.0,-396.0,-381.79998779296875,-372.0,-365.8599853515625
31200,-417.3399963378906,7.3086161613464355,7.255312919616699,0.6128745526075363,-417.3399963378906,-418.0,27.712894439697266,-473.0,-465.0,-454.0,-435.0,-418.0,-396.0,-381.79998779296875,-372.0,-365.8599853515625
31260,-417.3399963378906,7.308663845062256,7.256091594696045,0.6099604070186615,-417.3399963378906,-418.0,27.712894439697266,-473.0,-465.0,-454.0,-435.0,-418.0,-396.0,-381.79998779296875,-372.0,-365.8599853515625
31320,-417.3399963378906,7.309092998504639,7.256207466125488,0.6075771003961563,-417.3399963378906,-418.0,27.712894439697266,-473.0,-465.0,-454.0,-435.0,-418.0,-396.0,-381.79998779296875,-372.0,-365.8599853515625
31380,-417.3399963378906,7.308143138885498,7.255817413330078,0.6027048677206039,-417.3399963378906,-418.0,27.712894439697266,-473.0,-465.0,-454.0,-435.0,-418.0,-396.0,-381.79998779296875,-372.0,-365.8599853515625
31440,-417.3399963378906,7.307807922363281,7.2561564445495605,0.6008709520101547,-417.3399963378906,-418.0,27.712894439697266,-473.0,-465.0,-454.0,-435.0,-418.0,-396.0,-381.79998779296875,-372.0,-365.8599853515625
31500,-417.3399963378906,7.3092498779296875,7.2566070556640625,0.5987997204065323,-417.3399963378906,-418.0,27.712894439697266,-473.0,-465.0,-454.0,-435.0,-418.0,-396.0,-381.79998779296875,-372.0,-365.8599853515625
31560,-417.3399963378906,7.302289009094238,7.252479553222656,0.5882579684257507,-417.3399963378906,-418.0,27.712894439697266,-473.0,-465.0,-454.0,-435.0,-418.0,-396.0,-381.79998779296875,-372.0,-365.8599853515625
31620,-417.3399963378906,7.302680015563965,7.252129554748535,0.5874039381742477,-417.3399963378906,-418.0,27.712894439697266,-473.0,-465.0,-454.0,-435.0,-418.0,-396.0,-381.79998779296875,-372.0,-365.8599853515625
31680,-417.3399963378906,7.305570125579834,7.254652976989746,0.5859350487589836,-417.3399963378906,-418.0,27.712894439697266,-473.0,-465.0,-454.0,-435.0,-418.0,-396.0,-381.79998779296875,-372.0,-365.8599853515625
31740,-417.3399963378906,7.302268028259277,7.25147008895874,0.5839166417717934,-417.3399963378906,-418.0,27.712894439697266,-473.0,-465.0,-454.0,-435.0,-418.0,-396.0,-381.79998779296875,-372.0,-365.8599853515625
31800,-417.3399963378906,7.302018165588379,7.251959800720215,0.5813877508044243,-417.3399963378906,-418.0,27.712894439697266,-473.0,-465.0,-454.0,-435.0,-418.0,-396.0,-381.79998779296875,-372.0,-365.8599853515625
31860,-417.3399963378906,7.298752784729004,7.250189781188965,0.578703336417675,-417.3399963378906,-418.0,27.712894439697266,-473.0,-465.0,-454.0,-435.0,-418.0,-396.0,-381.79998779296875,-372.0,-365.8599853515625
31920,-417.3399963378906,7.296054840087891,7.247994899749756,0.5777993649244308,-417.3399963378906,-418.0,27.712894439697266,-473.0,-465.0,-454.0,-435.0,-418.0,-396.0,-381.79998779296875,-372.0,-365.8599853515625
31980,-417.3399963378906,7.2985639572143555,7.250236511230469,0.5774730667471886,-417.3399963378906,-418.0,27.712894439697266,-473.0,-465.0,-454.0,-435.0,-418.0,-396.0,-381.79998779296875,-372.0,-365.8599853515625
32040,-417.3999938964844,7.301131248474121,7.25245475769043,0.5775763764977455,-417.3999938964844,-418.0,27.742385864257812,-473.0,-465.0,-454.0,-435.0,-418.0,-396.0,-381.79998779296875,-372.0,-365.8599853515625
32100,-417.3999938964844,7.299812316894531,7.2508063316345215,0.5765061601996422,-417.3999938964844,-418.0,27.742385864257812,-473.0,-465.0,-454.0,-435.0,-418.0,-396.0,-381.79998779296875,-372.0,-365.8599853515625
32160,-417.3999938964844,7.295888423919678,7.247470855712891,0.5732887536287308,-417.3999938964844,-418.0,27.742385864257812,-473.0,-465.0,-454.0,-435.0,-418.0,-396.0,-381.79998779296875,-372.0,-365.8599853515625
32220,-417.3999938964844,7.292237758636475,7.244796276092529,0.5708268657326698,-417.3999938964844,-418.0,27.742385864257812,-473.0,-465.0,-454.0,-435.0,-418.0,-396.0,-381.79998779296875,-372.0,-365.8599853515625
32280,-417.3999938964844,7.297882080078125,7.249424934387207,0.5722430646419525,-417.3999938964844,-418.0,27.742385864257812,-473.0,-465.0,-454.0,-435.0,-418.0,-396.0,-381.79998779296875,-372.0,-365.8599853515625
32340,-417.3999938964844,7.294843673706055,7.247505187988281,0.5674133375287056,-417.3999938964844,-418.0,27.742385864257812,-473.0,-465.0,-454.0,-435.0,-418.0,-396.0,-381.79998779296875,-372.0,-365.8599853515625
32400,-417.3999938964844,7.29382848739624,7.2468581199646,0.5660202950239182,-417.3999938964844,-418.0,27.742385864257812,-473.0,-465.0,-454.0,-435.0,-418.0,-396.0,-381.79998779296875,-372.0,-365.8599853515625
32460,-417.3999938964844,7.295173645019531,7.2490234375,0.5612463727593422,-417.3999938964844,-418.0,27.742385864257812,-473.0,-465.0,-454.0,-435.0,-418.0,-396.0,-381.79998779296875,-372.0,-365.8599853515625
32520,-417.3999938964844,7.290811538696289,7.244545936584473,0.5598728433251381,-417.3999938964844,-418.0,27.742385864257812,-473.0,-465.0,-454.0,-435.0,-418.0,-396.0,-381.79998779296875,-372.0,-365.8599853515625
32580,-417.3999938964844,7.291845321655273,7.245715141296387,0.5591301843523979,-417.3999938964844,-418.0,27.742385864257812,-473.0,-465.0,-454.0,-435.0,-418.0,-396.0,-381.79998779296875,-372.0,-365.8599853515625
32640,-417.3999938964844,7.29012393951416,7.244346618652344,0.5547888875007629,-417.3999938964844,-418.0,27.742385864257812,-473.0,-465.0,-454.0,-435.0,-418.0,-396.0,-381.79998779296875,-372.0,-365.8599853515625
32700,-417.3999938964844,7.288946151733398,7.243123531341553,0.5517478957772255,-417.3999938964844,-418.0,27.742385864257812,-473.0,-465.0,-454.0,-435.0,-418.0,-396.0,-381.79998779296875,-372.0,-365.8599853515625
32760,-417.3999938964844,7.2876505851745605,7.24237585067749,0.5469634458422661,-417.3999938964844,-418.0,27.742385864257812,-473.0,-465.0,-454.0,-435.0,-418.0,-396.0,-381.79998779296875,-372.0,-365.8599853515625
32820,-417.3999938964844,7.2891364097595215,7.243826866149902,0.5439759790897369,-417.3999938964844,-418.0,27.742385864257812,-473.0,-465.0,-454.0,-435.0,-418.0,-396.0,-381.79998779296875,-372.0,-365.8599853515625
32880,-417.3999938964844,7.290072917938232,7.2450385093688965,0.5404410362243652,-417.3999938964844,-418.0,27.742385864257812,-473.0,-465.0,-454.0,-435.0,-418.0,-396.0,-381.79998779296875,-372.0,-365.8599853515625
32940,-417.3999938964844,7.290624141693115,7.245391368865967,0.537586398422718,-417.3999938964844,-418.0,27.742385864257812,-473.0,-465.0,-454.0,-435.0,-418.0,-396.0,-381.79998779296875,-372.0,-365.8599853515625
33000,-417.3999938964844,7.290942668914795,7.245635509490967,0.5337431356310844,-417.3999938964844,-418.0,27.742385864257812,-473.0,-465.0,-454.0,-435.0,-418.0,-396.0,-381.79998779296875,-372.0,-365.8599853515625
33060,-417.3999938964844,7.292055130004883,7.246912956237793,0.5287528932094574,-417.3999938964844,-418.0,27.742385864257812,-473.0,-465.0,-454.0,-435.0,-418.0,-396.0,-381.79998779296875,-372.0,-365.8599853515625
33120,-417.3999938964844,7.290923595428467,7.246817588806152,0.5261584147810936,-417.3999938964844,-418.0,27.742385864257812,-473.0,-465.0,-454.0,-435.0,-418.0,-396.0,-381.79998779296875,-372.0,-365.8599853515625
33180,-417.3999938964844,7.291263103485107,7.246611595153809,0.5251066386699677,-417.3999938964844,-418.0,27.742385864257812,-473.0,-465.0,-454.0,-435.0,-418.0,-396.0,-381.79998779296875,-372.0,-365.8599853515625
33240,-417.3999938964844,7.2916998863220215,7.2461090087890625,0.5252044796943665,-417.3999938964844,-418.0,27.742385864257812,-473.0,-465.0,-454.0,-435.0,-418.0,-396.0,-381.79998779296875,-372.0,-365.8599853515625
33300,-417.3999938964844,7.289905071258545,7.244841575622559,0.5246021300554276,-417.3999938964844,-418.0,27.742385864257812,-473.0,-465.0,-454.0,-435.0,-418.0,-396.0,-381.79998779296875,-372.0,-365.8599853515625
33360,-417.3999938964844,7.292104244232178,7.246179103851318,0.5235142633318901,-417.3999938964844,-418.0,27.742385864257812,-473.0,-465.0,-454.0,-435.0,-418.0,-396.0,-381.79998779296875,-372.0,-365.8599853515625
33420,-417.3999938964844,7.291378974914551,7.245076656341553,0.5222412347793579,-417.3999938964844,-418.0,27.742385864257812,-473.0,-465.0,-454.0,-435.0,-418.0,-396.0,-381.79998779296875,-372.0,-365.8599853515625
33480,-417.3999938964844,7.286069869995117,7.2423601150512695,0.5173012092709541,-417.3999938964844,-418.0,27.742385864257812,-473.0,-465.0,-454.0,-435.0,-418.0,-396.0,-381.79998779296875,-372.0,-365.8599853515625
33540,-417.3999938964844,7.283677577972412,7.239936828613281,0.5126378312706947,-417.3999938964844,-418.0,27.742385864257812,-473.0,-465.0,-454.0,-435.0,-418.0,-396.0,-381.79998779296875,-372.0,-365.8599853515625
33600,-417.3999938964844,7.28748893737793,7.2424139976501465,0.5137515813112259,-417.3999938964844,-418.0,27.742385864257812,-473.0,-465.0,-454.0,-435.0,-418.0,-396.0,-381.79998779296875,-372.0,-365.8599853515625
33660,-417.3999938964844,7.2869391441345215,7.243587017059326,0.5112183094024658,-417.3999938964844,-418.0,27.742385864257812,-473.0,-465.0,-454.0,-435.0,-418.0,-396.0,-381.79998779296875,-372.0,-365.8599853515625
33720,-417.3999938964844,7.2884039878845215,7.244757652282715,0.5092335790395737,-417.3999938964844,-418.0,27.742385864257812,-473.0,-465.0,-454.0,-435.0,-418.0,-396.0,-381.79998779296875,-372.0,-365.8599853515625
33780,-417.44000244140625,7.291732311248779,7.249041557312012,0.5051836594939232,-417.44000244140625,-418.0,27.757638931274414,-473.0,-465.0,-454.0,-435.0,-418.0,-396.0,-381.79998779296875,-372.0,-365.8599853515625
33840,-417.44000244140625,7.29524564743042,7.252162933349609,0.5030310526490211,-417.44000244140625,-418.0,27.757638931274414,-473.0,-465.0,-454.0,-435.0,-418.0,-396.0,-381.79998779296875,-372.0,-365.8599853515625
33900,-417.44000244140625,7.294137954711914,7.25264835357666,0.5002216175198555,-417.44000244140625,-418.0,27.757638931274414,-473.0,-465.0,-454.0,-435.0,-418.0,-396.0,-381.79998779296875,-372.0,-365.8599853515625
33960,-417.44000244140625,7.294488906860352,7.252720832824707,0.4982350245118141,-417.44000244140625,-418.0,27.757638931274414,-473.0,-465.0,-454.0,-435.0,-418.0,-396.0,-381.79998779296875,-372.0,-365.8599853515625
34020,-417.44000244140625,7.293728828430176,7.251935005187988,0.49543678760528564,-417.44000244140625,-418.0,27.757638931274414,-473.0,-465.0,-454.0,-435.0,-418.0,-396.0,-381.79998779296875,-372.0,-365.8599853515625
34080,-417.44000244140625,7.291675090789795,7.250861644744873,0.49060510098934174,-417.44000244140625,-418.0,27.757638931274414,-473.0,-465.0,-454.0,-435.0,-418.0,-396.0,-381.79998779296875,-372.0,-365.8599853515625
34140,-417.44000244140625,7.289783000946045,7.249636650085449,0.4868519604206085,-417.44000244140625,-418.0,27.757638931274414,-473.0,-465.0,-454.0,-435.0,-418.0,-396.0,-381.79998779296875,-372.0,-365.8599853515625
34200,-417.44000244140625,7.2921295166015625,7.252074241638184,0.4860489144921303,-417.44000244140625,-418.0,27.757638931274414,-473.0,-465.0,-454.0,-435.0,-418.0,-396.0,-381.79998779296875,-372.0,-365.8599853515625
34260,-417.44000244140625,7.292888641357422,7.252998352050781,0.48572711646556854,-417.44000244140625,-418.0,27.757638931274414,-473.0,-465.0,-454.0,-435.0,-418.0,-396.0,-381.79998779296875,-372.0,-365.8599853515625
34320,-417.44000244140625,7.293230056762695,7.2531843185424805,0.4832732826471329,-417.44000244140625,-418.0,27.757638931274414,-473.0,-465.0,-454.0,-435.0,-418.0,-396.0,-381.79998779296875,-372.0,-365.8599853515625
34380,-417.44000244140625,7.28963565826416,7.2499308586120605,0.4809596687555313,-417.44000244140625,-418.0,27.757638931274414,-473.0,-465.0,-454.0,-435.0,-418.0,-396.0,-381.79998779296875,-372.0,-365.8599853515625
34440,-417.44000244140625,7.29176664352417,7.251513957977295,0.4803898259997368,-417.44000244140625,-418.0,27.757638931274414,-473.0,-465.0,-454.0,-435.0,-418.0,-396.0,-381.79998779296875,-372.0,-365.8599853515625
34500,-417.44000244140625,7.290484428405762,7.250244140625,0.47857804596424103,-417.44000244140625,-418.0,27.757638931274414,-473.0,-465.0,-454.0,-435.0,-418.0,-396.0,-381.79998779296875,-372.0,-365.8599853515625
34560,-417.44000244140625,7.290696144104004,7.251189231872559,0.47648466378450394,-417.44000244140625,-418.0,27.757638931274414,-473.0,-465.0,-454.0,-435.0,-418.0,-396.0,-381.79998779296875,-372.0,-365.8599853515625
34620,-417.44000244140625,7.291613578796387,7.251791954040527,0.4743420407176018,-417.44000244140625,-418.0,27.757638931274414,-473.0,-465.0,-454.0,-435.0,-418.0,-396.0,-381.79998779296875,-372.0,-365.8599853515625
34680,-417.44000244140625,7.294801235198975,7.253375053405762,0.4734625443816185,-417.44000244140625,-418.0,27.757638931274414,-473.0,-465.0,-454.0,-435.0,-418.0,-396.0,-381.79998779296875,-372.0,-365.8599853515625
34740,-417.44000244140625,7.292847633361816,7.252345085144043,0.46936076134443283,-417.44000244140625,-418.0,27.757638931274414,-473.0,-465.0,-454.0,-435.0,-418.0,-396.0,-381.79998779296875,-372.0,-365.8599853515625
34800,-417.44000244140625,7.2928080558776855,7.251433849334717,0.47108618915081024,-417.44000244140625,-418.0,27.757638931274414,-473.0,-465.0,-454.0,-435.0,-418.0,-396.0,-381.79998779296875,-372.0,-365.8599853515625
34860,-417.44000244140625,7.293300628662109,7.25260066986084,0.46936506032943726,-417.44000244140625,-418.0,27.757638931274414,-473.0,-465.0,-454.0,-435.0,-418.0,-396.0,-381.79998779296875,-372.0,-365.8599853515625
34920,-417.44000244140625,7.294582366943359,7.253704071044922,0.467890165746212,-417.44000244140625,-418.0,27.757638931274414,-473.0,-465.0,-454.0,-435.0,-418.0,-396.0,-381.79998779296875,-372.0,-365.8599853515625
34980,-417.44000244140625,7.28809118270874,7.248591423034668,0.46589943021535873,-417.44000244140625,-418.0,27.757638931274414,-473.0,-465.0,-454.0,-435.0,-418.0,-396.0,-381.79998779296875,-372.0,-365.8599853515625
35040,-417.44000244140625,7.287893295288086,7.249236583709717,0.4623607471585274,-417.44000244140625,-418.0,27.757638931274414,-473.0,-465.0,-454.0,-435.0,-418.0,-396.0,-381.79998779296875,-372.0,-365.8599853515625
35100,-417.44000244140625,7.28546142578125,7.246435165405273,0.4639280438423157,-417.44000244140625,-418.0,27.757638931274414,-473.0,-465.0,-454.0,-435.0,-418.0,-396.0,-381.79998779296875,-372.0,-365.8599853515625
35160,-417.44000244140625,7.28977108001709,7.250075340270996,0.46363773941993713,-417.44000244140625,-418.0,27.757638931274414,-473.0,-465.0,-454.0,-435.0,-418.0,-396.0,-381.79998779296875,-372.0,-365.8599853515625
35220,-417.44000244140625,7.290521621704102,7.251354217529297,0.4595043659210205,-417.44000244140625,-418.0,27.757638931274414,-473.0,-465.0,-454.0,-435.0,-418.0,-396.0,-381.79998779296875,-372.0,-365.8599853515625
35280,-417.44000244140625,7.2914958000183105,7.252336025238037,0.4596003443002701,-417.44000244140625,-418.0,27.757638931274414,-473.0,-465.0,-454.0,-435.0,-418.0,-396.0,-381.79998779296875,-372.0,-365.8599853515625
35340,-417.44000244140625,7.287334442138672,7.249610900878906,0.4558420106768608,-417.44000244140625,-418.0,27.757638931274414,-473.0,-465.0,-454.0,-435.0,-418.0,-396.0,-381.79998779296875,-372.0,-365.8599853515625
35400,-417.44000244140625,7.288486003875732,7.250243186950684,0.45676611363887787,-417.44000244140625,-418.0,27.757638931274414,-473.0,-465.0,-454.0,-435.0,-418.0,-396.0,-381.79998779296875,-372.0,-365.8599853515625
35460,-417.44000244140625,7.295737266540527,7.25605583190918,0.45730800926685333,-417.44000244140625,-418.0,27.757638931274414,-473.0,-465.0,-454.0,-435.0,-418.0,-396.0,-381.79998779296875,-372.0,-365.8599853515625
35520,-417.44000244140625,7.295873641967773,7.255422115325928,0.4561830461025238,-417.44000244140625,-418.0,27.757638931274414,-473.0,-465.0,-454.0,-435.0,-418.0,-396.0,-381.79998779296875,-372.0,-365.8599853515625
35580,-417.44000244140625,7.292111396789551,7.253489971160889,0.4515620693564415,-417.44000244140625,-418.0,27.757638931274414,-473.0,-465.0,-454.0,-435.0,-418.0,-396.0,-381.79998779296875,-372.0,-365.8599853515625
35640,-417.44000244140625,7.290539741516113,7.252627372741699,0.449843131005764,-417.44000244140625,-418.0,27.757638931274414,-473.0,-465.0,-454.0,-435.0,-418.0,-396.0,-381.79998779296875,-372.0,-365.8599853515625
35700,-417.44000244140625,7.292451858520508,7.255901336669922,0.4484719857573509,-417.44000244140625,-418.0,27.757638931274414,-473.0,-465.0,-454.0,-435.0,-418.0,-396.0,-381.79998779296875,-372.0,-365.8599853515625
35760,-417.44000244140625,7.29383659362793,7.25738525390625,0.4473291262984276,-417.44000244140625,-418.0,27.757638931274414,-473.0,-465.0,-454.0,-435.0,-418.0,-396.0,-381.79998779296875,-372.0,-365.8599853515625
35820,-417.44000244140625,7.297918319702148,7.261537075042725,0.44401025027036667,-417.44000244140625,-418.0,27.757638931274414,-473.0,-465.0,-454.0,-435.0,-418.0,-396.0,-381.79998779296875,-372.0,-365.8599853515625
35880,-417.44000244140625,7.296348571777344,7.260297775268555,0.4423016756772995,-417.44000244140625,-418.0,27.757638931274414,-473.0,-465.0,-454.0,-435.0,-418.0,-396.0,-381.79998779296875,-372.0,-365.8599853515625
35940,-417.44000244140625,7.295197486877441,7.258808135986328,0.4441363364458084,-417.44000244140625,-418.0,27.757638931274414,-473.0,-465.0,-454.0,-435.0,-418.0,-396.0,-381.79998779296875,-372.0,-365.8599853515625
36000,-417.44000244140625,7.296197414398193,7.260073661804199,0.4411177560687065,-417.44000244140625,-418.0,27.757638931274414,-473.0,-465.0,-454.0,-435.0,-418.0,-396.0,-381.79998779296875,-372.0,-365.8599853515625
36060,-417.44000244140625,7.295247554779053,7.258410453796387,0.44366026669740677,-417.44000244140625,-418.0,27.757638931274414,-473.0,-465.0,-454.0,-435.0,-418.0,-396.0,-381.79998779296875,-372.0,-365.8599853515625
36120,-417.44000244140625,7.296751976013184,7.26009464263916,0.44462139904499054,-417.44000244140625,-418.0,27.757638931274414,-473.0,-465.0,-454.0,-435.0,-418.0,-396.0,-381.79998779296875,-372.0,-365.8599853515625
36180,-417.44000244140625,7.298496246337891,7.262699127197266,0.4380832388997078,-417.44000244140625,-418.0,27.757638931274414,-473.0,-465.0,-454.0,-435.0,-418.0,-396.0,-381.79998779296875,-372.0,-365.8599853515625
36240,-417.44000244140625,7.299346923828125,7.263195991516113,0.43641363829374313,-417.44000244140625,-418.0,27.757638931274414,-473.0,-465.0,-454.0,-435.0,-418.0,-396.0,-381.79998779296875,-372.0,-365.8599853515625
36300,-417.44000244140625,7.299249649047852,7.2633585929870605,0.43529853224754333,-417.44000244140625,-418.0,27.757638931274414,-473.0,-465.0,-454.0,-435.0,-418.0,-396.0,-381.79998779296875,-372.0,-365.8599853515625
36360,-417.44000244140625,7.298891067504883,7.262682914733887,0.435718834400177,-417.44000244140625,-418.0,27.757638931274414,-473.0,-465.0,-454.0,-435.0,-418.0,-396.0,-381.79998779296875,-372.0,-365.8599853515625
36420,-417.44000244140625,7.303051948547363,7.266730785369873,0.4340146854519844,-417.44000244140625,-418.0,27.757638931274414,-473.0,-465.0,-454.0,-435.0,-418.0,-396.0,-381.79998779296875,-372.0,-365.8599853515625
36480,-417.44000244140625,7.30169677734375,7.265185356140137,0.43437110632658005,-417.44000244140625,-418.0,27.757638931274414,-473.0,-465.0,-454.0,-435.0,-418.0,-396.0,-381.79998779296875,-372.0,-365.8599853515625
36540,-417.44000244140625,7.300248146057129,7.263480186462402,0.4322871193289757,-417.44000244140625,-418.0,27.757638931274414,-473.0,-465.0,-454.0,-435.0,-418.0,-396.0,-381.79998779296875,-372.0,-365.8599853515625
36600,-417.44000244140625,7.300876140594482,7.265252113342285,0.4258921295404434,-417.44000244140625,-418.0,27.757638931274414,-473.0,-465.0,-454.0,-435.0,-418.0,-396.0,-381.79998779296875,-372.0,-365.8599853515625
36660,-417.44000244140625,7.298182487487793,7.263582229614258,0.4203706756234169,-417.44000244140625,-418.0,27.757638931274414,-473.0,-465.0,-454.0,-435.0,-418.0,-396.0,-381.79998779296875,-372.0,-365.8599853515625
36720,-417.44000244140625,7.296302318572998,7.262109279632568,0.4170687645673752,-417.44000244140625,-418.0,27.757638931274414,-473.0,-465.0,-454.0,-435.0,-418.0,-396.0,-381.79998779296875,-372.0,-365.8599853515625
36780,-417.44000244140625,7.296916484832764,7.262912273406982,0.4141434133052826,-417.44000244140625,-418.0,27.757638931274414,-473.0,-465.0,-454.0,-435.0,-418.0,-396.0,-381.79998779296875,-372.0,-365.8599853515625
36840,-417.44000244140625,7.296164512634277,7.262571334838867,0.4079225957393646,-417.44000244140625,-418.0,27.757638931274414,-473.0,-465.0,-454.0,-435.0,-418.0,-396.0,-381.79998779296875,-372.0,-365.8599853515625
36900,-417.44000244140625,7.289957046508789,7.256556510925293,0.40618759393692017,-417.44000244140625,-418.0,27.757638931274414,-473.0,-465.0,-454.0,-435.0,-418.0,-396.0,-381.79998779296875,-372.0,-365.8599853515625
36960,-417.44000244140625,7.292382717132568,7.258157730102539,0.4081572964787483,-417.44000244140625,-418.0,27.757638931274414,-473.0,-465.0,-454.0,-435.0,-418.0,-396.0,-381.79998779296875,-372.0,-365.8599853515625
37020,-417.44000244140625,7.292838096618652,7.2595672607421875,0.4033934101462364,-417.44000244140625,-418.0,27.757638931274414,-473.0,-465.0,-454.0,-435.0,-418.0,-396.0,-381.79998779296875,-372.0,-365.8599853515625
37080,-417.44000244140625,7.29405403137207,7.261075496673584,0.3996035307645798,-417.44000244140625,-418.0,27.757638931274414,-473.0,-465.0,-454.0,-435.0,-418.0,-396.0,-381.79998779296875,-372.0,-365.8599853515625
37140,-417.44000244140625,7.296269416809082,7.263092994689941,0.3983435556292534,-417.44000244140625,-418.0,27.757638931274414,-473.0,-465.0,-454.0,-435.0,-418.0,-396.0,-381.79998779296875,-372.0,-365.8599853515625
37200,-417.44000244140625,7.296258449554443,7.2629313468933105,0.39599609375,-417.44000244140625,-418.0,27.757638931274414,-473.0,-465.0,-454.0,-435.0,-418.0,-396.0,-381.79998779296875,-372.0,-365.8599853515625
37260,-417.44000244140625,7.293239593505859,7.260098457336426,0.3958132565021515,-417.44000244140625,-418.0,27.757638931274414,-473.0,-465.0,-454.0,-435.0,-418.0,-396.0,-381.79998779296875,-372.0,-365.8599853515625
37320,-417.44000244140625,7.291022300720215,7.25826358795166,0.39470939338207245,-417.44000244140625,-418.0,27.757638931274414,-473.0,-465.0,-454.0,-435.0,-418.0,-396.0,-381.79998779296875,-372.0,-365.8599853515625
37380,-417.44000244140625,7.289406776428223,7.2571258544921875,0.3915356695652008,-417.44000244140625,-418.0,27.757638931274414,-473.0,-465.0,-454.0,-435.0,-418.0,-396.0,-381.79998779296875,-372.0,-365.8599853515625
37440,-417.44000244140625,7.289846420288086,7.257250785827637,0.3930544927716255,-417.44000244140625,-418.0,27.757638931274414,-473.0,-465.0,-454.0,-435.0,-418.0,-396.0,-381.79998779296875,-372.0,-365.8599853515625
37500,-417.44000244140625,7.293951034545898,7.259817123413086,0.3958027958869934,-417.44000244140625,-418.0,27.757638931274414,-473.0,-465.0,-454.0,-435.0,-418.0,-396.0,-381.79998779296875,-372.0,-365.8599853515625
37560,-417.44000244140625,7.290728569030762,7.257287979125977,0.3961058780550957,-417.44000244140625,-418.0,27.757638931274414,-473.0,-465.0,-454.0,-435.0,-418.0,-396.0,-381.79998779296875,-372.0,-365.8599853515625
37620,-417.44000244140625,7.287776470184326,7.2557597160339355,0.3878920376300812,-417.44000244140625,-418.0,27.757638931274414,-473.0,-465.0,-454.0,-435.0,-418.0,-396.0,-381.79998779296875,-372.0,-365.8599853515625
37680,-417.4599914550781,7.286868095397949,7.254530906677246,0.3855109438300133,-417.4599914550781,-418.0,27.777481079101562,-473.0,-465.0,-454.0,-435.0,-418.0,-396.0,-381.79998779296875,-372.0,-365.8599853515625
37740,-417.4599914550781,7.282832622528076,7.250955104827881,0.38015034049749374,-417.4599914550781,-418.0,27.777481079101562,-473.0,-465.0,-454.0,-435.0,-418.0,-396.0,-381.79998779296875,-372.0,-365.8599853515625
37800,-417.4599914550781,7.2836503982543945,7.252504348754883,0.37656910717487335,-417.4599914550781,-418.0,27.777481079101562,-473.0,-465.0,-454.0,-435.0,-418.0,-396.0,-381.79998779296875,-372.0,-365.8599853515625
37860,-417.4599914550781,7.283731460571289,7.252525329589844,0.37697815150022507,-417.4599914550781,-418.0,27.777481079101562,-473.0,-465.0,-454.0,-435.0,-418.0,-396.0,-381.79998779296875,-372.0,-365.8599853515625
37920,-417.4599914550781,7.285043239593506,7.254338264465332,0.374482162296772,-417.4599914550781,-418.0,27.777481079101562,-473.0,-465.0,-454.0,-435.0,-418.0,-396.0,-381.79998779296875,-372.0,-365.8599853515625
37980,-417.4599914550781,7.283910751342773,7.253652095794678,0.37011849880218506,-417.4599914550781,-418.0,27.777481079101562,-473.0,-465.0,-454.0,-435.0,-418.0,-396.0,-381.79998779296875,-372.0,-365.8599853515625
38040,-417.4599914550781,7.281838417053223,7.2519659996032715,0.3667701929807663,-417.4599914550781,-418.0,27.777481079101562,-473.0,-465.0,-454.0,-435.0,-418.0,-396.0,-381.79998779296875,-372.0,-365.8599853515625
38100,-417.4599914550781,7.284332275390625,7.254495620727539,0.36595504730939865,-417.4599914550781,-418.0,27.777481079101562,-473.0,-465.0,-454.0,-435.0,-418.0,-396.0,-381.79998779296875,-372.0,-365.8599853515625
38160,-417.4599914550781,7.285897731781006,7.256412506103516,0.3636118397116661,-417.4599914550781,-418.0,27.777481079101562,-473.0,-465.0,-454.0,-435.0,-418.0,-396.0,-381.79998779296875,-372.0,-365.8599853515625
38220,-417.4599914550781,7.284273147583008,7.254830837249756,0.36165355890989304,-417.4599914550781,-418.0,27.777481079101562,-473.0,-465.0,-454.0,-435.0,-418.0,-396.0,-381.79998779296875,-372.0,-365.8599853515625
38280,-417.4599914550781,7.28657865524292,7.25692892074585,0.3601522594690323,-417.4599914550781,-418.0,27.777481079101562,-473.0,-465.0,-454.0,-435.0,-418.0,-396.0,-381.79998779296875,-372.0,-365.8599853515625
38340,-417.4599914550781,7.291214942932129,7.260461807250977,0.3637288585305214,-417.4599914550781,-418.0,27.777481079101562,-473.0,-465.0,-454.0,-435.0,-418.0,-396.0,-381.79998779296875,-372.0,-365.8599853515625
38400,-417.4599914550781,7.293826580047607,7.263247489929199,0.3611021041870117,-417.4599914550781,-418.0,27.777481079101562,-473.0,-465.0,-454.0,-435.0,-418.0,-396.0,-381.79998779296875,-372.0,-365.8599853515625
38460,-417.4599914550781,7.296199321746826,7.2652716636657715,0.36218973994255066,-417.4599914550781,-418.0,27.777481079101562,-473.0,-465.0,-454.0,-435.0,-418.0,-396.0,-381.79998779296875,-372.0,-365.8599853515625
38520,-417.4599914550781,7.296536922454834,7.2656989097595215,0.3629169687628746,-417.4599914550781,-418.0,27.777481079101562,-473.0,-465.0,-454.0,-435.0,-418.0,-396.0,-381.79998779296875,-372.0,-365.8599853515625
38580,-417.4599914550781,7.294801712036133,7.2643561363220215,0.35767679661512375,-417.4599914550781,-418.0,27.777481079101562,-473.0,-465.0,-454.0,-435.0,-418.0,-396.0,-381.79998779296875,-372.0,-365.8599853515625
38640,-417.4599914550781,7.295711040496826,7.264788627624512,0.35832564532756805,-417.4599914550781,-418.0,27.777481079101562,-473.0,-465.0,-454.0,-435.0,-418.0,-396.0,-381.79998779296875,-372.0,-365.8599853515625
38700,-417.4599914550781,7.293851375579834,7.262981414794922,0.3562779426574707,-417.4599914550781,-418.0,27.777481079101562,-473.0,-465.0,-454.0,-435.0,-418.0,-396.0,-381.79998779296875,-372.0,-365.8599853515625
38760,-417.4599914550781,7.290769100189209,7.260718822479248,0.3549292981624603,-417.4599914550781,-418.0,27.777481079101562,-473.0,-465.0,-454.0,-435.0,-418.0,-396.0,-381.79998779296875,-372.0,-365.8599853515625
38820,-417.4599914550781,7.294103622436523,7.263974666595459,0.3529876843094826,-417.4599914550781,-418.0,27.777481079101562,-473.0,-465.0,-454.0,-435.0,-418.0,-396.0,-381.79998779296875,-372.0,-365.8599853515625
38880,-417.4599914550781,7.295100212097168,7.2643938064575195,0.35455232858657837,-417.4599914550781,-418.0,27.777481079101562,-473.0,-465.0,-454.0,-435.0,-418.0,-396.0,-381.79998779296875,-372.0,-365.8599853515625
38940,-417.4599914550781,7.29191780090332,7.26147985458374,0.35402674973011017,-417.4599914550781,-418.0,27.777481079101562,-473.0,-465.0,-454.0,-435.0,-418.0,-396.0,-381.79998779296875,-372.0,-365.8599853515625
39000,-417.4599914550781,7.293704509735107,7.262681007385254,0.35374851524829865,-417.4599914550781,-418.0,27.777481079101562,-473.0,-465.0,-454.0,-435.0,-418.0,-396.0,-381.79998779296875,-372.0,-365.8599853515625
39060,-417.4599914550781,7.292506694793701,7.261626243591309,0.35462261736392975,-417.4599914550781,-418.0,27.777481079101562,-473.0,-465.0,-454.0,-435.0,-418.0,-396.0,-381.79998779296875,-372.0,-365.8599853515625
39120,-417.4599914550781,7.295795440673828,7.264492034912109,0.35525040328502655,-417.4599914550781,-418.0,27.777481079101562,-473.0,-465.0,-454.0,-435.0,-418.0,-396.0,-381.79998779296875,-372.0,-365.8599853515625
39180,-417.4599914550781,7.296178340911865,7.265949249267578,0.3481236919760704,-417.4599914550781,-418.0,27.777481079101562,-473.0,-465.0,-454.0,-435.0,-418.0,-396.0,-381.79998779296875,-372.0,-365.8599853515625
39240,-417.4599914550781,7.295529842376709,7.265242576599121,0.3474848344922066,-417.4599914550781,-418.0,27.777481079101562,-473.0,-465.0,-454.0,-435.0,-418.0,-396.0,-381.79998779296875,-372.0,-365.8599853515625
39300,-417.4599914550781,7.294938564300537,7.264657497406006,0.34584422409534454,-417.4599914550781,-418.0,27.777481079101562,-473.0,-465.0,-454.0,-435.0,-418.0,-396.0,-381.79998779296875,-372.0,-365.8599853515625
39360,-417.4599914550781,7.293935298919678,7.263300895690918,0.34882378578186035,-417.4599914550781,-418.0,27.777481079101562,-473.0,-465.0,-454.0,-435.0,-418.0,-396.0,-381.79998779296875,-372.0,-365.8599853515625
39420,-417.4599914550781,7.293670177459717,7.264195919036865,0.3447544053196907,-417.4599914550781,-418.0,27.777481079101562,-473.0,-465.0,-454.0,-435.0,-418.0,-396.0,-381.79998779296875,-372.0,-365.8599853515625
39480,-417.4599914550781,7.292176723480225,7.262859344482422,0.34128835052251816,-417.4599914550781,-418.0,27.777481079101562,-473.0,-465.0,-454.0,-435.0,-418.0,-396.0,-381.79998779296875,-372.0,-365.8599853515625
39540,-417.4599914550781,7.291872978210449,7.262147903442383,0.3411315605044365,-417.4599914550781,-418.0,27.777481079101562,-473.0,-465.0,-454.0,-435.0,-418.0,-396.0,-381.79998779296875,-372.0,-365.8599853515625
39600,-417.4599914550781,7.293820381164551,7.264266014099121,0.34297431260347366,-417.4599914550781,-418.0,27.777481079101562,-473.0,-465.0,-454.0,-435.0,-418.0,-396.0,-381.79998779296875,-372.0,-365.8599853515625
39660,-417.4599914550781,7.293931484222412,7.264754295349121,0.3424437865614891,-417.4599914550781,-418.0,27.777481079101562,-473.0,-465.0,-454.0,-435.0,-418.0,-396.0,-381.79998779296875,-372.0,-365.8599853515625
39720,-417.4599914550781,7.294229507446289,7.265715599060059,0.3389664888381958,-417.4599914550781,-418.0,27.777481079101562,-473.0,-465.0,-454.0,-435.0,-418.0,-396.0,-381.79998779296875,-372.0,-365.8599853515625
39780,-417.4599914550781,7.294503688812256,7.266779899597168,0.3353829011321068,-417.4599914550781,-418.0,27.777481079101562,-473.0,-465.0,-454.0,-435.0,-418.0,-396.0,-381.79998779296875,-372.0,-365.8599853515625
39840,-417.4599914550781,7.293666362762451,7.2661895751953125,0.33469273149967194,-417.4599914550781,-418.0,27.777481079101562,-473.0,-465.0,-454.0,-435.0,-418.0,-396.0,-381.79998779296875,-372.0,-365.8599853515625
39900,-417.4599914550781,7.294396877288818,7.267081260681152,0.3337465152144432,-417.4599914550781,-418.0,27.777481079101562,-473.0,-465.0,-454.0,-435.0,-418.0,-396.0,-381.79998779296875,-372.0,-365.8599853515625
39960,-417.4599914550781,7.293405532836914,7.265688896179199,0.33093196898698807,-417.4599914550781,-418.0,27.777481079101562,-473.0,-465.0,-454.0,-435.0,-418.0,-396.0,-381.79998779296875,-372.0,-365.8599853515625
40020,-417.4599914550781,7.2955145835876465,7.266124248504639,0.3301513269543648,-417.4599914550781,-418.0,27.777481079101562,-473.0,-465.0,-454.0,-435.0,-418.0,-396.0,-381.79998779296875,-372.0,-365.8599853515625
40080,-417.4599914550781,7.295260906219482,7.265911102294922,0.32791370153427124,-417.4599914550781,-418.0,27.777481079101562,-473.0,-465.0,-454.0,-435.0,-418.0,-396.0,-381.79998779296875,-372.0,-365.8599853515625
40140,-417.4599914550781,7.296709060668945,7.26683235168457,0.3291732370853424,-417.4599914550781,-418.0,27.777481079101562,-473.0,-465.0,-454.0,-435.0,-418.0,-396.0,-381.79998779296875,-372.0,-365.8599853515625
40200,-417.4599914550781,7.289370536804199,7.262414455413818,0.31916968524456024,-417.4599914550781,-418.0,27.777481079101562,-473.0,-465.0,-454.0,-435.0,-418.0,-396.0,-381.79998779296875,-372.0,-365.8599853515625
40260,-417.4599914550781,7.293071269989014,7.2655463218688965,0.3216187357902527,-417.4599914550781,-418.0,27.777481079101562,-473.0,-465.0,-454.0,-435.0,-418.0,-396.0,-381.79998779296875,-372.0,-365.8599853515625
40320,-417.4599914550781,7.292122840881348,7.264199256896973,0.31941747665405273,-417.4599914550781,-418.0,27.777481079101562,-473.0,-465.0,-454.0,-435.0,-418.0,-396.0,-381.79998779296875,-372.0,-365.8599853515625
40380,-417.4599914550781,7.2928924560546875,7.265113353729248,0.31972628086805344,-417.4599914550781,-418.0,27.777481079101562,-473.0,-465.0,-454.0,-435.0,-418.0,-396.0,-381.79998779296875,-372.0,-365.8599853515625
40440,-417.4599914550781,7.292659759521484,7.26594352722168,0.31649523973464966,-417.4599914550781,-418.0,27.777481079101562,-473.0,-465.0,-454.0,-435.0,-418.0,-396.0,-381.79998779296875,-372.0,-365.8599853515625
40500,-417.4599914550781,7.299003601074219,7.270998001098633,0.32057318091392517,-417.4599914550781,-418.0,27.777481079101562,-473.0,-465.0,-454.0,-435.0,-418.0,-396.0,-381.79998779296875,-372.0,-365.8599853515625
40560,-417.4599914550781,7.306288719177246,7.276796340942383,0.32348954677581787,-417.4599914550781,-418.0,27.777481079101562,-473.0,-465.0,-454.0,-435.0,-418.0,-396.0,-381.79998779296875,-372.0,-365.8599853515625
40620,-417.4599914550781,7.304093360900879,7.274636745452881,0.31996698677539825,-417.4599914550781,-418.0,27.777481079101562,-473.0,-465.0,-454.0,-435.0,-418.0,-396.0,-381.79998779296875,-372.0,-365.8599853515625
40680,-417.4599914550781,7.307346343994141,7.278226852416992,0.31701429933309555,-417.4599914550781,-418.0,27.777481079101562,-473.0,-465.0,-454.0,-435.0,-418.0,-396.0,-381.79998779296875,-372.0,-365.8599853515625
40740,-417.4599914550781,7.310703277587891,7.280783653259277,0.3186350613832474,-417.4599914550781,-418.0,27.777481079101562,-473.0,-465.0,-454.0,-435.0,-418.0,-396.0,-381.79998779296875,-372.0,-365.8599853515625
40800,-417.4599914550781,7.309595108032227,7.279172897338867,0.3202039524912834,-417.4599914550781,-418.0,27.777481079101562,-473.0,-465.0,-454.0,-435.0,-418.0,-396.0,-381.79998779296875,-372.0,-365.8599853515625
40860,-417.4599914550781,7.307321071624756,7.278663635253906,0.3125834986567497,-417.4599914550781,-418.0,27.777481079101562,-473.0,-465.0,-454.0,-435.0,-418.0,-396.0,-381.79998779296875,-372.0,-365.8599853515625
40920,-417.4599914550781,7.308534145355225,7.278316497802734,0.3143885210156441,-417.4599914550781,-418.0,27.777481079101562,-473.0,-465.0,-454.0,-435.0,-418.0,-396.0,-381.79998779296875,-372.0,-365.8599853515625
40980,-417.4599914550781,7.30418586730957,7.2772064208984375,0.3043575659394264,-417.4599914550781,-418.0,27.777481079101562,-473.0,-465.0,-454.0,-435.0,-418.0,-396.0,-381.79998779296875,-372.0,-365.8599853515625
41040,-417.4599914550781,7.305908203125,7.278556823730469,0.30522850155830383,-417.4599914550781,-418.0,27.777481079101562,-473.0,-465.0,-454.0,-435.0,-418.0,-396.0,-381.79998779296875,-372.0,-365.8599853515625
41100,-417.4599914550781,7.307963848114014,7.280391216278076,0.3048676550388336,-417.4599914550781,-418.0,27.777481079101562,-473.0,-465.0,-454.0,-435.0,-418.0,-396.0,-381.79998779296875,-372.0,-365.8599853515625
41160,-417.4599914550781,7.303643226623535,7.277065277099609,0.3032284826040268,-417.4599914550781,-418.0,27.777481079101562,-473.0,-465.0,-454.0,-435.0,-418.0,-396.0,-381.79998779296875,-372.0,-365.8599853515625
41220,-417.4599914550781,7.309514045715332,7.282386779785156,0.3051619157195091,-417.4599914550781,-418.0,27.777481079101562,-473.0,-465.0,-454.0,-435.0,-418.0,-396.0,-381.79998779296875,-372.0,-365.8599853515625
41280,-417.4599914550781,7.312161922454834,7.285356044769287,0.3040996938943863,-417.4599914550781,-418.0,27.777481079101562,-473.0,-465.0,-454.0,-435.0,-418.0,-396.0,-381.79998779296875,-372.0,-365.8599853515625
41340,-417.4599914550781,7.311612129211426,7.284909725189209,0.30191855877637863,-417.4599914550781,-418.0,27.777481079101562,-473.0,-465.0,-454.0,-435.0,-418.0,-396.0,-381.79998779296875,-372.0,-365.8599853515625
41400,-417.4599914550781,7.313323974609375,7.286614418029785,0.30122094601392746,-417.4599914550781,-418.0,27.777481079101562,-473.0,-465.0,-454.0,-435.0,-418.0,-396.0,-381.79998779296875,-372.0,-365.8599853515625
41460,-417.4599914550781,7.310286998748779,7.282980918884277,0.3003515526652336,-417.4599914550781,-418.0,27.777481079101562,-473.0,-465.0,-454.0,-435.0,-418.0,-396.0,-381.79998779296875,-372.0,-365.8599853515625
41520,-417.4599914550781,7.307120323181152,7.278029441833496,0.30018893629312515,-417.4599914550781,-418.0,27.777481079101562,-473.0,-465.0,-454.0,-435.0,-418.0,-396.0,-381.79998779296875,-372.0,-365.8599853515625
41580,-417.4599914550781,7.299842357635498,7.273624420166016,0.2923749312758446,-417.4599914550781,-418.0,27.777481079101562,-473.0,-465.0,-454.0,-435.0,-418.0,-396.0,-381.79998779296875,-372.0,-365.8599853515625
41640,-417.4599914550781,7.297128200531006,7.271782875061035,0.29102151840925217,-417.4599914550781,-418.0,27.777481079101562,-473.0,-465.0,-454.0,-435.0,-418.0,-396.0,-381.79998779296875,-372.0,-365.8599853515625
41700,-417.4599914550781,7.293554306030273,7.2689032554626465,0.28974296897649765,-417.4599914550781,-418.0,27.777481079101562,-473.0,-465.0,-454.0,-435.0,-418.0,-396.0,-381.79998779296875,-372.0,-365.8599853515625
41760,-417.4599914550781,7.290977478027344,7.267387390136719,0.2883850336074829,-417.4599914550781,-418.0,27.777481079101562,-473.0,-465.0,-454.0,-435.0,-418.0,-396.0,-381.79998779296875,-372.0,-365.8599853515625
41820,-417.4599914550781,7.291380882263184,7.266951560974121,0.2874990254640579,-417.4599914550781,-418.0,27.777481079101562,-473.0,-465.0,-454.0,-435.0,-418.0,-396.0,-381.79998779296875,-372.0,-365.8599853515625
41880,-417.4599914550781,7.288490295410156,7.265658378601074,0.2847089171409607,-417.4599914550781,-418.0,27.777481079101562,-473.0,-465.0,-454.0,-435.0,-418.0,-396.0,-381.79998779296875,-372.0,-365.8599853515625
41940,-417.4599914550781,7.290789604187012,7.2681708335876465,0.2826939895749092,-417.4599914550781,-418.0,27.777481079101562,-473.0,-465.0,-454.0,-435.0,-418.0,-396.0,-381.79998779296875,-372.0,-365.8599853515625
42000,-417.4599914550781,7.294740200042725,7.270973205566406,0.2843959927558899,-417.4599914550781,-418.0,27.777481079101562,-473.0,-465.0,-454.0,-435.0,-418.0,-396.0,-381.79998779296875,-372.0,-365.8599853515625
42060,-417.4599914550781,7.296679496765137,7.271137237548828,0.28787896782159805,-417.4599914550781,-418.0,27.777481079101562,-473.0,-465.0,-454.0,-435.0,-418.0,-396.0,-381.79998779296875,-372.0,-365.8599853515625
42120,-417.4599914550781,7.296482086181641,7.271092891693115,0.28916775435209274,-417.4599914550781,-418.0,27.777481079101562,-473.0,-465.0,-454.0,-435.0,-418.0,-396.0,-381.79998779296875,-372.0,-365.8599853515625
42180,-417.4599914550781,7.297414779663086,7.271923065185547,0.28648877888917923,-417.4599914550781,-418.0,27.777481079101562,-473.0,-465.0,-454.0,-435.0,-418.0,-396.0,-381.79998779296875,-372.0,-365.8599853515625
42240,-417.4599914550781,7.2916579246521,7.2681379318237305,0.2818801775574684,-417.4599914550781,-418.0,27.777481079101562,-473.0,-465.0,-454.0,-435.0,-418.0,-396.0,-381.79998779296875,-372.0,-365.8599853515625
42300,-417.4599914550781,7.28973913192749,7.266978740692139,0.2784048169851303,-417.4599914550781,-418.0,27.777481079101562,-473.0,-465.0,-454.0,-435.0,-418.0,-396.0,-381.79998779296875,-372.0,-365.8599853515625
42360,-417.4599914550781,7.28632926940918,7.264811992645264,0.2695285268127918,-417.4599914550781,-418.0,27.777481079101562,-473.0,-465.0,-454.0,-435.0,-418.0,-396.0,-381.79998779296875,-372.0,-365.8599853515625
42420,-417.4599914550781,7.286490440368652,7.265036582946777,0.27054988220334053,-417.4599914550781,-418.0,27.777481079101562,-473.0,-465.0,-454.0,-435.0,-418.0,-396.0,-381.79998779296875,-372.0,-365.8599853515625
42480,-417.4599914550781,7.284635066986084,7.263439178466797,0.26914040744304657,-417.4599914550781,-418.0,27.777481079101562,-473.0,-465.0,-454.0,-435.0,-418.0,-396.0,-381.79998779296875,-372.0,-365.8599853515625
42540,-417.4599914550781,7.286952018737793,7.265094757080078,0.27065884694457054,-417.4599914550781,-418.0,27.777481079101562,-473.0,-465.0,-454.0,-435.0,-418.0,-396.0,-381.79998779296875,-372.0,-365.8599853515625
42600,-417.4599914550781,7.286680221557617,7.2644782066345215,0.27057673409581184,-417.4599914550781,-418.0,27.777481079101562,-473.0,-465.0,-454.0,-435.0,-418.0,-396.0,-381.79998779296875,-372.0,-365.8599853515625
42660,-417.4599914550781,7.284125804901123,7.2632598876953125,0.26692311465740204,-417.4599914550781,-418.0,27.777481079101562,-473.0,-465.0,-454.0,-435.0,-418.0,-396.0,-381.79998779296875,-372.0,-365.8599853515625
42720,-417.4599914550781,7.291476249694824,7.27023983001709,0.26833615079522133,-417.4599914550781,-418.0,27.777481079101562,-473.0,-465.0,-454.0,-435.0,-418.0,-396.0,-381.79998779296875,-372.0,-365.8599853515625
42780,-417.4599914550781,7.295541286468506,7.2725958824157715,0.2692048102617264,-417.4599914550781,-418.0,27.777481079101562,-473.0,-465.0,-454.0,-435.0,-418.0,-396.0,-381.79998779296875,-372.0,-365.8599853515625
42840,-417.4599914550781,7.299224853515625,7.276020050048828,0.2729456461966038,-417.4599914550781,-418.0,27.777481079101562,-473.0,-465.0,-454.0,-435.0,-418.0,-396.0,-381.79998779296875,-372.0,-365.8599853515625
42900,-417.4599914550781,7.296448707580566,7.2750091552734375,0.2672452926635742,-417.4599914550781,-418.0,27.777481079101562,-473.0,-465.0,-454.0,-435.0,-418.0,-396.0,-381.79998779296875,-372.0,-365.8599853515625
42960,-417.4599914550781,7.296239852905273,7.274714469909668,0.26682595908641815,-417.4599914550781,-418.0,27.777481079101562,-473.0,-465.0,-454.0,-435.0,-418.0,-396.0,-381.79998779296875,-372.0,-365.8599853515625
43020,-417.4599914550781,7.299897193908691,7.278769493103027,0.2660536728799343,-417.4599914550781,-418.0,27.777481079101562,-473.0,-465.0,-454.0,-435.0,-418.0,-396.0,-381.79998779296875,-372.0,-365.8599853515625
43080,-417.4599914550781,7.300898551940918,7.280457973480225,0.2619590535759926,-417.4599914550781,-418.0,27.777481079101562,-473.0,-465.0,-454.0,-435.0,-418.0,-396.0,-381.79998779296875,-372.0,-365.8599853515625
43140,-417.4599914550781,7.301764965057373,7.281386375427246,0.26004088670015335,-417.4599914550781,-418.0,27.777481079101562,-473.0,-465.0,-454.0,-435.0,-418.0,-396.0,-381.79998779296875,-372.0,-365.8599853515625
43200,-417.4599914550781,7.301827430725098,7.281562805175781,0.2613763026893139,-417.4599914550781,-418.0,27.777481079101562,-473.0,-465.0,-454.0,-435.0,-418.0,-396.0,-381.79998779296875,-372.0,-365.8599853515625
43260,-417.4599914550781,7.299680709838867,7.280165672302246,0.2566739022731781,-417.4599914550781,-418.0,27.777481079101562,-473.0,-465.0,-454.0,-435.0,-418.0,-396.0,-381.79998779296875,-372.0,-365.8599853515625
43320,-417.4599914550781,7.297032833099365,7.2773051261901855,0.2582344524562359,-417.4599914550781,-418.0,27.777481079101562,-473.0,-465.0,-454.0,-435.0,-418.0,-396.0,-381.79998779296875,-372.0,-365.8599853515625
43380,-417.4599914550781,7.298671722412109,7.279151916503906,0.25837158784270287,-417.4599914550781,-418.0,27.777481079101562,-473.0,-465.0,-454.0,-435.0,-418.0,-396.0,-381.79998779296875,-372.0,-365.8599853515625
43440,-417.4599914550781,7.2914934158325195,7.272100448608398,0.2567862682044506,-417.4599914550781,-418.0,27.777481079101562,-473.0,-465.0,-454.0,-435.0,-418.0,-396.0,-381.79998779296875,-372.0,-365.8599853515625
43500,-417.4599914550781,7.293169975280762,7.273826599121094,0.2540750205516815,-417.4599914550781,-418.0,27.777481079101562,-473.0,-465.0,-454.0,-435.0,-418.0,-396.0,-381.79998779296875,-372.0,-365.8599853515625
43560,-417.4599914550781,7.2962565422058105,7.277103424072266,0.2544857934117317,-417.4599914550781,-418.0,27.777481079101562,-473.0,-465.0,-454.0,-435.0,-418.0,-396.0,-381.79998779296875,-372.0,-365.8599853515625
43620,-417.4599914550781,7.29347038269043,7.2739152908325195,0.25096913799643517,-417.4599914550781,-418.0,27.777481079101562,-473.0,-465.0,-454.0,-435.0,-418.0,-396.0,-381.79998779296875,-372.0,-365.8599853515625
43680,-417.4599914550781,7.290142059326172,7.27145528793335,0.24796795845031738,-417.4599914550781,-418.0,27.777481079101562,-473.0,-465.0,-454.0,-435.0,-418.0,-396.0,-381.79998779296875,-372.0,-365.8599853515625
43740,-417.4599914550781,7.293124198913574,7.274502754211426,0.24858228117227554,-417.4599914550781,-418.0,27.777481079101562,-473.0,-465.0,-454.0,-435.0,-418.0,-396.0,-381.79998779296875,-372.0,-365.8599853515625
43800,-417.4599914550781,7.296817779541016,7.277907371520996,0.24912678822875023,-417.4599914550781,-418.0,27.777481079101562,-473.0,-465.0,-454.0,-435.0,-418.0,-396.0,-381.79998779296875,-372.0,-365.8599853515625
43860,-417.4599914550781,7.300939083099365,7.281062602996826,0.25152815133333206,-417.4599914550781,-418.0,27.777481079101562,-473.0,-465.0,-454.0,-435.0,-418.0,-396.0,-381.79998779296875,-372.0,-365.8599853515625
43920,-417.47998046875,7.304072856903076,7.283706188201904,0.2525046095252037,-417.4800109863281,-418.0,27.75841522216797,-473.0,-465.0,-454.0,-435.0,-418.0,-396.0,-381.79998779296875,-372.0,-365.8599853515625
43980,-417.47998046875,7.308976650238037,7.287764549255371,0.2520524710416794,-417.4800109863281,-418.0,27.75841522216797,-473.0,-465.0,-454.0,-435.0,-418.0,-396.0,-381.79998779296875,-372.0,-365.8599853515625
44040,-417.47998046875,7.302976608276367,7.283502101898193,0.2484925538301468,-417.4800109863281,-418.0,27.75841522216797,-473.0,-465.0,-454.0,-435.0,-418.0,-396.0,-381.79998779296875,-372.0,-365.8599853515625
44100,-417.47998046875,7.29965877532959,7.280768394470215,0.24570272862911224,-417.4800109863281,-418.0,27.75841522216797,-473.0,-465.0,-454.0,-435.0,-418.0,-396.0,-381.79998779296875,-372.0,-365.8599853515625
44160,-417.47998046875,7.3026018142700195,7.282627105712891,0.2468182072043419,-417.4800109863281,-418.0,27.75841522216797,-473.0,-465.0,-454.0,-435.0,-418.0,-396.0,-381.79998779296875,-372.0,-365.8599853515625
44220,-417.47998046875,7.300158977508545,7.280309200286865,0.24871008098125458,-417.4800109863281,-418.0,27.75841522216797,-473.0,-465.0,-454.0,-435.0,-418.0,-396.0,-381.79998779296875,-372.0,-365.8599853515625
44280,-417.47998046875,7.299010753631592,7.279086112976074,0.24718854203820229,-417.4800109863281,-418.0,27.75841522216797,-473.0,-465.0,-454.0,-435.0,-418.0,-396.0,-381.79998779296875,-372.0,-365.8599853515625
44340,-417.47998046875,7.303154945373535,7.284412384033203,0.2455543838441372,-417.4800109863281,-418.0,27.75841522216797,-473.0,-465.0,-454.0,-435.0,-418.0,-396.0,-381.79998779296875,-372.0,-365.8599853515625
44400,-417.47998046875,7.306783676147461,7.285375595092773,0.24841004237532616,-417.4800109863281,-418.0,27.75841522216797,-473.0,-465.0,-454.0,-435.0,-418.0,-396.0,-381.79998779296875,-372.0,-365.8599853515625
44460,-417.47998046875,7.306577682495117,7.288667678833008,0.23846526071429253,-417.4800109863281,-418.0,27.75841522216797,-473.0,-465.0,-454.0,-435.0,-418.0,-396.0,-381.79998779296875,-372.0,-365.8599853515625
44520,-417.47998046875,7.309866905212402,7.292125225067139,0.23813695460557938,-417.4800109863281,-418.0,27.75841522216797,-473.0,-465.0,-454.0,-435.0,-418.0,-396.0,-381.79998779296875,-372.0,-365.8599853515625
44580,-417.47998046875,7.309394359588623,7.291940212249756,0.23633180186152458,-417.4800109863281,-418.0,27.75841522216797,-473.0,-465.0,-454.0,-435.0,-418.0,-396.0,-381.79998779296875,-372.0,-365.8599853515625
44640,-417.47998046875,7.309870719909668,7.292694091796875,0.23558875173330307,-417.4800109863281,-418.0,27.75841522216797,-473.0,-465.0,-454.0,-435.0,-418.0,-396.0,-381.79998779296875,-372.0,-365.8599853515625
44700,-417.47998046875,7.308784008026123,7.291756629943848,0.23460517451167107,-417.4800109863281,-418.0,27.75841522216797,-473.0,-465.0,-454.0,-435.0,-418.0,-396.0,-381.79998779296875,-372.0,-365.8599853515625
44760,-417.47998046875,7.309535980224609,7.292506217956543,0.23642607778310776,-417.4800109863281,-418.0,27.75841522216797,-473.0,-465.0,-454.0,-435.0,-418.0,-396.0,-381.79998779296875,-372.0,-365.8599853515625
44820,-417.47998046875,7.3110671043396,7.294188499450684,0.23535551875829697,-417.4800109863281,-418.0,27.75841522216797,-473.0,-465.0,-454.0,-435.0,-418.0,-396.0,-381.79998779296875,-372.0,-365.8599853515625
44880,-417.47998046875,7.311651229858398,7.294500350952148,0.23773253336548805,-417.4800109863281,-418.0,27.75841522216797,-473.0,-465.0,-454.0,-435.0,-418.0,-396.0,-381.79998779296875,-372.0,-365.8599853515625
44940,-417.47998046875,7.311551570892334,7.294473171234131,0.23507710546255112,-417.4800109863281,-418.0,27.75841522216797,-473.0,-465.0,-454.0,-435.0,-418.0,-396.0,-381.79998779296875,-372.0,-365.8599853515625
45000,-417.47998046875,7.307994842529297,7.291171073913574,0.23332855477929115,-417.4800109863281,-418.0,27.75841522216797,-473.0,-465.0,-454.0,-435.0,-418.0,-396.0,-381.79998779296875,-372.0,-365.8599853515625
45060,-417.47998046875,7.313270092010498,7.296718597412109,0.23274275287985802,-417.4800109863281,-418.0,27.75841522216797,-473.0,-465.0,-454.0,-435.0,-418.0,-396.0,-381.79998779296875,-372.0,-365.8599853515625
45120,-417.47998046875,7.314421653747559,7.2978515625,0.23035376518964767,-417.4800109863281,-418.0,27.75841522216797,-473.0,-465.0,-454.0,-435.0,-418.0,-396.0,-381.79998779296875,-372.0,-365.8599853515625
45180,-417.47998046875,7.318398952484131,7.3021650314331055,0.2294415459036827,-417.4800109863281,-418.0,27.75841522216797,-473.0,-465.0,-454.0,-435.0,-418.0,-396.0,-381.79998779296875,-372.0,-365.8599853515625
45240,-417.47998046875,7.322056770324707,7.305507659912109,0.2276705466210842,-417.4800109863281,-418.0,27.75841522216797,-473.0,-465.0,-454.0,-435.0,-418.0,-396.0,-381.79998779296875,-372.0,-365.8599853515625
45300,-417.47998046875,7.317267417907715,7.3014678955078125,0.22314701601862907,-417.4800109863281,-418.0,27.75841522216797,-473.0,-465.0,-454.0,-435.0,-418.0,-396.0,-381.79998779296875,-372.0,-365.8599853515625
45360,-417.47998046875,7.313592910766602,7.297748565673828,0.2245025783777237,-417.4800109863281,-418.0,27.75841522216797,-473.0,-465.0,-454.0,-435.0,-418.0,-396.0,-381.79998779296875,-372.0,-365.8599853515625
45420,-417.47998046875,7.3172149658203125,7.30159330368042,0.2225470282137394,-417.4800109863281,-418.0,27.75841522216797,-473.0,-465.0,-454.0,-435.0,-418.0,-396.0,-381.79998779296875,-372.0,-365.8599853515625
45480,-417.47998046875,7.313393592834473,7.297789573669434,0.22048437222838402,-417.4800109863281,-418.0,27.75841522216797,-473.0,-465.0,-454.0,-435.0,-418.0,-396.0,-381.79998779296875,-372.0,-365.8599853515625
45540,-417.47998046875,7.316136360168457,7.3007121086120605,0.21929507702589035,-417.4800109863281,-418.0,27.75841522216797,-473.0,-465.0,-454.0,-435.0,-418.0,-396.0,-381.79998779296875,-372.0,-365.8599853515625
45600,-417.47998046875,7.315982341766357,7.300769329071045,0.21953655034303665,-417.4800109863281,-418.0,27.75841522216797,-473.0,-465.0,-454.0,-435.0,-418.0,-396.0,-381.79998779296875,-372.0,-365.8599853515625
45660,-417.47998046875,7.319756984710693,7.3037428855896,0.21959974616765976,-417.4800109863281,-418.0,27.75841522216797,-473.0,-465.0,-454.0,-435.0,-418.0,-396.0,-381.79998779296875,-372.0,-365.8599853515625
45720,-417.47998046875,7.319744110107422,7.304108619689941,0.21763643622398376,-417.4800109863281,-418.0,27.75841522216797,-473.0,-465.0,-454.0,-435.0,-418.0,-396.0,-381.79998779296875,-372.0,-365.8599853515625
45780,-417.47998046875,7.322585582733154,7.307121276855469,0.21775999665260315,-417.4800109863281,-418.0,27.75841522216797,-473.0,-465.0,-454.0,-435.0,-418.0,-396.0,-381.79998779296875,-372.0,-365.8599853515625
45840,-417.47998046875,7.324769496917725,7.308894634246826,0.21734923124313354,-417.4800109863281,-418.0,27.75841522216797,-473.0,-465.0,-454.0,-435.0,-418.0,-396.0,-381.79998779296875,-372.0,-365.8599853515625
45900,-417.47998046875,7.324153900146484,7.30733585357666,0.22081729397177696,-417.4800109863281,-418.0,27.75841522216797,-473.0,-465.0,-454.0,-435.0,-418.0,-396.0,-381.79998779296875,-372.0,-365.8599853515625
45960,-417.47998046875,7.325002193450928,7.307041168212891,0.22493374347686768,-417.4800109863281,-418.0,27.75841522216797,-473.0,-465.0,-454.0,-435.0,-418.0,-396.0,-381.79998779296875,-372.0,-365.8599853515625
46020,-417.47998046875,7.32509183883667,7.3093414306640625,0.21950937807559967,-417.4800109863281,-418.0,27.75841522216797,-473.0,-465.0,-454.0,-435.0,-418.0,-396.0,-381.79998779296875,-372.0,-365.8599853515625
46080,-417.47998046875,7.326005935668945,7.311032772064209,0.2099352516233921,-417.4800109863281,-418.0,27.75841522216797,-473.0,-465.0,-454.0,-435.0,-418.0,-396.0,-381.79998779296875,-372.0,-365.8599853515625
46140,-417.47998046875,7.32751989364624,7.3132147789001465,0.2083568274974823,-417.4800109863281,-418.0,27.75841522216797,-473.0,-465.0,-454.0,-435.0,-418.0,-396.0,-381.79998779296875,-372.0,-365.8599853515625
46200,-417.47998046875,7.32460880279541,7.310393810272217,0.2059895023703575,-417.4800109863281,-418.0,27.75841522216797,-473.0,-465.0,-454.0,-435.0,-418.0,-396.0,-381.79998779296875,-372.0,-365.8599853515625
46260,-417.47998046875,7.323494911193848,7.309197425842285,0.20147952809929848,-417.4800109863281,-418.0,27.75841522216797,-473.0,-465.0,-454.0,-435.0,-418.0,-396.0,-381.79998779296875,-372.0,-365.8599853515625
46320,-417.47998046875,7.326669692993164,7.312464714050293,0.20472463592886925,-417.4800109863281,-418.0,27.75841522216797,-473.0,-465.0,-454.0,-435.0,-418.0,-396.0,-381.79998779296875,-372.0,-365.8599853515625
46380,-417.47998046875,7.3258819580078125,7.311720848083496,0.20508183538913727,-417.4800109863281,-418.0,27.75841522216797,-473.0,-465.0,-454.0,-435.0,-418.0,-396.0,-381.79998779296875,-372.0,-365.8599853515625
46440,-417.47998046875,7.328090667724609,7.313872337341309,0.20760129019618034,-417.4800109863281,-418.0,27.75841522216797,-473.0,-465.0,-454.0,-435.0,-418.0,-396.0,-381.79998779296875,-372.0,-365.8599853515625
46500,-417.47998046875,7.326272964477539,7.3120317459106445,0.20596417412161827,-417.4800109863281,-418.0,27.75841522216797,-473.0,-465.0,-454.0,-435.0,-418.0,-396.0,-381.79998779296875,-372.0,-365.8599853515625
46560,-417.47998046875,7.3288984298706055,7.314794063568115,0.20596349611878395,-417.4800109863281,-418.0,27.75841522216797,-473.0,-465.0,-454.0,-435.0,-418.0,-396.0,-381.79998779296875,-372.0,-365.8599853515625
46620,-417.47998046875,7.333419322967529,7.318484306335449,0.2068975493311882,-417.4800109863281,-418.0,27.75841522216797,-473.0,-465.0,-454.0,-435.0,-418.0,-396.0,-381.79998779296875,-372.0,-365.8599853515625
46680,-417.47998046875,7.331637859344482,7.316565990447998,0.20657644793391228,-417.4800109863281,-418.0,27.75841522216797,-473.0,-465.0,-454.0,-435.0,-418.0,-396.0,-381.79998779296875,-372.0,-365.8599853515625
46740,-417.47998046875,7.325543403625488,7.309985160827637,0.20608063787221909,-417.4800109863281,-418.0,27.75841522216797,-473.0,-465.0,-454.0,-435.0,-418.0,-396.0,-381.79998779296875,-372.0,-365.8599853515625
46800,-417.47998046875,7.324379920959473,7.309566497802734,0.2057638205587864,-417.4800109863281,-418.0,27.75841522216797,-473.0,-465.0,-454.0,-435.0,-418.0,-396.0,-381.79998779296875,-372.0,-365.8599853515625
46860,-417.47998046875,7.326329231262207,7.312135696411133,0.20122183114290237,-417.4800109863281,-418.0,27.75841522216797,-473.0,-465.0,-454.0,-435.0,-418.0,-396.0,-381.79998779296875,-372.0,-365.8599853515625
46920,-417.53997802734375,7.321950435638428,7.307916164398193,0.1996706910431385,-417.5400085449219,-418.0,27.80914306640625,-473.0,-465.0,-454.0,-435.0,-418.0,-396.0,-381.79998779296875,-372.0,-365.8599853515625
46980,-417.53997802734375,7.325335502624512,7.311204433441162,0.1990860290825367,-417.5400085449219,-418.0,27.80914306640625,-473.0,-465.0,-454.0,-435.0,-418.0,-396.0,-381.79998779296875,-372.0,-365.8599853515625
47040,-417.53997802734375,7.3288493156433105,7.314863204956055,0.19752348214387894,-417.5400085449219,-418.0,27.80914306640625,-473.0,-465.0,-454.0,-435.0,-418.0,-396.0,-381.79998779296875,-372.0,-365.8599853515625
47100,-417.53997802734375,7.32685661315918,7.31241512298584,0.19588571414351463,-417.5400085449219,-418.0,27.80914306640625,-473.0,-465.0,-454.0,-435.0,-418.0,-396.0,-381.79998779296875,-372.0,-365.8599853515625
47160,-417.53997802734375,7.325273513793945,7.310807228088379,0.19273653626441956,-417.5400085449219,-418.0,27.80914306640625,-473.0,-465.0,-454.0,-435.0,-418.0,-396.0,-381.79998779296875,-372.0,-365.8599853515625
47220,-417.53997802734375,7.318461894989014,7.304721832275391,0.1923687942326069,-417.5400085449219,-418.0,27.80914306640625,-473.0,-465.0,-454.0,-435.0,-418.0,-396.0,-381.79998779296875,-372.0,-365.8599853515625
47280,-417.53997802734375,7.332685470581055,7.318084239959717,0.1941867247223854,-417.5400085449219,-418.0,27.80914306640625,-473.0,-465.0,-454.0,-435.0,-418.0,-396.0,-381.79998779296875,-372.0,-365.8599853515625
47340,-417.53997802734375,7.3320112228393555,7.3159942626953125,0.196809571236372,-417.5400085449219,-418.0,27.80914306640625,-473.0,-465.0,-454.0,-435.0,-418.0,-396.0,-381.79998779296875,-372.0,-365.8599853515625
47400,-417.53997802734375,7.330453872680664,7.3168745040893555,0.18615677580237389,-417.5400085449219,-418.0,27.80914306640625,-473.0,-465.0,-454.0,-435.0,-418.0,-396.0,-381.79998779296875,-372.0,-365.8599853515625
47460,-417.53997802734375,7.32607364654541,7.3114142417907715,0.18707986176013947,-417.5400085449219,-418.0,27.80914306640625,-473.0,-465.0,-454.0,-435.0,-418.0,-396.0,-381.79998779296875,-372.0,-365.8599853515625
47520,-417.53997802734375,7.3220672607421875,7.308358669281006,0.18781732022762299,-417.5400085449219,-418.0,27.80914306640625,-473.0,-465.0,-454.0,-435.0,-418.0,-396.0,-381.79998779296875,-372.0,-365.8599853515625
47580,-417.53997802734375,7.318674087524414,7.305535793304443,0.1811799556016922,-417.5400085449219,-418.0,27.80914306640625,-473.0,-465.0,-454.0,-435.0,-418.0,-396.0,-381.79998779296875,-372.0,-365.8599853515625
47640,-417.53997802734375,7.325447082519531,7.312676906585693,0.1827331744134426,-417.5400085449219,-418.0,27.80914306640625,-473.0,-465.0,-454.0,-435.0,-418.0,-396.0,-381.79998779296875,-372.0,-365.8599853515625
47700,-417.53997802734375,7.326452255249023,7.3132548332214355,0.18457671999931335,-417.5400085449219,-418.0,27.80914306640625,-473.0,-465.0,-454.0,-435.0,-418.0,-396.0,-381.79998779296875,-372.0,-365.8599853515625
47760,-417.53997802734375,7.324509620666504,7.312093257904053,0.17674612626433372,-417.5400085449219,-418.0,27.80914306640625,-473.0,-465.0,-454.0,-435.0,-418.0,-396.0,-381.79998779296875,-372.0,-365.8599853515625
47820,-417.53997802734375,7.320714950561523,7.309238433837891,0.17352033779025078,-417.5400085449219,-418.0,27.80914306640625,-473.0,-465.0,-454.0,-435.0,-418.0,-396.0,-381.79998779296875,-372.0,-365.8599853515625
47880,-417.53997802734375,7.31775426864624,7.306452751159668,0.16977424547076225,-417.5400085449219,-418.0,27.80914306640625,-473.0,-465.0,-454.0,-435.0,-418.0,-396.0,-381.79998779296875,-372.0,-365.8599853515625
47940,-417.53997802734375,7.313285827636719,7.3020219802856445,0.1647430583834648,-417.5400085449219,-418.0,27.80914306640625,-473.0,-465.0,-454.0,-435.0,-418.0,-396.0,-381.79998779296875,-372.0,-365.8599853515625
48000,-417.53997802734375,7.315716743469238,7.304410457611084,0.1685294397175312,-417.5400085449219,-418.0,27.80914306640625,-473.0,-465.0,-454.0,-435.0,-418.0,-396.0,-381.79998779296875,-372.0,-365.8599853515625
48060,-417.53997802734375,7.322131156921387,7.310476303100586,0.16611580923199654,-417.5400085449219,-418.0,27.80914306640625,-473.0,-465.0,-454.0,-435.0,-418.0,-396.0,-381.79998779296875,-372.0,-365.8599853515625
48120,-417.53997802734375,7.324645042419434,7.313216209411621,0.16899797692894936,-417.5400085449219,-418.0,27.80914306640625,-473.0,-465.0,-454.0,-435.0,-418.0,-396.0,-381.79998779296875,-372.0,-365.8599853515625
48180,-417.53997802734375,7.324676036834717,7.313928604125977,0.16631889715790749,-417.5400085449219,-418.0,27.80914306640625,-473.0,-465.0,-454.0,-435.0,-418.0,-396.0,-381.79998779296875,-372.0,-365.8599853515625
48240,-417.53997802734375,7.332284927368164,7.32187557220459,0.1613486483693123,-417.5400085449219,-418.0,27.80914306640625,-473.0,-465.0,-454.0,-435.0,-418.0,-396.0,-381.79998779296875,-372.0,-365.8599853515625
48300,-417.53997802734375,7.332345008850098,7.321993827819824,0.1608387716114521,-417.5400085449219,-418.0,27.80914306640625,-473.0,-465.0,-454.0,-435.0,-418.0,-396.0,-381.79998779296875,-372.0,-365.8599853515625
48360,-417.53997802734375,7.334155559539795,7.323697566986084,0.16197723522782326,-417.5400085449219,-418.0,27.80914306640625,-473.0,-465.0,-454.0,-435.0,-418.0,-396.0,-381.79998779296875,-372.0,-365.8599853515625
48420,-417.53997802734375,7.339019298553467,7.328223705291748,0.1632905751466751,-417.5400085449219,-418.0,27.80914306640625,-473.0,-465.0,-454.0,-435.0,-418.0,-396.0,-381.79998779296875,-372.0,-365.8599853515625
48480,-417.53997802734375,7.34138822555542,7.328921318054199,0.16914742812514305,-417.5400085449219,-418.0,27.80914306640625,-473.0,-465.0,-454.0,-435.0,-418.0,-396.0,-381.79998779296875,-372.0,-365.8599853515625
48540,-417.53997802734375,7.330801010131836,7.319459438323975,0.16355284303426743,-417.5400085449219,-418.0,27.80914306640625,-473.0,-465.0,-454.0,-435.0,-418.0,-396.0,-381.79998779296875,-372.0,-365.8599853515625
48600,-417.53997802734375,7.324963569641113,7.314611434936523,0.15585929155349731,-417.5400085449219,-418.0,27.80914306640625,-473.0,-465.0,-454.0,-435.0,-418.0,-396.0,-381.79998779296875,-372.0,-365.8599853515625
48660,-417.53997802734375,7.326724529266357,7.317296504974365,0.1501093991100788,-417.5400085449219,-418.0,27.80914306640625,-473.0,-465.0,-454.0,-435.0,-418.0,-396.0,-381.79998779296875,-372.0,-365.8599853515625
48720,-417.53997802734375,7.326418876647949,7.316994667053223,0.14802062138915062,-417.5400085449219,-418.0,27.80914306640625,-473.0,-465.0,-454.0,-435.0,-418.0,-396.0,-381.79998779296875,-372.0,-365.8599853515625
48780,-417.53997802734375,7.327917098999023,7.3187713623046875,0.14680270478129387,-417.5400085449219,-418.0,27.80914306640625,-473.0,-465.0,-454.0,-435.0,-418.0,-396.0,-381.79998779296875,-372.0,-365.8599853515625
48840,-417.53997802734375,7.32755184173584,7.318360328674316,0.14447207748889923,-417.5400085449219,-418.0,27.80914306640625,-473.0,-465.0,-454.0,-435.0,-418.0,-396.0,-381.79998779296875,-372.0,-365.8599853515625
48900,-417.53997802734375,7.32766056060791,7.317491054534912,0.14775512367486954,-417.5400085449219,-418.0,27.80914306640625,-473.0,-465.0,-454.0,-435.0,-418.0,-396.0,-381.79998779296875,-372.0,-365.8599853515625
48960,-417.53997802734375,7.328124523162842,7.318835735321045,0.14639393985271454,-417.5400085449219,-418.0,27.80914306640625,-473.0,-465.0,-454.0,-435.0,-418.0,-396.0,-381.79998779296875,-372.0,-365.8599853515625
49020,-417.53997802734375,7.3304595947265625,7.321590423583984,0.14752865210175514,-417.5400085449219,-418.0,27.80914306640625,-473.0,-465.0,-454.0,-435.0,-418.0,-396.0,-381.79998779296875,-372.0,-365.8599853515625
49080,-417.53997802734375,7.328004837036133,7.319234371185303,0.14688780345022678,-417.5400085449219,-418.0,27.80914306640625,-473.0,-465.0,-454.0,-435.0,-418.0,-396.0,-381.79998779296875,-372.0,-365.8599853515625
49140,-417.53997802734375,7.339040756225586,7.33043098449707,0.14516195841133595,-417.5400085449219,-418.0,27.80914306640625,-473.0,-465.0,-454.0,-435.0,-418.0,-396.0,-381.79998779296875,-372.0,-365.8599853515625
49200,-417.53997802734375,7.332083702087402,7.323454856872559,0.14288512244820595,-417.5400085449219,-418.0,27.80914306640625,-473.0,-465.0,-454.0,-435.0,-418.0,-396.0,-381.79998779296875,-372.0,-365.8599853515625
49260,-417.53997802734375,7.334453105926514,7.323611736297607,0.14664693921804428,-417.5400085449219,-418.0,27.80914306640625,-473.0,-465.0,-454.0,-435.0,-418.0,-396.0,-381.79998779296875,-372.0,-365.8599853515625
49320,-417.53997802734375,7.341513633728027,7.3333563804626465,0.1461939550936222,-417.5400085449219,-418.0,27.80914306640625,-473.0,-465.0,-454.0,-435.0,-418.0,-396.0,-381.79998779296875,-372.0,-365.8599853515625
49380,-417.53997802734375,7.334205627441406,7.325894355773926,0.14534752815961838,-417.5400085449219,-418.0,27.80914306640625,-473.0,-465.0,-454.0,-435.0,-418.0,-396.0,-381.79998779296875,-372.0,-365.8599853515625
49440,-417.53997802734375,7.3399176597595215,7.330921173095703,0.14699726179242134,-417.5400085449219,-418.0,27.80914306640625,-473.0,-465.0,-454.0,-435.0,-418.0,-396.0,-381.79998779296875,-372.0,-365.8599853515625
49500,-417.53997802734375,7.330583095550537,7.322354793548584,0.140592772513628,-417.5400085449219,-418.0,27.80914306640625,-473.0,-465.0,-454.0,-435.0,-418.0,-396.0,-381.79998779296875,-372.0,-365.8599853515625
49560,-417.53997802734375,7.335546016693115,7.327479362487793,0.14031486213207245,-417.5400085449219,-418.0,27.80914306640625,-473.0,-465.0,-454.0,-435.0,-418.0,-396.0,-381.79998779296875,-372.0,-365.8599853515625
49620,-417.53997802734375,7.3430376052856445,7.334439754486084,0.1415382381528616,-417.5400085449219,-418.0,27.80914306640625,-473.0,-465.0,-454.0,-435.0,-418.0,-396.0,-381.79998779296875,-372.0,-365.8599853515625
49680,-417.53997802734375,7.356489181518555,7.348491668701172,0.14926762506365776,-417.5400085449219,-418.0,27.80914306640625,-473.0,-465.0,-454.0,-435.0,-418.0,-396.0,-381.79998779296875,-372.0,-365.8599853515625
49740,-417.53997802734375,7.356845855712891,7.348924160003662,0.14976836740970612,-417.5400085449219,-418.0,27.80914306640625,-473.0,-465.0,-454.0,-435.0,-418.0,-396.0,-381.79998779296875,-372.0,-365.8599853515625
49800,-417.53997802734375,7.396029472351074,7.388518333435059,0.15601761639118195,-417.5400085449219,-418.0,27.80914306640625,-473.0,-465.0,-454.0,-435.0,-418.0,-396.0,-381.79998779296875,-372.0,-365.8599853515625
49860,-417.53997802734375,7.409468650817871,7.4018754959106445,0.15383868664503098,-417.5400085449219,-418.0,27.80914306640625,-473.0,-465.0,-454.0,-435.0,-418.0,-396.0,-381.79998779296875,-372.0,-365.8599853515625
49920,-417.53997802734375,7.397211074829102,7.389699459075928,0.15099505335092545,-417.5400085449219,-418.0,27.80914306640625,-473.0,-465.0,-454.0,-435.0,-418.0,-396.0,-381.79998779296875,-372.0,-365.8599853515625
49980,-417.53997802734375,7.405481338500977,7.398265361785889,0.15325596928596497,-417.5400085449219,-418.0,27.80914306640625,-473.0,-465.0,-454.0,-435.0,-418.0,-396.0,-381.79998779296875,-372.0,-365.8599853515625
