ConfigName: kjsd__advperagentrankweighted__M4__L24__eps0p03__g0p0007__ds0p2__dm0p05
Problem: NK
Kernel: jsd
Advantage: peragentrankweighted
M: 4
lambda: 24
epsilon_svgd: 0.03
gamma: 0.0007
decay_start_ratio: 0.2
decay_min_factor: 0.05
bandwith_kernel: None
no_interact: False
avg_score: 0.7098005414009094
median_score: 0.711274266242981
std_score: 0.015249320305883884
percentiles: 2%=0.6695768237113953, 5%=0.6719252467155457, 10%=0.693911612033844, 25%=0.7061532139778137, 50%=0.711274266242981, 75%=0.7183740139007568, 90%=0.7253285050392151, 95%=0.7312148213386536, 98%=0.7328512668609619
ranking_best_algo: CMApara
ranking_best_score: 0.707475975
ranking_my_rank: 1/504 (100.0%)
ranking_my_percent: 100.0
