ConfigName: kfr__advglobalrankweighted__M4__L9__eps0p015__g0p003__ds0p01__dm0p01
Problem: QUBO
Kernel: fr
Advantage: globalrankweighted
M: 4
lambda: 9
epsilon_svgd: 0.015
gamma: 0.003
decay_start_ratio: 0.01
decay_min_factor: 0.01
bandwith_kernel: None
no_interact: False
avg_score: -2613.760009765625
median_score: -2611.0
std_score: 118.03907012939453
percentiles: 2%=-2858.47998046875, 5%=-2832.800048828125, 10%=-2757.39990234375, 25%=-2679.0, 50%=-2611.0, 75%=-2535.75, 90%=-2468.300048828125, 95%=-2433.800048828125, 98%=-2384.0
ranking_best_algo: DiscreteLengler2OnePlusOne
ranking_best_score: 2617.04
ranking_my_rank: 2/504 (99.8%)
ranking_my_percent: 99.8015873015873
