ConfigName: kjsd__advperagentrankweighted__M2__L20__eps0p005__g0p0005__ds0p1__dm0p05
Problem: QUBO
Kernel: jsd
Advantage: peragentrankweighted
M: 2
lambda: 20
epsilon_svgd: 0.005
gamma: 0.0005
decay_start_ratio: 0.1
decay_min_factor: 0.05
bandwith_kernel: None
no_interact: False
avg_score: -135.72000122070312
median_score: -137.5
std_score: 13.908327102661133
percentiles: 2%=-158.0, 5%=-157.0, 10%=-154.10000610351562, 25%=-146.0, 50%=-137.5, 75%=-125.75, 90%=-117.9000015258789, 95%=-113.0, 98%=-107.0
ranking_best_algo: DiscreteDE
ranking_best_score: 143.4
ranking_my_rank: 238/504 (53.0%)
ranking_my_percent: 52.976190476190474
