ConfigName: krbf__advnormalizedfitness__M1__L8__eps0p015__g0p015__ds0p15__dm0p01
Problem: NK
Kernel: rbf
Advantage: normalizedfitness
M: 1
lambda: 8
epsilon_svgd: 0.015
gamma: 0.015
decay_start_ratio: 0.15
decay_min_factor: 0.01
bandwith_kernel: None
no_interact: False
avg_score: 0.747323751449585
median_score: 0.7466655969619751
std_score: 0.009724032133817673
percentiles: 2%=0.7291787266731262, 5%=0.7333530187606812, 10%=0.735697329044342, 25%=0.7404414415359497, 50%=0.7466655969619751, 75%=0.75327467918396, 90%=0.7609375715255737, 95%=0.7648048996925354, 98%=0.7672826051712036
ranking_best_algo: PBIL
ranking_best_score: 0.733570253046875
ranking_my_rank: 1/504 (100.0%)
ranking_my_percent: 100.0
