ConfigName: kjsd__advperagentrankweighted__M3__L24__eps0p007__g0p0005__ds0p05__dm0p1
Problem: QUBO
Kernel: jsd
Advantage: peragentrankweighted
M: 3
lambda: 24
epsilon_svgd: 0.007
gamma: 0.0005
decay_start_ratio: 0.05
decay_min_factor: 0.1
bandwith_kernel: None
no_interact: False
avg_score: -198.47999572753906
median_score: -197.0
std_score: 12.991135597229004
percentiles: 2%=-222.0399932861328, 5%=-221.0500030517578, 10%=-215.10000610351562, 25%=-207.25, 50%=-197.0, 75%=-190.0, 90%=-181.0, 95%=-178.0, 98%=-172.97999572753906
ranking_best_algo: Tabu
ranking_best_score: 208.36000000000004
ranking_my_rank: 99/504 (80.6%)
ranking_my_percent: 80.55555555555556
