ConfigName: kjsd__advperagentrankweighted__M5__L10__eps0p02__g0p0007__ds0p05__dm0p05
Problem: QUBO
Kernel: jsd
Advantage: peragentrankweighted
M: 5
lambda: 10
epsilon_svgd: 0.02
gamma: 0.0007
decay_start_ratio: 0.05
decay_min_factor: 0.05
bandwith_kernel: None
no_interact: False
avg_score: -1185.9599609375
median_score: -1187.5
std_score: 54.49640655517578
percentiles: 2%=-1281.3199462890625, 5%=-1273.25, 10%=-1257.0, 25%=-1223.25, 50%=-1187.5, 75%=-1147.75, 90%=-1123.9000244140625, 95%=-1099.6500244140625, 98%=-1077.4599609375
ranking_best_algo: Tabu
ranking_best_score: 1216.16
ranking_my_rank: 64/504 (87.5%)
ranking_my_percent: 87.5
