ConfigName: kjsd__advperagentrankweighted__M3__L16__eps0p01__g0p001__ds0p1__dm0p1
Problem: QUBO
Kernel: jsd
Advantage: peragentrankweighted
M: 3
lambda: 16
epsilon_svgd: 0.01
gamma: 0.001
decay_start_ratio: 0.1
decay_min_factor: 0.1
bandwith_kernel: None
no_interact: False
avg_score: -198.82000732421875
median_score: -199.0
std_score: 12.58918571472168
percentiles: 2%=-224.0, 5%=-220.0500030517578, 10%=-215.0, 25%=-207.0, 50%=-199.0, 75%=-190.0, 90%=-183.0, 95%=-176.0, 98%=-173.89999389648438
ranking_best_algo: Tabu
ranking_best_score: 208.36000000000004
ranking_my_rank: 89/504 (82.5%)
ranking_my_percent: 82.53968253968254
