ConfigName: krbf__advnormalizedfitness__M3__L12__eps0p015__g0p015__ds0p3__dm0p3
Problem: NK
Kernel: rbf
Advantage: normalizedfitness
M: 3
lambda: 12
epsilon_svgd: 0.015
gamma: 0.015
decay_start_ratio: 0.3
decay_min_factor: 0.3
bandwith_kernel: None
no_interact: False
avg_score: 0.6008181571960449
median_score: 0.5992687344551086
std_score: 0.008516569621860981
percentiles: 2%=0.5883561372756958, 5%=0.5905748605728149, 10%=0.5919572114944458, 25%=0.5942662358283997, 50%=0.5992687344551086, 75%=0.6051965355873108, 90%=0.6105729341506958, 95%=0.6142997145652771, 98%=0.6269292235374451
ranking_best_algo: Tabu
ranking_best_score: 0.7429702712499999
ranking_my_rank: 393/504 (22.2%)
ranking_my_percent: 22.22222222222222
