ConfigName: krbf__advnormalizedfitness__M3__L12__eps0p033__g0p005__ds0p15__dm0p01
Problem: QUBO
Kernel: rbf
Advantage: normalizedfitness
M: 3
lambda: 12
epsilon_svgd: 0.033
gamma: 0.005
decay_start_ratio: 0.15
decay_min_factor: 0.01
bandwith_kernel: None
no_interact: False
avg_score: -200.22000122070312
median_score: -203.0
std_score: 12.708721160888672
percentiles: 2%=-224.0, 5%=-221.0500030517578, 10%=-217.0, 25%=-208.0, 50%=-203.0, 75%=-191.75, 90%=-182.89999389648438, 95%=-179.90000915527344, 98%=-172.95999145507812
ranking_best_algo: Tabu
ranking_best_score: 208.36000000000004
ranking_my_rank: 50/504 (90.3%)
ranking_my_percent: 90.27777777777777
