ConfigName: kfr__advglobalrankweighted__M2__L9__eps0p015__g0p005__ds0p01__dm0p01
Problem: QUBO
Kernel: fr
Advantage: globalrankweighted
M: 2
lambda: 9
epsilon_svgd: 0.015
gamma: 0.005
decay_start_ratio: 0.01
decay_min_factor: 0.01
bandwith_kernel: None
no_interact: False
avg_score: -145.72000122070312
median_score: -145.0
std_score: 14.568514823913574
percentiles: 2%=-179.0, 5%=-179.0, 10%=-158.0, 25%=-154.25, 50%=-145.0, 75%=-137.0, 90%=-127.9000015258789, 95%=-119.95000457763672, 98%=-116.95999145507812
ranking_best_algo: CMApara
ranking_best_score: 154.28
ranking_my_rank: 136/504 (73.2%)
ranking_my_percent: 73.21428571428571
