ConfigName: kfr__advglobalrankweighted__M4__L12__eps0p015__g0p007__ds0p01__dm0p01
Problem: QUBO
Kernel: fr
Advantage: globalrankweighted
M: 4
lambda: 12
epsilon_svgd: 0.015
gamma: 0.007
decay_start_ratio: 0.01
decay_min_factor: 0.01
bandwith_kernel: None
no_interact: False
avg_score: -1174.6199951171875
median_score: -1172.5
std_score: 64.29210662841797
percentiles: 2%=-1323.52001953125, 5%=-1295.1500244140625, 10%=-1251.300048828125, 25%=-1212.5, 50%=-1172.5, 75%=-1127.5, 90%=-1091.800048828125, 95%=-1077.949951171875, 98%=-1070.8599853515625
ranking_best_algo: Tabu
ranking_best_score: 1216.16
ranking_my_rank: 84/504 (83.5%)
ranking_my_percent: 83.53174603174604
