ConfigName: kjsd__advperagentrankweighted__M4__L12__eps0p01__g0p0003__ds0p4__dm0p05
Problem: QUBO
Kernel: jsd
Advantage: peragentrankweighted
M: 4
lambda: 12
epsilon_svgd: 0.01
gamma: 0.0003
decay_start_ratio: 0.4
decay_min_factor: 0.05
bandwith_kernel: None
no_interact: False
avg_score: -147.9199981689453
median_score: -146.0
std_score: 12.024707794189453
percentiles: 2%=-179.0, 5%=-175.0, 10%=-160.0, 25%=-155.0, 50%=-146.0, 75%=-141.0, 90%=-137.0, 95%=-132.89999389648438, 98%=-126.69999694824219
ranking_best_algo: CMApara
ranking_best_score: 154.28
ranking_my_rank: 87/504 (82.9%)
ranking_my_percent: 82.93650793650794
