ConfigName: kjsd__advperagentrankweighted__M3__L20__eps0p005__g0p0007__ds0p05__dm0p05
Problem: NK
Kernel: jsd
Advantage: peragentrankweighted
M: 3
lambda: 20
epsilon_svgd: 0.005
gamma: 0.0007
decay_start_ratio: 0.05
decay_min_factor: 0.05
bandwith_kernel: None
no_interact: False
avg_score: 0.7506616711616516
median_score: 0.7504285573959351
std_score: 0.008411751128733158
percentiles: 2%=0.7360938191413879, 5%=0.7376654744148254, 10%=0.740052342414856, 25%=0.7445292472839355, 50%=0.7504285573959351, 75%=0.7547787427902222, 90%=0.7621761560440063, 95%=0.7650718688964844, 98%=0.7684266567230225
ranking_best_algo: PBIL
ranking_best_score: 0.733570253046875
ranking_my_rank: 1/504 (100.0%)
ranking_my_percent: 100.0
