ConfigName: kjsd__advperagentrankweighted__M8__L8__eps0p005__g0p0005__ds0p05__dm0p2
Problem: NK
Kernel: jsd
Advantage: peragentrankweighted
M: 8
lambda: 8
epsilon_svgd: 0.005
gamma: 0.0005
decay_start_ratio: 0.05
decay_min_factor: 0.2
bandwith_kernel: None
no_interact: False
avg_score: 0.7299153804779053
median_score: 0.7302933931350708
std_score: 0.012967410497367382
percentiles: 2%=0.706774115562439, 5%=0.7098366618156433, 10%=0.7121391296386719, 25%=0.7200655937194824, 50%=0.7302933931350708, 75%=0.7391549944877625, 90%=0.7462970018386841, 95%=0.7528142333030701, 98%=0.7542846202850342
ranking_best_algo: PBIL
ranking_best_score: 0.733570253046875
ranking_my_rank: 2/504 (99.8%)
ranking_my_percent: 99.8015873015873
