ConfigName: krbf__advnormalizedfitness__M2__L6__eps0p02__g0p006__ds0p01__dm0p3
Problem: NK
Kernel: rbf
Advantage: normalizedfitness
M: 2
lambda: 6
epsilon_svgd: 0.02
gamma: 0.006
decay_start_ratio: 0.01
decay_min_factor: 0.3
bandwith_kernel: None
no_interact: False
avg_score: 0.708237886428833
median_score: 0.7098389863967896
std_score: 0.0161170344799757
percentiles: 2%=0.6664747595787048, 5%=0.6698043346405029, 10%=0.6918271780014038, 25%=0.7046090364456177, 50%=0.7098389863967896, 75%=0.7173851728439331, 90%=0.7254308462142944, 95%=0.7321091890335083, 98%=0.7329281568527222
ranking_best_algo: CMApara
ranking_best_score: 0.707475975
ranking_my_rank: 1/504 (100.0%)
ranking_my_percent: 100.0
