ConfigName: krbf__advnormalizedfitness__M2__L8__eps0p025__g0p01__ds0p01__dm0p01
Problem: QUBO
Kernel: rbf
Advantage: normalizedfitness
M: 2
lambda: 8
epsilon_svgd: 0.025
gamma: 0.01
decay_start_ratio: 0.01
decay_min_factor: 0.01
bandwith_kernel: None
no_interact: False
avg_score: -136.9600067138672
median_score: -135.0
std_score: 12.198294639587402
percentiles: 2%=-158.0, 5%=-157.0, 10%=-155.0, 25%=-146.0, 50%=-135.0, 75%=-127.75, 90%=-122.80000305175781, 95%=-116.9000015258789, 98%=-114.0
ranking_best_algo: DiscreteDE
ranking_best_score: 143.4
ranking_my_rank: 164/504 (67.7%)
ranking_my_percent: 67.65873015873017
