ConfigName: kjsd__advperagentrankweighted__M3__L20__eps0p005__g0p001__ds0p1__dm0p05
Problem: QUBO
Kernel: jsd
Advantage: peragentrankweighted
M: 3
lambda: 20
epsilon_svgd: 0.005
gamma: 0.001
decay_start_ratio: 0.1
decay_min_factor: 0.05
bandwith_kernel: None
no_interact: False
avg_score: -1616.9200439453125
median_score: -1616.5
std_score: 55.284481048583984
percentiles: 2%=-1739.06005859375, 5%=-1703.949951171875, 10%=-1694.0999755859375, 25%=-1655.75, 50%=-1616.5, 75%=-1578.5, 90%=-1548.5999755859375, 95%=-1524.9000244140625, 98%=-1520.9599609375
ranking_best_algo: NLOPT_LN_PRAXIS
ranking_best_score: 1607.12
ranking_my_rank: 1/504 (100.0%)
ranking_my_percent: 100.0
