ConfigName: kjsd__advperagentrankweighted__M5__L10__eps0p03__g0p0003__ds0p05__dm0p05
Problem: QUBO
Kernel: jsd
Advantage: peragentrankweighted
M: 5
lambda: 10
epsilon_svgd: 0.03
gamma: 0.0003
decay_start_ratio: 0.05
decay_min_factor: 0.05
bandwith_kernel: None
no_interact: False
avg_score: -1198.780029296875
median_score: -1200.5
std_score: 60.443790435791016
percentiles: 2%=-1309.1400146484375, 5%=-1298.25, 10%=-1270.699951171875, 25%=-1243.0, 50%=-1200.5, 75%=-1162.0, 90%=-1117.800048828125, 95%=-1088.9000244140625, 98%=-1071.0
ranking_best_algo: SVMMetaModelLogNormal
ranking_best_score: 1233.7999999999997
ranking_my_rank: 58/504 (88.7%)
ranking_my_percent: 88.69047619047619
