ConfigName: krbf__advnormalizedfitness__M4__L10__eps0p025__g0p007__ds0p01__dm0p3
Problem: NK
Kernel: rbf
Advantage: normalizedfitness
M: 4
lambda: 10
epsilon_svgd: 0.025
gamma: 0.007
decay_start_ratio: 0.01
decay_min_factor: 0.3
bandwith_kernel: None
no_interact: False
avg_score: 0.7108873724937439
median_score: 0.711738109588623
std_score: 0.015198670327663422
percentiles: 2%=0.6728676557540894, 5%=0.6739691495895386, 10%=0.6966516971588135, 25%=0.7079786062240601, 50%=0.711738109588623, 75%=0.7197960019111633, 90%=0.7255373597145081, 95%=0.7327308654785156, 98%=0.7335624098777771
ranking_best_algo: CMApara
ranking_best_score: 0.707475975
ranking_my_rank: 1/504 (100.0%)
ranking_my_percent: 100.0
