ConfigName: krbf__advnormalizedfitness__M3__L10__eps0p025__g0p015__ds0p3__dm0p3
Problem: QUBO
Kernel: rbf
Advantage: normalizedfitness
M: 3
lambda: 10
epsilon_svgd: 0.025
gamma: 0.015
decay_start_ratio: 0.3
decay_min_factor: 0.3
bandwith_kernel: None
no_interact: False
avg_score: -199.44000244140625
median_score: -199.0
std_score: 13.708624839782715
percentiles: 2%=-224.0, 5%=-224.0, 10%=-218.39999389648438, 25%=-208.25, 50%=-199.0, 75%=-191.0, 90%=-182.8000030517578, 95%=-175.90000915527344, 98%=-170.7799530029297
ranking_best_algo: Tabu
ranking_best_score: 208.36000000000004
ranking_my_rank: 84/504 (83.5%)
ranking_my_percent: 83.53174603174604
