ConfigName: krbf__advnormalizedfitness__M2__L8__eps0p025__g0p015__ds0p01__dm0p01
Problem: QUBO
Kernel: rbf
Advantage: normalizedfitness
M: 2
lambda: 8
epsilon_svgd: 0.025
gamma: 0.015
decay_start_ratio: 0.01
decay_min_factor: 0.01
bandwith_kernel: None
no_interact: False
avg_score: -1190.0
median_score: -1182.0
std_score: 58.93437194824219
percentiles: 2%=-1327.239990234375, 5%=-1283.0999755859375, 10%=-1273.199951171875, 25%=-1221.5, 50%=-1182.0, 75%=-1154.0, 90%=-1124.9000244140625, 95%=-1107.5999755859375, 98%=-1094.760009765625
ranking_best_algo: Tabu
ranking_best_score: 1216.16
ranking_my_rank: 55/504 (89.3%)
ranking_my_percent: 89.28571428571429
