ConfigName: krbf__advnormalizedfitness__M2__L8__eps0p033__g0p005__ds0p01__dm0p01
Problem: QUBO
Kernel: rbf
Advantage: normalizedfitness
M: 2
lambda: 8
epsilon_svgd: 0.033
gamma: 0.005
decay_start_ratio: 0.01
decay_min_factor: 0.01
bandwith_kernel: None
no_interact: False
avg_score: -2515.219970703125
median_score: -2515.0
std_score: 134.99166870117188
percentiles: 2%=-2758.0400390625, 5%=-2720.550048828125, 10%=-2688.60009765625, 25%=-2621.75, 50%=-2515.0, 75%=-2419.5, 90%=-2349.199951171875, 95%=-2284.85009765625, 98%=-2275.739990234375
ranking_best_algo: SVM1MetaModelLogNormal
ranking_best_score: 2605.14
ranking_my_rank: 60/504 (88.3%)
ranking_my_percent: 88.2936507936508
