ConfigName: kjsd__advperagentrankweighted__M6__L20__eps0p005__g0p0005__ds0p1__dm0p2
Problem: QUBO
Kernel: jsd
Advantage: peragentrankweighted
M: 6
lambda: 20
epsilon_svgd: 0.005
gamma: 0.0005
decay_start_ratio: 0.1
decay_min_factor: 0.2
bandwith_kernel: None
no_interact: False
avg_score: -310.1600036621094
median_score: -308.0
std_score: 37.717559814453125
percentiles: 2%=-388.0400085449219, 5%=-384.0, 10%=-358.79998779296875, 25%=-334.5, 50%=-308.0, 75%=-275.0, 90%=-267.8999938964844, 95%=-260.95001220703125, 98%=-252.97999572753906
ranking_best_algo: CMApara
ranking_best_score: 319.29999999999995
ranking_my_rank: 63/504 (87.7%)
ranking_my_percent: 87.6984126984127
