ConfigName: kjsd__advperagentrankweighted__M3__L18__eps0p01__g0p003__ds0p05__dm0p05
Problem: QUBO
Kernel: jsd
Advantage: peragentrankweighted
M: 3
lambda: 18
epsilon_svgd: 0.01
gamma: 0.003
decay_start_ratio: 0.05
decay_min_factor: 0.05
bandwith_kernel: None
no_interact: False
avg_score: -579.5
median_score: -578.5
std_score: 26.448251724243164
percentiles: 2%=-637.0399780273438, 5%=-629.2000122070312, 10%=-615.4000244140625, 25%=-593.25, 50%=-578.5, 75%=-561.0, 90%=-551.2999877929688, 95%=-535.8499755859375, 98%=-531.9600219726562
ranking_best_algo: Tabu
ranking_best_score: 588.7199999999999
ranking_my_rank: 41/503 (92.0%)
ranking_my_percent: 92.04771371769384
