ConfigName: krbf__advnormalizedfitness__M4__L12__eps0p033__g0p015__ds0p3__dm0p3
Problem: QUBO
Kernel: rbf
Advantage: normalizedfitness
M: 4
lambda: 12
epsilon_svgd: 0.033
gamma: 0.015
decay_start_ratio: 0.3
decay_min_factor: 0.3
bandwith_kernel: None
no_interact: False
avg_score: -138.17999267578125
median_score: -138.0
std_score: 11.2306547164917
percentiles: 2%=-158.02000427246094, 5%=-156.0500030517578, 10%=-154.0, 25%=-145.0, 50%=-138.0, 75%=-128.75, 90%=-123.0, 95%=-121.0, 98%=-117.0
ranking_best_algo: DiscreteDE
ranking_best_score: 143.4
ranking_my_rank: 113/504 (77.8%)
ranking_my_percent: 77.77777777777777
