ConfigName: kjsd__advperagentrankweighted__M3__L30__eps0p007__g0p001__ds0p1__dm0p2
Problem: QUBO
Kernel: jsd
Advantage: peragentrankweighted
M: 3
lambda: 30
epsilon_svgd: 0.007
gamma: 0.001
decay_start_ratio: 0.1
decay_min_factor: 0.2
bandwith_kernel: None
no_interact: False
avg_score: -443.6000061035156
median_score: -441.5
std_score: 25.72236442565918
percentiles: 2%=-490.0400085449219, 5%=-489.0, 10%=-473.20001220703125, 25%=-465.0, 50%=-441.5, 75%=-427.25, 90%=-410.0, 95%=-405.95001220703125, 98%=-392.8599853515625
ranking_best_algo: CMApara
ranking_best_score: 453.82
ranking_my_rank: 7/504 (98.8%)
ranking_my_percent: 98.80952380952381
