ConfigName: krbf__advnormalizedfitness__M3__L10__eps0p015__g0p007__ds0p01__dm0p3
Problem: QUBO
Kernel: rbf
Advantage: normalizedfitness
M: 3
lambda: 10
epsilon_svgd: 0.015
gamma: 0.007
decay_start_ratio: 0.01
decay_min_factor: 0.3
bandwith_kernel: None
no_interact: False
avg_score: -441.55999755859375
median_score: -444.5
std_score: 28.454286575317383
percentiles: 2%=-496.0400085449219, 5%=-485.1000061035156, 10%=-479.0, 25%=-462.0, 50%=-444.5, 75%=-417.0, 90%=-406.0, 95%=-396.9000244140625, 98%=-387.8599853515625
ranking_best_algo: CMApara
ranking_best_score: 453.82
ranking_my_rank: 11/504 (98.0%)
ranking_my_percent: 98.01587301587301
