ConfigName: kjsd__advperagentrankweighted__M4__L8__eps0p02__g0p0005__ds0p2__dm0p05
Problem: NK
Kernel: jsd
Advantage: peragentrankweighted
M: 4
lambda: 8
epsilon_svgd: 0.02
gamma: 0.0005
decay_start_ratio: 0.2
decay_min_factor: 0.05
bandwith_kernel: None
no_interact: False
avg_score: 0.7245632410049438
median_score: 0.7250931859016418
std_score: 0.009795182384550571
percentiles: 2%=0.7072750926017761, 5%=0.7082194685935974, 10%=0.7099001407623291, 25%=0.7176396250724792, 50%=0.7250931859016418, 75%=0.7324092984199524, 90%=0.7363108396530151, 95%=0.7378348112106323, 98%=0.7418264746665955
ranking_best_algo: PBIL
ranking_best_score: 0.7248786399609374
ranking_my_rank: 2/504 (99.8%)
ranking_my_percent: 99.8015873015873
