ConfigName: kjsd__advperagentrankweighted__M5__L10__eps0p005__g0p003__ds0p2__dm0p2
Problem: NK
Kernel: jsd
Advantage: peragentrankweighted
M: 5
lambda: 10
epsilon_svgd: 0.005
gamma: 0.003
decay_start_ratio: 0.2
decay_min_factor: 0.2
bandwith_kernel: None
no_interact: False
avg_score: 0.68365478515625
median_score: 0.6827899217605591
std_score: 0.01104347687214613
percentiles: 2%=0.656641960144043, 5%=0.667230486869812, 10%=0.6699819564819336, 25%=0.6767944097518921, 50%=0.6827899217605591, 75%=0.6929152011871338, 90%=0.6982094049453735, 95%=0.6994125247001648, 98%=0.7030847668647766
ranking_best_algo: PBIL
ranking_best_score: 0.7248786399609374
ranking_my_rank: 181/504 (64.3%)
ranking_my_percent: 64.28571428571429
