ConfigName: kjsd__advperagentrankweighted__M3__L20__eps0p01__g0p0005__ds0p2__dm0p1
Problem: QUBO
Kernel: jsd
Advantage: peragentrankweighted
M: 3
lambda: 20
epsilon_svgd: 0.01
gamma: 0.0005
decay_start_ratio: 0.2
decay_min_factor: 0.1
bandwith_kernel: None
no_interact: False
avg_score: -576.4600219726562
median_score: -575.5
std_score: 27.760915756225586
percentiles: 2%=-626.02001953125, 5%=-625.0, 10%=-615.2000122070312, 25%=-597.0, 50%=-575.5, 75%=-557.75, 90%=-542.9000244140625, 95%=-533.8499755859375, 98%=-515.8599853515625
ranking_best_algo: Tabu
ranking_best_score: 588.7199999999999
ranking_my_rank: 55/503 (89.3%)
ranking_my_percent: 89.26441351888668
