ConfigName: krbf__advnormalizedfitness__M4__L10__eps0p015__g0p007__ds0p15__dm0p01
Problem: QUBO
Kernel: rbf
Advantage: normalizedfitness
M: 4
lambda: 10
epsilon_svgd: 0.015
gamma: 0.007
decay_start_ratio: 0.15
decay_min_factor: 0.01
bandwith_kernel: None
no_interact: False
avg_score: -150.27999877929688
median_score: -147.0
std_score: 12.216447830200195
percentiles: 2%=-179.0, 5%=-179.0, 10%=-164.0, 25%=-158.0, 50%=-147.0, 75%=-140.0, 90%=-136.89999389648438, 95%=-135.0, 98%=-132.97999572753906
ranking_best_algo: CMApara
ranking_best_score: 154.28
ranking_my_rank: 76/504 (85.1%)
ranking_my_percent: 85.11904761904762
