ConfigName: kjsd__advperagentrankweighted__M4__L28__eps0p008__g0p0005__ds0p05__dm0p05
Problem: QUBO
Kernel: jsd
Advantage: peragentrankweighted
M: 4
lambda: 28
epsilon_svgd: 0.008
gamma: 0.0005
decay_start_ratio: 0.05
decay_min_factor: 0.05
bandwith_kernel: None
no_interact: False
avg_score: -1317.5799560546875
median_score: -1313.0
std_score: 56.779605865478516
percentiles: 2%=-1437.0799560546875, 5%=-1404.75, 10%=-1394.300048828125, 25%=-1363.25, 50%=-1313.0, 75%=-1279.0, 90%=-1242.300048828125, 95%=-1226.9000244140625, 98%=-1212.9599609375
ranking_best_algo: BigLognormalDiscreteOnePlusOne
ranking_best_score: 1301.3600000000004
ranking_my_rank: 1/504 (100.0%)
ranking_my_percent: 100.0
