ConfigName: krbf__advnormalizedfitness__M4__L15__eps0p015__g0p01__ds0p3__dm0p3
Problem: NK
Kernel: rbf
Advantage: normalizedfitness
M: 4
lambda: 15
epsilon_svgd: 0.015
gamma: 0.01
decay_start_ratio: 0.3
decay_min_factor: 0.3
bandwith_kernel: None
no_interact: False
avg_score: 0.630068302154541
median_score: 0.6303304433822632
std_score: 0.013063579797744751
percentiles: 2%=0.6074262261390686, 5%=0.6103248000144958, 10%=0.6123285293579102, 25%=0.6210946440696716, 50%=0.6303304433822632, 75%=0.6377086639404297, 90%=0.6437304615974426, 95%=0.6495574712753296, 98%=0.6580801010131836
ranking_best_algo: Tabu
ranking_best_score: 0.7470791764843752
ranking_my_rank: 375/504 (25.8%)
ranking_my_percent: 25.793650793650794
