ConfigName: krbf__advnormalizedfitness__M3__L8__eps0p033__g0p007__ds0p15__dm0p01
Problem: QUBO
Kernel: rbf
Advantage: normalizedfitness
M: 3
lambda: 8
epsilon_svgd: 0.033
gamma: 0.007
decay_start_ratio: 0.15
decay_min_factor: 0.01
bandwith_kernel: None
no_interact: False
avg_score: -570.8400268554688
median_score: -573.5
std_score: 26.522714614868164
percentiles: 2%=-621.1199951171875, 5%=-613.0999755859375, 10%=-605.0999755859375, 25%=-586.0, 50%=-573.5, 75%=-555.0, 90%=-536.7999877929688, 95%=-525.8500366210938, 98%=-513.9599609375
ranking_best_algo: Tabu
ranking_best_score: 588.7199999999999
ranking_my_rank: 64/503 (87.5%)
ranking_my_percent: 87.47514910536779
