ConfigName: kjsd__advperagentrankweighted__M2__L20__eps0p005__g0p0005__ds0p1__dm0p05
Problem: NK
Kernel: jsd
Advantage: peragentrankweighted
M: 2
lambda: 20
epsilon_svgd: 0.005
gamma: 0.0005
decay_start_ratio: 0.1
decay_min_factor: 0.05
bandwith_kernel: None
no_interact: False
avg_score: 0.710293710231781
median_score: 0.6976051330566406
std_score: 0.03170239180326462
percentiles: 2%=0.6714249849319458, 5%=0.673409640789032, 10%=0.6756837964057922, 25%=0.6807069778442383, 50%=0.6976051330566406, 75%=0.7468891739845276, 90%=0.7523026466369629, 95%=0.7586009502410889, 98%=0.7613165378570557
ranking_best_algo: CMApara
ranking_best_score: 0.7118996098437498
ranking_my_rank: 29/504 (94.4%)
ranking_my_percent: 94.44444444444444
