ConfigName: kjsd__advperagentrankweighted__M6__L10__eps0p02__g0p0005__ds0p05__dm0p05
Problem: QUBO
Kernel: jsd
Advantage: peragentrankweighted
M: 6
lambda: 10
epsilon_svgd: 0.02
gamma: 0.0005
decay_start_ratio: 0.05
decay_min_factor: 0.05
bandwith_kernel: None
no_interact: False
avg_score: -431.2799987792969
median_score: -429.5
std_score: 24.74836540222168
percentiles: 2%=-483.0799865722656, 5%=-473.29998779296875, 10%=-463.3999938964844, 25%=-446.25, 50%=-429.5, 75%=-416.0, 90%=-405.79998779296875, 95%=-390.8999938964844, 98%=-387.6400146484375
ranking_best_algo: CMAL3
ranking_best_score: 435.36
ranking_my_rank: 8/504 (98.6%)
ranking_my_percent: 98.61111111111111
