ConfigName: krbf__advnormalizedfitness__M3__L10__eps0p015__g0p015__ds0p15__dm0p3
Problem: QUBO
Kernel: rbf
Advantage: normalizedfitness
M: 3
lambda: 10
epsilon_svgd: 0.015
gamma: 0.015
decay_start_ratio: 0.15
decay_min_factor: 0.3
bandwith_kernel: None
no_interact: False
avg_score: -1375.6800537109375
median_score: -1355.0
std_score: 180.5181884765625
percentiles: 2%=-1771.5400390625, 5%=-1682.300048828125, 10%=-1600.699951171875, 25%=-1499.5, 50%=-1355.0, 75%=-1235.5, 90%=-1160.800048828125, 95%=-1107.2501220703125, 98%=-1066.9000244140625
ranking_best_algo: RLSOnePlusOne
ranking_best_score: 3316.5199999999995
ranking_my_rank: 372/504 (26.4%)
ranking_my_percent: 26.38888888888889
