ConfigName: kjsd__advperagentrankweighted__M4__L8__eps0p01__g0p0003__ds0p4__dm0p05
Problem: QUBO
Kernel: jsd
Advantage: peragentrankweighted
M: 4
lambda: 8
epsilon_svgd: 0.01
gamma: 0.0003
decay_start_ratio: 0.4
decay_min_factor: 0.05
bandwith_kernel: None
no_interact: False
avg_score: -3208.320068359375
median_score: -3205.5
std_score: 97.83158111572266
percentiles: 2%=-3386.10009765625, 5%=-3370.10009765625, 10%=-3352.199951171875, 25%=-3269.0, 50%=-3205.5, 75%=-3148.5, 90%=-3085.699951171875, 95%=-3045.64990234375, 98%=-3024.699951171875
ranking_best_algo: RLSOnePlusOne
ranking_best_score: 3316.5199999999995
ranking_my_rank: 53/504 (89.7%)
ranking_my_percent: 89.68253968253968
