ConfigName: krbf__advnormalizedfitness__M2__L10__eps0p025__g0p015__ds0p01__dm0p01
Problem: QUBO
Kernel: rbf
Advantage: normalizedfitness
M: 2
lambda: 10
epsilon_svgd: 0.025
gamma: 0.015
decay_start_ratio: 0.01
decay_min_factor: 0.01
bandwith_kernel: None
no_interact: False
avg_score: -1293.4599609375
median_score: -1284.5
std_score: 60.79118347167969
percentiles: 2%=-1410.3199462890625, 5%=-1390.0, 10%=-1370.199951171875, 25%=-1340.25, 50%=-1284.5, 75%=-1248.75, 90%=-1219.0999755859375, 95%=-1190.9000244140625, 98%=-1186.6800537109375
ranking_best_algo: BigLognormalDiscreteOnePlusOne
ranking_best_score: 1301.3600000000004
ranking_my_rank: 2/504 (99.8%)
ranking_my_percent: 99.8015873015873
