ConfigName: kfr__advglobalrankweighted__M4__L13__eps0p01__g0p001__ds0p01__dm0p01
Problem: QUBO
Kernel: fr
Advantage: globalrankweighted
M: 4
lambda: 13
epsilon_svgd: 0.01
gamma: 0.001
decay_start_ratio: 0.01
decay_min_factor: 0.01
bandwith_kernel: None
no_interact: False
avg_score: -200.67999267578125
median_score: -200.0
std_score: 13.088071823120117
percentiles: 2%=-224.0, 5%=-224.0, 10%=-219.0, 25%=-209.0, 50%=-200.0, 75%=-192.75, 90%=-183.89999389648438, 95%=-177.89999389648438, 98%=-173.9600067138672
ranking_best_algo: Tabu
ranking_best_score: 208.36000000000004
ranking_my_rank: 45/504 (91.3%)
ranking_my_percent: 91.26984126984127
