ConfigName: kjsd__advperagentrankweighted__M3__L16__eps0p007__g0p001__ds0p05__dm0p2
Problem: QUBO
Kernel: jsd
Advantage: peragentrankweighted
M: 3
lambda: 16
epsilon_svgd: 0.007
gamma: 0.001
decay_start_ratio: 0.05
decay_min_factor: 0.2
bandwith_kernel: None
no_interact: False
avg_score: -3292.5400390625
median_score: -3284.0
std_score: 113.37313842773438
percentiles: 2%=-3552.0400390625, 5%=-3464.89990234375, 10%=-3453.199951171875, 25%=-3363.0, 50%=-3284.0, 75%=-3209.0, 90%=-3153.60009765625, 95%=-3129.5, 98%=-3111.5400390625
ranking_best_algo: RLSOnePlusOne
ranking_best_score: 3316.5199999999995
ranking_my_rank: 3/504 (99.6%)
ranking_my_percent: 99.60317460317461
