ConfigName: kjsd__advperagentrankweighted__M3__L20__eps0p007__g0p001__ds0p05__dm0p1
Problem: NK
Kernel: jsd
Advantage: peragentrankweighted
M: 3
lambda: 20
epsilon_svgd: 0.007
gamma: 0.001
decay_start_ratio: 0.05
decay_min_factor: 0.1
bandwith_kernel: None
no_interact: False
avg_score: 0.7565650343894958
median_score: 0.7551167607307434
std_score: 0.012582113966345787
percentiles: 2%=0.7338073253631592, 5%=0.7364835143089294, 10%=0.7413983941078186, 25%=0.7486274242401123, 50%=0.7551167607307434, 75%=0.7659375667572021, 90%=0.773611843585968, 95%=0.776737630367279, 98%=0.7781281471252441
ranking_best_algo: Tabu
ranking_best_score: 0.7470791764843752
ranking_my_rank: 1/504 (100.0%)
ranking_my_percent: 100.0
