ConfigName: krbf__advnormalizedfitness__M2__L9__eps0p02__g0p007__ds0p01__dm0p01
Problem: QUBO
Kernel: rbf
Advantage: normalizedfitness
M: 2
lambda: 9
epsilon_svgd: 0.02
gamma: 0.007
decay_start_ratio: 0.01
decay_min_factor: 0.01
bandwith_kernel: None
no_interact: False
avg_score: -1184.8800048828125
median_score: -1182.0
std_score: 64.48414611816406
percentiles: 2%=-1353.0, 5%=-1303.0, 10%=-1263.4000244140625, 25%=-1219.25, 50%=-1182.0, 75%=-1141.75, 90%=-1100.5, 95%=-1084.8499755859375, 98%=-1068.6800537109375
ranking_best_algo: Tabu
ranking_best_score: 1216.16
ranking_my_rank: 64/504 (87.5%)
ranking_my_percent: 87.5
