ConfigName: krbf__advnormalizedfitness__M4__L15__eps0p01__g0p002__ds0p05__dm0p05
Problem: QUBO
Kernel: rbf
Advantage: normalizedfitness
M: 4
lambda: 15
epsilon_svgd: 0.01
gamma: 0.002
decay_start_ratio: 0.05
decay_min_factor: 0.05
bandwith_kernel: None
no_interact: False
avg_score: -426.29998779296875
median_score: -422.5
std_score: 28.38432502746582
percentiles: 2%=-481.0400085449219, 5%=-479.1000061035156, 10%=-469.6000061035156, 25%=-445.5, 50%=-422.5, 75%=-405.0, 90%=-391.0, 95%=-386.95001220703125, 98%=-383.67999267578125
ranking_best_algo: CMAL3
ranking_best_score: 435.36
ranking_my_rank: 23/504 (95.6%)
ranking_my_percent: 95.63492063492063
