ConfigName: krbf__advnormalizedfitness__M4__L15__eps0p03__g0p002__ds0p05__dm0p05
Problem: QUBO
Kernel: rbf
Advantage: normalizedfitness
M: 4
lambda: 15
epsilon_svgd: 0.03
gamma: 0.002
decay_start_ratio: 0.05
decay_min_factor: 0.05
bandwith_kernel: None
no_interact: False
avg_score: -138.63999938964844
median_score: -139.0
std_score: 10.91377067565918
percentiles: 2%=-158.02000427246094, 5%=-157.0500030517578, 10%=-154.0, 25%=-146.0, 50%=-139.0, 75%=-130.0, 90%=-125.0, 95%=-121.94999694824219, 98%=-117.9000015258789
ranking_best_algo: DiscreteDE
ranking_best_score: 143.4
ranking_my_rank: 97/504 (81.0%)
ranking_my_percent: 80.95238095238095
