ConfigName: krbf__advnormalizedfitness__M2__L10__eps0p015__g0p005__ds0p01__dm0p01
Problem: NK
Kernel: rbf
Advantage: normalizedfitness
M: 2
lambda: 10
epsilon_svgd: 0.015
gamma: 0.005
decay_start_ratio: 0.01
decay_min_factor: 0.01
bandwith_kernel: None
no_interact: False
avg_score: 0.7476736307144165
median_score: 0.7480757236480713
std_score: 0.009579741396009922
percentiles: 2%=0.726464033126831, 5%=0.7315370440483093, 10%=0.735872745513916, 25%=0.7404875159263611, 50%=0.7480757236480713, 75%=0.7559731006622314, 90%=0.7587851285934448, 95%=0.7605728507041931, 98%=0.7623491287231445
ranking_best_algo: PBIL
ranking_best_score: 0.733570253046875
ranking_my_rank: 1/504 (100.0%)
ranking_my_percent: 100.0
