ConfigName: kjsd__advperagentrankweighted__M3__L18__eps0p005__g0p0005__ds0p1__dm0p05
Problem: NK
Kernel: jsd
Advantage: peragentrankweighted
M: 3
lambda: 18
epsilon_svgd: 0.005
gamma: 0.0005
decay_start_ratio: 0.1
decay_min_factor: 0.05
bandwith_kernel: None
no_interact: False
avg_score: 0.7361648082733154
median_score: 0.7373067736625671
std_score: 0.009258141741156578
percentiles: 2%=0.7161002159118652, 5%=0.719849169254303, 10%=0.722900390625, 25%=0.7294809818267822, 50%=0.7373067736625671, 75%=0.7423053979873657, 90%=0.7466371059417725, 95%=0.7500271797180176, 98%=0.7530117034912109
ranking_best_algo: PBIL
ranking_best_score: 0.730509098125
ranking_my_rank: 1/504 (100.0%)
ranking_my_percent: 100.0
