ConfigName: krbf__advnormalizedfitness__M4__L15__eps0p033__g0p007__ds0p3__dm0p3
Problem: NK
Kernel: rbf
Advantage: normalizedfitness
M: 4
lambda: 15
epsilon_svgd: 0.033
gamma: 0.007
decay_start_ratio: 0.3
decay_min_factor: 0.3
bandwith_kernel: None
no_interact: False
avg_score: 0.7490096092224121
median_score: 0.7500946521759033
std_score: 0.013368730433285236
percentiles: 2%=0.7212528586387634, 5%=0.7294581532478333, 10%=0.7315121293067932, 25%=0.7381306290626526, 50%=0.7500946521759033, 75%=0.7597247362136841, 90%=0.7659662365913391, 95%=0.768827497959137, 98%=0.7706618309020996
ranking_best_algo: Tabu
ranking_best_score: 0.7657846284375001
ranking_my_rank: 30/504 (94.2%)
ranking_my_percent: 94.24603174603175
