ConfigName: krbf__advnormalizedfitness__M4__L8__eps0p033__g0p007__ds0p15__dm0p01
Problem: QUBO
Kernel: rbf
Advantage: normalizedfitness
M: 4
lambda: 8
epsilon_svgd: 0.033
gamma: 0.007
decay_start_ratio: 0.15
decay_min_factor: 0.01
bandwith_kernel: None
no_interact: False
avg_score: -1192.52001953125
median_score: -1186.5
std_score: 67.36756896972656
percentiles: 2%=-1355.1199951171875, 5%=-1313.0999755859375, 10%=-1285.5999755859375, 25%=-1222.25, 50%=-1186.5, 75%=-1149.0, 90%=-1106.9000244140625, 95%=-1097.8499755859375, 98%=-1092.4598388671875
ranking_best_algo: Tabu
ranking_best_score: 1216.16
ranking_my_rank: 49/504 (90.5%)
ranking_my_percent: 90.47619047619048
