ConfigName: krbf__advnormalizedfitness__M4__L15__eps0p033__g0p01__ds0p3__dm0p01
Problem: QUBO
Kernel: rbf
Advantage: normalizedfitness
M: 4
lambda: 15
epsilon_svgd: 0.033
gamma: 0.01
decay_start_ratio: 0.3
decay_min_factor: 0.01
bandwith_kernel: None
no_interact: False
avg_score: -847.5399780273438
median_score: -838.0
std_score: 68.44536590576172
percentiles: 2%=-996.0800170898438, 5%=-948.5499877929688, 10%=-935.0999755859375, 25%=-893.0, 50%=-838.0, 75%=-797.5, 90%=-754.0, 95%=-737.0, 98%=-709.97998046875
ranking_best_algo: CMAL3
ranking_best_score: 928.5800000000002
ranking_my_rank: 218/504 (56.9%)
ranking_my_percent: 56.94444444444444
