ConfigName: krbf__advnormalizedfitness__M2__L10__eps0p025__g0p01__ds0p15__dm0p01
Problem: QUBO
Kernel: rbf
Advantage: normalizedfitness
M: 2
lambda: 10
epsilon_svgd: 0.025
gamma: 0.01
decay_start_ratio: 0.15
decay_min_factor: 0.01
bandwith_kernel: None
no_interact: False
avg_score: -932.6400146484375
median_score: -928.5
std_score: 72.24410247802734
percentiles: 2%=-1074.0400390625, 5%=-1074.0, 10%=-1037.9000244140625, 25%=-968.5, 50%=-928.5, 75%=-884.75, 90%=-846.7999877929688, 95%=-826.9000244140625, 98%=-782.7999877929688
ranking_best_algo: CMApara
ranking_best_score: 964.9
ranking_my_rank: 19/504 (96.4%)
ranking_my_percent: 96.42857142857143
