ConfigName: kjsd__advperagentrankweighted__M10__L28__eps0p005__g0p0005__ds0p3__dm0p05
Problem: QUBO
Kernel: jsd
Advantage: peragentrankweighted
M: 10
lambda: 28
epsilon_svgd: 0.005
gamma: 0.0005
decay_start_ratio: 0.3
decay_min_factor: 0.05
bandwith_kernel: None
no_interact: False
avg_score: -144.72000122070312
median_score: -144.5
std_score: 12.379079818725586
percentiles: 2%=-177.0, 5%=-164.0500030517578, 10%=-158.1999969482422, 25%=-153.0, 50%=-144.5, 75%=-137.0, 90%=-130.0, 95%=-126.94999694824219, 98%=-119.0
ranking_best_algo: CMApara
ranking_best_score: 154.28
ranking_my_rank: 177/504 (65.1%)
ranking_my_percent: 65.07936507936508
