ConfigName: krbf__advnormalizedfitness__M4__L12__eps0p025__g0p01__ds0p15__dm0p3
Problem: QUBO
Kernel: rbf
Advantage: normalizedfitness
M: 4
lambda: 12
epsilon_svgd: 0.025
gamma: 0.01
decay_start_ratio: 0.15
decay_min_factor: 0.3
bandwith_kernel: None
no_interact: False
avg_score: -1735.06005859375
median_score: -1736.5
std_score: 170.0887908935547
percentiles: 2%=-2075.179931640625, 5%=-2005.199951171875, 10%=-1970.0999755859375, 25%=-1857.0, 50%=-1736.5, 75%=-1602.5, 90%=-1533.0999755859375, 95%=-1468.75, 98%=-1415.9197998046875
ranking_best_algo: SVM1MetaModelLogNormal
ranking_best_score: 2605.14
ranking_my_rank: 322/504 (36.3%)
ranking_my_percent: 36.30952380952381
