ConfigName: krbf__advnormalizedfitness__M4__L12__eps0p015__g0p005__ds0p01__dm0p01
Problem: NK
Kernel: rbf
Advantage: normalizedfitness
M: 4
lambda: 12
epsilon_svgd: 0.015
gamma: 0.005
decay_start_ratio: 0.01
decay_min_factor: 0.01
bandwith_kernel: None
no_interact: False
avg_score: 0.723354160785675
median_score: 0.7232275009155273
std_score: 0.014574254862964153
percentiles: 2%=0.6968943476676941, 5%=0.6994711756706238, 10%=0.7054005265235901, 25%=0.7124300599098206, 50%=0.7232275009155273, 75%=0.7322568893432617, 90%=0.7430428266525269, 95%=0.7489026188850403, 98%=0.7525474429130554
ranking_best_algo: PBIL
ranking_best_score: 0.733570253046875
ranking_my_rank: 45/504 (91.3%)
ranking_my_percent: 91.26984126984127
