ConfigName: krbf__advglobalrankweighted__M4__L11__eps0p02__g0p003__ds0p01__dm0p01
Problem: QUBO
Kernel: rbf
Advantage: globalrankweighted
M: 4
lambda: 11
epsilon_svgd: 0.02
gamma: 0.003
decay_start_ratio: 0.01
decay_min_factor: 0.01
bandwith_kernel: None
no_interact: False
avg_score: -578.0
median_score: -578.0
std_score: 27.911287307739258
percentiles: 2%=-629.0, 5%=-623.0, 10%=-612.2999877929688, 25%=-597.25, 50%=-578.0, 75%=-561.75, 90%=-543.0, 95%=-532.4500732421875, 98%=-512.97998046875
ranking_best_algo: Tabu
ranking_best_score: 588.7199999999999
ranking_my_rank: 42/503 (91.8%)
ranking_my_percent: 91.84890656063618
