ConfigName: kjsd__advperagentrankweighted__M3__L16__eps0p01__g0p0007__ds0p05__dm0p2
Problem: QUBO
Kernel: jsd
Advantage: peragentrankweighted
M: 3
lambda: 16
epsilon_svgd: 0.01
gamma: 0.0007
decay_start_ratio: 0.05
decay_min_factor: 0.2
bandwith_kernel: None
no_interact: False
avg_score: -138.05999755859375
median_score: -139.5
std_score: 12.183446884155273
percentiles: 2%=-158.0, 5%=-157.0, 10%=-154.0, 25%=-146.0, 50%=-139.5, 75%=-132.0, 90%=-122.80000305175781, 95%=-116.9000015258789, 98%=-106.95999908447266
ranking_best_algo: DiscreteDE
ranking_best_score: 143.4
ranking_my_rank: 115/504 (77.4%)
ranking_my_percent: 77.38095238095238
