ConfigName: krbf__advnormalizedfitness__M3__L8__eps0p015__g0p007__ds0p15__dm0p01
Problem: QUBO
Kernel: rbf
Advantage: normalizedfitness
M: 3
lambda: 8
epsilon_svgd: 0.015
gamma: 0.007
decay_start_ratio: 0.15
decay_min_factor: 0.01
bandwith_kernel: None
no_interact: False
avg_score: -924.97998046875
median_score: -920.0
std_score: 65.93193817138672
percentiles: 2%=-1064.0, 5%=-1020.3499755859375, 10%=-1007.5999755859375, 25%=-974.75, 50%=-920.0, 75%=-878.25, 90%=-837.9000244140625, 95%=-825.75, 98%=-810.8399658203125
ranking_best_algo: CMApara
ranking_best_score: 964.9
ranking_my_rank: 21/504 (96.0%)
ranking_my_percent: 96.03174603174604
