ConfigName: kjsd__advperagentrankweighted__M4__L12__eps0p005__g0p0005__ds0p2__dm0p2
Problem: QUBO
Kernel: jsd
Advantage: peragentrankweighted
M: 4
lambda: 12
epsilon_svgd: 0.005
gamma: 0.0005
decay_start_ratio: 0.2
decay_min_factor: 0.2
bandwith_kernel: None
no_interact: False
avg_score: -2651.5
median_score: -2652.5
std_score: 112.700439453125
percentiles: 2%=-2884.3798828125, 5%=-2846.449951171875, 10%=-2789.5, 25%=-2728.25, 50%=-2652.5, 75%=-2578.25, 90%=-2506.199951171875, 95%=-2463.64990234375, 98%=-2451.60009765625
ranking_best_algo: DiscreteLengler2OnePlusOne
ranking_best_score: 2617.04
ranking_my_rank: 1/504 (100.0%)
ranking_my_percent: 100.0
