ConfigName: kjsd__advperagentrankweighted__M3__L18__eps0p007__g0p003__ds0p1__dm0p2
Problem: NK
Kernel: jsd
Advantage: peragentrankweighted
M: 3
lambda: 18
epsilon_svgd: 0.007
gamma: 0.003
decay_start_ratio: 0.1
decay_min_factor: 0.2
bandwith_kernel: None
no_interact: False
avg_score: 0.6757174730300903
median_score: 0.6708940267562866
std_score: 0.023848621174693108
percentiles: 2%=0.6384353637695312, 5%=0.641781747341156, 10%=0.6487626433372498, 25%=0.6593059301376343, 50%=0.6708940267562866, 75%=0.6910578012466431, 90%=0.7110244631767273, 95%=0.7211124897003174, 98%=0.7303688526153564
ranking_best_algo: Tabu
ranking_best_score: 0.7429702712499999
ranking_my_rank: 307/504 (39.3%)
ranking_my_percent: 39.285714285714285
