ConfigName: kjsd__advperagentrankweighted__M5__L12__eps0p03__g0p0005__ds0p05__dm0p05
Problem: NK
Kernel: jsd
Advantage: peragentrankweighted
M: 5
lambda: 12
epsilon_svgd: 0.03
gamma: 0.0005
decay_start_ratio: 0.05
decay_min_factor: 0.05
bandwith_kernel: None
no_interact: False
avg_score: 0.7303920984268188
median_score: 0.7298469543457031
std_score: 0.013042328879237175
percentiles: 2%=0.7080864310264587, 5%=0.7101971507072449, 10%=0.7147870063781738, 25%=0.721505880355835, 50%=0.7298469543457031, 75%=0.7388423085212708, 90%=0.7487071752548218, 95%=0.7522968053817749, 98%=0.7556058168411255
ranking_best_algo: Tabu
ranking_best_score: 0.7601875690625
ranking_my_rank: 50/504 (90.3%)
ranking_my_percent: 90.27777777777777
