ConfigName: krbf__advnormalizedfitness__M4__L15__eps0p01__g0p0005__ds0p05__dm0p05
Problem: QUBO
Kernel: rbf
Advantage: normalizedfitness
M: 4
lambda: 15
epsilon_svgd: 0.01
gamma: 0.0005
decay_start_ratio: 0.05
decay_min_factor: 0.05
bandwith_kernel: None
no_interact: False
avg_score: -2477.4599609375
median_score: -2479.0
std_score: 149.13815307617188
percentiles: 2%=-2736.179931640625, 5%=-2715.35009765625, 10%=-2672.699951171875, 25%=-2583.0, 50%=-2479.0, 75%=-2379.75, 90%=-2304.800048828125, 95%=-2238.64990234375, 98%=-2163.639892578125
ranking_best_algo: SVM1MetaModelLogNormal
ranking_best_score: 2605.14
ranking_my_rank: 77/504 (84.9%)
ranking_my_percent: 84.92063492063492
