ConfigName: kjsd__advperagentrankweighted__M4__L8__eps0p005__g0p0005__ds0p05__dm0p05
Problem: QUBO
Kernel: jsd
Advantage: peragentrankweighted
M: 4
lambda: 8
epsilon_svgd: 0.005
gamma: 0.0005
decay_start_ratio: 0.05
decay_min_factor: 0.05
bandwith_kernel: None
no_interact: False
avg_score: -429.2200012207031
median_score: -427.0
std_score: 26.936805725097656
percentiles: 2%=-479.0799865722656, 5%=-477.0, 10%=-471.3999938964844, 25%=-445.0, 50%=-427.0, 75%=-412.5, 90%=-396.79998779296875, 95%=-383.95001220703125, 98%=-377.9200134277344
ranking_best_algo: CMAL3
ranking_best_score: 435.36
ranking_my_rank: 11/504 (98.0%)
ranking_my_percent: 98.01587301587301
