ConfigName: kjsd__advperagentrankweighted__M3__L20__eps0p005__g0p0007__ds0p05__dm0p05
Problem: NK
Kernel: jsd
Advantage: peragentrankweighted
M: 3
lambda: 20
epsilon_svgd: 0.005
gamma: 0.0007
decay_start_ratio: 0.05
decay_min_factor: 0.05
bandwith_kernel: None
no_interact: False
avg_score: 0.7347455620765686
median_score: 0.7344942092895508
std_score: 0.011930185370147228
percentiles: 2%=0.7127708196640015, 5%=0.7159284353256226, 10%=0.7201315760612488, 25%=0.7257678508758545, 50%=0.7344942092895508, 75%=0.741948127746582, 90%=0.7509769797325134, 95%=0.7529118061065674, 98%=0.7582390904426575
ranking_best_algo: Tabu
ranking_best_score: 0.7429702712499999
ranking_my_rank: 2/504 (99.8%)
ranking_my_percent: 99.8015873015873
