ConfigName: krbf__advnormalizedfitness__M4__L15__eps0p015__g0p015__ds0p01__dm0p01
Problem: QUBO
Kernel: rbf
Advantage: normalizedfitness
M: 4
lambda: 15
epsilon_svgd: 0.015
gamma: 0.015
decay_start_ratio: 0.01
decay_min_factor: 0.01
bandwith_kernel: None
no_interact: False
avg_score: -670.97998046875
median_score: -663.0
std_score: 78.28421783447266
percentiles: 2%=-862.5599975585938, 5%=-804.1500244140625, 10%=-763.2000122070312, 25%=-721.0, 50%=-663.0, 75%=-606.75, 90%=-579.0, 95%=-561.6000366210938, 98%=-541.7999267578125
ranking_best_algo: CMAL3
ranking_best_score: 928.5800000000002
ranking_my_rank: 333/504 (34.1%)
ranking_my_percent: 34.12698412698413
