ConfigName: krbf__advnormalizedfitness__M4__L15__eps0p015__g0p007__ds0p15__dm0p01
Problem: QUBO
Kernel: rbf
Advantage: normalizedfitness
M: 4
lambda: 15
epsilon_svgd: 0.015
gamma: 0.007
decay_start_ratio: 0.15
decay_min_factor: 0.01
bandwith_kernel: None
no_interact: False
avg_score: -514.0
median_score: -513.0
std_score: 40.24972152709961
percentiles: 2%=-597.3200073242188, 5%=-577.0499877929688, 10%=-565.5, 25%=-540.25, 50%=-513.0, 75%=-487.75, 90%=-459.20001220703125, 95%=-446.9000244140625, 98%=-439.97998046875
ranking_best_algo: Tabu
ranking_best_score: 588.7199999999999
ranking_my_rank: 227/503 (55.1%)
ranking_my_percent: 55.06958250497018
