ConfigName: krbf__advnormalizedfitness__M4__L8__eps0p033__g0p005__ds0p01__dm0p01
Problem: QUBO
Kernel: rbf
Advantage: normalizedfitness
M: 4
lambda: 8
epsilon_svgd: 0.033
gamma: 0.005
decay_start_ratio: 0.01
decay_min_factor: 0.01
bandwith_kernel: None
no_interact: False
avg_score: -148.8800048828125
median_score: -148.5
std_score: 12.285991668701172
percentiles: 2%=-179.0, 5%=-175.1999969482422, 10%=-164.0, 25%=-155.5, 50%=-148.5, 75%=-140.0, 90%=-133.89999389648438, 95%=-131.0, 98%=-128.9399871826172
ranking_best_algo: CMApara
ranking_best_score: 154.28
ranking_my_rank: 82/504 (83.9%)
ranking_my_percent: 83.92857142857143
