ConfigName: krbf__advnormalizedfitness__M3__L15__eps0p025__g0p01__ds0p01__dm0p3
Problem: NK
Kernel: rbf
Advantage: normalizedfitness
M: 3
lambda: 15
epsilon_svgd: 0.025
gamma: 0.01
decay_start_ratio: 0.01
decay_min_factor: 0.3
bandwith_kernel: None
no_interact: False
avg_score: 0.7127168774604797
median_score: 0.7141326665878296
std_score: 0.010150900110602379
percentiles: 2%=0.6917515397071838, 5%=0.6931415796279907, 10%=0.6990140080451965, 25%=0.7054784893989563, 50%=0.7141326665878296, 75%=0.7199028134346008, 90%=0.7258766293525696, 95%=0.7270395755767822, 98%=0.7292689681053162
ranking_best_algo: PBIL
ranking_best_score: 0.7248786399609374
ranking_my_rank: 52/504 (89.9%)
ranking_my_percent: 89.88095238095238
