ConfigName: kjsd__advperagentrankweighted__M4__L8__eps0p02__g0p0003__ds0p2__dm0p05
Problem: NK
Kernel: jsd
Advantage: peragentrankweighted
M: 4
lambda: 8
epsilon_svgd: 0.02
gamma: 0.0003
decay_start_ratio: 0.2
decay_min_factor: 0.05
bandwith_kernel: None
no_interact: False
avg_score: 0.7044575214385986
median_score: 0.7064132690429688
std_score: 0.016439875587821007
percentiles: 2%=0.666019082069397, 5%=0.6678563356399536, 10%=0.6847844123840332, 25%=0.6981251239776611, 50%=0.7064132690429688, 75%=0.7128115892410278, 90%=0.7225775122642517, 95%=0.728909969329834, 98%=0.7315616011619568
ranking_best_algo: CMApara
ranking_best_score: 0.707475975
ranking_my_rank: 10/504 (98.2%)
ranking_my_percent: 98.21428571428571
