ConfigName: krbf__advnormalizedfitness__M2__L6__eps0p01__g0p01__ds0p3__dm0p3
Problem: NK
Kernel: rbf
Advantage: normalizedfitness
M: 2
lambda: 6
epsilon_svgd: 0.01
gamma: 0.01
decay_start_ratio: 0.3
decay_min_factor: 0.3
bandwith_kernel: None
no_interact: False
avg_score: 0.7445879578590393
median_score: 0.7423176169395447
std_score: 0.028444455936551094
percentiles: 2%=0.701191246509552, 5%=0.7040450572967529, 10%=0.7081884741783142, 25%=0.7224136590957642, 50%=0.7423176169395447, 75%=0.7580187320709229, 90%=0.7737435698509216, 95%=0.8044607639312744, 98%=0.8118547797203064
ranking_best_algo: CMApara
ranking_best_score: 0.7459277895312499
ranking_my_rank: 3/504 (99.6%)
ranking_my_percent: 99.60317460317461
