ConfigName: kjsd__advperagentrankweighted__M5__L8__eps0p005__g0p0007__ds0p05__dm0p05
Problem: QUBO
Kernel: jsd
Advantage: peragentrankweighted
M: 5
lambda: 8
epsilon_svgd: 0.005
gamma: 0.0007
decay_start_ratio: 0.05
decay_min_factor: 0.05
bandwith_kernel: None
no_interact: False
avg_score: -1315.0999755859375
median_score: -1307.5
std_score: 51.65626907348633
percentiles: 2%=-1418.219970703125, 5%=-1408.300048828125, 10%=-1396.0, 25%=-1346.0, 50%=-1307.5, 75%=-1279.0, 90%=-1254.800048828125, 95%=-1242.699951171875, 98%=-1220.8800048828125
ranking_best_algo: BigLognormalDiscreteOnePlusOne
ranking_best_score: 1301.3600000000004
ranking_my_rank: 1/504 (100.0%)
ranking_my_percent: 100.0
