ConfigName: krbf__advnormalizedfitness__M4__L15__eps0p033__g0p015__ds0p01__dm0p01
Problem: QUBO
Kernel: rbf
Advantage: normalizedfitness
M: 4
lambda: 15
epsilon_svgd: 0.033
gamma: 0.015
decay_start_ratio: 0.01
decay_min_factor: 0.01
bandwith_kernel: None
no_interact: False
avg_score: -308.3800048828125
median_score: -312.0
std_score: 40.450164794921875
percentiles: 2%=-390.0799865722656, 5%=-384.20001220703125, 10%=-357.3999938964844, 25%=-333.5, 50%=-312.0, 75%=-270.75, 90%=-261.79998779296875, 95%=-254.75003051757812, 98%=-242.95999145507812
ranking_best_algo: CMApara
ranking_best_score: 319.29999999999995
ranking_my_rank: 89/504 (82.5%)
ranking_my_percent: 82.53968253968254
