ConfigName: kjsd__advperagentrankweighted__M6__L8__eps0p03__g0p0005__ds0p05__dm0p05
Problem: QUBO
Kernel: jsd
Advantage: peragentrankweighted
M: 6
lambda: 8
epsilon_svgd: 0.03
gamma: 0.0005
decay_start_ratio: 0.05
decay_min_factor: 0.05
bandwith_kernel: None
no_interact: False
avg_score: -3190.97998046875
median_score: -3196.0
std_score: 111.53797149658203
percentiles: 2%=-3404.39990234375, 5%=-3378.0, 10%=-3330.39990234375, 25%=-3256.75, 50%=-3196.0, 75%=-3117.75, 90%=-3037.800048828125, 95%=-3001.89990234375, 98%=-2940.8798828125
ranking_best_algo: RLSOnePlusOne
ranking_best_score: 3316.5199999999995
ranking_my_rank: 57/504 (88.9%)
ranking_my_percent: 88.88888888888889
