ConfigName: kjsd__advperagentrankweighted__M4__L12__eps0p005__g0p0007__ds0p1__dm0p2
Problem: NK
Kernel: jsd
Advantage: peragentrankweighted
M: 4
lambda: 12
epsilon_svgd: 0.005
gamma: 0.0007
decay_start_ratio: 0.1
decay_min_factor: 0.2
bandwith_kernel: None
no_interact: False
avg_score: 0.7425788044929504
median_score: 0.7402850389480591
std_score: 0.015361282974481583
percentiles: 2%=0.7173045873641968, 5%=0.7199694514274597, 10%=0.7238906621932983, 25%=0.7314062118530273, 50%=0.7402850389480591, 75%=0.752173662185669, 90%=0.7641887068748474, 95%=0.7675813436508179, 98%=0.7806630730628967
ranking_best_algo: Tabu
ranking_best_score: 0.7601875690625
ranking_my_rank: 11/504 (98.0%)
ranking_my_percent: 98.01587301587301
