ConfigName: krbf__advnormalizedfitness__M1__L8__eps0p025__g0p01__ds0p15__dm0p3
Problem: QUBO
Kernel: rbf
Advantage: normalizedfitness
M: 1
lambda: 8
epsilon_svgd: 0.025
gamma: 0.01
decay_start_ratio: 0.15
decay_min_factor: 0.3
bandwith_kernel: None
no_interact: False
avg_score: -139.9199981689453
median_score: -141.0
std_score: 13.330925941467285
percentiles: 2%=-179.0, 5%=-158.0, 10%=-154.0, 25%=-146.25, 50%=-141.0, 75%=-132.0, 90%=-121.9000015258789, 95%=-117.95000457763672, 98%=-114.0
ranking_best_algo: CMApara
ranking_best_score: 154.28
ranking_my_rank: 313/504 (38.1%)
ranking_my_percent: 38.095238095238095
