ConfigName: krbf__advnormalizedfitness__M3__L12__eps0p033__g0p015__ds0p01__dm0p01
Problem: QUBO
Kernel: rbf
Advantage: normalizedfitness
M: 3
lambda: 12
epsilon_svgd: 0.033
gamma: 0.015
decay_start_ratio: 0.01
decay_min_factor: 0.01
bandwith_kernel: None
no_interact: False
avg_score: -442.2200012207031
median_score: -441.5
std_score: 25.885740280151367
percentiles: 2%=-492.0, 5%=-486.04998779296875, 10%=-473.6000061035156, 25%=-462.0, 50%=-441.5, 75%=-421.0, 90%=-411.5, 95%=-400.0, 98%=-397.0
ranking_best_algo: CMApara
ranking_best_score: 453.82
ranking_my_rank: 9/504 (98.4%)
ranking_my_percent: 98.41269841269842
