ConfigName: kjsd__advperagentrankweighted__M3__L20__eps0p005__g0p0007__ds0p1__dm0p2
Problem: NK
Kernel: jsd
Advantage: peragentrankweighted
M: 3
lambda: 20
epsilon_svgd: 0.005
gamma: 0.0007
decay_start_ratio: 0.1
decay_min_factor: 0.2
bandwith_kernel: None
no_interact: False
avg_score: 0.7322795391082764
median_score: 0.7317256927490234
std_score: 0.008997319266200066
percentiles: 2%=0.712823212146759, 5%=0.7164498567581177, 10%=0.7196525931358337, 25%=0.7264724969863892, 50%=0.7317256927490234, 75%=0.739107608795166, 90%=0.7429657578468323, 95%=0.7473977208137512, 98%=0.7484198808670044
ranking_best_algo: Tabu
ranking_best_score: 0.7429702712499999
ranking_my_rank: 2/504 (99.8%)
ranking_my_percent: 99.8015873015873
