ConfigName: kjsd__advperagentrankweighted__M5__L8__eps0p03__g0p0005__ds0p05__dm0p05
Problem: QUBO
Kernel: jsd
Advantage: peragentrankweighted
M: 5
lambda: 8
epsilon_svgd: 0.03
gamma: 0.0005
decay_start_ratio: 0.05
decay_min_factor: 0.05
bandwith_kernel: None
no_interact: False
avg_score: -1153.6199951171875
median_score: -1151.5
std_score: 60.42313766479492
percentiles: 2%=-1273.239990234375, 5%=-1254.1500244140625, 10%=-1227.0, 25%=-1198.5, 50%=-1151.5, 75%=-1106.0, 90%=-1081.5999755859375, 95%=-1057.800048828125, 98%=-1040.739990234375
ranking_best_algo: Tabu
ranking_best_score: 1216.16
ranking_my_rank: 108/504 (78.8%)
ranking_my_percent: 78.76984126984127
