ConfigName: krbf__advnormalizedfitness__M4__L10__eps0p033__g0p01__ds0p01__dm0p3
Problem: NK
Kernel: rbf
Advantage: normalizedfitness
M: 4
lambda: 10
epsilon_svgd: 0.033
gamma: 0.01
decay_start_ratio: 0.01
decay_min_factor: 0.3
bandwith_kernel: None
no_interact: False
avg_score: 0.713802695274353
median_score: 0.7128170728683472
std_score: 0.021757446229457855
percentiles: 2%=0.6771858334541321, 5%=0.6797640323638916, 10%=0.687225341796875, 25%=0.6973896026611328, 50%=0.7128170728683472, 75%=0.7298986911773682, 90%=0.7416959404945374, 95%=0.7503384351730347, 98%=0.75815349817276
ranking_best_algo: Tabu
ranking_best_score: 0.7601875690625
ranking_my_rank: 246/504 (51.4%)
ranking_my_percent: 51.388888888888886
