ConfigName: krbf__advnormalizedfitness__M4__L8__eps0p015__g0p015__ds0p3__dm0p3
Problem: QUBO
Kernel: rbf
Advantage: normalizedfitness
M: 4
lambda: 8
epsilon_svgd: 0.015
gamma: 0.015
decay_start_ratio: 0.3
decay_min_factor: 0.3
bandwith_kernel: None
no_interact: False
avg_score: -640.5
median_score: -635.0
std_score: 80.75821685791016
percentiles: 2%=-788.260009765625, 5%=-782.0, 10%=-758.5, 25%=-695.0, 50%=-635.0, 75%=-583.25, 90%=-537.9000244140625, 95%=-516.9500122070312, 98%=-514.639892578125
ranking_best_algo: CMApara
ranking_best_score: 964.9
ranking_my_rank: 344/504 (31.9%)
ranking_my_percent: 31.944444444444443
