ConfigName: kjsd__advperagentrankweighted__M10__L28__eps0p005__g0p0005__ds0p3__dm0p05
Problem: QUBO
Kernel: jsd
Advantage: peragentrankweighted
M: 10
lambda: 28
epsilon_svgd: 0.005
gamma: 0.0005
decay_start_ratio: 0.3
decay_min_factor: 0.05
bandwith_kernel: None
no_interact: False
avg_score: -690.4400024414062
median_score: -687.0
std_score: 73.34130096435547
percentiles: 2%=-844.02001953125, 5%=-820.4500122070312, 10%=-781.2000122070312, 25%=-733.25, 50%=-687.0, 75%=-646.75, 90%=-594.7999877929688, 95%=-580.0999755859375, 98%=-547.8599853515625
ranking_best_algo: BigLognormalDiscreteOnePlusOne
ranking_best_score: 1301.3600000000004
ranking_my_rank: 352/504 (30.4%)
ranking_my_percent: 30.357142857142858
