ConfigName: kjsd__advperagentrankweighted__M5__L10__eps0p01__g0p0005__ds0p2__dm0p05
Problem: QUBO
Kernel: jsd
Advantage: peragentrankweighted
M: 5
lambda: 10
epsilon_svgd: 0.01
gamma: 0.0005
decay_start_ratio: 0.2
decay_min_factor: 0.05
bandwith_kernel: None
no_interact: False
avg_score: -332.5199890136719
median_score: -335.0
std_score: 21.172849655151367
percentiles: 2%=-372.0, 5%=-372.0, 10%=-354.70001220703125, 25%=-343.0, 50%=-335.0, 75%=-321.5, 90%=-301.6000061035156, 95%=-294.8500061035156, 98%=-290.0
ranking_best_algo: CMApara
ranking_best_score: 344.22
ranking_my_rank: 72/504 (85.9%)
ranking_my_percent: 85.91269841269842
