ConfigName: krbf__advnormalizedfitness__M4__L12__eps0p015__g0p007__ds0p15__dm0p3
Problem: NK
Kernel: rbf
Advantage: normalizedfitness
M: 4
lambda: 12
epsilon_svgd: 0.015
gamma: 0.007
decay_start_ratio: 0.15
decay_min_factor: 0.3
bandwith_kernel: None
no_interact: False
avg_score: 0.7422506213188171
median_score: 0.7408165335655212
std_score: 0.03027266263961792
percentiles: 2%=0.6921519041061401, 5%=0.698958694934845, 10%=0.7040192484855652, 25%=0.7163740396499634, 50%=0.7408165335655212, 75%=0.7580187320709229, 90%=0.7740688920021057, 95%=0.8044298887252808, 98%=0.8083569407463074
ranking_best_algo: CMApara
ranking_best_score: 0.7459277895312499
ranking_my_rank: 20/504 (96.2%)
ranking_my_percent: 96.23015873015873
