ConfigName: kjsd__advperagentrankweighted__M4__L8__eps0p005__g0p0003__ds0p2__dm0p05
Problem: QUBO
Kernel: jsd
Advantage: peragentrankweighted
M: 4
lambda: 8
epsilon_svgd: 0.005
gamma: 0.0003
decay_start_ratio: 0.2
decay_min_factor: 0.05
bandwith_kernel: None
no_interact: False
avg_score: -2638.780029296875
median_score: -2638.0
std_score: 125.8246078491211
percentiles: 2%=-2869.080078125, 5%=-2826.550048828125, 10%=-2811.300048828125, 25%=-2727.25, 50%=-2638.0, 75%=-2553.75, 90%=-2481.0, 95%=-2437.199951171875, 98%=-2369.639892578125
ranking_best_algo: DiscreteLengler2OnePlusOne
ranking_best_score: 2617.04
ranking_my_rank: 1/504 (100.0%)
ranking_my_percent: 100.0
