ConfigName: kjsd__advperagentrankweighted__M3__L18__eps0p01__g0p0007__ds0p05__dm0p05
Problem: QUBO
Kernel: jsd
Advantage: peragentrankweighted
M: 3
lambda: 18
epsilon_svgd: 0.01
gamma: 0.0007
decay_start_ratio: 0.05
decay_min_factor: 0.05
bandwith_kernel: None
no_interact: False
avg_score: -1313.5400390625
median_score: -1318.0
std_score: 56.04255676269531
percentiles: 2%=-1411.1400146484375, 5%=-1401.300048828125, 10%=-1386.199951171875, 25%=-1352.0, 50%=-1318.0, 75%=-1271.0, 90%=-1250.9000244140625, 95%=-1224.0999755859375, 98%=-1194.9599609375
ranking_best_algo: BigLognormalDiscreteOnePlusOne
ranking_best_score: 1301.3600000000004
ranking_my_rank: 1/504 (100.0%)
ranking_my_percent: 100.0
