ConfigName: kjsd__advperagentrankweighted__M4__L24__eps0p02__g0p0007__ds0p2__dm0p05
Problem: NK
Kernel: jsd
Advantage: peragentrankweighted
M: 4
lambda: 24
epsilon_svgd: 0.02
gamma: 0.0007
decay_start_ratio: 0.2
decay_min_factor: 0.05
bandwith_kernel: None
no_interact: False
avg_score: 0.7070196270942688
median_score: 0.7093522548675537
std_score: 0.01167410146445036
percentiles: 2%=0.6880942583084106, 5%=0.6892315149307251, 10%=0.6916517019271851, 25%=0.6957026124000549, 50%=0.7093522548675537, 75%=0.7170305252075195, 90%=0.7211907505989075, 95%=0.7226301431655884, 98%=0.7240617871284485
ranking_best_algo: PBIL
ranking_best_score: 0.7013553837109374
ranking_my_rank: 1/504 (100.0%)
ranking_my_percent: 100.0
