ConfigName: krbf__advnormalizedfitness__M2__L10__eps0p015__g0p007__ds0p3__dm0p01
Problem: QUBO
Kernel: rbf
Advantage: normalizedfitness
M: 2
lambda: 10
epsilon_svgd: 0.015
gamma: 0.007
decay_start_ratio: 0.3
decay_min_factor: 0.01
bandwith_kernel: None
no_interact: False
avg_score: -904.3599853515625
median_score: -908.0
std_score: 60.05139923095703
percentiles: 2%=-1017.3800048828125, 5%=-1004.5499877929688, 10%=-985.0999755859375, 25%=-937.0, 50%=-908.0, 75%=-863.25, 90%=-829.7000122070312, 95%=-800.9500122070312, 98%=-795.8200073242188
ranking_best_algo: CMAL3
ranking_best_score: 928.5800000000002
ranking_my_rank: 66/504 (87.1%)
ranking_my_percent: 87.10317460317461
