ConfigName: krbf__advnormalizedfitness__M3__L12__eps0p033__g0p007__ds0p15__dm0p01
Problem: QUBO
Kernel: rbf
Advantage: normalizedfitness
M: 3
lambda: 12
epsilon_svgd: 0.033
gamma: 0.007
decay_start_ratio: 0.15
decay_min_factor: 0.01
bandwith_kernel: None
no_interact: False
avg_score: -1280.3599853515625
median_score: -1282.0
std_score: 65.36337280273438
percentiles: 2%=-1405.3199462890625, 5%=-1381.300048828125, 10%=-1367.300048828125, 25%=-1329.25, 50%=-1282.0, 75%=-1226.75, 90%=-1197.0, 95%=-1188.5, 98%=-1168.9000244140625
ranking_best_algo: BigLognormalDiscreteOnePlusOne
ranking_best_score: 1301.3600000000004
ranking_my_rank: 31/504 (94.0%)
ranking_my_percent: 94.04761904761905
