ConfigName: kjsd__advperagentrankweighted__M3__L18__eps0p01__g0p0007__ds0p2__dm0p2
Problem: QUBO
Kernel: jsd
Advantage: peragentrankweighted
M: 3
lambda: 18
epsilon_svgd: 0.01
gamma: 0.0007
decay_start_ratio: 0.2
decay_min_factor: 0.2
bandwith_kernel: None
no_interact: False
avg_score: -2601.4599609375
median_score: -2595.0
std_score: 132.9363250732422
percentiles: 2%=-2848.639892578125, 5%=-2816.0, 10%=-2779.5, 25%=-2706.25, 50%=-2595.0, 75%=-2487.5, 90%=-2422.0, 95%=-2397.5, 98%=-2361.840087890625
ranking_best_algo: SVM1MetaModelLogNormal
ranking_best_score: 2605.14
ranking_my_rank: 2/504 (99.8%)
ranking_my_percent: 99.8015873015873
