ConfigName: kjsd__advperagentrankweighted__M3__L18__eps0p01__g0p0005__ds0p05__dm0p1
Problem: QUBO
Kernel: jsd
Advantage: peragentrankweighted
M: 3
lambda: 18
epsilon_svgd: 0.01
gamma: 0.0005
decay_start_ratio: 0.05
decay_min_factor: 0.1
bandwith_kernel: None
no_interact: False
avg_score: -1620.1199951171875
median_score: -1623.0
std_score: 50.10674285888672
percentiles: 2%=-1722.199951171875, 5%=-1694.300048828125, 10%=-1682.0, 25%=-1652.25, 50%=-1623.0, 75%=-1587.0, 90%=-1554.699951171875, 95%=-1530.800048828125, 98%=-1516.9599609375
ranking_best_algo: NLOPT_LN_PRAXIS
ranking_best_score: 1607.12
ranking_my_rank: 1/504 (100.0%)
ranking_my_percent: 100.0
