ConfigName: kjsd__advperagentrankweighted__M4__L12__eps0p01__g0p0003__ds0p05__dm0p05
Problem: QUBO
Kernel: jsd
Advantage: peragentrankweighted
M: 4
lambda: 12
epsilon_svgd: 0.01
gamma: 0.0003
decay_start_ratio: 0.05
decay_min_factor: 0.05
bandwith_kernel: None
no_interact: False
avg_score: -3252.9599609375
median_score: -3237.5
std_score: 127.40910339355469
percentiles: 2%=-3520.3798828125, 5%=-3490.35009765625, 10%=-3417.10009765625, 25%=-3324.75, 50%=-3237.5, 75%=-3162.0, 90%=-3082.300048828125, 95%=-3047.0, 98%=-3043.639892578125
ranking_best_algo: RLSOnePlusOne
ranking_best_score: 3316.5199999999995
ranking_my_rank: 40/504 (92.3%)
ranking_my_percent: 92.26190476190476
