ConfigName: kjsd__advperagentrankweighted__M3__L24__eps0p007__g0p0005__ds0p05__dm0p05
Problem: NK
Kernel: jsd
Advantage: peragentrankweighted
M: 3
lambda: 24
epsilon_svgd: 0.007
gamma: 0.0005
decay_start_ratio: 0.05
decay_min_factor: 0.05
bandwith_kernel: None
no_interact: False
avg_score: 0.7356610298156738
median_score: 0.7376830577850342
std_score: 0.009064562618732452
percentiles: 2%=0.7154645919799805, 5%=0.7206591367721558, 10%=0.7233705520629883, 25%=0.7281150817871094, 50%=0.7376830577850342, 75%=0.7425224781036377, 90%=0.7458484172821045, 95%=0.747586727142334, 98%=0.7493303418159485
ranking_best_algo: PBIL
ranking_best_score: 0.7248786399609374
ranking_my_rank: 1/504 (100.0%)
ranking_my_percent: 100.0
