ConfigName: krbf__advnormalizedfitness__M1__L10__eps0p015__g0p005__ds0p15__dm0p01
Problem: QUBO
Kernel: rbf
Advantage: normalizedfitness
M: 1
lambda: 10
epsilon_svgd: 0.015
gamma: 0.005
decay_start_ratio: 0.15
decay_min_factor: 0.01
bandwith_kernel: None
no_interact: False
avg_score: -565.1400146484375
median_score: -564.5
std_score: 27.891582489013672
percentiles: 2%=-625.0, 5%=-611.0999755859375, 10%=-601.0, 25%=-583.5, 50%=-564.5, 75%=-544.0, 90%=-528.0, 95%=-520.75, 98%=-509.8199462890625
ranking_best_algo: Tabu
ranking_best_score: 588.7199999999999
ranking_my_rank: 94/503 (81.5%)
ranking_my_percent: 81.51093439363817
