ConfigName: krbf__advnormalizedfitness__M4__L10__eps0p015__g0p005__ds0p3__dm0p01
Problem: QUBO
Kernel: rbf
Advantage: normalizedfitness
M: 4
lambda: 10
epsilon_svgd: 0.015
gamma: 0.005
decay_start_ratio: 0.3
decay_min_factor: 0.01
bandwith_kernel: None
no_interact: False
avg_score: -201.0
median_score: -202.0
std_score: 11.776247024536133
percentiles: 2%=-224.0, 5%=-224.0, 10%=-217.1999969482422, 25%=-207.0, 50%=-202.0, 75%=-194.75, 90%=-186.89999389648438, 95%=-184.0, 98%=-175.8399658203125
ranking_best_algo: Tabu
ranking_best_score: 208.36000000000004
ranking_my_rank: 43/504 (91.7%)
ranking_my_percent: 91.66666666666667
