ConfigName: krbf__advnormalizedfitness__M1__L8__eps0p025__g0p01__ds0p01__dm0p01
Problem: NK
Kernel: rbf
Advantage: normalizedfitness
M: 1
lambda: 8
epsilon_svgd: 0.025
gamma: 0.01
decay_start_ratio: 0.01
decay_min_factor: 0.01
bandwith_kernel: None
no_interact: False
avg_score: 0.7237786054611206
median_score: 0.7217215895652771
std_score: 0.010927923023700714
percentiles: 2%=0.7073124647140503, 5%=0.7092325091362, 10%=0.7110282182693481, 25%=0.7162904739379883, 50%=0.7217215895652771, 75%=0.7289427518844604, 90%=0.7401393055915833, 95%=0.7469708919525146, 98%=0.7508141398429871
ranking_best_algo: Tabu
ranking_best_score: 0.7429702712499999
ranking_my_rank: 4/504 (99.4%)
ranking_my_percent: 99.4047619047619
