ConfigName: krbf__advnormalizedfitness__M3__L10__eps0p015__g0p01__ds0p3__dm0p3
Problem: QUBO
Kernel: rbf
Advantage: normalizedfitness
M: 3
lambda: 10
epsilon_svgd: 0.015
gamma: 0.01
decay_start_ratio: 0.3
decay_min_factor: 0.3
bandwith_kernel: None
no_interact: False
avg_score: -331.6000061035156
median_score: -334.0
std_score: 21.080795288085938
percentiles: 2%=-372.0, 5%=-366.20001220703125, 10%=-354.29998779296875, 25%=-348.0, 50%=-334.0, 75%=-320.0, 90%=-307.4000244140625, 95%=-292.8500061035156, 98%=-285.91998291015625
ranking_best_algo: CMApara
ranking_best_score: 344.22
ranking_my_rank: 76/504 (85.1%)
ranking_my_percent: 85.11904761904762
