ConfigName: kjsd__advperagentrankweighted__M3__L18__eps0p007__g0p0005__ds0p05__dm0p05
Problem: NK
Kernel: jsd
Advantage: peragentrankweighted
M: 3
lambda: 18
epsilon_svgd: 0.007
gamma: 0.0005
decay_start_ratio: 0.05
decay_min_factor: 0.05
bandwith_kernel: None
no_interact: False
avg_score: 0.7338561415672302
median_score: 0.7343788743019104
std_score: 0.008396982215344906
percentiles: 2%=0.7164405584335327, 5%=0.7194355726242065, 10%=0.7226070761680603, 25%=0.7288592457771301, 50%=0.7343788743019104, 75%=0.7406822443008423, 90%=0.7441503405570984, 95%=0.7453801035881042, 98%=0.7465624809265137
ranking_best_algo: PBIL
ranking_best_score: 0.7248786399609374
ranking_my_rank: 1/504 (100.0%)
ranking_my_percent: 100.0
