ConfigName: krbf__advnormalizedfitness__M2__L6__eps0p01__g0p01__ds0p01__dm0p3
Problem: NK
Kernel: rbf
Advantage: normalizedfitness
M: 2
lambda: 6
epsilon_svgd: 0.01
gamma: 0.01
decay_start_ratio: 0.01
decay_min_factor: 0.3
bandwith_kernel: None
no_interact: False
avg_score: 0.7535749673843384
median_score: 0.7553063631057739
std_score: 0.013224029913544655
percentiles: 2%=0.7215749025344849, 5%=0.7324495315551758, 10%=0.7380727529525757, 25%=0.7449015378952026, 50%=0.7553063631057739, 75%=0.7619573473930359, 90%=0.7689793705940247, 95%=0.7730224132537842, 98%=0.7754361033439636
ranking_best_algo: Tabu
ranking_best_score: 0.7657846284375001
ranking_my_rank: 9/504 (98.4%)
ranking_my_percent: 98.41269841269842
