ConfigName: kjsd__advperagentrankweighted__M3__L16__eps0p01__g0p001__ds0p1__dm0p1
Problem: QUBO
Kernel: jsd
Advantage: peragentrankweighted
M: 3
lambda: 16
epsilon_svgd: 0.01
gamma: 0.001
decay_start_ratio: 0.1
decay_min_factor: 0.1
bandwith_kernel: None
no_interact: False
avg_score: -1634.5999755859375
median_score: -1636.5
std_score: 55.852840423583984
percentiles: 2%=-1747.0400390625, 5%=-1724.199951171875, 10%=-1711.0, 25%=-1671.75, 50%=-1636.5, 75%=-1599.0, 90%=-1562.5, 95%=-1549.75, 98%=-1528.8800048828125
ranking_best_algo: NLOPT_LN_PRAXIS
ranking_best_score: 1607.12
ranking_my_rank: 1/504 (100.0%)
ranking_my_percent: 100.0
