ConfigName: kjsd__advperagentrankweighted__M3__L18__eps0p005__g0p0005__ds0p2__dm0p2
Problem: QUBO
Kernel: jsd
Advantage: peragentrankweighted
M: 3
lambda: 18
epsilon_svgd: 0.005
gamma: 0.0005
decay_start_ratio: 0.2
decay_min_factor: 0.2
bandwith_kernel: None
no_interact: False
avg_score: -425.4599914550781
median_score: -426.0
std_score: 26.78933334350586
percentiles: 2%=-475.0799865722656, 5%=-471.1000061035156, 10%=-463.1000061035156, 25%=-442.25, 50%=-426.0, 75%=-405.75, 90%=-398.20001220703125, 95%=-382.70001220703125, 98%=-372.9800109863281
ranking_best_algo: CMAL3
ranking_best_score: 435.36
ranking_my_rank: 27/504 (94.8%)
ranking_my_percent: 94.84126984126983
