ConfigName: kjsd__advperagentrankweighted__M4__L12__eps0p01__g0p0007__ds0p2__dm0p05
Problem: NK
Kernel: jsd
Advantage: peragentrankweighted
M: 4
lambda: 12
epsilon_svgd: 0.01
gamma: 0.0007
decay_start_ratio: 0.2
decay_min_factor: 0.05
bandwith_kernel: None
no_interact: False
avg_score: 0.7358971238136292
median_score: 0.7355623245239258
std_score: 0.008885595016181469
percentiles: 2%=0.719711184501648, 5%=0.7206696271896362, 10%=0.7236813902854919, 25%=0.7299425005912781, 50%=0.7355623245239258, 75%=0.7425442934036255, 90%=0.7480300664901733, 95%=0.7504186630249023, 98%=0.7519160509109497
ranking_best_algo: PBIL
ranking_best_score: 0.730509098125
ranking_my_rank: 1/504 (100.0%)
ranking_my_percent: 100.0
