ConfigName: krbf__advnormalizedfitness__M4__L12__eps0p025__g0p005__ds0p3__dm0p3
Problem: QUBO
Kernel: rbf
Advantage: normalizedfitness
M: 4
lambda: 12
epsilon_svgd: 0.025
gamma: 0.005
decay_start_ratio: 0.3
decay_min_factor: 0.3
bandwith_kernel: None
no_interact: False
avg_score: -2400.280029296875
median_score: -2388.5
std_score: 178.14276123046875
percentiles: 2%=-2781.320068359375, 5%=-2703.25, 10%=-2643.300048828125, 25%=-2510.0, 50%=-2388.5, 75%=-2275.0, 90%=-2161.300048828125, 95%=-2116.550048828125, 98%=-2082.8798828125
ranking_best_algo: DiscreteLengler2OnePlusOne
ranking_best_score: 2617.04
ranking_my_rank: 133/504 (73.8%)
ranking_my_percent: 73.80952380952381
