ConfigName: kjsd__advperagentrankweighted__M3__L24__eps0p007__g0p001__ds0p2__dm0p1
Problem: QUBO
Kernel: jsd
Advantage: peragentrankweighted
M: 3
lambda: 24
epsilon_svgd: 0.007
gamma: 0.001
decay_start_ratio: 0.2
decay_min_factor: 0.1
bandwith_kernel: None
no_interact: False
avg_score: -138.66000366210938
median_score: -139.0
std_score: 11.36329174041748
percentiles: 2%=-158.0399932861328, 5%=-158.0, 10%=-155.10000610351562, 25%=-146.0, 50%=-139.0, 75%=-129.75, 90%=-125.0, 95%=-123.0, 98%=-120.94000244140625
ranking_best_algo: DiscreteDE
ranking_best_score: 143.4
ranking_my_rank: 97/504 (81.0%)
ranking_my_percent: 80.95238095238095
