ConfigName: krbf__advnormalizedfitness__M3__L10__eps0p025__g0p01__ds0p3__dm0p01
Problem: NK
Kernel: rbf
Advantage: normalizedfitness
M: 3
lambda: 10
epsilon_svgd: 0.025
gamma: 0.01
decay_start_ratio: 0.3
decay_min_factor: 0.01
bandwith_kernel: None
no_interact: False
avg_score: 0.7142020463943481
median_score: 0.7145118713378906
std_score: 0.017918957397341728
percentiles: 2%=0.6755000948905945, 5%=0.6855498552322388, 10%=0.691593587398529, 25%=0.7015482187271118, 50%=0.7145118713378906, 75%=0.7256829142570496, 90%=0.7350240349769592, 95%=0.7449668645858765, 98%=0.7472885847091675
ranking_best_algo: Tabu
ranking_best_score: 0.7429702712499999
ranking_my_rank: 101/504 (80.2%)
ranking_my_percent: 80.15873015873017
