ConfigName: kjsd__advperagentrankweighted__M4__L24__eps0p02__g0p0003__ds0p05__dm0p05
Problem: QUBO
Kernel: jsd
Advantage: peragentrankweighted
M: 4
lambda: 24
epsilon_svgd: 0.02
gamma: 0.0003
decay_start_ratio: 0.05
decay_min_factor: 0.05
bandwith_kernel: None
no_interact: False
avg_score: -2568.56005859375
median_score: -2565.0
std_score: 107.6810302734375
percentiles: 2%=-2803.080078125, 5%=-2778.800048828125, 10%=-2712.300048828125, 25%=-2628.25, 50%=-2565.0, 75%=-2481.5, 90%=-2433.39990234375, 95%=-2412.25, 98%=-2389.52001953125
ranking_best_algo: SVM1MetaModelLogNormal
ranking_best_score: 2605.14
ranking_my_rank: 15/504 (97.2%)
ranking_my_percent: 97.22222222222223
