ConfigName: krbf__advnormalizedfitness__M4__L8__eps0p025__g0p007__ds0p01__dm0p01
Problem: QUBO
Kernel: rbf
Advantage: normalizedfitness
M: 4
lambda: 8
epsilon_svgd: 0.025
gamma: 0.007
decay_start_ratio: 0.01
decay_min_factor: 0.01
bandwith_kernel: None
no_interact: False
avg_score: -575.739990234375
median_score: -578.0
std_score: 28.675642013549805
percentiles: 2%=-629.0800170898438, 5%=-625.0499877929688, 10%=-614.0999755859375, 25%=-596.25, 50%=-578.0, 75%=-553.0, 90%=-541.5, 95%=-527.9500122070312, 98%=-516.9199829101562
ranking_best_algo: Tabu
ranking_best_score: 588.7199999999999
ranking_my_rank: 57/503 (88.9%)
ranking_my_percent: 88.86679920477137
