ConfigName: kjsd__advperagentrankweighted__M3__L20__eps0p007__g0p0005__ds0p05__dm0p05
Problem: NK
Kernel: jsd
Advantage: peragentrankweighted
M: 3
lambda: 20
epsilon_svgd: 0.007
gamma: 0.0005
decay_start_ratio: 0.05
decay_min_factor: 0.05
bandwith_kernel: None
no_interact: False
avg_score: 0.7224230170249939
median_score: 0.7229236364364624
std_score: 0.0061391619965434074
percentiles: 2%=0.7105717658996582, 5%=0.7109401822090149, 10%=0.7150570154190063, 25%=0.7181301712989807, 50%=0.7229236364364624, 75%=0.7261342406272888, 90%=0.7294970154762268, 95%=0.7317341566085815, 98%=0.7343488931655884
ranking_best_algo: PBIL
ranking_best_score: 0.7170882103515624
ranking_my_rank: 1/504 (100.0%)
ranking_my_percent: 100.0
