ConfigName: kjsd__advperagentrankweighted__M4__L20__eps0p005__g0p0005__ds0p2__dm0p05
Problem: NK
Kernel: jsd
Advantage: peragentrankweighted
M: 4
lambda: 20
epsilon_svgd: 0.005
gamma: 0.0005
decay_start_ratio: 0.2
decay_min_factor: 0.05
bandwith_kernel: None
no_interact: False
avg_score: 0.7472689747810364
median_score: 0.7460185289382935
std_score: 0.0103907510638237
percentiles: 2%=0.7265793085098267, 5%=0.7309368848800659, 10%=0.7345660924911499, 25%=0.7410447597503662, 50%=0.7460185289382935, 75%=0.753717839717865, 90%=0.7602929472923279, 95%=0.7643529176712036, 98%=0.7700716853141785
ranking_best_algo: PBIL
ranking_best_score: 0.733570253046875
ranking_my_rank: 1/504 (100.0%)
ranking_my_percent: 100.0
