ConfigName: kfr__advglobalrankweighted__M4__L5__eps0p03__g0p001__ds0p01__dm0p01
Problem: QUBO
Kernel: fr
Advantage: globalrankweighted
M: 4
lambda: 5
epsilon_svgd: 0.03
gamma: 0.001
decay_start_ratio: 0.01
decay_min_factor: 0.01
bandwith_kernel: None
no_interact: False
avg_score: -388.260009765625
median_score: -388.0
std_score: 30.157129287719727
percentiles: 2%=-441.0799865722656, 5%=-438.0, 10%=-428.1000061035156, 25%=-411.0, 50%=-388.0, 75%=-366.0, 90%=-343.79998779296875, 95%=-338.0, 98%=-333.9599914550781
ranking_best_algo: Tabu
ranking_best_score: 438.12
ranking_my_rank: 260/504 (48.6%)
ranking_my_percent: 48.611111111111114
