ConfigName: kjsd__advperagentrankweighted__M4__L20__eps0p005__g0p001__ds0p05__dm0p05
Problem: NK
Kernel: jsd
Advantage: peragentrankweighted
M: 4
lambda: 20
epsilon_svgd: 0.005
gamma: 0.001
decay_start_ratio: 0.05
decay_min_factor: 0.05
bandwith_kernel: None
no_interact: False
avg_score: 0.7404900193214417
median_score: 0.7405283451080322
std_score: 0.013307803310453892
percentiles: 2%=0.7078155279159546, 5%=0.7134287357330322, 10%=0.7256677746772766, 25%=0.7335411906242371, 50%=0.7405283451080322, 75%=0.7502694129943848, 90%=0.7565473914146423, 95%=0.7599924802780151, 98%=0.7637842297554016
ranking_best_algo: PBIL
ranking_best_score: 0.733570253046875
ranking_my_rank: 1/504 (100.0%)
ranking_my_percent: 100.0
