ConfigName: krbf__advnormalizedfitness__M1__L8__eps0p025__g0p007__ds0p3__dm0p3
Problem: NK
Kernel: rbf
Advantage: normalizedfitness
M: 1
lambda: 8
epsilon_svgd: 0.025
gamma: 0.007
decay_start_ratio: 0.3
decay_min_factor: 0.3
bandwith_kernel: None
no_interact: False
avg_score: 0.7261006832122803
median_score: 0.7257922887802124
std_score: 0.011014211922883987
percentiles: 2%=0.7035050988197327, 5%=0.7046691179275513, 10%=0.7102910280227661, 25%=0.7200493812561035, 50%=0.7257922887802124, 75%=0.735230565071106, 90%=0.7409671545028687, 95%=0.7428137063980103, 98%=0.7432716488838196
ranking_best_algo: PBIL
ranking_best_score: 0.730509098125
ranking_my_rank: 10/504 (98.2%)
ranking_my_percent: 98.21428571428571
