ConfigName: kjsd__advperagentrankweighted__M3__L16__eps0p007__g0p0007__ds0p1__dm0p05
Problem: QUBO
Kernel: jsd
Advantage: peragentrankweighted
M: 3
lambda: 16
epsilon_svgd: 0.007
gamma: 0.0007
decay_start_ratio: 0.1
decay_min_factor: 0.05
bandwith_kernel: None
no_interact: False
avg_score: -906.219970703125
median_score: -903.5
std_score: 59.229820251464844
percentiles: 2%=-1030.0799560546875, 5%=-1000.25, 10%=-985.0, 25%=-949.5, 50%=-903.5, 75%=-865.75, 90%=-833.0999755859375, 95%=-808.6500244140625, 98%=-800.9600219726562
ranking_best_algo: CMAL3
ranking_best_score: 928.5800000000002
ranking_my_rank: 61/504 (88.1%)
ranking_my_percent: 88.0952380952381
