ConfigName: krbf__advnormalizedfitness__M3__L10__eps0p025__g0p015__ds0p15__dm0p01
Problem: QUBO
Kernel: rbf
Advantage: normalizedfitness
M: 3
lambda: 10
epsilon_svgd: 0.025
gamma: 0.015
decay_start_ratio: 0.15
decay_min_factor: 0.01
bandwith_kernel: None
no_interact: False
avg_score: -201.72000122070312
median_score: -201.0
std_score: 12.679180145263672
percentiles: 2%=-224.0, 5%=-224.0, 10%=-221.0, 25%=-209.25, 50%=-201.0, 75%=-194.0, 90%=-185.0, 95%=-181.85000610351562, 98%=-175.95999145507812
ranking_best_algo: Tabu
ranking_best_score: 208.36000000000004
ranking_my_rank: 39/504 (92.5%)
ranking_my_percent: 92.46031746031746
