ConfigName: kjsd__advperagentrankweighted__M3__L16__eps0p007__g0p0007__ds0p2__dm0p05
Problem: NK
Kernel: jsd
Advantage: peragentrankweighted
M: 3
lambda: 16
epsilon_svgd: 0.007
gamma: 0.0007
decay_start_ratio: 0.2
decay_min_factor: 0.05
bandwith_kernel: None
no_interact: False
avg_score: 0.7404466271400452
median_score: 0.741441011428833
std_score: 0.014636634849011898
percentiles: 2%=0.7143898606300354, 5%=0.7159819602966309, 10%=0.7228879332542419, 25%=0.7304563522338867, 50%=0.741441011428833, 75%=0.7495917081832886, 90%=0.7581390738487244, 95%=0.7637300491333008, 98%=0.7699422240257263
ranking_best_algo: Tabu
ranking_best_score: 0.7601875690625
ranking_my_rank: 13/504 (97.6%)
ranking_my_percent: 97.61904761904762
