ConfigName: krbf__advnormalizedfitness__M4__L10__eps0p033__g0p007__ds0p3__dm0p3
Problem: QUBO
Kernel: rbf
Advantage: normalizedfitness
M: 4
lambda: 10
epsilon_svgd: 0.033
gamma: 0.007
decay_start_ratio: 0.3
decay_min_factor: 0.3
bandwith_kernel: None
no_interact: False
avg_score: -1171.3599853515625
median_score: -1172.0
std_score: 62.42539978027344
percentiles: 2%=-1284.1199951171875, 5%=-1279.0999755859375, 10%=-1251.0, 25%=-1211.5, 50%=-1172.0, 75%=-1125.5, 90%=-1094.800048828125, 95%=-1072.60009765625, 98%=-1056.760009765625
ranking_best_algo: Tabu
ranking_best_score: 1216.16
ranking_my_rank: 89/504 (82.5%)
ranking_my_percent: 82.53968253968254
