ConfigName: krbf__advnormalizedfitness__M2__L10__eps0p025__g0p015__ds0p3__dm0p3
Problem: QUBO
Kernel: rbf
Advantage: normalizedfitness
M: 2
lambda: 10
epsilon_svgd: 0.025
gamma: 0.015
decay_start_ratio: 0.3
decay_min_factor: 0.3
bandwith_kernel: None
no_interact: False
avg_score: -932.4199829101562
median_score: -935.0
std_score: 61.36353302001953
percentiles: 2%=-1044.280029296875, 5%=-1031.300048828125, 10%=-1016.2999877929688, 25%=-979.0, 50%=-935.0, 75%=-881.75, 90%=-847.9000244140625, 95%=-835.0, 98%=-828.6799926757812
ranking_best_algo: CMApara
ranking_best_score: 964.9
ranking_my_rank: 19/504 (96.4%)
ranking_my_percent: 96.42857142857143
