ConfigName: kfr__advglobalrankweighted__M5__L8__eps0p02__g0p003__ds0p01__dm0p01
Problem: QUBO
Kernel: fr
Advantage: globalrankweighted
M: 5
lambda: 8
epsilon_svgd: 0.02
gamma: 0.003
decay_start_ratio: 0.01
decay_min_factor: 0.01
bandwith_kernel: None
no_interact: False
avg_score: -1184.06005859375
median_score: -1179.5
std_score: 63.85026550292969
percentiles: 2%=-1345.1199951171875, 5%=-1300.0999755859375, 10%=-1256.5999755859375, 25%=-1222.25, 50%=-1179.5, 75%=-1138.25, 90%=-1115.5999755859375, 95%=-1093.0, 98%=-1059.9000244140625
ranking_best_algo: Tabu
ranking_best_score: 1216.16
ranking_my_rank: 65/504 (87.3%)
ranking_my_percent: 87.3015873015873
