ConfigName: kjsd__advperagentrankweighted__M3__L18__eps0p01__g0p0007__ds0p05__dm0p2
Problem: NK
Kernel: jsd
Advantage: peragentrankweighted
M: 3
lambda: 18
epsilon_svgd: 0.01
gamma: 0.0007
decay_start_ratio: 0.05
decay_min_factor: 0.2
bandwith_kernel: None
no_interact: False
avg_score: 0.7552963495254517
median_score: 0.7544784545898438
std_score: 0.010906273499131203
percentiles: 2%=0.7365790009498596, 5%=0.740285336971283, 10%=0.7433269023895264, 25%=0.7470372915267944, 50%=0.7544784545898438, 75%=0.7631183862686157, 90%=0.769260823726654, 95%=0.7727627158164978, 98%=0.7804450392723083
ranking_best_algo: Tabu
ranking_best_score: 0.7470791764843752
ranking_my_rank: 1/504 (100.0%)
ranking_my_percent: 100.0
