ConfigName: kjsd__advperagentrankweighted__M4__L12__eps0p01__g0p0007__ds0p2__dm0p05
Problem: QUBO
Kernel: jsd
Advantage: peragentrankweighted
M: 4
lambda: 12
epsilon_svgd: 0.01
gamma: 0.0007
decay_start_ratio: 0.2
decay_min_factor: 0.05
bandwith_kernel: None
no_interact: False
avg_score: -199.97999572753906
median_score: -200.0
std_score: 12.369301795959473
percentiles: 2%=-224.0, 5%=-222.0, 10%=-216.1999969482422, 25%=-209.0, 50%=-200.0, 75%=-190.0, 90%=-183.89999389648438, 95%=-180.0, 98%=-177.97999572753906
ranking_best_algo: Tabu
ranking_best_score: 208.36000000000004
ranking_my_rank: 55/504 (89.3%)
ranking_my_percent: 89.28571428571429
