ConfigName: kjsd__advperagentrankweighted__M5__L10__eps0p03__g0p0007__ds0p2__dm0p05
Problem: QUBO
Kernel: jsd
Advantage: peragentrankweighted
M: 5
lambda: 10
epsilon_svgd: 0.03
gamma: 0.0007
decay_start_ratio: 0.2
decay_min_factor: 0.05
bandwith_kernel: None
no_interact: False
avg_score: -425.55999755859375
median_score: -421.0
std_score: 26.289281845092773
percentiles: 2%=-477.1199951171875, 5%=-473.1000061035156, 10%=-465.20001220703125, 25%=-441.0, 50%=-421.0, 75%=-408.5, 90%=-390.8999938964844, 95%=-386.95001220703125, 98%=-379.79998779296875
ranking_best_algo: CMAL3
ranking_best_score: 435.36
ranking_my_rank: 27/504 (94.8%)
ranking_my_percent: 94.84126984126983
