ConfigName: kjsd__advperagentrankweighted__M5__L12__eps0p005__g0p0005__ds0p3__dm0p05
Problem: QUBO
Kernel: jsd
Advantage: peragentrankweighted
M: 5
lambda: 12
epsilon_svgd: 0.005
gamma: 0.0005
decay_start_ratio: 0.3
decay_min_factor: 0.05
bandwith_kernel: None
no_interact: False
avg_score: -429.6000061035156
median_score: -428.0
std_score: 27.81366539001465
percentiles: 2%=-481.0, 5%=-477.0, 10%=-469.20001220703125, 25%=-449.0, 50%=-428.0, 75%=-413.75, 90%=-397.8999938964844, 95%=-382.8999938964844, 98%=-374.8599853515625
ranking_best_algo: CMAL3
ranking_best_score: 435.36
ranking_my_rank: 10/504 (98.2%)
ranking_my_percent: 98.21428571428571
