ConfigName: kjsd__advperagentrankweighted__M4__L8__eps0p005__g0p0005__ds0p4__dm0p2
Problem: NK
Kernel: jsd
Advantage: peragentrankweighted
M: 4
lambda: 8
epsilon_svgd: 0.005
gamma: 0.0005
decay_start_ratio: 0.4
decay_min_factor: 0.2
bandwith_kernel: None
no_interact: False
avg_score: 0.7351115942001343
median_score: 0.7375789880752563
std_score: 0.009203390218317509
percentiles: 2%=0.7192144989967346, 5%=0.7197302579879761, 10%=0.7221982479095459, 25%=0.7283632159233093, 50%=0.7375789880752563, 75%=0.7407912611961365, 90%=0.7452176213264465, 95%=0.7483506798744202, 98%=0.7534894347190857
ranking_best_algo: PBIL
ranking_best_score: 0.730509098125
ranking_my_rank: 1/504 (100.0%)
ranking_my_percent: 100.0
