ConfigName: krbf__advnormalizedfitness__M4__L12__eps0p025__g0p015__ds0p01__dm0p01
Problem: NK
Kernel: rbf
Advantage: normalizedfitness
M: 4
lambda: 12
epsilon_svgd: 0.025
gamma: 0.015
decay_start_ratio: 0.01
decay_min_factor: 0.01
bandwith_kernel: None
no_interact: False
avg_score: 0.7324671149253845
median_score: 0.7333547472953796
std_score: 0.009243469685316086
percentiles: 2%=0.7110589742660522, 5%=0.7154234051704407, 10%=0.7190402150154114, 25%=0.7270197868347168, 50%=0.7333547472953796, 75%=0.7392781972885132, 90%=0.7431405782699585, 95%=0.7451774477958679, 98%=0.7461786866188049
ranking_best_algo: PBIL
ranking_best_score: 0.730509098125
ranking_my_rank: 1/504 (100.0%)
ranking_my_percent: 100.0
