ConfigName: kjsd__advperagentrankweighted__M3__L20__eps0p007__g0p0005__ds0p1__dm0p2
Problem: QUBO
Kernel: jsd
Advantage: peragentrankweighted
M: 3
lambda: 20
epsilon_svgd: 0.007
gamma: 0.0005
decay_start_ratio: 0.1
decay_min_factor: 0.2
bandwith_kernel: None
no_interact: False
avg_score: -932.9600219726562
median_score: -932.5
std_score: 69.80757904052734
percentiles: 2%=-1072.0, 5%=-1043.25, 10%=-1034.4000244140625, 25%=-988.25, 50%=-932.5, 75%=-880.0, 90%=-844.5999755859375, 95%=-820.9000244140625, 98%=-812.7999877929688
ranking_best_algo: CMApara
ranking_best_score: 964.9
ranking_my_rank: 19/504 (96.4%)
ranking_my_percent: 96.42857142857143
