ConfigName: kjsd__advperagentrankweighted__M6__L10__eps0p02__g0p0005__ds0p2__dm0p05
Problem: NK
Kernel: jsd
Advantage: peragentrankweighted
M: 6
lambda: 10
epsilon_svgd: 0.02
gamma: 0.0005
decay_start_ratio: 0.2
decay_min_factor: 0.05
bandwith_kernel: None
no_interact: False
avg_score: 0.7269240021705627
median_score: 0.7267816066741943
std_score: 0.008675678633153439
percentiles: 2%=0.7093830108642578, 5%=0.7117546796798706, 10%=0.7171441912651062, 25%=0.7217947244644165, 50%=0.7267816066741943, 75%=0.732621431350708, 90%=0.7387114763259888, 95%=0.7417199611663818, 98%=0.7446325421333313
ranking_best_algo: Tabu
ranking_best_score: 0.7429702712499999
ranking_my_rank: 2/504 (99.8%)
ranking_my_percent: 99.8015873015873
