ConfigName: krbf__advnormalizedfitness__M3__L10__eps0p015__g0p015__ds0p15__dm0p3
Problem: NK
Kernel: rbf
Advantage: normalizedfitness
M: 3
lambda: 10
epsilon_svgd: 0.015
gamma: 0.015
decay_start_ratio: 0.15
decay_min_factor: 0.3
bandwith_kernel: None
no_interact: False
avg_score: 0.7411288619041443
median_score: 0.7409700155258179
std_score: 0.031424254179000854
percentiles: 2%=0.6874099969863892, 5%=0.6950039863586426, 10%=0.7023536562919617, 25%=0.712882399559021, 50%=0.7409700155258179, 75%=0.757857620716095, 90%=0.7737435698509216, 95%=0.8044700026512146, 98%=0.8091450929641724
ranking_best_algo: CMApara
ranking_best_score: 0.7459277895312499
ranking_my_rank: 35/504 (93.3%)
ranking_my_percent: 93.25396825396825
