ConfigName: kfr__advglobalrankweighted__M1__L11__eps0p015__g0p007__ds0p01__dm0p01
Problem: QUBO
Kernel: fr
Advantage: globalrankweighted
M: 1
lambda: 11
epsilon_svgd: 0.015
gamma: 0.007
decay_start_ratio: 0.01
decay_min_factor: 0.01
bandwith_kernel: None
no_interact: False
avg_score: -561.780029296875
median_score: -563.0
std_score: 33.616539001464844
percentiles: 2%=-621.0, 5%=-612.0499877929688, 10%=-603.2000122070312, 25%=-587.0, 50%=-563.0, 75%=-538.25, 90%=-520.9000244140625, 95%=-506.8500061035156, 98%=-492.7199401855469
ranking_best_algo: Tabu
ranking_best_score: 588.7199999999999
ranking_my_rank: 97/503 (80.9%)
ranking_my_percent: 80.9145129224652
