ConfigName: kjsd__advperagentrankweighted__M5__L10__eps0p01__g0p0005__ds0p2__dm0p05
Problem: NK
Kernel: jsd
Advantage: peragentrankweighted
M: 5
lambda: 10
epsilon_svgd: 0.01
gamma: 0.0005
decay_start_ratio: 0.2
decay_min_factor: 0.05
bandwith_kernel: None
no_interact: False
avg_score: 0.7547637224197388
median_score: 0.7542054653167725
std_score: 0.01493334025144577
percentiles: 2%=0.7262821793556213, 5%=0.729489266872406, 10%=0.736419141292572, 25%=0.7444847822189331, 50%=0.7542054653167725, 75%=0.7649202346801758, 90%=0.7749817371368408, 95%=0.7800806760787964, 98%=0.7824508547782898
ranking_best_algo: Tabu
ranking_best_score: 0.7657846284375001
ranking_my_rank: 7/504 (98.8%)
ranking_my_percent: 98.80952380952381
