ConfigName: kjsd__advperagentrankweighted__M5__L10__eps0p01__g0p0005__ds0p4__dm0p05
Problem: NK
Kernel: jsd
Advantage: peragentrankweighted
M: 5
lambda: 10
epsilon_svgd: 0.01
gamma: 0.0005
decay_start_ratio: 0.4
decay_min_factor: 0.05
bandwith_kernel: None
no_interact: False
avg_score: 0.7432714104652405
median_score: 0.7424109578132629
std_score: 0.008106289431452751
percentiles: 2%=0.7270808219909668, 5%=0.7314630150794983, 10%=0.7345582246780396, 25%=0.7375842332839966, 50%=0.7424109578132629, 75%=0.7488222122192383, 90%=0.7522268891334534, 95%=0.7555280327796936, 98%=0.7572970986366272
ranking_best_algo: PBIL
ranking_best_score: 0.733570253046875
ranking_my_rank: 1/504 (100.0%)
ranking_my_percent: 100.0
