ConfigName: krbf__advnormalizedfitness__M4__L12__eps0p033__g0p007__ds0p15__dm0p3
Problem: NK
Kernel: rbf
Advantage: normalizedfitness
M: 4
lambda: 12
epsilon_svgd: 0.033
gamma: 0.007
decay_start_ratio: 0.15
decay_min_factor: 0.3
bandwith_kernel: None
no_interact: False
avg_score: 0.7031329274177551
median_score: 0.7054677605628967
std_score: 0.012317975983023643
percentiles: 2%=0.6836913824081421, 5%=0.684502124786377, 10%=0.6867511868476868, 25%=0.6904872059822083, 50%=0.7054677605628967, 75%=0.7146005630493164, 90%=0.7169337868690491, 95%=0.72005295753479, 98%=0.7228160500526428
ranking_best_algo: PBIL
ranking_best_score: 0.7013553837109374
ranking_my_rank: 1/504 (100.0%)
ranking_my_percent: 100.0
