ConfigName: krbf__advnormalizedfitness__M3__L15__eps0p03__g0p01__ds0p05__dm0p05
Problem: QUBO
Kernel: rbf
Advantage: normalizedfitness
M: 3
lambda: 15
epsilon_svgd: 0.03
gamma: 0.01
decay_start_ratio: 0.05
decay_min_factor: 0.05
bandwith_kernel: None
no_interact: False
avg_score: -1170.239990234375
median_score: -1168.0
std_score: 81.01087951660156
percentiles: 2%=-1340.199951171875, 5%=-1312.3499755859375, 10%=-1279.4000244140625, 25%=-1218.0, 50%=-1168.0, 75%=-1112.5, 90%=-1075.9000244140625, 95%=-1056.25, 98%=-1017.219970703125
ranking_best_algo: SVMMetaModelLogNormal
ranking_best_score: 1233.7999999999997
ranking_my_rank: 78/504 (84.7%)
ranking_my_percent: 84.72222222222223
