ConfigName: krbf__advnormalizedfitness__M2__L10__eps0p025__g0p015__ds0p01__dm0p01
Problem: QUBO
Kernel: rbf
Advantage: normalizedfitness
M: 2
lambda: 10
epsilon_svgd: 0.025
gamma: 0.015
decay_start_ratio: 0.01
decay_min_factor: 0.01
bandwith_kernel: None
no_interact: False
avg_score: -574.5999755859375
median_score: -573.0
std_score: 26.631559371948242
percentiles: 2%=-627.1199951171875, 5%=-623.0, 10%=-607.5999755859375, 25%=-594.0, 50%=-573.0, 75%=-558.75, 90%=-541.9000244140625, 95%=-534.6500244140625, 98%=-516.8800048828125
ranking_best_algo: Tabu
ranking_best_score: 588.7199999999999
ranking_my_rank: 57/503 (88.9%)
ranking_my_percent: 88.86679920477137
