ConfigName: krbf__advnormalizedfitness__M1__L8__eps0p033__g0p015__ds0p3__dm0p3
Problem: QUBO
Kernel: rbf
Advantage: normalizedfitness
M: 1
lambda: 8
epsilon_svgd: 0.033
gamma: 0.015
decay_start_ratio: 0.3
decay_min_factor: 0.3
bandwith_kernel: None
no_interact: False
avg_score: -879.9000244140625
median_score: -876.0
std_score: 79.95279693603516
percentiles: 2%=-1002.6799926757812, 5%=-998.0499877929688, 10%=-992.0999755859375, 25%=-945.0, 50%=-876.0, 75%=-834.5, 90%=-787.2999877929688, 95%=-755.5000610351562, 98%=-725.6597290039062
ranking_best_algo: CMAL3
ranking_best_score: 928.5800000000002
ranking_my_rank: 120/504 (76.4%)
ranking_my_percent: 76.38888888888889
