ConfigName: krbf__advnormalizedfitness__M4__L15__eps0p015__g0p007__ds0p3__dm0p01
Problem: NK
Kernel: rbf
Advantage: normalizedfitness
M: 4
lambda: 15
epsilon_svgd: 0.015
gamma: 0.007
decay_start_ratio: 0.3
decay_min_factor: 0.01
bandwith_kernel: None
no_interact: False
avg_score: 0.7434055805206299
median_score: 0.7423140406608582
std_score: 0.029155297204852104
percentiles: 2%=0.6951842308044434, 5%=0.7024064660072327, 10%=0.7069558501243591, 25%=0.7184399366378784, 50%=0.7423140406608582, 75%=0.7580187320709229, 90%=0.7773388624191284, 95%=0.8044298887252808, 98%=0.8044490218162537
ranking_best_algo: CMApara
ranking_best_score: 0.7459277895312499
ranking_my_rank: 12/504 (97.8%)
ranking_my_percent: 97.81746031746032
