ConfigName: krbf__advnormalizedfitness__M3__L8__eps0p033__g0p01__ds0p3__dm0p01
Problem: QUBO
Kernel: rbf
Advantage: normalizedfitness
M: 3
lambda: 8
epsilon_svgd: 0.033
gamma: 0.01
decay_start_ratio: 0.3
decay_min_factor: 0.01
bandwith_kernel: None
no_interact: False
avg_score: -425.8399963378906
median_score: -425.0
std_score: 26.94316864013672
percentiles: 2%=-479.0, 5%=-473.1000061035156, 10%=-462.1000061035156, 25%=-443.5, 50%=-425.0, 75%=-407.5, 90%=-393.8999938964844, 95%=-385.95001220703125, 98%=-368.8199462890625
ranking_best_algo: CMAL3
ranking_best_score: 435.36
ranking_my_rank: 24/504 (95.4%)
ranking_my_percent: 95.43650793650794
