ConfigName: kjsd__advperagentrankweighted__M3__L24__eps0p007__g0p001__ds0p1__dm0p1
Problem: NK
Kernel: jsd
Advantage: peragentrankweighted
M: 3
lambda: 24
epsilon_svgd: 0.007
gamma: 0.001
decay_start_ratio: 0.1
decay_min_factor: 0.1
bandwith_kernel: None
no_interact: False
avg_score: 0.7460787296295166
median_score: 0.7455272078514099
std_score: 0.015436846762895584
percentiles: 2%=0.7174118161201477, 5%=0.7207872271537781, 10%=0.7281074523925781, 25%=0.7347395420074463, 50%=0.7455272078514099, 75%=0.7540919780731201, 90%=0.7677488327026367, 95%=0.7726325988769531, 98%=0.7770355939865112
ranking_best_algo: Tabu
ranking_best_score: 0.7601875690625
ranking_my_rank: 4/504 (99.4%)
ranking_my_percent: 99.4047619047619
