ConfigName: kjsd__advperagentrankweighted__M4__L12__eps0p005__g0p0005__ds0p2__dm0p2
Problem: NK
Kernel: jsd
Advantage: peragentrankweighted
M: 4
lambda: 12
epsilon_svgd: 0.005
gamma: 0.0005
decay_start_ratio: 0.2
decay_min_factor: 0.2
bandwith_kernel: None
no_interact: False
avg_score: 0.7112759351730347
median_score: 0.6985580325126648
std_score: 0.031148917973041534
percentiles: 2%=0.6736199259757996, 5%=0.674842357635498, 10%=0.6785918474197388, 25%=0.6836183071136475, 50%=0.6985580325126648, 75%=0.7468891739845276, 90%=0.7527967095375061, 95%=0.7613165378570557, 98%=0.7613165378570557
ranking_best_algo: CMApara
ranking_best_score: 0.7118996098437498
ranking_my_rank: 3/504 (99.6%)
ranking_my_percent: 99.60317460317461
