ConfigName: krbf__advnormalizedfitness__M1__L8__eps0p025__g0p01__ds0p3__dm0p01
Problem: NK
Kernel: rbf
Advantage: normalizedfitness
M: 1
lambda: 8
epsilon_svgd: 0.025
gamma: 0.01
decay_start_ratio: 0.3
decay_min_factor: 0.01
bandwith_kernel: None
no_interact: False
avg_score: 0.7227311730384827
median_score: 0.7231564521789551
std_score: 0.009230582974851131
percentiles: 2%=0.7042049765586853, 5%=0.7081297039985657, 10%=0.7103804349899292, 25%=0.7168800830841064, 50%=0.7231564521789551, 75%=0.7287804484367371, 90%=0.7351824045181274, 95%=0.7376248836517334, 98%=0.7394936084747314
ranking_best_algo: PBIL
ranking_best_score: 0.7170882103515624
ranking_my_rank: 1/504 (100.0%)
ranking_my_percent: 100.0
