ConfigName: krbf__advnormalizedfitness__M4__L10__eps0p025__g0p007__ds0p3__dm0p3
Problem: QUBO
Kernel: rbf
Advantage: normalizedfitness
M: 4
lambda: 10
epsilon_svgd: 0.025
gamma: 0.007
decay_start_ratio: 0.3
decay_min_factor: 0.3
bandwith_kernel: None
no_interact: False
avg_score: -311.239990234375
median_score: -317.0
std_score: 40.52582550048828
percentiles: 2%=-394.0, 5%=-390.0, 10%=-357.1999816894531, 25%=-336.5, 50%=-317.0, 75%=-278.25, 90%=-262.0, 95%=-253.95001220703125, 98%=-244.0
ranking_best_algo: CMApara
ranking_best_score: 319.29999999999995
ranking_my_rank: 39/504 (92.5%)
ranking_my_percent: 92.46031746031746
