ConfigName: kjsd__advperagentrankweighted__M10__L28__eps0p005__g0p0005__ds0p3__dm0p05
Problem: QUBO
Kernel: jsd
Advantage: peragentrankweighted
M: 10
lambda: 28
epsilon_svgd: 0.005
gamma: 0.0005
decay_start_ratio: 0.3
decay_min_factor: 0.05
bandwith_kernel: None
no_interact: False
avg_score: -325.3800048828125
median_score: -326.0
std_score: 33.343894958496094
percentiles: 2%=-390.0199890136719, 5%=-384.1000061035156, 10%=-371.0, 25%=-349.25, 50%=-326.0, 75%=-298.75, 90%=-285.0, 95%=-276.6499938964844, 98%=-265.9800109863281
ranking_best_algo: CMAL3
ranking_best_score: 435.36
ranking_my_rank: 332/504 (34.3%)
ranking_my_percent: 34.32539682539682
