ConfigName: krbf__advnormalizedfitness__M1__L8__eps0p033__g0p01__ds0p3__dm0p3
Problem: NK
Kernel: rbf
Advantage: normalizedfitness
M: 1
lambda: 8
epsilon_svgd: 0.033
gamma: 0.01
decay_start_ratio: 0.3
decay_min_factor: 0.3
bandwith_kernel: None
no_interact: False
avg_score: 0.7341133952140808
median_score: 0.7302836179733276
std_score: 0.028589481487870216
percentiles: 2%=0.6895495653152466, 5%=0.6925768256187439, 10%=0.7033809423446655, 25%=0.7180705070495605, 50%=0.7302836179733276, 75%=0.7445118427276611, 90%=0.7733019590377808, 95%=0.8007513284683228, 98%=0.8044298887252808
ranking_best_algo: CMApara
ranking_best_score: 0.7459277895312499
ranking_my_rank: 105/504 (79.4%)
ranking_my_percent: 79.36507936507937
