ConfigName: krbf__advnormalizedfitness__M3__L8__eps0p015__g0p007__ds0p15__dm0p01
Problem: NK
Kernel: rbf
Advantage: normalizedfitness
M: 3
lambda: 8
epsilon_svgd: 0.015
gamma: 0.007
decay_start_ratio: 0.15
decay_min_factor: 0.01
bandwith_kernel: None
no_interact: False
avg_score: 0.7074499726295471
median_score: 0.7098195552825928
std_score: 0.011776914820075035
percentiles: 2%=0.6877743005752563, 5%=0.6904217600822449, 10%=0.6920082569122314, 25%=0.6957958936691284, 50%=0.7098195552825928, 75%=0.7180203795433044, 90%=0.722131609916687, 95%=0.7230538129806519, 98%=0.7242657542228699
ranking_best_algo: PBIL
ranking_best_score: 0.7013553837109374
ranking_my_rank: 1/504 (100.0%)
ranking_my_percent: 100.0
