ConfigName: kfr__advglobalrankweighted__M1__L8__eps0p015__g0p005__ds0p01__dm0p01
Problem: QUBO
Kernel: fr
Advantage: globalrankweighted
M: 1
lambda: 8
epsilon_svgd: 0.015
gamma: 0.005
decay_start_ratio: 0.01
decay_min_factor: 0.01
bandwith_kernel: None
no_interact: False
avg_score: -1199.780029296875
median_score: -1202.5
std_score: 62.70766830444336
percentiles: 2%=-1315.06005859375, 5%=-1307.25, 10%=-1281.0999755859375, 25%=-1241.5, 50%=-1202.5, 75%=-1161.5, 90%=-1109.9000244140625, 95%=-1106.800048828125, 98%=-1078.919921875
ranking_best_algo: SVMMetaModelLogNormal
ranking_best_score: 1233.7999999999997
ranking_my_rank: 57/504 (88.9%)
ranking_my_percent: 88.88888888888889
