ConfigName: krbf__advnormalizedfitness__M4__L12__eps0p033__g0p01__ds0p3__dm0p3
Problem: QUBO
Kernel: rbf
Advantage: normalizedfitness
M: 4
lambda: 12
epsilon_svgd: 0.033
gamma: 0.01
decay_start_ratio: 0.3
decay_min_factor: 0.3
bandwith_kernel: None
no_interact: False
avg_score: -812.5399780273438
median_score: -788.0
std_score: 85.96399688720703
percentiles: 2%=-1008.0399780273438, 5%=-966.0499877929688, 10%=-942.5, 25%=-870.25, 50%=-788.0, 75%=-752.0, 90%=-711.9000244140625, 95%=-691.9000244140625, 98%=-673.9599609375
ranking_best_algo: CMAL3
ranking_best_score: 928.5800000000002
ranking_my_rank: 266/504 (47.4%)
ranking_my_percent: 47.42063492063492
