ConfigName: kjsd__advperagentrankweighted__M3__L30__eps0p007__g0p001__ds0p05__dm0p2
Problem: QUBO
Kernel: jsd
Advantage: peragentrankweighted
M: 3
lambda: 30
epsilon_svgd: 0.007
gamma: 0.001
decay_start_ratio: 0.05
decay_min_factor: 0.2
bandwith_kernel: None
no_interact: False
avg_score: -2507.260009765625
median_score: -2504.0
std_score: 118.6474380493164
percentiles: 2%=-2721.5, 5%=-2704.050048828125, 10%=-2655.10009765625, 25%=-2594.0, 50%=-2504.0, 75%=-2439.5, 90%=-2351.39990234375, 95%=-2317.60009765625, 98%=-2281.1201171875
ranking_best_algo: SVM1MetaModelLogNormal
ranking_best_score: 2605.14
ranking_my_rank: 62/504 (87.9%)
ranking_my_percent: 87.89682539682539
