ConfigName: kjsd__advperagentrankweighted__M4__L8__eps0p005__g0p0007__ds0p05__dm0p05
Problem: QUBO
Kernel: jsd
Advantage: peragentrankweighted
M: 4
lambda: 8
epsilon_svgd: 0.005
gamma: 0.0007
decay_start_ratio: 0.05
decay_min_factor: 0.05
bandwith_kernel: None
no_interact: False
avg_score: -925.0599975585938
median_score: -924.0
std_score: 63.21373748779297
percentiles: 2%=-1032.0799560546875, 5%=-1028.050048828125, 10%=-1012.0999755859375, 25%=-974.25, 50%=-924.0, 75%=-883.75, 90%=-834.7999877929688, 95%=-822.75, 98%=-808.8400268554688
ranking_best_algo: CMAL3
ranking_best_score: 928.5800000000002
ranking_my_rank: 3/504 (99.6%)
ranking_my_percent: 99.60317460317461
