ConfigName: krbf__advnormalizedfitness__M2__L8__eps0p015__g0p015__ds0p01__dm0p3
Problem: NK
Kernel: rbf
Advantage: normalizedfitness
M: 2
lambda: 8
epsilon_svgd: 0.015
gamma: 0.015
decay_start_ratio: 0.01
decay_min_factor: 0.3
bandwith_kernel: None
no_interact: False
avg_score: 0.6758281588554382
median_score: 0.674379825592041
std_score: 0.0202811099588871
percentiles: 2%=0.6354736089706421, 5%=0.6451106071472168, 10%=0.6506161093711853, 25%=0.6623563766479492, 50%=0.674379825592041, 75%=0.6914447546005249, 90%=0.7012872099876404, 95%=0.7085798382759094, 98%=0.7146952748298645
ranking_best_algo: Tabu
ranking_best_score: 0.7429702712499999
ranking_my_rank: 307/504 (39.3%)
ranking_my_percent: 39.285714285714285
