ConfigName: kjsd__advperagentrankweighted__M5__L10__eps0p008__g0p0005__ds0p05__dm0p05
Problem: QUBO
Kernel: jsd
Advantage: peragentrankweighted
M: 5
lambda: 10
epsilon_svgd: 0.008
gamma: 0.0005
decay_start_ratio: 0.05
decay_min_factor: 0.05
bandwith_kernel: None
no_interact: False
avg_score: -445.0799865722656
median_score: -450.5
std_score: 26.009103775024414
percentiles: 2%=-489.05999755859375, 5%=-483.0, 10%=-475.6000061035156, 25%=-464.0, 50%=-450.5, 75%=-432.5, 90%=-404.6000061035156, 95%=-395.8999938964844, 98%=-389.9200134277344
ranking_best_algo: CMApara
ranking_best_score: 453.82
ranking_my_rank: 6/504 (99.0%)
ranking_my_percent: 99.0079365079365
