ConfigName: kjsd__advperagentrankweighted__M6__L28__eps0p008__g0p0005__ds0p05__dm0p05
Problem: QUBO
Kernel: jsd
Advantage: peragentrankweighted
M: 6
lambda: 28
epsilon_svgd: 0.008
gamma: 0.0005
decay_start_ratio: 0.05
decay_min_factor: 0.05
bandwith_kernel: None
no_interact: False
avg_score: -582.0599975585938
median_score: -579.5
std_score: 28.156641006469727
percentiles: 2%=-633.0, 5%=-632.0499877929688, 10%=-623.0, 25%=-601.5, 50%=-579.5, 75%=-561.0, 90%=-548.9000244140625, 95%=-538.9500122070312, 98%=-530.780029296875
ranking_best_algo: Tabu
ranking_best_score: 588.7199999999999
ranking_my_rank: 34/503 (93.4%)
ranking_my_percent: 93.43936381709742
