ConfigName: krbf__advnormalizedfitness__M4__L10__eps0p015__g0p01__ds0p01__dm0p01
Problem: QUBO
Kernel: rbf
Advantage: normalizedfitness
M: 4
lambda: 10
epsilon_svgd: 0.015
gamma: 0.01
decay_start_ratio: 0.01
decay_min_factor: 0.01
bandwith_kernel: None
no_interact: False
avg_score: -848.6799926757812
median_score: -853.5
std_score: 74.67367553710938
percentiles: 2%=-977.0599975585938, 5%=-959.3499755859375, 10%=-943.0999755859375, 25%=-905.0, 50%=-853.5, 75%=-794.5, 90%=-760.7000122070312, 95%=-716.8500366210938, 98%=-674.7999267578125
ranking_best_algo: CMAL3
ranking_best_score: 928.5800000000002
ranking_my_rank: 216/504 (57.3%)
ranking_my_percent: 57.34126984126984
