ConfigName: krbf__advnormalizedfitness__M3__L8__eps0p015__g0p01__ds0p3__dm0p3
Problem: QUBO
Kernel: rbf
Advantage: normalizedfitness
M: 3
lambda: 8
epsilon_svgd: 0.015
gamma: 0.01
decay_start_ratio: 0.3
decay_min_factor: 0.3
bandwith_kernel: None
no_interact: False
avg_score: -139.02000427246094
median_score: -139.0
std_score: 11.523871421813965
percentiles: 2%=-158.0, 5%=-158.0, 10%=-154.1999969482422, 25%=-147.0, 50%=-139.0, 75%=-130.0, 90%=-125.0, 95%=-119.95000457763672, 98%=-115.89997863769531
ranking_best_algo: DiscreteDE
ranking_best_score: 143.4
ranking_my_rank: 93/504 (81.7%)
ranking_my_percent: 81.74603174603175
