ConfigName: kjsd__advperagentrankweighted__M3__L20__eps0p005__g0p003__ds0p2__dm0p2
Problem: QUBO
Kernel: jsd
Advantage: peragentrankweighted
M: 3
lambda: 20
epsilon_svgd: 0.005
gamma: 0.003
decay_start_ratio: 0.2
decay_min_factor: 0.2
bandwith_kernel: None
no_interact: False
avg_score: -404.260009765625
median_score: -403.0
std_score: 26.024843215942383
percentiles: 2%=-459.0, 5%=-452.1000061035156, 10%=-438.3999938964844, 25%=-423.25, 50%=-403.0, 75%=-385.5, 90%=-372.0, 95%=-367.8999938964844, 98%=-357.9200134277344
ranking_best_algo: Tabu
ranking_best_score: 438.12
ranking_my_rank: 210/504 (58.5%)
ranking_my_percent: 58.53174603174603
