ConfigName: kjsd__advperagentrankweighted__M10__L10__eps0p008__g0p0005__ds0p3__dm0p05
Problem: QUBO
Kernel: jsd
Advantage: peragentrankweighted
M: 10
lambda: 10
epsilon_svgd: 0.008
gamma: 0.0005
decay_start_ratio: 0.3
decay_min_factor: 0.05
bandwith_kernel: None
no_interact: False
avg_score: -151.4199981689453
median_score: -151.0
std_score: 11.824702262878418
percentiles: 2%=-179.0, 5%=-179.0, 10%=-164.0, 25%=-157.0, 50%=-151.0, 75%=-141.0, 90%=-136.89999389648438, 95%=-135.0, 98%=-134.97999572753906
ranking_best_algo: CMApara
ranking_best_score: 154.28
ranking_my_rank: 69/504 (86.5%)
ranking_my_percent: 86.5079365079365
