ConfigName: krbf__advnormalizedfitness__M4__L8__eps0p015__g0p007__ds0p15__dm0p3
Problem: QUBO
Kernel: rbf
Advantage: normalizedfitness
M: 4
lambda: 8
epsilon_svgd: 0.015
gamma: 0.007
decay_start_ratio: 0.15
decay_min_factor: 0.3
bandwith_kernel: None
no_interact: False
avg_score: -1082.06005859375
median_score: -1076.5
std_score: 91.72314453125
percentiles: 2%=-1243.02001953125, 5%=-1217.4000244140625, 10%=-1213.0999755859375, 25%=-1150.5, 50%=-1076.5, 75%=-1018.0, 90%=-960.2000122070312, 95%=-933.6500244140625, 98%=-894.8800048828125
ranking_best_algo: BigLognormalDiscreteOnePlusOne
ranking_best_score: 1301.3600000000004
ranking_my_rank: 213/504 (57.9%)
ranking_my_percent: 57.93650793650794
