ConfigName: krbf__advnormalizedfitness__M3__L8__eps0p025__g0p015__ds0p01__dm0p01
Problem: QUBO
Kernel: rbf
Advantage: normalizedfitness
M: 3
lambda: 8
epsilon_svgd: 0.025
gamma: 0.015
decay_start_ratio: 0.01
decay_min_factor: 0.01
bandwith_kernel: None
no_interact: False
avg_score: -139.8000030517578
median_score: -141.0
std_score: 11.527358055114746
percentiles: 2%=-158.0399932861328, 5%=-157.0500030517578, 10%=-155.0, 25%=-148.0, 50%=-141.0, 75%=-131.75, 90%=-125.0, 95%=-117.95000457763672, 98%=-115.0
ranking_best_algo: DiscreteDE
ranking_best_score: 143.4
ranking_my_rank: 81/504 (84.1%)
ranking_my_percent: 84.12698412698413
