ConfigName: kjsd__advperagentrankweighted__M3__L30__eps0p005__g0p001__ds0p05__dm0p2
Problem: QUBO
Kernel: jsd
Advantage: peragentrankweighted
M: 3
lambda: 30
epsilon_svgd: 0.005
gamma: 0.001
decay_start_ratio: 0.05
decay_min_factor: 0.2
bandwith_kernel: None
no_interact: False
avg_score: -201.3800048828125
median_score: -201.0
std_score: 11.38488483428955
percentiles: 2%=-224.0, 5%=-224.0, 10%=-219.0, 25%=-207.0, 50%=-201.0, 75%=-193.0, 90%=-186.0, 95%=-183.9499969482422, 98%=-182.97999572753906
ranking_best_algo: Tabu
ranking_best_score: 208.36000000000004
ranking_my_rank: 40/504 (92.3%)
ranking_my_percent: 92.26190476190476
