ConfigName: kjsd__advperagentrankweighted__M3__L24__eps0p005__g0p001__ds0p1__dm0p1
Problem: NK
Kernel: jsd
Advantage: peragentrankweighted
M: 3
lambda: 24
epsilon_svgd: 0.005
gamma: 0.001
decay_start_ratio: 0.1
decay_min_factor: 0.1
bandwith_kernel: None
no_interact: False
avg_score: 0.7564873695373535
median_score: 0.7562440633773804
std_score: 0.012537469156086445
percentiles: 2%=0.7329725027084351, 5%=0.7348248362541199, 10%=0.7391253113746643, 25%=0.7489188313484192, 50%=0.7562440633773804, 75%=0.7646541595458984, 90%=0.773918867111206, 95%=0.7756108045578003, 98%=0.7794333696365356
ranking_best_algo: Tabu
ranking_best_score: 0.7470791764843752
ranking_my_rank: 1/504 (100.0%)
ranking_my_percent: 100.0
