ConfigName: krbf__advnormalizedfitness__M3__L15__eps0p02__g0p01__ds0p15__dm0p05
Problem: NK
Kernel: rbf
Advantage: normalizedfitness
M: 3
lambda: 15
epsilon_svgd: 0.02
gamma: 0.01
decay_start_ratio: 0.15
decay_min_factor: 0.05
bandwith_kernel: None
no_interact: False
avg_score: 0.7067720293998718
median_score: 0.7078109979629517
std_score: 0.0208125077188015
percentiles: 2%=0.6673698425292969, 5%=0.6695656776428223, 10%=0.6782301068305969, 25%=0.6916700005531311, 50%=0.7078109979629517, 75%=0.7221223711967468, 90%=0.7333472967147827, 95%=0.7362505197525024, 98%=0.7409048080444336
ranking_best_algo: Tabu
ranking_best_score: 0.7601875690625
ranking_my_rank: 285/504 (43.7%)
ranking_my_percent: 43.65079365079365
