ConfigName: kjsd__advperagentrankweighted__M3__L20__eps0p007__g0p001__ds0p05__dm0p05
Problem: NK
Kernel: jsd
Advantage: peragentrankweighted
M: 3
lambda: 20
epsilon_svgd: 0.007
gamma: 0.001
decay_start_ratio: 0.05
decay_min_factor: 0.05
bandwith_kernel: None
no_interact: False
avg_score: 0.7360142469406128
median_score: 0.7376989722251892
std_score: 0.008777707815170288
percentiles: 2%=0.7160807251930237, 5%=0.717918872833252, 10%=0.7216338515281677, 25%=0.731660008430481, 50%=0.7376989722251892, 75%=0.7426772117614746, 90%=0.7452147603034973, 95%=0.7472854852676392, 98%=0.7486109733581543
ranking_best_algo: PBIL
ranking_best_score: 0.7248786399609374
ranking_my_rank: 1/504 (100.0%)
ranking_my_percent: 100.0
