ConfigName: kjsd__advperagentrankweighted__M3__L18__eps0p005__g0p0005__ds0p1__dm0p05
Problem: NK
Kernel: jsd
Advantage: peragentrankweighted
M: 3
lambda: 18
epsilon_svgd: 0.005
gamma: 0.0005
decay_start_ratio: 0.1
decay_min_factor: 0.05
bandwith_kernel: None
no_interact: False
avg_score: 0.7586461901664734
median_score: 0.7602161169052124
std_score: 0.012550479732453823
percentiles: 2%=0.7307888269424438, 5%=0.7408280372619629, 10%=0.7436100840568542, 25%=0.7487618327140808, 50%=0.7602161169052124, 75%=0.7685531973838806, 90%=0.7749477028846741, 95%=0.7770044207572937, 98%=0.7805347442626953
ranking_best_algo: Tabu
ranking_best_score: 0.7470791764843752
ranking_my_rank: 1/504 (100.0%)
ranking_my_percent: 100.0
