ConfigName: kjsd__advperagentrankweighted__M3__L18__eps0p01__g0p0007__ds0p1__dm0p2
Problem: QUBO
Kernel: jsd
Advantage: peragentrankweighted
M: 3
lambda: 18
epsilon_svgd: 0.01
gamma: 0.0007
decay_start_ratio: 0.1
decay_min_factor: 0.2
bandwith_kernel: None
no_interact: False
avg_score: -3306.860107421875
median_score: -3318.0
std_score: 113.5204849243164
percentiles: 2%=-3523.179931640625, 5%=-3504.60009765625, 10%=-3459.10009765625, 25%=-3371.25, 50%=-3318.0, 75%=-3221.25, 90%=-3155.60009765625, 95%=-3133.199951171875, 98%=-3071.5400390625
ranking_best_algo: RLSOnePlusOne
ranking_best_score: 3316.5199999999995
ranking_my_rank: 3/504 (99.6%)
ranking_my_percent: 99.60317460317461
