ConfigName: krbf__advnormalizedfitness__M1__L10__eps0p015__g0p005__ds0p15__dm0p3
Problem: QUBO
Kernel: rbf
Advantage: normalizedfitness
M: 1
lambda: 10
epsilon_svgd: 0.015
gamma: 0.005
decay_start_ratio: 0.15
decay_min_factor: 0.3
bandwith_kernel: None
no_interact: False
avg_score: -296.44000244140625
median_score: -293.0
std_score: 45.4564208984375
percentiles: 2%=-390.1199951171875, 5%=-374.0, 10%=-351.5999755859375, 25%=-328.0, 50%=-293.0, 75%=-261.75, 90%=-250.0, 95%=-238.6500244140625, 98%=-228.8399658203125
ranking_best_algo: CMApara
ranking_best_score: 319.29999999999995
ranking_my_rank: 260/504 (48.6%)
ranking_my_percent: 48.611111111111114
