ConfigName: kjsd__advperagentrankweighted__M3__L18__eps0p01__g0p0007__ds0p2__dm0p2
Problem: QUBO
Kernel: jsd
Advantage: peragentrankweighted
M: 3
lambda: 18
epsilon_svgd: 0.01
gamma: 0.0007
decay_start_ratio: 0.2
decay_min_factor: 0.2
bandwith_kernel: None
no_interact: False
avg_score: -437.5199890136719
median_score: -437.0
std_score: 24.61238670349121
percentiles: 2%=-479.1000061035156, 5%=-470.1000061035156, 10%=-468.1000061035156, 25%=-458.5, 50%=-437.0, 75%=-421.0, 90%=-402.8999938964844, 95%=-399.70001220703125, 98%=-391.0
ranking_best_algo: CMApara
ranking_best_score: 453.82
ranking_my_rank: 28/504 (94.6%)
ranking_my_percent: 94.64285714285714
