ConfigName: krbf__advnormalizedfitness__M1__L10__eps0p015__g0p005__ds0p15__dm0p01
Problem: QUBO
Kernel: rbf
Advantage: normalizedfitness
M: 1
lambda: 10
epsilon_svgd: 0.015
gamma: 0.005
decay_start_ratio: 0.15
decay_min_factor: 0.01
bandwith_kernel: None
no_interact: False
avg_score: -2573.760009765625
median_score: -2567.5
std_score: 140.48153686523438
percentiles: 2%=-2871.43994140625, 5%=-2829.199951171875, 10%=-2746.300048828125, 25%=-2681.25, 50%=-2567.5, 75%=-2494.75, 90%=-2402.199951171875, 95%=-2341.7001953125, 98%=-2290.539794921875
ranking_best_algo: DiscreteLengler2OnePlusOne
ranking_best_score: 2617.04
ranking_my_rank: 49/504 (90.5%)
ranking_my_percent: 90.47619047619048
