ConfigName: krbf__advnormalizedfitness__M4__L12__eps0p025__g0p005__ds0p3__dm0p3
Problem: QUBO
Kernel: rbf
Advantage: normalizedfitness
M: 4
lambda: 12
epsilon_svgd: 0.025
gamma: 0.005
decay_start_ratio: 0.3
decay_min_factor: 0.3
bandwith_kernel: None
no_interact: False
avg_score: -876.2999877929688
median_score: -873.0
std_score: 69.41016387939453
percentiles: 2%=-1016.0, 5%=-987.5, 10%=-972.5, 25%=-925.75, 50%=-873.0, 75%=-823.0, 90%=-786.7999877929688, 95%=-765.800048828125, 98%=-754.9599609375
ranking_best_algo: CMAL3
ranking_best_score: 928.5800000000002
ranking_my_rank: 131/504 (74.2%)
ranking_my_percent: 74.2063492063492
