ConfigName: krbf__advnormalizedfitness__M3__L10__eps0p025__g0p007__ds0p3__dm0p01
Problem: QUBO
Kernel: rbf
Advantage: normalizedfitness
M: 3
lambda: 10
epsilon_svgd: 0.025
gamma: 0.007
decay_start_ratio: 0.3
decay_min_factor: 0.01
bandwith_kernel: None
no_interact: False
avg_score: -575.8800048828125
median_score: -571.0
std_score: 28.18839454650879
percentiles: 2%=-630.0599975585938, 5%=-621.2000122070312, 10%=-611.0, 25%=-600.25, 50%=-571.0, 75%=-557.0, 90%=-540.7000122070312, 95%=-524.0, 98%=-523.0
ranking_best_algo: Tabu
ranking_best_score: 588.7199999999999
ranking_my_rank: 56/503 (89.1%)
ranking_my_percent: 89.06560636182903
