ConfigName: krbf__advnormalizedfitness__M4__L8__eps0p033__g0p005__ds0p01__dm0p01
Problem: NK
Kernel: rbf
Advantage: normalizedfitness
M: 4
lambda: 8
epsilon_svgd: 0.033
gamma: 0.005
decay_start_ratio: 0.01
decay_min_factor: 0.01
bandwith_kernel: None
no_interact: False
avg_score: 0.7104430198669434
median_score: 0.71088707447052
std_score: 0.01529076136648655
percentiles: 2%=0.6711578965187073, 5%=0.6736452579498291, 10%=0.6968190670013428, 25%=0.7075257301330566, 50%=0.71088707447052, 75%=0.7204930782318115, 90%=0.7254681587219238, 95%=0.7323217988014221, 98%=0.733316957950592
ranking_best_algo: CMApara
ranking_best_score: 0.707475975
ranking_my_rank: 1/504 (100.0%)
ranking_my_percent: 100.0
