ConfigName: krbf__advnormalizedfitness__M4__L8__eps0p015__g0p007__ds0p15__dm0p01
Problem: NK
Kernel: rbf
Advantage: normalizedfitness
M: 4
lambda: 8
epsilon_svgd: 0.015
gamma: 0.007
decay_start_ratio: 0.15
decay_min_factor: 0.01
bandwith_kernel: None
no_interact: False
avg_score: 0.7199434638023376
median_score: 0.7201436161994934
std_score: 0.015043352730572224
percentiles: 2%=0.6963768601417542, 5%=0.6970670223236084, 10%=0.7007889151573181, 25%=0.7086361646652222, 50%=0.7201436161994934, 75%=0.7289540767669678, 90%=0.7418249845504761, 95%=0.7474273443222046, 98%=0.7519088983535767
ranking_best_algo: PBIL
ranking_best_score: 0.733570253046875
ranking_my_rank: 51/504 (90.1%)
ranking_my_percent: 90.07936507936508
