ConfigName: krbf__advnormalizedfitness__M3__L12__eps0p033__g0p01__ds0p3__dm0p01
Problem: QUBO
Kernel: rbf
Advantage: normalizedfitness
M: 3
lambda: 12
epsilon_svgd: 0.033
gamma: 0.01
decay_start_ratio: 0.3
decay_min_factor: 0.01
bandwith_kernel: None
no_interact: False
avg_score: -414.79998779296875
median_score: -416.0
std_score: 26.235088348388672
percentiles: 2%=-469.0400085449219, 5%=-457.0, 10%=-452.1000061035156, 25%=-430.5, 50%=-416.0, 75%=-397.0, 90%=-381.4000244140625, 95%=-371.9000244140625, 98%=-365.8399658203125
ranking_best_algo: Tabu
ranking_best_score: 438.12
ranking_my_rank: 51/504 (90.1%)
ranking_my_percent: 90.07936507936508
