ConfigName: kjsd__advperagentrankweighted__M3__L18__eps0p007__g0p0005__ds0p2__dm0p1
Problem: QUBO
Kernel: jsd
Advantage: peragentrankweighted
M: 3
lambda: 18
epsilon_svgd: 0.007
gamma: 0.0005
decay_start_ratio: 0.2
decay_min_factor: 0.1
bandwith_kernel: None
no_interact: False
avg_score: -3291.419921875
median_score: -3290.0
std_score: 115.65147399902344
percentiles: 2%=-3562.159912109375, 5%=-3491.300048828125, 10%=-3441.699951171875, 25%=-3364.0, 50%=-3290.0, 75%=-3218.0, 90%=-3153.699951171875, 95%=-3133.10009765625, 98%=-3086.580078125
ranking_best_algo: RLSOnePlusOne
ranking_best_score: 3316.5199999999995
ranking_my_rank: 3/504 (99.6%)
ranking_my_percent: 99.60317460317461
