ConfigName: kjsd__advperagentrankweighted__M10__L28__eps0p005__g0p0005__ds0p3__dm0p05
Problem: NK
Kernel: jsd
Advantage: peragentrankweighted
M: 10
lambda: 28
epsilon_svgd: 0.005
gamma: 0.0005
decay_start_ratio: 0.3
decay_min_factor: 0.05
bandwith_kernel: None
no_interact: False
avg_score: 0.6559598445892334
median_score: 0.6552430987358093
std_score: 0.009701994247734547
percentiles: 2%=0.6395732760429382, 5%=0.6406188607215881, 10%=0.6432629227638245, 25%=0.649444580078125, 50%=0.6552430987358093, 75%=0.6622167825698853, 90%=0.6683916449546814, 95%=0.671178936958313, 98%=0.6725022792816162
ranking_best_algo: PBIL
ranking_best_score: 0.7248786399609374
ranking_my_rank: 297/504 (41.3%)
ranking_my_percent: 41.26984126984127
