ConfigName: kjsd__advperagentrankweighted__M3__L20__eps0p007__g0p003__ds0p2__dm0p2
Problem: QUBO
Kernel: jsd
Advantage: peragentrankweighted
M: 3
lambda: 20
epsilon_svgd: 0.007
gamma: 0.003
decay_start_ratio: 0.2
decay_min_factor: 0.2
bandwith_kernel: None
no_interact: False
avg_score: -1354.97998046875
median_score: -1376.5
std_score: 113.85700988769531
percentiles: 2%=-1518.0799560546875, 5%=-1509.0999755859375, 10%=-1493.0999755859375, 25%=-1436.25, 50%=-1376.5, 75%=-1277.75, 90%=-1194.4000244140625, 95%=-1140.300048828125, 98%=-1124.280029296875
ranking_best_algo: NLOPT_LN_PRAXIS
ranking_best_score: 1607.12
ranking_my_rank: 176/504 (65.3%)
ranking_my_percent: 65.27777777777777
