ConfigName: kfr__advglobalrankweighted__M3__L11__eps0p02__g0p003__ds0p01__dm0p01
Problem: QUBO
Kernel: fr
Advantage: globalrankweighted
M: 3
lambda: 11
epsilon_svgd: 0.02
gamma: 0.003
decay_start_ratio: 0.01
decay_min_factor: 0.01
bandwith_kernel: None
no_interact: False
avg_score: -2556.300048828125
median_score: -2555.5
std_score: 101.50935363769531
percentiles: 2%=-2799.320068359375, 5%=-2729.60009765625, 10%=-2687.0, 25%=-2618.5, 50%=-2555.5, 75%=-2498.75, 90%=-2420.5, 95%=-2405.699951171875, 98%=-2385.47998046875
ranking_best_algo: SVM1MetaModelLogNormal
ranking_best_score: 2605.14
ranking_my_rank: 41/504 (92.1%)
ranking_my_percent: 92.06349206349206
