ConfigName: krbf__advnormalizedfitness__M2__L6__eps0p01__g0p015__ds0p01__dm0p3
Problem: NK
Kernel: rbf
Advantage: normalizedfitness
M: 2
lambda: 6
epsilon_svgd: 0.01
gamma: 0.015
decay_start_ratio: 0.01
decay_min_factor: 0.3
bandwith_kernel: None
no_interact: False
avg_score: 0.705044150352478
median_score: 0.7064617872238159
std_score: 0.011649553664028645
percentiles: 2%=0.6863102316856384, 5%=0.6887447834014893, 10%=0.6905943751335144, 25%=0.6934462189674377, 50%=0.7064617872238159, 75%=0.714546263217926, 90%=0.7203004956245422, 95%=0.7210149765014648, 98%=0.7228981852531433
ranking_best_algo: PBIL
ranking_best_score: 0.7013553837109374
ranking_my_rank: 1/504 (100.0%)
ranking_my_percent: 100.0
