ConfigName: krbf__advnormalizedfitness__M4__L15__eps0p03__g0p002__ds0p05__dm0p05
Problem: NK
Kernel: rbf
Advantage: normalizedfitness
M: 4
lambda: 15
epsilon_svgd: 0.03
gamma: 0.002
decay_start_ratio: 0.05
decay_min_factor: 0.05
bandwith_kernel: None
no_interact: False
avg_score: 0.7363677024841309
median_score: 0.7384238243103027
std_score: 0.008829980157315731
percentiles: 2%=0.7192090749740601, 5%=0.7210457921028137, 10%=0.7235974073410034, 25%=0.7293326258659363, 50%=0.7384238243103027, 75%=0.7419615983963013, 90%=0.7459964752197266, 95%=0.7476125359535217, 98%=0.7530835866928101
ranking_best_algo: PBIL
ranking_best_score: 0.730509098125
ranking_my_rank: 1/504 (100.0%)
ranking_my_percent: 100.0
