ConfigName: krbf__advnormalizedfitness__M3__L8__eps0p015__g0p007__ds0p3__dm0p3
Problem: QUBO
Kernel: rbf
Advantage: normalizedfitness
M: 3
lambda: 8
epsilon_svgd: 0.015
gamma: 0.007
decay_start_ratio: 0.3
decay_min_factor: 0.3
bandwith_kernel: None
no_interact: False
avg_score: -421.17999267578125
median_score: -419.0
std_score: 28.932466506958008
percentiles: 2%=-479.0799865722656, 5%=-467.29998779296875, 10%=-457.1000061035156, 25%=-443.0, 50%=-419.0, 75%=-400.75, 90%=-386.0, 95%=-376.95001220703125, 98%=-364.8199462890625
ranking_best_algo: CMAL3
ranking_best_score: 435.36
ranking_my_rank: 56/504 (89.1%)
ranking_my_percent: 89.08730158730158
