ConfigName: krbf__advnormalizedfitness__M4__L10__eps0p033__g0p005__ds0p01__dm0p01
Problem: QUBO
Kernel: rbf
Advantage: normalizedfitness
M: 4
lambda: 10
epsilon_svgd: 0.033
gamma: 0.005
decay_start_ratio: 0.01
decay_min_factor: 0.01
bandwith_kernel: None
no_interact: False
avg_score: -1186.43994140625
median_score: -1179.0
std_score: 58.02367401123047
percentiles: 2%=-1321.0400390625, 5%=-1293.5999755859375, 10%=-1254.0999755859375, 25%=-1224.5, 50%=-1179.0, 75%=-1146.0, 90%=-1116.0, 95%=-1092.0, 98%=-1083.9599609375
ranking_best_algo: Tabu
ranking_best_score: 1216.16
ranking_my_rank: 64/504 (87.5%)
ranking_my_percent: 87.5
