ConfigName: krbf__advnormalizedfitness__M3__L12__eps0p015__g0p015__ds0p15__dm0p3
Problem: QUBO
Kernel: rbf
Advantage: normalizedfitness
M: 3
lambda: 12
epsilon_svgd: 0.015
gamma: 0.015
decay_start_ratio: 0.15
decay_min_factor: 0.3
bandwith_kernel: None
no_interact: False
avg_score: -343.29998779296875
median_score: -346.0
std_score: 34.535057067871094
percentiles: 2%=-399.44000244140625, 5%=-394.04998779296875, 10%=-389.1000061035156, 25%=-366.25, 50%=-346.0, 75%=-318.0, 90%=-299.79998779296875, 95%=-279.95001220703125, 98%=-275.91998291015625
ranking_best_algo: Tabu
ranking_best_score: 438.12
ranking_my_rank: 324/504 (35.9%)
ranking_my_percent: 35.91269841269841
