ConfigName: kjsd__advperagentrankweighted__M3__L16__eps0p01__g0p0007__ds0p2__dm0p1
Problem: QUBO
Kernel: jsd
Advantage: peragentrankweighted
M: 3
lambda: 16
epsilon_svgd: 0.01
gamma: 0.0007
decay_start_ratio: 0.2
decay_min_factor: 0.1
bandwith_kernel: None
no_interact: False
avg_score: -416.5799865722656
median_score: -415.5
std_score: 28.25214385986328
percentiles: 2%=-477.0, 5%=-471.20001220703125, 10%=-454.0, 25%=-430.0, 50%=-415.5, 75%=-396.0, 90%=-382.0, 95%=-377.70001220703125, 98%=-363.8399963378906
ranking_best_algo: Tabu
ranking_best_score: 438.12
ranking_my_rank: 43/504 (91.7%)
ranking_my_percent: 91.66666666666667
