ConfigName: kjsd__advperagentrankweighted__M4__L20__eps0p005__g0p0005__ds0p1__dm0p2
Problem: QUBO
Kernel: jsd
Advantage: peragentrankweighted
M: 4
lambda: 20
epsilon_svgd: 0.005
gamma: 0.0005
decay_start_ratio: 0.1
decay_min_factor: 0.2
bandwith_kernel: None
no_interact: False
avg_score: -414.260009765625
median_score: -414.0
std_score: 27.73179054260254
percentiles: 2%=-473.0400085449219, 5%=-461.20001220703125, 10%=-446.1000061035156, 25%=-434.0, 50%=-414.0, 75%=-394.0, 90%=-383.79998779296875, 95%=-365.8999938964844, 98%=-359.55999755859375
ranking_best_algo: Tabu
ranking_best_score: 438.12
ranking_my_rank: 57/504 (88.9%)
ranking_my_percent: 88.88888888888889
