ConfigName: krbf__advnormalizedfitness__M4__L10__eps0p025__g0p007__ds0p01__dm0p01
Problem: NK
Kernel: rbf
Advantage: normalizedfitness
M: 4
lambda: 10
epsilon_svgd: 0.025
gamma: 0.007
decay_start_ratio: 0.01
decay_min_factor: 0.01
bandwith_kernel: None
no_interact: False
avg_score: 0.6572456359863281
median_score: 0.652709424495697
std_score: 0.021100681275129318
percentiles: 2%=0.626185417175293, 5%=0.6316242218017578, 10%=0.6357669830322266, 25%=0.6443755030632019, 50%=0.652709424495697, 75%=0.667624831199646, 90%=0.6856351494789124, 95%=0.7036769390106201, 98%=0.7077083587646484
ranking_best_algo: PBIL
ranking_best_score: 0.7170882103515624
ranking_my_rank: 234/504 (53.8%)
ranking_my_percent: 53.76984126984127
