ConfigName: kjsd__advperagentrankweighted__M3__L20__eps0p007__g0p0007__ds0p05__dm0p1
Problem: NK
Kernel: jsd
Advantage: peragentrankweighted
M: 3
lambda: 20
epsilon_svgd: 0.007
gamma: 0.0007
decay_start_ratio: 0.05
decay_min_factor: 0.1
bandwith_kernel: None
no_interact: False
avg_score: 0.7351741194725037
median_score: 0.7365297079086304
std_score: 0.008763967081904411
percentiles: 2%=0.7160806059837341, 5%=0.7183551788330078, 10%=0.7218765616416931, 25%=0.7303701639175415, 50%=0.7365297079086304, 75%=0.7418349981307983, 90%=0.7459443211555481, 95%=0.746440052986145, 98%=0.7482848763465881
ranking_best_algo: PBIL
ranking_best_score: 0.7248786399609374
ranking_my_rank: 1/504 (100.0%)
ranking_my_percent: 100.0
