ConfigName: kfr__advglobalrankweighted__M2__L8__eps0p01__g0p005__ds0p01__dm0p01
Problem: QUBO
Kernel: fr
Advantage: globalrankweighted
M: 2
lambda: 8
epsilon_svgd: 0.01
gamma: 0.005
decay_start_ratio: 0.01
decay_min_factor: 0.01
bandwith_kernel: None
no_interact: False
avg_score: -146.27999877929688
median_score: -146.0
std_score: 13.737598419189453
percentiles: 2%=-179.0, 5%=-177.10000610351562, 10%=-156.0, 25%=-154.0, 50%=-146.0, 75%=-139.0, 90%=-132.8000030517578, 95%=-125.0, 98%=-109.95999145507812
ranking_best_algo: CMApara
ranking_best_score: 154.28
ranking_my_rank: 125/504 (75.4%)
ranking_my_percent: 75.39682539682539
