ConfigName: kjsd__advperagentrankweighted__M3__L20__eps0p007__g0p0007__ds0p05__dm0p05
Problem: NK
Kernel: jsd
Advantage: peragentrankweighted
M: 3
lambda: 20
epsilon_svgd: 0.007
gamma: 0.0007
decay_start_ratio: 0.05
decay_min_factor: 0.05
bandwith_kernel: None
no_interact: False
avg_score: 0.7346842288970947
median_score: 0.7345374822616577
std_score: 0.00942487083375454
percentiles: 2%=0.7154764533042908, 5%=0.7186694145202637, 10%=0.7216565608978271, 25%=0.7291025519371033, 50%=0.7345374822616577, 75%=0.7409725189208984, 90%=0.7452999949455261, 95%=0.7517310976982117, 98%=0.7535823583602905
ranking_best_algo: Tabu
ranking_best_score: 0.7429702712499999
ranking_my_rank: 2/504 (99.8%)
ranking_my_percent: 99.8015873015873
