ConfigName: krbf__advnormalizedfitness__M4__L10__eps0p015__g0p01__ds0p15__dm0p01
Problem: QUBO
Kernel: rbf
Advantage: normalizedfitness
M: 4
lambda: 10
epsilon_svgd: 0.015
gamma: 0.01
decay_start_ratio: 0.15
decay_min_factor: 0.01
bandwith_kernel: None
no_interact: False
avg_score: -139.9600067138672
median_score: -141.0
std_score: 10.74050235748291
percentiles: 2%=-159.0, 5%=-156.0500030517578, 10%=-156.0, 25%=-146.25, 50%=-141.0, 75%=-131.0, 90%=-126.80000305175781, 95%=-123.0, 98%=-120.95999145507812
ranking_best_algo: DiscreteDE
ranking_best_score: 143.4
ranking_my_rank: 80/504 (84.3%)
ranking_my_percent: 84.32539682539682
