ConfigName: kjsd__advperagentrankweighted__M5__L10__eps0p01__g0p0005__ds0p4__dm0p2
Problem: NK
Kernel: jsd
Advantage: peragentrankweighted
M: 5
lambda: 10
epsilon_svgd: 0.01
gamma: 0.0005
decay_start_ratio: 0.4
decay_min_factor: 0.2
bandwith_kernel: None
no_interact: False
avg_score: 0.7334258556365967
median_score: 0.7337000370025635
std_score: 0.008122560568153858
percentiles: 2%=0.7173129320144653, 5%=0.7180870771408081, 10%=0.72169029712677, 25%=0.7283633947372437, 50%=0.7337000370025635, 75%=0.7407066226005554, 90%=0.7435682415962219, 95%=0.745154857635498, 98%=0.7465531229972839
ranking_best_algo: PBIL
ranking_best_score: 0.7248786399609374
ranking_my_rank: 1/504 (100.0%)
ranking_my_percent: 100.0
