ConfigName: kjsd__advperagentrankweighted__M3__L16__eps0p005__g0p0007__ds0p1__dm0p2
Problem: QUBO
Kernel: jsd
Advantage: peragentrankweighted
M: 3
lambda: 16
epsilon_svgd: 0.005
gamma: 0.0007
decay_start_ratio: 0.1
decay_min_factor: 0.2
bandwith_kernel: None
no_interact: False
avg_score: -3291.679931640625
median_score: -3283.5
std_score: 133.40231323242188
percentiles: 2%=-3564.5, 5%=-3526.0, 10%=-3462.0, 25%=-3375.25, 50%=-3283.5, 75%=-3198.0, 90%=-3132.5, 95%=-3071.89990234375, 98%=-3040.47998046875
ranking_best_algo: RLSOnePlusOne
ranking_best_score: 3316.5199999999995
ranking_my_rank: 3/504 (99.6%)
ranking_my_percent: 99.60317460317461
