ConfigName: kjsd__advperagentrankweighted__M5__L12__eps0p03__g0p0003__ds0p2__dm0p05
Problem: NK
Kernel: jsd
Advantage: peragentrankweighted
M: 5
lambda: 12
epsilon_svgd: 0.03
gamma: 0.0003
decay_start_ratio: 0.2
decay_min_factor: 0.05
bandwith_kernel: None
no_interact: False
avg_score: 0.7092450857162476
median_score: 0.6996150016784668
std_score: 0.03179068863391876
percentiles: 2%=0.6714219450950623, 5%=0.67289137840271, 10%=0.674999475479126, 25%=0.6793393492698669, 50%=0.6996150016784668, 75%=0.7453047037124634, 90%=0.7521345615386963, 95%=0.756682276725769, 98%=0.7613165378570557
ranking_best_algo: CMApara
ranking_best_score: 0.7118996098437498
ranking_my_rank: 56/504 (89.1%)
ranking_my_percent: 89.08730158730158
