ConfigName: kjsd__advperagentrankweighted__M4__L12__eps0p005__g0p0007__ds0p2__dm0p05
Problem: QUBO
Kernel: jsd
Advantage: peragentrankweighted
M: 4
lambda: 12
epsilon_svgd: 0.005
gamma: 0.0007
decay_start_ratio: 0.2
decay_min_factor: 0.05
bandwith_kernel: None
no_interact: False
avg_score: -429.1000061035156
median_score: -428.0
std_score: 29.465744018554688
percentiles: 2%=-479.0799865722656, 5%=-477.1000061035156, 10%=-469.20001220703125, 25%=-448.75, 50%=-428.0, 75%=-411.75, 90%=-394.8999938964844, 95%=-386.0, 98%=-373.239990234375
ranking_best_algo: CMAL3
ranking_best_score: 435.36
ranking_my_rank: 13/504 (97.6%)
ranking_my_percent: 97.61904761904762
