ConfigName: krbf__advnormalizedfitness__M3__L10__eps0p033__g0p015__ds0p01__dm0p3
Problem: NK
Kernel: rbf
Advantage: normalizedfitness
M: 3
lambda: 10
epsilon_svgd: 0.033
gamma: 0.015
decay_start_ratio: 0.01
decay_min_factor: 0.3
bandwith_kernel: None
no_interact: False
avg_score: 0.7118555307388306
median_score: 0.7099848985671997
std_score: 0.016392141580581665
percentiles: 2%=0.6822453141212463, 5%=0.686285674571991, 10%=0.6915702819824219, 25%=0.700369119644165, 50%=0.7099848985671997, 75%=0.7236050367355347, 90%=0.7313629984855652, 95%=0.7344505786895752, 98%=0.7537750005722046
ranking_best_algo: PBIL
ranking_best_score: 0.733570253046875
ranking_my_rank: 66/504 (87.1%)
ranking_my_percent: 87.10317460317461
