ConfigName: krbf__advnormalizedfitness__M1__L8__eps0p033__g0p007__ds0p15__dm0p01
Problem: QUBO
Kernel: rbf
Advantage: normalizedfitness
M: 1
lambda: 8
epsilon_svgd: 0.033
gamma: 0.007
decay_start_ratio: 0.15
decay_min_factor: 0.01
bandwith_kernel: None
no_interact: False
avg_score: -133.5800018310547
median_score: -134.5
std_score: 12.608870506286621
percentiles: 2%=-156.0, 5%=-151.0500030517578, 10%=-148.1999969482422, 25%=-144.0, 50%=-134.5, 75%=-124.75, 90%=-116.70000457763672, 95%=-111.0, 98%=-107.0
ranking_best_algo: DiscreteDE
ranking_best_score: 143.4
ranking_my_rank: 311/504 (38.5%)
ranking_my_percent: 38.492063492063494
