ConfigName: kjsd__advperagentrankweighted__M3__L18__eps0p01__g0p0007__ds0p1__dm0p05
Problem: QUBO
Kernel: jsd
Advantage: peragentrankweighted
M: 3
lambda: 18
epsilon_svgd: 0.01
gamma: 0.0007
decay_start_ratio: 0.1
decay_min_factor: 0.05
bandwith_kernel: None
no_interact: False
avg_score: -924.5599975585938
median_score: -923.5
std_score: 72.83698272705078
percentiles: 2%=-1074.0400390625, 5%=-1048.4000244140625, 10%=-1017.0, 25%=-970.25, 50%=-923.5, 75%=-871.75, 90%=-834.9000244140625, 95%=-810.7999877929688, 98%=-798.2999877929688
ranking_best_algo: CMApara
ranking_best_score: 964.9
ranking_my_rank: 21/504 (96.0%)
ranking_my_percent: 96.03174603174604
