ConfigName: kjsd__advperagentrankweighted__M5__L28__eps0p008__g0p0005__ds0p05__dm0p05
Problem: QUBO
Kernel: jsd
Advantage: peragentrankweighted
M: 5
lambda: 28
epsilon_svgd: 0.008
gamma: 0.0005
decay_start_ratio: 0.05
decay_min_factor: 0.05
bandwith_kernel: None
no_interact: False
avg_score: -431.9800109863281
median_score: -430.5
std_score: 26.503578186035156
percentiles: 2%=-479.0400085449219, 5%=-475.1000061035156, 10%=-471.20001220703125, 25%=-449.25, 50%=-430.5, 75%=-415.0, 90%=-395.6000061035156, 95%=-387.8999938964844, 98%=-382.8599853515625
ranking_best_algo: CMAL3
ranking_best_score: 435.36
ranking_my_rank: 7/504 (98.8%)
ranking_my_percent: 98.80952380952381
