ConfigName: krbf__advnormalizedfitness__M3__L15__eps0p025__g0p007__ds0p3__dm0p3
Problem: QUBO
Kernel: rbf
Advantage: normalizedfitness
M: 3
lambda: 15
epsilon_svgd: 0.025
gamma: 0.007
decay_start_ratio: 0.3
decay_min_factor: 0.3
bandwith_kernel: None
no_interact: False
avg_score: -2402.3798828125
median_score: -2409.0
std_score: 172.12872314453125
percentiles: 2%=-2726.10009765625, 5%=-2679.35009765625, 10%=-2620.10009765625, 25%=-2530.25, 50%=-2409.0, 75%=-2272.75, 90%=-2205.199951171875, 95%=-2113.35009765625, 98%=-2051.639892578125
ranking_best_algo: DiscreteLengler2OnePlusOne
ranking_best_score: 2617.04
ranking_my_rank: 131/504 (74.2%)
ranking_my_percent: 74.2063492063492
