ConfigName: krbf__advnormalizedfitness__M4__L24__eps0p01__g0p001__ds0p05__dm0p05
Problem: QUBO
Kernel: rbf
Advantage: normalizedfitness
M: 4
lambda: 24
epsilon_svgd: 0.01
gamma: 0.001
decay_start_ratio: 0.05
decay_min_factor: 0.05
bandwith_kernel: None
no_interact: False
avg_score: -327.4800109863281
median_score: -334.0
std_score: 22.33225440979004
percentiles: 2%=-372.0, 5%=-357.0, 10%=-350.1000061035156, 25%=-342.25, 50%=-334.0, 75%=-313.5, 90%=-293.8999938964844, 95%=-288.0, 98%=-281.9200134277344
ranking_best_algo: CMApara
ranking_best_score: 344.22
ranking_my_rank: 86/504 (83.1%)
ranking_my_percent: 83.13492063492063
