ConfigName: kjsd__advperagentrankweighted__M3__L18__eps0p005__g0p001__ds0p2__dm0p05
Problem: QUBO
Kernel: jsd
Advantage: peragentrankweighted
M: 3
lambda: 18
epsilon_svgd: 0.005
gamma: 0.001
decay_start_ratio: 0.2
decay_min_factor: 0.05
bandwith_kernel: None
no_interact: False
avg_score: -412.79998779296875
median_score: -414.0
std_score: 24.304731369018555
percentiles: 2%=-455.0400085449219, 5%=-451.20001220703125, 10%=-444.20001220703125, 25%=-429.25, 50%=-414.0, 75%=-392.75, 90%=-381.79998779296875, 95%=-371.8999938964844, 98%=-363.9599914550781
ranking_best_algo: Tabu
ranking_best_score: 438.12
ranking_my_rank: 64/504 (87.5%)
ranking_my_percent: 87.5
