ConfigName: kjsd__advperagentrankweighted__M3__L16__eps0p007__g0p0007__ds0p2__dm0p2
Problem: QUBO
Kernel: jsd
Advantage: peragentrankweighted
M: 3
lambda: 16
epsilon_svgd: 0.007
gamma: 0.0007
decay_start_ratio: 0.2
decay_min_factor: 0.2
bandwith_kernel: None
no_interact: False
avg_score: -1238.5799560546875
median_score: -1237.0
std_score: 55.02802658081055
percentiles: 2%=-1337.199951171875, 5%=-1322.25, 10%=-1311.0, 25%=-1279.0, 50%=-1237.0, 75%=-1205.0, 90%=-1165.699951171875, 95%=-1134.9000244140625, 98%=-1123.93994140625
ranking_best_algo: SVMMetaModelLogNormal
ranking_best_score: 1233.7999999999997
ranking_my_rank: 1/504 (100.0%)
ranking_my_percent: 100.0
