ConfigName: krbf__advnormalizedfitness__M4__L10__eps0p033__g0p005__ds0p3__dm0p01
Problem: NK
Kernel: rbf
Advantage: normalizedfitness
M: 4
lambda: 10
epsilon_svgd: 0.033
gamma: 0.005
decay_start_ratio: 0.3
decay_min_factor: 0.01
bandwith_kernel: None
no_interact: False
avg_score: 0.7408633232116699
median_score: 0.7395446300506592
std_score: 0.012295598164200783
percentiles: 2%=0.7181240916252136, 5%=0.7219467163085938, 10%=0.7250861525535583, 25%=0.7324379682540894, 50%=0.7395446300506592, 75%=0.7492735385894775, 90%=0.7571976780891418, 95%=0.7616783976554871, 98%=0.763204038143158
ranking_best_algo: PBIL
ranking_best_score: 0.733570253046875
ranking_my_rank: 1/504 (100.0%)
ranking_my_percent: 100.0
