ConfigName: krbf__advnormalizedfitness__M3__L10__eps0p015__g0p005__ds0p01__dm0p3
Problem: QUBO
Kernel: rbf
Advantage: normalizedfitness
M: 3
lambda: 10
epsilon_svgd: 0.015
gamma: 0.005
decay_start_ratio: 0.01
decay_min_factor: 0.3
bandwith_kernel: None
no_interact: False
avg_score: -425.6000061035156
median_score: -424.0
std_score: 26.453733444213867
percentiles: 2%=-481.0, 5%=-477.0, 10%=-465.3999938964844, 25%=-441.5, 50%=-424.0, 75%=-411.0, 90%=-396.6000061035156, 95%=-384.9000244140625, 98%=-365.91998291015625
ranking_best_algo: CMAL3
ranking_best_score: 435.36
ranking_my_rank: 26/504 (95.0%)
ranking_my_percent: 95.03968253968254
