ConfigName: kjsd__advperagentrankweighted__M3__L30__eps0p007__g0p0005__ds0p1__dm0p05
Problem: NK
Kernel: jsd
Advantage: peragentrankweighted
M: 3
lambda: 30
epsilon_svgd: 0.007
gamma: 0.0005
decay_start_ratio: 0.1
decay_min_factor: 0.05
bandwith_kernel: None
no_interact: False
avg_score: 0.7357137799263
median_score: 0.7357714772224426
std_score: 0.0085217310115695
percentiles: 2%=0.7180103659629822, 5%=0.720604419708252, 10%=0.7235271334648132, 25%=0.7296619415283203, 50%=0.7357714772224426, 75%=0.7429463863372803, 90%=0.7457907795906067, 95%=0.7481516003608704, 98%=0.749671995639801
ranking_best_algo: PBIL
ranking_best_score: 0.7248786399609374
ranking_my_rank: 1/504 (100.0%)
ranking_my_percent: 100.0
