ConfigName: krbf__advnormalizedfitness__M4__L15__eps0p033__g0p007__ds0p3__dm0p01
Problem: NK
Kernel: rbf
Advantage: normalizedfitness
M: 4
lambda: 15
epsilon_svgd: 0.033
gamma: 0.007
decay_start_ratio: 0.3
decay_min_factor: 0.01
bandwith_kernel: None
no_interact: False
avg_score: 0.6101596355438232
median_score: 0.6077196002006531
std_score: 0.01582718826830387
percentiles: 2%=0.5879309177398682, 5%=0.5907474756240845, 10%=0.5939765572547913, 25%=0.5995638966560364, 50%=0.6077196002006531, 75%=0.6171523332595825, 90%=0.6303990483283997, 95%=0.6403637528419495, 98%=0.6558212041854858
ranking_best_algo: PBIL
ranking_best_score: 0.7170882103515624
ranking_my_rank: 343/504 (32.1%)
ranking_my_percent: 32.142857142857146
