ConfigName: kjsd__advperagentrankweighted__M3__L20__eps0p005__g0p0005__ds0p1__dm0p2
Problem: NK
Kernel: jsd
Advantage: peragentrankweighted
M: 3
lambda: 20
epsilon_svgd: 0.005
gamma: 0.0005
decay_start_ratio: 0.1
decay_min_factor: 0.2
bandwith_kernel: None
no_interact: False
avg_score: 0.7171388268470764
median_score: 0.7164393663406372
std_score: 0.007457618601620197
percentiles: 2%=0.7027912735939026, 5%=0.7062689661979675, 10%=0.7073522210121155, 25%=0.7119864225387573, 50%=0.7164393663406372, 75%=0.7231770157814026, 90%=0.7274276614189148, 95%=0.7292330861091614, 98%=0.7299033999443054
ranking_best_algo: PBIL
ranking_best_score: 0.7170882103515624
ranking_my_rank: 1/504 (100.0%)
ranking_my_percent: 100.0
