ConfigName: krbf__advnormalizedfitness__M3__L8__eps0p033__g0p007__ds0p01__dm0p3
Problem: NK
Kernel: rbf
Advantage: normalizedfitness
M: 3
lambda: 8
epsilon_svgd: 0.033
gamma: 0.007
decay_start_ratio: 0.01
decay_min_factor: 0.3
bandwith_kernel: None
no_interact: False
avg_score: 0.7433192729949951
median_score: 0.7414355278015137
std_score: 0.02840130403637886
percentiles: 2%=0.69586181640625, 5%=0.7084912657737732, 10%=0.711331307888031, 25%=0.7225074768066406, 50%=0.7414355278015137, 75%=0.7580187320709229, 90%=0.7737435698509216, 95%=0.8044298887252808, 98%=0.8118547797203064
ranking_best_algo: CMApara
ranking_best_score: 0.7459277895312499
ranking_my_rank: 12/504 (97.8%)
ranking_my_percent: 97.81746031746032
