ConfigName: kjsd__advperagentrankweighted__M5__L24__eps0p03__g0p0007__ds0p2__dm0p05
Problem: QUBO
Kernel: jsd
Advantage: peragentrankweighted
M: 5
lambda: 24
epsilon_svgd: 0.03
gamma: 0.0007
decay_start_ratio: 0.2
decay_min_factor: 0.05
bandwith_kernel: None
no_interact: False
avg_score: -1190.5799560546875
median_score: -1187.0
std_score: 60.00603103637695
percentiles: 2%=-1349.0799560546875, 5%=-1305.1500244140625, 10%=-1272.5, 25%=-1217.75, 50%=-1187.0, 75%=-1156.0, 90%=-1121.800048828125, 95%=-1096.800048828125, 98%=-1062.9599609375
ranking_best_algo: Tabu
ranking_best_score: 1216.16
ranking_my_rank: 55/504 (89.3%)
ranking_my_percent: 89.28571428571429
