ConfigName: kjsd__advperagentrankweighted__M5__L24__eps0p02__g0p0003__ds0p2__dm0p05
Problem: QUBO
Kernel: jsd
Advantage: peragentrankweighted
M: 5
lambda: 24
epsilon_svgd: 0.02
gamma: 0.0003
decay_start_ratio: 0.2
decay_min_factor: 0.05
bandwith_kernel: None
no_interact: False
avg_score: -2646.260009765625
median_score: -2636.5
std_score: 112.9834213256836
percentiles: 2%=-2879.52001953125, 5%=-2856.199951171875, 10%=-2776.10009765625, 25%=-2716.0, 50%=-2636.5, 75%=-2565.25, 90%=-2503.800048828125, 95%=-2452.550048828125, 98%=-2431.919921875
ranking_best_algo: DiscreteLengler2OnePlusOne
ranking_best_score: 2617.04
ranking_my_rank: 1/504 (100.0%)
ranking_my_percent: 100.0
