ConfigName: krbf__advnormalizedfitness__M4__L15__eps0p025__g0p005__ds0p3__dm0p3
Problem: QUBO
Kernel: rbf
Advantage: normalizedfitness
M: 4
lambda: 15
epsilon_svgd: 0.025
gamma: 0.005
decay_start_ratio: 0.3
decay_min_factor: 0.3
bandwith_kernel: None
no_interact: False
avg_score: -414.29998779296875
median_score: -415.0
std_score: 24.956560134887695
percentiles: 2%=-453.3600158691406, 5%=-450.0, 10%=-446.1000061035156, 25%=-431.25, 50%=-415.0, 75%=-394.0, 90%=-382.0, 95%=-373.9000244140625, 98%=-367.9599914550781
ranking_best_algo: Tabu
ranking_best_score: 438.12
ranking_my_rank: 57/504 (88.9%)
ranking_my_percent: 88.88888888888889
