ConfigName: krbf__advnormalizedfitness__M4__L12__eps0p025__g0p01__ds0p01__dm0p3
Problem: NK
Kernel: rbf
Advantage: normalizedfitness
M: 4
lambda: 12
epsilon_svgd: 0.025
gamma: 0.01
decay_start_ratio: 0.01
decay_min_factor: 0.3
bandwith_kernel: None
no_interact: False
avg_score: 0.7065004110336304
median_score: 0.7061425447463989
std_score: 0.01874302141368389
percentiles: 2%=0.6727743148803711, 5%=0.6760488152503967, 10%=0.680279552936554, 25%=0.6951422691345215, 50%=0.7061425447463989, 75%=0.719508945941925, 90%=0.7315369248390198, 95%=0.7380057573318481, 98%=0.7431910634040833
ranking_best_algo: Tabu
ranking_best_score: 0.7470791764843752
ranking_my_rank: 250/504 (50.6%)
ranking_my_percent: 50.595238095238095
