ConfigName: kjsd__advperagentrankweighted__M3__L18__eps0p005__g0p001__ds0p05__dm0p05
Problem: QUBO
Kernel: jsd
Advantage: peragentrankweighted
M: 3
lambda: 18
epsilon_svgd: 0.005
gamma: 0.001
decay_start_ratio: 0.05
decay_min_factor: 0.05
bandwith_kernel: None
no_interact: False
avg_score: -579.47998046875
median_score: -579.0
std_score: 28.181726455688477
percentiles: 2%=-632.0599975585938, 5%=-623.0999755859375, 10%=-613.5, 25%=-599.25, 50%=-579.0, 75%=-560.0, 90%=-540.7999877929688, 95%=-529.0, 98%=-523.9400024414062
ranking_best_algo: Tabu
ranking_best_score: 588.7199999999999
ranking_my_rank: 41/503 (92.0%)
ranking_my_percent: 92.04771371769384
