ConfigName: kjsd__advperagentrankweighted__M3__L18__eps0p01__g0p003__ds0p05__dm0p1
Problem: NK
Kernel: jsd
Advantage: peragentrankweighted
M: 3
lambda: 18
epsilon_svgd: 0.01
gamma: 0.003
decay_start_ratio: 0.05
decay_min_factor: 0.1
bandwith_kernel: None
no_interact: False
avg_score: 0.7118765115737915
median_score: 0.70106041431427
std_score: 0.03144249692559242
percentiles: 2%=0.6735892295837402, 5%=0.6751645803451538, 10%=0.6793007850646973, 25%=0.6838586330413818, 50%=0.70106041431427, 75%=0.7474179267883301, 90%=0.7540167570114136, 95%=0.7613165378570557, 98%=0.7613165378570557
ranking_best_algo: CMApara
ranking_best_score: 0.7118996098437498
ranking_my_rank: 2/504 (99.8%)
ranking_my_percent: 99.8015873015873
