ConfigName: kjsd__advperagentrankweighted__M3__L16__eps0p01__g0p003__ds0p1__dm0p05
Problem: QUBO
Kernel: jsd
Advantage: peragentrankweighted
M: 3
lambda: 16
epsilon_svgd: 0.01
gamma: 0.003
decay_start_ratio: 0.1
decay_min_factor: 0.05
bandwith_kernel: None
no_interact: False
avg_score: -2612.0
median_score: -2622.0
std_score: 131.7154541015625
percentiles: 2%=-2864.5, 5%=-2800.10009765625, 10%=-2770.10009765625, 25%=-2697.5, 50%=-2622.0, 75%=-2541.0, 90%=-2429.699951171875, 95%=-2411.0, 98%=-2298.320068359375
ranking_best_algo: DiscreteLengler2OnePlusOne
ranking_best_score: 2617.04
ranking_my_rank: 2/504 (99.8%)
ranking_my_percent: 99.8015873015873
