ConfigName: krbf__advnormalizedfitness__M4__L15__eps0p02__g0p001__ds0p05__dm0p05
Problem: QUBO
Kernel: rbf
Advantage: normalizedfitness
M: 4
lambda: 15
epsilon_svgd: 0.02
gamma: 0.001
decay_start_ratio: 0.05
decay_min_factor: 0.05
bandwith_kernel: None
no_interact: False
avg_score: -1557.1600341796875
median_score: -1561.5
std_score: 85.78248596191406
percentiles: 2%=-1706.239990234375, 5%=-1699.0999755859375, 10%=-1680.0999755859375, 25%=-1611.5, 50%=-1561.5, 75%=-1500.0, 90%=-1440.800048828125, 95%=-1410.75, 98%=-1384.800048828125
ranking_best_algo: NLOPT_LN_PRAXIS
ranking_best_score: 1607.12
ranking_my_rank: 51/504 (90.1%)
ranking_my_percent: 90.07936507936508
