ConfigName: kjsd__advperagentrankweighted__M3__L18__eps0p007__g0p001__ds0p1__dm0p1
Problem: NK
Kernel: jsd
Advantage: peragentrankweighted
M: 3
lambda: 18
epsilon_svgd: 0.007
gamma: 0.001
decay_start_ratio: 0.1
decay_min_factor: 0.1
bandwith_kernel: None
no_interact: False
avg_score: 0.7448146939277649
median_score: 0.7409645318984985
std_score: 0.027777059003710747
percentiles: 2%=0.7014034986495972, 5%=0.7072845101356506, 10%=0.7123929262161255, 25%=0.7214405536651611, 50%=0.7409645318984985, 75%=0.7601335048675537, 90%=0.7783373594284058, 95%=0.8044298887252808, 98%=0.8056755661964417
ranking_best_algo: CMApara
ranking_best_score: 0.7459277895312499
ranking_my_rank: 2/504 (99.8%)
ranking_my_percent: 99.8015873015873
