ConfigName: kjsd__advperagentrankweighted__M5__L10__eps0p02__g0p0005__ds0p05__dm0p05
Problem: QUBO
Kernel: jsd
Advantage: peragentrankweighted
M: 5
lambda: 10
epsilon_svgd: 0.02
gamma: 0.0005
decay_start_ratio: 0.05
decay_min_factor: 0.05
bandwith_kernel: None
no_interact: False
avg_score: -331.239990234375
median_score: -335.5
std_score: 20.46124267578125
percentiles: 2%=-372.0, 5%=-357.20001220703125, 10%=-351.0, 25%=-346.0, 50%=-335.5, 75%=-318.0, 90%=-299.79998779296875, 95%=-294.75, 98%=-286.0
ranking_best_algo: CMApara
ranking_best_score: 344.22
ranking_my_rank: 77/504 (84.9%)
ranking_my_percent: 84.92063492063492
