ConfigName: kjsd__advperagentrankweighted__M4__L24__eps0p01__g0p0005__ds1__dm1
Problem: NK
Kernel: jsd
Advantage: peragentrankweighted
M: 4
lambda: 24
epsilon_svgd: 0.01
gamma: 0.0005
decay_start_ratio: 1.0
decay_min_factor: 1.0
bandwith_kernel: None
no_interact: False
avg_score: 0.7382733225822449
median_score: 0.7369333505630493
std_score: 0.013826300390064716
percentiles: 2%=0.7129430174827576, 5%=0.7211412191390991, 10%=0.7226226925849915, 25%=0.7279062271118164, 50%=0.7369333505630493, 75%=0.7465193867683411, 90%=0.7578060626983643, 95%=0.760558009147644, 98%=0.7706615328788757
ranking_best_algo: Tabu
ranking_best_score: 0.7601875690625
ranking_my_rank: 19/504 (96.4%)
ranking_my_percent: 96.42857142857143
