ConfigName: kjsd__advperagentrankweighted__M6__L12__eps0p005__g0p0005__ds0p05__dm0p05
Problem: QUBO
Kernel: jsd
Advantage: peragentrankweighted
M: 6
lambda: 12
epsilon_svgd: 0.005
gamma: 0.0005
decay_start_ratio: 0.05
decay_min_factor: 0.05
bandwith_kernel: None
no_interact: False
avg_score: -1284.43994140625
median_score: -1284.5
std_score: 53.839263916015625
percentiles: 2%=-1384.3599853515625, 5%=-1359.1500244140625, 10%=-1349.5, 25%=-1327.25, 50%=-1284.5, 75%=-1251.0, 90%=-1214.5999755859375, 95%=-1197.0, 98%=-1179.0
ranking_best_algo: BigLognormalDiscreteOnePlusOne
ranking_best_score: 1301.3600000000004
ranking_my_rank: 5/504 (99.2%)
ranking_my_percent: 99.2063492063492
