ConfigName: kjsd__advperagentrankweighted__M5__L10__eps0p02__g0p0003__ds0p05__dm0p05
Problem: QUBO
Kernel: jsd
Advantage: peragentrankweighted
M: 5
lambda: 10
epsilon_svgd: 0.02
gamma: 0.0003
decay_start_ratio: 0.05
decay_min_factor: 0.05
bandwith_kernel: None
no_interact: False
avg_score: -1217.8199462890625
median_score: -1207.0
std_score: 53.72920608520508
percentiles: 2%=-1340.0999755859375, 5%=-1321.199951171875, 10%=-1293.0, 25%=-1256.0, 50%=-1207.0, 75%=-1179.0, 90%=-1158.800048828125, 95%=-1148.949951171875, 98%=-1124.9599609375
ranking_best_algo: SVMMetaModelLogNormal
ranking_best_score: 1233.7999999999997
ranking_my_rank: 40/504 (92.3%)
ranking_my_percent: 92.26190476190476
