Problem: NK
Kernel: jsd
Advantage: peragentrankweighted
M: 10
lambda: 24
epsilon_svgd: 0.007
gamma: 0.0001
bandwith_kernel: None
no_interact: False
avg_score: 0.7468221783638
median_score: 0.7418402433395386
std_score: 0.02681666426360607
percentiles: 2%=0.7106539011001587, 5%=0.7137325406074524, 10%=0.7168744206428528, 25%=0.7261015772819519, 50%=0.7418402433395386, 75%=0.7601335048675537, 90%=0.778337299823761, 95%=0.8047558069229126, 98%=0.8118547797203064
ranking_best_algo: CMApara
ranking_best_score: 0.7459277895312499
ranking_my_rank: 1/505 (100.0%)
