ConfigName: kjsd__advperagentrankweighted__M3__L18__eps0p007__g0p0005__ds0p1__dm0p2
Problem: QUBO
Kernel: jsd
Advantage: peragentrankweighted
M: 3
lambda: 18
epsilon_svgd: 0.007
gamma: 0.0005
decay_start_ratio: 0.1
decay_min_factor: 0.2
bandwith_kernel: None
no_interact: False
avg_score: -2603.340087890625
median_score: -2602.0
std_score: 122.89542388916016
percentiles: 2%=-2834.4599609375, 5%=-2788.800048828125, 10%=-2758.5, 25%=-2706.0, 50%=-2602.0, 75%=-2498.25, 90%=-2442.800048828125, 95%=-2415.800048828125, 98%=-2385.9599609375
ranking_best_algo: SVM1MetaModelLogNormal
ranking_best_score: 2605.14
ranking_my_rank: 2/504 (99.8%)
ranking_my_percent: 99.8015873015873
