ConfigName: kjsd__advperagentrankweighted__M8__L12__eps0p008__g0p0005__ds0p3__dm0p05
Problem: QUBO
Kernel: jsd
Advantage: peragentrankweighted
M: 8
lambda: 12
epsilon_svgd: 0.008
gamma: 0.0005
decay_start_ratio: 0.3
decay_min_factor: 0.05
bandwith_kernel: None
no_interact: False
avg_score: -910.5
median_score: -906.0
std_score: 67.46947479248047
percentiles: 2%=-1046.1600341796875, 5%=-1034.25, 10%=-1011.0999755859375, 25%=-955.5, 50%=-906.0, 75%=-863.75, 90%=-825.9000244140625, 95%=-804.9500122070312, 98%=-798.47998046875
ranking_best_algo: CMAL3
ranking_best_score: 928.5800000000002
ranking_my_rank: 20/504 (96.2%)
ranking_my_percent: 96.23015873015873
