ConfigName: krbf__advnormalizedfitness__M4__L8__eps0p033__g0p015__ds0p01__dm0p3
Problem: QUBO
Kernel: rbf
Advantage: normalizedfitness
M: 4
lambda: 8
epsilon_svgd: 0.033
gamma: 0.015
decay_start_ratio: 0.01
decay_min_factor: 0.3
bandwith_kernel: None
no_interact: False
avg_score: -541.5399780273438
median_score: -538.0
std_score: 34.13778305053711
percentiles: 2%=-603.0599975585938, 5%=-595.25, 10%=-587.0, 25%=-569.0, 50%=-538.0, 75%=-517.0, 90%=-500.70001220703125, 95%=-488.8500061035156, 98%=-480.89996337890625
ranking_best_algo: Tabu
ranking_best_score: 588.7199999999999
ranking_my_rank: 164/503 (67.6%)
ranking_my_percent: 67.59443339960238
