ConfigName: kjsd__advperagentrankweighted__M4__L20__eps0p007__g0p0005__ds0p2__dm0p2
Problem: NK
Kernel: jsd
Advantage: peragentrankweighted
M: 4
lambda: 20
epsilon_svgd: 0.007
gamma: 0.0005
decay_start_ratio: 0.2
decay_min_factor: 0.2
bandwith_kernel: None
no_interact: False
avg_score: 0.7557599544525146
median_score: 0.7560762166976929
std_score: 0.01130610890686512
percentiles: 2%=0.7367156744003296, 5%=0.7377047538757324, 10%=0.740234375, 25%=0.7476786375045776, 50%=0.7560762166976929, 75%=0.7646080255508423, 90%=0.7704265117645264, 95%=0.7747118473052979, 98%=0.7764744162559509
ranking_best_algo: Tabu
ranking_best_score: 0.7470791764843752
ranking_my_rank: 1/504 (100.0%)
ranking_my_percent: 100.0
