ConfigName: kjsd__advperagentrankweighted__M5__L8__eps0p005__g0p0003__ds0p2__dm0p05
Problem: NK
Kernel: jsd
Advantage: peragentrankweighted
M: 5
lambda: 8
epsilon_svgd: 0.005
gamma: 0.0003
decay_start_ratio: 0.2
decay_min_factor: 0.05
bandwith_kernel: None
no_interact: False
avg_score: 0.7278385162353516
median_score: 0.7273370027542114
std_score: 0.009074155241250992
percentiles: 2%=0.7099019289016724, 5%=0.7145268321037292, 10%=0.7174257636070251, 25%=0.7220419645309448, 50%=0.7273370027542114, 75%=0.7331132888793945, 90%=0.7403666973114014, 95%=0.7438950538635254, 98%=0.7461044192314148
ranking_best_algo: Tabu
ranking_best_score: 0.7429702712499999
ranking_my_rank: 2/504 (99.8%)
ranking_my_percent: 99.8015873015873
