ConfigName: kjsd__advperagentrankweighted__M4__L8__eps0p03__g0p0007__ds0p2__dm0p05
Problem: NK
Kernel: jsd
Advantage: peragentrankweighted
M: 4
lambda: 8
epsilon_svgd: 0.03
gamma: 0.0007
decay_start_ratio: 0.2
decay_min_factor: 0.05
bandwith_kernel: None
no_interact: False
avg_score: 0.7364575266838074
median_score: 0.7340537309646606
std_score: 0.028422560542821884
percentiles: 2%=0.6934884786605835, 5%=0.7010170221328735, 10%=0.7057541608810425, 25%=0.7140721678733826, 50%=0.7340537309646606, 75%=0.7451040744781494, 90%=0.7753700613975525, 95%=0.8035686612129211, 98%=0.8045783638954163
ranking_best_algo: CMApara
ranking_best_score: 0.7459277895312499
ranking_my_rank: 88/504 (82.7%)
ranking_my_percent: 82.73809523809524
