ConfigName: krbf__advnormalizedfitness__M4__L12__eps0p033__g0p015__ds0p15__dm0p01
Problem: NK
Kernel: rbf
Advantage: normalizedfitness
M: 4
lambda: 12
epsilon_svgd: 0.033
gamma: 0.015
decay_start_ratio: 0.15
decay_min_factor: 0.01
bandwith_kernel: None
no_interact: False
avg_score: 0.7352033853530884
median_score: 0.7368972301483154
std_score: 0.008990583010017872
percentiles: 2%=0.7146122455596924, 5%=0.7171068787574768, 10%=0.7227391004562378, 25%=0.7295106649398804, 50%=0.7368972301483154, 75%=0.7420234680175781, 90%=0.7452676296234131, 95%=0.7465265393257141, 98%=0.7510419487953186
ranking_best_algo: PBIL
ranking_best_score: 0.730509098125
ranking_my_rank: 1/504 (100.0%)
ranking_my_percent: 100.0
