ConfigName: krbf__advnormalizedfitness__M3__L12__eps0p015__g0p007__ds0p3__dm0p3
Problem: QUBO
Kernel: rbf
Advantage: normalizedfitness
M: 3
lambda: 12
epsilon_svgd: 0.015
gamma: 0.007
decay_start_ratio: 0.3
decay_min_factor: 0.3
bandwith_kernel: None
no_interact: False
avg_score: -531.5999755859375
median_score: -535.5
std_score: 41.16794967651367
percentiles: 2%=-596.2999877929688, 5%=-592.0, 10%=-579.0999755859375, 25%=-561.25, 50%=-535.5, 75%=-501.75, 90%=-474.70001220703125, 95%=-461.7500305175781, 98%=-438.89996337890625
ranking_best_algo: Tabu
ranking_best_score: 588.7199999999999
ranking_my_rank: 192/503 (62.0%)
ranking_my_percent: 62.02783300198807
