ConfigName: kjsd__advperagentrankweighted__M5__L10__eps0p03__g0p0003__ds0p05__dm0p05
Problem: QUBO
Kernel: jsd
Advantage: peragentrankweighted
M: 5
lambda: 10
epsilon_svgd: 0.03
gamma: 0.0003
decay_start_ratio: 0.05
decay_min_factor: 0.05
bandwith_kernel: None
no_interact: False
avg_score: -3094.139892578125
median_score: -3085.5
std_score: 125.08277130126953
percentiles: 2%=-3382.139892578125, 5%=-3308.39990234375, 10%=-3262.0, 25%=-3174.0, 50%=-3085.5, 75%=-3007.0, 90%=-2946.89990234375, 95%=-2908.25, 98%=-2843.93994140625
ranking_best_algo: RLSOnePlusOne
ranking_best_score: 3316.5199999999995
ranking_my_rank: 84/504 (83.5%)
ranking_my_percent: 83.53174603174604
