ConfigName: kfr__advglobalrankweighted__M6__L7__eps0p01__g0p003__ds0p01__dm0p01
Problem: QUBO
Kernel: fr
Advantage: globalrankweighted
M: 6
lambda: 7
epsilon_svgd: 0.01
gamma: 0.003
decay_start_ratio: 0.01
decay_min_factor: 0.01
bandwith_kernel: None
no_interact: False
avg_score: -200.4199981689453
median_score: -199.5
std_score: 11.59239387512207
percentiles: 2%=-224.0, 5%=-222.0, 10%=-215.3000030517578, 25%=-207.0, 50%=-199.5, 75%=-191.75, 90%=-185.0, 95%=-183.95001220703125, 98%=-179.95999145507812
ranking_best_algo: Tabu
ranking_best_score: 208.36000000000004
ranking_my_rank: 46/504 (91.1%)
ranking_my_percent: 91.07142857142857
