ConfigName: krbf__advnormalizedfitness__M3__L10__eps0p025__g0p015__ds0p3__dm0p01
Problem: QUBO
Kernel: rbf
Advantage: normalizedfitness
M: 3
lambda: 10
epsilon_svgd: 0.025
gamma: 0.015
decay_start_ratio: 0.3
decay_min_factor: 0.01
bandwith_kernel: None
no_interact: False
avg_score: -311.32000732421875
median_score: -313.0
std_score: 36.783931732177734
percentiles: 2%=-388.1600036621094, 5%=-384.0, 10%=-355.1999816894531, 25%=-336.0, 50%=-313.0, 75%=-275.75, 90%=-266.8999938964844, 95%=-262.95001220703125, 98%=-259.94000244140625
ranking_best_algo: CMApara
ranking_best_score: 319.29999999999995
ranking_my_rank: 39/504 (92.5%)
ranking_my_percent: 92.46031746031746
