ConfigName: krbf__advnormalizedfitness__M3__L10__eps0p015__g0p015__ds0p01__dm0p01
Problem: QUBO
Kernel: rbf
Advantage: normalizedfitness
M: 3
lambda: 10
epsilon_svgd: 0.015
gamma: 0.015
decay_start_ratio: 0.01
decay_min_factor: 0.01
bandwith_kernel: None
no_interact: False
avg_score: -555.739990234375
median_score: -549.5
std_score: 35.39508819580078
percentiles: 2%=-625.1599731445312, 5%=-602.6500244140625, 10%=-599.2000122070312, 25%=-585.25, 50%=-549.5, 75%=-532.25, 90%=-511.79998779296875, 95%=-499.8500061035156, 98%=-490.89996337890625
ranking_best_algo: Tabu
ranking_best_score: 588.7199999999999
ranking_my_rank: 143/503 (71.8%)
ranking_my_percent: 71.76938369781313
