ConfigName: kjsd__advperagentrankweighted__M8__L24__eps0p005__g0p0005__ds0p05__dm0p05
Problem: QUBO
Kernel: jsd
Advantage: peragentrankweighted
M: 8
lambda: 24
epsilon_svgd: 0.005
gamma: 0.0005
decay_start_ratio: 0.05
decay_min_factor: 0.05
bandwith_kernel: None
no_interact: False
avg_score: -425.1600036621094
median_score: -425.0
std_score: 31.435876846313477
percentiles: 2%=-477.0799865722656, 5%=-470.1000061035156, 10%=-465.0, 25%=-451.0, 50%=-425.0, 75%=-402.25, 90%=-382.8999938964844, 95%=-377.8500061035156, 98%=-366.67999267578125
ranking_best_algo: CMApara
ranking_best_score: 453.82
ranking_my_rank: 123/504 (75.8%)
ranking_my_percent: 75.7936507936508
