ConfigName: kfr__advglobalrankweighted__M4__L24__eps0p01__g0p005__ds0p01__dm0p01
Problem: QUBO
Kernel: fr
Advantage: globalrankweighted
M: 4
lambda: 24
epsilon_svgd: 0.01
gamma: 0.005
decay_start_ratio: 0.01
decay_min_factor: 0.01
bandwith_kernel: None
no_interact: False
avg_score: -404.67999267578125
median_score: -408.0
std_score: 29.137907028198242
percentiles: 2%=-453.20001220703125, 5%=-449.04998779296875, 10%=-442.0, 25%=-426.25, 50%=-408.0, 75%=-382.0, 90%=-366.0, 95%=-358.0, 98%=-351.6400146484375
ranking_best_algo: Tabu
ranking_best_score: 438.12
ranking_my_rank: 174/504 (65.7%)
ranking_my_percent: 65.67460317460318
