ConfigName: kjsd__advperagentrankweighted__M3__L30__eps0p005__g0p001__ds0p05__dm0p2
Problem: QUBO
Kernel: jsd
Advantage: peragentrankweighted
M: 3
lambda: 30
epsilon_svgd: 0.005
gamma: 0.001
decay_start_ratio: 0.05
decay_min_factor: 0.2
bandwith_kernel: None
no_interact: False
avg_score: -1538.3800048828125
median_score: -1531.0
std_score: 75.91387176513672
percentiles: 2%=-1712.3599853515625, 5%=-1672.199951171875, 10%=-1631.300048828125, 25%=-1586.5, 50%=-1531.0, 75%=-1493.25, 90%=-1441.0, 95%=-1420.0999755859375, 98%=-1393.0
ranking_best_algo: NLOPT_LN_PRAXIS
ranking_best_score: 1607.12
ranking_my_rank: 57/504 (88.9%)
ranking_my_percent: 88.88888888888889
