ConfigName: kjsd__advperagentrankweighted__M3__L16__eps0p007__g0p0005__ds0p1__dm0p1
Problem: NK
Kernel: jsd
Advantage: peragentrankweighted
M: 3
lambda: 16
epsilon_svgd: 0.007
gamma: 0.0005
decay_start_ratio: 0.1
decay_min_factor: 0.1
bandwith_kernel: None
no_interact: False
avg_score: 0.7415897250175476
median_score: 0.7390608787536621
std_score: 0.029552364721894264
percentiles: 2%=0.6931532025337219, 5%=0.7014557123184204, 10%=0.7092746496200562, 25%=0.7214314937591553, 50%=0.7390608787536621, 75%=0.7580187320709229, 90%=0.7782467603683472, 95%=0.8063926100730896, 98%=0.8118547797203064
ranking_best_algo: CMApara
ranking_best_score: 0.7459277895312499
ranking_my_rank: 26/504 (95.0%)
ranking_my_percent: 95.03968253968254
