ConfigName: kfr__advglobalrankweighted__M5__L8__eps0p015__g0p003__ds0p01__dm0p01
Problem: QUBO
Kernel: fr
Advantage: globalrankweighted
M: 5
lambda: 8
epsilon_svgd: 0.015
gamma: 0.003
decay_start_ratio: 0.01
decay_min_factor: 0.01
bandwith_kernel: None
no_interact: False
avg_score: -416.20001220703125
median_score: -417.5
std_score: 26.12125587463379
percentiles: 2%=-469.1199951171875, 5%=-452.1000061035156, 10%=-450.0, 25%=-434.5, 50%=-417.5, 75%=-396.0, 90%=-383.79998779296875, 95%=-372.0, 98%=-365.7999572753906
ranking_best_algo: Tabu
ranking_best_score: 438.12
ranking_my_rank: 45/504 (91.3%)
ranking_my_percent: 91.26984126984127
