ConfigName: kjsd__advperagentrankweighted__M4__L12__eps0p01__g0p0007__ds0p2__dm0p05
Problem: QUBO
Kernel: jsd
Advantage: peragentrankweighted
M: 4
lambda: 12
epsilon_svgd: 0.01
gamma: 0.0007
decay_start_ratio: 0.2
decay_min_factor: 0.05
bandwith_kernel: None
no_interact: False
avg_score: -139.36000061035156
median_score: -141.0
std_score: 11.680342674255371
percentiles: 2%=-159.0, 5%=-158.0, 10%=-156.10000610351562, 25%=-146.25, 50%=-141.0, 75%=-130.75, 90%=-123.0, 95%=-119.94999694824219, 98%=-117.94000244140625
ranking_best_algo: DiscreteDE
ranking_best_score: 143.4
ranking_my_rank: 86/504 (83.1%)
ranking_my_percent: 83.13492063492063
