ConfigName: krbf__advglobalrankweighted__M4__L11__eps0p02__g0p007__ds0p01__dm0p01
Problem: QUBO
Kernel: rbf
Advantage: globalrankweighted
M: 4
lambda: 11
epsilon_svgd: 0.02
gamma: 0.007
decay_start_ratio: 0.01
decay_min_factor: 0.01
bandwith_kernel: None
no_interact: False
avg_score: -200.66000366210938
median_score: -201.5
std_score: 13.02783203125
percentiles: 2%=-224.0, 5%=-222.0, 10%=-217.10000610351562, 25%=-209.0, 50%=-201.5, 75%=-193.0, 90%=-181.89999389648438, 95%=-176.95001220703125, 98%=-176.0
ranking_best_algo: Tabu
ranking_best_score: 208.36000000000004
ranking_my_rank: 45/504 (91.3%)
ranking_my_percent: 91.26984126984127
