ConfigName: kjsd__advperagentrankweighted__M3__L20__eps0p01__g0p0005__ds0p1__dm0p1
Problem: QUBO
Kernel: jsd
Advantage: peragentrankweighted
M: 3
lambda: 20
epsilon_svgd: 0.01
gamma: 0.0005
decay_start_ratio: 0.1
decay_min_factor: 0.1
bandwith_kernel: None
no_interact: False
avg_score: -328.44000244140625
median_score: -334.5
std_score: 22.8457088470459
percentiles: 2%=-372.0, 5%=-357.20001220703125, 10%=-350.3999938964844, 25%=-342.0, 50%=-334.5, 75%=-315.5, 90%=-295.79998779296875, 95%=-285.79998779296875, 98%=-279.8800048828125
ranking_best_algo: CMApara
ranking_best_score: 344.22
ranking_my_rank: 84/504 (83.5%)
ranking_my_percent: 83.53174603174604
