ConfigName: krbf__advnormalizedfitness__M1__L8__eps0p033__g0p015__ds0p3__dm0p3
Problem: NK
Kernel: rbf
Advantage: normalizedfitness
M: 1
lambda: 8
epsilon_svgd: 0.033
gamma: 0.015
decay_start_ratio: 0.3
decay_min_factor: 0.3
bandwith_kernel: None
no_interact: False
avg_score: 0.7057262659072876
median_score: 0.7067679166793823
std_score: 0.01576170139014721
percentiles: 2%=0.6642106771469116, 5%=0.6717301607131958, 10%=0.6907426118850708, 25%=0.7004894614219666, 50%=0.7067679166793823, 75%=0.7134319543838501, 90%=0.7251030802726746, 95%=0.7311658263206482, 98%=0.7326008081436157
ranking_best_algo: CMApara
ranking_best_score: 0.707475975
ranking_my_rank: 6/504 (99.0%)
ranking_my_percent: 99.0079365079365
