ConfigName: kjsd__advperagentrankweighted__M5__L24__eps0p03__g0p0005__ds0p05__dm0p05
Problem: QUBO
Kernel: jsd
Advantage: peragentrankweighted
M: 5
lambda: 24
epsilon_svgd: 0.03
gamma: 0.0005
decay_start_ratio: 0.05
decay_min_factor: 0.05
bandwith_kernel: None
no_interact: False
avg_score: -3273.43994140625
median_score: -3271.5
std_score: 117.71748352050781
percentiles: 2%=-3521.6201171875, 5%=-3463.800048828125, 10%=-3431.5, 25%=-3345.25, 50%=-3271.5, 75%=-3198.75, 90%=-3129.39990234375, 95%=-3063.300048828125, 98%=-3032.679931640625
ranking_best_algo: RLSOnePlusOne
ranking_best_score: 3316.5199999999995
ranking_my_rank: 12/504 (97.8%)
ranking_my_percent: 97.81746031746032
