ConfigName: kjsd__advperagentrankweighted__M5__L24__eps0p03__g0p0003__ds0p2__dm0p05
Problem: QUBO
Kernel: jsd
Advantage: peragentrankweighted
M: 5
lambda: 24
epsilon_svgd: 0.03
gamma: 0.0003
decay_start_ratio: 0.2
decay_min_factor: 0.05
bandwith_kernel: None
no_interact: False
avg_score: -1297.739990234375
median_score: -1303.0
std_score: 47.77648162841797
percentiles: 2%=-1382.47998046875, 5%=-1365.0, 10%=-1355.0999755859375, 25%=-1330.25, 50%=-1303.0, 75%=-1264.5, 90%=-1226.199951171875, 95%=-1210.9000244140625, 98%=-1206.9000244140625
ranking_best_algo: BigLognormalDiscreteOnePlusOne
ranking_best_score: 1301.3600000000004
ranking_my_rank: 2/504 (99.8%)
ranking_my_percent: 99.8015873015873
