ConfigName: krbf__advnormalizedfitness__M3__L12__eps0p025__g0p007__ds0p01__dm0p01
Problem: QUBO
Kernel: rbf
Advantage: normalizedfitness
M: 3
lambda: 12
epsilon_svgd: 0.025
gamma: 0.007
decay_start_ratio: 0.01
decay_min_factor: 0.01
bandwith_kernel: None
no_interact: False
avg_score: -1209.8599853515625
median_score: -1207.0
std_score: 62.037410736083984
percentiles: 2%=-1338.3199462890625, 5%=-1311.3499755859375, 10%=-1297.300048828125, 25%=-1248.0, 50%=-1207.0, 75%=-1167.5, 90%=-1124.5999755859375, 95%=-1110.9000244140625, 98%=-1098.0
ranking_best_algo: SVMMetaModelLogNormal
ranking_best_score: 1233.7999999999997
ranking_my_rank: 46/504 (91.1%)
ranking_my_percent: 91.07142857142857
