ConfigName: krbf__advnormalizedfitness__M3__L24__eps0p03__g0p005__ds0p15__dm0p05
Problem: QUBO
Kernel: rbf
Advantage: normalizedfitness
M: 3
lambda: 24
epsilon_svgd: 0.03
gamma: 0.005
decay_start_ratio: 0.15
decay_min_factor: 0.05
bandwith_kernel: None
no_interact: False
avg_score: -1260.8199462890625
median_score: -1249.0
std_score: 69.27703857421875
percentiles: 2%=-1402.1800537109375, 5%=-1386.3499755859375, 10%=-1346.4000244140625, 25%=-1313.75, 50%=-1249.0, 75%=-1209.0, 90%=-1172.800048828125, 95%=-1162.0, 98%=-1126.8599853515625
ranking_best_algo: BigLognormalDiscreteOnePlusOne
ranking_best_score: 1301.3600000000004
ranking_my_rank: 53/504 (89.7%)
ranking_my_percent: 89.68253968253968
