ConfigName: kjsd__advperagentrankweighted__M4__L12__eps0p005__g0p0005__ds0p1__dm0p05
Problem: QUBO
Kernel: jsd
Advantage: peragentrankweighted
M: 4
lambda: 12
epsilon_svgd: 0.005
gamma: 0.0005
decay_start_ratio: 0.1
decay_min_factor: 0.05
bandwith_kernel: None
no_interact: False
avg_score: -3315.699951171875
median_score: -3312.0
std_score: 121.25638580322266
percentiles: 2%=-3569.300048828125, 5%=-3513.64990234375, 10%=-3496.10009765625, 25%=-3396.5, 50%=-3312.0, 75%=-3225.75, 90%=-3175.39990234375, 95%=-3138.800048828125, 98%=-3109.719970703125
ranking_best_algo: RLSOnePlusOne
ranking_best_score: 3316.5199999999995
ranking_my_rank: 2/504 (99.8%)
ranking_my_percent: 99.8015873015873
