ConfigName: kjsd__advperagentrankweighted__M4__L8__eps0p02__g0p0007__ds0p2__dm0p05
Problem: NK
Kernel: jsd
Advantage: peragentrankweighted
M: 4
lambda: 8
epsilon_svgd: 0.02
gamma: 0.0007
decay_start_ratio: 0.2
decay_min_factor: 0.05
bandwith_kernel: None
no_interact: False
avg_score: 0.7426744699478149
median_score: 0.7433254718780518
std_score: 0.012965775094926357
percentiles: 2%=0.7141720652580261, 5%=0.7191329002380371, 10%=0.7283212542533875, 25%=0.7342097759246826, 50%=0.7433254718780518, 75%=0.7500272989273071, 90%=0.7591598629951477, 95%=0.7631332278251648, 98%=0.7678062915802002
ranking_best_algo: Tabu
ranking_best_score: 0.7470791764843752
ranking_my_rank: 4/504 (99.4%)
ranking_my_percent: 99.4047619047619
