ConfigName: kjsd__advperagentrankweighted__M3__L18__eps0p005__g0p001__ds0p1__dm0p05
Problem: NK
Kernel: jsd
Advantage: peragentrankweighted
M: 3
lambda: 18
epsilon_svgd: 0.005
gamma: 0.001
decay_start_ratio: 0.1
decay_min_factor: 0.05
bandwith_kernel: None
no_interact: False
avg_score: 0.7544548511505127
median_score: 0.7561625242233276
std_score: 0.014737113378942013
percentiles: 2%=0.7216371893882751, 5%=0.7292325496673584, 10%=0.7338911294937134, 25%=0.7454630136489868, 50%=0.7561625242233276, 75%=0.7654390931129456, 90%=0.7707505226135254, 95%=0.7768803834915161, 98%=0.7796618938446045
ranking_best_algo: Tabu
ranking_best_score: 0.7657846284375001
ranking_my_rank: 7/504 (98.8%)
ranking_my_percent: 98.80952380952381
