ConfigName: kjsd__advperagentrankweighted__M3__L30__eps0p007__g0p0005__ds0p1__dm0p2
Problem: QUBO
Kernel: jsd
Advantage: peragentrankweighted
M: 3
lambda: 30
epsilon_svgd: 0.007
gamma: 0.0005
decay_start_ratio: 0.1
decay_min_factor: 0.2
bandwith_kernel: None
no_interact: False
avg_score: -931.8599853515625
median_score: -928.0
std_score: 66.2863540649414
percentiles: 2%=-1065.0999755859375, 5%=-1041.1500244140625, 10%=-1025.5999755859375, 25%=-969.0, 50%=-928.0, 75%=-881.5, 90%=-846.9000244140625, 95%=-834.7999877929688, 98%=-816.9199829101562
ranking_best_algo: CMApara
ranking_best_score: 964.9
ranking_my_rank: 19/504 (96.4%)
ranking_my_percent: 96.42857142857143
