ConfigName: kjsd__advperagentrankweighted__M6__L10__eps0p005__g0p0005__ds0p3__dm0p05
Problem: QUBO
Kernel: jsd
Advantage: peragentrankweighted
M: 6
lambda: 10
epsilon_svgd: 0.005
gamma: 0.0005
decay_start_ratio: 0.3
decay_min_factor: 0.05
bandwith_kernel: None
no_interact: False
avg_score: -1283.56005859375
median_score: -1278.5
std_score: 54.69905471801758
percentiles: 2%=-1390.3800048828125, 5%=-1367.4000244140625, 10%=-1348.5, 25%=-1325.25, 50%=-1278.5, 75%=-1243.75, 90%=-1212.5, 95%=-1197.949951171875, 98%=-1190.760009765625
ranking_best_algo: BigLognormalDiscreteOnePlusOne
ranking_best_score: 1301.3600000000004
ranking_my_rank: 5/504 (99.2%)
ranking_my_percent: 99.2063492063492
