ConfigName: krbf__advnormalizedfitness__M3__L8__eps0p033__g0p015__ds0p15__dm0p3
Problem: NK
Kernel: rbf
Advantage: normalizedfitness
M: 3
lambda: 8
epsilon_svgd: 0.033
gamma: 0.015
decay_start_ratio: 0.15
decay_min_factor: 0.3
bandwith_kernel: None
no_interact: False
avg_score: 0.7521629929542542
median_score: 0.7527421712875366
std_score: 0.013973983004689217
percentiles: 2%=0.7252166867256165, 5%=0.7283125519752502, 10%=0.7327364683151245, 25%=0.7412837743759155, 50%=0.7527421712875366, 75%=0.763924777507782, 90%=0.769909679889679, 95%=0.7735550999641418, 98%=0.7755163311958313
ranking_best_algo: Tabu
ranking_best_score: 0.7470791764843752
ranking_my_rank: 1/504 (100.0%)
ranking_my_percent: 100.0
