ConfigName: kjsd__advperagentrankweighted__M3__L20__eps0p01__g0p0005__ds0p2__dm0p1
Problem: NK
Kernel: jsd
Advantage: peragentrankweighted
M: 3
lambda: 20
epsilon_svgd: 0.01
gamma: 0.0005
decay_start_ratio: 0.2
decay_min_factor: 0.1
bandwith_kernel: None
no_interact: False
avg_score: 0.7344696521759033
median_score: 0.7341853976249695
std_score: 0.01409219577908516
percentiles: 2%=0.7086382508277893, 5%=0.710472583770752, 10%=0.7172943949699402, 25%=0.7264602184295654, 50%=0.7341853976249695, 75%=0.7432149648666382, 90%=0.7517598271369934, 95%=0.758614718914032, 98%=0.7644314169883728
ranking_best_algo: Tabu
ranking_best_score: 0.7601875690625
ranking_my_rank: 31/504 (94.0%)
ranking_my_percent: 94.04761904761905
