ConfigName: kjsd__advperagentrankweighted__M3__L18__eps0p007__g0p0007__ds0p1__dm0p2
Problem: NK
Kernel: jsd
Advantage: peragentrankweighted
M: 3
lambda: 18
epsilon_svgd: 0.007
gamma: 0.0007
decay_start_ratio: 0.1
decay_min_factor: 0.2
bandwith_kernel: None
no_interact: False
avg_score: 0.7070105075836182
median_score: 0.7086504697799683
std_score: 0.01177585031837225
percentiles: 2%=0.687481701374054, 5%=0.6893323659896851, 10%=0.6912635564804077, 25%=0.6964749097824097, 50%=0.7086504697799683, 75%=0.7170801162719727, 90%=0.7215073704719543, 95%=0.7229331135749817, 98%=0.7247828245162964
ranking_best_algo: PBIL
ranking_best_score: 0.7013553837109374
ranking_my_rank: 1/504 (100.0%)
ranking_my_percent: 100.0
