ConfigName: kfr__advglobalrankweighted__M3__L10__eps0p02__g0p003__ds0p01__dm0p01
Problem: QUBO
Kernel: fr
Advantage: globalrankweighted
M: 3
lambda: 10
epsilon_svgd: 0.02
gamma: 0.003
decay_start_ratio: 0.01
decay_min_factor: 0.01
bandwith_kernel: None
no_interact: False
avg_score: -197.5800018310547
median_score: -199.0
std_score: 13.725290298461914
percentiles: 2%=-224.0, 5%=-222.0, 10%=-215.39999389648438, 25%=-207.0, 50%=-199.0, 75%=-187.0, 90%=-180.89999389648438, 95%=-175.90000915527344, 98%=-171.95999145507812
ranking_best_algo: Tabu
ranking_best_score: 208.36000000000004
ranking_my_rank: 113/504 (77.8%)
ranking_my_percent: 77.77777777777777
