ConfigName: kjsd__advperagentrankweighted__M3__L20__eps0p005__g0p0005__ds0p05__dm0p05
Problem: NK
Kernel: jsd
Advantage: peragentrankweighted
M: 3
lambda: 20
epsilon_svgd: 0.005
gamma: 0.0005
decay_start_ratio: 0.05
decay_min_factor: 0.05
bandwith_kernel: None
no_interact: False
avg_score: 0.7552853226661682
median_score: 0.7539850473403931
std_score: 0.013518833555281162
percentiles: 2%=0.7308111190795898, 5%=0.7337123155593872, 10%=0.739463210105896, 25%=0.7456383109092712, 50%=0.7539850473403931, 75%=0.7652757167816162, 90%=0.7759842872619629, 95%=0.7775812745094299, 98%=0.7804316282272339
ranking_best_algo: Tabu
ranking_best_score: 0.7470791764843752
ranking_my_rank: 1/504 (100.0%)
ranking_my_percent: 100.0
