ConfigName: kjsd__advperagentrankweighted__M3__L16__eps0p005__g0p003__ds0p1__dm0p2
Problem: QUBO
Kernel: jsd
Advantage: peragentrankweighted
M: 3
lambda: 16
epsilon_svgd: 0.005
gamma: 0.003
decay_start_ratio: 0.1
decay_min_factor: 0.2
bandwith_kernel: None
no_interact: False
avg_score: -198.9199981689453
median_score: -199.0
std_score: 13.494946479797363
percentiles: 2%=-224.0, 5%=-221.0500030517578, 10%=-220.0, 25%=-207.25, 50%=-199.0, 75%=-191.0, 90%=-181.89999389648438, 95%=-176.0, 98%=-174.97999572753906
ranking_best_algo: Tabu
ranking_best_score: 208.36000000000004
ranking_my_rank: 89/504 (82.5%)
ranking_my_percent: 82.53968253968254
