ConfigName: krbf__advnormalizedfitness__M3__L8__eps0p033__g0p01__ds0p3__dm0p3
Problem: QUBO
Kernel: rbf
Advantage: normalizedfitness
M: 3
lambda: 8
epsilon_svgd: 0.033
gamma: 0.01
decay_start_ratio: 0.3
decay_min_factor: 0.3
bandwith_kernel: None
no_interact: False
avg_score: -410.5199890136719
median_score: -411.0
std_score: 28.770292282104492
percentiles: 2%=-469.0, 5%=-453.1000061035156, 10%=-447.0, 25%=-431.25, 50%=-411.0, 75%=-390.0, 90%=-372.0, 95%=-363.9000244140625, 98%=-355.8799743652344
ranking_best_algo: Tabu
ranking_best_score: 438.12
ranking_my_rank: 89/504 (82.5%)
ranking_my_percent: 82.53968253968254
