ConfigName: krbf__advnormalizedfitness__M4__L24__eps0p01__g0p0005__ds0p05__dm0p05
Problem: QUBO
Kernel: rbf
Advantage: normalizedfitness
M: 4
lambda: 24
epsilon_svgd: 0.01
gamma: 0.0005
decay_start_ratio: 0.05
decay_min_factor: 0.05
bandwith_kernel: None
no_interact: False
avg_score: -1260.699951171875
median_score: -1258.5
std_score: 62.3859748840332
percentiles: 2%=-1390.1600341796875, 5%=-1367.1500244140625, 10%=-1340.0999755859375, 25%=-1303.0, 50%=-1258.5, 75%=-1216.25, 90%=-1180.300048828125, 95%=-1159.0, 98%=-1148.9200439453125
ranking_best_algo: BigLognormalDiscreteOnePlusOne
ranking_best_score: 1301.3600000000004
ranking_my_rank: 53/504 (89.7%)
ranking_my_percent: 89.68253968253968
