ConfigName: kjsd__advperagentrankweighted__M3__L18__eps0p007__g0p001__ds0p05__dm0p1
Problem: QUBO
Kernel: jsd
Advantage: peragentrankweighted
M: 3
lambda: 18
epsilon_svgd: 0.007
gamma: 0.001
decay_start_ratio: 0.05
decay_min_factor: 0.1
bandwith_kernel: None
no_interact: False
avg_score: -440.6199951171875
median_score: -440.5
std_score: 25.335657119750977
percentiles: 2%=-490.0400085449219, 5%=-476.54998779296875, 10%=-472.0, 25%=-459.25, 50%=-440.5, 75%=-423.75, 90%=-404.6000061035156, 95%=-395.95001220703125, 98%=-392.8800048828125
ranking_best_algo: CMApara
ranking_best_score: 453.82
ranking_my_rank: 14/504 (97.4%)
ranking_my_percent: 97.42063492063492
