ConfigName: krbf__advnormalizedfitness__M4__L8__eps0p015__g0p007__ds0p01__dm0p01
Problem: QUBO
Kernel: rbf
Advantage: normalizedfitness
M: 4
lambda: 8
epsilon_svgd: 0.015
gamma: 0.007
decay_start_ratio: 0.01
decay_min_factor: 0.01
bandwith_kernel: None
no_interact: False
avg_score: -1145.0999755859375
median_score: -1140.0
std_score: 80.51093292236328
percentiles: 2%=-1317.3800048828125, 5%=-1279.0999755859375, 10%=-1253.4000244140625, 25%=-1199.5, 50%=-1140.0, 75%=-1086.25, 90%=-1050.9000244140625, 95%=-1018.3500366210938, 98%=-995.8599853515625
ranking_best_algo: SVMMetaModelLogNormal
ranking_best_score: 1233.7999999999997
ranking_my_rank: 95/504 (81.3%)
ranking_my_percent: 81.34920634920636
