ConfigName: krbf__advnormalizedfitness__M1__L8__eps0p015__g0p015__ds0p01__dm0p01
Problem: QUBO
Kernel: rbf
Advantage: normalizedfitness
M: 1
lambda: 8
epsilon_svgd: 0.015
gamma: 0.015
decay_start_ratio: 0.01
decay_min_factor: 0.01
bandwith_kernel: None
no_interact: False
avg_score: -2564.199951171875
median_score: -2549.5
std_score: 121.3215560913086
percentiles: 2%=-2813.02001953125, 5%=-2756.449951171875, 10%=-2728.800048828125, 25%=-2655.25, 50%=-2549.5, 75%=-2479.75, 90%=-2405.300048828125, 95%=-2363.85009765625, 98%=-2318.0
ranking_best_algo: SVM1MetaModelLogNormal
ranking_best_score: 2605.14
ranking_my_rank: 39/504 (92.5%)
ranking_my_percent: 92.46031746031746
