ConfigName: krbf__advnormalizedfitness__M4__L15__eps0p01__g0p002__ds0p05__dm0p05
Problem: QUBO
Kernel: rbf
Advantage: normalizedfitness
M: 4
lambda: 15
epsilon_svgd: 0.01
gamma: 0.002
decay_start_ratio: 0.05
decay_min_factor: 0.05
bandwith_kernel: None
no_interact: False
avg_score: -1156.4599609375
median_score: -1153.0
std_score: 73.30026245117188
percentiles: 2%=-1305.1400146484375, 5%=-1283.25, 10%=-1268.199951171875, 25%=-1209.25, 50%=-1153.0, 75%=-1100.25, 90%=-1072.800048828125, 95%=-1056.4000244140625, 98%=-1020.9199829101562
ranking_best_algo: SVMMetaModelLogNormal
ranking_best_score: 1233.7999999999997
ranking_my_rank: 88/504 (82.7%)
ranking_my_percent: 82.73809523809524
