ConfigName: kfr__advglobalrankweighted__M4__L13__eps0p01__g0p007__ds0p01__dm0p01
Problem: QUBO
Kernel: fr
Advantage: globalrankweighted
M: 4
lambda: 13
epsilon_svgd: 0.01
gamma: 0.007
decay_start_ratio: 0.01
decay_min_factor: 0.01
bandwith_kernel: None
no_interact: False
avg_score: -430.82000732421875
median_score: -430.0
std_score: 26.633953094482422
percentiles: 2%=-481.05999755859375, 5%=-471.0, 10%=-467.20001220703125, 25%=-449.0, 50%=-430.0, 75%=-409.75, 90%=-396.8999938964844, 95%=-389.95001220703125, 98%=-383.8999938964844
ranking_best_algo: CMApara
ranking_best_score: 453.82
ranking_my_rank: 86/504 (83.1%)
ranking_my_percent: 83.13492063492063
