ConfigName: kjsd__advperagentrankweighted__M4__L24__eps0p01__g0p0003__ds0p4__dm0p05
Problem: NK
Kernel: jsd
Advantage: peragentrankweighted
M: 4
lambda: 24
epsilon_svgd: 0.01
gamma: 0.0003
decay_start_ratio: 0.4
decay_min_factor: 0.05
bandwith_kernel: None
no_interact: False
avg_score: 0.7424323558807373
median_score: 0.7405045628547668
std_score: 0.02872239612042904
percentiles: 2%=0.6974785327911377, 5%=0.7056538462638855, 10%=0.7101471424102783, 25%=0.7218844890594482, 50%=0.7405045628547668, 75%=0.7576157450675964, 90%=0.7783373594284058, 95%=0.8044298887252808, 98%=0.8118547797203064
ranking_best_algo: CMApara
ranking_best_score: 0.7459277895312499
ranking_my_rank: 20/504 (96.2%)
ranking_my_percent: 96.23015873015873
