ConfigName: kjsd__advperagentrankweighted__M4__L8__eps0p03__g0p0007__ds0p05__dm0p05
Problem: QUBO
Kernel: jsd
Advantage: peragentrankweighted
M: 4
lambda: 8
epsilon_svgd: 0.03
gamma: 0.0007
decay_start_ratio: 0.05
decay_min_factor: 0.05
bandwith_kernel: None
no_interact: False
avg_score: -418.3999938964844
median_score: -415.0
std_score: 28.949609756469727
percentiles: 2%=-475.0400085449219, 5%=-471.0, 10%=-461.20001220703125, 25%=-439.5, 50%=-415.0, 75%=-398.5, 90%=-380.8999938964844, 95%=-374.0, 98%=-364.9200134277344
ranking_best_algo: CMAL3
ranking_best_score: 435.36
ranking_my_rank: 96/504 (81.2%)
ranking_my_percent: 81.15079365079364
