ConfigName: kjsd__advperagentrankweighted__M3__L24__eps0p007__g0p0005__ds0p1__dm0p2
Problem: QUBO
Kernel: jsd
Advantage: peragentrankweighted
M: 3
lambda: 24
epsilon_svgd: 0.007
gamma: 0.0005
decay_start_ratio: 0.1
decay_min_factor: 0.2
bandwith_kernel: None
no_interact: False
avg_score: -147.63999938964844
median_score: -146.0
std_score: 14.04387378692627
percentiles: 2%=-179.0, 5%=-179.0, 10%=-164.0, 25%=-155.0, 50%=-146.0, 75%=-140.0, 90%=-131.0, 95%=-126.9000015258789, 98%=-117.94000244140625
ranking_best_algo: CMApara
ranking_best_score: 154.28
ranking_my_rank: 94/504 (81.5%)
ranking_my_percent: 81.54761904761905
