ConfigName: kjsd__advperagentrankweighted__M4__L20__eps0p007__g0p0005__ds0p05__dm0p05
Problem: QUBO
Kernel: jsd
Advantage: peragentrankweighted
M: 4
lambda: 20
epsilon_svgd: 0.007
gamma: 0.0005
decay_start_ratio: 0.05
decay_min_factor: 0.05
bandwith_kernel: None
no_interact: False
avg_score: -2646.340087890625
median_score: -2650.0
std_score: 123.5619888305664
percentiles: 2%=-2895.820068359375, 5%=-2887.199951171875, 10%=-2786.5, 25%=-2715.5, 50%=-2650.0, 75%=-2562.25, 90%=-2472.5, 95%=-2445.60009765625, 98%=-2423.800048828125
ranking_best_algo: DiscreteLengler2OnePlusOne
ranking_best_score: 2617.04
ranking_my_rank: 1/504 (100.0%)
ranking_my_percent: 100.0
