ConfigName: krbf__advnormalizedfitness__M4__L12__eps0p015__g0p015__ds0p15__dm0p3
Problem: NK
Kernel: rbf
Advantage: normalizedfitness
M: 4
lambda: 12
epsilon_svgd: 0.015
gamma: 0.015
decay_start_ratio: 0.15
decay_min_factor: 0.3
bandwith_kernel: None
no_interact: False
avg_score: 0.6291121244430542
median_score: 0.6312985420227051
std_score: 0.011776947416365147
percentiles: 2%=0.6087350249290466, 5%=0.609101414680481, 10%=0.6117448210716248, 25%=0.6196352243423462, 50%=0.6312985420227051, 75%=0.6368936896324158, 90%=0.6443429589271545, 95%=0.6465055346488953, 98%=0.6504963636398315
ranking_best_algo: PBIL
ranking_best_score: 0.7013553837109374
ranking_my_rank: 305/504 (39.7%)
ranking_my_percent: 39.682539682539684
