ConfigName: krbf__advnormalizedfitness__M4__L10__eps0p033__g0p005__ds0p01__dm0p3
Problem: QUBO
Kernel: rbf
Advantage: normalizedfitness
M: 4
lambda: 10
epsilon_svgd: 0.033
gamma: 0.005
decay_start_ratio: 0.01
decay_min_factor: 0.3
bandwith_kernel: None
no_interact: False
avg_score: -414.32000732421875
median_score: -414.0
std_score: 23.67060661315918
percentiles: 2%=-467.0400085449219, 5%=-452.1000061035156, 10%=-445.1000061035156, 25%=-430.0, 50%=-414.0, 75%=-399.5, 90%=-385.79998779296875, 95%=-377.8000183105469, 98%=-364.0
ranking_best_algo: Tabu
ranking_best_score: 438.12
ranking_my_rank: 56/504 (89.1%)
ranking_my_percent: 89.08730158730158
