ConfigName: krbf__advnormalizedfitness__M4__L8__eps0p033__g0p007__ds0p3__dm0p3
Problem: QUBO
Kernel: rbf
Advantage: normalizedfitness
M: 4
lambda: 8
epsilon_svgd: 0.033
gamma: 0.007
decay_start_ratio: 0.3
decay_min_factor: 0.3
bandwith_kernel: None
no_interact: False
avg_score: -201.86000061035156
median_score: -202.0
std_score: 11.686761856079102
percentiles: 2%=-224.0, 5%=-222.0, 10%=-219.0, 25%=-210.25, 50%=-202.0, 75%=-193.0, 90%=-186.89999389648438, 95%=-183.95001220703125, 98%=-179.97999572753906
ranking_best_algo: Tabu
ranking_best_score: 208.36000000000004
ranking_my_rank: 38/504 (92.7%)
ranking_my_percent: 92.65873015873017
