ConfigName: kjsd__advperagentrankweighted__M4__L30__eps0p005__g0p0003__ds0p2__dm0p05
Problem: QUBO
Kernel: jsd
Advantage: peragentrankweighted
M: 4
lambda: 30
epsilon_svgd: 0.005
gamma: 0.0003
decay_start_ratio: 0.2
decay_min_factor: 0.05
bandwith_kernel: None
no_interact: False
avg_score: -412.7200012207031
median_score: -415.0
std_score: 26.6075496673584
percentiles: 2%=-459.239990234375, 5%=-455.0, 10%=-450.1000061035156, 25%=-430.0, 50%=-415.0, 75%=-399.5, 90%=-374.0, 95%=-369.5, 98%=-359.9599914550781
ranking_best_algo: Tabu
ranking_best_score: 438.12
ranking_my_rank: 65/504 (87.3%)
ranking_my_percent: 87.3015873015873
