ConfigName: kfr__advglobalrankweighted__M1__L10__eps0p015__g0p007__ds0p01__dm0p01
Problem: QUBO
Kernel: fr
Advantage: globalrankweighted
M: 1
lambda: 10
epsilon_svgd: 0.015
gamma: 0.007
decay_start_ratio: 0.01
decay_min_factor: 0.01
bandwith_kernel: None
no_interact: False
avg_score: -877.739990234375
median_score: -871.5
std_score: 73.02459716796875
percentiles: 2%=-1025.1800537109375, 5%=-1012.0499877929688, 10%=-978.4000244140625, 25%=-933.25, 50%=-871.5, 75%=-822.75, 90%=-794.1000366210938, 95%=-774.75, 98%=-759.8199462890625
ranking_best_algo: CMAL3
ranking_best_score: 928.5800000000002
ranking_my_rank: 129/504 (74.6%)
ranking_my_percent: 74.60317460317461
