ConfigName: krbf__advnormalizedfitness__M4__L8__eps0p033__g0p005__ds0p3__dm0p01
Problem: NK
Kernel: rbf
Advantage: normalizedfitness
M: 4
lambda: 8
epsilon_svgd: 0.033
gamma: 0.005
decay_start_ratio: 0.3
decay_min_factor: 0.01
bandwith_kernel: None
no_interact: False
avg_score: 0.7102672457695007
median_score: 0.7112171649932861
std_score: 0.015347585082054138
percentiles: 2%=0.6720771789550781, 5%=0.6733324527740479, 10%=0.6933543682098389, 25%=0.7068459391593933, 50%=0.7112171649932861, 75%=0.7186171412467957, 90%=0.725464403629303, 95%=0.7324942946434021, 98%=0.7331433892250061
ranking_best_algo: CMApara
ranking_best_score: 0.707475975
ranking_my_rank: 1/504 (100.0%)
ranking_my_percent: 100.0
