ConfigName: kjsd__advperagentrankweighted__M4__L20__eps0p007__g0p0005__ds0p2__dm0p2
Problem: NK
Kernel: jsd
Advantage: peragentrankweighted
M: 4
lambda: 20
epsilon_svgd: 0.007
gamma: 0.0005
decay_start_ratio: 0.2
decay_min_factor: 0.2
bandwith_kernel: None
no_interact: False
avg_score: 0.7354801297187805
median_score: 0.7378442287445068
std_score: 0.008749467320740223
percentiles: 2%=0.7147555947303772, 5%=0.7190614342689514, 10%=0.7227592468261719, 25%=0.7311276197433472, 50%=0.7378442287445068, 75%=0.7423495054244995, 90%=0.7447267174720764, 95%=0.7465256452560425, 98%=0.747566819190979
ranking_best_algo: PBIL
ranking_best_score: 0.7248786399609374
ranking_my_rank: 1/504 (100.0%)
ranking_my_percent: 100.0
