ConfigName: kjsd__advperagentrankweighted__M10__L28__eps0p008__g0p0005__ds0p05__dm0p05
Problem: NK
Kernel: jsd
Advantage: peragentrankweighted
M: 10
lambda: 28
epsilon_svgd: 0.008
gamma: 0.0005
decay_start_ratio: 0.05
decay_min_factor: 0.05
bandwith_kernel: None
no_interact: False
avg_score: 0.6621813178062439
median_score: 0.6636949777603149
std_score: 0.011386943981051445
percentiles: 2%=0.6347823143005371, 5%=0.6448138952255249, 10%=0.649304986000061, 25%=0.6548207998275757, 50%=0.6636949777603149, 75%=0.6688535213470459, 90%=0.6766975522041321, 95%=0.680448055267334, 98%=0.6839351654052734
ranking_best_algo: PBIL
ranking_best_score: 0.733570253046875
ranking_my_rank: 271/504 (46.4%)
ranking_my_percent: 46.42857142857143
