ConfigName: kjsd__advperagentrankweighted__M3__L20__eps0p005__g0p0007__ds0p2__dm0p2
Problem: QUBO
Kernel: jsd
Advantage: peragentrankweighted
M: 3
lambda: 20
epsilon_svgd: 0.005
gamma: 0.0007
decay_start_ratio: 0.2
decay_min_factor: 0.2
bandwith_kernel: None
no_interact: False
avg_score: -1297.8599853515625
median_score: -1303.0
std_score: 63.777427673339844
percentiles: 2%=-1427.02001953125, 5%=-1407.1500244140625, 10%=-1379.300048828125, 25%=-1344.0, 50%=-1303.0, 75%=-1251.0, 90%=-1224.0, 95%=-1196.5, 98%=-1178.8800048828125
ranking_best_algo: BigLognormalDiscreteOnePlusOne
ranking_best_score: 1301.3600000000004
ranking_my_rank: 2/504 (99.8%)
ranking_my_percent: 99.8015873015873
