ConfigName: kjsd__advperagentrankweighted__M4__L24__eps0p02__g0p0005__ds0p2__dm0p05
Problem: QUBO
Kernel: jsd
Advantage: peragentrankweighted
M: 4
lambda: 24
epsilon_svgd: 0.02
gamma: 0.0005
decay_start_ratio: 0.2
decay_min_factor: 0.05
bandwith_kernel: None
no_interact: False
avg_score: -933.3599853515625
median_score: -928.0
std_score: 69.45999145507812
percentiles: 2%=-1074.0400390625, 5%=-1057.3499755859375, 10%=-1034.699951171875, 25%=-981.0, 50%=-928.0, 75%=-885.5, 90%=-844.5999755859375, 95%=-822.9000244140625, 98%=-817.8200073242188
ranking_best_algo: CMApara
ranking_best_score: 964.9
ranking_my_rank: 19/504 (96.4%)
ranking_my_percent: 96.42857142857143
