ConfigName: kjsd__advperagentrankweighted__M3__L16__eps0p01__g0p0005__ds0p2__dm0p05
Problem: NK
Kernel: jsd
Advantage: peragentrankweighted
M: 3
lambda: 16
epsilon_svgd: 0.01
gamma: 0.0005
decay_start_ratio: 0.2
decay_min_factor: 0.05
bandwith_kernel: None
no_interact: False
avg_score: 0.7426286935806274
median_score: 0.7431789636611938
std_score: 0.008952814154326916
percentiles: 2%=0.7283027768135071, 5%=0.7299728989601135, 10%=0.7314336895942688, 25%=0.7358627319335938, 50%=0.7431789636611938, 75%=0.748436689376831, 90%=0.7540189027786255, 95%=0.7586895823478699, 98%=0.7601290345191956
ranking_best_algo: PBIL
ranking_best_score: 0.733570253046875
ranking_my_rank: 1/504 (100.0%)
ranking_my_percent: 100.0
