ConfigName: kjsd__advperagentrankweighted__M3__L16__eps0p01__g0p0007__ds0p1__dm0p2
Problem: QUBO
Kernel: jsd
Advantage: peragentrankweighted
M: 3
lambda: 16
epsilon_svgd: 0.01
gamma: 0.0007
decay_start_ratio: 0.1
decay_min_factor: 0.2
bandwith_kernel: None
no_interact: False
avg_score: -1629.4000244140625
median_score: -1619.0
std_score: 60.487850189208984
percentiles: 2%=-1750.800048828125, 5%=-1726.25, 10%=-1712.300048828125, 25%=-1661.5, 50%=-1619.0, 75%=-1594.5, 90%=-1560.5999755859375, 95%=-1533.0, 98%=-1527.739990234375
ranking_best_algo: NLOPT_LN_PRAXIS
ranking_best_score: 1607.12
ranking_my_rank: 1/504 (100.0%)
ranking_my_percent: 100.0
