ConfigName: kjsd__advperagentrankweighted__M5__L10__eps0p005__g0p003__ds0p05__dm0p05
Problem: NK
Kernel: jsd
Advantage: peragentrankweighted
M: 5
lambda: 10
epsilon_svgd: 0.005
gamma: 0.003
decay_start_ratio: 0.05
decay_min_factor: 0.05
bandwith_kernel: None
no_interact: False
avg_score: 0.632122814655304
median_score: 0.6294910907745361
std_score: 0.01711908169090748
percentiles: 2%=0.6056298017501831, 5%=0.6088348031044006, 10%=0.6114308834075928, 25%=0.6193594336509705, 50%=0.6294910907745361, 75%=0.6406331658363342, 90%=0.657145082950592, 95%=0.6665558815002441, 98%=0.6729902029037476
ranking_best_algo: Tabu
ranking_best_score: 0.7429702712499999
ranking_my_rank: 364/504 (28.0%)
ranking_my_percent: 27.976190476190474
