ConfigName: kjsd__advperagentrankweighted__M3__L16__eps0p01__g0p001__ds0p05__dm0p2
Problem: NK
Kernel: jsd
Advantage: peragentrankweighted
M: 3
lambda: 16
epsilon_svgd: 0.01
gamma: 0.001
decay_start_ratio: 0.05
decay_min_factor: 0.2
bandwith_kernel: None
no_interact: False
avg_score: 0.7425165772438049
median_score: 0.7410492897033691
std_score: 0.013151607476174831
percentiles: 2%=0.7165437340736389, 5%=0.7217628359794617, 10%=0.7269659042358398, 25%=0.7341051697731018, 50%=0.7410492897033691, 75%=0.7514053583145142, 90%=0.7614300847053528, 95%=0.7634633779525757, 98%=0.7651249170303345
ranking_best_algo: Tabu
ranking_best_score: 0.7601875690625
ranking_my_rank: 11/504 (98.0%)
ranking_my_percent: 98.01587301587301
