ConfigName: krbf__advnormalizedfitness__M3__L8__eps0p015__g0p007__ds0p15__dm0p3
Problem: QUBO
Kernel: rbf
Advantage: normalizedfitness
M: 3
lambda: 8
epsilon_svgd: 0.015
gamma: 0.007
decay_start_ratio: 0.15
decay_min_factor: 0.3
bandwith_kernel: None
no_interact: False
avg_score: -307.94000244140625
median_score: -310.0
std_score: 38.18319320678711
percentiles: 2%=-390.0400085449219, 5%=-384.0, 10%=-357.3999938964844, 25%=-330.0, 50%=-310.0, 75%=-275.75, 90%=-265.8999938964844, 95%=-259.9000244140625, 98%=-251.8399658203125
ranking_best_algo: CMApara
ranking_best_score: 319.29999999999995
ranking_my_rank: 91/504 (82.1%)
ranking_my_percent: 82.14285714285714
