ConfigName: kjsd__advperagentrankweighted__M3__L18__eps0p007__g0p0005__ds0p2__dm0p05
Problem: NK
Kernel: jsd
Advantage: peragentrankweighted
M: 3
lambda: 18
epsilon_svgd: 0.007
gamma: 0.0005
decay_start_ratio: 0.2
decay_min_factor: 0.05
bandwith_kernel: None
no_interact: False
avg_score: 0.7545688152313232
median_score: 0.7533450126647949
std_score: 0.010073595680296421
percentiles: 2%=0.7380611896514893, 5%=0.7389597296714783, 10%=0.7418913841247559, 25%=0.7470176219940186, 50%=0.7533450126647949, 75%=0.7613378167152405, 90%=0.7696607112884521, 95%=0.7718536853790283, 98%=0.7754906415939331
ranking_best_algo: Tabu
ranking_best_score: 0.7470791764843752
ranking_my_rank: 1/504 (100.0%)
ranking_my_percent: 100.0
