ConfigName: krbf__advnormalizedfitness__M2__L9__eps0p02__g0p007__ds0p01__dm0p01
Problem: QUBO
Kernel: rbf
Advantage: normalizedfitness
M: 2
lambda: 9
epsilon_svgd: 0.02
gamma: 0.007
decay_start_ratio: 0.01
decay_min_factor: 0.01
bandwith_kernel: None
no_interact: False
avg_score: -435.9599914550781
median_score: -436.0
std_score: 26.32030487060547
percentiles: 2%=-483.260009765625, 5%=-472.1000061035156, 10%=-467.0, 25%=-455.75, 50%=-436.0, 75%=-414.75, 90%=-403.0, 95%=-389.95001220703125, 98%=-383.9800109863281
ranking_best_algo: CMApara
ranking_best_score: 453.82
ranking_my_rank: 30/504 (94.2%)
ranking_my_percent: 94.24603174603175
