ConfigName: krbf__advnormalizedfitness__M3__L10__eps0p033__g0p005__ds0p01__dm0p01
Problem: QUBO
Kernel: rbf
Advantage: normalizedfitness
M: 3
lambda: 10
epsilon_svgd: 0.033
gamma: 0.005
decay_start_ratio: 0.01
decay_min_factor: 0.01
bandwith_kernel: None
no_interact: False
avg_score: -1597.280029296875
median_score: -1604.0
std_score: 69.19957733154297
percentiles: 2%=-1736.3399658203125, 5%=-1711.550048828125, 10%=-1684.699951171875, 25%=-1636.75, 50%=-1604.0, 75%=-1555.0, 90%=-1508.5999755859375, 95%=-1473.800048828125, 98%=-1445.0
ranking_best_algo: NLOPT_LN_PRAXIS
ranking_best_score: 1607.12
ranking_my_rank: 13/504 (97.6%)
ranking_my_percent: 97.61904761904762
