ConfigName: krbf__advnormalizedfitness__M4__L10__eps0p025__g0p007__ds0p3__dm0p01
Problem: NK
Kernel: rbf
Advantage: normalizedfitness
M: 4
lambda: 10
epsilon_svgd: 0.025
gamma: 0.007
decay_start_ratio: 0.3
decay_min_factor: 0.01
bandwith_kernel: None
no_interact: False
avg_score: 0.7108348608016968
median_score: 0.7113040089607239
std_score: 0.015246400609612465
percentiles: 2%=0.6714450120925903, 5%=0.6739052534103394, 10%=0.6969490647315979, 25%=0.7079357504844666, 50%=0.7113040089607239, 75%=0.7204093933105469, 90%=0.7255942821502686, 95%=0.7327651381492615, 98%=0.7331066131591797
ranking_best_algo: CMApara
ranking_best_score: 0.707475975
ranking_my_rank: 1/504 (100.0%)
ranking_my_percent: 100.0
