ConfigName: kjsd__advperagentrankweighted__M4__L10__eps0p03__g0p0003__ds0p2__dm0p05
Problem: QUBO
Kernel: jsd
Advantage: peragentrankweighted
M: 4
lambda: 10
epsilon_svgd: 0.03
gamma: 0.0003
decay_start_ratio: 0.2
decay_min_factor: 0.05
bandwith_kernel: None
no_interact: False
avg_score: -2470.60009765625
median_score: -2455.5
std_score: 129.72232055664062
percentiles: 2%=-2752.860107421875, 5%=-2686.14990234375, 10%=-2657.39990234375, 25%=-2553.5, 50%=-2455.5, 75%=-2376.25, 90%=-2305.800048828125, 95%=-2287.449951171875, 98%=-2250.340087890625
ranking_best_algo: DiscreteLengler2OnePlusOne
ranking_best_score: 2617.04
ranking_my_rank: 84/504 (83.5%)
ranking_my_percent: 83.53174603174604
