ConfigName: kjsd__advperagentrankweighted__M3__L18__eps0p005__g0p0005__ds0p1__dm0p2
Problem: NK
Kernel: jsd
Advantage: peragentrankweighted
M: 3
lambda: 18
epsilon_svgd: 0.005
gamma: 0.0005
decay_start_ratio: 0.1
decay_min_factor: 0.2
bandwith_kernel: None
no_interact: False
avg_score: 0.7099502086639404
median_score: 0.711274266242981
std_score: 0.015185849741101265
percentiles: 2%=0.6712709665298462, 5%=0.6730297803878784, 10%=0.6967674493789673, 25%=0.7070712447166443, 50%=0.711274266242981, 75%=0.7179883718490601, 90%=0.7252494692802429, 95%=0.7319814562797546, 98%=0.732850193977356
ranking_best_algo: CMApara
ranking_best_score: 0.707475975
ranking_my_rank: 1/504 (100.0%)
ranking_my_percent: 100.0
