ConfigName: kjsd__advperagentrankweighted__M3__L18__eps0p007__g0p001__ds0p2__dm0p05
Problem: NK
Kernel: jsd
Advantage: peragentrankweighted
M: 3
lambda: 18
epsilon_svgd: 0.007
gamma: 0.001
decay_start_ratio: 0.2
decay_min_factor: 0.05
bandwith_kernel: None
no_interact: False
avg_score: 0.7101410031318665
median_score: 0.7109535932540894
std_score: 0.015491174533963203
percentiles: 2%=0.6715447306632996, 5%=0.673213005065918, 10%=0.6958354711532593, 25%=0.7070823907852173, 50%=0.7109535932540894, 75%=0.7189538478851318, 90%=0.7255571484565735, 95%=0.732456624507904, 98%=0.7332581877708435
ranking_best_algo: CMApara
ranking_best_score: 0.707475975
ranking_my_rank: 1/504 (100.0%)
ranking_my_percent: 100.0
