ConfigName: krbf__advnormalizedfitness__M3__L15__eps0p025__g0p007__ds0p15__dm0p3
Problem: QUBO
Kernel: rbf
Advantage: normalizedfitness
M: 3
lambda: 15
epsilon_svgd: 0.025
gamma: 0.007
decay_start_ratio: 0.15
decay_min_factor: 0.3
bandwith_kernel: None
no_interact: False
avg_score: -311.32000732421875
median_score: -317.0
std_score: 37.804996490478516
percentiles: 2%=-396.0400085449219, 5%=-390.1000061035156, 10%=-360.6000061035156, 25%=-330.5, 50%=-317.0, 75%=-275.75, 90%=-268.0, 95%=-264.0, 98%=-259.91998291015625
ranking_best_algo: CMApara
ranking_best_score: 319.29999999999995
ranking_my_rank: 39/504 (92.5%)
ranking_my_percent: 92.46031746031746
