ConfigName: kjsd__advperagentrankweighted__M3__L16__eps0p01__g0p003__ds0p1__dm0p1
Problem: NK
Kernel: jsd
Advantage: peragentrankweighted
M: 3
lambda: 16
epsilon_svgd: 0.01
gamma: 0.003
decay_start_ratio: 0.1
decay_min_factor: 0.1
bandwith_kernel: None
no_interact: False
avg_score: 0.7448589205741882
median_score: 0.7441084384918213
std_score: 0.010490084998309612
percentiles: 2%=0.7258180975914001, 5%=0.7288711667060852, 10%=0.7319478988647461, 25%=0.7369046807289124, 50%=0.7441084384918213, 75%=0.7513830661773682, 90%=0.7588940262794495, 95%=0.7615995407104492, 98%=0.7650425434112549
ranking_best_algo: PBIL
ranking_best_score: 0.733570253046875
ranking_my_rank: 1/504 (100.0%)
ranking_my_percent: 100.0
