ConfigName: kjsd__advperagentrankweighted__M5__L12__eps0p03__g0p0005__ds0p2__dm0p05
Problem: QUBO
Kernel: jsd
Advantage: peragentrankweighted
M: 5
lambda: 12
epsilon_svgd: 0.03
gamma: 0.0005
decay_start_ratio: 0.2
decay_min_factor: 0.05
bandwith_kernel: None
no_interact: False
avg_score: -906.219970703125
median_score: -899.0
std_score: 56.92355728149414
percentiles: 2%=-1010.1199951171875, 5%=-999.0499877929688, 10%=-987.2000122070312, 25%=-946.75, 50%=-899.0, 75%=-863.75, 90%=-836.5, 95%=-814.9000244140625, 98%=-808.8800048828125
ranking_best_algo: CMAL3
ranking_best_score: 928.5800000000002
ranking_my_rank: 61/504 (88.1%)
ranking_my_percent: 88.0952380952381
