ConfigName: kjsd__advperagentrankweighted__M6__L10__eps0p02__g0p0007__ds0p2__dm0p05
Problem: QUBO
Kernel: jsd
Advantage: peragentrankweighted
M: 6
lambda: 10
epsilon_svgd: 0.02
gamma: 0.0007
decay_start_ratio: 0.2
decay_min_factor: 0.05
bandwith_kernel: None
no_interact: False
avg_score: -417.5400085449219
median_score: -418.0
std_score: 26.05740737915039
percentiles: 2%=-469.0, 5%=-463.0, 10%=-452.1000061035156, 25%=-434.25, 50%=-418.0, 75%=-399.5, 90%=-383.79998779296875, 95%=-375.8999938964844, 98%=-365.8399963378906
ranking_best_algo: Tabu
ranking_best_score: 438.12
ranking_my_rank: 40/504 (92.3%)
ranking_my_percent: 92.26190476190476
