ConfigName: krbf__advnormalizedfitness__M4__L15__eps0p015__g0p005__ds0p01__dm0p3
Problem: QUBO
Kernel: rbf
Advantage: normalizedfitness
M: 4
lambda: 15
epsilon_svgd: 0.015
gamma: 0.005
decay_start_ratio: 0.01
decay_min_factor: 0.3
bandwith_kernel: None
no_interact: False
avg_score: -858.52001953125
median_score: -854.0
std_score: 75.28738403320312
percentiles: 2%=-1034.199951171875, 5%=-981.25, 10%=-963.0, 25%=-908.0, 50%=-854.0, 75%=-806.5, 90%=-761.7000122070312, 95%=-734.9000244140625, 98%=-724.8800048828125
ranking_best_algo: SVMMetaModelLogNormal
ranking_best_score: 1233.7999999999997
ranking_my_rank: 322/504 (36.3%)
ranking_my_percent: 36.30952380952381
