ConfigName: kjsd__advperagentrankweighted__M5__L8__eps0p02__g0p0005__ds0p2__dm0p05
Problem: QUBO
Kernel: jsd
Advantage: peragentrankweighted
M: 5
lambda: 8
epsilon_svgd: 0.02
gamma: 0.0005
decay_start_ratio: 0.2
decay_min_factor: 0.05
bandwith_kernel: None
no_interact: False
avg_score: -2614.6201171875
median_score: -2607.0
std_score: 117.82740020751953
percentiles: 2%=-2895.159912109375, 5%=-2816.60009765625, 10%=-2765.39990234375, 25%=-2693.5, 50%=-2607.0, 75%=-2547.5, 90%=-2459.5, 95%=-2426.85009765625, 98%=-2389.780029296875
ranking_best_algo: DiscreteLengler2OnePlusOne
ranking_best_score: 2617.04
ranking_my_rank: 2/504 (99.8%)
ranking_my_percent: 99.8015873015873
