ConfigName: kfr__advglobalrankweighted__M5__L8__eps0p02__g0p007__ds0p01__dm0p01
Problem: QUBO
Kernel: fr
Advantage: globalrankweighted
M: 5
lambda: 8
epsilon_svgd: 0.02
gamma: 0.007
decay_start_ratio: 0.01
decay_min_factor: 0.01
bandwith_kernel: None
no_interact: False
avg_score: -200.67999267578125
median_score: -201.0
std_score: 11.948957443237305
percentiles: 2%=-224.0, 5%=-222.10000610351562, 10%=-217.0, 25%=-210.25, 50%=-201.0, 75%=-191.75, 90%=-185.89999389648438, 95%=-181.0, 98%=-179.91998291015625
ranking_best_algo: Tabu
ranking_best_score: 208.36000000000004
ranking_my_rank: 45/504 (91.3%)
ranking_my_percent: 91.26984126984127
