ConfigName: kfr__advglobalrankweighted__M3__L10__eps0p01__g0p005__ds0p01__dm0p01
Problem: QUBO
Kernel: fr
Advantage: globalrankweighted
M: 3
lambda: 10
epsilon_svgd: 0.01
gamma: 0.005
decay_start_ratio: 0.01
decay_min_factor: 0.01
bandwith_kernel: None
no_interact: False
avg_score: -413.9800109863281
median_score: -410.0
std_score: 28.827064514160156
percentiles: 2%=-473.0, 5%=-457.1000061035156, 10%=-453.1000061035156, 25%=-434.0, 50%=-410.0, 75%=-394.0, 90%=-381.79998779296875, 95%=-369.8000183105469, 98%=-353.9599914550781
ranking_best_algo: Tabu
ranking_best_score: 438.12
ranking_my_rank: 57/504 (88.9%)
ranking_my_percent: 88.88888888888889
