ConfigName: kjsd__advperagentrankweighted__M5__L8__eps0p01__g0p0005__ds0p05__dm0p2
Problem: NK
Kernel: jsd
Advantage: peragentrankweighted
M: 5
lambda: 8
epsilon_svgd: 0.01
gamma: 0.0005
decay_start_ratio: 0.05
decay_min_factor: 0.2
bandwith_kernel: None
no_interact: False
avg_score: 0.7389665842056274
median_score: 0.7384557723999023
std_score: 0.009065420366823673
percentiles: 2%=0.7231823205947876, 5%=0.7244958281517029, 10%=0.7257245779037476, 25%=0.7327384948730469, 50%=0.7384557723999023, 75%=0.7451437711715698, 90%=0.7501624822616577, 95%=0.7531054615974426, 98%=0.7576000094413757
ranking_best_algo: PBIL
ranking_best_score: 0.733570253046875
ranking_my_rank: 1/504 (100.0%)
ranking_my_percent: 100.0
