ConfigName: kjsd__advperagentrankweighted__M3__L18__eps0p005__g0p0007__ds0p1__dm0p1
Problem: NK
Kernel: jsd
Advantage: peragentrankweighted
M: 3
lambda: 18
epsilon_svgd: 0.005
gamma: 0.0007
decay_start_ratio: 0.1
decay_min_factor: 0.1
bandwith_kernel: None
no_interact: False
avg_score: 0.7077080011367798
median_score: 0.7096002101898193
std_score: 0.011658634059131145
percentiles: 2%=0.6894530057907104, 5%=0.690568208694458, 10%=0.6929797530174255, 25%=0.6961400508880615, 50%=0.7096002101898193, 75%=0.718441367149353, 90%=0.7213121056556702, 95%=0.7238315343856812, 98%=0.7245056629180908
ranking_best_algo: PBIL
ranking_best_score: 0.7013553837109374
ranking_my_rank: 1/504 (100.0%)
ranking_my_percent: 100.0
