ConfigName: krbf__advnormalizedfitness__M3__L10__eps0p015__g0p01__ds0p15__dm0p3
Problem: QUBO
Kernel: rbf
Advantage: normalizedfitness
M: 3
lambda: 10
epsilon_svgd: 0.015
gamma: 0.01
decay_start_ratio: 0.15
decay_min_factor: 0.3
bandwith_kernel: None
no_interact: False
avg_score: -410.260009765625
median_score: -410.0
std_score: 24.07929229736328
percentiles: 2%=-453.239990234375, 5%=-447.04998779296875, 10%=-444.1000061035156, 25%=-428.0, 50%=-410.0, 75%=-390.0, 90%=-383.6000061035156, 95%=-375.8000183105469, 98%=-371.75994873046875
ranking_best_algo: Tabu
ranking_best_score: 438.12
ranking_my_rank: 90/504 (82.3%)
ranking_my_percent: 82.34126984126983
