ConfigName: kjsd__advperagentrankweighted__M3__L16__eps0p007__g0p003__ds0p1__dm0p05
Problem: QUBO
Kernel: jsd
Advantage: peragentrankweighted
M: 3
lambda: 16
epsilon_svgd: 0.007
gamma: 0.003
decay_start_ratio: 0.1
decay_min_factor: 0.05
bandwith_kernel: None
no_interact: False
avg_score: -933.7000122070312
median_score: -936.0
std_score: 70.64678955078125
percentiles: 2%=-1066.1199951171875, 5%=-1061.0999755859375, 10%=-1031.0999755859375, 25%=-983.25, 50%=-936.0, 75%=-880.25, 90%=-847.9000244140625, 95%=-821.9500122070312, 98%=-798.7999877929688
ranking_best_algo: CMApara
ranking_best_score: 964.9
ranking_my_rank: 18/504 (96.6%)
ranking_my_percent: 96.62698412698413
