ConfigName: krbf__advnormalizedfitness__M3__L10__eps0p025__g0p007__ds0p15__dm0p3
Problem: NK
Kernel: rbf
Advantage: normalizedfitness
M: 3
lambda: 10
epsilon_svgd: 0.025
gamma: 0.007
decay_start_ratio: 0.15
decay_min_factor: 0.3
bandwith_kernel: None
no_interact: False
avg_score: 0.733510434627533
median_score: 0.7358994483947754
std_score: 0.00860381219536066
percentiles: 2%=0.7128811478614807, 5%=0.7147514224052429, 10%=0.7193260192871094, 25%=0.7294886708259583, 50%=0.7358994483947754, 75%=0.7397038340568542, 90%=0.7425128817558289, 95%=0.7444590926170349, 98%=0.7455801963806152
ranking_best_algo: PBIL
ranking_best_score: 0.7248786399609374
ranking_my_rank: 1/504 (100.0%)
ranking_my_percent: 100.0
