ConfigName: kjsd__advperagentrankweighted__M5__L8__eps0p005__g0p0007__ds0p4__dm0p2
Problem: NK
Kernel: jsd
Advantage: peragentrankweighted
M: 5
lambda: 8
epsilon_svgd: 0.005
gamma: 0.0007
decay_start_ratio: 0.4
decay_min_factor: 0.2
bandwith_kernel: None
no_interact: False
avg_score: 0.7262441515922546
median_score: 0.7248424291610718
std_score: 0.009315156377851963
percentiles: 2%=0.7091593146324158, 5%=0.7127100825309753, 10%=0.715438187122345, 25%=0.7190743684768677, 50%=0.7248424291610718, 75%=0.7333833575248718, 90%=0.7386003732681274, 95%=0.7422024011611938, 98%=0.7440681457519531
ranking_best_algo: Tabu
ranking_best_score: 0.7429702712499999
ranking_my_rank: 3/504 (99.6%)
ranking_my_percent: 99.60317460317461
