ConfigName: kfr__advglobalrankweighted__M1__L9__eps0p015__g0p007__ds0p01__dm0p01
Problem: QUBO
Kernel: fr
Advantage: globalrankweighted
M: 1
lambda: 9
epsilon_svgd: 0.015
gamma: 0.007
decay_start_ratio: 0.01
decay_min_factor: 0.01
bandwith_kernel: None
no_interact: False
avg_score: -1141.300048828125
median_score: -1137.5
std_score: 73.1188735961914
percentiles: 2%=-1307.47998046875, 5%=-1255.550048828125, 10%=-1243.0, 25%=-1183.75, 50%=-1137.5, 75%=-1093.75, 90%=-1064.0999755859375, 95%=-1007.75, 98%=-990.7999267578125
ranking_best_algo: Tabu
ranking_best_score: 1216.16
ranking_my_rank: 152/504 (70.0%)
ranking_my_percent: 70.03968253968254
