ConfigName: kjsd__advperagentrankweighted__M3__L18__eps0p005__g0p0007__ds0p1__dm0p1
Problem: QUBO
Kernel: jsd
Advantage: peragentrankweighted
M: 3
lambda: 18
epsilon_svgd: 0.005
gamma: 0.0007
decay_start_ratio: 0.1
decay_min_factor: 0.1
bandwith_kernel: None
no_interact: False
avg_score: -1618.02001953125
median_score: -1616.5
std_score: 62.9388542175293
percentiles: 2%=-1765.0799560546875, 5%=-1728.0999755859375, 10%=-1713.0, 25%=-1654.25, 50%=-1616.5, 75%=-1569.75, 90%=-1541.0, 95%=-1524.5999755859375, 98%=-1512.760009765625
ranking_best_algo: NLOPT_LN_PRAXIS
ranking_best_score: 1607.12
ranking_my_rank: 1/504 (100.0%)
ranking_my_percent: 100.0
