ConfigName: kjsd__advperagentrankweighted__M4__L24__eps0p005__g0p0003__ds0p2__dm0p05
Problem: QUBO
Kernel: jsd
Advantage: peragentrankweighted
M: 4
lambda: 24
epsilon_svgd: 0.005
gamma: 0.0003
decay_start_ratio: 0.2
decay_min_factor: 0.05
bandwith_kernel: None
no_interact: False
avg_score: -3296.320068359375
median_score: -3291.0
std_score: 120.32579040527344
percentiles: 2%=-3550.6201171875, 5%=-3481.050048828125, 10%=-3458.5, 25%=-3359.25, 50%=-3291.0, 75%=-3228.0, 90%=-3146.0, 95%=-3115.85009765625, 98%=-3030.39990234375
ranking_best_algo: RLSOnePlusOne
ranking_best_score: 3316.5199999999995
ranking_my_rank: 3/504 (99.6%)
ranking_my_percent: 99.60317460317461
