ConfigName: kfr__advglobalrankweighted__M3__L11__eps0p02__g0p005__ds0p01__dm0p01
Problem: QUBO
Kernel: fr
Advantage: globalrankweighted
M: 3
lambda: 11
epsilon_svgd: 0.02
gamma: 0.005
decay_start_ratio: 0.01
decay_min_factor: 0.01
bandwith_kernel: None
no_interact: False
avg_score: -330.0199890136719
median_score: -334.0
std_score: 19.756507873535156
percentiles: 2%=-368.0799865722656, 5%=-357.1499938964844, 10%=-350.0, 25%=-343.0, 50%=-334.0, 75%=-318.0, 90%=-298.0, 95%=-294.95001220703125, 98%=-291.75994873046875
ranking_best_algo: CMApara
ranking_best_score: 344.22
ranking_my_rank: 79/504 (84.5%)
ranking_my_percent: 84.52380952380952
