ConfigName: kjsd__advperagentrankweighted__M3__L16__eps0p007__g0p0005__ds0p1__dm0p1
Problem: QUBO
Kernel: jsd
Advantage: peragentrankweighted
M: 3
lambda: 16
epsilon_svgd: 0.007
gamma: 0.0005
decay_start_ratio: 0.1
decay_min_factor: 0.1
bandwith_kernel: None
no_interact: False
avg_score: -1193.06005859375
median_score: -1191.0
std_score: 60.138309478759766
percentiles: 2%=-1327.1600341796875, 5%=-1294.3499755859375, 10%=-1278.4000244140625, 25%=-1231.75, 50%=-1191.0, 75%=-1146.5, 90%=-1115.800048828125, 95%=-1094.949951171875, 98%=-1083.780029296875
ranking_best_algo: Tabu
ranking_best_score: 1216.16
ranking_my_rank: 48/504 (90.7%)
ranking_my_percent: 90.67460317460318
