ConfigName: krbf__advnormalizedfitness__M2__L8__eps0p025__g0p01__ds0p01__dm0p3
Problem: QUBO
Kernel: rbf
Advantage: normalizedfitness
M: 2
lambda: 8
epsilon_svgd: 0.025
gamma: 0.01
decay_start_ratio: 0.01
decay_min_factor: 0.3
bandwith_kernel: None
no_interact: False
avg_score: -1611.239990234375
median_score: -1615.5
std_score: 53.877288818359375
percentiles: 2%=-1725.0400390625, 5%=-1692.0, 10%=-1666.0999755859375, 25%=-1644.5, 50%=-1615.5, 75%=-1582.5, 90%=-1550.800048828125, 95%=-1508.9000244140625, 98%=-1492.760009765625
ranking_best_algo: NLOPT_LN_PRAXIS
ranking_best_score: 1607.12
ranking_my_rank: 1/504 (100.0%)
ranking_my_percent: 100.0
