ConfigName: kjsd__advperagentrankweighted__M4__L8__eps0p005__g0p0005__ds0p2__dm0p05
Problem: QUBO
Kernel: jsd
Advantage: peragentrankweighted
M: 4
lambda: 8
epsilon_svgd: 0.005
gamma: 0.0005
decay_start_ratio: 0.2
decay_min_factor: 0.05
bandwith_kernel: None
no_interact: False
avg_score: -916.47998046875
median_score: -907.0
std_score: 59.3749885559082
percentiles: 2%=-1040.199951171875, 5%=-1017.0, 10%=-999.2000122070312, 25%=-953.5, 50%=-907.0, 75%=-878.5, 90%=-840.9000244140625, 95%=-829.9500122070312, 98%=-818.9199829101562
ranking_best_algo: CMAL3
ranking_best_score: 928.5800000000002
ranking_my_rank: 15/504 (97.2%)
ranking_my_percent: 97.22222222222223
