ConfigName: krbf__advnormalizedfitness__M1__L8__eps0p033__g0p005__ds0p3__dm0p3
Problem: NK
Kernel: rbf
Advantage: normalizedfitness
M: 1
lambda: 8
epsilon_svgd: 0.033
gamma: 0.005
decay_start_ratio: 0.3
decay_min_factor: 0.3
bandwith_kernel: None
no_interact: False
avg_score: 0.6992163062095642
median_score: 0.6991599798202515
std_score: 0.01678364910185337
percentiles: 2%=0.6551488041877747, 5%=0.659900963306427, 10%=0.6836459636688232, 25%=0.6937332153320312, 50%=0.6991599798202515, 75%=0.7093103528022766, 90%=0.7184698581695557, 95%=0.7238460183143616, 98%=0.7266923189163208
ranking_best_algo: CMApara
ranking_best_score: 0.707475975
ranking_my_rank: 107/504 (79.0%)
ranking_my_percent: 78.96825396825396
