ConfigName: krbf__advnormalizedfitness__M3__L8__eps0p025__g0p015__ds0p15__dm0p01
Problem: NK
Kernel: rbf
Advantage: normalizedfitness
M: 3
lambda: 8
epsilon_svgd: 0.025
gamma: 0.015
decay_start_ratio: 0.15
decay_min_factor: 0.01
bandwith_kernel: None
no_interact: False
avg_score: 0.7577810883522034
median_score: 0.7559247016906738
std_score: 0.013630942441523075
percentiles: 2%=0.7338197827339172, 5%=0.7361582517623901, 10%=0.7393214106559753, 25%=0.7479922771453857, 50%=0.7559247016906738, 75%=0.7666671872138977, 90%=0.7758343815803528, 95%=0.7799098491668701, 98%=0.784346878528595
ranking_best_algo: Tabu
ranking_best_score: 0.7470791764843752
ranking_my_rank: 1/504 (100.0%)
ranking_my_percent: 100.0
