ConfigName: kjsd__advperagentrankweighted__M5__L10__eps0p01__g0p0005__ds0p2__dm0p2
Problem: NK
Kernel: jsd
Advantage: peragentrankweighted
M: 5
lambda: 10
epsilon_svgd: 0.01
gamma: 0.0005
decay_start_ratio: 0.2
decay_min_factor: 0.2
bandwith_kernel: None
no_interact: False
avg_score: 0.7421873211860657
median_score: 0.7422657608985901
std_score: 0.009282843209803104
percentiles: 2%=0.724584698677063, 5%=0.727462649345398, 10%=0.7300061583518982, 25%=0.7359695434570312, 50%=0.7422657608985901, 75%=0.7481679320335388, 90%=0.7543280124664307, 95%=0.7568717002868652, 98%=0.7605943083763123
ranking_best_algo: PBIL
ranking_best_score: 0.733570253046875
ranking_my_rank: 1/504 (100.0%)
ranking_my_percent: 100.0
