ConfigName: krbf__advnormalizedfitness__M4__L12__eps0p015__g0p007__ds0p3__dm0p01
Problem: QUBO
Kernel: rbf
Advantage: normalizedfitness
M: 4
lambda: 12
epsilon_svgd: 0.015
gamma: 0.007
decay_start_ratio: 0.3
decay_min_factor: 0.01
bandwith_kernel: None
no_interact: False
avg_score: -410.760009765625
median_score: -413.0
std_score: 25.86005401611328
percentiles: 2%=-471.0, 5%=-454.04998779296875, 10%=-440.6999816894531, 25%=-425.0, 50%=-413.0, 75%=-392.0, 90%=-378.0, 95%=-367.9000244140625, 98%=-356.0
ranking_best_algo: Tabu
ranking_best_score: 438.12
ranking_my_rank: 86/504 (83.1%)
ranking_my_percent: 83.13492063492063
