ConfigName: krbf__advnormalizedfitness__M4__L15__eps0p025__g0p01__ds0p15__dm0p3
Problem: QUBO
Kernel: rbf
Advantage: normalizedfitness
M: 4
lambda: 15
epsilon_svgd: 0.025
gamma: 0.01
decay_start_ratio: 0.15
decay_min_factor: 0.3
bandwith_kernel: None
no_interact: False
avg_score: -147.9600067138672
median_score: -147.0
std_score: 12.49953556060791
percentiles: 2%=-179.0, 5%=-177.10000610351562, 10%=-158.0, 25%=-154.0, 50%=-147.0, 75%=-139.0, 90%=-135.0, 95%=-130.90000915527344, 98%=-126.85997009277344
ranking_best_algo: CMApara
ranking_best_score: 154.28
ranking_my_rank: 86/504 (83.1%)
ranking_my_percent: 83.13492063492063
