ConfigName: kfr__advglobalrankweighted__M5__L9__eps0p02__g0p005__ds0p01__dm0p01
Problem: QUBO
Kernel: fr
Advantage: globalrankweighted
M: 5
lambda: 9
epsilon_svgd: 0.02
gamma: 0.005
decay_start_ratio: 0.01
decay_min_factor: 0.01
bandwith_kernel: None
no_interact: False
avg_score: -1186.6199951171875
median_score: -1180.5
std_score: 60.51971435546875
percentiles: 2%=-1347.0, 5%=-1292.8499755859375, 10%=-1265.199951171875, 25%=-1217.25, 50%=-1180.5, 75%=-1133.0, 90%=-1116.9000244140625, 95%=-1098.9000244140625, 98%=-1096.919921875
ranking_best_algo: Tabu
ranking_best_score: 1216.16
ranking_my_rank: 64/504 (87.5%)
ranking_my_percent: 87.5
