ConfigName: kjsd__advperagentrankweighted__M3__L18__eps0p005__g0p0007__ds0p05__dm0p1
Problem: QUBO
Kernel: jsd
Advantage: peragentrankweighted
M: 3
lambda: 18
epsilon_svgd: 0.005
gamma: 0.0007
decay_start_ratio: 0.05
decay_min_factor: 0.1
bandwith_kernel: None
no_interact: False
avg_score: -1291.43994140625
median_score: -1289.0
std_score: 59.32003402709961
percentiles: 2%=-1405.199951171875, 5%=-1396.050048828125, 10%=-1364.0999755859375, 25%=-1337.0, 50%=-1289.0, 75%=-1248.5, 90%=-1221.0, 95%=-1209.9000244140625, 98%=-1158.9200439453125
ranking_best_algo: BigLognormalDiscreteOnePlusOne
ranking_best_score: 1301.3600000000004
ranking_my_rank: 2/504 (99.8%)
ranking_my_percent: 99.8015873015873
