ConfigName: kjsd__advperagentrankweighted__M3__L16__eps0p005__g0p0005__ds0p05__dm0p1
Problem: NK
Kernel: jsd
Advantage: peragentrankweighted
M: 3
lambda: 16
epsilon_svgd: 0.005
gamma: 0.0005
decay_start_ratio: 0.05
decay_min_factor: 0.1
bandwith_kernel: None
no_interact: False
avg_score: 0.7512270212173462
median_score: 0.7516199350357056
std_score: 0.015428519807755947
percentiles: 2%=0.7196696996688843, 5%=0.728600800037384, 10%=0.7317074537277222, 25%=0.7393664121627808, 50%=0.7516199350357056, 75%=0.7620837688446045, 90%=0.7694578170776367, 95%=0.7758444547653198, 98%=0.7796288132667542
ranking_best_algo: Tabu
ranking_best_score: 0.7657846284375001
ranking_my_rank: 18/504 (96.6%)
ranking_my_percent: 96.62698412698413
