ConfigName: kjsd__advperagentrankweighted__M4__L12__eps0p03__g0p0003__ds0p2__dm0p05
Problem: NK
Kernel: jsd
Advantage: peragentrankweighted
M: 4
lambda: 12
epsilon_svgd: 0.03
gamma: 0.0003
decay_start_ratio: 0.2
decay_min_factor: 0.05
bandwith_kernel: None
no_interact: False
avg_score: 0.7209929823875427
median_score: 0.7214120626449585
std_score: 0.009028886444866657
percentiles: 2%=0.7009201049804688, 5%=0.7068326473236084, 10%=0.7098339796066284, 25%=0.7150452733039856, 50%=0.7214120626449585, 75%=0.7274614572525024, 90%=0.7305487990379333, 95%=0.7339836359024048, 98%=0.7365889549255371
ranking_best_algo: PBIL
ranking_best_score: 0.7248786399609374
ranking_my_rank: 3/504 (99.6%)
ranking_my_percent: 99.60317460317461
