ConfigName: kjsd__advperagentrankweighted__M3__L18__eps0p01__g0p001__ds0p2__dm0p1
Problem: QUBO
Kernel: jsd
Advantage: peragentrankweighted
M: 3
lambda: 18
epsilon_svgd: 0.01
gamma: 0.001
decay_start_ratio: 0.2
decay_min_factor: 0.1
bandwith_kernel: None
no_interact: False
avg_score: -942.8400268554688
median_score: -940.0
std_score: 65.73152923583984
percentiles: 2%=-1074.0400390625, 5%=-1052.3499755859375, 10%=-1029.5, 25%=-976.75, 50%=-940.0, 75%=-902.75, 90%=-852.5999755859375, 95%=-832.9000244140625, 98%=-824.8800048828125
ranking_best_algo: CMApara
ranking_best_score: 964.9
ranking_my_rank: 3/504 (99.6%)
ranking_my_percent: 99.60317460317461
