ConfigName: kjsd__advperagentrankweighted__M4__L30__eps0p005__g0p0003__ds0p4__dm0p05
Problem: QUBO
Kernel: jsd
Advantage: peragentrankweighted
M: 4
lambda: 30
epsilon_svgd: 0.005
gamma: 0.0003
decay_start_ratio: 0.4
decay_min_factor: 0.05
bandwith_kernel: None
no_interact: False
avg_score: -1200.9000244140625
median_score: -1199.5
std_score: 54.282318115234375
percentiles: 2%=-1335.239990234375, 5%=-1290.5, 10%=-1265.0, 25%=-1231.0, 50%=-1199.5, 75%=-1165.75, 90%=-1140.699951171875, 95%=-1131.9000244140625, 98%=-1110.4000244140625
ranking_best_algo: Tabu
ranking_best_score: 1216.16
ranking_my_rank: 42/504 (91.9%)
ranking_my_percent: 91.86507936507937
