ConfigName: kfr__advglobalrankweighted__M6__L10__eps0p015__g0p007__ds0p01__dm0p01
Problem: QUBO
Kernel: fr
Advantage: globalrankweighted
M: 6
lambda: 10
epsilon_svgd: 0.015
gamma: 0.007
decay_start_ratio: 0.01
decay_min_factor: 0.01
bandwith_kernel: None
no_interact: False
avg_score: -813.5399780273438
median_score: -804.0
std_score: 72.23162841796875
percentiles: 2%=-955.239990234375, 5%=-935.1500244140625, 10%=-917.7000122070312, 25%=-868.0, 50%=-804.0, 75%=-765.75, 90%=-713.9000244140625, 95%=-698.9000244140625, 98%=-688.9400024414062
ranking_best_algo: CMAL3
ranking_best_score: 928.5800000000002
ranking_my_rank: 264/504 (47.8%)
ranking_my_percent: 47.817460317460316
