ConfigName: krbf__advnormalizedfitness__M3__L10__eps0p015__g0p005__ds0p3__dm0p3
Problem: NK
Kernel: rbf
Advantage: normalizedfitness
M: 3
lambda: 10
epsilon_svgd: 0.015
gamma: 0.005
decay_start_ratio: 0.3
decay_min_factor: 0.3
bandwith_kernel: None
no_interact: False
avg_score: 0.7530565857887268
median_score: 0.7532867193222046
std_score: 0.01436545792967081
percentiles: 2%=0.7250348329544067, 5%=0.7266002297401428, 10%=0.7328009605407715, 25%=0.7443096041679382, 50%=0.7532867193222046, 75%=0.7623345851898193, 90%=0.7724639773368835, 95%=0.7748353481292725, 98%=0.7828034162521362
ranking_best_algo: Tabu
ranking_best_score: 0.7470791764843752
ranking_my_rank: 1/504 (100.0%)
ranking_my_percent: 100.0
