ConfigName: krbf__advnormalizedfitness__M3__L12__eps0p015__g0p01__ds0p3__dm0p01
Problem: QUBO
Kernel: rbf
Advantage: normalizedfitness
M: 3
lambda: 12
epsilon_svgd: 0.015
gamma: 0.01
decay_start_ratio: 0.3
decay_min_factor: 0.01
bandwith_kernel: None
no_interact: False
avg_score: -549.0
median_score: -546.5
std_score: 38.047340393066406
percentiles: 2%=-626.02001953125, 5%=-611.0499877929688, 10%=-603.4000244140625, 25%=-577.0, 50%=-546.5, 75%=-519.0, 90%=-500.8999938964844, 95%=-495.7500305175781, 98%=-477.9599914550781
ranking_best_algo: Tabu
ranking_best_score: 588.7199999999999
ranking_my_rank: 154/503 (69.6%)
ranking_my_percent: 69.58250497017893
