ConfigName: krbf__advnormalizedfitness__M1__L8__eps0p033__g0p005__ds0p01__dm0p01
Problem: QUBO
Kernel: rbf
Advantage: normalizedfitness
M: 1
lambda: 8
epsilon_svgd: 0.033
gamma: 0.005
decay_start_ratio: 0.01
decay_min_factor: 0.01
bandwith_kernel: None
no_interact: False
avg_score: -412.29998779296875
median_score: -410.0
std_score: 44.03169631958008
percentiles: 2%=-475.1000061035156, 5%=-465.29998779296875, 10%=-458.29998779296875, 25%=-437.5, 50%=-410.0, 75%=-394.75, 90%=-375.6000061035156, 95%=-364.8500061035156, 98%=-349.97998046875
ranking_best_algo: CMApara
ranking_best_score: 453.82
ranking_my_rank: 227/504 (55.2%)
ranking_my_percent: 55.15873015873016
