ConfigName: krbf__advnormalizedfitness__M2__L8__eps0p015__g0p005__ds0p01__dm0p3
Problem: QUBO
Kernel: rbf
Advantage: normalizedfitness
M: 2
lambda: 8
epsilon_svgd: 0.015
gamma: 0.005
decay_start_ratio: 0.01
decay_min_factor: 0.3
bandwith_kernel: None
no_interact: False
avg_score: -323.760009765625
median_score: -326.0
std_score: 23.909461975097656
percentiles: 2%=-372.0, 5%=-354.3500061035156, 10%=-350.0, 25%=-342.0, 50%=-326.0, 75%=-307.5, 90%=-290.8999938964844, 95%=-286.0, 98%=-279.67999267578125
ranking_best_algo: CMApara
ranking_best_score: 344.22
ranking_my_rank: 129/504 (74.6%)
ranking_my_percent: 74.60317460317461
