ConfigName: krbf__advnormalizedfitness__M4__L15__eps0p025__g0p01__ds0p05__dm0p05
Problem: NK
Kernel: rbf
Advantage: normalizedfitness
M: 4
lambda: 15
epsilon_svgd: 0.025
gamma: 0.01
decay_start_ratio: 0.05
decay_min_factor: 0.05
bandwith_kernel: None
no_interact: False
avg_score: 0.7451426982879639
median_score: 0.7423176169395447
std_score: 0.02850697934627533
percentiles: 2%=0.7028557658195496, 5%=0.7056498527526855, 10%=0.7083405256271362, 25%=0.7212885618209839, 50%=0.7423176169395447, 75%=0.7585474252700806, 90%=0.7783373594284058, 95%=0.8046506643295288, 98%=0.8118547797203064
ranking_best_algo: CMApara
ranking_best_score: 0.7459277895312499
ranking_my_rank: 2/504 (99.8%)
ranking_my_percent: 99.8015873015873
