ConfigName: krbf__advnormalizedfitness__M2__L8__eps0p015__g0p015__ds0p3__dm0p01
Problem: QUBO
Kernel: rbf
Advantage: normalizedfitness
M: 2
lambda: 8
epsilon_svgd: 0.015
gamma: 0.015
decay_start_ratio: 0.3
decay_min_factor: 0.01
bandwith_kernel: None
no_interact: False
avg_score: -1191.1400146484375
median_score: -1183.0
std_score: 62.754127502441406
percentiles: 2%=-1363.0799560546875, 5%=-1325.300048828125, 10%=-1269.199951171875, 25%=-1214.25, 50%=-1183.0, 75%=-1148.25, 90%=-1121.4000244140625, 95%=-1106.449951171875, 98%=-1086.9200439453125
ranking_best_algo: Tabu
ranking_best_score: 1216.16
ranking_my_rank: 53/504 (89.7%)
ranking_my_percent: 89.68253968253968
