ConfigName: krbf__advnormalizedfitness__M1__L10__eps0p015__g0p007__ds0p01__dm0p3
Problem: QUBO
Kernel: rbf
Advantage: normalizedfitness
M: 1
lambda: 10
epsilon_svgd: 0.015
gamma: 0.007
decay_start_ratio: 0.01
decay_min_factor: 0.3
bandwith_kernel: None
no_interact: False
avg_score: -1289.1400146484375
median_score: -1286.0
std_score: 61.395442962646484
percentiles: 2%=-1413.0400390625, 5%=-1398.300048828125, 10%=-1375.199951171875, 25%=-1328.75, 50%=-1286.0, 75%=-1249.0, 90%=-1209.699951171875, 95%=-1192.7000732421875, 98%=-1166.0
ranking_best_algo: BigLognormalDiscreteOnePlusOne
ranking_best_score: 1301.3600000000004
ranking_my_rank: 3/504 (99.6%)
ranking_my_percent: 99.60317460317461
