ConfigName: kjsd__advperagentrankweighted__M3__L16__eps0p01__g0p0007__ds0p2__dm0p05
Problem: QUBO
Kernel: jsd
Advantage: peragentrankweighted
M: 3
lambda: 16
epsilon_svgd: 0.01
gamma: 0.0007
decay_start_ratio: 0.2
decay_min_factor: 0.05
bandwith_kernel: None
no_interact: False
avg_score: -308.32000732421875
median_score: -312.0
std_score: 38.54734420776367
percentiles: 2%=-392.0400085449219, 5%=-386.0, 10%=-357.0, 25%=-332.5, 50%=-312.0, 75%=-274.75, 90%=-259.8999938964844, 95%=-254.0, 98%=-249.9600067138672
ranking_best_algo: CMApara
ranking_best_score: 319.29999999999995
ranking_my_rank: 89/504 (82.5%)
ranking_my_percent: 82.53968253968254
