ConfigName: krbf__advnormalizedfitness__M3__L8__eps0p025__g0p005__ds0p05__dm0p05
Problem: NK
Kernel: rbf
Advantage: normalizedfitness
M: 3
lambda: 8
epsilon_svgd: 0.025
gamma: 0.005
decay_start_ratio: 0.05
decay_min_factor: 0.05
bandwith_kernel: None
no_interact: False
avg_score: 0.7462899088859558
median_score: 0.7468103170394897
std_score: 0.009738585911691189
percentiles: 2%=0.7271668910980225, 5%=0.7291414141654968, 10%=0.7336623072624207, 25%=0.7394907474517822, 50%=0.7468103170394897, 75%=0.7528691291809082, 90%=0.7587155699729919, 95%=0.762233555316925, 98%=0.7644162774085999
ranking_best_algo: PBIL
ranking_best_score: 0.733570253046875
ranking_my_rank: 1/504 (100.0%)
ranking_my_percent: 100.0
