ConfigName: krbf__advnormalizedfitness__M3__L15__eps0p015__g0p007__ds0p15__dm0p3
Problem: QUBO
Kernel: rbf
Advantage: normalizedfitness
M: 3
lambda: 15
epsilon_svgd: 0.015
gamma: 0.007
decay_start_ratio: 0.15
decay_min_factor: 0.3
bandwith_kernel: None
no_interact: False
avg_score: -138.83999633789062
median_score: -139.0
std_score: 11.430415153503418
percentiles: 2%=-158.02000427246094, 5%=-157.0500030517578, 10%=-155.10000610351562, 25%=-148.0, 50%=-139.0, 75%=-130.0, 90%=-123.9000015258789, 95%=-123.0, 98%=-118.91998291015625
ranking_best_algo: DiscreteDE
ranking_best_score: 143.4
ranking_my_rank: 95/504 (81.3%)
ranking_my_percent: 81.34920634920636
