ConfigName: kfr__advglobalrankweighted__M4__L10__eps0p02__g0p005__ds0p01__dm0p01
Problem: QUBO
Kernel: fr
Advantage: globalrankweighted
M: 4
lambda: 10
epsilon_svgd: 0.02
gamma: 0.005
decay_start_ratio: 0.01
decay_min_factor: 0.01
bandwith_kernel: None
no_interact: False
avg_score: -3219.9599609375
median_score: -3216.0
std_score: 121.67447662353516
percentiles: 2%=-3497.300048828125, 5%=-3416.25, 10%=-3387.300048828125, 25%=-3300.25, 50%=-3216.0, 75%=-3133.5, 90%=-3081.5, 95%=-3040.199951171875, 98%=-3018.760009765625
ranking_best_algo: RLSOnePlusOne
ranking_best_score: 3316.5199999999995
ranking_my_rank: 44/504 (91.5%)
ranking_my_percent: 91.46825396825396
