ConfigName: krbf__advnormalizedfitness__M3__L15__eps0p025__g0p01__ds0p3__dm0p01
Problem: NK
Kernel: rbf
Advantage: normalizedfitness
M: 3
lambda: 15
epsilon_svgd: 0.025
gamma: 0.01
decay_start_ratio: 0.3
decay_min_factor: 0.01
bandwith_kernel: None
no_interact: False
avg_score: 0.719845175743103
median_score: 0.7177098989486694
std_score: 0.014708082191646099
percentiles: 2%=0.6929278373718262, 5%=0.6963623762130737, 10%=0.7010220289230347, 25%=0.7107128500938416, 50%=0.7177098989486694, 75%=0.729645311832428, 90%=0.7395116090774536, 95%=0.7452020645141602, 98%=0.7486428022384644
ranking_best_algo: PBIL
ranking_best_score: 0.733570253046875
ranking_my_rank: 51/504 (90.1%)
ranking_my_percent: 90.07936507936508
