ConfigName: kjsd__advperagentrankweighted__M10__L28__eps0p005__g0p0005__ds0p05__dm0p05
Problem: NK
Kernel: jsd
Advantage: peragentrankweighted
M: 10
lambda: 28
epsilon_svgd: 0.005
gamma: 0.0005
decay_start_ratio: 0.05
decay_min_factor: 0.05
bandwith_kernel: None
no_interact: False
avg_score: 0.7005494832992554
median_score: 0.7032430171966553
std_score: 0.01729833334684372
percentiles: 2%=0.6511808633804321, 5%=0.6597158312797546, 10%=0.683986246585846, 25%=0.6956576704978943, 50%=0.7032430171966553, 75%=0.7094374895095825, 90%=0.7202420234680176, 95%=0.7230592370033264, 98%=0.7250709533691406
ranking_best_algo: CMApara
ranking_best_score: 0.707475975
ranking_my_rank: 83/504 (83.7%)
ranking_my_percent: 83.73015873015873
