ConfigName: kjsd__advperagentrankweighted__M15__L8__eps0p005__g0p0005__ds0p05__dm0p05
Problem: QUBO
Kernel: jsd
Advantage: peragentrankweighted
M: 15
lambda: 8
epsilon_svgd: 0.005
gamma: 0.0005
decay_start_ratio: 0.05
decay_min_factor: 0.05
bandwith_kernel: None
no_interact: False
avg_score: -985.6400146484375
median_score: -981.0
std_score: 80.00405883789062
percentiles: 2%=-1166.300048828125, 5%=-1136.3499755859375, 10%=-1085.0999755859375, 25%=-1031.5, 50%=-981.0, 75%=-928.5, 90%=-901.0999755859375, 95%=-864.8499755859375, 98%=-848.8800048828125
ranking_best_algo: BigLognormalDiscreteOnePlusOne
ranking_best_score: 1301.3600000000004
ranking_my_rank: 278/504 (45.0%)
ranking_my_percent: 45.03968253968254
