ConfigName: krbf__advnormalizedfitness__M3__L8__eps0p025__g0p01__ds0p3__dm0p3
Problem: QUBO
Kernel: rbf
Advantage: normalizedfitness
M: 3
lambda: 8
epsilon_svgd: 0.025
gamma: 0.01
decay_start_ratio: 0.3
decay_min_factor: 0.3
bandwith_kernel: None
no_interact: False
avg_score: -1165.8399658203125
median_score: -1168.0
std_score: 82.97972106933594
percentiles: 2%=-1316.47998046875, 5%=-1301.199951171875, 10%=-1275.4000244140625, 25%=-1220.25, 50%=-1168.0, 75%=-1106.0, 90%=-1063.4000244140625, 95%=-1036.2000732421875, 98%=-1004.7999267578125
ranking_best_algo: SVMMetaModelLogNormal
ranking_best_score: 1233.7999999999997
ranking_my_rank: 85/504 (83.3%)
ranking_my_percent: 83.33333333333333
