ConfigName: kjsd__advperagentrankweighted__M5__L12__eps0p008__g0p0005__ds0p3__dm0p05
Problem: QUBO
Kernel: jsd
Advantage: peragentrankweighted
M: 5
lambda: 12
epsilon_svgd: 0.008
gamma: 0.0005
decay_start_ratio: 0.3
decay_min_factor: 0.05
bandwith_kernel: None
no_interact: False
avg_score: -444.05999755859375
median_score: -444.0
std_score: 22.032621383666992
percentiles: 2%=-487.0, 5%=-481.0, 10%=-472.0, 25%=-459.0, 50%=-444.0, 75%=-430.75, 90%=-412.0, 95%=-408.75, 98%=-398.9599914550781
ranking_best_algo: CMApara
ranking_best_score: 453.82
ranking_my_rank: 6/504 (99.0%)
ranking_my_percent: 99.0079365079365
