ConfigName: kjsd__advperagentrankweighted__M4__L20__eps0p005__g0p0005__ds0p1__dm0p1
Problem: QUBO
Kernel: jsd
Advantage: peragentrankweighted
M: 4
lambda: 20
epsilon_svgd: 0.005
gamma: 0.0005
decay_start_ratio: 0.1
decay_min_factor: 0.1
bandwith_kernel: None
no_interact: False
avg_score: -429.44000244140625
median_score: -431.0
std_score: 28.249717712402344
percentiles: 2%=-485.0400085449219, 5%=-477.0, 10%=-471.20001220703125, 25%=-447.0, 50%=-431.0, 75%=-410.0, 90%=-392.0, 95%=-384.0, 98%=-380.5799865722656
ranking_best_algo: CMAL3
ranking_best_score: 435.36
ranking_my_rank: 10/504 (98.2%)
ranking_my_percent: 98.21428571428571
