ConfigName: kfr__advglobalrankweighted__M4__L5__eps0p06__g0p001__ds0p01__dm0p01
Problem: QUBO
Kernel: fr
Advantage: globalrankweighted
M: 4
lambda: 5
epsilon_svgd: 0.06
gamma: 0.001
decay_start_ratio: 0.01
decay_min_factor: 0.01
bandwith_kernel: None
no_interact: False
avg_score: -1003.0999755859375
median_score: -1006.0
std_score: 57.679893493652344
percentiles: 2%=-1112.3599853515625, 5%=-1089.050048828125, 10%=-1067.800048828125, 25%=-1044.75, 50%=-1006.0, 75%=-961.75, 90%=-924.9000244140625, 95%=-909.0, 98%=-890.8599853515625
ranking_best_algo: SVMMetaModelLogNormal
ranking_best_score: 1233.7999999999997
ranking_my_rank: 234/504 (53.8%)
ranking_my_percent: 53.76984126984127
