ConfigName: kjsd__advperagentrankweighted__M3__L18__eps0p007__g0p0007__ds0p2__dm0p2
Problem: QUBO
Kernel: jsd
Advantage: peragentrankweighted
M: 3
lambda: 18
epsilon_svgd: 0.007
gamma: 0.0007
decay_start_ratio: 0.2
decay_min_factor: 0.2
bandwith_kernel: None
no_interact: False
avg_score: -425.0799865722656
median_score: -427.0
std_score: 29.751527786254883
percentiles: 2%=-481.0400085449219, 5%=-473.29998779296875, 10%=-469.0, 25%=-440.25, 50%=-427.0, 75%=-409.0, 90%=-389.70001220703125, 95%=-375.6000061035156, 98%=-361.8399963378906
ranking_best_algo: CMAL3
ranking_best_score: 435.36
ranking_my_rank: 29/504 (94.4%)
ranking_my_percent: 94.44444444444444
