ConfigName: kjsd__advperagentrankweighted__M5__L8__eps0p01__g0p003__ds0p05__dm0p2
Problem: QUBO
Kernel: jsd
Advantage: peragentrankweighted
M: 5
lambda: 8
epsilon_svgd: 0.01
gamma: 0.003
decay_start_ratio: 0.05
decay_min_factor: 0.2
bandwith_kernel: None
no_interact: False
avg_score: -922.739990234375
median_score: -918.0
std_score: 62.96818542480469
percentiles: 2%=-1051.02001953125, 5%=-1038.199951171875, 10%=-1015.4000244140625, 25%=-967.75, 50%=-918.0, 75%=-878.0, 90%=-838.7999877929688, 95%=-817.0, 98%=-812.8400268554688
ranking_best_algo: CMApara
ranking_best_score: 964.9
ranking_my_rank: 25/504 (95.2%)
ranking_my_percent: 95.23809523809524
