ConfigName: krbf__advnormalizedfitness__M3__L8__eps0p015__g0p007__ds0p3__dm0p3
Problem: QUBO
Kernel: rbf
Advantage: normalizedfitness
M: 3
lambda: 8
epsilon_svgd: 0.015
gamma: 0.007
decay_start_ratio: 0.3
decay_min_factor: 0.3
bandwith_kernel: None
no_interact: False
avg_score: -2453.260009765625
median_score: -2457.5
std_score: 166.6721649169922
percentiles: 2%=-2759.89990234375, 5%=-2718.550048828125, 10%=-2667.800048828125, 25%=-2574.75, 50%=-2457.5, 75%=-2325.0, 90%=-2238.199951171875, 95%=-2191.60009765625, 98%=-2103.760009765625
ranking_best_algo: DiscreteLengler2OnePlusOne
ranking_best_score: 2617.04
ranking_my_rank: 91/504 (82.1%)
ranking_my_percent: 82.14285714285714
