ConfigName: kfr__advglobalrankweighted__M1__L11__eps0p02__g0p005__ds0p01__dm0p01
Problem: QUBO
Kernel: fr
Advantage: globalrankweighted
M: 1
lambda: 11
epsilon_svgd: 0.02
gamma: 0.005
decay_start_ratio: 0.01
decay_min_factor: 0.01
bandwith_kernel: None
no_interact: False
avg_score: -132.89999389648438
median_score: -135.0
std_score: 13.021137237548828
percentiles: 2%=-156.0399932861328, 5%=-152.0500030517578, 10%=-148.10000610351562, 25%=-142.25, 50%=-135.0, 75%=-123.0, 90%=-113.9000015258789, 95%=-111.0, 98%=-107.0
ranking_best_algo: DiscreteDE
ranking_best_score: 143.4
ranking_my_rank: 314/504 (37.9%)
ranking_my_percent: 37.8968253968254
