ConfigName: krbf__advnormalizedfitness__M3__L15__eps0p033__g0p015__ds0p3__dm0p3
Problem: NK
Kernel: rbf
Advantage: normalizedfitness
M: 3
lambda: 15
epsilon_svgd: 0.033
gamma: 0.015
decay_start_ratio: 0.3
decay_min_factor: 0.3
bandwith_kernel: None
no_interact: False
avg_score: 0.7418193817138672
median_score: 0.7428996562957764
std_score: 0.016562169417738914
percentiles: 2%=0.7136669158935547, 5%=0.7154424786567688, 10%=0.7188657522201538, 25%=0.7276468276977539, 50%=0.7428996562957764, 75%=0.7545966506004333, 90%=0.7611649036407471, 95%=0.7662084698677063, 98%=0.7718454599380493
ranking_best_algo: Tabu
ranking_best_score: 0.7657846284375001
ranking_my_rank: 63/504 (87.7%)
ranking_my_percent: 87.6984126984127
