ConfigName: kjsd__advperagentrankweighted__M5__L12__eps0p008__g0p0005__ds0p05__dm0p05
Problem: QUBO
Kernel: jsd
Advantage: peragentrankweighted
M: 5
lambda: 12
epsilon_svgd: 0.008
gamma: 0.0005
decay_start_ratio: 0.05
decay_min_factor: 0.05
bandwith_kernel: None
no_interact: False
avg_score: -1247.43994140625
median_score: -1249.5
std_score: 56.23545455932617
percentiles: 2%=-1364.1199951171875, 5%=-1355.0, 10%=-1327.199951171875, 25%=-1276.5, 50%=-1249.5, 75%=-1203.0, 90%=-1173.5999755859375, 95%=-1165.0, 98%=-1162.760009765625
ranking_best_algo: SVMMetaModelLogNormal
ranking_best_score: 1233.7999999999997
ranking_my_rank: 1/504 (100.0%)
ranking_my_percent: 100.0
