ConfigName: kjsd__advperagentrankweighted__M3__L16__eps0p01__g0p0005__ds0p2__dm0p2
Problem: NK
Kernel: jsd
Advantage: peragentrankweighted
M: 3
lambda: 16
epsilon_svgd: 0.01
gamma: 0.0005
decay_start_ratio: 0.2
decay_min_factor: 0.2
bandwith_kernel: None
no_interact: False
avg_score: 0.7317993640899658
median_score: 0.7332192659378052
std_score: 0.00904104020446539
percentiles: 2%=0.7132901549339294, 5%=0.7158697843551636, 10%=0.7184194922447205, 25%=0.7262183427810669, 50%=0.7332192659378052, 75%=0.737827718257904, 90%=0.7437107563018799, 95%=0.7445576786994934, 98%=0.747531533241272
ranking_best_algo: PBIL
ranking_best_score: 0.7248786399609374
ranking_my_rank: 1/504 (100.0%)
ranking_my_percent: 100.0
