ConfigName: krbf__advnormalizedfitness__M4__L8__eps0p033__g0p007__ds0p01__dm0p01
Problem: QUBO
Kernel: rbf
Advantage: normalizedfitness
M: 4
lambda: 8
epsilon_svgd: 0.033
gamma: 0.007
decay_start_ratio: 0.01
decay_min_factor: 0.01
bandwith_kernel: None
no_interact: False
avg_score: -418.5799865722656
median_score: -418.5
std_score: 23.67411231994629
percentiles: 2%=-467.0400085449219, 5%=-457.29998779296875, 10%=-451.1000061035156, 25%=-432.25, 50%=-418.5, 75%=-402.0, 90%=-387.79998779296875, 95%=-381.8000183105469, 98%=-367.8399658203125
ranking_best_algo: Tabu
ranking_best_score: 438.12
ranking_my_rank: 35/504 (93.3%)
ranking_my_percent: 93.25396825396825
