ConfigName: krbf__advnormalizedfitness__M3__L10__eps0p025__g0p015__ds0p01__dm0p01
Problem: NK
Kernel: rbf
Advantage: normalizedfitness
M: 3
lambda: 10
epsilon_svgd: 0.025
gamma: 0.015
decay_start_ratio: 0.01
decay_min_factor: 0.01
bandwith_kernel: None
no_interact: False
avg_score: 0.735618531703949
median_score: 0.7356430292129517
std_score: 0.011518958024680614
percentiles: 2%=0.7120296955108643, 5%=0.7171241044998169, 10%=0.7213968634605408, 25%=0.727383553981781, 50%=0.7356430292129517, 75%=0.7440471053123474, 90%=0.7516420483589172, 95%=0.7538882493972778, 98%=0.7574249505996704
ranking_best_algo: PBIL
ranking_best_score: 0.733570253046875
ranking_my_rank: 1/504 (100.0%)
ranking_my_percent: 100.0
