ConfigName: kjsd__advperagentrankweighted__M3__L20__eps0p007__g0p0005__ds0p1__dm0p05
Problem: NK
Kernel: jsd
Advantage: peragentrankweighted
M: 3
lambda: 20
epsilon_svgd: 0.007
gamma: 0.0005
decay_start_ratio: 0.1
decay_min_factor: 0.05
bandwith_kernel: None
no_interact: False
avg_score: 0.7473016977310181
median_score: 0.7478711605072021
std_score: 0.009004377759993076
percentiles: 2%=0.7287694215774536, 5%=0.7312746644020081, 10%=0.7360625267028809, 25%=0.7428043484687805, 50%=0.7478711605072021, 75%=0.7511495351791382, 90%=0.758030891418457, 95%=0.7611576318740845, 98%=0.76937335729599
ranking_best_algo: PBIL
ranking_best_score: 0.733570253046875
ranking_my_rank: 1/504 (100.0%)
ranking_my_percent: 100.0
