ConfigName: kjsd__advperagentrankweighted__M3__L16__eps0p007__g0p0005__ds0p2__dm0p2
Problem: QUBO
Kernel: jsd
Advantage: peragentrankweighted
M: 3
lambda: 16
epsilon_svgd: 0.007
gamma: 0.0005
decay_start_ratio: 0.2
decay_min_factor: 0.2
bandwith_kernel: None
no_interact: False
avg_score: -196.66000366210938
median_score: -197.5
std_score: 14.820405006408691
percentiles: 2%=-222.0399932861328, 5%=-220.0, 10%=-215.1999969482422, 25%=-208.25, 50%=-197.5, 75%=-187.0, 90%=-176.8000030517578, 95%=-169.9499969482422, 98%=-166.94000244140625
ranking_best_algo: Tabu
ranking_best_score: 208.36000000000004
ranking_my_rank: 171/504 (66.3%)
ranking_my_percent: 66.26984126984127
