ConfigName: kjsd__advperagentrankweighted__M3__L16__eps0p01__g0p001__ds0p05__dm0p05
Problem: QUBO
Kernel: jsd
Advantage: peragentrankweighted
M: 3
lambda: 16
epsilon_svgd: 0.01
gamma: 0.001
decay_start_ratio: 0.05
decay_min_factor: 0.05
bandwith_kernel: None
no_interact: False
avg_score: -326.5
median_score: -334.0
std_score: 22.672229766845703
percentiles: 2%=-361.0, 5%=-354.0, 10%=-350.0, 25%=-342.0, 50%=-334.0, 75%=-314.0, 90%=-291.79998779296875, 95%=-282.0, 98%=-277.79998779296875
ranking_best_algo: CMApara
ranking_best_score: 344.22
ranking_my_rank: 111/504 (78.2%)
ranking_my_percent: 78.17460317460318
