ConfigName: krbf__advnormalizedfitness__M3__L15__eps0p025__g0p015__ds0p01__dm0p01
Problem: QUBO
Kernel: rbf
Advantage: normalizedfitness
M: 3
lambda: 15
epsilon_svgd: 0.025
gamma: 0.015
decay_start_ratio: 0.01
decay_min_factor: 0.01
bandwith_kernel: None
no_interact: False
avg_score: -413.0
median_score: -413.0
std_score: 25.85652732849121
percentiles: 2%=-465.0799865722656, 5%=-450.04998779296875, 10%=-447.0, 25%=-430.0, 50%=-413.0, 75%=-399.5, 90%=-377.79998779296875, 95%=-366.0, 98%=-361.8799743652344
ranking_best_algo: Tabu
ranking_best_score: 438.12
ranking_my_rank: 60/504 (88.3%)
ranking_my_percent: 88.2936507936508
