ConfigName: kjsd__advperagentrankweighted__M4__L12__eps0p005__g0p0007__ds0p4__dm0p05
Problem: NK
Kernel: jsd
Advantage: peragentrankweighted
M: 4
lambda: 12
epsilon_svgd: 0.005
gamma: 0.0007
decay_start_ratio: 0.4
decay_min_factor: 0.05
bandwith_kernel: None
no_interact: False
avg_score: 0.7464113831520081
median_score: 0.7452390193939209
std_score: 0.008669123984873295
percentiles: 2%=0.7290003299713135, 5%=0.7311435341835022, 10%=0.7345697283744812, 25%=0.7413256168365479, 50%=0.7452390193939209, 75%=0.7520690560340881, 90%=0.7583799958229065, 95%=0.760478675365448, 98%=0.7643123865127563
ranking_best_algo: PBIL
ranking_best_score: 0.733570253046875
ranking_my_rank: 1/504 (100.0%)
ranking_my_percent: 100.0
