ConfigName: kjsd__advperagentrankweighted__M4__L30__eps0p005__g0p0005__ds0p4__dm0p05
Problem: NK
Kernel: jsd
Advantage: peragentrankweighted
M: 4
lambda: 30
epsilon_svgd: 0.005
gamma: 0.0005
decay_start_ratio: 0.4
decay_min_factor: 0.05
bandwith_kernel: None
no_interact: False
avg_score: 0.7567974328994751
median_score: 0.7586754560470581
std_score: 0.013088872656226158
percentiles: 2%=0.7336481809616089, 5%=0.7346361875534058, 10%=0.7379052042961121, 25%=0.7474647760391235, 50%=0.7586754560470581, 75%=0.7662518620491028, 90%=0.7731636762619019, 95%=0.7749227285385132, 98%=0.7819486260414124
ranking_best_algo: Tabu
ranking_best_score: 0.7470791764843752
ranking_my_rank: 1/504 (100.0%)
ranking_my_percent: 100.0
