ConfigName: kjsd__advperagentrankweighted__M6__L10__eps0p005__g0p0005__ds0p05__dm0p05
Problem: QUBO
Kernel: jsd
Advantage: peragentrankweighted
M: 6
lambda: 10
epsilon_svgd: 0.005
gamma: 0.0005
decay_start_ratio: 0.05
decay_min_factor: 0.05
bandwith_kernel: None
no_interact: False
avg_score: -3278.780029296875
median_score: -3285.5
std_score: 135.65158081054688
percentiles: 2%=-3551.0400390625, 5%=-3477.39990234375, 10%=-3432.10009765625, 25%=-3365.5, 50%=-3285.5, 75%=-3185.0, 90%=-3089.0, 95%=-3063.89990234375, 98%=-3030.820068359375
ranking_best_algo: RLSOnePlusOne
ranking_best_score: 3316.5199999999995
ranking_my_rank: 11/504 (98.0%)
ranking_my_percent: 98.01587301587301
