ConfigName: kjsd__advperagentrankweighted__M5__L8__eps0p02__g0p0003__ds0p05__dm0p05
Problem: QUBO
Kernel: jsd
Advantage: peragentrankweighted
M: 5
lambda: 8
epsilon_svgd: 0.02
gamma: 0.0003
decay_start_ratio: 0.05
decay_min_factor: 0.05
bandwith_kernel: None
no_interact: False
avg_score: -1207.239990234375
median_score: -1210.5
std_score: 56.34751510620117
percentiles: 2%=-1319.260009765625, 5%=-1307.1500244140625, 10%=-1271.4000244140625, 25%=-1236.5, 50%=-1210.5, 75%=-1173.75, 90%=-1131.199951171875, 95%=-1120.9000244140625, 98%=-1108.6400146484375
ranking_best_algo: SVMMetaModelLogNormal
ranking_best_score: 1233.7999999999997
ranking_my_rank: 48/504 (90.7%)
ranking_my_percent: 90.67460317460318
