ConfigName: kjsd__advperagentrankweighted__M3__L16__eps0p005__g0p001__ds0p1__dm0p05
Problem: NK
Kernel: jsd
Advantage: peragentrankweighted
M: 3
lambda: 16
epsilon_svgd: 0.005
gamma: 0.001
decay_start_ratio: 0.1
decay_min_factor: 0.05
bandwith_kernel: None
no_interact: False
avg_score: 0.7524119019508362
median_score: 0.7540363073348999
std_score: 0.014522877521812916
percentiles: 2%=0.7206891179084778, 5%=0.729999840259552, 10%=0.7351409196853638, 25%=0.741259753704071, 50%=0.7540363073348999, 75%=0.7642391920089722, 90%=0.7688140869140625, 95%=0.771950900554657, 98%=0.7766323685646057
ranking_best_algo: Tabu
ranking_best_score: 0.7657846284375001
ranking_my_rank: 12/504 (97.8%)
ranking_my_percent: 97.81746031746032
