ConfigName: krbf__advnormalizedfitness__M4__L8__eps0p025__g0p005__ds0p3__dm0p01
Problem: QUBO
Kernel: rbf
Advantage: normalizedfitness
M: 4
lambda: 8
epsilon_svgd: 0.025
gamma: 0.005
decay_start_ratio: 0.3
decay_min_factor: 0.01
bandwith_kernel: None
no_interact: False
avg_score: -149.44000244140625
median_score: -149.0
std_score: 13.245619773864746
percentiles: 2%=-179.0, 5%=-179.0, 10%=-164.0, 25%=-155.0, 50%=-149.0, 75%=-141.0, 90%=-134.89999389648438, 95%=-131.0, 98%=-126.79995727539062
ranking_best_algo: CMApara
ranking_best_score: 154.28
ranking_my_rank: 77/504 (84.9%)
ranking_my_percent: 84.92063492063492
