ConfigName: krbf__advnormalizedfitness__M3__L10__eps0p033__g0p015__ds0p3__dm0p3
Problem: QUBO
Kernel: rbf
Advantage: normalizedfitness
M: 3
lambda: 10
epsilon_svgd: 0.033
gamma: 0.015
decay_start_ratio: 0.3
decay_min_factor: 0.3
bandwith_kernel: None
no_interact: False
avg_score: -437.44000244140625
median_score: -439.5
std_score: 26.798625946044922
percentiles: 2%=-496.0400085449219, 5%=-473.0, 10%=-468.0, 25%=-457.0, 50%=-439.5, 75%=-419.0, 90%=-402.79998779296875, 95%=-396.9000244140625, 98%=-381.75994873046875
ranking_best_algo: CMApara
ranking_best_score: 453.82
ranking_my_rank: 28/504 (94.6%)
ranking_my_percent: 94.64285714285714
