ConfigName: kfr__advglobalrankweighted__M4__L12__eps0p015__g0p007__ds0p01__dm0p01
Problem: QUBO
Kernel: fr
Advantage: globalrankweighted
M: 4
lambda: 12
epsilon_svgd: 0.015
gamma: 0.007
decay_start_ratio: 0.01
decay_min_factor: 0.01
bandwith_kernel: None
no_interact: False
avg_score: -1213.300048828125
median_score: -1208.5
std_score: 70.19921875
percentiles: 2%=-1344.0400390625, 5%=-1321.699951171875, 10%=-1317.0, 25%=-1264.25, 50%=-1208.5, 75%=-1161.25, 90%=-1120.800048828125, 95%=-1105.0, 98%=-1086.599853515625
ranking_best_algo: BigLognormalDiscreteOnePlusOne
ranking_best_score: 1301.3600000000004
ranking_my_rank: 81/504 (84.1%)
ranking_my_percent: 84.12698412698413
