ConfigName: kjsd__advperagentrankweighted__M5__L10__eps0p02__g0p0003__ds0p05__dm0p05
Problem: QUBO
Kernel: jsd
Advantage: peragentrankweighted
M: 5
lambda: 10
epsilon_svgd: 0.02
gamma: 0.0003
decay_start_ratio: 0.05
decay_min_factor: 0.05
bandwith_kernel: None
no_interact: False
avg_score: -3205.419921875
median_score: -3196.0
std_score: 110.83548736572266
percentiles: 2%=-3439.580078125, 5%=-3376.25, 10%=-3346.199951171875, 25%=-3278.25, 50%=-3196.0, 75%=-3131.5, 90%=-3068.89990234375, 95%=-3035.949951171875, 98%=-3030.3798828125
ranking_best_algo: RLSOnePlusOne
ranking_best_score: 3316.5199999999995
ranking_my_rank: 53/504 (89.7%)
ranking_my_percent: 89.68253968253968
