ConfigName: kjsd__advperagentrankweighted__M4__L12__eps0p005__g0p001__ds0p1__dm0p2
Problem: NK
Kernel: jsd
Advantage: peragentrankweighted
M: 4
lambda: 12
epsilon_svgd: 0.005
gamma: 0.001
decay_start_ratio: 0.1
decay_min_factor: 0.2
bandwith_kernel: None
no_interact: False
avg_score: 0.7561393976211548
median_score: 0.7566841840744019
std_score: 0.012941597029566765
percentiles: 2%=0.7316257953643799, 5%=0.733466386795044, 10%=0.7405182123184204, 25%=0.7472899556159973, 50%=0.7566841840744019, 75%=0.7644220590591431, 90%=0.7735533714294434, 95%=0.7771760821342468, 98%=0.7813934683799744
ranking_best_algo: Tabu
ranking_best_score: 0.7470791764843752
ranking_my_rank: 1/504 (100.0%)
ranking_my_percent: 100.0
