ConfigName: kjsd__advperagentrankweighted__M4__L24__eps0p03__g0p0007__ds0p2__dm0p05
Problem: QUBO
Kernel: jsd
Advantage: peragentrankweighted
M: 4
lambda: 24
epsilon_svgd: 0.03
gamma: 0.0007
decay_start_ratio: 0.2
decay_min_factor: 0.05
bandwith_kernel: None
no_interact: False
avg_score: -198.44000244140625
median_score: -199.5
std_score: 11.87124252319336
percentiles: 2%=-224.0, 5%=-221.0, 10%=-211.10000610351562, 25%=-205.25, 50%=-199.5, 75%=-189.0, 90%=-182.89999389648438, 95%=-180.9499969482422, 98%=-176.0
ranking_best_algo: Tabu
ranking_best_score: 208.36000000000004
ranking_my_rank: 99/504 (80.6%)
ranking_my_percent: 80.55555555555556
