ConfigName: kjsd__advperagentrankweighted__M5__L12__eps0p02__g0p0007__ds0p2__dm0p05
Problem: NK
Kernel: jsd
Advantage: peragentrankweighted
M: 5
lambda: 12
epsilon_svgd: 0.02
gamma: 0.0007
decay_start_ratio: 0.2
decay_min_factor: 0.05
bandwith_kernel: None
no_interact: False
avg_score: 0.7529553174972534
median_score: 0.7523664236068726
std_score: 0.012132719159126282
percentiles: 2%=0.7308956384658813, 5%=0.7342379689216614, 10%=0.7384353876113892, 25%=0.7443201541900635, 50%=0.7523664236068726, 75%=0.7625976204872131, 90%=0.7663353085517883, 95%=0.7727086544036865, 98%=0.7771775126457214
ranking_best_algo: Tabu
ranking_best_score: 0.7470791764843752
ranking_my_rank: 1/504 (100.0%)
ranking_my_percent: 100.0
