ConfigName: krbf__advglobalrankweighted__M4__L9__eps0p015__g0p003__ds0p01__dm0p01
Problem: QUBO
Kernel: rbf
Advantage: globalrankweighted
M: 4
lambda: 9
epsilon_svgd: 0.015
gamma: 0.003
decay_start_ratio: 0.01
decay_min_factor: 0.01
bandwith_kernel: None
no_interact: False
avg_score: -3239.3798828125
median_score: -3248.5
std_score: 129.01231384277344
percentiles: 2%=-3507.139892578125, 5%=-3441.89990234375, 10%=-3406.39990234375, 25%=-3311.0, 50%=-3248.5, 75%=-3160.5, 90%=-3084.0, 95%=-3030.75, 98%=-2976.33984375
ranking_best_algo: RLSOnePlusOne
ranking_best_score: 3316.5199999999995
ranking_my_rank: 42/504 (91.9%)
ranking_my_percent: 91.86507936507937
