ConfigName: kfr__advglobalrankweighted__M4__L24__eps0p03__g0p001__ds0p01__dm0p01
Problem: QUBO
Kernel: fr
Advantage: globalrankweighted
M: 4
lambda: 24
epsilon_svgd: 0.03
gamma: 0.001
decay_start_ratio: 0.01
decay_min_factor: 0.01
bandwith_kernel: None
no_interact: False
avg_score: -2511.860107421875
median_score: -2512.0
std_score: 106.39727020263672
percentiles: 2%=-2752.280029296875, 5%=-2693.300048828125, 10%=-2643.39990234375, 25%=-2574.25, 50%=-2512.0, 75%=-2437.75, 90%=-2373.89990234375, 95%=-2349.75, 98%=-2277.97998046875
ranking_best_algo: SVM1MetaModelLogNormal
ranking_best_score: 2605.14
ranking_my_rank: 61/504 (88.1%)
ranking_my_percent: 88.0952380952381
