ConfigName: kjsd__advperagentrankweighted__M4__L12__eps0p005__g0p0007__ds0p05__dm0p05
Problem: QUBO
Kernel: jsd
Advantage: peragentrankweighted
M: 4
lambda: 12
epsilon_svgd: 0.005
gamma: 0.0007
decay_start_ratio: 0.05
decay_min_factor: 0.05
bandwith_kernel: None
no_interact: False
avg_score: -431.9599914550781
median_score: -432.0
std_score: 27.213937759399414
percentiles: 2%=-483.0, 5%=-479.20001220703125, 10%=-471.0, 25%=-451.25, 50%=-432.0, 75%=-414.75, 90%=-401.0, 95%=-381.0, 98%=-371.9599914550781
ranking_best_algo: CMAL3
ranking_best_score: 435.36
ranking_my_rank: 7/504 (98.8%)
ranking_my_percent: 98.80952380952381
