ConfigName: kjsd__advperagentrankweighted__M3__L30__eps0p005__g0p0005__ds0p1__dm0p1
Problem: NK
Kernel: jsd
Advantage: peragentrankweighted
M: 3
lambda: 30
epsilon_svgd: 0.005
gamma: 0.0005
decay_start_ratio: 0.1
decay_min_factor: 0.1
bandwith_kernel: None
no_interact: False
avg_score: 0.7489038109779358
median_score: 0.7485405802726746
std_score: 0.009814184159040451
percentiles: 2%=0.7312701940536499, 5%=0.7337499260902405, 10%=0.736000657081604, 25%=0.7423335909843445, 50%=0.7485405802726746, 75%=0.7545835971832275, 90%=0.7630981206893921, 95%=0.7668870091438293, 98%=0.7702402472496033
ranking_best_algo: PBIL
ranking_best_score: 0.733570253046875
ranking_my_rank: 1/504 (100.0%)
ranking_my_percent: 100.0
