ConfigName: krbf__advnormalizedfitness__M1__L8__eps0p025__g0p015__ds0p3__dm0p01
Problem: QUBO
Kernel: rbf
Advantage: normalizedfitness
M: 1
lambda: 8
epsilon_svgd: 0.025
gamma: 0.015
decay_start_ratio: 0.3
decay_min_factor: 0.01
bandwith_kernel: None
no_interact: False
avg_score: -2560.0
median_score: -2563.0
std_score: 127.5393295288086
percentiles: 2%=-2802.760009765625, 5%=-2757.199951171875, 10%=-2720.60009765625, 25%=-2657.25, 50%=-2563.0, 75%=-2452.5, 90%=-2390.800048828125, 95%=-2380.35009765625, 98%=-2356.7197265625
ranking_best_algo: SVM1MetaModelLogNormal
ranking_best_score: 2605.14
ranking_my_rank: 40/504 (92.3%)
ranking_my_percent: 92.26190476190476
