ConfigName: kjsd__advperagentrankweighted__M3__L16__eps0p005__g0p001__ds0p1__dm0p1
Problem: NK
Kernel: jsd
Advantage: peragentrankweighted
M: 3
lambda: 16
epsilon_svgd: 0.005
gamma: 0.001
decay_start_ratio: 0.1
decay_min_factor: 0.1
bandwith_kernel: None
no_interact: False
avg_score: 0.7532047033309937
median_score: 0.754249095916748
std_score: 0.013877260498702526
percentiles: 2%=0.7285669445991516, 5%=0.7302165627479553, 10%=0.7328761219978333, 25%=0.7457625865936279, 50%=0.754249095916748, 75%=0.7644699811935425, 90%=0.7706213593482971, 95%=0.773675799369812, 98%=0.7774625420570374
ranking_best_algo: Tabu
ranking_best_score: 0.7657846284375001
ranking_my_rank: 9/504 (98.4%)
ranking_my_percent: 98.41269841269842
