ConfigName: krbf__advnormalizedfitness__M3__L12__eps0p025__g0p01__ds0p15__dm0p3
Problem: QUBO
Kernel: rbf
Advantage: normalizedfitness
M: 3
lambda: 12
epsilon_svgd: 0.025
gamma: 0.01
decay_start_ratio: 0.15
decay_min_factor: 0.3
bandwith_kernel: None
no_interact: False
avg_score: -1354.6600341796875
median_score: -1356.0
std_score: 105.1145248413086
percentiles: 2%=-1547.0999755859375, 5%=-1523.25, 10%=-1494.300048828125, 25%=-1423.25, 50%=-1356.0, 75%=-1286.5, 90%=-1228.199951171875, 95%=-1178.9000244140625, 98%=-1154.1597900390625
ranking_best_algo: NLOPT_LN_PRAXIS
ranking_best_score: 1607.12
ranking_my_rank: 176/504 (65.3%)
ranking_my_percent: 65.27777777777777
