ConfigName: kjsd__advperagentrankweighted__M3__L18__eps0p01__g0p001__ds0p1__dm0p2
Problem: QUBO
Kernel: jsd
Advantage: peragentrankweighted
M: 3
lambda: 18
epsilon_svgd: 0.01
gamma: 0.001
decay_start_ratio: 0.1
decay_min_factor: 0.2
bandwith_kernel: None
no_interact: False
avg_score: -424.70001220703125
median_score: -423.0
std_score: 26.964235305786133
percentiles: 2%=-479.0400085449219, 5%=-471.1000061035156, 10%=-469.0, 25%=-442.25, 50%=-423.0, 75%=-405.0, 90%=-390.0, 95%=-385.95001220703125, 98%=-377.8399963378906
ranking_best_algo: CMAL3
ranking_best_score: 435.36
ranking_my_rank: 30/504 (94.2%)
ranking_my_percent: 94.24603174603175
