ConfigName: kjsd__advperagentrankweighted__M3__L18__eps0p007__g0p003__ds0p05__dm0p05
Problem: NK
Kernel: jsd
Advantage: peragentrankweighted
M: 3
lambda: 18
epsilon_svgd: 0.007
gamma: 0.003
decay_start_ratio: 0.05
decay_min_factor: 0.05
bandwith_kernel: None
no_interact: False
avg_score: 0.7559560537338257
median_score: 0.7582607269287109
std_score: 0.013829507865011692
percentiles: 2%=0.7292178869247437, 5%=0.7313369512557983, 10%=0.7360711097717285, 25%=0.7464108467102051, 50%=0.7582607269287109, 75%=0.7673461437225342, 90%=0.7717615962028503, 95%=0.7757660150527954, 98%=0.7813202738761902
ranking_best_algo: Tabu
ranking_best_score: 0.7470791764843752
ranking_my_rank: 1/504 (100.0%)
ranking_my_percent: 100.0
