ConfigName: krbf__advnormalizedfitness__M3__L15__eps0p015__g0p005__ds0p3__dm0p3
Problem: QUBO
Kernel: rbf
Advantage: normalizedfitness
M: 3
lambda: 15
epsilon_svgd: 0.015
gamma: 0.005
decay_start_ratio: 0.3
decay_min_factor: 0.3
bandwith_kernel: None
no_interact: False
avg_score: -410.3800048828125
median_score: -406.5
std_score: 26.224714279174805
percentiles: 2%=-469.0799865722656, 5%=-454.54998779296875, 10%=-442.0, 25%=-430.0, 50%=-406.5, 75%=-390.75, 90%=-379.79998779296875, 95%=-372.0, 98%=-367.91998291015625
ranking_best_algo: Tabu
ranking_best_score: 438.12
ranking_my_rank: 90/504 (82.3%)
ranking_my_percent: 82.34126984126983
