ConfigName: krbf__advnormalizedfitness__M3__L10__eps0p025__g0p015__ds0p15__dm0p3
Problem: NK
Kernel: rbf
Advantage: normalizedfitness
M: 3
lambda: 10
epsilon_svgd: 0.025
gamma: 0.015
decay_start_ratio: 0.15
decay_min_factor: 0.3
bandwith_kernel: None
no_interact: False
avg_score: 0.675069272518158
median_score: 0.6744916439056396
std_score: 0.0158868245780468
percentiles: 2%=0.6425150632858276, 5%=0.648558497428894, 10%=0.6534377336502075, 25%=0.6650871634483337, 50%=0.6744916439056396, 75%=0.6888061761856079, 90%=0.6936487555503845, 95%=0.6984546184539795, 98%=0.7025188207626343
ranking_best_algo: PBIL
ranking_best_score: 0.733570253046875
ranking_my_rank: 225/504 (55.6%)
ranking_my_percent: 55.55555555555556
