ConfigName: krbf__advnormalizedfitness__M2__L8__eps0p015__g0p015__ds0p01__dm0p01
Problem: QUBO
Kernel: rbf
Advantage: normalizedfitness
M: 2
lambda: 8
epsilon_svgd: 0.015
gamma: 0.015
decay_start_ratio: 0.01
decay_min_factor: 0.01
bandwith_kernel: None
no_interact: False
avg_score: -3291.800048828125
median_score: -3292.0
std_score: 142.0733642578125
percentiles: 2%=-3583.139892578125, 5%=-3538.89990234375, 10%=-3456.300048828125, 25%=-3393.25, 50%=-3292.0, 75%=-3199.25, 90%=-3113.0, 95%=-3061.75, 98%=-3011.919921875
ranking_best_algo: RLSOnePlusOne
ranking_best_score: 3316.5199999999995
ranking_my_rank: 3/504 (99.6%)
ranking_my_percent: 99.60317460317461
