ConfigName: kjsd__advperagentrankweighted__M3__L18__eps0p007__g0p001__ds0p1__dm0p1
Problem: QUBO
Kernel: jsd
Advantage: peragentrankweighted
M: 3
lambda: 18
epsilon_svgd: 0.007
gamma: 0.001
decay_start_ratio: 0.1
decay_min_factor: 0.1
bandwith_kernel: None
no_interact: False
avg_score: -1632.6400146484375
median_score: -1630.0
std_score: 61.79134750366211
percentiles: 2%=-1776.02001953125, 5%=-1748.949951171875, 10%=-1715.0, 25%=-1665.25, 50%=-1630.0, 75%=-1590.75, 90%=-1557.0, 95%=-1539.8499755859375, 98%=-1509.0
ranking_best_algo: NLOPT_LN_PRAXIS
ranking_best_score: 1607.12
ranking_my_rank: 1/504 (100.0%)
ranking_my_percent: 100.0
