ConfigName: kjsd__advperagentrankweighted__M5__L10__eps0p005__g0p003__ds0p05__dm0p2
Problem: NK
Kernel: jsd
Advantage: peragentrankweighted
M: 5
lambda: 10
epsilon_svgd: 0.005
gamma: 0.003
decay_start_ratio: 0.05
decay_min_factor: 0.2
bandwith_kernel: None
no_interact: False
avg_score: 0.7094088196754456
median_score: 0.7086603045463562
std_score: 0.022337043657898903
percentiles: 2%=0.6641319990158081, 5%=0.6750800013542175, 10%=0.6818063259124756, 25%=0.6947306394577026, 50%=0.7086603045463562, 75%=0.7231090068817139, 90%=0.741514265537262, 95%=0.7462279796600342, 98%=0.7537922263145447
ranking_best_algo: Tabu
ranking_best_score: 0.7470791764843752
ranking_my_rank: 243/504 (52.0%)
ranking_my_percent: 51.98412698412698
