ConfigName: krbf__advnormalizedfitness__M3__L8__eps0p03__g0p005__ds0p05__dm0p05
Problem: QUBO
Kernel: rbf
Advantage: normalizedfitness
M: 3
lambda: 8
epsilon_svgd: 0.03
gamma: 0.005
decay_start_ratio: 0.05
decay_min_factor: 0.05
bandwith_kernel: None
no_interact: False
avg_score: -574.2000122070312
median_score: -574.0
std_score: 27.52671241760254
percentiles: 2%=-637.0399780273438, 5%=-623.0999755859375, 10%=-607.0, 25%=-593.5, 50%=-574.0, 75%=-555.75, 90%=-538.9000244140625, 95%=-526.9000244140625, 98%=-522.8200073242188
ranking_best_algo: Tabu
ranking_best_score: 588.7199999999999
ranking_my_rank: 57/503 (88.9%)
ranking_my_percent: 88.86679920477137
