ConfigName: krbf__advglobalrankweighted__M4__L9__eps0p02__g0p003__ds0p01__dm0p01
Problem: QUBO
Kernel: rbf
Advantage: globalrankweighted
M: 4
lambda: 9
epsilon_svgd: 0.02
gamma: 0.003
decay_start_ratio: 0.01
decay_min_factor: 0.01
bandwith_kernel: None
no_interact: False
avg_score: -571.0800170898438
median_score: -569.5
std_score: 27.511335372924805
percentiles: 2%=-634.02001953125, 5%=-619.4000244140625, 10%=-611.0, 25%=-585.5, 50%=-569.5, 75%=-552.5, 90%=-533.9000244140625, 95%=-530.9000244140625, 98%=-520.699951171875
ranking_best_algo: Tabu
ranking_best_score: 588.7199999999999
ranking_my_rank: 62/503 (87.9%)
ranking_my_percent: 87.8727634194831
