ConfigName: kjsd__advperagentrankweighted__M4__L20__eps0p007__g0p0005__ds0p2__dm0p1
Problem: QUBO
Kernel: jsd
Advantage: peragentrankweighted
M: 4
lambda: 20
epsilon_svgd: 0.007
gamma: 0.0005
decay_start_ratio: 0.2
decay_min_factor: 0.1
bandwith_kernel: None
no_interact: False
avg_score: -309.32000732421875
median_score: -304.0
std_score: 38.983299255371094
percentiles: 2%=-394.0799865722656, 5%=-390.1000061035156, 10%=-356.79998779296875, 25%=-334.5, 50%=-304.0, 75%=-274.0, 90%=-265.8999938964844, 95%=-261.8999938964844, 98%=-256.0
ranking_best_algo: CMApara
ranking_best_score: 319.29999999999995
ranking_my_rank: 80/504 (84.3%)
ranking_my_percent: 84.32539682539682
