ConfigName: kjsd__advperagentrankweighted__M4__L8__eps0p02__g0p0007__ds0p2__dm0p05
Problem: QUBO
Kernel: jsd
Advantage: peragentrankweighted
M: 4
lambda: 8
epsilon_svgd: 0.02
gamma: 0.0007
decay_start_ratio: 0.2
decay_min_factor: 0.05
bandwith_kernel: None
no_interact: False
avg_score: -197.60000610351562
median_score: -198.0
std_score: 13.428329467773438
percentiles: 2%=-221.0, 5%=-219.0500030517578, 10%=-216.1999969482422, 25%=-209.0, 50%=-198.0, 75%=-187.75, 90%=-180.0, 95%=-177.0, 98%=-174.86000061035156
ranking_best_algo: Tabu
ranking_best_score: 208.36000000000004
ranking_my_rank: 113/504 (77.8%)
ranking_my_percent: 77.77777777777777
