ConfigName: kjsd__advperagentrankweighted__M3__L18__eps0p01__g0p001__ds0p2__dm0p2
Problem: NK
Kernel: jsd
Advantage: peragentrankweighted
M: 3
lambda: 18
epsilon_svgd: 0.01
gamma: 0.001
decay_start_ratio: 0.2
decay_min_factor: 0.2
bandwith_kernel: None
no_interact: False
avg_score: 0.709613025188446
median_score: 0.710879921913147
std_score: 0.015118441544473171
percentiles: 2%=0.6719083189964294, 5%=0.6736900210380554, 10%=0.6931554079055786, 25%=0.7055537104606628, 50%=0.710879921913147, 75%=0.7179285287857056, 90%=0.7253918051719666, 95%=0.7319010496139526, 98%=0.7328488230705261
ranking_best_algo: CMApara
ranking_best_score: 0.707475975
ranking_my_rank: 1/504 (100.0%)
ranking_my_percent: 100.0
