ConfigName: krbf__advnormalizedfitness__M3__L10__eps0p033__g0p01__ds0p01__dm0p01
Problem: QUBO
Kernel: rbf
Advantage: normalizedfitness
M: 3
lambda: 10
epsilon_svgd: 0.033
gamma: 0.01
decay_start_ratio: 0.01
decay_min_factor: 0.01
bandwith_kernel: None
no_interact: False
avg_score: -410.8599853515625
median_score: -413.0
std_score: 25.289926528930664
percentiles: 2%=-463.0400085449219, 5%=-451.1000061035156, 10%=-442.20001220703125, 25%=-427.0, 50%=-413.0, 75%=-395.5, 90%=-376.70001220703125, 95%=-369.9000244140625, 98%=-363.7999572753906
ranking_best_algo: Tabu
ranking_best_score: 438.12
ranking_my_rank: 84/504 (83.5%)
ranking_my_percent: 83.53174603174604
