ConfigName: kjsd__advperagentrankweighted__M4__L8__eps0p01__g0p0003__ds0p05__dm0p05
Problem: QUBO
Kernel: jsd
Advantage: peragentrankweighted
M: 4
lambda: 8
epsilon_svgd: 0.01
gamma: 0.0003
decay_start_ratio: 0.05
decay_min_factor: 0.05
bandwith_kernel: None
no_interact: False
avg_score: -906.0999755859375
median_score: -904.0
std_score: 57.96973419189453
percentiles: 2%=-1034.0400390625, 5%=-1005.4000244140625, 10%=-981.0999755859375, 25%=-947.0, 50%=-904.0, 75%=-857.75, 90%=-829.9000244140625, 95%=-816.9000244140625, 98%=-811.6799926757812
ranking_best_algo: CMAL3
ranking_best_score: 928.5800000000002
ranking_my_rank: 61/504 (88.1%)
ranking_my_percent: 88.0952380952381
