ConfigName: kjsd__advperagentrankweighted__M4__L20__eps0p005__g0p0005__ds0p1__dm0p2
Problem: QUBO
Kernel: jsd
Advantage: peragentrankweighted
M: 4
lambda: 20
epsilon_svgd: 0.005
gamma: 0.0005
decay_start_ratio: 0.1
decay_min_factor: 0.2
bandwith_kernel: None
no_interact: False
avg_score: -1221.97998046875
median_score: -1219.5
std_score: 62.286590576171875
percentiles: 2%=-1362.4200439453125, 5%=-1335.699951171875, 10%=-1301.199951171875, 25%=-1251.5, 50%=-1219.5, 75%=-1184.5, 90%=-1145.9000244140625, 95%=-1130.449951171875, 98%=-1112.93994140625
ranking_best_algo: SVMMetaModelLogNormal
ranking_best_score: 1233.7999999999997
ranking_my_rank: 40/504 (92.3%)
ranking_my_percent: 92.26190476190476
