ConfigName: kjsd__advperagentrankweighted__M5__L24__eps0p03__g0p0005__ds0p2__dm0p05
Problem: QUBO
Kernel: jsd
Advantage: peragentrankweighted
M: 5
lambda: 24
epsilon_svgd: 0.03
gamma: 0.0005
decay_start_ratio: 0.2
decay_min_factor: 0.05
bandwith_kernel: None
no_interact: False
avg_score: -2595.47998046875
median_score: -2584.0
std_score: 104.77083587646484
percentiles: 2%=-2790.159912109375, 5%=-2754.35009765625, 10%=-2732.300048828125, 25%=-2674.5, 50%=-2584.0, 75%=-2519.75, 90%=-2457.699951171875, 95%=-2426.949951171875, 98%=-2401.56005859375
ranking_best_algo: SVM1MetaModelLogNormal
ranking_best_score: 2605.14
ranking_my_rank: 10/504 (98.2%)
ranking_my_percent: 98.21428571428571
