ConfigName: kjsd__advperagentrankweighted__M3__L20__eps0p005__g0p003__ds0p2__dm0p05
Problem: QUBO
Kernel: jsd
Advantage: peragentrankweighted
M: 3
lambda: 20
epsilon_svgd: 0.005
gamma: 0.003
decay_start_ratio: 0.2
decay_min_factor: 0.05
bandwith_kernel: None
no_interact: False
avg_score: -2105.080078125
median_score: -2101.0
std_score: 179.60765075683594
percentiles: 2%=-2458.139892578125, 5%=-2404.75, 10%=-2344.0, 25%=-2217.5, 50%=-2101.0, 75%=-1965.75, 90%=-1867.9000244140625, 95%=-1841.699951171875, 98%=-1814.280029296875
ranking_best_algo: SVM1MetaModelLogNormal
ranking_best_score: 2605.14
ranking_my_rank: 206/504 (59.3%)
ranking_my_percent: 59.32539682539682
