ConfigName: krbf__advnormalizedfitness__M4__L15__eps0p03__g0p01__ds0p15__dm0p05
Problem: NK
Kernel: rbf
Advantage: normalizedfitness
M: 4
lambda: 15
epsilon_svgd: 0.03
gamma: 0.01
decay_start_ratio: 0.15
decay_min_factor: 0.05
bandwith_kernel: None
no_interact: False
avg_score: 0.710059404373169
median_score: 0.710845947265625
std_score: 0.015234735794365406
percentiles: 2%=0.6701155304908752, 5%=0.6721940636634827, 10%=0.6967046856880188, 25%=0.7075194716453552, 50%=0.710845947265625, 75%=0.7186967134475708, 90%=0.7251372337341309, 95%=0.7306165099143982, 98%=0.7316383719444275
ranking_best_algo: CMApara
ranking_best_score: 0.707475975
ranking_my_rank: 1/504 (100.0%)
ranking_my_percent: 100.0
