ConfigName: kjsd__advperagentrankweighted__M3__L18__eps0p01__g0p0005__ds0p05__dm0p05
Problem: NK
Kernel: jsd
Advantage: peragentrankweighted
M: 3
lambda: 18
epsilon_svgd: 0.01
gamma: 0.0005
decay_start_ratio: 0.05
decay_min_factor: 0.05
bandwith_kernel: None
no_interact: False
avg_score: 0.7295129299163818
median_score: 0.7300987839698792
std_score: 0.009459714405238628
percentiles: 2%=0.7090187668800354, 5%=0.7172418832778931, 10%=0.718875527381897, 25%=0.7220642566680908, 50%=0.7300987839698792, 75%=0.7354753017425537, 90%=0.7413761019706726, 95%=0.7454005479812622, 98%=0.7508552074432373
ranking_best_algo: Tabu
ranking_best_score: 0.7429702712499999
ranking_my_rank: 2/504 (99.8%)
ranking_my_percent: 99.8015873015873
