ConfigName: kjsd__advperagentrankweighted__M4__L30__eps0p005__g0p0007__ds0p2__dm0p05
Problem: QUBO
Kernel: jsd
Advantage: peragentrankweighted
M: 4
lambda: 30
epsilon_svgd: 0.005
gamma: 0.0007
decay_start_ratio: 0.2
decay_min_factor: 0.05
bandwith_kernel: None
no_interact: False
avg_score: -896.9000244140625
median_score: -893.0
std_score: 68.4518051147461
percentiles: 2%=-1040.280029296875, 5%=-1026.1500244140625, 10%=-980.0999755859375, 25%=-944.0, 50%=-893.0, 75%=-851.0, 90%=-819.5, 95%=-796.9000244140625, 98%=-782.52001953125
ranking_best_algo: CMAL3
ranking_best_score: 928.5800000000002
ranking_my_rank: 82/504 (83.9%)
ranking_my_percent: 83.92857142857143
