ConfigName: kjsd__advperagentrankweighted__M3__L18__eps0p007__g0p003__ds0p05__dm0p05
Problem: NK
Kernel: jsd
Advantage: peragentrankweighted
M: 3
lambda: 18
epsilon_svgd: 0.007
gamma: 0.003
decay_start_ratio: 0.05
decay_min_factor: 0.05
bandwith_kernel: None
no_interact: False
avg_score: 0.7372807860374451
median_score: 0.7376416921615601
std_score: 0.008358245715498924
percentiles: 2%=0.7210295796394348, 5%=0.7221018671989441, 10%=0.7254994511604309, 25%=0.7329078912734985, 50%=0.7376416921615601, 75%=0.7438328266143799, 90%=0.7470401525497437, 95%=0.7490531802177429, 98%=0.7523072957992554
ranking_best_algo: PBIL
ranking_best_score: 0.730509098125
ranking_my_rank: 1/504 (100.0%)
ranking_my_percent: 100.0
