ConfigName: kjsd__advperagentrankweighted__M4__L12__eps0p01__g0p0007__ds0p4__dm0p05
Problem: NK
Kernel: jsd
Advantage: peragentrankweighted
M: 4
lambda: 12
epsilon_svgd: 0.01
gamma: 0.0007
decay_start_ratio: 0.4
decay_min_factor: 0.05
bandwith_kernel: None
no_interact: False
avg_score: 0.7095558047294617
median_score: 0.7109487056732178
std_score: 0.015674293041229248
percentiles: 2%=0.6690717935562134, 5%=0.6720176339149475, 10%=0.6953659653663635, 25%=0.7052854299545288, 50%=0.7109487056732178, 75%=0.7181107401847839, 90%=0.725316047668457, 95%=0.73276287317276, 98%=0.7334478497505188
ranking_best_algo: CMApara
ranking_best_score: 0.707475975
ranking_my_rank: 1/504 (100.0%)
ranking_my_percent: 100.0
