ConfigName: krbf__advnormalizedfitness__M3__L10__eps0p025__g0p015__ds0p15__dm0p3
Problem: QUBO
Kernel: rbf
Advantage: normalizedfitness
M: 3
lambda: 10
epsilon_svgd: 0.025
gamma: 0.015
decay_start_ratio: 0.15
decay_min_factor: 0.3
bandwith_kernel: None
no_interact: False
avg_score: -405.6600036621094
median_score: -406.5
std_score: 28.15749168395996
percentiles: 2%=-457.0, 5%=-447.0, 10%=-441.1000061035156, 25%=-424.25, 50%=-406.5, 75%=-387.0, 90%=-373.0, 95%=-356.7500305175781, 98%=-341.0
ranking_best_algo: CMAL3
ranking_best_score: 435.36
ranking_my_rank: 218/504 (56.9%)
ranking_my_percent: 56.94444444444444
