ConfigName: krbf__advnormalizedfitness__M4__L15__eps0p025__g0p01__ds0p05__dm0p05
Problem: NK
Kernel: rbf
Advantage: normalizedfitness
M: 4
lambda: 15
epsilon_svgd: 0.025
gamma: 0.01
decay_start_ratio: 0.05
decay_min_factor: 0.05
bandwith_kernel: None
no_interact: False
avg_score: 0.7329540252685547
median_score: 0.7328765988349915
std_score: 0.016762128099799156
percentiles: 2%=0.700398862361908, 5%=0.7062075138092041, 10%=0.7112375497817993, 25%=0.7204315662384033, 50%=0.7328765988349915, 75%=0.7454208135604858, 90%=0.7559553384780884, 95%=0.7590740919113159, 98%=0.7638612389564514
ranking_best_algo: Tabu
ranking_best_score: 0.7470791764843752
ranking_my_rank: 24/504 (95.4%)
ranking_my_percent: 95.43650793650794
