ConfigName: kjsd__advperagentrankweighted__M3__L16__eps0p007__g0p003__ds0p1__dm0p05
Problem: QUBO
Kernel: jsd
Advantage: peragentrankweighted
M: 3
lambda: 16
epsilon_svgd: 0.007
gamma: 0.003
decay_start_ratio: 0.1
decay_min_factor: 0.05
bandwith_kernel: None
no_interact: False
avg_score: -442.5199890136719
median_score: -443.5
std_score: 28.295751571655273
percentiles: 2%=-489.05999755859375, 5%=-484.04998779296875, 10%=-473.3999938964844, 25%=-467.5, 50%=-443.5, 75%=-421.0, 90%=-403.8999938964844, 95%=-395.8999938964844, 98%=-387.9800109863281
ranking_best_algo: CMApara
ranking_best_score: 453.82
ranking_my_rank: 9/504 (98.4%)
ranking_my_percent: 98.41269841269842
