ConfigName: kjsd__advperagentrankweighted__M3__L16__eps0p005__g0p0007__ds0p2__dm0p1
Problem: QUBO
Kernel: jsd
Advantage: peragentrankweighted
M: 3
lambda: 16
epsilon_svgd: 0.005
gamma: 0.0007
decay_start_ratio: 0.2
decay_min_factor: 0.1
bandwith_kernel: None
no_interact: False
avg_score: -915.1599731445312
median_score: -916.5
std_score: 67.75273895263672
percentiles: 2%=-1045.4599609375, 5%=-1032.300048828125, 10%=-1007.2000122070312, 25%=-962.25, 50%=-916.5, 75%=-869.25, 90%=-832.0, 95%=-796.75, 98%=-790.719970703125
ranking_best_algo: CMAL3
ranking_best_score: 928.5800000000002
ranking_my_rank: 17/504 (96.8%)
ranking_my_percent: 96.82539682539682
