ConfigName: kjsd__advperagentrankweighted__M4__L20__eps0p005__g0p0005__ds0p1__dm0p1
Problem: QUBO
Kernel: jsd
Advantage: peragentrankweighted
M: 4
lambda: 20
epsilon_svgd: 0.005
gamma: 0.0005
decay_start_ratio: 0.1
decay_min_factor: 0.1
bandwith_kernel: None
no_interact: False
avg_score: -329.0799865722656
median_score: -334.0
std_score: 22.42841148376465
percentiles: 2%=-372.0, 5%=-357.0, 10%=-354.0, 25%=-342.0, 50%=-334.0, 75%=-318.0, 90%=-296.0, 95%=-286.95001220703125, 98%=-277.8399963378906
ranking_best_algo: CMApara
ranking_best_score: 344.22
ranking_my_rank: 83/504 (83.7%)
ranking_my_percent: 83.73015873015873
