ConfigName: kjsd__advperagentrankweighted__M6__L8__eps0p02__g0p0007__ds0p05__dm0p05
Problem: NK
Kernel: jsd
Advantage: peragentrankweighted
M: 6
lambda: 8
epsilon_svgd: 0.02
gamma: 0.0007
decay_start_ratio: 0.05
decay_min_factor: 0.05
bandwith_kernel: None
no_interact: False
avg_score: 0.705844521522522
median_score: 0.7069568037986755
std_score: 0.011981317773461342
percentiles: 2%=0.6850935816764832, 5%=0.6872820854187012, 10%=0.6900712847709656, 25%=0.6947058439254761, 50%=0.7069568037986755, 75%=0.7162600159645081, 90%=0.7197816967964172, 95%=0.72105473279953, 98%=0.722994863986969
ranking_best_algo: PBIL
ranking_best_score: 0.7013553837109374
ranking_my_rank: 1/504 (100.0%)
ranking_my_percent: 100.0
