ConfigName: krbf__advnormalizedfitness__M3__L12__eps0p015__g0p01__ds0p15__dm0p01
Problem: NK
Kernel: rbf
Advantage: normalizedfitness
M: 3
lambda: 12
epsilon_svgd: 0.015
gamma: 0.01
decay_start_ratio: 0.15
decay_min_factor: 0.01
bandwith_kernel: None
no_interact: False
avg_score: 0.7500177621841431
median_score: 0.7495359182357788
std_score: 0.01610102877020836
percentiles: 2%=0.7207282781600952, 5%=0.7232498526573181, 10%=0.7300958037376404, 25%=0.7368203401565552, 50%=0.7495359182357788, 75%=0.7636002898216248, 90%=0.7711939215660095, 95%=0.7762554883956909, 98%=0.7779028415679932
ranking_best_algo: Tabu
ranking_best_score: 0.7470791764843752
ranking_my_rank: 1/504 (100.0%)
ranking_my_percent: 100.0
