ConfigName: kjsd__advperagentrankweighted__M3__L20__eps0p007__g0p001__ds0p1__dm0p2
Problem: QUBO
Kernel: jsd
Advantage: peragentrankweighted
M: 3
lambda: 20
epsilon_svgd: 0.007
gamma: 0.001
decay_start_ratio: 0.1
decay_min_factor: 0.2
bandwith_kernel: None
no_interact: False
avg_score: -138.02000427246094
median_score: -140.0
std_score: 12.180295944213867
percentiles: 2%=-159.02000427246094, 5%=-156.0, 10%=-153.0, 25%=-146.0, 50%=-140.0, 75%=-129.75, 90%=-121.0, 95%=-114.94999694824219, 98%=-113.0
ranking_best_algo: DiscreteDE
ranking_best_score: 143.4
ranking_my_rank: 116/504 (77.2%)
ranking_my_percent: 77.18253968253968
