ConfigName: kjsd__advperagentrankweighted__M5__L10__eps0p03__g0p0003__ds0p2__dm0p05
Problem: NK
Kernel: jsd
Advantage: peragentrankweighted
M: 5
lambda: 10
epsilon_svgd: 0.03
gamma: 0.0003
decay_start_ratio: 0.2
decay_min_factor: 0.05
bandwith_kernel: None
no_interact: False
avg_score: 0.7258399128913879
median_score: 0.7259233593940735
std_score: 0.00993724912405014
percentiles: 2%=0.706974446773529, 5%=0.7086079120635986, 10%=0.7116978168487549, 25%=0.7188752293586731, 50%=0.7259233593940735, 75%=0.7334340810775757, 90%=0.7380703687667847, 95%=0.7414953112602234, 98%=0.7435375452041626
ranking_best_algo: PBIL
ranking_best_score: 0.730509098125
ranking_my_rank: 10/504 (98.2%)
ranking_my_percent: 98.21428571428571
