ConfigName: krbf__advnormalizedfitness__M3__L15__eps0p033__g0p01__ds0p3__dm0p01
Problem: NK
Kernel: rbf
Advantage: normalizedfitness
M: 3
lambda: 15
epsilon_svgd: 0.033
gamma: 0.01
decay_start_ratio: 0.3
decay_min_factor: 0.01
bandwith_kernel: None
no_interact: False
avg_score: 0.7106496691703796
median_score: 0.7109379768371582
std_score: 0.0154573954641819
percentiles: 2%=0.671325147151947, 5%=0.6721903085708618, 10%=0.6976377367973328, 25%=0.7075875997543335, 50%=0.7109379768371582, 75%=0.7202700972557068, 90%=0.7255480885505676, 95%=0.7327994108200073, 98%=0.7333206534385681
ranking_best_algo: CMApara
ranking_best_score: 0.707475975
ranking_my_rank: 1/504 (100.0%)
ranking_my_percent: 100.0
