ConfigName: krbf__advnormalizedfitness__M4__L8__eps0p033__g0p007__ds0p15__dm0p3
Problem: QUBO
Kernel: rbf
Advantage: normalizedfitness
M: 4
lambda: 8
epsilon_svgd: 0.033
gamma: 0.007
decay_start_ratio: 0.15
decay_min_factor: 0.3
bandwith_kernel: None
no_interact: False
avg_score: -1248.9000244140625
median_score: -1245.0
std_score: 72.68817138671875
percentiles: 2%=-1378.3399658203125, 5%=-1362.050048828125, 10%=-1339.0, 25%=-1310.25, 50%=-1245.0, 75%=-1197.75, 90%=-1150.699951171875, 95%=-1134.9000244140625, 98%=-1108.5599365234375
ranking_best_algo: BigLognormalDiscreteOnePlusOne
ranking_best_score: 1301.3600000000004
ranking_my_rank: 56/504 (89.1%)
ranking_my_percent: 89.08730158730158
