ConfigName: krbf__advnormalizedfitness__M4__L15__eps0p015__g0p01__ds0p01__dm0p3
Problem: QUBO
Kernel: rbf
Advantage: normalizedfitness
M: 4
lambda: 15
epsilon_svgd: 0.015
gamma: 0.01
decay_start_ratio: 0.01
decay_min_factor: 0.3
bandwith_kernel: None
no_interact: False
avg_score: -1014.260009765625
median_score: -1018.5
std_score: 102.68968963623047
percentiles: 2%=-1288.219970703125, 5%=-1198.8499755859375, 10%=-1140.4000244140625, 25%=-1079.25, 50%=-1018.5, 75%=-929.75, 90%=-891.9000244140625, 95%=-871.75, 98%=-862.9400024414062
ranking_best_algo: DiscreteLengler2OnePlusOne
ranking_best_score: 2617.04
ranking_my_rank: 392/504 (22.4%)
ranking_my_percent: 22.42063492063492
