ConfigName: krbf__advnormalizedfitness__M3__L15__eps0p033__g0p005__ds0p3__dm0p01
Problem: QUBO
Kernel: rbf
Advantage: normalizedfitness
M: 3
lambda: 15
epsilon_svgd: 0.033
gamma: 0.005
decay_start_ratio: 0.3
decay_min_factor: 0.01
bandwith_kernel: None
no_interact: False
avg_score: -580.8200073242188
median_score: -583.0
std_score: 24.746063232421875
percentiles: 2%=-625.0800170898438, 5%=-620.1500244140625, 10%=-611.2000122070312, 25%=-597.25, 50%=-583.0, 75%=-563.75, 90%=-549.5999755859375, 95%=-537.9000244140625, 98%=-528.9599609375
ranking_best_algo: Tabu
ranking_best_score: 588.7199999999999
ranking_my_rank: 37/503 (92.8%)
ranking_my_percent: 92.84294234592446
