ConfigName: kfr__advglobalrankweighted__M2__L10__eps0p01__g0p007__ds0p01__dm0p01
Problem: QUBO
Kernel: fr
Advantage: globalrankweighted
M: 2
lambda: 10
epsilon_svgd: 0.01
gamma: 0.007
decay_start_ratio: 0.01
decay_min_factor: 0.01
bandwith_kernel: None
no_interact: False
avg_score: -899.5
median_score: -892.5
std_score: 61.358375549316406
percentiles: 2%=-1010.2999877929688, 5%=-1001.1500244140625, 10%=-984.2999877929688, 25%=-943.0, 50%=-892.5, 75%=-849.25, 90%=-824.9000244140625, 95%=-808.6000366210938, 98%=-783.9400024414062
ranking_best_algo: CMAL3
ranking_best_score: 928.5800000000002
ranking_my_rank: 70/504 (86.3%)
ranking_my_percent: 86.30952380952381
