ConfigName: krbf__advnormalizedfitness__M3__L12__eps0p015__g0p007__ds0p3__dm0p01
Problem: QUBO
Kernel: rbf
Advantage: normalizedfitness
M: 3
lambda: 12
epsilon_svgd: 0.015
gamma: 0.007
decay_start_ratio: 0.3
decay_min_factor: 0.01
bandwith_kernel: None
no_interact: False
avg_score: -150.05999755859375
median_score: -149.0
std_score: 12.44975471496582
percentiles: 2%=-179.0, 5%=-179.0, 10%=-165.29998779296875, 25%=-155.0, 50%=-149.0, 75%=-141.0, 90%=-136.0, 95%=-134.95001220703125, 98%=-132.87997436523438
ranking_best_algo: CMApara
ranking_best_score: 154.28
ranking_my_rank: 76/504 (85.1%)
ranking_my_percent: 85.11904761904762
