ConfigName: kjsd__advperagentrankweighted__M3__L18__eps0p007__g0p001__ds0p05__dm0p1
Problem: QUBO
Kernel: jsd
Advantage: peragentrankweighted
M: 3
lambda: 18
epsilon_svgd: 0.007
gamma: 0.001
decay_start_ratio: 0.05
decay_min_factor: 0.1
bandwith_kernel: None
no_interact: False
avg_score: -326.94000244140625
median_score: -334.0
std_score: 24.305479049682617
percentiles: 2%=-372.0, 5%=-357.0, 10%=-354.0, 25%=-343.0, 50%=-334.0, 75%=-308.0, 90%=-293.79998779296875, 95%=-282.0, 98%=-277.9200134277344
ranking_best_algo: CMApara
ranking_best_score: 344.22
ranking_my_rank: 111/504 (78.2%)
ranking_my_percent: 78.17460317460318
