ConfigName: kjsd__advperagentrankweighted__M3__L16__eps0p005__g0p001__ds0p1__dm0p1
Problem: NK
Kernel: jsd
Advantage: peragentrankweighted
M: 3
lambda: 16
epsilon_svgd: 0.005
gamma: 0.001
decay_start_ratio: 0.1
decay_min_factor: 0.1
bandwith_kernel: None
no_interact: False
avg_score: 0.7498456835746765
median_score: 0.7505890727043152
std_score: 0.010100233368575573
percentiles: 2%=0.732140302658081, 5%=0.7352740168571472, 10%=0.7367061376571655, 25%=0.7431769371032715, 50%=0.7505890727043152, 75%=0.756729781627655, 90%=0.7625227570533752, 95%=0.7676711082458496, 98%=0.7690788507461548
ranking_best_algo: PBIL
ranking_best_score: 0.733570253046875
ranking_my_rank: 1/504 (100.0%)
ranking_my_percent: 100.0
