ConfigName: krbf__advnormalizedfitness__M3__L10__eps0p015__g0p01__ds0p3__dm0p3
Problem: NK
Kernel: rbf
Advantage: normalizedfitness
M: 3
lambda: 10
epsilon_svgd: 0.015
gamma: 0.01
decay_start_ratio: 0.3
decay_min_factor: 0.3
bandwith_kernel: None
no_interact: False
avg_score: 0.6621986627578735
median_score: 0.6601971983909607
std_score: 0.018472198396921158
percentiles: 2%=0.633299708366394, 5%=0.6367946267127991, 10%=0.6419154405593872, 25%=0.6497491598129272, 50%=0.6601971983909607, 75%=0.6702216863632202, 90%=0.6876174211502075, 95%=0.694962203502655, 98%=0.7067003846168518
ranking_best_algo: Tabu
ranking_best_score: 0.7601875690625
ranking_my_rank: 371/504 (26.6%)
ranking_my_percent: 26.58730158730159
