ConfigName: krbf__advglobalrankweighted__M4__L11__eps0p01__g0p005__ds0p01__dm0p01
Problem: QUBO
Kernel: rbf
Advantage: globalrankweighted
M: 4
lambda: 11
epsilon_svgd: 0.01
gamma: 0.005
decay_start_ratio: 0.01
decay_min_factor: 0.01
bandwith_kernel: None
no_interact: False
avg_score: -1492.719970703125
median_score: -1495.5
std_score: 92.92976379394531
percentiles: 2%=-1657.0, 5%=-1646.0999755859375, 10%=-1629.0999755859375, 25%=-1558.75, 50%=-1495.5, 75%=-1426.0, 90%=-1363.5, 95%=-1332.5, 98%=-1311.9000244140625
ranking_best_algo: NLOPT_LN_PRAXIS
ranking_best_score: 1607.12
ranking_my_rank: 80/504 (84.3%)
ranking_my_percent: 84.32539682539682
