ConfigName: kjsd__advperagentrankweighted__M5__L10__eps0p005__g0p003__ds0p4__dm0p2
Problem: QUBO
Kernel: jsd
Advantage: peragentrankweighted
M: 5
lambda: 10
epsilon_svgd: 0.005
gamma: 0.003
decay_start_ratio: 0.4
decay_min_factor: 0.2
bandwith_kernel: None
no_interact: False
avg_score: -1697.52001953125
median_score: -1689.0
std_score: 165.97183227539062
percentiles: 2%=-2007.6199951171875, 5%=-1948.8499755859375, 10%=-1912.5, 25%=-1821.25, 50%=-1689.0, 75%=-1584.0, 90%=-1452.800048828125, 95%=-1418.949951171875, 98%=-1399.0400390625
ranking_best_algo: DiscreteLengler2OnePlusOne
ranking_best_score: 2617.04
ranking_my_rank: 324/504 (35.9%)
ranking_my_percent: 35.91269841269841
