ConfigName: kjsd__advperagentrankweighted__M3__L20__eps0p01__g0p0005__ds0p1__dm0p2
Problem: QUBO
Kernel: jsd
Advantage: peragentrankweighted
M: 3
lambda: 20
epsilon_svgd: 0.01
gamma: 0.0005
decay_start_ratio: 0.1
decay_min_factor: 0.2
bandwith_kernel: None
no_interact: False
avg_score: -426.739990234375
median_score: -429.5
std_score: 30.549835205078125
percentiles: 2%=-479.0799865722656, 5%=-479.0, 10%=-464.5, 25%=-448.75, 50%=-429.5, 75%=-405.0, 90%=-389.0, 95%=-371.70001220703125, 98%=-355.9800109863281
ranking_best_algo: CMAL3
ranking_best_score: 435.36
ranking_my_rank: 22/504 (95.8%)
ranking_my_percent: 95.83333333333333
