ConfigName: kfr__advglobalrankweighted__M2__L8__eps0p01__g0p003__ds0p01__dm0p01
Problem: QUBO
Kernel: fr
Advantage: globalrankweighted
M: 2
lambda: 8
epsilon_svgd: 0.01
gamma: 0.003
decay_start_ratio: 0.01
decay_min_factor: 0.01
bandwith_kernel: None
no_interact: False
avg_score: -135.0
median_score: -137.0
std_score: 12.729493141174316
percentiles: 2%=-155.02000427246094, 5%=-154.0500030517578, 10%=-151.0, 25%=-144.25, 50%=-137.0, 75%=-127.0, 90%=-117.0, 95%=-112.90000915527344, 98%=-106.95999145507812
ranking_best_algo: DiscreteDE
ranking_best_score: 143.4
ranking_my_rank: 264/504 (47.8%)
ranking_my_percent: 47.817460317460316
