ConfigName: kjsd__advperagentrankweighted__M3__L18__eps0p01__g0p003__ds0p05__dm0p2
Problem: QUBO
Kernel: jsd
Advantage: peragentrankweighted
M: 3
lambda: 18
epsilon_svgd: 0.01
gamma: 0.003
decay_start_ratio: 0.05
decay_min_factor: 0.2
bandwith_kernel: None
no_interact: False
avg_score: -201.5800018310547
median_score: -201.0
std_score: 12.334650039672852
percentiles: 2%=-224.0, 5%=-222.10000610351562, 10%=-221.0, 25%=-210.0, 50%=-201.0, 75%=-192.75, 90%=-183.89999389648438, 95%=-182.0, 98%=-180.94000244140625
ranking_best_algo: Tabu
ranking_best_score: 208.36000000000004
ranking_my_rank: 39/504 (92.5%)
ranking_my_percent: 92.46031746031746
