ConfigName: kjsd__advperagentrankweighted__M3__L16__eps0p01__g0p003__ds0p1__dm0p2
Problem: QUBO
Kernel: jsd
Advantage: peragentrankweighted
M: 3
lambda: 16
epsilon_svgd: 0.01
gamma: 0.003
decay_start_ratio: 0.1
decay_min_factor: 0.2
bandwith_kernel: None
no_interact: False
avg_score: -200.02000427246094
median_score: -201.0
std_score: 12.796857833862305
percentiles: 2%=-224.0, 5%=-219.25, 10%=-215.10000610351562, 25%=-209.25, 50%=-201.0, 75%=-191.75, 90%=-181.89999389648438, 95%=-176.0, 98%=-171.0
ranking_best_algo: Tabu
ranking_best_score: 208.36000000000004
ranking_my_rank: 54/504 (89.5%)
ranking_my_percent: 89.48412698412699
