ConfigName: kjsd__advperagentrankweighted__M3__L20__eps0p005__g0p0007__ds0p05__dm0p1
Problem: QUBO
Kernel: jsd
Advantage: peragentrankweighted
M: 3
lambda: 20
epsilon_svgd: 0.005
gamma: 0.0007
decay_start_ratio: 0.05
decay_min_factor: 0.1
bandwith_kernel: None
no_interact: False
avg_score: -1299.1400146484375
median_score: -1294.0
std_score: 54.86055374145508
percentiles: 2%=-1403.0799560546875, 5%=-1390.3499755859375, 10%=-1370.0999755859375, 25%=-1338.25, 50%=-1294.0, 75%=-1261.75, 90%=-1224.800048828125, 95%=-1214.4000244140625, 98%=-1198.8800048828125
ranking_best_algo: BigLognormalDiscreteOnePlusOne
ranking_best_score: 1301.3600000000004
ranking_my_rank: 2/504 (99.8%)
ranking_my_percent: 99.8015873015873
