ConfigName: kjsd__advperagentrankweighted__M3__L20__eps0p005__g0p0007__ds0p2__dm0p1
Problem: NK
Kernel: jsd
Advantage: peragentrankweighted
M: 3
lambda: 20
epsilon_svgd: 0.005
gamma: 0.0007
decay_start_ratio: 0.2
decay_min_factor: 0.1
bandwith_kernel: None
no_interact: False
avg_score: 0.7443972826004028
median_score: 0.7423104643821716
std_score: 0.027941856533288956
percentiles: 2%=0.7055613994598389, 5%=0.708284318447113, 10%=0.7115286588668823, 25%=0.7234971523284912, 50%=0.7423104643821716, 75%=0.7601335048675537, 90%=0.7783373594284058, 95%=0.8044298887252808, 98%=0.8070106506347656
ranking_best_algo: CMApara
ranking_best_score: 0.7459277895312499
ranking_my_rank: 4/504 (99.4%)
ranking_my_percent: 99.4047619047619
