ConfigName: kjsd__advperagentrankweighted__M3__L18__eps0p007__g0p0007__ds0p2__dm0p05
Problem: NK
Kernel: jsd
Advantage: peragentrankweighted
M: 3
lambda: 18
epsilon_svgd: 0.007
gamma: 0.0007
decay_start_ratio: 0.2
decay_min_factor: 0.05
bandwith_kernel: None
no_interact: False
avg_score: 0.7540080547332764
median_score: 0.7542030215263367
std_score: 0.014207514934241772
percentiles: 2%=0.7230605483055115, 5%=0.7305054664611816, 10%=0.738338828086853, 25%=0.7442452311515808, 50%=0.7542030215263367, 75%=0.7634220123291016, 90%=0.7727746367454529, 95%=0.7762959599494934, 98%=0.7789144515991211
ranking_best_algo: Tabu
ranking_best_score: 0.7657846284375001
ranking_my_rank: 7/504 (98.8%)
ranking_my_percent: 98.80952380952381
