ConfigName: krbf__advnormalizedfitness__M2__L6__eps0p01__g0p006__ds0p01__dm0p01
Problem: QUBO
Kernel: rbf
Advantage: normalizedfitness
M: 2
lambda: 6
epsilon_svgd: 0.01
gamma: 0.006
decay_start_ratio: 0.01
decay_min_factor: 0.01
bandwith_kernel: None
no_interact: False
avg_score: -3272.659912109375
median_score: -3272.0
std_score: 146.13612365722656
percentiles: 2%=-3543.360107421875, 5%=-3481.199951171875, 10%=-3460.39990234375, 25%=-3383.5, 50%=-3272.0, 75%=-3179.5, 90%=-3094.10009765625, 95%=-3031.60009765625, 98%=-2952.979736328125
ranking_best_algo: RLSOnePlusOne
ranking_best_score: 3316.5199999999995
ranking_my_rank: 12/504 (97.8%)
ranking_my_percent: 97.81746031746032
