ConfigName: kjsd__advperagentrankweighted__M3__L16__eps0p005__g0p0005__ds0p1__dm0p1
Problem: QUBO
Kernel: jsd
Advantage: peragentrankweighted
M: 3
lambda: 16
epsilon_svgd: 0.005
gamma: 0.0005
decay_start_ratio: 0.1
decay_min_factor: 0.1
bandwith_kernel: None
no_interact: False
avg_score: -439.70001220703125
median_score: -440.0
std_score: 24.136072158813477
percentiles: 2%=-490.0400085449219, 5%=-477.1000061035156, 10%=-469.20001220703125, 25%=-458.0, 50%=-440.0, 75%=-423.0, 90%=-408.8999938964844, 95%=-396.8999938964844, 98%=-393.7799987792969
ranking_best_algo: CMApara
ranking_best_score: 453.82
ranking_my_rank: 17/504 (96.8%)
ranking_my_percent: 96.82539682539682
