ConfigName: krbf__advnormalizedfitness__M1__L10__eps0p015__g0p01__ds0p15__dm0p3
Problem: QUBO
Kernel: rbf
Advantage: normalizedfitness
M: 1
lambda: 10
epsilon_svgd: 0.015
gamma: 0.01
decay_start_ratio: 0.15
decay_min_factor: 0.3
bandwith_kernel: None
no_interact: False
avg_score: -429.239990234375
median_score: -431.0
std_score: 30.13407325744629
percentiles: 2%=-475.05999755859375, 5%=-472.04998779296875, 10%=-467.20001220703125, 25%=-453.25, 50%=-431.0, 75%=-409.75, 90%=-383.79998779296875, 95%=-378.8500061035156, 98%=-368.97998046875
ranking_best_algo: CMApara
ranking_best_score: 453.82
ranking_my_rank: 91/504 (82.1%)
ranking_my_percent: 82.14285714285714
