ConfigName: kjsd__advperagentrankweighted__M3__L16__eps0p01__g0p0007__ds0p2__dm0p1
Problem: QUBO
Kernel: jsd
Advantage: peragentrankweighted
M: 3
lambda: 16
epsilon_svgd: 0.01
gamma: 0.0007
decay_start_ratio: 0.2
decay_min_factor: 0.1
bandwith_kernel: None
no_interact: False
avg_score: -441.3800048828125
median_score: -441.0
std_score: 24.05858612060547
percentiles: 2%=-483.17999267578125, 5%=-477.20001220703125, 10%=-472.0, 25%=-458.25, 50%=-441.0, 75%=-427.5, 90%=-410.8999938964844, 95%=-400.95001220703125, 98%=-387.82000732421875
ranking_best_algo: CMApara
ranking_best_score: 453.82
ranking_my_rank: 11/504 (98.0%)
ranking_my_percent: 98.01587301587301
