ConfigName: kjsd__advperagentrankweighted__M3__L18__eps0p007__g0p0007__ds0p2__dm0p1
Problem: QUBO
Kernel: jsd
Advantage: peragentrankweighted
M: 3
lambda: 18
epsilon_svgd: 0.007
gamma: 0.0007
decay_start_ratio: 0.2
decay_min_factor: 0.1
bandwith_kernel: None
no_interact: False
avg_score: -1305.6600341796875
median_score: -1311.5
std_score: 57.04335403442383
percentiles: 2%=-1420.02001953125, 5%=-1398.199951171875, 10%=-1380.699951171875, 25%=-1343.25, 50%=-1311.5, 75%=-1259.0, 90%=-1235.0, 95%=-1216.3499755859375, 98%=-1196.9200439453125
ranking_best_algo: BigLognormalDiscreteOnePlusOne
ranking_best_score: 1301.3600000000004
ranking_my_rank: 1/504 (100.0%)
ranking_my_percent: 100.0
