ConfigName: kjsd__advperagentrankweighted__M5__L8__eps0p02__g0p0005__ds0p05__dm0p05
Problem: QUBO
Kernel: jsd
Advantage: peragentrankweighted
M: 5
lambda: 8
epsilon_svgd: 0.02
gamma: 0.0005
decay_start_ratio: 0.05
decay_min_factor: 0.05
bandwith_kernel: None
no_interact: False
avg_score: -938.7999877929688
median_score: -938.0
std_score: 67.9936752319336
percentiles: 2%=-1074.0400390625, 5%=-1062.300048828125, 10%=-1032.300048828125, 25%=-983.25, 50%=-938.0, 75%=-895.25, 90%=-848.4000244140625, 95%=-822.9000244140625, 98%=-814.9600219726562
ranking_best_algo: CMApara
ranking_best_score: 964.9
ranking_my_rank: 7/504 (98.8%)
ranking_my_percent: 98.80952380952381
