ConfigName: kjsd__advperagentrankweighted__M8__L24__eps0p005__g0p0005__ds0p05__dm0p05
Problem: NK
Kernel: jsd
Advantage: peragentrankweighted
M: 8
lambda: 24
epsilon_svgd: 0.005
gamma: 0.0005
decay_start_ratio: 0.05
decay_min_factor: 0.05
bandwith_kernel: None
no_interact: False
avg_score: 0.6963149309158325
median_score: 0.6970149278640747
std_score: 0.01357868779450655
percentiles: 2%=0.6727718114852905, 5%=0.6764622926712036, 10%=0.6788148283958435, 25%=0.6837590932846069, 50%=0.6970149278640747, 75%=0.7085649371147156, 90%=0.7128846049308777, 95%=0.7151187062263489, 98%=0.7170903086662292
ranking_best_algo: PBIL
ranking_best_score: 0.7013553837109374
ranking_my_rank: 47/504 (90.9%)
ranking_my_percent: 90.87301587301587
