ConfigName: kjsd__advperagentrankweighted__M3__L20__eps0p007__g0p0005__ds0p05__dm0p1
Problem: QUBO
Kernel: jsd
Advantage: peragentrankweighted
M: 3
lambda: 20
epsilon_svgd: 0.007
gamma: 0.0005
decay_start_ratio: 0.05
decay_min_factor: 0.1
bandwith_kernel: None
no_interact: False
avg_score: -577.1400146484375
median_score: -575.0
std_score: 29.497465133666992
percentiles: 2%=-633.1599731445312, 5%=-631.0, 10%=-617.0999755859375, 25%=-598.25, 50%=-575.0, 75%=-558.5, 90%=-540.0, 95%=-526.8499755859375, 98%=-516.9199829101562
ranking_best_algo: Tabu
ranking_best_score: 588.7199999999999
ranking_my_rank: 47/503 (90.9%)
ranking_my_percent: 90.85487077534792
