ConfigName: krbf__advnormalizedfitness__M4__L15__eps0p03__g0p005__ds0p05__dm0p05
Problem: QUBO
Kernel: rbf
Advantage: normalizedfitness
M: 4
lambda: 15
epsilon_svgd: 0.03
gamma: 0.005
decay_start_ratio: 0.05
decay_min_factor: 0.05
bandwith_kernel: None
no_interact: False
avg_score: -201.3800048828125
median_score: -201.0
std_score: 11.096647262573242
percentiles: 2%=-224.0, 5%=-222.0, 10%=-217.3000030517578, 25%=-207.25, 50%=-201.0, 75%=-195.0, 90%=-187.0, 95%=-182.0, 98%=-180.89999389648438
ranking_best_algo: Tabu
ranking_best_score: 208.36000000000004
ranking_my_rank: 40/504 (92.3%)
ranking_my_percent: 92.26190476190476
