ConfigName: kfr__advglobalrankweighted__M4__L24__eps0p06__g0p005__ds0p01__dm0p01
Problem: QUBO
Kernel: fr
Advantage: globalrankweighted
M: 4
lambda: 24
epsilon_svgd: 0.06
gamma: 0.005
decay_start_ratio: 0.01
decay_min_factor: 0.01
bandwith_kernel: None
no_interact: False
avg_score: -1191.5400390625
median_score: -1191.0
std_score: 55.006622314453125
percentiles: 2%=-1303.280029296875, 5%=-1277.5, 10%=-1261.0, 25%=-1230.25, 50%=-1191.0, 75%=-1153.5, 90%=-1127.9000244140625, 95%=-1105.8499755859375, 98%=-1079.9200439453125
ranking_best_algo: Tabu
ranking_best_score: 1216.16
ranking_my_rank: 50/504 (90.3%)
ranking_my_percent: 90.27777777777777
