ConfigName: krbf__advnormalizedfitness__M1__L8__eps0p025__g0p005__ds0p15__dm0p01
Problem: QUBO
Kernel: rbf
Advantage: normalizedfitness
M: 1
lambda: 8
epsilon_svgd: 0.025
gamma: 0.005
decay_start_ratio: 0.15
decay_min_factor: 0.01
bandwith_kernel: None
no_interact: False
avg_score: -548.52001953125
median_score: -560.0
std_score: 64.68299102783203
percentiles: 2%=-607.0800170898438, 5%=-595.2999877929688, 10%=-591.0, 25%=-580.25, 50%=-560.0, 75%=-535.25, 90%=-502.4000244140625, 95%=-490.50006103515625, 98%=-460.8799743652344
ranking_best_algo: Tabu
ranking_best_score: 588.7199999999999
ranking_my_rank: 154/503 (69.6%)
ranking_my_percent: 69.58250497017893
