ConfigName: krbf__advnormalizedfitness__M3__L10__eps0p033__g0p01__ds0p15__dm0p01
Problem: QUBO
Kernel: rbf
Advantage: normalizedfitness
M: 3
lambda: 10
epsilon_svgd: 0.033
gamma: 0.01
decay_start_ratio: 0.15
decay_min_factor: 0.01
bandwith_kernel: None
no_interact: False
avg_score: -437.6199951171875
median_score: -433.5
std_score: 25.9664306640625
percentiles: 2%=-481.0199890136719, 5%=-477.0, 10%=-472.0, 25%=-462.25, 50%=-433.5, 75%=-419.0, 90%=-404.79998779296875, 95%=-400.95001220703125, 98%=-391.89996337890625
ranking_best_algo: CMApara
ranking_best_score: 453.82
ranking_my_rank: 28/504 (94.6%)
ranking_my_percent: 94.64285714285714
