ConfigName: krbf__advnormalizedfitness__M2__L8__eps0p015__g0p007__ds0p15__dm0p3
Problem: QUBO
Kernel: rbf
Advantage: normalizedfitness
M: 2
lambda: 8
epsilon_svgd: 0.015
gamma: 0.007
decay_start_ratio: 0.15
decay_min_factor: 0.3
bandwith_kernel: None
no_interact: False
avg_score: -1187.8800048828125
median_score: -1180.5
std_score: 66.41991424560547
percentiles: 2%=-1337.1600341796875, 5%=-1295.0999755859375, 10%=-1268.0, 25%=-1228.25, 50%=-1180.5, 75%=-1147.5, 90%=-1106.5999755859375, 95%=-1077.949951171875, 98%=-1049.93994140625
ranking_best_algo: Tabu
ranking_best_score: 1216.16
ranking_my_rank: 61/504 (88.1%)
ranking_my_percent: 88.0952380952381
