ConfigName: krbf__advnormalizedfitness__M2__L8__eps0p033__g0p015__ds0p15__dm0p01
Problem: QUBO
Kernel: rbf
Advantage: normalizedfitness
M: 2
lambda: 8
epsilon_svgd: 0.033
gamma: 0.015
decay_start_ratio: 0.15
decay_min_factor: 0.01
bandwith_kernel: None
no_interact: False
avg_score: -1289.3800048828125
median_score: -1287.0
std_score: 62.22761154174805
percentiles: 2%=-1407.199951171875, 5%=-1387.4000244140625, 10%=-1371.0, 25%=-1331.0, 50%=-1287.0, 75%=-1243.75, 90%=-1217.0, 95%=-1182.949951171875, 98%=-1152.8399658203125
ranking_best_algo: BigLognormalDiscreteOnePlusOne
ranking_best_score: 1301.3600000000004
ranking_my_rank: 3/504 (99.6%)
ranking_my_percent: 99.60317460317461
