ConfigName: krbf__advnormalizedfitness__M4__L10__eps0p01__g0p002__ds0p05__dm0p05
Problem: NK
Kernel: rbf
Advantage: normalizedfitness
M: 4
lambda: 10
epsilon_svgd: 0.01
gamma: 0.002
decay_start_ratio: 0.05
decay_min_factor: 0.05
bandwith_kernel: None
no_interact: False
avg_score: 0.7414442300796509
median_score: 0.742377758026123
std_score: 0.011350640095770359
percentiles: 2%=0.7182419300079346, 5%=0.7218296527862549, 10%=0.7255284190177917, 25%=0.7340076565742493, 50%=0.742377758026123, 75%=0.7492499351501465, 90%=0.7543442845344543, 95%=0.7568309307098389, 98%=0.7624878883361816
ranking_best_algo: PBIL
ranking_best_score: 0.733570253046875
ranking_my_rank: 1/504 (100.0%)
ranking_my_percent: 100.0
