ConfigName: kjsd__advperagentrankweighted__M3__L16__eps0p005__g0p001__ds0p05__dm0p2
Problem: QUBO
Kernel: jsd
Advantage: peragentrankweighted
M: 3
lambda: 16
epsilon_svgd: 0.005
gamma: 0.001
decay_start_ratio: 0.05
decay_min_factor: 0.2
bandwith_kernel: None
no_interact: False
avg_score: -1294.6600341796875
median_score: -1295.5
std_score: 59.0330810546875
percentiles: 2%=-1403.47998046875, 5%=-1377.5, 10%=-1373.0999755859375, 25%=-1331.25, 50%=-1295.5, 75%=-1253.0, 90%=-1222.800048828125, 95%=-1190.9000244140625, 98%=-1180.6400146484375
ranking_best_algo: BigLognormalDiscreteOnePlusOne
ranking_best_score: 1301.3600000000004
ranking_my_rank: 2/504 (99.8%)
ranking_my_percent: 99.8015873015873
