ConfigName: kjsd__advperagentrankweighted__M5__L8__eps0p01__g0p0007__ds0p05__dm0p05
Problem: NK
Kernel: jsd
Advantage: peragentrankweighted
M: 5
lambda: 8
epsilon_svgd: 0.01
gamma: 0.0007
decay_start_ratio: 0.05
decay_min_factor: 0.05
bandwith_kernel: None
no_interact: False
avg_score: 0.7417517304420471
median_score: 0.7422486543655396
std_score: 0.008563107810914516
percentiles: 2%=0.7247790694236755, 5%=0.7285490036010742, 10%=0.7308858036994934, 25%=0.7356765270233154, 50%=0.7422486543655396, 75%=0.7478500604629517, 90%=0.7521066665649414, 95%=0.7548071146011353, 98%=0.7567024230957031
ranking_best_algo: PBIL
ranking_best_score: 0.733570253046875
ranking_my_rank: 1/504 (100.0%)
ranking_my_percent: 100.0
