ConfigName: kjsd__advperagentrankweighted__M4__L30__eps0p005__g0p0007__ds0p05__dm0p05
Problem: QUBO
Kernel: jsd
Advantage: peragentrankweighted
M: 4
lambda: 30
epsilon_svgd: 0.005
gamma: 0.0007
decay_start_ratio: 0.05
decay_min_factor: 0.05
bandwith_kernel: None
no_interact: False
avg_score: -1557.219970703125
median_score: -1549.5
std_score: 78.54203796386719
percentiles: 2%=-1699.260009765625, 5%=-1696.050048828125, 10%=-1678.699951171875, 25%=-1610.25, 50%=-1549.5, 75%=-1505.0, 90%=-1454.5999755859375, 95%=-1426.8499755859375, 98%=-1406.93994140625
ranking_best_algo: NLOPT_LN_PRAXIS
ranking_best_score: 1607.12
ranking_my_rank: 51/504 (90.1%)
ranking_my_percent: 90.07936507936508
