ConfigName: krbf__advnormalizedfitness__M4__L15__eps0p025__g0p015__ds0p3__dm0p01
Problem: NK
Kernel: rbf
Advantage: normalizedfitness
M: 4
lambda: 15
epsilon_svgd: 0.025
gamma: 0.015
decay_start_ratio: 0.3
decay_min_factor: 0.01
bandwith_kernel: None
no_interact: False
avg_score: 0.6009013652801514
median_score: 0.5995575189590454
std_score: 0.008564935065805912
percentiles: 2%=0.587227463722229, 5%=0.5896471738815308, 10%=0.5917516350746155, 25%=0.5953097343444824, 50%=0.5995575189590454, 75%=0.6056612730026245, 90%=0.6115176677703857, 95%=0.6189686059951782, 98%=0.6222752332687378
ranking_best_algo: Tabu
ranking_best_score: 0.7429702712499999
ranking_my_rank: 393/504 (22.2%)
ranking_my_percent: 22.22222222222222
