ConfigName: kjsd__advperagentrankweighted__M5__L8__eps0p01__g0p0007__ds0p05__dm0p2
Problem: NK
Kernel: jsd
Advantage: peragentrankweighted
M: 5
lambda: 8
epsilon_svgd: 0.01
gamma: 0.0007
decay_start_ratio: 0.05
decay_min_factor: 0.2
bandwith_kernel: None
no_interact: False
avg_score: 0.7111794352531433
median_score: 0.70106041431427
std_score: 0.03149944171309471
percentiles: 2%=0.6735868453979492, 5%=0.6744024157524109, 10%=0.6775172352790833, 25%=0.6824496388435364, 50%=0.70106041431427, 75%=0.7468891739845276, 90%=0.7532056570053101, 95%=0.7613165378570557, 98%=0.7613165378570557
ranking_best_algo: CMApara
ranking_best_score: 0.7118996098437498
ranking_my_rank: 4/504 (99.4%)
ranking_my_percent: 99.4047619047619
