ConfigName: kjsd__advperagentrankweighted__M3__L18__eps0p005__g0p0007__ds0p2__dm0p2
Problem: NK
Kernel: jsd
Advantage: peragentrankweighted
M: 3
lambda: 18
epsilon_svgd: 0.005
gamma: 0.0007
decay_start_ratio: 0.2
decay_min_factor: 0.2
bandwith_kernel: None
no_interact: False
avg_score: 0.7138490080833435
median_score: 0.712826132774353
std_score: 0.009390497580170631
percentiles: 2%=0.697167158126831, 5%=0.7012137174606323, 10%=0.7023172378540039, 25%=0.7072378993034363, 50%=0.712826132774353, 75%=0.7197121381759644, 90%=0.7262345552444458, 95%=0.7322471141815186, 98%=0.7344642281532288
ranking_best_algo: PBIL
ranking_best_score: 0.7170882103515624
ranking_my_rank: 42/504 (91.9%)
ranking_my_percent: 91.86507936507937
