ConfigName: kfr__advglobalrankweighted__M5__L11__eps0p02__g0p003__ds0p01__dm0p01
Problem: QUBO
Kernel: fr
Advantage: globalrankweighted
M: 5
lambda: 11
epsilon_svgd: 0.02
gamma: 0.003
decay_start_ratio: 0.01
decay_min_factor: 0.01
bandwith_kernel: None
no_interact: False
avg_score: -313.239990234375
median_score: -316.0
std_score: 36.69853210449219
percentiles: 2%=-394.0400085449219, 5%=-378.6000061035156, 10%=-358.3999938964844, 25%=-338.0, 50%=-316.0, 75%=-275.75, 90%=-271.79998779296875, 95%=-266.0, 98%=-263.8799743652344
ranking_best_algo: CMApara
ranking_best_score: 319.29999999999995
ranking_my_rank: 31/504 (94.0%)
ranking_my_percent: 94.04761904761905
