ConfigName: kjsd__advperagentrankweighted__M4__L12__eps0p005__g0p0005__ds0p4__dm0p05
Problem: QUBO
Kernel: jsd
Advantage: peragentrankweighted
M: 4
lambda: 12
epsilon_svgd: 0.005
gamma: 0.0005
decay_start_ratio: 0.4
decay_min_factor: 0.05
bandwith_kernel: None
no_interact: False
avg_score: -1625.8599853515625
median_score: -1627.5
std_score: 62.82993698120117
percentiles: 2%=-1724.02001953125, 5%=-1710.050048828125, 10%=-1701.300048828125, 25%=-1669.0, 50%=-1627.5, 75%=-1590.5, 90%=-1542.5999755859375, 95%=-1508.800048828125, 98%=-1482.8800048828125
ranking_best_algo: NLOPT_LN_PRAXIS
ranking_best_score: 1607.12
ranking_my_rank: 1/504 (100.0%)
ranking_my_percent: 100.0
