ConfigName: krbf__advnormalizedfitness__M2__L8__eps0p015__g0p01__ds0p01__dm0p3
Problem: NK
Kernel: rbf
Advantage: normalizedfitness
M: 2
lambda: 8
epsilon_svgd: 0.015
gamma: 0.01
decay_start_ratio: 0.01
decay_min_factor: 0.3
bandwith_kernel: None
no_interact: False
avg_score: 0.7442980408668518
median_score: 0.7437822818756104
std_score: 0.009667417965829372
percentiles: 2%=0.7255897521972656, 5%=0.7301868200302124, 10%=0.7331900596618652, 25%=0.7380766868591309, 50%=0.7437822818756104, 75%=0.7486540675163269, 90%=0.7581322193145752, 95%=0.7633557319641113, 98%=0.764873743057251
ranking_best_algo: PBIL
ranking_best_score: 0.733570253046875
ranking_my_rank: 1/504 (100.0%)
ranking_my_percent: 100.0
