ConfigName: kjsd__advperagentrankweighted__M3__L20__eps0p007__g0p003__ds0p1__dm0p1
Problem: NK
Kernel: jsd
Advantage: peragentrankweighted
M: 3
lambda: 20
epsilon_svgd: 0.007
gamma: 0.003
decay_start_ratio: 0.1
decay_min_factor: 0.1
bandwith_kernel: None
no_interact: False
avg_score: 0.7523753643035889
median_score: 0.7554566860198975
std_score: 0.015217107720673084
percentiles: 2%=0.7159547805786133, 5%=0.7262928485870361, 10%=0.7302282452583313, 25%=0.7419054508209229, 50%=0.7554566860198975, 75%=0.765546441078186, 90%=0.7706454992294312, 95%=0.7722654342651367, 98%=0.7740603089332581
ranking_best_algo: Tabu
ranking_best_score: 0.7657846284375001
ranking_my_rank: 12/504 (97.8%)
ranking_my_percent: 97.81746031746032
