ConfigName: krbf__advnormalizedfitness__M3__L8__eps0p03__g0p005__ds0p05__dm0p05
Problem: NK
Kernel: rbf
Advantage: normalizedfitness
M: 3
lambda: 8
epsilon_svgd: 0.03
gamma: 0.005
decay_start_ratio: 0.05
decay_min_factor: 0.05
bandwith_kernel: None
no_interact: False
avg_score: 0.716330885887146
median_score: 0.7160028219223022
std_score: 0.0100853955373168
percentiles: 2%=0.7002136707305908, 5%=0.7006133198738098, 10%=0.7032042145729065, 25%=0.7095121145248413, 50%=0.7160028219223022, 75%=0.7230820059776306, 90%=0.7314127683639526, 95%=0.7338361740112305, 98%=0.7362560033798218
ranking_best_algo: PBIL
ranking_best_score: 0.7170882103515624
ranking_my_rank: 9/504 (98.4%)
ranking_my_percent: 98.41269841269842
