ConfigName: krbf__advnormalizedfitness__M2__L6__eps0p01__g0p015__ds0p3__dm0p3
Problem: QUBO
Kernel: rbf
Advantage: normalizedfitness
M: 2
lambda: 6
epsilon_svgd: 0.01
gamma: 0.015
decay_start_ratio: 0.3
decay_min_factor: 0.3
bandwith_kernel: None
no_interact: False
avg_score: -2810.39990234375
median_score: -2785.0
std_score: 225.9697265625
percentiles: 2%=-3270.0400390625, 5%=-3170.050048828125, 10%=-3119.0, 25%=-2973.75, 50%=-2785.0, 75%=-2622.75, 90%=-2514.89990234375, 95%=-2451.9501953125, 98%=-2410.579833984375
ranking_best_algo: RLSOnePlusOne
ranking_best_score: 3316.5199999999995
ranking_my_rank: 160/504 (68.5%)
ranking_my_percent: 68.45238095238095
