ConfigName: kjsd__advperagentrankweighted__M4__L8__eps0p005__g0p0005__ds0p2__dm0p2
Problem: NK
Kernel: jsd
Advantage: peragentrankweighted
M: 4
lambda: 8
epsilon_svgd: 0.005
gamma: 0.0005
decay_start_ratio: 0.2
decay_min_factor: 0.2
bandwith_kernel: None
no_interact: False
avg_score: 0.7377427816390991
median_score: 0.7345728278160095
std_score: 0.014313560910522938
percentiles: 2%=0.7104501128196716, 5%=0.7156936526298523, 10%=0.7220815420150757, 25%=0.7287909388542175, 50%=0.7345728278160095, 75%=0.7492900490760803, 90%=0.7579017877578735, 95%=0.7616021633148193, 98%=0.7665210962295532
ranking_best_algo: Tabu
ranking_best_score: 0.7601875690625
ranking_my_rank: 19/504 (96.4%)
ranking_my_percent: 96.42857142857143
