ConfigName: kjsd__advperagentrankweighted__M4__L24__eps0p005__g0p0005__ds0p05__dm0p05
Problem: NK
Kernel: jsd
Advantage: peragentrankweighted
M: 4
lambda: 24
epsilon_svgd: 0.005
gamma: 0.0005
decay_start_ratio: 0.05
decay_min_factor: 0.05
bandwith_kernel: None
no_interact: False
avg_score: 0.7405836582183838
median_score: 0.738927960395813
std_score: 0.013924826867878437
percentiles: 2%=0.7193173170089722, 5%=0.721465528011322, 10%=0.7247341275215149, 25%=0.7298678159713745, 50%=0.738927960395813, 75%=0.7510896325111389, 90%=0.7612819075584412, 95%=0.7647063732147217, 98%=0.7673327922821045
ranking_best_algo: Tabu
ranking_best_score: 0.7601875690625
ranking_my_rank: 12/504 (97.8%)
ranking_my_percent: 97.81746031746032
