ConfigName: kfr__advglobalrankweighted__M1__L9__eps0p01__g0p003__ds0p01__dm0p01
Problem: QUBO
Kernel: fr
Advantage: globalrankweighted
M: 1
lambda: 9
epsilon_svgd: 0.01
gamma: 0.003
decay_start_ratio: 0.01
decay_min_factor: 0.01
bandwith_kernel: None
no_interact: False
avg_score: -1256.0799560546875
median_score: -1253.5
std_score: 66.63943481445312
percentiles: 2%=-1401.52001953125, 5%=-1373.0999755859375, 10%=-1348.4000244140625, 25%=-1300.75, 50%=-1253.5, 75%=-1207.25, 90%=-1188.800048828125, 95%=-1160.7000732421875, 98%=-1114.9000244140625
ranking_best_algo: BigLognormalDiscreteOnePlusOne
ranking_best_score: 1301.3600000000004
ranking_my_rank: 54/504 (89.5%)
ranking_my_percent: 89.48412698412699
