ConfigName: kjsd__advperagentrankweighted__M5__L10__eps0p01__g0p0007__ds0p4__dm0p2
Problem: QUBO
Kernel: jsd
Advantage: peragentrankweighted
M: 5
lambda: 10
epsilon_svgd: 0.01
gamma: 0.0007
decay_start_ratio: 0.4
decay_min_factor: 0.2
bandwith_kernel: None
no_interact: False
avg_score: -443.1199951171875
median_score: -448.5
std_score: 24.810192108154297
percentiles: 2%=-489.0, 5%=-477.20001220703125, 10%=-475.0, 25%=-462.0, 50%=-448.5, 75%=-421.75, 90%=-411.0, 95%=-403.6000061035156, 98%=-390.9800109863281
ranking_best_algo: CMApara
ranking_best_score: 453.82
ranking_my_rank: 8/504 (98.6%)
ranking_my_percent: 98.61111111111111
