ConfigName: kjsd__advperagentrankweighted__M5__L8__eps0p005__g0p0005__ds0p2__dm0p05
Problem: QUBO
Kernel: jsd
Advantage: peragentrankweighted
M: 5
lambda: 8
epsilon_svgd: 0.005
gamma: 0.0005
decay_start_ratio: 0.2
decay_min_factor: 0.05
bandwith_kernel: None
no_interact: False
avg_score: -328.6199951171875
median_score: -333.0
std_score: 22.596803665161133
percentiles: 2%=-372.0, 5%=-361.0, 10%=-354.1000061035156, 25%=-342.25, 50%=-333.0, 75%=-311.5, 90%=-293.0, 95%=-286.8500061035156, 98%=-281.9599914550781
ranking_best_algo: CMApara
ranking_best_score: 344.22
ranking_my_rank: 83/504 (83.7%)
ranking_my_percent: 83.73015873015873
