ConfigName: kjsd__advperagentrankweighted__M3__L16__eps0p01__g0p0007__ds0p05__dm0p2
Problem: NK
Kernel: jsd
Advantage: peragentrankweighted
M: 3
lambda: 16
epsilon_svgd: 0.01
gamma: 0.0007
decay_start_ratio: 0.05
decay_min_factor: 0.2
bandwith_kernel: None
no_interact: False
avg_score: 0.7335798144340515
median_score: 0.7352632284164429
std_score: 0.009125806391239166
percentiles: 2%=0.7171463370323181, 5%=0.7175589203834534, 10%=0.7201532125473022, 25%=0.7263956665992737, 50%=0.7352632284164429, 75%=0.7408046722412109, 90%=0.7442452907562256, 95%=0.7453571557998657, 98%=0.7483624815940857
ranking_best_algo: PBIL
ranking_best_score: 0.7248786399609374
ranking_my_rank: 1/504 (100.0%)
ranking_my_percent: 100.0
