ConfigName: kfr__advglobalrankweighted__M4__L15__eps0p01__g0p007__ds0p01__dm0p01
Problem: QUBO
Kernel: fr
Advantage: globalrankweighted
M: 4
lambda: 15
epsilon_svgd: 0.01
gamma: 0.007
decay_start_ratio: 0.01
decay_min_factor: 0.01
bandwith_kernel: None
no_interact: False
avg_score: -984.8599853515625
median_score: -983.0
std_score: 66.64173126220703
percentiles: 2%=-1133.5400390625, 5%=-1087.1500244140625, 10%=-1060.5999755859375, 25%=-1028.0, 50%=-983.0, 75%=-942.5, 90%=-899.5, 95%=-881.800048828125, 98%=-866.5999145507812
ranking_best_algo: SVMMetaModelLogNormal
ranking_best_score: 1233.7999999999997
ranking_my_rank: 277/504 (45.2%)
ranking_my_percent: 45.23809523809524
