ConfigName: kjsd__advperagentrankweighted__M6__L10__eps0p005__g0p0005__ds0p05__dm0p05
Problem: QUBO
Kernel: jsd
Advantage: peragentrankweighted
M: 6
lambda: 10
epsilon_svgd: 0.005
gamma: 0.0005
decay_start_ratio: 0.05
decay_min_factor: 0.05
bandwith_kernel: None
no_interact: False
avg_score: -2626.800048828125
median_score: -2638.0
std_score: 141.10690307617188
percentiles: 2%=-2913.320068359375, 5%=-2827.199951171875, 10%=-2803.300048828125, 25%=-2729.0, 50%=-2638.0, 75%=-2530.25, 90%=-2439.10009765625, 95%=-2420.949951171875, 98%=-2356.93994140625
ranking_best_algo: DiscreteLengler2OnePlusOne
ranking_best_score: 2617.04
ranking_my_rank: 1/504 (100.0%)
ranking_my_percent: 100.0
