ConfigName: krbf__advnormalizedfitness__M4__L10__eps0p033__g0p015__ds0p3__dm0p01
Problem: QUBO
Kernel: rbf
Advantage: normalizedfitness
M: 4
lambda: 10
epsilon_svgd: 0.033
gamma: 0.015
decay_start_ratio: 0.3
decay_min_factor: 0.01
bandwith_kernel: None
no_interact: False
avg_score: -203.5800018310547
median_score: -203.0
std_score: 11.962591171264648
percentiles: 2%=-224.0, 5%=-222.0, 10%=-219.10000610351562, 25%=-213.0, 50%=-203.0, 75%=-195.75, 90%=-186.0, 95%=-182.0, 98%=-178.97999572753906
ranking_best_algo: Tabu
ranking_best_score: 208.36000000000004
ranking_my_rank: 19/504 (96.4%)
ranking_my_percent: 96.42857142857143
