ConfigName: kjsd__advperagentrankweighted__M6__L30__eps0p005__g0p0005__ds0p05__dm0p05
Problem: QUBO
Kernel: jsd
Advantage: peragentrankweighted
M: 6
lambda: 30
epsilon_svgd: 0.005
gamma: 0.0005
decay_start_ratio: 0.05
decay_min_factor: 0.05
bandwith_kernel: None
no_interact: False
avg_score: -1175.280029296875
median_score: -1166.0
std_score: 85.27263641357422
percentiles: 2%=-1364.6199951171875, 5%=-1332.449951171875, 10%=-1288.800048828125, 25%=-1225.5, 50%=-1166.0, 75%=-1118.75, 90%=-1075.800048828125, 95%=-1052.800048828125, 98%=-1028.8800048828125
ranking_best_algo: BigLognormalDiscreteOnePlusOne
ranking_best_score: 1301.3600000000004
ranking_my_rank: 98/504 (80.8%)
ranking_my_percent: 80.75396825396825
