ConfigName: kjsd__advperagentrankweighted__M4__L30__eps0p005__g0p0007__ds0p2__dm0p05
Problem: QUBO
Kernel: jsd
Advantage: peragentrankweighted
M: 4
lambda: 30
epsilon_svgd: 0.005
gamma: 0.0007
decay_start_ratio: 0.2
decay_min_factor: 0.05
bandwith_kernel: None
no_interact: False
avg_score: -1258.02001953125
median_score: -1257.5
std_score: 66.07677459716797
percentiles: 2%=-1388.219970703125, 5%=-1385.0999755859375, 10%=-1337.300048828125, 25%=-1302.25, 50%=-1257.5, 75%=-1207.0, 90%=-1178.800048828125, 95%=-1166.4000244140625, 98%=-1147.8199462890625
ranking_best_algo: BigLognormalDiscreteOnePlusOne
ranking_best_score: 1301.3600000000004
ranking_my_rank: 53/504 (89.7%)
ranking_my_percent: 89.68253968253968
