ConfigName: krbf__advnormalizedfitness__M3__L10__eps0p025__g0p01__ds0p15__dm0p3
Problem: NK
Kernel: rbf
Advantage: normalizedfitness
M: 3
lambda: 10
epsilon_svgd: 0.025
gamma: 0.01
decay_start_ratio: 0.15
decay_min_factor: 0.3
bandwith_kernel: None
no_interact: False
avg_score: 0.7363103628158569
median_score: 0.7375308275222778
std_score: 0.009118637070059776
percentiles: 2%=0.7181366682052612, 5%=0.7204079031944275, 10%=0.7223759889602661, 25%=0.7302238941192627, 50%=0.7375308275222778, 75%=0.7432062029838562, 90%=0.74771648645401, 95%=0.7486720085144043, 98%=0.7510467767715454
ranking_best_algo: PBIL
ranking_best_score: 0.730509098125
ranking_my_rank: 1/504 (100.0%)
ranking_my_percent: 100.0
