ConfigName: kjsd__advperagentrankweighted__M3__L16__eps0p005__g0p001__ds0p05__dm0p05
Problem: NK
Kernel: jsd
Advantage: peragentrankweighted
M: 3
lambda: 16
epsilon_svgd: 0.005
gamma: 0.001
decay_start_ratio: 0.05
decay_min_factor: 0.05
bandwith_kernel: None
no_interact: False
avg_score: 0.7176605463027954
median_score: 0.7164199352264404
std_score: 0.010348420590162277
percentiles: 2%=0.6996097564697266, 5%=0.7032454609870911, 10%=0.7072274684906006, 25%=0.7101041078567505, 50%=0.7164199352264404, 75%=0.7242844104766846, 90%=0.7321445941925049, 95%=0.735853374004364, 98%=0.7386773824691772
ranking_best_algo: PBIL
ranking_best_score: 0.7170882103515624
ranking_my_rank: 1/504 (100.0%)
ranking_my_percent: 100.0
