ConfigName: krbf__advnormalizedfitness__M4__L12__eps0p025__g0p01__ds0p01__dm0p01
Problem: QUBO
Kernel: rbf
Advantage: normalizedfitness
M: 4
lambda: 12
epsilon_svgd: 0.025
gamma: 0.01
decay_start_ratio: 0.01
decay_min_factor: 0.01
bandwith_kernel: None
no_interact: False
avg_score: -919.1400146484375
median_score: -913.5
std_score: 61.99645233154297
percentiles: 2%=-1044.4200439453125, 5%=-1033.300048828125, 10%=-1000.0, 25%=-958.0, 50%=-913.5, 75%=-873.5, 90%=-848.0, 95%=-830.800048828125, 98%=-776.9199829101562
ranking_best_algo: CMApara
ranking_best_score: 964.9
ranking_my_rank: 64/504 (87.5%)
ranking_my_percent: 87.5
