ConfigName: kjsd__advperagentrankweighted__M3__L16__eps0p01__g0p0007__ds0p05__dm0p05
Problem: QUBO
Kernel: jsd
Advantage: peragentrankweighted
M: 3
lambda: 16
epsilon_svgd: 0.01
gamma: 0.0007
decay_start_ratio: 0.05
decay_min_factor: 0.05
bandwith_kernel: None
no_interact: False
avg_score: -2594.280029296875
median_score: -2592.5
std_score: 131.32388305664062
percentiles: 2%=-2849.219970703125, 5%=-2836.10009765625, 10%=-2770.5, 25%=-2672.25, 50%=-2592.5, 75%=-2500.0, 90%=-2427.10009765625, 95%=-2385.85009765625, 98%=-2372.56005859375
ranking_best_algo: SVM1MetaModelLogNormal
ranking_best_score: 2605.14
ranking_my_rank: 10/504 (98.2%)
ranking_my_percent: 98.21428571428571
