ConfigName: kfr__advglobalrankweighted__M2__L8__eps0p02__g0p005__ds0p01__dm0p01
Problem: QUBO
Kernel: fr
Advantage: globalrankweighted
M: 2
lambda: 8
epsilon_svgd: 0.02
gamma: 0.005
decay_start_ratio: 0.01
decay_min_factor: 0.01
bandwith_kernel: None
no_interact: False
avg_score: -1158.4000244140625
median_score: -1157.0
std_score: 69.06620025634766
percentiles: 2%=-1329.239990234375, 5%=-1259.1500244140625, 10%=-1242.0999755859375, 25%=-1211.5, 50%=-1157.0, 75%=-1103.0, 90%=-1076.800048828125, 95%=-1051.75, 98%=-1039.599853515625
ranking_best_algo: Tabu
ranking_best_score: 1216.16
ranking_my_rank: 100/504 (80.4%)
ranking_my_percent: 80.35714285714286
