ConfigName: kjsd__advperagentrankweighted__M3__L18__eps0p007__g0p0007__ds0p2__dm0p05
Problem: QUBO
Kernel: jsd
Advantage: peragentrankweighted
M: 3
lambda: 18
epsilon_svgd: 0.007
gamma: 0.0007
decay_start_ratio: 0.2
decay_min_factor: 0.05
bandwith_kernel: None
no_interact: False
avg_score: -582.47998046875
median_score: -582.0
std_score: 27.6291446685791
percentiles: 2%=-635.0399780273438, 5%=-624.0499877929688, 10%=-619.0, 25%=-601.75, 50%=-582.0, 75%=-564.0, 90%=-547.7000122070312, 95%=-540.7000122070312, 98%=-519.9400024414062
ranking_best_algo: Tabu
ranking_best_score: 588.7199999999999
ranking_my_rank: 9/503 (98.4%)
ranking_my_percent: 98.40954274353876
