ConfigName: kfr__advglobalrankweighted__M4__L24__eps0p02__g0p005__ds0p01__dm0p01
Problem: QUBO
Kernel: fr
Advantage: globalrankweighted
M: 4
lambda: 24
epsilon_svgd: 0.02
gamma: 0.005
decay_start_ratio: 0.01
decay_min_factor: 0.01
bandwith_kernel: None
no_interact: False
avg_score: -566.0999755859375
median_score: -566.5
std_score: 28.696863174438477
percentiles: 2%=-627.0399780273438, 5%=-617.0, 10%=-602.4000244140625, 25%=-585.5, 50%=-566.5, 75%=-544.0, 90%=-529.9000244140625, 95%=-522.9500122070312, 98%=-513.0
ranking_best_algo: Tabu
ranking_best_score: 588.7199999999999
ranking_my_rank: 91/503 (82.1%)
ranking_my_percent: 82.10735586481114
