ConfigName: kfr__advglobalrankweighted__M2__L7__eps0p01__g0p007__ds0p01__dm0p01
Problem: NK
Kernel: fr
Advantage: globalrankweighted
M: 2
lambda: 7
epsilon_svgd: 0.01
gamma: 0.007
decay_start_ratio: 0.01
decay_min_factor: 0.01
bandwith_kernel: None
no_interact: False
avg_score: 0.7360519170761108
median_score: 0.7374059557914734
std_score: 0.008528056554496288
percentiles: 2%=0.7180596590042114, 5%=0.71991366147995, 10%=0.7224704027175903, 25%=0.7306969165802002, 50%=0.7374059557914734, 75%=0.742509126663208, 90%=0.7465699315071106, 95%=0.7477148175239563, 98%=0.7487959265708923
ranking_best_algo: PBIL
ranking_best_score: 0.7248786399609374
ranking_my_rank: 1/504 (100.0%)
ranking_my_percent: 100.0
