ConfigName: kjsd__advperagentrankweighted__M5__L10__eps0p01__g0p003__ds0p05__dm0p05
Problem: NK
Kernel: jsd
Advantage: peragentrankweighted
M: 5
lambda: 10
epsilon_svgd: 0.01
gamma: 0.003
decay_start_ratio: 0.05
decay_min_factor: 0.05
bandwith_kernel: None
no_interact: False
avg_score: 0.7382436394691467
median_score: 0.7396329641342163
std_score: 0.0088605722412467
percentiles: 2%=0.7210376858711243, 5%=0.7223809957504272, 10%=0.7247570753097534, 25%=0.7331892251968384, 50%=0.7396329641342163, 75%=0.7449878454208374, 90%=0.7473331093788147, 95%=0.75001460313797, 98%=0.7527887225151062
ranking_best_algo: PBIL
ranking_best_score: 0.730509098125
ranking_my_rank: 1/504 (100.0%)
ranking_my_percent: 100.0
