ConfigName: kjsd__advperagentrankweighted__M4__L12__eps0p03__g0p0003__ds0p2__dm0p05
Problem: QUBO
Kernel: jsd
Advantage: peragentrankweighted
M: 4
lambda: 12
epsilon_svgd: 0.03
gamma: 0.0003
decay_start_ratio: 0.2
decay_min_factor: 0.05
bandwith_kernel: None
no_interact: False
avg_score: -143.5800018310547
median_score: -143.0
std_score: 13.574373245239258
percentiles: 2%=-179.0, 5%=-164.35000610351562, 10%=-158.1999969482422, 25%=-153.0, 50%=-143.0, 75%=-136.75, 90%=-126.80000305175781, 95%=-121.0, 98%=-117.0
ranking_best_algo: CMApara
ranking_best_score: 154.28
ranking_my_rank: 195/504 (61.5%)
ranking_my_percent: 61.507936507936506
