ConfigName: kjsd__advperagentrankweighted__M5__L10__eps0p02__g0p0003__ds0p05__dm0p05
Problem: QUBO
Kernel: jsd
Advantage: peragentrankweighted
M: 5
lambda: 10
epsilon_svgd: 0.02
gamma: 0.0003
decay_start_ratio: 0.05
decay_min_factor: 0.05
bandwith_kernel: None
no_interact: False
avg_score: -304.8999938964844
median_score: -305.0
std_score: 37.02634048461914
percentiles: 2%=-388.0400085449219, 5%=-376.20001220703125, 10%=-349.79998779296875, 25%=-330.0, 50%=-305.0, 75%=-271.75, 90%=-261.0, 95%=-257.95001220703125, 98%=-255.83999633789062
ranking_best_algo: CMApara
ranking_best_score: 319.29999999999995
ranking_my_rank: 136/504 (73.2%)
ranking_my_percent: 73.21428571428571
