ConfigName: krbf__advnormalizedfitness__M1__L8__eps0p025__g0p007__ds0p01__dm0p01
Problem: NK
Kernel: rbf
Advantage: normalizedfitness
M: 1
lambda: 8
epsilon_svgd: 0.025
gamma: 0.007
decay_start_ratio: 0.01
decay_min_factor: 0.01
bandwith_kernel: None
no_interact: False
avg_score: 0.7354393005371094
median_score: 0.7366519570350647
std_score: 0.014025776647031307
percentiles: 2%=0.7078936696052551, 5%=0.711089551448822, 10%=0.7159495949745178, 25%=0.7249702215194702, 50%=0.7366519570350647, 75%=0.7447689771652222, 90%=0.7538765668869019, 95%=0.7577774524688721, 98%=0.7619230151176453
ranking_best_algo: Tabu
ranking_best_score: 0.7470791764843752
ranking_my_rank: 18/504 (96.6%)
ranking_my_percent: 96.62698412698413
