ConfigName: kjsd__advperagentrankweighted__M3__L16__eps0p01__g0p0007__ds0p05__dm0p05
Problem: NK
Kernel: jsd
Advantage: peragentrankweighted
M: 3
lambda: 16
epsilon_svgd: 0.01
gamma: 0.0007
decay_start_ratio: 0.05
decay_min_factor: 0.05
bandwith_kernel: None
no_interact: False
avg_score: 0.735383927822113
median_score: 0.7387421727180481
std_score: 0.013733062893152237
percentiles: 2%=0.709726870059967, 5%=0.7116078734397888, 10%=0.7156423330307007, 25%=0.7258592844009399, 50%=0.7387421727180481, 75%=0.7437401413917542, 90%=0.7525140047073364, 95%=0.754375696182251, 98%=0.7609190940856934
ranking_best_algo: Tabu
ranking_best_score: 0.7601875690625
ranking_my_rank: 28/504 (94.6%)
ranking_my_percent: 94.64285714285714
