ConfigName: kjsd__advperagentrankweighted__M3__L30__eps0p005__g0p0005__ds0p2__dm0p2
Problem: QUBO
Kernel: jsd
Advantage: peragentrankweighted
M: 3
lambda: 30
epsilon_svgd: 0.005
gamma: 0.0005
decay_start_ratio: 0.2
decay_min_factor: 0.2
bandwith_kernel: None
no_interact: False
avg_score: -426.3800048828125
median_score: -427.0
std_score: 24.511537551879883
percentiles: 2%=-469.0400085449219, 5%=-465.0, 10%=-458.1000061035156, 25%=-442.25, 50%=-427.0, 75%=-411.0, 90%=-394.0, 95%=-386.6000061035156, 98%=-367.9599914550781
ranking_best_algo: CMAL3
ranking_best_score: 435.36
ranking_my_rank: 23/504 (95.6%)
ranking_my_percent: 95.63492063492063
