ConfigName: kjsd__advperagentrankweighted__M4__L8__eps0p005__g0p0003__ds0p05__dm0p05
Problem: NK
Kernel: jsd
Advantage: peragentrankweighted
M: 4
lambda: 8
epsilon_svgd: 0.005
gamma: 0.0003
decay_start_ratio: 0.05
decay_min_factor: 0.05
bandwith_kernel: None
no_interact: False
avg_score: 0.7315363883972168
median_score: 0.7328592538833618
std_score: 0.009027238003909588
percentiles: 2%=0.7131502628326416, 5%=0.7150021195411682, 10%=0.7195932865142822, 25%=0.7252750396728516, 50%=0.7328592538833618, 75%=0.7379747629165649, 90%=0.7425727844238281, 95%=0.7445822358131409, 98%=0.7465546727180481
ranking_best_algo: PBIL
ranking_best_score: 0.7248786399609374
ranking_my_rank: 1/504 (100.0%)
ranking_my_percent: 100.0
