ConfigName: kjsd__advperagentrankweighted__M4__L12__eps0p005__g0p0007__ds0p2__dm0p05
Problem: NK
Kernel: jsd
Advantage: peragentrankweighted
M: 4
lambda: 12
epsilon_svgd: 0.005
gamma: 0.0007
decay_start_ratio: 0.2
decay_min_factor: 0.05
bandwith_kernel: None
no_interact: False
avg_score: 0.710152268409729
median_score: 0.7112753391265869
std_score: 0.015138687565922737
percentiles: 2%=0.6715582609176636, 5%=0.6732535362243652, 10%=0.6962990760803223, 25%=0.707051157951355, 50%=0.7112753391265869, 75%=0.7194061875343323, 90%=0.7254721522331238, 95%=0.7322794795036316, 98%=0.7331773638725281
ranking_best_algo: CMApara
ranking_best_score: 0.707475975
ranking_my_rank: 1/504 (100.0%)
ranking_my_percent: 100.0
