ConfigName: kjsd__advperagentrankweighted__M5__L8__eps0p005__g0p003__ds0p05__dm0p05
Problem: QUBO
Kernel: jsd
Advantage: peragentrankweighted
M: 5
lambda: 8
epsilon_svgd: 0.005
gamma: 0.003
decay_start_ratio: 0.05
decay_min_factor: 0.05
bandwith_kernel: None
no_interact: False
avg_score: -148.3000030517578
median_score: -147.0
std_score: 13.030349731445312
percentiles: 2%=-179.0, 5%=-177.10000610351562, 10%=-158.1999969482422, 25%=-155.0, 50%=-147.0, 75%=-139.0, 90%=-134.89999389648438, 95%=-127.0, 98%=-124.83999633789062
ranking_best_algo: CMApara
ranking_best_score: 154.28
ranking_my_rank: 84/504 (83.5%)
ranking_my_percent: 83.53174603174604
