ConfigName: kjsd__advperagentrankweighted__M6__L8__eps0p03__g0p0005__ds0p2__dm0p05
Problem: NK
Kernel: jsd
Advantage: peragentrankweighted
M: 6
lambda: 8
epsilon_svgd: 0.03
gamma: 0.0005
decay_start_ratio: 0.2
decay_min_factor: 0.05
bandwith_kernel: None
no_interact: False
avg_score: 0.7043552398681641
median_score: 0.7035577297210693
std_score: 0.006696352269500494
percentiles: 2%=0.6922522187232971, 5%=0.6950629949569702, 10%=0.6964041590690613, 25%=0.6994848251342773, 50%=0.7035577297210693, 75%=0.7082161903381348, 90%=0.7125252485275269, 95%=0.7180546522140503, 98%=0.7206175327301025
ranking_best_algo: PBIL
ranking_best_score: 0.7170882103515624
ranking_my_rank: 62/504 (87.9%)
ranking_my_percent: 87.89682539682539
