ConfigName: kjsd__advperagentrankweighted__M8__L28__eps0p005__g0p0005__ds0p05__dm0p05
Problem: QUBO
Kernel: jsd
Advantage: peragentrankweighted
M: 8
lambda: 28
epsilon_svgd: 0.005
gamma: 0.0005
decay_start_ratio: 0.05
decay_min_factor: 0.05
bandwith_kernel: None
no_interact: False
avg_score: -408.44000244140625
median_score: -412.0
std_score: 26.118314743041992
percentiles: 2%=-459.1199951171875, 5%=-450.04998779296875, 10%=-441.3999938964844, 25%=-426.0, 50%=-412.0, 75%=-392.0, 90%=-373.79998779296875, 95%=-363.8999938964844, 98%=-353.9200134277344
ranking_best_algo: Tabu
ranking_best_score: 438.12
ranking_my_rank: 142/504 (72.0%)
ranking_my_percent: 72.02380952380952
