ConfigName: krbf__advnormalizedfitness__M1__L8__eps0p015__g0p015__ds0p01__dm0p01
Problem: QUBO
Kernel: rbf
Advantage: normalizedfitness
M: 1
lambda: 8
epsilon_svgd: 0.015
gamma: 0.015
decay_start_ratio: 0.01
decay_min_factor: 0.01
bandwith_kernel: None
no_interact: False
avg_score: -405.0799865722656
median_score: -406.0
std_score: 29.239587783813477
percentiles: 2%=-469.0, 5%=-454.1499938964844, 10%=-451.1000061035156, 25%=-422.5, 50%=-406.0, 75%=-384.0, 90%=-365.79998779296875, 95%=-359.9000244140625, 98%=-352.0
ranking_best_algo: Tabu
ranking_best_score: 438.12
ranking_my_rank: 174/504 (65.7%)
ranking_my_percent: 65.67460317460318
