ConfigName: kfr__advglobalrankweighted__M2__L9__eps0p02__g0p003__ds0p01__dm0p01
Problem: QUBO
Kernel: fr
Advantage: globalrankweighted
M: 2
lambda: 9
epsilon_svgd: 0.02
gamma: 0.003
decay_start_ratio: 0.01
decay_min_factor: 0.01
bandwith_kernel: None
no_interact: False
avg_score: -3214.06005859375
median_score: -3212.0
std_score: 116.11166381835938
percentiles: 2%=-3435.219970703125, 5%=-3391.449951171875, 10%=-3359.0, 25%=-3287.5, 50%=-3212.0, 75%=-3134.25, 90%=-3085.39990234375, 95%=-3019.800048828125, 98%=-2979.2998046875
ranking_best_algo: RLSOnePlusOne
ranking_best_score: 3316.5199999999995
ranking_my_rank: 48/504 (90.7%)
ranking_my_percent: 90.67460317460318
