ConfigName: kjsd__advperagentrankweighted__M4__L20__eps0p005__g0p0005__ds0p1__dm0p05
Problem: QUBO
Kernel: jsd
Advantage: peragentrankweighted
M: 4
lambda: 20
epsilon_svgd: 0.005
gamma: 0.0005
decay_start_ratio: 0.1
decay_min_factor: 0.05
bandwith_kernel: None
no_interact: False
avg_score: -3294.360107421875
median_score: -3290.0
std_score: 122.02995300292969
percentiles: 2%=-3569.4599609375, 5%=-3490.5, 10%=-3461.300048828125, 25%=-3364.75, 50%=-3290.0, 75%=-3190.5, 90%=-3158.39990234375, 95%=-3124.64990234375, 98%=-3089.56005859375
ranking_best_algo: RLSOnePlusOne
ranking_best_score: 3316.5199999999995
ranking_my_rank: 3/504 (99.6%)
ranking_my_percent: 99.60317460317461
