ConfigName: kjsd__advperagentrankweighted__M4__L10__eps0p005__g0p0003__ds0p4__dm0p05
Problem: NK
Kernel: jsd
Advantage: peragentrankweighted
M: 4
lambda: 10
epsilon_svgd: 0.005
gamma: 0.0003
decay_start_ratio: 0.4
decay_min_factor: 0.05
bandwith_kernel: None
no_interact: False
avg_score: 0.7505893111228943
median_score: 0.7524534463882446
std_score: 0.014392979443073273
percentiles: 2%=0.7149750590324402, 5%=0.7216412425041199, 10%=0.7356874346733093, 25%=0.7420200109481812, 50%=0.7524534463882446, 75%=0.7597382068634033, 90%=0.7687476873397827, 95%=0.7713306546211243, 98%=0.7733564972877502
ranking_best_algo: Tabu
ranking_best_score: 0.7657846284375001
ranking_my_rank: 21/504 (96.0%)
ranking_my_percent: 96.03174603174604
