ConfigName: krbf__advnormalizedfitness__M3__L10__eps0p033__g0p007__ds0p3__dm0p01
Problem: NK
Kernel: rbf
Advantage: normalizedfitness
M: 3
lambda: 10
epsilon_svgd: 0.033
gamma: 0.007
decay_start_ratio: 0.3
decay_min_factor: 0.01
bandwith_kernel: None
no_interact: False
avg_score: 0.7374675869941711
median_score: 0.7394396066665649
std_score: 0.009077606722712517
percentiles: 2%=0.7190370559692383, 5%=0.7214337587356567, 10%=0.7244246602058411, 25%=0.7309733033180237, 50%=0.7394396066665649, 75%=0.7446045875549316, 90%=0.7473400235176086, 95%=0.7494328022003174, 98%=0.7516738772392273
ranking_best_algo: PBIL
ranking_best_score: 0.730509098125
ranking_my_rank: 1/504 (100.0%)
ranking_my_percent: 100.0
