ConfigName: kfr__advglobalrankweighted__M3__L8__eps0p01__g0p007__ds0p01__dm0p01
Problem: QUBO
Kernel: fr
Advantage: globalrankweighted
M: 3
lambda: 8
epsilon_svgd: 0.01
gamma: 0.007
decay_start_ratio: 0.01
decay_min_factor: 0.01
bandwith_kernel: None
no_interact: False
avg_score: -907.6199951171875
median_score: -907.0
std_score: 58.12637710571289
percentiles: 2%=-1021.1400146484375, 5%=-1008.2999877929688, 10%=-983.0999755859375, 25%=-949.5, 50%=-907.0, 75%=-859.0, 90%=-833.9000244140625, 95%=-821.6500244140625, 98%=-812.9400024414062
ranking_best_algo: CMAL3
ranking_best_score: 928.5800000000002
ranking_my_rank: 54/504 (89.5%)
ranking_my_percent: 89.48412698412699
