ConfigName: kjsd__advperagentrankweighted__M4__L10__eps0p005__g0p0005__ds0p2__dm0p05
Problem: QUBO
Kernel: jsd
Advantage: peragentrankweighted
M: 4
lambda: 10
epsilon_svgd: 0.005
gamma: 0.0005
decay_start_ratio: 0.2
decay_min_factor: 0.05
bandwith_kernel: None
no_interact: False
avg_score: -938.4000244140625
median_score: -932.0
std_score: 66.83486938476562
percentiles: 2%=-1078.0, 5%=-1049.199951171875, 10%=-1025.9000244140625, 25%=-981.75, 50%=-932.0, 75%=-896.75, 90%=-850.7999877929688, 95%=-824.75, 98%=-812.7999877929688
ranking_best_algo: CMApara
ranking_best_score: 964.9
ranking_my_rank: 7/504 (98.8%)
ranking_my_percent: 98.80952380952381
