ConfigName: kjsd__advperagentrankweighted__M8__L28__eps0p005__g0p0005__ds0p05__dm0p05
Problem: QUBO
Kernel: jsd
Advantage: peragentrankweighted
M: 8
lambda: 28
epsilon_svgd: 0.005
gamma: 0.0005
decay_start_ratio: 0.05
decay_min_factor: 0.05
bandwith_kernel: None
no_interact: False
avg_score: -2191.419921875
median_score: -2190.5
std_score: 213.8541259765625
percentiles: 2%=-2639.97998046875, 5%=-2589.39990234375, 10%=-2461.699951171875, 25%=-2325.25, 50%=-2190.5, 75%=-2033.5, 90%=-1920.5, 95%=-1871.5999755859375, 98%=-1829.6400146484375
ranking_best_algo: RLSOnePlusOne
ranking_best_score: 3316.5199999999995
ranking_my_rank: 294/504 (41.9%)
ranking_my_percent: 41.86507936507937
