ConfigName: krbf__advnormalizedfitness__M4__L8__eps0p025__g0p005__ds0p15__dm0p3
Problem: QUBO
Kernel: rbf
Advantage: normalizedfitness
M: 4
lambda: 8
epsilon_svgd: 0.025
gamma: 0.005
decay_start_ratio: 0.15
decay_min_factor: 0.3
bandwith_kernel: None
no_interact: False
avg_score: -415.7799987792969
median_score: -416.0
std_score: 24.824012756347656
percentiles: 2%=-473.0799865722656, 5%=-453.04998779296875, 10%=-449.0, 25%=-428.0, 50%=-416.0, 75%=-397.0, 90%=-384.0, 95%=-380.0, 98%=-369.91998291015625
ranking_best_algo: Tabu
ranking_best_score: 438.12
ranking_my_rank: 47/504 (90.9%)
ranking_my_percent: 90.87301587301587
