ConfigName: krbf__advnormalizedfitness__M3__L10__eps0p025__g0p007__ds0p01__dm0p01
Problem: QUBO
Kernel: rbf
Advantage: normalizedfitness
M: 3
lambda: 10
epsilon_svgd: 0.025
gamma: 0.007
decay_start_ratio: 0.01
decay_min_factor: 0.01
bandwith_kernel: None
no_interact: False
avg_score: -1180.8800048828125
median_score: -1178.5
std_score: 46.82953643798828
percentiles: 2%=-1262.02001953125, 5%=-1258.050048828125, 10%=-1241.4000244140625, 25%=-1215.75, 50%=-1178.5, 75%=-1150.75, 90%=-1120.9000244140625, 95%=-1110.0001220703125, 98%=-1079.7999267578125
ranking_best_algo: Tabu
ranking_best_score: 1216.16
ranking_my_rank: 70/504 (86.3%)
ranking_my_percent: 86.30952380952381
