ConfigName: kjsd__advperagentrankweighted__M4__L24__eps0p03__g0p0007__ds0p2__dm0p05
Problem: QUBO
Kernel: jsd
Advantage: peragentrankweighted
M: 4
lambda: 24
epsilon_svgd: 0.03
gamma: 0.0007
decay_start_ratio: 0.2
decay_min_factor: 0.05
bandwith_kernel: None
no_interact: False
avg_score: -415.5799865722656
median_score: -417.5
std_score: 26.494216918945312
percentiles: 2%=-469.0, 5%=-459.1000061035156, 10%=-450.20001220703125, 25%=-434.0, 50%=-417.5, 75%=-392.0, 90%=-383.79998779296875, 95%=-373.8999938964844, 98%=-367.760009765625
ranking_best_algo: Tabu
ranking_best_score: 438.12
ranking_my_rank: 49/504 (90.5%)
ranking_my_percent: 90.47619047619048
