ConfigName: kjsd__advperagentrankweighted__M6__L8__eps0p03__g0p0003__ds0p2__dm0p05
Problem: NK
Kernel: jsd
Advantage: peragentrankweighted
M: 6
lambda: 8
epsilon_svgd: 0.03
gamma: 0.0003
decay_start_ratio: 0.2
decay_min_factor: 0.05
bandwith_kernel: None
no_interact: False
avg_score: 0.7083511352539062
median_score: 0.7079824805259705
std_score: 0.008518703281879425
percentiles: 2%=0.691514253616333, 5%=0.6944633722305298, 10%=0.6986528635025024, 25%=0.7030094265937805, 50%=0.7079824805259705, 75%=0.7125015258789062, 90%=0.7200588583946228, 95%=0.72336745262146, 98%=0.7255247831344604
ranking_best_algo: Tabu
ranking_best_score: 0.7429702712499999
ranking_my_rank: 154/504 (69.6%)
ranking_my_percent: 69.64285714285714
