ConfigName: kjsd__advperagentrankweighted__M4__L8__eps0p005__g0p0005__ds0p05__dm0p05
Problem: NK
Kernel: jsd
Advantage: peragentrankweighted
M: 4
lambda: 8
epsilon_svgd: 0.005
gamma: 0.0005
decay_start_ratio: 0.05
decay_min_factor: 0.05
bandwith_kernel: None
no_interact: False
avg_score: 0.7412384748458862
median_score: 0.741195023059845
std_score: 0.012093526311218739
percentiles: 2%=0.719871997833252, 5%=0.7239825129508972, 10%=0.7264003753662109, 25%=0.7320809364318848, 50%=0.741195023059845, 75%=0.7477807998657227, 90%=0.7588939666748047, 95%=0.7632236480712891, 98%=0.7640762329101562
ranking_best_algo: Tabu
ranking_best_score: 0.7601875690625
ranking_my_rank: 12/504 (97.8%)
ranking_my_percent: 97.81746031746032
