ConfigName: krbf__advnormalizedfitness__M3__L15__eps0p033__g0p01__ds0p15__dm0p3
Problem: QUBO
Kernel: rbf
Advantage: normalizedfitness
M: 3
lambda: 15
epsilon_svgd: 0.033
gamma: 0.01
decay_start_ratio: 0.15
decay_min_factor: 0.3
bandwith_kernel: None
no_interact: False
avg_score: -554.5800170898438
median_score: -558.0
std_score: 32.34723663330078
percentiles: 2%=-611.0, 5%=-607.0, 10%=-593.0999755859375, 25%=-576.25, 50%=-558.0, 75%=-532.0, 90%=-509.8999938964844, 95%=-503.6500244140625, 98%=-494.91998291015625
ranking_best_algo: Tabu
ranking_best_score: 588.7199999999999
ranking_my_rank: 147/503 (71.0%)
ranking_my_percent: 70.97415506958251
