ConfigName: kfr__advglobalrankweighted__M4__L12__eps0p02__g0p007__ds0p01__dm0p01
Problem: QUBO
Kernel: fr
Advantage: globalrankweighted
M: 4
lambda: 12
epsilon_svgd: 0.02
gamma: 0.007
decay_start_ratio: 0.01
decay_min_factor: 0.01
bandwith_kernel: None
no_interact: False
avg_score: -328.17999267578125
median_score: -334.0
std_score: 23.226011276245117
percentiles: 2%=-372.0, 5%=-357.20001220703125, 10%=-352.20001220703125, 25%=-343.0, 50%=-334.0, 75%=-309.5, 90%=-292.0, 95%=-284.95001220703125, 98%=-280.0
ranking_best_algo: CMApara
ranking_best_score: 344.22
ranking_my_rank: 84/504 (83.5%)
ranking_my_percent: 83.53174603174604
