ConfigName: kjsd__advperagentrankweighted__M3__L16__eps0p01__g0p001__ds0p1__dm0p1
Problem: QUBO
Kernel: jsd
Advantage: peragentrankweighted
M: 3
lambda: 16
epsilon_svgd: 0.01
gamma: 0.001
decay_start_ratio: 0.1
decay_min_factor: 0.1
bandwith_kernel: None
no_interact: False
avg_score: -1312.719970703125
median_score: -1317.5
std_score: 56.480628967285156
percentiles: 2%=-1409.5799560546875, 5%=-1395.4000244140625, 10%=-1379.199951171875, 25%=-1356.0, 50%=-1317.5, 75%=-1276.25, 90%=-1240.300048828125, 95%=-1218.300048828125, 98%=-1188.760009765625
ranking_best_algo: BigLognormalDiscreteOnePlusOne
ranking_best_score: 1301.3600000000004
ranking_my_rank: 1/504 (100.0%)
ranking_my_percent: 100.0
