ConfigName: krbf__advnormalizedfitness__M4__L8__eps0p015__g0p007__ds0p01__dm0p3
Problem: QUBO
Kernel: rbf
Advantage: normalizedfitness
M: 4
lambda: 8
epsilon_svgd: 0.015
gamma: 0.007
decay_start_ratio: 0.01
decay_min_factor: 0.3
bandwith_kernel: None
no_interact: False
avg_score: -845.6400146484375
median_score: -837.0
std_score: 80.77283477783203
percentiles: 2%=-1018.0800170898438, 5%=-1004.1500244140625, 10%=-973.0999755859375, 25%=-899.0, 50%=-837.0, 75%=-785.5, 90%=-749.5999755859375, 95%=-731.9500122070312, 98%=-719.0
ranking_best_algo: CMAL3
ranking_best_score: 928.5800000000002
ranking_my_rank: 223/504 (56.0%)
ranking_my_percent: 55.95238095238095
