ConfigName: kjsd__advperagentrankweighted__M5__L12__eps0p008__g0p0005__ds0p05__dm0p05
Problem: NK
Kernel: jsd
Advantage: peragentrankweighted
M: 5
lambda: 12
epsilon_svgd: 0.008
gamma: 0.0005
decay_start_ratio: 0.05
decay_min_factor: 0.05
bandwith_kernel: None
no_interact: False
avg_score: 0.7577125430107117
median_score: 0.757301390171051
std_score: 0.012874222360551357
percentiles: 2%=0.7348198890686035, 5%=0.7398116588592529, 10%=0.7423621416091919, 25%=0.7476452589035034, 50%=0.757301390171051, 75%=0.7653830051422119, 90%=0.7761660814285278, 95%=0.7801771759986877, 98%=0.7847239971160889
ranking_best_algo: Tabu
ranking_best_score: 0.7470791764843752
ranking_my_rank: 1/504 (100.0%)
ranking_my_percent: 100.0
