ConfigName: kjsd__advperagentrankweighted__M4__L20__eps0p005__g0p0005__ds0p1__dm0p2
Problem: QUBO
Kernel: jsd
Advantage: peragentrankweighted
M: 4
lambda: 20
epsilon_svgd: 0.005
gamma: 0.0005
decay_start_ratio: 0.1
decay_min_factor: 0.2
bandwith_kernel: None
no_interact: False
avg_score: -1300.4200439453125
median_score: -1295.0
std_score: 64.13426208496094
percentiles: 2%=-1433.02001953125, 5%=-1397.5, 10%=-1384.0999755859375, 25%=-1349.75, 50%=-1295.0, 75%=-1260.75, 90%=-1219.0, 95%=-1200.9000244140625, 98%=-1180.52001953125
ranking_best_algo: BigLognormalDiscreteOnePlusOne
ranking_best_score: 1301.3600000000004
ranking_my_rank: 2/504 (99.8%)
ranking_my_percent: 99.8015873015873
