ConfigName: krbf__advnormalizedfitness__M3__L8__eps0p02__g0p005__ds0p15__dm0p05
Problem: QUBO
Kernel: rbf
Advantage: normalizedfitness
M: 3
lambda: 8
epsilon_svgd: 0.02
gamma: 0.005
decay_start_ratio: 0.15
decay_min_factor: 0.05
bandwith_kernel: None
no_interact: False
avg_score: -308.9200134277344
median_score: -315.0
std_score: 39.16674041748047
percentiles: 2%=-392.0400085449219, 5%=-378.20001220703125, 10%=-352.20001220703125, 25%=-336.5, 50%=-315.0, 75%=-272.75, 90%=-263.0, 95%=-258.8500061035156, 98%=-253.9199981689453
ranking_best_algo: CMApara
ranking_best_score: 319.29999999999995
ranking_my_rank: 82/504 (83.9%)
ranking_my_percent: 83.92857142857143
