ConfigName: kjsd__advperagentrankweighted__M3__L18__eps0p01__g0p0007__ds0p2__dm0p2
Problem: QUBO
Kernel: jsd
Advantage: peragentrankweighted
M: 3
lambda: 18
epsilon_svgd: 0.01
gamma: 0.0007
decay_start_ratio: 0.2
decay_min_factor: 0.2
bandwith_kernel: None
no_interact: False
avg_score: -307.0799865722656
median_score: -310.0
std_score: 38.64600372314453
percentiles: 2%=-390.1199951171875, 5%=-384.1000061035156, 10%=-352.6000061035156, 25%=-332.0, 50%=-310.0, 75%=-271.0, 90%=-264.5, 95%=-253.89999389648438, 98%=-250.0
ranking_best_algo: CMApara
ranking_best_score: 319.29999999999995
ranking_my_rank: 104/504 (79.6%)
ranking_my_percent: 79.56349206349206
