ConfigName: kfr__advglobalrankweighted__M4__L12__eps0p02__g0p005__ds0p01__dm0p01
Problem: QUBO
Kernel: fr
Advantage: globalrankweighted
M: 4
lambda: 12
epsilon_svgd: 0.02
gamma: 0.005
decay_start_ratio: 0.01
decay_min_factor: 0.01
bandwith_kernel: None
no_interact: False
avg_score: -328.8399963378906
median_score: -332.0
std_score: 20.691408157348633
percentiles: 2%=-372.0, 5%=-361.1499938964844, 10%=-354.0, 25%=-342.0, 50%=-332.0, 75%=-315.5, 90%=-299.79998779296875, 95%=-292.0, 98%=-287.9599914550781
ranking_best_algo: CMApara
ranking_best_score: 344.22
ranking_my_rank: 83/504 (83.7%)
ranking_my_percent: 83.73015873015873
