ConfigName: krbf__advnormalizedfitness__M4__L12__eps0p025__g0p01__ds0p3__dm0p01
Problem: QUBO
Kernel: rbf
Advantage: normalizedfitness
M: 4
lambda: 12
epsilon_svgd: 0.025
gamma: 0.01
decay_start_ratio: 0.3
decay_min_factor: 0.01
bandwith_kernel: None
no_interact: False
avg_score: -2086.239990234375
median_score: -2091.0
std_score: 175.0518341064453
percentiles: 2%=-2449.360107421875, 5%=-2399.14990234375, 10%=-2279.5, 25%=-2208.25, 50%=-2091.0, 75%=-1953.75, 90%=-1844.0, 95%=-1824.949951171875, 98%=-1787.039794921875
ranking_best_algo: SVM1MetaModelLogNormal
ranking_best_score: 2605.14
ranking_my_rank: 207/504 (59.1%)
ranking_my_percent: 59.12698412698413
