ConfigName: kjsd__advperagentrankweighted__M5__L8__eps0p005__g0p0003__ds0p05__dm0p05
Problem: QUBO
Kernel: jsd
Advantage: peragentrankweighted
M: 5
lambda: 8
epsilon_svgd: 0.005
gamma: 0.0003
decay_start_ratio: 0.05
decay_min_factor: 0.05
bandwith_kernel: None
no_interact: False
avg_score: -139.6199951171875
median_score: -141.0
std_score: 11.386641502380371
percentiles: 2%=-158.02000427246094, 5%=-158.0, 10%=-156.10000610351562, 25%=-147.25, 50%=-141.0, 75%=-130.75, 90%=-126.80000305175781, 95%=-120.9000015258789, 98%=-114.95999908447266
ranking_best_algo: DiscreteDE
ranking_best_score: 143.4
ranking_my_rank: 83/504 (83.7%)
ranking_my_percent: 83.73015873015873
