ConfigName: krbf__advnormalizedfitness__M3__L24__eps0p03__g0p005__ds0p15__dm0p05
Problem: QUBO
Kernel: rbf
Advantage: normalizedfitness
M: 3
lambda: 24
epsilon_svgd: 0.03
gamma: 0.005
decay_start_ratio: 0.15
decay_min_factor: 0.05
bandwith_kernel: None
no_interact: False
avg_score: -577.6199951171875
median_score: -577.5
std_score: 28.357284545898438
percentiles: 2%=-638.1400146484375, 5%=-633.0, 10%=-611.0, 25%=-596.25, 50%=-577.5, 75%=-559.0, 90%=-540.7999877929688, 95%=-528.75, 98%=-519.97998046875
ranking_best_algo: Tabu
ranking_best_score: 588.7199999999999
ranking_my_rank: 44/503 (91.5%)
ranking_my_percent: 91.45129224652088
