ConfigName: kjsd__advperagentrankweighted__M3__L20__eps0p007__g0p0005__ds0p05__dm0p1
Problem: QUBO
Kernel: jsd
Advantage: peragentrankweighted
M: 3
lambda: 20
epsilon_svgd: 0.007
gamma: 0.0005
decay_start_ratio: 0.05
decay_min_factor: 0.1
bandwith_kernel: None
no_interact: False
avg_score: -197.60000610351562
median_score: -201.0
std_score: 14.979987144470215
percentiles: 2%=-224.0, 5%=-219.25, 10%=-215.0, 25%=-207.5, 50%=-201.0, 75%=-187.0, 90%=-175.89999389648438, 95%=-167.9499969482422, 98%=-164.0
ranking_best_algo: Tabu
ranking_best_score: 208.36000000000004
ranking_my_rank: 113/504 (77.8%)
ranking_my_percent: 77.77777777777777
