ConfigName: krbf__advnormalizedfitness__M4__L8__eps0p015__g0p01__ds0p15__dm0p3
Problem: QUBO
Kernel: rbf
Advantage: normalizedfitness
M: 4
lambda: 8
epsilon_svgd: 0.015
gamma: 0.01
decay_start_ratio: 0.15
decay_min_factor: 0.3
bandwith_kernel: None
no_interact: False
avg_score: -367.9800109863281
median_score: -364.5
std_score: 33.44367980957031
percentiles: 2%=-441.1199951171875, 5%=-423.1000061035156, 10%=-415.20001220703125, 25%=-392.25, 50%=-364.5, 75%=-344.75, 90%=-325.0, 95%=-314.95001220703125, 98%=-310.9599914550781
ranking_best_algo: CMAL3
ranking_best_score: 435.36
ranking_my_rank: 320/504 (36.7%)
ranking_my_percent: 36.70634920634921
