ConfigName: kjsd__advperagentrankweighted__M3__L18__eps0p01__g0p001__ds0p2__dm0p2
Problem: NK
Kernel: jsd
Advantage: peragentrankweighted
M: 3
lambda: 18
epsilon_svgd: 0.01
gamma: 0.001
decay_start_ratio: 0.2
decay_min_factor: 0.2
bandwith_kernel: None
no_interact: False
avg_score: 0.7071242332458496
median_score: 0.7098459005355835
std_score: 0.011648360639810562
percentiles: 2%=0.6871597766876221, 5%=0.6895310878753662, 10%=0.6922267079353333, 25%=0.6961665153503418, 50%=0.7098459005355835, 75%=0.7168394327163696, 90%=0.7211354970932007, 95%=0.7222696542739868, 98%=0.723061740398407
ranking_best_algo: PBIL
ranking_best_score: 0.7013553837109374
ranking_my_rank: 1/504 (100.0%)
ranking_my_percent: 100.0
