ConfigName: krbf__advnormalizedfitness__M3__L15__eps0p025__g0p015__ds0p3__dm0p3
Problem: QUBO
Kernel: rbf
Advantage: normalizedfitness
M: 3
lambda: 15
epsilon_svgd: 0.025
gamma: 0.015
decay_start_ratio: 0.3
decay_min_factor: 0.3
bandwith_kernel: None
no_interact: False
avg_score: -402.6600036621094
median_score: -404.5
std_score: 46.793209075927734
percentiles: 2%=-498.1400146484375, 5%=-476.1499938964844, 10%=-465.20001220703125, 25%=-433.5, 50%=-404.5, 75%=-367.75, 90%=-345.6000061035156, 95%=-332.3500671386719, 98%=-311.7199401855469
ranking_best_algo: Tabu
ranking_best_score: 588.7199999999999
ranking_my_rank: 328/503 (35.0%)
ranking_my_percent: 34.990059642147116
