ConfigName: kjsd__advperagentrankweighted__M3__L30__eps0p007__g0p0005__ds0p05__dm0p1
Problem: NK
Kernel: jsd
Advantage: peragentrankweighted
M: 3
lambda: 30
epsilon_svgd: 0.007
gamma: 0.0005
decay_start_ratio: 0.05
decay_min_factor: 0.1
bandwith_kernel: None
no_interact: False
avg_score: 0.7494462728500366
median_score: 0.7482775449752808
std_score: 0.009287875145673752
percentiles: 2%=0.7310187816619873, 5%=0.7354462146759033, 10%=0.7374483346939087, 25%=0.7430205345153809, 50%=0.7482775449752808, 75%=0.7572813034057617, 90%=0.7612653374671936, 95%=0.7630028128623962, 98%=0.7645606398582458
ranking_best_algo: PBIL
ranking_best_score: 0.733570253046875
ranking_my_rank: 1/504 (100.0%)
ranking_my_percent: 100.0
