ConfigName: krbf__advnormalizedfitness__M4__L8__eps0p033__g0p01__ds0p15__dm0p01
Problem: QUBO
Kernel: rbf
Advantage: normalizedfitness
M: 4
lambda: 8
epsilon_svgd: 0.033
gamma: 0.01
decay_start_ratio: 0.15
decay_min_factor: 0.01
bandwith_kernel: None
no_interact: False
avg_score: -1246.1199951171875
median_score: -1248.5
std_score: 67.31986999511719
percentiles: 2%=-1379.1400146484375, 5%=-1366.1500244140625, 10%=-1341.199951171875, 25%=-1291.75, 50%=-1248.5, 75%=-1196.0, 90%=-1163.9000244140625, 95%=-1136.9000244140625, 98%=-1129.919921875
ranking_best_algo: BigLognormalDiscreteOnePlusOne
ranking_best_score: 1301.3600000000004
ranking_my_rank: 57/504 (88.9%)
ranking_my_percent: 88.88888888888889
