ConfigName: krbf__advnormalizedfitness__M4__L12__eps0p015__g0p015__ds0p15__dm0p01
Problem: NK
Kernel: rbf
Advantage: normalizedfitness
M: 4
lambda: 12
epsilon_svgd: 0.015
gamma: 0.015
decay_start_ratio: 0.15
decay_min_factor: 0.01
bandwith_kernel: None
no_interact: False
avg_score: 0.6439628005027771
median_score: 0.642113208770752
std_score: 0.011573107913136482
percentiles: 2%=0.6246439218521118, 5%=0.6271907091140747, 10%=0.6311686635017395, 25%=0.6364883184432983, 50%=0.642113208770752, 75%=0.650397539138794, 90%=0.6567302346229553, 95%=0.666817843914032, 98%=0.6703490614891052
ranking_best_algo: Tabu
ranking_best_score: 0.7601875690625
ranking_my_rank: 389/504 (23.0%)
ranking_my_percent: 23.015873015873016
