ConfigName: kfr__advglobalrankweighted__M4__L24__eps0p06__g0p005__ds0p01__dm0p01
Problem: NK
Kernel: fr
Advantage: globalrankweighted
M: 4
lambda: 24
epsilon_svgd: 0.06
gamma: 0.005
decay_start_ratio: 0.01
decay_min_factor: 0.01
bandwith_kernel: None
no_interact: False
avg_score: 0.7427022457122803
median_score: 0.7425647974014282
std_score: 0.011923672631382942
percentiles: 2%=0.7196491956710815, 5%=0.7230914235115051, 10%=0.7274904847145081, 25%=0.7348197102546692, 50%=0.7425647974014282, 75%=0.7520784139633179, 90%=0.7566216588020325, 95%=0.7632313966751099, 98%=0.767626941204071
ranking_best_algo: Tabu
ranking_best_score: 0.7601875690625
ranking_my_rank: 10/504 (98.2%)
ranking_my_percent: 98.21428571428571
