ConfigName: krbf__advnormalizedfitness__M4__L10__eps0p033__g0p015__ds0p15__dm0p3
Problem: QUBO
Kernel: rbf
Advantage: normalizedfitness
M: 4
lambda: 10
epsilon_svgd: 0.033
gamma: 0.015
decay_start_ratio: 0.15
decay_min_factor: 0.3
bandwith_kernel: None
no_interact: False
avg_score: -1935.3800048828125
median_score: -1916.5
std_score: 211.92596435546875
percentiles: 2%=-2376.360107421875, 5%=-2280.64990234375, 10%=-2194.89990234375, 25%=-2089.0, 50%=-1916.5, 75%=-1783.0, 90%=-1698.2000732421875, 95%=-1577.35009765625, 98%=-1550.419921875
ranking_best_algo: RLSOnePlusOne
ranking_best_score: 3316.5199999999995
ranking_my_rank: 323/504 (36.1%)
ranking_my_percent: 36.111111111111114
