ConfigName: kjsd__advperagentrankweighted__M5__L8__eps0p01__g0p0005__ds0p2__dm0p2
Problem: NK
Kernel: jsd
Advantage: peragentrankweighted
M: 5
lambda: 8
epsilon_svgd: 0.01
gamma: 0.0005
decay_start_ratio: 0.2
decay_min_factor: 0.2
bandwith_kernel: None
no_interact: False
avg_score: 0.7090762257575989
median_score: 0.7101322412490845
std_score: 0.015536559745669365
percentiles: 2%=0.6691533923149109, 5%=0.6709157824516296, 10%=0.6942395567893982, 25%=0.7059997916221619, 50%=0.7101322412490845, 75%=0.7179126739501953, 90%=0.7253302931785583, 95%=0.7322977781295776, 98%=0.7327601909637451
ranking_best_algo: CMApara
ranking_best_score: 0.707475975
ranking_my_rank: 1/504 (100.0%)
ranking_my_percent: 100.0
