ConfigName: krbf__advnormalizedfitness__M2__L11__eps0p01__g0p007__ds0p01__dm0p01
Problem: QUBO
Kernel: rbf
Advantage: normalizedfitness
M: 2
lambda: 11
epsilon_svgd: 0.01
gamma: 0.007
decay_start_ratio: 0.01
decay_min_factor: 0.01
bandwith_kernel: None
no_interact: False
avg_score: -1301.56005859375
median_score: -1298.5
std_score: 62.32291793823242
percentiles: 2%=-1415.1600341796875, 5%=-1403.0, 10%=-1380.199951171875, 25%=-1350.0, 50%=-1298.5, 75%=-1260.0, 90%=-1217.0, 95%=-1199.949951171875, 98%=-1184.6800537109375
ranking_best_algo: BigLognormalDiscreteOnePlusOne
ranking_best_score: 1301.3600000000004
ranking_my_rank: 1/504 (100.0%)
ranking_my_percent: 100.0
