ConfigName: kjsd__advperagentrankweighted__M3__L16__eps0p007__g0p003__ds0p05__dm0p2
Problem: QUBO
Kernel: jsd
Advantage: peragentrankweighted
M: 3
lambda: 16
epsilon_svgd: 0.007
gamma: 0.003
decay_start_ratio: 0.05
decay_min_factor: 0.2
bandwith_kernel: None
no_interact: False
avg_score: -1169.43994140625
median_score: -1160.0
std_score: 73.89685821533203
percentiles: 2%=-1335.1199951171875, 5%=-1306.75, 10%=-1271.0, 25%=-1211.25, 50%=-1160.0, 75%=-1112.75, 90%=-1079.300048828125, 95%=-1062.9000244140625, 98%=-1057.9000244140625
ranking_best_algo: Tabu
ranking_best_score: 1216.16
ranking_my_rank: 91/504 (82.1%)
ranking_my_percent: 82.14285714285714
