ConfigName: kfr__advglobalrankweighted__M6__L7__eps0p015__g0p007__ds0p01__dm0p01
Problem: QUBO
Kernel: fr
Advantage: globalrankweighted
M: 6
lambda: 7
epsilon_svgd: 0.015
gamma: 0.007
decay_start_ratio: 0.01
decay_min_factor: 0.01
bandwith_kernel: None
no_interact: False
avg_score: -2332.9599609375
median_score: -2341.0
std_score: 141.17747497558594
percentiles: 2%=-2585.9599609375, 5%=-2536.14990234375, 10%=-2505.10009765625, 25%=-2431.5, 50%=-2341.0, 75%=-2243.5, 90%=-2140.699951171875, 95%=-2097.75, 98%=-2047.119873046875
ranking_best_algo: DiscreteLengler2OnePlusOne
ranking_best_score: 2617.04
ranking_my_rank: 154/504 (69.6%)
ranking_my_percent: 69.64285714285714
