ConfigName: krbf__advnormalizedfitness__M4__L12__eps0p015__g0p015__ds0p15__dm0p3
Problem: QUBO
Kernel: rbf
Advantage: normalizedfitness
M: 4
lambda: 12
epsilon_svgd: 0.015
gamma: 0.015
decay_start_ratio: 0.15
decay_min_factor: 0.3
bandwith_kernel: None
no_interact: False
avg_score: -256.1199951171875
median_score: -251.5
std_score: 27.76806640625
percentiles: 2%=-321.1600036621094, 5%=-317.04998779296875, 10%=-295.3999938964844, 25%=-267.0, 50%=-251.5, 75%=-239.75, 90%=-225.70001220703125, 95%=-218.80001831054688, 98%=-213.8999786376953
ranking_best_algo: CMAL3
ranking_best_score: 435.36
ranking_my_rank: 386/504 (23.6%)
ranking_my_percent: 23.61111111111111
