ConfigName: krbf__advnormalizedfitness__M1__L8__eps0p025__g0p007__ds0p15__dm0p3
Problem: QUBO
Kernel: rbf
Advantage: normalizedfitness
M: 1
lambda: 8
epsilon_svgd: 0.025
gamma: 0.007
decay_start_ratio: 0.15
decay_min_factor: 0.3
bandwith_kernel: None
no_interact: False
avg_score: -1259.3800048828125
median_score: -1264.5
std_score: 64.34777069091797
percentiles: 2%=-1363.0400390625, 5%=-1356.1500244140625, 10%=-1336.699951171875, 25%=-1303.25, 50%=-1264.5, 75%=-1212.5, 90%=-1179.0, 95%=-1138.2000732421875, 98%=-1120.679931640625
ranking_best_algo: BigLognormalDiscreteOnePlusOne
ranking_best_score: 1301.3600000000004
ranking_my_rank: 53/504 (89.7%)
ranking_my_percent: 89.68253968253968
