ConfigName: krbf__advnormalizedfitness__M3__L10__eps0p03__g0p005__ds0p15__dm0p05
Problem: QUBO
Kernel: rbf
Advantage: normalizedfitness
M: 3
lambda: 10
epsilon_svgd: 0.03
gamma: 0.005
decay_start_ratio: 0.15
decay_min_factor: 0.05
bandwith_kernel: None
no_interact: False
avg_score: -1188.800048828125
median_score: -1180.5
std_score: 69.20101165771484
percentiles: 2%=-1347.1600341796875, 5%=-1312.6500244140625, 10%=-1280.0, 25%=-1232.25, 50%=-1180.5, 75%=-1146.0, 90%=-1105.5999755859375, 95%=-1082.0, 98%=-1067.93994140625
ranking_best_algo: Tabu
ranking_best_score: 1216.16
ranking_my_rank: 61/504 (88.1%)
ranking_my_percent: 88.0952380952381
