ConfigName: kfr__advglobalrankweighted__M3__L11__eps0p015__g0p007__ds0p01__dm0p01
Problem: QUBO
Kernel: fr
Advantage: globalrankweighted
M: 3
lambda: 11
epsilon_svgd: 0.015
gamma: 0.007
decay_start_ratio: 0.01
decay_min_factor: 0.01
bandwith_kernel: None
no_interact: False
avg_score: -436.1199951171875
median_score: -436.0
std_score: 28.606740951538086
percentiles: 2%=-486.1199951171875, 5%=-479.29998779296875, 10%=-473.20001220703125, 25%=-457.0, 50%=-436.0, 75%=-412.0, 90%=-399.0, 95%=-393.95001220703125, 98%=-386.8399658203125
ranking_best_algo: CMApara
ranking_best_score: 453.82
ranking_my_rank: 30/504 (94.2%)
ranking_my_percent: 94.24603174603175
