ConfigName: krbf__advnormalizedfitness__M4__L12__eps0p033__g0p01__ds0p01__dm0p01
Problem: QUBO
Kernel: rbf
Advantage: normalizedfitness
M: 4
lambda: 12
epsilon_svgd: 0.033
gamma: 0.01
decay_start_ratio: 0.01
decay_min_factor: 0.01
bandwith_kernel: None
no_interact: False
avg_score: -429.9200134277344
median_score: -427.0
std_score: 26.77449607849121
percentiles: 2%=-483.0400085449219, 5%=-473.29998779296875, 10%=-467.1000061035156, 25%=-447.25, 50%=-427.0, 75%=-414.75, 90%=-400.8999938964844, 95%=-384.70001220703125, 98%=-373.8399658203125
ranking_best_algo: CMAL3
ranking_best_score: 435.36
ranking_my_rank: 9/504 (98.4%)
ranking_my_percent: 98.41269841269842
