ConfigName: krbf__advnormalizedfitness__M4__L15__eps0p033__g0p015__ds0p3__dm0p01
Problem: QUBO
Kernel: rbf
Advantage: normalizedfitness
M: 4
lambda: 15
epsilon_svgd: 0.033
gamma: 0.015
decay_start_ratio: 0.3
decay_min_factor: 0.01
bandwith_kernel: None
no_interact: False
avg_score: -904.4199829101562
median_score: -906.5
std_score: 74.3976058959961
percentiles: 2%=-1089.280029296875, 5%=-1015.4500122070312, 10%=-987.7000122070312, 25%=-950.75, 50%=-906.5, 75%=-854.75, 90%=-812.7999877929688, 95%=-796.6500244140625, 98%=-783.999755859375
ranking_best_algo: SVMMetaModelLogNormal
ranking_best_score: 1233.7999999999997
ranking_my_rank: 317/504 (37.3%)
ranking_my_percent: 37.301587301587304
