ConfigName: kjsd__advperagentrankweighted__M3__L16__eps0p007__g0p0007__ds0p2__dm0p05
Problem: QUBO
Kernel: jsd
Advantage: peragentrankweighted
M: 3
lambda: 16
epsilon_svgd: 0.007
gamma: 0.0007
decay_start_ratio: 0.2
decay_min_factor: 0.05
bandwith_kernel: None
no_interact: False
avg_score: -199.24000549316406
median_score: -200.5
std_score: 13.618457794189453
percentiles: 2%=-224.0, 5%=-222.0, 10%=-219.0, 25%=-209.0, 50%=-200.5, 75%=-189.0, 90%=-182.89999389648438, 95%=-178.0, 98%=-169.0
ranking_best_algo: Tabu
ranking_best_score: 208.36000000000004
ranking_my_rank: 86/504 (83.1%)
ranking_my_percent: 83.13492063492063
