ConfigName: kjsd__advperagentrankweighted__M3__L24__eps0p005__g0p001__ds0p2__dm0p2
Problem: NK
Kernel: jsd
Advantage: peragentrankweighted
M: 3
lambda: 24
epsilon_svgd: 0.005
gamma: 0.001
decay_start_ratio: 0.2
decay_min_factor: 0.2
bandwith_kernel: None
no_interact: False
avg_score: 0.7377013564109802
median_score: 0.7396667003631592
std_score: 0.008759118616580963
percentiles: 2%=0.7190222144126892, 5%=0.7225201725959778, 10%=0.7239461541175842, 25%=0.7327385544776917, 50%=0.7396667003631592, 75%=0.7450272440910339, 90%=0.7475917935371399, 95%=0.7489408850669861, 98%=0.7511964440345764
ranking_best_algo: PBIL
ranking_best_score: 0.730509098125
ranking_my_rank: 1/504 (100.0%)
ranking_my_percent: 100.0
