ConfigName: krbf__advnormalizedfitness__M4__L15__eps0p02__g0p0005__ds0p05__dm0p05
Problem: NK
Kernel: rbf
Advantage: normalizedfitness
M: 4
lambda: 15
epsilon_svgd: 0.02
gamma: 0.0005
decay_start_ratio: 0.05
decay_min_factor: 0.05
bandwith_kernel: None
no_interact: False
avg_score: 0.7404615879058838
median_score: 0.7402758598327637
std_score: 0.012875029817223549
percentiles: 2%=0.7193366885185242, 5%=0.7224804759025574, 10%=0.7235067486763, 25%=0.731611967086792, 50%=0.7402758598327637, 75%=0.7477453351020813, 90%=0.7565610408782959, 95%=0.7653564810752869, 98%=0.7714830040931702
ranking_best_algo: Tabu
ranking_best_score: 0.7470791764843752
ranking_my_rank: 6/504 (99.0%)
ranking_my_percent: 99.0079365079365
