ConfigName: kjsd__advperagentrankweighted__M4__L12__eps0p005__g0p0005__ds0p4__dm0p05
Problem: QUBO
Kernel: jsd
Advantage: peragentrankweighted
M: 4
lambda: 12
epsilon_svgd: 0.005
gamma: 0.0005
decay_start_ratio: 0.4
decay_min_factor: 0.05
bandwith_kernel: None
no_interact: False
avg_score: -912.3800048828125
median_score: -904.0
std_score: 63.70648193359375
percentiles: 2%=-1031.06005859375, 5%=-1029.050048828125, 10%=-1010.4000244140625, 25%=-958.0, 50%=-904.0, 75%=-861.0, 90%=-834.9000244140625, 95%=-824.5, 98%=-810.780029296875
ranking_best_algo: CMAL3
ranking_best_score: 928.5800000000002
ranking_my_rank: 20/504 (96.2%)
ranking_my_percent: 96.23015873015873
