ConfigName: krbf__advglobalrankweighted__M4__L9__eps0p01__g0p007__ds0p01__dm0p01
Problem: QUBO
Kernel: rbf
Advantage: globalrankweighted
M: 4
lambda: 9
epsilon_svgd: 0.01
gamma: 0.007
decay_start_ratio: 0.01
decay_min_factor: 0.01
bandwith_kernel: None
no_interact: False
avg_score: -1112.719970703125
median_score: -1116.5
std_score: 79.82894897460938
percentiles: 2%=-1262.1199951171875, 5%=-1255.0999755859375, 10%=-1209.5999755859375, 25%=-1169.0, 50%=-1116.5, 75%=-1044.0, 90%=-1027.4000244140625, 95%=-989.0, 98%=-964.679931640625
ranking_best_algo: SVMMetaModelLogNormal
ranking_best_score: 1233.7999999999997
ranking_my_rank: 113/504 (77.8%)
ranking_my_percent: 77.77777777777777
