ConfigName: krbf__advnormalizedfitness__M2__L8__eps0p033__g0p007__ds0p01__dm0p01
Problem: QUBO
Kernel: rbf
Advantage: normalizedfitness
M: 2
lambda: 8
epsilon_svgd: 0.033
gamma: 0.007
decay_start_ratio: 0.01
decay_min_factor: 0.01
bandwith_kernel: None
no_interact: False
avg_score: -1168.1400146484375
median_score: -1159.0
std_score: 63.555965423583984
percentiles: 2%=-1329.3599853515625, 5%=-1311.5, 10%=-1243.4000244140625, 25%=-1192.25, 50%=-1159.0, 75%=-1131.75, 90%=-1097.0, 95%=-1076.949951171875, 98%=-1061.719970703125
ranking_best_algo: Tabu
ranking_best_score: 1216.16
ranking_my_rank: 93/504 (81.7%)
ranking_my_percent: 81.74603174603175
