ConfigName: kjsd__advperagentrankweighted__M3__L18__eps0p007__g0p0007__ds0p1__dm0p1
Problem: QUBO
Kernel: jsd
Advantage: peragentrankweighted
M: 3
lambda: 18
epsilon_svgd: 0.007
gamma: 0.0007
decay_start_ratio: 0.1
decay_min_factor: 0.1
bandwith_kernel: None
no_interact: False
avg_score: -1246.0999755859375
median_score: -1254.5
std_score: 60.3172492980957
percentiles: 2%=-1365.1600341796875, 5%=-1331.5999755859375, 10%=-1315.5999755859375, 25%=-1285.75, 50%=-1254.5, 75%=-1206.0, 90%=-1156.5, 95%=-1142.949951171875, 98%=-1130.9599609375
ranking_best_algo: SVMMetaModelLogNormal
ranking_best_score: 1233.7999999999997
ranking_my_rank: 1/504 (100.0%)
ranking_my_percent: 100.0
