ConfigName: kjsd__advperagentrankweighted__M4__L12__eps0p03__g0p0005__ds0p2__dm0p05
Problem: QUBO
Kernel: jsd
Advantage: peragentrankweighted
M: 4
lambda: 12
epsilon_svgd: 0.03
gamma: 0.0005
decay_start_ratio: 0.2
decay_min_factor: 0.05
bandwith_kernel: None
no_interact: False
avg_score: -930.0999755859375
median_score: -922.0
std_score: 60.57697677612305
percentiles: 2%=-1060.0799560546875, 5%=-1036.0999755859375, 10%=-1015.0999755859375, 25%=-975.5, 50%=-922.0, 75%=-885.75, 90%=-855.9000244140625, 95%=-842.9000244140625, 98%=-824.8800048828125
ranking_best_algo: CMApara
ranking_best_score: 964.9
ranking_my_rank: 19/504 (96.4%)
ranking_my_percent: 96.42857142857143
