ConfigName: kjsd__advperagentrankweighted__M4__L10__eps0p005__g0p0007__ds0p05__dm0p05
Problem: QUBO
Kernel: jsd
Advantage: peragentrankweighted
M: 4
lambda: 10
epsilon_svgd: 0.005
gamma: 0.0007
decay_start_ratio: 0.05
decay_min_factor: 0.05
bandwith_kernel: None
no_interact: False
avg_score: -1192.5999755859375
median_score: -1188.0
std_score: 60.5043830871582
percentiles: 2%=-1335.0799560546875, 5%=-1317.199951171875, 10%=-1257.699951171875, 25%=-1228.25, 50%=-1188.0, 75%=-1152.0, 90%=-1117.5999755859375, 95%=-1096.8499755859375, 98%=-1085.760009765625
ranking_best_algo: Tabu
ranking_best_score: 1216.16
ranking_my_rank: 49/504 (90.5%)
ranking_my_percent: 90.47619047619048
