ConfigName: krbf__advnormalizedfitness__M3__L8__eps0p025__g0p007__ds0p01__dm0p01
Problem: QUBO
Kernel: rbf
Advantage: normalizedfitness
M: 3
lambda: 8
epsilon_svgd: 0.025
gamma: 0.007
decay_start_ratio: 0.01
decay_min_factor: 0.01
bandwith_kernel: None
no_interact: False
avg_score: -307.2200012207031
median_score: -300.0
std_score: 39.26412582397461
percentiles: 2%=-394.0, 5%=-390.0, 10%=-358.79998779296875, 25%=-334.0, 50%=-300.0, 75%=-272.75, 90%=-263.79998779296875, 95%=-260.0, 98%=-251.91998291015625
ranking_best_algo: CMApara
ranking_best_score: 319.29999999999995
ranking_my_rank: 100/504 (80.4%)
ranking_my_percent: 80.35714285714286
