ConfigName: kfr__advglobalrankweighted__M1__L8__eps0p015__g0p005__ds0p01__dm0p01
Problem: QUBO
Kernel: fr
Advantage: globalrankweighted
M: 1
lambda: 8
epsilon_svgd: 0.015
gamma: 0.005
decay_start_ratio: 0.01
decay_min_factor: 0.01
bandwith_kernel: None
no_interact: False
avg_score: -131.9199981689453
median_score: -135.0
std_score: 14.810590744018555
percentiles: 2%=-158.02000427246094, 5%=-154.10000610351562, 10%=-150.10000610351562, 25%=-143.0, 50%=-135.0, 75%=-118.75, 90%=-113.0, 95%=-105.0, 98%=-101.97999572753906
ranking_best_algo: DiscreteDE
ranking_best_score: 143.4
ranking_my_rank: 318/504 (37.1%)
ranking_my_percent: 37.1031746031746
