ConfigName: kjsd__advperagentrankweighted__M3__L18__eps0p007__g0p0005__ds0p2__dm0p2
Problem: NK
Kernel: jsd
Advantage: peragentrankweighted
M: 3
lambda: 18
epsilon_svgd: 0.007
gamma: 0.0005
decay_start_ratio: 0.2
decay_min_factor: 0.2
bandwith_kernel: None
no_interact: False
avg_score: 0.7316148281097412
median_score: 0.7301234602928162
std_score: 0.00965915247797966
percentiles: 2%=0.7134513258934021, 5%=0.7168022990226746, 10%=0.7196767926216125, 25%=0.7258414626121521, 50%=0.7301234602928162, 75%=0.737518846988678, 90%=0.7469124794006348, 95%=0.7491614818572998, 98%=0.7509873509407043
ranking_best_algo: Tabu
ranking_best_score: 0.7429702712499999
ranking_my_rank: 2/504 (99.8%)
ranking_my_percent: 99.8015873015873
