ConfigName: kjsd__advperagentrankweighted__M3__L16__eps0p005__g0p001__ds0p05__dm0p1
Problem: QUBO
Kernel: jsd
Advantage: peragentrankweighted
M: 3
lambda: 16
epsilon_svgd: 0.005
gamma: 0.001
decay_start_ratio: 0.05
decay_min_factor: 0.1
bandwith_kernel: None
no_interact: False
avg_score: -1615.3599853515625
median_score: -1617.0
std_score: 62.21648025512695
percentiles: 2%=-1757.06005859375, 5%=-1722.449951171875, 10%=-1692.9000244140625, 25%=-1655.75, 50%=-1617.0, 75%=-1567.0, 90%=-1535.0, 95%=-1524.9000244140625, 98%=-1504.9200439453125
ranking_best_algo: NLOPT_LN_PRAXIS
ranking_best_score: 1607.12
ranking_my_rank: 1/504 (100.0%)
ranking_my_percent: 100.0
