ConfigName: kjsd__advperagentrankweighted__M4__L24__eps0p01__g0p0005__ds0p05__dm0p05
Problem: QUBO
Kernel: jsd
Advantage: peragentrankweighted
M: 4
lambda: 24
epsilon_svgd: 0.01
gamma: 0.0005
decay_start_ratio: 0.05
decay_min_factor: 0.05
bandwith_kernel: None
no_interact: False
avg_score: -944.219970703125
median_score: -944.0
std_score: 57.90830612182617
percentiles: 2%=-1074.0, 5%=-1044.199951171875, 10%=-1030.5, 25%=-980.0, 50%=-944.0, 75%=-896.0, 90%=-873.0, 95%=-856.7999877929688, 98%=-848.9600219726562
ranking_best_algo: CMApara
ranking_best_score: 964.9
ranking_my_rank: 3/504 (99.6%)
ranking_my_percent: 99.60317460317461
no_repulsion: True
