ConfigName: krbf__advnormalizedfitness__M3__L12__eps0p033__g0p005__ds0p3__dm0p3
Problem: QUBO
Kernel: rbf
Advantage: normalizedfitness
M: 3
lambda: 12
epsilon_svgd: 0.033
gamma: 0.005
decay_start_ratio: 0.3
decay_min_factor: 0.3
bandwith_kernel: None
no_interact: False
avg_score: -433.1000061035156
median_score: -432.0
std_score: 24.638790130615234
percentiles: 2%=-481.0400085449219, 5%=-475.0, 10%=-466.1000061035156, 25%=-452.25, 50%=-432.0, 75%=-413.5, 90%=-402.8999938964844, 95%=-398.95001220703125, 98%=-391.94000244140625
ranking_best_algo: CMApara
ranking_best_score: 453.82
ranking_my_rank: 44/504 (91.5%)
ranking_my_percent: 91.46825396825396
