ConfigName: kfr__advglobalrankweighted__M3__L11__eps0p02__g0p007__ds0p01__dm0p01
Problem: QUBO
Kernel: fr
Advantage: globalrankweighted
M: 3
lambda: 11
epsilon_svgd: 0.02
gamma: 0.007
decay_start_ratio: 0.01
decay_min_factor: 0.01
bandwith_kernel: None
no_interact: False
avg_score: -2608.0400390625
median_score: -2596.5
std_score: 137.91082763671875
percentiles: 2%=-2903.580078125, 5%=-2830.800048828125, 10%=-2771.199951171875, 25%=-2695.0, 50%=-2596.5, 75%=-2514.0, 90%=-2461.60009765625, 95%=-2396.25, 98%=-2261.419921875
ranking_best_algo: DiscreteLengler2OnePlusOne
ranking_best_score: 2617.04
ranking_my_rank: 2/504 (99.8%)
ranking_my_percent: 99.8015873015873
