ConfigName: krbf__advnormalizedfitness__M1__L8__eps0p033__g0p005__ds0p3__dm0p01
Problem: QUBO
Kernel: rbf
Advantage: normalizedfitness
M: 1
lambda: 8
epsilon_svgd: 0.033
gamma: 0.005
decay_start_ratio: 0.3
decay_min_factor: 0.01
bandwith_kernel: None
no_interact: False
avg_score: -1226.0400390625
median_score: -1227.5
std_score: 65.54829406738281
percentiles: 2%=-1355.239990234375, 5%=-1321.6500244140625, 10%=-1309.199951171875, 25%=-1274.25, 50%=-1227.5, 75%=-1172.5, 90%=-1142.9000244140625, 95%=-1122.6500244140625, 98%=-1076.97998046875
ranking_best_algo: BigLognormalDiscreteOnePlusOne
ranking_best_score: 1301.3600000000004
ranking_my_rank: 71/504 (86.1%)
ranking_my_percent: 86.11111111111111
