ConfigName: kjsd__advperagentrankweighted__M3__L16__eps0p007__g0p0005__ds0p1__dm0p2
Problem: QUBO
Kernel: jsd
Advantage: peragentrankweighted
M: 3
lambda: 16
epsilon_svgd: 0.007
gamma: 0.0005
decay_start_ratio: 0.1
decay_min_factor: 0.2
bandwith_kernel: None
no_interact: False
avg_score: -1300.47998046875
median_score: -1308.5
std_score: 57.89049530029297
percentiles: 2%=-1394.93994140625, 5%=-1388.050048828125, 10%=-1378.300048828125, 25%=-1333.25, 50%=-1308.5, 75%=-1258.0, 90%=-1225.0, 95%=-1203.0, 98%=-1193.3399658203125
ranking_best_algo: BigLognormalDiscreteOnePlusOne
ranking_best_score: 1301.3600000000004
ranking_my_rank: 2/504 (99.8%)
ranking_my_percent: 99.8015873015873
