ConfigName: krbf__advnormalizedfitness__M4__L15__eps0p033__g0p015__ds0p01__dm0p01
Problem: QUBO
Kernel: rbf
Advantage: normalizedfitness
M: 4
lambda: 15
epsilon_svgd: 0.033
gamma: 0.015
decay_start_ratio: 0.01
decay_min_factor: 0.01
bandwith_kernel: None
no_interact: False
avg_score: -890.4199829101562
median_score: -880.5
std_score: 68.94956970214844
percentiles: 2%=-1040.239990234375, 5%=-1020.2999877929688, 10%=-980.5999755859375, 25%=-936.5, 50%=-880.5, 75%=-840.5, 90%=-818.7999877929688, 95%=-810.75, 98%=-758.7999267578125
ranking_best_algo: CMApara
ranking_best_score: 964.9
ranking_my_rank: 189/504 (62.7%)
ranking_my_percent: 62.698412698412696
