ConfigName: krbf__advnormalizedfitness__M3__L15__eps0p015__g0p015__ds0p01__dm0p01
Problem: NK
Kernel: rbf
Advantage: normalizedfitness
M: 3
lambda: 15
epsilon_svgd: 0.015
gamma: 0.015
decay_start_ratio: 0.01
decay_min_factor: 0.01
bandwith_kernel: None
no_interact: False
avg_score: 0.6058306694030762
median_score: 0.6046269536018372
std_score: 0.009169753640890121
percentiles: 2%=0.5927119255065918, 5%=0.5944146513938904, 10%=0.5957989692687988, 25%=0.5997642278671265, 50%=0.6046269536018372, 75%=0.6111284494400024, 90%=0.6184180974960327, 95%=0.6194718480110168, 98%=0.6297978162765503
ranking_best_algo: Tabu
ranking_best_score: 0.7429702712499999
ranking_my_rank: 391/504 (22.6%)
ranking_my_percent: 22.61904761904762
