ConfigName: krbf__advnormalizedfitness__M3__L8__eps0p03__g0p01__ds0p05__dm0p05
Problem: NK
Kernel: rbf
Advantage: normalizedfitness
M: 3
lambda: 8
epsilon_svgd: 0.03
gamma: 0.01
decay_start_ratio: 0.05
decay_min_factor: 0.05
bandwith_kernel: None
no_interact: False
avg_score: 0.7466636896133423
median_score: 0.7480523586273193
std_score: 0.0107050109654665
percentiles: 2%=0.7251468896865845, 5%=0.7267317771911621, 10%=0.7330178618431091, 25%=0.7388957738876343, 50%=0.7480523586273193, 75%=0.7534135580062866, 90%=0.7611244320869446, 95%=0.7625251412391663, 98%=0.7641631960868835
ranking_best_algo: PBIL
ranking_best_score: 0.733570253046875
ranking_my_rank: 1/504 (100.0%)
ranking_my_percent: 100.0
