ConfigName: krbf__advnormalizedfitness__M4__L12__eps0p015__g0p007__ds0p15__dm0p01
Problem: QUBO
Kernel: rbf
Advantage: normalizedfitness
M: 4
lambda: 12
epsilon_svgd: 0.015
gamma: 0.007
decay_start_ratio: 0.15
decay_min_factor: 0.01
bandwith_kernel: None
no_interact: False
avg_score: -1019.47998046875
median_score: -1017.5
std_score: 73.55806732177734
percentiles: 2%=-1156.739990234375, 5%=-1148.1500244140625, 10%=-1116.4000244140625, 25%=-1065.25, 50%=-1017.5, 75%=-972.5, 90%=-929.7000122070312, 95%=-902.8500366210938, 98%=-892.35986328125
ranking_best_algo: SVMMetaModelLogNormal
ranking_best_score: 1233.7999999999997
ranking_my_rank: 216/504 (57.3%)
ranking_my_percent: 57.34126984126984
