ConfigName: kjsd__advperagentrankweighted__M3__L16__eps0p007__g0p001__ds0p1__dm0p1
Problem: QUBO
Kernel: jsd
Advantage: peragentrankweighted
M: 3
lambda: 16
epsilon_svgd: 0.007
gamma: 0.001
decay_start_ratio: 0.1
decay_min_factor: 0.1
bandwith_kernel: None
no_interact: False
avg_score: -429.0199890136719
median_score: -426.0
std_score: 26.607511520385742
percentiles: 2%=-483.0, 5%=-471.29998779296875, 10%=-467.0, 25%=-448.0, 50%=-426.0, 75%=-411.75, 90%=-398.70001220703125, 95%=-388.8999938964844, 98%=-379.82000732421875
ranking_best_algo: CMAL3
ranking_best_score: 435.36
ranking_my_rank: 13/504 (97.6%)
ranking_my_percent: 97.61904761904762
