ConfigName: krbf__advnormalizedfitness__M4__L10__eps0p033__g0p007__ds0p01__dm0p3
Problem: QUBO
Kernel: rbf
Advantage: normalizedfitness
M: 4
lambda: 10
epsilon_svgd: 0.033
gamma: 0.007
decay_start_ratio: 0.01
decay_min_factor: 0.3
bandwith_kernel: None
no_interact: False
avg_score: -332.67999267578125
median_score: -334.0
std_score: 19.83274269104004
percentiles: 2%=-370.0400085449219, 5%=-357.20001220703125, 10%=-354.0, 25%=-343.75, 50%=-334.0, 75%=-324.0, 90%=-308.0, 95%=-294.95001220703125, 98%=-290.0
ranking_best_algo: CMApara
ranking_best_score: 344.22
ranking_my_rank: 70/504 (86.3%)
ranking_my_percent: 86.30952380952381
