ConfigName: krbf__advnormalizedfitness__M2__L8__eps0p015__g0p01__ds0p01__dm0p3
Problem: QUBO
Kernel: rbf
Advantage: normalizedfitness
M: 2
lambda: 8
epsilon_svgd: 0.015
gamma: 0.01
decay_start_ratio: 0.01
decay_min_factor: 0.3
bandwith_kernel: None
no_interact: False
avg_score: -427.0400085449219
median_score: -425.5
std_score: 25.725440979003906
percentiles: 2%=-475.0799865722656, 5%=-469.1000061035156, 10%=-465.0, 25%=-443.25, 50%=-425.5, 75%=-409.0, 90%=-392.8999938964844, 95%=-383.0, 98%=-375.9200134277344
ranking_best_algo: CMAL3
ranking_best_score: 435.36
ranking_my_rank: 20/504 (96.2%)
ranking_my_percent: 96.23015873015873
