ConfigName: kjsd__advperagentrankweighted__M3__L16__eps0p007__g0p003__ds0p2__dm0p05
Problem: QUBO
Kernel: jsd
Advantage: peragentrankweighted
M: 3
lambda: 16
epsilon_svgd: 0.007
gamma: 0.003
decay_start_ratio: 0.2
decay_min_factor: 0.05
bandwith_kernel: None
no_interact: False
avg_score: -2525.300048828125
median_score: -2528.5
std_score: 123.58280944824219
percentiles: 2%=-2759.419921875, 5%=-2731.14990234375, 10%=-2686.39990234375, 25%=-2598.25, 50%=-2528.5, 75%=-2439.25, 90%=-2370.10009765625, 95%=-2313.89990234375, 98%=-2288.159912109375
ranking_best_algo: DiscreteLengler2OnePlusOne
ranking_best_score: 2617.04
ranking_my_rank: 60/504 (88.3%)
ranking_my_percent: 88.2936507936508
