ConfigName: krbf__advnormalizedfitness__M4__L8__eps0p02__g0p01__ds0p15__dm0p05
Problem: QUBO
Kernel: rbf
Advantage: normalizedfitness
M: 4
lambda: 8
epsilon_svgd: 0.02
gamma: 0.01
decay_start_ratio: 0.15
decay_min_factor: 0.05
bandwith_kernel: None
no_interact: False
avg_score: -439.239990234375
median_score: -439.5
std_score: 22.63233184814453
percentiles: 2%=-479.1000061035156, 5%=-473.1499938964844, 10%=-468.20001220703125, 25%=-454.25, 50%=-439.5, 75%=-424.5, 90%=-411.0, 95%=-399.8999938964844, 98%=-391.0
ranking_best_algo: CMApara
ranking_best_score: 453.82
ranking_my_rank: 19/504 (96.4%)
ranking_my_percent: 96.42857142857143
