ConfigName: kjsd__advperagentrankweighted__M3__L16__eps0p005__g0p001__ds0p05__dm0p05
Problem: QUBO
Kernel: jsd
Advantage: peragentrankweighted
M: 3
lambda: 16
epsilon_svgd: 0.005
gamma: 0.001
decay_start_ratio: 0.05
decay_min_factor: 0.05
bandwith_kernel: None
no_interact: False
avg_score: -3296.1201171875
median_score: -3281.0
std_score: 125.7057876586914
percentiles: 2%=-3560.860107421875, 5%=-3500.25, 10%=-3448.10009765625, 25%=-3378.5, 50%=-3281.0, 75%=-3215.5, 90%=-3144.0, 95%=-3107.5, 98%=-3067.0
ranking_best_algo: RLSOnePlusOne
ranking_best_score: 3316.5199999999995
ranking_my_rank: 3/504 (99.6%)
ranking_my_percent: 99.60317460317461
