ConfigName: krbf__advnormalizedfitness__M4__L15__eps0p015__g0p005__ds0p3__dm0p3
Problem: NK
Kernel: rbf
Advantage: normalizedfitness
M: 4
lambda: 15
epsilon_svgd: 0.015
gamma: 0.005
decay_start_ratio: 0.3
decay_min_factor: 0.3
bandwith_kernel: None
no_interact: False
avg_score: 0.6777963042259216
median_score: 0.6785482168197632
std_score: 0.010652930475771427
percentiles: 2%=0.6593415141105652, 5%=0.6610035300254822, 10%=0.663601815700531, 25%=0.6690723896026611, 50%=0.6785482168197632, 75%=0.6842334270477295, 90%=0.6912583708763123, 95%=0.6943786144256592, 98%=0.7015777230262756
ranking_best_algo: PBIL
ranking_best_score: 0.7248786399609374
ranking_my_rank: 199/504 (60.7%)
ranking_my_percent: 60.714285714285715
