ConfigName: kjsd__advperagentrankweighted__M5__L28__eps0p008__g0p0005__ds0p3__dm0p05
Problem: QUBO
Kernel: jsd
Advantage: peragentrankweighted
M: 5
lambda: 28
epsilon_svgd: 0.008
gamma: 0.0005
decay_start_ratio: 0.3
decay_min_factor: 0.05
bandwith_kernel: None
no_interact: False
avg_score: -1287.56005859375
median_score: -1282.0
std_score: 61.308292388916016
percentiles: 2%=-1389.1600341796875, 5%=-1377.050048828125, 10%=-1371.4000244140625, 25%=-1338.0, 50%=-1282.0, 75%=-1238.5, 90%=-1216.5999755859375, 95%=-1185.75, 98%=-1159.0
ranking_best_algo: BigLognormalDiscreteOnePlusOne
ranking_best_score: 1301.3600000000004
ranking_my_rank: 4/504 (99.4%)
ranking_my_percent: 99.4047619047619
