ConfigName: kjsd__advperagentrankweighted__M6__L8__eps0p02__g0p0007__ds0p05__dm0p05
Problem: QUBO
Kernel: jsd
Advantage: peragentrankweighted
M: 6
lambda: 8
epsilon_svgd: 0.02
gamma: 0.0007
decay_start_ratio: 0.05
decay_min_factor: 0.05
bandwith_kernel: None
no_interact: False
avg_score: -1185.8199462890625
median_score: -1188.5
std_score: 59.98956298828125
percentiles: 2%=-1307.1800537109375, 5%=-1285.5999755859375, 10%=-1265.9000244140625, 25%=-1224.25, 50%=-1188.5, 75%=-1139.0, 90%=-1109.800048828125, 95%=-1102.0, 98%=-1059.9599609375
ranking_best_algo: Tabu
ranking_best_score: 1216.16
ranking_my_rank: 64/504 (87.5%)
ranking_my_percent: 87.5
