ConfigName: krbf__advnormalizedfitness__M3__L12__eps0p015__g0p015__ds0p3__dm0p3
Problem: QUBO
Kernel: rbf
Advantage: normalizedfitness
M: 3
lambda: 12
epsilon_svgd: 0.015
gamma: 0.015
decay_start_ratio: 0.3
decay_min_factor: 0.3
bandwith_kernel: None
no_interact: False
avg_score: -633.5
median_score: -625.0
std_score: 73.42240905761719
percentiles: 2%=-768.1599731445312, 5%=-755.0999755859375, 10%=-745.0999755859375, 25%=-684.75, 50%=-625.0, 75%=-586.0, 90%=-537.0, 95%=-514.9500122070312, 98%=-495.89996337890625
ranking_best_algo: CMAL3
ranking_best_score: 928.5800000000002
ranking_my_rank: 344/504 (31.9%)
ranking_my_percent: 31.944444444444443
