ConfigName: krbf__advnormalizedfitness__M4__L10__eps0p033__g0p007__ds0p15__dm0p01
Problem: NK
Kernel: rbf
Advantage: normalizedfitness
M: 4
lambda: 10
epsilon_svgd: 0.033
gamma: 0.007
decay_start_ratio: 0.15
decay_min_factor: 0.01
bandwith_kernel: None
no_interact: False
avg_score: 0.7381713390350342
median_score: 0.738612174987793
std_score: 0.011721804738044739
percentiles: 2%=0.7137000560760498, 5%=0.7203349471092224, 10%=0.7227379679679871, 25%=0.728969395160675, 50%=0.738612174987793, 75%=0.7476267218589783, 90%=0.7521030306816101, 95%=0.7570375204086304, 98%=0.760455310344696
ranking_best_algo: PBIL
ranking_best_score: 0.733570253046875
ranking_my_rank: 1/504 (100.0%)
ranking_my_percent: 100.0
