ConfigName: kjsd__advperagentrankweighted__M5__L10__eps0p005__g0p0003__ds0p2__dm0p05
Problem: QUBO
Kernel: jsd
Advantage: peragentrankweighted
M: 5
lambda: 10
epsilon_svgd: 0.005
gamma: 0.0003
decay_start_ratio: 0.2
decay_min_factor: 0.05
bandwith_kernel: None
no_interact: False
avg_score: -311.4599914550781
median_score: -316.0
std_score: 36.81940460205078
percentiles: 2%=-390.0400085449219, 5%=-380.29998779296875, 10%=-354.20001220703125, 25%=-336.0, 50%=-316.0, 75%=-278.5, 90%=-266.0, 95%=-263.8500061035156, 98%=-255.9600067138672
ranking_best_algo: CMApara
ranking_best_score: 319.29999999999995
ranking_my_rank: 39/504 (92.5%)
ranking_my_percent: 92.46031746031746
