ConfigName: kjsd__advperagentrankweighted__M3__L20__eps0p005__g0p0005__ds0p2__dm0p1
Problem: NK
Kernel: jsd
Advantage: peragentrankweighted
M: 3
lambda: 20
epsilon_svgd: 0.005
gamma: 0.0005
decay_start_ratio: 0.2
decay_min_factor: 0.1
bandwith_kernel: None
no_interact: False
avg_score: 0.7430852651596069
median_score: 0.7431274652481079
std_score: 0.013886233791708946
percentiles: 2%=0.7163291573524475, 5%=0.7186266779899597, 10%=0.727617084980011, 25%=0.7329269647598267, 50%=0.7431274652481079, 75%=0.7530275583267212, 90%=0.762296736240387, 95%=0.7659359574317932, 98%=0.7680001258850098
ranking_best_algo: Tabu
ranking_best_score: 0.7601875690625
ranking_my_rank: 8/504 (98.6%)
ranking_my_percent: 98.61111111111111
