ConfigName: kjsd__advperagentrankweighted__M4__L20__eps0p005__g0p001__ds0p1__dm0p1
Problem: NK
Kernel: jsd
Advantage: peragentrankweighted
M: 4
lambda: 20
epsilon_svgd: 0.005
gamma: 0.001
decay_start_ratio: 0.1
decay_min_factor: 0.1
bandwith_kernel: None
no_interact: False
avg_score: 0.7373121380805969
median_score: 0.7386480569839478
std_score: 0.008684476837515831
percentiles: 2%=0.7199912667274475, 5%=0.7210261225700378, 10%=0.7242582440376282, 25%=0.7318692207336426, 50%=0.7386480569839478, 75%=0.7430392503738403, 90%=0.7466490864753723, 95%=0.7494046092033386, 98%=0.7532514333724976
ranking_best_algo: PBIL
ranking_best_score: 0.730509098125
ranking_my_rank: 1/504 (100.0%)
ranking_my_percent: 100.0
