ConfigName: kjsd__advperagentrankweighted__M10__L12__eps0p008__g0p0005__ds0p3__dm0p05
Problem: NK
Kernel: jsd
Advantage: peragentrankweighted
M: 10
lambda: 12
epsilon_svgd: 0.008
gamma: 0.0005
decay_start_ratio: 0.3
decay_min_factor: 0.05
bandwith_kernel: None
no_interact: False
avg_score: 0.7376478314399719
median_score: 0.7364382743835449
std_score: 0.015184410847723484
percentiles: 2%=0.710971474647522, 5%=0.7163547873497009, 10%=0.7181249856948853, 25%=0.7270742654800415, 50%=0.7364382743835449, 75%=0.7481991052627563, 90%=0.7570605278015137, 95%=0.765514612197876, 98%=0.7675272226333618
ranking_best_algo: Tabu
ranking_best_score: 0.7601875690625
ranking_my_rank: 20/504 (96.2%)
ranking_my_percent: 96.23015873015873
