ConfigName: krbf__advnormalizedfitness__M3__L15__eps0p025__g0p005__ds0p15__dm0p3
Problem: QUBO
Kernel: rbf
Advantage: normalizedfitness
M: 3
lambda: 15
epsilon_svgd: 0.025
gamma: 0.005
decay_start_ratio: 0.15
decay_min_factor: 0.3
bandwith_kernel: None
no_interact: False
avg_score: -2529.820068359375
median_score: -2521.0
std_score: 147.6628875732422
percentiles: 2%=-2827.0, 5%=-2763.89990234375, 10%=-2741.5, 25%=-2632.25, 50%=-2521.0, 75%=-2419.0, 90%=-2347.199951171875, 95%=-2315.800048828125, 98%=-2279.83984375
ranking_best_algo: DiscreteLengler2OnePlusOne
ranking_best_score: 2617.04
ranking_my_rank: 60/504 (88.3%)
ranking_my_percent: 88.2936507936508
