ConfigName: kjsd__advperagentrankweighted__M8__L12__eps0p008__g0p0005__ds0p3__dm0p05
Problem: NK
Kernel: jsd
Advantage: peragentrankweighted
M: 8
lambda: 12
epsilon_svgd: 0.008
gamma: 0.0005
decay_start_ratio: 0.3
decay_min_factor: 0.05
bandwith_kernel: None
no_interact: False
avg_score: 0.706723690032959
median_score: 0.7085757255554199
std_score: 0.011920550838112831
percentiles: 2%=0.6881345510482788, 5%=0.6888990998268127, 10%=0.6914143562316895, 25%=0.6949434280395508, 50%=0.7085757255554199, 75%=0.717526912689209, 90%=0.7210288643836975, 95%=0.7238762378692627, 98%=0.7248759865760803
ranking_best_algo: PBIL
ranking_best_score: 0.7013553837109374
ranking_my_rank: 1/504 (100.0%)
ranking_my_percent: 100.0
