ConfigName: krbf__advnormalizedfitness__M1__L8__eps0p015__g0p005__ds0p01__dm0p3
Problem: QUBO
Kernel: rbf
Advantage: normalizedfitness
M: 1
lambda: 8
epsilon_svgd: 0.015
gamma: 0.005
decay_start_ratio: 0.01
decay_min_factor: 0.3
bandwith_kernel: None
no_interact: False
avg_score: -1261.43994140625
median_score: -1262.0
std_score: 60.31937026977539
percentiles: 2%=-1367.02001953125, 5%=-1351.5999755859375, 10%=-1343.199951171875, 25%=-1311.0, 50%=-1262.0, 75%=-1219.0, 90%=-1180.199951171875, 95%=-1162.5, 98%=-1146.7999267578125
ranking_best_algo: BigLognormalDiscreteOnePlusOne
ranking_best_score: 1301.3600000000004
ranking_my_rank: 53/504 (89.7%)
ranking_my_percent: 89.68253968253968
