ConfigName: kjsd__advperagentrankweighted__M5__L8__eps0p005__g0p0005__ds0p05__dm0p2
Problem: QUBO
Kernel: jsd
Advantage: peragentrankweighted
M: 5
lambda: 8
epsilon_svgd: 0.005
gamma: 0.0005
decay_start_ratio: 0.05
decay_min_factor: 0.2
bandwith_kernel: None
no_interact: False
avg_score: -576.4199829101562
median_score: -578.5
std_score: 24.290401458740234
percentiles: 2%=-621.0399780273438, 5%=-613.2999877929688, 10%=-607.2000122070312, 25%=-593.5, 50%=-578.5, 75%=-560.0, 90%=-542.9000244140625, 95%=-534.75, 98%=-519.9199829101562
ranking_best_algo: Tabu
ranking_best_score: 588.7199999999999
ranking_my_rank: 55/503 (89.3%)
ranking_my_percent: 89.26441351888668
