ConfigName: krbf__advnormalizedfitness__M3__L12__eps0p033__g0p005__ds0p3__dm0p01
Problem: NK
Kernel: rbf
Advantage: normalizedfitness
M: 3
lambda: 12
epsilon_svgd: 0.033
gamma: 0.005
decay_start_ratio: 0.3
decay_min_factor: 0.01
bandwith_kernel: None
no_interact: False
avg_score: 0.7319357991218567
median_score: 0.7308444976806641
std_score: 0.010365580208599567
percentiles: 2%=0.7133501172065735, 5%=0.7163985967636108, 10%=0.7209371328353882, 25%=0.7254235744476318, 50%=0.7308444976806641, 75%=0.7374879121780396, 90%=0.744148850440979, 95%=0.753166913986206, 98%=0.7556561827659607
ranking_best_algo: Tabu
ranking_best_score: 0.7429702712499999
ranking_my_rank: 2/504 (99.8%)
ranking_my_percent: 99.8015873015873
