ConfigName: kjsd__advperagentrankweighted__M5__L12__eps0p03__g0p0007__ds0p2__dm0p05
Problem: QUBO
Kernel: jsd
Advantage: peragentrankweighted
M: 5
lambda: 12
epsilon_svgd: 0.03
gamma: 0.0007
decay_start_ratio: 0.2
decay_min_factor: 0.05
bandwith_kernel: None
no_interact: False
avg_score: -2639.159912109375
median_score: -2633.5
std_score: 113.70195007324219
percentiles: 2%=-2860.300048828125, 5%=-2847.449951171875, 10%=-2797.39990234375, 25%=-2718.75, 50%=-2633.5, 75%=-2564.5, 90%=-2488.10009765625, 95%=-2472.550048828125, 98%=-2429.419921875
ranking_best_algo: DiscreteLengler2OnePlusOne
ranking_best_score: 2617.04
ranking_my_rank: 1/504 (100.0%)
ranking_my_percent: 100.0
