ConfigName: kjsd__advperagentrankweighted__M3__L20__eps0p007__g0p003__ds0p1__dm0p1
Problem: QUBO
Kernel: jsd
Advantage: peragentrankweighted
M: 3
lambda: 20
epsilon_svgd: 0.007
gamma: 0.003
decay_start_ratio: 0.1
decay_min_factor: 0.1
bandwith_kernel: None
no_interact: False
avg_score: -1113.9200439453125
median_score: -1115.5
std_score: 71.83128356933594
percentiles: 2%=-1239.0, 5%=-1232.050048828125, 10%=-1215.199951171875, 25%=-1158.5, 50%=-1115.5, 75%=-1062.0, 90%=-1022.7999877929688, 95%=-1001.8499755859375, 98%=-974.760009765625
ranking_best_algo: SVMMetaModelLogNormal
ranking_best_score: 1233.7999999999997
ranking_my_rank: 113/504 (77.8%)
ranking_my_percent: 77.77777777777777
