ConfigName: kjsd__advperagentrankweighted__M5__L8__eps0p005__g0p0007__ds0p2__dm0p05
Problem: QUBO
Kernel: jsd
Advantage: peragentrankweighted
M: 5
lambda: 8
epsilon_svgd: 0.005
gamma: 0.0007
decay_start_ratio: 0.2
decay_min_factor: 0.05
bandwith_kernel: None
no_interact: False
avg_score: -2553.3798828125
median_score: -2554.0
std_score: 114.23194122314453
percentiles: 2%=-2799.1201171875, 5%=-2731.5, 10%=-2695.39990234375, 25%=-2629.0, 50%=-2554.0, 75%=-2475.5, 90%=-2407.699951171875, 95%=-2377.89990234375, 98%=-2349.340087890625
ranking_best_algo: SVM1MetaModelLogNormal
ranking_best_score: 2605.14
ranking_my_rank: 41/504 (92.1%)
ranking_my_percent: 92.06349206349206
