ConfigName: kjsd__advperagentrankweighted__M3__L18__eps0p01__g0p0005__ds0p2__dm0p1
Problem: QUBO
Kernel: jsd
Advantage: peragentrankweighted
M: 3
lambda: 18
epsilon_svgd: 0.01
gamma: 0.0005
decay_start_ratio: 0.2
decay_min_factor: 0.1
bandwith_kernel: None
no_interact: False
avg_score: -2649.06005859375
median_score: -2635.0
std_score: 117.96896362304688
percentiles: 2%=-2893.8798828125, 5%=-2851.5, 10%=-2803.699951171875, 25%=-2726.75, 50%=-2635.0, 75%=-2575.75, 90%=-2507.699951171875, 95%=-2468.64990234375, 98%=-2457.1201171875
ranking_best_algo: DiscreteLengler2OnePlusOne
ranking_best_score: 2617.04
ranking_my_rank: 1/504 (100.0%)
ranking_my_percent: 100.0
