ConfigName: kjsd__advperagentrankweighted__M5__L10__eps0p005__g0p0007__ds0p05__dm0p2
Problem: NK
Kernel: jsd
Advantage: peragentrankweighted
M: 5
lambda: 10
epsilon_svgd: 0.005
gamma: 0.0007
decay_start_ratio: 0.05
decay_min_factor: 0.2
bandwith_kernel: None
no_interact: False
avg_score: 0.7445861101150513
median_score: 0.7408133745193481
std_score: 0.0290702972561121
percentiles: 2%=0.6982739567756653, 5%=0.7070372104644775, 10%=0.7118036150932312, 25%=0.718568742275238, 50%=0.7408133745193481, 75%=0.7635382413864136, 90%=0.7783373594284058, 95%=0.8048011064529419, 98%=0.8118547797203064
ranking_best_algo: CMApara
ranking_best_score: 0.7459277895312499
ranking_my_rank: 3/504 (99.6%)
ranking_my_percent: 99.60317460317461
