ConfigName: kjsd__advperagentrankweighted__M3__L16__eps0p01__g0p0007__ds0p2__dm0p2
Problem: NK
Kernel: jsd
Advantage: peragentrankweighted
M: 3
lambda: 16
epsilon_svgd: 0.01
gamma: 0.0007
decay_start_ratio: 0.2
decay_min_factor: 0.2
bandwith_kernel: None
no_interact: False
avg_score: 0.7201515436172485
median_score: 0.7192546725273132
std_score: 0.006697550415992737
percentiles: 2%=0.7070920467376709, 5%=0.709231436252594, 10%=0.7123442888259888, 25%=0.7162213325500488, 50%=0.7192546725273132, 75%=0.7253708839416504, 90%=0.7293387055397034, 95%=0.73103266954422, 98%=0.7335523366928101
ranking_best_algo: PBIL
ranking_best_score: 0.7170882103515624
ranking_my_rank: 1/504 (100.0%)
ranking_my_percent: 100.0
