ConfigName: kjsd__advperagentrankweighted__M3__L18__eps0p007__g0p0005__ds0p1__dm0p05
Problem: QUBO
Kernel: jsd
Advantage: peragentrankweighted
M: 3
lambda: 18
epsilon_svgd: 0.007
gamma: 0.0005
decay_start_ratio: 0.1
decay_min_factor: 0.05
bandwith_kernel: None
no_interact: False
avg_score: -197.83999633789062
median_score: -197.0
std_score: 14.060384750366211
percentiles: 2%=-224.0, 5%=-220.10000610351562, 10%=-219.0, 25%=-209.0, 50%=-197.0, 75%=-187.0, 90%=-180.0, 95%=-173.0, 98%=-168.97999572753906
ranking_best_algo: Tabu
ranking_best_score: 208.36000000000004
ranking_my_rank: 109/504 (78.6%)
ranking_my_percent: 78.57142857142857
