ConfigName: kjsd__advperagentrankweighted__M5__L8__eps0p01__g0p0003__ds0p4__dm0p05
Problem: QUBO
Kernel: jsd
Advantage: peragentrankweighted
M: 5
lambda: 8
epsilon_svgd: 0.01
gamma: 0.0003
decay_start_ratio: 0.4
decay_min_factor: 0.05
bandwith_kernel: None
no_interact: False
avg_score: -1228.9000244140625
median_score: -1223.0
std_score: 52.63278579711914
percentiles: 2%=-1343.1800537109375, 5%=-1319.050048828125, 10%=-1298.199951171875, 25%=-1267.5, 50%=-1223.0, 75%=-1191.0, 90%=-1163.9000244140625, 95%=-1151.0, 98%=-1142.8399658203125
ranking_best_algo: SVMMetaModelLogNormal
ranking_best_score: 1233.7999999999997
ranking_my_rank: 12/504 (97.8%)
ranking_my_percent: 97.81746031746032
