ConfigName: kjsd__advperagentrankweighted__M8__L10__eps0p008__g0p0005__ds0p3__dm0p05
Problem: NK
Kernel: jsd
Advantage: peragentrankweighted
M: 8
lambda: 10
epsilon_svgd: 0.008
gamma: 0.0005
decay_start_ratio: 0.3
decay_min_factor: 0.05
bandwith_kernel: None
no_interact: False
avg_score: 0.7337284088134766
median_score: 0.7349804639816284
std_score: 0.00941532477736473
percentiles: 2%=0.7136083841323853, 5%=0.716557502746582, 10%=0.7191786766052246, 25%=0.7288675308227539, 50%=0.7349804639816284, 75%=0.7414483428001404, 90%=0.7449632883071899, 95%=0.7460343241691589, 98%=0.7479401230812073
ranking_best_algo: PBIL
ranking_best_score: 0.7248786399609374
ranking_my_rank: 1/504 (100.0%)
ranking_my_percent: 100.0
