ConfigName: kjsd__advperagentrankweighted__M4__L10__eps0p03__g0p0005__ds0p2__dm0p05
Problem: NK
Kernel: jsd
Advantage: peragentrankweighted
M: 4
lambda: 10
epsilon_svgd: 0.03
gamma: 0.0005
decay_start_ratio: 0.2
decay_min_factor: 0.05
bandwith_kernel: None
no_interact: False
avg_score: 0.726804792881012
median_score: 0.7269964218139648
std_score: 0.01088905893266201
percentiles: 2%=0.7051348090171814, 5%=0.7089735865592957, 10%=0.7122504115104675, 25%=0.7188927531242371, 50%=0.7269964218139648, 75%=0.7341263294219971, 90%=0.740027129650116, 95%=0.744216799736023, 98%=0.747663676738739
ranking_best_algo: PBIL
ranking_best_score: 0.730509098125
ranking_my_rank: 8/504 (98.6%)
ranking_my_percent: 98.61111111111111
