ConfigName: kjsd__advperagentrankweighted__M3__L20__eps0p005__g0p003__ds0p1__dm0p1
Problem: QUBO
Kernel: jsd
Advantage: peragentrankweighted
M: 3
lambda: 20
epsilon_svgd: 0.005
gamma: 0.003
decay_start_ratio: 0.1
decay_min_factor: 0.1
bandwith_kernel: None
no_interact: False
avg_score: -324.9800109863281
median_score: -329.5
std_score: 23.227561950683594
percentiles: 2%=-370.0400085449219, 5%=-354.1499938964844, 10%=-350.0, 25%=-342.0, 50%=-329.5, 75%=-309.5, 90%=-290.8999938964844, 95%=-286.0, 98%=-279.79998779296875
ranking_best_algo: CMApara
ranking_best_score: 344.22
ranking_my_rank: 121/504 (76.2%)
ranking_my_percent: 76.19047619047619
