ConfigName: kjsd__advperagentrankweighted__M5__L24__eps0p02__g0p0007__ds0p2__dm0p05
Problem: QUBO
Kernel: jsd
Advantage: peragentrankweighted
M: 5
lambda: 24
epsilon_svgd: 0.02
gamma: 0.0007
decay_start_ratio: 0.2
decay_min_factor: 0.05
bandwith_kernel: None
no_interact: False
avg_score: -1315.5799560546875
median_score: -1320.0
std_score: 56.48011779785156
percentiles: 2%=-1441.199951171875, 5%=-1416.4000244140625, 10%=-1391.0999755859375, 25%=-1346.0, 50%=-1320.0, 75%=-1270.5, 90%=-1249.699951171875, 95%=-1222.9000244140625, 98%=-1212.6400146484375
ranking_best_algo: BigLognormalDiscreteOnePlusOne
ranking_best_score: 1301.3600000000004
ranking_my_rank: 1/504 (100.0%)
ranking_my_percent: 100.0
