ConfigName: kjsd__advperagentrankweighted__M5__L8__eps0p03__g0p0003__ds0p05__dm0p05
Problem: NK
Kernel: jsd
Advantage: peragentrankweighted
M: 5
lambda: 8
epsilon_svgd: 0.03
gamma: 0.0003
decay_start_ratio: 0.05
decay_min_factor: 0.05
bandwith_kernel: None
no_interact: False
avg_score: 0.7194281220436096
median_score: 0.7196161150932312
std_score: 0.009007528424263
percentiles: 2%=0.7002212405204773, 5%=0.7042868733406067, 10%=0.7063047885894775, 25%=0.7129255533218384, 50%=0.7196161150932312, 75%=0.7264314293861389, 90%=0.731462836265564, 95%=0.7327429056167603, 98%=0.7341499924659729
ranking_best_algo: PBIL
ranking_best_score: 0.7248786399609374
ranking_my_rank: 7/504 (98.8%)
ranking_my_percent: 98.80952380952381
