ConfigName: kjsd__advperagentrankweighted__M4__L24__eps0p005__g0p0003__ds0p05__dm0p05
Problem: QUBO
Kernel: jsd
Advantage: peragentrankweighted
M: 4
lambda: 24
epsilon_svgd: 0.005
gamma: 0.0003
decay_start_ratio: 0.05
decay_min_factor: 0.05
bandwith_kernel: None
no_interact: False
avg_score: -201.36000061035156
median_score: -203.0
std_score: 12.928666114807129
percentiles: 2%=-224.0, 5%=-222.0, 10%=-219.0, 25%=-209.25, 50%=-203.0, 75%=-194.0, 90%=-183.0, 95%=-179.9499969482422, 98%=-177.8000030517578
ranking_best_algo: Tabu
ranking_best_score: 208.36000000000004
ranking_my_rank: 40/504 (92.3%)
ranking_my_percent: 92.26190476190476
