ConfigName: kjsd__advperagentrankweighted__M3__L20__eps0p005__g0p001__ds0p2__dm0p2
Problem: QUBO
Kernel: jsd
Advantage: peragentrankweighted
M: 3
lambda: 20
epsilon_svgd: 0.005
gamma: 0.001
decay_start_ratio: 0.2
decay_min_factor: 0.2
bandwith_kernel: None
no_interact: False
avg_score: -138.82000732421875
median_score: -140.5
std_score: 11.085467338562012
percentiles: 2%=-158.0, 5%=-156.0, 10%=-153.0, 25%=-146.0, 50%=-140.5, 75%=-129.75, 90%=-123.0, 95%=-121.0, 98%=-119.9000015258789
ranking_best_algo: DiscreteDE
ranking_best_score: 143.4
ranking_my_rank: 95/504 (81.3%)
ranking_my_percent: 81.34920634920636
