ConfigName: kjsd__advperagentrankweighted__M3__L30__eps0p007__g0p001__ds0p05__dm0p2
Problem: QUBO
Kernel: jsd
Advantage: peragentrankweighted
M: 3
lambda: 30
epsilon_svgd: 0.007
gamma: 0.001
decay_start_ratio: 0.05
decay_min_factor: 0.2
bandwith_kernel: None
no_interact: False
avg_score: -938.5800170898438
median_score: -939.5
std_score: 65.85745239257812
percentiles: 2%=-1068.1600341796875, 5%=-1059.199951171875, 10%=-1033.9000244140625, 25%=-981.0, 50%=-939.5, 75%=-888.75, 90%=-847.7000122070312, 95%=-832.9000244140625, 98%=-827.8200073242188
ranking_best_algo: CMApara
ranking_best_score: 964.9
ranking_my_rank: 7/504 (98.8%)
ranking_my_percent: 98.80952380952381
