ConfigName: kjsd__advperagentrankweighted__M5__L10__eps0p01__g0p0007__ds0p4__dm0p2
Problem: NK
Kernel: jsd
Advantage: peragentrankweighted
M: 5
lambda: 10
epsilon_svgd: 0.01
gamma: 0.0007
decay_start_ratio: 0.4
decay_min_factor: 0.2
bandwith_kernel: None
no_interact: False
avg_score: 0.7376059889793396
median_score: 0.7390751838684082
std_score: 0.010199008509516716
percentiles: 2%=0.7172045111656189, 5%=0.7184383273124695, 10%=0.722877025604248, 25%=0.7311365604400635, 50%=0.7390751838684082, 75%=0.7440394163131714, 90%=0.7507853507995605, 95%=0.7533106803894043, 98%=0.7559521794319153
ranking_best_algo: PBIL
ranking_best_score: 0.730509098125
ranking_my_rank: 1/504 (100.0%)
ranking_my_percent: 100.0
