ConfigName: kjsd__advperagentrankweighted__M4__L10__eps0p005__g0p0005__ds0p2__dm0p05
Problem: QUBO
Kernel: jsd
Advantage: peragentrankweighted
M: 4
lambda: 10
epsilon_svgd: 0.005
gamma: 0.0005
decay_start_ratio: 0.2
decay_min_factor: 0.05
bandwith_kernel: None
no_interact: False
avg_score: -429.7200012207031
median_score: -429.0
std_score: 25.083093643188477
percentiles: 2%=-477.0400085449219, 5%=-475.1000061035156, 10%=-467.0, 25%=-446.0, 50%=-429.0, 75%=-412.75, 90%=-394.79998779296875, 95%=-387.95001220703125, 98%=-383.9599914550781
ranking_best_algo: CMAL3
ranking_best_score: 435.36
ranking_my_rank: 10/504 (98.2%)
ranking_my_percent: 98.21428571428571
