ConfigName: kjsd__advperagentrankweighted__M5__L12__eps0p02__g0p0007__ds0p05__dm0p05
Problem: NK
Kernel: jsd
Advantage: peragentrankweighted
M: 5
lambda: 12
epsilon_svgd: 0.02
gamma: 0.0007
decay_start_ratio: 0.05
decay_min_factor: 0.05
bandwith_kernel: None
no_interact: False
avg_score: 0.7112358212471008
median_score: 0.6953628063201904
std_score: 0.03148572891950607
percentiles: 2%=0.6734196543693542, 5%=0.6736212968826294, 10%=0.6792070865631104, 25%=0.683128297328949, 50%=0.6953628063201904, 75%=0.7467129230499268, 90%=0.7537308931350708, 95%=0.7613165378570557, 98%=0.7613165378570557
ranking_best_algo: CMApara
ranking_best_score: 0.7118996098437498
ranking_my_rank: 3/504 (99.6%)
ranking_my_percent: 99.60317460317461
