ConfigName: kjsd__advperagentrankweighted__M3__L16__eps0p007__g0p003__ds0p1__dm0p2
Problem: QUBO
Kernel: jsd
Advantage: peragentrankweighted
M: 3
lambda: 16
epsilon_svgd: 0.007
gamma: 0.003
decay_start_ratio: 0.1
decay_min_factor: 0.2
bandwith_kernel: None
no_interact: False
avg_score: -1483.300048828125
median_score: -1475.5
std_score: 88.99129486083984
percentiles: 2%=-1661.3800048828125, 5%=-1639.25, 10%=-1597.300048828125, 25%=-1542.5, 50%=-1475.5, 75%=-1420.5, 90%=-1363.9000244140625, 95%=-1347.8499755859375, 98%=-1336.4599609375
ranking_best_algo: NLOPT_LN_PRAXIS
ranking_best_score: 1607.12
ranking_my_rank: 83/504 (83.7%)
ranking_my_percent: 83.73015873015873
