ConfigName: kjsd__advperagentrankweighted__M4__L20__eps0p005__g0p0005__ds0p1__dm0p2
Problem: QUBO
Kernel: jsd
Advantage: peragentrankweighted
M: 4
lambda: 20
epsilon_svgd: 0.005
gamma: 0.0005
decay_start_ratio: 0.1
decay_min_factor: 0.2
bandwith_kernel: None
no_interact: False
avg_score: -443.5199890136719
median_score: -447.0
std_score: 24.982585906982422
percentiles: 2%=-481.3399963378906, 5%=-479.0, 10%=-472.0, 25%=-462.25, 50%=-447.0, 75%=-426.75, 90%=-409.8999938964844, 95%=-403.0, 98%=-391.9200134277344
ranking_best_algo: CMApara
ranking_best_score: 453.82
ranking_my_rank: 7/504 (98.8%)
ranking_my_percent: 98.80952380952381
