ConfigName: kjsd__advperagentrankweighted__M5__L12__eps0p02__g0p0007__ds0p2__dm0p05
Problem: NK
Kernel: jsd
Advantage: peragentrankweighted
M: 5
lambda: 12
epsilon_svgd: 0.02
gamma: 0.0007
decay_start_ratio: 0.2
decay_min_factor: 0.05
bandwith_kernel: None
no_interact: False
avg_score: 0.7064993977546692
median_score: 0.7092334032058716
std_score: 0.012024246156215668
percentiles: 2%=0.6864373087882996, 5%=0.6872814893722534, 10%=0.6905478239059448, 25%=0.6956514120101929, 50%=0.7092334032058716, 75%=0.716325044631958, 90%=0.7210312485694885, 95%=0.7228670120239258, 98%=0.7233245968818665
ranking_best_algo: PBIL
ranking_best_score: 0.7013553837109374
ranking_my_rank: 1/504 (100.0%)
ranking_my_percent: 100.0
