ConfigName: kjsd__advperagentrankweighted__M6__L12__eps0p005__g0p0005__ds0p05__dm0p05
Problem: QUBO
Kernel: jsd
Advantage: peragentrankweighted
M: 6
lambda: 12
epsilon_svgd: 0.005
gamma: 0.0005
decay_start_ratio: 0.05
decay_min_factor: 0.05
bandwith_kernel: None
no_interact: False
avg_score: -334.0199890136719
median_score: -339.5
std_score: 18.536439895629883
percentiles: 2%=-372.0, 5%=-357.75, 10%=-354.0, 25%=-346.0, 50%=-339.5, 75%=-323.5, 90%=-309.79998779296875, 95%=-301.79998779296875, 98%=-289.9599914550781
ranking_best_algo: CMApara
ranking_best_score: 344.22
ranking_my_rank: 64/504 (87.5%)
ranking_my_percent: 87.5
