ConfigName: krbf__advnormalizedfitness__M3__L8__eps0p015__g0p005__ds0p01__dm0p3
Problem: NK
Kernel: rbf
Advantage: normalizedfitness
M: 3
lambda: 8
epsilon_svgd: 0.015
gamma: 0.005
decay_start_ratio: 0.01
decay_min_factor: 0.3
bandwith_kernel: None
no_interact: False
avg_score: 0.7339182496070862
median_score: 0.7359508872032166
std_score: 0.009300179779529572
percentiles: 2%=0.7146883010864258, 5%=0.7159165143966675, 10%=0.7196500897407532, 25%=0.7268591523170471, 50%=0.7359508872032166, 75%=0.7401435375213623, 90%=0.7452667951583862, 95%=0.7463566660881042, 98%=0.7480679154396057
ranking_best_algo: PBIL
ranking_best_score: 0.7248786399609374
ranking_my_rank: 1/504 (100.0%)
ranking_my_percent: 100.0
