ConfigName: kfr__advglobalrankweighted__M2__L10__eps0p015__g0p003__ds0p01__dm0p01
Problem: QUBO
Kernel: fr
Advantage: globalrankweighted
M: 2
lambda: 10
epsilon_svgd: 0.015
gamma: 0.003
decay_start_ratio: 0.01
decay_min_factor: 0.01
bandwith_kernel: None
no_interact: False
avg_score: -1173.1600341796875
median_score: -1171.0
std_score: 63.087833404541016
percentiles: 2%=-1321.1199951171875, 5%=-1281.6500244140625, 10%=-1271.0, 25%=-1200.5, 50%=-1171.0, 75%=-1128.0, 90%=-1101.0, 95%=-1079.75, 98%=-1067.639892578125
ranking_best_algo: Tabu
ranking_best_score: 1216.16
ranking_my_rank: 85/504 (83.3%)
ranking_my_percent: 83.33333333333333
