ConfigName: krbf__advnormalizedfitness__M3__L12__eps0p033__g0p005__ds0p3__dm0p01
Problem: QUBO
Kernel: rbf
Advantage: normalizedfitness
M: 3
lambda: 12
epsilon_svgd: 0.033
gamma: 0.005
decay_start_ratio: 0.3
decay_min_factor: 0.01
bandwith_kernel: None
no_interact: False
avg_score: -328.260009765625
median_score: -330.0
std_score: 21.409631729125977
percentiles: 2%=-372.0, 5%=-354.0, 10%=-350.0, 25%=-343.25, 50%=-330.0, 75%=-317.0, 90%=-299.79998779296875, 95%=-290.95001220703125, 98%=-279.9599914550781
ranking_best_algo: CMApara
ranking_best_score: 344.22
ranking_my_rank: 84/504 (83.5%)
ranking_my_percent: 83.53174603174604
