ConfigName: kjsd__advperagentrankweighted__M3__L16__eps0p007__g0p0007__ds0p1__dm0p05
Problem: NK
Kernel: jsd
Advantage: peragentrankweighted
M: 3
lambda: 16
epsilon_svgd: 0.007
gamma: 0.0007
decay_start_ratio: 0.1
decay_min_factor: 0.05
bandwith_kernel: None
no_interact: False
avg_score: 0.7069178819656372
median_score: 0.7100769281387329
std_score: 0.01215462014079094
percentiles: 2%=0.6859519481658936, 5%=0.6890959143638611, 10%=0.6910988688468933, 25%=0.6949825882911682, 50%=0.7100769281387329, 75%=0.7171205878257751, 90%=0.721687376499176, 95%=0.7224532961845398, 98%=0.7238299250602722
ranking_best_algo: PBIL
ranking_best_score: 0.7013553837109374
ranking_my_rank: 1/504 (100.0%)
ranking_my_percent: 100.0
