ConfigName: kjsd__advperagentrankweighted__M5__L8__eps0p01__g0p003__ds0p2__dm0p05
Problem: QUBO
Kernel: jsd
Advantage: peragentrankweighted
M: 5
lambda: 8
epsilon_svgd: 0.01
gamma: 0.003
decay_start_ratio: 0.2
decay_min_factor: 0.05
bandwith_kernel: None
no_interact: False
avg_score: -3130.5
median_score: -3142.5
std_score: 163.8434295654297
percentiles: 2%=-3425.179931640625, 5%=-3389.300048828125, 10%=-3349.10009765625, 25%=-3246.5, 50%=-3142.5, 75%=-2995.5, 90%=-2913.5, 95%=-2852.5, 98%=-2828.320068359375
ranking_best_algo: RLSOnePlusOne
ranking_best_score: 3316.5199999999995
ranking_my_rank: 77/504 (84.9%)
ranking_my_percent: 84.92063492063492
