ConfigName: kjsd__advperagentrankweighted__M3__L16__eps0p005__g0p0005__ds0p2__dm0p05
Problem: QUBO
Kernel: jsd
Advantage: peragentrankweighted
M: 3
lambda: 16
epsilon_svgd: 0.005
gamma: 0.0005
decay_start_ratio: 0.2
decay_min_factor: 0.05
bandwith_kernel: None
no_interact: False
avg_score: -1253.5999755859375
median_score: -1247.5
std_score: 64.00265502929688
percentiles: 2%=-1379.800048828125, 5%=-1361.75, 10%=-1337.199951171875, 25%=-1297.75, 50%=-1247.5, 75%=-1204.5, 90%=-1174.5999755859375, 95%=-1155.949951171875, 98%=-1149.699951171875
ranking_best_algo: SVMMetaModelLogNormal
ranking_best_score: 1233.7999999999997
ranking_my_rank: 1/504 (100.0%)
ranking_my_percent: 100.0
