ConfigName: krbf__advnormalizedfitness__M4__L15__eps0p025__g0p01__ds0p05__dm0p05
Problem: QUBO
Kernel: rbf
Advantage: normalizedfitness
M: 4
lambda: 15
epsilon_svgd: 0.025
gamma: 0.01
decay_start_ratio: 0.05
decay_min_factor: 0.05
bandwith_kernel: None
no_interact: False
avg_score: -1159.719970703125
median_score: -1141.5
std_score: 144.50709533691406
percentiles: 2%=-1487.1600341796875, 5%=-1467.050048828125, 10%=-1361.0, 25%=-1237.0, 50%=-1141.5, 75%=-1055.0, 90%=-990.7999877929688, 95%=-953.9500122070312, 98%=-946.719970703125
ranking_best_algo: NLOPT_LN_PRAXIS
ranking_best_score: 1607.12
ranking_my_rank: 278/504 (45.0%)
ranking_my_percent: 45.03968253968254
