ConfigName: kjsd__advperagentrankweighted__M3__L24__eps0p007__g0p0005__ds0p05__dm0p1
Problem: NK
Kernel: jsd
Advantage: peragentrankweighted
M: 3
lambda: 24
epsilon_svgd: 0.007
gamma: 0.0005
decay_start_ratio: 0.05
decay_min_factor: 0.1
bandwith_kernel: None
no_interact: False
avg_score: 0.7073818445205688
median_score: 0.7096270322799683
std_score: 0.011801449581980705
percentiles: 2%=0.6878600120544434, 5%=0.6899890303611755, 10%=0.6920393705368042, 25%=0.6958892941474915, 50%=0.7096270322799683, 75%=0.7177477478981018, 90%=0.722140371799469, 95%=0.7227898836135864, 98%=0.7239535450935364
ranking_best_algo: PBIL
ranking_best_score: 0.7013553837109374
ranking_my_rank: 1/504 (100.0%)
ranking_my_percent: 100.0
