ConfigName: krbf__advnormalizedfitness__M2__L6__eps0p02__g0p006__ds0p01__dm0p3
Problem: NK
Kernel: rbf
Advantage: normalizedfitness
M: 2
lambda: 6
epsilon_svgd: 0.02
gamma: 0.006
decay_start_ratio: 0.01
decay_min_factor: 0.3
bandwith_kernel: None
no_interact: False
avg_score: 0.732822060585022
median_score: 0.7339770197868347
std_score: 0.0095635075122118
percentiles: 2%=0.7132787108421326, 5%=0.7167130708694458, 10%=0.7196709513664246, 25%=0.724956750869751, 50%=0.7339770197868347, 75%=0.7383959293365479, 90%=0.7428225874900818, 95%=0.7496280670166016, 98%=0.7518689632415771
ranking_best_algo: PBIL
ranking_best_score: 0.730509098125
ranking_my_rank: 1/504 (100.0%)
ranking_my_percent: 100.0
