ConfigName: kfr__advglobalrankweighted__M4__L24__eps0p03__g0p007__ds0p01__dm0p01
Problem: NK
Kernel: fr
Advantage: globalrankweighted
M: 4
lambda: 24
epsilon_svgd: 0.03
gamma: 0.007
decay_start_ratio: 0.01
decay_min_factor: 0.01
bandwith_kernel: None
no_interact: False
avg_score: 0.7008734345436096
median_score: 0.6999377012252808
std_score: 0.014615459367632866
percentiles: 2%=0.6739701628684998, 5%=0.6788391470909119, 10%=0.6833141446113586, 25%=0.6914458870887756, 50%=0.6999377012252808, 75%=0.7096005082130432, 90%=0.7203775644302368, 95%=0.7281328439712524, 98%=0.7321109175682068
ranking_best_algo: Tabu
ranking_best_score: 0.7429702712499999
ranking_my_rank: 196/504 (61.3%)
ranking_my_percent: 61.30952380952381
