ConfigName: kjsd__advperagentrankweighted__M3__L30__eps0p005__g0p001__ds0p05__dm0p05
Problem: QUBO
Kernel: jsd
Advantage: peragentrankweighted
M: 3
lambda: 30
epsilon_svgd: 0.005
gamma: 0.001
decay_start_ratio: 0.05
decay_min_factor: 0.05
bandwith_kernel: None
no_interact: False
avg_score: -1213.1600341796875
median_score: -1212.5
std_score: 71.71802520751953
percentiles: 2%=-1376.3599853515625, 5%=-1355.3499755859375, 10%=-1306.0999755859375, 25%=-1259.0, 50%=-1212.5, 75%=-1160.5, 90%=-1121.0, 95%=-1108.800048828125, 98%=-1092.760009765625
ranking_best_algo: SVMMetaModelLogNormal
ranking_best_score: 1233.7999999999997
ranking_my_rank: 45/504 (91.3%)
ranking_my_percent: 91.26984126984127
