ConfigName: krbf__advnormalizedfitness__M4__L8__eps0p015__g0p005__ds0p15__dm0p3
Problem: QUBO
Kernel: rbf
Advantage: normalizedfitness
M: 4
lambda: 8
epsilon_svgd: 0.015
gamma: 0.005
decay_start_ratio: 0.15
decay_min_factor: 0.3
bandwith_kernel: None
no_interact: False
avg_score: -1180.0799560546875
median_score: -1183.5
std_score: 79.53649139404297
percentiles: 2%=-1345.0, 5%=-1323.5, 10%=-1294.0999755859375, 25%=-1220.5, 50%=-1183.5, 75%=-1135.0, 90%=-1076.199951171875, 95%=-1045.6500244140625, 98%=-1004.7999267578125
ranking_best_algo: BigLognormalDiscreteOnePlusOne
ranking_best_score: 1301.3600000000004
ranking_my_rank: 94/504 (81.5%)
ranking_my_percent: 81.54761904761905
