ConfigName: krbf__advnormalizedfitness__M1__L10__eps0p015__g0p015__ds0p01__dm0p01
Problem: NK
Kernel: rbf
Advantage: normalizedfitness
M: 1
lambda: 10
epsilon_svgd: 0.015
gamma: 0.015
decay_start_ratio: 0.01
decay_min_factor: 0.01
bandwith_kernel: None
no_interact: False
avg_score: 0.7327077984809875
median_score: 0.7319159507751465
std_score: 0.01083359494805336
percentiles: 2%=0.7152521014213562, 5%=0.7179792523384094, 10%=0.7194820046424866, 25%=0.725118100643158, 50%=0.7319159507751465, 75%=0.7397899627685547, 90%=0.747266411781311, 95%=0.7494704723358154, 98%=0.7548524737358093
ranking_best_algo: Tabu
ranking_best_score: 0.7429702712499999
ranking_my_rank: 2/504 (99.8%)
ranking_my_percent: 99.8015873015873
