ConfigName: kjsd__advperagentrankweighted__M3__L20__eps0p005__g0p001__ds0p05__dm0p2
Problem: NK
Kernel: jsd
Advantage: peragentrankweighted
M: 3
lambda: 20
epsilon_svgd: 0.005
gamma: 0.001
decay_start_ratio: 0.05
decay_min_factor: 0.2
bandwith_kernel: None
no_interact: False
avg_score: 0.7074585556983948
median_score: 0.7103288173675537
std_score: 0.01178744900971651
percentiles: 2%=0.6882753968238831, 5%=0.6888946294784546, 10%=0.6916033029556274, 25%=0.6962963342666626, 50%=0.7103288173675537, 75%=0.7177060842514038, 90%=0.721623957157135, 95%=0.724543571472168, 98%=0.724764347076416
ranking_best_algo: PBIL
ranking_best_score: 0.7013553837109374
ranking_my_rank: 1/504 (100.0%)
ranking_my_percent: 100.0
