ConfigName: krbf__advnormalizedfitness__M3__L24__eps0p02__g0p005__ds0p15__dm0p05
Problem: QUBO
Kernel: rbf
Advantage: normalizedfitness
M: 3
lambda: 24
epsilon_svgd: 0.02
gamma: 0.005
decay_start_ratio: 0.15
decay_min_factor: 0.05
bandwith_kernel: None
no_interact: False
avg_score: -423.1000061035156
median_score: -426.0
std_score: 25.929712295532227
percentiles: 2%=-467.2799987792969, 5%=-465.0, 10%=-459.0, 25%=-440.25, 50%=-426.0, 75%=-404.0, 90%=-389.8999938964844, 95%=-379.95001220703125, 98%=-372.9800109863281
ranking_best_algo: CMAL3
ranking_best_score: 435.36
ranking_my_rank: 33/504 (93.7%)
ranking_my_percent: 93.65079365079364
