ConfigName: krbf__advnormalizedfitness__M4__L15__eps0p033__g0p007__ds0p3__dm0p3
Problem: QUBO
Kernel: rbf
Advantage: normalizedfitness
M: 4
lambda: 15
epsilon_svgd: 0.033
gamma: 0.007
decay_start_ratio: 0.3
decay_min_factor: 0.3
bandwith_kernel: None
no_interact: False
avg_score: -331.739990234375
median_score: -334.0
std_score: 21.04690933227539
percentiles: 2%=-372.0, 5%=-361.1499938964844, 10%=-354.0, 25%=-346.0, 50%=-334.0, 75%=-319.5, 90%=-298.0, 95%=-290.95001220703125, 98%=-283.9599914550781
ranking_best_algo: CMApara
ranking_best_score: 344.22
ranking_my_rank: 76/504 (85.1%)
ranking_my_percent: 85.11904761904762
