ConfigName: krbf__advnormalizedfitness__M2__L8__eps0p015__g0p007__ds0p15__dm0p01
Problem: QUBO
Kernel: rbf
Advantage: normalizedfitness
M: 2
lambda: 8
epsilon_svgd: 0.015
gamma: 0.007
decay_start_ratio: 0.15
decay_min_factor: 0.01
bandwith_kernel: None
no_interact: False
avg_score: -199.55999755859375
median_score: -200.0
std_score: 12.983312606811523
percentiles: 2%=-224.0, 5%=-219.25, 10%=-215.10000610351562, 25%=-209.0, 50%=-200.0, 75%=-190.0, 90%=-181.8000030517578, 95%=-177.9499969482422, 98%=-172.97999572753906
ranking_best_algo: Tabu
ranking_best_score: 208.36000000000004
ranking_my_rank: 68/504 (86.7%)
ranking_my_percent: 86.7063492063492
