ConfigName: krbf__advnormalizedfitness__M1__L8__eps0p015__g0p015__ds0p15__dm0p3
Problem: NK
Kernel: rbf
Advantage: normalizedfitness
M: 1
lambda: 8
epsilon_svgd: 0.015
gamma: 0.015
decay_start_ratio: 0.15
decay_min_factor: 0.3
bandwith_kernel: None
no_interact: False
avg_score: 0.7405334711074829
median_score: 0.7373607158660889
std_score: 0.02867429330945015
percentiles: 2%=0.6951307058334351, 5%=0.7042569518089294, 10%=0.7076571583747864, 25%=0.7186887264251709, 50%=0.7373607158660889, 75%=0.749422550201416, 90%=0.7782467603683472, 95%=0.8044298887252808, 98%=0.8118547797203064
ranking_best_algo: CMApara
ranking_best_score: 0.7459277895312499
ranking_my_rank: 42/504 (91.9%)
ranking_my_percent: 91.86507936507937
