ConfigName: kjsd__advperagentrankweighted__M3__L24__eps0p007__g0p0005__ds0p2__dm0p2
Problem: NK
Kernel: jsd
Advantage: peragentrankweighted
M: 3
lambda: 24
epsilon_svgd: 0.007
gamma: 0.0005
decay_start_ratio: 0.2
decay_min_factor: 0.2
bandwith_kernel: None
no_interact: False
avg_score: 0.7436652183532715
median_score: 0.7422553300857544
std_score: 0.02930275723338127
percentiles: 2%=0.6945520639419556, 5%=0.6986318230628967, 10%=0.7111949324607849, 25%=0.7223236560821533, 50%=0.7422553300857544, 75%=0.7580187320709229, 90%=0.7782467603683472, 95%=0.8047558665275574, 98%=0.8118547797203064
ranking_best_algo: CMApara
ranking_best_score: 0.7459277895312499
ranking_my_rank: 7/504 (98.8%)
ranking_my_percent: 98.80952380952381
