ConfigName: krbf__advnormalizedfitness__M3__L10__eps0p025__g0p001__ds0p05__dm0p05
Problem: QUBO
Kernel: rbf
Advantage: normalizedfitness
M: 3
lambda: 10
epsilon_svgd: 0.025
gamma: 0.001
decay_start_ratio: 0.05
decay_min_factor: 0.05
bandwith_kernel: None
no_interact: False
avg_score: -1160.1600341796875
median_score: -1165.5
std_score: 81.7894515991211
percentiles: 2%=-1313.199951171875, 5%=-1296.25, 10%=-1272.5, 25%=-1221.0, 50%=-1165.5, 75%=-1097.0, 90%=-1054.800048828125, 95%=-1022.7000122070312, 98%=-990.5599975585938
ranking_best_algo: SVMMetaModelLogNormal
ranking_best_score: 1233.7999999999997
ranking_my_rank: 86/504 (83.1%)
ranking_my_percent: 83.13492063492063
