ConfigName: kjsd__advperagentrankweighted__M5__L8__eps0p02__g0p0007__ds0p05__dm0p05
Problem: QUBO
Kernel: jsd
Advantage: peragentrankweighted
M: 5
lambda: 8
epsilon_svgd: 0.02
gamma: 0.0007
decay_start_ratio: 0.05
decay_min_factor: 0.05
bandwith_kernel: None
no_interact: False
avg_score: -311.5799865722656
median_score: -316.0
std_score: 39.51384353637695
percentiles: 2%=-392.0799865722656, 5%=-390.1000061035156, 10%=-357.3999938964844, 25%=-338.5, 50%=-316.0, 75%=-273.0, 90%=-264.8999938964844, 95%=-256.0, 98%=-251.9199981689453
ranking_best_algo: CMApara
ranking_best_score: 319.29999999999995
ranking_my_rank: 38/504 (92.7%)
ranking_my_percent: 92.65873015873017
