ConfigName: krbf__advnormalizedfitness__M3__L8__eps0p015__g0p015__ds0p3__dm0p01
Problem: QUBO
Kernel: rbf
Advantage: normalizedfitness
M: 3
lambda: 8
epsilon_svgd: 0.015
gamma: 0.015
decay_start_ratio: 0.3
decay_min_factor: 0.01
bandwith_kernel: None
no_interact: False
avg_score: -200.89999389648438
median_score: -201.5
std_score: 13.014991760253906
percentiles: 2%=-222.0399932861328, 5%=-222.0, 10%=-220.0, 25%=-209.0, 50%=-201.5, 75%=-191.0, 90%=-185.0, 95%=-181.95001220703125, 98%=-170.9399871826172
ranking_best_algo: Tabu
ranking_best_score: 208.36000000000004
ranking_my_rank: 44/504 (91.5%)
ranking_my_percent: 91.46825396825396
