ConfigName: krbf__advnormalizedfitness__M2__L8__eps0p015__g0p005__ds0p01__dm0p01
Problem: QUBO
Kernel: rbf
Advantage: normalizedfitness
M: 2
lambda: 8
epsilon_svgd: 0.015
gamma: 0.005
decay_start_ratio: 0.01
decay_min_factor: 0.01
bandwith_kernel: None
no_interact: False
avg_score: -3290.179931640625
median_score: -3301.0
std_score: 116.03829956054688
percentiles: 2%=-3550.159912109375, 5%=-3496.5, 10%=-3444.199951171875, 25%=-3360.25, 50%=-3301.0, 75%=-3192.75, 90%=-3142.800048828125, 95%=-3119.300048828125, 98%=-3074.0
ranking_best_algo: RLSOnePlusOne
ranking_best_score: 3316.5199999999995
ranking_my_rank: 3/504 (99.6%)
ranking_my_percent: 99.60317460317461
