ConfigName: kjsd__advperagentrankweighted__M10__L28__eps0p005__g0p0005__ds0p3__dm0p05
Problem: QUBO
Kernel: jsd
Advantage: peragentrankweighted
M: 10
lambda: 28
epsilon_svgd: 0.005
gamma: 0.0005
decay_start_ratio: 0.3
decay_min_factor: 0.05
bandwith_kernel: None
no_interact: False
avg_score: -1216.1400146484375
median_score: -1199.5
std_score: 135.30979919433594
percentiles: 2%=-1587.300048828125, 5%=-1454.449951171875, 10%=-1371.0999755859375, 25%=-1265.0, 50%=-1199.5, 75%=-1136.75, 90%=-1078.9000244140625, 95%=-1044.25, 98%=-994.739990234375
ranking_best_algo: RLSOnePlusOne
ranking_best_score: 3316.5199999999995
ranking_my_rank: 385/504 (23.8%)
ranking_my_percent: 23.80952380952381
