ConfigName: kjsd__advperagentrankweighted__M4__L20__eps0p007__g0p0005__ds0p2__dm0p2
Problem: QUBO
Kernel: jsd
Advantage: peragentrankweighted
M: 4
lambda: 20
epsilon_svgd: 0.007
gamma: 0.0005
decay_start_ratio: 0.2
decay_min_factor: 0.2
bandwith_kernel: None
no_interact: False
avg_score: -444.4800109863281
median_score: -442.5
std_score: 24.88231658935547
percentiles: 2%=-489.0199890136719, 5%=-485.1000061035156, 10%=-479.0, 25%=-464.25, 50%=-442.5, 75%=-425.0, 90%=-414.8999938964844, 95%=-401.8999938964844, 98%=-391.94000244140625
ranking_best_algo: CMApara
ranking_best_score: 453.82
ranking_my_rank: 6/504 (99.0%)
ranking_my_percent: 99.0079365079365
