ConfigName: krbf__advnormalizedfitness__M3__L12__eps0p025__g0p005__ds0p3__dm0p01
Problem: QUBO
Kernel: rbf
Advantage: normalizedfitness
M: 3
lambda: 12
epsilon_svgd: 0.025
gamma: 0.005
decay_start_ratio: 0.3
decay_min_factor: 0.01
bandwith_kernel: None
no_interact: False
avg_score: -1280.5799560546875
median_score: -1282.5
std_score: 66.99644470214844
percentiles: 2%=-1415.0999755859375, 5%=-1401.199951171875, 10%=-1363.800048828125, 25%=-1331.0, 50%=-1282.5, 75%=-1229.0, 90%=-1193.9000244140625, 95%=-1182.5, 98%=-1170.27978515625
ranking_best_algo: BigLognormalDiscreteOnePlusOne
ranking_best_score: 1301.3600000000004
ranking_my_rank: 31/504 (94.0%)
ranking_my_percent: 94.04761904761905
