ConfigName: krbf__advnormalizedfitness__M2__L8__eps0p015__g0p01__ds0p15__dm0p01
Problem: QUBO
Kernel: rbf
Advantage: normalizedfitness
M: 2
lambda: 8
epsilon_svgd: 0.015
gamma: 0.01
decay_start_ratio: 0.15
decay_min_factor: 0.01
bandwith_kernel: None
no_interact: False
avg_score: -581.47998046875
median_score: -581.5
std_score: 27.513078689575195
percentiles: 2%=-635.1199951171875, 5%=-621.5499877929688, 10%=-613.4000244140625, 25%=-603.5, 50%=-581.5, 75%=-560.75, 90%=-548.9000244140625, 95%=-541.5499877929688, 98%=-522.97998046875
ranking_best_algo: Tabu
ranking_best_score: 588.7199999999999
ranking_my_rank: 36/503 (93.0%)
ranking_my_percent: 93.04174950298211
