ConfigName: krbf__advnormalizedfitness__M4__L15__eps0p025__g0p015__ds0p3__dm0p3
Problem: QUBO
Kernel: rbf
Advantage: normalizedfitness
M: 4
lambda: 15
epsilon_svgd: 0.025
gamma: 0.015
decay_start_ratio: 0.3
decay_min_factor: 0.3
bandwith_kernel: None
no_interact: False
avg_score: -282.6000061035156
median_score: -278.0
std_score: 34.868900299072266
percentiles: 2%=-358.1400146484375, 5%=-350.0, 10%=-331.1999816894531, 25%=-301.25, 50%=-278.0, 75%=-258.0, 90%=-235.8000030517578, 95%=-232.0, 98%=-228.0
ranking_best_algo: Tabu
ranking_best_score: 438.12
ranking_my_rank: 379/504 (25.0%)
ranking_my_percent: 25.0
