ConfigName: kjsd__advperagentrankweighted__M5__L10__eps0p008__g0p0005__ds0p05__dm0p05
Problem: NK
Kernel: jsd
Advantage: peragentrankweighted
M: 5
lambda: 10
epsilon_svgd: 0.008
gamma: 0.0005
decay_start_ratio: 0.05
decay_min_factor: 0.05
bandwith_kernel: None
no_interact: False
avg_score: 0.7449226975440979
median_score: 0.7423140406608582
std_score: 0.027531877160072327
percentiles: 2%=0.7083438038825989, 5%=0.7122793197631836, 10%=0.7140892148017883, 25%=0.7214100956916809, 50%=0.7423140406608582, 75%=0.7580640316009521, 90%=0.7783373594284058, 95%=0.8085142374038696, 98%=0.8118547797203064
ranking_best_algo: CMApara
ranking_best_score: 0.7459277895312499
ranking_my_rank: 2/504 (99.8%)
ranking_my_percent: 99.8015873015873
