ConfigName: kjsd__advperagentrankweighted__M4__L20__eps0p007__g0p0005__ds0p05__dm0p1
Problem: NK
Kernel: jsd
Advantage: peragentrankweighted
M: 4
lambda: 20
epsilon_svgd: 0.007
gamma: 0.0005
decay_start_ratio: 0.05
decay_min_factor: 0.1
bandwith_kernel: None
no_interact: False
avg_score: 0.7584632039070129
median_score: 0.7563964128494263
std_score: 0.011571722105145454
percentiles: 2%=0.7353700399398804, 5%=0.736941933631897, 10%=0.7448078393936157, 25%=0.7521429657936096, 50%=0.7563964128494263, 75%=0.7678000330924988, 90%=0.771693766117096, 95%=0.7744647860527039, 98%=0.781166136264801
ranking_best_algo: Tabu
ranking_best_score: 0.7470791764843752
ranking_my_rank: 1/504 (100.0%)
ranking_my_percent: 100.0
