ConfigName: kjsd__advperagentrankweighted__M4__L24__eps0p005__g0p0005__ds0p05__dm0p05
Problem: QUBO
Kernel: jsd
Advantage: peragentrankweighted
M: 4
lambda: 24
epsilon_svgd: 0.005
gamma: 0.0005
decay_start_ratio: 0.05
decay_min_factor: 0.05
bandwith_kernel: None
no_interact: False
avg_score: -931.47998046875
median_score: -921.0
std_score: 77.6591796875
percentiles: 2%=-1074.0400390625, 5%=-1063.1500244140625, 10%=-1043.5, 25%=-992.0, 50%=-921.0, 75%=-882.0, 90%=-835.7999877929688, 95%=-817.75, 98%=-790.3200073242188
ranking_best_algo: CMApara
ranking_best_score: 964.9
ranking_my_rank: 19/504 (96.4%)
ranking_my_percent: 96.42857142857143
