ConfigName: kjsd__advperagentrankweighted__M3__L24__eps0p005__g0p0005__ds0p1__dm0p2
Problem: NK
Kernel: jsd
Advantage: peragentrankweighted
M: 3
lambda: 24
epsilon_svgd: 0.005
gamma: 0.0005
decay_start_ratio: 0.1
decay_min_factor: 0.2
bandwith_kernel: None
no_interact: False
avg_score: 0.7468485236167908
median_score: 0.7451364398002625
std_score: 0.008851122111082077
percentiles: 2%=0.731325626373291, 5%=0.7354171276092529, 10%=0.7362238168716431, 25%=0.7400507926940918, 50%=0.7451364398002625, 75%=0.754024863243103, 90%=0.7586975693702698, 95%=0.7614361643791199, 98%=0.763859748840332
ranking_best_algo: PBIL
ranking_best_score: 0.733570253046875
ranking_my_rank: 1/504 (100.0%)
ranking_my_percent: 100.0
