ConfigName: kjsd__advperagentrankweighted__M3__L16__eps0p007__g0p0007__ds0p05__dm0p1
Problem: QUBO
Kernel: jsd
Advantage: peragentrankweighted
M: 3
lambda: 16
epsilon_svgd: 0.007
gamma: 0.0007
decay_start_ratio: 0.05
decay_min_factor: 0.1
bandwith_kernel: None
no_interact: False
avg_score: -1636.300048828125
median_score: -1635.0
std_score: 59.7227783203125
percentiles: 2%=-1747.1800537109375, 5%=-1740.050048828125, 10%=-1708.9000244140625, 25%=-1683.5, 50%=-1635.0, 75%=-1596.5, 90%=-1558.800048828125, 95%=-1536.699951171875, 98%=-1521.93994140625
ranking_best_algo: NLOPT_LN_PRAXIS
ranking_best_score: 1607.12
ranking_my_rank: 1/504 (100.0%)
ranking_my_percent: 100.0
