ConfigName: krbf__advnormalizedfitness__M4__L15__eps0p015__g0p007__ds0p3__dm0p01
Problem: QUBO
Kernel: rbf
Advantage: normalizedfitness
M: 4
lambda: 15
epsilon_svgd: 0.015
gamma: 0.007
decay_start_ratio: 0.3
decay_min_factor: 0.01
bandwith_kernel: None
no_interact: False
avg_score: -193.89999389648438
median_score: -194.5
std_score: 14.085098266601562
percentiles: 2%=-224.0, 5%=-220.10000610351562, 10%=-215.10000610351562, 25%=-203.0, 50%=-194.5, 75%=-183.75, 90%=-175.89999389648438, 95%=-172.85000610351562, 98%=-167.97999572753906
ranking_best_algo: Tabu
ranking_best_score: 208.36000000000004
ranking_my_rank: 223/504 (56.0%)
ranking_my_percent: 55.95238095238095
