ConfigName: krbf__advnormalizedfitness__M3__L12__eps0p025__g0p015__ds0p3__dm0p01
Problem: QUBO
Kernel: rbf
Advantage: normalizedfitness
M: 3
lambda: 12
epsilon_svgd: 0.025
gamma: 0.015
decay_start_ratio: 0.3
decay_min_factor: 0.01
bandwith_kernel: None
no_interact: False
avg_score: -2776.820068359375
median_score: -2761.5
std_score: 230.32960510253906
percentiles: 2%=-3285.340087890625, 5%=-3170.10009765625, 10%=-3096.10009765625, 25%=-2946.25, 50%=-2761.5, 75%=-2613.75, 90%=-2495.5, 95%=-2424.25, 98%=-2368.47998046875
ranking_best_algo: RLSOnePlusOne
ranking_best_score: 3316.5199999999995
ranking_my_rank: 182/504 (64.1%)
ranking_my_percent: 64.08730158730158
