ConfigName: kjsd__advperagentrankweighted__M5__L28__eps0p005__g0p0005__ds0p05__dm0p05
Problem: QUBO
Kernel: jsd
Advantage: peragentrankweighted
M: 5
lambda: 28
epsilon_svgd: 0.005
gamma: 0.0005
decay_start_ratio: 0.05
decay_min_factor: 0.05
bandwith_kernel: None
no_interact: False
avg_score: -1265.300048828125
median_score: -1261.0
std_score: 75.36823272705078
percentiles: 2%=-1420.0999755859375, 5%=-1391.1500244140625, 10%=-1372.0999755859375, 25%=-1317.75, 50%=-1261.0, 75%=-1204.0, 90%=-1177.800048828125, 95%=-1150.6500244140625, 98%=-1129.8199462890625
ranking_best_algo: BigLognormalDiscreteOnePlusOne
ranking_best_score: 1301.3600000000004
ranking_my_rank: 50/504 (90.3%)
ranking_my_percent: 90.27777777777777
