ConfigName: krbf__advnormalizedfitness__M3__L12__eps0p025__g0p005__ds0p15__dm0p3
Problem: QUBO
Kernel: rbf
Advantage: normalizedfitness
M: 3
lambda: 12
epsilon_svgd: 0.025
gamma: 0.005
decay_start_ratio: 0.15
decay_min_factor: 0.3
bandwith_kernel: None
no_interact: False
avg_score: -1275.4000244140625
median_score: -1273.0
std_score: 62.00144958496094
percentiles: 2%=-1395.06005859375, 5%=-1375.050048828125, 10%=-1359.0999755859375, 25%=-1319.0, 50%=-1273.0, 75%=-1231.75, 90%=-1186.5999755859375, 95%=-1173.0, 98%=-1162.599853515625
ranking_best_algo: BigLognormalDiscreteOnePlusOne
ranking_best_score: 1301.3600000000004
ranking_my_rank: 33/504 (93.7%)
ranking_my_percent: 93.65079365079364
