ConfigName: krbf__advnormalizedfitness__M3__L10__eps0p015__g0p007__ds0p3__dm0p3
Problem: NK
Kernel: rbf
Advantage: normalizedfitness
M: 3
lambda: 10
epsilon_svgd: 0.015
gamma: 0.007
decay_start_ratio: 0.3
decay_min_factor: 0.3
bandwith_kernel: None
no_interact: False
avg_score: 0.7518686056137085
median_score: 0.75372314453125
std_score: 0.013701719231903553
percentiles: 2%=0.7224807143211365, 5%=0.7265518307685852, 10%=0.7340145111083984, 25%=0.742803692817688, 50%=0.75372314453125, 75%=0.761389434337616, 90%=0.7670465707778931, 95%=0.7719939351081848, 98%=0.77641761302948
ranking_best_algo: Tabu
ranking_best_score: 0.7657846284375001
ranking_my_rank: 14/504 (97.4%)
ranking_my_percent: 97.42063492063492
