ConfigName: kjsd__advperagentrankweighted__M3__L24__eps0p007__g0p001__ds0p2__dm0p05
Problem: NK
Kernel: jsd
Advantage: peragentrankweighted
M: 3
lambda: 24
epsilon_svgd: 0.007
gamma: 0.001
decay_start_ratio: 0.2
decay_min_factor: 0.05
bandwith_kernel: None
no_interact: False
avg_score: 0.7137963175773621
median_score: 0.7134221792221069
std_score: 0.009270962327718735
percentiles: 2%=0.6992858052253723, 5%=0.7014819383621216, 10%=0.7024940848350525, 25%=0.7061913013458252, 50%=0.7134221792221069, 75%=0.7196969985961914, 90%=0.7247941493988037, 95%=0.7288030385971069, 98%=0.7362105846405029
ranking_best_algo: PBIL
ranking_best_score: 0.7170882103515624
ranking_my_rank: 42/504 (91.9%)
ranking_my_percent: 91.86507936507937
