ConfigName: kjsd__advperagentrankweighted__M6__L28__eps0p005__g0p0005__ds0p3__dm0p05
Problem: NK
Kernel: jsd
Advantage: peragentrankweighted
M: 6
lambda: 28
epsilon_svgd: 0.005
gamma: 0.0005
decay_start_ratio: 0.3
decay_min_factor: 0.05
bandwith_kernel: None
no_interact: False
avg_score: 0.7225009202957153
median_score: 0.7219208478927612
std_score: 0.019505685195326805
percentiles: 2%=0.6894838809967041, 5%=0.691040575504303, 10%=0.6974447965621948, 25%=0.7071719765663147, 50%=0.7219208478927612, 75%=0.7370824217796326, 90%=0.7472265958786011, 95%=0.753278374671936, 98%=0.7585828304290771
ranking_best_algo: Tabu
ranking_best_score: 0.7601875690625
ranking_my_rank: 128/504 (74.8%)
ranking_my_percent: 74.8015873015873
