ConfigName: kjsd__advperagentrankweighted__M4__L10__eps0p03__g0p0007__ds0p2__dm0p05
Problem: QUBO
Kernel: jsd
Advantage: peragentrankweighted
M: 4
lambda: 10
epsilon_svgd: 0.03
gamma: 0.0007
decay_start_ratio: 0.2
decay_min_factor: 0.05
bandwith_kernel: None
no_interact: False
avg_score: -306.4800109863281
median_score: -309.0
std_score: 39.01089096069336
percentiles: 2%=-386.0, 5%=-384.0, 10%=-355.3999938964844, 25%=-330.0, 50%=-309.0, 75%=-270.0, 90%=-262.8999938964844, 95%=-252.0, 98%=-245.9199981689453
ranking_best_algo: CMApara
ranking_best_score: 319.29999999999995
ranking_my_rank: 113/504 (77.8%)
ranking_my_percent: 77.77777777777777
