ConfigName: kfr__advglobalrankweighted__M4__L5__eps0p05__g0p005__ds0p01__dm0p01
Problem: NK
Kernel: fr
Advantage: globalrankweighted
M: 4
lambda: 5
epsilon_svgd: 0.05
gamma: 0.005
decay_start_ratio: 0.01
decay_min_factor: 0.01
bandwith_kernel: None
no_interact: False
avg_score: 0.7111005187034607
median_score: 0.6995814442634583
std_score: 0.030950963497161865
percentiles: 2%=0.6748173236846924, 5%=0.6751645803451538, 10%=0.6785542368888855, 25%=0.6824374794960022, 50%=0.6995814442634583, 75%=0.7468682527542114, 90%=0.7532056570053101, 95%=0.756913959980011, 98%=0.7613165378570557
ranking_best_algo: CMApara
ranking_best_score: 0.7118996098437498
ranking_my_rank: 6/504 (99.0%)
ranking_my_percent: 99.0079365079365
