ConfigName: krbf__advnormalizedfitness__M4__L15__eps0p03__g0p01__ds0p05__dm0p05
Problem: QUBO
Kernel: rbf
Advantage: normalizedfitness
M: 4
lambda: 15
epsilon_svgd: 0.03
gamma: 0.01
decay_start_ratio: 0.05
decay_min_factor: 0.05
bandwith_kernel: None
no_interact: False
avg_score: -2272.06005859375
median_score: -2236.0
std_score: 187.54827880859375
percentiles: 2%=-2679.52001953125, 5%=-2585.39990234375, 10%=-2513.39990234375, 25%=-2412.5, 50%=-2236.0, 75%=-2132.5, 90%=-2056.699951171875, 95%=-2027.9000244140625, 98%=-1992.9000244140625
ranking_best_algo: DiscreteLengler2OnePlusOne
ranking_best_score: 2617.04
ranking_my_rank: 176/504 (65.3%)
ranking_my_percent: 65.27777777777777
