ConfigName: kjsd__advperagentrankweighted__M4__L12__eps0p03__g0p0003__ds0p2__dm0p05
Problem: QUBO
Kernel: jsd
Advantage: peragentrankweighted
M: 4
lambda: 12
epsilon_svgd: 0.03
gamma: 0.0003
decay_start_ratio: 0.2
decay_min_factor: 0.05
bandwith_kernel: None
no_interact: False
avg_score: -412.7799987792969
median_score: -413.0
std_score: 27.104825973510742
percentiles: 2%=-479.0, 5%=-455.3999938964844, 10%=-443.0, 25%=-432.0, 50%=-413.0, 75%=-394.5, 90%=-380.8999938964844, 95%=-375.0, 98%=-363.8999938964844
ranking_best_algo: CMAL3
ranking_best_score: 435.36
ranking_my_rank: 138/504 (72.8%)
ranking_my_percent: 72.81746031746032
