ConfigName: krbf__advnormalizedfitness__M4__L10__eps0p025__g0p007__ds0p15__dm0p3
Problem: NK
Kernel: rbf
Advantage: normalizedfitness
M: 4
lambda: 10
epsilon_svgd: 0.025
gamma: 0.007
decay_start_ratio: 0.15
decay_min_factor: 0.3
bandwith_kernel: None
no_interact: False
avg_score: 0.7019450664520264
median_score: 0.7036218643188477
std_score: 0.012115824036300182
percentiles: 2%=0.6812903881072998, 5%=0.6846118569374084, 10%=0.6866180300712585, 25%=0.6896539926528931, 50%=0.7036218643188477, 75%=0.7127663493156433, 90%=0.7161269187927246, 95%=0.7185007333755493, 98%=0.7209364771842957
ranking_best_algo: PBIL
ranking_best_score: 0.7013553837109374
ranking_my_rank: 1/504 (100.0%)
ranking_my_percent: 100.0
