ConfigName: krbf__advglobalrankweighted__M4__L10__eps0p015__g0p007__ds0p01__dm0p01
Problem: QUBO
Kernel: rbf
Advantage: globalrankweighted
M: 4
lambda: 10
epsilon_svgd: 0.015
gamma: 0.007
decay_start_ratio: 0.01
decay_min_factor: 0.01
bandwith_kernel: None
no_interact: False
avg_score: -935.6799926757812
median_score: -931.5
std_score: 67.88636016845703
percentiles: 2%=-1074.0400390625, 5%=-1065.25, 10%=-1030.5, 25%=-983.0, 50%=-931.5, 75%=-889.75, 90%=-849.0, 95%=-829.0, 98%=-797.0
ranking_best_algo: CMApara
ranking_best_score: 964.9
ranking_my_rank: 15/504 (97.2%)
ranking_my_percent: 97.22222222222223
