ConfigName: kjsd__advperagentrankweighted__M4__L10__eps0p01__g0p0003__ds0p4__dm0p05
Problem: NK
Kernel: jsd
Advantage: peragentrankweighted
M: 4
lambda: 10
epsilon_svgd: 0.01
gamma: 0.0003
decay_start_ratio: 0.4
decay_min_factor: 0.05
bandwith_kernel: None
no_interact: False
avg_score: 0.7119207978248596
median_score: 0.7115920186042786
std_score: 0.007015962153673172
percentiles: 2%=0.6990808844566345, 5%=0.7004596590995789, 10%=0.7023451328277588, 25%=0.7082258462905884, 50%=0.7115920186042786, 75%=0.7157188057899475, 90%=0.721918523311615, 95%=0.7247728109359741, 98%=0.7269112467765808
ranking_best_algo: PBIL
ranking_best_score: 0.7170882103515624
ranking_my_rank: 42/504 (91.9%)
ranking_my_percent: 91.86507936507937
