ConfigName: kfr__advglobalrankweighted__M3__L10__eps0p015__g0p005__ds0p01__dm0p01
Problem: QUBO
Kernel: fr
Advantage: globalrankweighted
M: 3
lambda: 10
epsilon_svgd: 0.015
gamma: 0.005
decay_start_ratio: 0.01
decay_min_factor: 0.01
bandwith_kernel: None
no_interact: False
avg_score: -138.6999969482422
median_score: -139.5
std_score: 12.170044898986816
percentiles: 2%=-160.02000427246094, 5%=-158.0500030517578, 10%=-156.0, 25%=-146.0, 50%=-139.5, 75%=-129.0, 90%=-123.0, 95%=-119.95000457763672, 98%=-116.87997436523438
ranking_best_algo: DiscreteDE
ranking_best_score: 143.4
ranking_my_rank: 97/504 (81.0%)
ranking_my_percent: 80.95238095238095
