ConfigName: kfr__advglobalrankweighted__M3__L9__eps0p015__g0p005__ds0p01__dm0p01
Problem: QUBO
Kernel: fr
Advantage: globalrankweighted
M: 3
lambda: 9
epsilon_svgd: 0.015
gamma: 0.005
decay_start_ratio: 0.01
decay_min_factor: 0.01
bandwith_kernel: None
no_interact: False
avg_score: -3271.8798828125
median_score: -3269.0
std_score: 130.85833740234375
percentiles: 2%=-3544.580078125, 5%=-3468.60009765625, 10%=-3431.5, 25%=-3366.5, 50%=-3269.0, 75%=-3181.5, 90%=-3087.800048828125, 95%=-3041.25, 98%=-3009.9599609375
ranking_best_algo: RLSOnePlusOne
ranking_best_score: 3316.5199999999995
ranking_my_rank: 12/504 (97.8%)
ranking_my_percent: 97.81746031746032
