ConfigName: kjsd__advperagentrankweighted__M3__L24__eps0p005__g0p001__ds0p05__dm0p1
Problem: NK
Kernel: jsd
Advantage: peragentrankweighted
M: 3
lambda: 24
epsilon_svgd: 0.005
gamma: 0.001
decay_start_ratio: 0.05
decay_min_factor: 0.1
bandwith_kernel: None
no_interact: False
avg_score: 0.707581102848053
median_score: 0.7096661329269409
std_score: 0.011828610673546791
percentiles: 2%=0.688992977142334, 5%=0.6900784373283386, 10%=0.6923871636390686, 25%=0.6958956718444824, 50%=0.7096661329269409, 75%=0.7179824113845825, 90%=0.7215953469276428, 95%=0.724247932434082, 98%=0.7247674465179443
ranking_best_algo: PBIL
ranking_best_score: 0.7013553837109374
ranking_my_rank: 1/504 (100.0%)
ranking_my_percent: 100.0
