ConfigName: kjsd__advperagentrankweighted__M3__L18__eps0p007__g0p001__ds0p2__dm0p2
Problem: NK
Kernel: jsd
Advantage: peragentrankweighted
M: 3
lambda: 18
epsilon_svgd: 0.007
gamma: 0.001
decay_start_ratio: 0.2
decay_min_factor: 0.2
bandwith_kernel: None
no_interact: False
avg_score: 0.7370113134384155
median_score: 0.7380882501602173
std_score: 0.00878008920699358
percentiles: 2%=0.7184731364250183, 5%=0.7210507392883301, 10%=0.7234178185462952, 25%=0.732648491859436, 50%=0.7380882501602173, 75%=0.744949460029602, 90%=0.7466306686401367, 95%=0.7484395503997803, 98%=0.7506538033485413
ranking_best_algo: PBIL
ranking_best_score: 0.730509098125
ranking_my_rank: 1/504 (100.0%)
ranking_my_percent: 100.0
