ConfigName: kjsd__advperagentrankweighted__M5__L8__eps0p005__g0p0005__ds0p4__dm0p05
Problem: QUBO
Kernel: jsd
Advantage: peragentrankweighted
M: 5
lambda: 8
epsilon_svgd: 0.005
gamma: 0.0005
decay_start_ratio: 0.4
decay_min_factor: 0.05
bandwith_kernel: None
no_interact: False
avg_score: -418.94000244140625
median_score: -417.0
std_score: 26.291378021240234
percentiles: 2%=-469.0799865722656, 5%=-461.0, 10%=-453.0, 25%=-434.25, 50%=-417.0, 75%=-405.5, 90%=-385.6000061035156, 95%=-378.0, 98%=-354.0
ranking_best_algo: Tabu
ranking_best_score: 438.12
ranking_my_rank: 33/504 (93.7%)
ranking_my_percent: 93.65079365079364
