ConfigName: kjsd__advperagentrankweighted__M4__L20__eps0p007__g0p001__ds0p05__dm0p05
Problem: QUBO
Kernel: jsd
Advantage: peragentrankweighted
M: 4
lambda: 20
epsilon_svgd: 0.007
gamma: 0.001
decay_start_ratio: 0.05
decay_min_factor: 0.05
bandwith_kernel: None
no_interact: False
avg_score: -430.32000732421875
median_score: -431.0
std_score: 26.38972282409668
percentiles: 2%=-479.0400085449219, 5%=-477.0, 10%=-469.0, 25%=-449.0, 50%=-431.0, 75%=-413.0, 90%=-397.0, 95%=-390.75, 98%=-370.9800109863281
ranking_best_algo: CMAL3
ranking_best_score: 435.36
ranking_my_rank: 8/504 (98.6%)
ranking_my_percent: 98.61111111111111
