ConfigName: kjsd__advperagentrankweighted__M3__L24__eps0p005__g0p001__ds0p1__dm0p2
Problem: NK
Kernel: jsd
Advantage: peragentrankweighted
M: 3
lambda: 24
epsilon_svgd: 0.005
gamma: 0.001
decay_start_ratio: 0.1
decay_min_factor: 0.2
bandwith_kernel: None
no_interact: False
avg_score: 0.7205284833908081
median_score: 0.7226167917251587
std_score: 0.014384329319000244
percentiles: 2%=0.6926257610321045, 5%=0.6979681849479675, 10%=0.7010236382484436, 25%=0.7101720571517944, 50%=0.7226167917251587, 75%=0.7296699285507202, 90%=0.7383672595024109, 95%=0.7442362904548645, 98%=0.7448313236236572
ranking_best_algo: Tabu
ranking_best_score: 0.7429702712499999
ranking_my_rank: 13/504 (97.6%)
ranking_my_percent: 97.61904761904762
