ConfigName: kjsd__advperagentrankweighted__M3__L16__eps0p007__g0p003__ds0p2__dm0p1
Problem: QUBO
Kernel: jsd
Advantage: peragentrankweighted
M: 3
lambda: 16
epsilon_svgd: 0.007
gamma: 0.003
decay_start_ratio: 0.2
decay_min_factor: 0.1
bandwith_kernel: None
no_interact: False
avg_score: -147.0399932861328
median_score: -145.0
std_score: 11.33130168914795
percentiles: 2%=-179.0, 5%=-164.75, 10%=-158.0, 25%=-154.0, 50%=-145.0, 75%=-140.75, 90%=-134.89999389648438, 95%=-129.9499969482422, 98%=-127.0
ranking_best_algo: CMApara
ranking_best_score: 154.28
ranking_my_rank: 101/504 (80.2%)
ranking_my_percent: 80.15873015873017
