ConfigName: krbf__advnormalizedfitness__M4__L15__eps0p033__g0p007__ds0p3__dm0p01
Problem: QUBO
Kernel: rbf
Advantage: normalizedfitness
M: 4
lambda: 15
epsilon_svgd: 0.033
gamma: 0.007
decay_start_ratio: 0.3
decay_min_factor: 0.01
bandwith_kernel: None
no_interact: False
avg_score: -569.2999877929688
median_score: -566.5
std_score: 25.71750259399414
percentiles: 2%=-621.1599731445312, 5%=-610.0499877929688, 10%=-602.0, 25%=-588.75, 50%=-566.5, 75%=-551.75, 90%=-535.7999877929688, 95%=-530.9000244140625, 98%=-527.9199829101562
ranking_best_algo: Tabu
ranking_best_score: 588.7199999999999
ranking_my_rank: 76/503 (85.1%)
ranking_my_percent: 85.08946322067594
