ConfigName: krbf__advnormalizedfitness__M4__L15__eps0p033__g0p015__ds0p3__dm0p01
Problem: QUBO
Kernel: rbf
Advantage: normalizedfitness
M: 4
lambda: 15
epsilon_svgd: 0.033
gamma: 0.015
decay_start_ratio: 0.3
decay_min_factor: 0.01
bandwith_kernel: None
no_interact: False
avg_score: -1943.02001953125
median_score: -1940.0
std_score: 178.6029052734375
percentiles: 2%=-2302.659912109375, 5%=-2239.25, 10%=-2206.10009765625, 25%=-2066.75, 50%=-1940.0, 75%=-1819.75, 90%=-1717.60009765625, 95%=-1640.0, 98%=-1609.919921875
ranking_best_algo: DiscreteLengler2OnePlusOne
ranking_best_score: 2617.04
ranking_my_rank: 290/504 (42.7%)
ranking_my_percent: 42.65873015873016
