ConfigName: kjsd__advperagentrankweighted__M5__L24__eps0p02__g0p0003__ds0p2__dm0p05
Problem: QUBO
Kernel: jsd
Advantage: peragentrankweighted
M: 5
lambda: 24
epsilon_svgd: 0.02
gamma: 0.0003
decay_start_ratio: 0.2
decay_min_factor: 0.05
bandwith_kernel: None
no_interact: False
avg_score: -2589.199951171875
median_score: -2592.0
std_score: 110.27855682373047
percentiles: 2%=-2794.47998046875, 5%=-2760.5, 10%=-2738.199951171875, 25%=-2670.0, 50%=-2592.0, 75%=-2502.75, 90%=-2443.699951171875, 95%=-2411.60009765625, 98%=-2389.89990234375
ranking_best_algo: SVM1MetaModelLogNormal
ranking_best_score: 2605.14
ranking_my_rank: 11/504 (98.0%)
ranking_my_percent: 98.01587301587301
