ConfigName: krbf__advnormalizedfitness__M3__L10__eps0p033__g0p007__ds0p3__dm0p3
Problem: QUBO
Kernel: rbf
Advantage: normalizedfitness
M: 3
lambda: 10
epsilon_svgd: 0.033
gamma: 0.007
decay_start_ratio: 0.3
decay_min_factor: 0.3
bandwith_kernel: None
no_interact: False
avg_score: -577.5800170898438
median_score: -574.5
std_score: 27.317827224731445
percentiles: 2%=-631.1400146484375, 5%=-621.2999877929688, 10%=-613.2000122070312, 25%=-596.5, 50%=-574.5, 75%=-560.75, 90%=-546.9000244140625, 95%=-533.9500122070312, 98%=-527.5999145507812
ranking_best_algo: Tabu
ranking_best_score: 588.7199999999999
ranking_my_rank: 44/503 (91.5%)
ranking_my_percent: 91.45129224652088
