ConfigName: kfr__advglobalrankweighted__M2__L11__eps0p02__g0p007__ds0p01__dm0p01
Problem: NK
Kernel: fr
Advantage: globalrankweighted
M: 2
lambda: 11
epsilon_svgd: 0.02
gamma: 0.007
decay_start_ratio: 0.01
decay_min_factor: 0.01
bandwith_kernel: None
no_interact: False
avg_score: 0.7476209998130798
median_score: 0.7476430535316467
std_score: 0.0086815869435668
percentiles: 2%=0.7296571731567383, 5%=0.7327250242233276, 10%=0.7352527976036072, 25%=0.7415074110031128, 50%=0.7476430535316467, 75%=0.753895103931427, 90%=0.7583528161048889, 95%=0.7609131932258606, 98%=0.7635209560394287
ranking_best_algo: PBIL
ranking_best_score: 0.733570253046875
ranking_my_rank: 1/504 (100.0%)
ranking_my_percent: 100.0
