ConfigName: kjsd__advperagentrankweighted__M3__L16__eps0p005__g0p003__ds0p05__dm0p1
Problem: NK
Kernel: jsd
Advantage: peragentrankweighted
M: 3
lambda: 16
epsilon_svgd: 0.005
gamma: 0.003
decay_start_ratio: 0.05
decay_min_factor: 0.1
bandwith_kernel: None
no_interact: False
avg_score: 0.7521214485168457
median_score: 0.7536771297454834
std_score: 0.013987384736537933
percentiles: 2%=0.7236568927764893, 5%=0.7308429479598999, 10%=0.7335852980613708, 25%=0.740365743637085, 50%=0.7536771297454834, 75%=0.7627227902412415, 90%=0.7685849666595459, 95%=0.771950900554657, 98%=0.7741085290908813
ranking_best_algo: Tabu
ranking_best_score: 0.7657846284375001
ranking_my_rank: 13/504 (97.6%)
ranking_my_percent: 97.61904761904762
