ConfigName: krbf__advnormalizedfitness__M3__L12__eps0p015__g0p007__ds0p15__dm0p01
Problem: NK
Kernel: rbf
Advantage: normalizedfitness
M: 3
lambda: 12
epsilon_svgd: 0.015
gamma: 0.007
decay_start_ratio: 0.15
decay_min_factor: 0.01
bandwith_kernel: None
no_interact: False
avg_score: 0.7315333485603333
median_score: 0.7334467768669128
std_score: 0.009546720422804356
percentiles: 2%=0.7105788588523865, 5%=0.7135679721832275, 10%=0.7171734571456909, 25%=0.7264367341995239, 50%=0.7334467768669128, 75%=0.738763153553009, 90%=0.7424260973930359, 95%=0.7441585659980774, 98%=0.7450756430625916
ranking_best_algo: PBIL
ranking_best_score: 0.7248786399609374
ranking_my_rank: 1/504 (100.0%)
ranking_my_percent: 100.0
