ConfigName: kjsd__advperagentrankweighted__M4__L24__eps0p01__g0p0003__ds0p05__dm0p05
Problem: QUBO
Kernel: jsd
Advantage: peragentrankweighted
M: 4
lambda: 24
epsilon_svgd: 0.01
gamma: 0.0003
decay_start_ratio: 0.05
decay_min_factor: 0.05
bandwith_kernel: None
no_interact: False
avg_score: -426.7200012207031
median_score: -426.0
std_score: 27.723665237426758
percentiles: 2%=-481.0400085449219, 5%=-477.0, 10%=-471.0, 25%=-441.25, 50%=-426.0, 75%=-407.75, 90%=-396.8999938964844, 95%=-383.6000061035156, 98%=-365.8800048828125
ranking_best_algo: CMAL3
ranking_best_score: 435.36
ranking_my_rank: 22/504 (95.8%)
ranking_my_percent: 95.83333333333333
