ConfigName: kjsd__advperagentrankweighted__M5__L10__eps0p01__g0p003__ds0p2__dm0p05
Problem: QUBO
Kernel: jsd
Advantage: peragentrankweighted
M: 5
lambda: 10
epsilon_svgd: 0.01
gamma: 0.003
decay_start_ratio: 0.2
decay_min_factor: 0.05
bandwith_kernel: None
no_interact: False
avg_score: -1150.3800048828125
median_score: -1153.0
std_score: 77.81205749511719
percentiles: 2%=-1292.0, 5%=-1282.050048828125, 10%=-1264.199951171875, 25%=-1199.5, 50%=-1153.0, 75%=-1096.75, 90%=-1038.4000244140625, 95%=-1009.8499755859375, 98%=-1002.9600219726562
ranking_best_algo: SVMMetaModelLogNormal
ranking_best_score: 1233.7999999999997
ranking_my_rank: 94/504 (81.5%)
ranking_my_percent: 81.54761904761905
