ConfigName: krbf__advnormalizedfitness__M3__L12__eps0p015__g0p005__ds0p3__dm0p01
Problem: QUBO
Kernel: rbf
Advantage: normalizedfitness
M: 3
lambda: 12
epsilon_svgd: 0.015
gamma: 0.005
decay_start_ratio: 0.3
decay_min_factor: 0.01
bandwith_kernel: None
no_interact: False
avg_score: -1248.0400390625
median_score: -1237.5
std_score: 71.79678344726562
percentiles: 2%=-1386.4200439453125, 5%=-1358.25, 10%=-1339.199951171875, 25%=-1307.25, 50%=-1237.5, 75%=-1199.0, 90%=-1153.699951171875, 95%=-1146.60009765625, 98%=-1121.8599853515625
ranking_best_algo: BigLognormalDiscreteOnePlusOne
ranking_best_score: 1301.3600000000004
ranking_my_rank: 56/504 (89.1%)
ranking_my_percent: 89.08730158730158
