ConfigName: krbf__advnormalizedfitness__M4__L15__eps0p015__g0p015__ds0p01__dm0p3
Problem: NK
Kernel: rbf
Advantage: normalizedfitness
M: 4
lambda: 15
epsilon_svgd: 0.015
gamma: 0.015
decay_start_ratio: 0.01
decay_min_factor: 0.3
bandwith_kernel: None
no_interact: False
avg_score: 0.5977001786231995
median_score: 0.5962817668914795
std_score: 0.007611588109284639
percentiles: 2%=0.5866072773933411, 5%=0.5887781381607056, 10%=0.589800238609314, 25%=0.5915817618370056, 50%=0.5962817668914795, 75%=0.6018904447555542, 90%=0.6085779666900635, 95%=0.6105428338050842, 98%=0.6172029376029968
ranking_best_algo: Tabu
ranking_best_score: 0.7429702712499999
ranking_my_rank: 423/504 (16.3%)
ranking_my_percent: 16.26984126984127
