ConfigName: krbf__advnormalizedfitness__M3__L12__eps0p033__g0p01__ds0p15__dm0p3
Problem: QUBO
Kernel: rbf
Advantage: normalizedfitness
M: 3
lambda: 12
epsilon_svgd: 0.033
gamma: 0.01
decay_start_ratio: 0.15
decay_min_factor: 0.3
bandwith_kernel: None
no_interact: False
avg_score: -2485.8798828125
median_score: -2491.5
std_score: 158.77577209472656
percentiles: 2%=-2775.280029296875, 5%=-2708.949951171875, 10%=-2673.5, 25%=-2614.25, 50%=-2491.5, 75%=-2367.75, 90%=-2281.5, 95%=-2216.85009765625, 98%=-2134.919921875
ranking_best_algo: DiscreteLengler2OnePlusOne
ranking_best_score: 2617.04
ranking_my_rank: 79/504 (84.5%)
ranking_my_percent: 84.52380952380952
