ConfigName: kjsd__advperagentrankweighted__M4__L10__eps0p01__g0p0003__ds0p2__dm0p05
Problem: NK
Kernel: jsd
Advantage: peragentrankweighted
M: 4
lambda: 10
epsilon_svgd: 0.01
gamma: 0.0003
decay_start_ratio: 0.2
decay_min_factor: 0.05
bandwith_kernel: None
no_interact: False
avg_score: 0.7048691511154175
median_score: 0.7075341939926147
std_score: 0.011757017113268375
percentiles: 2%=0.6847336292266846, 5%=0.6859775185585022, 10%=0.6883363723754883, 25%=0.6945636868476868, 50%=0.7075341939926147, 75%=0.7152370810508728, 90%=0.7179886102676392, 95%=0.7200518250465393, 98%=0.7206805944442749
ranking_best_algo: PBIL
ranking_best_score: 0.7013553837109374
ranking_my_rank: 1/504 (100.0%)
ranking_my_percent: 100.0
