ConfigName: kjsd__advperagentrankweighted__M3__L30__eps0p005__g0p0005__ds0p05__dm0p1
Problem: NK
Kernel: jsd
Advantage: peragentrankweighted
M: 3
lambda: 30
epsilon_svgd: 0.005
gamma: 0.0005
decay_start_ratio: 0.05
decay_min_factor: 0.1
bandwith_kernel: None
no_interact: False
avg_score: 0.733323335647583
median_score: 0.7331877946853638
std_score: 0.009481965564191341
percentiles: 2%=0.7144982218742371, 5%=0.7180142402648926, 10%=0.7209100127220154, 25%=0.7272201776504517, 50%=0.7331877946853638, 75%=0.7391674518585205, 90%=0.74590665102005, 95%=0.7489649653434753, 98%=0.7514517307281494
ranking_best_algo: Tabu
ranking_best_score: 0.7429702712499999
ranking_my_rank: 2/504 (99.8%)
ranking_my_percent: 99.8015873015873
