ConfigName: krbf__advnormalizedfitness__M3__L12__eps0p015__g0p007__ds0p3__dm0p01
Problem: QUBO
Kernel: rbf
Advantage: normalizedfitness
M: 3
lambda: 12
epsilon_svgd: 0.015
gamma: 0.007
decay_start_ratio: 0.3
decay_min_factor: 0.01
bandwith_kernel: None
no_interact: False
avg_score: -424.5199890136719
median_score: -422.0
std_score: 25.431665420532227
percentiles: 2%=-477.1199951171875, 5%=-471.1000061035156, 10%=-458.6999816894531, 25%=-441.25, 50%=-422.0, 75%=-410.0, 90%=-392.8999938964844, 95%=-382.8000183105469, 98%=-373.94000244140625
ranking_best_algo: CMAL3
ranking_best_score: 435.36
ranking_my_rank: 30/504 (94.2%)
ranking_my_percent: 94.24603174603175
