ConfigName: kjsd__advperagentrankweighted__M3__L18__eps0p01__g0p0005__ds0p1__dm0p1
Problem: QUBO
Kernel: jsd
Advantage: peragentrankweighted
M: 3
lambda: 18
epsilon_svgd: 0.01
gamma: 0.0005
decay_start_ratio: 0.1
decay_min_factor: 0.1
bandwith_kernel: None
no_interact: False
avg_score: -433.4200134277344
median_score: -431.0
std_score: 28.120162963867188
percentiles: 2%=-487.0400085449219, 5%=-473.20001220703125, 10%=-469.20001220703125, 25%=-458.0, 50%=-431.0, 75%=-414.75, 90%=-397.8999938964844, 95%=-384.0, 98%=-379.0
ranking_best_algo: CMApara
ranking_best_score: 453.82
ranking_my_rank: 41/504 (92.1%)
ranking_my_percent: 92.06349206349206
