ConfigName: krbf__advnormalizedfitness__M4__L15__eps0p033__g0p007__ds0p3__dm0p3
Problem: QUBO
Kernel: rbf
Advantage: normalizedfitness
M: 4
lambda: 15
epsilon_svgd: 0.033
gamma: 0.007
decay_start_ratio: 0.3
decay_min_factor: 0.3
bandwith_kernel: None
no_interact: False
avg_score: -2453.02001953125
median_score: -2433.0
std_score: 278.502197265625
percentiles: 2%=-3026.179931640625, 5%=-2894.550048828125, 10%=-2843.699951171875, 25%=-2658.5, 50%=-2433.0, 75%=-2262.75, 90%=-2074.89990234375, 95%=-2033.550048828125, 98%=-1975.31982421875
ranking_best_algo: RLSOnePlusOne
ranking_best_score: 3316.5199999999995
ranking_my_rank: 236/504 (53.4%)
ranking_my_percent: 53.37301587301587
