ConfigName: kjsd__advperagentrankweighted__M5__L8__eps0p005__g0p0005__ds0p05__dm0p05
Problem: NK
Kernel: jsd
Advantage: peragentrankweighted
M: 5
lambda: 8
epsilon_svgd: 0.005
gamma: 0.0005
decay_start_ratio: 0.05
decay_min_factor: 0.05
bandwith_kernel: None
no_interact: False
avg_score: 0.7376905679702759
median_score: 0.7393494844436646
std_score: 0.008763222023844719
percentiles: 2%=0.7181907892227173, 5%=0.7215589284896851, 10%=0.7248584628105164, 25%=0.7334608435630798, 50%=0.7393494844436646, 75%=0.7439137697219849, 90%=0.7482849359512329, 95%=0.7502134442329407, 98%=0.7520180344581604
ranking_best_algo: PBIL
ranking_best_score: 0.730509098125
ranking_my_rank: 1/504 (100.0%)
ranking_my_percent: 100.0
