ConfigName: kjsd__advperagentrankweighted__M3__L16__eps0p01__g0p0005__ds0p2__dm0p05
Problem: NK
Kernel: jsd
Advantage: peragentrankweighted
M: 3
lambda: 16
epsilon_svgd: 0.01
gamma: 0.0005
decay_start_ratio: 0.2
decay_min_factor: 0.05
bandwith_kernel: None
no_interact: False
avg_score: 0.7509572505950928
median_score: 0.7509192228317261
std_score: 0.010837966576218605
percentiles: 2%=0.7298341989517212, 5%=0.7349659204483032, 10%=0.7380068302154541, 25%=0.7426604628562927, 50%=0.7509192228317261, 75%=0.7592765092849731, 90%=0.7655417919158936, 95%=0.7684329152107239, 98%=0.7731097936630249
ranking_best_algo: Tabu
ranking_best_score: 0.7470791764843752
ranking_my_rank: 1/504 (100.0%)
ranking_my_percent: 100.0
