ConfigName: krbf__advnormalizedfitness__M3__L15__eps0p033__g0p01__ds0p01__dm0p01
Problem: NK
Kernel: rbf
Advantage: normalizedfitness
M: 3
lambda: 15
epsilon_svgd: 0.033
gamma: 0.01
decay_start_ratio: 0.01
decay_min_factor: 0.01
bandwith_kernel: None
no_interact: False
avg_score: 0.720857560634613
median_score: 0.7208021879196167
std_score: 0.013760349713265896
percentiles: 2%=0.6867332458496094, 5%=0.6981931328773499, 10%=0.7065737843513489, 25%=0.7129914164543152, 50%=0.7208021879196167, 75%=0.7310498952865601, 90%=0.7380815148353577, 95%=0.7414932250976562, 98%=0.7459313273429871
ranking_best_algo: Tabu
ranking_best_score: 0.7429702712499999
ranking_my_rank: 10/504 (98.2%)
ranking_my_percent: 98.21428571428571
