ConfigName: kjsd__advperagentrankweighted__M3__L20__eps0p01__g0p0005__ds0p05__dm0p2
Problem: QUBO
Kernel: jsd
Advantage: peragentrankweighted
M: 3
lambda: 20
epsilon_svgd: 0.01
gamma: 0.0005
decay_start_ratio: 0.05
decay_min_factor: 0.2
bandwith_kernel: None
no_interact: False
avg_score: -2640.300048828125
median_score: -2641.5
std_score: 131.46144104003906
percentiles: 2%=-2943.159912109375, 5%=-2863.5, 10%=-2806.800048828125, 25%=-2708.25, 50%=-2641.5, 75%=-2547.5, 90%=-2473.800048828125, 95%=-2429.300048828125, 98%=-2393.43994140625
ranking_best_algo: DiscreteLengler2OnePlusOne
ranking_best_score: 2617.04
ranking_my_rank: 1/504 (100.0%)
ranking_my_percent: 100.0
