ConfigName: kjsd__advperagentrankweighted__M3__L16__eps0p005__g0p003__ds0p1__dm0p1
Problem: QUBO
Kernel: jsd
Advantage: peragentrankweighted
M: 3
lambda: 16
epsilon_svgd: 0.005
gamma: 0.003
decay_start_ratio: 0.1
decay_min_factor: 0.1
bandwith_kernel: None
no_interact: False
avg_score: -1191.280029296875
median_score: -1199.0
std_score: 67.95720672607422
percentiles: 2%=-1315.1199951171875, 5%=-1299.050048828125, 10%=-1276.800048828125, 25%=-1235.25, 50%=-1199.0, 75%=-1139.75, 90%=-1100.800048828125, 95%=-1080.4000244140625, 98%=-1038.9200439453125
ranking_best_algo: BigLognormalDiscreteOnePlusOne
ranking_best_score: 1301.3600000000004
ranking_my_rank: 93/504 (81.7%)
ranking_my_percent: 81.74603174603175
