ConfigName: kfr__advglobalrankweighted__M5__L11__eps0p015__g0p007__ds0p01__dm0p01
Problem: QUBO
Kernel: fr
Advantage: globalrankweighted
M: 5
lambda: 11
epsilon_svgd: 0.015
gamma: 0.007
decay_start_ratio: 0.01
decay_min_factor: 0.01
bandwith_kernel: None
no_interact: False
avg_score: -853.719970703125
median_score: -843.5
std_score: 69.34307098388672
percentiles: 2%=-1006.0399780273438, 5%=-971.0499877929688, 10%=-952.0999755859375, 25%=-899.75, 50%=-843.5, 75%=-805.75, 90%=-770.7999877929688, 95%=-760.75, 98%=-745.2198486328125
ranking_best_algo: CMAL3
ranking_best_score: 928.5800000000002
ranking_my_rank: 205/504 (59.5%)
ranking_my_percent: 59.523809523809526
