ConfigName: kjsd__advperagentrankweighted__M3__L18__eps0p007__g0p0005__ds0p1__dm0p1
Problem: QUBO
Kernel: jsd
Advantage: peragentrankweighted
M: 3
lambda: 18
epsilon_svgd: 0.007
gamma: 0.0005
decay_start_ratio: 0.1
decay_min_factor: 0.1
bandwith_kernel: None
no_interact: False
avg_score: -307.8999938964844
median_score: -306.0
std_score: 37.02742385864258
percentiles: 2%=-386.20001220703125, 5%=-374.29998779296875, 10%=-352.79998779296875, 25%=-332.5, 50%=-306.0, 75%=-275.0, 90%=-266.0, 95%=-260.8999938964844, 98%=-250.9199981689453
ranking_best_algo: CMApara
ranking_best_score: 319.29999999999995
ranking_my_rank: 95/504 (81.3%)
ranking_my_percent: 81.34920634920636
