ConfigName: krbf__advnormalizedfitness__M2__L8__eps0p015__g0p007__ds0p15__dm0p3
Problem: NK
Kernel: rbf
Advantage: normalizedfitness
M: 2
lambda: 8
epsilon_svgd: 0.015
gamma: 0.007
decay_start_ratio: 0.15
decay_min_factor: 0.3
bandwith_kernel: None
no_interact: False
avg_score: 0.7101402878761292
median_score: 0.7112191915512085
std_score: 0.015301103703677654
percentiles: 2%=0.6696174740791321, 5%=0.6719369888305664, 10%=0.6957703828811646, 25%=0.7075802683830261, 50%=0.7112191915512085, 75%=0.7197744250297546, 90%=0.725245475769043, 95%=0.7319180965423584, 98%=0.7323679327964783
ranking_best_algo: CMApara
ranking_best_score: 0.707475975
ranking_my_rank: 1/504 (100.0%)
ranking_my_percent: 100.0
