ConfigName: kfr__advglobalrankweighted__M4__L24__eps0p015__g0p003__ds0p01__dm0p01
Problem: QUBO
Kernel: fr
Advantage: globalrankweighted
M: 4
lambda: 24
epsilon_svgd: 0.015
gamma: 0.003
decay_start_ratio: 0.01
decay_min_factor: 0.01
bandwith_kernel: None
no_interact: False
avg_score: -327.70001220703125
median_score: -334.0
std_score: 20.845863342285156
percentiles: 2%=-361.2200012207031, 5%=-354.0, 10%=-350.0, 25%=-342.0, 50%=-334.0, 75%=-314.0, 90%=-295.6000061035156, 95%=-290.0, 98%=-281.91998291015625
ranking_best_algo: CMApara
ranking_best_score: 344.22
ranking_my_rank: 86/504 (83.1%)
ranking_my_percent: 83.13492063492063
