ConfigName: kfr__advglobalrankweighted__M5__L11__eps0p02__g0p007__ds0p01__dm0p01
Problem: QUBO
Kernel: fr
Advantage: globalrankweighted
M: 5
lambda: 11
epsilon_svgd: 0.02
gamma: 0.007
decay_start_ratio: 0.01
decay_min_factor: 0.01
bandwith_kernel: None
no_interact: False
avg_score: -310.1199951171875
median_score: -313.0
std_score: 38.24428939819336
percentiles: 2%=-394.0, 5%=-388.1000061035156, 10%=-358.6000061035156, 25%=-332.0, 50%=-313.0, 75%=-275.0, 90%=-266.0, 95%=-259.9000244140625, 98%=-252.9399871826172
ranking_best_algo: CMApara
ranking_best_score: 319.29999999999995
ranking_my_rank: 64/504 (87.5%)
ranking_my_percent: 87.5
