ConfigName: kfr__advglobalrankweighted__M4__L24__eps0p06__g0p005__ds0p01__dm0p01
Problem: QUBO
Kernel: fr
Advantage: globalrankweighted
M: 4
lambda: 24
epsilon_svgd: 0.06
gamma: 0.005
decay_start_ratio: 0.01
decay_min_factor: 0.01
bandwith_kernel: None
no_interact: False
avg_score: -3219.300048828125
median_score: -3220.5
std_score: 123.0225601196289
percentiles: 2%=-3484.080078125, 5%=-3424.699951171875, 10%=-3383.39990234375, 25%=-3302.0, 50%=-3220.5, 75%=-3131.75, 90%=-3072.699951171875, 95%=-3017.800048828125, 98%=-2990.8798828125
ranking_best_algo: RLSOnePlusOne
ranking_best_score: 3316.5199999999995
ranking_my_rank: 44/504 (91.5%)
ranking_my_percent: 91.46825396825396
