ConfigName: krbf__advnormalizedfitness__M3__L12__eps0p033__g0p015__ds0p3__dm0p3
Problem: QUBO
Kernel: rbf
Advantage: normalizedfitness
M: 3
lambda: 12
epsilon_svgd: 0.033
gamma: 0.015
decay_start_ratio: 0.3
decay_min_factor: 0.3
bandwith_kernel: None
no_interact: False
avg_score: -540.239990234375
median_score: -540.5
std_score: 37.81828308105469
percentiles: 2%=-609.0999755859375, 5%=-599.0, 10%=-591.0, 25%=-569.0, 50%=-540.5, 75%=-511.0, 90%=-490.8999938964844, 95%=-480.60003662109375, 98%=-470.91998291015625
ranking_best_algo: Tabu
ranking_best_score: 588.7199999999999
ranking_my_rank: 166/503 (67.2%)
ranking_my_percent: 67.19681908548708
