ConfigName: krbf__advnormalizedfitness__M4__L8__eps0p025__g0p007__ds0p15__dm0p01
Problem: NK
Kernel: rbf
Advantage: normalizedfitness
M: 4
lambda: 8
epsilon_svgd: 0.025
gamma: 0.007
decay_start_ratio: 0.15
decay_min_factor: 0.01
bandwith_kernel: None
no_interact: False
avg_score: 0.7372922301292419
median_score: 0.7373592257499695
std_score: 0.012635049410164356
percentiles: 2%=0.7111708521842957, 5%=0.7185852527618408, 10%=0.7205004096031189, 25%=0.7298860549926758, 50%=0.7373592257499695, 75%=0.7467163801193237, 90%=0.7517606616020203, 95%=0.7557463049888611, 98%=0.7636003494262695
ranking_best_algo: PBIL
ranking_best_score: 0.733570253046875
ranking_my_rank: 1/504 (100.0%)
ranking_my_percent: 100.0
