ConfigName: krbf__advnormalizedfitness__M2__L10__eps0p025__g0p015__ds0p15__dm0p01
Problem: QUBO
Kernel: rbf
Advantage: normalizedfitness
M: 2
lambda: 10
epsilon_svgd: 0.025
gamma: 0.015
decay_start_ratio: 0.15
decay_min_factor: 0.01
bandwith_kernel: None
no_interact: False
avg_score: -901.0800170898438
median_score: -894.5
std_score: 63.31708526611328
percentiles: 2%=-1026.3199462890625, 5%=-1009.0999755859375, 10%=-985.2000122070312, 25%=-937.25, 50%=-894.5, 75%=-865.75, 90%=-815.9000244140625, 95%=-796.8499755859375, 98%=-784.8800048828125
ranking_best_algo: CMAL3
ranking_best_score: 928.5800000000002
ranking_my_rank: 68/504 (86.7%)
ranking_my_percent: 86.7063492063492
