ConfigName: kjsd__advperagentrankweighted__M5__L12__eps0p03__g0p0007__ds0p2__dm0p05
Problem: QUBO
Kernel: jsd
Advantage: peragentrankweighted
M: 5
lambda: 12
epsilon_svgd: 0.03
gamma: 0.0007
decay_start_ratio: 0.2
decay_min_factor: 0.05
bandwith_kernel: None
no_interact: False
avg_score: -909.2999877929688
median_score: -900.0
std_score: 62.6441535949707
percentiles: 2%=-1034.0400390625, 5%=-1022.0499877929688, 10%=-1003.5999755859375, 25%=-949.0, 50%=-900.0, 75%=-864.5, 90%=-832.0, 95%=-825.4500122070312, 98%=-812.7000122070312
ranking_best_algo: CMAL3
ranking_best_score: 928.5800000000002
ranking_my_rank: 29/504 (94.4%)
ranking_my_percent: 94.44444444444444
