ConfigName: kfr__advglobalrankweighted__M4__L15__eps0p02__g0p007__ds0p01__dm0p01
Problem: QUBO
Kernel: fr
Advantage: globalrankweighted
M: 4
lambda: 15
epsilon_svgd: 0.02
gamma: 0.007
decay_start_ratio: 0.01
decay_min_factor: 0.01
bandwith_kernel: None
no_interact: False
avg_score: -1235.739990234375
median_score: -1230.5
std_score: 61.292022705078125
percentiles: 2%=-1377.0799560546875, 5%=-1351.0999755859375, 10%=-1319.199951171875, 25%=-1275.25, 50%=-1230.5, 75%=-1195.0, 90%=-1157.0, 95%=-1148.5, 98%=-1125.9000244140625
ranking_best_algo: BigLognormalDiscreteOnePlusOne
ranking_best_score: 1301.3600000000004
ranking_my_rank: 57/504 (88.9%)
ranking_my_percent: 88.88888888888889
