ConfigName: krbf__advnormalizedfitness__M4__L12__eps0p015__g0p015__ds0p01__dm0p3
Problem: NK
Kernel: rbf
Advantage: normalizedfitness
M: 4
lambda: 12
epsilon_svgd: 0.015
gamma: 0.015
decay_start_ratio: 0.01
decay_min_factor: 0.3
bandwith_kernel: None
no_interact: False
avg_score: 0.7028529644012451
median_score: 0.6927769184112549
std_score: 0.032909706234931946
percentiles: 2%=0.6651079654693604, 5%=0.6659143567085266, 10%=0.6674239635467529, 25%=0.6710675358772278, 50%=0.6927769184112549, 75%=0.7385720610618591, 90%=0.7489234209060669, 95%=0.7529205679893494, 98%=0.7552229166030884
ranking_best_algo: CMApara
ranking_best_score: 0.7118996098437498
ranking_my_rank: 188/504 (62.9%)
ranking_my_percent: 62.8968253968254
