ConfigName: kfr__advglobalrankweighted__M2__L7__eps0p015__g0p005__ds0p01__dm0p01
Problem: QUBO
Kernel: fr
Advantage: globalrankweighted
M: 2
lambda: 7
epsilon_svgd: 0.015
gamma: 0.005
decay_start_ratio: 0.01
decay_min_factor: 0.01
bandwith_kernel: None
no_interact: False
avg_score: -143.8000030517578
median_score: -145.0
std_score: 14.696937561035156
percentiles: 2%=-179.0, 5%=-177.10000610351562, 10%=-160.0, 25%=-154.0, 50%=-145.0, 75%=-133.0, 90%=-125.0, 95%=-122.85001373291016, 98%=-114.0
ranking_best_algo: CMApara
ranking_best_score: 154.28
ranking_my_rank: 191/504 (62.3%)
ranking_my_percent: 62.301587301587304
