ConfigName: kjsd__advperagentrankweighted__M4__L12__eps0p005__g0p0003__ds0p2__dm0p05
Problem: NK
Kernel: jsd
Advantage: peragentrankweighted
M: 4
lambda: 12
epsilon_svgd: 0.005
gamma: 0.0003
decay_start_ratio: 0.2
decay_min_factor: 0.05
bandwith_kernel: None
no_interact: False
avg_score: 0.7360027432441711
median_score: 0.7353408932685852
std_score: 0.009513571858406067
percentiles: 2%=0.7183862924575806, 5%=0.7209629416465759, 10%=0.7233606576919556, 25%=0.7302513122558594, 50%=0.7353408932685852, 75%=0.7430302500724792, 90%=0.747787594795227, 95%=0.7505619525909424, 98%=0.7525813579559326
ranking_best_algo: PBIL
ranking_best_score: 0.730509098125
ranking_my_rank: 1/504 (100.0%)
ranking_my_percent: 100.0
