ConfigName: kjsd__advperagentrankweighted__M3__L16__eps0p01__g0p0005__ds0p05__dm0p1
Problem: QUBO
Kernel: jsd
Advantage: peragentrankweighted
M: 3
lambda: 16
epsilon_svgd: 0.01
gamma: 0.0005
decay_start_ratio: 0.05
decay_min_factor: 0.1
bandwith_kernel: None
no_interact: False
avg_score: -305.239990234375
median_score: -302.0
std_score: 39.006439208984375
percentiles: 2%=-388.0799865722656, 5%=-378.20001220703125, 10%=-354.0, 25%=-330.0, 50%=-302.0, 75%=-270.0, 90%=-261.79998779296875, 95%=-258.0, 98%=-255.67999267578125
ranking_best_algo: CMApara
ranking_best_score: 319.29999999999995
ranking_my_rank: 135/504 (73.4%)
ranking_my_percent: 73.41269841269842
