ConfigName: krbf__advnormalizedfitness__M4__L8__eps0p025__g0p005__ds0p01__dm0p01
Problem: NK
Kernel: rbf
Advantage: normalizedfitness
M: 4
lambda: 8
epsilon_svgd: 0.025
gamma: 0.005
decay_start_ratio: 0.01
decay_min_factor: 0.01
bandwith_kernel: None
no_interact: False
avg_score: 0.7105056047439575
median_score: 0.7113409042358398
std_score: 0.015357673168182373
percentiles: 2%=0.6718063354492188, 5%=0.6730405688285828, 10%=0.6955621242523193, 25%=0.7072169780731201, 50%=0.7113409042358398, 75%=0.7192896604537964, 90%=0.72538822889328, 95%=0.733231246471405, 98%=0.7337274551391602
ranking_best_algo: CMApara
ranking_best_score: 0.707475975
ranking_my_rank: 1/504 (100.0%)
ranking_my_percent: 100.0
