ConfigName: kfr__advglobalrankweighted__M4__L13__eps0p03__g0p001__ds0p01__dm0p01
Problem: QUBO
Kernel: fr
Advantage: globalrankweighted
M: 4
lambda: 13
epsilon_svgd: 0.03
gamma: 0.001
decay_start_ratio: 0.01
decay_min_factor: 0.01
bandwith_kernel: None
no_interact: False
avg_score: -1259.8199462890625
median_score: -1247.5
std_score: 66.58488464355469
percentiles: 2%=-1405.0, 5%=-1361.9000244140625, 10%=-1355.199951171875, 25%=-1303.0, 50%=-1247.5, 75%=-1209.0, 90%=-1182.300048828125, 95%=-1167.0, 98%=-1152.239990234375
ranking_best_algo: BigLognormalDiscreteOnePlusOne
ranking_best_score: 1301.3600000000004
ranking_my_rank: 53/504 (89.7%)
ranking_my_percent: 89.68253968253968
