ConfigName: krbf__advnormalizedfitness__M4__L8__eps0p015__g0p015__ds0p3__dm0p3
Problem: QUBO
Kernel: rbf
Advantage: normalizedfitness
M: 4
lambda: 8
epsilon_svgd: 0.015
gamma: 0.015
decay_start_ratio: 0.3
decay_min_factor: 0.3
bandwith_kernel: None
no_interact: False
avg_score: -494.0199890136719
median_score: -481.5
std_score: 46.11832046508789
percentiles: 2%=-604.5, 5%=-590.2000122070312, 10%=-558.0999755859375, 25%=-520.0, 50%=-481.5, 75%=-462.75, 90%=-447.0, 95%=-429.0, 98%=-422.9599914550781
ranking_best_algo: NLOPT_LN_PRAXIS
ranking_best_score: 1607.12
ranking_my_rank: 394/504 (22.0%)
ranking_my_percent: 22.023809523809526
