ConfigName: kfr__advglobalrankweighted__M5__L11__eps0p01__g0p005__ds0p01__dm0p01
Problem: QUBO
Kernel: fr
Advantage: globalrankweighted
M: 5
lambda: 11
epsilon_svgd: 0.01
gamma: 0.005
decay_start_ratio: 0.01
decay_min_factor: 0.01
bandwith_kernel: None
no_interact: False
avg_score: -2691.93994140625
median_score: -2687.5
std_score: 155.36395263671875
percentiles: 2%=-2973.9599609375, 5%=-2946.85009765625, 10%=-2870.300048828125, 25%=-2812.0, 50%=-2687.5, 75%=-2569.0, 90%=-2502.89990234375, 95%=-2443.800048828125, 98%=-2397.699951171875
ranking_best_algo: RLSOnePlusOne
ranking_best_score: 3316.5199999999995
ranking_my_rank: 192/504 (62.1%)
ranking_my_percent: 62.1031746031746
