ConfigName: kjsd__advperagentrankweighted__M4__L30__eps0p005__g0p0005__ds0p05__dm0p05
Problem: NK
Kernel: jsd
Advantage: peragentrankweighted
M: 4
lambda: 30
epsilon_svgd: 0.005
gamma: 0.0005
decay_start_ratio: 0.05
decay_min_factor: 0.05
bandwith_kernel: None
no_interact: False
avg_score: 0.7380079627037048
median_score: 0.7386900186538696
std_score: 0.008974239230155945
percentiles: 2%=0.7196899652481079, 5%=0.7229570150375366, 10%=0.7237920761108398, 25%=0.7335802316665649, 50%=0.7386900186538696, 75%=0.7449265122413635, 90%=0.7485559582710266, 95%=0.7517505288124084, 98%=0.7533570528030396
ranking_best_algo: PBIL
ranking_best_score: 0.730509098125
ranking_my_rank: 1/504 (100.0%)
ranking_my_percent: 100.0
