ConfigName: krbf__advnormalizedfitness__M3__L10__eps0p033__g0p01__ds0p15__dm0p01
Problem: NK
Kernel: rbf
Advantage: normalizedfitness
M: 3
lambda: 10
epsilon_svgd: 0.033
gamma: 0.01
decay_start_ratio: 0.15
decay_min_factor: 0.01
bandwith_kernel: None
no_interact: False
avg_score: 0.7075282335281372
median_score: 0.7101709842681885
std_score: 0.011732137762010098
percentiles: 2%=0.6878899335861206, 5%=0.6893518567085266, 10%=0.6920856833457947, 25%=0.6958185434341431, 50%=0.7101709842681885, 75%=0.7179705500602722, 90%=0.7214871048927307, 95%=0.7226534485816956, 98%=0.7236909866333008
ranking_best_algo: PBIL
ranking_best_score: 0.7013553837109374
ranking_my_rank: 1/504 (100.0%)
ranking_my_percent: 100.0
