ConfigName: krbf__advnormalizedfitness__M3__L15__eps0p015__g0p015__ds0p15__dm0p01
Problem: NK
Kernel: rbf
Advantage: normalizedfitness
M: 3
lambda: 15
epsilon_svgd: 0.015
gamma: 0.015
decay_start_ratio: 0.15
decay_min_factor: 0.01
bandwith_kernel: None
no_interact: False
avg_score: 0.7426228523254395
median_score: 0.7408133745193481
std_score: 0.03027969039976597
percentiles: 2%=0.6938806772232056, 5%=0.694963812828064, 10%=0.7028388381004333, 25%=0.7207023501396179, 50%=0.7408133745193481, 75%=0.7580187320709229, 90%=0.7740688920021057, 95%=0.8044298887252808, 98%=0.806929349899292
ranking_best_algo: CMApara
ranking_best_score: 0.7459277895312499
ranking_my_rank: 20/504 (96.2%)
ranking_my_percent: 96.23015873015873
