ConfigName: kjsd__advperagentrankweighted__M3__L18__eps0p005__g0p0007__ds0p1__dm0p05
Problem: QUBO
Kernel: jsd
Advantage: peragentrankweighted
M: 3
lambda: 18
epsilon_svgd: 0.005
gamma: 0.0007
decay_start_ratio: 0.1
decay_min_factor: 0.05
bandwith_kernel: None
no_interact: False
avg_score: -912.1799926757812
median_score: -907.5
std_score: 57.1988410949707
percentiles: 2%=-1016.2000122070312, 5%=-1008.1500244140625, 10%=-991.2999877929688, 25%=-951.5, 50%=-907.5, 75%=-867.0, 90%=-840.0, 95%=-831.75, 98%=-796.9600219726562
ranking_best_algo: CMAL3
ranking_best_score: 928.5800000000002
ranking_my_rank: 20/504 (96.2%)
ranking_my_percent: 96.23015873015873
