ConfigName: kfr__advglobalrankweighted__M2__L10__eps0p02__g0p003__ds0p01__dm0p01
Problem: QUBO
Kernel: fr
Advantage: globalrankweighted
M: 2
lambda: 10
epsilon_svgd: 0.02
gamma: 0.003
decay_start_ratio: 0.01
decay_min_factor: 0.01
bandwith_kernel: None
no_interact: False
avg_score: -1599.6800537109375
median_score: -1601.0
std_score: 64.5389633178711
percentiles: 2%=-1715.219970703125, 5%=-1707.0, 10%=-1685.300048828125, 25%=-1644.25, 50%=-1601.0, 75%=-1555.0, 90%=-1515.800048828125, 95%=-1498.60009765625, 98%=-1483.5399169921875
ranking_best_algo: NLOPT_LN_PRAXIS
ranking_best_score: 1607.12
ranking_my_rank: 13/504 (97.6%)
ranking_my_percent: 97.61904761904762
