ConfigName: krbf__advnormalizedfitness__M4__L15__eps0p015__g0p005__ds0p15__dm0p01
Problem: NK
Kernel: rbf
Advantage: normalizedfitness
M: 4
lambda: 15
epsilon_svgd: 0.015
gamma: 0.005
decay_start_ratio: 0.15
decay_min_factor: 0.01
bandwith_kernel: None
no_interact: False
avg_score: 0.735098123550415
median_score: 0.7354819178581238
std_score: 0.008938660845160484
percentiles: 2%=0.7193760871887207, 5%=0.7207209467887878, 10%=0.7218517065048218, 25%=0.7287846207618713, 50%=0.7354819178581238, 75%=0.742393970489502, 90%=0.7456302642822266, 95%=0.749058187007904, 98%=0.7500000596046448
ranking_best_algo: PBIL
ranking_best_score: 0.730509098125
ranking_my_rank: 1/504 (100.0%)
ranking_my_percent: 100.0
