ConfigName: kfr__advglobalrankweighted__M5__L11__eps0p02__g0p005__ds0p01__dm0p01
Problem: QUBO
Kernel: fr
Advantage: globalrankweighted
M: 5
lambda: 11
epsilon_svgd: 0.02
gamma: 0.005
decay_start_ratio: 0.01
decay_min_factor: 0.01
bandwith_kernel: None
no_interact: False
avg_score: -139.5399932861328
median_score: -142.0
std_score: 11.525120735168457
percentiles: 2%=-160.02000427246094, 5%=-158.0, 10%=-155.10000610351562, 25%=-147.0, 50%=-142.0, 75%=-130.0, 90%=-125.0, 95%=-119.95000457763672, 98%=-115.0
ranking_best_algo: DiscreteDE
ranking_best_score: 143.4
ranking_my_rank: 84/504 (83.5%)
ranking_my_percent: 83.53174603174604
