ConfigName: krbf__advnormalizedfitness__M4__L15__eps0p015__g0p015__ds0p15__dm0p3
Problem: QUBO
Kernel: rbf
Advantage: normalizedfitness
M: 4
lambda: 15
epsilon_svgd: 0.015
gamma: 0.015
decay_start_ratio: 0.15
decay_min_factor: 0.3
bandwith_kernel: None
no_interact: False
avg_score: -913.6599731445312
median_score: -896.0
std_score: 63.72758102416992
percentiles: 2%=-1065.1400146484375, 5%=-1038.1500244140625, 10%=-989.7999877929688, 25%=-949.0, 50%=-896.0, 75%=-866.5, 90%=-851.9000244140625, 95%=-831.0, 98%=-817.0
ranking_best_algo: SVM1MetaModelLogNormal
ranking_best_score: 2605.14
ranking_my_rank: 407/504 (19.4%)
ranking_my_percent: 19.444444444444443
