ConfigName: krbf__advnormalizedfitness__M1__L8__eps0p025__g0p007__ds0p15__dm0p3
Problem: QUBO
Kernel: rbf
Advantage: normalizedfitness
M: 1
lambda: 8
epsilon_svgd: 0.025
gamma: 0.007
decay_start_ratio: 0.15
decay_min_factor: 0.3
bandwith_kernel: None
no_interact: False
avg_score: -3211.47998046875
median_score: -3209.5
std_score: 140.7828369140625
percentiles: 2%=-3458.1201171875, 5%=-3423.60009765625, 10%=-3367.10009765625, 25%=-3296.5, 50%=-3209.5, 75%=-3123.5, 90%=-3076.10009765625, 95%=-3017.85009765625, 98%=-3000.478759765625
ranking_best_algo: RLSOnePlusOne
ranking_best_score: 3316.5199999999995
ranking_my_rank: 50/504 (90.3%)
ranking_my_percent: 90.27777777777777
