ConfigName: krbf__advnormalizedfitness__M5__L10__eps0p025__g0p01__ds0p05__dm0p05
Problem: QUBO
Kernel: rbf
Advantage: normalizedfitness
M: 5
lambda: 10
epsilon_svgd: 0.025
gamma: 0.01
decay_start_ratio: 0.05
decay_min_factor: 0.05
bandwith_kernel: None
no_interact: False
avg_score: -1087.719970703125
median_score: -1092.0
std_score: 95.07649993896484
percentiles: 2%=-1285.5999755859375, 5%=-1224.8499755859375, 10%=-1201.5999755859375, 25%=-1148.75, 50%=-1092.0, 75%=-1031.75, 90%=-953.5999755859375, 95%=-926.0, 98%=-899.9400024414062
ranking_best_algo: Tabu
ranking_best_score: 1216.16
ranking_my_rank: 215/504 (57.5%)
ranking_my_percent: 57.53968253968254
