step,best_fitness,avg_hamming,avg_l1,avg_entropy,mean,median,std,2%,5%,10%,25%,50%,75%,90%,95%,98%
16,-106.0999984741211,63.861351013183594,4.509532928466797,88.33329391479492,-106.0999984741211,-106.0,28.214004516601562,-165.33999633789062,-152.0500030517578,-138.0,-125.5,-106.0,-84.5,-69.0,-62.79999923706055,-54.97999954223633
32,-123.95999908447266,63.75373840332031,5.1336541175842285,88.14839172363281,-123.95999908447266,-123.0,28.302621841430664,-182.25999450683594,-164.0500030517578,-153.0,-137.25,-123.0,-108.75,-90.9000015258789,-84.94999694824219,-76.87999725341797
48,-132.16000366210938,63.67308807373047,5.58065128326416,88.00471115112305,-132.16000366210938,-129.0,27.524795532226562,-195.33999633789062,-169.64999389648438,-159.3000030517578,-143.5,-129.0,-117.0,-101.80000305175781,-95.75,-90.0
64,-137.33999633789062,63.591217041015625,5.935355186462402,87.86793899536133,-137.33999633789062,-133.5,25.56177520751953,-195.33999633789062,-171.5500030517578,-164.10000610351562,-151.25,-133.5,-123.75,-111.69999694824219,-104.9000015258789,-97.86000061035156
80,-141.45999145507812,63.52276611328125,6.33827018737793,87.73690032958984,-141.4600067138672,-138.0,26.235631942749023,-207.10000610351562,-182.64999389648438,-169.1999969482422,-153.0,-138.0,-126.5,-114.0,-109.0,-104.95999908447266
96,-145.33999633789062,63.45587158203125,6.619297981262207,87.62519454956055,-145.33999633789062,-142.0,25.929990768432617,-207.10000610351562,-182.64999389648438,-173.10000610351562,-159.25,-142.0,-127.75,-117.0,-112.94999694824219,-108.95999908447266
112,-148.02000427246094,63.383514404296875,6.872433185577393,87.5036506652832,-148.02000427246094,-145.0,26.05071258544922,-207.10000610351562,-195.0,-175.60000610351562,-161.25,-145.0,-129.0,-118.0,-113.94999694824219,-109.0
128,-151.83999633789062,63.32274627685547,7.124648094177246,87.39374542236328,-151.83999633789062,-151.5,27.157583236694336,-214.16000366210938,-196.5500030517578,-182.0,-165.0,-151.5,-133.0,-119.80000305175781,-116.80000305175781,-109.0
144,-155.0800018310547,63.25675964355469,7.36062479019165,87.28005599975586,-155.0800018310547,-153.0,26.48685646057129,-214.16000366210938,-196.5500030517578,-185.0,-167.5,-153.0,-137.75,-124.80000305175781,-118.0,-117.0
160,-157.16000366210938,63.191017150878906,7.575814247131348,87.17227935791016,-157.16000366210938,-155.0,27.050588607788086,-220.0399932861328,-207.25,-190.0,-169.25,-155.0,-139.0,-126.80000305175781,-118.0,-117.0
176,-158.83999633789062,63.13340759277344,7.772721767425537,87.07234191894531,-158.83999633789062,-158.0,27.02469825744629,-220.0399932861328,-207.25,-190.0,-172.25,-158.0,-139.0,-127.9000015258789,-121.80000305175781,-117.0
192,-161.51998901367188,63.06651306152344,8.022503852844238,86.9540023803711,-161.52000427246094,-161.0,26.47054100036621,-220.1999969482422,-208.1999969482422,-190.5,-173.25,-161.0,-141.75,-129.0,-122.94999694824219,-117.0
208,-163.1999969482422,63.006893157958984,8.26840591430664,86.84311294555664,-163.1999969482422,-163.0,26.086780548095703,-220.1999969482422,-208.1999969482422,-190.5,-177.0,-163.0,-143.0,-131.8000030517578,-123.0,-117.9800033569336
224,-165.45999145507812,62.95191192626953,8.482022285461426,86.735595703125,-165.4600067138672,-164.5,26.29350471496582,-229.02000427246094,-212.10000610351562,-195.0,-178.5,-164.5,-147.75,-136.6999969482422,-128.6999969482422,-117.9800033569336
240,-168.5399932861328,62.89183044433594,8.653230667114258,86.63883590698242,-168.5399932861328,-165.0,26.518455505371094,-229.02000427246094,-214.25,-202.5,-181.25,-165.0,-151.75,-137.89999389648438,-129.9499969482422,-122.9000015258789
256,-170.94000244140625,62.83710479736328,8.819083213806152,86.54341888427734,-170.94000244140625,-168.0,26.90346336364746,-230.25999450683594,-219.0500030517578,-207.10000610351562,-185.0,-168.0,-153.75,-140.89999389648438,-133.89999389648438,-128.8800048828125
272,-172.87998962402344,62.781253814697266,8.968073844909668,86.44882202148438,-172.8800048828125,-169.0,26.088035583496094,-230.25999450683594,-219.0500030517578,-208.10000610351562,-185.25,-169.0,-156.0,-143.89999389648438,-139.89999389648438,-136.89999389648438
288,-173.5399932861328,62.7205810546875,9.12982177734375,86.34732055664062,-173.5399932861328,-169.0,25.862489700317383,-230.25999450683594,-219.0500030517578,-208.10000610351562,-186.25,-169.0,-156.0,-144.89999389648438,-140.0,-136.89999389648438
304,-174.3199920654297,62.66480255126953,9.282666206359863,86.25552368164062,-174.32000732421875,-170.0,25.486812591552734,-230.25999450683594,-219.0500030517578,-208.10000610351562,-187.25,-170.0,-157.0,-145.0,-141.9499969482422,-136.89999389648438
320,-175.6999969482422,62.592071533203125,9.407954216003418,86.14365768432617,-175.6999969482422,-171.0,26.032865524291992,-243.0399932861328,-220.4499969482422,-209.3000030517578,-187.25,-171.0,-159.0,-145.0,-142.89999389648438,-136.89999389648438
336,-177.45999145507812,62.531524658203125,9.565951347351074,86.03719711303711,-177.4600067138672,-173.0,26.994600296020508,-245.1999969482422,-229.0500030517578,-212.1999969482422,-188.5,-173.0,-160.75,-146.8000030517578,-143.85000610351562,-136.89999389648438
352,-178.33999633789062,62.4632568359375,9.733503341674805,85.92362594604492,-178.33999633789062,-174.5,26.234413146972656,-245.1999969482422,-229.0500030517578,-212.1999969482422,-188.5,-174.5,-161.0,-150.6999969482422,-145.0,-139.94000244140625
368,-178.6599884033203,62.38580322265625,9.85822868347168,85.80456161499023,-178.66000366210938,-175.5,26.206953048706055,-245.1999969482422,-229.0500030517578,-212.1999969482422,-190.0,-175.5,-161.0,-150.6999969482422,-145.0,-139.94000244140625
384,-180.9199981689453,62.319252014160156,10.02663516998291,85.6933822631836,-180.9199981689453,-177.0,25.894275665283203,-245.1999969482422,-229.0500030517578,-214.5,-192.75,-177.0,-161.75,-152.89999389648438,-146.89999389648438,-144.9199981689453
400,-182.05999755859375,62.24298858642578,10.142236709594727,85.57464218139648,-182.05999755859375,-177.5,25.90359878540039,-245.1999969482422,-230.3000030517578,-219.0,-195.25,-177.5,-163.75,-154.89999389648438,-147.9499969482422,-145.0
416,-183.0399932861328,62.162986755371094,10.282100677490234,85.44877624511719,-183.0399932861328,-178.5,25.629638671875,-245.1999969482422,-230.3000030517578,-219.0,-196.0,-178.5,-165.0,-155.89999389648438,-147.9499969482422,-145.0
432,-184.55999755859375,62.089500427246094,10.468274116516113,85.32109069824219,-184.55999755859375,-180.0,25.933115005493164,-245.1999969482422,-230.3000030517578,-219.10000610351562,-199.0,-180.0,-165.75,-155.89999389648438,-147.9499969482422,-145.0
448,-187.1999969482422,62.01533508300781,10.65023136138916,85.19255828857422,-187.1999969482422,-183.0,26.365127563476562,-245.1999969482422,-230.3000030517578,-220.1999969482422,-204.25,-183.0,-166.75,-157.89999389648438,-151.8000030517578,-145.0
464,-187.83999633789062,61.947174072265625,10.795900344848633,85.0802001953125,-187.83999633789062,-183.5,26.197986602783203,-245.1999969482422,-230.3000030517578,-220.1999969482422,-205.5,-183.5,-168.75,-158.8000030517578,-151.8000030517578,-145.0
480,-188.86000061035156,61.88444519042969,10.947169303894043,84.96746826171875,-188.86000061035156,-185.0,25.369674682617188,-245.1999969482422,-230.3000030517578,-220.1999969482422,-205.5,-185.0,-170.75,-159.89999389648438,-153.89999389648438,-146.9600067138672
496,-189.47999572753906,61.809295654296875,11.084590911865234,84.84892654418945,-189.47999572753906,-185.0,25.35211181640625,-245.1999969482422,-230.3000030517578,-222.10000610351562,-205.5,-185.0,-171.0,-159.89999389648438,-153.89999389648438,-147.0
512,-190.6199951171875,61.71821594238281,11.187373161315918,84.71437072753906,-190.6199951171875,-185.5,25.892385482788086,-248.13999938964844,-236.35000610351562,-223.10000610351562,-207.25,-185.5,-172.5,-160.89999389648438,-153.89999389648438,-147.0
528,-192.4199981689453,61.63444519042969,11.270581245422363,84.5960922241211,-192.4199981689453,-186.0,28.126564025878906,-255.47999572753906,-243.10000610351562,-224.10000610351562,-208.25,-186.0,-173.0,-162.8000030517578,-156.85000610351562,-147.0
544,-194.1599884033203,61.54388427734375,11.391375541687012,84.45549011230469,-194.16000366210938,-190.0,28.395326614379883,-255.47999572753906,-245.14999389648438,-225.39999389648438,-209.75,-190.0,-174.75,-163.89999389648438,-158.89999389648438,-147.97999572753906
560,-195.05999755859375,61.44120788574219,11.532588005065918,84.3028678894043,-195.05999755859375,-190.5,27.655675888061523,-255.47999572753906,-245.14999389648438,-225.39999389648438,-209.75,-190.5,-176.75,-164.89999389648438,-159.0,-154.0
576,-195.8000030517578,61.337318420410156,11.655431747436523,84.14774703979492,-195.8000030517578,-192.5,27.501998901367188,-255.47999572753906,-245.14999389648438,-226.3000030517578,-212.25,-192.5,-177.0,-165.0,-159.9499969482422,-154.0
592,-197.0,61.2252311706543,11.775349617004395,83.98579406738281,-197.0,-194.5,27.104244232177734,-255.47999572753906,-245.14999389648438,-226.3000030517578,-213.0,-194.5,-177.0,-165.0,-162.89999389648438,-158.9600067138672
608,-197.5399932861328,61.118858337402344,11.914420127868652,83.81747436523438,-197.5399932861328,-194.5,26.80202293395996,-255.47999572753906,-245.14999389648438,-226.3000030517578,-213.25,-194.5,-178.0,-165.89999389648438,-164.0,-159.97999572753906
624,-200.5800018310547,60.996131896972656,12.026538848876953,83.64425277709961,-200.5800018310547,-196.0,28.73297119140625,-279.0,-249.3000030517578,-239.39999389648438,-215.5,-196.0,-180.5,-167.89999389648438,-164.0,-159.97999572753906
640,-203.3000030517578,60.88502502441406,12.136886596679688,83.47680282592773,-203.3000030517578,-196.5,31.409393310546875,-288.1400146484375,-266.6499938964844,-245.3000030517578,-219.25,-196.5,-181.75,-168.89999389648438,-164.9499969482422,-159.97999572753906
656,-204.87998962402344,60.76221466064453,12.245065689086914,83.3072509765625,-204.8800048828125,-198.5,31.690149307250977,-288.1400146484375,-278.04998779296875,-248.0,-219.25,-198.5,-183.0,-169.89999389648438,-164.9499969482422,-159.97999572753906
672,-206.5399932861328,60.6561279296875,12.35368824005127,83.15015029907227,-206.5399932861328,-199.5,31.046875,-288.1400146484375,-278.04998779296875,-248.0,-220.0,-199.5,-183.75,-173.0,-167.9499969482422,-163.94000244140625
688,-207.8199920654297,60.53108215332031,12.468331336975098,82.97278213500977,-207.82000732421875,-200.5,30.932954788208008,-288.1400146484375,-278.04998779296875,-248.0,-221.5,-200.5,-184.0,-173.89999389648438,-168.0,-164.97999572753906
704,-210.25999450683594,60.409271240234375,12.575515747070312,82.79432678222656,-210.25999450683594,-204.5,31.586271286010742,-295.05999755859375,-279.0,-248.10000610351562,-223.0,-204.5,-186.0,-174.89999389648438,-168.9499969482422,-164.97999572753906
720,-211.3199920654297,60.28514099121094,12.662497520446777,82.61680603027344,-211.32000732421875,-209.5,31.372879028320312,-295.05999755859375,-279.0,-248.10000610351562,-223.0,-209.5,-187.75,-175.89999389648438,-168.9499969482422,-164.97999572753906
736,-213.39999389648438,60.156349182128906,12.73992919921875,82.43982315063477,-213.39999389648438,-212.5,32.56930923461914,-295.05999755859375,-279.0,-255.39999389648438,-228.75,-212.5,-188.5,-175.89999389648438,-168.9499969482422,-164.97999572753906
752,-215.5399932861328,60.01512908935547,12.843222618103027,82.23894119262695,-215.5399932861328,-213.0,33.399227142333984,-295.05999755859375,-279.0,-259.29998779296875,-242.0,-213.0,-188.5,-175.89999389648438,-168.9499969482422,-164.97999572753906
768,-216.97999572753906,59.87453842163086,12.93379020690918,82.04179382324219,-216.97999572753906,-213.5,32.894371032714844,-295.05999755859375,-279.0,-259.29998779296875,-242.0,-213.5,-192.75,-178.6999969482422,-172.8000030517578,-164.97999572753906
784,-218.0399932861328,59.734710693359375,13.016742706298828,81.85145568847656,-218.0399932861328,-214.0,32.74077606201172,-295.05999755859375,-279.0,-262.3999938964844,-242.25,-214.0,-193.75,-180.8000030517578,-174.0,-167.94000244140625
800,-220.33999633789062,59.593841552734375,13.100866317749023,81.65367889404297,-220.33999633789062,-217.0,33.20006561279297,-295.05999755859375,-281.3500061035156,-266.70001220703125,-243.0,-217.0,-195.0,-181.0,-174.9499969482422,-172.83999633789062
816,-221.1199951171875,59.43159484863281,13.224654197692871,81.42084121704102,-221.1199951171875,-219.0,33.14431381225586,-295.05999755859375,-281.3500061035156,-266.70001220703125,-243.5,-219.0,-195.0,-181.89999389648438,-174.9499969482422,-172.83999633789062
832,-223.0399932861328,59.289493560791016,13.317509651184082,81.21819305419922,-223.0399932861328,-220.5,34.25606918334961,-295.05999755859375,-288.20001220703125,-274.1000061035156,-247.0,-220.5,-195.0,-181.89999389648438,-174.9499969482422,-172.83999633789062
848,-225.86000061035156,59.12974548339844,13.403642654418945,80.99567413330078,-225.86000061035156,-223.5,34.585262298583984,-298.0400085449219,-292.1499938964844,-275.3999938964844,-248.25,-223.5,-196.0,-183.0,-179.0,-173.82000732421875
864,-228.1999969482422,58.97930908203125,13.462198257446289,80.78957748413086,-228.1999969482422,-224.5,34.45692825317383,-300.20001220703125,-292.1499938964844,-279.20001220703125,-249.5,-224.5,-199.0,-183.89999389648438,-181.0,-178.89999389648438
880,-230.5,58.81878662109375,13.551783561706543,80.56132888793945,-230.5,-225.5,34.626434326171875,-310.1199951171875,-295.0,-281.20001220703125,-252.0,-225.5,-205.75,-184.89999389648438,-182.9499969482422,-180.9600067138672
896,-232.1599884033203,58.667510986328125,13.665800094604492,80.33341979980469,-232.16000366210938,-226.5,34.80939865112305,-310.1199951171875,-295.25,-283.1000061035156,-252.0,-226.5,-207.0,-188.60000610351562,-183.0,-180.9600067138672
912,-234.09999084472656,58.515220642089844,13.765974044799805,80.1103286743164,-234.10000610351562,-229.0,35.78924560546875,-316.0,-300.1499938964844,-284.79998779296875,-252.75,-229.0,-207.0,-188.60000610351562,-183.0,-180.9600067138672
928,-235.5399932861328,58.33607482910156,13.859943389892578,79.85569763183594,-235.5399932861328,-229.5,35.96315383911133,-316.0,-300.1499938964844,-292.29998779296875,-260.0,-229.5,-207.0,-189.89999389648438,-183.0,-181.97999572753906
944,-236.77999877929688,58.169822692871094,13.95937442779541,79.62094497680664,-236.77999877929688,-230.5,35.923133850097656,-316.0,-300.1499938964844,-292.29998779296875,-263.0,-230.5,-208.5,-191.89999389648438,-183.0,-181.97999572753906
960,-239.72000122070312,57.978450775146484,14.050281524658203,79.34844970703125,-239.72000122070312,-233.5,36.670448303222656,-316.0,-300.1499938964844,-294.1000061035156,-267.75,-233.5,-211.25,-191.89999389648438,-183.0,-181.97999572753906
976,-241.77999877929688,57.79404830932617,14.112431526184082,79.10036087036133,-241.77999877929688,-239.5,37.12238311767578,-316.0,-303.20001220703125,-294.1000061035156,-270.5,-239.5,-211.25,-191.89999389648438,-184.9499969482422,-183.0
992,-245.45999145507812,57.62164306640625,14.171905517578125,78.86132431030273,-245.4600067138672,-243.5,36.163909912109375,-316.0,-303.20001220703125,-296.1000061035156,-273.0,-243.5,-218.5,-196.60000610351562,-185.9499969482422,-183.0
1008,-247.8199920654297,57.45353698730469,14.25792407989502,78.60934066772461,-247.82000732421875,-245.0,36.33521270751953,-316.0,-303.20001220703125,-297.1000061035156,-280.0,-245.0,-219.0,-199.8000030517578,-191.9499969482422,-184.9600067138672
1024,-249.0800018310547,57.27105712890625,14.345179557800293,78.35246276855469,-249.0800018310547,-246.0,35.64314270019531,-316.0,-307.1499938964844,-297.1000061035156,-280.0,-246.0,-219.75,-206.89999389648438,-193.0,-184.9600067138672
1040,-249.97999572753906,57.08810806274414,14.413201332092285,78.09034729003906,-249.97999572753906,-250.5,35.67127227783203,-316.0,-307.1499938964844,-298.20001220703125,-280.0,-250.5,-219.75,-207.0,-193.0,-184.9600067138672
1056,-252.27999877929688,56.902713775634766,14.471945762634277,77.83385848999023,-252.27999877929688,-255.0,35.557861328125,-316.0,-307.1499938964844,-300.0,-280.5,-255.0,-223.25,-207.0,-193.0,-184.9600067138672
1072,-253.9199981689453,56.72080993652344,14.583850860595703,77.56062316894531,-253.9199981689453,-255.0,35.58024215698242,-316.0400085449219,-310.1499938964844,-300.29998779296875,-283.0,-255.0,-226.5,-207.0,-193.0,-184.9600067138672
1088,-255.239990234375,56.53965377807617,14.687382698059082,77.29339981079102,-255.24000549316406,-257.5,35.741607666015625,-316.0400085449219,-313.0,-303.0,-283.25,-257.5,-227.0,-207.0,-193.0,-184.9600067138672
1104,-257.67999267578125,56.369285583496094,14.760380744934082,77.04508590698242,-257.67999267578125,-260.0,36.843692779541016,-318.1000061035156,-313.1499938964844,-310.1000061035156,-285.0,-260.0,-227.0,-209.6999969482422,-193.0,-184.9600067138672
1120,-260.0,56.19392776489258,14.847750663757324,76.78275680541992,-260.0,-263.5,36.784236907958984,-323.0400085449219,-316.0,-310.1000061035156,-285.0,-263.5,-231.75,-210.89999389648438,-193.0,-184.9600067138672
1136,-261.97998046875,55.990760803222656,14.94338321685791,76.48376083374023,-261.9800109863281,-264.0,36.42965316772461,-323.0400085449219,-316.1000061035156,-312.0,-285.25,-264.0,-234.25,-215.5,-199.64999389648438,-190.8800048828125
1152,-264.6000061035156,55.83631896972656,15.03820514678955,76.23479843139648,-264.6000061035156,-266.5,35.84689712524414,-323.0400085449219,-318.0,-312.0,-288.25,-266.5,-236.75,-218.8000030517578,-206.9499969482422,-190.8800048828125
1168,-265.94000244140625,55.679473876953125,15.144108772277832,75.984130859375,-265.94000244140625,-267.5,36.82765579223633,-325.1000061035156,-321.1000061035156,-316.20001220703125,-290.25,-267.5,-236.75,-218.8000030517578,-206.9499969482422,-191.0
1184,-268.67999267578125,55.49627685546875,15.235047340393066,75.7114028930664,-268.67999267578125,-270.5,36.435386657714844,-325.5,-323.0,-318.0,-291.75,-270.5,-243.0,-224.5,-207.89999389648438,-191.0
1200,-270.55999755859375,55.2746696472168,15.303146362304688,75.40014266967773,-270.55999755859375,-271.5,35.9572868347168,-335.29998779296875,-323.1000061035156,-318.1000061035156,-291.75,-271.5,-243.0,-224.5,-210.85000610351562,-200.8000030517578
1216,-272.8999938964844,55.09921646118164,15.387212753295898,75.1363639831543,-272.8999938964844,-271.5,35.507041931152344,-335.29998779296875,-325.0,-320.1000061035156,-297.75,-271.5,-248.5,-228.8000030517578,-214.64999389648438,-200.8000030517578
1232,-275.239990234375,54.93154525756836,15.494987487792969,74.87280654907227,-275.239990234375,-276.0,33.81985092163086,-335.29998779296875,-325.0,-320.1000061035156,-300.25,-276.0,-251.25,-228.89999389648438,-219.85000610351562,-214.94000244140625
1248,-277.44000244140625,54.743804931640625,15.557085037231445,74.59590530395508,-277.44000244140625,-279.0,34.10932922363281,-341.17999267578125,-325.0,-321.0,-307.5,-279.0,-252.75,-229.0,-219.85000610351562,-215.0
1264,-279.2799987792969,54.57746887207031,15.65493106842041,74.3267936706543,-279.2799987792969,-280.0,33.928184509277344,-341.17999267578125,-325.0,-321.1000061035156,-309.25,-280.0,-254.25,-231.0,-226.89999389648438,-215.0
1280,-280.2799987792969,54.397499084472656,15.721346855163574,74.05683898925781,-280.2799987792969,-281.5,33.802391052246094,-341.17999267578125,-325.0,-322.1000061035156,-310.25,-281.5,-255.75,-231.89999389648438,-227.0,-215.0
1296,-282.44000244140625,54.20006561279297,15.771337509155273,73.77749633789062,-282.44000244140625,-283.5,33.99303436279297,-341.17999267578125,-337.0,-323.1000061035156,-311.25,-283.5,-259.0,-232.89999389648438,-228.89999389648438,-215.0
1312,-284.17999267578125,53.99401092529297,15.821992874145508,73.48473358154297,-284.17999267578125,-284.0,34.637664794921875,-350.0199890136719,-337.1499938964844,-324.1000061035156,-312.5,-284.0,-260.5,-234.6999969482422,-228.89999389648438,-215.0
1328,-285.3399963378906,53.80400085449219,15.90017318725586,73.20265197753906,-285.3399963378906,-285.0,33.93647384643555,-350.0199890136719,-337.1499938964844,-325.0,-312.5,-285.0,-261.75,-238.60000610351562,-229.0,-219.89999389648438
1344,-287.239990234375,53.61905288696289,15.93883228302002,72.93505477905273,-287.239990234375,-285.0,33.524654388427734,-351.0,-340.04998779296875,-330.1000061035156,-314.25,-285.0,-261.75,-245.89999389648438,-234.8000030517578,-228.72000122070312
1360,-288.7599792480469,53.4416389465332,15.967543601989746,72.67628479003906,-288.760009765625,-285.0,32.664695739746094,-351.0,-340.04998779296875,-330.1000061035156,-315.75,-285.0,-263.0,-247.0,-238.8000030517578,-228.8000030517578
1376,-290.1399841308594,53.229896545410156,16.013856887817383,72.37218475341797,-290.1400146484375,-285.0,32.70872116088867,-351.0199890136719,-345.25,-331.6000061035156,-318.0,-285.0,-263.0,-249.0,-245.89999389648438,-228.8000030517578
1392,-292.0799865722656,53.048789978027344,16.104110717773438,72.07873153686523,-292.0799865722656,-289.5,32.44123458862305,-351.0199890136719,-345.25,-337.0,-318.25,-289.5,-264.5,-249.0,-246.0,-232.9199981689453
1408,-294.0199890136719,52.85221862792969,16.161285400390625,71.78709030151367,-294.0199890136719,-292.0,32.262046813964844,-351.0199890136719,-346.20001220703125,-339.20001220703125,-319.0,-292.0,-268.25,-254.60000610351562,-246.0,-232.9199981689453
1424,-295.3999938964844,52.67064666748047,16.196617126464844,71.51648712158203,-295.3999938964844,-296.0,32.42159652709961,-360.0199890136719,-351.0,-341.0,-319.0,-296.0,-268.25,-255.0,-248.89999389648438,-232.9199981689453
1440,-297.1399841308594,52.486846923828125,16.252384185791016,71.2280387878418,-297.1400146484375,-298.5,32.06587600708008,-361.0799865722656,-351.0,-341.0,-319.0,-298.5,-270.5,-256.79998779296875,-250.89999389648438,-245.74000549316406
1456,-297.8399963378906,52.313873291015625,16.30956268310547,70.9546012878418,-297.8399963378906,-301.0,32.12373352050781,-361.0799865722656,-351.0,-341.20001220703125,-319.0,-301.0,-274.0,-256.79998779296875,-250.89999389648438,-245.74000549316406
1472,-299.3999938964844,52.16048812866211,16.365764617919922,70.71247863769531,-299.3999938964844,-303.5,32.70779800415039,-361.0799865722656,-352.04998779296875,-345.0,-319.25,-303.5,-274.0,-257.0,-251.0,-245.74000549316406
1488,-301.1600036621094,51.99603271484375,16.466508865356445,70.43746185302734,-301.1600036621094,-305.0,32.38169860839844,-361.0799865722656,-353.25,-345.1000061035156,-321.25,-305.0,-277.0,-260.8999938964844,-254.8000030517578,-246.72000122070312
1504,-302.8800048828125,51.815425872802734,16.562246322631836,70.13604736328125,-302.8800048828125,-305.5,31.97163963317871,-361.0799865722656,-355.1499938964844,-346.5,-324.25,-305.5,-279.75,-263.0,-258.79998779296875,-246.72000122070312
1520,-303.7599792480469,51.62932586669922,16.58432388305664,69.85934448242188,-303.760009765625,-306.5,31.834924697875977,-361.0799865722656,-358.04998779296875,-351.0,-325.0,-306.5,-280.0,-263.0,-259.95001220703125,-250.9199981689453
1536,-304.41998291015625,51.47163391113281,16.660676956176758,69.60347747802734,-304.4200134277344,-306.5,31.493865966796875,-361.0799865722656,-358.04998779296875,-351.0,-325.0,-306.5,-280.0,-263.0,-259.95001220703125,-250.9199981689453
1552,-305.4599914550781,51.266990661621094,16.719812393188477,69.2930793762207,-305.4599914550781,-306.5,31.30029296875,-361.0799865722656,-358.04998779296875,-351.1000061035156,-325.0,-306.5,-281.0,-263.0,-259.95001220703125,-250.9199981689453
1568,-306.2599792480469,51.08775329589844,16.766935348510742,69.0291519165039,-306.260009765625,-307.0,32.09629821777344,-365.0,-360.04998779296875,-352.0,-327.0,-307.0,-281.0,-263.0,-259.95001220703125,-250.9199981689453
1584,-307.0199890136719,50.89682388305664,16.820655822753906,68.73731231689453,-307.0199890136719,-307.0,32.43392562866211,-365.1000061035156,-361.1000061035156,-352.29998779296875,-330.5,-307.0,-281.75,-263.0,-259.95001220703125,-250.9199981689453
1600,-307.79998779296875,50.71947479248047,16.913307189941406,68.4421615600586,-307.79998779296875,-307.0,32.36726760864258,-365.1000061035156,-361.1000061035156,-352.29998779296875,-332.25,-307.0,-282.75,-264.79998779296875,-261.95001220703125,-250.9199981689453
1616,-308.3399963378906,50.565860748291016,16.94125747680664,68.19529724121094,-308.3399963378906,-307.0,32.759796142578125,-370.0199890136719,-363.04998779296875,-352.29998779296875,-333.5,-307.0,-282.75,-264.79998779296875,-261.95001220703125,-250.9199981689453
1632,-309.6000061035156,50.40153503417969,17.017810821533203,67.92715454101562,-309.6000061035156,-308.0,32.96543502807617,-373.0400085449219,-365.25,-355.5,-333.5,-308.0,-282.75,-266.79998779296875,-262.95001220703125,-258.760009765625
1648,-311.44000244140625,50.23719787597656,17.089418411254883,67.66429901123047,-311.44000244140625,-309.0,32.97948455810547,-373.0400085449219,-369.04998779296875,-360.1000061035156,-335.75,-309.0,-288.75,-267.0,-262.95001220703125,-258.760009765625
1664,-312.05999755859375,50.037147521972656,17.12836456298828,67.35162353515625,-312.05999755859375,-309.5,33.460968017578125,-375.0799865722656,-370.04998779296875,-361.29998779296875,-335.75,-309.5,-288.75,-267.0,-262.95001220703125,-258.760009765625
1680,-313.3999938964844,49.83324432373047,17.146799087524414,67.0477523803711,-313.3999938964844,-311.5,33.50641632080078,-375.0799865722656,-371.1000061035156,-364.1000061035156,-338.5,-311.5,-288.75,-270.79998779296875,-262.95001220703125,-260.9599914550781
1696,-314.3599853515625,49.65098571777344,17.180753707885742,66.7737922668457,-314.3599853515625,-312.0,33.273868560791016,-375.0799865722656,-371.1000061035156,-365.0,-338.5,-312.0,-292.5,-270.79998779296875,-264.8999938964844,-260.9599914550781
1712,-315.8599853515625,49.45936584472656,17.21992301940918,66.48384094238281,-315.8599853515625,-312.0,32.30759048461914,-375.0799865722656,-373.0,-365.0,-340.0,-312.0,-292.5,-271.8999938964844,-264.95001220703125,-261.9800109863281
1728,-317.05999755859375,49.29145812988281,17.3183536529541,66.19507598876953,-317.05999755859375,-313.5,32.53669357299805,-375.0799865722656,-373.0,-365.0,-342.0,-313.5,-293.0,-276.5,-264.95001220703125,-261.9800109863281
1744,-318.1999816894531,49.1070442199707,17.348365783691406,65.90282821655273,-318.20001220703125,-316.5,32.04497146606445,-375.0799865722656,-373.0,-365.0,-342.0,-316.5,-299.0,-277.0,-264.95001220703125,-261.9800109863281
1760,-319.6199951171875,48.95448303222656,17.40114974975586,65.64033508300781,-319.6199951171875,-318.5,31.815336227416992,-379.0799865722656,-373.1000061035156,-365.0,-342.0,-318.5,-300.75,-277.0,-266.8999938964844,-261.9800109863281
1776,-321.6199951171875,48.78813171386719,17.478229522705078,65.35202026367188,-321.6199951171875,-319.0,30.74370765686035,-379.20001220703125,-373.1000061035156,-365.0,-345.0,-319.0,-302.75,-281.0,-276.70001220703125,-262.9800109863281
1792,-323.6600036621094,48.62242889404297,17.531166076660156,65.08380508422852,-323.6600036621094,-324.0,30.994909286499023,-379.20001220703125,-373.1000061035156,-366.20001220703125,-347.25,-324.0,-303.0,-281.8999938964844,-276.70001220703125,-262.9800109863281
1808,-325.2200012207031,48.44198226928711,17.556310653686523,64.80607986450195,-325.2200012207031,-325.0,30.552766799926758,-379.20001220703125,-374.04998779296875,-366.20001220703125,-347.25,-325.0,-305.75,-284.79998779296875,-276.79998779296875,-262.9800109863281
1824,-326.8599853515625,48.231815338134766,17.597469329833984,64.48421096801758,-326.8599853515625,-325.0,31.187503814697266,-386.05999755859375,-379.20001220703125,-371.1000061035156,-348.5,-325.0,-309.0,-286.79998779296875,-276.79998779296875,-262.9800109863281
1840,-328.44000244140625,48.03899383544922,17.68291664123535,64.17052841186523,-328.44000244140625,-325.5,30.361265182495117,-386.05999755859375,-381.1000061035156,-372.20001220703125,-348.5,-325.5,-310.5,-290.0,-284.8500061035156,-264.9599914550781
1856,-330.3999938964844,47.86317825317383,17.75222396850586,63.88261032104492,-330.3999938964844,-326.5,30.83634376525879,-386.05999755859375,-381.1000061035156,-374.20001220703125,-357.5,-326.5,-311.0,-293.0,-284.8500061035156,-264.9599914550781
1872,-331.17999267578125,47.697208404541016,17.802453994750977,63.60557746887207,-331.17999267578125,-326.5,31.42367935180664,-388.0199890136719,-383.1000061035156,-377.0,-359.25,-326.5,-311.0,-293.0,-284.8500061035156,-272.79998779296875
1888,-331.6600036621094,47.516632080078125,17.843265533447266,63.31394386291504,-331.6600036621094,-326.5,31.58740997314453,-389.1199951171875,-385.04998779296875,-377.0,-359.25,-326.5,-311.75,-293.0,-284.8500061035156,-272.79998779296875
1904,-332.3599853515625,47.34284210205078,17.8610897064209,63.039533615112305,-332.3599853515625,-327.0,31.753273010253906,-389.1199951171875,-385.04998779296875,-377.0,-360.0,-327.0,-311.75,-293.0,-284.8500061035156,-272.9200134277344
1920,-333.1600036621094,47.164207458496094,17.89475440979004,62.74471092224121,-333.1600036621094,-327.0,31.81846046447754,-390.1000061035156,-386.1000061035156,-377.20001220703125,-360.0,-327.0,-313.0,-293.0,-284.8500061035156,-272.9200134277344
1936,-334.2799987792969,47.00225067138672,17.915393829345703,62.48873329162598,-334.2799987792969,-327.5,31.479543685913086,-390.1000061035156,-386.1000061035156,-377.20001220703125,-360.0,-327.5,-313.0,-294.79998779296875,-284.8999938964844,-276.9200134277344
1952,-335.5199890136719,46.82078552246094,17.932096481323242,62.20214653015137,-335.5199890136719,-328.5,31.889331817626953,-390.1000061035156,-386.1000061035156,-379.0,-360.25,-328.5,-315.0,-294.79998779296875,-284.8999938964844,-276.9200134277344
1968,-336.7200012207031,46.64557647705078,17.95507049560547,61.93099403381348,-336.7200012207031,-329.5,31.897357940673828,-395.0799865722656,-386.1000061035156,-381.1000061035156,-361.25,-329.5,-316.75,-295.8999938964844,-286.8999938964844,-281.8999938964844
1984,-337.5,46.455345153808594,18.010404586791992,61.61716079711914,-337.5,-331.0,31.924755096435547,-395.0799865722656,-388.1000061035156,-382.0,-363.0,-331.0,-317.75,-296.79998779296875,-286.8999938964844,-281.8999938964844
2000,-337.8999938964844,46.308815002441406,18.066471099853516,61.34303092956543,-337.8999938964844,-332.5,32.045440673828125,-395.0799865722656,-388.1000061035156,-382.0,-366.0,-332.5,-317.75,-296.79998779296875,-286.8999938964844,-281.8999938964844
2016,-339.3800048828125,46.15223693847656,18.123231887817383,61.0690803527832,-339.3800048828125,-333.5,31.359458923339844,-399.0400085449219,-388.1000061035156,-382.0,-366.0,-333.5,-319.75,-298.79998779296875,-289.75,-281.94000244140625
2032,-339.8999938964844,45.97008514404297,18.156143188476562,60.786109924316406,-339.8999938964844,-333.5,31.557405471801758,-401.0400085449219,-388.1000061035156,-382.0,-368.0,-333.5,-320.75,-298.79998779296875,-289.75,-281.94000244140625
2048,-341.05999755859375,45.805416107177734,18.20096778869629,60.511512756347656,-341.05999755859375,-339.0,31.690950393676758,-403.0,-390.1499938964844,-383.20001220703125,-368.0,-339.0,-321.0,-300.79998779296875,-289.75,-281.94000244140625
2064,-342.41998291015625,45.66078186035156,18.251380920410156,60.25251007080078,-342.4200134277344,-339.0,31.394004821777344,-403.0400085449219,-393.0,-385.1000061035156,-368.25,-339.0,-322.75,-302.79998779296875,-294.75,-282.9200134277344
2080,-343.1999816894531,45.50098419189453,18.282073974609375,59.990516662597656,-343.20001220703125,-339.0,31.113340377807617,-403.0400085449219,-393.0,-385.1000061035156,-369.25,-339.0,-323.0,-303.8999938964844,-294.75,-282.9200134277344
2096,-344.1199951171875,45.309669494628906,18.306610107421875,59.69796180725098,-344.1199951171875,-341.0,31.69519805908203,-403.0400085449219,-393.3999938964844,-386.20001220703125,-371.0,-341.0,-323.75,-303.8999938964844,-294.75,-282.9200134277344
2112,-344.6999816894531,45.13951873779297,18.29485511779785,59.436784744262695,-344.70001220703125,-341.5,31.646642684936523,-403.0400085449219,-393.3999938964844,-386.20001220703125,-371.0,-341.5,-324.75,-303.8999938964844,-294.75,-283.0
2128,-345.6399841308594,44.96275329589844,18.317575454711914,59.16053581237793,-345.6400146484375,-342.0,31.41767692565918,-403.0799865722656,-396.25,-388.20001220703125,-371.0,-342.0,-325.75,-304.0,-294.75,-283.0
2144,-346.239990234375,44.786537170410156,18.376745223999023,58.866472244262695,-346.239990234375,-342.0,31.21830177307129,-403.0799865722656,-396.25,-390.1000061035156,-371.0,-342.0,-325.75,-304.8999938964844,-294.79998779296875,-284.9599914550781
2160,-347.3800048828125,44.62508773803711,18.43413543701172,58.58789253234863,-347.3800048828125,-342.5,31.970855712890625,-407.239990234375,-401.1000061035156,-393.0,-371.25,-342.5,-325.75,-307.6000061035156,-294.8999938964844,-289.8599853515625
2176,-348.3599853515625,44.454673767089844,18.476198196411133,58.31098937988281,-348.3599853515625,-343.0,31.78537940979004,-411.1600036621094,-403.20001220703125,-393.1000061035156,-371.25,-343.0,-326.0,-311.6000061035156,-302.79998779296875,-290.9800109863281
2192,-349.03997802734375,44.32539749145508,18.54007911682129,58.06277084350586,-349.0400085449219,-344.0,31.951814651489258,-411.1600036621094,-403.20001220703125,-395.1000061035156,-372.25,-344.0,-326.75,-311.6000061035156,-303.0,-290.9800109863281
2208,-349.3999938964844,44.16346740722656,18.572492599487305,57.79926872253418,-349.3999938964844,-344.5,31.7729434967041,-411.1600036621094,-403.20001220703125,-395.1000061035156,-372.25,-344.5,-326.75,-311.6000061035156,-303.0,-290.9800109863281
2224,-350.3999938964844,43.972877502441406,18.57617950439453,57.51180076599121,-350.3999938964844,-344.5,32.26763153076172,-415.0799865722656,-411.0,-396.5,-372.25,-344.5,-327.0,-312.8999938964844,-303.0,-290.9800109863281
2240,-351.17999267578125,43.83175277709961,18.655481338500977,57.25343132019043,-351.17999267578125,-345.0,32.26403045654297,-415.0799865722656,-411.0,-396.6000061035156,-373.25,-345.0,-327.0,-313.0,-303.0,-290.9800109863281
2256,-352.2799987792969,43.657142639160156,18.67367172241211,56.977216720581055,-352.2799987792969,-345.0,32.59879684448242,-419.1600036621094,-411.1000061035156,-396.6000061035156,-374.25,-345.0,-328.5,-313.0,-303.0,-290.9800109863281
2272,-352.79998779296875,43.47679901123047,18.680923461914062,56.693647384643555,-352.79998779296875,-345.0,32.62759780883789,-419.1600036621094,-411.1000061035156,-402.1000061035156,-374.25,-345.0,-329.0,-313.8999938964844,-304.8999938964844,-292.94000244140625
2288,-353.91998291015625,43.32896423339844,18.731060028076172,56.41646194458008,-353.9200134277344,-349.0,32.62688446044922,-419.1600036621094,-411.1000061035156,-402.1000061035156,-376.5,-349.0,-330.0,-313.8999938964844,-304.8999938964844,-293.0
2304,-355.05999755859375,43.171592712402344,18.760087966918945,56.14643478393555,-355.05999755859375,-349.0,32.41167068481445,-427.0,-411.1000061035156,-402.1000061035156,-378.25,-349.0,-333.0,-317.6000061035156,-304.8999938964844,-293.0
2320,-355.55999755859375,43.04317092895508,18.821184158325195,55.88829040527344,-355.55999755859375,-349.0,32.46053695678711,-427.0,-411.1000061035156,-402.1000061035156,-380.0,-349.0,-335.5,-317.6000061035156,-304.8999938964844,-293.0
2336,-356.03997802734375,42.902618408203125,18.86400032043457,55.62579917907715,-356.0400085449219,-349.0,32.43390655517578,-427.0,-411.1000061035156,-402.1000061035156,-380.0,-349.0,-335.5,-317.6000061035156,-308.70001220703125,-293.0
2352,-356.47998046875,42.6887092590332,18.854707717895508,55.3204460144043,-356.4800109863281,-349.0,32.81051254272461,-427.0,-413.29998779296875,-402.1000061035156,-380.25,-349.0,-335.5,-319.79998779296875,-308.70001220703125,-293.0
2368,-357.1999816894531,42.520484924316406,18.887117385864258,55.04439353942871,-357.20001220703125,-350.5,32.9423713684082,-427.0,-413.29998779296875,-402.1000061035156,-383.0,-350.5,-335.5,-319.79998779296875,-308.70001220703125,-293.0
2384,-358.239990234375,42.34717559814453,18.912012100219727,54.76740074157715,-358.239990234375,-351.5,31.913982391357422,-427.0,-413.29998779296875,-402.1000061035156,-383.0,-351.5,-336.75,-320.8999938964844,-312.8999938964844,-302.79998779296875
2400,-358.739990234375,42.18022918701172,18.936559677124023,54.48708534240723,-358.739990234375,-353.0,31.676054000854492,-427.0,-413.29998779296875,-402.1000061035156,-383.0,-353.0,-336.75,-320.8999938964844,-314.79998779296875,-302.9200134277344
2416,-359.6600036621094,42.02171325683594,18.978343963623047,54.21138000488281,-359.6600036621094,-354.0,31.493560791015625,-427.0,-415.20001220703125,-403.29998779296875,-383.25,-354.0,-336.75,-320.8999938964844,-314.8999938964844,-302.9200134277344
2432,-360.7200012207031,41.835975646972656,19.012025833129883,53.89308738708496,-360.7200012207031,-354.0,31.082496643066406,-427.0,-415.20001220703125,-405.1000061035156,-384.0,-354.0,-340.0,-322.70001220703125,-314.8999938964844,-302.9200134277344
2448,-361.3199768066406,41.69219970703125,19.069414138793945,53.6154842376709,-361.32000732421875,-355.5,31.20797348022461,-427.0,-415.20001220703125,-405.1000061035156,-384.0,-355.5,-340.0,-322.79998779296875,-317.75,-302.9200134277344
2464,-361.7200012207031,41.54345703125,19.12352180480957,53.332590103149414,-361.7200012207031,-355.5,31.276853561401367,-427.0,-415.20001220703125,-405.1000061035156,-384.0,-355.5,-340.0,-322.8999938964844,-317.75,-302.9200134277344
2480,-363.03997802734375,41.365745544433594,19.15263557434082,53.05552101135254,-363.0400085449219,-357.5,31.396787643432617,-427.0799865722656,-415.20001220703125,-406.1000061035156,-386.0,-357.5,-341.75,-325.8999938964844,-317.75,-302.9200134277344
2496,-364.1399841308594,41.198089599609375,19.169376373291016,52.76512336730957,-364.1400146484375,-359.5,31.024192810058594,-429.0400085449219,-415.20001220703125,-406.1000061035156,-386.0,-359.5,-344.0,-326.8999938964844,-317.8500061035156,-302.9200134277344
2512,-364.97998046875,41.07061767578125,19.215932846069336,52.50765037536621,-364.9800109863281,-363.0,31.281936645507812,-431.1199951171875,-419.0,-406.1000061035156,-386.0,-363.0,-344.0,-326.8999938964844,-317.8500061035156,-302.9200134277344
2528,-365.8399963378906,40.869834899902344,19.184391021728516,52.216617584228516,-365.8399963378906,-364.5,31.030540466308594,-431.1199951171875,-419.0,-406.1000061035156,-386.0,-364.5,-344.0,-326.8999938964844,-317.8500061035156,-308.8800048828125
2544,-366.0199890136719,40.714168548583984,19.23641586303711,51.93540000915527,-366.0199890136719,-364.5,31.088254928588867,-431.1199951171875,-419.0,-406.1000061035156,-386.75,-364.5,-344.0,-326.8999938964844,-317.8500061035156,-308.8800048828125
2560,-366.7599792480469,40.569252014160156,19.27103042602539,51.660160064697266,-366.760009765625,-364.5,31.231752395629883,-431.1199951171875,-419.5,-408.1000061035156,-386.75,-364.5,-344.75,-326.8999938964844,-317.8500061035156,-308.8800048828125
2576,-367.55999755859375,40.419151306152344,19.29557991027832,51.41038703918457,-367.55999755859375,-364.5,31.09929847717285,-431.1199951171875,-419.5,-408.1000061035156,-389.25,-364.5,-345.0,-326.8999938964844,-318.95001220703125,-308.8800048828125
2592,-368.1999816894531,40.26553726196289,19.26950454711914,51.16610145568848,-368.20001220703125,-365.5,31.21281623840332,-431.1199951171875,-419.5,-409.0,-390.0,-365.5,-345.0,-326.8999938964844,-320.8500061035156,-308.8800048828125
2608,-368.8399963378906,40.107887268066406,19.265039443969727,50.90345001220703,-368.8399963378906,-365.5,30.852787017822266,-431.1199951171875,-419.5,-409.0,-390.0,-365.5,-345.0,-330.79998779296875,-321.0,-308.8800048828125
2624,-369.5799865722656,39.97425842285156,19.300697326660156,50.65483856201172,-369.5799865722656,-365.5,30.799734115600586,-431.1199951171875,-419.5,-409.20001220703125,-390.75,-365.5,-348.75,-331.8999938964844,-321.0,-308.8800048828125
2640,-370.5,39.845340728759766,19.34267234802246,50.40226364135742,-370.5,-366.5,31.13631248474121,-431.1199951171875,-427.1000061035156,-411.3999938964844,-394.5,-366.5,-349.75,-331.8999938964844,-321.0,-310.8399963378906
2656,-371.55999755859375,39.68681716918945,19.366445541381836,50.126930236816406,-371.55999755859375,-370.0,31.043298721313477,-431.1199951171875,-427.1000061035156,-411.3999938964844,-396.5,-370.0,-351.0,-331.8999938964844,-321.0,-310.8399963378906
2672,-372.41998291015625,39.531734466552734,19.360082626342773,49.87464904785156,-372.4200134277344,-371.0,30.75879669189453,-431.1199951171875,-427.1000061035156,-411.3999938964844,-396.5,-371.0,-351.0,-332.0,-321.0,-310.8399963378906
2688,-372.91998291015625,39.385215759277344,19.36939811706543,49.63526153564453,-372.9200134277344,-371.0,30.756359100341797,-431.1199951171875,-427.1000061035156,-411.3999938964844,-398.0,-371.0,-353.0,-332.0,-321.0,-310.8399963378906
2704,-373.3199768066406,39.224117279052734,19.37550926208496,49.37227249145508,-373.32000732421875,-371.0,30.546648025512695,-435.0400085449219,-427.20001220703125,-411.3999938964844,-398.0,-371.0,-353.0,-332.0,-321.0,-318.79998779296875
2720,-374.2599792480469,39.09575271606445,19.420822143554688,49.107627868652344,-374.260009765625,-371.0,30.725435256958008,-437.0,-427.20001220703125,-415.20001220703125,-398.0,-371.0,-353.0,-335.8999938964844,-324.79998779296875,-318.79998779296875
2736,-375.239990234375,38.958892822265625,19.446823120117188,48.84684181213379,-375.239990234375,-371.0,30.331871032714844,-437.0799865722656,-430.04998779296875,-415.20001220703125,-398.0,-371.0,-355.25,-337.8999938964844,-331.8500061035156,-320.760009765625
2752,-375.6000061035156,38.772762298583984,19.470748901367188,48.54513931274414,-375.6000061035156,-372.5,30.079893112182617,-437.0799865722656,-430.04998779296875,-415.20001220703125,-398.0,-372.5,-355.25,-339.0,-331.8500061035156,-320.8800048828125
2768,-375.9599914550781,38.61244583129883,19.463972091674805,48.271148681640625,-375.9599914550781,-372.5,30.233070373535156,-437.0799865722656,-430.04998779296875,-417.0,-399.25,-372.5,-355.25,-339.0,-331.8500061035156,-320.8800048828125
2784,-377.239990234375,38.46696090698242,19.472728729248047,48.03042984008789,-377.239990234375,-375.0,30.038349151611328,-439.0400085449219,-430.04998779296875,-417.0,-399.25,-375.0,-359.5,-339.0,-335.95001220703125,-320.8800048828125
2800,-377.6999816894531,38.330474853515625,19.50368309020996,47.788761138916016,-377.70001220703125,-375.0,30.138179779052734,-441.1600036621094,-430.04998779296875,-417.0,-399.25,-375.0,-359.5,-339.0,-335.95001220703125,-320.8800048828125
2816,-377.9599914550781,38.21379089355469,19.554180145263672,47.53407096862793,-377.9599914550781,-375.5,30.121726989746094,-441.1600036621094,-430.04998779296875,-417.0,-399.25,-375.5,-359.5,-339.0,-335.95001220703125,-320.8800048828125
2832,-378.8599853515625,38.08598327636719,19.592620849609375,47.295955657958984,-378.8599853515625,-376.5,29.846616744995117,-441.1600036621094,-430.1499938964844,-417.0,-399.25,-376.5,-360.75,-340.79998779296875,-335.95001220703125,-320.8800048828125
2848,-379.5799865722656,37.97555923461914,19.599609375,47.07240295410156,-379.5799865722656,-377.0,30.07097625732422,-449.1199951171875,-430.1499938964844,-417.0,-400.25,-377.0,-362.0,-340.79998779296875,-335.95001220703125,-320.8800048828125
2864,-379.94000244140625,37.81349182128906,19.622543334960938,46.80108070373535,-379.94000244140625,-377.0,29.923843383789062,-449.1199951171875,-430.1499938964844,-417.0,-400.5,-377.0,-363.5,-341.0,-335.95001220703125,-320.8800048828125
2880,-380.29998779296875,37.67517852783203,19.61920928955078,46.56457328796387,-380.29998779296875,-377.0,30.12623405456543,-449.1199951171875,-430.1499938964844,-417.20001220703125,-402.0,-377.0,-364.0,-341.0,-335.95001220703125,-320.8800048828125
2896,-380.8999938964844,37.527191162109375,19.611289978027344,46.329132080078125,-380.8999938964844,-377.5,30.05977439880371,-449.1199951171875,-430.1499938964844,-419.20001220703125,-402.25,-377.5,-364.0,-341.0,-335.95001220703125,-320.8800048828125
2912,-381.6199951171875,37.36626434326172,19.584136962890625,46.0739803314209,-381.6199951171875,-377.5,30.044225692749023,-449.1199951171875,-431.1000061035156,-421.0,-402.25,-377.5,-364.0,-343.8999938964844,-336.95001220703125,-320.8800048828125
2928,-382.0,37.22611999511719,19.620710372924805,45.79019737243652,-382.0,-378.5,30.05195426940918,-449.1199951171875,-431.1000061035156,-421.20001220703125,-402.25,-378.5,-364.0,-343.8999938964844,-336.95001220703125,-320.8800048828125
2944,-382.6000061035156,37.079345703125,19.63568878173828,45.5233154296875,-382.6000061035156,-379.0,29.878419876098633,-449.1199951171875,-431.1000061035156,-421.20001220703125,-403.25,-379.0,-364.75,-344.0,-338.8999938964844,-320.8800048828125
2960,-383.7599792480469,36.88884353637695,19.596036911010742,45.23684501647949,-383.760009765625,-379.5,29.219554901123047,-449.1199951171875,-431.29998779296875,-421.20001220703125,-404.5,-379.5,-364.75,-345.8999938964844,-338.8999938964844,-325.0
2976,-384.4599914550781,36.756561279296875,19.60210609436035,45.00662803649902,-384.4599914550781,-381.5,29.1511287689209,-449.1199951171875,-435.1000061035156,-421.20001220703125,-406.0,-381.5,-365.0,-347.79998779296875,-340.8999938964844,-325.0
2992,-384.94000244140625,36.64011764526367,19.641202926635742,44.752445220947266,-384.94000244140625,-383.5,29.303861618041992,-449.1199951171875,-435.1000061035156,-421.20001220703125,-406.0,-383.5,-365.0,-347.79998779296875,-340.8999938964844,-325.0
3008,-386.2599792480469,36.49800109863281,19.656654357910156,44.49930000305176,-386.260009765625,-384.5,29.092477798461914,-449.1199951171875,-435.1000061035156,-423.20001220703125,-406.25,-384.5,-367.0,-348.0,-340.8999938964844,-325.0
3024,-386.6399841308594,36.36410140991211,19.70261573791504,44.23068618774414,-386.6400146484375,-384.5,29.294204711914062,-449.1199951171875,-437.20001220703125,-423.20001220703125,-406.25,-384.5,-367.75,-348.0,-340.8999938964844,-325.0
3040,-387.1199951171875,36.192787170410156,19.689151763916016,43.96429252624512,-387.1199951171875,-385.0,29.23261070251465,-449.1199951171875,-437.20001220703125,-423.20001220703125,-407.25,-385.0,-369.75,-348.0,-340.8999938964844,-326.9599914550781
3056,-387.3800048828125,36.06861877441406,19.71913719177246,43.704437255859375,-387.3800048828125,-385.0,29.271413803100586,-449.1199951171875,-437.20001220703125,-425.0,-407.25,-385.0,-370.75,-348.0,-340.8999938964844,-326.9599914550781
3072,-388.0,35.92279052734375,19.717784881591797,43.45425224304199,-388.0,-385.0,29.133485794067383,-449.1199951171875,-437.20001220703125,-425.3999938964844,-407.25,-385.0,-373.25,-348.0,-340.8999938964844,-328.9200134277344
3088,-388.8800048828125,35.80506134033203,19.726057052612305,43.220130920410156,-388.8800048828125,-385.5,28.85456085205078,-449.1199951171875,-437.20001220703125,-425.3999938964844,-410.25,-385.5,-374.0,-348.8999938964844,-340.8999938964844,-328.94000244140625
3104,-389.2599792480469,35.69804382324219,19.745044708251953,43.00850486755371,-389.260009765625,-386.0,29.054643630981445,-449.1199951171875,-437.20001220703125,-428.1000061035156,-410.25,-386.0,-374.0,-348.8999938964844,-340.8999938964844,-328.94000244140625
3120,-389.7200012207031,35.540008544921875,19.75237464904785,42.73109436035156,-389.7200012207031,-386.5,28.901931762695312,-449.1199951171875,-437.20001220703125,-428.1000061035156,-411.25,-386.5,-374.0,-349.0,-340.8999938964844,-334.82000732421875
3136,-390.3800048828125,35.39484405517578,19.761137008666992,42.456451416015625,-390.3800048828125,-387.0,28.52324867248535,-449.1199951171875,-441.0,-428.20001220703125,-411.25,-387.0,-374.0,-349.0,-346.8999938964844,-334.82000732421875
3152,-391.29998779296875,35.26292037963867,19.784400939941406,42.20064926147461,-391.29998779296875,-389.5,28.196273803710938,-449.1199951171875,-441.0,-428.20001220703125,-411.25,-389.5,-374.0,-356.20001220703125,-346.8999938964844,-334.82000732421875
3168,-391.8800048828125,35.14532470703125,19.79686164855957,41.9651985168457,-391.8800048828125,-390.5,28.308048248291016,-449.1199951171875,-441.0,-430.1000061035156,-412.25,-390.5,-374.0,-356.20001220703125,-346.8999938964844,-334.82000732421875
3184,-392.5199890136719,34.980552673339844,19.799949645996094,41.666799545288086,-392.5199890136719,-391.0,27.977304458618164,-449.1199951171875,-441.0,-430.1000061035156,-413.0,-391.0,-374.75,-358.79998779296875,-347.95001220703125,-342.6600036621094
3200,-393.0799865722656,34.87025451660156,19.84748649597168,41.42154312133789,-393.0799865722656,-391.0,27.80419921875,-449.1199951171875,-441.0,-430.1000061035156,-413.0,-391.0,-375.5,-358.79998779296875,-348.0,-342.6600036621094
3216,-393.2599792480469,34.685096740722656,19.807701110839844,41.140480041503906,-393.260009765625,-391.0,27.94659996032715,-449.1199951171875,-441.0,-430.1000061035156,-413.0,-391.0,-375.5,-358.79998779296875,-348.0,-342.6600036621094
3232,-393.41998291015625,34.54884338378906,19.81012725830078,40.89779090881348,-393.4200134277344,-391.0,28.016845703125,-449.1199951171875,-441.0,-430.1000061035156,-413.0,-391.0,-376.0,-358.79998779296875,-348.0,-342.6600036621094
3248,-393.8399963378906,34.3938102722168,19.789796829223633,40.656063079833984,-393.8399963378906,-391.5,28.050212860107422,-449.1199951171875,-441.0,-430.1000061035156,-413.75,-391.5,-376.0,-358.79998779296875,-348.95001220703125,-342.6600036621094
3264,-393.97998046875,34.30073165893555,19.819252014160156,40.43768119812012,-393.9800109863281,-393.0,28.084863662719727,-449.1199951171875,-441.0,-430.1000061035156,-413.75,-393.0,-376.0,-358.79998779296875,-348.95001220703125,-342.6600036621094
3280,-394.3999938964844,34.18128204345703,19.831499099731445,40.19242477416992,-394.3999938964844,-393.0,28.081310272216797,-449.1199951171875,-441.0,-430.29998779296875,-416.0,-393.0,-376.0,-359.0,-348.95001220703125,-342.6600036621094
3296,-394.7799987792969,34.03114318847656,19.853166580200195,39.92796516418457,-394.7799987792969,-393.0,27.7451171875,-449.1199951171875,-441.0,-430.29998779296875,-416.0,-393.0,-376.75,-359.0,-349.95001220703125,-346.5799865722656
3312,-394.9599914550781,33.936302185058594,19.905704498291016,39.70297813415527,-394.9599914550781,-393.0,27.801408767700195,-449.1199951171875,-441.1000061035156,-430.29998779296875,-416.0,-393.0,-376.75,-359.0,-349.95001220703125,-346.5799865722656
3328,-395.3599853515625,33.812557220458984,19.921070098876953,39.44769287109375,-395.3599853515625,-393.0,27.600547790527344,-449.1199951171875,-441.1000061035156,-430.29998779296875,-416.0,-393.0,-376.75,-360.79998779296875,-349.95001220703125,-347.6400146484375
3344,-396.3199768066406,33.68867492675781,19.92326545715332,39.19614028930664,-396.32000732421875,-394.0,26.875595092773438,-449.1199951171875,-441.1000061035156,-431.20001220703125,-416.0,-394.0,-379.0,-361.0,-349.95001220703125,-347.82000732421875
3360,-396.94000244140625,33.571434020996094,19.940595626831055,38.9570255279541,-396.94000244140625,-396.5,26.779029846191406,-449.1600036621094,-441.1000061035156,-431.20001220703125,-416.0,-396.5,-379.75,-362.79998779296875,-349.95001220703125,-347.82000732421875
3376,-397.1600036621094,33.46906280517578,19.93989372253418,38.75385093688965,-397.1600036621094,-397.5,26.6888427734375,-449.1600036621094,-443.0,-431.20001220703125,-416.0,-397.5,-379.75,-362.79998779296875,-350.0,-348.79998779296875
3392,-397.5799865722656,33.33935546875,19.933839797973633,38.503238677978516,-397.5799865722656,-397.5,26.706247329711914,-451.1199951171875,-443.0,-431.20001220703125,-416.0,-397.5,-380.75,-362.79998779296875,-350.0,-348.79998779296875
3408,-398.47998046875,33.15605163574219,19.883955001831055,38.252370834350586,-398.4800109863281,-399.0,26.58513832092285,-451.1199951171875,-443.0,-431.20001220703125,-416.25,-399.0,-382.0,-362.79998779296875,-350.0,-348.79998779296875
3424,-398.55999755859375,33.011634826660156,19.90164566040039,37.97689247131348,-398.55999755859375,-399.0,26.619661331176758,-451.1199951171875,-443.0,-433.0,-416.25,-399.0,-382.0,-362.79998779296875,-350.0,-348.79998779296875
3440,-399.1000061035156,32.90505599975586,19.92794418334961,37.73648452758789,-399.1000061035156,-399.0,26.565956115722656,-451.1199951171875,-443.1000061035156,-433.1000061035156,-416.25,-399.0,-382.0,-363.0,-360.45001220703125,-348.79998779296875
3456,-399.29998779296875,32.7890625,19.945409774780273,37.498653411865234,-399.29998779296875,-399.0,26.508678436279297,-451.1199951171875,-443.1000061035156,-433.1000061035156,-416.25,-399.0,-383.0,-363.0,-360.45001220703125,-348.79998779296875
3472,-399.6000061035156,32.66273498535156,19.962453842163086,37.25010681152344,-399.6000061035156,-399.0,26.688575744628906,-453.0799865722656,-443.1000061035156,-434.1000061035156,-417.25,-399.0,-383.0,-363.0,-360.45001220703125,-348.79998779296875
3488,-400.0799865722656,32.54156494140625,19.948619842529297,37.01727104187012,-400.0799865722656,-399.0,26.644203186035156,-453.1199951171875,-443.1000061035156,-434.1000061035156,-417.25,-399.0,-383.0,-364.79998779296875,-360.45001220703125,-348.79998779296875
3504,-400.41998291015625,32.40684127807617,19.967559814453125,36.744529724121094,-400.4200134277344,-399.5,26.73394203186035,-453.1199951171875,-445.0,-434.1000061035156,-417.25,-399.5,-383.0,-365.0,-360.75,-348.79998779296875
3520,-401.1000061035156,32.26715087890625,19.983932495117188,36.47136878967285,-401.1000061035156,-399.5,26.110340118408203,-453.1199951171875,-445.0,-434.1000061035156,-417.25,-399.5,-384.0,-366.79998779296875,-360.8500061035156,-348.8999938964844
3536,-401.47998046875,32.09196853637695,19.967041015625,36.17586135864258,-401.4800109863281,-400.0,26.209339141845703,-455.0799865722656,-445.20001220703125,-434.1000061035156,-418.0,-400.0,-384.75,-366.79998779296875,-360.8500061035156,-348.8999938964844
3552,-401.7799987792969,31.952037811279297,19.947330474853516,35.93752861022949,-401.7799987792969,-400.5,26.484554290771484,-455.20001220703125,-445.20001220703125,-434.1000061035156,-420.0,-400.5,-384.75,-366.79998779296875,-360.8500061035156,-348.8999938964844
3568,-402.3399963378906,31.86447525024414,19.943017959594727,35.76071739196777,-402.3399963378906,-400.5,26.741064071655273,-455.20001220703125,-445.20001220703125,-434.1000061035156,-421.0,-400.5,-384.75,-367.0,-360.8500061035156,-348.8999938964844
3584,-402.6000061035156,31.69595718383789,19.90410041809082,35.47973442077637,-402.6000061035156,-400.5,26.612028121948242,-455.20001220703125,-445.20001220703125,-434.1000061035156,-421.0,-400.5,-385.0,-368.79998779296875,-360.8500061035156,-348.8999938964844
3600,-403.1199951171875,31.576662063598633,19.89702606201172,35.2440128326416,-403.1199951171875,-401.0,26.52141761779785,-455.20001220703125,-445.20001220703125,-434.5,-422.5,-401.0,-385.0,-368.79998779296875,-360.8999938964844,-349.8800048828125
3616,-403.91998291015625,31.442575454711914,19.877153396606445,35.009849548339844,-403.9200134277344,-401.5,26.68246078491211,-455.20001220703125,-445.3999938964844,-439.0,-425.0,-401.5,-386.75,-370.79998779296875,-360.8999938964844,-349.8800048828125
3632,-404.17999267578125,31.347036361694336,19.868324279785156,34.81907081604004,-404.17999267578125,-402.0,26.72615623474121,-455.20001220703125,-445.3999938964844,-439.0,-426.0,-402.0,-386.75,-370.79998779296875,-360.8999938964844,-349.8800048828125
3648,-404.3999938964844,31.265235900878906,19.891910552978516,34.627044677734375,-404.3999938964844,-402.0,26.696815490722656,-455.20001220703125,-447.29998779296875,-439.3999938964844,-426.0,-402.0,-386.75,-370.79998779296875,-360.8999938964844,-349.8999938964844
3664,-404.4599914550781,31.12230110168457,19.86907958984375,34.4010124206543,-404.4599914550781,-403.0,26.68086051940918,-455.20001220703125,-447.29998779296875,-439.3999938964844,-426.0,-403.0,-386.75,-370.79998779296875,-360.8999938964844,-349.8999938964844
3680,-404.7799987792969,31.025253295898438,19.87075424194336,34.1885929107666,-404.7799987792969,-403.5,26.593826293945312,-455.239990234375,-447.29998779296875,-439.3999938964844,-426.0,-403.5,-387.0,-370.79998779296875,-362.79998779296875,-349.8999938964844
3696,-405.29998779296875,30.910472869873047,19.879093170166016,33.96475601196289,-405.29998779296875,-405.0,26.549386978149414,-465.0400085449219,-449.20001220703125,-439.3999938964844,-426.0,-405.0,-387.0,-370.79998779296875,-362.8999938964844,-357.8399963378906
3712,-405.6600036621094,30.765172958374023,19.841472625732422,33.73117256164551,-405.6600036621094,-405.5,26.327255249023438,-465.0400085449219,-449.20001220703125,-439.3999938964844,-426.0,-405.5,-387.0,-372.79998779296875,-364.79998779296875,-357.8399963378906
3728,-405.8599853515625,30.648168563842773,19.84392738342285,33.500370025634766,-405.8599853515625,-405.5,26.473012924194336,-465.0400085449219,-451.1000061035156,-439.3999938964844,-426.0,-405.5,-387.0,-372.79998779296875,-364.79998779296875,-357.8399963378906
3744,-406.0799865722656,30.53447723388672,19.86005401611328,33.24995040893555,-406.0799865722656,-406.0,26.41956901550293,-465.0400085449219,-451.1000061035156,-439.3999938964844,-426.0,-406.0,-387.0,-373.0,-364.79998779296875,-357.8399963378906
3760,-406.239990234375,30.43391990661621,19.87969398498535,33.02682685852051,-406.239990234375,-406.0,26.4964599609375,-465.0400085449219,-451.1000061035156,-439.3999938964844,-426.25,-406.0,-387.0,-373.0,-364.79998779296875,-357.8399963378906
3776,-406.6199951171875,30.30559730529785,19.871429443359375,32.77809524536133,-406.6199951171875,-406.0,26.488780975341797,-465.0400085449219,-451.1000061035156,-439.3999938964844,-426.25,-406.0,-387.75,-373.0,-364.79998779296875,-357.8399963378906
3792,-406.7799987792969,30.216751098632812,19.877347946166992,32.58638572692871,-406.7799987792969,-406.5,26.408931732177734,-465.0400085449219,-451.1000061035156,-439.3999938964844,-426.25,-406.5,-387.75,-373.8999938964844,-364.79998779296875,-357.8399963378906
3808,-407.239990234375,30.12639045715332,19.890626907348633,32.366371154785156,-407.239990234375,-406.5,26.2530460357666,-465.0400085449219,-451.1000061035156,-439.3999938964844,-427.0,-406.5,-388.75,-373.8999938964844,-364.79998779296875,-357.8399963378906
3824,-407.67999267578125,30.046627044677734,19.914682388305664,32.15934371948242,-407.67999267578125,-407.0,26.309268951416016,-465.0400085449219,-451.1000061035156,-439.3999938964844,-427.25,-407.0,-389.0,-373.8999938964844,-364.79998779296875,-357.8399963378906
3840,-407.91998291015625,29.949718475341797,19.91188621520996,31.947104454040527,-407.9200134277344,-407.0,26.303489685058594,-465.0400085449219,-451.1000061035156,-439.3999938964844,-427.25,-407.0,-389.0,-374.8999938964844,-366.70001220703125,-357.8399963378906
3856,-408.1399841308594,29.835819244384766,19.898311614990234,31.748310089111328,-408.1400146484375,-407.0,26.322242736816406,-465.0400085449219,-451.1000061035156,-439.3999938964844,-428.0,-407.0,-390.5,-374.8999938964844,-366.70001220703125,-357.8399963378906
3872,-408.5199890136719,29.770915985107422,19.94163703918457,31.54194736480713,-408.5199890136719,-407.0,25.850526809692383,-465.0400085449219,-451.1000061035156,-439.3999938964844,-428.0,-407.0,-391.0,-374.8999938964844,-366.75,-358.9800109863281
3888,-408.79998779296875,29.67279815673828,19.950693130493164,31.33843994140625,-408.79998779296875,-408.5,25.922962188720703,-465.0400085449219,-451.1000061035156,-443.1000061035156,-428.0,-408.5,-391.0,-374.8999938964844,-366.75,-358.9800109863281
3904,-409.2599792480469,29.570302963256836,19.922388076782227,31.13791847229004,-409.260009765625,-409.5,26.16891860961914,-465.0400085449219,-451.1000061035156,-443.1000061035156,-428.5,-409.5,-391.0,-374.8999938964844,-366.75,-358.9800109863281
3920,-409.29998779296875,29.451881408691406,19.923648834228516,30.91013813018799,-409.29998779296875,-409.5,26.161611557006836,-465.0400085449219,-451.1000061035156,-443.1000061035156,-428.5,-409.5,-391.0,-374.8999938964844,-366.75,-358.9800109863281
3936,-409.67999267578125,29.32265853881836,19.916311264038086,30.667365074157715,-409.67999267578125,-409.5,25.988798141479492,-467.0,-451.1000061035156,-443.1000061035156,-428.5,-409.5,-391.0,-374.8999938964844,-366.75,-358.9800109863281
3952,-409.9599914550781,29.234447479248047,19.90517807006836,30.471982955932617,-409.9599914550781,-410.5,26.00458335876465,-467.0,-451.1000061035156,-443.6000061035156,-428.5,-410.5,-391.0,-376.70001220703125,-366.75,-358.9800109863281
3968,-410.17999267578125,29.114173889160156,19.884933471679688,30.232553482055664,-410.17999267578125,-410.5,26.204723358154297,-467.0400085449219,-451.1000061035156,-443.6000061035156,-430.5,-410.5,-391.0,-376.70001220703125,-366.75,-358.9800109863281
3984,-410.3399963378906,29.055246353149414,19.90998077392578,30.034871101379395,-410.3399963378906,-410.5,26.09912872314453,-467.0400085449219,-451.1000061035156,-443.6000061035156,-430.5,-410.5,-391.0,-376.70001220703125,-366.75,-358.9800109863281
4000,-410.5799865722656,28.9525146484375,19.912141799926758,29.84123134613037,-410.5799865722656,-410.5,25.915700912475586,-467.0400085449219,-451.1000061035156,-443.6000061035156,-430.5,-410.5,-391.75,-380.29998779296875,-366.75,-358.9800109863281
4016,-410.8199768066406,28.869258880615234,19.904001235961914,29.662858963012695,-410.82000732421875,-410.5,25.94084930419922,-467.0400085449219,-451.1000061035156,-443.6000061035156,-430.5,-410.5,-391.75,-380.29998779296875,-366.79998779296875,-360.94000244140625
4032,-411.1600036621094,28.814002990722656,19.93457794189453,29.469091415405273,-411.1600036621094,-410.5,25.89390754699707,-467.0400085449219,-451.1000061035156,-443.6000061035156,-430.5,-410.5,-393.5,-380.29998779296875,-366.79998779296875,-360.94000244140625
4048,-411.55999755859375,28.738300323486328,19.92704200744629,29.314229011535645,-411.55999755859375,-413.0,25.748910903930664,-467.0400085449219,-453.0,-443.6000061035156,-430.5,-413.0,-393.5,-381.0,-366.79998779296875,-360.94000244140625
4064,-411.7599792480469,28.66623306274414,19.925533294677734,29.152941703796387,-411.760009765625,-413.0,25.820581436157227,-467.0400085449219,-453.0,-443.6000061035156,-432.0,-413.0,-393.5,-381.0,-366.79998779296875,-360.94000244140625
4080,-411.8999938964844,28.565303802490234,19.9312744140625,28.920316696166992,-411.8999938964844,-413.0,25.806005477905273,-467.0400085449219,-453.0,-443.6000061035156,-432.0,-413.0,-393.5,-381.0,-366.79998779296875,-360.94000244140625
4096,-412.239990234375,28.482192993164062,19.929019927978516,28.731767654418945,-412.239990234375,-413.0,25.767080307006836,-467.0400085449219,-453.0,-445.3999938964844,-432.0,-413.0,-394.75,-381.0,-366.79998779296875,-360.94000244140625
4112,-412.6399841308594,28.394073486328125,19.946306228637695,28.477951049804688,-412.6400146484375,-413.5,25.730730056762695,-467.0400085449219,-453.0,-445.3999938964844,-432.0,-413.5,-394.75,-381.0,-366.79998779296875,-360.94000244140625
4128,-412.91998291015625,28.32528305053711,19.947057723999023,28.316710472106934,-412.9200134277344,-413.5,25.878826141357422,-467.0400085449219,-453.20001220703125,-449.0,-432.0,-413.5,-394.75,-381.0,-366.79998779296875,-361.9200134277344
4144,-412.97998046875,28.232830047607422,19.971920013427734,28.081427574157715,-412.9800109863281,-413.5,25.78137969970703,-467.0400085449219,-453.20001220703125,-449.0,-432.0,-413.5,-394.75,-381.0,-366.8500061035156,-362.94000244140625
4160,-413.0799865722656,28.131614685058594,19.93303108215332,27.892986297607422,-413.0799865722656,-414.5,25.86800193786621,-467.0400085449219,-453.20001220703125,-449.0,-432.0,-414.5,-394.75,-381.0,-366.8500061035156,-362.94000244140625
4176,-413.1399841308594,28.033954620361328,19.93661117553711,27.69267463684082,-413.1400146484375,-414.5,25.83138656616211,-467.0400085449219,-453.20001220703125,-449.0,-432.0,-414.5,-395.0,-381.0,-366.8500061035156,-362.94000244140625
4192,-413.3199768066406,27.98261260986328,19.96645736694336,27.525611877441406,-413.32000732421875,-415.0,25.94489860534668,-469.0,-453.20001220703125,-449.0,-432.0,-415.0,-395.0,-381.0,-366.8500061035156,-362.94000244140625
4208,-413.3999938964844,27.902332305908203,19.949954986572266,27.33633518218994,-413.3999938964844,-415.0,25.91524887084961,-469.0,-453.20001220703125,-449.0,-432.0,-415.0,-395.0,-381.0,-366.8500061035156,-362.94000244140625
4224,-413.6199951171875,27.833158493041992,19.963973999023438,27.157164573669434,-413.6199951171875,-415.0,25.824321746826172,-469.0,-453.20001220703125,-449.0,-432.0,-415.0,-395.75,-381.0,-366.8999938964844,-362.94000244140625
4240,-413.8999938964844,27.707551956176758,19.95948028564453,26.93246841430664,-413.8999938964844,-415.0,25.812206268310547,-469.0,-453.20001220703125,-449.0,-432.0,-415.0,-395.75,-381.0,-366.8999938964844,-362.94000244140625
4256,-414.0999755859375,27.61928367614746,19.958295822143555,26.742355346679688,-414.1000061035156,-415.0,25.58104705810547,-469.0,-453.20001220703125,-449.0,-432.0,-415.0,-395.75,-381.0,-368.8999938964844,-364.9599914550781
4272,-414.55999755859375,27.599393844604492,19.999324798583984,26.585834503173828,-414.55999755859375,-415.5,25.466182708740234,-469.0,-453.20001220703125,-449.0,-433.0,-415.5,-396.0,-381.0,-369.0,-365.94000244140625
4288,-414.94000244140625,27.507509231567383,19.988380432128906,26.389738082885742,-414.94000244140625,-415.5,25.304475784301758,-469.0,-453.20001220703125,-449.0,-433.0,-415.5,-397.0,-381.0,-369.0,-365.94000244140625
4304,-415.0799865722656,27.401412963867188,19.972288131713867,26.170336723327637,-415.0799865722656,-415.5,25.2506160736084,-469.0,-453.20001220703125,-449.0,-433.0,-415.5,-397.0,-381.8999938964844,-369.0,-365.94000244140625
4320,-415.29998779296875,27.30586051940918,19.926002502441406,26.021416664123535,-415.29998779296875,-415.5,25.048553466796875,-469.0,-453.20001220703125,-449.0,-433.0,-415.5,-397.0,-381.8999938964844,-370.8999938964844,-366.9800109863281
4336,-415.7200012207031,27.196989059448242,19.915979385375977,25.8019437789917,-415.7200012207031,-416.0,24.9102725982666,-469.0400085449219,-453.20001220703125,-449.0,-433.0,-416.0,-397.75,-383.8999938964844,-370.8999938964844,-366.9800109863281
4352,-415.7799987792969,27.116085052490234,19.89535903930664,25.635233879089355,-415.7799987792969,-416.0,24.957395553588867,-469.0400085449219,-453.20001220703125,-449.0,-433.0,-416.0,-397.75,-383.8999938964844,-370.8999938964844,-366.9800109863281
4368,-415.8399963378906,27.03295135498047,19.873327255249023,25.43419361114502,-415.8399963378906,-416.5,24.940216064453125,-469.0400085449219,-453.20001220703125,-449.0,-433.0,-416.5,-397.75,-383.8999938964844,-370.8999938964844,-367.9800109863281
4384,-416.0999755859375,27.015487670898438,19.92112922668457,25.272436141967773,-416.1000061035156,-417.0,24.886743545532227,-469.0400085449219,-455.1000061035156,-449.0,-433.0,-417.0,-398.5,-383.8999938964844,-370.8999938964844,-367.9800109863281
4400,-416.3800048828125,26.915143966674805,19.904611587524414,25.07820415496826,-416.3800048828125,-417.0,25.05704689025879,-469.0400085449219,-457.1000061035156,-449.0,-433.0,-417.0,-398.5,-383.8999938964844,-370.8999938964844,-367.9800109863281
4416,-416.53997802734375,26.875261306762695,19.942276000976562,24.917442321777344,-416.5400085449219,-417.5,25.038936614990234,-469.0400085449219,-457.1000061035156,-449.0,-433.0,-417.5,-399.0,-383.8999938964844,-370.8999938964844,-367.9800109863281
4432,-416.7200012207031,26.7867431640625,19.907182693481445,24.731462478637695,-416.7200012207031,-418.0,24.946374893188477,-469.0400085449219,-457.1000061035156,-449.0,-433.0,-418.0,-399.0,-383.8999938964844,-370.95001220703125,-368.9599914550781
4448,-416.8599853515625,26.71503448486328,19.912548065185547,24.56662654876709,-416.8599853515625,-418.0,24.896997451782227,-469.0400085449219,-457.1000061035156,-449.0,-433.0,-418.0,-399.0,-383.8999938964844,-370.95001220703125,-368.9599914550781
4464,-417.0,26.6568660736084,19.903303146362305,24.412179946899414,-417.0,-418.5,25.039968490600586,-469.0400085449219,-457.1000061035156,-449.0,-433.0,-418.5,-399.0,-383.8999938964844,-370.95001220703125,-368.9599914550781
4480,-417.1600036621094,26.59920883178711,19.919536590576172,24.258254051208496,-417.1600036621094,-418.5,24.97707748413086,-469.0400085449219,-457.1000061035156,-449.0,-433.25,-418.5,-399.0,-383.8999938964844,-370.95001220703125,-368.9599914550781
4496,-417.2599792480469,26.56103515625,19.94489288330078,24.099129676818848,-417.260009765625,-418.5,24.9586124420166,-469.0400085449219,-457.1000061035156,-449.0,-433.25,-418.5,-399.75,-383.8999938964844,-370.95001220703125,-368.9599914550781
4512,-417.41998291015625,26.5578670501709,20.01458740234375,23.95615291595459,-417.4200134277344,-418.5,24.83110237121582,-469.0400085449219,-457.1000061035156,-449.0,-433.25,-418.5,-400.0,-384.0,-371.95001220703125,-368.9599914550781
4528,-417.47998046875,26.522869110107422,20.045169830322266,23.795177459716797,-417.4800109863281,-418.5,24.81067657470703,-469.0400085449219,-457.1000061035156,-449.0,-433.25,-418.5,-400.0,-384.0,-371.95001220703125,-368.9599914550781
4544,-417.6600036621094,26.460765838623047,20.02629280090332,23.65149688720703,-417.6600036621094,-418.5,24.760540008544922,-469.0400085449219,-457.1000061035156,-449.0,-433.25,-418.5,-400.0,-384.0,-371.95001220703125,-368.9599914550781
4560,-417.7799987792969,26.41354751586914,20.0369815826416,23.485953330993652,-417.7799987792969,-418.5,24.815954208374023,-469.0400085449219,-457.1000061035156,-449.0,-433.25,-418.5,-400.0,-384.0,-371.95001220703125,-368.9599914550781
4576,-418.03997802734375,26.37240219116211,20.065048217773438,23.320500373840332,-418.0400085449219,-418.5,24.736175537109375,-469.0400085449219,-457.1000061035156,-449.0,-433.25,-418.5,-400.75,-384.0,-371.95001220703125,-368.9599914550781
4592,-418.1399841308594,26.3060302734375,20.051387786865234,23.182841300964355,-418.1400146484375,-418.5,24.772977828979492,-469.0400085449219,-459.0,-449.0,-433.25,-418.5,-400.75,-384.0,-371.95001220703125,-369.0
4608,-418.2200012207031,26.242523193359375,20.03828239440918,23.057717323303223,-418.2200012207031,-419.0,24.794185638427734,-469.0400085449219,-459.0,-449.0,-433.25,-419.0,-400.75,-384.0,-371.95001220703125,-369.0
4624,-418.47998046875,26.181798934936523,20.03192901611328,22.8790283203125,-418.4800109863281,-419.0,24.809062957763672,-469.0400085449219,-459.0,-449.1000061035156,-433.25,-419.0,-400.75,-384.0,-372.95001220703125,-369.0
4640,-418.739990234375,26.133663177490234,20.044925689697266,22.71231746673584,-418.739990234375,-419.0,25.05777931213379,-469.0400085449219,-459.0,-450.20001220703125,-433.25,-419.0,-400.75,-384.0,-372.95001220703125,-369.0
4656,-418.8399963378906,26.068082809448242,20.055946350097656,22.518564224243164,-418.8399963378906,-419.0,25.04903793334961,-469.0400085449219,-459.0,-450.20001220703125,-433.25,-419.0,-400.75,-384.0,-372.95001220703125,-369.0
4672,-418.8999938964844,26.030719757080078,20.076065063476562,22.366000175476074,-418.8999938964844,-419.0,25.059728622436523,-469.0400085449219,-459.0,-450.20001220703125,-433.25,-419.0,-400.75,-384.0,-372.95001220703125,-369.0
4688,-418.94000244140625,25.976058959960938,20.080121994018555,22.191282272338867,-418.94000244140625,-419.0,25.0167236328125,-469.0400085449219,-459.0,-450.20001220703125,-433.25,-419.0,-401.0,-384.0,-372.95001220703125,-369.0
4704,-419.2599792480469,25.8762149810791,20.07568359375,21.969249725341797,-419.260009765625,-420.0,25.0841064453125,-469.0400085449219,-459.0,-450.20001220703125,-434.5,-420.0,-401.0,-384.0,-372.95001220703125,-369.0
4720,-419.3800048828125,25.848922729492188,20.099008560180664,21.83080291748047,-419.3800048828125,-420.0,25.10011100769043,-469.0400085449219,-459.0,-452.0,-434.5,-420.0,-401.0,-384.0,-372.95001220703125,-369.0
4736,-419.4599914550781,25.74893569946289,20.102190017700195,21.620140075683594,-419.4599914550781,-420.0,25.042131423950195,-469.0400085449219,-459.0,-452.0,-434.5,-420.0,-404.0,-384.0,-372.95001220703125,-369.0
4752,-419.5199890136719,25.694490432739258,20.128273010253906,21.454495429992676,-419.5199890136719,-420.0,25.062515258789062,-469.0400085449219,-459.0,-452.0,-434.5,-420.0,-404.0,-384.0,-372.95001220703125,-369.0
4768,-419.5799865722656,25.663257598876953,20.148801803588867,21.317625999450684,-419.5799865722656,-420.0,25.015666961669922,-469.0400085449219,-459.0,-452.0,-434.5,-420.0,-404.0,-384.0,-372.95001220703125,-369.0
4784,-419.6199951171875,25.661041259765625,20.218788146972656,21.165115356445312,-419.6199951171875,-420.0,25.033090591430664,-469.0400085449219,-459.0,-452.0,-434.5,-420.0,-404.0,-384.0,-372.95001220703125,-369.0
4800,-419.6999816894531,25.633529663085938,20.23282241821289,21.026235580444336,-419.70001220703125,-420.0,25.031780242919922,-469.0400085449219,-459.0,-452.0,-434.5,-420.0,-404.0,-385.79998779296875,-372.95001220703125,-369.0
4816,-419.739990234375,25.606311798095703,20.25137710571289,20.91454792022705,-419.739990234375,-420.5,25.033823013305664,-469.0400085449219,-459.0,-452.0,-434.5,-420.5,-404.0,-385.79998779296875,-372.95001220703125,-369.0
4832,-419.8599853515625,25.546283721923828,20.2515811920166,20.77045440673828,-419.8599853515625,-420.5,24.91225242614746,-469.0400085449219,-459.0,-452.0,-434.5,-420.5,-404.0,-385.79998779296875,-372.95001220703125,-369.0
4848,-420.1399841308594,25.49062156677246,20.24344253540039,20.64998149871826,-420.1400146484375,-420.5,24.538549423217773,-469.0400085449219,-459.0,-452.0,-434.5,-420.5,-404.0,-386.8999938964844,-374.8500061035156,-369.0
4864,-420.3800048828125,25.442062377929688,20.23626708984375,20.505016326904297,-420.3800048828125,-420.5,24.48051643371582,-469.0400085449219,-459.0,-452.0,-435.25,-420.5,-405.0,-386.8999938964844,-374.8500061035156,-369.0
4880,-420.5,25.381614685058594,20.23133087158203,20.38298225402832,-420.5,-420.5,24.535484313964844,-469.0400085449219,-459.0,-452.0,-436.25,-420.5,-405.0,-386.8999938964844,-374.8500061035156,-369.0
4896,-420.5999755859375,25.269424438476562,20.17630386352539,20.22157096862793,-420.6000061035156,-421.5,24.554428100585938,-469.0400085449219,-459.0,-452.0,-436.25,-421.5,-405.0,-386.8999938964844,-374.8500061035156,-369.0
4912,-420.6199951171875,25.230554580688477,20.179237365722656,20.081331253051758,-420.6199951171875,-421.5,24.53437614440918,-469.0400085449219,-459.0,-452.0,-436.25,-421.5,-405.0,-386.8999938964844,-374.8500061035156,-369.0
4928,-420.8199768066406,25.20849609375,20.20446014404297,19.967721939086914,-420.82000732421875,-421.5,24.451740264892578,-469.0400085449219,-459.0,-452.0,-436.25,-421.5,-405.0,-389.79998779296875,-374.8500061035156,-369.0
4944,-420.8599853515625,25.132835388183594,20.174856185913086,19.8122615814209,-420.8599853515625,-421.5,24.463451385498047,-469.0400085449219,-459.0,-452.0,-436.25,-421.5,-405.0,-389.79998779296875,-374.8500061035156,-369.0
4960,-420.8599853515625,25.05173110961914,20.145198822021484,19.65093994140625,-420.8599853515625,-421.5,24.463451385498047,-469.0400085449219,-459.0,-452.0,-436.25,-421.5,-405.0,-389.79998779296875,-374.8500061035156,-369.0
4976,-421.05999755859375,24.993499755859375,20.149782180786133,19.49896812438965,-421.05999755859375,-421.5,24.377784729003906,-469.0400085449219,-459.0,-452.0,-436.25,-421.5,-405.0,-389.79998779296875,-374.8500061035156,-369.0
4992,-421.1199951171875,24.922271728515625,20.162458419799805,19.31040859222412,-421.1199951171875,-421.5,24.343902587890625,-469.0400085449219,-459.0,-452.0,-436.25,-421.5,-405.0,-389.79998779296875,-374.8500061035156,-369.0
5008,-421.1399841308594,24.80729103088379,20.14388084411621,19.099430084228516,-421.1400146484375,-421.5,24.375818252563477,-469.0400085449219,-459.1000061035156,-452.0,-436.25,-421.5,-405.0,-389.79998779296875,-374.8500061035156,-369.0
5024,-421.1999816894531,24.786575317382812,20.182126998901367,18.928053855895996,-421.20001220703125,-421.5,24.38934326171875,-469.0400085449219,-459.1000061035156,-452.0,-436.25,-421.5,-405.0,-389.79998779296875,-374.8500061035156,-369.0
5040,-421.44000244140625,24.734394073486328,20.19218635559082,18.76443099975586,-421.44000244140625,-421.5,24.219133377075195,-469.0400085449219,-459.1000061035156,-452.0,-436.25,-421.5,-405.0,-389.79998779296875,-377.8500061035156,-370.9599914550781
5056,-421.5199890136719,24.657196044921875,20.174718856811523,18.594619750976562,-421.5199890136719,-421.5,24.214242935180664,-469.0400085449219,-459.1000061035156,-452.0,-436.25,-421.5,-405.0,-389.79998779296875,-377.8500061035156,-370.9599914550781
5072,-421.53997802734375,24.583343505859375,20.160930633544922,18.423081398010254,-421.5400085449219,-422.0,24.215457916259766,-469.0400085449219,-459.1000061035156,-452.0,-436.25,-422.0,-405.0,-389.79998779296875,-377.8500061035156,-370.9599914550781
5088,-421.55999755859375,24.51945686340332,20.161117553710938,18.26064395904541,-421.55999755859375,-422.0,24.241418838500977,-469.0400085449219,-459.1000061035156,-452.1000061035156,-436.25,-422.0,-405.0,-389.79998779296875,-377.8500061035156,-370.9599914550781
5104,-421.6999816894531,24.40348243713379,20.102611541748047,18.10551929473877,-421.70001220703125,-422.0,24.265819549560547,-469.0400085449219,-459.1000061035156,-452.1000061035156,-436.25,-422.0,-405.0,-391.70001220703125,-377.8500061035156,-370.9599914550781
5120,-421.7599792480469,24.333908081054688,20.09600067138672,17.915820121765137,-421.760009765625,-422.0,24.315065383911133,-469.0400085449219,-459.29998779296875,-452.1000061035156,-436.25,-422.0,-405.0,-391.70001220703125,-377.8500061035156,-370.9599914550781
5136,-421.8599853515625,24.30916976928711,20.11371612548828,17.77162456512451,-421.8599853515625,-422.0,24.321603775024414,-469.0400085449219,-461.20001220703125,-452.1000061035156,-436.25,-422.0,-405.75,-391.70001220703125,-377.8500061035156,-370.9599914550781
5152,-422.0199890136719,24.255828857421875,20.09231185913086,17.64516258239746,-422.0199890136719,-422.0,24.421295166015625,-469.0400085449219,-461.20001220703125,-452.1000061035156,-436.25,-422.0,-405.75,-391.70001220703125,-377.8500061035156,-370.9599914550781
5168,-422.17999267578125,24.198158264160156,20.09370231628418,17.486721992492676,-422.17999267578125,-422.0,24.31393814086914,-469.0400085449219,-461.20001220703125,-452.1000061035156,-436.25,-422.0,-405.75,-393.79998779296875,-377.8500061035156,-370.9599914550781
5184,-422.17999267578125,24.188119888305664,20.133224487304688,17.364208221435547,-422.17999267578125,-422.0,24.31393814086914,-469.0400085449219,-461.20001220703125,-452.1000061035156,-436.25,-422.0,-405.75,-393.79998779296875,-377.8500061035156,-370.9599914550781
5200,-422.2200012207031,24.094396591186523,20.10281753540039,17.188671112060547,-422.2200012207031,-422.0,24.32512092590332,-469.0400085449219,-461.20001220703125,-452.1000061035156,-436.25,-422.0,-405.75,-393.79998779296875,-377.8500061035156,-370.9599914550781
5216,-422.29998779296875,23.98310089111328,20.04918670654297,17.01504611968994,-422.29998779296875,-422.0,24.343172073364258,-469.0400085449219,-461.20001220703125,-452.1000061035156,-436.25,-422.0,-405.75,-393.79998779296875,-377.8500061035156,-370.9599914550781
5232,-422.4599914550781,23.892566680908203,19.99938201904297,16.84610939025879,-422.4599914550781,-422.0,24.366952896118164,-469.0400085449219,-461.20001220703125,-452.1000061035156,-436.25,-422.0,-406.5,-393.79998779296875,-377.8500061035156,-370.9599914550781
5248,-422.53997802734375,23.819425582885742,19.962125778198242,16.717205047607422,-422.5400085449219,-422.0,24.429250717163086,-469.0400085449219,-461.29998779296875,-452.1000061035156,-436.25,-422.0,-406.5,-393.79998779296875,-377.8500061035156,-370.9599914550781
5264,-422.55999755859375,23.79861068725586,19.98847770690918,16.592127799987793,-422.55999755859375,-422.0,24.42143440246582,-469.0400085449219,-461.29998779296875,-452.1000061035156,-436.25,-422.0,-406.5,-393.79998779296875,-377.8500061035156,-370.9599914550781
5280,-422.6600036621094,23.76038360595703,20.016937255859375,16.427583694458008,-422.6600036621094,-423.5,24.495803833007812,-471.0,-461.29998779296875,-452.1000061035156,-436.25,-423.5,-406.5,-393.79998779296875,-377.8500061035156,-370.9599914550781
5296,-422.7200012207031,23.75116539001465,20.0391845703125,16.288636207580566,-422.7200012207031,-423.5,24.458158493041992,-471.0,-461.29998779296875,-452.1000061035156,-436.25,-423.5,-406.5,-393.79998779296875,-377.8500061035156,-370.9599914550781
5312,-422.7799987792969,23.65786361694336,20.013683319091797,16.08672285079956,-422.7799987792969,-423.5,24.395729064941406,-471.0,-461.29998779296875,-452.1000061035156,-436.25,-423.5,-406.5,-393.79998779296875,-377.8500061035156,-370.9599914550781
5328,-422.8999938964844,23.683883666992188,20.08642578125,16.003244876861572,-422.8999938964844,-424.5,24.454652786254883,-471.0400085449219,-461.29998779296875,-452.1000061035156,-436.25,-424.5,-406.5,-393.79998779296875,-377.8500061035156,-370.9599914550781
5344,-422.9599914550781,23.64200210571289,20.105010986328125,15.843113422393799,-422.9599914550781,-424.5,24.436006546020508,-471.0400085449219,-461.29998779296875,-452.1000061035156,-437.0,-424.5,-406.5,-394.0,-377.8500061035156,-370.9599914550781
5360,-423.05999755859375,23.617578506469727,20.110179901123047,15.723669052124023,-423.05999755859375,-424.5,24.461326599121094,-471.0400085449219,-461.3999938964844,-452.1000061035156,-437.0,-424.5,-407.0,-394.0,-377.8500061035156,-370.9599914550781
5376,-423.1199951171875,23.57848358154297,20.121990203857422,15.5867338180542,-423.1199951171875,-424.5,24.479902267456055,-471.0400085449219,-461.3999938964844,-452.1000061035156,-437.0,-424.5,-407.0,-394.0,-377.8500061035156,-370.9599914550781
5392,-423.2599792480469,23.580257415771484,20.14259910583496,15.516146659851074,-423.260009765625,-424.5,24.508211135864258,-471.0400085449219,-461.3999938964844,-452.1000061035156,-437.0,-424.5,-407.0,-394.0,-377.8500061035156,-370.9599914550781
5408,-423.3399963378906,23.54570770263672,20.140460968017578,15.39251184463501,-423.3399963378906,-424.5,24.54474449157715,-471.0400085449219,-463.29998779296875,-452.1000061035156,-437.0,-424.5,-407.0,-394.0,-377.8500061035156,-370.9599914550781
5424,-423.3599853515625,23.51705551147461,20.14845085144043,15.289348125457764,-423.3599853515625,-424.5,24.539567947387695,-471.0400085449219,-463.29998779296875,-452.1000061035156,-437.0,-424.5,-407.0,-394.0,-377.8500061035156,-370.9599914550781
5440,-423.3999938964844,23.53789520263672,20.213375091552734,15.194395542144775,-423.3999938964844,-424.5,24.538131713867188,-471.0400085449219,-463.29998779296875,-452.1000061035156,-437.0,-424.5,-407.0,-394.0,-377.8500061035156,-370.9599914550781
5456,-423.44000244140625,23.450542449951172,20.169458389282227,15.054751873016357,-423.44000244140625,-424.5,24.565147399902344,-471.0400085449219,-463.29998779296875,-452.1000061035156,-437.0,-424.5,-407.0,-394.0,-377.8500061035156,-370.9599914550781
5472,-423.5,23.376489639282227,20.14637565612793,14.906642436981201,-423.5,-425.5,24.5721378326416,-471.0400085449219,-463.29998779296875,-452.1000061035156,-437.0,-425.5,-407.0,-394.0,-377.8500061035156,-370.9599914550781
5488,-423.5199890136719,23.366199493408203,20.17237091064453,14.826510429382324,-423.5199890136719,-425.5,24.57660675048828,-471.0400085449219,-463.29998779296875,-452.1000061035156,-437.0,-425.5,-407.0,-394.0,-377.8500061035156,-370.9599914550781
5504,-423.6399841308594,23.342082977294922,20.188251495361328,14.732505321502686,-423.6400146484375,-425.5,24.61524772644043,-471.0400085449219,-463.29998779296875,-452.1000061035156,-437.5,-425.5,-407.0,-394.0,-377.8500061035156,-370.9599914550781
5520,-423.67999267578125,23.328222274780273,20.197160720825195,14.622691631317139,-423.67999267578125,-425.5,24.68233299255371,-471.0400085449219,-467.1000061035156,-452.1000061035156,-437.5,-425.5,-407.0,-394.0,-377.8500061035156,-370.9599914550781
5536,-423.6999816894531,23.29153823852539,20.18343162536621,14.532349586486816,-423.70001220703125,-425.5,24.706071853637695,-471.0400085449219,-467.1000061035156,-453.1000061035156,-437.5,-425.5,-407.0,-394.0,-377.8500061035156,-370.9599914550781
5552,-423.7799987792969,23.246623992919922,20.154775619506836,14.455062866210938,-423.7799987792969,-425.5,24.63719940185547,-471.0400085449219,-467.1000061035156,-453.1000061035156,-437.5,-425.5,-407.0,-394.0,-377.8500061035156,-371.0
5568,-423.8599853515625,23.307876586914062,20.2353458404541,14.403056621551514,-423.8599853515625,-425.5,24.661314010620117,-471.0400085449219,-467.1000061035156,-453.1000061035156,-437.5,-425.5,-407.0,-394.0,-377.8500061035156,-371.0
5584,-423.8999938964844,23.348419189453125,20.304487228393555,14.33257246017456,-423.8999938964844,-425.5,24.633108139038086,-471.0400085449219,-467.1000061035156,-453.1000061035156,-437.5,-425.5,-407.0,-394.0,-377.8500061035156,-371.0
5600,-423.97998046875,23.252277374267578,20.252771377563477,14.162439346313477,-423.9800109863281,-425.5,24.62843132019043,-471.0400085449219,-467.1000061035156,-453.1000061035156,-439.0,-425.5,-407.0,-394.0,-377.8500061035156,-371.0
5616,-424.0199890136719,23.25176239013672,20.288127899169922,14.05574893951416,-424.0199890136719,-425.5,24.63086700439453,-471.0400085449219,-467.1000061035156,-453.1000061035156,-439.0,-425.5,-407.0,-394.0,-377.8500061035156,-371.0
5632,-424.1399841308594,23.141273498535156,20.245431900024414,13.872422695159912,-424.1400146484375,-426.0,24.62235450744629,-471.0400085449219,-467.1000061035156,-453.1000061035156,-439.0,-426.0,-408.5,-394.0,-377.8500061035156,-371.0
5648,-424.1600036621094,23.10132598876953,20.229290008544922,13.799267292022705,-424.1600036621094,-426.0,24.62873077392578,-471.0400085449219,-467.1000061035156,-453.1000061035156,-439.0,-426.0,-408.5,-394.0,-377.8500061035156,-371.0
5664,-424.2200012207031,23.064571380615234,20.228330612182617,13.682450294494629,-424.2200012207031,-426.0,24.635576248168945,-471.0400085449219,-467.1000061035156,-453.1000061035156,-439.0,-426.0,-408.5,-394.0,-377.8500061035156,-371.0
5680,-424.2599792480469,23.047245025634766,20.241849899291992,13.614510536193848,-424.260009765625,-426.0,24.648983001708984,-471.0400085449219,-467.1000061035156,-453.1000061035156,-439.0,-426.0,-408.5,-394.0,-377.8500061035156,-371.0
5696,-424.3199768066406,22.984357833862305,20.202085494995117,13.51621675491333,-424.32000732421875,-426.0,24.633668899536133,-471.0400085449219,-467.1000061035156,-453.1000061035156,-439.5,-426.0,-409.0,-394.0,-377.8500061035156,-371.0
5712,-424.3199768066406,22.97537612915039,20.220165252685547,13.413244724273682,-424.32000732421875,-426.0,24.633668899536133,-471.0400085449219,-467.1000061035156,-453.1000061035156,-439.5,-426.0,-409.0,-394.0,-377.8500061035156,-371.0
5728,-424.41998291015625,22.984106063842773,20.2463436126709,13.336047172546387,-424.4200134277344,-426.0,24.67435073852539,-471.0400085449219,-467.1000061035156,-453.1000061035156,-441.0,-426.0,-409.0,-394.0,-377.8500061035156,-371.0
5744,-424.41998291015625,22.95711898803711,20.2517032623291,13.24398422241211,-424.4200134277344,-426.0,24.67435073852539,-471.0400085449219,-467.1000061035156,-453.1000061035156,-441.0,-426.0,-409.0,-394.0,-377.8500061035156,-371.0
5760,-424.44000244140625,22.86338996887207,20.19429588317871,13.115206241607666,-424.44000244140625,-426.0,24.661029815673828,-471.0400085449219,-467.1000061035156,-453.1000061035156,-441.0,-426.0,-409.0,-394.0,-377.8500061035156,-371.0
5776,-424.47998046875,22.86447525024414,20.22919464111328,12.996868133544922,-424.4800109863281,-426.0,24.73316764831543,-471.0400085449219,-469.0,-453.1000061035156,-441.0,-426.0,-409.0,-394.0,-377.8500061035156,-371.0
5792,-424.5199890136719,22.83383560180664,20.22886848449707,12.899137496948242,-424.5199890136719,-426.0,24.792129516601562,-473.0,-469.0,-453.1000061035156,-441.0,-426.0,-409.0,-394.0,-377.8500061035156,-371.0
5808,-424.55999755859375,22.79195785522461,20.221298217773438,12.783066749572754,-424.55999755859375,-426.0,24.791255950927734,-473.0,-469.0,-453.1000061035156,-441.0,-426.0,-409.0,-394.0,-377.8500061035156,-371.0
5824,-424.5799865722656,22.75457000732422,20.208045959472656,12.71152925491333,-424.5799865722656,-426.0,24.81256866455078,-473.0,-469.0,-453.1000061035156,-441.0,-426.0,-409.0,-394.0,-377.8500061035156,-371.0
5840,-424.6999816894531,22.77791976928711,20.24769401550293,12.65424108505249,-424.70001220703125,-426.0,24.77397918701172,-473.0,-469.0,-453.1000061035156,-441.0,-426.0,-410.5,-394.0,-377.8500061035156,-371.0
5856,-424.7200012207031,22.757015228271484,20.24437141418457,12.573370456695557,-424.7200012207031,-426.0,24.798419952392578,-473.0,-469.0,-453.1000061035156,-441.0,-426.0,-410.5,-394.0,-377.8500061035156,-371.0
5872,-424.79998779296875,22.716276168823242,20.22848129272461,12.486030578613281,-424.79998779296875,-426.0,24.820152282714844,-473.0,-469.0,-454.20001220703125,-441.0,-426.0,-411.0,-394.0,-377.8500061035156,-371.0
5888,-424.94000244140625,22.73825454711914,20.281103134155273,12.414471626281738,-424.94000244140625,-426.0,24.885265350341797,-473.0,-469.0,-456.0,-441.0,-426.0,-412.75,-394.0,-377.8500061035156,-371.0
5904,-424.9599914550781,22.70123291015625,20.268476486206055,12.302961349487305,-424.9599914550781,-426.0,24.865203857421875,-473.0,-469.0,-456.0,-441.0,-426.0,-412.75,-394.0,-377.8500061035156,-371.0
5920,-424.97998046875,22.697528839111328,20.286481857299805,12.206140041351318,-424.9800109863281,-426.0,24.828203201293945,-473.0,-469.0,-456.0,-441.0,-426.0,-412.75,-394.0,-379.75,-371.0
5936,-425.0,22.696979522705078,20.312801361083984,12.126174449920654,-425.0,-426.0,24.83304214477539,-473.0,-469.0,-456.0,-441.0,-426.0,-412.75,-394.0,-379.75,-371.0
5952,-425.0199890136719,22.67318344116211,20.308414459228516,12.062812328338623,-425.0199890136719,-426.0,24.793540954589844,-473.0,-469.0,-456.0,-441.0,-426.0,-412.75,-394.0,-379.8500061035156,-371.0
5968,-425.05999755859375,22.58541488647461,20.237464904785156,11.944322109222412,-425.05999755859375,-426.0,24.804765701293945,-473.0,-469.0,-456.0,-441.0,-426.0,-412.75,-394.0,-379.8500061035156,-371.0
5984,-425.0799865722656,22.613719940185547,20.276729583740234,11.861565589904785,-425.0799865722656,-426.0,24.820024490356445,-473.0,-469.0,-456.0,-441.0,-426.0,-412.75,-394.0,-379.8500061035156,-371.0
6000,-425.17999267578125,22.5833797454834,20.27054214477539,11.768476009368896,-425.17999267578125,-426.0,24.77191162109375,-473.0,-469.0,-456.0,-441.0,-426.0,-413.0,-394.0,-379.8500061035156,-371.0
6016,-425.2200012207031,22.578311920166016,20.298816680908203,11.682790279388428,-425.2200012207031,-426.0,24.736040115356445,-473.0,-469.0,-456.0,-441.0,-426.0,-413.0,-394.0,-379.8500061035156,-371.0
6032,-425.239990234375,22.584827423095703,20.342533111572266,11.618180274963379,-425.239990234375,-426.0,24.719675064086914,-473.0,-469.0,-456.0,-441.0,-426.0,-413.0,-394.0,-379.8500061035156,-371.0
6048,-425.2599792480469,22.514095306396484,20.284984588623047,11.536932945251465,-425.260009765625,-426.0,24.72270965576172,-473.0,-469.0,-456.0,-441.0,-426.0,-413.0,-394.0,-379.8500061035156,-371.0
6064,-425.44000244140625,22.570556640625,20.34981346130371,11.48785924911499,-425.44000244140625,-426.0,24.83639144897461,-473.0,-469.0,-456.0,-442.0,-426.0,-413.0,-394.0,-379.8500061035156,-371.0
6080,-425.47998046875,22.564682006835938,20.371671676635742,11.381468296051025,-425.4800109863281,-426.5,24.81873321533203,-473.0,-469.0,-456.0,-442.0,-426.5,-413.0,-394.0,-379.8500061035156,-371.0
6096,-425.5999755859375,22.52474594116211,20.379961013793945,11.268625736236572,-425.6000061035156,-426.5,24.737825393676758,-473.0,-469.0,-456.0,-442.0,-426.5,-413.0,-394.0,-381.75,-371.0
6112,-425.5999755859375,22.519287109375,20.40144920349121,11.180932998657227,-425.6000061035156,-426.5,24.737825393676758,-473.0,-469.0,-456.0,-442.0,-426.5,-413.0,-394.0,-381.75,-371.0
6128,-425.6399841308594,22.453571319580078,20.35415267944336,11.102090835571289,-425.6400146484375,-427.5,24.74167251586914,-473.0,-469.0,-456.0,-442.0,-427.5,-413.0,-394.0,-381.75,-371.0
6144,-425.67999267578125,22.442895889282227,20.358083724975586,11.029955387115479,-425.67999267578125,-427.5,24.75596046447754,-473.0,-469.0,-456.0,-442.0,-427.5,-413.0,-394.0,-381.75,-371.0
6160,-425.67999267578125,22.392797470092773,20.34560203552246,10.908723831176758,-425.67999267578125,-427.5,24.75596046447754,-473.0,-469.0,-456.0,-442.0,-427.5,-413.0,-394.0,-381.75,-371.0
6176,-425.67999267578125,22.29544448852539,20.275209426879883,10.817373275756836,-425.67999267578125,-427.5,24.75596046447754,-473.0,-469.0,-456.0,-442.0,-427.5,-413.0,-394.0,-381.75,-371.0
6192,-425.67999267578125,22.300765991210938,20.315837860107422,10.725239753723145,-425.67999267578125,-427.5,24.75596046447754,-473.0,-469.0,-456.0,-442.0,-427.5,-413.0,-394.0,-381.75,-371.0
6208,-425.7200012207031,22.29096221923828,20.33126449584961,10.650962829589844,-425.7200012207031,-427.5,24.757253646850586,-473.0,-469.0,-456.0,-442.0,-427.5,-413.0,-394.0,-381.75,-371.0
6224,-425.739990234375,22.247962951660156,20.300241470336914,10.565606594085693,-425.739990234375,-427.5,24.74777603149414,-473.0,-469.0,-456.0,-442.0,-427.5,-413.0,-394.0,-381.75,-371.0
6240,-425.739990234375,22.24180793762207,20.30193328857422,10.475171566009521,-425.739990234375,-427.5,24.74777603149414,-473.0,-469.0,-456.0,-442.0,-427.5,-413.0,-394.0,-381.75,-371.0
6256,-425.79998779296875,22.212928771972656,20.300277709960938,10.396539211273193,-425.79998779296875,-427.5,24.715986251831055,-473.0,-469.0,-456.0,-442.0,-427.5,-413.0,-394.0,-381.75,-371.0
6272,-425.8199768066406,22.18252944946289,20.290342330932617,10.310389518737793,-425.82000732421875,-427.5,24.699142456054688,-473.0,-469.0,-456.0,-442.0,-427.5,-413.0,-394.0,-381.75,-371.0
6288,-425.8399963378906,22.170454025268555,20.300947189331055,10.211113929748535,-425.8399963378906,-427.5,24.71223258972168,-473.0,-469.0,-456.0,-443.5,-427.5,-413.0,-394.0,-381.75,-371.0
6304,-425.8800048828125,22.10976791381836,20.27071189880371,10.091228485107422,-425.8800048828125,-427.5,24.715696334838867,-473.0,-469.0,-456.0,-443.5,-427.5,-413.0,-394.0,-381.75,-371.0
6320,-425.8800048828125,22.096088409423828,20.28898048400879,10.003228187561035,-425.8800048828125,-427.5,24.715696334838867,-473.0,-469.0,-456.0,-443.5,-427.5,-413.0,-394.0,-381.75,-371.0
6336,-425.91998291015625,22.02287483215332,20.21190643310547,9.911886215209961,-425.9200134277344,-427.5,24.7142391204834,-473.0,-469.0,-456.0,-443.5,-427.5,-413.0,-394.0,-381.75,-371.0
6352,-425.94000244140625,22.021053314208984,20.237918853759766,9.815858840942383,-425.94000244140625,-427.5,24.707012176513672,-473.0,-469.0,-456.0,-443.5,-427.5,-413.0,-394.0,-381.75,-371.0
6368,-426.0,21.972450256347656,20.21004867553711,9.729883193969727,-426.0,-427.5,24.716794967651367,-473.0400085449219,-469.0,-456.0,-443.5,-427.5,-413.0,-394.0,-381.75,-371.0
6384,-426.03997802734375,21.972713470458984,20.22979164123535,9.64495325088501,-426.0400085449219,-427.5,24.74587631225586,-473.0400085449219,-469.0,-456.20001220703125,-443.5,-427.5,-413.0,-394.0,-381.75,-371.0
6400,-426.0799865722656,21.978832244873047,20.25971794128418,9.573697566986084,-426.0799865722656,-427.5,24.778087615966797,-473.0400085449219,-469.0,-456.20001220703125,-443.5,-427.5,-413.0,-394.0,-381.75,-371.0
6416,-426.1199951171875,21.94680404663086,20.23874282836914,9.524004936218262,-426.1199951171875,-427.5,24.793256759643555,-473.0400085449219,-469.0,-456.20001220703125,-443.5,-427.5,-413.0,-394.0,-381.75,-371.0
6432,-426.1199951171875,21.917051315307617,20.23378562927246,9.438293933868408,-426.1199951171875,-427.5,24.793256759643555,-473.0400085449219,-469.0,-456.20001220703125,-443.5,-427.5,-413.0,-394.0,-381.75,-371.0
6448,-426.1399841308594,21.904003143310547,20.240520477294922,9.343281745910645,-426.1400146484375,-427.5,24.799606323242188,-473.0400085449219,-469.0,-456.20001220703125,-443.5,-427.5,-413.0,-394.0,-381.75,-371.0
6464,-426.1600036621094,21.904766082763672,20.252779006958008,9.30738639831543,-426.1600036621094,-427.5,24.786577224731445,-473.0400085449219,-469.0,-456.20001220703125,-443.5,-427.5,-413.0,-394.0,-381.75,-371.0
6480,-426.1999816894531,21.881488800048828,20.244464874267578,9.206117153167725,-426.20001220703125,-427.5,24.808061599731445,-473.0400085449219,-469.0,-456.20001220703125,-443.5,-427.5,-413.0,-394.0,-381.75,-371.0
6496,-426.239990234375,21.832958221435547,20.21731185913086,9.148585796356201,-426.239990234375,-427.5,24.783510208129883,-473.0400085449219,-469.0,-456.20001220703125,-443.5,-427.5,-413.0,-394.0,-381.75,-371.0
6512,-426.29998779296875,21.820125579833984,20.212392807006836,9.086117267608643,-426.29998779296875,-427.5,24.75701904296875,-473.0400085449219,-469.0,-456.20001220703125,-443.5,-427.5,-413.0,-394.0,-381.75,-371.0
6528,-426.29998779296875,21.851896286010742,20.263042449951172,9.009627342224121,-426.29998779296875,-427.5,24.75701904296875,-473.0400085449219,-469.0,-456.20001220703125,-443.5,-427.5,-413.0,-394.0,-381.75,-371.0
6544,-426.3599853515625,21.769737243652344,20.217287063598633,8.917229175567627,-426.3599853515625,-427.5,24.7707576751709,-473.0400085449219,-469.0,-456.20001220703125,-445.0,-427.5,-413.0,-394.0,-381.75,-371.0
6560,-426.4599914550781,21.752397537231445,20.230302810668945,8.85497236251831,-426.4599914550781,-427.5,24.633075714111328,-473.0400085449219,-469.0,-456.20001220703125,-445.25,-427.5,-413.0,-394.0,-382.95001220703125,-371.0
6576,-426.47998046875,21.689964294433594,20.2015438079834,8.763243198394775,-426.4800109863281,-427.5,24.650548934936523,-473.0400085449219,-469.0,-456.20001220703125,-445.25,-427.5,-413.0,-394.0,-382.95001220703125,-371.0
6592,-426.5199890136719,21.72038459777832,20.247724533081055,8.70481538772583,-426.5199890136719,-427.5,24.572538375854492,-473.0400085449219,-469.0,-456.20001220703125,-445.25,-427.5,-413.0,-394.0,-382.95001220703125,-371.0
6608,-426.5199890136719,21.715776443481445,20.247447967529297,8.68500566482544,-426.5199890136719,-427.5,24.572538375854492,-473.0400085449219,-469.0,-456.20001220703125,-445.25,-427.5,-413.0,-394.0,-382.95001220703125,-371.0
6624,-426.53997802734375,21.715850830078125,20.276134490966797,8.599903106689453,-426.5400085449219,-427.5,24.58837890625,-473.0400085449219,-469.0,-456.20001220703125,-446.25,-427.5,-413.0,-394.0,-382.95001220703125,-371.0
6640,-426.5799865722656,21.70879364013672,20.28413200378418,8.526807308197021,-426.5799865722656,-427.5,24.586652755737305,-473.0400085449219,-469.0,-456.20001220703125,-446.25,-427.5,-413.0,-394.0,-382.95001220703125,-371.0
6656,-426.6199951171875,21.70595359802246,20.278724670410156,8.449375629425049,-426.6199951171875,-427.5,24.626317977905273,-473.0400085449219,-469.0,-456.20001220703125,-446.25,-427.5,-413.0,-394.0,-382.95001220703125,-371.0
6672,-426.6600036621094,21.680065155029297,20.285844802856445,8.363141536712646,-426.6600036621094,-427.5,24.604965209960938,-473.0400085449219,-469.0,-456.20001220703125,-446.25,-427.5,-413.0,-395.79998779296875,-382.95001220703125,-371.0
6688,-426.7200012207031,21.638076782226562,20.270837783813477,8.286344528198242,-426.7200012207031,-427.5,24.64714241027832,-473.0400085449219,-469.0,-456.20001220703125,-446.25,-427.5,-413.0,-395.79998779296875,-382.95001220703125,-371.0
6704,-426.739990234375,21.65192413330078,20.290307998657227,8.234567165374756,-426.739990234375,-427.5,24.677364349365234,-473.0400085449219,-469.0,-456.20001220703125,-446.25,-427.5,-413.0,-395.79998779296875,-382.95001220703125,-371.0
6720,-426.7799987792969,21.610980987548828,20.27460479736328,8.156541347503662,-426.7799987792969,-427.5,24.683427810668945,-473.0400085449219,-469.0,-456.20001220703125,-446.25,-427.5,-413.0,-395.79998779296875,-382.95001220703125,-371.0
6736,-426.7799987792969,21.597309112548828,20.291574478149414,8.093005657196045,-426.7799987792969,-427.5,24.683427810668945,-473.0400085449219,-469.0,-456.20001220703125,-446.25,-427.5,-413.0,-395.79998779296875,-382.95001220703125,-371.0
6752,-426.79998779296875,21.59813690185547,20.31601333618164,8.017093181610107,-426.79998779296875,-427.5,24.638994216918945,-473.0400085449219,-469.0,-456.20001220703125,-446.25,-427.5,-413.0,-395.79998779296875,-382.95001220703125,-372.9599914550781
6768,-426.8399963378906,21.609901428222656,20.347929000854492,7.988735198974609,-426.8399963378906,-427.5,24.587282180786133,-473.0400085449219,-469.0,-456.20001220703125,-446.25,-427.5,-413.0,-395.79998779296875,-382.95001220703125,-372.9599914550781
6784,-426.8599853515625,21.591636657714844,20.355199813842773,7.9044294357299805,-426.8599853515625,-427.5,24.571945190429688,-473.0400085449219,-469.0,-456.20001220703125,-446.25,-427.5,-413.0,-395.79998779296875,-382.95001220703125,-372.9599914550781
6800,-426.9599914550781,21.584651947021484,20.35696029663086,7.843962907791138,-426.9599914550781,-427.5,24.568239212036133,-473.0400085449219,-469.0,-456.20001220703125,-446.25,-427.5,-413.0,-395.79998779296875,-382.95001220703125,-372.9599914550781
6816,-426.9599914550781,21.586090087890625,20.376623153686523,7.7753496170043945,-426.9599914550781,-427.5,24.568239212036133,-473.0400085449219,-469.0,-456.20001220703125,-446.25,-427.5,-413.0,-395.79998779296875,-382.95001220703125,-372.9599914550781
6832,-426.97998046875,21.59627914428711,20.389089584350586,7.727538108825684,-426.9800109863281,-427.5,24.55442237854004,-473.0400085449219,-469.0,-456.20001220703125,-446.25,-427.5,-413.0,-395.79998779296875,-382.95001220703125,-372.9599914550781
6848,-427.03997802734375,21.5806827545166,20.393051147460938,7.6696937084198,-427.0400085449219,-427.5,24.576379776000977,-473.0400085449219,-469.0,-456.20001220703125,-446.25,-427.5,-413.0,-395.79998779296875,-382.95001220703125,-372.9599914550781
6864,-427.17999267578125,21.59259033203125,20.413280487060547,7.610762596130371,-427.17999267578125,-427.5,24.66754150390625,-475.0,-469.20001220703125,-456.20001220703125,-446.25,-427.5,-413.0,-395.79998779296875,-382.95001220703125,-374.9200134277344
6880,-427.1999816894531,21.54709243774414,20.39178466796875,7.5416419506073,-427.20001220703125,-427.5,24.6544132232666,-475.0,-469.20001220703125,-456.20001220703125,-446.25,-427.5,-413.0,-395.79998779296875,-382.95001220703125,-374.9200134277344
6896,-427.2599792480469,21.537216186523438,20.38595199584961,7.490722417831421,-427.260009765625,-428.5,24.651416778564453,-475.0,-469.20001220703125,-456.20001220703125,-446.25,-428.5,-413.0,-395.79998779296875,-382.95001220703125,-374.9200134277344
6912,-427.2599792480469,21.52261734008789,20.374692916870117,7.44238543510437,-427.260009765625,-428.5,24.651416778564453,-475.0,-469.20001220703125,-456.20001220703125,-446.25,-428.5,-413.0,-395.79998779296875,-382.95001220703125,-374.9200134277344
6928,-427.2599792480469,21.519479751586914,20.38640785217285,7.386918783187866,-427.260009765625,-428.5,24.651416778564453,-475.0,-469.20001220703125,-456.20001220703125,-446.25,-428.5,-413.0,-395.79998779296875,-382.95001220703125,-374.9200134277344
6944,-427.2599792480469,21.46504783630371,20.34244155883789,7.316616773605347,-427.260009765625,-428.5,24.651416778564453,-475.0,-469.20001220703125,-456.20001220703125,-446.25,-428.5,-413.0,-395.79998779296875,-382.95001220703125,-374.9200134277344
6960,-427.2799987792969,21.499799728393555,20.381275177001953,7.260828018188477,-427.2799987792969,-428.5,24.64714241027832,-475.0,-469.20001220703125,-456.20001220703125,-446.25,-428.5,-413.0,-395.79998779296875,-382.95001220703125,-374.9200134277344
6976,-427.3199768066406,21.467517852783203,20.355327606201172,7.198800563812256,-427.32000732421875,-428.5,24.62717056274414,-475.0,-469.20001220703125,-456.20001220703125,-446.25,-428.5,-413.0,-395.79998779296875,-382.95001220703125,-374.9200134277344
6992,-427.3199768066406,21.44649314880371,20.35306167602539,7.117409706115723,-427.32000732421875,-428.5,24.62717056274414,-475.0,-469.20001220703125,-456.20001220703125,-446.25,-428.5,-413.0,-395.79998779296875,-382.95001220703125,-374.9200134277344
7008,-427.3199768066406,21.449905395507812,20.373966217041016,7.054468631744385,-427.32000732421875,-428.5,24.62717056274414,-475.0,-469.20001220703125,-456.20001220703125,-446.25,-428.5,-413.0,-395.79998779296875,-382.95001220703125,-374.9200134277344
7024,-427.3199768066406,21.406116485595703,20.340124130249023,7.00500226020813,-427.32000732421875,-428.5,24.62717056274414,-475.0,-469.20001220703125,-456.20001220703125,-446.25,-428.5,-413.0,-395.79998779296875,-382.95001220703125,-374.9200134277344
7040,-427.3399963378906,21.356937408447266,20.303560256958008,6.9509100914001465,-427.3399963378906,-428.5,24.643953323364258,-475.0,-469.20001220703125,-456.20001220703125,-446.25,-428.5,-413.0,-395.79998779296875,-382.95001220703125,-374.9200134277344
7056,-427.3399963378906,21.38685417175293,20.331356048583984,6.914832592010498,-427.3399963378906,-428.5,24.643953323364258,-475.0,-469.20001220703125,-456.20001220703125,-446.25,-428.5,-413.0,-395.79998779296875,-382.95001220703125,-374.9200134277344
7072,-427.3800048828125,21.356395721435547,20.319971084594727,6.845882415771484,-427.3800048828125,-428.5,24.684722900390625,-475.0,-469.20001220703125,-456.20001220703125,-446.25,-428.5,-413.0,-395.79998779296875,-382.95001220703125,-374.9200134277344
7088,-427.41998291015625,21.340167999267578,20.321481704711914,6.815305233001709,-427.4200134277344,-428.5,24.69865608215332,-475.0,-469.20001220703125,-456.20001220703125,-446.25,-428.5,-413.0,-395.79998779296875,-382.95001220703125,-374.9200134277344
7104,-427.41998291015625,21.318384170532227,20.3038330078125,6.751676321029663,-427.4200134277344,-428.5,24.69865608215332,-475.0,-469.20001220703125,-456.20001220703125,-446.25,-428.5,-413.0,-395.79998779296875,-382.95001220703125,-374.9200134277344
7120,-427.4599914550781,21.258647918701172,20.267578125,6.676264047622681,-427.4599914550781,-428.5,24.710086822509766,-475.0,-469.20001220703125,-456.20001220703125,-446.25,-428.5,-413.0,-395.79998779296875,-382.95001220703125,-374.9200134277344
7136,-427.4599914550781,21.29290008544922,20.31277084350586,6.6253650188446045,-427.4599914550781,-428.5,24.710086822509766,-475.0,-469.20001220703125,-456.20001220703125,-446.25,-428.5,-413.0,-395.79998779296875,-382.95001220703125,-374.9200134277344
7152,-427.4599914550781,21.28160858154297,20.30327033996582,6.5863049030303955,-427.4599914550781,-428.5,24.710086822509766,-475.0,-469.20001220703125,-456.20001220703125,-446.25,-428.5,-413.0,-395.79998779296875,-382.95001220703125,-374.9200134277344
7168,-427.4599914550781,21.31208038330078,20.334882736206055,6.567841053009033,-427.4599914550781,-428.5,24.710086822509766,-475.0,-469.20001220703125,-456.20001220703125,-446.25,-428.5,-413.0,-395.79998779296875,-382.95001220703125,-374.9200134277344
7184,-427.5199890136719,21.29497528076172,20.327516555786133,6.523889064788818,-427.5199890136719,-429.0,24.72103500366211,-475.0,-469.20001220703125,-456.20001220703125,-446.25,-429.0,-413.0,-395.79998779296875,-382.95001220703125,-374.9200134277344
7200,-427.53997802734375,21.251344680786133,20.303972244262695,6.462322235107422,-427.5400085449219,-429.0,24.74001693725586,-475.0,-469.20001220703125,-456.20001220703125,-446.25,-429.0,-413.0,-395.79998779296875,-382.95001220703125,-374.9200134277344
7216,-427.53997802734375,21.23369026184082,20.28354835510254,6.451162815093994,-427.5400085449219,-429.0,24.74001693725586,-475.0,-469.20001220703125,-456.20001220703125,-446.25,-429.0,-413.0,-395.79998779296875,-382.95001220703125,-374.9200134277344
7232,-427.5999755859375,21.22701072692871,20.295480728149414,6.381011962890625,-427.6000061035156,-429.5,24.738632202148438,-475.0,-469.20001220703125,-456.20001220703125,-446.25,-429.5,-413.0,-395.79998779296875,-382.95001220703125,-374.9200134277344
7248,-427.67999267578125,21.205013275146484,20.287109375,6.299994230270386,-427.67999267578125,-429.5,24.717151641845703,-475.0,-469.20001220703125,-456.20001220703125,-446.25,-429.5,-413.0,-395.79998779296875,-382.95001220703125,-374.9200134277344
7264,-427.7200012207031,21.198688507080078,20.294469833374023,6.240756511688232,-427.7200012207031,-429.5,24.731388092041016,-475.0,-469.20001220703125,-456.20001220703125,-446.25,-429.5,-413.0,-395.79998779296875,-382.95001220703125,-374.9200134277344
7280,-427.7799987792969,21.207679748535156,20.307950973510742,6.20563530921936,-427.7799987792969,-429.5,24.710960388183594,-475.0,-469.20001220703125,-456.20001220703125,-446.25,-429.5,-413.0,-395.79998779296875,-382.95001220703125,-374.9200134277344
7296,-427.8199768066406,21.196380615234375,20.30684471130371,6.137328863143921,-427.82000732421875,-429.5,24.713712692260742,-475.0,-469.20001220703125,-456.20001220703125,-446.25,-429.5,-413.0,-395.79998779296875,-382.95001220703125,-374.9200134277344
7312,-427.8399963378906,21.15157699584961,20.266334533691406,6.118943691253662,-427.8399963378906,-429.5,24.69927978515625,-475.0,-469.20001220703125,-456.20001220703125,-446.25,-429.5,-413.0,-395.79998779296875,-382.95001220703125,-374.9200134277344
7328,-427.8399963378906,21.11727523803711,20.247821807861328,6.086394309997559,-427.8399963378906,-429.5,24.69927978515625,-475.0,-469.20001220703125,-456.20001220703125,-446.25,-429.5,-413.0,-395.79998779296875,-382.95001220703125,-374.9200134277344
7344,-427.8399963378906,21.096660614013672,20.229551315307617,6.0291807651519775,-427.8399963378906,-429.5,24.69927978515625,-475.0,-469.20001220703125,-456.20001220703125,-446.25,-429.5,-413.0,-395.79998779296875,-382.95001220703125,-374.9200134277344
7360,-427.8599853515625,21.135351181030273,20.26767349243164,6.028723955154419,-427.8599853515625,-429.5,24.69049072265625,-475.0,-469.20001220703125,-456.20001220703125,-446.25,-429.5,-413.0,-395.79998779296875,-382.95001220703125,-374.9200134277344
7376,-427.8800048828125,21.13496971130371,20.2626895904541,6.0178258419036865,-427.8800048828125,-429.5,24.677631378173828,-475.0,-469.20001220703125,-456.20001220703125,-446.25,-429.5,-413.0,-395.79998779296875,-382.95001220703125,-374.9200134277344
7392,-427.91998291015625,21.13646125793457,20.273889541625977,5.968544244766235,-427.9200134277344,-429.5,24.6810359954834,-475.0400085449219,-469.20001220703125,-456.20001220703125,-446.25,-429.5,-413.0,-395.79998779296875,-383.8999938964844,-374.9200134277344
7408,-427.91998291015625,21.127117156982422,20.271284103393555,5.944062232971191,-427.9200134277344,-429.5,24.6810359954834,-475.0400085449219,-469.20001220703125,-456.20001220703125,-446.25,-429.5,-413.0,-395.79998779296875,-383.8999938964844,-374.9200134277344
7424,-427.91998291015625,21.12386703491211,20.27960205078125,5.893122434616089,-427.9200134277344,-429.5,24.6810359954834,-475.0400085449219,-469.20001220703125,-456.20001220703125,-446.25,-429.5,-413.0,-395.79998779296875,-383.8999938964844,-374.9200134277344
7440,-427.9599914550781,21.12114715576172,20.302778244018555,5.809176921844482,-427.9599914550781,-429.5,24.6649227142334,-475.0400085449219,-469.20001220703125,-456.20001220703125,-446.25,-429.5,-413.0,-395.79998779296875,-383.8999938964844,-374.9200134277344
7456,-427.97998046875,21.12247085571289,20.31563377380371,5.756055116653442,-427.9800109863281,-429.5,24.687641143798828,-475.0400085449219,-469.20001220703125,-457.1000061035156,-446.25,-429.5,-413.0,-395.79998779296875,-383.8999938964844,-374.9200134277344
7472,-427.97998046875,21.111581802368164,20.307960510253906,5.72112774848938,-427.9800109863281,-429.5,24.687641143798828,-475.0400085449219,-469.20001220703125,-457.1000061035156,-446.25,-429.5,-413.0,-395.79998779296875,-383.8999938964844,-374.9200134277344
7488,-428.0199890136719,21.108341217041016,20.31745147705078,5.693371534347534,-428.0199890136719,-429.5,24.666568756103516,-475.0400085449219,-469.20001220703125,-457.1000061035156,-446.25,-429.5,-414.5,-395.79998779296875,-383.8999938964844,-374.9200134277344
7504,-428.03997802734375,21.05837631225586,20.27413558959961,5.650139570236206,-428.0400085449219,-429.5,24.64139747619629,-475.0400085449219,-469.20001220703125,-457.1000061035156,-446.25,-429.5,-414.5,-395.79998779296875,-383.8999938964844,-374.9200134277344
7520,-428.03997802734375,21.058773040771484,20.28489875793457,5.614611864089966,-428.0400085449219,-429.5,24.64139747619629,-475.0400085449219,-469.20001220703125,-457.1000061035156,-446.25,-429.5,-414.5,-395.79998779296875,-383.8999938964844,-374.9200134277344
7536,-428.05999755859375,21.03743553161621,20.271677017211914,5.577700614929199,-428.05999755859375,-429.5,24.62999153137207,-475.0400085449219,-469.20001220703125,-457.1000061035156,-446.25,-429.5,-415.0,-395.79998779296875,-383.8999938964844,-374.9200134277344
7552,-428.0999755859375,21.019760131835938,20.247034072875977,5.54896879196167,-428.1000061035156,-429.5,24.615238189697266,-475.0400085449219,-469.20001220703125,-457.1000061035156,-446.25,-429.5,-415.0,-395.79998779296875,-383.8999938964844,-374.9200134277344
7568,-428.0999755859375,21.030284881591797,20.267105102539062,5.517483711242676,-428.1000061035156,-429.5,24.615238189697266,-475.0400085449219,-469.20001220703125,-457.1000061035156,-446.25,-429.5,-415.0,-395.79998779296875,-383.8999938964844,-374.9200134277344
7584,-428.1399841308594,21.0523738861084,20.305456161499023,5.4802327156066895,-428.1400146484375,-429.5,24.617481231689453,-475.0400085449219,-469.20001220703125,-457.1000061035156,-446.25,-429.5,-415.0,-395.79998779296875,-383.8999938964844,-374.9200134277344
7600,-428.1399841308594,21.02081298828125,20.284135818481445,5.409055471420288,-428.1400146484375,-429.5,24.617481231689453,-475.0400085449219,-469.20001220703125,-457.1000061035156,-446.25,-429.5,-415.0,-395.79998779296875,-383.8999938964844,-374.9200134277344
7616,-428.1600036621094,20.995189666748047,20.271215438842773,5.36531400680542,-428.1600036621094,-429.5,24.622234344482422,-475.0400085449219,-469.20001220703125,-457.1000061035156,-446.25,-429.5,-415.0,-395.79998779296875,-383.8999938964844,-374.9200134277344
7632,-428.1600036621094,21.007226943969727,20.282922744750977,5.357914924621582,-428.1600036621094,-429.5,24.622234344482422,-475.0400085449219,-469.20001220703125,-457.1000061035156,-446.25,-429.5,-415.0,-395.79998779296875,-383.8999938964844,-374.9200134277344
7648,-428.1600036621094,21.00164222717285,20.28231430053711,5.33768105506897,-428.1600036621094,-429.5,24.622234344482422,-475.0400085449219,-469.20001220703125,-457.1000061035156,-446.25,-429.5,-415.0,-395.79998779296875,-383.8999938964844,-374.9200134277344
7664,-428.1600036621094,20.98147201538086,20.27476692199707,5.292544364929199,-428.1600036621094,-429.5,24.622234344482422,-475.0400085449219,-469.20001220703125,-457.1000061035156,-446.25,-429.5,-415.0,-395.79998779296875,-383.8999938964844,-374.9200134277344
7680,-428.1600036621094,20.962055206298828,20.264728546142578,5.2529661655426025,-428.1600036621094,-429.5,24.622234344482422,-475.0400085449219,-469.20001220703125,-457.1000061035156,-446.25,-429.5,-415.0,-395.79998779296875,-383.8999938964844,-374.9200134277344
7696,-428.1999816894531,20.957477569580078,20.269393920898438,5.213641881942749,-428.20001220703125,-429.5,24.60894012451172,-475.0400085449219,-469.20001220703125,-457.1000061035156,-446.25,-429.5,-415.0,-395.79998779296875,-383.8999938964844,-374.9200134277344
7712,-428.1999816894531,20.95745849609375,20.280513763427734,5.176597833633423,-428.20001220703125,-429.5,24.60894012451172,-475.0400085449219,-469.20001220703125,-457.1000061035156,-446.25,-429.5,-415.0,-395.79998779296875,-383.8999938964844,-374.9200134277344
7728,-428.1999816894531,20.944955825805664,20.279054641723633,5.154992341995239,-428.20001220703125,-429.5,24.60894012451172,-475.0400085449219,-469.20001220703125,-457.1000061035156,-446.25,-429.5,-415.0,-395.79998779296875,-383.8999938964844,-374.9200134277344
7744,-428.2200012207031,20.94615936279297,20.277854919433594,5.119508504867554,-428.2200012207031,-429.5,24.638822555541992,-475.0400085449219,-469.20001220703125,-457.1000061035156,-446.25,-429.5,-415.0,-395.79998779296875,-383.8999938964844,-374.9200134277344
7760,-428.239990234375,20.92321014404297,20.256271362304688,5.0535500049591064,-428.239990234375,-429.5,24.62645721435547,-475.0400085449219,-469.20001220703125,-457.1000061035156,-446.25,-429.5,-415.0,-395.79998779296875,-383.8999938964844,-374.9200134277344
7776,-428.239990234375,20.8859806060791,20.22606086730957,4.969677925109863,-428.239990234375,-429.5,24.62645721435547,-475.0400085449219,-469.20001220703125,-457.1000061035156,-446.25,-429.5,-415.0,-395.79998779296875,-383.8999938964844,-374.9200134277344
7792,-428.2799987792969,20.84447479248047,20.193485260009766,4.895458459854126,-428.2799987792969,-429.5,24.626848220825195,-475.0400085449219,-469.20001220703125,-457.1000061035156,-446.25,-429.5,-415.0,-395.79998779296875,-383.8999938964844,-374.9200134277344
7808,-428.2799987792969,20.836711883544922,20.19782829284668,4.859557628631592,-428.2799987792969,-429.5,24.626848220825195,-475.0400085449219,-469.20001220703125,-457.1000061035156,-446.25,-429.5,-415.0,-395.79998779296875,-383.8999938964844,-374.9200134277344
7824,-428.29998779296875,20.855941772460938,20.218360900878906,4.828706979751587,-428.29998779296875,-429.5,24.616863250732422,-475.0400085449219,-469.20001220703125,-457.1000061035156,-446.25,-429.5,-415.0,-395.79998779296875,-383.8999938964844,-374.9200134277344
7840,-428.3199768066406,20.80956268310547,20.17486000061035,4.817383289337158,-428.32000732421875,-429.5,24.636104583740234,-475.0400085449219,-469.20001220703125,-457.1000061035156,-446.25,-429.5,-415.0,-395.79998779296875,-383.8999938964844,-374.9200134277344
7856,-428.3199768066406,20.801250457763672,20.174720764160156,4.781137704849243,-428.32000732421875,-429.5,24.636104583740234,-475.0400085449219,-469.20001220703125,-457.1000061035156,-446.25,-429.5,-415.0,-395.79998779296875,-383.8999938964844,-374.9200134277344
7872,-428.3199768066406,20.80096435546875,20.178550720214844,4.71820068359375,-428.32000732421875,-429.5,24.636104583740234,-475.0400085449219,-469.20001220703125,-457.1000061035156,-446.25,-429.5,-415.0,-395.79998779296875,-383.8999938964844,-374.9200134277344
7888,-428.3199768066406,20.82025909423828,20.22283935546875,4.678312301635742,-428.32000732421875,-429.5,24.636104583740234,-475.0400085449219,-469.20001220703125,-457.1000061035156,-446.25,-429.5,-415.0,-395.79998779296875,-383.8999938964844,-374.9200134277344
7904,-428.3199768066406,20.795230865478516,20.207626342773438,4.625399351119995,-428.32000732421875,-429.5,24.636104583740234,-475.0400085449219,-469.20001220703125,-457.1000061035156,-446.25,-429.5,-415.0,-395.79998779296875,-383.8999938964844,-374.9200134277344
7920,-428.3199768066406,20.775432586669922,20.18962860107422,4.598037242889404,-428.32000732421875,-429.5,24.636104583740234,-475.0400085449219,-469.20001220703125,-457.1000061035156,-446.25,-429.5,-415.0,-395.79998779296875,-383.8999938964844,-374.9200134277344
7936,-428.3199768066406,20.792987823486328,20.218618392944336,4.5712244510650635,-428.32000732421875,-429.5,24.636104583740234,-475.0400085449219,-469.20001220703125,-457.1000061035156,-446.25,-429.5,-415.0,-395.79998779296875,-383.8999938964844,-374.9200134277344
7952,-428.3199768066406,20.765005111694336,20.195905685424805,4.5620598793029785,-428.32000732421875,-429.5,24.636104583740234,-475.0400085449219,-469.20001220703125,-457.1000061035156,-446.25,-429.5,-415.0,-395.79998779296875,-383.8999938964844,-374.9200134277344
7968,-428.3399963378906,20.753942489624023,20.196447372436523,4.495119333267212,-428.3399963378906,-429.5,24.624467849731445,-475.0400085449219,-469.20001220703125,-457.1000061035156,-446.25,-429.5,-415.0,-395.79998779296875,-383.8999938964844,-374.9200134277344
7984,-428.3599853515625,20.727489471435547,20.179203033447266,4.448333501815796,-428.3599853515625,-429.5,24.640422821044922,-475.0400085449219,-469.20001220703125,-457.1000061035156,-446.25,-429.5,-415.0,-395.79998779296875,-383.8999938964844,-374.9200134277344
8000,-428.3599853515625,20.704919815063477,20.150129318237305,4.446949481964111,-428.3599853515625,-429.5,24.640422821044922,-475.0400085449219,-469.20001220703125,-457.1000061035156,-446.25,-429.5,-415.0,-395.79998779296875,-383.8999938964844,-374.9200134277344
8016,-428.3800048828125,20.697463989257812,20.14156723022461,4.4187164306640625,-428.3800048828125,-429.5,24.62713050842285,-475.0400085449219,-469.20001220703125,-457.1000061035156,-446.25,-429.5,-415.0,-395.79998779296875,-383.8999938964844,-374.9200134277344
8032,-428.47998046875,20.752967834472656,20.207992553710938,4.376800537109375,-428.4800109863281,-429.5,24.599382400512695,-475.0400085449219,-469.20001220703125,-457.1000061035156,-446.25,-429.5,-416.5,-395.79998779296875,-383.8999938964844,-374.9200134277344
8048,-428.47998046875,20.79589080810547,20.25298309326172,4.32606840133667,-428.4800109863281,-429.5,24.599382400512695,-475.0400085449219,-469.20001220703125,-457.1000061035156,-446.25,-429.5,-416.5,-395.79998779296875,-383.8999938964844,-374.9200134277344
8064,-428.53997802734375,20.761184692382812,20.228412628173828,4.266567230224609,-428.5400085449219,-429.5,24.551748275756836,-475.0400085449219,-469.20001220703125,-457.1000061035156,-446.25,-429.5,-416.5,-395.79998779296875,-383.8999938964844,-374.9200134277344
8080,-428.53997802734375,20.783157348632812,20.25033950805664,4.255591154098511,-428.5400085449219,-429.5,24.551748275756836,-475.0400085449219,-469.20001220703125,-457.1000061035156,-446.25,-429.5,-416.5,-395.79998779296875,-383.8999938964844,-374.9200134277344
8096,-428.55999755859375,20.793643951416016,20.26141357421875,4.2044737339019775,-428.55999755859375,-429.5,24.572471618652344,-475.0400085449219,-469.20001220703125,-457.1000061035156,-446.25,-429.5,-416.5,-395.79998779296875,-383.8999938964844,-374.9200134277344
8112,-428.55999755859375,20.736454010009766,20.20393943786621,4.179048538208008,-428.55999755859375,-429.5,24.572471618652344,-475.0400085449219,-469.20001220703125,-457.1000061035156,-446.25,-429.5,-416.5,-395.79998779296875,-383.8999938964844,-374.9200134277344
8128,-428.55999755859375,20.728614807128906,20.20534324645996,4.144783973693848,-428.55999755859375,-429.5,24.572471618652344,-475.0400085449219,-469.20001220703125,-457.1000061035156,-446.25,-429.5,-416.5,-395.79998779296875,-383.8999938964844,-374.9200134277344
8144,-428.55999755859375,20.69633674621582,20.174219131469727,4.127728223800659,-428.55999755859375,-429.5,24.572471618652344,-475.0400085449219,-469.20001220703125,-457.1000061035156,-446.25,-429.5,-416.5,-395.79998779296875,-383.8999938964844,-374.9200134277344
8160,-428.5799865722656,20.68010711669922,20.161094665527344,4.077570199966431,-428.5799865722656,-429.5,24.535354614257812,-475.0400085449219,-469.20001220703125,-457.1000061035156,-446.25,-429.5,-416.5,-395.79998779296875,-384.0,-374.9200134277344
8176,-428.6199951171875,20.646465301513672,20.154117584228516,3.9921447038650513,-428.6199951171875,-429.5,24.57754135131836,-475.0400085449219,-469.20001220703125,-457.1000061035156,-446.25,-429.5,-416.5,-395.79998779296875,-384.0,-374.9200134277344
8192,-428.6199951171875,20.610788345336914,20.133474349975586,3.965692400932312,-428.6199951171875,-429.5,24.57754135131836,-475.0400085449219,-469.20001220703125,-457.1000061035156,-446.25,-429.5,-416.5,-395.79998779296875,-384.0,-374.9200134277344
8208,-428.6199951171875,20.574831008911133,20.102588653564453,3.9273232221603394,-428.6199951171875,-429.5,24.57754135131836,-475.0400085449219,-469.20001220703125,-457.1000061035156,-446.25,-429.5,-416.5,-395.79998779296875,-384.0,-374.9200134277344
8224,-428.6199951171875,20.57143211364746,20.104915618896484,3.9167028665542603,-428.6199951171875,-429.5,24.57754135131836,-475.0400085449219,-469.20001220703125,-457.1000061035156,-446.25,-429.5,-416.5,-395.79998779296875,-384.0,-374.9200134277344
8240,-428.6199951171875,20.585451126098633,20.1160888671875,3.903542399406433,-428.6199951171875,-429.5,24.57754135131836,-475.0400085449219,-469.20001220703125,-457.1000061035156,-446.25,-429.5,-416.5,-395.79998779296875,-384.0,-374.9200134277344
8256,-428.6199951171875,20.605789184570312,20.149782180786133,3.868030309677124,-428.6199951171875,-429.5,24.57754135131836,-475.0400085449219,-469.20001220703125,-457.1000061035156,-446.25,-429.5,-416.5,-395.79998779296875,-384.0,-374.9200134277344
8272,-428.6399841308594,20.648250579833984,20.18751335144043,3.8383352756500244,-428.6400146484375,-429.5,24.534677505493164,-475.0400085449219,-469.20001220703125,-457.1000061035156,-446.25,-429.5,-416.5,-395.79998779296875,-384.0,-376.8800048828125
8288,-428.6399841308594,20.674436569213867,20.206315994262695,3.819108486175537,-428.6400146484375,-429.5,24.534677505493164,-475.0400085449219,-469.20001220703125,-457.1000061035156,-446.25,-429.5,-416.5,-395.79998779296875,-384.0,-376.8800048828125
8304,-428.6399841308594,20.684955596923828,20.21551513671875,3.8049710988998413,-428.6400146484375,-429.5,24.534677505493164,-475.0400085449219,-469.20001220703125,-457.1000061035156,-446.25,-429.5,-416.5,-395.79998779296875,-384.0,-376.8800048828125
8320,-428.6399841308594,20.601388931274414,20.148427963256836,3.771685838699341,-428.6400146484375,-429.5,24.534677505493164,-475.0400085449219,-469.20001220703125,-457.1000061035156,-446.25,-429.5,-416.5,-395.79998779296875,-384.0,-376.8800048828125
8336,-428.6600036621094,20.602760314941406,20.14392852783203,3.7451092004776,-428.6600036621094,-429.5,24.545557022094727,-475.0400085449219,-469.20001220703125,-457.1000061035156,-446.25,-429.5,-416.5,-395.79998779296875,-384.0,-376.8800048828125
8352,-428.6600036621094,20.594648361206055,20.14117431640625,3.733277440071106,-428.6600036621094,-429.5,24.545557022094727,-475.0400085449219,-469.20001220703125,-457.1000061035156,-446.25,-429.5,-416.5,-395.79998779296875,-384.0,-376.8800048828125
8368,-428.6600036621094,20.584300994873047,20.14280891418457,3.718992829322815,-428.6600036621094,-429.5,24.545557022094727,-475.0400085449219,-469.20001220703125,-457.1000061035156,-446.25,-429.5,-416.5,-395.79998779296875,-384.0,-376.8800048828125
8384,-428.67999267578125,20.623245239257812,20.185344696044922,3.7085009813308716,-428.67999267578125,-429.5,24.556415557861328,-475.0400085449219,-469.20001220703125,-457.1000061035156,-446.25,-429.5,-416.5,-395.79998779296875,-384.0,-376.8800048828125
8400,-428.67999267578125,20.6170597076416,20.17418098449707,3.690625309944153,-428.67999267578125,-429.5,24.556415557861328,-475.0400085449219,-469.20001220703125,-457.1000061035156,-446.25,-429.5,-416.5,-395.79998779296875,-384.0,-376.8800048828125
8416,-428.67999267578125,20.619400024414062,20.17733383178711,3.6628259420394897,-428.67999267578125,-429.5,24.556415557861328,-475.0400085449219,-469.20001220703125,-457.1000061035156,-446.25,-429.5,-416.5,-395.79998779296875,-384.0,-376.8800048828125
8432,-428.6999816894531,20.585981369018555,20.14908218383789,3.663810968399048,-428.70001220703125,-429.5,24.510202407836914,-475.0400085449219,-469.20001220703125,-457.1000061035156,-446.25,-429.5,-416.5,-395.79998779296875,-384.0,-376.9200134277344
8448,-428.6999816894531,20.55776023864746,20.121925354003906,3.631259322166443,-428.70001220703125,-429.5,24.510202407836914,-475.0400085449219,-469.20001220703125,-457.1000061035156,-446.25,-429.5,-416.5,-395.79998779296875,-384.0,-376.9200134277344
8464,-428.6999816894531,20.52714729309082,20.09850311279297,3.5890843868255615,-428.70001220703125,-429.5,24.510202407836914,-475.0400085449219,-469.20001220703125,-457.1000061035156,-446.25,-429.5,-416.5,-395.79998779296875,-384.0,-376.9200134277344
8480,-428.7200012207031,20.464712142944336,20.03280258178711,3.555959463119507,-428.7200012207031,-429.5,24.499011993408203,-475.0400085449219,-469.20001220703125,-457.1000061035156,-446.25,-429.5,-416.75,-395.79998779296875,-384.0,-376.9200134277344
8496,-428.739990234375,20.442468643188477,20.016067504882812,3.5136345624923706,-428.739990234375,-429.5,24.511476516723633,-475.0400085449219,-469.20001220703125,-457.1000061035156,-446.25,-429.5,-416.75,-395.79998779296875,-384.0,-376.9200134277344
8512,-428.7599792480469,20.447002410888672,20.00846290588379,3.5041431188583374,-428.760009765625,-429.5,24.532068252563477,-475.0400085449219,-469.20001220703125,-457.1000061035156,-446.25,-429.5,-416.75,-395.79998779296875,-384.0,-376.9200134277344
8528,-428.7799987792969,20.393768310546875,19.96378517150879,3.458518385887146,-428.7799987792969,-429.5,24.55588722229004,-475.0400085449219,-469.20001220703125,-458.1000061035156,-446.25,-429.5,-416.75,-395.79998779296875,-384.0,-376.9200134277344
8544,-428.7799987792969,20.38323211669922,19.955228805541992,3.4204840660095215,-428.7799987792969,-429.5,24.55588722229004,-475.0400085449219,-469.20001220703125,-458.1000061035156,-446.25,-429.5,-416.75,-395.79998779296875,-384.0,-376.9200134277344
8560,-428.79998779296875,20.387609481811523,19.96435546875,3.37452495098114,-428.79998779296875,-429.5,24.568273544311523,-475.0400085449219,-469.20001220703125,-458.1000061035156,-446.25,-429.5,-416.75,-395.79998779296875,-384.0,-376.9200134277344
8576,-428.79998779296875,20.30270004272461,19.89934539794922,3.2970385551452637,-428.79998779296875,-429.5,24.568273544311523,-475.0400085449219,-469.20001220703125,-458.1000061035156,-446.25,-429.5,-416.75,-395.79998779296875,-384.0,-376.9200134277344
8592,-428.79998779296875,20.302156448364258,19.899160385131836,3.27686607837677,-428.79998779296875,-429.5,24.568273544311523,-475.0400085449219,-469.20001220703125,-458.1000061035156,-446.25,-429.5,-416.75,-395.79998779296875,-384.0,-376.9200134277344
8608,-428.79998779296875,20.283946990966797,19.878374099731445,3.2762032747268677,-428.79998779296875,-429.5,24.568273544311523,-475.0400085449219,-469.20001220703125,-458.1000061035156,-446.25,-429.5,-416.75,-395.79998779296875,-384.0,-376.9200134277344
8624,-428.8199768066406,20.275310516357422,19.86183738708496,3.2742018699645996,-428.82000732421875,-429.5,24.58063507080078,-475.0400085449219,-469.20001220703125,-458.1000061035156,-446.25,-429.5,-416.75,-395.79998779296875,-384.0,-376.9200134277344
8640,-428.8399963378906,20.28561019897461,19.89531898498535,3.238823175430298,-428.8399963378906,-429.5,24.586467742919922,-475.0400085449219,-469.20001220703125,-458.1000061035156,-446.25,-429.5,-416.75,-395.79998779296875,-384.0,-376.9200134277344
8656,-428.8800048828125,20.29831314086914,19.910205841064453,3.2112234830856323,-428.8800048828125,-429.5,24.57530403137207,-475.0400085449219,-469.20001220703125,-458.1000061035156,-446.25,-429.5,-416.75,-395.79998779296875,-384.0,-376.9200134277344
8672,-428.8800048828125,20.264904022216797,19.878076553344727,3.184955358505249,-428.8800048828125,-429.5,24.57530403137207,-475.0400085449219,-469.20001220703125,-458.1000061035156,-446.25,-429.5,-416.75,-395.79998779296875,-384.0,-376.9200134277344
8688,-428.8800048828125,20.243871688842773,19.86331558227539,3.1749316453933716,-428.8800048828125,-429.5,24.57530403137207,-475.0400085449219,-469.20001220703125,-458.1000061035156,-446.25,-429.5,-416.75,-395.79998779296875,-384.0,-376.9200134277344
8704,-428.8800048828125,20.228940963745117,19.86383056640625,3.1478867530822754,-428.8800048828125,-429.5,24.57530403137207,-475.0400085449219,-469.20001220703125,-458.1000061035156,-446.25,-429.5,-416.75,-395.79998779296875,-384.0,-376.9200134277344
8720,-428.94000244140625,20.2199764251709,19.860599517822266,3.15373158454895,-428.94000244140625,-429.5,24.636486053466797,-475.0400085449219,-469.20001220703125,-458.1000061035156,-446.25,-429.5,-416.75,-395.79998779296875,-384.0,-376.9200134277344
8736,-428.94000244140625,20.25150489807129,19.90406608581543,3.1098300218582153,-428.94000244140625,-429.5,24.636486053466797,-475.0400085449219,-469.20001220703125,-458.1000061035156,-446.25,-429.5,-416.75,-395.79998779296875,-384.0,-376.9200134277344
8752,-428.94000244140625,20.24599838256836,19.90552520751953,3.0455331802368164,-428.94000244140625,-429.5,24.636486053466797,-475.0400085449219,-469.20001220703125,-458.1000061035156,-446.25,-429.5,-416.75,-395.79998779296875,-384.0,-376.9200134277344
8768,-428.94000244140625,20.204364776611328,19.865161895751953,3.017398476600647,-428.94000244140625,-429.5,24.636486053466797,-475.0400085449219,-469.20001220703125,-458.1000061035156,-446.25,-429.5,-416.75,-395.79998779296875,-384.0,-376.9200134277344
8784,-428.94000244140625,20.235492706298828,19.900728225708008,2.973063111305237,-428.94000244140625,-429.5,24.636486053466797,-475.0400085449219,-469.20001220703125,-458.1000061035156,-446.25,-429.5,-416.75,-395.79998779296875,-384.0,-376.9200134277344
8800,-428.94000244140625,20.22776985168457,19.894399642944336,2.9630767107009888,-428.94000244140625,-429.5,24.636486053466797,-475.0400085449219,-469.20001220703125,-458.1000061035156,-446.25,-429.5,-416.75,-395.79998779296875,-384.0,-376.9200134277344
8816,-428.97998046875,20.191299438476562,19.85728645324707,2.9485256671905518,-428.9800109863281,-429.5,24.654403686523438,-475.0400085449219,-469.20001220703125,-458.1000061035156,-446.25,-429.5,-416.75,-395.79998779296875,-384.0,-376.9200134277344
8832,-429.0,20.18276596069336,19.852840423583984,2.9328948259353638,-429.0,-429.5,24.643863677978516,-475.0400085449219,-469.20001220703125,-458.1000061035156,-446.25,-429.5,-417.0,-395.79998779296875,-384.0,-376.9200134277344
8848,-429.0199890136719,20.187517166137695,19.871135711669922,2.87082839012146,-429.0199890136719,-429.5,24.63817596435547,-475.0400085449219,-469.20001220703125,-458.1000061035156,-446.25,-429.5,-417.0,-395.79998779296875,-384.0,-376.9200134277344
8864,-429.0199890136719,20.207122802734375,19.886886596679688,2.853121280670166,-429.0199890136719,-429.5,24.63817596435547,-475.0400085449219,-469.20001220703125,-458.1000061035156,-446.25,-429.5,-417.0,-395.79998779296875,-384.0,-376.9200134277344
8880,-429.0199890136719,20.264949798583984,19.941204071044922,2.8259854316711426,-429.0199890136719,-429.5,24.63817596435547,-475.0400085449219,-469.20001220703125,-458.1000061035156,-446.25,-429.5,-417.0,-395.79998779296875,-384.0,-376.9200134277344
8896,-429.0199890136719,20.23721694946289,19.92095184326172,2.806452512741089,-429.0199890136719,-429.5,24.63817596435547,-475.0400085449219,-469.20001220703125,-458.1000061035156,-446.25,-429.5,-417.0,-395.79998779296875,-384.0,-376.9200134277344
8912,-429.0199890136719,20.220748901367188,19.913623809814453,2.7812994718551636,-429.0199890136719,-429.5,24.63817596435547,-475.0400085449219,-469.20001220703125,-458.1000061035156,-446.25,-429.5,-417.0,-395.79998779296875,-384.0,-376.9200134277344
8928,-429.03997802734375,20.235658645629883,19.93149185180664,2.755475163459778,-429.0400085449219,-429.5,24.62840461730957,-475.0400085449219,-469.20001220703125,-458.1000061035156,-446.25,-429.5,-417.0,-395.79998779296875,-384.0,-376.9200134277344
8944,-429.03997802734375,20.2300968170166,19.919546127319336,2.740693211555481,-429.0400085449219,-429.5,24.62840461730957,-475.0400085449219,-469.20001220703125,-458.1000061035156,-446.25,-429.5,-417.0,-395.79998779296875,-384.0,-376.9200134277344
8960,-429.03997802734375,20.15397834777832,19.8643798828125,2.704643487930298,-429.0400085449219,-429.5,24.62840461730957,-475.0400085449219,-469.20001220703125,-458.1000061035156,-446.25,-429.5,-417.0,-395.79998779296875,-384.0,-376.9200134277344
8976,-429.03997802734375,20.2045841217041,19.915508270263672,2.6890746355056763,-429.0400085449219,-429.5,24.62840461730957,-475.0400085449219,-469.20001220703125,-458.1000061035156,-446.25,-429.5,-417.0,-395.79998779296875,-384.0,-376.9200134277344
8992,-429.03997802734375,20.217662811279297,19.9154109954834,2.7126970291137695,-429.0400085449219,-429.5,24.62840461730957,-475.0400085449219,-469.20001220703125,-458.1000061035156,-446.25,-429.5,-417.0,-395.79998779296875,-384.0,-376.9200134277344
9008,-429.0799865722656,20.24333381652832,19.932126998901367,2.7262412309646606,-429.0799865722656,-429.5,24.657527923583984,-475.0400085449219,-469.20001220703125,-458.1000061035156,-447.0,-429.5,-417.0,-395.79998779296875,-384.0,-376.9200134277344
9024,-429.0999755859375,20.174697875976562,19.857152938842773,2.7159472703933716,-429.1000061035156,-429.5,24.6639404296875,-475.0400085449219,-469.20001220703125,-458.1000061035156,-447.0,-429.5,-417.0,-395.79998779296875,-384.0,-376.9200134277344
9040,-429.0999755859375,20.131858825683594,19.832984924316406,2.6607794761657715,-429.1000061035156,-429.5,24.6639404296875,-475.0400085449219,-469.20001220703125,-458.1000061035156,-447.0,-429.5,-417.0,-395.79998779296875,-384.0,-376.9200134277344
9056,-429.0999755859375,20.10055160522461,19.81117820739746,2.6390342712402344,-429.1000061035156,-429.5,24.6639404296875,-475.0400085449219,-469.20001220703125,-458.1000061035156,-447.0,-429.5,-417.0,-395.79998779296875,-384.0,-376.9200134277344
9072,-429.0999755859375,20.03534698486328,19.754940032958984,2.57246994972229,-429.1000061035156,-429.5,24.6639404296875,-475.0400085449219,-469.20001220703125,-458.1000061035156,-447.0,-429.5,-417.0,-395.79998779296875,-384.0,-376.9200134277344
9088,-429.0999755859375,20.018030166625977,19.73823356628418,2.552830696105957,-429.1000061035156,-429.5,24.6639404296875,-475.0400085449219,-469.20001220703125,-458.1000061035156,-447.0,-429.5,-417.0,-395.79998779296875,-384.0,-376.9200134277344
9104,-429.0999755859375,19.98284912109375,19.704069137573242,2.5103230476379395,-429.1000061035156,-429.5,24.6639404296875,-475.0400085449219,-469.20001220703125,-458.1000061035156,-447.0,-429.5,-417.0,-395.79998779296875,-384.0,-376.9200134277344
9120,-429.0999755859375,19.93765640258789,19.665632247924805,2.494338274002075,-429.1000061035156,-429.5,24.6639404296875,-475.0400085449219,-469.20001220703125,-458.1000061035156,-447.0,-429.5,-417.0,-395.79998779296875,-384.0,-376.9200134277344
9136,-429.0999755859375,19.901409149169922,19.624858856201172,2.454653739929199,-429.1000061035156,-429.5,24.6639404296875,-475.0400085449219,-469.20001220703125,-458.1000061035156,-447.0,-429.5,-417.0,-395.79998779296875,-384.0,-376.9200134277344
9152,-429.1199951171875,19.909637451171875,19.6408634185791,2.4285888671875,-429.1199951171875,-429.5,24.69707679748535,-475.0400085449219,-471.1000061035156,-458.1000061035156,-447.0,-429.5,-417.0,-395.79998779296875,-384.0,-376.9200134277344
9168,-429.1199951171875,19.947694778442383,19.681669235229492,2.4103846549987793,-429.1199951171875,-429.5,24.69707679748535,-475.0400085449219,-471.1000061035156,-458.1000061035156,-447.0,-429.5,-417.0,-395.79998779296875,-384.0,-376.9200134277344
9184,-429.1199951171875,19.930622100830078,19.669694900512695,2.3903547525405884,-429.1199951171875,-429.5,24.69707679748535,-475.0400085449219,-471.1000061035156,-458.1000061035156,-447.0,-429.5,-417.0,-395.79998779296875,-384.0,-376.9200134277344
9200,-429.1399841308594,19.94171905517578,19.676088333129883,2.3654602766036987,-429.1400146484375,-429.5,24.705068588256836,-475.0400085449219,-471.1000061035156,-458.1000061035156,-447.0,-429.5,-417.0,-395.79998779296875,-384.0,-376.9200134277344
9216,-429.1600036621094,19.923778533935547,19.67376136779785,2.3493231534957886,-429.1600036621094,-429.5,24.708993911743164,-475.0400085449219,-471.1000061035156,-458.1000061035156,-447.0,-429.5,-417.0,-395.79998779296875,-384.0,-376.9200134277344
9232,-429.1600036621094,19.90290641784668,19.65888786315918,2.3133866786956787,-429.1600036621094,-429.5,24.708993911743164,-475.0400085449219,-471.1000061035156,-458.1000061035156,-447.0,-429.5,-417.0,-395.79998779296875,-384.0,-376.9200134277344
9248,-429.1600036621094,19.858980178833008,19.61931610107422,2.270274043083191,-429.1600036621094,-429.5,24.708993911743164,-475.0400085449219,-471.1000061035156,-458.1000061035156,-447.0,-429.5,-417.0,-395.79998779296875,-384.0,-376.9200134277344
9264,-429.1600036621094,19.81646728515625,19.58273696899414,2.206527352333069,-429.1600036621094,-429.5,24.708993911743164,-475.0400085449219,-471.1000061035156,-458.1000061035156,-447.0,-429.5,-417.0,-395.79998779296875,-384.0,-376.9200134277344
9280,-429.1600036621094,19.832584381103516,19.603389739990234,2.1776009798049927,-429.1600036621094,-429.5,24.708993911743164,-475.0400085449219,-471.1000061035156,-458.1000061035156,-447.0,-429.5,-417.0,-395.79998779296875,-384.0,-376.9200134277344
9296,-429.1600036621094,19.802303314208984,19.574970245361328,2.1498101949691772,-429.1600036621094,-429.5,24.708993911743164,-475.0400085449219,-471.1000061035156,-458.1000061035156,-447.0,-429.5,-417.0,-395.79998779296875,-384.0,-376.9200134277344
9312,-429.1600036621094,19.74801254272461,19.527904510498047,2.0987852811813354,-429.1600036621094,-429.5,24.708993911743164,-475.0400085449219,-471.1000061035156,-458.1000061035156,-447.0,-429.5,-417.0,-395.79998779296875,-384.0,-376.9200134277344
9328,-429.1600036621094,19.710796356201172,19.499977111816406,2.084152579307556,-429.1600036621094,-429.5,24.708993911743164,-475.0400085449219,-471.1000061035156,-458.1000061035156,-447.0,-429.5,-417.0,-395.79998779296875,-384.0,-376.9200134277344
9344,-429.1600036621094,19.664640426635742,19.4527530670166,2.060731589794159,-429.1600036621094,-429.5,24.708993911743164,-475.0400085449219,-471.1000061035156,-458.1000061035156,-447.0,-429.5,-417.0,-395.79998779296875,-384.0,-376.9200134277344
9360,-429.1600036621094,19.648277282714844,19.43446922302246,2.0719553232192993,-429.1600036621094,-429.5,24.708993911743164,-475.0400085449219,-471.1000061035156,-458.1000061035156,-447.0,-429.5,-417.0,-395.79998779296875,-384.0,-376.9200134277344
9376,-429.17999267578125,19.715673446655273,19.505111694335938,2.069823145866394,-429.17999267578125,-429.5,24.714521408081055,-475.0400085449219,-471.1000061035156,-458.1000061035156,-447.0,-429.5,-417.0,-395.79998779296875,-384.0,-376.9200134277344
9392,-429.1999816894531,19.703109741210938,19.491844177246094,2.05253529548645,-429.20001220703125,-429.5,24.712749481201172,-475.0400085449219,-471.1000061035156,-458.1000061035156,-447.0,-429.5,-417.0,-395.79998779296875,-384.0,-376.9200134277344
9408,-429.239990234375,19.70399284362793,19.49871063232422,2.03045117855072,-429.239990234375,-429.5,24.644317626953125,-475.0400085449219,-471.1000061035156,-458.1000061035156,-447.0,-429.5,-417.0,-395.79998779296875,-384.0,-376.9200134277344
9424,-429.239990234375,19.727949142456055,19.51675033569336,2.0071547627449036,-429.239990234375,-429.5,24.644317626953125,-475.0400085449219,-471.1000061035156,-458.1000061035156,-447.0,-429.5,-417.0,-395.79998779296875,-384.0,-376.9200134277344
9440,-429.2799987792969,19.688568115234375,19.483686447143555,1.9611755013465881,-429.2799987792969,-429.5,24.656064987182617,-475.0400085449219,-471.1000061035156,-458.1000061035156,-447.0,-429.5,-417.0,-395.79998779296875,-384.0,-376.9200134277344
9456,-429.2799987792969,19.688703536987305,19.483701705932617,1.9795718789100647,-429.2799987792969,-429.5,24.656064987182617,-475.0400085449219,-471.1000061035156,-458.1000061035156,-447.0,-429.5,-417.0,-395.79998779296875,-384.0,-376.9200134277344
9472,-429.2799987792969,19.648916244506836,19.451576232910156,1.9399353861808777,-429.2799987792969,-429.5,24.656064987182617,-475.0400085449219,-471.1000061035156,-458.1000061035156,-447.0,-429.5,-417.0,-395.79998779296875,-384.0,-376.9200134277344
9488,-429.2799987792969,19.59115219116211,19.39967918395996,1.909774661064148,-429.2799987792969,-429.5,24.656064987182617,-475.0400085449219,-471.1000061035156,-458.1000061035156,-447.0,-429.5,-417.0,-395.79998779296875,-384.0,-376.9200134277344
9504,-429.2799987792969,19.56527328491211,19.360397338867188,1.9196314811706543,-429.2799987792969,-429.5,24.656064987182617,-475.0400085449219,-471.1000061035156,-458.1000061035156,-447.0,-429.5,-417.0,-395.79998779296875,-384.0,-376.9200134277344
9520,-429.2799987792969,19.56650161743164,19.36371612548828,1.9193384647369385,-429.2799987792969,-429.5,24.656064987182617,-475.0400085449219,-471.1000061035156,-458.1000061035156,-447.0,-429.5,-417.0,-395.79998779296875,-384.0,-376.9200134277344
9536,-429.2799987792969,19.574459075927734,19.37881088256836,1.8769914507865906,-429.2799987792969,-429.5,24.656064987182617,-475.0400085449219,-471.1000061035156,-458.1000061035156,-447.0,-429.5,-417.0,-395.79998779296875,-384.0,-376.9200134277344
9552,-429.3399963378906,19.554149627685547,19.366823196411133,1.8297621607780457,-429.3399963378906,-429.5,24.648008346557617,-475.0400085449219,-471.1000061035156,-458.1000061035156,-447.0,-429.5,-417.0,-395.79998779296875,-384.0,-376.9200134277344
9568,-429.3399963378906,19.501144409179688,19.305471420288086,1.8102872967720032,-429.3399963378906,-429.5,24.648008346557617,-475.0400085449219,-471.1000061035156,-458.1000061035156,-447.0,-429.5,-417.0,-395.79998779296875,-384.0,-376.9200134277344
9584,-429.3599853515625,19.510059356689453,19.323261260986328,1.7705450057983398,-429.3599853515625,-429.5,24.637174606323242,-475.0400085449219,-471.1000061035156,-458.1000061035156,-447.0,-429.5,-417.0,-395.79998779296875,-384.0,-376.9200134277344
9600,-429.3599853515625,19.439220428466797,19.25704002380371,1.72254478931427,-429.3599853515625,-429.5,24.637174606323242,-475.0400085449219,-471.1000061035156,-458.1000061035156,-447.0,-429.5,-417.0,-395.79998779296875,-384.0,-376.9200134277344
9616,-429.3800048828125,19.437135696411133,19.25115966796875,1.7546882033348083,-429.3800048828125,-429.5,24.628755569458008,-475.0400085449219,-471.1000061035156,-458.1000061035156,-447.0,-429.5,-417.0,-395.79998779296875,-384.0,-376.9200134277344
9632,-429.3800048828125,19.366098403930664,19.187498092651367,1.701746642589569,-429.3800048828125,-429.5,24.628755569458008,-475.0400085449219,-471.1000061035156,-458.1000061035156,-447.0,-429.5,-417.0,-395.79998779296875,-384.0,-376.9200134277344
9648,-429.3800048828125,19.404123306274414,19.233619689941406,1.6554264426231384,-429.3800048828125,-429.5,24.628755569458008,-475.0400085449219,-471.1000061035156,-458.1000061035156,-447.0,-429.5,-417.0,-395.79998779296875,-384.0,-376.9200134277344
9664,-429.3800048828125,19.36534881591797,19.19647216796875,1.6513776183128357,-429.3800048828125,-429.5,24.628755569458008,-475.0400085449219,-471.1000061035156,-458.1000061035156,-447.0,-429.5,-417.0,-395.79998779296875,-384.0,-376.9200134277344
9680,-429.3800048828125,19.27229881286621,19.11825180053711,1.5692554712295532,-429.3800048828125,-429.5,24.628755569458008,-475.0400085449219,-471.1000061035156,-458.1000061035156,-447.0,-429.5,-417.0,-395.79998779296875,-384.0,-376.9200134277344
9696,-429.3800048828125,19.241430282592773,19.091115951538086,1.5015575289726257,-429.3800048828125,-429.5,24.628755569458008,-475.0400085449219,-471.1000061035156,-458.1000061035156,-447.0,-429.5,-417.0,-395.79998779296875,-384.0,-376.9200134277344
9712,-429.3800048828125,19.188684463500977,19.038616180419922,1.4733850955963135,-429.3800048828125,-429.5,24.628755569458008,-475.0400085449219,-471.1000061035156,-458.1000061035156,-447.0,-429.5,-417.0,-395.79998779296875,-384.0,-376.9200134277344
9728,-429.41998291015625,19.23052406311035,19.082073211669922,1.4503467679023743,-429.4200134277344,-429.5,24.667055130004883,-475.0400085449219,-471.1000061035156,-458.1000061035156,-447.0,-429.5,-417.0,-395.79998779296875,-384.0,-376.9200134277344
9744,-429.41998291015625,19.240917205810547,19.08554458618164,1.4604114890098572,-429.4200134277344,-429.5,24.667055130004883,-475.0400085449219,-471.1000061035156,-458.1000061035156,-447.0,-429.5,-417.0,-395.79998779296875,-384.0,-376.9200134277344
9760,-429.41998291015625,19.128583908081055,18.988019943237305,1.3795697689056396,-429.4200134277344,-429.5,24.667055130004883,-475.0400085449219,-471.1000061035156,-458.1000061035156,-447.0,-429.5,-417.0,-395.79998779296875,-384.0,-376.9200134277344
9776,-429.44000244140625,19.13813018798828,18.99882698059082,1.4105585217475891,-429.44000244140625,-429.5,24.683727264404297,-475.0400085449219,-471.1000061035156,-458.1000061035156,-447.0,-429.5,-417.0,-395.79998779296875,-384.0,-376.9200134277344
9792,-429.44000244140625,19.15191078186035,19.004751205444336,1.4144378900527954,-429.44000244140625,-429.5,24.683727264404297,-475.0400085449219,-471.1000061035156,-458.1000061035156,-447.0,-429.5,-417.0,-395.79998779296875,-384.0,-376.9200134277344
9808,-429.44000244140625,19.109811782836914,18.961137771606445,1.4816362261772156,-429.44000244140625,-429.5,24.683727264404297,-475.0400085449219,-471.1000061035156,-458.1000061035156,-447.0,-429.5,-417.0,-395.79998779296875,-384.0,-376.9200134277344
9824,-429.44000244140625,18.965885162353516,18.824909210205078,1.4045928716659546,-429.44000244140625,-429.5,24.683727264404297,-475.0400085449219,-471.1000061035156,-458.1000061035156,-447.0,-429.5,-417.0,-395.79998779296875,-384.0,-376.9200134277344
9840,-429.44000244140625,18.97429847717285,18.850139617919922,1.3471757173538208,-429.44000244140625,-429.5,24.683727264404297,-475.0400085449219,-471.1000061035156,-458.1000061035156,-447.0,-429.5,-417.0,-395.79998779296875,-384.0,-376.9200134277344
9856,-429.44000244140625,18.948192596435547,18.82447052001953,1.3085606098175049,-429.44000244140625,-429.5,24.683727264404297,-475.0400085449219,-471.1000061035156,-458.1000061035156,-447.0,-429.5,-417.0,-395.79998779296875,-384.0,-376.9200134277344
9872,-429.44000244140625,18.93274688720703,18.80681800842285,1.252122402191162,-429.44000244140625,-429.5,24.683727264404297,-475.0400085449219,-471.1000061035156,-458.1000061035156,-447.0,-429.5,-417.0,-395.79998779296875,-384.0,-376.9200134277344
9888,-429.4599914550781,18.958478927612305,18.838220596313477,1.291275978088379,-429.4599914550781,-430.5,24.684171676635742,-475.0400085449219,-471.1000061035156,-458.1000061035156,-447.0,-430.5,-417.0,-395.79998779296875,-384.0,-376.9200134277344
9904,-429.47998046875,18.81829071044922,18.70393180847168,1.272074818611145,-429.4800109863281,-430.5,24.686222076416016,-475.0400085449219,-471.1000061035156,-458.1000061035156,-447.0,-430.5,-417.0,-395.79998779296875,-384.0,-376.9200134277344
9920,-429.5,18.7811279296875,18.67413330078125,1.2537858486175537,-429.5,-430.5,24.689876556396484,-475.0400085449219,-471.1000061035156,-458.1000061035156,-447.0,-430.5,-417.0,-395.79998779296875,-384.0,-376.9200134277344
9936,-429.5,18.779319763183594,18.66939926147461,1.201303482055664,-429.5,-430.5,24.689876556396484,-475.0400085449219,-471.1000061035156,-458.1000061035156,-447.0,-430.5,-417.0,-395.79998779296875,-384.0,-376.9200134277344
9952,-429.5,18.69862174987793,18.595319747924805,1.2206770181655884,-429.5,-430.5,24.689876556396484,-475.0400085449219,-471.1000061035156,-458.1000061035156,-447.0,-430.5,-417.0,-395.79998779296875,-384.0,-376.9200134277344
9968,-429.5,18.61669921875,18.512235641479492,1.1859661936759949,-429.5,-430.5,24.689876556396484,-475.0400085449219,-471.1000061035156,-458.1000061035156,-447.0,-430.5,-417.0,-395.79998779296875,-384.0,-376.9200134277344
9984,-429.5,18.331295013427734,18.215248107910156,1.2145475149154663,-429.5,-430.5,24.689876556396484,-475.0400085449219,-471.1000061035156,-458.1000061035156,-447.0,-430.5,-417.0,-395.79998779296875,-384.0,-376.9200134277344
10000,-429.5,18.174415588378906,18.09065818786621,1.0702425837516785,-429.5,-430.5,24.689876556396484,-475.0400085449219,-471.1000061035156,-458.1000061035156,-447.0,-430.5,-417.0,-395.79998779296875,-384.0,-376.9200134277344
