ConfigName: kjsd__advperagentrankweighted__M3__L16__eps0p01__g0p003__ds0p2__dm0p1
Problem: QUBO
Kernel: jsd
Advantage: peragentrankweighted
M: 3
lambda: 16
epsilon_svgd: 0.01
gamma: 0.003
decay_start_ratio: 0.2
decay_min_factor: 0.1
bandwith_kernel: None
no_interact: False
avg_score: -1186.5799560546875
median_score: -1176.0
std_score: 62.63069152832031
percentiles: 2%=-1343.1199951171875, 5%=-1321.199951171875, 10%=-1277.0999755859375, 25%=-1223.25, 50%=-1176.0, 75%=-1139.75, 90%=-1117.5999755859375, 95%=-1099.0, 98%=-1089.9000244140625
ranking_best_algo: Tabu
ranking_best_score: 1216.16
ranking_my_rank: 64/504 (87.5%)
ranking_my_percent: 87.5
