ConfigName: kjsd__advperagentrankweighted__M3__L18__eps0p005__g0p003__ds0p2__dm0p05
Problem: QUBO
Kernel: jsd
Advantage: peragentrankweighted
M: 3
lambda: 18
epsilon_svgd: 0.005
gamma: 0.003
decay_start_ratio: 0.2
decay_min_factor: 0.05
bandwith_kernel: None
no_interact: False
avg_score: -198.4600067138672
median_score: -199.0
std_score: 13.354714393615723
percentiles: 2%=-224.0, 5%=-220.0500030517578, 10%=-215.0, 25%=-209.0, 50%=-199.0, 75%=-189.5, 90%=-181.0, 95%=-178.9499969482422, 98%=-173.82000732421875
ranking_best_algo: Tabu
ranking_best_score: 208.36000000000004
ranking_my_rank: 99/504 (80.6%)
ranking_my_percent: 80.55555555555556
