ConfigName: kjsd__advperagentrankweighted__M3__L18__eps0p01__g0p003__ds0p1__dm0p05
Problem: NK
Kernel: jsd
Advantage: peragentrankweighted
M: 3
lambda: 18
epsilon_svgd: 0.01
gamma: 0.003
decay_start_ratio: 0.1
decay_min_factor: 0.05
bandwith_kernel: None
no_interact: False
avg_score: 0.7348673343658447
median_score: 0.7370444536209106
std_score: 0.00897680688649416
percentiles: 2%=0.7164344191551208, 5%=0.7173896431922913, 10%=0.7202553153038025, 25%=0.7288732528686523, 50%=0.7370444536209106, 75%=0.7415469884872437, 90%=0.7451925277709961, 95%=0.7466533184051514, 98%=0.749064028263092
ranking_best_algo: PBIL
ranking_best_score: 0.7248786399609374
ranking_my_rank: 1/504 (100.0%)
ranking_my_percent: 100.0
