ConfigName: krbf__advnormalizedfitness__M4__L12__eps0p033__g0p007__ds0p01__dm0p01
Problem: NK
Kernel: rbf
Advantage: normalizedfitness
M: 4
lambda: 12
epsilon_svgd: 0.033
gamma: 0.007
decay_start_ratio: 0.01
decay_min_factor: 0.01
bandwith_kernel: None
no_interact: False
avg_score: 0.71825110912323
median_score: 0.7169560194015503
std_score: 0.013607657514512539
percentiles: 2%=0.6905498504638672, 5%=0.696110188961029, 10%=0.7037327885627747, 25%=0.7087950706481934, 50%=0.7169560194015503, 75%=0.7272046804428101, 90%=0.7378041744232178, 95%=0.7425636053085327, 98%=0.746449887752533
ranking_best_algo: Tabu
ranking_best_score: 0.7429702712499999
ranking_my_rank: 55/504 (89.3%)
ranking_my_percent: 89.28571428571429
