ConfigName: kjsd__advperagentrankweighted__M3__L16__eps0p005__g0p0007__ds0p1__dm0p2
Problem: QUBO
Kernel: jsd
Advantage: peragentrankweighted
M: 3
lambda: 16
epsilon_svgd: 0.005
gamma: 0.0007
decay_start_ratio: 0.1
decay_min_factor: 0.2
bandwith_kernel: None
no_interact: False
avg_score: -914.8599853515625
median_score: -910.0
std_score: 63.40946578979492
percentiles: 2%=-1032.06005859375, 5%=-1028.0, 10%=-1017.2000122070312, 25%=-953.0, 50%=-910.0, 75%=-872.75, 90%=-842.7000122070312, 95%=-804.8499755859375, 98%=-798.5999755859375
ranking_best_algo: CMAL3
ranking_best_score: 928.5800000000002
ranking_my_rank: 17/504 (96.8%)
ranking_my_percent: 96.82539682539682
