ConfigName: krbf__advnormalizedfitness__M1__L8__eps0p033__g0p01__ds0p01__dm0p3
Problem: QUBO
Kernel: rbf
Advantage: normalizedfitness
M: 1
lambda: 8
epsilon_svgd: 0.033
gamma: 0.01
decay_start_ratio: 0.01
decay_min_factor: 0.3
bandwith_kernel: None
no_interact: False
avg_score: -139.10000610351562
median_score: -139.0
std_score: 19.845149993896484
percentiles: 2%=-179.0, 5%=-179.0, 10%=-158.0, 25%=-150.25, 50%=-139.0, 75%=-131.0, 90%=-119.70000457763672, 95%=-113.95000457763672, 98%=-109.81996154785156
ranking_best_algo: CMApara
ranking_best_score: 154.28
ranking_my_rank: 315/504 (37.7%)
ranking_my_percent: 37.698412698412696
