ConfigName: krbf__advnormalizedfitness__M4__L15__eps0p025__g0p007__ds0p15__dm0p3
Problem: NK
Kernel: rbf
Advantage: normalizedfitness
M: 4
lambda: 15
epsilon_svgd: 0.025
gamma: 0.007
decay_start_ratio: 0.15
decay_min_factor: 0.3
bandwith_kernel: None
no_interact: False
avg_score: 0.6897226572036743
median_score: 0.6937826871871948
std_score: 0.01221629697829485
percentiles: 2%=0.6679915189743042, 5%=0.6725319623947144, 10%=0.6735661029815674, 25%=0.6778240203857422, 50%=0.6937826871871948, 75%=0.7003722190856934, 90%=0.7045215368270874, 95%=0.7065862417221069, 98%=0.707270622253418
ranking_best_algo: PBIL
ranking_best_score: 0.7013553837109374
ranking_my_rank: 69/504 (86.5%)
ranking_my_percent: 86.5079365079365
