ConfigName: krbf__advnormalizedfitness__M4__L15__eps0p025__g0p01__ds0p01__dm0p3
Problem: QUBO
Kernel: rbf
Advantage: normalizedfitness
M: 4
lambda: 15
epsilon_svgd: 0.025
gamma: 0.01
decay_start_ratio: 0.01
decay_min_factor: 0.3
bandwith_kernel: None
no_interact: False
avg_score: -706.0999755859375
median_score: -695.0
std_score: 84.61022186279297
percentiles: 2%=-896.219970703125, 5%=-871.4000244140625, 10%=-831.4000244140625, 25%=-751.25, 50%=-695.0, 75%=-642.25, 90%=-602.5, 95%=-589.8500366210938, 98%=-576.9400024414062
ranking_best_algo: CMAL3
ranking_best_score: 928.5800000000002
ranking_my_rank: 331/504 (34.5%)
ranking_my_percent: 34.523809523809526
