ConfigName: krbf__advnormalizedfitness__M5__L15__eps0p03__g0p005__ds0p05__dm0p05
Problem: QUBO
Kernel: rbf
Advantage: normalizedfitness
M: 5
lambda: 15
epsilon_svgd: 0.03
gamma: 0.005
decay_start_ratio: 0.05
decay_min_factor: 0.05
bandwith_kernel: None
no_interact: False
avg_score: -140.24000549316406
median_score: -141.5
std_score: 10.240234375
percentiles: 2%=-158.02000427246094, 5%=-156.0500030517578, 10%=-154.0, 25%=-146.0, 50%=-141.5, 75%=-132.0, 90%=-127.0, 95%=-123.0, 98%=-118.91999816894531
ranking_best_algo: DiscreteDE
ranking_best_score: 143.4
ranking_my_rank: 78/504 (84.7%)
ranking_my_percent: 84.72222222222223
