ConfigName: kjsd__advperagentrankweighted__M4__L12__eps0p005__g0p0007__ds0p05__dm0p2
Problem: QUBO
Kernel: jsd
Advantage: peragentrankweighted
M: 4
lambda: 12
epsilon_svgd: 0.005
gamma: 0.0007
decay_start_ratio: 0.05
decay_min_factor: 0.2
bandwith_kernel: None
no_interact: False
avg_score: -910.7000122070312
median_score: -899.0
std_score: 61.89741897583008
percentiles: 2%=-1032.239990234375, 5%=-1018.0, 10%=-1008.5, 25%=-957.5, 50%=-899.0, 75%=-865.0, 90%=-842.0, 95%=-827.5, 98%=-809.9400024414062
ranking_best_algo: CMAL3
ranking_best_score: 928.5800000000002
ranking_my_rank: 20/504 (96.2%)
ranking_my_percent: 96.23015873015873
