ConfigName: krbf__advnormalizedfitness__M3__L12__eps0p025__g0p01__ds0p01__dm0p01
Problem: QUBO
Kernel: rbf
Advantage: normalizedfitness
M: 3
lambda: 12
epsilon_svgd: 0.025
gamma: 0.01
decay_start_ratio: 0.01
decay_min_factor: 0.01
bandwith_kernel: None
no_interact: False
avg_score: -139.8000030517578
median_score: -141.0
std_score: 11.562005996704102
percentiles: 2%=-159.02000427246094, 5%=-158.0, 10%=-155.10000610351562, 25%=-149.0, 50%=-141.0, 75%=-130.0, 90%=-125.0, 95%=-120.95000457763672, 98%=-116.95999145507812
ranking_best_algo: DiscreteDE
ranking_best_score: 143.4
ranking_my_rank: 81/504 (84.1%)
ranking_my_percent: 84.12698412698413
