ConfigName: kfr__advglobalrankweighted__M6__L7__eps0p02__g0p003__ds0p01__dm0p01
Problem: QUBO
Kernel: fr
Advantage: globalrankweighted
M: 6
lambda: 7
epsilon_svgd: 0.02
gamma: 0.003
decay_start_ratio: 0.01
decay_min_factor: 0.01
bandwith_kernel: None
no_interact: False
avg_score: -331.94000244140625
median_score: -334.0
std_score: 20.744070053100586
percentiles: 2%=-372.0, 5%=-370.0, 10%=-357.3999938964844, 25%=-346.75, 50%=-334.0, 75%=-317.75, 90%=-303.79998779296875, 95%=-297.9000244140625, 98%=-294.91998291015625
ranking_best_algo: CMApara
ranking_best_score: 344.22
ranking_my_rank: 76/504 (85.1%)
ranking_my_percent: 85.11904761904762
