ConfigName: kjsd__advperagentrankweighted__M3__L16__eps0p005__g0p0005__ds0p2__dm0p1
Problem: QUBO
Kernel: jsd
Advantage: peragentrankweighted
M: 3
lambda: 16
epsilon_svgd: 0.005
gamma: 0.0005
decay_start_ratio: 0.2
decay_min_factor: 0.1
bandwith_kernel: None
no_interact: False
avg_score: -1248.280029296875
median_score: -1246.0
std_score: 56.22153854370117
percentiles: 2%=-1365.219970703125, 5%=-1342.300048828125, 10%=-1322.800048828125, 25%=-1284.0, 50%=-1246.0, 75%=-1208.0, 90%=-1170.9000244140625, 95%=-1163.9000244140625, 98%=-1153.97998046875
ranking_best_algo: SVMMetaModelLogNormal
ranking_best_score: 1233.7999999999997
ranking_my_rank: 1/504 (100.0%)
ranking_my_percent: 100.0
