ConfigName: kjsd__advperagentrankweighted__M4__L8__eps0p01__g0p0005__ds0p2__dm0p05
Problem: QUBO
Kernel: jsd
Advantage: peragentrankweighted
M: 4
lambda: 8
epsilon_svgd: 0.01
gamma: 0.0005
decay_start_ratio: 0.2
decay_min_factor: 0.05
bandwith_kernel: None
no_interact: False
avg_score: -2643.260009765625
median_score: -2651.0
std_score: 122.14471435546875
percentiles: 2%=-2857.43994140625, 5%=-2820.10009765625, 10%=-2778.5, 25%=-2739.5, 50%=-2651.0, 75%=-2569.25, 90%=-2467.60009765625, 95%=-2449.89990234375, 98%=-2409.659912109375
ranking_best_algo: DiscreteLengler2OnePlusOne
ranking_best_score: 2617.04
ranking_my_rank: 1/504 (100.0%)
ranking_my_percent: 100.0
