ConfigName: krbf__advnormalizedfitness__M3__L12__eps0p033__g0p007__ds0p15__dm0p3
Problem: NK
Kernel: rbf
Advantage: normalizedfitness
M: 3
lambda: 12
epsilon_svgd: 0.033
gamma: 0.007
decay_start_ratio: 0.15
decay_min_factor: 0.3
bandwith_kernel: None
no_interact: False
avg_score: 0.742245078086853
median_score: 0.7426382899284363
std_score: 0.014097224920988083
percentiles: 2%=0.7172983884811401, 5%=0.7190586924552917, 10%=0.7235187888145447, 25%=0.7321743369102478, 50%=0.7426382899284363, 75%=0.7521446943283081, 90%=0.7597711086273193, 95%=0.7652256488800049, 98%=0.7691149711608887
ranking_best_algo: Tabu
ranking_best_score: 0.7601875690625
ranking_my_rank: 11/504 (98.0%)
ranking_my_percent: 98.01587301587301
