ConfigName: krbf__advnormalizedfitness__M1__L8__eps0p025__g0p015__ds0p15__dm0p3
Problem: NK
Kernel: rbf
Advantage: normalizedfitness
M: 1
lambda: 8
epsilon_svgd: 0.025
gamma: 0.015
decay_start_ratio: 0.15
decay_min_factor: 0.3
bandwith_kernel: None
no_interact: False
avg_score: 0.7301216721534729
median_score: 0.7312787771224976
std_score: 0.009489589370787144
percentiles: 2%=0.7105889320373535, 5%=0.7123233675956726, 10%=0.7166144251823425, 25%=0.7231398820877075, 50%=0.7312787771224976, 75%=0.7370992302894592, 90%=0.7418228387832642, 95%=0.7439691424369812, 98%=0.7466452121734619
ranking_best_algo: PBIL
ranking_best_score: 0.730509098125
ranking_my_rank: 3/504 (99.6%)
ranking_my_percent: 99.60317460317461
