ConfigName: kjsd__advperagentrankweighted__M3__L20__eps0p005__g0p001__ds0p05__dm0p2
Problem: QUBO
Kernel: jsd
Advantage: peragentrankweighted
M: 3
lambda: 20
epsilon_svgd: 0.005
gamma: 0.001
decay_start_ratio: 0.05
decay_min_factor: 0.2
bandwith_kernel: None
no_interact: False
avg_score: -3197.93994140625
median_score: -3205.0
std_score: 139.9381103515625
percentiles: 2%=-3452.320068359375, 5%=-3442.10009765625, 10%=-3383.300048828125, 25%=-3280.75, 50%=-3205.0, 75%=-3105.5, 90%=-3000.800048828125, 95%=-2952.449951171875, 98%=-2933.0
ranking_best_algo: RLSOnePlusOne
ranking_best_score: 3316.5199999999995
ranking_my_rank: 53/504 (89.7%)
ranking_my_percent: 89.68253968253968
