ConfigName: kjsd__advperagentrankweighted__M3__L16__eps0p007__g0p001__ds0p1__dm0p05
Problem: QUBO
Kernel: jsd
Advantage: peragentrankweighted
M: 3
lambda: 16
epsilon_svgd: 0.007
gamma: 0.001
decay_start_ratio: 0.1
decay_min_factor: 0.05
bandwith_kernel: None
no_interact: False
avg_score: -580.47998046875
median_score: -577.5
std_score: 27.96300506591797
percentiles: 2%=-628.4199829101562, 5%=-625.0, 10%=-613.0, 25%=-601.0, 50%=-577.5, 75%=-565.5, 90%=-548.7999877929688, 95%=-540.75, 98%=-523.7000122070312
ranking_best_algo: Tabu
ranking_best_score: 588.7199999999999
ranking_my_rank: 37/503 (92.8%)
ranking_my_percent: 92.84294234592446
