ConfigName: krbf__advnormalizedfitness__M4__L15__eps0p033__g0p015__ds0p01__dm0p3
Problem: NK
Kernel: rbf
Advantage: normalizedfitness
M: 4
lambda: 15
epsilon_svgd: 0.033
gamma: 0.015
decay_start_ratio: 0.01
decay_min_factor: 0.3
bandwith_kernel: None
no_interact: False
avg_score: 0.7110947370529175
median_score: 0.700555682182312
std_score: 0.03190035745501518
percentiles: 2%=0.6725969314575195, 5%=0.6746188402175903, 10%=0.6763200163841248, 25%=0.6808971166610718, 50%=0.700555682182312, 75%=0.746616542339325, 90%=0.7530527710914612, 95%=0.7613165378570557, 98%=0.7613165378570557
ranking_best_algo: CMApara
ranking_best_score: 0.7118996098437498
ranking_my_rank: 6/504 (99.0%)
ranking_my_percent: 99.0079365079365
