ConfigName: krbf__advnormalizedfitness__M2__L14__eps0p025__g0p007__ds0p15__dm0p01
Problem: QUBO
Kernel: rbf
Advantage: normalizedfitness
M: 2
lambda: 14
epsilon_svgd: 0.025
gamma: 0.007
decay_start_ratio: 0.15
decay_min_factor: 0.01
bandwith_kernel: None
no_interact: False
avg_score: -909.239990234375
median_score: -905.0
std_score: 64.1249008178711
percentiles: 2%=-1050.0400390625, 5%=-1011.5499877929688, 10%=-990.0, 25%=-963.0, 50%=-905.0, 75%=-863.5, 90%=-830.9000244140625, 95%=-818.6500244140625, 98%=-800.3400268554688
ranking_best_algo: CMAL3
ranking_best_score: 928.5800000000002
ranking_my_rank: 29/504 (94.4%)
ranking_my_percent: 94.44444444444444
