ConfigName: kjsd__advperagentrankweighted__M3__L16__eps0p005__g0p0007__ds0p2__dm0p05
Problem: QUBO
Kernel: jsd
Advantage: peragentrankweighted
M: 3
lambda: 16
epsilon_svgd: 0.005
gamma: 0.0007
decay_start_ratio: 0.2
decay_min_factor: 0.05
bandwith_kernel: None
no_interact: False
avg_score: -415.0799865722656
median_score: -418.0
std_score: 26.331607818603516
percentiles: 2%=-469.0, 5%=-454.1499938964844, 10%=-452.1000061035156, 25%=-432.0, 50%=-418.0, 75%=-393.5, 90%=-379.79998779296875, 95%=-375.8999938964844, 98%=-371.9599914550781
ranking_best_algo: Tabu
ranking_best_score: 438.12
ranking_my_rank: 50/504 (90.3%)
ranking_my_percent: 90.27777777777777
