ConfigName: kjsd__advperagentrankweighted__M4__L20__eps0p005__g0p0005__ds0p2__dm0p1
Problem: QUBO
Kernel: jsd
Advantage: peragentrankweighted
M: 4
lambda: 20
epsilon_svgd: 0.005
gamma: 0.0005
decay_start_ratio: 0.2
decay_min_factor: 0.1
bandwith_kernel: None
no_interact: False
avg_score: -428.94000244140625
median_score: -429.5
std_score: 30.1309871673584
percentiles: 2%=-481.0, 5%=-477.0, 10%=-469.1000061035156, 25%=-453.0, 50%=-429.5, 75%=-407.0, 90%=-393.8999938964844, 95%=-384.95001220703125, 98%=-355.8399963378906
ranking_best_algo: CMAL3
ranking_best_score: 435.36
ranking_my_rank: 13/504 (97.6%)
ranking_my_percent: 97.61904761904762
