ConfigName: kjsd__advperagentrankweighted__M5__L10__eps0p008__g0p0005__ds0p05__dm0p05
Problem: QUBO
Kernel: jsd
Advantage: peragentrankweighted
M: 5
lambda: 10
epsilon_svgd: 0.008
gamma: 0.0005
decay_start_ratio: 0.05
decay_min_factor: 0.05
bandwith_kernel: None
no_interact: False
avg_score: -201.05999755859375
median_score: -203.0
std_score: 12.048087120056152
percentiles: 2%=-224.0, 5%=-222.10000610351562, 10%=-215.0, 25%=-209.0, 50%=-203.0, 75%=-194.0, 90%=-183.0, 95%=-179.0, 98%=-176.0
ranking_best_algo: Tabu
ranking_best_score: 208.36000000000004
ranking_my_rank: 42/504 (91.9%)
ranking_my_percent: 91.86507936507937
