ConfigName: kjsd__advperagentrankweighted__M5__L8__eps0p01__g0p0007__ds0p05__dm0p2
Problem: QUBO
Kernel: jsd
Advantage: peragentrankweighted
M: 5
lambda: 8
epsilon_svgd: 0.01
gamma: 0.0007
decay_start_ratio: 0.05
decay_min_factor: 0.2
bandwith_kernel: None
no_interact: False
avg_score: -2643.199951171875
median_score: -2637.5
std_score: 121.51377868652344
percentiles: 2%=-2926.179931640625, 5%=-2853.199951171875, 10%=-2808.5, 25%=-2713.25, 50%=-2637.5, 75%=-2551.5, 90%=-2509.39990234375, 95%=-2456.0, 98%=-2388.6201171875
ranking_best_algo: DiscreteLengler2OnePlusOne
ranking_best_score: 2617.04
ranking_my_rank: 1/504 (100.0%)
ranking_my_percent: 100.0
