ConfigName: kjsd__advperagentrankweighted__M5__L24__eps0p03__g0p0003__ds0p2__dm0p05
Problem: NK
Kernel: jsd
Advantage: peragentrankweighted
M: 5
lambda: 24
epsilon_svgd: 0.03
gamma: 0.0003
decay_start_ratio: 0.2
decay_min_factor: 0.05
bandwith_kernel: None
no_interact: False
avg_score: 0.7111588716506958
median_score: 0.7113423347473145
std_score: 0.0074371835216879845
percentiles: 2%=0.6954556703567505, 5%=0.6966665983200073, 10%=0.7020450830459595, 25%=0.7069025635719299, 50%=0.7113423347473145, 75%=0.7160815596580505, 90%=0.7190203070640564, 95%=0.7211007475852966, 98%=0.7234789133071899
ranking_best_algo: PBIL
ranking_best_score: 0.7170882103515624
ranking_my_rank: 42/504 (91.9%)
ranking_my_percent: 91.86507936507937
