ConfigName: krbf__advnormalizedfitness__M2__L8__eps0p015__g0p01__ds0p01__dm0p3
Problem: QUBO
Kernel: rbf
Advantage: normalizedfitness
M: 2
lambda: 8
epsilon_svgd: 0.015
gamma: 0.01
decay_start_ratio: 0.01
decay_min_factor: 0.3
bandwith_kernel: None
no_interact: False
avg_score: -1590.0799560546875
median_score: -1592.0
std_score: 62.05911636352539
percentiles: 2%=-1712.02001953125, 5%=-1685.5999755859375, 10%=-1671.300048828125, 25%=-1638.0, 50%=-1592.0, 75%=-1538.5, 90%=-1510.800048828125, 95%=-1496.800048828125, 98%=-1482.739990234375
ranking_best_algo: NLOPT_LN_PRAXIS
ranking_best_score: 1607.12
ranking_my_rank: 39/504 (92.5%)
ranking_my_percent: 92.46031746031746
