ConfigName: kjsd__advperagentrankweighted__M4__L30__eps0p005__g0p0005__ds0p2__dm0p05
Problem: NK
Kernel: jsd
Advantage: peragentrankweighted
M: 4
lambda: 30
epsilon_svgd: 0.005
gamma: 0.0005
decay_start_ratio: 0.2
decay_min_factor: 0.05
bandwith_kernel: None
no_interact: False
avg_score: 0.7108818292617798
median_score: 0.7114008665084839
std_score: 0.015240250155329704
percentiles: 2%=0.672929584980011, 5%=0.673954427242279, 10%=0.696819007396698, 25%=0.7076100707054138, 50%=0.7114008665084839, 75%=0.7204930782318115, 90%=0.725584864616394, 95%=0.7325993180274963, 98%=0.7334568500518799
ranking_best_algo: CMApara
ranking_best_score: 0.707475975
ranking_my_rank: 1/504 (100.0%)
ranking_my_percent: 100.0
