ConfigName: kfr__advglobalrankweighted__M6__L10__eps0p01__g0p003__ds0p01__dm0p01
Problem: QUBO
Kernel: fr
Advantage: globalrankweighted
M: 6
lambda: 10
epsilon_svgd: 0.01
gamma: 0.003
decay_start_ratio: 0.01
decay_min_factor: 0.01
bandwith_kernel: None
no_interact: False
avg_score: -2191.4599609375
median_score: -2189.5
std_score: 141.99432373046875
percentiles: 2%=-2520.0400390625, 5%=-2410.199951171875, 10%=-2398.199951171875, 25%=-2291.0, 50%=-2189.5, 75%=-2084.0, 90%=-2021.5999755859375, 95%=-1987.300048828125, 98%=-1943.119873046875
ranking_best_algo: SVM1MetaModelLogNormal
ranking_best_score: 2605.14
ranking_my_rank: 191/504 (62.3%)
ranking_my_percent: 62.301587301587304
