ConfigName: krbf__advnormalizedfitness__M4__L24__eps0p01__g0p002__ds0p05__dm0p05
Problem: NK
Kernel: rbf
Advantage: normalizedfitness
M: 4
lambda: 24
epsilon_svgd: 0.01
gamma: 0.002
decay_start_ratio: 0.05
decay_min_factor: 0.05
bandwith_kernel: None
no_interact: False
avg_score: 0.7003647089004517
median_score: 0.702707827091217
std_score: 0.012065316550433636
percentiles: 2%=0.6815145611763, 5%=0.6829106211662292, 10%=0.6849682927131653, 25%=0.6884270906448364, 50%=0.702707827091217, 75%=0.7106399536132812, 90%=0.714777946472168, 95%=0.7168423533439636, 98%=0.7180616855621338
ranking_best_algo: PBIL
ranking_best_score: 0.7013553837109374
ranking_my_rank: 2/504 (99.8%)
ranking_my_percent: 99.8015873015873
