ConfigName: kfr__advglobalrankweighted__M4__L5__eps0p06__g0p007__ds0p01__dm0p01
Problem: NK
Kernel: fr
Advantage: globalrankweighted
M: 4
lambda: 5
epsilon_svgd: 0.06
gamma: 0.007
decay_start_ratio: 0.01
decay_min_factor: 0.01
bandwith_kernel: None
no_interact: False
avg_score: 0.7508567571640015
median_score: 0.752147912979126
std_score: 0.0126522621139884
percentiles: 2%=0.7237873077392578, 5%=0.7278765439987183, 10%=0.7358708381652832, 25%=0.742527961730957, 50%=0.752147912979126, 75%=0.7587937116622925, 90%=0.7658482789993286, 95%=0.7707123160362244, 98%=0.775719404220581
ranking_best_algo: Tabu
ranking_best_score: 0.7657846284375001
ranking_my_rank: 18/504 (96.6%)
ranking_my_percent: 96.62698412698413
