ConfigName: kjsd__advperagentrankweighted__M3__L16__eps0p01__g0p001__ds0p1__dm0p05
Problem: NK
Kernel: jsd
Advantage: peragentrankweighted
M: 3
lambda: 16
epsilon_svgd: 0.01
gamma: 0.001
decay_start_ratio: 0.1
decay_min_factor: 0.05
bandwith_kernel: None
no_interact: False
avg_score: 0.7356000542640686
median_score: 0.7373066544532776
std_score: 0.009389678947627544
percentiles: 2%=0.7138339281082153, 5%=0.7208907604217529, 10%=0.7231398224830627, 25%=0.7294619083404541, 50%=0.7373066544532776, 75%=0.7416761517524719, 90%=0.7479134202003479, 95%=0.7495124340057373, 98%=0.7509561777114868
ranking_best_algo: PBIL
ranking_best_score: 0.730509098125
ranking_my_rank: 1/504 (100.0%)
ranking_my_percent: 100.0
