ConfigName: krbf__advnormalizedfitness__M4__L12__eps0p015__g0p005__ds0p01__dm0p01
Problem: NK
Kernel: rbf
Advantage: normalizedfitness
M: 4
lambda: 12
epsilon_svgd: 0.015
gamma: 0.005
decay_start_ratio: 0.01
decay_min_factor: 0.01
bandwith_kernel: None
no_interact: False
avg_score: 0.7048901319503784
median_score: 0.7063268423080444
std_score: 0.01233923900872469
percentiles: 2%=0.6837034225463867, 5%=0.6860290169715881, 10%=0.6880977749824524, 25%=0.693730354309082, 50%=0.7063268423080444, 75%=0.7153756618499756, 90%=0.7200876474380493, 95%=0.7221407890319824, 98%=0.7239060401916504
ranking_best_algo: PBIL
ranking_best_score: 0.7013553837109374
ranking_my_rank: 1/504 (100.0%)
ranking_my_percent: 100.0
