ConfigName: krbf__advnormalizedfitness__M3__L12__eps0p015__g0p015__ds0p01__dm0p3
Problem: NK
Kernel: rbf
Advantage: normalizedfitness
M: 3
lambda: 12
epsilon_svgd: 0.015
gamma: 0.015
decay_start_ratio: 0.01
decay_min_factor: 0.3
bandwith_kernel: None
no_interact: False
avg_score: 0.6662772297859192
median_score: 0.6687418222427368
std_score: 0.01287165842950344
percentiles: 2%=0.6457523703575134, 5%=0.6459806561470032, 10%=0.6491168737411499, 25%=0.6532719731330872, 50%=0.6687418222427368, 75%=0.6781015992164612, 90%=0.6821272373199463, 95%=0.6844016909599304, 98%=0.6853626370429993
ranking_best_algo: PBIL
ranking_best_score: 0.7013553837109374
ranking_my_rank: 198/504 (60.9%)
ranking_my_percent: 60.91269841269841
