ConfigName: krbf__advnormalizedfitness__M4__L10__eps0p033__g0p005__ds0p3__dm0p3
Problem: NK
Kernel: rbf
Advantage: normalizedfitness
M: 4
lambda: 10
epsilon_svgd: 0.033
gamma: 0.005
decay_start_ratio: 0.3
decay_min_factor: 0.3
bandwith_kernel: None
no_interact: False
avg_score: 0.6507965922355652
median_score: 0.6488742828369141
std_score: 0.02049814909696579
percentiles: 2%=0.6212621331214905, 5%=0.6242762804031372, 10%=0.6272487640380859, 25%=0.6350429058074951, 50%=0.6488742828369141, 75%=0.6648268103599548, 90%=0.6773725748062134, 95%=0.6917161345481873, 98%=0.701223611831665
ranking_best_algo: PBIL
ranking_best_score: 0.7170882103515624
ranking_my_rank: 288/504 (43.1%)
ranking_my_percent: 43.05555555555556
