ConfigName: kjsd__advperagentrankweighted__M3__L18__eps0p01__g0p0005__ds0p05__dm0p1
Problem: QUBO
Kernel: jsd
Advantage: peragentrankweighted
M: 3
lambda: 18
epsilon_svgd: 0.01
gamma: 0.0005
decay_start_ratio: 0.05
decay_min_factor: 0.1
bandwith_kernel: None
no_interact: False
avg_score: -570.0399780273438
median_score: -568.5
std_score: 28.569887161254883
percentiles: 2%=-627.0599975585938, 5%=-619.0, 10%=-613.2000122070312, 25%=-585.0, 50%=-568.5, 75%=-550.75, 90%=-540.9000244140625, 95%=-525.9500122070312, 98%=-509.9599914550781
ranking_best_algo: Tabu
ranking_best_score: 588.7199999999999
ranking_my_rank: 70/503 (86.3%)
ranking_my_percent: 86.28230616302187
