ConfigName: krbf__advnormalizedfitness__M3__L12__eps0p033__g0p007__ds0p3__dm0p01
Problem: QUBO
Kernel: rbf
Advantage: normalizedfitness
M: 3
lambda: 12
epsilon_svgd: 0.033
gamma: 0.007
decay_start_ratio: 0.3
decay_min_factor: 0.01
bandwith_kernel: None
no_interact: False
avg_score: -1203.93994140625
median_score: -1208.0
std_score: 70.68533325195312
percentiles: 2%=-1337.0, 5%=-1326.1500244140625, 10%=-1305.300048828125, 25%=-1251.25, 50%=-1208.0, 75%=-1151.0, 90%=-1106.800048828125, 95%=-1088.9000244140625, 98%=-1072.639892578125
ranking_best_algo: SVMMetaModelLogNormal
ranking_best_score: 1233.7999999999997
ranking_my_rank: 50/504 (90.3%)
ranking_my_percent: 90.27777777777777
