ConfigName: krbf__advnormalizedfitness__M4__L24__eps0p025__g0p005__ds0p05__dm0p05
Problem: QUBO
Kernel: rbf
Advantage: normalizedfitness
M: 4
lambda: 24
epsilon_svgd: 0.025
gamma: 0.005
decay_start_ratio: 0.05
decay_min_factor: 0.05
bandwith_kernel: None
no_interact: False
avg_score: -855.6199951171875
median_score: -848.5
std_score: 63.784915924072266
percentiles: 2%=-973.219970703125, 5%=-957.1500244140625, 10%=-934.0999755859375, 25%=-906.0, 50%=-848.5, 75%=-818.0, 90%=-784.5999755859375, 95%=-745.7999877929688, 98%=-734.97998046875
ranking_best_algo: CMAL3
ranking_best_score: 928.5800000000002
ranking_my_rank: 205/504 (59.5%)
ranking_my_percent: 59.523809523809526
