ConfigName: krbf__advnormalizedfitness__M2__L8__eps0p025__g0p007__ds0p01__dm0p3
Problem: QUBO
Kernel: rbf
Advantage: normalizedfitness
M: 2
lambda: 8
epsilon_svgd: 0.025
gamma: 0.007
decay_start_ratio: 0.01
decay_min_factor: 0.3
bandwith_kernel: None
no_interact: False
avg_score: -421.1600036621094
median_score: -420.5
std_score: 28.312795639038086
percentiles: 2%=-481.0400085449219, 5%=-471.1000061035156, 10%=-465.1000061035156, 25%=-436.5, 50%=-420.5, 75%=-401.5, 90%=-387.29998779296875, 95%=-378.8500061035156, 98%=-370.9800109863281
ranking_best_algo: CMAL3
ranking_best_score: 435.36
ranking_my_rank: 56/504 (89.1%)
ranking_my_percent: 89.08730158730158
