ConfigName: krbf__advnormalizedfitness__M4__L15__eps0p033__g0p005__ds0p3__dm0p01
Problem: NK
Kernel: rbf
Advantage: normalizedfitness
M: 4
lambda: 15
epsilon_svgd: 0.033
gamma: 0.005
decay_start_ratio: 0.3
decay_min_factor: 0.01
bandwith_kernel: None
no_interact: False
avg_score: 0.7041900753974915
median_score: 0.706321120262146
std_score: 0.015609173104166985
percentiles: 2%=0.6722027063369751, 5%=0.6782386898994446, 10%=0.6829588413238525, 25%=0.6927436590194702, 50%=0.706321120262146, 75%=0.7147049903869629, 90%=0.7227840423583984, 95%=0.7265617251396179, 98%=0.7297809720039368
ranking_best_algo: Tabu
ranking_best_score: 0.7429702712499999
ranking_my_rank: 177/504 (65.1%)
ranking_my_percent: 65.07936507936508
