ConfigName: kjsd__advperagentrankweighted__M4__L8__eps0p005__g0p0007__ds0p2__dm0p05
Problem: QUBO
Kernel: jsd
Advantage: peragentrankweighted
M: 4
lambda: 8
epsilon_svgd: 0.005
gamma: 0.0007
decay_start_ratio: 0.2
decay_min_factor: 0.05
bandwith_kernel: None
no_interact: False
avg_score: -2597.300048828125
median_score: -2592.5
std_score: 125.19340515136719
percentiles: 2%=-2840.02001953125, 5%=-2829.199951171875, 10%=-2785.699951171875, 25%=-2675.75, 50%=-2592.5, 75%=-2507.25, 90%=-2443.5, 95%=-2415.75, 98%=-2371.89990234375
ranking_best_algo: SVM1MetaModelLogNormal
ranking_best_score: 2605.14
ranking_my_rank: 10/504 (98.2%)
ranking_my_percent: 98.21428571428571
