ConfigName: krbf__advnormalizedfitness__M2__L8__eps0p033__g0p007__ds0p01__dm0p01
Problem: QUBO
Kernel: rbf
Advantage: normalizedfitness
M: 2
lambda: 8
epsilon_svgd: 0.033
gamma: 0.007
decay_start_ratio: 0.01
decay_min_factor: 0.01
bandwith_kernel: None
no_interact: False
avg_score: -1225.0
median_score: -1225.5
std_score: 62.3392333984375
percentiles: 2%=-1346.219970703125, 5%=-1324.300048828125, 10%=-1303.300048828125, 25%=-1273.75, 50%=-1225.5, 75%=-1187.25, 90%=-1148.800048828125, 95%=-1122.4000244140625, 98%=-1101.739990234375
ranking_best_algo: SVMMetaModelLogNormal
ranking_best_score: 1233.7999999999997
ranking_my_rank: 14/504 (97.4%)
ranking_my_percent: 97.42063492063492
