ConfigName: krbf__advnormalizedfitness__M4__L8__eps0p025__g0p005__ds0p15__dm0p01
Problem: QUBO
Kernel: rbf
Advantage: normalizedfitness
M: 4
lambda: 8
epsilon_svgd: 0.025
gamma: 0.005
decay_start_ratio: 0.15
decay_min_factor: 0.01
bandwith_kernel: None
no_interact: False
avg_score: -1558.5400390625
median_score: -1559.5
std_score: 81.85602569580078
percentiles: 2%=-1724.3800048828125, 5%=-1706.300048828125, 10%=-1659.0, 25%=-1614.25, 50%=-1559.5, 75%=-1499.5, 90%=-1454.4000244140625, 95%=-1431.0, 98%=-1406.1998291015625
ranking_best_algo: NLOPT_LN_PRAXIS
ranking_best_score: 1607.12
ranking_my_rank: 49/504 (90.5%)
ranking_my_percent: 90.47619047619048
