ConfigName: krbf__advnormalizedfitness__M4__L12__eps0p015__g0p005__ds0p15__dm0p3
Problem: QUBO
Kernel: rbf
Advantage: normalizedfitness
M: 4
lambda: 12
epsilon_svgd: 0.015
gamma: 0.005
decay_start_ratio: 0.15
decay_min_factor: 0.3
bandwith_kernel: None
no_interact: False
avg_score: -870.9400024414062
median_score: -868.0
std_score: 79.14958190917969
percentiles: 2%=-1031.5, 5%=-1009.2000122070312, 10%=-987.2000122070312, 25%=-920.75, 50%=-868.0, 75%=-817.0, 90%=-765.9000244140625, 95%=-754.9000244140625, 98%=-746.2398681640625
ranking_best_algo: CMApara
ranking_best_score: 964.9
ranking_my_rank: 238/504 (53.0%)
ranking_my_percent: 52.976190476190474
