ConfigName: krbf__advnormalizedfitness__M4__L8__eps0p015__g0p015__ds0p01__dm0p3
Problem: QUBO
Kernel: rbf
Advantage: normalizedfitness
M: 4
lambda: 8
epsilon_svgd: 0.015
gamma: 0.015
decay_start_ratio: 0.01
decay_min_factor: 0.3
bandwith_kernel: None
no_interact: False
avg_score: -346.6000061035156
median_score: -348.0
std_score: 37.40641403198242
percentiles: 2%=-417.05999755859375, 5%=-407.04998779296875, 10%=-392.1000061035156, 25%=-374.25, 50%=-348.0, 75%=-317.5, 90%=-299.4000244140625, 95%=-288.0, 98%=-269.91998291015625
ranking_best_algo: Tabu
ranking_best_score: 438.12
ranking_my_rank: 322/504 (36.3%)
ranking_my_percent: 36.30952380952381
