ConfigName: kjsd__advperagentrankweighted__M6__L10__eps0p02__g0p0005__ds0p05__dm0p05
Problem: QUBO
Kernel: jsd
Advantage: peragentrankweighted
M: 6
lambda: 10
epsilon_svgd: 0.02
gamma: 0.0005
decay_start_ratio: 0.05
decay_min_factor: 0.05
bandwith_kernel: None
no_interact: False
avg_score: -1307.56005859375
median_score: -1309.0
std_score: 55.1309928894043
percentiles: 2%=-1423.219970703125, 5%=-1390.25, 10%=-1375.4000244140625, 25%=-1344.75, 50%=-1309.0, 75%=-1263.25, 90%=-1240.199951171875, 95%=-1222.5, 98%=-1202.5999755859375
ranking_best_algo: BigLognormalDiscreteOnePlusOne
ranking_best_score: 1301.3600000000004
ranking_my_rank: 1/504 (100.0%)
ranking_my_percent: 100.0
