ConfigName: krbf__advnormalizedfitness__M2__L8__eps0p025__g0p015__ds0p15__dm0p01
Problem: QUBO
Kernel: rbf
Advantage: normalizedfitness
M: 2
lambda: 8
epsilon_svgd: 0.025
gamma: 0.015
decay_start_ratio: 0.15
decay_min_factor: 0.01
bandwith_kernel: None
no_interact: False
avg_score: -3288.0400390625
median_score: -3272.5
std_score: 116.66053009033203
percentiles: 2%=-3523.06005859375, 5%=-3478.0, 10%=-3434.5, 25%=-3361.0, 50%=-3272.5, 75%=-3210.0, 90%=-3168.60009765625, 95%=-3132.60009765625, 98%=-3059.56005859375
ranking_best_algo: RLSOnePlusOne
ranking_best_score: 3316.5199999999995
ranking_my_rank: 3/504 (99.6%)
ranking_my_percent: 99.60317460317461
