ConfigName: kjsd__advperagentrankweighted__M3__L18__eps0p007__g0p003__ds0p2__dm0p05
Problem: QUBO
Kernel: jsd
Advantage: peragentrankweighted
M: 3
lambda: 18
epsilon_svgd: 0.007
gamma: 0.003
decay_start_ratio: 0.2
decay_min_factor: 0.05
bandwith_kernel: None
no_interact: False
avg_score: -1143.6600341796875
median_score: -1137.5
std_score: 69.53836822509766
percentiles: 2%=-1308.06005859375, 5%=-1296.050048828125, 10%=-1233.199951171875, 25%=-1178.5, 50%=-1137.5, 75%=-1095.5, 90%=-1067.0, 95%=-1046.9000244140625, 98%=-1008.780029296875
ranking_best_algo: SVMMetaModelLogNormal
ranking_best_score: 1233.7999999999997
ranking_my_rank: 95/504 (81.3%)
ranking_my_percent: 81.34920634920636
