ConfigName: kjsd__advperagentrankweighted__M3__L24__eps0p005__g0p0005__ds0p05__dm0p1
Problem: QUBO
Kernel: jsd
Advantage: peragentrankweighted
M: 3
lambda: 24
epsilon_svgd: 0.005
gamma: 0.0005
decay_start_ratio: 0.05
decay_min_factor: 0.1
bandwith_kernel: None
no_interact: False
avg_score: -1198.280029296875
median_score: -1201.0
std_score: 61.755821228027344
percentiles: 2%=-1324.6600341796875, 5%=-1298.75, 10%=-1272.199951171875, 25%=-1234.75, 50%=-1201.0, 75%=-1163.75, 90%=-1114.0, 95%=-1099.5999755859375, 98%=-1081.739990234375
ranking_best_algo: Tabu
ranking_best_score: 1216.16
ranking_my_rank: 44/504 (91.5%)
ranking_my_percent: 91.46825396825396
