ConfigName: krbf__advnormalizedfitness__M5__L15__eps0p025__g0p01__ds0p05__dm0p05
Problem: QUBO
Kernel: rbf
Advantage: normalizedfitness
M: 5
lambda: 15
epsilon_svgd: 0.025
gamma: 0.01
decay_start_ratio: 0.05
decay_min_factor: 0.05
bandwith_kernel: None
no_interact: False
avg_score: -791.52001953125
median_score: -780.5
std_score: 81.90084838867188
percentiles: 2%=-969.780029296875, 5%=-933.7999877929688, 10%=-894.4000244140625, 25%=-848.5, 50%=-780.5, 75%=-730.75, 90%=-690.0, 95%=-668.8499755859375, 98%=-664.6799926757812
ranking_best_algo: CMApara
ranking_best_score: 964.9
ranking_my_rank: 317/504 (37.3%)
ranking_my_percent: 37.301587301587304
