ConfigName: kjsd__advperagentrankweighted__M3__L18__eps0p007__g0p001__ds0p2__dm0p1
Problem: NK
Kernel: jsd
Advantage: peragentrankweighted
M: 3
lambda: 18
epsilon_svgd: 0.007
gamma: 0.001
decay_start_ratio: 0.2
decay_min_factor: 0.1
bandwith_kernel: None
no_interact: False
avg_score: 0.735450804233551
median_score: 0.7367886304855347
std_score: 0.009314006194472313
percentiles: 2%=0.7156626582145691, 5%=0.7166374921798706, 10%=0.720996081829071, 25%=0.7298859357833862, 50%=0.7367886304855347, 75%=0.743006706237793, 90%=0.7457911968231201, 95%=0.7474144697189331, 98%=0.7486733198165894
ranking_best_algo: PBIL
ranking_best_score: 0.7248786399609374
ranking_my_rank: 1/504 (100.0%)
ranking_my_percent: 100.0
