ConfigName: kfr__advglobalrankweighted__M2__L8__eps0p015__g0p007__ds0p01__dm0p01
Problem: QUBO
Kernel: fr
Advantage: globalrankweighted
M: 2
lambda: 8
epsilon_svgd: 0.015
gamma: 0.007
decay_start_ratio: 0.01
decay_min_factor: 0.01
bandwith_kernel: None
no_interact: False
avg_score: -326.6600036621094
median_score: -327.0
std_score: 22.749162673950195
percentiles: 2%=-372.0, 5%=-357.0, 10%=-350.1000061035156, 25%=-341.25, 50%=-327.0, 75%=-315.5, 90%=-297.79998779296875, 95%=-286.0, 98%=-279.91998291015625
ranking_best_algo: CMApara
ranking_best_score: 344.22
ranking_my_rank: 111/504 (78.2%)
ranking_my_percent: 78.17460317460318
