ConfigName: krbf__advnormalizedfitness__M4__L10__eps0p033__g0p01__ds0p3__dm0p3
Problem: NK
Kernel: rbf
Advantage: normalizedfitness
M: 4
lambda: 10
epsilon_svgd: 0.033
gamma: 0.01
decay_start_ratio: 0.3
decay_min_factor: 0.3
bandwith_kernel: None
no_interact: False
avg_score: 0.709980845451355
median_score: 0.7106472253799438
std_score: 0.01500155683606863
percentiles: 2%=0.6726526618003845, 5%=0.6731001734733582, 10%=0.6968086957931519, 25%=0.7078679800033569, 50%=0.7106472253799438, 75%=0.7182643413543701, 90%=0.7252518534660339, 95%=0.7310054898262024, 98%=0.7323813438415527
ranking_best_algo: CMApara
ranking_best_score: 0.707475975
ranking_my_rank: 1/504 (100.0%)
ranking_my_percent: 100.0
