ConfigName: kjsd__advperagentrankweighted__M3__L24__eps0p005__g0p001__ds0p05__dm0p1
Problem: QUBO
Kernel: jsd
Advantage: peragentrankweighted
M: 3
lambda: 24
epsilon_svgd: 0.005
gamma: 0.001
decay_start_ratio: 0.05
decay_min_factor: 0.1
bandwith_kernel: None
no_interact: False
avg_score: -915.0
median_score: -906.0
std_score: 62.8479118347168
percentiles: 2%=-1038.1199951171875, 5%=-1024.199951171875, 10%=-1005.5, 25%=-954.0, 50%=-906.0, 75%=-869.25, 90%=-834.4000244140625, 95%=-825.7999877929688, 98%=-808.7999877929688
ranking_best_algo: CMAL3
ranking_best_score: 928.5800000000002
ranking_my_rank: 17/504 (96.8%)
ranking_my_percent: 96.82539682539682
