ConfigName: krbf__advnormalizedfitness__M3__L8__eps0p01__g0p001__ds0p05__dm0p05
Problem: QUBO
Kernel: rbf
Advantage: normalizedfitness
M: 3
lambda: 8
epsilon_svgd: 0.01
gamma: 0.001
decay_start_ratio: 0.05
decay_min_factor: 0.05
bandwith_kernel: None
no_interact: False
avg_score: -146.86000061035156
median_score: -146.0
std_score: 12.28415298461914
percentiles: 2%=-179.0, 5%=-167.3000030517578, 10%=-160.0, 25%=-155.0, 50%=-146.0, 75%=-137.75, 90%=-131.89999389648438, 95%=-127.0, 98%=-121.9800033569336
ranking_best_algo: CMApara
ranking_best_score: 154.28
ranking_my_rank: 109/504 (78.6%)
ranking_my_percent: 78.57142857142857
