ConfigName: kjsd__advperagentrankweighted__M10__L12__eps0p008__g0p0005__ds0p3__dm0p05
Problem: QUBO
Kernel: jsd
Advantage: peragentrankweighted
M: 10
lambda: 12
epsilon_svgd: 0.008
gamma: 0.0005
decay_start_ratio: 0.3
decay_min_factor: 0.05
bandwith_kernel: None
no_interact: False
avg_score: -1441.4000244140625
median_score: -1431.5
std_score: 114.17240905761719
percentiles: 2%=-1664.0400390625, 5%=-1625.5999755859375, 10%=-1596.199951171875, 25%=-1524.75, 50%=-1431.5, 75%=-1348.75, 90%=-1301.199951171875, 95%=-1272.9000244140625, 98%=-1245.6199951171875
ranking_best_algo: NLOPT_LN_PRAXIS
ranking_best_score: 1607.12
ranking_my_rank: 91/504 (82.1%)
ranking_my_percent: 82.14285714285714
