ConfigName: krbf__advnormalizedfitness__M1__L8__eps0p025__g0p005__ds0p3__dm0p01
Problem: QUBO
Kernel: rbf
Advantage: normalizedfitness
M: 1
lambda: 8
epsilon_svgd: 0.025
gamma: 0.005
decay_start_ratio: 0.3
decay_min_factor: 0.01
bandwith_kernel: None
no_interact: False
avg_score: -1197.760009765625
median_score: -1188.0
std_score: 64.10275268554688
percentiles: 2%=-1323.280029296875, 5%=-1317.050048828125, 10%=-1302.199951171875, 25%=-1235.5, 50%=-1188.0, 75%=-1146.5, 90%=-1119.0, 95%=-1111.0, 98%=-1094.599853515625
ranking_best_algo: SVMMetaModelLogNormal
ranking_best_score: 1233.7999999999997
ranking_my_rank: 58/504 (88.7%)
ranking_my_percent: 88.69047619047619
