ConfigName: krbf__advnormalizedfitness__M4__L8__eps0p03__g0p01__ds0p15__dm0p05
Problem: QUBO
Kernel: rbf
Advantage: normalizedfitness
M: 4
lambda: 8
epsilon_svgd: 0.03
gamma: 0.01
decay_start_ratio: 0.15
decay_min_factor: 0.05
bandwith_kernel: None
no_interact: False
avg_score: -438.29998779296875
median_score: -441.0
std_score: 25.063720703125
percentiles: 2%=-479.1199951171875, 5%=-473.20001220703125, 10%=-469.1000061035156, 25%=-458.0, 50%=-441.0, 75%=-420.5, 90%=-402.8999938964844, 95%=-395.95001220703125, 98%=-391.760009765625
ranking_best_algo: CMApara
ranking_best_score: 453.82
ranking_my_rank: 21/504 (96.0%)
ranking_my_percent: 96.03174603174604
