ConfigName: krbf__advnormalizedfitness__M2__L10__eps0p033__g0p005__ds0p3__dm0p3
Problem: QUBO
Kernel: rbf
Advantage: normalizedfitness
M: 2
lambda: 10
epsilon_svgd: 0.033
gamma: 0.005
decay_start_ratio: 0.3
decay_min_factor: 0.3
bandwith_kernel: None
no_interact: False
avg_score: -892.4199829101562
median_score: -893.0
std_score: 66.68225860595703
percentiles: 2%=-1032.199951171875, 5%=-1008.2999877929688, 10%=-983.0, 25%=-937.5, 50%=-893.0, 75%=-844.25, 90%=-812.7999877929688, 95%=-790.9000244140625, 98%=-779.8400268554688
ranking_best_algo: CMAL3
ranking_best_score: 928.5800000000002
ranking_my_rank: 96/504 (81.2%)
ranking_my_percent: 81.15079365079364
