ConfigName: krbf__advnormalizedfitness__M1__L8__eps0p015__g0p015__ds0p3__dm0p01
Problem: NK
Kernel: rbf
Advantage: normalizedfitness
M: 1
lambda: 8
epsilon_svgd: 0.015
gamma: 0.015
decay_start_ratio: 0.3
decay_min_factor: 0.01
bandwith_kernel: None
no_interact: False
avg_score: 0.7410701513290405
median_score: 0.7381937503814697
std_score: 0.028297409415245056
percentiles: 2%=0.6978256106376648, 5%=0.7011252045631409, 10%=0.7063541412353516, 25%=0.7205053567886353, 50%=0.7381937503814697, 75%=0.7568783760070801, 90%=0.7728591561317444, 95%=0.8044298887252808, 98%=0.8044741749763489
ranking_best_algo: CMApara
ranking_best_score: 0.7459277895312499
ranking_my_rank: 36/504 (93.1%)
ranking_my_percent: 93.05555555555556
