ConfigName: kjsd__advperagentrankweighted__M4__L10__eps0p01__g0p0003__ds0p2__dm0p05
Problem: QUBO
Kernel: jsd
Advantage: peragentrankweighted
M: 4
lambda: 10
epsilon_svgd: 0.01
gamma: 0.0003
decay_start_ratio: 0.2
decay_min_factor: 0.05
bandwith_kernel: None
no_interact: False
avg_score: -330.20001220703125
median_score: -334.0
std_score: 24.530797958374023
percentiles: 2%=-372.0, 5%=-372.0, 10%=-357.3999938964844, 25%=-346.0, 50%=-334.0, 75%=-313.5, 90%=-295.6000061035156, 95%=-287.8999938964844, 98%=-277.9200134277344
ranking_best_algo: CMApara
ranking_best_score: 344.22
ranking_my_rank: 79/504 (84.5%)
ranking_my_percent: 84.52380952380952
