ConfigName: krbf__advnormalizedfitness__M3__L15__eps0p025__g0p015__ds0p15__dm0p3
Problem: QUBO
Kernel: rbf
Advantage: normalizedfitness
M: 3
lambda: 15
epsilon_svgd: 0.025
gamma: 0.015
decay_start_ratio: 0.15
decay_min_factor: 0.3
bandwith_kernel: None
no_interact: False
avg_score: -1733.0799560546875
median_score: -1731.0
std_score: 180.06475830078125
percentiles: 2%=-2121.860107421875, 5%=-2030.550048828125, 10%=-1972.0999755859375, 25%=-1818.25, 50%=-1731.0, 75%=-1608.5, 90%=-1501.800048828125, 95%=-1469.4500732421875, 98%=-1403.639892578125
ranking_best_algo: DiscreteLengler2OnePlusOne
ranking_best_score: 2617.04
ranking_my_rank: 323/504 (36.1%)
ranking_my_percent: 36.111111111111114
