ConfigName: krbf__advnormalizedfitness__M1__L8__eps0p033__g0p007__ds0p3__dm0p01
Problem: NK
Kernel: rbf
Advantage: normalizedfitness
M: 1
lambda: 8
epsilon_svgd: 0.033
gamma: 0.007
decay_start_ratio: 0.3
decay_min_factor: 0.01
bandwith_kernel: None
no_interact: False
avg_score: 0.7041370272636414
median_score: 0.693912148475647
std_score: 0.03294422850012779
percentiles: 2%=0.6579141616821289, 5%=0.6650597453117371, 10%=0.667905330657959, 25%=0.675226092338562, 50%=0.693912148475647, 75%=0.7398130297660828, 90%=0.7483206987380981, 95%=0.7538161277770996, 98%=0.7584993243217468
ranking_best_algo: CMApara
ranking_best_score: 0.7118996098437498
ranking_my_rank: 159/504 (68.7%)
ranking_my_percent: 68.65079365079364
