ConfigName: kjsd__advperagentrankweighted__M4__L12__eps0p005__g0p0005__ds0p05__dm0p05
Problem: NK
Kernel: jsd
Advantage: peragentrankweighted
M: 4
lambda: 12
epsilon_svgd: 0.005
gamma: 0.0005
decay_start_ratio: 0.05
decay_min_factor: 0.05
bandwith_kernel: None
no_interact: False
avg_score: 0.7418876886367798
median_score: 0.7414071559906006
std_score: 0.013372836634516716
percentiles: 2%=0.7145133018493652, 5%=0.7195850014686584, 10%=0.7228584885597229, 25%=0.7340725660324097, 50%=0.7414071559906006, 75%=0.7509710192680359, 90%=0.7580884099006653, 95%=0.7610780000686646, 98%=0.7670608162879944
ranking_best_algo: Tabu
ranking_best_score: 0.7601875690625
ranking_my_rank: 12/504 (97.8%)
ranking_my_percent: 97.81746031746032
