ConfigName: krbf__advnormalizedfitness__M4__L10__eps0p025__g0p01__ds0p15__dm0p3
Problem: QUBO
Kernel: rbf
Advantage: normalizedfitness
M: 4
lambda: 10
epsilon_svgd: 0.025
gamma: 0.01
decay_start_ratio: 0.15
decay_min_factor: 0.3
bandwith_kernel: None
no_interact: False
avg_score: -307.8399963378906
median_score: -309.0
std_score: 39.00582504272461
percentiles: 2%=-388.0400085449219, 5%=-382.20001220703125, 10%=-360.0, 25%=-336.0, 50%=-309.0, 75%=-272.75, 90%=-259.8999938964844, 95%=-254.0, 98%=-253.9399871826172
ranking_best_algo: CMApara
ranking_best_score: 319.29999999999995
ranking_my_rank: 95/504 (81.3%)
ranking_my_percent: 81.34920634920636
