ConfigName: kjsd__advperagentrankweighted__M10__L10__eps0p008__g0p0005__ds0p05__dm0p05
Problem: NK
Kernel: jsd
Advantage: peragentrankweighted
M: 10
lambda: 10
epsilon_svgd: 0.008
gamma: 0.0005
decay_start_ratio: 0.05
decay_min_factor: 0.05
bandwith_kernel: None
no_interact: False
avg_score: 0.7457988858222961
median_score: 0.7411661744117737
std_score: 0.02833138033747673
percentiles: 2%=0.7001475095748901, 5%=0.707936704158783, 10%=0.7147190570831299, 25%=0.7228981256484985, 50%=0.7411661744117737, 75%=0.7616764307022095, 90%=0.7783373594284058, 95%=0.8104717135429382, 98%=0.8118547797203064
ranking_best_algo: CMApara
ranking_best_score: 0.7459277895312499
ranking_my_rank: 2/504 (99.8%)
ranking_my_percent: 99.8015873015873
