ConfigName: kjsd__advperagentrankweighted__M4__L10__eps0p005__g0p0003__ds0p2__dm0p05
Problem: NK
Kernel: jsd
Advantage: peragentrankweighted
M: 4
lambda: 10
epsilon_svgd: 0.005
gamma: 0.0003
decay_start_ratio: 0.2
decay_min_factor: 0.05
bandwith_kernel: None
no_interact: False
avg_score: 0.738466739654541
median_score: 0.7371431589126587
std_score: 0.01386001892387867
percentiles: 2%=0.7150171995162964, 5%=0.7187252640724182, 10%=0.7221653461456299, 25%=0.7291708588600159, 50%=0.7371431589126587, 75%=0.7457301616668701, 90%=0.7591978311538696, 95%=0.7626502513885498, 98%=0.7671045064926147
ranking_best_algo: Tabu
ranking_best_score: 0.7601875690625
ranking_my_rank: 19/504 (96.4%)
ranking_my_percent: 96.42857142857143
