ConfigName: krbf__advnormalizedfitness__M3__L8__eps0p033__g0p007__ds0p3__dm0p01
Problem: QUBO
Kernel: rbf
Advantage: normalizedfitness
M: 3
lambda: 8
epsilon_svgd: 0.033
gamma: 0.007
decay_start_ratio: 0.3
decay_min_factor: 0.01
bandwith_kernel: None
no_interact: False
avg_score: -414.9800109863281
median_score: -414.5
std_score: 24.600805282592773
percentiles: 2%=-473.0799865722656, 5%=-452.45001220703125, 10%=-443.29998779296875, 25%=-430.0, 50%=-414.5, 75%=-396.0, 90%=-386.0, 95%=-378.0, 98%=-373.7999572753906
ranking_best_algo: Tabu
ranking_best_score: 438.12
ranking_my_rank: 51/504 (90.1%)
ranking_my_percent: 90.07936507936508
