ConfigName: krbf__advnormalizedfitness__M4__L10__eps0p02__g0p01__ds0p15__dm0p05
Problem: NK
Kernel: rbf
Advantage: normalizedfitness
M: 4
lambda: 10
epsilon_svgd: 0.02
gamma: 0.01
decay_start_ratio: 0.15
decay_min_factor: 0.05
bandwith_kernel: None
no_interact: False
avg_score: 0.7101867198944092
median_score: 0.7109434604644775
std_score: 0.015004723332822323
percentiles: 2%=0.6728286147117615, 5%=0.6732664108276367, 10%=0.6962757110595703, 25%=0.7067596316337585, 50%=0.7109434604644775, 75%=0.7200291156768799, 90%=0.725371778011322, 95%=0.731370747089386, 98%=0.7315828204154968
ranking_best_algo: CMApara
ranking_best_score: 0.707475975
ranking_my_rank: 1/504 (100.0%)
ranking_my_percent: 100.0
