ConfigName: krbf__advnormalizedfitness__M4__L8__eps0p015__g0p005__ds0p3__dm0p3
Problem: QUBO
Kernel: rbf
Advantage: normalizedfitness
M: 4
lambda: 8
epsilon_svgd: 0.015
gamma: 0.005
decay_start_ratio: 0.3
decay_min_factor: 0.3
bandwith_kernel: None
no_interact: False
avg_score: -872.8599853515625
median_score: -863.0
std_score: 74.0478286743164
percentiles: 2%=-1025.219970703125, 5%=-996.0, 10%=-973.4000244140625, 25%=-930.25, 50%=-863.0, 75%=-821.0, 90%=-779.7000122070312, 95%=-761.800048828125, 98%=-742.679931640625
ranking_best_algo: CMAL3
ranking_best_score: 928.5800000000002
ranking_my_rank: 136/504 (73.2%)
ranking_my_percent: 73.21428571428571
