ConfigName: kjsd__advperagentrankweighted__M2__L20__eps0p005__g0p0005__ds0p05__dm0p05
Problem: NK
Kernel: jsd
Advantage: peragentrankweighted
M: 2
lambda: 20
epsilon_svgd: 0.005
gamma: 0.0005
decay_start_ratio: 0.05
decay_min_factor: 0.05
bandwith_kernel: None
no_interact: False
avg_score: 0.7244547009468079
median_score: 0.7234396934509277
std_score: 0.007838341407477856
percentiles: 2%=0.7067664861679077, 5%=0.7121442556381226, 10%=0.7164905071258545, 25%=0.7202343940734863, 50%=0.7234396934509277, 75%=0.7291693687438965, 90%=0.7345263957977295, 95%=0.7384475469589233, 98%=0.7427034378051758
ranking_best_algo: PBIL
ranking_best_score: 0.7170882103515624
ranking_my_rank: 1/504 (100.0%)
ranking_my_percent: 100.0
