ConfigName: krbf__advnormalizedfitness__M3__L12__eps0p025__g0p005__ds0p3__dm0p01
Problem: QUBO
Kernel: rbf
Advantage: normalizedfitness
M: 3
lambda: 12
epsilon_svgd: 0.025
gamma: 0.005
decay_start_ratio: 0.3
decay_min_factor: 0.01
bandwith_kernel: None
no_interact: False
avg_score: -310.5
median_score: -312.0
std_score: 37.400936126708984
percentiles: 2%=-388.1199951171875, 5%=-384.1000061035156, 10%=-361.0, 25%=-334.5, 50%=-312.0, 75%=-274.75, 90%=-266.0, 95%=-264.0, 98%=-260.94000244140625
ranking_best_algo: CMApara
ranking_best_score: 319.29999999999995
ranking_my_rank: 58/504 (88.7%)
ranking_my_percent: 88.69047619047619
