ConfigName: kjsd__advperagentrankweighted__M3__L16__eps0p01__g0p0007__ds0p1__dm0p05
Problem: QUBO
Kernel: jsd
Advantage: peragentrankweighted
M: 3
lambda: 16
epsilon_svgd: 0.01
gamma: 0.0007
decay_start_ratio: 0.1
decay_min_factor: 0.05
bandwith_kernel: None
no_interact: False
avg_score: -2600.179931640625
median_score: -2588.0
std_score: 128.77627563476562
percentiles: 2%=-2880.239990234375, 5%=-2822.10009765625, 10%=-2787.699951171875, 25%=-2683.0, 50%=-2588.0, 75%=-2507.5, 90%=-2438.699951171875, 95%=-2402.85009765625, 98%=-2381.8798828125
ranking_best_algo: SVM1MetaModelLogNormal
ranking_best_score: 2605.14
ranking_my_rank: 2/504 (99.8%)
ranking_my_percent: 99.8015873015873
