ConfigName: krbf__advnormalizedfitness__M2__L10__eps0p033__g0p007__ds0p3__dm0p01
Problem: QUBO
Kernel: rbf
Advantage: normalizedfitness
M: 2
lambda: 10
epsilon_svgd: 0.033
gamma: 0.007
decay_start_ratio: 0.3
decay_min_factor: 0.01
bandwith_kernel: None
no_interact: False
avg_score: -1291.93994140625
median_score: -1293.5
std_score: 60.90891647338867
percentiles: 2%=-1427.0400390625, 5%=-1386.550048828125, 10%=-1363.0999755859375, 25%=-1332.25, 50%=-1293.5, 75%=-1251.0, 90%=-1224.800048828125, 95%=-1210.800048828125, 98%=-1183.8800048828125
ranking_best_algo: BigLognormalDiscreteOnePlusOne
ranking_best_score: 1301.3600000000004
ranking_my_rank: 2/504 (99.8%)
ranking_my_percent: 99.8015873015873
