ConfigName: kjsd__advperagentrankweighted__M3__L16__eps0p01__g0p001__ds0p05__dm0p1
Problem: QUBO
Kernel: jsd
Advantage: peragentrankweighted
M: 3
lambda: 16
epsilon_svgd: 0.01
gamma: 0.001
decay_start_ratio: 0.05
decay_min_factor: 0.1
bandwith_kernel: None
no_interact: False
avg_score: -3311.260009765625
median_score: -3303.5
std_score: 108.68694305419922
percentiles: 2%=-3553.5400390625, 5%=-3479.85009765625, 10%=-3443.5, 25%=-3379.75, 50%=-3303.5, 75%=-3239.25, 90%=-3180.0, 95%=-3151.199951171875, 98%=-3095.820068359375
ranking_best_algo: RLSOnePlusOne
ranking_best_score: 3316.5199999999995
ranking_my_rank: 2/504 (99.8%)
ranking_my_percent: 99.8015873015873
