ConfigName: kjsd__advperagentrankweighted__M4__L12__eps0p005__g0p0007__ds0p4__dm0p05
Problem: NK
Kernel: jsd
Advantage: peragentrankweighted
M: 4
lambda: 12
epsilon_svgd: 0.005
gamma: 0.0007
decay_start_ratio: 0.4
decay_min_factor: 0.05
bandwith_kernel: None
no_interact: False
avg_score: 0.7377405762672424
median_score: 0.7382566928863525
std_score: 0.008463427424430847
percentiles: 2%=0.7227208614349365, 5%=0.7235293388366699, 10%=0.7262116074562073, 25%=0.7316686511039734, 50%=0.7382566928863525, 75%=0.7440434098243713, 90%=0.7469910979270935, 95%=0.7488549947738647, 98%=0.7537727355957031
ranking_best_algo: PBIL
ranking_best_score: 0.730509098125
ranking_my_rank: 1/504 (100.0%)
ranking_my_percent: 100.0
