ConfigName: krbf__advnormalizedfitness__M3__L8__eps0p015__g0p015__ds0p01__dm0p3
Problem: QUBO
Kernel: rbf
Advantage: normalizedfitness
M: 3
lambda: 8
epsilon_svgd: 0.015
gamma: 0.015
decay_start_ratio: 0.01
decay_min_factor: 0.3
bandwith_kernel: None
no_interact: False
avg_score: -856.219970703125
median_score: -859.0
std_score: 82.08197784423828
percentiles: 2%=-1044.0, 5%=-1006.2999877929688, 10%=-946.5, 25%=-910.25, 50%=-859.0, 75%=-791.75, 90%=-752.9000244140625, 95%=-739.7001342773438, 98%=-694.7599487304688
ranking_best_algo: CMApara
ranking_best_score: 964.9
ranking_my_rank: 256/504 (49.4%)
ranking_my_percent: 49.404761904761905
