ConfigName: kfr__advglobalrankweighted__M2__L11__eps0p01__g0p003__ds0p01__dm0p01
Problem: QUBO
Kernel: fr
Advantage: globalrankweighted
M: 2
lambda: 11
epsilon_svgd: 0.01
gamma: 0.003
decay_start_ratio: 0.01
decay_min_factor: 0.01
bandwith_kernel: None
no_interact: False
avg_score: -320.7799987792969
median_score: -324.0
std_score: 25.47924041748047
percentiles: 2%=-361.0, 5%=-354.1499938964844, 10%=-350.0, 25%=-340.0, 50%=-324.0, 75%=-307.0, 90%=-282.0, 95%=-278.95001220703125, 98%=-263.7999572753906
ranking_best_algo: CMApara
ranking_best_score: 344.22
ranking_my_rank: 161/504 (68.3%)
ranking_my_percent: 68.25396825396825
