ConfigName: kjsd__advperagentrankweighted__M4__L10__eps0p005__g0p0007__ds0p2__dm0p05
Problem: QUBO
Kernel: jsd
Advantage: peragentrankweighted
M: 4
lambda: 10
epsilon_svgd: 0.005
gamma: 0.0007
decay_start_ratio: 0.2
decay_min_factor: 0.05
bandwith_kernel: None
no_interact: False
avg_score: -1201.1400146484375
median_score: -1195.0
std_score: 56.96771240234375
percentiles: 2%=-1347.280029296875, 5%=-1312.949951171875, 10%=-1267.4000244140625, 25%=-1236.75, 50%=-1195.0, 75%=-1162.75, 90%=-1139.800048828125, 95%=-1122.5999755859375, 98%=-1094.699951171875
ranking_best_algo: Tabu
ranking_best_score: 1216.16
ranking_my_rank: 42/504 (91.9%)
ranking_my_percent: 91.86507936507937
