ConfigName: krbf__advnormalizedfitness__M3__L8__eps0p025__g0p005__ds0p3__dm0p3
Problem: NK
Kernel: rbf
Advantage: normalizedfitness
M: 3
lambda: 8
epsilon_svgd: 0.025
gamma: 0.005
decay_start_ratio: 0.3
decay_min_factor: 0.3
bandwith_kernel: None
no_interact: False
avg_score: 0.7099345326423645
median_score: 0.711040735244751
std_score: 0.015476035885512829
percentiles: 2%=0.6714249849319458, 5%=0.671707272529602, 10%=0.696061909198761, 25%=0.7049187421798706, 50%=0.711040735244751, 75%=0.718418538570404, 90%=0.7255440950393677, 95%=0.73228520154953, 98%=0.7339791655540466
ranking_best_algo: CMApara
ranking_best_score: 0.707475975
ranking_my_rank: 1/504 (100.0%)
ranking_my_percent: 100.0
