ConfigName: krbf__advnormalizedfitness__M4__L24__eps0p03__g0p01__ds0p05__dm0p05
Problem: NK
Kernel: rbf
Advantage: normalizedfitness
M: 4
lambda: 24
epsilon_svgd: 0.03
gamma: 0.01
decay_start_ratio: 0.05
decay_min_factor: 0.05
bandwith_kernel: None
no_interact: False
avg_score: 0.7054784893989563
median_score: 0.7071006894111633
std_score: 0.016098137944936752
percentiles: 2%=0.6639444231987, 5%=0.6661099791526794, 10%=0.6903928518295288, 25%=0.6995812058448792, 50%=0.7071006894111633, 75%=0.7154400944709778, 90%=0.7225560545921326, 95%=0.7269113063812256, 98%=0.7287570834159851
ranking_best_algo: CMApara
ranking_best_score: 0.707475975
ranking_my_rank: 7/504 (98.8%)
ranking_my_percent: 98.80952380952381
