ConfigName: kjsd__advperagentrankweighted__M5__L24__eps0p03__g0p0005__ds0p2__dm0p05
Problem: QUBO
Kernel: jsd
Advantage: peragentrankweighted
M: 5
lambda: 24
epsilon_svgd: 0.03
gamma: 0.0005
decay_start_ratio: 0.2
decay_min_factor: 0.05
bandwith_kernel: None
no_interact: False
avg_score: -1243.4200439453125
median_score: -1241.5
std_score: 58.15980911254883
percentiles: 2%=-1364.0799560546875, 5%=-1337.25, 10%=-1323.199951171875, 25%=-1284.25, 50%=-1241.5, 75%=-1194.75, 90%=-1169.0, 95%=-1154.800048828125, 98%=-1142.97998046875
ranking_best_algo: SVMMetaModelLogNormal
ranking_best_score: 1233.7999999999997
ranking_my_rank: 1/504 (100.0%)
ranking_my_percent: 100.0
