ConfigName: krbf__advnormalizedfitness__M3__L8__eps0p015__g0p005__ds0p3__dm0p01
Problem: NK
Kernel: rbf
Advantage: normalizedfitness
M: 3
lambda: 8
epsilon_svgd: 0.015
gamma: 0.005
decay_start_ratio: 0.3
decay_min_factor: 0.01
bandwith_kernel: None
no_interact: False
avg_score: 0.7375044226646423
median_score: 0.7381807565689087
std_score: 0.008871583268046379
percentiles: 2%=0.7208045721054077, 5%=0.7219985127449036, 10%=0.723544716835022, 25%=0.7322864532470703, 50%=0.7381807565689087, 75%=0.7439526319503784, 90%=0.7478663325309753, 95%=0.7504317760467529, 98%=0.753516674041748
ranking_best_algo: PBIL
ranking_best_score: 0.730509098125
ranking_my_rank: 1/504 (100.0%)
ranking_my_percent: 100.0
