ConfigName: kjsd__advperagentrankweighted__M4__L20__eps0p005__g0p0005__ds0p1__dm0p2
Problem: QUBO
Kernel: jsd
Advantage: peragentrankweighted
M: 4
lambda: 20
epsilon_svgd: 0.005
gamma: 0.0005
decay_start_ratio: 0.1
decay_min_factor: 0.2
bandwith_kernel: None
no_interact: False
avg_score: -910.3800048828125
median_score: -906.5
std_score: 64.46639251708984
percentiles: 2%=-1046.0, 5%=-1008.0999755859375, 10%=-990.0, 25%=-959.0, 50%=-906.5, 75%=-868.5, 90%=-835.9000244140625, 95%=-804.6500244140625, 98%=-775.8400268554688
ranking_best_algo: CMAL3
ranking_best_score: 928.5800000000002
ranking_my_rank: 20/504 (96.2%)
ranking_my_percent: 96.23015873015873
