ConfigName: kjsd__advperagentrankweighted__M3__L24__eps0p005__g0p001__ds0p05__dm0p2
Problem: QUBO
Kernel: jsd
Advantage: peragentrankweighted
M: 3
lambda: 24
epsilon_svgd: 0.005
gamma: 0.001
decay_start_ratio: 0.05
decay_min_factor: 0.2
bandwith_kernel: None
no_interact: False
avg_score: -575.239990234375
median_score: -575.0
std_score: 31.404176712036133
percentiles: 2%=-635.0, 5%=-625.2000122070312, 10%=-617.2000122070312, 25%=-595.0, 50%=-575.0, 75%=-554.75, 90%=-537.7000122070312, 95%=-525.9500122070312, 98%=-518.780029296875
ranking_best_algo: Tabu
ranking_best_score: 588.7199999999999
ranking_my_rank: 57/503 (88.9%)
ranking_my_percent: 88.86679920477137
