ConfigName: krbf__advnormalizedfitness__M4__L10__eps0p02__g0p001__ds0p05__dm0p05
Problem: QUBO
Kernel: rbf
Advantage: normalizedfitness
M: 4
lambda: 10
epsilon_svgd: 0.02
gamma: 0.001
decay_start_ratio: 0.05
decay_min_factor: 0.05
bandwith_kernel: None
no_interact: False
avg_score: -137.89999389648438
median_score: -139.0
std_score: 11.997917175292969
percentiles: 2%=-158.02000427246094, 5%=-157.0, 10%=-155.10000610351562, 25%=-146.25, 50%=-139.0, 75%=-130.0, 90%=-121.0, 95%=-117.0, 98%=-114.9800033569336
ranking_best_algo: DiscreteDE
ranking_best_score: 143.4
ranking_my_rank: 117/504 (77.0%)
ranking_my_percent: 76.98412698412699
