ConfigName: kjsd__advperagentrankweighted__M3__L24__eps0p007__g0p0005__ds0p05__dm0p1
Problem: NK
Kernel: jsd
Advantage: peragentrankweighted
M: 3
lambda: 24
epsilon_svgd: 0.007
gamma: 0.0005
decay_start_ratio: 0.05
decay_min_factor: 0.1
bandwith_kernel: None
no_interact: False
avg_score: 0.7478315234184265
median_score: 0.7485471963882446
std_score: 0.00749129569157958
percentiles: 2%=0.7328317761421204, 5%=0.7358574271202087, 10%=0.7375119924545288, 25%=0.7418438792228699, 50%=0.7485471963882446, 75%=0.7531836032867432, 90%=0.7571567893028259, 95%=0.7595627903938293, 98%=0.7626950144767761
ranking_best_algo: PBIL
ranking_best_score: 0.733570253046875
ranking_my_rank: 1/504 (100.0%)
ranking_my_percent: 100.0
