ConfigName: kfr__advglobalrankweighted__M6__L7__eps0p02__g0p007__ds0p01__dm0p01
Problem: QUBO
Kernel: fr
Advantage: globalrankweighted
M: 6
lambda: 7
epsilon_svgd: 0.02
gamma: 0.007
decay_start_ratio: 0.01
decay_min_factor: 0.01
bandwith_kernel: None
no_interact: False
avg_score: -149.24000549316406
median_score: -146.5
std_score: 12.276090621948242
percentiles: 2%=-179.0, 5%=-177.10000610351562, 10%=-164.0, 25%=-155.0, 50%=-146.5, 75%=-141.0, 90%=-135.0, 95%=-133.0, 98%=-126.95999145507812
ranking_best_algo: CMApara
ranking_best_score: 154.28
ranking_my_rank: 78/504 (84.7%)
ranking_my_percent: 84.72222222222223
