ConfigName: krbf__advnormalizedfitness__M3__L8__eps0p033__g0p015__ds0p01__dm0p3
Problem: NK
Kernel: rbf
Advantage: normalizedfitness
M: 3
lambda: 8
epsilon_svgd: 0.033
gamma: 0.015
decay_start_ratio: 0.01
decay_min_factor: 0.3
bandwith_kernel: None
no_interact: False
avg_score: 0.753464937210083
median_score: 0.7544724345207214
std_score: 0.013747709803283215
percentiles: 2%=0.7285081744194031, 5%=0.7301592230796814, 10%=0.7360740900039673, 25%=0.7436485886573792, 50%=0.7544724345207214, 75%=0.7633820176124573, 90%=0.7714653015136719, 95%=0.7722427845001221, 98%=0.7774662971496582
ranking_best_algo: Tabu
ranking_best_score: 0.7657846284375001
ranking_my_rank: 9/504 (98.4%)
ranking_my_percent: 98.41269841269842
