ConfigName: kjsd__advperagentrankweighted__M4__L10__eps0p03__g0p0005__ds0p2__dm0p05
Problem: QUBO
Kernel: jsd
Advantage: peragentrankweighted
M: 4
lambda: 10
epsilon_svgd: 0.03
gamma: 0.0005
decay_start_ratio: 0.2
decay_min_factor: 0.05
bandwith_kernel: None
no_interact: False
avg_score: -431.3599853515625
median_score: -432.0
std_score: 24.66232681274414
percentiles: 2%=-477.0400085449219, 5%=-469.1499938964844, 10%=-465.20001220703125, 25%=-449.0, 50%=-432.0, 75%=-411.75, 90%=-398.8999938964844, 95%=-393.8999938964844, 98%=-387.9800109863281
ranking_best_algo: CMApara
ranking_best_score: 453.82
ranking_my_rank: 85/504 (83.3%)
ranking_my_percent: 83.33333333333333
