ConfigName: kfr__advglobalrankweighted__M4__L24__eps0p015__g0p005__ds0p01__dm0p01
Problem: QUBO
Kernel: fr
Advantage: globalrankweighted
M: 4
lambda: 24
epsilon_svgd: 0.015
gamma: 0.005
decay_start_ratio: 0.01
decay_min_factor: 0.01
bandwith_kernel: None
no_interact: False
avg_score: -2790.93994140625
median_score: -2795.0
std_score: 169.86170959472656
percentiles: 2%=-3089.800048828125, 5%=-3073.10009765625, 10%=-3001.89990234375, 25%=-2924.5, 50%=-2795.0, 75%=-2671.75, 90%=-2565.89990234375, 95%=-2523.949951171875, 98%=-2499.939697265625
ranking_best_algo: RLSOnePlusOne
ranking_best_score: 3316.5199999999995
ranking_my_rank: 180/504 (64.5%)
ranking_my_percent: 64.48412698412699
