ConfigName: krbf__advnormalizedfitness__M3__L12__eps0p033__g0p01__ds0p3__dm0p3
Problem: NK
Kernel: rbf
Advantage: normalizedfitness
M: 3
lambda: 12
epsilon_svgd: 0.033
gamma: 0.01
decay_start_ratio: 0.3
decay_min_factor: 0.3
bandwith_kernel: None
no_interact: False
avg_score: 0.6022764444351196
median_score: 0.5994117259979248
std_score: 0.016675546765327454
percentiles: 2%=0.5810427069664001, 5%=0.582760751247406, 10%=0.58420729637146, 25%=0.5910165309906006, 50%=0.5994117259979248, 75%=0.6093916893005371, 90%=0.622394859790802, 95%=0.6279042959213257, 98%=0.6463326811790466
ranking_best_algo: PBIL
ranking_best_score: 0.7170882103515624
ranking_my_rank: 358/504 (29.2%)
ranking_my_percent: 29.166666666666668
