ConfigName: kfr__advglobalrankweighted__M5__L10__eps0p015__g0p005__ds0p01__dm0p01
Problem: QUBO
Kernel: fr
Advantage: globalrankweighted
M: 5
lambda: 10
epsilon_svgd: 0.015
gamma: 0.005
decay_start_ratio: 0.01
decay_min_factor: 0.01
bandwith_kernel: None
no_interact: False
avg_score: -3014.340087890625
median_score: -3014.0
std_score: 141.20767211914062
percentiles: 2%=-3298.199951171875, 5%=-3238.60009765625, 10%=-3187.300048828125, 25%=-3116.5, 50%=-3014.0, 75%=-2910.75, 90%=-2817.5, 95%=-2785.699951171875, 98%=-2757.760009765625
ranking_best_algo: RLSOnePlusOne
ranking_best_score: 3316.5199999999995
ranking_my_rank: 129/504 (74.6%)
ranking_my_percent: 74.60317460317461
