ConfigName: kjsd__advperagentrankweighted__M3__L18__eps0p007__g0p0007__ds0p2__dm0p2
Problem: QUBO
Kernel: jsd
Advantage: peragentrankweighted
M: 3
lambda: 18
epsilon_svgd: 0.007
gamma: 0.0007
decay_start_ratio: 0.2
decay_min_factor: 0.2
bandwith_kernel: None
no_interact: False
avg_score: -1238.02001953125
median_score: -1236.5
std_score: 63.1890754699707
percentiles: 2%=-1365.4000244140625, 5%=-1348.300048828125, 10%=-1319.4000244140625, 25%=-1283.0, 50%=-1236.5, 75%=-1186.75, 90%=-1164.800048828125, 95%=-1152.699951171875, 98%=-1126.780029296875
ranking_best_algo: SVMMetaModelLogNormal
ranking_best_score: 1233.7999999999997
ranking_my_rank: 1/504 (100.0%)
ranking_my_percent: 100.0
