ConfigName: kjsd__advperagentrankweighted__M3__L20__eps0p005__g0p001__ds0p1__dm0p05
Problem: QUBO
Kernel: jsd
Advantage: peragentrankweighted
M: 3
lambda: 20
epsilon_svgd: 0.005
gamma: 0.001
decay_start_ratio: 0.1
decay_min_factor: 0.05
bandwith_kernel: None
no_interact: False
avg_score: -428.05999755859375
median_score: -427.0
std_score: 29.977264404296875
percentiles: 2%=-481.0799865722656, 5%=-477.1000061035156, 10%=-473.0, 25%=-445.25, 50%=-427.0, 75%=-407.0, 90%=-390.79998779296875, 95%=-379.8500061035156, 98%=-366.8399963378906
ranking_best_algo: CMAL3
ranking_best_score: 435.36
ranking_my_rank: 15/504 (97.2%)
ranking_my_percent: 97.22222222222223
