ConfigName: krbf__advnormalizedfitness__M4__L15__eps0p015__g0p015__ds0p15__dm0p3
Problem: QUBO
Kernel: rbf
Advantage: normalizedfitness
M: 4
lambda: 15
epsilon_svgd: 0.015
gamma: 0.015
decay_start_ratio: 0.15
decay_min_factor: 0.3
bandwith_kernel: None
no_interact: False
avg_score: -114.9000015258789
median_score: -114.0
std_score: 9.830056190490723
percentiles: 2%=-133.10000610351562, 5%=-131.0500030517578, 10%=-128.0, 25%=-122.25, 50%=-114.0, 75%=-107.0, 90%=-103.9000015258789, 95%=-101.95000457763672, 98%=-96.0
ranking_best_algo: DiscreteDE
ranking_best_score: 143.4
ranking_my_rank: 385/504 (23.8%)
ranking_my_percent: 23.80952380952381
