ConfigName: kjsd__advperagentrankweighted__M3__L16__eps0p007__g0p0005__ds0p05__dm0p2
Problem: NK
Kernel: jsd
Advantage: peragentrankweighted
M: 3
lambda: 16
epsilon_svgd: 0.007
gamma: 0.0005
decay_start_ratio: 0.05
decay_min_factor: 0.2
bandwith_kernel: None
no_interact: False
avg_score: 0.7404306530952454
median_score: 0.7373974323272705
std_score: 0.02913382463157177
percentiles: 2%=0.6892480254173279, 5%=0.6950873732566833, 10%=0.7091677784919739, 25%=0.720593273639679, 50%=0.7373974323272705, 75%=0.7532591223716736, 90%=0.7773389220237732, 95%=0.8044298887252808, 98%=0.8044298887252808
ranking_best_algo: CMApara
ranking_best_score: 0.7459277895312499
ranking_my_rank: 45/504 (91.3%)
ranking_my_percent: 91.26984126984127
