ConfigName: kjsd__advperagentrankweighted__M3__L30__eps0p007__g0p001__ds0p1__dm0p1
Problem: NK
Kernel: jsd
Advantage: peragentrankweighted
M: 3
lambda: 30
epsilon_svgd: 0.007
gamma: 0.001
decay_start_ratio: 0.1
decay_min_factor: 0.1
bandwith_kernel: None
no_interact: False
avg_score: 0.6995912194252014
median_score: 0.6980645060539246
std_score: 0.013338252902030945
percentiles: 2%=0.6778237819671631, 5%=0.6810351610183716, 10%=0.6839895844459534, 25%=0.6900166273117065, 50%=0.6980645060539246, 75%=0.7074322700500488, 90%=0.7183356881141663, 95%=0.7243078351020813, 98%=0.7274061441421509
ranking_best_algo: PBIL
ranking_best_score: 0.7170882103515624
ranking_my_rank: 76/504 (85.1%)
ranking_my_percent: 85.11904761904762
