ConfigName: krbf__advnormalizedfitness__M3__L8__eps0p015__g0p005__ds0p3__dm0p01
Problem: QUBO
Kernel: rbf
Advantage: normalizedfitness
M: 3
lambda: 8
epsilon_svgd: 0.015
gamma: 0.005
decay_start_ratio: 0.3
decay_min_factor: 0.01
bandwith_kernel: None
no_interact: False
avg_score: -139.39999389648438
median_score: -141.0
std_score: 11.551623344421387
percentiles: 2%=-160.0, 5%=-158.0, 10%=-156.0, 25%=-146.25, 50%=-141.0, 75%=-131.0, 90%=-126.80000305175781, 95%=-122.90000915527344, 98%=-110.91998291015625
ranking_best_algo: DiscreteDE
ranking_best_score: 143.4
ranking_my_rank: 85/504 (83.3%)
ranking_my_percent: 83.33333333333333
