ConfigName: krbf__advnormalizedfitness__M3__L15__eps0p025__g0p015__ds0p15__dm0p01
Problem: NK
Kernel: rbf
Advantage: normalizedfitness
M: 3
lambda: 15
epsilon_svgd: 0.025
gamma: 0.015
decay_start_ratio: 0.15
decay_min_factor: 0.01
bandwith_kernel: None
no_interact: False
avg_score: 0.710364818572998
median_score: 0.7108423113822937
std_score: 0.015222987160086632
percentiles: 2%=0.6725636720657349, 5%=0.6728236079216003, 10%=0.6969329118728638, 25%=0.7073395848274231, 50%=0.7108423113822937, 75%=0.7201108336448669, 90%=0.7254841923713684, 95%=0.7323516011238098, 98%=0.7328630685806274
ranking_best_algo: CMApara
ranking_best_score: 0.707475975
ranking_my_rank: 1/504 (100.0%)
ranking_my_percent: 100.0
