ConfigName: krbf__advnormalizedfitness__M4__L8__eps0p015__g0p005__ds0p3__dm0p01
Problem: QUBO
Kernel: rbf
Advantage: normalizedfitness
M: 4
lambda: 8
epsilon_svgd: 0.015
gamma: 0.005
decay_start_ratio: 0.3
decay_min_factor: 0.01
bandwith_kernel: None
no_interact: False
avg_score: -574.1400146484375
median_score: -571.0
std_score: 31.68501853942871
percentiles: 2%=-639.0, 5%=-631.2000122070312, 10%=-616.2000122070312, 25%=-593.0, 50%=-571.0, 75%=-556.0, 90%=-539.5, 95%=-526.550048828125, 98%=-512.8399658203125
ranking_best_algo: Tabu
ranking_best_score: 588.7199999999999
ranking_my_rank: 57/503 (88.9%)
ranking_my_percent: 88.86679920477137
