ConfigName: kjsd__advperagentrankweighted__M5__L8__eps0p005__g0p003__ds0p4__dm0p2
Problem: QUBO
Kernel: jsd
Advantage: peragentrankweighted
M: 5
lambda: 8
epsilon_svgd: 0.005
gamma: 0.003
decay_start_ratio: 0.4
decay_min_factor: 0.2
bandwith_kernel: None
no_interact: False
avg_score: -1950.0400390625
median_score: -1931.0
std_score: 170.86708068847656
percentiles: 2%=-2274.719970703125, 5%=-2212.89990234375, 10%=-2180.89990234375, 25%=-2094.5, 50%=-1931.0, 75%=-1816.25, 90%=-1744.9000244140625, 95%=-1697.5, 98%=-1645.93994140625
ranking_best_algo: DiscreteLengler2OnePlusOne
ranking_best_score: 2617.04
ranking_my_rank: 289/504 (42.9%)
ranking_my_percent: 42.857142857142854
