ConfigName: kjsd__advperagentrankweighted__M4__L12__eps0p005__g0p0005__ds0p2__dm0p05
Problem: QUBO
Kernel: jsd
Advantage: peragentrankweighted
M: 4
lambda: 12
epsilon_svgd: 0.005
gamma: 0.0005
decay_start_ratio: 0.2
decay_min_factor: 0.05
bandwith_kernel: None
no_interact: False
avg_score: -200.27999877929688
median_score: -200.5
std_score: 11.808539390563965
percentiles: 2%=-224.0, 5%=-221.0500030517578, 10%=-215.1999969482422, 25%=-208.25, 50%=-200.5, 75%=-192.0, 90%=-183.89999389648438, 95%=-182.0, 98%=-176.0
ranking_best_algo: Tabu
ranking_best_score: 208.36000000000004
ranking_my_rank: 49/504 (90.5%)
ranking_my_percent: 90.47619047619048
