ConfigName: kfr__advglobalrankweighted__M1__L9__eps0p02__g0p005__ds0p01__dm0p01
Problem: QUBO
Kernel: fr
Advantage: globalrankweighted
M: 1
lambda: 9
epsilon_svgd: 0.02
gamma: 0.005
decay_start_ratio: 0.01
decay_min_factor: 0.01
bandwith_kernel: None
no_interact: False
avg_score: -542.4400024414062
median_score: -537.5
std_score: 32.453758239746094
percentiles: 2%=-608.02001953125, 5%=-597.0, 10%=-585.2000122070312, 25%=-566.25, 50%=-537.5, 75%=-522.5, 90%=-504.8999938964844, 95%=-498.2000732421875, 98%=-479.9599914550781
ranking_best_algo: Tabu
ranking_best_score: 588.7199999999999
ranking_my_rank: 164/503 (67.6%)
ranking_my_percent: 67.59443339960238
