ConfigName: krbf__advnormalizedfitness__M3__L12__eps0p015__g0p005__ds0p01__dm0p3
Problem: QUBO
Kernel: rbf
Advantage: normalizedfitness
M: 3
lambda: 12
epsilon_svgd: 0.015
gamma: 0.005
decay_start_ratio: 0.01
decay_min_factor: 0.3
bandwith_kernel: None
no_interact: False
avg_score: -426.1199951171875
median_score: -422.0
std_score: 25.93271255493164
percentiles: 2%=-479.0799865722656, 5%=-471.1000061035156, 10%=-466.1000061035156, 25%=-441.75, 50%=-422.0, 75%=-410.5, 90%=-397.0, 95%=-386.8500061035156, 98%=-371.94000244140625
ranking_best_algo: CMAL3
ranking_best_score: 435.36
ranking_my_rank: 23/504 (95.6%)
ranking_my_percent: 95.63492063492063
