ConfigName: kjsd__advperagentrankweighted__M3__L18__eps0p01__g0p003__ds0p2__dm0p1
Problem: QUBO
Kernel: jsd
Advantage: peragentrankweighted
M: 3
lambda: 18
epsilon_svgd: 0.01
gamma: 0.003
decay_start_ratio: 0.2
decay_min_factor: 0.1
bandwith_kernel: None
no_interact: False
avg_score: -3189.179931640625
median_score: -3178.5
std_score: 146.697265625
percentiles: 2%=-3447.179931640625, 5%=-3424.35009765625, 10%=-3376.89990234375, 25%=-3299.25, 50%=-3178.5, 75%=-3085.0, 90%=-3011.60009765625, 95%=-2953.699951171875, 98%=-2879.9599609375
ranking_best_algo: RLSOnePlusOne
ranking_best_score: 3316.5199999999995
ranking_my_rank: 57/504 (88.9%)
ranking_my_percent: 88.88888888888889
