ConfigName: kjsd__advperagentrankweighted__M6__L8__eps0p03__g0p0005__ds0p2__dm0p05
Problem: NK
Kernel: jsd
Advantage: peragentrankweighted
M: 6
lambda: 8
epsilon_svgd: 0.03
gamma: 0.0005
decay_start_ratio: 0.2
decay_min_factor: 0.05
bandwith_kernel: None
no_interact: False
avg_score: 0.7173949480056763
median_score: 0.7172600030899048
std_score: 0.008252725936472416
percentiles: 2%=0.69809889793396, 5%=0.704352617263794, 10%=0.7069249153137207, 25%=0.7124001383781433, 50%=0.7172600030899048, 75%=0.7230840921401978, 90%=0.7277408242225647, 95%=0.7296202778816223, 98%=0.7318198084831238
ranking_best_algo: Tabu
ranking_best_score: 0.7429702712499999
ranking_my_rank: 64/504 (87.5%)
ranking_my_percent: 87.5
