ConfigName: kjsd__advperagentrankweighted__M3__L18__eps0p005__g0p003__ds0p2__dm0p2
Problem: NK
Kernel: jsd
Advantage: peragentrankweighted
M: 3
lambda: 18
epsilon_svgd: 0.005
gamma: 0.003
decay_start_ratio: 0.2
decay_min_factor: 0.2
bandwith_kernel: None
no_interact: False
avg_score: 0.6244800686836243
median_score: 0.6220204830169678
std_score: 0.015438567847013474
percentiles: 2%=0.6020121574401855, 5%=0.6053285598754883, 10%=0.6088312864303589, 25%=0.6138849854469299, 50%=0.6220204830169678, 75%=0.6314197182655334, 90%=0.6462968587875366, 95%=0.6560593843460083, 98%=0.6662092804908752
ranking_best_algo: Tabu
ranking_best_score: 0.7429702712499999
ranking_my_rank: 367/504 (27.4%)
ranking_my_percent: 27.38095238095238
