ConfigName: kfr__advglobalrankweighted__M4__L12__eps0p015__g0p003__ds0p01__dm0p01
Problem: QUBO
Kernel: fr
Advantage: globalrankweighted
M: 4
lambda: 12
epsilon_svgd: 0.015
gamma: 0.003
decay_start_ratio: 0.01
decay_min_factor: 0.01
bandwith_kernel: None
no_interact: False
avg_score: -575.8400268554688
median_score: -576.0
std_score: 27.117048263549805
percentiles: 2%=-641.0800170898438, 5%=-625.2999877929688, 10%=-610.0999755859375, 25%=-591.25, 50%=-576.0, 75%=-556.75, 90%=-541.7000122070312, 95%=-532.9000244140625, 98%=-529.9199829101562
ranking_best_algo: Tabu
ranking_best_score: 588.7199999999999
ranking_my_rank: 57/503 (88.9%)
ranking_my_percent: 88.86679920477137
