ConfigName: kfr__advglobalrankweighted__M4__L9__eps0p02__g0p003__ds0p01__dm0p01
Problem: QUBO
Kernel: fr
Advantage: globalrankweighted
M: 4
lambda: 9
epsilon_svgd: 0.02
gamma: 0.003
decay_start_ratio: 0.01
decay_min_factor: 0.01
bandwith_kernel: None
no_interact: False
avg_score: -3214.5
median_score: -3210.0
std_score: 126.29136657714844
percentiles: 2%=-3434.239990234375, 5%=-3413.25, 10%=-3377.60009765625, 25%=-3312.75, 50%=-3210.0, 75%=-3127.75, 90%=-3052.10009765625, 95%=-3011.800048828125, 98%=-2973.4599609375
ranking_best_algo: RLSOnePlusOne
ranking_best_score: 3316.5199999999995
ranking_my_rank: 48/504 (90.7%)
ranking_my_percent: 90.67460317460318
