ConfigName: kjsd__advperagentrankweighted__M3__L16__eps0p01__g0p0005__ds0p1__dm0p1
Problem: NK
Kernel: jsd
Advantage: peragentrankweighted
M: 3
lambda: 16
epsilon_svgd: 0.01
gamma: 0.0005
decay_start_ratio: 0.1
decay_min_factor: 0.1
bandwith_kernel: None
no_interact: False
avg_score: 0.7288426756858826
median_score: 0.7287651300430298
std_score: 0.009461715817451477
percentiles: 2%=0.7089629769325256, 5%=0.7122679352760315, 10%=0.7176551818847656, 25%=0.7223973274230957, 50%=0.7287651300430298, 75%=0.7354228496551514, 90%=0.7404255867004395, 95%=0.7433066964149475, 98%=0.7459987998008728
ranking_best_algo: Tabu
ranking_best_score: 0.7429702712499999
ranking_my_rank: 2/504 (99.8%)
ranking_my_percent: 99.8015873015873
