ConfigName: kjsd__advperagentrankweighted__M3__L16__eps0p007__g0p0005__ds0p05__dm0p05
Problem: NK
Kernel: jsd
Advantage: peragentrankweighted
M: 3
lambda: 16
epsilon_svgd: 0.007
gamma: 0.0005
decay_start_ratio: 0.05
decay_min_factor: 0.05
bandwith_kernel: None
no_interact: False
avg_score: 0.7099394202232361
median_score: 0.7111425399780273
std_score: 0.015330513939261436
percentiles: 2%=0.6708718538284302, 5%=0.6720489859580994, 10%=0.6961547136306763, 25%=0.7065209150314331, 50%=0.7111425399780273, 75%=0.7190819978713989, 90%=0.725322961807251, 95%=0.732177734375, 98%=0.7328538298606873
ranking_best_algo: CMApara
ranking_best_score: 0.707475975
ranking_my_rank: 1/504 (100.0%)
ranking_my_percent: 100.0
