ConfigName: kfr__advglobalrankweighted__M4__L5__eps0p03__g0p007__ds0p01__dm0p01
Problem: QUBO
Kernel: fr
Advantage: globalrankweighted
M: 4
lambda: 5
epsilon_svgd: 0.03
gamma: 0.007
decay_start_ratio: 0.01
decay_min_factor: 0.01
bandwith_kernel: None
no_interact: False
avg_score: -427.7799987792969
median_score: -427.5
std_score: 26.38771629333496
percentiles: 2%=-481.0, 5%=-475.1000061035156, 10%=-459.3999938964844, 25%=-442.5, 50%=-427.5, 75%=-412.0, 90%=-396.8999938964844, 95%=-384.8500061035156, 98%=-365.8800048828125
ranking_best_algo: CMAL3
ranking_best_score: 435.36
ranking_my_rank: 18/504 (96.6%)
ranking_my_percent: 96.62698412698413
