ConfigName: kfr__advglobalrankweighted__M3__L9__eps0p01__g0p007__ds0p01__dm0p01
Problem: QUBO
Kernel: fr
Advantage: globalrankweighted
M: 3
lambda: 9
epsilon_svgd: 0.01
gamma: 0.007
decay_start_ratio: 0.01
decay_min_factor: 0.01
bandwith_kernel: None
no_interact: False
avg_score: -200.1999969482422
median_score: -201.0
std_score: 12.701180458068848
percentiles: 2%=-224.0, 5%=-222.10000610351562, 10%=-217.10000610351562, 25%=-207.0, 50%=-201.0, 75%=-192.75, 90%=-181.89999389648438, 95%=-176.85000610351562, 98%=-171.95999145507812
ranking_best_algo: Tabu
ranking_best_score: 208.36000000000004
ranking_my_rank: 51/504 (90.1%)
ranking_my_percent: 90.07936507936508
