ConfigName: krbf__advnormalizedfitness__M4__L10__eps0p033__g0p015__ds0p15__dm0p3
Problem: QUBO
Kernel: rbf
Advantage: normalizedfitness
M: 4
lambda: 10
epsilon_svgd: 0.033
gamma: 0.015
decay_start_ratio: 0.15
decay_min_factor: 0.3
bandwith_kernel: None
no_interact: False
avg_score: -1750.6800537109375
median_score: -1736.5
std_score: 136.4381866455078
percentiles: 2%=-2008.260009765625, 5%=-1995.199951171875, 10%=-1927.199951171875, 25%=-1853.0, 50%=-1736.5, 75%=-1662.0, 90%=-1581.5999755859375, 95%=-1552.3001708984375, 98%=-1465.919921875
ranking_best_algo: SVM1MetaModelLogNormal
ranking_best_score: 2605.14
ranking_my_rank: 322/504 (36.3%)
ranking_my_percent: 36.30952380952381
