ConfigName: krbf__advnormalizedfitness__M3__L8__eps0p025__g0p01__ds0p01__dm0p3
Problem: QUBO
Kernel: rbf
Advantage: normalizedfitness
M: 3
lambda: 8
epsilon_svgd: 0.025
gamma: 0.01
decay_start_ratio: 0.01
decay_min_factor: 0.3
bandwith_kernel: None
no_interact: False
avg_score: -412.8399963378906
median_score: -416.0
std_score: 25.998737335205078
percentiles: 2%=-461.20001220703125, 5%=-453.04998779296875, 10%=-450.1000061035156, 25%=-428.5, 50%=-416.0, 75%=-393.75, 90%=-379.79998779296875, 95%=-372.0, 98%=-367.679931640625
ranking_best_algo: Tabu
ranking_best_score: 438.12
ranking_my_rank: 64/504 (87.5%)
ranking_my_percent: 87.5
