ConfigName: kfr__advglobalrankweighted__M4__L11__eps0p01__g0p003__ds0p01__dm0p01
Problem: QUBO
Kernel: fr
Advantage: globalrankweighted
M: 4
lambda: 11
epsilon_svgd: 0.01
gamma: 0.003
decay_start_ratio: 0.01
decay_min_factor: 0.01
bandwith_kernel: None
no_interact: False
avg_score: -329.82000732421875
median_score: -334.0
std_score: 22.979286193847656
percentiles: 2%=-372.0, 5%=-355.29998779296875, 10%=-354.0, 25%=-343.0, 50%=-334.0, 75%=-320.0, 90%=-291.8999938964844, 95%=-286.75, 98%=-273.8800048828125
ranking_best_algo: CMApara
ranking_best_score: 344.22
ranking_my_rank: 80/504 (84.3%)
ranking_my_percent: 84.32539682539682
