ConfigName: kjsd__advperagentrankweighted__M3__L18__eps0p01__g0p0005__ds0p2__dm0p1
Problem: NK
Kernel: jsd
Advantage: peragentrankweighted
M: 3
lambda: 18
epsilon_svgd: 0.01
gamma: 0.0005
decay_start_ratio: 0.2
decay_min_factor: 0.1
bandwith_kernel: None
no_interact: False
avg_score: 0.750949501991272
median_score: 0.750063419342041
std_score: 0.015622821636497974
percentiles: 2%=0.7197669744491577, 5%=0.7244294285774231, 10%=0.728797435760498, 25%=0.7411104440689087, 50%=0.750063419342041, 75%=0.762590229511261, 90%=0.7695260643959045, 95%=0.7770389914512634, 98%=0.778850257396698
ranking_best_algo: Tabu
ranking_best_score: 0.7657846284375001
ranking_my_rank: 18/504 (96.6%)
ranking_my_percent: 96.62698412698413
