ConfigName: kjsd__advperagentrankweighted__M3__L24__eps0p007__g0p001__ds0p1__dm0p05
Problem: QUBO
Kernel: jsd
Advantage: peragentrankweighted
M: 3
lambda: 24
epsilon_svgd: 0.007
gamma: 0.001
decay_start_ratio: 0.1
decay_min_factor: 0.05
bandwith_kernel: None
no_interact: False
avg_score: -1190.1400146484375
median_score: -1192.0
std_score: 61.079620361328125
percentiles: 2%=-1311.47998046875, 5%=-1279.5999755859375, 10%=-1265.4000244140625, 25%=-1231.5, 50%=-1192.0, 75%=-1151.25, 90%=-1101.9000244140625, 95%=-1092.800048828125, 98%=-1062.97998046875
ranking_best_algo: Tabu
ranking_best_score: 1216.16
ranking_my_rank: 55/504 (89.3%)
ranking_my_percent: 89.28571428571429
