ConfigName: krbf__advnormalizedfitness__M3__L8__eps0p015__g0p01__ds0p15__dm0p01
Problem: NK
Kernel: rbf
Advantage: normalizedfitness
M: 3
lambda: 8
epsilon_svgd: 0.015
gamma: 0.01
decay_start_ratio: 0.15
decay_min_factor: 0.01
bandwith_kernel: None
no_interact: False
avg_score: 0.7379602789878845
median_score: 0.7393192052841187
std_score: 0.00897546112537384
percentiles: 2%=0.7185894250869751, 5%=0.7215074300765991, 10%=0.7235502004623413, 25%=0.7342996597290039, 50%=0.7393192052841187, 75%=0.7441825866699219, 90%=0.7466306686401367, 95%=0.751504123210907, 98%=0.7539503574371338
ranking_best_algo: PBIL
ranking_best_score: 0.730509098125
ranking_my_rank: 1/504 (100.0%)
ranking_my_percent: 100.0
