ConfigName: kjsd__advperagentrankweighted__M3__L20__eps0p007__g0p003__ds0p2__dm0p2
Problem: QUBO
Kernel: jsd
Advantage: peragentrankweighted
M: 3
lambda: 20
epsilon_svgd: 0.007
gamma: 0.003
decay_start_ratio: 0.2
decay_min_factor: 0.2
bandwith_kernel: None
no_interact: False
avg_score: -307.8399963378906
median_score: -307.0
std_score: 38.381431579589844
percentiles: 2%=-390.0799865722656, 5%=-388.0, 10%=-356.3999938964844, 25%=-331.0, 50%=-307.0, 75%=-272.0, 90%=-264.0, 95%=-263.95001220703125, 98%=-252.9600067138672
ranking_best_algo: CMApara
ranking_best_score: 319.29999999999995
ranking_my_rank: 95/504 (81.3%)
ranking_my_percent: 81.34920634920636
