ConfigName: kjsd__advperagentrankweighted__M4__L8__eps0p01__g0p0003__ds0p2__dm0p05
Problem: QUBO
Kernel: jsd
Advantage: peragentrankweighted
M: 4
lambda: 8
epsilon_svgd: 0.01
gamma: 0.0003
decay_start_ratio: 0.2
decay_min_factor: 0.05
bandwith_kernel: None
no_interact: False
avg_score: -3233.159912109375
median_score: -3229.5
std_score: 111.65542602539062
percentiles: 2%=-3435.239990234375, 5%=-3407.39990234375, 10%=-3376.5, 25%=-3317.0, 50%=-3229.5, 75%=-3163.5, 90%=-3100.39990234375, 95%=-3050.550048828125, 98%=-3031.800048828125
ranking_best_algo: RLSOnePlusOne
ranking_best_score: 3316.5199999999995
ranking_my_rank: 42/504 (91.9%)
ranking_my_percent: 91.86507936507937
