ConfigName: krbf__advnormalizedfitness__M3__L15__eps0p033__g0p007__ds0p15__dm0p3
Problem: NK
Kernel: rbf
Advantage: normalizedfitness
M: 3
lambda: 15
epsilon_svgd: 0.033
gamma: 0.007
decay_start_ratio: 0.15
decay_min_factor: 0.3
bandwith_kernel: None
no_interact: False
avg_score: 0.6279506087303162
median_score: 0.6225847005844116
std_score: 0.022430507466197014
percentiles: 2%=0.5965373516082764, 5%=0.5970921516418457, 10%=0.6018584966659546, 25%=0.6129574775695801, 50%=0.6225847005844116, 75%=0.6379103064537048, 90%=0.6580464243888855, 95%=0.6762951612472534, 98%=0.6815568804740906
ranking_best_algo: PBIL
ranking_best_score: 0.7170882103515624
ranking_my_rank: 307/504 (39.3%)
ranking_my_percent: 39.285714285714285
