ConfigName: kjsd__advperagentrankweighted__M6__L8__eps0p03__g0p0007__ds0p2__dm0p05
Problem: QUBO
Kernel: jsd
Advantage: peragentrankweighted
M: 6
lambda: 8
epsilon_svgd: 0.03
gamma: 0.0007
decay_start_ratio: 0.2
decay_min_factor: 0.05
bandwith_kernel: None
no_interact: False
avg_score: -1296.06005859375
median_score: -1294.5
std_score: 51.66987991333008
percentiles: 2%=-1403.3599853515625, 5%=-1379.75, 10%=-1366.300048828125, 25%=-1327.0, 50%=-1294.5, 75%=-1261.5, 90%=-1232.800048828125, 95%=-1220.8499755859375, 98%=-1206.5999755859375
ranking_best_algo: BigLognormalDiscreteOnePlusOne
ranking_best_score: 1301.3600000000004
ranking_my_rank: 2/504 (99.8%)
ranking_my_percent: 99.8015873015873
