ConfigName: kfr__advglobalrankweighted__M4__L11__eps0p01__g0p007__ds0p01__dm0p01
Problem: QUBO
Kernel: fr
Advantage: globalrankweighted
M: 4
lambda: 11
epsilon_svgd: 0.01
gamma: 0.007
decay_start_ratio: 0.01
decay_min_factor: 0.01
bandwith_kernel: None
no_interact: False
avg_score: -139.5800018310547
median_score: -141.0
std_score: 10.16973876953125
percentiles: 2%=-156.05999755859375, 5%=-155.0, 10%=-152.0, 25%=-146.25, 50%=-141.0, 75%=-130.0, 90%=-125.9000015258789, 95%=-123.0, 98%=-120.95999908447266
ranking_best_algo: DiscreteDE
ranking_best_score: 143.4
ranking_my_rank: 84/504 (83.5%)
ranking_my_percent: 83.53174603174604
