ConfigName: krbf__advnormalizedfitness__M3__L8__eps0p033__g0p01__ds0p15__dm0p3
Problem: NK
Kernel: rbf
Advantage: normalizedfitness
M: 3
lambda: 8
epsilon_svgd: 0.033
gamma: 0.01
decay_start_ratio: 0.15
decay_min_factor: 0.3
bandwith_kernel: None
no_interact: False
avg_score: 0.7423509359359741
median_score: 0.7412219047546387
std_score: 0.010942679829895496
percentiles: 2%=0.7234805822372437, 5%=0.72638338804245, 10%=0.7299541234970093, 25%=0.7335853576660156, 50%=0.7412219047546387, 75%=0.748827338218689, 90%=0.7577361464500427, 95%=0.7626727819442749, 98%=0.7644765377044678
ranking_best_algo: PBIL
ranking_best_score: 0.733570253046875
ranking_my_rank: 1/504 (100.0%)
ranking_my_percent: 100.0
