ConfigName: krbf__advnormalizedfitness__M3__L8__eps0p015__g0p005__ds0p3__dm0p01
Problem: QUBO
Kernel: rbf
Advantage: normalizedfitness
M: 3
lambda: 8
epsilon_svgd: 0.015
gamma: 0.005
decay_start_ratio: 0.3
decay_min_factor: 0.01
bandwith_kernel: None
no_interact: False
avg_score: -2505.840087890625
median_score: -2501.5
std_score: 149.2819366455078
percentiles: 2%=-2760.0400390625, 5%=-2717.050048828125, 10%=-2677.10009765625, 25%=-2615.25, 50%=-2501.5, 75%=-2398.5, 90%=-2323.0, 95%=-2248.400146484375, 98%=-2146.93994140625
ranking_best_algo: SVM1MetaModelLogNormal
ranking_best_score: 2605.14
ranking_my_rank: 62/504 (87.9%)
ranking_my_percent: 87.89682539682539
