ConfigName: kjsd__advperagentrankweighted__M6__L8__eps0p03__g0p0007__ds0p2__dm0p05
Problem: NK
Kernel: jsd
Advantage: peragentrankweighted
M: 6
lambda: 8
epsilon_svgd: 0.03
gamma: 0.0007
decay_start_ratio: 0.2
decay_min_factor: 0.05
bandwith_kernel: None
no_interact: False
avg_score: 0.7087376117706299
median_score: 0.7103233337402344
std_score: 0.015366842038929462
percentiles: 2%=0.6689765453338623, 5%=0.6715842485427856, 10%=0.6955288648605347, 25%=0.7036361694335938, 50%=0.7103233337402344, 75%=0.7174314260482788, 90%=0.725019097328186, 95%=0.7306243777275085, 98%=0.7332238554954529
ranking_best_algo: CMApara
ranking_best_score: 0.707475975
ranking_my_rank: 1/504 (100.0%)
ranking_my_percent: 100.0
