ConfigName: krbf__advnormalizedfitness__M4__L15__eps0p015__g0p01__ds0p3__dm0p3
Problem: QUBO
Kernel: rbf
Advantage: normalizedfitness
M: 4
lambda: 15
epsilon_svgd: 0.015
gamma: 0.01
decay_start_ratio: 0.3
decay_min_factor: 0.3
bandwith_kernel: None
no_interact: False
avg_score: -464.6600036621094
median_score: -455.5
std_score: 34.90994644165039
percentiles: 2%=-550.5, 5%=-520.2999877929688, 10%=-509.29998779296875, 25%=-488.25, 50%=-455.5, 75%=-439.0, 90%=-427.0, 95%=-422.8000183105469, 98%=-406.91998291015625
ranking_best_algo: NLOPT_LN_PRAXIS
ranking_best_score: 1607.12
ranking_my_rank: 396/504 (21.6%)
ranking_my_percent: 21.626984126984127
