ConfigName: kjsd__advperagentrankweighted__M3__L20__eps0p005__g0p001__ds0p05__dm0p1
Problem: NK
Kernel: jsd
Advantage: peragentrankweighted
M: 3
lambda: 20
epsilon_svgd: 0.005
gamma: 0.001
decay_start_ratio: 0.05
decay_min_factor: 0.1
bandwith_kernel: None
no_interact: False
avg_score: 0.7520192861557007
median_score: 0.752123236656189
std_score: 0.012211550027132034
percentiles: 2%=0.7262384295463562, 5%=0.7291972637176514, 10%=0.7340070009231567, 25%=0.7445851564407349, 50%=0.752123236656189, 75%=0.7600021958351135, 90%=0.7667939066886902, 95%=0.7715705633163452, 98%=0.7746573090553284
ranking_best_algo: Tabu
ranking_best_score: 0.7657846284375001
ranking_my_rank: 14/504 (97.4%)
ranking_my_percent: 97.42063492063492
