ConfigName: kfr__advglobalrankweighted__M5__L10__eps0p01__g0p007__ds0p01__dm0p01
Problem: QUBO
Kernel: fr
Advantage: globalrankweighted
M: 5
lambda: 10
epsilon_svgd: 0.01
gamma: 0.007
decay_start_ratio: 0.01
decay_min_factor: 0.01
bandwith_kernel: None
no_interact: False
avg_score: -411.760009765625
median_score: -413.5
std_score: 27.148155212402344
percentiles: 2%=-465.0400085449219, 5%=-453.0, 10%=-449.29998779296875, 25%=-429.25, 50%=-413.5, 75%=-392.0, 90%=-373.79998779296875, 95%=-367.9000244140625, 98%=-355.91998291015625
ranking_best_algo: Tabu
ranking_best_score: 438.12
ranking_my_rank: 77/504 (84.9%)
ranking_my_percent: 84.92063492063492
