ConfigName: krbf__advnormalizedfitness__M3__L12__eps0p033__g0p01__ds0p01__dm0p01
Problem: NK
Kernel: rbf
Advantage: normalizedfitness
M: 3
lambda: 12
epsilon_svgd: 0.033
gamma: 0.01
decay_start_ratio: 0.01
decay_min_factor: 0.01
bandwith_kernel: None
no_interact: False
avg_score: 0.7380794286727905
median_score: 0.7388390302658081
std_score: 0.008814890868961811
percentiles: 2%=0.7197045087814331, 5%=0.7221246361732483, 10%=0.7246376276016235, 25%=0.7328335642814636, 50%=0.7388390302658081, 75%=0.7442300319671631, 90%=0.7472188472747803, 95%=0.7518359422683716, 98%=0.7536812424659729
ranking_best_algo: PBIL
ranking_best_score: 0.730509098125
ranking_my_rank: 1/504 (100.0%)
ranking_my_percent: 100.0
