ConfigName: kfr__advglobalrankweighted__M5__L8__eps0p015__g0p007__ds0p01__dm0p01
Problem: QUBO
Kernel: fr
Advantage: globalrankweighted
M: 5
lambda: 8
epsilon_svgd: 0.015
gamma: 0.007
decay_start_ratio: 0.01
decay_min_factor: 0.01
bandwith_kernel: None
no_interact: False
avg_score: -2419.419921875
median_score: -2404.0
std_score: 142.30075073242188
percentiles: 2%=-2711.719970703125, 5%=-2652.949951171875, 10%=-2608.5, 25%=-2511.5, 50%=-2404.0, 75%=-2313.5, 90%=-2241.699951171875, 95%=-2206.650146484375, 98%=-2169.19970703125
ranking_best_algo: DiscreteLengler2OnePlusOne
ranking_best_score: 2617.04
ranking_my_rank: 130/504 (74.4%)
ranking_my_percent: 74.4047619047619
