ConfigName: krbf__advnormalizedfitness__M3__L15__eps0p025__g0p01__ds0p3__dm0p3
Problem: NK
Kernel: rbf
Advantage: normalizedfitness
M: 3
lambda: 15
epsilon_svgd: 0.025
gamma: 0.01
decay_start_ratio: 0.3
decay_min_factor: 0.3
bandwith_kernel: None
no_interact: False
avg_score: 0.7443340420722961
median_score: 0.7423104643821716
std_score: 0.028145859017968178
percentiles: 2%=0.6976556181907654, 5%=0.7055993676185608, 10%=0.7086582183837891, 25%=0.7223199605941772, 50%=0.7423104643821716, 75%=0.7580187320709229, 90%=0.7771655917167664, 95%=0.8044298887252808, 98%=0.8044298887252808
ranking_best_algo: CMApara
ranking_best_score: 0.7459277895312499
ranking_my_rank: 5/504 (99.2%)
ranking_my_percent: 99.2063492063492
