ConfigName: kjsd__advperagentrankweighted__M5__L8__eps0p005__g0p0005__ds0p2__dm0p2
Problem: QUBO
Kernel: jsd
Advantage: peragentrankweighted
M: 5
lambda: 8
epsilon_svgd: 0.005
gamma: 0.0005
decay_start_ratio: 0.2
decay_min_factor: 0.2
bandwith_kernel: None
no_interact: False
avg_score: -583.9000244140625
median_score: -582.5
std_score: 26.67789077758789
percentiles: 2%=-637.0599975585938, 5%=-634.0499877929688, 10%=-619.2000122070312, 25%=-602.25, 50%=-582.5, 75%=-562.75, 90%=-550.7999877929688, 95%=-545.0, 98%=-532.9600219726562
ranking_best_algo: Tabu
ranking_best_score: 588.7199999999999
ranking_my_rank: 5/503 (99.2%)
ranking_my_percent: 99.20477137176938
