ConfigName: krbf__advglobalrankweighted__M4__L11__eps0p02__g0p005__ds0p01__dm0p01
Problem: QUBO
Kernel: rbf
Advantage: globalrankweighted
M: 4
lambda: 11
epsilon_svgd: 0.02
gamma: 0.005
decay_start_ratio: 0.01
decay_min_factor: 0.01
bandwith_kernel: None
no_interact: False
avg_score: -1213.300048828125
median_score: -1209.0
std_score: 66.87577819824219
percentiles: 2%=-1337.0799560546875, 5%=-1327.199951171875, 10%=-1302.5999755859375, 25%=-1253.25, 50%=-1209.0, 75%=-1166.0, 90%=-1126.800048828125, 95%=-1112.800048828125, 98%=-1092.9599609375
ranking_best_algo: SVMMetaModelLogNormal
ranking_best_score: 1233.7999999999997
ranking_my_rank: 45/504 (91.3%)
ranking_my_percent: 91.26984126984127
