ConfigName: kjsd__advperagentrankweighted__M4__L24__eps0p005__g0p0003__ds0p2__dm0p05
Problem: NK
Kernel: jsd
Advantage: peragentrankweighted
M: 4
lambda: 24
epsilon_svgd: 0.005
gamma: 0.0003
decay_start_ratio: 0.2
decay_min_factor: 0.05
bandwith_kernel: None
no_interact: False
avg_score: 0.7588016390800476
median_score: 0.758618950843811
std_score: 0.012502266094088554
percentiles: 2%=0.7359877228736877, 5%=0.7385318279266357, 10%=0.743403434753418, 25%=0.7497466802597046, 50%=0.758618950843811, 75%=0.766670286655426, 90%=0.7753890156745911, 95%=0.780415415763855, 98%=0.7857537865638733
ranking_best_algo: Tabu
ranking_best_score: 0.7470791764843752
ranking_my_rank: 1/504 (100.0%)
ranking_my_percent: 100.0
