ConfigName: krbf__advnormalizedfitness__M3__L8__eps0p033__g0p015__ds0p3__dm0p3
Problem: QUBO
Kernel: rbf
Advantage: normalizedfitness
M: 3
lambda: 8
epsilon_svgd: 0.033
gamma: 0.015
decay_start_ratio: 0.3
decay_min_factor: 0.3
bandwith_kernel: None
no_interact: False
avg_score: -311.1400146484375
median_score: -314.0
std_score: 36.7861442565918
percentiles: 2%=-396.0400085449219, 5%=-386.1000061035156, 10%=-358.3999938964844, 25%=-332.0, 50%=-314.0, 75%=-276.0, 90%=-270.0, 95%=-265.0, 98%=-261.97998046875
ranking_best_algo: CMApara
ranking_best_score: 319.29999999999995
ranking_my_rank: 39/504 (92.5%)
ranking_my_percent: 92.46031746031746
