ConfigName: kjsd__advperagentrankweighted__M4__L12__eps0p005__g0p0005__ds0p05__dm0p2
Problem: QUBO
Kernel: jsd
Advantage: peragentrankweighted
M: 4
lambda: 12
epsilon_svgd: 0.005
gamma: 0.0005
decay_start_ratio: 0.05
decay_min_factor: 0.2
bandwith_kernel: None
no_interact: False
avg_score: -1189.6199951171875
median_score: -1190.0
std_score: 56.85380935668945
percentiles: 2%=-1309.56005859375, 5%=-1279.199951171875, 10%=-1263.300048828125, 25%=-1228.0, 50%=-1190.0, 75%=-1140.0, 90%=-1123.5999755859375, 95%=-1109.9000244140625, 98%=-1077.93994140625
ranking_best_algo: Tabu
ranking_best_score: 1216.16
ranking_my_rank: 55/504 (89.3%)
ranking_my_percent: 89.28571428571429
