ConfigName: krbf__advnormalizedfitness__M4__L12__eps0p015__g0p007__ds0p15__dm0p3
Problem: QUBO
Kernel: rbf
Advantage: normalizedfitness
M: 4
lambda: 12
epsilon_svgd: 0.015
gamma: 0.007
decay_start_ratio: 0.15
decay_min_factor: 0.3
bandwith_kernel: None
no_interact: False
avg_score: -190.02000427246094
median_score: -189.5
std_score: 13.99998664855957
percentiles: 2%=-221.02000427246094, 5%=-218.0, 10%=-209.0, 25%=-199.0, 50%=-189.5, 75%=-181.75, 90%=-173.8000030517578, 95%=-167.95001220703125, 98%=-164.85997009277344
ranking_best_algo: Tabu
ranking_best_score: 208.36000000000004
ranking_my_rank: 242/504 (52.2%)
ranking_my_percent: 52.182539682539684
