ConfigName: kjsd__advperagentrankweighted__M3__L16__eps0p005__g0p003__ds0p2__dm0p05
Problem: QUBO
Kernel: jsd
Advantage: peragentrankweighted
M: 3
lambda: 16
epsilon_svgd: 0.005
gamma: 0.003
decay_start_ratio: 0.2
decay_min_factor: 0.05
bandwith_kernel: None
no_interact: False
avg_score: -415.8999938964844
median_score: -413.0
std_score: 29.23200225830078
percentiles: 2%=-473.0400085449219, 5%=-469.1000061035156, 10%=-455.20001220703125, 25%=-433.25, 50%=-413.0, 75%=-396.0, 90%=-382.0, 95%=-373.70001220703125, 98%=-367.6400146484375
ranking_best_algo: Tabu
ranking_best_score: 438.12
ranking_my_rank: 45/504 (91.3%)
ranking_my_percent: 91.26984126984127
