ConfigName: kjsd__advperagentrankweighted__M4__L12__eps0p005__g0p0007__ds0p05__dm0p05
Problem: QUBO
Kernel: jsd
Advantage: peragentrankweighted
M: 4
lambda: 12
epsilon_svgd: 0.005
gamma: 0.0007
decay_start_ratio: 0.05
decay_min_factor: 0.05
bandwith_kernel: None
no_interact: False
avg_score: -439.8800048828125
median_score: -437.5
std_score: 27.221784591674805
percentiles: 2%=-489.0199890136719, 5%=-483.1000061035156, 10%=-477.20001220703125, 25%=-464.0, 50%=-437.5, 75%=-418.0, 90%=-406.79998779296875, 95%=-396.95001220703125, 98%=-390.9800109863281
ranking_best_algo: CMApara
ranking_best_score: 453.82
ranking_my_rank: 16/504 (97.0%)
ranking_my_percent: 97.02380952380952
