ConfigName: kjsd__advperagentrankweighted__M3__L18__eps0p007__g0p0005__ds0p1__dm0p1
Problem: QUBO
Kernel: jsd
Advantage: peragentrankweighted
M: 3
lambda: 18
epsilon_svgd: 0.007
gamma: 0.0005
decay_start_ratio: 0.1
decay_min_factor: 0.1
bandwith_kernel: None
no_interact: False
avg_score: -2605.52001953125
median_score: -2606.5
std_score: 114.7683334350586
percentiles: 2%=-2799.340087890625, 5%=-2777.10009765625, 10%=-2757.199951171875, 25%=-2698.25, 50%=-2606.5, 75%=-2522.75, 90%=-2447.60009765625, 95%=-2409.949951171875, 98%=-2405.679931640625
ranking_best_algo: SVM1MetaModelLogNormal
ranking_best_score: 2605.14
ranking_my_rank: 1/504 (100.0%)
ranking_my_percent: 100.0
