ConfigName: krbf__advnormalizedfitness__M4__L10__eps0p033__g0p007__ds0p01__dm0p01
Problem: NK
Kernel: rbf
Advantage: normalizedfitness
M: 4
lambda: 10
epsilon_svgd: 0.033
gamma: 0.007
decay_start_ratio: 0.01
decay_min_factor: 0.01
bandwith_kernel: None
no_interact: False
avg_score: 0.7451424598693848
median_score: 0.7423104643821716
std_score: 0.027436930686235428
percentiles: 2%=0.6995537877082825, 5%=0.7054205536842346, 10%=0.7147184014320374, 25%=0.725959062576294, 50%=0.7423104643821716, 75%=0.7580187320709229, 90%=0.7767738103866577, 95%=0.8044298887252808, 98%=0.807177722454071
ranking_best_algo: CMApara
ranking_best_score: 0.7459277895312499
ranking_my_rank: 2/504 (99.8%)
ranking_my_percent: 99.8015873015873
