ConfigName: krbf__advnormalizedfitness__M3__L15__eps0p033__g0p01__ds0p15__dm0p3
Problem: NK
Kernel: rbf
Advantage: normalizedfitness
M: 3
lambda: 15
epsilon_svgd: 0.033
gamma: 0.01
decay_start_ratio: 0.15
decay_min_factor: 0.3
bandwith_kernel: None
no_interact: False
avg_score: 0.7101626396179199
median_score: 0.7108925580978394
std_score: 0.015467311255633831
percentiles: 2%=0.6715701818466187, 5%=0.6726730465888977, 10%=0.6968137621879578, 25%=0.7068451046943665, 50%=0.7108925580978394, 75%=0.7204573750495911, 90%=0.7254900336265564, 95%=0.7318449020385742, 98%=0.7326748967170715
ranking_best_algo: CMApara
ranking_best_score: 0.707475975
ranking_my_rank: 1/504 (100.0%)
ranking_my_percent: 100.0
