ConfigName: krbf__advnormalizedfitness__M2__L10__eps0p033__g0p01__ds0p01__dm0p3
Problem: QUBO
Kernel: rbf
Advantage: normalizedfitness
M: 2
lambda: 10
epsilon_svgd: 0.033
gamma: 0.01
decay_start_ratio: 0.01
decay_min_factor: 0.3
bandwith_kernel: None
no_interact: False
avg_score: -2617.360107421875
median_score: -2609.5
std_score: 114.4135971069336
percentiles: 2%=-2831.60009765625, 5%=-2817.050048828125, 10%=-2754.0, 25%=-2708.25, 50%=-2609.5, 75%=-2535.0, 90%=-2480.199951171875, 95%=-2430.89990234375, 98%=-2377.719970703125
ranking_best_algo: DiscreteLengler2OnePlusOne
ranking_best_score: 2617.04
ranking_my_rank: 1/504 (100.0%)
ranking_my_percent: 100.0
