ConfigName: kjsd__advperagentrankweighted__M5__L8__eps0p005__g0p0005__ds0p05__dm0p05
Problem: QUBO
Kernel: jsd
Advantage: peragentrankweighted
M: 5
lambda: 8
epsilon_svgd: 0.005
gamma: 0.0005
decay_start_ratio: 0.05
decay_min_factor: 0.05
bandwith_kernel: None
no_interact: False
avg_score: -329.3399963378906
median_score: -329.0
std_score: 18.688081741333008
percentiles: 2%=-357.0799865722656, 5%=-352.1000061035156, 10%=-350.0, 25%=-342.0, 50%=-329.0, 75%=-320.0, 90%=-304.5, 95%=-295.75, 98%=-280.0
ranking_best_algo: CMApara
ranking_best_score: 344.22
ranking_my_rank: 81/504 (84.1%)
ranking_my_percent: 84.12698412698413
