ConfigName: kjsd__advperagentrankweighted__M3__L24__eps0p007__g0p001__ds0p1__dm0p05
Problem: QUBO
Kernel: jsd
Advantage: peragentrankweighted
M: 3
lambda: 24
epsilon_svgd: 0.007
gamma: 0.001
decay_start_ratio: 0.1
decay_min_factor: 0.05
bandwith_kernel: None
no_interact: False
avg_score: -913.739990234375
median_score: -914.0
std_score: 57.767398834228516
percentiles: 2%=-1020.3599853515625, 5%=-995.1500244140625, 10%=-989.2000122070312, 25%=-963.5, 50%=-914.0, 75%=-876.0, 90%=-830.7999877929688, 95%=-819.7000122070312, 98%=-811.760009765625
ranking_best_algo: CMAL3
ranking_best_score: 928.5800000000002
ranking_my_rank: 18/504 (96.6%)
ranking_my_percent: 96.62698412698413
