ConfigName: krbf__advnormalizedfitness__M3__L12__eps0p033__g0p015__ds0p3__dm0p3
Problem: QUBO
Kernel: rbf
Advantage: normalizedfitness
M: 3
lambda: 12
epsilon_svgd: 0.033
gamma: 0.015
decay_start_ratio: 0.3
decay_min_factor: 0.3
bandwith_kernel: None
no_interact: False
avg_score: -307.9800109863281
median_score: -310.0
std_score: 37.45716857910156
percentiles: 2%=-392.0400085449219, 5%=-378.29998779296875, 10%=-360.79998779296875, 25%=-332.0, 50%=-310.0, 75%=-274.0, 90%=-264.0, 95%=-259.95001220703125, 98%=-251.87997436523438
ranking_best_algo: CMApara
ranking_best_score: 319.29999999999995
ranking_my_rank: 91/504 (82.1%)
ranking_my_percent: 82.14285714285714
