ConfigName: kjsd__advperagentrankweighted__M3__L18__eps0p01__g0p0005__ds0p2__dm0p2
Problem: QUBO
Kernel: jsd
Advantage: peragentrankweighted
M: 3
lambda: 18
epsilon_svgd: 0.01
gamma: 0.0005
decay_start_ratio: 0.2
decay_min_factor: 0.2
bandwith_kernel: None
no_interact: False
avg_score: -305.0400085449219
median_score: -301.0
std_score: 39.91790008544922
percentiles: 2%=-392.0, 5%=-388.0, 10%=-350.20001220703125, 25%=-332.5, 50%=-301.0, 75%=-271.25, 90%=-261.70001220703125, 95%=-254.9499969482422, 98%=-237.75999450683594
ranking_best_algo: CMApara
ranking_best_score: 319.29999999999995
ranking_my_rank: 136/504 (73.2%)
ranking_my_percent: 73.21428571428571
