ConfigName: kjsd__advperagentrankweighted__M4__L8__eps0p02__g0p0005__ds0p05__dm0p05
Problem: NK
Kernel: jsd
Advantage: peragentrankweighted
M: 4
lambda: 8
epsilon_svgd: 0.02
gamma: 0.0005
decay_start_ratio: 0.05
decay_min_factor: 0.05
bandwith_kernel: None
no_interact: False
avg_score: 0.7418422698974609
median_score: 0.7418259382247925
std_score: 0.015299314633011818
percentiles: 2%=0.7101836204528809, 5%=0.7185666561126709, 10%=0.7246503829956055, 25%=0.7325645685195923, 50%=0.7418259382247925, 75%=0.7505732178688049, 90%=0.7622545957565308, 95%=0.7659558057785034, 98%=0.7739084362983704
ranking_best_algo: Tabu
ranking_best_score: 0.7657846284375001
ranking_my_rank: 63/504 (87.7%)
ranking_my_percent: 87.6984126984127
