ConfigName: kjsd__advperagentrankweighted__M4__L20__eps0p005__g0p0005__ds0p2__dm0p05
Problem: NK
Kernel: jsd
Advantage: peragentrankweighted
M: 4
lambda: 20
epsilon_svgd: 0.005
gamma: 0.0005
decay_start_ratio: 0.2
decay_min_factor: 0.05
bandwith_kernel: None
no_interact: False
avg_score: 0.755726158618927
median_score: 0.7573230266571045
std_score: 0.013603291474282742
percentiles: 2%=0.7279925346374512, 5%=0.7331772446632385, 10%=0.7357626557350159, 25%=0.7446358799934387, 50%=0.7573230266571045, 75%=0.7658339738845825, 90%=0.7718970775604248, 95%=0.7762690186500549, 98%=0.7821869254112244
ranking_best_algo: Tabu
ranking_best_score: 0.7657846284375001
ranking_my_rank: 4/504 (99.4%)
ranking_my_percent: 99.4047619047619
