ConfigName: kjsd__advperagentrankweighted__M3__L20__eps0p005__g0p001__ds0p1__dm0p1
Problem: QUBO
Kernel: jsd
Advantage: peragentrankweighted
M: 3
lambda: 20
epsilon_svgd: 0.005
gamma: 0.001
decay_start_ratio: 0.1
decay_min_factor: 0.1
bandwith_kernel: None
no_interact: False
avg_score: -199.0
median_score: -199.0
std_score: 13.349157333374023
percentiles: 2%=-224.0, 5%=-224.0, 10%=-215.1999969482422, 25%=-207.5, 50%=-199.0, 75%=-188.0, 90%=-181.0, 95%=-178.0, 98%=-174.97999572753906
ranking_best_algo: Tabu
ranking_best_score: 208.36000000000004
ranking_my_rank: 88/504 (82.7%)
ranking_my_percent: 82.73809523809524
