ConfigName: kfr__advglobalrankweighted__M4__L13__eps0p06__g0p001__ds0p01__dm0p01
Problem: NK
Kernel: fr
Advantage: globalrankweighted
M: 4
lambda: 13
epsilon_svgd: 0.06
gamma: 0.001
decay_start_ratio: 0.01
decay_min_factor: 0.01
bandwith_kernel: None
no_interact: False
avg_score: 0.7254985570907593
median_score: 0.7253036499023438
std_score: 0.010142819955945015
percentiles: 2%=0.7048051357269287, 5%=0.7080996036529541, 10%=0.7103800177574158, 25%=0.7186591625213623, 50%=0.7253036499023438, 75%=0.7332144975662231, 90%=0.7391411066055298, 95%=0.7413529753684998, 98%=0.7426350712776184
ranking_best_algo: PBIL
ranking_best_score: 0.730509098125
ranking_my_rank: 11/504 (98.0%)
ranking_my_percent: 98.01587301587301
