ConfigName: kjsd__advperagentrankweighted__M4__L12__eps0p008__g0p0005__ds0p05__dm0p05
Problem: QUBO
Kernel: jsd
Advantage: peragentrankweighted
M: 4
lambda: 12
epsilon_svgd: 0.008
gamma: 0.0005
decay_start_ratio: 0.05
decay_min_factor: 0.05
bandwith_kernel: None
no_interact: False
avg_score: -428.0799865722656
median_score: -426.5
std_score: 27.60205841064453
percentiles: 2%=-483.0400085449219, 5%=-471.29998779296875, 10%=-461.1000061035156, 25%=-448.0, 50%=-426.5, 75%=-411.75, 90%=-396.29998779296875, 95%=-384.0, 98%=-365.8599853515625
ranking_best_algo: CMAL3
ranking_best_score: 435.36
ranking_my_rank: 15/504 (97.2%)
ranking_my_percent: 97.22222222222223
