ConfigName: kjsd__advperagentrankweighted__M3__L18__eps0p005__g0p0005__ds0p05__dm0p2
Problem: QUBO
Kernel: jsd
Advantage: peragentrankweighted
M: 3
lambda: 18
epsilon_svgd: 0.005
gamma: 0.0005
decay_start_ratio: 0.05
decay_min_factor: 0.2
bandwith_kernel: None
no_interact: False
avg_score: -3302.93994140625
median_score: -3290.5
std_score: 119.22313690185547
percentiles: 2%=-3535.39990234375, 5%=-3494.5, 10%=-3463.699951171875, 25%=-3385.75, 50%=-3290.5, 75%=-3213.25, 90%=-3157.60009765625, 95%=-3139.85009765625, 98%=-3114.719970703125
ranking_best_algo: RLSOnePlusOne
ranking_best_score: 3316.5199999999995
ranking_my_rank: 3/504 (99.6%)
ranking_my_percent: 99.60317460317461
