ConfigName: kjsd__advperagentrankweighted__M10__L10__eps0p008__g0p0005__ds0p05__dm0p05
Problem: QUBO
Kernel: jsd
Advantage: peragentrankweighted
M: 10
lambda: 10
epsilon_svgd: 0.008
gamma: 0.0005
decay_start_ratio: 0.05
decay_min_factor: 0.05
bandwith_kernel: None
no_interact: False
avg_score: -1526.93994140625
median_score: -1522.5
std_score: 93.72137451171875
percentiles: 2%=-1709.1400146484375, 5%=-1699.0999755859375, 10%=-1647.0999755859375, 25%=-1594.25, 50%=-1522.5, 75%=-1451.0, 90%=-1421.5, 95%=-1391.050048828125, 98%=-1358.8399658203125
ranking_best_algo: NLOPT_LN_PRAXIS
ranking_best_score: 1607.12
ranking_my_rank: 58/504 (88.7%)
ranking_my_percent: 88.69047619047619
