ConfigName: krbf__advnormalizedfitness__M4__L10__eps0p015__g0p007__ds0p3__dm0p3
Problem: QUBO
Kernel: rbf
Advantage: normalizedfitness
M: 4
lambda: 10
epsilon_svgd: 0.015
gamma: 0.007
decay_start_ratio: 0.3
decay_min_factor: 0.3
bandwith_kernel: None
no_interact: False
avg_score: -149.5800018310547
median_score: -150.0
std_score: 11.495372772216797
percentiles: 2%=-179.0, 5%=-179.0, 10%=-158.1999969482422, 25%=-155.25, 50%=-150.0, 75%=-141.0, 90%=-136.89999389648438, 95%=-133.0, 98%=-131.0
ranking_best_algo: CMApara
ranking_best_score: 154.28
ranking_my_rank: 76/504 (85.1%)
ranking_my_percent: 85.11904761904762
