ConfigName: kjsd__advperagentrankweighted__M5__L10__eps0p005__g0p0003__ds0p05__dm0p05
Problem: QUBO
Kernel: jsd
Advantage: peragentrankweighted
M: 5
lambda: 10
epsilon_svgd: 0.005
gamma: 0.0003
decay_start_ratio: 0.05
decay_min_factor: 0.05
bandwith_kernel: None
no_interact: False
avg_score: -3304.02001953125
median_score: -3306.0
std_score: 124.00806427001953
percentiles: 2%=-3575.10009765625, 5%=-3529.60009765625, 10%=-3450.0, 25%=-3380.25, 50%=-3306.0, 75%=-3221.75, 90%=-3157.5, 95%=-3098.25, 98%=-3059.8798828125
ranking_best_algo: RLSOnePlusOne
ranking_best_score: 3316.5199999999995
ranking_my_rank: 3/504 (99.6%)
ranking_my_percent: 99.60317460317461
