ConfigName: krbf__advnormalizedfitness__M4__L8__eps0p025__g0p005__ds0p01__dm0p3
Problem: NK
Kernel: rbf
Advantage: normalizedfitness
M: 4
lambda: 8
epsilon_svgd: 0.025
gamma: 0.005
decay_start_ratio: 0.01
decay_min_factor: 0.3
bandwith_kernel: None
no_interact: False
avg_score: 0.7425510883331299
median_score: 0.7425488829612732
std_score: 0.015028994530439377
percentiles: 2%=0.714116096496582, 5%=0.7195014357566833, 10%=0.7246870398521423, 25%=0.731127142906189, 50%=0.7425488829612732, 75%=0.755171000957489, 90%=0.7597217559814453, 95%=0.7667632699012756, 98%=0.7723442316055298
ranking_best_algo: Tabu
ranking_best_score: 0.7601875690625
ranking_my_rank: 11/504 (98.0%)
ranking_my_percent: 98.01587301587301
