ConfigName: kjsd__advperagentrankweighted__M3__L20__eps0p007__g0p0005__ds0p1__dm0p2
Problem: QUBO
Kernel: jsd
Advantage: peragentrankweighted
M: 3
lambda: 20
epsilon_svgd: 0.007
gamma: 0.0005
decay_start_ratio: 0.1
decay_min_factor: 0.2
bandwith_kernel: None
no_interact: False
avg_score: -413.4800109863281
median_score: -412.0
std_score: 26.52941131591797
percentiles: 2%=-473.0400085449219, 5%=-457.3999938964844, 10%=-446.29998779296875, 25%=-430.25, 50%=-412.0, 75%=-395.5, 90%=-378.0, 95%=-373.79998779296875, 98%=-367.9599914550781
ranking_best_algo: Tabu
ranking_best_score: 438.12
ranking_my_rank: 58/504 (88.7%)
ranking_my_percent: 88.69047619047619
