ConfigName: kjsd__advperagentrankweighted__M3__L20__eps0p005__g0p003__ds0p1__dm0p05
Problem: QUBO
Kernel: jsd
Advantage: peragentrankweighted
M: 3
lambda: 20
epsilon_svgd: 0.005
gamma: 0.003
decay_start_ratio: 0.1
decay_min_factor: 0.05
bandwith_kernel: None
no_interact: False
avg_score: -139.44000244140625
median_score: -141.0
std_score: 10.227725982666016
percentiles: 2%=-160.0, 5%=-159.0, 10%=-155.1999969482422, 25%=-145.0, 50%=-141.0, 75%=-129.75, 90%=-127.0, 95%=-125.0, 98%=-123.0
ranking_best_algo: DiscreteDE
ranking_best_score: 143.4
ranking_my_rank: 85/504 (83.3%)
ranking_my_percent: 83.33333333333333
