ConfigName: krbf__advnormalizedfitness__M3__L15__eps0p015__g0p015__ds0p15__dm0p01
Problem: NK
Kernel: rbf
Advantage: normalizedfitness
M: 3
lambda: 15
epsilon_svgd: 0.015
gamma: 0.015
decay_start_ratio: 0.15
decay_min_factor: 0.01
bandwith_kernel: None
no_interact: False
avg_score: 0.6535761952400208
median_score: 0.6512544751167297
std_score: 0.01589214615523815
percentiles: 2%=0.6307359933853149, 5%=0.6327400207519531, 10%=0.6355670690536499, 25%=0.6423492431640625, 50%=0.6512544751167297, 75%=0.6624348759651184, 90%=0.6743940711021423, 95%=0.6794258952140808, 98%=0.6961749196052551
ranking_best_algo: Tabu
ranking_best_score: 0.7601875690625
ranking_my_rank: 380/504 (24.8%)
ranking_my_percent: 24.8015873015873
