ConfigName: krbf__advnormalizedfitness__M4__L12__eps0p025__g0p015__ds0p3__dm0p3
Problem: QUBO
Kernel: rbf
Advantage: normalizedfitness
M: 4
lambda: 12
epsilon_svgd: 0.025
gamma: 0.015
decay_start_ratio: 0.3
decay_min_factor: 0.3
bandwith_kernel: None
no_interact: False
avg_score: -529.5599975585938
median_score: -527.0
std_score: 51.66300582885742
percentiles: 2%=-651.2000122070312, 5%=-628.6500244140625, 10%=-587.2999877929688, 25%=-561.5, 50%=-527.0, 75%=-494.5, 90%=-467.8999938964844, 95%=-454.70001220703125, 98%=-438.94000244140625
ranking_best_algo: NLOPT_LN_PRAXIS
ranking_best_score: 1607.12
ranking_my_rank: 393/504 (22.2%)
ranking_my_percent: 22.22222222222222
