ConfigName: kjsd__advperagentrankweighted__M4__L10__eps0p01__g0p0003__ds0p05__dm0p05
Problem: QUBO
Kernel: jsd
Advantage: peragentrankweighted
M: 4
lambda: 10
epsilon_svgd: 0.01
gamma: 0.0003
decay_start_ratio: 0.05
decay_min_factor: 0.05
bandwith_kernel: None
no_interact: False
avg_score: -2564.89990234375
median_score: -2558.0
std_score: 120.99946594238281
percentiles: 2%=-2805.280029296875, 5%=-2748.199951171875, 10%=-2725.39990234375, 25%=-2673.25, 50%=-2558.0, 75%=-2458.0, 90%=-2412.89990234375, 95%=-2393.85009765625, 98%=-2373.639892578125
ranking_best_algo: SVM1MetaModelLogNormal
ranking_best_score: 2605.14
ranking_my_rank: 15/504 (97.2%)
ranking_my_percent: 97.22222222222223
