ConfigName: kfr__advglobalrankweighted__M4__L24__eps0p01__g0p007__ds0p01__dm0p01
Problem: QUBO
Kernel: fr
Advantage: globalrankweighted
M: 4
lambda: 24
epsilon_svgd: 0.01
gamma: 0.007
decay_start_ratio: 0.01
decay_min_factor: 0.01
bandwith_kernel: None
no_interact: False
avg_score: -1835.780029296875
median_score: -1818.0
std_score: 141.34649658203125
percentiles: 2%=-2111.820068359375, 5%=-2053.35009765625, 10%=-2013.699951171875, 25%=-1951.25, 50%=-1818.0, 75%=-1733.5, 90%=-1647.0999755859375, 95%=-1621.300048828125, 98%=-1564.4998779296875
ranking_best_algo: DiscreteLengler2OnePlusOne
ranking_best_score: 2617.04
ranking_my_rank: 318/504 (37.1%)
ranking_my_percent: 37.1031746031746
