ConfigName: kjsd__advperagentrankweighted__M3__L20__eps0p01__g0p0005__ds0p2__dm0p1
Problem: NK
Kernel: jsd
Advantage: peragentrankweighted
M: 3
lambda: 20
epsilon_svgd: 0.01
gamma: 0.0005
decay_start_ratio: 0.2
decay_min_factor: 0.1
bandwith_kernel: None
no_interact: False
avg_score: 0.7090203166007996
median_score: 0.7097352743148804
std_score: 0.015758493915200233
percentiles: 2%=0.6688650250434875, 5%=0.6712713241577148, 10%=0.6929219365119934, 25%=0.7047966122627258, 50%=0.7097352743148804, 75%=0.7183127999305725, 90%=0.7254801988601685, 95%=0.7321470379829407, 98%=0.7333112359046936
ranking_best_algo: CMApara
ranking_best_score: 0.707475975
ranking_my_rank: 1/504 (100.0%)
ranking_my_percent: 100.0
