ConfigName: kjsd__advperagentrankweighted__M10__L12__eps0p005__g0p0005__ds0p05__dm0p05
Problem: QUBO
Kernel: jsd
Advantage: peragentrankweighted
M: 10
lambda: 12
epsilon_svgd: 0.005
gamma: 0.0005
decay_start_ratio: 0.05
decay_min_factor: 0.05
bandwith_kernel: None
no_interact: False
avg_score: -1159.56005859375
median_score: -1164.5
std_score: 69.95789337158203
percentiles: 2%=-1279.9200439453125, 5%=-1271.0999755859375, 10%=-1253.0, 25%=-1201.5, 50%=-1164.5, 75%=-1120.0, 90%=-1075.5999755859375, 95%=-1037.8499755859375, 98%=-995.9199829101562
ranking_best_algo: Tabu
ranking_best_score: 1216.16
ranking_my_rank: 100/504 (80.4%)
ranking_my_percent: 80.35714285714286
