ConfigName: kjsd__advperagentrankweighted__M3__L18__eps0p01__g0p001__ds0p1__dm0p1
Problem: QUBO
Kernel: jsd
Advantage: peragentrankweighted
M: 3
lambda: 18
epsilon_svgd: 0.01
gamma: 0.001
decay_start_ratio: 0.1
decay_min_factor: 0.1
bandwith_kernel: None
no_interact: False
avg_score: -417.9800109863281
median_score: -416.5
std_score: 27.790637969970703
percentiles: 2%=-473.0799865722656, 5%=-471.1000061035156, 10%=-454.0, 25%=-434.0, 50%=-416.5, 75%=-400.0, 90%=-383.79998779296875, 95%=-372.0, 98%=-368.0
ranking_best_algo: Tabu
ranking_best_score: 438.12
ranking_my_rank: 40/504 (92.3%)
ranking_my_percent: 92.26190476190476
