ConfigName: kjsd__advperagentrankweighted__M3__L18__eps0p007__g0p001__ds0p05__dm0p2
Problem: QUBO
Kernel: jsd
Advantage: peragentrankweighted
M: 3
lambda: 18
epsilon_svgd: 0.007
gamma: 0.001
decay_start_ratio: 0.05
decay_min_factor: 0.2
bandwith_kernel: None
no_interact: False
avg_score: -308.70001220703125
median_score: -310.0
std_score: 38.943931579589844
percentiles: 2%=-392.0799865722656, 5%=-384.1000061035156, 10%=-355.3999938964844, 25%=-336.0, 50%=-310.0, 75%=-272.0, 90%=-264.8999938964844, 95%=-259.95001220703125, 98%=-256.9800109863281
ranking_best_algo: CMApara
ranking_best_score: 319.29999999999995
ranking_my_rank: 87/504 (82.9%)
ranking_my_percent: 82.93650793650794
