ConfigName: kjsd__advperagentrankweighted__M3__L30__eps0p005__g0p0005__ds0p2__dm0p2
Problem: QUBO
Kernel: jsd
Advantage: peragentrankweighted
M: 3
lambda: 30
epsilon_svgd: 0.005
gamma: 0.0005
decay_start_ratio: 0.2
decay_min_factor: 0.2
bandwith_kernel: None
no_interact: False
avg_score: -929.5599975585938
median_score: -923.5
std_score: 70.40870666503906
percentiles: 2%=-1076.0, 5%=-1056.199951171875, 10%=-1038.5, 25%=-977.25, 50%=-923.5, 75%=-880.5, 90%=-834.7999877929688, 95%=-820.4000244140625, 98%=-801.0
ranking_best_algo: CMApara
ranking_best_score: 964.9
ranking_my_rank: 19/504 (96.4%)
ranking_my_percent: 96.42857142857143
