ConfigName: kjsd__advperagentrankweighted__M4__L12__eps0p005__g0p0003__ds0p4__dm0p05
Problem: NK
Kernel: jsd
Advantage: peragentrankweighted
M: 4
lambda: 12
epsilon_svgd: 0.005
gamma: 0.0003
decay_start_ratio: 0.4
decay_min_factor: 0.05
bandwith_kernel: None
no_interact: False
avg_score: 0.7303785681724548
median_score: 0.7303045988082886
std_score: 0.008790343068540096
percentiles: 2%=0.7119083404541016, 5%=0.71483314037323, 10%=0.7174680829048157, 25%=0.7254881262779236, 50%=0.7303045988082886, 75%=0.7361224889755249, 90%=0.7416069507598877, 95%=0.7426422834396362, 98%=0.7480480074882507
ranking_best_algo: Tabu
ranking_best_score: 0.7429702712499999
ranking_my_rank: 2/504 (99.8%)
ranking_my_percent: 99.8015873015873
