ConfigName: kjsd__advperagentrankweighted__M4__L8__eps0p005__g0p0003__ds0p4__dm0p05
Problem: NK
Kernel: jsd
Advantage: peragentrankweighted
M: 4
lambda: 8
epsilon_svgd: 0.005
gamma: 0.0003
decay_start_ratio: 0.4
decay_min_factor: 0.05
bandwith_kernel: None
no_interact: False
avg_score: 0.7493093013763428
median_score: 0.7493242025375366
std_score: 0.014362865127623081
percentiles: 2%=0.7179833054542542, 5%=0.72701096534729, 10%=0.7312278747558594, 25%=0.7413365244865417, 50%=0.7493242025375366, 75%=0.7589921951293945, 90%=0.7669280767440796, 95%=0.7724474668502808, 98%=0.7765253186225891
ranking_best_algo: Tabu
ranking_best_score: 0.7657846284375001
ranking_my_rank: 29/504 (94.4%)
ranking_my_percent: 94.44444444444444
