ConfigName: krbf__advnormalizedfitness__M3__L12__eps0p015__g0p005__ds0p15__dm0p3
Problem: NK
Kernel: rbf
Advantage: normalizedfitness
M: 3
lambda: 12
epsilon_svgd: 0.015
gamma: 0.005
decay_start_ratio: 0.15
decay_min_factor: 0.3
bandwith_kernel: None
no_interact: False
avg_score: 0.7049266695976257
median_score: 0.7073438167572021
std_score: 0.01198173314332962
percentiles: 2%=0.6862084269523621, 5%=0.6872327923774719, 10%=0.6898038983345032, 25%=0.6931082606315613, 50%=0.7073438167572021, 75%=0.7146609425544739, 90%=0.7187594175338745, 95%=0.7229703068733215, 98%=0.7239113450050354
ranking_best_algo: PBIL
ranking_best_score: 0.7013553837109374
ranking_my_rank: 1/504 (100.0%)
ranking_my_percent: 100.0
