ConfigName: krbf__advnormalizedfitness__M4__L8__eps0p025__g0p005__ds0p01__dm0p01
Problem: NK
Kernel: rbf
Advantage: normalizedfitness
M: 4
lambda: 8
epsilon_svgd: 0.025
gamma: 0.005
decay_start_ratio: 0.01
decay_min_factor: 0.01
bandwith_kernel: None
no_interact: False
avg_score: 0.695069432258606
median_score: 0.69493567943573
std_score: 0.015791840851306915
percentiles: 2%=0.6669930219650269, 5%=0.671484649181366, 10%=0.6743009090423584, 25%=0.6838434338569641, 50%=0.69493567943573, 75%=0.7028692960739136, 90%=0.7197306156158447, 95%=0.7253957390785217, 98%=0.728954553604126
ranking_best_algo: PBIL
ranking_best_score: 0.7170882103515624
ranking_my_rank: 85/504 (83.3%)
ranking_my_percent: 83.33333333333333
