ConfigName: krbf__advnormalizedfitness__M3__L10__eps0p015__g0p01__ds0p01__dm0p01
Problem: QUBO
Kernel: rbf
Advantage: normalizedfitness
M: 3
lambda: 10
epsilon_svgd: 0.015
gamma: 0.01
decay_start_ratio: 0.01
decay_min_factor: 0.01
bandwith_kernel: None
no_interact: False
avg_score: -1504.760009765625
median_score: -1500.5
std_score: 99.93299865722656
percentiles: 2%=-1698.239990234375, 5%=-1665.0, 10%=-1637.300048828125, 25%=-1576.0, 50%=-1500.5, 75%=-1431.75, 90%=-1368.800048828125, 95%=-1358.60009765625, 98%=-1318.5599365234375
ranking_best_algo: NLOPT_LN_PRAXIS
ranking_best_score: 1607.12
ranking_my_rank: 75/504 (85.3%)
ranking_my_percent: 85.31746031746032
