ConfigName: krbf__advnormalizedfitness__M4__L10__eps0p033__g0p007__ds0p3__dm0p01
Problem: QUBO
Kernel: rbf
Advantage: normalizedfitness
M: 4
lambda: 10
epsilon_svgd: 0.033
gamma: 0.007
decay_start_ratio: 0.3
decay_min_factor: 0.01
bandwith_kernel: None
no_interact: False
avg_score: -3069.639892578125
median_score: -3064.5
std_score: 196.15184020996094
percentiles: 2%=-3430.800048828125, 5%=-3398.35009765625, 10%=-3358.10009765625, 25%=-3194.25, 50%=-3064.5, 75%=-2913.75, 90%=-2830.60009765625, 95%=-2788.350341796875, 98%=-2669.800048828125
ranking_best_algo: RLSOnePlusOne
ranking_best_score: 3316.5199999999995
ranking_my_rank: 88/504 (82.7%)
ranking_my_percent: 82.73809523809524
