ConfigName: krbf__advnormalizedfitness__M4__L12__eps0p015__g0p01__ds0p15__dm0p01
Problem: NK
Kernel: rbf
Advantage: normalizedfitness
M: 4
lambda: 12
epsilon_svgd: 0.015
gamma: 0.01
decay_start_ratio: 0.15
decay_min_factor: 0.01
bandwith_kernel: None
no_interact: False
avg_score: 0.7178881764411926
median_score: 0.7147075533866882
std_score: 0.02154037356376648
percentiles: 2%=0.6725115180015564, 5%=0.6821255087852478, 10%=0.6944960355758667, 25%=0.7052478790283203, 50%=0.7147075533866882, 75%=0.7331357002258301, 90%=0.7450427412986755, 95%=0.7516834735870361, 98%=0.7596285939216614
ranking_best_algo: Tabu
ranking_best_score: 0.7470791764843752
ranking_my_rank: 209/504 (58.7%)
ranking_my_percent: 58.73015873015873
