ConfigName: krbf__advnormalizedfitness__M3__L8__eps0p025__g0p015__ds0p3__dm0p01
Problem: NK
Kernel: rbf
Advantage: normalizedfitness
M: 3
lambda: 8
epsilon_svgd: 0.025
gamma: 0.015
decay_start_ratio: 0.3
decay_min_factor: 0.01
bandwith_kernel: None
no_interact: False
avg_score: 0.7108620405197144
median_score: 0.711247980594635
std_score: 0.015072834677994251
percentiles: 2%=0.6736676096916199, 5%=0.6737957000732422, 10%=0.6976694464683533, 25%=0.7080128192901611, 50%=0.711247980594635, 75%=0.7199966311454773, 90%=0.7254768013954163, 95%=0.7328280806541443, 98%=0.7333177924156189
ranking_best_algo: CMApara
ranking_best_score: 0.707475975
ranking_my_rank: 1/504 (100.0%)
ranking_my_percent: 100.0
