ConfigName: krbf__advnormalizedfitness__M4__L8__eps0p025__g0p015__ds0p3__dm0p01
Problem: QUBO
Kernel: rbf
Advantage: normalizedfitness
M: 4
lambda: 8
epsilon_svgd: 0.025
gamma: 0.015
decay_start_ratio: 0.3
decay_min_factor: 0.01
bandwith_kernel: None
no_interact: False
avg_score: -1013.7999877929688
median_score: -1008.5
std_score: 78.39196014404297
percentiles: 2%=-1147.3800048828125, 5%=-1141.0, 10%=-1111.300048828125, 25%=-1082.75, 50%=-1008.5, 75%=-964.0, 90%=-906.9000244140625, 95%=-891.0, 98%=-857.8599853515625
ranking_best_algo: SVMMetaModelLogNormal
ranking_best_score: 1233.7999999999997
ranking_my_rank: 218/504 (56.9%)
ranking_my_percent: 56.94444444444444
