ConfigName: krbf__advnormalizedfitness__M4__L10__eps0p033__g0p015__ds0p3__dm0p3
Problem: QUBO
Kernel: rbf
Advantage: normalizedfitness
M: 4
lambda: 10
epsilon_svgd: 0.033
gamma: 0.015
decay_start_ratio: 0.3
decay_min_factor: 0.3
bandwith_kernel: None
no_interact: False
avg_score: -461.4800109863281
median_score: -460.0
std_score: 42.82814025878906
percentiles: 2%=-551.0800170898438, 5%=-524.2999877929688, 10%=-512.0999755859375, 25%=-493.0, 50%=-460.0, 75%=-431.0, 90%=-405.70001220703125, 95%=-396.70001220703125, 98%=-382.8399658203125
ranking_best_algo: Tabu
ranking_best_score: 588.7199999999999
ranking_my_rank: 319/503 (36.8%)
ranking_my_percent: 36.779324055666
