ConfigName: kjsd__advperagentrankweighted__M6__L12__eps0p008__g0p0005__ds0p05__dm0p05
Problem: QUBO
Kernel: jsd
Advantage: peragentrankweighted
M: 6
lambda: 12
epsilon_svgd: 0.008
gamma: 0.0005
decay_start_ratio: 0.05
decay_min_factor: 0.05
bandwith_kernel: None
no_interact: False
avg_score: -1201.9200439453125
median_score: -1194.5
std_score: 61.06925582885742
percentiles: 2%=-1357.0400390625, 5%=-1323.199951171875, 10%=-1284.0999755859375, 25%=-1239.25, 50%=-1194.5, 75%=-1154.75, 90%=-1129.800048828125, 95%=-1121.949951171875, 98%=-1113.6600341796875
ranking_best_algo: Tabu
ranking_best_score: 1216.16
ranking_my_rank: 42/504 (91.9%)
ranking_my_percent: 91.86507936507937
