ConfigName: krbf__advnormalizedfitness__M4__L8__eps0p033__g0p015__ds0p3__dm0p3
Problem: QUBO
Kernel: rbf
Advantage: normalizedfitness
M: 4
lambda: 8
epsilon_svgd: 0.033
gamma: 0.015
decay_start_ratio: 0.3
decay_min_factor: 0.3
bandwith_kernel: None
no_interact: False
avg_score: -420.8800048828125
median_score: -425.0
std_score: 31.423328399658203
percentiles: 2%=-470.05999755859375, 5%=-465.25, 10%=-462.1000061035156, 25%=-444.25, 50%=-425.0, 75%=-396.5, 90%=-383.3000183105469, 95%=-366.0, 98%=-361.91998291015625
ranking_best_algo: CMApara
ranking_best_score: 453.82
ranking_my_rank: 157/504 (69.0%)
ranking_my_percent: 69.04761904761905
