ConfigName: kfr__advglobalrankweighted__M2__L9__eps0p01__g0p007__ds0p01__dm0p01
Problem: QUBO
Kernel: fr
Advantage: globalrankweighted
M: 2
lambda: 9
epsilon_svgd: 0.01
gamma: 0.007
decay_start_ratio: 0.01
decay_min_factor: 0.01
bandwith_kernel: None
no_interact: False
avg_score: -144.6199951171875
median_score: -145.0
std_score: 13.280647277832031
percentiles: 2%=-179.0, 5%=-160.1999969482422, 10%=-158.0, 25%=-154.0, 50%=-145.0, 75%=-137.0, 90%=-131.0, 95%=-121.90000915527344, 98%=-111.95999145507812
ranking_best_algo: CMApara
ranking_best_score: 154.28
ranking_my_rank: 179/504 (64.7%)
ranking_my_percent: 64.68253968253968
