ConfigName: krbf__advnormalizedfitness__M2__L11__eps0p01__g0p005__ds0p01__dm0p01
Problem: QUBO
Kernel: rbf
Advantage: normalizedfitness
M: 2
lambda: 11
epsilon_svgd: 0.01
gamma: 0.005
decay_start_ratio: 0.01
decay_min_factor: 0.01
bandwith_kernel: None
no_interact: False
avg_score: -1288.47998046875
median_score: -1281.0
std_score: 54.38225555419922
percentiles: 2%=-1391.0, 5%=-1383.050048828125, 10%=-1364.0999755859375, 25%=-1332.0, 50%=-1281.0, 75%=-1244.75, 90%=-1220.5999755859375, 95%=-1199.949951171875, 98%=-1190.9599609375
ranking_best_algo: BigLognormalDiscreteOnePlusOne
ranking_best_score: 1301.3600000000004
ranking_my_rank: 4/504 (99.4%)
ranking_my_percent: 99.4047619047619
