ConfigName: kfr__advglobalrankweighted__M5__L8__eps0p02__g0p007__ds0p01__dm0p01
Problem: QUBO
Kernel: fr
Advantage: globalrankweighted
M: 5
lambda: 8
epsilon_svgd: 0.02
gamma: 0.007
decay_start_ratio: 0.01
decay_min_factor: 0.01
bandwith_kernel: None
no_interact: False
avg_score: -417.1199951171875
median_score: -416.0
std_score: 24.007200241088867
percentiles: 2%=-467.0, 5%=-454.25, 10%=-447.5, 25%=-431.75, 50%=-416.0, 75%=-397.75, 90%=-388.0, 95%=-381.9000244140625, 98%=-373.8799743652344
ranking_best_algo: Tabu
ranking_best_score: 438.12
ranking_my_rank: 41/504 (92.1%)
ranking_my_percent: 92.06349206349206
