ConfigName: kjsd__advperagentrankweighted__M8__L28__eps0p005__g0p0005__ds0p05__dm0p05
Problem: QUBO
Kernel: jsd
Advantage: peragentrankweighted
M: 8
lambda: 28
epsilon_svgd: 0.005
gamma: 0.0005
decay_start_ratio: 0.05
decay_min_factor: 0.05
bandwith_kernel: None
no_interact: False
avg_score: -328.8800048828125
median_score: -334.0
std_score: 20.61808967590332
percentiles: 2%=-368.0799865722656, 5%=-357.0, 10%=-350.3999938964844, 25%=-343.0, 50%=-334.0, 75%=-317.5, 90%=-295.79998779296875, 95%=-292.0, 98%=-289.9200134277344
ranking_best_algo: CMApara
ranking_best_score: 344.22
ranking_my_rank: 83/504 (83.7%)
ranking_my_percent: 83.73015873015873
