ConfigName: kjsd__advperagentrankweighted__M5__L10__eps0p01__g0p0007__ds0p05__dm0p2
Problem: NK
Kernel: jsd
Advantage: peragentrankweighted
M: 5
lambda: 10
epsilon_svgd: 0.01
gamma: 0.0007
decay_start_ratio: 0.05
decay_min_factor: 0.2
bandwith_kernel: None
no_interact: False
avg_score: 0.743842363357544
median_score: 0.7443033456802368
std_score: 0.008119124919176102
percentiles: 2%=0.727898895740509, 5%=0.7302805781364441, 10%=0.7329196929931641, 25%=0.7375704646110535, 50%=0.7443033456802368, 75%=0.7493175268173218, 90%=0.7540917992591858, 95%=0.7570702433586121, 98%=0.7597411870956421
ranking_best_algo: PBIL
ranking_best_score: 0.733570253046875
ranking_my_rank: 1/504 (100.0%)
ranking_my_percent: 100.0
