ConfigName: krbf__advnormalizedfitness__M3__L15__eps0p015__g0p01__ds0p01__dm0p01
Problem: QUBO
Kernel: rbf
Advantage: normalizedfitness
M: 3
lambda: 15
epsilon_svgd: 0.015
gamma: 0.01
decay_start_ratio: 0.01
decay_min_factor: 0.01
bandwith_kernel: None
no_interact: False
avg_score: -555.9199829101562
median_score: -557.0
std_score: 35.975460052490234
percentiles: 2%=-629.0, 5%=-610.25, 10%=-598.0999755859375, 25%=-581.25, 50%=-557.0, 75%=-534.75, 90%=-500.79998779296875, 95%=-491.8500061035156, 98%=-481.89996337890625
ranking_best_algo: Tabu
ranking_best_score: 588.7199999999999
ranking_my_rank: 142/503 (72.0%)
ranking_my_percent: 71.96819085487077
