ConfigName: kjsd__advperagentrankweighted__M4__L12__eps0p01__g0p0003__ds0p2__dm0p05
Problem: QUBO
Kernel: jsd
Advantage: peragentrankweighted
M: 4
lambda: 12
epsilon_svgd: 0.01
gamma: 0.0003
decay_start_ratio: 0.2
decay_min_factor: 0.05
bandwith_kernel: None
no_interact: False
avg_score: -1235.6400146484375
median_score: -1230.0
std_score: 51.697296142578125
percentiles: 2%=-1338.0999755859375, 5%=-1328.050048828125, 10%=-1312.4000244140625, 25%=-1265.75, 50%=-1230.0, 75%=-1199.0, 90%=-1167.9000244140625, 95%=-1156.949951171875, 98%=-1152.699951171875
ranking_best_algo: SVMMetaModelLogNormal
ranking_best_score: 1233.7999999999997
ranking_my_rank: 1/504 (100.0%)
ranking_my_percent: 100.0
