ConfigName: kjsd__advperagentrankweighted__M5__L8__eps0p005__g0p0003__ds0p2__dm0p05
Problem: QUBO
Kernel: jsd
Advantage: peragentrankweighted
M: 5
lambda: 8
epsilon_svgd: 0.005
gamma: 0.0003
decay_start_ratio: 0.2
decay_min_factor: 0.05
bandwith_kernel: None
no_interact: False
avg_score: -442.8800048828125
median_score: -442.0
std_score: 25.4955997467041
percentiles: 2%=-490.1199951171875, 5%=-479.0, 10%=-473.20001220703125, 25%=-462.0, 50%=-442.0, 75%=-428.0, 90%=-408.0, 95%=-399.70001220703125, 98%=-383.0
ranking_best_algo: CMApara
ranking_best_score: 453.82
ranking_my_rank: 8/504 (98.6%)
ranking_my_percent: 98.61111111111111
