ConfigName: kjsd__advperagentrankweighted__M4__L10__eps0p01__g0p0005__ds0p2__dm0p05
Problem: QUBO
Kernel: jsd
Advantage: peragentrankweighted
M: 4
lambda: 10
epsilon_svgd: 0.01
gamma: 0.0005
decay_start_ratio: 0.2
decay_min_factor: 0.05
bandwith_kernel: None
no_interact: False
avg_score: -1252.8399658203125
median_score: -1249.0
std_score: 60.71765899658203
percentiles: 2%=-1373.06005859375, 5%=-1352.0999755859375, 10%=-1342.4000244140625, 25%=-1302.0, 50%=-1249.0, 75%=-1210.5, 90%=-1176.9000244140625, 95%=-1156.9000244140625, 98%=-1144.9000244140625
ranking_best_algo: SVMMetaModelLogNormal
ranking_best_score: 1233.7999999999997
ranking_my_rank: 1/504 (100.0%)
ranking_my_percent: 100.0
