ConfigName: kjsd__advperagentrankweighted__M5__L10__eps0p01__g0p0007__ds0p2__dm0p2
Problem: QUBO
Kernel: jsd
Advantage: peragentrankweighted
M: 5
lambda: 10
epsilon_svgd: 0.01
gamma: 0.0007
decay_start_ratio: 0.2
decay_min_factor: 0.2
bandwith_kernel: None
no_interact: False
avg_score: -414.8599853515625
median_score: -414.0
std_score: 27.094287872314453
percentiles: 2%=-473.0, 5%=-457.20001220703125, 10%=-448.29998779296875, 25%=-431.0, 50%=-414.0, 75%=-398.0, 90%=-381.79998779296875, 95%=-365.70001220703125, 98%=-355.79998779296875
ranking_best_algo: Tabu
ranking_best_score: 438.12
ranking_my_rank: 51/504 (90.1%)
ranking_my_percent: 90.07936507936508
