ConfigName: krbf__advnormalizedfitness__M3__L12__eps0p015__g0p005__ds0p15__dm0p01
Problem: QUBO
Kernel: rbf
Advantage: normalizedfitness
M: 3
lambda: 12
epsilon_svgd: 0.015
gamma: 0.005
decay_start_ratio: 0.15
decay_min_factor: 0.01
bandwith_kernel: None
no_interact: False
avg_score: -440.70001220703125
median_score: -449.0
std_score: 28.611711502075195
percentiles: 2%=-487.1000061035156, 5%=-483.04998779296875, 10%=-471.1000061035156, 25%=-461.0, 50%=-449.0, 75%=-419.0, 90%=-397.8999938964844, 95%=-388.0, 98%=-382.8199462890625
ranking_best_algo: CMApara
ranking_best_score: 453.82
ranking_my_rank: 12/504 (97.8%)
ranking_my_percent: 97.81746031746032
