ConfigName: krbf__advnormalizedfitness__M2__L10__eps0p033__g0p005__ds0p01__dm0p3
Problem: QUBO
Kernel: rbf
Advantage: normalizedfitness
M: 2
lambda: 10
epsilon_svgd: 0.033
gamma: 0.005
decay_start_ratio: 0.01
decay_min_factor: 0.3
bandwith_kernel: None
no_interact: False
avg_score: -430.2200012207031
median_score: -435.5
std_score: 30.098363876342773
percentiles: 2%=-481.0799865722656, 5%=-475.0, 10%=-466.3999938964844, 25%=-452.0, 50%=-435.5, 75%=-407.25, 90%=-389.6000061035156, 95%=-378.8500061035156, 98%=-364.8599853515625
ranking_best_algo: CMApara
ranking_best_score: 453.82
ranking_my_rank: 91/504 (82.1%)
ranking_my_percent: 82.14285714285714
