ConfigName: kjsd__advperagentrankweighted__M3__L16__eps0p01__g0p0007__ds0p05__dm0p1
Problem: NK
Kernel: jsd
Advantage: peragentrankweighted
M: 3
lambda: 16
epsilon_svgd: 0.01
gamma: 0.0007
decay_start_ratio: 0.05
decay_min_factor: 0.1
bandwith_kernel: None
no_interact: False
avg_score: 0.7090865969657898
median_score: 0.7109259366989136
std_score: 0.0155798913910985
percentiles: 2%=0.6693212985992432, 5%=0.6709836721420288, 10%=0.6924042105674744, 25%=0.7066580057144165, 50%=0.7109259366989136, 75%=0.7176502346992493, 90%=0.7254056930541992, 95%=0.7325186133384705, 98%=0.7332120537757874
ranking_best_algo: CMApara
ranking_best_score: 0.707475975
ranking_my_rank: 1/504 (100.0%)
ranking_my_percent: 100.0
