ConfigName: kjsd__advperagentrankweighted__M4__L8__eps0p02__g0p0007__ds0p2__dm0p05
Problem: QUBO
Kernel: jsd
Advantage: peragentrankweighted
M: 4
lambda: 8
epsilon_svgd: 0.02
gamma: 0.0007
decay_start_ratio: 0.2
decay_min_factor: 0.05
bandwith_kernel: None
no_interact: False
avg_score: -3246.659912109375
median_score: -3240.5
std_score: 117.62944030761719
percentiles: 2%=-3529.0, 5%=-3452.5, 10%=-3397.5, 25%=-3326.25, 50%=-3240.5, 75%=-3166.0, 90%=-3107.39990234375, 95%=-3089.25, 98%=-3038.719970703125
ranking_best_algo: RLSOnePlusOne
ranking_best_score: 3316.5199999999995
ranking_my_rank: 42/504 (91.9%)
ranking_my_percent: 91.86507936507937
