ConfigName: kjsd__advperagentrankweighted__M4__L24__eps0p01__g0p0005__ds0p05__dm0p05
Problem: QUBO
Kernel: jsd
Advantage: peragentrankweighted
M: 4
lambda: 24
epsilon_svgd: 0.01
gamma: 0.0005
decay_start_ratio: 0.05
decay_min_factor: 0.05
bandwith_kernel: None
no_interact: False
avg_score: -429.4200134277344
median_score: -428.5
std_score: 26.974498748779297
percentiles: 2%=-477.1199951171875, 5%=-473.0, 10%=-469.0, 25%=-447.5, 50%=-428.5, 75%=-407.0, 90%=-396.6000061035156, 95%=-387.70001220703125, 98%=-379.8800048828125
ranking_best_algo: CMAL3
ranking_best_score: 435.36
ranking_my_rank: 10/504 (98.2%)
ranking_my_percent: 98.21428571428571
