ConfigName: krbf__advnormalizedfitness__M3__L10__eps0p015__g0p015__ds0p3__dm0p01
Problem: QUBO
Kernel: rbf
Advantage: normalizedfitness
M: 3
lambda: 10
epsilon_svgd: 0.015
gamma: 0.015
decay_start_ratio: 0.3
decay_min_factor: 0.01
bandwith_kernel: None
no_interact: False
avg_score: -197.3000030517578
median_score: -199.0
std_score: 12.87283992767334
percentiles: 2%=-224.0, 5%=-220.10000610351562, 10%=-215.0, 25%=-205.0, 50%=-199.0, 75%=-188.0, 90%=-180.0, 95%=-176.0, 98%=-174.97999572753906
ranking_best_algo: Tabu
ranking_best_score: 208.36000000000004
ranking_my_rank: 125/504 (75.4%)
ranking_my_percent: 75.39682539682539
