ConfigName: kjsd__advperagentrankweighted__M6__L10__eps0p02__g0p0003__ds0p05__dm0p05
Problem: QUBO
Kernel: jsd
Advantage: peragentrankweighted
M: 6
lambda: 10
epsilon_svgd: 0.02
gamma: 0.0003
decay_start_ratio: 0.05
decay_min_factor: 0.05
bandwith_kernel: None
no_interact: False
avg_score: -149.16000366210938
median_score: -149.0
std_score: 13.279096603393555
percentiles: 2%=-179.0, 5%=-179.0, 10%=-164.0, 25%=-156.25, 50%=-149.0, 75%=-141.0, 90%=-135.0, 95%=-130.8000030517578, 98%=-122.94000244140625
ranking_best_algo: CMApara
ranking_best_score: 154.28
ranking_my_rank: 79/504 (84.5%)
ranking_my_percent: 84.52380952380952
