ConfigName: kjsd__advperagentrankweighted__M4__L12__eps0p005__g0p0003__ds0p2__dm0p05
Problem: QUBO
Kernel: jsd
Advantage: peragentrankweighted
M: 4
lambda: 12
epsilon_svgd: 0.005
gamma: 0.0003
decay_start_ratio: 0.2
decay_min_factor: 0.05
bandwith_kernel: None
no_interact: False
avg_score: -324.9599914550781
median_score: -326.0
std_score: 23.886363983154297
percentiles: 2%=-372.0, 5%=-361.0, 10%=-354.0, 25%=-342.0, 50%=-326.0, 75%=-308.0, 90%=-294.8999938964844, 95%=-287.79998779296875, 98%=-268.0
ranking_best_algo: CMApara
ranking_best_score: 344.22
ranking_my_rank: 121/504 (76.2%)
ranking_my_percent: 76.19047619047619
