ConfigName: kjsd__advperagentrankweighted__M5__L8__eps0p02__g0p0005__ds0p2__dm0p05
Problem: QUBO
Kernel: jsd
Advantage: peragentrankweighted
M: 5
lambda: 8
epsilon_svgd: 0.02
gamma: 0.0005
decay_start_ratio: 0.2
decay_min_factor: 0.05
bandwith_kernel: None
no_interact: False
avg_score: -424.5199890136719
median_score: -426.5
std_score: 26.00326156616211
percentiles: 2%=-477.0, 5%=-467.1000061035156, 10%=-456.1000061035156, 25%=-443.0, 50%=-426.5, 75%=-405.75, 90%=-391.0, 95%=-382.79998779296875, 98%=-375.9800109863281
ranking_best_algo: CMAL3
ranking_best_score: 435.36
ranking_my_rank: 30/504 (94.2%)
ranking_my_percent: 94.24603174603175
