ConfigName: kjsd__advperagentrankweighted__M3__L16__eps0p007__g0p001__ds0p1__dm0p1
Problem: NK
Kernel: jsd
Advantage: peragentrankweighted
M: 3
lambda: 16
epsilon_svgd: 0.007
gamma: 0.001
decay_start_ratio: 0.1
decay_min_factor: 0.1
bandwith_kernel: None
no_interact: False
avg_score: 0.7441825270652771
median_score: 0.7422001957893372
std_score: 0.027655309066176414
percentiles: 2%=0.7052128911018372, 5%=0.7077764272689819, 10%=0.7105409502983093, 25%=0.7226963043212891, 50%=0.7422001957893372, 75%=0.7583327293395996, 90%=0.7782467603683472, 95%=0.8044298887252808, 98%=0.8045502305030823
ranking_best_algo: CMApara
ranking_best_score: 0.7459277895312499
ranking_my_rank: 6/504 (99.0%)
ranking_my_percent: 99.0079365079365
