ConfigName: kjsd__advperagentrankweighted__M6__L10__eps0p02__g0p0005__ds0p05__dm0p05
Problem: QUBO
Kernel: jsd
Advantage: peragentrankweighted
M: 6
lambda: 10
epsilon_svgd: 0.02
gamma: 0.0005
decay_start_ratio: 0.05
decay_min_factor: 0.05
bandwith_kernel: None
no_interact: False
avg_score: -1186.1600341796875
median_score: -1183.0
std_score: 51.39255142211914
percentiles: 2%=-1297.5999755859375, 5%=-1264.050048828125, 10%=-1255.0, 25%=-1215.25, 50%=-1183.0, 75%=-1150.0, 90%=-1127.5999755859375, 95%=-1107.949951171875, 98%=-1099.5999755859375
ranking_best_algo: Tabu
ranking_best_score: 1216.16
ranking_my_rank: 64/504 (87.5%)
ranking_my_percent: 87.5
