ConfigName: kjsd__advperagentrankweighted__M4__L8__eps0p005__g0p0005__ds0p05__dm0p2
Problem: QUBO
Kernel: jsd
Advantage: peragentrankweighted
M: 4
lambda: 8
epsilon_svgd: 0.005
gamma: 0.0005
decay_start_ratio: 0.05
decay_min_factor: 0.2
bandwith_kernel: None
no_interact: False
avg_score: -1203.0799560546875
median_score: -1191.0
std_score: 57.00748825073242
percentiles: 2%=-1347.0, 5%=-1317.0, 10%=-1287.0, 25%=-1237.5, 50%=-1191.0, 75%=-1168.75, 90%=-1144.0, 95%=-1123.3499755859375, 98%=-1102.93994140625
ranking_best_algo: Tabu
ranking_best_score: 1216.16
ranking_my_rank: 40/504 (92.3%)
ranking_my_percent: 92.26190476190476
