ConfigName: kfr__advglobalrankweighted__M6__L7__eps0p015__g0p003__ds0p01__dm0p01
Problem: QUBO
Kernel: fr
Advantage: globalrankweighted
M: 6
lambda: 7
epsilon_svgd: 0.015
gamma: 0.003
decay_start_ratio: 0.01
decay_min_factor: 0.01
bandwith_kernel: None
no_interact: False
avg_score: -1162.6400146484375
median_score: -1159.0
std_score: 57.5118293762207
percentiles: 2%=-1282.239990234375, 5%=-1253.300048828125, 10%=-1238.0, 25%=-1201.5, 50%=-1159.0, 75%=-1125.75, 90%=-1087.0, 95%=-1064.800048828125, 98%=-1052.8399658203125
ranking_best_algo: SVMMetaModelLogNormal
ranking_best_score: 1233.7999999999997
ranking_my_rank: 86/504 (83.1%)
ranking_my_percent: 83.13492063492063
