ConfigName: kjsd__advperagentrankweighted__M4__L10__eps0p005__g0p0007__ds0p2__dm0p05
Problem: NK
Kernel: jsd
Advantage: peragentrankweighted
M: 4
lambda: 10
epsilon_svgd: 0.005
gamma: 0.0007
decay_start_ratio: 0.2
decay_min_factor: 0.05
bandwith_kernel: None
no_interact: False
avg_score: 0.707529604434967
median_score: 0.7102929949760437
std_score: 0.011852673254907131
percentiles: 2%=0.6884056925773621, 5%=0.6890059113502502, 10%=0.6919428706169128, 25%=0.697080135345459, 50%=0.7102929949760437, 75%=0.7169463634490967, 90%=0.7217329144477844, 95%=0.7241911888122559, 98%=0.7243130207061768
ranking_best_algo: PBIL
ranking_best_score: 0.7013553837109374
ranking_my_rank: 1/504 (100.0%)
ranking_my_percent: 100.0
