ConfigName: kjsd__advperagentrankweighted__M5__L10__eps0p01__g0p003__ds0p2__dm0p05
Problem: QUBO
Kernel: jsd
Advantage: peragentrankweighted
M: 5
lambda: 10
epsilon_svgd: 0.01
gamma: 0.003
decay_start_ratio: 0.2
decay_min_factor: 0.05
bandwith_kernel: None
no_interact: False
avg_score: -149.5
median_score: -148.0
std_score: 13.105342864990234
percentiles: 2%=-179.0, 5%=-179.0, 10%=-164.0, 25%=-157.0, 50%=-148.0, 75%=-141.0, 90%=-135.0, 95%=-132.0, 98%=-126.91999816894531
ranking_best_algo: CMApara
ranking_best_score: 154.28
ranking_my_rank: 77/504 (84.9%)
ranking_my_percent: 84.92063492063492
