ConfigName: krbf__advnormalizedfitness__M3__L15__eps0p015__g0p007__ds0p3__dm0p01
Problem: NK
Kernel: rbf
Advantage: normalizedfitness
M: 3
lambda: 15
epsilon_svgd: 0.015
gamma: 0.007
decay_start_ratio: 0.3
decay_min_factor: 0.01
bandwith_kernel: None
no_interact: False
avg_score: 0.7064257860183716
median_score: 0.7048595547676086
std_score: 0.01473773829638958
percentiles: 2%=0.6821789741516113, 5%=0.6854636073112488, 10%=0.6876198053359985, 25%=0.6967772841453552, 50%=0.7048595547676086, 75%=0.7151484489440918, 90%=0.7266523241996765, 95%=0.7323842644691467, 98%=0.7406423091888428
ranking_best_algo: PBIL
ranking_best_score: 0.733570253046875
ranking_my_rank: 82/504 (83.9%)
ranking_my_percent: 83.92857142857143
