ConfigName: kjsd__advperagentrankweighted__M4__L10__eps0p01__g0p0005__ds0p2__dm0p05
Problem: QUBO
Kernel: jsd
Advantage: peragentrankweighted
M: 4
lambda: 10
epsilon_svgd: 0.01
gamma: 0.0005
decay_start_ratio: 0.2
decay_min_factor: 0.05
bandwith_kernel: None
no_interact: False
avg_score: -939.9000244140625
median_score: -938.5
std_score: 60.35337829589844
percentiles: 2%=-1048.56005859375, 5%=-1041.1500244140625, 10%=-1015.5999755859375, 25%=-988.0, 50%=-938.5, 75%=-899.5, 90%=-858.4000244140625, 95%=-846.7999877929688, 98%=-826.6799926757812
ranking_best_algo: CMApara
ranking_best_score: 964.9
ranking_my_rank: 7/504 (98.8%)
ranking_my_percent: 98.80952380952381
