ConfigName: kjsd__advperagentrankweighted__M3__L30__eps0p007__g0p0005__ds0p1__dm0p2
Problem: QUBO
Kernel: jsd
Advantage: peragentrankweighted
M: 3
lambda: 30
epsilon_svgd: 0.007
gamma: 0.0005
decay_start_ratio: 0.1
decay_min_factor: 0.2
bandwith_kernel: None
no_interact: False
avg_score: -330.8999938964844
median_score: -334.0
std_score: 22.227684020996094
percentiles: 2%=-372.0, 5%=-366.29998779296875, 10%=-354.29998779296875, 25%=-346.0, 50%=-334.0, 75%=-315.5, 90%=-299.79998779296875, 95%=-290.95001220703125, 98%=-281.9599914550781
ranking_best_algo: CMApara
ranking_best_score: 344.22
ranking_my_rank: 77/504 (84.9%)
ranking_my_percent: 84.92063492063492
