ConfigName: kjsd__advperagentrankweighted__M5__L8__eps0p01__g0p0005__ds0p2__dm0p2
Problem: NK
Kernel: jsd
Advantage: peragentrankweighted
M: 5
lambda: 8
epsilon_svgd: 0.01
gamma: 0.0005
decay_start_ratio: 0.2
decay_min_factor: 0.2
bandwith_kernel: None
no_interact: False
avg_score: 0.7391948103904724
median_score: 0.7401050925254822
std_score: 0.009440290741622448
percentiles: 2%=0.7206613421440125, 5%=0.7240169644355774, 10%=0.727768063545227, 25%=0.7321404218673706, 50%=0.7401050925254822, 75%=0.7447146773338318, 90%=0.7503356337547302, 95%=0.7559990882873535, 98%=0.7582076191902161
ranking_best_algo: PBIL
ranking_best_score: 0.733570253046875
ranking_my_rank: 1/504 (100.0%)
ranking_my_percent: 100.0
