ConfigName: krbf__advnormalizedfitness__M4__L15__eps0p033__g0p01__ds0p01__dm0p01
Problem: QUBO
Kernel: rbf
Advantage: normalizedfitness
M: 4
lambda: 15
epsilon_svgd: 0.033
gamma: 0.01
decay_start_ratio: 0.01
decay_min_factor: 0.01
bandwith_kernel: None
no_interact: False
avg_score: -917.2999877929688
median_score: -914.0
std_score: 67.93563079833984
percentiles: 2%=-1056.199951171875, 5%=-1033.4000244140625, 10%=-1015.0999755859375, 25%=-963.5, 50%=-914.0, 75%=-868.75, 90%=-839.2000122070312, 95%=-803.0, 98%=-794.8399658203125
ranking_best_algo: CMApara
ranking_best_score: 964.9
ranking_my_rank: 68/504 (86.7%)
ranking_my_percent: 86.7063492063492
