ConfigName: krbf__advnormalizedfitness__M3__L8__eps0p015__g0p015__ds0p15__dm0p01
Problem: NK
Kernel: rbf
Advantage: normalizedfitness
M: 3
lambda: 8
epsilon_svgd: 0.015
gamma: 0.015
decay_start_ratio: 0.15
decay_min_factor: 0.01
bandwith_kernel: None
no_interact: False
avg_score: 0.7502532005310059
median_score: 0.7495890259742737
std_score: 0.0139404172077775
percentiles: 2%=0.7201330065727234, 5%=0.7284085750579834, 10%=0.7308090925216675, 25%=0.7411565780639648, 50%=0.7495890259742737, 75%=0.7603541612625122, 90%=0.7670808434486389, 95%=0.7729401588439941, 98%=0.7771651744842529
ranking_best_algo: Tabu
ranking_best_score: 0.7470791764843752
ranking_my_rank: 1/504 (100.0%)
ranking_my_percent: 100.0
