ConfigName: krbf__advnormalizedfitness__M2__L6__eps0p01__g0p006__ds0p3__dm0p01
Problem: NK
Kernel: rbf
Advantage: normalizedfitness
M: 2
lambda: 6
epsilon_svgd: 0.01
gamma: 0.006
decay_start_ratio: 0.3
decay_min_factor: 0.01
bandwith_kernel: None
no_interact: False
avg_score: 0.7072129845619202
median_score: 0.7095521092414856
std_score: 0.011910966597497463
percentiles: 2%=0.6884436011314392, 5%=0.688801109790802, 10%=0.6904867887496948, 25%=0.6954517364501953, 50%=0.7095521092414856, 75%=0.717806875705719, 90%=0.7215492129325867, 95%=0.7229728698730469, 98%=0.7243567109107971
ranking_best_algo: PBIL
ranking_best_score: 0.7013553837109374
ranking_my_rank: 1/504 (100.0%)
ranking_my_percent: 100.0
