ConfigName: kjsd__advperagentrankweighted__M3__L18__eps0p007__g0p0005__ds0p1__dm0p1
Problem: NK
Kernel: jsd
Advantage: peragentrankweighted
M: 3
lambda: 18
epsilon_svgd: 0.007
gamma: 0.0005
decay_start_ratio: 0.1
decay_min_factor: 0.1
bandwith_kernel: None
no_interact: False
avg_score: 0.7334892749786377
median_score: 0.7336782813072205
std_score: 0.008793179877102375
percentiles: 2%=0.7150635719299316, 5%=0.7177038788795471, 10%=0.7206878066062927, 25%=0.7284400463104248, 50%=0.7336782813072205, 75%=0.7404516339302063, 90%=0.7442693710327148, 95%=0.7464245557785034, 98%=0.7475199103355408
ranking_best_algo: PBIL
ranking_best_score: 0.7248786399609374
ranking_my_rank: 1/504 (100.0%)
ranking_my_percent: 100.0
