ConfigName: krbf__advnormalizedfitness__M4__L15__eps0p015__g0p01__ds0p15__dm0p3
Problem: NK
Kernel: rbf
Advantage: normalizedfitness
M: 4
lambda: 15
epsilon_svgd: 0.015
gamma: 0.01
decay_start_ratio: 0.15
decay_min_factor: 0.3
bandwith_kernel: None
no_interact: False
avg_score: 0.6780931949615479
median_score: 0.6790876388549805
std_score: 0.01764487847685814
percentiles: 2%=0.6349989771842957, 5%=0.6367072463035583, 10%=0.6598741412162781, 25%=0.6728141903877258, 50%=0.6790876388549805, 75%=0.6872755885124207, 90%=0.6979325413703918, 95%=0.7056588530540466, 98%=0.707673966884613
ranking_best_algo: CMApara
ranking_best_score: 0.707475975
ranking_my_rank: 309/504 (38.9%)
ranking_my_percent: 38.888888888888886
