ConfigName: kjsd__advperagentrankweighted__M3__L18__eps0p005__g0p0005__ds0p05__dm0p2
Problem: QUBO
Kernel: jsd
Advantage: peragentrankweighted
M: 3
lambda: 18
epsilon_svgd: 0.005
gamma: 0.0005
decay_start_ratio: 0.05
decay_min_factor: 0.2
bandwith_kernel: None
no_interact: False
avg_score: -2653.0400390625
median_score: -2636.0
std_score: 112.30315399169922
percentiles: 2%=-2915.080078125, 5%=-2837.5, 10%=-2809.10009765625, 25%=-2734.0, 50%=-2636.0, 75%=-2584.0, 90%=-2507.60009765625, 95%=-2469.449951171875, 98%=-2452.0
ranking_best_algo: DiscreteLengler2OnePlusOne
ranking_best_score: 2617.04
ranking_my_rank: 1/504 (100.0%)
ranking_my_percent: 100.0
