ConfigName: kjsd__advperagentrankweighted__M3__L18__eps0p01__g0p0007__ds0p2__dm0p05
Problem: NK
Kernel: jsd
Advantage: peragentrankweighted
M: 3
lambda: 18
epsilon_svgd: 0.01
gamma: 0.0007
decay_start_ratio: 0.2
decay_min_factor: 0.05
bandwith_kernel: None
no_interact: False
avg_score: 0.7406421899795532
median_score: 0.7413930892944336
std_score: 0.014383404515683651
percentiles: 2%=0.709570586681366, 5%=0.7192968726158142, 10%=0.7238381505012512, 25%=0.7305824756622314, 50%=0.7413930892944336, 75%=0.7513881325721741, 90%=0.7563390135765076, 95%=0.7646440267562866, 98%=0.7699726223945618
ranking_best_algo: Tabu
ranking_best_score: 0.7601875690625
ranking_my_rank: 12/504 (97.8%)
ranking_my_percent: 97.81746031746032
