ConfigName: krbf__advnormalizedfitness__M3__L15__eps0p033__g0p015__ds0p01__dm0p3
Problem: NK
Kernel: rbf
Advantage: normalizedfitness
M: 3
lambda: 15
epsilon_svgd: 0.033
gamma: 0.015
decay_start_ratio: 0.01
decay_min_factor: 0.3
bandwith_kernel: None
no_interact: False
avg_score: 0.7042980194091797
median_score: 0.705102801322937
std_score: 0.010702414438128471
percentiles: 2%=0.6811579465866089, 5%=0.6850772500038147, 10%=0.6902902722358704, 25%=0.6973662376403809, 50%=0.705102801322937, 75%=0.711971640586853, 90%=0.7179328799247742, 95%=0.7203488945960999, 98%=0.7227679491043091
ranking_best_algo: PBIL
ranking_best_score: 0.7248786399609374
ranking_my_rank: 90/504 (82.3%)
ranking_my_percent: 82.34126984126983
