ConfigName: kjsd__advperagentrankweighted__M10__L28__eps0p008__g0p0005__ds0p3__dm0p05
Problem: QUBO
Kernel: jsd
Advantage: peragentrankweighted
M: 10
lambda: 28
epsilon_svgd: 0.008
gamma: 0.0005
decay_start_ratio: 0.3
decay_min_factor: 0.05
bandwith_kernel: None
no_interact: False
avg_score: -397.5799865722656
median_score: -397.0
std_score: 31.040353775024414
percentiles: 2%=-458.0199890136719, 5%=-454.1000061035156, 10%=-440.1000061035156, 25%=-421.0, 50%=-397.0, 75%=-374.75, 90%=-356.70001220703125, 95%=-348.95001220703125, 98%=-343.9800109863281
ranking_best_algo: CMApara
ranking_best_score: 453.82
ranking_my_rank: 268/504 (47.0%)
ranking_my_percent: 47.023809523809526
