ConfigName: krbf__advnormalizedfitness__M1__L10__eps0p015__g0p005__ds0p3__dm0p3
Problem: QUBO
Kernel: rbf
Advantage: normalizedfitness
M: 1
lambda: 10
epsilon_svgd: 0.015
gamma: 0.005
decay_start_ratio: 0.3
decay_min_factor: 0.3
bandwith_kernel: None
no_interact: False
avg_score: -141.24000549316406
median_score: -142.0
std_score: 15.551925659179688
percentiles: 2%=-179.0, 5%=-164.0, 10%=-158.0, 25%=-152.0, 50%=-142.0, 75%=-132.75, 90%=-119.0, 95%=-114.0, 98%=-110.91998291015625
ranking_best_algo: CMApara
ranking_best_score: 154.28
ranking_my_rank: 269/504 (46.8%)
ranking_my_percent: 46.82539682539682
