ConfigName: kjsd__advperagentrankweighted__M3__L20__eps0p005__g0p003__ds0p1__dm0p2
Problem: QUBO
Kernel: jsd
Advantage: peragentrankweighted
M: 3
lambda: 20
epsilon_svgd: 0.005
gamma: 0.003
decay_start_ratio: 0.1
decay_min_factor: 0.2
bandwith_kernel: None
no_interact: False
avg_score: -391.5400085449219
median_score: -394.5
std_score: 34.182281494140625
percentiles: 2%=-455.0400085449219, 5%=-447.20001220703125, 10%=-443.0, 25%=-414.25, 50%=-394.5, 75%=-367.75, 90%=-347.8999938964844, 95%=-331.75, 98%=-325.9599914550781
ranking_best_algo: CMAL3
ranking_best_score: 435.36
ranking_my_rank: 263/504 (48.0%)
ranking_my_percent: 48.01587301587302
