ConfigName: kjsd__advperagentrankweighted__M4__L8__eps0p005__g0p0007__ds0p2__dm0p05
Problem: QUBO
Kernel: jsd
Advantage: peragentrankweighted
M: 4
lambda: 8
epsilon_svgd: 0.005
gamma: 0.0007
decay_start_ratio: 0.2
decay_min_factor: 0.05
bandwith_kernel: None
no_interact: False
avg_score: -1238.280029296875
median_score: -1239.0
std_score: 63.62626647949219
percentiles: 2%=-1387.0999755859375, 5%=-1350.25, 10%=-1325.199951171875, 25%=-1277.25, 50%=-1239.0, 75%=-1200.0, 90%=-1156.300048828125, 95%=-1129.0, 98%=-1118.8800048828125
ranking_best_algo: SVMMetaModelLogNormal
ranking_best_score: 1233.7999999999997
ranking_my_rank: 1/504 (100.0%)
ranking_my_percent: 100.0
