ConfigName: kjsd__advperagentrankweighted__M3__L18__eps0p007__g0p0005__ds0p1__dm0p1
Problem: QUBO
Kernel: jsd
Advantage: peragentrankweighted
M: 3
lambda: 18
epsilon_svgd: 0.007
gamma: 0.0005
decay_start_ratio: 0.1
decay_min_factor: 0.1
bandwith_kernel: None
no_interact: False
avg_score: -1294.9200439453125
median_score: -1294.5
std_score: 60.3116340637207
percentiles: 2%=-1407.3199462890625, 5%=-1398.050048828125, 10%=-1383.199951171875, 25%=-1337.5, 50%=-1294.5, 75%=-1252.0, 90%=-1224.699951171875, 95%=-1184.75, 98%=-1176.8399658203125
ranking_best_algo: BigLognormalDiscreteOnePlusOne
ranking_best_score: 1301.3600000000004
ranking_my_rank: 2/504 (99.8%)
ranking_my_percent: 99.8015873015873
