ConfigName: kjsd__advperagentrankweighted__M3__L18__eps0p005__g0p0005__ds0p05__dm0p2
Problem: NK
Kernel: jsd
Advantage: peragentrankweighted
M: 3
lambda: 18
epsilon_svgd: 0.005
gamma: 0.0005
decay_start_ratio: 0.05
decay_min_factor: 0.2
bandwith_kernel: None
no_interact: False
avg_score: 0.7417940497398376
median_score: 0.7421113848686218
std_score: 0.013604657724499702
percentiles: 2%=0.7175462245941162, 5%=0.7224564552307129, 10%=0.7248659729957581, 25%=0.7327569723129272, 50%=0.7421113848686218, 75%=0.7495750188827515, 90%=0.7593047618865967, 95%=0.7683655023574829, 98%=0.769945502281189
ranking_best_algo: Tabu
ranking_best_score: 0.7601875690625
ranking_my_rank: 12/504 (97.8%)
ranking_my_percent: 97.81746031746032
