ConfigName: kjsd__advperagentrankweighted__M2__L20__eps0p005__g0p0005__ds0p1__dm0p2
Problem: QUBO
Kernel: jsd
Advantage: peragentrankweighted
M: 2
lambda: 20
epsilon_svgd: 0.005
gamma: 0.0005
decay_start_ratio: 0.1
decay_min_factor: 0.2
bandwith_kernel: None
no_interact: False
avg_score: -196.77999877929688
median_score: -197.5
std_score: 12.566287994384766
percentiles: 2%=-224.0, 5%=-219.14999389648438, 10%=-214.1999969482422, 25%=-205.0, 50%=-197.5, 75%=-189.0, 90%=-179.89999389648438, 95%=-178.9499969482422, 98%=-173.89999389648438
ranking_best_algo: Tabu
ranking_best_score: 208.36000000000004
ranking_my_rank: 164/504 (67.7%)
ranking_my_percent: 67.65873015873017
