ConfigName: krbf__advnormalizedfitness__M4__L15__eps0p015__g0p005__ds0p15__dm0p3
Problem: QUBO
Kernel: rbf
Advantage: normalizedfitness
M: 4
lambda: 15
epsilon_svgd: 0.015
gamma: 0.005
decay_start_ratio: 0.15
decay_min_factor: 0.3
bandwith_kernel: None
no_interact: False
avg_score: -323.79998779296875
median_score: -326.0
std_score: 23.546550750732422
percentiles: 2%=-370.0400085449219, 5%=-357.20001220703125, 10%=-350.20001220703125, 25%=-341.25, 50%=-326.0, 75%=-308.0, 90%=-291.79998779296875, 95%=-281.9000244140625, 98%=-275.9599914550781
ranking_best_algo: CMApara
ranking_best_score: 344.22
ranking_my_rank: 129/504 (74.6%)
ranking_my_percent: 74.60317460317461
