ConfigName: krbf__advnormalizedfitness__M4__L10__eps0p01__g0p0005__ds0p05__dm0p05
Problem: QUBO
Kernel: rbf
Advantage: normalizedfitness
M: 4
lambda: 10
epsilon_svgd: 0.01
gamma: 0.0005
decay_start_ratio: 0.05
decay_min_factor: 0.05
bandwith_kernel: None
no_interact: False
avg_score: -2413.6201171875
median_score: -2426.5
std_score: 133.84280395507812
percentiles: 2%=-2657.419921875, 5%=-2610.60009765625, 10%=-2586.0, 25%=-2495.5, 50%=-2426.5, 75%=-2320.5, 90%=-2233.60009765625, 95%=-2194.75, 98%=-2136.800048828125
ranking_best_algo: SVM1MetaModelLogNormal
ranking_best_score: 2605.14
ranking_my_rank: 93/504 (81.7%)
ranking_my_percent: 81.74603174603175
