ConfigName: kjsd__advperagentrankweighted__M3__L24__eps0p007__g0p0005__ds0p1__dm0p1
Problem: NK
Kernel: jsd
Advantage: peragentrankweighted
M: 3
lambda: 24
epsilon_svgd: 0.007
gamma: 0.0005
decay_start_ratio: 0.1
decay_min_factor: 0.1
bandwith_kernel: None
no_interact: False
avg_score: 0.7360935807228088
median_score: 0.7379063367843628
std_score: 0.009291321039199829
percentiles: 2%=0.7149553894996643, 5%=0.7184041142463684, 10%=0.7228167653083801, 25%=0.7287030816078186, 50%=0.7379063367843628, 75%=0.7430956959724426, 90%=0.7461774945259094, 95%=0.7478132247924805, 98%=0.7522106170654297
ranking_best_algo: PBIL
ranking_best_score: 0.730509098125
ranking_my_rank: 1/504 (100.0%)
ranking_my_percent: 100.0
