ConfigName: kjsd__advperagentrankweighted__M3__L20__eps0p007__g0p003__ds0p05__dm0p2
Problem: NK
Kernel: jsd
Advantage: peragentrankweighted
M: 3
lambda: 20
epsilon_svgd: 0.007
gamma: 0.003
decay_start_ratio: 0.05
decay_min_factor: 0.2
bandwith_kernel: None
no_interact: False
avg_score: 0.7214982509613037
median_score: 0.7229045033454895
std_score: 0.01033029519021511
percentiles: 2%=0.6989823579788208, 5%=0.70437091588974, 10%=0.706873893737793, 25%=0.7140888571739197, 50%=0.7229045033454895, 75%=0.7299971580505371, 90%=0.7333763837814331, 95%=0.7354639768600464, 98%=0.7369970083236694
ranking_best_algo: PBIL
ranking_best_score: 0.7248786399609374
ranking_my_rank: 3/504 (99.6%)
ranking_my_percent: 99.60317460317461
