ConfigName: krbf__advnormalizedfitness__M4__L15__eps0p033__g0p01__ds0p3__dm0p01
Problem: QUBO
Kernel: rbf
Advantage: normalizedfitness
M: 4
lambda: 15
epsilon_svgd: 0.033
gamma: 0.01
decay_start_ratio: 0.3
decay_min_factor: 0.01
bandwith_kernel: None
no_interact: False
avg_score: -332.0799865722656
median_score: -334.0
std_score: 16.628698348999023
percentiles: 2%=-372.0, 5%=-355.1000061035156, 10%=-350.1000061035156, 25%=-341.0, 50%=-334.0, 75%=-320.0, 90%=-312.0, 95%=-305.95001220703125, 98%=-303.8199462890625
ranking_best_algo: CMApara
ranking_best_score: 344.22
ranking_my_rank: 75/504 (85.3%)
ranking_my_percent: 85.31746031746032
