ConfigName: krbf__advnormalizedfitness__M4__L10__eps0p025__g0p01__ds0p3__dm0p01
Problem: QUBO
Kernel: rbf
Advantage: normalizedfitness
M: 4
lambda: 10
epsilon_svgd: 0.025
gamma: 0.01
decay_start_ratio: 0.3
decay_min_factor: 0.01
bandwith_kernel: None
no_interact: False
avg_score: -1348.260009765625
median_score: -1341.0
std_score: 135.86151123046875
percentiles: 2%=-1627.47998046875, 5%=-1571.4000244140625, 10%=-1549.4000244140625, 25%=-1436.0, 50%=-1341.0, 75%=-1249.75, 90%=-1181.0, 95%=-1144.300048828125, 98%=-1114.8800048828125
ranking_best_algo: NLOPT_LN_PRAXIS
ranking_best_score: 1607.12
ranking_my_rank: 177/504 (65.1%)
ranking_my_percent: 65.07936507936508
