ConfigName: krbf__advnormalizedfitness__M3__L8__eps0p03__g0p005__ds0p05__dm0p05
Problem: NK
Kernel: rbf
Advantage: normalizedfitness
M: 3
lambda: 8
epsilon_svgd: 0.03
gamma: 0.005
decay_start_ratio: 0.05
decay_min_factor: 0.05
bandwith_kernel: None
no_interact: False
avg_score: 0.7328554391860962
median_score: 0.7333753108978271
std_score: 0.008886568248271942
percentiles: 2%=0.7155166268348694, 5%=0.7169167399406433, 10%=0.7188015580177307, 25%=0.7276461124420166, 50%=0.7333753108978271, 75%=0.7396601438522339, 90%=0.7439863085746765, 95%=0.7454578876495361, 98%=0.7466648817062378
ranking_best_algo: PBIL
ranking_best_score: 0.7248786399609374
ranking_my_rank: 1/504 (100.0%)
ranking_my_percent: 100.0
