ConfigName: krbf__advnormalizedfitness__M2__L8__eps0p025__g0p015__ds0p01__dm0p01
Problem: QUBO
Kernel: rbf
Advantage: normalizedfitness
M: 2
lambda: 8
epsilon_svgd: 0.025
gamma: 0.015
decay_start_ratio: 0.01
decay_min_factor: 0.01
bandwith_kernel: None
no_interact: False
avg_score: -325.5400085449219
median_score: -329.0
std_score: 22.371150970458984
percentiles: 2%=-372.0, 5%=-354.3500061035156, 10%=-350.0, 25%=-341.25, 50%=-329.0, 75%=-308.0, 90%=-295.8999938964844, 95%=-290.0, 98%=-279.9800109863281
ranking_best_algo: CMApara
ranking_best_score: 344.22
ranking_my_rank: 118/504 (76.8%)
ranking_my_percent: 76.78571428571429
