ConfigName: krbf__advnormalizedfitness__M1__L8__eps0p025__g0p015__ds0p01__dm0p01
Problem: NK
Kernel: rbf
Advantage: normalizedfitness
M: 1
lambda: 8
epsilon_svgd: 0.025
gamma: 0.015
decay_start_ratio: 0.01
decay_min_factor: 0.01
bandwith_kernel: None
no_interact: False
avg_score: 0.7260077595710754
median_score: 0.7273693084716797
std_score: 0.008997088298201561
percentiles: 2%=0.7100667357444763, 5%=0.7118083834648132, 10%=0.7144010066986084, 25%=0.718777596950531, 50%=0.7273693084716797, 75%=0.731063961982727, 90%=0.738438069820404, 95%=0.7408424615859985, 98%=0.745023787021637
ranking_best_algo: PBIL
ranking_best_score: 0.7170882103515624
ranking_my_rank: 1/504 (100.0%)
ranking_my_percent: 100.0
