ConfigName: kjsd__advperagentrankweighted__M4__L20__eps0p007__g0p0005__ds0p05__dm0p2
Problem: QUBO
Kernel: jsd
Advantage: peragentrankweighted
M: 4
lambda: 20
epsilon_svgd: 0.007
gamma: 0.0005
decay_start_ratio: 0.05
decay_min_factor: 0.2
bandwith_kernel: None
no_interact: False
avg_score: -3273.89990234375
median_score: -3262.0
std_score: 119.63389587402344
percentiles: 2%=-3521.419921875, 5%=-3482.300048828125, 10%=-3425.199951171875, 25%=-3346.75, 50%=-3262.0, 75%=-3197.75, 90%=-3111.10009765625, 95%=-3073.89990234375, 98%=-3066.780029296875
ranking_best_algo: RLSOnePlusOne
ranking_best_score: 3316.5199999999995
ranking_my_rank: 12/504 (97.8%)
ranking_my_percent: 97.81746031746032
