ConfigName: kjsd__advperagentrankweighted__M3__L18__eps0p005__g0p001__ds0p1__dm0p05
Problem: QUBO
Kernel: jsd
Advantage: peragentrankweighted
M: 3
lambda: 18
epsilon_svgd: 0.005
gamma: 0.001
decay_start_ratio: 0.1
decay_min_factor: 0.05
bandwith_kernel: None
no_interact: False
avg_score: -912.2000122070312
median_score: -908.0
std_score: 68.60189056396484
percentiles: 2%=-1048.0799560546875, 5%=-1025.550048828125, 10%=-1000.0, 25%=-957.75, 50%=-908.0, 75%=-869.25, 90%=-827.7000122070312, 95%=-797.25, 98%=-775.4000244140625
ranking_best_algo: CMAL3
ranking_best_score: 928.5800000000002
ranking_my_rank: 20/504 (96.2%)
ranking_my_percent: 96.23015873015873
