ConfigName: kjsd__advperagentrankweighted__M5__L8__eps0p005__g0p0003__ds0p4__dm0p05
Problem: QUBO
Kernel: jsd
Advantage: peragentrankweighted
M: 5
lambda: 8
epsilon_svgd: 0.005
gamma: 0.0003
decay_start_ratio: 0.4
decay_min_factor: 0.05
bandwith_kernel: None
no_interact: False
avg_score: -3296.0
median_score: -3290.0
std_score: 125.53501892089844
percentiles: 2%=-3538.840087890625, 5%=-3507.699951171875, 10%=-3477.300048828125, 25%=-3378.0, 50%=-3290.0, 75%=-3202.75, 90%=-3135.800048828125, 95%=-3104.89990234375, 98%=-3065.56005859375
ranking_best_algo: RLSOnePlusOne
ranking_best_score: 3316.5199999999995
ranking_my_rank: 3/504 (99.6%)
ranking_my_percent: 99.60317460317461
