ConfigName: kfr__advglobalrankweighted__M3__L10__eps0p015__g0p005__ds0p01__dm0p01
Problem: QUBO
Kernel: fr
Advantage: globalrankweighted
M: 3
lambda: 10
epsilon_svgd: 0.015
gamma: 0.005
decay_start_ratio: 0.01
decay_min_factor: 0.01
bandwith_kernel: None
no_interact: False
avg_score: -1294.6800537109375
median_score: -1295.0
std_score: 58.163883209228516
percentiles: 2%=-1405.0400390625, 5%=-1397.300048828125, 10%=-1375.5999755859375, 25%=-1331.5, 50%=-1295.0, 75%=-1260.75, 90%=-1214.699951171875, 95%=-1192.800048828125, 98%=-1176.9599609375
ranking_best_algo: BigLognormalDiscreteOnePlusOne
ranking_best_score: 1301.3600000000004
ranking_my_rank: 2/504 (99.8%)
ranking_my_percent: 99.8015873015873
