ConfigName: kjsd__advperagentrankweighted__M3__L18__eps0p007__g0p0005__ds0p2__dm0p1
Problem: NK
Kernel: jsd
Advantage: peragentrankweighted
M: 3
lambda: 18
epsilon_svgd: 0.007
gamma: 0.0005
decay_start_ratio: 0.2
decay_min_factor: 0.1
bandwith_kernel: None
no_interact: False
avg_score: 0.7466230988502502
median_score: 0.7475732564926147
std_score: 0.00902546476572752
percentiles: 2%=0.7277724742889404, 5%=0.7323899269104004, 10%=0.7342908382415771, 25%=0.7403944730758667, 50%=0.7475732564926147, 75%=0.7530972957611084, 90%=0.7583484649658203, 95%=0.7596123814582825, 98%=0.7634822130203247
ranking_best_algo: PBIL
ranking_best_score: 0.733570253046875
ranking_my_rank: 1/504 (100.0%)
ranking_my_percent: 100.0
