ConfigName: kjsd__advperagentrankweighted__M4__L24__eps0p01__g0p0003__ds0p4__dm0p05
Problem: QUBO
Kernel: jsd
Advantage: peragentrankweighted
M: 4
lambda: 24
epsilon_svgd: 0.01
gamma: 0.0003
decay_start_ratio: 0.4
decay_min_factor: 0.05
bandwith_kernel: None
no_interact: False
avg_score: -911.6199951171875
median_score: -915.0
std_score: 60.306514739990234
percentiles: 2%=-1034.1400146484375, 5%=-1024.25, 10%=-981.4000244140625, 25%=-944.75, 50%=-915.0, 75%=-878.0, 90%=-826.5, 95%=-802.75, 98%=-796.8800048828125
ranking_best_algo: CMAL3
ranking_best_score: 928.5800000000002
ranking_my_rank: 20/504 (96.2%)
ranking_my_percent: 96.23015873015873
