ConfigName: krbf__advnormalizedfitness__M4__L15__eps0p025__g0p015__ds0p01__dm0p3
Problem: QUBO
Kernel: rbf
Advantage: normalizedfitness
M: 4
lambda: 15
epsilon_svgd: 0.025
gamma: 0.015
decay_start_ratio: 0.01
decay_min_factor: 0.3
bandwith_kernel: None
no_interact: False
avg_score: -1123.760009765625
median_score: -1111.5
std_score: 126.5691146850586
percentiles: 2%=-1407.6400146484375, 5%=-1352.8499755859375, 10%=-1300.4000244140625, 25%=-1198.25, 50%=-1111.5, 75%=-1019.25, 90%=-976.2000122070312, 95%=-949.3500366210938, 98%=-923.4798583984375
ranking_best_algo: SVM1MetaModelLogNormal
ranking_best_score: 2605.14
ranking_my_rank: 388/504 (23.2%)
ranking_my_percent: 23.214285714285715
