ConfigName: kjsd__advperagentrankweighted__M3__L18__eps0p007__g0p0007__ds0p05__dm0p1
Problem: QUBO
Kernel: jsd
Advantage: peragentrankweighted
M: 3
lambda: 18
epsilon_svgd: 0.007
gamma: 0.0007
decay_start_ratio: 0.05
decay_min_factor: 0.1
bandwith_kernel: None
no_interact: False
avg_score: -914.0800170898438
median_score: -910.0
std_score: 63.79665756225586
percentiles: 2%=-1039.1800537109375, 5%=-1018.2000122070312, 10%=-1000.5999755859375, 25%=-959.25, 50%=-910.0, 75%=-870.0, 90%=-826.7999877929688, 95%=-808.5999755859375, 98%=-792.9600219726562
ranking_best_algo: CMAL3
ranking_best_score: 928.5800000000002
ranking_my_rank: 17/504 (96.8%)
ranking_my_percent: 96.82539682539682
