ConfigName: kjsd__advperagentrankweighted__M4__L20__eps0p007__g0p0005__ds0p2__dm0p1
Problem: QUBO
Kernel: jsd
Advantage: peragentrankweighted
M: 4
lambda: 20
epsilon_svgd: 0.007
gamma: 0.0005
decay_start_ratio: 0.2
decay_min_factor: 0.1
bandwith_kernel: None
no_interact: False
avg_score: -200.36000061035156
median_score: -203.0
std_score: 11.996265411376953
percentiles: 2%=-224.0, 5%=-221.14999389648438, 10%=-215.0, 25%=-207.0, 50%=-203.0, 75%=-191.0, 90%=-182.89999389648438, 95%=-181.89999389648438, 98%=-177.9199981689453
ranking_best_algo: Tabu
ranking_best_score: 208.36000000000004
ranking_my_rank: 47/504 (90.9%)
ranking_my_percent: 90.87301587301587
