ConfigName: krbf__advnormalizedfitness__M3__L15__eps0p033__g0p005__ds0p01__dm0p3
Problem: QUBO
Kernel: rbf
Advantage: normalizedfitness
M: 3
lambda: 15
epsilon_svgd: 0.033
gamma: 0.005
decay_start_ratio: 0.01
decay_min_factor: 0.3
bandwith_kernel: None
no_interact: False
avg_score: -1196.43994140625
median_score: -1191.0
std_score: 58.0291862487793
percentiles: 2%=-1309.199951171875, 5%=-1289.800048828125, 10%=-1274.0999755859375, 25%=-1237.25, 50%=-1191.0, 75%=-1156.25, 90%=-1120.699951171875, 95%=-1102.949951171875, 98%=-1100.5799560546875
ranking_best_algo: Tabu
ranking_best_score: 1216.16
ranking_my_rank: 47/504 (90.9%)
ranking_my_percent: 90.87301587301587
