ConfigName: kjsd__advperagentrankweighted__M5__L8__eps0p005__g0p003__ds0p2__dm0p2
Problem: QUBO
Kernel: jsd
Advantage: peragentrankweighted
M: 5
lambda: 8
epsilon_svgd: 0.005
gamma: 0.003
decay_start_ratio: 0.2
decay_min_factor: 0.2
bandwith_kernel: None
no_interact: False
avg_score: -2265.89990234375
median_score: -2241.0
std_score: 230.61595153808594
percentiles: 2%=-2762.4599609375, 5%=-2739.75, 10%=-2573.800048828125, 25%=-2403.5, 50%=-2241.0, 75%=-2096.25, 90%=-1987.699951171875, 95%=-1952.3499755859375, 98%=-1845.93994140625
ranking_best_algo: RLSOnePlusOne
ranking_best_score: 3316.5199999999995
ranking_my_rank: 285/504 (43.7%)
ranking_my_percent: 43.65079365079365
