ConfigName: kjsd__advperagentrankweighted__M6__L12__eps0p008__g0p0005__ds0p05__dm0p05
Problem: NK
Kernel: jsd
Advantage: peragentrankweighted
M: 6
lambda: 12
epsilon_svgd: 0.008
gamma: 0.0005
decay_start_ratio: 0.05
decay_min_factor: 0.05
bandwith_kernel: None
no_interact: False
avg_score: 0.745695948600769
median_score: 0.7447599172592163
std_score: 0.010145317763090134
percentiles: 2%=0.7260871529579163, 5%=0.7302026748657227, 10%=0.7338970303535461, 25%=0.7393930554389954, 50%=0.7447599172592163, 75%=0.7525442242622375, 90%=0.7596811652183533, 95%=0.763242781162262, 98%=0.7659560441970825
ranking_best_algo: PBIL
ranking_best_score: 0.733570253046875
ranking_my_rank: 1/504 (100.0%)
ranking_my_percent: 100.0
