ConfigName: kjsd__advperagentrankweighted__M5__L12__eps0p008__g0p0005__ds0p3__dm0p05
Problem: QUBO
Kernel: jsd
Advantage: peragentrankweighted
M: 5
lambda: 12
epsilon_svgd: 0.008
gamma: 0.0005
decay_start_ratio: 0.3
decay_min_factor: 0.05
bandwith_kernel: None
no_interact: False
avg_score: -201.5399932861328
median_score: -202.0
std_score: 12.089184761047363
percentiles: 2%=-224.0, 5%=-224.0, 10%=-219.1999969482422, 25%=-209.0, 50%=-202.0, 75%=-195.0, 90%=-184.89999389648438, 95%=-178.9499969482422, 98%=-177.0
ranking_best_algo: Tabu
ranking_best_score: 208.36000000000004
ranking_my_rank: 40/504 (92.3%)
ranking_my_percent: 92.26190476190476
