ConfigName: kfr__advglobalrankweighted__M6__L11__eps0p01__g0p005__ds0p01__dm0p01
Problem: QUBO
Kernel: fr
Advantage: globalrankweighted
M: 6
lambda: 11
epsilon_svgd: 0.01
gamma: 0.005
decay_start_ratio: 0.01
decay_min_factor: 0.01
bandwith_kernel: None
no_interact: False
avg_score: -1060.6600341796875
median_score: -1064.0
std_score: 87.1593017578125
percentiles: 2%=-1213.1199951171875, 5%=-1201.199951171875, 10%=-1185.0999755859375, 25%=-1119.25, 50%=-1064.0, 75%=-997.25, 90%=-944.0, 95%=-922.9500122070312, 98%=-897.7999267578125
ranking_best_algo: Tabu
ranking_best_score: 1216.16
ranking_my_rank: 231/504 (54.4%)
ranking_my_percent: 54.36507936507937
