ConfigName: kjsd__advperagentrankweighted__M5__L8__eps0p03__g0p0005__ds0p05__dm0p05
Problem: QUBO
Kernel: jsd
Advantage: peragentrankweighted
M: 5
lambda: 8
epsilon_svgd: 0.03
gamma: 0.0005
decay_start_ratio: 0.05
decay_min_factor: 0.05
bandwith_kernel: None
no_interact: False
avg_score: -3167.199951171875
median_score: -3159.5
std_score: 116.77328491210938
percentiles: 2%=-3468.219970703125, 5%=-3360.949951171875, 10%=-3308.699951171875, 25%=-3233.25, 50%=-3159.5, 75%=-3090.5, 90%=-3033.800048828125, 95%=-2982.39990234375, 98%=-2928.93994140625
ranking_best_algo: RLSOnePlusOne
ranking_best_score: 3316.5199999999995
ranking_my_rank: 60/504 (88.3%)
ranking_my_percent: 88.2936507936508
