ConfigName: krbf__advnormalizedfitness__M4__L12__eps0p015__g0p015__ds0p01__dm0p01
Problem: QUBO
Kernel: rbf
Advantage: normalizedfitness
M: 4
lambda: 12
epsilon_svgd: 0.015
gamma: 0.015
decay_start_ratio: 0.01
decay_min_factor: 0.01
bandwith_kernel: None
no_interact: False
avg_score: -899.7000122070312
median_score: -886.5
std_score: 104.13553619384766
percentiles: 2%=-1133.0400390625, 5%=-1082.25, 10%=-1037.5999755859375, 25%=-972.25, 50%=-886.5, 75%=-826.5, 90%=-769.7999877929688, 95%=-744.0, 98%=-715.0
ranking_best_algo: Tabu
ranking_best_score: 1216.16
ranking_my_rank: 327/504 (35.3%)
ranking_my_percent: 35.317460317460316
