ConfigName: krbf__advnormalizedfitness__M3__L10__eps0p025__g0p01__ds0p01__dm0p3
Problem: QUBO
Kernel: rbf
Advantage: normalizedfitness
M: 3
lambda: 10
epsilon_svgd: 0.025
gamma: 0.01
decay_start_ratio: 0.01
decay_min_factor: 0.3
bandwith_kernel: None
no_interact: False
avg_score: -147.9199981689453
median_score: -146.0
std_score: 13.260226249694824
percentiles: 2%=-179.0, 5%=-179.0, 10%=-163.10000610351562, 25%=-157.0, 50%=-146.0, 75%=-139.0, 90%=-134.8000030517578, 95%=-125.95000457763672, 98%=-122.95999145507812
ranking_best_algo: CMApara
ranking_best_score: 154.28
ranking_my_rank: 87/504 (82.9%)
ranking_my_percent: 82.93650793650794
