ConfigName: kjsd__advperagentrankweighted__M3__L16__eps0p01__g0p0007__ds0p1__dm0p2
Problem: QUBO
Kernel: jsd
Advantage: peragentrankweighted
M: 3
lambda: 16
epsilon_svgd: 0.01
gamma: 0.0007
decay_start_ratio: 0.1
decay_min_factor: 0.2
bandwith_kernel: None
no_interact: False
avg_score: -1241.02001953125
median_score: -1236.0
std_score: 63.98390197753906
percentiles: 2%=-1371.3399658203125, 5%=-1350.050048828125, 10%=-1327.4000244140625, 25%=-1286.0, 50%=-1236.0, 75%=-1193.0, 90%=-1162.800048828125, 95%=-1147.0, 98%=-1133.6800537109375
ranking_best_algo: SVMMetaModelLogNormal
ranking_best_score: 1233.7999999999997
ranking_my_rank: 1/504 (100.0%)
ranking_my_percent: 100.0
