ConfigName: kjsd__advperagentrankweighted__M4__L8__eps0p01__g0p0003__ds0p4__dm0p05
Problem: QUBO
Kernel: jsd
Advantage: peragentrankweighted
M: 4
lambda: 8
epsilon_svgd: 0.01
gamma: 0.0003
decay_start_ratio: 0.4
decay_min_factor: 0.05
bandwith_kernel: None
no_interact: False
avg_score: -198.1999969482422
median_score: -198.0
std_score: 12.106196403503418
percentiles: 2%=-224.0, 5%=-221.0500030517578, 10%=-214.1999969482422, 25%=-205.0, 50%=-198.0, 75%=-190.75, 90%=-181.89999389648438, 95%=-178.89999389648438, 98%=-176.86000061035156
ranking_best_algo: Tabu
ranking_best_score: 208.36000000000004
ranking_my_rank: 99/504 (80.6%)
ranking_my_percent: 80.55555555555556
