ConfigName: krbf__advnormalizedfitness__M3__L12__eps0p033__g0p007__ds0p01__dm0p01
Problem: QUBO
Kernel: rbf
Advantage: normalizedfitness
M: 3
lambda: 12
epsilon_svgd: 0.033
gamma: 0.007
decay_start_ratio: 0.01
decay_min_factor: 0.01
bandwith_kernel: None
no_interact: False
avg_score: -138.4600067138672
median_score: -139.0
std_score: 12.476715087890625
percentiles: 2%=-159.0, 5%=-157.0500030517578, 10%=-155.10000610351562, 25%=-147.25, 50%=-139.0, 75%=-130.75, 90%=-119.80000305175781, 95%=-114.95000457763672, 98%=-113.97999572753906
ranking_best_algo: DiscreteDE
ranking_best_score: 143.4
ranking_my_rank: 104/504 (79.6%)
ranking_my_percent: 79.56349206349206
