ConfigName: kjsd__advperagentrankweighted__M3__L18__eps0p007__g0p001__ds0p1__dm0p1
Problem: QUBO
Kernel: jsd
Advantage: peragentrankweighted
M: 3
lambda: 18
epsilon_svgd: 0.007
gamma: 0.001
decay_start_ratio: 0.1
decay_min_factor: 0.1
bandwith_kernel: None
no_interact: False
avg_score: -439.8599853515625
median_score: -440.5
std_score: 26.715171813964844
percentiles: 2%=-492.0, 5%=-479.1000061035156, 10%=-472.1000061035156, 25%=-459.0, 50%=-440.5, 75%=-423.75, 90%=-404.0, 95%=-393.8999938964844, 98%=-382.9599914550781
ranking_best_algo: CMApara
ranking_best_score: 453.82
ranking_my_rank: 16/504 (97.0%)
ranking_my_percent: 97.02380952380952
