ConfigName: krbf__advnormalizedfitness__M3__L8__eps0p025__g0p007__ds0p3__dm0p3
Problem: NK
Kernel: rbf
Advantage: normalizedfitness
M: 3
lambda: 8
epsilon_svgd: 0.025
gamma: 0.007
decay_start_ratio: 0.3
decay_min_factor: 0.3
bandwith_kernel: None
no_interact: False
avg_score: 0.707115113735199
median_score: 0.708557665348053
std_score: 0.01166711188852787
percentiles: 2%=0.6873325705528259, 5%=0.6883873343467712, 10%=0.6899447441101074, 25%=0.6962168216705322, 50%=0.708557665348053, 75%=0.7173593044281006, 90%=0.7219474911689758, 95%=0.7227115631103516, 98%=0.7243754863739014
ranking_best_algo: PBIL
ranking_best_score: 0.7013553837109374
ranking_my_rank: 1/504 (100.0%)
ranking_my_percent: 100.0
