ConfigName: kjsd__advperagentrankweighted__M3__L18__eps0p007__g0p001__ds0p2__dm0p2
Problem: QUBO
Kernel: jsd
Advantage: peragentrankweighted
M: 3
lambda: 18
epsilon_svgd: 0.007
gamma: 0.001
decay_start_ratio: 0.2
decay_min_factor: 0.2
bandwith_kernel: None
no_interact: False
avg_score: -2647.679931640625
median_score: -2654.5
std_score: 119.30841064453125
percentiles: 2%=-2885.639892578125, 5%=-2849.25, 10%=-2784.199951171875, 25%=-2715.25, 50%=-2654.5, 75%=-2563.25, 90%=-2499.5, 95%=-2484.449951171875, 98%=-2418.580078125
ranking_best_algo: DiscreteLengler2OnePlusOne
ranking_best_score: 2617.04
ranking_my_rank: 1/504 (100.0%)
ranking_my_percent: 100.0
