ConfigName: krbf__advnormalizedfitness__M4__L12__eps0p015__g0p005__ds0p3__dm0p3
Problem: QUBO
Kernel: rbf
Advantage: normalizedfitness
M: 4
lambda: 12
epsilon_svgd: 0.015
gamma: 0.005
decay_start_ratio: 0.3
decay_min_factor: 0.3
bandwith_kernel: None
no_interact: False
avg_score: -386.3599853515625
median_score: -386.0
std_score: 32.947689056396484
percentiles: 2%=-459.0400085449219, 5%=-445.1000061035156, 10%=-430.29998779296875, 25%=-407.0, 50%=-386.0, 75%=-361.0, 90%=-347.0, 95%=-334.95001220703125, 98%=-321.8799743652344
ranking_best_algo: CMAL3
ranking_best_score: 435.36
ranking_my_rank: 278/504 (45.0%)
ranking_my_percent: 45.03968253968254
