ConfigName: krbf__advnormalizedfitness__M4__L12__eps0p015__g0p015__ds0p3__dm0p3
Problem: QUBO
Kernel: rbf
Advantage: normalizedfitness
M: 4
lambda: 12
epsilon_svgd: 0.015
gamma: 0.015
decay_start_ratio: 0.3
decay_min_factor: 0.3
bandwith_kernel: None
no_interact: False
avg_score: -456.1199951171875
median_score: -453.0
std_score: 34.490657806396484
percentiles: 2%=-544.1400146484375, 5%=-523.0499877929688, 10%=-497.20001220703125, 25%=-469.0, 50%=-453.0, 75%=-435.5, 90%=-415.8999938964844, 95%=-411.0, 98%=-402.8399658203125
ranking_best_algo: NLOPT_LN_PRAXIS
ranking_best_score: 1607.12
ranking_my_rank: 413/504 (18.3%)
ranking_my_percent: 18.253968253968253
