ConfigName: kjsd__advperagentrankweighted__M3__L16__eps0p005__g0p0005__ds0p2__dm0p1
Problem: QUBO
Kernel: jsd
Advantage: peragentrankweighted
M: 3
lambda: 16
epsilon_svgd: 0.005
gamma: 0.0005
decay_start_ratio: 0.2
decay_min_factor: 0.1
bandwith_kernel: None
no_interact: False
avg_score: -3293.260009765625
median_score: -3289.5
std_score: 107.48735046386719
percentiles: 2%=-3487.5, 5%=-3462.14990234375, 10%=-3424.60009765625, 25%=-3366.75, 50%=-3289.5, 75%=-3226.0, 90%=-3167.800048828125, 95%=-3142.75, 98%=-3090.659912109375
ranking_best_algo: RLSOnePlusOne
ranking_best_score: 3316.5199999999995
ranking_my_rank: 3/504 (99.6%)
ranking_my_percent: 99.60317460317461
