ConfigName: kjsd__advperagentrankweighted__M3__L20__eps0p01__g0p0005__ds0p05__dm0p1
Problem: QUBO
Kernel: jsd
Advantage: peragentrankweighted
M: 3
lambda: 20
epsilon_svgd: 0.01
gamma: 0.0005
decay_start_ratio: 0.05
decay_min_factor: 0.1
bandwith_kernel: None
no_interact: False
avg_score: -1618.6600341796875
median_score: -1616.5
std_score: 64.54753875732422
percentiles: 2%=-1750.4200439453125, 5%=-1725.0999755859375, 10%=-1706.199951171875, 25%=-1655.5, 50%=-1616.5, 75%=-1573.0, 90%=-1536.4000244140625, 95%=-1517.75, 98%=-1494.8399658203125
ranking_best_algo: NLOPT_LN_PRAXIS
ranking_best_score: 1607.12
ranking_my_rank: 1/504 (100.0%)
ranking_my_percent: 100.0
