ConfigName: kjsd__advperagentrankweighted__M3__L24__eps0p005__g0p001__ds0p1__dm0p2
Problem: QUBO
Kernel: jsd
Advantage: peragentrankweighted
M: 3
lambda: 24
epsilon_svgd: 0.005
gamma: 0.001
decay_start_ratio: 0.1
decay_min_factor: 0.2
bandwith_kernel: None
no_interact: False
avg_score: -412.8800048828125
median_score: -414.0
std_score: 26.088802337646484
percentiles: 2%=-477.0, 5%=-455.29998779296875, 10%=-446.1000061035156, 25%=-430.25, 50%=-414.0, 75%=-392.0, 90%=-378.0, 95%=-373.79998779296875, 98%=-363.9200134277344
ranking_best_algo: Tabu
ranking_best_score: 438.12
ranking_my_rank: 64/504 (87.5%)
ranking_my_percent: 87.5
