ConfigName: krbf__advnormalizedfitness__M3__L15__eps0p033__g0p007__ds0p01__dm0p01
Problem: QUBO
Kernel: rbf
Advantage: normalizedfitness
M: 3
lambda: 15
epsilon_svgd: 0.033
gamma: 0.007
decay_start_ratio: 0.01
decay_min_factor: 0.01
bandwith_kernel: None
no_interact: False
avg_score: -1275.699951171875
median_score: -1270.0
std_score: 59.538639068603516
percentiles: 2%=-1376.3800048828125, 5%=-1364.3499755859375, 10%=-1356.0999755859375, 25%=-1324.0, 50%=-1270.0, 75%=-1236.0, 90%=-1200.9000244140625, 95%=-1181.60009765625, 98%=-1158.760009765625
ranking_best_algo: BigLognormalDiscreteOnePlusOne
ranking_best_score: 1301.3600000000004
ranking_my_rank: 33/504 (93.7%)
ranking_my_percent: 93.65079365079364
