ConfigName: krbf__advnormalizedfitness__M4__L8__eps0p015__g0p005__ds0p3__dm0p3
Problem: NK
Kernel: rbf
Advantage: normalizedfitness
M: 4
lambda: 8
epsilon_svgd: 0.015
gamma: 0.005
decay_start_ratio: 0.3
decay_min_factor: 0.3
bandwith_kernel: None
no_interact: False
avg_score: 0.7454746961593628
median_score: 0.7423140406608582
std_score: 0.028109317645430565
percentiles: 2%=0.7050610780715942, 5%=0.7057748436927795, 10%=0.7106021046638489, 25%=0.7254822850227356, 50%=0.7423140406608582, 75%=0.7580187320709229, 90%=0.778337299823761, 95%=0.8044298887252808, 98%=0.8118547797203064
ranking_best_algo: CMApara
ranking_best_score: 0.7459277895312499
ranking_my_rank: 2/504 (99.8%)
ranking_my_percent: 99.8015873015873
