ConfigName: krbf__advnormalizedfitness__M4__L8__eps0p015__g0p015__ds0p15__dm0p01
Problem: QUBO
Kernel: rbf
Advantage: normalizedfitness
M: 4
lambda: 8
epsilon_svgd: 0.015
gamma: 0.015
decay_start_ratio: 0.15
decay_min_factor: 0.01
bandwith_kernel: None
no_interact: False
avg_score: -404.8599853515625
median_score: -406.0
std_score: 27.358003616333008
percentiles: 2%=-461.0400085449219, 5%=-454.1499938964844, 10%=-437.3999938964844, 25%=-424.0, 50%=-406.0, 75%=-382.0, 90%=-368.8999938964844, 95%=-360.0, 98%=-355.8799743652344
ranking_best_algo: Tabu
ranking_best_score: 438.12
ranking_my_rank: 174/504 (65.7%)
ranking_my_percent: 65.67460317460318
