ConfigName: kjsd__advperagentrankweighted__M3__L18__eps0p007__g0p003__ds0p05__dm0p05
Problem: NK
Kernel: jsd
Advantage: peragentrankweighted
M: 3
lambda: 18
epsilon_svgd: 0.007
gamma: 0.003
decay_start_ratio: 0.05
decay_min_factor: 0.05
bandwith_kernel: None
no_interact: False
avg_score: 0.7139254212379456
median_score: 0.7151211500167847
std_score: 0.015342841856181622
percentiles: 2%=0.6849156022071838, 5%=0.6900094747543335, 10%=0.691988468170166, 25%=0.7043185830116272, 50%=0.7151211500167847, 75%=0.7251276969909668, 90%=0.7330726981163025, 95%=0.7364741563796997, 98%=0.7386606335639954
ranking_best_algo: Tabu
ranking_best_score: 0.7429702712499999
ranking_my_rank: 135/504 (73.4%)
ranking_my_percent: 73.41269841269842
