ConfigName: kjsd__advperagentrankweighted__M5__L10__eps0p01__g0p0005__ds0p4__dm0p05
Problem: QUBO
Kernel: jsd
Advantage: peragentrankweighted
M: 5
lambda: 10
epsilon_svgd: 0.01
gamma: 0.0005
decay_start_ratio: 0.4
decay_min_factor: 0.05
bandwith_kernel: None
no_interact: False
avg_score: -429.7200012207031
median_score: -431.0
std_score: 25.89674949645996
percentiles: 2%=-475.1199951171875, 5%=-473.0, 10%=-462.20001220703125, 25%=-447.0, 50%=-431.0, 75%=-414.5, 90%=-388.8999938964844, 95%=-386.95001220703125, 98%=-383.9599914550781
ranking_best_algo: CMAL3
ranking_best_score: 435.36
ranking_my_rank: 10/504 (98.2%)
ranking_my_percent: 98.21428571428571
