ConfigName: krbf__advnormalizedfitness__M3__L8__eps0p02__g0p005__ds0p15__dm0p05
Problem: QUBO
Kernel: rbf
Advantage: normalizedfitness
M: 3
lambda: 8
epsilon_svgd: 0.02
gamma: 0.005
decay_start_ratio: 0.15
decay_min_factor: 0.05
bandwith_kernel: None
no_interact: False
avg_score: -2533.52001953125
median_score: -2541.0
std_score: 129.2687530517578
percentiles: 2%=-2765.699951171875, 5%=-2733.050048828125, 10%=-2717.39990234375, 25%=-2626.25, 50%=-2541.0, 75%=-2443.75, 90%=-2368.800048828125, 95%=-2325.699951171875, 98%=-2299.60009765625
ranking_best_algo: SVM1MetaModelLogNormal
ranking_best_score: 2605.14
ranking_my_rank: 46/504 (91.1%)
ranking_my_percent: 91.07142857142857
