ConfigName: krbf__advnormalizedfitness__M3__L24__eps0p025__g0p01__ds0p05__dm0p05
Problem: QUBO
Kernel: rbf
Advantage: normalizedfitness
M: 3
lambda: 24
epsilon_svgd: 0.025
gamma: 0.01
decay_start_ratio: 0.05
decay_min_factor: 0.05
bandwith_kernel: None
no_interact: False
avg_score: -894.719970703125
median_score: -897.0
std_score: 72.36174011230469
percentiles: 2%=-1054.06005859375, 5%=-1029.1500244140625, 10%=-995.2999877929688, 25%=-937.25, 50%=-897.0, 75%=-833.5, 90%=-800.7999877929688, 95%=-778.9000244140625, 98%=-764.97998046875
ranking_best_algo: CMApara
ranking_best_score: 964.9
ranking_my_rank: 170/504 (66.5%)
ranking_my_percent: 66.46825396825396
