ConfigName: kjsd__advperagentrankweighted__M5__L24__eps0p005__g0p0005__ds0p05__dm0p05
Problem: QUBO
Kernel: jsd
Advantage: peragentrankweighted
M: 5
lambda: 24
epsilon_svgd: 0.005
gamma: 0.0005
decay_start_ratio: 0.05
decay_min_factor: 0.05
bandwith_kernel: None
no_interact: False
avg_score: -3176.659912109375
median_score: -3169.0
std_score: 151.48452758789062
percentiles: 2%=-3441.080078125, 5%=-3416.050048828125, 10%=-3382.199951171875, 25%=-3298.5, 50%=-3169.0, 75%=-3071.5, 90%=-2970.699951171875, 95%=-2946.39990234375, 98%=-2918.60009765625
ranking_best_algo: RLSOnePlusOne
ranking_best_score: 3316.5199999999995
ranking_my_rank: 60/504 (88.3%)
ranking_my_percent: 88.2936507936508
