ConfigName: kfr__advglobalrankweighted__M6__L11__eps0p02__g0p005__ds0p01__dm0p01
Problem: QUBO
Kernel: fr
Advantage: globalrankweighted
M: 6
lambda: 11
epsilon_svgd: 0.02
gamma: 0.005
decay_start_ratio: 0.01
decay_min_factor: 0.01
bandwith_kernel: None
no_interact: False
avg_score: -1184.260009765625
median_score: -1171.5
std_score: 65.00055694580078
percentiles: 2%=-1324.0, 5%=-1300.550048828125, 10%=-1285.0, 25%=-1223.25, 50%=-1171.5, 75%=-1138.75, 90%=-1110.800048828125, 95%=-1081.0, 98%=-1064.919921875
ranking_best_algo: BigLognormalDiscreteOnePlusOne
ranking_best_score: 1301.3600000000004
ranking_my_rank: 93/504 (81.7%)
ranking_my_percent: 81.74603174603175
