ConfigName: kfr__advglobalrankweighted__M2__L7__eps0p01__g0p003__ds0p01__dm0p01
Problem: QUBO
Kernel: fr
Advantage: globalrankweighted
M: 2
lambda: 7
epsilon_svgd: 0.01
gamma: 0.003
decay_start_ratio: 0.01
decay_min_factor: 0.01
bandwith_kernel: None
no_interact: False
avg_score: -3260.179931640625
median_score: -3251.0
std_score: 105.72306823730469
percentiles: 2%=-3502.320068359375, 5%=-3449.0, 10%=-3397.10009765625, 25%=-3321.25, 50%=-3251.0, 75%=-3184.75, 90%=-3142.89990234375, 95%=-3126.550048828125, 98%=-3087.539794921875
ranking_best_algo: RLSOnePlusOne
ranking_best_score: 3316.5199999999995
ranking_my_rank: 15/504 (97.2%)
ranking_my_percent: 97.22222222222223
