ConfigName: krbf__advnormalizedfitness__M2__L8__eps0p025__g0p005__ds0p3__dm0p01
Problem: QUBO
Kernel: rbf
Advantage: normalizedfitness
M: 2
lambda: 8
epsilon_svgd: 0.025
gamma: 0.005
decay_start_ratio: 0.3
decay_min_factor: 0.01
bandwith_kernel: None
no_interact: False
avg_score: -136.27999877929688
median_score: -139.0
std_score: 12.574641227722168
percentiles: 2%=-157.0399932861328, 5%=-156.0, 10%=-150.1999969482422, 25%=-145.0, 50%=-139.0, 75%=-128.75, 90%=-117.0, 95%=-110.9000015258789, 98%=-108.95999908447266
ranking_best_algo: DiscreteDE
ranking_best_score: 143.4
ranking_my_rank: 215/504 (57.5%)
ranking_my_percent: 57.53968253968254
