ConfigName: kjsd__advperagentrankweighted__M4__L24__eps0p01__g0p0005__ds0p05__dm0p05
Problem: QUBO
Kernel: jsd
Advantage: peragentrankweighted
M: 4
lambda: 24
epsilon_svgd: 0.01
gamma: 0.0005
decay_start_ratio: 0.05
decay_min_factor: 0.05
bandwith_kernel: None
no_interact: False
avg_score: -145.82000732421875
median_score: -146.0
std_score: 12.141153335571289
percentiles: 2%=-179.0, 5%=-164.0, 10%=-160.0, 25%=-154.0, 50%=-146.0, 75%=-139.0, 90%=-131.89999389648438, 95%=-130.9499969482422, 98%=-116.95999908447266
ranking_best_algo: CMApara
ranking_best_score: 154.28
ranking_my_rank: 135/504 (73.4%)
ranking_my_percent: 73.41269841269842
no_repulsion: True
