ConfigName: kjsd__advperagentrankweighted__M3__L16__eps0p007__g0p0005__ds0p1__dm0p05
Problem: QUBO
Kernel: jsd
Advantage: peragentrankweighted
M: 3
lambda: 16
epsilon_svgd: 0.007
gamma: 0.0005
decay_start_ratio: 0.1
decay_min_factor: 0.05
bandwith_kernel: None
no_interact: False
avg_score: -931.8599853515625
median_score: -932.0
std_score: 66.25405883789062
percentiles: 2%=-1068.1600341796875, 5%=-1034.699951171875, 10%=-1020.0, 25%=-981.5, 50%=-932.0, 75%=-887.0, 90%=-849.0, 95%=-835.9000244140625, 98%=-804.1599731445312
ranking_best_algo: CMApara
ranking_best_score: 964.9
ranking_my_rank: 19/504 (96.4%)
ranking_my_percent: 96.42857142857143
