ConfigName: kfr__advglobalrankweighted__M2__L11__eps0p02__g0p005__ds0p01__dm0p01
Problem: QUBO
Kernel: fr
Advantage: globalrankweighted
M: 2
lambda: 11
epsilon_svgd: 0.02
gamma: 0.005
decay_start_ratio: 0.01
decay_min_factor: 0.01
bandwith_kernel: None
no_interact: False
avg_score: -3267.239990234375
median_score: -3252.5
std_score: 119.0667953491211
percentiles: 2%=-3517.179931640625, 5%=-3493.050048828125, 10%=-3419.5, 25%=-3349.25, 50%=-3252.5, 75%=-3180.25, 90%=-3136.300048828125, 95%=-3093.650146484375, 98%=-3039.43994140625
ranking_best_algo: RLSOnePlusOne
ranking_best_score: 3316.5199999999995
ranking_my_rank: 12/504 (97.8%)
ranking_my_percent: 97.81746031746032
