ConfigName: kjsd__advperagentrankweighted__M4__L12__eps0p01__g0p0005__ds0p2__dm0p05
Problem: NK
Kernel: jsd
Advantage: peragentrankweighted
M: 4
lambda: 12
epsilon_svgd: 0.01
gamma: 0.0005
decay_start_ratio: 0.2
decay_min_factor: 0.05
bandwith_kernel: None
no_interact: False
avg_score: 0.7352444529533386
median_score: 0.7365190982818604
std_score: 0.009128542616963387
percentiles: 2%=0.7167774438858032, 5%=0.7174162864685059, 10%=0.7226258516311646, 25%=0.7299013733863831, 50%=0.7365190982818604, 75%=0.741911768913269, 90%=0.7456538081169128, 95%=0.7469269633293152, 98%=0.751227617263794
ranking_best_algo: PBIL
ranking_best_score: 0.730509098125
ranking_my_rank: 1/504 (100.0%)
ranking_my_percent: 100.0
