ConfigName: kjsd__advperagentrankweighted__M3__L16__eps0p007__g0p003__ds0p05__dm0p1
Problem: QUBO
Kernel: jsd
Advantage: peragentrankweighted
M: 3
lambda: 16
epsilon_svgd: 0.007
gamma: 0.003
decay_start_ratio: 0.05
decay_min_factor: 0.1
bandwith_kernel: None
no_interact: False
avg_score: -200.25999450683594
median_score: -201.0
std_score: 11.545233726501465
percentiles: 2%=-224.0, 5%=-220.1999969482422, 10%=-215.0, 25%=-207.0, 50%=-201.0, 75%=-193.0, 90%=-184.89999389648438, 95%=-181.0, 98%=-177.0
ranking_best_algo: Tabu
ranking_best_score: 208.36000000000004
ranking_my_rank: 49/504 (90.5%)
ranking_my_percent: 90.47619047619048
