ConfigName: krbf__advnormalizedfitness__M4__L15__eps0p033__g0p01__ds0p15__dm0p3
Problem: NK
Kernel: rbf
Advantage: normalizedfitness
M: 4
lambda: 15
epsilon_svgd: 0.033
gamma: 0.01
decay_start_ratio: 0.15
decay_min_factor: 0.3
bandwith_kernel: None
no_interact: False
avg_score: 0.7058964371681213
median_score: 0.7051135301589966
std_score: 0.021999027580022812
percentiles: 2%=0.6633532643318176, 5%=0.6668609380722046, 10%=0.6771331429481506, 25%=0.691702127456665, 50%=0.7051135301589966, 75%=0.7218460440635681, 90%=0.7328634858131409, 95%=0.7438049912452698, 98%=0.7490944266319275
ranking_best_algo: Tabu
ranking_best_score: 0.7470791764843752
ranking_my_rank: 251/504 (50.4%)
ranking_my_percent: 50.3968253968254
