ConfigName: kjsd__advperagentrankweighted__M3__L20__eps0p005__g0p0007__ds0p05__dm0p1
Problem: NK
Kernel: jsd
Advantage: peragentrankweighted
M: 3
lambda: 20
epsilon_svgd: 0.005
gamma: 0.0007
decay_start_ratio: 0.05
decay_min_factor: 0.1
bandwith_kernel: None
no_interact: False
avg_score: 0.757652759552002
median_score: 0.7572302222251892
std_score: 0.011690054088830948
percentiles: 2%=0.7388742566108704, 5%=0.7414484620094299, 10%=0.7432721257209778, 25%=0.7490534782409668, 50%=0.7572302222251892, 75%=0.7664915323257446, 90%=0.773019015789032, 95%=0.7767600417137146, 98%=0.7795299291610718
ranking_best_algo: Tabu
ranking_best_score: 0.7470791764843752
ranking_my_rank: 1/504 (100.0%)
ranking_my_percent: 100.0
