ConfigName: krbf__advnormalizedfitness__M4__L15__eps0p025__g0p01__ds0p3__dm0p3
Problem: QUBO
Kernel: rbf
Advantage: normalizedfitness
M: 4
lambda: 15
epsilon_svgd: 0.025
gamma: 0.01
decay_start_ratio: 0.3
decay_min_factor: 0.3
bandwith_kernel: None
no_interact: False
avg_score: -180.0800018310547
median_score: -181.0
std_score: 17.008045196533203
percentiles: 2%=-220.0800018310547, 5%=-208.25, 10%=-201.1999969482422, 25%=-191.0, 50%=-181.0, 75%=-165.0, 90%=-159.89999389648438, 95%=-153.95001220703125, 98%=-151.0
ranking_best_algo: Tabu
ranking_best_score: 208.36000000000004
ranking_my_rank: 288/504 (43.1%)
ranking_my_percent: 43.05555555555556
