ConfigName: kjsd__advperagentrankweighted__M4__L12__eps0p01__g0p0007__ds0p05__dm0p05
Problem: QUBO
Kernel: jsd
Advantage: peragentrankweighted
M: 4
lambda: 12
epsilon_svgd: 0.01
gamma: 0.0007
decay_start_ratio: 0.05
decay_min_factor: 0.05
bandwith_kernel: None
no_interact: False
avg_score: -425.1000061035156
median_score: -426.0
std_score: 27.97695541381836
percentiles: 2%=-481.0, 5%=-475.1000061035156, 10%=-459.20001220703125, 25%=-442.25, 50%=-426.0, 75%=-407.0, 90%=-391.0, 95%=-382.0, 98%=-353.9599914550781
ranking_best_algo: CMAL3
ranking_best_score: 435.36
ranking_my_rank: 29/504 (94.4%)
ranking_my_percent: 94.44444444444444
