ConfigName: kjsd__advperagentrankweighted__M5__L8__eps0p005__g0p0007__ds0p05__dm0p2
Problem: NK
Kernel: jsd
Advantage: peragentrankweighted
M: 5
lambda: 8
epsilon_svgd: 0.005
gamma: 0.0007
decay_start_ratio: 0.05
decay_min_factor: 0.2
bandwith_kernel: None
no_interact: False
avg_score: 0.707572340965271
median_score: 0.7103796005249023
std_score: 0.011720257811248302
percentiles: 2%=0.6883938312530518, 5%=0.6904012560844421, 10%=0.6923168301582336, 25%=0.6961204409599304, 50%=0.7103796005249023, 75%=0.7177592515945435, 90%=0.7209885120391846, 95%=0.7237097024917603, 98%=0.7245950102806091
ranking_best_algo: PBIL
ranking_best_score: 0.7013553837109374
ranking_my_rank: 1/504 (100.0%)
ranking_my_percent: 100.0
