ConfigName: kfr__advglobalrankweighted__M6__L8__eps0p01__g0p007__ds0p01__dm0p01
Problem: QUBO
Kernel: fr
Advantage: globalrankweighted
M: 6
lambda: 8
epsilon_svgd: 0.01
gamma: 0.007
decay_start_ratio: 0.01
decay_min_factor: 0.01
bandwith_kernel: None
no_interact: False
avg_score: -409.6600036621094
median_score: -411.0
std_score: 30.220596313476562
percentiles: 2%=-463.0, 5%=-452.1499938964844, 10%=-447.20001220703125, 25%=-435.0, 50%=-411.0, 75%=-385.75, 90%=-366.8999938964844, 95%=-359.9000244140625, 98%=-349.8399658203125
ranking_best_algo: CMApara
ranking_best_score: 453.82
ranking_my_rank: 237/504 (53.2%)
ranking_my_percent: 53.17460317460318
