ConfigName: kjsd__advperagentrankweighted__M3__L18__eps0p005__g0p001__ds0p05__dm0p1
Problem: NK
Kernel: jsd
Advantage: peragentrankweighted
M: 3
lambda: 18
epsilon_svgd: 0.005
gamma: 0.001
decay_start_ratio: 0.05
decay_min_factor: 0.1
bandwith_kernel: None
no_interact: False
avg_score: 0.7332395911216736
median_score: 0.7314196825027466
std_score: 0.011510306037962437
percentiles: 2%=0.7128912806510925, 5%=0.716003954410553, 10%=0.721153974533081, 25%=0.7259870171546936, 50%=0.7314196825027466, 75%=0.7412623763084412, 90%=0.748497486114502, 95%=0.755145788192749, 98%=0.7574893236160278
ranking_best_algo: Tabu
ranking_best_score: 0.7429702712499999
ranking_my_rank: 2/504 (99.8%)
ranking_my_percent: 99.8015873015873
