ConfigName: kjsd__advperagentrankweighted__M3__L20__eps0p005__g0p003__ds0p05__dm0p05
Problem: QUBO
Kernel: jsd
Advantage: peragentrankweighted
M: 3
lambda: 20
epsilon_svgd: 0.005
gamma: 0.003
decay_start_ratio: 0.05
decay_min_factor: 0.05
bandwith_kernel: None
no_interact: False
avg_score: -2366.6201171875
median_score: -2371.5
std_score: 170.96249389648438
percentiles: 2%=-2676.800048828125, 5%=-2627.050048828125, 10%=-2580.5, 25%=-2473.75, 50%=-2371.5, 75%=-2252.25, 90%=-2130.0, 95%=-2095.050048828125, 98%=-2011.3199462890625
ranking_best_algo: DiscreteLengler2OnePlusOne
ranking_best_score: 2617.04
ranking_my_rank: 144/504 (71.6%)
ranking_my_percent: 71.62698412698413
