ConfigName: krbf__advnormalizedfitness__M2__L6__eps0p02__g0p006__ds0p01__dm0p01
Problem: NK
Kernel: rbf
Advantage: normalizedfitness
M: 2
lambda: 6
epsilon_svgd: 0.02
gamma: 0.006
decay_start_ratio: 0.01
decay_min_factor: 0.01
bandwith_kernel: None
no_interact: False
avg_score: 0.7229488492012024
median_score: 0.7224299311637878
std_score: 0.008344612084329128
percentiles: 2%=0.7056124806404114, 5%=0.7118057012557983, 10%=0.7134891748428345, 25%=0.7172552943229675, 50%=0.7224299311637878, 75%=0.7284106016159058, 90%=0.7340829968452454, 95%=0.7355010509490967, 98%=0.740538477897644
ranking_best_algo: PBIL
ranking_best_score: 0.7170882103515624
ranking_my_rank: 1/504 (100.0%)
ranking_my_percent: 100.0
