ConfigName: krbf__advnormalizedfitness__M3__L24__eps0p03__g0p01__ds0p15__dm0p05
Problem: NK
Kernel: rbf
Advantage: normalizedfitness
M: 3
lambda: 24
epsilon_svgd: 0.03
gamma: 0.01
decay_start_ratio: 0.15
decay_min_factor: 0.05
bandwith_kernel: None
no_interact: False
avg_score: 0.5787250399589539
median_score: 0.5778123140335083
std_score: 0.006379312835633755
percentiles: 2%=0.5684337615966797, 5%=0.5705731511116028, 10%=0.5720532536506653, 25%=0.574277400970459, 50%=0.5778123140335083, 75%=0.5819241404533386, 90%=0.5882258415222168, 95%=0.591457724571228, 98%=0.5924738645553589
ranking_best_algo: PBIL
ranking_best_score: 0.7170882103515624
ranking_my_rank: 385/504 (23.8%)
ranking_my_percent: 23.80952380952381
