ConfigName: krbf__advnormalizedfitness__M3__L15__eps0p033__g0p015__ds0p3__dm0p01
Problem: QUBO
Kernel: rbf
Advantage: normalizedfitness
M: 3
lambda: 15
epsilon_svgd: 0.033
gamma: 0.015
decay_start_ratio: 0.3
decay_min_factor: 0.01
bandwith_kernel: None
no_interact: False
avg_score: -869.5999755859375
median_score: -866.5
std_score: 71.27734375
percentiles: 2%=-1024.239990234375, 5%=-978.0499877929688, 10%=-963.4000244140625, 25%=-913.25, 50%=-866.5, 75%=-830.25, 90%=-766.1000366210938, 95%=-734.7000122070312, 98%=-725.9599609375
ranking_best_algo: CMAL3
ranking_best_score: 928.5800000000002
ranking_my_rank: 173/504 (65.9%)
ranking_my_percent: 65.87301587301587
