ConfigName: kfr__advglobalrankweighted__M3__L9__eps0p01__g0p003__ds0p01__dm0p01
Problem: QUBO
Kernel: fr
Advantage: globalrankweighted
M: 3
lambda: 9
epsilon_svgd: 0.01
gamma: 0.003
decay_start_ratio: 0.01
decay_min_factor: 0.01
bandwith_kernel: None
no_interact: False
avg_score: -904.1199951171875
median_score: -900.5
std_score: 64.91907501220703
percentiles: 2%=-1042.0, 5%=-1021.4500122070312, 10%=-988.7999877929688, 25%=-946.0, 50%=-900.5, 75%=-867.75, 90%=-819.7000122070312, 95%=-801.6500244140625, 98%=-771.97998046875
ranking_best_algo: CMAL3
ranking_best_score: 928.5800000000002
ranking_my_rank: 66/504 (87.1%)
ranking_my_percent: 87.10317460317461
