ConfigName: kjsd__advperagentrankweighted__M3__L18__eps0p007__g0p0007__ds0p1__dm0p05
Problem: NK
Kernel: jsd
Advantage: peragentrankweighted
M: 3
lambda: 18
epsilon_svgd: 0.007
gamma: 0.0007
decay_start_ratio: 0.1
decay_min_factor: 0.05
bandwith_kernel: None
no_interact: False
avg_score: 0.7216821312904358
median_score: 0.721505880355835
std_score: 0.006828365847468376
percentiles: 2%=0.7087427973747253, 5%=0.7115172743797302, 10%=0.7130138278007507, 25%=0.716907799243927, 50%=0.721505880355835, 75%=0.726514458656311, 90%=0.7304149866104126, 95%=0.7338837385177612, 98%=0.7357761859893799
ranking_best_algo: PBIL
ranking_best_score: 0.7170882103515624
ranking_my_rank: 1/504 (100.0%)
ranking_my_percent: 100.0
