ConfigName: krbf__advnormalizedfitness__M3__L10__eps0p033__g0p015__ds0p01__dm0p01
Problem: QUBO
Kernel: rbf
Advantage: normalizedfitness
M: 3
lambda: 10
epsilon_svgd: 0.033
gamma: 0.015
decay_start_ratio: 0.01
decay_min_factor: 0.01
bandwith_kernel: None
no_interact: False
avg_score: -425.3399963378906
median_score: -425.5
std_score: 26.052339553833008
percentiles: 2%=-477.0, 5%=-471.1000061035156, 10%=-460.20001220703125, 25%=-443.25, 50%=-425.5, 75%=-409.0, 90%=-386.8999938964844, 95%=-379.9000244140625, 98%=-373.8599853515625
ranking_best_algo: CMAL3
ranking_best_score: 435.36
ranking_my_rank: 28/504 (94.6%)
ranking_my_percent: 94.64285714285714
