ConfigName: krbf__advnormalizedfitness__M3__L10__eps0p025__g0p005__ds0p3__dm0p01
Problem: QUBO
Kernel: rbf
Advantage: normalizedfitness
M: 3
lambda: 10
epsilon_svgd: 0.025
gamma: 0.005
decay_start_ratio: 0.3
decay_min_factor: 0.01
bandwith_kernel: None
no_interact: False
avg_score: -139.32000732421875
median_score: -141.5
std_score: 12.080463409423828
percentiles: 2%=-159.0, 5%=-158.0, 10%=-156.0, 25%=-146.5, 50%=-141.5, 75%=-130.0, 90%=-125.0, 95%=-119.0, 98%=-113.89997863769531
ranking_best_algo: DiscreteDE
ranking_best_score: 143.4
ranking_my_rank: 86/504 (83.1%)
ranking_my_percent: 83.13492063492063
