ConfigName: kjsd__advperagentrankweighted__M6__L10__eps0p02__g0p0005__ds0p05__dm0p05
Problem: QUBO
Kernel: jsd
Advantage: peragentrankweighted
M: 6
lambda: 10
epsilon_svgd: 0.02
gamma: 0.0005
decay_start_ratio: 0.05
decay_min_factor: 0.05
bandwith_kernel: None
no_interact: False
avg_score: -2572.8798828125
median_score: -2588.5
std_score: 106.26394653320312
percentiles: 2%=-2776.320068359375, 5%=-2749.85009765625, 10%=-2706.0, 25%=-2649.0, 50%=-2588.5, 75%=-2491.75, 90%=-2430.800048828125, 95%=-2409.699951171875, 98%=-2367.9599609375
ranking_best_algo: SVM1MetaModelLogNormal
ranking_best_score: 2605.14
ranking_my_rank: 14/504 (97.4%)
ranking_my_percent: 97.42063492063492
