ConfigName: krbf__advnormalizedfitness__M4__L12__eps0p033__g0p007__ds0p15__dm0p01
Problem: NK
Kernel: rbf
Advantage: normalizedfitness
M: 4
lambda: 12
epsilon_svgd: 0.033
gamma: 0.007
decay_start_ratio: 0.15
decay_min_factor: 0.01
bandwith_kernel: None
no_interact: False
avg_score: 0.7536318898200989
median_score: 0.7551220655441284
std_score: 0.013361410237848759
percentiles: 2%=0.7257724404335022, 5%=0.7303665280342102, 10%=0.7341604232788086, 25%=0.7450281381607056, 50%=0.7551220655441284, 75%=0.7652868628501892, 90%=0.7699818015098572, 95%=0.7708445191383362, 98%=0.778567373752594
ranking_best_algo: Tabu
ranking_best_score: 0.7657846284375001
ranking_my_rank: 9/504 (98.4%)
ranking_my_percent: 98.41269841269842
