ConfigName: kjsd__advperagentrankweighted__M5__L8__eps0p01__g0p0007__ds0p2__dm0p2
Problem: QUBO
Kernel: jsd
Advantage: peragentrankweighted
M: 5
lambda: 8
epsilon_svgd: 0.01
gamma: 0.0007
decay_start_ratio: 0.2
decay_min_factor: 0.2
bandwith_kernel: None
no_interact: False
avg_score: -331.3800048828125
median_score: -334.0
std_score: 21.35358428955078
percentiles: 2%=-372.0, 5%=-372.0, 10%=-357.0, 25%=-346.0, 50%=-334.0, 75%=-316.75, 90%=-300.0, 95%=-295.8500061035156, 98%=-291.9599914550781
ranking_best_algo: CMApara
ranking_best_score: 344.22
ranking_my_rank: 76/504 (85.1%)
ranking_my_percent: 85.11904761904762
