ConfigName: kjsd__advperagentrankweighted__M4__L30__eps0p01__g0p0003__ds0p4__dm0p05
Problem: QUBO
Kernel: jsd
Advantage: peragentrankweighted
M: 4
lambda: 30
epsilon_svgd: 0.01
gamma: 0.0003
decay_start_ratio: 0.4
decay_min_factor: 0.05
bandwith_kernel: None
no_interact: False
avg_score: -577.3200073242188
median_score: -576.0
std_score: 25.42238426208496
percentiles: 2%=-622.0599975585938, 5%=-619.0, 10%=-611.2000122070312, 25%=-595.5, 50%=-576.0, 75%=-560.0, 90%=-544.7999877929688, 95%=-536.9000244140625, 98%=-526.9199829101562
ranking_best_algo: Tabu
ranking_best_score: 588.7199999999999
ranking_my_rank: 46/503 (91.1%)
ranking_my_percent: 91.05367793240556
