ConfigName: kjsd__advperagentrankweighted__M3__L16__eps0p007__g0p003__ds0p1__dm0p2
Problem: QUBO
Kernel: jsd
Advantage: peragentrankweighted
M: 3
lambda: 16
epsilon_svgd: 0.007
gamma: 0.003
decay_start_ratio: 0.1
decay_min_factor: 0.2
bandwith_kernel: None
no_interact: False
avg_score: -201.0800018310547
median_score: -201.0
std_score: 12.478524208068848
percentiles: 2%=-224.0, 5%=-224.0, 10%=-220.10000610351562, 25%=-207.25, 50%=-201.0, 75%=-193.0, 90%=-186.89999389648438, 95%=-183.9499969482422, 98%=-174.8800048828125
ranking_best_algo: Tabu
ranking_best_score: 208.36000000000004
ranking_my_rank: 42/504 (91.9%)
ranking_my_percent: 91.86507936507937
