ConfigName: krbf__advnormalizedfitness__M4__L10__eps0p025__g0p015__ds0p3__dm0p3
Problem: QUBO
Kernel: rbf
Advantage: normalizedfitness
M: 4
lambda: 10
epsilon_svgd: 0.025
gamma: 0.015
decay_start_ratio: 0.3
decay_min_factor: 0.3
bandwith_kernel: None
no_interact: False
avg_score: -685.6799926757812
median_score: -681.0
std_score: 69.95024871826172
percentiles: 2%=-842.1599731445312, 5%=-807.1499633789062, 10%=-788.2999877929688, 25%=-733.0, 50%=-681.0, 75%=-636.0, 90%=-606.7000122070312, 95%=-590.75, 98%=-575.8399658203125
ranking_best_algo: CMAL3
ranking_best_score: 928.5800000000002
ranking_my_rank: 331/504 (34.5%)
ranking_my_percent: 34.523809523809526
