ConfigName: krbf__advnormalizedfitness__M1__L8__eps0p033__g0p005__ds0p15__dm0p3
Problem: QUBO
Kernel: rbf
Advantage: normalizedfitness
M: 1
lambda: 8
epsilon_svgd: 0.033
gamma: 0.005
decay_start_ratio: 0.15
decay_min_factor: 0.3
bandwith_kernel: None
no_interact: False
avg_score: -859.4000244140625
median_score: -864.0
std_score: 101.03633117675781
percentiles: 2%=-1043.1800537109375, 5%=-990.1500244140625, 10%=-949.7000122070312, 25%=-908.5, 50%=-864.0, 75%=-816.75, 90%=-790.7999877929688, 95%=-727.8500366210938, 98%=-623.8793334960938
ranking_best_algo: CMApara
ranking_best_score: 964.9
ranking_my_rank: 252/504 (50.2%)
ranking_my_percent: 50.198412698412696
