ConfigName: krbf__advnormalizedfitness__M1__L8__eps0p015__g0p015__ds0p01__dm0p01
Problem: QUBO
Kernel: rbf
Advantage: normalizedfitness
M: 1
lambda: 8
epsilon_svgd: 0.015
gamma: 0.015
decay_start_ratio: 0.01
decay_min_factor: 0.01
bandwith_kernel: None
no_interact: False
avg_score: -1610.56005859375
median_score: -1626.0
std_score: 136.8904266357422
percentiles: 2%=-1745.3399658203125, 5%=-1732.1500244140625, 10%=-1699.0, 25%=-1659.75, 50%=-1626.0, 75%=-1572.5, 90%=-1534.800048828125, 95%=-1520.800048828125, 98%=-1497.0
ranking_best_algo: NLOPT_LN_PRAXIS
ranking_best_score: 1607.12
ranking_my_rank: 1/504 (100.0%)
ranking_my_percent: 100.0
