ConfigName: kjsd__advperagentrankweighted__M5__L10__eps0p01__g0p003__ds0p2__dm0p05
Problem: NK
Kernel: jsd
Advantage: peragentrankweighted
M: 5
lambda: 10
epsilon_svgd: 0.01
gamma: 0.003
decay_start_ratio: 0.2
decay_min_factor: 0.05
bandwith_kernel: None
no_interact: False
avg_score: 0.7371649146080017
median_score: 0.7386660575866699
std_score: 0.008889571763575077
percentiles: 2%=0.7181174159049988, 5%=0.720527172088623, 10%=0.7224279046058655, 25%=0.7315785884857178, 50%=0.7386660575866699, 75%=0.7438828945159912, 90%=0.7467535138130188, 95%=0.7501345872879028, 98%=0.750726044178009
ranking_best_algo: PBIL
ranking_best_score: 0.730509098125
ranking_my_rank: 1/504 (100.0%)
ranking_my_percent: 100.0
