ConfigName: krbf__advnormalizedfitness__M4__L10__eps0p025__g0p015__ds0p15__dm0p3
Problem: QUBO
Kernel: rbf
Advantage: normalizedfitness
M: 4
lambda: 10
epsilon_svgd: 0.025
gamma: 0.015
decay_start_ratio: 0.15
decay_min_factor: 0.3
bandwith_kernel: None
no_interact: False
avg_score: -687.0
median_score: -684.0
std_score: 75.90454864501953
percentiles: 2%=-860.3599853515625, 5%=-831.2000122070312, 10%=-791.2999877929688, 25%=-732.0, 50%=-684.0, 75%=-631.5, 90%=-596.5, 95%=-570.7000122070312, 98%=-556.9599609375
ranking_best_algo: NLOPT_LN_PRAXIS
ranking_best_score: 1607.12
ranking_my_rank: 372/504 (26.4%)
ranking_my_percent: 26.38888888888889
