ConfigName: kjsd__advperagentrankweighted__M3__L18__eps0p01__g0p003__ds0p05__dm0p1
Problem: QUBO
Kernel: jsd
Advantage: peragentrankweighted
M: 3
lambda: 18
epsilon_svgd: 0.01
gamma: 0.003
decay_start_ratio: 0.05
decay_min_factor: 0.1
bandwith_kernel: None
no_interact: False
avg_score: -3207.159912109375
median_score: -3231.5
std_score: 136.83615112304688
percentiles: 2%=-3464.139892578125, 5%=-3452.35009765625, 10%=-3384.60009765625, 25%=-3306.0, 50%=-3231.5, 75%=-3095.0, 90%=-3040.699951171875, 95%=-2993.449951171875, 98%=-2962.5400390625
ranking_best_algo: RLSOnePlusOne
ranking_best_score: 3316.5199999999995
ranking_my_rank: 53/504 (89.7%)
ranking_my_percent: 89.68253968253968
