ConfigName: krbf__advnormalizedfitness__M3__L15__eps0p033__g0p007__ds0p3__dm0p3
Problem: QUBO
Kernel: rbf
Advantage: normalizedfitness
M: 3
lambda: 15
epsilon_svgd: 0.033
gamma: 0.007
decay_start_ratio: 0.3
decay_min_factor: 0.3
bandwith_kernel: None
no_interact: False
avg_score: -424.239990234375
median_score: -426.0
std_score: 28.98866081237793
percentiles: 2%=-477.0400085449219, 5%=-475.1000061035156, 10%=-461.1000061035156, 25%=-445.0, 50%=-426.0, 75%=-401.0, 90%=-387.0, 95%=-381.7500305175781, 98%=-372.94000244140625
ranking_best_algo: CMAL3
ranking_best_score: 435.36
ranking_my_rank: 31/504 (94.0%)
ranking_my_percent: 94.04761904761905
