ConfigName: kjsd__advperagentrankweighted__M4__L24__eps0p03__g0p0003__ds0p2__dm0p05
Problem: NK
Kernel: jsd
Advantage: peragentrankweighted
M: 4
lambda: 24
epsilon_svgd: 0.03
gamma: 0.0003
decay_start_ratio: 0.2
decay_min_factor: 0.05
bandwith_kernel: None
no_interact: False
avg_score: 0.7422221302986145
median_score: 0.7414907217025757
std_score: 0.01106400229036808
percentiles: 2%=0.7175934910774231, 5%=0.7251868844032288, 10%=0.7284933924674988, 25%=0.7350022196769714, 50%=0.7414907217025757, 75%=0.7515273094177246, 90%=0.7572693228721619, 95%=0.7599744200706482, 98%=0.7625088095664978
ranking_best_algo: Tabu
ranking_best_score: 0.7470791764843752
ranking_my_rank: 5/504 (99.2%)
ranking_my_percent: 99.2063492063492
