ConfigName: krbf__advnormalizedfitness__M3__L10__eps0p025__g0p005__ds0p3__dm0p3
Problem: QUBO
Kernel: rbf
Advantage: normalizedfitness
M: 3
lambda: 10
epsilon_svgd: 0.025
gamma: 0.005
decay_start_ratio: 0.3
decay_min_factor: 0.3
bandwith_kernel: None
no_interact: False
avg_score: -2517.43994140625
median_score: -2496.0
std_score: 132.5345458984375
percentiles: 2%=-2826.219970703125, 5%=-2780.199951171875, 10%=-2702.10009765625, 25%=-2611.0, 50%=-2496.0, 75%=-2428.25, 90%=-2376.60009765625, 95%=-2333.80029296875, 98%=-2284.81982421875
ranking_best_algo: SVM1MetaModelLogNormal
ranking_best_score: 2605.14
ranking_my_rank: 60/504 (88.3%)
ranking_my_percent: 88.2936507936508
