ConfigName: kfr__advglobalrankweighted__M1__L8__eps0p02__g0p003__ds0p01__dm0p01
Problem: QUBO
Kernel: fr
Advantage: globalrankweighted
M: 1
lambda: 8
epsilon_svgd: 0.02
gamma: 0.003
decay_start_ratio: 0.01
decay_min_factor: 0.01
bandwith_kernel: None
no_interact: False
avg_score: -283.5199890136719
median_score: -276.5
std_score: 38.479732513427734
percentiles: 2%=-370.0400085449219, 5%=-356.29998779296875, 10%=-332.3999938964844, 25%=-309.0, 50%=-276.5, 75%=-255.75, 90%=-239.0, 95%=-226.95001220703125, 98%=-220.0
ranking_best_algo: CMApara
ranking_best_score: 319.29999999999995
ranking_my_rank: 317/504 (37.3%)
ranking_my_percent: 37.301587301587304
