ConfigName: kjsd__advperagentrankweighted__M5__L8__eps0p005__g0p0005__ds0p05__dm0p2
Problem: QUBO
Kernel: jsd
Advantage: peragentrankweighted
M: 5
lambda: 8
epsilon_svgd: 0.005
gamma: 0.0005
decay_start_ratio: 0.05
decay_min_factor: 0.2
bandwith_kernel: None
no_interact: False
avg_score: -2570.5400390625
median_score: -2578.0
std_score: 115.93699645996094
percentiles: 2%=-2811.02001953125, 5%=-2781.050048828125, 10%=-2730.10009765625, 25%=-2640.5, 50%=-2578.0, 75%=-2496.75, 90%=-2427.39990234375, 95%=-2356.89990234375, 98%=-2322.0
ranking_best_algo: SVM1MetaModelLogNormal
ranking_best_score: 2605.14
ranking_my_rank: 15/504 (97.2%)
ranking_my_percent: 97.22222222222223
