ConfigName: krbf__advnormalizedfitness__M3__L8__eps0p025__g0p001__ds0p05__dm0p05
Problem: QUBO
Kernel: rbf
Advantage: normalizedfitness
M: 3
lambda: 8
epsilon_svgd: 0.025
gamma: 0.001
decay_start_ratio: 0.05
decay_min_factor: 0.05
bandwith_kernel: None
no_interact: False
avg_score: -1465.06005859375
median_score: -1471.5
std_score: 109.20208740234375
percentiles: 2%=-1650.4200439453125, 5%=-1628.3499755859375, 10%=-1601.199951171875, 25%=-1540.0, 50%=-1471.5, 75%=-1410.25, 90%=-1316.5999755859375, 95%=-1270.5999755859375, 98%=-1246.43994140625
ranking_best_algo: NLOPT_LN_PRAXIS
ranking_best_score: 1607.12
ranking_my_rank: 85/504 (83.3%)
ranking_my_percent: 83.33333333333333
