ConfigName: kjsd__advperagentrankweighted__M3__L16__eps0p01__g0p0005__ds0p1__dm0p1
Problem: QUBO
Kernel: jsd
Advantage: peragentrankweighted
M: 3
lambda: 16
epsilon_svgd: 0.01
gamma: 0.0005
decay_start_ratio: 0.1
decay_min_factor: 0.1
bandwith_kernel: None
no_interact: False
avg_score: -308.6400146484375
median_score: -306.0
std_score: 38.17421340942383
percentiles: 2%=-390.1199951171875, 5%=-386.0, 10%=-350.79998779296875, 25%=-334.0, 50%=-306.0, 75%=-274.0, 90%=-263.0, 95%=-258.8999938964844, 98%=-255.8000030517578
ranking_best_algo: CMApara
ranking_best_score: 319.29999999999995
ranking_my_rank: 87/504 (82.9%)
ranking_my_percent: 82.93650793650794
