ConfigName: kjsd__advperagentrankweighted__M3__L18__eps0p01__g0p0007__ds0p05__dm0p1
Problem: QUBO
Kernel: jsd
Advantage: peragentrankweighted
M: 3
lambda: 18
epsilon_svgd: 0.01
gamma: 0.0007
decay_start_ratio: 0.05
decay_min_factor: 0.1
bandwith_kernel: None
no_interact: False
avg_score: -324.79998779296875
median_score: -328.0
std_score: 24.2156982421875
percentiles: 2%=-361.2200012207031, 5%=-357.0, 10%=-350.0, 25%=-342.25, 50%=-328.0, 75%=-309.5, 90%=-286.70001220703125, 95%=-280.0, 98%=-271.9200134277344
ranking_best_algo: CMApara
ranking_best_score: 344.22
ranking_my_rank: 123/504 (75.8%)
ranking_my_percent: 75.7936507936508
