ConfigName: kjsd__advperagentrankweighted__M3__L16__eps0p01__g0p001__ds0p05__dm0p05
Problem: NK
Kernel: jsd
Advantage: peragentrankweighted
M: 3
lambda: 16
epsilon_svgd: 0.01
gamma: 0.001
decay_start_ratio: 0.05
decay_min_factor: 0.05
bandwith_kernel: None
no_interact: False
avg_score: 0.7356383800506592
median_score: 0.7370460629463196
std_score: 0.009138473309576511
percentiles: 2%=0.7170658111572266, 5%=0.7219432592391968, 10%=0.7238754034042358, 25%=0.7287476658821106, 50%=0.7370460629463196, 75%=0.741741418838501, 90%=0.745538592338562, 95%=0.7490698099136353, 98%=0.7544379234313965
ranking_best_algo: PBIL
ranking_best_score: 0.730509098125
ranking_my_rank: 1/504 (100.0%)
ranking_my_percent: 100.0
