ConfigName: kjsd__advperagentrankweighted__M3__L18__eps0p01__g0p003__ds0p1__dm0p05
Problem: NK
Kernel: jsd
Advantage: peragentrankweighted
M: 3
lambda: 18
epsilon_svgd: 0.01
gamma: 0.003
decay_start_ratio: 0.1
decay_min_factor: 0.05
bandwith_kernel: None
no_interact: False
avg_score: 0.7587576508522034
median_score: 0.7588405609130859
std_score: 0.013206648640334606
percentiles: 2%=0.7379266619682312, 5%=0.7399401068687439, 10%=0.7428377270698547, 25%=0.7485388517379761, 50%=0.7588405609130859, 75%=0.7681972980499268, 90%=0.7773975133895874, 95%=0.7800175547599792, 98%=0.782696008682251
ranking_best_algo: Tabu
ranking_best_score: 0.7470791764843752
ranking_my_rank: 1/504 (100.0%)
ranking_my_percent: 100.0
