ConfigName: krbf__advnormalizedfitness__M3__L10__eps0p015__g0p005__ds0p15__dm0p01
Problem: QUBO
Kernel: rbf
Advantage: normalizedfitness
M: 3
lambda: 10
epsilon_svgd: 0.015
gamma: 0.005
decay_start_ratio: 0.15
decay_min_factor: 0.01
bandwith_kernel: None
no_interact: False
avg_score: -413.79998779296875
median_score: -416.0
std_score: 26.09827423095703
percentiles: 2%=-467.0799865722656, 5%=-452.0, 10%=-447.0, 25%=-431.5, 50%=-416.0, 75%=-396.0, 90%=-380.0, 95%=-372.0, 98%=-358.0
ranking_best_algo: Tabu
ranking_best_score: 438.12
ranking_my_rank: 57/504 (88.9%)
ranking_my_percent: 88.88888888888889
