ConfigName: krbf__advnormalizedfitness__M3__L8__eps0p025__g0p01__ds0p01__dm0p01
Problem: QUBO
Kernel: rbf
Advantage: normalizedfitness
M: 3
lambda: 8
epsilon_svgd: 0.025
gamma: 0.01
decay_start_ratio: 0.01
decay_min_factor: 0.01
bandwith_kernel: None
no_interact: False
avg_score: -148.3800048828125
median_score: -146.0
std_score: 12.866063117980957
percentiles: 2%=-179.0, 5%=-179.0, 10%=-159.10000610351562, 25%=-155.0, 50%=-146.0, 75%=-141.0, 90%=-132.8000030517578, 95%=-130.95001220703125, 98%=-123.91998291015625
ranking_best_algo: CMApara
ranking_best_score: 154.28
ranking_my_rank: 84/504 (83.5%)
ranking_my_percent: 83.53174603174604
