ConfigName: kjsd__advperagentrankweighted__M3__L16__eps0p007__g0p001__ds0p1__dm0p1
Problem: NK
Kernel: jsd
Advantage: peragentrankweighted
M: 3
lambda: 16
epsilon_svgd: 0.007
gamma: 0.001
decay_start_ratio: 0.1
decay_min_factor: 0.1
bandwith_kernel: None
no_interact: False
avg_score: 0.710313081741333
median_score: 0.7108569145202637
std_score: 0.015587509609758854
percentiles: 2%=0.6710411310195923, 5%=0.6723078489303589, 10%=0.697727382183075, 25%=0.7073059678077698, 50%=0.7108569145202637, 75%=0.7195382118225098, 90%=0.7254889607429504, 95%=0.7322035431861877, 98%=0.7336775064468384
ranking_best_algo: CMApara
ranking_best_score: 0.707475975
ranking_my_rank: 1/504 (100.0%)
ranking_my_percent: 100.0
