ConfigName: kjsd__advperagentrankweighted__M5__L8__eps0p01__g0p0003__ds0p4__dm0p05
Problem: QUBO
Kernel: jsd
Advantage: peragentrankweighted
M: 5
lambda: 8
epsilon_svgd: 0.01
gamma: 0.0003
decay_start_ratio: 0.4
decay_min_factor: 0.05
bandwith_kernel: None
no_interact: False
avg_score: -2571.3798828125
median_score: -2552.5
std_score: 116.7468032836914
percentiles: 2%=-2815.10009765625, 5%=-2753.0, 10%=-2724.300048828125, 25%=-2668.25, 50%=-2552.5, 75%=-2483.5, 90%=-2432.699951171875, 95%=-2399.25, 98%=-2378.8798828125
ranking_best_algo: SVM1MetaModelLogNormal
ranking_best_score: 2605.14
ranking_my_rank: 14/504 (97.4%)
ranking_my_percent: 97.42063492063492
