ConfigName: krbf__advnormalizedfitness__M4__L15__eps0p02__g0p002__ds0p05__dm0p05
Problem: QUBO
Kernel: rbf
Advantage: normalizedfitness
M: 4
lambda: 15
epsilon_svgd: 0.02
gamma: 0.002
decay_start_ratio: 0.05
decay_min_factor: 0.05
bandwith_kernel: None
no_interact: False
avg_score: -2466.0
median_score: -2443.5
std_score: 141.97972106933594
percentiles: 2%=-2758.10009765625, 5%=-2738.5, 10%=-2676.39990234375, 25%=-2545.0, 50%=-2443.5, 75%=-2376.25, 90%=-2294.0, 95%=-2254.449951171875, 98%=-2211.919921875
ranking_best_algo: SVM1MetaModelLogNormal
ranking_best_score: 2605.14
ranking_my_rank: 80/504 (84.3%)
ranking_my_percent: 84.32539682539682
