ConfigName: krbf__advnormalizedfitness__M1__L8__eps0p025__g0p01__ds0p15__dm0p01
Problem: QUBO
Kernel: rbf
Advantage: normalizedfitness
M: 1
lambda: 8
epsilon_svgd: 0.025
gamma: 0.01
decay_start_ratio: 0.15
decay_min_factor: 0.01
bandwith_kernel: None
no_interact: False
avg_score: -411.3599853515625
median_score: -413.5
std_score: 32.71926498413086
percentiles: 2%=-475.0400085449219, 5%=-463.3500061035156, 10%=-451.79998779296875, 25%=-429.0, 50%=-413.5, 75%=-393.75, 90%=-372.79998779296875, 95%=-362.8000183105469, 98%=-341.91998291015625
ranking_best_algo: CMAL3
ranking_best_score: 435.36
ranking_my_rank: 167/504 (67.1%)
ranking_my_percent: 67.06349206349206
