ConfigName: kjsd__advperagentrankweighted__M3__L16__eps0p005__g0p003__ds0p05__dm0p1
Problem: QUBO
Kernel: jsd
Advantage: peragentrankweighted
M: 3
lambda: 16
epsilon_svgd: 0.005
gamma: 0.003
decay_start_ratio: 0.05
decay_min_factor: 0.1
bandwith_kernel: None
no_interact: False
avg_score: -2223.780029296875
median_score: -2226.0
std_score: 162.59271240234375
percentiles: 2%=-2537.320068359375, 5%=-2461.699951171875, 10%=-2430.199951171875, 25%=-2331.5, 50%=-2226.0, 75%=-2102.25, 90%=-1996.4000244140625, 95%=-1931.0, 98%=-1902.8399658203125
ranking_best_algo: SVM1MetaModelLogNormal
ranking_best_score: 2605.14
ranking_my_rank: 178/504 (64.9%)
ranking_my_percent: 64.88095238095238
