ConfigName: krbf__advnormalizedfitness__M4__L8__eps0p015__g0p005__ds0p15__dm0p01
Problem: NK
Kernel: rbf
Advantage: normalizedfitness
M: 4
lambda: 8
epsilon_svgd: 0.015
gamma: 0.005
decay_start_ratio: 0.15
decay_min_factor: 0.01
bandwith_kernel: None
no_interact: False
avg_score: 0.7110462784767151
median_score: 0.7107053995132446
std_score: 0.01698235608637333
percentiles: 2%=0.6787363886833191, 5%=0.6824842095375061, 10%=0.6876939535140991, 25%=0.7010780572891235, 50%=0.7107053995132446, 75%=0.7219778299331665, 90%=0.734343409538269, 95%=0.7400057911872864, 98%=0.7465856671333313
ranking_best_algo: Tabu
ranking_best_score: 0.7429702712499999
ranking_my_rank: 147/504 (71.0%)
ranking_my_percent: 71.03174603174604
