ConfigName: krbf__advnormalizedfitness__M1__L8__eps0p033__g0p015__ds0p01__dm0p3
Problem: NK
Kernel: rbf
Advantage: normalizedfitness
M: 1
lambda: 8
epsilon_svgd: 0.033
gamma: 0.015
decay_start_ratio: 0.01
decay_min_factor: 0.3
bandwith_kernel: None
no_interact: False
avg_score: 0.7248265147209167
median_score: 0.7228055000305176
std_score: 0.014045102521777153
percentiles: 2%=0.6991652846336365, 5%=0.7055866122245789, 10%=0.7085615396499634, 25%=0.7154232263565063, 50%=0.7228055000305176, 75%=0.7322846055030823, 90%=0.7431920766830444, 95%=0.7529462575912476, 98%=0.7603180408477783
ranking_best_algo: Tabu
ranking_best_score: 0.7429702712499999
ranking_my_rank: 4/504 (99.4%)
ranking_my_percent: 99.4047619047619
