ConfigName: krbf__advnormalizedfitness__M2__L6__eps0p01__g0p006__ds0p3__dm0p3
Problem: QUBO
Kernel: rbf
Advantage: normalizedfitness
M: 2
lambda: 6
epsilon_svgd: 0.01
gamma: 0.006
decay_start_ratio: 0.3
decay_min_factor: 0.3
bandwith_kernel: None
no_interact: False
avg_score: -306.5400085449219
median_score: -309.0
std_score: 39.800357818603516
percentiles: 2%=-394.0, 5%=-390.1000061035156, 10%=-356.5999755859375, 25%=-332.5, 50%=-309.0, 75%=-272.0, 90%=-262.0, 95%=-256.8500061035156, 98%=-246.9399871826172
ranking_best_algo: CMApara
ranking_best_score: 319.29999999999995
ranking_my_rank: 113/504 (77.8%)
ranking_my_percent: 77.77777777777777
