ConfigName: kjsd__advperagentrankweighted__M5__L10__eps0p005__g0p003__ds0p05__dm0p05
Problem: NK
Kernel: jsd
Advantage: peragentrankweighted
M: 5
lambda: 10
epsilon_svgd: 0.005
gamma: 0.003
decay_start_ratio: 0.05
decay_min_factor: 0.05
bandwith_kernel: None
no_interact: False
avg_score: 0.7444923520088196
median_score: 0.7423104643821716
std_score: 0.029164189472794533
percentiles: 2%=0.7039135694503784, 5%=0.7053030729293823, 10%=0.7073382139205933, 25%=0.7212796211242676, 50%=0.7423104643821716, 75%=0.7580187320709229, 90%=0.7783373594284058, 95%=0.8045448660850525, 98%=0.8118547797203064
ranking_best_algo: CMApara
ranking_best_score: 0.7459277895312499
ranking_my_rank: 3/504 (99.6%)
ranking_my_percent: 99.60317460317461
