ConfigName: kjsd__advperagentrankweighted__M4__L24__eps0p005__g0p0005__ds0p2__dm0p05
Problem: NK
Kernel: jsd
Advantage: peragentrankweighted
M: 4
lambda: 24
epsilon_svgd: 0.005
gamma: 0.0005
decay_start_ratio: 0.2
decay_min_factor: 0.05
bandwith_kernel: None
no_interact: False
avg_score: 0.7592770457267761
median_score: 0.758820652961731
std_score: 0.012819998897612095
percentiles: 2%=0.7319564819335938, 5%=0.7380185127258301, 10%=0.7431823015213013, 25%=0.7501506209373474, 50%=0.758820652961731, 75%=0.7693252563476562, 90%=0.7752742767333984, 95%=0.7790812849998474, 98%=0.7811900973320007
ranking_best_algo: Tabu
ranking_best_score: 0.7470791764843752
ranking_my_rank: 1/504 (100.0%)
ranking_my_percent: 100.0
