ConfigName: kjsd__advperagentrankweighted__M5__L10__eps0p005__g0p0007__ds0p2__dm0p05
Problem: QUBO
Kernel: jsd
Advantage: peragentrankweighted
M: 5
lambda: 10
epsilon_svgd: 0.005
gamma: 0.0007
decay_start_ratio: 0.2
decay_min_factor: 0.05
bandwith_kernel: None
no_interact: False
avg_score: -1237.800048828125
median_score: -1232.0
std_score: 65.76457977294922
percentiles: 2%=-1373.0999755859375, 5%=-1355.4000244140625, 10%=-1347.199951171875, 25%=-1275.25, 50%=-1232.0, 75%=-1185.75, 90%=-1159.300048828125, 95%=-1142.8499755859375, 98%=-1135.780029296875
ranking_best_algo: SVMMetaModelLogNormal
ranking_best_score: 1233.7999999999997
ranking_my_rank: 1/504 (100.0%)
ranking_my_percent: 100.0
