ConfigName: kjsd__advperagentrankweighted__M4__L12__eps0p01__g0p0007__ds0p4__dm0p05
Problem: QUBO
Kernel: jsd
Advantage: peragentrankweighted
M: 4
lambda: 12
epsilon_svgd: 0.01
gamma: 0.0007
decay_start_ratio: 0.4
decay_min_factor: 0.05
bandwith_kernel: None
no_interact: False
avg_score: -3296.340087890625
median_score: -3289.5
std_score: 125.47000885009766
percentiles: 2%=-3562.47998046875, 5%=-3505.14990234375, 10%=-3445.60009765625, 25%=-3375.75, 50%=-3289.5, 75%=-3206.75, 90%=-3141.0, 95%=-3087.449951171875, 98%=-3051.89990234375
ranking_best_algo: RLSOnePlusOne
ranking_best_score: 3316.5199999999995
ranking_my_rank: 3/504 (99.6%)
ranking_my_percent: 99.60317460317461
