ConfigName: krbf__advnormalizedfitness__M3__L10__eps0p02__g0p005__ds0p15__dm0p05
Problem: NK
Kernel: rbf
Advantage: normalizedfitness
M: 3
lambda: 10
epsilon_svgd: 0.02
gamma: 0.005
decay_start_ratio: 0.15
decay_min_factor: 0.05
bandwith_kernel: None
no_interact: False
avg_score: 0.7582198977470398
median_score: 0.7570966482162476
std_score: 0.013403313234448433
percentiles: 2%=0.7337249517440796, 5%=0.7382355332374573, 10%=0.7416921854019165, 25%=0.7473580837249756, 50%=0.7570966482162476, 75%=0.7672531604766846, 90%=0.7775352001190186, 95%=0.7803587317466736, 98%=0.7832609415054321
ranking_best_algo: Tabu
ranking_best_score: 0.7470791764843752
ranking_my_rank: 1/504 (100.0%)
ranking_my_percent: 100.0
