ConfigName: krbf__advnormalizedfitness__M2__L8__eps0p025__g0p005__ds0p3__dm0p3
Problem: QUBO
Kernel: rbf
Advantage: normalizedfitness
M: 2
lambda: 8
epsilon_svgd: 0.025
gamma: 0.005
decay_start_ratio: 0.3
decay_min_factor: 0.3
bandwith_kernel: None
no_interact: False
avg_score: -1607.699951171875
median_score: -1610.5
std_score: 61.050880432128906
percentiles: 2%=-1721.0999755859375, 5%=-1707.0999755859375, 10%=-1680.0, 25%=-1651.5, 50%=-1610.5, 75%=-1557.0, 90%=-1528.4000244140625, 95%=-1508.9000244140625, 98%=-1501.0
ranking_best_algo: NLOPT_LN_PRAXIS
ranking_best_score: 1607.12
ranking_my_rank: 1/504 (100.0%)
ranking_my_percent: 100.0
