ConfigName: kfr__advglobalrankweighted__M2__L8__eps0p015__g0p003__ds0p01__dm0p01
Problem: QUBO
Kernel: fr
Advantage: globalrankweighted
M: 2
lambda: 8
epsilon_svgd: 0.015
gamma: 0.003
decay_start_ratio: 0.01
decay_min_factor: 0.01
bandwith_kernel: None
no_interact: False
avg_score: -1285.8599853515625
median_score: -1291.0
std_score: 59.33262634277344
percentiles: 2%=-1405.1199951171875, 5%=-1399.1500244140625, 10%=-1353.800048828125, 25%=-1321.75, 50%=-1291.0, 75%=-1244.75, 90%=-1208.699951171875, 95%=-1178.800048828125, 98%=-1163.97998046875
ranking_best_algo: BigLognormalDiscreteOnePlusOne
ranking_best_score: 1301.3600000000004
ranking_my_rank: 4/504 (99.4%)
ranking_my_percent: 99.4047619047619
