ConfigName: kjsd__advperagentrankweighted__M5__L8__eps0p005__g0p0007__ds0p05__dm0p2
Problem: NK
Kernel: jsd
Advantage: peragentrankweighted
M: 5
lambda: 8
epsilon_svgd: 0.005
gamma: 0.0007
decay_start_ratio: 0.05
decay_min_factor: 0.2
bandwith_kernel: None
no_interact: False
avg_score: 0.7575510144233704
median_score: 0.7580360174179077
std_score: 0.013364406302571297
percentiles: 2%=0.7285816669464111, 5%=0.7372749447822571, 10%=0.7409998774528503, 25%=0.7485488653182983, 50%=0.7580360174179077, 75%=0.7662934064865112, 90%=0.7733912467956543, 95%=0.7783299684524536, 98%=0.7812858819961548
ranking_best_algo: Tabu
ranking_best_score: 0.7470791764843752
ranking_my_rank: 1/504 (100.0%)
ranking_my_percent: 100.0
