ConfigName: krbf__advnormalizedfitness__M4__L8__eps0p033__g0p015__ds0p3__dm0p3
Problem: QUBO
Kernel: rbf
Advantage: normalizedfitness
M: 4
lambda: 8
epsilon_svgd: 0.033
gamma: 0.015
decay_start_ratio: 0.3
decay_min_factor: 0.3
bandwith_kernel: None
no_interact: False
avg_score: -1903.9000244140625
median_score: -1903.5
std_score: 167.1432647705078
percentiles: 2%=-2246.159912109375, 5%=-2201.64990234375, 10%=-2120.0, 25%=-2006.5, 50%=-1903.5, 75%=-1785.75, 90%=-1691.800048828125, 95%=-1658.0, 98%=-1587.5399169921875
ranking_best_algo: SVM1MetaModelLogNormal
ranking_best_score: 2605.14
ranking_my_rank: 296/504 (41.5%)
ranking_my_percent: 41.46825396825397
