ConfigName: krbf__advnormalizedfitness__M2__L9__eps0p01__g0p005__ds0p01__dm0p01
Problem: QUBO
Kernel: rbf
Advantage: normalizedfitness
M: 2
lambda: 9
epsilon_svgd: 0.01
gamma: 0.005
decay_start_ratio: 0.01
decay_min_factor: 0.01
bandwith_kernel: None
no_interact: False
avg_score: -1244.8399658203125
median_score: -1237.5
std_score: 67.61001586914062
percentiles: 2%=-1392.0999755859375, 5%=-1378.0999755859375, 10%=-1337.0999755859375, 25%=-1291.25, 50%=-1237.5, 75%=-1189.75, 90%=-1170.800048828125, 95%=-1148.949951171875, 98%=-1138.5999755859375
ranking_best_algo: SVMMetaModelLogNormal
ranking_best_score: 1233.7999999999997
ranking_my_rank: 1/504 (100.0%)
ranking_my_percent: 100.0
