ConfigName: krbf__advnormalizedfitness__M4__L10__eps0p015__g0p007__ds0p3__dm0p01
Problem: NK
Kernel: rbf
Advantage: normalizedfitness
M: 4
lambda: 10
epsilon_svgd: 0.015
gamma: 0.007
decay_start_ratio: 0.3
decay_min_factor: 0.01
bandwith_kernel: None
no_interact: False
avg_score: 0.7429251670837402
median_score: 0.7443891763687134
std_score: 0.017141085118055344
percentiles: 2%=0.7088685035705566, 5%=0.7160298228263855, 10%=0.7212613224983215, 25%=0.7285051345825195, 50%=0.7443891763687134, 75%=0.7558661699295044, 90%=0.7667779922485352, 95%=0.7703779935836792, 98%=0.7731881737709045
ranking_best_algo: Tabu
ranking_best_score: 0.7470791764843752
ranking_my_rank: 4/504 (99.4%)
ranking_my_percent: 99.4047619047619
