ConfigName: kfr__advglobalrankweighted__M6__L10__eps0p02__g0p007__ds0p01__dm0p01
Problem: QUBO
Kernel: fr
Advantage: globalrankweighted
M: 6
lambda: 10
epsilon_svgd: 0.02
gamma: 0.007
decay_start_ratio: 0.01
decay_min_factor: 0.01
bandwith_kernel: None
no_interact: False
avg_score: -1351.780029296875
median_score: -1348.0
std_score: 85.8867416381836
percentiles: 2%=-1565.300048828125, 5%=-1499.3499755859375, 10%=-1465.0999755859375, 25%=-1400.5, 50%=-1348.0, 75%=-1294.5, 90%=-1242.800048828125, 95%=-1216.800048828125, 98%=-1203.5799560546875
ranking_best_algo: NLOPT_LN_PRAXIS
ranking_best_score: 1607.12
ranking_my_rank: 177/504 (65.1%)
ranking_my_percent: 65.07936507936508
