ConfigName: krbf__advnormalizedfitness__M3__L12__eps0p025__g0p015__ds0p3__dm0p3
Problem: NK
Kernel: rbf
Advantage: normalizedfitness
M: 3
lambda: 12
epsilon_svgd: 0.025
gamma: 0.015
decay_start_ratio: 0.3
decay_min_factor: 0.3
bandwith_kernel: None
no_interact: False
avg_score: 0.7237052321434021
median_score: 0.7246963381767273
std_score: 0.010295391082763672
percentiles: 2%=0.7056812644004822, 5%=0.7092285752296448, 10%=0.7107967734336853, 25%=0.7154538631439209, 50%=0.7246963381767273, 75%=0.7318540811538696, 90%=0.7363684177398682, 95%=0.7404255270957947, 98%=0.7421525120735168
ranking_best_algo: PBIL
ranking_best_score: 0.730509098125
ranking_my_rank: 20/504 (96.2%)
ranking_my_percent: 96.23015873015873
