ConfigName: kjsd__advperagentrankweighted__M4__L8__eps0p02__g0p0005__ds0p05__dm0p05
Problem: QUBO
Kernel: jsd
Advantage: peragentrankweighted
M: 4
lambda: 8
epsilon_svgd: 0.02
gamma: 0.0005
decay_start_ratio: 0.05
decay_min_factor: 0.05
bandwith_kernel: None
no_interact: False
avg_score: -564.5399780273438
median_score: -563.0
std_score: 28.411762237548828
percentiles: 2%=-625.0800170898438, 5%=-613.2000122070312, 10%=-606.0999755859375, 25%=-582.25, 50%=-563.0, 75%=-545.0, 90%=-530.7000122070312, 95%=-516.8499755859375, 98%=-509.0
ranking_best_algo: Tabu
ranking_best_score: 588.7199999999999
ranking_my_rank: 94/503 (81.5%)
ranking_my_percent: 81.51093439363817
