ConfigName: kfr__advglobalrankweighted__M4__L11__eps0p015__g0p007__ds0p01__dm0p01
Problem: QUBO
Kernel: fr
Advantage: globalrankweighted
M: 4
lambda: 11
epsilon_svgd: 0.015
gamma: 0.007
decay_start_ratio: 0.01
decay_min_factor: 0.01
bandwith_kernel: None
no_interact: False
avg_score: -931.0599975585938
median_score: -921.0
std_score: 67.82695770263672
percentiles: 2%=-1070.0400390625, 5%=-1052.5, 10%=-1021.4000244140625, 25%=-970.5, 50%=-921.0, 75%=-893.0, 90%=-840.9000244140625, 95%=-826.7999877929688, 98%=-800.8400268554688
ranking_best_algo: CMApara
ranking_best_score: 964.9
ranking_my_rank: 19/504 (96.4%)
ranking_my_percent: 96.42857142857143
