ConfigName: kjsd__advperagentrankweighted__M5__L12__eps0p02__g0p0003__ds0p2__dm0p05
Problem: QUBO
Kernel: jsd
Advantage: peragentrankweighted
M: 5
lambda: 12
epsilon_svgd: 0.02
gamma: 0.0003
decay_start_ratio: 0.2
decay_min_factor: 0.05
bandwith_kernel: None
no_interact: False
avg_score: -138.89999389648438
median_score: -141.0
std_score: 11.446833610534668
percentiles: 2%=-158.0, 5%=-157.0500030517578, 10%=-156.0, 25%=-146.0, 50%=-141.0, 75%=-130.0, 90%=-123.0, 95%=-120.9000015258789, 98%=-118.95999908447266
ranking_best_algo: DiscreteDE
ranking_best_score: 143.4
ranking_my_rank: 94/504 (81.5%)
ranking_my_percent: 81.54761904761905
