ConfigName: krbf__advnormalizedfitness__M2__L10__eps0p033__g0p007__ds0p3__dm0p01
Problem: QUBO
Kernel: rbf
Advantage: normalizedfitness
M: 2
lambda: 10
epsilon_svgd: 0.033
gamma: 0.007
decay_start_ratio: 0.3
decay_min_factor: 0.01
bandwith_kernel: None
no_interact: False
avg_score: -896.0999755859375
median_score: -893.5
std_score: 65.60465240478516
percentiles: 2%=-1026.3199462890625, 5%=-1013.0999755859375, 10%=-989.0, 25%=-941.25, 50%=-893.5, 75%=-850.5, 90%=-815.9000244140625, 95%=-795.0, 98%=-779.5999755859375
ranking_best_algo: CMAL3
ranking_best_score: 928.5800000000002
ranking_my_rank: 84/504 (83.5%)
ranking_my_percent: 83.53174603174604
