ConfigName: krbf__advnormalizedfitness__M3__L12__eps0p025__g0p01__ds0p3__dm0p3
Problem: QUBO
Kernel: rbf
Advantage: normalizedfitness
M: 3
lambda: 12
epsilon_svgd: 0.025
gamma: 0.01
decay_start_ratio: 0.3
decay_min_factor: 0.3
bandwith_kernel: None
no_interact: False
avg_score: -148.8800048828125
median_score: -148.0
std_score: 11.799389839172363
percentiles: 2%=-179.0, 5%=-179.0, 10%=-158.0, 25%=-155.0, 50%=-148.0, 75%=-141.0, 90%=-136.89999389648438, 95%=-128.90000915527344, 98%=-127.0
ranking_best_algo: CMApara
ranking_best_score: 154.28
ranking_my_rank: 82/504 (83.9%)
ranking_my_percent: 83.92857142857143
