ConfigName: kfr__advglobalrankweighted__M5__L11__eps0p01__g0p007__ds0p01__dm0p01
Problem: QUBO
Kernel: fr
Advantage: globalrankweighted
M: 5
lambda: 11
epsilon_svgd: 0.01
gamma: 0.007
decay_start_ratio: 0.01
decay_min_factor: 0.01
bandwith_kernel: None
no_interact: False
avg_score: -794.5999755859375
median_score: -789.0
std_score: 70.27019500732422
percentiles: 2%=-940.6400146484375, 5%=-924.25, 10%=-889.5, 25%=-837.75, 50%=-789.0, 75%=-742.0, 90%=-707.9000244140625, 95%=-699.800048828125, 98%=-680.9199829101562
ranking_best_algo: CMAL3
ranking_best_score: 928.5800000000002
ranking_my_rank: 276/504 (45.4%)
ranking_my_percent: 45.43650793650794
