ConfigName: kfr__advglobalrankweighted__M2__L9__eps0p01__g0p007__ds0p01__dm0p01
Problem: QUBO
Kernel: fr
Advantage: globalrankweighted
M: 2
lambda: 9
epsilon_svgd: 0.01
gamma: 0.007
decay_start_ratio: 0.01
decay_min_factor: 0.01
bandwith_kernel: None
no_interact: False
avg_score: -407.6000061035156
median_score: -408.0
std_score: 29.907859802246094
percentiles: 2%=-475.0400085449219, 5%=-454.6499938964844, 10%=-451.1000061035156, 25%=-424.5, 50%=-408.0, 75%=-386.0, 90%=-370.0, 95%=-361.70001220703125, 98%=-351.91998291015625
ranking_best_algo: Tabu
ranking_best_score: 438.12
ranking_my_rank: 158/504 (68.8%)
ranking_my_percent: 68.84920634920636
