ConfigName: kjsd__advperagentrankweighted__M4__L12__eps0p02__g0p0007__ds0p05__dm0p05
Problem: QUBO
Kernel: jsd
Advantage: peragentrankweighted
M: 4
lambda: 12
epsilon_svgd: 0.02
gamma: 0.0007
decay_start_ratio: 0.05
decay_min_factor: 0.05
bandwith_kernel: None
no_interact: False
avg_score: -3278.260009765625
median_score: -3270.5
std_score: 113.14138793945312
percentiles: 2%=-3496.199951171875, 5%=-3480.14990234375, 10%=-3409.89990234375, 25%=-3354.25, 50%=-3270.5, 75%=-3201.5, 90%=-3133.60009765625, 95%=-3116.300048828125, 98%=-3062.639892578125
ranking_best_algo: RLSOnePlusOne
ranking_best_score: 3316.5199999999995
ranking_my_rank: 11/504 (98.0%)
ranking_my_percent: 98.01587301587301
