ConfigName: kjsd__advperagentrankweighted__M3__L30__eps0p005__g0p001__ds0p2__dm0p05
Problem: QUBO
Kernel: jsd
Advantage: peragentrankweighted
M: 3
lambda: 30
epsilon_svgd: 0.005
gamma: 0.001
decay_start_ratio: 0.2
decay_min_factor: 0.05
bandwith_kernel: None
no_interact: False
avg_score: -138.63999938964844
median_score: -141.0
std_score: 12.479999542236328
percentiles: 2%=-159.0, 5%=-158.0, 10%=-156.10000610351562, 25%=-146.0, 50%=-141.0, 75%=-131.0, 90%=-121.0, 95%=-114.0, 98%=-111.0
ranking_best_algo: DiscreteDE
ranking_best_score: 143.4
ranking_my_rank: 97/504 (81.0%)
ranking_my_percent: 80.95238095238095
