ConfigName: kjsd__advperagentrankweighted__M4__L8__eps0p005__g0p0005__ds0p4__dm0p2
Problem: QUBO
Kernel: jsd
Advantage: peragentrankweighted
M: 4
lambda: 8
epsilon_svgd: 0.005
gamma: 0.0005
decay_start_ratio: 0.4
decay_min_factor: 0.2
bandwith_kernel: None
no_interact: False
avg_score: -1307.0400390625
median_score: -1309.5
std_score: 56.532630920410156
percentiles: 2%=-1418.3399658203125, 5%=-1397.0, 10%=-1384.199951171875, 25%=-1345.5, 50%=-1309.5, 75%=-1265.0, 90%=-1235.0999755859375, 95%=-1216.8499755859375, 98%=-1204.8599853515625
ranking_best_algo: BigLognormalDiscreteOnePlusOne
ranking_best_score: 1301.3600000000004
ranking_my_rank: 1/504 (100.0%)
ranking_my_percent: 100.0
