ConfigName: kjsd__advperagentrankweighted__M5__L8__eps0p005__g0p0007__ds0p05__dm0p05
Problem: QUBO
Kernel: jsd
Advantage: peragentrankweighted
M: 5
lambda: 8
epsilon_svgd: 0.005
gamma: 0.0007
decay_start_ratio: 0.05
decay_min_factor: 0.05
bandwith_kernel: None
no_interact: False
avg_score: -948.6599731445312
median_score: -945.0
std_score: 59.980533599853516
percentiles: 2%=-1064.0400390625, 5%=-1048.0, 10%=-1041.300048828125, 25%=-985.25, 50%=-945.0, 75%=-905.0, 90%=-875.9000244140625, 95%=-854.7000122070312, 98%=-822.9199829101562
ranking_best_algo: CMApara
ranking_best_score: 964.9
ranking_my_rank: 2/504 (99.8%)
ranking_my_percent: 99.8015873015873
