ConfigName: krbf__advnormalizedfitness__M3__L15__eps0p025__g0p007__ds0p15__dm0p01
Problem: NK
Kernel: rbf
Advantage: normalizedfitness
M: 3
lambda: 15
epsilon_svgd: 0.025
gamma: 0.007
decay_start_ratio: 0.15
decay_min_factor: 0.01
bandwith_kernel: None
no_interact: False
avg_score: 0.7377074360847473
median_score: 0.738486647605896
std_score: 0.008383304812014103
percentiles: 2%=0.7208213210105896, 5%=0.7241390347480774, 10%=0.7265113592147827, 25%=0.7312881350517273, 50%=0.738486647605896, 75%=0.7439023852348328, 90%=0.746701717376709, 95%=0.7504679560661316, 98%=0.7530795931816101
ranking_best_algo: PBIL
ranking_best_score: 0.730509098125
ranking_my_rank: 1/504 (100.0%)
ranking_my_percent: 100.0
