ConfigName: krbf__advnormalizedfitness__M3__L10__eps0p025__g0p015__ds0p3__dm0p01
Problem: QUBO
Kernel: rbf
Advantage: normalizedfitness
M: 3
lambda: 10
epsilon_svgd: 0.025
gamma: 0.015
decay_start_ratio: 0.3
decay_min_factor: 0.01
bandwith_kernel: None
no_interact: False
avg_score: -1443.4200439453125
median_score: -1452.5
std_score: 104.65105438232422
percentiles: 2%=-1633.300048828125, 5%=-1604.8499755859375, 10%=-1577.0999755859375, 25%=-1515.0, 50%=-1452.5, 75%=-1370.5, 90%=-1284.9000244140625, 95%=-1272.4000244140625, 98%=-1246.7999267578125
ranking_best_algo: NLOPT_LN_PRAXIS
ranking_best_score: 1607.12
ranking_my_rank: 90/504 (82.3%)
ranking_my_percent: 82.34126984126983
