ConfigName: kjsd__advperagentrankweighted__M5__L8__eps0p02__g0p0005__ds0p05__dm0p05
Problem: QUBO
Kernel: jsd
Advantage: peragentrankweighted
M: 5
lambda: 8
epsilon_svgd: 0.02
gamma: 0.0005
decay_start_ratio: 0.05
decay_min_factor: 0.05
bandwith_kernel: None
no_interact: False
avg_score: -1296.3800048828125
median_score: -1293.5
std_score: 55.72607421875
percentiles: 2%=-1404.1400146484375, 5%=-1399.0, 10%=-1380.0999755859375, 25%=-1333.0, 50%=-1293.5, 75%=-1259.0, 90%=-1233.5999755859375, 95%=-1214.9000244140625, 98%=-1188.6800537109375
ranking_best_algo: BigLognormalDiscreteOnePlusOne
ranking_best_score: 1301.3600000000004
ranking_my_rank: 2/504 (99.8%)
ranking_my_percent: 99.8015873015873
