ConfigName: kjsd__advperagentrankweighted__M5__L8__eps0p03__g0p0005__ds0p05__dm0p05
Problem: QUBO
Kernel: jsd
Advantage: peragentrankweighted
M: 5
lambda: 8
epsilon_svgd: 0.03
gamma: 0.0005
decay_start_ratio: 0.05
decay_min_factor: 0.05
bandwith_kernel: None
no_interact: False
avg_score: -406.239990234375
median_score: -406.0
std_score: 26.997451782226562
percentiles: 2%=-463.239990234375, 5%=-447.25, 10%=-437.29998779296875, 25%=-424.25, 50%=-406.0, 75%=-388.0, 90%=-370.0, 95%=-359.79998779296875, 98%=-355.9599914550781
ranking_best_algo: Tabu
ranking_best_score: 438.12
ranking_my_rank: 163/504 (67.9%)
ranking_my_percent: 67.85714285714286
