ConfigName: kjsd__advperagentrankweighted__M5__L12__eps0p03__g0p0005__ds0p05__dm0p05
Problem: NK
Kernel: jsd
Advantage: peragentrankweighted
M: 5
lambda: 12
epsilon_svgd: 0.03
gamma: 0.0005
decay_start_ratio: 0.05
decay_min_factor: 0.05
bandwith_kernel: None
no_interact: False
avg_score: 0.7282760739326477
median_score: 0.7293494343757629
std_score: 0.008062288165092468
percentiles: 2%=0.7112902402877808, 5%=0.7141371965408325, 10%=0.71649569272995, 25%=0.7222133874893188, 50%=0.7293494343757629, 75%=0.7341907024383545, 90%=0.7385859489440918, 95%=0.7404365539550781, 98%=0.7416020035743713
ranking_best_algo: PBIL
ranking_best_score: 0.7248786399609374
ranking_my_rank: 1/504 (100.0%)
ranking_my_percent: 100.0
