ConfigName: kjsd__advperagentrankweighted__M4__L24__eps0p01__g0p0005__ds0p05__dm0p05
Problem: NK
Kernel: jsd
Advantage: peragentrankweighted
M: 4
lambda: 24
epsilon_svgd: 0.01
gamma: 0.0005
decay_start_ratio: 0.05
decay_min_factor: 0.05
bandwith_kernel: None
no_interact: False
avg_score: 0.7483745813369751
median_score: 0.7470507621765137
std_score: 0.008603029884397984
percentiles: 2%=0.7324073910713196, 5%=0.7352171540260315, 10%=0.7377880811691284, 25%=0.7427944540977478, 50%=0.7470507621765137, 75%=0.7545605897903442, 90%=0.7593480348587036, 95%=0.7613283395767212, 98%=0.7669771313667297
ranking_best_algo: PBIL
ranking_best_score: 0.733570253046875
ranking_my_rank: 1/504 (100.0%)
ranking_my_percent: 100.0
no_repulsion: True
