ConfigName: kjsd__advperagentrankweighted__M5__L10__eps0p005__g0p0007__ds0p2__dm0p2
Problem: QUBO
Kernel: jsd
Advantage: peragentrankweighted
M: 5
lambda: 10
epsilon_svgd: 0.005
gamma: 0.0007
decay_start_ratio: 0.2
decay_min_factor: 0.2
bandwith_kernel: None
no_interact: False
avg_score: -2504.659912109375
median_score: -2498.5
std_score: 129.2306671142578
percentiles: 2%=-2716.159912109375, 5%=-2698.25, 10%=-2661.0, 25%=-2601.0, 50%=-2498.5, 75%=-2418.75, 90%=-2326.0, 95%=-2299.300048828125, 98%=-2241.760009765625
ranking_best_algo: SVM1MetaModelLogNormal
ranking_best_score: 2605.14
ranking_my_rank: 63/504 (87.7%)
ranking_my_percent: 87.6984126984127
