ConfigName: kjsd__advperagentrankweighted__M3__L16__eps0p005__g0p001__ds0p05__dm0p1
Problem: NK
Kernel: jsd
Advantage: peragentrankweighted
M: 3
lambda: 16
epsilon_svgd: 0.005
gamma: 0.001
decay_start_ratio: 0.05
decay_min_factor: 0.1
bandwith_kernel: None
no_interact: False
avg_score: 0.7115734815597534
median_score: 0.6985580325126648
std_score: 0.031376808881759644
percentiles: 2%=0.6735868453979492, 5%=0.6751484870910645, 10%=0.6788672804832458, 25%=0.6838586330413818, 50%=0.6985580325126648, 75%=0.7463434934616089, 90%=0.7537513971328735, 95%=0.7613165378570557, 98%=0.7613165378570557
ranking_best_algo: CMApara
ranking_best_score: 0.7118996098437498
ranking_my_rank: 2/504 (99.8%)
ranking_my_percent: 99.8015873015873
