ConfigName: kfr__advglobalrankweighted__M1__L7__eps0p02__g0p003__ds0p01__dm0p01
Problem: QUBO
Kernel: fr
Advantage: globalrankweighted
M: 1
lambda: 7
epsilon_svgd: 0.02
gamma: 0.003
decay_start_ratio: 0.01
decay_min_factor: 0.01
bandwith_kernel: None
no_interact: False
avg_score: -367.7200012207031
median_score: -370.0
std_score: 33.10289764404297
percentiles: 2%=-422.29998779296875, 5%=-415.04998779296875, 10%=-410.0, 25%=-392.25, 50%=-370.0, 75%=-343.75, 90%=-323.79998779296875, 95%=-310.0, 98%=-303.8399658203125
ranking_best_algo: Tabu
ranking_best_score: 438.12
ranking_my_rank: 294/504 (41.9%)
ranking_my_percent: 41.86507936507937
