ConfigName: kjsd__advperagentrankweighted__M3__L30__eps0p007__g0p001__ds0p1__dm0p05
Problem: QUBO
Kernel: jsd
Advantage: peragentrankweighted
M: 3
lambda: 30
epsilon_svgd: 0.007
gamma: 0.001
decay_start_ratio: 0.1
decay_min_factor: 0.05
bandwith_kernel: None
no_interact: False
avg_score: -3280.639892578125
median_score: -3277.5
std_score: 126.26080322265625
percentiles: 2%=-3547.10009765625, 5%=-3520.39990234375, 10%=-3445.10009765625, 25%=-3357.75, 50%=-3277.5, 75%=-3190.0, 90%=-3124.89990234375, 95%=-3081.89990234375, 98%=-3055.179931640625
ranking_best_algo: RLSOnePlusOne
ranking_best_score: 3316.5199999999995
ranking_my_rank: 4/504 (99.4%)
ranking_my_percent: 99.4047619047619
