ConfigName: kjsd__advperagentrankweighted__M4__L24__eps0p007__g0p0005__ds0p05__dm0p05
Problem: QUBO
Kernel: jsd
Advantage: peragentrankweighted
M: 4
lambda: 24
epsilon_svgd: 0.007
gamma: 0.0005
decay_start_ratio: 0.05
decay_min_factor: 0.05
bandwith_kernel: None
no_interact: False
avg_score: -415.5400085449219
median_score: -414.0
std_score: 27.780359268188477
percentiles: 2%=-477.0, 5%=-469.1000061035156, 10%=-452.70001220703125, 25%=-429.25, 50%=-414.0, 75%=-395.5, 90%=-380.0, 95%=-370.0, 98%=-368.0
ranking_best_algo: Tabu
ranking_best_score: 438.12
ranking_my_rank: 49/504 (90.5%)
ranking_my_percent: 90.47619047619048
