ConfigName: krbf__advnormalizedfitness__M4__L15__eps0p015__g0p007__ds0p15__dm0p3
Problem: QUBO
Kernel: rbf
Advantage: normalizedfitness
M: 4
lambda: 15
epsilon_svgd: 0.015
gamma: 0.007
decay_start_ratio: 0.15
decay_min_factor: 0.3
bandwith_kernel: None
no_interact: False
avg_score: -650.1799926757812
median_score: -643.0
std_score: 72.47473907470703
percentiles: 2%=-797.7200317382812, 5%=-772.7999877929688, 10%=-745.9000244140625, 25%=-692.5, 50%=-643.0, 75%=-602.5, 90%=-560.9000244140625, 95%=-539.9000244140625, 98%=-519.8399658203125
ranking_best_algo: CMAL3
ranking_best_score: 928.5800000000002
ranking_my_rank: 334/504 (33.9%)
ranking_my_percent: 33.92857142857143
