ConfigName: kjsd__advperagentrankweighted__M3__L18__eps0p005__g0p003__ds0p1__dm0p2
Problem: QUBO
Kernel: jsd
Advantage: peragentrankweighted
M: 3
lambda: 18
epsilon_svgd: 0.005
gamma: 0.003
decay_start_ratio: 0.1
decay_min_factor: 0.2
bandwith_kernel: None
no_interact: False
avg_score: -306.2200012207031
median_score: -303.0
std_score: 39.124820709228516
percentiles: 2%=-392.0799865722656, 5%=-388.0, 10%=-360.0, 25%=-328.0, 50%=-303.0, 75%=-271.75, 90%=-262.70001220703125, 95%=-257.8500061035156, 98%=-245.8800048828125
ranking_best_algo: CMApara
ranking_best_score: 319.29999999999995
ranking_my_rank: 114/504 (77.6%)
ranking_my_percent: 77.57936507936508
