ConfigName: krbf__advnormalizedfitness__M4__L15__eps0p01__g0p001__ds0p05__dm0p05
Problem: QUBO
Kernel: rbf
Advantage: normalizedfitness
M: 4
lambda: 15
epsilon_svgd: 0.01
gamma: 0.001
decay_start_ratio: 0.05
decay_min_factor: 0.05
bandwith_kernel: None
no_interact: False
avg_score: -578.6799926757812
median_score: -577.0
std_score: 28.037431716918945
percentiles: 2%=-637.0399780273438, 5%=-627.2999877929688, 10%=-617.4000244140625, 25%=-595.25, 50%=-577.0, 75%=-560.75, 90%=-542.9000244140625, 95%=-532.75, 98%=-526.9000244140625
ranking_best_algo: Tabu
ranking_best_score: 588.7199999999999
ranking_my_rank: 41/503 (92.0%)
ranking_my_percent: 92.04771371769384
