ConfigName: kjsd__advperagentrankweighted__M3__L24__eps0p007__g0p0005__ds0p2__dm0p1
Problem: QUBO
Kernel: jsd
Advantage: peragentrankweighted
M: 3
lambda: 24
epsilon_svgd: 0.007
gamma: 0.0005
decay_start_ratio: 0.2
decay_min_factor: 0.1
bandwith_kernel: None
no_interact: False
avg_score: -911.780029296875
median_score: -910.0
std_score: 55.244651794433594
percentiles: 2%=-1012.0599975585938, 5%=-1000.4500122070312, 10%=-991.0999755859375, 25%=-949.75, 50%=-910.0, 75%=-869.75, 90%=-834.7000122070312, 95%=-819.0, 98%=-816.9199829101562
ranking_best_algo: CMAL3
ranking_best_score: 928.5800000000002
ranking_my_rank: 20/504 (96.2%)
ranking_my_percent: 96.23015873015873
