ConfigName: kjsd__advperagentrankweighted__M6__L20__eps0p005__g0p0005__ds0p1__dm0p2
Problem: QUBO
Kernel: jsd
Advantage: peragentrankweighted
M: 6
lambda: 20
epsilon_svgd: 0.005
gamma: 0.0005
decay_start_ratio: 0.1
decay_min_factor: 0.2
bandwith_kernel: None
no_interact: False
avg_score: -140.1199951171875
median_score: -141.0
std_score: 11.07003116607666
percentiles: 2%=-158.02000427246094, 5%=-158.0, 10%=-156.0, 25%=-146.25, 50%=-141.0, 75%=-131.0, 90%=-126.80000305175781, 95%=-123.94999694824219, 98%=-117.0
ranking_best_algo: DiscreteDE
ranking_best_score: 143.4
ranking_my_rank: 79/504 (84.5%)
ranking_my_percent: 84.52380952380952
