ConfigName: kjsd__advperagentrankweighted__M3__L20__eps0p005__g0p001__ds0p2__dm0p05
Problem: NK
Kernel: jsd
Advantage: peragentrankweighted
M: 3
lambda: 20
epsilon_svgd: 0.005
gamma: 0.001
decay_start_ratio: 0.2
decay_min_factor: 0.05
bandwith_kernel: None
no_interact: False
avg_score: 0.7575362324714661
median_score: 0.7579214572906494
std_score: 0.012530041858553886
percentiles: 2%=0.7286469340324402, 5%=0.7381993532180786, 10%=0.7411788702011108, 25%=0.7485260367393494, 50%=0.7579214572906494, 75%=0.7662313580513, 90%=0.7740939259529114, 95%=0.7779117226600647, 98%=0.7812265157699585
ranking_best_algo: Tabu
ranking_best_score: 0.7470791764843752
ranking_my_rank: 1/504 (100.0%)
ranking_my_percent: 100.0
