ConfigName: krbf__advnormalizedfitness__M4__L8__eps0p015__g0p005__ds0p01__dm0p01
Problem: QUBO
Kernel: rbf
Advantage: normalizedfitness
M: 4
lambda: 8
epsilon_svgd: 0.015
gamma: 0.005
decay_start_ratio: 0.01
decay_min_factor: 0.01
bandwith_kernel: None
no_interact: False
avg_score: -930.9400024414062
median_score: -936.0
std_score: 67.84406280517578
percentiles: 2%=-1044.56005859375, 5%=-1035.0, 10%=-1016.2999877929688, 25%=-976.0, 50%=-936.0, 75%=-887.5, 90%=-842.5999755859375, 95%=-824.550048828125, 98%=-772.7599487304688
ranking_best_algo: CMApara
ranking_best_score: 964.9
ranking_my_rank: 19/504 (96.4%)
ranking_my_percent: 96.42857142857143
