ConfigName: kjsd__advperagentrankweighted__M5__L8__eps0p01__g0p0003__ds0p2__dm0p05
Problem: QUBO
Kernel: jsd
Advantage: peragentrankweighted
M: 5
lambda: 8
epsilon_svgd: 0.01
gamma: 0.0003
decay_start_ratio: 0.2
decay_min_factor: 0.05
bandwith_kernel: None
no_interact: False
avg_score: -139.77999877929688
median_score: -141.0
std_score: 11.327470779418945
percentiles: 2%=-160.02000427246094, 5%=-158.0, 10%=-156.10000610351562, 25%=-146.0, 50%=-141.0, 75%=-130.75, 90%=-125.0, 95%=-121.0, 98%=-118.91999816894531
ranking_best_algo: DiscreteDE
ranking_best_score: 143.4
ranking_my_rank: 83/504 (83.7%)
ranking_my_percent: 83.73015873015873
