ConfigName: kfr__advglobalrankweighted__M1__L9__eps0p01__g0p005__ds0p01__dm0p01
Problem: QUBO
Kernel: fr
Advantage: globalrankweighted
M: 1
lambda: 9
epsilon_svgd: 0.01
gamma: 0.005
decay_start_ratio: 0.01
decay_min_factor: 0.01
bandwith_kernel: None
no_interact: False
avg_score: -1145.260009765625
median_score: -1142.5
std_score: 66.28478240966797
percentiles: 2%=-1281.4000244140625, 5%=-1246.050048828125, 10%=-1217.300048828125, 25%=-1195.25, 50%=-1142.5, 75%=-1113.0, 90%=-1058.4000244140625, 95%=-1037.0, 98%=-992.8999633789062
ranking_best_algo: Tabu
ranking_best_score: 1216.16
ranking_my_rank: 150/504 (70.4%)
ranking_my_percent: 70.43650793650794
