ConfigName: kjsd__advperagentrankweighted__M3__L16__eps0p01__g0p003__ds0p1__dm0p2
Problem: QUBO
Kernel: jsd
Advantage: peragentrankweighted
M: 3
lambda: 16
epsilon_svgd: 0.01
gamma: 0.003
decay_start_ratio: 0.1
decay_min_factor: 0.2
bandwith_kernel: None
no_interact: False
avg_score: -932.9400024414062
median_score: -928.0
std_score: 74.61431884765625
percentiles: 2%=-1076.0400390625, 5%=-1065.449951171875, 10%=-1044.4000244140625, 25%=-987.0, 50%=-928.0, 75%=-873.0, 90%=-830.7999877929688, 95%=-814.5, 98%=-799.9400024414062
ranking_best_algo: CMApara
ranking_best_score: 964.9
ranking_my_rank: 19/504 (96.4%)
ranking_my_percent: 96.42857142857143
