ConfigName: kjsd__advperagentrankweighted__M4__L24__eps0p005__g0p0007__ds0p2__dm0p05
Problem: QUBO
Kernel: jsd
Advantage: peragentrankweighted
M: 4
lambda: 24
epsilon_svgd: 0.005
gamma: 0.0007
decay_start_ratio: 0.2
decay_min_factor: 0.05
bandwith_kernel: None
no_interact: False
avg_score: -573.52001953125
median_score: -571.0
std_score: 26.716468811035156
percentiles: 2%=-638.0800170898438, 5%=-623.2000122070312, 10%=-607.0, 25%=-589.25, 50%=-571.0, 75%=-555.75, 90%=-541.0, 95%=-535.0, 98%=-523.8400268554688
ranking_best_algo: Tabu
ranking_best_score: 588.7199999999999
ranking_my_rank: 61/503 (88.1%)
ranking_my_percent: 88.07157057654075
