ConfigName: kjsd__advperagentrankweighted__M10__L28__eps0p008__g0p0005__ds0p3__dm0p05
Problem: QUBO
Kernel: jsd
Advantage: peragentrankweighted
M: 10
lambda: 28
epsilon_svgd: 0.008
gamma: 0.0005
decay_start_ratio: 0.3
decay_min_factor: 0.05
bandwith_kernel: None
no_interact: False
avg_score: -1690.97998046875
median_score: -1688.5
std_score: 154.0883026123047
percentiles: 2%=-1994.219970703125, 5%=-1968.3499755859375, 10%=-1906.4000244140625, 25%=-1790.5, 50%=-1688.5, 75%=-1594.25, 90%=-1478.0, 95%=-1448.8499755859375, 98%=-1429.8399658203125
ranking_best_algo: SVM1MetaModelLogNormal
ranking_best_score: 2605.14
ranking_my_rank: 324/504 (35.9%)
ranking_my_percent: 35.91269841269841
