ConfigName: krbf__advnormalizedfitness__M3__L10__eps0p015__g0p005__ds0p01__dm0p3
Problem: QUBO
Kernel: rbf
Advantage: normalizedfitness
M: 3
lambda: 10
epsilon_svgd: 0.015
gamma: 0.005
decay_start_ratio: 0.01
decay_min_factor: 0.3
bandwith_kernel: None
no_interact: False
avg_score: -328.739990234375
median_score: -334.0
std_score: 21.903705596923828
percentiles: 2%=-361.2200012207031, 5%=-357.0, 10%=-354.0, 25%=-343.0, 50%=-334.0, 75%=-316.0, 90%=-294.0, 95%=-289.9000244140625, 98%=-286.73992919921875
ranking_best_algo: CMApara
ranking_best_score: 344.22
ranking_my_rank: 83/504 (83.7%)
ranking_my_percent: 83.73015873015873
