512 1 3
0
2
1
439
2
78
3
32
4
404
5
22
6
464
7
456
8
44
9
91
10
33
11
43
12
48
13
509
14
133
15
221
16
378
17
42
18
394
19
220
20
213
21
437
22
44
23
477
24
305
4
25
26
142
27
371
28
408
29
132
30
388
31
338
32
427
33
60
34
272
35
343
36
255
37
180
38
123
39
84
40
367
41
342
42
435
43
359
44
131
45
444
42
46
20
47
48
147
49
377
50
372
51
180
52
398
53
160
54
391
55
441
56
227
3
57
58
337
59
475
60
376
61
409
62
350
16
63
64
114
12
65
66
261
67
167
68
174
69
467
70
194
71
256
72
90
73
157
74
253
75
410
76
91
17
77
78
407
79
314
80
409
81
287
82
501
83
448
11
84
85
482
35
86
87
166
88
178
89
242
32
90
91
211
92
417
57
93
94
325
95
222
71
96
29
97
60
98
99
320
100
357
63
101
28
102
103
372
104
415
22
105
106
151
107
459
108
506
109
115
2
110
111
259
36
112
113
419
114
499
51
115
38
116
117
162
118
493
119
417
120
259
121
268
122
258
123
275
58
124
125
370
126
190
127
151
128
311
129
465
130
348
130
131
132
289
133
421
134
408
135
433
136
455
137
453
138
148
52
139
140
500
141
486
71
142
99
143
85
144
145
434
146
399
147
299
26
148
149
475
150
422
151
495
143
152
153
369
53
154
119
155
76
156
118
157
158
359
159
460
160
510
161
313
110
162
163
465
164
316
165
347
166
397
167
228
168
201
169
417
170
452
171
326
172
274
134
173
174
183
175
252
176
276
177
507
178
449
125
179
180
377
51
181
73
182
174
183
184
463
86
185
186
445
187
356
188
280
189
440
190
346
191
281
115
192
193
305
144
194
195
499
165
196
188
197
176
198
199
496
200
232
174
201
202
302
203
308
204
281
168
205
110
206
121
207
208
428
209
332
210
431
124
211
150
212
41
213
170
214
215
363
216
435
217
242
54
218
219
350
220
493
162
221
39
222
223
423
224
358
117
225
92
226
227
253
228
480
229
483
230
369
231
457
232
332
233
280
234
280
235
279
207
236
237
381
16
238
64
239
240
324
241
482
219
242
243
336
244
475
245
488
246
511
247
414
120
248
249
460
116
250
245
251
252
403
253
373
254
349
255
386
61
256
69
257
45
258
259
386
260
349
261
509
262
275
263
290
264
326
154
265
266
402
232
267
268
353
177
269
93
270
271
335
272
309
273
331
137
274
14
275
191
276
277
424
85
278
279
301
16
280
200
281
61
282
157
283
118
284
285
386
286
403
252
287
288
435
289
481
42
290
84
291
162
292
293
395
207
294
144
295
287
296
134
297
298
306
299
413
191
300
301
305
178
302
303
312
140
304
235
305
287
306
307
404
218
308
309
358
303
310
153
311
312
418
265
313
7
314
61
315
132
316
317
400
318
344
319
337
320
351
42
321
6
322
211
323
324
355
276
325
53
326
327
427
328
362
253
329
311
330
331
338
296
332
137
333
334
344
103
335
45
336
11
337
252
338
339
417
340
373
212
341
342
487
24
343
319
344
267
345
148
346
135
347
23
348
64
349
228
350
226
351
145
352
353
477
354
418
297
355
356
485
93
357
358
447
342
359
360
371
228
361
91
362
270
363
364
508
326
365
103
366
288
367
368
444
364
369
370
498
371
474
120
372
366
373
374
488
375
455
269
376
4
377
46
378
54
379
337
380
117
381
116
382
135
383
2
384
259
385
161
386
378
387
29
388
102
389
175
390
369
391
326
392
149
393
68
394
389
395
98
396
101
397
293
398
399
452
352
400
190
401
402
488
355
403
231
404
290
405
243
406
192
407
408
455
318
409
52
410
327
411
412
477
395
413
103
414
300
415
382
416
58
417
307
418
419
429
402
420
115
421
244
422
342
423
252
424
169
425
356
426
427
442
161
428
92
429
304
430
431
435
353
432
433
496
292
434
245
435
426
436
437
491
154
438
203
439
85
440
104
441
127
442
109
443
409
444
365
445
117
446
36
447
441
448
362
449
136
450
402
451
363
452
377
453
352
454
77
455
78
456
354
457
33
458
25
459
451
460
285
461
427
462
388
463
103
464
200
465
214
466
319
467
403
468
159
469
107
470
326
471
24
472
361
473
133
474
264
475
47
476
114
477
337
478
472
479
445
480
247
481
190
482
115
483
163
484
309
485
32
486
50
487
206
488
215
489
410
490
9
491
456
492
61
493
467
494
220
495
479
496
99
497
216
498
7
499
475
500
62
501
193
502
348
503
103
504
166
505
494
506
411
507
404
508
0
509
293
510
186
511
0.6168350577354431
0.9706848859786987
0.2102886289358139
0.7420872449874878
0.934044599533081
0.3562643826007843
0.7131417393684387
0.37342777848243713
0.7666533589363098
0.9874812960624695
0.504820704460144
0.14981862902641296
0.5180613398551941
0.39004477858543396
0.7488194704055786
0.1569773256778717
0.36135250329971313
0.14190195500850677
0.8722344636917114
0.45785969495773315
0.596343994140625
0.27319756150245667
0.5773954391479492
0.6904133558273315
0.4389078915119171
0.13098901510238647
0.6210374236106873
0.49269041419029236
0.72437584400177
0.3590145707130432
0.3339206576347351
0.6064972877502441
0.8108500838279724
0.7942889928817749
0.7037681937217712
0.9503617286682129
0.5260985493659973
0.028947895392775536
0.6226404309272766
0.7020240426063538
0.18526388704776764
0.01539045013487339
0.09532314538955688
0.2187703549861908
0.016099127009510994
0.30311882495880127
0.33549946546554565
0.5749133229255676
0.3220040500164032
0.3995944857597351
0.08345723152160645
0.8977630138397217
0.17905578017234802
0.35093456506729126
0.7151669263839722
0.58497554063797
0.4034373462200165
0.3983120322227478
0.23602186143398285
0.5482661128044128
0.5063196420669556
0.9661798477172852
0.32799050211906433
0.694044828414917
0.7712169289588928
0.19497454166412354
0.9386172294616699
0.1476331204175949
0.043731119483709335
0.4638318717479706
0.7379547953605652
0.611115574836731
0.22911401093006134
0.2959759831428528
0.865013062953949
0.5357515811920166
0.6040014624595642
0.034897129982709885
0.9279569983482361
0.9742172360420227
0.8732466697692871
0.37642166018486023
0.486895352602005
0.7831835150718689
0.7393196225166321
0.4760075807571411
0.724700927734375
0.9665502905845642
0.6692478060722351
0.14864271879196167
0.20280231535434723
0.9686056971549988
0.6417592167854309
0.7555160522460938
0.1732504814863205
0.720368504524231
0.03622511401772499
0.3523194491863251
0.6619405746459961
0.2309354543685913
0.25452709197998047
0.8284135460853577
0.3497296869754791
0.8650047779083252
0.09680896252393723
0.9412965774536133
0.7299829721450806
0.4330982565879822
0.18063603341579437
0.10337091982364655
0.5772801637649536
0.13862599432468414
0.10530638694763184
0.7701271772384644
0.08537068963050842
0.08755942434072495
0.632996678352356
0.6547899842262268
0.33021286129951477
0.09396632015705109
0.675234854221344
0.5821779370307922
0.29000207781791687
0.3804163634777069
0.25686267018318176
0.7318963408470154
0.3522164821624756
0.14007045328617096
0.8995683193206787
0.5112170577049255
0.05544627457857132
0.7774181365966797
0.8565623164176941
0.9604008793830872
0.7800182104110718
0.09068842232227325
0.33396115899086
0.20899581909179688
0.36742427945137024
0.47816407680511475
0.7204102277755737
0.9847699999809265
0.8706820011138916
0.5351765155792236
0.8848147392272949
0.5515109896659851
0.4564470648765564
0.12520121037960052
0.9702251553535461
0.017315475270152092
0.2180953025817871
0.9795693755149841
0.2946571111679077
0.08221153169870377
0.6490037441253662
0.4770616292953491
0.2257828712463379
0.07920832931995392
0.3506684899330139
0.4528641700744629
0.6337935328483582
0.5365248918533325
0.407593697309494
0.3099330961704254
0.3773728311061859
0.9328263401985168
0.061663918197155
0.9470551013946533
0.8277542591094971
0.8589954972267151
0.49764934182167053
0.21718913316726685
0.12227661162614822
0.8200197815895081
0.7841112613677979
0.24467507004737854
0.7063834071159363
0.6572346091270447
0.5077411532402039
0.11493910849094391
0.8092486262321472
0.6234327554702759
0.30651551485061646
0.7854382991790771
0.48297205567359924
0.17271074652671814
0.5220277309417725
0.3124261498451233
0.3816862404346466
0.9332416653633118
0.6767084002494812
0.28784409165382385
0.042423002421855927
0.7657883763313293
0.5324307680130005
0.24861878156661987
0.7224773168563843
0.3680473268032074
0.7173762917518616
0.8499960899353027
0.20832891762256622
0.2695876657962799
0.007557964883744717
0.4075314700603485
0.7777469158172607
0.8952820301055908
0.3605647385120392
0.42321473360061646
0.7173652648925781
0.6858370900154114
0.21743164956569672
0.8001953363418579
0.5058884620666504
0.25626590847969055
0.09896544367074966
0.02182898484170437
0.27211669087409973
0.4794529974460602
0.3895288407802582
0.4239729046821594
0.7791846394538879
0.17910204827785492
0.25840431451797485
0.4972919523715973
0.6752611994743347
0.8699866533279419
0.654708981513977
0.8178957104682922
0.20750059187412262
0.005786472465842962
0.0032980535179376602
0.0736335963010788
0.9073220491409302
0.6229690909385681
0.7457693219184875
0.7286369800567627
0.3927278220653534
0.2853812575340271
0.09250327199697495
0.3477635085582733
0.5192118883132935
0.2936656177043915
0.1617177277803421
0.9356862902641296
0.8813002109527588
0.9482077360153198
0.7941397428512573
0.4373992681503296
0.84250408411026
0.0777774453163147
0.9719993472099304
0.8418047428131104
0.631723165512085
0.021893680095672607
0.9522122740745544
0.8593892455101013
0.9669235944747925
0.1457860916852951
0.1495344489812851
0.4202374517917633
0.05978304147720337
0.179045632481575
0.190041646361351
0.5510188937187195
0.9528141617774963
0.15931947529315948
0.694244921207428
0.8945894837379456
0.06874532252550125
0.18357637524604797
0.45581361651420593
0.6744144558906555
0.7819201350212097
0.6075524091720581
0.8296322822570801
0.1350361406803131
0.8962234258651733
0.266708642244339
0.28084465861320496
0.5314334034919739
0.6262146234512329
0.3264144957065582
0.2692156136035919
0.009465557523071766
0.9074323773384094
0.3860984444618225
0.7876825332641602
0.7877174615859985
0.8808045387268066
0.5426995754241943
0.17895632982254028
0.9548884034156799
0.5785943269729614
0.35896798968315125
0.5598890781402588
0.09812793135643005
0.06020087003707886
0.5892508029937744
0.3949678838253021
0.9902443885803223
0.7067592740058899
0.3228533864021301
0.18019135296344757
0.9848249554634094
0.8017107248306274
0.8541545271873474
0.10054081678390503
0.5596398115158081
0.9352549314498901
0.7615814208984375
0.9540292620658875
0.07752947509288788
0.5667506456375122
0.4501698315143585
0.6151615381240845
0.3801369071006775
0.6599183678627014
0.6983218193054199
0.39694809913635254
0.6993669271469116
0.44307759404182434
0.8569279909133911
0.49963220953941345
0.37734532356262207
0.18139779567718506
0.2585684657096863
0.14809688925743103
0.23238615691661835
0.01882084459066391
0.8105210661888123
0.15007783472537994
0.0529392771422863
0.44635313749313354
0.46434494853019714
0.92376309633255
0.8785739541053772
0.622753381729126
0.23277470469474792
0.17856381833553314
0.03120747022330761
0.03967885300517082
0.04487024247646332
0.10580457001924515
0.916447639465332
0.3518052399158478
0.6356803178787231
0.32026568055152893
0.8325163722038269
0.3223174214363098
0.03786103054881096
0.6315435767173767
0.5713930130004883
0.9448002576828003
0.557992160320282
0.609107255935669
0.5630692839622498
0.6129935383796692
0.03812059387564659
0.8579978942871094
0.3176080584526062
0.4509761929512024
0.010847995057702065
0.7676615715026855
0.634029746055603
0.1808735877275467
0.3294088840484619
0.3198843002319336
0.21367669105529785
0.650577187538147
0.6496173739433289
0.23740330338478088
0.6108336448669434
0.5440786480903625
0.6409708261489868
0.06246669217944145
0.9573233127593994
0.6649308800697327
0.08027433604001999
0.17468729615211487
0.6259812712669373
0.36606884002685547
0.028081677854061127
0.8828462362289429
0.40214279294013977
0.8168575167655945
0.8394951224327087
0.08922508358955383
0.41868501901626587
0.06468281894922256
0.3151451349258423
0.5900418758392334
0.8938461542129517
0.7321470379829407
0.11562521010637283
0.8581298589706421
0.8657262921333313
0.8074271082878113
0.7839000225067139
0.11823330819606781
0.02294209413230419
0.2186582237482071
0.5700526833534241
0.5884431600570679
0.4424985647201538
0.7950706481933594
0.9885534644126892
0.4317368268966675
0.6032401323318481
0.37293171882629395
0.5135936737060547
0.15891756117343903
0.21726055443286896
0.8346584439277649
0.16264216601848602
0.06476138532161713
0.4970010221004486
0.7591557502746582
0.2535157799720764
0.40750718116760254
0.23109064996242523
0.45058485865592957
0.8294084072113037
0.27872326970100403
0.45458972454071045
0.18952098488807678
0.13232694566249847
0.24471275508403778
0.8490018844604492
0.18999464809894562
0.27985304594039917
0.8498385548591614
0.110343337059021
0.046857237815856934
0.3628990650177002
0.7237547636032104
0.619945764541626
0.5849491953849792
0.5512872338294983
0.3792465329170227
0.7266018390655518
0.08667340874671936
0.2499896138906479
0.8492810130119324
0.6168135404586792
0.8949070572853088
0.6477101445198059
0.7287686467170715
0.8968914747238159
0.20842710137367249
0.6310320496559143
0.6190820336341858
0.6766460537910461
0.3254326283931732
0.15738129615783691
0.986812949180603
0.19968101382255554
0.5421165823936462
0.08830617368221283
0.024787360802292824
0.6801533102989197
0.2796883285045624
0.4190956652164459
0.3263215124607086
0.8657667636871338
0.8613573908805847
0.8386873006820679
0.5762515068054199
0.9923391938209534
0.06167420372366905
0.9005392789840698
0.08992792665958405
0.9297754168510437
0.6044603586196899
0.9805633425712585
0.417174369096756
0.3461799621582031
0.052999939769506454
0.6048254370689392
0.010005319491028786
0.6813760995864868
0.1413276046514511
0.9096540808677673
0.16520948708057404
0.2768380343914032
0.0009894579416140914
0.8684690594673157
0.9184759855270386
0.4092341363430023
0.6421332955360413
0.8061928153038025
0.4957820177078247
0.23778550326824188
0.5479812026023865
0.5576963424682617
0.10247094929218292
0.24249495565891266
0.7936506867408752
0.19138363003730774
0.04243578389286995
0.12290368974208832
0.9534386396408081
0.6065384149551392
0.6661311388015747
0.6105087399482727
0.26713865995407104
0.4101234972476959
0.49142029881477356
0.15214914083480835
0.5444866418838501
0.1572715938091278
0.3421304225921631
0.2795422375202179
0.908734142780304
0.4607221484184265
0.8536584377288818
0.5162594318389893
0.8887143731117249
0.12572088837623596
0.14358647167682648
0.3079541027545929
0.44756826758384705
0.004621404688805342
0.040052592754364014
0.37537482380867004
0.4439272880554199
0.1252703070640564
0.31953713297843933
0.4864431917667389
0.18920078873634338
0.5320157408714294
0.5821739435195923
0.09656912833452225
0.10073709487915039
0.5256020426750183
0.7663025259971619
0.6383231282234192
0.35250791907310486
0.9227795600891113
0.07604344934225082
0.7292850017547607
0.34641745686531067
0.4011698067188263
0.3189775347709656
0.10452159494161606
0.8723685145378113
0.02453555539250374
0.2865684926509857
0.9989414811134338
0.006956183817237616
0.2537797689437866
0.005003843456506729
0.14988280832767487
0.7404102683067322
0.7971433997154236
0.03807555511593819
0.7757374048233032
0.6773491501808167
0.08542682975530624
0.5607893466949463
0.6824233531951904
0.31625011563301086
0.06560824066400528
0.6810569763183594
0.20464055240154266
0.5897489190101624
0.28242337703704834
0.3004617691040039
0.4351806342601776
0.028533967211842537
0.12594707310199738
0.6351227760314941
0.10122109204530716
0.515941321849823
0.733612596988678
0.8088951110839844
0.47355347871780396
0.7543693780899048
0.8180714845657349
0.49135148525238037
0.5632300972938538
0.8430388569831848
0.0659201517701149
0.24187129735946655
0.8478325605392456
0.40240052342414856
0.1704925000667572
0.6944780945777893
0.37399470806121826
0.06370541453361511
0.6587241888046265
0.44313398003578186
0.1497993916273117
0.03709307312965393
0.8725095987319946
0.6568863987922668
0.3169274628162384
0.34982284903526306
0.5823184251785278
0.4497266113758087
0.4379803240299225
0.978736937046051
0.7221815586090088
0.3463277220726013
0.1802694946527481
0.6916106939315796
0.7340685725212097
0.8882721066474915
0.24316969513893127
0.16367220878601074
0.7454417943954468
0.5837094783782959
0.44865140318870544
0.4042664170265198
0.05381888151168823
0.5666148066520691
0.043908972293138504
0.30413609743118286
0.1083705797791481
0.28962376713752747
0.7199350595474243
0.8274353742599487
0.14077463746070862
0.6178762316703796
0.16837666928768158
0.9329627156257629
0.3390915095806122
0.9509332776069641
0.48937559127807617
0.3951683044433594
0.8511212468147278
0.3844364583492279
0.4057695269584656
0.9871484637260437
0.22430160641670227
0.027959803119301796
0.14948813617229462
0.009012643247842789
0.9160523414611816
0.3859415650367737
0.8897638916969299
0.9215239882469177
0.5802233815193176
0.8276610374450684
0.9494893550872803
0.40210458636283875
0.9046485424041748
0.49569058418273926
0.7756068706512451
0.42817702889442444
0.3482600450515747
0.7110989093780518
0.9999722242355347
0.9077540040016174
0.18244116008281708
0.9398443698883057
0.6349546313285828
0.3526192605495453
0.40163692831993103
0.7541048526763916
0.09775108844041824
0.6364511251449585
0.37588053941726685
0.5425868034362793
0.7243407368659973
0.7945273518562317
0.5041254758834839
0.3534408509731293
0.6275597810745239
0.3069278597831726
0.3699833154678345
0.6549841165542603
0.36740365624427795
0.5956908464431763
0.876645565032959
0.5977060198783875
0.3932671844959259
0.34714367985725403
0.05890723317861557
0.25912976264953613
0.36546847224235535
0.1860910952091217
0.42050662636756897
0.05177455395460129
0.5534866452217102
0.9881131649017334
0.4900226294994354
0.617279589176178
0.5727413296699524
0.9924685955047607
0.912005603313446
0.42533552646636963
0.5500527620315552
0.19140025973320007
0.48654744029045105
0.273129403591156
0.4117775857448578
0.22972658276557922
0.27142804861068726
0.37033748626708984
0.04423448443412781
0.0955999493598938
0.35464733839035034
0.4039711356163025
0.11214817315340042
0.39895930886268616
0.1987747848033905
0.06903830915689468
0.6179155707359314
0.7713372707366943
0.5537323355674744
0.7416700124740601
0.10065171867609024
0.1652231216430664
0.6425644755363464
0.49528518319129944
0.8771628141403198
0.965566098690033
0.4129471480846405
0.47071903944015503
0.8648821711540222
0.28986164927482605
0.017986487597227097
0.635657787322998
0.6762277483940125
0.037413448095321655
0.09791408479213715
0.5381454229354858
0.3668648600578308
0.6519478559494019
0.09715501219034195
0.8314974904060364
0.905889630317688
0.8600881099700928
0.60128253698349
0.10509117692708969
0.9718447923660278
0.2770945727825165
0.9161677956581116
0.12961633503437042
0.8586309552192688
0.3904257118701935
0.10995175689458847
0.4945885241031647
0.8545055985450745
0.8710911870002747
0.6410237550735474
0.169462189078331
0.3477945029735565
0.6857162714004517
0.9576697945594788
0.06747963279485703
0.7455871105194092
0.013602889142930508
0.608245849609375
0.8718359470367432
0.8330421447753906
0.8184575438499451
0.9331010580062866
0.11071012169122696
0.18034303188323975
0.4418102502822876
0.8692456483840942
0.580971360206604
0.6504213809967041
0.9102025628089905
0.37472108006477356
0.5502290725708008
0.5063537359237671
0.06352847069501877
0.8396342992782593
0.7704634666442871
0.575351357460022
0.4228634536266327
0.20353874564170837
0.16968469321727753
0.7060848474502563
0.7570772171020508
0.36373230814933777
0.29430094361305237
0.8963648080825806
0.8958437442779541
0.36032626032829285
0.9641429781913757
0.28479304909706116
0.5400795340538025
0.6619834899902344
0.6441478133201599
0.6808676719665527
0.7227545380592346
0.05485063046216965
0.654904842376709
0.5528016090393066
0.6191650032997131
0.2897023558616638
0.043627336621284485
0.463403582572937
0.9976187348365784
0.009937528520822525
0.34900742769241333
0.9410279989242554
0.2258085161447525
0.21779286861419678
0.15875108540058136
0.0565926656126976
0.1526484340429306
0.3343539535999298
0.9388750195503235
0.6792882680892944
0.8405120372772217
0.08766970038414001
0.842161238193512
0.08242658525705338
0.06450480967760086
0.009077277034521103
0.014205709099769592
0.6700848937034607
0.522146463394165
0.6168208718299866
0.47985875606536865
0.6106334328651428
0.5136399865150452
0.37134939432144165
0.42936980724334717
0.43516236543655396
0.17113220691680908
0.951799750328064
0.4367583990097046
0.8868185877799988
0.7723211646080017
0.5190934538841248
0.010603680275380611
0.046463098376989365
0.7978525161743164
0.5482877492904663
0.8991751670837402
0.3516237735748291
0.7773076295852661
0.1102362722158432
0.49708691239356995
0.35160279273986816
0.6356322169303894
0.33608630299568176
0.7939837574958801
0.1758912205696106
0.20065782964229584
0.8725820183753967
0.9539167881011963
0.584384560585022
0.9398992657661438
0.34898144006729126
0.3030496835708618
0.4743381440639496
0.7604258060455322
0.6908848881721497
0.5340026021003723
0.26245245337486267
0.3916812837123871
0.48440155386924744
0.3003289997577667
0.1655358076095581
0.7072800397872925
0.7856600284576416
0.7129368185997009
0.09485732764005661
0.7589284777641296
0.8588598966598511
0.33860859274864197
0.7066929936408997
0.23311445116996765
0.5411741733551025
0.30367183685302734
0.4735153317451477
0.0825011357665062
0.824564516544342
0.19363170862197876
0.34444084763526917
0.15235072374343872
0.036693964153528214
0.37738925218582153
0.5434422492980957
0.8248823285102844
0.30468201637268066
0.6105912923812866
0.7532135248184204
0.3699244558811188
0.9845501780509949
0.1863287389278412
0.6621541380882263
0.25352412462234497
0.45708271861076355
0.8084962368011475
0.7741953134536743
0.7137662172317505
0.40770089626312256
0.9085825085639954
0.18835745751857758
0.7536853551864624
0.426165908575058
0.21384164690971375
0.6151155233383179
0.3920173943042755
0.5683569312095642
0.5699971914291382
0.4494096636772156
0.45105239748954773
0.39239561557769775
0.7266063094139099
0.2958275377750397
0.8988781571388245
0.18948538601398468
0.9474206566810608
0.7994393110275269
0.13578557968139648
0.05625997856259346
0.9241914749145508
0.48861226439476013
0.4966907799243927
0.6444034576416016
0.6497183442115784
0.7817471623420715
0.691264808177948
0.46480169892311096
0.07064568996429443
0.38723400235176086
0.5632507801055908
0.7400610446929932
0.4852582514286041
0.1319778859615326
0.36706724762916565
0.11022432893514633
0.29550984501838684
0.6274489164352417
0.2284601777791977
0.1219579428434372
0.019593659788370132
0.22692884504795074
0.932982861995697
0.10972488671541214
0.31949955224990845
0.36414891481399536
0.7344054579734802
0.17777729034423828
0.08593457192182541
0.0923425629734993
0.2622678875923157
0.4701799154281616
0.15914566814899445
0.6762205958366394
0.6720602512359619
0.2927541732788086
0.6290596723556519
0.24362729489803314
0.2011384814977646
0.4688725173473358
0.02164347469806671
0.3869881331920624
0.9286808371543884
0.2480897605419159
0.35461047291755676
0.9706650972366333
0.08851338922977448
0.3069392740726471
0.8164254426956177
0.07845236361026764
0.4870736598968506
0.17749547958374023
0.30961889028549194
0.8327969312667847
0.8238095045089722
0.14190533757209778
0.013290872797369957
0.36469557881355286
0.4161131978034973
0.6353707313537598
0.9003490209579468
0.28712812066078186
0.3663056492805481
0.40864452719688416
0.5471936464309692
0.9653937220573425
0.08312904834747314
0.08704971522092819
0.9792816638946533
0.6481917500495911
0.9538148641586304
0.4004763066768646
0.6188072562217712
0.9858936071395874
0.6089579463005066
0.9388925433158875
0.855279803276062
0.058655157685279846
0.6117398142814636
0.31118345260620117
0.3457123935222626
0.15974830090999603
0.9970661401748657
0.5850664377212524
0.8502664566040039
0.9226422905921936
0.5317128300666809
0.6129413843154907
0.7305915355682373
0.5093229413032532
0.58651202917099
0.42589515447616577
0.03292817994952202
0.9205626845359802
0.5431521534919739
0.1450367122888565
0.1919068694114685
0.8547754883766174
0.506293773651123
0.8407130241394043
0.7947131991386414
0.2067469209432602
0.0030931069049984217
0.377548485994339
0.4546680748462677
0.7239202857017517
0.4812849760055542
0.24356083571910858
0.4729616940021515
0.6955549120903015
0.483401358127594
0.34123900532722473
0.07471038401126862
0.8962523937225342
0.149827241897583
0.7761555314064026
0.05556521192193031
0.5518777370452881
0.4453178644180298
0.8571653962135315
0.378497838973999
0.7337021827697754
0.632581889629364
0.6029177308082581
0.8424626588821411
0.6346830129623413
0.7566810250282288
0.7784712910652161
0.30659496784210205
0.1173984631896019
0.05634913966059685
0.16517065465450287
0.3620099127292633
0.8285772800445557
0.4940197467803955
0.10069777816534042
0.4282146394252777
0.8696173429489136
0.9959200620651245
0.15740808844566345
0.7735967040061951
0.8352295160293579
0.28603628277778625
0.862841010093689
0.331335186958313
0.06818129122257233
0.009980520233511925
0.9406591057777405
0.9597068428993225
0.42114365100860596
0.28748753666877747
0.48390844464302063
0.965973436832428
0.6628648042678833
0.7815480828285217
0.4203716814517975
0.24084706604480743
0.07305563986301422
0.65614914894104
0.6204071044921875
0.22965870797634125
0.07508999854326248
0.09203143417835236
0.18331211805343628
0.08704690635204315
0.12087827175855637
0.31982752680778503
0.5551794171333313
0.8246820569038391
0.8810526728630066
0.6127579808235168
0.5646758079528809
0.8577039241790771
0.2923406958580017
0.3815286457538605
0.23170161247253418
0.5723589062690735
0.3229408264160156
0.509872317314148
0.24830679595470428
0.17960093915462494
0.8235738277435303
0.5552491545677185
0.11567533016204834
0.25523877143859863
0.8962340950965881
0.7785372734069824
0.05589013919234276
0.09603673219680786
0.9138029217720032
0.04926271736621857
0.3729957342147827
0.67041015625
0.6587255597114563
0.4787021577358246
0.4320572316646576
0.13398601114749908
0.5136696696281433
0.9085965752601624
0.8378586769104004
0.21167133748531342
0.6234598755836487
0.6417962312698364
0.5335667133331299
0.1346643567085266
0.3453861176967621
0.29261842370033264
0.6214545369148254
0.13240689039230347
0.06631787866353989
0.8986935615539551
0.6250884532928467
0.7304984927177429
0.8540363907814026
0.6783905625343323
0.2133033275604248
0.9322556853294373
0.44675248861312866
0.3157344162464142
0.443477988243103
0.2711445093154907
0.45856186747550964
0.47274133563041687
0.8680756092071533
0.22674450278282166
0.3924961984157562
0.3790268898010254
0.020099502056837082
0.9249984622001648
0.17011405527591705
0.43262991309165955
0.7183635234832764
0.5986214876174927
0.7707555890083313
0.8565009832382202
0.21229536831378937
0.9018113613128662
0.9041293263435364
0.0010293152881786227
0.8418163657188416
0.5701891183853149
0.09100470691919327
0.8500600457191467
0.6670218110084534
0.189779132604599
0.5975714921951294
0.7299486994743347
0.27376022934913635
0.8927996754646301
0.5253388285636902
0.5443172454833984
0.7578734159469604
0.20635457336902618
0.9286815524101257
0.7682069540023804
0.34914860129356384
0.09080404043197632
0.6838491559028625
0.8783826231956482
0.12676191329956055
0.42914649844169617
0.19259777665138245
0.20667555928230286
0.14374494552612305
0.6136300563812256
0.430215984582901
0.1242537796497345
0.01763288490474224
0.7630425691604614
0.819735050201416
0.9029960036277771
0.7966524958610535
0.3543025851249695
0.2276841402053833
0.9152107238769531
0.5436229109764099
0.6185814142227173
0.5621048808097839
0.2914731502532959
0.1064852774143219
0.1382281631231308
0.38374048471450806
0.874428927898407
0.19945302605628967
0.4775923788547516
0.3867693543434143
0.7610734701156616
0.7986869812011719
0.9910544753074646
0.767884373664856
0.20083880424499512
0.21092478930950165
0.8448284268379211
0.06096462905406952
0.24302391707897186
0.047778379172086716
0.3499254286289215
0.19914941489696503
0.8103694915771484
0.4318075180053711
0.05339822545647621
0.48893943428993225
0.36227473616600037
0.7480889558792114
0.5176860094070435
0.3924928307533264
0.038566574454307556
0.3808133900165558
0.8159292340278625
0.8514364957809448
0.4384828805923462
0.903387188911438
0.7530488967895508
0.5135917067527771
0.18710093200206757
0.2554757595062256
0.4558265507221222
0.7801933884620667
0.28256189823150635
0.4621630907058716
0.7477902173995972
0.24586549401283264
0.4751565456390381
0.6532889604568481
0.16313672065734863
0.6190914511680603
0.1204606220126152
0.09399667382240295
0.13287784159183502
0.4862534999847412
0.39128100872039795
0.33400681614875793
0.5519960522651672
0.3671363294124603
0.28058964014053345
0.7460273504257202
0.6980385780334473
0.8668418526649475
0.8097859025001526
0.7318229675292969
0.5415592193603516
0.6875563859939575
0.4037421643733978
0.7894590497016907
0.7292404174804688
0.8979544043540955
0.7870882749557495
0.11959169059991837
0.31998059153556824
0.3230554759502411
0.7990706562995911
0.9180765748023987
0.04619065672159195
0.5584737658500671
0.5154085159301758
0.949711263179779
0.9868053197860718
0.5590795874595642
0.4295714199542999
0.642910361289978
0.017845479771494865
0.036253008991479874
0.547070324420929
0.3532279133796692
0.8073756098747253
0.6769907474517822
0.5436456203460693
0.42728227376937866
0.7440332174301147
0.5376896858215332
0.4657699167728424
0.9913647770881653
0.2542489171028137
0.6906859874725342
0.52850341796875
0.034902673214673996
0.04455745965242386
0.24991640448570251
0.8427056074142456
0.14154726266860962
0.17043402791023254
0.7792285084724426
0.9901285171508789
0.5784617066383362
0.9265338182449341
0.5238465666770935
0.21018502116203308
0.1706591546535492
0.8981557488441467
0.21685460209846497
0.850914478302002
0.7332423329353333
0.9090335369110107
0.7094765305519104
0.8528506755828857
0.36916637420654297
0.15405015647411346
0.5356054306030273
0.5791000127792358
0.8501626253128052
0.12173685431480408
0.9363719820976257
0.9889760613441467
0.7197186350822449
0.20086826384067535
0.3332461714744568
0.1342916190624237
0.02950679324567318
0.973189651966095
0.4843786954879761
0.44158443808555603
0.12822553515434265
0.3558761775493622
0.34625619649887085
0.29100093245506287
0.869268000125885
0.7393372058868408
0.2734491229057312
0.1672731637954712
0.09880347549915314
0.5105410814285278
0.9294620156288147
0.23702457547187805
0.8688669800758362
0.36593714356422424
0.8851644396781921
0.2342274785041809
0.4154185354709625
0.1636504977941513
0.8160359859466553
0.32661351561546326
0.9744284152984619
0.7941386699676514
0.42354363203048706
0.89918452501297
0.07515540719032288
0.6078660488128662
0.8693692088127136
0.9972072243690491
0.7857136130332947
0.23942308127880096
0.4170060157775879
0.8487746119499207
0.9801807999610901
0.1763213723897934
0.7382115721702576
0.34209153056144714
0.23721660673618317
0.9927926659584045
0.012735972180962563
0.6555222868919373
0.44562840461730957
0.2873293161392212
0.28855499625205994
0.6920726895332336
0.6092206835746765
0.30038386583328247
0.8478177189826965
0.8333256840705872
0.02961527742445469
0.47500506043434143
0.8107404708862305
0.8205679059028625
0.43220460414886475
0.6532399654388428
0.3358157277107239
0.06451046466827393
0.053871966898441315
0.46197137236595154
0.20632730424404144
0.3391256034374237
0.5499846935272217
0.49559301137924194
0.9509815573692322
0.6167669892311096
0.6881563067436218
0.7837800979614258
0.5337180495262146
0.11454476416110992
0.938163697719574
0.17044121026992798
0.057395387440919876
0.059520088136196136
0.44554904103279114
0.8237777352333069
0.685249924659729
0.7143063545227051
0.515594482421875
0.9627053141593933
0.6101714372634888
0.643074631690979
0.6748608946800232
0.5450825691223145
0.207728311419487
0.15243510901927948
0.9328688383102417
0.3204405903816223
0.4683685004711151
0.9703051447868347
0.3274940848350525
0.6204323768615723
0.5246261954307556
0.39342305064201355
0.8222157955169678
0.014786005951464176
0.7498865723609924
0.3488602638244629
0.9956809878349304
0.7553687691688538
0.4208950698375702
0.019247589632868767
0.8496465682983398
0.5189937949180603
0.3576011657714844
0.7282766699790955
0.356566846370697
0.7076420187950134
0.7794018387794495
0.6577046513557434
0.9790099859237671
0.5134997367858887
0.22621987760066986
0.9630398750305176
0.2208544909954071
0.8295904994010925
0.013017498888075352
0.30268025398254395
0.6159185171127319
0.015490071848034859
0.9626485705375671
0.2737937867641449
0.8483370542526245
0.14948849380016327
0.33235853910446167
0.4289335310459137
0.3090394139289856
0.35071954131126404
0.6022652983665466
0.8205172419548035
0.11622551083564758
0.007950915023684502
0.9299668073654175
0.8847508430480957
0.6797797083854675
0.869727373123169
0.6231719255447388
0.07269235700368881
0.21483996510505676
0.8865556120872498
0.3238001763820648
0.3741984963417053
0.7689220905303955
0.04370991140604019
0.8080852627754211
0.00919224601238966
0.8802025318145752
0.7706324458122253
0.41593843698501587
0.7696543335914612
0.6959501504898071
0.2531026005744934
0.9246945381164551
0.23033200204372406
0.33153918385505676
0.6530490517616272
0.018161769956350327
0.5357672572135925
0.980566680431366
0.9494367837905884
0.89051353931427
0.40907803177833557
0.6669713854789734
0.33340364694595337
0.15075643360614777
0.7190528512001038
0.8653032779693604
0.7682822942733765
0.946121335029602
0.7879165410995483
0.59116131067276
0.1543896645307541
0.5785523056983948
0.3455813527107239
0.20556385815143585
0.2431461662054062
0.14086896181106567
0.5889452695846558
0.27523040771484375
0.9901887774467468
0.04072991758584976
0.9402105212211609
0.5380317568778992
0.4531174302101135
0.6736977100372314
0.04423331841826439
0.416766494512558
0.21009236574172974
0.19857032597064972
0.11105123162269592
0.2346208393573761
0.885408341884613
0.1647844761610031
0.40991494059562683
0.09026936441659927
0.42323580384254456
0.8020817041397095
0.35034963488578796
0.1389705389738083
0.2718149721622467
0.30286380648612976
0.28460240364074707
0.6986125707626343
0.024841438978910446
0.3282288908958435
0.5856016278266907
0.4410761594772339
0.6709940433502197
0.3425963222980499
0.5999191403388977
0.9017305374145508
0.14951832592487335
0.3947969079017639
0.8853734731674194
0.9736546874046326
0.47241947054862976
0.9329061508178711
0.2726154029369354
0.17167994379997253
0.6773999333381653
0.27843907475471497
0.08465457707643509
0.18422040343284607
0.9220298528671265
0.6326828598976135
0.4200829565525055
0.8179562091827393
0.653326153755188
0.0018966359784826636
0.982060968875885
0.17901885509490967
0.009041624143719673
0.5422743558883667
0.5900902152061462
0.4150196611881256
0.03117287904024124
0.9313927292823792
0.6124700307846069
0.7303450107574463
0.7779624462127686
0.3940557539463043
0.9849331378936768
0.925251841545105
0.3287307918071747
0.976518988609314
0.29833483695983887
0.20276904106140137
0.3838544189929962
0.8969506025314331
0.5064236521720886
0.711225688457489
0.8596521019935608
0.3325985372066498
0.7445070147514343
0.08811867237091064
0.33592653274536133
0.7831887006759644
0.4862751364707947
0.5384007096290588
0.7048909068107605
0.0708567276597023
0.37425699830055237
0.6880601644515991
0.7819808721542358
0.06862577050924301
0.31912097334861755
0.9967821836471558
0.30379518866539
0.9416041970252991
0.1347939819097519
0.5194429755210876
0.2822425067424774
0.9956488609313965
0.7351705431938171
0.38218623399734497
0.24427640438079834
0.43750500679016113
0.1900007277727127
0.2850242853164673
0.6480114459991455
0.45796433091163635
0.9543934464454651
0.43217307329177856
0.4788769483566284
0.07188765704631805
0.25988835096359253
0.18807680904865265
0.8411153554916382
0.6011569499969482
0.8389675617218018
0.268065482378006
0.5560038685798645
0.016668181866407394
0.9213976263999939
0.8140203952789307
0.6956138610839844
0.09336716681718826
0.033668726682662964
0.9624868631362915
0.016254309564828873
0.08144545555114746
0.564786434173584
0.9066420793533325
0.39172840118408203
0.7528154850006104
0.0032934790942817926
0.3525935113430023
0.5495585799217224
0.24570003151893616
0.227944016456604
0.9237627983093262
0.2098217010498047
0.20972836017608643
0.5888168811798096
0.5378323197364807
0.00214333925396204
0.019757499918341637
0.6957830786705017
0.3078097403049469
0.7459939122200012
0.8681641817092896
0.6729368567466736
0.08376732468605042
0.8272948861122131
0.024776730686426163
0.9552046656608582
0.1482408493757248
0.20746798813343048
0.535810649394989
0.7875075340270996
0.0922316461801529
0.3430251479148865
0.282600998878479
0.105556420981884
0.1262696236371994
0.45825448632240295
0.8459967374801636
0.11355752497911453
0.9517865777015686
0.06830060482025146
0.8910722732543945
0.9508739709854126
0.9520537257194519
0.2824144661426544
0.6930611729621887
0.5231389403343201
0.7719821929931641
0.8395789861679077
0.796485424041748
0.4296008050441742
0.44541090726852417
0.8055209517478943
0.5660626292228699
0.05425676703453064
0.40283331274986267
0.44163110852241516
0.023947997018694878
0.7131752967834473
0.9323052763938904
0.8806060552597046
0.5598021149635315
0.239333376288414
0.1687060445547104
0.8478071093559265
0.6570078134536743
0.2152337282896042
0.876397967338562
0.5951188206672668
0.9881983399391174
0.5418570041656494
0.5897236466407776
0.19682568311691284
0.6231484413146973
0.17744797468185425
0.05997225642204285
0.8349305391311646
0.5075344443321228
0.7916819453239441
0.400478333234787
0.13381285965442657
0.3559596538543701
0.557371973991394
0.1614120602607727
0.5731338858604431
0.3714560270309448
0.6799326539039612
0.6501724123954773
0.41773056983947754
0.2766396403312683
0.06693175435066223
0.804445743560791
0.16333092749118805
0.2330273687839508
0.6850038170814514
0.3097058832645416
0.7017787098884583
0.11003261059522629
0.17327915132045746
0.8687253594398499
0.7051911950111389
0.20442593097686768
0.0903136134147644
0.901664674282074
0.8761101961135864
0.8179649114608765
0.682698667049408
0.7356268167495728
0.9259258508682251
0.008907303214073181
0.5917539596557617
0.05143510550260544
0.048870790749788284
0.7426637411117554
0.6402480006217957
0.962881863117218
0.295646995306015
0.28633561730384827
0.885444164276123
0.6273104548454285
0.5666041374206543
0.3161367177963257
0.79628586769104
0.54625403881073
0.4206237494945526
0.9538303017616272
0.8824542164802551
0.2822677493095398
0.25044962763786316
0.6964643597602844
0.0215226411819458
0.6458908915519714
0.42068296670913696
0.3153701424598694
0.4791235327720642
0.4023212790489197
0.09796138107776642
0.8006992936134338
0.3408578336238861
0.9443235993385315
0.24243523180484772
0.9173933267593384
0.8085344433784485
0.4284074902534485
0.8386140465736389
0.7255368828773499
0.2763649821281433
0.2391360104084015
0.5101915597915649
0.11654402315616608
0.2751501202583313
0.8580569624900818
0.7235039472579956
0.3484744131565094
0.04430967569351196
0.18874959647655487
0.8555662631988525
0.6934053301811218
0.28375619649887085
0.04783348739147186
0.5340511202812195
0.44412487745285034
0.5525808930397034
0.8220863938331604
0.1065698191523552
0.4055497348308563
0.6939600110054016
0.6984657049179077
0.05282796174287796
0.9949549436569214
0.28327906131744385
0.23356759548187256
0.5135403871536255
0.9458194971084595
0.4389053285121918
0.06852070987224579
0.0682806521654129
0.3547581732273102
0.08193877339363098
0.5461984872817993
0.6947782039642334
0.5991784334182739
0.5482649207115173
0.13875524699687958
0.04668978229165077
0.15731723606586456
0.524293065071106
0.30053064227104187
0.5014402866363525
0.9960430860519409
0.4276971220970154
0.8563785552978516
0.9237368702888489
0.48605841398239136
0.7713640928268433
0.10933372378349304
0.5619640350341797
0.873516321182251
0.5127934217453003
0.974156379699707
0.4004462957382202
0.08222565054893494
0.8050597906112671
0.10885238647460938
0.8313121199607849
0.6041930913925171
0.4342690110206604
0.752206563949585
0.3869055509567261
0.03187674656510353
0.0648735836148262
0.32374104857444763
0.27583402395248413
0.7789075374603271
0.20621547102928162
0.3938188850879669
0.7427485585212708
0.447527676820755
0.9400050044059753
0.1187584325671196
0.19876250624656677
0.2257179617881775
0.9266476631164551
0.7963076233863831
0.0691528171300888
0.23795951902866364
0.1900787204504013
0.778671383857727
0.5846566557884216
0.6025009155273438
0.8772698640823364
0.38946086168289185
0.950214147567749
0.9643926620483398
0.7809926867485046
0.9305381774902344
0.6739840507507324
0.7576802372932434
0.06946952641010284
0.11514168232679367
0.2860238552093506
0.9193213582038879
0.3276601731777191
0.6688382029533386
0.6945733428001404
0.1584240198135376
0.22263866662979126
0.31356102228164673
0.5848448872566223
0.1850806623697281
0.82552170753479
0.4438660442829132
0.6416805386543274
0.3404962420463562
0.8901937007904053
0.38580629229545593
0.7395963668823242
0.16367807984352112
0.7788928151130676
0.4157623052597046
0.5680550336837769
0.77748703956604
0.2511094808578491
0.34056854248046875
0.14570453763008118
0.6364373564720154
0.4986296594142914
0.669161319732666
0.16940487921237946
0.32697999477386475
0.7215266227722168
0.5731321573257446
0.6720840930938721
0.619949460029602
0.8450638651847839
0.682585597038269
0.7408120632171631
0.8142305016517639
0.5227096676826477
0.32643434405326843
0.8592982888221741
0.6562370657920837
0.5418741106987
0.34253859519958496
0.9509952068328857
0.4670308828353882
0.9871425032615662
0.7226989269256592
0.9360239505767822
0.5567474365234375
0.1203361228108406
0.5595520734786987
0.7709432244300842
0.2698521912097931
0.6191427111625671
0.3341471254825592
0.5213198661804199
0.6056042909622192
0.5948718190193176
0.08860348165035248
0.228776752948761
0.8475574254989624
0.20485085248947144
0.7942892909049988
0.9453498125076294
0.6811760663986206
0.7575263381004333
0.020420677959918976
0.3526211380958557
0.048976097255945206
0.4597911834716797
0.28967636823654175
0.7622644305229187
0.7957878708839417
0.6720505356788635
0.9540494680404663
0.8667370080947876
0.9719699621200562
0.8895137310028076
0.13679508864879608
0.5106322169303894
0.48935797810554504
0.5239598751068115
0.375097393989563
0.04763595759868622
0.8650346994400024
0.7459157109260559
0.3322939872741699
0.37010595202445984
0.04161366447806358
0.46690458059310913
0.2154965102672577
0.7543222904205322
0.769128680229187
0.46350863575935364
0.6360713243484497
0.12341008335351944
0.8534944653511047
0.671875
0.6998793482780457
0.9719638824462891
0.7957838177680969
0.5620999336242676
0.3155902624130249
0.0184861421585083
0.45712724328041077
0.3712296783924103
0.4695654511451721
0.28094756603240967
0.41958022117614746
0.09130900353193283
0.6705039143562317
0.21923747658729553
0.033631592988967896
0.33110228180885315
0.6504946351051331
0.2829132676124573
0.3202674090862274
0.44095513224601746
0.48606422543525696
0.2733256220817566
0.14961187541484833
0.5060045719146729
0.2841476798057556
0.028549427166581154
0.23251651227474213
0.6633622646331787
0.3812887370586395
0.5150007009506226
0.380146324634552
0.19352515041828156
0.15235666930675507
0.8265852332115173
0.6633123755455017
0.35272395610809326
0.44551992416381836
0.39280709624290466
0.03435734286904335
0.9039609432220459
0.942448616027832
0.039518650621175766
0.8620973825454712
0.22885172069072723
0.1564473956823349
0.7797783613204956
0.8374393582344055
0.9699670076370239
0.37457066774368286
0.4286714494228363
0.8393149375915527
0.6263338327407837
0.4737662672996521
0.6881305575370789
0.5362387895584106
0.8498316407203674
0.987093448638916
0.028267277404665947
0.3601699471473694
0.24456162750720978
0.5938367247581482
0.5651939511299133
0.7290589809417725
0.8526349663734436
0.6775547862052917
0.7533683776855469
0.01938736066222191
0.9699125289916992
0.47857239842414856
0.8721541166305542
0.02381037548184395
0.74071204662323
0.855747640132904
0.4378810524940491
0.4418715536594391
0.5884276628494263
0.5567911863327026
0.660308837890625
0.6382486820220947
0.5800209045410156
0.22022055089473724
0.19895757734775543
0.2750490605831146
0.12691287696361542
0.8218737840652466
0.6817963123321533
0.018113108351826668
0.7261982560157776
0.7131258845329285
0.11090567708015442
0.5745464563369751
0.006184110417962074
0.3612249493598938
0.040879249572753906
0.9307473301887512
0.22932127118110657
0.7162901163101196
0.32291439175605774
0.8916038870811462
0.1120680719614029
0.16832831501960754
0.41643258929252625
0.10638505965471268
0.21377231180667877
0.4659954607486725
0.28071802854537964
0.42749255895614624
0.19004036486148834
0.8688992261886597
0.35774001479148865
0.8050873279571533
0.8895410299301147
0.8251700401306152
0.8929827213287354
0.9877265691757202
0.1462610512971878
0.238848477602005
0.02982041798532009
0.7719792127609253
0.1540582776069641
0.17724058032035828
0.9364052414894104
0.5384905934333801
0.3431110382080078
0.5497934222221375
0.19907377660274506
0.3109719157218933
0.16555605828762054
0.4771359860897064
0.652830958366394
0.9780678749084473
0.7211654782295227
0.0713345855474472
0.3439987599849701
0.7062389850616455
0.9523867964744568
0.2789052128791809
0.5749441981315613
0.8878966569900513
0.8418421745300293
0.9924666285514832
0.09074591845273972
0.9656897187232971
0.4268098771572113
0.8026254773139954
0.06913759559392929
0.5101981163024902
0.7785995006561279
0.5483654737472534
0.8092483282089233
0.7428154945373535
0.6824328899383545
0.9574008584022522
0.5423481464385986
0.2119448333978653
0.9491210579872131
0.5126894116401672
0.8991801738739014
0.8411267399787903
0.4719856083393097
0.44676288962364197
0.7881489992141724
0.1035948395729065
0.603021502494812
0.06567079573869705
0.5680444240570068
0.9393554329872131
0.15121260285377502
0.9886515140533447
0.39983999729156494
0.4729650616645813
0.30865731835365295
0.44357019662857056
0.053400833159685135
0.0011699452297762036
0.7726057171821594
0.387397438287735
0.4819676876068115
0.4072924554347992
0.9781659245491028
0.8336803913116455
0.1024700477719307
0.3791060149669647
0.07951650023460388
0.5364932417869568
0.38482120633125305
0.27646592259407043
0.7884054780006409
0.183100625872612
0.11206814646720886
0.9961596727371216
0.6707220077514648
0.045581359416246414
0.8593446612358093
0.6208858489990234
0.453472375869751
0.5600659847259521
0.6919131278991699
0.32238081097602844
0.604993462562561
0.5592254400253296
0.8248904943466187
0.25693798065185547
0.9149858355522156
0.9126678109169006
0.09463521838188171
0.1854771077632904
0.7449331879615784
0.55887770652771
0.8106182217597961
0.6787614226341248
0.6427268385887146
0.40547794103622437
0.6610247492790222
0.04320709407329559
0.08869928121566772
0.8466007709503174
0.8998030424118042
0.5813546776771545
0.3479979336261749
0.3475380837917328
0.1878022700548172
0.16511456668376923
0.7504125833511353
0.14634598791599274
0.23629185557365417
0.07871866971254349
0.40662771463394165
0.9326590895652771
0.5592310428619385
0.7508803606033325
0.28800123929977417
0.4384818971157074
0.9952574968338013
0.3997473120689392
0.6357263326644897
0.6552123427391052
0.970158576965332
0.02131839655339718
0.6945053935050964
0.1047719344496727
0.3026100993156433
0.5181984305381775
0.20856477320194244
0.052866268903017044
0.37340715527534485
0.4877922236919403
0.6606179475784302
0.35915595293045044
0.9269912242889404
0.060507386922836304
0.883119523525238
0.9802286028862
0.09470062702894211
0.29930129647254944
0.29240772128105164
0.4978885352611542
0.16662636399269104
0.07928724586963654
0.5325504541397095
0.19492091238498688
0.1016109436750412
0.6536808609962463
0.43283000588417053
0.7227128148078918
0.400573194026947
0.7441665530204773
0.8204299807548523
0.2794606685638428
0.045420050621032715
0.6818259954452515
0.36352038383483887
0.1280107945203781
0.2653414011001587
0.8228317499160767
0.27384164929389954
0.413931667804718
0.5389547348022461
0.801068127155304
0.6460570693016052
0.022828858345746994
0.26135194301605225
0.4990674555301666
0.9098007678985596
0.6552152633666992
0.05077992379665375
0.6210910081863403
0.9536287784576416
0.010643692687153816
0.11988084763288498
0.8182449340820312
0.8370692133903503
0.6867386698722839
0.22320523858070374
0.5860401391983032
0.26179370284080505
0.6205700039863586
0.68910151720047
0.06237324699759483
0.30323612689971924
0.3011549413204193
0.3355270028114319
0.49311840534210205
0.4431126117706299
0.5473083853721619
0.41179367899894714
0.51066654920578
0.3881448209285736
0.574149489402771
0.583733081817627
0.7443910241127014
0.8762454390525818
0.7599270343780518
0.7747199535369873
0.4619080126285553
0.7297061085700989
0.8804082870483398
0.15892402827739716
0.6105640530586243
0.5698310732841492
0.5947672724723816
0.12498053908348083
0.06989313662052155
0.983085036277771
0.07090423256158829
0.803251326084137
0.8080831170082092
0.6360155940055847
0.13255713880062103
0.8857578039169312
0.8200713992118835
0.806140661239624
0.29347869753837585
0.4441553056240082
0.3568066656589508
0.2457396388053894
0.8177631497383118
0.012737207114696503
0.08080621063709259
0.9781854748725891
0.14847561717033386
0.6075373888015747
0.7939097881317139
0.7643288373947144
0.05221548676490784
0.9885402917861938
0.6008746027946472
0.040329765528440475
0.10248609632253647
0.14614537358283997
0.8557215929031372
0.22180452942848206
0.8834623098373413
0.8821380734443665
0.4930556118488312
0.08406363427639008
0.45979753136634827
0.623511552810669
0.10334069281816483
0.6684294939041138
0.7928137183189392
0.7717341184616089
0.445764422416687
0.7360996603965759
0.18414801359176636
0.6221516132354736
0.49362969398498535
0.5775495767593384
0.493478924036026
0.24395710229873657
0.06722006946802139
0.41799265146255493
0.6246693730354309
0.8478412628173828
0.9394033551216125
0.46394073963165283
0.5934063792228699
0.3772062659263611
0.06744377315044403
0.16117246448993683
0.8049582242965698
0.22257255017757416
0.529602587223053
0.4432295262813568
0.7847291231155396
0.9853861927986145
0.7671812176704407
0.16726703941822052
0.1545783430337906
0.7012478113174438
0.1273178607225418
0.2988516688346863
0.36572107672691345
0.9533795714378357
0.047284357249736786
0.04065234214067459
0.7968895435333252
0.436235636472702
0.7177838683128357
0.8566845059394836
0.6521191000938416
0.0573585107922554
0.1780577301979065
0.22345691919326782
0.6728966236114502
0.7709588408470154
0.1627579778432846
0.6500968933105469
0.8470627069473267
0.326398640871048
0.2743801176548004
0.7830458283424377
0.5879426002502441
0.9167442917823792
0.9509225487709045
0.6996361017227173
0.8878838419914246
0.45953649282455444
0.6176487803459167
0.21329297125339508
0.0760938972234726
0.3706505000591278
0.5829246044158936
0.46259477734565735
0.18701712787151337
0.5516546964645386
0.5264968276023865
0.691189706325531
0.4779570698738098
0.5475192666053772
0.6933811902999878
0.7217100858688354
0.671725869178772
0.2461356371641159
0.8864785432815552
0.7003889083862305
0.7407633662223816
0.15146666765213013
0.6044206619262695
0.6939185857772827
0.9475337266921997
0.6543378233909607
0.7740638256072998
0.3597503900527954
0.4641549587249756
0.42749980092048645
0.5962327122688293
0.41178804636001587
0.032200008630752563
0.7097088098526001
0.9410396218299866
0.6706966161727905
0.40145787596702576
0.5976793169975281
0.6859389543533325
0.23825602233409882
0.5984885096549988
0.8781698346138
0.8922716975212097
0.5656468868255615
0.48774972558021545
0.9780116677284241
0.00859274435788393
0.5259093642234802
0.8800788521766663
0.49949902296066284
0.4143589437007904
0.8409448266029358
0.6210491061210632
0.20442354679107666
0.61464524269104
0.8510884046554565
0.23695801198482513
0.7522974014282227
0.9403895139694214
0.07896584272384644
0.9358916878700256
0.6052058339118958
0.8645256161689758
0.9001323580741882
0.22125574946403503
0.13870830833911896
0.4770916998386383
0.15758217871189117
0.45541611313819885
0.3959016799926758
0.4312359094619751
0.6632476449012756
0.41631951928138733
0.04030558839440346
0.9140211343765259
0.7947256565093994
0.02329818718135357
0.9223980903625488
0.46133551001548767
0.9677166938781738
0.41943204402923584
0.35184574127197266
0.11390787363052368
0.9527872204780579
0.2683008909225464
0.406322181224823
0.2712043821811676
0.8863360285758972
0.8554576635360718
0.4555582106113434
0.2617723047733307
0.367975115776062
0.17038509249687195
0.7745160460472107
0.9426236152648926
0.9222425818443298
0.8527982234954834
0.8905326724052429
0.7269558310508728
0.8274925947189331
0.17329177260398865
0.5864453315734863
0.7871729135513306
0.18750779330730438
0.525070309638977
0.9839918613433838
0.1979750394821167
0.6564353704452515
0.9834816455841064
0.9936015605926514
0.10711869597434998
0.4939037263393402
0.30950167775154114
0.5259663462638855
0.8790634870529175
0.543185830116272
0.2226869761943817
0.9329805970191956
0.5224156975746155
0.9591753482818604
0.8456955552101135
0.5828618407249451
0.15753519535064697
0.5988577008247375
0.5563640594482422
0.6352767944335938
0.1746944934129715
0.6393929719924927
0.1771608591079712
0.06089480221271515
0.1836559921503067
0.42722487449645996
0.16190554201602936
0.037064701318740845
0.6276944875717163
0.5983561277389526
0.6981349587440491
0.9033626914024353
0.23008368909358978
0.028765015304088593
0.07151248306035995
0.4784541428089142
0.39693376421928406
0.6726419925689697
0.1258414387702942
0.8706464171409607
0.028684213757514954
0.11232169717550278
0.7877863645553589
0.7823626399040222
0.38884660601615906
0.32684043049812317
0.09410309791564941
0.6859129667282104
0.42144474387168884
0.3837140202522278
0.7444843053817749
0.02525644190609455
0.09023548662662506
0.14813467860221863
0.015216815285384655
0.4721328020095825
0.2704083025455475
0.289667546749115
0.17816045880317688
0.4547158479690552
0.3066606819629669
0.8236525058746338
0.602142333984375
0.8641360998153687
0.4391952157020569
0.2072407305240631
0.9209933280944824
0.025757377967238426
0.7486379742622375
0.4687221944332123
0.5314907431602478
0.07382186502218246
0.2939938008785248
0.12449134886264801
0.7593242526054382
0.007974698208272457
0.8298739790916443
0.2739313542842865
0.36832109093666077
0.937915027141571
0.516899585723877
0.7085403203964233
0.7167022824287415
0.5902905464172363
0.4943501055240631
0.3152978718280792
0.4049839973449707
0.40700554847717285
0.5834203362464905
0.08805378526449203
0.1670355498790741
0.9884486198425293
0.40260565280914307
0.502730131149292
0.9962131977081299
0.8767366409301758
0.17316201329231262
0.5152172446250916
0.4486871063709259
0.4217127859592438
0.1690816432237625
0.8085203170776367
0.7031029462814331
0.9501678943634033
0.5794089436531067
0.9955299496650696
0.04937049001455307
0.4152127504348755
0.8244760632514954
0.3052944242954254
0.7372267842292786
0.48045188188552856
0.5737097859382629
0.460755318403244
0.6762437224388123
0.7598221302032471
0.5519753098487854
0.9020399451255798
0.16255339980125427
0.29535815119743347
0.7785627245903015
0.3523215055465698
0.22315658628940582
0.009749671444296837
0.012347455136477947
0.34072455763816833
0.005711050238460302
0.10375043004751205
0.7073547840118408
0.644077479839325
0.6931347846984863
0.882205605506897
0.6804850697517395
0.2517797350883484
0.4698920249938965
0.0032181888818740845
0.12728774547576904
0.21073174476623535
0.48307889699935913
0.5386144518852234
0.5457214713096619
0.009433194063603878
0.34056925773620605
0.5956379771232605
0.519618570804596
0.033934757113456726
0.8700278401374817
0.779375433921814
0.8269364237785339
0.46072661876678467
0.005928522441536188
0.9668253064155579
0.9707838296890259
0.6493728160858154
0.14495232701301575
0.39744314551353455
0.9491539001464844
0.20721028745174408
0.5074183344841003
0.3066469430923462
0.7112616896629333
0.07406951487064362
0.474124014377594
0.5052500367164612
0.3769918382167816
0.10952726751565933
0.7497223615646362
0.6915010809898376
0.13581165671348572
0.1956261843442917
0.23409371078014374
0.4274871051311493
0.5897112488746643
0.37508976459503174
0.8616834282875061
0.27114707231521606
0.2814006209373474
0.8105012774467468
0.6926011443138123
0.4747610092163086
0.7024009823799133
0.15301917493343353
0.9997906684875488
0.5510653853416443
0.6615121364593506
0.6988137364387512
0.020075753331184387
0.5789347887039185
0.36144745349884033
0.9068567156791687
0.38615936040878296
0.463945209980011
0.20591546595096588
0.04366185516119003
0.90538489818573
0.5669186115264893
0.8277571201324463
0.8232875466346741
0.29413390159606934
0.08003214001655579
0.3586614727973938
0.4300844371318817
0.2767462134361267
0.6401110291481018
0.4909866452217102
0.7648829221725464
0.49382510781288147
0.7908819913864136
0.846880316734314
0.7875470519065857
0.8433142900466919
0.49534595012664795
0.737979531288147
0.10757269710302353
0.5334628224372864
0.30195069313049316
0.636637270450592
0.6034797430038452
0.8536807298660278
0.47807547450065613
0.0048212758265435696
0.542686402797699
0.7209831476211548
0.9356343746185303
0.7792195677757263
0.10463491082191467
0.9277405738830566
0.9535755515098572
0.6031361818313599
0.784015417098999
0.1661456823348999
0.8583900332450867
0.7362154126167297
0.375521719455719
0.002210622653365135
0.7149488925933838
0.65061354637146
0.5740689635276794
0.401995450258255
0.028231898322701454
0.02254422940313816
0.05738746002316475
0.3045670688152313
0.3127421736717224
0.07750815153121948
0.2812812328338623
0.9110682606697083
0.030052395537495613
0.2169591188430786
0.46557486057281494
0.13406246900558472
0.5217896699905396
0.1903805434703827
0.18031343817710876
0.5851949453353882
0.7638874650001526
0.8298847675323486
0.7052343487739563
0.7296388149261475
0.6134557127952576
0.12227127701044083
0.6728949546813965
0.8212892413139343
0.23979325592517853
0.8779442310333252
0.3271937370300293
0.22950635850429535
0.9809976816177368
0.8571216464042664
0.17617817223072052
0.07638725638389587
0.7778711318969727
0.4030177891254425
0.7510298490524292
0.31469056010246277
0.7115296721458435
0.3469870686531067
0.9160594344139099
0.6824498176574707
0.3362928032875061
0.9049861431121826
0.43868425488471985
0.683845043182373
0.431606650352478
0.04606260359287262
0.5945916771888733
0.9213242530822754
0.25725477933883667
0.21035566926002502
0.815410852432251
0.9959434866905212
0.26038858294487
0.7574250102043152
0.8295928835868835
0.1318846344947815
0.4397432804107666
0.26876285672187805
0.11142278462648392
0.39465460181236267
0.24885034561157227
0.9844202399253845
0.46517887711524963
0.28584691882133484
0.7842462062835693
0.5858346223831177
0.7406425476074219
0.759037435054779
0.2073967605829239
0.6460273861885071
0.5128400921821594
0.9314647316932678
0.08528397977352142
0.6168403029441833
0.175103098154068
0.5119529366493225
0.010609257966279984
0.8903252482414246
0.9352148175239563
0.31816399097442627
0.9367108345031738
0.8278051018714905
0.9147243499755859
0.6464012265205383
0.8515805602073669
0.6178007125854492
0.9932812452316284
0.42424964904785156
0.5922421813011169
0.3321627974510193
0.1144132912158966
0.8791956305503845
0.12850232422351837
0.5444853901863098
0.16810941696166992
0.06946120411157608
0.7651128768920898
0.8599058389663696
0.4539516866207123
0.17440035939216614
0.934188187122345
0.17939423024654388
0.5007524490356445
0.48084843158721924
0.19625338912010193
0.2542250156402588
0.30567559599876404
0.8169116973876953
0.7341215014457703
0.7848405838012695
0.1859375536441803
0.13053444027900696
0.837212085723877
0.18667078018188477
0.27990445494651794
0.6630086302757263
0.7141956686973572
0.22428299486637115
0.48254647850990295
0.5377269983291626
0.17349527776241302
0.8537626266479492
0.3382459580898285
0.1499098837375641
0.3581501245498657
0.6562920212745667
0.08758936822414398
0.0026018961798399687
0.531145453453064
0.041895266622304916
0.49531835317611694
0.7548696994781494
0.7095035314559937
0.27156496047973633
0.8859518766403198
0.2662796974182129
0.3401187062263489
0.25342798233032227
0.3884100317955017
0.1214490681886673
0.8261434435844421
0.9590101838111877
0.26118195056915283
0.2129850834608078
0.07122096419334412
0.8534615635871887
0.6972696185112
0.28951722383499146
0.4962077736854553
0.9518865346908569
0.09071088582277298
0.09712853282690048
0.7753198146820068
0.5474017858505249
0.4251359701156616
0.93789142370224
0.4360333979129791
0.3148617446422577
0.8838388323783875
0.4806945323944092
0.8755730986595154
0.5030761957168579
0.44183549284935
0.07578189671039581
0.8121460676193237
0.14887170493602753
0.5692262053489685
0.001043297233991325
0.8857772946357727
0.26595500111579895
0.8024278879165649
0.3626120984554291
0.13799695670604706
0.9716700315475464
0.5650239586830139
0.6961370706558228
0.6772432923316956
0.6134184002876282
0.526262104511261
0.2786397337913513
0.10684680938720703
0.739001989364624
0.7412712574005127
0.65562903881073
0.5854167938232422
0.8458660244941711
0.09324107319116592
0.36728981137275696
0.6531891226768494
0.3398517370223999
0.30193567276000977
0.7316005825996399
0.2294042557477951
0.4860738217830658
0.3622768819332123
0.36271727085113525
0.533675491809845
0.5252423286437988
0.9581509232521057
0.06650904566049576
0.9672247171401978
0.21179930865764618
0.010920600965619087
0.04413911700248718
0.792102038860321
0.4801052212715149
0.5731322765350342
0.6101217269897461
0.9631539583206177
0.5958613157272339
0.4756413996219635
0.2097998559474945
0.7270060777664185
0.2597096562385559
0.9863475561141968
0.033683571964502335
0.47118252515792847
0.6656009554862976
0.48772451281547546
0.7282859683036804
0.9247727394104004
0.2402755320072174
0.03193327412009239
0.16723930835723877
0.07838007062673569
0.7544321417808533
0.5976690053939819
0.9252535104751587
0.8467850089073181
0.4094347357749939
0.04490163177251816
0.3337635099887848
0.3759112060070038
0.34501558542251587
0.6447229385375977
0.1301436722278595
0.44663602113723755
0.9425108432769775
0.6030625700950623
0.13528503477573395
0.11402936279773712
0.9424299597740173
0.37134501338005066
0.6059427857398987
0.6486340165138245
0.11065593361854553
0.0740213617682457
0.844107985496521
0.45943892002105713
0.07908915728330612
0.15811549127101898
0.46609559655189514
0.8357946276664734
0.7580474019050598
0.4054729640483856
0.3976922333240509
0.013801747933030128
0.3603189289569855
0.5684599280357361
0.455351859331131
0.11417752504348755
0.6615274548530579
0.7156985998153687
0.21250250935554504
0.6223967671394348
0.2625814378261566
0.24787746369838715
0.16429607570171356
0.14081330597400665
0.9757186770439148
0.5995822548866272
0.39007556438446045
0.45073920488357544
0.37280815839767456
0.5591049790382385
0.8245347738265991
0.28541505336761475
0.9737948775291443
0.7440731525421143
0.08384893834590912
0.443029522895813
0.013110943138599396
0.8767140507698059
0.5079562067985535
0.7023987174034119
0.7706762552261353
0.27649131417274475
0.6849144697189331
0.37306177616119385
0.2059454321861267
0.3777754306793213
0.2249789834022522
0.5336379408836365
0.2467668056488037
0.6334680318832397
0.21338868141174316
0.8371413350105286
0.22459329664707184
0.1956246942281723
0.5457904934883118
0.1628560721874237
0.9953228831291199
0.893236517906189
0.01351254153996706
0.6431607604026794
0.7404990196228027
0.250642329454422
0.26869437098503113
0.8599303960800171
0.9521686434745789
0.3512045741081238
0.6439653038978577
0.4174058735370636
0.16413694620132446
0.7280694842338562
0.8512601852416992
0.7805554270744324
0.37755122780799866
0.31994199752807617
0.654107391834259
0.10181782394647598
0.13163092732429504
0.8469796180725098
0.0966053381562233
0.13201017677783966
0.43497607111930847
0.695917010307312
0.8913593292236328
0.3241800367832184
0.421875536441803
0.5276642441749573
0.2596704959869385
0.9808452129364014
0.4577287435531616
0.840149462223053
0.7381619215011597
0.8224548101425171
0.19628295302391052
0.9919576644897461
0.852861225605011
0.949781596660614
0.777367889881134
0.5233757495880127
0.22395741939544678
0.9320032596588135
0.658014178276062
0.8966546654701233
0.24011223018169403
0.789840042591095
0.5527957677841187
0.5117654204368591
0.4302714765071869
0.16003096103668213
0.6509913206100464
0.4358011484146118
0.028908155858516693
0.17910394072532654
0.08545436710119247
0.7469066977500916
0.3994140326976776
0.34128230810165405
0.8586732149124146
0.4440271258354187
0.4143064320087433
0.019971657544374466
0.7214049696922302
0.6723653078079224
0.597212553024292
0.06486902385950089
0.9584750533103943
0.4853246808052063
0.0635630190372467
0.989317774772644
0.6570448875427246
0.7708609700202942
0.25181442499160767
0.23742163181304932
0.04956234246492386
0.8617520928382874
0.7374567985534668
0.20401106774806976
0.6294541954994202
0.13585034012794495
0.4150201082229614
0.924708902835846
0.8496691584587097
0.6825439929962158
0.6453152894973755
0.09055431187152863
0.5444808602333069
0.9333050847053528
0.1571640968322754
0.1164860725402832
0.28792518377304077
0.4179968237876892
0.8249344825744629
0.06981825083494186
0.8191421627998352
0.014162639155983925
0.05413742735981941
0.5105276703834534
0.6905284523963928
0.9511261582374573
0.9396659135818481
0.10557582229375839
0.8996651768684387
0.6552132368087769
0.7035515308380127
0.22628122568130493
0.13383129239082336
0.9877183437347412
0.011429911479353905
0.3243972659111023
0.5653812289237976
0.520946741104126
0.23357124626636505
0.8778210878372192
0.6871882677078247
0.9685399532318115
0.6618235111236572
0.5635491013526917
0.28227221965789795
0.21360881626605988
0.14774714410305023
0.9450232982635498
0.8740323781967163
0.4333696663379669
0.7980459332466125
0.8421005606651306
0.6358187198638916
0.0829370841383934
0.3421564996242523
0.3364430069923401
0.16812771558761597
0.47292014956474304
0.5148712396621704
0.46740150451660156
0.39613187313079834
0.12248130142688751
0.9979941844940186
0.19528532028198242
0.19053910672664642
0.9666772484779358
0.2516924738883972
0.7483509182929993
0.0824497640132904
0.8807791471481323
0.46140074729919434
0.6433570981025696
0.37339484691619873
0.9339103698730469
0.7012988924980164
0.14620323479175568
0.014074194245040417
0.693223237991333
0.944450855255127
0.4580996334552765
0.94100022315979
0.9481051564216614
0.8753423094749451
0.3446868062019348
0.6825535297393799
0.8857249617576599
0.5201256275177002
0.9101079106330872
0.03439195454120636
0.47741347551345825
0.0543782114982605
0.18755976855754852
0.8711071014404297
0.5809922218322754
0.03656715527176857
0.48586806654930115
0.2866172194480896
0.04872407764196396
0.73929363489151
0.02412884309887886
0.11427146196365356
0.4632406234741211
0.8764795660972595
0.3903769552707672
0.206497922539711
0.30512359738349915
0.8364816308021545
0.7820091247558594
0.9601271152496338
0.028615687042474747
0.9476957321166992
0.5587974786758423
0.5366328954696655
0.6717864274978638
0.10325829684734344
0.502099335193634
0.7232478260993958
0.9158613681793213
0.4931584894657135
0.8084204792976379
0.18310695886611938
0.8865097761154175
0.24362991750240326
0.6769252419471741
0.5179700255393982
0.7533363103866577
0.2484227865934372
0.14506445825099945
0.345493346452713
0.8992074131965637
0.0718495175242424
0.7193924188613892
0.39821550250053406
0.6679633259773254
0.9027026295661926
0.1359073370695114
0.13830643892288208
0.9137310981750488
0.9232391715049744
0.5146626830101013
0.5151593089103699
0.9586535692214966
0.46960607171058655
0.05163779854774475
0.7548025250434875
0.09629872441291809
0.9360644817352295
0.9540821313858032
0.04484855756163597
0.4535030126571655
0.26555851101875305
0.03465976193547249
0.6553875803947449
0.7763561606407166
0.4661628007888794
0.8549355268478394
0.8494179248809814
0.7657903432846069
0.21653316915035248
0.6509939432144165
0.8805501461029053
0.5243939757347107
0.8857802748680115
0.5720718502998352
0.6774675846099854
0.7914993762969971
0.09766336530447006
0.5148189067840576
0.8284605145454407
0.8943855166435242
0.8922041058540344
0.8400848507881165
0.9118176698684692
0.7959495186805725
0.297262966632843
0.5123827457427979
0.3934437930583954
0.6707080006599426
0.8618210554122925
0.08177340030670166
0.2933202385902405
0.9141770601272583
0.9479846358299255
0.6957148909568787
0.6458974480628967
0.29758983850479126
0.09035807102918625
0.8306503295898438
0.19305793941020966
0.36636391282081604
0.3174915909767151
0.46075430512428284
0.6241673231124878
0.9635794162750244
0.9181424975395203
0.3772262632846832
0.7918851971626282
0.35374969244003296
0.32792118191719055
0.19856564700603485
0.6924519538879395
0.48041242361068726
0.7639274597167969
0.21705526113510132
0.9632236361503601
0.37335628271102905
0.3337002396583557
0.30569708347320557
0.9235521554946899
0.09760638326406479
0.9563552141189575
0.2716417908668518
0.35032910108566284
0.9947441220283508
0.8705658316612244
0.05661473050713539
0.9953584671020508
0.06904340535402298
0.018012847751379013
0.31252753734588623
0.8134744167327881
0.7824596166610718
0.9723734855651855
0.5535743236541748
0.5530136227607727
0.5739510655403137
0.95270174741745
0.24555139243602753
0.46953073143959045
0.959867000579834
0.38008633255958557
0.464968204498291
0.30342137813568115
0.4623463749885559
0.8878560662269592
0.22920450568199158
0.9466162323951721
0.7405911087989807
0.8772231340408325
0.6149254441261292
0.9900380969047546
0.3993349075317383
0.26319900155067444
0.8943251371383667
0.45681408047676086
0.5856989026069641
0.42193782329559326
0.04662029445171356
0.6477720737457275
0.6836060881614685
0.5809237957000732
0.13563720881938934
0.4009995758533478
0.13950075209140778
0.5623822212219238
0.4890616238117218
0.250905841588974
0.7140082716941833
0.8094725012779236
0.31952932476997375
0.6813237071037292
0.1910775899887085
0.9187753796577454
0.9007157683372498
0.1720910370349884
0.8655426502227783
0.34082719683647156
0.2931407690048218
0.8044586777687073
0.5201140642166138
0.012597883120179176
0.37911221385002136
0.432299941778183
0.852105975151062
0.996272623538971
0.6989486813545227
0.5723629593849182
0.7207109928131104
0.80254727602005
0.026056064292788506
0.49219661951065063
0.66292804479599
0.017468132078647614
0.4850333333015442
0.5489618182182312
0.5250608921051025
0.37766435742378235
0.9363546371459961
0.7643323540687561
0.23948359489440918
0.08276379853487015
0.2606816589832306
0.3166792690753937
0.6076652407646179
0.5919144153594971
0.47466811537742615
0.43959686160087585
0.08140477538108826
0.2247009426355362
0.6444555521011353
0.7507259249687195
0.6745123267173767
0.8728204369544983
0.5288892388343811
0.03109525702893734
0.47757139801979065
0.5294429659843445
0.765204906463623
0.09368130564689636
0.7813199758529663
0.988688588142395
0.4283546805381775
0.46460819244384766
0.660029411315918
0.3175705075263977
0.327653169631958
0.15846727788448334
0.04508977755904198
0.8996298313140869
0.02026156522333622
0.9649724960327148
0.893821656703949
0.5958971977233887
0.3646512031555176
0.10301880538463593
0.5872498154640198
0.19839566946029663
0.1119377538561821
0.4887649416923523
0.7139894962310791
0.5896224975585938
0.16255120933055878
0.3768766224384308
0.9716823697090149
0.08060473948717117
0.8818674683570862
0.3191916346549988
0.6968023180961609
0.984908938407898
0.7135710716247559
0.6148392558097839
0.10725675523281097
0.23153772950172424
0.35258105397224426
0.6328171491622925
0.6759097576141357
0.8214420676231384
0.529962956905365
0.9108273983001709
0.2736069858074188
0.6904319524765015
0.9931309223175049
0.9077152013778687
0.30859944224357605
0.9040755033493042
0.9136929512023926
0.6197339296340942
0.21286632120609283
0.6548224091529846
0.5184208750724792
0.7152470946311951
0.1472983956336975
0.8623630404472351
0.3893536925315857
0.7631582021713257
0.741550862789154
0.3139096200466156
0.3888245224952698
0.7777990698814392
0.3462623655796051
0.9948081970214844
0.6992475390434265
0.6216098070144653
0.7993146777153015
0.8949728012084961
0.21659566462039948
0.8179154992103577
0.18653930723667145
0.4507640600204468
0.45615923404693604
0.6452561020851135
0.3700929880142212
0.5415312647819519
0.4389691948890686
0.22072622179985046
0.28568950295448303
0.7802948951721191
0.526187002658844
0.4254864454269409
0.3824661076068878
0.043550439178943634
0.8725523352622986
0.1297377198934555
0.6447409391403198
0.8881474137306213
0.6514870524406433
0.456442266702652
0.5170753002166748
0.40091076493263245
0.2102939784526825
0.8806460499763489
0.3408010005950928
0.6198516488075256
0.6886662840843201
0.5211988091468811
0.942180871963501
0.07782971113920212
0.02471771091222763
0.36399176716804504
0.8543195128440857
0.061050914227962494
0.5018291473388672
0.3936751186847687
0.6306012868881226
0.46495020389556885
0.13433711230754852
0.40634697675704956
0.5745959281921387
0.7204885482788086
0.998895525932312
0.08734992146492004
0.6316590905189514
0.907526969909668
0.5226750373840332
0.5281762480735779
0.3297981321811676
0.9649324417114258
0.2696664333343506
0.3434116244316101
0.14031115174293518
0.010377510450780392
0.24990969896316528
0.18566301465034485
0.47916796803474426
0.477047860622406
0.6050190329551697
0.8462281227111816
0.7403185367584229
0.6161881685256958
0.4575115442276001
0.11761855334043503
0.4341488480567932
0.818442702293396
0.794707179069519
0.8776459097862244
0.49987414479255676
0.39332765340805054
0.23572011291980743
0.6646803021430969
0.1790987253189087
0.6688977479934692
0.6721973419189453
0.9967542290687561
0.9378108382225037
0.3866924047470093
0.8968968987464905
0.7585081458091736
0.14604651927947998
0.054970454424619675
0.5880498886108398
0.03995664790272713
0.3012301027774811
0.24526511132717133
0.19517576694488525
0.9445421695709229
0.6687447428703308
0.0953260287642479
0.07098603993654251
0.13123205304145813
0.6397823095321655
0.9880245923995972
0.2675606310367584
0.6460852026939392
0.7082799673080444
0.9938485026359558
0.5391127467155457
0.9048353433609009
0.5990608930587769
0.9724165201187134
0.4724441468715668
0.4436574876308441
0.045604437589645386
0.7489245533943176
0.9204045534133911
0.33393606543540955
0.2958240807056427
0.8796602487564087
0.23427999019622803
0.1737990379333496
0.5639877915382385
0.17536106705665588
0.48401129245758057
0.9149864912033081
0.34797409176826477
0.20514796674251556
0.3975854516029358
0.826252818107605
0.9845349788665771
0.003938584588468075
0.655193567276001
0.2695418894290924
0.7397939562797546
0.7149773836135864
0.5030390620231628
0.7099201083183289
0.9859429001808167
0.6054934859275818
0.7869477868080139
0.8706571459770203
0.25113964080810547
0.4173057973384857
0.4932047128677368
0.6939528584480286
0.02304590865969658
0.09300708770751953
0.4997634291648865
0.5184342265129089
0.29686254262924194
0.5563299655914307
0.9495626091957092
0.537865161895752
0.16448281705379486
0.8826906085014343
0.9363184571266174
0.9075160026550293
0.2082739621400833
0.6312410831451416
0.7612739205360413
0.6494473814964294
0.6292740702629089
0.20985722541809082
0.6648026704788208
0.503964364528656
0.3700154721736908
0.5709375143051147
0.38642096519470215
0.9576005935668945
0.29690754413604736
0.17979972064495087
0.6753404140472412
0.42669129371643066
0.7867738604545593
0.5830036401748657
0.3857881724834442
0.4783535897731781
0.7888469099998474
0.294263631105423
0.9094237685203552
0.4902121126651764
0.19624416530132294
0.4333004951477051
0.23388946056365967
0.8547834157943726
0.1982341706752777
0.9982359409332275
0.24722662568092346
0.10340496897697449
0.8637941479682922
0.06552492827177048
0.465859979391098
0.9515714049339294
0.6001299023628235
0.38436922430992126
0.4440380930900574
0.3363841772079468
0.6878215074539185
0.6849184036254883
0.6999475955963135
0.827591061592102
0.5070330500602722
0.38147467374801636
0.07805359363555908
0.5621615648269653
0.24049292504787445
0.040788475424051285
0.7955361604690552
0.9533342123031616
0.8249738216400146
0.1998913735151291
0.706052303314209
0.7498043179512024
0.4370611310005188
0.08207325637340546
0.48529282212257385
0.754730224609375
0.19787448644638062
0.34858304262161255
0.39529702067375183
0.4392602741718292
0.9394060969352722
0.5009792447090149
0.7833024859428406
0.1747792810201645
0.5151697397232056
0.26406949758529663
0.5160541534423828
0.0935792326927185
0.927933394908905
0.641415536403656
0.248358815908432
0.8435161113739014
0.8738002777099609
0.4938370883464813
0.9128537178039551
0.11796382814645767
0.4809374511241913
0.9557719826698303
0.12393227219581604
0.9660839438438416
0.9460379481315613
0.22824706137180328
0.9981672167778015
0.72642582654953
0.8663540482521057
0.22634196281433105
0.1962628960609436
0.03300051391124725
0.3968460261821747
0.7273148894309998
0.6010297536849976
0.18557995557785034
0.0997973158955574
0.9141691327095032
0.59549480676651
0.3617188334465027
0.47328832745552063
0.6658921241760254
0.6392313838005066
0.6120065450668335
0.8848625421524048
0.6740396618843079
0.44882410764694214
0.26630866527557373
0.13135434687137604
0.6036277413368225
0.788512110710144
0.8239760398864746
0.20992060005664825
0.4163784086704254
0.05355340614914894
0.9622730612754822
0.37365633249282837
0.6504884958267212
0.7131365537643433
0.18300703167915344
0.43613046407699585
0.508064866065979
0.7813522815704346
0.13444821536540985
0.2812266945838928
0.40848508477211
0.30023959279060364
0.12827938795089722
0.13203491270542145
0.2954081594944
0.7996465563774109
0.679064154624939
0.727122962474823
0.022382637485861778
0.28705838322639465
0.3150457441806793
0.4010363221168518
0.5007488131523132
0.029265666380524635
0.3864253759384155
0.4130379855632782
0.5873632431030273
0.2846482992172241
0.760346531867981
0.5669527649879456
0.7152775526046753
0.7809181213378906
0.3866243362426758
0.14878875017166138
0.865250289440155
0.38790032267570496
0.1489919275045395
0.05613648146390915
0.34324195981025696
0.8745235204696655
0.14245988428592682
0.7668684124946594
0.1192348450422287
0.16095778346061707
0.7514013648033142
0.7534608244895935
0.07281628996133804
0.4285338521003723
0.45790550112724304
0.5485520362854004
0.2774326205253601
0.43343034386634827
0.4648389220237732
0.4115658700466156
0.31741535663604736
0.3164544105529785
0.3020996153354645
0.021168051287531853
0.16041311621665955
0.37103071808815
0.42114710807800293
0.6034858822822571
0.6114524006843567
0.2219875007867813
0.9101482033729553
0.013998751528561115
0.25671449303627014
0.7522954940795898
0.78389972448349
0.45536521077156067
0.2981216609477997
0.8895963430404663
0.2757769525051117
0.7501972913742065
0.9872696399688721
0.7509292960166931
0.8846917748451233
0.005251497495919466
0.2847888767719269
0.6805762052536011
0.015844164416193962
0.7713842988014221
0.4915724992752075
0.262641966342926
0.9236032962799072
0.05436483025550842
0.7400994896888733
0.8061339855194092
0.44058147072792053
0.3436497151851654
0.44070732593536377
0.40855538845062256
0.8665921688079834
0.653877317905426
0.07462289929389954
0.41953858733177185
0.2724195420742035
0.7245658040046692
0.7972773313522339
0.5625842213630676
0.7474716901779175
0.8126120567321777
0.589038610458374
0.9805186986923218
0.9122617244720459
0.868432879447937
0.9534912109375
0.36361125111579895
0.6214932799339294
0.20050224661827087
0.9574388265609741
0.13847215473651886
0.7716394066810608
0.11690575629472733
0.93961101770401
0.23142346739768982
0.535733699798584
0.3733868896961212
0.5341063737869263
0.04335116222500801
0.8141295313835144
0.11484898626804352
0.7858151793479919
0.9539188742637634
0.8570810556411743
0.9285299777984619
0.9343945980072021
0.6557964086532593
0.3754308223724365
0.707565426826477
0.6618051528930664
0.8557243943214417
0.956489086151123
0.10138103365898132
0.26214876770973206
0.2813173532485962
0.004755984526127577
0.7647698521614075
0.3799525499343872
0.624004065990448
0.1778666377067566
0.40114572644233704
0.3085910975933075
0.06818924844264984
0.6499119400978088
0.8945807218551636
0.1573854684829712
0.4027389585971832
0.43845975399017334
0.2120739370584488
0.433247447013855
0.5866970419883728
0.127178356051445
0.011753247119486332
0.35739564895629883
0.7375026941299438
0.5059079527854919
0.6294004321098328
0.3310321271419525
0.3463386297225952
0.6997697949409485
0.5036737322807312
0.22795863449573517
0.29102960228919983
0.14055417478084564
0.222527414560318
0.4503353536128998
0.2688688635826111
0.15963125228881836
0.9164695739746094
0.09024349600076675
0.13033510744571686
0.598921537399292
0.3050943911075592
0.7559157609939575
0.36115238070487976
0.812804639339447
0.8684889674186707
0.2784580886363983
0.7421551942825317
0.4322896897792816
0.06484842300415039
0.7894752621650696
0.13256306946277618
0.7711686491966248
0.6549102663993835
0.6964471340179443
0.39445364475250244
0.8851730227470398
0.5302106738090515
0.6987703442573547
0.3252665102481842
0.6334660053253174
0.8402137756347656
0.20183105766773224
0.6233770251274109
0.31266751885414124
0.46040278673171997
0.6804549694061279
0.0062505570240318775
0.6682210564613342
0.8811009526252747
0.1505894660949707
0.8092832565307617
0.0671536922454834
0.48232531547546387
0.47370171546936035
0.7598772644996643
0.6977844834327698
0.3884737491607666
0.7933384776115417
0.19889971613883972
0.7093456983566284
0.6817314624786377
0.6498786807060242
0.8271014094352722
0.04454049468040466
0.6005803346633911
0.30354416370391846
0.3312782347202301
0.6903200745582581
0.8915023803710938
0.13611933588981628
0.34658506512641907
0.1803366243839264
0.04375161975622177
0.5402098894119263
0.8827715516090393
0.9194548726081848
0.20347745716571808
0.3444678783416748
0.25711196660995483
0.6975987553596497
0.6542720198631287
0.4409923553466797
0.17044949531555176
0.9352429509162903
0.41175755858421326
0.6117730736732483
0.5527136325836182
0.8966699242591858
0.34450995922088623
0.5109849572181702
0.5462626814842224
0.8124076128005981
0.4386361539363861
0.7642371654510498
0.7773059010505676
0.28900834918022156
0.4630170464515686
0.7854246497154236
0.7723856568336487
0.3670467138290405
0.7948659062385559
0.9851013422012329
0.9456011652946472
0.49707281589508057
0.1291373372077942
0.6101954579353333
0.5139422416687012
0.5596567392349243
0.2787286639213562
0.8424981832504272
0.1332572102546692
0.1562556028366089
0.8119145631790161
0.4606165885925293
0.3928734362125397
0.26441916823387146
0.9424123167991638
0.5166459083557129
0.33958008885383606
0.6735936999320984
0.3935577869415283
0.7913996577262878
0.9231652617454529
0.12959526479244232
0.2682048976421356
0.23295928537845612
0.8422017693519592
0.11367053538560867
0.1357552409172058
0.7429415583610535
0.7491149306297302
0.6717783212661743
0.32959699630737305
0.16376608610153198
0.9999082088470459
0.8716806769371033
0.43389177322387695
0.7085943818092346
0.7556009888648987
0.05216246098279953
0.7795511484146118
0.41955843567848206
0.08420687913894653
0.15796297788619995
0.12891627848148346
0.09361369162797928
0.8000250458717346
0.8983657956123352
0.5507060289382935
0.6681878566741943
0.9790398478507996
0.09144125133752823
0.5190030336380005
0.673799991607666
0.4528888165950775
0.7483804821968079
0.5838572382926941
0.5824576020240784
0.9225116968154907
0.5410662889480591
0.8620700836181641
0.5578154921531677
0.5018628239631653
0.5094435214996338
0.7859534025192261
0.8589361310005188
0.12144294381141663
0.012666885741055012
0.14330457150936127
0.43824830651283264
0.5886564254760742
0.1397155523300171
0.7088668346405029
0.17933858931064606
0.51711106300354
0.07247669994831085
0.0410861074924469
0.9342150092124939
0.1131400316953659
0.23318326473236084
0.7824549078941345
0.11742812395095825
0.3867120146751404
0.790411651134491
0.5238215923309326
0.5494318604469299
0.5174111723899841
0.1783624291419983
0.8017438054084778
0.781677782535553
0.5784640908241272
0.0509345643222332
0.22431860864162445
0.46739116311073303
0.4265282154083252
0.9340482354164124
0.2221461534500122
0.719699501991272
0.5850961208343506
0.30287593603134155
0.35983341932296753
0.6148760318756104
0.6196917295455933
0.554519772529602
0.6856498122215271
0.4620823562145233
0.1658725142478943
0.22376303374767303
0.9307523369789124
0.4342513978481293
0.7606923580169678
0.5201285481452942
0.20906378328800201
0.3483976423740387
0.04233838990330696
0.15997999906539917
0.06590563803911209
0.07869253307580948
0.7798274159431458
0.7481845021247864
0.6023709177970886
0.39314326643943787
0.31480664014816284
0.7297006249427795
0.8981825709342957
0.551401674747467
0.6675488948822021
0.5681769847869873
0.02227388508617878
0.09527637809515
0.5675576329231262
0.2420637309551239
0.03277230262756348
0.7627537846565247
0.47375598549842834
0.8963634371757507
0.644422709941864
0.4684395492076874
0.2349800169467926
0.09674901515245438
0.7891570925712585
0.4496576189994812
0.9609920978546143
0.5234767198562622
0.8868520259857178
0.9956462383270264
0.8398820161819458
0.641279399394989
0.20620816946029663
0.9043805003166199
0.6229596138000488
0.9672697186470032
0.5054954290390015
0.5683097243309021
0.7723956108093262
0.7795737385749817
0.010426334105432034
0.6491445302963257
0.2969036102294922
0.9407918453216553
0.1399649977684021
0.2881932258605957
0.46444058418273926
0.6142945289611816
0.26204773783683777
0.05917133763432503
0.24370360374450684
0.9925150871276855
0.29514917731285095
0.6172106266021729
0.8972864151000977
0.5142142176628113
0.5007417798042297
0.2663273513317108
0.4090190827846527
0.6014044284820557
0.1087387353181839
0.1348360925912857
0.6116612553596497
0.2511099874973297
0.30152392387390137
0.1941174417734146
0.6598961353302002
0.7564319372177124
0.5669493079185486
0.2990547716617584
0.5599988102912903
0.2738896310329437
0.8796570301055908
0.6303593516349792
0.32604312896728516
0.010180098004639149
0.4109404683113098
0.5982462167739868
0.17885611951351166
0.3177405893802643
0.09278987348079681
0.11855049431324005
0.604754626750946
0.6924424171447754
0.3406420350074768
0.9728451371192932
0.09687663614749908
0.7235873937606812
0.8500746488571167
0.6672322154045105
0.14125584065914154
0.4707530736923218
0.5848970413208008
0.17099681496620178
0.700543999671936
0.910930871963501
0.6033110022544861
0.3626207113265991
0.8094027638435364
0.12591224908828735
0.3663783073425293
0.735185980796814
0.3634593188762665
0.2549484968185425
0.914814829826355
0.14558261632919312
0.5859008431434631
0.41124045848846436
0.512273907661438
0.4974420368671417
0.39761510491371155
0.025826696306467056
0.05977117642760277
0.7609607577323914
0.2715317904949188
0.1669461876153946
0.07186338305473328
0.7640868425369263
0.43794894218444824
0.3996220529079437
0.06967707723379135
0.8448193073272705
0.5277374386787415
0.18265539407730103
0.8221175074577332
0.806418240070343
0.057849299162626266
0.30845534801483154
0.4694491922855377
0.6994213461875916
0.48694854974746704
0.1138891875743866
0.9519041180610657
0.41659966111183167
0.42455142736434937
0.8892707824707031
0.5159738659858704
0.3452007472515106
0.19260162115097046
0.2968972325325012
0.3939394950866699
0.9499996900558472
0.8715354800224304
0.7050866484642029
0.9005021452903748
0.964486837387085
0.8484418392181396
0.42783474922180176
0.5543733239173889
0.511055052280426
0.708038330078125
0.449537992477417
0.2721792757511139
0.6173821091651917
0.2074861079454422
0.1802944540977478
0.634648323059082
0.7934253811836243
0.9333977103233337
0.12858113646507263
0.3774549663066864
0.642458438873291
0.48656165599823
0.45752397179603577
0.4886525571346283
0.31216657161712646
0.6610646843910217
0.3507493734359741
0.3710213899612427
0.9857967495918274
0.5345538258552551
0.1514604091644287
0.7666529417037964
0.026995832100510597
0.2838149666786194
0.3988399803638458
0.6039231419563293
0.16487303376197815
0.09309464693069458
0.02046189084649086
0.7944117784500122
0.9723674654960632
0.24341757595539093
0.9520002603530884
0.7170569896697998
0.7772240042686462
0.19496475160121918
0.42992496490478516
0.5932022333145142
0.8198835253715515
0.07318978011608124
0.503455400466919
0.7293458580970764
0.07689063251018524
0.19073133170604706
0.8541045188903809
0.7627008557319641
0.17194078862667084
0.9899963140487671
0.4723145067691803
0.9746864438056946
0.6878246665000916
0.5370325446128845
0.47403568029403687
0.6387742757797241
0.23150013387203217
0.22550557553768158
0.12358386814594269
0.8170402646064758
0.2767784595489502
0.898493766784668
0.7751190066337585
0.436143159866333
0.865472137928009
0.9118850827217102
0.21465018391609192
0.7371248006820679
0.6402748227119446
0.4125158190727234
0.677802562713623
0.9785832166671753
0.09910323470830917
0.9259229302406311
0.4488954246044159
0.12317247688770294
0.09382537752389908
0.10139599442481995
0.5845878720283508
0.7148185968399048
0.6617046594619751
0.6594614386558533
0.3904174864292145
0.27768799662590027
0.8124457597732544
0.7953306436538696
0.10131096839904785
0.9438468813896179
0.29287248849868774
0.22114308178424835
0.3238068222999573
0.6774247288703918
0.1574210375547409
0.9813295006752014
0.5993632674217224
0.7183252573013306
0.3293534815311432
2.011483047681395e-05
0.46831873059272766
0.20038574934005737
0.1369907557964325
0.1228475496172905
0.030827222391963005
0.3161693513393402
0.021529704332351685
0.3342401683330536
0.24002067744731903
0.2328999638557434
0.12156935036182404
0.2147812843322754
0.036677733063697815
0.7160350680351257
0.39101600646972656
0.8728517889976501
0.6079553961753845
0.9909325242042542
0.9957636594772339
0.5404983162879944
0.9470862746238708
0.8946768641471863
0.518517017364502
0.8152244091033936
0.15564844012260437
0.7994270920753479
0.22570817172527313
0.24348385632038116
0.2566503882408142
0.3577965497970581
0.7754715085029602
0.22559060156345367
0.7775710225105286
0.5326927900314331
0.8408966660499573
0.4817536771297455
0.5695423483848572
0.7751179933547974
0.6067163944244385
0.7423198223114014
0.08929772675037384
0.2179335206747055
0.4052589237689972
0.7258592247962952
0.1929483562707901
0.34148186445236206
0.10554956644773483
0.818993866443634
0.6470757126808167
0.3405810594558716
0.646779477596283
0.22109340131282806
0.9098111987113953
0.6355088353157043
0.12947924435138702
0.37438249588012695
0.6140406131744385
0.8499733209609985
0.7017961144447327
0.9907378554344177
0.13346818089485168
0.8955428004264832
0.37010878324508667
0.865291178226471
0.7431907057762146
0.3460199534893036
0.1537710428237915
0.7483240365982056
0.24209271371364594
0.536017119884491
0.9774723052978516
0.45548978447914124
0.993701159954071
0.08316952735185623
0.36198803782463074
0.45732051134109497
0.7079557776451111
0.2778559923171997
0.6563655138015747
0.3800882399082184
0.08071422576904297
0.062388114631175995
0.9116978645324707
0.7884674668312073
0.192208930850029
0.5765613913536072
0.8208240270614624
0.21240873634815216
0.3862892985343933
0.04451917111873627
0.3175000548362732
0.36990252137184143
0.4789756238460541
0.7652069330215454
0.054747842252254486
0.654430091381073
0.0002778260677587241
0.8052160739898682
0.15700140595436096
0.02215472236275673
0.5399755835533142
0.7403623461723328
0.013120222836732864
0.7527760863304138
0.6876865029335022
0.40921342372894287
0.3101414144039154
0.9070261120796204
0.9951364994049072
0.6267874240875244
0.8678233027458191
0.863222062587738
0.6329887509346008
0.04875844344496727
0.1040782704949379
0.26549798250198364
0.33101144433021545
0.46997126936912537
0.5323063731193542
0.3056468069553375
0.8850114345550537
0.5161232352256775
0.17918944358825684
0.16481350362300873
0.839210569858551
0.20780858397483826
0.7571315169334412
0.09549564868211746
0.8332921266555786
0.12340693175792694
0.8706868290901184
0.757096529006958
0.45565590262413025
0.5258711576461792
0.4874231517314911
0.42005613446235657
0.8971413969993591
0.669441819190979
0.0071159363724291325
0.42451247572898865
0.7788240313529968
0.1424846202135086
0.06440279632806778
0.6147082448005676
0.21927320957183838
0.6163909435272217
0.3617803156375885
0.6955633759498596
0.6863654255867004
0.4312172532081604
0.8640764355659485
0.8588715195655823
0.6450631022453308
0.1699771285057068
0.45881322026252747
0.22523729503154755
0.2341853380203247
0.27662503719329834
0.582319974899292
0.8627152442932129
0.6753963232040405
0.49899518489837646
0.6442691683769226
0.4200199842453003
0.15327270328998566
0.33636337518692017
0.8599214553833008
0.2725515365600586
0.08092037588357925
0.3508143424987793
0.6051942110061646
0.031779900193214417
0.1471579670906067
0.6734777688980103
0.03343847393989563
0.9753091335296631
0.4335218369960785
0.004881986416876316
0.2938537299633026
0.14640454947948456
0.8558026552200317
0.2991262972354889
0.6213384866714478
0.5006948709487915
0.21376176178455353
0.27375519275665283
0.2927544116973877
0.10776594281196594
0.44475486874580383
0.4205271005630493
0.7472790479660034
0.1375391036272049
0.4938015341758728
0.4719718396663666
0.914127767086029
0.6453304886817932
0.9936639666557312
0.3921951949596405
0.6072635650634766
0.9708631038665771
0.8733131885528564
0.8424965739250183
0.04793642461299896
0.9955773949623108
0.5142688155174255
0.2111908495426178
0.01779685728251934
0.5234935879707336
0.07528069615364075
0.762293815612793
0.13872377574443817
0.6805324554443359
0.9852444529533386
0.5091553926467896
0.7714540362358093
0.012914197519421577
0.08802388608455658
0.9458009004592896
0.6752634048461914
0.2587072551250458
0.5509431958198547
0.4399714171886444
0.8749898076057434
0.30805760622024536
0.8910155296325684
0.7199207544326782
0.5536440014839172
0.018111702054739
0.26448729634284973
0.6164643168449402
0.7257922291755676
0.993671715259552
0.24179168045520782
0.5688804984092712
0.6291017532348633
0.7145287990570068
0.21597431600093842
0.7181002497673035
0.79149329662323
0.43803444504737854
0.3573628067970276
0.49345242977142334
0.9026819467544556
0.4920598566532135
0.032922256737947464
0.5373213291168213
0.08978642523288727
0.7390528321266174
0.974553644657135
0.9617744088172913
0.35297930240631104
0.5365932583808899
0.3997969925403595
