512 1 3
0
141
1
221
2
101
3
71
4
293
5
63
6
223
7
362
8
97
9
349
10
23
11
349
12
85
13
268
14
374
15
457
16
289
17
256
18
500
19
401
20
431
21
472
22
223
23
131
24
70
25
161
26
359
27
422
28
212
29
96
30
142
15
31
32
500
33
400
34
332
35
434
36
296
37
57
38
476
17
39
40
337
41
170
42
464
43
114
44
253
45
309
46
412
47
231
48
393
49
229
50
251
51
163
52
369
53
79
54
250
55
142
56
418
57
422
58
500
59
159
60
205
10
61
62
475
2
63
64
505
65
504
66
221
67
273
68
511
69
75
70
117
71
399
72
87
73
165
54
74
75
183
76
384
77
192
78
165
79
391
80
280
81
342
82
333
83
347
84
150
85
479
86
234
87
373
88
307
89
113
90
229
91
230
92
365
39
93
94
373
81
95
96
404
97
119
98
148
99
491
100
356
101
354
102
471
103
159
104
411
105
371
106
490
107
265
108
477
35
109
77
110
2
111
112
261
113
271
55
114
115
499
116
342
117
443
118
182
119
493
60
120
55
121
122
192
123
137
97
124
125
317
126
443
91
127
22
128
77
129
109
130
22
131
48
132
133
329
96
134
25
135
136
229
137
489
138
347
139
174
140
166
141
257
142
462
143
321
144
453
64
145
146
332
147
194
148
510
149
212
150
206
123
151
152
334
125
153
154
353
155
320
126
156
157
228
158
390
70
159
160
309
161
386
162
304
163
166
147
164
165
410
166
436
167
469
168
407
157
169
138
170
171
277
172
321
173
458
174
221
175
425
123
176
165
177
145
178
179
197
180
253
132
181
120
182
153
183
184
286
185
469
186
443
119
187
1
188
189
308
190
352
191
392
192
373
57
193
8
194
195
205
196
261
197
463
198
366
199
450
200
443
201
427
202
365
189
203
49
204
101
205
206
252
207
252
142
208
2
209
176
210
211
330
212
223
18
213
186
214
215
350
216
497
6
217
140
218
44
219
29
220
221
314
222
267
154
223
224
271
225
325
226
274
212
227
228
365
132
229
35
230
141
231
232
337
233
338
116
234
235
415
169
236
237
508
238
392
198
239
59
240
221
241
92
242
32
243
3
244
2
245
246
311
247
309
23
248
249
448
30
250
251
491
22
252
22
253
254
299
255
364
256
408
257
479
6
258
259
279
40
260
256
261
262
448
263
271
264
411
2
265
266
319
249
267
125
268
102
269
61
270
136
271
60
272
219
273
211
274
200
275
276
403
23
277
30
278
188
279
280
507
164
281
282
288
139
283
187
284
285
335
184
286
287
439
116
288
289
292
278
290
57
291
199
292
224
293
12
294
133
295
265
296
127
297
291
298
299
397
300
508
301
366
302
493
303
460
207
304
305
408
306
433
307
466
209
308
275
309
310
373
215
311
90
312
313
462
50
314
81
315
137
316
245
317
318
377
64
319
11
320
206
321
14
322
304
323
324
440
275
325
305
326
222
327
246
328
112
329
71
330
73
331
106
332
333
477
334
359
333
335
336
427
337
350
338
463
227
339
53
340
130
341
342
463
343
471
344
384
113
345
235
346
301
347
91
348
232
349
212
350
351
364
216
352
353
492
86
354
355
380
281
356
357
371
358
483
149
359
203
360
263
361
14
362
348
363
333
364
287
365
209
366
156
367
241
368
369
394
79
370
48
371
97
372
229
373
374
450
238
375
219
376
377
395
181
378
379
453
380
476
175
381
171
382
383
482
384
398
385
423
83
386
76
387
290
388
23
389
92
390
69
391
263
392
142
393
149
394
395
398
396
511
324
397
398
470
399
493
328
400
401
484
402
505
390
403
404
469
250
405
0
406
407
441
311
408
96
409
122
410
372
411
260
412
311
413
128
414
183
415
194
416
417
455
418
487
419
491
419
420
314
421
393
422
423
443
311
424
204
425
208
426
282
427
57
428
316
429
286
430
191
431
296
432
15
433
127
434
275
435
195
436
432
437
247
438
439
501
440
445
441
490
362
442
120
443
123
444
193
445
354
446
152
447
97
448
441
449
277
450
235
451
114
452
336
453
454
508
337
455
156
456
457
470
59
458
459
497
264
460
427
461
396
462
329
463
29
464
74
465
170
466
459
467
167
468
44
469
326
470
308
471
262
472
281
473
340
474
463
475
344
476
178
477
362
478
275
479
468
480
166
481
445
482
427
483
249
484
459
485
156
486
407
487
84
488
128
489
63
490
491
497
87
492
26
493
134
494
47
495
496
507
345
497
429
498
375
499
263
500
241
501
115
502
284
503
461
504
406
505
302
506
431
507
49
508
199
509
100
510
194
511
0.9924561381340027
0.676539957523346
0.25683286786079407
0.24773405492305756
0.025702204555273056
0.41487082839012146
0.45766037702560425
0.5062447786331177
0.9743344783782959
0.7152692675590515
0.4653199017047882
0.5583270788192749
0.13028158247470856
0.6399127840995789
0.6606874465942383
0.6572646498680115
0.3931007981300354
0.5485561490058899
0.4771879315376282
0.5897262096405029
0.7517373561859131
0.43984174728393555
0.02361179143190384
0.1913067251443863
0.8572626113891602
0.08881238847970963
0.42631155252456665
0.8937451243400574
0.12465421855449677
0.8440340757369995
0.7376464009284973
0.6842465400695801
0.16916513442993164
0.008303042501211166
0.9902219772338867
0.3292562961578369
0.3577299118041992
0.8977358341217041
0.20047463476657867
0.17451699078083038
0.29442721605300903
0.21860887110233307
0.2056923359632492
0.13305948674678802
0.07848642021417618
0.6037171483039856
0.42789846658706665
0.5891128182411194
0.46213361620903015
0.635326087474823
0.5478754639625549
0.6085235476493835
0.4708726704120636
0.0497773140668869
0.6943165063858032
0.678870677947998
0.7565603256225586
0.9795011878013611
0.5614627599716187
0.1060066893696785
0.734055757522583
0.25525349378585815
0.8145769834518433
0.3546103239059448
0.9684473276138306
0.5478529334068298
0.8638959527015686
0.9871203899383545
0.6788394451141357
0.4370889365673065
0.5529506206512451
0.62409508228302
0.32975929975509644
0.6434454917907715
0.9897551536560059
0.7890070080757141
0.5862777829170227
0.8265911936759949
0.8391392827033997
0.5928703546524048
0.6146281957626343
0.934151828289032
0.8063642978668213
0.4865419566631317
0.8096557855606079
0.9071720838546753
0.6546541452407837
0.9779772758483887
0.9296296834945679
0.7810847163200378
0.8944925665855408
0.08553212136030197
0.12081513553857803
0.9458715319633484
0.8527342677116394
0.6034660339355469
0.44907352328300476
0.27102938294410706
0.20061276853084564
0.19541466236114502
0.005432803649455309
0.23437413573265076
0.5317660570144653
0.04290655627846718
0.11537054926156998
0.3746054768562317
0.47089657187461853
0.4551020860671997
0.6295391321182251
0.7527005076408386
0.9112362265586853
0.8738033175468445
0.9697995185852051
0.7810460329055786
0.10795809328556061
0.896703839302063
0.19761238992214203
0.47740238904953003
0.5508255362510681
0.03153872862458229
0.3106723725795746
0.3333893120288849
0.8106474280357361
0.9935548901557922
0.492669939994812
0.3958108425140381
0.43768537044525146
0.21613022685050964
0.6723127961158752
0.8887690305709839
0.7882558107376099
0.059979405254125595
0.37836283445358276
0.11054088920354843
0.27115848660469055
0.21446143090724945
0.1971006542444229
0.5474002361297607
0.9932552576065063
0.690329909324646
0.9222656488418579
0.18439924716949463
0.6933448910713196
0.6377941966056824
0.6075844764709473
0.6471734046936035
0.5496057271957397
0.7964588403701782
0.8035117983818054
0.28520506620407104
0.8218263387680054
0.78812175989151
0.8494755029678345
0.039536163210868835
0.858461320400238
0.9810660481452942
0.8187162280082703
0.18844930827617645
0.43117445707321167
0.19669857621192932
0.9730926156044006
0.9697337746620178
0.11087925732135773
0.3852747082710266
0.06325016915798187
0.9834422469139099
0.2944816052913666
0.3631487488746643
0.580282986164093
0.703904926776886
0.9584671854972839
0.5284908413887024
0.6865167021751404
0.49345287680625916
0.3517370820045471
0.4436631500720978
0.2164411097764969
0.6447552442550659
0.9787206053733826
0.45443984866142273
0.1998680979013443
0.9110864400863647
0.11360496282577515
0.34560588002204895
0.8248975276947021
0.5587457418441772
0.1925327330827713
0.20625117421150208
0.7225328087806702
0.8426641821861267
0.21765214204788208
0.8165863752365112
0.47999468445777893
0.6332495808601379
0.011777693405747414
0.8707588911056519
0.4756447374820709
0.19909872114658356
0.20968706905841827
0.5534954071044922
0.3123977780342102
0.2628883421421051
0.19748638570308685
0.6847630739212036
0.4761434495449066
0.6851004362106323
0.5928072333335876
0.9311254620552063
0.5024056434631348
0.14362849295139313
0.12486711889505386
0.09573646634817123
0.0336199551820755
0.5120961666107178
0.2430696189403534
0.31567439436912537
0.7847141623497009
0.5473719835281372
0.1543203890323639
0.9341816902160645
0.8629142045974731
0.9109002351760864
0.16224367916584015
0.7040601968765259
0.03730601444840431
0.19375616312026978
0.9679067730903625
0.3503877520561218
0.6044642925262451
0.13225258886814117
0.5756869912147522
0.3926638960838318
0.8383759260177612
0.5106003880500793
0.7926166653633118
0.703816831111908
0.6322824954986572
0.12255352735519409
0.6488943099975586
0.20574116706848145
0.19558531045913696
0.8451088666915894
0.06554581224918365
0.1795029193162918
0.5053467750549316
0.6436992883682251
0.7096523642539978
0.658513069152832
0.4916486442089081
0.7728370428085327
0.9290369749069214
0.04173217713832855
0.014259868301451206
0.4658435881137848
0.08885263651609421
0.35009512305259705
0.463687926530838
0.3329252004623413
0.5909715890884399
0.7927102446556091
0.5769467353820801
0.7084730863571167
0.4261227250099182
0.7925515174865723
0.11250205338001251
0.5577346682548523
0.9349141716957092
0.03460319712758064
0.132243350148201
0.43607255816459656
0.5933198928833008
0.809435248374939
0.2741299569606781
0.7571282386779785
0.6767683625221252
0.07364864647388458
0.26650428771972656
0.9624941349029541
0.3285415470600128
0.5514205694198608
0.0026895604096353054
0.3939824104309082
0.8945202231407166
0.2511434853076935
0.6032819747924805
0.40927764773368835
0.20953916013240814
0.02117042802274227
0.7355325222015381
0.15266898274421692
0.09260765463113785
0.5446282625198364
0.4422793686389923
0.27149197459220886
0.2542441487312317
0.7070435881614685
0.24034593999385834
0.6130504608154297
0.7646220922470093
0.6049718856811523
0.5035609602928162
0.5273175239562988
0.5257878303527832
0.3043973743915558
0.23391084372997284
0.8397128582000732
0.6811249852180481
0.6390053033828735
0.9665042757987976
0.5706291794776917
0.10228948295116425
0.9496198892593384
0.2482002228498459
0.7398697733879089
0.028993943706154823
0.3639426827430725
0.19911806285381317
0.503585159778595
0.7913998365402222
0.343712717294693
0.1499439924955368
0.08009714633226395
0.23698177933692932
0.05877218768000603
0.24448542296886444
0.377450168132782
0.36655715107917786
0.060211651027202606
0.39314377307891846
0.6511408686637878
0.6103439927101135
0.9932419657707214
0.7054574489593506
0.03749742731451988
0.6668248772621155
0.7611342072486877
0.7987375259399414
0.9061394929885864
0.8665836453437805
0.8595342040061951
0.24687743186950684
0.5829355716705322
0.23536165058612823
0.9447064995765686
0.9968688488006592
0.7605873942375183
0.9667629599571228
0.004521241411566734
0.29574036598205566
0.20537957549095154
0.3164049983024597
0.35173195600509644
0.35924410820007324
0.4073495864868164
0.7327877879142761
0.4014095962047577
0.26220959424972534
0.39207834005355835
0.5886096954345703
0.08898411691188812
0.715472400188446
0.2332543134689331
0.8778137564659119
0.45960646867752075
0.4434315860271454
0.11016791313886642
0.7157216668128967
0.6418259739875793
0.5167135000228882
0.5245444774627686
0.6025877594947815
0.4159398078918457
0.1805475801229477
0.45029088854789734
0.049980416893959045
0.6953851580619812
0.024086223915219307
0.8754447102546692
0.7319984436035156
0.2721000909805298
0.40683093667030334
0.9580892324447632
0.19169214367866516
0.28942790627479553
0.19141970574855804
0.9651709198951721
0.7511429786682129
0.457862913608551
0.22238263487815857
0.48668020963668823
0.17688944935798645
0.32897427678108215
0.9499987959861755
0.7884815335273743
0.6328155994415283
0.9066804051399231
0.937666118144989
0.9425061345100403
0.29228803515434265
0.8674542903900146
0.8321242928504944
0.9443244338035583
0.0237288661301136
0.7672295570373535
0.567703366279602
0.4820440411567688
0.8849458694458008
0.022690555080771446
0.9267793893814087
0.6820762753486633
0.6855618357658386
0.6797655820846558
0.4465954899787903
0.3702969551086426
0.4796009659767151
0.9571415781974792
0.6077442169189453
0.5467126369476318
0.21556280553340912
0.1175161823630333
0.33370375633239746
0.8769446611404419
0.1689387410879135
0.5217891931533813
0.44571396708488464
0.6836737990379333
0.760701060295105
0.3478274941444397
0.23571841418743134
0.4259946942329407
0.27914613485336304
0.43925583362579346
0.7547169923782349
0.8295543193817139
0.8390911221504211
0.4780489206314087
0.6785483360290527
0.732403576374054
0.03719579055905342
0.6101401448249817
0.9882245659828186
0.3260744512081146
0.5268051624298096
0.026820389553904533
0.09942274540662766
0.42571356892585754
0.9045985341072083
0.09415354579687119
0.5055687427520752
0.9091309309005737
0.9275625348091125
0.7930359840393066
0.8854354619979858
0.6715731024742126
0.5079993605613708
0.9077305793762207
0.7237703800201416
0.06019188463687897
0.7479072213172913
0.5573187470436096
0.6522199511528015
0.5977948307991028
0.31893253326416016
0.42890462279319763
0.8651752471923828
0.9956387281417847
0.3588840663433075
0.1632707566022873
0.5537306070327759
0.40250059962272644
0.5287052392959595
0.2313019335269928
0.4147489666938782
0.16114147007465363
0.19720038771629333
0.8770045638084412
0.5161594748497009
0.777634859085083
0.4063926339149475
0.8783769607543945
0.4344204068183899
0.8903998136520386
0.440120667219162
0.3269084393978119
0.8673131465911865
0.6279318928718567
0.04092252627015114
0.08644968271255493
0.7747578620910645
0.1436123549938202
0.9831141233444214
0.5403617024421692
0.4853615164756775
0.5796152949333191
0.949638307094574
0.9483147859573364
0.6249144077301025
0.25117847323417664
0.013630716130137444
0.5296613574028015
0.8584511876106262
0.03469647094607353
0.9720856547355652
0.7235662341117859
0.981279194355011
0.6644203066825867
0.3910718262195587
0.1100006178021431
0.6163598895072937
0.6325295567512512
0.9119571447372437
0.6756937503814697
0.2912367880344391
0.1708768606185913
0.7231802940368652
0.15331563353538513
0.1946786642074585
0.5670400261878967
0.7173343896865845
0.1561044305562973
0.057460181415081024
0.3397795557975769
0.22707627713680267
0.29347100853919983
0.9165850281715393
0.5494837164878845
0.5138905048370361
0.22671613097190857
0.750451922416687
0.27399584650993347
0.18919049203395844
0.6701927185058594
0.6582847237586975
0.7548388242721558
0.15152350068092346
0.6509673595428467
0.24450796842575073
0.7822267413139343
0.23565362393856049
0.15533621609210968
0.8850187063217163
0.47011226415634155
0.14138497412204742
0.6198922395706177
0.9388790726661682
0.6305965781211853
0.42179447412490845
0.2691781520843506
0.7497944235801697
0.7786468863487244
0.5591921210289001
0.9748480916023254
0.057885121554136276
0.013493182137608528
0.9245977401733398
0.6461834907531738
0.8072068095207214
0.9572557806968689
0.9767252802848816
0.8322016000747681
0.3738390803337097
0.43922367691993713
0.3295270800590515
0.9222143888473511
0.6272515058517456
0.6422712802886963
0.6683059930801392
0.15059685707092285
0.1777162253856659
0.9968683123588562
0.3474881052970886
0.9165419340133667
0.1996930092573166
0.0664726123213768
0.7822887897491455
0.5012843012809753
0.6117244362831116
0.9286046028137207
0.9363177418708801
0.2476578950881958
0.8257851600646973
0.17819269001483917
0.020431511104106903
0.39613857865333557
0.21394306421279907
0.056039609014987946
0.7081772089004517
0.43435701727867126
0.16608358919620514
0.2559712827205658
0.4824140965938568
0.031060438603162766
0.8489704132080078
0.7423018217086792
0.2871846556663513
0.022239044308662415
0.48014652729034424
0.4724103510379791
0.8053043484687805
0.6986229419708252
0.7767980694770813
0.5134445428848267
0.6323689222335815
0.27797871828079224
0.139504536986351
0.575204610824585
0.8442933559417725
0.3544318974018097
0.47976410388946533
0.017896190285682678
0.7371008396148682
0.40981560945510864
0.21692268550395966
0.1981869637966156
0.40200191736221313
0.5109925866127014
0.5031587481498718
0.5314823985099792
0.4880707263946533
0.20053499937057495
0.7186061143875122
0.14930017292499542
0.16686618328094482
0.569313108921051
0.7314743995666504
0.12269007414579391
0.740919828414917
0.020633935928344727
0.0858936756849289
0.5735284090042114
0.7414289712905884
0.07344377040863037
0.9425128102302551
0.947674036026001
0.5793984532356262
0.23874647915363312
0.7735978364944458
0.9799046516418457
0.24698734283447266
0.6511766910552979
0.9259809851646423
0.9846296906471252
0.056946951895952225
0.25906848907470703
0.936086118221283
0.5096876621246338
0.13348782062530518
0.31777238845825195
0.7977076172828674
0.4777013957500458
0.6343161463737488
0.9449341297149658
0.9258452653884888
0.3280288875102997
0.6406105160713196
0.9810259938240051
0.8037079572677612
0.09802531450986862
0.20377686619758606
0.5186386704444885
0.39344459772109985
0.10532685369253159
0.9109374284744263
0.2702622711658478
0.22085629403591156
0.07707607001066208
0.6962946653366089
0.8470599055290222
0.8442046642303467
0.9166361689567566
0.619775116443634
0.6673359274864197
0.7804030179977417
0.5124397277832031
0.7944663763046265
0.5005853772163391
0.5672880411148071
0.41903072595596313
0.3384682238101959
0.9570397138595581
0.050401721149683
0.1579333245754242
0.4499357342720032
0.7529089450836182
0.20620007812976837
0.5094035863876343
0.6152032017707825
0.9864827394485474
0.004742499906569719
0.38275590538978577
0.6393241286277771
0.2301589697599411
0.9415894150733948
0.8536692261695862
0.4453553557395935
0.09953286498785019
0.6882108449935913
0.838068425655365
0.6478326320648193
0.277152955532074
0.18022474646568298
0.12289120256900787
0.1653769463300705
0.5590758919715881
0.8501055836677551
0.3327482044696808
0.7808851003646851
0.6247177124023438
0.4321255385875702
0.16746997833251953
0.9339783191680908
0.10341557115316391
0.071976438164711
0.4813336431980133
0.9436777234077454
0.6985714435577393
0.9528467059135437
0.6504355669021606
0.5878949761390686
0.47827646136283875
0.7159436345100403
0.4897936284542084
0.8116053938865662
0.44799870252609253
0.3619481325149536
0.2158965915441513
0.10736342519521713
0.786967933177948
0.5358143448829651
0.3457101881504059
0.124351367354393
0.18473432958126068
0.9554259777069092
0.8700007796287537
0.26191088557243347
0.5438138246536255
0.7323025465011597
0.9933483004570007
0.34999096393585205
0.40845078229904175
0.633622407913208
0.7593411803245544
0.26445770263671875
0.7848334908485413
0.5275729894638062
0.9213480949401855
0.38301602005958557
0.3838842213153839
0.6393970251083374
0.10198748111724854
0.4820796549320221
0.08820788562297821
0.12546075880527496
0.7748700380325317
0.5499071478843689
0.8872483968734741
0.14277172088623047
0.2629483938217163
0.6687036752700806
0.8577391505241394
0.3251051902770996
0.1483210027217865
0.20922055840492249
0.9432568550109863
0.2913803160190582
0.2078786939382553
0.7374326586723328
0.037416186183691025
0.884751558303833
0.17456400394439697
0.5648481249809265
0.7768647074699402
0.4709942638874054
0.6051176190376282
0.5951482653617859
0.23478685319423676
0.1932942420244217
0.8290367722511292
0.7810019850730896
0.7193429470062256
0.7188329100608826
0.4695582687854767
0.8479304909706116
0.6424347162246704
0.3848542869091034
0.8400106430053711
0.45600101351737976
0.481947660446167
0.8611899614334106
0.889512836933136
0.6361197233200073
0.6405229568481445
0.07117056101560593
0.2727471590042114
0.18409693241119385
0.23212526738643646
0.11397594958543777
0.9293845295906067
0.13694046437740326
0.4249975085258484
0.18434572219848633
0.46476316452026367
0.9706165194511414
0.047488853335380554
0.6608726382255554
0.8011549711227417
0.5279644727706909
0.008991090580821037
0.22619986534118652
0.0704028531908989
0.044416896998882294
0.18425332009792328
0.7254403829574585
0.7958219051361084
0.7162354588508606
0.2450503557920456
0.06331541389226913
0.8374810814857483
0.036079682409763336
0.9865561723709106
0.5357825756072998
0.9819482564926147
0.5948095917701721
0.428539901971817
0.2248597890138626
0.8045504689216614
0.36264222860336304
0.9600029587745667
0.7797560691833496
0.28326094150543213
0.18700404465198517
0.6417886018753052
0.3246172368526459
0.6591967344284058
0.918332576751709
0.9192314147949219
0.4506256580352783
0.4407491087913513
0.10422099381685257
0.8682683110237122
0.7346765398979187
0.8388252854347229
0.019739069044589996
0.4144623577594757
0.4243541359901428
0.9468217492103577
0.5421525835990906
0.043202854692935944
0.6697642803192139
0.5081923007965088
0.47015970945358276
0.07609263807535172
0.1254321187734604
0.4363313317298889
0.2823184132575989
0.5875619649887085
0.2973550856113434
0.13663113117218018
0.3609038293361664
0.21897009015083313
0.9767640829086304
0.08661133795976639
0.6809624433517456
0.6535754203796387
0.6450315117835999
0.6157125234603882
0.6221700310707092
0.71831214427948
0.2611941397190094
0.3625147342681885
0.7601908445358276
0.34273412823677063
0.45781978964805603
0.48005005717277527
0.6058995127677917
0.47910982370376587
0.2071157693862915
0.7747821807861328
0.5110386610031128
0.030365999788045883
0.9459162354469299
0.6072006821632385
0.09496666491031647
0.5638018846511841
0.050334881991147995
0.14498934149742126
0.6447604298591614
0.3182668089866638
0.004661243408918381
0.027160629630088806
0.5085824131965637
0.4717494249343872
0.2533588409423828
0.6358809471130371
0.9284221529960632
0.38806354999542236
0.1327574998140335
0.9516340494155884
0.10529053956270218
0.6492047905921936
0.9799185991287231
0.8161813020706177
0.02664068527519703
0.6120936274528503
0.6621711254119873
0.9853956699371338
0.4256227910518646
0.9067097306251526
0.34807056188583374
0.045831821858882904
0.14380553364753723
0.7411573529243469
0.9290353655815125
0.37795764207839966
0.6938971877098083
0.8365610241889954
0.8087906837463379
0.9240280985832214
0.6371349096298218
0.0745006576180458
0.7856253981590271
0.007638225331902504
0.24984891712665558
0.17652015388011932
0.6065174341201782
0.9476828575134277
0.4972037076950073
0.7810771465301514
0.1107068583369255
0.11405427753925323
0.7123132944107056
0.9813603758811951
0.40101295709609985
0.6748883724212646
0.8213582038879395
0.4015576243400574
0.9845401644706726
0.917961061000824
0.9499011635780334
0.4978225529193878
0.18455679714679718
0.2573525905609131
0.2729441523551941
0.934408962726593
0.9750019311904907
0.29316022992134094
0.06133593991398811
0.9496336579322815
0.27815595269203186
0.38460034132003784
0.24935346841812134
0.008598286658525467
0.2977142930030823
0.49604761600494385
0.485755056142807
0.5892293453216553
0.5538339018821716
0.7639568448066711
0.929772138595581
0.9868898987770081
0.8528871536254883
0.2442111223936081
0.20854945480823517
0.5376041531562805
0.0662638396024704
0.8461194634437561
0.6024073958396912
0.6577682495117188
0.4887259304523468
0.7611428499221802
0.577521026134491
0.44930389523506165
0.23539510369300842
0.6722061038017273
0.07895918190479279
0.858633816242218
0.23839393258094788
0.33585497736930847
0.26557162404060364
0.6681114435195923
0.4264363944530487
0.24572709202766418
0.04955153912305832
0.5303027629852295
0.7640464305877686
0.5910136699676514
0.24855586886405945
0.178386852145195
0.5583512187004089
0.364408940076828
0.8555507063865662
0.9864678978919983
0.4663064777851105
0.2188706398010254
0.025158541277050972
0.7292566299438477
0.9116846323013306
0.9468638896942139
0.8044463396072388
0.404433012008667
0.23463180661201477
0.651913583278656
0.8646212816238403
0.3163396716117859
0.3846468925476074
0.31180447340011597
0.91230309009552
0.3605319857597351
0.8258528113365173
0.8162728548049927
0.8302717804908752
0.8086075782775879
0.21301452815532684
0.7372220754623413
0.7772579193115234
0.5871215462684631
0.8188576698303223
0.45898935198783875
0.0013941337820142508
0.8487696647644043
0.33119869232177734
0.7861591577529907
0.3426412045955658
0.10493287444114685
0.1933034211397171
0.7890058755874634
0.835142195224762
0.15553486347198486
0.5911288857460022
0.5451424717903137
0.7324621081352234
0.18524767458438873
0.6251583099365234
0.3082902729511261
0.14242537319660187
0.9430379271507263
0.41415295004844666
0.8413491249084473
0.8581803441047668
0.7246671319007874
0.29397010803222656
0.47840943932533264
0.8687045574188232
0.250653475522995
0.5951781272888184
0.1194244772195816
0.5785680413246155
0.3899095952510834
0.31950873136520386
0.9561835527420044
0.4424128532409668
0.8091322183609009
0.018518522381782532
0.2344323843717575
0.2226220667362213
0.27833911776542664
0.33774659037590027
0.6544641256332397
0.5458575487136841
0.9247174263000488
0.19974493980407715
0.9675673246383667
0.6010440587997437
0.0641108825802803
0.54852694272995
0.1653716266155243
0.6352841258049011
0.41063037514686584
0.7713053226470947
0.8505434989929199
0.33750593662261963
0.5012521147727966
0.20676618814468384
0.07115893810987473
0.35250622034072876
0.8775810599327087
0.046537261456251144
0.9531862735748291
0.20635531842708588
0.6619759202003479
0.7338224053382874
0.8909924030303955
0.6662241220474243
0.10317368805408478
0.45678913593292236
0.5640833377838135
0.804499626159668
0.47534406185150146
0.06210991367697716
0.7187201976776123
0.4146270453929901
0.3947117030620575
0.9623568058013916
0.5697389841079712
0.28730031847953796
0.18118104338645935
0.6780962347984314
0.5988665819168091
0.3009333610534668
0.053057897835969925
0.15352462232112885
0.8246765732765198
0.9052650332450867
0.24740798771381378
0.6239451169967651
0.5188988447189331
0.1551838368177414
0.4480939507484436
0.5424864888191223
0.9688222408294678
0.350606232881546
0.33203718066215515
0.7365925312042236
0.008782629854977131
0.0032963145058602095
0.4953020215034485
0.05512266233563423
0.4082071781158447
0.2617788314819336
0.04216398298740387
0.8657741546630859
0.2880054712295532
0.3891567885875702
0.8662344813346863
0.18347303569316864
0.6919646859169006
0.4507901668548584
0.997939944267273
0.12245962023735046
0.4409988522529602
0.2933327555656433
0.7506768703460693
0.7924580574035645
0.39125263690948486
0.6780387759208679
0.577917218208313
0.29914242029190063
0.6794941425323486
0.19163396954536438
0.10811808705329895
0.8935442566871643
0.6267810463905334
0.6995930671691895
0.8700299263000488
0.33499327301979065
0.25894245505332947
0.33675920963287354
0.12821540236473083
0.4250789284706116
0.2185397893190384
0.5746778845787048
0.2471100389957428
0.3073439598083496
0.14547862112522125
0.10269095003604889
0.1080729141831398
0.913038969039917
0.1482214629650116
0.1615399569272995
0.5013228058815002
0.6852729916572571
0.27761295437812805
0.45624056458473206
0.4418756663799286
0.7583025693893433
0.8894262313842773
0.1903901845216751
0.19497907161712646
0.5426974296569824
0.15590009093284607
0.4592720568180084
0.7478266358375549
0.5299295783042908
0.8560396432876587
0.9993141293525696
0.7473214864730835
0.5319614410400391
0.16435040533542633
0.1365080028772354
0.7023314237594604
0.7458338141441345
0.0732916072010994
0.1408505141735077
0.4590977430343628
0.9974135756492615
0.6022377610206604
0.36603474617004395
0.8944688439369202
0.30197346210479736
0.6294888257980347
0.2743981182575226
0.27645143866539
0.6495674848556519
0.7457180023193359
0.5668646097183228
0.7660732865333557
0.5610400438308716
0.8913789391517639
0.01323459018021822
0.8090502023696899
0.3963889181613922
0.9230901598930359
0.39149290323257446
0.7598538398742676
0.46574899554252625
0.7918463349342346
0.5795922875404358
0.2570537328720093
0.09433663636445999
0.6047553420066833
0.6411778926849365
0.557166337966919
0.6830077767372131
0.5639703869819641
0.7882735133171082
0.9484832286834717
0.7572152018547058
0.24188515543937683
0.4176306128501892
0.28878942131996155
0.5394675731658936
0.9565438628196716
0.8193531036376953
0.8742131590843201
0.3951166570186615
0.10823089629411697
0.7663365006446838
0.1700279712677002
0.16109171509742737
0.46393442153930664
0.7199774980545044
0.09564238041639328
0.8618996739387512
0.7953710556030273
0.3966194689273834
0.7268660068511963
0.334689736366272
0.3669854700565338
0.40743911266326904
0.6782103180885315
0.07673090696334839
0.4256988763809204
0.7648256421089172
0.8463224768638611
0.9836511611938477
0.3020936846733093
0.6972634196281433
0.3006496727466583
0.9774307608604431
0.14919491112232208
0.6172035336494446
0.6943002343177795
0.20403562486171722
0.5011073350906372
0.1487063616514206
0.8219196200370789
0.14460253715515137
0.3226856291294098
0.8256720900535583
0.04475261643528938
0.6533573269844055
0.9216710925102234
0.7262316942214966
0.45139798521995544
0.10928352922201157
0.9838170409202576
0.15165702998638153
0.4231069087982178
0.9739044904708862
0.7118635773658752
0.5805753469467163
0.836264967918396
0.9936897158622742
0.8478837609291077
0.34094566106796265
0.7671124339103699
0.5530446171760559
0.2480691820383072
0.79631108045578
0.5187655091285706
0.954582691192627
0.8702173233032227
0.2634454667568207
0.43686336278915405
0.3083330988883972
0.9781339764595032
0.28258955478668213
0.9435111284255981
0.5274489521980286
0.9810076355934143
0.259292870759964
0.9008280038833618
0.8127487897872925
0.7544744610786438
0.2388068437576294
0.6102737188339233
0.1553182750940323
0.16492949426174164
0.5385361909866333
0.20019018650054932
0.07260388880968094
0.3733184337615967
0.7648654580116272
0.7723943591117859
0.7433516383171082
0.6304163336753845
0.8303025364875793
0.9213289618492126
0.7965210676193237
0.08340492844581604
0.7051246166229248
0.2989211082458496
0.48891332745552063
0.20521245896816254
0.05924412980675697
0.5870596766471863
0.11422917991876602
0.15511970221996307
0.6181663870811462
0.8068262934684753
0.2621455192565918
0.12488525360822678
0.7675636410713196
0.6238093972206116
0.5069419741630554
0.8816109895706177
0.3087104260921478
0.6267444491386414
0.4575355648994446
0.14642421901226044
0.9701184630393982
0.7903478741645813
0.637590765953064
0.09034328162670135
0.03147587552666664
0.19019290804862976
0.3406584560871124
0.004554517101496458
0.5125508308410645
0.66780024766922
0.14453119039535522
0.44510650634765625
0.02807687036693096
0.9015347957611084
0.5654618144035339
0.3712269067764282
0.37724438309669495
0.05387628450989723
0.9038844108581543
0.32994920015335083
0.030731528997421265
0.03100549802184105
0.5843906998634338
0.128768190741539
0.6477118134498596
0.30997106432914734
0.51885586977005
0.3410530090332031
0.15946809947490692
0.8667680621147156
0.7375463843345642
0.6561043858528137
0.8803235292434692
0.5897437334060669
0.2627986967563629
0.8140547275543213
0.7761716246604919
0.4050194323062897
0.09901751577854156
0.2258751392364502
0.8409823179244995
0.13035303354263306
0.019788088276982307
0.3064269721508026
0.8958491683006287
0.7614161968231201
0.8897727727890015
0.42945972084999084
0.18119597434997559
0.49869078397750854
0.8209233283996582
0.8732811212539673
0.8291965126991272
0.8587009906768799
0.9649117588996887
0.36667588353157043
0.3140648603439331
0.3194545805454254
0.48859572410583496
0.9562292098999023
0.8145878314971924
0.6011154651641846
0.4267134964466095
0.7589083909988403
0.8650084733963013
0.9958885908126831
0.9203943014144897
0.29534462094306946
0.5098593235015869
0.8354239463806152
0.6456699371337891
0.1541435569524765
0.9489914178848267
0.19122959673404694
0.5062119960784912
0.4288376271724701
0.5289694666862488
0.5908228754997253
0.7961923480033875
0.16534166038036346
0.9203141331672668
0.251214861869812
0.3251919150352478
0.15657220780849457
0.6380722522735596
0.600686252117157
0.7420505285263062
0.7024416327476501
0.0301422867923975
0.9583665132522583
0.4175809621810913
0.0993828997015953
0.7187945246696472
0.8539093732833862
0.41414543986320496
0.6926888823509216
0.3615497052669525
0.8204306960105896
0.803830087184906
0.9648401141166687
0.9752852916717529
0.3467846214771271
0.3278430998325348
0.20184791088104248
0.6779298186302185
0.5314039587974548
0.8565537333488464
0.9468727111816406
0.9498724341392517
0.6826918721199036
0.8286829590797424
0.900560736656189
0.7963148355484009
0.34839436411857605
0.119601771235466
0.8540487289428711
0.6497424840927124
0.8124197125434875
0.6030631065368652
0.9645518660545349
0.9420872926712036
0.6348510980606079
0.25603801012039185
0.5247647166252136
0.8122429847717285
0.9145821332931519
0.31291690468788147
0.4039666950702667
0.9984583258628845
0.9252851605415344
0.4112120270729065
0.48500925302505493
0.7701817154884338
0.6230527758598328
0.08382686972618103
0.6884294152259827
0.9875100255012512
0.5840915441513062
0.8180330395698547
0.4384585916996002
0.6056009531021118
0.1398262232542038
0.2800717353820801
0.3996792733669281
0.8354426026344299
0.6424209475517273
0.7502912878990173
0.15458360314369202
0.04204927012324333
0.29808127880096436
0.4310092628002167
0.2580203413963318
0.80629962682724
0.6356428861618042
0.07595686614513397
0.906318187713623
0.4427933990955353
0.32417094707489014
0.9804030656814575
0.9978691339492798
0.7578338384628296
0.7815905809402466
0.2212763875722885
0.08856863528490067
0.16364172101020813
0.3955613672733307
0.15654107928276062
0.582397997379303
0.4204951524734497
0.2516772747039795
0.48281389474868774
0.6568015217781067
0.33788421750068665
0.8604499697685242
0.5488576889038086
0.8892419934272766
0.2940371036529541
0.5777899026870728
0.9134145379066467
0.5981834530830383
0.4592669904232025
0.0025785237085074186
0.7797857522964478
0.17601798474788666
0.9816461205482483
0.8783708810806274
0.01743699237704277
0.4997967779636383
0.40065938234329224
0.5079386830329895
0.9004228115081787
0.03772396221756935
0.6373615264892578
0.7984234690666199
0.7982057332992554
0.8588362336158752
0.39209070801734924
0.41222456097602844
0.8899954557418823
0.8354941010475159
0.3055000603199005
0.6139072179794312
0.7391636371612549
0.10606806725263596
0.8346806764602661
0.33392471075057983
0.859743595123291
0.9605824947357178
0.273769736289978
0.5841518640518188
0.9010149240493774
0.7552735209465027
0.39342567324638367
0.10665900260210037
0.7954576015472412
0.9996466040611267
0.587540864944458
0.8097202777862549
0.7428065538406372
0.17891518771648407
0.36906522512435913
0.30292123556137085
0.6258494853973389
0.9556013941764832
0.20010457932949066
0.3169860243797302
0.679344117641449
0.450950562953949
0.14253953099250793
0.8355004787445068
0.09307251125574112
0.661590039730072
0.6867636442184448
0.8821538090705872
0.531436026096344
0.834831714630127
0.7421101331710815
0.9462880492210388
0.6672633290290833
0.15995289385318756
0.4504384994506836
0.626329779624939
0.4011092483997345
0.38968411087989807
0.7223879098892212
0.9957612752914429
0.25292548537254333
0.7241086363792419
0.44381821155548096
0.9927422404289246
0.6758058667182922
0.008693009614944458
0.8074343800544739
0.8229660987854004
0.5609151124954224
0.07153605669736862
0.8454863429069519
0.9158209562301636
0.2898893356323242
0.7575270533561707
0.4252679646015167
0.632374107837677
0.748883843421936
0.0705273300409317
0.30178847908973694
0.5824900269508362
0.9902575016021729
0.12384334951639175
0.1316768229007721
0.4934171736240387
0.605588436126709
0.4083074629306793
0.10917361080646515
0.15916967391967773
0.9935956597328186
0.8370290994644165
0.9495936632156372
0.02322603389620781
0.1339222490787506
0.00019632032490335405
0.2303730845451355
0.5289268493652344
0.31400176882743835
0.6049851775169373
0.7790349125862122
0.3957209587097168
0.6072387099266052
0.550509512424469
0.7698765993118286
0.7301518321037292
0.8200992941856384
0.16463111340999603
0.722652018070221
0.08450394123792648
0.11634799093008041
0.09626653790473938
0.7189682126045227
0.20485864579677582
0.40381765365600586
0.10795524716377258
0.8888607025146484
0.37726837396621704
0.2068500518798828
0.44006824493408203
0.6905937194824219
0.38715702295303345
0.4326934516429901
0.18280473351478577
0.5394078493118286
0.8089734315872192
0.1775861531496048
0.6315767765045166
0.012367970310151577
0.2152644246816635
0.9437605142593384
0.8664570450782776
0.5756736993789673
0.9071304202079773
0.44091230630874634
0.4065766930580139
0.2248348742723465
0.8182657957077026
0.7042161226272583
0.5790923237800598
0.5385359525680542
0.1834557056427002
0.7059730887413025
0.10525178909301758
0.20998184382915497
0.7001208066940308
0.6188836097717285
0.30873361229896545
0.6268196105957031
0.20883439481258392
0.032315392047166824
0.32085421681404114
0.23585599660873413
0.22623872756958008
0.7549632787704468
0.9670891165733337
0.3864050507545471
0.3727869391441345
0.6306906938552856
0.7696783542633057
0.9133026599884033
0.9858811497688293
0.5410995483398438
0.05024803802371025
0.22152800858020782
0.6894361972808838
0.645613431930542
0.550570011138916
0.5393223166465759
0.6416626572608948
0.9019737839698792
0.2572249174118042
0.00548401428386569
0.06335822492837906
0.3340035676956177
0.07547406107187271
0.8206021785736084
0.1895189732313156
0.9314111471176147
0.2848658561706543
0.0033076871186494827
0.9726611971855164
0.46881845593452454
0.9010381698608398
0.23751208186149597
0.33071646094322205
0.3713322579860687
0.7709943056106567
0.46868380904197693
0.9029713273048401
0.8230591416358948
0.6866693496704102
0.8101521730422974
0.9561405181884766
0.7083268165588379
0.8210370540618896
0.39663225412368774
0.610844612121582
0.22910729050636292
0.7144018411636353
0.009030145592987537
0.281358927488327
0.3534865081310272
0.17562203109264374
0.8285054564476013
0.06542250514030457
0.7462350130081177
0.7553120255470276
0.912740170955658
0.8825929164886475
0.1545388251543045
0.49738672375679016
0.5891101956367493
0.6603749394416809
0.21187153458595276
0.21768859028816223
0.527186393737793
0.24255266785621643
0.666032612323761
0.5209769606590271
0.8696887493133545
0.49019959568977356
0.6553895473480225
0.10534586012363434
0.0770079717040062
0.41831260919570923
0.5985850691795349
0.3604242503643036
0.4590374827384949
0.7760268449783325
0.8925235867500305
0.24005526304244995
0.5244647860527039
0.4410068988800049
0.3398136794567108
0.2355608493089676
0.7108733057975769
0.8026314377784729
0.38027966022491455
0.743260383605957
0.10272995382547379
0.4351682960987091
0.7620120644569397
0.5882858037948608
0.6560253500938416
0.07948251813650131
0.920461893081665
0.5693963766098022
0.26425686478614807
0.5114920735359192
0.7605760097503662
0.2891205847263336
0.8908631205558777
0.2180016040802002
0.8649846315383911
0.4657585620880127
0.4556565284729004
0.9578396677970886
0.39690640568733215
0.018581833690404892
0.2471543848514557
0.42474085092544556
0.7937540411949158
0.863985538482666
0.4795677661895752
0.7689213156700134
0.31812864542007446
0.4336273670196533
0.9045094847679138
0.7197055220603943
0.02647026814520359
0.7329488396644592
0.04714590683579445
0.4299317002296448
0.7167177796363831
0.3192068636417389
0.9669156074523926
0.31191566586494446
0.20572328567504883
0.7631139755249023
0.5211613178253174
0.9579181671142578
0.49158814549446106
0.4915083646774292
0.5390191674232483
0.8426755666732788
0.4586139917373657
0.7920865416526794
0.11308543384075165
0.23085437715053558
0.39872369170188904
0.28194084763526917
0.4358212649822235
0.21582913398742676
0.1259044110774994
0.40730220079421997
0.2285061925649643
0.10918531566858292
0.28812655806541443
0.29031750559806824
0.7249482274055481
0.9280003905296326
0.4472121000289917
0.9319040775299072
0.24073606729507446
0.40039101243019104
0.37656140327453613
0.9784315824508667
0.626289963722229
0.42000165581703186
0.6405428647994995
0.4789178967475891
0.8268947005271912
0.7829481959342957
0.6475745439529419
0.13794054090976715
0.22964665293693542
0.4075588583946228
0.12890896201133728
0.6284064650535583
0.011398063972592354
0.8126197457313538
0.39862751960754395
0.2775242328643799
0.3442087173461914
0.6661661267280579
0.17658521234989166
0.25324857234954834
0.6837357878684998
0.3893457055091858
0.526823103427887
0.5322615504264832
0.1582496017217636
0.9747841358184814
0.006013381294906139
0.07774251699447632
0.05701218917965889
0.5055436491966248
0.1796984225511551
0.018320441246032715
0.7833566069602966
0.01236311811953783
0.8560642004013062
0.8078879117965698
0.38758495450019836
0.752189040184021
0.7755804061889648
0.6150845289230347
0.9972568154335022
0.1884908229112625
0.08432339876890182
0.8238818049430847
0.2099536806344986
0.542466938495636
0.9870774149894714
0.21576890349388123
0.5847952365875244
0.6887952089309692
0.6494926810264587
0.8192294239997864
0.735699474811554
0.5741006135940552
0.41738688945770264
0.24095134437084198
0.8584809899330139
0.49446913599967957
0.5889066457748413
0.38411763310432434
0.3914435803890228
0.8253355026245117
0.512872576713562
0.8954177498817444
0.9398831725120544
0.14385542273521423
0.5199922919273376
0.46875643730163574
0.9499697685241699
0.3017348051071167
0.9868115186691284
0.8911322355270386
0.6828279495239258
0.6566112637519836
0.45209863781929016
0.10495657473802567
0.3933897912502289
0.8319678902626038
0.12842515110969543
0.1743318885564804
0.7028186917304993
0.6770814657211304
0.3519870638847351
0.14536812901496887
0.5994592308998108
0.840201735496521
0.03821064904332161
0.4534774124622345
0.3272082507610321
0.7901374697685242
0.8245332837104797
0.5211356282234192
0.9915336966514587
0.2064625471830368
0.29712817072868347
0.8137897849082947
0.10503749549388885
0.9901419878005981
0.10065044462680817
0.8015799522399902
0.4244852662086487
0.9097262620925903
0.9864506721496582
0.38140857219696045
0.9877604842185974
0.9398018717765808
0.5559114813804626
0.7048771381378174
0.9791808724403381
0.03171486034989357
0.6416186094284058
0.9857382774353027
0.7396292090415955
0.3420083224773407
0.07384433597326279
0.7916873097419739
0.9796518087387085
0.16484884917736053
0.27059489488601685
0.8335265517234802
0.5357878804206848
0.33067959547042847
0.6499477028846741
0.6621436476707458
0.7187634110450745
0.8517937064170837
0.31850558519363403
0.17668895423412323
0.6093423962593079
0.07271531969308853
0.5295225381851196
0.4619264602661133
0.41320672631263733
0.06416400521993637
0.7398134469985962
0.2278389036655426
0.18919730186462402
0.32116442918777466
0.9241710901260376
0.533544659614563
0.4743315875530243
0.8695118427276611
0.3033732771873474
0.5906869173049927
0.9315233826637268
0.006978907156735659
0.9106714129447937
0.9630421996116638
0.9142889976501465
0.9911201596260071
0.7600159645080566
0.1192275658249855
0.14979884028434753
0.7318683862686157
0.5398219227790833
0.806903600692749
0.655430018901825
0.657604992389679
0.1813107579946518
0.9952412843704224
0.17925970256328583
0.0872555673122406
0.47441545128822327
0.4934692084789276
0.6704224944114685
0.012401623651385307
0.11740712821483612
0.5096056461334229
0.7413409352302551
0.031178446486592293
0.7099206447601318
0.47906360030174255
0.21344222128391266
0.892640233039856
0.7367525100708008
0.054198428988456726
0.5536572933197021
0.04328078404068947
0.11303398758172989
0.7474724054336548
0.6585782170295715
0.18451029062271118
0.4854416251182556
0.2754632830619812
0.5110905766487122
0.8475805521011353
0.44586610794067383
0.8488329648971558
0.037599124014377594
0.23850619792938232
0.9646607637405396
0.24019195139408112
0.3015364706516266
0.8191678524017334
0.8304646015167236
0.40915948152542114
0.7747892737388611
0.5298089981079102
0.0930769294500351
0.3216547966003418
0.10665746033191681
0.7831892371177673
0.17875947058200836
0.7834520936012268
0.9662294387817383
0.2644774913787842
0.6881373524665833
0.8993030190467834
0.12328103929758072
0.9650569558143616
0.0998162254691124
0.5760266780853271
0.6797703504562378
0.7420718669891357
0.6183621287345886
0.2777373194694519
0.5371624231338501
0.4183850884437561
0.7718464732170105
0.2615044414997101
0.37376001477241516
0.06556377559900284
0.8859401345252991
0.6802776455879211
0.8351302146911621
0.8536570072174072
0.45637011528015137
0.6476215720176697
0.5353198051452637
0.958707332611084
0.07541756331920624
0.6840100884437561
0.9235185980796814
0.9658433198928833
0.8496574759483337
0.61378014087677
0.30613699555397034
0.30970337986946106
0.35853132605552673
0.6034403443336487
0.6604191064834595
0.3594915270805359
0.16132387518882751
0.6011711955070496
0.8918575644493103
0.9202207326889038
0.3690647482872009
0.7705008387565613
0.1630065143108368
0.7680677771568298
0.33348074555397034
0.9713127017021179
0.7168036699295044
0.41958707571029663
0.9995796084403992
0.53990638256073
0.3568415343761444
0.725289523601532
0.3464011251926422
0.7289575934410095
0.44056734442710876
0.15934666991233826
0.438688725233078
0.11515242606401443
0.1364867240190506
0.3602728843688965
0.8222894668579102
0.8060686588287354
0.4475554823875427
0.8289107084274292
0.8150720000267029
0.7539030909538269
0.2141195386648178
0.9924833178520203
0.8943114876747131
0.5209084153175354
0.30293208360671997
0.7343040108680725
0.39708223938941956
0.00953475572168827
0.6176202297210693
0.8396620750427246
0.971084713935852
0.5313214659690857
0.4627526104450226
0.2640169858932495
0.3729344308376312
0.8436225652694702
0.08299342542886734
0.9652343392372131
0.20929695665836334
0.9960832595825195
0.8258004188537598
0.8850540518760681
0.5494397282600403
0.26840558648109436
0.7301814556121826
0.023929020389914513
0.12954671680927277
0.1703251153230667
0.18950201570987701
0.2325335144996643
0.383993536233902
0.7395095825195312
0.17528356611728668
0.9798746109008789
0.2048894762992859
0.6272100210189819
0.2090912163257599
0.3387935161590576
0.7944313287734985
0.47377610206604004
0.8100380897521973
0.5765472650527954
0.39316609501838684
0.09501762688159943
0.7201663255691528
0.7709367871284485
0.05518924072384834
0.2285078912973404
0.6505869030952454
0.9044605493545532
0.9737361669540405
0.6181601285934448
0.9826836585998535
0.04896474629640579
0.9989583492279053
0.236529141664505
0.6668927073478699
0.5656901597976685
0.5233619809150696
0.07520677149295807
0.7251385450363159
0.271080881357193
0.6898373961448669
0.5915804505348206
0.12377341836690903
0.16988109052181244
0.6361351013183594
0.16887496411800385
0.16988176107406616
0.01898474618792534
0.03901619464159012
0.1759336292743683
0.043412718921899796
0.34295403957366943
0.012180189602077007
0.106328085064888
0.3036542534828186
0.6340221762657166
0.8995151519775391
0.9504350423812866
0.5405732989311218
0.10768156498670578
0.7826836705207825
0.20301195979118347
0.27563685178756714
0.7459620833396912
0.6548289656639099
0.04601801186800003
0.4989657402038574
0.23489345610141754
0.586704671382904
0.9526429772377014
0.034505728632211685
0.8126757740974426
0.8957884907722473
0.4394904375076294
0.10979460179805756
0.7372251152992249
0.6717252731323242
0.6649011373519897
0.2867916226387024
0.7160159349441528
0.12886546552181244
0.90715491771698
0.6110953688621521
0.019712718203663826
0.3813135623931885
0.7472149729728699
0.9005979895591736
0.3631804287433624
0.08613725751638412
0.48722347617149353
0.43604540824890137
0.9436320662498474
0.15836185216903687
0.17800605297088623
0.30682373046875
0.28566476702690125
0.7817389965057373
0.4598305821418762
0.7368597388267517
0.009734317660331726
0.12043345719575882
0.4349672794342041
0.04708128049969673
0.4539896547794342
0.4193091094493866
0.8770261406898499
0.15262189507484436
0.3039650619029999
0.4508442282676697
0.6266962289810181
0.6827200651168823
0.20340809226036072
0.8780517578125
0.04814673587679863
0.5833654403686523
0.3379392921924591
0.044439684599637985
0.3014417588710785
0.47654154896736145
0.12778633832931519
0.7968893647193909
0.8117496371269226
0.5674561262130737
0.8488067984580994
0.5392234325408936
0.5718813538551331
0.30925360321998596
0.517011284828186
0.5912356972694397
0.880976140499115
0.6675974130630493
0.8346947431564331
0.4059283435344696
0.7672953605651855
0.1390768438577652
0.1412242203950882
0.5457972288131714
0.32844671607017517
0.023929771035909653
0.3912564218044281
0.658747673034668
0.15264420211315155
0.4018056392669678
0.24082060158252716
0.6164295673370361
0.45538029074668884
0.1087779775261879
0.4840584993362427
0.8099986910820007
0.17088405787944794
0.610063374042511
0.3034038841724396
0.15817764401435852
0.49787354469299316
0.8774973154067993
0.6485409736633301
0.051354680210351944
0.23259001970291138
0.3323369324207306
0.4930274188518524
0.7531573176383972
0.12301741540431976
0.6796267032623291
0.9955305457115173
0.9687461256980896
0.18046124279499054
0.7887147665023804
0.04086267575621605
0.4911295771598816
0.110547736287117
0.5930711030960083
0.6673070788383484
0.7914620637893677
0.812262237071991
0.9408718347549438
0.7735938429832458
0.7217856049537659
0.48405584692955017
0.8075650930404663
0.4978224039077759
0.5064467787742615
0.8876059055328369
0.007858199067413807
0.6077149510383606
0.06403043121099472
0.6096627116203308
0.11459892988204956
0.9000729918479919
0.12068706005811691
0.21139895915985107
0.9747918844223022
0.034013982862234116
0.4188045859336853
0.9208422899246216
0.025762518867850304
0.99864661693573
0.3097209930419922
0.40738406777381897
0.4981248676776886
0.9972602725028992
0.7889904975891113
0.45658621191978455
0.08963902294635773
0.8673388957977295
0.9678747653961182
0.5173832774162292
0.17750003933906555
0.949978768825531
0.43348681926727295
0.16492429375648499
0.06229209899902344
0.25377801060676575
0.8340761065483093
0.5565099716186523
0.6893635988235474
0.6531922221183777
0.416926771402359
0.5321576595306396
0.8525177836418152
0.7947047352790833
0.33976879715919495
0.19496531784534454
0.3838059902191162
0.1594301462173462
0.9500738978385925
0.3828427195549011
0.565873920917511
0.2046346366405487
0.9786038994789124
0.27550265192985535
0.8176797032356262
0.762306809425354
0.33415815234184265
0.6000162363052368
0.08417057991027832
0.012400801293551922
0.8968576192855835
0.4744700491428375
0.8009965419769287
0.3273281455039978
0.5487815737724304
0.7236073017120361
0.8436194658279419
0.38553711771965027
0.5754635334014893
0.45659390091896057
0.6079272627830505
0.11978259682655334
0.7140636444091797
0.2761034071445465
0.8209813833236694
0.46800005435943604
0.6877715587615967
0.5438043475151062
0.1401645392179489
0.35500073432922363
0.6970450282096863
0.0017667978536337614
0.12317102402448654
0.49926629662513733
0.878794252872467
0.7939547300338745
0.15355731546878815
0.5408855080604553
0.30824223160743713
0.6114639043807983
0.5775983929634094
0.05287811532616615
0.7593624591827393
0.3850618004798889
0.26069551706314087
0.5729253888130188
0.16371625661849976
0.2616324722766876
0.3538110852241516
0.7798789739608765
0.22618156671524048
0.3291228413581848
0.3575369417667389
0.6162193417549133
0.42201340198516846
0.981255054473877
0.6315009593963623
0.08601712435483932
0.4588819742202759
0.799649715423584
0.10372500121593475
0.2619325518608093
0.6981387734413147
0.8708321452140808
0.5116233825683594
0.5778420567512512
0.6591085195541382
0.7040762305259705
0.6316205263137817
0.2718638479709625
0.8067006468772888
0.9042112827301025
0.9432467818260193
0.37755370140075684
0.15580332279205322
0.9127157330513
0.8015514612197876
0.7267663478851318
0.11199997365474701
0.35374945402145386
0.27384600043296814
0.5170716047286987
0.2305808812379837
0.372683048248291
0.4613285958766937
0.29177138209342957
0.5259643793106079
0.38385009765625
0.4109690189361572
0.33814218640327454
0.013359930366277695
0.43812495470046997
0.5967462062835693
0.20391248166561127
0.01548649463802576
0.8618320822715759
0.6014308929443359
0.6771860122680664
0.5853034853935242
0.8578470945358276
0.6405560374259949
0.6248863935470581
0.6801462769508362
0.0489095039665699
0.8144766688346863
0.5929299592971802
0.24298390746116638
0.5950175523757935
0.15658248960971832
0.1030772477388382
0.09457136690616608
0.036408234387636185
0.9206335544586182
0.5764550566673279
0.34965503215789795
0.37122052907943726
0.8005159497261047
0.19140343368053436
0.5571470260620117
0.44852226972579956
0.9249263405799866
0.9343677759170532
0.14579251408576965
0.7098320722579956
0.6515769958496094
0.2792661488056183
0.4841967225074768
0.4447419345378876
0.470527321100235
0.4914461374282837
0.47142186760902405
0.6162644624710083
0.4130834937095642
0.23016011714935303
0.7897399663925171
0.10658295452594757
0.3724130690097809
0.7678902745246887
0.8843227624893188
0.31953519582748413
0.6400803923606873
0.8818849325180054
0.35028135776519775
0.7490559220314026
0.8862708210945129
0.7668715119361877
0.13652022182941437
0.29663699865341187
0.3081074059009552
0.21155278384685516
0.631195604801178
0.7360137104988098
0.683003306388855
0.1712459772825241
0.5650777816772461
0.9949144721031189
0.9730790853500366
0.3041035234928131
0.006487234029918909
0.10848207026720047
0.2650735676288605
0.8098865151405334
0.3642027676105499
0.9750219583511353
0.7975656390190125
0.12604084610939026
0.6033097505569458
0.7359656095504761
0.2975601851940155
0.3055172562599182
0.4855441153049469
0.44783109426498413
0.8331438302993774
0.33677545189857483
0.5603809952735901
0.04198800027370453
0.04390871152281761
0.10342530906200409
0.021580882370471954
0.3448280096054077
0.8137602806091309
0.8526279330253601
0.6812182664871216
0.7752653956413269
0.4147152602672577
0.3643167316913605
0.2480645775794983
0.4718573987483978
0.07287254929542542
0.03990258276462555
0.581098735332489
0.8498182892799377
0.7917551398277283
0.6218334436416626
0.8257225751876831
0.46274301409721375
0.8729936480522156
0.941310703754425
0.3141339421272278
0.3965138792991638
0.7461398839950562
0.4820593297481537
0.8907865881919861
0.20966443419456482
0.5272517800331116
0.2194124311208725
0.962947428226471
0.14550064504146576
0.08024151623249054
0.26074355840682983
0.9848661422729492
0.07938341796398163
0.9613749980926514
0.8480022549629211
0.29576194286346436
0.41674214601516724
0.5397435426712036
0.5443541407585144
0.00988820381462574
0.5883110761642456
0.9187453389167786
0.5321648716926575
0.2745455205440521
0.1850811094045639
0.09798292815685272
0.47989019751548767
0.47146815061569214
0.4424079656600952
0.01798086054623127
0.7072373032569885
0.05000561475753784
0.004057771060615778
0.34005409479141235
0.9583613276481628
0.8492788076400757
0.2360350340604782
0.3030462861061096
0.17546674609184265
0.7320789098739624
0.37759149074554443
0.9910619854927063
0.924303412437439
0.9399099349975586
0.679792046546936
0.49419525265693665
0.33951959013938904
0.044802334159612656
0.18919794261455536
0.9386211037635803
0.6502969264984131
0.9840487837791443
0.1452537328004837
0.4413096010684967
0.7121750712394714
0.6254786252975464
0.7116388082504272
0.5725879669189453
0.9851183295249939
0.08934248983860016
0.35862067341804504
0.8649930357933044
0.944010853767395
0.7877582907676697
0.8763260841369629
0.9004933834075928
0.38863900303840637
0.02526821941137314
0.5968871116638184
0.6153457760810852
0.97994065284729
0.8001144528388977
0.41310667991638184
0.8044906854629517
0.994717538356781
0.13061802089214325
0.7319601774215698
0.2693673372268677
0.25997844338417053
0.08063285052776337
0.9796569347381592
0.5553898811340332
0.5147842764854431
0.3460612893104553
0.9753631353378296
0.29856064915657043
0.42926689982414246
0.05552176758646965
0.23697875440120697
0.9520224928855896
0.8995131254196167
0.1741839498281479
0.3331562578678131
0.8433804512023926
0.7463899254798889
0.7306007146835327
0.1426011025905609
0.6406786441802979
0.5211126208305359
0.7449299693107605
0.35882431268692017
0.9879932999610901
0.8938016891479492
0.9905211329460144
0.0364760123193264
0.18524222075939178
0.39990586042404175
0.6875653266906738
0.8012101650238037
0.5753161907196045
0.838599681854248
0.2459385246038437
0.6558112502098083
0.42735856771469116
0.8536079525947571
0.8208997845649719
0.27726608514785767
0.25068041682243347
0.08734376728534698
0.9394497871398926
0.39802709221839905
0.5175887942314148
0.31635159254074097
0.1516977846622467
0.038114119321107864
0.8858206272125244
0.9703107476234436
0.12144678831100464
0.21512988209724426
0.1452416032552719
0.9065719246864319
0.8257978558540344
0.27978289127349854
0.26469358801841736
0.7938447594642639
0.6564657092094421
0.9269998073577881
0.6341971755027771
0.1049850732088089
0.04885656759142876
0.9428836107254028
0.5712602138519287
0.33775410056114197
0.377451092004776
0.2844805121421814
0.7055732011795044
0.8108493685722351
0.3078010678291321
0.5279166102409363
0.7387295365333557
0.644587516784668
0.626266360282898
0.08778025209903717
0.7938900589942932
0.7287216782569885
0.9665096402168274
0.9007344245910645
0.9421452879905701
0.32338979840278625
0.6878878474235535
0.2641414701938629
0.2665112018585205
0.4186827838420868
0.6465404033660889
0.28647682070732117
0.024769200012087822
0.7243845462799072
0.4856407642364502
0.3004285991191864
0.8365613222122192
0.6267502307891846
0.340974897146225
0.7276926040649414
0.2730788290500641
0.5163984298706055
0.26681745052337646
0.9395447373390198
0.26927244663238525
0.7958945631980896
0.9292826652526855
0.9322586059570312
0.32782551646232605
0.658686637878418
0.9075379371643066
0.30660128593444824
0.9155517816543579
0.8958479762077332
0.6709976196289062
0.06808456033468246
0.7988651394844055
0.9328852891921997
0.6925356388092041
0.5215522050857544
0.3335706293582916
0.7170242667198181
0.8044351935386658
0.4641342759132385
0.5609470009803772
0.9026951789855957
0.9694918990135193
0.43647029995918274
0.647504985332489
0.3428712487220764
0.9124729633331299
0.16342611610889435
0.3137567341327667
0.3107958436012268
0.6498920321464539
0.9976227283477783
0.02872077189385891
0.957858145236969
0.7862138152122498
0.994613528251648
0.6140648126602173
0.26418259739875793
0.7724965214729309
0.9105463624000549
0.6803498864173889
0.26134586334228516
0.1964305192232132
0.06116681545972824
0.08885032683610916
0.5928127765655518
0.36183789372444153
0.8558371663093567
0.04656577110290527
0.9118431806564331
0.8537054657936096
0.25725364685058594
0.5780590176582336
0.04071878641843796
0.44229012727737427
0.8958371877670288
0.8491103053092957
0.8414191007614136
0.9271754622459412
0.5999575257301331
0.027993779629468918
0.26439327001571655
0.7272833585739136
0.6008308529853821
0.07430430501699448
0.09671632945537567
0.8910380601882935
0.0827082097530365
0.7377005815505981
0.861903965473175
0.44057825207710266
0.7891194820404053
0.710979163646698
0.6221963167190552
0.4143284559249878
0.9166610836982727
0.6786755323410034
0.6890752911567688
0.5753141641616821
0.6955736875534058
0.44498810172080994
0.06915625929832458
0.4985049366950989
0.007087066303938627
0.9025606513023376
0.36355480551719666
0.12073107808828354
0.26297715306282043
0.052895400673151016
0.2245742827653885
0.8736906051635742
0.8027942180633545
0.8067753911018372
0.34610652923583984
0.7521980404853821
0.720909059047699
0.8068351149559021
0.622643768787384
0.4355325996875763
0.15703633427619934
0.2892765700817108
0.3013078272342682
0.724250316619873
0.5064308047294617
0.3829006254673004
0.07372843474149704
0.7392570972442627
0.8600403070449829
0.8399662971496582
0.39796119928359985
0.13524129986763
0.8341375589370728
0.44256508350372314
0.6621460318565369
0.7080977559089661
0.3873860538005829
0.7202433943748474
0.21509964764118195
0.8013121485710144
0.7561962008476257
0.6207094192504883
0.28982704877853394
0.004254043567925692
0.32228055596351624
0.814038097858429
0.48569566011428833
0.352729469537735
0.8064039945602417
0.6039494276046753
0.4949166178703308
0.0565180703997612
0.06323575973510742
0.6905457377433777
0.9679043889045715
0.09928431361913681
0.6606113314628601
0.6963480710983276
0.5868845582008362
0.1592230200767517
0.20040477812290192
0.22983747720718384
0.5692159533500671
0.4303602874279022
0.5091326236724854
0.570522665977478
0.18431301414966583
0.14849233627319336
0.943626880645752
0.01874307170510292
0.5083233118057251
0.6143670082092285
0.6792803406715393
0.30580830574035645
0.7218013405799866
0.5401510000228882
0.4434431493282318
0.06461440026760101
0.8910775184631348
0.7694047689437866
0.0890679880976677
0.13081727921962738
0.31702449917793274
0.5692718029022217
0.07578884810209274
0.7634761929512024
0.4343288242816925
0.4702748656272888
0.9464424848556519
0.13560692965984344
0.4631524085998535
0.3805133104324341
0.7492029070854187
0.7058480381965637
0.9300092458724976
0.14323897659778595
0.6047437191009521
0.7492974996566772
0.5854038596153259
0.6554995179176331
0.5283399224281311
0.2140713483095169
0.8003955483436584
0.9321564435958862
0.9121237397193909
0.7490244507789612
0.22709131240844727
0.8996742963790894
0.8392696976661682
0.9952666163444519
0.8691420555114746
0.5488232374191284
0.8265120387077332
0.9027449488639832
0.6132714152336121
0.7135732769966125
0.1795465499162674
0.6123001575469971
0.6126892566680908
0.867097020149231
0.8113124370574951
0.7734864354133606
0.5469701886177063
0.5198733806610107
0.5472813844680786
0.39896127581596375
0.2845084071159363
0.6180683374404907
0.3508060574531555
0.5140244960784912
0.20626015961170197
0.696805477142334
0.5783461332321167
0.3450332283973694
0.4851846396923065
0.6708383560180664
0.6289861798286438
0.4339505136013031
0.5457926988601685
0.4897521436214447
0.9937149882316589
0.04081299528479576
0.03758572041988373
0.9506643414497375
0.9053717255592346
0.05773910507559776
0.836607813835144
0.6089540719985962
0.5658673048019409
0.15391488373279572
0.523346483707428
0.8728460073471069
0.8464188575744629
0.798653781414032
0.8002742528915405
0.379784494638443
0.20622333884239197
0.847342312335968
0.9429064989089966
0.5819057822227478
0.726409375667572
0.09955690801143646
0.5611734986305237
0.05221724137663841
0.7493806481361389
0.09931348264217377
0.3282022774219513
0.8290411829948425
0.449839323759079
0.7754268646240234
0.47548407316207886
0.23630623519420624
0.25753727555274963
0.9505204558372498
0.6723619103431702
0.33175748586654663
0.1305243968963623
0.9895015358924866
0.33901500701904297
0.20144736766815186
0.18441326916217804
0.3171795606613159
0.5426219701766968
0.09987802058458328
0.9382895827293396
0.21305252611637115
0.5122901201248169
0.8914690017700195
0.8233901858329773
0.8871251940727234
0.24482455849647522
0.27230846881866455
0.9968589544296265
0.14694009721279144
0.5621318221092224
0.12130968272686005
0.12689100205898285
0.7732659578323364
0.6365737318992615
0.6879514455795288
0.16595806181430817
0.347934752702713
0.9078978896141052
0.6538392901420593
0.27640509605407715
0.27452147006988525
0.751228928565979
0.47943589091300964
0.21833327412605286
0.703666627407074
0.6966224908828735
0.3845055401325226
0.1662064790725708
0.5075350999832153
0.9770136475563049
0.8210185170173645
0.485136479139328
0.13714458048343658
0.8003063797950745
0.640483558177948
0.7815701365470886
0.561721682548523
0.16382655501365662
0.0895814597606659
0.822625994682312
0.9605304002761841
0.24316860735416412
0.7478269338607788
0.7925518155097961
0.7837960720062256
0.08916924893856049
0.5513710975646973
0.20251910388469696
0.5035609006881714
0.4420783221721649
0.6695752739906311
0.2322845309972763
0.46652570366859436
0.2101440131664276
0.4966268837451935
0.9514591693878174
0.7289348840713501
0.3183920383453369
0.5278773903846741
0.5189740061759949
0.9564178586006165
0.2535059154033661
0.18635885417461395
0.7622039318084717
0.8570797443389893
0.378422349691391
0.6369351148605347
0.3054489493370056
0.00327326450496912
0.1015547588467598
0.07596214860677719
0.9248277544975281
0.7081296443939209
0.2584276497364044
0.16788524389266968
0.8625543117523193
0.7392238974571228
0.36156344413757324
0.5366478562355042
0.9971334338188171
0.12757804989814758
0.5317782163619995
0.4945620000362396
0.9815471768379211
0.24286851286888123
0.8311382532119751
0.18631704151630402
0.7158467173576355
0.0741865336894989
0.5069167613983154
0.27606815099716187
0.6223095655441284
0.6765064001083374
0.740088939666748
0.7929335236549377
0.03236711770296097
0.5834291577339172
0.27433496713638306
0.22451148927211761
0.5456221699714661
0.6107320189476013
0.3206862509250641
0.45855388045310974
0.10148493945598602
0.04079972207546234
0.1463172733783722
0.7831696271896362
0.47389692068099976
0.6655872464179993
0.4441061317920685
0.09380342811346054
0.30907759070396423
0.42101746797561646
0.04963609203696251
0.5059741735458374
0.11140596866607666
0.2900325059890747
0.8533958196640015
0.675133466720581
0.39047080278396606
0.8196293115615845
0.026072965934872627
0.1089172214269638
0.7646609544754028
0.9994143843650818
0.7608373165130615
0.280580997467041
0.087120421230793
0.5172953009605408
0.696808397769928
0.83133864402771
0.5971167683601379
0.9343339204788208
0.7631859183311462
0.6213377118110657
0.8540393710136414
0.7524198889732361
0.47649550437927246
0.2845592796802521
0.752953827381134
0.9959643483161926
0.8337590098381042
0.8749620318412781
0.24816064536571503
0.9274376630783081
0.32950350642204285
0.4752005636692047
0.18394193053245544
0.050483085215091705
0.46594393253326416
0.24917501211166382
0.799211323261261
0.0024738607462495565
0.2739618420600891
0.1371770054101944
0.16894374787807465
0.7606292963027954
0.15469472110271454
0.4187314212322235
0.2553393244743347
0.3792860209941864
0.6295350790023804
0.49932920932769775
0.9357304573059082
0.6805928945541382
0.007716253399848938
0.07313486188650131
0.6575836539268494
0.7569775581359863
0.2997148036956787
0.3675086796283722
0.8668915033340454
0.4488105773925781
0.28114357590675354
0.16167859733104706
0.12467454373836517
0.7626922130584717
0.31935763359069824
0.4001424312591553
0.4356325566768646
0.796525239944458
0.34538760781288147
0.6840046048164368
0.16832901537418365
0.576348602771759
0.6884952187538147
0.5311434268951416
0.08057775348424911
0.7740549445152283
0.23953886330127716
0.9917702674865723
0.4224355220794678
0.3298870921134949
0.0012958272127434611
0.660089910030365
0.14040836691856384
0.9972262382507324
0.17992012202739716
0.3055398464202881
0.03795367106795311
0.45774340629577637
0.16123850643634796
0.8523887991905212
0.24460741877555847
0.9147266149520874
0.26894083619117737
0.20491179823875427
0.14095087349414825
0.8635423183441162
0.4246320426464081
0.5586214661598206
0.6291784048080444
0.8344848155975342
0.41032087802886963
0.8943914771080017
0.7795234322547913
0.3527226150035858
0.27487969398498535
0.17982740700244904
0.1285507082939148
0.02848261222243309
0.6315189003944397
0.0074869380332529545
0.0956425592303276
0.6223445534706116
0.8122178912162781
0.9831963777542114
0.9713081121444702
0.060814522206783295
0.8153105974197388
0.684175968170166
0.612841784954071
0.5611733794212341
0.7954519391059875
0.8264899849891663
0.9012482166290283
0.765597403049469
0.6394988894462585
0.6299809813499451
0.3648877441883087
0.2557370960712433
0.029946090653538704
0.20095272362232208
0.3339008390903473
0.35855260491371155
0.22837869822978973
0.6326079368591309
0.6662915349006653
0.5729383230209351
0.5493611693382263
0.6557028293609619
0.08161912858486176
0.655659019947052
0.12922531366348267
0.9480200409889221
0.9609549045562744
0.22624623775482178
0.9602994918823242
0.7828196883201599
0.9381952881813049
0.5397301912307739
0.8633506894111633
0.9091644883155823
0.3781599700450897
0.7642315626144409
0.9283484220504761
0.05431234464049339
0.8064618706703186
0.33414140343666077
0.9255929589271545
0.7344285845756531
0.20314756035804749
0.484480082988739
0.5632398724555969
0.737991213798523
0.586195170879364
0.7950615286827087
0.6458156108856201
0.17066475749015808
0.30511966347694397
0.47949135303497314
0.7509867548942566
0.20793122053146362
0.5980892181396484
0.9470109939575195
0.9649835824966431
0.6126473546028137
0.3869573771953583
0.07410503923892975
0.7653903961181641
0.6979809999465942
0.3179691731929779
0.9209046959877014
0.33890169858932495
0.07089279592037201
0.8032975196838379
0.86720210313797
0.7853482961654663
0.6572849750518799
0.8822946548461914
0.5752924084663391
0.19492170214653015
0.5043568015098572
0.2806232273578644
0.7835076451301575
0.39356639981269836
0.08397331088781357
0.44647952914237976
0.32411882281303406
0.6907683610916138
0.7425698637962341
0.1956299990415573
0.40234845876693726
0.9955570697784424
0.32760336995124817
0.7412962317466736
0.25068455934524536
0.16657307744026184
0.7371931672096252
0.1998339593410492
0.20437337458133698
0.22669003903865814
0.18521222472190857
0.48007088899612427
0.9313857555389404
0.6544890403747559
0.3652629852294922
0.2553366422653198
0.710813581943512
0.3244842290878296
0.2833544909954071
0.12330816686153412
0.30283865332603455
0.24524080753326416
0.042282599955797195
0.564639151096344
0.21972569823265076
0.3155377209186554
0.2841951251029968
0.08754251897335052
0.627353847026825
0.6175068020820618
0.3902303874492645
0.19138121604919434
0.3132682740688324
0.9481694102287292
0.5184938311576843
0.8395887017250061
0.7505211234092712
0.4206902086734772
0.9084957242012024
0.040272682905197144
0.6261556148529053
0.8481806516647339
0.7734902501106262
0.6584169268608093
0.7845572829246521
0.9307782053947449
0.9566881656646729
0.08080469816923141
0.8808200359344482
0.47049009799957275
0.11559192836284637
0.27848097681999207
0.09480354934930801
0.7815390229225159
0.9020892977714539
0.611061155796051
0.9585819244384766
0.4962090253829956
0.22964349389076233
0.933173656463623
0.10404787957668304
0.8964301943778992
0.9599530696868896
0.2656903862953186
0.310648113489151
0.9440222382545471
0.6866779327392578
0.9578320980072021
0.22915145754814148
0.6635887622833252
0.7185855507850647
0.7691700458526611
0.10367251187562943
0.5913245677947998
0.8527069091796875
0.9805580973625183
0.7851477861404419
0.5959810018539429
0.36585503816604614
0.870594322681427
0.16413241624832153
0.4612050950527191
0.3335055112838745
0.8114470839500427
0.5370684266090393
0.5394372344017029
0.3502599895000458
0.7437260746955872
0.06316438317298889
0.6884627342224121
0.4424563944339752
0.5158472657203674
0.5629885792732239
0.35361936688423157
0.3657529950141907
0.776908814907074
0.01700456067919731
0.2094644010066986
0.4167131185531616
0.5068888664245605
0.6525551676750183
0.3601745367050171
0.0021746556740254164
0.8439753651618958
0.5178982615470886
0.5406246185302734
0.9510436654090881
0.37184634804725647
0.534700334072113
0.24571102857589722
0.23668524622917175
0.7348678112030029
0.6577737331390381
0.9605705142021179
0.2562117874622345
0.9575751423835754
0.12393022328615189
0.030728809535503387
0.6268568634986877
0.48528987169265747
0.859866201877594
0.38660192489624023
0.35676851868629456
0.24028632044792175
0.744667649269104
0.15933860838413239
0.3019290268421173
0.4660103917121887
0.7610220313072205
0.9908449649810791
0.5843214392662048
0.47899264097213745
0.46936994791030884
0.32766494154930115
0.2968331277370453
0.48822522163391113
0.5024570226669312
0.24099887907505035
0.6342741847038269
0.9074259996414185
0.4883688688278198
0.4489479959011078
0.5920851826667786
0.8318488597869873
0.4032154083251953
0.2796471118927002
0.5066279768943787
0.20916590094566345
0.7550196051597595
0.9231736660003662
0.3415564298629761
0.7109919786453247
0.9390029311180115
0.4461374580860138
0.1456574946641922
0.25170421600341797
0.3300740718841553
0.6981364488601685
0.4259839951992035
0.6078636646270752
0.020014796406030655
0.2541811168193817
0.21393874287605286
0.3141285181045532
0.0311783067882061
0.845167338848114
0.6438446044921875
0.1399136781692505
0.6432464718818665
0.08063507825136185
0.3175506293773651
0.7105262875556946
0.8677437901496887
0.03486940264701843
0.9322336912155151
0.04665070399641991
0.9287301301956177
0.31767234206199646
0.037689875811338425
0.3387928307056427
0.35817888379096985
0.907853364944458
0.43828973174095154
0.267874151468277
0.4600365459918976
0.08856293559074402
0.9798197150230408
0.9451343417167664
0.14137022197246552
0.5034224987030029
0.8859991431236267
0.5249030590057373
0.06620875746011734
0.19826078414916992
0.9772747159004211
0.6967745423316956
0.30885982513427734
0.07693062722682953
0.15155795216560364
0.580166757106781
0.16182565689086914
0.22565405070781708
0.8170479536056519
0.8446077704429626
0.7023012042045593
0.752167820930481
0.9164023995399475
0.2382165789604187
0.0778629258275032
0.34158098697662354
0.2341286987066269
0.7113165855407715
0.23172232508659363
0.22394447028636932
0.7304331064224243
0.6744992733001709
0.9683465957641602
0.8732300400733948
0.42011067271232605
0.2649219036102295
0.3923371136188507
0.2963428199291229
0.9027276039123535
0.536228597164154
0.6783477663993835
0.027288317680358887
0.5276793241500854
0.4381900727748871
0.13418631255626678
0.7246008515357971
0.39005357027053833
0.6132926940917969
0.47521284222602844
0.21407881379127502
0.14637799561023712
0.145291268825531
0.6647339463233948
0.18097767233848572
0.7770369648933411
0.5064162015914917
0.45479705929756165
0.02815416269004345
0.7080262303352356
0.4784696400165558
0.7786232829093933
0.31498315930366516
0.6090894937515259
0.41910120844841003
0.3969646394252777
0.8572575449943542
0.37209200859069824
0.27893227338790894
0.8282626867294312
0.962775707244873
0.16309401392936707
0.16536763310432434
0.151357963681221
0.8449001908302307
0.06373251974582672
0.5783430337905884
0.9330228567123413
0.4884549081325531
0.7607929110527039
0.14811842143535614
0.21540936827659607
0.8793203234672546
0.38559141755104065
0.8444416522979736
0.4102942645549774
0.3419002592563629
0.4475115239620209
0.6647217869758606
0.37598899006843567
0.010748600587248802
0.6159769892692566
0.32775962352752686
0.6500824689865112
0.1254882961511612
0.5864676237106323
0.20099593698978424
0.6333334445953369
0.1549662947654724
0.6272689700126648
0.8609769344329834
0.8843149542808533
0.7561643123626709
0.45169347524642944
0.11125009506940842
0.6679859757423401
0.8461707234382629
0.8750290870666504
0.9387916326522827
0.6488514542579651
0.8367286324501038
0.1487562358379364
0.9271300435066223
0.4961988031864166
0.8408511281013489
0.28625965118408203
0.6727135181427002
0.3904038965702057
0.9068986177444458
0.06643499433994293
0.08912687748670578
0.36281976103782654
0.3157741129398346
0.7291057109832764
0.7606635093688965
0.3777023255825043
0.9184486865997314
0.804107666015625
0.703143298625946
0.8210005760192871
0.34498465061187744
0.04763945937156677
0.5296537280082703
0.22054742276668549
0.582518458366394
0.521138608455658
0.17189042270183563
0.41698819398880005
0.04382315278053284
0.33985432982444763
0.08267159014940262
0.7149328589439392
0.15772998332977295
0.24467161297798157
0.019078727811574936
0.8269947171211243
0.556336522102356
0.8847454786300659
0.10764910280704498
0.9134573340415955
0.7367883324623108
0.4441031515598297
0.24149279296398163
0.6698758006095886
0.362216979265213
0.8085240721702576
0.07548113912343979
0.548842191696167
0.8261409401893616
0.8501817584037781
0.6055300831794739
0.9765371680259705
0.6629675626754761
0.9045862555503845
0.38096240162849426
0.7898244857788086
0.9304711222648621
0.6934958100318909
0.011221104301512241
0.5364949703216553
0.051332056522369385
0.35461679100990295
0.8003583550453186
0.2981433570384979
0.7008882761001587
0.00726183969527483
0.048004478216171265
0.7678272128105164
0.68489009141922
0.22928552329540253
0.9243890643119812
0.2088131457567215
0.19779585301876068
0.3591344356536865
0.9126377105712891
0.2874131500720978
0.6934900879859924
0.4895026385784149
0.7621467113494873
0.25804728269577026
0.3896900713443756
0.04306633770465851
0.6060048937797546
0.21692584455013275
0.9853982925415039
0.23346024751663208
0.3317060172557831
0.9313652515411377
0.49858802556991577
0.5312593579292297
0.912041962146759
0.31955471634864807
0.7814432382583618
0.6432274580001831
0.5783531665802002
0.8276267051696777
0.6017177700996399
0.723943293094635
0.8298377990722656
0.37636473774909973
0.9795889854431152
0.9820430278778076
0.4729597866535187
0.17733488976955414
0.9929131865501404
0.21672289073467255
0.4871385097503662
0.5907332301139832
0.07349975407123566
0.6914675235748291
0.49179312586784363
0.827486515045166
0.8369930386543274
0.31480735540390015
0.32259875535964966
0.46614113450050354
0.26360204815864563
0.4471568763256073
0.48529374599456787
0.23412089049816132
0.8209834098815918
0.40534141659736633
0.5934969186782837
0.7600898742675781
0.4735587239265442
0.15276004374027252
0.7207208871841431
0.46926936507225037
0.19342288374900818
0.7119699120521545
0.5597713589668274
0.6142176389694214
0.5925691723823547
0.9188406467437744
0.4624943137168884
0.8146109580993652
0.43595996499061584
0.2430480420589447
0.4942872226238251
0.8227229714393616
0.680059015750885
0.8397546410560608
0.39504173398017883
0.028973283246159554
0.263468474149704
0.37186187505722046
0.8448350429534912
0.9842226505279541
0.32541003823280334
0.44748520851135254
0.13093487918376923
0.43377652764320374
0.7124294638633728
0.880703330039978
0.7473434805870056
0.35550346970558167
0.5532355308532715
0.46386846899986267
0.6527554392814636
0.5600695610046387
0.413752943277359
0.6026331186294556
0.1946505755186081
0.9370778203010559
0.8339536786079407
0.3742864727973938
0.12087792158126831
0.0700129047036171
0.11747132986783981
0.3008149266242981
0.16111093759536743
0.7829607725143433
0.4080337882041931
0.64500492811203
0.8260879516601562
0.8642495274543762
0.48309868574142456
0.04601246863603592
0.8882094025611877
0.448677659034729
0.8945116996765137
0.1885344535112381
0.6828145980834961
0.6193515658378601
0.43669888377189636
0.4769890010356903
0.2517848312854767
0.24512189626693726
0.5865558981895447
0.5447825193405151
0.8398606181144714
0.8489089608192444
0.4750593602657318
0.6188122034072876
0.7664899826049805
0.7287439703941345
0.5302703380584717
0.7675546407699585
0.302919864654541
0.907117486000061
0.3502841591835022
0.8012773394584656
0.04069729149341583
0.16365675628185272
0.8301630020141602
0.3742869794368744
0.9428346157073975
0.08243787288665771
0.8183630704879761
0.5427287220954895
0.5840319395065308
0.8688863515853882
0.9497495293617249
0.7702170610427856
0.08826417475938797
0.39222824573516846
0.3176831007003784
0.8553944230079651
0.2712012827396393
0.4046301245689392
0.3784632384777069
0.48766371607780457
0.811302900314331
0.48930367827415466
0.9131636619567871
0.7840496301651001
0.36799222230911255
0.4218282997608185
0.9074617028236389
0.968795657157898
0.3128735423088074
0.898632824420929
0.6768639087677002
0.7107809782028198
0.498977929353714
0.5043002963066101
0.7948781847953796
0.12217547744512558
0.7647562026977539
0.1469695121049881
0.5548598766326904
0.7384247183799744
0.4980027377605438
0.469866544008255
0.4948188364505768
0.6269198060035706
0.5520998239517212
0.5854917168617249
0.8595651984214783
0.9299367666244507
0.11006131023168564
0.2527104914188385
0.5386576056480408
0.6974217891693115
0.19812944531440735
0.4614678621292114
0.8156726956367493
0.07204125821590424
0.032572098076343536
0.4472843408584595
0.8840919733047485
0.9856676459312439
0.5307778120040894
0.11944972723722458
0.9660513997077942
0.149526908993721
0.21049942076206207
0.7845965027809143
0.6093665361404419
0.3842381536960602
0.0594714991748333
0.7336531281471252
0.8822481036186218
0.19393615424633026
0.7511759996414185
0.17971549928188324
0.9352604150772095
0.6094321608543396
0.6607931852340698
0.7036495208740234
0.29354146122932434
0.25427886843681335
0.42144015431404114
0.08600025624036789
0.6534232497215271
0.622747004032135
0.5241804122924805
0.9952689409255981
0.531406581401825
0.5606834292411804
0.7498731017112732
0.5567108392715454
0.40512073040008545
0.7368457913398743
0.8393028378486633
0.10443563759326935
0.33889880776405334
0.2788727879524231
0.714171826839447
0.13858580589294434
0.2485193908214569
0.08930229395627975
0.8317058682441711
0.9407992362976074
0.4011068642139435
0.8209605813026428
0.9979337453842163
0.21061944961547852
0.9041338562965393
0.9250631332397461
0.7817292809486389
0.6035439968109131
0.9187116026878357
0.559046745300293
0.5982687473297119
0.9442923665046692
0.5118862986564636
0.30942314863204956
0.6993629336357117
0.6099307537078857
0.32612138986587524
0.87498939037323
0.5260897278785706
0.48937076330184937
0.0008850350859574974
0.597790539264679
0.06207100674510002
0.76649409532547
0.46449482440948486
0.6767180562019348
0.10244670510292053
0.4726608693599701
0.682889997959137
0.898184597492218
0.7181971073150635
0.7321437001228333
0.9587276577949524
0.682885468006134
0.2970791161060333
0.9408591389656067
0.08402182906866074
0.9980515241622925
0.20439513027668
0.6215626001358032
0.5879999995231628
0.8944724202156067
0.4348953664302826
0.2559175193309784
0.6474641561508179
0.9593213796615601
0.053051624447107315
0.10753828287124634
0.8939347267150879
0.5071188807487488
0.5032122135162354
0.0578124076128006
0.05380856618285179
0.4052125811576843
0.8014737963676453
0.17962075769901276
0.8481396436691284
0.71440589427948
0.7161054611206055
0.3046149015426636
0.7295979261398315
0.19536180794239044
0.49128755927085876
0.9940687417984009
0.32981279492378235
0.7363086938858032
0.4206835925579071
0.32162874937057495
0.5261293053627014
0.5806935429573059
0.3827560544013977
0.23493468761444092
0.08197720348834991
0.727878987789154
0.5516572594642639
0.7784838676452637
0.9270132780075073
0.27115052938461304
0.7673163414001465
0.7525417804718018
0.4625878930091858
0.6763477325439453
0.04056408628821373
0.4974960684776306
0.16270045936107635
0.6689373254776001
0.916000247001648
0.05836014077067375
0.897811233997345
0.2946365475654602
0.11550503969192505
0.8506001830101013
0.2581850588321686
0.16415274143218994
0.7051728367805481
0.9888041019439697
0.47853291034698486
0.6179174184799194
0.5061317086219788
0.6589401960372925
0.555880606174469
0.29010552167892456
0.4235038459300995
0.39844706654548645
0.41607555747032166
0.9140135645866394
0.8263316750526428
0.0013412367552518845
0.21497412025928497
0.6489970684051514
0.05296925827860832
0.3782261610031128
0.6912721991539001
0.6992782354354858
0.5386495590209961
0.5744848251342773
0.9170416593551636
0.19338391721248627
0.3246616721153259
0.16641131043434143
0.627783477306366
0.73271244764328
0.24159739911556244
0.032817572355270386
0.5752245783805847
0.8104339241981506
0.2275577038526535
0.41213300824165344
0.0066112251952290535
0.3618629276752472
0.6574363112449646
0.8943839073181152
0.7727882862091064
0.32248350977897644
0.8792862892150879
0.17312821745872498
0.6461799740791321
0.30341535806655884
0.2174879014492035
0.29342225193977356
0.7541140913963318
0.8313703536987305
0.3846416175365448
0.029448579996824265
0.04572508856654167
0.5923224091529846
0.22061368823051453
0.8991209268569946
0.5044118165969849
0.289033979177475
0.6402086615562439
0.9423923492431641
0.9014929533004761
0.34696272015571594
0.6875602602958679
0.08914103358983994
0.5778640508651733
0.22383327782154083
0.4245535731315613
0.7272613644599915
0.6620091795921326
0.5160701274871826
0.9064517617225647
0.38778889179229736
0.6469653844833374
0.1594996601343155
0.3569360673427582
0.9346834421157837
0.6734600067138672
0.744735062122345
0.28834956884384155
0.41594162583351135
0.6232441663742065
0.16379418969154358
0.8681393265724182
0.8865411281585693
0.5220839381217957
0.002268291776999831
0.9767240881919861
0.7002236843109131
0.15075735747814178
0.6884894371032715
0.3065681755542755
0.40974727272987366
0.8694292902946472
0.46674275398254395
0.9540178179740906
0.7423601150512695
0.7020347118377686
0.37770581245422363
0.2164415419101715
0.5292166471481323
0.2590380311012268
0.45994889736175537
0.5194921493530273
0.6757370233535767
0.04174349457025528
0.26540741324424744
0.29404395818710327
0.852203369140625
0.25083494186401367
0.6691029071807861
0.15065109729766846
0.9506939649581909
0.4194853901863098
0.9224316477775574
0.40173110365867615
0.8081265091896057
0.5301231741905212
0.5327492952346802
0.923633873462677
0.2584654986858368
0.5463787913322449
0.3863251805305481
0.03263614699244499
0.26377344131469727
0.8329381346702576
0.6005523800849915
0.030741237103939056
0.9971792101860046
0.5141915678977966
0.002556438324972987
0.3272002339363098
0.8579453229904175
0.005698373541235924
0.01625050976872444
0.4053470194339752
0.19153472781181335
0.5368881821632385
0.08254829049110413
0.5405926704406738
0.5169364809989929
0.6821885108947754
0.17205284535884857
0.01133984699845314
0.7083353400230408
0.23394758999347687
0.5845040678977966
0.12581868469715118
0.4958609938621521
0.1777188777923584
0.9025648832321167
0.8478973507881165
0.7962030172348022
0.5443729758262634
0.770122230052948
0.012374192476272583
0.4735661745071411
0.7462913990020752
0.8524180054664612
0.42102617025375366
0.2762231230735779
0.9470460414886475
0.848612368106842
0.427042156457901
0.3307470381259918
0.10423073917627335
0.9345199465751648
0.5642449259757996
0.9295734167098999
0.12733320891857147
0.6364136934280396
0.6977577805519104
0.7408465147018433
0.4651040732860565
0.9199299216270447
0.8434354066848755
0.19505783915519714
0.8086627125740051
0.4234476089477539
0.10828840732574463
0.9923335909843445
0.5885284543037415
0.0030856947414577007
0.6269012689590454
0.6221621632575989
0.24878990650177002
0.21590065956115723
0.5942386984825134
0.45021867752075195
0.7836157083511353
0.11798439919948578
0.0035004925448447466
0.41872668266296387
0.846485435962677
0.5424647331237793
0.9565469622612
0.9599648118019104
0.23277777433395386
0.0418546237051487
0.7652348875999451
0.13107433915138245
0.17472608387470245
0.7798082828521729
0.3767452538013458
0.4615602493286133
0.5044712424278259
0.9646836519241333
0.641433596611023
0.04429744556546211
0.8494141101837158
0.3980054259300232
0.6485003232955933
0.5215557217597961
0.20334960520267487
0.32072412967681885
0.5486263036727905
0.9298713207244873
0.8126712441444397
0.9547728896141052
0.03960743919014931
0.544185221195221
0.7647687196731567
0.16791799664497375
0.3997443616390228
0.367921382188797
0.28350335359573364
0.06446024030447006
0.13269373774528503
0.39578765630722046
0.4170624911785126
0.1795029640197754
0.008167689666152
0.6881224513053894
0.23849233984947205
0.4521237909793854
0.4916131794452667
0.2203439325094223
0.21586520969867706
0.6469846963882446
0.6333677172660828
0.37987637519836426
0.2486410290002823
0.05184578895568848
0.46287235617637634
0.4858156442642212
0.08338793367147446
0.13898754119873047
0.6798447966575623
0.9767371416091919
0.7510366439819336
0.3695286214351654
0.07714857906103134
0.24833326041698456
0.21743643283843994
0.08533644676208496
0.01847781054675579
0.2167624980211258
0.41140395402908325
0.03735804185271263
0.8377715349197388
0.6082130074501038
0.8095043301582336
0.12134650349617004
0.6710656881332397
0.80279541015625
0.7390158772468567
0.46901920437812805
0.9738343954086304
0.3367551267147064
0.07967574894428253
0.37216344475746155
0.7192793488502502
0.9792705178260803
0.6950175762176514
0.3353310525417328
0.17744068801403046
0.6664849519729614
0.29911065101623535
0.4655091166496277
0.588015079498291
0.5575910210609436
0.6450696587562561
0.5210424661636353
0.1213301494717598
0.29293322563171387
0.5743970274925232
0.8777399063110352
0.9738914370536804
0.01336001232266426
0.42655420303344727
0.7307350635528564
0.06653342396020889
0.4880727529525757
0.27834874391555786
0.8001420497894287
0.6960480809211731
0.37424373626708984
0.5985041856765747
0.4403969645500183
0.3333929777145386
0.1448483169078827
0.4519433379173279
0.5751021504402161
0.9209302663803101
0.3173880875110626
0.3360319137573242
0.34340378642082214
0.9384505748748779
0.9127618074417114
0.022957608103752136
0.24976660311222076
0.1457909345626831
0.8844873905181885
0.16485902667045593
0.8128694295883179
0.04303871467709541
0.29576432704925537
0.08524078130722046
0.9105896949768066
0.4129212200641632
0.29429394006729126
0.5313879251480103
0.9097063541412354
0.08950207382440567
0.17649252712726593
0.7525337934494019
0.19222742319107056
0.3839893043041229
0.5636587142944336
0.44039857387542725
0.06035172566771507
0.6958631873130798
0.6928910613059998
0.15778174996376038
0.3318614959716797
0.32078540325164795
0.8939601182937622
0.6488903164863586
0.7479173541069031
0.6300868391990662
0.5896622538566589
0.4192532002925873
0.6787891983985901
0.25285011529922485
0.23992173373699188
0.16352097690105438
0.8695052266120911
0.00741130206733942
0.01000344380736351
0.4501221179962158
0.4225640296936035
0.02868293970823288
0.03383979946374893
0.5557963848114014
0.12629537284374237
0.5119815468788147
0.1723247468471527
0.7033523917198181
0.7329979538917542
0.46657121181488037
0.8276721835136414
0.9159426093101501
0.19232286512851715
0.7525970339775085
0.34695956110954285
0.5581268072128296
0.538434624671936
0.8422617316246033
0.6633042693138123
0.1248074397444725
0.06015542149543762
0.3646271824836731
0.5358269810676575
0.47466468811035156
0.5894050002098083
0.6116843223571777
0.5941265225410461
0.8780087828636169
0.27268749475479126
0.5738817453384399
0.062163565307855606
0.43190306425094604
0.8424597382545471
0.5750476121902466
0.41953104734420776
0.7429556250572205
0.10953886806964874
0.3649473190307617
0.8986305594444275
0.9692756533622742
0.6884018778800964
0.603342592716217
0.9507427215576172
0.5026077032089233
0.7023584246635437
0.35116279125213623
0.41538456082344055
0.9614684581756592
0.015010965056717396
0.002670173766091466
0.3566798269748688
0.8322219848632812
0.18579833209514618
0.8598909378051758
0.4576600193977356
0.6115024089813232
0.042102232575416565
0.43027517199516296
0.016445007175207138
0.37099048495292664
0.005404203198850155
0.2177211344242096
0.8068702816963196
0.8621681928634644
0.0789853185415268
0.0983794778585434
0.5660915970802307
0.25983211398124695
0.17380066215991974
0.8376469016075134
0.047945741564035416
0.33809295296669006
0.1630585789680481
0.03913339599967003
0.6776118874549866
0.8175963759422302
0.5038185715675354
0.9572468400001526
0.7616145610809326
0.7565429210662842
0.047028616070747375
0.20923276245594025
0.715917706489563
0.7334446310997009
0.2610533833503723
0.5851964950561523
0.2692165672779083
0.04472006484866142
0.6662461757659912
0.45304596424102783
0.06524789333343506
0.188966765999794
0.4729536473751068
0.382841557264328
0.679663360118866
0.24951815605163574
0.7037798762321472
0.7124404907226562
0.41832706332206726
0.9820730090141296
0.0360439233481884
0.2062883824110031
0.4346802830696106
0.7902514934539795
0.40891045331954956
0.8163636922836304
0.17482729256153107
0.7402117252349854
0.9794532656669617
0.4793007969856262
0.13524502515792847
0.9441080093383789
0.5968517661094666
0.7559634447097778
0.10414858162403107
0.5095949172973633
0.09378766268491745
0.22188380360603333
0.6935241222381592
0.7653256058692932
0.0295193362981081
0.538292407989502
0.40679994225502014
0.9207102656364441
0.28848710656166077
0.29016929864883423
0.8572536706924438
0.1987232118844986
0.14865843951702118
0.7544962167739868
0.7550296783447266
0.30150577425956726
0.3218647837638855
0.441697359085083
0.5571705102920532
0.101230189204216
0.3432970643043518
0.5331656336784363
0.9425791501998901
0.13914641737937927
0.7093477249145508
0.1773238182067871
0.6162880659103394
0.8076450824737549
0.23627977073192596
0.22025080025196075
0.9156025648117065
0.8984516859054565
0.017235059291124344
0.7116642594337463
0.987467885017395
0.9450878500938416
0.9765635132789612
0.5983129739761353
0.9791845679283142
0.9659843444824219
0.7467523217201233
0.4363028109073639
0.2822097837924957
0.6244735717773438
0.47497084736824036
0.9850025773048401
0.930122971534729
0.10786880552768707
0.7890366911888123
0.8853952884674072
0.3981934189796448
0.09696673601865768
0.40606459975242615
0.8742585778236389
0.026484796777367592
0.4964551627635956
0.47786012291908264
0.6425275802612305
0.9731581807136536
0.5928354859352112
0.00017681768804322928
0.4531705677509308
0.7206178307533264
0.808230459690094
0.42959994077682495
0.1392519176006317
0.9376025795936584
0.8520013689994812
0.7920098304748535
0.9222886562347412
0.07853162288665771
0.9222861528396606
0.8929392695426941
0.7827792763710022
0.6289622783660889
0.7785446643829346
0.1514255851507187
0.060846954584121704
0.9296993613243103
0.289948433637619
0.6261477470397949
0.08543190360069275
0.44553524255752563
0.08706100285053253
0.7880007028579712
0.9422502517700195
0.7072147727012634
0.6811094880104065
0.4944612681865692
0.6189088225364685
0.8311582207679749
0.4807089567184448
0.31935590505599976
0.47274327278137207
0.7354717254638672
0.9399375319480896
0.740755558013916
0.5028548240661621
0.8911035656929016
0.477188378572464
0.9319734573364258
0.9665164351463318
0.714607834815979
0.25246888399124146
0.11429474502801895
0.6266101002693176
0.9320592880249023
0.7266162037849426
0.9775212407112122
0.9512530565261841
0.06158023327589035
0.04469028487801552
0.24366189539432526
0.7308894991874695
0.7511914968490601
0.7104134559631348
0.35426732897758484
0.9532771110534668
0.6811043620109558
0.1565302163362503
0.5883250832557678
0.146950826048851
0.8497204780578613
0.4589046537876129
0.5394067764282227
0.8539420366287231
0.6069806218147278
0.9078524708747864
0.8502598404884338
0.659996747970581
0.6570608615875244
0.15079358220100403
0.9440521001815796
0.14748723804950714
0.962340772151947
0.4102897346019745
0.1520506739616394
0.5584742426872253
0.18815268576145172
0.5220974087715149
0.35677844285964966
0.06474379450082779
0.6867939829826355
0.7810903191566467
0.21910478174686432
0.18322888016700745
0.4732806086540222
0.1610865294933319
0.1137123852968216
0.11710230261087418
0.3699864447116852
0.623167872428894
0.09174550324678421
0.4803849458694458
0.8510139584541321
0.14791986346244812
0.9100711941719055
0.9372236728668213
0.82156902551651
0.7200520634651184
