512 1 3
0
450
1
162
2
243
3
158
4
148
5
22
6
209
7
350
8
147
9
351
10
277
11
477
12
397
13
412
11
14
15
324
16
447
17
490
18
147
19
235
20
206
21
409
22
430
12
23
24
260
25
181
26
93
27
143
28
317
29
505
30
481
31
237
26
32
33
259
34
281
35
146
36
231
37
279
38
410
39
83
40
473
37
41
42
169
43
95
44
151
45
110
46
212
47
256
48
110
49
428
50
78
51
223
3
52
14
53
54
188
55
188
56
391
57
214
58
344
59
381
60
408
61
411
62
504
63
193
64
368
65
443
66
212
67
349
68
138
69
251
70
204
71
173
72
311
73
192
74
359
75
451
76
388
77
249
60
78
50
79
80
365
81
258
82
331
7
83
81
84
85
165
86
232
87
261
88
189
89
500
40
90
91
443
92
228
90
93
11
94
95
450
96
442
97
348
46
98
99
329
100
401
101
488
102
220
103
210
104
237
64
105
106
503
107
135
108
451
43
109
110
407
62
111
112
190
113
155
114
221
115
429
116
200
117
291
118
324
31
119
42
120
121
129
122
377
59
123
44
124
125
139
126
154
127
361
128
402
129
368
130
249
85
131
132
264
133
141
134
315
135
175
136
504
137
163
111
138
139
481
3
140
141
472
142
144
42
143
144
397
145
294
146
370
147
148
148
163
149
176
150
232
151
319
152
453
153
216
154
330
52
155
156
486
157
379
158
281
32
159
160
398
161
279
162
313
163
214
164
440
165
326
161
166
167
258
95
168
169
243
170
413
171
180
172
201
173
366
174
376
175
446
176
202
177
488
78
178
179
301
180
299
181
484
182
278
18
183
8
184
25
185
186
317
31
187
39
188
146
189
116
190
191
455
192
234
193
200
194
207
195
499
95
196
197
459
119
198
199
406
18
200
201
229
202
286
203
506
22
204
205
398
206
217
18
207
208
218
32
209
210
333
211
403
212
369
69
213
214
295
215
429
119
216
217
362
218
244
219
393
13
220
198
221
9
222
158
223
87
224
225
304
226
272
227
265
228
244
229
480
117
230
159
231
232
459
233
433
120
234
235
405
236
375
34
237
90
238
95
239
240
302
241
278
242
419
243
383
244
481
69
245
246
452
203
247
83
248
249
500
250
408
251
345
252
365
253
288
244
254
255
345
41
256
214
257
41
258
259
410
260
455
261
381
28
262
263
464
126
264
93
265
266
438
267
507
268
345
88
269
270
463
271
388
272
296
69
273
274
423
275
292
276
349
277
390
62
278
24
279
280
303
281
493
259
282
31
283
54
284
235
285
39
286
96
287
38
288
289
356
85
290
128
291
152
292
84
293
111
294
295
474
211
296
41
297
17
298
205
299
300
455
301
339
105
302
303
492
304
357
305
461
306
453
307
468
308
443
309
471
310
468
182
311
312
339
313
412
247
314
288
315
316
443
317
374
318
438
314
319
40
320
321
323
121
322
233
323
229
324
325
437
326
442
327
505
86
328
329
454
66
330
214
331
55
332
333
493
165
334
335
502
85
336
250
337
198
338
339
467
340
466
341
447
254
342
343
473
344
373
345
436
148
346
118
347
278
348
345
349
61
350
175
351
124
352
329
353
143
354
355
485
355
356
94
357
358
389
359
398
29
360
361
444
362
474
39
363
232
364
151
365
50
366
235
367
338
368
321
369
30
370
153
371
273
372
143
373
374
464
236
375
286
376
119
377
333
378
379
467
122
380
381
507
357
382
137
383
384
506
266
385
187
386
113
387
368
388
110
389
90
390
287
391
301
392
325
393
361
394
372
395
396
465
333
397
8
398
251
399
281
400
401
481
402
467
66
403
404
501
16
405
296
406
269
407
408
458
409
490
287
410
133
411
239
412
393
413
414
508
288
415
247
416
417
474
384
418
97
419
420
427
83
421
407
422
350
423
81
424
372
425
247
426
9
427
72
428
429
498
147
430
257
431
332
432
367
433
276
434
392
435
436
456
432
437
106
438
210
439
4
440
66
441
203
442
194
443
45
444
242
445
80
446
373
447
281
448
419
449
429
450
451
504
188
452
177
453
205
454
5
455
339
456
441
457
143
458
327
459
452
460
104
461
100
462
125
463
39
464
18
465
418
466
279
467
468
509
304
469
470
477
225
471
260
472
198
473
49
474
117
475
316
476
384
477
478
505
314
479
136
480
398
481
47
482
345
483
242
484
237
485
101
486
413
487
488
499
266
489
148
490
155
491
116
492
234
493
124
494
43
495
114
496
486
497
75
498
117
499
235
500
437
501
236
502
400
503
320
504
2
505
54
506
16
507
365
508
144
509
262
510
312
511
0.4610515534877777
0.2521217167377472
0.1878299117088318
0.4772603213787079
0.9860830307006836
0.27164074778556824
0.359925776720047
0.08916878700256348
0.050623904913663864
0.9887858033180237
0.6570466756820679
0.5126128196716309
0.24408665299415588
0.03365235775709152
0.3324058949947357
0.5224581360816956
0.35563769936561584
0.06752278655767441
0.45203760266304016
0.3344590961933136
0.16851799190044403
0.9777646660804749
0.9866390824317932
0.07964912056922913
0.3012907803058624
0.45209354162216187
0.12770496308803558
0.47034305334091187
0.269360214471817
0.528537392616272
0.6284510493278503
0.7193275690078735
0.8716416358947754
0.6768923997879028
0.5832349061965942
0.7727370858192444
0.6251154541969299
0.5083066821098328
0.69251549243927
0.7884742617607117
0.4278193414211273
0.4855687916278839
0.8375716209411621
0.4936867654323578
0.08696967363357544
0.621381938457489
0.029505940154194832
0.7322381734848022
0.567092776298523
0.4448826014995575
0.14156313240528107
0.7634093761444092
0.958745002746582
0.6516571044921875
0.5633153915405273
0.666545033454895
0.5550622940063477
0.00662525650113821
0.17161662876605988
0.43295159935951233
0.2446659952402115
0.6870797276496887
0.47928285598754883
0.5119155645370483
0.2963106632232666
0.482501357793808
0.8690796494483948
0.35296666622161865
0.5562277436256409
0.8887696862220764
0.1782665103673935
0.3615095615386963
0.09483164548873901
0.21169520914554596
0.07748382538557053
0.20759689807891846
0.38909822702407837
0.3381151258945465
0.5832690000534058
0.35218092799186707
0.7975683808326721
0.9560853838920593
0.2885650396347046
0.567482054233551
0.5358478426933289
0.3583671450614929
0.08594914525747299
0.40399807691574097
0.029205787926912308
0.629010796546936
0.47081202268600464
0.9021451473236084
0.43095001578330994
0.10891184210777283
0.4287949502468109
0.541693389415741
0.5370581150054932
0.6052070260047913
0.16881771385669708
0.518338680267334
0.5479044914245605
0.243840292096138
0.41573765873908997
0.9982859492301941
0.08070044219493866
0.6290730834007263
0.36730480194091797
0.4819849133491516
0.4248073399066925
0.5501556396484375
0.9351571202278137
0.10952430218458176
0.7723105549812317
0.4007909893989563
0.603348970413208
0.27723532915115356
0.40744784474372864
0.8428111672401428
0.08222067356109619
0.07361021637916565
0.36272382736206055
0.25552359223365784
0.7344780564308167
0.2833014726638794
0.4437439739704132
0.6726087927818298
0.27236881852149963
0.23841144144535065
0.19182650744915009
0.1861528605222702
0.0033399187959730625
0.7961087822914124
0.9025798439979553
0.9883648753166199
0.8404501676559448
0.07288870215415955
0.7310491800308228
0.9460117220878601
0.9921586513519287
0.14860603213310242
0.7414306402206421
0.47292789816856384
0.03082326054573059
0.14226721227169037
0.059059470891952515
0.6991038918495178
0.852463960647583
0.5830992460250854
0.9180399179458618
0.03146418556571007
0.5991961359977722
0.2858380675315857
0.7240511178970337
0.7038738131523132
0.4781813323497772
0.787144124507904
0.78327876329422
0.3969772458076477
0.5478032827377319
0.23259127140045166
0.704343318939209
0.6010189652442932
0.7208439707756042
0.7881131172180176
0.1516636162996292
0.991851270198822
0.5391513705253601
0.33189570903778076
0.460440993309021
0.5986196994781494
0.6057045459747314
0.3532677888870239
0.7160055637359619
0.6856920719146729
0.20703953504562378
0.9577605128288269
0.5670112371444702
0.9262928366661072
0.03695073351264
0.5746968388557434
0.34656572341918945
0.9922086596488953
0.09148603677749634
0.23263739049434662
0.06401046365499496
0.2563796639442444
0.060313254594802856
0.3964100182056427
0.401144415140152
0.7572949528694153
0.23451223969459534
0.9048944711685181
0.22397275269031525
0.3171919584274292
0.4607822597026825
0.4545881152153015
0.24070200324058533
0.5504307746887207
0.4609054625034332
0.1449047029018402
0.4720030426979065
0.020038478076457977
0.5263549089431763
0.05402731895446777
0.8904503583908081
0.7783264517784119
0.6203104257583618
0.4891177713871002
0.335820734500885
0.05976139008998871
0.28755930066108704
0.6173262596130371
0.6960397362709045
0.3046741783618927
0.038957949727773666
0.6693322658538818
0.6990054249763489
0.331530898809433
0.6262625455856323
0.8968454003334045
0.7344667315483093
0.9365054965019226
0.10594246536493301
0.8083429336547852
0.2597578167915344
0.12925100326538086
0.4394741952419281
0.8119688630104065
0.1590423583984375
0.7476956248283386
0.16725145280361176
0.42710885405540466
0.9757559299468994
0.599060595035553
0.36719179153442383
0.9571367502212524
0.699968695640564
0.19921080768108368
0.952368438243866
0.6087853312492371
0.5090798139572144
0.13412822782993317
0.05171837657690048
0.8393192887306213
0.9494485259056091
0.11493708938360214
0.30281999707221985
0.9068107008934021
0.8946871757507324
0.7322794198989868
0.3347732722759247
0.686495840549469
0.6237226128578186
0.9899362325668335
0.5958420634269714
0.9903711676597595
0.4925691783428192
0.775992751121521
0.11374447494745255
0.37221527099609375
0.06713424623012543
0.9403142929077148
0.1582120805978775
0.2871267795562744
0.8452423810958862
0.2785073220729828
0.3925551772117615
0.8981183767318726
0.07363170385360718
0.4354739487171173
0.731755793094635
0.2917783260345459
0.46641412377357483
0.04608270153403282
0.34118929505348206
0.7151390314102173
0.9537468552589417
0.720593273639679
0.15871702134609222
0.08211732655763626
0.813997745513916
0.7296974658966064
0.37331247329711914
0.8744210004806519
0.1232999637722969
0.543621838092804
0.6924141049385071
0.010192045010626316
0.5412343144416809
0.2349700778722763
0.5956753492355347
0.12203770130872726
0.22373679280281067
0.22040480375289917
0.07097840309143066
0.8665634393692017
0.08305549621582031
0.7310806512832642
0.17051006853580475
0.8925014734268188
0.6069438457489014
0.7937279343605042
0.39335915446281433
0.7893629670143127
0.7141472101211548
0.029068538919091225
0.7299867272377014
0.2330770194530487
0.7314256429672241
0.7684876918792725
0.5741488933563232
0.2647846043109894
0.4904325604438782
0.8899044394493103
0.3219185471534729
0.7268367409706116
0.10993311554193497
0.43788379430770874
0.9404749870300293
0.2326754480600357
0.6917080879211426
0.3944082260131836
0.5462900996208191
0.08542268723249435
0.3401644825935364
0.3242124915122986
0.04661355912685394
0.8526538014411926
0.6291628479957581
0.940443217754364
0.47645530104637146
0.4249105155467987
0.16164302825927734
0.3627501130104065
0.3923460841178894
0.49634358286857605
0.6638478636741638
0.7321628928184509
0.4300233721733093
0.14803895354270935
0.35439521074295044
0.07665888965129852
0.3944227993488312
0.6850801110267639
0.5061533451080322
0.37642478942871094
0.2206728458404541
0.42252692580223083
0.758872926235199
0.4338764250278473
0.15009890496730804
0.8539938926696777
0.4682197570800781
0.0882561057806015
0.8135414123535156
0.028341656550765038
0.3870372176170349
0.6631889939308167
0.585972785949707
0.8776453733444214
0.7404183745384216
0.9945647120475769
0.592322051525116
0.2920883893966675
0.4018539786338806
0.053400054574012756
0.5295106768608093
0.8247252702713013
0.35973551869392395
0.3721374571323395
0.39931169152259827
0.7205396890640259
0.07038044929504395
0.2661030888557434
0.7011643648147583
0.1364966481924057
0.19316866993904114
0.4612930715084076
0.4696098566055298
0.25198662281036377
0.09165361523628235
0.32369866967201233
0.37368303537368774
0.5931275486946106
0.07427176833152771
0.9712662696838379
0.9609317779541016
0.3225213289260864
0.4420500099658966
0.39710018038749695
0.034005261957645416
0.34360331296920776
0.5665460228919983
0.7188854217529297
0.8818451762199402
0.6939991116523743
0.333130419254303
0.2140488624572754
0.9205092191696167
0.3865390419960022
0.5140087008476257
0.36571359634399414
0.4974310100078583
0.3426506519317627
0.4243355393409729
0.8484622240066528
0.27298635244369507
0.6918656826019287
0.9933807253837585
0.14041969180107117
0.943408727645874
0.11378580331802368
0.1822604537010193
0.0029422855004668236
0.2640773057937622
0.3166795074939728
0.24806098639965057
0.6731132864952087
0.891437292098999
0.6448384523391724
0.2897956371307373
0.3849223852157593
0.8521974682807922
0.27903568744659424
0.3800637722015381
0.07437438517808914
0.9124125838279724
0.4951498210430145
0.7339088916778564
0.16242201626300812
0.7882335782051086
0.8522560000419617
0.6068546772003174
0.4495530128479004
0.6332998275756836
0.8774977922439575
0.05718204379081726
0.29506218433380127
0.5664554238319397
0.549264669418335
0.5080714225769043
0.38882285356521606
0.8057644367218018
0.07788468152284622
0.3131502866744995
0.2805939316749573
0.030188698321580887
0.9976513981819153
0.5430955290794373
0.8032531142234802
0.6456775069236755
0.9096182584762573
0.6936110854148865
0.6370391845703125
0.9773272275924683
0.6405125260353088
0.3702279329299927
0.06411346793174744
0.27382728457450867
0.8131077885627747
0.6554425954818726
0.5987564921379089
0.9079515933990479
0.07596719264984131
0.31716954708099365
0.9811823964118958
0.8342381715774536
0.45941323041915894
0.5559555292129517
0.9791536927223206
0.1271219551563263
0.27510136365890503
0.5470758676528931
0.10237344354391098
0.8932445645332336
0.48649299144744873
0.327932208776474
0.8013889193534851
0.048118941485881805
0.07902145385742188
0.09960931539535522
0.894851565361023
0.7216311693191528
0.9390877485275269
0.46886196732521057
0.7479776740074158
0.06520364433526993
0.1680806428194046
0.321075439453125
0.49838194251060486
0.12724213302135468
0.020089711993932724
0.5511688590049744
0.0925230011343956
0.5238130688667297
0.42441877722740173
0.5824500322341919
0.6191482543945312
0.6735078692436218
0.5506852269172668
0.01358749344944954
0.36637791991233826
0.19888560473918915
0.09318222105503082
0.8838769197463989
0.9934747815132141
0.7773624658584595
0.8140440583229065
0.3025839328765869
0.5174223780632019
0.22637608647346497
0.8349292278289795
0.4612305462360382
0.6951862573623657
0.03476279601454735
0.9292991161346436
0.12764392793178558
0.4329318702220917
0.04688683897256851
0.9197452068328857
0.24712173640727997
0.020830467343330383
0.37857839465141296
0.8241079449653625
0.03999929130077362
0.6039911508560181
0.44064319133758545
0.1965920776128769
0.6038426756858826
0.392381489276886
0.9262258410453796
0.5975959897041321
0.3578755557537079
0.16577310860157013
0.9522321820259094
0.9867584705352783
0.6341789960861206
0.3638399541378021
0.591819703578949
0.48721620440483093
0.36765769124031067
0.557277262210846
0.10083213448524475
0.4588010013103485
0.6775528192520142
0.9280857443809509
0.6099146008491516
0.7014856934547424
0.41541776061058044
0.5265917181968689
0.6899129748344421
0.40824249386787415
0.6549480557441711
0.14266951382160187
0.9360653162002563
0.7174257636070251
0.0363851822912693
0.4618625044822693
0.16347968578338623
0.2728773355484009
0.9366896152496338
0.1694021224975586
0.4016529321670532
0.4543391168117523
0.4877363443374634
0.5729362964630127
0.8235017657279968
0.1372860223054886
0.5753240585327148
0.2649703621864319
0.7657751441001892
0.673169732093811
0.6062622666358948
0.40929263830184937
0.4541793167591095
0.49080196022987366
0.08732492476701736
0.7502010464668274
0.7414065003395081
0.6447814702987671
0.4231303930282593
0.10342005640268326
0.3122361898422241
0.45898422598838806
0.13098196685314178
0.8414480686187744
0.8146243691444397
0.3859790563583374
0.852225661277771
0.9990432858467102
0.28415581583976746
0.09812890738248825
0.889487624168396
0.32797837257385254
0.7678948044776917
0.045678723603487015
0.9964873194694519
0.839524507522583
0.8466219902038574
0.5914089679718018
0.6906200051307678
0.5958037376403809
0.09875462204217911
0.28327617049217224
0.9644784331321716
0.3674143850803375
0.8758735060691833
0.42396238446235657
0.11283644288778305
0.863278865814209
0.6913796663284302
0.083279088139534
0.8073230385780334
0.6144258975982666
0.01601940579712391
0.18928031623363495
0.3377171754837036
0.30697914958000183
0.18728266656398773
0.7554247975349426
0.027972465381026268
0.7786799073219299
0.08153679966926575
0.11728760600090027
0.5970946550369263
0.8228702545166016
0.9927115440368652
0.9620561003684998
0.20649106800556183
0.2690693438053131
0.5046267509460449
0.9193435907363892
0.15831595659255981
0.7381448745727539
0.3140542209148407
0.3879491686820984
0.4538436233997345
0.970439612865448
0.708928108215332
0.3490141034126282
0.8845380544662476
0.38025230169296265
0.32461023330688477
0.9320138692855835
0.5266526937484741
0.5706614255905151
0.7488627433776855
0.9913142323493958
0.7161526679992676
0.20529617369174957
0.8412880897521973
0.6233012676239014
0.5608115792274475
0.4653296172618866
0.1807805895805359
0.8216394782066345
0.7682276964187622
0.07020319253206253
0.8618560433387756
0.9636105895042419
0.983105480670929
0.10800755023956299
0.717859148979187
0.26201561093330383
0.9290781021118164
0.4224145710468292
0.8092772960662842
0.6201959848403931
0.5131412148475647
0.03467424213886261
0.45237571001052856
0.4506515860557556
0.45884865522384644
0.5070006847381592
0.7599555850028992
0.8416026830673218
0.9753440618515015
0.2125464528799057
0.42696431279182434
0.43377816677093506
0.6466533541679382
0.2862900495529175
0.31296506524086
0.7848736643791199
0.6517693400382996
0.10485406965017319
0.28896090388298035
0.9052082896232605
0.07557270675897598
0.32013511657714844
0.9123444557189941
0.9566100835800171
0.05200883373618126
0.31839728355407715
0.5818209052085876
0.8773823976516724
0.4412733316421509
0.1556052565574646
0.05150366201996803
0.0396844707429409
0.5908373594284058
0.38089028000831604
0.7901290059089661
0.15946359932422638
0.8414090275764465
0.7786784172058105
0.13784930109977722
0.7298247814178467
0.8554995059967041
0.6006597280502319
0.6102087497711182
0.0803246796131134
0.7512258887290955
0.6978162527084351
0.1965988278388977
0.0020347426179796457
0.4270862936973572
0.7465055584907532
0.623782217502594
0.06778519600629807
0.6655653119087219
0.6032199859619141
0.2864861786365509
0.9382773637771606
0.07631931453943253
0.023733321577310562
0.6509099006652832
0.9539251923561096
0.2643795311450958
0.21737338602542877
0.6141020059585571
0.3104265630245209
0.22330404818058014
0.13077419996261597
0.4253230392932892
0.9754893779754639
0.8808691501617432
0.8366488814353943
0.06210443750023842
0.37767165899276733
0.8788843750953674
0.5000775456428528
0.0004202409472782165
0.39904704689979553
0.07084895670413971
0.8068750500679016
0.9259746074676514
0.24258272349834442
0.04157865047454834
0.2130635380744934
0.22701455652713776
0.3216097950935364
0.14903633296489716
0.16795724630355835
0.9580404162406921
0.9994243383407593
0.26504018902778625
0.1759381890296936
0.6392280459403992
0.9761778712272644
0.5750163197517395
0.2512015402317047
0.9570579528808594
0.47909462451934814
0.14513851702213287
0.6503946185112
0.03405473753809929
0.7054395079612732
0.6066593527793884
0.4002791941165924
0.5330087542533875
0.4264306128025055
0.32344213128089905
0.07806964963674545
0.7567928433418274
0.83501136302948
0.6456186175346375
0.12704797089099884
0.7791792154312134
0.4761010408401489
0.7365434169769287
0.2556302845478058
0.008787167258560658
0.18387523293495178
0.201089546084404
0.9004884958267212
0.5146723985671997
0.29400908946990967
0.16367702186107635
0.006986305583268404
0.12096521258354187
0.005206708796322346
0.4117676317691803
0.2538432776927948
0.2552764117717743
0.5474340915679932
0.8076450228691101
0.2681278586387634
0.20615117251873016
0.3723903298377991
0.6881130337715149
0.6753763556480408
0.08892490714788437
0.0015742373652756214
0.1099177896976471
0.5614485144615173
0.6884092688560486
0.2974100708961487
0.7926948070526123
0.995097815990448
0.6671510934829712
0.25865286588668823
0.22323884069919586
0.24335534870624542
0.13879196345806122
0.8113834261894226
0.5788662433624268
0.5261868834495544
0.5596380829811096
0.6785532832145691
0.7975091934204102
0.49443334341049194
0.6527906656265259
0.8240705132484436
0.38514024019241333
0.20372481644153595
0.49063849449157715
0.2381763607263565
0.6867220401763916
0.144794300198555
0.06259635090827942
0.7541815042495728
0.29946279525756836
0.5287201404571533
0.17524971067905426
0.5585295557975769
0.4336671829223633
0.6092285513877869
0.7875868678092957
0.6752905249595642
0.3131379783153534
0.49011534452438354
0.4880385100841522
0.15456131100654602
0.32921841740608215
0.3454088866710663
0.7857257723808289
0.3992975652217865
0.4915039539337158
0.6558868288993835
0.28763347864151
0.8058015704154968
0.13950969278812408
0.9374421834945679
0.38718393445014954
0.0670761913061142
0.0025313571095466614
0.1372007429599762
0.07861137390136719
0.9756856560707092
0.8447930216789246
0.7702051997184753
0.39201819896698
0.18342962861061096
0.3453989624977112
0.9653591513633728
0.18276305496692657
0.7400384545326233
0.6137657761573792
0.8491634130477905
0.2140827625989914
0.2998412549495697
0.27653780579566956
0.4075109362602234
0.36164796352386475
0.49832165241241455
0.9077156782150269
0.764478862285614
0.31668955087661743
0.5299229025840759
0.3488278388977051
0.33185550570487976
0.1593843549489975
0.04242705926299095
0.8612956404685974
0.8319908976554871
0.8446955680847168
0.5742213129997253
0.7803449034690857
0.9217450022697449
0.8683121204376221
0.02349681220948696
0.8319810032844543
0.35117921233177185
0.8582333922386169
0.7533698081970215
0.09524500370025635
0.6579999327659607
0.7049416303634644
0.9570361971855164
0.5835754871368408
0.02663099579513073
0.5452762842178345
0.7672657370567322
0.8740034103393555
0.5134631395339966
0.057012032717466354
0.43962499499320984
0.4600572884082794
0.9779219627380371
0.7334108948707581
0.8788124322891235
0.002725343918427825
0.17037582397460938
0.34525927901268005
0.2413436770439148
0.9183815121650696
0.032860007137060165
0.2716584801673889
0.9220895171165466
0.7734169960021973
0.32393407821655273
0.7082188129425049
0.23975448310375214
0.09267182648181915
0.4791019558906555
0.4892488420009613
0.39876994490623474
0.28849709033966064
0.20296591520309448
0.5170409083366394
0.6493657231330872
0.31600189208984375
0.4067111015319824
0.64332515001297
0.9933282732963562
0.7940018773078918
0.8975809216499329
0.37838050723075867
0.9988608360290527
0.5864794850349426
0.055202044546604156
0.4003092646598816
0.18007250130176544
0.953000545501709
0.2520322799682617
0.9061916470527649
0.9576418399810791
0.8178086876869202
0.7969759702682495
0.5947078466415405
0.538361132144928
0.8364623188972473
0.6487863063812256
0.517072856426239
0.12982143461704254
0.4457716643810272
0.1881660372018814
0.6130969524383545
0.6912673711776733
0.49400725960731506
0.3272418677806854
0.9856144189834595
0.9006585478782654
0.14093168079853058
0.4243673086166382
0.2548152804374695
0.18375790119171143
0.8173992037773132
0.31201061606407166
0.3873085081577301
0.18624284863471985
0.5870222449302673
0.6243873834609985
0.8536152243614197
0.1755722612142563
0.20491817593574524
0.7723872065544128
0.4250662326812744
0.23444800078868866
0.5130274891853333
0.38596871495246887
0.8272252082824707
0.8538317680358887
0.09884034097194672
0.9719747304916382
0.7210478186607361
0.9887457489967346
0.8806182146072388
0.29953956604003906
0.6079987287521362
0.9436385631561279
0.7115445137023926
0.4658762812614441
0.7340424060821533
0.20619724690914154
0.4750736653804779
0.7277580499649048
0.30867376923561096
0.7657235264778137
0.5035886764526367
0.5331358909606934
0.9001134634017944
0.595884382724762
0.352901428937912
0.8286973237991333
0.47815605998039246
0.41809529066085815
0.7824994921684265
0.7670294642448425
0.9711019396781921
0.39834925532341003
0.9887722134590149
0.6011400818824768
0.26343488693237305
0.8949409127235413
0.9988510608673096
0.05867431312799454
0.42022284865379333
0.9052028059959412
0.5685279369354248
0.6787840127944946
0.4112482964992523
0.11616726964712143
0.4314693510532379
0.8645989894866943
0.8269281387329102
0.5041208863258362
0.38424474000930786
0.20256352424621582
0.35725137591362
0.29770714044570923
0.38530996441841125
0.6122727990150452
0.7503478527069092
0.5379606485366821
0.5578964352607727
0.8010631799697876
0.15401862561702728
0.6597316861152649
0.28539788722991943
0.8372859954833984
0.16213703155517578
0.3815380930900574
0.6071444749832153
0.46673840284347534
0.8521339297294617
0.5101634860038757
0.9059575796127319
0.49195396900177
0.5292869210243225
0.8819864988327026
0.8660485744476318
0.5095033645629883
0.6973729729652405
0.6369194984436035
0.36652201414108276
0.5549439191818237
0.3038719892501831
0.1406102329492569
0.18198753893375397
0.36179763078689575
0.5364807844161987
0.34910333156585693
0.47822242975234985
0.5136462450027466
0.10571175813674927
0.8150456547737122
0.6598815321922302
0.8031890988349915
0.45238643884658813
0.8143258690834045
0.44158440828323364
0.2947288751602173
0.617455780506134
0.584238588809967
0.6895744204521179
0.20106278359889984
0.7498992085456848
0.07460500299930573
0.7230541706085205
0.8892067074775696
0.9766716957092285
0.9141128063201904
0.7174435257911682
0.2547706961631775
0.5223485231399536
0.08122462779283524
0.18840602040290833
0.9666731953620911
0.8021149039268494
0.6706249713897705
0.48694100975990295
0.4046911299228668
0.9925664663314819
0.7342759966850281
0.12075583636760712
0.8196637630462646
0.8069084882736206
0.5785632133483887
0.9181544184684753
0.23654107749462128
0.8240220546722412
0.8796505928039551
0.17418205738067627
0.688377320766449
0.7916188836097717
0.1019519791007042
0.2196647971868515
0.1769794225692749
0.5683720707893372
0.8671320080757141
0.3991020619869232
0.004998371005058289
0.752249002456665
0.5771298408508301
0.13327819108963013
0.336167573928833
0.6860208511352539
0.10096569359302521
0.8327439427375793
0.7658144235610962
0.6364487409591675
0.5740700960159302
0.16226601600646973
0.6081272959709167
0.4049514830112457
0.6432080268859863
0.057024843990802765
0.882026195526123
0.32237300276756287
0.33358386158943176
0.5482853651046753
0.18719491362571716
0.5938034653663635
0.9264841079711914
0.46713149547576904
0.30864912271499634
0.41443195939064026
0.6726475954055786
0.7286679744720459
0.5152652263641357
0.7186548709869385
0.3712822198867798
0.564340353012085
0.2633729577064514
0.8987140655517578
0.6408255100250244
0.03592819720506668
0.5223084688186646
0.21939708292484283
0.35293513536453247
0.21258732676506042
0.6551039218902588
0.970116138458252
0.6699511408805847
0.2965604364871979
0.218429833650589
0.5907934308052063
0.30818530917167664
0.843600869178772
0.7123292088508606
0.49620530009269714
0.3389681875705719
0.2494620829820633
0.05914147198200226
0.8639593124389648
0.5057308673858643
0.4908275604248047
0.4762929677963257
0.893202543258667
0.775540292263031
0.14311204850673676
0.02005876414477825
0.3377689719200134
0.5383279323577881
0.5758653283119202
0.9966546297073364
0.16262705624103546
0.34920528531074524
0.8621268272399902
0.7068653702735901
0.5117782354354858
0.050283774733543396
0.8680145740509033
0.946843683719635
0.28215596079826355
0.4030384421348572
0.5417240858078003
0.11236470192670822
0.20007263123989105
0.4771595299243927
0.9365558624267578
0.9589455723762512
0.5955320596694946
0.891796350479126
0.8162393569946289
0.42878076434135437
0.7284881472587585
0.1113777905702591
0.9016805291175842
0.1245933473110199
0.4911707639694214
0.4811170697212219
0.07879212498664856
0.6275442838668823
0.010990479961037636
0.1605631709098816
0.424296498298645
0.6430326104164124
0.8874374032020569
0.5316024422645569
0.3517460823059082
0.16337725520133972
0.046241894364356995
0.549403727054596
0.15964920818805695
0.9060698747634888
0.0990637019276619
0.3299761116504669
0.6617900133132935
0.6612454652786255
0.8728500008583069
0.05132327601313591
0.676813542842865
0.6331369876861572
0.12677006423473358
0.2395934760570526
0.8627063035964966
0.4533732533454895
0.6597966551780701
0.4688487946987152
0.7465744614601135
0.5312548279762268
0.10113324970006943
0.39267435669898987
0.6800008416175842
0.7034102082252502
0.9056390523910522
0.08848650753498077
0.9006682634353638
0.5546318888664246
0.9443405866622925
0.4640004634857178
0.03573561832308769
0.9574837684631348
0.976662278175354
0.7242218852043152
0.8343558311462402
0.7573883533477783
0.8517059683799744
0.07377222925424576
0.5940393209457397
0.39456841349601746
0.2633685767650604
0.8124022483825684
0.30969247221946716
0.4467625319957733
0.6516820192337036
0.18347357213497162
0.42271122336387634
0.460919052362442
0.7776371836662292
0.3337321877479553
0.4105735421180725
0.05488647148013115
0.1893133670091629
0.7888944149017334
0.8179118633270264
0.4192630648612976
0.4885493814945221
0.5690566301345825
0.8112246990203857
0.030213410034775734
0.26099318265914917
0.7065431475639343
0.4969625771045685
0.4534469246864319
0.07290740311145782
0.3596607446670532
0.46275365352630615
0.9930054545402527
0.6092082858085632
0.013604959473013878
0.7959784865379333
0.10472410172224045
0.6806774735450745
0.09208999574184418
0.5357941389083862
0.5391526222229004
0.5863085389137268
0.13692636787891388
0.3482115566730499
0.9133342504501343
0.03366078436374664
0.34796178340911865
0.3031633496284485
0.6596100926399231
0.20394812524318695
0.26096969842910767
0.6628983020782471
0.39100202918052673
0.0741720125079155
0.5108150839805603
0.2956862449645996
0.18292610347270966
0.10644694417715073
0.2235463559627533
0.7748146653175354
0.5851045846939087
0.2547054886817932
0.9550341367721558
0.2234143167734146
0.2501489222049713
0.452497661113739
0.843504011631012
0.9421725869178772
0.5941848158836365
0.21785058081150055
0.1996416449546814
0.8174583315849304
0.7003204226493835
0.1047668382525444
0.9606857299804688
0.7617435455322266
0.3818919062614441
0.08007723093032837
0.8853858709335327
0.8027227520942688
0.7199565172195435
0.5361353158950806
0.6053488254547119
0.5967265963554382
0.17951926589012146
0.6288567781448364
0.9036766290664673
0.5243297219276428
0.22067497670650482
0.22004403173923492
0.8299814462661743
0.5054123997688293
0.2798849940299988
0.5303525328636169
0.43150147795677185
0.24620398879051208
0.04535316675901413
0.07388202100992203
0.3662623465061188
0.9631255269050598
0.04143945500254631
0.33825528621673584
0.19601121544837952
0.6027963757514954
0.3622297942638397
0.4613623023033142
0.3800525367259979
0.1673189252614975
0.6733565330505371
0.9308745265007019
0.07743231952190399
0.02260681986808777
0.4581793248653412
0.5612084269523621
0.22418063879013062
0.6910787224769592
0.9732118248939514
0.3162722587585449
0.8736302852630615
0.47017890214920044
0.30046528577804565
0.6319553256034851
0.08401132375001907
0.9967011213302612
0.11921577155590057
0.8019139766693115
0.32557839155197144
0.4162213206291199
0.08610759675502777
0.13361747562885284
0.7751075029373169
0.293580025434494
0.10669334977865219
0.14233671128749847
0.16399170458316803
0.5274529457092285
0.7147546410560608
0.734821617603302
0.7864254713058472
0.21600931882858276
0.5533055663108826
0.9605321288108826
0.9025623202323914
0.9085636138916016
0.3529222011566162
0.7647647857666016
0.7681575417518616
0.8634321689605713
0.9247497916221619
0.20778250694274902
0.15662463009357452
0.332459956407547
0.5804839134216309
0.49511152505874634
0.47857555747032166
0.7301803827285767
0.2127358615398407
0.8680960536003113
0.6203165650367737
0.8346582651138306
0.8055194616317749
0.19721011817455292
0.060195647180080414
0.8659945130348206
0.28865793347358704
0.8936976790428162
0.523596465587616
0.6524878144264221
0.1149609386920929
0.3592112958431244
0.5411339402198792
0.13507533073425293
0.7530337572097778
0.9391983151435852
0.715235710144043
0.4392608106136322
0.6435483694076538
0.17573608458042145
0.18407532572746277
0.8492005467414856
0.6259739995002747
0.0293112862855196
0.012756647542119026
0.32642653584480286
0.2632806897163391
0.23370786011219025
0.8341970443725586
0.4932703673839569
0.7721807956695557
0.1489305943250656
0.3080175817012787
0.905207097530365
0.7204318046569824
0.5901206731796265
0.7101654410362244
0.7376967668533325
0.11044657975435257
0.10959083586931229
0.30698612332344055
0.6009320020675659
0.8969845771789551
0.6867144703865051
0.607041597366333
0.4801539480686188
0.48411762714385986
0.8019008040428162
0.5750697255134583
0.47064444422721863
0.735206127166748
0.9260871410369873
0.20893000066280365
0.7203670144081116
0.3914510905742645
0.6191529631614685
0.2566210925579071
0.16977517306804657
0.9622861742973328
0.5051385760307312
0.37741780281066895
0.07149969786405563
0.9636985659599304
0.752348780632019
0.8461424112319946
0.8133941888809204
0.40899258852005005
0.3054322898387909
0.07694046199321747
0.6824843287467957
0.8535424470901489
0.7018120884895325
0.6358034610748291
0.7243345975875854
0.684256374835968
0.11165905743837357
0.4774150252342224
0.6965740919113159
0.4652564227581024
0.37398964166641235
0.5963379740715027
0.43802204728126526
0.6561333537101746
0.6610038876533508
0.49731844663619995
0.17404623329639435
0.6744294166564941
0.30955174565315247
0.20445889234542847
0.533241868019104
0.838425874710083
0.5770998001098633
0.9970182180404663
0.6980721950531006
0.7700026631355286
0.61015784740448
0.8047587275505066
0.9830843210220337
0.39904701709747314
0.6725373268127441
0.11477235704660416
0.3801627457141876
0.3245083689689636
0.5825479626655579
0.6520699262619019
0.8834477663040161
0.018880996853113174
0.12810470163822174
0.1287626028060913
0.8209455013275146
0.7668858766555786
0.4575206935405731
0.2847937047481537
0.6736613512039185
0.33222365379333496
0.6036095023155212
0.5939846634864807
0.01811792515218258
0.9819127321243286
0.8812443017959595
0.4324170649051666
0.6196913123130798
0.5615324378013611
0.8914659023284912
0.05365847051143646
0.038216836750507355
0.015489347279071808
0.9973881840705872
0.1874091923236847
0.9768654704093933
0.4984111189842224
0.3549397587776184
0.5694696307182312
0.9450916647911072
0.2155744433403015
0.8021122813224792
0.09338049590587616
0.3037997782230377
0.8694134950637817
0.06239144876599312
0.6968145370483398
0.5603746771812439
0.1113227978348732
0.9024941921234131
0.873587965965271
0.14510568976402283
0.08248293399810791
0.11360755562782288
0.9928704500198364
0.08559597283601761
0.9098060727119446
0.3908087909221649
0.9807963967323303
0.8607538938522339
0.2965984046459198
0.4499438405036926
0.500110387802124
0.1902337372303009
0.46645447611808777
0.9819005727767944
0.9547730088233948
0.648034930229187
0.8582985997200012
0.4344882667064667
0.047934334725141525
0.5347121357917786
0.27484387159347534
0.4375682771205902
0.05471669137477875
0.9709739685058594
0.40111038088798523
0.16372495889663696
0.047193292528390884
0.347324937582016
0.7306399345397949
0.6810823678970337
0.4155392050743103
0.017597127705812454
0.729857325553894
0.5949506163597107
0.9357297420501709
0.7201786637306213
0.96657395362854
0.2807784378528595
0.1958538293838501
0.6756080389022827
0.8084766864776611
0.6045867204666138
0.6144251823425293
0.9834302067756653
0.8653296232223511
0.919080376625061
0.736785352230072
0.6629451513290405
0.7199256420135498
0.355404794216156
0.3270817995071411
0.5929117798805237
0.9750641584396362
0.11974123120307922
0.5751170516014099
0.3869611918926239
0.6429981589317322
0.3049163222312927
0.2665134072303772
0.34453731775283813
0.20603534579277039
0.4468570649623871
0.8681336641311646
0.8042601346969604
0.6425135731697083
0.10380220413208008
0.20682331919670105
0.8867564797401428
0.6276615858078003
0.6630372405052185
0.2588436007499695
0.46421051025390625
0.9742326736450195
0.22169208526611328
0.3304368257522583
0.964550256729126
0.9591390490531921
0.6750476956367493
0.3194933235645294
0.8753530979156494
0.6969197392463684
0.8539621829986572
0.423456072807312
0.6713947653770447
0.7817699313163757
0.44669410586357117
0.8135918974876404
0.4751318097114563
0.9484199285507202
0.10909269005060196
0.708202064037323
0.5396766662597656
0.9004510045051575
0.4086296558380127
0.3198702335357666
0.30632874369621277
0.9308889508247375
0.7428589463233948
0.5883112549781799
0.5189675688743591
0.007039667572826147
0.8620655536651611
0.01866099052131176
0.720610499382019
0.11098750680685043
0.15642471611499786
0.3061402142047882
0.4832960069179535
0.3489445149898529
0.20746560394763947
0.17171281576156616
0.439994215965271
0.08030645549297333
0.05647924542427063
0.7295624017715454
0.7563113570213318
0.41012057662010193
0.5117146372795105
0.2089570313692093
0.7077767848968506
0.7266225218772888
0.8359470963478088
0.9666329026222229
0.23718392848968506
0.4229580760002136
0.10857214778661728
0.10693570971488953
0.3011900782585144
0.7718883752822876
0.24657396972179413
0.9443070888519287
0.34162887930870056
0.6196309924125671
0.21795131266117096
0.9236051440238953
0.5936917066574097
0.43436500430107117
0.6363385915756226
0.8473821878433228
0.8837975859642029
0.189974844455719
0.8850352764129639
0.4964327812194824
0.8131179213523865
0.9011720418930054
0.6937695741653442
0.9355363845825195
0.914325475692749
0.09959770739078522
0.2691822648048401
0.46004563570022583
0.6234428286552429
0.3727530837059021
0.871880829334259
0.863010048866272
0.8681236505508423
0.8542764186859131
0.8487425446510315
0.2825429439544678
0.09240542352199554
0.9932425618171692
0.13974109292030334
0.20009095966815948
0.9419494271278381
0.9557139873504639
0.1977054625749588
0.4278428554534912
0.6014639139175415
0.10148201882839203
0.29125937819480896
0.10388268530368805
0.6607832312583923
0.15930435061454773
0.09702389687299728
0.1056034192442894
0.12194666266441345
0.7070921659469604
0.32825273275375366
0.9399508833885193
0.1694207340478897
0.5749951601028442
0.7122451663017273
0.9266972541809082
0.7378941178321838
0.3635316491127014
0.2954024076461792
0.7989284992218018
0.6581568717956543
0.9255692362785339
0.7668130397796631
0.47545236349105835
0.3258434534072876
0.544549286365509
0.32242876291275024
0.7043442726135254
0.546975314617157
0.30347082018852234
0.8325235843658447
0.6206825375556946
0.3827715814113617
0.8279630541801453
0.3695121109485626
0.055076226592063904
0.7246572375297546
0.48910245299339294
0.20999041199684143
0.15069307386875153
0.2196788489818573
0.9220954179763794
0.33408889174461365
0.6491445899009705
0.9482403993606567
0.9812849760055542
0.06780491024255753
0.3201460540294647
0.13631290197372437
0.3530511260032654
0.23814457654953003
0.3664509952068329
0.37288323044776917
0.14335094392299652
0.602053165435791
0.2769084870815277
0.7639039158821106
0.2731122374534607
0.2001659870147705
0.27738940715789795
0.583804190158844
0.32786744832992554
0.786305844783783
0.030956652015447617
0.7753422856330872
0.6722765564918518
0.3921464681625366
0.20876525342464447
0.7852888107299805
0.2942972183227539
0.0466340072453022
0.08111874759197235
0.017741302028298378
0.884901762008667
0.7695947885513306
0.4168735146522522
0.8847490549087524
0.014051364734768867
0.1278848946094513
0.6887112855911255
0.21038901805877686
0.36092448234558105
0.2521592080593109
0.8327064514160156
0.9247196912765503
0.9118691682815552
0.1866854429244995
0.08438170701265335
0.037988267838954926
0.9368428587913513
0.20862898230552673
0.8476420044898987
0.8332058787345886
0.43246519565582275
0.22673451900482178
0.4024832844734192
0.8765919208526611
0.11964216083288193
0.7589461207389832
0.6779821515083313
0.28526023030281067
0.027893073856830597
0.16338934004306793
0.47966572642326355
0.14526869356632233
0.16842566430568695
0.6904593110084534
0.964921772480011
0.11923345178365707
0.3200111985206604
0.12053398042917252
0.07527649402618408
0.06815113872289658
0.4891858696937561
0.25241804122924805
0.004775927867740393
0.17847424745559692
0.9542317986488342
0.8920884132385254
0.9161967039108276
0.5655403137207031
0.9975239038467407
0.19547045230865479
0.7829418778419495
0.7506448030471802
0.5306940078735352
0.14020155370235443
0.7430943250656128
0.22260120511054993
0.3127860426902771
0.8797081708908081
0.8443719148635864
0.2415298968553543
0.08340989798307419
0.7395272254943848
0.4135079085826874
0.7429860234260559
0.9316722750663757
0.14909780025482178
0.21695491671562195
0.4447587728500366
0.8124750256538391
0.7145935297012329
0.06539223343133926
0.4471532106399536
0.26103177666664124
0.29783153533935547
0.493397057056427
0.7101937532424927
0.9512748122215271
0.555604100227356
0.27097079157829285
0.7664903402328491
0.8268170952796936
0.36718299984931946
0.028224244713783264
0.5671753883361816
0.6821602582931519
0.1047486960887909
0.9698923826217651
0.3201184570789337
0.34809383749961853
0.11849410086870193
0.3628924489021301
0.379890114068985
0.8061793446540833
0.11130072921514511
0.8526958227157593
0.19989889860153198
0.8363577127456665
0.10467888414859772
0.9324914216995239
0.48662707209587097
0.7884344458580017
0.7064797878265381
0.9503181576728821
0.9045480489730835
0.3439038097858429
0.8157408833503723
0.7755459547042847
0.9749753475189209
0.31601932644844055
0.2582857310771942
0.9654271602630615
0.3984907865524292
0.22049807012081146
0.9498530030250549
0.7012943029403687
0.06335631757974625
0.7616692781448364
0.7363407611846924
0.6779239773750305
0.04690847918391228
0.774270236492157
0.177946999669075
0.17100876569747925
0.5547542572021484
0.9597253799438477
0.82261723279953
0.1276172250509262
0.7839022874832153
0.059814438223838806
0.9435821771621704
0.32896721363067627
0.8370997309684753
0.3871452510356903
0.2589341402053833
0.7513408660888672
0.553537130355835
0.8803858757019043
0.2573187053203583
0.6035419702529907
0.6619906425476074
0.5879497528076172
0.3573903441429138
0.7009813785552979
0.4070257544517517
0.4571845233440399
0.3338277339935303
0.8747502565383911
0.36230555176734924
0.2702673375606537
0.3316842317581177
0.825320839881897
0.6646360158920288
0.6357353329658508
0.8822357058525085
0.6595897078514099
0.8291985988616943
0.8565206527709961
0.3860999643802643
0.1383860856294632
0.1762152463197708
0.7584323883056641
0.5583590865135193
0.16912107169628143
0.2850577235221863
0.27407899498939514
0.2659236490726471
0.562224805355072
0.22306497395038605
0.571026623249054
0.5610839128494263
0.8599625825881958
0.587990403175354
0.7234951853752136
0.8054438233375549
0.4246370494365692
0.6416599154472351
0.7610743641853333
0.08874011784791946
0.47993379831314087
0.9861146807670593
0.22591441869735718
0.28296875953674316
0.15626764297485352
0.4588625729084015
0.16509562730789185
0.43485206365585327
0.6046420335769653
0.07214196771383286
0.3865947127342224
0.9904021620750427
0.35124900937080383
0.6229827404022217
0.29524996876716614
0.15258963406085968
0.15427371859550476
0.3431902229785919
0.464415967464447
0.3947695791721344
0.9416933655738831
0.819680392742157
0.21868377923965454
0.18154066801071167
0.6094510555267334
0.8970220685005188
0.1669197827577591
0.7193732261657715
0.6978772282600403
0.9546469449996948
0.1483582854270935
0.3039422929286957
0.7138108611106873
0.6087473034858704
0.6102590560913086
0.4007960557937622
0.3909773528575897
0.6239296197891235
0.33642473816871643
0.74711674451828
0.912824273109436
0.8894047141075134
0.14729063212871552
0.29071274399757385
0.912200391292572
0.7102057337760925
0.38989391922950745
0.5070911645889282
0.31953415274620056
0.7651056051254272
0.1057368814945221
0.8554386496543884
0.5204904675483704
0.3251393139362335
0.1536388397216797
0.523619532585144
0.5892837047576904
0.853468120098114
0.06786458194255829
0.9988037943840027
0.3819565773010254
0.25129103660583496
0.6047853231430054
0.6897143721580505
0.471861869096756
0.8781972527503967
0.45723843574523926
0.36179399490356445
0.595608651638031
0.2715141177177429
0.43604153394699097
0.914900004863739
0.4026353359222412
0.24404755234718323
0.7046272158622742
0.5389160513877869
0.5622485280036926
0.3492063283920288
0.06337343901395798
0.9327219724655151
0.32547861337661743
0.03939587622880936
0.6723857522010803
0.33941197395324707
0.626559853553772
0.8760374188423157
0.035475149750709534
0.3521086573600769
0.11885818094015121
0.4608116149902344
0.40081238746643066
0.2776687741279602
0.7958718538284302
0.9882153272628784
0.8985133171081543
0.28502771258354187
0.6703276634216309
0.05096910893917084
0.276859849691391
0.9086489677429199
0.9671489000320435
0.9803555011749268
0.43885141611099243
0.7012940645217896
0.17873089015483856
0.41027480363845825
0.8067285418510437
0.4343559443950653
0.7132894396781921
0.037554774433374405
0.38698697090148926
0.10242699086666107
0.5725181102752686
0.21597816050052643
0.8494285941123962
0.9045596122741699
0.9566848874092102
0.9321572780609131
0.48944762349128723
0.6075755953788757
0.19382420182228088
0.7829739451408386
0.9170069098472595
0.35412925481796265
0.25044456124305725
0.9988908767700195
0.5456738471984863
0.5203672647476196
0.8627714514732361
0.7684648036956787
0.17319169640541077
0.4321269094944
0.2953979969024658
0.09851714968681335
0.510904848575592
0.04062784090638161
0.6426712870597839
0.8891332149505615
0.8708198666572571
0.1366092413663864
0.5709996819496155
0.6472350358963013
0.4124354422092438
0.31467995047569275
0.19764092564582825
0.562027096748352
0.504289448261261
0.1441090852022171
0.6218898892402649
0.07918728142976761
0.08888976275920868
0.7212449908256531
0.21661558747291565
0.9143242239952087
0.9518134593963623
0.3643280863761902
0.13497042655944824
0.1854747086763382
0.8575779795646667
0.5177598595619202
0.3056234121322632
0.7373247146606445
0.405426025390625
0.5009797215461731
0.8367276787757874
0.17612715065479279
0.4065820872783661
0.8333352208137512
0.3016194999217987
0.6639111638069153
0.45168793201446533
0.25039225816726685
0.7860177159309387
0.5196621417999268
0.47961464524269104
0.4781700670719147
0.928051233291626
0.26488691568374634
0.24484701454639435
0.70556640625
0.8195073008537292
0.46338018774986267
0.03963323310017586
0.25255087018013
0.5199223756790161
0.8766841888427734
0.40119707584381104
0.9338202476501465
0.48087963461875916
0.7391417026519775
0.3004590570926666
0.7639116644859314
0.7393523454666138
0.7637980580329895
0.02248411439359188
0.9187335968017578
0.24564127624034882
0.2071927934885025
0.8402224183082581
0.4751369059085846
0.1835651695728302
0.10677415132522583
0.33115142583847046
0.6690190434455872
0.8368879556655884
0.7660065293312073
0.4944037199020386
0.7963424921035767
0.016775010153651237
0.6016764640808105
0.5637534260749817
0.9639078974723816
0.9794213771820068
0.1263827681541443
0.13697628676891327
0.6416577100753784
0.06206560507416725
0.612736165523529
0.10051342099905014
0.9969125390052795
0.8100222945213318
0.7900647521018982
0.45119765400886536
0.5676169991493225
0.9419410824775696
0.4466418921947479
0.6143088936805725
0.052755072712898254
0.5032700896263123
0.4135490357875824
0.6571844220161438
0.2516414523124695
0.7688415050506592
0.9001206159591675
0.9136652946472168
0.3379599452018738
0.3468548357486725
0.2861752510070801
0.06792397052049637
0.5874444246292114
0.9198028445243835
0.807462215423584
0.7493047118186951
0.0863274484872818
0.7232192754745483
0.6520538330078125
0.9361909031867981
0.6360698938369751
0.1713956594467163
0.46534615755081177
0.6419700384140015
0.4844101667404175
0.5863052010536194
0.29173433780670166
0.07663813978433609
0.8400914072990417
0.00410127080976963
0.2870175242424011
0.7407668232917786
0.17526283860206604
0.0748891830444336
0.426387220621109
0.6417790651321411
0.8753992319107056
0.9482889175415039
0.2432061731815338
0.36716631054878235
0.2984834909439087
0.10196784138679504
0.347821444272995
0.5622880458831787
0.024361614137887955
0.4140370488166809
0.6131545901298523
0.40417546033859253
0.38433247804641724
0.9102677702903748
0.8330148458480835
0.7322432398796082
0.17165490984916687
0.8142990469932556
0.73480224609375
0.04930149391293526
0.9654298424720764
0.6980538964271545
0.9476705193519592
0.028709128499031067
0.40531474351882935
0.3361370861530304
0.4702472388744354
0.938733696937561
0.691329836845398
0.9142480492591858
0.5343838334083557
0.21320611238479614
0.8676024675369263
0.44918325543403625
0.7561135292053223
0.3977029323577881
0.4223669171333313
0.0034388022031635046
0.9168007969856262
0.18606500327587128
0.37385934591293335
0.9753068089485168
0.5387963056564331
0.31451573967933655
0.03825942426919937
0.26267415285110474
0.8533192873001099
0.06192163750529289
0.6811026334762573
0.6836233735084534
0.5516098737716675
0.9393344521522522
0.16293865442276
0.9513296484947205
0.4055788815021515
0.7450794577598572
0.4125382900238037
0.5344879031181335
0.9256488084793091
0.2632371485233307
0.027460014447569847
0.015893004834651947
0.9856590628623962
0.6264302134513855
0.5545044541358948
0.886440098285675
0.47366493940353394
0.3186780512332916
0.5856344699859619
0.11542254686355591
0.19174319505691528
0.6946653127670288
0.8214673399925232
0.16706548631191254
0.1824541538953781
0.19027912616729736
0.2832660377025604
0.036003489047288895
0.46215224266052246
0.5406941175460815
0.8713246583938599
0.6514115929603577
0.5096128582954407
0.6486607193946838
0.34881240129470825
0.5093002915382385
0.8553992509841919
0.8009427785873413
0.14028261601924896
0.7577509880065918
0.5909205675125122
0.23673832416534424
0.5619868040084839
0.18566523492336273
0.44343802332878113
0.9687706232070923
0.23993408679962158
0.6961134076118469
0.8563072085380554
0.06491626054048538
0.16806763410568237
0.4673519432544708
0.13535064458847046
0.6836024522781372
0.0053002010099589825
0.10552188009023666
0.2711368203163147
0.5820899605751038
0.2116217017173767
0.8139591813087463
0.4046596884727478
0.8016300797462463
0.30717650055885315
0.6387699842453003
0.747755765914917
0.0001563809346407652
0.29188746213912964
0.6920910477638245
0.42208975553512573
0.02161986380815506
0.5573629140853882
0.6760062575340271
0.10694935917854309
0.8000783324241638
0.5378077030181885
0.5797629952430725
0.7054455280303955
0.46966737508773804
0.5154181122779846
0.008776100352406502
0.09832862764596939
0.5134535431861877
0.42775455117225647
0.054256804287433624
0.46260038018226624
0.025718269869685173
0.172516331076622
0.892784833908081
0.25863364338874817
0.5855015516281128
0.8592215180397034
0.18659791350364685
0.17055672407150269
0.12837328016757965
0.06433369964361191
0.9904701709747314
0.6461631655693054
0.4474981129169464
0.5393375158309937
0.9376054406166077
0.5772488713264465
0.7067482471466064
0.9170963168144226
0.47854363918304443
0.49560701847076416
0.03893497586250305
0.6119179725646973
0.5697484016418457
0.9362671971321106
0.7335516810417175
0.9207009673118591
0.17379626631736755
0.45847970247268677
0.7762457728385925
0.8163285255432129
0.7754353284835815
0.08479882776737213
0.755708634853363
0.9346919655799866
0.12421218305826187
0.04534849897027016
0.030012335628271103
0.05902129411697388
0.8280627131462097
0.05531145632266998
0.9440511465072632
0.1790710985660553
0.9377903938293457
0.37456321716308594
0.47473955154418945
0.21980758011341095
0.21146802604198456
0.8401651382446289
0.16534960269927979
0.1574859619140625
0.8309116363525391
0.5685235261917114
0.8426405787467957
0.4440692961215973
0.1977280229330063
0.2143305242061615
0.4948575496673584
0.5839065909385681
0.9886754155158997
0.6768589019775391
0.12907427549362183
0.3849806487560272
0.9305909872055054
0.4875534176826477
0.3142922520637512
0.30121180415153503
0.7199260592460632
0.522663950920105
0.5504968166351318
0.38861194252967834
0.017121417447924614
0.6014840006828308
0.9539328813552856
0.5211393237113953
0.2111460417509079
0.8044646978378296
0.3942400813102722
0.5575054287910461
0.7503747344017029
0.6998876929283142
0.263496994972229
0.8364046216011047
0.9256837964057922
0.008165674284100533
0.8851731419563293
0.6746256947517395
0.13945405185222626
0.526247501373291
0.13527797162532806
0.4034866690635681
0.5154804587364197
0.10183361172676086
0.20076829195022583
0.6605085134506226
0.5753938555717468
0.2948565185070038
0.7898309826850891
0.30614590644836426
0.8497481942176819
0.5031408071517944
0.05823090672492981
0.7434992790222168
0.65864497423172
0.8649954199790955
0.7878975868225098
0.6913227438926697
0.269178181886673
0.5431922078132629
0.6894443035125732
0.9101592898368835
0.6332905292510986
0.14807863533496857
0.046497613191604614
0.3583536148071289
0.9044348001480103
0.3768761456012726
0.6703636050224304
0.07432924956083298
0.6708085536956787
0.884343147277832
0.5222207307815552
0.1011112853884697
0.36064282059669495
0.5465479493141174
0.48344409465789795
0.0646093562245369
0.9190042614936829
0.08371371030807495
0.8338862657546997
0.38637402653694153
0.40162548422813416
0.09434196352958679
0.10603182762861252
0.8902986645698547
0.3929387927055359
0.5990452170372009
0.30579859018325806
0.7883931994438171
0.158407062292099
0.6872644424438477
0.04701525717973709
0.7748337388038635
0.9580832123756409
0.11272498220205307
0.8031942248344421
0.9026745557785034
0.3622135519981384
0.3830438256263733
0.39025869965553284
0.5021089911460876
0.7000383734703064
0.6282801628112793
0.3382434844970703
0.1513364613056183
0.5472070574760437
0.5191251039505005
0.631122350692749
0.7839455604553223
0.6391368508338928
0.04751384258270264
0.6500833034515381
0.6167418360710144
0.015377330593764782
0.7197484374046326
0.4784878194332123
0.025725455954670906
0.959158718585968
0.3596397042274475
0.3191647231578827
0.3482101559638977
0.054766636341810226
0.5095092058181763
0.9672039747238159
0.23970913887023926
0.8941028714179993
0.2494887411594391
0.9189621806144714
0.05781992897391319
0.09267473965883255
0.8338835835456848
0.35264283418655396
0.7715550065040588
0.46734705567359924
0.16526514291763306
0.8112159967422485
0.4262659251689911
0.6183692812919617
0.8814231753349304
0.8427882790565491
0.7773817777633667
0.260938823223114
0.23884545266628265
0.5058658719062805
0.9588664174079895
0.3221045434474945
0.38393592834472656
0.5803518891334534
0.4072364270687103
0.23006294667720795
0.6895584464073181
0.31549835205078125
0.04580223560333252
0.21348696947097778
0.8867363333702087
0.8125601410865784
0.37128743529319763
0.5583144426345825
0.2923712432384491
0.6122145652770996
0.9309942126274109
0.1870979219675064
0.5621322393417358
0.3120023012161255
0.1363997459411621
0.728543221950531
0.47483354806900024
0.058494288474321365
0.7833267450332642
0.6079878807067871
0.03552348166704178
0.42723575234413147
0.12498349696397781
0.7476781010627747
0.6344252228736877
0.3538084924221039
0.7037861347198486
0.5636436939239502
0.8130552172660828
0.9767156839370728
0.27755841612815857
0.2840445935726166
0.2774578332901001
0.16605490446090698
0.1297386884689331
0.6324328184127808
0.09399715811014175
0.33876460790634155
0.6233909130096436
0.4733702540397644
0.09401674568653107
0.5566191077232361
0.7235032916069031
0.9761791825294495
0.7583035230636597
0.40363770723342896
0.08715963363647461
0.4139208495616913
0.07119909673929214
0.03453896567225456
0.6809542179107666
0.13941773772239685
0.1941707730293274
0.3138704001903534
0.40245485305786133
0.1561189591884613
0.589604377746582
0.49143484234809875
0.5166148543357849
0.7643651962280273
0.06951910257339478
0.9058870077133179
0.4038735628128052
0.5671762228012085
0.6712554693222046
0.5855619311332703
0.9833472967147827
0.7996187806129456
0.1549195945262909
0.5455129146575928
0.11048237234354019
0.19383668899536133
0.859205961227417
0.9061934947967529
0.892155110836029
0.6730860471725464
0.643561601638794
0.4100405275821686
0.5045174360275269
0.04384543374180794
0.7804383039474487
0.5622825026512146
0.05351468548178673
0.6798529028892517
0.855987012386322
0.22663941979408264
0.20922918617725372
0.8582234382629395
0.8126730918884277
0.9147680997848511
0.2326611429452896
0.5014404654502869
0.324162095785141
0.2659981846809387
0.2473619282245636
0.47651082277297974
0.8700479865074158
0.5230333805084229
0.9568331241607666
0.16887956857681274
0.7947014570236206
0.10745330154895782
0.2387980967760086
0.3702695667743683
0.6205095052719116
0.15460921823978424
0.442810982465744
0.6347798705101013
0.8365203142166138
0.5818674564361572
0.4968791902065277
0.297927588224411
0.5667126774787903
0.8028162121772766
0.6115954518318176
0.5426801443099976
0.5910032987594604
0.5260681509971619
0.2902289927005768
0.5109638571739197
0.6348487734794617
0.9049650430679321
0.9485135674476624
0.4763422906398773
0.4667617380619049
0.6146354675292969
0.7099210619926453
0.25384023785591125
0.6171932816505432
0.3411332070827484
0.549800455570221
0.8139635920524597
0.46469777822494507
0.25105035305023193
0.8787250518798828
0.05925646796822548
0.6533860564231873
0.6638158559799194
0.6128270030021667
0.9378215670585632
0.3652017414569855
0.475063681602478
0.9288761019706726
0.3199692666530609
0.20460756123065948
0.13172508776187897
0.40365171432495117
0.8897252082824707
0.15985268354415894
0.002519596368074417
0.1511775553226471
0.659885823726654
0.9256855845451355
0.19571775197982788
0.2754065990447998
0.925211489200592
0.09114506095647812
0.5408421754837036
0.41668274998664856
0.9359447360038757
0.6555124521255493
0.2857626676559448
0.7853504419326782
0.04605502262711525
0.8466108441352844
0.41967448592185974
0.9505040049552917
0.20872223377227783
0.8982104659080505
0.6290519833564758
0.09294737130403519
0.6822579503059387
0.5162550806999207
0.8154858350753784
0.5062000155448914
0.8726054430007935
0.9957467913627625
0.46034687757492065
0.6675010323524475
0.26620474457740784
0.06995595246553421
0.49559712409973145
0.21452370285987854
0.1747872531414032
0.6239945292472839
0.7029849886894226
0.4758498966693878
0.7464586496353149
0.8517271280288696
0.8563175201416016
0.9374347925186157
0.8297156095504761
0.9331827759742737
0.5329352617263794
0.40083587169647217
0.632946789264679
0.41302311420440674
0.3748328685760498
0.81305992603302
0.6053588390350342
0.5050088763237
0.10270512849092484
0.9317384362220764
0.5585389137268066
0.9868180751800537
0.5755130052566528
0.41117408871650696
0.9079381227493286
0.5169204473495483
0.4931733012199402
0.3459855616092682
0.8369635343551636
0.5634490847587585
0.9763028621673584
0.8032406568527222
0.4498864710330963
0.4553133249282837
0.37958651781082153
0.025121107697486877
0.4455890655517578
0.8965890407562256
0.20500041544437408
0.251229852437973
0.29711684584617615
0.5391536951065063
0.9765098094940186
0.5849881768226624
0.5718388557434082
0.9764893054962158
0.32000017166137695
0.8119880557060242
0.15035583078861237
0.7635020017623901
0.34126725792884827
0.5352863073348999
0.43108654022216797
0.5299627780914307
0.5357297658920288
0.8665230870246887
0.13328047096729279
0.879795253276825
0.992946982383728
0.7685490846633911
0.2944563031196594
0.5724493861198425
0.032011162489652634
0.3508230745792389
0.5312420129776001
0.8534408211708069
0.6731274127960205
0.46569061279296875
0.9912734627723694
0.39476311206817627
0.29136666655540466
0.932670533657074
0.04414375498890877
0.03353210911154747
0.8818333745002747
0.5671283006668091
0.8571546673774719
0.6575610637664795
0.7491573691368103
0.0234588123857975
0.6372630596160889
0.6601862907409668
0.21482285857200623
0.6289471983909607
0.29333966970443726
0.668552577495575
0.2727581560611725
0.7203717231750488
0.4957973062992096
0.6012821197509766
0.25925788283348083
0.09294895082712173
0.4458388388156891
0.0894746407866478
0.6944364905357361
0.517892599105835
0.16143986582756042
0.7385116219520569
0.39905616641044617
0.7234849333763123
0.9232755303382874
0.2097858488559723
0.16443514823913574
0.36140117049217224
0.12675392627716064
0.6212071776390076
0.23875394463539124
0.1332971155643463
0.6688199639320374
0.7238054275512695
0.9780702590942383
0.29559287428855896
0.34075433015823364
0.24694372713565826
0.09303523600101471
0.7757686376571655
0.8812519907951355
0.3892592489719391
0.08492336422204971
0.6859996914863586
0.49968796968460083
0.34041109681129456
0.9029133915901184
0.7249205708503723
0.06559552997350693
0.9933512210845947
0.5128724575042725
0.9367856979370117
0.2253563404083252
0.6693605184555054
0.7234155535697937
0.7793624401092529
0.303530752658844
0.911104679107666
0.2621462047100067
0.9034239053726196
0.023075034841895103
0.37138625979423523
0.645628809928894
0.5202500820159912
0.39326807856559753
0.5909433960914612
0.2743871510028839
0.8880770206451416
0.1932072639465332
0.18764814734458923
0.9960719347000122
0.4688425064086914
0.013008718378841877
0.40631282329559326
0.4913089871406555
0.3978171646595001
0.4280109405517578
0.2655615210533142
0.16014425456523895
0.6673717498779297
0.03193245455622673
0.8045560717582703
0.9278079867362976
0.05027526617050171
0.6402758955955505
0.05708847567439079
0.7508160471916199
0.18940965831279755
0.015420304611325264
0.43413639068603516
0.7524698376655579
0.2991178333759308
0.4335958659648895
0.6932099461555481
0.8416004180908203
0.09285486489534378
0.5322303771972656
0.6029670238494873
0.3332042396068573
0.05711933597922325
0.41341066360473633
0.6835721731185913
0.45886796712875366
0.5209265947341919
0.7784857749938965
0.3284350335597992
0.866702139377594
0.1920994073152542
0.5897746682167053
0.6296356320381165
0.7445828914642334
0.2904224097728729
0.6848477721214294
0.9575679898262024
0.6613145470619202
0.86191326379776
0.5000367760658264
0.23322057723999023
0.2717575132846832
0.5423126816749573
0.6022184491157532
0.2866235673427582
0.49326732754707336
0.7770334482192993
0.37492063641548157
0.14332982897758484
0.15886130928993225
0.7331312298774719
0.6674826741218567
0.6653003096580505
0.13754570484161377
0.47627097368240356
0.6292617321014404
0.9038995504379272
0.9821831583976746
0.3675088584423065
0.5920373797416687
0.548089325428009
0.861167848110199
0.6390261650085449
0.22039371728897095
0.8845034837722778
0.8092466592788696
0.815994918346405
0.44732895493507385
0.9068333506584167
0.06678464263677597
0.7693740129470825
0.7682883739471436
0.20721709728240967
0.12741069495677948
0.23988579213619232
0.47838690876960754
0.04236124828457832
0.3476484417915344
0.06586047261953354
0.47625112533569336
0.42902109026908875
0.29084843397140503
0.23392966389656067
0.20567886531352997
0.7164179086685181
0.4554423689842224
0.14240404963493347
0.6852573156356812
0.7508652806282043
0.04125756397843361
0.982784628868103
0.629283607006073
0.6787415742874146
0.3578576147556305
0.5460019707679749
0.7108051180839539
0.11926230788230896
0.16237576305866241
0.29753679037094116
0.3786047399044037
0.4689949154853821
0.9279471039772034
0.7690067887306213
0.8277818560600281
0.5337347984313965
0.3135603964328766
0.6832903623580933
0.29371628165245056
0.2965678870677948
0.22460606694221497
0.808164656162262
0.1812816858291626
0.5672294497489929
0.7836665511131287
0.056527864187955856
0.006882008630782366
0.3539438843727112
0.9588292241096497
0.7176185250282288
0.7385671734809875
0.06836611777544022
0.3892379403114319
0.9133391976356506
0.6390565633773804
0.014141042716801167
0.45185014605522156
0.3718757629394531
0.6476261615753174
0.16072791814804077
0.14471696317195892
0.5597057938575745
0.7633888125419617
0.3736501634120941
0.9450667500495911
0.942482590675354
0.01756907068192959
0.657263994216919
0.9215827584266663
0.6555857062339783
0.07815247774124146
0.4787434935569763
0.2762853503227234
0.7256552577018738
0.4980522692203522
0.6623989939689636
0.3410676419734955
0.4545294940471649
0.8446542620658875
0.1373976320028305
0.8037889003753662
0.8902655839920044
0.2567853033542633
0.7665606737136841
0.960523784160614
0.7398427724838257
0.08977193385362625
0.7620550394058228
0.24638903141021729
0.7238865494728088
0.18486201763153076
0.8303060531616211
0.2818077504634857
0.05597207322716713
0.0602433905005455
0.1313871443271637
0.703183114528656
0.6359809637069702
0.13494516909122467
0.8126453757286072
0.1462285816669464
0.2121208906173706
0.9491888880729675
0.15687811374664307
0.7391160130500793
0.20239856839179993
0.6494320631027222
0.6134050488471985
0.5940592885017395
0.9918715357780457
0.6102085113525391
0.4821903705596924
0.8842746019363403
0.019237782806158066
0.7121607661247253
0.087590791285038
0.6608152389526367
0.33117082715034485
0.36745890974998474
0.13027776777744293
0.26490113139152527
0.9236361980438232
0.6354677081108093
0.5913078784942627
0.6800717115402222
0.13058717548847198
0.22553718090057373
0.3568596839904785
0.43851238489151
0.45987775921821594
0.48521822690963745
0.4314112365245819
0.542563796043396
0.12095943838357925
0.27644380927085876
0.33038267493247986
0.7766698002815247
0.11363162845373154
0.8798813223838806
0.5384609699249268
0.275376558303833
0.2600725293159485
0.4757435619831085
0.03011966124176979
0.021713977679610252
0.5790491104125977
0.45609864592552185
0.5805438756942749
0.9846704602241516
0.5048784017562866
0.09380611777305603
0.3015778660774231
0.6543775796890259
0.6328513026237488
0.6760823130607605
0.5767680406570435
0.15236076712608337
0.17607536911964417
0.6356640458106995
0.49040287733078003
0.3937768042087555
0.412815123796463
0.7986617684364319
0.13290920853614807
0.1597440391778946
0.8595154285430908
0.14217855036258698
0.017219973728060722
0.024205021560192108
0.06984809786081314
0.5579264760017395
0.9037644863128662
0.002547844313085079
0.20749902725219727
0.31992676854133606
0.746196448802948
0.9659833312034607
0.3742351233959198
0.8370743989944458
0.897354245185852
0.13001327216625214
0.9225102066993713
0.6311197280883789
0.1768057495355606
0.39021605253219604
0.4717298150062561
0.3577282726764679
0.07074367254972458
0.7394466400146484
0.1919090747833252
0.67603999376297
0.16288945078849792
0.8984813094139099
0.8962976336479187
0.7818781137466431
0.8299433588981628
0.794975996017456
0.7243621945381165
0.6599552631378174
0.4426959156990051
0.9174466729164124
0.031266387552022934
0.5055629014968872
0.8205597996711731
0.3363485634326935
0.9325374960899353
0.3576977550983429
0.40617430210113525
0.8730220794677734
0.12787917256355286
0.06226005032658577
0.055735182017087936
0.7088165283203125
0.6784310936927795
0.964282214641571
0.9425714612007141
0.22644568979740143
0.7988377213478088
0.07475187629461288
0.8352480530738831
0.5670463442802429
0.9483843445777893
0.8621546030044556
0.21513859927654266
0.521615743637085
0.19180676341056824
0.04988720640540123
0.9462208151817322
0.9014676213264465
0.8117949366569519
0.6518169641494751
0.7774357199668884
0.4304867386817932
0.41982167959213257
0.8728046417236328
0.04358819127082825
0.8418759703636169
0.34601229429244995
0.03389754891395569
0.4928690493106842
0.9786030054092407
0.8226442933082581
0.9233046770095825
0.7863773107528687
0.42393386363983154
0.025894543156027794
0.3919462561607361
0.09868719428777695
0.2489723265171051
0.42132702469825745
0.030568592250347137
0.22063355147838593
0.4714723825454712
0.8113874197006226
0.1897078901529312
0.8186164498329163
0.29345473647117615
0.14605078101158142
0.2926948368549347
0.9252074956893921
0.06954867392778397
0.46405309438705444
0.5298143029212952
0.537802517414093
0.45103153586387634
0.19483301043510437
0.22686630487442017
0.9058912992477417
0.8772655129432678
0.10725738853216171
0.6402467489242554
0.2689381539821625
0.5828592777252197
0.9163084626197815
0.1713615208864212
0.1987997591495514
0.683468222618103
0.24498608708381653
0.5110047459602356
0.4929627776145935
0.012804458849132061
0.28131210803985596
0.342754602432251
0.6410067677497864
0.12031760066747665
0.4505433440208435
0.42178240418434143
0.12937025725841522
0.42605289816856384
0.6974349617958069
0.6304197311401367
0.7271900773048401
0.5230839848518372
0.8915966153144836
0.236362025141716
0.99615079164505
0.47365617752075195
0.8445510864257812
0.47923779487609863
0.8021020293235779
0.6526241898536682
0.5915825963020325
0.802607536315918
0.3682381510734558
0.1430412381887436
0.24478860199451447
0.6398172974586487
0.8503272533416748
0.6141761541366577
0.5908299684524536
0.7256143093109131
0.014330878853797913
0.4339140057563782
0.12253272533416748
0.27169743180274963
0.2552240192890167
0.10278099030256271
0.4988762438297272
0.49865955114364624
0.16483305394649506
0.47076019644737244
0.476524293422699
0.19596803188323975
0.23432557284832
0.4440970718860626
0.6946951746940613
0.028459958732128143
0.7400460243225098
0.26096007227897644
0.5913179516792297
0.9718144536018372
0.48843055963516235
0.4428592622280121
0.7757072448730469
0.9480251669883728
0.9102290868759155
0.3721107542514801
0.07227257639169693
0.4713142216205597
0.17942285537719727
0.317009836435318
0.6192818284034729
0.07107054442167282
0.8412366509437561
0.3231319785118103
0.47444215416908264
0.08641026169061661
0.44914430379867554
0.3271082639694214
0.808546245098114
0.07997355610132217
0.7739050984382629
0.872221827507019
0.6136989593505859
0.6339098811149597
0.6537094116210938
0.08730654418468475
0.6587292551994324
0.27829593420028687
0.741610050201416
0.9196896553039551
0.619260847568512
0.3840767443180084
0.9324002861976624
0.2860357165336609
0.3440735638141632
0.6908807754516602
0.49843305349349976
0.517511248588562
0.9429695010185242
0.5554689168930054
0.6373181939125061
0.3771938681602478
0.8747450709342957
0.373016357421875
0.831944465637207
0.20067599415779114
0.8833211660385132
0.043677542358636856
0.4548695385456085
0.4054860472679138
0.8599106073379517
0.2283758819103241
0.38115018606185913
0.3361324965953827
0.4766455888748169
0.8828192353248596
0.6584500074386597
0.895757794380188
0.011573262512683868
0.6928049325942993
0.8506643772125244
0.09705092757940292
0.9170771241188049
0.23089314997196198
0.3086990714073181
0.4907795786857605
0.03889631852507591
0.2581605613231659
0.387771338224411
0.3434842526912689
0.9860098958015442
0.06422758847475052
0.4854510724544525
0.5792855024337769
0.5997114181518555
0.204427570104599
0.11048857867717743
0.47268787026405334
0.5875074863433838
0.696523129940033
0.408466100692749
0.3616665005683899
0.7088775038719177
0.14285767078399658
0.1908651739358902
0.5461305379867554
0.6189939379692078
0.040889013558626175
0.5212998390197754
0.34428736567497253
0.7483034729957581
0.4926343858242035
0.4821697771549225
0.1054314598441124
0.8756645917892456
0.9803130030632019
0.9020020961761475
0.10047412663698196
0.9084618091583252
0.8688445091247559
0.933153510093689
0.13086536526679993
0.4263809025287628
0.33217576146125793
0.27827292680740356
0.4327581524848938
0.502808153629303
0.49810120463371277
0.6522865891456604
0.4373026490211487
0.12755943834781647
0.3701287806034088
0.9953148365020752
0.8984279632568359
0.5478345155715942
0.47235307097435
0.8632296323776245
0.8516820669174194
0.11864009499549866
0.7393197417259216
0.39052754640579224
0.9279109239578247
0.40727943181991577
0.17350073158740997
0.2736702263355255
0.4064679443836212
0.32708561420440674
0.7075700163841248
0.5901572704315186
0.014214469119906425
0.4660046100616455
0.6811217069625854
0.20354492962360382
0.8054827451705933
0.12224182486534119
0.4653837978839874
0.12984570860862732
0.46573159098625183
0.39555713534355164
0.6416165828704834
0.27565309405326843
0.7060278058052063
0.47820794582366943
0.9347705841064453
0.04171197488903999
0.5717687010765076
0.05623361095786095
0.7212508320808411
0.625859797000885
0.679977297782898
0.21873341500759125
0.9907301068305969
0.6825620532035828
0.24503621459007263
0.5066547989845276
0.19829556345939636
0.9124506711959839
0.9225038290023804
0.48178690671920776
0.09913760423660278
0.513240396976471
0.6381163001060486
0.08577106893062592
0.5951705574989319
0.644321084022522
0.6992930173873901
0.5951602458953857
0.5430484414100647
0.8515691161155701
0.483245313167572
0.2252020537853241
0.4722597002983093
0.6606711745262146
0.16967067122459412
0.1791205108165741
0.7266146540641785
0.8288437128067017
0.5226518511772156
0.4555649757385254
0.5976335406303406
0.46272698044776917
0.3720663785934448
0.3265763819217682
0.8688322901725769
0.4388423562049866
0.39839988946914673
0.6869810819625854
0.46410664916038513
0.8530863523483276
0.9170627593994141
0.3084850013256073
0.04059066250920296
0.45959287881851196
0.5521765947341919
0.29330918192863464
0.02833876572549343
0.9354885220527649
0.48276448249816895
0.1934356838464737
0.6814847588539124
0.5611001253128052
0.04793558269739151
0.9495224952697754
0.963039219379425
0.39451414346694946
0.5032565593719482
0.12271010130643845
0.6707813739776611
0.6827996969223022
0.2440071552991867
0.9852595925331116
0.3496552109718323
0.6359378695487976
0.50206458568573
0.8615325689315796
0.8713657259941101
0.5390796661376953
0.7244639992713928
0.6735972762107849
0.46621862053871155
0.35435763001441956
0.9711617231369019
0.2301563173532486
0.20386284589767456
0.16838467121124268
0.14267712831497192
0.401818186044693
0.8881069421768188
0.2574957013130188
0.16218706965446472
0.045329175889492035
0.1655631810426712
0.1563103348016739
0.907460629940033
0.9841842651367188
0.8251864910125732
0.49485358595848083
0.9923985004425049
0.5635203123092651
0.5900951623916626
0.5382260680198669
0.36090606451034546
0.9862555861473083
0.46467986702919006
0.34222859144210815
0.6525311470031738
0.14969979226589203
0.5490498542785645
0.29619449377059937
0.23573929071426392
0.9919363856315613
0.6526578664779663
0.6532925367355347
0.396718829870224
0.5900101661682129
0.5623927116394043
0.8306800127029419
0.15565870702266693
0.0741109624505043
0.20942263305187225
0.7890087962150574
0.45467546582221985
0.3792993724346161
0.959932267665863
0.26224759221076965
0.33311575651168823
0.9933634400367737
0.7590732574462891
0.10603173822164536
0.3277130722999573
0.27168405055999756
0.37825852632522583
0.03187912702560425
0.4276648163795471
0.5509572625160217
0.4279368221759796
0.6017517447471619
0.8127328157424927
0.5160812735557556
0.6257429718971252
0.48109787702560425
0.6558789014816284
0.8910194039344788
0.7857633233070374
0.903598964214325
0.8044657111167908
0.683210551738739
0.9797694683074951
0.8751739263534546
0.6302182078361511
0.11815878003835678
0.144155815243721
0.8029851913452148
0.23095810413360596
0.4440839886665344
0.5337009429931641
0.5194580554962158
0.9121870398521423
0.041738953441381454
0.09158239513635635
0.3780115842819214
0.7064264416694641
0.4853871464729309
0.9526646137237549
0.9929062128067017
0.6479164958000183
0.593001663684845
0.13456720113754272
0.641673743724823
0.07033336907625198
0.3012034595012665
0.23002804815769196
0.5865941047668457
0.643172025680542
0.793927788734436
0.5232881307601929
0.4068627953529358
0.4216015338897705
0.10092691332101822
0.5631011724472046
0.5546326041221619
0.4685135781764984
0.06728041172027588
0.06629273295402527
0.17941145598888397
0.9617164731025696
0.03232228010892868
0.8431878089904785
0.6250237226486206
0.8262946605682373
0.03772295266389847
0.6597619652748108
0.4288712739944458
0.39330634474754333
0.5054783821105957
0.20493663847446442
0.8767840266227722
0.9824967384338379
0.8946939706802368
0.8678898215293884
0.4121851623058319
0.6467835307121277
0.7797400951385498
0.8187011480331421
0.2991255819797516
0.21638403832912445
0.6842797994613647
0.340115487575531
0.8775760531425476
0.8096784949302673
0.48048797249794006
0.408651739358902
0.10943389683961868
0.8274455070495605
0.1701282262802124
0.5197939872741699
0.5203706622123718
0.2941024899482727
0.9028112292289734
0.5273118615150452
0.09118419885635376
0.3808651864528656
0.578599750995636
0.7375438809394836
0.46964991092681885
0.034445539116859436
0.8791447877883911
0.4149547219276428
0.7928682565689087
0.21124309301376343
0.3773171305656433
0.6628106832504272
0.2762623429298401
0.5047970414161682
0.9316365718841553
0.9023874402046204
0.6184876561164856
0.4822176396846771
0.05779241397976875
0.6425453424453735
0.6716213226318359
0.024510256946086884
0.6948689818382263
0.19380806386470795
0.6443700194358826
0.6522538065910339
0.9900837540626526
0.5839753746986389
0.7394915819168091
0.11294640600681305
0.10348036140203476
0.23214073479175568
0.08432790637016296
0.4603672921657562
0.886107325553894
0.5846012234687805
0.2903279960155487
0.6456154584884644
0.8801383972167969
0.6472837924957275
0.12602414190769196
0.6291980743408203
0.8123412728309631
0.8097226023674011
0.1364549845457077
0.8706088066101074
0.9903858304023743
0.006577208638191223
0.7312899231910706
0.9617124199867249
0.27795517444610596
0.40972113609313965
0.22411806881427765
0.6612367630004883
0.3315023183822632
0.4781831204891205
0.8787976503372192
0.055414605885744095
0.7266950011253357
0.23396295309066772
0.5776074528694153
0.38636139035224915
0.17682774364948273
0.7709339261054993
0.824773907661438
0.36553195118904114
0.5412323474884033
0.26144546270370483
0.7204263210296631
0.10719674825668335
0.5051290392875671
0.6837008595466614
0.8310144543647766
0.1951591670513153
0.4067690670490265
0.1014338806271553
0.7654570937156677
0.2423732429742813
0.1237337589263916
0.8317835927009583
0.46573173999786377
0.9652794599533081
0.8745014667510986
0.20878244936466217
0.467195063829422
0.3296861946582794
0.1262347549200058
0.5975480079650879
0.770438015460968
0.09400177001953125
0.16510307788848877
0.30922576785087585
0.7093675136566162
0.9500516653060913
0.5511305332183838
0.820855438709259
0.1680769920349121
0.48252493143081665
0.9140090942382812
0.1311066597700119
0.3906330466270447
0.5682659149169922
0.9101341366767883
0.5918020606040955
0.7980762124061584
0.8992185592651367
0.17960809171199799
0.46807998418807983
0.926845908164978
0.5985338687896729
0.7546419501304626
0.9803026914596558
0.5434573888778687
0.11452055722475052
0.532788097858429
0.7768632173538208
0.07527302205562592
0.2552017867565155
0.597560465335846
0.061480194330215454
0.5792931318283081
0.07050957530736923
0.6957749128341675
0.39335963129997253
0.5369749069213867
0.05621616169810295
0.7237117290496826
0.7953152060508728
0.36846086382865906
0.6537695527076721
0.5149739980697632
0.005243984516710043
0.5020265579223633
0.22879961133003235
0.4073057174682617
0.7279840707778931
0.03141077980399132
0.056180499494075775
0.4082946479320526
0.07978611439466476
0.47954314947128296
0.6785497665405273
0.047963183373212814
0.276006817817688
0.3045051097869873
0.48941025137901306
0.001501155667938292
0.6971573829650879
0.5729702115058899
0.8953550457954407
0.7786427736282349
0.1683189868927002
0.9269218444824219
0.6024314165115356
0.9183259606361389
0.10572059452533722
0.8603412508964539
0.40586572885513306
0.7605599761009216
0.1448281854391098
0.33732712268829346
0.5212579965591431
0.9136460423469543
0.0033709679264575243
0.34476056694984436
0.7518859505653381
0.9422419667243958
0.6688740849494934
0.7988241314888
0.9473959803581238
0.23001794517040253
0.3314761817455292
0.3638641834259033
0.8034352660179138
0.5054641962051392
0.7598780393600464
0.3689742088317871
0.1853698194026947
0.09700386971235275
0.27612853050231934
0.548167884349823
0.41690412163734436
0.1375088393688202
0.7521839141845703
0.7145616412162781
0.9057304263114929
0.9650546908378601
0.8934348821640015
0.26329565048217773
0.901347815990448
0.9523779153823853
0.871401309967041
0.9349393844604492
0.11048644781112671
0.6171779632568359
0.013822322711348534
0.3875785171985626
0.8148519992828369
0.0038184295408427715
0.20578396320343018
0.8881938457489014
0.6754316091537476
0.957078754901886
0.6126071810722351
0.9317854046821594
0.4779903292655945
0.31563064455986023
0.20322631299495697
0.6091182231903076
0.219379723072052
0.9520420432090759
0.4648281931877136
0.023140080273151398
0.9148008227348328
0.3869548738002777
0.5655560493469238
0.522576630115509
0.6270449161529541
0.5858558416366577
0.4858618676662445
0.3749141991138458
0.42692920565605164
0.5643743872642517
0.5128716230392456
0.3072058856487274
0.8073086738586426
0.49668586254119873
0.09806658327579498
0.39508241415023804
0.6835225820541382
0.6926195621490479
0.12658843398094177
0.9989101886749268
0.6337043642997742
0.06608526408672333
0.006105248350650072
0.6944759488105774
0.9841998219490051
0.9375234842300415
0.5961819291114807
0.48869428038597107
0.1533399373292923
0.32365551590919495
0.45978596806526184
0.35955995321273804
0.49485093355178833
0.13987194001674652
0.8834624886512756
0.1946878731250763
0.2974206805229187
0.9203245043754578
0.3008671700954437
0.09080004692077637
0.23165911436080933
0.7944681644439697
0.043010566383600235
0.14000201225280762
0.3046417832374573
0.7931685447692871
0.7227935791015625
0.17066745460033417
0.23099109530448914
0.9052588939666748
0.3413271903991699
0.35242602229118347
0.5269250869750977
0.6830081343650818
0.9604275226593018
0.8214924335479736
0.7684673070907593
0.040289778262376785
0.10386737436056137
0.3052150309085846
0.003427267773076892
0.22293932735919952
0.31614673137664795
0.6779532432556152
0.2291395664215088
0.6741054654121399
0.9329468607902527
0.43687188625335693
0.40044063329696655
0.06288203597068787
0.5628911256790161
0.8731649518013
0.8669240474700928
0.2743372619152069
0.41612839698791504
0.8183196187019348
0.218547523021698
0.6688970923423767
0.6450437307357788
0.07857061922550201
0.056146081537008286
0.33009493350982666
0.4852473735809326
0.6273369789123535
0.7842703461647034
0.6232503652572632
0.7361406087875366
0.19084668159484863
0.3838045597076416
0.22191321849822998
0.36268338561058044
0.47376009821891785
0.6325346231460571
0.3018439710140228
0.3376047611236572
0.16888591647148132
0.5424017906188965
0.972113311290741
0.22957222163677216
0.44475775957107544
0.735573947429657
0.6161217093467712
0.09788917005062103
0.8529747724533081
0.6894233822822571
0.06533300131559372
0.45855391025543213
0.9966331124305725
0.7202849984169006
0.5553257465362549
0.3383600413799286
0.7956994771957397
0.4335293471813202
0.725105345249176
0.00056094751926139
0.38759708404541016
0.1038857102394104
0.7105412483215332
0.8515129089355469
0.2558134198188782
0.26741233468055725
0.5329188704490662
0.48518848419189453
0.725563645362854
0.5376314520835876
0.7624028325080872
0.8267244100570679
0.5074770450592041
0.7617533206939697
0.9004639983177185
0.28844448924064636
0.6933027505874634
0.8757293820381165
0.43035194277763367
0.9479230642318726
0.7934611439704895
0.7271848320960999
0.5001355409622192
0.9021123647689819
0.43231701850891113
0.5201327800750732
0.7829917669296265
0.70889812707901
0.6080499291419983
0.4654942750930786
0.37300872802734375
0.6188421845436096
0.8396660685539246
0.8584574460983276
0.01269045565277338
0.992659330368042
0.666887104511261
0.8206968307495117
0.6493255496025085
0.2872607111930847
0.021613286808133125
0.5493292808532715
0.1751416027545929
0.2506960332393646
0.42282015085220337
0.9884015321731567
0.0769311860203743
0.8024780750274658
0.8217915892601013
0.3039286732673645
0.19556693732738495
0.11143261939287186
0.1267642080783844
0.04440751671791077
0.3226557970046997
0.11024483293294907
0.4777510464191437
0.40022504329681396
0.48380595445632935
0.25719133019447327
0.291426420211792
0.33681225776672363
0.388705849647522
0.12929613888263702
0.0038498707581311464
0.09003426879644394
0.7552193403244019
0.10748395323753357
0.9320403337478638
0.8595046401023865
0.4198867678642273
0.4075833261013031
0.6185002326965332
0.3183327913284302
0.8797718286514282
0.8608402609825134
0.41246727108955383
0.20404672622680664
0.7299926280975342
0.5448348522186279
0.16580431163311005
0.5517158508300781
0.3550069034099579
0.886737048625946
0.676657497882843
0.5840434432029724
0.7940119504928589
0.6517326235771179
0.9058269262313843
0.8819732069969177
0.27806350588798523
0.526027500629425
0.20354537665843964
0.03944103792309761
0.5797578692436218
0.8896607756614685
0.5542625188827515
0.6927642822265625
0.4407319128513336
0.9234246611595154
0.4838549792766571
0.1347002536058426
0.01864766515791416
0.21251387894153595
0.3330332636833191
0.5975019931793213
0.7759363651275635
0.026164719834923744
0.6050399541854858
0.6830149292945862
0.3503968417644501
0.10076021403074265
0.8042476177215576
0.7401478290557861
0.9452275633811951
0.10154551267623901
0.014186123386025429
0.5975383520126343
0.09014145284891129
0.1128004789352417
0.5187634825706482
0.3653360605239868
0.906269371509552
0.24047446250915527
0.8509782552719116
0.4301717281341553
0.8479936122894287
0.6110235452651978
0.3440765142440796
0.15489646792411804
0.9037049412727356
0.17774292826652527
0.8411728739738464
0.05345175042748451
0.8788971900939941
0.7009178400039673
0.08711007982492447
0.6629362106323242
0.3144036829471588
0.7622847557067871
0.4967443346977234
0.34878653287887573
0.23855534195899963
0.1487688422203064
0.7430782914161682
0.7323226928710938
0.18188610672950745
0.6392324566841125
0.2679634988307953
0.46359753608703613
0.02040891721844673
0.837988018989563
0.24471695721149445
0.8747552037239075
0.2923574447631836
0.08238917589187622
0.24560897052288055
0.8088884353637695
0.34933024644851685
0.5635724663734436
0.9750445485115051
0.19107429683208466
0.29840487241744995
0.04164869338274002
0.5370595455169678
0.6661816239356995
0.09707330167293549
0.6702253222465515
0.96247398853302
0.38878506422042847
0.08171357214450836
0.917359471321106
0.5888853669166565
0.3922082483768463
0.24210378527641296
0.9812180399894714
0.8698663711547852
0.7762097716331482
0.015387993305921555
0.7453677654266357
0.8136115074157715
0.3887943625450134
0.17392000555992126
0.002620283281430602
0.8082889318466187
0.9013042449951172
0.6677584052085876
0.6912379860877991
0.28492653369903564
0.1786750704050064
0.6667147874832153
0.16152191162109375
0.13037174940109253
0.22338742017745972
0.5908293724060059
0.20351557433605194
0.5940064191818237
0.7765182852745056
0.6895716786384583
0.4633270800113678
0.4219832420349121
0.2401684671640396
0.8975220918655396
0.7708554267883301
0.3951769769191742
0.8428030610084534
0.2906874418258667
0.7360411286354065
0.02236025035381317
0.3203333616256714
0.6190798282623291
0.6454076766967773
0.24603959918022156
0.6821732521057129
0.12631002068519592
0.6244173645973206
0.28858375549316406
0.7465456128120422
0.24736915528774261
0.33198705315589905
0.23860956728458405
0.10106955468654633
0.6314882040023804
0.3210783004760742
0.49865245819091797
0.8798150420188904
0.9155966639518738
0.48770391941070557
0.9121809601783752
0.31762319803237915
0.23334448039531708
0.11609189957380295
0.4935186207294464
0.7996668219566345
0.08729206770658493
0.9356091618537903
0.14367760717868805
0.048953067511320114
0.9495500326156616
0.8755202293395996
0.026218008249998093
0.9464287161827087
0.8597400784492493
0.7912173867225647
0.5974327921867371
0.8360086679458618
0.8844212293624878
0.7208022475242615
0.8347750306129456
0.7906940579414368
0.9756525158882141
0.023796185851097107
0.9088374972343445
0.32997599244117737
0.6021795868873596
0.38104012608528137
0.9066808819770813
0.6328718662261963
0.44029536843299866
0.47669774293899536
0.5431190133094788
0.1041223555803299
0.5918807983398438
0.714495837688446
0.7186593413352966
0.3470337986946106
0.9016832709312439
0.7310770750045776
0.05514410510659218
0.5900620222091675
0.3311379849910736
0.19103199243545532
0.9984157681465149
0.28588584065437317
0.7715945839881897
0.811742901802063
0.20603583753108978
0.5401120781898499
0.6480029225349426
0.4883717894554138
0.6082029938697815
0.3979600667953491
0.8642427921295166
0.6118357181549072
0.7053465843200684
0.3541637063026428
0.28419357538223267
0.10220377147197723
0.20827990770339966
0.31031331419944763
0.5724835395812988
0.7595917582511902
0.14919757843017578
0.08047550171613693
0.339224249124527
0.6890503168106079
0.017176510766148567
0.9505259394645691
0.6999458074569702
0.6171290874481201
0.9318174719810486
0.9132717847824097
0.6939705014228821
0.464229941368103
0.2600192427635193
0.9176750183105469
0.3332303464412689
0.935488224029541
0.9479758143424988
0.15781815350055695
0.7376765012741089
0.51382976770401
0.6676024794578552
0.37511810660362244
0.0707453265786171
0.005777190905064344
0.18970507383346558
0.10864267498254776
0.8372963070869446
0.3438505232334137
0.5447714328765869
0.4880160689353943
0.3729209005832672
0.323030561208725
0.6824485063552856
0.8464547991752625
0.30290859937667847
0.2319502979516983
0.5359352231025696
0.6066754460334778
0.11371953040361404
0.9000914692878723
0.6928530335426331
0.90765380859375
0.4226369857788086
0.30802375078201294
0.18078617751598358
0.8536881804466248
0.37610694766044617
0.9554271101951599
0.426472008228302
0.9411716461181641
0.7154494524002075
0.4946497976779938
0.8625063896179199
0.9934768080711365
0.6337555050849915
0.8764077425003052
0.31930527091026306
0.579023003578186
0.4604541063308716
0.835868239402771
0.6650404334068298
0.28412583470344543
0.6207394599914551
0.8564442992210388
0.3561231791973114
0.15293508768081665
0.32098302245140076
0.2265399992465973
0.8000932335853577
0.6641255617141724
0.75650954246521
0.34266671538352966
0.4027211368083954
0.6258825063705444
0.9948613047599792
0.8750694990158081
0.6246587634086609
0.983121931552887
0.8578546643257141
0.2522767186164856
0.9942219257354736
0.20110569894313812
0.6615134477615356
0.00639766501262784
0.7654950022697449
0.11274120956659317
0.7106631398200989
0.4007102847099304
0.039559315890073776
0.8606369495391846
0.2577299475669861
0.7388348579406738
0.8756592869758606
0.20169861614704132
0.7099884152412415
0.64732825756073
0.21013838052749634
0.3208346366882324
0.06472375988960266
0.1857261210680008
0.11717386543750763
0.4987167418003082
0.12268677353858948
0.7603281736373901
0.33919504284858704
0.6368138194084167
0.7818312048912048
0.43748676776885986
0.8619557023048401
0.05944735184311867
0.6003875136375427
0.12003090977668762
0.7565464377403259
0.889339029788971
0.5123797655105591
0.2725920081138611
0.07340992242097855
0.47095972299575806
0.8325565457344055
0.7010905742645264
0.27818065881729126
0.9461209177970886
0.5339195132255554
0.9695201516151428
0.007485477719455957
0.0024623905774205923
0.05611603707075119
0.754094660282135
0.11449649930000305
0.0755569264292717
0.4704614579677582
0.2590654194355011
0.9304759502410889
0.003923163749277592
0.22386547923088074
0.8319978713989258
0.43487420678138733
0.8511825799942017
0.001284416881389916
0.20996811985969543
0.3786473870277405
0.6479900479316711
0.011872684583067894
0.16715005040168762
0.7673844695091248
0.675740122795105
0.7393423318862915
0.8637853264808655
0.9481881260871887
0.7274049520492554
0.9330748319625854
0.9548826813697815
0.7451004385948181
0.45616069436073303
0.8293471932411194
0.39738765358924866
0.6069654226303101
0.5194874405860901
0.2922246754169464
0.24347080290317535
0.07201138883829117
0.8561471700668335
0.7624651789665222
0.4691033363342285
0.7204883694648743
0.7526103854179382
0.9239032864570618
0.674163281917572
0.7155668139457703
0.004120752215385437
0.2788930833339691
0.7740355730056763
0.8321954607963562
0.3919526934623718
0.937808632850647
0.06521416455507278
0.8916782140731812
0.4713440537452698
0.1831068992614746
0.5852015018463135
0.18094682693481445
0.43664827942848206
0.2631942629814148
0.9633877277374268
0.5511772632598877
0.5232508778572083
0.7379661202430725
0.580460786819458
0.5177500247955322
0.8732914328575134
0.23819486796855927
0.6083911061286926
0.6213039755821228
0.9419891238212585
0.05273580551147461
0.23903509974479675
0.7033069133758545
0.31768107414245605
0.16074500977993011
0.3235524892807007
0.8555248975753784
0.4945354461669922
0.5731464624404907
0.7832789421081543
0.6492892503738403
0.033125344663858414
0.4283751845359802
0.7163119912147522
0.4148448705673218
0.7241208553314209
0.9659315347671509
0.1885996162891388
0.6971566081047058
0.5312969088554382
0.7606344223022461
0.9101659059524536
0.9178787469863892
0.7533220648765564
0.06659279018640518
0.9566056132316589
0.42450663447380066
0.8515482544898987
0.2593815326690674
0.8325496912002563
0.8077976107597351
0.2360875904560089
0.7759028077125549
0.5882156491279602
0.3203660845756531
0.6688462495803833
0.5800589919090271
0.39902663230895996
0.1020609438419342
0.09654833376407623
0.09596583247184753
0.08824370801448822
0.4250364899635315
0.24453315138816833
0.5240532159805298
0.14116008579730988
0.217227503657341
0.16544166207313538
0.2790517807006836
0.40413352847099304
0.8839135766029358
0.4662153720855713
0.4551107883453369
0.3704046607017517
0.3462507128715515
0.24232365190982819
0.7598459720611572
0.2227369099855423
0.11154450476169586
0.7575441002845764
0.5623360872268677
0.03120172582566738
0.3955047130584717
0.983446478843689
0.934695839881897
0.9115490317344666
0.9729395508766174
0.2808338403701782
0.8624216318130493
0.03179681673645973
0.500892698764801
0.9109214544296265
0.44680652022361755
0.6985570192337036
0.6594273447990417
0.5139223337173462
0.11844184994697571
0.10190802067518234
0.44219905138015747
0.7507039308547974
0.9866565465927124
0.6495475769042969
0.35594499111175537
0.3966822028160095
0.9523802995681763
0.8736904263496399
0.01408136822283268
0.17753522098064423
0.8094536662101746
0.8468846678733826
0.42399224638938904
0.6888800263404846
0.6724616885185242
0.3248341977596283
0.973882257938385
0.8645804524421692
0.3174907863140106
0.4227863848209381
0.7864058613777161
0.2009117305278778
0.06137135252356529
0.4564940929412842
0.7336329817771912
0.7819685339927673
0.8256745338439941
0.9054431319236755
0.40249472856521606
0.851197361946106
0.5499056577682495
0.6823799014091492
0.4007572531700134
0.03576156497001648
0.5121316313743591
0.8349421620368958
0.7287107110023499
0.12097758799791336
0.13748057186603546
0.0007405385840684175
0.8332802653312683
0.29207712411880493
0.5702720880508423
0.4281657636165619
0.2402762472629547
0.08506451547145844
0.2329905927181244
0.5330729484558105
0.5702307820320129
0.7334855198860168
0.8067297339439392
0.5087742209434509
