512 1 3
0
286
1
84
2
98
3
499
4
182
5
185
6
69
7
12
8
199
9
209
10
425
11
238
12
165
13
466
14
510
15
145
16
40
17
506
18
92
19
409
20
199
21
120
22
72
23
61
24
492
25
148
26
480
27
98
28
447
29
239
30
192
31
339
32
247
33
189
34
206
35
207
22
36
37
368
38
432
39
374
40
283
23
41
42
45
43
220
44
284
45
267
46
88
37
47
48
473
49
329
50
239
51
483
52
226
53
273
54
364
55
312
52
56
14
57
58
183
59
108
60
176
61
387
62
94
63
215
64
180
65
160
66
275
67
192
68
172
41
69
70
228
71
202
72
356
73
376
73
74
75
506
76
359
77
152
78
310
79
431
80
306
50
81
82
169
83
162
84
130
85
138
86
375
87
434
88
278
89
420
29
90
91
324
92
212
93
246
94
448
95
508
96
196
97
276
98
323
99
490
100
240
101
434
102
458
103
289
17
104
105
456
106
215
107
197
108
427
43
109
110
165
58
111
112
128
113
199
114
412
115
394
116
322
117
158
17
118
119
503
120
463
121
354
122
228
43
123
38
124
125
362
126
220
127
335
128
448
129
265
130
497
131
394
132
321
133
189
55
134
135
448
136
368
137
423
138
318
115
139
140
465
141
322
142
203
143
224
137
144
145
343
146
335
23
147
148
480
149
480
141
150
81
151
110
152
153
198
154
447
155
198
156
493
82
157
108
158
159
464
160
346
161
332
98
162
0
163
164
402
165
187
166
467
167
362
35
168
42
169
74
170
171
409
169
172
173
231
143
174
175
425
13
176
177
320
163
178
154
179
180
474
73
181
182
396
109
183
184
478
130
185
115
186
187
344
119
188
189
404
190
413
4
191
22
192
168
193
179
194
195
423
196
329
197
423
198
409
179
199
113
200
201
404
202
282
203
504
204
454
171
205
206
445
25
207
208
379
209
271
210
239
211
298
212
497
213
255
214
447
37
215
206
216
217
254
201
218
219
394
220
295
78
221
222
320
223
263
224
320
186
225
226
448
227
329
185
228
229
295
32
230
231
486
232
470
153
233
154
234
65
235
215
236
237
425
161
238
239
452
240
302
241
338
242
401
243
466
123
244
245
271
6
246
167
247
248
253
249
297
119
250
64
251
252
440
10
253
133
254
177
255
256
281
228
257
203
258
19
259
6
260
3
261
206
262
263
417
29
264
250
265
266
345
267
351
137
268
269
301
270
393
271
445
272
276
273
341
274
457
165
275
233
276
277
396
100
278
238
279
45
280
281
487
282
318
248
283
284
478
285
318
171
286
234
287
288
405
134
289
212
290
223
291
176
292
293
330
162
294
137
295
102
296
32
297
201
298
299
329
162
300
301
487
51
302
237
303
290
304
82
305
31
306
266
307
308
389
47
309
310
408
311
412
312
344
115
313
234
314
111
315
132
316
81
317
91
318
319
463
187
320
321
470
322
443
195
323
178
324
319
325
318
326
327
339
328
508
96
329
330
435
331
435
1
332
139
333
34
334
335
351
235
336
231
337
208
338
339
431
340
417
341
468
114
342
336
343
230
344
345
358
346
435
347
381
50
348
349
383
255
350
115
351
352
500
323
353
354
455
355
436
134
356
241
357
240
358
359
461
360
496
199
361
362
491
223
363
137
364
336
365
281
366
367
442
17
368
31
369
57
370
163
371
372
471
373
440
374
465
232
375
376
497
85
377
378
461
215
379
2
380
324
381
298
382
383
456
248
384
99
385
293
386
60
387
388
429
226
389
41
390
212
391
392
410
393
416
69
394
177
395
396
494
395
397
23
398
159
399
190
400
143
401
28
402
191
403
404
462
388
405
92
406
399
407
408
425
409
412
410
423
411
492
307
412
143
413
268
414
1
415
0
416
210
417
267
418
419
437
420
441
244
421
157
422
165
423
119
424
145
425
195
426
108
427
384
428
408
429
430
503
373
431
209
432
433
456
93
434
367
435
436
438
18
437
112
438
295
439
339
440
212
441
326
442
123
443
283
444
445
457
446
452
163
447
448
499
449
451
366
450
431
451
352
452
231
453
394
454
308
455
244
456
321
457
343
458
416
459
460
495
11
461
347
462
107
463
352
464
106
465
466
498
57
467
333
468
296
469
344
470
148
471
467
472
473
474
361
474
57
475
67
476
102
477
19
478
152
479
51
480
10
481
155
482
59
483
312
484
260
485
70
486
5
487
246
488
51
489
404
490
75
491
320
492
392
493
127
494
170
495
262
496
469
497
29
498
164
499
218
500
65
501
30
502
503
510
114
504
177
505
139
506
322
507
121
508
305
509
160
510
483
511
0.11482841521501541
0.12259873002767563
0.8359044790267944
0.23983585834503174
0.8987884521484375
0.846359133720398
0.0018567617516964674
0.18194761872291565
0.1737220585346222
0.1362830400466919
0.9074475169181824
0.5044870376586914
0.8028619289398193
0.6100025177001953
0.9917261004447937
0.11358494311571121
0.6485539674758911
0.7724586129188538
0.8878977298736572
0.64930260181427
0.5306289792060852
0.6121218204498291
0.17887113988399506
0.6328598856925964
0.9945915341377258
0.6758097410202026
0.5622357726097107
0.39232340455055237
0.4909089207649231
0.30648356676101685
0.13643114268779755
0.587299108505249
0.17668722569942474
0.8799545764923096
0.14313799142837524
0.08944536745548248
0.4912616014480591
0.33102020621299744
0.6786750555038452
0.2198566198348999
0.7850677371025085
0.7918577194213867
0.3762302100658417
0.850914716720581
0.24225933849811554
0.0764593631029129
0.01732187718153
0.46413254737854004
0.3324425220489502
0.8965327739715576
0.5487689971923828
0.821509063243866
0.6744024753570557
0.19835631549358368
0.266700804233551
0.40969592332839966
0.8885652422904968
0.9872097373008728
0.627482533454895
0.5726584792137146
0.0429825484752655
0.8282355666160583
0.493326872587204
0.8681209683418274
0.8340378403663635
0.9558261632919312
0.0730854719877243
0.28732186555862427
0.21716482937335968
0.25873658061027527
0.10795646905899048
0.9178223609924316
0.9444134831428528
0.8961631059646606
0.40613940358161926
0.5227362513542175
0.7209802865982056
0.01933291368186474
0.5148283839225769
0.30353787541389465
0.195078507065773
0.0015888034831732512
0.29418444633483887
0.147600919008255
0.4085777699947357
0.3454210162162781
0.8986610770225525
0.4841494560241699
0.36652472615242004
0.7403314709663391
0.11798122525215149
0.9098913073539734
0.09309139102697372
0.05808955430984497
0.03596275672316551
0.25981855392456055
0.6323757171630859
0.5266041159629822
0.5175901055335999
0.35179945826530457
0.8000411987304688
0.6982932090759277
0.8964405655860901
0.40491047501564026
0.7837250232696533
0.653676450252533
0.9254059791564941
0.7253907918930054
0.31557226181030273
0.3296853303909302
0.7540755867958069
0.17192764580249786
0.05651727318763733
0.7740809917449951
0.6505007743835449
0.31802526116371155
0.9852637052536011
0.22035053372383118
0.9058360457420349
0.9243355989456177
0.4108087420463562
0.690828263759613
0.3344888687133789
0.37647998332977295
0.33304253220558167
0.5638288855552673
0.23429149389266968
0.2107047587633133
0.8872761726379395
0.8304831981658936
0.8249509930610657
0.4107809066772461
0.7944773435592651
0.11620504409074783
0.9168403744697571
0.5393095016479492
0.5306495428085327
0.9256576299667358
0.5810399651527405
0.7945513129234314
0.565313994884491
0.42623069882392883
0.69739830493927
0.04308203235268593
0.6900544762611389
0.4847213625907898
0.29038652777671814
0.2941131889820099
0.7521746158599854
0.8568682074546814
0.4457951486110687
0.8608607649803162
0.34741002321243286
0.33245745301246643
0.05296116694808006
0.008875057101249695
0.6965008974075317
0.7335608005523682
0.1913326531648636
0.41602373123168945
0.8874777555465698
0.6010763645172119
0.9089964628219604
0.6088492274284363
0.49353086948394775
0.09720173478126526
0.5499917268753052
0.7277743816375732
0.6695488691329956
0.33150485157966614
0.566526472568512
0.9299848675727844
0.10957390069961548
0.5406195521354675
0.29175740480422974
0.7795866131782532
0.6054781675338745
0.7029176950454712
0.7430344820022583
0.21003256738185883
0.8151430487632751
0.49732452630996704
0.728085994720459
0.837475597858429
0.480204701423645
0.206125408411026
0.307644784450531
0.34175074100494385
0.8929404020309448
0.21479718387126923
0.12054283171892166
0.9898843169212341
0.23695935308933258
0.1864459365606308
0.04149568825960159
0.3670465648174286
0.519317090511322
0.2409161776304245
0.8836843967437744
0.7910297513008118
0.6196911334991455
0.15374891459941864
0.7140992283821106
0.8052573204040527
0.29797443747520447
0.43288445472717285
0.8040647506713867
0.9073254466056824
0.5719434022903442
0.9347221255302429
0.22119975090026855
0.5510685443878174
0.525580883026123
0.5753836631774902
0.875565767288208
0.6033350229263306
0.7164472937583923
0.43960240483283997
0.42279282212257385
0.1818491816520691
0.8724141120910645
0.6276236772537231
0.35973915457725525
0.41079533100128174
0.90719074010849
0.964886486530304
0.10838834941387177
0.6803146600723267
0.4349191188812256
0.8816318511962891
0.07839354127645493
0.17083151638507843
0.7872676849365234
0.8698006272315979
0.5252640843391418
0.8024054169654846
0.00819994043558836
0.4793362617492676
0.7950087785720825
0.5622526407241821
0.9136145710945129
0.6786255240440369
0.957574725151062
0.06888895481824875
0.19397158920764923
0.010680287145078182
0.7592619061470032
0.9823227524757385
0.7169966101646423
0.1760462373495102
0.39906659722328186
0.18232516944408417
0.9051336050033569
0.05847698450088501
0.09576251357793808
0.7623807191848755
0.9854347705841064
0.7651240229606628
0.8491358757019043
0.01907927915453911
0.4791245460510254
0.48926302790641785
0.6098331212997437
0.2722145915031433
0.6275064945220947
0.8470631837844849
0.08018402755260468
0.5046221017837524
0.9532701373100281
0.26954615116119385
0.5569725632667542
0.3449980616569519
0.6263129115104675
0.5110762715339661
0.8823210597038269
0.281246542930603
0.4960081875324249
0.7931880950927734
0.793489933013916
0.40158212184906006
0.37483781576156616
0.17374439537525177
0.014846382662653923
0.31792399287223816
0.7857840061187744
0.41730692982673645
0.5933805108070374
0.6087112426757812
0.02385174110531807
0.485189825296402
0.7925722599029541
0.6574947834014893
0.4480540454387665
0.6884523034095764
0.8247097134590149
0.879761278629303
0.3474581241607666
0.2819574773311615
0.4210255444049835
0.9691622257232666
0.30868077278137207
0.41914358735084534
0.04679371789097786
0.1492774784564972
0.7511625289916992
0.2314601093530655
0.29448431730270386
0.8900296092033386
0.5831305384635925
0.5899075865745544
0.05690130963921547
0.7824097275733948
0.32707449793815613
0.6630365252494812
0.5998744368553162
0.09905960410833359
0.10580399632453918
0.8025112748146057
0.6869717240333557
0.5906080007553101
0.7582905888557434
0.5758767127990723
0.3659074306488037
0.49395695328712463
0.39135199785232544
0.3261067271232605
0.8929895162582397
0.6407027840614319
0.36319559812545776
0.9762461185455322
0.9174312949180603
0.16356992721557617
0.8869887590408325
0.5555713772773743
0.02699264883995056
0.9295774102210999
0.49489307403564453
0.9234623908996582
0.1608971655368805
0.09170497208833694
0.6549730896949768
0.44189247488975525
0.3380863666534424
0.9782532453536987
0.052708886563777924
0.8521267771720886
0.7216171026229858
0.6842291355133057
0.8994549512863159
0.9311253428459167
0.8348212838172913
0.885986328125
0.6241679787635803
0.6125028729438782
0.6816370487213135
0.8013291954994202
0.7742525935173035
0.271590918302536
0.0419735312461853
0.42810893058776855
0.36003220081329346
0.39836588501930237
0.47918859124183655
0.4140002429485321
0.16595935821533203
0.9224414825439453
0.824741542339325
0.47308361530303955
0.7204179763793945
0.003747424343600869
0.8492442965507507
0.9042820930480957
0.021807052195072174
0.264207661151886
0.014766222797334194
0.5464296936988831
0.3197307884693146
0.08245754987001419
0.5210651755332947
0.23839125037193298
0.41013315320014954
0.5505982041358948
0.4860183000564575
0.5312057137489319
0.25414085388183594
0.2999922037124634
0.21330904960632324
0.2891720235347748
0.36873170733451843
0.9366128444671631
0.4856686294078827
0.0755087360739708
0.949253261089325
0.22446244955062866
0.849441647529602
0.8958808779716492
0.030858822166919708
0.7922184467315674
0.5175937414169312
0.25643280148506165
0.201561838388443
0.7931272983551025
0.3976777195930481
0.6452286839485168
0.8686649799346924
0.33395686745643616
0.2823711335659027
0.6111525297164917
0.5729668140411377
0.4418875277042389
0.07217087596654892
0.2421543300151825
0.07273367047309875
0.5419138669967651
0.16060461103916168
0.13033151626586914
0.43284276127815247
0.7589978575706482
0.3105049431324005
0.7139836549758911
0.8288676142692566
0.09899015724658966
0.7786922454833984
0.3461665213108063
0.3701808750629425
0.602907121181488
0.5055112838745117
0.819166362285614
0.09650206565856934
0.117007315158844
0.5161147713661194
0.1837066113948822
0.22222915291786194
0.6702296137809753
0.4146833121776581
0.7392523884773254
0.9026671648025513
0.12305475771427155
0.8892650008201599
0.7706423401832581
0.19105276465415955
0.1354644000530243
0.085428886115551
0.5298931002616882
0.8236974477767944
0.9733197093009949
0.4902401566505432
0.7127759456634521
0.8144398331642151
0.5237670540809631
0.7156358957290649
0.9392462372779846
0.5894373059272766
0.7714977264404297
0.5350164771080017
0.6546155214309692
0.8469191789627075
0.6425419449806213
0.7371340394020081
0.9291107058525085
0.16849376261234283
0.9423555135726929
0.4682149589061737
0.974724531173706
0.7046689391136169
0.6762354373931885
0.2722547650337219
0.1698673814535141
0.8725591897964478
0.9755425453186035
0.05131933093070984
0.8023374080657959
0.7854275703430176
0.9070640802383423
0.1680041402578354
0.2523675262928009
0.9614444375038147
0.2791891098022461
0.9968301653862
0.37730780243873596
0.43298691511154175
0.39880621433258057
0.3401283621788025
0.17258968949317932
0.8006756901741028
0.6615134477615356
0.31692996621131897
0.9384407997131348
0.6409029960632324
0.18825048208236694
0.916499137878418
0.6361314058303833
0.2691597640514374
0.080727718770504
0.6417958736419678
0.27102652192115784
0.30729955434799194
0.9481946229934692
0.27605071663856506
0.5371923446655273
0.4925435483455658
0.24348066747188568
0.9269949793815613
0.06610347330570221
0.31283411383628845
0.5870174169540405
0.5875529050827026
0.12742570042610168
0.9769213795661926
0.7416867017745972
0.555505633354187
0.6077591776847839
0.848595142364502
0.629622757434845
0.13446243107318878
0.8663053512573242
0.3043842315673828
0.8653528690338135
0.04545186087489128
0.5291835069656372
0.1566290557384491
0.6531909704208374
0.6736695170402527
0.7598827481269836
0.3454764187335968
0.9409044981002808
0.48566123843193054
0.5565096735954285
0.5333235263824463
0.037823386490345
0.6943094730377197
0.9158018827438354
0.8697485327720642
0.8464668989181519
0.7727730870246887
0.43866321444511414
0.586533784866333
0.5474521517753601
0.7847955226898193
0.5715694427490234
0.4774686396121979
0.5707287788391113
0.23095299303531647
0.04543066769838333
0.5886945724487305
0.452595978975296
0.20314571261405945
0.9011003375053406
0.3009459972381592
0.8889824151992798
0.5059940814971924
0.7821304798126221
0.5798445343971252
0.9418081641197205
0.8578773736953735
0.8512349128723145
0.6839717626571655
0.5697959065437317
0.2476206123828888
0.18233653903007507
0.8047139644622803
0.24626559019088745
0.41441380977630615
0.21207396686077118
0.48510247468948364
0.15072385966777802
0.8609694838523865
0.10997087508440018
0.2306266725063324
0.16021959483623505
0.12347717583179474
0.28138503432273865
0.7663182616233826
0.06131601706147194
0.05245013162493706
0.8710799217224121
0.8448266386985779
0.788693904876709
0.2601691484451294
0.9441278576850891
0.6036625504493713
0.746385931968689
0.7711749076843262
0.18146444857120514
0.5113924145698547
0.9455297589302063
0.372848778963089
0.8667528629302979
0.9413626194000244
0.605774462223053
0.5218227505683899
0.5855321288108826
0.6033967137336731
0.718078076839447
0.8108288645744324
0.48460355401039124
0.3336940109729767
0.08287006616592407
0.7995248436927795
0.29576557874679565
0.24300797283649445
0.0007683386793360114
0.5898901224136353
0.729644238948822
0.6727262735366821
0.7660367488861084
0.08473338931798935
0.24983900785446167
0.8653411865234375
0.9371904730796814
0.5661616325378418
0.798628032207489
0.18152941763401031
0.9327146410942078
0.6407222747802734
0.023883499205112457
0.2970799207687378
0.9301068186759949
0.2954404950141907
0.37070539593696594
0.023376651108264923
0.5542629361152649
0.4897927939891815
0.20466119050979614
0.676260232925415
0.5087962746620178
0.53488689661026
0.9185022711753845
0.1303565502166748
0.7180458307266235
0.7314993143081665
0.7985900640487671
0.6652056574821472
0.5333491563796997
0.2734663486480713
0.9454106688499451
0.6340112090110779
0.2574476897716522
0.033670905977487564
0.009602523408830166
0.8862894177436829
0.34246864914894104
0.0661366730928421
0.7034319043159485
0.34038737416267395
0.631473183631897
0.16064271330833435
0.4694173336029053
0.9646708369255066
0.6564236283302307
0.5497002005577087
0.6613638401031494
0.4338436424732208
0.012773068621754646
0.9613925218582153
0.10209790617227554
0.2599630057811737
0.10274388641119003
0.15592820942401886
0.4097435772418976
0.8103407621383667
0.7075668573379517
0.3935440480709076
0.840445876121521
0.40366920828819275
0.4955858588218689
0.21575744450092316
0.8520442843437195
0.43742892146110535
0.19179680943489075
0.7837644815444946
0.3994200825691223
0.3512912094593048
0.17040377855300903
0.6162481307983398
0.05896330252289772
0.9288123250007629
0.67437744140625
0.04833507165312767
0.3936283588409424
0.13679395616054535
0.7831642627716064
0.1970992088317871
0.2289983183145523
0.7273711562156677
0.42824435234069824
0.42381924390792847
0.9093306064605713
0.12574785947799683
0.9529714584350586
0.8190895915031433
0.5688145160675049
0.6704843044281006
0.012477215379476547
0.7923768162727356
0.6823230981826782
0.7402955293655396
0.050994064658880234
0.31024298071861267
0.05643950030207634
0.29188111424446106
0.8638628125190735
0.15701089799404144
0.5859887003898621
0.1645546406507492
0.5529158115386963
0.7875094413757324
0.1064680814743042
0.6040249466896057
0.2956618368625641
0.17046722769737244
0.7246678471565247
0.5657480359077454
0.1951732337474823
0.2457708865404129
0.5159873962402344
0.1973743736743927
0.06904014199972153
0.9630125761032104
0.20610393583774567
0.4117181599140167
0.028271490707993507
0.7371878623962402
0.19433380663394928
0.40687790513038635
0.29355600476264954
0.10934672504663467
0.6575595140457153
0.9086792469024658
0.8773098587989807
0.09315939992666245
0.33969810605049133
0.22601646184921265
0.8298050165176392
0.6561587452888489
0.21025048196315765
0.7499772906303406
0.9566856622695923
0.7826181054115295
0.6717740297317505
0.10460822284221649
0.8870130777359009
0.03853655979037285
0.1584545373916626
0.18451502919197083
0.7335412502288818
0.32248473167419434
0.1250707060098648
0.9179005026817322
0.25401777029037476
0.1281997561454773
0.20007510483264923
0.5822095274925232
0.15661558508872986
0.7092744708061218
0.5195198059082031
0.2816506624221802
0.0637490302324295
0.29078999161720276
0.6741138100624084
0.9084471464157104
0.9242786765098572
0.7663912773132324
0.37380659580230713
0.9757354259490967
0.18705223500728607
0.6341800093650818
0.3644922375679016
0.5685097575187683
0.48186397552490234
0.8930290937423706
0.3271852731704712
0.585678219795227
0.8336582779884338
0.560473620891571
0.08551035076379776
0.0325050987303257
0.2654418647289276
0.31150874495506287
0.40957796573638916
0.46834638714790344
0.5442115664482117
0.3868061900138855
0.440646231174469
0.5104132890701294
0.7898558974266052
0.28212088346481323
0.39070141315460205
0.16735799610614777
0.7967678904533386
0.19632703065872192
0.012917437590658665
0.7362133860588074
0.28237348794937134
0.10182905197143555
0.4077512323856354
0.6410648822784424
0.6238773465156555
0.1251988261938095
0.842915952205658
0.13596117496490479
0.23372074961662292
0.6053640246391296
0.15051230788230896
0.6990315914154053
0.6927677392959595
0.040638018399477005
0.9729107618331909
0.04059680178761482
0.659838080406189
0.8212339282035828
0.24121083319187164
0.2073483169078827
0.16407930850982666
0.1810085028409958
0.5967661738395691
0.3691056966781616
0.15934371948242188
0.9411060214042664
0.9690914154052734
0.8293377757072449
0.9514104723930359
0.7663280367851257
0.5847176909446716
0.3786962926387787
0.10597957670688629
0.6393584609031677
0.8694026470184326
0.7116305232048035
0.14213679730892181
0.7898020148277283
0.3650790750980377
0.12607847154140472
0.7754420042037964
0.1560220569372177
0.9985761642456055
0.7746576070785522
0.20374250411987305
0.42625099420547485
0.5768898725509644
0.5072634220123291
0.6726008653640747
0.20388774573802948
0.5590305924415588
0.039087675511837006
0.1465413123369217
0.7930123805999756
0.7990356087684631
0.4627055823802948
0.7523177266120911
0.359343558549881
0.9225953817367554
0.814706027507782
0.7233956456184387
0.9328716397285461
0.3205605149269104
0.37564539909362793
0.7011088132858276
0.4961984157562256
0.004338712431490421
0.7991286516189575
0.28823158144950867
0.9587596654891968
0.8685759902000427
0.34832996129989624
0.5349092483520508
0.6366268992424011
0.47747236490249634
0.3192914128303528
0.5864835977554321
0.9635460376739502
0.3206731081008911
0.49123615026474
0.6644512414932251
0.5976426005363464
0.21379858255386353
0.6072447896003723
0.2702251374721527
0.6175507307052612
0.4442939758300781
0.8006798624992371
0.024380115792155266
0.4991266131401062
0.8124077320098877
0.7827626466751099
0.9103506803512573
0.5939280986785889
0.467171311378479
0.10090599954128265
0.4395807683467865
0.5358452200889587
0.8252637386322021
0.34241020679473877
0.7782305479049683
0.6829645037651062
0.6153428554534912
0.4714084565639496
0.6383657455444336
0.5741427540779114
0.5412773489952087
0.6143165230751038
0.7639381885528564
0.6613779067993164
0.4584618806838989
0.7573077082633972
0.419805645942688
0.13907253742218018
0.6561232805252075
0.46901676058769226
0.34268295764923096
0.1855851262807846
0.12954743206501007
0.39319607615470886
0.08484390377998352
0.9237624406814575
0.7549996972084045
0.21729610860347748
0.33300095796585083
0.5361368060112
0.8816658854484558
0.41746532917022705
0.9464208483695984
0.030124226585030556
0.40037375688552856
0.2248775064945221
0.011455579660832882
0.8415509462356567
0.41541147232055664
0.6141380667686462
0.8307089805603027
0.15992915630340576
0.8172377347946167
0.9095229506492615
0.11004570126533508
0.8176515698432922
0.009474152699112892
0.17998778820037842
0.0660218596458435
0.6751779913902283
0.9883105158805847
0.8455303907394409
0.6832345724105835
0.23137488961219788
0.8794655799865723
0.8770462274551392
0.24833083152770996
0.9723002314567566
0.3573553264141083
0.05481862276792526
0.9143924117088318
0.148649200797081
0.9008070230484009
0.5897935628890991
0.29145869612693787
0.02905341237783432
0.14398738741874695
0.9297298789024353
0.7223389744758606
0.8146957159042358
0.6213335990905762
0.7435303926467896
0.9224052429199219
0.7547163367271423
0.7655076384544373
0.3557557165622711
0.7311325669288635
0.3020424544811249
0.7935027480125427
0.5063731670379639
0.5359126329421997
0.17863622307777405
0.7251365780830383
0.19677096605300903
0.41508612036705017
0.46944060921669006
0.6044552326202393
0.7162322402000427
0.4027997553348541
0.21195761859416962
0.9432922601699829
0.030963825061917305
0.5646762847900391
0.6748266220092773
0.47132426500320435
0.3887687027454376
0.72332364320755
0.6176939010620117
0.6510066390037537
0.20440077781677246
0.8576614856719971
0.20629249513149261
0.8528403043746948
0.007044125348329544
0.4859546422958374
0.022551868110895157
0.9535068273544312
0.028287207707762718
0.3011305630207062
0.4045330882072449
0.14697040617465973
0.38911062479019165
0.07885857671499252
0.13563303649425507
0.9116142392158508
0.5303475856781006
0.5276827216148376
0.3526502847671509
0.28156328201293945
0.922548234462738
0.6274444460868835
0.26173606514930725
0.32599225640296936
0.616066575050354
0.4188501238822937
0.17979347705841064
0.036728303879499435
0.233001247048378
0.4141663908958435
0.821718692779541
0.6074128746986389
0.567852795124054
0.4664311110973358
0.016450438648462296
0.14062325656414032
0.7191174626350403
0.46854719519615173
0.07445996254682541
0.9991583228111267
0.6626609563827515
0.1961977779865265
0.47048094868659973
0.2950224280357361
0.5316036939620972
0.5116961598396301
0.38771528005599976
0.1280040293931961
0.06939790397882462
0.4715917110443115
0.2494482845067978
0.0052752005867660046
0.9925287961959839
0.5950759053230286
0.061005380004644394
0.646911084651947
0.055208951234817505
0.2049357146024704
0.29717394709587097
0.7497994303703308
0.36481255292892456
0.5594216585159302
0.09674517810344696
0.32938310503959656
0.34849968552589417
0.244727224111557
0.3410227596759796
0.655195951461792
0.29763394594192505
0.8409445285797119
0.671416699886322
0.6155558824539185
0.7421150803565979
0.4359559118747711
0.1155429407954216
0.6295875906944275
0.6431320905685425
0.4381166994571686
0.006959934253245592
0.42073485255241394
0.711023211479187
0.5375745892524719
0.1981600672006607
0.6206264495849609
0.3207060396671295
0.009678060188889503
0.8932965993881226
0.24797087907791138
0.20668551325798035
0.7535576224327087
0.8891986012458801
0.2786014974117279
0.4148201048374176
0.492737352848053
0.6565746665000916
0.044798724353313446
0.13395091891288757
0.8953579068183899
0.8586778044700623
0.9571103453636169
0.5850405097007751
0.13357362151145935
0.10979513823986053
0.056232012808322906
0.816473126411438
0.3850693106651306
0.8497005105018616
0.2928202152252197
0.837246298789978
0.35547709465026855
0.31795018911361694
0.4469234347343445
0.3049328029155731
0.42735183238983154
0.1901644468307495
0.1967892199754715
0.2877388000488281
0.20734943449497223
0.3757585287094116
0.33076465129852295
0.8439204692840576
0.49875524640083313
0.3858048915863037
0.7807140946388245
0.8582554459571838
0.24651587009429932
0.7450396418571472
0.34650370478630066
0.38628414273262024
0.7119362354278564
0.7035888433456421
0.566885232925415
0.8973414301872253
0.3049808144569397
0.8904902338981628
0.3300131559371948
0.8495965600013733
0.5721121430397034
0.6232460141181946
0.013936185277998447
0.07771392166614532
0.20775508880615234
0.5258559584617615
0.47862961888313293
0.850030243396759
0.9604423642158508
0.8701171875
0.04599780589342117
0.34405651688575745
0.5730227828025818
0.5675906538963318
0.031220298260450363
0.060177914798259735
0.3820090889930725
0.5337050557136536
0.7933809757232666
0.9186568856239319
0.3989657759666443
0.005226881708949804
0.3727685511112213
0.8544078469276428
0.6024459600448608
0.2036445289850235
0.20986402034759521
0.7456609010696411
0.2722066342830658
0.8495347499847412
0.7615763545036316
0.3288755714893341
0.07516030222177505
0.26924559473991394
0.007168987765908241
0.551982581615448
0.8035350441932678
0.22158776223659515
0.6156843304634094
0.2790266275405884
0.20612625777721405
0.33687761425971985
0.44234663248062134
0.5740329623222351
0.3456161320209503
0.3406485617160797
0.886602520942688
0.6062755584716797
0.7003259658813477
0.6638714075088501
0.3125919997692108
0.8347655534744263
0.5100679397583008
0.5411778688430786
0.4568849802017212
0.31638437509536743
0.27188539505004883
0.6251825094223022
0.37869516015052795
0.5477094054222107
0.6303742527961731
0.371020644903183
0.2760579288005829
0.7313260436058044
0.6335621476173401
0.7778457999229431
0.5024096965789795
0.15466605126857758
0.9143301844596863
0.5694650411605835
0.2569490969181061
0.7270029187202454
0.19710920751094818
0.329702764749527
0.206466943025589
0.08128759264945984
0.6576942205429077
0.45662257075309753
0.02906165085732937
0.4655097723007202
0.08009753376245499
0.08432529121637344
0.9411842226982117
0.7221729755401611
0.6548783183097839
0.7825269103050232
0.661453127861023
0.4157801568508148
0.5292001366615295
0.9667222499847412
0.5779043436050415
0.5860328078269958
0.7454933524131775
0.21915234625339508
0.7083017230033875
0.37743136286735535
0.8720768094062805
0.5359027981758118
0.8922510743141174
0.9670802354812622
0.06755736470222473
0.006842124275863171
0.11589084565639496
0.008393987081944942
0.8142609596252441
0.5280134081840515
0.6474689245223999
0.10555878281593323
0.8079524636268616
0.6323024034500122
0.16873343288898468
0.3460395634174347
0.8778097629547119
0.08649668097496033
0.16867661476135254
0.038488369435071945
0.968960702419281
0.4579520523548126
0.9233294129371643
0.5322280526161194
0.5203719735145569
0.2910931706428528
0.4478394091129303
0.6622054576873779
0.555164635181427
0.6548224091529846
0.2515110373497009
0.9008094668388367
0.41247278451919556
0.08367936313152313
0.4616647958755493
0.9980179667472839
0.8253270387649536
0.28171858191490173
0.5979331731796265
0.1273265779018402
0.2473383992910385
0.1915150135755539
0.7898685932159424
0.15932808816432953
0.19826067984104156
0.05905470624566078
0.3446030914783478
0.32173454761505127
0.6822588443756104
0.9581870436668396
0.8143271803855896
0.2701859176158905
0.04106631129980087
0.08436699211597443
0.08981936424970627
0.16923920810222626
0.9675018191337585
0.45512381196022034
0.613679051399231
0.5519616007804871
0.2580597996711731
0.8914128541946411
0.7796699404716492
0.5784006118774414
0.7124977707862854
0.2784144878387451
0.2817506790161133
0.844242513179779
0.07980190217494965
0.24430888891220093
0.862166166305542
0.6503049731254578
0.32351192831993103
0.9469303488731384
0.6930521726608276
0.5475394129753113
0.44837698340415955
0.8728730082511902
0.040993232280015945
0.39012566208839417
0.08409563452005386
0.5628868937492371
0.9408582448959351
0.1495203971862793
0.95008385181427
0.7289274334907532
0.923210859298706
0.2620460093021393
0.264039009809494
0.8016625642776489
0.6612362861633301
0.5260761380195618
0.8511210680007935
0.2695189118385315
0.17927145957946777
0.26457279920578003
0.9898188710212708
0.11096926778554916
0.9021449089050293
0.3726738691329956
0.4514158368110657
0.225221648812294
0.8773477673530579
0.31874361634254456
0.24227291345596313
0.92404705286026
0.721357524394989
0.9078192114830017
0.9838334918022156
0.4283844828605652
0.38634204864501953
0.8608978390693665
0.10717270523309708
0.9023839235305786
0.9763091802597046
0.6318421959877014
0.5029978156089783
0.4542815387248993
0.134611576795578
0.9858803153038025
0.9429410099983215
0.4794497489929199
0.8953151106834412
0.5735032558441162
0.1718214899301529
0.5077179074287415
0.48906001448631287
0.7560515403747559
0.6699898838996887
0.9886826872825623
0.40750858187675476
0.438679575920105
0.2120784968137741
0.8293492794036865
0.6504443883895874
0.29266899824142456
0.7241107225418091
0.2917420566082001
0.738494336605072
0.6531193852424622
0.7195185422897339
0.5677924156188965
0.19932395219802856
0.4353903830051422
0.7120614051818848
0.9553590416908264
0.8904087543487549
0.44496625661849976
0.7382781505584717
0.5168823003768921
0.8386783599853516
0.7193475961685181
0.8744795918464661
0.3617742657661438
0.8917236328125
0.5982877612113953
0.021766236051917076
0.7980346083641052
0.09155622124671936
0.045563243329524994
0.37010273337364197
0.6018379926681519
0.9781957268714905
0.36690887808799744
0.18788322806358337
0.7023555636405945
0.4267534613609314
0.47528937458992004
0.16666896641254425
0.4277862310409546
0.8396362662315369
0.4436231255531311
0.794187068939209
0.48065975308418274
0.9552772641181946
0.5148203372955322
0.3444521725177765
0.6812453866004944
0.12235843390226364
0.9588618874549866
0.077589251101017
0.13615427911281586
0.8910136222839355
0.2035374641418457
0.18703748285770416
0.3543148636817932
0.42932063341140747
0.7489678263664246
0.02364368736743927
0.17263375222682953
0.9139485955238342
0.3129120469093323
0.7667877078056335
0.42662617564201355
0.45605674386024475
0.3666135370731354
0.7432899475097656
0.7793835401535034
0.9415135383605957
0.867655336856842
0.7314356565475464
0.39276278018951416
0.6327660083770752
0.835936963558197
0.30610132217407227
0.4969865381717682
0.4655039608478546
0.14588162302970886
0.008394630625844002
0.8095237612724304
0.08667825907468796
0.5182580351829529
0.4789470434188843
0.3037576675415039
0.9714097380638123
0.07933486253023148
0.1721913367509842
0.2979021370410919
0.06983230262994766
0.5340957641601562
0.9214690327644348
0.17259959876537323
0.6688928604125977
0.9168431758880615
0.7636903524398804
0.17483378946781158
0.1363781839609146
0.8108311891555786
0.6721943616867065
0.0397188663482666
0.04105141758918762
0.47110429406166077
0.6595560312271118
0.5074363350868225
0.30152779817581177
0.25593018531799316
0.1043764278292656
0.9273871183395386
0.4887959957122803
0.9516595005989075
0.5230093002319336
0.7706934213638306
0.34950679540634155
0.38230305910110474
0.8331154584884644
0.7457492351531982
0.40413299202919006
0.07085323333740234
0.9605959057807922
0.9146674871444702
0.5252637267112732
0.6574642062187195
0.20669521391391754
0.9153835773468018
0.6687491536140442
0.5830042958259583
0.6838406324386597
0.19482669234275818
0.25994452834129333
0.8409795761108398
0.48204168677330017
0.7362035512924194
0.3015596866607666
0.10418906807899475
0.632764458656311
0.9951635003089905
0.9360638856887817
0.24446968734264374
0.4837958514690399
0.02758066914975643
0.16954918205738068
0.7616226077079773
0.24787598848342896
0.5583932399749756
0.5672802329063416
0.1004173755645752
0.15867950022220612
0.4570455551147461
0.8935866951942444
0.1617271900177002
0.3356349766254425
0.7367880344390869
0.9748047590255737
0.865350067615509
0.5278081893920898
0.7853311896324158
0.3895740509033203
0.793989896774292
0.6991844773292542
0.04509994387626648
0.8390467166900635
0.7599096894264221
0.13101084530353546
0.6993805170059204
0.7070213556289673
0.15923982858657837
0.6165778040885925
0.754088819026947
0.2871716022491455
0.2563490867614746
0.8796258568763733
0.8294943571090698
0.42044776678085327
0.5698349475860596
0.1919238120317459
0.3544137179851532
0.18415111303329468
0.8380669951438904
0.6263062953948975
0.3812549114227295
0.2922157943248749
0.9385907649993896
0.7422158122062683
0.8327532410621643
0.39439883828163147
0.8200992345809937
0.5423284769058228
0.9272111654281616
0.38619107007980347
0.06133684143424034
0.29707616567611694
0.6525834798812866
0.13470181822776794
0.0910106673836708
0.44202086329460144
0.3932834267616272
0.17012739181518555
0.9513558149337769
0.8528944849967957
0.8916512131690979
0.8901534676551819
0.17408420145511627
0.33490532636642456
0.974125862121582
0.36651062965393066
0.12454864382743835
0.019199253991246223
0.8599536418914795
0.6207633018493652
0.20518618822097778
0.6413305401802063
0.41389554738998413
0.2858212888240814
0.9124396443367004
0.6479365229606628
0.1002691313624382
0.009317556396126747
0.3467463254928589
0.17197799682617188
0.721024751663208
0.7281591892242432
0.10533061623573303
0.4304300546646118
0.7835694551467896
0.49890944361686707
0.6610295176506042
0.2841898500919342
0.06325007230043411
0.5983124375343323
0.5865121483802795
0.14146049320697784
0.4297311007976532
0.23360691964626312
0.8571982979774475
0.40342992544174194
0.4181795120239258
0.045847758650779724
0.2607938349246979
0.5564873814582825
0.15088501572608948
0.29465991258621216
0.7272602319717407
0.587420642375946
0.9172084331512451
0.32033973932266235
0.8606134653091431
0.03312463313341141
0.665915310382843
0.7746118307113647
0.10057023167610168
0.4559071958065033
0.9740507006645203
0.9923848509788513
0.17858266830444336
0.833398163318634
0.03475121036171913
0.09090062975883484
0.3049735128879547
0.39333972334861755
0.7462332248687744
0.313359797000885
0.3775014579296112
0.09245121479034424
0.5517179369926453
0.8347753286361694
0.7492589950561523
0.33863723278045654
0.8885785341262817
0.280522882938385
0.4855732023715973
0.931623101234436
0.15284137427806854
0.6080845594406128
0.1405310034751892
0.16244739294052124
0.8363986015319824
0.3599548637866974
0.21542158722877502
0.6791732311248779
0.7296653985977173
0.587811291217804
0.5627195239067078
0.7675453424453735
0.6945120096206665
0.44766178727149963
0.8040465116500854
0.7652910947799683
0.24623966217041016
0.47892773151397705
0.2390352040529251
0.8211674094200134
0.6775897145271301
0.3915601372718811
0.8404508233070374
0.21005547046661377
0.014484002254903316
0.02261440083384514
0.9072647094726562
0.926845908164978
0.06728482246398926
0.6015539169311523
0.14922559261322021
0.9461304545402527
0.8591613173484802
0.5150636434555054
0.6718229055404663
0.9606751799583435
0.3789854049682617
0.85794997215271
0.26401418447494507
0.6637395024299622
0.10386015474796295
0.9094493985176086
0.011653488501906395
0.09216095507144928
0.32997721433639526
0.926128625869751
0.9985714554786682
0.8574511408805847
0.48067018389701843
0.1452905386686325
0.23447249829769135
0.3204514682292938
0.9852718710899353
0.5803544521331787
0.8508169651031494
0.3304758071899414
0.6095119714736938
0.2184741199016571
0.5425860285758972
0.25037187337875366
0.3395395874977112
0.33052822947502136
0.41789257526397705
0.10678740590810776
0.9848606586456299
0.5202309489250183
0.5416929125785828
0.31725069880485535
0.6215890645980835
0.34376296401023865
0.9170138835906982
0.2621162235736847
0.5082628130912781
0.7727522253990173
0.8400331735610962
0.936363160610199
0.3170391619205475
0.1348331868648529
0.3343290090560913
0.854134738445282
0.9477372765541077
0.5643911957740784
0.5619798302650452
0.7718884944915771
0.6695448160171509
0.8994365930557251
0.6970164775848389
0.5185074806213379
0.528456449508667
0.46548718214035034
0.6235136985778809
0.43418088555336
0.9446834921836853
0.27674171328544617
0.20019371807575226
0.37554243206977844
0.2926892638206482
0.8013972043991089
0.941308319568634
0.31650811433792114
0.609028160572052
0.44105464220046997
0.7128292918205261
0.6037507653236389
0.30774903297424316
0.490400493144989
0.07385256886482239
0.9375414252281189
0.7712758779525757
0.1129632219672203
0.7393911480903625
0.12800268828868866
0.9710269570350647
0.05963748320937157
0.1909959316253662
0.34689944982528687
0.10690008103847504
0.880544126033783
0.6169483661651611
0.6639730930328369
0.9137069582939148
0.9504263401031494
0.6678258180618286
0.4222375452518463
0.23669864237308502
0.3084772229194641
0.07678025215864182
0.9896466732025146
0.990191638469696
0.01870136708021164
0.9166427850723267
0.9732289910316467
0.2358802706003189
0.6706867218017578
0.8715231418609619
0.17152458429336548
0.6728583574295044
0.16771267354488373
0.3126804232597351
0.7609821557998657
0.07489513605833054
0.9005593657493591
0.7822208404541016
0.3952856659889221
0.21010519564151764
0.8203586935997009
0.09600397199392319
0.5184879302978516
0.7401019334793091
0.8522358536720276
0.6605661511421204
0.27950578927993774
0.4951798915863037
0.2633479833602905
0.145586758852005
0.8756290078163147
0.6444553136825562
0.6894360780715942
0.6260694861412048
0.7739381790161133
0.4813668131828308
0.4374859929084778
0.36110323667526245
0.5726324319839478
0.670712947845459
0.46453380584716797
0.04558951035141945
0.6178207993507385
0.7819281220436096
0.6816216111183167
0.7741919159889221
0.011797559447586536
0.7181875705718994
0.42547106742858887
0.4401223063468933
0.7335970997810364
0.5320767164230347
0.3534044325351715
0.14882110059261322
0.6157218217849731
0.3611035645008087
0.6775369048118591
0.18451690673828125
0.5956908464431763
0.31539174914360046
0.4450789988040924
0.5950897932052612
0.7105684280395508
0.22555634379386902
0.7501776218414307
0.6529805660247803
0.8456470370292664
0.2541857063770294
0.41979289054870605
0.7504875659942627
0.3277406096458435
0.07129796594381332
0.8377455472946167
0.5309345722198486
0.027953336015343666
0.9191854596138
0.2947681248188019
0.4106714725494385
0.9802845120429993
0.7378183007240295
0.8852720260620117
0.8684313297271729
0.9922865629196167
0.9471973776817322
0.09553302079439163
0.4469800293445587
0.33840030431747437
0.8766302466392517
0.027912745252251625
0.25425052642822266
0.47762924432754517
0.6029147505760193
0.7780035138130188
0.7648426294326782
0.006207916885614395
0.5528656840324402
0.019104553386569023
0.8297669887542725
0.5750129222869873
0.8357681035995483
0.6096774935722351
0.3684917688369751
0.21473067998886108
0.04023810848593712
0.13116656243801117
0.08823353797197342
0.19135113060474396
0.5198456048965454
0.4286401867866516
0.5461900234222412
0.2573525309562683
0.3198409676551819
0.983742356300354
0.7925699949264526
0.12832792103290558
0.7818488478660583
0.3636757433414459
0.8994729518890381
0.24482907354831696
0.5588045716285706
0.06563153862953186
0.2088966816663742
0.808813750743866
0.08154582232236862
0.5877705216407776
0.7197341322898865
0.9230210781097412
0.7038012146949768
0.18169032037258148
0.9779780507087708
0.38761866092681885
0.29806292057037354
0.7969076633453369
0.8555862307548523
0.37494367361068726
0.21767590939998627
0.9793218374252319
0.9922646284103394
0.5475178956985474
0.015124639496207237
0.6337571144104004
0.31849566102027893
0.5058330297470093
0.653110682964325
0.48991209268569946
0.8973108530044556
0.2603117525577545
0.0327114500105381
0.21444182097911835
0.7553693652153015
0.8161499500274658
0.5591082572937012
0.6138109564781189
0.5414103269577026
0.4138404428958893
0.6167709827423096
0.1789332628250122
0.33073529601097107
0.22482164204120636
0.6403374671936035
0.09835749119520187
0.2802225649356842
0.38367682695388794
0.9910840392112732
0.20850127935409546
0.7824991941452026
0.16701601445674896
0.6479827165603638
0.07926710695028305
0.7727767825126648
0.3129604458808899
0.5529423952102661
0.7496737837791443
0.5743020176887512
0.1372980773448944
0.5805415511131287
0.6687817573547363
0.4164445400238037
0.9024214148521423
0.034104760736227036
0.7286575436592102
0.33908048272132874
0.5368515849113464
0.25197556614875793
0.27211910486221313
0.24683813750743866
0.6689966917037964
0.6421444416046143
0.5471518635749817
0.5316618084907532
0.5212636590003967
0.45351582765579224
0.9394849538803101
0.25600531697273254
0.6074665188789368
0.08742443472146988
0.4804021418094635
0.7640356421470642
0.6576371192932129
0.3718217611312866
0.49013569951057434
0.4173559248447418
0.41855180263519287
0.7308019399642944
0.305204302072525
0.23196563124656677
0.0076566231437027454
0.292021244764328
0.3581070303916931
0.3886677920818329
0.08629494160413742
0.7003050446510315
0.9652481079101562
0.5257892608642578
0.9287933707237244
0.6378712058067322
0.8175665140151978
0.3039972484111786
0.5953643321990967
0.474090576171875
0.6138136386871338
0.4859939217567444
0.47874128818511963
0.7720289826393127
0.6125723123550415
0.5413316488265991
0.8217734098434448
0.3837500512599945
0.3677695393562317
0.18409158289432526
0.48950695991516113
0.6960288286209106
0.3464036285877228
0.31121042370796204
0.4397276043891907
0.8944730162620544
0.6181468963623047
0.09146922081708908
0.9068981409072876
0.803708553314209
0.46038538217544556
0.5178969502449036
0.8790283799171448
0.38477835059165955
0.1586647629737854
0.3396715819835663
0.3228817880153656
0.5834894776344299
0.24732369184494019
0.07330581545829773
0.27474749088287354
0.6652956604957581
0.06715521961450577
0.8001959323883057
0.5027984976768494
0.06697983294725418
0.8056519627571106
0.3210027515888214
0.10835504531860352
0.8159626126289368
0.13348513841629028
0.2174758017063141
0.22353951632976532
0.6553056240081787
0.8595141172409058
0.6964240670204163
0.21157926321029663
0.3344633877277374
0.32127678394317627
0.5393795967102051
0.48928356170654297
0.9398799538612366
0.12093217670917511
0.9242050647735596
0.9374639391899109
0.8961491584777832
0.99904465675354
0.834306538105011
0.5924399495124817
0.09900073707103729
0.6512293219566345
0.06306708604097366
0.1734992265701294
0.37063124775886536
0.6069226861000061
0.6544384956359863
0.25071626901626587
0.6592258810997009
0.3273750841617584
0.6342669129371643
0.5649053454399109
0.5405059456825256
0.2286824733018875
0.7882305979728699
0.7190285325050354
0.16352233290672302
0.28227412700653076
0.7985212206840515
0.09565234184265137
0.9267199039459229
0.655785322189331
0.71018385887146
0.7030602097511292
0.27730709314346313
0.6173507571220398
0.10296699404716492
0.3751770853996277
0.07392775267362595
0.691028892993927
0.7488415837287903
0.4540606439113617
0.8403233885765076
0.3039814829826355
0.5128498077392578
0.22884415090084076
0.05027560144662857
0.8388475179672241
0.6258060336112976
0.4734748899936676
0.5068207383155823
0.6952998042106628
0.4073704183101654
0.21503983438014984
0.07874297350645065
0.7450401782989502
0.04819979518651962
0.10380617529153824
0.8382863402366638
0.7096408009529114
0.5078769326210022
0.3220726549625397
0.025718290358781815
0.3140779137611389
0.08916589617729187
0.04909951984882355
0.19584697484970093
0.02287050150334835
0.8978016376495361
0.8715470433235168
0.2180723398923874
0.3708057105541229
0.614998459815979
0.19296088814735413
0.30677345395088196
0.7635167837142944
0.8460366129875183
0.09389189630746841
0.7419688105583191
0.9724370837211609
0.5045711398124695
0.7689842581748962
0.7181474566459656
0.45495739579200745
0.4999874532222748
0.22179284691810608
0.08998846262693405
0.4447901248931885
0.5363115072250366
0.12654104828834534
0.05034134164452553
0.2354298233985901
0.9124668836593628
0.3482227921485901
0.3158552646636963
0.3085566759109497
0.9708276391029358
0.5640941858291626
0.9861786961555481
0.42464038729667664
0.38349390029907227
0.9752992391586304
0.8124392032623291
0.34343844652175903
0.9955909252166748
0.5100279450416565
0.5812079310417175
0.7433773875236511
0.6545212864875793
0.7500444054603577
0.7274771332740784
0.31798383593559265
0.300382137298584
0.3430946171283722
0.37410566210746765
0.9326236844062805
0.4921559989452362
0.5515320897102356
0.8944583535194397
0.07486771047115326
0.0948990061879158
0.42079633474349976
0.7564129829406738
0.8295651078224182
0.3140178918838501
0.561076819896698
0.8977996110916138
0.24873985350131989
0.9128044843673706
0.4238966405391693
0.7878244519233704
0.6883364319801331
0.3605778217315674
0.5820584297180176
0.9869464039802551
0.6950226426124573
0.985019326210022
0.48385417461395264
0.8083142638206482
0.6302770376205444
0.5758398175239563
0.9785782098770142
0.06901750713586807
0.6562703847885132
0.8422022461891174
0.7580447196960449
0.6845706701278687
0.7504084706306458
0.9662256836891174
0.811786949634552
0.7884387373924255
0.3306061625480652
0.9035782217979431
0.541310727596283
0.4088197946548462
0.28389090299606323
0.8427991271018982
0.7173770070075989
0.3936186730861664
0.19090913236141205
0.4073112905025482
0.39192768931388855
0.4491383731365204
0.3831918239593506
0.5834696292877197
0.7090497016906738
0.3286064863204956
0.20066291093826294
0.22079847753047943
0.4367844760417938
0.1463002860546112
0.5841121077537537
0.9163398742675781
0.4492834806442261
0.14428003132343292
0.27194514870643616
0.46832701563835144
0.1732417494058609
0.7254038453102112
0.3114716112613678
0.7799327969551086
0.7807868719100952
0.7580415606498718
0.8821181654930115
0.8604860901832581
0.28164032101631165
0.22703216969966888
0.024355405941605568
0.6850667595863342
0.4718560576438904
0.19346100091934204
0.8390396237373352
0.4829656183719635
0.8055651783943176
0.7285107970237732
0.9861258268356323
0.4696241617202759
0.8459796905517578
0.036777447909116745
0.34251144528388977
0.3413486182689667
0.5510210990905762
0.9058984518051147
0.5587028861045837
0.5131053328514099
0.2950057089328766
0.5813199877738953
0.9247521758079529
0.4386824071407318
0.4640907943248749
0.05516180396080017
0.8530241847038269
0.1456306427717209
0.9413279294967651
0.08936130255460739
0.20664304494857788
0.8264686465263367
0.7272946834564209
0.05567639321088791
0.9498355984687805
0.8090405464172363
0.7661885619163513
0.8193225264549255
0.9695444703102112
0.048946231603622437
0.3867114782333374
0.9005770087242126
0.06705033779144287
0.6879308223724365
0.6264374256134033
0.9767106771469116
0.8770180344581604
0.6655651926994324
0.3880581259727478
0.13995902240276337
0.17691205441951752
0.2846723794937134
0.8937336206436157
0.24340011179447174
0.4770982563495636
0.42691731452941895
0.8757762908935547
0.7821831703186035
0.08532173186540604
0.40585407614707947
0.120858334004879
0.24659357964992523
0.04475180059671402
0.9629270434379578
0.31437230110168457
0.7472935914993286
0.6936917304992676
0.7132983803749084
0.8848126530647278
0.9531691670417786
0.25391146540641785
0.8700807690620422
0.8056038022041321
0.6929516196250916
0.8519113659858704
0.8021129369735718
0.2747444808483124
0.7205032110214233
0.08832654356956482
0.6384133696556091
0.9779942631721497
0.7808458209037781
0.07193072140216827
0.9446353316307068
0.9173760414123535
0.9068158268928528
0.46846359968185425
0.04728257656097412
0.36387041211128235
0.8321409225463867
0.6507340669631958
0.8473252058029175
0.41481485962867737
0.8708080649375916
0.7088841795921326
0.6788204312324524
0.12469075620174408
0.8679161071777344
0.46594473719596863
0.02517789974808693
0.20363594591617584
0.31779974699020386
0.33694395422935486
0.26562145352363586
0.8730314373970032
0.7772591710090637
0.22694683074951172
0.6580521464347839
0.5615578889846802
0.07414617389440536
0.49537163972854614
0.44104379415512085
0.7127121686935425
0.07125971466302872
0.1891871839761734
0.6741307377815247
0.9088424444198608
0.1129867434501648
0.870244562625885
0.816599428653717
0.6240859627723694
0.6510521769523621
0.05471235513687134
0.33252081274986267
0.09223010390996933
0.7559322118759155
0.40880075097084045
0.5763615965843201
0.7425481081008911
0.9436640739440918
0.27195608615875244
0.6062689423561096
0.01780383661389351
0.22652801871299744
0.027592817321419716
0.48314395546913147
0.054717887192964554
0.050822943449020386
0.18804672360420227
0.22137117385864258
0.8568111658096313
0.7892405986785889
0.3106525242328644
0.0027781513053923845
0.678373396396637
0.09597665071487427
0.20907488465309143
0.4843171536922455
0.7237456440925598
0.09992902725934982
0.6687405109405518
0.7712134122848511
0.7910647988319397
0.0218379944562912
0.699746310710907
0.06551657617092133
0.5686922073364258
0.060442451387643814
0.03405540809035301
0.892063558101654
0.641536295413971
0.5319039225578308
0.5967076420783997
0.42910605669021606
0.5632161498069763
0.6135174632072449
0.41038188338279724
0.22250688076019287
0.9732614755630493
0.7283084392547607
0.489226371049881
0.4120558500289917
0.06757999211549759
0.5042900443077087
0.7305282354354858
0.2293005734682083
0.11589863151311874
0.845172107219696
0.5357986092567444
0.17765668034553528
0.45970723032951355
0.7792206406593323
0.4490469694137573
0.673893392086029
0.3271446228027344
0.7742748856544495
0.6790823936462402
0.1685154139995575
0.1585455685853958
0.9791751503944397
0.3084646165370941
0.9942308664321899
0.8484407067298889
0.2375611960887909
0.15870262682437897
0.7386540174484253
0.7702718377113342
0.964137077331543
0.9769608974456787
0.5483707189559937
0.5553803443908691
0.7273716330528259
0.21092712879180908
0.024262260645627975
0.10490510612726212
0.47443103790283203
0.7806203365325928
0.2196660190820694
0.9904594421386719
0.638603150844574
0.38929277658462524
0.8925806879997253
0.40732941031455994
0.3409387171268463
0.23229330778121948
0.5288882255554199
0.02719482220709324
0.29346078634262085
0.2327660173177719
0.835651159286499
0.5558280944824219
0.3959442675113678
0.6247994899749756
0.3118048310279846
0.8592346906661987
0.4000558853149414
0.3148002028465271
0.6928894519805908
0.06067169830203056
0.822391927242279
0.5988885164260864
0.237502321600914
0.3905666768550873
0.36820343136787415
0.36751633882522583
0.4434053301811218
0.13109809160232544
0.03897763416171074
0.9895951747894287
0.35445570945739746
0.5022467970848083
0.9205371737480164
0.05440802872180939
0.6638269424438477
0.1761648952960968
0.7459394335746765
0.902866780757904
0.4830789864063263
0.6283811330795288
0.11429379135370255
0.9865747690200806
0.5125151872634888
0.5766866207122803
0.2975621521472931
0.7159720063209534
0.9061071872711182
0.35063639283180237
0.20157510042190552
0.016688678413629532
0.25766706466674805
0.9157792329788208
0.6619099378585815
0.5479276180267334
0.18115559220314026
0.4150664806365967
0.11451594531536102
0.5604904294013977
0.13229167461395264
0.2878839075565338
0.32015737891197205
0.7992516756057739
0.6523460149765015
0.6610352396965027
0.9713538289070129
0.7856833338737488
0.883072555065155
0.7283675074577332
0.14924722909927368
0.22613802552223206
0.4915948212146759
0.24721866846084595
0.7235512733459473
0.9286822080612183
0.6127654910087585
0.2829461395740509
0.8857196569442749
0.18781757354736328
0.44041699171066284
0.13534948229789734
0.4414824843406677
0.273133248090744
0.8492097854614258
0.34455642104148865
0.5198773741722107
0.41620197892189026
0.5007534623146057
0.7047860622406006
0.11168556660413742
0.40441277623176575
0.8451476693153381
0.31405436992645264
0.6830077171325684
0.9836539626121521
0.1704467087984085
0.4808359146118164
0.24380724132061005
0.6506239771842957
0.7631606459617615
0.8205937147140503
0.9892866611480713
0.5678290724754333
0.3174297511577606
0.301527738571167
0.7891647815704346
0.6976802349090576
0.9329752326011658
0.031178412958979607
0.7497493028640747
0.8662514686584473
0.7570486664772034
0.07864118367433548
0.7179681062698364
0.6137926578521729
0.7984507083892822
0.9308411478996277
0.8999700546264648
0.6430014967918396
0.821041464805603
0.36822229623794556
0.19506925344467163
0.5144405961036682
0.2298516482114792
0.25398966670036316
0.8765228986740112
0.4914724826812744
0.45557931065559387
0.8546054363250732
0.0012404476292431355
0.6429575681686401
0.08186887949705124
0.427724689245224
0.4953524172306061
0.6027637124061584
0.5165185332298279
0.7808955311775208
0.8940061330795288
0.47287517786026
0.29764142632484436
0.10295393317937851
0.4569556415081024
0.8598287105560303
0.4856524169445038
0.2206687033176422
0.2786872386932373
0.8310112357139587
0.25792399048805237
0.27070853114128113
0.8505308628082275
0.8339078426361084
0.7438182234764099
0.7935798168182373
0.4535406827926636
0.9933069944381714
0.9885144829750061
0.9659105539321899
0.7887545228004456
0.5599979758262634
0.7977992296218872
0.5803723335266113
0.5462586879730225
0.34350845217704773
0.017287081107497215
0.27637138962745667
0.18843889236450195
0.8324364423751831
0.47633710503578186
0.050126537680625916
0.7548122406005859
0.08819235116243362
0.7593768239021301
0.3190605044364929
0.5935704708099365
0.0589219331741333
0.23822833597660065
0.1837131679058075
0.5555243492126465
0.2709035575389862
0.37275153398513794
0.09909570217132568
0.46633410453796387
0.8477787971496582
0.14038428664207458
0.43788817524909973
0.2563684582710266
0.26410621404647827
0.1634034961462021
0.40259015560150146
0.9154046773910522
0.4547719955444336
0.8516309261322021
0.9910720586776733
0.5515430569648743
0.7279864549636841
0.010355819016695023
0.5007701516151428
0.22591382265090942
0.4326690137386322
0.6015229225158691
0.8885216116905212
0.5235772132873535
0.8931488394737244
0.022983422502875328
0.7457895874977112
0.3777083158493042
0.493060439825058
0.42501845955848694
0.5728597044944763
0.627678632736206
0.7234675884246826
0.29708290100097656
0.3772209584712982
0.8520135283470154
0.05304989591240883
0.024599026888608932
0.48677435517311096
0.5145117044448853
0.4083418846130371
0.8747178912162781
0.808040201663971
0.8125699162483215
0.1763555258512497
0.14721594750881195
0.6809109449386597
0.7929049730300903
0.20208196341991425
0.9346747994422913
0.12021971493959427
0.12253919243812561
0.4875163435935974
0.961859405040741
0.9724196195602417
0.03272043913602829
0.7222099304199219
0.6696421504020691
0.3366956412792206
0.7827591896057129
0.8916878700256348
0.08570773899555206
0.6783301830291748
0.6758085489273071
0.812563419342041
0.9643726944923401
0.471686989068985
0.462624192237854
0.992753803730011
0.704311192035675
0.20448613166809082
0.3485921025276184
0.9912565350532532
0.8096991777420044
0.17234405875205994
0.7855977416038513
0.7426658868789673
0.9582411646842957
0.14496451616287231
0.3265444338321686
0.5396750569343567
0.26575079560279846
0.005892469547688961
0.7695487141609192
0.08127186447381973
0.7772724032402039
0.6927499175071716
0.5773409605026245
0.8747001886367798
0.9379583597183228
0.5897698998451233
0.8783920407295227
0.8248370289802551
0.0756019577383995
0.14058852195739746
0.6805790066719055
0.5349791049957275
0.440859317779541
0.19686023890972137
0.2663414180278778
0.8452925682067871
0.6761977672576904
0.02916279248893261
0.6033915877342224
0.4110344350337982
0.8035389184951782
0.5465354323387146
0.002087821951135993
0.8400036692619324
0.22370128333568573
0.4806496798992157
0.5291367173194885
0.9546177387237549
0.9716378450393677
0.4113016426563263
0.6217920780181885
0.9077377915382385
0.9835471510887146
0.004814380779862404
0.5064921379089355
0.1414627879858017
0.7490969300270081
0.5761294960975647
0.19596359133720398
0.8717396259307861
0.7555215954780579
0.7901142239570618
0.7760806679725647
0.5829928517341614
0.5622240304946899
0.6455116868019104
0.7337193489074707
0.19597603380680084
0.2390703707933426
0.14182132482528687
0.7218059301376343
0.8771154284477234
0.7433776259422302
0.9651497602462769
0.23651733994483948
0.4803553521633148
0.6789759397506714
0.7792251706123352
0.23699858784675598
0.3786862790584564
0.5428271293640137
0.4460287392139435
0.10412078350782394
0.361478716135025
0.9958071708679199
0.7053999304771423
0.5022043585777283
0.6597157716751099
0.6717953681945801
0.3940580189228058
0.29537633061408997
0.018438301980495453
0.8531931042671204
0.03728571534156799
0.44780233502388
0.4548526108264923
0.337014764547348
0.5363603830337524
0.9897159934043884
0.2867259383201599
0.6572283506393433
0.9163386821746826
0.8285655379295349
0.8794519305229187
0.1417999416589737
0.28669917583465576
0.45596688985824585
0.2989421486854553
0.20155401527881622
0.5518571138381958
0.5629557967185974
0.8965213894844055
0.46043848991394043
0.8090006709098816
0.9173505306243896
0.3792710304260254
0.46622902154922485
0.38748425245285034
0.06893596798181534
0.5696567893028259
0.4029655456542969
0.7575623989105225
0.3255050778388977
0.7925733327865601
0.2371983677148819
0.1998625248670578
0.9173157215118408
0.36188438534736633
0.9336341619491577
0.7087691426277161
0.896204948425293
0.1497553139925003
0.9247979521751404
0.7791543006896973
0.4817693829536438
0.6803464889526367
0.11589181423187256
0.09845268726348877
0.8054726719856262
0.10796418786048889
0.7008792161941528
0.5246410965919495
0.5315611958503723
0.8365463018417358
0.07288740575313568
0.9778266549110413
0.860222578048706
0.7700631618499756
0.6573235392570496
0.08476579189300537
0.4630000591278076
0.5213419198989868
0.004068252630531788
0.7325534224510193
0.47851189970970154
0.7499279975891113
0.8704257607460022
0.4013846516609192
0.660224199295044
0.9268821477890015
0.5827661156654358
0.9922935366630554
0.13866019248962402
0.7043205499649048
0.7901070713996887
0.7765205502510071
0.012622782029211521
0.8112905621528625
0.947265625
0.7410004138946533
0.782987117767334
0.6766140460968018
0.9331358075141907
0.3981374204158783
0.017756806686520576
0.07976435124874115
0.19619964063167572
0.16964080929756165
0.6886622905731201
0.409610778093338
0.015520225279033184
0.7467828392982483
0.03678513318300247
0.19503699243068695
0.15648771822452545
0.21794383227825165
0.8418177962303162
0.9761275053024292
0.28889137506484985
0.7247344851493835
0.8796374797821045
0.8320090770721436
0.010557509027421474
0.15698006749153137
0.46345433592796326
0.8967103362083435
0.8423373103141785
0.8880153894424438
0.6151137351989746
0.2833232283592224
0.9684637188911438
0.4205358326435089
0.9443104267120361
0.8595099449157715
0.15898191928863525
0.5418410897254944
0.8858128190040588
0.16676537692546844
0.030272305011749268
0.347770094871521
0.7120441198348999
0.8733903765678406
0.09159132838249207
0.10556953400373459
0.5883122086524963
0.8475916981697083
0.9498556852340698
0.8717461824417114
0.5663459897041321
0.7856301665306091
0.037413738667964935
0.6615976691246033
0.8569359183311462
0.4191606938838959
0.10500724613666534
0.664993166923523
0.6472316384315491
0.7820430397987366
0.24396847188472748
0.8395930528640747
0.9384259581565857
0.7300640940666199
0.8450804948806763
0.8048544526100159
0.1802799254655838
0.10982336848974228
0.21412979066371918
0.6357573866844177
0.2287149727344513
0.8926294445991516
0.20649482309818268
0.31666210293769836
0.16169631481170654
0.08878177404403687
0.06766468286514282
0.4688483774662018
0.31385523080825806
0.9996182322502136
0.3805291950702667
0.665460467338562
0.5487369894981384
0.27666571736335754
0.8329530954360962
0.6306624412536621
0.22655093669891357
0.9854699969291687
0.33769485354423523
0.8756051063537598
0.5211083292961121
0.12854118645191193
0.5625977516174316
0.4315987527370453
0.7933523654937744
0.3379194736480713
0.22046585381031036
0.9339175820350647
0.4494346082210541
0.08281543105840683
0.5673921704292297
0.04775667563080788
0.6081372499465942
0.8883156776428223
0.8751081228256226
0.1024998277425766
0.3565935790538788
0.9001916646957397
0.6950027346611023
0.3672623634338379
0.4374820291996002
0.005380612798035145
0.24367031455039978
0.8938161134719849
0.03357623890042305
0.23175235092639923
0.11140325665473938
0.14857782423496246
0.05982518196105957
0.003470655297860503
0.6226804256439209
0.27707794308662415
0.024932796135544777
0.32370293140411377
0.17302729189395905
0.6464818716049194
0.5929675102233887
0.861448347568512
0.19447164237499237
0.5048428177833557
0.2518547475337982
0.04857712984085083
0.09270892292261124
0.8615829944610596
0.020036619156599045
0.01723450794816017
0.8132679462432861
0.18935365974903107
0.45799463987350464
0.3048059642314911
0.026480911299586296
0.12846942245960236
0.4652720093727112
0.09078004956245422
0.9427199959754944
0.4791204035282135
0.46780627965927124
0.5637673139572144
0.4343112111091614
0.5498562455177307
0.41448765993118286
0.0916316956281662
0.30288663506507874
0.8248637914657593
0.170577734708786
0.934042751789093
0.8013935089111328
0.25131872296333313
0.3570498824119568
0.8182657361030579
0.6013786792755127
0.8848336935043335
0.6460692286491394
0.1452154815196991
0.9853360652923584
0.34338000416755676
0.9886564612388611
0.09366779774427414
0.1381109654903412
0.2665242850780487
0.10998070240020752
0.5792806148529053
0.27724549174308777
0.14992713928222656
0.6413455605506897
0.3395887017250061
0.7176942825317383
0.28016889095306396
0.032673511654138565
0.13245616853237152
0.08706510066986084
0.5794137120246887
0.18457578122615814
0.8594653010368347
0.13510188460350037
0.001564901671372354
0.4618242383003235
0.8403912782669067
0.8324807286262512
0.7384560108184814
0.38542771339416504
0.7257775068283081
0.8540628552436829
0.1008353978395462
0.8516040444374084
0.7335981726646423
0.6511877179145813
0.7178531885147095
0.9247204065322876
0.06352350115776062
0.7039735317230225
0.9206193089485168
0.5867448449134827
0.795184314250946
0.9245209097862244
0.25921621918678284
0.5896307826042175
0.7078427076339722
0.7493199110031128
0.05905303731560707
0.9648426175117493
0.3804166316986084
0.8641164898872375
0.8073968887329102
0.8425996899604797
0.9273648858070374
0.033327944576740265
0.5709561705589294
0.056689269840717316
0.16020514070987701
0.19371403753757477
0.6108445525169373
0.23493938148021698
0.11183299869298935
0.4814798831939697
0.520889937877655
0.7253456115722656
0.3189535439014435
0.24658159911632538
0.5868462920188904
0.18344074487686157
0.378498375415802
0.8829441666603088
0.0745685026049614
0.08496910333633423
0.6312901377677917
0.030836904421448708
0.9605034589767456
0.5714017152786255
0.8300827145576477
0.7394766211509705
0.9988114833831787
0.21355733275413513
0.3828003406524658
0.7307407855987549
0.6508446335792542
0.8116503357887268
0.6121537089347839
0.2984422445297241
0.18966208398342133
0.6985154747962952
0.47664758563041687
0.12847909331321716
0.8651466369628906
0.5502492785453796
0.3322264552116394
0.9215496182441711
0.10425876826047897
0.21846021711826324
0.7615252733230591
0.9263508319854736
0.2745550870895386
0.5030559301376343
0.0006402365979738533
0.7595400214195251
0.32533079385757446
0.09300027787685394
0.836138129234314
0.9241503477096558
0.7779945135116577
0.9294742941856384
0.45170944929122925
0.2638208866119385
0.23723793029785156
0.5147842764854431
0.07574880123138428
0.17072296142578125
0.6655296087265015
0.9222680330276489
0.1454104632139206
0.8621448278427124
0.7660136818885803
0.9108645915985107
0.9280190467834473
0.0503983274102211
0.8534745573997498
0.990916907787323
0.5143733620643616
0.02197357453405857
0.5510677695274353
0.0546778105199337
0.7118048071861267
0.16764108836650848
0.9628506898880005
0.13565142452716827
0.055980708450078964
0.841307520866394
0.309860497713089
0.10978305339813232
0.675227701663971
0.12009462714195251
0.8003355860710144
0.8920748829841614
0.3564896583557129
0.9223656058311462
0.27509456872940063
0.3253644108772278
0.852662980556488
0.5621234178543091
0.23922856152057648
0.5360021591186523
0.30150413513183594
0.3467010259628296
0.5708693265914917
0.20976541936397552
0.4457847476005554
0.17242476344108582
0.3797909915447235
0.35948947072029114
0.9258811473846436
0.9004230499267578
0.9819146990776062
0.19943033158779144
0.3637681305408478
0.9509591460227966
0.9819727540016174
0.8222085237503052
0.21137197315692902
0.5042285919189453
0.627675473690033
0.1760026514530182
0.5181253552436829
0.5918724536895752
0.8931795954704285
0.6405446529388428
0.047176145017147064
0.7800235748291016
0.48241564631462097
0.7076907753944397
0.6996542811393738
0.19189020991325378
0.7547938227653503
0.8310275077819824
0.39644545316696167
0.834404706954956
0.6853466033935547
0.19806936383247375
0.9153593182563782
0.48434796929359436
0.5259994864463806
0.4099772572517395
0.3612317442893982
0.9586612582206726
0.42630499601364136
0.06766089797019958
0.35834312438964844
0.04398861154913902
0.10988402366638184
0.1774212270975113
0.30805256962776184
0.6522969603538513
0.4874492883682251
0.8443739414215088
0.6923940777778625
0.9843564629554749
0.7200931906700134
0.4059845507144928
0.656970202922821
0.4826034903526306
0.6849378347396851
0.007411545608192682
0.47363704442977905
0.9909412860870361
0.10044196248054504
0.47515013813972473
0.283351868391037
0.17793676257133484
0.1297939270734787
0.7808451056480408
0.18599152565002441
0.9478539228439331
0.8709229826927185
0.6616833806037903
0.025504542514681816
0.9454417824745178
0.8007854223251343
0.5112965106964111
0.3227299451828003
0.8050940036773682
0.2057933509349823
0.18029984831809998
0.6667510271072388
0.8615249395370483
0.5959627032279968
0.6847802996635437
0.9958511590957642
0.9934835433959961
0.8609616756439209
0.46006372570991516
0.7974599599838257
0.08463502675294876
0.0052854265086352825
0.3820025324821472
0.1434938907623291
0.8889886736869812
0.7934041023254395
0.13638059794902802
0.5158383250236511
0.3934035897254944
0.6113219857215881
0.336681604385376
0.04381656274199486
0.21058796346187592
0.47746819257736206
0.6243706941604614
0.9315908551216125
0.8023757934570312
0.6568608283996582
0.652427613735199
0.42497044801712036
0.32018908858299255
0.9386818408966064
0.9555872678756714
0.2503180205821991
0.38583794236183167
0.43294671177864075
0.059168800711631775
0.08553549647331238
0.45748692750930786
0.32151615619659424
0.3741648197174072
0.8595269918441772
0.830227255821228
0.07558374851942062
0.32134541869163513
0.9324131011962891
0.8552031517028809
0.43800073862075806
0.18705837428569794
0.8194276690483093
0.8321881294250488
0.3748866617679596
0.995569109916687
0.40904566645622253
0.6210867166519165
0.8367541432380676
0.3025257885456085
0.3171127736568451
0.21936385333538055
0.7946074604988098
0.6929959058761597
0.8604534864425659
0.7694524526596069
0.7335293889045715
0.1676015853881836
0.6918657422065735
0.8281936645507812
0.4562472701072693
0.6948100924491882
0.2854733467102051
0.08531887829303741
0.04271209239959717
0.4182223677635193
0.3224446177482605
0.5573469996452332
0.0025855356361716986
0.7345417141914368
0.9024292826652527
0.3535463809967041
0.6907554268836975
0.9519555568695068
0.05129357799887657
0.8441052436828613
0.5768774151802063
0.3834606409072876
0.7465232014656067
0.40051618218421936
0.5569923520088196
0.9568210244178772
0.2612169086933136
0.5404133200645447
0.07136748731136322
0.7718807458877563
0.510499119758606
0.3315421938896179
0.3244880139827728
0.9059494137763977
0.293978214263916
0.36965906620025635
0.4274787902832031
0.8745476007461548
0.577772319316864
0.5783544778823853
0.43921902775764465
0.47633543610572815
0.7198460102081299
0.9648699164390564
0.3624078333377838
0.5527492165565491
0.3356184959411621
0.5882453322410583
0.8272172212600708
0.5636817216873169
0.5242655873298645
0.5036896467208862
0.42160743474960327
0.8703190684318542
0.3455334007740021
0.8555378913879395
0.7236012816429138
0.09203475713729858
0.20532704889774323
0.8099694848060608
0.5801956057548523
0.7751420140266418
0.8164443969726562
0.6461278200149536
0.06735514104366302
0.7080518007278442
0.4928833842277527
0.0054073818027973175
0.5898774862289429
0.09035442769527435
0.2695285677909851
0.4186915159225464
0.39992260932922363
0.4257647395133972
0.379984050989151
0.6160619854927063
0.8221328854560852
0.0996793732047081
0.9539444446563721
0.4643111824989319
0.8926384449005127
0.34874582290649414
0.27121344208717346
0.16026166081428528
0.5027013421058655
0.7523354291915894
0.5506191253662109
0.10587815940380096
0.025739965960383415
0.36473703384399414
0.3618912696838379
0.5945140719413757
0.9445810914039612
0.4216408133506775
0.20477423071861267
0.4814220368862152
0.1917116641998291
0.23111045360565186
0.221744567155838
0.14609533548355103
0.626264750957489
0.35592445731163025
0.7376715540885925
0.28029945492744446
0.4640991985797882
0.14500902593135834
0.22950448095798492
0.787738025188446
0.036593563854694366
0.9284526705741882
0.028508208692073822
0.9830992221832275
0.8895664215087891
0.4760023057460785
0.17905350029468536
0.9663100242614746
0.12640094757080078
0.6932117342948914
0.3103623390197754
0.24945476651191711
0.20209045708179474
0.4421292245388031
0.19455137848854065
0.3525511920452118
0.7652482390403748
0.6463995575904846
0.9725860953330994
0.14978790283203125
0.1538262665271759
0.3122502565383911
0.14126932621002197
0.7857986688613892
0.9750537276268005
0.2336902618408203
0.36408531665802
0.2540684640407562
0.7563249468803406
0.9699690937995911
0.048305053263902664
0.9856110215187073
0.9476540684700012
0.16342288255691528
0.6564387083053589
0.938084065914154
0.45016711950302124
0.0094537902623415
0.13781625032424927
0.48009341955184937
0.020144427195191383
0.9949391484260559
0.05516669154167175
0.7793553471565247
0.02499951794743538
0.13733750581741333
0.5477030873298645
0.6271321177482605
0.3222323954105377
0.47812795639038086
0.7839537262916565
0.9397333860397339
0.08353014290332794
0.09488853067159653
0.5788424015045166
0.5160472989082336
0.9776626825332642
0.9960452318191528
0.6167532801628113
0.3575218915939331
0.025045279413461685
0.37296396493911743
0.5048203468322754
0.658604085445404
0.9778518080711365
0.05237814038991928
0.571824312210083
0.19709041714668274
0.12355127930641174
0.13190680742263794
0.20924049615859985
0.033953920006752014
0.3750794231891632
0.9496532082557678
0.5443766713142395
0.03118710033595562
0.6007475256919861
0.3271925449371338
0.215554878115654
0.9800177216529846
0.35733628273010254
0.8504052758216858
0.7045407295227051
0.05907995253801346
0.8082232475280762
0.3977172374725342
0.33237162232398987
0.5664322972297668
0.2585679888725281
0.2851645052433014
0.2958003878593445
0.15243147313594818
0.7115235328674316
0.6224992275238037
0.29937422275543213
0.1044442281126976
0.5236921310424805
0.6112176775932312
0.5792129635810852
0.972691535949707
0.26743966341018677
0.7235485315322876
0.11019797623157501
0.8242818117141724
0.8544840216636658
0.19908353686332703
0.6811211705207825
0.1333443969488144
0.8196093440055847
0.08946412056684494
0.7033141255378723
0.7666617035865784
0.3491899073123932
0.21147993206977844
0.15231981873512268
0.9148481488227844
0.707451581954956
0.21751275658607483
0.9281783103942871
0.4837876260280609
0.316876083612442
0.14891603589057922
0.4966249465942383
0.2452172338962555
0.049693841487169266
0.1221933588385582
0.6660735607147217
0.5083603262901306
0.4092026650905609
0.5561871528625488
0.09476841241121292
0.27571943402290344
0.30660882592201233
0.8757432103157043
0.8559535145759583
0.3430807590484619
0.05673457309603691
0.43384209275245667
0.7879791259765625
0.7410308718681335
0.5469038486480713
0.8549498319625854
0.707308828830719
0.3357449173927307
0.6907766461372375
0.16990303993225098
0.6045275926589966
0.33142319321632385
0.014096386730670929
0.14837883412837982
0.9564198851585388
0.2723985016345978
0.08973895758390427
0.2821238934993744
0.6824286580085754
0.4629419445991516
0.6638086438179016
0.21782538294792175
0.4688349962234497
0.67190021276474
0.12390639632940292
0.35276782512664795
0.5706695318222046
0.7632169127464294
0.4231418967247009
0.9061631560325623
0.7059944868087769
0.31150704622268677
0.1755901426076889
0.17229171097278595
0.5396645665168762
0.6179269552230835
0.632991373538971
0.20820219814777374
0.04842470586299896
0.45424580574035645
0.1015782430768013
0.07922841608524323
0.5588497519493103
0.19203507900238037
0.7937918901443481
0.6661891937255859
0.3816870450973511
0.10968675464391708
0.4378775954246521
0.17851689457893372
0.5695753693580627
0.6185606122016907
0.11948210000991821
0.08273502439260483
0.43024566769599915
0.18732288479804993
0.9775800704956055
0.9595264792442322
0.5374394655227661
0.7183709144592285
0.4355792701244354
0.37738990783691406
0.7940315008163452
0.7137607336044312
0.856576144695282
0.8969854712486267
0.5774992108345032
0.24965916574001312
0.9446216225624084
0.3221179246902466
0.32237181067466736
0.8499375581741333
0.2039843648672104
0.20526757836341858
0.9374262690544128
0.43779072165489197
0.9514458179473877
0.9014274477958679
0.17420803010463715
0.8817200660705566
0.1345522254705429
0.480156272649765
0.8996670246124268
0.6179373860359192
0.6468377113342285
0.03343096002936363
0.977572500705719
0.5180718302726746
0.565192699432373
0.8979289531707764
0.36328330636024475
0.2858313322067261
0.7471003532409668
0.10603929311037064
0.7311890125274658
0.49597811698913574
0.47318583726882935
0.1787041574716568
0.9975721836090088
0.9030774831771851
0.31457266211509705
0.10695221275091171
0.410270094871521
0.798599362373352
0.4821082055568695
0.6607194542884827
0.007865134626626968
0.04479295387864113
0.9378716349601746
0.20301112532615662
0.07119734585285187
0.7875824570655823
0.049177348613739014
0.6369441747665405
0.3562386631965637
0.08740712702274323
0.5402861833572388
0.5528470277786255
0.940138041973114
0.6318076252937317
0.30874091386795044
0.1464560180902481
0.7957705855369568
0.1768617182970047
0.8168606162071228
0.053781017661094666
0.853672444820404
0.10907594114542007
0.7020713090896606
0.7183571457862854
0.5477222800254822
0.9462469220161438
0.8787012696266174
0.6643802523612976
0.8476296067237854
0.9802716374397278
0.8481611013412476
0.07641031593084335
0.2433803379535675
0.39449408650398254
0.014530116692185402
0.23564499616622925
0.5906478762626648
0.4547298848628998
0.2093985378742218
0.3299836218357086
0.004056094214320183
0.49411332607269287
0.5973055958747864
0.22189021110534668
0.4139304757118225
0.7845940589904785
0.12288330495357513
0.1689879149198532
0.25763848423957825
0.36728784441947937
0.2984296679496765
0.36161622405052185
0.0051255119033157825
0.8174663186073303
0.4492931663990021
0.37403810024261475
0.05929088965058327
0.5615350604057312
0.1659175306558609
0.8780127763748169
0.38502776622772217
0.6121581792831421
0.8271859884262085
0.1406334787607193
0.3644329905509949
0.43240851163864136
0.680357038974762
0.7346917986869812
0.0728098526597023
0.10119395703077316
0.7678591012954712
0.6499736905097961
0.1152021735906601
0.5828784704208374
0.5916159152984619
0.8570756912231445
0.5712020993232727
0.9252440929412842
0.8833886384963989
0.7639651298522949
0.7503767013549805
0.3296572268009186
0.955398440361023
0.45749467611312866
0.4307131767272949
0.755064070224762
0.2936899662017822
0.46888431906700134
0.3771328628063202
0.7459236979484558
0.40524056553840637
0.41873863339424133
0.22777992486953735
0.0593535378575325
0.11594462394714355
0.6628674268722534
0.09647500514984131
0.29771000146865845
0.4948512315750122
0.08882217854261398
0.6657470464706421
0.9929606318473816
0.605810284614563
0.7489460706710815
0.36925390362739563
0.22430820763111115
0.7704729437828064
0.0395779125392437
0.6654906868934631
0.6283126473426819
0.0903322696685791
0.6611859798431396
0.7593578100204468
0.500739574432373
0.6157689690589905
0.17226837575435638
0.09898491948843002
0.024085668846964836
0.07834472507238388
0.22996589541435242
0.6574614644050598
0.5320867300033569
0.47793900966644287
0.8276776075363159
0.6729207038879395
0.8948516845703125
0.7954146265983582
0.14085061848163605
0.7632723450660706
0.8193507790565491
0.5149597525596619
0.8635398149490356
0.544157087802887
0.23785044252872467
0.3436238169670105
0.32260096073150635
0.8552181720733643
0.16183443367481232
0.4139045774936676
0.41428497433662415
0.6441237330436707
0.19676907360553741
0.2887626886367798
0.014153026975691319
0.4346162676811218
0.5008909106254578
0.31168654561042786
0.8848437666893005
0.06664718687534332
0.06240912526845932
0.40685856342315674
0.6699277758598328
0.42609724402427673
0.7992183566093445
0.8800036311149597
0.2841939330101013
0.7995283007621765
0.15156620740890503
0.4102925956249237
0.9525753259658813
0.17224350571632385
0.858363926410675
0.661713719367981
0.10050704330205917
0.1142887994647026
0.36914220452308655
0.7506396174430847
0.6706163287162781
0.458172470331192
0.9195435643196106
0.18179026246070862
0.16948123276233673
0.6407606601715088
0.6811245679855347
0.4980373680591583
0.08515552431344986
0.11246047914028168
0.6851671934127808
0.5213561058044434
0.812163770198822
0.4065300226211548
0.2579306960105896
0.29996779561042786
0.1883302479982376
0.10598921775817871
0.010334396734833717
0.42379239201545715
0.9325729608535767
0.49084869027137756
0.17810148000717163
0.2331363558769226
0.010096519254148006
0.5994779467582703
0.8503601551055908
0.60042405128479
0.31263065338134766
0.43783003091812134
0.5266478061676025
0.9612260460853577
0.18965768814086914
0.38615691661834717
0.41441065073013306
0.17340870201587677
0.00809483416378498
0.6542266011238098
0.56194669008255
0.919247567653656
0.5070487856864929
0.7739823460578918
0.7209361791610718
0.7103800177574158
0.05417639762163162
0.7781935334205627
0.37690091133117676
0.7963471412658691
0.18061833083629608
0.3344773054122925
0.350039541721344
0.4446600377559662
0.6960151791572571
0.06944690644741058
0.019812701269984245
0.7625323534011841
0.49303507804870605
0.01705341227352619
0.5757982730865479
0.8767343163490295
0.9317582845687866
0.9432411789894104
0.36889615654945374
0.9691696763038635
0.7424877882003784
0.37660619616508484
0.40271639823913574
0.9070625901222229
0.7745789289474487
0.8273586630821228
0.37666866183280945
0.8222456574440002
0.33872005343437195
0.8185545206069946
0.14299675822257996
0.0009317311341874301
0.801015317440033
0.5572826862335205
0.5415597558021545
0.4764316976070404
0.7174239754676819
0.9405764937400818
0.8411491513252258
0.5560438632965088
0.922914981842041
0.4938049018383026
0.5834336876869202
0.9731912612915039
0.13144880533218384
0.784453809261322
0.6391422152519226
0.6660173535346985
0.19257992506027222
0.3867989778518677
0.9075321555137634
0.6968832015991211
0.1601652354001999
0.2709992825984955
0.5268385410308838
0.45981529355049133
0.05826246365904808
0.2794833779335022
0.15882372856140137
0.4319685399532318
0.9200211763381958
0.20122326910495758
0.09419126808643341
0.6954102516174316
0.850236177444458
0.1626601219177246
0.996134877204895
0.3004607856273651
0.2769184708595276
0.3404547870159149
0.9463410377502441
0.14953991770744324
0.8573217988014221
0.01780836470425129
0.8664490580558777
0.19910956919193268
0.5080440640449524
0.5710416436195374
0.36227524280548096
0.4798283874988556
0.6707659363746643
0.4336671531200409
0.2650960087776184
0.42548060417175293
0.44461530447006226
0.5621581077575684
0.3853633999824524
0.5327178239822388
0.9017282128334045
0.526939332485199
0.06678484380245209
0.8210726380348206
0.3849804699420929
0.8894338011741638
0.7734232544898987
0.8258913159370422
0.4230443835258484
0.017041809856891632
0.9298246502876282
0.40735551714897156
0.5146468877792358
0.7903702855110168
0.9245770573616028
0.20742613077163696
0.5790745615959167
0.6784908175468445
0.016781127080321312
0.4662185609340668
0.5547770261764526
0.42641130089759827
0.7450796961784363
0.3064314126968384
0.4218107759952545
0.23005631566047668
0.1340370625257492
0.23570528626441956
0.07617268711328506
0.5628834962844849
0.9074474573135376
0.02711871825158596
0.10244887322187424
0.9785993695259094
0.45996132493019104
0.6003416776657104
0.9660796523094177
0.37587547302246094
0.595551609992981
0.9758427739143372
0.2092292457818985
0.6538320779800415
0.9643011093139648
0.6174707412719727
0.6243987679481506
0.2795736491680145
0.7886660099029541
0.9320706725120544
0.9626942276954651
0.8528487682342529
0.8305402994155884
0.7332589030265808
0.9156653881072998
0.2562190294265747
0.4431160092353821
0.7855364680290222
0.7187994718551636
0.5624676942825317
0.4552006721496582
0.8376901149749756
0.3296661376953125
0.8751939535140991
0.06193295493721962
0.7354274988174438
0.7313001751899719
0.8473005890846252
0.22065535187721252
0.08119860291481018
0.6518011689186096
0.7444177865982056
0.9294662475585938
0.48977965116500854
0.7889243364334106
0.1316959708929062
0.1622748076915741
0.5486540794372559
0.7675478458404541
0.7270392775535583
0.05168280750513077
0.8714687824249268
0.7923758029937744
0.02849411964416504
0.7472590804100037
0.57315593957901
0.29532042145729065
0.3726559579372406
0.33649516105651855
0.8957233428955078
0.7625309824943542
0.8185244798660278
0.4368650019168854
0.9945763349533081
0.6803763508796692
0.3625575304031372
0.3523636758327484
0.7794292569160461
0.35891565680503845
0.6785082817077637
0.45938703417778015
0.9175417423248291
0.6873968243598938
0.23762650787830353
0.2806846499443054
0.3103094696998596
0.026557786390185356
0.9529660940170288
0.6762551665306091
0.138391375541687
0.6156687140464783
0.43664687871932983
0.5173893570899963
0.8442238569259644
0.1525718718767166
0.6695539355278015
0.6872274875640869
0.7686023116111755
0.6055319309234619
0.8567081689834595
0.1493404507637024
0.46408137679100037
0.15212073922157288
0.7916772365570068
0.31202375888824463
0.35395553708076477
0.3085508644580841
0.4879607856273651
0.4168137311935425
0.13818158209323883
0.7208061218261719
0.15530256927013397
0.014410793781280518
0.14203977584838867
0.2508925795555115
0.7747530341148376
0.7673298716545105
0.33674493432044983
0.4006347358226776
0.5391735434532166
0.029677046462893486
0.37669602036476135
0.1385541409254074
0.9726021885871887
0.909325361251831
0.5579676628112793
0.8608455657958984
0.03947283700108528
0.5695765018463135
0.4496755003929138
0.9639686346054077
0.5975034236907959
0.15363694727420807
0.953416109085083
0.45809775590896606
0.6018103361129761
0.9627979397773743
0.9943954348564148
0.5070964097976685
0.42053189873695374
0.7077847719192505
0.1786540001630783
0.5202655792236328
0.2198389172554016
0.6263595223426819
0.4871852993965149
0.629810631275177
0.8765641450881958
0.5595803260803223
0.5438372492790222
0.5996556878089905
0.12655481696128845
0.6639683246612549
0.5339327454566956
0.9063988924026489
0.10889620333909988
0.945505678653717
0.2720397114753723
0.9936451315879822
0.6676412224769592
0.2521333396434784
0.40402722358703613
0.24765820801258087
0.9075840711593628
0.5414089560508728
0.08800946176052094
0.04438736289739609
0.12944993376731873
0.09732837975025177
0.31720808148384094
0.6636373400688171
0.29576990008354187
0.6288547515869141
0.04432516172528267
0.7480394840240479
0.6073285937309265
0.867761492729187
0.2119632065296173
0.0695447251200676
0.957719087600708
0.22624926269054413
0.9981623888015747
0.4701847732067108
0.7079330086708069
0.433761864900589
0.7743096947669983
0.3890531063079834
0.5758781433105469
0.8550221920013428
0.10423927009105682
0.5702036619186401
0.9360970258712769
0.36231184005737305
0.22334283590316772
0.4855247139930725
0.977284848690033
0.9077199697494507
0.04539767652750015
0.8985909223556519
0.5998427271842957
0.4282611012458801
0.9784790873527527
0.7197026014328003
0.5019165873527527
0.522100031375885
0.3375234603881836
0.0011568493209779263
0.32382896542549133
0.8416608572006226
0.31809744238853455
0.39579036831855774
0.45689302682876587
0.08871016651391983
0.9999785423278809
0.6654003858566284
0.3997822403907776
0.8928911089897156
0.1616140902042389
0.36999261379241943
0.8947932124137878
0.2869945466518402
0.3394958972930908
0.3870510160923004
0.1617181897163391
0.7900301814079285
0.4877946674823761
0.21678441762924194
0.9864990711212158
0.7602841258049011
0.15794122219085693
0.8312820196151733
0.229510098695755
0.446300745010376
0.3552097976207733
0.363833487033844
0.3068700134754181
0.07240817695856094
0.44475123286247253
0.7990738749504089
0.5691555738449097
0.01836233027279377
0.1654355227947235
0.5714852809906006
0.28275778889656067
0.1311434954404831
0.862565279006958
0.1484222412109375
0.7122247815132141
0.8694310784339905
0.5525110363960266
0.8878394365310669
0.22875551879405975
0.9250153303146362
0.2900633215904236
0.6463489532470703
0.9963427782058716
0.04282981902360916
0.6706012487411499
0.6553918719291687
0.5523266196250916
0.24944950640201569
0.08869435638189316
0.5449026226997375
0.9307577013969421
0.5843207836151123
0.2926372289657593
0.6705544590950012
0.5385667085647583
0.7574448585510254
0.9231153130531311
0.5683287382125854
0.9634801149368286
0.21575261652469635
0.3509950041770935
0.8665368556976318
0.45593318343162537
0.382792592048645
0.5867138504981995
0.06513499468564987
0.6719760298728943
0.3233991861343384
0.013811251148581505
0.6064795255661011
0.3867163360118866
0.09619719535112381
0.9529647827148438
0.754584789276123
0.6748631000518799
0.09682974219322205
0.9297255277633667
0.27846649289131165
0.3904452919960022
0.021147608757019043
0.8206667304039001
0.4524368941783905
0.6622026562690735
0.988402783870697
0.5922392010688782
0.511297345161438
0.4320996403694153
0.29051703214645386
0.513386070728302
0.47481003403663635
0.7596723437309265
0.8420284986495972
0.3597829341888428
0.33987441658973694
0.25587794184684753
0.4165293574333191
0.09572120755910873
0.8532828688621521
0.7677217125892639
0.5899283289909363
0.21847689151763916
0.6267444491386414
0.23288848996162415
0.6298128962516785
0.07880570739507675
0.15484905242919922
0.8357395529747009
0.8288158178329468
0.40844419598579407
0.5744816660881042
0.7154540419578552
0.25700098276138306
0.7142963409423828
0.8219153881072998
0.2020975649356842
0.05285360664129257
0.36978432536125183
0.33899986743927
0.2750495672225952
0.9762951731681824
0.766627311706543
0.9932745099067688
0.7753657698631287
0.5657398700714111
0.5643313527107239
0.8996723294258118
0.8282995223999023
0.7886455059051514
0.94813472032547
0.6484838128089905
0.18359695374965668
0.38028621673583984
0.4499785304069519
0.21798767149448395
0.36274459958076477
0.11706620454788208
0.11591868102550507
0.13165153563022614
0.337473064661026
0.2642394006252289
0.6662952303886414
0.18006230890750885
0.18919208645820618
0.40888711810112
0.7855113744735718
0.7260955572128296
0.6942254900932312
0.926583468914032
0.022777436301112175
0.3142608404159546
0.9326005578041077
0.14565783739089966
0.058021195232868195
0.8438805937767029
0.12896397709846497
0.8196616768836975
0.403023898601532
0.5364075303077698
0.15042252838611603
0.3752680718898773
0.25382041931152344
0.5867430567741394
0.4991053342819214
0.5465689897537231
0.02018367312848568
0.11285380274057388
0.5418864488601685
0.5762090682983398
0.18938955664634705
0.2820923626422882
0.1845868080854416
0.4535922706127167
0.3900206685066223
0.17402935028076172
0.2853589355945587
0.3152034282684326
0.8958793878555298
0.7121879458427429
0.40987253189086914
0.3727673292160034
0.44651082158088684
0.816644549369812
0.24072901904582977
0.3780130445957184
0.5064113140106201
0.11369916051626205
0.28556883335113525
0.7605176568031311
0.6912741661071777
0.40581756830215454
0.8391115069389343
0.4161837100982666
0.8099950551986694
0.4692986309528351
0.5795121192932129
0.46154648065567017
0.9282592535018921
0.7245917916297913
0.18629716336727142
0.612127423286438
0.804557740688324
0.3369581401348114
0.07723970711231232
0.633666455745697
0.07203052937984467
0.4359876811504364
0.5486831068992615
0.22279302775859833
0.5523301959037781
0.17212936282157898
0.807511568069458
0.9611502289772034
0.32723936438560486
0.46125301718711853
0.708909273147583
0.6754266023635864
0.33540278673171997
0.2074040025472641
0.5635272860527039
0.8030705451965332
0.6391076445579529
0.24855400621891022
0.502059817314148
0.2810942530632019
0.3676426410675049
0.6288783550262451
0.3643260598182678
0.9165381193161011
0.7855095267295837
0.5987368822097778
0.20649029314517975
0.9129174947738647
0.7101179957389832
0.20244355499744415
0.8566430807113647
0.8799789547920227
0.9678940773010254
0.7241368889808655
0.30280664563179016
0.6258761286735535
0.7699477076530457
0.9853619337081909
0.2568412721157074
0.2847144305706024
0.40788963437080383
0.2045205682516098
0.03908563032746315
0.39833343029022217
0.9184339046478271
0.8951770663261414
0.17222487926483154
0.8700034022331238
0.7878575325012207
0.5520427823066711
0.5875468850135803
0.33714616298675537
0.31535160541534424
0.7086233496665955
0.1417330652475357
0.03271131217479706
0.7268871068954468
0.0796758383512497
0.5403739809989929
0.2551039159297943
0.4398229718208313
0.46831414103507996
0.029141949489712715
0.6752476692199707
0.7440250515937805
0.9663728475570679
0.4746485948562622
0.2837069630622864
0.559236466884613
0.42840126156806946
0.9091593027114868
0.38580814003944397
0.8394209742546082
0.9840009808540344
0.609069287776947
0.032057471573352814
0.5977944135665894
0.23528949916362762
0.3084205985069275
0.6712186932563782
0.48403581976890564
0.47548165917396545
0.8794295787811279
0.7402083277702332
0.5496702790260315
0.7731263637542725
0.605597198009491
0.416159451007843
0.5458357930183411
0.7482393383979797
0.23776380717754364
0.8603311777114868
0.41525280475616455
0.9006986021995544
0.945783257484436
0.8596221208572388
0.13777193427085876
0.845981240272522
0.14841553568840027
0.3372708559036255
0.46404343843460083
0.582598865032196
0.47893816232681274
0.8997214436531067
0.9106705188751221
0.9946842193603516
0.5024203062057495
0.12974651157855988
0.020513571798801422
0.8042454123497009
0.42445752024650574
0.41430288553237915
0.15368054807186127
0.9534323811531067
0.7200884819030762
0.9659948945045471
0.5664701461791992
0.503645658493042
0.9670991897583008
0.9423250555992126
0.22748325765132904
0.5652551054954529
0.9872225522994995
0.7495681643486023
0.09723378717899323
0.4659949541091919
0.5297961831092834
0.8435499668121338
0.8411145806312561
0.10472407937049866
0.2625780999660492
0.612002432346344
0.3949696123600006
0.33902713656425476
0.5437065362930298
0.8340765833854675
0.3215840458869934
0.47589051723480225
0.391655832529068
0.9619057178497314
0.3455445468425751
0.759514570236206
0.20397727191448212
0.006093739997595549
0.9591183662414551
0.22851409018039703
0.3482441008090973
0.9983989596366882
0.4405006468296051
0.6217495203018188
0.8474504947662354
0.033692412078380585
0.5629628896713257
0.3406692445278168
0.6728572845458984
0.8616703152656555
0.32664594054222107
0.3342558443546295
0.8475309610366821
0.6620275974273682
0.4124143421649933
0.3868160843849182
0.3773917257785797
0.4747929871082306
0.1831180900335312
0.04814714938402176
0.29493677616119385
0.8324320912361145
0.5943847894668579
0.3075532019138336
0.07627257704734802
0.8941394686698914
0.48642054200172424
0.6345694065093994
0.32457298040390015
0.6138233542442322
0.33226504921913147
0.856526792049408
0.8650968670845032
0.08065950870513916
0.14121191203594208
0.9489741325378418
0.24750970304012299
0.7034608125686646
0.7290330529212952
0.452619731426239
0.6136397123336792
0.24337950348854065
0.7237750887870789
0.42564988136291504
0.9811965227127075
0.4417245090007782
0.3847818076610565
0.3530210554599762
0.4350811243057251
0.6800761818885803
0.3619702160358429
0.46044275164604187
0.7548590302467346
0.10232970863580704
0.36080923676490784
0.7866593599319458
0.7454743385314941
0.7313565611839294
0.8281523585319519
0.6421535611152649
0.21329395473003387
0.2965281307697296
0.8730947375297546
0.850326657295227
0.6825563311576843
0.060240861028432846
0.5932692289352417
0.7875664234161377
0.7116385102272034
0.43419504165649414
0.4621956944465637
0.5461328625679016
0.45222002267837524
0.2813681662082672
0.2568981945514679
0.8066043853759766
0.6677008271217346
0.49284324049949646
0.5758154392242432
0.17107506096363068
0.16783973574638367
0.04469669610261917
0.09051397442817688
0.5590824484825134
0.5826821327209473
0.5250606536865234
0.5683863759040833
0.5560927987098694
0.7271354794502258
0.8722476363182068
0.5661155581474304
0.35279035568237305
0.6506574749946594
0.022552533075213432
0.6231885552406311
0.04733061417937279
0.572591245174408
0.18506170809268951
0.7589328289031982
0.6395589709281921
0.7919305562973022
0.44749510288238525
0.947966456413269
0.5980314612388611
0.5222375988960266
