512 1 3
0
43
1
454
2
427
3
441
4
70
5
491
6
22
7
456
8
147
9
360
10
199
11
511
12
478
13
435
14
62
15
128
16
91
17
139
18
442
19
275
20
286
21
24
22
271
23
239
24
233
25
355
26
210
27
498
28
508
29
185
30
353
31
385
32
315
33
413
34
453
35
272
36
186
37
216
38
49
39
292
40
284
41
329
42
181
0
43
44
208
45
500
46
78
47
401
48
233
22
49
41
50
51
136
52
496
53
264
51
54
55
93
56
264
57
322
58
213
59
364
60
334
61
472
19
62
63
305
64
250
65
483
66
468
67
193
68
327
69
143
70
466
71
185
54
72
73
297
59
74
37
75
76
411
77
476
78
506
79
134
72
80
6
81
9
82
83
371
84
380
85
344
86
508
87
236
88
443
89
233
90
182
91
317
92
336
93
254
94
239
95
197
96
361
97
347
98
489
99
285
100
380
96
101
101
102
103
153
104
195
33
105
106
248
107
173
108
399
12
109
83
110
111
447
112
114
113
136
114
466
110
115
116
172
117
497
54
118
61
119
120
203
121
192
122
486
123
468
124
341
125
453
126
185
127
199
128
311
129
234
130
275
53
131
132
207
133
459
128
134
91
135
136
406
137
326
138
467
2
139
140
506
141
231
142
375
143
454
144
305
145
479
146
321
147
273
148
377
149
372
34
150
151
389
152
285
153
454
154
440
155
302
156
446
157
210
158
443
159
272
124
160
50
161
162
435
163
511
92
164
63
165
166
497
167
198
168
175
169
283
170
332
64
171
172
327
4
173
174
331
175
228
176
272
23
177
178
265
179
304
82
180
126
181
36
182
129
183
184
290
110
185
186
340
187
324
162
188
158
189
108
190
191
377
192
352
193
488
194
223
195
229
196
264
197
315
198
436
199
410
200
382
24
201
202
364
203
476
204
313
103
205
33
206
207
419
208
389
85
209
9
210
211
293
212
334
213
279
214
296
215
402
216
378
0
217
83
218
219
344
90
220
172
221
222
447
175
223
224
324
225
259
226
492
199
227
39
228
218
229
87
230
231
378
232
413
95
233
47
234
66
235
195
236
237
326
238
380
239
270
240
350
197
241
242
487
151
243
150
244
245
467
246
399
247
352
248
402
74
249
250
336
251
449
12
252
253
409
254
292
255
440
256
368
257
297
258
490
206
259
166
260
261
507
50
262
257
263
93
264
265
321
96
266
267
380
224
268
269
392
8
270
271
313
272
318
241
273
274
315
112
275
248
276
277
342
137
278
135
279
161
280
255
281
42
282
283
466
201
284
29
285
101
286
88
287
288
332
289
309
64
290
291
462
292
507
293
412
294
378
180
295
219
296
261
297
81
298
248
299
63
300
114
301
197
302
78
303
268
304
305
508
278
306
163
307
57
308
41
309
11
310
311
436
74
312
61
313
303
314
315
487
316
327
23
317
303
318
135
319
320
492
110
321
322
467
152
323
324
474
73
325
61
326
327
458
328
429
29
329
189
330
146
331
186
332
325
333
193
334
335
463
207
336
304
337
47
338
339
375
252
340
341
459
314
342
18
343
200
344
72
345
243
346
61
347
200
348
243
349
350
369
342
351
335
352
240
353
326
354
46
355
274
356
3
357
255
358
270
359
72
360
295
361
274
362
363
464
364
430
109
365
366
394
307
367
136
368
369
445
267
370
37
371
41
372
320
373
157
374
375
383
376
510
101
377
238
378
152
379
359
380
50
381
382
393
110
383
384
447
365
385
188
386
387
404
35
388
279
389
23
390
57
391
392
479
87
393
164
394
225
395
303
396
354
397
98
398
270
399
147
400
401
408
158
402
403
499
364
404
312
405
406
427
196
407
195
408
409
474
116
410
260
411
147
412
204
413
414
506
164
415
416
502
364
417
307
418
95
419
211
420
147
421
42
422
423
474
46
424
401
425
73
426
217
427
79
428
68
429
355
430
14
431
76
432
17
433
117
434
284
435
419
436
284
437
177
438
170
439
317
440
134
441
90
442
141
443
82
444
445
505
394
446
187
447
335
448
145
449
165
450
183
451
254
452
345
453
46
454
455
466
440
456
219
457
267
458
206
459
255
460
241
461
2
462
324
463
16
464
48
465
377
466
216
467
255
468
442
469
166
470
193
471
1
472
453
473
284
474
270
475
459
476
227
477
184
478
440
479
207
480
212
481
244
482
446
483
466
484
38
485
481
486
288
487
127
488
478
489
457
490
163
491
440
492
47
493
337
494
495
507
175
496
417
497
137
498
304
499
173
500
441
501
247
502
325
503
184
504
118
505
89
506
229
507
426
508
38
509
244
510
94
511
0.16592496633529663
0.2643549144268036
0.9354445934295654
0.9760715961456299
0.44904860854148865
0.3296512961387634
0.7413827776908875
0.4584439694881439
0.02259698137640953
0.37930163741111755
0.6947631239891052
0.1390879601240158
0.057522546499967575
0.6585291624069214
0.8989539742469788
0.7864235043525696
0.762616753578186
0.5931891798973083
0.7720062732696533
0.7214244604110718
0.8650043606758118
0.37012577056884766
0.6333616375923157
0.40618953108787537
0.7318995594978333
0.7516738772392273
0.6087535619735718
0.6815804243087769
0.615915834903717
0.3145252764225006
0.6399896740913391
0.936504065990448
0.8948782682418823
0.9623187184333801
0.7753342390060425
0.8072540163993835
0.8988916277885437
0.7010684013366699
0.8727150559425354
0.9532238841056824
0.34455955028533936
0.40157628059387207
0.3510521352291107
0.5205100774765015
0.04483455419540405
0.334949791431427
0.47017666697502136
0.22148114442825317
0.5602955222129822
0.7344914078712463
0.22437720000743866
0.9449885487556458
0.9002413749694824
0.7643200159072876
0.5570974349975586
0.4072919189929962
0.8811457753181458
0.9576550722122192
0.5425528287887573
0.9399549961090088
0.342916876077652
0.2763388156890869
0.8995763659477234
0.45070305466651917
0.4645208716392517
0.4179595708847046
0.03533162176609039
0.6926284432411194
0.2869070768356323
0.7225143313407898
0.739674985408783
0.46720024943351746
0.08654375374317169
0.06474316865205765
0.9979309439659119
0.47229671478271484
0.43337735533714294
0.9324321150779724
0.9028418064117432
0.25409460067749023
0.5849704146385193
0.8302091956138611
0.17633339762687683
0.8877589106559753
0.09735112637281418
0.1855045109987259
0.9022819399833679
0.543666660785675
0.24659961462020874
0.6953911781311035
0.42104673385620117
0.80860835313797
0.08657876402139664
0.6190209984779358
0.10562988370656967
0.6263718605041504
0.6738486289978027
0.09820875525474548
0.5800711512565613
0.7859023809432983
0.13886578381061554
0.0829443708062172
0.5224930644035339
0.7039344310760498
0.9271818399429321
0.7313648462295532
0.8043860793113708
0.31114307045936584
0.5521664619445801
0.6156293153762817
0.4064444303512573
0.45644304156303406
0.41638827323913574
0.28384384512901306
0.822809100151062
0.9699035286903381
0.05644144117832184
0.412924587726593
0.11780408024787903
0.8283250331878662
0.8672001957893372
0.1898927390575409
0.6335705518722534
0.6698921918869019
0.8141317367553711
0.3090308904647827
0.3165588080883026
0.9028409123420715
0.8789439797401428
0.6013627052307129
0.9336705207824707
0.5035406947135925
0.8245381116867065
0.8353192210197449
0.43331238627433777
0.3697231113910675
0.7264405488967896
0.5893059968948364
0.2996557056903839
0.04217896983027458
0.26878637075424194
0.4180549085140228
0.4496655762195587
0.0730166956782341
0.24764536321163177
0.01578313484787941
0.10931365936994553
0.1936829388141632
0.03821832314133644
0.8432728052139282
0.5935717225074768
0.3841743469238281
0.20770405232906342
0.335688978433609
0.663254976272583
0.18170833587646484
0.2335096150636673
0.09663189947605133
0.7319908142089844
0.012716859579086304
0.5384256839752197
0.6304581165313721
0.6230155825614929
0.9393242001533508
0.8356447815895081
0.7567703723907471
0.12613309919834137
0.8810712695121765
0.43001431226730347
0.5982106924057007
0.07651766389608383
0.22239185869693756
0.9050681591033936
0.8980382084846497
0.337233304977417
0.48006218671798706
0.020197482779622078
0.5474045872688293
0.30485302209854126
0.6611858606338501
0.7350592613220215
0.2384786158800125
0.594099223613739
0.327411413192749
0.6862998008728027
0.5115396976470947
0.7294384241104126
0.7220333814620972
0.1423739194869995
0.5705488920211792
0.10961805284023285
0.8963994979858398
0.31586936116218567
0.6739324331283569
0.5101794004440308
0.8103420734405518
0.03186800330877304
0.17067503929138184
0.890869140625
0.9133314490318298
0.36818861961364746
0.22366686165332794
0.038201555609703064
0.35901787877082825
0.061119481921195984
0.6533657908439636
0.4604424238204956
0.7555108666419983
0.7501479983329773
0.5585875511169434
0.8404451608657837
0.3874201476573944
0.15085096657276154
0.023248787969350815
0.31108352541923523
0.3130643963813782
0.1586456149816513
0.7514808773994446
0.8380404114723206
0.2832894027233124
0.5434821248054504
0.49237385392189026
0.5626757144927979
0.2970442473888397
0.31982824206352234
0.9739766716957092
0.8566556572914124
0.1375449299812317
0.6221078038215637
0.39895400404930115
0.2787441611289978
0.32777920365333557
0.36312639713287354
0.2688373625278473
0.5558908581733704
0.03923223912715912
0.8337716460227966
0.5417003035545349
0.006127275060862303
0.8089194893836975
0.778976559638977
0.6866738200187683
0.9034475684165955
0.7399935126304626
0.5032299757003784
0.038239963352680206
0.5745957493782043
0.10524623841047287
0.7352679371833801
0.44037142395973206
0.29519692063331604
0.22315596044063568
0.0024421587586402893
0.15591219067573547
0.9147506356239319
0.3852596580982208
0.023228125646710396
0.6281346082687378
0.816532552242279
0.5339362621307373
0.19512054324150085
0.9590175747871399
0.3994908630847931
0.3265819251537323
0.059744998812675476
0.3487948477268219
0.9109733700752258
0.13410907983779907
0.914416491985321
0.41372576355934143
0.025524089112877846
0.9529846906661987
0.9963498115539551
0.16287264227867126
0.8792529106140137
0.18739323318004608
0.5419899821281433
0.08181001991033554
0.40012937784194946
0.7177372574806213
0.3834390342235565
0.6933413743972778
0.6050377488136292
0.8989526629447937
0.6563135981559753
0.5542894601821899
0.2357877939939499
0.2138625979423523
0.799020528793335
0.6947855949401855
0.006998356431722641
0.6169084906578064
0.9421876668930054
0.8019184470176697
0.5755816102027893
0.42520326375961304
0.10185384005308151
0.43400490283966064
0.09745380282402039
0.9389317035675049
0.9308214783668518
0.2913382649421692
0.47493472695350647
0.09713321924209595
0.5467476844787598
0.6652169227600098
0.9259145855903625
0.2842214107513428
0.39413943886756897
0.057732366025447845
0.6871777772903442
0.5665547847747803
0.577951967716217
0.745324969291687
0.8677926659584045
0.8372094035148621
0.9868074655532837
0.022519508376717567
0.6626031994819641
0.9613082408905029
0.9547051191329956
0.8531650900840759
0.5073353052139282
0.9915778636932373
0.1649787873029709
0.8105820417404175
0.35013145208358765
0.104156993329525
0.9708684086799622
0.3510308861732483
0.1473117470741272
0.9387640953063965
0.2969423234462738
0.32576924562454224
0.3708438277244568
0.28362512588500977
0.9373245239257812
0.36475682258605957
0.5119807124137878
0.7590198516845703
0.19512954354286194
0.011667373590171337
0.5007092952728271
0.1326199769973755
0.8781645894050598
0.6301724314689636
0.2532237768173218
0.19000282883644104
0.2025354504585266
0.20170414447784424
0.6758045554161072
0.9701231718063354
0.730751633644104
0.5362855792045593
0.5039903521537781
0.18430548906326294
0.7142331004142761
0.3789096772670746
0.6631959080696106
0.35071316361427307
0.28072044253349304
0.2747359871864319
0.3093762993812561
0.32242879271507263
0.09827347844839096
0.18295793235301971
0.24695058166980743
0.9996610879898071
0.9007177948951721
0.9462724924087524
0.9089263081550598
0.04708051681518555
0.8395241498947144
0.7286034822463989
0.6568423509597778
0.0028038891032338142
0.2533392310142517
0.064895860850811
0.4608774185180664
0.20800094306468964
0.28638115525245667
0.7584187388420105
0.1300060898065567
0.9112354516983032
0.10989724844694138
0.41837239265441895
0.756956160068512
0.2620486617088318
0.4157390594482422
0.3774563670158386
0.8658387660980225
0.9854230284690857
0.14188656210899353
0.7084508538246155
0.4118848741054535
0.5797610282897949
0.48489898443222046
0.2855345606803894
0.08828987181186676
0.9049824476242065
0.6388190984725952
0.773410439491272
0.6308789253234863
0.7316487431526184
0.7772846221923828
0.1386498361825943
0.9090844988822937
0.9335089325904846
0.21770012378692627
0.5375897884368896
0.019544195383787155
0.4971453547477722
0.43608298897743225
0.014583040960133076
0.6084498763084412
0.14441467821598053
0.7597260475158691
0.9010794758796692
0.9237692356109619
0.7949168682098389
0.06841149926185608
0.9847615361213684
0.84954434633255
0.21061566472053528
0.7512341737747192
0.057833481580019
0.9412031769752502
0.7362611293792725
0.7707456350326538
0.4313064217567444
0.31368666887283325
0.5264487266540527
0.44423341751098633
0.8588258028030396
0.6379451155662537
0.7075062394142151
0.30902552604675293
0.30745968222618103
0.9203673005104065
0.13468684256076813
0.8566941022872925
0.9910501837730408
0.17638911306858063
0.9914183020591736
0.4297574758529663
0.34640663862228394
0.7332918643951416
0.4838305711746216
0.8532155156135559
0.544538140296936
0.7031282186508179
0.5806573629379272
0.9118794202804565
0.8966971635818481
0.4088365137577057
0.682381272315979
0.5032558441162109
0.10288435220718384
0.3888111114501953
0.8926355242729187
0.43307045102119446
0.5448324084281921
0.25131210684776306
0.5092348456382751
0.5236122012138367
0.82075035572052
0.7954959273338318
0.2894860506057739
0.9169580340385437
0.2885734438896179
0.7112175226211548
0.034004271030426025
0.6056919097900391
0.31392744183540344
0.5949869155883789
0.5031653046607971
0.8488661050796509
0.9072793126106262
0.36928144097328186
0.7459566593170166
0.6104522347450256
0.9725800156593323
0.5925986170768738
0.32066574692726135
0.3631090223789215
0.9908395409584045
0.6299832463264465
0.8682641983032227
0.33545026183128357
0.2541689872741699
0.7065292596817017
0.22949518263339996
0.9214443564414978
0.8618430495262146
0.8608891367912292
0.5942357182502747
0.3766356110572815
0.2053188532590866
0.47591888904571533
0.07652463763952255
0.2618435025215149
0.08047409355640411
0.33915820717811584
0.3260766565799713
0.49906617403030396
0.2489936798810959
0.996110200881958
0.752945601940155
0.2580045163631439
0.994114875793457
0.5352379679679871
0.19530515372753143
0.5042459964752197
0.9668518900871277
0.3259527385234833
0.529469907283783
0.7230024337768555
0.4878917336463928
0.26924651861190796
0.11575091630220413
0.9554729461669922
0.23756061494350433
0.37326961755752563
0.5622907876968384
0.6010578274726868
0.5157934427261353
0.10413756966590881
0.38574379682540894
0.8266879916191101
0.8472514152526855
0.31193363666534424
0.5977857708930969
0.7326886057853699
0.4674975872039795
0.8057382702827454
0.15402908623218536
0.5841607451438904
0.01547955721616745
0.11584442108869553
0.7610591650009155
0.5151405334472656
0.4781084656715393
0.23794512450695038
0.3854665458202362
0.239060640335083
0.32540711760520935
0.27791571617126465
0.6487380266189575
0.2763020098209381
0.1430080384016037
0.18539373576641083
0.9003105163574219
0.7727009057998657
0.24798081815242767
0.6737632751464844
0.11601878702640533
0.3024110496044159
0.9657515287399292
0.7759988307952881
0.3833715617656708
0.20577372610569
0.7350391149520874
0.7831648588180542
0.5202907919883728
0.21179185807704926
0.11406521499156952
0.010647349990904331
0.09146396815776825
0.8693946599960327
0.8963627815246582
0.6191301941871643
0.37138551473617554
0.022176705300807953
0.9215579628944397
0.6806250214576721
0.9891541004180908
0.5548819899559021
0.961485743522644
0.01001456193625927
0.7999364137649536
0.2127467393875122
0.24810893833637238
0.11167894303798676
0.7126696705818176
0.031943418085575104
0.19765512645244598
0.192912295460701
0.5484710335731506
0.12561780214309692
0.6752520203590393
0.015149734914302826
0.07255766540765762
0.5936578512191772
0.14762520790100098
0.02761092595756054
0.36192211508750916
0.009084254503250122
0.7120221853256226
0.31895455718040466
0.6251680850982666
0.8289681673049927
0.09013054519891739
0.72705078125
0.8570167422294617
0.6117017865180969
0.6955749988555908
0.7104951739311218
0.7160000205039978
0.4231193959712982
0.7730807065963745
0.45765969157218933
0.2347618192434311
0.8539941906929016
0.6202598214149475
0.6863740682601929
0.6072816848754883
0.37809544801712036
0.6111887693405151
0.3284931182861328
0.2490532249212265
0.1477409303188324
0.6870630979537964
0.78048175573349
0.22399500012397766
0.023912809789180756
0.6408547759056091
0.8388121128082275
0.5603509545326233
0.6875653266906738
0.31158578395843506
0.15821045637130737
0.39161717891693115
0.49663862586021423
0.42390522360801697
0.1989608108997345
0.49662289023399353
0.1488151103258133
0.2556588053703308
0.43219193816185
0.24511009454727173
0.6595304012298584
0.567162811756134
0.4989772439002991
0.01142123807221651
0.5632511377334595
0.4809698760509491
0.6133383512496948
0.9836971759796143
0.46602365374565125
0.7566957473754883
0.7300363183021545
0.394870400428772
0.7937108874320984
0.007016656454652548
0.02353501133620739
0.6304761171340942
0.7125576138496399
0.16972307860851288
0.3117627501487732
0.2024373561143875
0.9140375256538391
0.11583977937698364
0.864229679107666
0.10151517391204834
0.7451649904251099
0.08493746072053909
0.26076626777648926
0.7068271636962891
0.4178789258003235
0.9362796545028687
0.4973025918006897
0.8577828407287598
0.9717375636100769
0.805932879447937
0.791764497756958
0.7315282821655273
0.08903980255126953
0.7698127031326294
0.4169313609600067
0.6885477304458618
0.7677627205848694
0.6120244264602661
0.109708771109581
0.46257463097572327
0.6628084778785706
0.32979923486709595
0.020173057913780212
0.1604226976633072
0.4724833071231842
0.9385120272636414
0.3478543758392334
0.21351440250873566
0.008689469657838345
0.9871460199356079
0.09614823758602142
0.6156609654426575
0.7862479090690613
0.35324570536613464
0.4195787012577057
0.7128453850746155
0.6930513978004456
0.2564018666744232
0.6592024564743042
0.9442182183265686
0.3441121578216553
0.08695723116397858
0.53603196144104
0.32523152232170105
0.5906402468681335
0.1720258891582489
0.8731012344360352
0.5786902904510498
0.9989901781082153
0.2557869851589203
0.17206047475337982
0.6208699941635132
0.07079923152923584
0.49232983589172363
0.03259938210248947
0.6099444627761841
0.35971131920814514
0.9784698486328125
0.45637059211730957
0.7321552634239197
0.10574023425579071
0.8695298433303833
0.2368645817041397
0.7661891579627991
0.47016987204551697
0.30887332558631897
0.7714186906814575
0.8804976940155029
0.6354764699935913
0.9566595554351807
0.35176289081573486
0.23037101328372955
0.051215264946222305
0.9990466833114624
0.4993599057197571
0.2621830701828003
0.8113762140274048
0.46509018540382385
0.40304771065711975
0.8207615613937378
0.9746840000152588
0.7633401155471802
0.36575981974601746
0.21852348744869232
0.14213377237319946
0.6364831924438477
0.980735719203949
0.1990644484758377
0.6850280165672302
0.8638756275177002
0.6335951685905457
0.8458215594291687
0.8761539459228516
0.3709968328475952
0.34226298332214355
0.504416286945343
0.07642153650522232
0.1106012761592865
0.9095965027809143
0.13399139046669006
0.7184653878211975
0.6664833426475525
0.5903341770172119
0.12154152244329453
0.8588629961013794
0.06878671795129776
0.714644730091095
0.7511480450630188
0.3292003870010376
0.19140231609344482
0.4414158761501312
0.980449914932251
0.47112005949020386
0.6252010464668274
0.35762250423431396
0.08387793600559235
0.8306902647018433
0.5578445196151733
0.07724558562040329
0.45785218477249146
0.706003725528717
0.08047046512365341
0.856864869594574
0.33151060342788696
0.5808169841766357
0.8015906810760498
0.38879698514938354
0.6844865083694458
0.7534078359603882
0.9562898874282837
0.3791215717792511
0.03056659735739231
0.0026530269533395767
0.3280588686466217
0.10558312386274338
0.2990145981311798
0.5559016466140747
0.8750393986701965
0.003076359163969755
0.848881185054779
0.9695722460746765
0.19799716770648956
0.3799837827682495
0.9946145415306091
0.8566191792488098
0.11944058537483215
0.9485191702842712
0.5882487893104553
0.9224156141281128
0.7034714818000793
0.4513624906539917
0.319003164768219
0.24762380123138428
0.06464729458093643
0.8836005330085754
0.3081280291080475
0.9921671748161316
0.44146883487701416
0.42834359407424927
0.3038201630115509
0.03587216138839722
0.9188032150268555
0.773533046245575
0.21357065439224243
0.6916036009788513
0.758080780506134
0.39092665910720825
0.2156573235988617
0.4610137343406677
0.3059408366680145
0.30591756105422974
0.4210684895515442
0.8144434094429016
0.4399512708187103
0.6466168761253357
0.9443886876106262
0.4949362277984619
0.7099804878234863
0.7148358821868896
0.009518000297248363
0.8396076560020447
0.22876347601413727
0.24430401623249054
0.44534239172935486
0.2823711931705475
0.6499301791191101
0.11673577129840851
0.9600319862365723
0.9102150201797485
0.16995063424110413
0.14961440861225128
0.9595756530761719
0.5732594132423401
0.25672468543052673
0.428949236869812
0.7366889119148254
0.24215178191661835
0.14623256027698517
0.8509421944618225
0.24105767905712128
0.9451673030853271
0.6496039628982544
0.22810138761997223
0.7317801713943481
0.5069196224212646
0.6499104499816895
0.8668079972267151
0.6741064190864563
0.16788706183433533
0.7515203952789307
0.18382112681865692
0.5216115117073059
0.05431850254535675
0.14361515641212463
0.03612862154841423
0.20934665203094482
0.8652212023735046
0.47117123007774353
0.5668919086456299
0.5488802790641785
0.9986629486083984
0.5864365696907043
0.168865367770195
0.3077324330806732
0.3181299567222595
0.4666682779788971
0.0030157389119267464
0.46430760622024536
0.9082584381103516
0.7414613366127014
0.5711522102355957
0.3016659617424011
0.46902748942375183
0.4583318829536438
0.39808106422424316
0.8405318856239319
0.6717590689659119
0.16573436558246613
0.46535712480545044
0.5855525732040405
0.3424370288848877
0.5285555124282837
0.14279331266880035
0.17620258033275604
0.012948637828230858
0.02819656953215599
0.648080587387085
0.8711113929748535
0.6692509651184082
0.9038525819778442
0.4603204131126404
0.43904033303260803
0.6318131685256958
0.7225973606109619
0.864475667476654
0.47239449620246887
0.8056705594062805
0.49351751804351807
0.5047891139984131
0.28209879994392395
0.25988534092903137
0.19308863580226898
0.5406920313835144
0.5804341435432434
0.5781509280204773
0.6544937491416931
0.3924689292907715
0.9407415390014648
0.21079014241695404
0.6148722171783447
0.31690898537635803
0.5001093745231628
0.8782647848129272
0.272688627243042
0.780803918838501
0.08369707316160202
0.6999709010124207
0.11156497150659561
0.8986194729804993
0.7568146586418152
0.005401211325079203
0.7432036995887756
0.8360019326210022
0.28255653381347656
0.06769909709692001
0.8730341196060181
0.3464018702507019
0.549094557762146
0.1479116529226303
0.05274170637130737
0.1705833077430725
0.8963204026222229
0.827124297618866
0.385154128074646
0.5170793533325195
0.44490811228752136
0.0037967031821608543
0.8244712352752686
0.6085747480392456
0.6219213604927063
0.7464865446090698
0.764763355255127
0.7761240601539612
0.0340728797018528
0.09781637787818909
0.583187997341156
0.4838545620441437
0.6243293285369873
0.04627307131886482
0.48711496591567993
0.3152867555618286
0.6188260912895203
0.6685453653335571
0.12962500751018524
0.3044285476207733
0.19601531326770782
0.3772648572921753
0.4032480716705322
0.1258765161037445
0.20124563574790955
0.25884076952934265
0.9064708352088928
0.08576670289039612
0.5654367804527283
0.2590947449207306
0.2841775417327881
0.1333620250225067
0.8597171902656555
0.9782449007034302
0.8732538223266602
0.6035112738609314
0.25673046708106995
0.19903765618801117
0.8695124983787537
0.2468438595533371
0.07714256644248962
0.9392333626747131
0.34388208389282227
0.25912317633628845
0.9477781057357788
0.13102886080741882
0.18413971364498138
0.6420822143554688
0.019778473302721977
0.7325892448425293
0.46794354915618896
0.7444261312484741
0.5274936556816101
0.5988149642944336
0.9934586882591248
0.7589428424835205
0.693723738193512
0.5879724025726318
0.4491538405418396
0.9934026002883911
0.24317535758018494
0.12107028812170029
0.25202134251594543
0.0862003043293953
0.6348106265068054
0.06354696303606033
0.6843799948692322
0.7583821415901184
0.7891250848770142
0.012050814926624298
0.7676928639411926
0.022400187328457832
0.32496070861816406
0.5351611375808716
0.27521812915802
0.2015855461359024
0.8500872254371643
0.5504077672958374
0.2979855537414551
0.9712861180305481
0.6684548258781433
0.4044426679611206
0.07542221248149872
0.6096272468566895
0.7365937232971191
0.23244966566562653
0.22172299027442932
0.3800469636917114
0.2669212818145752
0.28348466753959656
0.8210378885269165
0.11641890555620193
0.47319015860557556
0.4914420545101166
0.5346359610557556
0.6841697096824646
0.5393966436386108
0.2172764241695404
0.47676777839660645
0.3272184133529663
0.01630774326622486
0.30898264050483704
0.5186977386474609
0.16596275568008423
0.7289078235626221
0.2959428131580353
0.824548065662384
0.9241799712181091
0.5012168884277344
0.7213329672813416
0.9386491179466248
0.007914088666439056
0.2786060571670532
0.18803204596042633
0.4791276454925537
0.3980102241039276
0.8686220049858093
0.44204074144363403
0.9021971821784973
0.9288330078125
0.05352434888482094
0.008977708406746387
0.44318887591362
0.9062123894691467
0.31389138102531433
0.6202123165130615
0.23743757605552673
0.870844841003418
0.9921174645423889
0.15149573981761932
0.053806133568286896
0.4916616678237915
0.37965309619903564
0.23140957951545715
0.9679396748542786
0.853073239326477
0.88173907995224
0.8003624677658081
0.2886626422405243
0.4730057120323181
0.2122376710176468
0.19513972103595734
0.6963413953781128
0.34953582286834717
0.48985591530799866
0.20953811705112457
0.3822108209133148
0.7619439959526062
0.9394673109054565
0.7677214741706848
0.8042295575141907
0.3011651337146759
0.9369908571243286
0.24082788825035095
0.02738276682794094
0.5532975792884827
0.13484393060207367
0.6401078701019287
0.8542961478233337
0.0860690176486969
0.1767720729112625
0.02038869634270668
0.5541310906410217
0.7400199770927429
0.9929050207138062
0.621765673160553
0.7125033736228943
0.7623694539070129
0.4325207769870758
0.45134758949279785
0.20255936682224274
0.3815489709377289
0.19040456414222717
0.7414528727531433
0.20981056988239288
0.8210505247116089
0.24300476908683777
0.2478819489479065
0.6221174001693726
0.7682170867919922
0.14441674947738647
0.10944103449583054
0.6785851716995239
0.48181381821632385
0.3474138081073761
0.8154385685920715
0.48901844024658203
0.5905922651290894
0.45956727862358093
0.25921207666397095
0.9000847339630127
0.671594500541687
0.9109728932380676
0.3051120340824127
0.9734771251678467
0.5471082925796509
0.6094363927841187
0.8205553293228149
0.14494171738624573
0.43495237827301025
0.9603597521781921
0.6072555780410767
0.1501867175102234
0.2234838604927063
0.02908712439239025
0.6437872052192688
0.02523355558514595
0.951611340045929
0.5995097160339355
0.6115037202835083
0.03544022515416145
0.9738645553588867
0.6885747313499451
0.10393987596035004
0.18331167101860046
0.8310647010803223
0.8241648077964783
0.24348415434360504
0.1432351917028427
0.6431857347488403
0.20875957608222961
0.890969455242157
0.01770789921283722
0.16391469538211823
0.4608443081378937
0.753053605556488
0.5627824664115906
0.7510575652122498
0.613706111907959
0.5312243103981018
0.8680181503295898
0.9882970452308655
0.827116847038269
0.5855390429496765
0.6838055849075317
0.9557911157608032
0.4862537682056427
0.419871985912323
0.8499537110328674
0.28209590911865234
0.9424906373023987
0.04595322906970978
0.15724006295204163
0.8136056065559387
0.27639731764793396
0.42580336332321167
0.2852531671524048
0.9752040505409241
0.883009135723114
0.3842499554157257
0.16338522732257843
0.893668532371521
0.6392667889595032
0.5795759558677673
0.4912198483943939
0.7495731115341187
0.5810128450393677
0.12611281871795654
0.4198842942714691
0.7545359134674072
0.4904370903968811
0.9787965416908264
0.07070522010326385
0.8957651853561401
0.3938371241092682
0.7542195320129395
0.46925613284111023
0.5379605889320374
0.9019449353218079
0.8773882389068604
0.5699502229690552
0.17124150693416595
0.12478339672088623
0.9783163070678711
0.024865934625267982
0.8693163394927979
0.5853102803230286
0.020632266998291016
0.32006946206092834
0.22406217455863953
0.47241953015327454
0.4330507218837738
0.48590222001075745
0.02182331681251526
0.7341642379760742
0.6696410179138184
0.9824120402336121
0.9258776903152466
0.5566986203193665
0.15663041174411774
0.39960214495658875
0.5701878070831299
0.27298852801322937
0.13372758030891418
0.08920681476593018
0.7865769863128662
0.7760723829269409
0.6530153155326843
0.7792338728904724
0.8989037275314331
0.31257572770118713
0.5446476936340332
0.894690990447998
0.6610789895057678
0.8330587148666382
0.33185476064682007
0.23429466784000397
0.36986416578292847
0.8873892426490784
0.6050828099250793
0.028104739263653755
0.025483431294560432
0.4426916241645813
0.20477405190467834
0.5100792050361633
0.7878135442733765
0.49373921751976013
0.8462129235267639
0.38395068049430847
0.8113104701042175
0.2704612910747528
0.624596118927002
0.5167682766914368
0.98260498046875
0.115280881524086
0.34423813223838806
0.532518208026886
0.07175742089748383
0.6190133690834045
0.6366516947746277
0.5090091824531555
0.27601638436317444
0.13044963777065277
0.46235015988349915
0.020710362121462822
0.5925793051719666
0.7050356268882751
0.7069735527038574
0.5284993648529053
0.2938673496246338
0.906501054763794
0.8647699952125549
0.44362181425094604
0.9288009405136108
0.8564395308494568
0.02067549154162407
0.7098230719566345
0.7234326601028442
0.1559366136789322
0.286453515291214
0.5517192482948303
0.04263332486152649
0.530889093875885
0.3157122731208801
0.6382853388786316
0.5386917591094971
0.45083728432655334
0.27156296372413635
0.024918001145124435
0.5975497364997864
0.1514589488506317
0.5518712401390076
0.6261492371559143
0.5012667179107666
0.985548734664917
0.34136515855789185
0.7651018500328064
0.9887542724609375
0.5053007006645203
0.03404853865504265
0.07872949540615082
0.6186370849609375
0.9115603566169739
0.13388241827487946
0.5444949269294739
0.6751123666763306
0.6900100708007812
0.4385907053947449
0.3110397160053253
0.16082625091075897
0.14587898552417755
0.5111277103424072
0.37708592414855957
0.8090535402297974
0.9630725383758545
0.46929931640625
0.11095742136240005
0.7704353332519531
0.9133467674255371
0.4239406883716583
0.7927154898643494
0.4894979000091553
0.3005469739437103
0.16517683863639832
0.11457791924476624
0.38144850730895996
0.04535796493291855
0.44797810912132263
0.32239028811454773
0.7370984554290771
0.7200596928596497
0.8622577786445618
0.007799898274242878
0.5703740119934082
0.7808303236961365
0.666719913482666
0.3897213041782379
0.9450203776359558
0.9961537718772888
0.3097207844257355
0.16677968204021454
0.9647428393363953
0.5119034647941589
0.5495620369911194
0.8828518986701965
0.5449796915054321
0.034239087253808975
0.38687098026275635
0.33029690384864807
0.7110939621925354
0.16738250851631165
0.07138726860284805
0.08927933126688004
0.8529341816902161
0.9511248469352722
0.9177590608596802
0.8348100185394287
0.15601514279842377
0.7773985862731934
0.27995923161506653
0.4795021712779999
0.8638477325439453
0.24975675344467163
0.15422381460666656
0.44867002964019775
0.954261064529419
0.1488591432571411
0.7078597545623779
0.870259165763855
0.0996604859828949
0.655197262763977
0.7092608213424683
0.6954322457313538
0.9371266961097717
0.37146130204200745
0.732707679271698
0.6574469804763794
0.46824535727500916
0.49092862010002136
0.06443330645561218
0.008349998854100704
0.6729788184165955
0.46824517846107483
0.07518915832042694
0.6405121684074402
0.477762371301651
0.23482196033000946
0.11137031763792038
0.19460836052894592
0.09444785118103027
0.6942752003669739
0.34368279576301575
0.5984083414077759
0.10826336592435837
0.043523915112018585
0.29717960953712463
0.14277227222919464
0.11358947306871414
0.48245981335639954
0.467926561832428
0.8506773114204407
0.31656479835510254
0.1941421926021576
0.9356687664985657
0.2476479411125183
0.17374762892723083
0.22401131689548492
0.1470242291688919
0.8539866805076599
0.24026617407798767
0.5522519946098328
0.5252485275268555
0.2551732659339905
0.7235415577888489
0.2432251125574112
0.2977173328399658
0.14491276443004608
0.36233243346214294
0.9978310465812683
0.6421179175376892
0.22546957433223724
0.8310721516609192
0.9585024118423462
0.1024768128991127
0.28395265340805054
0.4223524332046509
0.24245837330818176
0.649195671081543
0.07313410192728043
0.539268434047699
0.6264492273330688
0.8768665790557861
0.19336441159248352
0.1766037791967392
0.2530788481235504
0.6871889233589172
0.5319114327430725
0.1323619931936264
0.9181947112083435
0.9192830324172974
0.8424431085586548
0.32272258400917053
0.5732249617576599
0.8121587038040161
0.39033597707748413
0.17212367057800293
0.9844345450401306
0.0030548167414963245
0.23179373145103455
0.548345685005188
0.7525750398635864
0.6942304372787476
0.41101470589637756
0.7106500267982483
0.2042594850063324
0.9027041792869568
0.5867360830307007
0.6353649497032166
0.22390082478523254
0.11134692281484604
0.9969323873519897
0.49786537885665894
0.5656583905220032
0.41500306129455566
0.04627486318349838
0.9763060808181763
0.39141449332237244
0.17006707191467285
0.07090616971254349
0.3563597500324249
0.004672548267990351
0.5275790691375732
0.3197208046913147
0.6533541679382324
0.8617872595787048
0.22975338995456696
0.8237629532814026
0.6722738742828369
0.13037525117397308
0.4226323664188385
0.6253814101219177
0.9612394571304321
0.5560712218284607
0.6117272973060608
0.8270449638366699
0.6930041909217834
0.5856246948242188
0.6685364842414856
0.7366602420806885
0.4929245412349701
0.35356026887893677
0.8312501311302185
0.12663255631923676
0.3524242639541626
0.7492737770080566
0.8286066055297852
0.9284113049507141
0.3937433063983917
0.5758230686187744
0.7759365439414978
0.1007259339094162
0.09834274649620056
0.03857501596212387
0.5861796736717224
0.996428370475769
0.7254728078842163
0.233207106590271
0.2288031280040741
0.3448818325996399
0.3024883270263672
0.306474894285202
0.39649757742881775
0.7229188084602356
0.3404248356819153
0.44237279891967773
0.7523640990257263
0.23685768246650696
0.8826199173927307
0.4906177222728729
0.2990509569644928
0.8729245066642761
0.7122495770454407
0.740100622177124
0.8617063164710999
0.37526726722717285
0.9754278063774109
0.37625762820243835
0.42914101481437683
0.7992534041404724
0.42836281657218933
0.8418179750442505
0.08957226574420929
0.2913527488708496
0.1266014575958252
0.5489824414253235
0.8038007020950317
0.2798764407634735
0.289581298828125
0.9060506224632263
0.8245692253112793
0.6503002643585205
0.20226353406906128
0.06458500027656555
0.5057618021965027
0.7905863523483276
0.5864992141723633
0.10991265624761581
0.6216182708740234
0.6603261828422546
0.42795324325561523
0.8209416270256042
0.20268051326274872
0.0044371928088366985
0.3043379485607147
0.8325402736663818
0.1721983402967453
0.7122506499290466
0.33354273438453674
0.4290277063846588
0.6205112934112549
0.6864307522773743
0.9111678600311279
0.12333296984434128
0.07547583431005478
0.14207541942596436
0.44944465160369873
0.7951748371124268
0.999971330165863
0.23305197060108185
0.0607474148273468
0.24822522699832916
0.6769707202911377
0.12033098936080933
0.41803932189941406
0.5332165956497192
0.17579616606235504
0.3353608250617981
0.9604309797286987
0.30942991375923157
0.8190800547599792
0.5945801734924316
0.5647590756416321
0.1760542094707489
0.8804039359092712
0.43247145414352417
0.7677385210990906
0.041012682020664215
0.8687065839767456
0.8246524333953857
0.2790737748146057
0.41985824704170227
0.7325881719589233
0.36113348603248596
0.7987690567970276
0.6787794828414917
0.12941528856754303
0.03507838025689125
0.03897002339363098
0.27117523550987244
0.057429417967796326
0.8452959060668945
0.20503339171409607
0.34849146008491516
0.43667614459991455
0.22110535204410553
0.386860728263855
0.05473776161670685
0.9562087655067444
0.9760408997535706
0.4291089177131653
0.36155813932418823
0.9552586078643799
0.01958492584526539
0.677869439125061
0.746848464012146
0.23513886332511902
0.3598777949810028
0.8707285523414612
0.7869428396224976
0.029638413339853287
0.5068088173866272
0.7425760626792908
0.7132313847541809
0.4292030334472656
0.8338772654533386
0.6409575939178467
0.3022189140319824
0.3764016628265381
0.8173723816871643
0.3016738295555115
0.6560271978378296
0.6467966437339783
0.9213740229606628
0.2804563045501709
0.39919307827949524
0.35890859365463257
0.3330674469470978
0.1758068948984146
0.5120911002159119
0.974613606929779
0.2729572057723999
0.18410047888755798
0.3403818905353546
0.4997886121273041
0.11401090770959854
0.831445038318634
0.3232226073741913
0.6822222471237183
0.3023160994052887
0.11702674627304077
0.5587056875228882
0.604310929775238
0.7271527051925659
0.6778414249420166
0.8634535074234009
0.27400681376457214
0.7711310982704163
0.16094012558460236
0.8887115716934204
0.41687828302383423
0.26020216941833496
0.025730770081281662
0.5680589079856873
0.14715823531150818
0.6894828677177429
0.49936166405677795
0.8090670108795166
0.6910355091094971
0.22829096019268036
0.05236043408513069
0.18479955196380615
0.9322565793991089
0.9669728875160217
0.7753860354423523
0.14872944355010986
0.9944900870323181
0.8320721387863159
0.2194831520318985
0.2946067154407501
0.7051367163658142
0.220322385430336
0.05968105420470238
0.17807848751544952
0.7894941568374634
0.06389989703893661
0.7006054520606995
0.40937745571136475
0.06043379008769989
0.04933255910873413
0.251462459564209
0.8803397417068481
0.09362591803073883
0.5951154232025146
0.2684005796909332
0.20449745655059814
0.6280639171600342
0.7798490524291992
0.7590760588645935
0.3672255575656891
0.5923492312431335
0.7916492819786072
0.27772635221481323
0.8063251972198486
0.189545139670372
0.3601771295070648
0.6981351375579834
0.403800368309021
0.23791693150997162
0.9143139719963074
0.9772486686706543
0.5406570434570312
0.9614253044128418
0.12216658145189285
0.8503217697143555
0.7695168256759644
0.16863365471363068
0.4341704547405243
0.25429007411003113
0.21849730610847473
0.660365104675293
0.37752655148506165
0.5445521473884583
0.13134264945983887
0.04467366635799408
0.380709707736969
0.42075929045677185
0.5278774499893188
0.14844493567943573
0.6352033019065857
0.8333796858787537
0.5455142259597778
0.45485159754753113
0.0024392527993768454
0.5881313681602478
0.6063241958618164
0.7629695534706116
0.2201763242483139
0.7495468258857727
0.7853405475616455
0.5111742615699768
0.6384157538414001
0.9247906804084778
0.613027811050415
0.6578468084335327
0.7441662549972534
0.445127934217453
0.1979038417339325
0.995996356010437
0.7096490859985352
0.38366901874542236
0.6967284083366394
0.6245790123939514
0.5212538838386536
0.9158943295478821
0.8236879706382751
0.909936249256134
0.7222211360931396
0.8265386819839478
0.9981772899627686
0.633349597454071
0.10745775699615479
0.917034387588501
0.4368778467178345
0.07696258276700974
0.6082162261009216
0.6921908259391785
0.6828144192695618
0.7080771327018738
0.5117300152778625
0.1214199960231781
0.1493767946958542
0.1609942466020584
0.10777214914560318
0.862984836101532
0.8052422404289246
0.038026630878448486
0.7919182181358337
0.4062153995037079
0.06692062318325043
0.8886683583259583
0.27097252011299133
0.3331604599952698
0.6253340840339661
0.25832685828208923
0.3501521944999695
0.768133282661438
0.9433557987213135
0.3296271562576294
0.9121158719062805
0.5632036328315735
0.7269980311393738
0.21950359642505646
0.06977810710668564
0.9797602891921997
0.9491720199584961
0.872002899646759
0.504839301109314
0.419143408536911
0.011875692754983902
0.21815578639507294
0.09211871773004532
0.9371719360351562
0.3705965578556061
0.9861079454421997
0.26073628664016724
0.888576865196228
0.5405659079551697
0.6821749210357666
0.646514356136322
0.2359704077243805
0.24134521186351776
0.880587100982666
0.9484989047050476
0.3427432179450989
0.46548157930374146
0.18066440522670746
0.9366016983985901
0.6816816926002502
0.9058604836463928
0.4589809477329254
0.3084999918937683
0.5747721195220947
0.6959227323532104
0.5281880497932434
0.27530795335769653
0.9528493881225586
0.28528809547424316
0.5504599809646606
0.7385609745979309
0.05074715241789818
0.3504789173603058
0.8288453817367554
0.16628126800060272
0.4663628339767456
0.022236889228224754
0.755908191204071
0.601085364818573
0.7657538056373596
0.3295968174934387
0.4248881936073303
0.36476805806159973
0.510928213596344
0.2748644948005676
0.7789871692657471
0.0471089705824852
0.8857016563415527
0.6364476084709167
0.12891197204589844
0.8383841514587402
0.5011343955993652
0.7279264330863953
0.08196558058261871
0.942622184753418
0.4649445414543152
0.012019618414342403
0.9189860224723816
0.049024470150470734
0.1672191172838211
0.8194388747215271
0.4221901297569275
0.7839677929878235
0.31826210021972656
0.4037359654903412
0.3346867859363556
0.5030928254127502
0.35430803894996643
0.17014560103416443
0.3470132648944855
0.3760092258453369
0.7926214337348938
0.5474110841751099
0.03740907087922096
0.5926644206047058
0.7192023992538452
0.517632246017456
0.7475921511650085
0.5436240434646606
0.592964231967926
0.48362094163894653
0.34479233622550964
0.2128213495016098
0.6344968676567078
0.7945508360862732
0.17889373004436493
0.32039904594421387
0.8744873404502869
0.5732775330543518
0.3545950651168823
0.8956165313720703
0.5762438178062439
0.9891451597213745
0.9471540451049805
0.22329474985599518
0.4298355281352997
0.8256375789642334
0.3188716173171997
0.7869084477424622
0.01933491788804531
0.6596519947052002
0.699586033821106
0.09531085938215256
0.08553073555231094
0.4220179319381714
0.5534060001373291
0.2558196783065796
0.9430520534515381
0.385322242975235
0.40047788619995117
0.07302692532539368
0.46408557891845703
0.4141286015510559
0.2467726469039917
0.7003426551818848
0.41919243335723877
0.46047189831733704
0.7542986869812012
0.26503637433052063
0.33118802309036255
0.2636738717556
0.1650375872850418
0.2681712210178375
0.7849315404891968
0.35413920879364014
0.9867110252380371
0.7985250353813171
0.39550819993019104
0.09751109778881073
0.7664932608604431
0.7506758570671082
0.20145303010940552
0.9631646275520325
0.14804524183273315
0.2656806409358978
0.2714020609855652
0.6407384276390076
0.026831278577446938
0.15611490607261658
0.22084365785121918
0.6275241374969482
0.6355420351028442
0.9249143004417419
0.46354931592941284
0.4130720794200897
0.7642208337783813
0.9204476475715637
0.5720511674880981
0.3081483542919159
0.9377568960189819
0.614107608795166
0.7872982025146484
0.7560949325561523
0.968217134475708
0.020689914003014565
0.12064507603645325
0.8120124936103821
0.07245396077632904
0.0827556923031807
0.42669349908828735
0.378127783536911
0.32463207840919495
0.5911632776260376
0.5595917701721191
0.5322731733322144
0.38855457305908203
0.1560816466808319
0.7867254614830017
0.34908586740493774
0.06314630061388016
0.3105485439300537
0.6166601181030273
0.7179544568061829
0.33423376083374023
0.36512768268585205
0.7721939086914062
0.5650274753570557
0.9825191497802734
0.810610294342041
0.2447671741247177
0.8541467785835266
0.314995139837265
0.14127399027347565
0.42873483896255493
0.34541556239128113
0.8820583820343018
0.4348447918891907
0.5981942415237427
0.18063758313655853
0.08916595578193665
0.36261361837387085
0.7919539213180542
0.5126659274101257
0.6850358247756958
0.6512660980224609
0.9061693549156189
0.22273781895637512
0.9476505517959595
0.977044403553009
0.8848421573638916
0.49267885088920593
0.8989093899726868
0.2237025797367096
0.4569791853427887
0.6060718894004822
0.9681905508041382
0.027348684147000313
0.6117374300956726
0.6367891430854797
0.23771516978740692
0.04257612302899361
0.1945306658744812
0.29219314455986023
0.18273282051086426
0.8100458383560181
0.7706407904624939
0.006651794072240591
0.0897115170955658
0.3945341110229492
0.6160961985588074
0.1015157699584961
0.6407334804534912
0.7215365171432495
0.45936739444732666
0.6318411827087402
0.7245288491249084
0.9110672473907471
0.4727104902267456
0.4087555408477783
0.41530317068099976
0.49222609400749207
0.859589695930481
0.26315751671791077
0.5473595857620239
0.9226499795913696
0.9740424752235413
0.26605501770973206
0.40692704916000366
0.2852478623390198
0.3055157959461212
0.6822311282157898
0.31152743101119995
0.04702497273683548
0.8099021911621094
0.35755839943885803
0.13260772824287415
0.7545779347419739
0.30554234981536865
0.10301699489355087
0.7371495366096497
0.5066482424736023
0.5079633593559265
0.05999894067645073
0.3127132058143616
0.13580849766731262
0.1858910471200943
0.514271080493927
0.9357534646987915
0.6957902312278748
0.2060849815607071
0.22733116149902344
0.8929052352905273
0.5629991292953491
0.32616469264030457
0.3642343282699585
0.3039984107017517
0.3361987769603729
0.9737328886985779
0.04263204708695412
0.6104939579963684
0.9649876952171326
0.4688011109828949
0.9789373874664307
0.023981530219316483
0.3716818392276764
0.9078681468963623
0.14319828152656555
0.963131844997406
0.2844632565975189
0.46418672800064087
0.5380013585090637
0.1415661722421646
0.16326244175434113
0.006388158071786165
0.32142651081085205
0.2998976707458496
0.4637141227722168
0.10172957926988602
0.032617565244436264
0.2099519968032837
0.265593558549881
0.7347732782363892
0.08210118860006332
0.2347843497991562
0.5044038891792297
0.8609141111373901
0.11367280781269073
0.11064061522483826
0.1867108941078186
0.7415313720703125
0.9098281264305115
0.47607338428497314
0.056111786514520645
0.22832182049751282
0.5777413845062256
0.6797347664833069
0.959965169429779
0.5971418619155884
0.6334209442138672
0.5152180790901184
0.5029937624931335
0.37132173776626587
0.31074678897857666
0.2157246321439743
0.8985442519187927
0.8283466100692749
0.5358415842056274
0.8978127837181091
0.6531089544296265
0.8571614623069763
0.5826863646507263
0.19954600930213928
0.9975437521934509
0.33991488814353943
0.9599794745445251
0.44269049167633057
0.5566597580909729
0.2555811405181885
0.010986804030835629
0.28142794966697693
0.8154916167259216
0.5559805035591125
0.8051224946975708
0.5137983560562134
0.16154834628105164
0.7181923389434814
0.5251672267913818
0.9834853410720825
0.5068789720535278
0.13620136678218842
0.12724651396274567
0.47870445251464844
0.4833027720451355
0.4565123915672302
0.12560683488845825
0.19217130541801453
0.48081424832344055
0.5697324275970459
0.019354434683918953
0.5270838737487793
0.8608835339546204
0.6847609281539917
0.6676011681556702
0.9559800028800964
0.08897682279348373
0.7629554271697998
0.009784936904907227
0.6627864837646484
0.5096738934516907
0.21099786460399628
0.8368582129478455
0.5667434930801392
0.4416874647140503
0.29352307319641113
0.2291155755519867
0.6461864709854126
0.06767530739307404
0.26993921399116516
0.10944856703281403
0.9206978678703308
0.8149135708808899
0.7247338891029358
0.3025728166103363
0.2829744219779968
0.7640309929847717
0.10056530684232712
0.6160232424736023
0.6887640953063965
0.647516667842865
0.5128994584083557
0.8091992735862732
0.7432225346565247
0.5128247737884521
0.6403107047080994
0.5905014872550964
0.932822048664093
0.544090211391449
0.5594400763511658
0.09018593281507492
0.7799633145332336
0.7834023237228394
0.4555521011352539
0.0910869911313057
0.852674126625061
0.5886260867118835
0.13617131114006042
0.08329769223928452
0.20717237889766693
0.39223527908325195
0.9193798899650574
0.6292081475257874
0.02740662358701229
0.19601105153560638
0.5107625126838684
0.8397786021232605
0.26889514923095703
0.021321943029761314
0.11365330219268799
0.22830918431282043
0.872469961643219
0.09943782538175583
0.9157921075820923
0.19918031990528107
0.288700133562088
0.6596309542655945
0.20860637724399567
0.3410498797893524
0.38964101672172546
0.23729610443115234
0.89466392993927
0.8120001554489136
0.8546667098999023
0.34878817200660706
0.3030167520046234
0.4533722996711731
0.8187936544418335
0.0027611185796558857
0.515375018119812
0.08188702166080475
0.5919188857078552
0.8310954570770264
0.3547101318836212
0.21126456558704376
0.31331703066825867
0.2549605965614319
0.748626172542572
0.552575945854187
0.9410496950149536
0.23152564465999603
0.6725279688835144
0.8236558437347412
0.9877404570579529
0.6452282071113586
0.29456689953804016
0.3180861175060272
0.11993508785963058
0.310919851064682
0.769818127155304
0.12291248887777328
0.7937572598457336
0.08306708186864853
0.2589555084705353
0.24607591331005096
0.610893726348877
0.4192349314689636
0.8751358985900879
0.12176340818405151
0.6902607679367065
0.0018893363885581493
0.017055299133062363
0.8756269216537476
0.7891497611999512
0.27786606550216675
0.6988997459411621
0.6343282461166382
0.9599946737289429
0.9844273924827576
0.3000927269458771
0.27900415658950806
0.5634508728981018
0.7463568449020386
0.5231255888938904
0.4247686564922333
0.8140369057655334
0.8043124079704285
0.16202987730503082
0.8750208020210266
0.505596399307251
0.06026184931397438
0.4179236888885498
0.46825116872787476
0.6403131484985352
0.8231636881828308
0.7399935722351074
0.3410326838493347
0.3454829454421997
0.8747723698616028
0.008882024325430393
0.2756332457065582
0.5508010983467102
0.16779600083827972
0.2610105276107788
0.12821902334690094
0.5647781491279602
0.5595090389251709
0.6429998278617859
0.5134714841842651
0.8517245650291443
0.08275065571069717
0.7587690353393555
0.19379368424415588
0.1310936063528061
0.4714711904525757
0.06505314260721207
0.021187297999858856
0.8037310838699341
0.9082169532775879
0.3718564808368683
0.702185332775116
0.9645278453826904
0.6778585910797119
0.8753653168678284
0.5066378712654114
0.8555832505226135
0.6021876335144043
0.6563615202903748
0.22399677336215973
0.8838715553283691
0.5326861143112183
0.5234867930412292
0.2017648071050644
0.568385124206543
0.0813845694065094
0.3269609808921814
0.8066061735153198
0.8073842525482178
0.5669921040534973
0.6229422688484192
0.4561949670314789
0.7722892165184021
0.46982890367507935
0.49919113516807556
0.26922932267189026
0.06670763343572617
0.41849058866500854
0.8913376331329346
0.6359472870826721
0.12134867906570435
0.918444037437439
0.5392859578132629
0.9770151972770691
0.9588251113891602
0.8127585053443909
0.2315385788679123
0.33956074714660645
0.9279698729515076
0.4374522864818573
0.6142610907554626
0.10219676047563553
0.7529192566871643
0.51160728931427
0.9582599997520447
0.9228248596191406
0.22568412125110626
0.14608609676361084
0.04175134748220444
0.5020666718482971
0.9778153300285339
0.21648739278316498
0.27677857875823975
0.5605692863464355
0.8692899942398071
0.9577938914299011
0.3603132963180542
0.78602135181427
0.6167826652526855
0.6570733189582825
0.333530455827713
0.9647200703620911
0.34682872891426086
0.7319170832633972
0.1318598836660385
0.2357829213142395
0.2086784690618515
0.39877572655677795
0.10175324976444244
0.7756306529045105
0.007891859859228134
0.298594206571579
0.5291014909744263
0.8284953832626343
0.059983402490615845
0.5639042854309082
0.7124769687652588
0.44760385155677795
0.41240641474723816
0.2941473424434662
0.6634147763252258
0.7435600757598877
0.25056731700897217
0.607643187046051
0.4470389187335968
0.6021425724029541
0.9976249933242798
0.7278205752372742
0.7952221035957336
0.9538690447807312
0.8978086709976196
0.2847502529621124
0.8899725079536438
0.8758536577224731
0.5599302649497986
0.11091222614049911
0.0625552386045456
0.6583702564239502
0.0038748623337596655
0.10901836305856705
0.9862351417541504
0.62428218126297
0.7710225582122803
0.661399781703949
0.17528103291988373
0.937047004699707
0.06403603404760361
0.32448673248291016
0.3241058588027954
0.05851783603429794
0.9654628038406372
0.16856442391872406
0.8561100959777832
0.9810701012611389
0.11369743943214417
0.7153099179267883
0.4781225919723511
0.22416125237941742
0.5240675806999207
0.9838560223579407
0.41193094849586487
0.9846450090408325
0.07163269817829132
0.24595503509044647
0.34286171197891235
0.15783990919589996
0.6418048739433289
0.39548105001449585
0.17364566028118134
0.4426264464855194
0.7476986050605774
0.5279929637908936
0.34845873713493347
0.235366553068161
0.6287304162979126
0.5088233351707458
0.09122122824192047
0.30169421434402466
0.5704408288002014
0.7057240009307861
0.2467348575592041
0.2886393964290619
0.2734082341194153
0.7447740435600281
0.7984051704406738
0.8951313495635986
0.34467923641204834
0.42171117663383484
0.337393581867218
0.043640147894620895
0.11254250258207321
0.21506062150001526
0.9431732296943665
0.6219359040260315
0.4378714859485626
0.6318788528442383
0.7933333516120911
0.4708015024662018
0.6540934443473816
0.17871610820293427
0.7531705498695374
0.6318364143371582
0.7081897854804993
0.3994525969028473
0.08039187639951706
0.556674599647522
0.898139238357544
0.5177648067474365
0.992954432964325
0.40141186118125916
0.44195258617401123
0.5886121392250061
0.5592814087867737
0.29029515385627747
0.45407745242118835
0.10437415540218353
0.05404987558722496
0.6440088152885437
0.9408321976661682
0.7783628702163696
0.9911293983459473
0.24214456975460052
0.7556333541870117
0.8461450934410095
0.07447921484708786
0.2063485085964203
0.32212042808532715
0.6907039284706116
0.2636275887489319
0.4370494782924652
0.3061186373233795
0.97092604637146
0.6460786461830139
0.054758526384830475
0.10536579042673111
0.5432724356651306
0.7171940207481384
0.5293759107589722
0.3762587904930115
0.9887306690216064
0.03733662888407707
0.9436801671981812
0.12795516848564148
0.4179201126098633
0.14058609306812286
0.42050185799598694
0.610874354839325
0.4779619872570038
0.867089569568634
0.49086788296699524
0.1333136260509491
0.0398830771446228
0.7593223452568054
0.6850011944770813
0.6552041172981262
0.8872570991516113
0.6517578959465027
0.3565537631511688
0.6517707109451294
0.7764824628829956
0.28983670473098755
0.17762818932533264
0.2339773178100586
0.7624742388725281
0.8316851258277893
0.5477010607719421
0.935393750667572
0.26980045437812805
0.7410313487052917
0.10056992620229721
0.8040770888328552
0.20404541492462158
0.03482922911643982
0.39315733313560486
0.2287045419216156
0.005026558414101601
0.2595982253551483
0.7328788638114929
0.045240506529808044
0.10423489660024643
0.6447024941444397
0.393052875995636
0.7998536825180054
0.5011584162712097
0.8049090504646301
0.011318131349980831
0.5488542914390564
0.3289731740951538
0.9036403894424438
0.472871869802475
0.4236137270927429
0.563755452632904
0.15555031597614288
0.8902477622032166
0.1307193636894226
0.7879088521003723
0.14144092798233032
0.3484216332435608
0.5552038550376892
0.9165429472923279
0.2834775447845459
0.5825241804122925
0.3244308829307556
0.662669837474823
0.09205637127161026
0.5794236660003662
0.42068353295326233
0.34168726205825806
0.4814395308494568
0.8290891051292419
0.7680802941322327
0.8452495336532593
0.6316786408424377
0.8631455898284912
0.0540340282022953
0.196083202958107
0.00582985021173954
0.6659412384033203
0.8590904474258423
0.2160361409187317
0.6322552561759949
0.21574324369430542
0.33586710691452026
0.20198369026184082
0.39615368843078613
0.6657964587211609
0.9767546057701111
0.08992887288331985
0.20762638747692108
0.09048231691122055
0.06816444545984268
0.04418778419494629
0.016140218824148178
0.2835409641265869
0.05138320475816727
0.8786869645118713
0.08840208500623703
0.8640235662460327
0.6535270810127258
0.31071290373802185
0.9847168326377869
0.04808442294597626
0.2665384113788605
0.23355664312839508
0.5450438261032104
0.9769948720932007
0.6061241030693054
0.69227534532547
0.9555073380470276
0.8147752285003662
0.3169073462486267
0.3702055513858795
0.6072922945022583
0.17936287820339203
0.7603417038917542
0.8552364110946655
0.9215718507766724
0.3336867690086365
0.18976221978664398
0.7799832224845886
0.05518424138426781
0.3114033341407776
0.099836066365242
0.2045830935239792
0.917643129825592
0.3449648916721344
0.9915091395378113
0.16146157681941986
0.43026548624038696
0.11120997369289398
0.6775904297828674
0.025851471349596977
0.7438029646873474
0.9181007146835327
0.8192606568336487
0.14403653144836426
0.07278032600879669
0.4328167140483856
0.45369869470596313
0.29739224910736084
0.9198076725006104
0.41798675060272217
0.11117678135633469
0.1914658099412918
0.4021282494068146
0.5842804908752441
0.11362459510564804
0.3537490665912628
0.5914032459259033
0.3949230909347534
0.2890538275241852
0.682404637336731
0.34585195779800415
0.3892778158187866
0.5771521925926208
0.689525842666626
0.3469212055206299
0.9862448573112488
0.7252288460731506
0.3711187243461609
0.19193196296691895
0.47216662764549255
0.2606280744075775
0.8273696899414062
0.7101314067840576
0.6733890175819397
0.8195692896842957
0.103786401450634
0.7542186379432678
0.3973154127597809
0.49036312103271484
0.8070521950721741
0.6800984740257263
0.7082640528678894
0.6137523651123047
0.6717865467071533
0.5464301109313965
0.6387948393821716
0.9559991359710693
0.0068632797338068485
0.06279219686985016
0.390744686126709
0.6139636039733887
0.4621242880821228
0.9754883646965027
0.2633879482746124
0.11176812648773193
0.5488161444664001
0.3070036470890045
0.7216327786445618
0.7297112941741943
0.4911353588104248
0.9734824299812317
0.281324565410614
0.23957273364067078
0.49454718828201294
0.28130021691322327
0.7829980254173279
0.5808663368225098
0.623878538608551
0.13614360988140106
0.9269257187843323
0.9895585179328918
0.6038581132888794
0.809803307056427
0.8184247612953186
0.8262640833854675
0.5266638994216919
0.8378706574440002
0.45987775921821594
0.15727169811725616
0.6853700280189514
0.6368439197540283
0.45067721605300903
0.14824837446212769
0.8232153654098511
0.777302622795105
0.2539893090724945
0.25617289543151855
0.6967338919639587
0.8457798957824707
0.346001535654068
0.3993549048900604
0.7016878128051758
0.021749019622802734
0.1992221176624298
0.09633046388626099
0.020795956254005432
0.6857553124427795
0.8434914946556091
0.642362117767334
0.6967771649360657
0.9363648891448975
0.9630190134048462
0.5893102884292603
0.8015993237495422
0.5764519572257996
0.6671795845031738
0.6520922780036926
0.8385394811630249
0.20350882411003113
0.9696349501609802
0.12718108296394348
0.8499671816825867
0.15055516362190247
0.680070161819458
0.5512630343437195
0.09210094064474106
0.8527385592460632
0.30343690514564514
0.42979133129119873
0.7908021807670593
0.9816393256187439
0.5444631576538086
0.24145613610744476
0.29345524311065674
0.9990313649177551
0.010132267139852047
0.39351990818977356
0.7759755253791809
0.48893609642982483
0.7526324987411499
0.786639392375946
0.38200443983078003
0.2622167468070984
0.01179721113294363
0.49872374534606934
0.3957490026950836
0.6634649038314819
0.029132138937711716
0.92148756980896
0.8522956371307373
0.8932446241378784
0.7673273086547852
0.1351822465658188
0.2677620053291321
0.9347580075263977
0.6983372569084167
0.44249609112739563
0.3675301671028137
0.8744210004806519
0.4422460198402405
0.2417537420988083
0.0712355524301529
0.6737213730812073
0.43281376361846924
0.2287714183330536
0.26776325702667236
0.3519635498523712
0.7861313819885254
0.1541503667831421
0.6299331784248352
0.5956802368164062
0.5751737952232361
0.6400213837623596
0.21776090562343597
0.7889483571052551
0.8419823050498962
0.07734981179237366
0.8089576959609985
0.8637450337409973
0.8973055481910706
0.34618547558784485
0.4194263815879822
0.45717504620552063
0.793377697467804
0.34535518288612366
0.9246460199356079
0.37341493368148804
0.10842207819223404
0.37229838967323303
0.8447095155715942
0.9767681360244751
0.19304800033569336
0.7083727121353149
0.6366187930107117
0.4331073760986328
0.8118240833282471
0.610306978225708
0.5426453351974487
0.3029392659664154
0.5880165696144104
0.7990795969963074
0.9043877124786377
0.3634343445301056
0.05951596796512604
0.801133930683136
0.12598875164985657
0.8765507340431213
0.7526022791862488
0.7480824589729309
0.9879281520843506
0.37109678983688354
0.9591933488845825
0.09715314209461212
0.6774885654449463
0.5392941832542419
0.9860860705375671
0.3929055333137512
0.6936201453208923
0.6770819425582886
0.02846374735236168
0.7764202356338501
0.4750479459762573
0.4034006893634796
0.012370203621685505
0.9709706902503967
0.7184165120124817
0.3480687439441681
0.9597118496894836
0.39168134331703186
0.6770187616348267
0.5798380970954895
0.9157821536064148
0.7388346195220947
0.24441173672676086
0.43635720014572144
0.7064781785011292
0.6981889605522156
0.28504854440689087
0.059858180582523346
0.2667233347892761
0.46526750922203064
0.7900795936584473
0.19911329448223114
0.6179699897766113
0.65678870677948
0.12916207313537598
0.3625657260417938
0.9147514700889587
0.1755990982055664
0.9546551704406738
0.06886270642280579
0.037922490388154984
0.27448970079421997
0.010961630381643772
0.6065795421600342
0.49400681257247925
0.4776822030544281
0.17218010127544403
0.42026588320732117
0.19850240647792816
0.8164806365966797
0.2634526789188385
0.4091939330101013
0.8121573328971863
0.7176720499992371
0.9477774500846863
0.6341797113418579
0.9401412606239319
0.5319143533706665
0.9921215772628784
0.18371273577213287
0.466891348361969
0.6603198051452637
0.2766234576702118
0.6696037650108337
0.5909094214439392
0.33639705181121826
0.3749282658100128
0.3850940763950348
0.919302761554718
0.8316004872322083
0.3348616659641266
0.9168998003005981
0.13522426784038544
0.7704135179519653
0.6986708641052246
0.21988391876220703
0.81451016664505
0.9235830307006836
0.9345977902412415
0.14322936534881592
0.8465786576271057
0.09030420333147049
0.9756715297698975
0.3240997791290283
0.9565070867538452
0.9383223056793213
0.885173499584198
0.185638889670372
0.8625892400741577
0.05115695297718048
0.8669469356536865
0.3957982361316681
0.7177796959877014
0.41402241587638855
0.631897509098053
0.2524217367172241
0.06934747099876404
0.052878089249134064
0.6406636238098145
0.15451020002365112
0.9026105999946594
0.5894429683685303
0.3790070712566376
0.75993812084198
0.8566705584526062
0.992843747138977
0.15481184422969818
0.34534120559692383
0.8737392425537109
0.71735680103302
0.7409804463386536
0.9529199600219727
0.5712395310401917
0.4864061176776886
0.5957117676734924
0.4606223404407501
0.3003368079662323
0.25935816764831543
0.47598695755004883
0.06286665797233582
0.5077577829360962
0.6015361547470093
0.44030216336250305
0.6802365779876709
0.9995219111442566
0.5750935673713684
0.3287568986415863
0.8087629079818726
0.4847358465194702
0.681080162525177
0.7153205871582031
0.8073717951774597
0.9539704918861389
0.3252871632575989
0.34754234552383423
0.2530325651168823
0.3549644947052002
0.36307868361473083
0.9144406914710999
0.02313576638698578
0.05925002321600914
0.1524977833032608
0.905798077583313
0.5554994344711304
0.5996542572975159
0.9374653697013855
0.7018707990646362
0.9334455132484436
0.31558525562286377
0.5510527491569519
0.27835264801979065
0.25876736640930176
0.9752129316329956
0.23548085987567902
0.5364909768104553
0.25661730766296387
0.7062253952026367
0.9201589226722717
0.16174109280109406
0.5257363319396973
0.8474953174591064
0.001903926837258041
0.09088826179504395
0.3428967595100403
0.40983259677886963
0.8310639262199402
0.8044719099998474
0.6614285707473755
0.08664853125810623
0.07710181921720505
0.102535180747509
0.3256165683269501
0.806206464767456
0.29691341519355774
0.12006822228431702
0.27649450302124023
0.00032617780379951
0.9485077261924744
0.785578191280365
0.20134858787059784
0.724552571773529
0.06577199697494507
0.34845447540283203
0.016887811943888664
0.15644456446170807
0.3264704942703247
0.8522397875785828
0.7293000221252441
0.43378424644470215
0.6076322793960571
0.4867677688598633
0.7845800518989563
0.2205178588628769
0.8316748142242432
0.7247283458709717
0.5027135610580444
0.6984025835990906
0.3443619906902313
0.08044067025184631
0.4493393003940582
0.5120949745178223
0.22099682688713074
0.43437105417251587
0.4504275619983673
0.8938513398170471
0.43887433409690857
0.17546814680099487
0.4218127727508545
0.557981014251709
0.965067982673645
0.7389695048332214
0.027719086036086082
0.6715287566184998
0.7055810689926147
0.8230988383293152
0.09938115626573563
0.1695614904165268
0.34413859248161316
0.9411628842353821
0.7032976746559143
0.8985992074012756
0.3314051926136017
0.7270414233207703
0.9606457352638245
0.8194950819015503
0.5096976161003113
0.5385800004005432
0.6078178882598877
0.35897892713546753
0.06856241077184677
0.6947881579399109
0.8913401365280151
0.8484532237052917
0.5465495586395264
0.4966185390949249
0.09948977828025818
0.25407829880714417
0.7578492760658264
0.5925235152244568
0.5676158666610718
0.7716968655586243
0.37125998735427856
0.6297903060913086
0.9204990267753601
0.20832635462284088
0.8920255899429321
0.9147121906280518
0.21843469142913818
0.2814558148384094
0.5657716393470764
0.26881346106529236
0.06260514259338379
0.33286812901496887
0.09111101925373077
0.6305321455001831
0.4731634557247162
0.5634345412254333
0.33974218368530273
0.7993072867393494
0.7398011684417725
0.8134368062019348
0.809828519821167
0.6723664999008179
0.9721190333366394
0.6024545431137085
0.9531418085098267
0.9166575074195862
0.8097937107086182
0.42572134733200073
0.04347386956214905
0.9775832891464233
0.7957710027694702
0.49475806951522827
0.5524368286132812
0.8375394344329834
0.14829906821250916
0.39909687638282776
0.6251013278961182
0.6288686394691467
0.7041425704956055
0.53554368019104
0.5762370228767395
0.6357213854789734
0.5280612111091614
0.783856213092804
0.8872554302215576
0.2947443723678589
0.06464184075593948
0.5844466686248779
0.44841381907463074
0.7704291939735413
0.30570152401924133
0.5833886861801147
0.43695390224456787
0.915881335735321
0.8982495069503784
0.7289234399795532
0.9067329168319702
0.9234864711761475
0.9913371801376343
0.7480424642562866
0.5816298723220825
0.18442298471927643
0.2293100208044052
0.6523345112800598
0.9064981341362
0.2969621419906616
0.8885309100151062
0.9680875539779663
0.2667749524116516
0.875669538974762
0.784359335899353
0.10259838402271271
0.10324607789516449
0.34269359707832336
0.9613123536109924
0.7360069155693054
0.19035634398460388
0.7024461627006531
0.9412714242935181
0.6233131885528564
0.6404880285263062
0.09265904873609543
0.25472527742385864
0.12351327389478683
0.5704320669174194
0.10627689957618713
0.39704328775405884
0.5482032895088196
0.4732692837715149
0.14248952269554138
0.24053043127059937
0.6676240563392639
0.939775288105011
0.4811047613620758
0.5933169722557068
0.984326183795929
0.9572667479515076
0.19705012440681458
0.011604401282966137
0.3368425667285919
0.48496919870376587
0.742123007774353
0.8095709085464478
0.09198632836341858
0.7979161739349365
0.014850120060145855
0.08332088589668274
0.8078415393829346
0.4655187427997589
0.8556402325630188
0.41069161891937256
0.10747302323579788
0.5912262797355652
0.9943894743919373
0.6634402871131897
0.8922824859619141
0.4805302917957306
0.318205326795578
0.18903879821300507
0.15890803933143616
0.18039216101169586
0.033586762845516205
0.7486475110054016
0.8078938126564026
0.223191037774086
0.9897654056549072
0.6693257093429565
0.07947500050067902
0.45407623052597046
0.4714481234550476
0.8649750351905823
0.24607349932193756
0.48439112305641174
0.5177871584892273
0.07878932356834412
0.8066340684890747
0.5390557646751404
0.04999499395489693
0.32684525847435
0.6799272894859314
0.5789737105369568
0.8721966743469238
0.8254449367523193
0.2997148334980011
0.0966883972287178
0.24164749681949615
0.3480965495109558
0.6820645928382874
0.9033681154251099
0.9570135474205017
0.026970690116286278
0.9231097102165222
0.9348477721214294
0.6985670924186707
0.7193333506584167
0.45890092849731445
0.06713606417179108
0.26355624198913574
0.19939838349819183
0.5453190207481384
0.5398945808410645
0.4834904372692108
0.8004051446914673
0.17177076637744904
0.2817018926143646
0.47967323660850525
0.6898168921470642
0.8285029530525208
0.44813287258148193
0.6171097159385681
0.7248810529708862
0.6064478158950806
0.763479471206665
0.03171409294009209
0.4126890003681183
0.782994270324707
0.29396677017211914
0.852970540523529
0.6797287464141846
0.3355563282966614
0.01895010843873024
0.0389210470020771
0.1589626967906952
0.8521522283554077
0.018967151641845703
0.9290510416030884
0.9600359797477722
0.22122561931610107
0.6930716633796692
0.4851740896701813
0.05737090855836868
0.5666584968566895
0.8003348708152771
0.3855825662612915
0.3680199086666107
0.6619299650192261
0.4075319766998291
0.08559568971395493
0.3118971586227417
0.5475882887840271
0.20669668912887573
0.30239391326904297
0.9041672348976135
0.3308982849121094
0.8922816514968872
0.9708240628242493
0.9645566344261169
0.6060090065002441
0.27856045961380005
0.05071407929062843
0.12324067205190659
0.9385144114494324
0.0024148335214704275
0.7727280855178833
0.4135392904281616
0.018183322623372078
0.7545698285102844
0.1869545578956604
0.492208868265152
0.2952660024166107
0.49974551796913147
0.06952111423015594
0.7310002446174622
0.5811437964439392
0.20815207064151764
0.6049365401268005
0.45721641182899475
0.7995285987854004
0.06252872943878174
0.8036097884178162
0.25120896100997925
0.2536342144012451
0.6041123270988464
0.3658457398414612
0.3291913866996765
0.18573376536369324
0.8649736046791077
0.09120692312717438
0.12323006987571716
0.6634451746940613
0.4439205825328827
0.9879512190818787
0.6198358535766602
0.276180237531662
0.4640747606754303
0.6103072166442871
0.747848629951477
0.8490965366363525
0.8604252338409424
0.25191035866737366
0.9987204670906067
0.7519594430923462
0.7016722559928894
0.06152448058128357
0.2467973381280899
0.5790379047393799
0.3431457579135895
0.28402402997016907
0.9588297605514526
0.770408034324646
0.8872387409210205
0.05427316576242447
0.04965711757540703
0.9857963919639587
0.3988617956638336
0.4431600570678711
0.7257974743843079
0.8024538159370422
0.630370557308197
0.18505628407001495
0.6890630125999451
0.9954853057861328
0.8019499778747559
0.5017794966697693
0.5095024704933167
0.5577685236930847
0.032963138073682785
0.8649806976318359
0.34934958815574646
0.03389425575733185
0.6742264032363892
0.6242793202400208
0.8441235423088074
0.275029718875885
0.8002510070800781
0.6196365356445312
0.6629436016082764
0.11521629244089127
0.530136227607727
0.4375338852405548
0.9838393330574036
0.9669557213783264
0.050903912633657455
0.5048912167549133
0.7623487114906311
0.4765000343322754
0.8069568872451782
0.4663800299167633
0.0774427130818367
0.6462061405181885
0.9627269506454468
0.42122212052345276
0.6006022095680237
0.008497589267790318
0.5059071779251099
0.5616981387138367
0.9330989718437195
0.6321357488632202
0.03766757622361183
0.8904736638069153
0.15931297838687897
0.18772442638874054
0.6288157105445862
0.13070468604564667
0.15090930461883545
0.5557178854942322
0.09582249075174332
0.8289539813995361
0.9346115589141846
0.8874936103820801
0.6159927845001221
0.9719674587249756
0.1176426038146019
0.1623302400112152
0.8668654561042786
0.0036465830635279417
0.5907334089279175
0.4998054802417755
0.3769780397415161
0.7830232977867126
0.4099990725517273
0.702377200126648
0.45473310351371765
0.028943924233317375
0.467352032661438
0.36779695749282837
0.4422423839569092
0.07432400435209274
0.23211447894573212
0.1545555591583252
0.21235312521457672
0.03483971580862999
0.20838898420333862
0.5061841607093811
0.3910179138183594
0.7963322997093201
0.8398958444595337
0.11893416196107864
0.5762333869934082
0.2681162357330322
0.24747425317764282
0.6046832799911499
0.34932276606559753
0.17388848960399628
0.5887324213981628
0.9410794973373413
0.9159801602363586
0.013726362958550453
0.9099406599998474
0.5384219288825989
0.5026201009750366
0.013441945426166058
0.5417578816413879
0.39998388290405273
0.2876438498497009
0.5557950735092163
0.3359156548976898
0.7899141907691956
0.7586007714271545
0.39174702763557434
0.7134959697723389
0.510217547416687
0.03305860236287117
0.33871790766716003
0.6489552855491638
0.2879815101623535
0.693550169467926
0.12318194657564163
0.22635406255722046
0.9546309113502502
0.06455716490745544
0.24745063483715057
0.7449696063995361
0.7429946660995483
0.8927677273750305
0.6826765537261963
0.17165067791938782
0.9695674777030945
0.1667904406785965
0.8787882924079895
0.5806043744087219
0.5386621356010437
0.8483506441116333
0.6307475566864014
0.09756794571876526
0.6878033876419067
0.13284102082252502
0.9936567544937134
0.5782278776168823
0.7599236369132996
0.9076625108718872
0.9090213775634766
0.8645379543304443
0.7817783355712891
0.0384572334587574
0.04191471263766289
0.015066003426909447
0.6519933342933655
0.3225253224372864
0.676568865776062
0.23850053548812866
0.7315942049026489
0.04013838618993759
0.9086353182792664
0.9176558256149292
0.7287370562553406
0.4127108156681061
0.20938901603221893
0.3748179078102112
0.2308644950389862
0.8320828080177307
0.398439884185791
0.7629239559173584
0.12983663380146027
0.8804855942726135
0.7181121706962585
0.5580406785011292
0.09251494705677032
0.7042205333709717
0.9183964133262634
0.5821276307106018
0.28215569257736206
0.10037638992071152
0.592564582824707
0.36696669459342957
0.6015565395355225
0.10961604118347168
0.5043095946311951
0.4130498766899109
0.6148415803909302
0.33202221989631653
0.7333603501319885
0.2891410291194916
0.32934245467185974
0.230363667011261
0.6705798506736755
0.6395527720451355
0.5253939628601074
0.13521654903888702
0.7294696569442749
0.37159428000450134
0.47263720631599426
0.19996148347854614
0.22233307361602783
0.6055058240890503
0.2137240767478943
0.17373664677143097
0.4196084141731262
0.5703354477882385
0.753999650478363
0.8617008328437805
0.30885717272758484
0.44270527362823486
0.20798040926456451
0.5264086723327637
0.5903528332710266
0.276044100522995
0.8792700171470642
0.4190443754196167
0.24720913171768188
0.707033097743988
0.4989528954029083
0.5084958672523499
0.10887956619262695
0.35340821743011475
0.16773240268230438
0.10351740568876266
0.3710942268371582
0.307012677192688
0.12447761744260788
0.33140143752098083
0.3609316945075989
0.5480698347091675
0.2916628122329712
0.30904945731163025
0.36990073323249817
0.814453661441803
0.4644148349761963
0.39739441871643066
0.11623471230268478
0.08464749157428741
0.9514703750610352
0.17338739335536957
0.5856136679649353
0.3692960739135742
0.7833778262138367
0.5801545977592468
0.6171073317527771
0.3354323208332062
0.7198008298873901
0.4701405465602875
0.49101749062538147
0.07939857244491577
0.44143232703208923
0.8442835211753845
0.6459068655967712
0.049871984869241714
0.4927438795566559
0.5704364776611328
0.15066833794116974
0.31670063734054565
0.31748443841934204
0.8860805630683899
0.8291784524917603
0.23273436725139618
0.12375698238611221
0.3857153356075287
0.009483196772634983
0.4318065345287323
0.5497213006019592
0.8591424822807312
0.5451160073280334
0.27445870637893677
0.06520487368106842
0.2699957489967346
0.8734156489372253
0.3958355784416199
0.2631787061691284
0.5687846541404724
0.634981095790863
0.9317757487297058
0.5089195370674133
0.7257192730903625
0.2779172658920288
0.7164393663406372
0.5709665417671204
0.8906697630882263
0.16193577647209167
0.8933625221252441
0.07367563992738724
0.43513771891593933
0.0555790513753891
0.8864559531211853
0.11499536037445068
0.6756126880645752
0.8812756538391113
0.18745344877243042
0.38249069452285767
0.058077871799468994
0.20819146931171417
0.8066397905349731
0.2972865700721741
0.9049805998802185
0.8432444930076599
0.49576544761657715
0.6924178600311279
0.20180246233940125
0.026111043989658356
0.10532733798027039
0.034792520105838776
0.05904268100857735
0.7367231249809265
0.18191611766815186
0.9491538405418396
0.5033894777297974
0.8290153741836548
0.7134000658988953
0.5619452595710754
0.05755395442247391
0.8430166244506836
0.8953955769538879
0.7249939441680908
0.6645082235336304
0.23572534322738647
0.23295040428638458
0.9571854472160339
0.1866304874420166
0.38076314330101013
0.6988134384155273
0.23701009154319763
0.0855696052312851
0.3287718594074249
0.8873458504676819
0.28508058190345764
0.48106861114501953
0.18906226754188538
0.8927568793296814
0.44511592388153076
0.7802201509475708
0.6302967667579651
0.7674753665924072
0.19789396226406097
0.0872315913438797
0.6439911723136902
0.5757055282592773
0.33058255910873413
0.6095747351646423
0.9714018702507019
0.504554808139801
0.5093173980712891
0.42448151111602783
0.0451500378549099
0.9408735632896423
0.19406498968601227
0.705514132976532
0.2809157073497772
0.6984190940856934
0.9981219172477722
0.38165032863616943
0.733593225479126
0.41651451587677
0.707664430141449
0.7808271050453186
0.39006203413009644
0.26699182391166687
0.770955502986908
0.955467939376831
0.36144110560417175
0.6879243850708008
0.31926417350769043
0.49837520718574524
0.30328693985939026
0.3587797284126282
0.15608762204647064
0.9893571138381958
0.0647975280880928
0.3587794899940491
0.9657018184661865
0.33972129225730896
0.5373358726501465
0.13092999160289764
0.1209641695022583
0.5377084612846375
0.8093070387840271
0.15654325485229492
0.38045555353164673
0.1739356368780136
0.8203967213630676
0.6192758083343506
0.4172934889793396
0.16673949360847473
0.21201783418655396
0.6739140152931213
0.40270256996154785
0.16475233435630798
0.39201369881629944
0.9895804524421692
0.9020307660102844
0.9521938562393188
0.5194462537765503
0.517189085483551
0.5926017761230469
0.8707582354545593
0.9547407627105713
0.2436147928237915
0.7121902108192444
0.6902896165847778
0.4749666154384613
0.3776024878025055
0.9797108173370361
0.9154324531555176
0.884781002998352
0.16142816841602325
0.5598510503768921
0.610675036907196
0.3479689359664917
0.8588913679122925
0.1412326693534851
0.008624059148132801
0.34115874767303467
0.11046961694955826
0.9339563846588135
0.6317812204360962
0.8861191272735596
0.9529778361320496
0.7175452709197998
0.9341605305671692
0.7577995657920837
0.13131079077720642
0.6561046838760376
0.6900327801704407
0.9738696813583374
0.6391963362693787
0.9948611259460449
0.359611839056015
0.4075465202331543
0.3153354823589325
0.2705927789211273
0.570927083492279
0.5096520781517029
0.4210444688796997
0.45920494198799133
0.706295907497406
0.5029343962669373
0.3707655072212219
0.9240851998329163
0.4460143446922302
0.2780582308769226
0.9611514210700989
0.4615541696548462
0.5608728528022766
0.719348132610321
0.4375998079776764
0.23441144824028015
0.23955245316028595
0.8136446475982666
0.5171898603439331
0.6848677396774292
0.6413459181785583
0.6726213097572327
0.3896845579147339
0.5525749325752258
0.5164765119552612
0.9144641160964966
0.4485149681568146
0.23891262710094452
0.9781505465507507
0.3393334746360779
0.42826294898986816
0.3404081165790558
0.04624168574810028
0.08973337709903717
0.12776866555213928
0.6914771795272827
0.9305425882339478
0.6032892465591431
0.2148846983909607
0.7154161930084229
0.6639199256896973
0.5394945740699768
0.8280719518661499
0.5334887504577637
0.20817571878433228
0.527633786201477
0.7367399334907532
0.5151845812797546
0.7169012427330017
0.2670622766017914
0.9492523074150085
0.3734765350818634
0.4106075167655945
0.5300199389457703
0.8255987763404846
0.5454146265983582
0.08958228677511215
0.7651499509811401
0.5095846652984619
0.7492343783378601
0.12534452974796295
0.8109565377235413
0.5469550490379333
0.7182159423828125
0.0011386564001441002
0.151783749461174
0.3245452046394348
0.06279385834932327
0.3860712945461273
0.7700387239456177
0.149433895945549
0.755860447883606
0.46871984004974365
0.2991718053817749
0.8836185336112976
0.2413545697927475
0.4258342981338501
0.06463999301195145
0.133169487118721
0.4196067750453949
0.9732194542884827
0.2358478307723999
0.37484967708587646
0.05166374146938324
0.8254745602607727
0.5128213167190552
0.950857400894165
0.21201802790164948
0.4958038628101349
0.5482143759727478
0.4883010685443878
0.289033979177475
0.4934987723827362
0.7126069068908691
0.30208107829093933
0.24439822137355804
0.8919446468353271
0.21392139792442322
0.5852118134498596
0.9768680930137634
0.895671010017395
0.8547017574310303
0.5563638806343079
0.8868272304534912
0.08043745160102844
0.6587792038917542
0.8102466464042664
0.7940837740898132
0.49365079402923584
0.06739719212055206
0.027927115559577942
0.4472716748714447
0.6731595396995544
0.5748245716094971
0.6192012429237366
0.5116173624992371
0.15461967885494232
0.6726579666137695
0.9592538475990295
0.9123525023460388
0.6741481423377991
0.15864014625549316
0.8032119870185852
0.3258249759674072
0.6204001903533936
0.4914151728153229
0.2489987015724182
0.5334193110466003
0.4599083662033081
0.32602426409721375
0.009224063716828823
0.22951285541057587
0.441948801279068
0.7597814202308655
0.6519907712936401
0.7790544033050537
0.9647391438484192
0.7614902257919312
0.7891868948936462
0.8862954378128052
0.8520501852035522
0.44461315870285034
0.32864466309547424
0.5941671133041382
0.36887311935424805
0.2663259506225586
0.6650374531745911
0.1610163152217865
0.2056320607662201
0.2377190887928009
0.6986337900161743
0.6705280542373657
0.016123797744512558
0.04730231314897537
0.1025720164179802
0.644097626209259
0.7404068112373352
0.6415059566497803
0.9548202753067017
0.9510408043861389
0.845117449760437
0.011152034625411034
0.2671336829662323
0.3786773681640625
0.3340281844139099
0.32279595732688904
0.3145992159843445
0.86492919921875
0.8869468569755554
0.40520304441452026
0.5118176937103271
0.4830106496810913
0.18453694880008698
0.28540897369384766
0.3919675350189209
0.08213482052087784
0.7447075843811035
0.6361994743347168
0.22192102670669556
0.7219228148460388
0.29407238960266113
0.34615328907966614
0.17070771753787994
0.3330194652080536
0.36021196842193604
0.7613850831985474
0.09931255131959915
0.5555899143218994
0.5059525966644287
0.7413023710250854
0.25675973296165466
0.3492608964443207
0.9757209420204163
0.7921707630157471
0.2972961366176605
0.056646279990673065
0.28075170516967773
0.07782892882823944
0.45264574885368347
0.188881978392601
0.9557967782020569
0.38521334528923035
0.5989621877670288
0.4866556227207184
0.5403429865837097
0.4136331379413605
0.3655250072479248
0.4391147196292877
0.8558391332626343
0.9520103335380554
0.673660933971405
0.8103792071342468
0.34950074553489685
0.187860906124115
0.10761148482561111
0.7427678108215332
0.8607698678970337
0.542117178440094
0.2597619593143463
0.7290785908699036
0.49246686697006226
0.9287036061286926
0.3426209092140198
0.008365916088223457
0.5726622939109802
0.226432204246521
0.5496680736541748
0.556471049785614
0.5440992116928101
0.2696051299571991
0.6434728503227234
0.823245644569397
0.4421061873435974
0.8481341600418091
0.19913250207901
0.8992869853973389
0.30133289098739624
0.3548898696899414
0.21545027196407318
0.12902624905109406
0.41349056363105774
0.022827735170722008
0.1079680398106575
0.3999089300632477
0.8002798557281494
0.979083776473999
0.2182561159133911
0.8265314698219299
0.5029180645942688
0.42563530802726746
0.07857713848352432
0.281099796295166
0.6784202456474304
0.5374245643615723
0.16872182488441467
0.5447914004325867
0.06598131358623505
0.39237648248672485
0.7855530381202698
0.08425316214561462
0.134792760014534
0.3353252410888672
0.6447047591209412
0.2697780430316925
0.9001848697662354
0.7607272863388062
0.8680382966995239
0.10020656883716583
0.03820369765162468
0.42832326889038086
0.6814755797386169
0.5326234102249146
0.43348538875579834
0.9162842035293579
0.34109607338905334
0.7631837725639343
0.722504734992981
0.48464691638946533
0.5513303279876709
0.20268814265727997
0.8923549056053162
0.2602238357067108
0.5520318746566772
0.9561921954154968
0.1941913515329361
0.10078603029251099
0.1248869001865387
0.6330572962760925
0.6484708786010742
0.3307235538959503
0.42606881260871887
0.9354227185249329
0.5239608883857727
0.8872057795524597
0.6414164304733276
0.3487814664840698
0.4207896590232849
0.3853670656681061
0.32360178232192993
0.6806920766830444
0.4971294701099396
0.2551916241645813
0.9844290018081665
0.3946835398674011
0.9286856651306152
0.7690107822418213
0.9948544502258301
0.7806017398834229
0.06055556982755661
0.24259786307811737
0.3886184096336365
0.2417909950017929
0.6554508209228516
0.9910913705825806
0.5087460875511169
0.1635446548461914
0.22318364679813385
0.2838497459888458
0.15035386383533478
0.40744662284851074
0.037188559770584106
0.468299925327301
0.850441038608551
0.9004584550857544
0.42098361253738403
0.16366271674633026
0.9867436289787292
0.8061016201972961
0.6115352511405945
0.21897676587104797
0.8651277422904968
0.4843868613243103
0.006280671805143356
0.7820483446121216
0.42958253622055054
0.5999994277954102
0.9466322064399719
0.9830567240715027
0.40226128697395325
0.9266628623008728
0.07219838351011276
0.8319841623306274
0.9284650087356567
0.19282791018486023
0.0487411692738533
0.7082411646842957
0.8815965056419373
0.8499897122383118
0.44847753643989563
0.39227572083473206
0.6196582913398743
0.8814975023269653
0.27041828632354736
0.08935558795928955
0.09928110986948013
0.08869942277669907
0.17567875981330872
0.9741694927215576
0.06875944882631302
0.0228242389857769
0.2909250259399414
0.9891580939292908
0.921893835067749
0.17358815670013428
0.8030357956886292
0.3980574607849121
0.3043944835662842
0.5167825222015381
0.318910151720047
0.6260703206062317
0.9518805742263794
0.40966150164604187
0.9790506958961487
0.03704943507909775
0.5681737065315247
0.9008318185806274
0.020126866176724434
0.5313128232955933
0.3542051315307617
0.2397218495607376
0.805246114730835
0.3924694061279297
0.5605676770210266
0.25953856110572815
0.2629551291465759
0.22076089680194855
0.4397121071815491
0.4927947521209717
0.24137671291828156
0.034155040979385376
0.7571001648902893
0.8370466828346252
0.8379409909248352
0.9091341495513916
0.5718034505844116
0.30165132880210876
0.10070820897817612
0.3369330167770386
0.8824965953826904
0.13224419951438904
0.902459442615509
0.5377480387687683
0.8741041421890259
0.1587357521057129
0.8820909857749939
0.8816386461257935
0.8883664608001709
0.07018750160932541
0.8722874522209167
0.07733093947172165
0.9102235436439514
0.3693559765815735
0.738309383392334
0.8570938110351562
0.34032323956489563
0.9137892723083496
0.7822848558425903
0.5894797444343567
0.11435023695230484
0.6224260330200195
0.07026774436235428
0.2870941162109375
0.23204989731311798
0.10190438479185104
0.018549075350165367
0.02393905073404312
0.824654221534729
0.30453038215637207
0.43922653794288635
0.7389309406280518
0.0778057798743248
0.3679904043674469
0.24231207370758057
0.39789119362831116
0.5482689142227173
0.8073159456253052
0.3296353816986084
0.353255957365036
0.0870598554611206
0.32250210642814636
0.507785439491272
0.8546981811523438
0.27627289295196533
0.7673899531364441
0.28851452469825745
0.6144015192985535
0.4273090064525604
0.12335135042667389
0.26518380641937256
0.38314250111579895
0.7499913573265076
0.6619657278060913
0.8697001934051514
0.44325724244117737
0.6709404587745667
0.9726765155792236
0.09171462059020996
0.913229763507843
0.0658833310008049
0.41815540194511414
0.8617071509361267
0.5713454484939575
0.10032771527767181
0.7547351121902466
0.952150821685791
0.9031928181648254
0.9434362053871155
0.06522557884454727
0.18565061688423157
0.8530247211456299
0.792228639125824
0.9592218995094299
0.20584331452846527
0.766749382019043
0.8089517951011658
0.2437792867422104
0.13863326609134674
0.08666762709617615
0.7100417017936707
0.8163770437240601
0.11618625372648239
0.678146243095398
0.7127422094345093
0.9348121285438538
0.4359009861946106
0.43822938203811646
0.9192215800285339
0.45964089035987854
0.22601231932640076
0.4014986455440521
0.8566743731498718
0.7366811633110046
0.5223531126976013
0.7028993964195251
0.07432534545660019
0.7014325857162476
0.13176798820495605
0.10847040265798569
0.7175620198249817
0.6775972247123718
0.19737328588962555
0.5147653818130493
0.009253065101802349
0.9480714201927185
0.009595966897904873
0.27009904384613037
0.7197583317756653
0.3150367736816406
0.16404388844966888
0.1084037646651268
0.8718116879463196
0.0703091025352478
0.4075690805912018
0.3986292779445648
0.22173306345939636
0.6938862204551697
0.8166281580924988
0.3364274799823761
0.006031232886016369
0.0863516703248024
0.5540723204612732
0.04208526015281677
0.4707423150539398
0.2545466423034668
0.07426975667476654
0.9425519108772278
0.6678435206413269
0.4557163715362549
0.6866613030433655
0.42370977997779846
0.002236173255369067
0.20555180311203003
0.032353270798921585
0.5183728933334351
0.5055019855499268
0.848728358745575
0.2398771494626999
0.14212438464164734
0.8048000335693359
0.8831955194473267
0.2672312557697296
0.9097264409065247
0.7846966981887817
0.9631029963493347
0.9175997376441956
0.8050522804260254
0.9458024501800537
0.8707167506217957
0.3662032186985016
0.3465840816497803
0.030236752703785896
0.15025901794433594
0.06867378950119019
0.9591576457023621
0.21233749389648438
0.03474512696266174
0.9130586981773376
0.5952758193016052
0.24601027369499207
0.5086591839790344
0.09884532541036606
0.23620033264160156
0.9254637360572815
0.9284069538116455
0.3572729527950287
0.9196537733078003
0.9726747274398804
0.2945728003978729
0.955299437046051
0.5623868703842163
0.800631046295166
0.27361515164375305
0.4273711144924164
0.09049919992685318
0.8497734069824219
0.6755943298339844
0.8790359497070312
0.6768116354942322
0.30723264813423157
0.1818445473909378
0.7946286797523499
0.4356803297996521
0.69988614320755
0.2747977375984192
0.549293041229248
0.4134504795074463
0.5254983305931091
0.826865553855896
0.6179847121238708
0.011412539519369602
0.01592729240655899
0.4950805902481079
0.5805809497833252
0.642839789390564
0.51551353931427
0.41125407814979553
0.9183288812637329
0.8646768927574158
0.8990533351898193
0.6431251168251038
0.21332739293575287
0.5642049908638
0.12093697488307953
0.0700446367263794
0.47359418869018555
0.598533570766449
0.27010834217071533
0.1088949516415596
0.9500418901443481
0.7372143864631653
0.1948791742324829
0.46051904559135437
0.11511750519275665
0.9411076307296753
0.5366224050521851
0.5579438209533691
0.735090970993042
0.5589998960494995
0.051880981773138046
0.3084196448326111
0.6999596357345581
0.060840994119644165
0.7009742856025696
0.7249667048454285
0.03891846165060997
0.14448295533657074
0.45558789372444153
0.6245101094245911
0.17398694157600403
0.3418576121330261
0.9447436928749084
0.3313333988189697
0.3101588487625122
0.029325220733880997
0.48404133319854736
0.9401456117630005
0.2572307884693146
0.2759411931037903
0.9312419891357422
0.28166133165359497
0.02599547803401947
0.21988247334957123
0.5571655631065369
0.6313518285751343
0.6890439391136169
0.7126892805099487
0.19171883165836334
0.12445732206106186
0.948167622089386
0.07043878734111786
0.08643102645874023
0.17900530993938446
0.1049489825963974
0.5318028926849365
0.9777372479438782
0.9364455342292786
0.06898480653762817
0.6779415607452393
0.4231245815753937
0.9815804958343506
0.35919561982154846
0.8620565533638
0.5418858528137207
0.515411376953125
0.3435157537460327
0.6072391867637634
0.015595274977385998
0.6319043040275574
0.37035295367240906
0.4638441503047943
0.3641047775745392
0.9352031946182251
0.5907888412475586
0.12397840619087219
0.9244439601898193
0.274295836687088
0.1012386828660965
0.30672046542167664
0.03078829124569893
0.4623120427131653
0.5808687806129456
0.22458234429359436
0.2923576235771179
0.853164792060852
0.39842522144317627
0.34825605154037476
0.035379283130168915
0.6258739233016968
0.7409542798995972
0.3112180829048157
0.7911966443061829
0.0010550640290603042
0.33545422554016113
0.18179360032081604
0.8857125639915466
0.29831796884536743
0.65206378698349
0.7821328639984131
0.7142755389213562
0.4777226150035858
0.34413453936576843
0.9571763277053833
0.13551251590251923
0.8274483680725098
0.06730719655752182
0.6504923105239868
0.4466422200202942
0.5412915945053101
0.39101576805114746
0.9461975693702698
0.903632640838623
0.9888876080513
0.1743592470884323
0.43472594022750854
0.25210458040237427
0.594465434551239
0.3178301751613617
0.7562609910964966
0.42134615778923035
0.81554114818573
0.831413209438324
0.7888274192810059
0.5871545076370239
0.34999918937683105
0.5076006650924683
0.680428147315979
0.4145219027996063
0.39050528407096863
0.5132032632827759
0.06945744156837463
0.17420172691345215
0.13149230182170868
0.5678202509880066
0.03215951472520828
0.5451357364654541
0.18491831421852112
0.49392059445381165
0.7112271189689636
0.986146867275238
0.41310739517211914
0.09877747297286987
0.03616361692547798
0.7870874404907227
0.023381128907203674
0.7030692100524902
0.75682532787323
0.43401119112968445
0.03124743513762951
0.9845848083496094
0.6290916204452515
0.7541943788528442
0.6179481744766235
0.15184654295444489
0.8903912901878357
0.5113329887390137
0.04652145504951477
0.5517241954803467
0.9966660141944885
0.19315537810325623
0.2557228207588196
0.8175404667854309
0.41981208324432373
0.7666155695915222
0.5335070490837097
0.3334325850009918
0.46421149373054504
0.7765726447105408
0.9774157404899597
0.42509594559669495
0.7990912795066833
0.5635878443717957
0.05496830865740776
0.8407836556434631
0.24358585476875305
0.8581858277320862
0.27280333638191223
0.5080763101577759
0.7927407622337341
0.3729269206523895
0.19340986013412476
0.4529018700122833
0.9722010493278503
0.7848948240280151
0.37834030389785767
0.33909720182418823
0.8555477857589722
0.4507412016391754
0.4716271460056305
0.1623198688030243
0.7898662686347961
0.5375289916992188
0.5214898586273193
0.48679038882255554
0.935075044631958
0.1827642172574997
0.6517971158027649
0.9674490094184875
0.02501683495938778
0.1095484048128128
0.712216317653656
0.06138690561056137
0.04378256946802139
0.09737041592597961
0.6279734969139099
0.7498743534088135
0.7896889448165894
0.5084842443466187
0.019348565489053726
0.13269157707691193
0.594750165939331
0.3774896264076233
0.6153810620307922
