512 1 3
0
374
1
278
2
261
3
503
4
107
5
99
6
471
7
143
8
390
9
412
10
91
11
393
12
382
13
128
14
121
15
484
16
274
17
423
18
344
19
170
20
126
21
503
22
67
23
91
24
87
25
137
26
114
27
189
28
55
29
241
30
307
31
151
32
356
33
219
34
195
30
35
36
214
37
203
38
152
39
285
40
289
41
333
42
156
43
471
44
127
45
255
46
308
47
183
48
332
49
269
50
411
51
282
52
128
53
111
54
397
55
289
56
263
57
65
58
465
59
240
60
155
61
415
62
334
63
210
64
204
65
292
45
66
67
373
68
391
69
93
70
393
71
447
72
330
73
110
74
453
75
421
76
303
77
162
78
335
79
397
80
152
81
247
44
82
83
181
84
428
85
216
81
86
87
112
88
181
37
89
90
417
91
325
92
276
93
400
5
94
95
384
96
186
97
474
86
98
99
392
100
124
101
318
102
112
103
444
104
359
105
367
106
262
107
476
108
323
109
339
110
401
111
132
11
112
113
350
114
412
115
125
99
116
117
178
118
142
119
493
31
120
75
121
122
350
123
492
124
484
125
432
65
126
127
176
128
191
17
129
130
449
131
183
77
132
133
253
134
150
87
135
136
255
109
137
138
178
139
434
140
287
141
245
142
204
143
478
92
144
145
231
146
271
147
302
148
442
75
149
58
150
151
460
105
152
153
294
154
450
155
470
156
390
51
157
158
501
131
159
117
160
161
429
162
326
13
163
15
164
165
316
64
166
167
188
168
256
169
492
170
411
171
416
172
311
130
173
174
452
137
175
176
414
65
177
117
178
179
405
43
180
30
181
182
390
183
258
49
184
125
185
186
338
187
387
188
369
72
189
139
190
191
367
192
506
193
503
27
194
195
290
196
344
197
472
198
374
199
467
200
288
201
469
202
416
203
297
204
341
35
205
149
206
207
296
11
208
209
223
210
412
50
211
78
212
213
506
214
476
215
426
216
372
66
217
64
218
219
352
205
220
221
501
222
364
223
366
224
310
181
225
226
492
63
227
0
228
96
229
23
230
107
231
71
232
233
247
234
461
235
434
236
264
237
492
238
484
131
239
240
277
100
241
168
242
170
243
26
244
6
245
246
470
109
247
157
248
155
249
250
383
135
251
229
252
90
253
128
254
186
255
256
390
257
299
150
258
145
259
238
260
219
261
105
262
249
263
90
264
189
265
266
413
67
267
55
268
10
269
239
270
93
271
272
326
82
273
274
487
275
304
4
276
136
277
278
402
3
279
47
280
281
335
281
282
216
283
201
284
255
285
286
495
165
287
210
288
123
289
123
290
90
291
178
292
106
293
198
294
14
295
8
296
15
297
168
298
278
299
300
385
301
454
302
442
303
304
11
304
304
305
141
306
307
482
301
308
194
309
310
355
311
352
312
323
313
400
314
428
118
315
248
316
317
342
318
345
311
319
320
445
321
443
322
489
87
323
133
324
60
325
173
326
191
327
320
328
329
346
92
330
331
508
332
366
333
348
331
334
149
335
336
404
281
337
338
419
48
339
340
354
202
341
342
511
217
343
302
344
73
345
41
346
140
347
285
348
60
349
89
350
165
351
352
393
255
353
300
354
217
355
203
356
348
357
358
368
359
401
110
360
267
361
197
362
317
363
364
397
274
365
366
472
229
367
368
418
223
369
87
370
371
497
202
372
373
399
186
374
233
375
261
376
240
377
374
378
379
426
186
380
74
381
267
382
152
383
384
448
385
408
313
386
387
433
40
388
263
389
89
390
208
391
392
394
90
393
12
394
340
395
243
396
351
397
303
398
369
399
400
453
103
401
391
402
403
456
156
404
200
405
299
406
289
407
408
410
39
409
304
410
411
446
250
412
413
482
58
414
98
415
51
416
366
417
232
418
419
427
187
420
82
421
361
422
396
423
424
503
425
443
45
426
427
451
232
428
429
472
295
430
431
496
310
432
269
433
140
434
79
435
418
436
36
437
255
438
379
439
11
440
93
441
59
442
350
443
444
489
82
445
197
446
135
447
41
448
3
449
401
450
235
451
229
452
88
453
284
454
421
455
34
456
221
457
368
458
1
459
445
460
425
461
462
477
364
463
430
464
347
465
266
466
54
467
43
468
408
469
168
470
454
471
1
472
44
473
272
474
412
475
323
476
292
477
132
478
324
479
90
480
407
481
193
482
151
483
410
484
123
485
486
487
209
487
264
488
156
489
364
490
218
491
38
492
120
493
296
494
428
495
262
496
283
497
342
498
361
499
230
500
328
501
449
502
404
503
426
504
108
505
72
506
460
507
490
508
295
509
496
510
216
511
0.8531384468078613
0.7953854203224182
0.11114508658647537
0.013004833832383156
0.06402481347322464
0.16408231854438782
0.4834030270576477
0.2061598151922226
0.040910180658102036
0.12299513071775436
0.8659521341323853
0.36227336525917053
0.14939171075820923
0.18417266011238098
0.697714626789093
0.5939416885375977
0.8440793752670288
0.09402316808700562
0.35547521710395813
0.3756047189235687
0.4320947825908661
0.9623758792877197
0.7788681983947754
0.5103988647460938
0.6214796304702759
0.9336260557174683
0.7488460540771484
0.6104347109794617
0.008314724080264568
0.31683436036109924
0.3161305785179138
0.6286089420318604
0.49336639046669006
0.405578076839447
0.8321877717971802
0.6788528561592102
0.8311017751693726
0.5909412503242493
0.362894207239151
0.3843859136104584
0.9365889430046082
0.4519396424293518
0.8542338013648987
0.4316735565662384
0.49105653166770935
0.11855272948741913
0.7869110107421875
0.3730645179748535
0.8087651133537292
0.8993347883224487
0.8713684678077698
0.5339285731315613
0.41465309262275696
0.18126273155212402
0.5228018760681152
0.869104266166687
0.7082302570343018
0.5957960486412048
0.3899215757846832
0.18937522172927856
0.30155307054519653
0.7959281206130981
0.2511028051376343
0.965207576751709
0.8397365808486938
0.43518713116645813
0.7560770511627197
0.5522571206092834
0.6004965901374817
0.3622972369194031
0.03265226632356644
0.2259819358587265
0.8618888258934021
0.5710782408714294
0.28171399235725403
0.09749174863100052
0.18973883986473083
0.4410242438316345
0.7351742386817932
0.05261455476284027
0.7055254578590393
0.523664116859436
0.6233255863189697
0.11423885822296143
0.9434025883674622
0.028815416619181633
0.8786547183990479
0.5810777544975281
0.9012832641601562
0.2539289593696594
0.02729877084493637
0.2714008092880249
0.00644312659278512
0.34155550599098206
0.020323192700743675
0.09508342295885086
0.42180463671684265
0.9851213693618774
0.351105660200119
0.7494523525238037
0.6868329048156738
0.3240765333175659
0.022264497354626656
0.5011030435562134
0.3128410279750824
0.6907582879066467
0.21539267897605896
0.6566914916038513
0.7578093409538269
0.8095669150352478
0.5912534594535828
0.5216968059539795
0.27137306332588196
0.11601987481117249
0.7374500036239624
0.3738623559474945
0.5689010620117188
0.7227956056594849
0.13197018206119537
0.37507933378219604
0.3808819651603699
0.046294841915369034
0.07545387744903564
0.9963508248329163
0.3093666732311249
0.05678365007042885
0.6381081342697144
0.3835367262363434
0.9230303764343262
0.45744362473487854
0.0004126262210775167
0.9857735633850098
0.08170535415410995
0.2799428105354309
0.3322937488555908
0.9139205813407898
0.3975668251514435
0.7491832375526428
0.007955515757203102
0.6737390756607056
0.40996062755584717
0.7763956189155579
0.1854114979505539
0.5092942118644714
0.9918323159217834
0.3420834243297577
0.8244394659996033
0.48885223269462585
0.5802421569824219
0.25235715508461
0.4298877418041229
0.6320680975914001
0.5062284469604492
0.22618216276168823
0.9736317992210388
0.2772342264652252
0.7644142508506775
0.4340974688529968
0.07236453145742416
0.35706961154937744
0.5555219650268555
0.6474960446357727
0.17571169137954712
0.8633779287338257
0.0245368555188179
0.7191765904426575
0.2316686511039734
0.35850784182548523
0.636334240436554
0.9983066916465759
0.07293000817298889
0.2838746905326843
0.15385323762893677
0.3594052195549011
0.12058418244123459
0.4872869551181793
0.9059908986091614
0.7285373210906982
0.32236555218696594
0.03303154185414314
0.4457363486289978
0.014649942517280579
0.9403243660926819
0.12133987993001938
0.7616052627563477
0.6877679228782654
0.525041937828064
0.8520516157150269
0.9805588722229004
0.48988077044487
0.1944245547056198
0.4100882411003113
0.5476335883140564
0.5715938210487366
0.9027557969093323
0.7494019865989685
0.7593234777450562
0.268370121717453
0.4869706332683563
0.3980879783630371
0.20749321579933167
0.14891424775123596
0.6585668325424194
0.5394896268844604
0.8778178691864014
0.00885934941470623
0.3140980303287506
0.28596124053001404
0.8566218018531799
0.6201906204223633
0.6827579140663147
0.5390727519989014
0.7887736558914185
0.1661081314086914
0.6854920983314514
0.9848423004150391
0.4031500220298767
0.43888717889785767
0.14710775017738342
0.8757583498954773
0.2034304440021515
0.6544974446296692
0.007258132565766573
0.4116540253162384
0.4693220853805542
0.48295900225639343
0.24336950480937958
0.12239904701709747
0.8883899450302124
0.7303337454795837
0.12651991844177246
0.48703455924987793
0.5695145726203918
0.8458654284477234
0.4766536056995392
0.24726977944374084
0.016275053843855858
0.6999233961105347
0.4107813835144043
0.7814828157424927
0.19271522760391235
0.539094090461731
0.4520193636417389
0.9429367780685425
0.4773273766040802
0.9188999533653259
0.13266149163246155
0.26078686118125916
0.39866092801094055
0.6862291097640991
0.6732821464538574
0.03921082988381386
0.03657487779855728
0.8435981273651123
0.2627318501472473
0.8063446879386902
0.34251654148101807
0.041829660534858704
0.22308680415153503
0.39815351366996765
0.9423956274986267
0.026047341525554657
0.37738028168678284
0.929468035697937
0.21349337697029114
0.820418655872345
0.31143105030059814
0.3632392883300781
0.21517063677310944
0.03976798057556152
0.6437094807624817
0.9347953796386719
0.19824007153511047
0.971915602684021
0.3995642364025116
0.9971972107887268
0.9974291324615479
0.013649845495820045
0.2814224660396576
0.014829356223344803
0.3112526535987854
0.8523968458175659
0.5496495962142944
0.9280124306678772
0.9181075692176819
0.5303881168365479
0.1015893816947937
0.8856085538864136
0.32631346583366394
0.8651121258735657
0.09432031959295273
0.8352197408676147
0.42297637462615967
0.7849535942077637
0.10735270380973816
0.3888264298439026
0.5986266732215881
0.6929478049278259
0.7806791067123413
0.5161466002464294
0.8323081731796265
0.20916347205638885
0.008025757037103176
0.14234361052513123
0.3232889175415039
0.950415849685669
0.7518520355224609
0.9011659622192383
0.501765787601471
0.9685965776443481
0.8076717257499695
0.27987805008888245
0.11666601151227951
0.914069414138794
0.6128828525543213
0.6495422124862671
0.675675094127655
0.6363174319267273
0.5886383056640625
0.33940646052360535
0.6541593074798584
0.7255910038948059
0.10093493014574051
0.4488084316253662
0.05879830941557884
0.13308441638946533
0.6133943200111389
0.11404813826084137
0.6470558047294617
0.9789245128631592
0.9013729691505432
0.9490167498588562
0.19449110329151154
0.3492015600204468
0.3360948860645294
0.3711757957935333
0.9358718991279602
0.685795247554779
0.5455660820007324
0.08245602250099182
0.9626660943031311
0.5938190817832947
0.5003979206085205
0.8658691644668579
0.24299322068691254
0.4819166660308838
0.2029426395893097
0.8136492967605591
0.8032506704330444
0.9979698061943054
0.6821134090423584
0.25164109468460083
0.8519124984741211
0.23296521604061127
0.8735182285308838
0.24451377987861633
0.2612082064151764
0.8872763514518738
0.012360055930912495
0.352794885635376
0.15569400787353516
0.06490077823400497
0.800569474697113
0.12034817039966583
0.9574728608131409
0.19016015529632568
0.11659467220306396
0.07787948846817017
0.861366331577301
0.05680980905890465
0.5697957873344421
0.24693219363689423
0.8950269818305969
0.8521145582199097
0.9977898001670837
0.8360723853111267
0.43970444798469543
0.04786490276455879
0.8567671179771423
0.27160361409187317
0.6122639179229736
0.9230385422706604
0.3324306309223175
0.9152020812034607
0.2064991444349289
0.25405216217041016
0.9125767946243286
0.16141961514949799
0.8866091370582581
0.8281028866767883
0.4772545397281647
0.9382113218307495
0.9747085571289062
0.7270920872688293
0.04330333694815636
0.17912793159484863
0.1952580064535141
0.793768048286438
0.3525072932243347
0.9589225053787231
0.25858473777770996
0.7188673615455627
0.12178690731525421
0.5773431658744812
0.4436939060688019
0.9858033657073975
0.8355498909950256
0.1930791735649109
0.48038265109062195
0.6703181266784668
0.8517361879348755
0.9585995674133301
0.3943222761154175
0.7100294232368469
0.8191319108009338
0.3386925160884857
0.3151669502258301
0.2269877791404724
0.1346319019794464
0.9063051342964172
0.02109500765800476
0.8060817718505859
0.9325807094573975
0.7756952047348022
0.09348095953464508
0.9052830934524536
0.4400445818901062
0.912782609462738
0.8924099802970886
0.1898074448108673
0.626335859298706
0.8534281849861145
0.28051096200942993
0.5294841527938843
0.8537675142288208
0.2311265915632248
0.3483334183692932
0.30148032307624817
0.1253674477338791
0.3583203852176666
0.5679715275764465
0.3905944228172302
0.5906359553337097
0.6102438569068909
0.5353311896324158
0.04026574641466141
0.5253430008888245
0.9914582371711731
0.7052004337310791
0.5122774243354797
0.12632739543914795
0.7435201406478882
0.34503045678138733
0.3898372948169708
0.4021329879760742
0.22648799419403076
0.17244602739810944
0.300066202878952
0.6184729933738708
0.2934679687023163
0.5741083025932312
0.32617175579071045
0.2884039282798767
0.8355639576911926
0.20598208904266357
0.8850466012954712
0.4896030128002167
0.6303210854530334
0.9234300851821899
0.3820374011993408
0.9332435727119446
0.3850041627883911
0.15090897679328918
0.5540998578071594
0.6397031545639038
0.6831514835357666
0.8701227903366089
0.12402154505252838
0.6383230686187744
0.043494321405887604
0.8485215902328491
0.6494227051734924
0.5268334746360779
0.41206860542297363
0.527313768863678
0.9476144313812256
0.9337748885154724
0.2938484251499176
0.8932357430458069
0.8507148027420044
0.754094123840332
0.06789716333150864
0.08505796641111374
0.8787530064582825
0.7087845802307129
0.5675958395004272
0.38371583819389343
0.08920953422784805
0.46526461839675903
0.7435992360115051
0.1890178769826889
0.028119351714849472
0.41976693272590637
0.7573626041412354
0.2679581344127655
0.1514720767736435
0.9239873886108398
0.8391835689544678
0.8586142063140869
0.1975407600402832
0.5949701070785522
0.07083623111248016
0.7472898960113525
0.16771408915519714
0.40670913457870483
0.8918086886405945
0.2818150520324707
0.27342358231544495
0.7452764511108398
0.9435664415359497
0.971615195274353
0.6036081910133362
0.2543741464614868
0.6812108159065247
0.5406220555305481
0.8852291703224182
0.5119984149932861
0.3540756106376648
0.5928478240966797
0.6961080431938171
0.5761290788650513
0.8863217234611511
0.9835646152496338
0.6249322891235352
0.4376096725463867
0.20077021420001984
0.23700498044490814
0.15296661853790283
0.618708074092865
0.25034692883491516
0.4168489873409271
0.3346230089664459
0.5301367044448853
0.2681828737258911
0.8295908570289612
0.014785928651690483
0.9793042540550232
0.17092864215373993
0.35485804080963135
0.8205618262290955
0.8787704110145569
0.6925182342529297
0.4245378375053406
0.9388449192047119
0.5397126078605652
0.006477526854723692
0.32494065165519714
0.4485574960708618
0.8297646641731262
0.790740430355072
0.3033502697944641
0.45621129870414734
0.8593072295188904
0.44506099820137024
0.9723138809204102
0.7568371891975403
0.3691495954990387
0.09529293328523636
0.49637356400489807
0.0022150021977722645
0.20807363092899323
0.053202543407678604
0.5997483134269714
0.515212893486023
0.16105493903160095
0.9030951261520386
0.3605257272720337
0.04741799086332321
0.5819619297981262
0.6438210010528564
0.5902204513549805
0.9085167050361633
0.262418270111084
0.20822332799434662
0.30529847741127014
0.7002642154693604
0.8155116438865662
0.6702215671539307
0.1819353699684143
0.41521552205085754
0.8267866373062134
0.27759408950805664
0.18407085537910461
0.7796565294265747
0.18227264285087585
0.8958434462547302
0.5369634628295898
0.12785716354846954
0.6417087912559509
0.5187492966651917
0.6778666973114014
0.06245117634534836
0.32930147647857666
0.6979111433029175
0.05542079731822014
0.01868411712348461
0.6612632274627686
0.8853247761726379
0.6819519996643066
0.2219364494085312
0.07453623414039612
0.21902823448181152
0.5589732527732849
0.3305602967739105
0.3076913058757782
0.09708425402641296
0.9843044877052307
0.198543518781662
0.054168179631233215
0.9778584241867065
0.8917230367660522
0.18424245715141296
0.06379475444555283
0.09765569865703583
0.5579929947853088
0.5909528732299805
0.998269259929657
0.9233208894729614
0.4539027810096741
0.6817935109138489
0.11533252894878387
0.44970446825027466
0.25486013293266296
0.5365462303161621
0.3251858651638031
0.5583897829055786
0.3112732172012329
0.5252404808998108
0.45272451639175415
0.8890024423599243
0.1578449010848999
0.01132890023291111
0.1361573338508606
0.40241149067878723
0.6999682784080505
0.2593250870704651
0.5164937376976013
0.5503877401351929
0.08645620197057724
0.9492563009262085
0.2791702151298523
0.6282915472984314
0.70015949010849
0.6687778234481812
0.8553736805915833
0.9314560890197754
0.007388315163552761
0.7674910426139832
0.8661319017410278
0.9007617235183716
0.657245397567749
0.5883598327636719
0.41141006350517273
0.9986985921859741
0.32880064845085144
0.3890261948108673
0.21696102619171143
0.03796626999974251
0.006624941248446703
0.7329753637313843
0.9052309393882751
0.022671019658446312
0.01584014855325222
0.49615010619163513
0.32099851965904236
0.7777963280677795
0.7395803332328796
0.4454396963119507
0.27859604358673096
0.4790884256362915
0.09375561773777008
5.593784590018913e-05
0.14292533695697784
0.4519444406032562
0.9826459288597107
0.37582963705062866
0.6982158422470093
0.9773994088172913
0.7324368953704834
0.8094940185546875
0.8147459030151367
0.5914546251296997
0.7978898882865906
0.4571724236011505
0.04181873798370361
0.3778141140937805
0.6277323961257935
0.41957759857177734
0.6580103039741516
0.32650047540664673
0.25482815504074097
0.7768315672874451
0.44274845719337463
0.639052152633667
0.42933306097984314
0.3843882977962494
0.9941933155059814
0.1113489493727684
0.11414497345685959
0.650728702545166
0.5534776449203491
0.9666382074356079
0.8621059060096741
0.1757083237171173
0.38051602244377136
0.6992321610450745
0.7216919660568237
0.2985534965991974
0.8307391405105591
0.47261178493499756
0.7684945464134216
0.2953212857246399
0.03388305753469467
0.5646612644195557
0.35760173201560974
0.6595733761787415
0.24319803714752197
0.3280569016933441
0.5267471671104431
0.5453034043312073
0.7487032413482666
0.9089232087135315
0.6126335859298706
0.08234784007072449
0.43719756603240967
0.4540063738822937
0.11162424087524414
0.14325594902038574
0.1304783672094345
0.6284092664718628
0.8542668223381042
0.10498522222042084
0.7322455644607544
0.7893975377082825
0.3687474727630615
0.3929896652698517
0.8624405264854431
0.22181563079357147
0.27541428804397583
0.7972315549850464
0.8657019734382629
0.17361155152320862
0.6023635864257812
0.7325779795646667
0.693358838558197
0.11670506745576859
0.13168767094612122
0.6731433868408203
0.2694583833217621
0.7709441781044006
0.4755704402923584
0.7042438983917236
0.8112619519233704
0.18094700574874878
0.6381269097328186
0.9620977640151978
0.6727342009544373
0.33413809537887573
0.32023513317108154
0.23416702449321747
0.8895133137702942
0.32775431871414185
0.9038363099098206
0.28917574882507324
0.4749698042869568
0.6646038293838501
0.35564717650413513
0.9477226734161377
0.926917314529419
0.9075608849525452
0.4782927334308624
0.7961363196372986
0.385378897190094
0.04861430078744888
0.5183292031288147
0.31186482310295105
0.6894281506538391
0.6093778014183044
0.6940402984619141
0.41258302330970764
0.12746886909008026
0.3392021954059601
0.19473770260810852
0.47744178771972656
0.14115795493125916
0.6906731128692627
0.3556753695011139
0.45314085483551025
0.20487332344055176
0.9407015442848206
0.9613164663314819
0.5962669849395752
0.8075194954872131
0.4748389422893524
0.47587981820106506
0.5594727396965027
0.6800575256347656
0.13842199742794037
0.7284377217292786
0.0447985976934433
0.32867008447647095
0.21039722859859467
0.657213032245636
0.28505510091781616
0.5221624970436096
0.037701696157455444
0.9622575044631958
0.5370391607284546
0.4309993088245392
0.2724524736404419
0.6731816530227661
0.7488082051277161
0.20420779287815094
0.03158777579665184
0.2759735584259033
0.9836148619651794
0.6746350526809692
0.1367131918668747
0.8520052433013916
0.9361839294433594
0.6742138266563416
0.35810738801956177
0.6504263877868652
0.6921043395996094
0.8566051125526428
0.31227198243141174
0.4132726788520813
0.7878269553184509
0.5789320468902588
0.4237825870513916
0.030487408861517906
0.8458448052406311
0.2386612445116043
0.9847816824913025
0.5180625915527344
0.07096251100301743
0.6001343131065369
0.9330331683158875
0.9667542576789856
0.13743674755096436
0.6737867593765259
0.2579944431781769
0.05878031626343727
0.8973044753074646
0.6747508645057678
0.9444980025291443
0.7944114804267883
0.4560995101928711
0.45534175634384155
0.8905788660049438
0.13782507181167603
0.7538019418716431
0.8017085790634155
0.46004852652549744
0.7572009563446045
0.5815176963806152
0.3315599262714386
0.8938165903091431
0.22717471420764923
0.19447317719459534
0.5456867814064026
0.19605517387390137
0.19941909611225128
0.7031508088111877
0.7483171820640564
0.21952416002750397
0.008695986121892929
0.43938133120536804
0.44414016604423523
0.4456472098827362
0.4239491820335388
0.15824703872203827
0.8979365229606628
0.9980739951133728
0.8726168870925903
0.7592759132385254
0.966423749923706
0.08603591471910477
0.6421125531196594
0.08042480796575546
0.7707390189170837
0.5465912222862244
0.8700847029685974
0.8450852632522583
0.0445387102663517
0.6867597699165344
0.4649464786052704
0.7578917741775513
0.9647788405418396
0.23913408815860748
0.38988324999809265
0.6180840134620667
0.4617525041103363
0.9251114130020142
0.5539249777793884
0.7062795162200928
0.2890218496322632
0.3689921796321869
0.19424496591091156
0.7590929865837097
0.48618417978286743
0.261591374874115
0.11418972909450531
0.4564708173274994
0.5188506841659546
0.05162041261792183
0.5903000831604004
0.5925059914588928
0.3535866439342499
0.0790046751499176
0.3654686510562897
0.43344008922576904
0.7850531935691833
0.24952432513237
0.46159711480140686
0.564060628414154
0.4572209119796753
0.9544891715049744
0.7210970520973206
0.7479687929153442
0.9114779233932495
0.696837306022644
0.23374521732330322
0.9963758587837219
0.46414637565612793
0.02739093452692032
0.29142656922340393
0.37421369552612305
0.9159185290336609
0.2691028416156769
0.46619850397109985
0.13586123287677765
0.4581833779811859
0.2534596920013428
0.5304566621780396
0.955025315284729
0.3626111149787903
0.31171417236328125
0.8531591296195984
0.9767294526100159
0.5914607644081116
0.9766039252281189
0.0918472558259964
0.10321929305791855
0.09068191051483154
0.8205606937408447
0.9252419471740723
0.12808677554130554
0.036167580634355545
0.2555365264415741
0.937142550945282
0.24411551654338837
0.234491229057312
0.44115129113197327
0.2599273920059204
0.788042426109314
0.6129772663116455
0.16501745581626892
0.3805541396141052
0.9460559487342834
0.08533193171024323
0.18505531549453735
0.26453685760498047
0.775406002998352
0.8259841203689575
0.2443421483039856
0.7640982866287231
0.8102550506591797
0.020552009344100952
0.3116741478443146
0.976037323474884
0.9536008834838867
0.24701619148254395
0.14176194369792938
0.5663166642189026
0.9704380631446838
0.3335268497467041
0.7579869031906128
0.6644900441169739
0.477042019367218
0.36863473057746887
0.05296483263373375
0.12699896097183228
0.11205562204122543
0.8683707118034363
0.3084094524383545
0.06377915292978287
0.3989455997943878
0.2326100915670395
0.9086912274360657
0.2360841929912567
0.26188212633132935
0.44891855120658875
0.44573214650154114
0.6795521378517151
0.9632440805435181
0.8040537238121033
0.6120778322219849
0.7569795250892639
0.9287044405937195
0.7165033221244812
0.05418794974684715
0.9970250129699707
0.22765053808689117
0.7166673541069031
0.7045528292655945
0.669305682182312
0.5778084993362427
0.49127069115638733
0.36169999837875366
0.21765096485614777
0.9925664663314819
0.4781860411167145
0.8197638988494873
0.40624716877937317
0.8843851685523987
0.2569859027862549
0.4536935091018677
0.1565360426902771
0.05958297476172447
0.32269659638404846
0.6327443718910217
0.5630397200584412
0.8058167695999146
0.21853399276733398
0.0916164293885231
0.6516122221946716
0.6724616289138794
0.5441838502883911
0.3656523525714874
0.3979519009590149
0.07571003586053848
0.5771893262863159
0.27512598037719727
0.7706261277198792
0.7935582399368286
0.5922539830207825
0.46692875027656555
0.1843585968017578
0.47723588347435
0.6209902167320251
0.42571568489074707
0.23866452276706696
0.38160064816474915
0.8211748003959656
0.1148160845041275
0.6089979410171509
0.24514532089233398
0.726351261138916
0.5448681116104126
0.5131538510322571
0.19089385867118835
0.430478572845459
0.06090840324759483
0.3476746082305908
0.5720323920249939
0.7463449835777283
0.35340771079063416
0.5398784279823303
0.9157626628875732
0.2825034558773041
0.40573397278785706
0.9668811559677124
0.10358517616987228
0.334291934967041
0.9605332612991333
0.07636959850788116
0.1271786391735077
0.23389044404029846
0.3254821300506592
0.14062261581420898
0.9691939353942871
0.7656943798065186
0.20246294140815735
0.14766988158226013
0.03305914252996445
0.6259540319442749
0.5703399181365967
0.5133050680160522
0.9177130460739136
0.725942075252533
0.7868632078170776
0.4952144920825958
0.006999448407441378
0.5532939434051514
0.5030237436294556
0.1655520498752594
0.06616625934839249
0.918651282787323
0.9728335738182068
0.21942400932312012
0.9280876517295837
0.3946901261806488
0.6588584780693054
0.7052978873252869
0.4140147864818573
0.7534464597702026
0.37250807881355286
0.6155019402503967
0.8538680672645569
0.989612340927124
0.32580408453941345
0.8563929796218872
0.783174991607666
0.197390615940094
0.7986152172088623
0.6346757411956787
0.8852864503860474
0.7493564486503601
0.6965225338935852
0.4224279224872589
0.7047277688980103
0.32637250423431396
0.23542335629463196
0.20228703320026398
0.45717743039131165
0.638458251953125
0.22731733322143555
0.1639745980501175
0.289979487657547
0.09306549280881882
0.06563274562358856
0.10334408283233643
0.16528531908988953
0.49242743849754333
0.04566095024347305
0.243246391415596
0.293392539024353
0.7797016501426697
0.1682504564523697
0.9054730534553528
0.6119821667671204
0.08603914827108383
0.006997811608016491
0.6858433485031128
0.25030624866485596
0.8901519775390625
0.5401737093925476
0.2740393280982971
0.5083270072937012
0.0674804076552391
0.2774218022823334
0.8970246911048889
0.00975058414041996
0.2710992395877838
0.6896100640296936
0.5972436666488647
0.44062483310699463
0.9704370498657227
0.5032491683959961
0.13449227809906006
0.9949356913566589
0.06571907550096512
0.1578056663274765
0.21978318691253662
0.12565495073795319
0.6904392242431641
0.8106179237365723
0.6138105988502502
0.2374691665172577
0.8797308206558228
0.7292054891586304
0.31313470005989075
0.8139018416404724
0.24742235243320465
0.9943137764930725
0.13331876695156097
0.9855782389640808
0.11047188937664032
0.9576632380485535
0.35582536458969116
0.3300430178642273
0.8085581660270691
0.7921313643455505
0.1645686775445938
0.9904177784919739
0.16565190255641937
0.9358646869659424
0.6200599670410156
0.8793217539787292
0.015456349588930607
0.047414857894182205
0.5851101875305176
0.4803885519504547
0.02456340752542019
0.6851357817649841
0.8569663763046265
0.4033832848072052
0.9971306920051575
0.19776371121406555
0.8726281523704529
0.9409236907958984
0.8299676775932312
0.7135807871818542
0.38091596961021423
0.9762790203094482
0.8120167851448059
0.229036346077919
0.5353540182113647
0.4694947600364685
0.49456143379211426
0.9493288397789001
0.28952446579933167
0.7069152593612671
0.9515344500541687
0.2451810985803604
0.11856064200401306
0.5829168558120728
0.7602007389068604
0.6341901421546936
0.36275747418403625
0.9941327571868896
0.5214887261390686
0.7101766467094421
0.5960350632667542
0.5475596785545349
0.4335876703262329
0.8370583653450012
0.2527170181274414
0.08855795860290527
0.2616438567638397
0.18003281950950623
0.24557708203792572
0.8527868390083313
0.5511454343795776
0.5371548533439636
0.5905629992485046
0.6063557863235474
0.9496692419052124
0.25743553042411804
0.07192402333021164
0.5335949659347534
0.5112261772155762
0.3975786864757538
0.25845056772232056
0.2817143201828003
0.7285304069519043
0.3967255651950836
0.4154227674007416
0.7451153993606567
0.4052756428718567
0.18761637806892395
0.39348217844963074
0.47878023982048035
0.162110835313797
0.08336351066827774
0.2471223771572113
0.4918707311153412
0.253385990858078
0.28124135732650757
0.1391007900238037
0.3249891996383667
0.5669102072715759
0.23508717119693756
0.15456914901733398
0.9168691039085388
0.3872475028038025
0.11194023489952087
0.9165698289871216
0.5017128586769104
0.4958318769931793
0.9499934911727905
0.6428693532943726
0.5901874899864197
0.3825172185897827
0.9202619791030884
0.8145982027053833
0.5099568963050842
0.9284946322441101
0.7852270007133484
0.2881801128387451
0.2249153107404709
0.8993533849716187
0.36676087975502014
0.21955974400043488
0.01279445830732584
0.8719550371170044
0.4831395745277405
0.3807655870914459
0.05148247256875038
0.9360225796699524
0.027004823088645935
0.7688825726509094
0.776555597782135
0.322956919670105
0.16715146601200104
0.5102720260620117
0.36441969871520996
0.23205146193504333
0.6444656252861023
0.9361388683319092
0.07165316492319107
0.3647846579551697
0.3744199872016907
0.055196743458509445
0.6168937087059021
0.9574809074401855
0.2494039535522461
0.8415412902832031
0.43401584029197693
0.5742171406745911
0.37833017110824585
0.16791149973869324
0.6466155052185059
0.9477671980857849
0.9169836640357971
0.07694246619939804
0.5649667382240295
0.8587048649787903
0.6571739912033081
0.6684413552284241
0.4209066927433014
0.3962312340736389
0.5185272097587585
0.7931746244430542
0.49931851029396057
0.6885194778442383
0.959935188293457
0.9892371296882629
0.7184006571769714
0.7560051083564758
0.5069726705551147
0.7688460350036621
0.2885950803756714
0.6976456046104431
0.799166738986969
0.2848432958126068
0.8164889812469482
0.5638260841369629
0.2736119329929352
0.4830373525619507
0.22454595565795898
0.3381872773170471
0.2577133774757385
0.18692918121814728
0.0015550185926258564
0.7972483038902283
0.6030645370483398
0.8800485134124756
0.4233354330062866
0.889083981513977
0.7093926072120667
0.6479666233062744
0.016464322805404663
0.8480572700500488
0.13823704421520233
0.11617324501276016
0.47678014636039734
0.6129468679428101
0.007664949633181095
0.7446458339691162
0.45914584398269653
0.2627123296260834
0.7178270220756531
0.160532608628273
0.26324209570884705
0.010629518888890743
0.8667247295379639
0.41357287764549255
0.855078399181366
0.9677133560180664
0.6145098805427551
0.2435178905725479
0.15047240257263184
0.9607457518577576
0.021337443962693214
0.06905372440814972
0.9039862751960754
0.3952290117740631
0.592384934425354
0.16530361771583557
0.4778802990913391
0.0931718572974205
0.7431429624557495
0.0793641060590744
0.3800925016403198
0.8060774803161621
0.14521197974681854
0.5513917803764343
0.8536053895950317
0.2279656082391739
0.1665182113647461
0.2031860202550888
0.3679819405078888
0.09909570962190628
0.06764011085033417
0.6051198840141296
0.15133076906204224
0.8778799772262573
0.837013840675354
0.4725097119808197
0.06092698127031326
0.6261041164398193
0.05091460794210434
0.05581454187631607
0.6661534905433655
0.43147510290145874
0.23960217833518982
0.7905263900756836
0.6715171933174133
0.2910495102405548
0.8155392408370972
0.4449295699596405
0.3885442316532135
0.8616998791694641
0.91983562707901
0.6212430000305176
0.05257042869925499
0.6020548343658447
0.4330688714981079
0.7990168929100037
0.6925821900367737
0.03684968501329422
0.11299728602170944
0.8154812455177307
0.47075358033180237
0.07530096173286438
0.944667398929596
0.3638223707675934
0.3905772864818573
0.3805927634239197
0.6812939643859863
0.574166476726532
0.1983327865600586
0.11678598076105118
0.16209858655929565
0.8655388355255127
0.9966608285903931
0.6779693961143494
0.7003427743911743
0.33613982796669006
0.24290484189987183
0.8721440434455872
0.7304326295852661
0.4124293327331543
0.7522462606430054
0.3999454975128174
0.2331264168024063
0.5963873863220215
0.8611618876457214
0.3963657021522522
0.9643135070800781
0.048979420214891434
0.41449597477912903
0.9970439076423645
0.8598607778549194
0.6413567662239075
0.7116281390190125
0.25316858291625977
0.7270562648773193
0.5968762040138245
0.8015944957733154
0.6558717489242554
0.9046662449836731
0.8509806394577026
0.9242768883705139
0.6583459973335266
0.08314292132854462
0.6483561396598816
0.27632254362106323
0.1307252049446106
0.25283223390579224
0.2220289558172226
0.7675049304962158
0.5566588640213013
0.21098467707633972
0.3608434200286865
0.0704650804400444
0.6308608055114746
0.4713357985019684
0.43078503012657166
0.9587574601173401
0.11366113275289536
0.7994824647903442
0.5913849472999573
0.9352535605430603
0.5450260043144226
0.04202456772327423
0.8377805948257446
0.1588151901960373
0.07289504259824753
0.6831085085868835
0.6829913854598999
0.9673177003860474
0.327652245759964
0.4074314534664154
0.9119595289230347
0.9191648364067078
0.3688028156757355
0.5924175977706909
0.9432764649391174
0.8530973792076111
0.10204408317804337
0.9336560368537903
0.3980501890182495
0.862991988658905
0.3611087501049042
0.6776769757270813
0.7964455485343933
0.04249635711312294
0.5866444706916809
0.1498458832502365
0.1941719800233841
0.1898268312215805
0.45353394746780396
0.7470768094062805
0.8626589775085449
0.28109028935432434
0.5173282623291016
0.005612947978079319
0.8498755693435669
0.7553411722183228
0.3055818974971771
0.9431297779083252
0.09481054544448853
0.8377702236175537
0.5740540027618408
0.8235312104225159
0.2686080038547516
0.6783756613731384
0.5879402160644531
0.4044910967350006
0.8928778171539307
0.9184160232543945
0.8723824620246887
0.8398657441139221
0.7506346702575684
0.02537097968161106
0.8372659683227539
0.36177971959114075
0.2913656234741211
0.3291192054748535
0.4107174575328827
0.7278475165367126
0.5252669453620911
0.5050387978553772
0.6289846301078796
0.4388599991798401
0.7418808937072754
0.15101775527000427
0.09705522656440735
0.7147020101547241
0.6949800252914429
0.08056867122650146
0.7590233087539673
0.8050353527069092
0.6569311022758484
0.16554924845695496
0.9806154370307922
0.6377952098846436
0.6658663153648376
0.1897454410791397
0.05832008272409439
0.5880535840988159
0.30101606249809265
0.2275877296924591
0.2690110504627228
0.9741039276123047
0.6214838624000549
0.7802783846855164
0.08819913119077682
0.6350821256637573
0.43228819966316223
0.7136799693107605
0.9084994792938232
0.041879575699567795
0.013977434486150742
0.011656394228339195
0.4003393054008484
0.5468266010284424
0.7626929879188538
0.4664384424686432
0.3612269461154938
0.26123231649398804
0.8730655312538147
0.5122694969177246
0.5743240118026733
0.6670874953269958
0.4783153533935547
0.47608911991119385
0.7639217972755432
0.2127513587474823
0.275282621383667
0.7327778935432434
0.13081729412078857
0.9809979200363159
0.7452742457389832
0.9783353805541992
0.7312718629837036
0.20812378823757172
0.11790952831506729
0.7300676703453064
0.9276142120361328
0.6608313322067261
0.5341396331787109
0.5074236392974854
0.8555806875228882
0.23365753889083862
0.3638693392276764
0.34940388798713684
0.3053103983402252
0.27273306250572205
0.8601191639900208
0.010194122791290283
0.7462123036384583
0.6127753853797913
0.7863032221794128
0.9519289135932922
0.13958336412906647
0.7391610145568848
0.606175422668457
0.8293678760528564
0.4218822717666626
0.9660988450050354
0.908116340637207
0.37944865226745605
0.7186682820320129
0.8211899399757385
0.4340048134326935
0.19956760108470917
0.3802666962146759
0.919097363948822
0.05956092104315758
0.9020836353302002
0.6200170516967773
0.12120824307203293
0.38938236236572266
0.12208643555641174
0.7776438593864441
0.4804118573665619
0.5391101837158203
0.5575938820838928
0.19768932461738586
0.42339619994163513
0.644489586353302
0.6885548830032349
0.14465932548046112
0.3000730276107788
0.19286760687828064
0.15110503137111664
0.7623346447944641
0.13971666991710663
0.013670472428202629
0.4909881055355072
0.7071791291236877
0.046704407781362534
0.34717729687690735
0.8940037488937378
0.07914014905691147
0.4864526093006134
0.7833946943283081
0.8217204213142395
0.058593712747097015
0.35301077365875244
0.6190535426139832
0.5800421237945557
0.13781744241714478
0.6569952964782715
0.03137027472257614
0.7327280640602112
0.8194560408592224
0.652622401714325
0.6798920631408691
0.9531656503677368
0.40065163373947144
0.6464318633079529
0.5431426167488098
0.021558299660682678
0.8912402987480164
0.8079473376274109
0.33756422996520996
0.0007897300529293716
0.9737232327461243
0.5757084488868713
0.5853701829910278
0.4334293007850647
0.9663503170013428
0.4553702473640442
0.39317941665649414
0.3076289892196655
0.663597583770752
0.05475765839219093
0.6088191270828247
0.6858917474746704
0.8518728017807007
0.45151424407958984
0.14669391512870789
0.17709988355636597
0.34936273097991943
0.16176466643810272
0.8771073818206787
0.2894267439842224
0.3600819408893585
0.5489832162857056
0.5709678530693054
0.00706098135560751
0.4126584529876709
0.4726913273334503
0.5889829397201538
0.9911432266235352
0.8134595155715942
0.6025381088256836
0.3035625219345093
0.7916409373283386
0.1986219584941864
0.1921503245830536
0.6272569894790649
0.9070345759391785
0.335807204246521
0.22220057249069214
0.43599990010261536
0.9869402050971985
0.2603814899921417
0.6491079330444336
0.7979695200920105
0.10991073399782181
0.5443648099899292
0.439135879278183
0.9998739361763
0.9948383569717407
0.045948997139930725
0.14748524129390717
0.2956660985946655
0.9600126147270203
0.9655165076255798
0.4904334247112274
0.08217617869377136
0.8760504126548767
0.6697098016738892
0.6696576476097107
0.44189730286598206
0.838857889175415
0.3816770017147064
0.960263729095459
0.61185622215271
0.7251925468444824
0.2235996127128601
0.5585935711860657
0.7617060542106628
0.24128665030002594
0.33261749148368835
0.6670759916305542
0.0524551123380661
0.3532600998878479
0.2919289767742157
0.23836390674114227
0.2579650282859802
0.48163071274757385
0.8056967854499817
0.9658346176147461
0.5269287824630737
0.213822141289711
0.4790704846382141
0.7131836414337158
0.15182654559612274
0.4146915078163147
0.9650927186012268
0.5561295747756958
0.009039468131959438
0.4973611831665039
0.3223544955253601
0.9021739363670349
0.06111035868525505
0.9465147852897644
0.43770530819892883
0.1805635690689087
0.75752192735672
0.04212154448032379
0.7670225501060486
0.157262921333313
0.9882939457893372
0.9447170495986938
0.7990986108779907
0.46527478098869324
0.7663232088088989
0.5772196054458618
0.20699141919612885
0.8302733898162842
0.6110974550247192
0.5111866593360901
0.2677369713783264
0.6430867314338684
0.5859779715538025
0.13416431844234467
0.5092961192131042
0.627484917640686
0.07392052561044693
0.255376935005188
0.66141676902771
0.8006976246833801
0.9660274982452393
0.7873389720916748
0.7433463931083679
0.8771829605102539
0.3694211542606354
0.7501955628395081
0.40327203273773193
0.4615425169467926
0.46906763315200806
0.7739822268486023
0.9332572817802429
0.5451266169548035
0.5394834280014038
0.11500228941440582
0.8145096302032471
0.3380059003829956
0.42350277304649353
0.9841196537017822
0.3392135798931122
0.7049258947372437
0.9987367391586304
0.9113361835479736
0.6711323261260986
0.6827661991119385
0.7861620187759399
0.45321670174598694
0.5773099660873413
0.27864688634872437
0.7854249477386475
0.9249171018600464
0.4356426000595093
0.7571316957473755
0.8791979551315308
0.5434850454330444
0.45827946066856384
0.6934955716133118
0.4996011257171631
0.4941100776195526
0.2857327163219452
0.4067866802215576
0.11214623600244522
0.43813127279281616
0.1061832457780838
0.1784885972738266
0.7294024229049683
0.9104965329170227
0.608128547668457
0.821959912776947
0.20709161460399628
0.1621302217245102
0.10389746725559235
0.5626790523529053
0.13730014860630035
0.08917392790317535
0.32970312237739563
0.7065672874450684
0.11735446006059647
0.39824652671813965
0.11878088861703873
0.11815203726291656
0.1071496233344078
0.10424339026212692
0.41017982363700867
0.7729068398475647
0.15852661430835724
0.9039686322212219
0.007302174344658852
0.9527576565742493
0.8106443881988525
0.9548656940460205
0.10590250790119171
0.39753684401512146
0.9854505062103271
0.3808557391166687
0.7172790765762329
0.3273467719554901
0.20742346346378326
0.17530903220176697
0.3423117399215698
0.6693589687347412
0.19483433663845062
0.021413452923297882
0.16405124962329865
0.06589916348457336
0.7448918223381042
0.733805239200592
0.3852001130580902
0.566787838935852
0.42057985067367554
0.9423702955245972
0.22331760823726654
0.3871992230415344
0.1239149197936058
0.7367460131645203
0.7201244235038757
0.659713625907898
0.5249073505401611
0.005758825223892927
0.8130114674568176
0.6785452961921692
0.7380057573318481
0.8553959727287292
0.8874294757843018
0.4415735900402069
0.2936044931411743
0.4158996641635895
0.9272521138191223
0.8552019596099854
0.042842745780944824
0.8380239605903625
0.5365158915519714
0.039075613021850586
0.7537474632263184
0.015015932731330395
0.24583236873149872
0.8116365671157837
0.06381435692310333
0.7002760767936707
0.01761600188910961
0.81727534532547
0.7800994515419006
0.9613019227981567
0.24484561383724213
0.8943048119544983
0.7200169563293457
0.17073427140712738
0.49227994680404663
0.6149764060974121
0.6215615272521973
0.38331338763237
0.6365459561347961
0.44963550567626953
0.6332445740699768
0.345179945230484
0.35663843154907227
0.39344522356987
0.8814089894294739
0.23986737430095673
0.12288007140159607
0.4526541531085968
0.7102620005607605
0.6914523839950562
0.6100917458534241
0.9843069314956665
0.8230587840080261
0.7621015906333923
0.7302493453025818
0.7183233499526978
0.07245291769504547
0.5683736205101013
0.22796964645385742
0.9134258031845093
0.5595654249191284
0.5229495763778687
0.9605863690376282
0.1257927417755127
0.6477283239364624
0.11542732268571854
0.7743973135948181
0.5739835500717163
0.7781615853309631
0.46708545088768005
0.5419998168945312
0.087623231112957
0.8539894819259644
0.706209659576416
0.9808692336082458
0.266249418258667
0.7978965044021606
0.8098857402801514
0.39792144298553467
0.6593036651611328
0.5805960893630981
0.37324485182762146
0.6947529911994934
0.4177681803703308
0.5866861343383789
0.43193405866622925
0.5045347213745117
0.7728721499443054
0.5327104330062866
0.11419648677110672
0.6573398113250732
0.33144208788871765
0.6631683111190796
0.9397154450416565
0.5886266231536865
0.3378426432609558
0.4207380712032318
0.5832240581512451
0.1515328735113144
0.8171617984771729
0.3060879111289978
0.4191950559616089
0.23022696375846863
0.747891902923584
0.5928131341934204
0.694130003452301
0.7137848734855652
0.6769199371337891
0.040687598288059235
0.3348333537578583
0.24435487389564514
0.3969601094722748
0.6659107208251953
0.7921755909919739
0.10700122267007828
0.25348639488220215
0.7585124969482422
0.47292473912239075
0.014815708622336388
0.5861132740974426
0.8972653150558472
0.5146989822387695
0.012586870230734348
0.07839281111955643
0.4679996967315674
0.2995694875717163
0.11730794608592987
0.24738286435604095
0.13912862539291382
0.1686381697654724
0.41435039043426514
0.1852957159280777
0.7580265998840332
0.8574373126029968
0.8957403302192688
0.5363698601722717
0.35125532746315
0.13555669784545898
0.32841789722442627
0.6779877543449402
0.524392306804657
0.13241790235042572
0.9171756505966187
5.435911225504242e-05
0.41687995195388794
0.8836205005645752
0.0052472385577857494
0.8589398860931396
0.7942674160003662
0.5492792725563049
0.38006842136383057
0.8827385902404785
0.024286571890115738
0.20722699165344238
0.03226529061794281
0.005909494590014219
0.4965275824069977
0.605233371257782
0.958183228969574
0.7283076047897339
0.06226961314678192
0.3563803732395172
0.9937744140625
0.7900537252426147
0.20332074165344238
0.7995947003364563
0.7612435221672058
0.19132395088672638
0.7238467931747437
0.7230638265609741
0.27217888832092285
0.40833204984664917
0.07115305215120316
0.45199650526046753
0.18293853104114532
0.21531350910663605
0.26351141929626465
0.4577978253364563
0.14707039296627045
0.3239697515964508
0.08177487552165985
0.8694653511047363
0.39335519075393677
0.6235761642456055
0.5087653398513794
0.7651889324188232
0.8538140654563904
0.501646101474762
0.36636456847190857
0.36235207319259644
0.16772416234016418
0.9707083106040955
0.2640649080276489
0.4229215979576111
0.25424712896347046
0.1989816576242447
0.770321249961853
0.6877512335777283
0.866915762424469
0.6317853331565857
0.447413831949234
0.4859577417373657
0.35429462790489197
0.36320266127586365
0.06323617696762085
0.2633111774921417
0.5704854130744934
0.10021255910396576
0.2469085454940796
0.03556262329220772
0.301475465297699
0.6641189455986023
0.2818298637866974
0.867003858089447
0.8270772099494934
0.5527014136314392
0.6615413427352905
0.48353493213653564
0.9217943549156189
0.6490318775177002
0.2671035826206207
0.7262234687805176
0.8263782262802124
0.9268384575843811
0.8388873338699341
0.8709256052970886
0.2570479214191437
0.5715479850769043
0.084797702729702
0.35529717803001404
0.8620452880859375
0.8424605131149292
0.9967712759971619
0.6212974786758423
0.4157148003578186
0.13513624668121338
0.0009240272920578718
0.9466189742088318
0.17630620300769806
0.8841260671615601
0.6941912770271301
0.4435260593891144
0.6843289732933044
0.3569335341453552
0.622123658657074
0.45384925603866577
0.7427294850349426
0.746886670589447
0.38729333877563477
0.6071033477783203
0.844326913356781
0.014073200523853302
0.9227712750434875
0.5417214632034302
0.37994682788848877
0.8086976408958435
0.2885481119155884
0.9941821098327637
0.9310758113861084
0.7142354249954224
0.96673184633255
0.1631399244070053
0.9600363969802856
0.6288054585456848
0.6511861681938171
0.07408321648836136
0.7979539036750793
0.989176869392395
0.06036815419793129
0.8685773611068726
0.3238072395324707
0.6916033625602722
0.9226250648498535
0.8937323689460754
0.3972797691822052
0.42398539185523987
0.5210179686546326
0.9706669449806213
0.02552824281156063
0.4304535984992981
0.3548625409603119
0.14109967648983002
0.37824568152427673
0.8992862105369568
0.8641237020492554
0.5771268606185913
0.2489902377128601
0.48215731978416443
0.012911857105791569
0.4968055486679077
0.3495904505252838
0.20667743682861328
0.7037785649299622
0.8125500082969666
0.6320750713348389
0.48417043685913086
0.1196659654378891
0.2700553834438324
0.819388210773468
0.8067682385444641
0.8289666771888733
0.035109683871269226
0.5150231719017029
0.23379702866077423
0.8750983476638794
0.40961119532585144
0.7644063830375671
0.12133128196001053
0.9550855159759521
0.05302184447646141
0.5446188449859619
0.2410491406917572
0.7083341479301453
0.19156165421009064
0.6065630316734314
0.8508257269859314
0.5457287430763245
0.8373703956604004
0.2277698516845703
0.27908527851104736
0.943072497844696
0.04074940085411072
0.516730546951294
0.9619569778442383
0.5953992009162903
0.5462621450424194
0.8362805247306824
0.193864107131958
0.8114338517189026
0.8874751925468445
0.6923410892486572
0.4706261456012726
0.04373164102435112
0.22141902148723602
0.19387002289295197
0.3017711043357849
0.11886843293905258
0.35330671072006226
0.4065943658351898
0.4622109532356262
0.10529831051826477
0.9594759345054626
0.9345532655715942
0.6123219728469849
0.9365115165710449
0.761612594127655
0.7653844952583313
0.5313869118690491
0.2899910807609558
0.2900664806365967
0.5204390287399292
0.6025092005729675
0.22987626492977142
0.22714316844940186
0.8192387819290161
0.15527783334255219
0.5926395654678345
0.18699152767658234
0.5451985001564026
0.016932465136051178
0.925813615322113
0.3541967570781708
0.43878260254859924
0.13837666809558868
0.3994072675704956
0.43280693888664246
0.608568549156189
0.8885242342948914
0.1699102371931076
0.2825034558773041
0.9835767149925232
0.8903716802597046
0.3699723780155182
0.10478096455335617
0.8797502517700195
0.2156953364610672
0.6409623622894287
0.7476776242256165
0.9667686820030212
0.03618992492556572
0.122784823179245
0.9334600567817688
0.842034637928009
0.10881150513887405
0.6144096255302429
0.9645035862922668
0.9499073028564453
0.13202762603759766
0.9571049213409424
0.5232493877410889
0.7859610319137573
0.3083822727203369
0.009570391848683357
0.3237870931625366
0.7482123374938965
0.16186511516571045
0.2544223964214325
0.24586637318134308
0.3721197545528412
0.6736780405044556
0.48406118154525757
0.2336692363023758
0.15108031034469604
0.2497379034757614
0.27733612060546875
0.5013889670372009
0.6307436227798462
0.3647688627243042
0.08499877154827118
0.4432019591331482
0.5707421898841858
0.9047937989234924
0.9055450558662415
0.041640691459178925
0.44217145442962646
0.8801148533821106
0.05037182196974754
0.9027048945426941
0.481103777885437
0.6810837984085083
0.974624752998352
0.2583889663219452
0.5935856699943542
0.3854702115058899
0.956122100353241
0.27751386165618896
0.7300116419792175
0.11032027006149292
0.37174123525619507
0.5019515156745911
0.29129457473754883
0.38470908999443054
0.6123780012130737
0.7872893214225769
0.08892273157835007
0.9627389311790466
0.04841512441635132
0.5235129594802856
0.39452531933784485
0.21524472534656525
0.2316368669271469
0.020621808245778084
0.8386791348457336
0.6747574210166931
0.42490312457084656
0.5514669418334961
0.5810464024543762
0.6835175156593323
0.5113582015037537
0.6289111375808716
0.6184618473052979
0.3203316330909729
0.5054243206977844
0.792558491230011
0.8269343972206116
0.045598793774843216
0.04960612580180168
0.4862428605556488
0.656356692314148
0.047131460160017014
0.14524176716804504
0.6531867980957031
0.5987026691436768
0.8791925311088562
0.7452333569526672
0.9109099507331848
0.1929684728384018
0.3147912919521332
0.08412788063287735
0.2855502963066101
0.7683097720146179
0.6267488598823547
0.6997160911560059
0.6349496841430664
0.478539377450943
0.38379260897636414
0.021735213696956635
0.2685437500476837
0.14392825961112976
0.8375717997550964
0.2530282735824585
0.767130434513092
0.17269238829612732
0.053797852247953415
0.8369166254997253
0.13113129138946533
0.29648372530937195
0.4900971055030823
0.027100203558802605
0.1648414582014084
0.4479646384716034
0.03281276300549507
0.40736204385757446
0.2650925815105438
0.0262498427182436
0.6619685888290405
0.06476609408855438
0.9193496108055115
0.45709434151649475
0.9512484073638916
0.5231661200523376
0.9870567917823792
0.25619491934776306
0.7869431972503662
0.13304758071899414
0.8033305406570435
0.7282395362854004
0.999483048915863
0.14424017071723938
0.012652510777115822
0.06494997441768646
0.5321577787399292
0.7557564973831177
0.03456639125943184
0.5948176383972168
0.9387669563293457
0.8051568269729614
0.3639881908893585
0.8239291310310364
0.38760069012641907
0.4253602623939514
0.5275412797927856
0.9610316157341003
0.7444301843643188
0.3765842616558075
0.604790210723877
0.10466234385967255
0.16119228303432465
0.9857592582702637
0.7632730007171631
0.08508264273405075
0.8932793736457825
0.8517112731933594
0.34318527579307556
0.4357098340988159
0.678674578666687
0.14611493051052094
0.3549574017524719
0.280274361371994
0.9639915823936462
0.006076559890061617
0.6433526277542114
0.018258383497595787
0.5852141380310059
0.4984251856803894
0.8947509527206421
0.7124289870262146
0.15063036978244781
0.035571902990341187
0.7235026359558105
0.06076187640428543
0.6564182043075562
0.3438293933868408
0.23441161215305328
0.6418604254722595
0.28231167793273926
0.8837326765060425
0.09990494698286057
0.04675007238984108
0.7634658217430115
0.9649831652641296
0.348682165145874
0.8639453053474426
0.33355605602264404
0.4622820317745209
0.8167184591293335
0.22243963181972504
0.4224635660648346
0.18274806439876556
0.6423197984695435
0.5168794393539429
0.3896850645542145
0.036471616476774216
0.5384579300880432
0.371054083108902
0.9661322832107544
0.5517573952674866
0.25278154015541077
0.6829858422279358
0.5579133629798889
0.07766164839267731
0.10291069000959396
0.6109505891799927
0.2935341000556946
0.8773208260536194
0.0628185123205185
0.3322697579860687
0.654193639755249
0.2600652575492859
0.01568618230521679
0.10638841986656189
0.3276936113834381
0.6881904602050781
0.7018144726753235
0.6800206303596497
0.5951113700866699
0.8809989094734192
0.5236574411392212
0.3427707552909851
0.34480640292167664
0.2637070119380951
0.8072312474250793
0.9640892148017883
0.48844608664512634
0.815500020980835
0.9815122485160828
0.7030476927757263
0.48186492919921875
0.4532725512981415
0.1979174166917801
0.20237630605697632
0.07665460556745529
0.3629356026649475
0.5140956044197083
0.9326626062393188
0.9014953970909119
0.7054935693740845
0.19732168316841125
0.2636418044567108
0.06480005383491516
0.5827526450157166
0.8575219511985779
0.019021114334464073
0.35539814829826355
0.9902368187904358
0.4691464900970459
0.34593653678894043
0.6980026960372925
0.5226159691810608
0.4987388849258423
0.3781795799732208
0.20580987632274628
0.8673847913742065
0.32804223895072937
0.8981335163116455
0.4764974117279053
0.0676741823554039
0.6018213629722595
0.8822077512741089
0.5617236495018005
0.6971911191940308
0.5979514122009277
0.8193714022636414
0.03268049657344818
0.6868485808372498
0.5485951900482178
0.5350831151008606
0.10960539430379868
0.18488013744354248
0.5783191919326782
0.7192378640174866
0.08736526966094971
0.22002945840358734
0.44244492053985596
0.9461876749992371
0.38308340311050415
0.2901275157928467
0.2409958392381668
0.10740029811859131
0.17017300426959991
0.2917824983596802
0.12390157580375671
0.19729456305503845
0.961681067943573
0.9006242752075195
0.5368689894676208
0.2385985553264618
0.6257739663124084
0.4124020040035248
0.699627161026001
0.43721669912338257
0.2064771205186844
0.10450020432472229
0.057493723928928375
0.6065709590911865
0.4065910875797272
0.9639801979064941
0.6486435532569885
0.0904630646109581
0.8511428236961365
0.17042678594589233
0.37477976083755493
0.9140041470527649
0.2406216263771057
0.45274803042411804
0.24189308285713196
0.09623118489980698
0.260703980922699
0.8570079803466797
0.8238306045532227
0.741913914680481
0.6587592363357544
0.9876347780227661
0.4192565381526947
0.3298010230064392
0.180927574634552
0.2869415879249573
0.38537001609802246
0.834425687789917
0.24215920269489288
0.4136844873428345
0.9842414855957031
0.962482213973999
0.4490850269794464
0.16278624534606934
0.8895100355148315
0.48168933391571045
0.4447183907032013
0.9127788543701172
0.46854907274246216
0.5262593030929565
0.8957425355911255
0.33625271916389465
0.4777882695198059
0.5234088897705078
0.6505433320999146
0.18370474874973297
0.8350718021392822
0.6162059307098389
0.2384733408689499
0.6747967600822449
0.1267240345478058
0.7197312712669373
0.3912118375301361
0.018537603318691254
0.4976014494895935
0.9734960794448853
0.5274221897125244
0.7721133232116699
0.4854288399219513
0.665062665939331
0.6293006539344788
0.2252897024154663
0.22421032190322876
0.02801021933555603
0.35425296425819397
0.9778733253479004
0.8686587810516357
0.7123714089393616
0.24523837864398956
0.7365520000457764
0.864137589931488
0.016048870980739594
0.21873393654823303
0.30353254079818726
0.4446127712726593
0.45435938239097595
0.4550343453884125
0.5358432531356812
0.2022586166858673
0.10001855343580246
0.5109716653823853
0.5027160048484802
0.6136404871940613
0.4815901219844818
0.8252809643745422
0.822598397731781
0.6993828415870667
0.485792875289917
0.341774582862854
0.2804989516735077
0.07094720005989075
0.9551726579666138
0.10133235901594162
0.40926235914230347
0.30200502276420593
0.5533497333526611
0.19905135035514832
0.08497019857168198
0.4569207429885864
0.3097645044326782
0.014301881194114685
0.668231725692749
0.22946807742118835
0.9697226285934448
0.2587581276893616
0.42688387632369995
0.1789822280406952
0.18960505723953247
0.2667076289653778
0.6075721383094788
0.5538603663444519
0.8506823778152466
0.0029842222575098276
0.8568258285522461
0.7687753438949585
0.962517261505127
0.7967568039894104
0.49141621589660645
0.021363085135817528
0.6395387649536133
0.07838760316371918
0.5870935320854187
0.41490116715431213
0.5697441101074219
0.2458333969116211
0.6322817206382751
0.4823383390903473
0.3624945282936096
0.5487679839134216
0.9377935528755188
0.9853001236915588
0.30253487825393677
0.7022192478179932
0.8371667861938477
0.9457408785820007
0.3788595199584961
0.4256502687931061
0.6881261467933655
0.9937471747398376
0.06014879047870636
0.11292918026447296
0.8121610283851624
0.39397725462913513
0.5493592619895935
0.29549700021743774
0.6990920901298523
0.48339545726776123
0.04980657249689102
0.7889524698257446
0.634277880191803
0.3897179663181305
0.4021396040916443
0.390567421913147
0.5696395039558411
0.8171542882919312
0.41970565915107727
0.9858230352401733
0.11577855795621872
0.3921544849872589
0.20642031729221344
0.054447103291749954
0.8741238713264465
0.8781043887138367
0.18453767895698547
0.6931909918785095
0.18194010853767395
0.5924436450004578
0.860123336315155
0.4467306137084961
0.486558735370636
0.022359196096658707
0.010415949858725071
0.7345111966133118
0.6506412029266357
0.23134730756282806
0.13429631292819977
0.036017049103975296
0.5066375136375427
0.527712881565094
0.7223361134529114
0.3470827043056488
0.4747685194015503
0.922417163848877
0.4619825780391693
0.9366044402122498
0.5162228941917419
0.9444190263748169
0.3097960352897644
0.9040242433547974
0.04966627061367035
0.5407251119613647
0.9905250668525696
0.18659862875938416
0.9654443264007568
0.5530635714530945
0.045868922024965286
0.41606405377388
0.8170624375343323
0.04434441030025482
0.5130494832992554
0.5848917961120605
0.7727091312408447
0.6609752178192139
0.8028081059455872
0.9234837293624878
0.8966662883758545
0.9792153239250183
0.08843351900577545
0.15255694091320038
0.20603086054325104
0.8606078028678894
0.1327529102563858
0.01378420926630497
0.08704693615436554
0.9485947489738464
0.9829809665679932
0.3300921320915222
0.3321695029735565
0.461608350276947
0.7329626083374023
0.8421838283538818
0.03241344913840294
0.6349998712539673
0.4916384816169739
0.5611424446105957
0.23045282065868378
0.47458869218826294
0.6467828750610352
0.9499397873878479
0.010746185667812824
0.7227331399917603
0.31589940190315247
0.2570632994174957
0.20024864375591278
0.8533850908279419
0.3079758286476135
0.9366869926452637
0.7897357940673828
0.09370886534452438
0.3618049621582031
0.6587859392166138
0.24374109506607056
0.624364972114563
0.760188639163971
0.9123600125312805
0.8210783004760742
0.4641377031803131
0.036014821380376816
0.3113649785518646
0.14215993881225586
0.1305265724658966
0.3421150743961334
0.24382323026657104
0.40398892760276794
0.6286038756370544
0.8137830495834351
0.03710487484931946
0.2030244618654251
0.5708249807357788
0.5416479706764221
0.4379100203514099
0.49283432960510254
0.6085057258605957
0.6573472023010254
0.7082930207252502
0.7087680697441101
0.608910858631134
0.5121285915374756
0.6565720438957214
0.013644479215145111
0.7657088041305542
0.31927016377449036
0.2253645956516266
0.5537515878677368
0.7566254138946533
0.4906488060951233
0.8703566193580627
0.9040257930755615
0.3378008008003235
0.5924708843231201
0.9784548878669739
0.8782939314842224
0.9881644248962402
0.9141758680343628
0.3594094514846802
0.2574002146720886
0.5430400967597961
0.5960454344749451
0.27785807847976685
0.8376357555389404
0.4597931504249573
0.0937141701579094
0.4642329514026642
0.4679677188396454
0.7469992637634277
0.6246982216835022
0.28466811776161194
0.3979559540748596
0.9399199485778809
0.16849413514137268
0.6294520497322083
0.7063714861869812
0.17071083188056946
0.3802401125431061
0.4423263669013977
0.35922133922576904
0.4436550438404083
0.6420555114746094
0.2960222661495209
0.39297711849212646
0.5162444710731506
0.9116129875183105
0.029096422716975212
0.30588001012802124
0.5350647568702698
0.3583265244960785
0.4254682660102844
0.7998666763305664
0.7762002944946289
0.766270101070404
0.7421233654022217
0.3785895109176636
0.1932765692472458
0.792872428894043
0.9815175533294678
0.6038737893104553
0.620854377746582
0.14349377155303955
0.08058609813451767
0.20940642058849335
0.3817078769207001
0.10576203465461731
0.25464364886283875
0.32521238923072815
0.6134663820266724
0.3374742269515991
0.7902626395225525
0.15530620515346527
0.8532746434211731
0.4711402356624603
0.9671788215637207
0.8790826201438904
0.43174439668655396
0.9071334600448608
0.5643081665039062
0.7383367419242859
0.7679213285446167
0.140298530459404
0.06235387548804283
0.4325312376022339
0.14516659080982208
0.2891470491886139
0.562024712562561
0.17447087168693542
0.08552933484315872
0.008601305074989796
0.5330051183700562
0.6447885036468506
0.18712118268013
0.4072401523590088
0.6618222594261169
0.31113091111183167
0.4582632780075073
0.3428730368614197
0.061024539172649384
0.5433202981948853
0.6923453211784363
0.16600200533866882
0.49554455280303955
0.6516212821006775
0.4090883433818817
0.18981003761291504
0.9790347218513489
0.3005559742450714
0.03707491233944893
0.7197275161743164
0.17241071164608002
0.11783574521541595
0.35252732038497925
0.36431631445884705
0.46115851402282715
0.5171709060668945
0.3241310119628906
0.3313818573951721
0.8543235659599304
0.8129942417144775
0.14996762573719025
0.5694119334220886
0.004903116263449192
0.8604593873023987
0.8568211793899536
0.9917744994163513
0.1278725415468216
0.20696178078651428
0.6085233092308044
0.6322963237762451
0.0840117335319519
0.8095674514770508
0.4239923655986786
0.6184976100921631
0.2723413407802582
0.1110081747174263
0.1852099746465683
0.06378701329231262
0.8636507391929626
0.9425910115242004
0.6351265907287598
0.4753023684024811
0.7602361440658569
0.9535541534423828
0.8980005383491516
0.06454136967658997
0.4246145784854889
0.629733681678772
0.0025099185295403004
0.6884772181510925
0.48122844099998474
0.5078383684158325
0.04732093960046768
0.7080392241477966
0.4376204013824463
0.9073675274848938
0.5110863447189331
0.9678512811660767
0.42038288712501526
0.3086702525615692
0.6224905252456665
0.8687772750854492
0.6423422694206238
0.25341713428497314
0.7762840986251831
0.4666200876235962
0.052064135670661926
0.4346132278442383
0.8368883728981018
0.6138200163841248
0.4238300323486328
0.1278894692659378
0.5728418827056885
0.035751163959503174
0.8663604259490967
0.27177727222442627
0.7845515012741089
0.6686015129089355
0.214549258351326
0.3455371558666229
0.5150392055511475
0.452134907245636
0.3033007085323334
0.922953724861145
0.8080123066902161
0.46323877573013306
0.9086142778396606
0.9421185851097107
0.6328539848327637
0.7630820274353027
0.9896485805511475
0.22765113413333893
0.7448281645774841
0.5028902888298035
0.3946110010147095
0.6892067790031433
0.7371302247047424
0.1866488754749298
0.08499497175216675
0.5769801139831543
0.8340844511985779
0.47291645407676697
0.8021092414855957
0.17955240607261658
0.8828778862953186
0.12269286811351776
0.05835095793008804
0.6186871528625488
0.8288390636444092
0.4747198224067688
0.9027506113052368
0.48829394578933716
0.42986392974853516
0.4573405683040619
0.28618982434272766
0.34794116020202637
0.9841589331626892
0.3608799874782562
0.6799212098121643
0.551064133644104
0.9133493304252625
0.2670265734195709
0.1342749297618866
0.6186076402664185
0.9782758951187134
0.4273484945297241
0.07848682254552841
0.6416019201278687
0.9133417010307312
0.37253397703170776
0.7535958290100098
0.9441683888435364
0.34233802556991577
0.11706391721963882
0.23459982872009277
0.40662723779678345
0.8998746871948242
0.2059084177017212
0.03823715075850487
0.6782575249671936
0.9339154362678528
0.22904640436172485
0.6591189503669739
0.6371000409126282
0.3785070776939392
0.9757912755012512
0.7888858914375305
0.9668692350387573
0.22969017922878265
0.2179347276687622
0.8090475797653198
0.2922005355358124
0.5489617586135864
0.70320063829422
0.2043919563293457
0.46031254529953003
0.27891817688941956
0.7501824498176575
0.9714462161064148
0.9735020399093628
0.8433159589767456
0.9214969873428345
0.668083131313324
0.8229401111602783
0.9734309315681458
0.5960689187049866
0.43880102038383484
0.046572666615247726
0.006204426288604736
0.7013835906982422
0.7076063752174377
0.3528728485107422
0.2985183298587799
0.3712894320487976
0.09583354741334915
0.9295833706855774
0.8893051743507385
0.17795507609844208
0.8299355506896973
0.8822670578956604
0.1647149622440338
0.8864235877990723
0.8600190877914429
0.7302739024162292
0.33327385783195496
0.8294885754585266
0.07043308764696121
0.8675309419631958
0.8560419678688049
0.7664390802383423
0.8266987800598145
0.9431387782096863
0.5004280209541321
0.47429534792900085
0.015635907649993896
0.9893492460250854
0.8015075922012329
0.22553063929080963
0.7473970651626587
0.32537415623664856
0.44358038902282715
0.23548072576522827
0.2478266805410385
0.809506893157959
0.6346201300621033
0.762978196144104
0.901386559009552
0.724391758441925
0.7515475153923035
0.13963551819324493
0.7838248014450073
0.5421965718269348
0.8186160326004028
0.9672331213951111
0.10780119150876999
0.352420836687088
0.08021356165409088
0.9591336846351624
0.8112110495567322
0.8831388354301453
0.23867924511432648
0.3450067341327667
0.8055948615074158
0.8012387752532959
0.08024167269468307
0.384291410446167
0.21265798807144165
0.4636493921279907
0.4351186454296112
0.4444071352481842
0.46795687079429626
0.5464134812355042
0.8652257919311523
0.7631681561470032
0.23362363874912262
0.8759285807609558
0.9128087162971497
0.5086183547973633
0.017514308914542198
0.704275369644165
0.4251161515712738
0.8941415548324585
0.4019128978252411
0.03221824765205383
0.7129645943641663
0.7933149933815002
0.7559292912483215
0.3881678283214569
0.26140326261520386
0.9453624486923218
0.45773079991340637
0.901187539100647
0.2674403190612793
0.68958580493927
0.144314244389534
0.9546836614608765
0.04232100024819374
0.43387940526008606
0.6450750827789307
0.12883229553699493
0.2771134078502655
0.34183019399642944
0.05082590505480766
0.17039036750793457
0.3789592683315277
0.21672500669956207
0.2047673910856247
0.3790394365787506
0.9175702929496765
0.25828632712364197
0.13536347448825836
0.6232523918151855
0.5874843001365662
0.4321316182613373
0.0958477258682251
0.36504507064819336
0.9111212491989136
0.2598288655281067
0.8826524019241333
0.47901013493537903
0.8102419376373291
0.8181986808776855
0.4173240661621094
0.31351423263549805
0.34663164615631104
0.5641285181045532
0.46648332476615906
0.09410995244979858
0.9676468372344971
0.13295917212963104
0.9181787371635437
0.5582060813903809
0.7905598878860474
0.1304755061864853
0.40392062067985535
0.327548623085022
0.7774030566215515
0.23950821161270142
0.01899201236665249
0.127817764878273
0.005173645447939634
0.06358359754085541
0.4007096290588379
0.01524027157574892
0.7271382808685303
0.001372816739603877
0.6907503008842468
0.2543433904647827
0.08144950866699219
0.06850910931825638
0.4286821186542511
0.27106669545173645
0.7135480046272278
0.5755325555801392
0.7456730604171753
0.9870519638061523
0.15079538524150848
0.9958110451698303
0.22485987842082977
0.010271534323692322
0.7621822953224182
0.025704912841320038
0.9567105174064636
0.7624150514602661
0.5620787739753723
0.7316304445266724
0.4242648780345917
0.8215748071670532
0.6628343462944031
0.17986904084682465
0.710018515586853
0.5345352292060852
0.1349235475063324
0.4033791720867157
0.32814738154411316
0.9801684021949768
0.14824150502681732
0.19208362698554993
0.6094086170196533
0.02272639237344265
0.7674673795700073
0.7276769876480103
0.7402119636535645
0.7144849300384521
0.8890271782875061
0.46834197640419006
0.6816538572311401
0.4204213321208954
0.36998167634010315
0.014730565249919891
0.022473661229014397
0.9315275549888611
0.9148806929588318
0.3807196319103241
0.9161252975463867
0.7088404893875122
0.009784592315554619
0.8832746744155884
0.5044467449188232
0.6991061568260193
0.24472251534461975
0.8961519002914429
0.2669227123260498
0.33148589730262756
0.4267481565475464
0.8368020057678223
0.22418929636478424
0.5343490839004517
0.9333432912826538
0.829334557056427
0.4207288324832916
0.3004317581653595
0.4341523349285126
0.9453837275505066
0.3203640282154083
0.8708778619766235
0.4000113904476166
0.6060864925384521
0.924583911895752
0.13828448951244354
0.4479573369026184
0.7531092166900635
0.5350033044815063
0.2479683756828308
0.02105238102376461
0.8805478811264038
0.07834305614233017
0.9719488620758057
0.02272285893559456
0.16132491827011108
0.49119243025779724
0.21328435838222504
0.877250075340271
0.5019711852073669
0.9997991323471069
0.8415737152099609
0.2872924208641052
0.27128636837005615
0.8770797848701477
0.764855682849884
0.05242473632097244
0.3615359365940094
0.8370130062103271
0.7585647106170654
0.24868009984493256
0.9979790449142456
0.5866845846176147
0.5864417552947998
0.9380453824996948
0.2752079963684082
0.01930418238043785
0.014740435406565666
0.16365274786949158
0.5226889252662659
0.7077897191047668
0.22936485707759857
0.4657093584537506
0.20928363502025604
0.7999467849731445
0.9905313849449158
0.2548622488975525
0.8867175579071045
0.3642198443412781
0.97487473487854
0.5873508453369141
0.585403323173523
0.0861649289727211
0.2014775425195694
0.3520403206348419
0.5058832168579102
0.9912166595458984
0.6462334394454956
0.08734025061130524
0.4106285274028778
0.7428505420684814
0.27041342854499817
0.7589375972747803
0.9855868220329285
0.24439391493797302
0.29149937629699707
0.31777897477149963
0.22520717978477478
0.732896625995636
0.4803207516670227
0.18316513299942017
0.5431941151618958
0.10657109320163727
0.7830491662025452
0.38496410846710205
0.811355471611023
0.3952673375606537
0.4205450117588043
0.8722389340400696
0.8728081583976746
0.8133322596549988
0.6946642994880676
0.36758866906166077
0.17286311089992523
0.5600402355194092
0.10138211399316788
0.1022641733288765
0.7547506093978882
0.6747483611106873
0.9442691802978516
0.4338521361351013
0.8016720414161682
0.22623302042484283
0.10229314863681793
0.1059875637292862
0.07544805109500885
0.3589954674243927
0.23732805252075195
0.04621538519859314
0.5291258692741394
0.012830927036702633
0.7833843231201172
0.2566134035587311
0.8828469514846802
0.1915610432624817
0.6570312976837158
0.540800154209137
0.5983185172080994
0.7939207553863525
0.9612265229225159
0.1091877892613411
0.11542970687150955
0.3123783469200134
0.4393851161003113
0.11054394394159317
0.5640422701835632
0.811994194984436
0.7428436875343323
0.44973137974739075
0.5594217777252197
0.25103551149368286
0.22966904938220978
0.4493180811405182
0.2664557993412018
0.1520228236913681
0.4792543649673462
0.2754334807395935
0.4708603322505951
0.5878807306289673
0.36188504099845886
0.6158397197723389
0.1421123445034027
0.44479116797447205
0.6425153017044067
0.6492255330085754
0.21050697565078735
0.5056412220001221
0.70670086145401
0.2038571536540985
0.6082958579063416
0.2355971485376358
0.9408597350120544
0.40775367617607117
0.25947320461273193
0.5922671556472778
0.9882141947746277
0.8718547821044922
0.17010146379470825
0.7460629940032959
0.42978814244270325
0.19288364052772522
0.932757556438446
0.5294550061225891
0.9449423551559448
0.5419111251831055
0.19717229902744293
0.1604527086019516
0.5803970098495483
0.5894427299499512
0.19417725503444672
0.20750792324543
0.3137272596359253
0.14300517737865448
0.5649961829185486
0.44546979665756226
0.42919743061065674
0.931936502456665
0.8550847172737122
0.30294665694236755
0.2449720799922943
0.26147037744522095
0.18765686452388763
0.8311111927032471
0.3562641441822052
0.9920072555541992
0.28094255924224854
0.9345983862876892
0.22195462882518768
0.5569050908088684
0.7072681188583374
0.10376974195241928
0.6228904128074646
0.8792527318000793
0.7134020924568176
0.2879640758037567
0.8934383392333984
0.5004246830940247
0.15460427105426788
0.5679157972335815
0.5502806305885315
0.276834636926651
0.8721238970756531
0.0542956218123436
0.3157663941383362
0.33387303352355957
0.45129552483558655
0.952595591545105
0.1871335655450821
0.7860441207885742
0.11847970634698868
0.5836256742477417
0.3480284512042999
0.6199827790260315
0.817861795425415
0.986440896987915
0.703401505947113
0.3365213871002197
0.7358251214027405
0.9847284555435181
0.9586665630340576
0.09913616627454758
0.23510725796222687
0.7842320799827576
0.47241532802581787
0.7537133693695068
0.0438530258834362
0.8845236301422119
0.6509002447128296
0.235260471701622
0.675340473651886
0.7695604562759399
0.25451353192329407
0.7261251211166382
0.44497254490852356
0.6715681552886963
0.11153526604175568
0.9622560143470764
0.2569827139377594
0.7476745843887329
0.6707440614700317
0.543472170829773
0.32816025614738464
0.9338767528533936
0.5891409516334534
0.20321887731552124
0.33443623781204224
0.10161521285772324
0.7540864944458008
0.166499063372612
0.6383158564567566
0.16658830642700195
0.17577458918094635
0.03498942777514458
0.7645981311798096
0.24300681054592133
0.23422905802726746
0.4682374596595764
0.4498766362667084
0.6504668593406677
0.22804877161979675
0.9502121210098267
0.6852244138717651
0.42302754521369934
0.5918721556663513
0.3321499824523926
0.13889336585998535
0.5179038047790527
0.18251390755176544
0.8278775811195374
0.37901028990745544
0.5470783710479736
0.8093367218971252
0.6673524975776672
0.7938351035118103
0.10869798809289932
0.4328860640525818
0.8961568474769592
0.7559836506843567
0.7923833131790161
0.1572498083114624
0.45552295446395874
0.4432852268218994
0.16040557622909546
0.1524791568517685
0.4296104311943054
0.02858714759349823
0.17478112876415253
0.4723342955112457
0.6580377221107483
0.029000358656048775
0.47672343254089355
0.8198036551475525
0.05796291306614876
0.20319978892803192
0.021089691668748856
0.5610546469688416
0.9972530603408813
0.41222572326660156
0.5187416076660156
0.07430677115917206
0.9324219226837158
0.784370481967926
0.2702420949935913
0.4776766002178192
0.8632498979568481
0.05451430380344391
0.9803137183189392
0.8781423568725586
0.38555073738098145
0.781073272228241
0.5949763655662537
0.28908705711364746
0.7190266847610474
0.2949579656124115
0.9194919466972351
0.11734501272439957
0.9314305186271667
0.4789911210536957
0.8880444169044495
0.8806877136230469
0.36554664373397827
0.3663906753063202
0.7491902112960815
0.5947285890579224
0.07772167026996613
0.25572559237480164
0.622713029384613
0.8628963232040405
0.8627012372016907
0.47729456424713135
0.011898687109351158
0.1562548726797104
0.5379592776298523
0.7915719151496887
0.3780123293399811
0.23103420436382294
0.6505189538002014
0.43434542417526245
0.8443216681480408
0.24982599914073944
0.5815733671188354
0.9311127662658691
0.6501196026802063
0.3068595230579376
0.7088515162467957
0.6084273457527161
0.004263277165591717
0.27193599939346313
0.45419785380363464
0.2770808935165405
0.8628115057945251
0.82276451587677
0.8361603021621704
0.5954625606536865
0.1801874339580536
0.2785075604915619
0.6259244084358215
0.6972468495368958
0.9892104864120483
0.12608702480793
0.85834801197052
0.39271819591522217
0.9025852084159851
0.5458897352218628
0.08206933736801147
0.5415278077125549
0.37347859144210815
0.555267870426178
0.7464522123336792
0.3431148827075958
0.4942590594291687
0.280111163854599
0.9019817113876343
0.9849850535392761
0.41102397441864014
0.12541510164737701
0.801546037197113
0.8322317004203796
0.5999177694320679
0.334024041891098
0.5428608059883118
0.5077431797981262
0.8314675688743591
0.7985453009605408
0.018141496926546097
0.5944151282310486
0.5757936239242554
0.22225446999073029
0.37447109818458557
0.1824367344379425
0.9781764149665833
0.1364213526248932
0.5901418328285217
0.2821757197380066
0.9406799674034119
0.7927159667015076
0.9690901637077332
0.12636643648147583
0.23690885305404663
0.37292635440826416
0.7610843777656555
0.6280081868171692
0.23491984605789185
0.4606034457683563
0.8557578921318054
0.48671776056289673
0.5655423998832703
0.23349235951900482
0.6249451041221619
0.3395731449127197
0.3802599608898163
0.07102145254611969
0.982562243938446
0.498292475938797
0.7633587121963501
0.9391761422157288
0.4044089913368225
0.3594902753829956
0.1711331009864807
0.9132250547409058
0.41105735301971436
0.42337557673454285
0.652831494808197
0.9772986173629761
0.7791193723678589
0.7542749643325806
0.17625893652439117
0.7174890041351318
0.619942843914032
0.5819538831710815
0.39868128299713135
0.5855197906494141
0.7795082330703735
0.871623694896698
0.32100751996040344
0.7330768704414368
0.8561146855354309
0.6461725831031799
0.8811004161834717
0.24491697549819946
0.36525338888168335
0.3406620919704437
0.14260737597942352
0.3020818531513214
0.7402969598770142
0.5378240942955017
0.3894386291503906
0.5549454092979431
0.09091994911432266
0.49738186597824097
0.6600444912910461
0.10392193496227264
0.39945095777511597
0.7432627081871033
0.3677287697792053
0.7870646715164185
0.9229275584220886
0.5039591789245605
0.27324265241622925
0.46133723855018616
0.8757954239845276
0.3649502098560333
0.31266650557518005
0.22518467903137207
0.8529976010322571
0.4000658690929413
0.4129203259944916
0.8232881426811218
0.7118135094642639
0.7671054005622864
0.29997116327285767
0.05585864558815956
0.15046818554401398
0.07609684765338898
0.5215492844581604
0.6452791094779968
0.020477265119552612
0.5106385946273804
0.8293355107307434
0.7970324158668518
0.6798872351646423
0.6538763046264648
0.26293614506721497
0.06490929424762726
0.7412748336791992
0.8951517343521118
0.8347979187965393
0.7116873264312744
0.7669636011123657
0.25915655493736267
0.02498491108417511
0.6812719702720642
0.5237478017807007
0.18459992110729218
0.005856879986822605
0.9540203213691711
0.007201324217021465
0.004179385025054216
0.6205648183822632
0.10315250605344772
0.8231186866760254
0.747277021408081
0.998393714427948
0.7923887372016907
0.24964846670627594
0.7345489859580994
0.9832367897033691
0.6494250893592834
0.22139674425125122
0.3173731565475464
0.3534923195838928
0.24528014659881592
0.6513262987136841
0.5097938776016235
0.05371628329157829
0.9864089488983154
0.41893789172172546
0.7260617017745972
0.2955963909626007
0.46078577637672424
0.24180427193641663
0.6686094999313354
0.8440694808959961
0.03977559506893158
0.6563974618911743
0.7205694913864136
0.9535866379737854
0.6437792181968689
0.5950472950935364
0.3307151198387146
0.5539157390594482
0.1841294914484024
0.165457621216774
0.4638062119483948
0.5434662699699402
0.9842098355293274
0.5803865194320679
0.4656845033168793
0.8185763359069824
0.18515220284461975
0.425957053899765
0.6673677563667297
0.5009635090827942
0.04229263961315155
0.8401859998703003
0.6770395636558533
0.06756492704153061
0.716481626033783
0.13471420109272003
0.21444758772850037
0.047656528651714325
0.7891435027122498
0.31983163952827454
0.7946093678474426
0.6246345043182373
0.6788363456726074
0.92018723487854
0.37146684527397156
0.2752841114997864
0.11868872493505478
0.11114147305488586
0.8522364497184753
0.9790294766426086
0.27460938692092896
0.3926325738430023
0.9774954319000244
0.059709858149290085
0.6518973708152771
0.1696215569972992
0.3749837577342987
0.0004621734842658043
0.20871815085411072
0.5525515675544739
0.7830440402030945
0.0532044991850853
0.1760205775499344
0.21904103457927704
0.39099687337875366
0.6905648708343506
0.3347080945968628
0.339591920375824
0.9404711723327637
0.3921623229980469
0.9384326338768005
0.9213554859161377
0.0008293128339573741
0.6649951338768005
0.2640218138694763
0.8940654993057251
0.6628771424293518
0.5557364225387573
0.8839067220687866
0.24925076961517334
0.38306236267089844
0.8528867363929749
0.997651994228363
0.21852605044841766
0.8348053097724915
0.2209818810224533
0.2607841491699219
0.09507834166288376
0.29115307331085205
0.6044142842292786
0.929703414440155
0.6845589876174927
0.18887925148010254
0.0591440312564373
0.9399257898330688
0.7368845343589783
0.42341893911361694
0.0031164302490651608
0.923787534236908
0.7630481719970703
0.326895534992218
0.4393104016780853
0.8845350742340088
0.23565222322940826
0.938271164894104
0.22913740575313568
0.20406539738178253
0.19320905208587646
0.8841474056243896
0.29848331212997437
0.000670517620164901
0.8306235074996948
0.20682740211486816
0.7312281131744385
0.18402884900569916
0.21851637959480286
0.9062215089797974
0.3456341326236725
0.27846020460128784
0.18041972815990448
0.0933522954583168
0.4719181954860687
0.9202874302864075
0.48853105306625366
0.7772031426429749
0.7241646647453308
0.3925022482872009
0.5601535439491272
0.3758094012737274
0.7781726717948914
0.9820330142974854
0.5307104587554932
0.0672079548239708
0.04220288246870041
0.11694005876779556
0.8238882422447205
0.41288426518440247
0.5770421624183655
0.6408362984657288
0.715448260307312
0.0627143532037735
0.916384220123291
0.06549154222011566
0.2629009783267975
0.752333402633667
0.24650001525878906
0.2290494590997696
0.7757036685943604
0.578780472278595
0.2880975008010864
0.6613053679466248
0.6634483933448792
0.4269917607307434
0.4953736662864685
0.38632461428642273
0.5570339560508728
0.26049116253852844
0.5436781048774719
0.8647124171257019
0.8957024812698364
0.36317816376686096
0.032596319913864136
0.8783578872680664
0.3738401532173157
0.5973551273345947
0.24649527668952942
0.39148181676864624
0.7588955760002136
0.9920526742935181
0.2778523564338684
0.026301465928554535
0.4458085894584656
0.7523477673530579
0.05342499911785126
0.6169480085372925
0.39246028661727905
0.5881803035736084
0.837188720703125
0.37668377161026
0.7020106315612793
0.5248174071311951
0.3809381127357483
0.42085978388786316
0.9377787709236145
0.7395422458648682
0.3757554292678833
0.31436681747436523
0.8225398063659668
0.2942812442779541
0.5303981304168701
0.2399970293045044
0.4320864975452423
0.27022087574005127
0.9872351884841919
0.5001086592674255
0.6568145155906677
0.18736803531646729
0.8831785321235657
0.24265709519386292
0.3384338319301605
0.5650333762168884
0.5440483689308167
0.2564481496810913
0.1993984580039978
0.42702776193618774
0.9837132096290588
0.7579996585845947
0.33734139800071716
0.864503800868988
0.12788009643554688
0.5051537156105042
0.6627892851829529
0.4949491322040558
0.6777580380439758
0.3181394636631012
0.046632278710603714
0.48458489775657654
0.05430927127599716
0.8744365572929382
0.6677857041358948
0.2720849812030792
0.5793326497077942
0.924087643623352
0.886999249458313
0.1778402179479599
0.1494571417570114
0.9774574637413025
0.7422696352005005
0.22989076375961304
0.924284040927887
0.751671314239502
0.5042679309844971
0.5138015151023865
0.6763325929641724
0.11196766048669815
0.21297258138656616
0.613839864730835
0.23588241636753082
0.6792193651199341
0.47879090905189514
0.7342969179153442
0.4715457558631897
0.01062809955328703
0.712673544883728
0.6899858117103577
0.03822563588619232
0.26557648181915283
0.7839812636375427
0.13811476528644562
0.14470118284225464
0.48193687200546265
0.7500674724578857
0.878205418586731
0.07141292095184326
0.29277461767196655
0.45415177941322327
0.54276442527771
0.8727519512176514
0.022136136889457703
0.18266044557094574
0.5273062586784363
0.6709465980529785
0.6222483515739441
0.42607253789901733
0.7252933979034424
0.2086082547903061
0.648155927658081
0.7367954254150391
0.28716224431991577
0.6119036078453064
0.43911609053611755
0.09628430753946304
0.2353406846523285
0.38619306683540344
0.9513124823570251
0.8490322232246399
0.7069945335388184
0.22836145758628845
0.6466368436813354
0.6385292410850525
0.13605017960071564
0.6169090270996094
0.939569890499115
0.18569548428058624
0.5859805941581726
0.32818523049354553
0.3797595798969269
0.7566472887992859
0.4753780663013458
0.9483968615531921
0.05439078062772751
0.46019870042800903
0.5520148873329163
0.4680371880531311
0.2593865394592285
0.3871462643146515
0.09524036943912506
0.755036473274231
0.14957813918590546
0.6842951774597168
0.6450117230415344
0.1611756533384323
0.00889507308602333
0.45737424492836
0.6271103620529175
0.029079783707857132
0.4579175114631653
0.6912672519683838
0.028865475207567215
0.5666959881782532
0.73089599609375
0.16323505342006683
0.32386618852615356
0.5221911072731018
0.3521346151828766
0.6465355157852173
0.7269952297210693
0.6528313755989075
0.49800464510917664
0.17125271260738373
0.5775895118713379
0.1289791762828827
0.15358050167560577
0.6988427639007568
0.42050278186798096
0.7947337031364441
0.16456209123134613
0.0036124498583376408
0.6733996272087097
0.5873135328292847
0.5161317586898804
0.014522637240588665
0.2700693607330322
0.4469341039657593
0.15235288441181183
0.2521696388721466
0.7798953056335449
0.8612151145935059
0.9378273487091064
0.2008495181798935
0.7186474800109863
0.4365224540233612
0.12883096933364868
0.21954569220542908
0.4698323905467987
0.6279847025871277
0.5098642110824585
0.6403305530548096
0.4490063190460205
0.3791845738887787
0.052919402718544006
0.37115001678466797
0.2049892246723175
0.8062807321548462
0.4183558225631714
0.8186402916908264
0.7036776542663574
0.12742093205451965
0.1019013524055481
0.8187358379364014
0.5817959904670715
0.3324182331562042
0.21624667942523956
0.8702927827835083
0.6671058535575867
0.5206145644187927
0.4959105849266052
0.16277112066745758
0.6909757852554321
0.5907026529312134
0.31687065958976746
0.9956420063972473
0.5521494746208191
0.285165399312973
0.7169776558876038
0.6089270114898682
0.5168235898017883
0.8986839056015015
0.8051237463951111
0.9490697383880615
0.3558250963687897
0.43991631269454956
0.8750472664833069
0.013301710598170757
0.01071637962013483
0.4629744589328766
0.4168676733970642
0.2487330436706543
0.05871031433343887
0.7914628386497498
0.9724056720733643
0.36503973603248596
0.7526140809059143
0.3212446868419647
0.2536248564720154
0.5532562136650085
0.10268310457468033
0.4014022946357727
0.48925918340682983
0.2853509187698364
0.854992151260376
0.505023717880249
0.0422845184803009
0.45200520753860474
0.1090698093175888
0.026417817920446396
0.7773721814155579
0.04713904485106468
0.621995210647583
0.41863173246383667
0.7872132062911987
0.16264566779136658
0.5272157192230225
0.43994396924972534
0.7147313952445984
0.6200771331787109
0.9575019478797913
0.46254801750183105
0.8118059039115906
0.1820622831583023
0.8482232093811035
0.9529855847358704
0.511857807636261
0.03877250477671623
0.6367695927619934
0.1344977766275406
0.40718522667884827
0.019840875640511513
0.9494112133979797
0.14844410121440887
0.7331538200378418
0.3696466386318207
0.0743686631321907
0.6843866109848022
0.7671378254890442
0.8611117005348206
0.6618415117263794
0.46841785311698914
0.1146303340792656
0.19491326808929443
0.8514882326126099
0.234754741191864
0.9744342565536499
0.46697327494621277
0.7342963218688965
0.6363468170166016
0.350947767496109
0.21952927112579346
0.2396138459444046
0.09309199452400208
0.5336609482765198
0.8213616609573364
0.8741430640220642
0.9044716954231262
0.031060220673680305
0.1851724237203598
0.92037034034729
0.1995827704668045
0.372104287147522
0.31576964259147644
0.9997254014015198
0.5107913017272949
0.5814588069915771
0.7648528218269348
0.33252444863319397
0.13124725222587585
0.7646422386169434
0.548801839351654
0.9726263284683228
0.6346391439437866
0.5271064043045044
0.11216159164905548
0.5603817105293274
0.8257741928100586
0.9278807044029236
0.3377704620361328
0.6157243847846985
0.11148529499769211
0.8797792792320251
0.20231615006923676
0.7014274001121521
0.8332785964012146
0.08225519210100174
0.43807610869407654
0.7036060690879822
0.21289314329624176
0.2646717429161072
0.4252703785896301
0.556796133518219
0.3957342803478241
0.12057623267173767
0.8928965926170349
0.11754706501960754
0.4888656437397003
0.8131388425827026
0.933440625667572
0.8109517693519592
0.8762950897216797
0.1206149086356163
0.5670976638793945
0.5587302446365356
0.5750620365142822
0.13446079194545746
0.873274028301239
0.8701292872428894
0.24417594075202942
0.8833922743797302
0.9681966304779053
0.9359323382377625
0.7654237747192383
0.4680826961994171
0.5780905485153198
0.2918756306171417
0.1418747901916504
0.6140282154083252
0.18417347967624664
0.43528926372528076
0.4203704297542572
0.39941808581352234
0.2835114896297455
0.44743359088897705
0.35089486837387085
0.31613367795944214
0.8756570219993591
0.5853952765464783
0.5800114870071411
0.14311465620994568
0.19989605247974396
0.6617040634155273
0.8232063055038452
0.6545978784561157
0.32101181149482727
0.49609890580177307
0.47410207986831665
0.5872159004211426
0.3341236114501953
0.4075104296207428
0.06932133436203003
0.7553388476371765
0.07146626710891724
0.76898193359375
0.9074267745018005
0.9110404253005981
0.8477017879486084
0.04572906717658043
0.9252378344535828
0.1799028515815735
0.29035142064094543
0.2881131172180176
0.7691597938537598
0.5197972059249878
0.35619741678237915
0.3972446024417877
0.7458720207214355
0.8797347545623779
0.7748578786849976
0.5230076313018799
0.6226356029510498
0.4132640063762665
0.9858507513999939
0.0810103490948677
0.9727392196655273
0.7149235606193542
0.7804157733917236
0.3316325843334198
0.03399454057216644
0.1408511847257614
0.6335861682891846
0.5099402666091919
0.4267796576023102
0.8998129367828369
0.9675409197807312
0.40721723437309265
0.6359954476356506
0.06411748379468918
0.37683209776878357
0.39743760228157043
0.28290513157844543
0.0875822901725769
0.7325195670127869
0.7496795654296875
0.8196460604667664
0.09057008475065231
0.9694507122039795
0.9340886473655701
0.03424675762653351
0.9230401515960693
0.2423989176750183
0.20327576994895935
0.8187535405158997
0.8295705318450928
0.8732873797416687
0.24449898302555084
0.6675006747245789
0.9030554294586182
0.741156280040741
0.5584741830825806
0.32724133133888245
0.9254581928253174
0.6784284114837646
0.17504185438156128
0.24078646302223206
0.35888931155204773
0.38839787244796753
0.16695918142795563
0.5789936184883118
0.04725365713238716
0.4197874665260315
0.694460391998291
0.14048241078853607
0.3061002790927887
0.9554445147514343
0.10286914557218552
0.09361869096755981
0.9580944180488586
0.7106869220733643
0.36724042892456055
0.4758918285369873
0.9178969264030457
0.11498668044805527
0.7070724964141846
0.3592947721481323
0.6820191740989685
0.4628562033176422
0.7572644948959351
0.40476375818252563
0.1802893877029419
0.06866031885147095
0.13548113405704498
0.9554635882377625
0.3928212821483612
0.9809725284576416
0.9737120866775513
0.44024941325187683
0.07790035754442215
0.2210490107536316
0.9503918290138245
0.5602952837944031
0.3054101765155792
0.5841066837310791
0.26538288593292236
0.017384802922606468
0.05570504069328308
0.11803369969129562
0.0902387946844101
0.3265146017074585
0.8203872442245483
0.5397002696990967
0.6812763810157776
0.588153064250946
0.33143311738967896
0.08755508810281754
0.6663427948951721
0.917468786239624
0.8732079863548279
0.7245712876319885
0.8688767552375793
0.05845968797802925
0.46360671520233154
0.6846597194671631
0.5258510708808899
0.03628971055150032
0.38834527134895325
0.6650058627128601
0.6293060183525085
0.6212154030799866
0.39089375734329224
0.2265050709247589
0.1680872142314911
0.43332532048225403
0.7783324122428894
0.048489976674318314
0.532010018825531
0.5005703568458557
0.20960365235805511
0.09347985684871674
0.8003460168838501
0.06157111003994942
0.5240389108657837
0.14445994794368744
0.7264460325241089
0.17639516294002533
0.5373702049255371
0.763450562953949
0.9660765528678894
0.5138221979141235
0.3994327187538147
0.22995103895664215
0.4609847366809845
0.02859405428171158
0.6205556392669678
0.018177488818764687
0.8133188486099243
0.009154101833701134
0.9975637197494507
0.5725477933883667
0.3941971957683563
0.3866928219795227
0.23269371688365936
0.3637523949146271
0.5101551413536072
0.33605316281318665
0.10495493561029434
0.24422699213027954
0.9015284776687622
0.7416773438453674
0.9841465353965759
0.5718661546707153
0.9980661869049072
0.6835709810256958
0.5626819729804993
0.4521917998790741
0.32868778705596924
0.8033046126365662
0.6674576997756958
0.43844568729400635
0.5892401933670044
0.9288315176963806
0.45965126156806946
0.22033503651618958
0.18236003816127777
0.9832980036735535
0.9478210806846619
0.32787007093429565
0.6522253155708313
0.9937553405761719
0.7177992463111877
0.6842552423477173
0.012252354994416237
0.04936644807457924
0.0903412252664566
0.10552548617124557
0.7056229114532471
0.9168235063552856
0.7438796162605286
0.7756999135017395
0.9041208624839783
0.7643702626228333
0.4624750018119812
0.3467596769332886
0.7739923596382141
0.30445531010627747
0.9036388397216797
0.13250653445720673
0.21910326182842255
0.905418336391449
0.6673663854598999
0.4456663131713867
0.5918538570404053
0.6479710936546326
0.5871173143386841
0.4890691041946411
0.2588341534137726
0.3494643568992615
0.08916856348514557
0.5905023217201233
0.8879843354225159
0.6596599817276001
0.32860860228538513
0.4373193085193634
0.2994188666343689
0.06607957929372787
0.9361346960067749
0.7121543884277344
0.6868425011634827
0.3720330595970154
0.7134125828742981
0.806631326675415
0.40262722969055176
0.9639729857444763
0.2009112387895584
0.16623534262180328
0.27033311128616333
0.35207679867744446
0.9025883078575134
0.6512490510940552
0.1394370049238205
0.8384190201759338
0.5000789761543274
0.3022044599056244
0.9798024296760559
0.3018619418144226
0.6871342658996582
0.9802362322807312
0.07619218528270721
0.026247885078191757
0.02576889842748642
0.29041212797164917
0.7419715523719788
0.44326433539390564
0.5955628156661987
0.3616027534008026
0.12756779789924622
0.28001025319099426
0.03825928643345833
0.6354334950447083
0.768317699432373
0.6635245084762573
0.16455867886543274
0.9235585331916809
0.4016168415546417
0.0018056643893942237
