512 1 3
0
459
1
251
2
471
3
95
4
403
5
251
6
95
7
290
8
99
9
49
10
143
11
257
12
84
13
487
14
222
15
383
16
315
17
64
18
222
19
52
20
148
21
172
22
489
23
482
24
248
25
31
26
152
27
50
28
392
29
95
30
187
31
120
32
474
33
228
34
130
35
446
36
250
30
37
38
476
39
301
40
262
41
281
42
498
43
326
44
219
45
506
46
305
47
507
48
304
49
178
50
370
51
399
52
152
53
491
54
361
55
324
56
329
57
439
58
176
59
502
60
464
37
61
62
346
63
233
64
204
65
327
66
280
67
310
47
68
69
507
70
415
58
71
72
409
73
386
74
146
75
257
76
204
77
458
78
429
52
79
80
395
81
226
82
110
83
148
60
84
39
85
86
352
87
298
88
306
89
452
90
306
65
91
92
320
93
107
94
464
95
173
96
414
97
285
98
406
99
158
100
325
71
101
102
133
103
271
6
104
102
105
106
424
107
273
108
490
109
355
110
472
111
448
20
112
113
115
114
303
115
248
116
284
117
252
118
143
119
481
120
483
121
291
13
122
91
123
31
124
125
374
12
126
76
127
115
128
129
271
44
130
74
131
132
309
133
212
134
154
76
135
136
300
137
367
138
145
139
502
140
311
141
373
142
357
105
143
144
280
145
406
146
393
147
470
148
204
149
503
150
486
151
152
50
152
70
153
4
154
155
506
20
156
157
353
158
496
159
350
160
208
101
161
162
207
159
163
164
302
165
190
146
166
167
238
168
225
21
169
170
436
171
324
172
292
173
495
174
219
175
483
176
356
90
177
178
277
179
282
180
354
181
451
34
182
183
386
48
184
185
457
186
224
187
246
188
270
189
397
172
190
191
491
192
248
163
193
194
369
118
195
167
196
6
197
198
476
199
202
200
335
10
201
27
202
75
203
204
286
160
205
130
206
20
207
38
208
150
209
18
210
211
341
90
212
170
213
214
224
215
234
216
499
217
369
218
446
219
489
167
220
69
221
222
337
223
450
224
307
191
225
226
377
50
227
228
238
229
272
230
491
57
231
232
345
204
233
213
234
235
269
164
236
228
237
238
346
236
239
206
240
187
241
242
372
175
243
95
244
245
295
211
246
247
352
201
248
222
249
250
435
40
251
44
252
253
461
160
254
255
403
23
256
257
383
258
401
259
428
85
260
261
505
262
357
263
503
235
264
109
265
86
266
213
267
54
268
269
295
270
455
215
271
272
421
171
273
77
274
227
275
276
451
277
279
104
278
247
279
280
480
156
281
44
282
39
283
45
284
132
285
286
412
287
288
77
288
206
289
249
290
230
291
292
308
92
293
10
294
44
295
17
296
297
301
298
392
262
299
50
300
301
486
302
413
303
407
304
447
73
305
260
306
307
465
223
308
113
309
231
310
311
338
90
312
313
379
156
314
315
466
38
316
282
317
318
418
319
372
97
320
21
321
47
322
286
323
65
324
325
459
173
326
327
332
129
328
329
435
330
353
331
367
129
332
333
442
334
347
335
379
112
336
337
343
338
437
339
488
221
340
105
341
342
408
256
343
211
344
266
345
160
346
347
505
114
348
222
349
274
350
171
351
352
432
352
353
8
354
355
421
181
356
22
357
157
358
252
359
8
360
361
478
204
362
113
363
42
364
365
407
366
387
74
367
368
498
33
369
370
446
343
371
147
372
86
373
374
466
303
375
103
376
241
377
87
378
23
379
380
411
381
390
226
382
381
383
176
384
209
385
301
386
49
387
34
388
72
389
322
390
115
391
214
392
385
393
173
394
354
395
246
396
397
406
115
398
370
399
168
400
304
401
302
402
403
468
63
404
187
405
406
415
402
407
164
408
15
409
340
410
53
411
80
412
369
413
154
414
415
469
60
416
417
463
418
510
17
419
311
420
91
421
206
422
143
423
288
424
153
425
426
496
415
427
98
428
196
429
414
430
74
431
170
432
212
433
329
434
405
435
207
436
319
437
104
438
439
444
211
440
441
502
244
442
404
443
444
451
97
445
446
453
208
447
448
459
404
449
385
450
314
451
83
452
444
453
211
454
140
455
264
456
0
457
95
458
301
459
99
460
44
461
259
462
53
463
396
464
100
465
43
466
159
467
43
468
390
469
241
470
326
471
217
472
284
473
461
474
364
475
53
476
226
477
385
478
137
479
44
480
457
481
428
482
86
483
373
484
485
489
386
486
135
487
40
488
411
489
169
490
355
491
281
492
493
509
48
494
373
495
472
496
194
497
332
498
261
499
363
500
175
501
46
502
306
503
467
504
401
505
171
506
121
507
218
508
493
509
463
510
394
511
0.3035627007484436
0.4918433129787445
0.04933036491274834
0.40563103556632996
0.5168787837028503
0.5241681337356567
0.30599063634872437
0.22777853906154633
0.6114454865455627
0.3697861433029175
0.24887026846408844
0.22218064963817596
0.48192864656448364
0.7957823276519775
0.374126136302948
0.5911514759063721
0.44769299030303955
0.5024662017822266
0.6142217516899109
0.8315430283546448
0.3105940520763397
0.3238929808139801
0.13368618488311768
0.20574240386486053
0.5055036544799805
0.021201640367507935
0.041834037750959396
0.940498948097229
0.5354923605918884
0.25217434763908386
0.3850667178630829
0.045083701610565186
0.05281993746757507
0.37287846207618713
0.3698427975177765
0.30775195360183716
0.4372378885746002
0.8108834028244019
0.9185283184051514
0.630699098110199
0.7209580540657043
0.22826112806797028
0.3852491080760956
0.9938594102859497
0.6582052111625671
0.8808043599128723
0.3560711741447449
0.17191992700099945
0.7218983173370361
0.7412929534912109
0.4815272092819214
0.8428313136100769
0.9897327423095703
0.32623720169067383
0.6885420680046082
0.14504964649677277
0.6738272905349731
0.547771155834198
0.6683381795883179
0.671406626701355
0.5228877067565918
0.25464457273483276
0.3644956648349762
0.5291017889976501
0.4863625764846802
0.4235662519931793
0.2703624665737152
0.33690163493156433
0.2497810572385788
0.8082695007324219
0.09984340518712997
0.3411194682121277
0.3392973840236664
0.7854779362678528
0.3491566777229309
0.2009487897157669
0.8358149528503418
0.1798681765794754
0.5891610383987427
0.8931678533554077
0.24513886868953705
0.3638230562210083
0.803442656993866
0.9771671295166016
0.9495623707771301
0.010320223867893219
0.3372357189655304
0.48044413328170776
0.9959270358085632
0.3917713761329651
0.24314333498477936
0.8935152292251587
0.5777071118354797
0.1312749683856964
0.38002216815948486
0.6107678413391113
0.0172982607036829
0.5679623484611511
0.46007442474365234
0.26536473631858826
0.38910433650016785
0.22838714718818665
0.28502023220062256
0.9703611731529236
0.32084473967552185
0.8924621343612671
0.09583049267530441
0.100868821144104
0.11025668680667877
0.9320595264434814
0.3031250834465027
0.13765163719654083
0.039092231541872025
0.47591590881347656
0.1729118973016739
0.3519744277000427
0.2762589156627655
0.3500964343547821
0.5491422414779663
0.7829867601394653
0.4689371883869171
0.7249501943588257
0.8598588705062866
0.7810414433479309
0.49898168444633484
0.782563328742981
0.3753703832626343
0.45106208324432373
0.13138188421726227
0.48949018120765686
0.41133150458335876
0.09781180322170258
0.06630856543779373
0.33422595262527466
0.9569709300994873
0.7705370187759399
0.9201831817626953
0.4718782901763916
0.8549925684928894
0.3046850562095642
0.693729043006897
0.6303747892379761
0.4115749001502991
0.22379307448863983
0.8327959179878235
0.775930643081665
0.3696877658367157
0.8539209365844727
0.2387317568063736
0.7457473874092102
0.44284212589263916
0.9000245332717896
0.7297266721725464
0.9074815511703491
0.2956891357898712
0.3209856450557709
0.8479825258255005
0.7783465385437012
0.22022077441215515
0.24591374397277832
0.04240633174777031
0.24235425889492035
0.1658002883195877
0.28273439407348633
0.9898370504379272
0.4745124876499176
0.6810593008995056
0.02255893312394619
0.5777990221977234
0.480580598115921
0.19638916850090027
0.4503629207611084
0.5831400752067566
0.6972794532775879
0.08879765123128891
0.21506206691265106
0.6258460283279419
0.4912230670452118
0.08595914393663406
0.4186086356639862
0.9114572405815125
0.16205719113349915
0.8341566324234009
0.48302409052848816
0.5345175266265869
0.4276528060436249
0.18577656149864197
0.026367800310254097
0.7664482593536377
0.3527383804321289
0.042653411626815796
0.5907762050628662
0.8742398619651794
0.9200010299682617
0.11767969280481339
0.3503470718860626
0.35832342505455017
0.44483399391174316
0.9825013875961304
0.39274999499320984
0.6091083288192749
0.7732207775115967
0.2441781759262085
0.8526437878608704
0.5236995220184326
0.6056743264198303
0.1795150488615036
0.624270498752594
0.5176517963409424
0.6417887806892395
0.8167479038238525
0.7120042443275452
0.6025582551956177
0.7364464998245239
0.41405847668647766
0.4646742343902588
0.721770167350769
0.5615213513374329
0.014363456517457962
0.27731913328170776
0.0736992284655571
0.025365592911839485
0.7620649337768555
0.5788804292678833
0.6840934157371521
0.195847749710083
0.10341508686542511
0.6844726800918579
0.9045034646987915
0.0537940077483654
0.9474729895591736
0.9202373027801514
0.44706234335899353
0.12709982693195343
0.9493550658226013
0.35898593068122864
0.5060169100761414
0.6808929443359375
0.5567352175712585
0.05026465654373169
0.23396913707256317
0.5578731298446655
0.6356246471405029
0.24037465453147888
0.43847596645355225
0.2923576533794403
0.2039593607187271
0.5211318731307983
0.9118503332138062
0.13609829545021057
0.3583415448665619
0.9197279810905457
0.08009286969900131
0.7446296811103821
0.4203120470046997
0.3835027813911438
0.625055193901062
0.36303502321243286
0.7199469804763794
0.9336527585983276
0.3075495958328247
0.6349518895149231
0.3968590497970581
0.9818450212478638
0.1939559280872345
0.892122209072113
0.6425150036811829
0.003739630803465843
0.25124627351760864
0.5843678116798401
0.729709804058075
0.5565096735954285
0.211507648229599
0.17616596817970276
0.40691396594047546
0.1469430774450302
0.3594949245452881
0.18235094845294952
0.2740848958492279
0.8498983979225159
0.2764095366001129
0.5128514766693115
0.5562715530395508
0.1642463207244873
0.7986267805099487
0.3247552514076233
0.06278201192617416
0.03699380159378052
0.04548812285065651
0.37585312128067017
0.139298677444458
0.09745930135250092
0.8689173460006714
0.10889007896184921
0.5662445425987244
0.5146187543869019
0.24170847237110138
0.8381222486495972
0.6887550354003906
0.5581695437431335
0.39124712347984314
0.04880386218428612
0.6123338341712952
0.3244922161102295
0.39124104380607605
0.14104874432086945
0.6759830117225647
0.5218858122825623
0.5315619707107544
0.28532201051712036
0.06754355877637863
0.6500747799873352
0.8403393626213074
0.94816654920578
0.39592820405960083
0.34518182277679443
0.4122108817100525
0.6955183148384094
0.35691535472869873
0.15163619816303253
0.6666467785835266
0.1612701714038849
0.8963583707809448
0.9324660301208496
0.8299599885940552
0.3200857937335968
0.15661829710006714
0.05816830322146416
0.1703784167766571
0.7195528745651245
0.8743891716003418
0.4806904196739197
0.9369859099388123
0.0063680917955935
0.9848382472991943
0.37902453541755676
0.3975948095321655
0.9803457260131836
0.4654591977596283
0.9412092566490173
0.8918854594230652
0.7296552062034607
0.916749119758606
0.0013023008359596133
0.0973375141620636
0.018449625000357628
0.4503105580806732
0.9934773445129395
0.8829958438873291
0.5218849182128906
0.5129951238632202
0.7706176042556763
0.022060398012399673
0.5979154109954834
0.7159484624862671
0.061227042227983475
0.22146444022655487
0.7911938428878784
0.24903516471385956
0.2403373271226883
0.315032958984375
0.9312947392463684
0.25370749831199646
0.8504430651664734
0.5480666160583496
0.5065324306488037
0.6957016587257385
0.4735119640827179
0.8626629710197449
0.0753045603632927
0.05213475972414017
0.623928427696228
0.9931584596633911
0.2428038865327835
0.9218449592590332
0.5895403623580933
0.07296925783157349
0.5051105618476868
0.5010684132575989
0.47519898414611816
0.6728795766830444
0.4772617816925049
0.5912022590637207
0.10469518601894379
0.17794378101825714
0.32728075981140137
0.6240445971488953
0.24799640476703644
0.6025007963180542
0.5531206130981445
0.1119493767619133
0.6245901584625244
0.7073602676391602
0.22996637225151062
0.5991876721382141
0.6083788275718689
0.8842732906341553
0.7690029740333557
0.5476602911949158
0.18021802604198456
0.25703033804893494
0.12397631257772446
0.022339394316077232
0.944694459438324
0.1595265418291092
0.8643246293067932
0.9153581261634827
0.9342740774154663
0.8421112298965454
0.9156404137611389
0.2984439432621002
0.8472253084182739
0.1642409712076187
0.07511445879936218
0.6139543652534485
0.1467212289571762
0.4690650701522827
0.6934846639633179
0.9197743535041809
0.6414259672164917
0.4848566949367523
0.16825278103351593
0.25881025195121765
0.7803581953048706
0.34298330545425415
0.7221335768699646
0.33982500433921814
0.8605712056159973
0.42435890436172485
0.8075063824653625
0.8323745131492615
0.3432714343070984
0.006103299558162689
0.8374336957931519
0.7164756059646606
0.054679982364177704
0.06186571717262268
0.8492266535758972
0.4793302118778229
0.9831231832504272
0.13025279343128204
0.21671397984027863
0.1285094916820526
0.4667302370071411
0.36431044340133667
0.2059032917022705
0.5810124278068542
0.600566029548645
0.8125917911529541
0.9465305209159851
0.5211765170097351
0.7106208801269531
0.5700564980506897
0.876069188117981
0.8697779178619385
0.23286789655685425
0.41895046830177307
0.53029465675354
0.3756769597530365
0.11591219902038574
0.533650815486908
0.6154264807701111
0.8443973064422607
0.4546973705291748
0.1559230238199234
0.29325926303863525
0.6360117197036743
0.33792945742607117
0.346054345369339
0.4429948925971985
0.08157305419445038
0.44811171293258667
0.37063485383987427
0.17766420543193817
0.14752689003944397
0.19455137848854065
0.6239789724349976
0.6321210861206055
0.8905390501022339
0.655834436416626
0.6230717301368713
0.5292335748672485
0.9802519679069519
0.4343163073062897
0.2847559452056885
0.9366990923881531
0.3805008828639984
0.1368565559387207
0.15495212376117706
0.8925742506980896
0.9250386357307434
0.963300883769989
0.37570691108703613
0.16058823466300964
0.009671084582805634
0.6053500175476074
0.1660628318786621
0.013612457551062107
0.9693986773490906
0.9728517532348633
0.7232642769813538
0.743608832359314
0.130180224776268
0.17372757196426392
0.6138527989387512
0.14717704057693481
0.9091075658798218
0.2696375548839569
0.19684913754463196
0.19420075416564941
0.0825623869895935
0.04589466378092766
0.8346546292304993
0.861212432384491
0.2645660936832428
0.8890800476074219
0.4420424699783325
0.69866943359375
0.11578720808029175
0.9348117113113403
0.05226818099617958
0.3399505019187927
0.4512462019920349
0.9983275532722473
0.5861599445343018
0.8863881826400757
0.1669856458902359
0.21925117075443268
0.5038840174674988
0.857080340385437
0.04975356161594391
0.4272531569004059
0.7900375723838806
0.2676287293434143
0.24116332828998566
0.02863738313317299
0.2262972742319107
0.5712939500808716
0.9549965858459473
0.894832968711853
0.30122509598731995
0.134895458817482
0.5569143891334534
0.31158027052879333
0.6100243330001831
0.22031596302986145
0.23306120932102203
0.44337955117225647
0.016797784715890884
0.834161639213562
0.23890168964862823
0.8480938076972961
0.6250593662261963
0.9187915325164795
0.6699132919311523
0.29261472821235657
0.38188400864601135
0.6644545197486877
0.8860209584236145
0.3342847228050232
0.21761994063854218
0.5177448391914368
0.1737978160381317
0.17646700143814087
0.7451982498168945
0.3090265989303589
0.5019643306732178
0.5567507147789001
0.5316062569618225
0.5075816512107849
0.5174635052680969
0.4030870199203491
0.14649565517902374
0.25638023018836975
0.37013763189315796
0.5390934348106384
0.7719011902809143
0.9042260646820068
0.43794724345207214
0.22582364082336426
0.8976943492889404
0.3798178434371948
0.864707887172699
0.9912659525871277
0.4485158324241638
0.5569013953208923
0.9567076563835144
0.8991153836250305
0.3445395231246948
0.4400716722011566
0.8976013660430908
0.6405104398727417
0.22054730355739594
0.621934175491333
0.9252469539642334
0.8082121014595032
0.5901764035224915
0.07506639510393143
0.9706026315689087
0.9086281657218933
0.8019493222236633
0.12686976790428162
0.8879566192626953
0.824865460395813
0.6561247706413269
0.9529036283493042
0.2573850154876709
0.682470977306366
0.15491636097431183
0.4696594178676605
0.22205011546611786
0.6600808501243591
0.0024521227460354567
0.5496402978897095
0.6762583255767822
0.14084407687187195
0.5190080404281616
0.5482744574546814
0.09535815566778183
0.7661094069480896
0.3980540335178375
0.8759312033653259
0.7954568862915039
0.2118765264749527
0.7032748460769653
0.7181369066238403
0.14098092913627625
0.07753679156303406
0.014745552092790604
0.5336106419563293
0.516718864440918
0.7781720757484436
0.31897756457328796
0.13261446356773376
0.17447099089622498
0.10149255394935608
0.7162113785743713
0.8673549294471741
0.3686814606189728
0.0905570313334465
0.8967894315719604
0.12113779783248901
0.9390567541122437
0.011980630457401276
0.786171019077301
0.35428643226623535
0.3051956295967102
0.008849618956446648
0.9388775825500488
0.6365094780921936
0.47920048236846924
0.850440263748169
0.681596040725708
0.5388100743293762
0.4261407256126404
0.9976207613945007
0.2281022071838379
0.8001379370689392
0.95219886302948
0.5228432416915894
0.9216760993003845
0.7469865083694458
0.12808142602443695
0.5107831358909607
0.8073531985282898
0.45524856448173523
0.7492207288742065
0.1826636642217636
0.8269637227058411
0.4144366681575775
0.9477283358573914
0.1479468196630478
0.7386966943740845
0.405692994594574
0.219303697347641
0.3154012858867645
0.5394089221954346
0.041073255240917206
0.5742784142494202
0.20082958042621613
0.5771182775497437
0.9095815420150757
0.12447086721658707
0.5891156196594238
0.056160423904657364
0.8190101385116577
0.5721224546432495
0.3852982819080353
0.40413978695869446
0.09806834161281586
0.9486700892448425
0.35630354285240173
0.6646197438240051
0.1978946328163147
0.3117184042930603
0.8421653509140015
0.5660611987113953
0.9746754765510559
0.8561288118362427
0.050600238144397736
0.15737852454185486
0.8790650963783264
0.724021852016449
0.38875606656074524
0.149343803524971
0.22893360257148743
0.5996496081352234
0.5069435834884644
0.5964856743812561
0.6179759502410889
0.9604833722114563
0.47413170337677
0.44842976331710815
0.4451631009578705
0.19884704053401947
0.19213609397411346
0.8516839146614075
0.7167099714279175
0.4072025418281555
0.20506975054740906
0.9443716406822205
0.35275524854660034
0.8929564356803894
0.6902564764022827
0.1335182934999466
0.9926127791404724
0.9873921871185303
0.8714462518692017
0.060132551938295364
0.6001361012458801
0.5972194671630859
0.6960452198982239
0.11069264262914658
0.8645175695419312
0.04884321987628937
0.8438241481781006
0.4285697638988495
0.4180053174495697
0.40791937708854675
0.9713897705078125
0.12445060163736343
0.8615288138389587
0.8577986359596252
0.1111866757273674
0.5738281011581421
0.9801817536354065
0.04162582755088806
0.016063788905739784
0.4485194981098175
0.4064538776874542
0.01967719756066799
0.6310538649559021
0.23301728069782257
0.29372841119766235
0.9665403962135315
0.44409918785095215
0.9575067162513733
0.27471861243247986
0.3160802721977234
0.1050410121679306
0.029175130650401115
0.91887366771698
0.46435409784317017
0.35099804401397705
0.4909631311893463
0.27821362018585205
0.6555159091949463
0.8671955466270447
0.3812144696712494
0.5807334184646606
0.2455846667289734
0.3993834853172302
0.2245522439479828
0.274410218000412
0.43531641364097595
0.006814431399106979
0.7148224711418152
0.6858922839164734
0.7127327919006348
0.6327033042907715
0.30040350556373596
0.07604678720235825
0.9719932675361633
0.08653347939252853
0.7904056310653687
0.6528430581092834
0.9097067713737488
0.2912963032722473
0.7178991436958313
0.752743124961853
0.9891535639762878
0.3458152711391449
0.84157794713974
0.9038798809051514
0.4454233646392822
0.3201492726802826
0.09241911768913269
0.991161048412323
0.9137458205223083
0.8591703772544861
0.05152923986315727
0.7634403109550476
0.025549160316586494
0.6743510961532593
0.1789805144071579
0.6763956546783447
0.8316007852554321
0.21210846304893494
0.28419163823127747
0.06374117732048035
0.3295130431652069
0.3203040659427643
0.3434956669807434
0.9772310853004456
0.3073294162750244
0.9588618874549866
0.7748727202415466
0.24735599756240845
0.34986668825149536
0.6521154642105103
0.808070182800293
0.4541436731815338
0.47239866852760315
0.9079436659812927
0.3302749991416931
0.06747223436832428
0.3420197367668152
0.16743427515029907
0.07855492830276489
0.9319295287132263
0.5201373100280762
0.3585573434829712
0.34841907024383545
0.45853981375694275
0.08009830862283707
0.8875499367713928
0.6387845873832703
0.04313647747039795
0.6130602955818176
0.4046804904937744
0.11335018277168274
0.9048330783843994
0.8005634546279907
0.3140646815299988
0.5670589804649353
0.7699049711227417
0.5909833908081055
0.1731080710887909
0.6616321802139282
0.8953176736831665
0.6714704036712646
0.12313712388277054
0.4612054228782654
0.48451706767082214
0.9780458211898804
0.6345019340515137
0.8908742070198059
0.9221419095993042
0.7422503232955933
0.4284154772758484
0.7941920161247253
0.20258644223213196
0.5782132148742676
0.7595973610877991
0.05309203639626503
0.10441336035728455
0.04542933404445648
0.79632568359375
0.9564096331596375
0.11094984412193298
0.9004896879196167
0.8010206818580627
0.9681655764579773
0.03840591758489609
0.7103312015533447
0.9380213618278503
0.6662924885749817
0.059352897107601166
0.29900699853897095
0.20624063909053802
0.3641648292541504
0.9434127807617188
0.2742242217063904
0.8214174509048462
0.05649267137050629
0.4839664101600647
0.647400438785553
0.3594740331172943
0.17372307181358337
0.9168897271156311
0.6300139427185059
0.9808938503265381
0.5663518905639648
0.36565253138542175
0.2854543924331665
0.1579841673374176
0.23893176019191742
0.437827467918396
0.2707613408565521
0.20901401340961456
0.2656600773334503
0.18476998805999756
0.7358279824256897
0.8541500568389893
0.3204081356525421
0.18999835848808289
0.3075210154056549
0.6774021983146667
0.5197696089744568
0.1321689784526825
0.8879085183143616
0.4884009063243866
0.48352935910224915
0.07165034115314484
0.02933022938668728
0.7672868371009827
0.8143359422683716
0.36186352372169495
0.677506148815155
0.464877188205719
0.5995973944664001
0.2098435014486313
0.5734377503395081
0.524797797203064
0.85977703332901
0.8405872583389282
0.6417981386184692
0.7684366703033447
0.759898841381073
0.10743822157382965
0.8714138269424438
0.35092297196388245
0.4560867249965668
0.778328001499176
0.37377986311912537
0.437305212020874
0.9657914042472839
0.12395323812961578
0.7867996692657471
0.025363903492689133
0.9087753295898438
0.06260260939598083
0.1674291342496872
0.02887597307562828
0.8716039657592773
0.8635227084159851
0.34821075201034546
0.915848970413208
0.9426488876342773
0.9510257244110107
0.25758785009384155
0.5756720900535583
0.3453211188316345
0.07524676620960236
0.10321230441331863
0.3430667817592621
0.022356614470481873
0.04654144123196602
0.5334993004798889
0.9443016648292542
0.233789324760437
0.021444622427225113
0.2366156429052353
0.28107503056526184
0.10157421231269836
0.574007511138916
0.9595597386360168
0.41139018535614014
0.8800339698791504
0.3434850573539734
0.5696741342544556
0.19197610020637512
0.8576541543006897
0.7682107090950012
0.38302865624427795
0.9758265018463135
0.5510573387145996
0.45952802896499634
0.8764832615852356
0.01893300563097
0.3376784026622772
0.2809225022792816
0.35759562253952026
0.012503348290920258
0.25672757625579834
0.8881120681762695
0.741993248462677
0.6321031451225281
0.4957129955291748
0.030241210013628006
0.9014890789985657
0.9618154168128967
0.8187284469604492
0.13338704407215118
0.605847954750061
0.788296103477478
0.08180174231529236
0.04181542620062828
0.47028952836990356
0.19111990928649902
0.775478720664978
0.24429500102996826
0.49864718317985535
0.03350260853767395
0.9639866948127747
0.07156771421432495
0.7442340850830078
0.6302044987678528
0.478924036026001
0.343470960855484
0.5148173570632935
0.6480634212493896
0.1810695081949234
0.07236453890800476
0.9060391783714294
0.9791968464851379
0.6658346652984619
0.43975216150283813
0.4141903519630432
0.4227435290813446
0.7923377752304077
0.5114527344703674
0.8495143055915833
0.27566179633140564
0.19893179833889008
0.08056462556123734
0.8404337763786316
0.13505810499191284
0.12209586799144745
0.21189111471176147
0.8215376138687134
0.9541616439819336
0.4002223014831543
0.025851158425211906
0.7899757027626038
0.7237340807914734
0.10545666515827179
0.30534109473228455
0.7045792937278748
0.5056496858596802
0.6267593502998352
0.6984320878982544
0.5156917572021484
0.20375117659568787
0.5825800895690918
0.20522506535053253
0.8011234402656555
0.3108801245689392
0.9364646077156067
0.15073293447494507
0.12809184193611145
0.6786710619926453
0.38368433713912964
0.6672648191452026
0.2216413915157318
0.3098856806755066
0.6610525250434875
0.5486500859260559
0.9784237146377563
0.00014468123845290393
0.5702903270721436
0.8056510090827942
0.5903877019882202
0.8215959072113037
0.6999931931495667
0.07324392348527908
0.20631688833236694
0.5285104513168335
0.9901127815246582
0.4687546491622925
0.3039579391479492
0.946197509765625
0.47693222761154175
0.7149134874343872
0.7279386520385742
0.40250036120414734
0.3032715320587158
0.7689771056175232
0.430595725774765
0.8835695385932922
0.7296385169029236
0.9485713243484497
0.6513164639472961
0.7433192133903503
0.06633662432432175
0.72672438621521
0.2091372162103653
0.4171067774295807
0.5277105569839478
0.7689560651779175
0.8905903100967407
0.8090845346450806
0.5870398283004761
0.2018723040819168
0.4651443064212799
0.540802538394928
0.8901708126068115
0.6171404123306274
0.4268152415752411
0.4228663146495819
0.4269202649593353
0.2617574632167816
0.12116312980651855
0.01923792064189911
0.14929354190826416
0.29940634965896606
0.5259844660758972
0.9252658486366272
0.8616828322410583
0.6325828433036804
0.5996637344360352
0.9723986387252808
0.723848283290863
0.9317556619644165
0.38823068141937256
0.45627716183662415
0.020808257162570953
0.9699363708496094
0.7897576093673706
0.7332305908203125
0.37310388684272766
0.5468087792396545
0.8454090356826782
0.659117579460144
0.636349618434906
0.6771706342697144
0.9627619385719299
0.8242025971412659
0.5447935461997986
0.17081975936889648
0.8504900336265564
0.05807371810078621
0.7509081959724426
0.447301983833313
0.3090652525424957
0.5791098475456238
0.16646045446395874
0.12498420476913452
0.31482136249542236
0.5274566411972046
0.7650601863861084
0.14645612239837646
0.5232948660850525
0.36110782623291016
0.19190523028373718
0.28255143761634827
0.658758819103241
0.6457614898681641
0.3593531548976898
0.45952722430229187
0.8415213227272034
0.231388121843338
0.39048922061920166
0.7999061942100525
0.1452856808900833
0.41281089186668396
0.4506862461566925
0.5713720321655273
0.165077343583107
0.3348236680030823
0.5454931855201721
0.6482066512107849
0.2015807181596756
0.45951467752456665
0.3586631119251251
0.8812823295593262
0.6076053380966187
0.11573390662670135
0.919989287853241
0.756495475769043
0.5369716882705688
0.45391714572906494
0.9728045463562012
0.174608513712883
0.6630492210388184
0.12562882900238037
0.9448758959770203
0.3144143223762512
0.5767241716384888
0.7850748896598816
0.7185105085372925
0.14709419012069702
0.21350854635238647
0.7926151752471924
0.6503653526306152
0.2870418131351471
0.46457207202911377
0.1887737214565277
0.8201180100440979
0.4136901795864105
0.736767590045929
0.9919705390930176
0.8418433666229248
0.014598933048546314
0.9307132959365845
0.45821037888526917
0.08688202500343323
0.6421536207199097
0.6220345497131348
0.5329674482345581
0.9015636444091797
0.038361478596925735
0.006822911091148853
0.9729210138320923
0.8591546416282654
0.4090166687965393
0.6159371733665466
0.6503640413284302
0.10735917836427689
0.03007546067237854
0.17292341589927673
0.9993799924850464
0.6973286271095276
0.9998862743377686
0.6106735467910767
0.34560805559158325
0.048938363790512085
0.6732887029647827
0.3325585424900055
0.020014852285385132
0.2906925678253174
0.16789202392101288
0.6911191940307617
0.94880610704422
0.049603868275880814
0.05222306773066521
0.8283889293670654
0.9243433475494385
0.9119741916656494
0.4748838245868683
0.1519138664007187
0.4439157545566559
0.9003745913505554
0.7162118554115295
0.5512863397598267
0.2427276074886322
0.787283718585968
0.49080267548561096
0.31373217701911926
0.37792709469795227
0.43461698293685913
0.1267995536327362
0.8267158269882202
0.5148931741714478
0.723758339881897
0.4982488453388214
0.6998748779296875
0.6178817749023438
0.15036612749099731
0.7296897768974304
0.8560795783996582
0.38217893242836
0.9908418655395508
0.35301727056503296
0.7603430151939392
0.8809916973114014
0.285415917634964
0.7238430976867676
0.21422064304351807
0.570378303527832
0.8060792684555054
0.15660792589187622
0.08909560739994049
0.939936637878418
0.2642356753349304
0.11645045876502991
0.5094765424728394
0.3480294644832611
0.39026886224746704
0.4788903594017029
0.20205552875995636
0.6603889465332031
0.6569068431854248
0.4842930734157562
0.3187074661254883
0.29373231530189514
0.6099729537963867
0.003726226044818759
0.5165892243385315
0.6180980801582336
0.6303989291191101
0.855833888053894
0.5247007012367249
0.6634526252746582
0.19636301696300507
0.05989767983555794
0.3031562566757202
0.6548963189125061
0.5151169300079346
0.5038901567459106
0.6871019005775452
0.30607283115386963
0.8308272957801819
0.6037560701370239
0.06033605709671974
0.04675944894552231
0.2456037849187851
0.9291591644287109
0.8975962996482849
0.6686030626296997
0.5420289635658264
0.5193189978599548
0.5845800042152405
0.1432514637708664
0.8962135314941406
0.023561624810099602
0.4735482335090637
0.4643095135688782
0.9687826037406921
0.9142372608184814
0.5334545373916626
0.23243753612041473
0.21535103023052216
0.8125081658363342
0.18861037492752075
0.9220407605171204
0.45165523886680603
0.30037569999694824
0.020738614723086357
0.16430805623531342
0.8529951572418213
0.4035719037055969
0.45958152413368225
0.006454521790146828
0.13482841849327087
0.5210695862770081
0.40846383571624756
0.6105471849441528
0.6343320608139038
0.393669456243515
0.08463426679372787
0.8949873447418213
0.15311148762702942
0.44315317273139954
0.3600492477416992
0.6729699969291687
0.3375464677810669
0.35999739170074463
0.7925978899002075
0.8446360230445862
0.8261815905570984
0.2581251561641693
0.19059553742408752
0.2384415715932846
0.023325424641370773
0.5050273537635803
0.4032597243785858
0.7140868306159973
0.37201428413391113
0.6275635957717896
0.8703425526618958
0.7967291474342346
0.7589090466499329
0.24509267508983612
0.27604159712791443
0.18990004062652588
0.9821397066116333
0.016812153160572052
0.45923569798469543
0.6972289085388184
0.08435790985822678
0.6339484453201294
0.004249370191246271
0.35626348853111267
0.6444364190101624
0.14916597306728363
0.5631187558174133
0.8394182920455933
0.3118249475955963
0.24735724925994873
0.6324529051780701
0.1422240287065506
0.8187991976737976
0.2040470838546753
0.8879004120826721
0.8753984570503235
0.932522177696228
0.03685898706316948
0.6619568467140198
0.4199810028076172
0.5635688304901123
0.45517224073410034
0.11239352077245712
0.642939567565918
0.5850846171379089
0.032981522381305695
0.16724030673503876
0.04415709152817726
0.8741135597229004
0.9356641173362732
0.176291823387146
0.47060519456863403
0.3026154339313507
0.9068061709403992
0.1276029497385025
0.7299007177352905
0.2719208896160126
0.44662779569625854
0.2704968750476837
0.5624049305915833
0.28342220187187195
0.10843013226985931
0.6407023072242737
0.7939278483390808
0.3217923939228058
0.20314204692840576
0.15228772163391113
0.13737481832504272
0.26129159331321716
0.1466214954853058
0.5104715824127197
0.4655836522579193
0.5723097324371338
0.38936349749565125
0.9460565447807312
0.7990303039550781
0.6905527710914612
0.1363878697156906
0.9682945609092712
0.25348401069641113
0.9019096493721008
0.7136291265487671
0.32009759545326233
0.056566134095191956
0.6291154026985168
0.23652687668800354
0.44752800464630127
0.10102538764476776
0.9357823133468628
0.9738810062408447
0.6727536916732788
0.16713981330394745
0.21022340655326843
0.2583968937397003
0.8328438401222229
0.4184950292110443
0.5087657570838928
0.353269100189209
0.6289784908294678
0.09345556795597076
0.48978930711746216
0.2595594823360443
0.297115683555603
0.009278803132474422
0.632439136505127
0.9274823665618896
0.4356372058391571
0.23582254350185394
0.5485491752624512
0.7637742161750793
0.5002152919769287
0.2936704456806183
0.030060159042477608
0.024634191766381264
0.44174832105636597
0.5024083256721497
0.0663430392742157
0.5176132917404175
0.1802745908498764
0.4731389880180359
0.748236358165741
0.8745425939559937
0.38220837712287903
0.25214606523513794
0.18528391420841217
0.7526037693023682
0.3098059892654419
0.28834617137908936
0.5387338995933533
0.862831711769104
0.8819139003753662
0.9628174901008606
0.4866943359375
0.616358757019043
0.28327009081840515
0.5655668377876282
0.2571946978569031
0.3867824375629425
0.8356329798698425
0.9277306795120239
0.7029791474342346
0.5234811305999756
0.428087443113327
0.8594222664833069
0.39844557642936707
0.9038649201393127
0.02659272402524948
0.13759779930114746
0.10320914536714554
0.1515320986509323
0.728171706199646
0.10596553236246109
0.6005938649177551
0.5357260704040527
0.700255274772644
0.8324429392814636
0.8386477828025818
0.9100956320762634
0.6353554129600525
0.15252482891082764
0.9698385000228882
0.6023210883140564
0.7787153720855713
0.8507079482078552
0.30770835280418396
0.8325889706611633
0.7731616497039795
0.7431049942970276
0.9185905456542969
0.007196313701570034
0.31511470675468445
0.3377528190612793
0.8458161354064941
0.506461501121521
0.20922426879405975
0.7453622817993164
0.8156738877296448
0.8965325951576233
0.05033276230096817
0.42441561818122864
0.6940959095954895
0.5861122608184814
0.45730942487716675
0.20486265420913696
0.8853439092636108
0.09150437265634537
0.20670312643051147
0.34796199202537537
0.5252689123153687
0.3911861479282379
0.6843885183334351
0.20459619164466858
0.6793155074119568
0.8091461062431335
0.10171014070510864
0.6924009919166565
0.09262468665838242
0.4130626618862152
0.6046127676963806
0.20516337454319
0.2846532464027405
0.3496849834918976
0.12241121381521225
0.8207100033760071
0.5616697072982788
0.20754161477088928
0.12661674618721008
0.054911039769649506
0.2901245057582855
0.42411869764328003
0.18521055579185486
0.13808871805667877
0.5394555926322937
0.24120011925697327
0.7122798562049866
0.6416501402854919
0.5268297791481018
0.6036345362663269
0.14054736495018005
0.14098511636257172
0.7494679093360901
0.9451770186424255
0.5423123836517334
0.11861502379179001
0.2295764684677124
0.31336599588394165
0.010562260635197163
0.5689152479171753
0.09379152208566666
0.6858488917350769
0.3062334656715393
0.33666276931762695
0.39414843916893005
0.1597418189048767
0.05127386003732681
0.7049180269241333
0.9305306077003479
0.4541107416152954
0.6724655628204346
0.2863452732563019
0.3449168801307678
0.4978879690170288
0.04436804726719856
0.21325483918190002
0.18501365184783936
0.8220168352127075
0.5287892818450928
0.8557052612304688
0.1089099869132042
0.003564072772860527
0.6365704536437988
0.5327791571617126
0.9769332408905029
0.7887341380119324
0.1330181509256363
0.1974731981754303
0.06738056242465973
0.6507455706596375
0.3815501630306244
0.37953031063079834
0.35006973147392273
0.11288444697856903
0.638108491897583
0.7321826815605164
0.5573265552520752
0.45525863766670227
0.5895349383354187
0.8446390628814697
0.5317349433898926
0.5252104997634888
0.012008202262222767
0.8838159441947937
0.18660739064216614
0.7073206305503845
0.4625890851020813
0.21919426321983337
0.15726856887340546
0.22109109163284302
0.7184736728668213
0.6139494776725769
0.379038006067276
0.032883647829294205
0.16440413892269135
0.4226264953613281
0.12747199833393097
0.7705956697463989
0.7682420015335083
0.9815518260002136
0.8996686935424805
0.7269404530525208
0.0781310647726059
0.5733928084373474
0.6448373198509216
0.1930278241634369
0.5269529223442078
0.10231614857912064
0.5793812870979309
0.9175582528114319
0.2808034420013428
0.44167017936706543
0.4619998037815094
0.447067528963089
0.8233757019042969
0.7008476853370667
0.44409337639808655
0.6664623022079468
0.7342870235443115
0.02833828143775463
0.2855246663093567
0.6598284244537354
0.5043505430221558
0.8391909599304199
0.11169085651636124
0.8452768325805664
0.8475112915039062
0.026906894519925117
0.8691871166229248
0.7093335390090942
0.7171652317047119
0.12355624884366989
0.5369265079498291
0.24011805653572083
0.3502042591571808
0.2607370913028717
0.4366602301597595
0.8203901052474976
0.6102517247200012
0.37086737155914307
0.00837097130715847
0.3361356556415558
0.606950581073761
0.460421085357666
0.07422606647014618
0.21871334314346313
0.7888580560684204
0.8575261831283569
0.9123680591583252
0.5199745297431946
0.15926136076450348
0.42154061794281006
0.17678359150886536
0.04870526120066643
0.7613171935081482
0.639977753162384
0.6079736351966858
0.010807586833834648
0.5444145202636719
0.742319643497467
0.9839906096458435
0.13493341207504272
0.14120009541511536
0.9842960238456726
0.8965227603912354
0.3188982605934143
0.06660349667072296
0.6564580798149109
0.2802293300628662
0.09087995439767838
0.09338308125734329
0.23187705874443054
0.29023364186286926
0.16725005209445953
0.2539050281047821
0.7251681089401245
0.839009165763855
0.07382427901029587
0.6973083019256592
0.5279343128204346
0.026799675077199936
0.9438743591308594
0.2803381085395813
0.69664067029953
0.9134219884872437
0.930665135383606
0.07221990078687668
0.31103187799453735
0.5430201292037964
0.8108721375465393
0.9597861766815186
0.3552030622959137
0.4044058322906494
0.00625744741410017
0.8804227709770203
0.13103392720222473
0.8908296227455139
0.12992486357688904
0.4662521481513977
0.6895166039466858
0.40262970328330994
0.7332236170768738
0.23826149106025696
0.28024569153785706
0.2976498007774353
0.3056217432022095
0.48094266653060913
0.418217271566391
0.33247876167297363
0.900226891040802
0.8669052124023438
0.10574579238891602
0.07933457940816879
0.38225057721138
0.4093301594257355
0.37752580642700195
0.20093192160129547
0.14689208567142487
0.9221168160438538
0.49278396368026733
0.92561274766922
0.7679241299629211
0.030300337821245193
0.7688316702842712
0.14515696465969086
0.43595650792121887
0.9424376487731934
0.9348719716072083
0.9511128067970276
0.3540782928466797
0.7559058666229248
0.6946313381195068
0.15188932418823242
0.12247513234615326
0.5140892863273621
0.655502200126648
0.036731377243995667
0.08994454890489578
0.4641633927822113
0.10365649312734604
0.41713812947273254
0.21373292803764343
0.31046262383461
0.23845703899860382
0.5848507285118103
0.53385329246521
0.45615747570991516
0.9623871445655823
0.042761433869600296
0.5170407891273499
0.7950780391693115
0.005837117787450552
0.9524685740470886
0.9104614853858948
0.7176302075386047
0.6405604481697083
0.8282005190849304
0.9432590007781982
0.2911336421966553
0.5089203119277954
0.27751678228378296
0.7008158564567566
0.527282178401947
0.9089397192001343
0.07895039021968842
0.08727066218852997
0.4681341052055359
0.18989567458629608
0.6235662698745728
0.0321100689470768
0.06033788621425629
0.5458717346191406
0.7217285633087158
0.13233582675457
0.3524521291255951
0.48521173000335693
0.3057793974876404
0.940886914730072
0.8547509908676147
0.3587847054004669
0.192267507314682
0.4497987926006317
0.4467752277851105
0.8957010507583618
0.039262644946575165
0.09105584025382996
0.628692626953125
0.136715829372406
0.14703606069087982
0.7676427364349365
0.48865434527397156
0.2577776610851288
0.6154965162277222
0.4480259418487549
0.23948003351688385
0.30414193868637085
0.29733747243881226
0.28491055965423584
0.32582199573516846
0.3646867871284485
0.6756644248962402
0.9261258244514465
0.178399458527565
0.1693088859319687
0.0011309965047985315
0.30914434790611267
0.44297537207603455
0.4767580032348633
0.574151337146759
0.03770960494875908
0.6224166750907898
0.7670262455940247
0.55495285987854
0.218302384018898
0.7304754853248596
0.45952820777893066
0.9612879753112793
0.18578995764255524
0.8324822187423706
0.6318790912628174
0.38804781436920166
0.721768319606781
0.997087299823761
0.8807432651519775
0.9287176728248596
0.2960203289985657
0.7860993146896362
0.7756651043891907
0.2493535280227661
0.07387340068817139
0.25557953119277954
0.5003849267959595
0.8561481237411499
0.8625738024711609
0.06443687528371811
0.6825514435768127
0.011385860852897167
0.9286815524101257
0.7904883623123169
0.3146558403968811
0.48041775822639465
0.4482583999633789
0.4059641361236572
0.7605494260787964
0.10350583493709564
0.48488056659698486
0.7625634074211121
0.17774870991706848
0.2002992182970047
0.10401365160942078
0.7055940628051758
0.4522702991962433
0.3145524263381958
0.6562212705612183
0.5603889226913452
0.43425196409225464
0.013199045322835445
0.9648656249046326
0.3341248631477356
0.07849404215812683
0.42517685890197754
0.8711879849433899
0.10228512436151505
0.09281852096319199
0.122128427028656
0.59890216588974
0.2874956429004669
0.3785465955734253
0.8683040738105774
0.22913798689842224
0.7729440331459045
0.7217715382575989
0.8363742828369141
0.01799006201326847
0.11805060505867004
0.5724673271179199
0.6043902039527893
0.8524379730224609
0.9125565886497498
0.06211207062005997
0.7478386759757996
0.11080291122198105
0.5308259725570679
0.6373432874679565
0.9438896179199219
0.8755540251731873
0.6607369780540466
0.7221970558166504
0.47272855043411255
0.4536704421043396
0.14431335031986237
0.22798238694667816
0.01715596206486225
0.010589667595922947
0.3951418101787567
0.43196091055870056
0.05430423095822334
0.059291113168001175
0.29044318199157715
0.5319832563400269
0.5370301008224487
0.6882804036140442
0.3554052412509918
0.28403425216674805
0.9316214919090271
0.29610657691955566
0.3115786612033844
0.8580601215362549
0.8705042004585266
0.6476408243179321
0.8361244797706604
0.9788658618927002
0.8171491622924805
0.21168699860572815
0.5197150707244873
0.3718383312225342
0.5761144161224365
0.2693532109260559
0.33379483222961426
0.42095157504081726
0.5505593419075012
0.7853078842163086
0.10974881798028946
0.9137906432151794
0.904875636100769
0.25676870346069336
0.39925408363342285
0.24224236607551575
0.22083790600299835
0.9417463541030884
0.05229419469833374
0.9544023871421814
0.43313515186309814
0.6006892919540405
0.6311501264572144
0.4013700783252716
0.010780937038362026
0.3252512514591217
0.8284698128700256
0.14180605113506317
0.13561657071113586
0.0765732005238533
0.6422441601753235
0.832706093788147
0.9219731092453003
0.9724846482276917
0.7435550093650818
0.745449960231781
0.7174920439720154
0.5682493448257446
0.5804581046104431
0.5669563412666321
0.8756070137023926
0.3220772445201874
0.18589022755622864
0.5602689385414124
0.6964244246482849
0.9010074138641357
0.9445669651031494
0.2314121127128601
0.6954532861709595
0.38044771552085876
0.10631898045539856
0.3478828966617584
0.3384324312210083
0.1309175193309784
0.6754911541938782
0.01404042262583971
0.04657440632581711
0.44135117530822754
0.8904348611831665
0.31441211700439453
0.10373766720294952
0.13249820470809937
0.40235570073127747
0.575977087020874
0.1782570630311966
0.02845221757888794
0.8916556239128113
0.3325516879558563
0.8475684523582458
0.6353570818901062
0.4446573555469513
0.14220544695854187
0.7089367508888245
0.5553145408630371
0.5917521715164185
0.5770977139472961
0.48355725407600403
0.3728954493999481
0.6144075393676758
0.37486398220062256
0.4238874614238739
0.8118824362754822
0.30216482281684875
0.8625787496566772
0.8551988005638123
0.4132063090801239
0.15907295048236847
0.9597709774971008
0.9992302656173706
0.3601906895637512
0.166032075881958
0.20932841300964355
0.2502455413341522
0.393828809261322
0.42150962352752686
0.9897489547729492
0.7608381509780884
0.9059002995491028
0.47098007798194885
0.9430418014526367
0.7640693783760071
0.7183391451835632
0.823686957359314
0.14453114569187164
0.247404545545578
0.14195923507213593
0.4101732075214386
0.877930223941803
0.6169264912605286
0.0065348464995622635
0.1817854791879654
0.5172836780548096
0.9695606231689453
0.3664223253726959
0.3221098482608795
0.4889445900917053
0.21524937450885773
0.8078820705413818
0.5528644323348999
0.6204516887664795
0.5130195617675781
0.564949095249176
0.0695861354470253
0.8309425711631775
0.7406336665153503
0.6240288615226746
0.1531708538532257
0.9180408716201782
0.43652230501174927
0.5721067786216736
0.05392890423536301
0.10648085922002792
0.3191141188144684
0.5744190812110901
0.9681050777435303
0.5756869316101074
0.21328628063201904
0.0032718852162361145
0.6730540990829468
0.43132638931274414
0.8026347756385803
0.09780701249837875
0.7555039525032043
0.8170943856239319
0.5736228823661804
0.9402201175689697
0.13143505156040192
0.3617187440395355
0.3828217387199402
0.754591166973114
0.7562147378921509
0.7932339906692505
0.8101661801338196
0.19391298294067383
0.4327394962310791
0.13824786245822906
0.4397466778755188
0.11129357665777206
0.47481200098991394
0.670998215675354
0.7409994006156921
0.5150716304779053
0.2597157657146454
0.7694392204284668
0.4747556746006012
0.363913893699646
0.8670151233673096
0.09046684950590134
0.3176538646221161
0.3813426196575165
0.06376352161169052
0.49076688289642334
0.3062978684902191
0.7872577905654907
0.7651193141937256
0.0914304330945015
0.8851718306541443
0.9585170745849609
0.6895281672477722
0.002618590835481882
0.6420189738273621
0.8914021253585815
0.673880934715271
0.644928514957428
0.5916144847869873
0.9064717292785645
0.5657278299331665
0.05049053579568863
0.193467915058136
0.12171174585819244
0.8621928691864014
0.6455196738243103
0.5224366784095764
0.2569446265697479
0.36834651231765747
0.1172897145152092
0.8967334628105164
0.3906667232513428
0.679416298866272
0.8174166679382324
0.8846925497055054
0.019322965294122696
0.508894681930542
0.3423714339733124
0.00873394962400198
0.3184291124343872
0.6072089672088623
0.24513661861419678
0.5806852579116821
0.48580557107925415
0.2384522557258606
0.5230243802070618
0.09030114859342575
0.48875677585601807
0.13973775506019592
0.1095547080039978
0.44341787695884705
0.6439903378486633
0.722454309463501
0.11462265998125076
0.14866779744625092
0.28625524044036865
0.8414543867111206
0.7678396701812744
0.31512004137039185
0.3008776009082794
0.6288737058639526
0.6509622931480408
0.4010443091392517
0.3567731976509094
0.9459493160247803
0.2112509161233902
0.29453226923942566
0.20459170639514923
0.4028638005256653
0.2815944254398346
0.786704957485199
0.42457088828086853
0.9180281162261963
0.15510819852352142
0.9658132195472717
0.9328689575195312
0.7515311241149902
0.26275834441185
0.1171831488609314
0.7643977403640747
0.42237234115600586
0.3014712929725647
0.5247437953948975
0.9942026138305664
0.8288429975509644
0.7230645418167114
0.051156312227249146
0.7667069435119629
0.6798929572105408
0.4023982882499695
0.31933242082595825
0.8846076726913452
0.8093547224998474
0.9706690907478333
0.7025219798088074
0.7862242460250854
0.11159729957580566
0.6055386662483215
0.17312927544116974
0.19454042613506317
0.879342257976532
0.4029726982116699
0.7881368398666382
0.6169758439064026
0.5106509327888489
0.9696776866912842
0.3524446487426758
0.5641442537307739
0.12196879088878632
0.8664262294769287
0.12309042364358902
0.4577390253543854
0.8003736138343811
0.9453179836273193
0.9686293005943298
0.7085410952568054
0.6129869222640991
0.30923226475715637
0.1066315695643425
0.7792242765426636
0.7243070006370544
0.6191181540489197
0.07504216581583023
0.06421831995248795
0.4383026659488678
0.5751351118087769
0.6373875141143799
0.7806482911109924
0.8026725053787231
0.4661475718021393
0.6251885294914246
0.7364822030067444
0.9756215810775757
0.942893922328949
0.892810046672821
0.6883465051651001
0.48831018805503845
0.7509348392486572
0.04973800852894783
0.2065207064151764
0.20549312233924866
0.9204002618789673
0.9229307770729065
0.981380820274353
0.28657662868499756
0.8152925372123718
0.5415616631507874
0.4954638183116913
0.20806699991226196
0.43717271089553833
0.4514281451702118
0.5480808615684509
0.5815035700798035
0.28426486253738403
0.9691555500030518
0.045606501400470734
0.2176252007484436
0.9159325957298279
0.07728061079978943
0.23212166130542755
0.8854731917381287
0.8811412453651428
0.5566315650939941
0.2269856482744217
0.7799320816993713
0.7261929512023926
0.7875908017158508
0.3685106039047241
0.48745331168174744
0.703904390335083
0.7498164176940918
0.3626604676246643
0.20761795341968536
0.14978164434432983
0.16229696571826935
0.971932053565979
0.28271427750587463
0.883439838886261
0.0417025052011013
0.7423846125602722
0.4034877419471741
0.9793881177902222
0.9833537936210632
0.8700359463691711
0.38524696230888367
0.4315663278102875
0.25137388706207275
0.7330082058906555
0.10902658104896545
0.2515571713447571
0.9706188440322876
0.26483801007270813
0.38520509004592896
0.523445725440979
0.7746246457099915
0.5835629105567932
0.8703029751777649
0.658706784248352
0.19949381053447723
0.9223759770393372
0.44055622816085815
0.5494099855422974
0.01627647504210472
0.1898840218782425
0.29893845319747925
0.06850755214691162
0.8675010800361633
0.07202823460102081
0.28363776206970215
0.9664192795753479
0.38936150074005127
0.7929516434669495
0.24872435629367828
0.48793742060661316
0.2596330940723419
0.33796775341033936
0.9373220205307007
0.23387932777404785
0.20013229548931122
0.20166556537151337
0.8923277258872986
0.6182743906974792
0.8636655211448669
0.9667795300483704
0.372520387172699
0.8519030809402466
0.22093480825424194
0.6770097017288208
0.7859742045402527
0.7338501214981079
0.173723503947258
0.2979758083820343
0.48477673530578613
0.702991783618927
0.2617480158805847
0.8518828749656677
0.16486382484436035
0.43781667947769165
0.09446215629577637
0.17243683338165283
0.9981306195259094
0.49391528964042664
0.4362373948097229
0.350329726934433
0.8258845210075378
0.36139675974845886
0.9229575991630554
0.6915520429611206
0.14979605376720428
0.02603081613779068
0.028233805671334267
0.0006747134029865265
0.23112216591835022
0.5914488434791565
0.8863685727119446
0.5771570205688477
0.3006455898284912
0.751205325126648
0.39422664046287537
0.7043643593788147
0.6156007647514343
0.31557610630989075
0.13835835456848145
0.8233214020729065
0.7891571521759033
0.7367150783538818
0.7442238926887512
0.44356051087379456
0.9197222590446472
0.37780219316482544
0.5322970747947693
0.2264440953731537
0.20857302844524384
0.1676795482635498
0.30574870109558105
0.6365439891815186
0.18878062069416046
0.16275395452976227
0.9588314890861511
0.7810303568840027
0.9629546999931335
0.38736483454704285
0.06547821313142776
0.31818729639053345
0.6799099445343018
0.12432604283094406
0.5668961405754089
0.559575617313385
0.7990269660949707
0.11796048283576965
0.8928791284561157
0.8945675492286682
0.6836546063423157
0.09547389298677444
0.5922607779502869
0.09681350737810135
0.7786607146263123
0.5979206562042236
0.7223184704780579
0.7040371894836426
0.5687471032142639
0.7202482223510742
0.8844653367996216
0.42067182064056396
0.5151592493057251
0.8849786520004272
0.15873093903064728
0.032966554164886475
0.576815664768219
0.21243374049663544
0.12483353167772293
0.5444546937942505
0.5720019340515137
0.199794203042984
0.5313839912414551
0.32379451394081116
0.9702534079551697
0.7370304465293884
0.07184704393148422
0.6274251341819763
0.8296505212783813
0.4349841773509979
0.4212266206741333
0.5791805386543274
0.7094122171401978
0.04957136511802673
0.7880983948707581
0.44308316707611084
0.9966788291931152
0.6259730458259583
0.2587137818336487
0.520613431930542
0.1326742321252823
0.30740219354629517
0.06683309376239777
0.7756089568138123
0.1441572904586792
0.39456650614738464
0.5938854813575745
0.07928892225027084
0.37298038601875305
0.1563722789287567
0.46684202551841736
0.3732655942440033
0.6348085999488831
0.27305325865745544
0.6801941394805908
0.4420150816440582
0.39342638850212097
0.965332567691803
0.4907889664173126
0.49972856044769287
0.33445262908935547
0.5416738390922546
0.3103480935096741
0.6790948510169983
0.6430189609527588
0.656453013420105
0.8620967268943787
0.8180422782897949
0.08944876492023468
0.6267200112342834
0.5898154973983765
0.6608599424362183
0.168235182762146
0.18412521481513977
0.5107492804527283
0.335787832736969
0.69388747215271
0.05599760636687279
0.5844086408615112
0.38317298889160156
0.16066555678844452
0.3138642907142639
0.9387373328208923
0.5418901443481445
0.3867183029651642
0.5519824624061584
0.9806785583496094
0.960322916507721
0.2838612496852875
0.7885462641716003
0.6991115212440491
0.8295510411262512
0.7150766253471375
0.21445976197719574
0.6723268628120422
0.6620919108390808
0.5627384185791016
0.9091355204582214
0.6773338317871094
0.6235761046409607
0.8180716633796692
0.20832882821559906
0.5567286610603333
0.5562018156051636
0.6961355209350586
0.7792142033576965
0.04932289198040962
0.6064172983169556
0.19833652675151825
0.19525739550590515
0.050503917038440704
0.14954042434692383
0.8198322653770447
0.8799417018890381
0.9602262377738953
0.7191710472106934
0.45141535997390747
0.691799521446228
0.5302260518074036
0.4468483328819275
0.26243579387664795
0.0907767117023468
0.10200720280408859
0.06566435098648071
0.9103275537490845
0.7206007838249207
0.7672271728515625
0.8630146980285645
0.18918099999427795
0.7909969687461853
0.2304563820362091
0.027147822082042694
0.6872376799583435
0.582478404045105
0.812307596206665
0.17140382528305054
0.47994622588157654
0.9197673797607422
0.96866774559021
0.3664509057998657
0.17209608852863312
0.3404563367366791
0.9001898765563965
0.19310666620731354
0.6394098401069641
0.13548356294631958
0.5382205247879028
0.8085260391235352
0.5210462212562561
0.2106800675392151
0.025306586176156998
0.5047921538352966
0.3876788020133972
0.16759943962097168
0.08186417073011398
0.8647050261497498
0.1905367523431778
0.8697292804718018
0.3247101902961731
0.3400796055793762
0.14868848025798798
0.5568006634712219
0.901646077632904
0.3909541666507721
0.5589210391044617
0.7068131566047668
0.44654980301856995
0.2483832687139511
0.6008361577987671
0.5561082363128662
0.35286277532577515
0.4590962827205658
0.2987750172615051
0.30633002519607544
0.09939790517091751
0.5401151180267334
0.8575117588043213
0.42795971035957336
0.24454820156097412
0.403391033411026
0.5086116194725037
0.22421565651893616
0.4928293824195862
0.5009502172470093
0.9599804878234863
0.9633817672729492
0.906712532043457
0.9952584505081177
0.7794781923294067
0.35256198048591614
0.9449561834335327
0.3343397378921509
0.6412287950515747
0.44760724902153015
0.18445320427417755
0.6563540697097778
0.8252592086791992
0.11553198099136353
0.35733750462532043
0.9563122391700745
0.5129797458648682
0.03151867538690567
0.8788294792175293
0.026786649599671364
0.31887197494506836
0.33923158049583435
0.23035405576229095
0.4263189435005188
0.7229965925216675
0.4618363678455353
0.13049881160259247
0.39859384298324585
0.22836217284202576
0.36555182933807373
0.5781024694442749
0.43177610635757446
0.16057804226875305
0.45646584033966064
0.0031411407981067896
0.9685432314872742
0.8217912912368774
0.11108411848545074
0.713398814201355
0.5670015811920166
0.3620198369026184
0.1624630242586136
0.9049354791641235
0.04354109987616539
0.475993812084198
0.5559718608856201
0.6181429624557495
0.09771005809307098
0.7028719782829285
0.0388270802795887
0.6291992664337158
0.6080398559570312
0.7546136379241943
0.9263031482696533
0.2219141274690628
0.3050094544887543
0.31010904908180237
0.2808467447757721
0.03663167729973793
0.8981204628944397
0.5866734385490417
0.3044130802154541
0.781431257724762
0.1472838968038559
0.8775708675384521
0.0439397394657135
0.5442731380462646
0.5605847835540771
0.8766177296638489
0.7176334261894226
0.9063217043876648
0.7216758728027344
0.35036253929138184
0.11239492148160934
0.6874334812164307
0.21592015027999878
0.027873722836375237
0.5714879631996155
0.18382050096988678
0.9842529296875
0.44896218180656433
0.4828439950942993
0.12715807557106018
0.8007115125656128
0.33099713921546936
0.08981288224458694
0.4144619405269623
0.07513032108545303
0.04370345547795296
0.9811158180236816
0.31241971254348755
0.828566312789917
0.01488150842487812
0.8118147850036621
0.9024189710617065
0.6419267058372498
0.5993863940238953
0.7378434538841248
0.5956560969352722
0.026008831337094307
0.1664573848247528
0.758940577507019
0.35259896516799927
0.539961576461792
0.718716561794281
0.9721561670303345
0.22142939269542694
0.1064848005771637
0.5311694145202637
0.6995137333869934
0.21226200461387634
0.738538384437561
0.5882222652435303
0.979020357131958
0.7843868136405945
0.3152809739112854
0.4575692117214203
0.4504070281982422
0.28154829144477844
0.7647294998168945
0.5749987363815308
0.6230049729347229
0.7947660088539124
0.11228182911872864
0.25099673867225647
0.943856418132782
0.23225152492523193
0.370859295129776
0.19108416140079498
0.1338711678981781
0.7063397765159607
0.7045872807502747
0.924679696559906
0.9588790535926819
0.45255646109580994
0.3455139696598053
0.8951776623725891
0.9906808137893677
0.43242084980010986
0.6167951226234436
0.724205732345581
0.405796080827713
0.2546579837799072
0.13712066411972046
0.14817148447036743
0.5702283978462219
0.023462507873773575
0.9659590721130371
0.08338366448879242
0.2332623153924942
0.5015463829040527
0.18241924047470093
0.10829053819179535
0.058150336146354675
0.4142955243587494
0.1372794657945633
0.19605478644371033
0.5431315898895264
0.20634034276008606
0.938122034072876
0.2866477072238922
0.04448586702346802
0.3381294012069702
0.833000659942627
0.1970045268535614
0.5027011632919312
0.4410915970802307
0.35141170024871826
0.6055448651313782
0.39691123366355896
0.3339882791042328
0.18285280466079712
0.6870170831680298
0.702261745929718
0.19405323266983032
0.239931121468544
0.6706206202507019
0.45234185457229614
0.29197096824645996
0.9569604992866516
0.42134496569633484
0.06683838367462158
0.2183048576116562
0.20079763233661652
0.036826301366090775
0.7146247625350952
0.9713688492774963
0.8798012733459473
0.2235046625137329
0.6733848452568054
0.16695033013820648
0.9828790426254272
0.5083917379379272
0.6283049583435059
0.7081682682037354
0.709486722946167
0.48653700947761536
0.8572961688041687
0.21227526664733887
0.12708382308483124
0.01593550480902195
0.605958878993988
0.05230249464511871
0.20549903810024261
0.6788569688796997
0.7502177357673645
0.5397173762321472
0.7679318189620972
0.7376813292503357
0.46057960391044617
0.23647308349609375
0.8168421983718872
0.2529096305370331
0.9997372031211853
0.558856725692749
0.827508270740509
0.7108312249183655
0.22767934203147888
0.7107861042022705
0.9953659176826477
0.834479570388794
0.7448462843894958
0.35482409596443176
0.3447238802909851
0.5817445516586304
0.058028582483530045
0.30663174390792847
0.9364801645278931
0.5230107307434082
0.8165988922119141
0.0852041244506836
0.9658616781234741
0.19932560622692108
0.18251624703407288
0.2675473392009735
0.189018115401268
0.3666064143180847
0.8307036757469177
0.13206225633621216
0.9669016599655151
0.1743142157793045
0.7036330699920654
0.8040733337402344
0.8235962986946106
0.09288960695266724
0.7563433647155762
0.10472603887319565
0.6794719696044922
0.6379485130310059
0.5263504981994629
0.5181187987327576
0.5860539674758911
0.2825823128223419
0.82628333568573
0.06069376692175865
0.5608885884284973
0.33889931440353394
0.6827268004417419
0.935428261756897
0.06674694269895554
0.41118499636650085
0.559612512588501
0.7862913012504578
0.8104442358016968
0.7119114995002747
0.3460437059402466
0.646806001663208
0.3228794038295746
0.10520762205123901
0.5222046971321106
0.6373599171638489
0.28594279289245605
0.3415924906730652
0.5513656139373779
0.9961282014846802
0.18915344774723053
0.8424553871154785
0.45855912566185
0.8309919238090515
0.7981464266777039
0.7668853998184204
0.7244656085968018
0.39905810356140137
0.5808730721473694
0.42392316460609436
0.01906142570078373
0.7589612007141113
0.21669882535934448
0.8168538808822632
0.6915572285652161
0.9059908986091614
0.3141931891441345
0.07838684320449829
0.006294362712651491
0.4708273708820343
0.8481535911560059
0.18381498754024506
0.5307765603065491
0.9881971478462219
0.4548857808113098
0.5653992295265198
0.8505353927612305
0.8343110084533691
0.7060601711273193
0.8569029569625854
0.5217782258987427
0.6067485809326172
0.6607933044433594
0.05371852219104767
0.7823026776313782
0.7868003845214844
0.2565143406391144
0.491350919008255
0.6850234866142273
0.6926307082176208
0.8419039845466614
0.5689135789871216
0.5821640491485596
0.584235668182373
0.6477109789848328
0.36172425746917725
0.9296455383300781
0.6195592880249023
0.22028246521949768
0.24613700807094574
0.5132941007614136
0.057624801993370056
0.5307881236076355
0.3086030185222626
0.5775959491729736
0.08209720253944397
0.11809894442558289
0.8837648034095764
0.9199022650718689
0.15302225947380066
0.0882122591137886
0.5294807553291321
0.6302252411842346
0.5537849068641663
0.9091423749923706
0.43973273038864136
0.9145684242248535
0.8760459423065186
0.29383358359336853
0.43170344829559326
0.16948741674423218
0.15177355706691742
0.10240807384252548
0.38866525888442993
0.39872467517852783
0.26097214221954346
0.04202311858534813
0.07231436669826508
0.312692791223526
0.8946309089660645
0.8116446733474731
0.6372603178024292
0.21587581932544708
0.49343976378440857
0.03553614765405655
0.769436240196228
0.009684585966169834
0.05076860636472702
0.7673391699790955
0.19979357719421387
0.2259368747472763
0.7217996716499329
0.8622813820838928
0.1369454264640808
0.945354163646698
0.21743150055408478
0.1602952480316162
0.037103477865457535
0.17630678415298462
0.2765166461467743
0.963979184627533
0.7949097752571106
0.17646759748458862
0.09899786859750748
0.31808608770370483
0.6986756920814514
0.8456375598907471
0.852263331413269
0.021022597327828407
0.2702677547931671
0.8830448985099792
0.823779821395874
0.41811996698379517
0.19091658294200897
0.20074905455112457
0.9963710904121399
0.7593839764595032
0.8703421950340271
0.7169446349143982
0.6740057468414307
0.6119037866592407
0.7865709662437439
0.5932775735855103
0.2575404644012451
0.230987548828125
0.7577928304672241
0.5703408122062683
0.4706006646156311
0.9917014837265015
0.6665500402450562
0.2579944133758545
0.9977531433105469
0.09571566432714462
0.028627922758460045
0.40681377053260803
0.8428413271903992
0.6974074840545654
0.3409630060195923
0.25295373797416687
0.5999284982681274
0.8299049735069275
0.6861749291419983
0.15747787058353424
0.746603786945343
0.6466511487960815
0.06379159539937973
0.9148350358009338
0.25363489985466003
0.5080375671386719
0.4303973317146301
0.8910288214683533
0.3973144292831421
0.2824283838272095
0.9637805223464966
0.6890872120857239
0.4256032705307007
0.1594882607460022
0.2679367959499359
0.0037073406856507063
0.4776400327682495
0.262302964925766
0.0364517942070961
0.2039528638124466
0.5261688232421875
0.018192671239376068
0.40657585859298706
0.018221300095319748
0.7492585778236389
0.07649317383766174
0.48611128330230713
0.9451518654823303
0.16680529713630676
0.5382707118988037
0.87253737449646
0.5650613307952881
0.0008260132744908333
0.7059802412986755
0.8491641283035278
0.39433470368385315
0.08674369007349014
0.4565935432910919
0.5823802351951599
0.27394193410873413
0.2823067009449005
0.31258323788642883
0.6771524548530579
0.25662118196487427
0.44680356979370117
0.23559783399105072
0.38251960277557373
0.6168980002403259
0.6950107216835022
0.21047064661979675
0.5803800821304321
0.07241805642843246
0.6067383885383606
0.2703021168708801
0.29124894738197327
0.9186214208602905
0.30824390053749084
0.32677021622657776
0.7125210762023926
0.8605098724365234
0.44247063994407654
0.7307493686676025
0.07473202049732208
0.738844633102417
0.10532239824533463
0.4949960708618164
0.2618936598300934
0.23535947501659393
0.7879729270935059
0.678987979888916
0.022174879908561707
0.4432775378227234
0.21504588425159454
0.8136991858482361
0.31476178765296936
0.9637144804000854
0.16982802748680115
0.9091298580169678
0.40425756573677063
0.9635339379310608
0.9834331274032593
0.3852323591709137
0.5852364897727966
0.41991591453552246
0.17344635725021362
0.39061522483825684
0.09591895341873169
0.6205306649208069
0.9377577304840088
0.845278263092041
0.5573197603225708
0.20393256843090057
0.6195626258850098
0.3695572316646576
0.303957998752594
0.02451109141111374
0.16514194011688232
0.05601099506020546
0.0032851044088602066
0.0934218019247055
0.6697225570678711
0.787472128868103
0.16073256731033325
0.3259357213973999
0.18653766810894012
0.9565013647079468
0.5944847464561462
0.10236373543739319
0.036449503153562546
0.7701723575592041
0.5564030408859253
0.9058858752250671
0.1232067123055458
0.36755895614624023
0.3954210877418518
0.35043737292289734
0.5829424262046814
0.21353502571582794
0.04019879922270775
0.995331346988678
0.5777424573898315
0.8929017186164856
0.9087781310081482
0.873180627822876
0.5491961240768433
0.35784977674484253
0.7742372155189514
0.9232685565948486
0.2943137288093567
0.8380504846572876
0.641559898853302
0.6012486815452576
0.9429061412811279
0.3988049626350403
0.4657436013221741
0.8707572817802429
0.1736292988061905
0.9933252334594727
0.8419098258018494
0.9124959707260132
0.8562489151954651
0.13242767751216888
0.8203333020210266
0.9139097929000854
0.8191426992416382
0.8252540230751038
0.49614015221595764
0.309002161026001
0.05782577767968178
0.28517788648605347
0.6429212689399719
0.16111384332180023
0.9219525456428528
0.2688678801059723
0.9984385967254639
0.4200997054576874
0.9324522614479065
0.7162204384803772
0.05290401354432106
0.14512528479099274
0.9100374579429626
0.6179400086402893
0.06112709268927574
0.13481611013412476
0.8620520234107971
0.6082376837730408
0.6504157781600952
0.8238996863365173
0.8059780597686768
0.7007574439048767
0.531423032283783
0.4233897924423218
0.37288495898246765
0.10306740552186966
0.5091721415519714
0.00033531663939356804
0.2796914279460907
0.25047916173934937
0.5763053297996521
0.39272791147232056
0.8362053632736206
0.031081432476639748
0.946418821811676
0.5026971101760864
0.7665911912918091
0.5971096754074097
0.2986657917499542
0.6504440903663635
0.12334733456373215
0.17967918515205383
0.609562337398529
0.41040265560150146
0.48131880164146423
0.14298290014266968
0.41098690032958984
0.8687423467636108
0.8425858616828918
0.4586471617221832
0.596432626247406
0.9951463937759399
0.7910314202308655
0.10407435894012451
0.4174515902996063
0.577090859413147
0.5026896595954895
0.16181156039237976
0.34025701880455017
0.2894977629184723
0.5066418647766113
0.6654782891273499
0.08247759938240051
0.2193249613046646
0.2193903923034668
0.37023571133613586
0.8460531234741211
0.5350772738456726
0.24319396913051605
0.9246565699577332
0.7712952494621277
0.2620433270931244
0.5465738773345947
0.5671796798706055
0.5379980802536011
0.6073309779167175
0.8336393237113953
0.4012787342071533
0.3082357347011566
0.04282664880156517
0.6418420672416687
0.6597005128860474
0.44871193170547485
0.6466852426528931
0.6177953481674194
0.42066842317581177
0.1517573893070221
0.19113925099372864
0.12160147726535797
0.784229040145874
0.27618154883384705
0.4114554822444916
0.5467785000801086
0.43942123651504517
0.21509672701358795
0.4217534065246582
0.9927129149436951
0.9948700666427612
0.8672142028808594
0.8329597115516663
0.5896656513214111
0.22210575640201569
0.8722639083862305
0.9582487344741821
0.751393735408783
0.8605579733848572
0.11016025394201279
0.05752098187804222
0.07383985072374344
0.08656960725784302
0.475061297416687
0.4161636233329773
0.9879621863365173
0.7683997750282288
0.7389281392097473
0.46511417627334595
0.7793398499488831
0.20797401666641235
0.9058386087417603
0.5738997459411621
0.047336939722299576
0.8640284538269043
0.13982926309108734
0.7457221150398254
0.5480515360832214
0.7542994618415833
0.8534173965454102
0.9361971020698547
0.20910876989364624
0.3858911395072937
0.7030293345451355
0.10020271688699722
0.24157723784446716
0.004255045671015978
0.5033323764801025
0.9183220863342285
0.954119086265564
0.884297788143158
0.930088222026825
0.29530325531959534
0.9869132041931152
0.6219238638877869
0.17985942959785461
0.9240013957023621
0.8767767548561096
0.3670533001422882
0.9628747701644897
0.4462166428565979
0.6324268579483032
0.8711121678352356
0.6144354939460754
0.8896455764770508
0.47788670659065247
0.1566915214061737
0.2784564197063446
0.47383710741996765
0.6880038976669312
0.32383355498313904
0.9549025297164917
0.3567516803741455
0.3320552706718445
0.6698199510574341
0.2567478120326996
0.34228694438934326
0.8223150372505188
0.8698776960372925
0.611868143081665
0.9223515391349792
0.6898113489151001
0.18025697767734528
0.1757875680923462
0.48765453696250916
0.16763059794902802
0.6256673336029053
0.713943600654602
0.5054407715797424
0.7068250775337219
0.6882320642471313
0.6378329992294312
0.36908233165740967
0.32120925188064575
0.12828584015369415
0.9626573920249939
0.2376198023557663
0.5970534682273865
0.5365357398986816
0.7707697153091431
0.1896953284740448
0.5278930068016052
0.24517783522605896
0.7926390767097473
0.5504127144813538
0.24893569946289062
0.5339533686637878
0.590690553188324
0.36889299750328064
0.6670328378677368
0.9246377944946289
0.9518925547599792
0.7742473483085632
0.8872148990631104
0.6381208896636963
0.07095511257648468
0.5611271262168884
0.7537754774093628
0.906552791595459
0.17886203527450562
0.6576477289199829
0.28394651412963867
0.630890429019928
0.0734298974275589
0.6713526844978333
0.7681900858879089
0.2757062017917633
0.2192278951406479
0.8425869941711426
0.9838721752166748
0.6761327981948853
0.6153482794761658
0.13079996407032013
0.8131350874900818
0.8682853579521179
0.5458664298057556
0.3910740911960602
0.9556460380554199
0.3053998649120331
0.3013586401939392
0.1201135516166687
0.5657877326011658
0.8881945013999939
0.5763648748397827
0.5651021599769592
0.9394755959510803
0.7918775677680969
0.3725365400314331
0.3291071653366089
0.4331406354904175
0.33953577280044556
0.5817843675613403
0.9517150521278381
0.6989638209342957
0.042098138481378555
0.824343204498291
0.32430875301361084
0.6132561564445496
0.4582117795944214
0.2968512177467346
0.7570087909698486
0.06135926395654678
0.9559979438781738
0.7372214198112488
0.8979626893997192
0.5570403337478638
0.5925890207290649
0.35818740725517273
0.1479567140340805
0.2354225069284439
0.12611722946166992
0.16417135298252106
0.9600026607513428
0.8993058204650879
0.7349300384521484
0.25442618131637573
0.3618420660495758
0.2832123637199402
0.14618468284606934
0.6127001643180847
0.6862797141075134
0.5866108536720276
0.43225452303886414
0.17507004737854004
0.043178703635931015
0.8954694867134094
0.7016370892524719
0.038468439131975174
0.9787261486053467
0.6006205081939697
0.766080915927887
0.23492813110351562
0.5977686643600464
0.30531424283981323
0.21867099404335022
0.042100392282009125
0.22168564796447754
0.24256421625614166
0.306810587644577
0.413232684135437
0.312846839427948
0.2620915174484253
0.25898879766464233
0.9594017267227173
0.09750637412071228
0.542813241481781
0.7680152058601379
0.2986782491207123
0.6653989553451538
0.5058744549751282
0.7877891063690186
0.5003803372383118
0.3197714388370514
0.31297028064727783
0.4370892345905304
0.6204793453216553
0.08628762513399124
0.073705293238163
0.14188627898693085
0.06786653399467468
0.6736388802528381
0.20003721117973328
0.6203999519348145
0.8673635125160217
0.35572168231010437
0.5468952655792236
0.7752407193183899
0.30850324034690857
0.2836921811103821
0.5532464981079102
0.7558512687683105
0.1800965815782547
0.09597843885421753
0.5755601525306702
0.06536403298377991
0.7780863046646118
0.8716325163841248
0.5736024975776672
0.34119004011154175
0.9716407656669617
0.7676781415939331
0.8062779903411865
0.814739465713501
0.8846330046653748
0.45321598649024963
0.2342389076948166
0.5902040004730225
0.9778560400009155
0.9784771800041199
0.7926245927810669
0.19868919253349304
0.4600559175014496
0.12934572994709015
0.858887791633606
0.7138373851776123
0.423819899559021
0.4781465530395508
0.4949200749397278
0.27502769231796265
0.616587221622467
0.9957627058029175
0.5812509655952454
0.6355820894241333
0.326022744178772
0.7824963331222534
0.9864601492881775
0.25393161177635193
0.6460661888122559
0.2573081851005554
0.4058178961277008
0.7539809942245483
0.8046559691429138
0.4211658835411072
0.12888310849666595
0.5551683902740479
0.001598286209627986
0.16275571286678314
0.07112561911344528
0.5936968326568604
0.9912086129188538
0.6503545641899109
0.6588318347930908
0.3393138647079468
0.9483440518379211
0.3252416253089905
0.3933084011077881
0.7919792532920837
0.9212722778320312
0.7891840934753418
0.6488441824913025
0.01818113774061203
0.35269081592559814
0.6801499128341675
0.888696014881134
0.09597095847129822
0.18001142144203186
0.7408230304718018
0.34426620602607727
0.6285572648048401
0.32982945442199707
0.5789838433265686
0.5850629806518555
0.7196934223175049
0.2598589062690735
0.44314146041870117
0.8837172389030457
0.4580754339694977
0.21535657346248627
0.019705621525645256
0.6059500575065613
0.35508567094802856
0.23765361309051514
0.37184375524520874
0.7371639013290405
0.6225714087486267
0.5933325886726379
0.6217188239097595
0.7672605514526367
0.9276617765426636
0.38224247097969055
0.9371985197067261
0.4984413683414459
0.2747887969017029
0.16243821382522583
0.06721734255552292
0.21918165683746338
0.5553216338157654
0.9749777317047119
0.17335130274295807
0.4123378396034241
0.5300335884094238
0.7676554322242737
0.09743016958236694
0.753042995929718
0.16167345643043518
0.31403183937072754
0.7543288469314575
0.8164814710617065
0.33383888006210327
0.4856649339199066
0.7680278420448303
0.3954828083515167
0.08289294689893723
0.632998526096344
0.028969697654247284
0.9622396230697632
0.8096309900283813
0.8106623888015747
0.07268276810646057
0.5399136543273926
0.2055906355381012
0.09415838867425919
0.6937026381492615
0.5975602269172668
0.25794294476509094
0.2407417595386505
0.9312769174575806
0.0633402094244957
0.5032610297203064
0.36745089292526245
0.2572003901004791
0.33049702644348145
0.6768127083778381
0.5384756326675415
0.6594043970108032
0.09558168798685074
0.5581085681915283
0.6706110239028931
0.9406095147132874
0.6675160527229309
0.9971976280212402
0.7413193583488464
0.012449460104107857
0.3987119793891907
0.8892802000045776
0.17493930459022522
0.25700825452804565
0.8365219831466675
0.9558224081993103
0.23576422035694122
0.08790034055709839
0.035370249301195145
0.4570988714694977
0.5207685232162476
0.21773399412631989
0.5526560544967651
0.8879865407943726
0.9536966681480408
0.2746516168117523
0.116913802921772
0.5898646116256714
0.45557764172554016
0.7829180955886841
0.5491512417793274
0.9441838264465332
0.014344149269163609
0.5663917660713196
0.850750744342804
0.15924781560897827
0.39575064182281494
0.8039386868476868
0.8399524688720703
0.6680408120155334
0.5784878730773926
0.9821141362190247
0.19325193762779236
0.07855094224214554
0.5527284741401672
0.0447169654071331
0.4751870632171631
0.5775788426399231
0.4612179696559906
0.5137259364128113
0.023072481155395508
0.07960089296102524
0.7124450206756592
0.9590693712234497
0.3573158085346222
0.8027790784835815
0.8913094401359558
0.6450528502464294
0.5113299489021301
0.7881465554237366
0.31346595287323
0.910138726234436
0.266248881816864
0.39609768986701965
0.2101166844367981
0.9620415568351746
0.5088126063346863
0.06573400646448135
0.9020390510559082
0.7316113710403442
0.43842530250549316
0.9921003580093384
0.033074986189603806
0.7714373469352722
0.353884756565094
0.25667551159858704
0.38202962279319763
0.11350741237401962
0.38015231490135193
0.024517668411135674
0.2985697388648987
0.21194235980510712
0.6016073822975159
0.10943487286567688
0.28911101818084717
0.2609163224697113
0.3299693167209625
0.6161555647850037
0.01689969189465046
0.722426176071167
0.058600906282663345
0.394549161195755
0.31877660751342773
0.8142492771148682
0.29056182503700256
0.5842763781547546
0.9648403525352478
0.3144790828227997
0.9848690629005432
0.3929238021373749
0.7726724743843079
0.337789922952652
0.8948354125022888
0.26715144515037537
0.20595556497573853
0.9780199527740479
0.512196958065033
0.017185736447572708
0.9028973579406738
0.8993991017341614
0.024284958839416504
0.22677956521511078
0.3142267167568207
0.09836549311876297
0.9251925349235535
0.9648394584655762
0.20098914206027985
0.09214293956756592
0.6687774658203125
0.9264885783195496
0.5177443027496338
0.8449058532714844
0.37265920639038086
0.4497499167919159
0.35611727833747864
0.006179958116263151
0.6494452953338623
0.03316630423069
0.30665501952171326
0.05207410454750061
0.956892192363739
0.76035076379776
0.11954335123300552
0.5348212122917175
0.6785404682159424
0.6200106143951416
0.1667831987142563
0.12009924650192261
0.8255589008331299
0.7149407863616943
0.22972024977207184
0.5621460676193237
0.4845968186855316
0.6330949664115906
0.9765392541885376
0.22692519426345825
0.31716829538345337
0.42616602778434753
0.5189006328582764
0.7900013327598572
0.0678870901465416
0.1484818458557129
0.7710397243499756
0.2812228202819824
0.39811211824417114
0.9022888541221619
0.7348170876502991
0.580454409122467
0.4924412667751312
0.39162686467170715
0.3189137279987335
0.18267911672592163
0.9779250621795654
0.831057071685791
0.07283942401409149
0.29407450556755066
0.27213481068611145
0.846125066280365
0.058091845363378525
0.7177801132202148
0.3934144079685211
0.05596713721752167
0.010682613588869572
0.5930761098861694
0.5555149912834167
0.2004602998495102
0.24748803675174713
0.14969578385353088
0.21796917915344238
0.7921183109283447
0.9050394296646118
0.8133801221847534
0.40735337138175964
0.5549913644790649
0.33910617232322693
0.9229496717453003
0.8200191855430603
0.1915229856967926
0.02725101448595524
0.34750422835350037
0.6148527264595032
0.6860626339912415
0.02418365702033043
0.5641154050827026
0.6500518918037415
0.8905708193778992
0.002005124930292368
0.542949378490448
0.05571504309773445
0.6660460829734802
0.5681982040405273
0.6502742767333984
0.04135457053780556
0.918493390083313
0.8518158793449402
0.6427925229072571
0.5566232800483704
0.6896034479141235
0.7995971441268921
0.5800500512123108
0.7211390733718872
0.3925038278102875
0.8697781562805176
0.7063979506492615
0.9414787292480469
0.84548020362854
0.27776381373405457
0.07871603965759277
0.8459596037864685
0.10538849234580994
0.8936092257499695
0.8079558610916138
0.10601387917995453
0.990467369556427
0.8519631624221802
0.9042776226997375
0.6824031472206116
0.0917828306555748
0.6495309472084045
0.583992063999176
0.7369957566261292
0.23980499804019928
0.4413386881351471
0.9007638096809387
0.7394866347312927
0.6325520873069763
0.680164635181427
0.5180411338806152
0.4013834297657013
0.7833694219589233
0.9403551816940308
0.49877384305000305
0.35658639669418335
0.7618653178215027
0.40407368540763855
0.15916401147842407
0.6860620379447937
0.4997694790363312
0.12559351325035095
0.5719903111457825
0.13944277167320251
0.4143160879611969
0.29682457447052
0.5873733162879944
0.3166365623474121
0.8408123254776001
0.8973454833030701
0.12127787619829178
0.029668692499399185
0.6795104742050171
0.04815557971596718
0.7301549911499023
0.4944120943546295
0.6475754380226135
0.8200710415840149
0.28531375527381897
0.1482931524515152
0.664777398109436
0.4970549941062927
0.001473093405365944
0.6121196150779724
0.5335079431533813
0.5853025913238525
0.9177672863006592
0.17178775370121002
0.3473966121673584
0.314973384141922
0.5589165091514587
0.3457242548465729
0.17079958319664001
0.2679305076599121
0.6695972084999084
0.02757708542048931
0.19669532775878906
0.041968636214733124
0.17387086153030396
0.16704298555850983
0.7265938520431519
0.5126783847808838
0.24764484167099
0.29171764850616455
0.32150009274482727
0.2670843303203583
0.9574140906333923
0.9227251410484314
0.07246126979589462
0.5872352123260498
0.3718853294849396
0.45407214760780334
0.9289308786392212
0.10691985487937927
0.817206084728241
0.6438252925872803
0.1573876440525055
0.23696935176849365
0.6730296015739441
0.7075279951095581
0.08371873944997787
0.28729137778282166
0.8044151067733765
0.5800004005432129
0.6709837317466736
0.48221713304519653
0.19493815302848816
0.9744599461555481
0.3484252095222473
0.9505476355552673
0.13249824941158295
0.09266457706689835
0.9816165566444397
0.9411371350288391
0.7990599870681763
0.7803748846054077
0.03006569854915142
0.31667107343673706
0.4676448404788971
0.23772534728050232
0.6599829792976379
0.43062296509742737
0.21996787190437317
0.1318233162164688
0.6900290846824646
0.6120266318321228
0.6598637104034424
0.5465058088302612
0.19157302379608154
0.4334205985069275
0.01961980015039444
0.3621724843978882
0.5958650708198547
0.49632078409194946
0.7031880021095276
0.9426240921020508
0.7853115797042847
0.9413599371910095
0.96415776014328
0.16770656406879425
0.37194859981536865
0.10143118351697922
0.7397693991661072
0.21266983449459076
0.0032713639084249735
0.20339956879615784
0.943422794342041
0.5550481081008911
0.907214879989624
0.8632848858833313
0.266904354095459
0.982994556427002
0.16502611339092255
0.8411914110183716
0.43059587478637695
0.24396345019340515
0.35294264554977417
0.42092305421829224
0.983456015586853
0.7592549920082092
0.5196969509124756
0.9322280883789062
0.13230806589126587
0.6066663265228271
0.35660257935523987
0.3991159498691559
0.7589787840843201
0.9472998976707458
0.6418184638023376
0.9597817063331604
0.9792932868003845
0.5298746228218079
0.6048099398612976
0.1720595508813858
0.943021833896637
0.779880166053772
0.332893431186676
0.6890301704406738
0.6435418128967285
0.1722739189863205
0.9299560785293579
0.8792845606803894
0.7086563110351562
0.46379053592681885
0.9008339643478394
0.45118746161460876
0.2114255428314209
0.4111810326576233
0.6477790474891663
0.7153504490852356
0.9353850483894348
0.4746592938899994
0.5025995373725891
0.7472274899482727
0.9873979091644287
0.8346169590950012
0.45282480120658875
0.8907851576805115
0.5820606350898743
0.20761530101299286
0.21418030560016632
0.6550695300102234
0.9091804623603821
0.5584980845451355
0.8347153663635254
0.8043879866600037
0.8429853916168213
0.5361505746841431
0.49417737126350403
0.18752719461917877
0.9502967596054077
0.932124137878418
0.0056409407407045364
0.39106979966163635
0.9734367728233337
0.41314786672592163
0.5036010146141052
0.9353352785110474
0.7054219245910645
0.7919906377792358
0.7992291450500488
0.6402520537376404
0.3546469807624817
0.31687304377555847
0.20488505065441132
0.7930052280426025
0.32650744915008545
0.6881923079490662
0.6765343546867371
0.45981842279434204
0.07898101955652237
0.3991309106349945
0.02102910727262497
0.18433965742588043
0.36566317081451416
0.5499273538589478
0.7169011235237122
0.5352736711502075
0.7689105868339539
0.369059681892395
0.765592098236084
0.9684885740280151
0.9830517768859863
0.07321438938379288
0.6546075940132141
0.31753817200660706
0.12147077918052673
0.7903092503547668
0.08602818846702576
0.3946746289730072
0.7948504686355591
0.4815395474433899
0.017358500510454178
0.49651533365249634
0.4640763998031616
0.07666214555501938
0.30012741684913635
0.9845495223999023
0.8145621418952942
0.5887699723243713
0.9511058330535889
0.002039930783212185
0.8218100070953369
0.08685485273599625
0.12986314296722412
0.22947292029857635
0.7043673396110535
0.8526389002799988
0.1776120513677597
0.315891832113266
0.21100325882434845
0.7119109034538269
0.5857773423194885
0.7046532034873962
0.5617403388023376
0.5872701406478882
0.9002168774604797
0.2086537927389145
0.13651470839977264
0.7164299488067627
0.11849639564752579
0.6020916700363159
0.04063502699136734
0.3105308413505554
0.6289061903953552
0.7559081315994263
0.03934909775853157
0.5913326144218445
0.662411630153656
0.4262762665748596
0.6994993686676025
0.5923336148262024
0.526900589466095
0.14843180775642395
0.8105500936508179
0.7464078664779663
0.3156971335411072
0.39592817425727844
0.317864328622818
0.5939860939979553
0.7127718329429626
0.35296621918678284
0.47723153233528137
0.5528334975242615
0.48663070797920227
0.6342630982398987
0.4412005841732025
0.916635274887085
0.6577150225639343
0.37217020988464355
0.9238988161087036
0.7235832810401917
0.3070029318332672
0.3257298469543457
0.9580033421516418
0.2247525006532669
0.6166630983352661
0.4803428053855896
0.22440005838871002
0.49282798171043396
0.5317778587341309
0.5107479691505432
0.47920721769332886
0.8023451566696167
0.28231745958328247
0.2621293067932129
0.4692654013633728
0.7447065711021423
0.8570160269737244
0.5202512741088867
0.049509722739458084
0.3939933478832245
0.6429699063301086
0.7752352952957153
0.5318570137023926
0.4527658224105835
0.1407977044582367
0.6469212770462036
0.718210756778717
0.048891372978687286
0.6597204804420471
0.581445574760437
0.9280698895454407
0.04595133662223816
0.35140931606292725
0.7478144764900208
0.2995034456253052
0.7777435779571533
0.72134929895401
0.015309843234717846
0.7558364272117615
0.5983549952507019
0.8261932730674744
0.43826958537101746
0.6178945302963257
0.24644321203231812
0.481193482875824
0.6832547187805176
0.6282603740692139
0.2676616609096527
0.9922116994857788
0.9228225946426392
0.20801399648189545
0.002533724531531334
0.2787626385688782
0.5206464529037476
0.3852754831314087
0.7051745057106018
0.3944717049598694
0.4873325824737549
0.5493451952934265
0.9034737944602966
0.036257751286029816
0.47232961654663086
0.3988974690437317
0.9226358532905579
0.45506948232650757
0.6283193230628967
0.4152054786682129
0.7775615453720093
0.9058359265327454
0.16938944160938263
0.15300457179546356
0.5594804286956787
0.7506740093231201
0.38667771220207214
0.6193127632141113
0.4528515040874481
0.250566303730011
0.04240259900689125
0.7609238624572754
0.22911064326763153
0.5101842284202576
0.5304213166236877
0.5238721966743469
0.8936859369277954
0.6741409301757812
0.40553075075149536
0.029703231528401375
0.9237240552902222
0.5677412748336792
0.3664807677268982
0.5695662498474121
0.6248157620429993
0.3525875210762024
0.3570379316806793
0.9942235946655273
0.5835757851600647
0.6290116310119629
0.03531018644571304
0.30619683861732483
0.7226143479347229
0.12091976404190063
0.10976342856884003
0.43209072947502136
0.9175928831100464
0.5441198348999023
0.6151126623153687
0.9621621370315552
0.8502539396286011
0.6018441915512085
0.8072052001953125
0.8947873711585999
0.7270998954772949
0.3554755747318268
0.2575714588165283
0.8098912239074707
0.05213272571563721
0.7965465188026428
0.40571436285972595
0.027757545933127403
0.05533801019191742
0.5317496657371521
0.8191007375717163
0.3029826581478119
0.47922009229660034
0.660677433013916
0.7549324631690979
0.34758636355400085
0.2833784520626068
0.5314167141914368
0.17267189919948578
0.6761874556541443
0.6237003207206726
0.6642203330993652
0.38068607449531555
0.8715477585792542
0.6146572828292847
0.5952781438827515
0.9058080315589905
0.8712628483772278
0.2517842948436737
0.46557971835136414
0.29804396629333496
0.7445724010467529
0.016434771940112114
0.028374183923006058
0.12834134697914124
0.8598983883857727
0.7614559531211853
0.1733318269252777
0.7046911716461182
0.08613905310630798
0.5506385564804077
0.29216888546943665
0.28683269023895264
0.1291554719209671
0.36199483275413513
0.8622600436210632
0.30162250995635986
0.05182074382901192
0.4900650382041931
0.9444885849952698
0.33106696605682373
0.6676803231239319
0.9242873191833496
0.5780030488967896
0.9392935037612915
0.15945851802825928
0.5814766883850098
0.13839289546012878
0.08299665153026581
0.5250639915466309
0.7463815808296204
0.42358967661857605
0.9086489081382751
0.3192611336708069
0.39059528708457947
0.3416503071784973
0.9827422499656677
0.7248833775520325
0.7627795934677124
0.27458709478378296
0.8329950571060181
0.5992937088012695
0.4131500720977783
0.20293858647346497
0.5016503930091858
0.48358771204948425
0.47455450892448425
0.3010719120502472
0.8849054574966431
0.8131756782531738
0.03696507215499878
0.6358718276023865
0.27910274267196655
0.5420236587524414
0.18217259645462036
0.22441622614860535
0.918495237827301
0.8747109174728394
0.9806249141693115
0.059703413397073746
0.8116205334663391
0.802828848361969
0.9795551300048828
0.8805885910987854
0.4367493987083435
0.8161017894744873
0.26083946228027344
0.7367639541625977
0.6349166035652161
0.7146704792976379
0.9769551753997803
0.9450168013572693
0.10482039302587509
0.009038113057613373
0.8059172034263611
0.11286606639623642
0.0626620501279831
0.6885148882865906
0.7896987795829773
0.5050802826881409
0.7058855891227722
0.6600731015205383
0.3035113513469696
0.4062957763671875
0.4803563356399536
0.44376489520072937
0.20594806969165802
0.2813276946544647
0.30760908126831055
0.03575662150979042
0.17282457649707794
0.9219678640365601
0.48516973853111267
0.38475871086120605
0.434969037771225
0.7472996115684509
0.04568678140640259
0.6376653909683228
0.45355409383773804
0.7930037975311279
0.2848123610019684
0.005343019496649504
0.21521078050136566
0.6436724066734314
0.5601179003715515
0.5210064649581909
0.14981968700885773
0.3800632357597351
0.2050870656967163
0.33411726355552673
0.6153870820999146
0.4060572385787964
0.21567173302173615
0.654387891292572
0.9263644218444824
0.856164276599884
0.9213414192199707
0.41825875639915466
0.7842090129852295
0.8489282131195068
0.903814971446991
0.3672502636909485
0.9145359992980957
0.2470047026872635
0.2366166114807129
0.23278877139091492
0.27691736817359924
0.7426972985267639
0.7522652745246887
0.9219527840614319
0.8826978206634521
0.5096226334571838
0.9158205389976501
0.2073051929473877
0.9308727979660034
0.5072112083435059
0.17232319712638855
0.6515809297561646
0.7428699731826782
0.5345227718353271
0.8340981602668762
0.6593586802482605
0.5976811051368713
0.41894182562828064
0.9238447546958923
0.0514695905148983
0.37622973322868347
0.9667974710464478
0.6459166407585144
0.22615227103233337
0.2773383855819702
0.07713516801595688
0.04096662625670433
0.44581568241119385
0.6531268358230591
0.4812406301498413
0.2736234664916992
0.09710883349180222
0.9700930714607239
0.8023844361305237
0.7549291849136353
0.8843504786491394
0.7440667152404785
0.7637549638748169
0.1804269403219223
0.5829477310180664
0.8647584915161133
0.7826095819473267
0.4841131865978241
0.4374549388885498
0.8182389736175537
0.516608476638794
0.8086361289024353
0.9718474745750427
0.6876892447471619
0.48755303025245667
0.9501126408576965
0.41332292556762695
0.09824580699205399
0.5823541283607483
0.07090722769498825
0.295430988073349
0.22327108681201935
0.4047297537326813
0.03160832077264786
0.0157678984105587
0.7236618995666504
0.5752358436584473
0.5857324600219727
0.5981738567352295
0.9508867859840393
0.8605163097381592
0.2973361015319824
0.7220808863639832
0.5726457238197327
0.08791495859622955
0.08382730931043625
0.4512134790420532
0.03754309564828873
0.3520680367946625
0.3171013295650482
0.8138723969459534
0.7508572936058044
0.9484716057777405
0.6517466902732849
0.4475339949131012
0.7932549715042114
0.044048089534044266
0.4135650396347046
0.07441534101963043
0.23431234061717987
0.664883553981781
0.8078183531761169
0.9564892053604126
0.24223177134990692
0.3257170021533966
0.914447546005249
0.9603302478790283
0.5625365376472473
0.9318305253982544
0.8313158750534058
0.8561728000640869
0.48550161719322205
0.9168241024017334
0.8707438707351685
0.29931631684303284
0.19685767590999603
0.2894109785556793
0.04614848271012306
0.8087282776832581
0.01843073032796383
0.124221071600914
0.5064613819122314
0.30780088901519775
0.6845567226409912
0.19226381182670593
0.7727609276771545
0.4364951252937317
0.9756502509117126
0.8485277891159058
0.7164610028266907
0.03260060027241707
0.3019504249095917
0.017108844593167305
0.963713526725769
0.20213961601257324
0.6075438857078552
0.7122305035591125
0.018407505005598068
0.45314639806747437
0.20942415297031403
0.5645200610160828
0.5242067575454712
0.6747426986694336
0.5332471132278442
0.5785259008407593
0.4957779049873352
0.6412379741668701
0.931597113609314
0.7750421762466431
0.7649702429771423
0.1772354394197464
0.3509155213832855
0.8997900485992432
0.7762912511825562
0.6841486692428589
0.1327390819787979
0.8926494717597961
0.4538104832172394
0.33395180106163025
0.2504926919937134
0.05857691168785095
0.9727932214736938
0.2953210771083832
0.3263014853000641
0.5167984962463379
0.4132305383682251
0.4279508590698242
0.11733769625425339
0.5906267762184143
0.36706504225730896
0.7793145775794983
0.44103285670280457
0.6953428983688354
0.825964629650116
0.2878344655036926
0.3863985240459442
0.2999862730503082
0.20184455811977386
0.8027289509773254
0.4612247049808502
0.3007202744483948
0.990639865398407
0.5297888517379761
0.06794586777687073
0.9550495147705078
0.22599445283412933
0.565281093120575
0.5775521993637085
0.7329217791557312
0.8694958090782166
0.3818291425704956
0.6000058054924011
0.23382046818733215
0.07124383002519608
0.6070190072059631
0.9508234262466431
0.03720870241522789
0.3661588132381439
0.6399937272071838
0.9968953132629395
0.5784388780593872
0.9095266461372375
0.7350754737854004
0.045891474932432175
0.863167405128479
0.38556939363479614
0.16835807263851166
0.8159289360046387
0.8387749791145325
0.6004766821861267
0.9705376029014587
0.36914220452308655
0.4809844493865967
0.17182748019695282
0.13551637530326843
0.37398970127105713
0.5077626705169678
0.9071571230888367
0.01799634099006653
0.9264039993286133
0.9723864197731018
0.8725356459617615
0.8288688063621521
0.18806198239326477
0.6477880477905273
0.12608815729618073
0.9830949902534485
0.6361175775527954
0.6311400532722473
0.49227601289749146
0.08313827216625214
0.7130733132362366
0.6913067102432251
0.5686979293823242
0.15140143036842346
0.20365124940872192
0.07903724163770676
0.040027860552072525
0.7798128724098206
