512 1 3
0
271
1
7
2
95
3
397
4
297
5
250
6
207
7
393
8
61
9
498
6
10
11
474
12
401
13
345
14
423
15
85
16
328
17
421
18
216
19
397
20
326
21
469
22
132
23
127
24
354
25
416
26
118
27
342
28
503
29
104
30
258
31
366
32
391
33
34
34
233
35
486
36
359
37
210
38
173
39
426
40
244
41
180
42
403
43
465
44
419
45
141
46
180
47
380
48
442
49
156
50
57
51
337
0
52
53
63
54
486
55
71
56
153
57
151
58
275
59
117
60
288
14
61
62
217
63
317
64
271
65
487
66
190
67
185
68
163
69
89
70
339
71
101
72
457
73
445
74
398
75
350
76
352
77
357
78
344
79
105
80
228
81
264
82
217
83
391
84
432
3
85
86
337
87
166
88
263
89
452
90
346
91
247
92
481
93
333
94
401
95
218
96
266
97
499
98
379
99
189
100
471
101
153
102
468
14
103
104
333
105
438
106
209
107
355
108
304
0
109
110
386
111
135
112
406
86
113
114
249
28
115
116
395
117
298
118
126
65
119
120
220
121
190
11
122
123
505
124
310
125
150
52
126
127
407
128
159
129
290
130
474
109
131
132
212
133
417
32
134
135
483
136
230
85
137
138
390
139
207
140
422
141
199
142
457
143
336
80
144
145
491
146
316
147
184
148
360
149
365
150
183
151
325
32
152
138
153
154
252
155
273
156
212
148
157
158
328
112
159
132
160
138
161
162
204
141
163
161
164
165
344
166
273
167
421
168
390
169
287
167
170
68
171
172
231
116
173
174
377
59
175
176
386
177
191
111
178
179
245
180
484
181
303
182
422
11
183
184
355
22
185
186
214
187
404
70
188
189
289
126
190
135
191
192
299
129
193
194
275
195
446
196
300
197
431
37
198
199
274
200
378
201
417
202
211
203
330
44
204
205
354
206
239
207
209
183
208
98
209
210
410
38
211
155
212
213
465
214
238
215
390
209
216
217
251
218
291
141
219
220
417
130
221
222
457
223
229
224
439
225
311
226
269
227
278
128
228
178
229
230
353
231
263
232
394
233
422
234
254
235
386
236
278
237
384
238
478
220
239
240
481
241
476
242
338
243
402
244
382
245
287
246
331
247
379
28
248
55
249
250
305
251
418
252
319
25
253
254
284
175
255
256
261
220
257
258
397
259
271
260
482
261
278
262
375
263
340
137
264
265
481
261
266
99
267
172
268
136
269
22
270
271
510
272
281
273
286
274
384
275
379
34
276
77
277
278
340
98
279
100
280
281
349
153
282
28
283
62
284
85
285
60
286
267
287
288
446
125
289
290
382
275
291
87
292
214
293
34
294
275
295
293
296
243
297
298
457
299
511
27
300
301
348
231
302
199
303
70
304
168
305
306
505
307
349
308
444
19
309
310
492
105
311
312
361
187
313
11
314
315
441
316
376
249
317
175
318
275
319
40
320
321
495
122
322
232
323
290
324
52
325
70
326
267
327
203
328
90
329
237
330
187
331
252
332
81
333
325
334
129
335
179
336
337
475
46
338
298
339
340
436
81
341
96
342
343
423
334
344
129
345
15
346
347
369
233
348
8
349
344
350
112
351
53
352
353
372
354
484
82
355
193
356
239
357
261
358
109
359
360
361
321
361
14
362
163
363
122
364
161
365
197
366
260
367
13
368
259
369
218
370
258
371
53
372
62
373
168
374
227
375
192
376
52
377
17
378
379
511
119
380
375
381
382
454
340
383
346
384
181
385
271
386
35
387
88
388
389
496
194
390
391
428
227
392
115
393
394
430
306
395
1
396
345
397
171
398
261
399
399
400
401
490
374
402
1
403
33
404
367
405
147
406
21
407
151
408
409
437
1
410
248
411
288
412
267
413
414
448
135
415
416
472
236
417
96
418
419
427
228
420
421
435
422
462
167
423
336
424
159
425
426
471
47
427
330
428
326
429
366
430
124
431
412
432
19
433
376
434
19
435
373
436
228
437
15
438
126
439
179
440
181
441
293
442
436
443
444
468
308
445
233
446
165
447
39
448
213
449
450
478
52
451
2
452
81
453
244
454
14
455
308
456
200
457
453
458
200
459
4
460
307
461
247
462
238
463
310
464
12
465
441
466
226
467
65
468
200
469
175
470
127
471
277
472
161
473
319
474
416
475
462
476
204
477
115
478
134
479
258
480
94
481
170
482
316
483
454
484
23
485
281
486
369
487
478
488
489
501
142
490
194
491
292
492
461
493
396
494
442
495
244
496
374
497
30
498
360
499
48
500
58
501
319
502
346
503
439
504
504
505
397
506
216
507
175
508
291
509
21
510
200
511
0.36012768745422363
0.8238219022750854
0.7223991751670837
0.9429508447647095
0.16770844161510468
0.83491051197052
0.5957683324813843
0.4449199438095093
0.4183046817779541
0.14609040319919586
0.5954844355583191
0.016710612922906876
0.6406335830688477
0.722607433795929
0.8552606701850891
0.5540463328361511
0.6555227637290955
0.9854833483695984
0.6797046661376953
0.5294870734214783
0.707920253276825
0.5575806498527527
0.3856830596923828
0.6064460873603821
0.9764500260353088
0.9381942749023438
0.9493359923362732
0.44188258051872253
0.6985827088356018
0.7231940031051636
0.6494369506835938
0.17652785778045654
0.21940915286540985
0.8895848989486694
0.9114471673965454
0.36466196179389954
0.6996337175369263
0.19511665403842926
0.39329829812049866
0.46516403555870056
0.8215675354003906
0.9497084617614746
0.10239076614379883
0.8503594994544983
0.9689963459968567
0.5527459383010864
0.5592604279518127
0.6407963633537292
0.2203206568956375
0.6222175359725952
0.3295035660266876
0.2905628979206085
0.4678861200809479
0.4106917381286621
0.899307906627655
0.12820088863372803
0.7309718728065491
0.596815824508667
0.49212807416915894
0.9666757583618164
0.044110387563705444
0.8740848302841187
0.6374949812889099
0.4884829521179199
0.2513737380504608
0.11876045912504196
0.3135976791381836
0.6189408898353577
0.7692775726318359
0.5049923062324524
0.8368769288063049
0.4678494930267334
0.9524610042572021
0.16839741170406342
0.6303889155387878
0.34194380044937134
0.2236514836549759
0.9867868423461914
0.7516797780990601
0.5426722168922424
0.09261150658130646
0.20479267835617065
0.5479395389556885
0.40636926889419556
0.2366364747285843
0.08436688035726547
0.4898450970649719
0.6854690313339233
0.9111641049385071
0.22834403812885284
0.5748685598373413
0.33737093210220337
0.4457184970378876
0.6553941965103149
0.33414745330810547
0.6661370396614075
0.25674423575401306
0.21882781386375427
0.7349853515625
0.47850751876831055
0.5949031114578247
0.40329450368881226
0.05781865864992142
0.8754982948303223
0.554529070854187
0.10361063480377197
0.8697199821472168
0.9476227164268494
0.022206827998161316
0.5818503499031067
0.13925190269947052
0.8347552418708801
0.04481535032391548
0.8455851078033447
0.5398328304290771
0.3376888334751129
0.34205466508865356
0.8190485239028931
0.2810661792755127
0.4132925868034363
0.00471816211938858
0.08720160275697708
0.8278276324272156
0.2979544401168823
0.6754087805747986
0.1927124708890915
0.7781874537467957
0.01464928314089775
0.20153556764125824
0.5687782764434814
0.8970615863800049
0.24687892198562622
0.43419361114501953
0.1157824695110321
0.29490089416503906
0.13575240969657898
0.6720848679542542
0.1178017184138298
0.05907345563173294
0.06296286731958389
0.6168206930160522
0.2894653081893921
0.39440256357192993
0.46468788385391235
0.33050382137298584
0.0923665314912796
0.5489323735237122
0.5280203223228455
0.6996313333511353
0.7629459500312805
0.6857736706733704
0.7537197470664978
0.46494707465171814
0.9056563973426819
0.4052691161632538
0.09491331875324249
0.11178864538669586
0.643975555896759
0.44455310702323914
0.3655783236026764
0.22717849910259247
0.2291533201932907
0.832190752029419
0.5192756056785583
0.5809100270271301
0.6757521629333496
0.7090690732002258
0.021811045706272125
0.7000815868377686
0.7422279715538025
0.04005347564816475
0.17461247742176056
0.37964025139808655
0.7742837071418762
0.5695800185203552
0.3448501229286194
0.8241848349571228
0.4293335974216461
0.5541771650314331
0.1102512925863266
0.8102771043777466
0.7150183916091919
0.1508481651544571
0.6005837321281433
0.538443922996521
0.8096588253974915
0.45332732796669006
0.1905558854341507
0.467808336019516
0.28075844049453735
0.17086850106716156
0.6338309645652771
0.6490326523780823
0.6737485527992249
0.042476166039705276
0.2474072426557541
0.28637123107910156
0.3655218780040741
0.2923397719860077
0.7587664723396301
0.41339653730392456
0.6174149513244629
0.6794386506080627
0.10591378808021545
0.4741072952747345
0.6270266771316528
0.4937150776386261
0.6549026966094971
0.06374401599168777
0.3086256980895996
0.4747017025947571
0.8371546864509583
0.6559433341026306
0.8419378995895386
0.15715619921684265
0.0631270706653595
0.7390850782394409
0.45764362812042236
0.886122465133667
0.8051661849021912
0.2766224145889282
0.9161658883094788
0.8346706628799438
0.3278557360172272
0.9758972525596619
0.649200975894928
0.20937737822532654
0.5628805756568909
0.1933594048023224
0.4430227279663086
0.6177040338516235
0.23962204158306122
0.3670507073402405
0.07381591945886612
0.9507665634155273
0.6905538439750671
0.31480672955513
0.35651904344558716
0.8426010012626648
0.387948215007782
0.6077126264572144
0.4028243124485016
0.05130009725689888
0.5967406630516052
0.5366834402084351
0.8003073930740356
0.9691594243049622
0.4263065457344055
0.06459499895572662
0.1499451994895935
0.15687815845012665
0.8020293712615967
0.2738109827041626
0.4251289963722229
0.4947013854980469
0.42717254161834717
0.447585791349411
0.2834679186344147
0.24100829660892487
0.33436840772628784
0.3256991505622864
0.12081045657396317
0.9866360425949097
0.8503091931343079
0.6338463425636292
0.508475124835968
0.7599001526832581
0.16656719148159027
0.2800292670726776
0.5771138668060303
0.6128307580947876
0.8861808180809021
0.09262022376060486
0.3077147603034973
0.5722175240516663
0.2715587019920349
0.7518506646156311
0.8562819361686707
0.17361150681972504
0.6235677003860474
0.029079098254442215
0.44835513830184937
0.3472236692905426
0.16692517697811127
0.5957564115524292
0.9889150261878967
0.27192455530166626
0.5320159792900085
0.21635624766349792
0.3704109787940979
0.20284146070480347
0.8707003593444824
0.6071822047233582
0.9576313495635986
0.79694664478302
0.20713774859905243
0.007709789555519819
0.8822590708732605
0.5178427696228027
0.0007535508484579623
0.9976919293403625
0.6366996169090271
0.16683927178382874
0.5733416080474854
0.7233191132545471
0.6693581342697144
0.6485189199447632
0.7167022824287415
0.25720468163490295
0.7008364796638489
0.7481446266174316
0.687433123588562
0.5641098022460938
0.13490915298461914
0.0014276343863457441
0.6937017440795898
0.8246425986289978
0.9775122404098511
0.225007563829422
0.5298489332199097
0.025930391624569893
0.6160127520561218
0.2843862473964691
0.6650193333625793
0.12632805109024048
0.796916127204895
0.6402652263641357
0.1259172558784485
0.7443380355834961
0.9283203482627869
0.4524862766265869
0.7679626941680908
0.5869049429893494
0.21148306131362915
0.9468409419059753
0.9017402529716492
0.30391210317611694
0.9847266674041748
0.11641775071620941
0.6872197985649109
0.29146072268486023
0.741824209690094
0.559363603591919
0.9252141714096069
0.5219326019287109
0.6688222885131836
0.7140437960624695
0.2013636827468872
0.11768993735313416
0.7345865368843079
0.446691632270813
0.029368121176958084
0.6811426281929016
0.8675071597099304
0.5538086295127869
0.3501947522163391
0.8249382376670837
0.5086312890052795
0.7687040567398071
0.9712943434715271
0.8976931571960449
0.8329384326934814
0.2586020827293396
0.5420833230018616
0.4645221531391144
0.45146793127059937
0.01796722784638405
0.9574319124221802
0.5590441823005676
0.29290616512298584
0.10946009308099747
0.8640122413635254
0.39043107628822327
0.17518870532512665
0.5036473274230957
0.8350017070770264
0.5158793926239014
0.27445825934410095
0.745547890663147
0.5038310289382935
0.48586878180503845
0.1528567224740982
0.6631270051002502
0.289913147687912
0.8209327459335327
0.6107738614082336
0.344875693321228
0.6031923890113831
0.834739625453949
0.4993705153465271
0.4803834855556488
0.6858420968055725
0.9978355765342712
0.6811560988426208
0.2933260202407837
0.1413397192955017
0.9844782948493958
0.9944581389427185
0.812519907951355
0.9251534938812256
0.6431064009666443
0.6622765064239502
0.728845477104187
0.6734697818756104
0.6967815160751343
0.9854773879051208
0.7449795603752136
0.653095006942749
0.8697740435600281
0.9215058088302612
0.6256979703903198
0.9678382873535156
0.7880662083625793
0.4525555670261383
0.36026617884635925
0.6417722702026367
0.4914705157279968
0.8154485821723938
0.7300247550010681
0.160135418176651
0.564984917640686
0.904685914516449
0.051706522703170776
0.18060694634914398
0.8617715239524841
0.022016650065779686
0.3244042992591858
0.9170904159545898
0.8534420132637024
0.27208253741264343
0.5980318188667297
0.6004065871238708
0.12671595811843872
0.49891921877861023
0.5316369533538818
0.2488430291414261
0.04236385598778725
0.6161986589431763
0.43378788232803345
0.06844170391559601
0.8246721625328064
0.6581262350082397
0.3826364278793335
0.9935659170150757
0.12377209961414337
0.5435472726821899
0.4200529158115387
0.21683679521083832
0.7766408324241638
0.9128648042678833
0.09959940612316132
0.8189341425895691
0.32474908232688904
0.9878019690513611
0.5239492654800415
0.7095694541931152
0.23176723718643188
0.7781698107719421
0.572719156742096
0.7515454292297363
0.31155744194984436
0.06144624575972557
0.743375301361084
0.4652103781700134
0.32507044076919556
0.7789214253425598
0.9207737445831299
0.656230092048645
0.12292777746915817
0.14542946219444275
0.11652670055627823
0.03888330236077309
0.4769699275493622
0.5924659967422485
0.2867705225944519
0.16747070848941803
0.21107131242752075
0.6648208498954773
0.5340003967285156
0.5739415884017944
0.1363498568534851
0.6163198947906494
0.8163305521011353
0.598302960395813
0.2431601583957672
0.23396892845630646
0.06249092146754265
0.8791888952255249
0.24082313477993011
0.4565508961677551
0.5988759994506836
0.7706412076950073
0.21047870814800262
0.32688993215560913
0.8171738982200623
0.9815038442611694
0.5042515993118286
0.6644052267074585
0.8500343561172485
0.9772769808769226
0.6494473814964294
0.4751591682434082
0.08433949947357178
0.9498389959335327
0.8367324471473694
0.8477726578712463
0.5945760607719421
0.892492949962616
0.9486350417137146
0.7100057601928711
0.8453741073608398
0.6503458619117737
0.4991503059864044
0.30018022656440735
0.31095415353775024
0.00382626848295331
0.6956258416175842
0.5681397914886475
0.8813912868499756
0.8862329721450806
0.9756808280944824
0.7432466149330139
0.8449042439460754
0.7720652222633362
0.8631223440170288
0.11157413572072983
0.5101584196090698
0.32874545454978943
0.06370390951633453
0.41871750354766846
0.189696803689003
0.7017577290534973
0.1434442102909088
0.8172268271446228
0.2407846599817276
0.9416099190711975
0.37360483407974243
0.07943931967020035
0.2839697599411011
0.4329611361026764
0.9925180077552795
0.5751425623893738
0.18705393373966217
0.2926848530769348
0.7292491793632507
0.6450075507164001
0.07116805762052536
0.8118239045143127
0.8391677141189575
0.05261000245809555
0.1211906373500824
0.22291849553585052
0.3289969861507416
0.9135439395904541
0.5333473086357117
0.39293888211250305
0.1357792466878891
0.7827051281929016
0.7203076481819153
0.009540914557874203
0.38309913873672485
0.3624681234359741
0.7338319420814514
0.4748651385307312
0.1649794578552246
0.954939067363739
0.4579184949398041
0.6235681176185608
0.9262325763702393
0.02414885349571705
0.2808404564857483
0.26609453558921814
0.07507625967264175
0.26516321301460266
0.483722060918808
0.11524668335914612
0.8734444975852966
0.7626731991767883
0.1440436691045761
0.40062010288238525
0.2704331576824188
0.9488970041275024
0.2501818537712097
0.6634663343429565
0.9364364743232727
0.839469313621521
0.04102889820933342
0.05207648500800133
0.9984537363052368
0.4638885259628296
0.851209819316864
0.9517455697059631
0.42839860916137695
0.26440727710723877
0.564365565776825
0.16527225077152252
0.7605807781219482
0.7548196315765381
0.9171733260154724
0.6510946750640869
0.5397511720657349
0.11118536442518234
0.5401960015296936
0.024318356066942215
0.34419161081314087
0.15080709755420685
0.3071606755256653
0.3543397784233093
0.9334022998809814
0.7263209223747253
0.6456831097602844
0.7683151960372925
0.22895599901676178
0.861221432685852
0.8801916837692261
0.8945664167404175
0.2530929148197174
0.5451856255531311
0.635947048664093
0.28520750999450684
0.35814881324768066
0.12910360097885132
0.8381673097610474
0.9088247418403625
0.2208075374364853
0.4067669212818146
0.9987760186195374
0.7686285972595215
0.3217419981956482
0.8008975386619568
0.6589010953903198
0.08480045199394226
0.24512024223804474
0.4930154085159302
0.9002769589424133
0.08342816680669785
0.898378312587738
0.7753327488899231
0.5706943869590759
0.5966185927391052
0.9232519865036011
0.2803915739059448
0.41903072595596313
0.11499755084514618
0.5619621872901917
0.17952153086662292
0.004212496802210808
0.5240243673324585
0.3320089876651764
0.3666665554046631
0.6781788468360901
0.49264010787010193
0.3911319077014923
0.7667691111564636
0.6006423830986023
0.007195351645350456
0.5971578359603882
0.6000785231590271
0.965477705001831
0.14880001544952393
0.3318749666213989
0.222953200340271
0.23521758615970612
0.5164955258369446
0.027256730943918228
0.01717420667409897
0.8593828678131104
0.07778462022542953
0.7785708904266357
0.7898706197738647
0.2439253032207489
0.42806658148765564
0.4581040143966675
0.08546560257673264
0.39473792910575867
0.014453917741775513
0.05540821701288223
0.32006213068962097
0.8715152740478516
0.7504432797431946
0.10487663745880127
0.2068687528371811
0.8962005376815796
0.5695616602897644
0.9556643962860107
0.11084432154893875
0.7974802851676941
0.07062306255102158
0.3482803702354431
0.17383483052253723
0.4507031738758087
0.16507549583911896
0.611214280128479
0.6749406456947327
0.2714917063713074
0.6858099699020386
0.9886415004730225
0.906713604927063
0.5995952486991882
0.2512803375720978
0.8429632186889648
0.3746679127216339
0.5469268560409546
0.6273438334465027
0.9185289740562439
0.6956973671913147
0.4844936430454254
0.11715888977050781
0.896091103553772
0.9036020636558533
0.2899462580680847
0.9691543579101562
0.9783375859260559
0.15649019181728363
0.456801176071167
0.7840138077735901
0.23978134989738464
0.17158657312393188
0.18590734899044037
0.15014486014842987
0.9935638904571533
0.9464442133903503
0.7656127214431763
0.5549970269203186
0.0175863578915596
0.327705442905426
0.9003105163574219
0.184413880109787
0.9819532632827759
0.5726558566093445
0.4307355582714081
0.5330018997192383
0.7855197787284851
0.49242502450942993
0.5499338507652283
0.9918671250343323
0.9941734671592712
0.32548239827156067
0.08364372700452805
0.4421498477458954
0.6608917117118835
0.39653539657592773
0.6757577061653137
0.12138441205024719
0.07777823507785797
0.6736745238304138
0.5124225616455078
0.7250050902366638
0.08531595021486282
0.6370677351951599
0.14608626067638397
0.4081989526748657
0.46432337164878845
0.0948035791516304
0.2871125340461731
0.3686259388923645
0.5240040421485901
0.4479183554649353
0.06724624335765839
0.822469174861908
0.13940618932247162
0.21483395993709564
0.17060896754264832
0.7880301475524902
0.9026988744735718
0.33816614747047424
0.6106675267219543
0.586422860622406
0.07819978892803192
0.6643356084823608
0.9146684408187866
0.09942876547574997
0.7342512607574463
0.19467468559741974
0.5503993630409241
0.6126486659049988
0.11259470880031586
0.239809051156044
0.3175773620605469
0.9349664449691772
0.7319916486740112
0.8851356506347656
0.16040727496147156
0.24775287508964539
0.6588468551635742
0.6251206994056702
0.35387730598449707
0.8057869672775269
0.7681896686553955
0.06715666502714157
0.9686597585678101
0.7838550806045532
0.22987166047096252
0.8223316073417664
0.18183550238609314
0.7207083106040955
0.45249077677726746
0.9438738822937012
0.06925587356090546
0.6751487851142883
0.8898144364356995
0.40815892815589905
0.27755454182624817
0.04839365929365158
0.4220323860645294
0.5045499205589294
0.6953648328781128
0.267867773771286
0.753349244594574
0.15746161341667175
0.9895825982093811
0.27766093611717224
0.5486933588981628
0.29687032103538513
0.7469371557235718
0.5561119914054871
0.36612555384635925
0.667737603187561
0.08969750255346298
0.23328350484371185
0.3593795895576477
0.7716172933578491
0.7817795276641846
0.3442765474319458
0.1964050680398941
0.881425142288208
0.426699161529541
0.34318575263023376
0.00035824361839331686
0.1808738112449646
0.54031902551651
0.8264930248260498
0.6832941174507141
0.08757798373699188
0.27801498770713806
0.3285650312900543
0.49026551842689514
0.7309112548828125
0.6106463074684143
0.43126702308654785
0.3172612488269806
0.24607563018798828
0.47253167629241943
0.5844222903251648
0.9032642245292664
0.38824522495269775
0.05032018944621086
0.36951524019241333
0.4293367266654968
0.8175682425498962
0.4967626631259918
0.36887168884277344
0.7605974674224854
0.30800244212150574
0.6061281561851501
0.2746260166168213
0.32004666328430176
0.3484049141407013
0.5648025274276733
0.5094442367553711
0.97340989112854
0.8967848420143127
0.23498941957950592
0.9149374961853027
0.6415919065475464
0.3133751153945923
0.5428037047386169
0.6254882216453552
0.12780795991420746
0.8697125315666199
0.2036515772342682
0.6447868943214417
0.7695052027702332
0.8023195266723633
0.16016770899295807
0.7337531447410583
0.7463708519935608
0.7593834400177002
0.1543349176645279
0.4491012990474701
0.4700393080711365
0.8261100053787231
0.6595170497894287
0.40549153089523315
0.8034870028495789
0.43053877353668213
0.6557626724243164
0.5679178833961487
0.5121214389801025
0.0028881635516881943
0.26106980443000793
0.032307736575603485
0.9047980308532715
0.6027234196662903
0.7331152558326721
0.6384011507034302
0.4568081498146057
0.6286039352416992
0.12998974323272705
0.47051694989204407
0.5555196404457092
0.16144272685050964
0.7753723859786987
0.31456419825553894
0.0506475605070591
0.5164859890937805
0.9106172323226929
0.9792740345001221
0.6000733971595764
0.3741631507873535
0.8337371945381165
0.6842208504676819
0.2084682583808899
0.8914371132850647
0.8436774015426636
0.9932207465171814
0.4844970107078552
0.1660175621509552
0.2911582589149475
0.36299124360084534
0.630585253238678
0.5743560194969177
0.09885518997907639
0.05901655554771423
0.5503684282302856
0.5070067048072815
0.17956334352493286
0.9713596105575562
0.6855173110961914
0.9067028164863586
0.7279148101806641
0.5563552379608154
0.44483575224876404
0.8665959239006042
0.8203529119491577
0.38102415204048157
0.08291348069906235
0.1296541839838028
0.3703192472457886
0.027043314650654793
0.2324177771806717
0.9488214254379272
0.6796562671661377
0.13389626145362854
0.6363743543624878
0.5649886131286621
0.09243251383304596
0.28560566902160645
0.04755488038063049
0.6549224853515625
0.530532956123352
0.600221574306488
0.5841800570487976
0.17989657819271088
0.10166946798563004
0.21219734847545624
0.5331583619117737
0.17986778914928436
0.20910774171352386
0.45466604828834534
0.7955171465873718
0.10909010469913483
0.8315479159355164
0.7472758889198303
0.013013256713747978
0.8366347551345825
0.8550876379013062
0.8142997026443481
0.09412635862827301
0.04526618868112564
0.2151271402835846
0.41548219323158264
0.0893796756863594
0.14864084124565125
0.8111790418624878
0.9587613344192505
0.33439189195632935
0.5508147478103638
0.1648785024881363
0.14051403105258942
0.7007430195808411
0.3095851540565491
0.22828291356563568
0.842167854309082
0.5145475268363953
0.4421498775482178
0.7393218278884888
0.3230065405368805
0.13521809875965118
0.5565606355667114
0.16626572608947754
0.6129041314125061
0.25347498059272766
0.9044386148452759
0.004009060095995665
0.9241377115249634
0.3905203342437744
0.36630815267562866
0.6435170769691467
0.9522889852523804
0.507361650466919
0.3973565101623535
0.8700768351554871
0.6906724572181702
0.40874963998794556
0.07617310434579849
0.5983937978744507
0.33206212520599365
0.3344597816467285
0.056434404104948044
0.9051670432090759
0.1974368840456009
0.15273430943489075
0.643914520740509
0.5042293071746826
0.893021821975708
0.5551242828369141
0.9869406819343567
0.7294898629188538
0.36989152431488037
0.6125112771987915
0.4802301824092865
0.2686347961425781
0.6048495769500732
0.2736701965332031
0.28352680802345276
0.6128467917442322
0.42454177141189575
0.6195500493049622
0.6529234051704407
0.36553460359573364
0.668314516544342
0.7631552815437317
0.3731638491153717
0.6481011509895325
0.5736989378929138
0.757324755191803
0.3014030456542969
0.6656944751739502
0.5499764084815979
0.22626613080501556
0.16584284603595734
0.08525531738996506
0.3746429979801178
0.9793816804885864
0.3630915880203247
0.7605740427970886
0.18477584421634674
0.2501574754714966
0.1381406933069229
0.5357447862625122
0.2715803384780884
0.6782511472702026
0.7619491219520569
0.5755845904350281
0.5817781686782837
0.8105397820472717
0.6873171925544739
0.3410405218601227
0.6294761300086975
0.01156570203602314
0.49450016021728516
0.9083998799324036
0.8125632405281067
0.044462934136390686
0.19827623665332794
0.1944386512041092
0.9957250952720642
0.2120649367570877
0.2164497673511505
0.533079981803894
0.4284653961658478
0.31892281770706177
0.33972644805908203
0.23024602234363556
0.6830086708068848
0.8636408448219299
0.6835121512413025
0.9152436256408691
0.04947999119758606
0.8361567854881287
0.1260424256324768
0.5826877951622009
0.9523527026176453
0.4167976975440979
0.7730337977409363
0.7440135478973389
0.3292038142681122
0.0545821338891983
0.377999871969223
0.8174624443054199
0.9888967275619507
0.24077557027339935
0.1183401495218277
0.9607086777687073
0.7949877381324768
0.7611287832260132
0.30404922366142273
0.28257954120635986
0.41405045986175537
0.4438665211200714
0.26916348934173584
0.8725787997245789
0.21138973534107208
0.702786386013031
0.5991424918174744
0.5814213156700134
0.9353308081626892
0.8611245155334473
0.3216598331928253
0.04028911143541336
0.1979513317346573
0.9496335983276367
0.5673366785049438
0.03593809902667999
0.7681407928466797
0.9266396760940552
0.04665853828191757
0.10710154473781586
0.69548499584198
0.8145219087600708
0.549332857131958
0.48822465538978577
0.36927756667137146
0.12704259157180786
0.7748833298683167
0.4015887677669525
0.5328084826469421
0.8959639668464661
0.05161638557910919
0.4233863651752472
0.9154614806175232
0.02662522904574871
0.6616592407226562
0.6133102774620056
0.06205930933356285
0.7040650248527527
0.1445176899433136
0.8640615940093994
0.5971670150756836
0.797874927520752
0.2262258678674698
0.08901918679475784
0.434752494096756
0.24140708148479462
0.19247737526893616
0.6585138440132141
0.3525364100933075
0.056317687034606934
0.37881600856781006
0.40457722544670105
0.26839184761047363
0.9692670106887817
0.08431510627269745
0.8306323289871216
0.9350736737251282
0.6500709056854248
0.2541200518608093
0.42990273237228394
0.044403694570064545
0.9802810549736023
0.18642860651016235
0.14987370371818542
0.8773878812789917
0.9744898676872253
0.6055337190628052
0.8592305183410645
0.24546150863170624
0.9839281439781189
0.0032725234050303698
0.9249252080917358
0.7309740781784058
0.2283909022808075
0.726182222366333
0.882145881652832
0.926199197769165
0.47376832365989685
0.815126359462738
0.9691795706748962
0.5390844941139221
0.47613468766212463
0.5028426647186279
0.39010488986968994
0.41346418857574463
0.4789498746395111
0.5129961967468262
0.5902731418609619
0.055860310792922974
0.6825119256973267
0.33035513758659363
0.8388991951942444
0.03086022660136223
0.019344450905919075
0.4981951415538788
0.7556115984916687
0.023421339690685272
0.05608370527625084
0.2342296689748764
0.04303130507469177
0.2972748577594757
0.2334173619747162
0.7113204598426819
0.4365476369857788
0.038000691682100296
0.6479885578155518
0.334848016500473
0.13628068566322327
0.4322195053100586
0.6652230620384216
0.3200368881225586
0.18898311257362366
0.34147167205810547
0.571189284324646
0.018225161358714104
0.5775727033615112
0.017596473917365074
0.6143191456794739
0.7284831404685974
0.03845355287194252
0.7059259414672852
0.29629090428352356
0.5201129913330078
0.0873645767569542
0.11881285905838013
0.4523236155509949
0.6830565333366394
0.7467987537384033
0.7335844039916992
0.33882036805152893
0.6778697371482849
0.06101386994123459
0.6204299330711365
0.2708471119403839
0.22091996669769287
0.06615772098302841
0.23707669973373413
0.34369081258773804
0.8359783887863159
0.742270290851593
0.27913567423820496
0.025030700489878654
0.07313677668571472
0.9430486559867859
0.3555939495563507
0.4463425874710083
0.4273156225681305
0.1738227754831314
0.8300740122795105
0.09685713797807693
0.535306453704834
0.08074479550123215
0.9942887425422668
0.033821504563093185
0.13101926445960999
0.7306545972824097
0.4837828278541565
0.04236946627497673
0.779762327671051
0.7860557436943054
0.32033538818359375
0.4695885181427002
0.9582504034042358
0.5379327535629272
0.9522987604141235
0.02686862088739872
0.5947889089584351
0.7402623891830444
0.8707115650177002
0.44244882464408875
0.45316988229751587
0.038884349167346954
0.21075627207756042
0.8211115598678589
0.5566380620002747
0.22836469113826752
0.6523688435554504
0.3369542062282562
0.19102278351783752
0.897553563117981
0.7099636793136597
0.05734705552458763
0.856900155544281
0.6385602951049805
0.05652223899960518
0.15991677343845367
0.6133038997650146
0.42595115303993225
0.21764975786209106
0.40488874912261963
0.11473046988248825
0.9648553133010864
0.8213475346565247
0.4014699161052704
0.18088075518608093
0.9301133751869202
0.4146322011947632
0.7488803267478943
0.6800450682640076
0.007800773251801729
0.200997456908226
0.5528268218040466
0.2538285255432129
0.4212534725666046
0.5087987780570984
0.5793695449829102
0.3695276975631714
0.6888355612754822
0.34296122193336487
0.17725329101085663
0.2772541344165802
0.5546761751174927
0.7356960773468018
0.5242828130722046
0.9063515663146973
0.17406536638736725
0.9492328763008118
0.7786936163902283
0.1742754876613617
0.20096448063850403
0.4113275408744812
0.41980013251304626
0.3936282992362976
0.04840682074427605
0.43708616495132446
0.8688558340072632
0.07211640477180481
0.6522932648658752
0.46982476115226746
0.4035617411136627
0.9605455994606018
0.7000081539154053
0.18186011910438538
0.04524317756295204
0.654192328453064
0.44470787048339844
0.9830150604248047
0.7060490250587463
0.17354059219360352
0.13522601127624512
0.9246135354042053
0.9660173058509827
0.37896469235420227
0.3659123480319977
0.22036150097846985
0.4072238504886627
0.8843027353286743
0.5092031955718994
0.5370509028434753
0.4398373067378998
0.7340821623802185
0.47848838567733765
0.1733420044183731
0.39685165882110596
0.4822545647621155
0.891963005065918
0.36651527881622314
0.15064164996147156
0.05024787783622742
0.8861621022224426
0.7475144267082214
0.3089312016963959
0.9290422201156616
0.8039627075195312
0.41230446100234985
0.48459863662719727
0.6064040064811707
0.5018812417984009
0.4876049757003784
0.1729673594236374
0.7455483078956604
0.03081781603395939
0.43070483207702637
0.4579232633113861
0.5392047762870789
0.256518691778183
0.6550567746162415
0.7112908363342285
0.537330687046051
0.1455434262752533
0.6362515687942505
0.3011002838611603
0.3175053298473358
0.7396265268325806
0.4348936676979065
0.9785749316215515
0.06923653185367584
0.4708891212940216
0.880772054195404
0.8870303630828857
0.23474012315273285
0.973935604095459
0.7275328636169434
0.7913320660591125
0.2547200322151184
0.6955865025520325
0.03282633423805237
0.740871250629425
0.9105836153030396
0.06050426512956619
0.5457171201705933
0.7628535628318787
0.1979362964630127
0.7912777066230774
0.45412445068359375
0.8288486003875732
0.6684360504150391
0.06772738695144653
0.6875778436660767
0.3682745099067688
0.8097154498100281
0.5217397212982178
0.9593387246131897
0.7997579574584961
0.1968451738357544
0.43741029500961304
0.9630544781684875
0.8147317171096802
0.010921142064034939
0.7288720607757568
0.3844492733478546
0.2725372314453125
0.02926623448729515
0.07432472705841064
0.7803242206573486
0.13329769670963287
0.5763643383979797
0.5511267185211182
0.3468190133571625
0.5402524471282959
0.05590616911649704
0.15485399961471558
0.17249448597431183
0.8033531308174133
0.08785557746887207
0.8187851309776306
0.351528525352478
0.5549696683883667
0.5605133175849915
0.8771755695343018
0.6524068117141724
0.5984667539596558
0.3955961763858795
0.4266006648540497
0.8762626647949219
0.9316809177398682
0.21410198509693146
0.8662372827529907
0.9581786394119263
0.3151114583015442
0.891363263130188
0.34314650297164917
0.21935570240020752
0.7606262564659119
0.1690676212310791
0.18401455879211426
0.8702791929244995
0.6714776754379272
0.04429912939667702
0.3523097634315491
0.5153159499168396
0.8899145722389221
0.27377432584762573
0.8952241539955139
0.4203101098537445
0.3309323489665985
0.42563071846961975
0.17324508726596832
0.388216108083725
0.5611066222190857
0.957444965839386
0.4003661870956421
0.39102470874786377
0.33425241708755493
0.23797476291656494
0.1330614537000656
0.6976905465126038
0.0069445776753127575
0.8326561450958252
0.43724340200424194
0.24417994916439056
0.36775633692741394
0.11013802140951157
0.8859822154045105
0.884972870349884
0.03136702999472618
0.5660226345062256
0.003363095922395587
0.9206783771514893
0.9668207168579102
0.8192955255508423
0.7477532625198364
0.42991286516189575
0.3725166916847229
0.39036521315574646
0.7647777199745178
0.30004218220710754
0.4273521900177002
0.14596207439899445
0.031495824456214905
0.46903708577156067
0.45661410689353943
0.7693191170692444
0.697228193283081
0.7970552444458008
0.3141961395740509
0.8262488842010498
0.8262072801589966
0.7537397146224976
0.8471055030822754
0.9165358543395996
0.7032983899116516
0.16912531852722168
0.7513801455497742
0.05539635196328163
0.22388678789138794
0.9454706907272339
0.5636863708496094
0.4124077260494232
0.3778184950351715
0.6166723966598511
0.8585178256034851
0.892985463142395
0.46714258193969727
0.8321752548217773
0.9901265501976013
0.16679337620735168
0.17810297012329102
0.253942608833313
0.9318949580192566
0.21928739547729492
0.1271807849407196
0.2062484472990036
0.5672330260276794
0.9663223624229431
0.5973326563835144
0.8393253087997437
0.48742014169692993
0.9249891042709351
0.9521846771240234
0.08565878123044968
0.4946494400501251
0.06410481780767441
0.4445505142211914
0.18257032334804535
0.34279152750968933
0.8985483646392822
0.5003724098205566
0.036992672830820084
0.4232494831085205
0.010166994296014309
0.3551543653011322
0.7456507682800293
0.6264018416404724
0.2551126182079315
0.8585885167121887
0.4866102635860443
0.10781415551900864
0.28166136145591736
0.4951578676700592
0.9651569724082947
0.8059468269348145
0.21132893860340118
0.2812402844429016
0.39085257053375244
0.998175323009491
0.7681507468223572
0.12838421761989594
0.8783293962478638
0.5100783705711365
0.7345873117446899
0.6875095963478088
0.5932453274726868
0.9536943435668945
0.24259746074676514
0.8107003569602966
0.5120629072189331
0.8987576961517334
0.4308474361896515
0.9469455480575562
0.5628643035888672
0.7911849021911621
0.47123420238494873
0.47636687755584717
0.03418617695569992
0.7333527207374573
0.7839718461036682
0.8533691763877869
0.7664804458618164
0.626239538192749
0.7944808006286621
0.366015762090683
0.16339263319969177
0.6807800531387329
0.6712476015090942
0.17953109741210938
0.2641757130622864
0.4643268883228302
0.13783802092075348
0.5184690356254578
0.2668653726577759
0.5138952732086182
0.4992673397064209
0.7440824508666992
0.8185269236564636
0.6212575435638428
0.2132517695426941
0.6761936545372009
0.8470358848571777
0.2583159804344177
0.8837260603904724
0.43847957253456116
0.5409471988677979
0.7279006838798523
0.5443004965782166
0.15976384282112122
0.5452743172645569
0.4512186646461487
0.8018298149108887
0.7383846640586853
0.30864575505256653
0.7643262147903442
0.15016189217567444
0.9972988367080688
0.04492735117673874
0.2916624844074249
0.47940370440483093
0.8174484968185425
0.04194141551852226
0.8816342949867249
0.8765785098075867
0.5927524566650391
0.8732220530509949
0.32459837198257446
0.24295003712177277
0.5405012965202332
0.7511813640594482
0.883944034576416
0.11299433559179306
0.6984674334526062
0.931623101234436
0.31747686862945557
0.8553413152694702
0.18644918501377106
0.8088586926460266
0.5886619091033936
0.8762046098709106
0.4976920485496521
0.4419954717159271
0.06288154423236847
0.8637937903404236
0.9478426575660706
0.46336671710014343
0.27378469705581665
0.2087865173816681
0.4916287660598755
0.40852639079093933
0.9490246176719666
0.15839818120002747
0.8201337456703186
0.977415919303894
0.8559640049934387
0.52315354347229
0.28401681780815125
0.2546027898788452
0.8364073634147644
0.5240816473960876
0.5545377731323242
0.2356385439634323
0.8022181391716003
0.01772473379969597
0.8887104392051697
0.3691209852695465
0.9371927380561829
0.4950975179672241
0.6433001160621643
0.4714496433734894
0.5389688014984131
0.28165188431739807
0.6951486468315125
0.497843474149704
0.9330644011497498
0.9172233939170837
0.8801584839820862
0.7828224301338196
0.5418381690979004
0.4959186017513275
0.8616687059402466
0.2674253284931183
0.6038315296173096
0.36399704217910767
0.7596593499183655
0.034588467329740524
0.2690103352069855
0.3774389624595642
0.7396459579467773
0.48938360810279846
0.051373496651649475
0.5251997709274292
0.42104458808898926
0.41389378905296326
0.6483848094940186
0.9312542080879211
0.7705594897270203
0.5301129817962646
0.5815036296844482
0.452883243560791
0.6527369022369385
0.26235082745552063
0.9516752362251282
0.3351556658744812
0.7681746482849121
0.5302516222000122
0.5469657778739929
0.027166170999407768
0.7666982412338257
0.4595039486885071
0.04230128601193428
0.3082817792892456
0.9524769186973572
0.05161203071475029
0.16213162243366241
0.10298807919025421
0.03305892273783684
0.024673132225871086
0.7452699542045593
0.8922895789146423
0.06937218457460403
0.5913817286491394
0.8222934603691101
0.6489247679710388
0.5521947145462036
0.6209133863449097
0.07246967405080795
0.9640052318572998
0.5014527440071106
0.7709938883781433
0.2498573362827301
0.4979563057422638
0.6346019506454468
0.2775309979915619
0.7293184399604797
0.46579641103744507
0.5848230719566345
0.07147142291069031
0.7318698167800903
0.4937465786933899
0.6642503142356873
0.004101968370378017
0.23080074787139893
0.779172420501709
0.29304563999176025
0.22405926883220673
0.11228835582733154
0.7501552700996399
0.7968349456787109
0.791222870349884
0.935430109500885
0.17990505695343018
0.8718250393867493
0.42740216851234436
0.7342528700828552
0.7189894318580627
0.3519478440284729
0.4991239309310913
0.20434173941612244
0.633260190486908
0.10462690889835358
0.06707759946584702
0.6733014583587646
0.38785964250564575
0.09922082722187042
0.6387233138084412
0.5274477005004883
0.21705394983291626
0.7613707184791565
0.7425625920295715
0.0934663787484169
0.2117309868335724
0.18511277437210083
0.44228416681289673
0.7311280369758606
0.2431631237268448
0.8406199812889099
0.2372773438692093
0.626635730266571
0.30216777324676514
0.6520482897758484
0.8961716294288635
0.4757901132106781
0.09956822544336319
0.9347124099731445
0.546643078327179
0.03994869813323021
0.5493441820144653
0.5858919024467468
0.6911033391952515
0.04639982432126999
0.1539529711008072
0.990929901599884
0.38960152864456177
0.2898561656475067
0.44785183668136597
0.2719608247280121
0.15019367635250092
0.9417283535003662
0.9622393250465393
0.5400564074516296
0.8950237035751343
0.8481543660163879
0.5057278871536255
0.6190657019615173
0.6800966858863831
0.8721935153007507
0.6460760831832886
0.5431864261627197
0.6919323801994324
0.8575393557548523
0.7858961224555969
0.6727696061134338
0.20898465812206268
0.6710966229438782
0.18068340420722961
0.7598087787628174
0.3895362615585327
0.6366780400276184
0.7873488664627075
0.584945797920227
0.8765633702278137
0.9319270253181458
0.19815944135189056
0.5905173420906067
0.6449177265167236
0.20333042740821838
0.9348865747451782
0.03759949281811714
0.18451464176177979
0.8395251035690308
0.8875348567962646
0.2831757366657257
0.6769064664840698
0.33846092224121094
0.6084964275360107
0.12266597151756287
0.1256343126296997
0.7366316914558411
0.7752131819725037
0.5721094012260437
0.12629248201847076
0.14383231103420258
0.15203295648097992
0.36291906237602234
0.773004412651062
0.23427774012088776
0.5002580285072327
0.3788514733314514
0.833943784236908
0.4279193878173828
0.17871473729610443
0.48278239369392395
0.38714227080345154
0.41900479793548584
0.4776790738105774
0.674202561378479
0.24977731704711914
0.2953479290008545
0.2714398503303528
0.7741217017173767
0.655703067779541
0.15724477171897888
0.9516175389289856
0.5137801766395569
0.9727418422698975
0.5572714805603027
0.10122436285018921
0.5908709168434143
0.13996721804141998
0.9585979580879211
0.7947095632553101
0.12066700309515
0.938593864440918
0.8144670128822327
0.14883242547512054
0.29130062460899353
0.15330514311790466
0.5552330613136292
0.9567691087722778
0.6874793171882629
0.8243036866188049
0.9514132738113403
0.11983675509691238
0.13871866464614868
0.49944499135017395
0.9160588383674622
0.47710931301116943
0.43864870071411133
0.9843758344650269
0.13213041424751282
0.994635820388794
0.0003562431375030428
0.5287442803382874
0.43413904309272766
0.7726926803588867
0.011626141145825386
0.6600710153579712
0.8709065318107605
0.4509318470954895
0.4623182713985443
0.9336450695991516
0.45700958371162415
0.023293275386095047
0.3090225160121918
0.8236457705497742
0.7957823276519775
0.3426785171031952
0.9522717595100403
0.4890592098236084
0.024705607444047928
0.7053607702255249
0.1550852209329605
0.3418111801147461
0.5247953534126282
0.5451949834823608
0.12076389789581299
0.6566913723945618
0.028944766148924828
0.19475258886814117
0.13189305365085602
0.8907777070999146
0.7673149704933167
0.459891676902771
0.3889978229999542
0.724350094795227
0.14435027539730072
0.22489771246910095
0.1920769065618515
0.4316547214984894
0.711522102355957
0.6651499271392822
0.03993167355656624
0.36638006567955017
0.23454397916793823
0.7642231583595276
0.842456579208374
0.2251807302236557
0.9629127383232117
0.99617999792099
0.3529384136199951
0.6249957084655762
0.22390474379062653
0.18096794188022614
0.4850321412086487
0.5418911576271057
0.7350433468818665
0.9070525169372559
0.5576573014259338
0.8582952618598938
0.8395583629608154
0.9465848803520203
0.5497846603393555
0.42735233902931213
0.550357460975647
0.11318899691104889
0.3227337598800659
0.3981509506702423
0.8577810525894165
0.22006414830684662
0.7431108355522156
0.47968220710754395
0.35243746638298035
0.5265558362007141
0.5892366766929626
0.7529265284538269
0.561378002166748
0.14649266004562378
0.2641090750694275
0.23658248782157898
0.23319460451602936
0.0772266685962677
0.20163299143314362
0.9317654967308044
0.9209230542182922
0.4720332622528076
0.3810502588748932
0.9896597862243652
0.9168609976768494
0.17634908854961395
0.7633553147315979
0.12302834540605545
0.9028756618499756
0.024405580013990402
0.38653865456581116
0.31826454401016235
0.7495585083961487
0.9992544651031494
0.8247916102409363
0.48172053694725037
0.5701634883880615
0.8911437392234802
0.9275590181350708
0.9707270860671997
0.7707866430282593
0.4241594076156616
0.6682295203208923
0.5154171586036682
0.31283625960350037
0.5544225573539734
0.8726484179496765
0.8082239627838135
0.5639510154724121
0.4213845133781433
0.49411892890930176
0.2540317177772522
0.09723320603370667
0.8184041380882263
0.17250482738018036
0.3303121030330658
0.25215059518814087
0.9157678484916687
0.8619493246078491
0.92563796043396
0.05290474742650986
0.6681584715843201
0.4673697352409363
0.3306223452091217
0.49916696548461914
0.9062306880950928
0.7444926500320435
0.6458892822265625
0.19248755276203156
0.4548856317996979
0.11679410189390182
0.04820505902171135
0.19549615681171417
0.9150996804237366
0.48609304428100586
0.08977960795164108
0.2048790454864502
0.42301875352859497
0.5651746392250061
0.3168511986732483
0.21589414775371552
0.5283682942390442
0.2920910716056824
0.24083781242370605
0.2697429060935974
0.8462489247322083
0.4164222180843353
0.9441589713096619
0.2865152955055237
0.8584138751029968
0.07735446840524673
0.42035338282585144
0.10441548377275467
0.04086238145828247
0.33851268887519836
0.5618159174919128
0.28902655839920044
0.059170305728912354
0.7639535069465637
0.8923502564430237
0.3356964588165283
0.42622557282447815
0.9194955229759216
0.9370738863945007
0.594406247138977
0.36667871475219727
0.31544163823127747
0.5302955508232117
0.48519444465637207
0.16397343575954437
0.613710343837738
0.3924923539161682
0.5202605128288269
0.6682060956954956
0.030975554138422012
0.7929970026016235
0.9994794130325317
0.9752105474472046
0.3110150098800659
0.9980800747871399
0.2873185873031616
0.7989211678504944
0.21097569167613983
0.3339608311653137
0.8920660614967346
0.0045693437568843365
0.35955241322517395
0.6846216320991516
0.7387794256210327
0.5561686158180237
0.3611229658126831
0.39769667387008667
0.8978556394577026
0.6103503704071045
0.2785645127296448
0.6291763186454773
0.9567862749099731
0.522333562374115
0.6242038011550903
0.8337915539741516
0.6619318723678589
0.8033013939857483
0.7237228751182556
0.40880924463272095
0.24945582449436188
0.6272618174552917
0.4410460889339447
0.3556540310382843
0.47299668192863464
0.6847993731498718
0.6256698369979858
0.4476253390312195
0.8745900392532349
0.806939959526062
0.1255408078432083
0.25875189900398254
0.2159506380558014
0.5204213261604309
0.4665413498878479
0.07659805566072464
0.5712209343910217
0.23018905520439148
0.19236552715301514
0.17165029048919678
0.48127052187919617
0.08155598491430283
0.7799295783042908
0.6467710733413696
0.31594887375831604
0.14702826738357544
0.591310441493988
0.10010475665330887
0.18989039957523346
0.2483994960784912
0.6641093492507935
0.9477595090866089
0.5033200979232788
0.25185513496398926
0.28247004747390747
0.4446744918823242
0.2836187481880188
0.5249711871147156
0.7999640703201294
0.24300050735473633
0.6833081245422363
0.3276538550853729
0.8650409579277039
0.37739524245262146
0.9942466616630554
0.4223102033138275
0.9963379502296448
0.2944742739200592
0.32548072934150696
0.45232340693473816
0.6112313270568848
0.5473194122314453
0.8721279501914978
0.8752621412277222
0.9837628602981567
0.09819075465202332
0.8217103481292725
0.8900477886199951
0.25521671772003174
0.3659747540950775
0.318789541721344
0.8849837779998779
0.4256604015827179
0.840210497379303
0.5926833152770996
0.5611623525619507
0.3130538761615753
0.6800256371498108
0.6821945905685425
0.10022853314876556
0.31949111819267273
0.3024686574935913
0.6848086714744568
0.5254205465316772
0.036735985428094864
0.7946639060974121
0.839884877204895
0.8040885329246521
0.5711710453033447
0.8429423570632935
0.820513129234314
0.0777880921959877
0.8914155960083008
0.5899167060852051
0.16208602488040924
0.07847549021244049
0.24441803991794586
0.2315942645072937
0.06127474457025528
0.26051387190818787
0.02724296785891056
0.27652162313461304
0.0043503958731889725
0.36533287167549133
0.7974579930305481
0.4527961313724518
0.3037673234939575
0.9942607283592224
0.2967059314250946
0.32240059971809387
0.9323667287826538
0.832798957824707
0.17574651539325714
0.10999614000320435
0.6586650609970093
0.15339866280555725
0.38823777437210083
0.42326265573501587
0.19174113869667053
0.11525662988424301
0.9473145008087158
0.3691536784172058
0.8115329742431641
0.9028123021125793
0.05128336325287819
0.4857434034347534
0.7682664394378662
0.8457477688789368
0.6119371056556702
0.5298107862472534
0.06345473974943161
0.3535618185997009
0.6566618084907532
0.7622857093811035
0.265252947807312
0.7764731049537659
0.7604597210884094
0.9936221241950989
0.7238166928291321
0.6803722381591797
0.5916876792907715
0.4055463373661041
0.14959032833576202
0.7671615481376648
0.9076864123344421
0.37073493003845215
0.24423201382160187
0.2826533317565918
0.24095849692821503
0.16797593235969543
0.9052735567092896
0.5040698647499084
0.5801144242286682
0.6033204793930054
0.416855126619339
0.17986252903938293
0.9365532398223877
0.2775559425354004
0.6424902677536011
0.4267803132534027
0.9444932341575623
0.9998347163200378
0.10642099380493164
0.5909120440483093
0.574508011341095
0.929300844669342
0.5704790949821472
0.2299082726240158
0.8750614523887634
0.9234251379966736
0.21944445371627808
0.48705655336380005
0.3524194657802582
0.3527572751045227
0.298014760017395
0.7888920307159424
0.6913116574287415
0.3631472885608673
0.17839349806308746
0.6038740873336792
0.8331202864646912
0.6380326151847839
0.8059154748916626
0.8943843841552734
0.15463200211524963
0.19546617567539215
0.6046929955482483
0.47856637835502625
0.8055917620658875
0.7594132423400879
0.3675336539745331
0.25054410099983215
0.754551112651825
0.0821056142449379
0.6192308068275452
0.6243453621864319
0.438973605632782
0.8201686143875122
0.5118691921234131
0.4565073251724243
0.3235798478126526
0.9458918571472168
0.8127955198287964
0.47063055634498596
0.5063848495483398
0.6176306009292603
0.8269845843315125
0.7024197578430176
0.7367560267448425
0.5313352346420288
0.7648773789405823
0.4931071996688843
0.6329046487808228
0.9061455130577087
0.6198427081108093
0.6657706499099731
0.049908414483070374
0.7754026651382446
0.8092358112335205
0.8634323477745056
0.34851476550102234
0.7906310558319092
0.5221201181411743
0.7700502276420593
0.9884770512580872
0.2772575914859772
0.022422481328248978
0.7277888059616089
0.4783758819103241
0.8203831911087036
0.21108606457710266
0.3769357204437256
0.14564259350299835
0.854780375957489
0.45689889788627625
0.053211960941553116
0.7959433197975159
0.651604175567627
0.01895480789244175
0.2491885870695114
0.41439148783683777
0.16269172728061676
0.7765316963195801
0.9946567416191101
0.12087846547365189
0.10781195014715195
0.8909792304039001
0.32330963015556335
0.10249543190002441
0.592932403087616
0.0030411689076572657
0.36209142208099365
0.6561319828033447
0.1057075709104538
0.25124216079711914
0.49404212832450867
0.024860022589564323
0.5182527899742126
0.7895458936691284
0.8964126110076904
0.5455198287963867
0.38340699672698975
0.11511290073394775
0.9775488376617432
0.6146529316902161
0.2960391640663147
0.05262744426727295
0.6095003485679626
0.017900845035910606
0.7836378812789917
0.9392783045768738
0.33100518584251404
0.4181874990463257
0.540890634059906
0.4890502393245697
0.4506669342517853
0.6518266201019287
0.568513810634613
0.3461998403072357
0.7280215620994568
0.1955852210521698
0.7189304232597351
0.024104779586195946
0.43792295455932617
0.10748886317014694
0.9109504818916321
0.7402245402336121
0.2962266802787781
0.047658465802669525
0.23716767132282257
0.04703443869948387
0.36063888669013977
0.48465731739997864
0.6208581924438477
0.8297886252403259
0.4531762897968292
0.3582562506198883
0.18527299165725708
0.798085629940033
0.16434486210346222
0.9793725609779358
0.1688223034143448
0.7363002896308899
0.33505430817604065
0.40159550309181213
0.40937405824661255
0.6226032972335815
0.10895051807165146
0.6216562390327454
0.496659517288208
0.9032362103462219
0.12017566710710526
0.21639633178710938
0.682328462600708
0.544609010219574
0.6396448612213135
0.9853571057319641
0.2554626166820526
0.5680524706840515
0.6491539478302002
0.7965307831764221
0.6307556629180908
0.48220840096473694
0.26469743251800537
0.8738203644752502
0.8337877988815308
0.6273984313011169
0.3992895781993866
0.024951349943876266
0.8590817451477051
0.9722238183021545
0.6266313195228577
0.8275819420814514
0.1813521385192871
0.20696161687374115
0.8043997287750244
0.7910481095314026
0.2818998396396637
0.2650451958179474
0.3323555290699005
0.9568414092063904
0.4675862193107605
0.6078391075134277
0.09943795949220657
0.6255403757095337
0.7316346764564514
0.34634944796562195
0.14343729615211487
0.957724392414093
0.9585863351821899
0.5013124346733093
0.9343405365943909
0.25240060687065125
0.4759948253631592
0.9696283340454102
0.34797266125679016
0.6068314909934998
0.6845399141311646
0.6938561797142029
0.47450143098831177
0.40982314944267273
0.6265665888786316
0.743178129196167
0.6815589070320129
0.2798919677734375
0.05919512361288071
0.7592412829399109
0.7419840693473816
0.43618011474609375
0.06735149770975113
0.592305600643158
0.7414251565933228
0.7999155521392822
0.23082372546195984
0.6533471345901489
0.6503300070762634
0.9956216812133789
0.36527004837989807
0.26562759280204773
0.17323677241802216
0.995681881904602
0.5183700919151306
0.08808542788028717
0.2119695544242859
0.9717879295349121
0.21310478448867798
0.5495685935020447
0.9421882033348083
0.06301109492778778
0.32854369282722473
0.3482402563095093
0.5932402610778809
0.5014098286628723
0.8883026838302612
0.7311316728591919
0.9169840812683105
0.0930485799908638
0.29482924938201904
0.3041432499885559
0.445306658744812
0.48446744680404663
0.4174923598766327
0.796805739402771
0.0948774442076683
0.7746456861495972
0.640545129776001
0.18094147741794586
0.09760339558124542
0.963047206401825
0.6540824770927429
0.6437614560127258
0.5900580883026123
0.43291226029396057
0.009721299633383751
0.0583249032497406
0.5511985421180725
0.2336990088224411
0.10608073323965073
0.5279881358146667
0.8562822341918945
0.5975730419158936
0.8101006746292114
0.212530255317688
0.31556981801986694
0.8449670076370239
0.8288543224334717
0.017780696973204613
0.05986548215150833
0.009012749418616295
0.9283615946769714
0.578691840171814
0.5980775952339172
0.8975003361701965
0.8277610540390015
0.27173182368278503
0.17897839844226837
0.8805697560310364
0.3626031279563904
0.7340875267982483
0.6859175562858582
0.2222404181957245
0.9731796979904175
0.05545477941632271
0.16502274572849274
0.1972086876630783
0.6256171464920044
0.6870386004447937
0.7523459196090698
0.25144296884536743
0.8800667524337769
0.5609374046325684
0.16315175592899323
0.26245975494384766
0.5097122192382812
0.9014479517936707
0.5191443562507629
0.754096508026123
0.7068796157836914
0.9203221797943115
0.8837859630584717
0.09551713615655899
0.23206906020641327
0.6770358085632324
0.03345601260662079
0.15660862624645233
0.31043413281440735
0.4521496295928955
0.6451272964477539
0.4918139576911926
0.7017872333526611
0.5023738741874695
0.7928044199943542
0.14883723855018616
0.6179787516593933
0.5090173482894897
0.32018187642097473
0.13919945061206818
0.06274878233671188
0.7402182221412659
0.30886438488960266
0.7023863196372986
0.6411481499671936
0.257841557264328
0.4179907739162445
0.8778837323188782
0.12235939502716064
0.14871320128440857
0.3152831494808197
0.1798754185438156
0.1400710940361023
0.8536296486854553
0.42301321029663086
0.9705468416213989
0.16422756016254425
0.14672312140464783
0.520010769367218
0.30502060055732727
0.2760239243507385
0.42403557896614075
0.9425704479217529
0.7525560855865479
0.9232346415519714
0.8605848550796509
0.6962517499923706
0.9235998392105103
0.953071653842926
0.6462568640708923
0.5543334484100342
0.984194815158844
0.23257660865783691
0.5985643267631531
0.2236197143793106
0.598233163356781
0.5994626879692078
0.02812662534415722
0.5326747894287109
0.7791164517402649
0.28862622380256653
0.5040553212165833
0.8978204727172852
0.37829113006591797
0.5932584404945374
0.08799398690462112
0.6596615314483643
0.38289758563041687
0.9122894406318665
0.16034720838069916
0.14146973192691803
0.8666011691093445
0.681992769241333
0.9571230411529541
0.8812042474746704
0.6310081481933594
0.8274858593940735
0.9433366060256958
0.22133050858974457
0.6784462332725525
0.774354875087738
0.38092049956321716
0.13402238488197327
0.03508389741182327
0.5749056339263916
0.5891140699386597
0.5955159068107605
0.7277740836143494
0.3415055572986603
0.6021245121955872
0.050483569502830505
0.0861501693725586
0.9827283620834351
0.19107508659362793
0.30658411979675293
0.9452174305915833
0.32365506887435913
0.7489631772041321
0.25728005170822144
0.48323842883110046
0.10979781299829483
0.4264468252658844
0.26814988255500793
0.0022621271200478077
0.5915801525115967
0.42445504665374756
0.9004551768302917
0.45162200927734375
0.4712524712085724
0.6062308549880981
0.1379396915435791
0.8031038045883179
0.5585367679595947
0.28123149275779724
0.2702561318874359
0.9028782844543457
0.8281075358390808
0.8700388669967651
0.37451842427253723
0.2852914035320282
0.6789305806159973
0.08508506417274475
0.38114485144615173
0.7744322419166565
0.5739260911941528
0.2278212159872055
0.539031982421875
0.47884008288383484
0.18531091511249542
0.11092573404312134
0.1920226812362671
0.9325450658798218
0.0412912517786026
0.3496543765068054
0.09839542210102081
0.8406791687011719
0.39247292280197144
0.3260895013809204
0.8248611092567444
0.2695905566215515
0.4958118498325348
0.6511195302009583
0.5575129389762878
0.7362536787986755
0.89112788438797
0.7174767851829529
0.8035069704055786
0.4753274619579315
0.5966823697090149
0.7159625291824341
0.05004403740167618
0.982828676700592
0.6690852642059326
0.6958879828453064
0.23756034672260284
0.43974098563194275
0.392212837934494
0.6152253746986389
0.516945481300354
0.49363675713539124
0.29983362555503845
0.4498760998249054
0.5364304184913635
0.5939898490905762
0.7655248045921326
0.0009136579465121031
0.7557658553123474
0.1868428736925125
0.6139098405838013
0.5096341371536255
0.22241424024105072
0.5467801690101624
0.9504991173744202
0.5350991487503052
0.5788782835006714
0.29608985781669617
0.7180166840553284
0.25127267837524414
0.39640721678733826
0.7172337174415588
0.06628328561782837
0.9489796757698059
0.575652003288269
0.641761302947998
0.10350421071052551
0.45999905467033386
0.5717719793319702
0.6703473329544067
0.3527827560901642
0.2090432047843933
0.9782439470291138
0.4489014446735382
0.2952969968318939
0.8495701551437378
0.8773679733276367
0.6873005032539368
0.2252344936132431
0.7079240679740906
0.8209034204483032
0.5660254955291748
0.9920745491981506
0.9384510517120361
0.25565001368522644
0.33111679553985596
0.5780764222145081
0.2619531452655792
0.8423972725868225
0.04798970744013786
0.4601680040359497
0.38409116864204407
0.7093725800514221
0.9006537199020386
0.8466655611991882
0.8891921639442444
0.4334917962551117
0.3727108836174011
0.7352092862129211
0.18424411118030548
0.40761545300483704
0.8595039248466492
0.6234207153320312
0.021195312961935997
0.47768542170524597
0.45909392833709717
0.3550255000591278
0.6722458004951477
0.5029190182685852
0.9758689999580383
0.48072606325149536
0.9283066987991333
0.9786429405212402
0.5353893637657166
0.6650933623313904
0.3969495892524719
0.1367674618959427
0.8924757242202759
0.4949190020561218
0.395832359790802
0.7809562087059021
0.9464484453201294
0.7708587646484375
0.6475028991699219
0.5793882608413696
0.06777402758598328
0.08347237855195999
0.8955513834953308
0.9499632120132446
0.02878452092409134
0.9963812232017517
0.7127423882484436
0.9962834119796753
0.6713181138038635
0.7298130989074707
0.6898775100708008
0.3007300794124603
0.5044654607772827
0.8946709036827087
0.35820460319519043
0.48799702525138855
0.4560466706752777
0.6063042879104614
0.7802648544311523
0.1968192160129547
0.6805902123451233
0.24891701340675354
0.561689019203186
0.7982296943664551
0.29893139004707336
0.31477969884872437
0.49092698097229004
0.5165206789970398
0.3528173565864563
0.8515246510505676
0.9246476292610168
0.9132241010665894
0.3119191825389862
0.15095975995063782
0.061050768941640854
0.5750694274902344
0.9282633662223816
0.941382884979248
0.24948742985725403
0.9292899370193481
0.729228138923645
0.5392664670944214
0.3161022663116455
0.49404633045196533
0.8287591338157654
0.7900102138519287
0.9215962290763855
0.2654159665107727
0.10850103944540024
0.387618750333786
0.06852380186319351
0.9963836073875427
0.9855566024780273
0.6045286655426025
0.7250743508338928
0.6988593935966492
0.8737280368804932
0.13392391800880432
0.443632572889328
0.8130338191986084
0.3601452112197876
0.6005963087081909
0.8835262060165405
0.7405943274497986
0.17366591095924377
0.032679278403520584
0.025053659453988075
0.08426925539970398
0.45374780893325806
0.15247175097465515
0.8910009860992432
0.40777477622032166
0.8737502098083496
0.48450610041618347
0.8602972626686096
0.36791470646858215
0.9641037583351135
0.5433675646781921
0.6351282596588135
0.5123110413551331
0.5011839270591736
0.019571403041481972
0.7907291054725647
0.9970372319221497
0.565382182598114
0.6811249852180481
0.27781030535697937
0.5665650367736816
0.9544276595115662
0.09872695803642273
0.07606548815965652
0.15546965599060059
0.29030945897102356
0.6627267599105835
0.9997596740722656
0.043148547410964966
0.7095693349838257
0.8362815380096436
0.37040460109710693
0.911116361618042
0.8079575300216675
0.1901305764913559
0.9824025630950928
0.7392109632492065
0.7828646898269653
0.021643314510583878
0.25529345870018005
0.4113014340400696
0.24734099209308624
0.6882520914077759
0.9721531867980957
0.4313944876194
0.040307752788066864
0.7737007737159729
0.2481546849012375
0.21210604906082153
0.1412055790424347
0.8478082418441772
0.525611162185669
0.6777845621109009
0.7292516827583313
0.3198515474796295
0.2404329478740692
0.019994689151644707
0.9706012010574341
0.9482129812240601
0.45462551712989807
0.905808687210083
0.5527315139770508
0.9774705767631531
0.5329176783561707
0.7402791380882263
0.8108034133911133
0.007842703722417355
0.45909854769706726
0.1141943708062172
0.3688754439353943
0.04040377959609032
0.9468898773193359
0.5265962481498718
0.5983835458755493
0.3274069130420685
0.29193201661109924
0.8776538968086243
0.7960706949234009
0.04215557500720024
0.9543530941009521
0.8608613610267639
0.8897845149040222
0.5263064503669739
0.9987484216690063
0.9761353731155396
0.43174123764038086
0.41712746024131775
0.47117382287979126
0.9877811074256897
0.4009605348110199
0.6173843145370483
0.926679253578186
0.3227212131023407
0.37282106280326843
0.5567625761032104
0.6716511845588684
0.5570288300514221
0.016704903915524483
0.5718384385108948
0.3717731237411499
0.32968056201934814
0.938260018825531
0.9580244421958923
0.19676807522773743
0.024720577523112297
0.48462042212486267
0.45520728826522827
0.5504840612411499
0.06552068144083023
0.6660778522491455
0.7929636836051941
0.3808079957962036
0.564500629901886
0.16055740416049957
0.8682148456573486
0.6749041676521301
0.3306945860385895
0.663297176361084
0.2490796148777008
0.8961662650108337
0.3500109016895294
0.1570635288953781
0.5380704402923584
0.16702747344970703
0.5064889192581177
0.5833789110183716
0.3113391697406769
0.671221911907196
0.9266054034233093
0.9112488627433777
0.5490010380744934
0.7695899605751038
0.9335435628890991
0.2740379869937897
0.6257811188697815
0.26337432861328125
0.9713224768638611
0.1354784518480301
0.5869879126548767
0.08239530771970749
0.7451601028442383
0.4006136357784271
0.7081993818283081
0.00960298627614975
0.2919168770313263
0.9251807332038879
0.24533383548259735
0.04591898247599602
0.0292828269302845
0.7275334596633911
0.5113656520843506
0.7635709047317505
0.818333089351654
0.28118622303009033
0.34571269154548645
0.9252205491065979
0.6837953925132751
0.6228278279304504
0.6636124849319458
0.2785297632217407
0.4127969443798065
0.7420679330825806
0.01586785539984703
0.29347965121269226
0.13516229391098022
0.8659040927886963
0.6966943144798279
0.019267767667770386
0.8417047262191772
0.6281940340995789
0.6607151031494141
0.3314036726951599
0.6969699859619141
0.9413896203041077
0.919845700263977
0.8053205609321594
0.8725349307060242
0.12384932488203049
0.562315046787262
0.9372240900993347
0.8347504734992981
0.9126983880996704
0.9975059628486633
0.10737966746091843
0.7311354279518127
0.8930264711380005
0.26174575090408325
0.34855708479881287
0.7997362017631531
0.10981018096208572
0.9025266170501709
0.1932261884212494
0.736910343170166
0.9449692964553833
0.1270696073770523
0.057695209980010986
0.2367546707391739
0.9736313223838806
0.1300395429134369
0.5220541954040527
0.8521997928619385
0.8458742499351501
0.3843268156051636
0.696840226650238
0.2935715913772583
0.9898766875267029
0.6182555556297302
0.7097297310829163
0.7158879637718201
0.2529631555080414
0.49205371737480164
0.512839674949646
0.7424938678741455
0.5354002714157104
0.6170991063117981
0.5304219126701355
0.15434019267559052
0.3112231194972992
0.5410705804824829
0.002683483064174652
0.7227128744125366
0.9528834223747253
0.8755958676338196
0.6363353133201599
0.2890967130661011
0.8321043848991394
0.04068412259221077
0.005835382733494043
0.3261122703552246
0.05069521814584732
0.10436276346445084
0.1395290344953537
0.8582934737205505
0.8966109156608582
0.2877494692802429
0.22454799711704254
0.0665120854973793
0.11028625071048737
0.7589494585990906
0.06083062291145325
0.8469991087913513
0.4765668511390686
0.5654930472373962
0.01103247981518507
0.3214884400367737
0.5957266092300415
0.4428078234195709
0.560386598110199
0.01185138151049614
0.3035784363746643
0.3592192232608795
0.44414108991622925
0.45919108390808105
0.16895875334739685
0.44771361351013184
0.8183912038803101
0.5993513464927673
0.20286235213279724
0.44633185863494873
0.3641754686832428
0.2674301862716675
0.5163206458091736
0.9342381954193115
0.08947126567363739
0.5079732537269592
0.5645133256912231
0.8446184396743774
0.322536826133728
0.47635701298713684
0.0022662868723273277
0.8592426776885986
0.11884557455778122
0.35533034801483154
0.4133954346179962
0.844704270362854
0.18214555084705353
0.9020702242851257
0.786555290222168
0.8152347207069397
0.6495646238327026
0.5223471522331238
0.013552414253354073
0.023415928706526756
0.5459067225456238
0.8515208959579468
0.32396847009658813
0.5310990810394287
0.6871596574783325
0.6118863224983215
0.30916455388069153
0.1645624339580536
0.7794566750526428
0.21788807213306427
0.7618131637573242
0.3961615264415741
0.9473875164985657
0.41315263509750366
0.16749350726604462
0.9723235368728638
0.06698043644428253
0.9713374972343445
0.3457975387573242
0.7373033761978149
0.3908926248550415
0.8264985084533691
0.9838579893112183
0.5286750197410583
0.4158213138580322
0.4670751094818115
0.7078785300254822
0.9357779026031494
0.35850802063941956
0.8359335660934448
0.11851990967988968
0.805201530456543
0.7827255725860596
0.5672616958618164
0.6453540921211243
0.2260957807302475
0.9994633197784424
0.6991839408874512
0.4603833258152008
0.6316208243370056
0.21198834478855133
0.46788957715034485
0.22068989276885986
0.14074860513210297
0.5296803116798401
0.006707224063575268
0.06497341394424438
0.5236149430274963
0.9951692223548889
0.17297695577144623
0.1350252330303192
0.19518119096755981
0.17100408673286438
0.9527928829193115
0.345910906791687
0.5590358972549438
0.04880433529615402
0.7108688354492188
0.5835950970649719
0.11786167323589325
0.334748238325119
0.015450684353709221
0.8646883368492126
0.844680666923523
0.01916096732020378
0.07041391730308533
0.27761250734329224
0.5950285792350769
0.6287049055099487
0.06271443516016006
0.3018161952495575
0.9436466693878174
0.5501840114593506
0.7957994937896729
0.07414847612380981
0.6603279709815979
0.5284004211425781
0.6390402317047119
0.795043408870697
0.8933354020118713
0.6628162860870361
0.41509559750556946
0.3128943145275116
0.8035700917243958
0.960861086845398
0.9300314784049988
0.05238892510533333
0.39703208208084106
0.8151597380638123
0.6683511734008789
0.237079456448555
0.3594187796115875
0.7914601564407349
0.40196460485458374
0.004094488453119993
0.7650558352470398
0.8877608776092529
0.44557592272758484
0.19659902155399323
0.9997733235359192
0.8113399147987366
0.7571961283683777
0.45587754249572754
0.4669915437698364
0.6642900109291077
0.7777732014656067
0.4053301215171814
0.22821760177612305
0.4468664228916168
0.7965252995491028
0.14646963775157928
0.44153156876564026
0.908440113067627
0.42350924015045166
0.632682740688324
0.28728267550468445
0.9556863307952881
0.9886210560798645
0.1208239421248436
0.5066949129104614
0.2110021412372589
0.5082629919052124
0.8137840032577515
0.6848734021186829
0.011093051172792912
0.21675686538219452
0.5568349361419678
0.8187677264213562
0.7029504776000977
0.7535399198532104
0.8211132287979126
0.38008803129196167
0.6537641882896423
0.3740922808647156
0.6805859804153442
0.6812371611595154
0.8425980806350708
0.3399568498134613
0.009387434460222721
0.3213116526603699
0.8269926905632019
0.38250836730003357
0.19268837571144104
0.12084826081991196
0.317449152469635
0.3200344145298004
0.9199958443641663
0.6759117841720581
0.07289261370897293
0.936109185218811
0.6525066494941711
0.4202142357826233
0.06320416927337646
0.6145510077476501
0.4787719249725342
0.9532440304756165
0.02628317102789879
0.8829488158226013
0.024861300364136696
0.8331560492515564
0.381024569272995
0.3122766315937042
0.5613163113594055
0.2284477800130844
0.09819404035806656
0.493198424577713
0.4717165231704712
0.1334022879600525
0.7516208291053772
0.0033971411176025867
0.1260552555322647
0.6982402205467224
0.7328310012817383
0.35034939646720886
0.574272096157074
0.44935497641563416
0.8444023132324219
0.3077302873134613
0.5929207801818848
0.032999034970998764
0.590942919254303
0.5238064527511597
0.5258832573890686
0.5793068408966064
0.23778335750102997
0.7525521516799927
0.6845726370811462
0.8802675008773804
0.33339229226112366
0.5165547132492065
0.6489255428314209
0.654890775680542
0.19584216177463531
0.1946457475423813
0.5728908181190491
0.892615795135498
0.5362969040870667
0.8705422282218933
0.3907855749130249
0.10122812539339066
0.06013183295726776
0.786855936050415
0.9435856938362122
0.4997599720954895
0.4695832431316376
0.49750831723213196
0.7362414002418518
0.8120386004447937
0.9894297122955322
0.9238753318786621
0.26605328917503357
0.022817663848400116
0.30866485834121704
0.11420271545648575
0.6546299457550049
0.3713284432888031
0.1931757926940918
0.186493381857872
0.5052362084388733
0.4375203847885132
0.9963865876197815
0.27894502878189087
0.5122007727622986
0.15901918709278107
0.558890163898468
0.5682040452957153
0.8661773204803467
0.7317858934402466
0.6125082969665527
0.9237831830978394
0.25440916419029236
0.5611600875854492
0.9025706648826599
0.800984263420105
0.7370771765708923
0.7226070165634155
0.36548447608947754
0.8734499216079712
0.5114608407020569
0.6375621557235718
0.23285120725631714
0.9171934127807617
0.13639283180236816
0.7429889440536499
0.9437875747680664
0.26574939489364624
0.1454060822725296
0.45412030816078186
0.4126623868942261
0.016452128067612648
0.9578971266746521
0.8540384769439697
0.6206512451171875
0.0190708190202713
0.03873142972588539
0.22711797058582306
0.43294060230255127
0.4003135859966278
0.3242931067943573
0.7962602972984314
0.5294674634933472
0.9956110715866089
0.9556374549865723
0.9732020497322083
0.7291238307952881
0.8494506478309631
0.20939850807189941
0.18334847688674927
0.3312182128429413
0.6775369644165039
0.2633121907711029
0.03581274300813675
0.5654124021530151
0.682273268699646
0.6406394243240356
0.15452520549297333
0.24430590867996216
0.4668530821800232
0.22045981884002686
0.12312357872724533
0.5191805958747864
0.9700415134429932
0.9468696117401123
0.004764192271977663
0.33711907267570496
0.47701114416122437
0.03615433722734451
0.3289371430873871
0.7977299690246582
0.4638153612613678
0.6400552988052368
0.99015212059021
0.21131013333797455
0.4490927755832672
0.4729700982570648
0.3637632429599762
0.2250625193119049
0.2845092713832855
0.2385035753250122
0.5542117953300476
0.1385103464126587
0.1781730204820633
0.9822456240653992
0.02204195223748684
0.8303695321083069
0.12878429889678955
0.7154803276062012
0.30511459708213806
0.4189509451389313
0.6765504479408264
0.044880352914333344
0.8594371676445007
0.3970320224761963
0.12236988544464111
0.4093541204929352
0.2396157830953598
0.7405906319618225
0.15440906584262848
0.24176442623138428
0.3069067597389221
0.19881170988082886
0.2490961253643036
0.3560704290866852
0.3754233717918396
0.496050626039505
0.3902372121810913
0.39404237270355225
0.4297202229499817
0.8612410426139832
0.43613412976264954
0.2859560549259186
0.7976163625717163
0.3375134766101837
0.8392552137374878
0.1262013018131256
0.573230504989624
0.1466633677482605
0.900923490524292
0.21971577405929565
0.955093502998352
0.5975052118301392
0.9230360388755798
0.311639666557312
0.33335572481155396
0.40694767236709595
0.4733547866344452
0.9166573882102966
0.5474293828010559
0.4002194106578827
0.5416695475578308
0.14313749969005585
0.33669576048851013
0.35239359736442566
0.3008970618247986
0.970479428768158
0.27128762006759644
0.9388176798820496
0.4611891508102417
0.8221625685691833
0.18855470418930054
0.9497249126434326
0.6814296841621399
0.6123755574226379
0.6654621362686157
0.45910361409187317
0.1426110714673996
0.46602270007133484
0.7669813632965088
0.8518388867378235
0.13279344141483307
0.34524860978126526
0.600541889667511
0.7186058759689331
0.04346127808094025
0.2591896057128906
0.6507357358932495
0.4210782051086426
0.6482888460159302
0.3674004375934601
0.20725062489509583
0.7616939544677734
0.5922104716300964
0.31137514114379883
0.5100069046020508
0.6217960715293884
0.7019129991531372
0.4313403069972992
0.8891354203224182
0.24097828567028046
0.6900205612182617
0.39478984475135803
0.5751785039901733
0.9068519473075867
0.6429018378257751
0.3915959298610687
0.08904765546321869
0.22156354784965515
0.4285981059074402
0.10615767538547516
0.5130405426025391
0.7110843658447266
0.905115008354187
0.3977898359298706
0.560905933380127
0.9790804982185364
0.9733168482780457
0.09599372744560242
0.841666042804718
0.5815935730934143
0.9091586470603943
0.04686098173260689
0.49072766304016113
0.28667575120925903
0.4880025088787079
0.7688592076301575
0.8250359892845154
0.23158596456050873
0.4197276830673218
0.5226473212242126
0.3975133001804352
0.7294291257858276
0.09846995025873184
0.12663453817367554
0.21203237771987915
0.11905360221862793
0.5864695906639099
0.26519718766212463
0.00884848739951849
0.5198758840560913
0.12137649953365326
0.4447295665740967
0.9783707857131958
0.8924652338027954
0.8883301615715027
0.4431490898132324
0.5416412353515625
0.3536631762981415
0.5512267351150513
0.9378920793533325
0.7231805920600891
0.0036489840131253004
0.6539390683174133
0.879183828830719
0.18835972249507904
0.2130156308412552
0.3302581310272217
0.8285127282142639
0.8996524214744568
0.5154867768287659
0.6425222158432007
0.0018154560821130872
0.8991218209266663
0.5100861191749573
0.08107257634401321
0.23097313940525055
0.9700673222541809
0.9421528577804565
0.2790944576263428
0.7907274961471558
0.010630662553012371
0.8079345226287842
0.43239298462867737
0.6137443780899048
0.5498412251472473
0.2472102791070938
0.3510444164276123
0.03729281201958656
0.12531334161758423
0.8360684514045715
0.5832053422927856
0.022110553458333015
0.9865387082099915
0.7614015340805054
0.4309113919734955
0.961557149887085
0.6921638250350952
0.4470081925392151
0.716508150100708
0.9498802423477173
0.2959505319595337
0.2617197334766388
0.3881767690181732
0.4633379280567169
0.9172907471656799
0.06212925165891647
0.5838373303413391
0.6032217144966125
0.4563170075416565
0.2806794047355652
0.4565073847770691
0.9971045851707458
0.8324775695800781
0.796674370765686
0.40321123600006104
0.9371590614318848
0.9420531392097473
0.28926342725753784
0.8408978581428528
0.5879208445549011
0.7904108762741089
0.9243288636207581
0.20011088252067566
0.5605229735374451
0.5706276297569275
0.6886746883392334
0.4929315149784088
0.23051902651786804
0.682283341884613
0.9981700778007507
0.003041712334379554
0.3661472797393799
0.08486737310886383
0.9455983638763428
0.8735036253929138
0.5826364755630493
0.8675704002380371
0.6773573756217957
0.776059091091156
0.8911381959915161
0.874082624912262
0.12679101526737213
0.8306150436401367
0.9140350222587585
0.2812686562538147
0.8368726968765259
0.9679000377655029
0.6794554591178894
0.5294487476348877
0.494960218667984
0.39036983251571655
0.9156677722930908
0.39760729670524597
0.7219941020011902
0.41751962900161743
0.7903521656990051
0.744585394859314
0.12405750155448914
0.38051459193229675
0.23166510462760925
0.7700665593147278
0.7640549540519714
0.8994554281234741
0.31361424922943115
0.15086477994918823
0.7072948217391968
0.7022390961647034
0.8754785656929016
0.8327622413635254
0.01588754542171955
0.7768043875694275
0.9676482677459717
0.18492041528224945
0.2490788698196411
0.9927085638046265
0.7328402996063232
0.7532625794410706
0.7878222465515137
0.17371395230293274
0.6486575603485107
0.04130798950791359
0.49191147089004517
0.9747009873390198
0.9875821471214294
0.2630051076412201
0.779380202293396
0.7022479176521301
0.33427950739860535
0.5456638336181641
0.6795241832733154
0.7245383858680725
0.7639736533164978
0.5364516377449036
0.38412487506866455
0.10852447897195816
0.4186970293521881
0.7147687077522278
0.964713454246521
0.8245317935943604
0.7805080413818359
0.6939066648483276
0.7788915038108826
0.9781724214553833
0.8938931226730347
0.2540609538555145
0.5087478756904602
0.5858513712882996
0.3834294080734253
0.4343808591365814
0.7781677842140198
0.08212465792894363
0.8839132189750671
0.8048468828201294
0.7915612459182739
0.14343199133872986
0.7520595788955688
0.06652503460645676
0.13804486393928528
0.13936792314052582
0.4339202344417572
0.7467198967933655
0.010621451772749424
0.568840503692627
0.35440418124198914
0.26284679770469666
0.4121560752391815
0.895598828792572
0.30709314346313477
0.9421307444572449
0.09226342290639877
0.31340712308883667
0.09725845605134964
0.5995733737945557
0.9492915868759155
0.08150627464056015
0.7921603322029114
0.5235156416893005
0.6443884968757629
0.6441702842712402
0.16871508955955505
0.9384927749633789
0.28922775387763977
0.5645034909248352
0.2583071291446686
0.11362689733505249
0.4610846936702728
0.7574408054351807
0.7344025373458862
0.7967873215675354
0.6837803721427917
0.9400941729545593
0.7601330280303955
0.5771898031234741
0.30364638566970825
0.5076635479927063
0.4815848469734192
0.5704784989356995
0.11847185343503952
0.5921867489814758
0.045517414808273315
0.8917192220687866
0.10097851604223251
0.8902537822723389
0.6799558401107788
0.7532230019569397
0.8545003533363342
0.016056446358561516
0.12540312111377716
0.36465635895729065
0.8099491596221924
0.5335934162139893
0.615699827671051
0.8832622170448303
0.019184201955795288
0.5936066508293152
0.3465844392776489
0.40213289856910706
0.8832122683525085
0.9479113221168518
0.07742679864168167
0.7801687717437744
0.30028390884399414
0.6623027920722961
0.8956485390663147
0.43281087279319763
0.83622145652771
0.7776758074760437
0.15064705908298492
0.8675124645233154
0.8386636972427368
0.04759915545582771
0.12795065343379974
0.5987477898597717
0.679801344871521
0.39295175671577454
0.3069252371788025
0.027665451169013977
0.40316274762153625
0.05718144774436951
0.9894194006919861
0.3435649573802948
0.8151254653930664
0.4527159035205841
0.9251487851142883
0.4792443513870239
0.2063492089509964
0.9311666488647461
0.7386202812194824
0.8845862746238708
0.3393663465976715
0.31288450956344604
0.5725108981132507
0.10236916691064835
0.2274099886417389
0.6604637503623962
0.26535895466804504
0.10016436129808426
0.4336266815662384
0.5551650524139404
0.21739943325519562
0.7512646317481995
0.6612547039985657
0.7572388648986816
0.19801154732704163
0.2922306954860687
0.6981528401374817
0.795715868473053
0.6894445419311523
0.5220142602920532
0.541557252407074
0.4675809442996979
0.9023286700248718
0.2746683955192566
0.5179076194763184
0.7508127093315125
0.30337873101234436
0.7621359825134277
0.41517117619514465
0.1771785318851471
0.09576096385717392
0.08673810213804245
0.7761127352714539
0.18786728382110596
0.36242759227752686
0.7677339315414429
0.15557731688022614
0.7557424306869507
0.25983119010925293
0.5354887247085571
0.6184045076370239
0.39661750197410583
0.7721476554870605
0.03057543933391571
0.29884323477745056
0.13856589794158936
0.17813171446323395
0.06185901165008545
0.6195957064628601
0.1524399369955063
0.19871211051940918
0.842905580997467
0.34891074895858765
0.4074169099330902
0.47183874249458313
0.15434570610523224
0.09367641806602478
0.5266045331954956
0.9284488558769226
0.0942234918475151
0.46607980132102966
0.29557573795318604
0.26224297285079956
0.6026749610900879
0.18969564139842987
0.6810614466667175
0.24770423769950867
0.020970990881323814
0.4441280663013458
0.5721759796142578
0.527112603187561
0.681092381477356
0.30089589953422546
0.06555571407079697
0.4376608431339264
0.02768288552761078
0.5794119834899902
0.4328911006450653
0.8571228384971619
0.5294176936149597
0.5185286998748779
0.523453414440155
0.49069830775260925
0.720781147480011
0.5624164342880249
0.7940893173217773
0.32389506697654724
0.19169998168945312
0.07441350817680359
0.05758141726255417
0.8790372610092163
0.5954842567443848
0.9491299986839294
0.44621413946151733
0.7298312187194824
0.08466043323278427
0.7064663171768188
0.13400354981422424
0.533370316028595
0.22938327491283417
0.5653038620948792
0.019139710813760757
0.12143566459417343
0.58192378282547
0.7807223200798035
0.6799440979957581
0.8645339608192444
0.3017212152481079
0.8485336303710938
0.7071748971939087
0.6939210295677185
0.17053531110286713
0.33101367950439453
0.05942689999938011
0.6275287866592407
0.5581607222557068
0.321694940328598
0.7819046378135681
0.8823509812355042
0.6194280982017517
0.13899855315685272
0.03834018111228943
0.5118132829666138
0.45798444747924805
0.3580230176448822
0.3398541510105133
0.5297841429710388
0.706341564655304
0.32589486241340637
0.9105175137519836
0.1297459751367569
0.23411791026592255
0.49965715408325195
0.2013261616230011
0.12989555299282074
0.7789754867553711
0.45127126574516296
0.5530535578727722
0.528799831867218
0.09131612628698349
0.5994455218315125
0.2647566497325897
0.06444933265447617
0.09681235253810883
0.5638027191162109
0.8039126992225647
0.6591443419456482
0.909763514995575
0.9021289348602295
0.545299768447876
0.52761310338974
0.10304021835327148
0.6904289722442627
0.1629122942686081
0.47966453433036804
0.0966288298368454
0.33093708753585815
0.023442061617970467
0.5584763884544373
0.375674307346344
0.07315845787525177
0.19464972615242004
0.1847182661294937
0.11704453080892563
0.6690778732299805
0.5809816122055054
0.044544707983732224
0.16942532360553741
0.8966554999351501
0.2711217999458313
0.02185027301311493
0.41416728496551514
0.5810219049453735
0.5182653665542603
0.048416003584861755
0.09882327914237976
0.8261104822158813
0.6547305583953857
0.8826587200164795
0.5815181732177734
0.3012799322605133
0.35088464617729187
0.02802182175219059
0.7115099430084229
0.528370201587677
0.6339969635009766
0.9965739846229553
0.9029008746147156
0.029259804636240005
0.2181810438632965
0.29173436760902405
0.8528766632080078
0.23922355473041534
0.17937767505645752
0.1869550198316574
0.8759960532188416
0.9163040518760681
0.6777166128158569
0.8404160141944885
0.8049360513687134
0.5601629614830017
0.4505780041217804
0.6752002239227295
0.177764430642128
0.2565291225910187
0.49222901463508606
0.17818129062652588
0.10677014291286469
0.4232339560985565
0.1859332025051117
0.9809683561325073
0.29813361167907715
0.5009201765060425
0.06934481114149094
0.368730753660202
0.636612057685852
0.4607708752155304
0.09470117837190628
0.22462031245231628
0.9279510974884033
0.07846701145172119
0.7455064654350281
0.49525386095046997
0.4623960554599762
0.17193379998207092
0.42399105429649353
0.49326127767562866
0.18683423101902008
0.5553742051124573
0.6810063719749451
0.8599741458892822
0.31624945998191833
0.04535853862762451
0.683100700378418
0.5837031006813049
0.6483027338981628
0.4545343816280365
0.5117905139923096
0.24593132734298706
0.6131283640861511
0.7669003009796143
0.8430612683296204
0.9741045832633972
0.19894832372665405
0.18677791953086853
0.0592971108853817
0.45489057898521423
0.5135076642036438
0.7723817825317383
0.7696385383605957
0.38839083909988403
0.9974743127822876
0.4232026934623718
0.3198763132095337
0.8835279941558838
0.7911719083786011
0.9688688516616821
0.2694137394428253
0.10266406089067459
0.6313091516494751
0.1491117775440216
0.22762639820575714
0.3858164846897125
0.6863248944282532
0.01937447115778923
0.10681650042533875
0.9840124249458313
0.13436169922351837
0.19570350646972656
0.22455042600631714
0.4756489098072052
0.32329457998275757
0.28071328997612
0.10227824002504349
0.5553465485572815
0.06889238953590393
0.22514721751213074
0.7776401042938232
0.3800120949745178
0.5172721147537231
0.3278193771839142
0.06488511711359024
0.8930832743644714
0.6731982231140137
0.06695589423179626
0.01126156933605671
0.12367108464241028
0.11811869591474533
0.718695878982544
0.37457898259162903
0.4180338680744171
0.29583650827407837
0.5273310542106628
0.9194809794425964
0.601304829120636
0.8856663703918457
0.00410168943926692
0.5484477877616882
0.07906801998615265
0.9394620060920715
0.47542235255241394
0.16331420838832855
0.31247979402542114
0.6786515712738037
0.15387289226055145
0.5228195786476135
0.9129440784454346
0.3826060891151428
0.49063217639923096
0.9713703393936157
0.26153793931007385
0.07500118017196655
0.3142715394496918
0.8381586074829102
0.23062677681446075
0.606083333492279
0.9989665746688843
0.22947728633880615
0.7294483780860901
0.2852715849876404
0.9876523017883301
0.14990003407001495
0.659658670425415
0.45831820368766785
0.38523510098457336
0.08281736075878143
0.9787545800209045
0.41398608684539795
0.8696776628494263
0.18594837188720703
0.9616696834564209
0.03715457767248154
0.6246061325073242
0.3979538381099701
0.08265180140733719
0.19739364087581635
0.36406558752059937
0.2868005633354187
0.27054914832115173
0.3642577528953552
0.31611156463623047
0.3731739819049835
0.579048752784729
0.8989810347557068
0.2896091341972351
0.8912299275398254
0.05313015729188919
0.7047878503799438
0.5162394046783447
0.5096086859703064
0.3021637201309204
0.5236057043075562
0.05981585383415222
0.676663875579834
0.9367903470993042
0.2652766704559326
0.7447511553764343
0.21668072044849396
0.6472918391227722
0.36364272236824036
0.029265202581882477
0.01656181737780571
0.9785385131835938
0.6649798154830933
0.6625753045082092
0.6049354672431946
0.4123360216617584
0.7450401186943054
0.6204195618629456
0.8116374611854553
0.6673123836517334
0.38957345485687256
0.9007518887519836
0.47773244976997375
0.5084895491600037
0.1971619576215744
0.7270482778549194
0.39022788405418396
0.3728550374507904
0.6238470077514648
0.9673604369163513
0.03596804291009903
0.34864431619644165
0.642591655254364
0.3159838616847992
0.3203408122062683
0.034695371985435486
0.5049142241477966
0.5420480966567993
0.42489171028137207
0.7049984931945801
0.5654847621917725
0.5626320838928223
0.0961325392127037
0.1579517126083374
0.32433125376701355
0.33176660537719727
0.40062788128852844
0.22343872487545013
0.936693549156189
0.7315234541893005
0.45224127173423767
0.24642440676689148
0.9530264735221863
0.5811159610748291
0.6252908110618591
0.729777455329895
0.2190866470336914
0.8983116149902344
0.7620986104011536
0.9776999950408936
0.885144829750061
0.09468693286180496
0.7166394591331482
0.9702356457710266
0.12130752950906754
0.05299016088247299
0.19651363790035248
0.5562993884086609
0.21515773236751556
0.1247701570391655
0.018091928213834763
0.7690322399139404
0.09784510731697083
0.8732309341430664
0.572658360004425
0.551541268825531
0.2802071273326874
0.03502127155661583
0.06344487518072128
0.17511221766471863
0.49519994854927063
0.4782545268535614
0.9988438487052917
0.8290922045707703
0.7522504329681396
0.5662234425544739
0.25988250970840454
0.6165149211883545
0.10619552433490753
0.24003364145755768
0.8660373091697693
0.9548130035400391
0.40829670429229736
0.22460117936134338
0.06338141113519669
0.4564490020275116
0.12616123259067535
0.7827175855636597
0.08653566986322403
0.5500516295433044
0.9116040468215942
0.26559290289878845
0.10056205093860626
0.35733845829963684
0.8949956893920898
0.4384462237358093
0.1590362936258316
0.9490482211112976
0.2130090594291687
0.8469953536987305
0.27467218041419983
0.8608388304710388
0.31614869832992554
0.5991206169128418
0.1972695142030716
0.7270633578300476
0.3741554915904999
0.5879417657852173
0.27565065026283264
0.37177813053131104
0.7457330226898193
0.4268164038658142
0.5998184084892273
0.36777329444885254
0.25098109245300293
0.2707226276397705
0.38574767112731934
0.11864054948091507
0.7768696546554565
0.5282809734344482
0.6657575368881226
0.15992194414138794
0.4563763737678528
0.40194836258888245
0.6351513266563416
0.24023158848285675
0.9556381702423096
0.6656607985496521
0.004828328732401133
0.8468564748764038
0.42170676589012146
0.5167878270149231
0.37290388345718384
0.3364449143409729
0.37418216466903687
0.03620602935552597
0.43117815256118774
0.07379619777202606
0.7562040686607361
0.09090406447649002
0.5150036811828613
0.2886465787887573
0.9605485200881958
0.7933154106140137
0.8723084926605225
0.561348557472229
0.11539635062217712
0.7283170223236084
0.8265032172203064
0.7027209997177124
0.6907675862312317
0.31036898493766785
0.40041935443878174
0.2780899703502655
0.09545256942510605
0.5151165723800659
0.13426364958286285
0.7023965716362
0.8910219073295593
0.8430925011634827
0.14657451212406158
0.5746246576309204
0.472154438495636
0.15332625806331635
0.2670724093914032
0.5661768913269043
0.8408248424530029
0.6205689311027527
0.8048350811004639
0.16336962580680847
0.6580114364624023
0.6393939852714539
0.5102344155311584
0.025600429624319077
0.98717200756073
0.7642108201980591
0.9068857431411743
0.1252884417772293
0.8543674945831299
0.21853777766227722
0.5613042116165161
0.9640677571296692
0.8464942574501038
0.9942945241928101
0.10812113434076309
0.18702779710292816
0.8783429861068726
0.7083787322044373
0.8116379380226135
0.24380585551261902
0.7674093842506409
0.9350277781486511
0.4204559922218323
0.6036564111709595
0.5738607048988342
0.6404104232788086
0.4539453387260437
0.5194018483161926
0.5479417443275452
0.9868452548980713
0.33514654636383057
0.28916996717453003
0.585641622543335
0.8164559602737427
0.23945143818855286
0.9323956370353699
0.5886048674583435
0.09421251714229584
0.006606754846870899
0.12242446094751358
0.27278783917427063
0.15796461701393127
0.08667004853487015
0.7493423223495483
0.7383328676223755
0.9178764224052429
0.2927808463573456
0.22744743525981903
0.9445251226425171
0.009332629851996899
0.9235920906066895
0.9971519112586975
0.8436140418052673
0.0011354563757777214
0.7418392300605774
0.8390717506408691
0.669744610786438
0.8048213720321655
0.42552363872528076
0.19520747661590576
0.6792811155319214
0.3791472613811493
0.8852453231811523
0.6628136038780212
0.11732989549636841
0.5071090459823608
0.7334381341934204
0.05785007029771805
0.17683394253253937
0.9178196787834167
0.6574600338935852
0.6711027026176453
0.7077060341835022
0.4032403826713562
0.8222657442092896
0.45907947421073914
0.8141061067581177
0.6429335474967957
0.5112893581390381
0.2644592523574829
0.7516111731529236
0.8464533090591431
0.8320667743682861
0.3061907887458801
0.7642892003059387
0.019481519237160683
0.7985493540763855
0.42012423276901245
0.6149638295173645
0.1346990466117859
0.14766983687877655
0.7496773600578308
0.2679837942123413
0.8656759262084961
0.056982915848493576
0.0335049070417881
0.24101576209068298
0.14702215790748596
0.04615725204348564
0.09943632781505585
0.7957063913345337
0.7559487819671631
0.19167248904705048
0.4668079912662506
0.09145795553922653
0.9127208590507507
0.8805323839187622
0.6967744827270508
0.8587806224822998
0.9126856923103333
0.045947540551424026
0.1106383427977562
0.7292733192443848
0.5616650581359863
0.5282694697380066
0.06353940814733505
0.6042858958244324
0.37522000074386597
0.4684737026691437
0.5864461064338684
0.918893039226532
0.4787628948688507
0.6024448871612549
0.5737568736076355
0.0655791237950325
0.7468288540840149
0.7599602937698364
0.9774011373519897
0.6024788618087769
0.1618967056274414
0.4167998433113098
0.32831981778144836
0.0930735319852829
0.9968268871307373
0.4071800410747528
0.10274843871593475
0.31698137521743774
0.40691497921943665
0.5237277150154114
0.9524346590042114
0.06183677911758423
0.5599780082702637
0.21587562561035156
0.3942602872848511
0.6897577047348022
0.180143803358078
0.032047998160123825
0.8965169787406921
0.7038552165031433
0.9362637400627136
0.35604581236839294
0.15525534749031067
0.6889297366142273
0.2514430284500122
0.048652976751327515
0.2984415888786316
0.37560349702835083
0.6444096565246582
0.9435957074165344
0.2623530328273773
0.3852894604206085
0.9335295557975769
0.160983607172966
0.20270442962646484
0.038359902799129486
0.647805392742157
0.6021164059638977
0.9096496105194092
0.6123529076576233
0.8842787742614746
0.8458811640739441
0.6038044691085815
0.1182362362742424
0.5910000801086426
0.40342479944229126
0.977272629737854
0.49704936146736145
0.9165220260620117
0.028427083045244217
0.17084378004074097
0.5389955043792725
0.13570751249790192
0.15084823966026306
0.21200545132160187
0.45671114325523376
0.30681312084198
0.11419682204723358
0.10124374181032181
0.8170136213302612
0.5073819160461426
0.5680704712867737
0.22351883351802826
0.17876477539539337
0.4598272740840912
0.6229698657989502
0.9322666525840759
0.12361761927604675
0.3909003436565399
0.7374351024627686
0.5513516664505005
0.6274482607841492
0.3910585641860962
0.134216770529747
0.9745215177536011
0.8638178706169128
0.4160977602005005
0.9252246022224426
0.10479090362787247
0.5589902997016907
0.2265499383211136
0.32181453704833984
0.05963215231895447
0.8156587481498718
0.2568061351776123
0.18102602660655975
0.5749272704124451
0.9228570461273193
0.46313244104385376
0.4267059564590454
0.4461703598499298
0.6550585031509399
0.5600039958953857
0.22987601161003113
0.6380516290664673
0.43070048093795776
0.6587415337562561
0.7604872584342957
0.2616252899169922
0.524387538433075
0.3233778178691864
0.19710996747016907
0.4318905472755432
0.34697455167770386
0.3350062072277069
0.666059136390686
0.5806854367256165
0.32760825753211975
0.2950664460659027
0.9009326100349426
0.11449920386075974
0.8103535771369934
0.1784672737121582
0.9763389825820923
0.3332531452178955
0.49063292145729065
