512 1 3
0
129
1
247
2
455
3
248
4
334
5
241
6
246
7
481
8
121
9
33
10
415
11
60
12
439
13
254
14
116
15
282
16
107
17
244
18
312
19
109
20
59
21
333
22
420
23
398
24
288
25
327
26
343
27
287
28
165
29
322
30
68
31
408
32
442
33
309
34
250
35
241
36
206
37
52
38
387
39
189
33
40
41
179
42
130
43
325
44
150
45
162
27
46
47
506
48
117
49
344
50
387
51
249
52
153
27
53
54
232
55
85
56
319
57
421
58
404
59
139
60
482
61
147
62
101
63
423
64
410
65
128
66
334
6
67
68
492
69
102
70
461
71
84
58
72
10
73
74
323
75
229
76
477
77
201
78
389
79
229
80
495
81
316
82
163
83
225
84
296
85
168
86
250
87
91
53
88
89
94
90
279
91
404
92
245
93
167
94
172
95
460
63
96
97
440
98
316
99
299
100
143
101
499
102
286
103
265
104
356
4
105
106
121
107
345
93
108
80
109
110
261
111
420
112
150
109
113
114
379
29
115
116
373
19
117
118
321
119
481
120
509
121
322
122
255
123
175
124
225
125
326
126
181
95
127
128
135
10
129
130
485
131
381
132
366
133
502
134
377
135
368
136
220
137
244
32
138
83
139
140
333
141
499
142
372
143
274
144
360
145
376
146
470
147
311
148
398
94
149
150
433
151
411
110
152
61
153
154
155
54
155
156
171
157
272
114
158
120
159
110
160
135
161
162
207
34
163
164
296
127
165
144
166
167
402
168
269
169
491
148
170
105
171
30
172
84
173
12
174
175
203
176
243
177
253
178
334
170
179
180
321
181
255
155
182
160
183
184
341
185
258
29
186
187
193
188
454
189
438
190
259
191
359
37
192
193
360
194
216
195
355
196
285
23
197
198
275
199
423
200
377
141
201
202
480
67
203
204
211
203
205
177
206
207
424
168
208
209
508
24
210
151
211
148
212
6
213
214
419
131
215
216
411
24
217
85
218
219
431
220
237
104
221
78
222
223
482
36
224
225
237
226
434
46
227
228
296
229
473
113
230
124
231
232
484
233
287
234
284
235
314
236
274
237
429
149
238
239
282
80
240
241
446
242
269
243
367
244
275
220
245
246
357
247
498
194
248
249
378
250
418
251
375
252
284
20
253
121
254
255
330
9
256
257
292
131
258
259
509
260
474
261
296
262
500
188
263
84
264
155
265
266
378
267
483
268
282
269
287
190
270
271
496
169
272
218
273
59
274
275
508
276
480
277
477
167
278
157
279
271
280
281
305
95
282
38
283
63
284
285
306
286
503
287
492
148
288
289
374
175
290
291
339
18
292
293
377
22
294
161
295
296
480
272
297
183
298
110
299
187
300
232
301
64
302
98
303
285
304
11
305
306
404
67
307
188
308
23
309
77
310
149
311
312
447
150
313
314
474
315
319
22
316
317
388
74
318
282
319
320
342
57
321
322
461
323
415
324
500
325
478
326
511
327
377
315
328
329
407
286
330
93
331
32
332
217
333
163
334
307
335
336
476
322
337
338
442
339
430
297
340
110
341
168
342
187
343
0
344
345
403
346
448
31
347
288
348
193
349
94
350
351
460
352
487
143
353
137
354
227
355
356
367
44
357
165
358
359
489
360
411
361
509
298
362
331
363
95
364
227
365
366
442
177
367
152
368
104
369
197
370
345
371
303
372
55
373
353
374
219
375
210
376
10
377
378
395
379
501
170
380
99
381
292
382
383
494
120
384
65
385
147
386
127
387
369
388
55
389
245
390
156
391
188
392
393
465
70
394
395
506
259
396
397
421
65
398
399
463
400
416
401
488
141
402
246
403
255
404
310
405
226
406
407
487
334
408
9
409
143
410
49
411
412
470
225
413
299
414
308
415
25
416
74
417
418
434
71
419
211
420
295
421
112
422
423
436
49
424
425
489
426
506
190
427
428
479
406
429
338
430
248
431
385
432
345
433
123
434
66
435
251
436
237
437
161
438
8
439
440
480
441
485
135
442
131
443
344
444
228
445
446
464
402
447
267
448
287
449
402
450
451
458
85
452
18
453
161
454
214
455
80
456
384
457
378
458
14
459
51
460
375
461
24
462
387
463
464
498
266
465
462
466
288
467
293
468
33
469
367
470
58
471
176
472
197
473
322
474
254
475
55
476
57
477
303
478
259
479
430
480
199
481
30
482
103
483
27
484
359
485
357
486
385
487
82
488
79
489
103
490
291
491
209
492
389
493
381
494
95
495
417
496
393
497
184
498
91
499
98
500
238
501
38
502
168
503
143
504
359
505
96
506
47
507
304
508
403
509
390
510
213
511
0.2807663381099701
0.6555097103118896
0.6581520438194275
0.19157364964485168
0.16474521160125732
0.31170132756233215
0.5040411949157715
0.301238477230072
0.7418002486228943
0.7653360366821289
0.36942780017852783
0.6210248470306396
0.8339138031005859
0.11182065308094025
0.2940008342266083
0.8578206300735474
0.19599361717700958
0.5146172642707825
0.776201069355011
0.4705204367637634
0.8077163696289062
0.8154827356338501
0.6923106908798218
0.4235057830810547
0.9552621841430664
0.013987156562507153
0.38282057642936707
0.32587677240371704
0.6613714098930359
0.8750534057617188
0.9611110091209412
0.9231451749801636
0.6294983625411987
0.9303368330001831
0.21420936286449432
0.7120054364204407
0.46364301443099976
0.6756440997123718
0.9809107184410095
0.4539235234260559
0.5538416504859924
0.9614138007164001
0.6720080375671387
0.615531325340271
0.7578089833259583
0.5420306324958801
0.02660904824733734
0.5347711443901062
0.13419468700885773
0.7721725702285767
0.31673288345336914
0.297372967004776
0.08189243078231812
0.7716498970985413
0.6600938439369202
0.8292086124420166
0.5294027328491211
0.049618326127529144
0.7045352458953857
0.2574431300163269
0.08302556723356247
0.7987326979637146
0.5866209864616394
0.8510290384292603
0.8215515613555908
0.5902693867683411
0.6884735822677612
0.7332602739334106
0.3722366690635681
0.9071088433265686
0.28065934777259827
0.6494238972663879
0.5322949886322021
0.9603739380836487
0.8868379592895508
0.9601161479949951
0.45989125967025757
0.18801501393318176
0.36123621463775635
0.05235099047422409
0.8777377605438232
0.694854199886322
0.25111567974090576
0.12101662904024124
0.794766902923584
0.6927957534790039
0.5948247909545898
0.5671747326850891
0.8306553959846497
0.06612885743379593
0.2857303023338318
0.3459450304508209
0.5799716711044312
0.9875986576080322
0.6953002214431763
0.49018970131874084
0.23814184963703156
0.5988083481788635
0.0018069933867082
0.5598690509796143
0.39889493584632874
0.0929468497633934
0.054307375103235245
0.3414054811000824
0.883513867855072
0.9996632933616638
0.15521922707557678
0.9194236993789673
0.7744498252868652
0.4229978024959564
0.12420858442783356
0.7773598432540894
0.5535122752189636
0.0008175341645255685
0.8898743391036987
0.02124893106520176
0.5030821561813354
0.025606386363506317
0.9834871888160706
0.3032882511615753
0.18967747688293457
0.3552783131599426
0.6760567426681519
0.9981379508972168
0.2907852828502655
0.4641876220703125
0.8322542905807495
0.7235885858535767
0.891410231590271
0.4203837513923645
0.1537226289510727
0.4832431972026825
0.0918235257267952
0.039860330522060394
0.780383825302124
0.2967779338359833
0.5608911514282227
0.6364301443099976
0.39232707023620605
0.3282470405101776
0.25149932503700256
0.739400327205658
0.7755882143974304
0.722317099571228
0.42284777760505676
0.7544179558753967
0.42060357332229614
0.42568883299827576
0.8823729157447815
0.49006175994873047
0.8773528933525085
0.44183123111724854
0.3601873815059662
0.7747060656547546
0.10142383724451065
0.003595188958570361
0.6933858394622803
0.5303125977516174
0.21326713263988495
0.3754830062389374
0.7622257471084595
0.2881012558937073
0.21739648282527924
0.8976576328277588
0.232955202460289
0.27243706583976746
0.9637065529823303
0.10245652496814728
0.29811882972717285
0.814272403717041
0.8696303963661194
0.40409624576568604
0.7141478657722473
0.9116516709327698
0.98090660572052
0.8221511244773865
0.46729621291160583
0.23131628334522247
0.8823830485343933
0.18047820031642914
0.2749437987804413
0.6567014455795288
0.30366095900535583
0.05659576132893562
0.31616008281707764
0.13223332166671753
0.7807655930519104
0.7344790697097778
0.378414511680603
0.28398028016090393
0.09466738253831863
0.9717984795570374
0.5359938740730286
0.26784881949424744
0.05628763884305954
0.7809271812438965
0.10234606266021729
0.24018129706382751
0.5980220437049866
0.17506994307041168
0.9715073704719543
0.3909185528755188
0.3022150993347168
0.8930742144584656
0.7280961871147156
0.6769174337387085
0.9634047746658325
0.9658249616622925
0.5112491250038147
0.23195615410804749
0.6504232883453369
0.9849334359169006
0.006545238196849823
0.24053506553173065
0.3811100125312805
0.7239487767219543
0.3558533489704132
0.7071263790130615
0.8841772079467773
0.4298107922077179
0.36349427700042725
0.013958566822111607
0.02248995564877987
0.8107703328132629
0.6842659711837769
0.9469673037528992
0.020900530740618706
0.15025484561920166
0.3596692383289337
0.16628287732601166
0.7376840114593506
0.399513840675354
0.617425799369812
0.6796014904975891
0.2962495982646942
0.11860309541225433
0.8042261004447937
0.9272220134735107
0.13973230123519897
0.42066070437431335
0.9332805275917053
0.13769161701202393
0.5007826685905457
0.9388427138328552
0.6703351140022278
0.17614096403121948
0.4251035153865814
0.6890456080436707
0.5464791655540466
0.9664790034294128
0.8541902899742126
0.5733351111412048
0.6522389650344849
0.22349469363689423
0.5562211275100708
0.17549680173397064
0.41280966997146606
0.18611562252044678
0.7767594456672668
0.23394662141799927
0.9807822108268738
0.06695478409528732
0.9803549647331238
0.5265913009643555
0.9736539125442505
0.38499459624290466
0.6672716736793518
0.09615569561719894
0.31449565291404724
0.49396273493766785
0.9644571542739868
0.7505881786346436
0.9682520627975464
0.5249833464622498
0.08899066597223282
0.24600043892860413
0.6227604746818542
0.6162172555923462
0.792756974697113
0.7067593336105347
0.3132893145084381
0.6894173622131348
0.0032781593035906553
0.5121105909347534
0.78411865234375
0.24554528295993805
0.4841087758541107
0.6880549192428589
0.14010228216648102
0.888227105140686
0.5074818730354309
0.7467582821846008
0.05769504979252815
0.023133203387260437
0.26194483041763306
0.5281504392623901
0.4436499774456024
0.9942424297332764
0.23093989491462708
0.028571849688887596
0.5445085167884827
0.7781257033348083
0.8019140362739563
0.026622779667377472
0.698070228099823
0.06894047558307648
0.014579902403056622
0.5493817329406738
0.8823781609535217
0.021586835384368896
0.6677415370941162
0.8797221779823303
0.2648191452026367
0.21858559548854828
0.8220623135566711
0.22283202409744263
0.03672696650028229
0.6020312309265137
0.1803041249513626
0.7631396651268005
0.012050866149365902
0.10141458362340927
0.4055745005607605
0.9770835041999817
0.6161888837814331
0.11308963596820831
0.4890172779560089
0.18805398046970367
0.9907858371734619
0.15064522624015808
0.6419796347618103
0.5621523261070251
0.8696467280387878
0.24967651069164276
0.06169065833091736
0.5348008871078491
0.5150834918022156
0.8604782223701477
0.324167937040329
0.8932985663414001
0.9442380666732788
0.3204992413520813
0.8407837152481079
0.4634467661380768
0.7659715414047241
0.42582616209983826
0.2505315840244293
0.7371466159820557
0.1235828623175621
0.5426045060157776
0.4354059398174286
0.33796024322509766
0.9759597182273865
0.2629653513431549
0.011012056842446327
0.9911739230155945
0.9552022814750671
0.4782092869281769
0.10781983286142349
0.6972919702529907
0.19404619932174683
0.17180582880973816
0.31970641016960144
0.9376649260520935
0.6926366090774536
0.598624050617218
0.9673910737037659
0.44526639580726624
0.6063496470451355
0.7043456435203552
0.2686738669872284
0.46995648741722107
0.5832149386405945
0.9425435662269592
0.34397274255752563
0.4568704068660736
0.19242088496685028
0.09351523220539093
0.3323539197444916
0.20209436118602753
0.2667476236820221
0.7890925407409668
0.49389582872390747
0.7998539805412292
0.188546821475029
0.879248857498169
0.62516850233078
0.5244659781455994
0.7565553188323975
0.8683095574378967
0.23394805192947388
0.8899409770965576
0.6035393476486206
0.8756271600723267
0.46110236644744873
0.11477874964475632
0.8628587126731873
0.6051982045173645
0.049007125198841095
0.38568902015686035
0.7916975021362305
0.2642718553543091
0.2721159756183624
0.2673911452293396
0.7044480443000793
0.42945441603660583
0.6311712265014648
0.3446585237979889
0.8349276185035706
0.12110970914363861
0.9874134063720703
0.20586980879306793
0.8126667141914368
0.393765926361084
0.5631449818611145
0.7690353393554688
0.16615605354309082
0.6065517663955688
0.2975523769855499
0.6794512867927551
0.14908145368099213
0.710944652557373
0.8855908513069153
0.22798050940036774
0.2684144973754883
0.19373081624507904
0.46532347798347473
0.9592306613922119
0.7922501564025879
0.8319599628448486
0.2849457859992981
0.9847732186317444
0.6131908893585205
0.06554711610078812
0.1868351399898529
0.19460774958133698
0.43125519156455994
0.4904569089412689
0.6582912802696228
0.08909360319375992
0.23329387605190277
0.033972565084695816
0.1835521161556244
0.2356722354888916
0.9664446711540222
0.8534358143806458
0.42377617955207825
0.33186402916908264
0.7651765942573547
0.8867971301078796
0.9039236903190613
0.5389445424079895
0.7093431949615479
0.641804039478302
0.67059326171875
0.9283724427223206
0.8651791214942932
0.8270754814147949
0.4777228832244873
0.8383998870849609
0.19624190032482147
0.4483594596385956
0.305594265460968
0.6089157462120056
0.779412567615509
0.11359544843435287
0.8332211375236511
0.8867210149765015
0.3142401874065399
0.9237139225006104
0.25784656405448914
0.6054098606109619
0.6890507340431213
0.3707647919654846
0.6697865724563599
0.04919437691569328
0.22854068875312805
0.3479911684989929
0.43671736121177673
0.941193163394928
0.565031111240387
0.8907034993171692
0.6239815950393677
0.6721346974372864
0.4372684061527252
0.19312572479248047
0.45225659012794495
0.06956250965595245
0.33824360370635986
0.6786713600158691
0.13666796684265137
0.9664003849029541
0.6599475741386414
0.22639964520931244
0.5165280699729919
0.8315402269363403
0.3951024115085602
0.06959003955125809
0.21213281154632568
0.39477673172950745
0.4827619194984436
0.22419250011444092
0.282199501991272
0.8869180679321289
0.6286795735359192
0.9847474098205566
0.4277890920639038
0.3845515251159668
0.72415691614151
0.302715539932251
0.675502598285675
0.5832476615905762
0.45800554752349854
0.21355636417865753
0.8688912391662598
0.9544081687927246
0.42367830872535706
0.05456491559743881
0.41091790795326233
0.951716423034668
0.544174075126648
0.9675292372703552
0.16767174005508423
0.5634167194366455
0.21821177005767822
0.008826864883303642
0.46858587861061096
0.06865539401769638
0.6768279075622559
0.5645972490310669
0.8242103457450867
0.8308023810386658
0.2006072998046875
0.20559827983379364
0.6856183409690857
0.29232171177864075
0.3879743814468384
0.3637070655822754
0.9581813216209412
0.43582645058631897
0.015629636123776436
0.39032089710235596
0.922537088394165
0.5889174342155457
0.5313979983329773
0.8989549875259399
0.2725731432437897
0.8150814175605774
0.8860955238342285
0.8957441449165344
0.4555799961090088
0.2588610053062439
0.79351806640625
0.6757946014404297
0.5535463094711304
0.4002644717693329
0.7362866997718811
0.30515769124031067
0.7190833687782288
0.8665308356285095
0.17215903103351593
0.13775916397571564
0.7826395630836487
0.7448293566703796
0.8688957095146179
0.8860395550727844
0.6651045680046082
0.6272773146629333
0.6381838321685791
0.6096467971801758
0.7037079930305481
0.10402925312519073
0.2064204216003418
0.6018067598342896
0.07730185985565186
0.47277408838272095
0.7544143199920654
0.7351425290107727
0.4640128016471863
0.7802895903587341
0.7717634439468384
0.4142642617225647
0.48137637972831726
0.11203823983669281
0.9731504917144775
0.8311240077018738
0.6440653204917908
0.40077513456344604
0.8046108484268188
0.4233107268810272
0.33641690015792847
0.7935280799865723
0.4375786781311035
0.8176494836807251
0.9311490654945374
0.8944718241691589
0.9587709307670593
0.5396149158477783
0.2081768810749054
0.11384359747171402
0.6702374815940857
0.3521988093852997
0.47750020027160645
0.936614453792572
0.3886098265647888
0.07579489052295685
0.006253094412386417
0.8901974558830261
0.1291450411081314
0.09523740410804749
0.03319481015205383
0.5898647308349609
0.7922084927558899
0.3600828945636749
0.2863565981388092
0.8656301498413086
0.008140996098518372
0.1463870257139206
0.731161892414093
0.5258309841156006
0.12737785279750824
0.14218473434448242
0.2410256713628769
0.9361144304275513
0.29393085837364197
0.7714347243309021
0.8111768960952759
0.03138933330774307
0.07718160003423691
0.023900818079710007
0.1428900808095932
0.3460220396518707
0.7318916320800781
0.3213491439819336
0.7375033497810364
0.9626011848449707
0.2616891860961914
0.36451011896133423
0.046379707753658295
0.8479055762290955
0.5920006632804871
0.9652405977249146
0.3187742829322815
0.38377612829208374
0.19988197088241577
0.8032135963439941
0.2636687159538269
0.1944001168012619
0.43529218435287476
0.5532400608062744
0.2995288372039795
0.19820956885814667
0.35420116782188416
0.7659923434257507
0.4514792561531067
0.6285200119018555
0.11943455040454865
0.5739497542381287
0.20582443475723267
0.6341369152069092
0.5645036697387695
0.6521680951118469
0.9925628304481506
0.7379207015037537
0.18535831570625305
0.610698938369751
0.39537981152534485
0.9963871836662292
0.38933271169662476
0.8121713399887085
0.4252973794937134
0.027260446920990944
0.3294486999511719
0.12712500989437103
0.5906946063041687
0.3531642556190491
0.28323933482170105
0.010844020172953606
0.06580501049757004
0.4044707417488098
0.18569403886795044
0.35430487990379333
0.7617953419685364
0.4431825280189514
0.8699564933776855
0.3491806387901306
0.9980722665786743
0.7979294657707214
0.05891536548733711
0.9084176421165466
0.6761693358421326
0.7265414595603943
0.10684256255626678
0.9173813462257385
0.39297041296958923
0.2828538119792938
0.5015199780464172
0.7169004082679749
0.8607366681098938
0.6138765811920166
0.6292575001716614
0.6910809874534607
0.2334425449371338
0.16990667581558228
0.6962852478027344
0.6381523609161377
0.8649618625640869
0.15421603620052338
0.17074541747570038
0.7166786193847656
0.19345487654209137
0.01982555352151394
0.8291819095611572
0.5024070143699646
0.9650717377662659
0.08022800087928772
0.39351004362106323
0.44555166363716125
0.07453608512878418
0.2044750452041626
0.593633770942688
0.7385863065719604
0.2467278093099594
0.9811487793922424
0.12863557040691376
0.7476108074188232
0.2147294580936432
0.21814031898975372
0.7408550977706909
0.9046648740768433
0.575901985168457
0.3655472695827484
0.39542463421821594
0.19896888732910156
0.46430903673171997
0.11222280561923981
0.7893027067184448
0.37675905227661133
0.16760122776031494
0.917768120765686
0.5082009434700012
0.7829668521881104
0.908495306968689
0.20222550630569458
0.887344241142273
0.40626081824302673
0.5949777960777283
0.19413505494594574
0.5772163271903992
0.04787783324718475
0.4546129107475281
0.43770143389701843
0.560796320438385
0.3359767198562622
0.1383184790611267
0.6904425024986267
0.6780946254730225
0.3461947441101074
0.2777814567089081
0.8070648908615112
0.08039716631174088
0.44932928681373596
0.7401496171951294
0.4426712989807129
0.5788884162902832
0.4171743392944336
0.728245735168457
0.976311206817627
0.2741966247558594
0.2839098870754242
0.16307072341442108
0.8774338960647583
0.6647889614105225
0.669525682926178
0.1391059011220932
0.3699500858783722
0.2432200014591217
0.5166545510292053
0.8822587728500366
0.054004162549972534
0.8048921227455139
0.29848846793174744
0.7982065081596375
0.7123976349830627
0.6249039173126221
0.25375357270240784
0.7927947640419006
0.2606286406517029
0.03150350600481033
0.11320752650499344
0.022528039291501045
0.5986841917037964
0.40049657225608826
0.8362153172492981
0.8602812886238098
0.7251569628715515
0.3046930730342865
0.8915322422981262
0.14160943031311035
0.3137875497341156
0.5736392736434937
0.773428738117218
0.49422165751457214
0.679259181022644
0.7333563566207886
0.6794041991233826
0.1773141771554947
0.8931393623352051
0.5174416899681091
0.7716240286827087
0.08033018559217453
0.2660823166370392
0.881780207157135
0.12470661848783493
0.8606060743331909
0.9425026774406433
0.5205588340759277
0.2383137196302414
0.637458324432373
0.01019949372857809
0.7976428866386414
0.4650435149669647
0.7310916185379028
0.9315265417098999
0.012068476527929306
0.7777811884880066
0.3876311182975769
0.5058072209358215
0.6972636580467224
0.9853454828262329
0.18017174303531647
0.08249104768037796
0.5937260389328003
0.6207385659217834
0.9035434126853943
0.6579175591468811
0.25800612568855286
0.003694495651870966
0.5485544800758362
0.20424792170524597
0.42490482330322266
0.11775822937488556
0.5848199129104614
0.640964686870575
0.4533771574497223
0.8263148665428162
0.614744246006012
0.6505821943283081
0.4782557189464569
0.732023298740387
0.21826305985450745
0.3775731027126312
0.4525628685951233
0.9335185289382935
0.4158538281917572
0.5702601075172424
0.5860350728034973
0.13958723843097687
0.6609750986099243
0.9947975873947144
0.13578955829143524
0.7710223197937012
0.23028355836868286
0.8172840476036072
0.3806304633617401
0.4872033894062042
0.7430582046508789
0.6274933218955994
0.9843843579292297
0.4924258291721344
0.7133103609085083
0.9115544557571411
0.9373040795326233
0.08705104887485504
0.983649730682373
0.4043530523777008
0.29458633065223694
0.44930097460746765
0.508554995059967
0.9294912815093994
0.31881096959114075
0.3364046514034271
0.5607677102088928
0.33781927824020386
0.3819453716278076
0.044883232563734055
0.015009579248726368
0.521830677986145
0.8652797937393188
0.40253308415412903
0.47501853108406067
0.08221293985843658
0.8712032437324524
0.31712934374809265
0.17727462947368622
0.8603797554969788
0.39260396361351013
0.08956138789653778
0.40562060475349426
0.5874251127243042
0.08670361340045929
0.6732330918312073
0.00246118544600904
0.1509493589401245
0.06157597526907921
0.8208653926849365
0.918763279914856
0.19790324568748474
0.18419554829597473
0.06593849509954453
0.25980523228645325
0.8078501224517822
0.23304063081741333
0.615606963634491
0.5081626176834106
0.477273166179657
0.7835691571235657
0.48546549677848816
0.2466501146554947
0.23058775067329407
0.877425491809845
0.12818558514118195
0.9778677225112915
0.9653812646865845
0.43575185537338257
0.5411436557769775
0.011766325682401657
0.8905513286590576
0.597708523273468
0.18670181930065155
0.5388655662536621
0.25911375880241394
0.007065242156386375
0.026893410831689835
0.7309345602989197
0.18796679377555847
0.13167200982570648
0.938317060470581
0.052754808217287064
0.14044947922229767
0.7496381402015686
0.7616603374481201
0.4542076289653778
0.8947917222976685
0.24449189007282257
0.2037958800792694
0.9340063333511353
0.840315580368042
0.36090365052223206
0.5887709259986877
0.9879428744316101
0.46384966373443604
0.7413967847824097
0.6734710931777954
0.8905072808265686
0.511059582233429
0.6201931238174438
0.21474701166152954
0.17456655204296112
0.3821801245212555
0.25383272767066956
0.5498897433280945
0.34894731640815735
0.28844383358955383
0.27273887395858765
0.21282052993774414
0.9554682970046997
0.5516167283058167
0.38719868659973145
0.0690239742398262
0.828335165977478
0.4927383363246918
0.21711313724517822
0.7849692702293396
0.3361826241016388
0.3158998489379883
0.13729479908943176
0.173502117395401
0.20221418142318726
0.7498466968536377
0.8216681480407715
0.44014817476272583
0.7598398923873901
0.5537552237510681
0.18162274360656738
0.6050828099250793
0.19309960305690765
0.42198896408081055
0.5344441533088684
0.07243401557207108
0.5565969944000244
0.1879231333732605
0.19910995662212372
0.869928777217865
0.5303338766098022
0.9678627252578735
0.8146311640739441
0.9666942358016968
0.64857017993927
0.3634462058544159
0.9323775768280029
0.3645089268684387
0.015075238421559334
0.6895706653594971
0.07853356003761292
0.38908490538597107
0.06550527364015579
0.27171844244003296
0.9201667904853821
0.267746239900589
0.8813717365264893
0.11368301510810852
0.7417612671852112
0.5489296913146973
0.14693337678909302
0.6171140074729919
0.9739771485328674
0.8956794142723083
0.9514919519424438
0.7706676721572876
0.8818612098693848
0.1331082433462143
0.7033559083938599
0.81192946434021
0.9422236084938049
0.741007924079895
0.21132045984268188
0.43186864256858826
0.5700083374977112
0.4552050530910492
0.8956019282341003
0.8601426482200623
0.048427239060401917
0.5786731243133545
0.8355617523193359
0.8222979307174683
0.18081986904144287
0.48318150639533997
0.11138536781072617
0.9343557357788086
0.33522889018058777
0.7304583787918091
0.2343892902135849
0.5946956872940063
0.11092468351125717
0.17862330377101898
0.22838526964187622
0.7360009551048279
0.7184053063392639
0.7815473675727844
0.18999208509922028
0.7457398772239685
0.484475702047348
0.972308874130249
0.3166140615940094
0.37083783745765686
0.6743664741516113
0.020295465365052223
0.7069865465164185
0.509696900844574
0.6095297336578369
0.29521995782852173
0.8716934323310852
0.9811099171638489
0.2655046582221985
0.05796883627772331
0.5757135152816772
0.6869115233421326
0.8833476901054382
0.5669438242912292
0.28961753845214844
0.7355921268463135
0.12934747338294983
0.23656196892261505
0.1887296736240387
0.8988224864006042
0.9821963310241699
0.9773114919662476
0.2587435245513916
0.32372215390205383
0.7106871604919434
0.5355108976364136
0.2385895550251007
0.30521878600120544
0.6315858364105225
0.8733422160148621
0.5071291923522949
0.4988556206226349
0.2152523249387741
0.37681952118873596
0.8487876057624817
0.08591484278440475
0.5677914023399353
0.3063143491744995
0.6951560378074646
0.1989719271659851
0.137260302901268
0.23044361174106598
0.7633134126663208
0.33660954236984253
0.8852056264877319
0.43667322397232056
0.6276797652244568
0.838402271270752
0.6844525337219238
0.5621048212051392
0.959102988243103
0.9278813600540161
0.26815348863601685
0.34694409370422363
0.35266250371932983
0.82460618019104
0.12869185209274292
0.10685602575540543
0.6191568374633789
0.18631529808044434
0.4123411476612091
0.7737621068954468
0.44256651401519775
0.7136855125427246
0.01788637600839138
0.5162414312362671
0.15702223777770996
0.9495812654495239
0.5337197184562683
0.9627619981765747
0.8220836520195007
0.8511566519737244
0.7683925628662109
0.9012119770050049
0.33312398195266724
0.3717174828052521
0.48749426007270813
0.11979406327009201
0.7952953577041626
0.05596659705042839
0.6407884359359741
0.0044130743481218815
0.39052656292915344
0.8800451159477234
0.6799662709236145
0.19179929792881012
0.9668745994567871
0.4470328092575073
0.9999374747276306
0.46085038781166077
0.10458096861839294
0.8397757411003113
0.8671165704727173
0.1583157628774643
0.633169949054718
0.25410735607147217
0.9479430913925171
0.9092739820480347
0.6390106678009033
0.5407113432884216
0.11124413460493088
0.07633339613676071
0.9183707237243652
0.71797776222229
0.12112466245889664
0.9779022932052612
0.6878401637077332
0.4717871844768524
0.8385685682296753
0.6699466705322266
0.5659246444702148
0.3424033224582672
0.9610149264335632
0.26920491456985474
0.19136297702789307
0.5866032838821411
0.08631546795368195
0.42141714692115784
0.012920783832669258
0.0482933484017849
0.8338913917541504
0.6847005486488342
0.3673567771911621
0.5438910126686096
0.3126769959926605
0.8021493554115295
0.3699706494808197
0.7853135466575623
0.4910288453102112
0.7285985350608826
0.00888608954846859
0.7185444831848145
0.03405222296714783
0.3012699782848358
0.3636288642883301
0.6549448370933533
0.12996309995651245
0.21371892094612122
0.2236735224723816
0.11607122421264648
0.13400250673294067
0.7224065065383911
0.5026815533638
0.8667647242546082
0.656360387802124
0.822803258895874
0.9764615297317505
0.26153478026390076
0.6500623226165771
0.9741519689559937
0.5841467976570129
0.1431523859500885
0.5577396750450134
0.3943178653717041
0.823387861251831
0.7331897020339966
0.6900472044944763
0.7892557382583618
0.32863590121269226
0.3509269952774048
0.8765706419944763
0.6493257880210876
0.567568302154541
0.9611132740974426
0.9428281784057617
0.5616359710693359
0.24801863729953766
0.24805603921413422
0.45184630155563354
0.544130802154541
0.9037593603134155
0.1442548632621765
0.05237489938735962
0.7811998128890991
0.8202857375144958
0.8793300986289978
0.16519558429718018
0.3019358813762665
0.8526116013526917
0.647836446762085
0.6389580368995667
0.6502773761749268
0.9349271059036255
0.4481784999370575
0.959045946598053
0.05128280818462372
0.35170209407806396
0.8383188843727112
0.8750479817390442
0.9423475861549377
0.4197530150413513
0.024610212072730064
0.5514962077140808
0.036623578518629074
0.24926544725894928
0.5346969366073608
0.7853111624717712
0.05187821760773659
0.4062178432941437
0.30804285407066345
0.38029903173446655
0.8081038594245911
0.35434550046920776
0.5560542941093445
0.7107952833175659
0.9197801351547241
0.08005430549383163
0.6718345880508423
0.2258269488811493
0.8763080835342407
0.4731549024581909
0.4637492299079895
0.7004848718643188
0.5648790597915649
0.4158226251602173
0.6731383800506592
0.31818532943725586
0.5777050256729126
0.51549232006073
0.36737117171287537
0.5779865980148315
0.5718733668327332
0.8180158138275146
0.2742775082588196
0.870773434638977
0.5048283934593201
0.6718462705612183
0.2774052619934082
0.2530745565891266
0.8959857821464539
0.8769674897193909
0.12586797773838043
0.4294334352016449
0.24271675944328308
0.8599836826324463
0.6182587742805481
0.10485747456550598
0.6867313385009766
0.2604358196258545
0.4877835214138031
0.9817072749137878
0.451230525970459
0.04882342368364334
0.8484052419662476
0.27668696641921997
0.15922468900680542
0.3372083306312561
0.20467039942741394
0.27802789211273193
0.02516607567667961
0.011201026849448681
0.8837263584136963
0.07212653011083603
0.013402975164353848
0.8133636713027954
0.05549519136548042
0.6245291829109192
0.1317349076271057
0.5488936901092529
0.5255827903747559
0.7221569418907166
0.4864620566368103
0.26175153255462646
0.8872535824775696
0.9787135720252991
0.625426709651947
0.5674948692321777
0.17117740213871002
0.2792965769767761
0.08227596431970596
0.8629090189933777
0.9321231245994568
0.03026445023715496
0.11193320155143738
0.7579913139343262
0.5594301223754883
0.6596920490264893
0.10084902495145798
0.3159637451171875
0.3190384805202484
0.009201670996844769
0.8353056907653809
0.5046260356903076
0.4970651865005493
0.5503905415534973
0.8356611132621765
0.400311142206192
0.11328030377626419
0.48543789982795715
0.2510775923728943
0.48672792315483093
0.07636374980211258
0.3662371039390564
0.5172541737556458
0.7488303184509277
0.7927535772323608
0.5862827897071838
0.8459500670433044
0.13107804954051971
0.22292502224445343
0.11070248484611511
0.46113091707229614
0.9417321085929871
0.05642826110124588
0.02195979841053486
0.8275085091590881
0.3836272358894348
0.28781837224960327
0.547897219657898
0.7267148494720459
0.5924464464187622
0.43317556381225586
0.7833464741706848
0.2899560034275055
0.44127970933914185
0.24108025431632996
0.24063614010810852
0.5600090622901917
0.4860958456993103
0.47256070375442505
0.620249330997467
0.8014966249465942
0.8745485544204712
0.9452493190765381
0.5602157115936279
0.037255335599184036
0.02364036627113819
0.5247593522071838
0.31584495306015015
0.3020048439502716
0.594672441482544
0.02818360924720764
0.45938849449157715
0.37766629457473755
0.6524013876914978
0.02407529391348362
0.13645318150520325
0.2492421567440033
0.9475829005241394
0.005391539074480534
0.9035391807556152
0.39744606614112854
0.06487858295440674
0.27769234776496887
0.7737571001052856
0.2305288165807724
0.6642844080924988
0.5276259183883667
0.13958601653575897
0.5074241757392883
0.3011414110660553
0.7055673599243164
0.7989877462387085
0.4937452971935272
0.14846785366535187
0.11399387568235397
0.20557375252246857
0.37837445735931396
0.7339950203895569
0.3770057260990143
0.1011628583073616
0.8567838668823242
0.43225258588790894
0.5141635537147522
0.28054097294807434
0.03724600747227669
0.0907735526561737
0.14147871732711792
0.29499801993370056
0.09210555255413055
0.243294820189476
0.14899708330631256
0.2329602837562561
0.36168330907821655
0.35882580280303955
0.15954503417015076
0.9470095634460449
0.40986812114715576
0.7502022385597229
0.32936540246009827
0.2977503538131714
0.6231932044029236
0.7541600465774536
0.7701804041862488
0.9041501879692078
0.8797442317008972
0.3134916126728058
0.12620866298675537
0.00915293674916029
0.5864845514297485
0.8891453146934509
0.9406205415725708
0.8001750707626343
0.44006460905075073
0.5780285000801086
0.12356623262166977
0.12500934302806854
0.2256956249475479
0.05587438493967056
0.08129669725894928
0.863766074180603
0.9753245711326599
0.6344596743583679
0.3711785674095154
0.26655128598213196
0.22496676445007324
0.20544156432151794
0.5215729475021362
0.6124191284179688
0.7999233603477478
0.2908356189727783
0.595665693283081
0.12037041783332825
0.4699961245059967
0.27093780040740967
0.3688351809978485
0.40074601769447327
0.705895185470581
0.5596078038215637
0.4112541675567627
0.04573192074894905
0.47682422399520874
0.5562517046928406
0.23670104146003723
0.7557958364486694
0.16136157512664795
0.658722460269928
0.4152173101902008
0.03379431739449501
0.7017028331756592
0.20210519433021545
0.31769615411758423
0.28240787982940674
0.008544941432774067
0.7464386224746704
0.7048471570014954
0.5898483991622925
0.6464887857437134
0.2912946045398712
0.16974735260009766
0.555985152721405
0.9392879605293274
0.6727926731109619
0.45173779129981995
0.301260769367218
0.9642643332481384
0.23050899803638458
0.36540722846984863
0.9269962906837463
0.8019881248474121
0.4689706563949585
0.12591835856437683
0.3060604929924011
0.1993112564086914
0.7884217500686646
0.6151100993156433
0.2870556116104126
0.2866024374961853
0.07477498054504395
0.9522055983543396
0.3568846881389618
0.19565871357917786
0.06416964530944824
0.9674087762832642
0.8577638268470764
0.15265953540802002
0.9906498789787292
0.7721126675605774
0.8092610239982605
0.15518702566623688
0.2304656058549881
0.5945526957511902
0.6357124447822571
0.8132951855659485
0.22647812962532043
0.4304679036140442
0.9888365268707275
0.9303742051124573
0.5951403975486755
0.9293082356452942
0.3346335291862488
0.8439103960990906
0.8490049839019775
0.13281284272670746
0.3601863384246826
0.12161623686552048
0.5063550472259521
0.8188663125038147
0.4373816251754761
0.3890725076198578
0.8817557692527771
0.7054134011268616
0.9477728605270386
0.40982261300086975
0.8461938500404358
0.39301684498786926
0.8929492831230164
0.43900081515312195
0.7006720900535583
0.8844634294509888
0.7142007946968079
0.9404529333114624
0.9279860854148865
0.7543010711669922
0.6961178779602051
0.5716149806976318
0.6239824891090393
0.7553178668022156
0.2048475593328476
0.15051406621932983
0.9623943567276001
0.5612685680389404
0.5896756052970886
0.7903364896774292
0.23459522426128387
0.6498844027519226
0.7485373020172119
0.3203335404396057
0.5980654954910278
0.6964146494865417
0.38010430335998535
0.6458091735839844
0.7389044165611267
0.08000403642654419
0.7373045682907104
0.7562256455421448
0.44597089290618896
0.8360610008239746
0.6446092128753662
0.7124374508857727
0.9649618864059448
0.8442364931106567
0.3207269608974457
0.4768495559692383
0.3107064664363861
0.8297866582870483
0.029931725934147835
0.7176157236099243
0.2879774868488312
0.8100759983062744
0.2431614100933075
0.2530003488063812
0.12673278152942657
0.5634065866470337
0.46677494049072266
0.13200901448726654
0.6887944340705872
0.7704697847366333
0.826417088508606
0.9038445353507996
0.294076144695282
0.6357938647270203
0.006692302413284779
0.326032817363739
0.7921074032783508
0.295922189950943
0.8923044204711914
0.1656477153301239
0.46670371294021606
0.4399408996105194
0.23257577419281006
0.8293125033378601
0.5440523028373718
0.5962560176849365
0.14039887487888336
0.3372419476509094
0.9682904481887817
0.5171270966529846
0.23054929077625275
0.4981552064418793
0.5542392134666443
0.6660322546958923
0.5368785262107849
0.435513436794281
0.7669468522071838
0.46799135208129883
0.3875086307525635
0.32614436745643616
0.8307848572731018
0.6247998476028442
0.5069810748100281
0.7282311916351318
0.11293920129537582
0.17058007419109344
0.16508911550045013
0.8633521795272827
0.953408420085907
0.32483088970184326
0.8902091383934021
0.6816132068634033
0.5001082420349121
0.8519295454025269
0.04201821610331535
0.5980409979820251
0.6557080745697021
0.8422204256057739
0.6484225392341614
0.14916877448558807
0.5383758544921875
0.8810684680938721
0.39488691091537476
0.11605869978666306
0.9273180365562439
0.7527999877929688
0.06771331280469894
0.4756154417991638
0.0164641086012125
0.19625172019004822
0.600074052810669
0.9698947072029114
0.5578256845474243
0.7430140376091003
0.23047856986522675
0.8566886782646179
0.3181315064430237
0.5430973172187805
0.2171347290277481
0.07708297669887543
0.2643587291240692
0.2966364026069641
0.6960635781288147
0.6866434216499329
0.5328397750854492
0.4039023220539093
0.8433388471603394
0.6257681250572205
0.15282516181468964
0.7604938745498657
0.14656825363636017
0.4933287799358368
0.7304057478904724
0.5058186054229736
0.5912006497383118
0.8811141848564148
0.7651909589767456
0.6463448405265808
0.2942405641078949
0.1050100326538086
0.23775140941143036
0.984139084815979
0.33328506350517273
0.9139297604560852
0.3273645341396332
0.6115178465843201
0.8490272760391235
0.8792958855628967
0.8583581447601318
0.42718514800071716
0.04087372496724129
0.19254960119724274
0.9520542025566101
0.5743709802627563
0.8491982221603394
0.7389674782752991
0.4842085540294647
0.4515603184700012
0.3580578863620758
0.14158086478710175
0.06279691308736801
0.06622277945280075
0.5686654448509216
0.45002999901771545
0.32506537437438965
0.8100420832633972
0.8173291683197021
0.36642390489578247
0.008342069573700428
0.1627809852361679
0.5644092559814453
0.46227115392684937
0.2550273835659027
0.6593460440635681
0.3310590088367462
0.8527406454086304
0.6494815349578857
0.7212230563163757
0.6504234671592712
0.9250910878181458
0.4464583694934845
0.35765644907951355
0.5283323526382446
0.2719549238681793
0.44754600524902344
0.2517687976360321
0.3123484253883362
0.4441988468170166
0.37118300795555115
0.9628506898880005
0.08397120982408524
0.783810019493103
0.7939392924308777
0.2514428496360779
0.98082035779953
0.6485234498977661
0.08347039669752121
0.9711093902587891
0.8682922720909119
0.15702307224273682
0.7892371416091919
0.4357074201107025
0.37923797965049744
0.8916051983833313
0.017612798139452934
0.32484132051467896
0.931393563747406
0.6661309003829956
0.15435253083705902
0.27921262383461
0.3082561492919922
0.9523985981941223
0.47180676460266113
0.9889389276504517
0.4829622209072113
0.9848450422286987
0.4829617738723755
0.6278445720672607
0.34456130862236023
0.7138278484344482
0.21712128818035126
0.8956965208053589
0.2660079598426819
0.019702354446053505
0.3754623532295227
0.24379095435142517
0.9468941688537598
0.7896340489387512
0.8967915177345276
0.18089142441749573
0.7851386666297913
0.785376250743866
0.3069615960121155
0.5273910164833069
0.008527564816176891
0.5411898493766785
0.4017256796360016
0.4653626084327698
0.8747975826263428
0.5176318287849426
0.7370409369468689
0.6754847764968872
0.7819734811782837
0.6221987009048462
0.8730843663215637
0.4290419816970825
0.4149787724018097
0.9759442210197449
0.5042352080345154
0.7248024940490723
0.32307374477386475
0.1307750642299652
0.8499637842178345
0.5540033578872681
0.15364061295986176
0.7084502577781677
0.13117744028568268
0.40578070282936096
0.9809731245040894
0.8264959454536438
0.2596651613712311
0.6066476702690125
0.2890907824039459
0.8068627119064331
0.4934099018573761
0.7159141302108765
0.16157549619674683
0.7163552641868591
0.8650034666061401
0.214506134390831
0.48341259360313416
0.6116345524787903
0.6641492247581482
0.2225104570388794
0.6504741311073303
0.6854128837585449
0.6503133773803711
0.6017095446586609
0.0944056510925293
0.3200811743736267
0.08770030736923218
0.08308174461126328
0.6594260334968567
0.2600601017475128
0.5423190593719482
0.4936924874782562
0.7448962926864624
0.14036263525485992
0.3342222571372986
0.30599257349967957
0.8084415793418884
0.3755195140838623
0.9550160765647888
0.2686525583267212
0.6836473941802979
0.8425207734107971
0.13040627539157867
0.0817270427942276
0.28624987602233887
0.052070483565330505
0.19784928858280182
0.6841347813606262
0.7459972500801086
0.7042033076286316
0.186525359749794
0.7499083876609802
0.18118548393249512
0.2281443327665329
0.5130890011787415
0.9805026650428772
0.018364692106842995
0.11650759726762772
0.017533747479319572
0.3209553360939026
0.2307405173778534
0.653538703918457
0.7265762090682983
0.17105473577976227
0.1090865507721901
0.2372930347919464
0.026089761406183243
0.21727393567562103
0.4375286400318146
0.6005674004554749
0.5993692278862
0.07712690532207489
0.09351444244384766
0.4688552916049957
0.5491275787353516
0.6436424851417542
0.9514585137367249
0.297440767288208
0.8176664113998413
0.3422369956970215
0.16210535168647766
0.2985808253288269
0.8337587118148804
0.8520176410675049
0.2245136797428131
0.32602253556251526
0.7904021143913269
0.8534345626831055
0.2694140374660492
0.5873467326164246
0.9477819800376892
0.9400431513786316
0.7143552899360657
0.11014246195554733
0.509419858455658
0.983573853969574
0.5028290152549744
0.3225358724594116
0.8008663654327393
0.40054816007614136
0.948981523513794
0.8459576368331909
0.40588614344596863
0.7938044667243958
0.9113754034042358
0.5679892301559448
0.3646230399608612
0.6277607083320618
0.402359277009964
0.9008143544197083
0.13677620887756348
0.11941196769475937
0.9139194488525391
0.9024206399917603
0.8817163109779358
0.35416483879089355
0.6587280631065369
0.3231346607208252
0.3222362995147705
0.335042268037796
0.5152246952056885
0.9117597341537476
0.7043169736862183
0.3019647002220154
0.8500341176986694
0.6380705833435059
0.4727562665939331
0.5199050903320312
0.551334798336029
0.8311567306518555
0.5355718731880188
0.03300533443689346
0.19886727631092072
0.2554723918437958
0.08917282521724701
0.34088411927223206
0.506955087184906
0.2692503035068512
0.3930460810661316
0.16242223978042603
0.9369021654129028
0.7640705704689026
0.829941987991333
0.3136729300022125
0.9839173555374146
0.939373791217804
0.47755762934684753
0.6230557560920715
0.5666865110397339
0.996293306350708
0.43825823068618774
0.23510198295116425
0.8593043684959412
0.5012290477752686
0.4200752079486847
0.9780242443084717
0.9733523726463318
0.2127385437488556
0.32292401790618896
0.06440270692110062
0.8545942306518555
0.02346239984035492
0.1045641228556633
0.5451328158378601
0.9979729056358337
0.6725384593009949
0.8350726366043091
0.35296007990837097
0.5523908138275146
0.5980263352394104
0.6401760578155518
0.8029272556304932
0.5650224089622498
0.316503643989563
0.388424813747406
0.9372534155845642
0.8957424759864807
0.6837576031684875
0.3034146726131439
0.45184326171875
0.5501269102096558
0.9836451411247253
0.0351044237613678
0.9940354228019714
0.8586826920509338
0.886677086353302
0.03634200245141983
0.6587791442871094
0.6521487832069397
0.06869147717952728
0.9059143662452698
0.5827385783195496
0.4406519830226898
0.0472734272480011
0.9853103160858154
0.16921499371528625
0.6711210608482361
0.6859166622161865
0.2639104723930359
0.5904204845428467
0.4958961308002472
0.3998000919818878
0.277027428150177
0.1196308359503746
0.17199774086475372
0.41435500979423523
0.42050081491470337
0.8383021354675293
0.9806023836135864
0.5530317425727844
0.5830621719360352
0.09827536344528198
0.6795713305473328
0.05383770912885666
0.6777727007865906
0.36029648780822754
0.1907612383365631
0.9522878527641296
0.8094062209129333
0.30493804812431335
0.8251656889915466
0.6776679158210754
0.7467951774597168
0.09338421374559402
0.09546522796154022
0.9499292969703674
0.7437934279441833
0.39030200242996216
0.9622777104377747
0.46153631806373596
0.3604837954044342
0.8930069208145142
0.16213653981685638
0.5002570748329163
0.1553896814584732
0.30869773030281067
0.27640992403030396
0.5003190636634827
0.49936628341674805
0.7215162515640259
0.7716065645217896
0.2039738893508911
0.30832862854003906
0.9974052309989929
0.36572739481925964
0.683257520198822
0.7597696781158447
0.17520682513713837
0.244622141122818
0.002045008819550276
0.8005050420761108
0.6279716491699219
0.14774931967258453
0.7517694234848022
0.9639320969581604
0.6898500919342041
0.9397778511047363
0.41809019446372986
0.4034093916416168
0.10839799046516418
0.5436652302742004
0.03177213668823242
0.4839318096637726
0.06519339978694916
0.8385528326034546
0.7230494022369385
0.3962028920650482
0.6358916759490967
0.5304926037788391
0.6281198859214783
0.5588043332099915
0.9634231328964233
0.4821148216724396
0.4138645827770233
0.37799346446990967
0.5779185891151428
0.13644196093082428
0.7857648730278015
0.985703706741333
0.8140873312950134
0.7602041959762573
0.19201838970184326
0.2401689738035202
0.5759369730949402
0.16064126789569855
0.4899570345878601
0.20721691846847534
0.10955079644918442
0.18405650556087494
0.3777516484260559
0.04331771284341812
0.5996049642562866
0.19900549948215485
0.061430785804986954
0.5244655013084412
0.3768058121204376
0.3954509198665619
0.5515388250350952
0.8883867859840393
0.5135331749916077
0.11155766248703003
0.3745408058166504
0.31509995460510254
0.6018126010894775
0.17780505120754242
0.914642333984375
0.979040265083313
0.0998445525765419
0.5113532543182373
0.425502747297287
0.4966794550418854
0.7564056515693665
0.5093282461166382
0.43514153361320496
0.1662406176328659
0.010000638663768768
0.6763070225715637
0.6015503406524658
0.9203311204910278
0.45472297072410583
0.38035550713539124
0.26879966259002686
0.3314778208732605
0.03483022749423981
0.9218662977218628
0.5734477639198303
0.07580596208572388
0.9188005924224854
0.9517180919647217
0.8959041833877563
0.8318362832069397
0.8190675377845764
0.520028829574585
0.4893471598625183
0.8031219840049744
0.32047614455223083
0.3256533443927765
0.7205955386161804
0.47645318508148193
0.8140488266944885
0.049376070499420166
0.34092894196510315
0.9574956893920898
0.6260173320770264
0.14920616149902344
0.1737753450870514
0.9438524842262268
0.6278198957443237
0.23135191202163696
0.4623320996761322
0.8834550380706787
0.4994744658470154
0.8272614479064941
0.569671094417572
0.7396877408027649
0.45856335759162903
0.7250930666923523
0.8152305483818054
0.526786208152771
0.6056952476501465
0.7372548580169678
0.08599697798490524
0.7902746200561523
0.6220481395721436
0.5054429769515991
0.14534926414489746
0.7480369806289673
0.9408500790596008
0.8313632011413574
0.43380510807037354
0.8941377997398376
0.3667927384376526
0.5638073682785034
0.24976707994937897
0.42659494280815125
0.17700381577014923
0.7875521779060364
0.03898873180150986
0.5374739170074463
0.29495182633399963
0.10302388668060303
0.9446436762809753
0.1318085640668869
0.40826350450515747
0.3720058798789978
0.54320228099823
0.46629229187965393
0.5108041167259216
0.6237118244171143
0.7617170214653015
0.5902186632156372
0.10996725410223007
0.3650532364845276
0.428133100271225
0.21773949265480042
0.20330345630645752
0.09992893040180206
0.867820143699646
0.4905707538127899
0.47599419951438904
0.38289782404899597
0.5769395232200623
0.2277843952178955
0.8702439069747925
0.7845231890678406
0.8610928654670715
0.03589189425110817
0.38250425457954407
0.05542217940092087
0.1324370801448822
0.35336121916770935
0.3738759458065033
0.810530960559845
0.8790103793144226
0.9229875802993774
0.949059009552002
0.14269590377807617
0.07331225275993347
0.003723517991602421
0.7295733094215393
0.9045196771621704
0.9520445466041565
0.9393553137779236
0.20671159029006958
0.25982874631881714
0.6265648007392883
0.1953950971364975
0.8345367312431335
0.06506352126598358
0.8534470796585083
0.5041634440422058
0.5866953134536743
0.08829864859580994
0.20227894186973572
0.4585462510585785
0.7298211455345154
0.916252076625824
0.8702970147132874
0.9458172917366028
0.4760167598724365
0.2771714925765991
0.9686877131462097
0.4803942143917084
0.2783511281013489
0.34214550256729126
0.1941855102777481
0.8578477501869202
0.3575468063354492
0.28445032238960266
0.21444986760616302
0.12768086791038513
0.3536856472492218
0.5078626275062561
0.4611937999725342
0.5241149067878723
0.3586476147174835
0.0010631795739755034
0.44473549723625183
0.34583979845046997
0.5671707987785339
0.10840389877557755
0.8394518494606018
0.04622598737478256
0.5947191715240479
0.7493708729743958
0.07398909330368042
0.6947720646858215
0.21517996490001678
0.07352378219366074
0.06722290813922882
0.9677043557167053
0.5746162533760071
0.28737375140190125
0.8592186570167542
0.3571526110172272
0.72215735912323
0.1565166413784027
0.5469890832901001
0.8643909692764282
0.3864377439022064
0.09665725380182266
0.8975357413291931
0.8334721922874451
0.43388357758522034
0.5964362621307373
0.01722646877169609
0.6333416104316711
0.058510761708021164
0.2447146326303482
0.3255084156990051
0.5247010588645935
0.6426518559455872
0.05556618049740791
0.47881197929382324
0.1818097084760666
0.7355489134788513
0.7826237082481384
0.6170760989189148
0.7628694772720337
0.25490108132362366
0.02960168570280075
0.3075735569000244
0.5760411620140076
0.0553501658141613
0.38096538186073303
0.4786716401576996
0.6896012425422668
0.597020149230957
0.010779296979308128
0.9404275417327881
0.15024687349796295
0.8220179677009583
0.8960593342781067
0.8319088220596313
0.07886922359466553
0.9937947392463684
0.10859571397304535
0.0702248141169548
0.9234130382537842
0.3097912669181824
0.6328036189079285
0.9439181089401245
0.847503125667572
0.7889392971992493
0.8941888213157654
0.3525308668613434
0.3395455479621887
0.6141065955162048
0.19616681337356567
0.6766176819801331
0.8920407295227051
0.46594110131263733
0.057368528097867966
0.24356424808502197
0.9653420448303223
0.16491280496120453
0.6154422163963318
0.984100341796875
0.4690265953540802
0.6777196526527405
0.137983039021492
0.45768022537231445
0.8276324272155762
0.8834095597267151
0.17027871310710907
0.7787271738052368
0.9569824934005737
0.24528156220912933
0.8756346702575684
0.3779486119747162
0.498520165681839
0.023007560521364212
0.13680607080459595
0.9805673360824585
0.4230841398239136
0.3597610890865326
0.27720019221305847
0.6738835573196411
0.32035326957702637
0.23210196197032928
0.26056450605392456
0.3833671510219574
0.8049538731575012
0.2148163616657257
0.3274286687374115
0.5079217553138733
0.04672181233763695
0.4524185359477997
0.9073571562767029
0.19879378378391266
0.8432442545890808
0.885789155960083
0.2171459048986435
0.2217767983675003
0.6948556303977966
0.33856263756752014
0.8961045145988464
0.5018234252929688
0.07696396112442017
0.17602330446243286
0.02594240941107273
0.20597431063652039
0.5960421562194824
0.4569869637489319
0.9211130738258362
0.9732457995414734
0.7065617442131042
0.0013621681137010455
0.746094822883606
0.2105766236782074
0.6439880728721619
0.6697627305984497
0.42017805576324463
0.9827126860618591
0.9220129251480103
0.26966309547424316
0.43880584836006165
0.383157342672348
0.5951604843139648
0.6438283920288086
0.1274140179157257
0.5309585928916931
0.5422415137290955
0.46858230233192444
0.014068285934627056
0.3893354833126068
0.02854166179895401
0.6224497556686401
0.4853905439376831
0.45540186762809753
0.8851755857467651
0.049575477838516235
0.2709849774837494
0.022313004359602928
0.43638861179351807
0.4378308951854706
0.31157293915748596
0.1007920578122139
0.694585919380188
0.9369985461235046
0.7946513891220093
0.16157327592372894
0.9594438672065735
0.6492534279823303
0.9149641394615173
0.8273060917854309
0.524021565914154
0.5469226241111755
0.8915466666221619
0.43235230445861816
0.6736477613449097
0.8002402186393738
0.30642420053482056
0.5023611783981323
0.7118138074874878
0.09555206447839737
0.6812543869018555
0.9050112962722778
0.8559556007385254
0.7576388716697693
0.6756630539894104
0.8377888798713684
0.5321539640426636
0.45672470331192017
0.7185370922088623
0.7877078056335449
0.6707903146743774
0.9597017765045166
0.3747200667858124
0.531480073928833
0.8199751377105713
0.34588316082954407
0.23106195032596588
0.40004825592041016
0.8404286503791809
0.34033694863319397
0.5061378479003906
0.19395777583122253
0.7556995153427124
0.20490998029708862
0.46506160497665405
0.30562177300453186
0.6801964640617371
0.8124492168426514
0.5284093618392944
0.9807047843933105
0.922200620174408
0.9363253116607666
0.4804348051548004
0.03923635557293892
0.23024922609329224
0.5389190912246704
0.384039044380188
0.8467260003089905
0.3444979786872864
0.5786598920822144
0.9846124053001404
0.3712604343891144
0.07064846158027649
0.5417664051055908
0.4097304940223694
0.5156834721565247
0.2581118643283844
0.7927611470222473
0.4137875437736511
0.45665207505226135
0.21596659719944
0.5702894330024719
0.28794464468955994
0.7935865521430969
0.8383644819259644
0.9592071175575256
0.5316051244735718
0.40215691924095154
0.8879094123840332
0.5036579966545105
0.9817825555801392
0.2742796540260315
0.11899582296609879
0.7854119539260864
0.15504617989063263
0.176445871591568
0.6663357019424438
0.29845327138900757
0.11861011385917664
0.8060948848724365
0.5361776351928711
0.131308913230896
0.4941434860229492
0.5821141004562378
0.5967810750007629
0.8009223341941833
0.5914978384971619
0.5830399394035339
0.6084821224212646
0.6373116970062256
0.5997669100761414
0.55861896276474
0.4604353606700897
0.7485098242759705
0.15077708661556244
0.756554901599884
0.10278838872909546
0.6115967035293579
0.3610309064388275
0.46700069308280945
0.0027121214661747217
0.5200510621070862
0.9474039077758789
0.4480859637260437
0.5143953561782837
0.2699127495288849
0.6204234957695007
0.643288791179657
0.757337212562561
0.6553632020950317
0.6045516729354858
0.24568557739257812
0.25766295194625854
0.49075618386268616
0.7976793050765991
0.5420693159103394
0.7683786749839783
0.6410269141197205
0.2585653066635132
0.14708611369132996
0.5755489468574524
0.4525398313999176
0.23870567977428436
0.814143717288971
0.17454761266708374
0.5083563327789307
0.5794403553009033
0.8791648745536804
0.7642993927001953
0.9249517321586609
0.527164876461029
0.34278103709220886
0.9935176968574524
0.2952297627925873
0.6931541562080383
0.12949565052986145
0.9765301942825317
0.9608829617500305
0.8827451467514038
0.6085135340690613
0.8145814538002014
0.68312007188797
0.7810818552970886
0.6843484044075012
0.11138439178466797
0.03511669859290123
0.7520837783813477
0.1902007758617401
0.09312731772661209
0.7175331115722656
0.5141421556472778
0.10922461748123169
0.2932890057563782
0.04019179940223694
0.05865712836384773
0.6865098476409912
0.43786177039146423
0.7997992038726807
0.7438635230064392
0.8553082942962646
0.35774391889572144
0.4973960220813751
0.39445793628692627
0.5393649339675903
0.41865572333335876
0.4146079123020172
0.4749014377593994
0.8130789995193481
0.9701592922210693
0.4368646442890167
0.8852169513702393
0.2793552279472351
0.12146401405334473
0.9833162426948547
0.4914705157279968
0.9497092962265015
0.9427022337913513
0.23825392127037048
0.5463660955429077
0.32379966974258423
0.6975966095924377
0.8520235419273376
0.9379361867904663
0.27226319909095764
0.6735609173774719
0.8567587733268738
0.6917501091957092
0.8683717846870422
0.8760305643081665
0.8152151703834534
0.5867576003074646
0.2678554654121399
0.10543278604745865
0.3597528338432312
0.8416745662689209
0.9930154085159302
0.9889260530471802
0.7486726641654968
0.995430052280426
0.4518059492111206
0.06412050127983093
0.8544495105743408
0.018890995532274246
0.06406724452972412
0.4590235650539398
0.5995299816131592
0.5576362609863281
0.2700323760509491
0.5075754523277283
0.3255711495876312
0.6610698699951172
0.2752818465232849
0.9355562925338745
0.5269046425819397
0.22030626237392426
0.947812020778656
0.14651314914226532
0.9970031380653381
0.14483274519443512
0.8899644017219543
0.44045010209083557
0.13886035978794098
0.8103596568107605
0.17245066165924072
0.9770464301109314
0.0978463739156723
0.7884553074836731
0.5795060396194458
0.02190067619085312
0.16757309436798096
0.22832909226417542
0.719774603843689
0.7305751442909241
0.9485374093055725
0.18043261766433716
0.9682891964912415
0.991217851638794
0.5689144134521484
0.8976799249649048
0.5301135182380676
0.5496326684951782
0.5765180587768555
0.4240459203720093
0.27846217155456543
0.965104341506958
0.4197089970111847
0.05500039830803871
0.3451848030090332
0.7515677809715271
0.5486689209938049
0.2936306893825531
0.736466109752655
0.9094521999359131
0.32333236932754517
0.8316745162010193
0.7686172723770142
0.3236933648586273
0.6554309129714966
0.6361430883407593
0.4837534427642822
0.13486100733280182
0.6436653137207031
0.7329859137535095
0.6632116436958313
0.8047906756401062
0.5336961150169373
0.6603063344955444
0.7251244187355042
0.6423299908638
0.8022510409355164
0.5552868843078613
0.17633560299873352
0.6113197803497314
0.6004995107650757
0.7651666402816772
0.1206885427236557
0.43661969900131226
0.3680455982685089
0.9567738771438599
0.486816942691803
0.5969744920730591
0.20948639512062073
0.7837280035018921
0.6007742285728455
0.22177338600158691
0.03507436066865921
0.5315788984298706
0.40425100922584534
0.5759924650192261
0.9897938370704651
0.8095029592514038
0.5943797826766968
0.9379507303237915
0.6732415556907654
0.12341168522834778
0.14399096369743347
0.5786305665969849
0.7010840773582458
0.9014009833335876
0.9808945655822754
0.07319142669439316
0.690066397190094
0.2474682331085205
0.07351706922054291
0.5275582671165466
0.39099687337875366
0.6293298602104187
0.23283565044403076
0.603236734867096
0.2701157331466675
0.4115096926689148
0.7342231273651123
0.6479471325874329
0.7833239436149597
0.6965832710266113
0.5823120474815369
0.45509767532348633
0.9825661182403564
0.12017906457185745
0.03417160362005234
0.35080769658088684
0.9857851266860962
0.0816994160413742
0.16874760389328003
0.32712265849113464
0.44903239607810974
0.012447962537407875
0.519498884677887
0.4027843475341797
0.5386846661567688
0.08843986690044403
0.5892348885536194
0.7555801272392273
0.7708949446678162
0.9474722146987915
0.38269516825675964
0.17815008759498596
0.2356559783220291
0.6656370162963867
0.5393280982971191
0.7848904132843018
0.19772599637508392
0.6087617874145508
0.3540809154510498
0.5807332992553711
0.09278687834739685
0.9490206837654114
0.7772145867347717
0.9052782654762268
0.6334589719772339
0.3785436153411865
0.8342794179916382
0.22157937288284302
0.6187634468078613
0.8245452046394348
0.12829840183258057
0.6059445738792419
0.8078792095184326
0.42541322112083435
0.5698302984237671
0.8992350697517395
0.3513486385345459
0.8498965501785278
0.05116486921906471
0.768956184387207
0.697075605392456
0.346409410238266
0.18239352107048035
0.45338788628578186
0.04140028730034828
0.10501918941736221
0.40311887860298157
0.8891425132751465
0.644507110118866
0.25903186202049255
0.7252787351608276
0.35983559489250183
0.4619472920894623
0.794090747833252
0.24043753743171692
0.02386956661939621
0.7292675971984863
0.45951369404792786
0.10963901877403259
0.038393534719944
0.08193404972553253
0.28845107555389404
0.7376298308372498
0.49640604853630066
0.17901299893856049
0.41957566142082214
0.27982428669929504
0.792525053024292
0.9546605944633484
0.14803096652030945
0.9876933693885803
0.13699549436569214
0.5104319453239441
0.7829524278640747
0.9231640100479126
0.4825558662414551
0.9009881019592285
0.1871858537197113
0.27871567010879517
0.17997048795223236
0.5001276731491089
0.07195860892534256
0.2457578182220459
0.33470502495765686
0.644460141658783
0.3434120714664459
0.6659584641456604
0.8460113406181335
0.2790844142436981
0.15352050960063934
0.5789328217506409
0.7666892409324646
0.6492332816123962
0.649342954158783
0.34268563985824585
0.46048107743263245
0.23777882754802704
0.2078007012605667
0.6701054573059082
0.5786178708076477
0.46218496561050415
0.8181571364402771
0.14655737578868866
0.8773325085639954
0.4951609671115875
0.44736233353614807
0.37332668900489807
0.38823434710502625
0.9461303353309631
0.42924878001213074
0.8013281226158142
0.3693363070487976
0.6287355422973633
0.5567741990089417
0.33458760380744934
0.7412226796150208
0.9266055226325989
0.09283865988254547
0.5317620635032654
0.02148832380771637
0.3606913983821869
0.2660617232322693
0.502976655960083
0.9392745494842529
0.8301838636398315
0.699367105960846
0.17601098120212555
0.06369712948799133
0.532636284828186
0.5461176037788391
0.9831996560096741
0.7514531016349792
0.6213325262069702
0.9308662414550781
0.8006003499031067
0.9989751577377319
0.3927355408668518
0.7764275670051575
0.3932307958602905
0.3728503882884979
0.9919062256813049
0.7886108756065369
0.813648521900177
0.20943528413772583
0.15526722371578217
0.03622855618596077
0.6141151189804077
0.6772068738937378
0.09053604304790497
0.9734273552894592
0.2744907736778259
0.592588484287262
0.3434639275074005
0.43778055906295776
0.7372172474861145
0.8408299088478088
0.8388996124267578
0.508022665977478
0.171566441655159
0.13376855850219727
0.0662846565246582
0.6614198684692383
0.11853606253862381
0.054170407354831696
0.13618819415569305
0.8132220506668091
0.5821398496627808
0.2406543344259262
0.5926966667175293
0.3058856129646301
0.9017646908760071
0.9028240442276001
0.7031228542327881
0.2506139874458313
0.745186984539032
0.6372823119163513
0.2158701866865158
0.9010096788406372
0.8214994072914124
0.44641974568367004
0.4768373966217041
0.0008214302943088114
0.5274515748023987
0.719011127948761
0.5499684810638428
0.6367441415786743
0.45596593618392944
0.6660962104797363
0.49020740389823914
0.4145861864089966
0.45456308126449585
0.9372084140777588
0.2708756923675537
0.7757999300956726
0.08407814800739288
0.631668210029602
0.6408650875091553
0.9302467107772827
0.26241153478622437
0.1294875144958496
0.5723395347595215
0.8051513433456421
0.8940496444702148
0.5556406378746033
0.983749270439148
0.9806352257728577
0.5613526105880737
0.7744658589363098
0.6800150275230408
0.23607930541038513
0.025585558265447617
0.06507746875286102
0.7729266285896301
0.8110454678535461
0.46235597133636475
0.8316344618797302
0.6847332119941711
0.4028666317462921
0.6500896215438843
0.02370561473071575
0.20719939470291138
0.5676153898239136
0.4427357017993927
0.5714245438575745
0.041869357228279114
0.30324238538742065
0.7579801082611084
0.13612250983715057
0.6245346665382385
0.7162386775016785
0.7352328896522522
0.3136099874973297
0.5765438675880432
0.032456330955028534
0.03783240169286728
0.5162963271141052
0.20522435009479523
0.8197421431541443
0.5968620777130127
0.7735481262207031
0.9144459962844849
0.012762542814016342
0.35563457012176514
0.5563957691192627
0.21416106820106506
0.9350417852401733
0.8264674544334412
0.6250929236412048
0.8002279996871948
0.8624880909919739
0.033306464552879333
0.309434175491333
0.6723870635032654
0.4226732850074768
0.018593527376651764
0.9254769682884216
0.06783249229192734
0.9619688987731934
0.7270345091819763
0.7968210577964783
0.6541980504989624
0.23903462290763855
0.9519723653793335
0.1117025837302208
0.22937478125095367
0.9649555087089539
0.294776976108551
0.7953011393547058
0.532997190952301
0.6509159207344055
0.7935551404953003
0.512688934803009
0.41697952151298523
0.3727225065231323
0.8467729687690735
0.4595945477485657
0.19254116714000702
0.9302358031272888
0.32450008392333984
0.2780110836029053
0.9841697216033936
0.5078669190406799
0.3337951600551605
0.34498658776283264
0.6607011556625366
0.18435066938400269
0.005083049181848764
0.9482566118240356
0.44408950209617615
0.3128030598163605
0.9955000281333923
0.5679500102996826
0.8012282848358154
0.07462403178215027
0.4718402028083801
0.18974551558494568
0.05488337203860283
0.9788159728050232
0.47174403071403503
0.4895009696483612
0.7854248881340027
0.5929262638092041
0.534412145614624
0.9888470768928528
0.21642416715621948
0.3632855713367462
0.31750982999801636
0.7503159046173096
0.11212806403636932
0.4535122513771057
0.6010966300964355
0.7208877801895142
0.16124440729618073
0.7803665995597839
0.22813710570335388
0.9702141880989075
0.33777865767478943
0.8627930283546448
0.8770741820335388
0.4779649078845978
0.7392277121543884
0.21681110560894012
0.7905426025390625
0.6495119333267212
0.2967787981033325
0.5799418091773987
0.7641381621360779
0.7072924375534058
0.4500596225261688
0.44325733184814453
0.6773031949996948
0.1866297721862793
0.6633162498474121
0.9781169891357422
0.4321818947792053
0.3990887999534607
0.17136436700820923
0.1990293562412262
0.08289648592472076
0.0030640747863799334
0.6646173000335693
0.28187572956085205
0.09887591749429703
0.01978292129933834
0.4592078924179077
0.7866812944412231
0.4875263571739197
0.09993577748537064
0.7469586133956909
0.009180453605949879
0.19069212675094604
0.45665135979652405
0.9711843132972717
0.25625473260879517
0.3984515964984894
0.24284158647060394
0.09758175909519196
0.08919335901737213
0.9670355916023254
0.0979706346988678
0.8912051320075989
0.6734703779220581
0.7872270345687866
0.8695895671844482
0.3484988510608673
0.4584263265132904
0.7958778738975525
0.42028552293777466
0.21185757219791412
0.12468644231557846
0.23082534968852997
0.7419531345367432
0.04747585579752922
0.44676005840301514
0.7428733110427856
0.38531723618507385
0.19646914303302765
0.6629512310028076
0.5564319491386414
0.7651652693748474
0.36680927872657776
0.7390524744987488
0.5710195899009705
0.5133622288703918
0.5752421617507935
0.4506050646305084
0.6883377432823181
0.8594297766685486
0.3437039256095886
0.29652994871139526
0.3660399615764618
0.7373007535934448
0.7723407745361328
0.1492912471294403
0.7032952308654785
0.03592916205525398
0.8004016876220703
0.3643127977848053
0.10777775943279266
0.026602454483509064
0.05869800224900246
0.2735132873058319
0.3409211337566376
0.3724248707294464
0.9613774418830872
0.04423373192548752
0.5007900595664978
0.7756727337837219
0.6696653366088867
0.9060131311416626
0.8774278163909912
0.8484984040260315
0.21874262392520905
0.8261803984642029
0.4490641951560974
0.4894709885120392
0.7161823511123657
0.11286264657974243
0.9363943934440613
0.43677419424057007
0.40015026926994324
0.017034463584423065
0.9018398523330688
0.33877068758010864
0.8793132305145264
0.509675920009613
0.43852755427360535
0.2966427505016327
0.7172242403030396
0.7148831486701965
0.6079931855201721
0.2866097390651703
0.7914059162139893
0.02738511562347412
0.9489926695823669
0.9151597619056702
0.5234268307685852
0.19312813878059387
0.5971356630325317
0.14971020817756653
0.7640944123268127
0.5215798020362854
0.3598062992095947
0.34530678391456604
0.7927525043487549
0.30602261424064636
0.804446816444397
0.031081244349479675
0.5575611591339111
0.8359206318855286
0.4060715138912201
0.6298748850822449
0.6054447889328003
0.135879248380661
0.9265842437744141
0.5288567543029785
0.14924204349517822
0.5107287764549255
0.5093563795089722
0.7765300273895264
0.6386834979057312
0.9890857934951782
0.2949063777923584
0.5674794912338257
0.6681316494941711
0.9769307374954224
0.5722947716712952
0.9845156073570251
0.741787850856781
0.659725546836853
0.9730463027954102
0.9628303647041321
0.24310311675071716
0.15780983865261078
0.17482948303222656
0.012891915626823902
0.6716582179069519
0.9644779562950134
0.31977540254592896
0.7797114849090576
0.5568720102310181
0.043608617037534714
0.6724972128868103
0.5065780878067017
0.1313817799091339
0.6938074231147766
0.7178357243537903
0.5348272323608398
0.7257805466651917
0.1309128850698471
0.08138608932495117
0.9269044995307922
0.32640495896339417
0.03611656278371811
0.9040582776069641
0.5091544389724731
0.5551667213439941
0.7723676562309265
0.3370499312877655
0.8967095017433167
0.4536091983318329
0.8354988694190979
0.12566588819026947
0.4248802065849304
0.4604842960834503
0.3523501455783844
0.0584954097867012
0.7397810816764832
0.5435160994529724
0.4004485607147217
0.7579182386398315
0.145142063498497
0.13302165269851685
0.06421484798192978
0.2266988307237625
0.44934147596359253
0.5799412131309509
0.6948668956756592
0.09724640101194382
0.5336647033691406
0.4856365919113159
0.6884327530860901
0.5205072164535522
0.3692499101161957
0.04852479323744774
0.3600892126560211
0.5644909143447876
0.5355759263038635
0.5069838762283325
0.6511601805686951
0.22947756946086884
0.7526377439498901
0.9854575991630554
0.39701685309410095
0.07747799903154373
0.10456188768148422
0.30109313130378723
0.9580335021018982
0.3426455855369568
0.34392470121383667
0.7444568872451782
0.006903696805238724
0.020932989194989204
0.8847838044166565
0.4536705017089844
0.2266770452260971
0.0409134142100811
0.8584287166595459
0.25417548418045044
0.3638770878314972
0.7078661918640137
0.4913868010044098
0.6670795679092407
0.5557405352592468
0.2101530283689499
0.9340861439704895
0.7414056062698364
0.5643585920333862
0.7433823347091675
0.4352920949459076
0.5585309863090515
0.8907181620597839
0.5529606342315674
0.9743353128433228
0.5556336641311646
0.23513226211071014
0.5819941759109497
0.8032216429710388
0.0428573340177536
0.7499937415122986
0.1159491091966629
0.6966667771339417
0.502914309501648
0.6917954087257385
0.3831614851951599
0.6271499991416931
0.13189275562763214
0.004599819891154766
0.7375144958496094
0.35526472330093384
0.9187813997268677
0.8918504118919373
0.6921482682228088
0.1296006143093109
0.13910368084907532
0.06668671220541
0.6599623560905457
0.3015228509902954
0.46643802523612976
0.775239109992981
0.24062220752239227
0.2224583625793457
0.444114625453949
0.25526320934295654
0.6669113039970398
0.010545984841883183
0.22199809551239014
0.7865574955940247
0.7269271612167358
0.5433078408241272
0.13349606096744537
0.5750507712364197
0.6659925580024719
0.02636003866791725
0.6212711930274963
0.8442937135696411
0.39224690198898315
0.3247718811035156
0.8413837552070618
0.7888795733451843
0.6316890120506287
0.3905269205570221
0.06164178624749184
0.029957255348563194
0.5940576195716858
0.5971724987030029
0.47218504548072815
0.40212830901145935
0.739228367805481
0.22706957161426544
0.49484843015670776
0.3734464943408966
0.9498202204704285
0.8725745677947998
0.21781741082668304
0.7219985723495483
0.2752671241760254
0.056742459535598755
0.5071464776992798
0.9387651085853577
0.8838393688201904
0.527014970779419
0.9235843420028687
0.5837768316268921
0.11964141577482224
0.03686508536338806
0.006616529077291489
0.3623935580253601
0.9944184422492981
0.028793735429644585
0.2868683934211731
0.8612797856330872
0.5807205438613892
0.34819814562797546
0.4040071666240692
0.8458535075187683
0.259533554315567
0.18383339047431946
0.6584935188293457
0.0021189888939261436
0.23063825070858002
0.2578841745853424
0.6498634219169617
0.7144984602928162
0.25375476479530334
0.8090322017669678
0.09989706426858902
0.1394115835428238
0.6148345470428467
0.7940945625305176
0.5267679691314697
0.7746742963790894
0.4768441319465637
0.36932963132858276
0.21829798817634583
0.0579536072909832
0.43361350893974304
0.28312018513679504
0.23292863368988037
0.5690471529960632
0.3762027323246002
0.11902815848588943
0.7660599946975708
0.2696343958377838
0.2836878299713135
0.6880346536636353
0.954444944858551
0.8496442437171936
0.7443563938140869
0.1765313446521759
0.02854173444211483
0.6451596617698669
0.013364017941057682
0.8113410472869873
0.20255115628242493
0.018237048760056496
0.06474929302930832
0.08812917023897171
0.9956992864608765
0.31012359261512756
0.8406150341033936
0.510877788066864
0.12287027388811111
0.846172034740448
0.6246528625488281
0.7292481660842896
0.8625429272651672
0.9311099648475647
0.5671047568321228
0.4700474441051483
0.37575140595436096
0.7503498196601868
0.740086019039154
0.6983526349067688
0.924929678440094
0.9767768383026123
0.08755289018154144
0.056615300476551056
0.6144740581512451
0.4093455672264099
0.9534425735473633
0.33796611428260803
0.5561609864234924
0.8215550184249878
0.43951287865638733
0.1906197965145111
0.06789175420999527
0.2890796959400177
0.8528139591217041
0.6053388118743896
0.6547321677207947
0.18868012726306915
0.3175349533557892
0.8997926712036133
0.16685084998607635
0.8781593441963196
0.06700285524129868
0.8688696622848511
0.6561532616615295
0.7265547513961792
0.5211667418479919
0.9146131873130798
0.15199942886829376
0.14701879024505615
0.15423138439655304
0.4436589777469635
0.22368764877319336
0.2963505983352661
0.1881791055202484
0.46048471331596375
0.8853445053100586
0.4701743423938751
0.31891927123069763
0.38580262660980225
0.2846393585205078
0.24538768827915192
0.6734904646873474
0.06971286237239838
0.11600726842880249
0.7515536546707153
0.13359376788139343
0.07038082182407379
0.9682844877243042
0.05422050878405571
0.3593696653842926
0.7766278386116028
0.12132583558559418
0.15906547009944916
0.7249453067779541
0.3191259205341339
0.8405042290687561
0.4001481533050537
0.697503387928009
0.6300115585327148
0.7160083055496216
0.3020663559436798
0.6936001181602478
0.32484325766563416
0.33681854605674744
0.4195133149623871
0.899269700050354
0.5403165221214294
0.530655562877655
0.5673385262489319
0.18281422555446625
0.678421676158905
0.09481772035360336
0.1156427338719368
0.9673299193382263
0.6165367960929871
0.25136426091194153
0.5526028871536255
0.7937744855880737
0.9783655405044556
0.5770761966705322
0.6563420295715332
0.03005705215036869
0.8338656425476074
0.7118358612060547
0.9472712278366089
0.660190999507904
0.8178133964538574
0.7662267088890076
0.33500608801841736
0.753730833530426
0.1390397995710373
0.7542775869369507
0.7828556895256042
0.528845489025116
0.0822892114520073
0.895616352558136
0.2902255952358246
0.9707831740379333
0.08942323923110962
0.9026265740394592
0.13866998255252838
0.6644220352172852
0.25915107131004333
0.910297155380249
0.3854125142097473
0.3280726969242096
0.4435538649559021
0.11276961117982864
0.9480947852134705
0.27347540855407715
0.6236495971679688
0.8954620957374573
0.486505925655365
0.532120943069458
0.6774154305458069
0.704030454158783
0.9446727633476257
0.9584502577781677
0.4093139171600342
0.4517599940299988
0.44050925970077515
0.6725429892539978
0.5882425308227539
0.16827768087387085
0.7531737089157104
0.31675925850868225
0.5760119557380676
0.7302811145782471
0.8104632496833801
0.8326274752616882
0.9007920622825623
0.7209045886993408
0.6263784766197205
0.12509942054748535
0.41207435727119446
0.07976382225751877
0.09948047995567322
0.466036856174469
0.28227972984313965
0.6532758474349976
0.5469166040420532
0.17565293610095978
0.914564311504364
0.05559294670820236
0.8980581760406494
0.5059410929679871
0.3523910939693451
0.5085946321487427
0.3190418779850006
0.5426858067512512
0.3273702561855316
0.47008222341537476
0.800049901008606
0.11208689957857132
0.8507025837898254
0.40532320737838745
0.5750983357429504
0.32869580388069153
0.5275698304176331
0.8100956082344055
0.33863556385040283
0.7049759030342102
0.6645902395248413
0.4033883213996887
0.7665878534317017
0.7419470548629761
0.06346352398395538
0.7256613373756409
0.7542986869812012
0.770043671131134
0.733588457107544
0.8331027626991272
0.22881558537483215
0.21755073964595795
0.745499312877655
0.18183934688568115
0.39745214581489563
0.4264950454235077
0.7139948606491089
0.09637998789548874
0.07539713382720947
0.06193967163562775
0.8355101943016052
0.8911033868789673
0.22003084421157837
0.019883539527654648
0.5832679867744446
0.687149167060852
0.6271699666976929
0.028863662853837013
0.9253938794136047
0.8634219765663147
0.11626362800598145
0.5267947912216187
0.16011349856853485
0.33244332671165466
0.3008779287338257
0.41478487849235535
0.7312230467796326
0.8929510712623596
0.38862013816833496
0.3236004412174225
0.07830854505300522
0.6293563842773438
0.5437647700309753
0.6738879680633545
0.5670892000198364
0.6735144853591919
0.30495238304138184
0.2329844981431961
0.5869194269180298
0.34862127900123596
0.18040859699249268
0.2898183763027191
0.9081981182098389
0.9798535704612732
0.3660685420036316
0.7319139838218689
0.402875155210495
0.048242613673210144
0.3674266040325165
0.33310791850090027
0.4718392491340637
0.20852318406105042
0.4343903064727783
0.17278452217578888
0.8650365471839905
0.3178655207157135
0.3251441419124603
0.0914674773812294
0.8274837732315063
0.35391226410865784
0.6844431757926941
0.10788502544164658
0.6211369633674622
0.38111352920532227
0.2197226881980896
0.5625628232955933
0.3181042969226837
0.4865909814834595
0.885287344455719
0.5863160490989685
0.33966848254203796
0.8329284191131592
0.4596005082130432
0.7818126678466797
0.4468075633049011
0.5519562363624573
0.11972708255052567
0.7231624126434326
0.17677751183509827
0.08797647058963776
0.6726597547531128
0.48774540424346924
0.8934932351112366
0.6760150790214539
0.9697350263595581
0.4078332781791687
0.02904059924185276
0.08728792518377304
0.15233281254768372
0.8896574974060059
0.5752782225608826
0.002648682799190283
0.720027506351471
0.4636983573436737
0.07259687781333923
0.07231060415506363
0.6467230916023254
0.4978814125061035
0.6181538105010986
0.7269614338874817
0.8941017389297485
0.6615878343582153
0.8483707904815674
0.01081569492816925
0.3772169351577759
0.4598565697669983
0.7753440141677856
0.5118706226348877
0.5059183239936829
0.8522682785987854
0.5929823517799377
0.8312305212020874
0.2480277121067047
0.10065681487321854
0.7701947689056396
0.15952759981155396
0.9933911561965942
0.3661905527114868
0.6946325898170471
0.5557275414466858
0.10895039886236191
0.5879252552986145
0.49626868963241577
0.07965546101331711
0.2981620132923126
0.8718101978302002
0.8704962730407715
0.8590878844261169
0.42512646317481995
0.5458356738090515
0.19215911626815796
0.3587261736392975
0.4560072124004364
0.6999674439430237
0.31788763403892517
0.2527587115764618
0.11085443198680878
0.5077846050262451
0.35418274998664856
0.47576725482940674
0.8992753028869629
0.5079662203788757
0.9307569265365601
0.9359716773033142
0.4687575101852417
0.17515255510807037
0.9827695488929749
0.38248392939567566
0.38321325182914734
0.024174489080905914
0.5034621357917786
0.7903218269348145
0.776573657989502
0.29548555612564087
0.06091240048408508
0.7100806832313538
0.26811954379081726
0.7017209529876709
0.9372780323028564
0.546364426612854
0.7530335783958435
0.431240975856781
0.12140987068414688
0.009555656462907791
0.18780073523521423
0.5077692270278931
0.989587128162384
0.019070975482463837
0.8332668542861938
0.774868905544281
0.39408978819847107
0.8150307536125183
0.4735393822193146
0.5946393013000488
0.08988890796899796
0.631287693977356
0.02458413504064083
0.18535949289798737
0.6388230919837952
0.9228408932685852
0.403927743434906
0.5078552961349487
0.7535156607627869
0.4097021222114563
0.3137751519680023
0.2602557837963104
0.7153421640396118
0.3437974750995636
0.6001741886138916
0.6647799015045166
0.7562770843505859
0.7716598510742188
0.21028470993041992
0.2514730989933014
0.28753775358200073
0.2820887267589569
0.1339021772146225
0.004435491282492876
0.041387856006622314
0.7079026699066162
0.18137022852897644
0.03059994988143444
0.8822137713432312
0.33529454469680786
0.5394185781478882
0.7515612840652466
0.12618106603622437
0.4138280749320984
0.5339426398277283
0.24243803322315216
0.4778282940387726
0.7277613282203674
0.9357227683067322
0.6893686652183533
0.12232434004545212
0.2524406611919403
0.19184331595897675
0.08015841990709305
0.564999520778656
0.8296494483947754
0.12973330914974213
0.32852938771247864
0.8955985903739929
0.5456105470657349
0.2290078103542328
0.46741095185279846
0.28972816467285156
0.9005599021911621
0.20869648456573486
0.9900836944580078
0.3353497087955475
0.2557293772697449
0.5661399364471436
0.44570058584213257
0.14906175434589386
0.3874033987522125
0.44577324390411377
0.40311798453330994
0.9699980020523071
0.346209853887558
0.9313985109329224
0.331440806388855
0.1661142110824585
0.11119502037763596
0.31768468022346497
0.2994421720504761
0.28554028272628784
0.25956693291664124
0.6857130527496338
0.7952067852020264
0.8567521572113037
0.5420140624046326
0.9408566355705261
0.6176005005836487
0.5398184657096863
0.12523022294044495
0.08735965937376022
0.4422028660774231
0.1935618817806244
0.8738065361976624
0.9214561581611633
0.09053883701562881
0.9453621506690979
0.16233669221401215
0.5578120946884155
0.7468000054359436
0.24370715022087097
0.5076111555099487
0.9076684713363647
0.8630052208900452
0.7322805523872375
0.27368614077568054
0.4432958662509918
0.7346751093864441
0.7506682872772217
0.9296892881393433
0.07238193601369858
0.570162832736969
0.8652662038803101
0.5926241278648376
0.22396807372570038
0.7446473240852356
0.9536924362182617
0.4819316267967224
0.09174887835979462
0.2684306204319
0.8423145413398743
0.6097140908241272
0.17708753049373627
0.9340086579322815
0.9712870121002197
0.8985022306442261
0.4295223653316498
0.7651744484901428
0.8030619621276855
0.2381501942873001
0.9992026090621948
0.09291435778141022
0.10368483513593674
0.07525689899921417
0.02493445947766304
0.7542729377746582
0.6862965822219849
0.43318718671798706
0.9176298975944519
0.8802429437637329
0.5555518269538879
0.4621035158634186
0.8366445899009705
0.35704636573791504
0.11978808045387268
0.6906221508979797
0.17542129755020142
0.7221314907073975
0.7184925079345703
0.058632902801036835
0.06347467005252838
0.5583025813102722
0.18921764194965363
0.10079029202461243
0.7648679614067078
0.8466305136680603
0.20597633719444275
0.08247555047273636
0.6860184669494629
0.6558980345726013
0.7559941411018372
0.2669973075389862
0.20902463793754578
0.48387017846107483
0.22627387940883636
0.27641239762306213
0.5783513188362122
0.3948298990726471
0.5059987902641296
0.14305484294891357
0.8168908953666687
0.9180994033813477
0.9527856707572937
0.454486221075058
0.490162193775177
0.23589342832565308
0.999096155166626
0.571465253829956
0.242198184132576
0.3094465434551239
0.32234933972358704
0.7485437989234924
0.09432795643806458
0.7193613648414612
0.9917694926261902
0.6127100586891174
0.833606481552124
0.27772608399391174
0.06378975510597229
0.6328634023666382
0.2225555181503296
0.01856422983109951
0.7922796607017517
0.7087485194206238
0.29009655117988586
0.1798364818096161
0.19848066568374634
0.08182758092880249
0.48370155692100525
0.4379759132862091
0.13106045126914978
0.49475425481796265
0.8295162916183472
0.9707805514335632
0.2503364086151123
0.10921406000852585
0.13999895751476288
0.9362286925315857
0.29358017444610596
0.21035689115524292
0.9444053769111633
0.18113619089126587
0.3644822835922241
0.6003724932670593
0.5931273102760315
0.7959804534912109
0.9695212244987488
0.5987128615379333
0.5169126391410828
0.8378417491912842
0.713930070400238
0.14421595633029938
0.5042467713356018
0.9128807783126831
0.3790597915649414
0.1622435748577118
0.8309548497200012
0.4480522871017456
0.0391271747648716
0.0587771050632
0.03801779821515083
0.02255537547171116
0.8259216547012329
0.8028991222381592
0.9998857975006104
0.48970434069633484
0.7560246586799622
0.31835201382637024
0.9970265030860901
0.8002012968063354
0.7071289420127869
0.747732400894165
0.8133697509765625
0.07482767105102539
0.6302070021629333
0.9887241721153259
0.9091672897338867
0.06033487245440483
0.6260777115821838
0.3306528627872467
0.21823927760124207
0.9428682923316956
0.21186846494674683
0.9078020453453064
0.4418114125728607
0.5252394676208496
0.9254307746887207
0.1774635910987854
0.5745258331298828
0.41965699195861816
0.3963316082954407
0.3845877945423126
0.9856122136116028
0.3151876926422119
0.9112064838409424
0.6650955677032471
0.9706649780273438
0.8636913895606995
0.29646235704421997
0.5400388240814209
0.9864118695259094
0.3048975467681885
0.14107802510261536
0.6628105640411377
0.3500368297100067
0.5377216935157776
0.5697320699691772
0.2929653525352478
0.7611167430877686
0.35363784432411194
0.8016772866249084
0.15252307057380676
0.8345963358879089
0.7265020608901978
0.25277504324913025
0.08306822180747986
0.19689898192882538
0.28025051951408386
0.8029639720916748
0.1731044352054596
0.28414615988731384
0.6262751221656799
0.9543058276176453
0.04946054890751839
0.2790638506412506
0.10220006853342056
0.3278120756149292
0.3559795022010803
0.24369940161705017
0.9055892825126648
0.5717471837997437
0.8799408078193665
0.5755451917648315
0.39749759435653687
0.6265769600868225
0.38465043902397156
0.8362084627151489
0.8237670660018921
0.358384370803833
0.2684765160083771
0.2853968143463135
0.95994633436203
0.5259177684783936
0.23193711042404175
0.011084030382335186
0.3585413098335266
0.8051068782806396
0.6141116619110107
0.1988953799009323
0.42010489106178284
0.7427830696105957
0.47795623540878296
0.5201578736305237
0.2692796289920807
0.8216086030006409
0.40861940383911133
0.9714191555976868
0.5248659253120422
0.711697518825531
0.4509066939353943
0.4171161353588104
0.39603760838508606
0.1866750419139862
0.46838122606277466
0.9948380589485168
0.022994285449385643
0.6535376310348511
0.6844635605812073
0.7213015556335449
0.8718308806419373
0.5614371299743652
0.531135082244873
0.10842282325029373
0.8823514580726624
0.30139097571372986
0.8643314242362976
0.2965504825115204
0.6302244067192078
0.8551124930381775
0.7990483641624451
0.07273739576339722
0.7321216464042664
0.9663676023483276
0.17352691292762756
0.5540558099746704
0.938052773475647
0.2470148354768753
0.4918282628059387
0.7921586036682129
0.5265979766845703
0.12153100967407227
0.21307073533535004
0.823204755783081
0.1256427764892578
0.18957558274269104
0.0891336128115654
0.262581467628479
0.9819597005844116
0.50188809633255
0.35408732295036316
0.3227914869785309
0.1567576378583908
0.9944036602973938
0.043546102941036224
0.0986848846077919
0.9355236291885376
0.8477742671966553
0.8261144161224365
0.3224637806415558
0.12077303230762482
0.9972802400588989
0.6020569801330566
0.4461806118488312
0.39642709493637085
0.6133723258972168
0.09967123717069626
0.43511953949928284
0.13011078536510468
0.7161927819252014
0.420436829328537
0.13074198365211487
0.7344887256622314
0.5163890719413757
0.9306147694587708
0.32508501410484314
0.7072134613990784
0.23597130179405212
0.3353622555732727
0.807135820388794
0.7662484645843506
0.9647393226623535
0.7186055183410645
0.7595523595809937
0.30329811573028564
0.27181971073150635
0.5637008547782898
0.8815580010414124
0.10465938597917557
0.026778487488627434
0.057961851358413696
0.7124850153923035
0.051135215908288956
0.7173835039138794
0.9763607978820801
0.23167258501052856
0.4565933048725128
0.6882818937301636
0.23381122946739197
0.5836082100868225
0.06414220482110977
0.43121474981307983
0.4088573753833771
0.322966068983078
0.3729762136936188
0.23967969417572021
0.3619862198829651
0.306721031665802
0.19043338298797607
0.05920741334557533
0.9900889992713928
0.8050001263618469
0.043733518570661545
0.2168077826499939
0.28859880566596985
0.15050846338272095
0.061055127531290054
0.5466046929359436
0.824819028377533
0.9420055747032166
0.6057515144348145
0.7497725486755371
0.2937883138656616
0.8222851753234863
0.7562249302864075
0.7479742765426636
0.3781389594078064
0.9179012775421143
0.404971718788147
0.9730787873268127
0.7109065055847168
0.9451850652694702
0.16033604741096497
0.9415143132209778
0.3985714018344879
0.9916232824325562
0.8427646160125732
0.6441712379455566
0.665898859500885
0.9817494750022888
0.6698197722434998
0.2537555396556854
0.9787176251411438
0.39015549421310425
0.11642605066299438
0.3689669668674469
0.8860259652137756
0.12259727716445923
0.0728280246257782
0.4598052203655243
0.42982596158981323
0.31341806054115295
0.6625515818595886
0.17814049124717712
0.8429807424545288
0.8076397776603699
0.7748040556907654
0.02237512171268463
0.4176737368106842
0.05463644862174988
0.08932509273290634
0.4679851233959198
0.7026972770690918
0.4208209812641144
0.27326908707618713
0.7927407622337341
0.5085466504096985
0.3693942129611969
0.8699999451637268
0.9950615763664246
0.8820871710777283
0.5580183267593384
0.828058123588562
0.6388002038002014
0.1152416244149208
0.43092674016952515
0.4214070737361908
0.011461028829216957
0.5888909101486206
0.7062057852745056
0.4338281750679016
0.4390445947647095
0.45370328426361084
0.31260907649993896
0.6920690536499023
0.6139116287231445
0.8902999758720398
0.15307511389255524
0.7880609631538391
0.5448111295700073
0.27003541588783264
0.0058350637555122375
0.18954025208950043
0.5121152997016907
0.1764051467180252
0.03778868541121483
0.9272059798240662
0.9937668442726135
0.09393227100372314
0.2713841199874878
0.9495227336883545
0.9534633159637451
0.8461488485336304
0.3906082510948181
0.6941438913345337
0.911964476108551
0.7173720598220825
0.20295636355876923
0.1911209672689438
0.42323389649391174
0.13816294074058533
0.9505071043968201
0.8697493076324463
0.8621292114257812
0.8014445900917053
0.4468071758747101
0.9326454997062683
0.2510564923286438
0.831339955329895
0.6481433510780334
0.07051371037960052
0.020809324458241463
0.3901650607585907
0.9000949859619141
0.11294259130954742
0.6721366047859192
0.022684363648295403
0.9223000407218933
0.9323753118515015
0.24270351231098175
0.04925594478845596
0.25987866520881653
0.5228601694107056
0.009125002659857273
0.6457145810127258
0.9337404370307922
0.7751495838165283
0.5919932126998901
0.6417873501777649
0.037494197487831116
0.8290404081344604
0.7392868399620056
0.847364068031311
0.38399362564086914
0.8042771220207214
0.06577015668153763
0.3919960856437683
0.9222202301025391
0.4123764634132385
0.3530862629413605
0.9032718539237976
0.4068067967891693
0.8047208189964294
0.30572396516799927
0.7648844122886658
0.29720011353492737
0.08161003142595291
0.8749939203262329
0.9525672197341919
0.5425547957420349
0.591432511806488
0.140220046043396
0.8692801594734192
0.025991912931203842
0.9787907004356384
0.0649285614490509
0.6638083457946777
0.36449235677719116
0.5990563035011292
0.6336067318916321
0.6944602727890015
0.23102368414402008
0.4883236587047577
0.7478522062301636
0.6720691323280334
0.13796356320381165
0.7658073902130127
0.3261188268661499
0.1319282352924347
0.3008342981338501
0.8700175881385803
0.11898958683013916
0.9003910422325134
0.004141499288380146
0.5096803307533264
0.2818441689014435
0.5795088410377502
0.32146331667900085
0.6598458886146545
0.15323284268379211
0.4760138690471649
0.4464563727378845
0.48744887113571167
0.525114119052887
0.6219941973686218
0.10664906352758408
0.7393783926963806
0.4100143015384674
0.48147857189178467
0.7540494203567505
0.670694887638092
0.24092689156532288
0.469121515750885
0.5133393406867981
0.8206464052200317
0.3123524785041809
0.5008358955383301
0.6203426718711853
0.6431236863136292
0.28858911991119385
0.34846311807632446
0.8751126527786255
0.4355572760105133
0.2183532416820526
0.09797832369804382
0.08200826495885849
0.09461356699466705
0.9158331155776978
0.615693211555481
0.17453362047672272
0.09801127761602402
0.11794222146272659
0.569202184677124
0.9618487358093262
0.7006689310073853
0.39333850145339966
0.8050519824028015
0.9545684456825256
0.09993400424718857
0.4109947979450226
0.886224091053009
0.33598044514656067
0.8420214056968689
0.25780540704727173
0.8544455170631409
0.5544946193695068
0.8598752617835999
0.7219564318656921
0.6783034801483154
0.38250312209129333
0.8030810356140137
0.8505799174308777
0.5796303153038025
0.7588478326797485
0.9890316128730774
0.42511436343193054
0.3920677602291107
0.04829402267932892
0.7914537191390991
0.5042858123779297
0.5135737657546997
0.9169843196868896
0.3602585792541504
0.47044727206230164
0.11842384189367294
0.39519721269607544
0.7721022367477417
0.41471609473228455
0.24702346324920654
0.9725869297981262
0.06956056505441666
0.6047347784042358
0.12347760796546936
0.07821789383888245
0.0988517701625824
0.21007631719112396
0.9266952872276306
0.5985440611839294
0.2527506351470947
0.6359361410140991
0.9455468058586121
0.874752938747406
0.06606375426054001
0.1677664965391159
0.5141741037368774
0.2766723930835724
0.29407209157943726
0.3360760807991028
0.7036505341529846
0.43741747736930847
0.14292453229427338
0.13002966344356537
0.9939567446708679
0.5124514698982239
0.6394930481910706
0.911790668964386
0.007599182892590761
0.8279231786727905
0.48352307081222534
0.07274338603019714
0.7316696643829346
0.5274711847305298
0.7299368381500244
0.86655193567276
0.6894405484199524
0.8298467397689819
0.5485594868659973
0.4991184175014496
0.4276432991027832
0.4073885679244995
0.7691214680671692
0.3937106728553772
0.9900069236755371
0.19198685884475708
0.4652102589607239
0.3652805984020233
0.5645155310630798
0.8092471957206726
0.20078419148921967
0.60414057970047
0.7021910548210144
0.6311245560646057
0.6344310641288757
0.9066091775894165
0.6248751878738403
0.6917972564697266
0.6747889518737793
0.6254773736000061
0.8200571537017822
0.6101464629173279
0.7032357454299927
0.9460498690605164
0.16084066033363342
0.6904323101043701
0.6221856474876404
0.6973532438278198
0.6547735333442688
0.22410455346107483
0.31554538011550903
0.9670345187187195
0.4177016019821167
0.8291320204734802
0.11607907712459564
0.4413345158100128
0.5126296877861023
0.213283970952034
0.1849445253610611
0.46600475907325745
0.9180790781974792
0.5354400277137756
0.9643005132675171
0.7303219437599182
0.502201497554779
0.3522087037563324
0.3879915475845337
0.30927127599716187
0.20459024608135223
0.5538634657859802
0.08364199846982956
0.4232832193374634
0.23143239319324493
0.6698142290115356
0.9711390733718872
0.16436173021793365
0.1989319622516632
0.8357375860214233
0.874700665473938
0.8330740928649902
0.5237081050872803
0.701486349105835
0.25981780886650085
0.2122742086648941
0.3306788206100464
0.2408403754234314
0.4031889736652374
0.7546708583831787
0.17922234535217285
0.07572417706251144
0.6855634450912476
0.009756388142704964
0.3676334619522095
0.7773330807685852
0.773110032081604
0.6150163412094116
0.8251757621765137
0.8127217888832092
0.06774105876684189
0.7514550089836121
0.20817211270332336
0.827660083770752
0.37966930866241455
0.06260106712579727
0.5216286182403564
0.14457033574581146
0.3443964421749115
0.5571857690811157
0.019014935940504074
