512 1 3
0
317
1
88
2
448
3
509
4
426
5
95
6
131
7
412
8
210
9
23
10
453
11
54
12
498
13
291
14
460
15
192
16
152
17
284
18
284
19
175
20
209
21
332
22
377
23
265
24
247
25
229
26
379
27
153
28
296
29
168
30
115
31
98
32
162
33
110
34
364
35
435
36
451
37
262
38
430
39
93
40
338
41
121
42
393
43
382
44
59
45
380
46
380
47
316
48
351
49
504
50
412
51
434
52
428
53
496
54
76
2
55
7
56
57
343
58
125
59
347
60
272
61
170
62
370
63
135
64
357
65
479
66
482
67
186
6
68
69
345
70
154
44
71
72
283
73
457
74
430
75
139
76
192
77
469
78
241
79
422
1
80
81
469
29
82
83
139
84
245
85
326
86
180
87
510
88
443
89
354
90
260
91
500
92
266
93
496
94
350
95
191
96
148
97
257
98
209
99
408
100
133
101
442
89
102
103
293
104
224
105
181
48
106
107
191
108
358
109
287
110
265
111
205
4
112
113
440
114
298
13
115
116
347
6
117
118
171
119
339
120
314
52
121
122
208
36
123
124
463
125
326
126
496
127
447
128
215
129
156
130
432
131
472
132
318
133
469
134
478
135
476
136
164
137
450
138
203
139
341
32
140
141
236
24
142
21
143
144
398
145
468
146
261
147
485
148
211
149
229
8
150
151
340
152
497
153
177
19
154
155
249
156
270
157
164
158
489
44
159
160
325
161
350
58
162
163
501
36
164
119
165
166
370
167
430
115
168
169
472
21
170
171
509
60
172
173
383
174
446
105
175
9
176
132
177
178
383
2
179
180
305
181
382
182
440
183
400
184
412
185
218
16
186
187
208
188
366
189
462
190
306
16
191
118
192
193
388
194
421
65
195
196
443
87
197
198
370
199
509
200
498
201
509
202
483
203
430
204
338
156
205
206
355
207
357
208
332
72
209
210
487
139
211
212
486
213
217
214
346
215
479
36
216
217
509
218
347
191
219
20
220
221
378
141
222
213
223
224
450
225
297
226
238
31
227
185
228
117
229
208
230
231
343
84
232
233
404
73
234
170
235
50
236
237
445
238
450
209
239
109
240
129
241
197
242
115
243
244
494
245
333
246
257
32
247
125
248
216
249
67
250
2
251
252
346
253
298
254
433
50
255
256
507
24
257
185
258
259
274
72
260
261
504
262
411
178
263
67
264
265
420
92
266
267
375
268
508
269
444
56
270
271
482
169
272
273
492
274
304
173
275
276
500
262
277
80
278
279
461
280
320
281
332
111
282
111
283
24
284
285
442
286
467
227
287
288
428
289
451
290
395
37
291
89
292
293
316
294
458
135
295
296
431
208
297
103
298
299
382
139
300
218
301
64
302
303
387
47
304
230
305
107
306
307
434
308
352
91
309
310
326
311
336
40
312
299
313
5
314
315
421
316
510
317
504
318
436
58
319
320
423
72
321
183
322
323
349
324
480
325
383
33
326
327
486
1
328
317
329
65
330
227
331
332
371
302
333
241
334
221
335
303
336
308
337
64
338
178
339
314
340
102
341
342
346
332
343
117
344
345
497
55
346
347
352
10
348
174
349
350
457
113
351
107
352
137
353
354
437
139
355
152
356
116
357
358
430
342
359
109
360
260
361
362
382
72
363
168
364
162
365
168
366
338
367
368
482
24
369
370
507
46
371
27
372
373
421
37
374
375
464
374
376
373
377
378
417
140
379
130
380
46
381
360
382
343
383
250
384
208
385
93
386
140
387
47
388
239
389
104
390
23
391
259
392
393
442
89
394
273
395
396
408
397
503
398
430
347
399
334
400
49
401
63
402
341
403
30
404
178
405
251
406
407
462
136
408
207
409
15
410
180
411
205
412
282
413
130
414
250
415
333
416
58
417
362
418
204
419
420
465
386
421
422
508
423
439
187
424
334
425
48
426
265
427
318
428
383
429
210
430
431
492
414
432
219
433
182
434
47
435
134
436
201
437
438
480
130
439
320
440
441
497
312
442
139
443
27
444
161
445
388
446
23
447
151
448
71
449
368
450
356
451
266
452
95
453
100
454
271
455
456
498
22
457
156
458
246
459
227
460
75
461
354
462
239
463
239
464
99
465
225
466
172
467
284
468
171
469
294
470
148
471
231
472
466
473
474
485
277
475
335
476
45
477
457
478
25
479
471
480
162
481
244
482
59
483
376
484
187
485
325
486
178
487
15
488
415
489
477
490
295
491
458
492
164
493
474
494
489
495
214
496
397
497
360
498
246
499
82
500
427
501
323
502
51
503
38
504
220
505
290
506
500
507
386
508
211
509
349
510
422
511
0.6067959070205688
0.09020962566137314
0.7003980278968811
0.05189850181341171
0.019941726699471474
0.2448282092809677
0.5316426753997803
0.3519023358821869
0.4461610019207001
0.2793855667114258
0.6576826572418213
0.7630680203437805
0.5012060403823853
0.6675689816474915
0.8685662746429443
0.7506383061408997
0.010934063233435154
0.4423641860485077
0.9703122973442078
0.8361416459083557
0.3933667838573456
0.50572669506073
0.4972701072692871
0.357435405254364
0.47147130966186523
0.43272849917411804
0.04992678761482239
0.5206845998764038
0.974055826663971
0.2190559357404709
0.7677191495895386
0.6643600463867188
0.7599779367446899
0.2919100224971771
0.545581579208374
0.4406546652317047
0.1493222862482071
0.32608669996261597
0.8406530022621155
0.6329065561294556
0.35442233085632324
0.6690312623977661
0.6386403441429138
0.13072097301483154
0.41993454098701477
0.8123343586921692
0.4059563875198364
0.30197617411613464
0.49397438764572144
0.9971781969070435
0.6764039397239685
0.3618650734424591
0.3551802933216095
0.6995644569396973
0.16191323101520538
0.07796985656023026
0.2989862263202667
0.3879755735397339
0.1567307412624359
0.5526555180549622
0.35337725281715393
0.6418511867523193
0.9993162751197815
0.3747093379497528
0.7545059323310852
0.07645726948976517
0.8168227076530457
0.11033505201339722
0.033496588468551636
0.7344527840614319
0.785667896270752
0.7095854878425598
0.5882629156112671
0.44816944003105164
0.3705177903175354
0.36372146010398865
0.9906551241874695
0.22622080147266388
0.4255490005016327
0.31263625621795654
0.054358601570129395
0.006048245821148157
0.681428849697113
0.10557352751493454
0.1098906472325325
0.1932595819234848
0.4475542902946472
0.3507995307445526
0.75102698802948
0.9133109450340271
0.8184473514556885
0.6505590081214905
0.7852785587310791
0.9920935034751892
0.3592945635318756
0.19238422811031342
0.08664745092391968
0.8638335466384888
0.16070251166820526
0.5179526209831238
0.10248895734548569
0.8696181178092957
0.8109805583953857
0.8065918684005737
0.5896096229553223
0.65297931432724
0.022184040397405624
0.30347809195518494
0.27440568804740906
0.21032828092575073
0.1840275526046753
0.7010061740875244
0.7461273670196533
0.2123536467552185
0.25966882705688477
0.30067920684814453
0.2560373544692993
0.9309930801391602
0.8635901212692261
0.031398188322782516
0.441933274269104
0.6242748498916626
0.9805470108985901
0.6945122480392456
0.993130624294281
0.8429538607597351
0.2708832621574402
0.46555086970329285
0.1607087105512619
0.21774862706661224
0.7577922344207764
0.6975383162498474
0.20750609040260315
0.06124810129404068
0.6981704235076904
0.6452761292457581
0.38244494795799255
0.7796031832695007
0.9184397459030151
0.12032968550920486
0.3195495307445526
0.603600025177002
0.9249091148376465
0.5919675827026367
0.8742334842681885
0.3105125427246094
0.22962936758995056
0.30183860659599304
0.586029589176178
0.06400711089372635
0.7602853178977966
0.15921321511268616
0.7615491151809692
0.9780470132827759
0.4175105392932892
0.9600664973258972
0.08061299473047256
0.9972360134124756
0.42800062894821167
0.5891544818878174
0.34566858410835266
0.37759074568748474
0.5586823225021362
0.34340938925743103
0.9404248595237732
0.6413688659667969
0.15571066737174988
0.730650007724762
0.7521347999572754
0.12279608845710754
0.15222425758838654
0.576815664768219
0.6028372645378113
0.9638363122940063
0.8873170018196106
0.5633600354194641
0.6637404561042786
0.09855224192142487
0.27657902240753174
0.006692830473184586
0.10890346020460129
0.7894330620765686
0.008504346944391727
0.6179911494255066
0.7498470544815063
0.4507382810115814
0.012204648926854134
0.7456267476081848
0.850190281867981
0.3611169755458832
0.2512663006782532
0.7644553780555725
0.15691733360290527
0.7586848735809326
0.953894853591919
0.0033194473944604397
0.6997866034507751
0.48908159136772156
0.03558292239904404
0.8181182146072388
0.9640748500823975
0.5017270445823669
0.8249500393867493
0.30011439323425293
0.5300719738006592
0.9110930562019348
0.9745157957077026
0.04736689478158951
0.5529313087463379
0.450067400932312
0.48169222474098206
0.17040303349494934
0.47014299035072327
0.6802740693092346
0.8479054570198059
0.11464615166187286
0.6533755660057068
0.27371346950531006
0.33310818672180176
0.30238577723503113
0.11641260981559753
0.8792088627815247
0.3775126039981842
0.8853901028633118
0.233639657497406
0.8217222690582275
0.015808409079909325
0.21744497120380402
0.8539571762084961
0.5822592377662659
0.7969645857810974
0.3088558614253998
0.19809839129447937
0.3653986155986786
0.522328794002533
0.21974726021289825
0.5028197169303894
0.5153868198394775
0.11600743234157562
0.9027947187423706
0.48844560980796814
0.4907359480857849
0.7723323106765747
0.28095880150794983
0.1354408860206604
0.5330263376235962
0.15589314699172974
0.030248137190937996
0.8455752730369568
0.7889760136604309
0.6969132423400879
0.9122183918952942
0.5485446453094482
0.3678159713745117
0.8030558824539185
0.3323464095592499
0.15838707983493805
0.6706052422523499
0.041094616055488586
0.6597505211830139
0.530089795589447
0.424513041973114
0.03263194113969803
0.40100282430648804
0.8778401613235474
0.9571319818496704
0.5900331735610962
0.3464601933956146
0.947821855545044
0.5552982091903687
0.7804519534111023
0.47321516275405884
0.5337499976158142
0.13758584856987
0.5523319244384766
0.2336360514163971
0.19717609882354736
0.39774957299232483
0.20371678471565247
0.7103275656700134
0.12405355274677277
0.9460288286209106
0.24784618616104126
0.9916272163391113
0.08149280399084091
0.5550382733345032
0.24400784075260162
0.510644793510437
0.1795443594455719
0.41301676630973816
0.37642231583595276
0.9844136238098145
0.0213415939360857
0.5199272632598877
0.8511808514595032
0.8695031404495239
0.7470253109931946
0.8320196866989136
0.7502579689025879
0.789991557598114
0.900343656539917
0.7215380668640137
0.3199012279510498
0.9198323488235474
0.7581220865249634
0.0012055421248078346
0.8516815304756165
0.7021356225013733
0.015294656157493591
0.9227052330970764
0.9629967212677002
0.4771345853805542
0.9659214615821838
0.3515602946281433
0.3341854512691498
0.5132577419281006
0.2905668616294861
0.671151876449585
0.8408260941505432
0.23149362206459045
0.8324336409568787
0.18966807425022125
0.3454206883907318
0.8554143905639648
0.7617508172988892
0.7356656193733215
0.7304503321647644
0.32875412702560425
0.0050159357488155365
0.4229464828968048
0.02157837338745594
0.8901396989822388
0.02272689715027809
0.7076364755630493
0.8098558187484741
0.3933783173561096
0.28595733642578125
0.8711197376251221
0.06901238113641739
0.49191009998321533
0.10049131512641907
0.44451215863227844
0.2577928900718689
0.6422188878059387
0.7839102745056152
0.026207737624645233
0.6734902858734131
0.7539452314376831
0.18895116448402405
0.5941126942634583
0.15432307124137878
0.4832395017147064
0.7335838675498962
0.04180658236145973
0.3214612603187561
0.6152446866035461
0.9351507425308228
0.354153037071228
0.91135573387146
0.8710255026817322
0.945502758026123
0.12504303455352783
0.2333630472421646
0.6662411689758301
0.7320372462272644
0.5427757501602173
0.5753834247589111
0.3347218930721283
0.9088815450668335
0.06767196208238602
0.5374769568443298
0.9607856273651123
0.2474721074104309
0.4591861069202423
0.5312750339508057
0.4591997265815735
0.5024804472923279
0.38587912917137146
0.47651025652885437
0.659313440322876
0.3289455771446228
0.5173367857933044
0.37574273347854614
0.33031171560287476
0.5234877467155457
0.8574878573417664
0.4607577621936798
0.8632519841194153
0.39844444394111633
0.17728492617607117
0.07782327383756638
0.5045791268348694
0.21319212019443512
0.22403915226459503
0.7527640461921692
0.7422142028808594
0.36696138978004456
0.4071274399757385
0.30082231760025024
0.8481729626655579
0.4904267191886902
0.8030644655227661
0.5686143040657043
0.9902783036231995
0.7476443648338318
0.5797264575958252
0.3292944133281708
0.8159335851669312
0.5841562747955322
0.8224535584449768
0.7740542888641357
0.10378699004650116
0.5375511050224304
0.2898930609226227
0.7896407246589661
0.2597995400428772
0.08159700036048889
0.67610764503479
0.5701330900192261
0.7925207018852234
0.5057467222213745
0.7767428755760193
0.4084354639053345
0.8591542840003967
0.7387458086013794
0.7706552743911743
0.4823773503303528
0.03939179331064224
0.7041717171669006
0.018110819160938263
0.29248061776161194
0.7135405540466309
0.8407554626464844
0.9681949615478516
0.17180967330932617
0.49542236328125
0.7508362531661987
0.11925167590379715
0.5224399566650391
0.5740475654602051
0.2518879175186157
0.4917515814304352
0.21311169862747192
0.3049459457397461
0.7404413223266602
0.1791878491640091
0.9373155832290649
0.8096131086349487
0.11051944643259048
0.8337075710296631
0.3121269643306732
0.3731901943683624
0.686776876449585
0.08875639736652374
0.034644562751054764
0.9129550457000732
0.6373465657234192
0.42702120542526245
0.059522781521081924
0.35106614232063293
0.9617255926132202
0.8189284205436707
0.029531771317124367
0.6713206171989441
0.7324877381324768
0.9027181267738342
0.6211069226264954
0.3221590518951416
0.7499666810035706
0.24112264811992645
0.23863756656646729
0.4777272641658783
0.8401411175727844
0.6146711707115173
0.7684610486030579
0.25245746970176697
0.7467135787010193
0.053088437765836716
0.2143620103597641
0.245552197098732
0.2917863726615906
0.3894422650337219
0.5281055569648743
0.6832477450370789
0.3992388844490051
0.0259094275534153
0.44414597749710083
0.17965610325336456
0.2936907410621643
0.616495668888092
0.38566192984580994
0.5247179865837097
0.6403738260269165
0.28219443559646606
0.34452196955680847
0.9658545851707458
0.14870098233222961
0.1234804317355156
0.9684565663337708
0.395686537027359
0.16879642009735107
0.43125003576278687
0.5108960866928101
0.47162139415740967
0.6635115742683411
0.49463221430778503
0.1764688938856125
0.09802177548408508
0.04839269071817398
0.9778585433959961
0.8544532656669617
0.26746809482574463
0.3670429587364197
0.6210549473762512
0.5171368718147278
0.7124522924423218
0.12885244190692902
0.8302867412567139
0.6258304715156555
0.3957904577255249
0.6842339634895325
0.41223952174186707
0.3058449625968933
0.23118193447589874
0.0028450465761125088
0.28252434730529785
0.9186134934425354
0.6118888854980469
0.18194317817687988
0.24593520164489746
0.054622989147901535
0.06740393489599228
0.18064141273498535
0.8820978403091431
0.9775309562683105
0.22712087631225586
0.9385994672775269
0.7815110683441162
0.4814852774143219
0.8773409128189087
0.24435700476169586
0.70176762342453
0.19258803129196167
0.9212340712547302
0.03639912232756615
0.375601202249527
0.18858730792999268
0.9981276392936707
0.4939570426940918
0.06199668347835541
0.9176067113876343
0.9938643574714661
0.23117123544216156
0.5844686031341553
0.6313216686248779
0.6247069835662842
0.8985530138015747
0.9845201373100281
0.38252630829811096
0.9768474698066711
0.969868540763855
0.8262972235679626
0.8704890012741089
0.6698436737060547
0.19259510934352875
0.7037165760993958
0.5480067133903503
0.3264707624912262
0.7309446334838867
0.9020184874534607
0.003368818899616599
0.18916313350200653
0.13039866089820862
0.5536231994628906
0.6913363933563232
0.404302179813385
0.7620487213134766
0.43379470705986023
0.3096247613430023
0.6998136639595032
0.07045461982488632
0.7855823636054993
0.8546494841575623
0.8398151397705078
0.9122689962387085
0.9953584671020508
0.22704026103019714
0.4476736783981323
0.0355922132730484
0.8057816028594971
0.2465888410806656
0.9051311612129211
0.528359591960907
0.646462619304657
0.4631515145301819
0.952705442905426
0.5553334355354309
0.38635721802711487
0.4175088703632355
0.63451087474823
0.5005442500114441
0.08308713138103485
0.38705435395240784
0.6288074254989624
0.3456558585166931
0.7823526263237
0.8729416728019714
0.3209054470062256
0.639853298664093
0.3197576105594635
0.16004323959350586
0.2324654757976532
0.6997362375259399
0.24213479459285736
0.3362772464752197
0.692136824131012
0.7139068245887756
0.7127397060394287
0.09906253963708878
0.806153416633606
0.598175048828125
0.18561230599880219
0.43620339035987854
0.9414334893226624
0.46545732021331787
0.8522953391075134
0.8051279187202454
0.6195802688598633
0.31640520691871643
0.15805810689926147
0.2666994035243988
0.21144330501556396
0.43588289618492126
0.7690691351890564
0.6145107746124268
0.20097246766090393
0.2621265649795532
0.8118606805801392
0.1992150992155075
0.6252501010894775
0.10550827533006668
0.5245969891548157
0.11764907836914062
0.2809266746044159
0.40032488107681274
0.3075082004070282
0.02137189544737339
0.07562040537595749
0.17245888710021973
0.8877607583999634
0.5103210806846619
0.49148786067962646
0.47935619950294495
0.4269140958786011
0.26593807339668274
0.9240908622741699
0.8256687521934509
0.0010368082439526916
0.0665934681892395
0.5317432880401611
0.08909841626882553
0.8968508243560791
0.7948724627494812
0.7892337441444397
0.14122280478477478
0.4247151017189026
0.7443411946296692
0.4511733651161194
0.10825363546609879
0.9287591576576233
0.5611623525619507
0.21067416667938232
0.5405591130256653
0.3168892562389374
0.46691468358039856
0.5717337727546692
0.9926033616065979
0.5165061950683594
0.9606428742408752
0.05097632482647896
0.6138334274291992
0.5675286650657654
0.8965262174606323
0.22179335355758667
0.016218725591897964
0.3182552754878998
0.17892423272132874
0.2264527976512909
0.6636192202568054
0.6960537433624268
0.7437743544578552
0.7199206948280334
0.8809249401092529
0.5023084282875061
0.807906985282898
0.48612678050994873
0.057020727545022964
0.5856855511665344
0.5744615197181702
0.966458797454834
0.5962833166122437
0.17628827691078186
0.0027355593629181385
0.08521534502506256
0.9016542434692383
0.07938313484191895
0.0008567448821850121
0.8893528580665588
0.7489864230155945
0.6377186179161072
0.6120489239692688
0.8917738199234009
0.4210309088230133
0.8696106672286987
0.8392718434333801
0.05317099764943123
0.2097809910774231
0.9223490953445435
0.05529456585645676
0.3921222686767578
0.11352069675922394
0.32600268721580505
0.2379051297903061
0.022983262315392494
0.21584205329418182
0.7729589343070984
0.9472901821136475
0.1621219515800476
0.8587488532066345
0.6171751618385315
0.1739146113395691
0.037336789071559906
0.5672621726989746
0.5103285908699036
0.16022828221321106
0.7972283363342285
0.9679578542709351
0.006744679529219866
0.9877554178237915
0.46806392073631287
0.5271238684654236
0.9198950529098511
0.5390312075614929
0.9925636053085327
0.004226547200232744
0.8231976628303528
0.2352379858493805
0.9148135781288147
0.40599992871284485
0.0951649397611618
0.8196074962615967
0.7134639620780945
0.47402018308639526
0.051033198833465576
0.47189566493034363
0.36764225363731384
0.6755928993225098
0.27615198493003845
0.593231737613678
0.25446248054504395
0.1213478222489357
0.865153968334198
0.7166414856910706
0.27283036708831787
0.6843321919441223
0.27302512526512146
0.5772427916526794
0.669147253036499
0.5130709409713745
0.4650883674621582
0.08008013665676117
0.44154736399650574
0.5827521085739136
0.5765978097915649
0.6150561571121216
0.9379380941390991
0.4829065203666687
0.49932658672332764
0.9410722851753235
0.299445778131485
0.4913034737110138
0.4092192053794861
0.6115483641624451
0.38751861453056335
0.9963361024856567
0.26536792516708374
0.09729745984077454
0.9178081750869751
0.5761176347732544
0.5161966681480408
0.8179194331169128
0.49690812826156616
0.3502892255783081
0.33765316009521484
0.38311827182769775
0.4109452962875366
0.16040587425231934
0.7511676549911499
0.8256959915161133
0.9743616580963135
0.6606478095054626
0.20767465233802795
0.24246081709861755
0.4227008521556854
0.17535735666751862
0.730107843875885
0.2421003133058548
0.9010279774665833
0.9958357810974121
0.7457329630851746
0.673947811126709
0.6495601534843445
0.6729227900505066
0.34924304485321045
0.7976804971694946
0.4800259470939636
0.6974542737007141
0.3768024444580078
0.5872254371643066
0.13393957912921906
0.9952560067176819
0.7868394255638123
0.894801139831543
0.4090009331703186
0.6044349670410156
0.7695071697235107
0.45896443724632263
0.4098431169986725
0.6782652139663696
0.023105032742023468
0.9664003252983093
0.04894295707345009
0.06220681592822075
0.418366938829422
0.5267760157585144
0.9935010075569153
0.35893577337265015
0.6409863233566284
0.033386245369911194
0.045093707740306854
0.9019356369972229
0.5436248779296875
0.3849029242992401
0.857522189617157
0.038139984011650085
0.8474563956260681
0.26590460538864136
0.29151004552841187
0.8602103590965271
0.2136392444372177
0.4770769774913788
0.24890242516994476
0.38723787665367126
0.22894611954689026
0.19758354127407074
0.9254056215286255
0.06880013644695282
0.90610271692276
0.7363506555557251
0.8811982870101929
0.9763387441635132
0.5578532814979553
0.7864404320716858
0.016778698191046715
0.19562391936779022
0.6796151399612427
0.6396057605743408
0.5228673219680786
0.21567709743976593
0.798732340335846
0.5655614733695984
0.30789899826049805
0.05939120054244995
0.5508878231048584
0.5903839468955994
0.23561251163482666
0.23094187676906586
0.9682906270027161
0.5242833495140076
0.23636464774608612
0.33443278074264526
0.44337812066078186
0.7167664170265198
0.1812172532081604
0.4038161337375641
0.2772371470928192
0.788859486579895
0.5245103240013123
0.040134016424417496
0.20121590793132782
0.5161103010177612
0.38091903924942017
0.4117344319820404
0.8820106387138367
0.16382062435150146
0.036837104707956314
0.6652417778968811
0.43295979499816895
0.5900309085845947
0.9201318621635437
0.5102700591087341
0.5180699825286865
0.7737268805503845
0.14702974259853363
0.5180097818374634
0.46865931153297424
0.247293621301651
0.010342503897845745
0.08061482012271881
0.35376089811325073
0.8066148161888123
0.13926345109939575
0.33390992879867554
0.13294605910778046
0.48216572403907776
0.12039046734571457
0.4723975658416748
0.7589711546897888
0.2958681285381317
0.9380431175231934
0.4278368651866913
0.43575066328048706
0.5417076945304871
0.49282366037368774
0.8538815379142761
0.37564578652381897
0.38937684893608093
0.7082065939903259
0.5027952790260315
0.8185398578643799
0.43634167313575745
0.6766760349273682
0.19492127001285553
0.1413770616054535
0.537571132183075
0.7118939757347107
0.2394387274980545
0.5749834179878235
0.8379126787185669
0.9460667371749878
0.8447445034980774
0.010073722340166569
0.25583767890930176
0.8036648035049438
0.014255725778639317
0.8144118785858154
0.32680630683898926
0.924205482006073
0.5986679792404175
0.7365761399269104
0.6880789399147034
0.3105638027191162
0.8161250352859497
0.03395526111125946
0.9791660904884338
0.9999701380729675
0.4091889560222626
0.8905405402183533
0.2117956429719925
0.27095267176628113
0.9352282881736755
0.17800785601139069
0.25401943922042847
0.2222939282655716
0.2477971464395523
0.08241839706897736
0.6028009653091431
0.06642276048660278
0.025410473346710205
0.3894609212875366
0.6385430693626404
0.3923991918563843
0.7199751734733582
0.7194359302520752
0.9821419715881348
0.03583727404475212
0.5000321269035339
0.7432292103767395
0.34739723801612854
0.6903480887413025
0.747413694858551
0.14531977474689484
0.6619893312454224
0.27439939975738525
0.4976348876953125
0.8785333037376404
0.1960546374320984
0.5260394811630249
0.9704484343528748
0.40582579374313354
0.7519611120223999
0.6164026260375977
0.7816231846809387
0.5088554620742798
0.849114179611206
0.08441560715436935
0.5722883343696594
0.2966598868370056
0.9162604808807373
0.8055291771888733
0.8260923027992249
0.7079489827156067
0.21800003945827484
0.36372894048690796
0.4124589264392853
0.1254456639289856
0.5228541493415833
0.297589510679245
0.41970232129096985
0.0007442334317602217
0.6721057295799255
0.11322323977947235
0.11948604136705399
0.14233916997909546
0.3535933196544647
0.9125506281852722
0.43061596155166626
0.8997392654418945
0.06263855844736099
0.9789109826087952
0.3599475026130676
0.24780341982841492
0.3904671370983124
0.30142149329185486
0.007771498989313841
0.7429192066192627
0.08142188936471939
0.5183783769607544
0.607825517654419
0.7809929251670837
0.890284538269043
0.3895944356918335
0.17669454216957092
0.9137627482414246
0.2317434698343277
0.02981642447412014
0.4023132026195526
0.06136024743318558
0.9542810916900635
0.9403262138366699
0.9986860752105713
0.797898530960083
0.9949712157249451
0.7497768402099609
0.5772491097450256
0.8655046820640564
0.9846073985099792
0.29521870613098145
0.37833699584007263
0.17952348291873932
0.45358240604400635
0.19015848636627197
0.5107560157775879
0.008947616443037987
0.7971619963645935
0.11945422738790512
0.04060618579387665
0.5587583780288696
0.7307708263397217
0.9021382331848145
0.14025039970874786
0.22950170934200287
0.6963427066802979
0.1731589436531067
0.8658562302589417
0.2182035893201828
0.5145891308784485
0.20406605303287506
0.43715035915374756
0.23220476508140564
0.8921754956245422
0.9819110035896301
0.11580837517976761
0.7192530035972595
0.26181426644325256
0.36810755729675293
0.2403244972229004
0.6532072424888611
0.8039146661758423
0.3916834592819214
0.45418351888656616
0.796204686164856
0.3896271586418152
0.3011786937713623
0.5037529468536377
0.7431722283363342
0.41361936926841736
0.2651180624961853
0.5849179029464722
0.9224134683609009
0.9938971996307373
0.13316679000854492
0.35218092799186707
0.918428361415863
0.22019577026367188
0.10010194778442383
0.8685306310653687
0.033750761300325394
0.5059396624565125
0.172045037150383
0.9370623826980591
0.5377729535102844
0.4482477605342865
0.21420173346996307
0.6526893377304077
0.984063446521759
0.12140430510044098
0.2894056737422943
0.11949200928211212
0.8455623984336853
0.31418105959892273
0.2506450116634369
0.9664483070373535
0.5927399396896362
0.7599071264266968
0.5887278318405151
0.570279061794281
0.6056368947029114
0.05862561985850334
0.725328266620636
0.23553374409675598
0.4534921944141388
0.25561824440956116
0.6277214884757996
0.6331729292869568
0.4582975506782532
0.28286170959472656
0.049312859773635864
0.9293700456619263
0.6604596376419067
0.13486529886722565
0.304463654756546
0.15823306143283844
0.16662462055683136
0.04680728539824486
0.5223885774612427
0.39793670177459717
0.6609119176864624
0.6837220191955566
0.04216258227825165
0.9481480717658997
0.975491464138031
0.282041996717453
0.5773937106132507
0.28998276591300964
0.7355396747589111
0.5800287127494812
0.7657005786895752
0.4615769386291504
0.374311625957489
0.9792277812957764
0.36728036403656006
0.9769282341003418
0.9271013736724854
0.5714846253395081
0.1223675012588501
0.393279105424881
0.8907027244567871
0.1914239525794983
0.6013056635856628
0.8329906463623047
0.6317108869552612
0.2668353021144867
0.4193933308124542
0.3587583899497986
0.9890567660331726
0.6643126010894775
0.9934141635894775
0.5359286069869995
0.4147116243839264
0.7934579849243164
0.4050061106681824
0.3218475580215454
0.7608579397201538
0.12623953819274902
0.7562416195869446
0.1400580257177353
0.35759660601615906
0.8209429979324341
0.9554317593574524
0.7276579141616821
0.5820130705833435
0.7538385391235352
0.1955559253692627
0.6373452544212341
0.19139797985553741
0.23786188662052155
0.8095393180847168
0.16704489290714264
0.3313942551612854
0.4523284435272217
0.7528208494186401
0.3458249270915985
0.896518349647522
0.10410527884960175
0.11135023832321167
0.93122398853302
0.7224293351173401
0.9205700159072876
0.15210971236228943
0.5744954943656921
0.7711049914360046
0.3905424177646637
0.06222227215766907
0.8670509457588196
0.8591784834861755
0.9087616205215454
0.6939332485198975
0.16514898836612701
0.18455229699611664
0.9093197584152222
0.07340461015701294
0.6544504165649414
0.21793700754642487
0.3116302788257599
0.7642634510993958
0.7669123411178589
0.7373735904693604
0.5337807536125183
0.9516209959983826
0.5200796127319336
0.9639182686805725
0.20275726914405823
0.694035530090332
0.6853548884391785
0.05823563411831856
0.5064282417297363
0.3120560646057129
0.6943824291229248
0.05571775510907173
0.8486995100975037
0.8079788088798523
0.7523675560951233
0.33713021874427795
0.19680458307266235
0.05757337436079979
0.11361857503652573
0.7494670748710632
0.843200147151947
0.938694417476654
0.1837477833032608
0.8257704973220825
0.07058357447385788
0.8501025438308716
0.6425478458404541
0.4244822561740875
0.35654082894325256
0.4678860008716583
0.7793456315994263
0.8399385809898376
0.2191304862499237
0.4577803313732147
0.7952231764793396
0.022701896727085114
0.7478051781654358
0.8978022336959839
0.5779334902763367
0.62202388048172
0.907880961894989
0.14657920598983765
0.0057427482679486275
0.525188148021698
0.006721707060933113
0.3916327655315399
0.6791431307792664
0.4236599802970886
0.7008188962936401
0.05146597698330879
0.45635896921157837
0.9398670196533203
0.14119257032871246
0.4024845361709595
0.8475529551506042
0.6288228631019592
0.7734546065330505
0.5821069478988647
0.6664937138557434
0.7609581351280212
0.09639090299606323
0.08954602479934692
0.14285674691200256
0.5491335988044739
0.8919712901115417
0.03466496989130974
0.12119985371828079
0.6232429146766663
0.7932977676391602
0.8978773951530457
0.5006281137466431
0.48172321915626526
0.377438485622406
0.8597537279129028
0.45366334915161133
0.07269609719514847
0.5711211562156677
0.11426901817321777
0.005905672907829285
0.8327897787094116
0.7543849945068359
0.5534284710884094
0.977358341217041
0.5456697344779968
0.9273661971092224
0.10961991548538208
0.479730486869812
0.6387826204299927
0.25428876280784607
0.24213887751102448
0.9972151517868042
0.011439401656389236
0.6968470811843872
0.9305728673934937
0.23466157913208008
0.97484290599823
0.29897624254226685
0.22574365139007568
0.24782174825668335
0.8936445713043213
0.9938304424285889
0.23910705745220184
0.7191364169120789
0.8355822563171387
0.5850535035133362
0.8303731083869934
0.09051848948001862
0.05374804511666298
0.39440345764160156
0.31828784942626953
0.4437103867530823
0.29686108231544495
0.3084028959274292
0.6631599068641663
0.27805277705192566
0.22635555267333984
0.744891345500946
0.8158701062202454
0.8650191426277161
0.3386155962944031
0.08322387933731079
0.5872288346290588
0.243918776512146
0.4179271459579468
0.241608127951622
0.1194341629743576
0.17560018599033356
0.2222042828798294
0.6184415817260742
0.6601321697235107
0.5302144289016724
0.3105187714099884
0.32045337557792664
0.9483376145362854
0.0557309165596962
0.9400054216384888
0.6145113706588745
0.08022171258926392
0.5915407538414001
0.3836337924003601
0.33297666907310486
0.2588150203227997
0.34470850229263306
0.8128705620765686
0.13859200477600098
0.2127402275800705
0.6907770037651062
0.0008525059092789888
0.7364042401313782
0.23018230497837067
0.18424101173877716
0.9978500008583069
0.8749738931655884
0.7394930124282837
0.334536075592041
0.4951445758342743
0.5088014602661133
0.7013143301010132
0.31181612610816956
0.8533784747123718
0.153189554810524
0.6292265057563782
0.36184126138687134
0.026671938598155975
0.04165950417518616
0.17734602093696594
0.8842363953590393
0.7215747237205505
0.09297145158052444
0.01743823103606701
0.5051197409629822
0.026851726695895195
0.5871206521987915
0.43994343280792236
0.8653395175933838
0.5006282925605774
0.34412187337875366
0.9128554463386536
0.3154495358467102
0.9061408042907715
0.9828436970710754
0.11097757518291473
0.5179800987243652
0.41648977994918823
0.8893172144889832
0.4847550094127655
0.3341892659664154
0.5543302297592163
0.3972015380859375
0.5499917268753052
0.3872031271457672
0.38474786281585693
0.41705387830734253
0.77275550365448
0.4580526053905487
0.3984457552433014
0.11637736856937408
0.8924025297164917
0.28173425793647766
0.5641299486160278
0.40041419863700867
0.1509946882724762
0.6243828535079956
0.9703609943389893
0.11827467381954193
0.5108359456062317
0.7121034860610962
0.9261274933815002
0.6695681214332581
0.1255597025156021
0.8909628391265869
0.8216036558151245
0.7750369906425476
0.5012485384941101
0.8735564351081848
0.3960578143596649
0.8159794807434082
0.6314827799797058
0.37641260027885437
0.2684400975704193
0.43480589985847473
0.667579174041748
0.6128743290901184
0.4825439155101776
0.044928859919309616
0.9620323181152344
0.9731718301773071
0.04519020766019821
0.02398444525897503
0.8069605827331543
0.35152310132980347
0.8313254714012146
0.15901337563991547
0.21594759821891785
0.26689979434013367
0.6732155084609985
0.3347768485546112
0.19560974836349487
0.5648313164710999
0.42852169275283813
0.22803904116153717
0.33939793705940247
0.9299108386039734
0.4514903426170349
0.52796870470047
0.027912011370062828
0.001815518131479621
0.2943870723247528
0.9525046944618225
0.31119808554649353
0.2522662580013275
0.5663429498672485
0.653393030166626
0.6171693801879883
0.18806293606758118
0.18096324801445007
0.0407724492251873
0.7382254004478455
0.0798252522945404
0.9210597276687622
0.23379302024841309
0.289339542388916
0.5534185767173767
0.303732305765152
0.6344418525695801
0.058720484375953674
0.7573847770690918
0.21685072779655457
0.5010682940483093
0.7090117931365967
0.9951428174972534
0.30786195397377014
0.7590386867523193
0.5810925364494324
0.08708984404802322
0.9443293213844299
0.010757247917354107
0.21596558392047882
0.4292980134487152
0.8559949994087219
0.9121056795120239
0.6089261770248413
0.6031835675239563
0.9749619960784912
0.6150150299072266
0.06967408955097198
0.7618021368980408
0.34238067269325256
0.5620653033256531
0.981049656867981
0.18962247669696808
0.034327056258916855
0.18463104963302612
0.8234590291976929
0.2636077404022217
0.8258617520332336
0.24670518934726715
0.0790431872010231
0.355800062417984
0.512191116809845
0.2619021534919739
0.761325478553772
0.9463022947311401
0.9154088497161865
0.7322927713394165
0.23227953910827637
0.7373243570327759
0.3557588458061218
0.37304097414016724
0.09483791142702103
0.2589138448238373
0.06921185553073883
0.5709148645401001
0.8030222654342651
0.8361704349517822
0.4958978295326233
0.4834226667881012
0.7035225629806519
0.5075979232788086
0.39874669909477234
0.02437390200793743
0.017172759398818016
0.22536346316337585
0.6518733501434326
0.34122851490974426
0.5321458578109741
0.4781196713447571
0.1708393692970276
0.7566088438034058
0.22002719342708588
0.865962564945221
0.2696898579597473
0.2786140441894531
0.8840554356575012
0.5558256506919861
0.013910115696489811
0.317134827375412
0.7000268697738647
0.45088067650794983
0.06512007862329483
0.0211474671959877
0.33305075764656067
0.29047003388404846
0.24974596500396729
0.1221797838807106
0.12732402980327606
0.6218029260635376
0.3364107310771942
0.9403622150421143
0.6260430812835693
0.2848292887210846
0.08841518312692642
0.7563310861587524
0.04907604306936264
0.8067243099212646
0.7552558779716492
0.7013235092163086
0.6705214977264404
0.6052045822143555
0.5367996692657471
0.825073778629303
0.9019521474838257
0.02980233170092106
0.47153452038764954
0.37030792236328125
0.8875712752342224
0.027660496532917023
0.6784495115280151
0.5662895441055298
0.06350862234830856
0.0401131696999073
0.4969538152217865
0.16404664516448975
0.9356542825698853
0.9831902980804443
0.8703387379646301
0.8518154621124268
0.6083557605743408
0.8011259436607361
0.8006336688995361
0.7927649021148682
0.8965415954589844
0.9076662063598633
0.05797914043068886
0.4679141044616699
0.4759790599346161
0.06170426681637764
0.7228091955184937
0.9226422905921936
0.8131137490272522
0.45208293199539185
0.7875190377235413
0.04984361678361893
0.9957641363143921
0.6194291114807129
0.059277623891830444
0.038122035562992096
0.5883493423461914
0.6299324631690979
0.6071208119392395
0.9875779151916504
0.6593052744865417
0.21430006623268127
0.9488370418548584
0.7433651685714722
0.1754419058561325
0.43692225217819214
0.06208518147468567
0.09211190789937973
0.817161500453949
0.7444552183151245
0.978701651096344
0.9712053537368774
0.6603110432624817
0.957926869392395
0.47325950860977173
0.0331621915102005
0.530836820602417
0.7721058130264282
0.3060249090194702
0.5834436416625977
0.7714070081710815
0.27148574590682983
0.7232608795166016
0.5390353798866272
0.7438418865203857
0.486653596162796
0.3106204867362976
0.2509423494338989
0.9871795773506165
0.5401841402053833
0.05962438881397247
0.545486569404602
0.03655443340539932
0.35705405473709106
0.9700997471809387
0.2401086688041687
0.11924824863672256
0.6846811175346375
0.6447279453277588
0.26820823550224304
0.6436895728111267
0.035790592432022095
0.16972795128822327
0.8288838863372803
0.6867886185646057
0.4455488324165344
0.5468817949295044
0.8781570196151733
0.40710264444351196
0.6450539827346802
0.5650157928466797
0.010602508671581745
0.6126117706298828
0.020681260153651237
0.0515516996383667
0.7365888953208923
0.8364628553390503
0.8745840787887573
0.3196825087070465
0.799696683883667
0.21970196068286896
0.31156957149505615
0.9070595502853394
0.1425735056400299
0.38333404064178467
0.7488006353378296
0.587150514125824
0.43187105655670166
0.058171357959508896
0.3489520847797394
0.8274482488632202
0.5818262100219727
0.40387555956840515
0.20900171995162964
0.7412688732147217
0.32231152057647705
0.7688827514648438
0.46881598234176636
0.9876546263694763
0.7696558833122253
0.3600459098815918
0.4687366783618927
0.9898982644081116
0.6707702875137329
0.1806866079568863
0.23272137343883514
0.5568869113922119
0.9673353433609009
0.7985309362411499
0.053297095000743866
0.4803125262260437
0.6105990409851074
0.4041846990585327
0.09606760740280151
0.6473135352134705
0.9359384179115295
0.701219916343689
0.11195720732212067
0.5778482556343079
0.3033069968223572
0.9581243395805359
0.4157572388648987
0.39103934168815613
0.6431682109832764
0.10049587488174438
0.9567137360572815
0.20830850303173065
0.3812277317047119
0.3656938970088959
0.997879147529602
0.8189241290092468
0.25433212518692017
0.8233656883239746
0.8209912776947021
0.831635057926178
0.5927850604057312
0.4913141429424286
0.4378935396671295
0.6471791863441467
0.7454911470413208
0.062223587185144424
0.9407498240470886
0.16074597835540771
0.7960387468338013
0.2195744812488556
0.3239324390888214
0.3830175995826721
0.900725781917572
0.7216868996620178
0.0910513624548912
0.8225243091583252
0.7430056929588318
0.06907358765602112
0.1009746566414833
0.007768678944557905
0.3388242721557617
0.6180349588394165
0.5169138312339783
0.7941068410873413
0.2621893584728241
0.4380911886692047
0.1579045206308365
0.697338879108429
0.4869951605796814
0.2843506932258606
0.16676750779151917
0.2619391679763794
0.8947282433509827
0.781917154788971
0.08059751242399216
0.4752415418624878
0.9639973044395447
0.4782710671424866
0.9046621918678284
0.06345852464437485
0.005079713650047779
0.018763244152069092
0.2648278772830963
0.6394559741020203
0.4162372350692749
0.5059965252876282
0.9497951865196228
0.8131654262542725
0.04334298521280289
0.04541951045393944
0.6070916652679443
0.6167982220649719
0.2310321182012558
0.14583627879619598
0.4337097704410553
0.2954605221748352
0.5242477059364319
0.5775372385978699
0.5733399391174316
0.4240260422229767
0.2736057937145233
0.9033965468406677
0.8155836462974548
0.39921995997428894
0.6585434675216675
0.820419192314148
0.08326683193445206
0.8243765830993652
0.12319264560937881
0.4431084394454956
0.8268966674804688
0.7139520645141602
0.35191071033477783
0.29227638244628906
0.9773022532463074
0.0586782842874527
0.9057499766349792
0.10016951709985733
0.17100752890110016
0.29292502999305725
0.8247469663619995
0.948495090007782
0.22323334217071533
0.9664952158927917
0.835654079914093
0.18889066576957703
0.0948215201497078
0.07400207221508026
0.124924436211586
0.9276298880577087
0.8528100252151489
0.021562615409493446
0.264026939868927
0.29467514157295227
0.5729807615280151
0.9694296717643738
0.45652320981025696
0.5979627966880798
0.6427196860313416
0.27584585547447205
0.7353211641311646
0.8277018666267395
0.7015676498413086
0.7295147180557251
0.7180377244949341
0.23012208938598633
0.058725640177726746
0.9483204483985901
0.5547371506690979
0.20282135903835297
0.3710693418979645
0.8220431804656982
0.43684908747673035
0.8181501030921936
0.5723752975463867
0.3346414268016815
0.7598894238471985
0.3132447898387909
0.2539267838001251
0.35549888014793396
0.5741534233093262
0.35472238063812256
0.9520866870880127
0.17738789319992065
0.9060465693473816
0.37528669834136963
0.3835548162460327
0.02998146042227745
0.6453906297683716
0.5718993544578552
0.7671886086463928
0.2844265401363373
0.7265104651451111
0.5073475241661072
0.11299662292003632
0.1637997180223465
0.3965507447719574
0.43529924750328064
0.3222227096557617
0.1863536536693573
0.21655602753162384
0.8012771010398865
0.6079671382904053
0.14023607969284058
0.022730359807610512
0.16686826944351196
0.4785340428352356
0.36654266715049744
0.7884352207183838
0.16971608996391296
0.9116766452789307
0.9211196899414062
0.5734498500823975
0.9020617008209229
0.32958289980888367
0.10791870206594467
0.9479199051856995
0.8320440649986267
0.8650179505348206
0.7746942043304443
0.3036356270313263
0.7216882705688477
0.6804382801055908
0.44529861211776733
0.2750891149044037
0.7603629231452942
0.9632601141929626
0.9626931548118591
0.9167919158935547
0.9523314833641052
0.7576044201850891
0.4330046474933624
0.21156328916549683
0.8279062509536743
0.17721550166606903
0.8868923783302307
0.2481435239315033
0.4270688593387604
0.32150986790657043
0.7968589067459106
0.34014105796813965
0.679243803024292
0.2556867301464081
0.4627809524536133
0.7928234338760376
0.8108896017074585
0.9116300344467163
0.44230008125305176
0.37765198945999146
0.6224941611289978
0.3590584695339203
0.24854359030723572
0.4838966429233551
0.7200462222099304
0.40590178966522217
0.3978061079978943
0.7221006751060486
0.887312650680542
0.3461781442165375
0.6676316261291504
0.33710142970085144
0.040754277259111404
0.9284523129463196
0.36370450258255005
0.48252353072166443
0.8681573271751404
0.8011947870254517
0.5418276786804199
0.5935470461845398
0.6183720827102661
0.7887195348739624
0.2905842959880829
0.1725004017353058
0.36530882120132446
0.8954900503158569
0.8691206574440002
0.3294054865837097
0.41796156764030457
0.8196088671684265
0.03623364120721817
0.5802296996116638
0.14445297420024872
0.07767174392938614
0.4424354135990143
0.18259839713573456
0.13319379091262817
0.43611642718315125
0.17308010160923004
0.05585040524601936
0.5220326781272888
0.6379545331001282
0.9972602725028992
0.9428895115852356
0.46575069427490234
0.952932596206665
0.4268188178539276
0.16358530521392822
0.13085515797138214
0.5946445465087891
0.4494349956512451
0.7066559195518494
0.7296637296676636
0.19192586839199066
0.875497043132782
0.9615604877471924
0.801288902759552
0.6902832388877869
0.19444085657596588
0.2193915694952011
0.6388646960258484
0.24162624776363373
0.02292746677994728
0.8285728096961975
0.6513417363166809
0.40663015842437744
0.009445355273783207
0.789038360118866
0.14441190659999847
0.18747007846832275
0.12489356100559235
0.46074944734573364
0.2334563136100769
0.2285592257976532
0.6627470254898071
0.5379345417022705
0.2919333279132843
0.11540500074625015
0.41383039951324463
0.6162189245223999
0.25851255655288696
0.7943769693374634
0.27143362164497375
0.554154098033905
0.9069803357124329
0.7013264894485474
0.7522105574607849
0.6419527530670166
0.8994250893592834
0.4431788921356201
0.5354985594749451
0.4096735715866089
0.15821895003318787
0.39706557989120483
0.22619734704494476
0.2476687878370285
0.8730555772781372
0.5690830945968628
0.5805985927581787
0.39332860708236694
0.6751352548599243
0.5165340900421143
0.4010799825191498
0.07945713400840759
0.9937711954116821
0.685435950756073
0.9296179413795471
0.22141921520233154
0.47565758228302
0.3755050301551819
0.575931191444397
0.419924259185791
0.20614835619926453
0.7101079821586609
0.478005975484848
0.5857718586921692
0.6702415347099304
0.6101745367050171
0.49813127517700195
0.05360349267721176
0.04348821938037872
0.1009850800037384
0.992860734462738
0.796813428401947
0.020518865436315536
0.5998020768165588
0.9125237464904785
0.9479603171348572
0.21961461007595062
0.07395263016223907
0.11770795285701752
0.23322035372257233
0.9010717868804932
0.6827453374862671
0.3727942705154419
0.7688671350479126
0.746807336807251
0.3964516520500183
0.32414472103118896
0.054054517298936844
0.07836996763944626
0.5876243710517883
0.7507287263870239
0.28115007281303406
0.29566264152526855
0.38927170634269714
0.2547282576560974
0.4999959170818329
0.4664776623249054
0.943688690662384
0.13676725327968597
0.6244739294052124
0.26395708322525024
0.8441315293312073
0.6613667011260986
0.8981790542602539
0.7529905438423157
0.7255685925483704
0.4800722301006317
0.9316287040710449
0.8055428266525269
0.2499735951423645
0.0929669588804245
0.05343218520283699
0.40320542454719543
0.3030247390270233
0.0413721539080143
0.8186407685279846
0.05641143023967743
0.5131857991218567
0.7183224558830261
0.4256364405155182
0.9067338705062866
0.3198910355567932
0.7674246430397034
0.13308778405189514
0.5933778882026672
0.5144625902175903
0.11098097264766693
0.20386600494384766
0.020680461078882217
0.8226287364959717
0.939332902431488
0.37694525718688965
0.606499969959259
0.7827746272087097
0.879096508026123
0.9665440917015076
0.5734773874282837
0.13631753623485565
0.6513432860374451
0.9144706130027771
0.5069475173950195
0.20805993676185608
0.3791433870792389
0.20827753841876984
0.4668738543987274
0.05407770350575447
0.49560481309890747
0.3811141848564148
0.014454912394285202
0.2268335372209549
0.6745697259902954
0.5281150341033936
0.5691533088684082
0.33474576473236084
0.5153419971466064
0.5436640977859497
0.5488357543945312
0.5436230301856995
0.1172516867518425
0.4946487545967102
0.3084469139575958
0.41398367285728455
0.25749507546424866
0.9273110032081604
0.5882148742675781
0.4800538122653961
0.5022399425506592
0.07543954998254776
0.7556787729263306
0.05617353320121765
0.8508466482162476
0.7273809909820557
0.15380051732063293
0.3566923439502716
0.4843122959136963
0.6797594428062439
0.900581419467926
0.6767618060112
0.2767299711704254
0.7708591222763062
0.9989015460014343
0.7318189740180969
0.07950519025325775
0.8408787250518799
0.15683215856552124
0.6484002470970154
0.9065057635307312
0.7517855763435364
0.7276670336723328
0.5383540987968445
0.4229385554790497
0.8087953329086304
0.29202941060066223
0.7198789715766907
0.4405146837234497
0.17261621356010437
0.9516462683677673
0.18940429389476776
0.16285599768161774
0.13061289489269257
0.8010485172271729
0.7505356669425964
0.5355697870254517
0.373475581407547
0.4186243414878845
0.7552691102027893
0.8092372417449951
0.4688057005405426
0.5041548013687134
0.8614320158958435
0.3666413426399231
0.8609331846237183
0.5290104150772095
0.8766182065010071
0.6491510272026062
0.14783355593681335
0.23788797855377197
0.9641386866569519
0.5400388836860657
0.3718915581703186
0.14767152070999146
0.37608855962753296
0.9372092485427856
0.4655284285545349
0.046235647052526474
0.39379194378852844
0.8707528710365295
0.2678382396697998
0.6362012624740601
0.33260077238082886
0.3874951899051666
0.06101518124341965
0.7155954837799072
0.2828279733657837
0.7966289520263672
0.5071103572845459
0.09610529989004135
0.07019750028848648
0.7273900508880615
0.05623815953731537
0.5943204164505005
0.051825523376464844
0.8754849433898926
0.9220954179763794
0.11650175601243973
0.5800558924674988
0.5860931873321533
0.7942048907279968
0.9934629201889038
0.9264572262763977
0.31866517663002014
0.6010653376579285
0.9970312714576721
0.0978429839015007
0.6890260577201843
0.8319721817970276
0.253744512796402
0.2375386506319046
0.08742479234933853
0.625923216342926
0.7353454232215881
0.41600489616394043
0.7103448510169983
0.8375526070594788
0.2646232545375824
0.10923158377408981
0.5803731083869934
0.7183098793029785
0.6146154403686523
0.6961146593093872
0.0038756956346333027
0.886358380317688
0.007521400228142738
0.05228637158870697
0.35567182302474976
0.740749180316925
0.09385048598051071
0.8555216789245605
0.8857036232948303
0.24665051698684692
0.14627543091773987
0.7566457390785217
0.9281346797943115
0.03005092963576317
0.4067836105823517
0.1159706562757492
0.39758992195129395
0.44119492173194885
0.7465054988861084
0.8544332981109619
0.44359636306762695
0.28798937797546387
0.908368706703186
0.616234540939331
0.11420957744121552
0.2917335033416748
0.8547881841659546
0.5524877905845642
0.6070769429206848
0.552804708480835
0.19356654584407806
0.5187395811080933
0.7518168091773987
0.4008490741252899
0.3135950565338135
0.17146442830562592
0.7436882853507996
0.7978218197822571
0.8080646395683289
0.78058922290802
0.4207930266857147
0.5310322642326355
0.9475937485694885
0.21604083478450775
0.7015593647956848
0.6533305048942566
0.20847851037979126
0.40451502799987793
0.7582836747169495
0.47222474217414856
0.032529111951589584
0.9284131526947021
0.4641796350479126
0.9435648322105408
0.046331070363521576
0.8493881821632385
0.9115342497825623
0.7017900943756104
0.3429807126522064
0.20243409276008606
0.8219104409217834
0.4719640910625458
0.708407461643219
0.7729361057281494
0.5559462904930115
0.015404620207846165
0.240676611661911
0.8653214573860168
0.43362492322921753
0.6885482668876648
0.2494659572839737
0.5732266902923584
0.5691261291503906
0.688475489616394
0.4209083914756775
0.33031654357910156
0.5320894122123718
0.6115798354148865
0.7685094475746155
0.6634083390235901
0.011704947799444199
0.3175089657306671
0.5057668089866638
0.25379428267478943
0.6339066028594971
0.2840437591075897
0.3001422882080078
0.7718433141708374
0.42795541882514954
0.8772916197776794
0.47059428691864014
0.9829496145248413
0.042435336858034134
0.8185850381851196
0.23911407589912415
0.7772177457809448
0.020913124084472656
0.4170823395252228
0.2370023876428604
0.2733597755432129
0.3032568395137787
0.5692971348762512
0.5766593217849731
0.5472607016563416
0.9579027891159058
0.6062667965888977
0.9177716970443726
0.08687826991081238
0.9594817757606506
0.9566157460212708
0.9183562994003296
0.4551013708114624
0.21033057570457458
0.13470828533172607
0.6928820610046387
0.7542544603347778
0.1953827291727066
0.8540231585502625
0.39374834299087524
0.17962084710597992
0.8347414135932922
0.1261393427848816
0.8654390573501587
0.803867757320404
0.4747557044029236
0.11624825745820999
0.23524320125579834
0.8941765427589417
0.32486870884895325
0.4900955855846405
0.8744840621948242
0.7995256781578064
0.7125115394592285
0.9278562664985657
0.04465188458561897
0.6070922613143921
0.7193581461906433
0.55495285987854
0.8053120374679565
0.617652177810669
0.8460747599601746
0.703347384929657
0.7490098476409912
0.01901664212346077
0.7403275370597839
0.2793145775794983
0.8100045323371887
0.9319533705711365
0.9543695449829102
0.9649426341056824
0.7168524265289307
0.9681587815284729
0.07183979451656342
0.2898288369178772
0.5079821944236755
0.7380086183547974
0.12861886620521545
0.1983652561903
0.527762770652771
0.9067324995994568
0.36308059096336365
0.6521080136299133
0.7743728160858154
0.20204785466194153
0.624721109867096
0.26882919669151306
0.1388057917356491
0.2033964991569519
0.2737390100955963
0.8089655041694641
0.6949057579040527
0.08642147481441498
0.46905598044395447
0.9904523491859436
0.1954898238182068
0.7589218616485596
0.9391438961029053
0.23696812987327576
0.6351003050804138
0.8863429427146912
0.7843858003616333
0.9246811270713806
0.25432297587394714
0.21203747391700745
0.9693552255630493
0.8774182796478271
0.8403006196022034
0.39783090353012085
0.7858896255493164
0.06833912432193756
0.7407609224319458
0.8921985030174255
0.7275528907775879
0.9150232076644897
0.04046104848384857
0.5824597477912903
0.8690995573997498
0.2989393174648285
0.10811282694339752
0.17668494582176208
0.8078395128250122
0.6463837623596191
0.27600356936454773
0.7414535284042358
0.3004712164402008
0.7363228797912598
0.7973674535751343
0.17239956557750702
0.7391676902770996
0.8081513047218323
0.5550804138183594
0.38876333832740784
0.12903226912021637
0.5579943656921387
0.6906211376190186
0.06746380776166916
0.5887432098388672
0.4432287812232971
0.974552571773529
0.30178409814834595
0.08606765419244766
0.5419443845748901
0.30281877517700195
0.6533323526382446
0.42939695715904236
0.2396237850189209
0.9844966530799866
0.40125739574432373
0.13054914772510529
0.3552820682525635
0.17075149714946747
0.6894657611846924
0.5451716184616089
0.7881684303283691
0.9797362089157104
0.606978178024292
0.8696818351745605
0.15516076982021332
0.9525020718574524
0.8251546621322632
0.5418897867202759
0.3040575683116913
0.01084451749920845
0.6416962146759033
0.1206289678812027
0.008312306366860867
0.19306781888008118
0.0008241450414061546
0.6990269422531128
0.8593789935112
0.2775188088417053
0.6346881985664368
0.13589176535606384
0.7423091530799866
0.5350005626678467
0.20992618799209595
0.8119248747825623
0.026602590456604958
0.6160632967948914
0.49882346391677856
0.21935440599918365
0.8343278169631958
0.7570291757583618
0.9142583012580872
0.7418875694274902
0.5808168053627014
0.31476980447769165
0.5709802508354187
0.8979886174201965
0.45890527963638306
0.007884616032242775
0.19833388924598694
0.37138015031814575
0.8458680510520935
0.11230140179395676
0.5127747058868408
0.12115473300218582
0.000664635153952986
0.9690364599227905
0.6888290643692017
0.34052324295043945
0.9188154935836792
0.7396796345710754
0.07043062150478363
0.6072854995727539
0.23243525624275208
0.0710660070180893
0.6189450621604919
0.25469163060188293
0.013092144392430782
0.7154408097267151
0.643197238445282
0.18770593404769897
0.9292232394218445
0.8980658054351807
0.9584041833877563
0.9348946213722229
0.31925076246261597
0.3982042670249939
0.9590256810188293
0.18978050351142883
0.22897325456142426
0.3051576614379883
0.22163264453411102
0.6800219416618347
0.12792907655239105
0.6289224624633789
0.840481698513031
0.5429369807243347
0.618262529373169
0.8582260012626648
0.8591889142990112
0.17478154599666595
0.008349528536200523
0.21997308731079102
0.3999430537223816
0.6529837250709534
0.2534131109714508
0.011905212886631489
0.5285915732383728
0.01119584497064352
0.7101947069168091
0.21295884251594543
0.7340771555900574
0.056637272238731384
0.37760838866233826
0.8458110690116882
0.5585629940032959
0.7788751721382141
0.9803245663642883
0.08798335492610931
0.7936516404151917
0.5121191740036011
0.5352786183357239
0.06404715776443481
0.9511470794677734
0.9146670699119568
0.8492351174354553
0.3422585129737854
0.15832775831222534
0.5733143091201782
0.20731045305728912
0.5042219161987305
0.8224025964736938
0.1609538495540619
0.029687080532312393
0.5129193067550659
0.3584365248680115
0.9991507530212402
0.08488254994153976
0.09318486601114273
0.9633833169937134
0.1304233819246292
0.7467052340507507
0.8897745609283447
0.43740561604499817
0.6936339139938354
0.08145461231470108
0.41827502846717834
0.7865856289863586
0.26807770133018494
0.603722095489502
0.5528894662857056
0.26650509238243103
0.03597952425479889
0.7571701407432556
0.6109455227851868
0.5256351828575134
0.8251013159751892
0.899405300617218
0.8861415982246399
0.5415744781494141
0.031226856634020805
0.7091497778892517
0.8937743902206421
0.6147920489311218
0.9911577105522156
0.6214056015014648
0.4008525609970093
0.25153806805610657
0.26303303241729736
0.7333084940910339
0.7727965116500854
0.35319817066192627
0.042885515838861465
0.5333612561225891
0.7460905909538269
0.9616603851318359
0.389154851436615
0.22828854620456696
0.980351984500885
0.8774549961090088
0.4594106376171112
0.7888892292976379
0.1204208955168724
0.4096905589103699
0.648212194442749
0.20529615879058838
0.4859914481639862
0.35861730575561523
0.8118112683296204
0.3503962457180023
0.5643841624259949
0.7359229922294617
0.21666383743286133
0.4344312846660614
0.14414116740226746
0.5374574065208435
0.28196337819099426
0.3866311013698578
0.2885861396789551
0.2128153145313263
0.37564462423324585
0.1535579264163971
0.48166418075561523
0.27811500430107117
0.39952901005744934
0.9679548144340515
0.4507623016834259
0.524450421333313
0.9974871277809143
0.3498634696006775
0.3679378628730774
0.8914221525192261
0.47614431381225586
0.7088122963905334
0.1984730362892151
0.4437151551246643
0.3750971555709839
0.9314553141593933
0.23818530142307281
0.9775205850601196
0.12202425301074982
0.13774050772190094
0.3126187026500702
0.4338913559913635
0.5512980818748474
0.8735416531562805
0.49366655945777893
0.5956775546073914
0.08103717118501663
0.3763185441493988
0.47378501296043396
0.3178369998931885
0.6027026176452637
0.15697811543941498
0.5522325038909912
0.25140127539634705
0.4450036585330963
0.12245354801416397
0.805185854434967
0.9704384207725525
0.9075261354446411
0.05262588709592819
0.10458006709814072
0.12243688106536865
0.5272877216339111
0.5286976099014282
0.3124273717403412
0.3615097999572754
0.7259089946746826
0.7134031057357788
0.5721215605735779
0.7283589839935303
0.9626808166503906
0.05224461108446121
0.6729810833930969
0.6764208674430847
0.9220045208930969
0.8059608936309814
0.2029992789030075
0.7323502898216248
0.7359679937362671
0.4513918161392212
0.6209323406219482
0.7455925345420837
0.19181324541568756
0.9706931114196777
0.27515697479248047
0.6886820197105408
0.1400940716266632
0.3468148410320282
0.8775914907455444
0.43933752179145813
0.003321821568533778
0.9953002333641052
0.8275546431541443
0.9099137783050537
0.18703608214855194
0.7134654521942139
0.22257143259048462
0.45766615867614746
0.6285662055015564
0.8301582932472229
0.9624544978141785
0.49962764978408813
0.1439962387084961
0.8128339648246765
0.686599850654602
0.1464654803276062
0.9611635804176331
0.18379245698451996
0.2499234825372696
0.21255792677402496
0.6121283769607544
0.7504686713218689
0.36433863639831543
0.8322031497955322
0.2989048957824707
0.8762494325637817
0.02146906591951847
0.02423931658267975
0.8252512216567993
0.3647787272930145
0.16327467560768127
0.2526935935020447
0.21966475248336792
0.6754848957061768
0.4287380278110504
0.44582924246788025
0.7077308893203735
0.5174930691719055
0.4452347457408905
0.44943967461586
0.6092811226844788
0.3070683777332306
0.4261261224746704
0.2907334268093109
0.6157631278038025
0.3940463066101074
0.02925218641757965
0.2921546697616577
0.979539155960083
0.9887850284576416
0.9034297466278076
0.5270760655403137
0.4055243134498596
0.6727644205093384
0.597618818283081
0.6087327599525452
0.27362188696861267
0.6495867371559143
0.6073170900344849
0.8276137709617615
0.5810971856117249
0.7852780818939209
0.388327956199646
0.344917356967926
0.7059614658355713
0.28615397214889526
0.6071234345436096
0.11643631756305695
0.8597624897956848
0.7299813032150269
0.12747126817703247
0.9924364686012268
0.21626083552837372
0.343560129404068
0.2247064858675003
0.2072812169790268
0.5687319040298462
0.6424874663352966
0.9485220909118652
0.20574767887592316
0.002483820542693138
0.5493007898330688
0.7288777828216553
0.5965794324874878
0.22924283146858215
0.40395697951316833
0.10214128345251083
0.5890955328941345
0.2418302297592163
0.6198249459266663
0.2523918151855469
0.8847935795783997
0.3348982036113739
0.6849743127822876
0.36895254254341125
0.24531815946102142
0.5464391112327576
0.4524039030075073
0.7252922058105469
0.4565418064594269
0.04424773156642914
0.9083898067474365
0.5815305113792419
0.004051175434142351
0.297621488571167
0.20565931499004364
0.8455915451049805
0.26724565029144287
0.7427740693092346
0.16733916103839874
0.9391554594039917
0.8394012451171875
0.24509292840957642
0.24221889674663544
0.9018285870552063
0.08997178077697754
0.89910888671875
0.5777307748794556
0.5990755558013916
0.3412933945655823
0.6118289828300476
0.5311509966850281
0.4214484989643097
0.8843593597412109
0.5628231763839722
0.6231189966201782
0.11485137790441513
0.9831752777099609
0.7525417804718018
0.9560181498527527
0.006907154340296984
0.07522556185722351
0.5331025123596191
0.4729149043560028
0.9432171583175659
0.46951696276664734
0.6385630369186401
0.1164718046784401
0.12550000846385956
0.0917145386338234
0.04003332182765007
0.6485008597373962
0.44126635789871216
0.16556471586227417
0.15466347336769104
0.16458122432231903
0.41705405712127686
0.30377495288848877
0.47617900371551514
0.2764790654182434
0.9199867844581604
0.39000341296195984
0.694399356842041
0.3128106892108917
0.9752140641212463
0.9691401720046997
0.9006988406181335
0.07895826548337936
0.2922547459602356
0.965915858745575
0.8156809210777283
0.8488386869430542
0.6057676672935486
0.31779393553733826
0.4846652150154114
0.4910106360912323
0.6641860008239746
0.808192253112793
0.9605139493942261
0.03142452985048294
0.43163037300109863
0.3744380474090576
0.21766187250614166
0.38556888699531555
0.15667520463466644
0.19490517675876617
0.27854469418525696
0.5194990038871765
0.9516873359680176
0.72132408618927
0.7348865270614624
0.6558278799057007
0.6953999996185303
0.7011855244636536
0.35959547758102417
0.47424906492233276
0.7240549325942993
0.7340076565742493
0.18093973398208618
0.7595885992050171
0.3072338402271271
0.5007883906364441
0.9626481533050537
0.9866887331008911
0.37505972385406494
0.7976445555686951
0.206128790974617
0.7889266610145569
0.7052122354507446
0.35460978746414185
0.8512136936187744
0.350095272064209
0.8507067561149597
0.3427562415599823
0.7154759764671326
0.007095332257449627
0.4053986370563507
0.5913034677505493
0.7527309656143188
0.6621272563934326
0.11295148730278015
0.4640999138355255
0.5748206973075867
0.0881156325340271
0.16292570531368256
0.31339964270591736
0.07534625381231308
0.3216562271118164
0.44424229860305786
0.5511128902435303
0.5305945873260498
0.44711509346961975
0.8710256218910217
0.5409595370292664
0.15081743896007538
0.35074710845947266
0.6043172478675842
0.9119002223014832
0.9674203991889954
0.6695894598960876
0.6274004578590393
0.9323179721832275
0.5247282385826111
0.04238324984908104
0.1467672437429428
0.4530266225337982
0.2755656838417053
0.2457718402147293
0.21462982892990112
0.07581444084644318
0.15286359190940857
0.03251636028289795
0.8870280981063843
0.7226901054382324
0.23561561107635498
0.06997834146022797
0.8998252749443054
0.9531300067901611
0.20032960176467896
0.14366088807582855
0.17337952554225922
0.712905764579773
0.32491740584373474
0.6655482053756714
0.655308723449707
0.9913057684898376
0.546925961971283
0.7559347748756409
0.9674635529518127
0.8435269594192505
0.5232240557670593
0.9108209013938904
0.5312360525131226
0.5178776979446411
0.5134475231170654
0.9800693392753601
0.24740584194660187
0.5097972750663757
0.9723292589187622
0.14373956620693207
0.8115929365158081
0.6542166471481323
0.7440710067749023
0.9145867824554443
0.5718647837638855
0.46595391631126404
0.31782492995262146
0.7977731227874756
0.6611826419830322
0.1405656486749649
0.7414463758468628
0.8904079794883728
0.4418216943740845
0.3147890567779541
0.08669040352106094
0.25135788321495056
0.989630401134491
0.9256049394607544
0.7662497758865356
0.6385546326637268
0.14523564279079437
0.7213529348373413
0.461263507604599
0.38412031531333923
0.7459854483604431
0.935901939868927
0.4977174401283264
0.35032904148101807
0.8991565704345703
0.47922104597091675
0.9128454923629761
0.7322691082954407
0.8099859356880188
0.36039239168167114
0.31590983271598816
0.9679163694381714
0.12928500771522522
0.6941141486167908
0.014876006171107292
0.3741949498653412
0.5349254608154297
0.6314250230789185
0.10792939364910126
0.23911559581756592
0.5624744296073914
0.790587842464447
0.2865716218948364
0.5110041499137878
0.22134914994239807
0.49155643582344055
0.870613694190979
0.5058590173721313
0.15294715762138367
0.9987421035766602
0.9057814478874207
0.44175782799720764
0.3241632580757141
0.6391472816467285
0.10522674024105072
0.25226151943206787
0.5899384617805481
0.27372488379478455
0.3563745617866516
0.20234453678131104
0.04931672289967537
0.31975993514060974
0.5146494507789612
0.623935878276825
0.22005340456962585
0.2542325258255005
0.21077442169189453
0.22817906737327576
0.820216178894043
0.9922070503234863
0.37324658036231995
0.4556267261505127
0.9135875105857849
0.6407445669174194
0.807830274105072
0.08859586715698242
0.5289047956466675
0.9747380614280701
0.7117112278938293
0.289794385433197
0.6426383256912231
0.8009968996047974
0.43685129284858704
0.005034002475440502
0.3034360110759735
0.05658576264977455
0.0690537691116333
0.3268527388572693
0.004930316936224699
0.6158527135848999
0.7576525211334229
0.7718209624290466
0.3673259913921356
0.9976341128349304
0.47939351201057434
0.1891152411699295
0.03698750212788582
0.9737319350242615
0.5817219018936157
0.9987525939941406
0.6404005289077759
0.09422580152750015
0.3696559965610504
0.014192442409694195
0.5863609910011292
0.46046414971351624
0.7235235571861267
0.6637222766876221
0.360177218914032
0.21219873428344727
0.8059738874435425
0.4708866775035858
0.039098165929317474
0.8545516133308411
0.713909924030304
0.9998043775558472
0.4143862724304199
0.05384712666273117
0.3871983587741852
0.33141452074050903
0.879462480545044
0.47870662808418274
0.7199031114578247
0.43971365690231323
0.2463369220495224
0.332701176404953
0.6422763466835022
0.36280694603919983
0.4594782292842865
0.43393275141716003
0.8058509230613708
0.6869646906852722
0.3631497621536255
0.549733579158783
0.8058136701583862
0.15505795180797577
0.408663809299469
0.4912603199481964
0.10644252598285675
0.8567664623260498
0.8758267164230347
0.46196016669273376
0.5947408676147461
0.099539615213871
0.0012162791099399328
0.0753401592373848
0.9188132286071777
0.5922276973724365
0.26897796988487244
0.9894006252288818
0.377103328704834
0.8789588809013367
0.7544533014297485
0.06730711460113525
0.9931283593177795
0.4154661297798157
0.9343625903129578
0.7595421075820923
0.6595475077629089
0.6532256603240967
0.07321856915950775
0.9689496159553528
0.4031008183956146
0.6219504475593567
0.9597643613815308
0.2748123109340668
0.06487540155649185
0.8584072589874268
0.9545813202857971
0.022821955382823944
0.36299291253089905
0.9162715077400208
0.4710896611213684
0.3271607458591461
0.825748085975647
0.6823002696037292
0.951625645160675
0.6694861054420471
0.3219358026981354
0.08273166418075562
0.5974657535552979
0.004915079101920128
0.8816932439804077
0.04346653074026108
0.2935900390148163
0.8150830268859863
0.7697452306747437
0.8055098056793213
0.6674683690071106
0.2741279900074005
0.04995523765683174
0.41927677392959595
0.5959743857383728
0.2228432297706604
0.5079739093780518
0.8662030696868896
0.2972419261932373
0.25490888953208923
0.6994306445121765
0.2237100899219513
0.007944670505821705
0.8032015562057495
0.5414948463439941
0.8187025785446167
0.172005295753479
0.5411003232002258
0.8927102088928223
0.384979248046875
0.8549663424491882
0.9849207997322083
0.14494606852531433
0.22699524462223053
0.016723202541470528
0.16800731420516968
0.607221782207489
0.4260094463825226
0.3875201344490051
0.1844417005777359
0.972189724445343
0.1412661075592041
0.42795151472091675
0.3143691420555115
0.8364384770393372
0.5199035406112671
0.37455523014068604
0.7645058035850525
0.46018773317337036
0.3378225266933441
0.14079904556274414
0.6137946844100952
0.7848755121231079
0.9997658133506775
0.9696080088615417
0.5643187165260315
0.5114241242408752
0.5490322113037109
0.0852866992354393
0.6656383872032166
0.6303638815879822
0.7448229193687439
0.40123626589775085
0.9049302339553833
0.10861807316541672
0.747484564781189
0.7961600422859192
0.37036654353141785
0.19173209369182587
0.3331001400947571
0.5857611894607544
0.2059183567762375
0.99600750207901
0.3673159182071686
0.3110279440879822
0.15522675216197968
0.6695483922958374
0.5627291202545166
0.6468502879142761
0.274383544921875
0.6079490184783936
0.7166298031806946
0.9289036989212036
0.2806221544742584
0.6617354154586792
0.05545353889465332
0.20559847354888916
0.41299840807914734
0.27003732323646545
0.00821485836058855
0.5947318077087402
0.8844267725944519
0.6886101365089417
0.9154725074768066
0.5237101912498474
0.8411672115325928
0.8676271438598633
0.33311206102371216
0.3659543991088867
0.9835674166679382
0.9429485201835632
0.8650100827217102
0.8300204873085022
0.8181763887405396
0.8686302900314331
0.287541925907135
0.020785953849554062
0.18552452325820923
0.6084547638893127
0.18249954283237457
0.4098902940750122
0.4161610007286072
0.8156107068061829
0.12447439879179001
0.08756130188703537
0.4809013605117798
0.9611689448356628
0.38174235820770264
0.14315953850746155
0.33055999875068665
0.855462908744812
0.2040100395679474
0.509630560874939
0.5207951664924622
0.9051888585090637
0.7002655863761902
0.5928308963775635
0.05573597922921181
0.9782469868659973
0.9539992809295654
0.4621025323867798
0.49050453305244446
0.3007300794124603
0.7949160933494568
0.5921202301979065
0.6542102694511414
0.9033561944961548
0.8503875136375427
0.3857877850532532
0.07921470701694489
0.7811322212219238
0.7807600498199463
0.8954060673713684
0.43074408173561096
0.08850489556789398
0.4059099853038788
0.23866693675518036
0.08683837950229645
0.9653066992759705
0.7384565472602844
0.25325992703437805
0.7421656250953674
0.6560217142105103
0.5879298448562622
0.8838619589805603
0.9264160990715027
0.3308746814727783
0.403052419424057
0.813155472278595
0.844062089920044
0.02036803588271141
0.5113531947135925
0.21625573933124542
0.10745153576135635
0.11623680591583252
0.4235314130783081
0.1878596991300583
0.9221028685569763
0.1410321295261383
0.8781085014343262
0.7702081203460693
0.5298982858657837
0.991319477558136
0.7552829384803772
0.6986650824546814
0.4220895767211914
0.5682393908500671
0.02182210423052311
0.21226806938648224
0.7834879755973816
0.8623533844947815
0.31145644187927246
0.9723706841468811
0.6007322072982788
0.7590660452842712
0.35631486773490906
0.09235761314630508
0.9630464315414429
0.8507406711578369
0.9678124785423279
0.3229033350944519
0.3538910746574402
0.49935269355773926
0.2567015588283539
0.9639356732368469
0.3442995548248291
0.6630584001541138
0.10225708782672882
0.5645893812179565
0.6594099402427673
0.661400556564331
0.22940202057361603
0.5698158740997314
0.9505854249000549
0.38701802492141724
0.6487196087837219
0.3068405091762543
0.7353806495666504
0.37389668822288513
0.4380488097667694
0.2895728051662445
0.170197993516922
0.6756666302680969
0.9169180393218994
0.33739253878593445
0.12931932508945465
0.5732113122940063
0.28163594007492065
0.8859478235244751
0.2585360109806061
0.03913600370287895
0.5110211968421936
0.48645123839378357
0.9039995670318604
0.13014169037342072
0.13494373857975006
0.5171563029289246
0.3845912516117096
0.7814784646034241
0.4821234345436096
0.5056629180908203
0.5867289304733276
0.5602550506591797
0.5657385587692261
0.389433354139328
0.691758394241333
0.9827876091003418
0.2500259280204773
0.6551138162612915
0.1964423507452011
0.6984457969665527
0.5119255781173706
0.471101313829422
0.8278446793556213
0.8608697652816772
0.005053375381976366
0.5102012157440186
0.7683598399162292
0.5942376852035522
0.8190345764160156
0.5074873566627502
0.5437197089195251
0.3263862729072571
0.27929067611694336
0.14078614115715027
0.5170234441757202
0.36671608686447144
0.10438665747642517
0.39630722999572754
0.9521904587745667
0.16035166382789612
0.16989561915397644
0.34920504689216614
0.09324514120817184
0.0959014743566513
0.8650941252708435
0.8260213136672974
0.08911141753196716
0.5942074656486511
0.35977017879486084
0.28381386399269104
0.03168318793177605
0.046803802251815796
0.7707632184028625
0.09001006186008453
0.6342095732688904
0.7036522626876831
0.9856823682785034
0.18578384816646576
0.5737388730049133
0.7158476114273071
0.4051264524459839
0.4505375921726227
0.9421762824058533
0.03213002532720566
0.34438154101371765
0.8698012828826904
0.20725005865097046
0.8529865741729736
0.6756198406219482
0.8018988966941833
0.2178025096654892
0.887569785118103
0.7514675855636597
0.7107270359992981
0.12109987437725067
0.44728603959083557
0.7184208035469055
0.12839139997959137
0.14761590957641602
0.22731831669807434
0.7612617015838623
0.30701467394828796
0.8035061359405518
0.6207559704780579
0.03306680545210838
0.6606493592262268
0.1710973083972931
0.9160200953483582
0.26583126187324524
0.18754525482654572
0.484333336353302
0.6965346932411194
0.5355158448219299
0.10819659382104874
0.13846711814403534
0.7304739356040955
0.9354066848754883
0.021091215312480927
0.0647330954670906
0.3461405038833618
0.2737843096256256
0.49042829871177673
0.06667633354663849
0.07556295394897461
0.05353724583983421
0.7649521231651306
0.6096572279930115
0.2408020794391632
0.8814690113067627
0.4330759644508362
0.3856862187385559
0.2745623290538788
0.8996779322624207
0.7494754195213318
0.3087269961833954
0.5829071402549744
0.14771199226379395
0.6904773116111755
0.6575199961662292
0.6509986519813538
0.13886165618896484
0.6101817488670349
0.22359585762023926
0.45116934180259705
0.09309609979391098
0.6766250729560852
0.43497660756111145
0.38844993710517883
0.3522982597351074
0.9791558980941772
0.36792826652526855
0.693620502948761
0.9874897003173828
0.29277312755584717
0.19572073221206665
0.5767709016799927
0.9126006364822388
0.890381395816803
0.4550687074661255
0.6636781096458435
0.36542513966560364
0.6813656091690063
0.9022142291069031
0.8874378204345703
0.9480020999908447
0.24055951833724976
0.5422816872596741
0.6845406293869019
0.8576610684394836
0.5025857090950012
0.016520841047167778
0.6804971098899841
0.24309833347797394
0.34185925126075745
0.7379152774810791
0.23913033306598663
0.054557930678129196
0.30451688170433044
0.9730624556541443
0.24321088194847107
0.5655184388160706
0.3408491313457489
0.7863678336143494
0.42356762290000916
0.49363595247268677
0.37459394335746765
0.8575916290283203
0.27589526772499084
0.7828416228294373
0.5941710472106934
0.7750944495201111
0.042701367288827896
0.1834755539894104
0.14122113585472107
0.8383938074111938
0.07734288275241852
0.7545307874679565
0.20980970561504364
0.4391798973083496
0.26174381375312805
0.7604231834411621
0.17977501451969147
0.9866217970848083
0.31854748725891113
0.398082435131073
0.3907241225242615
0.23229911923408508
0.0438777320086956
0.7167298793792725
0.03717721253633499
0.015430103056132793
0.2407609522342682
0.12297628074884415
0.6357895731925964
0.9525107741355896
0.8137369751930237
0.6623898148536682
0.880328893661499
0.8380846977233887
0.10272710770368576
0.7637237310409546
0.13726024329662323
0.0018997307633981109
0.6988059878349304
0.4307427704334259
0.823066234588623
0.5533356666564941
0.3791256546974182
0.35584473609924316
0.18427887558937073
0.9690160155296326
0.5105775594711304
0.5667303204536438
0.4866529107093811
0.6328261494636536
0.7093775868415833
0.019231364130973816
0.4811469316482544
0.4201497733592987
0.20300038158893585
0.6974546909332275
0.628186821937561
0.08539125323295593
0.08433013409376144
0.9375414848327637
0.6154680252075195
0.27525630593299866
0.691871166229248
0.9907360076904297
0.5499410629272461
0.24571800231933594
0.9132596254348755
0.8797902464866638
0.1664033681154251
0.5154053568840027
0.2206457555294037
0.5926873683929443
0.3483351171016693
0.4375212490558624
0.38201531767845154
0.559175431728363
0.9692069292068481
0.2515779435634613
0.2851937711238861
0.19021004438400269
0.5528600811958313
0.8515233397483826
0.7678201198577881
0.4980078339576721
0.12947826087474823
0.5896553993225098
0.11495479196310043
0.04332422837615013
0.8550758361816406
0.7057650685310364
0.3724309206008911
0.5736915469169617
0.2210453301668167
0.5441259741783142
0.5181487798690796
0.27506253123283386
0.021298227831721306
0.7370700836181641
0.3759547472000122
0.26983076333999634
0.3813613951206207
0.433567076921463
0.24828629195690155
0.7526885271072388
0.747064471244812
0.16439186036586761
0.7963353991508484
0.14009350538253784
0.3384592533111572
0.7814455628395081
0.6127462983131409
0.7257649302482605
0.16771253943443298
0.5201036334037781
0.9123703837394714
0.5130527019500732
0.2395513504743576
0.42630237340927124
0.879175066947937
0.1602710485458374
0.2563475966453552
0.1536932736635208
0.6766589283943176
0.5834823250770569
0.8451758623123169
0.6056900024414062
0.3527657091617584
0.4006027281284332
0.03616965189576149
0.1612592190504074
0.6049463748931885
0.21412479877471924
0.3477016091346741
0.7248840928077698
0.4158865213394165
0.37498635053634644
0.3545365631580353
0.11398535221815109
0.743933379650116
0.44134607911109924
0.5416188836097717
0.8088101148605347
0.5405572056770325
0.15009725093841553
0.7312623262405396
0.8522242903709412
0.09960946440696716
0.3077473044395447
0.08083787560462952
0.48467880487442017
0.42625999450683594
0.9951995611190796
0.5072382092475891
0.7979954481124878
0.41669294238090515
0.9537507891654968
0.5815349221229553
0.9635869860649109
0.30106306076049805
0.21496587991714478
0.6994497776031494
0.344826340675354
0.9293801188468933
0.5954868793487549
0.5662871599197388
0.6442276239395142
0.11331657320261002
0.17706818878650665
0.2686057388782501
0.38999971747398376
0.3367399275302887
0.01926458440721035
0.6776614785194397
0.04244401305913925
0.18117760121822357
0.07682652771472931
0.046756207942962646
0.7246811389923096
0.2827938497066498
0.5769990682601929
0.7310754060745239
0.5118284821510315
0.1455812156200409
0.7614447474479675
0.9113772511482239
0.40325596928596497
0.570792555809021
0.33011677861213684
0.5001716017723083
0.7484080195426941
0.4529797434806824
0.006870375480502844
0.9821150302886963
0.7777837514877319
0.857768177986145
0.7364935874938965
0.38205718994140625
0.5261279344558716
0.7838728427886963
0.485588014125824
0.9929312467575073
0.4347226321697235
0.7667170763015747
0.43980345129966736
0.6473560333251953
0.42824453115463257
0.17415976524353027
0.5769404172897339
0.2730310261249542
0.412863552570343
0.6076568365097046
0.8493489623069763
0.6291772723197937
0.7064773440361023
0.18949247896671295
0.04724005609750748
0.9655572175979614
0.45623844861984253
0.31317704916000366
0.3818400502204895
0.6898422241210938
0.5074638724327087
0.46442344784736633
0.4183941185474396
0.14252077043056488
0.5715522170066833
0.8470247983932495
0.638428270816803
0.10172190517187119
0.48235002160072327
0.2281309962272644
0.6557154655456543
0.3127649128437042
0.4178565740585327
0.9354246854782104
0.11037490516901016
0.4851498603820801
0.5261475443840027
0.21655534207820892
0.6739062666893005
0.972979724407196
0.657072901725769
0.7814165353775024
0.00713105034083128
0.6769174933433533
0.5300465226173401
0.9521450996398926
0.48757246136665344
0.4491615295410156
0.7179259657859802
0.6276506781578064
0.12500351667404175
0.5325774550437927
0.5362779498100281
0.7178722023963928
0.7948952317237854
0.004994410090148449
0.5333473682403564
0.7858271598815918
0.18245413899421692
0.5723423957824707
0.48538193106651306
0.5576353669166565
0.517034113407135
0.25667014718055725
0.8109632730484009
0.5254834890365601
0.7485997676849365
0.26616740226745605
0.17469540238380432
0.34904056787490845
0.014206464402377605
0.02021481655538082
0.4054323732852936
0.3708131015300751
0.36015585064888
0.38168075680732727
0.13449563086032867
0.6609100699424744
0.6121789813041687
0.9523443579673767
0.4593871533870697
0.3680902421474457
0.5939146876335144
0.30321061611175537
0.8003073930740356
0.9558798670768738
0.10000147670507431
0.09550680220127106
0.012759256176650524
0.884270429611206
0.8740535378456116
0.19490830600261688
0.7666573524475098
0.10925588756799698
0.07016605883836746
0.35044267773628235
0.7962799668312073
0.6146988868713379
0.07980325073003769
0.7706959843635559
0.24032655358314514
0.09787354618310928
0.1420794129371643
0.6220077872276306
0.0917738601565361
0.38557547330856323
0.11922501027584076
0.8377630710601807
0.012161043472588062
0.5343536138534546
0.4034157991409302
0.1908140331506729
0.5276786684989929
0.3838561773300171
0.587164580821991
0.7762019038200378
0.47465980052948
0.49521809816360474
0.965778648853302
0.19112031161785126
0.8204519152641296
0.24222764372825623
0.4822179079055786
0.20683421194553375
0.8051160573959351
0.9477766752243042
0.7343820929527283
0.32609787583351135
0.9147742986679077
0.04673398658633232
0.4089166522026062
0.17589926719665527
0.6895802021026611
0.5737103819847107
0.06409446895122528
0.21121995151042938
0.9887189269065857
0.7114027142524719
0.3886427581310272
0.7867438197135925
0.7068657279014587
0.21455532312393188
0.18780335783958435
0.025144442915916443
0.8078208565711975
0.12927718460559845
0.5071342587471008
0.06394559890031815
0.9474954009056091
0.9151727557182312
0.40552765130996704
0.49863773584365845
0.20242814719676971
0.23611371219158173
0.01587582752108574
0.6841393709182739
0.48291391134262085
0.9407638907432556
0.37593919038772583
0.8333627581596375
0.6766643524169922
0.5026764273643494
0.939579963684082
0.5528433322906494
0.7114923000335693
0.9547849893569946
0.8668370842933655
0.48310723900794983
0.23797498643398285
0.0631583109498024
0.11986123770475388
0.7095611095428467
0.23513062298297882
0.30631041526794434
0.6043131351470947
0.40898236632347107
0.929866373538971
0.42687132954597473
0.31652793288230896
0.9531481266021729
0.42777183651924133
0.3418322205543518
0.8152111768722534
0.5983890295028687
0.8286955952644348
0.13289973139762878
0.9491804242134094
0.565069317817688
0.3458271622657776
0.9691399335861206
0.17698794603347778
0.22001397609710693
0.9116498827934265
0.15411287546157837
0.5788612365722656
0.6620917916297913
0.9381831884384155
0.5436010360717773
0.9049559235572815
0.24856984615325928
0.6521774530410767
0.7187339663505554
0.9623083472251892
0.9435557126998901
0.5723200440406799
0.825114369392395
0.133209690451622
0.10980259627103806
0.16955198347568512
0.6091178059577942
0.5446042418479919
0.2410440444946289
0.49832284450531006
0.7461905479431152
0.858517050743103
0.5341233015060425
0.11984363198280334
0.276862770318985
0.22116003930568695
0.37228286266326904
0.028129614889621735
0.9824425578117371
0.8906018137931824
0.35639405250549316
0.3077643811702728
0.4511863887310028
0.5887699127197266
0.2333655208349228
0.7457039952278137
0.22504699230194092
0.9495878219604492
0.7777699828147888
0.8475134372711182
0.8779780268669128
0.7945582270622253
0.05059745907783508
0.8269205689430237
0.6213342547416687
0.9620835185050964
0.5681418180465698
0.2899191081523895
0.3696131110191345
0.3396526873111725
0.49880340695381165
0.4520550072193146
0.3173185884952545
0.14760394394397736
0.9517831206321716
0.30058109760284424
0.4439517855644226
0.964851975440979
0.58770751953125
0.4069518446922302
0.38831424713134766
0.23316867649555206
0.6220397353172302
0.9423105716705322
0.450604110956192
0.899190366268158
0.25368595123291016
0.9713200330734253
0.9148038625717163
0.514580249786377
0.3430314064025879
0.8581660389900208
0.8598050475120544
0.4345174729824066
0.7188746333122253
0.39390724897384644
0.045195020735263824
0.19465474784374237
0.8748185038566589
0.6001755595207214
0.5546289086341858
0.3808552622795105
0.6774384379386902
0.2760789692401886
0.34707796573638916
0.49535050988197327
0.7603275775909424
0.5179735422134399
0.4196760952472687
0.8380270004272461
0.5562503933906555
0.19890829920768738
0.93178790807724
0.16818156838417053
0.9526656866073608
0.18782542645931244
0.980256199836731
0.5183190107345581
0.8946274518966675
0.9820396304130554
0.05618668720126152
0.23397240042686462
0.612269401550293
0.12718503177165985
0.9995636343955994
0.6930787563323975
0.2263246774673462
0.8632220029830933
0.5481040477752686
0.8565735816955566
0.5428850650787354
0.3771708309650421
0.9425028562545776
0.4046642780303955
0.1436947137117386
0.2390177845954895
0.9160394072532654
0.8312405943870544
0.8699701428413391
0.00024657222093082964
0.4630335569381714
0.32979026436805725
0.692034900188446
0.26699575781822205
0.9190720319747925
0.9982254505157471
0.805993378162384
0.5471587777137756
0.8283984065055847
0.6457468867301941
0.4244826138019562
0.4211799204349518
0.7354933619499207
0.7394076585769653
0.6807595491409302
0.5021763443946838
0.39454883337020874
0.11094462126493454
0.42201125621795654
0.8341708779335022
0.7257960438728333
0.6864316463470459
0.8580417037010193
0.7446738481521606
0.027383984997868538
0.32997751235961914
0.04384223744273186
0.973672091960907
0.27779823541641235
0.736487865447998
0.32382357120513916
0.6712796092033386
0.03795556351542473
0.5236086249351501
0.37189292907714844
0.5714486837387085
0.7999134063720703
0.09372676908969879
0.9360082149505615
0.32497110962867737
0.1684739589691162
0.7017465233802795
0.8711576461791992
0.9055541753768921
0.5988643169403076
0.45976075530052185
0.5426520705223083
0.4216303825378418
0.06177786365151405
0.5663477778434753
0.7933470606803894
0.8244627714157104
0.6397602558135986
0.8951274752616882
0.6245666742324829
0.9678983688354492
0.5579824447631836
0.3000476658344269
0.12132995575666428
0.2830726206302643
0.7845831513404846
0.8056464791297913
0.7100740671157837
0.9553981423377991
0.5696578621864319
0.20477519929409027
0.04614511504769325
0.10843382030725479
0.09451519697904587
0.7849808931350708
0.35466548800468445
0.4669140875339508
0.27222713828086853
0.4947923421859741
0.3126688301563263
0.9567970633506775
0.9957498908042908
0.9080734848976135
0.23604260385036469
0.5767691731452942
0.22083234786987305
0.946439266204834
0.8703601360321045
0.6204426884651184
0.9794034361839294
0.33452582359313965
0.8989303112030029
0.9837933778762817
0.47262364625930786
0.4404347240924835
0.32659298181533813
0.15484318137168884
0.5441248416900635
0.961519181728363
0.5443498492240906
0.5901709794998169
0.5494017004966736
0.015514561906456947
0.11219871789216995
0.7064340114593506
0.5037582516670227
0.9253768920898438
0.379486620426178
0.803388774394989
0.9365666508674622
0.08788790553808212
0.06854768842458725
0.8144322633743286
0.6192136406898499
0.39430463314056396
0.5118144750595093
0.8764304518699646
0.7954968214035034
0.9342527389526367
0.24425147473812103
0.31986498832702637
0.902349591255188
0.3729289770126343
0.35842999815940857
0.5655770301818848
0.14984476566314697
0.5181882977485657
0.42898857593536377
0.9539533257484436
0.07766182720661163
0.9854989051818848
0.7471455931663513
0.8965342044830322
0.19823607802391052
0.46674269437789917
0.6700677871704102
0.25208935141563416
0.633809506893158
0.480076402425766
0.3473977744579315
0.1586020290851593
0.253895103931427
0.20654501020908356
0.808455228805542
0.3009491264820099
0.7863812446594238
0.4755336344242096
0.00892607495188713
0.6321603059768677
0.18660448491573334
0.7637655735015869
0.9390685558319092
0.5404214859008789
0.7497114539146423
0.5750499367713928
0.8587860465049744
0.90508633852005
0.7968018651008606
0.9554715752601624
0.8332014083862305
0.8786044716835022
0.7484131455421448
0.3139217495918274
0.12261095643043518
0.7096047401428223
0.46263158321380615
0.8915318250656128
0.6413927674293518
0.9496058821678162
0.42381924390792847
0.7668822407722473
0.03706662356853485
0.4037002921104431
0.8814517855644226
0.3867260217666626
0.9557365775108337
0.932054340839386
0.735092043876648
0.6647313833236694
0.08292411267757416
0.07077474892139435
0.1283850222826004
0.5813559889793396
0.12261079996824265
0.547551155090332
0.2357083410024643
0.267021507024765
0.05755799263715744
0.19828426837921143
0.32917559146881104
0.18662935495376587
0.5142842531204224
0.6634470820426941
0.0013471958227455616
0.9295922517776489
0.43835827708244324
0.6846828460693359
0.3775021731853485
0.2942698299884796
0.845514714717865
0.999613881111145
0.26571884751319885
0.30481985211372375
0.007344154641032219
0.70622718334198
0.08907228708267212
0.8845384120941162
0.12044747918844223
0.047829363495111465
0.14523105323314667
0.24142979085445404
0.7322834730148315
0.5556818246841431
0.36838194727897644
0.6228662133216858
0.0735556110739708
0.13613921403884888
0.8297974467277527
0.5145834684371948
0.9375314116477966
0.872542679309845
0.8375099301338196
0.08927325159311295
0.19891183078289032
0.7629678249359131
0.6296624541282654
0.2057262808084488
0.8287447690963745
0.7146492600440979
0.43544429540634155
0.6951079964637756
0.15606103837490082
0.8887321949005127
0.5460471510887146
0.1663672775030136
0.1110961064696312
0.47359246015548706
0.3763759434223175
0.2506412863731384
0.736503541469574
0.7810666561126709
0.4616316556930542
0.5669769048690796
0.01611284539103508
0.01782713644206524
0.7732915282249451
0.0074237496592104435
0.8054361343383789
0.30796492099761963
0.7229637503623962
0.8037571310997009
0.937330424785614
0.028800206258893013
0.7041047811508179
0.6426167488098145
0.6800640821456909
0.8390052914619446
0.88734370470047
0.7300018668174744
0.15676932036876678
0.5412185192108154
0.4219527244567871
0.696976363658905
0.7189772129058838
0.19895046949386597
0.7167934775352478
0.12155698984861374
0.31038418412208557
0.7480292916297913
0.13419100642204285
0.03154285252094269
0.4602079391479492
0.9376830458641052
0.5213053822517395
0.7947341203689575
0.1235872134566307
0.46196693181991577
0.034351397305727005
0.31076866388320923
0.1815936118364334
0.11510434746742249
0.6529325246810913
0.5217248797416687
0.3380541503429413
0.10051795095205307
0.5100950002670288
0.3328559994697571
0.8820141553878784
0.4234040379524231
0.10659150034189224
0.05123722180724144
0.7551620006561279
0.7804682850837708
0.4913925230503082
0.7307139039039612
0.3520594537258148
0.560110330581665
0.8229609131813049
0.24883845448493958
0.879242479801178
0.971412718296051
0.08783118426799774
0.15515868365764618
0.9763927459716797
0.6370723843574524
0.9715080857276917
0.017272688448429108
0.1445818990468979
0.4100555181503296
0.4806498885154724
0.7416490316390991
0.39409133791923523
0.4062628149986267
0.7902969121932983
0.1363581269979477
0.5969110727310181
0.9728795289993286
0.9306390881538391
0.06482906639575958
0.63005131483078
0.040866438299417496
0.6013488173484802
0.8674864172935486
0.7977252006530762
0.7424994111061096
0.41427314281463623
0.6528950929641724
0.5751747488975525
0.4040883183479309
0.08357562124729156
0.7238502502441406
0.9178338050842285
0.8652065396308899
0.05477350950241089
0.5246735215187073
0.6508482694625854
0.0478459857404232
0.5968176126480103
0.7731094360351562
0.37523195147514343
0.804752767086029
0.005503557622432709
0.8893589377403259
0.7535032629966736
0.15881313383579254
0.4765271842479706
0.7563971877098083
0.1933882087469101
0.9652389883995056
0.5783383250236511
0.418437659740448
0.03507183864712715
0.9096869826316833
0.13230060040950775
0.696952760219574
0.752740204334259
0.33477774262428284
0.7521799206733704
0.6911461353302002
0.5445681214332581
0.9397121071815491
0.7871443033218384
0.39259782433509827
0.33039844036102295
0.2943677306175232
0.22390614449977875
0.4562716484069824
0.11106853187084198
0.5170565247535706
0.96250981092453
0.35236620903015137
0.8945258855819702
0.9726158976554871
0.9664999842643738
0.9124599099159241
0.5852197408676147
0.38195860385894775
0.2637197971343994
0.4398699402809143
0.052100639790296555
0.2727169990539551
0.8768802881240845
0.8646134734153748
0.5620529651641846
0.9125116467475891
0.5274742245674133
0.4320348799228668
0.2561526596546173
0.8955726027488708
0.7539005875587463
0.8111516833305359
0.4710407853126526
0.43456146121025085
0.39648932218551636
0.36699068546295166
0.10852166265249252
0.7663659453392029
0.47552764415740967
0.3841434419155121
0.3653780519962311
0.4700806736946106
0.46584975719451904
0.4413115680217743
0.9794085025787354
0.7716959118843079
0.08790846168994904
0.6344506144523621
0.8927621245384216
0.6231408715248108
0.28498247265815735
0.7795935273170471
0.14293043315410614
0.14971913397312164
0.4496070146560669
0.39398714900016785
0.6710761785507202
0.969789445400238
0.4220935106277466
0.35077226161956787
0.4852367639541626
0.655998945236206
0.6234135627746582
0.6020351052284241
0.11755506694316864
0.43264782428741455
0.8597530722618103
0.8526244163513184
0.5113153457641602
0.6137855648994446
0.6822202801704407
0.6168593168258667
0.1634279191493988
0.9602974057197571
0.3911532163619995
0.3135620355606079
0.9452369213104248
0.6457769870758057
0.35785114765167236
0.8692572116851807
0.2731221616268158
0.5866697430610657
0.23310096561908722
0.0234468225389719
0.8034566044807434
0.15800216794013977
0.33313125371932983
0.36002278327941895
0.3580828607082367
0.39164456725120544
0.15436382591724396
0.9300293922424316
0.19383618235588074
0.5573954582214355
0.49592873454093933
0.9249168038368225
0.9080179929733276
0.08390927314758301
0.3910951018333435
0.991024374961853
0.6555668115615845
0.8473775386810303
0.6348897814750671
0.7165005207061768
0.0952204018831253
0.6934410333633423
0.4216991066932678
0.4279208481311798
0.4020404517650604
0.24859760701656342
0.32269981503486633
0.8438853025436401
0.12928307056427002
0.8346177935600281
0.8785305023193359
0.07054224610328674
0.38982072472572327
0.541959285736084
0.9770494103431702
0.14648401737213135
0.0035969140008091927
0.955603301525116
0.05706081539392471
0.4446466863155365
0.4538002014160156
0.4220588505268097
0.2163078784942627
0.9489390254020691
0.3458992540836334
0.6914882063865662
0.572911262512207
0.553921103477478
0.8735670447349548
0.00858450960367918
0.9002462029457092
0.41454800963401794
0.8753126859664917
0.46662047505378723
0.2927466034889221
0.04729592800140381
0.08745882660150528
0.09764628112316132
0.17181654274463654
0.5127466917037964
0.12128826975822449
0.8381271362304688
0.7058956623077393
0.06214127689599991
0.37144455313682556
0.998890221118927
0.3581319749355316
0.8318639993667603
0.017250586301088333
0.8163205981254578
0.15072402358055115
0.10649120807647705
0.5739469528198242
0.32465529441833496
0.46556204557418823
0.6885464787483215
0.2797766625881195
0.9090980291366577
0.12688590586185455
0.43917083740234375
0.4192196726799011
0.7170816659927368
0.2745652198791504
0.4024990499019623
0.2607266306877136
0.789049506187439
0.33317679166793823
0.39043813943862915
0.2867591083049774
