ConfigName: kjsd__advperagentrankweighted__M4__L12__eps0p01__g0p0005__ds0p2__dm0p05
Problem: QUBO
Kernel: jsd
Advantage: peragentrankweighted
M: 4
lambda: 12
epsilon_svgd: 0.01
gamma: 0.0005
decay_start_ratio: 0.2
decay_min_factor: 0.05
bandwith_kernel: None
no_interact: False
avg_score: -440.5799865722656
median_score: -442.5
std_score: 27.789630889892578
percentiles: 2%=-490.0400085449219, 5%=-479.20001220703125, 10%=-477.0, 25%=-461.25, 50%=-442.5, 75%=-419.0, 90%=-406.70001220703125, 95%=-391.75, 98%=-383.9800109863281
ranking_best_algo: CMApara
ranking_best_score: 453.82
ranking_my_rank: 14/504 (97.4%)
ranking_my_percent: 97.42063492063492
