ConfigName: kjsd__advperagentrankweighted__M8__L24__eps0p005__g0p0005__ds0p05__dm0p05
Problem: QUBO
Kernel: jsd
Advantage: peragentrankweighted
M: 8
lambda: 24
epsilon_svgd: 0.005
gamma: 0.0005
decay_start_ratio: 0.05
decay_min_factor: 0.05
bandwith_kernel: None
no_interact: False
avg_score: -140.8800048828125
median_score: -142.0
std_score: 10.636992454528809
percentiles: 2%=-159.02000427246094, 5%=-158.0500030517578, 10%=-156.10000610351562, 25%=-148.0, 50%=-142.0, 75%=-133.75, 90%=-127.0, 95%=-124.9000015258789, 98%=-119.9800033569336
ranking_best_algo: DiscreteDE
ranking_best_score: 143.4
ranking_my_rank: 74/504 (85.5%)
ranking_my_percent: 85.51587301587301
