ConfigName: kjsd__advperagentrankweighted__M3__L18__eps0p005__g0p001__ds0p1__dm0p1
Problem: NK
Kernel: jsd
Advantage: peragentrankweighted
M: 3
lambda: 18
epsilon_svgd: 0.005
gamma: 0.001
decay_start_ratio: 0.1
decay_min_factor: 0.1
bandwith_kernel: None
no_interact: False
avg_score: 0.7481157779693604
median_score: 0.7469330430030823
std_score: 0.010191818699240685
percentiles: 2%=0.7311988472938538, 5%=0.7335872054100037, 10%=0.7356802225112915, 25%=0.7403924465179443, 50%=0.7469330430030823, 75%=0.7555812001228333, 90%=0.7614593505859375, 95%=0.7654029726982117, 98%=0.767781138420105
ranking_best_algo: PBIL
ranking_best_score: 0.733570253046875
ranking_my_rank: 1/504 (100.0%)
ranking_my_percent: 100.0
