ConfigName: kjsd__advperagentrankweighted__M3__L18__eps0p01__g0p0007__ds0p05__dm0p2
Problem: QUBO
Kernel: jsd
Advantage: peragentrankweighted
M: 3
lambda: 18
epsilon_svgd: 0.01
gamma: 0.0007
decay_start_ratio: 0.05
decay_min_factor: 0.2
bandwith_kernel: None
no_interact: False
avg_score: -198.3000030517578
median_score: -197.0
std_score: 11.647746086120605
percentiles: 2%=-222.0, 5%=-219.0, 10%=-213.0, 25%=-207.0, 50%=-197.0, 75%=-188.75, 90%=-183.0, 95%=-180.0, 98%=-177.97999572753906
ranking_best_algo: Tabu
ranking_best_score: 208.36000000000004
ranking_my_rank: 99/504 (80.6%)
ranking_my_percent: 80.55555555555556
