ConfigName: kjsd__advperagentrankweighted__M3__L20__eps0p007__g0p001__ds0p1__dm0p1
Problem: QUBO
Kernel: jsd
Advantage: peragentrankweighted
M: 3
lambda: 20
epsilon_svgd: 0.007
gamma: 0.001
decay_start_ratio: 0.1
decay_min_factor: 0.1
bandwith_kernel: None
no_interact: False
avg_score: -1198.8199462890625
median_score: -1193.0
std_score: 64.87825012207031
percentiles: 2%=-1355.0799560546875, 5%=-1329.5, 10%=-1277.5999755859375, 25%=-1236.75, 50%=-1193.0, 75%=-1151.75, 90%=-1121.9000244140625, 95%=-1100.8499755859375, 98%=-1088.8199462890625
ranking_best_algo: Tabu
ranking_best_score: 1216.16
ranking_my_rank: 44/504 (91.5%)
ranking_my_percent: 91.46825396825396
