ConfigName: krbf__advnormalizedfitness__M4__L8__eps0p025__g0p01__ds0p05__dm0p05
Problem: NK
Kernel: rbf
Advantage: normalizedfitness
M: 4
lambda: 8
epsilon_svgd: 0.025
gamma: 0.01
decay_start_ratio: 0.05
decay_min_factor: 0.05
bandwith_kernel: None
no_interact: False
avg_score: 0.6931459307670593
median_score: 0.6937791109085083
std_score: 0.021075285971164703
percentiles: 2%=0.655164361000061, 5%=0.6557992100715637, 10%=0.665807843208313, 25%=0.6779089570045471, 50%=0.6937791109085083, 75%=0.7081347703933716, 90%=0.721674919128418, 95%=0.7260027527809143, 98%=0.7298673987388611
ranking_best_algo: Tabu
ranking_best_score: 0.7429702712499999
ranking_my_rank: 237/504 (53.2%)
ranking_my_percent: 53.17460317460318
