ConfigName: krbf__advnormalizedfitness__M4__L12__eps0p025__g0p005__ds0p15__dm0p3
Problem: QUBO
Kernel: rbf
Advantage: normalizedfitness
M: 4
lambda: 12
epsilon_svgd: 0.025
gamma: 0.005
decay_start_ratio: 0.15
decay_min_factor: 0.3
bandwith_kernel: None
no_interact: False
avg_score: -1211.199951171875
median_score: -1215.5
std_score: 77.69903564453125
percentiles: 2%=-1355.0799560546875, 5%=-1333.199951171875, 10%=-1308.5, 25%=-1266.25, 50%=-1215.5, 75%=-1159.25, 90%=-1109.4000244140625, 95%=-1092.4000244140625, 98%=-1042.4798583984375
ranking_best_algo: BigLognormalDiscreteOnePlusOne
ranking_best_score: 1301.3600000000004
ranking_my_rank: 82/504 (83.9%)
ranking_my_percent: 83.92857142857143
