ConfigName: kjsd__advperagentrankweighted__M4__L10__eps0p02__g0p0005__ds0p2__dm0p05
Problem: NK
Kernel: jsd
Advantage: peragentrankweighted
M: 4
lambda: 10
epsilon_svgd: 0.02
gamma: 0.0005
decay_start_ratio: 0.2
decay_min_factor: 0.05
bandwith_kernel: None
no_interact: False
avg_score: 0.7099116444587708
median_score: 0.6985580325126648
std_score: 0.03127099573612213
percentiles: 2%=0.6726069450378418, 5%=0.6744096279144287, 10%=0.6757414937019348, 25%=0.6809905171394348, 50%=0.6985580325126648, 75%=0.7447583675384521, 90%=0.7535377144813538, 95%=0.7586009502410889, 98%=0.7613165378570557
ranking_best_algo: CMApara
ranking_best_score: 0.7118996098437498
ranking_my_rank: 44/504 (91.5%)
ranking_my_percent: 91.46825396825396
