ConfigName: kjsd__advperagentrankweighted__M3__L16__eps0p01__g0p001__ds0p05__dm0p05
Problem: NK
Kernel: jsd
Advantage: peragentrankweighted
M: 3
lambda: 16
epsilon_svgd: 0.01
gamma: 0.001
decay_start_ratio: 0.05
decay_min_factor: 0.05
bandwith_kernel: None
no_interact: False
avg_score: 0.7098855376243591
median_score: 0.7109535336494446
std_score: 0.015267971903085709
percentiles: 2%=0.669845700263977, 5%=0.6739369630813599, 10%=0.6957764029502869, 25%=0.7062487006187439, 50%=0.7109535336494446, 75%=0.7180062532424927, 90%=0.7249212265014648, 95%=0.7326699495315552, 98%=0.7333248853683472
ranking_best_algo: CMApara
ranking_best_score: 0.707475975
ranking_my_rank: 1/504 (100.0%)
ranking_my_percent: 100.0
