ConfigName: kjsd__advperagentrankweighted__M4__L20__eps0p005__g0p001__ds0p05__dm0p05
Problem: NK
Kernel: jsd
Advantage: peragentrankweighted
M: 4
lambda: 20
epsilon_svgd: 0.005
gamma: 0.001
decay_start_ratio: 0.05
decay_min_factor: 0.05
bandwith_kernel: None
no_interact: False
avg_score: 0.7396553158760071
median_score: 0.7390502691268921
std_score: 0.015339391306042671
percentiles: 2%=0.7054173350334167, 5%=0.7187690734863281, 10%=0.7212986946105957, 25%=0.7276644706726074, 50%=0.7390502691268921, 75%=0.7497979998588562, 90%=0.7614398002624512, 95%=0.7663662433624268, 98%=0.7710616588592529
ranking_best_algo: Tabu
ranking_best_score: 0.7601875690625
ranking_my_rank: 15/504 (97.2%)
ranking_my_percent: 97.22222222222223
