ConfigName: kjsd__advperagentrankweighted__M5__L8__eps0p01__g0p0005__ds0p05__dm0p05
Problem: QUBO
Kernel: jsd
Advantage: peragentrankweighted
M: 5
lambda: 8
epsilon_svgd: 0.01
gamma: 0.0005
decay_start_ratio: 0.05
decay_min_factor: 0.05
bandwith_kernel: None
no_interact: False
avg_score: -1615.3800048828125
median_score: -1611.0
std_score: 66.4842529296875
percentiles: 2%=-1761.06005859375, 5%=-1727.3499755859375, 10%=-1689.699951171875, 25%=-1661.0, 50%=-1611.0, 75%=-1576.5, 90%=-1530.4000244140625, 95%=-1497.949951171875, 98%=-1484.56005859375
ranking_best_algo: NLOPT_LN_PRAXIS
ranking_best_score: 1607.12
ranking_my_rank: 1/504 (100.0%)
ranking_my_percent: 100.0
