ConfigName: krbf__advnormalizedfitness__M4__L12__eps0p033__g0p005__ds0p3__dm0p3
Problem: QUBO
Kernel: rbf
Advantage: normalizedfitness
M: 4
lambda: 12
epsilon_svgd: 0.033
gamma: 0.005
decay_start_ratio: 0.3
decay_min_factor: 0.3
bandwith_kernel: None
no_interact: False
avg_score: -574.5800170898438
median_score: -571.5
std_score: 29.73387908935547
percentiles: 2%=-630.02001953125, 5%=-623.0499877929688, 10%=-614.0, 25%=-599.0, 50%=-571.5, 75%=-552.0, 90%=-536.9000244140625, 95%=-531.9500122070312, 98%=-523.9599609375
ranking_best_algo: Tabu
ranking_best_score: 588.7199999999999
ranking_my_rank: 57/503 (88.9%)
ranking_my_percent: 88.86679920477137
