ConfigName: kfr__advglobalrankweighted__M2__L11__eps0p015__g0p005__ds0p01__dm0p01
Problem: QUBO
Kernel: fr
Advantage: globalrankweighted
M: 2
lambda: 11
epsilon_svgd: 0.015
gamma: 0.005
decay_start_ratio: 0.01
decay_min_factor: 0.01
bandwith_kernel: None
no_interact: False
avg_score: -1237.219970703125
median_score: -1228.0
std_score: 65.96492767333984
percentiles: 2%=-1363.3399658203125, 5%=-1344.0, 10%=-1337.199951171875, 25%=-1285.0, 50%=-1228.0, 75%=-1188.5, 90%=-1154.5999755859375, 95%=-1138.9000244140625, 98%=-1128.919921875
ranking_best_algo: SVMMetaModelLogNormal
ranking_best_score: 1233.7999999999997
ranking_my_rank: 1/504 (100.0%)
ranking_my_percent: 100.0
