ConfigName: krbf__advnormalizedfitness__M3__L8__eps0p025__g0p005__ds0p3__dm0p01
Problem: QUBO
Kernel: rbf
Advantage: normalizedfitness
M: 3
lambda: 8
epsilon_svgd: 0.025
gamma: 0.005
decay_start_ratio: 0.3
decay_min_factor: 0.01
bandwith_kernel: None
no_interact: False
avg_score: -434.67999267578125
median_score: -438.5
std_score: 25.756895065307617
percentiles: 2%=-475.1199951171875, 5%=-473.1000061035156, 10%=-466.20001220703125, 25%=-453.0, 50%=-438.5, 75%=-414.75, 90%=-399.0, 95%=-392.9000244140625, 98%=-389.6399230957031
ranking_best_algo: CMApara
ranking_best_score: 453.82
ranking_my_rank: 38/504 (92.7%)
ranking_my_percent: 92.65873015873017
