ConfigName: kfr__advglobalrankweighted__M3__L8__eps0p01__g0p007__ds0p01__dm0p01
Problem: QUBO
Kernel: fr
Advantage: globalrankweighted
M: 3
lambda: 8
epsilon_svgd: 0.01
gamma: 0.007
decay_start_ratio: 0.01
decay_min_factor: 0.01
bandwith_kernel: None
no_interact: False
avg_score: -578.1199951171875
median_score: -575.0
std_score: 25.086761474609375
percentiles: 2%=-627.0, 5%=-625.0, 10%=-613.2000122070312, 25%=-596.0, 50%=-575.0, 75%=-560.5, 90%=-549.9000244140625, 95%=-535.9500122070312, 98%=-530.8800048828125
ranking_best_algo: Tabu
ranking_best_score: 588.7199999999999
ranking_my_rank: 42/503 (91.8%)
ranking_my_percent: 91.84890656063618
