ConfigName: kjsd__advperagentrankweighted__M10__L24__eps0p005__g0p0005__ds0p3__dm0p05
Problem: QUBO
Kernel: jsd
Advantage: peragentrankweighted
M: 10
lambda: 24
epsilon_svgd: 0.005
gamma: 0.0005
decay_start_ratio: 0.3
decay_min_factor: 0.05
bandwith_kernel: None
no_interact: False
avg_score: -703.4400024414062
median_score: -692.5
std_score: 69.13166046142578
percentiles: 2%=-858.6400146484375, 5%=-820.5499877929688, 10%=-788.0, 25%=-748.0, 50%=-692.5, 75%=-660.5, 90%=-622.9000244140625, 95%=-610.9500122070312, 98%=-580.9199829101562
ranking_best_algo: NLOPT_LN_PRAXIS
ranking_best_score: 1607.12
ranking_my_rank: 372/504 (26.4%)
ranking_my_percent: 26.38888888888889
