ConfigName: kjsd__advperagentrankweighted__M10__L28__eps0p008__g0p0005__ds0p05__dm0p05
Problem: QUBO
Kernel: jsd
Advantage: peragentrankweighted
M: 10
lambda: 28
epsilon_svgd: 0.008
gamma: 0.0005
decay_start_ratio: 0.05
decay_min_factor: 0.05
bandwith_kernel: None
no_interact: False
avg_score: -390.29998779296875
median_score: -389.5
std_score: 34.93007278442383
percentiles: 2%=-455.20001220703125, 5%=-447.20001220703125, 10%=-437.20001220703125, 25%=-416.0, 50%=-389.5, 75%=-362.5, 90%=-344.8999938964844, 95%=-337.75, 98%=-328.9800109863281
ranking_best_algo: CMAL3
ranking_best_score: 435.36
ranking_my_rank: 265/504 (47.6%)
ranking_my_percent: 47.61904761904762
