ConfigName: krbf__advnormalizedfitness__M2__L11__eps0p02__g0p007__ds0p01__dm0p01
Problem: QUBO
Kernel: rbf
Advantage: normalizedfitness
M: 2
lambda: 11
epsilon_svgd: 0.02
gamma: 0.007
decay_start_ratio: 0.01
decay_min_factor: 0.01
bandwith_kernel: None
no_interact: False
avg_score: -578.3599853515625
median_score: -577.5
std_score: 32.80290222167969
percentiles: 2%=-638.0399780273438, 5%=-624.25, 10%=-617.2999877929688, 25%=-605.0, 50%=-577.5, 75%=-557.0, 90%=-534.7999877929688, 95%=-515.9500122070312, 98%=-506.9599914550781
ranking_best_algo: Tabu
ranking_best_score: 588.7199999999999
ranking_my_rank: 42/503 (91.8%)
ranking_my_percent: 91.84890656063618
