ConfigName: krbf__advnormalizedfitness__M2__L8__eps0p015__g0p015__ds0p3__dm0p3
Problem: QUBO
Kernel: rbf
Advantage: normalizedfitness
M: 2
lambda: 8
epsilon_svgd: 0.015
gamma: 0.015
decay_start_ratio: 0.3
decay_min_factor: 0.3
bandwith_kernel: None
no_interact: False
avg_score: -328.79998779296875
median_score: -334.0
std_score: 23.218957901000977
percentiles: 2%=-372.0, 5%=-361.54998779296875, 10%=-354.29998779296875, 25%=-346.0, 50%=-334.0, 75%=-312.75, 90%=-296.0, 95%=-284.8500061035156, 98%=-278.0
ranking_best_algo: CMApara
ranking_best_score: 344.22
ranking_my_rank: 83/504 (83.7%)
ranking_my_percent: 83.73015873015873
