ConfigName: kjsd__advperagentrankweighted__M3__L16__eps0p01__g0p003__ds0p05__dm0p2
Problem: QUBO
Kernel: jsd
Advantage: peragentrankweighted
M: 3
lambda: 16
epsilon_svgd: 0.01
gamma: 0.003
decay_start_ratio: 0.05
decay_min_factor: 0.2
bandwith_kernel: None
no_interact: False
avg_score: -934.0999755859375
median_score: -927.0
std_score: 68.15196228027344
percentiles: 2%=-1070.0799560546875, 5%=-1053.1500244140625, 10%=-1024.0999755859375, 25%=-986.5, 50%=-927.0, 75%=-883.0, 90%=-847.0999755859375, 95%=-830.5999755859375, 98%=-818.9199829101562
ranking_best_algo: CMApara
ranking_best_score: 964.9
ranking_my_rank: 17/504 (96.8%)
ranking_my_percent: 96.82539682539682
