ConfigName: kjsd__advperagentrankweighted__M4__L12__eps0p005__g0p0005__ds0p1__dm0p2
Problem: QUBO
Kernel: jsd
Advantage: peragentrankweighted
M: 4
lambda: 12
epsilon_svgd: 0.005
gamma: 0.0005
decay_start_ratio: 0.1
decay_min_factor: 0.2
bandwith_kernel: None
no_interact: False
avg_score: -584.1599731445312
median_score: -584.0
std_score: 27.793066024780273
percentiles: 2%=-643.0399780273438, 5%=-633.2000122070312, 10%=-621.0, 25%=-603.25, 50%=-584.0, 75%=-565.0, 90%=-550.0, 95%=-540.9000244140625, 98%=-535.97998046875
ranking_best_algo: Tabu
ranking_best_score: 588.7199999999999
ranking_my_rank: 5/503 (99.2%)
ranking_my_percent: 99.20477137176938
