ConfigName: kjsd__advperagentrankweighted__M4__L8__eps0p005__g0p0005__ds0p4__dm0p2
Problem: NK
Kernel: jsd
Advantage: peragentrankweighted
M: 4
lambda: 8
epsilon_svgd: 0.005
gamma: 0.0005
decay_start_ratio: 0.4
decay_min_factor: 0.2
bandwith_kernel: None
no_interact: False
avg_score: 0.7065698504447937
median_score: 0.7088920474052429
std_score: 0.011931047774851322
percentiles: 2%=0.6863487958908081, 5%=0.6874250173568726, 10%=0.6900149583816528, 25%=0.6952895522117615, 50%=0.7088920474052429, 75%=0.7168896198272705, 90%=0.7212276458740234, 95%=0.7219869494438171, 98%=0.7238608598709106
ranking_best_algo: PBIL
ranking_best_score: 0.7013553837109374
ranking_my_rank: 1/504 (100.0%)
ranking_my_percent: 100.0
