ConfigName: krbf__advnormalizedfitness__M4__L8__eps0p015__g0p015__ds0p3__dm0p01
Problem: NK
Kernel: rbf
Advantage: normalizedfitness
M: 4
lambda: 8
epsilon_svgd: 0.015
gamma: 0.015
decay_start_ratio: 0.3
decay_min_factor: 0.01
bandwith_kernel: None
no_interact: False
avg_score: 0.743309497833252
median_score: 0.7421809434890747
std_score: 0.028979767113924026
percentiles: 2%=0.6984097957611084, 5%=0.7008112668991089, 10%=0.7057477235794067, 25%=0.7174123525619507, 50%=0.7421809434890747, 75%=0.7580187320709229, 90%=0.775226891040802, 95%=0.8044298887252808, 98%=0.8044312000274658
ranking_best_algo: CMApara
ranking_best_score: 0.7459277895312499
ranking_my_rank: 12/504 (97.8%)
ranking_my_percent: 97.81746031746032
