ConfigName: kjsd__advperagentrankweighted__M3__L18__eps0p005__g0p0007__ds0p2__dm0p2
Problem: QUBO
Kernel: jsd
Advantage: peragentrankweighted
M: 3
lambda: 18
epsilon_svgd: 0.005
gamma: 0.0007
decay_start_ratio: 0.2
decay_min_factor: 0.2
bandwith_kernel: None
no_interact: False
avg_score: -331.760009765625
median_score: -334.0
std_score: 21.554174423217773
percentiles: 2%=-372.0, 5%=-372.0, 10%=-350.29998779296875, 25%=-343.0, 50%=-334.0, 75%=-323.5, 90%=-307.3999938964844, 95%=-282.0, 98%=-275.9200134277344
ranking_best_algo: CMApara
ranking_best_score: 344.22
ranking_my_rank: 76/504 (85.1%)
ranking_my_percent: 85.11904761904762
