ConfigName: krbf__advnormalizedfitness__M4__L15__eps0p025__g0p01__ds0p01__dm0p01
Problem: NK
Kernel: rbf
Advantage: normalizedfitness
M: 4
lambda: 15
epsilon_svgd: 0.025
gamma: 0.01
decay_start_ratio: 0.01
decay_min_factor: 0.01
bandwith_kernel: None
no_interact: False
avg_score: 0.7001938819885254
median_score: 0.7034698724746704
std_score: 0.012031885795295238
percentiles: 2%=0.6812746524810791, 5%=0.6821236610412598, 10%=0.6835584044456482, 25%=0.689545750617981, 50%=0.7034698724746704, 75%=0.711480438709259, 90%=0.7145295739173889, 95%=0.7167145609855652, 98%=0.718745231628418
ranking_best_algo: PBIL
ranking_best_score: 0.7013553837109374
ranking_my_rank: 2/504 (99.8%)
ranking_my_percent: 99.8015873015873
