ConfigName: kjsd__advperagentrankweighted__M3__L18__eps0p007__g0p003__ds0p2__dm0p2
Problem: NK
Kernel: jsd
Advantage: peragentrankweighted
M: 3
lambda: 18
epsilon_svgd: 0.007
gamma: 0.003
decay_start_ratio: 0.2
decay_min_factor: 0.2
bandwith_kernel: None
no_interact: False
avg_score: 0.7097800970077515
median_score: 0.7105790376663208
std_score: 0.015994923189282417
percentiles: 2%=0.6792073249816895, 5%=0.6795756220817566, 10%=0.6883448362350464, 25%=0.6984438896179199, 50%=0.7105790376663208, 75%=0.7205514311790466, 90%=0.731009840965271, 95%=0.736572802066803, 98%=0.741422712802887
ranking_best_algo: PBIL
ranking_best_score: 0.733570253046875
ranking_my_rank: 73/504 (85.7%)
ranking_my_percent: 85.71428571428571
