ConfigName: kjsd__advperagentrankweighted__M3__L18__eps0p01__g0p001__ds0p05__dm0p05
Problem: QUBO
Kernel: jsd
Advantage: peragentrankweighted
M: 3
lambda: 18
epsilon_svgd: 0.01
gamma: 0.001
decay_start_ratio: 0.05
decay_min_factor: 0.05
bandwith_kernel: None
no_interact: False
avg_score: -425.70001220703125
median_score: -423.5
std_score: 24.852968215942383
percentiles: 2%=-477.0400085449219, 5%=-473.0, 10%=-458.1000061035156, 25%=-440.25, 50%=-423.5, 75%=-409.0, 90%=-395.0, 95%=-384.8999938964844, 98%=-379.9800109863281
ranking_best_algo: CMAL3
ranking_best_score: 435.36
ranking_my_rank: 26/504 (95.0%)
ranking_my_percent: 95.03968253968254
