ConfigName: kjsd__advperagentrankweighted__M5__L10__eps0p005__g0p003__ds0p05__dm0p05
Problem: QUBO
Kernel: jsd
Advantage: peragentrankweighted
M: 5
lambda: 10
epsilon_svgd: 0.005
gamma: 0.003
decay_start_ratio: 0.05
decay_min_factor: 0.05
bandwith_kernel: None
no_interact: False
avg_score: -1125.1400146484375
median_score: -1130.5
std_score: 90.43317413330078
percentiles: 2%=-1301.3599853515625, 5%=-1265.1500244140625, 10%=-1232.4000244140625, 25%=-1187.25, 50%=-1130.5, 75%=-1067.5, 90%=-1012.9000244140625, 95%=-962.2999877929688, 98%=-919.8599853515625
ranking_best_algo: Tabu
ranking_best_score: 1216.16
ranking_my_rank: 161/504 (68.3%)
ranking_my_percent: 68.25396825396825
