ConfigName: krbf__advnormalizedfitness__M3__L10__eps0p015__g0p005__ds0p3__dm0p3
Problem: NK
Kernel: rbf
Advantage: normalizedfitness
M: 3
lambda: 10
epsilon_svgd: 0.015
gamma: 0.005
decay_start_ratio: 0.3
decay_min_factor: 0.3
bandwith_kernel: None
no_interact: False
avg_score: 0.737265408039093
median_score: 0.7374739646911621
std_score: 0.008100410923361778
percentiles: 2%=0.7227827310562134, 5%=0.7234854698181152, 10%=0.7254408001899719, 25%=0.7333332300186157, 50%=0.7374739646911621, 75%=0.7435958981513977, 90%=0.7466710805892944, 95%=0.7505439519882202, 98%=0.7512516975402832
ranking_best_algo: PBIL
ranking_best_score: 0.730509098125
ranking_my_rank: 1/504 (100.0%)
ranking_my_percent: 100.0
