ConfigName: kjsd__advperagentrankweighted__M3__L20__eps0p007__g0p0005__ds0p1__dm0p2
Problem: QUBO
Kernel: jsd
Advantage: peragentrankweighted
M: 3
lambda: 20
epsilon_svgd: 0.007
gamma: 0.0005
decay_start_ratio: 0.1
decay_min_factor: 0.2
bandwith_kernel: None
no_interact: False
avg_score: -426.1600036621094
median_score: -427.0
std_score: 29.229684829711914
percentiles: 2%=-487.0400085449219, 5%=-475.0, 10%=-461.20001220703125, 25%=-447.75, 50%=-427.0, 75%=-409.0, 90%=-384.70001220703125, 95%=-374.70001220703125, 98%=-367.8399963378906
ranking_best_algo: CMAL3
ranking_best_score: 435.36
ranking_my_rank: 23/504 (95.6%)
ranking_my_percent: 95.63492063492063
