ConfigName: kfr__advglobalrankweighted__M6__L9__eps0p01__g0p003__ds0p01__dm0p01
Problem: QUBO
Kernel: fr
Advantage: globalrankweighted
M: 6
lambda: 9
epsilon_svgd: 0.01
gamma: 0.003
decay_start_ratio: 0.01
decay_min_factor: 0.01
bandwith_kernel: None
no_interact: False
avg_score: -568.6799926757812
median_score: -571.0
std_score: 30.40357780456543
percentiles: 2%=-619.1199951171875, 5%=-613.0499877929688, 10%=-608.0999755859375, 25%=-591.0, 50%=-571.0, 75%=-549.5, 90%=-523.0, 95%=-514.9000244140625, 98%=-500.9599914550781
ranking_best_algo: Tabu
ranking_best_score: 588.7199999999999
ranking_my_rank: 81/503 (84.1%)
ranking_my_percent: 84.09542743538768
