ConfigName: krbf__advnormalizedfitness__M1__L8__eps0p015__g0p005__ds0p3__dm0p3
Problem: QUBO
Kernel: rbf
Advantage: normalizedfitness
M: 1
lambda: 8
epsilon_svgd: 0.015
gamma: 0.005
decay_start_ratio: 0.3
decay_min_factor: 0.3
bandwith_kernel: None
no_interact: False
avg_score: -385.29998779296875
median_score: -390.0
std_score: 40.79595947265625
percentiles: 2%=-450.2200012207031, 5%=-435.0, 10%=-424.3999938964844, 25%=-410.5, 50%=-390.0, 75%=-359.75, 90%=-347.79998779296875, 95%=-330.0, 98%=-321.9599914550781
ranking_best_algo: Tabu
ranking_best_score: 438.12
ranking_my_rank: 263/504 (48.0%)
ranking_my_percent: 48.01587301587302
