ConfigName: kjsd__advperagentrankweighted__M5__L12__eps0p03__g0p0003__ds0p05__dm0p05
Problem: QUBO
Kernel: jsd
Advantage: peragentrankweighted
M: 5
lambda: 12
epsilon_svgd: 0.03
gamma: 0.0003
decay_start_ratio: 0.05
decay_min_factor: 0.05
bandwith_kernel: None
no_interact: False
avg_score: -136.72000122070312
median_score: -137.5
std_score: 11.570721626281738
percentiles: 2%=-158.02000427246094, 5%=-156.0500030517578, 10%=-151.0, 25%=-144.25, 50%=-137.5, 75%=-128.75, 90%=-119.0, 95%=-115.94999694824219, 98%=-115.0
ranking_best_algo: DiscreteDE
ranking_best_score: 143.4
ranking_my_rank: 206/504 (59.3%)
ranking_my_percent: 59.32539682539682
