ConfigName: krbf__advnormalizedfitness__M5__L15__eps0p025__g0p005__ds0p05__dm0p05
Problem: QUBO
Kernel: rbf
Advantage: normalizedfitness
M: 5
lambda: 15
epsilon_svgd: 0.025
gamma: 0.005
decay_start_ratio: 0.05
decay_min_factor: 0.05
bandwith_kernel: None
no_interact: False
avg_score: -556.5399780273438
median_score: -552.5
std_score: 36.984703063964844
percentiles: 2%=-628.0999755859375, 5%=-617.0999755859375, 10%=-604.7000122070312, 25%=-583.0, 50%=-552.5, 75%=-525.25, 90%=-509.79998779296875, 95%=-501.0, 98%=-490.9800109863281
ranking_best_algo: Tabu
ranking_best_score: 588.7199999999999
ranking_my_rank: 109/503 (78.5%)
ranking_my_percent: 78.52882703777335
