ConfigName: krbf__advglobalrankweighted__M4__L11__eps0p02__g0p007__ds0p01__dm0p01
Problem: QUBO
Kernel: rbf
Advantage: globalrankweighted
M: 4
lambda: 11
epsilon_svgd: 0.02
gamma: 0.007
decay_start_ratio: 0.01
decay_min_factor: 0.01
bandwith_kernel: None
no_interact: False
avg_score: -309.17999267578125
median_score: -312.0
std_score: 38.4183235168457
percentiles: 2%=-392.0, 5%=-382.20001220703125, 10%=-361.79998779296875, 25%=-332.0, 50%=-312.0, 75%=-276.0, 90%=-269.8999938964844, 95%=-257.8000183105469, 98%=-246.81996154785156
ranking_best_algo: CMApara
ranking_best_score: 319.29999999999995
ranking_my_rank: 81/504 (84.1%)
ranking_my_percent: 84.12698412698413
