ConfigName: kjsd__advperagentrankweighted__M5__L10__eps0p005__g0p0005__ds0p4__dm0p2
Problem: NK
Kernel: jsd
Advantage: peragentrankweighted
M: 5
lambda: 10
epsilon_svgd: 0.005
gamma: 0.0005
decay_start_ratio: 0.4
decay_min_factor: 0.2
bandwith_kernel: None
no_interact: False
avg_score: 0.710389256477356
median_score: 0.7114334106445312
std_score: 0.01539578940719366
percentiles: 2%=0.6716969013214111, 5%=0.6723650097846985, 10%=0.6918174028396606, 25%=0.7071826457977295, 50%=0.7114334106445312, 75%=0.7193041443824768, 90%=0.725442111492157, 95%=0.7320862412452698, 98%=0.7329152226448059
ranking_best_algo: CMApara
ranking_best_score: 0.707475975
ranking_my_rank: 1/504 (100.0%)
ranking_my_percent: 100.0
