ConfigName: krbf__advnormalizedfitness__M3__L8__eps0p025__g0p007__ds0p01__dm0p3
Problem: NK
Kernel: rbf
Advantage: normalizedfitness
M: 3
lambda: 8
epsilon_svgd: 0.025
gamma: 0.007
decay_start_ratio: 0.01
decay_min_factor: 0.3
bandwith_kernel: None
no_interact: False
avg_score: 0.7548511624336243
median_score: 0.7574338316917419
std_score: 0.012502884492278099
percentiles: 2%=0.7296677827835083, 5%=0.7321138381958008, 10%=0.7364591360092163, 25%=0.7460121512413025, 50%=0.7574338316917419, 75%=0.7641661763191223, 90%=0.7706679105758667, 95%=0.7737754583358765, 98%=0.7755522727966309
ranking_best_algo: Tabu
ranking_best_score: 0.7657846284375001
ranking_my_rank: 7/504 (98.8%)
ranking_my_percent: 98.80952380952381
