ConfigName: krbf__advnormalizedfitness__M3__L8__eps0p033__g0p005__ds0p3__dm0p3
Problem: NK
Kernel: rbf
Advantage: normalizedfitness
M: 3
lambda: 8
epsilon_svgd: 0.033
gamma: 0.005
decay_start_ratio: 0.3
decay_min_factor: 0.3
bandwith_kernel: None
no_interact: False
avg_score: 0.7542319297790527
median_score: 0.7541133165359497
std_score: 0.011394348926842213
percentiles: 2%=0.7329629063606262, 5%=0.7355527877807617, 10%=0.7399713397026062, 25%=0.7469989657402039, 50%=0.7541133165359497, 75%=0.7612550258636475, 90%=0.7681286931037903, 95%=0.7731379270553589, 98%=0.7772647738456726
ranking_best_algo: Tabu
ranking_best_score: 0.7470791764843752
ranking_my_rank: 1/504 (100.0%)
ranking_my_percent: 100.0
