ConfigName: kfr__advglobalrankweighted__M6__L10__eps0p01__g0p007__ds0p01__dm0p01
Problem: QUBO
Kernel: fr
Advantage: globalrankweighted
M: 6
lambda: 10
epsilon_svgd: 0.01
gamma: 0.007
decay_start_ratio: 0.01
decay_min_factor: 0.01
bandwith_kernel: None
no_interact: False
avg_score: -980.5800170898438
median_score: -965.5
std_score: 84.5058822631836
percentiles: 2%=-1178.280029296875, 5%=-1101.75, 10%=-1083.0999755859375, 25%=-1033.5, 50%=-965.5, 75%=-916.25, 90%=-882.5, 95%=-868.0, 98%=-851.679931640625
ranking_best_algo: Tabu
ranking_best_score: 1216.16
ranking_my_rank: 297/504 (41.3%)
ranking_my_percent: 41.26984126984127
