ConfigName: krbf__advnormalizedfitness__M1__L10__eps0p015__g0p015__ds0p15__dm0p3
Problem: NK
Kernel: rbf
Advantage: normalizedfitness
M: 1
lambda: 10
epsilon_svgd: 0.015
gamma: 0.015
decay_start_ratio: 0.15
decay_min_factor: 0.3
bandwith_kernel: None
no_interact: False
avg_score: 0.710551917552948
median_score: 0.6985580325126648
std_score: 0.031499896198511124
percentiles: 2%=0.6732384562492371, 5%=0.6742256879806519, 10%=0.6768711805343628, 25%=0.6817651391029358, 50%=0.6985580325126648, 75%=0.746141791343689, 90%=0.7524471879005432, 95%=0.7613165378570557, 98%=0.7613165378570557
ranking_best_algo: CMApara
ranking_best_score: 0.7118996098437498
ranking_my_rank: 20/504 (96.2%)
ranking_my_percent: 96.23015873015873
