ConfigName: kjsd__advperagentrankweighted__M3__L16__eps0p005__g0p0005__ds0p05__dm0p05
Problem: NK
Kernel: jsd
Advantage: peragentrankweighted
M: 3
lambda: 16
epsilon_svgd: 0.005
gamma: 0.0005
decay_start_ratio: 0.05
decay_min_factor: 0.05
bandwith_kernel: None
no_interact: False
avg_score: 0.7549395561218262
median_score: 0.7542477250099182
std_score: 0.012253820896148682
percentiles: 2%=0.7362931370735168, 5%=0.7375713586807251, 10%=0.7390214204788208, 25%=0.7455344200134277, 50%=0.7542477250099182, 75%=0.7634804248809814, 90%=0.7717235684394836, 95%=0.7744110226631165, 98%=0.7804501056671143
ranking_best_algo: Tabu
ranking_best_score: 0.7470791764843752
ranking_my_rank: 1/504 (100.0%)
ranking_my_percent: 100.0
