ConfigName: krbf__advnormalizedfitness__M3__L12__eps0p015__g0p005__ds0p01__dm0p01
Problem: QUBO
Kernel: rbf
Advantage: normalizedfitness
M: 3
lambda: 12
epsilon_svgd: 0.015
gamma: 0.005
decay_start_ratio: 0.01
decay_min_factor: 0.01
bandwith_kernel: None
no_interact: False
avg_score: -1575.5400390625
median_score: -1582.0
std_score: 73.1421127319336
percentiles: 2%=-1698.06005859375, 5%=-1683.550048828125, 10%=-1669.199951171875, 25%=-1629.25, 50%=-1582.0, 75%=-1532.75, 90%=-1484.5999755859375, 95%=-1446.8499755859375, 98%=-1411.97998046875
ranking_best_algo: NLOPT_LN_PRAXIS
ranking_best_score: 1607.12
ranking_my_rank: 44/504 (91.5%)
ranking_my_percent: 91.46825396825396
