ConfigName: krbf__advnormalizedfitness__M2__L10__eps0p01__g0p003__ds0p01__dm0p01
Problem: NK
Kernel: rbf
Advantage: normalizedfitness
M: 2
lambda: 10
epsilon_svgd: 0.01
gamma: 0.003
decay_start_ratio: 0.01
decay_min_factor: 0.01
bandwith_kernel: None
no_interact: False
avg_score: 0.7362576127052307
median_score: 0.7341642379760742
std_score: 0.015578205697238445
percentiles: 2%=0.7097247242927551, 5%=0.7129775285720825, 10%=0.7165114879608154, 25%=0.7257965803146362, 50%=0.7341642379760742, 75%=0.7456690073013306, 90%=0.7567465305328369, 95%=0.7649369239807129, 98%=0.7697674632072449
ranking_best_algo: Tabu
ranking_best_score: 0.7601875690625
ranking_my_rank: 21/504 (96.0%)
ranking_my_percent: 96.03174603174604
