ConfigName: krbf__advnormalizedfitness__M2__L8__eps0p033__g0p007__ds0p15__dm0p01
Problem: QUBO
Kernel: rbf
Advantage: normalizedfitness
M: 2
lambda: 8
epsilon_svgd: 0.033
gamma: 0.007
decay_start_ratio: 0.15
decay_min_factor: 0.01
bandwith_kernel: None
no_interact: False
avg_score: -1223.5
median_score: -1222.0
std_score: 59.507728576660156
percentiles: 2%=-1343.219970703125, 5%=-1325.050048828125, 10%=-1308.0999755859375, 25%=-1261.5, 50%=-1222.0, 75%=-1176.75, 90%=-1148.699951171875, 95%=-1134.699951171875, 98%=-1113.9000244140625
ranking_best_algo: SVMMetaModelLogNormal
ranking_best_score: 1233.7999999999997
ranking_my_rank: 14/504 (97.4%)
ranking_my_percent: 97.42063492063492
