ConfigName: kjsd__advperagentrankweighted__M8__L12__eps0p005__g0p0005__ds0p05__dm0p05
Problem: NK
Kernel: jsd
Advantage: peragentrankweighted
M: 8
lambda: 12
epsilon_svgd: 0.005
gamma: 0.0005
decay_start_ratio: 0.05
decay_min_factor: 0.05
bandwith_kernel: None
no_interact: False
avg_score: 0.7391985058784485
median_score: 0.7409576177597046
std_score: 0.008703628554940224
percentiles: 2%=0.7212174534797668, 5%=0.7237734198570251, 10%=0.7263185977935791, 25%=0.7327347993850708, 50%=0.7409576177597046, 75%=0.7457658052444458, 90%=0.749096691608429, 95%=0.7509090304374695, 98%=0.7525196671485901
ranking_best_algo: PBIL
ranking_best_score: 0.730509098125
ranking_my_rank: 1/504 (100.0%)
ranking_my_percent: 100.0
