ConfigName: kjsd__advperagentrankweighted__M4__L30__eps0p01__g0p0003__ds0p05__dm0p05
Problem: QUBO
Kernel: jsd
Advantage: peragentrankweighted
M: 4
lambda: 30
epsilon_svgd: 0.01
gamma: 0.0003
decay_start_ratio: 0.05
decay_min_factor: 0.05
bandwith_kernel: None
no_interact: False
avg_score: -941.7000122070312
median_score: -935.0
std_score: 64.18231964111328
percentiles: 2%=-1076.0, 5%=-1054.0999755859375, 10%=-1025.199951171875, 25%=-988.25, 50%=-935.0, 75%=-900.25, 90%=-867.0, 95%=-848.2000122070312, 98%=-818.7999877929688
ranking_best_algo: CMApara
ranking_best_score: 964.9
ranking_my_rank: 5/504 (99.2%)
ranking_my_percent: 99.2063492063492
