ConfigName: krbf__advnormalizedfitness__M4__L8__eps0p033__g0p01__ds0p3__dm0p3
Problem: QUBO
Kernel: rbf
Advantage: normalizedfitness
M: 4
lambda: 8
epsilon_svgd: 0.033
gamma: 0.01
decay_start_ratio: 0.3
decay_min_factor: 0.3
bandwith_kernel: None
no_interact: False
avg_score: -1094.5400390625
median_score: -1092.5
std_score: 93.67245483398438
percentiles: 2%=-1267.699951171875, 5%=-1253.050048828125, 10%=-1236.0999755859375, 25%=-1152.75, 50%=-1092.5, 75%=-1023.75, 90%=-969.7000122070312, 95%=-949.6500244140625, 98%=-935.0
ranking_best_algo: SVMMetaModelLogNormal
ranking_best_score: 1233.7999999999997
ranking_my_rank: 154/504 (69.6%)
ranking_my_percent: 69.64285714285714
