ConfigName: kjsd__advperagentrankweighted__M3__L24__eps0p005__g0p001__ds0p05__dm0p05
Problem: QUBO
Kernel: jsd
Advantage: peragentrankweighted
M: 3
lambda: 24
epsilon_svgd: 0.005
gamma: 0.001
decay_start_ratio: 0.05
decay_min_factor: 0.05
bandwith_kernel: None
no_interact: False
avg_score: -201.9199981689453
median_score: -203.0
std_score: 12.129039764404297
percentiles: 2%=-224.0, 5%=-222.0, 10%=-218.0, 25%=-211.0, 50%=-203.0, 75%=-195.0, 90%=-183.89999389648438, 95%=-180.9499969482422, 98%=-174.97999572753906
ranking_best_algo: Tabu
ranking_best_score: 208.36000000000004
ranking_my_rank: 38/504 (92.7%)
ranking_my_percent: 92.65873015873017
