ConfigName: krbf__advnormalizedfitness__M3__L8__eps0p025__g0p015__ds0p01__dm0p01
Problem: QUBO
Kernel: rbf
Advantage: normalizedfitness
M: 3
lambda: 8
epsilon_svgd: 0.025
gamma: 0.015
decay_start_ratio: 0.01
decay_min_factor: 0.01
bandwith_kernel: None
no_interact: False
avg_score: -330.7200012207031
median_score: -334.0
std_score: 21.66567611694336
percentiles: 2%=-370.0400085449219, 5%=-361.25, 10%=-354.29998779296875, 25%=-343.0, 50%=-334.0, 75%=-317.5, 90%=-298.0, 95%=-292.8500061035156, 98%=-286.0
ranking_best_algo: CMApara
ranking_best_score: 344.22
ranking_my_rank: 77/504 (84.9%)
ranking_my_percent: 84.92063492063492
