ConfigName: krbf__advnormalizedfitness__M3__L8__eps0p033__g0p005__ds0p3__dm0p3
Problem: QUBO
Kernel: rbf
Advantage: normalizedfitness
M: 3
lambda: 8
epsilon_svgd: 0.033
gamma: 0.005
decay_start_ratio: 0.3
decay_min_factor: 0.3
bandwith_kernel: None
no_interact: False
avg_score: -306.0400085449219
median_score: -302.0
std_score: 38.02207946777344
percentiles: 2%=-390.0, 5%=-388.0, 10%=-357.3999938964844, 25%=-330.0, 50%=-302.0, 75%=-274.0, 90%=-260.0, 95%=-251.95001220703125, 98%=-245.95999145507812
ranking_best_algo: CMApara
ranking_best_score: 319.29999999999995
ranking_my_rank: 116/504 (77.2%)
ranking_my_percent: 77.18253968253968
