ConfigName: kjsd__advperagentrankweighted__M4__L12__eps0p005__g0p0003__ds0p4__dm0p05
Problem: NK
Kernel: jsd
Advantage: peragentrankweighted
M: 4
lambda: 12
epsilon_svgd: 0.005
gamma: 0.0003
decay_start_ratio: 0.4
decay_min_factor: 0.05
bandwith_kernel: None
no_interact: False
avg_score: 0.7360014319419861
median_score: 0.7370151281356812
std_score: 0.008557702414691448
percentiles: 2%=0.7190220355987549, 5%=0.7200927734375, 10%=0.7244153022766113, 25%=0.7307356595993042, 50%=0.7370151281356812, 75%=0.7428134679794312, 90%=0.7455726265907288, 95%=0.7475858926773071, 98%=0.7502670288085938
ranking_best_algo: PBIL
ranking_best_score: 0.730509098125
ranking_my_rank: 1/504 (100.0%)
ranking_my_percent: 100.0
