ConfigName: krbf__advnormalizedfitness__M1__L8__eps0p033__g0p01__ds0p3__dm0p3
Problem: NK
Kernel: rbf
Advantage: normalizedfitness
M: 1
lambda: 8
epsilon_svgd: 0.033
gamma: 0.01
decay_start_ratio: 0.3
decay_min_factor: 0.3
bandwith_kernel: None
no_interact: False
avg_score: 0.7248823046684265
median_score: 0.7253689765930176
std_score: 0.011201532557606697
percentiles: 2%=0.6999937295913696, 5%=0.703098475933075, 10%=0.7099471092224121, 25%=0.7184836864471436, 50%=0.7253689765930176, 75%=0.732860803604126, 90%=0.7379580736160278, 95%=0.7430993914604187, 98%=0.7447262406349182
ranking_best_algo: PBIL
ranking_best_score: 0.730509098125
ranking_my_rank: 15/504 (97.2%)
ranking_my_percent: 97.22222222222223
