ConfigName: krbf__advnormalizedfitness__M3__L15__eps0p025__g0p005__ds0p15__dm0p01
Problem: QUBO
Kernel: rbf
Advantage: normalizedfitness
M: 3
lambda: 15
epsilon_svgd: 0.025
gamma: 0.005
decay_start_ratio: 0.15
decay_min_factor: 0.01
bandwith_kernel: None
no_interact: False
avg_score: -3212.159912109375
median_score: -3226.5
std_score: 160.84158325195312
percentiles: 2%=-3473.320068359375, 5%=-3451.35009765625, 10%=-3431.300048828125, 25%=-3327.25, 50%=-3226.5, 75%=-3087.0, 90%=-2984.300048828125, 95%=-2962.949951171875, 98%=-2944.47998046875
ranking_best_algo: RLSOnePlusOne
ranking_best_score: 3316.5199999999995
ranking_my_rank: 48/504 (90.7%)
ranking_my_percent: 90.67460317460318
