ConfigName: kjsd__advperagentrankweighted__M4__L8__eps0p005__g0p003__ds0p05__dm0p05
Problem: NK
Kernel: jsd
Advantage: peragentrankweighted
M: 4
lambda: 8
epsilon_svgd: 0.005
gamma: 0.003
decay_start_ratio: 0.05
decay_min_factor: 0.05
bandwith_kernel: None
no_interact: False
avg_score: 0.6457514762878418
median_score: 0.6429823040962219
std_score: 0.016148237511515617
percentiles: 2%=0.6192262172698975, 5%=0.6231248378753662, 10%=0.6288295984268188, 25%=0.6355781555175781, 50%=0.6429823040962219, 75%=0.6532679200172424, 90%=0.6651570200920105, 95%=0.6795042753219604, 98%=0.6880945563316345
ranking_best_algo: PBIL
ranking_best_score: 0.7170882103515624
ranking_my_rank: 295/504 (41.7%)
ranking_my_percent: 41.666666666666664
