ConfigName: kjsd__advperagentrankweighted__M3__L24__eps0p005__g0p0005__ds0p05__dm0p2
Problem: QUBO
Kernel: jsd
Advantage: peragentrankweighted
M: 3
lambda: 24
epsilon_svgd: 0.005
gamma: 0.0005
decay_start_ratio: 0.05
decay_min_factor: 0.2
bandwith_kernel: None
no_interact: False
avg_score: -310.3999938964844
median_score: -316.0
std_score: 38.88341522216797
percentiles: 2%=-392.0400085449219, 5%=-388.1000061035156, 10%=-357.6000061035156, 25%=-332.0, 50%=-316.0, 75%=-274.75, 90%=-265.8999938964844, 95%=-262.0, 98%=-259.8599853515625
ranking_best_algo: CMApara
ranking_best_score: 319.29999999999995
ranking_my_rank: 60/504 (88.3%)
ranking_my_percent: 88.2936507936508
