ConfigName: krbf__advnormalizedfitness__M4__L15__eps0p015__g0p007__ds0p01__dm0p3
Problem: QUBO
Kernel: rbf
Advantage: normalizedfitness
M: 4
lambda: 15
epsilon_svgd: 0.015
gamma: 0.007
decay_start_ratio: 0.01
decay_min_factor: 0.3
bandwith_kernel: None
no_interact: False
avg_score: -663.8800048828125
median_score: -657.0
std_score: 80.34354400634766
percentiles: 2%=-842.0800170898438, 5%=-802.0499877929688, 10%=-783.0999755859375, 25%=-709.25, 50%=-657.0, 75%=-601.0, 90%=-575.2999877929688, 95%=-549.9000244140625, 98%=-531.5999145507812
ranking_best_algo: CMAL3
ranking_best_score: 928.5800000000002
ranking_my_rank: 333/504 (34.1%)
ranking_my_percent: 34.12698412698413
