ConfigName: krbf__advnormalizedfitness__M1__L8__eps0p025__g0p005__ds0p01__dm0p01
Problem: QUBO
Kernel: rbf
Advantage: normalizedfitness
M: 1
lambda: 8
epsilon_svgd: 0.025
gamma: 0.005
decay_start_ratio: 0.01
decay_min_factor: 0.01
bandwith_kernel: None
no_interact: False
avg_score: -1198.8199462890625
median_score: -1203.0
std_score: 64.63611602783203
percentiles: 2%=-1323.0799560546875, 5%=-1297.0999755859375, 10%=-1276.199951171875, 25%=-1247.0, 50%=-1203.0, 75%=-1150.25, 90%=-1126.5999755859375, 95%=-1094.800048828125, 98%=-1052.639892578125
ranking_best_algo: SVMMetaModelLogNormal
ranking_best_score: 1233.7999999999997
ranking_my_rank: 58/504 (88.7%)
ranking_my_percent: 88.69047619047619
