ConfigName: krbf__advnormalizedfitness__M2__L10__eps0p025__g0p01__ds0p01__dm0p01
Problem: QUBO
Kernel: rbf
Advantage: normalizedfitness
M: 2
lambda: 10
epsilon_svgd: 0.025
gamma: 0.01
decay_start_ratio: 0.01
decay_min_factor: 0.01
bandwith_kernel: None
no_interact: False
avg_score: -1184.93994140625
median_score: -1177.0
std_score: 57.63103485107422
percentiles: 2%=-1324.4599609375, 5%=-1295.1500244140625, 10%=-1256.0, 25%=-1223.0, 50%=-1177.0, 75%=-1141.75, 90%=-1122.0, 95%=-1111.949951171875, 98%=-1105.8800048828125
ranking_best_algo: Tabu
ranking_best_score: 1216.16
ranking_my_rank: 64/504 (87.5%)
ranking_my_percent: 87.5
