ConfigName: krbf__advnormalizedfitness__M2__L8__eps0p033__g0p005__ds0p3__dm0p3
Problem: QUBO
Kernel: rbf
Advantage: normalizedfitness
M: 2
lambda: 8
epsilon_svgd: 0.033
gamma: 0.005
decay_start_ratio: 0.3
decay_min_factor: 0.3
bandwith_kernel: None
no_interact: False
avg_score: -1213.3599853515625
median_score: -1206.0
std_score: 68.3038101196289
percentiles: 2%=-1382.199951171875, 5%=-1353.0999755859375, 10%=-1303.800048828125, 25%=-1248.25, 50%=-1206.0, 75%=-1164.75, 90%=-1133.0, 95%=-1119.949951171875, 98%=-1114.6400146484375
ranking_best_algo: SVMMetaModelLogNormal
ranking_best_score: 1233.7999999999997
ranking_my_rank: 45/504 (91.3%)
ranking_my_percent: 91.26984126984127
