ConfigName: kfr__advglobalrankweighted__M1__L11__eps0p02__g0p003__ds0p01__dm0p01
Problem: QUBO
Kernel: fr
Advantage: globalrankweighted
M: 1
lambda: 11
epsilon_svgd: 0.02
gamma: 0.003
decay_start_ratio: 0.01
decay_min_factor: 0.01
bandwith_kernel: None
no_interact: False
avg_score: -130.86000061035156
median_score: -133.0
std_score: 15.842361450195312
percentiles: 2%=-155.0, 5%=-153.0, 10%=-150.0, 25%=-144.25, 50%=-133.0, 75%=-119.0, 90%=-110.9000015258789, 95%=-103.95000457763672, 98%=-99.89997863769531
ranking_best_algo: DiscreteDE
ranking_best_score: 143.4
ranking_my_rank: 322/504 (36.3%)
ranking_my_percent: 36.30952380952381
