ConfigName: krbf__advnormalizedfitness__M4__L10__eps0p015__g0p01__ds0p01__dm0p01
Problem: QUBO
Kernel: rbf
Advantage: normalizedfitness
M: 4
lambda: 10
epsilon_svgd: 0.015
gamma: 0.01
decay_start_ratio: 0.01
decay_min_factor: 0.01
bandwith_kernel: None
no_interact: False
avg_score: -410.6600036621094
median_score: -407.0
std_score: 26.578269958496094
percentiles: 2%=-463.1199951171875, 5%=-453.0, 10%=-444.1000061035156, 25%=-431.0, 50%=-407.0, 75%=-393.0, 90%=-381.8999938964844, 95%=-366.0, 98%=-358.8199462890625
ranking_best_algo: CMAL3
ranking_best_score: 435.36
ranking_my_rank: 171/504 (66.3%)
ranking_my_percent: 66.26984126984127
