ConfigName: krbf__advnormalizedfitness__M4__L8__eps0p015__g0p015__ds0p3__dm0p01
Problem: QUBO
Kernel: rbf
Advantage: normalizedfitness
M: 4
lambda: 8
epsilon_svgd: 0.015
gamma: 0.015
decay_start_ratio: 0.3
decay_min_factor: 0.01
bandwith_kernel: None
no_interact: False
avg_score: -1734.1199951171875
median_score: -1750.0
std_score: 159.31736755371094
percentiles: 2%=-2048.0, 5%=-2013.0, 10%=-1930.0, 25%=-1841.25, 50%=-1750.0, 75%=-1613.0, 90%=-1500.4000244140625, 95%=-1471.9000244140625, 98%=-1440.1397705078125
ranking_best_algo: SVM1MetaModelLogNormal
ranking_best_score: 2605.14
ranking_my_rank: 322/504 (36.3%)
ranking_my_percent: 36.30952380952381
