ConfigName: krbf__advnormalizedfitness__M4__L8__eps0p033__g0p007__ds0p01__dm0p01
Problem: NK
Kernel: rbf
Advantage: normalizedfitness
M: 4
lambda: 8
epsilon_svgd: 0.033
gamma: 0.007
decay_start_ratio: 0.01
decay_min_factor: 0.01
bandwith_kernel: None
no_interact: False
avg_score: 0.7582949995994568
median_score: 0.7576488256454468
std_score: 0.011701376177370548
percentiles: 2%=0.7352539896965027, 5%=0.7395921349525452, 10%=0.7446758151054382, 25%=0.7511385679244995, 50%=0.7576488256454468, 75%=0.7665266990661621, 90%=0.7741189002990723, 95%=0.7774004936218262, 98%=0.7808756828308105
ranking_best_algo: Tabu
ranking_best_score: 0.7470791764843752
ranking_my_rank: 1/504 (100.0%)
ranking_my_percent: 100.0
