ConfigName: kjsd__advperagentrankweighted__M4__L10__eps0p01__g0p0007__ds0p2__dm0p05
Problem: NK
Kernel: jsd
Advantage: peragentrankweighted
M: 4
lambda: 10
epsilon_svgd: 0.01
gamma: 0.0007
decay_start_ratio: 0.2
decay_min_factor: 0.05
bandwith_kernel: None
no_interact: False
avg_score: 0.7063127160072327
median_score: 0.7089875936508179
std_score: 0.011869070120155811
percentiles: 2%=0.6843504905700684, 5%=0.686814546585083, 10%=0.6905408501625061, 25%=0.6960038542747498, 50%=0.7089875936508179, 75%=0.7165196537971497, 90%=0.7199997901916504, 95%=0.7215133309364319, 98%=0.722652792930603
ranking_best_algo: PBIL
ranking_best_score: 0.7013553837109374
ranking_my_rank: 1/504 (100.0%)
ranking_my_percent: 100.0
