ConfigName: kjsd__advperagentrankweighted__M3__L20__eps0p005__g0p0005__ds0p05__dm0p1
Problem: NK
Kernel: jsd
Advantage: peragentrankweighted
M: 3
lambda: 20
epsilon_svgd: 0.005
gamma: 0.0005
decay_start_ratio: 0.05
decay_min_factor: 0.1
bandwith_kernel: None
no_interact: False
avg_score: 0.7360487580299377
median_score: 0.7378008365631104
std_score: 0.008954235352575779
percentiles: 2%=0.7177460193634033, 5%=0.719301164150238, 10%=0.7227720022201538, 25%=0.73133385181427, 50%=0.7378008365631104, 75%=0.7432519793510437, 90%=0.7461639046669006, 95%=0.7481934428215027, 98%=0.7494791150093079
ranking_best_algo: PBIL
ranking_best_score: 0.7248786399609374
ranking_my_rank: 1/504 (100.0%)
ranking_my_percent: 100.0
