ConfigName: kjsd__advperagentrankweighted__M3__L20__eps0p007__g0p001__ds0p05__dm0p1
Problem: QUBO
Kernel: jsd
Advantage: peragentrankweighted
M: 3
lambda: 20
epsilon_svgd: 0.007
gamma: 0.001
decay_start_ratio: 0.05
decay_min_factor: 0.1
bandwith_kernel: None
no_interact: False
avg_score: -3282.06005859375
median_score: -3276.5
std_score: 128.2707977294922
percentiles: 2%=-3514.02001953125, 5%=-3488.050048828125, 10%=-3459.199951171875, 25%=-3372.5, 50%=-3276.5, 75%=-3182.75, 90%=-3126.5, 95%=-3073.14990234375, 98%=-3031.3798828125
ranking_best_algo: RLSOnePlusOne
ranking_best_score: 3316.5199999999995
ranking_my_rank: 3/504 (99.6%)
ranking_my_percent: 99.60317460317461
