ConfigName: kjsd__advperagentrankweighted__M5__L10__eps0p01__g0p0007__ds0p2__dm0p05
Problem: QUBO
Kernel: jsd
Advantage: peragentrankweighted
M: 5
lambda: 10
epsilon_svgd: 0.01
gamma: 0.0007
decay_start_ratio: 0.2
decay_min_factor: 0.05
bandwith_kernel: None
no_interact: False
avg_score: -416.760009765625
median_score: -420.0
std_score: 24.12679672241211
percentiles: 2%=-461.4800109863281, 5%=-457.0, 10%=-443.29998779296875, 25%=-430.0, 50%=-420.0, 75%=-401.0, 90%=-385.79998779296875, 95%=-376.0, 98%=-371.8800048828125
ranking_best_algo: Tabu
ranking_best_score: 438.12
ranking_my_rank: 43/504 (91.7%)
ranking_my_percent: 91.66666666666667
