ConfigName: krbf__advnormalizedfitness__M2__L9__eps0p01__g0p005__ds0p01__dm0p01
Problem: NK
Kernel: rbf
Advantage: normalizedfitness
M: 2
lambda: 9
epsilon_svgd: 0.01
gamma: 0.005
decay_start_ratio: 0.01
decay_min_factor: 0.01
bandwith_kernel: None
no_interact: False
avg_score: 0.7402185201644897
median_score: 0.7390595078468323
std_score: 0.015729499980807304
percentiles: 2%=0.7068060636520386, 5%=0.715525209903717, 10%=0.7225111126899719, 25%=0.7299257516860962, 50%=0.7390595078468323, 75%=0.749464213848114, 90%=0.7600377202033997, 95%=0.7686589360237122, 98%=0.7709267139434814
ranking_best_algo: Tabu
ranking_best_score: 0.7601875690625
ranking_my_rank: 15/504 (97.2%)
ranking_my_percent: 97.22222222222223
