ConfigName: kjsd__advperagentrankweighted__M5__L10__eps0p005__g0p003__ds0p05__dm0p2
Problem: QUBO
Kernel: jsd
Advantage: peragentrankweighted
M: 5
lambda: 10
epsilon_svgd: 0.005
gamma: 0.003
decay_start_ratio: 0.05
decay_min_factor: 0.2
bandwith_kernel: None
no_interact: False
avg_score: -866.1199951171875
median_score: -863.0
std_score: 64.47918701171875
percentiles: 2%=-999.02001953125, 5%=-965.5, 10%=-951.0, 25%=-913.0, 50%=-863.0, 75%=-817.5, 90%=-779.5, 95%=-767.0, 98%=-760.8400268554688
ranking_best_algo: SVMMetaModelLogNormal
ranking_best_score: 1233.7999999999997
ranking_my_rank: 322/504 (36.3%)
ranking_my_percent: 36.30952380952381
