ConfigName: krbf__advnormalizedfitness__M2__L8__eps0p033__g0p015__ds0p3__dm0p3
Problem: QUBO
Kernel: rbf
Advantage: normalizedfitness
M: 2
lambda: 8
epsilon_svgd: 0.033
gamma: 0.015
decay_start_ratio: 0.3
decay_min_factor: 0.3
bandwith_kernel: None
no_interact: False
avg_score: -897.0399780273438
median_score: -895.5
std_score: 63.330711364746094
percentiles: 2%=-1014.4000244140625, 5%=-996.5999755859375, 10%=-983.4000244140625, 25%=-940.25, 50%=-895.5, 75%=-854.75, 90%=-810.4000244140625, 95%=-796.9500122070312, 98%=-789.6400146484375
ranking_best_algo: CMAL3
ranking_best_score: 928.5800000000002
ranking_my_rank: 82/504 (83.9%)
ranking_my_percent: 83.92857142857143
