ConfigName: kjsd__advperagentrankweighted__M3__L20__eps0p007__g0p003__ds0p1__dm0p05
Problem: QUBO
Kernel: jsd
Advantage: peragentrankweighted
M: 3
lambda: 20
epsilon_svgd: 0.007
gamma: 0.003
decay_start_ratio: 0.1
decay_min_factor: 0.05
bandwith_kernel: None
no_interact: False
avg_score: -149.24000549316406
median_score: -147.0
std_score: 13.321501731872559
percentiles: 2%=-179.0, 5%=-179.0, 10%=-164.0, 25%=-155.0, 50%=-147.0, 75%=-141.0, 90%=-134.89999389648438, 95%=-132.0, 98%=-128.9600067138672
ranking_best_algo: CMApara
ranking_best_score: 154.28
ranking_my_rank: 78/504 (84.7%)
ranking_my_percent: 84.72222222222223
