ConfigName: kjsd__advperagentrankweighted__M3__L18__eps0p01__g0p0007__ds0p2__dm0p1
Problem: QUBO
Kernel: jsd
Advantage: peragentrankweighted
M: 3
lambda: 18
epsilon_svgd: 0.01
gamma: 0.0007
decay_start_ratio: 0.2
decay_min_factor: 0.1
bandwith_kernel: None
no_interact: False
avg_score: -425.70001220703125
median_score: -426.0
std_score: 29.292831420898438
percentiles: 2%=-477.0400085449219, 5%=-475.0, 10%=-469.0, 25%=-442.25, 50%=-426.0, 75%=-406.5, 90%=-388.8999938964844, 95%=-369.70001220703125, 98%=-360.9800109863281
ranking_best_algo: CMAL3
ranking_best_score: 435.36
ranking_my_rank: 26/504 (95.0%)
ranking_my_percent: 95.03968253968254
