ConfigName: krbf__advnormalizedfitness__M4__L15__eps0p033__g0p01__ds0p15__dm0p3
Problem: NK
Kernel: rbf
Advantage: normalizedfitness
M: 4
lambda: 15
epsilon_svgd: 0.033
gamma: 0.01
decay_start_ratio: 0.15
decay_min_factor: 0.3
bandwith_kernel: None
no_interact: False
avg_score: 0.6863166689872742
median_score: 0.687613844871521
std_score: 0.012430080212652683
percentiles: 2%=0.6649948358535767, 5%=0.666502833366394, 10%=0.6698374152183533, 25%=0.6743593811988831, 50%=0.687613844871521, 75%=0.6977546811103821, 90%=0.7010719180107117, 95%=0.7033650875091553, 98%=0.7054093480110168
ranking_best_algo: PBIL
ranking_best_score: 0.7013553837109374
ranking_my_rank: 87/504 (82.9%)
ranking_my_percent: 82.93650793650794
