ConfigName: kjsd__advperagentrankweighted__M5__L10__eps0p01__g0p0007__ds0p2__dm0p2
Problem: QUBO
Kernel: jsd
Advantage: peragentrankweighted
M: 5
lambda: 10
epsilon_svgd: 0.01
gamma: 0.0007
decay_start_ratio: 0.2
decay_min_factor: 0.2
bandwith_kernel: None
no_interact: False
avg_score: -1192.1199951171875
median_score: -1182.5
std_score: 64.2579574584961
percentiles: 2%=-1347.3199462890625, 5%=-1309.9000244140625, 10%=-1283.699951171875, 25%=-1226.0, 50%=-1182.5, 75%=-1147.5, 90%=-1116.9000244140625, 95%=-1109.8499755859375, 98%=-1094.9200439453125
ranking_best_algo: Tabu
ranking_best_score: 1216.16
ranking_my_rank: 49/504 (90.5%)
ranking_my_percent: 90.47619047619048
