ConfigName: krbf__advnormalizedfitness__M4__L12__eps0p033__g0p015__ds0p3__dm0p01
Problem: QUBO
Kernel: rbf
Advantage: normalizedfitness
M: 4
lambda: 12
epsilon_svgd: 0.033
gamma: 0.015
decay_start_ratio: 0.3
decay_min_factor: 0.01
bandwith_kernel: None
no_interact: False
avg_score: -332.0799865722656
median_score: -334.0
std_score: 19.644683837890625
percentiles: 2%=-372.0, 5%=-361.25, 10%=-354.1000061035156, 25%=-346.0, 50%=-334.0, 75%=-319.5, 90%=-307.79998779296875, 95%=-298.0, 98%=-295.8399658203125
ranking_best_algo: CMApara
ranking_best_score: 344.22
ranking_my_rank: 75/504 (85.3%)
ranking_my_percent: 85.31746031746032
