ConfigName: kjsd__advperagentrankweighted__M3__L30__eps0p005__g0p001__ds0p1__dm0p05
Problem: QUBO
Kernel: jsd
Advantage: peragentrankweighted
M: 3
lambda: 30
epsilon_svgd: 0.005
gamma: 0.001
decay_start_ratio: 0.1
decay_min_factor: 0.05
bandwith_kernel: None
no_interact: False
avg_score: -146.25999450683594
median_score: -146.0
std_score: 12.770763397216797
percentiles: 2%=-179.0, 5%=-160.1999969482422, 10%=-158.0, 25%=-155.0, 50%=-146.0, 75%=-139.0, 90%=-133.0, 95%=-124.69999694824219, 98%=-113.9800033569336
ranking_best_algo: CMApara
ranking_best_score: 154.28
ranking_my_rank: 126/504 (75.2%)
ranking_my_percent: 75.1984126984127
