ConfigName: krbf__advnormalizedfitness__M3__L15__eps0p025__g0p01__ds0p15__dm0p01
Problem: QUBO
Kernel: rbf
Advantage: normalizedfitness
M: 3
lambda: 15
epsilon_svgd: 0.025
gamma: 0.01
decay_start_ratio: 0.15
decay_min_factor: 0.01
bandwith_kernel: None
no_interact: False
avg_score: -1143.56005859375
median_score: -1127.0
std_score: 78.93355560302734
percentiles: 2%=-1292.1400146484375, 5%=-1274.5999755859375, 10%=-1249.0999755859375, 25%=-1207.5, 50%=-1127.0, 75%=-1091.0, 90%=-1046.4000244140625, 95%=-1015.9500122070312, 98%=-1004.5999145507812
ranking_best_algo: SVMMetaModelLogNormal
ranking_best_score: 1233.7999999999997
ranking_my_rank: 95/504 (81.3%)
ranking_my_percent: 81.34920634920636
