ConfigName: kjsd__advperagentrankweighted__M3__L18__eps0p007__g0p0007__ds0p1__dm0p05
Problem: NK
Kernel: jsd
Advantage: peragentrankweighted
M: 3
lambda: 18
epsilon_svgd: 0.007
gamma: 0.0007
decay_start_ratio: 0.1
decay_min_factor: 0.05
bandwith_kernel: None
no_interact: False
avg_score: 0.7529773116111755
median_score: 0.7512513995170593
std_score: 0.014017410576343536
percentiles: 2%=0.7255275249481201, 5%=0.7279375791549683, 10%=0.7359728813171387, 25%=0.7440480589866638, 50%=0.7512513995170593, 75%=0.7629703879356384, 90%=0.7707540988922119, 95%=0.7750922441482544, 98%=0.7796220183372498
ranking_best_algo: Tabu
ranking_best_score: 0.7657846284375001
ranking_my_rank: 9/504 (98.4%)
ranking_my_percent: 98.41269841269842
