ConfigName: kjsd__advperagentrankweighted__M3__L30__eps0p005__g0p001__ds0p2__dm0p1
Problem: QUBO
Kernel: jsd
Advantage: peragentrankweighted
M: 3
lambda: 30
epsilon_svgd: 0.005
gamma: 0.001
decay_start_ratio: 0.2
decay_min_factor: 0.1
bandwith_kernel: None
no_interact: False
avg_score: -426.3599853515625
median_score: -428.0
std_score: 26.156269073486328
percentiles: 2%=-483.0799865722656, 5%=-469.29998779296875, 10%=-457.1000061035156, 25%=-443.0, 50%=-428.0, 75%=-409.75, 90%=-391.0, 95%=-385.0, 98%=-379.8800048828125
ranking_best_algo: CMAL3
ranking_best_score: 435.36
ranking_my_rank: 23/504 (95.6%)
ranking_my_percent: 95.63492063492063
