ConfigName: krbf__advnormalizedfitness__M4__L10__eps0p015__g0p007__ds0p15__dm0p01
Problem: NK
Kernel: rbf
Advantage: normalizedfitness
M: 4
lambda: 10
epsilon_svgd: 0.015
gamma: 0.007
decay_start_ratio: 0.15
decay_min_factor: 0.01
bandwith_kernel: None
no_interact: False
avg_score: 0.7227694988250732
median_score: 0.7242922782897949
std_score: 0.010763351805508137
percentiles: 2%=0.7030238509178162, 5%=0.705597996711731, 10%=0.7074043154716492, 25%=0.7133407592773438, 50%=0.7242922782897949, 75%=0.7303254008293152, 90%=0.736119270324707, 95%=0.7383843064308167, 98%=0.7420048713684082
ranking_best_algo: PBIL
ranking_best_score: 0.7248786399609374
ranking_my_rank: 2/504 (99.8%)
ranking_my_percent: 99.8015873015873
