ConfigName: krbf__advnormalizedfitness__M3__L10__eps0p033__g0p007__ds0p01__dm0p01
Problem: QUBO
Kernel: rbf
Advantage: normalizedfitness
M: 3
lambda: 10
epsilon_svgd: 0.033
gamma: 0.007
decay_start_ratio: 0.01
decay_min_factor: 0.01
bandwith_kernel: None
no_interact: False
avg_score: -2537.580078125
median_score: -2534.0
std_score: 141.35508728027344
percentiles: 2%=-2816.39990234375, 5%=-2774.39990234375, 10%=-2736.699951171875, 25%=-2628.0, 50%=-2534.0, 75%=-2417.0, 90%=-2375.5, 95%=-2336.150146484375, 98%=-2295.800048828125
ranking_best_algo: SVM1MetaModelLogNormal
ranking_best_score: 2605.14
ranking_my_rank: 44/504 (91.5%)
ranking_my_percent: 91.46825396825396
