ConfigName: kjsd__advperagentrankweighted__M5__L8__eps0p01__g0p003__ds0p2__dm0p2
Problem: NK
Kernel: jsd
Advantage: peragentrankweighted
M: 5
lambda: 8
epsilon_svgd: 0.01
gamma: 0.003
decay_start_ratio: 0.2
decay_min_factor: 0.2
bandwith_kernel: None
no_interact: False
avg_score: 0.7522841095924377
median_score: 0.7527068257331848
std_score: 0.01661882922053337
percentiles: 2%=0.7180309295654297, 5%=0.7241916060447693, 10%=0.7294194102287292, 25%=0.7400851249694824, 50%=0.7527068257331848, 75%=0.764539361000061, 90%=0.7744347453117371, 95%=0.7793654203414917, 98%=0.7811981439590454
ranking_best_algo: Tabu
ranking_best_score: 0.7470791764843752
ranking_my_rank: 1/504 (100.0%)
ranking_my_percent: 100.0
