ConfigName: kjsd__advperagentrankweighted__M4__L20__eps0p005__g0p001__ds0p05__dm0p2
Problem: QUBO
Kernel: jsd
Advantage: peragentrankweighted
M: 4
lambda: 20
epsilon_svgd: 0.005
gamma: 0.001
decay_start_ratio: 0.05
decay_min_factor: 0.2
bandwith_kernel: None
no_interact: False
avg_score: -139.5800018310547
median_score: -141.0
std_score: 11.65090560913086
percentiles: 2%=-161.0, 5%=-159.0500030517578, 10%=-153.10000610351562, 25%=-146.25, 50%=-141.0, 75%=-130.0, 90%=-127.0, 95%=-124.9000015258789, 98%=-110.91999816894531
ranking_best_algo: DiscreteDE
ranking_best_score: 143.4
ranking_my_rank: 84/504 (83.5%)
ranking_my_percent: 83.53174603174604
