ConfigName: krbf__advnormalizedfitness__M1__L10__eps0p015__g0p005__ds0p3__dm0p01
Problem: NK
Kernel: rbf
Advantage: normalizedfitness
M: 1
lambda: 10
epsilon_svgd: 0.015
gamma: 0.005
decay_start_ratio: 0.3
decay_min_factor: 0.01
bandwith_kernel: None
no_interact: False
avg_score: 0.7391243577003479
median_score: 0.7385984063148499
std_score: 0.016695747151970863
percentiles: 2%=0.7094196677207947, 5%=0.7163983583450317, 10%=0.7195530533790588, 25%=0.7274041175842285, 50%=0.7385984063148499, 75%=0.7472532391548157, 90%=0.7607487440109253, 95%=0.7670890092849731, 98%=0.7758461833000183
ranking_best_algo: Tabu
ranking_best_score: 0.7657846284375001
ranking_my_rank: 87/504 (82.9%)
ranking_my_percent: 82.93650793650794
