ConfigName: kjsd__advperagentrankweighted__M3__L16__eps0p005__g0p0005__ds0p1__dm0p2
Problem: QUBO
Kernel: jsd
Advantage: peragentrankweighted
M: 3
lambda: 16
epsilon_svgd: 0.005
gamma: 0.0005
decay_start_ratio: 0.1
decay_min_factor: 0.2
bandwith_kernel: None
no_interact: False
avg_score: -199.33999633789062
median_score: -200.5
std_score: 13.277214050292969
percentiles: 2%=-224.0, 5%=-220.10000610351562, 10%=-216.10000610351562, 25%=-209.0, 50%=-200.5, 75%=-191.0, 90%=-179.8000030517578, 95%=-175.9499969482422, 98%=-169.94000244140625
ranking_best_algo: Tabu
ranking_best_score: 208.36000000000004
ranking_my_rank: 85/504 (83.3%)
ranking_my_percent: 83.33333333333333
