ConfigName: krbf__advnormalizedfitness__M4__L12__eps0p033__g0p01__ds0p01__dm0p01
Problem: NK
Kernel: rbf
Advantage: normalizedfitness
M: 4
lambda: 12
epsilon_svgd: 0.033
gamma: 0.01
decay_start_ratio: 0.01
decay_min_factor: 0.01
bandwith_kernel: None
no_interact: False
avg_score: 0.7439348101615906
median_score: 0.7419557571411133
std_score: 0.029068203642964363
percentiles: 2%=0.6949450969696045, 5%=0.7007310390472412, 10%=0.7081512212753296, 25%=0.7216033935546875, 50%=0.7419557571411133, 75%=0.7580187320709229, 90%=0.778337299823761, 95%=0.8044298887252808, 98%=0.8057991862297058
ranking_best_algo: CMApara
ranking_best_score: 0.7459277895312499
ranking_my_rank: 6/504 (99.0%)
ranking_my_percent: 99.0079365079365
