ConfigName: kfr__advglobalrankweighted__M1__L9__eps0p01__g0p003__ds0p01__dm0p01
Problem: QUBO
Kernel: fr
Advantage: globalrankweighted
M: 1
lambda: 9
epsilon_svgd: 0.01
gamma: 0.003
decay_start_ratio: 0.01
decay_min_factor: 0.01
bandwith_kernel: None
no_interact: False
avg_score: -393.6000061035156
median_score: -395.0
std_score: 30.647024154663086
percentiles: 2%=-465.0400085449219, 5%=-447.25, 10%=-429.5, 25%=-412.25, 50%=-395.0, 75%=-368.0, 90%=-352.0, 95%=-345.9000244140625, 98%=-337.91998291015625
ranking_best_algo: Tabu
ranking_best_score: 438.12
ranking_my_rank: 241/504 (52.4%)
ranking_my_percent: 52.38095238095238
