ConfigName: krbf__advnormalizedfitness__M3__L10__eps0p015__g0p01__ds0p3__dm0p3
Problem: NK
Kernel: rbf
Advantage: normalizedfitness
M: 3
lambda: 10
epsilon_svgd: 0.015
gamma: 0.01
decay_start_ratio: 0.3
decay_min_factor: 0.3
bandwith_kernel: None
no_interact: False
avg_score: 0.7443308234214783
median_score: 0.7423104643821716
std_score: 0.028785282745957375
percentiles: 2%=0.6966968774795532, 5%=0.7042712569236755, 10%=0.7083616852760315, 25%=0.7212170958518982, 50%=0.7423104643821716, 75%=0.7580187320709229, 90%=0.777946949005127, 95%=0.8044605851173401, 98%=0.8104035258293152
ranking_best_algo: CMApara
ranking_best_score: 0.7459277895312499
ranking_my_rank: 5/504 (99.2%)
ranking_my_percent: 99.2063492063492
