ConfigName: kfr__advglobalrankweighted__M1__L11__eps0p01__g0p007__ds0p01__dm0p01
Problem: QUBO
Kernel: fr
Advantage: globalrankweighted
M: 1
lambda: 11
epsilon_svgd: 0.01
gamma: 0.007
decay_start_ratio: 0.01
decay_min_factor: 0.01
bandwith_kernel: None
no_interact: False
avg_score: -193.27999877929688
median_score: -194.0
std_score: 14.97736930847168
percentiles: 2%=-221.02000427246094, 5%=-218.0, 10%=-213.10000610351562, 25%=-203.0, 50%=-194.0, 75%=-182.75, 90%=-176.89999389648438, 95%=-166.85000610351562, 98%=-162.0
ranking_best_algo: Tabu
ranking_best_score: 208.36000000000004
ranking_my_rank: 226/504 (55.4%)
ranking_my_percent: 55.357142857142854
