ConfigName: krbf__advnormalizedfitness__M3__L15__eps0p025__g0p01__ds0p3__dm0p3
Problem: QUBO
Kernel: rbf
Advantage: normalizedfitness
M: 3
lambda: 15
epsilon_svgd: 0.025
gamma: 0.01
decay_start_ratio: 0.3
decay_min_factor: 0.3
bandwith_kernel: None
no_interact: False
avg_score: -1065.699951171875
median_score: -1069.5
std_score: 90.17854309082031
percentiles: 2%=-1257.8800048828125, 5%=-1225.949951171875, 10%=-1178.5, 25%=-1106.0, 50%=-1069.5, 75%=-1005.75, 90%=-947.5, 95%=-910.6000366210938, 98%=-892.8199462890625
ranking_best_algo: Tabu
ranking_best_score: 1216.16
ranking_my_rank: 228/504 (55.0%)
ranking_my_percent: 54.96031746031746
