ConfigName: krbf__advnormalizedfitness__M3__L10__eps0p015__g0p01__ds0p15__dm0p01
Problem: QUBO
Kernel: rbf
Advantage: normalizedfitness
M: 3
lambda: 10
epsilon_svgd: 0.015
gamma: 0.01
decay_start_ratio: 0.15
decay_min_factor: 0.01
bandwith_kernel: None
no_interact: False
avg_score: -1210.3199462890625
median_score: -1211.5
std_score: 81.73199462890625
percentiles: 2%=-1352.1600341796875, 5%=-1340.300048828125, 10%=-1326.0999755859375, 25%=-1267.25, 50%=-1211.5, 75%=-1157.5, 90%=-1120.9000244140625, 95%=-1076.9000244140625, 98%=-1008.9400024414062
ranking_best_algo: BigLognormalDiscreteOnePlusOne
ranking_best_score: 1301.3600000000004
ranking_my_rank: 82/504 (83.9%)
ranking_my_percent: 83.92857142857143
