ConfigName: krbf__advnormalizedfitness__M1__L8__eps0p033__g0p007__ds0p15__dm0p01
Problem: NK
Kernel: rbf
Advantage: normalizedfitness
M: 1
lambda: 8
epsilon_svgd: 0.033
gamma: 0.007
decay_start_ratio: 0.15
decay_min_factor: 0.01
bandwith_kernel: None
no_interact: False
avg_score: 0.7152364253997803
median_score: 0.7148110866546631
std_score: 0.012813876383006573
percentiles: 2%=0.6933078765869141, 5%=0.6945221424102783, 10%=0.6985989809036255, 25%=0.7066940069198608, 50%=0.7148110866546631, 75%=0.7227928042411804, 90%=0.7329691052436829, 95%=0.7374998927116394, 98%=0.740693211555481
ranking_best_algo: Tabu
ranking_best_score: 0.7429702712499999
ranking_my_rank: 86/504 (83.1%)
ranking_my_percent: 83.13492063492063
