ConfigName: krbf__advnormalizedfitness__M4__L12__eps0p025__g0p01__ds0p3__dm0p01
Problem: QUBO
Kernel: rbf
Advantage: normalizedfitness
M: 4
lambda: 12
epsilon_svgd: 0.025
gamma: 0.01
decay_start_ratio: 0.3
decay_min_factor: 0.01
bandwith_kernel: None
no_interact: False
avg_score: -413.82000732421875
median_score: -417.0
std_score: 26.119869232177734
percentiles: 2%=-463.1199951171875, 5%=-453.29998779296875, 10%=-447.20001220703125, 25%=-430.0, 50%=-417.0, 75%=-394.0, 90%=-378.0, 95%=-372.0, 98%=-367.7999572753906
ranking_best_algo: Tabu
ranking_best_score: 438.12
ranking_my_rank: 57/504 (88.9%)
ranking_my_percent: 88.88888888888889
