ConfigName: krbf__advnormalizedfitness__M3__L12__eps0p033__g0p015__ds0p15__dm0p01
Problem: NK
Kernel: rbf
Advantage: normalizedfitness
M: 3
lambda: 12
epsilon_svgd: 0.033
gamma: 0.015
decay_start_ratio: 0.15
decay_min_factor: 0.01
bandwith_kernel: None
no_interact: False
avg_score: 0.7032028436660767
median_score: 0.7050108909606934
std_score: 0.01722852885723114
percentiles: 2%=0.666933536529541, 5%=0.6756619811058044, 10%=0.6823234558105469, 25%=0.6916528940200806, 50%=0.7050108909606934, 75%=0.712730348110199, 90%=0.7225354313850403, 95%=0.73529052734375, 98%=0.7394555807113647
ranking_best_algo: Tabu
ranking_best_score: 0.7429702712499999
ranking_my_rank: 183/504 (63.9%)
ranking_my_percent: 63.888888888888886
