ConfigName: kjsd__advperagentrankweighted__M3__L20__eps0p007__g0p0005__ds0p05__dm0p05
Problem: NK
Kernel: jsd
Advantage: peragentrankweighted
M: 3
lambda: 20
epsilon_svgd: 0.007
gamma: 0.0005
decay_start_ratio: 0.05
decay_min_factor: 0.05
bandwith_kernel: None
no_interact: False
avg_score: 0.7069233059883118
median_score: 0.7101128101348877
std_score: 0.011920563876628876
percentiles: 2%=0.6861303448677063, 5%=0.6893790364265442, 10%=0.691443920135498, 25%=0.6957739591598511, 50%=0.7101128101348877, 75%=0.7167747020721436, 90%=0.7208119630813599, 95%=0.7235009670257568, 98%=0.7241014838218689
ranking_best_algo: PBIL
ranking_best_score: 0.7013553837109374
ranking_my_rank: 1/504 (100.0%)
ranking_my_percent: 100.0
