ConfigName: kfr__advglobalrankweighted__M4__L12__eps0p015__g0p003__ds0p01__dm0p01
Problem: QUBO
Kernel: fr
Advantage: globalrankweighted
M: 4
lambda: 12
epsilon_svgd: 0.015
gamma: 0.003
decay_start_ratio: 0.01
decay_min_factor: 0.01
bandwith_kernel: None
no_interact: False
avg_score: -1189.4599609375
median_score: -1188.0
std_score: 61.95295333862305
percentiles: 2%=-1339.1600341796875, 5%=-1295.0999755859375, 10%=-1265.199951171875, 25%=-1222.75, 50%=-1188.0, 75%=-1145.5, 90%=-1112.699951171875, 95%=-1094.4500732421875, 98%=-1077.0
ranking_best_algo: Tabu
ranking_best_score: 1216.16
ranking_my_rank: 55/504 (89.3%)
ranking_my_percent: 89.28571428571429
