ConfigName: kjsd__advperagentrankweighted__M4__L12__eps0p005__g0p0007__ds0p2__dm0p2
Problem: NK
Kernel: jsd
Advantage: peragentrankweighted
M: 4
lambda: 12
epsilon_svgd: 0.005
gamma: 0.0007
decay_start_ratio: 0.2
decay_min_factor: 0.2
bandwith_kernel: None
no_interact: False
avg_score: 0.757892370223999
median_score: 0.7581570148468018
std_score: 0.011734767816960812
percentiles: 2%=0.7328237891197205, 5%=0.7373208999633789, 10%=0.741930365562439, 25%=0.749577522277832, 50%=0.7581570148468018, 75%=0.7664356827735901, 90%=0.773436427116394, 95%=0.7762865424156189, 98%=0.7794671654701233
ranking_best_algo: Tabu
ranking_best_score: 0.7470791764843752
ranking_my_rank: 1/504 (100.0%)
ranking_my_percent: 100.0
