ConfigName: kjsd__advperagentrankweighted__M3__L30__eps0p005__g0p001__ds0p1__dm0p05
Problem: QUBO
Kernel: jsd
Advantage: peragentrankweighted
M: 3
lambda: 30
epsilon_svgd: 0.005
gamma: 0.001
decay_start_ratio: 0.1
decay_min_factor: 0.05
bandwith_kernel: None
no_interact: False
avg_score: -2490.679931640625
median_score: -2477.0
std_score: 124.58948516845703
percentiles: 2%=-2748.199951171875, 5%=-2705.60009765625, 10%=-2671.0, 25%=-2565.0, 50%=-2477.0, 75%=-2418.75, 90%=-2349.0, 95%=-2307.449951171875, 98%=-2260.800048828125
ranking_best_algo: SVM1MetaModelLogNormal
ranking_best_score: 2605.14
ranking_my_rank: 66/504 (87.1%)
ranking_my_percent: 87.10317460317461
