ConfigName: kjsd__advperagentrankweighted__M3__L20__eps0p007__g0p003__ds0p1__dm0p05
Problem: QUBO
Kernel: jsd
Advantage: peragentrankweighted
M: 3
lambda: 20
epsilon_svgd: 0.007
gamma: 0.003
decay_start_ratio: 0.1
decay_min_factor: 0.05
bandwith_kernel: None
no_interact: False
avg_score: -2350.0
median_score: -2340.5
std_score: 151.83082580566406
percentiles: 2%=-2669.800048828125, 5%=-2633.75, 10%=-2559.699951171875, 25%=-2436.25, 50%=-2340.5, 75%=-2221.25, 90%=-2164.89990234375, 95%=-2143.89990234375, 98%=-2122.9599609375
ranking_best_algo: SVM1MetaModelLogNormal
ranking_best_score: 2605.14
ranking_my_rank: 140/504 (72.4%)
ranking_my_percent: 72.42063492063492
