ConfigName: krbf__advnormalizedfitness__M4__L8__eps0p015__g0p005__ds0p15__dm0p3
Problem: QUBO
Kernel: rbf
Advantage: normalizedfitness
M: 4
lambda: 8
epsilon_svgd: 0.015
gamma: 0.005
decay_start_ratio: 0.15
decay_min_factor: 0.3
bandwith_kernel: None
no_interact: False
avg_score: -139.3000030517578
median_score: -141.0
std_score: 11.728171348571777
percentiles: 2%=-158.02000427246094, 5%=-158.0, 10%=-156.0, 25%=-146.5, 50%=-141.0, 75%=-131.0, 90%=-123.0, 95%=-119.0, 98%=-114.95999145507812
ranking_best_algo: DiscreteDE
ranking_best_score: 143.4
ranking_my_rank: 86/504 (83.1%)
ranking_my_percent: 83.13492063492063
