ConfigName: kjsd__advperagentrankweighted__M3__L18__eps0p005__g0p0005__ds0p05__dm0p2
Problem: QUBO
Kernel: jsd
Advantage: peragentrankweighted
M: 3
lambda: 18
epsilon_svgd: 0.005
gamma: 0.0005
decay_start_ratio: 0.05
decay_min_factor: 0.2
bandwith_kernel: None
no_interact: False
avg_score: -1189.8399658203125
median_score: -1183.0
std_score: 60.131805419921875
percentiles: 2%=-1349.4000244140625, 5%=-1307.199951171875, 10%=-1268.199951171875, 25%=-1219.75, 50%=-1183.0, 75%=-1145.5, 90%=-1123.0, 95%=-1110.0, 98%=-1099.6800537109375
ranking_best_algo: Tabu
ranking_best_score: 1216.16
ranking_my_rank: 55/504 (89.3%)
ranking_my_percent: 89.28571428571429
