ConfigName: kjsd__advperagentrankweighted__M4__L12__eps0p008__g0p0005__ds0p05__dm0p05
Problem: NK
Kernel: jsd
Advantage: peragentrankweighted
M: 4
lambda: 12
epsilon_svgd: 0.008
gamma: 0.0005
decay_start_ratio: 0.05
decay_min_factor: 0.05
bandwith_kernel: None
no_interact: False
avg_score: 0.7092669606208801
median_score: 0.7104816436767578
std_score: 0.015332094393670559
percentiles: 2%=0.6703855991363525, 5%=0.6714988350868225, 10%=0.6966617107391357, 25%=0.7066043615341187, 50%=0.7104816436767578, 75%=0.7191314101219177, 90%=0.7250528931617737, 95%=0.7321109771728516, 98%=0.7334840297698975
ranking_best_algo: CMApara
ranking_best_score: 0.707475975
ranking_my_rank: 1/504 (100.0%)
ranking_my_percent: 100.0
