ConfigName: kjsd__advperagentrankweighted__M3__L24__eps0p007__g0p001__ds0p2__dm0p2
Problem: QUBO
Kernel: jsd
Advantage: peragentrankweighted
M: 3
lambda: 24
epsilon_svgd: 0.007
gamma: 0.001
decay_start_ratio: 0.2
decay_min_factor: 0.2
bandwith_kernel: None
no_interact: False
avg_score: -426.2200012207031
median_score: -425.5
std_score: 28.805410385131836
percentiles: 2%=-481.0400085449219, 5%=-479.0, 10%=-471.0, 25%=-443.5, 50%=-425.5, 75%=-409.0, 90%=-390.79998779296875, 95%=-386.79998779296875, 98%=-363.7200012207031
ranking_best_algo: CMAL3
ranking_best_score: 435.36
ranking_my_rank: 23/504 (95.6%)
ranking_my_percent: 95.63492063492063
