ConfigName: kjsd__advperagentrankweighted__M3__L16__eps0p01__g0p0005__ds0p2__dm0p05
Problem: QUBO
Kernel: jsd
Advantage: peragentrankweighted
M: 3
lambda: 16
epsilon_svgd: 0.01
gamma: 0.0005
decay_start_ratio: 0.2
decay_min_factor: 0.05
bandwith_kernel: None
no_interact: False
avg_score: -407.5199890136719
median_score: -404.0
std_score: 29.480327606201172
percentiles: 2%=-459.0799865722656, 5%=-455.0, 10%=-448.29998779296875, 25%=-426.25, 50%=-404.0, 75%=-389.5, 90%=-367.3999938964844, 95%=-359.79998779296875, 98%=-353.8399963378906
ranking_best_algo: Tabu
ranking_best_score: 438.12
ranking_my_rank: 158/504 (68.8%)
ranking_my_percent: 68.84920634920636
