ConfigName: kjsd__advperagentrankweighted__M4__L12__eps0p005__g0p0005__ds0p2__dm0p2
Problem: NK
Kernel: jsd
Advantage: peragentrankweighted
M: 4
lambda: 12
epsilon_svgd: 0.005
gamma: 0.0005
decay_start_ratio: 0.2
decay_min_factor: 0.2
bandwith_kernel: None
no_interact: False
avg_score: 0.731647789478302
median_score: 0.7329968214035034
std_score: 0.010927724651992321
percentiles: 2%=0.7116686701774597, 5%=0.7138200402259827, 10%=0.7177390456199646, 25%=0.7248554229736328, 50%=0.7329968214035034, 75%=0.7381131649017334, 90%=0.744720458984375, 95%=0.7487227916717529, 98%=0.7518641948699951
ranking_best_algo: Tabu
ranking_best_score: 0.7429702712499999
ranking_my_rank: 2/504 (99.8%)
ranking_my_percent: 99.8015873015873
