ConfigName: krbf__advnormalizedfitness__M4__L10__eps0p01__g0p001__ds0p05__dm0p05
Problem: QUBO
Kernel: rbf
Advantage: normalizedfitness
M: 4
lambda: 10
epsilon_svgd: 0.01
gamma: 0.001
decay_start_ratio: 0.05
decay_min_factor: 0.05
bandwith_kernel: None
no_interact: False
avg_score: -412.4800109863281
median_score: -414.0
std_score: 27.12212562561035
percentiles: 2%=-469.0400085449219, 5%=-452.04998779296875, 10%=-447.3999938964844, 25%=-430.0, 50%=-414.0, 75%=-393.5, 90%=-378.0, 95%=-369.8999938964844, 98%=-361.7200012207031
ranking_best_algo: Tabu
ranking_best_score: 438.12
ranking_my_rank: 67/504 (86.9%)
ranking_my_percent: 86.9047619047619
