ConfigName: kjsd__advperagentrankweighted__M3__L18__eps0p01__g0p001__ds0p05__dm0p1
Problem: QUBO
Kernel: jsd
Advantage: peragentrankweighted
M: 3
lambda: 18
epsilon_svgd: 0.01
gamma: 0.001
decay_start_ratio: 0.05
decay_min_factor: 0.1
bandwith_kernel: None
no_interact: False
avg_score: -436.760009765625
median_score: -437.0
std_score: 27.379234313964844
percentiles: 2%=-481.0, 5%=-472.29998779296875, 10%=-469.1000061035156, 25%=-457.25, 50%=-437.0, 75%=-423.0, 90%=-399.70001220703125, 95%=-387.8999938964844, 98%=-368.8999938964844
ranking_best_algo: CMApara
ranking_best_score: 453.82
ranking_my_rank: 30/504 (94.2%)
ranking_my_percent: 94.24603174603175
