ConfigName: kjsd__advperagentrankweighted__M5__L10__eps0p01__g0p0005__ds0p4__dm0p2
Problem: NK
Kernel: jsd
Advantage: peragentrankweighted
M: 5
lambda: 10
epsilon_svgd: 0.01
gamma: 0.0005
decay_start_ratio: 0.4
decay_min_factor: 0.2
bandwith_kernel: None
no_interact: False
avg_score: 0.7530865669250488
median_score: 0.7526907920837402
std_score: 0.011613036505877972
percentiles: 2%=0.7316215634346008, 5%=0.7351760864257812, 10%=0.7375485897064209, 25%=0.7459365129470825, 50%=0.7526907920837402, 75%=0.7600584030151367, 90%=0.7700281143188477, 95%=0.7730555534362793, 98%=0.7798531651496887
ranking_best_algo: Tabu
ranking_best_score: 0.7470791764843752
ranking_my_rank: 1/504 (100.0%)
ranking_my_percent: 100.0
