ConfigName: kjsd__advperagentrankweighted__M4__L8__eps0p005__g0p0003__ds0p2__dm0p05
Problem: QUBO
Kernel: jsd
Advantage: peragentrankweighted
M: 4
lambda: 8
epsilon_svgd: 0.005
gamma: 0.0003
decay_start_ratio: 0.2
decay_min_factor: 0.05
bandwith_kernel: None
no_interact: False
avg_score: -307.2200012207031
median_score: -302.0
std_score: 38.426963806152344
percentiles: 2%=-388.0, 5%=-378.1000061035156, 10%=-358.79998779296875, 25%=-331.5, 50%=-302.0, 75%=-274.75, 90%=-260.79998779296875, 95%=-252.0, 98%=-246.97999572753906
ranking_best_algo: CMApara
ranking_best_score: 319.29999999999995
ranking_my_rank: 100/504 (80.4%)
ranking_my_percent: 80.35714285714286
