ConfigName: kjsd__advperagentrankweighted__M3__L16__eps0p007__g0p003__ds0p05__dm0p1
Problem: QUBO
Kernel: jsd
Advantage: peragentrankweighted
M: 3
lambda: 16
epsilon_svgd: 0.007
gamma: 0.003
decay_start_ratio: 0.05
decay_min_factor: 0.1
bandwith_kernel: None
no_interact: False
avg_score: -574.8200073242188
median_score: -574.5
std_score: 28.731996536254883
percentiles: 2%=-629.02001953125, 5%=-626.0499877929688, 10%=-608.0, 25%=-596.0, 50%=-574.5, 75%=-554.75, 90%=-539.7999877929688, 95%=-531.0, 98%=-521.0
ranking_best_algo: Tabu
ranking_best_score: 588.7199999999999
ranking_my_rank: 57/503 (88.9%)
ranking_my_percent: 88.86679920477137
