ConfigName: kjsd__advperagentrankweighted__M5__L10__eps0p01__g0p0007__ds0p05__dm0p2
Problem: NK
Kernel: jsd
Advantage: peragentrankweighted
M: 5
lambda: 10
epsilon_svgd: 0.01
gamma: 0.0007
decay_start_ratio: 0.05
decay_min_factor: 0.2
bandwith_kernel: None
no_interact: False
avg_score: 0.7555770874023438
median_score: 0.7554754018783569
std_score: 0.011053656227886677
percentiles: 2%=0.7358237504959106, 5%=0.738898515701294, 10%=0.7417647242546082, 25%=0.7457260489463806, 50%=0.7554754018783569, 75%=0.7640656232833862, 90%=0.769993007183075, 95%=0.7732163667678833, 98%=0.7775147557258606
ranking_best_algo: Tabu
ranking_best_score: 0.7470791764843752
ranking_my_rank: 1/504 (100.0%)
ranking_my_percent: 100.0
