ConfigName: kjsd__advperagentrankweighted__M5__L8__eps0p01__g0p0005__ds0p05__dm0p05
Problem: NK
Kernel: jsd
Advantage: peragentrankweighted
M: 5
lambda: 8
epsilon_svgd: 0.01
gamma: 0.0005
decay_start_ratio: 0.05
decay_min_factor: 0.05
bandwith_kernel: None
no_interact: False
avg_score: 0.7355502247810364
median_score: 0.7361024022102356
std_score: 0.009005165658891201
percentiles: 2%=0.7193165421485901, 5%=0.7205091118812561, 10%=0.7221179604530334, 25%=0.728678822517395, 50%=0.7361024022102356, 75%=0.7419846653938293, 90%=0.7457704544067383, 95%=0.7496890425682068, 98%=0.7515583038330078
ranking_best_algo: PBIL
ranking_best_score: 0.730509098125
ranking_my_rank: 1/504 (100.0%)
ranking_my_percent: 100.0
