ConfigName: krbf__advnormalizedfitness__M4__L8__eps0p025__g0p007__ds0p01__dm0p3
Problem: QUBO
Kernel: rbf
Advantage: normalizedfitness
M: 4
lambda: 8
epsilon_svgd: 0.025
gamma: 0.007
decay_start_ratio: 0.01
decay_min_factor: 0.3
bandwith_kernel: None
no_interact: False
avg_score: -2978.139892578125
median_score: -2961.0
std_score: 188.11936950683594
percentiles: 2%=-3330.580078125, 5%=-3310.10009765625, 10%=-3225.89990234375, 25%=-3130.75, 50%=-2961.0, 75%=-2823.25, 90%=-2745.5, 95%=-2709.75, 98%=-2675.7998046875
ranking_best_algo: RLSOnePlusOne
ranking_best_score: 3316.5199999999995
ranking_my_rank: 131/504 (74.2%)
ranking_my_percent: 74.2063492063492
