ConfigName: krbf__advnormalizedfitness__M4__L10__eps0p015__g0p01__ds0p3__dm0p3
Problem: NK
Kernel: rbf
Advantage: normalizedfitness
M: 4
lambda: 10
epsilon_svgd: 0.015
gamma: 0.01
decay_start_ratio: 0.3
decay_min_factor: 0.3
bandwith_kernel: None
no_interact: False
avg_score: 0.7108517289161682
median_score: 0.7003208994865417
std_score: 0.03197384253144264
percentiles: 2%=0.6730167865753174, 5%=0.6734843254089355, 10%=0.6776179671287537, 25%=0.6806510090827942, 50%=0.7003208994865417, 75%=0.7464770078659058, 90%=0.7527452111244202, 95%=0.7613165378570557, 98%=0.7613165378570557
ranking_best_algo: CMApara
ranking_best_score: 0.7118996098437498
ranking_my_rank: 10/504 (98.2%)
ranking_my_percent: 98.21428571428571
