ConfigName: kfr__advglobalrankweighted__M1__L7__eps0p02__g0p005__ds0p01__dm0p01
Problem: QUBO
Kernel: fr
Advantage: globalrankweighted
M: 1
lambda: 7
epsilon_svgd: 0.02
gamma: 0.005
decay_start_ratio: 0.01
decay_min_factor: 0.01
bandwith_kernel: None
no_interact: False
avg_score: -859.6799926757812
median_score: -859.0
std_score: 71.07740783691406
percentiles: 2%=-993.1199951171875, 5%=-983.0999755859375, 10%=-955.4000244140625, 25%=-910.0, 50%=-859.0, 75%=-814.0, 90%=-772.5999755859375, 95%=-730.7000122070312, 98%=-712.8800048828125
ranking_best_algo: CMAL3
ranking_best_score: 928.5800000000002
ranking_my_rank: 199/504 (60.7%)
ranking_my_percent: 60.714285714285715
