ConfigName: kjsd__advperagentrankweighted__M5__L10__eps0p02__g0p0003__ds0p2__dm0p05
Problem: QUBO
Kernel: jsd
Advantage: peragentrankweighted
M: 5
lambda: 10
epsilon_svgd: 0.02
gamma: 0.0003
decay_start_ratio: 0.2
decay_min_factor: 0.05
bandwith_kernel: None
no_interact: False
avg_score: -930.7999877929688
median_score: -927.0
std_score: 63.179901123046875
percentiles: 2%=-1058.280029296875, 5%=-1043.300048828125, 10%=-1020.0999755859375, 25%=-968.0, 50%=-927.0, 75%=-890.75, 90%=-856.7000122070312, 95%=-822.7999877929688, 98%=-816.719970703125
ranking_best_algo: CMApara
ranking_best_score: 964.9
ranking_my_rank: 19/504 (96.4%)
ranking_my_percent: 96.42857142857143
