ConfigName: kjsd__advperagentrankweighted__M4__L12__eps0p005__g0p001__ds0p1__dm0p05
Problem: NK
Kernel: jsd
Advantage: peragentrankweighted
M: 4
lambda: 12
epsilon_svgd: 0.005
gamma: 0.001
decay_start_ratio: 0.1
decay_min_factor: 0.05
bandwith_kernel: None
no_interact: False
avg_score: 0.7306157946586609
median_score: 0.7318408489227295
std_score: 0.009054920636117458
percentiles: 2%=0.7115616798400879, 5%=0.7161340713500977, 10%=0.7188132405281067, 25%=0.7235446572303772, 50%=0.7318408489227295, 75%=0.7367710471153259, 90%=0.74173903465271, 95%=0.7450263500213623, 98%=0.7462194561958313
ranking_best_algo: Tabu
ranking_best_score: 0.7429702712499999
ranking_my_rank: 2/504 (99.8%)
ranking_my_percent: 99.8015873015873
