ConfigName: kfr__advglobalrankweighted__M2__L10__eps0p01__g0p003__ds0p01__dm0p01
Problem: QUBO
Kernel: fr
Advantage: globalrankweighted
M: 2
lambda: 10
epsilon_svgd: 0.01
gamma: 0.003
decay_start_ratio: 0.01
decay_min_factor: 0.01
bandwith_kernel: None
no_interact: False
avg_score: -1298.6800537109375
median_score: -1305.5
std_score: 61.00326156616211
percentiles: 2%=-1403.06005859375, 5%=-1391.0999755859375, 10%=-1378.300048828125, 25%=-1345.0, 50%=-1305.5, 75%=-1249.5, 90%=-1213.4000244140625, 95%=-1200.4000244140625, 98%=-1184.760009765625
ranking_best_algo: BigLognormalDiscreteOnePlusOne
ranking_best_score: 1301.3600000000004
ranking_my_rank: 2/504 (99.8%)
ranking_my_percent: 99.8015873015873
