ConfigName: krbf__advnormalizedfitness__M3__L15__eps0p025__g0p01__ds0p05__dm0p05
Problem: QUBO
Kernel: rbf
Advantage: normalizedfitness
M: 3
lambda: 15
epsilon_svgd: 0.025
gamma: 0.01
decay_start_ratio: 0.05
decay_min_factor: 0.05
bandwith_kernel: None
no_interact: False
avg_score: -1174.0
median_score: -1168.5
std_score: 60.51033020019531
percentiles: 2%=-1341.0, 5%=-1294.0999755859375, 10%=-1243.5999755859375, 25%=-1199.5, 50%=-1168.5, 75%=-1134.0, 90%=-1105.9000244140625, 95%=-1088.800048828125, 98%=-1070.9200439453125
ranking_best_algo: Tabu
ranking_best_score: 1216.16
ranking_my_rank: 84/504 (83.5%)
ranking_my_percent: 83.53174603174604
