ConfigName: kfr__advglobalrankweighted__M2__L11__eps0p015__g0p007__ds0p01__dm0p01
Problem: QUBO
Kernel: fr
Advantage: globalrankweighted
M: 2
lambda: 11
epsilon_svgd: 0.015
gamma: 0.007
decay_start_ratio: 0.01
decay_min_factor: 0.01
bandwith_kernel: None
no_interact: False
avg_score: -2573.080078125
median_score: -2584.0
std_score: 130.85501098632812
percentiles: 2%=-2805.300048828125, 5%=-2773.39990234375, 10%=-2755.5, 25%=-2663.25, 50%=-2584.0, 75%=-2470.5, 90%=-2401.0, 95%=-2371.400146484375, 98%=-2289.719970703125
ranking_best_algo: SVM1MetaModelLogNormal
ranking_best_score: 2605.14
ranking_my_rank: 14/504 (97.4%)
ranking_my_percent: 97.42063492063492
