ConfigName: kjsd__advperagentrankweighted__M10__L24__eps0p008__g0p0005__ds0p3__dm0p05
Problem: QUBO
Kernel: jsd
Advantage: peragentrankweighted
M: 10
lambda: 24
epsilon_svgd: 0.008
gamma: 0.0005
decay_start_ratio: 0.3
decay_min_factor: 0.05
bandwith_kernel: None
no_interact: False
avg_score: -388.239990234375
median_score: -385.5
std_score: 29.71501922607422
percentiles: 2%=-451.0400085449219, 5%=-435.0, 10%=-427.20001220703125, 25%=-409.25, 50%=-385.5, 75%=-364.75, 90%=-350.0, 95%=-344.95001220703125, 98%=-335.0
ranking_best_algo: CMAL3
ranking_best_score: 435.36
ranking_my_rank: 270/504 (46.6%)
ranking_my_percent: 46.62698412698413
