ConfigName: krbf__advnormalizedfitness__M4__L10__eps0p025__g0p015__ds0p3__dm0p3
Problem: QUBO
Kernel: rbf
Advantage: normalizedfitness
M: 4
lambda: 10
epsilon_svgd: 0.025
gamma: 0.015
decay_start_ratio: 0.3
decay_min_factor: 0.3
bandwith_kernel: None
no_interact: False
avg_score: -134.52000427246094
median_score: -134.0
std_score: 10.109875679016113
percentiles: 2%=-152.02000427246094, 5%=-151.0, 10%=-148.0, 25%=-143.25, 50%=-134.0, 75%=-128.0, 90%=-121.0, 95%=-117.0, 98%=-116.95999145507812
ranking_best_algo: DiscreteDE
ranking_best_score: 143.4
ranking_my_rank: 289/504 (42.9%)
ranking_my_percent: 42.857142857142854
