ConfigName: kjsd__advperagentrankweighted__M4__L8__eps0p01__g0p0005__ds0p05__dm0p05
Problem: NK
Kernel: jsd
Advantage: peragentrankweighted
M: 4
lambda: 8
epsilon_svgd: 0.01
gamma: 0.0005
decay_start_ratio: 0.05
decay_min_factor: 0.05
bandwith_kernel: None
no_interact: False
avg_score: 0.7302782535552979
median_score: 0.7297954559326172
std_score: 0.008658936247229576
percentiles: 2%=0.7123145461082458, 5%=0.7162433862686157, 10%=0.7177111506462097, 25%=0.7252988219261169, 50%=0.7297954559326172, 75%=0.7361868023872375, 90%=0.7422176003456116, 95%=0.7443123459815979, 98%=0.7480678558349609
ranking_best_algo: PBIL
ranking_best_score: 0.7248786399609374
ranking_my_rank: 1/504 (100.0%)
ranking_my_percent: 100.0
