ConfigName: krbf__advnormalizedfitness__M4__L12__eps0p015__g0p015__ds0p3__dm0p01
Problem: NK
Kernel: rbf
Advantage: normalizedfitness
M: 4
lambda: 12
epsilon_svgd: 0.015
gamma: 0.015
decay_start_ratio: 0.3
decay_min_factor: 0.01
bandwith_kernel: None
no_interact: False
avg_score: 0.5714594125747681
median_score: 0.5702239274978638
std_score: 0.006096009165048599
percentiles: 2%=0.5624951720237732, 5%=0.5634083151817322, 10%=0.565618634223938, 25%=0.5675601363182068, 50%=0.5702239274978638, 75%=0.5739866495132446, 90%=0.5800354480743408, 95%=0.5817424654960632, 98%=0.58278888463974
ranking_best_algo: PBIL
ranking_best_score: 0.7170882103515624
ranking_my_rank: 393/504 (22.2%)
ranking_my_percent: 22.22222222222222
