ConfigName: krbf__advnormalizedfitness__M4__L15__eps0p015__g0p005__ds0p01__dm0p01
Problem: NK
Kernel: rbf
Advantage: normalizedfitness
M: 4
lambda: 15
epsilon_svgd: 0.015
gamma: 0.005
decay_start_ratio: 0.01
decay_min_factor: 0.01
bandwith_kernel: None
no_interact: False
avg_score: 0.5960573554039001
median_score: 0.5953929424285889
std_score: 0.013265365734696388
percentiles: 2%=0.5775020718574524, 5%=0.5782860517501831, 10%=0.580784261226654, 25%=0.5863258838653564, 50%=0.5953929424285889, 75%=0.6024987101554871, 90%=0.6159927845001221, 95%=0.6226681470870972, 98%=0.6310892701148987
ranking_best_algo: PBIL
ranking_best_score: 0.7170882103515624
ranking_my_rank: 363/504 (28.2%)
ranking_my_percent: 28.174603174603174
