ConfigName: kfr__advglobalrankweighted__M2__L8__eps0p015__g0p007__ds0p01__dm0p01
Problem: NK
Kernel: fr
Advantage: globalrankweighted
M: 2
lambda: 8
epsilon_svgd: 0.015
gamma: 0.007
decay_start_ratio: 0.01
decay_min_factor: 0.01
bandwith_kernel: None
no_interact: False
avg_score: 0.720424473285675
median_score: 0.7194726467132568
std_score: 0.007547059096395969
percentiles: 2%=0.7057330012321472, 5%=0.7084182500839233, 10%=0.7111084461212158, 25%=0.7154956459999084, 50%=0.7194726467132568, 75%=0.7253600358963013, 90%=0.7301502227783203, 95%=0.7319738268852234, 98%=0.7334215641021729
ranking_best_algo: PBIL
ranking_best_score: 0.7170882103515624
ranking_my_rank: 1/504 (100.0%)
ranking_my_percent: 100.0
