ConfigName: krbf__advnormalizedfitness__M2__L6__eps0p01__g0p015__ds0p01__dm0p3
Problem: QUBO
Kernel: rbf
Advantage: normalizedfitness
M: 2
lambda: 6
epsilon_svgd: 0.01
gamma: 0.015
decay_start_ratio: 0.01
decay_min_factor: 0.3
bandwith_kernel: None
no_interact: False
avg_score: -147.22000122070312
median_score: -145.0
std_score: 12.220949172973633
percentiles: 2%=-179.0, 5%=-179.0, 10%=-164.0, 25%=-154.25, 50%=-145.0, 75%=-140.75, 90%=-133.89999389648438, 95%=-129.0, 98%=-124.97999572753906
ranking_best_algo: CMApara
ranking_best_score: 154.28
ranking_my_rank: 98/504 (80.8%)
ranking_my_percent: 80.75396825396825
