ConfigName: krbf__advnormalizedfitness__M3__L10__eps0p033__g0p015__ds0p01__dm0p01
Problem: QUBO
Kernel: rbf
Advantage: normalizedfitness
M: 3
lambda: 10
epsilon_svgd: 0.033
gamma: 0.015
decay_start_ratio: 0.01
decay_min_factor: 0.01
bandwith_kernel: None
no_interact: False
avg_score: -3191.800048828125
median_score: -3198.5
std_score: 157.61827087402344
percentiles: 2%=-3462.199951171875, 5%=-3429.449951171875, 10%=-3381.5, 25%=-3309.75, 50%=-3198.5, 75%=-3070.75, 90%=-2979.60009765625, 95%=-2943.35009765625, 98%=-2873.760009765625
ranking_best_algo: RLSOnePlusOne
ranking_best_score: 3316.5199999999995
ranking_my_rank: 57/504 (88.9%)
ranking_my_percent: 88.88888888888889
