ConfigName: krbf__advnormalizedfitness__M3__L12__eps0p015__g0p01__ds0p15__dm0p3
Problem: QUBO
Kernel: rbf
Advantage: normalizedfitness
M: 3
lambda: 12
epsilon_svgd: 0.015
gamma: 0.01
decay_start_ratio: 0.15
decay_min_factor: 0.3
bandwith_kernel: None
no_interact: False
avg_score: -382.5199890136719
median_score: -378.5
std_score: 33.6162109375
percentiles: 2%=-451.1600036621094, 5%=-439.29998779296875, 10%=-427.0, 25%=-410.0, 50%=-378.5, 75%=-359.75, 90%=-338.79998779296875, 95%=-332.9000244140625, 98%=-323.89996337890625
ranking_best_algo: CMAL3
ranking_best_score: 435.36
ranking_my_rank: 303/504 (40.1%)
ranking_my_percent: 40.07936507936508
