ConfigName: kjsd__advperagentrankweighted__M3__L18__eps0p007__g0p0007__ds0p2__dm0p2
Problem: NK
Kernel: jsd
Advantage: peragentrankweighted
M: 3
lambda: 18
epsilon_svgd: 0.007
gamma: 0.0007
decay_start_ratio: 0.2
decay_min_factor: 0.2
bandwith_kernel: None
no_interact: False
avg_score: 0.7515754699707031
median_score: 0.7517874240875244
std_score: 0.014941264875233173
percentiles: 2%=0.719219982624054, 5%=0.7299821376800537, 10%=0.7337645292282104, 25%=0.7421472072601318, 50%=0.7517874240875244, 75%=0.7615108489990234, 90%=0.7688078880310059, 95%=0.7758981585502625, 98%=0.7830500602722168
ranking_best_algo: Tabu
ranking_best_score: 0.7657846284375001
ranking_my_rank: 15/504 (97.2%)
ranking_my_percent: 97.22222222222223
