ConfigName: krbf__advnormalizedfitness__M4__L8__eps0p015__g0p015__ds0p3__dm0p01
Problem: NK
Kernel: rbf
Advantage: normalizedfitness
M: 4
lambda: 8
epsilon_svgd: 0.015
gamma: 0.015
decay_start_ratio: 0.3
decay_min_factor: 0.01
bandwith_kernel: None
no_interact: False
avg_score: 0.5721284747123718
median_score: 0.5720203518867493
std_score: 0.005219947546720505
percentiles: 2%=0.5634499788284302, 5%=0.5643429756164551, 10%=0.5654054284095764, 25%=0.5681604146957397, 50%=0.5720203518867493, 75%=0.5752636194229126, 90%=0.5791749954223633, 95%=0.5817460417747498, 98%=0.5825813412666321
ranking_best_algo: PBIL
ranking_best_score: 0.7170882103515624
ranking_my_rank: 392/504 (22.4%)
ranking_my_percent: 22.42063492063492
