ConfigName: kjsd__advperagentrankweighted__M4__L10__eps0p02__g0p0003__ds0p05__dm0p05
Problem: QUBO
Kernel: jsd
Advantage: peragentrankweighted
M: 4
lambda: 10
epsilon_svgd: 0.02
gamma: 0.0003
decay_start_ratio: 0.05
decay_min_factor: 0.05
bandwith_kernel: None
no_interact: False
avg_score: -137.22000122070312
median_score: -139.0
std_score: 11.984640121459961
percentiles: 2%=-159.02000427246094, 5%=-156.0500030517578, 10%=-151.10000610351562, 25%=-145.25, 50%=-139.0, 75%=-129.0, 90%=-120.80000305175781, 95%=-115.0, 98%=-111.9800033569336
ranking_best_algo: DiscreteDE
ranking_best_score: 143.4
ranking_my_rank: 157/504 (69.0%)
ranking_my_percent: 69.04761904761905
