ConfigName: kfr__advglobalrankweighted__M3__L8__eps0p02__g0p007__ds0p01__dm0p01
Problem: QUBO
Kernel: fr
Advantage: globalrankweighted
M: 3
lambda: 8
epsilon_svgd: 0.02
gamma: 0.007
decay_start_ratio: 0.01
decay_min_factor: 0.01
bandwith_kernel: None
no_interact: False
avg_score: -438.82000732421875
median_score: -438.5
std_score: 25.280181884765625
percentiles: 2%=-487.1000061035156, 5%=-479.1000061035156, 10%=-472.0, 25%=-459.0, 50%=-438.5, 75%=-419.0, 90%=-404.8999938964844, 95%=-399.0, 98%=-389.8799743652344
ranking_best_algo: CMApara
ranking_best_score: 453.82
ranking_my_rank: 19/504 (96.4%)
ranking_my_percent: 96.42857142857143
