ConfigName: kjsd__advperagentrankweighted__M4__L24__eps0p005__g0p0005__ds0p2__dm0p05
Problem: NK
Kernel: jsd
Advantage: peragentrankweighted
M: 4
lambda: 24
epsilon_svgd: 0.005
gamma: 0.0005
decay_start_ratio: 0.2
decay_min_factor: 0.05
bandwith_kernel: None
no_interact: False
avg_score: 0.7449243664741516
median_score: 0.7423104643821716
std_score: 0.02824394218623638
percentiles: 2%=0.7062399983406067, 5%=0.7073842883110046, 10%=0.7116242051124573, 25%=0.7187036275863647, 50%=0.7423104643821716, 75%=0.7585474252700806, 90%=0.777646005153656, 95%=0.8048011064529419, 98%=0.8118547797203064
ranking_best_algo: CMApara
ranking_best_score: 0.7459277895312499
ranking_my_rank: 2/504 (99.8%)
ranking_my_percent: 99.8015873015873
