ConfigName: kjsd__advperagentrankweighted__M3__L18__eps0p007__g0p003__ds0p05__dm0p05
Problem: NK
Kernel: jsd
Advantage: peragentrankweighted
M: 3
lambda: 18
epsilon_svgd: 0.007
gamma: 0.003
decay_start_ratio: 0.05
decay_min_factor: 0.05
bandwith_kernel: None
no_interact: False
avg_score: 0.7444713115692139
median_score: 0.7419040203094482
std_score: 0.028164193034172058
percentiles: 2%=0.699958860874176, 5%=0.7056381106376648, 10%=0.7105557918548584, 25%=0.7215021848678589, 50%=0.7419040203094482, 75%=0.7580187320709229, 90%=0.7744922637939453, 95%=0.8044298887252808, 98%=0.8075970411300659
ranking_best_algo: CMApara
ranking_best_score: 0.7459277895312499
ranking_my_rank: 3/504 (99.6%)
ranking_my_percent: 99.60317460317461
