ConfigName: krbf__advnormalizedfitness__M4__L10__eps0p025__g0p007__ds0p15__dm0p3
Problem: QUBO
Kernel: rbf
Advantage: normalizedfitness
M: 4
lambda: 10
epsilon_svgd: 0.025
gamma: 0.007
decay_start_ratio: 0.15
decay_min_factor: 0.3
bandwith_kernel: None
no_interact: False
avg_score: -559.760009765625
median_score: -562.0
std_score: 32.341651916503906
percentiles: 2%=-621.0399780273438, 5%=-613.0999755859375, 10%=-607.0, 25%=-582.25, 50%=-562.0, 75%=-535.75, 90%=-517.1000366210938, 95%=-500.95001220703125, 98%=-497.97998046875
ranking_best_algo: Tabu
ranking_best_score: 588.7199999999999
ranking_my_rank: 101/503 (80.1%)
ranking_my_percent: 80.11928429423459
