ConfigName: kjsd__advperagentrankweighted__M5__L8__eps0p02__g0p0005__ds0p2__dm0p05
Problem: NK
Kernel: jsd
Advantage: peragentrankweighted
M: 5
lambda: 8
epsilon_svgd: 0.02
gamma: 0.0005
decay_start_ratio: 0.2
decay_min_factor: 0.05
bandwith_kernel: None
no_interact: False
avg_score: 0.7082210779190063
median_score: 0.7106999754905701
std_score: 0.015792669728398323
percentiles: 2%=0.668126106262207, 5%=0.6696622371673584, 10%=0.6922008991241455, 25%=0.7034931182861328, 50%=0.7106999754905701, 75%=0.7179430723190308, 90%=0.7251762747764587, 95%=0.7307634949684143, 98%=0.7328398823738098
ranking_best_algo: CMApara
ranking_best_score: 0.707475975
ranking_my_rank: 1/504 (100.0%)
ranking_my_percent: 100.0
