ConfigName: krbf__advnormalizedfitness__M1__L8__eps0p025__g0p007__ds0p15__dm0p01
Problem: QUBO
Kernel: rbf
Advantage: normalizedfitness
M: 1
lambda: 8
epsilon_svgd: 0.025
gamma: 0.007
decay_start_ratio: 0.15
decay_min_factor: 0.01
bandwith_kernel: None
no_interact: False
avg_score: -1208.6400146484375
median_score: -1206.0
std_score: 64.78495788574219
percentiles: 2%=-1331.0400390625, 5%=-1319.5, 10%=-1295.5999755859375, 25%=-1256.5, 50%=-1206.0, 75%=-1164.5, 90%=-1122.300048828125, 95%=-1110.6500244140625, 98%=-1091.5399169921875
ranking_best_algo: SVMMetaModelLogNormal
ranking_best_score: 1233.7999999999997
ranking_my_rank: 46/504 (91.1%)
ranking_my_percent: 91.07142857142857
