ConfigName: kfr__advglobalrankweighted__M4__L13__eps0p06__g0p005__ds0p01__dm0p01
Problem: QUBO
Kernel: fr
Advantage: globalrankweighted
M: 4
lambda: 13
epsilon_svgd: 0.06
gamma: 0.005
decay_start_ratio: 0.01
decay_min_factor: 0.01
bandwith_kernel: None
no_interact: False
avg_score: -1591.219970703125
median_score: -1592.0
std_score: 60.961395263671875
percentiles: 2%=-1712.02001953125, 5%=-1697.050048828125, 10%=-1677.800048828125, 25%=-1635.5, 50%=-1592.0, 75%=-1549.75, 90%=-1517.0, 95%=-1500.199951171875, 98%=-1468.52001953125
ranking_best_algo: NLOPT_LN_PRAXIS
ranking_best_score: 1607.12
ranking_my_rank: 39/504 (92.5%)
ranking_my_percent: 92.46031746031746
