ConfigName: krbf__advnormalizedfitness__M4__L8__eps0p025__g0p007__ds0p15__dm0p01
Problem: NK
Kernel: rbf
Advantage: normalizedfitness
M: 4
lambda: 8
epsilon_svgd: 0.025
gamma: 0.007
decay_start_ratio: 0.15
decay_min_factor: 0.01
bandwith_kernel: None
no_interact: False
avg_score: 0.7559118866920471
median_score: 0.7563445568084717
std_score: 0.011865627951920033
percentiles: 2%=0.7322624325752258, 5%=0.7363184094429016, 10%=0.7390598058700562, 25%=0.7475530505180359, 50%=0.7563445568084717, 75%=0.766159176826477, 90%=0.7716951370239258, 95%=0.7734273672103882, 98%=0.7776122689247131
ranking_best_algo: Tabu
ranking_best_score: 0.7657846284375001
ranking_my_rank: 4/504 (99.4%)
ranking_my_percent: 99.4047619047619
