ConfigName: kjsd__advperagentrankweighted__M6__L8__eps0p02__g0p0005__ds0p05__dm0p05
Problem: QUBO
Kernel: jsd
Advantage: peragentrankweighted
M: 6
lambda: 8
epsilon_svgd: 0.02
gamma: 0.0005
decay_start_ratio: 0.05
decay_min_factor: 0.05
bandwith_kernel: None
no_interact: False
avg_score: -310.29998779296875
median_score: -316.0
std_score: 38.18730163574219
percentiles: 2%=-390.0799865722656, 5%=-384.0, 10%=-360.0, 25%=-334.0, 50%=-316.0, 75%=-273.0, 90%=-265.0, 95%=-260.0, 98%=-257.9800109863281
ranking_best_algo: CMApara
ranking_best_score: 319.29999999999995
ranking_my_rank: 62/504 (87.9%)
ranking_my_percent: 87.89682539682539
