ConfigName: kjsd__advperagentrankweighted__M3__L18__eps0p01__g0p0007__ds0p05__dm0p1
Problem: QUBO
Kernel: jsd
Advantage: peragentrankweighted
M: 3
lambda: 18
epsilon_svgd: 0.01
gamma: 0.0007
decay_start_ratio: 0.05
decay_min_factor: 0.1
bandwith_kernel: None
no_interact: False
avg_score: -2635.800048828125
median_score: -2619.5
std_score: 128.20608520507812
percentiles: 2%=-2903.39990234375, 5%=-2846.35009765625, 10%=-2801.300048828125, 25%=-2737.25, 50%=-2619.5, 75%=-2541.75, 90%=-2488.0, 95%=-2441.85009765625, 98%=-2409.1201171875
ranking_best_algo: DiscreteLengler2OnePlusOne
ranking_best_score: 2617.04
ranking_my_rank: 1/504 (100.0%)
ranking_my_percent: 100.0
