ConfigName: kfr__advglobalrankweighted__M5__L8__eps0p02__g0p007__ds0p01__dm0p01
Problem: QUBO
Kernel: fr
Advantage: globalrankweighted
M: 5
lambda: 8
epsilon_svgd: 0.02
gamma: 0.007
decay_start_ratio: 0.01
decay_min_factor: 0.01
bandwith_kernel: None
no_interact: False
avg_score: -312.8599853515625
median_score: -314.0
std_score: 37.70119857788086
percentiles: 2%=-390.0400085449219, 5%=-388.0, 10%=-360.79998779296875, 25%=-338.5, 50%=-314.0, 75%=-277.75, 90%=-268.0, 95%=-260.0, 98%=-259.9599914550781
ranking_best_algo: CMApara
ranking_best_score: 319.29999999999995
ranking_my_rank: 31/504 (94.0%)
ranking_my_percent: 94.04761904761905
