ConfigName: kfr__advglobalrankweighted__M2__L10__eps0p02__g0p005__ds0p01__dm0p01
Problem: QUBO
Kernel: fr
Advantage: globalrankweighted
M: 2
lambda: 10
epsilon_svgd: 0.02
gamma: 0.005
decay_start_ratio: 0.01
decay_min_factor: 0.01
bandwith_kernel: None
no_interact: False
avg_score: -1167.760009765625
median_score: -1155.5
std_score: 65.91845703125
percentiles: 2%=-1331.199951171875, 5%=-1273.699951171875, 10%=-1254.199951171875, 25%=-1212.25, 50%=-1155.5, 75%=-1116.75, 90%=-1087.9000244140625, 95%=-1075.949951171875, 98%=-1064.8399658203125
ranking_best_algo: Tabu
ranking_best_score: 1216.16
ranking_my_rank: 93/504 (81.7%)
ranking_my_percent: 81.74603174603175
