ConfigName: krbf__advnormalizedfitness__M4__L15__eps0p033__g0p005__ds0p15__dm0p01
Problem: NK
Kernel: rbf
Advantage: normalizedfitness
M: 4
lambda: 15
epsilon_svgd: 0.033
gamma: 0.005
decay_start_ratio: 0.15
decay_min_factor: 0.01
bandwith_kernel: None
no_interact: False
avg_score: 0.6598339080810547
median_score: 0.6580733060836792
std_score: 0.0169785525649786
percentiles: 2%=0.6347483992576599, 5%=0.6356200575828552, 10%=0.6373056173324585, 25%=0.6463653445243835, 50%=0.6580733060836792, 75%=0.6727317571640015, 90%=0.6821905374526978, 95%=0.6865794658660889, 98%=0.6917598247528076
ranking_best_algo: PBIL
ranking_best_score: 0.7170882103515624
ranking_my_rank: 219/504 (56.7%)
ranking_my_percent: 56.74603174603175
