ConfigName: kjsd__advperagentrankweighted__M3__L20__eps0p005__g0p0005__ds0p1__dm0p05
Problem: QUBO
Kernel: jsd
Advantage: peragentrankweighted
M: 3
lambda: 20
epsilon_svgd: 0.005
gamma: 0.0005
decay_start_ratio: 0.1
decay_min_factor: 0.05
bandwith_kernel: None
no_interact: False
avg_score: -3317.080078125
median_score: -3330.0
std_score: 131.88189697265625
percentiles: 2%=-3543.219970703125, 5%=-3520.39990234375, 10%=-3495.300048828125, 25%=-3422.5, 50%=-3330.0, 75%=-3221.5, 90%=-3148.89990234375, 95%=-3093.89990234375, 98%=-3083.93994140625
ranking_best_algo: RLSOnePlusOne
ranking_best_score: 3316.5199999999995
ranking_my_rank: 1/504 (100.0%)
ranking_my_percent: 100.0
