ConfigName: kjsd__advperagentrankweighted__M3__L16__eps0p01__g0p0005__ds0p2__dm0p2
Problem: NK
Kernel: jsd
Advantage: peragentrankweighted
M: 3
lambda: 16
epsilon_svgd: 0.01
gamma: 0.0005
decay_start_ratio: 0.2
decay_min_factor: 0.2
bandwith_kernel: None
no_interact: False
avg_score: 0.7282093167304993
median_score: 0.7281792759895325
std_score: 0.010368610732257366
percentiles: 2%=0.7076480388641357, 5%=0.7121461033821106, 10%=0.7161605358123779, 25%=0.7211666703224182, 50%=0.7281792759895325, 75%=0.7341445684432983, 90%=0.7423461675643921, 95%=0.7437496185302734, 98%=0.7492803335189819
ranking_best_algo: Tabu
ranking_best_score: 0.7429702712499999
ranking_my_rank: 2/504 (99.8%)
ranking_my_percent: 99.8015873015873
