ConfigName: kfr__advglobalrankweighted__M4__L5__eps0p06__g0p001__ds0p01__dm0p01
Problem: QUBO
Kernel: fr
Advantage: globalrankweighted
M: 4
lambda: 5
epsilon_svgd: 0.06
gamma: 0.001
decay_start_ratio: 0.01
decay_min_factor: 0.01
bandwith_kernel: None
no_interact: False
avg_score: -130.6999969482422
median_score: -129.0
std_score: 13.536248207092285
percentiles: 2%=-152.1199951171875, 5%=-150.0500030517578, 10%=-149.0, 25%=-142.5, 50%=-129.0, 75%=-122.0, 90%=-113.0, 95%=-106.94999694824219, 98%=-102.95999908447266
ranking_best_algo: DiscreteDE
ranking_best_score: 143.4
ranking_my_rank: 323/504 (36.1%)
ranking_my_percent: 36.111111111111114
