ConfigName: krbf__advnormalizedfitness__M3__L8__eps0p025__g0p007__ds0p01__dm0p3
Problem: QUBO
Kernel: rbf
Advantage: normalizedfitness
M: 3
lambda: 8
epsilon_svgd: 0.025
gamma: 0.007
decay_start_ratio: 0.01
decay_min_factor: 0.3
bandwith_kernel: None
no_interact: False
avg_score: -415.2799987792969
median_score: -418.0
std_score: 24.55609130859375
percentiles: 2%=-467.0799865722656, 5%=-454.04998779296875, 10%=-447.0, 25%=-430.0, 50%=-418.0, 75%=-398.0, 90%=-380.0, 95%=-373.8500061035156, 98%=-369.91998291015625
ranking_best_algo: Tabu
ranking_best_score: 438.12
ranking_my_rank: 50/504 (90.3%)
ranking_my_percent: 90.27777777777777
