ConfigName: krbf__advnormalizedfitness__M1__L8__eps0p025__g0p007__ds0p01__dm0p01
Problem: QUBO
Kernel: rbf
Advantage: normalizedfitness
M: 1
lambda: 8
epsilon_svgd: 0.025
gamma: 0.007
decay_start_ratio: 0.01
decay_min_factor: 0.01
bandwith_kernel: None
no_interact: False
avg_score: -314.9800109863281
median_score: -320.0
std_score: 27.815814971923828
percentiles: 2%=-357.0799865722656, 5%=-350.04998779296875, 10%=-348.1000061035156, 25%=-340.0, 50%=-320.0, 75%=-295.0, 90%=-276.0, 95%=-267.9000244140625, 98%=-253.87997436523438
ranking_best_algo: CMApara
ranking_best_score: 344.22
ranking_my_rank: 205/504 (59.5%)
ranking_my_percent: 59.523809523809526
