ConfigName: kfr__advglobalrankweighted__M2__L7__eps0p015__g0p005__ds0p01__dm0p01
Problem: QUBO
Kernel: fr
Advantage: globalrankweighted
M: 2
lambda: 7
epsilon_svgd: 0.015
gamma: 0.005
decay_start_ratio: 0.01
decay_min_factor: 0.01
bandwith_kernel: None
no_interact: False
avg_score: -2603.659912109375
median_score: -2596.0
std_score: 117.27798461914062
percentiles: 2%=-2819.06005859375, 5%=-2792.75, 10%=-2760.39990234375, 25%=-2692.5, 50%=-2596.0, 75%=-2511.25, 90%=-2461.0, 95%=-2406.400146484375, 98%=-2381.52001953125
ranking_best_algo: DiscreteLengler2OnePlusOne
ranking_best_score: 2617.04
ranking_my_rank: 3/504 (99.6%)
ranking_my_percent: 99.60317460317461
