ConfigName: krbf__advnormalizedfitness__M3__L15__eps0p015__g0p01__ds0p15__dm0p01
Problem: NK
Kernel: rbf
Advantage: normalizedfitness
M: 3
lambda: 15
epsilon_svgd: 0.015
gamma: 0.01
decay_start_ratio: 0.15
decay_min_factor: 0.01
bandwith_kernel: None
no_interact: False
avg_score: 0.715928852558136
median_score: 0.7155953645706177
std_score: 0.010694772005081177
percentiles: 2%=0.6924818158149719, 5%=0.6969096660614014, 10%=0.7010709643363953, 25%=0.7088794112205505, 50%=0.7155953645706177, 75%=0.7232973575592041, 90%=0.7296928763389587, 95%=0.732096791267395, 98%=0.7352303266525269
ranking_best_algo: PBIL
ranking_best_score: 0.7248786399609374
ranking_my_rank: 50/504 (90.3%)
ranking_my_percent: 90.27777777777777
