ConfigName: kjsd__advperagentrankweighted__M3__L24__eps0p007__g0p0005__ds0p2__dm0p1
Problem: QUBO
Kernel: jsd
Advantage: peragentrankweighted
M: 3
lambda: 24
epsilon_svgd: 0.007
gamma: 0.0005
decay_start_ratio: 0.2
decay_min_factor: 0.1
bandwith_kernel: None
no_interact: False
avg_score: -1306.5
median_score: -1301.0
std_score: 55.57274627685547
percentiles: 2%=-1414.3599853515625, 5%=-1400.5999755859375, 10%=-1385.199951171875, 25%=-1350.0, 50%=-1301.0, 75%=-1262.75, 90%=-1238.800048828125, 95%=-1224.9000244140625, 98%=-1216.9599609375
ranking_best_algo: BigLognormalDiscreteOnePlusOne
ranking_best_score: 1301.3600000000004
ranking_my_rank: 1/504 (100.0%)
ranking_my_percent: 100.0
