ConfigName: kjsd__advperagentrankweighted__M3__L16__eps0p005__g0p0005__ds0p05__dm0p2
Problem: NK
Kernel: jsd
Advantage: peragentrankweighted
M: 3
lambda: 16
epsilon_svgd: 0.005
gamma: 0.0005
decay_start_ratio: 0.05
decay_min_factor: 0.2
bandwith_kernel: None
no_interact: False
avg_score: 0.7509982585906982
median_score: 0.7514863014221191
std_score: 0.01362819317728281
percentiles: 2%=0.7221418023109436, 5%=0.7260201573371887, 10%=0.729850709438324, 25%=0.7432482242584229, 50%=0.7514863014221191, 75%=0.7606430649757385, 90%=0.7667609453201294, 95%=0.7690959572792053, 98%=0.7752992510795593
ranking_best_algo: Tabu
ranking_best_score: 0.7657846284375001
ranking_my_rank: 18/504 (96.6%)
ranking_my_percent: 96.62698412698413
