ConfigName: kjsd__advperagentrankweighted__M3__L18__eps0p01__g0p003__ds0p1__dm0p2
Problem: NK
Kernel: jsd
Advantage: peragentrankweighted
M: 3
lambda: 18
epsilon_svgd: 0.01
gamma: 0.003
decay_start_ratio: 0.1
decay_min_factor: 0.2
bandwith_kernel: None
no_interact: False
avg_score: 0.710578203201294
median_score: 0.7116578817367554
std_score: 0.015168468467891216
percentiles: 2%=0.6720798015594482, 5%=0.6730373501777649, 10%=0.6972984075546265, 25%=0.7076952457427979, 50%=0.7116578817367554, 75%=0.7186818718910217, 90%=0.7254720330238342, 95%=0.7316259741783142, 98%=0.7328662276268005
ranking_best_algo: CMApara
ranking_best_score: 0.707475975
ranking_my_rank: 1/504 (100.0%)
ranking_my_percent: 100.0
