ConfigName: kfr__advglobalrankweighted__M3__L9__eps0p02__g0p007__ds0p01__dm0p01
Problem: QUBO
Kernel: fr
Advantage: globalrankweighted
M: 3
lambda: 9
epsilon_svgd: 0.02
gamma: 0.007
decay_start_ratio: 0.01
decay_min_factor: 0.01
bandwith_kernel: None
no_interact: False
avg_score: -434.55999755859375
median_score: -435.5
std_score: 25.59543800354004
percentiles: 2%=-477.2200012207031, 5%=-472.0, 10%=-467.0, 25%=-457.0, 50%=-435.5, 75%=-415.5, 90%=-404.8999938964844, 95%=-394.70001220703125, 98%=-376.0
ranking_best_algo: CMApara
ranking_best_score: 453.82
ranking_my_rank: 39/504 (92.5%)
ranking_my_percent: 92.46031746031746
