ConfigName: krbf__advnormalizedfitness__M2__L8__eps0p025__g0p01__ds0p3__dm0p01
Problem: QUBO
Kernel: rbf
Advantage: normalizedfitness
M: 2
lambda: 8
epsilon_svgd: 0.025
gamma: 0.01
decay_start_ratio: 0.3
decay_min_factor: 0.01
bandwith_kernel: None
no_interact: False
avg_score: -326.8999938964844
median_score: -327.5
std_score: 21.398832321166992
percentiles: 2%=-372.0, 5%=-355.8500061035156, 10%=-350.0, 25%=-342.0, 50%=-327.5, 75%=-311.5, 90%=-298.0, 95%=-289.79998779296875, 98%=-283.9200134277344
ranking_best_algo: CMApara
ranking_best_score: 344.22
ranking_my_rank: 111/504 (78.2%)
ranking_my_percent: 78.17460317460318
