ConfigName: krbf__advnormalizedfitness__M2__L6__eps0p02__g0p006__ds0p01__dm0p3
Problem: QUBO
Kernel: rbf
Advantage: normalizedfitness
M: 2
lambda: 6
epsilon_svgd: 0.02
gamma: 0.006
decay_start_ratio: 0.01
decay_min_factor: 0.3
bandwith_kernel: None
no_interact: False
avg_score: -402.4200134277344
median_score: -405.5
std_score: 27.701688766479492
percentiles: 2%=-454.0199890136719, 5%=-444.1000061035156, 10%=-433.0, 25%=-418.5, 50%=-405.5, 75%=-385.5, 90%=-365.4000244140625, 95%=-351.8000183105469, 98%=-345.7999572753906
ranking_best_algo: Tabu
ranking_best_score: 438.12
ranking_my_rank: 219/504 (56.7%)
ranking_my_percent: 56.74603174603175
