ConfigName: kjsd__advperagentrankweighted__M6__L10__eps0p005__g0p0005__ds0p05__dm0p05
Problem: NK
Kernel: jsd
Advantage: peragentrankweighted
M: 6
lambda: 10
epsilon_svgd: 0.005
gamma: 0.0005
decay_start_ratio: 0.05
decay_min_factor: 0.05
bandwith_kernel: None
no_interact: False
avg_score: 0.7447162866592407
median_score: 0.7441517114639282
std_score: 0.011902588419616222
percentiles: 2%=0.7260499000549316, 5%=0.72795170545578, 10%=0.7293930649757385, 25%=0.7343510985374451, 50%=0.7441517114639282, 75%=0.7539421916007996, 90%=0.7597274780273438, 95%=0.7636175155639648, 98%=0.7696440815925598
ranking_best_algo: Tabu
ranking_best_score: 0.7601875690625
ranking_my_rank: 5/504 (99.2%)
ranking_my_percent: 99.2063492063492
