ConfigName: kjsd__advperagentrankweighted__M3__L16__eps0p005__g0p001__ds0p1__dm0p05
Problem: NK
Kernel: jsd
Advantage: peragentrankweighted
M: 3
lambda: 16
epsilon_svgd: 0.005
gamma: 0.001
decay_start_ratio: 0.1
decay_min_factor: 0.05
bandwith_kernel: None
no_interact: False
avg_score: 0.7366698980331421
median_score: 0.7379966378211975
std_score: 0.008813874796032906
percentiles: 2%=0.7168973684310913, 5%=0.7186682820320129, 10%=0.7219542264938354, 25%=0.732338011264801, 50%=0.7379966378211975, 75%=0.743290901184082, 90%=0.7465074062347412, 95%=0.7470484972000122, 98%=0.7489264607429504
ranking_best_algo: PBIL
ranking_best_score: 0.7248786399609374
ranking_my_rank: 1/504 (100.0%)
ranking_my_percent: 100.0
