ConfigName: kjsd__advperagentrankweighted__M3__L24__eps0p005__g0p0005__ds0p1__dm0p05
Problem: QUBO
Kernel: jsd
Advantage: peragentrankweighted
M: 3
lambda: 24
epsilon_svgd: 0.005
gamma: 0.0005
decay_start_ratio: 0.1
decay_min_factor: 0.05
bandwith_kernel: None
no_interact: False
avg_score: -409.9800109863281
median_score: -414.0
std_score: 26.629301071166992
percentiles: 2%=-461.20001220703125, 5%=-453.04998779296875, 10%=-440.1000061035156, 25%=-427.25, 50%=-414.0, 75%=-389.5, 90%=-374.0, 95%=-368.0, 98%=-358.0
ranking_best_algo: Tabu
ranking_best_score: 438.12
ranking_my_rank: 92/504 (81.9%)
ranking_my_percent: 81.94444444444444
