ConfigName: krbf__advnormalizedfitness__M3__L8__eps0p015__g0p005__ds0p15__dm0p01
Problem: NK
Kernel: rbf
Advantage: normalizedfitness
M: 3
lambda: 8
epsilon_svgd: 0.015
gamma: 0.005
decay_start_ratio: 0.15
decay_min_factor: 0.01
bandwith_kernel: None
no_interact: False
avg_score: 0.757469654083252
median_score: 0.7570053935050964
std_score: 0.012221211567521095
percentiles: 2%=0.7323341369628906, 5%=0.738894522190094, 10%=0.7421140670776367, 25%=0.749271810054779, 50%=0.7570053935050964, 75%=0.766193151473999, 90%=0.7746184468269348, 95%=0.7758652567863464, 98%=0.7808285355567932
ranking_best_algo: Tabu
ranking_best_score: 0.7470791764843752
ranking_my_rank: 1/504 (100.0%)
ranking_my_percent: 100.0
