ConfigName: kjsd__advperagentrankweighted__M4__L24__eps0p007__g0p0005__ds0p05__dm0p05
Problem: QUBO
Kernel: jsd
Advantage: peragentrankweighted
M: 4
lambda: 24
epsilon_svgd: 0.007
gamma: 0.0005
decay_start_ratio: 0.05
decay_min_factor: 0.05
bandwith_kernel: None
no_interact: False
avg_score: -149.47999572753906
median_score: -147.0
std_score: 12.1412353515625
percentiles: 2%=-179.0, 5%=-179.0, 10%=-160.39999389648438, 25%=-155.0, 50%=-147.0, 75%=-141.0, 90%=-136.0, 95%=-132.89999389648438, 98%=-126.95999908447266
ranking_best_algo: CMApara
ranking_best_score: 154.28
ranking_my_rank: 77/504 (84.9%)
ranking_my_percent: 84.92063492063492
