ConfigName: kjsd__advperagentrankweighted__M3__L18__eps0p01__g0p0007__ds0p1__dm0p05
Problem: QUBO
Kernel: jsd
Advantage: peragentrankweighted
M: 3
lambda: 18
epsilon_svgd: 0.01
gamma: 0.0007
decay_start_ratio: 0.1
decay_min_factor: 0.05
bandwith_kernel: None
no_interact: False
avg_score: -580.760009765625
median_score: -579.5
std_score: 27.585182189941406
percentiles: 2%=-629.1199951171875, 5%=-623.2000122070312, 10%=-615.2000122070312, 25%=-604.75, 50%=-579.5, 75%=-561.75, 90%=-542.9000244140625, 95%=-537.9000244140625, 98%=-529.9400024414062
ranking_best_algo: Tabu
ranking_best_score: 588.7199999999999
ranking_my_rank: 37/503 (92.8%)
ranking_my_percent: 92.84294234592446
