ConfigName: kjsd__advperagentrankweighted__M3__L24__eps0p005__g0p0005__ds0p1__dm0p1
Problem: QUBO
Kernel: jsd
Advantage: peragentrankweighted
M: 3
lambda: 24
epsilon_svgd: 0.005
gamma: 0.0005
decay_start_ratio: 0.1
decay_min_factor: 0.1
bandwith_kernel: None
no_interact: False
avg_score: -137.72000122070312
median_score: -138.0
std_score: 11.961671829223633
percentiles: 2%=-158.0399932861328, 5%=-157.0, 10%=-152.0, 25%=-146.0, 50%=-138.0, 75%=-130.0, 90%=-123.0, 95%=-118.9000015258789, 98%=-108.9800033569336
ranking_best_algo: DiscreteDE
ranking_best_score: 143.4
ranking_my_rank: 118/504 (76.8%)
ranking_my_percent: 76.78571428571429
