ConfigName: kjsd__advperagentrankweighted__M4__L12__eps0p02__g0p0005__ds0p05__dm0p05
Problem: QUBO
Kernel: jsd
Advantage: peragentrankweighted
M: 4
lambda: 12
epsilon_svgd: 0.02
gamma: 0.0005
decay_start_ratio: 0.05
decay_min_factor: 0.05
bandwith_kernel: None
no_interact: False
avg_score: -2631.760009765625
median_score: -2633.5
std_score: 121.44078063964844
percentiles: 2%=-2905.1201171875, 5%=-2817.050048828125, 10%=-2778.199951171875, 25%=-2717.0, 50%=-2633.5, 75%=-2537.5, 90%=-2485.39990234375, 95%=-2449.39990234375, 98%=-2389.6201171875
ranking_best_algo: DiscreteLengler2OnePlusOne
ranking_best_score: 2617.04
ranking_my_rank: 1/504 (100.0%)
ranking_my_percent: 100.0
