ConfigName: krbf__advnormalizedfitness__M3__L8__eps0p033__g0p015__ds0p15__dm0p01
Problem: QUBO
Kernel: rbf
Advantage: normalizedfitness
M: 3
lambda: 8
epsilon_svgd: 0.033
gamma: 0.015
decay_start_ratio: 0.15
decay_min_factor: 0.01
bandwith_kernel: None
no_interact: False
avg_score: -1189.06005859375
median_score: -1182.5
std_score: 63.295623779296875
percentiles: 2%=-1329.3199462890625, 5%=-1297.800048828125, 10%=-1265.9000244140625, 25%=-1227.0, 50%=-1182.5, 75%=-1143.75, 90%=-1118.9000244140625, 95%=-1079.6500244140625, 98%=-1069.9599609375
ranking_best_algo: Tabu
ranking_best_score: 1216.16
ranking_my_rank: 57/504 (88.9%)
ranking_my_percent: 88.88888888888889
