ConfigName: kjsd__advperagentrankweighted__M3__L16__eps0p007__g0p003__ds0p05__dm0p05
Problem: QUBO
Kernel: jsd
Advantage: peragentrankweighted
M: 3
lambda: 16
epsilon_svgd: 0.007
gamma: 0.003
decay_start_ratio: 0.05
decay_min_factor: 0.05
bandwith_kernel: None
no_interact: False
avg_score: -2571.93994140625
median_score: -2574.0
std_score: 136.32504272460938
percentiles: 2%=-2799.02001953125, 5%=-2779.25, 10%=-2738.60009765625, 25%=-2684.0, 50%=-2574.0, 75%=-2468.75, 90%=-2392.5, 95%=-2368.75, 98%=-2263.300048828125
ranking_best_algo: DiscreteLengler2OnePlusOne
ranking_best_score: 2617.04
ranking_my_rank: 50/504 (90.3%)
ranking_my_percent: 90.27777777777777
