ConfigName: kjsd__advperagentrankweighted__M8__L8__eps0p005__g0p0005__ds0p05__dm0p05
Problem: QUBO
Kernel: jsd
Advantage: peragentrankweighted
M: 8
lambda: 8
epsilon_svgd: 0.005
gamma: 0.0005
decay_start_ratio: 0.05
decay_min_factor: 0.05
bandwith_kernel: None
no_interact: False
avg_score: -140.86000061035156
median_score: -141.5
std_score: 10.689265251159668
percentiles: 2%=-160.0, 5%=-159.0, 10%=-155.3000030517578, 25%=-150.0, 50%=-141.5, 75%=-132.0, 90%=-127.0, 95%=-124.94999694824219, 98%=-123.0
ranking_best_algo: DiscreteDE
ranking_best_score: 143.4
ranking_my_rank: 74/504 (85.5%)
ranking_my_percent: 85.51587301587301
