ConfigName: kjsd__advperagentrankweighted__M3__L20__eps0p005__g0p003__ds0p2__dm0p2
Problem: QUBO
Kernel: jsd
Advantage: peragentrankweighted
M: 3
lambda: 20
epsilon_svgd: 0.005
gamma: 0.003
decay_start_ratio: 0.2
decay_min_factor: 0.2
bandwith_kernel: None
no_interact: False
avg_score: -787.5
median_score: -790.5
std_score: 78.53362274169922
percentiles: 2%=-946.4600219726562, 5%=-920.0999755859375, 10%=-884.0, 25%=-833.25, 50%=-790.5, 75%=-733.25, 90%=-688.9000244140625, 95%=-660.75, 98%=-629.9000244140625
ranking_best_algo: CMAL3
ranking_best_score: 928.5800000000002
ranking_my_rank: 291/504 (42.5%)
ranking_my_percent: 42.46031746031746
