ConfigName: krbf__advnormalizedfitness__M4__L10__eps0p025__g0p007__ds0p3__dm0p01
Problem: NK
Kernel: rbf
Advantage: normalizedfitness
M: 4
lambda: 10
epsilon_svgd: 0.025
gamma: 0.007
decay_start_ratio: 0.3
decay_min_factor: 0.01
bandwith_kernel: None
no_interact: False
avg_score: 0.7288972735404968
median_score: 0.7303588390350342
std_score: 0.01058744452893734
percentiles: 2%=0.7052466869354248, 5%=0.7091931104660034, 10%=0.7123779058456421, 25%=0.7236688137054443, 50%=0.7303588390350342, 75%=0.7367658019065857, 90%=0.7394160032272339, 95%=0.7437820434570312, 98%=0.7468578219413757
ranking_best_algo: PBIL
ranking_best_score: 0.7248786399609374
ranking_my_rank: 1/504 (100.0%)
ranking_my_percent: 100.0
