ConfigName: kjsd__advperagentrankweighted__M3__L16__eps0p01__g0p0005__ds0p2__dm0p1
Problem: NK
Kernel: jsd
Advantage: peragentrankweighted
M: 3
lambda: 16
epsilon_svgd: 0.01
gamma: 0.0005
decay_start_ratio: 0.2
decay_min_factor: 0.1
bandwith_kernel: None
no_interact: False
avg_score: 0.7053745985031128
median_score: 0.7072031497955322
std_score: 0.01176240760833025
percentiles: 2%=0.6860443949699402, 5%=0.6870348453521729, 10%=0.6884430050849915, 25%=0.6936915516853333, 50%=0.7072031497955322, 75%=0.7161203622817993, 90%=0.7186145186424255, 95%=0.7208683490753174, 98%=0.7220286726951599
ranking_best_algo: PBIL
ranking_best_score: 0.7013553837109374
ranking_my_rank: 1/504 (100.0%)
ranking_my_percent: 100.0
