ConfigName: krbf__advnormalizedfitness__M3__L15__eps0p015__g0p005__ds0p15__dm0p01
Problem: NK
Kernel: rbf
Advantage: normalizedfitness
M: 3
lambda: 15
epsilon_svgd: 0.015
gamma: 0.005
decay_start_ratio: 0.15
decay_min_factor: 0.01
bandwith_kernel: None
no_interact: False
avg_score: 0.7375161051750183
median_score: 0.7394614219665527
std_score: 0.008927195332944393
percentiles: 2%=0.7200750708580017, 5%=0.7213300466537476, 10%=0.723249614238739, 25%=0.7321482300758362, 50%=0.7394614219665527, 75%=0.7437755465507507, 90%=0.7473071813583374, 95%=0.7492880821228027, 98%=0.7518057227134705
ranking_best_algo: PBIL
ranking_best_score: 0.730509098125
ranking_my_rank: 1/504 (100.0%)
ranking_my_percent: 100.0
