ConfigName: krbf__advnormalizedfitness__M1__L8__eps0p025__g0p015__ds0p3__dm0p01
Problem: NK
Kernel: rbf
Advantage: normalizedfitness
M: 1
lambda: 8
epsilon_svgd: 0.025
gamma: 0.015
decay_start_ratio: 0.3
decay_min_factor: 0.01
bandwith_kernel: None
no_interact: False
avg_score: 0.7485005855560303
median_score: 0.7481966018676758
std_score: 0.013668658211827278
percentiles: 2%=0.721828818321228, 5%=0.7241272926330566, 10%=0.7306888103485107, 25%=0.7393596172332764, 50%=0.7481966018676758, 75%=0.757023811340332, 90%=0.7651476860046387, 95%=0.7689487934112549, 98%=0.7792941331863403
ranking_best_algo: Tabu
ranking_best_score: 0.7470791764843752
ranking_my_rank: 1/504 (100.0%)
ranking_my_percent: 100.0
