ConfigName: kjsd__advperagentrankweighted__M3__L18__eps0p005__g0p0007__ds0p05__dm0p2
Problem: NK
Kernel: jsd
Advantage: peragentrankweighted
M: 3
lambda: 18
epsilon_svgd: 0.005
gamma: 0.0007
decay_start_ratio: 0.05
decay_min_factor: 0.2
bandwith_kernel: None
no_interact: False
avg_score: 0.7103817462921143
median_score: 0.7113558650016785
std_score: 0.015096552670001984
percentiles: 2%=0.6720545887947083, 5%=0.6738125085830688, 10%=0.693881630897522, 25%=0.7075578570365906, 50%=0.7113558650016785, 75%=0.7188606262207031, 90%=0.725042462348938, 95%=0.7323127388954163, 98%=0.7331671714782715
ranking_best_algo: CMApara
ranking_best_score: 0.707475975
ranking_my_rank: 1/504 (100.0%)
ranking_my_percent: 100.0
