ConfigName: kfr__advglobalrankweighted__M5__L8__eps0p015__g0p003__ds0p01__dm0p01
Problem: QUBO
Kernel: fr
Advantage: globalrankweighted
M: 5
lambda: 8
epsilon_svgd: 0.015
gamma: 0.003
decay_start_ratio: 0.01
decay_min_factor: 0.01
bandwith_kernel: None
no_interact: False
avg_score: -583.4400024414062
median_score: -583.5
std_score: 27.630535125732422
percentiles: 2%=-635.1199951171875, 5%=-628.0999755859375, 10%=-621.0, 25%=-602.25, 50%=-583.5, 75%=-562.5, 90%=-547.9000244140625, 95%=-540.8500366210938, 98%=-528.0
ranking_best_algo: Tabu
ranking_best_score: 588.7199999999999
ranking_my_rank: 5/503 (99.2%)
ranking_my_percent: 99.20477137176938
