ConfigName: krbf__advnormalizedfitness__M3__L15__eps0p033__g0p005__ds0p3__dm0p01
Problem: QUBO
Kernel: rbf
Advantage: normalizedfitness
M: 3
lambda: 15
epsilon_svgd: 0.033
gamma: 0.005
decay_start_ratio: 0.3
decay_min_factor: 0.01
bandwith_kernel: None
no_interact: False
avg_score: -1597.5400390625
median_score: -1607.0
std_score: 66.7644271850586
percentiles: 2%=-1733.1600341796875, 5%=-1705.300048828125, 10%=-1673.0999755859375, 25%=-1649.0, 50%=-1607.0, 75%=-1541.0, 90%=-1508.699951171875, 95%=-1494.35009765625, 98%=-1478.919921875
ranking_best_algo: NLOPT_LN_PRAXIS
ranking_best_score: 1607.12
ranking_my_rank: 13/504 (97.6%)
ranking_my_percent: 97.61904761904762
