ConfigName: krbf__advnormalizedfitness__M4__L8__eps0p025__g0p005__ds0p01__dm0p3
Problem: QUBO
Kernel: rbf
Advantage: normalizedfitness
M: 4
lambda: 8
epsilon_svgd: 0.025
gamma: 0.005
decay_start_ratio: 0.01
decay_min_factor: 0.3
bandwith_kernel: None
no_interact: False
avg_score: -1181.6800537109375
median_score: -1175.5
std_score: 60.752262115478516
percentiles: 2%=-1329.239990234375, 5%=-1309.4000244140625, 10%=-1250.5, 25%=-1209.0, 50%=-1175.5, 75%=-1136.25, 90%=-1107.800048828125, 95%=-1098.0, 98%=-1087.8800048828125
ranking_best_algo: Tabu
ranking_best_score: 1216.16
ranking_my_rank: 66/504 (87.1%)
ranking_my_percent: 87.10317460317461
