ConfigName: kjsd__advperagentrankweighted__M3__L18__eps0p01__g0p0005__ds0p2__dm0p05
Problem: QUBO
Kernel: jsd
Advantage: peragentrankweighted
M: 3
lambda: 18
epsilon_svgd: 0.01
gamma: 0.0005
decay_start_ratio: 0.2
decay_min_factor: 0.05
bandwith_kernel: None
no_interact: False
avg_score: -305.2799987792969
median_score: -295.5
std_score: 37.938392639160156
percentiles: 2%=-396.0, 5%=-382.1000061035156, 10%=-350.20001220703125, 25%=-331.0, 50%=-295.5, 75%=-275.5, 90%=-264.0, 95%=-260.6000061035156, 98%=-244.82000732421875
ranking_best_algo: CMApara
ranking_best_score: 319.29999999999995
ranking_my_rank: 135/504 (73.4%)
ranking_my_percent: 73.41269841269842
