ConfigName: krbf__advnormalizedfitness__M3__L10__eps0p033__g0p01__ds0p15__dm0p3
Problem: NK
Kernel: rbf
Advantage: normalizedfitness
M: 3
lambda: 10
epsilon_svgd: 0.033
gamma: 0.01
decay_start_ratio: 0.15
decay_min_factor: 0.3
bandwith_kernel: None
no_interact: False
avg_score: 0.702655017375946
median_score: 0.7030080556869507
std_score: 0.019903557375073433
percentiles: 2%=0.6680797934532166, 5%=0.6708882451057434, 10%=0.6741150617599487, 25%=0.6883171796798706, 50%=0.7030080556869507, 75%=0.7193198204040527, 90%=0.7310491800308228, 95%=0.7329931855201721, 98%=0.7355859875679016
ranking_best_algo: Tabu
ranking_best_score: 0.7429702712499999
ranking_my_rank: 184/504 (63.7%)
ranking_my_percent: 63.69047619047619
