ConfigName: kfr__advglobalrankweighted__M1__L11__eps0p02__g0p007__ds0p01__dm0p01
Problem: QUBO
Kernel: fr
Advantage: globalrankweighted
M: 1
lambda: 11
epsilon_svgd: 0.02
gamma: 0.007
decay_start_ratio: 0.01
decay_min_factor: 0.01
bandwith_kernel: None
no_interact: False
avg_score: -894.3599853515625
median_score: -892.5
std_score: 68.1346435546875
percentiles: 2%=-1056.0400390625, 5%=-1025.5, 10%=-987.0999755859375, 25%=-935.0, 50%=-892.5, 75%=-842.5, 90%=-813.0, 95%=-800.6000366210938, 98%=-783.0
ranking_best_algo: CMApara
ranking_best_score: 964.9
ranking_my_rank: 175/504 (65.5%)
ranking_my_percent: 65.47619047619048
