ConfigName: krbf__advnormalizedfitness__M4__L12__eps0p025__g0p01__ds0p15__dm0p01
Problem: QUBO
Kernel: rbf
Advantage: normalizedfitness
M: 4
lambda: 12
epsilon_svgd: 0.025
gamma: 0.01
decay_start_ratio: 0.15
decay_min_factor: 0.01
bandwith_kernel: None
no_interact: False
avg_score: -1160.4200439453125
median_score: -1163.0
std_score: 89.5602798461914
percentiles: 2%=-1341.0799560546875, 5%=-1317.0999755859375, 10%=-1284.300048828125, 25%=-1230.25, 50%=-1163.0, 75%=-1079.75, 90%=-1040.5999755859375, 95%=-1026.949951171875, 98%=-1024.97998046875
ranking_best_algo: BigLognormalDiscreteOnePlusOne
ranking_best_score: 1301.3600000000004
ranking_my_rank: 113/504 (77.8%)
ranking_my_percent: 77.77777777777777
