ConfigName: krbf__advnormalizedfitness__M3__L15__eps0p025__g0p015__ds0p3__dm0p3
Problem: NK
Kernel: rbf
Advantage: normalizedfitness
M: 3
lambda: 15
epsilon_svgd: 0.025
gamma: 0.015
decay_start_ratio: 0.3
decay_min_factor: 0.3
bandwith_kernel: None
no_interact: False
avg_score: 0.6449260115623474
median_score: 0.6446537971496582
std_score: 0.010305515490472317
percentiles: 2%=0.627894401550293, 5%=0.6286248564720154, 10%=0.6312642097473145, 25%=0.6386204957962036, 50%=0.6446537971496582, 75%=0.6501200199127197, 90%=0.6588337421417236, 95%=0.6638590097427368, 98%=0.6691046357154846
ranking_best_algo: Tabu
ranking_best_score: 0.7601875690625
ranking_my_rank: 389/504 (23.0%)
ranking_my_percent: 23.015873015873016
