ConfigName: krbf__advnormalizedfitness__M3__L15__eps0p025__g0p007__ds0p3__dm0p01
Problem: QUBO
Kernel: rbf
Advantage: normalizedfitness
M: 3
lambda: 15
epsilon_svgd: 0.025
gamma: 0.007
decay_start_ratio: 0.3
decay_min_factor: 0.01
bandwith_kernel: None
no_interact: False
avg_score: -415.760009765625
median_score: -414.0
std_score: 26.7563533782959
percentiles: 2%=-469.0400085449219, 5%=-459.1000061035156, 10%=-452.0, 25%=-434.0, 50%=-414.0, 75%=-398.0, 90%=-377.79998779296875, 95%=-371.9000244140625, 98%=-365.91998291015625
ranking_best_algo: Tabu
ranking_best_score: 438.12
ranking_my_rank: 47/504 (90.9%)
ranking_my_percent: 90.87301587301587
