ConfigName: kjsd__advperagentrankweighted__M5__L8__eps0p03__g0p0007__ds0p05__dm0p05
Problem: NK
Kernel: jsd
Advantage: peragentrankweighted
M: 5
lambda: 8
epsilon_svgd: 0.03
gamma: 0.0007
decay_start_ratio: 0.05
decay_min_factor: 0.05
bandwith_kernel: None
no_interact: False
avg_score: 0.7075837850570679
median_score: 0.70885169506073
std_score: 0.01598035730421543
percentiles: 2%=0.6650437712669373, 5%=0.6680783033370972, 10%=0.6900782585144043, 25%=0.7041269540786743, 50%=0.70885169506073, 75%=0.7170693874359131, 90%=0.72417813539505, 95%=0.7320877313613892, 98%=0.7324504256248474
ranking_best_algo: CMApara
ranking_best_score: 0.707475975
ranking_my_rank: 1/504 (100.0%)
ranking_my_percent: 100.0
