ConfigName: kjsd__advperagentrankweighted__M3__L16__eps0p01__g0p0005__ds0p2__dm0p05
Problem: NK
Kernel: jsd
Advantage: peragentrankweighted
M: 3
lambda: 16
epsilon_svgd: 0.01
gamma: 0.0005
decay_start_ratio: 0.2
decay_min_factor: 0.05
bandwith_kernel: None
no_interact: False
avg_score: 0.7323009967803955
median_score: 0.7331323623657227
std_score: 0.008354651741683483
percentiles: 2%=0.7168352603912354, 5%=0.7198571562767029, 10%=0.721057653427124, 25%=0.7244453430175781, 50%=0.7331323623657227, 75%=0.7385127544403076, 90%=0.7423555850982666, 95%=0.7445650100708008, 98%=0.7493859529495239
ranking_best_algo: PBIL
ranking_best_score: 0.7248786399609374
ranking_my_rank: 1/504 (100.0%)
ranking_my_percent: 100.0
