ConfigName: krbf__advnormalizedfitness__M3__L10__eps0p03__g0p005__ds0p05__dm0p05
Problem: NK
Kernel: rbf
Advantage: normalizedfitness
M: 3
lambda: 10
epsilon_svgd: 0.03
gamma: 0.005
decay_start_ratio: 0.05
decay_min_factor: 0.05
bandwith_kernel: None
no_interact: False
avg_score: 0.7069848775863647
median_score: 0.709789514541626
std_score: 0.011864036321640015
percentiles: 2%=0.6870661973953247, 5%=0.6881123185157776, 10%=0.6903588771820068, 25%=0.6959524750709534, 50%=0.709789514541626, 75%=0.717039942741394, 90%=0.7218441963195801, 95%=0.7232740521430969, 98%=0.7243656516075134
ranking_best_algo: PBIL
ranking_best_score: 0.7013553837109374
ranking_my_rank: 1/504 (100.0%)
ranking_my_percent: 100.0
