ConfigName: kjsd__advperagentrankweighted__M4__L24__eps0p01__g0p0005__ds0p05__dm0p05
Problem: NK
Kernel: jsd
Advantage: peragentrankweighted
M: 4
lambda: 24
epsilon_svgd: 0.01
gamma: 0.0005
decay_start_ratio: 0.05
decay_min_factor: 0.05
bandwith_kernel: None
no_interact: False
avg_score: 0.7373397946357727
median_score: 0.7387559413909912
std_score: 0.00833269115537405
percentiles: 2%=0.7198009490966797, 5%=0.7226465344429016, 10%=0.7244681715965271, 25%=0.7318284511566162, 50%=0.7387559413909912, 75%=0.7436802983283997, 90%=0.746847927570343, 95%=0.7498342394828796, 98%=0.751200795173645
ranking_best_algo: PBIL
ranking_best_score: 0.730509098125
ranking_my_rank: 1/504 (100.0%)
ranking_my_percent: 100.0
no_repulsion: True
