ConfigName: krbf__advnormalizedfitness__M4__L8__eps0p025__g0p005__ds0p3__dm0p01
Problem: NK
Kernel: rbf
Advantage: normalizedfitness
M: 4
lambda: 8
epsilon_svgd: 0.025
gamma: 0.005
decay_start_ratio: 0.3
decay_min_factor: 0.01
bandwith_kernel: None
no_interact: False
avg_score: 0.7381765842437744
median_score: 0.7366539239883423
std_score: 0.012732253409922123
percentiles: 2%=0.7120976448059082, 5%=0.7169022560119629, 10%=0.7203580737113953, 25%=0.730003833770752, 50%=0.7366539239883423, 75%=0.7486993074417114, 90%=0.7550172209739685, 95%=0.759297251701355, 98%=0.7619587182998657
ranking_best_algo: PBIL
ranking_best_score: 0.733570253046875
ranking_my_rank: 1/504 (100.0%)
ranking_my_percent: 100.0
