ConfigName: krbf__advnormalizedfitness__M3__L10__eps0p025__g0p007__ds0p15__dm0p01
Problem: NK
Kernel: rbf
Advantage: normalizedfitness
M: 3
lambda: 10
epsilon_svgd: 0.025
gamma: 0.007
decay_start_ratio: 0.15
decay_min_factor: 0.01
bandwith_kernel: None
no_interact: False
avg_score: 0.7580875158309937
median_score: 0.756743848323822
std_score: 0.011816560290753841
percentiles: 2%=0.7383802533149719, 5%=0.7399862408638, 10%=0.7432507872581482, 25%=0.7486829161643982, 50%=0.756743848323822, 75%=0.7664250135421753, 90%=0.772605299949646, 95%=0.7790488004684448, 98%=0.781525194644928
ranking_best_algo: Tabu
ranking_best_score: 0.7470791764843752
ranking_my_rank: 1/504 (100.0%)
ranking_my_percent: 100.0
