ConfigName: krbf__advnormalizedfitness__M3__L10__eps0p015__g0p007__ds0p15__dm0p01
Problem: QUBO
Kernel: rbf
Advantage: normalizedfitness
M: 3
lambda: 10
epsilon_svgd: 0.015
gamma: 0.007
decay_start_ratio: 0.15
decay_min_factor: 0.01
bandwith_kernel: None
no_interact: False
avg_score: -898.780029296875
median_score: -902.0
std_score: 59.61687469482422
percentiles: 2%=-1012.0599975585938, 5%=-997.3499755859375, 10%=-983.0, 25%=-940.0, 50%=-902.0, 75%=-849.25, 90%=-823.7999877929688, 95%=-812.7000122070312, 98%=-794.699951171875
ranking_best_algo: CMAL3
ranking_best_score: 928.5800000000002
ranking_my_rank: 71/504 (86.1%)
ranking_my_percent: 86.11111111111111
