ConfigName: kjsd__advperagentrankweighted__M6__L12__eps0p005__g0p0005__ds0p05__dm0p05
Problem: QUBO
Kernel: jsd
Advantage: peragentrankweighted
M: 6
lambda: 12
epsilon_svgd: 0.005
gamma: 0.0005
decay_start_ratio: 0.05
decay_min_factor: 0.05
bandwith_kernel: None
no_interact: False
avg_score: -417.0400085449219
median_score: -416.5
std_score: 23.863746643066406
percentiles: 2%=-467.20001220703125, 5%=-452.04998779296875, 10%=-449.20001220703125, 25%=-433.25, 50%=-416.5, 75%=-400.75, 90%=-385.79998779296875, 95%=-381.8999938964844, 98%=-372.0
ranking_best_algo: Tabu
ranking_best_score: 438.12
ranking_my_rank: 41/504 (92.1%)
ranking_my_percent: 92.06349206349206
