ConfigName: kjsd__advperagentrankweighted__M5__L8__eps0p01__g0p0005__ds0p2__dm0p2
Problem: QUBO
Kernel: jsd
Advantage: peragentrankweighted
M: 5
lambda: 8
epsilon_svgd: 0.01
gamma: 0.0005
decay_start_ratio: 0.2
decay_min_factor: 0.2
bandwith_kernel: None
no_interact: False
avg_score: -938.2999877929688
median_score: -936.0
std_score: 62.24668502807617
percentiles: 2%=-1074.0400390625, 5%=-1054.300048828125, 10%=-1024.4000244140625, 25%=-976.75, 50%=-936.0, 75%=-898.75, 90%=-857.0, 95%=-840.9000244140625, 98%=-832.8400268554688
ranking_best_algo: CMApara
ranking_best_score: 964.9
ranking_my_rank: 7/504 (98.8%)
ranking_my_percent: 98.80952380952381
