ConfigName: kfr__advglobalrankweighted__M3__L8__eps0p02__g0p007__ds0p01__dm0p01
Problem: QUBO
Kernel: fr
Advantage: globalrankweighted
M: 3
lambda: 8
epsilon_svgd: 0.02
gamma: 0.007
decay_start_ratio: 0.01
decay_min_factor: 0.01
bandwith_kernel: None
no_interact: False
avg_score: -1308.0
median_score: -1307.0
std_score: 53.28132629394531
percentiles: 2%=-1420.1800537109375, 5%=-1400.0999755859375, 10%=-1379.800048828125, 25%=-1342.25, 50%=-1307.0, 75%=-1269.0, 90%=-1240.800048828125, 95%=-1232.7000732421875, 98%=-1204.93994140625
ranking_best_algo: BigLognormalDiscreteOnePlusOne
ranking_best_score: 1301.3600000000004
ranking_my_rank: 1/504 (100.0%)
ranking_my_percent: 100.0
