ConfigName: kjsd__advperagentrankweighted__M3__L20__eps0p007__g0p003__ds0p05__dm0p1
Problem: QUBO
Kernel: jsd
Advantage: peragentrankweighted
M: 3
lambda: 20
epsilon_svgd: 0.007
gamma: 0.003
decay_start_ratio: 0.05
decay_min_factor: 0.1
bandwith_kernel: None
no_interact: False
avg_score: -566.47998046875
median_score: -562.0
std_score: 32.46797561645508
percentiles: 2%=-625.0399780273438, 5%=-623.0999755859375, 10%=-613.0999755859375, 25%=-593.25, 50%=-562.0, 75%=-542.0, 90%=-523.0, 95%=-514.0, 98%=-512.9000244140625
ranking_best_algo: Tabu
ranking_best_score: 588.7199999999999
ranking_my_rank: 88/503 (82.7%)
ranking_my_percent: 82.7037773359841
