ConfigName: krbf__advnormalizedfitness__M4__L8__eps0p015__g0p015__ds0p3__dm0p3
Problem: QUBO
Kernel: rbf
Advantage: normalizedfitness
M: 4
lambda: 8
epsilon_svgd: 0.015
gamma: 0.015
decay_start_ratio: 0.3
decay_min_factor: 0.3
bandwith_kernel: None
no_interact: False
avg_score: -302.8800048828125
median_score: -297.5
std_score: 33.38361358642578
percentiles: 2%=-377.1000061035156, 5%=-367.25, 10%=-351.3999938964844, 25%=-322.0, 50%=-297.5, 75%=-279.0, 90%=-266.0, 95%=-259.95001220703125, 98%=-252.63992309570312
ranking_best_algo: CMAL3
ranking_best_score: 435.36
ranking_my_rank: 355/504 (29.8%)
ranking_my_percent: 29.761904761904763
