Problem: NK
Kernel: jsd
Advantage: peragentrankweighted
M: 15
lambda: 24
epsilon_svgd: 0.1
gamma: 0.0005
decay_start_ratio: 0.8
decay_min_factor: 0.4
bandwith_kernel: None
no_interact: False
avg_score: 0.7125065326690674
median_score: 0.70106041431427
std_score: 0.03101625107228756
percentiles: 2%=0.6751330494880676, 5%=0.6755105257034302, 10%=0.6817941069602966, 25%=0.685416579246521, 50%=0.70106041431427, 75%=0.7474179267883301, 90%=0.7540167570114136, 95%=0.7613165378570557, 98%=0.7613165378570557
ranking_best_algo: CMApara
ranking_best_score: 0.7118996098437498
ranking_my_rank: 1/505 (100.0%)
