ConfigName: kjsd__advperagentrankweighted__M4__L20__eps0p005__g0p001__ds0p1__dm0p2
Problem: QUBO
Kernel: jsd
Advantage: peragentrankweighted
M: 4
lambda: 20
epsilon_svgd: 0.005
gamma: 0.001
decay_start_ratio: 0.1
decay_min_factor: 0.2
bandwith_kernel: None
no_interact: False
avg_score: -332.4800109863281
median_score: -337.5
std_score: 20.55455207824707
percentiles: 2%=-372.0, 5%=-357.20001220703125, 10%=-354.0, 25%=-346.0, 50%=-337.5, 75%=-320.0, 90%=-303.3999938964844, 95%=-292.0, 98%=-283.9599914550781
ranking_best_algo: CMApara
ranking_best_score: 344.22
ranking_my_rank: 72/504 (85.9%)
ranking_my_percent: 85.91269841269842
