ConfigName: kjsd__advperagentrankweighted__M3__L20__eps0p007__g0p003__ds0p1__dm0p2
Problem: QUBO
Kernel: jsd
Advantage: peragentrankweighted
M: 3
lambda: 20
epsilon_svgd: 0.007
gamma: 0.003
decay_start_ratio: 0.1
decay_min_factor: 0.2
bandwith_kernel: None
no_interact: False
avg_score: -1395.0400390625
median_score: -1394.5
std_score: 97.51132202148438
percentiles: 2%=-1567.02001953125, 5%=-1554.449951171875, 10%=-1512.699951171875, 25%=-1469.0, 50%=-1394.5, 75%=-1316.75, 90%=-1263.5999755859375, 95%=-1233.8499755859375, 98%=-1224.3199462890625
ranking_best_algo: NLOPT_LN_PRAXIS
ranking_best_score: 1607.12
ranking_my_rank: 155/504 (69.4%)
ranking_my_percent: 69.44444444444444
