ConfigName: kjsd__advperagentrankweighted__M3__L18__eps0p007__g0p001__ds0p2__dm0p2
Problem: QUBO
Kernel: jsd
Advantage: peragentrankweighted
M: 3
lambda: 18
epsilon_svgd: 0.007
gamma: 0.001
decay_start_ratio: 0.2
decay_min_factor: 0.2
bandwith_kernel: None
no_interact: False
avg_score: -1303.0
median_score: -1304.5
std_score: 57.84928894042969
percentiles: 2%=-1430.06005859375, 5%=-1387.8499755859375, 10%=-1371.199951171875, 25%=-1344.25, 50%=-1304.5, 75%=-1256.75, 90%=-1226.800048828125, 95%=-1213.25, 98%=-1195.6199951171875
ranking_best_algo: BigLognormalDiscreteOnePlusOne
ranking_best_score: 1301.3600000000004
ranking_my_rank: 1/504 (100.0%)
ranking_my_percent: 100.0
