ConfigName: kjsd__advperagentrankweighted__M5__L8__eps0p01__g0p0007__ds0p05__dm0p2
Problem: QUBO
Kernel: jsd
Advantage: peragentrankweighted
M: 5
lambda: 8
epsilon_svgd: 0.01
gamma: 0.0007
decay_start_ratio: 0.05
decay_min_factor: 0.2
bandwith_kernel: None
no_interact: False
avg_score: -917.9600219726562
median_score: -919.0
std_score: 61.17759704589844
percentiles: 2%=-1035.02001953125, 5%=-1014.0999755859375, 10%=-995.4000244140625, 25%=-962.25, 50%=-919.0, 75%=-875.25, 90%=-831.7999877929688, 95%=-817.0, 98%=-804.9000244140625
ranking_best_algo: CMAL3
ranking_best_score: 928.5800000000002
ranking_my_rank: 12/504 (97.8%)
ranking_my_percent: 97.81746031746032
