ConfigName: kjsd__advperagentrankweighted__M6__L8__eps0p02__g0p0007__ds0p05__dm0p05
Problem: NK
Kernel: jsd
Advantage: peragentrankweighted
M: 6
lambda: 8
epsilon_svgd: 0.02
gamma: 0.0007
decay_start_ratio: 0.05
decay_min_factor: 0.05
bandwith_kernel: None
no_interact: False
avg_score: 0.7373536825180054
median_score: 0.737663984298706
std_score: 0.008626742288470268
percentiles: 2%=0.7228925824165344, 5%=0.7235648036003113, 10%=0.7259880304336548, 25%=0.7313669919967651, 50%=0.737663984298706, 75%=0.7430237531661987, 90%=0.7477440237998962, 95%=0.7511803507804871, 98%=0.7563393115997314
ranking_best_algo: PBIL
ranking_best_score: 0.733570253046875
ranking_my_rank: 1/504 (100.0%)
ranking_my_percent: 100.0
