ConfigName: krbf__advnormalizedfitness__M3__L15__eps0p015__g0p007__ds0p3__dm0p01
Problem: QUBO
Kernel: rbf
Advantage: normalizedfitness
M: 3
lambda: 15
epsilon_svgd: 0.015
gamma: 0.007
decay_start_ratio: 0.3
decay_min_factor: 0.01
bandwith_kernel: None
no_interact: False
avg_score: -1146.1199951171875
median_score: -1144.0
std_score: 69.75389099121094
percentiles: 2%=-1349.239990234375, 5%=-1251.4000244140625, 10%=-1232.5999755859375, 25%=-1181.0, 50%=-1144.0, 75%=-1098.75, 90%=-1063.5999755859375, 95%=-1044.8499755859375, 98%=-1010.8399658203125
ranking_best_algo: Tabu
ranking_best_score: 1216.16
ranking_my_rank: 148/504 (70.8%)
ranking_my_percent: 70.83333333333333
