ConfigName: krbf__advnormalizedfitness__M4__L8__eps0p033__g0p01__ds0p3__dm0p01
Problem: NK
Kernel: rbf
Advantage: normalizedfitness
M: 4
lambda: 8
epsilon_svgd: 0.033
gamma: 0.01
decay_start_ratio: 0.3
decay_min_factor: 0.01
bandwith_kernel: None
no_interact: False
avg_score: 0.7106664180755615
median_score: 0.711426317691803
std_score: 0.015033076517283916
percentiles: 2%=0.673289954662323, 5%=0.6739585995674133, 10%=0.6970863938331604, 25%=0.7074432969093323, 50%=0.711426317691803, 75%=0.7181028127670288, 90%=0.7254696488380432, 95%=0.7327830791473389, 98%=0.7342254519462585
ranking_best_algo: CMApara
ranking_best_score: 0.707475975
ranking_my_rank: 1/504 (100.0%)
ranking_my_percent: 100.0
