ConfigName: krbf__advnormalizedfitness__M4__L8__eps0p015__g0p007__ds0p3__dm0p3
Problem: QUBO
Kernel: rbf
Advantage: normalizedfitness
M: 4
lambda: 8
epsilon_svgd: 0.015
gamma: 0.007
decay_start_ratio: 0.3
decay_min_factor: 0.3
bandwith_kernel: None
no_interact: False
avg_score: -408.6000061035156
median_score: -412.0
std_score: 26.212974548339844
percentiles: 2%=-461.20001220703125, 5%=-453.20001220703125, 10%=-441.29998779296875, 25%=-424.0, 50%=-412.0, 75%=-389.5, 90%=-377.79998779296875, 95%=-369.60003662109375, 98%=-355.8399658203125
ranking_best_algo: Tabu
ranking_best_score: 438.12
ranking_my_rank: 139/504 (72.6%)
ranking_my_percent: 72.61904761904762
