ConfigName: kjsd__advperagentrankweighted__M5__L8__eps0p01__g0p0005__ds0p4__dm0p2
Problem: NK
Kernel: jsd
Advantage: peragentrankweighted
M: 5
lambda: 8
epsilon_svgd: 0.01
gamma: 0.0005
decay_start_ratio: 0.4
decay_min_factor: 0.2
bandwith_kernel: None
no_interact: False
avg_score: 0.7501890063285828
median_score: 0.7497695684432983
std_score: 0.013471551239490509
percentiles: 2%=0.7279316782951355, 5%=0.7300544381141663, 10%=0.7322987914085388, 25%=0.7397453784942627, 50%=0.7497695684432983, 75%=0.7596250176429749, 90%=0.7671374082565308, 95%=0.7725224494934082, 98%=0.7763587832450867
ranking_best_algo: Tabu
ranking_best_score: 0.7470791764843752
ranking_my_rank: 1/504 (100.0%)
ranking_my_percent: 100.0
