ConfigName: krbf__advnormalizedfitness__M2__L8__eps0p025__g0p015__ds0p3__dm0p3
Problem: QUBO
Kernel: rbf
Advantage: normalizedfitness
M: 2
lambda: 8
epsilon_svgd: 0.025
gamma: 0.015
decay_start_ratio: 0.3
decay_min_factor: 0.3
bandwith_kernel: None
no_interact: False
avg_score: -936.47998046875
median_score: -937.0
std_score: 66.48931884765625
percentiles: 2%=-1064.1600341796875, 5%=-1044.0, 10%=-1021.5999755859375, 25%=-982.25, 50%=-937.0, 75%=-887.75, 90%=-860.0, 95%=-828.2000122070312, 98%=-806.9199829101562
ranking_best_algo: CMApara
ranking_best_score: 964.9
ranking_my_rank: 10/504 (98.2%)
ranking_my_percent: 98.21428571428571
