ConfigName: krbf__advnormalizedfitness__M3__L8__eps0p033__g0p007__ds0p15__dm0p3
Problem: NK
Kernel: rbf
Advantage: normalizedfitness
M: 3
lambda: 8
epsilon_svgd: 0.033
gamma: 0.007
decay_start_ratio: 0.15
decay_min_factor: 0.3
bandwith_kernel: None
no_interact: False
avg_score: 0.709693193435669
median_score: 0.7110095024108887
std_score: 0.01516000833362341
percentiles: 2%=0.6703968048095703, 5%=0.672532856464386, 10%=0.694199800491333, 25%=0.7069016695022583, 50%=0.7110095024108887, 75%=0.7186233401298523, 90%=0.7251783609390259, 95%=0.7311334609985352, 98%=0.7319893836975098
ranking_best_algo: CMApara
ranking_best_score: 0.707475975
ranking_my_rank: 1/504 (100.0%)
ranking_my_percent: 100.0
