ConfigName: krbf__advnormalizedfitness__M4__L12__eps0p015__g0p015__ds0p3__dm0p3
Problem: QUBO
Kernel: rbf
Advantage: normalizedfitness
M: 4
lambda: 12
epsilon_svgd: 0.015
gamma: 0.015
decay_start_ratio: 0.3
decay_min_factor: 0.3
bandwith_kernel: None
no_interact: False
avg_score: -230.16000366210938
median_score: -229.0
std_score: 19.004589080810547
percentiles: 2%=-277.0799865722656, 5%=-260.3500061035156, 10%=-251.3000030517578, 25%=-238.0, 50%=-229.0, 75%=-217.75, 90%=-209.0, 95%=-203.95001220703125, 98%=-200.0
ranking_best_algo: Tabu
ranking_best_score: 588.7199999999999
ranking_my_rank: 399/503 (20.9%)
ranking_my_percent: 20.87475149105368
