ConfigName: kjsd__advperagentrankweighted__M3__L18__eps0p01__g0p001__ds0p05__dm0p2
Problem: QUBO
Kernel: jsd
Advantage: peragentrankweighted
M: 3
lambda: 18
epsilon_svgd: 0.01
gamma: 0.001
decay_start_ratio: 0.05
decay_min_factor: 0.2
bandwith_kernel: None
no_interact: False
avg_score: -914.5399780273438
median_score: -914.5
std_score: 59.377845764160156
percentiles: 2%=-1046.0400390625, 5%=-1005.1500244140625, 10%=-993.0999755859375, 25%=-959.0, 50%=-914.5, 75%=-864.5, 90%=-839.9000244140625, 95%=-826.9500122070312, 98%=-801.9600219726562
ranking_best_algo: CMAL3
ranking_best_score: 928.5800000000002
ranking_my_rank: 17/504 (96.8%)
ranking_my_percent: 96.82539682539682
