ConfigName: krbf__advnormalizedfitness__M3__L10__eps0p015__g0p01__ds0p3__dm0p01
Problem: QUBO
Kernel: rbf
Advantage: normalizedfitness
M: 3
lambda: 10
epsilon_svgd: 0.015
gamma: 0.01
decay_start_ratio: 0.3
decay_min_factor: 0.01
bandwith_kernel: None
no_interact: False
avg_score: -201.44000244140625
median_score: -202.5
std_score: 11.634706497192383
percentiles: 2%=-224.0, 5%=-222.0, 10%=-215.0, 25%=-210.0, 50%=-202.5, 75%=-193.0, 90%=-186.89999389648438, 95%=-181.0, 98%=-177.91998291015625
ranking_best_algo: Tabu
ranking_best_score: 208.36000000000004
ranking_my_rank: 40/504 (92.3%)
ranking_my_percent: 92.26190476190476
