ConfigName: kjsd__advperagentrankweighted__M4__L12__eps0p02__g0p0005__ds0p2__dm0p05
Problem: QUBO
Kernel: jsd
Advantage: peragentrankweighted
M: 4
lambda: 12
epsilon_svgd: 0.02
gamma: 0.0005
decay_start_ratio: 0.2
decay_min_factor: 0.05
bandwith_kernel: None
no_interact: False
avg_score: -2612.780029296875
median_score: -2611.0
std_score: 116.74584197998047
percentiles: 2%=-2887.159912109375, 5%=-2805.85009765625, 10%=-2767.60009765625, 25%=-2679.75, 50%=-2611.0, 75%=-2542.5, 90%=-2473.699951171875, 95%=-2446.25, 98%=-2369.919921875
ranking_best_algo: DiscreteLengler2OnePlusOne
ranking_best_score: 2617.04
ranking_my_rank: 2/504 (99.8%)
ranking_my_percent: 99.8015873015873
