ConfigName: kjsd__advperagentrankweighted__M4__L30__eps0p005__g0p0007__ds0p4__dm0p05
Problem: NK
Kernel: jsd
Advantage: peragentrankweighted
M: 4
lambda: 30
epsilon_svgd: 0.005
gamma: 0.0007
decay_start_ratio: 0.4
decay_min_factor: 0.05
bandwith_kernel: None
no_interact: False
avg_score: 0.7522902488708496
median_score: 0.7539783716201782
std_score: 0.013388550840318203
percentiles: 2%=0.7235421538352966, 5%=0.7294414043426514, 10%=0.7341850399971008, 25%=0.7434013485908508, 50%=0.7539783716201782, 75%=0.7619113922119141, 90%=0.7678711414337158, 95%=0.7714760303497314, 98%=0.7720204591751099
ranking_best_algo: Tabu
ranking_best_score: 0.7657846284375001
ranking_my_rank: 13/504 (97.6%)
ranking_my_percent: 97.61904761904762
