ConfigName: kjsd__advperagentrankweighted__M4__L24__eps0p02__g0p0007__ds0p05__dm0p05
Problem: NK
Kernel: jsd
Advantage: peragentrankweighted
M: 4
lambda: 24
epsilon_svgd: 0.02
gamma: 0.0007
decay_start_ratio: 0.05
decay_min_factor: 0.05
bandwith_kernel: None
no_interact: False
avg_score: 0.7525515556335449
median_score: 0.7517874240875244
std_score: 0.012667649425566196
percentiles: 2%=0.7304653525352478, 5%=0.7338641881942749, 10%=0.7370201349258423, 25%=0.7448511123657227, 50%=0.7517874240875244, 75%=0.7610260248184204, 90%=0.7693018913269043, 95%=0.777637779712677, 98%=0.7818111181259155
ranking_best_algo: Tabu
ranking_best_score: 0.7657846284375001
ranking_my_rank: 10/504 (98.2%)
ranking_my_percent: 98.21428571428571
