ConfigName: kjsd__advperagentrankweighted__M6__L8__eps0p02__g0p0005__ds0p05__dm0p05
Problem: NK
Kernel: jsd
Advantage: peragentrankweighted
M: 6
lambda: 8
epsilon_svgd: 0.02
gamma: 0.0005
decay_start_ratio: 0.05
decay_min_factor: 0.05
bandwith_kernel: None
no_interact: False
avg_score: 0.7339845299720764
median_score: 0.734155535697937
std_score: 0.008006132207810879
percentiles: 2%=0.7155303359031677, 5%=0.722194492816925, 10%=0.7232335209846497, 25%=0.7280783653259277, 50%=0.734155535697937, 75%=0.7387478947639465, 90%=0.7444409132003784, 95%=0.7474086880683899, 98%=0.7494310736656189
ranking_best_algo: PBIL
ranking_best_score: 0.733570253046875
ranking_my_rank: 1/504 (100.0%)
ranking_my_percent: 100.0
