ConfigName: kjsd__advperagentrankweighted__M3__L18__eps0p007__g0p001__ds0p2__dm0p1
Problem: QUBO
Kernel: jsd
Advantage: peragentrankweighted
M: 3
lambda: 18
epsilon_svgd: 0.007
gamma: 0.001
decay_start_ratio: 0.2
decay_min_factor: 0.1
bandwith_kernel: None
no_interact: False
avg_score: -427.0400085449219
median_score: -428.0
std_score: 27.44227409362793
percentiles: 2%=-485.0, 5%=-477.1000061035156, 10%=-465.1000061035156, 25%=-443.0, 50%=-428.0, 75%=-410.0, 90%=-391.70001220703125, 95%=-381.95001220703125, 98%=-376.739990234375
ranking_best_algo: CMAL3
ranking_best_score: 435.36
ranking_my_rank: 20/504 (96.2%)
ranking_my_percent: 96.23015873015873
