ConfigName: krbf__advnormalizedfitness__M3__L15__eps0p025__g0p01__ds0p05__dm0p05
Problem: NK
Kernel: rbf
Advantage: normalizedfitness
M: 3
lambda: 15
epsilon_svgd: 0.025
gamma: 0.01
decay_start_ratio: 0.05
decay_min_factor: 0.05
bandwith_kernel: None
no_interact: False
avg_score: 0.7443974018096924
median_score: 0.7419590950012207
std_score: 0.027920717373490334
percentiles: 2%=0.703889012336731, 5%=0.7075358033180237, 10%=0.7105460166931152, 25%=0.7237851023674011, 50%=0.7419590950012207, 75%=0.7580187320709229, 90%=0.7783300876617432, 95%=0.8044298887252808, 98%=0.8044937252998352
ranking_best_algo: CMApara
ranking_best_score: 0.7459277895312499
ranking_my_rank: 4/504 (99.4%)
ranking_my_percent: 99.4047619047619
