ConfigName: krbf__advnormalizedfitness__M4__L12__eps0p025__g0p005__ds0p3__dm0p01
Problem: NK
Kernel: rbf
Advantage: normalizedfitness
M: 4
lambda: 12
epsilon_svgd: 0.025
gamma: 0.005
decay_start_ratio: 0.3
decay_min_factor: 0.01
bandwith_kernel: None
no_interact: False
avg_score: 0.7568407654762268
median_score: 0.7588931918144226
std_score: 0.013308708555996418
percentiles: 2%=0.7320680618286133, 5%=0.7328377962112427, 10%=0.7374588251113892, 25%=0.7468301653862, 50%=0.7588931918144226, 75%=0.7659012079238892, 90%=0.7748560309410095, 95%=0.7772634625434875, 98%=0.7806940078735352
ranking_best_algo: Tabu
ranking_best_score: 0.7470791764843752
ranking_my_rank: 1/504 (100.0%)
ranking_my_percent: 100.0
