ConfigName: krbf__advnormalizedfitness__M4__L15__eps0p025__g0p01__ds0p01__dm0p01
Problem: QUBO
Kernel: rbf
Advantage: normalizedfitness
M: 4
lambda: 15
epsilon_svgd: 0.025
gamma: 0.01
decay_start_ratio: 0.01
decay_min_factor: 0.01
bandwith_kernel: None
no_interact: False
avg_score: -309.3599853515625
median_score: -311.0
std_score: 39.254940032958984
percentiles: 2%=-390.0799865722656, 5%=-388.0, 10%=-359.5999755859375, 25%=-333.5, 50%=-311.0, 75%=-274.0, 90%=-260.0, 95%=-256.8500061035156, 98%=-251.95999145507812
ranking_best_algo: CMApara
ranking_best_score: 319.29999999999995
ranking_my_rank: 80/504 (84.3%)
ranking_my_percent: 84.32539682539682
