ConfigName: kfr__advglobalrankweighted__M3__L8__eps0p02__g0p003__ds0p01__dm0p01
Problem: QUBO
Kernel: fr
Advantage: globalrankweighted
M: 3
lambda: 8
epsilon_svgd: 0.02
gamma: 0.003
decay_start_ratio: 0.01
decay_min_factor: 0.01
bandwith_kernel: None
no_interact: False
avg_score: -3213.760009765625
median_score: -3219.5
std_score: 110.24728393554688
percentiles: 2%=-3445.02001953125, 5%=-3373.10009765625, 10%=-3350.39990234375, 25%=-3286.0, 50%=-3219.5, 75%=-3133.75, 90%=-3070.800048828125, 95%=-3016.949951171875, 98%=-2991.3798828125
ranking_best_algo: RLSOnePlusOne
ranking_best_score: 3316.5199999999995
ranking_my_rank: 48/504 (90.7%)
ranking_my_percent: 90.67460317460318
