ConfigName: krbf__advnormalizedfitness__M1__L8__eps0p033__g0p015__ds0p3__dm0p3
Problem: QUBO
Kernel: rbf
Advantage: normalizedfitness
M: 1
lambda: 8
epsilon_svgd: 0.033
gamma: 0.015
decay_start_ratio: 0.3
decay_min_factor: 0.3
bandwith_kernel: None
no_interact: False
avg_score: -191.44000244140625
median_score: -192.0
std_score: 15.488266944885254
percentiles: 2%=-222.0399932861328, 5%=-219.14999389648438, 10%=-211.1999969482422, 25%=-201.0, 50%=-192.0, 75%=-182.0, 90%=-173.89999389648438, 95%=-165.90000915527344, 98%=-160.8399658203125
ranking_best_algo: Tabu
ranking_best_score: 208.36000000000004
ranking_my_rank: 232/504 (54.2%)
ranking_my_percent: 54.166666666666664
