ConfigName: kjsd__advperagentrankweighted__M3__L20__eps0p005__g0p003__ds0p1__dm0p05
Problem: QUBO
Kernel: jsd
Advantage: peragentrankweighted
M: 3
lambda: 20
epsilon_svgd: 0.005
gamma: 0.003
decay_start_ratio: 0.1
decay_min_factor: 0.05
bandwith_kernel: None
no_interact: False
avg_score: -417.17999267578125
median_score: -415.5
std_score: 28.546937942504883
percentiles: 2%=-473.0799865722656, 5%=-471.0, 10%=-455.20001220703125, 25%=-436.25, 50%=-415.5, 75%=-393.75, 90%=-378.8999938964844, 95%=-370.95001220703125, 98%=-365.0
ranking_best_algo: CMAL3
ranking_best_score: 435.36
ranking_my_rank: 99/504 (80.6%)
ranking_my_percent: 80.55555555555556
