ConfigName: kjsd__advperagentrankweighted__M3__L30__eps0p007__g0p001__ds0p1__dm0p05
Problem: NK
Kernel: jsd
Advantage: peragentrankweighted
M: 3
lambda: 30
epsilon_svgd: 0.007
gamma: 0.001
decay_start_ratio: 0.1
decay_min_factor: 0.05
bandwith_kernel: None
no_interact: False
avg_score: 0.7360675930976868
median_score: 0.7374236583709717
std_score: 0.00909116305410862
percentiles: 2%=0.7156510949134827, 5%=0.7174766659736633, 10%=0.721539318561554, 25%=0.7316493988037109, 50%=0.7374236583709717, 75%=0.7427956461906433, 90%=0.7467384338378906, 95%=0.7482024431228638, 98%=0.7491984963417053
ranking_best_algo: PBIL
ranking_best_score: 0.7248786399609374
ranking_my_rank: 1/504 (100.0%)
ranking_my_percent: 100.0
