ConfigName: kjsd__advperagentrankweighted__M5__L8__eps0p005__g0p0005__ds0p2__dm0p05
Problem: NK
Kernel: jsd
Advantage: peragentrankweighted
M: 5
lambda: 8
epsilon_svgd: 0.005
gamma: 0.0005
decay_start_ratio: 0.2
decay_min_factor: 0.05
bandwith_kernel: None
no_interact: False
avg_score: 0.7457339763641357
median_score: 0.7457249760627747
std_score: 0.00886627472937107
percentiles: 2%=0.7293827533721924, 5%=0.7318827509880066, 10%=0.7357276082038879, 25%=0.7392866611480713, 50%=0.7457249760627747, 75%=0.7498483657836914, 90%=0.7600241303443909, 95%=0.7619922161102295, 98%=0.7650452852249146
ranking_best_algo: PBIL
ranking_best_score: 0.733570253046875
ranking_my_rank: 1/504 (100.0%)
ranking_my_percent: 100.0
