ConfigName: krbf__advnormalizedfitness__M3__L12__eps0p015__g0p007__ds0p15__dm0p01
Problem: QUBO
Kernel: rbf
Advantage: normalizedfitness
M: 3
lambda: 12
epsilon_svgd: 0.015
gamma: 0.007
decay_start_ratio: 0.15
decay_min_factor: 0.01
bandwith_kernel: None
no_interact: False
avg_score: -891.1599731445312
median_score: -894.0
std_score: 65.05039978027344
percentiles: 2%=-1024.0400390625, 5%=-997.0, 10%=-982.5999755859375, 25%=-943.0, 50%=-894.0, 75%=-842.0, 90%=-809.5999755859375, 95%=-789.4000244140625, 98%=-773.0
ranking_best_algo: CMAL3
ranking_best_score: 928.5800000000002
ranking_my_rank: 98/504 (80.8%)
ranking_my_percent: 80.75396825396825
