ConfigName: kjsd__advperagentrankweighted__M3__L20__eps0p007__g0p001__ds0p05__dm0p2
Problem: QUBO
Kernel: jsd
Advantage: peragentrankweighted
M: 3
lambda: 20
epsilon_svgd: 0.007
gamma: 0.001
decay_start_ratio: 0.05
decay_min_factor: 0.2
bandwith_kernel: None
no_interact: False
avg_score: -1234.9000244140625
median_score: -1230.5
std_score: 57.72460174560547
percentiles: 2%=-1380.6800537109375, 5%=-1329.0, 10%=-1305.0999755859375, 25%=-1267.75, 50%=-1230.5, 75%=-1197.75, 90%=-1157.5999755859375, 95%=-1147.0, 98%=-1142.97998046875
ranking_best_algo: SVMMetaModelLogNormal
ranking_best_score: 1233.7999999999997
ranking_my_rank: 1/504 (100.0%)
ranking_my_percent: 100.0
