ConfigName: kfr__advglobalrankweighted__M4__L11__eps0p01__g0p003__ds0p01__dm0p01
Problem: QUBO
Kernel: fr
Advantage: globalrankweighted
M: 4
lambda: 11
epsilon_svgd: 0.01
gamma: 0.003
decay_start_ratio: 0.01
decay_min_factor: 0.01
bandwith_kernel: None
no_interact: False
avg_score: -2565.60009765625
median_score: -2566.5
std_score: 142.985595703125
percentiles: 2%=-2879.080078125, 5%=-2807.449951171875, 10%=-2724.5, 25%=-2651.5, 50%=-2566.5, 75%=-2478.5, 90%=-2389.699951171875, 95%=-2325.10009765625, 98%=-2275.800048828125
ranking_best_algo: DiscreteLengler2OnePlusOne
ranking_best_score: 2617.04
ranking_my_rank: 51/504 (90.1%)
ranking_my_percent: 90.07936507936508
