ConfigName: krbf__advnormalizedfitness__M4__L15__eps0p015__g0p01__ds0p3__dm0p3
Problem: NK
Kernel: rbf
Advantage: normalizedfitness
M: 4
lambda: 15
epsilon_svgd: 0.015
gamma: 0.01
decay_start_ratio: 0.3
decay_min_factor: 0.3
bandwith_kernel: None
no_interact: False
avg_score: 0.6410865783691406
median_score: 0.6402139663696289
std_score: 0.010368971154093742
percentiles: 2%=0.6246382594108582, 5%=0.6270304918289185, 10%=0.6288845539093018, 25%=0.6337726712226868, 50%=0.6402139663696289, 75%=0.6461172103881836, 90%=0.6552802920341492, 95%=0.6609960198402405, 98%=0.6653825044631958
ranking_best_algo: Tabu
ranking_best_score: 0.7601875690625
ranking_my_rank: 396/504 (21.6%)
ranking_my_percent: 21.626984126984127
