ConfigName: krbf__advnormalizedfitness__M2__L8__eps0p015__g0p015__ds0p01__dm0p3
Problem: NK
Kernel: rbf
Advantage: normalizedfitness
M: 2
lambda: 8
epsilon_svgd: 0.015
gamma: 0.015
decay_start_ratio: 0.01
decay_min_factor: 0.3
bandwith_kernel: None
no_interact: False
avg_score: 0.7366682291030884
median_score: 0.7380535006523132
std_score: 0.008740329183638096
percentiles: 2%=0.7182297110557556, 5%=0.7204680442810059, 10%=0.723190188407898, 25%=0.7314163446426392, 50%=0.7380535006523132, 75%=0.7419689297676086, 90%=0.7466306686401367, 95%=0.749541699886322, 98%=0.7516278028488159
ranking_best_algo: PBIL
ranking_best_score: 0.730509098125
ranking_my_rank: 1/504 (100.0%)
ranking_my_percent: 100.0
