ConfigName: kjsd__advperagentrankweighted__M3__L18__eps0p005__g0p001__ds0p1__dm0p1
Problem: NK
Kernel: jsd
Advantage: peragentrankweighted
M: 3
lambda: 18
epsilon_svgd: 0.005
gamma: 0.001
decay_start_ratio: 0.1
decay_min_factor: 0.1
bandwith_kernel: None
no_interact: False
avg_score: 0.7357692718505859
median_score: 0.7393109202384949
std_score: 0.00893354695290327
percentiles: 2%=0.7161734104156494, 5%=0.7195789813995361, 10%=0.7218395471572876, 25%=0.7298582792282104, 50%=0.7393109202384949, 75%=0.7427598834037781, 90%=0.7446232438087463, 95%=0.7454789280891418, 98%=0.7470754384994507
ranking_best_algo: PBIL
ranking_best_score: 0.7248786399609374
ranking_my_rank: 1/504 (100.0%)
ranking_my_percent: 100.0
