ConfigName: krbf__advnormalizedfitness__M4__L8__eps0p033__g0p01__ds0p3__dm0p3
Problem: QUBO
Kernel: rbf
Advantage: normalizedfitness
M: 4
lambda: 8
epsilon_svgd: 0.033
gamma: 0.01
decay_start_ratio: 0.3
decay_min_factor: 0.3
bandwith_kernel: None
no_interact: False
avg_score: -2243.3798828125
median_score: -2216.5
std_score: 189.053466796875
percentiles: 2%=-2624.6201171875, 5%=-2584.5, 10%=-2485.699951171875, 25%=-2380.75, 50%=-2216.5, 75%=-2100.25, 90%=-2011.300048828125, 95%=-1948.800048828125, 98%=-1917.679931640625
ranking_best_algo: SVM1MetaModelLogNormal
ranking_best_score: 2605.14
ranking_my_rank: 173/504 (65.9%)
ranking_my_percent: 65.87301587301587
