ConfigName: krbf__advnormalizedfitness__M1__L8__eps0p033__g0p01__ds0p15__dm0p01
Problem: QUBO
Kernel: rbf
Advantage: normalizedfitness
M: 1
lambda: 8
epsilon_svgd: 0.033
gamma: 0.01
decay_start_ratio: 0.15
decay_min_factor: 0.01
bandwith_kernel: None
no_interact: False
avg_score: -889.0
median_score: -887.5
std_score: 76.72587585449219
percentiles: 2%=-1070.0, 5%=-1048.800048828125, 10%=-982.0, 25%=-927.25, 50%=-887.5, 75%=-835.75, 90%=-797.5, 95%=-774.4000244140625, 98%=-740.719970703125
ranking_best_algo: CMApara
ranking_best_score: 964.9
ranking_my_rank: 190/504 (62.5%)
ranking_my_percent: 62.5
