ConfigName: kjsd__advperagentrankweighted__M4__L12__eps0p01__g0p0007__ds0p4__dm0p05
Problem: QUBO
Kernel: jsd
Advantage: peragentrankweighted
M: 4
lambda: 12
epsilon_svgd: 0.01
gamma: 0.0007
decay_start_ratio: 0.4
decay_min_factor: 0.05
bandwith_kernel: None
no_interact: False
avg_score: -1250.4200439453125
median_score: -1241.0
std_score: 63.82541275024414
percentiles: 2%=-1390.239990234375, 5%=-1350.1500244140625, 10%=-1335.699951171875, 25%=-1296.25, 50%=-1241.0, 75%=-1207.0, 90%=-1170.800048828125, 95%=-1156.5999755859375, 98%=-1143.0
ranking_best_algo: SVMMetaModelLogNormal
ranking_best_score: 1233.7999999999997
ranking_my_rank: 1/504 (100.0%)
ranking_my_percent: 100.0
