ConfigName: kfr__advglobalrankweighted__M5__L10__eps0p02__g0p003__ds0p01__dm0p01
Problem: QUBO
Kernel: fr
Advantage: globalrankweighted
M: 5
lambda: 10
epsilon_svgd: 0.02
gamma: 0.003
decay_start_ratio: 0.01
decay_min_factor: 0.01
bandwith_kernel: None
no_interact: False
avg_score: -149.22000122070312
median_score: -149.5
std_score: 12.32037353515625
percentiles: 2%=-179.0, 5%=-179.0, 10%=-160.39999389648438, 25%=-155.25, 50%=-149.5, 75%=-140.75, 90%=-134.0, 95%=-131.0, 98%=-127.93998718261719
ranking_best_algo: CMApara
ranking_best_score: 154.28
ranking_my_rank: 78/504 (84.7%)
ranking_my_percent: 84.72222222222223
