ConfigName: kjsd__advperagentrankweighted__M3__L20__eps0p005__g0p0005__ds0p2__dm0p2
Problem: NK
Kernel: jsd
Advantage: peragentrankweighted
M: 3
lambda: 20
epsilon_svgd: 0.005
gamma: 0.0005
decay_start_ratio: 0.2
decay_min_factor: 0.2
bandwith_kernel: None
no_interact: False
avg_score: 0.7321252226829529
median_score: 0.7305039167404175
std_score: 0.010589190758764744
percentiles: 2%=0.7136490345001221, 5%=0.7156995534896851, 10%=0.7192153930664062, 25%=0.7253508567810059, 50%=0.7305039167404175, 75%=0.7398316264152527, 90%=0.746083676815033, 95%=0.7504615187644958, 98%=0.7532638311386108
ranking_best_algo: Tabu
ranking_best_score: 0.7429702712499999
ranking_my_rank: 2/504 (99.8%)
ranking_my_percent: 99.8015873015873
