ConfigName: krbf__advnormalizedfitness__M4__L10__eps0p025__g0p007__ds0p15__dm0p01
Problem: QUBO
Kernel: rbf
Advantage: normalizedfitness
M: 4
lambda: 10
epsilon_svgd: 0.025
gamma: 0.007
decay_start_ratio: 0.15
decay_min_factor: 0.01
bandwith_kernel: None
no_interact: False
avg_score: -1157.52001953125
median_score: -1158.0
std_score: 80.03592681884766
percentiles: 2%=-1345.0400390625, 5%=-1309.0999755859375, 10%=-1255.0999755859375, 25%=-1202.75, 50%=-1158.0, 75%=-1092.75, 90%=-1058.9000244140625, 95%=-1034.7000732421875, 98%=-1022.8800048828125
ranking_best_algo: SVMMetaModelLogNormal
ranking_best_score: 1233.7999999999997
ranking_my_rank: 88/504 (82.7%)
ranking_my_percent: 82.73809523809524
