ConfigName: krbf__advnormalizedfitness__M3__L8__eps0p025__g0p01__ds0p3__dm0p3
Problem: QUBO
Kernel: rbf
Advantage: normalizedfitness
M: 3
lambda: 8
epsilon_svgd: 0.025
gamma: 0.01
decay_start_ratio: 0.3
decay_min_factor: 0.3
bandwith_kernel: None
no_interact: False
avg_score: -3062.860107421875
median_score: -3076.5
std_score: 190.93565368652344
percentiles: 2%=-3423.0, 5%=-3324.10009765625, 10%=-3298.39990234375, 25%=-3222.0, 50%=-3076.5, 75%=-2898.0, 90%=-2815.60009765625, 95%=-2777.000244140625, 98%=-2707.599853515625
ranking_best_algo: RLSOnePlusOne
ranking_best_score: 3316.5199999999995
ranking_my_rank: 90/504 (82.3%)
ranking_my_percent: 82.34126984126983
