ConfigName: kjsd__advperagentrankweighted__M3__L18__eps0p007__g0p003__ds0p2__dm0p05
Problem: NK
Kernel: jsd
Advantage: peragentrankweighted
M: 3
lambda: 18
epsilon_svgd: 0.007
gamma: 0.003
decay_start_ratio: 0.2
decay_min_factor: 0.05
bandwith_kernel: None
no_interact: False
avg_score: 0.6391992568969727
median_score: 0.6330825090408325
std_score: 0.02059754729270935
percentiles: 2%=0.6076968312263489, 5%=0.6100006103515625, 10%=0.6164148449897766, 25%=0.627704381942749, 50%=0.6330825090408325, 75%=0.6500718593597412, 90%=0.6687040328979492, 95%=0.6737894415855408, 98%=0.6872014999389648
ranking_best_algo: PBIL
ranking_best_score: 0.7170882103515624
ranking_my_rank: 302/504 (40.3%)
ranking_my_percent: 40.27777777777778
