ConfigName: krbf__advnormalizedfitness__M1__L8__eps0p033__g0p015__ds0p3__dm0p01
Problem: QUBO
Kernel: rbf
Advantage: normalizedfitness
M: 1
lambda: 8
epsilon_svgd: 0.033
gamma: 0.015
decay_start_ratio: 0.3
decay_min_factor: 0.01
bandwith_kernel: None
no_interact: False
avg_score: -398.2200012207031
median_score: -399.0
std_score: 33.30693054199219
percentiles: 2%=-461.20001220703125, 5%=-452.0, 10%=-441.3999938964844, 25%=-419.25, 50%=-399.0, 75%=-375.5, 90%=-354.0, 95%=-344.0, 98%=-339.9599914550781
ranking_best_algo: Tabu
ranking_best_score: 438.12
ranking_my_rank: 230/504 (54.6%)
ranking_my_percent: 54.56349206349206
