ConfigName: kjsd__advperagentrankweighted__M3__L24__eps0p005__g0p001__ds0p05__dm0p1
Problem: NK
Kernel: jsd
Advantage: peragentrankweighted
M: 3
lambda: 24
epsilon_svgd: 0.005
gamma: 0.001
decay_start_ratio: 0.05
decay_min_factor: 0.1
bandwith_kernel: None
no_interact: False
avg_score: 0.7347310781478882
median_score: 0.7361860871315002
std_score: 0.00938048679381609
percentiles: 2%=0.7121816277503967, 5%=0.7162196636199951, 10%=0.7188848853111267, 25%=0.7303573489189148, 50%=0.7361860871315002, 75%=0.7420831918716431, 90%=0.7456895112991333, 95%=0.7464671730995178, 98%=0.7474598288536072
ranking_best_algo: PBIL
ranking_best_score: 0.7248786399609374
ranking_my_rank: 1/504 (100.0%)
ranking_my_percent: 100.0
