ConfigName: kjsd__advperagentrankweighted__M3__L30__eps0p007__g0p0005__ds0p05__dm0p1
Problem: QUBO
Kernel: jsd
Advantage: peragentrankweighted
M: 3
lambda: 30
epsilon_svgd: 0.007
gamma: 0.0005
decay_start_ratio: 0.05
decay_min_factor: 0.1
bandwith_kernel: None
no_interact: False
avg_score: -1246.0999755859375
median_score: -1242.5
std_score: 65.33061981201172
percentiles: 2%=-1360.02001953125, 5%=-1351.0999755859375, 10%=-1328.300048828125, 25%=-1293.75, 50%=-1242.5, 75%=-1200.5, 90%=-1162.4000244140625, 95%=-1134.949951171875, 98%=-1129.8599853515625
ranking_best_algo: SVMMetaModelLogNormal
ranking_best_score: 1233.7999999999997
ranking_my_rank: 1/504 (100.0%)
ranking_my_percent: 100.0
