ConfigName: kfr__advglobalrankweighted__M4__L24__eps0p01__g0p007__ds0p01__dm0p01
Problem: NK
Kernel: fr
Advantage: globalrankweighted
M: 4
lambda: 24
epsilon_svgd: 0.01
gamma: 0.007
decay_start_ratio: 0.01
decay_min_factor: 0.01
bandwith_kernel: None
no_interact: False
avg_score: 0.6878136396408081
median_score: 0.6884174346923828
std_score: 0.010161145590245724
percentiles: 2%=0.6667928695678711, 5%=0.6706019043922424, 10%=0.6744844913482666, 25%=0.681789755821228, 50%=0.6884174346923828, 75%=0.6953567266464233, 90%=0.7009066343307495, 95%=0.702446460723877, 98%=0.7058349251747131
ranking_best_algo: PBIL
ranking_best_score: 0.7248786399609374
ranking_my_rank: 177/504 (65.1%)
ranking_my_percent: 65.07936507936508
