ConfigName: kjsd__advperagentrankweighted__M5__L24__eps0p02__g0p0003__ds0p2__dm0p05
Problem: NK
Kernel: jsd
Advantage: peragentrankweighted
M: 5
lambda: 24
epsilon_svgd: 0.02
gamma: 0.0003
decay_start_ratio: 0.2
decay_min_factor: 0.05
bandwith_kernel: None
no_interact: False
avg_score: 0.7407520413398743
median_score: 0.740153968334198
std_score: 0.008898433297872543
percentiles: 2%=0.7249318361282349, 5%=0.7272673845291138, 10%=0.7302109003067017, 25%=0.7349679470062256, 50%=0.740153968334198, 75%=0.7452116012573242, 90%=0.7544698715209961, 95%=0.7563885450363159, 98%=0.7612911462783813
ranking_best_algo: PBIL
ranking_best_score: 0.733570253046875
ranking_my_rank: 1/504 (100.0%)
ranking_my_percent: 100.0
