ConfigName: krbf__advnormalizedfitness__M3__L15__eps0p033__g0p005__ds0p01__dm0p3
Problem: QUBO
Kernel: rbf
Advantage: normalizedfitness
M: 3
lambda: 15
epsilon_svgd: 0.033
gamma: 0.005
decay_start_ratio: 0.01
decay_min_factor: 0.3
bandwith_kernel: None
no_interact: False
avg_score: -1209.3199462890625
median_score: -1203.5
std_score: 60.318138122558594
percentiles: 2%=-1327.3800048828125, 5%=-1309.199951171875, 10%=-1293.0, 25%=-1253.0, 50%=-1203.5, 75%=-1167.0, 90%=-1138.5999755859375, 95%=-1113.4000244140625, 98%=-1096.719970703125
ranking_best_algo: SVMMetaModelLogNormal
ranking_best_score: 1233.7999999999997
ranking_my_rank: 46/504 (91.1%)
ranking_my_percent: 91.07142857142857
