ConfigName: kjsd__advperagentrankweighted__M4__L10__eps0p01__g0p0007__ds0p05__dm0p05
Problem: QUBO
Kernel: jsd
Advantage: peragentrankweighted
M: 4
lambda: 10
epsilon_svgd: 0.01
gamma: 0.0007
decay_start_ratio: 0.05
decay_min_factor: 0.05
bandwith_kernel: None
no_interact: False
avg_score: -3286.659912109375
median_score: -3288.0
std_score: 107.58905792236328
percentiles: 2%=-3520.139892578125, 5%=-3484.0, 10%=-3456.300048828125, 25%=-3332.5, 50%=-3288.0, 75%=-3211.75, 90%=-3137.60009765625, 95%=-3108.64990234375, 98%=-3084.919921875
ranking_best_algo: RLSOnePlusOne
ranking_best_score: 3316.5199999999995
ranking_my_rank: 3/504 (99.6%)
ranking_my_percent: 99.60317460317461
