ConfigName: krbf__advnormalizedfitness__M4__L15__eps0p015__g0p005__ds0p15__dm0p01
Problem: NK
Kernel: rbf
Advantage: normalizedfitness
M: 4
lambda: 15
epsilon_svgd: 0.015
gamma: 0.005
decay_start_ratio: 0.15
decay_min_factor: 0.01
bandwith_kernel: None
no_interact: False
avg_score: 0.7439465522766113
median_score: 0.743807315826416
std_score: 0.015579726547002792
percentiles: 2%=0.7159428000450134, 5%=0.7177063226699829, 10%=0.7244930863380432, 25%=0.7339305877685547, 50%=0.743807315826416, 75%=0.7532838582992554, 90%=0.7632640600204468, 95%=0.7710681557655334, 98%=0.7779216170310974
ranking_best_algo: Tabu
ranking_best_score: 0.7470791764843752
ranking_my_rank: 3/504 (99.6%)
ranking_my_percent: 99.60317460317461
