ConfigName: kjsd__advperagentrankweighted__M3__L18__eps0p007__g0p001__ds0p2__dm0p1
Problem: QUBO
Kernel: jsd
Advantage: peragentrankweighted
M: 3
lambda: 18
epsilon_svgd: 0.007
gamma: 0.001
decay_start_ratio: 0.2
decay_min_factor: 0.1
bandwith_kernel: None
no_interact: False
avg_score: -578.1400146484375
median_score: -579.0
std_score: 27.91093635559082
percentiles: 2%=-625.2000122070312, 5%=-619.1500244140625, 10%=-615.0999755859375, 25%=-598.0, 50%=-579.0, 75%=-557.0, 90%=-539.9000244140625, 95%=-534.0, 98%=-529.9000244140625
ranking_best_algo: Tabu
ranking_best_score: 588.7199999999999
ranking_my_rank: 42/503 (91.8%)
ranking_my_percent: 91.84890656063618
