ConfigName: kjsd__advperagentrankweighted__M3__L16__eps0p01__g0p003__ds0p2__dm0p1
Problem: NK
Kernel: jsd
Advantage: peragentrankweighted
M: 3
lambda: 16
epsilon_svgd: 0.01
gamma: 0.003
decay_start_ratio: 0.2
decay_min_factor: 0.1
bandwith_kernel: None
no_interact: False
avg_score: 0.744398295879364
median_score: 0.7408133745193481
std_score: 0.02874075435101986
percentiles: 2%=0.7028260231018066, 5%=0.7073639035224915, 10%=0.7103580832481384, 25%=0.7229819297790527, 50%=0.7408133745193481, 75%=0.7580187320709229, 90%=0.7783373594284058, 95%=0.8048011064529419, 98%=0.8118547797203064
ranking_best_algo: CMApara
ranking_best_score: 0.7459277895312499
ranking_my_rank: 4/504 (99.4%)
ranking_my_percent: 99.4047619047619
