ConfigName: kjsd__advperagentrankweighted__M4__L8__eps0p03__g0p0007__ds0p05__dm0p05
Problem: NK
Kernel: jsd
Advantage: peragentrankweighted
M: 4
lambda: 8
epsilon_svgd: 0.03
gamma: 0.0007
decay_start_ratio: 0.05
decay_min_factor: 0.05
bandwith_kernel: None
no_interact: False
avg_score: 0.724020779132843
median_score: 0.7235794067382812
std_score: 0.00793942529708147
percentiles: 2%=0.7096667289733887, 5%=0.711572527885437, 10%=0.7133850455284119, 25%=0.7181618213653564, 50%=0.7235794067382812, 75%=0.7293992638587952, 90%=0.7348707914352417, 95%=0.736979067325592, 98%=0.7397823929786682
ranking_best_algo: PBIL
ranking_best_score: 0.7248786399609374
ranking_my_rank: 2/504 (99.8%)
ranking_my_percent: 99.8015873015873
