ConfigName: krbf__advnormalizedfitness__M4__L10__eps0p025__g0p005__ds0p01__dm0p3
Problem: NK
Kernel: rbf
Advantage: normalizedfitness
M: 4
lambda: 10
epsilon_svgd: 0.025
gamma: 0.005
decay_start_ratio: 0.01
decay_min_factor: 0.3
bandwith_kernel: None
no_interact: False
avg_score: 0.7368175983428955
median_score: 0.7361018657684326
std_score: 0.014363794587552547
percentiles: 2%=0.7096698880195618, 5%=0.7194861173629761, 10%=0.7230289578437805, 25%=0.7249805331230164, 50%=0.7361018657684326, 75%=0.7453516125679016, 90%=0.7576538920402527, 95%=0.763282060623169, 98%=0.7662860751152039
ranking_best_algo: Tabu
ranking_best_score: 0.7601875690625
ranking_my_rank: 20/504 (96.2%)
ranking_my_percent: 96.23015873015873
