ConfigName: kjsd__advperagentrankweighted__M4__L30__eps0p005__g0p0007__ds0p2__dm0p05
Problem: NK
Kernel: jsd
Advantage: peragentrankweighted
M: 4
lambda: 30
epsilon_svgd: 0.005
gamma: 0.0007
decay_start_ratio: 0.2
decay_min_factor: 0.05
bandwith_kernel: None
no_interact: False
avg_score: 0.7080844640731812
median_score: 0.7085763216018677
std_score: 0.017963817343115807
percentiles: 2%=0.6743705868721008, 5%=0.6777827739715576, 10%=0.6828404068946838, 25%=0.6962125301361084, 50%=0.7085763216018677, 75%=0.7214524745941162, 90%=0.7304307818412781, 95%=0.7358740568161011, 98%=0.7427017092704773
ranking_best_algo: Tabu
ranking_best_score: 0.7429702712499999
ranking_my_rank: 155/504 (69.4%)
ranking_my_percent: 69.44444444444444
