ConfigName: krbf__advnormalizedfitness__M3__L10__eps0p033__g0p01__ds0p01__dm0p01
Problem: QUBO
Kernel: rbf
Advantage: normalizedfitness
M: 3
lambda: 10
epsilon_svgd: 0.033
gamma: 0.01
decay_start_ratio: 0.01
decay_min_factor: 0.01
bandwith_kernel: None
no_interact: False
avg_score: -1593.260009765625
median_score: -1598.0
std_score: 81.89329528808594
percentiles: 2%=-1743.8800048828125, 5%=-1728.0, 10%=-1697.4000244140625, 25%=-1647.5, 50%=-1598.0, 75%=-1539.25, 90%=-1481.5, 95%=-1458.7000732421875, 98%=-1440.079833984375
ranking_best_algo: NLOPT_LN_PRAXIS
ranking_best_score: 1607.12
ranking_my_rank: 38/504 (92.7%)
ranking_my_percent: 92.65873015873017
