ConfigName: kjsd__advperagentrankweighted__M3__L16__eps0p007__g0p003__ds0p2__dm0p2
Problem: QUBO
Kernel: jsd
Advantage: peragentrankweighted
M: 3
lambda: 16
epsilon_svgd: 0.007
gamma: 0.003
decay_start_ratio: 0.2
decay_min_factor: 0.2
bandwith_kernel: None
no_interact: False
avg_score: -2425.820068359375
median_score: -2413.0
std_score: 153.79782104492188
percentiles: 2%=-2722.6201171875, 5%=-2665.10009765625, 10%=-2632.60009765625, 25%=-2560.25, 50%=-2413.0, 75%=-2306.75, 90%=-2257.0, 95%=-2189.300048828125, 98%=-2126.639892578125
ranking_best_algo: DiscreteLengler2OnePlusOne
ranking_best_score: 2617.04
ranking_my_rank: 127/504 (75.0%)
ranking_my_percent: 75.0
