ConfigName: kfr__advglobalrankweighted__M2__L10__eps0p01__g0p003__ds0p01__dm0p01
Problem: QUBO
Kernel: fr
Advantage: globalrankweighted
M: 2
lambda: 10
epsilon_svgd: 0.01
gamma: 0.003
decay_start_ratio: 0.01
decay_min_factor: 0.01
bandwith_kernel: None
no_interact: False
avg_score: -322.8599853515625
median_score: -326.5
std_score: 25.236886978149414
percentiles: 2%=-372.0, 5%=-354.3500061035156, 10%=-349.1000061035156, 25%=-342.0, 50%=-326.5, 75%=-300.0, 90%=-286.0, 95%=-281.9000244140625, 98%=-271.91998291015625
ranking_best_algo: CMApara
ranking_best_score: 344.22
ranking_my_rank: 136/504 (73.2%)
ranking_my_percent: 73.21428571428571
