ConfigName: kjsd__advperagentrankweighted__M3__L18__eps0p005__g0p003__ds0p2__dm0p1
Problem: QUBO
Kernel: jsd
Advantage: peragentrankweighted
M: 3
lambda: 18
epsilon_svgd: 0.005
gamma: 0.003
decay_start_ratio: 0.2
decay_min_factor: 0.1
bandwith_kernel: None
no_interact: False
avg_score: -853.4400024414062
median_score: -850.5
std_score: 77.24160766601562
percentiles: 2%=-1011.1400146484375, 5%=-985.4500122070312, 10%=-948.2999877929688, 25%=-909.5, 50%=-850.5, 75%=-802.75, 90%=-757.5, 95%=-734.75, 98%=-691.4600219726562
ranking_best_algo: CMAL3
ranking_best_score: 928.5800000000002
ranking_my_rank: 205/504 (59.5%)
ranking_my_percent: 59.523809523809526
