ConfigName: krbf__advnormalizedfitness__M3__L12__eps0p015__g0p015__ds0p15__dm0p01
Problem: QUBO
Kernel: rbf
Advantage: normalizedfitness
M: 3
lambda: 12
epsilon_svgd: 0.015
gamma: 0.015
decay_start_ratio: 0.15
decay_min_factor: 0.01
bandwith_kernel: None
no_interact: False
avg_score: -197.13999938964844
median_score: -197.5
std_score: 12.841354370117188
percentiles: 2%=-224.0, 5%=-219.10000610351562, 10%=-216.10000610351562, 25%=-205.0, 50%=-197.5, 75%=-188.5, 90%=-180.8000030517578, 95%=-176.0, 98%=-174.95999145507812
ranking_best_algo: Tabu
ranking_best_score: 208.36000000000004
ranking_my_rank: 126/504 (75.2%)
ranking_my_percent: 75.1984126984127
