ConfigName: krbf__advnormalizedfitness__M1__L8__eps0p033__g0p015__ds0p01__dm0p01
Problem: QUBO
Kernel: rbf
Advantage: normalizedfitness
M: 1
lambda: 8
epsilon_svgd: 0.033
gamma: 0.015
decay_start_ratio: 0.01
decay_min_factor: 0.01
bandwith_kernel: None
no_interact: False
avg_score: -561.02001953125
median_score: -561.0
std_score: 36.17014694213867
percentiles: 2%=-637.0, 5%=-625.0, 10%=-613.0999755859375, 25%=-583.0, 50%=-561.0, 75%=-535.25, 90%=-513.0, 95%=-508.6500244140625, 98%=-498.91998291015625
ranking_best_algo: Tabu
ranking_best_score: 588.7199999999999
ranking_my_rank: 98/503 (80.7%)
ranking_my_percent: 80.71570576540755
