ConfigName: kjsd__advperagentrankweighted__M5__L12__eps0p008__g0p0005__ds0p3__dm0p05
Problem: NK
Kernel: jsd
Advantage: peragentrankweighted
M: 5
lambda: 12
epsilon_svgd: 0.008
gamma: 0.0005
decay_start_ratio: 0.3
decay_min_factor: 0.05
bandwith_kernel: None
no_interact: False
avg_score: 0.7373464107513428
median_score: 0.7385343313217163
std_score: 0.008208871819078922
percentiles: 2%=0.7208040952682495, 5%=0.7230068445205688, 10%=0.7254506349563599, 25%=0.7323658466339111, 50%=0.7385343313217163, 75%=0.7423981428146362, 90%=0.7461819648742676, 95%=0.7487083673477173, 98%=0.753253698348999
ranking_best_algo: PBIL
ranking_best_score: 0.730509098125
ranking_my_rank: 1/504 (100.0%)
ranking_my_percent: 100.0
