ConfigName: krbf__advnormalizedfitness__M3__L15__eps0p033__g0p015__ds0p3__dm0p01
Problem: NK
Kernel: rbf
Advantage: normalizedfitness
M: 3
lambda: 15
epsilon_svgd: 0.033
gamma: 0.015
decay_start_ratio: 0.3
decay_min_factor: 0.01
bandwith_kernel: None
no_interact: False
avg_score: 0.7512969374656677
median_score: 0.7520608901977539
std_score: 0.01343143917620182
percentiles: 2%=0.7243659496307373, 5%=0.7298708558082581, 10%=0.735116720199585, 25%=0.7421039342880249, 50%=0.7520608901977539, 75%=0.7610781192779541, 90%=0.7674909830093384, 95%=0.7717841267585754, 98%=0.7786328196525574
ranking_best_algo: Tabu
ranking_best_score: 0.7657846284375001
ranking_my_rank: 18/504 (96.6%)
ranking_my_percent: 96.62698412698413
