ConfigName: kjsd__advperagentrankweighted__M3__L18__eps0p007__g0p001__ds0p2__dm0p1
Problem: QUBO
Kernel: jsd
Advantage: peragentrankweighted
M: 3
lambda: 18
epsilon_svgd: 0.007
gamma: 0.001
decay_start_ratio: 0.2
decay_min_factor: 0.1
bandwith_kernel: None
no_interact: False
avg_score: -200.83999633789062
median_score: -200.0
std_score: 12.745759963989258
percentiles: 2%=-224.0, 5%=-224.0, 10%=-219.1999969482422, 25%=-209.0, 50%=-200.0, 75%=-194.0, 90%=-183.89999389648438, 95%=-180.89999389648438, 98%=-172.97999572753906
ranking_best_algo: Tabu
ranking_best_score: 208.36000000000004
ranking_my_rank: 44/504 (91.5%)
ranking_my_percent: 91.46825396825396
