ConfigName: krbf__advnormalizedfitness__M4__L10__eps0p033__g0p01__ds0p15__dm0p3
Problem: QUBO
Kernel: rbf
Advantage: normalizedfitness
M: 4
lambda: 10
epsilon_svgd: 0.033
gamma: 0.01
decay_start_ratio: 0.15
decay_min_factor: 0.3
bandwith_kernel: None
no_interact: False
avg_score: -552.1599731445312
median_score: -553.0
std_score: 30.574735641479492
percentiles: 2%=-614.1400146484375, 5%=-605.0999755859375, 10%=-591.2000122070312, 25%=-571.0, 50%=-553.0, 75%=-530.75, 90%=-513.7000122070312, 95%=-503.95001220703125, 98%=-496.75994873046875
ranking_best_algo: Tabu
ranking_best_score: 588.7199999999999
ranking_my_rank: 153/503 (69.8%)
ranking_my_percent: 69.78131212723657
