ConfigName: krbf__advnormalizedfitness__M4__L8__eps0p025__g0p005__ds0p15__dm0p01
Problem: NK
Kernel: rbf
Advantage: normalizedfitness
M: 4
lambda: 8
epsilon_svgd: 0.025
gamma: 0.005
decay_start_ratio: 0.15
decay_min_factor: 0.01
bandwith_kernel: None
no_interact: False
avg_score: 0.7246520519256592
median_score: 0.7245515584945679
std_score: 0.008968474343419075
percentiles: 2%=0.7100858688354492, 5%=0.711195707321167, 10%=0.7122272253036499, 25%=0.7193641066551208, 50%=0.7245515584945679, 75%=0.7286136150360107, 90%=0.7358591556549072, 95%=0.7407095432281494, 98%=0.7458822131156921
ranking_best_algo: Tabu
ranking_best_score: 0.7429702712499999
ranking_my_rank: 4/504 (99.4%)
ranking_my_percent: 99.4047619047619
