ConfigName: krbf__advnormalizedfitness__M4__L15__eps0p033__g0p007__ds0p15__dm0p01
Problem: QUBO
Kernel: rbf
Advantage: normalizedfitness
M: 4
lambda: 15
epsilon_svgd: 0.033
gamma: 0.007
decay_start_ratio: 0.15
decay_min_factor: 0.01
bandwith_kernel: None
no_interact: False
avg_score: -333.1000061035156
median_score: -338.0
std_score: 18.14800453186035
percentiles: 2%=-372.0, 5%=-357.0, 10%=-350.3999938964844, 25%=-343.0, 50%=-338.0, 75%=-323.5, 90%=-307.8999938964844, 95%=-297.9000244140625, 98%=-290.97998046875
ranking_best_algo: CMApara
ranking_best_score: 344.22
ranking_my_rank: 69/504 (86.5%)
ranking_my_percent: 86.5079365079365
