ConfigName: kjsd__advperagentrankweighted__M4__L24__eps0p02__g0p0005__ds0p05__dm0p05
Problem: QUBO
Kernel: jsd
Advantage: peragentrankweighted
M: 4
lambda: 24
epsilon_svgd: 0.02
gamma: 0.0005
decay_start_ratio: 0.05
decay_min_factor: 0.05
bandwith_kernel: None
no_interact: False
avg_score: -2650.179931640625
median_score: -2648.0
std_score: 119.9398422241211
percentiles: 2%=-2881.639892578125, 5%=-2833.39990234375, 10%=-2794.39990234375, 25%=-2730.5, 50%=-2648.0, 75%=-2564.0, 90%=-2521.10009765625, 95%=-2447.800048828125, 98%=-2392.860107421875
ranking_best_algo: DiscreteLengler2OnePlusOne
ranking_best_score: 2617.04
ranking_my_rank: 1/504 (100.0%)
ranking_my_percent: 100.0
