ConfigName: krbf__advnormalizedfitness__M3__L24__eps0p03__g0p005__ds0p05__dm0p05
Problem: QUBO
Kernel: rbf
Advantage: normalizedfitness
M: 3
lambda: 24
epsilon_svgd: 0.03
gamma: 0.005
decay_start_ratio: 0.05
decay_min_factor: 0.05
bandwith_kernel: None
no_interact: False
avg_score: -2542.0
median_score: -2543.0
std_score: 148.39366149902344
percentiles: 2%=-2799.139892578125, 5%=-2795.050048828125, 10%=-2759.89990234375, 25%=-2652.0, 50%=-2543.0, 75%=-2410.0, 90%=-2350.60009765625, 95%=-2322.64990234375, 98%=-2313.56005859375
ranking_best_algo: DiscreteLengler2OnePlusOne
ranking_best_score: 2617.04
ranking_my_rank: 56/504 (89.1%)
ranking_my_percent: 89.08730158730158
