ConfigName: kjsd__advperagentrankweighted__M4__L20__eps0p005__g0p0005__ds0p1__dm0p05
Problem: NK
Kernel: jsd
Advantage: peragentrankweighted
M: 4
lambda: 20
epsilon_svgd: 0.005
gamma: 0.0005
decay_start_ratio: 0.1
decay_min_factor: 0.05
bandwith_kernel: None
no_interact: False
avg_score: 0.7107036709785461
median_score: 0.7114531397819519
std_score: 0.015314123593270779
percentiles: 2%=0.672929048538208, 5%=0.674291729927063, 10%=0.6939200758934021, 25%=0.7075201272964478, 50%=0.7114531397819519, 75%=0.7204930782318115, 90%=0.7255116701126099, 95%=0.7326806783676147, 98%=0.7340693473815918
ranking_best_algo: CMApara
ranking_best_score: 0.707475975
ranking_my_rank: 1/504 (100.0%)
ranking_my_percent: 100.0
