ConfigName: krbf__advnormalizedfitness__M4__L12__eps0p033__g0p007__ds0p15__dm0p3
Problem: QUBO
Kernel: rbf
Advantage: normalizedfitness
M: 4
lambda: 12
epsilon_svgd: 0.033
gamma: 0.007
decay_start_ratio: 0.15
decay_min_factor: 0.3
bandwith_kernel: None
no_interact: False
avg_score: -1095.800048828125
median_score: -1091.0
std_score: 86.68968200683594
percentiles: 2%=-1267.239990234375, 5%=-1227.0999755859375, 10%=-1207.5, 25%=-1164.25, 50%=-1091.0, 75%=-1037.75, 90%=-981.7000122070312, 95%=-962.9000244140625, 98%=-943.4198608398438
ranking_best_algo: SVMMetaModelLogNormal
ranking_best_score: 1233.7999999999997
ranking_my_rank: 153/504 (69.8%)
ranking_my_percent: 69.84126984126983
