ConfigName: kjsd__advperagentrankweighted__M3__L20__eps0p01__g0p0005__ds0p2__dm0p1
Problem: QUBO
Kernel: jsd
Advantage: peragentrankweighted
M: 3
lambda: 20
epsilon_svgd: 0.01
gamma: 0.0005
decay_start_ratio: 0.2
decay_min_factor: 0.1
bandwith_kernel: None
no_interact: False
avg_score: -1194.1400146484375
median_score: -1194.5
std_score: 63.6424446105957
percentiles: 2%=-1351.1199951171875, 5%=-1304.8499755859375, 10%=-1264.300048828125, 25%=-1231.5, 50%=-1194.5, 75%=-1157.0, 90%=-1102.699951171875, 95%=-1092.800048828125, 98%=-1080.6800537109375
ranking_best_algo: Tabu
ranking_best_score: 1216.16
ranking_my_rank: 48/504 (90.7%)
ranking_my_percent: 90.67460317460318
