ConfigName: kjsd__advperagentrankweighted__M5__L24__eps0p03__g0p0005__ds0p2__dm0p05
Problem: QUBO
Kernel: jsd
Advantage: peragentrankweighted
M: 5
lambda: 24
epsilon_svgd: 0.03
gamma: 0.0005
decay_start_ratio: 0.2
decay_min_factor: 0.05
bandwith_kernel: None
no_interact: False
avg_score: -943.52001953125
median_score: -951.5
std_score: 67.22521209716797
percentiles: 2%=-1076.0, 5%=-1053.3499755859375, 10%=-1032.300048828125, 25%=-987.5, 50%=-951.5, 75%=-895.0, 90%=-856.7999877929688, 95%=-843.0, 98%=-808.760009765625
ranking_best_algo: CMApara
ranking_best_score: 964.9
ranking_my_rank: 3/504 (99.6%)
ranking_my_percent: 99.60317460317461
