ConfigName: krbf__advnormalizedfitness__M4__L15__eps0p025__g0p005__ds0p01__dm0p01
Problem: NK
Kernel: rbf
Advantage: normalizedfitness
M: 4
lambda: 15
epsilon_svgd: 0.025
gamma: 0.005
decay_start_ratio: 0.01
decay_min_factor: 0.01
bandwith_kernel: None
no_interact: False
avg_score: 0.6500003337860107
median_score: 0.6438248157501221
std_score: 0.02200048416852951
percentiles: 2%=0.6149666905403137, 5%=0.6242163777351379, 10%=0.6285490393638611, 25%=0.6335437297821045, 50%=0.6438248157501221, 75%=0.6626747250556946, 90%=0.6809253096580505, 95%=0.6946775317192078, 98%=0.7036736607551575
ranking_best_algo: PBIL
ranking_best_score: 0.7170882103515624
ranking_my_rank: 291/504 (42.5%)
ranking_my_percent: 42.46031746031746
