ConfigName: kjsd__advperagentrankweighted__M5__L10__eps0p005__g0p003__ds0p2__dm0p05
Problem: QUBO
Kernel: jsd
Advantage: peragentrankweighted
M: 5
lambda: 10
epsilon_svgd: 0.005
gamma: 0.003
decay_start_ratio: 0.2
decay_min_factor: 0.05
bandwith_kernel: None
no_interact: False
avg_score: -149.60000610351562
median_score: -149.0
std_score: 12.74990177154541
percentiles: 2%=-179.0, 5%=-179.0, 10%=-162.1999969482422, 25%=-155.0, 50%=-149.0, 75%=-141.0, 90%=-137.0, 95%=-132.6999969482422, 98%=-124.91999816894531
ranking_best_algo: CMApara
ranking_best_score: 154.28
ranking_my_rank: 76/504 (85.1%)
ranking_my_percent: 85.11904761904762
