ConfigName: kjsd__advperagentrankweighted__M3__L18__eps0p005__g0p0007__ds0p2__dm0p05
Problem: QUBO
Kernel: jsd
Advantage: peragentrankweighted
M: 3
lambda: 18
epsilon_svgd: 0.005
gamma: 0.0007
decay_start_ratio: 0.2
decay_min_factor: 0.05
bandwith_kernel: None
no_interact: False
avg_score: -146.39999389648438
median_score: -145.0
std_score: 12.571396827697754
percentiles: 2%=-179.0, 5%=-164.75, 10%=-160.0, 25%=-155.0, 50%=-145.0, 75%=-137.0, 90%=-132.89999389648438, 95%=-128.89999389648438, 98%=-125.0
ranking_best_algo: CMApara
ranking_best_score: 154.28
ranking_my_rank: 124/504 (75.6%)
ranking_my_percent: 75.5952380952381
