ConfigName: kjsd__advperagentrankweighted__M5__L12__eps0p02__g0p0005__ds0p05__dm0p05
Problem: QUBO
Kernel: jsd
Advantage: peragentrankweighted
M: 5
lambda: 12
epsilon_svgd: 0.02
gamma: 0.0005
decay_start_ratio: 0.05
decay_min_factor: 0.05
bandwith_kernel: None
no_interact: False
avg_score: -2637.699951171875
median_score: -2624.0
std_score: 121.35086059570312
percentiles: 2%=-2888.139892578125, 5%=-2843.0, 10%=-2814.0, 25%=-2701.0, 50%=-2624.0, 75%=-2549.25, 90%=-2489.800048828125, 95%=-2477.39990234375, 98%=-2423.840087890625
ranking_best_algo: DiscreteLengler2OnePlusOne
ranking_best_score: 2617.04
ranking_my_rank: 1/504 (100.0%)
ranking_my_percent: 100.0
