ConfigName: kfr__advglobalrankweighted__M5__L10__eps0p02__g0p003__ds0p01__dm0p01
Problem: QUBO
Kernel: fr
Advantage: globalrankweighted
M: 5
lambda: 10
epsilon_svgd: 0.02
gamma: 0.003
decay_start_ratio: 0.01
decay_min_factor: 0.01
bandwith_kernel: None
no_interact: False
avg_score: -308.82000732421875
median_score: -306.0
std_score: 40.17819595336914
percentiles: 2%=-396.0, 5%=-386.20001220703125, 10%=-358.79998779296875, 25%=-332.5, 50%=-306.0, 75%=-273.75, 90%=-265.0, 95%=-256.95001220703125, 98%=-250.9399871826172
ranking_best_algo: CMApara
ranking_best_score: 319.29999999999995
ranking_my_rank: 86/504 (83.1%)
ranking_my_percent: 83.13492063492063
