ConfigName: kjsd__advperagentrankweighted__M3__L18__eps0p005__g0p003__ds0p05__dm0p1
Problem: QUBO
Kernel: jsd
Advantage: peragentrankweighted
M: 3
lambda: 18
epsilon_svgd: 0.005
gamma: 0.003
decay_start_ratio: 0.05
decay_min_factor: 0.1
bandwith_kernel: None
no_interact: False
avg_score: -1392.6199951171875
median_score: -1394.5
std_score: 113.3751220703125
percentiles: 2%=-1594.739990234375, 5%=-1579.300048828125, 10%=-1553.199951171875, 25%=-1464.0, 50%=-1394.5, 75%=-1314.5, 90%=-1253.9000244140625, 95%=-1211.0, 98%=-1185.4000244140625
ranking_best_algo: NLOPT_LN_PRAXIS
ranking_best_score: 1607.12
ranking_my_rank: 157/504 (69.0%)
ranking_my_percent: 69.04761904761905
