ConfigName: kfr__advglobalrankweighted__M4__L9__eps0p02__g0p005__ds0p01__dm0p01
Problem: QUBO
Kernel: fr
Advantage: globalrankweighted
M: 4
lambda: 9
epsilon_svgd: 0.02
gamma: 0.005
decay_start_ratio: 0.01
decay_min_factor: 0.01
bandwith_kernel: None
no_interact: False
avg_score: -309.8599853515625
median_score: -310.0
std_score: 40.677024841308594
percentiles: 2%=-394.0, 5%=-390.1000061035156, 10%=-360.79998779296875, 25%=-336.5, 50%=-310.0, 75%=-273.75, 90%=-263.8999938964844, 95%=-259.5, 98%=-245.9199981689453
ranking_best_algo: CMApara
ranking_best_score: 319.29999999999995
ranking_my_rank: 68/504 (86.7%)
ranking_my_percent: 86.7063492063492
