ConfigName: kjsd__advperagentrankweighted__M3__L20__eps0p007__g0p0007__ds0p2__dm0p2
Problem: QUBO
Kernel: jsd
Advantage: peragentrankweighted
M: 3
lambda: 20
epsilon_svgd: 0.007
gamma: 0.0007
decay_start_ratio: 0.2
decay_min_factor: 0.2
bandwith_kernel: None
no_interact: False
avg_score: -2630.5400390625
median_score: -2626.0
std_score: 133.90782165527344
percentiles: 2%=-2853.159912109375, 5%=-2846.050048828125, 10%=-2805.89990234375, 25%=-2734.75, 50%=-2626.0, 75%=-2537.5, 90%=-2463.60009765625, 95%=-2410.25, 98%=-2364.06005859375
ranking_best_algo: DiscreteLengler2OnePlusOne
ranking_best_score: 2617.04
ranking_my_rank: 1/504 (100.0%)
ranking_my_percent: 100.0
