ConfigName: kjsd__advperagentrankweighted__M4__L24__eps0p01__g0p0003__ds0p4__dm0p05
Problem: NK
Kernel: jsd
Advantage: peragentrankweighted
M: 4
lambda: 24
epsilon_svgd: 0.01
gamma: 0.0003
decay_start_ratio: 0.4
decay_min_factor: 0.05
bandwith_kernel: None
no_interact: False
avg_score: 0.7517296671867371
median_score: 0.7518889904022217
std_score: 0.015547745861113071
percentiles: 2%=0.7237761616706848, 5%=0.7284532785415649, 10%=0.7332722544670105, 25%=0.7390573024749756, 50%=0.7518889904022217, 75%=0.7648007273674011, 90%=0.7708955407142639, 95%=0.7762871980667114, 98%=0.782697319984436
ranking_best_algo: Tabu
ranking_best_score: 0.7657846284375001
ranking_my_rank: 14/504 (97.4%)
ranking_my_percent: 97.42063492063492
