ConfigName: kjsd__advperagentrankweighted__M10__L10__eps0p008__g0p0005__ds0p05__dm0p05
Problem: NK
Kernel: jsd
Advantage: peragentrankweighted
M: 10
lambda: 10
epsilon_svgd: 0.008
gamma: 0.0005
decay_start_ratio: 0.05
decay_min_factor: 0.05
bandwith_kernel: None
no_interact: False
avg_score: 0.7122242450714111
median_score: 0.70106041431427
std_score: 0.031201686710119247
percentiles: 2%=0.6744023561477661, 5%=0.6751645803451538, 10%=0.6804218292236328, 25%=0.6848444938659668, 50%=0.70106041431427, 75%=0.7474179267883301, 90%=0.7530527710914612, 95%=0.7613165378570557, 98%=0.7613165378570557
ranking_best_algo: CMApara
ranking_best_score: 0.7118996098437498
ranking_my_rank: 1/504 (100.0%)
ranking_my_percent: 100.0
