ConfigName: krbf__advnormalizedfitness__M4__L8__eps0p025__g0p01__ds0p15__dm0p01
Problem: QUBO
Kernel: rbf
Advantage: normalizedfitness
M: 4
lambda: 8
epsilon_svgd: 0.025
gamma: 0.01
decay_start_ratio: 0.15
decay_min_factor: 0.01
bandwith_kernel: None
no_interact: False
avg_score: -922.1799926757812
median_score: -911.5
std_score: 60.952335357666016
percentiles: 2%=-1051.4200439453125, 5%=-1026.199951171875, 10%=-1007.2000122070312, 25%=-963.0, 50%=-911.5, 75%=-874.5, 90%=-851.5, 95%=-838.7000122070312, 98%=-828.8800048828125
ranking_best_algo: CMApara
ranking_best_score: 964.9
ranking_my_rank: 50/504 (90.3%)
ranking_my_percent: 90.27777777777777
