ConfigName: krbf__advnormalizedfitness__M2__L10__eps0p025__g0p01__ds0p3__dm0p3
Problem: QUBO
Kernel: rbf
Advantage: normalizedfitness
M: 2
lambda: 10
epsilon_svgd: 0.025
gamma: 0.01
decay_start_ratio: 0.3
decay_min_factor: 0.3
bandwith_kernel: None
no_interact: False
avg_score: -575.9199829101562
median_score: -574.0
std_score: 30.62211036682129
percentiles: 2%=-637.0800170898438, 5%=-621.0499877929688, 10%=-615.0, 25%=-600.0, 50%=-574.0, 75%=-556.75, 90%=-539.0, 95%=-528.7999877929688, 98%=-520.739990234375
ranking_best_algo: Tabu
ranking_best_score: 588.7199999999999
ranking_my_rank: 56/503 (89.1%)
ranking_my_percent: 89.06560636182903
