ConfigName: kjsd__advperagentrankweighted__M3__L18__eps0p007__g0p003__ds0p1__dm0p05
Problem: QUBO
Kernel: jsd
Advantage: peragentrankweighted
M: 3
lambda: 18
epsilon_svgd: 0.007
gamma: 0.003
decay_start_ratio: 0.1
decay_min_factor: 0.05
bandwith_kernel: None
no_interact: False
avg_score: -416.739990234375
median_score: -422.0
std_score: 28.899349212646484
percentiles: 2%=-473.0400085449219, 5%=-465.20001220703125, 10%=-450.0, 25%=-434.0, 50%=-422.0, 75%=-393.5, 90%=-379.79998779296875, 95%=-365.95001220703125, 98%=-355.9200134277344
ranking_best_algo: Tabu
ranking_best_score: 438.12
ranking_my_rank: 43/504 (91.7%)
ranking_my_percent: 91.66666666666667
