ConfigName: kjsd__advperagentrankweighted__M3__L18__eps0p01__g0p003__ds0p1__dm0p05
Problem: QUBO
Kernel: jsd
Advantage: peragentrankweighted
M: 3
lambda: 18
epsilon_svgd: 0.01
gamma: 0.003
decay_start_ratio: 0.1
decay_min_factor: 0.05
bandwith_kernel: None
no_interact: False
avg_score: -2606.860107421875
median_score: -2601.0
std_score: 127.5560302734375
percentiles: 2%=-2873.199951171875, 5%=-2842.10009765625, 10%=-2779.39990234375, 25%=-2700.5, 50%=-2601.0, 75%=-2525.75, 90%=-2441.60009765625, 95%=-2412.75, 98%=-2379.719970703125
ranking_best_algo: DiscreteLengler2OnePlusOne
ranking_best_score: 2617.04
ranking_my_rank: 2/504 (99.8%)
ranking_my_percent: 99.8015873015873
