ConfigName: kjsd__advperagentrankweighted__M3__L24__eps0p007__g0p001__ds0p1__dm0p2
Problem: QUBO
Kernel: jsd
Advantage: peragentrankweighted
M: 3
lambda: 24
epsilon_svgd: 0.007
gamma: 0.001
decay_start_ratio: 0.1
decay_min_factor: 0.2
bandwith_kernel: None
no_interact: False
avg_score: -940.260009765625
median_score: -932.0
std_score: 73.32469940185547
percentiles: 2%=-1076.0, 5%=-1066.0, 10%=-1049.4000244140625, 25%=-990.75, 50%=-932.0, 75%=-895.0, 90%=-848.5999755859375, 95%=-827.0, 98%=-784.7999877929688
ranking_best_algo: CMApara
ranking_best_score: 964.9
ranking_my_rank: 7/504 (98.8%)
ranking_my_percent: 98.80952380952381
