ConfigName: kjsd__advperagentrankweighted__M4__L24__eps0p01__g0p0005__ds1__dm1
Problem: QUBO
Kernel: jsd
Advantage: peragentrankweighted
M: 4
lambda: 24
epsilon_svgd: 0.01
gamma: 0.0005
decay_start_ratio: 1.0
decay_min_factor: 1.0
bandwith_kernel: None
no_interact: False
avg_score: -310.32000732421875
median_score: -311.0
std_score: 39.64968490600586
percentiles: 2%=-394.0799865722656, 5%=-388.0, 10%=-360.3999938964844, 25%=-336.0, 50%=-311.0, 75%=-274.0, 90%=-267.0, 95%=-261.8999938964844, 98%=-256.8599853515625
ranking_best_algo: CMApara
ranking_best_score: 319.29999999999995
ranking_my_rank: 62/504 (87.9%)
ranking_my_percent: 87.89682539682539
