ConfigName: krbf__advnormalizedfitness__M3__L10__eps0p015__g0p007__ds0p15__dm0p3
Problem: QUBO
Kernel: rbf
Advantage: normalizedfitness
M: 3
lambda: 10
epsilon_svgd: 0.015
gamma: 0.007
decay_start_ratio: 0.15
decay_min_factor: 0.3
bandwith_kernel: None
no_interact: False
avg_score: -201.55999755859375
median_score: -202.0
std_score: 11.216344833374023
percentiles: 2%=-222.0399932861328, 5%=-221.0500030517578, 10%=-215.3000030517578, 25%=-209.0, 50%=-202.0, 75%=-195.0, 90%=-184.0, 95%=-181.0, 98%=-177.95999145507812
ranking_best_algo: Tabu
ranking_best_score: 208.36000000000004
ranking_my_rank: 40/504 (92.3%)
ranking_my_percent: 92.26190476190476
