ConfigName: krbf__advnormalizedfitness__M3__L15__eps0p015__g0p01__ds0p01__dm0p01
Problem: QUBO
Kernel: rbf
Advantage: normalizedfitness
M: 3
lambda: 15
epsilon_svgd: 0.015
gamma: 0.01
decay_start_ratio: 0.01
decay_min_factor: 0.01
bandwith_kernel: None
no_interact: False
avg_score: -2708.260009765625
median_score: -2676.5
std_score: 243.68458557128906
percentiles: 2%=-3159.97998046875, 5%=-3082.699951171875, 10%=-3041.300048828125, 25%=-2892.75, 50%=-2676.5, 75%=-2515.25, 90%=-2410.900146484375, 95%=-2335.89990234375, 98%=-2283.73974609375
ranking_best_algo: RLSOnePlusOne
ranking_best_score: 3316.5199999999995
ranking_my_rank: 191/504 (62.3%)
ranking_my_percent: 62.301587301587304
