ConfigName: kjsd__advperagentrankweighted__M4__L8__eps0p005__g0p0003__ds0p4__dm0p05
Problem: NK
Kernel: jsd
Advantage: peragentrankweighted
M: 4
lambda: 8
epsilon_svgd: 0.005
gamma: 0.0003
decay_start_ratio: 0.4
decay_min_factor: 0.05
bandwith_kernel: None
no_interact: False
avg_score: 0.7503960132598877
median_score: 0.7483654022216797
std_score: 0.013362472876906395
percentiles: 2%=0.7278826236724854, 5%=0.7312284111976624, 10%=0.7334787249565125, 25%=0.7409964799880981, 50%=0.7483654022216797, 75%=0.7599954605102539, 90%=0.7691605687141418, 95%=0.7733688950538635, 98%=0.776529848575592
ranking_best_algo: Tabu
ranking_best_score: 0.7470791764843752
ranking_my_rank: 1/504 (100.0%)
ranking_my_percent: 100.0
