ConfigName: krbf__advnormalizedfitness__M4__L10__eps0p015__g0p007__ds0p01__dm0p01
Problem: QUBO
Kernel: rbf
Advantage: normalizedfitness
M: 4
lambda: 10
epsilon_svgd: 0.015
gamma: 0.007
decay_start_ratio: 0.01
decay_min_factor: 0.01
bandwith_kernel: None
no_interact: False
avg_score: -2396.659912109375
median_score: -2398.0
std_score: 162.40469360351562
percentiles: 2%=-2733.139892578125, 5%=-2683.10009765625, 10%=-2597.0, 25%=-2519.75, 50%=-2398.0, 75%=-2268.75, 90%=-2187.5, 95%=-2149.550048828125, 98%=-2085.800048828125
ranking_best_algo: DiscreteLengler2OnePlusOne
ranking_best_score: 2617.04
ranking_my_rank: 133/504 (73.8%)
ranking_my_percent: 73.80952380952381
