ConfigName: kjsd__advperagentrankweighted__M3__L16__eps0p01__g0p001__ds0p05__dm0p05
Problem: QUBO
Kernel: jsd
Advantage: peragentrankweighted
M: 3
lambda: 16
epsilon_svgd: 0.01
gamma: 0.001
decay_start_ratio: 0.05
decay_min_factor: 0.05
bandwith_kernel: None
no_interact: False
avg_score: -429.6000061035156
median_score: -427.5
std_score: 28.34854507446289
percentiles: 2%=-485.0, 5%=-479.1000061035156, 10%=-475.0, 25%=-450.0, 50%=-427.5, 75%=-410.75, 90%=-397.79998779296875, 95%=-390.6000061035156, 98%=-379.9200134277344
ranking_best_algo: CMAL3
ranking_best_score: 435.36
ranking_my_rank: 10/504 (98.2%)
ranking_my_percent: 98.21428571428571
