ConfigName: krbf__advnormalizedfitness__M4__L15__eps0p03__g0p0005__ds0p05__dm0p05
Problem: QUBO
Kernel: rbf
Advantage: normalizedfitness
M: 4
lambda: 15
epsilon_svgd: 0.03
gamma: 0.0005
decay_start_ratio: 0.05
decay_min_factor: 0.05
bandwith_kernel: None
no_interact: False
avg_score: -2930.139892578125
median_score: -2941.0
std_score: 205.2769317626953
percentiles: 2%=-3298.419921875, 5%=-3261.39990234375, 10%=-3194.39990234375, 25%=-3062.0, 50%=-2941.0, 75%=-2794.5, 90%=-2676.89990234375, 95%=-2566.39990234375, 98%=-2470.419921875
ranking_best_algo: RLSOnePlusOne
ranking_best_score: 3316.5199999999995
ranking_my_rank: 140/504 (72.4%)
ranking_my_percent: 72.42063492063492
