ConfigName: krbf__advnormalizedfitness__M2__L10__eps0p033__g0p005__ds0p01__dm0p01
Problem: QUBO
Kernel: rbf
Advantage: normalizedfitness
M: 2
lambda: 10
epsilon_svgd: 0.033
gamma: 0.005
decay_start_ratio: 0.01
decay_min_factor: 0.01
bandwith_kernel: None
no_interact: False
avg_score: -1170.6400146484375
median_score: -1170.0
std_score: 58.91358947753906
percentiles: 2%=-1313.3599853515625, 5%=-1288.0, 10%=-1241.300048828125, 25%=-1203.25, 50%=-1170.0, 75%=-1134.5, 90%=-1099.800048828125, 95%=-1077.949951171875, 98%=-1072.9200439453125
ranking_best_algo: Tabu
ranking_best_score: 1216.16
ranking_my_rank: 91/504 (82.1%)
ranking_my_percent: 82.14285714285714
