ConfigName: kjsd__advperagentrankweighted__M5__L10__eps0p02__g0p0003__ds0p2__dm0p05
Problem: QUBO
Kernel: jsd
Advantage: peragentrankweighted
M: 5
lambda: 10
epsilon_svgd: 0.02
gamma: 0.0003
decay_start_ratio: 0.2
decay_min_factor: 0.05
bandwith_kernel: None
no_interact: False
avg_score: -424.20001220703125
median_score: -426.5
std_score: 28.007856369018555
percentiles: 2%=-475.0, 5%=-469.1000061035156, 10%=-459.20001220703125, 25%=-445.0, 50%=-426.5, 75%=-404.5, 90%=-385.0, 95%=-377.54998779296875, 98%=-365.9599914550781
ranking_best_algo: CMAL3
ranking_best_score: 435.36
ranking_my_rank: 31/504 (94.0%)
ranking_my_percent: 94.04761904761905
