ConfigName: kjsd__advperagentrankweighted__M4__L10__eps0p01__g0p0003__ds0p4__dm0p05
Problem: QUBO
Kernel: jsd
Advantage: peragentrankweighted
M: 4
lambda: 10
epsilon_svgd: 0.01
gamma: 0.0003
decay_start_ratio: 0.4
decay_min_factor: 0.05
bandwith_kernel: None
no_interact: False
avg_score: -2560.719970703125
median_score: -2561.0
std_score: 113.8548355102539
percentiles: 2%=-2815.179931640625, 5%=-2768.85009765625, 10%=-2704.89990234375, 25%=-2619.25, 50%=-2561.0, 75%=-2470.75, 90%=-2415.60009765625, 95%=-2401.0, 98%=-2383.719970703125
ranking_best_algo: SVM1MetaModelLogNormal
ranking_best_score: 2605.14
ranking_my_rank: 40/504 (92.3%)
ranking_my_percent: 92.26190476190476
