ConfigName: kjsd__advperagentrankweighted__M8__L24__eps0p005__g0p0005__ds0p3__dm0p05
Problem: QUBO
Kernel: jsd
Advantage: peragentrankweighted
M: 8
lambda: 24
epsilon_svgd: 0.005
gamma: 0.0005
decay_start_ratio: 0.3
decay_min_factor: 0.05
bandwith_kernel: None
no_interact: False
avg_score: -388.55999755859375
median_score: -394.0
std_score: 33.489200592041016
percentiles: 2%=-453.1199951171875, 5%=-445.1000061035156, 10%=-426.1000061035156, 25%=-411.25, 50%=-394.0, 75%=-361.5, 90%=-341.0, 95%=-332.95001220703125, 98%=-327.9800109863281
ranking_best_algo: CMAL3
ranking_best_score: 435.36
ranking_my_rank: 270/504 (46.6%)
ranking_my_percent: 46.62698412698413
