ConfigName: kjsd__advperagentrankweighted__M4__L24__eps0p005__g0p0007__ds0p4__dm0p05
Problem: NK
Kernel: jsd
Advantage: peragentrankweighted
M: 4
lambda: 24
epsilon_svgd: 0.005
gamma: 0.0007
decay_start_ratio: 0.4
decay_min_factor: 0.05
bandwith_kernel: None
no_interact: False
avg_score: 0.7108840346336365
median_score: 0.7116267681121826
std_score: 0.01511488575488329
percentiles: 2%=0.6727567911148071, 5%=0.6736723780632019, 10%=0.6974070072174072, 25%=0.7077889442443848, 50%=0.7116267681121826, 75%=0.7199400067329407, 90%=0.7254502773284912, 95%=0.7319499850273132, 98%=0.7323037385940552
ranking_best_algo: CMApara
ranking_best_score: 0.707475975
ranking_my_rank: 1/504 (100.0%)
ranking_my_percent: 100.0
