ConfigName: krbf__advnormalizedfitness__M4__L12__eps0p025__g0p015__ds0p3__dm0p01
Problem: QUBO
Kernel: rbf
Advantage: normalizedfitness
M: 4
lambda: 12
epsilon_svgd: 0.025
gamma: 0.015
decay_start_ratio: 0.3
decay_min_factor: 0.01
bandwith_kernel: None
no_interact: False
avg_score: -328.6000061035156
median_score: -330.0
std_score: 19.058856964111328
percentiles: 2%=-358.239990234375, 5%=-355.0, 10%=-350.3999938964844, 25%=-343.0, 50%=-330.0, 75%=-317.5, 90%=-299.79998779296875, 95%=-295.8000183105469, 98%=-288.0
ranking_best_algo: CMApara
ranking_best_score: 344.22
ranking_my_rank: 83/504 (83.7%)
ranking_my_percent: 83.73015873015873
