ConfigName: krbf__advglobalrankweighted__M4__L10__eps0p01__g0p003__ds0p01__dm0p01
Problem: QUBO
Kernel: rbf
Advantage: globalrankweighted
M: 4
lambda: 10
epsilon_svgd: 0.01
gamma: 0.003
decay_start_ratio: 0.01
decay_min_factor: 0.01
bandwith_kernel: None
no_interact: False
avg_score: -1588.3800048828125
median_score: -1584.5
std_score: 73.31436157226562
percentiles: 2%=-1736.0, 5%=-1714.4000244140625, 10%=-1680.5, 25%=-1638.25, 50%=-1584.5, 75%=-1536.5, 90%=-1504.4000244140625, 95%=-1476.6500244140625, 98%=-1455.5399169921875
ranking_best_algo: NLOPT_LN_PRAXIS
ranking_best_score: 1607.12
ranking_my_rank: 39/504 (92.5%)
ranking_my_percent: 92.46031746031746
