ConfigName: kjsd__advperagentrankweighted__M5__L8__eps0p03__g0p0007__ds0p05__dm0p05
Problem: NK
Kernel: jsd
Advantage: peragentrankweighted
M: 5
lambda: 8
epsilon_svgd: 0.03
gamma: 0.0007
decay_start_ratio: 0.05
decay_min_factor: 0.05
bandwith_kernel: None
no_interact: False
avg_score: 0.7312829494476318
median_score: 0.7323737144470215
std_score: 0.010415197350084782
percentiles: 2%=0.712460458278656, 5%=0.7137336134910583, 10%=0.7173727750778198, 25%=0.7237166166305542, 50%=0.7323737144470215, 75%=0.7386149168014526, 90%=0.7441242337226868, 95%=0.7488254904747009, 98%=0.7526596188545227
ranking_best_algo: PBIL
ranking_best_score: 0.730509098125
ranking_my_rank: 1/504 (100.0%)
ranking_my_percent: 100.0
