ConfigName: krbf__advnormalizedfitness__M4__L8__eps0p033__g0p005__ds0p3__dm0p3
Problem: NK
Kernel: rbf
Advantage: normalizedfitness
M: 4
lambda: 8
epsilon_svgd: 0.033
gamma: 0.005
decay_start_ratio: 0.3
decay_min_factor: 0.3
bandwith_kernel: None
no_interact: False
avg_score: 0.6826397180557251
median_score: 0.6784157752990723
std_score: 0.019570814445614815
percentiles: 2%=0.6553844213485718, 5%=0.6564809679985046, 10%=0.6586322784423828, 25%=0.668393075466156, 50%=0.6784157752990723, 75%=0.6964842081069946, 90%=0.7116402387619019, 95%=0.7187712788581848, 98%=0.7248969078063965
ranking_best_algo: PBIL
ranking_best_score: 0.7170882103515624
ranking_my_rank: 158/504 (68.8%)
ranking_my_percent: 68.84920634920636
