ConfigName: kjsd__advperagentrankweighted__M5__L8__eps0p02__g0p0007__ds0p2__dm0p05
Problem: QUBO
Kernel: jsd
Advantage: peragentrankweighted
M: 5
lambda: 8
epsilon_svgd: 0.02
gamma: 0.0007
decay_start_ratio: 0.2
decay_min_factor: 0.05
bandwith_kernel: None
no_interact: False
avg_score: -3242.679931640625
median_score: -3249.5
std_score: 113.67293548583984
percentiles: 2%=-3475.1201171875, 5%=-3429.10009765625, 10%=-3394.60009765625, 25%=-3312.0, 50%=-3249.5, 75%=-3147.0, 90%=-3100.89990234375, 95%=-3064.449951171875, 98%=-3035.219970703125
ranking_best_algo: RLSOnePlusOne
ranking_best_score: 3316.5199999999995
ranking_my_rank: 42/504 (91.9%)
ranking_my_percent: 91.86507936507937
