ConfigName: krbf__advnormalizedfitness__M4__L12__eps0p033__g0p007__ds0p01__dm0p01
Problem: NK
Kernel: rbf
Advantage: normalizedfitness
M: 4
lambda: 12
epsilon_svgd: 0.033
gamma: 0.007
decay_start_ratio: 0.01
decay_min_factor: 0.01
bandwith_kernel: None
no_interact: False
avg_score: 0.7331845164299011
median_score: 0.7348230481147766
std_score: 0.008602499961853027
percentiles: 2%=0.7160059809684753, 5%=0.7163413763046265, 10%=0.7209770083427429, 25%=0.7272958159446716, 50%=0.7348230481147766, 75%=0.7391114234924316, 90%=0.744025707244873, 95%=0.7452710270881653, 98%=0.7473229169845581
ranking_best_algo: PBIL
ranking_best_score: 0.7248786399609374
ranking_my_rank: 1/504 (100.0%)
ranking_my_percent: 100.0
