ConfigName: kjsd__advperagentrankweighted__M3__L30__eps0p007__g0p0005__ds0p05__dm0p05
Problem: NK
Kernel: jsd
Advantage: peragentrankweighted
M: 3
lambda: 30
epsilon_svgd: 0.007
gamma: 0.0005
decay_start_ratio: 0.05
decay_min_factor: 0.05
bandwith_kernel: None
no_interact: False
avg_score: 0.7435063123703003
median_score: 0.7408133745193481
std_score: 0.029679784551262856
percentiles: 2%=0.6972354054450989, 5%=0.7031679153442383, 10%=0.7084863185882568, 25%=0.7191148996353149, 50%=0.7408133745193481, 75%=0.7608218193054199, 90%=0.7774207592010498, 95%=0.8077012896537781, 98%=0.8118547797203064
ranking_best_algo: CMApara
ranking_best_score: 0.7459277895312499
ranking_my_rank: 8/504 (98.6%)
ranking_my_percent: 98.61111111111111
