ConfigName: kjsd__advperagentrankweighted__M4__L12__eps0p01__g0p0005__ds0p4__dm0p05
Problem: QUBO
Kernel: jsd
Advantage: peragentrankweighted
M: 4
lambda: 12
epsilon_svgd: 0.01
gamma: 0.0005
decay_start_ratio: 0.4
decay_min_factor: 0.05
bandwith_kernel: None
no_interact: False
avg_score: -417.3399963378906
median_score: -418.0
std_score: 27.245630264282227
percentiles: 2%=-473.0400085449219, 5%=-469.1000061035156, 10%=-455.20001220703125, 25%=-432.25, 50%=-418.0, 75%=-398.0, 90%=-380.0, 95%=-373.70001220703125, 98%=-366.0
ranking_best_algo: Tabu
ranking_best_score: 438.12
ranking_my_rank: 41/504 (92.1%)
ranking_my_percent: 92.06349206349206
