ConfigName: kjsd__advperagentrankweighted__M4__L12__eps0p01__g0p0007__ds0p2__dm0p05
Problem: NK
Kernel: jsd
Advantage: peragentrankweighted
M: 4
lambda: 12
epsilon_svgd: 0.01
gamma: 0.0007
decay_start_ratio: 0.2
decay_min_factor: 0.05
bandwith_kernel: None
no_interact: False
avg_score: 0.7188497185707092
median_score: 0.7183098793029785
std_score: 0.007188235875219107
percentiles: 2%=0.7076147198677063, 5%=0.7090109586715698, 10%=0.710777759552002, 25%=0.7136789560317993, 50%=0.7183098793029785, 75%=0.723613977432251, 90%=0.728557288646698, 95%=0.7299199104309082, 98%=0.7340560555458069
ranking_best_algo: PBIL
ranking_best_score: 0.7170882103515624
ranking_my_rank: 1/504 (100.0%)
ranking_my_percent: 100.0
