ConfigName: krbf__advnormalizedfitness__M4__L8__eps0p015__g0p01__ds0p15__dm0p01
Problem: NK
Kernel: rbf
Advantage: normalizedfitness
M: 4
lambda: 8
epsilon_svgd: 0.015
gamma: 0.01
decay_start_ratio: 0.15
decay_min_factor: 0.01
bandwith_kernel: None
no_interact: False
avg_score: 0.7515034675598145
median_score: 0.754880428314209
std_score: 0.013877169229090214
percentiles: 2%=0.7157385349273682, 5%=0.7275035977363586, 10%=0.7315348386764526, 25%=0.7433732748031616, 50%=0.754880428314209, 75%=0.760686457157135, 90%=0.7668527364730835, 95%=0.7705759406089783, 98%=0.7722391486167908
ranking_best_algo: Tabu
ranking_best_score: 0.7657846284375001
ranking_my_rank: 15/504 (97.2%)
ranking_my_percent: 97.22222222222223
