ConfigName: krbf__advnormalizedfitness__M3__L15__eps0p033__g0p01__ds0p01__dm0p3
Problem: QUBO
Kernel: rbf
Advantage: normalizedfitness
M: 3
lambda: 15
epsilon_svgd: 0.033
gamma: 0.01
decay_start_ratio: 0.01
decay_min_factor: 0.3
bandwith_kernel: None
no_interact: False
avg_score: -876.8800048828125
median_score: -864.0
std_score: 67.2336654663086
percentiles: 2%=-1020.239990234375, 5%=-1004.0, 10%=-971.4000244140625, 25%=-922.25, 50%=-864.0, 75%=-826.0, 90%=-798.9000244140625, 95%=-782.9500122070312, 98%=-762.4598999023438
ranking_best_algo: CMAL3
ranking_best_score: 928.5800000000002
ranking_my_rank: 129/504 (74.6%)
ranking_my_percent: 74.60317460317461
