ConfigName: kfr__advglobalrankweighted__M2__L9__eps0p015__g0p003__ds0p01__dm0p01
Problem: QUBO
Kernel: fr
Advantage: globalrankweighted
M: 2
lambda: 9
epsilon_svgd: 0.015
gamma: 0.003
decay_start_ratio: 0.01
decay_min_factor: 0.01
bandwith_kernel: None
no_interact: False
avg_score: -3221.860107421875
median_score: -3225.0
std_score: 130.94786071777344
percentiles: 2%=-3435.800048828125, 5%=-3413.64990234375, 10%=-3386.699951171875, 25%=-3310.25, 50%=-3225.0, 75%=-3127.0, 90%=-3052.0, 95%=-3001.75, 98%=-2995.0
ranking_best_algo: RLSOnePlusOne
ranking_best_score: 3316.5199999999995
ranking_my_rank: 43/504 (91.7%)
ranking_my_percent: 91.66666666666667
