ConfigName: krbf__advnormalizedfitness__M4__L12__eps0p015__g0p01__ds0p3__dm0p3
Problem: NK
Kernel: rbf
Advantage: normalizedfitness
M: 4
lambda: 12
epsilon_svgd: 0.015
gamma: 0.01
decay_start_ratio: 0.3
decay_min_factor: 0.3
bandwith_kernel: None
no_interact: False
avg_score: 0.598876953125
median_score: 0.5975600481033325
std_score: 0.006628122646361589
percentiles: 2%=0.5884130597114563, 5%=0.589656412601471, 10%=0.591100811958313, 25%=0.5943081378936768, 50%=0.5975600481033325, 75%=0.6025923490524292, 90%=0.6077970266342163, 95%=0.6109200716018677, 98%=0.6134248375892639
ranking_best_algo: Tabu
ranking_best_score: 0.7429702712499999
ranking_my_rank: 394/504 (22.0%)
ranking_my_percent: 22.023809523809526
