ConfigName: kjsd__advperagentrankweighted__M5__L8__eps0p02__g0p0005__ds0p2__dm0p05
Problem: NK
Kernel: jsd
Advantage: peragentrankweighted
M: 5
lambda: 8
epsilon_svgd: 0.02
gamma: 0.0005
decay_start_ratio: 0.2
decay_min_factor: 0.05
bandwith_kernel: None
no_interact: False
avg_score: 0.7423005700111389
median_score: 0.7416309118270874
std_score: 0.011227699927985668
percentiles: 2%=0.7233697772026062, 5%=0.724139392375946, 10%=0.7265242338180542, 25%=0.7338603138923645, 50%=0.7416309118270874, 75%=0.7490320205688477, 90%=0.7574869990348816, 95%=0.7605501413345337, 98%=0.7681032419204712
ranking_best_algo: Tabu
ranking_best_score: 0.7470791764843752
ranking_my_rank: 5/504 (99.2%)
ranking_my_percent: 99.2063492063492
