ConfigName: kfr__advglobalrankweighted__M5__L10__eps0p01__g0p005__ds0p01__dm0p01
Problem: QUBO
Kernel: fr
Advantage: globalrankweighted
M: 5
lambda: 10
epsilon_svgd: 0.01
gamma: 0.005
decay_start_ratio: 0.01
decay_min_factor: 0.01
bandwith_kernel: None
no_interact: False
avg_score: -139.33999633789062
median_score: -141.0
std_score: 11.820507049560547
percentiles: 2%=-159.02000427246094, 5%=-158.0, 10%=-154.10000610351562, 25%=-149.0, 50%=-141.0, 75%=-129.0, 90%=-124.80000305175781, 95%=-117.95000457763672, 98%=-115.0
ranking_best_algo: DiscreteDE
ranking_best_score: 143.4
ranking_my_rank: 86/504 (83.1%)
ranking_my_percent: 83.13492063492063
