ConfigName: krbf__advnormalizedfitness__M3__L12__eps0p025__g0p007__ds0p3__dm0p3
Problem: QUBO
Kernel: rbf
Advantage: normalizedfitness
M: 3
lambda: 12
epsilon_svgd: 0.025
gamma: 0.007
decay_start_ratio: 0.3
decay_min_factor: 0.3
bandwith_kernel: None
no_interact: False
avg_score: -309.760009765625
median_score: -308.0
std_score: 39.27317810058594
percentiles: 2%=-398.0400085449219, 5%=-392.1000061035156, 10%=-358.0, 25%=-330.0, 50%=-308.0, 75%=-276.5, 90%=-267.70001220703125, 95%=-263.70001220703125, 98%=-247.91998291015625
ranking_best_algo: CMApara
ranking_best_score: 319.29999999999995
ranking_my_rank: 69/504 (86.5%)
ranking_my_percent: 86.5079365079365
