ConfigName: kjsd__advperagentrankweighted__M3__L24__eps0p007__g0p0005__ds0p2__dm0p05
Problem: NK
Kernel: jsd
Advantage: peragentrankweighted
M: 3
lambda: 24
epsilon_svgd: 0.007
gamma: 0.0005
decay_start_ratio: 0.2
decay_min_factor: 0.05
bandwith_kernel: None
no_interact: False
avg_score: 0.7098102569580078
median_score: 0.710843563079834
std_score: 0.015568781644105911
percentiles: 2%=0.6700059771537781, 5%=0.6721779704093933, 10%=0.695794939994812, 25%=0.706535816192627, 50%=0.710843563079834, 75%=0.7198841571807861, 90%=0.7254196405410767, 95%=0.7324536442756653, 98%=0.7327946424484253
ranking_best_algo: CMApara
ranking_best_score: 0.707475975
ranking_my_rank: 1/504 (100.0%)
ranking_my_percent: 100.0
