ConfigName: kjsd__advperagentrankweighted__M3__L16__eps0p007__g0p0007__ds0p1__dm0p05
Problem: QUBO
Kernel: jsd
Advantage: peragentrankweighted
M: 3
lambda: 16
epsilon_svgd: 0.007
gamma: 0.0007
decay_start_ratio: 0.1
decay_min_factor: 0.05
bandwith_kernel: None
no_interact: False
avg_score: -410.6199951171875
median_score: -414.0
std_score: 25.835935592651367
percentiles: 2%=-459.0400085449219, 5%=-457.0, 10%=-442.0, 25%=-428.0, 50%=-414.0, 75%=-391.5, 90%=-373.79998779296875, 95%=-367.8999938964844, 98%=-365.9200134277344
ranking_best_algo: Tabu
ranking_best_score: 438.12
ranking_my_rank: 86/504 (83.1%)
ranking_my_percent: 83.13492063492063
