ConfigName: kjsd__advperagentrankweighted__M3__L18__eps0p007__g0p0007__ds0p2__dm0p05
Problem: NK
Kernel: jsd
Advantage: peragentrankweighted
M: 3
lambda: 18
epsilon_svgd: 0.007
gamma: 0.0007
decay_start_ratio: 0.2
decay_min_factor: 0.05
bandwith_kernel: None
no_interact: False
avg_score: 0.7354060411453247
median_score: 0.7368531227111816
std_score: 0.008789332583546638
percentiles: 2%=0.7158288359642029, 5%=0.7176520824432373, 10%=0.7220692038536072, 25%=0.730572521686554, 50%=0.7368531227111816, 75%=0.7424094676971436, 90%=0.7456570267677307, 95%=0.7474343776702881, 98%=0.7482733130455017
ranking_best_algo: PBIL
ranking_best_score: 0.7248786399609374
ranking_my_rank: 1/504 (100.0%)
ranking_my_percent: 100.0
