ConfigName: krbf__advnormalizedfitness__M1__L8__eps0p015__g0p015__ds0p15__dm0p3
Problem: NK
Kernel: rbf
Advantage: normalizedfitness
M: 1
lambda: 8
epsilon_svgd: 0.015
gamma: 0.015
decay_start_ratio: 0.15
decay_min_factor: 0.3
bandwith_kernel: None
no_interact: False
avg_score: 0.7350884079933167
median_score: 0.7363561391830444
std_score: 0.0100867273285985
percentiles: 2%=0.7166243195533752, 5%=0.7192058563232422, 10%=0.7214430570602417, 25%=0.7265790700912476, 50%=0.7363561391830444, 75%=0.7420399785041809, 90%=0.7464457154273987, 95%=0.7497849464416504, 98%=0.757088303565979
ranking_best_algo: PBIL
ranking_best_score: 0.730509098125
ranking_my_rank: 1/504 (100.0%)
ranking_my_percent: 100.0
