ConfigName: kjsd__advperagentrankweighted__M4__L12__eps0p01__g0p0005__ds0p05__dm0p05
Problem: NK
Kernel: jsd
Advantage: peragentrankweighted
M: 4
lambda: 12
epsilon_svgd: 0.01
gamma: 0.0005
decay_start_ratio: 0.05
decay_min_factor: 0.05
bandwith_kernel: None
no_interact: False
avg_score: 0.7279907464981079
median_score: 0.7278621196746826
std_score: 0.009134371764957905
percentiles: 2%=0.7121492028236389, 5%=0.7152348756790161, 10%=0.71661376953125, 25%=0.7209045886993408, 50%=0.7278621196746826, 75%=0.73397296667099, 90%=0.738914430141449, 95%=0.7434216737747192, 98%=0.749722957611084
ranking_best_algo: Tabu
ranking_best_score: 0.7429702712499999
ranking_my_rank: 2/504 (99.8%)
ranking_my_percent: 99.8015873015873
