ConfigName: kfr__advglobalrankweighted__M4__L24__eps0p01__g0p005__ds0p01__dm0p01
Problem: QUBO
Kernel: fr
Advantage: globalrankweighted
M: 4
lambda: 24
epsilon_svgd: 0.01
gamma: 0.005
decay_start_ratio: 0.01
decay_min_factor: 0.01
bandwith_kernel: None
no_interact: False
avg_score: -789.1400146484375
median_score: -779.0
std_score: 68.84156036376953
percentiles: 2%=-918.1400146484375, 5%=-912.0499877929688, 10%=-874.5999755859375, 25%=-831.5, 50%=-779.0, 75%=-746.75, 90%=-699.7999877929688, 95%=-674.9000244140625, 98%=-662.0
ranking_best_algo: CMAL3
ranking_best_score: 928.5800000000002
ranking_my_rank: 288/504 (43.1%)
ranking_my_percent: 43.05555555555556
