ConfigName: kjsd__advperagentrankweighted__M3__L16__eps0p005__g0p0007__ds0p05__dm0p2
Problem: QUBO
Kernel: jsd
Advantage: peragentrankweighted
M: 3
lambda: 16
epsilon_svgd: 0.005
gamma: 0.0007
decay_start_ratio: 0.05
decay_min_factor: 0.2
bandwith_kernel: None
no_interact: False
avg_score: -199.17999267578125
median_score: -201.0
std_score: 12.538244247436523
percentiles: 2%=-224.0, 5%=-219.10000610351562, 10%=-213.0, 25%=-208.0, 50%=-201.0, 75%=-191.0, 90%=-183.0, 95%=-176.0, 98%=-172.89999389648438
ranking_best_algo: Tabu
ranking_best_score: 208.36000000000004
ranking_my_rank: 86/504 (83.1%)
ranking_my_percent: 83.13492063492063
