ConfigName: kfr__advglobalrankweighted__M6__L7__eps0p01__g0p007__ds0p01__dm0p01
Problem: QUBO
Kernel: fr
Advantage: globalrankweighted
M: 6
lambda: 7
epsilon_svgd: 0.01
gamma: 0.007
decay_start_ratio: 0.01
decay_min_factor: 0.01
bandwith_kernel: None
no_interact: False
avg_score: -1209.4000244140625
median_score: -1199.5
std_score: 88.08575439453125
percentiles: 2%=-1370.699951171875, 5%=-1366.1500244140625, 10%=-1325.4000244140625, 25%=-1271.5, 50%=-1199.5, 75%=-1151.5, 90%=-1100.800048828125, 95%=-1068.60009765625, 98%=-1044.8800048828125
ranking_best_algo: NLOPT_LN_PRAXIS
ranking_best_score: 1607.12
ranking_my_rank: 248/504 (51.0%)
ranking_my_percent: 50.992063492063494
