ConfigName: kjsd__advperagentrankweighted__M5__L8__eps0p03__g0p0007__ds0p2__dm0p05
Problem: NK
Kernel: jsd
Advantage: peragentrankweighted
M: 5
lambda: 8
epsilon_svgd: 0.03
gamma: 0.0007
decay_start_ratio: 0.2
decay_min_factor: 0.05
bandwith_kernel: None
no_interact: False
avg_score: 0.7435183525085449
median_score: 0.7416250109672546
std_score: 0.011567432433366776
percentiles: 2%=0.723378598690033, 5%=0.728193998336792, 10%=0.7301213145256042, 25%=0.7349956035614014, 50%=0.7416250109672546, 75%=0.7514194250106812, 90%=0.7592002153396606, 95%=0.761563777923584, 98%=0.7709978818893433
ranking_best_algo: Tabu
ranking_best_score: 0.7470791764843752
ranking_my_rank: 3/504 (99.6%)
ranking_my_percent: 99.60317460317461
