ConfigName: krbf__advnormalizedfitness__M4__L12__eps0p033__g0p005__ds0p3__dm0p01
Problem: NK
Kernel: rbf
Advantage: normalizedfitness
M: 4
lambda: 12
epsilon_svgd: 0.033
gamma: 0.005
decay_start_ratio: 0.3
decay_min_factor: 0.01
bandwith_kernel: None
no_interact: False
avg_score: 0.7108604311943054
median_score: 0.7115169167518616
std_score: 0.015363364480435848
percentiles: 2%=0.6712262034416199, 5%=0.6737390160560608, 10%=0.6957704424858093, 25%=0.7075466513633728, 50%=0.7115169167518616, 75%=0.7198841571807861, 90%=0.72550368309021, 95%=0.7326832413673401, 98%=0.7340008616447449
ranking_best_algo: CMApara
ranking_best_score: 0.707475975
ranking_my_rank: 1/504 (100.0%)
ranking_my_percent: 100.0
