ConfigName: kjsd__advperagentrankweighted__M3__L18__eps0p005__g0p003__ds0p1__dm0p1
Problem: NK
Kernel: jsd
Advantage: peragentrankweighted
M: 3
lambda: 18
epsilon_svgd: 0.005
gamma: 0.003
decay_start_ratio: 0.1
decay_min_factor: 0.1
bandwith_kernel: None
no_interact: False
avg_score: 0.7099242210388184
median_score: 0.7109432816505432
std_score: 0.015511545352637768
percentiles: 2%=0.6697589159011841, 5%=0.6726009845733643, 10%=0.6960662603378296, 25%=0.7074657082557678, 50%=0.7109432816505432, 75%=0.7193088531494141, 90%=0.7252920866012573, 95%=0.7319368720054626, 98%=0.7339282035827637
ranking_best_algo: CMApara
ranking_best_score: 0.707475975
ranking_my_rank: 1/504 (100.0%)
ranking_my_percent: 100.0
