ConfigName: kjsd__advperagentrankweighted__M3__L18__eps0p01__g0p0007__ds0p05__dm0p1
Problem: NK
Kernel: jsd
Advantage: peragentrankweighted
M: 3
lambda: 18
epsilon_svgd: 0.01
gamma: 0.0007
decay_start_ratio: 0.05
decay_min_factor: 0.1
bandwith_kernel: None
no_interact: False
avg_score: 0.7421727776527405
median_score: 0.7396271824836731
std_score: 0.030117668211460114
percentiles: 2%=0.6895803809165955, 5%=0.7006792426109314, 10%=0.7066638469696045, 25%=0.7233544588088989, 50%=0.7396271824836731, 75%=0.7580187320709229, 90%=0.7768285274505615, 95%=0.8109943270683289, 98%=0.8118547797203064
ranking_best_algo: CMApara
ranking_best_score: 0.7459277895312499
ranking_my_rank: 22/504 (95.8%)
ranking_my_percent: 95.83333333333333
