ConfigName: kjsd__advperagentrankweighted__M4__L20__eps0p005__g0p0005__ds0p2__dm0p2
Problem: QUBO
Kernel: jsd
Advantage: peragentrankweighted
M: 4
lambda: 20
epsilon_svgd: 0.005
gamma: 0.0005
decay_start_ratio: 0.2
decay_min_factor: 0.2
bandwith_kernel: None
no_interact: False
avg_score: -1226.4000244140625
median_score: -1224.0
std_score: 71.76085662841797
percentiles: 2%=-1359.3399658203125, 5%=-1345.1500244140625, 10%=-1323.4000244140625, 25%=-1277.0, 50%=-1224.0, 75%=-1172.0, 90%=-1137.699951171875, 95%=-1122.5, 98%=-1096.43994140625
ranking_best_algo: SVMMetaModelLogNormal
ranking_best_score: 1233.7999999999997
ranking_my_rank: 13/504 (97.6%)
ranking_my_percent: 97.61904761904762
