ConfigName: krbf__advnormalizedfitness__M2__L8__eps0p033__g0p005__ds0p3__dm0p3
Problem: QUBO
Kernel: rbf
Advantage: normalizedfitness
M: 2
lambda: 8
epsilon_svgd: 0.033
gamma: 0.005
decay_start_ratio: 0.3
decay_min_factor: 0.3
bandwith_kernel: None
no_interact: False
avg_score: -890.7999877929688
median_score: -890.0
std_score: 68.12444305419922
percentiles: 2%=-1025.1400146484375, 5%=-1012.0499877929688, 10%=-987.4000244140625, 25%=-937.0, 50%=-890.0, 75%=-842.75, 90%=-795.0, 95%=-782.7000122070312, 98%=-770.8400268554688
ranking_best_algo: CMAL3
ranking_best_score: 928.5800000000002
ranking_my_rank: 98/504 (80.8%)
ranking_my_percent: 80.75396825396825
