ConfigName: krbf__advnormalizedfitness__M4__L15__eps0p033__g0p01__ds0p01__dm0p3
Problem: QUBO
Kernel: rbf
Advantage: normalizedfitness
M: 4
lambda: 15
epsilon_svgd: 0.033
gamma: 0.01
decay_start_ratio: 0.01
decay_min_factor: 0.3
bandwith_kernel: None
no_interact: False
avg_score: -138.63999938964844
median_score: -137.0
std_score: 11.151250839233398
percentiles: 2%=-159.0, 5%=-158.0, 10%=-154.1999969482422, 25%=-146.0, 50%=-137.0, 75%=-129.0, 90%=-125.0, 95%=-119.95000457763672, 98%=-116.95999145507812
ranking_best_algo: DiscreteDE
ranking_best_score: 143.4
ranking_my_rank: 97/504 (81.0%)
ranking_my_percent: 80.95238095238095
