ConfigName: krbf__advnormalizedfitness__M3__L8__eps0p025__g0p007__ds0p01__dm0p01
Problem: QUBO
Kernel: rbf
Advantage: normalizedfitness
M: 3
lambda: 8
epsilon_svgd: 0.025
gamma: 0.007
decay_start_ratio: 0.01
decay_min_factor: 0.01
bandwith_kernel: None
no_interact: False
avg_score: -1594.199951171875
median_score: -1589.5
std_score: 64.78009033203125
percentiles: 2%=-1724.1400146484375, 5%=-1692.6500244140625, 10%=-1674.4000244140625, 25%=-1641.0, 50%=-1589.5, 75%=-1549.0, 90%=-1499.0, 95%=-1485.0, 98%=-1482.7999267578125
ranking_best_algo: NLOPT_LN_PRAXIS
ranking_best_score: 1607.12
ranking_my_rank: 38/504 (92.7%)
ranking_my_percent: 92.65873015873017
