ConfigName: kfr__advglobalrankweighted__M4__L15__eps0p015__g0p003__ds0p01__dm0p01
Problem: QUBO
Kernel: fr
Advantage: globalrankweighted
M: 4
lambda: 15
epsilon_svgd: 0.015
gamma: 0.003
decay_start_ratio: 0.01
decay_min_factor: 0.01
bandwith_kernel: None
no_interact: False
avg_score: -423.4200134277344
median_score: -423.5
std_score: 26.61772918701172
percentiles: 2%=-477.0400085449219, 5%=-471.20001220703125, 10%=-457.1000061035156, 25%=-438.25, 50%=-423.5, 75%=-405.0, 90%=-390.8999938964844, 95%=-379.9000244140625, 98%=-365.91998291015625
ranking_best_algo: CMAL3
ranking_best_score: 435.36
ranking_my_rank: 32/504 (93.8%)
ranking_my_percent: 93.84920634920636
