ConfigName: kjsd__advperagentrankweighted__M3__L18__eps0p01__g0p001__ds0p1__dm0p1
Problem: QUBO
Kernel: jsd
Advantage: peragentrankweighted
M: 3
lambda: 18
epsilon_svgd: 0.01
gamma: 0.001
decay_start_ratio: 0.1
decay_min_factor: 0.1
bandwith_kernel: None
no_interact: False
avg_score: -3309.580078125
median_score: -3319.5
std_score: 118.6553955078125
percentiles: 2%=-3531.340087890625, 5%=-3498.89990234375, 10%=-3451.199951171875, 25%=-3377.5, 50%=-3319.5, 75%=-3244.0, 90%=-3140.39990234375, 95%=-3107.89990234375, 98%=-3099.6201171875
ranking_best_algo: RLSOnePlusOne
ranking_best_score: 3316.5199999999995
ranking_my_rank: 2/504 (99.8%)
ranking_my_percent: 99.8015873015873
