ConfigName: krbf__advnormalizedfitness__M4__L15__eps0p015__g0p01__ds0p15__dm0p01
Problem: QUBO
Kernel: rbf
Advantage: normalizedfitness
M: 4
lambda: 15
epsilon_svgd: 0.015
gamma: 0.01
decay_start_ratio: 0.15
decay_min_factor: 0.01
bandwith_kernel: None
no_interact: False
avg_score: -366.44000244140625
median_score: -367.5
std_score: 34.25968933105469
percentiles: 2%=-435.20001220703125, 5%=-427.0, 10%=-408.1000061035156, 25%=-388.0, 50%=-367.5, 75%=-344.0, 90%=-322.79998779296875, 95%=-316.7500305175781, 98%=-296.8399658203125
ranking_best_algo: CMAL3
ranking_best_score: 435.36
ranking_my_rank: 321/504 (36.5%)
ranking_my_percent: 36.507936507936506
