ConfigName: kjsd__advperagentrankweighted__M3__L18__eps0p007__g0p0007__ds0p05__dm0p05
Problem: NK
Kernel: jsd
Advantage: peragentrankweighted
M: 3
lambda: 18
epsilon_svgd: 0.007
gamma: 0.0007
decay_start_ratio: 0.05
decay_min_factor: 0.05
bandwith_kernel: None
no_interact: False
avg_score: 0.7521180510520935
median_score: 0.7524029612541199
std_score: 0.013303841464221478
percentiles: 2%=0.728428065776825, 5%=0.7311654686927795, 10%=0.7344128489494324, 25%=0.7410985231399536, 50%=0.7524029612541199, 75%=0.7635151147842407, 90%=0.7684518098831177, 95%=0.7706625461578369, 98%=0.7744791507720947
ranking_best_algo: Tabu
ranking_best_score: 0.7657846284375001
ranking_my_rank: 13/504 (97.6%)
ranking_my_percent: 97.61904761904762
