ConfigName: krbf__advnormalizedfitness__M4__L12__eps0p015__g0p01__ds0p15__dm0p3
Problem: QUBO
Kernel: rbf
Advantage: normalizedfitness
M: 4
lambda: 12
epsilon_svgd: 0.015
gamma: 0.01
decay_start_ratio: 0.15
decay_min_factor: 0.3
bandwith_kernel: None
no_interact: False
avg_score: -310.55999755859375
median_score: -304.5
std_score: 39.68383026123047
percentiles: 2%=-402.4800109863281, 5%=-381.0, 10%=-355.1000061035156, 25%=-336.25, 50%=-304.5, 75%=-280.0, 90%=-264.8999938964844, 95%=-256.7500305175781, 98%=-244.81996154785156
ranking_best_algo: Tabu
ranking_best_score: 588.7199999999999
ranking_my_rank: 377/503 (25.2%)
ranking_my_percent: 25.24850894632207
