ConfigName: krbf__advnormalizedfitness__M3__L10__eps0p033__g0p007__ds0p15__dm0p01
Problem: QUBO
Kernel: rbf
Advantage: normalizedfitness
M: 3
lambda: 10
epsilon_svgd: 0.033
gamma: 0.007
decay_start_ratio: 0.15
decay_min_factor: 0.01
bandwith_kernel: None
no_interact: False
avg_score: -1187.239990234375
median_score: -1183.5
std_score: 57.95690155029297
percentiles: 2%=-1313.0799560546875, 5%=-1293.25, 10%=-1256.800048828125, 25%=-1218.5, 50%=-1183.5, 75%=-1146.75, 90%=-1122.5999755859375, 95%=-1098.0, 98%=-1076.0
ranking_best_algo: Tabu
ranking_best_score: 1216.16
ranking_my_rank: 64/504 (87.5%)
ranking_my_percent: 87.5
