ConfigName: krbf__advnormalizedfitness__M4__L24__eps0p01__g0p001__ds0p05__dm0p05
Problem: NK
Kernel: rbf
Advantage: normalizedfitness
M: 4
lambda: 24
epsilon_svgd: 0.01
gamma: 0.001
decay_start_ratio: 0.05
decay_min_factor: 0.05
bandwith_kernel: None
no_interact: False
avg_score: 0.7389945983886719
median_score: 0.7394647598266602
std_score: 0.0134456567466259
percentiles: 2%=0.7137875556945801, 5%=0.7173888683319092, 10%=0.7214154005050659, 25%=0.7297883033752441, 50%=0.7394647598266602, 75%=0.7464622259140015, 90%=0.7562257647514343, 95%=0.7612898349761963, 98%=0.768288791179657
ranking_best_algo: Tabu
ranking_best_score: 0.7601875690625
ranking_my_rank: 16/504 (97.0%)
ranking_my_percent: 97.02380952380952
