ConfigName: krbf__advnormalizedfitness__M1__L8__eps0p033__g0p005__ds0p3__dm0p01
Problem: QUBO
Kernel: rbf
Advantage: normalizedfitness
M: 1
lambda: 8
epsilon_svgd: 0.033
gamma: 0.005
decay_start_ratio: 0.3
decay_min_factor: 0.01
bandwith_kernel: None
no_interact: False
avg_score: -281.5
median_score: -279.0
std_score: 49.556331634521484
percentiles: 2%=-376.0400085449219, 5%=-368.20001220703125, 10%=-342.20001220703125, 25%=-312.0, 50%=-279.0, 75%=-253.5, 90%=-228.89999389648438, 95%=-222.95001220703125, 98%=-170.8797607421875
ranking_best_algo: CMApara
ranking_best_score: 319.29999999999995
ranking_my_rank: 319/504 (36.9%)
ranking_my_percent: 36.904761904761905
