step,best_fitness,avg_hamming,avg_l1,avg_entropy,mean,median,std,2%,5%,10%,25%,50%,75%,90%,95%,98%
8,-80.54000091552734,0.0,0.0,37.02103042602539,-80.54000091552734,-84.0,39.138580322265625,-158.0399932861328,-146.3000030517578,-130.59999084472656,-102.25,-84.0,-52.0,-30.0,-21.850013732910156,-7.8399658203125
16,-94.93999481201172,0.0,0.0,34.64304733276367,-94.94000244140625,-98.0,39.11568069458008,-188.0399932861328,-152.3000030517578,-142.0,-118.0,-98.0,-73.75,-44.80000305175781,-31.60003662109375,-7.8399658203125
24,-104.89999389648438,0.0,0.0,33.06662368774414,-104.9000015258789,-104.0,36.58073043823242,-188.0399932861328,-158.39999389648438,-146.1999969482422,-125.25,-104.0,-87.75,-62.50000762939453,-35.95000457763672,-23.679931640625
32,-118.5199966430664,0.0,0.0,31.71461296081543,-118.5199966430664,-117.0,39.96660614013672,-210.0399932861328,-180.39999389648438,-168.39999389648438,-138.0,-117.0,-98.0,-81.50000762939453,-55.950096130371094,-23.679931640625
40,-128.17999267578125,0.0,0.0,30.40291404724121,-128.17999267578125,-125.0,39.91600799560547,-210.0399932861328,-194.39999389648438,-178.1999969482422,-152.0,-125.0,-108.0,-97.0,-56.90010070800781,-23.679931640625
48,-136.13999938964844,0.0,0.0,29.135454177856445,-136.13999938964844,-135.5,40.36063003540039,-210.0399932861328,-200.10000610351562,-184.39999389648438,-162.5,-135.5,-114.0,-98.9000015258789,-80.10017395019531,-23.679931640625
56,-146.89999389648438,0.0,0.0,27.930423736572266,-146.89999389648438,-150.0,41.82762145996094,-220.0800018310547,-210.10000610351562,-191.10000610351562,-172.5,-150.0,-128.0,-108.0,-95.30024719238281,-23.679931640625
64,-156.16000366210938,0.0,0.0,26.84347152709961,-156.16000366210938,-162.0,43.28480529785156,-226.1999969482422,-220.10000610351562,-208.1999969482422,-182.0,-162.0,-136.0,-109.0,-97.10008239746094,-23.679931640625
72,-166.9199981689453,0.0,0.0,25.870140075683594,-166.9199981689453,-167.5,47.45896530151367,-254.0399932861328,-236.3000030517578,-224.0,-193.0,-167.5,-141.5,-120.60000610351562,-98.05008697509766,-23.679931640625
80,-172.72000122070312,0.0,0.0,24.701494216918945,-172.72000122070312,-174.0,48.83361053466797,-258.0799865722656,-250.1999969482422,-230.10000610351562,-208.25,-174.0,-148.0,-128.89999389648438,-99.9500961303711,-33.479888916015625
88,-178.17999267578125,0.0,0.0,23.76310920715332,-178.17999267578125,-180.0,47.02092742919922,-262.0799865722656,-250.1999969482422,-238.39999389648438,-210.25,-180.0,-155.25,-131.70001220703125,-107.65003204345703,-60.919769287109375
96,-183.01998901367188,0.0,0.0,22.726415634155273,-183.02000427246094,-182.0,48.04413986206055,-266.0,-258.20001220703125,-248.1999969482422,-213.25,-182.0,-157.75,-135.60000610351562,-115.25006866455078,-60.919769287109375
104,-186.6199951171875,0.0,0.0,21.735944747924805,-186.6199951171875,-186.0,48.29840087890625,-266.0,-258.20001220703125,-248.1999969482422,-216.5,-186.0,-159.5,-137.8000030517578,-122.90000915527344,-60.919769287109375
112,-192.3000030517578,0.0,0.0,20.942138671875,-192.3000030517578,-192.0,48.7908821105957,-274.3999938964844,-262.20001220703125,-250.0,-220.5,-192.0,-169.5,-145.60000610351562,-122.90000915527344,-60.919769287109375
120,-197.72000122070312,0.0,0.0,20.051870346069336,-197.72000122070312,-198.5,49.40972900390625,-284.20001220703125,-270.20001220703125,-250.39999389648438,-226.5,-198.5,-176.75,-149.0,-128.90000915527344,-60.919769287109375
128,-201.47999572753906,0.0,0.0,19.37491226196289,-201.47999572753906,-203.5,48.581573486328125,-284.20001220703125,-270.20001220703125,-254.39999389648438,-228.0,-203.5,-178.75,-152.0,-142.550048828125,-60.919769287109375
136,-203.5800018310547,0.0,0.0,18.572046279907227,-203.5800018310547,-206.0,48.74447250366211,-284.20001220703125,-270.20001220703125,-254.39999389648438,-230.5,-206.0,-181.25,-152.0,-148.45004272460938,-60.919769287109375
144,-206.3199920654297,0.0,0.0,17.809844970703125,-206.32000732421875,-208.0,48.26611328125,-288.1199951171875,-274.1000061035156,-258.6000061035156,-233.25,-208.0,-184.0,-159.89999389648438,-150.35006713867188,-60.919769287109375
152,-210.97999572753906,0.0,0.0,17.10226821899414,-210.97999572753906,-210.0,48.38470458984375,-294.1600036621094,-286.0,-266.20001220703125,-236.5,-210.0,-190.0,-169.60000610351562,-158.60003662109375,-60.919769287109375
160,-213.45999145507812,0.0,0.0,16.554296493530273,-213.4600067138672,-210.0,50.055850982666016,-302.32000732421875,-286.6000061035156,-272.3999938964844,-240.0,-210.0,-190.0,-170.89999389648438,-158.60003662109375,-60.919769287109375
168,-216.36000061035156,0.0,0.0,15.91134262084961,-216.36000061035156,-213.0,49.90982437133789,-312.1199951171875,-286.6000061035156,-276.20001220703125,-242.0,-213.0,-196.0,-172.70001220703125,-161.85000610351562,-68.75973510742188
176,-219.05999755859375,0.0,0.0,15.370894432067871,-219.05999755859375,-217.5,50.151336669921875,-314.0799865722656,-300.1000061035156,-278.20001220703125,-247.25,-217.5,-196.75,-177.89999389648438,-161.85000610351562,-68.75973510742188
184,-221.1199951171875,0.0,0.0,14.695199012756348,-221.1199951171875,-219.0,50.790016174316406,-320.1199951171875,-302.5,-278.20001220703125,-248.5,-219.0,-199.5,-180.0,-166.75003051757812,-68.75973510742188
192,-223.22000122070312,0.0,0.0,13.990923881530762,-223.22000122070312,-222.0,50.94577407836914,-320.1199951171875,-302.5,-280.0,-250.5,-222.0,-203.0,-184.5,-166.75003051757812,-68.75973510742188
200,-225.6199951171875,0.0,0.0,13.465978622436523,-225.6199951171875,-224.0,51.486846923828125,-326.0,-302.5,-284.0,-252.0,-224.0,-203.5,-184.5,-166.75003051757812,-68.75973510742188
208,-227.33999633789062,0.0,0.0,13.007040977478027,-227.33999633789062,-227.0,51.16917419433594,-326.0,-302.5,-284.0,-252.5,-227.0,-204.0,-185.89999389648438,-172.75003051757812,-68.75973510742188
216,-229.36000061035156,0.0,0.0,12.445319175720215,-229.36000061035156,-227.0,51.41080093383789,-326.0799865722656,-302.6000061035156,-286.3999938964844,-255.5,-227.0,-204.0,-185.89999389648438,-172.75003051757812,-86.399658203125
224,-233.3199920654297,0.0,0.0,12.02143383026123,-233.32000732421875,-232.0,51.19704818725586,-326.0799865722656,-314.20001220703125,-290.3999938964844,-262.5,-232.0,-205.0,-187.89999389648438,-172.75003051757812,-86.99978637695312
232,-235.45999145507812,0.0,0.0,11.515485763549805,-235.4600067138672,-233.5,51.28809356689453,-330.0,-320.1000061035156,-292.20001220703125,-265.0,-233.5,-210.0,-193.89999389648438,-175.85000610351562,-86.99978637695312
240,-236.9199981689453,0.0,0.0,11.11998176574707,-236.9199981689453,-234.5,51.65107345581055,-330.0400085449219,-322.29998779296875,-298.20001220703125,-268.5,-234.5,-213.75,-198.8000030517578,-175.85000610351562,-86.99978637695312
248,-238.8199920654297,0.0,0.0,10.698155403137207,-238.82000732421875,-236.5,51.774200439453125,-330.0400085449219,-322.29998779296875,-300.0,-268.5,-236.5,-214.0,-199.89999389648438,-176.95001220703125,-86.99978637695312
256,-240.239990234375,0.0,0.0,10.310705184936523,-240.24000549316406,-239.0,51.93247985839844,-336.0400085449219,-322.29998779296875,-300.0,-268.5,-239.0,-215.75,-200.8000030517578,-176.95001220703125,-86.99978637695312
264,-242.0,0.0,0.0,9.94305419921875,-242.0,-241.0,51.93919372558594,-336.0400085449219,-322.29998779296875,-300.3999938964844,-270.0,-241.0,-219.75,-200.8000030517578,-185.6500244140625,-86.99978637695312
272,-243.239990234375,0.0,0.0,9.551410675048828,-243.24000549316406,-242.5,51.8935661315918,-336.0400085449219,-322.29998779296875,-304.0,-270.0,-242.5,-220.0,-201.70001220703125,-185.75003051757812,-86.99978637695312
280,-244.1599884033203,0.0,0.0,9.200904846191406,-244.16000366210938,-242.5,52.10810470581055,-336.0400085449219,-322.5,-304.0,-270.5,-242.5,-220.75,-201.89999389648438,-187.90000915527344,-86.99978637695312
288,-245.51998901367188,0.0,0.0,8.858171463012695,-245.52000427246094,-244.0,52.45197677612305,-340.0400085449219,-332.0,-304.3999938964844,-274.5,-244.0,-222.0,-205.0,-187.90000915527344,-86.99978637695312
296,-247.13999938964844,0.0,0.0,8.555109977722168,-247.13999938964844,-246.5,52.944313049316406,-342.0,-332.0,-304.3999938964844,-276.75,-246.5,-222.0,-205.0,-187.90000915527344,-86.99978637695312
304,-248.36000061035156,0.0,0.0,8.197332382202148,-248.36000061035156,-248.0,52.853668212890625,-342.0,-332.0,-308.0,-279.25,-248.0,-222.0,-207.70001220703125,-194.550048828125,-86.99978637695312
312,-249.13999938964844,0.0,0.0,7.932535171508789,-249.13999938964844,-248.0,52.88308334350586,-342.0,-332.0,-308.0,-279.25,-248.0,-222.0,-208.0,-194.550048828125,-86.99978637695312
320,-249.86000061035156,0.0,0.0,7.627058982849121,-249.86000061035156,-250.0,52.84638977050781,-342.0,-332.1000061035156,-308.0,-279.25,-250.0,-222.75,-208.0,-194.550048828125,-88.95977783203125
328,-251.1199951171875,0.0,0.0,7.333352565765381,-251.1199951171875,-250.0,52.93793869018555,-342.0,-332.1000061035156,-310.0,-279.25,-250.0,-222.75,-208.0,-194.550048828125,-98.75973510742188
336,-252.17999267578125,0.0,0.0,7.058901786804199,-252.17999267578125,-250.0,52.825443267822266,-342.0,-334.29998779296875,-310.0,-280.0,-250.0,-224.0,-211.89999389648438,-201.6500244140625,-98.75973510742188
344,-253.22000122070312,0.0,0.0,6.86157751083374,-253.22000122070312,-251.0,52.71348190307617,-342.0,-340.0,-310.0,-283.0,-251.0,-224.0,-214.60000610351562,-203.75003051757812,-98.8797607421875
352,-253.8199920654297,0.0,0.0,6.631644248962402,-253.82000732421875,-251.0,52.90451431274414,-342.0,-340.0,-310.0,-283.0,-251.0,-226.0,-214.8000030517578,-203.75003051757812,-98.8797607421875
360,-254.75999450683594,0.0,0.0,6.381735801696777,-254.75999450683594,-253.0,52.66974639892578,-342.0,-340.0,-310.20001220703125,-283.0,-253.0,-228.0,-215.70001220703125,-203.75003051757812,-108.67971801757812
368,-255.239990234375,0.0,0.0,6.167779922485352,-255.24000549316406,-254.0,52.742984771728516,-342.0,-340.0,-310.6000061035156,-284.5,-254.0,-228.0,-215.70001220703125,-203.75003051757812,-108.67971801757812
376,-255.79998779296875,0.0,0.0,5.948985576629639,-255.8000030517578,-254.0,52.70521545410156,-342.0400085449219,-340.1000061035156,-310.6000061035156,-284.5,-254.0,-228.75,-215.70001220703125,-203.75003051757812,-108.67971801757812
384,-256.4599914550781,0.0,0.0,5.736772537231445,-256.4599914550781,-254.5,52.843055725097656,-344.0,-340.1000061035156,-316.0,-284.5,-254.5,-231.0,-215.70001220703125,-203.75003051757812,-108.67971801757812
392,-256.91998291015625,0.0,0.0,5.59039306640625,-256.9200134277344,-254.5,52.90211486816406,-344.0400085449219,-340.1000061035156,-316.20001220703125,-284.5,-254.5,-231.0,-215.70001220703125,-203.95001220703125,-108.67971801757812
400,-258.0,0.0,0.0,5.330702304840088,-258.0,-254.5,52.84695053100586,-344.0400085449219,-342.0,-318.20001220703125,-286.0,-254.5,-233.75,-217.5,-205.85000610351562,-108.75973510742188
408,-258.5400085449219,0.0,0.0,5.138317584991455,-258.5400085449219,-255.0,52.9304084777832,-346.0400085449219,-342.0,-318.20001220703125,-286.0,-255.0,-236.0,-217.5,-205.85000610351562,-108.75973510742188
416,-259.0,0.0,0.0,4.95909309387207,-259.0,-255.5,53.245845794677734,-348.1199951171875,-342.0,-318.20001220703125,-286.5,-255.5,-236.0,-217.5,-205.85000610351562,-108.75973510742188
424,-259.47998046875,0.0,0.0,4.7826433181762695,-259.4800109863281,-256.0,53.22602462768555,-350.0799865722656,-342.0,-320.20001220703125,-286.5,-256.0,-236.0,-219.30001831054688,-207.75003051757812,-108.75973510742188
432,-259.91998291015625,0.0,0.0,4.675194263458252,-259.9200134277344,-256.0,53.21910858154297,-350.0799865722656,-342.0,-320.20001220703125,-286.5,-256.0,-236.0,-219.30001831054688,-207.75003051757812,-108.79974365234375
440,-260.1600036621094,0.0,0.0,4.55687141418457,-260.1600036621094,-257.0,53.25762176513672,-350.0799865722656,-342.0,-320.20001220703125,-288.0,-257.0,-236.0,-219.30001831054688,-207.75003051757812,-108.79974365234375
448,-260.6999816894531,0.0,0.0,4.385581970214844,-260.70001220703125,-258.0,53.26978302001953,-350.0799865722656,-342.0,-320.20001220703125,-288.5,-258.0,-238.25,-219.5,-207.75003051757812,-108.79974365234375
456,-260.94000244140625,0.0,0.0,4.263984680175781,-260.94000244140625,-258.0,53.270965576171875,-354.0400085449219,-342.0,-320.20001220703125,-288.5,-258.0,-238.25,-219.5,-207.75003051757812,-108.83975219726562
464,-261.41998291015625,0.0,0.0,4.128178119659424,-261.4200134277344,-258.0,53.246822357177734,-354.0400085449219,-342.0,-320.20001220703125,-288.5,-258.0,-238.25,-219.5,-207.75003051757812,-108.83975219726562
472,-261.82000732421875,0.0,0.0,4.057301044464111,-261.82000732421875,-259.0,53.37871551513672,-354.0400085449219,-342.0,-322.20001220703125,-288.5,-259.0,-238.25,-219.5,-207.75003051757812,-108.83975219726562
480,-262.1399841308594,0.0,0.0,3.914987325668335,-262.1400146484375,-259.0,53.495235443115234,-354.0400085449219,-342.0,-322.20001220703125,-290.0,-259.0,-239.0,-219.5,-207.75003051757812,-108.83975219726562
488,-262.2799987792969,0.0,0.0,3.7793965339660645,-262.2799987792969,-259.0,53.58172607421875,-354.0400085449219,-342.1000061035156,-324.0,-291.0,-259.0,-239.0,-219.5,-207.75003051757812,-108.83975219726562
496,-262.739990234375,0.0,0.0,3.6342995166778564,-262.739990234375,-260.0,53.27863311767578,-354.0400085449219,-344.20001220703125,-324.0,-291.0,-260.0,-239.0,-219.5,-207.75003051757812,-109.039794921875
504,-263.3399963378906,0.0,0.0,3.5356991291046143,-263.3399963378906,-261.5,53.16168212890625,-354.0400085449219,-344.20001220703125,-324.0,-291.0,-261.5,-239.0,-221.30001831054688,-207.75003051757812,-109.039794921875
512,-263.7799987792969,0.0,0.0,3.3736467361450195,-263.7799987792969,-261.5,53.214202880859375,-354.0799865722656,-348.0,-324.0,-291.0,-261.5,-239.0,-221.40000915527344,-207.75003051757812,-109.039794921875
520,-264.2799987792969,0.0,0.0,3.272144079208374,-264.2799987792969,-261.5,53.18422317504883,-356.0400085449219,-348.0,-324.20001220703125,-292.5,-261.5,-239.5,-221.40000915527344,-207.75003051757812,-109.039794921875
528,-264.44000244140625,0.0,0.0,3.20611310005188,-264.44000244140625,-261.5,53.30146408081055,-356.0400085449219,-348.20001220703125,-324.20001220703125,-294.0,-261.5,-240.0,-221.40000915527344,-207.75003051757812,-109.039794921875
536,-264.739990234375,0.0,0.0,3.1111743450164795,-264.739990234375,-261.5,53.494789123535156,-356.0400085449219,-348.20001220703125,-324.20001220703125,-294.0,-261.5,-240.0,-221.40000915527344,-207.75003051757812,-109.039794921875
544,-265.0400085449219,0.0,0.0,3.0408403873443604,-265.0400085449219,-261.5,53.68611145019531,-356.0400085449219,-348.20001220703125,-326.0,-294.5,-261.5,-240.0,-222.30001831054688,-207.75003051757812,-109.039794921875
552,-265.41998291015625,0.0,0.0,2.9398818016052246,-265.4200134277344,-261.5,53.80579376220703,-356.0400085449219,-348.29998779296875,-326.20001220703125,-294.5,-261.5,-240.0,-222.40000915527344,-207.75003051757812,-109.039794921875
560,-265.7200012207031,0.0,0.0,2.8378384113311768,-265.7200012207031,-262.0,53.802242279052734,-358.0,-348.3999938964844,-326.20001220703125,-296.5,-262.0,-240.0,-222.5,-207.75003051757812,-109.039794921875
568,-265.97998046875,0.0,0.0,2.7289772033691406,-265.9800109863281,-262.5,53.89693832397461,-358.0400085449219,-348.3999938964844,-328.0,-296.5,-262.5,-241.5,-222.5,-207.75003051757812,-109.039794921875
576,-266.1399841308594,0.0,0.0,2.6698296070098877,-266.1400146484375,-262.5,53.949424743652344,-358.0400085449219,-348.3999938964844,-328.0,-296.5,-262.5,-241.5,-222.5,-207.75003051757812,-109.039794921875
584,-266.3599853515625,0.0,0.0,2.6385293006896973,-266.3599853515625,-262.5,53.9958381652832,-358.0400085449219,-348.3999938964844,-328.0,-296.5,-262.5,-242.25,-222.5,-207.75003051757812,-109.039794921875
592,-266.67999267578125,0.0,0.0,2.6278398036956787,-266.67999267578125,-263.5,54.02719497680664,-358.0400085449219,-348.3999938964844,-330.0,-296.5,-263.5,-242.75,-222.5,-207.75003051757812,-109.039794921875
600,-267.05999755859375,0.0,0.0,2.544565439224243,-267.05999755859375,-263.5,54.10282897949219,-358.0400085449219,-348.3999938964844,-330.0,-296.5,-263.5,-242.75,-222.5,-207.85000610351562,-109.039794921875
608,-267.2599792480469,0.0,0.0,2.4472298622131348,-267.260009765625,-263.5,54.06452178955078,-358.0400085449219,-348.3999938964844,-330.20001220703125,-296.5,-263.5,-243.75,-222.5,-207.90000915527344,-109.039794921875
616,-267.5,0.0,0.0,2.4024431705474854,-267.5,-263.5,54.25265121459961,-360.0,-348.5,-330.20001220703125,-297.0,-263.5,-243.75,-222.5,-207.90000915527344,-109.039794921875
624,-267.7599792480469,0.0,0.0,2.4048471450805664,-267.760009765625,-263.5,54.172523498535156,-360.0400085449219,-348.5,-330.20001220703125,-297.0,-263.5,-243.75,-222.5,-209.80001831054688,-109.039794921875
632,-267.8999938964844,0.0,0.0,2.3195641040802,-267.8999938964844,-263.5,53.94283676147461,-360.0400085449219,-348.5,-330.20001220703125,-297.0,-263.5,-243.75,-222.5,-209.80001831054688,-116.8797607421875
640,-268.0,0.0,0.0,2.2565419673919678,-268.0,-264.0,53.769508361816406,-360.0400085449219,-348.5,-330.20001220703125,-297.0,-264.0,-243.75,-222.5,-209.90000915527344,-116.95977783203125
648,-268.1600036621094,0.0,0.0,2.222565174102783,-268.1600036621094,-264.0,53.86292266845703,-360.0400085449219,-348.5,-332.20001220703125,-297.0,-264.0,-244.0,-222.5,-209.90000915527344,-116.95977783203125
656,-268.44000244140625,0.0,0.0,2.1823575496673584,-268.44000244140625,-264.0,53.740543365478516,-362.0,-348.5,-332.20001220703125,-297.0,-264.0,-244.0,-223.0,-216.6500244140625,-116.95977783203125
664,-268.6399841308594,0.0,0.0,2.0984878540039062,-268.6400146484375,-264.5,53.635719299316406,-362.0,-348.5,-332.20001220703125,-297.0,-264.5,-244.0,-223.89999389648438,-216.6500244140625,-116.95977783203125
672,-268.94000244140625,0.0,0.0,2.0502843856811523,-268.94000244140625,-265.5,53.7117919921875,-362.0400085449219,-348.5,-334.0,-297.0,-265.5,-244.0,-223.89999389648438,-216.6500244140625,-116.95977783203125
680,-269.0400085449219,0.0,0.0,2.035554885864258,-269.0400085449219,-265.5,53.35090255737305,-362.0400085449219,-348.5,-334.0,-297.0,-265.5,-244.0,-223.89999389648438,-216.6500244140625,-116.95977783203125
688,-269.0799865722656,0.0,0.0,1.9565781354904175,-269.0799865722656,-265.5,53.380836486816406,-362.0400085449219,-348.5,-334.0,-297.0,-265.5,-244.0,-223.89999389648438,-216.6500244140625,-116.95977783203125
696,-269.2200012207031,0.0,0.0,1.9246286153793335,-269.2200012207031,-265.5,53.37969207763672,-362.0400085449219,-348.5,-334.0,-297.0,-265.5,-244.0,-223.89999389648438,-216.6500244140625,-116.95977783203125
704,-269.3800048828125,0.0,0.0,1.9099007844924927,-269.3800048828125,-265.5,53.452178955078125,-362.0400085449219,-348.5,-334.0,-301.5,-265.5,-244.0,-223.89999389648438,-216.6500244140625,-116.95977783203125
712,-269.55999755859375,0.0,0.0,1.8782525062561035,-269.55999755859375,-265.5,53.469303131103516,-362.0400085449219,-348.5,-334.0,-301.5,-265.5,-244.0,-223.89999389648438,-216.6500244140625,-116.95977783203125
720,-269.6999816894531,0.0,0.0,1.8326891660690308,-269.70001220703125,-267.0,53.4444580078125,-362.0400085449219,-348.5,-334.0,-301.5,-267.0,-244.0,-223.89999389648438,-216.6500244140625,-116.95977783203125
728,-269.7200012207031,0.0,0.0,1.7832491397857666,-269.7200012207031,-267.0,53.38802719116211,-362.0400085449219,-348.5,-334.0,-301.5,-267.0,-244.0,-223.89999389648438,-216.6500244140625,-118.91976928710938
736,-269.79998779296875,0.0,0.0,1.7438722848892212,-269.79998779296875,-267.0,53.425086975097656,-362.0400085449219,-348.5,-334.20001220703125,-301.5,-267.0,-244.0,-223.89999389648438,-216.6500244140625,-118.91976928710938
744,-269.8999938964844,0.0,0.0,1.716883659362793,-269.8999938964844,-267.0,53.43846893310547,-362.0400085449219,-348.5,-334.20001220703125,-301.5,-267.0,-244.0,-223.89999389648438,-216.6500244140625,-118.91976928710938
752,-270.1199951171875,0.0,0.0,1.7165881395339966,-270.1199951171875,-267.0,53.45452117919922,-362.0400085449219,-348.5,-334.20001220703125,-301.5,-267.0,-244.0,-224.89999389648438,-216.6500244140625,-118.91976928710938
760,-270.3599853515625,0.0,0.0,1.6484167575836182,-270.3599853515625,-268.5,53.42499923706055,-362.0400085449219,-348.5,-334.20001220703125,-301.5,-268.5,-244.0,-224.89999389648438,-216.6500244140625,-118.91976928710938
768,-270.44000244140625,0.0,0.0,1.6499385833740234,-270.44000244140625,-268.5,53.425899505615234,-362.0400085449219,-348.5,-334.20001220703125,-301.5,-268.5,-244.0,-224.89999389648438,-216.6500244140625,-118.91976928710938
776,-270.55999755859375,0.0,0.0,1.5904104709625244,-270.55999755859375,-268.5,53.31684875488281,-362.0400085449219,-348.5,-334.20001220703125,-301.5,-268.5,-244.0,-224.89999389648438,-216.6500244140625,-118.99978637695312
784,-270.8599853515625,0.0,0.0,1.5488756895065308,-270.8599853515625,-268.5,53.39794158935547,-362.0400085449219,-348.6000061035156,-336.20001220703125,-301.5,-268.5,-245.5,-224.89999389648438,-216.6500244140625,-118.99978637695312
792,-270.91998291015625,0.0,0.0,1.5157526731491089,-270.9200134277344,-268.5,53.41004943847656,-362.0400085449219,-348.6000061035156,-336.20001220703125,-302.0,-268.5,-245.5,-224.89999389648438,-216.6500244140625,-118.99978637695312
800,-271.0799865722656,0.0,0.0,1.5195789337158203,-271.0799865722656,-269.0,53.410797119140625,-362.0400085449219,-348.6000061035156,-336.20001220703125,-302.0,-269.0,-246.0,-224.89999389648438,-216.6500244140625,-118.99978637695312
808,-271.1199951171875,0.0,0.0,1.4877923727035522,-271.1199951171875,-269.0,53.38600540161133,-362.0400085449219,-348.6000061035156,-336.20001220703125,-302.0,-269.0,-246.0,-224.89999389648438,-216.75003051757812,-118.99978637695312
816,-271.17999267578125,0.0,0.0,1.439367651939392,-271.17999267578125,-269.0,53.392574310302734,-362.0400085449219,-348.6000061035156,-336.20001220703125,-302.0,-269.0,-246.0,-224.89999389648438,-216.75003051757812,-118.99978637695312
824,-271.6199951171875,0.0,0.0,1.4082887172698975,-271.6199951171875,-269.0,53.94863510131836,-364.1600036621094,-360.1000061035156,-338.20001220703125,-302.0,-269.0,-246.0,-224.89999389648438,-216.75003051757812,-118.99978637695312
832,-271.82000732421875,0.0,0.0,1.3914105892181396,-271.82000732421875,-271.0,53.993404388427734,-364.1600036621094,-360.1000061035156,-338.20001220703125,-302.0,-271.0,-246.0,-224.89999389648438,-216.75003051757812,-118.99978637695312
840,-272.0400085449219,0.0,0.0,1.3907968997955322,-272.0400085449219,-271.0,53.932533264160156,-364.1600036621094,-360.1000061035156,-338.20001220703125,-302.0,-271.0,-246.75,-224.89999389648438,-216.75003051757812,-118.99978637695312
848,-272.0799865722656,0.0,0.0,1.3847873210906982,-272.0799865722656,-271.0,53.94213104248047,-364.1600036621094,-360.1000061035156,-338.20001220703125,-302.0,-271.0,-246.75,-224.89999389648438,-216.75003051757812,-118.99978637695312
856,-272.32000732421875,0.0,0.0,1.3122143745422363,-272.32000732421875,-272.0,53.736183166503906,-364.1600036621094,-360.1000061035156,-338.20001220703125,-302.0,-272.0,-247.0,-224.89999389648438,-216.75003051757812,-128.79974365234375
864,-272.3599853515625,0.0,0.0,1.2784268856048584,-272.3599853515625,-272.0,53.7843017578125,-364.1600036621094,-360.20001220703125,-338.20001220703125,-302.0,-272.0,-247.0,-224.89999389648438,-216.75003051757812,-128.79974365234375
872,-272.5,0.0,0.0,1.2445740699768066,-272.5,-272.0,53.715084075927734,-364.1600036621094,-360.20001220703125,-338.20001220703125,-302.0,-272.0,-247.75,-224.89999389648438,-216.75003051757812,-128.79974365234375
880,-272.5199890136719,0.0,0.0,1.206471562385559,-272.5199890136719,-272.0,53.712284088134766,-364.1600036621094,-360.20001220703125,-338.20001220703125,-302.0,-272.0,-247.75,-224.89999389648438,-216.75003051757812,-128.79974365234375
888,-272.5799865722656,0.0,0.0,1.1928223371505737,-272.5799865722656,-272.5,53.71576690673828,-364.1600036621094,-360.20001220703125,-338.20001220703125,-302.0,-272.5,-247.75,-224.89999389648438,-216.75003051757812,-128.79974365234375
896,-272.6399841308594,0.0,0.0,1.1694891452789307,-272.6400146484375,-272.5,53.73258590698242,-364.1600036621094,-360.20001220703125,-338.20001220703125,-302.0,-272.5,-247.75,-224.89999389648438,-216.75003051757812,-128.79974365234375
904,-272.94000244140625,0.0,0.0,1.1291662454605103,-272.94000244140625,-273.5,53.70880889892578,-364.1600036621094,-360.20001220703125,-338.20001220703125,-302.0,-273.5,-247.75,-224.89999389648438,-216.75003051757812,-128.79974365234375
912,-273.1000061035156,0.0,0.0,1.1247892379760742,-273.1000061035156,-273.5,53.83149337768555,-364.1600036621094,-360.20001220703125,-340.0,-302.0,-273.5,-247.75,-224.89999389648438,-216.75003051757812,-128.79974365234375
920,-273.1199951171875,0.0,0.0,1.0681992769241333,-273.1199951171875,-273.5,53.82476806640625,-364.1600036621094,-360.20001220703125,-340.0,-302.0,-273.5,-247.75,-224.89999389648438,-216.75003051757812,-128.79974365234375
928,-273.1999816894531,0.0,0.0,1.0429197549819946,-273.20001220703125,-273.5,53.84979248046875,-364.1600036621094,-360.20001220703125,-340.0,-302.0,-273.5,-247.75,-224.89999389648438,-216.75003051757812,-128.79974365234375
936,-273.239990234375,0.0,0.0,1.0634301900863647,-273.239990234375,-273.5,53.87116622924805,-364.1600036621094,-360.20001220703125,-340.0,-302.0,-273.5,-247.75,-224.89999389648438,-216.75003051757812,-128.79974365234375
944,-273.32000732421875,0.0,0.0,1.040152668952942,-273.32000732421875,-273.5,53.917137145996094,-364.20001220703125,-360.20001220703125,-340.0,-302.0,-273.5,-247.75,-224.89999389648438,-216.75003051757812,-128.79974365234375
952,-273.3599853515625,0.0,0.0,1.0246657133102417,-273.3599853515625,-274.0,53.89870834350586,-364.20001220703125,-360.20001220703125,-340.0,-302.0,-274.0,-247.75,-225.0,-216.75003051757812,-128.79974365234375
960,-273.3800048828125,0.0,0.0,1.0121992826461792,-273.3800048828125,-274.0,53.88928985595703,-364.20001220703125,-360.20001220703125,-340.0,-302.0,-274.0,-248.0,-225.0,-216.75003051757812,-128.79974365234375
968,-273.5,0.0,0.0,1.0009264945983887,-273.5,-274.0,53.991390228271484,-368.1199951171875,-360.20001220703125,-340.0,-302.0,-274.0,-248.0,-225.0,-216.75003051757812,-128.79974365234375
976,-273.6999816894531,0.0,0.0,0.9764650464057922,-273.70001220703125,-274.0,53.92095947265625,-368.1199951171875,-360.20001220703125,-340.0,-302.5,-274.0,-248.0,-227.70001220703125,-216.75003051757812,-128.79974365234375
984,-273.6999816894531,0.0,0.0,0.9623367190361023,-273.70001220703125,-274.0,53.92095947265625,-368.1199951171875,-360.20001220703125,-340.0,-302.5,-274.0,-248.0,-227.70001220703125,-216.75003051757812,-128.79974365234375
992,-273.6999816894531,0.0,0.0,0.9441172480583191,-273.70001220703125,-274.0,53.92095947265625,-368.1199951171875,-360.20001220703125,-340.0,-302.5,-274.0,-248.0,-227.70001220703125,-216.75003051757812,-128.79974365234375
1000,-273.6999816894531,0.0,0.0,0.9351046681404114,-273.70001220703125,-274.0,53.92095947265625,-368.1199951171875,-360.20001220703125,-340.0,-302.5,-274.0,-248.0,-227.70001220703125,-216.75003051757812,-128.79974365234375
1008,-273.7200012207031,0.0,0.0,0.9118847250938416,-273.7200012207031,-274.0,53.939979553222656,-368.1199951171875,-360.20001220703125,-340.0,-302.5,-274.0,-248.0,-227.70001220703125,-216.75003051757812,-128.79974365234375
1016,-273.8800048828125,0.0,0.0,0.913593053817749,-273.8800048828125,-274.0,54.17218780517578,-374.0,-364.0,-340.0,-302.5,-274.0,-248.75,-227.70001220703125,-216.75003051757812,-128.79974365234375
1024,-273.97998046875,0.0,0.0,0.9145419001579285,-273.9800109863281,-274.0,54.155696868896484,-374.0,-364.0,-340.0,-302.5,-274.0,-248.75,-227.70001220703125,-216.75003051757812,-128.79974365234375
1032,-274.0400085449219,0.0,0.0,0.8870888352394104,-274.0400085449219,-274.0,54.15900802612305,-374.0,-364.0,-340.0,-302.5,-274.0,-248.75,-227.70001220703125,-216.75003051757812,-128.79974365234375
1040,-274.239990234375,0.0,0.0,0.8971939086914062,-274.239990234375,-274.0,54.22123718261719,-374.0,-364.0,-340.0,-302.5,-274.0,-248.75,-227.70001220703125,-216.75003051757812,-128.79974365234375
1048,-274.44000244140625,0.0,0.0,0.8634243607521057,-274.44000244140625,-274.0,54.30033874511719,-374.0,-364.0,-340.0,-308.5,-274.0,-248.75,-227.70001220703125,-216.75003051757812,-128.79974365234375
1056,-274.44000244140625,0.0,0.0,0.8608733415603638,-274.44000244140625,-274.0,54.30033874511719,-374.0,-364.0,-340.0,-308.5,-274.0,-248.75,-227.70001220703125,-216.75003051757812,-128.79974365234375
1064,-274.6600036621094,0.0,0.0,0.874626874923706,-274.6600036621094,-274.0,54.38312911987305,-374.0,-364.0,-340.0,-308.5,-274.0,-248.75,-227.70001220703125,-216.75003051757812,-128.79974365234375
1072,-274.7799987792969,0.0,0.0,0.8670441508293152,-274.7799987792969,-274.0,54.45798110961914,-374.0,-364.20001220703125,-340.0,-308.5,-274.0,-248.75,-227.70001220703125,-216.75003051757812,-128.79974365234375
1080,-274.7799987792969,0.0,0.0,0.8463389277458191,-274.7799987792969,-274.0,54.45798110961914,-374.0,-364.20001220703125,-340.0,-308.5,-274.0,-248.75,-227.70001220703125,-216.75003051757812,-128.79974365234375
1088,-274.79998779296875,0.0,0.0,0.8357847332954407,-274.79998779296875,-274.0,54.494773864746094,-374.0,-364.20001220703125,-340.0,-308.5,-274.0,-248.75,-227.70001220703125,-216.75003051757812,-128.79974365234375
1096,-274.8599853515625,0.0,0.0,0.8173377513885498,-274.8599853515625,-274.0,54.42444610595703,-374.0,-364.20001220703125,-340.0,-308.5,-274.0,-248.75,-227.70001220703125,-216.85000610351562,-128.79974365234375
1104,-274.8599853515625,0.0,0.0,0.8040064573287964,-274.8599853515625,-274.0,54.42444610595703,-374.0,-364.20001220703125,-340.0,-308.5,-274.0,-248.75,-227.70001220703125,-216.85000610351562,-128.79974365234375
1112,-274.8599853515625,0.0,0.0,0.8205152153968811,-274.8599853515625,-274.0,54.42444610595703,-374.0,-364.20001220703125,-340.0,-308.5,-274.0,-248.75,-227.70001220703125,-216.85000610351562,-128.79974365234375
1120,-275.0400085449219,0.0,0.0,0.7767887115478516,-275.0400085449219,-274.0,53.972938537597656,-374.0,-364.20001220703125,-340.0,-308.5,-274.0,-248.75,-227.70001220703125,-216.85000610351562,-146.43966674804688
1128,-275.0799865722656,0.0,0.0,0.7738726735115051,-275.0799865722656,-274.0,54.00327682495117,-374.0,-364.20001220703125,-340.0,-308.5,-274.0,-248.75,-227.70001220703125,-216.85000610351562,-146.43966674804688
1136,-275.1600036621094,0.0,0.0,0.7684824466705322,-275.1600036621094,-274.0,54.03974914550781,-374.0,-364.20001220703125,-340.0,-308.5,-274.0,-248.75,-227.70001220703125,-216.85000610351562,-146.43966674804688
1144,-275.1999816894531,0.0,0.0,0.7672515511512756,-275.20001220703125,-274.5,54.05182647705078,-374.0,-364.20001220703125,-340.0,-310.0,-274.5,-248.75,-227.70001220703125,-216.85000610351562,-146.43966674804688
1152,-275.2599792480469,0.0,0.0,0.7563607096672058,-275.260009765625,-274.5,54.08966827392578,-374.0,-364.20001220703125,-340.0,-310.0,-274.5,-248.75,-227.70001220703125,-216.85000610351562,-146.43966674804688
1160,-275.3399963378906,0.0,0.0,0.7551347017288208,-275.3399963378906,-274.5,54.07110595703125,-374.0,-364.20001220703125,-340.0,-310.0,-274.5,-248.75,-227.70001220703125,-216.85000610351562,-146.43966674804688
1168,-275.3399963378906,0.0,0.0,0.7509673833847046,-275.3399963378906,-274.5,54.07110595703125,-374.0,-364.20001220703125,-340.0,-310.0,-274.5,-248.75,-227.70001220703125,-216.85000610351562,-146.43966674804688
1176,-275.3999938964844,0.0,0.0,0.730860710144043,-275.3999938964844,-274.5,54.027400970458984,-374.0,-364.20001220703125,-340.0,-310.0,-274.5,-248.75,-227.70001220703125,-216.85000610351562,-146.43966674804688
1184,-275.3999938964844,0.0,0.0,0.7161195874214172,-275.3999938964844,-274.5,54.027400970458984,-374.0,-364.20001220703125,-340.0,-310.0,-274.5,-248.75,-227.70001220703125,-216.85000610351562,-146.43966674804688
1192,-275.3999938964844,0.0,0.0,0.6860150098800659,-275.3999938964844,-274.5,54.027400970458984,-374.0,-364.20001220703125,-340.0,-310.0,-274.5,-248.75,-227.70001220703125,-216.85000610351562,-146.43966674804688
1200,-275.41998291015625,0.0,0.0,0.6832609176635742,-275.4200134277344,-274.5,54.01613998413086,-374.0,-364.20001220703125,-340.0,-310.0,-274.5,-248.75,-227.70001220703125,-216.85000610351562,-146.43966674804688
1208,-275.47998046875,0.0,0.0,0.6722776889801025,-275.4800109863281,-274.5,54.054134368896484,-374.0,-366.1000061035156,-340.0,-310.0,-274.5,-248.75,-227.70001220703125,-216.85000610351562,-146.43966674804688
1216,-275.5400085449219,0.0,0.0,0.6754390597343445,-275.5400085449219,-274.5,54.0802001953125,-374.0,-366.1000061035156,-340.0,-310.0,-274.5,-248.75,-227.70001220703125,-216.85000610351562,-146.43966674804688
1224,-275.55999755859375,0.0,0.0,0.6865634918212891,-275.55999755859375,-274.5,54.079261779785156,-374.0,-366.1000061035156,-340.0,-310.0,-274.5,-248.75,-227.70001220703125,-216.85000610351562,-146.43966674804688
1232,-275.55999755859375,0.0,0.0,0.6908894181251526,-275.55999755859375,-274.5,54.079261779785156,-374.0,-366.1000061035156,-340.0,-310.0,-274.5,-248.75,-227.70001220703125,-216.85000610351562,-146.43966674804688
1240,-275.55999755859375,0.0,0.0,0.6803507804870605,-275.55999755859375,-274.5,54.079261779785156,-374.0,-366.1000061035156,-340.0,-310.0,-274.5,-248.75,-227.70001220703125,-216.85000610351562,-146.43966674804688
1248,-275.55999755859375,0.0,0.0,0.6754580736160278,-275.55999755859375,-274.5,54.079261779785156,-374.0,-366.1000061035156,-340.0,-310.0,-274.5,-248.75,-227.70001220703125,-216.85000610351562,-146.43966674804688
1256,-275.6000061035156,0.0,0.0,0.6772700548171997,-275.6000061035156,-274.5,54.04849624633789,-374.0,-366.1000061035156,-340.0,-310.0,-274.5,-248.75,-227.70001220703125,-216.85000610351562,-146.43966674804688
1264,-275.6000061035156,0.0,0.0,0.6844114065170288,-275.6000061035156,-274.5,54.04849624633789,-374.0,-366.1000061035156,-340.0,-310.0,-274.5,-248.75,-227.70001220703125,-216.85000610351562,-146.43966674804688
1272,-275.6399841308594,0.0,0.0,0.6807687282562256,-275.6400146484375,-274.5,54.04507827758789,-374.0,-366.1000061035156,-340.0,-310.0,-274.5,-248.75,-227.70001220703125,-216.85000610351562,-146.43966674804688
1280,-275.6600036621094,0.0,0.0,0.6621848940849304,-275.6600036621094,-274.5,54.061119079589844,-374.0,-366.1000061035156,-340.0,-310.0,-274.5,-248.75,-227.70001220703125,-216.85000610351562,-146.43966674804688
1288,-275.6999816894531,0.0,0.0,0.6456018090248108,-275.70001220703125,-275.5,54.07762908935547,-374.0,-366.1000061035156,-340.0,-310.0,-275.5,-248.75,-227.70001220703125,-216.85000610351562,-146.43966674804688
1296,-275.6999816894531,0.0,0.0,0.6184810996055603,-275.70001220703125,-275.5,54.07762908935547,-374.0,-366.1000061035156,-340.0,-310.0,-275.5,-248.75,-227.70001220703125,-216.85000610351562,-146.43966674804688
1304,-275.6999816894531,0.0,0.0,0.6310997009277344,-275.70001220703125,-275.5,54.07762908935547,-374.0,-366.1000061035156,-340.0,-310.0,-275.5,-248.75,-227.70001220703125,-216.85000610351562,-146.43966674804688
1312,-275.6999816894531,0.0,0.0,0.6197216510772705,-275.70001220703125,-275.5,54.07762908935547,-374.0,-366.1000061035156,-340.0,-310.0,-275.5,-248.75,-227.70001220703125,-216.85000610351562,-146.43966674804688
1320,-275.7200012207031,0.0,0.0,0.630048394203186,-275.7200012207031,-275.5,54.064422607421875,-374.0,-366.1000061035156,-340.0,-310.0,-275.5,-248.75,-227.70001220703125,-216.85000610351562,-146.43966674804688
1328,-275.739990234375,0.0,0.0,0.605902373790741,-275.739990234375,-275.5,54.058231353759766,-374.0,-366.1000061035156,-340.0,-310.0,-275.5,-248.75,-227.70001220703125,-216.85000610351562,-146.43966674804688
1336,-275.7599792480469,0.0,0.0,0.5930309295654297,-275.760009765625,-275.5,54.04167175292969,-374.0,-366.1000061035156,-340.0,-310.0,-275.5,-248.75,-227.70001220703125,-216.85000610351562,-146.43966674804688
1344,-275.82000732421875,0.0,0.0,0.5916333198547363,-275.82000732421875,-275.5,54.04301452636719,-374.0,-366.1000061035156,-340.0,-310.0,-275.5,-248.75,-227.70001220703125,-216.85000610351562,-146.43966674804688
1352,-275.82000732421875,0.0,0.0,0.588735044002533,-275.82000732421875,-275.5,54.04301452636719,-374.0,-366.1000061035156,-340.0,-310.0,-275.5,-248.75,-227.70001220703125,-216.85000610351562,-146.43966674804688
1360,-275.91998291015625,0.0,0.0,0.587206244468689,-275.9200134277344,-275.5,54.08505630493164,-374.0,-366.1000061035156,-340.0,-310.0,-275.5,-248.75,-227.70001220703125,-216.85000610351562,-146.43966674804688
1368,-275.91998291015625,0.0,0.0,0.5820732116699219,-275.9200134277344,-275.5,54.08505630493164,-374.0,-366.1000061035156,-340.0,-310.0,-275.5,-248.75,-227.70001220703125,-216.85000610351562,-146.43966674804688
1376,-275.97998046875,0.0,0.0,0.5924961566925049,-275.9800109863281,-276.0,54.081787109375,-374.0,-366.1000061035156,-340.0,-310.0,-276.0,-248.75,-227.70001220703125,-216.85000610351562,-146.43966674804688
1384,-276.0199890136719,0.0,0.0,0.5913848876953125,-276.0199890136719,-276.0,54.09805679321289,-374.0,-366.1000061035156,-340.0,-310.0,-276.0,-248.75,-227.70001220703125,-216.85000610351562,-146.43966674804688
1392,-276.1000061035156,0.0,0.0,0.5734013915061951,-276.1000061035156,-276.0,54.08502197265625,-374.0,-366.1000061035156,-340.0,-310.0,-276.0,-249.5,-227.70001220703125,-216.85000610351562,-146.43966674804688
1400,-276.1000061035156,0.0,0.0,0.5676593780517578,-276.1000061035156,-276.0,54.08502197265625,-374.0,-366.1000061035156,-340.0,-310.0,-276.0,-249.5,-227.70001220703125,-216.85000610351562,-146.43966674804688
1408,-276.1199951171875,0.0,0.0,0.5538528561592102,-276.1199951171875,-276.0,54.10679626464844,-374.0,-366.1000061035156,-340.0,-310.0,-276.0,-249.5,-227.70001220703125,-216.85000610351562,-146.43966674804688
1416,-276.1199951171875,0.0,0.0,0.5555569529533386,-276.1199951171875,-276.0,54.10679626464844,-374.0,-366.1000061035156,-340.0,-310.0,-276.0,-249.5,-227.70001220703125,-216.85000610351562,-146.43966674804688
1424,-276.239990234375,0.0,0.0,0.5454435348510742,-276.239990234375,-276.0,54.134483337402344,-374.0,-366.1000061035156,-340.0,-310.0,-276.0,-249.5,-227.70001220703125,-216.85000610351562,-146.43966674804688
1432,-276.2599792480469,0.0,0.0,0.5402555465698242,-276.260009765625,-276.0,54.13365173339844,-374.0,-366.1000061035156,-340.0,-310.0,-276.0,-249.5,-227.70001220703125,-216.85000610351562,-146.43966674804688
1440,-276.32000732421875,0.0,0.0,0.5375093221664429,-276.32000732421875,-276.0,54.09784698486328,-374.0,-366.1000061035156,-340.0,-310.0,-276.0,-249.5,-227.70001220703125,-216.85000610351562,-146.43966674804688
1448,-276.32000732421875,0.0,0.0,0.5276532173156738,-276.32000732421875,-276.0,54.09784698486328,-374.0,-366.1000061035156,-340.0,-310.0,-276.0,-249.5,-227.70001220703125,-216.85000610351562,-146.43966674804688
1456,-276.32000732421875,0.0,0.0,0.5173494815826416,-276.32000732421875,-276.0,54.09784698486328,-374.0,-366.1000061035156,-340.0,-310.0,-276.0,-249.5,-227.70001220703125,-216.85000610351562,-146.43966674804688
1464,-276.3399963378906,0.0,0.0,0.5098003149032593,-276.3399963378906,-276.0,54.10105514526367,-374.0,-366.1000061035156,-340.0,-310.0,-276.0,-249.5,-227.70001220703125,-216.85000610351562,-146.43966674804688
1472,-276.3599853515625,0.0,0.0,0.49954754114151,-276.3599853515625,-276.0,54.116825103759766,-374.0,-366.1000061035156,-340.0,-310.0,-276.0,-249.5,-227.70001220703125,-216.85000610351562,-146.43966674804688
1480,-276.44000244140625,0.0,0.0,0.5049588084220886,-276.44000244140625,-276.0,54.073341369628906,-374.0,-366.1000061035156,-340.0,-310.0,-276.0,-249.5,-227.70001220703125,-216.95001220703125,-146.43966674804688
1488,-276.44000244140625,0.0,0.0,0.4975068271160126,-276.44000244140625,-276.0,54.073341369628906,-374.0,-366.1000061035156,-340.0,-310.0,-276.0,-249.5,-227.70001220703125,-216.95001220703125,-146.43966674804688
1496,-276.4599914550781,0.0,0.0,0.4918728470802307,-276.4599914550781,-276.0,54.09721374511719,-374.0,-366.1000061035156,-340.20001220703125,-310.0,-276.0,-249.5,-227.70001220703125,-216.95001220703125,-146.43966674804688
1504,-276.4599914550781,0.0,0.0,0.4919111430644989,-276.4599914550781,-276.0,54.09721374511719,-374.0,-366.1000061035156,-340.20001220703125,-310.0,-276.0,-249.5,-227.70001220703125,-216.95001220703125,-146.43966674804688
1512,-276.47998046875,0.0,0.0,0.4862346649169922,-276.4800109863281,-276.0,54.08114242553711,-374.0,-366.1000061035156,-340.20001220703125,-310.0,-276.0,-249.5,-227.70001220703125,-216.95001220703125,-146.43966674804688
1520,-276.47998046875,0.0,0.0,0.4796706736087799,-276.4800109863281,-276.0,54.08114242553711,-374.0,-366.1000061035156,-340.20001220703125,-310.0,-276.0,-249.5,-227.70001220703125,-216.95001220703125,-146.43966674804688
1528,-276.5,0.0,0.0,0.4745614230632782,-276.5,-276.0,54.104251861572266,-374.0,-366.1000061035156,-340.20001220703125,-310.0,-276.0,-249.5,-227.70001220703125,-216.95001220703125,-146.43966674804688
1536,-276.5,0.0,0.0,0.4711408019065857,-276.5,-276.0,54.104251861572266,-374.0,-366.1000061035156,-340.20001220703125,-310.0,-276.0,-249.5,-227.70001220703125,-216.95001220703125,-146.43966674804688
1544,-276.5199890136719,0.0,0.0,0.47724512219429016,-276.5199890136719,-276.0,54.104434967041016,-374.0,-366.1000061035156,-340.20001220703125,-310.0,-276.0,-249.5,-227.70001220703125,-216.95001220703125,-146.43966674804688
1552,-276.5199890136719,0.0,0.0,0.4734656512737274,-276.5199890136719,-276.0,54.104434967041016,-374.0,-366.1000061035156,-340.20001220703125,-310.0,-276.0,-249.5,-227.70001220703125,-216.95001220703125,-146.43966674804688
1560,-276.5199890136719,0.0,0.0,0.46946486830711365,-276.5199890136719,-276.0,54.104434967041016,-374.0,-366.1000061035156,-340.20001220703125,-310.0,-276.0,-249.5,-227.70001220703125,-216.95001220703125,-146.43966674804688
1568,-276.55999755859375,0.0,0.0,0.475809782743454,-276.55999755859375,-276.0,54.12028884887695,-374.0,-366.1000061035156,-340.20001220703125,-310.0,-276.0,-249.5,-227.70001220703125,-216.95001220703125,-146.43966674804688
1576,-276.55999755859375,0.0,0.0,0.47556596994400024,-276.55999755859375,-276.0,54.12028884887695,-374.0,-366.1000061035156,-340.20001220703125,-310.0,-276.0,-249.5,-227.70001220703125,-216.95001220703125,-146.43966674804688
1584,-276.55999755859375,0.0,0.0,0.4679580628871918,-276.55999755859375,-276.0,54.12028884887695,-374.0,-366.1000061035156,-340.20001220703125,-310.0,-276.0,-249.5,-227.70001220703125,-216.95001220703125,-146.43966674804688
1592,-276.5799865722656,0.0,0.0,0.4552348554134369,-276.5799865722656,-276.0,54.12192916870117,-374.0,-366.1000061035156,-340.20001220703125,-310.0,-276.0,-249.5,-227.70001220703125,-216.95001220703125,-146.43966674804688
1600,-276.5799865722656,0.0,0.0,0.4511193037033081,-276.5799865722656,-276.0,54.12192916870117,-374.0,-366.1000061035156,-340.20001220703125,-310.0,-276.0,-249.5,-227.70001220703125,-216.95001220703125,-146.43966674804688
1608,-276.5799865722656,0.0,0.0,0.4310814440250397,-276.5799865722656,-276.0,54.12192916870117,-374.0,-366.1000061035156,-340.20001220703125,-310.0,-276.0,-249.5,-227.70001220703125,-216.95001220703125,-146.43966674804688
1616,-276.5799865722656,0.0,0.0,0.4281173646450043,-276.5799865722656,-276.0,54.12192916870117,-374.0,-366.1000061035156,-340.20001220703125,-310.0,-276.0,-249.5,-227.70001220703125,-216.95001220703125,-146.43966674804688
1624,-276.5799865722656,0.0,0.0,0.4290296137332916,-276.5799865722656,-276.0,54.12192916870117,-374.0,-366.1000061035156,-340.20001220703125,-310.0,-276.0,-249.5,-227.70001220703125,-216.95001220703125,-146.43966674804688
1632,-276.5799865722656,0.0,0.0,0.44098925590515137,-276.5799865722656,-276.0,54.12192916870117,-374.0,-366.1000061035156,-340.20001220703125,-310.0,-276.0,-249.5,-227.70001220703125,-216.95001220703125,-146.43966674804688
1640,-276.6000061035156,0.0,0.0,0.4417729079723358,-276.6000061035156,-276.0,54.11469268798828,-374.0,-366.1000061035156,-340.20001220703125,-310.0,-276.0,-249.5,-227.70001220703125,-216.95001220703125,-146.43966674804688
1648,-276.6199951171875,0.0,0.0,0.4440613389015198,-276.6199951171875,-276.0,54.107444763183594,-374.0,-366.1000061035156,-340.20001220703125,-310.0,-276.0,-249.5,-227.70001220703125,-216.95001220703125,-146.43966674804688
1656,-276.6199951171875,0.0,0.0,0.4472847580909729,-276.6199951171875,-276.0,54.107444763183594,-374.0,-366.1000061035156,-340.20001220703125,-310.0,-276.0,-249.5,-227.70001220703125,-216.95001220703125,-146.43966674804688
1664,-276.6199951171875,0.0,0.0,0.43628251552581787,-276.6199951171875,-276.0,54.107444763183594,-374.0,-366.1000061035156,-340.20001220703125,-310.0,-276.0,-249.5,-227.70001220703125,-216.95001220703125,-146.43966674804688
1672,-276.6399841308594,0.0,0.0,0.4383184611797333,-276.6400146484375,-276.0,54.123844146728516,-374.0,-366.1000061035156,-340.20001220703125,-310.0,-276.0,-249.5,-227.70001220703125,-216.95001220703125,-146.43966674804688
1680,-276.6999816894531,0.0,0.0,0.4389771521091461,-276.70001220703125,-276.0,54.13159942626953,-374.0,-366.1000061035156,-340.20001220703125,-310.0,-276.0,-249.5,-227.70001220703125,-216.95001220703125,-146.43966674804688
1688,-276.6999816894531,0.0,0.0,0.44375914335250854,-276.70001220703125,-276.0,54.13159942626953,-374.0,-366.1000061035156,-340.20001220703125,-310.0,-276.0,-249.5,-227.70001220703125,-216.95001220703125,-146.43966674804688
1696,-276.6999816894531,0.0,0.0,0.4471801519393921,-276.70001220703125,-276.0,54.13159942626953,-374.0,-366.1000061035156,-340.20001220703125,-310.0,-276.0,-249.5,-227.70001220703125,-216.95001220703125,-146.43966674804688
1704,-276.6999816894531,0.0,0.0,0.44929489493370056,-276.70001220703125,-276.0,54.13159942626953,-374.0,-366.1000061035156,-340.20001220703125,-310.0,-276.0,-249.5,-227.70001220703125,-216.95001220703125,-146.43966674804688
1712,-276.739990234375,0.0,0.0,0.4464866816997528,-276.739990234375,-276.0,54.142887115478516,-374.0,-366.1000061035156,-340.20001220703125,-310.0,-276.0,-249.5,-227.70001220703125,-216.95001220703125,-146.43966674804688
1720,-276.7599792480469,0.0,0.0,0.45072150230407715,-276.760009765625,-276.0,54.12339782714844,-374.0,-366.1000061035156,-340.20001220703125,-310.0,-276.0,-249.5,-227.70001220703125,-216.95001220703125,-146.43966674804688
1728,-276.7599792480469,0.0,0.0,0.4531729817390442,-276.760009765625,-276.0,54.12339782714844,-374.0,-366.1000061035156,-340.20001220703125,-310.0,-276.0,-249.5,-227.70001220703125,-216.95001220703125,-146.43966674804688
1736,-276.7599792480469,0.0,0.0,0.4394705593585968,-276.760009765625,-276.0,54.12339782714844,-374.0,-366.1000061035156,-340.20001220703125,-310.0,-276.0,-249.5,-227.70001220703125,-216.95001220703125,-146.43966674804688
1744,-276.7599792480469,0.0,0.0,0.4168856739997864,-276.760009765625,-276.0,54.12339782714844,-374.0,-366.1000061035156,-340.20001220703125,-310.0,-276.0,-249.5,-227.70001220703125,-216.95001220703125,-146.43966674804688
1752,-276.8399963378906,0.0,0.0,0.40719759464263916,-276.8399963378906,-276.0,54.154727935791016,-374.0,-366.1000061035156,-340.20001220703125,-310.0,-276.0,-249.5,-227.70001220703125,-216.95001220703125,-146.43966674804688
1760,-276.8399963378906,0.0,0.0,0.40086013078689575,-276.8399963378906,-276.0,54.154727935791016,-374.0,-366.1000061035156,-340.20001220703125,-310.0,-276.0,-249.5,-227.70001220703125,-216.95001220703125,-146.43966674804688
1768,-277.17999267578125,0.0,0.0,0.3898295760154724,-277.17999267578125,-276.0,52.94834518432617,-374.0,-366.1000061035156,-340.20001220703125,-310.0,-276.0,-249.5,-227.70001220703125,-216.95001220703125,-147.11981201171875
1776,-277.1999816894531,0.0,0.0,0.3773539364337921,-277.20001220703125,-276.0,52.9671630859375,-374.0,-366.1000061035156,-340.20001220703125,-310.0,-276.0,-249.5,-227.70001220703125,-216.95001220703125,-147.11981201171875
1784,-277.32000732421875,0.0,0.0,0.3875944912433624,-277.32000732421875,-276.0,52.937110900878906,-374.0,-366.1000061035156,-340.20001220703125,-310.0,-276.0,-249.5,-227.70001220703125,-216.95001220703125,-147.11981201171875
1792,-277.32000732421875,0.0,0.0,0.37081289291381836,-277.32000732421875,-276.0,52.937110900878906,-374.0,-366.1000061035156,-340.20001220703125,-310.0,-276.0,-249.5,-227.70001220703125,-216.95001220703125,-147.11981201171875
1800,-277.32000732421875,0.0,0.0,0.3738483488559723,-277.32000732421875,-276.0,52.937110900878906,-374.0,-366.1000061035156,-340.20001220703125,-310.0,-276.0,-249.5,-227.70001220703125,-216.95001220703125,-147.11981201171875
1808,-277.3399963378906,0.0,0.0,0.3829258382320404,-277.3399963378906,-276.0,52.956626892089844,-374.0,-366.1000061035156,-340.20001220703125,-310.0,-276.0,-249.5,-227.70001220703125,-216.95001220703125,-147.11981201171875
1816,-277.3399963378906,0.0,0.0,0.37631240487098694,-277.3399963378906,-276.0,52.956626892089844,-374.0,-366.1000061035156,-340.20001220703125,-310.0,-276.0,-249.5,-227.70001220703125,-216.95001220703125,-147.11981201171875
1824,-277.3399963378906,0.0,0.0,0.376968115568161,-277.3399963378906,-276.0,52.956626892089844,-374.0,-366.1000061035156,-340.20001220703125,-310.0,-276.0,-249.5,-227.70001220703125,-216.95001220703125,-147.11981201171875
1832,-277.3599853515625,0.0,0.0,0.38769790530204773,-277.3599853515625,-276.0,52.96027374267578,-374.0,-366.1000061035156,-340.20001220703125,-310.0,-276.0,-249.5,-227.70001220703125,-216.95001220703125,-147.11981201171875
1840,-277.3599853515625,0.0,0.0,0.39557337760925293,-277.3599853515625,-276.0,52.96027374267578,-374.0,-366.1000061035156,-340.20001220703125,-310.0,-276.0,-249.5,-227.70001220703125,-216.95001220703125,-147.11981201171875
1848,-277.3800048828125,0.0,0.0,0.40085873007774353,-277.3800048828125,-276.0,52.959373474121094,-374.0,-366.1000061035156,-340.20001220703125,-310.0,-276.0,-249.5,-227.70001220703125,-216.95001220703125,-147.11981201171875
1856,-277.41998291015625,0.0,0.0,0.36703571677207947,-277.4200134277344,-276.0,52.92129898071289,-374.0,-366.1000061035156,-340.20001220703125,-310.0,-276.0,-249.5,-228.89999389648438,-216.95001220703125,-147.11981201171875
1864,-277.41998291015625,0.0,0.0,0.3555670976638794,-277.4200134277344,-276.0,52.92129898071289,-374.0,-366.1000061035156,-340.20001220703125,-310.0,-276.0,-249.5,-228.89999389648438,-216.95001220703125,-147.11981201171875
1872,-277.41998291015625,0.0,0.0,0.35599279403686523,-277.4200134277344,-276.0,52.92129898071289,-374.0,-366.1000061035156,-340.20001220703125,-310.0,-276.0,-249.5,-228.89999389648438,-216.95001220703125,-147.11981201171875
1880,-277.5,0.0,0.0,0.34827175736427307,-277.5,-276.0,52.928157806396484,-374.0,-366.1000061035156,-340.20001220703125,-310.0,-276.0,-249.5,-228.89999389648438,-216.95001220703125,-147.11981201171875
1888,-277.5199890136719,0.0,0.0,0.355457067489624,-277.5199890136719,-276.0,52.92947769165039,-374.0,-366.1000061035156,-340.20001220703125,-310.0,-276.0,-249.5,-228.89999389648438,-216.95001220703125,-147.11981201171875
1896,-277.5199890136719,0.0,0.0,0.3545536994934082,-277.5199890136719,-276.0,52.92947769165039,-374.0,-366.1000061035156,-340.20001220703125,-310.0,-276.0,-249.5,-228.89999389648438,-216.95001220703125,-147.11981201171875
1904,-277.5199890136719,0.0,0.0,0.34842702746391296,-277.5199890136719,-276.0,52.92947769165039,-374.0,-366.1000061035156,-340.20001220703125,-310.0,-276.0,-249.5,-228.89999389648438,-216.95001220703125,-147.11981201171875
1912,-277.55999755859375,0.0,0.0,0.35596466064453125,-277.55999755859375,-276.0,52.72993469238281,-374.0,-366.1000061035156,-340.20001220703125,-310.0,-276.0,-249.5,-228.89999389648438,-216.95001220703125,-147.11981201171875
1920,-277.55999755859375,0.0,0.0,0.3653571605682373,-277.55999755859375,-276.0,52.72993469238281,-374.0,-366.1000061035156,-340.20001220703125,-310.0,-276.0,-249.5,-228.89999389648438,-216.95001220703125,-147.11981201171875
1928,-277.55999755859375,0.0,0.0,0.3716406524181366,-277.55999755859375,-276.0,52.72993469238281,-374.0,-366.1000061035156,-340.20001220703125,-310.0,-276.0,-249.5,-228.89999389648438,-216.95001220703125,-147.11981201171875
1936,-277.55999755859375,0.0,0.0,0.36939528584480286,-277.55999755859375,-276.0,52.72993469238281,-374.0,-366.1000061035156,-340.20001220703125,-310.0,-276.0,-249.5,-228.89999389648438,-216.95001220703125,-147.11981201171875
1944,-277.55999755859375,0.0,0.0,0.36550167202949524,-277.55999755859375,-276.0,52.72993469238281,-374.0,-366.1000061035156,-340.20001220703125,-310.0,-276.0,-249.5,-228.89999389648438,-216.95001220703125,-147.11981201171875
1952,-277.55999755859375,0.0,0.0,0.3593154847621918,-277.55999755859375,-276.0,52.72993469238281,-374.0,-366.1000061035156,-340.20001220703125,-310.0,-276.0,-249.5,-228.89999389648438,-216.95001220703125,-147.11981201171875
1960,-277.55999755859375,0.0,0.0,0.3624608516693115,-277.55999755859375,-276.0,52.72993469238281,-374.0,-366.1000061035156,-340.20001220703125,-310.0,-276.0,-249.5,-228.89999389648438,-216.95001220703125,-147.11981201171875
1968,-277.55999755859375,0.0,0.0,0.3625273108482361,-277.55999755859375,-276.0,52.72993469238281,-374.0,-366.1000061035156,-340.20001220703125,-310.0,-276.0,-249.5,-228.89999389648438,-216.95001220703125,-147.11981201171875
1976,-277.5799865722656,0.0,0.0,0.36709579825401306,-277.5799865722656,-276.0,52.7297248840332,-374.0,-366.1000061035156,-340.20001220703125,-310.0,-276.0,-249.5,-228.89999389648438,-216.95001220703125,-147.11981201171875
1984,-277.6600036621094,0.0,0.0,0.3692275285720825,-277.6600036621094,-276.0,52.67716979980469,-374.0,-366.1000061035156,-340.20001220703125,-310.0,-276.0,-249.5,-228.89999389648438,-216.95001220703125,-147.11981201171875
1992,-277.6600036621094,0.0,0.0,0.36920759081840515,-277.6600036621094,-276.0,52.67716979980469,-374.0,-366.1000061035156,-340.20001220703125,-310.0,-276.0,-249.5,-228.89999389648438,-216.95001220703125,-147.11981201171875
2000,-277.6999816894531,0.0,0.0,0.3697815537452698,-277.70001220703125,-276.0,52.65614700317383,-374.0,-366.1000061035156,-340.20001220703125,-310.0,-276.0,-250.75,-228.89999389648438,-216.95001220703125,-147.11981201171875
2008,-277.6999816894531,0.0,0.0,0.36396846175193787,-277.70001220703125,-276.0,52.65614700317383,-374.0,-366.1000061035156,-340.20001220703125,-310.0,-276.0,-250.75,-228.89999389648438,-216.95001220703125,-147.11981201171875
2016,-277.6999816894531,0.0,0.0,0.3623170852661133,-277.70001220703125,-276.0,52.65614700317383,-374.0,-366.1000061035156,-340.20001220703125,-310.0,-276.0,-250.75,-228.89999389648438,-216.95001220703125,-147.11981201171875
2024,-277.6999816894531,0.0,0.0,0.3586481511592865,-277.70001220703125,-276.0,52.65614700317383,-374.0,-366.1000061035156,-340.20001220703125,-310.0,-276.0,-250.75,-228.89999389648438,-216.95001220703125,-147.11981201171875
2032,-277.6999816894531,0.0,0.0,0.3507784307003021,-277.70001220703125,-276.0,52.65614700317383,-374.0,-366.1000061035156,-340.20001220703125,-310.0,-276.0,-250.75,-228.89999389648438,-216.95001220703125,-147.11981201171875
2040,-277.7200012207031,0.0,0.0,0.33387190103530884,-277.7200012207031,-276.0,52.66499328613281,-374.0,-366.1000061035156,-340.20001220703125,-310.0,-276.0,-250.75,-228.89999389648438,-216.95001220703125,-147.11981201171875
2048,-277.7200012207031,0.0,0.0,0.3294171392917633,-277.7200012207031,-276.0,52.66499328613281,-374.0,-366.1000061035156,-340.20001220703125,-310.0,-276.0,-250.75,-228.89999389648438,-216.95001220703125,-147.11981201171875
2056,-277.7200012207031,0.0,0.0,0.33042633533477783,-277.7200012207031,-276.0,52.66499328613281,-374.0,-366.1000061035156,-340.20001220703125,-310.0,-276.0,-250.75,-228.89999389648438,-216.95001220703125,-147.11981201171875
2064,-277.7200012207031,0.0,0.0,0.3360227048397064,-277.7200012207031,-276.0,52.66499328613281,-374.0,-366.1000061035156,-340.20001220703125,-310.0,-276.0,-250.75,-228.89999389648438,-216.95001220703125,-147.11981201171875
2072,-277.7200012207031,0.0,0.0,0.3431262969970703,-277.7200012207031,-276.0,52.66499328613281,-374.0,-366.1000061035156,-340.20001220703125,-310.0,-276.0,-250.75,-228.89999389648438,-216.95001220703125,-147.11981201171875
2080,-277.7200012207031,0.0,0.0,0.3315607011318207,-277.7200012207031,-276.0,52.66499328613281,-374.0,-366.1000061035156,-340.20001220703125,-310.0,-276.0,-250.75,-228.89999389648438,-216.95001220703125,-147.11981201171875
2088,-277.739990234375,0.0,0.0,0.34341859817504883,-277.739990234375,-276.0,52.66547775268555,-374.0,-366.1000061035156,-340.20001220703125,-310.0,-276.0,-250.75,-228.89999389648438,-216.95001220703125,-147.11981201171875
2096,-277.739990234375,0.0,0.0,0.33952391147613525,-277.739990234375,-276.0,52.66547775268555,-374.0,-366.1000061035156,-340.20001220703125,-310.0,-276.0,-250.75,-228.89999389648438,-216.95001220703125,-147.11981201171875
2104,-277.739990234375,0.0,0.0,0.33012551069259644,-277.739990234375,-276.0,52.66547775268555,-374.0,-366.1000061035156,-340.20001220703125,-310.0,-276.0,-250.75,-228.89999389648438,-216.95001220703125,-147.11981201171875
2112,-277.739990234375,0.0,0.0,0.3227640390396118,-277.739990234375,-276.0,52.66547775268555,-374.0,-366.1000061035156,-340.20001220703125,-310.0,-276.0,-250.75,-228.89999389648438,-216.95001220703125,-147.11981201171875
2120,-277.739990234375,0.0,0.0,0.32290762662887573,-277.739990234375,-276.0,52.66547775268555,-374.0,-366.1000061035156,-340.20001220703125,-310.0,-276.0,-250.75,-228.89999389648438,-216.95001220703125,-147.11981201171875
2128,-277.7599792480469,0.0,0.0,0.3145681619644165,-277.760009765625,-276.0,52.6750602722168,-374.0,-366.1000061035156,-340.20001220703125,-310.0,-276.0,-250.75,-228.89999389648438,-216.95001220703125,-147.11981201171875
2136,-277.7599792480469,0.0,0.0,0.31078651547431946,-277.760009765625,-276.0,52.6750602722168,-374.0,-366.1000061035156,-340.20001220703125,-310.0,-276.0,-250.75,-228.89999389648438,-216.95001220703125,-147.11981201171875
2144,-277.7599792480469,0.0,0.0,0.2928048074245453,-277.760009765625,-276.0,52.6750602722168,-374.0,-366.1000061035156,-340.20001220703125,-310.0,-276.0,-250.75,-228.89999389648438,-216.95001220703125,-147.11981201171875
2152,-277.7599792480469,0.0,0.0,0.2961762249469757,-277.760009765625,-276.0,52.6750602722168,-374.0,-366.1000061035156,-340.20001220703125,-310.0,-276.0,-250.75,-228.89999389648438,-216.95001220703125,-147.11981201171875
2160,-277.7599792480469,0.0,0.0,0.2923663556575775,-277.760009765625,-276.0,52.6750602722168,-374.0,-366.1000061035156,-340.20001220703125,-310.0,-276.0,-250.75,-228.89999389648438,-216.95001220703125,-147.11981201171875
2168,-277.7599792480469,0.0,0.0,0.28754112124443054,-277.760009765625,-276.0,52.6750602722168,-374.0,-366.1000061035156,-340.20001220703125,-310.0,-276.0,-250.75,-228.89999389648438,-216.95001220703125,-147.11981201171875
2176,-277.7599792480469,0.0,0.0,0.29755082726478577,-277.760009765625,-276.0,52.6750602722168,-374.0,-366.1000061035156,-340.20001220703125,-310.0,-276.0,-250.75,-228.89999389648438,-216.95001220703125,-147.11981201171875
2184,-277.7599792480469,0.0,0.0,0.29867303371429443,-277.760009765625,-276.0,52.6750602722168,-374.0,-366.1000061035156,-340.20001220703125,-310.0,-276.0,-250.75,-228.89999389648438,-216.95001220703125,-147.11981201171875
2192,-277.7599792480469,0.0,0.0,0.3060835599899292,-277.760009765625,-276.0,52.6750602722168,-374.0,-366.1000061035156,-340.20001220703125,-310.0,-276.0,-250.75,-228.89999389648438,-216.95001220703125,-147.11981201171875
2200,-277.7599792480469,0.0,0.0,0.2981812357902527,-277.760009765625,-276.0,52.6750602722168,-374.0,-366.1000061035156,-340.20001220703125,-310.0,-276.0,-250.75,-228.89999389648438,-216.95001220703125,-147.11981201171875
2208,-277.7599792480469,0.0,0.0,0.30267810821533203,-277.760009765625,-276.0,52.6750602722168,-374.0,-366.1000061035156,-340.20001220703125,-310.0,-276.0,-250.75,-228.89999389648438,-216.95001220703125,-147.11981201171875
2216,-277.7599792480469,0.0,0.0,0.29773038625717163,-277.760009765625,-276.0,52.6750602722168,-374.0,-366.1000061035156,-340.20001220703125,-310.0,-276.0,-250.75,-228.89999389648438,-216.95001220703125,-147.11981201171875
2224,-277.7799987792969,0.0,0.0,0.29901355504989624,-277.7799987792969,-276.0,52.67857360839844,-374.0,-366.1000061035156,-340.20001220703125,-310.0,-276.0,-250.75,-228.89999389648438,-216.95001220703125,-147.11981201171875
2232,-277.7799987792969,0.0,0.0,0.299717515707016,-277.7799987792969,-276.0,52.67857360839844,-374.0,-366.1000061035156,-340.20001220703125,-310.0,-276.0,-250.75,-228.89999389648438,-216.95001220703125,-147.11981201171875
2240,-277.79998779296875,0.0,0.0,0.30550622940063477,-277.79998779296875,-276.0,52.69117736816406,-374.0,-366.1000061035156,-340.20001220703125,-310.5,-276.0,-250.75,-228.89999389648438,-216.95001220703125,-147.11981201171875
2248,-277.79998779296875,0.0,0.0,0.3136223256587982,-277.79998779296875,-276.0,52.69117736816406,-374.0,-366.1000061035156,-340.20001220703125,-310.5,-276.0,-250.75,-228.89999389648438,-216.95001220703125,-147.11981201171875
2256,-277.82000732421875,0.0,0.0,0.29669439792633057,-277.82000732421875,-276.0,52.711360931396484,-374.0,-366.1000061035156,-340.20001220703125,-310.5,-276.0,-250.75,-228.89999389648438,-216.95001220703125,-147.11981201171875
2264,-277.8599853515625,0.0,0.0,0.2952078878879547,-277.8599853515625,-276.0,52.691749572753906,-374.0,-366.1000061035156,-340.20001220703125,-310.5,-276.0,-251.75,-228.89999389648438,-216.95001220703125,-147.11981201171875
2272,-277.8599853515625,0.0,0.0,0.29636380076408386,-277.8599853515625,-276.0,52.691749572753906,-374.0,-366.1000061035156,-340.20001220703125,-310.5,-276.0,-251.75,-228.89999389648438,-216.95001220703125,-147.11981201171875
2280,-277.8599853515625,0.0,0.0,0.2946886122226715,-277.8599853515625,-276.0,52.691749572753906,-374.0,-366.1000061035156,-340.20001220703125,-310.5,-276.0,-251.75,-228.89999389648438,-216.95001220703125,-147.11981201171875
2288,-277.8800048828125,0.0,0.0,0.29757654666900635,-277.8800048828125,-276.0,52.67433547973633,-374.0,-366.1000061035156,-340.20001220703125,-310.5,-276.0,-251.75,-228.89999389648438,-216.95001220703125,-147.11981201171875
2296,-277.8999938964844,0.0,0.0,0.29749152064323425,-277.8999938964844,-276.0,52.669822692871094,-374.0,-366.1000061035156,-340.20001220703125,-310.5,-276.0,-251.75,-228.89999389648438,-216.95001220703125,-147.11981201171875
2304,-277.8999938964844,0.0,0.0,0.3006742298603058,-277.8999938964844,-276.0,52.669822692871094,-374.0,-366.1000061035156,-340.20001220703125,-310.5,-276.0,-251.75,-228.89999389648438,-216.95001220703125,-147.11981201171875
2312,-277.8999938964844,0.0,0.0,0.289334774017334,-277.8999938964844,-276.0,52.669822692871094,-374.0,-366.1000061035156,-340.20001220703125,-310.5,-276.0,-251.75,-228.89999389648438,-216.95001220703125,-147.11981201171875
2320,-277.8999938964844,0.0,0.0,0.2892897427082062,-277.8999938964844,-276.0,52.669822692871094,-374.0,-366.1000061035156,-340.20001220703125,-310.5,-276.0,-251.75,-228.89999389648438,-216.95001220703125,-147.11981201171875
2328,-277.8999938964844,0.0,0.0,0.29222479462623596,-277.8999938964844,-276.0,52.669822692871094,-374.0,-366.1000061035156,-340.20001220703125,-310.5,-276.0,-251.75,-228.89999389648438,-216.95001220703125,-147.11981201171875
2336,-277.94000244140625,0.0,0.0,0.29186132550239563,-277.94000244140625,-276.0,52.63797378540039,-374.0,-366.1000061035156,-340.20001220703125,-310.5,-276.0,-251.75,-228.89999389648438,-216.95001220703125,-147.11981201171875
2344,-277.94000244140625,0.0,0.0,0.2955339252948761,-277.94000244140625,-276.0,52.63797378540039,-374.0,-366.1000061035156,-340.20001220703125,-310.5,-276.0,-251.75,-228.89999389648438,-216.95001220703125,-147.11981201171875
2352,-278.0,0.0,0.0,0.2951846122741699,-278.0,-276.0,52.618629455566406,-374.0,-366.1000061035156,-340.20001220703125,-310.5,-276.0,-251.75,-228.89999389648438,-216.95001220703125,-147.11981201171875
2360,-278.0,0.0,0.0,0.29068660736083984,-278.0,-276.0,52.618629455566406,-374.0,-366.1000061035156,-340.20001220703125,-310.5,-276.0,-251.75,-228.89999389648438,-216.95001220703125,-147.11981201171875
2368,-278.0199890136719,0.0,0.0,0.29444611072540283,-278.0199890136719,-277.0,52.61824417114258,-374.0,-366.1000061035156,-340.20001220703125,-310.5,-277.0,-251.75,-228.89999389648438,-216.95001220703125,-147.11981201171875
2376,-278.0199890136719,0.0,0.0,0.29444560408592224,-278.0199890136719,-277.0,52.61824417114258,-374.0,-366.1000061035156,-340.20001220703125,-310.5,-277.0,-251.75,-228.89999389648438,-216.95001220703125,-147.11981201171875
2384,-278.0199890136719,0.0,0.0,0.2976255416870117,-278.0199890136719,-277.0,52.61824417114258,-374.0,-366.1000061035156,-340.20001220703125,-310.5,-277.0,-251.75,-228.89999389648438,-216.95001220703125,-147.11981201171875
2392,-278.0199890136719,0.0,0.0,0.2901042401790619,-278.0199890136719,-277.0,52.61824417114258,-374.0,-366.1000061035156,-340.20001220703125,-310.5,-277.0,-251.75,-228.89999389648438,-216.95001220703125,-147.11981201171875
2400,-278.0199890136719,0.0,0.0,0.28633537888526917,-278.0199890136719,-277.0,52.61824417114258,-374.0,-366.1000061035156,-340.20001220703125,-310.5,-277.0,-251.75,-228.89999389648438,-216.95001220703125,-147.11981201171875
2408,-278.0400085449219,0.0,0.0,0.2923640310764313,-278.0400085449219,-277.0,52.615570068359375,-374.0,-366.1000061035156,-340.20001220703125,-310.5,-277.0,-251.75,-228.89999389648438,-216.95001220703125,-147.11981201171875
2416,-278.0400085449219,0.0,0.0,0.2871350944042206,-278.0400085449219,-277.0,52.615570068359375,-374.0,-366.1000061035156,-340.20001220703125,-310.5,-277.0,-251.75,-228.89999389648438,-216.95001220703125,-147.11981201171875
2424,-278.0400085449219,0.0,0.0,0.2867581844329834,-278.0400085449219,-277.0,52.615570068359375,-374.0,-366.1000061035156,-340.20001220703125,-310.5,-277.0,-251.75,-228.89999389648438,-216.95001220703125,-147.11981201171875
2432,-278.0400085449219,0.0,0.0,0.2844909131526947,-278.0400085449219,-277.0,52.615570068359375,-374.0,-366.1000061035156,-340.20001220703125,-310.5,-277.0,-251.75,-228.89999389648438,-216.95001220703125,-147.11981201171875
2440,-278.05999755859375,0.0,0.0,0.2852706015110016,-278.05999755859375,-277.0,52.6098518371582,-374.0,-366.1000061035156,-340.20001220703125,-310.5,-277.0,-251.75,-228.89999389648438,-216.95001220703125,-147.11981201171875
2448,-278.05999755859375,0.0,0.0,0.28309527039527893,-278.05999755859375,-277.0,52.6098518371582,-374.0,-366.1000061035156,-340.20001220703125,-310.5,-277.0,-251.75,-228.89999389648438,-216.95001220703125,-147.11981201171875
2456,-278.0799865722656,0.0,0.0,0.27342504262924194,-278.0799865722656,-277.0,52.619327545166016,-374.0,-366.1000061035156,-340.20001220703125,-310.5,-277.0,-251.75,-228.89999389648438,-216.95001220703125,-147.11981201171875
2464,-278.0799865722656,0.0,0.0,0.2704639434814453,-278.0799865722656,-277.0,52.619327545166016,-374.0,-366.1000061035156,-340.20001220703125,-310.5,-277.0,-251.75,-228.89999389648438,-216.95001220703125,-147.11981201171875
2472,-278.0799865722656,0.0,0.0,0.26935458183288574,-278.0799865722656,-277.0,52.619327545166016,-374.0,-366.1000061035156,-340.20001220703125,-310.5,-277.0,-251.75,-228.89999389648438,-216.95001220703125,-147.11981201171875
2480,-278.0799865722656,0.0,0.0,0.26897168159484863,-278.0799865722656,-277.0,52.619327545166016,-374.0,-366.1000061035156,-340.20001220703125,-310.5,-277.0,-251.75,-228.89999389648438,-216.95001220703125,-147.11981201171875
2488,-278.1000061035156,0.0,0.0,0.26923897862434387,-278.1000061035156,-277.0,52.622711181640625,-374.0,-366.1000061035156,-340.20001220703125,-310.5,-277.0,-251.75,-228.89999389648438,-216.95001220703125,-147.11981201171875
2496,-278.1000061035156,0.0,0.0,0.2728450894355774,-278.1000061035156,-277.0,52.622711181640625,-374.0,-366.1000061035156,-340.20001220703125,-310.5,-277.0,-251.75,-228.89999389648438,-216.95001220703125,-147.11981201171875
2504,-278.1000061035156,0.0,0.0,0.27496394515037537,-278.1000061035156,-277.0,52.622711181640625,-374.0,-366.1000061035156,-340.20001220703125,-310.5,-277.0,-251.75,-228.89999389648438,-216.95001220703125,-147.11981201171875
2512,-278.1000061035156,0.0,0.0,0.27047795057296753,-278.1000061035156,-277.0,52.622711181640625,-374.0,-366.1000061035156,-340.20001220703125,-310.5,-277.0,-251.75,-228.89999389648438,-216.95001220703125,-147.11981201171875
2520,-278.1000061035156,0.0,0.0,0.2703815698623657,-278.1000061035156,-277.0,52.622711181640625,-374.0,-366.1000061035156,-340.20001220703125,-310.5,-277.0,-251.75,-228.89999389648438,-216.95001220703125,-147.11981201171875
2528,-278.1000061035156,0.0,0.0,0.26411673426628113,-278.1000061035156,-277.0,52.622711181640625,-374.0,-366.1000061035156,-340.20001220703125,-310.5,-277.0,-251.75,-228.89999389648438,-216.95001220703125,-147.11981201171875
2536,-278.1000061035156,0.0,0.0,0.26552680134773254,-278.1000061035156,-277.0,52.622711181640625,-374.0,-366.1000061035156,-340.20001220703125,-310.5,-277.0,-251.75,-228.89999389648438,-216.95001220703125,-147.11981201171875
2544,-278.1000061035156,0.0,0.0,0.25326886773109436,-278.1000061035156,-277.0,52.622711181640625,-374.0,-366.1000061035156,-340.20001220703125,-310.5,-277.0,-251.75,-228.89999389648438,-216.95001220703125,-147.11981201171875
2552,-278.1000061035156,0.0,0.0,0.25886446237564087,-278.1000061035156,-277.0,52.622711181640625,-374.0,-366.1000061035156,-340.20001220703125,-310.5,-277.0,-251.75,-228.89999389648438,-216.95001220703125,-147.11981201171875
2560,-278.1000061035156,0.0,0.0,0.25005823373794556,-278.1000061035156,-277.0,52.622711181640625,-374.0,-366.1000061035156,-340.20001220703125,-310.5,-277.0,-251.75,-228.89999389648438,-216.95001220703125,-147.11981201171875
2568,-278.1199951171875,0.0,0.0,0.2511458992958069,-278.1199951171875,-277.0,52.6397705078125,-374.0,-366.1000061035156,-340.20001220703125,-310.5,-277.0,-251.75,-228.89999389648438,-216.95001220703125,-147.11981201171875
2576,-278.1199951171875,0.0,0.0,0.25247400999069214,-278.1199951171875,-277.0,52.6397705078125,-374.0,-366.1000061035156,-340.20001220703125,-310.5,-277.0,-251.75,-228.89999389648438,-216.95001220703125,-147.11981201171875
2584,-278.1199951171875,0.0,0.0,0.253028929233551,-278.1199951171875,-277.0,52.6397705078125,-374.0,-366.1000061035156,-340.20001220703125,-310.5,-277.0,-251.75,-228.89999389648438,-216.95001220703125,-147.11981201171875
2592,-278.1600036621094,0.0,0.0,0.2526617646217346,-278.1600036621094,-277.0,52.61762237548828,-374.0,-366.1000061035156,-340.20001220703125,-310.5,-277.0,-251.75,-228.89999389648438,-216.95001220703125,-147.11981201171875
2600,-278.1600036621094,0.0,0.0,0.25231483578681946,-278.1600036621094,-277.0,52.61762237548828,-374.0,-366.1000061035156,-340.20001220703125,-310.5,-277.0,-251.75,-228.89999389648438,-216.95001220703125,-147.11981201171875
2608,-278.17999267578125,0.0,0.0,0.2541901767253876,-278.17999267578125,-277.0,52.617942810058594,-374.0,-366.1000061035156,-340.20001220703125,-310.5,-277.0,-251.75,-228.89999389648438,-216.95001220703125,-147.11981201171875
2616,-278.17999267578125,0.0,0.0,0.25520405173301697,-278.17999267578125,-277.0,52.617942810058594,-374.0,-366.1000061035156,-340.20001220703125,-310.5,-277.0,-251.75,-228.89999389648438,-216.95001220703125,-147.11981201171875
2624,-278.17999267578125,0.0,0.0,0.25649988651275635,-278.17999267578125,-277.0,52.617942810058594,-374.0,-366.1000061035156,-340.20001220703125,-310.5,-277.0,-251.75,-228.89999389648438,-216.95001220703125,-147.11981201171875
2632,-278.17999267578125,0.0,0.0,0.254560261964798,-278.17999267578125,-277.0,52.617942810058594,-374.0,-366.1000061035156,-340.20001220703125,-310.5,-277.0,-251.75,-228.89999389648438,-216.95001220703125,-147.11981201171875
2640,-278.17999267578125,0.0,0.0,0.2562865912914276,-278.17999267578125,-277.0,52.617942810058594,-374.0,-366.1000061035156,-340.20001220703125,-310.5,-277.0,-251.75,-228.89999389648438,-216.95001220703125,-147.11981201171875
2648,-278.239990234375,0.0,0.0,0.25574588775634766,-278.239990234375,-277.0,52.472679138183594,-374.0,-366.1000061035156,-340.20001220703125,-310.5,-277.0,-251.75,-228.89999389648438,-216.95001220703125,-152.99978637695312
2656,-278.2599792480469,0.0,0.0,0.2507498860359192,-278.260009765625,-277.0,52.45695495605469,-374.0,-366.1000061035156,-340.20001220703125,-310.5,-277.0,-251.75,-228.89999389648438,-216.95001220703125,-152.99978637695312
2664,-278.2599792480469,0.0,0.0,0.2534874379634857,-278.260009765625,-277.0,52.45695495605469,-374.0,-366.1000061035156,-340.20001220703125,-310.5,-277.0,-251.75,-228.89999389648438,-216.95001220703125,-152.99978637695312
2672,-278.2599792480469,0.0,0.0,0.26120060682296753,-278.260009765625,-277.0,52.45695495605469,-374.0,-366.1000061035156,-340.20001220703125,-310.5,-277.0,-251.75,-228.89999389648438,-216.95001220703125,-152.99978637695312
2680,-278.2599792480469,0.0,0.0,0.2587387263774872,-278.260009765625,-277.0,52.45695495605469,-374.0,-366.1000061035156,-340.20001220703125,-310.5,-277.0,-251.75,-228.89999389648438,-216.95001220703125,-152.99978637695312
2688,-278.2599792480469,0.0,0.0,0.2558482587337494,-278.260009765625,-277.0,52.45695495605469,-374.0,-366.1000061035156,-340.20001220703125,-310.5,-277.0,-251.75,-228.89999389648438,-216.95001220703125,-152.99978637695312
2696,-278.2599792480469,0.0,0.0,0.25485146045684814,-278.260009765625,-277.0,52.45695495605469,-374.0,-366.1000061035156,-340.20001220703125,-310.5,-277.0,-251.75,-228.89999389648438,-216.95001220703125,-152.99978637695312
2704,-278.2599792480469,0.0,0.0,0.25197479128837585,-278.260009765625,-277.0,52.45695495605469,-374.0,-366.1000061035156,-340.20001220703125,-310.5,-277.0,-251.75,-228.89999389648438,-216.95001220703125,-152.99978637695312
2712,-278.2599792480469,0.0,0.0,0.25434619188308716,-278.260009765625,-277.0,52.45695495605469,-374.0,-366.1000061035156,-340.20001220703125,-310.5,-277.0,-251.75,-228.89999389648438,-216.95001220703125,-152.99978637695312
2720,-278.2599792480469,0.0,0.0,0.2547094225883484,-278.260009765625,-277.0,52.45695495605469,-374.0,-366.1000061035156,-340.20001220703125,-310.5,-277.0,-251.75,-228.89999389648438,-216.95001220703125,-152.99978637695312
2728,-278.2599792480469,0.0,0.0,0.2519533038139343,-278.260009765625,-277.0,52.45695495605469,-374.0,-366.1000061035156,-340.20001220703125,-310.5,-277.0,-251.75,-228.89999389648438,-216.95001220703125,-152.99978637695312
2736,-278.2599792480469,0.0,0.0,0.25116169452667236,-278.260009765625,-277.0,52.45695495605469,-374.0,-366.1000061035156,-340.20001220703125,-310.5,-277.0,-251.75,-228.89999389648438,-216.95001220703125,-152.99978637695312
2744,-278.2599792480469,0.0,0.0,0.2523616850376129,-278.260009765625,-277.0,52.45695495605469,-374.0,-366.1000061035156,-340.20001220703125,-310.5,-277.0,-251.75,-228.89999389648438,-216.95001220703125,-152.99978637695312
2752,-278.2599792480469,0.0,0.0,0.2538806200027466,-278.260009765625,-277.0,52.45695495605469,-374.0,-366.1000061035156,-340.20001220703125,-310.5,-277.0,-251.75,-228.89999389648438,-216.95001220703125,-152.99978637695312
2760,-278.2599792480469,0.0,0.0,0.2564834654331207,-278.260009765625,-277.0,52.45695495605469,-374.0,-366.1000061035156,-340.20001220703125,-310.5,-277.0,-251.75,-228.89999389648438,-216.95001220703125,-152.99978637695312
2768,-278.2599792480469,0.0,0.0,0.2531794011592865,-278.260009765625,-277.0,52.45695495605469,-374.0,-366.1000061035156,-340.20001220703125,-310.5,-277.0,-251.75,-228.89999389648438,-216.95001220703125,-152.99978637695312
2776,-278.2599792480469,0.0,0.0,0.25611254572868347,-278.260009765625,-277.0,52.45695495605469,-374.0,-366.1000061035156,-340.20001220703125,-310.5,-277.0,-251.75,-228.89999389648438,-216.95001220703125,-152.99978637695312
2784,-278.2599792480469,0.0,0.0,0.25719091296195984,-278.260009765625,-277.0,52.45695495605469,-374.0,-366.1000061035156,-340.20001220703125,-310.5,-277.0,-251.75,-228.89999389648438,-216.95001220703125,-152.99978637695312
2792,-278.29998779296875,0.0,0.0,0.2551251947879791,-278.29998779296875,-277.0,52.43767547607422,-374.0,-366.1000061035156,-340.20001220703125,-310.5,-277.0,-253.5,-228.89999389648438,-216.95001220703125,-152.99978637695312
2800,-278.29998779296875,0.0,0.0,0.25473037362098694,-278.29998779296875,-277.0,52.43767547607422,-374.0,-366.1000061035156,-340.20001220703125,-310.5,-277.0,-253.5,-228.89999389648438,-216.95001220703125,-152.99978637695312
2808,-278.29998779296875,0.0,0.0,0.24656912684440613,-278.29998779296875,-277.0,52.43767547607422,-374.0,-366.1000061035156,-340.20001220703125,-310.5,-277.0,-253.5,-228.89999389648438,-216.95001220703125,-152.99978637695312
2816,-278.29998779296875,0.0,0.0,0.24958202242851257,-278.29998779296875,-277.0,52.43767547607422,-374.0,-366.1000061035156,-340.20001220703125,-310.5,-277.0,-253.5,-228.89999389648438,-216.95001220703125,-152.99978637695312
2824,-278.29998779296875,0.0,0.0,0.25187477469444275,-278.29998779296875,-277.0,52.43767547607422,-374.0,-366.1000061035156,-340.20001220703125,-310.5,-277.0,-253.5,-228.89999389648438,-216.95001220703125,-152.99978637695312
2832,-278.29998779296875,0.0,0.0,0.25054261088371277,-278.29998779296875,-277.0,52.43767547607422,-374.0,-366.1000061035156,-340.20001220703125,-310.5,-277.0,-253.5,-228.89999389648438,-216.95001220703125,-152.99978637695312
2840,-278.32000732421875,0.0,0.0,0.246524840593338,-278.32000732421875,-277.0,52.37153244018555,-374.0,-366.1000061035156,-340.20001220703125,-310.5,-277.0,-253.5,-228.89999389648438,-216.95001220703125,-153.039794921875
2848,-278.32000732421875,0.0,0.0,0.2499558925628662,-278.32000732421875,-277.0,52.37153244018555,-374.0,-366.1000061035156,-340.20001220703125,-310.5,-277.0,-253.5,-228.89999389648438,-216.95001220703125,-153.039794921875
2856,-278.32000732421875,0.0,0.0,0.2472963035106659,-278.32000732421875,-277.0,52.37153244018555,-374.0,-366.1000061035156,-340.20001220703125,-310.5,-277.0,-253.5,-228.89999389648438,-216.95001220703125,-153.039794921875
2864,-278.32000732421875,0.0,0.0,0.24299311637878418,-278.32000732421875,-277.0,52.37153244018555,-374.0,-366.1000061035156,-340.20001220703125,-310.5,-277.0,-253.5,-228.89999389648438,-216.95001220703125,-153.039794921875
2872,-278.32000732421875,0.0,0.0,0.24995796382427216,-278.32000732421875,-277.0,52.37153244018555,-374.0,-366.1000061035156,-340.20001220703125,-310.5,-277.0,-253.5,-228.89999389648438,-216.95001220703125,-153.039794921875
2880,-278.32000732421875,0.0,0.0,0.24879465997219086,-278.32000732421875,-277.0,52.37153244018555,-374.0,-366.1000061035156,-340.20001220703125,-310.5,-277.0,-253.5,-228.89999389648438,-216.95001220703125,-153.039794921875
2888,-278.3399963378906,0.0,0.0,0.24705862998962402,-278.3399963378906,-277.0,52.36415481567383,-374.0,-366.1000061035156,-340.20001220703125,-310.5,-277.0,-253.5,-228.89999389648438,-216.95001220703125,-153.039794921875
2896,-278.3399963378906,0.0,0.0,0.24603579938411713,-278.3399963378906,-277.0,52.36415481567383,-374.0,-366.1000061035156,-340.20001220703125,-310.5,-277.0,-253.5,-228.89999389648438,-216.95001220703125,-153.039794921875
2904,-278.3800048828125,0.0,0.0,0.24641025066375732,-278.3800048828125,-277.0,52.382205963134766,-374.0,-366.1000061035156,-340.20001220703125,-310.5,-277.0,-253.5,-228.89999389648438,-216.95001220703125,-153.039794921875
2912,-278.3800048828125,0.0,0.0,0.24962981045246124,-278.3800048828125,-277.0,52.382205963134766,-374.0,-366.1000061035156,-340.20001220703125,-310.5,-277.0,-253.5,-228.89999389648438,-216.95001220703125,-153.039794921875
2920,-278.3800048828125,0.0,0.0,0.2508954703807831,-278.3800048828125,-277.0,52.382205963134766,-374.0,-366.1000061035156,-340.20001220703125,-310.5,-277.0,-253.5,-228.89999389648438,-216.95001220703125,-153.039794921875
2928,-278.3800048828125,0.0,0.0,0.2521977126598358,-278.3800048828125,-277.0,52.382205963134766,-374.0,-366.1000061035156,-340.20001220703125,-310.5,-277.0,-253.5,-228.89999389648438,-216.95001220703125,-153.039794921875
2936,-278.3800048828125,0.0,0.0,0.2540513575077057,-278.3800048828125,-277.0,52.382205963134766,-374.0,-366.1000061035156,-340.20001220703125,-310.5,-277.0,-253.5,-228.89999389648438,-216.95001220703125,-153.039794921875
2944,-278.3800048828125,0.0,0.0,0.2587103843688965,-278.3800048828125,-277.0,52.382205963134766,-374.0,-366.1000061035156,-340.20001220703125,-310.5,-277.0,-253.5,-228.89999389648438,-216.95001220703125,-153.039794921875
2952,-278.3800048828125,0.0,0.0,0.26859089732170105,-278.3800048828125,-277.0,52.382205963134766,-374.0,-366.1000061035156,-340.20001220703125,-310.5,-277.0,-253.5,-228.89999389648438,-216.95001220703125,-153.039794921875
2960,-278.3800048828125,0.0,0.0,0.2648409903049469,-278.3800048828125,-277.0,52.382205963134766,-374.0,-366.1000061035156,-340.20001220703125,-310.5,-277.0,-253.5,-228.89999389648438,-216.95001220703125,-153.039794921875
2968,-278.3800048828125,0.0,0.0,0.25853148102760315,-278.3800048828125,-277.0,52.382205963134766,-374.0,-366.1000061035156,-340.20001220703125,-310.5,-277.0,-253.5,-228.89999389648438,-216.95001220703125,-153.039794921875
2976,-278.44000244140625,0.0,0.0,0.2608734369277954,-278.44000244140625,-278.0,52.378299713134766,-374.0,-366.1000061035156,-340.20001220703125,-310.5,-278.0,-253.5,-228.89999389648438,-216.95001220703125,-153.039794921875
2984,-278.44000244140625,0.0,0.0,0.2689386308193207,-278.44000244140625,-278.0,52.378299713134766,-374.0,-366.1000061035156,-340.20001220703125,-310.5,-278.0,-253.5,-228.89999389648438,-216.95001220703125,-153.039794921875
2992,-278.44000244140625,0.0,0.0,0.26677557826042175,-278.44000244140625,-278.0,52.378299713134766,-374.0,-366.1000061035156,-340.20001220703125,-310.5,-278.0,-253.5,-228.89999389648438,-216.95001220703125,-153.039794921875
3000,-278.44000244140625,0.0,0.0,0.26387473940849304,-278.44000244140625,-278.0,52.378299713134766,-374.0,-366.1000061035156,-340.20001220703125,-310.5,-278.0,-253.5,-228.89999389648438,-216.95001220703125,-153.039794921875
3008,-278.47998046875,0.0,0.0,0.25518399477005005,-278.4800109863281,-278.0,52.247962951660156,-374.0,-366.1000061035156,-340.20001220703125,-310.5,-278.0,-253.5,-228.89999389648438,-216.95001220703125,-153.11981201171875
3016,-278.47998046875,0.0,0.0,0.2789677679538727,-278.4800109863281,-278.0,52.247962951660156,-374.0,-366.1000061035156,-340.20001220703125,-310.5,-278.0,-253.5,-228.89999389648438,-216.95001220703125,-153.11981201171875
3024,-278.47998046875,0.0,0.0,0.28053349256515503,-278.4800109863281,-278.0,52.247962951660156,-374.0,-366.1000061035156,-340.20001220703125,-310.5,-278.0,-253.5,-228.89999389648438,-216.95001220703125,-153.11981201171875
3032,-278.47998046875,0.0,0.0,0.27761200070381165,-278.4800109863281,-278.0,52.247962951660156,-374.0,-366.1000061035156,-340.20001220703125,-310.5,-278.0,-253.5,-228.89999389648438,-216.95001220703125,-153.11981201171875
3040,-278.47998046875,0.0,0.0,0.2698153555393219,-278.4800109863281,-278.0,52.247962951660156,-374.0,-366.1000061035156,-340.20001220703125,-310.5,-278.0,-253.5,-228.89999389648438,-216.95001220703125,-153.11981201171875
3048,-278.5199890136719,0.0,0.0,0.2689363658428192,-278.5199890136719,-278.0,52.15409851074219,-374.0,-366.1000061035156,-340.20001220703125,-310.5,-278.0,-253.5,-228.89999389648438,-216.95001220703125,-157.039794921875
3056,-278.5199890136719,0.0,0.0,0.26727133989334106,-278.5199890136719,-278.0,52.15409851074219,-374.0,-366.1000061035156,-340.20001220703125,-310.5,-278.0,-253.5,-228.89999389648438,-216.95001220703125,-157.039794921875
3064,-278.5199890136719,0.0,0.0,0.26294440031051636,-278.5199890136719,-278.0,52.15409851074219,-374.0,-366.1000061035156,-340.20001220703125,-310.5,-278.0,-253.5,-228.89999389648438,-216.95001220703125,-157.039794921875
3072,-278.5199890136719,0.0,0.0,0.2629457712173462,-278.5199890136719,-278.0,52.15409851074219,-374.0,-366.1000061035156,-340.20001220703125,-310.5,-278.0,-253.5,-228.89999389648438,-216.95001220703125,-157.039794921875
3080,-278.5199890136719,0.0,0.0,0.26006758213043213,-278.5199890136719,-278.0,52.15409851074219,-374.0,-366.1000061035156,-340.20001220703125,-310.5,-278.0,-253.5,-228.89999389648438,-216.95001220703125,-157.039794921875
3088,-278.5199890136719,0.0,0.0,0.2605874538421631,-278.5199890136719,-278.0,52.15409851074219,-374.0,-366.1000061035156,-340.20001220703125,-310.5,-278.0,-253.5,-228.89999389648438,-216.95001220703125,-157.039794921875
3096,-278.5199890136719,0.0,0.0,0.2516796290874481,-278.5199890136719,-278.0,52.15409851074219,-374.0,-366.1000061035156,-340.20001220703125,-310.5,-278.0,-253.5,-228.89999389648438,-216.95001220703125,-157.039794921875
3104,-278.5199890136719,0.0,0.0,0.25325360894203186,-278.5199890136719,-278.0,52.15409851074219,-374.0,-366.1000061035156,-340.20001220703125,-310.5,-278.0,-253.5,-228.89999389648438,-216.95001220703125,-157.039794921875
3112,-278.5400085449219,0.0,0.0,0.2511063516139984,-278.5400085449219,-278.0,52.171913146972656,-374.0,-366.1000061035156,-340.20001220703125,-310.5,-278.0,-253.5,-228.89999389648438,-216.95001220703125,-157.039794921875
3120,-278.5400085449219,0.0,0.0,0.2565491497516632,-278.5400085449219,-278.0,52.171913146972656,-374.0,-366.1000061035156,-340.20001220703125,-310.5,-278.0,-253.5,-228.89999389648438,-216.95001220703125,-157.039794921875
3128,-278.5400085449219,0.0,0.0,0.25329825282096863,-278.5400085449219,-278.0,52.171913146972656,-374.0,-366.1000061035156,-340.20001220703125,-310.5,-278.0,-253.5,-228.89999389648438,-216.95001220703125,-157.039794921875
3136,-278.5400085449219,0.0,0.0,0.25957050919532776,-278.5400085449219,-278.0,52.171913146972656,-374.0,-366.1000061035156,-340.20001220703125,-310.5,-278.0,-253.5,-228.89999389648438,-216.95001220703125,-157.039794921875
3144,-278.5400085449219,0.0,0.0,0.2573854327201843,-278.5400085449219,-278.0,52.171913146972656,-374.0,-366.1000061035156,-340.20001220703125,-310.5,-278.0,-253.5,-228.89999389648438,-216.95001220703125,-157.039794921875
3152,-278.5400085449219,0.0,0.0,0.2620454728603363,-278.5400085449219,-278.0,52.171913146972656,-374.0,-366.1000061035156,-340.20001220703125,-310.5,-278.0,-253.5,-228.89999389648438,-216.95001220703125,-157.039794921875
3160,-278.5400085449219,0.0,0.0,0.2572866380214691,-278.5400085449219,-278.0,52.171913146972656,-374.0,-366.1000061035156,-340.20001220703125,-310.5,-278.0,-253.5,-228.89999389648438,-216.95001220703125,-157.039794921875
3168,-278.5400085449219,0.0,0.0,0.252424418926239,-278.5400085449219,-278.0,52.171913146972656,-374.0,-366.1000061035156,-340.20001220703125,-310.5,-278.0,-253.5,-228.89999389648438,-216.95001220703125,-157.039794921875
3176,-278.5400085449219,0.0,0.0,0.25295490026474,-278.5400085449219,-278.0,52.171913146972656,-374.0,-366.1000061035156,-340.20001220703125,-310.5,-278.0,-253.5,-228.89999389648438,-216.95001220703125,-157.039794921875
3184,-278.5400085449219,0.0,0.0,0.24968747794628143,-278.5400085449219,-278.0,52.171913146972656,-374.0,-366.1000061035156,-340.20001220703125,-310.5,-278.0,-253.5,-228.89999389648438,-216.95001220703125,-157.039794921875
3192,-278.5400085449219,0.0,0.0,0.2536385655403137,-278.5400085449219,-278.0,52.171913146972656,-374.0,-366.1000061035156,-340.20001220703125,-310.5,-278.0,-253.5,-228.89999389648438,-216.95001220703125,-157.039794921875
3200,-278.5400085449219,0.0,0.0,0.24770590662956238,-278.5400085449219,-278.0,52.171913146972656,-374.0,-366.1000061035156,-340.20001220703125,-310.5,-278.0,-253.5,-228.89999389648438,-216.95001220703125,-157.039794921875
3208,-278.5400085449219,0.0,0.0,0.2458055466413498,-278.5400085449219,-278.0,52.171913146972656,-374.0,-366.1000061035156,-340.20001220703125,-310.5,-278.0,-253.5,-228.89999389648438,-216.95001220703125,-157.039794921875
3216,-278.5400085449219,0.0,0.0,0.24212123453617096,-278.5400085449219,-278.0,52.171913146972656,-374.0,-366.1000061035156,-340.20001220703125,-310.5,-278.0,-253.5,-228.89999389648438,-216.95001220703125,-157.039794921875
3224,-278.5400085449219,0.0,0.0,0.242855042219162,-278.5400085449219,-278.0,52.171913146972656,-374.0,-366.1000061035156,-340.20001220703125,-310.5,-278.0,-253.5,-228.89999389648438,-216.95001220703125,-157.039794921875
3232,-278.5400085449219,0.0,0.0,0.24377329647541046,-278.5400085449219,-278.0,52.171913146972656,-374.0,-366.1000061035156,-340.20001220703125,-310.5,-278.0,-253.5,-228.89999389648438,-216.95001220703125,-157.039794921875
3240,-278.6000061035156,0.0,0.0,0.24701544642448425,-278.6000061035156,-278.0,52.1551513671875,-374.0,-366.1000061035156,-340.20001220703125,-310.5,-278.0,-253.5,-228.89999389648438,-216.95001220703125,-157.039794921875
3248,-278.6000061035156,0.0,0.0,0.2494378536939621,-278.6000061035156,-278.0,52.1551513671875,-374.0,-366.1000061035156,-340.20001220703125,-310.5,-278.0,-253.5,-228.89999389648438,-216.95001220703125,-157.039794921875
3256,-278.6000061035156,0.0,0.0,0.25363796949386597,-278.6000061035156,-278.0,52.1551513671875,-374.0,-366.1000061035156,-340.20001220703125,-310.5,-278.0,-253.5,-228.89999389648438,-216.95001220703125,-157.039794921875
3264,-278.6600036621094,0.0,0.0,0.2567392587661743,-278.6600036621094,-278.0,52.219966888427734,-374.0,-366.1000061035156,-340.20001220703125,-310.5,-278.0,-253.5,-228.89999389648438,-216.95001220703125,-157.039794921875
3272,-278.67999267578125,0.0,0.0,0.26004359126091003,-278.67999267578125,-278.0,52.21242904663086,-374.0,-366.1000061035156,-340.20001220703125,-310.5,-278.0,-253.5,-228.89999389648438,-216.95001220703125,-157.039794921875
3280,-278.67999267578125,0.0,0.0,0.24799850583076477,-278.67999267578125,-278.0,52.21242904663086,-374.0,-366.1000061035156,-340.20001220703125,-310.5,-278.0,-253.5,-228.89999389648438,-216.95001220703125,-157.039794921875
3288,-278.67999267578125,0.0,0.0,0.2453344315290451,-278.67999267578125,-278.0,52.21242904663086,-374.0,-366.1000061035156,-340.20001220703125,-310.5,-278.0,-253.5,-228.89999389648438,-216.95001220703125,-157.039794921875
3296,-278.67999267578125,0.0,0.0,0.24733702838420868,-278.67999267578125,-278.0,52.21242904663086,-374.0,-366.1000061035156,-340.20001220703125,-310.5,-278.0,-253.5,-228.89999389648438,-216.95001220703125,-157.039794921875
3304,-278.7200012207031,0.0,0.0,0.24531503021717072,-278.7200012207031,-278.0,52.28691864013672,-374.0400085449219,-366.1000061035156,-340.20001220703125,-310.5,-278.0,-253.5,-228.89999389648438,-216.95001220703125,-157.039794921875
3312,-278.7200012207031,0.0,0.0,0.24000811576843262,-278.7200012207031,-278.0,52.28691864013672,-374.0400085449219,-366.1000061035156,-340.20001220703125,-310.5,-278.0,-253.5,-228.89999389648438,-216.95001220703125,-157.039794921875
3320,-278.7200012207031,0.0,0.0,0.23862922191619873,-278.7200012207031,-278.0,52.28691864013672,-374.0400085449219,-366.1000061035156,-340.20001220703125,-310.5,-278.0,-253.5,-228.89999389648438,-216.95001220703125,-157.039794921875
3328,-278.7200012207031,0.0,0.0,0.24038165807724,-278.7200012207031,-278.0,52.28691864013672,-374.0400085449219,-366.1000061035156,-340.20001220703125,-310.5,-278.0,-253.5,-228.89999389648438,-216.95001220703125,-157.039794921875
3336,-278.7200012207031,0.0,0.0,0.23800727725028992,-278.7200012207031,-278.0,52.28691864013672,-374.0400085449219,-366.1000061035156,-340.20001220703125,-310.5,-278.0,-253.5,-228.89999389648438,-216.95001220703125,-157.039794921875
3344,-278.7200012207031,0.0,0.0,0.2396487593650818,-278.7200012207031,-278.0,52.28691864013672,-374.0400085449219,-366.1000061035156,-340.20001220703125,-310.5,-278.0,-253.5,-228.89999389648438,-216.95001220703125,-157.039794921875
3352,-278.7599792480469,0.0,0.0,0.2435009777545929,-278.760009765625,-278.0,52.271812438964844,-374.0400085449219,-366.1000061035156,-340.20001220703125,-310.5,-278.0,-253.5,-228.89999389648438,-216.95001220703125,-157.039794921875
3360,-278.7599792480469,0.0,0.0,0.23789313435554504,-278.760009765625,-278.0,52.271812438964844,-374.0400085449219,-366.1000061035156,-340.20001220703125,-310.5,-278.0,-253.5,-228.89999389648438,-216.95001220703125,-157.039794921875
3368,-278.79998779296875,0.0,0.0,0.23256652057170868,-278.79998779296875,-278.0,52.30946350097656,-374.0400085449219,-366.1000061035156,-340.20001220703125,-310.5,-278.0,-253.5,-228.89999389648438,-216.95001220703125,-157.039794921875
3376,-278.79998779296875,0.0,0.0,0.23792335391044617,-278.79998779296875,-278.0,52.30946350097656,-374.0400085449219,-366.1000061035156,-340.20001220703125,-310.5,-278.0,-253.5,-228.89999389648438,-216.95001220703125,-157.039794921875
3384,-278.79998779296875,0.0,0.0,0.23866812884807587,-278.79998779296875,-278.0,52.30946350097656,-374.0400085449219,-366.1000061035156,-340.20001220703125,-310.5,-278.0,-253.5,-228.89999389648438,-216.95001220703125,-157.039794921875
3392,-278.79998779296875,0.0,0.0,0.23620009422302246,-278.79998779296875,-278.0,52.30946350097656,-374.0400085449219,-366.1000061035156,-340.20001220703125,-310.5,-278.0,-253.5,-228.89999389648438,-216.95001220703125,-157.039794921875
3400,-278.79998779296875,0.0,0.0,0.22964604198932648,-278.79998779296875,-278.0,52.30946350097656,-374.0400085449219,-366.1000061035156,-340.20001220703125,-310.5,-278.0,-253.5,-228.89999389648438,-216.95001220703125,-157.039794921875
3408,-278.8399963378906,0.0,0.0,0.23133860528469086,-278.8399963378906,-278.0,52.385250091552734,-374.0799865722656,-366.1000061035156,-340.20001220703125,-310.5,-278.0,-253.5,-228.89999389648438,-216.95001220703125,-157.039794921875
3416,-278.8399963378906,0.0,0.0,0.23443907499313354,-278.8399963378906,-278.0,52.385250091552734,-374.0799865722656,-366.1000061035156,-340.20001220703125,-310.5,-278.0,-253.5,-228.89999389648438,-216.95001220703125,-157.039794921875
3424,-278.8399963378906,0.0,0.0,0.23797744512557983,-278.8399963378906,-278.0,52.385250091552734,-374.0799865722656,-366.1000061035156,-340.20001220703125,-310.5,-278.0,-253.5,-228.89999389648438,-216.95001220703125,-157.039794921875
3432,-278.8399963378906,0.0,0.0,0.23347733914852142,-278.8399963378906,-278.0,52.385250091552734,-374.0799865722656,-366.1000061035156,-340.20001220703125,-310.5,-278.0,-253.5,-228.89999389648438,-216.95001220703125,-157.039794921875
3440,-278.8399963378906,0.0,0.0,0.23551853001117706,-278.8399963378906,-278.0,52.385250091552734,-374.0799865722656,-366.1000061035156,-340.20001220703125,-310.5,-278.0,-253.5,-228.89999389648438,-216.95001220703125,-157.039794921875
3448,-278.8399963378906,0.0,0.0,0.22248342633247375,-278.8399963378906,-278.0,52.385250091552734,-374.0799865722656,-366.1000061035156,-340.20001220703125,-310.5,-278.0,-253.5,-228.89999389648438,-216.95001220703125,-157.039794921875
3456,-278.8399963378906,0.0,0.0,0.2205619066953659,-278.8399963378906,-278.0,52.385250091552734,-374.0799865722656,-366.1000061035156,-340.20001220703125,-310.5,-278.0,-253.5,-228.89999389648438,-216.95001220703125,-157.039794921875
3464,-278.8399963378906,0.0,0.0,0.22113384306430817,-278.8399963378906,-278.0,52.385250091552734,-374.0799865722656,-366.1000061035156,-340.20001220703125,-310.5,-278.0,-253.5,-228.89999389648438,-216.95001220703125,-157.039794921875
3472,-278.8599853515625,0.0,0.0,0.2208094745874405,-278.8599853515625,-278.0,52.38912582397461,-374.0799865722656,-366.1000061035156,-340.20001220703125,-310.5,-278.0,-253.5,-228.89999389648438,-216.95001220703125,-157.039794921875
3480,-278.8800048828125,0.0,0.0,0.2210683524608612,-278.8800048828125,-278.0,52.36550521850586,-374.0799865722656,-366.1000061035156,-340.20001220703125,-310.5,-278.0,-253.5,-228.89999389648438,-217.95001220703125,-157.039794921875
3488,-278.8800048828125,0.0,0.0,0.21710358560085297,-278.8800048828125,-278.0,52.36550521850586,-374.0799865722656,-366.1000061035156,-340.20001220703125,-310.5,-278.0,-253.5,-228.89999389648438,-217.95001220703125,-157.039794921875
3496,-278.8800048828125,0.0,0.0,0.2165863960981369,-278.8800048828125,-278.0,52.36550521850586,-374.0799865722656,-366.1000061035156,-340.20001220703125,-310.5,-278.0,-253.5,-228.89999389648438,-217.95001220703125,-157.039794921875
3504,-278.8800048828125,0.0,0.0,0.21675077080726624,-278.8800048828125,-278.0,52.36550521850586,-374.0799865722656,-366.1000061035156,-340.20001220703125,-310.5,-278.0,-253.5,-228.89999389648438,-217.95001220703125,-157.039794921875
3512,-278.8800048828125,0.0,0.0,0.21226519346237183,-278.8800048828125,-278.0,52.36550521850586,-374.0799865722656,-366.1000061035156,-340.20001220703125,-310.5,-278.0,-253.5,-228.89999389648438,-217.95001220703125,-157.039794921875
3520,-278.8800048828125,0.0,0.0,0.21048682928085327,-278.8800048828125,-278.0,52.36550521850586,-374.0799865722656,-366.1000061035156,-340.20001220703125,-310.5,-278.0,-253.5,-228.89999389648438,-217.95001220703125,-157.039794921875
3528,-278.8800048828125,0.0,0.0,0.21123677492141724,-278.8800048828125,-278.0,52.36550521850586,-374.0799865722656,-366.1000061035156,-340.20001220703125,-310.5,-278.0,-253.5,-228.89999389648438,-217.95001220703125,-157.039794921875
3536,-278.8800048828125,0.0,0.0,0.20740188658237457,-278.8800048828125,-278.0,52.36550521850586,-374.0799865722656,-366.1000061035156,-340.20001220703125,-310.5,-278.0,-253.5,-228.89999389648438,-217.95001220703125,-157.039794921875
3544,-278.8800048828125,0.0,0.0,0.20088256895542145,-278.8800048828125,-278.0,52.36550521850586,-374.0799865722656,-366.1000061035156,-340.20001220703125,-310.5,-278.0,-253.5,-228.89999389648438,-217.95001220703125,-157.039794921875
3552,-278.8800048828125,0.0,0.0,0.20186397433280945,-278.8800048828125,-278.0,52.36550521850586,-374.0799865722656,-366.1000061035156,-340.20001220703125,-310.5,-278.0,-253.5,-228.89999389648438,-217.95001220703125,-157.039794921875
3560,-278.8800048828125,0.0,0.0,0.20202979445457458,-278.8800048828125,-278.0,52.36550521850586,-374.0799865722656,-366.1000061035156,-340.20001220703125,-310.5,-278.0,-253.5,-228.89999389648438,-217.95001220703125,-157.039794921875
3568,-278.8800048828125,0.0,0.0,0.20543056726455688,-278.8800048828125,-278.0,52.36550521850586,-374.0799865722656,-366.1000061035156,-340.20001220703125,-310.5,-278.0,-253.5,-228.89999389648438,-217.95001220703125,-157.039794921875
3576,-278.8800048828125,0.0,0.0,0.20705795288085938,-278.8800048828125,-278.0,52.36550521850586,-374.0799865722656,-366.1000061035156,-340.20001220703125,-310.5,-278.0,-253.5,-228.89999389648438,-217.95001220703125,-157.039794921875
3584,-278.8800048828125,0.0,0.0,0.20795825123786926,-278.8800048828125,-278.0,52.36550521850586,-374.0799865722656,-366.1000061035156,-340.20001220703125,-310.5,-278.0,-253.5,-228.89999389648438,-217.95001220703125,-157.039794921875
3592,-278.8800048828125,0.0,0.0,0.20795723795890808,-278.8800048828125,-278.0,52.36550521850586,-374.0799865722656,-366.1000061035156,-340.20001220703125,-310.5,-278.0,-253.5,-228.89999389648438,-217.95001220703125,-157.039794921875
3600,-278.8800048828125,0.0,0.0,0.2114390879869461,-278.8800048828125,-278.0,52.36550521850586,-374.0799865722656,-366.1000061035156,-340.20001220703125,-310.5,-278.0,-253.5,-228.89999389648438,-217.95001220703125,-157.039794921875
3608,-278.8800048828125,0.0,0.0,0.21353493630886078,-278.8800048828125,-278.0,52.36550521850586,-374.0799865722656,-366.1000061035156,-340.20001220703125,-310.5,-278.0,-253.5,-228.89999389648438,-217.95001220703125,-157.039794921875
3616,-278.8800048828125,0.0,0.0,0.21254359185695648,-278.8800048828125,-278.0,52.36550521850586,-374.0799865722656,-366.1000061035156,-340.20001220703125,-310.5,-278.0,-253.5,-228.89999389648438,-217.95001220703125,-157.039794921875
3624,-278.8800048828125,0.0,0.0,0.21525603532791138,-278.8800048828125,-278.0,52.36550521850586,-374.0799865722656,-366.1000061035156,-340.20001220703125,-310.5,-278.0,-253.5,-228.89999389648438,-217.95001220703125,-157.039794921875
3632,-278.8800048828125,0.0,0.0,0.216745525598526,-278.8800048828125,-278.0,52.36550521850586,-374.0799865722656,-366.1000061035156,-340.20001220703125,-310.5,-278.0,-253.5,-228.89999389648438,-217.95001220703125,-157.039794921875
3640,-278.8800048828125,0.0,0.0,0.20910337567329407,-278.8800048828125,-278.0,52.36550521850586,-374.0799865722656,-366.1000061035156,-340.20001220703125,-310.5,-278.0,-253.5,-228.89999389648438,-217.95001220703125,-157.039794921875
3648,-278.8800048828125,0.0,0.0,0.20572464168071747,-278.8800048828125,-278.0,52.36550521850586,-374.0799865722656,-366.1000061035156,-340.20001220703125,-310.5,-278.0,-253.5,-228.89999389648438,-217.95001220703125,-157.039794921875
3656,-278.8800048828125,0.0,0.0,0.206190288066864,-278.8800048828125,-278.0,52.36550521850586,-374.0799865722656,-366.1000061035156,-340.20001220703125,-310.5,-278.0,-253.5,-228.89999389648438,-217.95001220703125,-157.039794921875
3664,-278.8800048828125,0.0,0.0,0.204863041639328,-278.8800048828125,-278.0,52.36550521850586,-374.0799865722656,-366.1000061035156,-340.20001220703125,-310.5,-278.0,-253.5,-228.89999389648438,-217.95001220703125,-157.039794921875
3672,-278.97998046875,0.0,0.0,0.2032429426908493,-278.9800109863281,-278.0,52.33889389038086,-374.0799865722656,-366.1000061035156,-340.20001220703125,-310.5,-278.0,-253.5,-228.89999389648438,-217.95001220703125,-157.039794921875
3680,-278.97998046875,0.0,0.0,0.20358245074748993,-278.9800109863281,-278.0,52.33889389038086,-374.0799865722656,-366.1000061035156,-340.20001220703125,-310.5,-278.0,-253.5,-228.89999389648438,-217.95001220703125,-157.039794921875
3688,-278.97998046875,0.0,0.0,0.2017161101102829,-278.9800109863281,-278.0,52.33889389038086,-374.0799865722656,-366.1000061035156,-340.20001220703125,-310.5,-278.0,-253.5,-228.89999389648438,-217.95001220703125,-157.039794921875
3696,-278.97998046875,0.0,0.0,0.20279420912265778,-278.9800109863281,-278.0,52.33889389038086,-374.0799865722656,-366.1000061035156,-340.20001220703125,-310.5,-278.0,-253.5,-228.89999389648438,-217.95001220703125,-157.039794921875
3704,-278.97998046875,0.0,0.0,0.2042865753173828,-278.9800109863281,-278.0,52.33889389038086,-374.0799865722656,-366.1000061035156,-340.20001220703125,-310.5,-278.0,-253.5,-228.89999389648438,-217.95001220703125,-157.039794921875
3712,-278.97998046875,0.0,0.0,0.20338965952396393,-278.9800109863281,-278.0,52.33889389038086,-374.0799865722656,-366.1000061035156,-340.20001220703125,-310.5,-278.0,-253.5,-228.89999389648438,-217.95001220703125,-157.039794921875
3720,-278.97998046875,0.0,0.0,0.20483186841011047,-278.9800109863281,-278.0,52.33889389038086,-374.0799865722656,-366.1000061035156,-340.20001220703125,-310.5,-278.0,-253.5,-228.89999389648438,-217.95001220703125,-157.039794921875
3728,-278.97998046875,0.0,0.0,0.21144945919513702,-278.9800109863281,-278.0,52.33889389038086,-374.0799865722656,-366.1000061035156,-340.20001220703125,-310.5,-278.0,-253.5,-228.89999389648438,-217.95001220703125,-157.039794921875
3736,-278.97998046875,0.0,0.0,0.21184466779232025,-278.9800109863281,-278.0,52.33889389038086,-374.0799865722656,-366.1000061035156,-340.20001220703125,-310.5,-278.0,-253.5,-228.89999389648438,-217.95001220703125,-157.039794921875
3744,-278.97998046875,0.0,0.0,0.21134398877620697,-278.9800109863281,-278.0,52.33889389038086,-374.0799865722656,-366.1000061035156,-340.20001220703125,-310.5,-278.0,-253.5,-228.89999389648438,-217.95001220703125,-157.039794921875
3752,-279.0199890136719,0.0,0.0,0.21481429040431976,-279.0199890136719,-278.0,52.38396072387695,-374.0799865722656,-366.1000061035156,-340.20001220703125,-310.5,-278.0,-253.5,-228.89999389648438,-217.95001220703125,-157.039794921875
3760,-279.0199890136719,0.0,0.0,0.21541473269462585,-279.0199890136719,-278.0,52.38396072387695,-374.0799865722656,-366.1000061035156,-340.20001220703125,-310.5,-278.0,-253.5,-228.89999389648438,-217.95001220703125,-157.039794921875
3768,-279.0199890136719,0.0,0.0,0.21701693534851074,-279.0199890136719,-278.0,52.38396072387695,-374.0799865722656,-366.1000061035156,-340.20001220703125,-310.5,-278.0,-253.5,-228.89999389648438,-217.95001220703125,-157.039794921875
3776,-279.0199890136719,0.0,0.0,0.21475069224834442,-279.0199890136719,-278.0,52.38396072387695,-374.0799865722656,-366.1000061035156,-340.20001220703125,-310.5,-278.0,-253.5,-228.89999389648438,-217.95001220703125,-157.039794921875
3784,-279.0199890136719,0.0,0.0,0.2194034308195114,-279.0199890136719,-278.0,52.38396072387695,-374.0799865722656,-366.1000061035156,-340.20001220703125,-310.5,-278.0,-253.5,-228.89999389648438,-217.95001220703125,-157.039794921875
3792,-279.0199890136719,0.0,0.0,0.22183415293693542,-279.0199890136719,-278.0,52.38396072387695,-374.0799865722656,-366.1000061035156,-340.20001220703125,-310.5,-278.0,-253.5,-228.89999389648438,-217.95001220703125,-157.039794921875
3800,-279.0400085449219,0.0,0.0,0.21922685205936432,-279.0400085449219,-278.0,52.38777160644531,-374.0799865722656,-366.1000061035156,-340.20001220703125,-310.5,-278.0,-253.5,-228.89999389648438,-217.95001220703125,-157.039794921875
3808,-279.0400085449219,0.0,0.0,0.2178376168012619,-279.0400085449219,-278.0,52.38777160644531,-374.0799865722656,-366.1000061035156,-340.20001220703125,-310.5,-278.0,-253.5,-228.89999389648438,-217.95001220703125,-157.039794921875
3816,-279.0400085449219,0.0,0.0,0.21388421952724457,-279.0400085449219,-278.0,52.38777160644531,-374.0799865722656,-366.1000061035156,-340.20001220703125,-310.5,-278.0,-253.5,-228.89999389648438,-217.95001220703125,-157.039794921875
3824,-279.0400085449219,0.0,0.0,0.21420706808567047,-279.0400085449219,-278.0,52.38777160644531,-374.0799865722656,-366.1000061035156,-340.20001220703125,-310.5,-278.0,-253.5,-228.89999389648438,-217.95001220703125,-157.039794921875
3832,-279.0400085449219,0.0,0.0,0.21320122480392456,-279.0400085449219,-278.0,52.38777160644531,-374.0799865722656,-366.1000061035156,-340.20001220703125,-310.5,-278.0,-253.5,-228.89999389648438,-217.95001220703125,-157.039794921875
3840,-279.1000061035156,0.0,0.0,0.20718584954738617,-279.1000061035156,-278.0,52.320072174072266,-374.0799865722656,-366.1000061035156,-340.20001220703125,-310.5,-278.0,-253.5,-228.89999389648438,-219.90000915527344,-157.039794921875
3848,-279.1000061035156,0.0,0.0,0.20068685710430145,-279.1000061035156,-278.0,52.320072174072266,-374.0799865722656,-366.1000061035156,-340.20001220703125,-310.5,-278.0,-253.5,-228.89999389648438,-219.90000915527344,-157.039794921875
3856,-279.1000061035156,0.0,0.0,0.20264394581317902,-279.1000061035156,-278.0,52.320072174072266,-374.0799865722656,-366.1000061035156,-340.20001220703125,-310.5,-278.0,-253.5,-228.89999389648438,-219.90000915527344,-157.039794921875
3864,-279.1000061035156,0.0,0.0,0.20320242643356323,-279.1000061035156,-278.0,52.320072174072266,-374.0799865722656,-366.1000061035156,-340.20001220703125,-310.5,-278.0,-253.5,-228.89999389648438,-219.90000915527344,-157.039794921875
3872,-279.1000061035156,0.0,0.0,0.20323637127876282,-279.1000061035156,-278.0,52.320072174072266,-374.0799865722656,-366.1000061035156,-340.20001220703125,-310.5,-278.0,-253.5,-228.89999389648438,-219.90000915527344,-157.039794921875
3880,-279.1000061035156,0.0,0.0,0.2016373723745346,-279.1000061035156,-278.0,52.320072174072266,-374.0799865722656,-366.1000061035156,-340.20001220703125,-310.5,-278.0,-253.5,-228.89999389648438,-219.90000915527344,-157.039794921875
3888,-279.1000061035156,0.0,0.0,0.20476314425468445,-279.1000061035156,-278.0,52.320072174072266,-374.0799865722656,-366.1000061035156,-340.20001220703125,-310.5,-278.0,-253.5,-228.89999389648438,-219.90000915527344,-157.039794921875
3896,-279.1399841308594,0.0,0.0,0.20134173333644867,-279.1400146484375,-278.0,52.22892379760742,-374.0799865722656,-366.1000061035156,-340.20001220703125,-310.5,-278.0,-253.5,-228.89999389648438,-219.90000915527344,-160.95977783203125
3904,-279.1399841308594,0.0,0.0,0.20229019224643707,-279.1400146484375,-278.0,52.22892379760742,-374.0799865722656,-366.1000061035156,-340.20001220703125,-310.5,-278.0,-253.5,-228.89999389648438,-219.90000915527344,-160.95977783203125
3912,-279.1399841308594,0.0,0.0,0.20491309463977814,-279.1400146484375,-278.0,52.22892379760742,-374.0799865722656,-366.1000061035156,-340.20001220703125,-310.5,-278.0,-253.5,-228.89999389648438,-219.90000915527344,-160.95977783203125
3920,-279.1399841308594,0.0,0.0,0.2085104137659073,-279.1400146484375,-278.0,52.22892379760742,-374.0799865722656,-366.1000061035156,-340.20001220703125,-310.5,-278.0,-253.5,-228.89999389648438,-219.90000915527344,-160.95977783203125
3928,-279.1399841308594,0.0,0.0,0.20901913940906525,-279.1400146484375,-278.0,52.22892379760742,-374.0799865722656,-366.1000061035156,-340.20001220703125,-310.5,-278.0,-253.5,-228.89999389648438,-219.90000915527344,-160.95977783203125
3936,-279.1600036621094,0.0,0.0,0.2065858095884323,-279.1600036621094,-278.0,52.23345947265625,-374.0799865722656,-366.1000061035156,-340.20001220703125,-310.5,-278.0,-253.5,-228.89999389648438,-219.90000915527344,-160.95977783203125
3944,-279.1600036621094,0.0,0.0,0.20403026044368744,-279.1600036621094,-278.0,52.23345947265625,-374.0799865722656,-366.1000061035156,-340.20001220703125,-310.5,-278.0,-253.5,-228.89999389648438,-219.90000915527344,-160.95977783203125
3952,-279.1999816894531,0.0,0.0,0.20443038642406464,-279.20001220703125,-278.0,52.22260284423828,-374.0799865722656,-366.1000061035156,-340.20001220703125,-310.5,-278.0,-253.5,-228.89999389648438,-219.90000915527344,-160.95977783203125
3960,-279.2200012207031,0.0,0.0,0.2051677107810974,-279.2200012207031,-278.0,52.15814208984375,-374.0799865722656,-366.1000061035156,-340.20001220703125,-310.5,-278.0,-253.5,-228.89999389648438,-219.90000915527344,-160.99978637695312
3968,-279.2200012207031,0.0,0.0,0.20654280483722687,-279.2200012207031,-278.0,52.15814208984375,-374.0799865722656,-366.1000061035156,-340.20001220703125,-310.5,-278.0,-253.5,-228.89999389648438,-219.90000915527344,-160.99978637695312
3976,-279.2200012207031,0.0,0.0,0.21009555459022522,-279.2200012207031,-278.0,52.15814208984375,-374.0799865722656,-366.1000061035156,-340.20001220703125,-310.5,-278.0,-253.5,-228.89999389648438,-219.90000915527344,-160.99978637695312
3984,-279.2799987792969,0.0,0.0,0.21393615007400513,-279.2799987792969,-278.0,52.17625427246094,-374.0799865722656,-366.1000061035156,-340.20001220703125,-310.5,-278.0,-253.5,-228.89999389648438,-219.90000915527344,-160.99978637695312
3992,-279.2799987792969,0.0,0.0,0.21458694338798523,-279.2799987792969,-278.0,52.17625427246094,-374.0799865722656,-366.1000061035156,-340.20001220703125,-310.5,-278.0,-253.5,-228.89999389648438,-219.90000915527344,-160.99978637695312
4000,-279.2799987792969,0.0,0.0,0.20927029848098755,-279.2799987792969,-278.0,52.17625427246094,-374.0799865722656,-366.1000061035156,-340.20001220703125,-310.5,-278.0,-253.5,-228.89999389648438,-219.90000915527344,-160.99978637695312
4008,-279.2799987792969,0.0,0.0,0.20523712038993835,-279.2799987792969,-278.0,52.17625427246094,-374.0799865722656,-366.1000061035156,-340.20001220703125,-310.5,-278.0,-253.5,-228.89999389648438,-219.90000915527344,-160.99978637695312
4016,-279.32000732421875,0.0,0.0,0.2056722193956375,-279.32000732421875,-278.0,52.145347595214844,-374.0799865722656,-366.1000061035156,-340.20001220703125,-310.5,-278.0,-253.5,-228.89999389648438,-219.90000915527344,-160.99978637695312
4024,-279.32000732421875,0.0,0.0,0.20831000804901123,-279.32000732421875,-278.0,52.145347595214844,-374.0799865722656,-366.1000061035156,-340.20001220703125,-310.5,-278.0,-253.5,-228.89999389648438,-219.90000915527344,-160.99978637695312
4032,-279.32000732421875,0.0,0.0,0.20644357800483704,-279.32000732421875,-278.0,52.145347595214844,-374.0799865722656,-366.1000061035156,-340.20001220703125,-310.5,-278.0,-253.5,-228.89999389648438,-219.90000915527344,-160.99978637695312
4040,-279.32000732421875,0.0,0.0,0.21064519882202148,-279.32000732421875,-278.0,52.145347595214844,-374.0799865722656,-366.1000061035156,-340.20001220703125,-310.5,-278.0,-253.5,-228.89999389648438,-219.90000915527344,-160.99978637695312
4048,-279.32000732421875,0.0,0.0,0.20613993704319,-279.32000732421875,-278.0,52.145347595214844,-374.0799865722656,-366.1000061035156,-340.20001220703125,-310.5,-278.0,-253.5,-228.89999389648438,-219.90000915527344,-160.99978637695312
4056,-279.32000732421875,0.0,0.0,0.2057107537984848,-279.32000732421875,-278.0,52.145347595214844,-374.0799865722656,-366.1000061035156,-340.20001220703125,-310.5,-278.0,-253.5,-228.89999389648438,-219.90000915527344,-160.99978637695312
4064,-279.32000732421875,0.0,0.0,0.20554214715957642,-279.32000732421875,-278.0,52.145347595214844,-374.0799865722656,-366.1000061035156,-340.20001220703125,-310.5,-278.0,-253.5,-228.89999389648438,-219.90000915527344,-160.99978637695312
4072,-279.32000732421875,0.0,0.0,0.20824626088142395,-279.32000732421875,-278.0,52.145347595214844,-374.0799865722656,-366.1000061035156,-340.20001220703125,-310.5,-278.0,-253.5,-228.89999389648438,-219.90000915527344,-160.99978637695312
4080,-279.32000732421875,0.0,0.0,0.20947247743606567,-279.32000732421875,-278.0,52.145347595214844,-374.0799865722656,-366.1000061035156,-340.20001220703125,-310.5,-278.0,-253.5,-228.89999389648438,-219.90000915527344,-160.99978637695312
4088,-279.32000732421875,0.0,0.0,0.2082003951072693,-279.32000732421875,-278.0,52.145347595214844,-374.0799865722656,-366.1000061035156,-340.20001220703125,-310.5,-278.0,-253.5,-228.89999389648438,-219.90000915527344,-160.99978637695312
4096,-279.32000732421875,0.0,0.0,0.2114742547273636,-279.32000732421875,-278.0,52.145347595214844,-374.0799865722656,-366.1000061035156,-340.20001220703125,-310.5,-278.0,-253.5,-228.89999389648438,-219.90000915527344,-160.99978637695312
4104,-279.32000732421875,0.0,0.0,0.2133689969778061,-279.32000732421875,-278.0,52.145347595214844,-374.0799865722656,-366.1000061035156,-340.20001220703125,-310.5,-278.0,-253.5,-228.89999389648438,-219.90000915527344,-160.99978637695312
4112,-279.32000732421875,0.0,0.0,0.20984381437301636,-279.32000732421875,-278.0,52.145347595214844,-374.0799865722656,-366.1000061035156,-340.20001220703125,-310.5,-278.0,-253.5,-228.89999389648438,-219.90000915527344,-160.99978637695312
4120,-279.32000732421875,0.0,0.0,0.20251525938510895,-279.32000732421875,-278.0,52.145347595214844,-374.0799865722656,-366.1000061035156,-340.20001220703125,-310.5,-278.0,-253.5,-228.89999389648438,-219.90000915527344,-160.99978637695312
4128,-279.32000732421875,0.0,0.0,0.19945688545703888,-279.32000732421875,-278.0,52.145347595214844,-374.0799865722656,-366.1000061035156,-340.20001220703125,-310.5,-278.0,-253.5,-228.89999389648438,-219.90000915527344,-160.99978637695312
4136,-279.32000732421875,0.0,0.0,0.20210076868534088,-279.32000732421875,-278.0,52.145347595214844,-374.0799865722656,-366.1000061035156,-340.20001220703125,-310.5,-278.0,-253.5,-228.89999389648438,-219.90000915527344,-160.99978637695312
4144,-279.32000732421875,0.0,0.0,0.19667531549930573,-279.32000732421875,-278.0,52.145347595214844,-374.0799865722656,-366.1000061035156,-340.20001220703125,-310.5,-278.0,-253.5,-228.89999389648438,-219.90000915527344,-160.99978637695312
4152,-279.32000732421875,0.0,0.0,0.19663698971271515,-279.32000732421875,-278.0,52.145347595214844,-374.0799865722656,-366.1000061035156,-340.20001220703125,-310.5,-278.0,-253.5,-228.89999389648438,-219.90000915527344,-160.99978637695312
4160,-279.32000732421875,0.0,0.0,0.19677196443080902,-279.32000732421875,-278.0,52.145347595214844,-374.0799865722656,-366.1000061035156,-340.20001220703125,-310.5,-278.0,-253.5,-228.89999389648438,-219.90000915527344,-160.99978637695312
4168,-279.32000732421875,0.0,0.0,0.1917126178741455,-279.32000732421875,-278.0,52.145347595214844,-374.0799865722656,-366.1000061035156,-340.20001220703125,-310.5,-278.0,-253.5,-228.89999389648438,-219.90000915527344,-160.99978637695312
4176,-279.32000732421875,0.0,0.0,0.1911521553993225,-279.32000732421875,-278.0,52.145347595214844,-374.0799865722656,-366.1000061035156,-340.20001220703125,-310.5,-278.0,-253.5,-228.89999389648438,-219.90000915527344,-160.99978637695312
4184,-279.32000732421875,0.0,0.0,0.19174665212631226,-279.32000732421875,-278.0,52.145347595214844,-374.0799865722656,-366.1000061035156,-340.20001220703125,-310.5,-278.0,-253.5,-228.89999389648438,-219.90000915527344,-160.99978637695312
4192,-279.32000732421875,0.0,0.0,0.19478289783000946,-279.32000732421875,-278.0,52.145347595214844,-374.0799865722656,-366.1000061035156,-340.20001220703125,-310.5,-278.0,-253.5,-228.89999389648438,-219.90000915527344,-160.99978637695312
4200,-279.32000732421875,0.0,0.0,0.1953882873058319,-279.32000732421875,-278.0,52.145347595214844,-374.0799865722656,-366.1000061035156,-340.20001220703125,-310.5,-278.0,-253.5,-228.89999389648438,-219.90000915527344,-160.99978637695312
4208,-279.32000732421875,0.0,0.0,0.19853806495666504,-279.32000732421875,-278.0,52.145347595214844,-374.0799865722656,-366.1000061035156,-340.20001220703125,-310.5,-278.0,-253.5,-228.89999389648438,-219.90000915527344,-160.99978637695312
4216,-279.32000732421875,0.0,0.0,0.196774423122406,-279.32000732421875,-278.0,52.145347595214844,-374.0799865722656,-366.1000061035156,-340.20001220703125,-310.5,-278.0,-253.5,-228.89999389648438,-219.90000915527344,-160.99978637695312
4224,-279.32000732421875,0.0,0.0,0.1961796134710312,-279.32000732421875,-278.0,52.145347595214844,-374.0799865722656,-366.1000061035156,-340.20001220703125,-310.5,-278.0,-253.5,-228.89999389648438,-219.90000915527344,-160.99978637695312
4232,-279.32000732421875,0.0,0.0,0.19794222712516785,-279.32000732421875,-278.0,52.145347595214844,-374.0799865722656,-366.1000061035156,-340.20001220703125,-310.5,-278.0,-253.5,-228.89999389648438,-219.90000915527344,-160.99978637695312
4240,-279.32000732421875,0.0,0.0,0.19991078972816467,-279.32000732421875,-278.0,52.145347595214844,-374.0799865722656,-366.1000061035156,-340.20001220703125,-310.5,-278.0,-253.5,-228.89999389648438,-219.90000915527344,-160.99978637695312
4248,-279.32000732421875,0.0,0.0,0.20375902950763702,-279.32000732421875,-278.0,52.145347595214844,-374.0799865722656,-366.1000061035156,-340.20001220703125,-310.5,-278.0,-253.5,-228.89999389648438,-219.90000915527344,-160.99978637695312
4256,-279.32000732421875,0.0,0.0,0.20209163427352905,-279.32000732421875,-278.0,52.145347595214844,-374.0799865722656,-366.1000061035156,-340.20001220703125,-310.5,-278.0,-253.5,-228.89999389648438,-219.90000915527344,-160.99978637695312
4264,-279.3599853515625,0.0,0.0,0.1989416480064392,-279.3599853515625,-278.0,52.056800842285156,-374.0799865722656,-366.1000061035156,-340.20001220703125,-310.5,-278.0,-253.5,-228.89999389648438,-219.90000915527344,-164.91976928710938
4272,-279.3599853515625,0.0,0.0,0.19852863252162933,-279.3599853515625,-278.0,52.056800842285156,-374.0799865722656,-366.1000061035156,-340.20001220703125,-310.5,-278.0,-253.5,-228.89999389648438,-219.90000915527344,-164.91976928710938
4280,-279.3599853515625,0.0,0.0,0.1983976662158966,-279.3599853515625,-278.0,52.056800842285156,-374.0799865722656,-366.1000061035156,-340.20001220703125,-310.5,-278.0,-253.5,-228.89999389648438,-219.90000915527344,-164.91976928710938
4288,-279.3599853515625,0.0,0.0,0.19864746928215027,-279.3599853515625,-278.0,52.056800842285156,-374.0799865722656,-366.1000061035156,-340.20001220703125,-310.5,-278.0,-253.5,-228.89999389648438,-219.90000915527344,-164.91976928710938
4296,-279.3599853515625,0.0,0.0,0.19866736233234406,-279.3599853515625,-278.0,52.056800842285156,-374.0799865722656,-366.1000061035156,-340.20001220703125,-310.5,-278.0,-253.5,-228.89999389648438,-219.90000915527344,-164.91976928710938
4304,-279.3599853515625,0.0,0.0,0.2021402269601822,-279.3599853515625,-278.0,52.056800842285156,-374.0799865722656,-366.1000061035156,-340.20001220703125,-310.5,-278.0,-253.5,-228.89999389648438,-219.90000915527344,-164.91976928710938
4312,-279.3599853515625,0.0,0.0,0.20538081228733063,-279.3599853515625,-278.0,52.056800842285156,-374.0799865722656,-366.1000061035156,-340.20001220703125,-310.5,-278.0,-253.5,-228.89999389648438,-219.90000915527344,-164.91976928710938
4320,-279.3599853515625,0.0,0.0,0.20327343046665192,-279.3599853515625,-278.0,52.056800842285156,-374.0799865722656,-366.1000061035156,-340.20001220703125,-310.5,-278.0,-253.5,-228.89999389648438,-219.90000915527344,-164.91976928710938
4328,-279.3599853515625,0.0,0.0,0.19848918914794922,-279.3599853515625,-278.0,52.056800842285156,-374.0799865722656,-366.1000061035156,-340.20001220703125,-310.5,-278.0,-253.5,-228.89999389648438,-219.90000915527344,-164.91976928710938
4336,-279.3599853515625,0.0,0.0,0.20234960317611694,-279.3599853515625,-278.0,52.056800842285156,-374.0799865722656,-366.1000061035156,-340.20001220703125,-310.5,-278.0,-253.5,-228.89999389648438,-219.90000915527344,-164.91976928710938
4344,-279.3599853515625,0.0,0.0,0.19065497815608978,-279.3599853515625,-278.0,52.056800842285156,-374.0799865722656,-366.1000061035156,-340.20001220703125,-310.5,-278.0,-253.5,-228.89999389648438,-219.90000915527344,-164.91976928710938
4352,-279.3599853515625,0.0,0.0,0.18763327598571777,-279.3599853515625,-278.0,52.056800842285156,-374.0799865722656,-366.1000061035156,-340.20001220703125,-310.5,-278.0,-253.5,-228.89999389648438,-219.90000915527344,-164.91976928710938
4360,-279.3599853515625,0.0,0.0,0.18895305693149567,-279.3599853515625,-278.0,52.056800842285156,-374.0799865722656,-366.1000061035156,-340.20001220703125,-310.5,-278.0,-253.5,-228.89999389648438,-219.90000915527344,-164.91976928710938
4368,-279.3599853515625,0.0,0.0,0.18709726631641388,-279.3599853515625,-278.0,52.056800842285156,-374.0799865722656,-366.1000061035156,-340.20001220703125,-310.5,-278.0,-253.5,-228.89999389648438,-219.90000915527344,-164.91976928710938
4376,-279.3599853515625,0.0,0.0,0.18926437199115753,-279.3599853515625,-278.0,52.056800842285156,-374.0799865722656,-366.1000061035156,-340.20001220703125,-310.5,-278.0,-253.5,-228.89999389648438,-219.90000915527344,-164.91976928710938
4384,-279.3599853515625,0.0,0.0,0.18922193348407745,-279.3599853515625,-278.0,52.056800842285156,-374.0799865722656,-366.1000061035156,-340.20001220703125,-310.5,-278.0,-253.5,-228.89999389648438,-219.90000915527344,-164.91976928710938
4392,-279.3599853515625,0.0,0.0,0.18916013836860657,-279.3599853515625,-278.0,52.056800842285156,-374.0799865722656,-366.1000061035156,-340.20001220703125,-310.5,-278.0,-253.5,-228.89999389648438,-219.90000915527344,-164.91976928710938
4400,-279.3599853515625,0.0,0.0,0.18700534105300903,-279.3599853515625,-278.0,52.056800842285156,-374.0799865722656,-366.1000061035156,-340.20001220703125,-310.5,-278.0,-253.5,-228.89999389648438,-219.90000915527344,-164.91976928710938
4408,-279.3599853515625,0.0,0.0,0.18843497335910797,-279.3599853515625,-278.0,52.056800842285156,-374.0799865722656,-366.1000061035156,-340.20001220703125,-310.5,-278.0,-253.5,-228.89999389648438,-219.90000915527344,-164.91976928710938
4416,-279.3599853515625,0.0,0.0,0.18899482488632202,-279.3599853515625,-278.0,52.056800842285156,-374.0799865722656,-366.1000061035156,-340.20001220703125,-310.5,-278.0,-253.5,-228.89999389648438,-219.90000915527344,-164.91976928710938
4424,-279.3599853515625,0.0,0.0,0.18774433434009552,-279.3599853515625,-278.0,52.056800842285156,-374.0799865722656,-366.1000061035156,-340.20001220703125,-310.5,-278.0,-253.5,-228.89999389648438,-219.90000915527344,-164.91976928710938
4432,-279.3599853515625,0.0,0.0,0.18767710030078888,-279.3599853515625,-278.0,52.056800842285156,-374.0799865722656,-366.1000061035156,-340.20001220703125,-310.5,-278.0,-253.5,-228.89999389648438,-219.90000915527344,-164.91976928710938
4440,-279.3599853515625,0.0,0.0,0.18738079071044922,-279.3599853515625,-278.0,52.056800842285156,-374.0799865722656,-366.1000061035156,-340.20001220703125,-310.5,-278.0,-253.5,-228.89999389648438,-219.90000915527344,-164.91976928710938
4448,-279.3599853515625,0.0,0.0,0.18770387768745422,-279.3599853515625,-278.0,52.056800842285156,-374.0799865722656,-366.1000061035156,-340.20001220703125,-310.5,-278.0,-253.5,-228.89999389648438,-219.90000915527344,-164.91976928710938
4456,-279.3599853515625,0.0,0.0,0.19235816597938538,-279.3599853515625,-278.0,52.056800842285156,-374.0799865722656,-366.1000061035156,-340.20001220703125,-310.5,-278.0,-253.5,-228.89999389648438,-219.90000915527344,-164.91976928710938
4464,-279.3599853515625,0.0,0.0,0.19269154965877533,-279.3599853515625,-278.0,52.056800842285156,-374.0799865722656,-366.1000061035156,-340.20001220703125,-310.5,-278.0,-253.5,-228.89999389648438,-219.90000915527344,-164.91976928710938
4472,-279.3599853515625,0.0,0.0,0.19267785549163818,-279.3599853515625,-278.0,52.056800842285156,-374.0799865722656,-366.1000061035156,-340.20001220703125,-310.5,-278.0,-253.5,-228.89999389648438,-219.90000915527344,-164.91976928710938
4480,-279.3599853515625,0.0,0.0,0.1938484162092209,-279.3599853515625,-278.0,52.056800842285156,-374.0799865722656,-366.1000061035156,-340.20001220703125,-310.5,-278.0,-253.5,-228.89999389648438,-219.90000915527344,-164.91976928710938
4488,-279.3599853515625,0.0,0.0,0.19430777430534363,-279.3599853515625,-278.0,52.056800842285156,-374.0799865722656,-366.1000061035156,-340.20001220703125,-310.5,-278.0,-253.5,-228.89999389648438,-219.90000915527344,-164.91976928710938
4496,-279.3599853515625,0.0,0.0,0.19678977131843567,-279.3599853515625,-278.0,52.056800842285156,-374.0799865722656,-366.1000061035156,-340.20001220703125,-310.5,-278.0,-253.5,-228.89999389648438,-219.90000915527344,-164.91976928710938
4504,-279.3599853515625,0.0,0.0,0.19818824529647827,-279.3599853515625,-278.0,52.056800842285156,-374.0799865722656,-366.1000061035156,-340.20001220703125,-310.5,-278.0,-253.5,-228.89999389648438,-219.90000915527344,-164.91976928710938
4512,-279.3800048828125,0.0,0.0,0.1971554458141327,-279.3800048828125,-278.0,52.033599853515625,-374.0799865722656,-366.1000061035156,-340.20001220703125,-310.5,-278.0,-253.5,-228.89999389648438,-220.0,-164.91976928710938
4520,-279.3800048828125,0.0,0.0,0.19836671650409698,-279.3800048828125,-278.0,52.033599853515625,-374.0799865722656,-366.1000061035156,-340.20001220703125,-310.5,-278.0,-253.5,-228.89999389648438,-220.0,-164.91976928710938
4528,-279.3800048828125,0.0,0.0,0.19887197017669678,-279.3800048828125,-278.0,52.033599853515625,-374.0799865722656,-366.1000061035156,-340.20001220703125,-310.5,-278.0,-253.5,-228.89999389648438,-220.0,-164.91976928710938
4536,-279.3800048828125,0.0,0.0,0.19680911302566528,-279.3800048828125,-278.0,52.033599853515625,-374.0799865722656,-366.1000061035156,-340.20001220703125,-310.5,-278.0,-253.5,-228.89999389648438,-220.0,-164.91976928710938
4544,-279.3800048828125,0.0,0.0,0.19977691769599915,-279.3800048828125,-278.0,52.033599853515625,-374.0799865722656,-366.1000061035156,-340.20001220703125,-310.5,-278.0,-253.5,-228.89999389648438,-220.0,-164.91976928710938
4552,-279.3800048828125,0.0,0.0,0.1944608986377716,-279.3800048828125,-278.0,52.033599853515625,-374.0799865722656,-366.1000061035156,-340.20001220703125,-310.5,-278.0,-253.5,-228.89999389648438,-220.0,-164.91976928710938
4560,-279.3800048828125,0.0,0.0,0.19408853352069855,-279.3800048828125,-278.0,52.033599853515625,-374.0799865722656,-366.1000061035156,-340.20001220703125,-310.5,-278.0,-253.5,-228.89999389648438,-220.0,-164.91976928710938
4568,-279.44000244140625,0.0,0.0,0.19204455614089966,-279.44000244140625,-278.0,52.10457229614258,-374.0799865722656,-366.1000061035156,-342.0,-310.5,-278.0,-253.5,-228.89999389648438,-220.0,-164.91976928710938
4576,-279.44000244140625,0.0,0.0,0.193552628159523,-279.44000244140625,-278.0,52.10457229614258,-374.0799865722656,-366.1000061035156,-342.0,-310.5,-278.0,-253.5,-228.89999389648438,-220.0,-164.91976928710938
4584,-279.44000244140625,0.0,0.0,0.19391512870788574,-279.44000244140625,-278.0,52.10457229614258,-374.0799865722656,-366.1000061035156,-342.0,-310.5,-278.0,-253.5,-228.89999389648438,-220.0,-164.91976928710938
4592,-279.44000244140625,0.0,0.0,0.19439250230789185,-279.44000244140625,-278.0,52.10457229614258,-374.0799865722656,-366.1000061035156,-342.0,-310.5,-278.0,-253.5,-228.89999389648438,-220.0,-164.91976928710938
4600,-279.44000244140625,0.0,0.0,0.19341523945331573,-279.44000244140625,-278.0,52.10457229614258,-374.0799865722656,-366.1000061035156,-342.0,-310.5,-278.0,-253.5,-228.89999389648438,-220.0,-164.91976928710938
4608,-279.44000244140625,0.0,0.0,0.19422206282615662,-279.44000244140625,-278.0,52.10457229614258,-374.0799865722656,-366.1000061035156,-342.0,-310.5,-278.0,-253.5,-228.89999389648438,-220.0,-164.91976928710938
4616,-279.44000244140625,0.0,0.0,0.19151446223258972,-279.44000244140625,-278.0,52.10457229614258,-374.0799865722656,-366.1000061035156,-342.0,-310.5,-278.0,-253.5,-228.89999389648438,-220.0,-164.91976928710938
4624,-279.44000244140625,0.0,0.0,0.19236741960048676,-279.44000244140625,-278.0,52.10457229614258,-374.0799865722656,-366.1000061035156,-342.0,-310.5,-278.0,-253.5,-228.89999389648438,-220.0,-164.91976928710938
4632,-279.44000244140625,0.0,0.0,0.19244442880153656,-279.44000244140625,-278.0,52.10457229614258,-374.0799865722656,-366.1000061035156,-342.0,-310.5,-278.0,-253.5,-228.89999389648438,-220.0,-164.91976928710938
4640,-279.44000244140625,0.0,0.0,0.1924082338809967,-279.44000244140625,-278.0,52.10457229614258,-374.0799865722656,-366.1000061035156,-342.0,-310.5,-278.0,-253.5,-228.89999389648438,-220.0,-164.91976928710938
4648,-279.44000244140625,0.0,0.0,0.19239993393421173,-279.44000244140625,-278.0,52.10457229614258,-374.0799865722656,-366.1000061035156,-342.0,-310.5,-278.0,-253.5,-228.89999389648438,-220.0,-164.91976928710938
4656,-279.44000244140625,0.0,0.0,0.19624397158622742,-279.44000244140625,-278.0,52.10457229614258,-374.0799865722656,-366.1000061035156,-342.0,-310.5,-278.0,-253.5,-228.89999389648438,-220.0,-164.91976928710938
4664,-279.44000244140625,0.0,0.0,0.19892244040966034,-279.44000244140625,-278.0,52.10457229614258,-374.0799865722656,-366.1000061035156,-342.0,-310.5,-278.0,-253.5,-228.89999389648438,-220.0,-164.91976928710938
4672,-279.44000244140625,0.0,0.0,0.20203770697116852,-279.44000244140625,-278.0,52.10457229614258,-374.0799865722656,-366.1000061035156,-342.0,-310.5,-278.0,-253.5,-228.89999389648438,-220.0,-164.91976928710938
4680,-279.5,0.0,0.0,0.20168212056159973,-279.5,-278.0,52.13626480102539,-374.0799865722656,-366.1000061035156,-342.0,-310.5,-278.0,-253.5,-228.89999389648438,-220.0,-164.91976928710938
4688,-279.5,0.0,0.0,0.19877195358276367,-279.5,-278.0,52.13626480102539,-374.0799865722656,-366.1000061035156,-342.0,-310.5,-278.0,-253.5,-228.89999389648438,-220.0,-164.91976928710938
4696,-279.5199890136719,0.0,0.0,0.19453509151935577,-279.5199890136719,-278.0,52.1291618347168,-374.0799865722656,-366.1000061035156,-342.0,-310.5,-278.0,-253.5,-228.89999389648438,-220.0,-164.91976928710938
4704,-279.5199890136719,0.0,0.0,0.19502048194408417,-279.5199890136719,-278.0,52.1291618347168,-374.0799865722656,-366.1000061035156,-342.0,-310.5,-278.0,-253.5,-228.89999389648438,-220.0,-164.91976928710938
4712,-279.5199890136719,0.0,0.0,0.19667339324951172,-279.5199890136719,-278.0,52.1291618347168,-374.0799865722656,-366.1000061035156,-342.0,-310.5,-278.0,-253.5,-228.89999389648438,-220.0,-164.91976928710938
4720,-279.5199890136719,0.0,0.0,0.1989414244890213,-279.5199890136719,-278.0,52.1291618347168,-374.0799865722656,-366.1000061035156,-342.0,-310.5,-278.0,-253.5,-228.89999389648438,-220.0,-164.91976928710938
4728,-279.5199890136719,0.0,0.0,0.2034337967634201,-279.5199890136719,-278.0,52.1291618347168,-374.0799865722656,-366.1000061035156,-342.0,-310.5,-278.0,-253.5,-228.89999389648438,-220.0,-164.91976928710938
4736,-279.5199890136719,0.0,0.0,0.20609934628009796,-279.5199890136719,-278.0,52.1291618347168,-374.0799865722656,-366.1000061035156,-342.0,-310.5,-278.0,-253.5,-228.89999389648438,-220.0,-164.91976928710938
4744,-279.5199890136719,0.0,0.0,0.21062201261520386,-279.5199890136719,-278.0,52.1291618347168,-374.0799865722656,-366.1000061035156,-342.0,-310.5,-278.0,-253.5,-228.89999389648438,-220.0,-164.91976928710938
4752,-279.5199890136719,0.0,0.0,0.20852717757225037,-279.5199890136719,-278.0,52.1291618347168,-374.0799865722656,-366.1000061035156,-342.0,-310.5,-278.0,-253.5,-228.89999389648438,-220.0,-164.91976928710938
4760,-279.5199890136719,0.0,0.0,0.20634883642196655,-279.5199890136719,-278.0,52.1291618347168,-374.0799865722656,-366.1000061035156,-342.0,-310.5,-278.0,-253.5,-228.89999389648438,-220.0,-164.91976928710938
4768,-279.5199890136719,0.0,0.0,0.2072766125202179,-279.5199890136719,-278.0,52.1291618347168,-374.0799865722656,-366.1000061035156,-342.0,-310.5,-278.0,-253.5,-228.89999389648438,-220.0,-164.91976928710938
4776,-279.5199890136719,0.0,0.0,0.2012905776500702,-279.5199890136719,-278.0,52.1291618347168,-374.0799865722656,-366.1000061035156,-342.0,-310.5,-278.0,-253.5,-228.89999389648438,-220.0,-164.91976928710938
4784,-279.5199890136719,0.0,0.0,0.20106357336044312,-279.5199890136719,-278.0,52.1291618347168,-374.0799865722656,-366.1000061035156,-342.0,-310.5,-278.0,-253.5,-228.89999389648438,-220.0,-164.91976928710938
4792,-279.5199890136719,0.0,0.0,0.2010663002729416,-279.5199890136719,-278.0,52.1291618347168,-374.0799865722656,-366.1000061035156,-342.0,-310.5,-278.0,-253.5,-228.89999389648438,-220.0,-164.91976928710938
4800,-279.5199890136719,0.0,0.0,0.19134244322776794,-279.5199890136719,-278.0,52.1291618347168,-374.0799865722656,-366.1000061035156,-342.0,-310.5,-278.0,-253.5,-228.89999389648438,-220.0,-164.91976928710938
4808,-279.55999755859375,0.0,0.0,0.18857985734939575,-279.55999755859375,-278.0,52.135650634765625,-374.0799865722656,-366.1000061035156,-342.0,-310.5,-278.0,-253.5,-228.89999389648438,-220.0,-164.91976928710938
4816,-279.5799865722656,0.0,0.0,0.18838290870189667,-279.5799865722656,-278.0,52.121238708496094,-374.0799865722656,-366.1000061035156,-342.0,-310.5,-278.0,-253.5,-228.89999389648438,-220.0,-164.91976928710938
4824,-279.5799865722656,0.0,0.0,0.18529143929481506,-279.5799865722656,-278.0,52.121238708496094,-374.0799865722656,-366.1000061035156,-342.0,-310.5,-278.0,-253.5,-228.89999389648438,-220.0,-164.91976928710938
4832,-279.6199951171875,0.0,0.0,0.18648619949817657,-279.6199951171875,-278.0,52.0770149230957,-374.0799865722656,-366.1000061035156,-342.0,-310.5,-278.0,-253.5,-228.89999389648438,-222.85000610351562,-164.91976928710938
4840,-279.6199951171875,0.0,0.0,0.18438872694969177,-279.6199951171875,-278.0,52.0770149230957,-374.0799865722656,-366.1000061035156,-342.0,-310.5,-278.0,-253.5,-228.89999389648438,-222.85000610351562,-164.91976928710938
4848,-279.6199951171875,0.0,0.0,0.18731798231601715,-279.6199951171875,-278.0,52.0770149230957,-374.0799865722656,-366.1000061035156,-342.0,-310.5,-278.0,-253.5,-228.89999389648438,-222.85000610351562,-164.91976928710938
4856,-279.6399841308594,0.0,0.0,0.18266208469867706,-279.6400146484375,-278.0,52.06871032714844,-374.0799865722656,-366.1000061035156,-342.0,-310.5,-278.0,-253.5,-228.89999389648438,-222.85000610351562,-164.91976928710938
4864,-279.6399841308594,0.0,0.0,0.17591728270053864,-279.6400146484375,-278.0,52.06871032714844,-374.0799865722656,-366.1000061035156,-342.0,-310.5,-278.0,-253.5,-228.89999389648438,-222.85000610351562,-164.91976928710938
4872,-279.6399841308594,0.0,0.0,0.17560294270515442,-279.6400146484375,-278.0,52.06871032714844,-374.0799865722656,-366.1000061035156,-342.0,-310.5,-278.0,-253.5,-228.89999389648438,-222.85000610351562,-164.91976928710938
4880,-279.6399841308594,0.0,0.0,0.1755874752998352,-279.6400146484375,-278.0,52.06871032714844,-374.0799865722656,-366.1000061035156,-342.0,-310.5,-278.0,-253.5,-228.89999389648438,-222.85000610351562,-164.91976928710938
4888,-279.6399841308594,0.0,0.0,0.17657524347305298,-279.6400146484375,-278.0,52.06871032714844,-374.0799865722656,-366.1000061035156,-342.0,-310.5,-278.0,-253.5,-228.89999389648438,-222.85000610351562,-164.91976928710938
4896,-279.6600036621094,0.0,0.0,0.17657248675823212,-279.6600036621094,-278.0,52.09149932861328,-374.0799865722656,-366.1000061035156,-342.0,-310.5,-278.0,-253.5,-228.89999389648438,-222.85000610351562,-164.91976928710938
4904,-279.6600036621094,0.0,0.0,0.17402133345603943,-279.6600036621094,-278.0,52.09149932861328,-374.0799865722656,-366.1000061035156,-342.0,-310.5,-278.0,-253.5,-228.89999389648438,-222.85000610351562,-164.91976928710938
4912,-279.6600036621094,0.0,0.0,0.17256946861743927,-279.6600036621094,-278.0,52.09149932861328,-374.0799865722656,-366.1000061035156,-342.0,-310.5,-278.0,-253.5,-228.89999389648438,-222.85000610351562,-164.91976928710938
4920,-279.6600036621094,0.0,0.0,0.17152945697307587,-279.6600036621094,-278.0,52.09149932861328,-374.0799865722656,-366.1000061035156,-342.0,-310.5,-278.0,-253.5,-228.89999389648438,-222.85000610351562,-164.91976928710938
4928,-279.6999816894531,0.0,0.0,0.16944792866706848,-279.70001220703125,-278.0,52.07715606689453,-374.0799865722656,-366.1000061035156,-342.0,-310.5,-278.0,-253.5,-228.89999389648438,-222.85000610351562,-164.91976928710938
4936,-279.6999816894531,0.0,0.0,0.1693539321422577,-279.70001220703125,-278.0,52.07715606689453,-374.0799865722656,-366.1000061035156,-342.0,-310.5,-278.0,-253.5,-228.89999389648438,-222.85000610351562,-164.91976928710938
4944,-279.6999816894531,0.0,0.0,0.1691242754459381,-279.70001220703125,-278.0,52.07715606689453,-374.0799865722656,-366.1000061035156,-342.0,-310.5,-278.0,-253.5,-228.89999389648438,-222.85000610351562,-164.91976928710938
4952,-279.6999816894531,0.0,0.0,0.16914832592010498,-279.70001220703125,-278.0,52.07715606689453,-374.0799865722656,-366.1000061035156,-342.0,-310.5,-278.0,-253.5,-228.89999389648438,-222.85000610351562,-164.91976928710938
4960,-279.6999816894531,0.0,0.0,0.16915851831436157,-279.70001220703125,-278.0,52.07715606689453,-374.0799865722656,-366.1000061035156,-342.0,-310.5,-278.0,-253.5,-228.89999389648438,-222.85000610351562,-164.91976928710938
4968,-279.6999816894531,0.0,0.0,0.17110532522201538,-279.70001220703125,-278.0,52.07715606689453,-374.0799865722656,-366.1000061035156,-342.0,-310.5,-278.0,-253.5,-228.89999389648438,-222.85000610351562,-164.91976928710938
4976,-279.6999816894531,0.0,0.0,0.1609240174293518,-279.70001220703125,-278.0,52.07715606689453,-374.0799865722656,-366.1000061035156,-342.0,-310.5,-278.0,-253.5,-228.89999389648438,-222.85000610351562,-164.91976928710938
4984,-279.6999816894531,0.0,0.0,0.16184855997562408,-279.70001220703125,-278.0,52.07715606689453,-374.0799865722656,-366.1000061035156,-342.0,-310.5,-278.0,-253.5,-228.89999389648438,-222.85000610351562,-164.91976928710938
4992,-279.6999816894531,0.0,0.0,0.16240687668323517,-279.70001220703125,-278.0,52.07715606689453,-374.0799865722656,-366.1000061035156,-342.0,-310.5,-278.0,-253.5,-228.89999389648438,-222.85000610351562,-164.91976928710938
5000,-279.6999816894531,0.0,0.0,0.16734832525253296,-279.70001220703125,-278.0,52.07715606689453,-374.0799865722656,-366.1000061035156,-342.0,-310.5,-278.0,-253.5,-228.89999389648438,-222.85000610351562,-164.91976928710938
5008,-279.6999816894531,0.0,0.0,0.16653475165367126,-279.70001220703125,-278.0,52.07715606689453,-374.0799865722656,-366.1000061035156,-342.0,-310.5,-278.0,-253.5,-228.89999389648438,-222.85000610351562,-164.91976928710938
5016,-279.6999816894531,0.0,0.0,0.16642798483371735,-279.70001220703125,-278.0,52.07715606689453,-374.0799865722656,-366.1000061035156,-342.0,-310.5,-278.0,-253.5,-228.89999389648438,-222.85000610351562,-164.91976928710938
5024,-279.6999816894531,0.0,0.0,0.1664828062057495,-279.70001220703125,-278.0,52.07715606689453,-374.0799865722656,-366.1000061035156,-342.0,-310.5,-278.0,-253.5,-228.89999389648438,-222.85000610351562,-164.91976928710938
5032,-279.6999816894531,0.0,0.0,0.16786816716194153,-279.70001220703125,-278.0,52.07715606689453,-374.0799865722656,-366.1000061035156,-342.0,-310.5,-278.0,-253.5,-228.89999389648438,-222.85000610351562,-164.91976928710938
5040,-279.6999816894531,0.0,0.0,0.17011602222919464,-279.70001220703125,-278.0,52.07715606689453,-374.0799865722656,-366.1000061035156,-342.0,-310.5,-278.0,-253.5,-228.89999389648438,-222.85000610351562,-164.91976928710938
5048,-279.6999816894531,0.0,0.0,0.17068421840667725,-279.70001220703125,-278.0,52.07715606689453,-374.0799865722656,-366.1000061035156,-342.0,-310.5,-278.0,-253.5,-228.89999389648438,-222.85000610351562,-164.91976928710938
5056,-279.6999816894531,0.0,0.0,0.17263153195381165,-279.70001220703125,-278.0,52.07715606689453,-374.0799865722656,-366.1000061035156,-342.0,-310.5,-278.0,-253.5,-228.89999389648438,-222.85000610351562,-164.91976928710938
5064,-279.6999816894531,0.0,0.0,0.16750280559062958,-279.70001220703125,-278.0,52.07715606689453,-374.0799865722656,-366.1000061035156,-342.0,-310.5,-278.0,-253.5,-228.89999389648438,-222.85000610351562,-164.91976928710938
5072,-279.6999816894531,0.0,0.0,0.16431014239788055,-279.70001220703125,-278.0,52.07715606689453,-374.0799865722656,-366.1000061035156,-342.0,-310.5,-278.0,-253.5,-228.89999389648438,-222.85000610351562,-164.91976928710938
5080,-279.6999816894531,0.0,0.0,0.16579756140708923,-279.70001220703125,-278.0,52.07715606689453,-374.0799865722656,-366.1000061035156,-342.0,-310.5,-278.0,-253.5,-228.89999389648438,-222.85000610351562,-164.91976928710938
5088,-279.6999816894531,0.0,0.0,0.16703763604164124,-279.70001220703125,-278.0,52.07715606689453,-374.0799865722656,-366.1000061035156,-342.0,-310.5,-278.0,-253.5,-228.89999389648438,-222.85000610351562,-164.91976928710938
5096,-279.7200012207031,0.0,0.0,0.17258720099925995,-279.7200012207031,-278.0,52.07265853881836,-374.0799865722656,-366.1000061035156,-342.0,-310.5,-278.0,-253.5,-228.89999389648438,-222.85000610351562,-164.91976928710938
5104,-279.7200012207031,0.0,0.0,0.1742759644985199,-279.7200012207031,-278.0,52.07265853881836,-374.0799865722656,-366.1000061035156,-342.0,-310.5,-278.0,-253.5,-228.89999389648438,-222.85000610351562,-164.91976928710938
5112,-279.7200012207031,0.0,0.0,0.17769572138786316,-279.7200012207031,-278.0,52.07265853881836,-374.0799865722656,-366.1000061035156,-342.0,-310.5,-278.0,-253.5,-228.89999389648438,-222.85000610351562,-164.91976928710938
5120,-279.7200012207031,0.0,0.0,0.18165522813796997,-279.7200012207031,-278.0,52.07265853881836,-374.0799865722656,-366.1000061035156,-342.0,-310.5,-278.0,-253.5,-228.89999389648438,-222.85000610351562,-164.91976928710938
5128,-279.82000732421875,0.0,0.0,0.17838603258132935,-279.82000732421875,-278.0,52.13259506225586,-374.0799865722656,-366.1000061035156,-342.0,-312.0,-278.0,-253.5,-228.89999389648438,-222.85000610351562,-164.91976928710938
5136,-279.8800048828125,0.0,0.0,0.17169944941997528,-279.8800048828125,-278.0,52.23509979248047,-374.0799865722656,-368.0,-342.0,-312.0,-278.0,-253.5,-228.89999389648438,-222.85000610351562,-164.91976928710938
5144,-279.8800048828125,0.0,0.0,0.17275172472000122,-279.8800048828125,-278.0,52.23509979248047,-374.0799865722656,-368.0,-342.0,-312.0,-278.0,-253.5,-228.89999389648438,-222.85000610351562,-164.91976928710938
5152,-279.8999938964844,0.0,0.0,0.1712946891784668,-279.8999938964844,-278.0,52.217525482177734,-374.0799865722656,-368.0,-342.0,-312.0,-278.0,-253.5,-228.89999389648438,-222.85000610351562,-164.91976928710938
5160,-279.8999938964844,0.0,0.0,0.17214900255203247,-279.8999938964844,-278.0,52.217525482177734,-374.0799865722656,-368.0,-342.0,-312.0,-278.0,-253.5,-228.89999389648438,-222.85000610351562,-164.91976928710938
5168,-279.8999938964844,0.0,0.0,0.17271262407302856,-279.8999938964844,-278.0,52.217525482177734,-374.0799865722656,-368.0,-342.0,-312.0,-278.0,-253.5,-228.89999389648438,-222.85000610351562,-164.91976928710938
5176,-279.8999938964844,0.0,0.0,0.1719350814819336,-279.8999938964844,-278.0,52.217525482177734,-374.0799865722656,-368.0,-342.0,-312.0,-278.0,-253.5,-228.89999389648438,-222.85000610351562,-164.91976928710938
5184,-279.8999938964844,0.0,0.0,0.17667372524738312,-279.8999938964844,-278.0,52.217525482177734,-374.0799865722656,-368.0,-342.0,-312.0,-278.0,-253.5,-228.89999389648438,-222.85000610351562,-164.91976928710938
5192,-279.8999938964844,0.0,0.0,0.17903567850589752,-279.8999938964844,-278.0,52.217525482177734,-374.0799865722656,-368.0,-342.0,-312.0,-278.0,-253.5,-228.89999389648438,-222.85000610351562,-164.91976928710938
5200,-279.8999938964844,0.0,0.0,0.18640750646591187,-279.8999938964844,-278.0,52.217525482177734,-374.0799865722656,-368.0,-342.0,-312.0,-278.0,-253.5,-228.89999389648438,-222.85000610351562,-164.91976928710938
5208,-279.8999938964844,0.0,0.0,0.17321254312992096,-279.8999938964844,-278.0,52.217525482177734,-374.0799865722656,-368.0,-342.0,-312.0,-278.0,-253.5,-228.89999389648438,-222.85000610351562,-164.91976928710938
5216,-279.8999938964844,0.0,0.0,0.1660941243171692,-279.8999938964844,-278.0,52.217525482177734,-374.0799865722656,-368.0,-342.0,-312.0,-278.0,-253.5,-228.89999389648438,-222.85000610351562,-164.91976928710938
5224,-279.8999938964844,0.0,0.0,0.16885900497436523,-279.8999938964844,-278.0,52.217525482177734,-374.0799865722656,-368.0,-342.0,-312.0,-278.0,-253.5,-228.89999389648438,-222.85000610351562,-164.91976928710938
5232,-279.8999938964844,0.0,0.0,0.1703958511352539,-279.8999938964844,-278.0,52.217525482177734,-374.0799865722656,-368.0,-342.0,-312.0,-278.0,-253.5,-228.89999389648438,-222.85000610351562,-164.91976928710938
5240,-279.8999938964844,0.0,0.0,0.17284680902957916,-279.8999938964844,-278.0,52.217525482177734,-374.0799865722656,-368.0,-342.0,-312.0,-278.0,-253.5,-228.89999389648438,-222.85000610351562,-164.91976928710938
5248,-279.8999938964844,0.0,0.0,0.17399394512176514,-279.8999938964844,-278.0,52.217525482177734,-374.0799865722656,-368.0,-342.0,-312.0,-278.0,-253.5,-228.89999389648438,-222.85000610351562,-164.91976928710938
5256,-279.8999938964844,0.0,0.0,0.1709892302751541,-279.8999938964844,-278.0,52.217525482177734,-374.0799865722656,-368.0,-342.0,-312.0,-278.0,-253.5,-228.89999389648438,-222.85000610351562,-164.91976928710938
5264,-279.8999938964844,0.0,0.0,0.1676693558692932,-279.8999938964844,-278.0,52.217525482177734,-374.0799865722656,-368.0,-342.0,-312.0,-278.0,-253.5,-228.89999389648438,-222.85000610351562,-164.91976928710938
5272,-279.8999938964844,0.0,0.0,0.16661295294761658,-279.8999938964844,-278.0,52.217525482177734,-374.0799865722656,-368.0,-342.0,-312.0,-278.0,-253.5,-228.89999389648438,-222.85000610351562,-164.91976928710938
5280,-279.8999938964844,0.0,0.0,0.1651051640510559,-279.8999938964844,-278.0,52.217525482177734,-374.0799865722656,-368.0,-342.0,-312.0,-278.0,-253.5,-228.89999389648438,-222.85000610351562,-164.91976928710938
5288,-279.8999938964844,0.0,0.0,0.16154275834560394,-279.8999938964844,-278.0,52.217525482177734,-374.0799865722656,-368.0,-342.0,-312.0,-278.0,-253.5,-228.89999389648438,-222.85000610351562,-164.91976928710938
5296,-279.8999938964844,0.0,0.0,0.16047881543636322,-279.8999938964844,-278.0,52.217525482177734,-374.0799865722656,-368.0,-342.0,-312.0,-278.0,-253.5,-228.89999389648438,-222.85000610351562,-164.91976928710938
5304,-279.8999938964844,0.0,0.0,0.16230975091457367,-279.8999938964844,-278.0,52.217525482177734,-374.0799865722656,-368.0,-342.0,-312.0,-278.0,-253.5,-228.89999389648438,-222.85000610351562,-164.91976928710938
5312,-279.8999938964844,0.0,0.0,0.16216808557510376,-279.8999938964844,-278.0,52.217525482177734,-374.0799865722656,-368.0,-342.0,-312.0,-278.0,-253.5,-228.89999389648438,-222.85000610351562,-164.91976928710938
5320,-279.94000244140625,0.0,0.0,0.15757036209106445,-279.94000244140625,-278.0,52.212989807128906,-374.0799865722656,-368.0,-342.0,-312.0,-278.0,-253.5,-228.89999389648438,-222.85000610351562,-164.91976928710938
5328,-279.94000244140625,0.0,0.0,0.15611205995082855,-279.94000244140625,-278.0,52.212989807128906,-374.0799865722656,-368.0,-342.0,-312.0,-278.0,-253.5,-228.89999389648438,-222.85000610351562,-164.91976928710938
5336,-279.94000244140625,0.0,0.0,0.15862253308296204,-279.94000244140625,-278.0,52.212989807128906,-374.0799865722656,-368.0,-342.0,-312.0,-278.0,-253.5,-228.89999389648438,-222.85000610351562,-164.91976928710938
5344,-279.94000244140625,0.0,0.0,0.15792283415794373,-279.94000244140625,-278.0,52.212989807128906,-374.0799865722656,-368.0,-342.0,-312.0,-278.0,-253.5,-228.89999389648438,-222.85000610351562,-164.91976928710938
5352,-279.94000244140625,0.0,0.0,0.1578589528799057,-279.94000244140625,-278.0,52.212989807128906,-374.0799865722656,-368.0,-342.0,-312.0,-278.0,-253.5,-228.89999389648438,-222.85000610351562,-164.91976928710938
5360,-279.94000244140625,0.0,0.0,0.1583966165781021,-279.94000244140625,-278.0,52.212989807128906,-374.0799865722656,-368.0,-342.0,-312.0,-278.0,-253.5,-228.89999389648438,-222.85000610351562,-164.91976928710938
5368,-279.94000244140625,0.0,0.0,0.15329596400260925,-279.94000244140625,-278.0,52.212989807128906,-374.0799865722656,-368.0,-342.0,-312.0,-278.0,-253.5,-228.89999389648438,-222.85000610351562,-164.91976928710938
5376,-279.9599914550781,0.0,0.0,0.15615469217300415,-279.9599914550781,-278.0,52.19921875,-374.0799865722656,-368.0,-342.0,-312.0,-278.0,-253.5,-228.89999389648438,-222.85000610351562,-164.91976928710938
5384,-279.9599914550781,0.0,0.0,0.1557135283946991,-279.9599914550781,-278.0,52.19921875,-374.0799865722656,-368.0,-342.0,-312.0,-278.0,-253.5,-228.89999389648438,-222.85000610351562,-164.91976928710938
5392,-279.9599914550781,0.0,0.0,0.1574268341064453,-279.9599914550781,-278.0,52.19921875,-374.0799865722656,-368.0,-342.0,-312.0,-278.0,-253.5,-228.89999389648438,-222.85000610351562,-164.91976928710938
5400,-279.9599914550781,0.0,0.0,0.15258672833442688,-279.9599914550781,-278.0,52.19921875,-374.0799865722656,-368.0,-342.0,-312.0,-278.0,-253.5,-228.89999389648438,-222.85000610351562,-164.91976928710938
5408,-279.9599914550781,0.0,0.0,0.15450488030910492,-279.9599914550781,-278.0,52.19921875,-374.0799865722656,-368.0,-342.0,-312.0,-278.0,-253.5,-228.89999389648438,-222.85000610351562,-164.91976928710938
5416,-279.9599914550781,0.0,0.0,0.15516000986099243,-279.9599914550781,-278.0,52.19921875,-374.0799865722656,-368.0,-342.0,-312.0,-278.0,-253.5,-228.89999389648438,-222.85000610351562,-164.91976928710938
5424,-279.9599914550781,0.0,0.0,0.1549878716468811,-279.9599914550781,-278.0,52.19921875,-374.0799865722656,-368.0,-342.0,-312.0,-278.0,-253.5,-228.89999389648438,-222.85000610351562,-164.91976928710938
5432,-279.9599914550781,0.0,0.0,0.15542671084403992,-279.9599914550781,-278.0,52.19921875,-374.0799865722656,-368.0,-342.0,-312.0,-278.0,-253.5,-228.89999389648438,-222.85000610351562,-164.91976928710938
5440,-279.9599914550781,0.0,0.0,0.15032145380973816,-279.9599914550781,-278.0,52.19921875,-374.0799865722656,-368.0,-342.0,-312.0,-278.0,-253.5,-228.89999389648438,-222.85000610351562,-164.91976928710938
5448,-279.9599914550781,0.0,0.0,0.14998479187488556,-279.9599914550781,-278.0,52.19921875,-374.0799865722656,-368.0,-342.0,-312.0,-278.0,-253.5,-228.89999389648438,-222.85000610351562,-164.91976928710938
5456,-279.9599914550781,0.0,0.0,0.14872561395168304,-279.9599914550781,-278.0,52.19921875,-374.0799865722656,-368.0,-342.0,-312.0,-278.0,-253.5,-228.89999389648438,-222.85000610351562,-164.91976928710938
5464,-279.9599914550781,0.0,0.0,0.1436499059200287,-279.9599914550781,-278.0,52.19921875,-374.0799865722656,-368.0,-342.0,-312.0,-278.0,-253.5,-228.89999389648438,-222.85000610351562,-164.91976928710938
5472,-279.9599914550781,0.0,0.0,0.14371806383132935,-279.9599914550781,-278.0,52.19921875,-374.0799865722656,-368.0,-342.0,-312.0,-278.0,-253.5,-228.89999389648438,-222.85000610351562,-164.91976928710938
5480,-279.9599914550781,0.0,0.0,0.14174489676952362,-279.9599914550781,-278.0,52.19921875,-374.0799865722656,-368.0,-342.0,-312.0,-278.0,-253.5,-228.89999389648438,-222.85000610351562,-164.91976928710938
5488,-279.9599914550781,0.0,0.0,0.14427994191646576,-279.9599914550781,-278.0,52.19921875,-374.0799865722656,-368.0,-342.0,-312.0,-278.0,-253.5,-228.89999389648438,-222.85000610351562,-164.91976928710938
5496,-279.9599914550781,0.0,0.0,0.14454813301563263,-279.9599914550781,-278.0,52.19921875,-374.0799865722656,-368.0,-342.0,-312.0,-278.0,-253.5,-228.89999389648438,-222.85000610351562,-164.91976928710938
5504,-279.9599914550781,0.0,0.0,0.14604555070400238,-279.9599914550781,-278.0,52.19921875,-374.0799865722656,-368.0,-342.0,-312.0,-278.0,-253.5,-228.89999389648438,-222.85000610351562,-164.91976928710938
5512,-279.9599914550781,0.0,0.0,0.14668750762939453,-279.9599914550781,-278.0,52.19921875,-374.0799865722656,-368.0,-342.0,-312.0,-278.0,-253.5,-228.89999389648438,-222.85000610351562,-164.91976928710938
5520,-279.9599914550781,0.0,0.0,0.14782048761844635,-279.9599914550781,-278.0,52.19921875,-374.0799865722656,-368.0,-342.0,-312.0,-278.0,-253.5,-228.89999389648438,-222.85000610351562,-164.91976928710938
5528,-279.9599914550781,0.0,0.0,0.15341369807720184,-279.9599914550781,-278.0,52.19921875,-374.0799865722656,-368.0,-342.0,-312.0,-278.0,-253.5,-228.89999389648438,-222.85000610351562,-164.91976928710938
5536,-279.9599914550781,0.0,0.0,0.14831140637397766,-279.9599914550781,-278.0,52.19921875,-374.0799865722656,-368.0,-342.0,-312.0,-278.0,-253.5,-228.89999389648438,-222.85000610351562,-164.91976928710938
5544,-279.9599914550781,0.0,0.0,0.15110069513320923,-279.9599914550781,-278.0,52.19921875,-374.0799865722656,-368.0,-342.0,-312.0,-278.0,-253.5,-228.89999389648438,-222.85000610351562,-164.91976928710938
5552,-279.9599914550781,0.0,0.0,0.14697809517383575,-279.9599914550781,-278.0,52.19921875,-374.0799865722656,-368.0,-342.0,-312.0,-278.0,-253.5,-228.89999389648438,-222.85000610351562,-164.91976928710938
5560,-279.9599914550781,0.0,0.0,0.14693281054496765,-279.9599914550781,-278.0,52.19921875,-374.0799865722656,-368.0,-342.0,-312.0,-278.0,-253.5,-228.89999389648438,-222.85000610351562,-164.91976928710938
5568,-279.9599914550781,0.0,0.0,0.14284288883209229,-279.9599914550781,-278.0,52.19921875,-374.0799865722656,-368.0,-342.0,-312.0,-278.0,-253.5,-228.89999389648438,-222.85000610351562,-164.91976928710938
5576,-279.9599914550781,0.0,0.0,0.141082763671875,-279.9599914550781,-278.0,52.19921875,-374.0799865722656,-368.0,-342.0,-312.0,-278.0,-253.5,-228.89999389648438,-222.85000610351562,-164.91976928710938
5584,-279.9599914550781,0.0,0.0,0.14134730398654938,-279.9599914550781,-278.0,52.19921875,-374.0799865722656,-368.0,-342.0,-312.0,-278.0,-253.5,-228.89999389648438,-222.85000610351562,-164.91976928710938
5592,-279.9599914550781,0.0,0.0,0.14132389426231384,-279.9599914550781,-278.0,52.19921875,-374.0799865722656,-368.0,-342.0,-312.0,-278.0,-253.5,-228.89999389648438,-222.85000610351562,-164.91976928710938
5600,-279.9599914550781,0.0,0.0,0.14600114524364471,-279.9599914550781,-278.0,52.19921875,-374.0799865722656,-368.0,-342.0,-312.0,-278.0,-253.5,-228.89999389648438,-222.85000610351562,-164.91976928710938
5608,-279.9599914550781,0.0,0.0,0.14210738241672516,-279.9599914550781,-278.0,52.19921875,-374.0799865722656,-368.0,-342.0,-312.0,-278.0,-253.5,-228.89999389648438,-222.85000610351562,-164.91976928710938
5616,-279.9599914550781,0.0,0.0,0.13588932156562805,-279.9599914550781,-278.0,52.19921875,-374.0799865722656,-368.0,-342.0,-312.0,-278.0,-253.5,-228.89999389648438,-222.85000610351562,-164.91976928710938
5624,-279.9599914550781,0.0,0.0,0.13702307641506195,-279.9599914550781,-278.0,52.19921875,-374.0799865722656,-368.0,-342.0,-312.0,-278.0,-253.5,-228.89999389648438,-222.85000610351562,-164.91976928710938
5632,-279.9599914550781,0.0,0.0,0.1369810402393341,-279.9599914550781,-278.0,52.19921875,-374.0799865722656,-368.0,-342.0,-312.0,-278.0,-253.5,-228.89999389648438,-222.85000610351562,-164.91976928710938
5640,-279.9599914550781,0.0,0.0,0.13805817067623138,-279.9599914550781,-278.0,52.19921875,-374.0799865722656,-368.0,-342.0,-312.0,-278.0,-253.5,-228.89999389648438,-222.85000610351562,-164.91976928710938
5648,-280.0,0.0,0.0,0.13460400700569153,-280.0,-278.0,52.1578369140625,-374.0799865722656,-368.0,-342.0,-312.0,-278.0,-253.5,-228.89999389648438,-222.85000610351562,-164.91976928710938
5656,-280.0,0.0,0.0,0.13425549864768982,-280.0,-278.0,52.1578369140625,-374.0799865722656,-368.0,-342.0,-312.0,-278.0,-253.5,-228.89999389648438,-222.85000610351562,-164.91976928710938
5664,-280.0,0.0,0.0,0.1342484951019287,-280.0,-278.0,52.1578369140625,-374.0799865722656,-368.0,-342.0,-312.0,-278.0,-253.5,-228.89999389648438,-222.85000610351562,-164.91976928710938
5672,-280.0,0.0,0.0,0.1364506334066391,-280.0,-278.0,52.1578369140625,-374.0799865722656,-368.0,-342.0,-312.0,-278.0,-253.5,-228.89999389648438,-222.85000610351562,-164.91976928710938
5680,-280.0,0.0,0.0,0.13843968510627747,-280.0,-278.0,52.1578369140625,-374.0799865722656,-368.0,-342.0,-312.0,-278.0,-253.5,-228.89999389648438,-222.85000610351562,-164.91976928710938
5688,-280.0199890136719,0.0,0.0,0.14064687490463257,-280.0199890136719,-278.0,52.194252014160156,-376.0400085449219,-368.0,-342.0,-312.0,-278.0,-253.5,-228.89999389648438,-222.85000610351562,-164.91976928710938
5696,-280.0199890136719,0.0,0.0,0.13811224699020386,-280.0199890136719,-278.0,52.194252014160156,-376.0400085449219,-368.0,-342.0,-312.0,-278.0,-253.5,-228.89999389648438,-222.85000610351562,-164.91976928710938
5704,-280.0199890136719,0.0,0.0,0.13248024880886078,-280.0199890136719,-278.0,52.194252014160156,-376.0400085449219,-368.0,-342.0,-312.0,-278.0,-253.5,-228.89999389648438,-222.85000610351562,-164.91976928710938
5712,-280.0199890136719,0.0,0.0,0.13363368809223175,-280.0199890136719,-278.0,52.194252014160156,-376.0400085449219,-368.0,-342.0,-312.0,-278.0,-253.5,-228.89999389648438,-222.85000610351562,-164.91976928710938
5720,-280.0199890136719,0.0,0.0,0.1366523653268814,-280.0199890136719,-278.0,52.194252014160156,-376.0400085449219,-368.0,-342.0,-312.0,-278.0,-253.5,-228.89999389648438,-222.85000610351562,-164.91976928710938
5728,-280.0199890136719,0.0,0.0,0.1350497454404831,-280.0199890136719,-278.0,52.194252014160156,-376.0400085449219,-368.0,-342.0,-312.0,-278.0,-253.5,-228.89999389648438,-222.85000610351562,-164.91976928710938
5736,-280.0400085449219,0.0,0.0,0.13159474730491638,-280.0400085449219,-278.0,52.177371978759766,-376.0400085449219,-368.0,-342.0,-312.0,-278.0,-253.5,-228.89999389648438,-222.85000610351562,-164.91976928710938
5744,-280.0400085449219,0.0,0.0,0.13086797297000885,-280.0400085449219,-278.0,52.177371978759766,-376.0400085449219,-368.0,-342.0,-312.0,-278.0,-253.5,-228.89999389648438,-222.85000610351562,-164.91976928710938
5752,-280.0400085449219,0.0,0.0,0.13625964522361755,-280.0400085449219,-278.0,52.177371978759766,-376.0400085449219,-368.0,-342.0,-312.0,-278.0,-253.5,-228.89999389648438,-222.85000610351562,-164.91976928710938
5760,-280.0400085449219,0.0,0.0,0.1360699087381363,-280.0400085449219,-278.0,52.177371978759766,-376.0400085449219,-368.0,-342.0,-312.0,-278.0,-253.5,-228.89999389648438,-222.85000610351562,-164.91976928710938
5768,-280.0400085449219,0.0,0.0,0.13528980314731598,-280.0400085449219,-278.0,52.177371978759766,-376.0400085449219,-368.0,-342.0,-312.0,-278.0,-253.5,-228.89999389648438,-222.85000610351562,-164.91976928710938
5776,-280.0400085449219,0.0,0.0,0.1346435844898224,-280.0400085449219,-278.0,52.177371978759766,-376.0400085449219,-368.0,-342.0,-312.0,-278.0,-253.5,-228.89999389648438,-222.85000610351562,-164.91976928710938
5784,-280.0400085449219,0.0,0.0,0.1362384706735611,-280.0400085449219,-278.0,52.177371978759766,-376.0400085449219,-368.0,-342.0,-312.0,-278.0,-253.5,-228.89999389648438,-222.85000610351562,-164.91976928710938
5792,-280.0400085449219,0.0,0.0,0.13172243535518646,-280.0400085449219,-278.0,52.177371978759766,-376.0400085449219,-368.0,-342.0,-312.0,-278.0,-253.5,-228.89999389648438,-222.85000610351562,-164.91976928710938
5800,-280.0400085449219,0.0,0.0,0.12993356585502625,-280.0400085449219,-278.0,52.177371978759766,-376.0400085449219,-368.0,-342.0,-312.0,-278.0,-253.5,-228.89999389648438,-222.85000610351562,-164.91976928710938
5808,-280.0400085449219,0.0,0.0,0.12772653996944427,-280.0400085449219,-278.0,52.177371978759766,-376.0400085449219,-368.0,-342.0,-312.0,-278.0,-253.5,-228.89999389648438,-222.85000610351562,-164.91976928710938
5816,-280.0400085449219,0.0,0.0,0.12804675102233887,-280.0400085449219,-278.0,52.177371978759766,-376.0400085449219,-368.0,-342.0,-312.0,-278.0,-253.5,-228.89999389648438,-222.85000610351562,-164.91976928710938
5824,-280.0400085449219,0.0,0.0,0.12893208861351013,-280.0400085449219,-278.0,52.177371978759766,-376.0400085449219,-368.0,-342.0,-312.0,-278.0,-253.5,-228.89999389648438,-222.85000610351562,-164.91976928710938
5832,-280.0400085449219,0.0,0.0,0.12779979407787323,-280.0400085449219,-278.0,52.177371978759766,-376.0400085449219,-368.0,-342.0,-312.0,-278.0,-253.5,-228.89999389648438,-222.85000610351562,-164.91976928710938
5840,-280.0400085449219,0.0,0.0,0.12776458263397217,-280.0400085449219,-278.0,52.177371978759766,-376.0400085449219,-368.0,-342.0,-312.0,-278.0,-253.5,-228.89999389648438,-222.85000610351562,-164.91976928710938
5848,-280.0400085449219,0.0,0.0,0.12779058516025543,-280.0400085449219,-278.0,52.177371978759766,-376.0400085449219,-368.0,-342.0,-312.0,-278.0,-253.5,-228.89999389648438,-222.85000610351562,-164.91976928710938
5856,-280.0400085449219,0.0,0.0,0.12774759531021118,-280.0400085449219,-278.0,52.177371978759766,-376.0400085449219,-368.0,-342.0,-312.0,-278.0,-253.5,-228.89999389648438,-222.85000610351562,-164.91976928710938
5864,-280.0400085449219,0.0,0.0,0.13194413483142853,-280.0400085449219,-278.0,52.177371978759766,-376.0400085449219,-368.0,-342.0,-312.0,-278.0,-253.5,-228.89999389648438,-222.85000610351562,-164.91976928710938
5872,-280.0400085449219,0.0,0.0,0.12552423775196075,-280.0400085449219,-278.0,52.177371978759766,-376.0400085449219,-368.0,-342.0,-312.0,-278.0,-253.5,-228.89999389648438,-222.85000610351562,-164.91976928710938
5880,-280.0400085449219,0.0,0.0,0.1293182671070099,-280.0400085449219,-278.0,52.177371978759766,-376.0400085449219,-368.0,-342.0,-312.0,-278.0,-253.5,-228.89999389648438,-222.85000610351562,-164.91976928710938
5888,-280.0400085449219,0.0,0.0,0.1302712857723236,-280.0400085449219,-278.0,52.177371978759766,-376.0400085449219,-368.0,-342.0,-312.0,-278.0,-253.5,-228.89999389648438,-222.85000610351562,-164.91976928710938
5896,-280.0400085449219,0.0,0.0,0.13031433522701263,-280.0400085449219,-278.0,52.177371978759766,-376.0400085449219,-368.0,-342.0,-312.0,-278.0,-253.5,-228.89999389648438,-222.85000610351562,-164.91976928710938
5904,-280.0400085449219,0.0,0.0,0.13296999037265778,-280.0400085449219,-278.0,52.177371978759766,-376.0400085449219,-368.0,-342.0,-312.0,-278.0,-253.5,-228.89999389648438,-222.85000610351562,-164.91976928710938
5912,-280.0400085449219,0.0,0.0,0.13371707499027252,-280.0400085449219,-278.0,52.177371978759766,-376.0400085449219,-368.0,-342.0,-312.0,-278.0,-253.5,-228.89999389648438,-222.85000610351562,-164.91976928710938
5920,-280.0400085449219,0.0,0.0,0.1324460804462433,-280.0400085449219,-278.0,52.177371978759766,-376.0400085449219,-368.0,-342.0,-312.0,-278.0,-253.5,-228.89999389648438,-222.85000610351562,-164.91976928710938
5928,-280.0400085449219,0.0,0.0,0.13044854998588562,-280.0400085449219,-278.0,52.177371978759766,-376.0400085449219,-368.0,-342.0,-312.0,-278.0,-253.5,-228.89999389648438,-222.85000610351562,-164.91976928710938
5936,-280.0400085449219,0.0,0.0,0.131220281124115,-280.0400085449219,-278.0,52.177371978759766,-376.0400085449219,-368.0,-342.0,-312.0,-278.0,-253.5,-228.89999389648438,-222.85000610351562,-164.91976928710938
5944,-280.0400085449219,0.0,0.0,0.13120914995670319,-280.0400085449219,-278.0,52.177371978759766,-376.0400085449219,-368.0,-342.0,-312.0,-278.0,-253.5,-228.89999389648438,-222.85000610351562,-164.91976928710938
5952,-280.0400085449219,0.0,0.0,0.1316644549369812,-280.0400085449219,-278.0,52.177371978759766,-376.0400085449219,-368.0,-342.0,-312.0,-278.0,-253.5,-228.89999389648438,-222.85000610351562,-164.91976928710938
5960,-280.0400085449219,0.0,0.0,0.1322694569826126,-280.0400085449219,-278.0,52.177371978759766,-376.0400085449219,-368.0,-342.0,-312.0,-278.0,-253.5,-228.89999389648438,-222.85000610351562,-164.91976928710938
5968,-280.0400085449219,0.0,0.0,0.12729749083518982,-280.0400085449219,-278.0,52.177371978759766,-376.0400085449219,-368.0,-342.0,-312.0,-278.0,-253.5,-228.89999389648438,-222.85000610351562,-164.91976928710938
5976,-280.0400085449219,0.0,0.0,0.12627963721752167,-280.0400085449219,-278.0,52.177371978759766,-376.0400085449219,-368.0,-342.0,-312.0,-278.0,-253.5,-228.89999389648438,-222.85000610351562,-164.91976928710938
5984,-280.0400085449219,0.0,0.0,0.1273149698972702,-280.0400085449219,-278.0,52.177371978759766,-376.0400085449219,-368.0,-342.0,-312.0,-278.0,-253.5,-228.89999389648438,-222.85000610351562,-164.91976928710938
5992,-280.1000061035156,0.0,0.0,0.1273452639579773,-280.1000061035156,-278.0,52.22901153564453,-376.0400085449219,-368.0,-342.0,-312.0,-278.0,-253.5,-228.89999389648438,-222.85000610351562,-164.91976928710938
6000,-280.1000061035156,0.0,0.0,0.12727147340774536,-280.1000061035156,-278.0,52.22901153564453,-376.0400085449219,-368.0,-342.0,-312.0,-278.0,-253.5,-228.89999389648438,-222.85000610351562,-164.91976928710938
6008,-280.1000061035156,0.0,0.0,0.12812404334545135,-280.1000061035156,-278.0,52.22901153564453,-376.0400085449219,-368.0,-342.0,-312.0,-278.0,-253.5,-228.89999389648438,-222.85000610351562,-164.91976928710938
6016,-280.1000061035156,0.0,0.0,0.12978024780750275,-280.1000061035156,-278.0,52.22901153564453,-376.0400085449219,-368.0,-342.0,-312.0,-278.0,-253.5,-228.89999389648438,-222.85000610351562,-164.91976928710938
6024,-280.1000061035156,0.0,0.0,0.12216576933860779,-280.1000061035156,-278.0,52.22901153564453,-376.0400085449219,-368.0,-342.0,-312.0,-278.0,-253.5,-228.89999389648438,-222.85000610351562,-164.91976928710938
6032,-280.1000061035156,0.0,0.0,0.12202209234237671,-280.1000061035156,-278.0,52.22901153564453,-376.0400085449219,-368.0,-342.0,-312.0,-278.0,-253.5,-228.89999389648438,-222.85000610351562,-164.91976928710938
6040,-280.1000061035156,0.0,0.0,0.1222672089934349,-280.1000061035156,-278.0,52.22901153564453,-376.0400085449219,-368.0,-342.0,-312.0,-278.0,-253.5,-228.89999389648438,-222.85000610351562,-164.91976928710938
6048,-280.1000061035156,0.0,0.0,0.12232198566198349,-280.1000061035156,-278.0,52.22901153564453,-376.0400085449219,-368.0,-342.0,-312.0,-278.0,-253.5,-228.89999389648438,-222.85000610351562,-164.91976928710938
6056,-280.1000061035156,0.0,0.0,0.12227752059698105,-280.1000061035156,-278.0,52.22901153564453,-376.0400085449219,-368.0,-342.0,-312.0,-278.0,-253.5,-228.89999389648438,-222.85000610351562,-164.91976928710938
6064,-280.1000061035156,0.0,0.0,0.12224458158016205,-280.1000061035156,-278.0,52.22901153564453,-376.0400085449219,-368.0,-342.0,-312.0,-278.0,-253.5,-228.89999389648438,-222.85000610351562,-164.91976928710938
6072,-280.1000061035156,0.0,0.0,0.1221061572432518,-280.1000061035156,-278.0,52.22901153564453,-376.0400085449219,-368.0,-342.0,-312.0,-278.0,-253.5,-228.89999389648438,-222.85000610351562,-164.91976928710938
6080,-280.1000061035156,0.0,0.0,0.1220443919301033,-280.1000061035156,-278.0,52.22901153564453,-376.0400085449219,-368.0,-342.0,-312.0,-278.0,-253.5,-228.89999389648438,-222.85000610351562,-164.91976928710938
6088,-280.1000061035156,0.0,0.0,0.12190473079681396,-280.1000061035156,-278.0,52.22901153564453,-376.0400085449219,-368.0,-342.0,-312.0,-278.0,-253.5,-228.89999389648438,-222.85000610351562,-164.91976928710938
6096,-280.1000061035156,0.0,0.0,0.12219420075416565,-280.1000061035156,-278.0,52.22901153564453,-376.0400085449219,-368.0,-342.0,-312.0,-278.0,-253.5,-228.89999389648438,-222.85000610351562,-164.91976928710938
6104,-280.1000061035156,0.0,0.0,0.12257880717515945,-280.1000061035156,-278.0,52.22901153564453,-376.0400085449219,-368.0,-342.0,-312.0,-278.0,-253.5,-228.89999389648438,-222.85000610351562,-164.91976928710938
6112,-280.1000061035156,0.0,0.0,0.1222943440079689,-280.1000061035156,-278.0,52.22901153564453,-376.0400085449219,-368.0,-342.0,-312.0,-278.0,-253.5,-228.89999389648438,-222.85000610351562,-164.91976928710938
6120,-280.1000061035156,0.0,0.0,0.1164391040802002,-280.1000061035156,-278.0,52.22901153564453,-376.0400085449219,-368.0,-342.0,-312.0,-278.0,-253.5,-228.89999389648438,-222.85000610351562,-164.91976928710938
6128,-280.1000061035156,0.0,0.0,0.11626047641038895,-280.1000061035156,-278.0,52.22901153564453,-376.0400085449219,-368.0,-342.0,-312.0,-278.0,-253.5,-228.89999389648438,-222.85000610351562,-164.91976928710938
6136,-280.1000061035156,0.0,0.0,0.11611541360616684,-280.1000061035156,-278.0,52.22901153564453,-376.0400085449219,-368.0,-342.0,-312.0,-278.0,-253.5,-228.89999389648438,-222.85000610351562,-164.91976928710938
6144,-280.1000061035156,0.0,0.0,0.11601793020963669,-280.1000061035156,-278.0,52.22901153564453,-376.0400085449219,-368.0,-342.0,-312.0,-278.0,-253.5,-228.89999389648438,-222.85000610351562,-164.91976928710938
6152,-280.1000061035156,0.0,0.0,0.11613305658102036,-280.1000061035156,-278.0,52.22901153564453,-376.0400085449219,-368.0,-342.0,-312.0,-278.0,-253.5,-228.89999389648438,-222.85000610351562,-164.91976928710938
6160,-280.1000061035156,0.0,0.0,0.11418145895004272,-280.1000061035156,-278.0,52.22901153564453,-376.0400085449219,-368.0,-342.0,-312.0,-278.0,-253.5,-228.89999389648438,-222.85000610351562,-164.91976928710938
6168,-280.1000061035156,0.0,0.0,0.11546666920185089,-280.1000061035156,-278.0,52.22901153564453,-376.0400085449219,-368.0,-342.0,-312.0,-278.0,-253.5,-228.89999389648438,-222.85000610351562,-164.91976928710938
6176,-280.1000061035156,0.0,0.0,0.11465675383806229,-280.1000061035156,-278.0,52.22901153564453,-376.0400085449219,-368.0,-342.0,-312.0,-278.0,-253.5,-228.89999389648438,-222.85000610351562,-164.91976928710938
6184,-280.1000061035156,0.0,0.0,0.11483898013830185,-280.1000061035156,-278.0,52.22901153564453,-376.0400085449219,-368.0,-342.0,-312.0,-278.0,-253.5,-228.89999389648438,-222.85000610351562,-164.91976928710938
6192,-280.1000061035156,0.0,0.0,0.11237575113773346,-280.1000061035156,-278.0,52.22901153564453,-376.0400085449219,-368.0,-342.0,-312.0,-278.0,-253.5,-228.89999389648438,-222.85000610351562,-164.91976928710938
6200,-280.1000061035156,0.0,0.0,0.11246030777692795,-280.1000061035156,-278.0,52.22901153564453,-376.0400085449219,-368.0,-342.0,-312.0,-278.0,-253.5,-228.89999389648438,-222.85000610351562,-164.91976928710938
6208,-280.1000061035156,0.0,0.0,0.11243394762277603,-280.1000061035156,-278.0,52.22901153564453,-376.0400085449219,-368.0,-342.0,-312.0,-278.0,-253.5,-228.89999389648438,-222.85000610351562,-164.91976928710938
6216,-280.1000061035156,0.0,0.0,0.11240742355585098,-280.1000061035156,-278.0,52.22901153564453,-376.0400085449219,-368.0,-342.0,-312.0,-278.0,-253.5,-228.89999389648438,-222.85000610351562,-164.91976928710938
6224,-280.1000061035156,0.0,0.0,0.11260940134525299,-280.1000061035156,-278.0,52.22901153564453,-376.0400085449219,-368.0,-342.0,-312.0,-278.0,-253.5,-228.89999389648438,-222.85000610351562,-164.91976928710938
6232,-280.1000061035156,0.0,0.0,0.1169341653585434,-280.1000061035156,-278.0,52.22901153564453,-376.0400085449219,-368.0,-342.0,-312.0,-278.0,-253.5,-228.89999389648438,-222.85000610351562,-164.91976928710938
6240,-280.1000061035156,0.0,0.0,0.11864636838436127,-280.1000061035156,-278.0,52.22901153564453,-376.0400085449219,-368.0,-342.0,-312.0,-278.0,-253.5,-228.89999389648438,-222.85000610351562,-164.91976928710938
6248,-280.1000061035156,0.0,0.0,0.12092079222202301,-280.1000061035156,-278.0,52.22901153564453,-376.0400085449219,-368.0,-342.0,-312.0,-278.0,-253.5,-228.89999389648438,-222.85000610351562,-164.91976928710938
6256,-280.1000061035156,0.0,0.0,0.12252288311719894,-280.1000061035156,-278.0,52.22901153564453,-376.0400085449219,-368.0,-342.0,-312.0,-278.0,-253.5,-228.89999389648438,-222.85000610351562,-164.91976928710938
6264,-280.1000061035156,0.0,0.0,0.11650287359952927,-280.1000061035156,-278.0,52.22901153564453,-376.0400085449219,-368.0,-342.0,-312.0,-278.0,-253.5,-228.89999389648438,-222.85000610351562,-164.91976928710938
6272,-280.1600036621094,0.0,0.0,0.12114528566598892,-280.1600036621094,-278.0,52.26905822753906,-376.0400085449219,-368.0,-342.0,-312.0,-278.0,-253.5,-228.89999389648438,-222.85000610351562,-164.91976928710938
6280,-280.1600036621094,0.0,0.0,0.11621806770563126,-280.1600036621094,-278.0,52.26905822753906,-376.0400085449219,-368.0,-342.0,-312.0,-278.0,-253.5,-228.89999389648438,-222.85000610351562,-164.91976928710938
6288,-280.17999267578125,0.0,0.0,0.11559528112411499,-280.17999267578125,-278.0,52.247947692871094,-376.0400085449219,-368.0,-342.0,-312.0,-278.0,-253.5,-228.89999389648438,-222.85000610351562,-164.91976928710938
6296,-280.17999267578125,0.0,0.0,0.11543940007686615,-280.17999267578125,-278.0,52.247947692871094,-376.0400085449219,-368.0,-342.0,-312.0,-278.0,-253.5,-228.89999389648438,-222.85000610351562,-164.91976928710938
6304,-280.17999267578125,0.0,0.0,0.11529634147882462,-280.17999267578125,-278.0,52.247947692871094,-376.0400085449219,-368.0,-342.0,-312.0,-278.0,-253.5,-228.89999389648438,-222.85000610351562,-164.91976928710938
6312,-280.17999267578125,0.0,0.0,0.11498894542455673,-280.17999267578125,-278.0,52.247947692871094,-376.0400085449219,-368.0,-342.0,-312.0,-278.0,-253.5,-228.89999389648438,-222.85000610351562,-164.91976928710938
6320,-280.17999267578125,0.0,0.0,0.11645989120006561,-280.17999267578125,-278.0,52.247947692871094,-376.0400085449219,-368.0,-342.0,-312.0,-278.0,-253.5,-228.89999389648438,-222.85000610351562,-164.91976928710938
6328,-280.17999267578125,0.0,0.0,0.11692668497562408,-280.17999267578125,-278.0,52.247947692871094,-376.0400085449219,-368.0,-342.0,-312.0,-278.0,-253.5,-228.89999389648438,-222.85000610351562,-164.91976928710938
6336,-280.2599792480469,0.0,0.0,0.11744663119316101,-280.260009765625,-278.0,52.09579849243164,-376.0400085449219,-368.0,-342.0,-312.0,-278.0,-253.5,-228.89999389648438,-222.85000610351562,-170.79974365234375
6344,-280.2599792480469,0.0,0.0,0.11747592687606812,-280.260009765625,-278.0,52.09579849243164,-376.0400085449219,-368.0,-342.0,-312.0,-278.0,-253.5,-228.89999389648438,-222.85000610351562,-170.79974365234375
6352,-280.2599792480469,0.0,0.0,0.11745025217533112,-280.260009765625,-278.0,52.09579849243164,-376.0400085449219,-368.0,-342.0,-312.0,-278.0,-253.5,-228.89999389648438,-222.85000610351562,-170.79974365234375
6360,-280.2599792480469,0.0,0.0,0.11746356636285782,-280.260009765625,-278.0,52.09579849243164,-376.0400085449219,-368.0,-342.0,-312.0,-278.0,-253.5,-228.89999389648438,-222.85000610351562,-170.79974365234375
6368,-280.2599792480469,0.0,0.0,0.11741553992033005,-280.260009765625,-278.0,52.09579849243164,-376.0400085449219,-368.0,-342.0,-312.0,-278.0,-253.5,-228.89999389648438,-222.85000610351562,-170.79974365234375
6376,-280.2599792480469,0.0,0.0,0.11755546927452087,-280.260009765625,-278.0,52.09579849243164,-376.0400085449219,-368.0,-342.0,-312.0,-278.0,-253.5,-228.89999389648438,-222.85000610351562,-170.79974365234375
6384,-280.2599792480469,0.0,0.0,0.11735368520021439,-280.260009765625,-278.0,52.09579849243164,-376.0400085449219,-368.0,-342.0,-312.0,-278.0,-253.5,-228.89999389648438,-222.85000610351562,-170.79974365234375
6392,-280.2599792480469,0.0,0.0,0.11726579070091248,-280.260009765625,-278.0,52.09579849243164,-376.0400085449219,-368.0,-342.0,-312.0,-278.0,-253.5,-228.89999389648438,-222.85000610351562,-170.79974365234375
6400,-280.2599792480469,0.0,0.0,0.11726383119821548,-280.260009765625,-278.0,52.09579849243164,-376.0400085449219,-368.0,-342.0,-312.0,-278.0,-253.5,-228.89999389648438,-222.85000610351562,-170.79974365234375
6408,-280.2599792480469,0.0,0.0,0.11814319342374802,-280.260009765625,-278.0,52.09579849243164,-376.0400085449219,-368.0,-342.0,-312.0,-278.0,-253.5,-228.89999389648438,-222.85000610351562,-170.79974365234375
6416,-280.2599792480469,0.0,0.0,0.11814476549625397,-280.260009765625,-278.0,52.09579849243164,-376.0400085449219,-368.0,-342.0,-312.0,-278.0,-253.5,-228.89999389648438,-222.85000610351562,-170.79974365234375
6424,-280.2599792480469,0.0,0.0,0.11807242780923843,-280.260009765625,-278.0,52.09579849243164,-376.0400085449219,-368.0,-342.0,-312.0,-278.0,-253.5,-228.89999389648438,-222.85000610351562,-170.79974365234375
6432,-280.2599792480469,0.0,0.0,0.11796306073665619,-280.260009765625,-278.0,52.09579849243164,-376.0400085449219,-368.0,-342.0,-312.0,-278.0,-253.5,-228.89999389648438,-222.85000610351562,-170.79974365234375
6440,-280.2599792480469,0.0,0.0,0.11797352880239487,-280.260009765625,-278.0,52.09579849243164,-376.0400085449219,-368.0,-342.0,-312.0,-278.0,-253.5,-228.89999389648438,-222.85000610351562,-170.79974365234375
6448,-280.2599792480469,0.0,0.0,0.11792759597301483,-280.260009765625,-278.0,52.09579849243164,-376.0400085449219,-368.0,-342.0,-312.0,-278.0,-253.5,-228.89999389648438,-222.85000610351562,-170.79974365234375
6456,-280.2599792480469,0.0,0.0,0.1186126321554184,-280.260009765625,-278.0,52.09579849243164,-376.0400085449219,-368.0,-342.0,-312.0,-278.0,-253.5,-228.89999389648438,-222.85000610351562,-170.79974365234375
6464,-280.2599792480469,0.0,0.0,0.11845352500677109,-280.260009765625,-278.0,52.09579849243164,-376.0400085449219,-368.0,-342.0,-312.0,-278.0,-253.5,-228.89999389648438,-222.85000610351562,-170.79974365234375
6472,-280.2799987792969,0.0,0.0,0.11837306618690491,-280.2799987792969,-278.0,52.134456634521484,-376.0400085449219,-368.0,-342.0,-312.0,-278.0,-253.5,-228.89999389648438,-222.85000610351562,-170.79974365234375
6480,-280.2799987792969,0.0,0.0,0.12073677033185959,-280.2799987792969,-278.0,52.134456634521484,-376.0400085449219,-368.0,-342.0,-312.0,-278.0,-253.5,-228.89999389648438,-222.85000610351562,-170.79974365234375
6488,-280.2799987792969,0.0,0.0,0.12829333543777466,-280.2799987792969,-278.0,52.134456634521484,-376.0400085449219,-368.0,-342.0,-312.0,-278.0,-253.5,-228.89999389648438,-222.85000610351562,-170.79974365234375
6496,-280.2799987792969,0.0,0.0,0.12593895196914673,-280.2799987792969,-278.0,52.134456634521484,-376.0400085449219,-368.0,-342.0,-312.0,-278.0,-253.5,-228.89999389648438,-222.85000610351562,-170.79974365234375
6504,-280.2799987792969,0.0,0.0,0.1258736401796341,-280.2799987792969,-278.0,52.134456634521484,-376.0400085449219,-368.0,-342.0,-312.0,-278.0,-253.5,-228.89999389648438,-222.85000610351562,-170.79974365234375
6512,-280.2799987792969,0.0,0.0,0.1258096992969513,-280.2799987792969,-278.0,52.134456634521484,-376.0400085449219,-368.0,-342.0,-312.0,-278.0,-253.5,-228.89999389648438,-222.85000610351562,-170.79974365234375
6520,-280.2799987792969,0.0,0.0,0.1284085214138031,-280.2799987792969,-278.0,52.134456634521484,-376.0400085449219,-368.0,-342.0,-312.0,-278.0,-253.5,-228.89999389648438,-222.85000610351562,-170.79974365234375
6528,-280.2799987792969,0.0,0.0,0.12510138750076294,-280.2799987792969,-278.0,52.134456634521484,-376.0400085449219,-368.0,-342.0,-312.0,-278.0,-253.5,-228.89999389648438,-222.85000610351562,-170.79974365234375
6536,-280.2799987792969,0.0,0.0,0.1273535192012787,-280.2799987792969,-278.0,52.134456634521484,-376.0400085449219,-368.0,-342.0,-312.0,-278.0,-253.5,-228.89999389648438,-222.85000610351562,-170.79974365234375
6544,-280.2799987792969,0.0,0.0,0.12537871301174164,-280.2799987792969,-278.0,52.134456634521484,-376.0400085449219,-368.0,-342.0,-312.0,-278.0,-253.5,-228.89999389648438,-222.85000610351562,-170.79974365234375
6552,-280.2799987792969,0.0,0.0,0.12169948220252991,-280.2799987792969,-278.0,52.134456634521484,-376.0400085449219,-368.0,-342.0,-312.0,-278.0,-253.5,-228.89999389648438,-222.85000610351562,-170.79974365234375
6560,-280.2799987792969,0.0,0.0,0.12174496054649353,-280.2799987792969,-278.0,52.134456634521484,-376.0400085449219,-368.0,-342.0,-312.0,-278.0,-253.5,-228.89999389648438,-222.85000610351562,-170.79974365234375
6568,-280.2799987792969,0.0,0.0,0.12670151889324188,-280.2799987792969,-278.0,52.134456634521484,-376.0400085449219,-368.0,-342.0,-312.0,-278.0,-253.5,-228.89999389648438,-222.85000610351562,-170.79974365234375
6576,-280.2799987792969,0.0,0.0,0.12667931616306305,-280.2799987792969,-278.0,52.134456634521484,-376.0400085449219,-368.0,-342.0,-312.0,-278.0,-253.5,-228.89999389648438,-222.85000610351562,-170.79974365234375
6584,-280.2799987792969,0.0,0.0,0.12160220742225647,-280.2799987792969,-278.0,52.134456634521484,-376.0400085449219,-368.0,-342.0,-312.0,-278.0,-253.5,-228.89999389648438,-222.85000610351562,-170.79974365234375
6592,-280.2799987792969,0.0,0.0,0.12225992232561111,-280.2799987792969,-278.0,52.134456634521484,-376.0400085449219,-368.0,-342.0,-312.0,-278.0,-253.5,-228.89999389648438,-222.85000610351562,-170.79974365234375
6600,-280.2799987792969,0.0,0.0,0.12202055752277374,-280.2799987792969,-278.0,52.134456634521484,-376.0400085449219,-368.0,-342.0,-312.0,-278.0,-253.5,-228.89999389648438,-222.85000610351562,-170.79974365234375
6608,-280.2799987792969,0.0,0.0,0.12208840996026993,-280.2799987792969,-278.0,52.134456634521484,-376.0400085449219,-368.0,-342.0,-312.0,-278.0,-253.5,-228.89999389648438,-222.85000610351562,-170.79974365234375
6616,-280.47998046875,0.0,0.0,0.12184352427721024,-280.4800109863281,-278.0,52.309173583984375,-376.0400085449219,-368.0,-342.0,-312.0,-278.0,-253.5,-228.89999389648438,-222.85000610351562,-170.79974365234375
6624,-280.47998046875,0.0,0.0,0.12555751204490662,-280.4800109863281,-278.0,52.309173583984375,-376.0400085449219,-368.0,-342.0,-312.0,-278.0,-253.5,-228.89999389648438,-222.85000610351562,-170.79974365234375
6632,-280.47998046875,0.0,0.0,0.12657146155834198,-280.4800109863281,-278.0,52.309173583984375,-376.0400085449219,-368.0,-342.0,-312.0,-278.0,-253.5,-228.89999389648438,-222.85000610351562,-170.79974365234375
6640,-280.5199890136719,0.0,0.0,0.12643957138061523,-280.5199890136719,-278.0,52.32561111450195,-376.0400085449219,-368.0,-342.0,-312.0,-278.0,-253.5,-228.89999389648438,-222.85000610351562,-170.79974365234375
6648,-280.5199890136719,0.0,0.0,0.12638524174690247,-280.5199890136719,-278.0,52.32561111450195,-376.0400085449219,-368.0,-342.0,-312.0,-278.0,-253.5,-228.89999389648438,-222.85000610351562,-170.79974365234375
6656,-280.5199890136719,0.0,0.0,0.12625479698181152,-280.5199890136719,-278.0,52.32561111450195,-376.0400085449219,-368.0,-342.0,-312.0,-278.0,-253.5,-228.89999389648438,-222.85000610351562,-170.79974365234375
6664,-280.5199890136719,0.0,0.0,0.12626542150974274,-280.5199890136719,-278.0,52.32561111450195,-376.0400085449219,-368.0,-342.0,-312.0,-278.0,-253.5,-228.89999389648438,-222.85000610351562,-170.79974365234375
6672,-280.5199890136719,0.0,0.0,0.12809434533119202,-280.5199890136719,-278.0,52.32561111450195,-376.0400085449219,-368.0,-342.0,-312.0,-278.0,-253.5,-228.89999389648438,-222.85000610351562,-170.79974365234375
6680,-280.5199890136719,0.0,0.0,0.1285514384508133,-280.5199890136719,-278.0,52.32561111450195,-376.0400085449219,-368.0,-342.0,-312.0,-278.0,-253.5,-228.89999389648438,-222.85000610351562,-170.79974365234375
6688,-280.5199890136719,0.0,0.0,0.12848488986492157,-280.5199890136719,-278.0,52.32561111450195,-376.0400085449219,-368.0,-342.0,-312.0,-278.0,-253.5,-228.89999389648438,-222.85000610351562,-170.79974365234375
6696,-280.5199890136719,0.0,0.0,0.13258802890777588,-280.5199890136719,-278.0,52.32561111450195,-376.0400085449219,-368.0,-342.0,-312.0,-278.0,-253.5,-228.89999389648438,-222.85000610351562,-170.79974365234375
6704,-280.5199890136719,0.0,0.0,0.13291700184345245,-280.5199890136719,-278.0,52.32561111450195,-376.0400085449219,-368.0,-342.0,-312.0,-278.0,-253.5,-228.89999389648438,-222.85000610351562,-170.79974365234375
6712,-280.5199890136719,0.0,0.0,0.13521869480609894,-280.5199890136719,-278.0,52.32561111450195,-376.0400085449219,-368.0,-342.0,-312.0,-278.0,-253.5,-228.89999389648438,-222.85000610351562,-170.79974365234375
6720,-280.5199890136719,0.0,0.0,0.13405448198318481,-280.5199890136719,-278.0,52.32561111450195,-376.0400085449219,-368.0,-342.0,-312.0,-278.0,-253.5,-228.89999389648438,-222.85000610351562,-170.79974365234375
6728,-280.5199890136719,0.0,0.0,0.13186345994472504,-280.5199890136719,-278.0,52.32561111450195,-376.0400085449219,-368.0,-342.0,-312.0,-278.0,-253.5,-228.89999389648438,-222.85000610351562,-170.79974365234375
6736,-280.5199890136719,0.0,0.0,0.12681704759597778,-280.5199890136719,-278.0,52.32561111450195,-376.0400085449219,-368.0,-342.0,-312.0,-278.0,-253.5,-228.89999389648438,-222.85000610351562,-170.79974365234375
6744,-280.5199890136719,0.0,0.0,0.1201062947511673,-280.5199890136719,-278.0,52.32561111450195,-376.0400085449219,-368.0,-342.0,-312.0,-278.0,-253.5,-228.89999389648438,-222.85000610351562,-170.79974365234375
6752,-280.5199890136719,0.0,0.0,0.120783232152462,-280.5199890136719,-278.0,52.32561111450195,-376.0400085449219,-368.0,-342.0,-312.0,-278.0,-253.5,-228.89999389648438,-222.85000610351562,-170.79974365234375
6760,-280.5199890136719,0.0,0.0,0.12137933820486069,-280.5199890136719,-278.0,52.32561111450195,-376.0400085449219,-368.0,-342.0,-312.0,-278.0,-253.5,-228.89999389648438,-222.85000610351562,-170.79974365234375
6768,-280.5199890136719,0.0,0.0,0.12336853891611099,-280.5199890136719,-278.0,52.32561111450195,-376.0400085449219,-368.0,-342.0,-312.0,-278.0,-253.5,-228.89999389648438,-222.85000610351562,-170.79974365234375
6776,-280.5400085449219,0.0,0.0,0.12343957275152206,-280.5400085449219,-278.0,52.32578659057617,-376.0400085449219,-368.0,-342.0,-312.0,-278.0,-253.5,-228.89999389648438,-222.85000610351562,-170.79974365234375
6784,-280.6199951171875,0.0,0.0,0.12435675412416458,-280.6199951171875,-278.0,52.46537780761719,-376.0400085449219,-368.20001220703125,-342.0,-312.0,-278.0,-253.5,-228.89999389648438,-222.85000610351562,-170.79974365234375
6792,-280.6199951171875,0.0,0.0,0.12693855166435242,-280.6199951171875,-278.0,52.46537780761719,-376.0400085449219,-368.20001220703125,-342.0,-312.0,-278.0,-253.5,-228.89999389648438,-222.85000610351562,-170.79974365234375
6800,-280.6199951171875,0.0,0.0,0.1293434351682663,-280.6199951171875,-278.0,52.46537780761719,-376.0400085449219,-368.20001220703125,-342.0,-312.0,-278.0,-253.5,-228.89999389648438,-222.85000610351562,-170.79974365234375
6808,-280.6199951171875,0.0,0.0,0.12931500375270844,-280.6199951171875,-278.0,52.46537780761719,-376.0400085449219,-368.20001220703125,-342.0,-312.0,-278.0,-253.5,-228.89999389648438,-222.85000610351562,-170.79974365234375
6816,-280.6199951171875,0.0,0.0,0.12529978156089783,-280.6199951171875,-278.0,52.46537780761719,-376.0400085449219,-368.20001220703125,-342.0,-312.0,-278.0,-253.5,-228.89999389648438,-222.85000610351562,-170.79974365234375
6824,-280.6199951171875,0.0,0.0,0.12528125941753387,-280.6199951171875,-278.0,52.46537780761719,-376.0400085449219,-368.20001220703125,-342.0,-312.0,-278.0,-253.5,-228.89999389648438,-222.85000610351562,-170.79974365234375
6832,-280.6199951171875,0.0,0.0,0.12634147703647614,-280.6199951171875,-278.0,52.46537780761719,-376.0400085449219,-368.20001220703125,-342.0,-312.0,-278.0,-253.5,-228.89999389648438,-222.85000610351562,-170.79974365234375
6840,-280.6199951171875,0.0,0.0,0.11980046331882477,-280.6199951171875,-278.0,52.46537780761719,-376.0400085449219,-368.20001220703125,-342.0,-312.0,-278.0,-253.5,-228.89999389648438,-222.85000610351562,-170.79974365234375
6848,-280.6199951171875,0.0,0.0,0.12321870774030685,-280.6199951171875,-278.0,52.46537780761719,-376.0400085449219,-368.20001220703125,-342.0,-312.0,-278.0,-253.5,-228.89999389648438,-222.85000610351562,-170.79974365234375
6856,-280.6199951171875,0.0,0.0,0.12635572254657745,-280.6199951171875,-278.0,52.46537780761719,-376.0400085449219,-368.20001220703125,-342.0,-312.0,-278.0,-253.5,-228.89999389648438,-222.85000610351562,-170.79974365234375
6864,-280.6199951171875,0.0,0.0,0.12779532372951508,-280.6199951171875,-278.0,52.46537780761719,-376.0400085449219,-368.20001220703125,-342.0,-312.0,-278.0,-253.5,-228.89999389648438,-222.85000610351562,-170.79974365234375
6872,-280.6199951171875,0.0,0.0,0.12560923397541046,-280.6199951171875,-278.0,52.46537780761719,-376.0400085449219,-368.20001220703125,-342.0,-312.0,-278.0,-253.5,-228.89999389648438,-222.85000610351562,-170.79974365234375
6880,-280.6199951171875,0.0,0.0,0.12291932851076126,-280.6199951171875,-278.0,52.46537780761719,-376.0400085449219,-368.20001220703125,-342.0,-312.0,-278.0,-253.5,-228.89999389648438,-222.85000610351562,-170.79974365234375
6888,-280.6199951171875,0.0,0.0,0.12274517863988876,-280.6199951171875,-278.0,52.46537780761719,-376.0400085449219,-368.20001220703125,-342.0,-312.0,-278.0,-253.5,-228.89999389648438,-222.85000610351562,-170.79974365234375
6896,-280.6199951171875,0.0,0.0,0.12822233140468597,-280.6199951171875,-278.0,52.46537780761719,-376.0400085449219,-368.20001220703125,-342.0,-312.0,-278.0,-253.5,-228.89999389648438,-222.85000610351562,-170.79974365234375
6904,-280.6199951171875,0.0,0.0,0.13042296469211578,-280.6199951171875,-278.0,52.46537780761719,-376.0400085449219,-368.20001220703125,-342.0,-312.0,-278.0,-253.5,-228.89999389648438,-222.85000610351562,-170.79974365234375
6912,-280.6199951171875,0.0,0.0,0.13042491674423218,-280.6199951171875,-278.0,52.46537780761719,-376.0400085449219,-368.20001220703125,-342.0,-312.0,-278.0,-253.5,-228.89999389648438,-222.85000610351562,-170.79974365234375
6920,-280.6199951171875,0.0,0.0,0.12842321395874023,-280.6199951171875,-278.0,52.46537780761719,-376.0400085449219,-368.20001220703125,-342.0,-312.0,-278.0,-253.5,-228.89999389648438,-222.85000610351562,-170.79974365234375
6928,-280.6199951171875,0.0,0.0,0.12911050021648407,-280.6199951171875,-278.0,52.46537780761719,-376.0400085449219,-368.20001220703125,-342.0,-312.0,-278.0,-253.5,-228.89999389648438,-222.85000610351562,-170.79974365234375
6936,-280.6199951171875,0.0,0.0,0.1297130137681961,-280.6199951171875,-278.0,52.46537780761719,-376.0400085449219,-368.20001220703125,-342.0,-312.0,-278.0,-253.5,-228.89999389648438,-222.85000610351562,-170.79974365234375
6944,-280.6199951171875,0.0,0.0,0.13046230375766754,-280.6199951171875,-278.0,52.46537780761719,-376.0400085449219,-368.20001220703125,-342.0,-312.0,-278.0,-253.5,-228.89999389648438,-222.85000610351562,-170.79974365234375
6952,-280.6199951171875,0.0,0.0,0.13447163999080658,-280.6199951171875,-278.0,52.46537780761719,-376.0400085449219,-368.20001220703125,-342.0,-312.0,-278.0,-253.5,-228.89999389648438,-222.85000610351562,-170.79974365234375
6960,-280.6199951171875,0.0,0.0,0.1434493064880371,-280.6199951171875,-278.0,52.46537780761719,-376.0400085449219,-368.20001220703125,-342.0,-312.0,-278.0,-253.5,-228.89999389648438,-222.85000610351562,-170.79974365234375
6968,-280.6399841308594,0.0,0.0,0.14274530112743378,-280.6400146484375,-278.0,52.488380432128906,-376.0400085449219,-368.20001220703125,-342.0,-312.0,-278.0,-253.5,-228.89999389648438,-222.85000610351562,-170.79974365234375
6976,-280.6399841308594,0.0,0.0,0.13636820018291473,-280.6400146484375,-278.0,52.488380432128906,-376.0400085449219,-368.20001220703125,-342.0,-312.0,-278.0,-253.5,-228.89999389648438,-222.85000610351562,-170.79974365234375
6984,-280.6399841308594,0.0,0.0,0.14144423604011536,-280.6400146484375,-278.0,52.488380432128906,-376.0400085449219,-368.20001220703125,-342.0,-312.0,-278.0,-253.5,-228.89999389648438,-222.85000610351562,-170.79974365234375
6992,-280.6399841308594,0.0,0.0,0.14135713875293732,-280.6400146484375,-278.0,52.488380432128906,-376.0400085449219,-368.20001220703125,-342.0,-312.0,-278.0,-253.5,-228.89999389648438,-222.85000610351562,-170.79974365234375
7000,-280.6399841308594,0.0,0.0,0.1471996158361435,-280.6400146484375,-278.0,52.488380432128906,-376.0400085449219,-368.20001220703125,-342.0,-312.0,-278.0,-253.5,-228.89999389648438,-222.85000610351562,-170.79974365234375
7008,-280.6399841308594,0.0,0.0,0.14759483933448792,-280.6400146484375,-278.0,52.488380432128906,-376.0400085449219,-368.20001220703125,-342.0,-312.0,-278.0,-253.5,-228.89999389648438,-222.85000610351562,-170.79974365234375
7016,-280.6399841308594,0.0,0.0,0.14802539348602295,-280.6400146484375,-278.0,52.488380432128906,-376.0400085449219,-368.20001220703125,-342.0,-312.0,-278.0,-253.5,-228.89999389648438,-222.85000610351562,-170.79974365234375
7024,-280.6399841308594,0.0,0.0,0.14790619909763336,-280.6400146484375,-278.0,52.488380432128906,-376.0400085449219,-368.20001220703125,-342.0,-312.0,-278.0,-253.5,-228.89999389648438,-222.85000610351562,-170.79974365234375
7032,-280.6399841308594,0.0,0.0,0.15148551762104034,-280.6400146484375,-278.0,52.488380432128906,-376.0400085449219,-368.20001220703125,-342.0,-312.0,-278.0,-253.5,-228.89999389648438,-222.85000610351562,-170.79974365234375
7040,-280.6399841308594,0.0,0.0,0.14628109335899353,-280.6400146484375,-278.0,52.488380432128906,-376.0400085449219,-368.20001220703125,-342.0,-312.0,-278.0,-253.5,-228.89999389648438,-222.85000610351562,-170.79974365234375
7048,-280.6399841308594,0.0,0.0,0.14635474979877472,-280.6400146484375,-278.0,52.488380432128906,-376.0400085449219,-368.20001220703125,-342.0,-312.0,-278.0,-253.5,-228.89999389648438,-222.85000610351562,-170.79974365234375
7056,-280.6399841308594,0.0,0.0,0.14722633361816406,-280.6400146484375,-278.0,52.488380432128906,-376.0400085449219,-368.20001220703125,-342.0,-312.0,-278.0,-253.5,-228.89999389648438,-222.85000610351562,-170.79974365234375
7064,-280.6399841308594,0.0,0.0,0.14118926227092743,-280.6400146484375,-278.0,52.488380432128906,-376.0400085449219,-368.20001220703125,-342.0,-312.0,-278.0,-253.5,-228.89999389648438,-222.85000610351562,-170.79974365234375
7072,-280.6399841308594,0.0,0.0,0.14009298384189606,-280.6400146484375,-278.0,52.488380432128906,-376.0400085449219,-368.20001220703125,-342.0,-312.0,-278.0,-253.5,-228.89999389648438,-222.85000610351562,-170.79974365234375
7080,-280.6399841308594,0.0,0.0,0.14008139073848724,-280.6400146484375,-278.0,52.488380432128906,-376.0400085449219,-368.20001220703125,-342.0,-312.0,-278.0,-253.5,-228.89999389648438,-222.85000610351562,-170.79974365234375
7088,-280.6399841308594,0.0,0.0,0.1470058113336563,-280.6400146484375,-278.0,52.488380432128906,-376.0400085449219,-368.20001220703125,-342.0,-312.0,-278.0,-253.5,-228.89999389648438,-222.85000610351562,-170.79974365234375
7096,-280.6399841308594,0.0,0.0,0.14847084879875183,-280.6400146484375,-278.0,52.488380432128906,-376.0400085449219,-368.20001220703125,-342.0,-312.0,-278.0,-253.5,-228.89999389648438,-222.85000610351562,-170.79974365234375
7104,-280.6399841308594,0.0,0.0,0.14555655419826508,-280.6400146484375,-278.0,52.488380432128906,-376.0400085449219,-368.20001220703125,-342.0,-312.0,-278.0,-253.5,-228.89999389648438,-222.85000610351562,-170.79974365234375
7112,-280.6399841308594,0.0,0.0,0.1465901881456375,-280.6400146484375,-278.0,52.488380432128906,-376.0400085449219,-368.20001220703125,-342.0,-312.0,-278.0,-253.5,-228.89999389648438,-222.85000610351562,-170.79974365234375
7120,-280.6399841308594,0.0,0.0,0.14674314856529236,-280.6400146484375,-278.0,52.488380432128906,-376.0400085449219,-368.20001220703125,-342.0,-312.0,-278.0,-253.5,-228.89999389648438,-222.85000610351562,-170.79974365234375
7128,-280.6399841308594,0.0,0.0,0.14879794418811798,-280.6400146484375,-278.0,52.488380432128906,-376.0400085449219,-368.20001220703125,-342.0,-312.0,-278.0,-253.5,-228.89999389648438,-222.85000610351562,-170.79974365234375
7136,-280.6399841308594,0.0,0.0,0.13750354945659637,-280.6400146484375,-278.0,52.488380432128906,-376.0400085449219,-368.20001220703125,-342.0,-312.0,-278.0,-253.5,-228.89999389648438,-222.85000610351562,-170.79974365234375
7144,-280.6399841308594,0.0,0.0,0.13814884424209595,-280.6400146484375,-278.0,52.488380432128906,-376.0400085449219,-368.20001220703125,-342.0,-312.0,-278.0,-253.5,-228.89999389648438,-222.85000610351562,-170.79974365234375
7152,-280.6399841308594,0.0,0.0,0.1388772428035736,-280.6400146484375,-278.0,52.488380432128906,-376.0400085449219,-368.20001220703125,-342.0,-312.0,-278.0,-253.5,-228.89999389648438,-222.85000610351562,-170.79974365234375
7160,-280.6399841308594,0.0,0.0,0.14272917807102203,-280.6400146484375,-278.0,52.488380432128906,-376.0400085449219,-368.20001220703125,-342.0,-312.0,-278.0,-253.5,-228.89999389648438,-222.85000610351562,-170.79974365234375
7168,-280.6399841308594,0.0,0.0,0.13822869956493378,-280.6400146484375,-278.0,52.488380432128906,-376.0400085449219,-368.20001220703125,-342.0,-312.0,-278.0,-253.5,-228.89999389648438,-222.85000610351562,-170.79974365234375
7176,-280.6399841308594,0.0,0.0,0.1401165872812271,-280.6400146484375,-278.0,52.488380432128906,-376.0400085449219,-368.20001220703125,-342.0,-312.0,-278.0,-253.5,-228.89999389648438,-222.85000610351562,-170.79974365234375
7184,-280.6399841308594,0.0,0.0,0.13538198173046112,-280.6400146484375,-278.0,52.488380432128906,-376.0400085449219,-368.20001220703125,-342.0,-312.0,-278.0,-253.5,-228.89999389648438,-222.85000610351562,-170.79974365234375
7192,-280.6399841308594,0.0,0.0,0.13623878359794617,-280.6400146484375,-278.0,52.488380432128906,-376.0400085449219,-368.20001220703125,-342.0,-312.0,-278.0,-253.5,-228.89999389648438,-222.85000610351562,-170.79974365234375
7200,-280.6399841308594,0.0,0.0,0.13616780936717987,-280.6400146484375,-278.0,52.488380432128906,-376.0400085449219,-368.20001220703125,-342.0,-312.0,-278.0,-253.5,-228.89999389648438,-222.85000610351562,-170.79974365234375
7208,-280.6399841308594,0.0,0.0,0.12982125580310822,-280.6400146484375,-278.0,52.488380432128906,-376.0400085449219,-368.20001220703125,-342.0,-312.0,-278.0,-253.5,-228.89999389648438,-222.85000610351562,-170.79974365234375
7216,-280.6399841308594,0.0,0.0,0.13006530702114105,-280.6400146484375,-278.0,52.488380432128906,-376.0400085449219,-368.20001220703125,-342.0,-312.0,-278.0,-253.5,-228.89999389648438,-222.85000610351562,-170.79974365234375
7224,-280.6399841308594,0.0,0.0,0.12991206347942352,-280.6400146484375,-278.0,52.488380432128906,-376.0400085449219,-368.20001220703125,-342.0,-312.0,-278.0,-253.5,-228.89999389648438,-222.85000610351562,-170.79974365234375
7232,-280.6399841308594,0.0,0.0,0.13269509375095367,-280.6400146484375,-278.0,52.488380432128906,-376.0400085449219,-368.20001220703125,-342.0,-312.0,-278.0,-253.5,-228.89999389648438,-222.85000610351562,-170.79974365234375
7240,-280.6399841308594,0.0,0.0,0.13574694097042084,-280.6400146484375,-278.0,52.488380432128906,-376.0400085449219,-368.20001220703125,-342.0,-312.0,-278.0,-253.5,-228.89999389648438,-222.85000610351562,-170.79974365234375
7248,-280.6399841308594,0.0,0.0,0.12854020297527313,-280.6400146484375,-278.0,52.488380432128906,-376.0400085449219,-368.20001220703125,-342.0,-312.0,-278.0,-253.5,-228.89999389648438,-222.85000610351562,-170.79974365234375
7256,-280.6399841308594,0.0,0.0,0.13075238466262817,-280.6400146484375,-278.0,52.488380432128906,-376.0400085449219,-368.20001220703125,-342.0,-312.0,-278.0,-253.5,-228.89999389648438,-222.85000610351562,-170.79974365234375
7264,-280.6399841308594,0.0,0.0,0.13053518533706665,-280.6400146484375,-278.0,52.488380432128906,-376.0400085449219,-368.20001220703125,-342.0,-312.0,-278.0,-253.5,-228.89999389648438,-222.85000610351562,-170.79974365234375
7272,-280.6399841308594,0.0,0.0,0.130534827709198,-280.6400146484375,-278.0,52.488380432128906,-376.0400085449219,-368.20001220703125,-342.0,-312.0,-278.0,-253.5,-228.89999389648438,-222.85000610351562,-170.79974365234375
7280,-280.6399841308594,0.0,0.0,0.130534827709198,-280.6400146484375,-278.0,52.488380432128906,-376.0400085449219,-368.20001220703125,-342.0,-312.0,-278.0,-253.5,-228.89999389648438,-222.85000610351562,-170.79974365234375
7288,-280.6399841308594,0.0,0.0,0.1305547058582306,-280.6400146484375,-278.0,52.488380432128906,-376.0400085449219,-368.20001220703125,-342.0,-312.0,-278.0,-253.5,-228.89999389648438,-222.85000610351562,-170.79974365234375
7296,-280.6399841308594,0.0,0.0,0.1305294781923294,-280.6400146484375,-278.0,52.488380432128906,-376.0400085449219,-368.20001220703125,-342.0,-312.0,-278.0,-253.5,-228.89999389648438,-222.85000610351562,-170.79974365234375
7304,-280.6399841308594,0.0,0.0,0.1304803490638733,-280.6400146484375,-278.0,52.488380432128906,-376.0400085449219,-368.20001220703125,-342.0,-312.0,-278.0,-253.5,-228.89999389648438,-222.85000610351562,-170.79974365234375
7312,-280.6399841308594,0.0,0.0,0.13056549429893494,-280.6400146484375,-278.0,52.488380432128906,-376.0400085449219,-368.20001220703125,-342.0,-312.0,-278.0,-253.5,-228.89999389648438,-222.85000610351562,-170.79974365234375
7320,-280.6399841308594,0.0,0.0,0.13046224415302277,-280.6400146484375,-278.0,52.488380432128906,-376.0400085449219,-368.20001220703125,-342.0,-312.0,-278.0,-253.5,-228.89999389648438,-222.85000610351562,-170.79974365234375
7328,-280.6399841308594,0.0,0.0,0.12970072031021118,-280.6400146484375,-278.0,52.488380432128906,-376.0400085449219,-368.20001220703125,-342.0,-312.0,-278.0,-253.5,-228.89999389648438,-222.85000610351562,-170.79974365234375
7336,-280.6399841308594,0.0,0.0,0.12963180243968964,-280.6400146484375,-278.0,52.488380432128906,-376.0400085449219,-368.20001220703125,-342.0,-312.0,-278.0,-253.5,-228.89999389648438,-222.85000610351562,-170.79974365234375
7344,-280.6600036621094,0.0,0.0,0.12935073673725128,-280.6600036621094,-278.0,52.46564865112305,-376.0400085449219,-368.20001220703125,-342.0,-312.0,-278.0,-253.5,-228.89999389648438,-222.95001220703125,-170.79974365234375
7352,-280.6600036621094,0.0,0.0,0.12969154119491577,-280.6600036621094,-278.0,52.46564865112305,-376.0400085449219,-368.20001220703125,-342.0,-312.0,-278.0,-253.5,-228.89999389648438,-222.95001220703125,-170.79974365234375
7360,-280.6600036621094,0.0,0.0,0.12966659665107727,-280.6600036621094,-278.0,52.46564865112305,-376.0400085449219,-368.20001220703125,-342.0,-312.0,-278.0,-253.5,-228.89999389648438,-222.95001220703125,-170.79974365234375
7368,-280.6600036621094,0.0,0.0,0.12965448200702667,-280.6600036621094,-278.0,52.46564865112305,-376.0400085449219,-368.20001220703125,-342.0,-312.0,-278.0,-253.5,-228.89999389648438,-222.95001220703125,-170.79974365234375
7376,-280.6600036621094,0.0,0.0,0.1298476904630661,-280.6600036621094,-278.0,52.46564865112305,-376.0400085449219,-368.20001220703125,-342.0,-312.0,-278.0,-253.5,-228.89999389648438,-222.95001220703125,-170.79974365234375
7384,-280.6600036621094,0.0,0.0,0.1311202049255371,-280.6600036621094,-278.0,52.46564865112305,-376.0400085449219,-368.20001220703125,-342.0,-312.0,-278.0,-253.5,-228.89999389648438,-222.95001220703125,-170.79974365234375
7392,-280.6600036621094,0.0,0.0,0.131133034825325,-280.6600036621094,-278.0,52.46564865112305,-376.0400085449219,-368.20001220703125,-342.0,-312.0,-278.0,-253.5,-228.89999389648438,-222.95001220703125,-170.79974365234375
7400,-280.6600036621094,0.0,0.0,0.1314648538827896,-280.6600036621094,-278.0,52.46564865112305,-376.0400085449219,-368.20001220703125,-342.0,-312.0,-278.0,-253.5,-228.89999389648438,-222.95001220703125,-170.79974365234375
7408,-280.6600036621094,0.0,0.0,0.1341991424560547,-280.6600036621094,-278.0,52.46564865112305,-376.0400085449219,-368.20001220703125,-342.0,-312.0,-278.0,-253.5,-228.89999389648438,-222.95001220703125,-170.79974365234375
7416,-280.6600036621094,0.0,0.0,0.13736492395401,-280.6600036621094,-278.0,52.46564865112305,-376.0400085449219,-368.20001220703125,-342.0,-312.0,-278.0,-253.5,-228.89999389648438,-222.95001220703125,-170.79974365234375
7424,-280.6600036621094,0.0,0.0,0.13711638748645782,-280.6600036621094,-278.0,52.46564865112305,-376.0400085449219,-368.20001220703125,-342.0,-312.0,-278.0,-253.5,-228.89999389648438,-222.95001220703125,-170.79974365234375
7432,-280.6600036621094,0.0,0.0,0.13080111145973206,-280.6600036621094,-278.0,52.46564865112305,-376.0400085449219,-368.20001220703125,-342.0,-312.0,-278.0,-253.5,-228.89999389648438,-222.95001220703125,-170.79974365234375
7440,-280.6600036621094,0.0,0.0,0.12747028470039368,-280.6600036621094,-278.0,52.46564865112305,-376.0400085449219,-368.20001220703125,-342.0,-312.0,-278.0,-253.5,-228.89999389648438,-222.95001220703125,-170.79974365234375
7448,-280.6600036621094,0.0,0.0,0.127597376704216,-280.6600036621094,-278.0,52.46564865112305,-376.0400085449219,-368.20001220703125,-342.0,-312.0,-278.0,-253.5,-228.89999389648438,-222.95001220703125,-170.79974365234375
7456,-280.6600036621094,0.0,0.0,0.12751008570194244,-280.6600036621094,-278.0,52.46564865112305,-376.0400085449219,-368.20001220703125,-342.0,-312.0,-278.0,-253.5,-228.89999389648438,-222.95001220703125,-170.79974365234375
7464,-280.6600036621094,0.0,0.0,0.12747597694396973,-280.6600036621094,-278.0,52.46564865112305,-376.0400085449219,-368.20001220703125,-342.0,-312.0,-278.0,-253.5,-228.89999389648438,-222.95001220703125,-170.79974365234375
7472,-280.6600036621094,0.0,0.0,0.12747548520565033,-280.6600036621094,-278.0,52.46564865112305,-376.0400085449219,-368.20001220703125,-342.0,-312.0,-278.0,-253.5,-228.89999389648438,-222.95001220703125,-170.79974365234375
7480,-280.67999267578125,0.0,0.0,0.12791714072227478,-280.67999267578125,-278.0,52.44938659667969,-376.0400085449219,-368.20001220703125,-342.0,-312.0,-278.0,-253.5,-228.89999389648438,-222.95001220703125,-170.79974365234375
7488,-280.67999267578125,0.0,0.0,0.12443200498819351,-280.67999267578125,-278.0,52.44938659667969,-376.0400085449219,-368.20001220703125,-342.0,-312.0,-278.0,-253.5,-228.89999389648438,-222.95001220703125,-170.79974365234375
7496,-280.67999267578125,0.0,0.0,0.1285480558872223,-280.67999267578125,-278.0,52.44938659667969,-376.0400085449219,-368.20001220703125,-342.0,-312.0,-278.0,-253.5,-228.89999389648438,-222.95001220703125,-170.79974365234375
7504,-280.67999267578125,0.0,0.0,0.1335090845823288,-280.67999267578125,-278.0,52.44938659667969,-376.0400085449219,-368.20001220703125,-342.0,-312.0,-278.0,-253.5,-228.89999389648438,-222.95001220703125,-170.79974365234375
7512,-280.67999267578125,0.0,0.0,0.13746224343776703,-280.67999267578125,-278.0,52.44938659667969,-376.0400085449219,-368.20001220703125,-342.0,-312.0,-278.0,-253.5,-228.89999389648438,-222.95001220703125,-170.79974365234375
7520,-280.67999267578125,0.0,0.0,0.1336899846792221,-280.67999267578125,-278.0,52.44938659667969,-376.0400085449219,-368.20001220703125,-342.0,-312.0,-278.0,-253.5,-228.89999389648438,-222.95001220703125,-170.79974365234375
7528,-280.67999267578125,0.0,0.0,0.1298733651638031,-280.67999267578125,-278.0,52.44938659667969,-376.0400085449219,-368.20001220703125,-342.0,-312.0,-278.0,-253.5,-228.89999389648438,-222.95001220703125,-170.79974365234375
7536,-280.67999267578125,0.0,0.0,0.132910817861557,-280.67999267578125,-278.0,52.44938659667969,-376.0400085449219,-368.20001220703125,-342.0,-312.0,-278.0,-253.5,-228.89999389648438,-222.95001220703125,-170.79974365234375
7544,-280.67999267578125,0.0,0.0,0.13315092027187347,-280.67999267578125,-278.0,52.44938659667969,-376.0400085449219,-368.20001220703125,-342.0,-312.0,-278.0,-253.5,-228.89999389648438,-222.95001220703125,-170.79974365234375
7552,-280.67999267578125,0.0,0.0,0.13355249166488647,-280.67999267578125,-278.0,52.44938659667969,-376.0400085449219,-368.20001220703125,-342.0,-312.0,-278.0,-253.5,-228.89999389648438,-222.95001220703125,-170.79974365234375
7560,-280.67999267578125,0.0,0.0,0.13624970614910126,-280.67999267578125,-278.0,52.44938659667969,-376.0400085449219,-368.20001220703125,-342.0,-312.0,-278.0,-253.5,-228.89999389648438,-222.95001220703125,-170.79974365234375
7568,-280.67999267578125,0.0,0.0,0.13583557307720184,-280.67999267578125,-278.0,52.44938659667969,-376.0400085449219,-368.20001220703125,-342.0,-312.0,-278.0,-253.5,-228.89999389648438,-222.95001220703125,-170.79974365234375
7576,-280.67999267578125,0.0,0.0,0.1405928134918213,-280.67999267578125,-278.0,52.44938659667969,-376.0400085449219,-368.20001220703125,-342.0,-312.0,-278.0,-253.5,-228.89999389648438,-222.95001220703125,-170.79974365234375
7584,-280.67999267578125,0.0,0.0,0.13941021263599396,-280.67999267578125,-278.0,52.44938659667969,-376.0400085449219,-368.20001220703125,-342.0,-312.0,-278.0,-253.5,-228.89999389648438,-222.95001220703125,-170.79974365234375
7592,-280.67999267578125,0.0,0.0,0.13936682045459747,-280.67999267578125,-278.0,52.44938659667969,-376.0400085449219,-368.20001220703125,-342.0,-312.0,-278.0,-253.5,-228.89999389648438,-222.95001220703125,-170.79974365234375
7600,-280.67999267578125,0.0,0.0,0.14276036620140076,-280.67999267578125,-278.0,52.44938659667969,-376.0400085449219,-368.20001220703125,-342.0,-312.0,-278.0,-253.5,-228.89999389648438,-222.95001220703125,-170.79974365234375
7608,-280.67999267578125,0.0,0.0,0.1387941986322403,-280.67999267578125,-278.0,52.44938659667969,-376.0400085449219,-368.20001220703125,-342.0,-312.0,-278.0,-253.5,-228.89999389648438,-222.95001220703125,-170.79974365234375
7616,-280.67999267578125,0.0,0.0,0.13771073520183563,-280.67999267578125,-278.0,52.44938659667969,-376.0400085449219,-368.20001220703125,-342.0,-312.0,-278.0,-253.5,-228.89999389648438,-222.95001220703125,-170.79974365234375
7624,-280.67999267578125,0.0,0.0,0.13803869485855103,-280.67999267578125,-278.0,52.44938659667969,-376.0400085449219,-368.20001220703125,-342.0,-312.0,-278.0,-253.5,-228.89999389648438,-222.95001220703125,-170.79974365234375
7632,-280.7200012207031,0.0,0.0,0.14739927649497986,-280.7200012207031,-278.0,52.415279388427734,-376.0400085449219,-368.20001220703125,-342.0,-312.0,-278.0,-253.5,-228.89999389648438,-222.95001220703125,-170.79974365234375
7640,-280.7200012207031,0.0,0.0,0.14472289383411407,-280.7200012207031,-278.0,52.415279388427734,-376.0400085449219,-368.20001220703125,-342.0,-312.0,-278.0,-253.5,-228.89999389648438,-222.95001220703125,-170.79974365234375
7648,-280.7200012207031,0.0,0.0,0.14704075455665588,-280.7200012207031,-278.0,52.415279388427734,-376.0400085449219,-368.20001220703125,-342.0,-312.0,-278.0,-253.5,-228.89999389648438,-222.95001220703125,-170.79974365234375
7656,-280.7200012207031,0.0,0.0,0.14402952790260315,-280.7200012207031,-278.0,52.415279388427734,-376.0400085449219,-368.20001220703125,-342.0,-312.0,-278.0,-253.5,-228.89999389648438,-222.95001220703125,-170.79974365234375
7664,-280.7200012207031,0.0,0.0,0.13637351989746094,-280.7200012207031,-278.0,52.415279388427734,-376.0400085449219,-368.20001220703125,-342.0,-312.0,-278.0,-253.5,-228.89999389648438,-222.95001220703125,-170.79974365234375
7672,-280.7200012207031,0.0,0.0,0.137583389878273,-280.7200012207031,-278.0,52.415279388427734,-376.0400085449219,-368.20001220703125,-342.0,-312.0,-278.0,-253.5,-228.89999389648438,-222.95001220703125,-170.79974365234375
7680,-280.7200012207031,0.0,0.0,0.13771207630634308,-280.7200012207031,-278.0,52.415279388427734,-376.0400085449219,-368.20001220703125,-342.0,-312.0,-278.0,-253.5,-228.89999389648438,-222.95001220703125,-170.79974365234375
7688,-280.7200012207031,0.0,0.0,0.13753150403499603,-280.7200012207031,-278.0,52.415279388427734,-376.0400085449219,-368.20001220703125,-342.0,-312.0,-278.0,-253.5,-228.89999389648438,-222.95001220703125,-170.79974365234375
7696,-280.7200012207031,0.0,0.0,0.1387459635734558,-280.7200012207031,-278.0,52.415279388427734,-376.0400085449219,-368.20001220703125,-342.0,-312.0,-278.0,-253.5,-228.89999389648438,-222.95001220703125,-170.79974365234375
7704,-280.7200012207031,0.0,0.0,0.14183089137077332,-280.7200012207031,-278.0,52.415279388427734,-376.0400085449219,-368.20001220703125,-342.0,-312.0,-278.0,-253.5,-228.89999389648438,-222.95001220703125,-170.79974365234375
7712,-281.29998779296875,0.0,0.0,0.1424076408147812,-281.29998779296875,-278.0,49.735198974609375,-376.0400085449219,-368.20001220703125,-342.0,-312.0,-278.0,-253.5,-228.89999389648438,-222.95001220703125,-170.79974365234375
7720,-281.29998779296875,0.0,0.0,0.1454230695962906,-281.29998779296875,-278.0,49.735198974609375,-376.0400085449219,-368.20001220703125,-342.0,-312.0,-278.0,-253.5,-228.89999389648438,-222.95001220703125,-170.79974365234375
7728,-281.29998779296875,0.0,0.0,0.14487063884735107,-281.29998779296875,-278.0,49.735198974609375,-376.0400085449219,-368.20001220703125,-342.0,-312.0,-278.0,-253.5,-228.89999389648438,-222.95001220703125,-170.79974365234375
7736,-281.29998779296875,0.0,0.0,0.1443226933479309,-281.29998779296875,-278.0,49.735198974609375,-376.0400085449219,-368.20001220703125,-342.0,-312.0,-278.0,-253.5,-228.89999389648438,-222.95001220703125,-170.79974365234375
7744,-281.29998779296875,0.0,0.0,0.14426890015602112,-281.29998779296875,-278.0,49.735198974609375,-376.0400085449219,-368.20001220703125,-342.0,-312.0,-278.0,-253.5,-228.89999389648438,-222.95001220703125,-170.79974365234375
7752,-281.29998779296875,0.0,0.0,0.14685998857021332,-281.29998779296875,-278.0,49.735198974609375,-376.0400085449219,-368.20001220703125,-342.0,-312.0,-278.0,-253.5,-228.89999389648438,-222.95001220703125,-170.79974365234375
7760,-281.29998779296875,0.0,0.0,0.14664483070373535,-281.29998779296875,-278.0,49.735198974609375,-376.0400085449219,-368.20001220703125,-342.0,-312.0,-278.0,-253.5,-228.89999389648438,-222.95001220703125,-170.79974365234375
7768,-281.29998779296875,0.0,0.0,0.14662745594978333,-281.29998779296875,-278.0,49.735198974609375,-376.0400085449219,-368.20001220703125,-342.0,-312.0,-278.0,-253.5,-228.89999389648438,-222.95001220703125,-170.79974365234375
7776,-281.29998779296875,0.0,0.0,0.14414268732070923,-281.29998779296875,-278.0,49.735198974609375,-376.0400085449219,-368.20001220703125,-342.0,-312.0,-278.0,-253.5,-228.89999389648438,-222.95001220703125,-170.79974365234375
7784,-281.29998779296875,0.0,0.0,0.14668051898479462,-281.29998779296875,-278.0,49.735198974609375,-376.0400085449219,-368.20001220703125,-342.0,-312.0,-278.0,-253.5,-228.89999389648438,-222.95001220703125,-170.79974365234375
7792,-281.29998779296875,0.0,0.0,0.14679111540317535,-281.29998779296875,-278.0,49.735198974609375,-376.0400085449219,-368.20001220703125,-342.0,-312.0,-278.0,-253.5,-228.89999389648438,-222.95001220703125,-170.79974365234375
7800,-281.29998779296875,0.0,0.0,0.14943425357341766,-281.29998779296875,-278.0,49.735198974609375,-376.0400085449219,-368.20001220703125,-342.0,-312.0,-278.0,-253.5,-228.89999389648438,-222.95001220703125,-170.79974365234375
7808,-281.29998779296875,0.0,0.0,0.15008357167243958,-281.29998779296875,-278.0,49.735198974609375,-376.0400085449219,-368.20001220703125,-342.0,-312.0,-278.0,-253.5,-228.89999389648438,-222.95001220703125,-170.79974365234375
7816,-281.29998779296875,0.0,0.0,0.14916391670703888,-281.29998779296875,-278.0,49.735198974609375,-376.0400085449219,-368.20001220703125,-342.0,-312.0,-278.0,-253.5,-228.89999389648438,-222.95001220703125,-170.79974365234375
7824,-281.29998779296875,0.0,0.0,0.15174733102321625,-281.29998779296875,-278.0,49.735198974609375,-376.0400085449219,-368.20001220703125,-342.0,-312.0,-278.0,-253.5,-228.89999389648438,-222.95001220703125,-170.79974365234375
7832,-281.29998779296875,0.0,0.0,0.1466720700263977,-281.29998779296875,-278.0,49.735198974609375,-376.0400085449219,-368.20001220703125,-342.0,-312.0,-278.0,-253.5,-228.89999389648438,-222.95001220703125,-170.79974365234375
7840,-281.29998779296875,0.0,0.0,0.14907382428646088,-281.29998779296875,-278.0,49.735198974609375,-376.0400085449219,-368.20001220703125,-342.0,-312.0,-278.0,-253.5,-228.89999389648438,-222.95001220703125,-170.79974365234375
7848,-281.29998779296875,0.0,0.0,0.14914868772029877,-281.29998779296875,-278.0,49.735198974609375,-376.0400085449219,-368.20001220703125,-342.0,-312.0,-278.0,-253.5,-228.89999389648438,-222.95001220703125,-170.79974365234375
7856,-281.29998779296875,0.0,0.0,0.14906875789165497,-281.29998779296875,-278.0,49.735198974609375,-376.0400085449219,-368.20001220703125,-342.0,-312.0,-278.0,-253.5,-228.89999389648438,-222.95001220703125,-170.79974365234375
7864,-281.29998779296875,0.0,0.0,0.148888498544693,-281.29998779296875,-278.0,49.735198974609375,-376.0400085449219,-368.20001220703125,-342.0,-312.0,-278.0,-253.5,-228.89999389648438,-222.95001220703125,-170.79974365234375
7872,-281.29998779296875,0.0,0.0,0.151015043258667,-281.29998779296875,-278.0,49.735198974609375,-376.0400085449219,-368.20001220703125,-342.0,-312.0,-278.0,-253.5,-228.89999389648438,-222.95001220703125,-170.79974365234375
7880,-281.29998779296875,0.0,0.0,0.14862707257270813,-281.29998779296875,-278.0,49.735198974609375,-376.0400085449219,-368.20001220703125,-342.0,-312.0,-278.0,-253.5,-228.89999389648438,-222.95001220703125,-170.79974365234375
7888,-281.29998779296875,0.0,0.0,0.14339837431907654,-281.29998779296875,-278.0,49.735198974609375,-376.0400085449219,-368.20001220703125,-342.0,-312.0,-278.0,-253.5,-228.89999389648438,-222.95001220703125,-170.79974365234375
7896,-281.29998779296875,0.0,0.0,0.14289531111717224,-281.29998779296875,-278.0,49.735198974609375,-376.0400085449219,-368.20001220703125,-342.0,-312.0,-278.0,-253.5,-228.89999389648438,-222.95001220703125,-170.79974365234375
7904,-281.29998779296875,0.0,0.0,0.14304161071777344,-281.29998779296875,-278.0,49.735198974609375,-376.0400085449219,-368.20001220703125,-342.0,-312.0,-278.0,-253.5,-228.89999389648438,-222.95001220703125,-170.79974365234375
7912,-281.29998779296875,0.0,0.0,0.14211885631084442,-281.29998779296875,-278.0,49.735198974609375,-376.0400085449219,-368.20001220703125,-342.0,-312.0,-278.0,-253.5,-228.89999389648438,-222.95001220703125,-170.79974365234375
7920,-281.29998779296875,0.0,0.0,0.14254073798656464,-281.29998779296875,-278.0,49.735198974609375,-376.0400085449219,-368.20001220703125,-342.0,-312.0,-278.0,-253.5,-228.89999389648438,-222.95001220703125,-170.79974365234375
7928,-281.29998779296875,0.0,0.0,0.14525555074214935,-281.29998779296875,-278.0,49.735198974609375,-376.0400085449219,-368.20001220703125,-342.0,-312.0,-278.0,-253.5,-228.89999389648438,-222.95001220703125,-170.79974365234375
7936,-281.29998779296875,0.0,0.0,0.14254969358444214,-281.29998779296875,-278.0,49.735198974609375,-376.0400085449219,-368.20001220703125,-342.0,-312.0,-278.0,-253.5,-228.89999389648438,-222.95001220703125,-170.79974365234375
7944,-281.29998779296875,0.0,0.0,0.1461849808692932,-281.29998779296875,-278.0,49.735198974609375,-376.0400085449219,-368.20001220703125,-342.0,-312.0,-278.0,-253.5,-228.89999389648438,-222.95001220703125,-170.79974365234375
7952,-281.29998779296875,0.0,0.0,0.14854054152965546,-281.29998779296875,-278.0,49.735198974609375,-376.0400085449219,-368.20001220703125,-342.0,-312.0,-278.0,-253.5,-228.89999389648438,-222.95001220703125,-170.79974365234375
7960,-281.29998779296875,0.0,0.0,0.1474330723285675,-281.29998779296875,-278.0,49.735198974609375,-376.0400085449219,-368.20001220703125,-342.0,-312.0,-278.0,-253.5,-228.89999389648438,-222.95001220703125,-170.79974365234375
7968,-281.29998779296875,0.0,0.0,0.14740218222141266,-281.29998779296875,-278.0,49.735198974609375,-376.0400085449219,-368.20001220703125,-342.0,-312.0,-278.0,-253.5,-228.89999389648438,-222.95001220703125,-170.79974365234375
7976,-281.29998779296875,0.0,0.0,0.1475176066160202,-281.29998779296875,-278.0,49.735198974609375,-376.0400085449219,-368.20001220703125,-342.0,-312.0,-278.0,-253.5,-228.89999389648438,-222.95001220703125,-170.79974365234375
7984,-281.29998779296875,0.0,0.0,0.144464910030365,-281.29998779296875,-278.0,49.735198974609375,-376.0400085449219,-368.20001220703125,-342.0,-312.0,-278.0,-253.5,-228.89999389648438,-222.95001220703125,-170.79974365234375
7992,-281.29998779296875,0.0,0.0,0.14646771550178528,-281.29998779296875,-278.0,49.735198974609375,-376.0400085449219,-368.20001220703125,-342.0,-312.0,-278.0,-253.5,-228.89999389648438,-222.95001220703125,-170.79974365234375
8000,-281.29998779296875,0.0,0.0,0.1506650745868683,-281.29998779296875,-278.0,49.735198974609375,-376.0400085449219,-368.20001220703125,-342.0,-312.0,-278.0,-253.5,-228.89999389648438,-222.95001220703125,-170.79974365234375
8008,-281.29998779296875,0.0,0.0,0.15077902376651764,-281.29998779296875,-278.0,49.735198974609375,-376.0400085449219,-368.20001220703125,-342.0,-312.0,-278.0,-253.5,-228.89999389648438,-222.95001220703125,-170.79974365234375
8016,-281.29998779296875,0.0,0.0,0.14257775247097015,-281.29998779296875,-278.0,49.735198974609375,-376.0400085449219,-368.20001220703125,-342.0,-312.0,-278.0,-253.5,-228.89999389648438,-222.95001220703125,-170.79974365234375
8024,-281.29998779296875,0.0,0.0,0.14090761542320251,-281.29998779296875,-278.0,49.735198974609375,-376.0400085449219,-368.20001220703125,-342.0,-312.0,-278.0,-253.5,-228.89999389648438,-222.95001220703125,-170.79974365234375
8032,-281.29998779296875,0.0,0.0,0.14416219294071198,-281.29998779296875,-278.0,49.735198974609375,-376.0400085449219,-368.20001220703125,-342.0,-312.0,-278.0,-253.5,-228.89999389648438,-222.95001220703125,-170.79974365234375
8040,-281.29998779296875,0.0,0.0,0.1441681683063507,-281.29998779296875,-278.0,49.735198974609375,-376.0400085449219,-368.20001220703125,-342.0,-312.0,-278.0,-253.5,-228.89999389648438,-222.95001220703125,-170.79974365234375
8048,-281.29998779296875,0.0,0.0,0.14429913461208344,-281.29998779296875,-278.0,49.735198974609375,-376.0400085449219,-368.20001220703125,-342.0,-312.0,-278.0,-253.5,-228.89999389648438,-222.95001220703125,-170.79974365234375
8056,-281.29998779296875,0.0,0.0,0.14496296644210815,-281.29998779296875,-278.0,49.735198974609375,-376.0400085449219,-368.20001220703125,-342.0,-312.0,-278.0,-253.5,-228.89999389648438,-222.95001220703125,-170.79974365234375
8064,-281.29998779296875,0.0,0.0,0.1426503211259842,-281.29998779296875,-278.0,49.735198974609375,-376.0400085449219,-368.20001220703125,-342.0,-312.0,-278.0,-253.5,-228.89999389648438,-222.95001220703125,-170.79974365234375
8072,-281.29998779296875,0.0,0.0,0.1425304412841797,-281.29998779296875,-278.0,49.735198974609375,-376.0400085449219,-368.20001220703125,-342.0,-312.0,-278.0,-253.5,-228.89999389648438,-222.95001220703125,-170.79974365234375
8080,-281.32000732421875,0.0,0.0,0.14186091721057892,-281.32000732421875,-278.0,49.6674690246582,-376.0400085449219,-368.20001220703125,-342.0,-312.0,-278.0,-253.5,-228.89999389648438,-222.95001220703125,-170.83975219726562
8088,-281.32000732421875,0.0,0.0,0.1416408270597458,-281.32000732421875,-278.0,49.6674690246582,-376.0400085449219,-368.20001220703125,-342.0,-312.0,-278.0,-253.5,-228.89999389648438,-222.95001220703125,-170.83975219726562
8096,-281.32000732421875,0.0,0.0,0.141610249876976,-281.32000732421875,-278.0,49.6674690246582,-376.0400085449219,-368.20001220703125,-342.0,-312.0,-278.0,-253.5,-228.89999389648438,-222.95001220703125,-170.83975219726562
8104,-281.32000732421875,0.0,0.0,0.138126939535141,-281.32000732421875,-278.0,49.6674690246582,-376.0400085449219,-368.20001220703125,-342.0,-312.0,-278.0,-253.5,-228.89999389648438,-222.95001220703125,-170.83975219726562
8112,-281.32000732421875,0.0,0.0,0.13817159831523895,-281.32000732421875,-278.0,49.6674690246582,-376.0400085449219,-368.20001220703125,-342.0,-312.0,-278.0,-253.5,-228.89999389648438,-222.95001220703125,-170.83975219726562
8120,-281.32000732421875,0.0,0.0,0.13814376294612885,-281.32000732421875,-278.0,49.6674690246582,-376.0400085449219,-368.20001220703125,-342.0,-312.0,-278.0,-253.5,-228.89999389648438,-222.95001220703125,-170.83975219726562
8128,-281.32000732421875,0.0,0.0,0.13814376294612885,-281.32000732421875,-278.0,49.6674690246582,-376.0400085449219,-368.20001220703125,-342.0,-312.0,-278.0,-253.5,-228.89999389648438,-222.95001220703125,-170.83975219726562
8136,-281.3399963378906,0.0,0.0,0.13821150362491608,-281.3399963378906,-278.0,49.692298889160156,-376.0400085449219,-368.20001220703125,-342.20001220703125,-312.0,-278.0,-253.5,-228.89999389648438,-222.95001220703125,-170.83975219726562
8144,-281.3399963378906,0.0,0.0,0.1335449516773224,-281.3399963378906,-278.0,49.692298889160156,-376.0400085449219,-368.20001220703125,-342.20001220703125,-312.0,-278.0,-253.5,-228.89999389648438,-222.95001220703125,-170.83975219726562
8152,-281.3399963378906,0.0,0.0,0.13339956104755402,-281.3399963378906,-278.0,49.692298889160156,-376.0400085449219,-368.20001220703125,-342.20001220703125,-312.0,-278.0,-253.5,-228.89999389648438,-222.95001220703125,-170.83975219726562
8160,-281.3399963378906,0.0,0.0,0.13361631333827972,-281.3399963378906,-278.0,49.692298889160156,-376.0400085449219,-368.20001220703125,-342.20001220703125,-312.0,-278.0,-253.5,-228.89999389648438,-222.95001220703125,-170.83975219726562
8168,-281.3399963378906,0.0,0.0,0.1335633248090744,-281.3399963378906,-278.0,49.692298889160156,-376.0400085449219,-368.20001220703125,-342.20001220703125,-312.0,-278.0,-253.5,-228.89999389648438,-222.95001220703125,-170.83975219726562
8176,-281.3399963378906,0.0,0.0,0.1335238665342331,-281.3399963378906,-278.0,49.692298889160156,-376.0400085449219,-368.20001220703125,-342.20001220703125,-312.0,-278.0,-253.5,-228.89999389648438,-222.95001220703125,-170.83975219726562
8184,-281.3399963378906,0.0,0.0,0.1335238665342331,-281.3399963378906,-278.0,49.692298889160156,-376.0400085449219,-368.20001220703125,-342.20001220703125,-312.0,-278.0,-253.5,-228.89999389648438,-222.95001220703125,-170.83975219726562
8192,-281.3399963378906,0.0,0.0,0.1335218846797943,-281.3399963378906,-278.0,49.692298889160156,-376.0400085449219,-368.20001220703125,-342.20001220703125,-312.0,-278.0,-253.5,-228.89999389648438,-222.95001220703125,-170.83975219726562
8200,-281.3399963378906,0.0,0.0,0.13352122902870178,-281.3399963378906,-278.0,49.692298889160156,-376.0400085449219,-368.20001220703125,-342.20001220703125,-312.0,-278.0,-253.5,-228.89999389648438,-222.95001220703125,-170.83975219726562
8208,-281.3399963378906,0.0,0.0,0.1342598795890808,-281.3399963378906,-278.0,49.692298889160156,-376.0400085449219,-368.20001220703125,-342.20001220703125,-312.0,-278.0,-253.5,-228.89999389648438,-222.95001220703125,-170.83975219726562
8216,-281.3399963378906,0.0,0.0,0.1348356455564499,-281.3399963378906,-278.0,49.692298889160156,-376.0400085449219,-368.20001220703125,-342.20001220703125,-312.0,-278.0,-253.5,-228.89999389648438,-222.95001220703125,-170.83975219726562
8224,-281.3399963378906,0.0,0.0,0.1415463387966156,-281.3399963378906,-278.0,49.692298889160156,-376.0400085449219,-368.20001220703125,-342.20001220703125,-312.0,-278.0,-253.5,-228.89999389648438,-222.95001220703125,-170.83975219726562
8232,-281.3399963378906,0.0,0.0,0.1354692578315735,-281.3399963378906,-278.0,49.692298889160156,-376.0400085449219,-368.20001220703125,-342.20001220703125,-312.0,-278.0,-253.5,-228.89999389648438,-222.95001220703125,-170.83975219726562
8240,-281.3399963378906,0.0,0.0,0.13692818582057953,-281.3399963378906,-278.0,49.692298889160156,-376.0400085449219,-368.20001220703125,-342.20001220703125,-312.0,-278.0,-253.5,-228.89999389648438,-222.95001220703125,-170.83975219726562
8248,-281.3399963378906,0.0,0.0,0.13177427649497986,-281.3399963378906,-278.0,49.692298889160156,-376.0400085449219,-368.20001220703125,-342.20001220703125,-312.0,-278.0,-253.5,-228.89999389648438,-222.95001220703125,-170.83975219726562
8256,-281.3399963378906,0.0,0.0,0.13175749778747559,-281.3399963378906,-278.0,49.692298889160156,-376.0400085449219,-368.20001220703125,-342.20001220703125,-312.0,-278.0,-253.5,-228.89999389648438,-222.95001220703125,-170.83975219726562
8264,-281.3399963378906,0.0,0.0,0.13108180463314056,-281.3399963378906,-278.0,49.692298889160156,-376.0400085449219,-368.20001220703125,-342.20001220703125,-312.0,-278.0,-253.5,-228.89999389648438,-222.95001220703125,-170.83975219726562
8272,-281.3399963378906,0.0,0.0,0.13101109862327576,-281.3399963378906,-278.0,49.692298889160156,-376.0400085449219,-368.20001220703125,-342.20001220703125,-312.0,-278.0,-253.5,-228.89999389648438,-222.95001220703125,-170.83975219726562
8280,-281.3399963378906,0.0,0.0,0.13101109862327576,-281.3399963378906,-278.0,49.692298889160156,-376.0400085449219,-368.20001220703125,-342.20001220703125,-312.0,-278.0,-253.5,-228.89999389648438,-222.95001220703125,-170.83975219726562
8288,-281.3399963378906,0.0,0.0,0.13101109862327576,-281.3399963378906,-278.0,49.692298889160156,-376.0400085449219,-368.20001220703125,-342.20001220703125,-312.0,-278.0,-253.5,-228.89999389648438,-222.95001220703125,-170.83975219726562
8296,-281.3399963378906,0.0,0.0,0.1310240775346756,-281.3399963378906,-278.0,49.692298889160156,-376.0400085449219,-368.20001220703125,-342.20001220703125,-312.0,-278.0,-253.5,-228.89999389648438,-222.95001220703125,-170.83975219726562
8304,-281.3399963378906,0.0,0.0,0.13095395267009735,-281.3399963378906,-278.0,49.692298889160156,-376.0400085449219,-368.20001220703125,-342.20001220703125,-312.0,-278.0,-253.5,-228.89999389648438,-222.95001220703125,-170.83975219726562
8312,-281.3399963378906,0.0,0.0,0.13095153868198395,-281.3399963378906,-278.0,49.692298889160156,-376.0400085449219,-368.20001220703125,-342.20001220703125,-312.0,-278.0,-253.5,-228.89999389648438,-222.95001220703125,-170.83975219726562
8320,-281.3399963378906,0.0,0.0,0.13594813644886017,-281.3399963378906,-278.0,49.692298889160156,-376.0400085449219,-368.20001220703125,-342.20001220703125,-312.0,-278.0,-253.5,-228.89999389648438,-222.95001220703125,-170.83975219726562
8328,-281.3399963378906,0.0,0.0,0.13549961149692535,-281.3399963378906,-278.0,49.692298889160156,-376.0400085449219,-368.20001220703125,-342.20001220703125,-312.0,-278.0,-253.5,-228.89999389648438,-222.95001220703125,-170.83975219726562
8336,-281.3399963378906,0.0,0.0,0.13517425954341888,-281.3399963378906,-278.0,49.692298889160156,-376.0400085449219,-368.20001220703125,-342.20001220703125,-312.0,-278.0,-253.5,-228.89999389648438,-222.95001220703125,-170.83975219726562
8344,-281.3399963378906,0.0,0.0,0.13516134023666382,-281.3399963378906,-278.0,49.692298889160156,-376.0400085449219,-368.20001220703125,-342.20001220703125,-312.0,-278.0,-253.5,-228.89999389648438,-222.95001220703125,-170.83975219726562
8352,-281.3399963378906,0.0,0.0,0.13510090112686157,-281.3399963378906,-278.0,49.692298889160156,-376.0400085449219,-368.20001220703125,-342.20001220703125,-312.0,-278.0,-253.5,-228.89999389648438,-222.95001220703125,-170.83975219726562
8360,-281.3399963378906,0.0,0.0,0.1291610300540924,-281.3399963378906,-278.0,49.692298889160156,-376.0400085449219,-368.20001220703125,-342.20001220703125,-312.0,-278.0,-253.5,-228.89999389648438,-222.95001220703125,-170.83975219726562
8368,-281.3399963378906,0.0,0.0,0.128704234957695,-281.3399963378906,-278.0,49.692298889160156,-376.0400085449219,-368.20001220703125,-342.20001220703125,-312.0,-278.0,-253.5,-228.89999389648438,-222.95001220703125,-170.83975219726562
8376,-281.3399963378906,0.0,0.0,0.1287287026643753,-281.3399963378906,-278.0,49.692298889160156,-376.0400085449219,-368.20001220703125,-342.20001220703125,-312.0,-278.0,-253.5,-228.89999389648438,-222.95001220703125,-170.83975219726562
8384,-281.3399963378906,0.0,0.0,0.1286434382200241,-281.3399963378906,-278.0,49.692298889160156,-376.0400085449219,-368.20001220703125,-342.20001220703125,-312.0,-278.0,-253.5,-228.89999389648438,-222.95001220703125,-170.83975219726562
8392,-281.3399963378906,0.0,0.0,0.12852565944194794,-281.3399963378906,-278.0,49.692298889160156,-376.0400085449219,-368.20001220703125,-342.20001220703125,-312.0,-278.0,-253.5,-228.89999389648438,-222.95001220703125,-170.83975219726562
8400,-281.3399963378906,0.0,0.0,0.12954095005989075,-281.3399963378906,-278.0,49.692298889160156,-376.0400085449219,-368.20001220703125,-342.20001220703125,-312.0,-278.0,-253.5,-228.89999389648438,-222.95001220703125,-170.83975219726562
8408,-281.3399963378906,0.0,0.0,0.13779295980930328,-281.3399963378906,-278.0,49.692298889160156,-376.0400085449219,-368.20001220703125,-342.20001220703125,-312.0,-278.0,-253.5,-228.89999389648438,-222.95001220703125,-170.83975219726562
8416,-281.3399963378906,0.0,0.0,0.12765727937221527,-281.3399963378906,-278.0,49.692298889160156,-376.0400085449219,-368.20001220703125,-342.20001220703125,-312.0,-278.0,-253.5,-228.89999389648438,-222.95001220703125,-170.83975219726562
8424,-281.3399963378906,0.0,0.0,0.12772931158542633,-281.3399963378906,-278.0,49.692298889160156,-376.0400085449219,-368.20001220703125,-342.20001220703125,-312.0,-278.0,-253.5,-228.89999389648438,-222.95001220703125,-170.83975219726562
8432,-281.3399963378906,0.0,0.0,0.12693212926387787,-281.3399963378906,-278.0,49.692298889160156,-376.0400085449219,-368.20001220703125,-342.20001220703125,-312.0,-278.0,-253.5,-228.89999389648438,-222.95001220703125,-170.83975219726562
8440,-281.3599853515625,0.0,0.0,0.1271754950284958,-281.3599853515625,-278.0,49.67524719238281,-376.0400085449219,-368.20001220703125,-342.20001220703125,-312.0,-278.0,-253.5,-228.89999389648438,-222.95001220703125,-170.83975219726562
8448,-281.3599853515625,0.0,0.0,0.1248803660273552,-281.3599853515625,-278.0,49.67524719238281,-376.0400085449219,-368.20001220703125,-342.20001220703125,-312.0,-278.0,-253.5,-228.89999389648438,-222.95001220703125,-170.83975219726562
8456,-281.3800048828125,0.0,0.0,0.11929694563150406,-281.3800048828125,-278.0,49.608219146728516,-376.0400085449219,-368.20001220703125,-342.20001220703125,-312.0,-278.0,-253.5,-228.89999389648438,-222.95001220703125,-170.8797607421875
8464,-281.3800048828125,0.0,0.0,0.12003687769174576,-281.3800048828125,-278.0,49.608219146728516,-376.0400085449219,-368.20001220703125,-342.20001220703125,-312.0,-278.0,-253.5,-228.89999389648438,-222.95001220703125,-170.8797607421875
8472,-281.3800048828125,0.0,0.0,0.1157207116484642,-281.3800048828125,-278.0,49.608219146728516,-376.0400085449219,-368.20001220703125,-342.20001220703125,-312.0,-278.0,-253.5,-228.89999389648438,-222.95001220703125,-170.8797607421875
8480,-281.3800048828125,0.0,0.0,0.11539225280284882,-281.3800048828125,-278.0,49.608219146728516,-376.0400085449219,-368.20001220703125,-342.20001220703125,-312.0,-278.0,-253.5,-228.89999389648438,-222.95001220703125,-170.8797607421875
8488,-281.3800048828125,0.0,0.0,0.12051147222518921,-281.3800048828125,-278.0,49.608219146728516,-376.0400085449219,-368.20001220703125,-342.20001220703125,-312.0,-278.0,-253.5,-228.89999389648438,-222.95001220703125,-170.8797607421875
8496,-281.3800048828125,0.0,0.0,0.11372269690036774,-281.3800048828125,-278.0,49.608219146728516,-376.0400085449219,-368.20001220703125,-342.20001220703125,-312.0,-278.0,-253.5,-228.89999389648438,-222.95001220703125,-170.8797607421875
8504,-281.3800048828125,0.0,0.0,0.11324229836463928,-281.3800048828125,-278.0,49.608219146728516,-376.0400085449219,-368.20001220703125,-342.20001220703125,-312.0,-278.0,-253.5,-228.89999389648438,-222.95001220703125,-170.8797607421875
8512,-281.3800048828125,0.0,0.0,0.10989253968000412,-281.3800048828125,-278.0,49.608219146728516,-376.0400085449219,-368.20001220703125,-342.20001220703125,-312.0,-278.0,-253.5,-228.89999389648438,-222.95001220703125,-170.8797607421875
8520,-281.3800048828125,0.0,0.0,0.10989083349704742,-281.3800048828125,-278.0,49.608219146728516,-376.0400085449219,-368.20001220703125,-342.20001220703125,-312.0,-278.0,-253.5,-228.89999389648438,-222.95001220703125,-170.8797607421875
8528,-281.3800048828125,0.0,0.0,0.10370020568370819,-281.3800048828125,-278.0,49.608219146728516,-376.0400085449219,-368.20001220703125,-342.20001220703125,-312.0,-278.0,-253.5,-228.89999389648438,-222.95001220703125,-170.8797607421875
8536,-281.3800048828125,0.0,0.0,0.10371316969394684,-281.3800048828125,-278.0,49.608219146728516,-376.0400085449219,-368.20001220703125,-342.20001220703125,-312.0,-278.0,-253.5,-228.89999389648438,-222.95001220703125,-170.8797607421875
8544,-281.3800048828125,0.0,0.0,0.10770339518785477,-281.3800048828125,-278.0,49.608219146728516,-376.0400085449219,-368.20001220703125,-342.20001220703125,-312.0,-278.0,-253.5,-228.89999389648438,-222.95001220703125,-170.8797607421875
8552,-281.3800048828125,0.0,0.0,0.10373981297016144,-281.3800048828125,-278.0,49.608219146728516,-376.0400085449219,-368.20001220703125,-342.20001220703125,-312.0,-278.0,-253.5,-228.89999389648438,-222.95001220703125,-170.8797607421875
8560,-281.3800048828125,0.0,0.0,0.10366719216108322,-281.3800048828125,-278.0,49.608219146728516,-376.0400085449219,-368.20001220703125,-342.20001220703125,-312.0,-278.0,-253.5,-228.89999389648438,-222.95001220703125,-170.8797607421875
8568,-281.3800048828125,0.0,0.0,0.10365323722362518,-281.3800048828125,-278.0,49.608219146728516,-376.0400085449219,-368.20001220703125,-342.20001220703125,-312.0,-278.0,-253.5,-228.89999389648438,-222.95001220703125,-170.8797607421875
8576,-281.3800048828125,0.0,0.0,0.10361671447753906,-281.3800048828125,-278.0,49.608219146728516,-376.0400085449219,-368.20001220703125,-342.20001220703125,-312.0,-278.0,-253.5,-228.89999389648438,-222.95001220703125,-170.8797607421875
8584,-281.3800048828125,0.0,0.0,0.10549222677946091,-281.3800048828125,-278.0,49.608219146728516,-376.0400085449219,-368.20001220703125,-342.20001220703125,-312.0,-278.0,-253.5,-228.89999389648438,-222.95001220703125,-170.8797607421875
8592,-281.3800048828125,0.0,0.0,0.1116797998547554,-281.3800048828125,-278.0,49.608219146728516,-376.0400085449219,-368.20001220703125,-342.20001220703125,-312.0,-278.0,-253.5,-228.89999389648438,-222.95001220703125,-170.8797607421875
8600,-281.3800048828125,0.0,0.0,0.10779429227113724,-281.3800048828125,-278.0,49.608219146728516,-376.0400085449219,-368.20001220703125,-342.20001220703125,-312.0,-278.0,-253.5,-228.89999389648438,-222.95001220703125,-170.8797607421875
8608,-281.3800048828125,0.0,0.0,0.10784602165222168,-281.3800048828125,-278.0,49.608219146728516,-376.0400085449219,-368.20001220703125,-342.20001220703125,-312.0,-278.0,-253.5,-228.89999389648438,-222.95001220703125,-170.8797607421875
8616,-281.3800048828125,0.0,0.0,0.10778285562992096,-281.3800048828125,-278.0,49.608219146728516,-376.0400085449219,-368.20001220703125,-342.20001220703125,-312.0,-278.0,-253.5,-228.89999389648438,-222.95001220703125,-170.8797607421875
8624,-281.3800048828125,0.0,0.0,0.10776837915182114,-281.3800048828125,-278.0,49.608219146728516,-376.0400085449219,-368.20001220703125,-342.20001220703125,-312.0,-278.0,-253.5,-228.89999389648438,-222.95001220703125,-170.8797607421875
8632,-281.3800048828125,0.0,0.0,0.10782008618116379,-281.3800048828125,-278.0,49.608219146728516,-376.0400085449219,-368.20001220703125,-342.20001220703125,-312.0,-278.0,-253.5,-228.89999389648438,-222.95001220703125,-170.8797607421875
8640,-281.3800048828125,0.0,0.0,0.10740283876657486,-281.3800048828125,-278.0,49.608219146728516,-376.0400085449219,-368.20001220703125,-342.20001220703125,-312.0,-278.0,-253.5,-228.89999389648438,-222.95001220703125,-170.8797607421875
8648,-281.3800048828125,0.0,0.0,0.10707332193851471,-281.3800048828125,-278.0,49.608219146728516,-376.0400085449219,-368.20001220703125,-342.20001220703125,-312.0,-278.0,-253.5,-228.89999389648438,-222.95001220703125,-170.8797607421875
8656,-281.3800048828125,0.0,0.0,0.10106758028268814,-281.3800048828125,-278.0,49.608219146728516,-376.0400085449219,-368.20001220703125,-342.20001220703125,-312.0,-278.0,-253.5,-228.89999389648438,-222.95001220703125,-170.8797607421875
8664,-281.3800048828125,0.0,0.0,0.10106684267520905,-281.3800048828125,-278.0,49.608219146728516,-376.0400085449219,-368.20001220703125,-342.20001220703125,-312.0,-278.0,-253.5,-228.89999389648438,-222.95001220703125,-170.8797607421875
8672,-281.3800048828125,0.0,0.0,0.10101902484893799,-281.3800048828125,-278.0,49.608219146728516,-376.0400085449219,-368.20001220703125,-342.20001220703125,-312.0,-278.0,-253.5,-228.89999389648438,-222.95001220703125,-170.8797607421875
8680,-281.3800048828125,0.0,0.0,0.10120341926813126,-281.3800048828125,-278.0,49.608219146728516,-376.0400085449219,-368.20001220703125,-342.20001220703125,-312.0,-278.0,-253.5,-228.89999389648438,-222.95001220703125,-170.8797607421875
8688,-281.3800048828125,0.0,0.0,0.10138532519340515,-281.3800048828125,-278.0,49.608219146728516,-376.0400085449219,-368.20001220703125,-342.20001220703125,-312.0,-278.0,-253.5,-228.89999389648438,-222.95001220703125,-170.8797607421875
8696,-281.3800048828125,0.0,0.0,0.10120359808206558,-281.3800048828125,-278.0,49.608219146728516,-376.0400085449219,-368.20001220703125,-342.20001220703125,-312.0,-278.0,-253.5,-228.89999389648438,-222.95001220703125,-170.8797607421875
8704,-281.3800048828125,0.0,0.0,0.09422473609447479,-281.3800048828125,-278.0,49.608219146728516,-376.0400085449219,-368.20001220703125,-342.20001220703125,-312.0,-278.0,-253.5,-228.89999389648438,-222.95001220703125,-170.8797607421875
8712,-281.3800048828125,0.0,0.0,0.09505152702331543,-281.3800048828125,-278.0,49.608219146728516,-376.0400085449219,-368.20001220703125,-342.20001220703125,-312.0,-278.0,-253.5,-228.89999389648438,-222.95001220703125,-170.8797607421875
8720,-281.3800048828125,0.0,0.0,0.09422753751277924,-281.3800048828125,-278.0,49.608219146728516,-376.0400085449219,-368.20001220703125,-342.20001220703125,-312.0,-278.0,-253.5,-228.89999389648438,-222.95001220703125,-170.8797607421875
8728,-281.3800048828125,0.0,0.0,0.09421955049037933,-281.3800048828125,-278.0,49.608219146728516,-376.0400085449219,-368.20001220703125,-342.20001220703125,-312.0,-278.0,-253.5,-228.89999389648438,-222.95001220703125,-170.8797607421875
8736,-281.3999938964844,0.0,0.0,0.09577897936105728,-281.3999938964844,-278.0,49.58306121826172,-376.0400085449219,-368.20001220703125,-342.20001220703125,-312.0,-278.0,-253.5,-228.89999389648438,-222.95001220703125,-170.8797607421875
8744,-281.3999938964844,0.0,0.0,0.09588437527418137,-281.3999938964844,-278.0,49.58306121826172,-376.0400085449219,-368.20001220703125,-342.20001220703125,-312.0,-278.0,-253.5,-228.89999389648438,-222.95001220703125,-170.8797607421875
8752,-281.3999938964844,0.0,0.0,0.09341069310903549,-281.3999938964844,-278.0,49.58306121826172,-376.0400085449219,-368.20001220703125,-342.20001220703125,-312.0,-278.0,-253.5,-228.89999389648438,-222.95001220703125,-170.8797607421875
8760,-281.3999938964844,0.0,0.0,0.09932313859462738,-281.3999938964844,-278.0,49.58306121826172,-376.0400085449219,-368.20001220703125,-342.20001220703125,-312.0,-278.0,-253.5,-228.89999389648438,-222.95001220703125,-170.8797607421875
8768,-281.3999938964844,0.0,0.0,0.09249775856733322,-281.3999938964844,-278.0,49.58306121826172,-376.0400085449219,-368.20001220703125,-342.20001220703125,-312.0,-278.0,-253.5,-228.89999389648438,-222.95001220703125,-170.8797607421875
8776,-281.3999938964844,0.0,0.0,0.09876134991645813,-281.3999938964844,-278.0,49.58306121826172,-376.0400085449219,-368.20001220703125,-342.20001220703125,-312.0,-278.0,-253.5,-228.89999389648438,-222.95001220703125,-170.8797607421875
8784,-281.3999938964844,0.0,0.0,0.09152817726135254,-281.3999938964844,-278.0,49.58306121826172,-376.0400085449219,-368.20001220703125,-342.20001220703125,-312.0,-278.0,-253.5,-228.89999389648438,-222.95001220703125,-170.8797607421875
8792,-281.3999938964844,0.0,0.0,0.09721045941114426,-281.3999938964844,-278.0,49.58306121826172,-376.0400085449219,-368.20001220703125,-342.20001220703125,-312.0,-278.0,-253.5,-228.89999389648438,-222.95001220703125,-170.8797607421875
8800,-281.3999938964844,0.0,0.0,0.09049337357282639,-281.3999938964844,-278.0,49.58306121826172,-376.0400085449219,-368.20001220703125,-342.20001220703125,-312.0,-278.0,-253.5,-228.89999389648438,-222.95001220703125,-170.8797607421875
8808,-281.3999938964844,0.0,0.0,0.09046962857246399,-281.3999938964844,-278.0,49.58306121826172,-376.0400085449219,-368.20001220703125,-342.20001220703125,-312.0,-278.0,-253.5,-228.89999389648438,-222.95001220703125,-170.8797607421875
8816,-281.3999938964844,0.0,0.0,0.09046962857246399,-281.3999938964844,-278.0,49.58306121826172,-376.0400085449219,-368.20001220703125,-342.20001220703125,-312.0,-278.0,-253.5,-228.89999389648438,-222.95001220703125,-170.8797607421875
8824,-281.3999938964844,0.0,0.0,0.09273278713226318,-281.3999938964844,-278.0,49.58306121826172,-376.0400085449219,-368.20001220703125,-342.20001220703125,-312.0,-278.0,-253.5,-228.89999389648438,-222.95001220703125,-170.8797607421875
8832,-281.3999938964844,0.0,0.0,0.09296619892120361,-281.3999938964844,-278.0,49.58306121826172,-376.0400085449219,-368.20001220703125,-342.20001220703125,-312.0,-278.0,-253.5,-228.89999389648438,-222.95001220703125,-170.8797607421875
8840,-281.3999938964844,0.0,0.0,0.09415896981954575,-281.3999938964844,-278.0,49.58306121826172,-376.0400085449219,-368.20001220703125,-342.20001220703125,-312.0,-278.0,-253.5,-228.89999389648438,-222.95001220703125,-170.8797607421875
8848,-281.3999938964844,0.0,0.0,0.083892323076725,-281.3999938964844,-278.0,49.58306121826172,-376.0400085449219,-368.20001220703125,-342.20001220703125,-312.0,-278.0,-253.5,-228.89999389648438,-222.95001220703125,-170.8797607421875
8856,-281.3999938964844,0.0,0.0,0.08348805457353592,-281.3999938964844,-278.0,49.58306121826172,-376.0400085449219,-368.20001220703125,-342.20001220703125,-312.0,-278.0,-253.5,-228.89999389648438,-222.95001220703125,-170.8797607421875
8864,-281.3999938964844,0.0,0.0,0.08348391950130463,-281.3999938964844,-278.0,49.58306121826172,-376.0400085449219,-368.20001220703125,-342.20001220703125,-312.0,-278.0,-253.5,-228.89999389648438,-222.95001220703125,-170.8797607421875
8872,-281.3999938964844,0.0,0.0,0.08326844871044159,-281.3999938964844,-278.0,49.58306121826172,-376.0400085449219,-368.20001220703125,-342.20001220703125,-312.0,-278.0,-253.5,-228.89999389648438,-222.95001220703125,-170.8797607421875
8880,-281.3999938964844,0.0,0.0,0.08322703093290329,-281.3999938964844,-278.0,49.58306121826172,-376.0400085449219,-368.20001220703125,-342.20001220703125,-312.0,-278.0,-253.5,-228.89999389648438,-222.95001220703125,-170.8797607421875
8888,-281.3999938964844,0.0,0.0,0.08364806324243546,-281.3999938964844,-278.0,49.58306121826172,-376.0400085449219,-368.20001220703125,-342.20001220703125,-312.0,-278.0,-253.5,-228.89999389648438,-222.95001220703125,-170.8797607421875
8896,-281.3999938964844,0.0,0.0,0.08330832421779633,-281.3999938964844,-278.0,49.58306121826172,-376.0400085449219,-368.20001220703125,-342.20001220703125,-312.0,-278.0,-253.5,-228.89999389648438,-222.95001220703125,-170.8797607421875
8904,-281.3999938964844,0.0,0.0,0.08329566568136215,-281.3999938964844,-278.0,49.58306121826172,-376.0400085449219,-368.20001220703125,-342.20001220703125,-312.0,-278.0,-253.5,-228.89999389648438,-222.95001220703125,-170.8797607421875
8912,-281.3999938964844,0.0,0.0,0.08329566568136215,-281.3999938964844,-278.0,49.58306121826172,-376.0400085449219,-368.20001220703125,-342.20001220703125,-312.0,-278.0,-253.5,-228.89999389648438,-222.95001220703125,-170.8797607421875
8920,-281.3999938964844,0.0,0.0,0.07641971111297607,-281.3999938964844,-278.0,49.58306121826172,-376.0400085449219,-368.20001220703125,-342.20001220703125,-312.0,-278.0,-253.5,-228.89999389648438,-222.95001220703125,-170.8797607421875
8928,-281.3999938964844,0.0,0.0,0.0762639045715332,-281.3999938964844,-278.0,49.58306121826172,-376.0400085449219,-368.20001220703125,-342.20001220703125,-312.0,-278.0,-253.5,-228.89999389648438,-222.95001220703125,-170.8797607421875
8936,-281.3999938964844,0.0,0.0,0.07671765983104706,-281.3999938964844,-278.0,49.58306121826172,-376.0400085449219,-368.20001220703125,-342.20001220703125,-312.0,-278.0,-253.5,-228.89999389648438,-222.95001220703125,-170.8797607421875
8944,-281.3999938964844,0.0,0.0,0.07627495378255844,-281.3999938964844,-278.0,49.58306121826172,-376.0400085449219,-368.20001220703125,-342.20001220703125,-312.0,-278.0,-253.5,-228.89999389648438,-222.95001220703125,-170.8797607421875
8952,-281.3999938964844,0.0,0.0,0.07622098922729492,-281.3999938964844,-278.0,49.58306121826172,-376.0400085449219,-368.20001220703125,-342.20001220703125,-312.0,-278.0,-253.5,-228.89999389648438,-222.95001220703125,-170.8797607421875
8960,-281.3999938964844,0.0,0.0,0.07622098922729492,-281.3999938964844,-278.0,49.58306121826172,-376.0400085449219,-368.20001220703125,-342.20001220703125,-312.0,-278.0,-253.5,-228.89999389648438,-222.95001220703125,-170.8797607421875
8968,-281.3999938964844,0.0,0.0,0.07622098922729492,-281.3999938964844,-278.0,49.58306121826172,-376.0400085449219,-368.20001220703125,-342.20001220703125,-312.0,-278.0,-253.5,-228.89999389648438,-222.95001220703125,-170.8797607421875
8976,-281.3999938964844,0.0,0.0,0.07614108920097351,-281.3999938964844,-278.0,49.58306121826172,-376.0400085449219,-368.20001220703125,-342.20001220703125,-312.0,-278.0,-253.5,-228.89999389648438,-222.95001220703125,-170.8797607421875
8984,-281.3999938964844,0.0,0.0,0.07597389072179794,-281.3999938964844,-278.0,49.58306121826172,-376.0400085449219,-368.20001220703125,-342.20001220703125,-312.0,-278.0,-253.5,-228.89999389648438,-222.95001220703125,-170.8797607421875
8992,-281.3999938964844,0.0,0.0,0.0705883726477623,-281.3999938964844,-278.0,49.58306121826172,-376.0400085449219,-368.20001220703125,-342.20001220703125,-312.0,-278.0,-253.5,-228.89999389648438,-222.95001220703125,-170.8797607421875
9000,-281.3999938964844,0.0,0.0,0.07550857961177826,-281.3999938964844,-278.0,49.58306121826172,-376.0400085449219,-368.20001220703125,-342.20001220703125,-312.0,-278.0,-253.5,-228.89999389648438,-222.95001220703125,-170.8797607421875
9008,-281.3999938964844,0.0,0.0,0.08202005922794342,-281.3999938964844,-278.0,49.58306121826172,-376.0400085449219,-368.20001220703125,-342.20001220703125,-312.0,-278.0,-253.5,-228.89999389648438,-222.95001220703125,-170.8797607421875
9016,-281.3999938964844,0.0,0.0,0.08509637415409088,-281.3999938964844,-278.0,49.58306121826172,-376.0400085449219,-368.20001220703125,-342.20001220703125,-312.0,-278.0,-253.5,-228.89999389648438,-222.95001220703125,-170.8797607421875
9024,-281.3999938964844,0.0,0.0,0.0845118910074234,-281.3999938964844,-278.0,49.58306121826172,-376.0400085449219,-368.20001220703125,-342.20001220703125,-312.0,-278.0,-253.5,-228.89999389648438,-222.95001220703125,-170.8797607421875
9032,-281.3999938964844,0.0,0.0,0.07769551128149033,-281.3999938964844,-278.0,49.58306121826172,-376.0400085449219,-368.20001220703125,-342.20001220703125,-312.0,-278.0,-253.5,-228.89999389648438,-222.95001220703125,-170.8797607421875
9040,-281.3999938964844,0.0,0.0,0.07727056741714478,-281.3999938964844,-278.0,49.58306121826172,-376.0400085449219,-368.20001220703125,-342.20001220703125,-312.0,-278.0,-253.5,-228.89999389648438,-222.95001220703125,-170.8797607421875
9048,-281.3999938964844,0.0,0.0,0.07731465250253677,-281.3999938964844,-278.0,49.58306121826172,-376.0400085449219,-368.20001220703125,-342.20001220703125,-312.0,-278.0,-253.5,-228.89999389648438,-222.95001220703125,-170.8797607421875
9056,-281.3999938964844,0.0,0.0,0.0772673711180687,-281.3999938964844,-278.0,49.58306121826172,-376.0400085449219,-368.20001220703125,-342.20001220703125,-312.0,-278.0,-253.5,-228.89999389648438,-222.95001220703125,-170.8797607421875
9064,-281.3999938964844,0.0,0.0,0.0773329809308052,-281.3999938964844,-278.0,49.58306121826172,-376.0400085449219,-368.20001220703125,-342.20001220703125,-312.0,-278.0,-253.5,-228.89999389648438,-222.95001220703125,-170.8797607421875
9072,-281.3999938964844,0.0,0.0,0.07736050337553024,-281.3999938964844,-278.0,49.58306121826172,-376.0400085449219,-368.20001220703125,-342.20001220703125,-312.0,-278.0,-253.5,-228.89999389648438,-222.95001220703125,-170.8797607421875
9080,-281.3999938964844,0.0,0.0,0.07720531523227692,-281.3999938964844,-278.0,49.58306121826172,-376.0400085449219,-368.20001220703125,-342.20001220703125,-312.0,-278.0,-253.5,-228.89999389648438,-222.95001220703125,-170.8797607421875
9088,-281.3999938964844,0.0,0.0,0.08335086703300476,-281.3999938964844,-278.0,49.58306121826172,-376.0400085449219,-368.20001220703125,-342.20001220703125,-312.0,-278.0,-253.5,-228.89999389648438,-222.95001220703125,-170.8797607421875
9096,-281.3999938964844,0.0,0.0,0.08349708467721939,-281.3999938964844,-278.0,49.58306121826172,-376.0400085449219,-368.20001220703125,-342.20001220703125,-312.0,-278.0,-253.5,-228.89999389648438,-222.95001220703125,-170.8797607421875
9104,-281.3999938964844,0.0,0.0,0.08363945037126541,-281.3999938964844,-278.0,49.58306121826172,-376.0400085449219,-368.20001220703125,-342.20001220703125,-312.0,-278.0,-253.5,-228.89999389648438,-222.95001220703125,-170.8797607421875
9112,-281.3999938964844,0.0,0.0,0.08368053287267685,-281.3999938964844,-278.0,49.58306121826172,-376.0400085449219,-368.20001220703125,-342.20001220703125,-312.0,-278.0,-253.5,-228.89999389648438,-222.95001220703125,-170.8797607421875
9120,-281.3999938964844,0.0,0.0,0.08979902416467667,-281.3999938964844,-278.0,49.58306121826172,-376.0400085449219,-368.20001220703125,-342.20001220703125,-312.0,-278.0,-253.5,-228.89999389648438,-222.95001220703125,-170.8797607421875
9128,-281.3999938964844,0.0,0.0,0.09074418991804123,-281.3999938964844,-278.0,49.58306121826172,-376.0400085449219,-368.20001220703125,-342.20001220703125,-312.0,-278.0,-253.5,-228.89999389648438,-222.95001220703125,-170.8797607421875
9136,-281.3999938964844,0.0,0.0,0.08984788507223129,-281.3999938964844,-278.0,49.58306121826172,-376.0400085449219,-368.20001220703125,-342.20001220703125,-312.0,-278.0,-253.5,-228.89999389648438,-222.95001220703125,-170.8797607421875
9144,-281.3999938964844,0.0,0.0,0.08984788507223129,-281.3999938964844,-278.0,49.58306121826172,-376.0400085449219,-368.20001220703125,-342.20001220703125,-312.0,-278.0,-253.5,-228.89999389648438,-222.95001220703125,-170.8797607421875
9152,-281.3999938964844,0.0,0.0,0.08985711634159088,-281.3999938964844,-278.0,49.58306121826172,-376.0400085449219,-368.20001220703125,-342.20001220703125,-312.0,-278.0,-253.5,-228.89999389648438,-222.95001220703125,-170.8797607421875
9160,-281.3999938964844,0.0,0.0,0.08982754498720169,-281.3999938964844,-278.0,49.58306121826172,-376.0400085449219,-368.20001220703125,-342.20001220703125,-312.0,-278.0,-253.5,-228.89999389648438,-222.95001220703125,-170.8797607421875
9168,-281.3999938964844,0.0,0.0,0.08985643088817596,-281.3999938964844,-278.0,49.58306121826172,-376.0400085449219,-368.20001220703125,-342.20001220703125,-312.0,-278.0,-253.5,-228.89999389648438,-222.95001220703125,-170.8797607421875
9176,-281.3999938964844,0.0,0.0,0.08976941555738449,-281.3999938964844,-278.0,49.58306121826172,-376.0400085449219,-368.20001220703125,-342.20001220703125,-312.0,-278.0,-253.5,-228.89999389648438,-222.95001220703125,-170.8797607421875
9184,-281.3999938964844,0.0,0.0,0.08975731581449509,-281.3999938964844,-278.0,49.58306121826172,-376.0400085449219,-368.20001220703125,-342.20001220703125,-312.0,-278.0,-253.5,-228.89999389648438,-222.95001220703125,-170.8797607421875
9192,-281.3999938964844,0.0,0.0,0.08972594887018204,-281.3999938964844,-278.0,49.58306121826172,-376.0400085449219,-368.20001220703125,-342.20001220703125,-312.0,-278.0,-253.5,-228.89999389648438,-222.95001220703125,-170.8797607421875
9200,-281.3999938964844,0.0,0.0,0.08972375839948654,-281.3999938964844,-278.0,49.58306121826172,-376.0400085449219,-368.20001220703125,-342.20001220703125,-312.0,-278.0,-253.5,-228.89999389648438,-222.95001220703125,-170.8797607421875
9208,-281.3999938964844,0.0,0.0,0.08972375839948654,-281.3999938964844,-278.0,49.58306121826172,-376.0400085449219,-368.20001220703125,-342.20001220703125,-312.0,-278.0,-253.5,-228.89999389648438,-222.95001220703125,-170.8797607421875
9216,-281.3999938964844,0.0,0.0,0.08972375839948654,-281.3999938964844,-278.0,49.58306121826172,-376.0400085449219,-368.20001220703125,-342.20001220703125,-312.0,-278.0,-253.5,-228.89999389648438,-222.95001220703125,-170.8797607421875
9224,-281.3999938964844,0.0,0.0,0.09033870697021484,-281.3999938964844,-278.0,49.58306121826172,-376.0400085449219,-368.20001220703125,-342.20001220703125,-312.0,-278.0,-253.5,-228.89999389648438,-222.95001220703125,-170.8797607421875
9232,-281.3999938964844,0.0,0.0,0.08989604562520981,-281.3999938964844,-278.0,49.58306121826172,-376.0400085449219,-368.20001220703125,-342.20001220703125,-312.0,-278.0,-253.5,-228.89999389648438,-222.95001220703125,-170.8797607421875
9240,-281.3999938964844,0.0,0.0,0.08949743211269379,-281.3999938964844,-278.0,49.58306121826172,-376.0400085449219,-368.20001220703125,-342.20001220703125,-312.0,-278.0,-253.5,-228.89999389648438,-222.95001220703125,-170.8797607421875
9248,-281.3999938964844,0.0,0.0,0.08946193754673004,-281.3999938964844,-278.0,49.58306121826172,-376.0400085449219,-368.20001220703125,-342.20001220703125,-312.0,-278.0,-253.5,-228.89999389648438,-222.95001220703125,-170.8797607421875
9256,-281.3999938964844,0.0,0.0,0.08946193754673004,-281.3999938964844,-278.0,49.58306121826172,-376.0400085449219,-368.20001220703125,-342.20001220703125,-312.0,-278.0,-253.5,-228.89999389648438,-222.95001220703125,-170.8797607421875
9264,-281.3999938964844,0.0,0.0,0.08946193754673004,-281.3999938964844,-278.0,49.58306121826172,-376.0400085449219,-368.20001220703125,-342.20001220703125,-312.0,-278.0,-253.5,-228.89999389648438,-222.95001220703125,-170.8797607421875
9272,-281.3999938964844,0.0,0.0,0.08945585042238235,-281.3999938964844,-278.0,49.58306121826172,-376.0400085449219,-368.20001220703125,-342.20001220703125,-312.0,-278.0,-253.5,-228.89999389648438,-222.95001220703125,-170.8797607421875
9280,-281.3999938964844,0.0,0.0,0.08959366381168365,-281.3999938964844,-278.0,49.58306121826172,-376.0400085449219,-368.20001220703125,-342.20001220703125,-312.0,-278.0,-253.5,-228.89999389648438,-222.95001220703125,-170.8797607421875
9288,-281.3999938964844,0.0,0.0,0.08959048241376877,-281.3999938964844,-278.0,49.58306121826172,-376.0400085449219,-368.20001220703125,-342.20001220703125,-312.0,-278.0,-253.5,-228.89999389648438,-222.95001220703125,-170.8797607421875
9296,-281.3999938964844,0.0,0.0,0.0889495387673378,-281.3999938964844,-278.0,49.58306121826172,-376.0400085449219,-368.20001220703125,-342.20001220703125,-312.0,-278.0,-253.5,-228.89999389648438,-222.95001220703125,-170.8797607421875
9304,-281.3999938964844,0.0,0.0,0.09527390450239182,-281.3999938964844,-278.0,49.58306121826172,-376.0400085449219,-368.20001220703125,-342.20001220703125,-312.0,-278.0,-253.5,-228.89999389648438,-222.95001220703125,-170.8797607421875
9312,-281.3999938964844,0.0,0.0,0.08959905058145523,-281.3999938964844,-278.0,49.58306121826172,-376.0400085449219,-368.20001220703125,-342.20001220703125,-312.0,-278.0,-253.5,-228.89999389648438,-222.95001220703125,-170.8797607421875
9320,-281.3999938964844,0.0,0.0,0.0964399129152298,-281.3999938964844,-278.0,49.58306121826172,-376.0400085449219,-368.20001220703125,-342.20001220703125,-312.0,-278.0,-253.5,-228.89999389648438,-222.95001220703125,-170.8797607421875
9328,-281.3999938964844,0.0,0.0,0.09642282128334045,-281.3999938964844,-278.0,49.58306121826172,-376.0400085449219,-368.20001220703125,-342.20001220703125,-312.0,-278.0,-253.5,-228.89999389648438,-222.95001220703125,-170.8797607421875
9336,-281.3999938964844,0.0,0.0,0.09659349173307419,-281.3999938964844,-278.0,49.58306121826172,-376.0400085449219,-368.20001220703125,-342.20001220703125,-312.0,-278.0,-253.5,-228.89999389648438,-222.95001220703125,-170.8797607421875
9344,-281.3999938964844,0.0,0.0,0.09706100076436996,-281.3999938964844,-278.0,49.58306121826172,-376.0400085449219,-368.20001220703125,-342.20001220703125,-312.0,-278.0,-253.5,-228.89999389648438,-222.95001220703125,-170.8797607421875
9352,-281.3999938964844,0.0,0.0,0.09638044238090515,-281.3999938964844,-278.0,49.58306121826172,-376.0400085449219,-368.20001220703125,-342.20001220703125,-312.0,-278.0,-253.5,-228.89999389648438,-222.95001220703125,-170.8797607421875
9360,-281.3999938964844,0.0,0.0,0.09783023595809937,-281.3999938964844,-278.0,49.58306121826172,-376.0400085449219,-368.20001220703125,-342.20001220703125,-312.0,-278.0,-253.5,-228.89999389648438,-222.95001220703125,-170.8797607421875
9368,-281.3999938964844,0.0,0.0,0.09604983776807785,-281.3999938964844,-278.0,49.58306121826172,-376.0400085449219,-368.20001220703125,-342.20001220703125,-312.0,-278.0,-253.5,-228.89999389648438,-222.95001220703125,-170.8797607421875
9376,-281.3999938964844,0.0,0.0,0.09596291184425354,-281.3999938964844,-278.0,49.58306121826172,-376.0400085449219,-368.20001220703125,-342.20001220703125,-312.0,-278.0,-253.5,-228.89999389648438,-222.95001220703125,-170.8797607421875
9384,-281.44000244140625,0.0,0.0,0.1029524952173233,-281.44000244140625,-279.0,49.580299377441406,-376.0400085449219,-368.20001220703125,-342.20001220703125,-312.0,-279.0,-253.5,-228.89999389648438,-222.95001220703125,-170.8797607421875
9392,-281.44000244140625,0.0,0.0,0.09603387862443924,-281.44000244140625,-279.0,49.580299377441406,-376.0400085449219,-368.20001220703125,-342.20001220703125,-312.0,-279.0,-253.5,-228.89999389648438,-222.95001220703125,-170.8797607421875
9400,-281.44000244140625,0.0,0.0,0.09588368982076645,-281.44000244140625,-279.0,49.580299377441406,-376.0400085449219,-368.20001220703125,-342.20001220703125,-312.0,-279.0,-253.5,-228.89999389648438,-222.95001220703125,-170.8797607421875
9408,-281.44000244140625,0.0,0.0,0.09588368982076645,-281.44000244140625,-279.0,49.580299377441406,-376.0400085449219,-368.20001220703125,-342.20001220703125,-312.0,-279.0,-253.5,-228.89999389648438,-222.95001220703125,-170.8797607421875
9416,-281.44000244140625,0.0,0.0,0.09590936452150345,-281.44000244140625,-279.0,49.580299377441406,-376.0400085449219,-368.20001220703125,-342.20001220703125,-312.0,-279.0,-253.5,-228.89999389648438,-222.95001220703125,-170.8797607421875
9424,-281.44000244140625,0.0,0.0,0.0958726704120636,-281.44000244140625,-279.0,49.580299377441406,-376.0400085449219,-368.20001220703125,-342.20001220703125,-312.0,-279.0,-253.5,-228.89999389648438,-222.95001220703125,-170.8797607421875
9432,-281.44000244140625,0.0,0.0,0.0940946713089943,-281.44000244140625,-279.0,49.580299377441406,-376.0400085449219,-368.20001220703125,-342.20001220703125,-312.0,-279.0,-253.5,-228.89999389648438,-222.95001220703125,-170.8797607421875
9440,-281.44000244140625,0.0,0.0,0.08886981755495071,-281.44000244140625,-279.0,49.580299377441406,-376.0400085449219,-368.20001220703125,-342.20001220703125,-312.0,-279.0,-253.5,-228.89999389648438,-222.95001220703125,-170.8797607421875
9448,-281.44000244140625,0.0,0.0,0.08870870620012283,-281.44000244140625,-279.0,49.580299377441406,-376.0400085449219,-368.20001220703125,-342.20001220703125,-312.0,-279.0,-253.5,-228.89999389648438,-222.95001220703125,-170.8797607421875
9456,-281.44000244140625,0.0,0.0,0.09340351074934006,-281.44000244140625,-279.0,49.580299377441406,-376.0400085449219,-368.20001220703125,-342.20001220703125,-312.0,-279.0,-253.5,-228.89999389648438,-222.95001220703125,-170.8797607421875
9464,-281.44000244140625,0.0,0.0,0.09488706290721893,-281.44000244140625,-279.0,49.580299377441406,-376.0400085449219,-368.20001220703125,-342.20001220703125,-312.0,-279.0,-253.5,-228.89999389648438,-222.95001220703125,-170.8797607421875
9472,-281.44000244140625,0.0,0.0,0.09432099014520645,-281.44000244140625,-279.0,49.580299377441406,-376.0400085449219,-368.20001220703125,-342.20001220703125,-312.0,-279.0,-253.5,-228.89999389648438,-222.95001220703125,-170.8797607421875
9480,-281.44000244140625,0.0,0.0,0.09432099014520645,-281.44000244140625,-279.0,49.580299377441406,-376.0400085449219,-368.20001220703125,-342.20001220703125,-312.0,-279.0,-253.5,-228.89999389648438,-222.95001220703125,-170.8797607421875
9488,-281.44000244140625,0.0,0.0,0.09432099014520645,-281.44000244140625,-279.0,49.580299377441406,-376.0400085449219,-368.20001220703125,-342.20001220703125,-312.0,-279.0,-253.5,-228.89999389648438,-222.95001220703125,-170.8797607421875
9496,-281.44000244140625,0.0,0.0,0.09439735114574432,-281.44000244140625,-279.0,49.580299377441406,-376.0400085449219,-368.20001220703125,-342.20001220703125,-312.0,-279.0,-253.5,-228.89999389648438,-222.95001220703125,-170.8797607421875
9504,-281.44000244140625,0.0,0.0,0.09363126754760742,-281.44000244140625,-279.0,49.580299377441406,-376.0400085449219,-368.20001220703125,-342.20001220703125,-312.0,-279.0,-253.5,-228.89999389648438,-222.95001220703125,-170.8797607421875
9512,-281.44000244140625,0.0,0.0,0.09361718595027924,-281.44000244140625,-279.0,49.580299377441406,-376.0400085449219,-368.20001220703125,-342.20001220703125,-312.0,-279.0,-253.5,-228.89999389648438,-222.95001220703125,-170.8797607421875
9520,-281.44000244140625,0.0,0.0,0.09361407905817032,-281.44000244140625,-279.0,49.580299377441406,-376.0400085449219,-368.20001220703125,-342.20001220703125,-312.0,-279.0,-253.5,-228.89999389648438,-222.95001220703125,-170.8797607421875
9528,-281.44000244140625,0.0,0.0,0.09361407905817032,-281.44000244140625,-279.0,49.580299377441406,-376.0400085449219,-368.20001220703125,-342.20001220703125,-312.0,-279.0,-253.5,-228.89999389648438,-222.95001220703125,-170.8797607421875
9536,-281.44000244140625,0.0,0.0,0.09362225234508514,-281.44000244140625,-279.0,49.580299377441406,-376.0400085449219,-368.20001220703125,-342.20001220703125,-312.0,-279.0,-253.5,-228.89999389648438,-222.95001220703125,-170.8797607421875
9544,-281.44000244140625,0.0,0.0,0.0934821292757988,-281.44000244140625,-279.0,49.580299377441406,-376.0400085449219,-368.20001220703125,-342.20001220703125,-312.0,-279.0,-253.5,-228.89999389648438,-222.95001220703125,-170.8797607421875
9552,-281.44000244140625,0.0,0.0,0.09343921393156052,-281.44000244140625,-279.0,49.580299377441406,-376.0400085449219,-368.20001220703125,-342.20001220703125,-312.0,-279.0,-253.5,-228.89999389648438,-222.95001220703125,-170.8797607421875
9560,-281.44000244140625,0.0,0.0,0.09345594048500061,-281.44000244140625,-279.0,49.580299377441406,-376.0400085449219,-368.20001220703125,-342.20001220703125,-312.0,-279.0,-253.5,-228.89999389648438,-222.95001220703125,-170.8797607421875
9568,-281.44000244140625,0.0,0.0,0.09339666366577148,-281.44000244140625,-279.0,49.580299377441406,-376.0400085449219,-368.20001220703125,-342.20001220703125,-312.0,-279.0,-253.5,-228.89999389648438,-222.95001220703125,-170.8797607421875
9576,-281.44000244140625,0.0,0.0,0.09335347265005112,-281.44000244140625,-279.0,49.580299377441406,-376.0400085449219,-368.20001220703125,-342.20001220703125,-312.0,-279.0,-253.5,-228.89999389648438,-222.95001220703125,-170.8797607421875
9584,-281.44000244140625,0.0,0.0,0.09326532483100891,-281.44000244140625,-279.0,49.580299377441406,-376.0400085449219,-368.20001220703125,-342.20001220703125,-312.0,-279.0,-253.5,-228.89999389648438,-222.95001220703125,-170.8797607421875
9592,-281.44000244140625,0.0,0.0,0.09324148297309875,-281.44000244140625,-279.0,49.580299377441406,-376.0400085449219,-368.20001220703125,-342.20001220703125,-312.0,-279.0,-253.5,-228.89999389648438,-222.95001220703125,-170.8797607421875
9600,-281.44000244140625,0.0,0.0,0.09324070066213608,-281.44000244140625,-279.0,49.580299377441406,-376.0400085449219,-368.20001220703125,-342.20001220703125,-312.0,-279.0,-253.5,-228.89999389648438,-222.95001220703125,-170.8797607421875
9608,-281.44000244140625,0.0,0.0,0.09354598820209503,-281.44000244140625,-279.0,49.580299377441406,-376.0400085449219,-368.20001220703125,-342.20001220703125,-312.0,-279.0,-253.5,-228.89999389648438,-222.95001220703125,-170.8797607421875
9616,-281.44000244140625,0.0,0.0,0.09288705885410309,-281.44000244140625,-279.0,49.580299377441406,-376.0400085449219,-368.20001220703125,-342.20001220703125,-312.0,-279.0,-253.5,-228.89999389648438,-222.95001220703125,-170.8797607421875
9624,-281.44000244140625,0.0,0.0,0.09287551790475845,-281.44000244140625,-279.0,49.580299377441406,-376.0400085449219,-368.20001220703125,-342.20001220703125,-312.0,-279.0,-253.5,-228.89999389648438,-222.95001220703125,-170.8797607421875
9632,-281.44000244140625,0.0,0.0,0.09286718815565109,-281.44000244140625,-279.0,49.580299377441406,-376.0400085449219,-368.20001220703125,-342.20001220703125,-312.0,-279.0,-253.5,-228.89999389648438,-222.95001220703125,-170.8797607421875
9640,-281.44000244140625,0.0,0.0,0.09291527420282364,-281.44000244140625,-279.0,49.580299377441406,-376.0400085449219,-368.20001220703125,-342.20001220703125,-312.0,-279.0,-253.5,-228.89999389648438,-222.95001220703125,-170.8797607421875
9648,-281.44000244140625,0.0,0.0,0.09290171414613724,-281.44000244140625,-279.0,49.580299377441406,-376.0400085449219,-368.20001220703125,-342.20001220703125,-312.0,-279.0,-253.5,-228.89999389648438,-222.95001220703125,-170.8797607421875
9656,-281.44000244140625,0.0,0.0,0.09725271910429001,-281.44000244140625,-279.0,49.580299377441406,-376.0400085449219,-368.20001220703125,-342.20001220703125,-312.0,-279.0,-253.5,-228.89999389648438,-222.95001220703125,-170.8797607421875
9664,-281.44000244140625,0.0,0.0,0.09275321662425995,-281.44000244140625,-279.0,49.580299377441406,-376.0400085449219,-368.20001220703125,-342.20001220703125,-312.0,-279.0,-253.5,-228.89999389648438,-222.95001220703125,-170.8797607421875
9672,-281.4599914550781,0.0,0.0,0.09362264722585678,-281.4599914550781,-279.0,49.589805603027344,-376.0400085449219,-368.20001220703125,-342.20001220703125,-312.0,-279.0,-253.5,-228.89999389648438,-222.95001220703125,-170.8797607421875
9680,-281.4599914550781,0.0,0.0,0.09311641752719879,-281.4599914550781,-279.0,49.589805603027344,-376.0400085449219,-368.20001220703125,-342.20001220703125,-312.0,-279.0,-253.5,-228.89999389648438,-222.95001220703125,-170.8797607421875
9688,-281.4599914550781,0.0,0.0,0.09307143092155457,-281.4599914550781,-279.0,49.589805603027344,-376.0400085449219,-368.20001220703125,-342.20001220703125,-312.0,-279.0,-253.5,-228.89999389648438,-222.95001220703125,-170.8797607421875
9696,-281.4599914550781,0.0,0.0,0.09287673979997635,-281.4599914550781,-279.0,49.589805603027344,-376.0400085449219,-368.20001220703125,-342.20001220703125,-312.0,-279.0,-253.5,-228.89999389648438,-222.95001220703125,-170.8797607421875
9704,-281.4599914550781,0.0,0.0,0.09287573397159576,-281.4599914550781,-279.0,49.589805603027344,-376.0400085449219,-368.20001220703125,-342.20001220703125,-312.0,-279.0,-253.5,-228.89999389648438,-222.95001220703125,-170.8797607421875
9712,-281.4599914550781,0.0,0.0,0.09334833174943924,-281.4599914550781,-279.0,49.589805603027344,-376.0400085449219,-368.20001220703125,-342.20001220703125,-312.0,-279.0,-253.5,-228.89999389648438,-222.95001220703125,-170.8797607421875
9720,-281.4599914550781,0.0,0.0,0.09245355427265167,-281.4599914550781,-279.0,49.589805603027344,-376.0400085449219,-368.20001220703125,-342.20001220703125,-312.0,-279.0,-253.5,-228.89999389648438,-222.95001220703125,-170.8797607421875
9728,-281.4599914550781,0.0,0.0,0.09246709942817688,-281.4599914550781,-279.0,49.589805603027344,-376.0400085449219,-368.20001220703125,-342.20001220703125,-312.0,-279.0,-253.5,-228.89999389648438,-222.95001220703125,-170.8797607421875
9736,-281.4599914550781,0.0,0.0,0.10451456159353256,-281.4599914550781,-279.0,49.589805603027344,-376.0400085449219,-368.20001220703125,-342.20001220703125,-312.0,-279.0,-253.5,-228.89999389648438,-222.95001220703125,-170.8797607421875
9744,-281.4599914550781,0.0,0.0,0.09106454998254776,-281.4599914550781,-279.0,49.589805603027344,-376.0400085449219,-368.20001220703125,-342.20001220703125,-312.0,-279.0,-253.5,-228.89999389648438,-222.95001220703125,-170.8797607421875
9752,-281.4599914550781,0.0,0.0,0.09304530173540115,-281.4599914550781,-279.0,49.589805603027344,-376.0400085449219,-368.20001220703125,-342.20001220703125,-312.0,-279.0,-253.5,-228.89999389648438,-222.95001220703125,-170.8797607421875
9760,-281.4599914550781,0.0,0.0,0.08706387132406235,-281.4599914550781,-279.0,49.589805603027344,-376.0400085449219,-368.20001220703125,-342.20001220703125,-312.0,-279.0,-253.5,-228.89999389648438,-222.95001220703125,-170.8797607421875
9768,-281.4599914550781,0.0,0.0,0.08673291653394699,-281.4599914550781,-279.0,49.589805603027344,-376.0400085449219,-368.20001220703125,-342.20001220703125,-312.0,-279.0,-253.5,-228.89999389648438,-222.95001220703125,-170.8797607421875
9776,-281.4599914550781,0.0,0.0,0.08675684034824371,-281.4599914550781,-279.0,49.589805603027344,-376.0400085449219,-368.20001220703125,-342.20001220703125,-312.0,-279.0,-253.5,-228.89999389648438,-222.95001220703125,-170.8797607421875
9784,-281.4599914550781,0.0,0.0,0.08672847598791122,-281.4599914550781,-279.0,49.589805603027344,-376.0400085449219,-368.20001220703125,-342.20001220703125,-312.0,-279.0,-253.5,-228.89999389648438,-222.95001220703125,-170.8797607421875
9792,-281.4599914550781,0.0,0.0,0.08670205622911453,-281.4599914550781,-279.0,49.589805603027344,-376.0400085449219,-368.20001220703125,-342.20001220703125,-312.0,-279.0,-253.5,-228.89999389648438,-222.95001220703125,-170.8797607421875
9800,-281.4599914550781,0.0,0.0,0.08666004985570908,-281.4599914550781,-279.0,49.589805603027344,-376.0400085449219,-368.20001220703125,-342.20001220703125,-312.0,-279.0,-253.5,-228.89999389648438,-222.95001220703125,-170.8797607421875
9808,-281.4599914550781,0.0,0.0,0.08665438741445541,-281.4599914550781,-279.0,49.589805603027344,-376.0400085449219,-368.20001220703125,-342.20001220703125,-312.0,-279.0,-253.5,-228.89999389648438,-222.95001220703125,-170.8797607421875
9816,-281.4599914550781,0.0,0.0,0.08665438741445541,-281.4599914550781,-279.0,49.589805603027344,-376.0400085449219,-368.20001220703125,-342.20001220703125,-312.0,-279.0,-253.5,-228.89999389648438,-222.95001220703125,-170.8797607421875
9824,-281.4599914550781,0.0,0.0,0.08665438741445541,-281.4599914550781,-279.0,49.589805603027344,-376.0400085449219,-368.20001220703125,-342.20001220703125,-312.0,-279.0,-253.5,-228.89999389648438,-222.95001220703125,-170.8797607421875
9832,-281.4599914550781,0.0,0.0,0.08663365989923477,-281.4599914550781,-279.0,49.589805603027344,-376.0400085449219,-368.20001220703125,-342.20001220703125,-312.0,-279.0,-253.5,-228.89999389648438,-222.95001220703125,-170.8797607421875
9840,-281.4599914550781,0.0,0.0,0.08658246695995331,-281.4599914550781,-279.0,49.589805603027344,-376.0400085449219,-368.20001220703125,-342.20001220703125,-312.0,-279.0,-253.5,-228.89999389648438,-222.95001220703125,-170.8797607421875
9848,-281.4599914550781,0.0,0.0,0.0863824263215065,-281.4599914550781,-279.0,49.589805603027344,-376.0400085449219,-368.20001220703125,-342.20001220703125,-312.0,-279.0,-253.5,-228.89999389648438,-222.95001220703125,-170.8797607421875
9856,-281.4599914550781,0.0,0.0,0.08637483417987823,-281.4599914550781,-279.0,49.589805603027344,-376.0400085449219,-368.20001220703125,-342.20001220703125,-312.0,-279.0,-253.5,-228.89999389648438,-222.95001220703125,-170.8797607421875
9864,-281.4599914550781,0.0,0.0,0.08636779338121414,-281.4599914550781,-279.0,49.589805603027344,-376.0400085449219,-368.20001220703125,-342.20001220703125,-312.0,-279.0,-253.5,-228.89999389648438,-222.95001220703125,-170.8797607421875
9872,-281.4599914550781,0.0,0.0,0.08635629713535309,-281.4599914550781,-279.0,49.589805603027344,-376.0400085449219,-368.20001220703125,-342.20001220703125,-312.0,-279.0,-253.5,-228.89999389648438,-222.95001220703125,-170.8797607421875
9880,-281.4599914550781,0.0,0.0,0.08634614944458008,-281.4599914550781,-279.0,49.589805603027344,-376.0400085449219,-368.20001220703125,-342.20001220703125,-312.0,-279.0,-253.5,-228.89999389648438,-222.95001220703125,-170.8797607421875
9888,-281.4599914550781,0.0,0.0,0.08630296587944031,-281.4599914550781,-279.0,49.589805603027344,-376.0400085449219,-368.20001220703125,-342.20001220703125,-312.0,-279.0,-253.5,-228.89999389648438,-222.95001220703125,-170.8797607421875
9896,-281.4599914550781,0.0,0.0,0.08626566082239151,-281.4599914550781,-279.0,49.589805603027344,-376.0400085449219,-368.20001220703125,-342.20001220703125,-312.0,-279.0,-253.5,-228.89999389648438,-222.95001220703125,-170.8797607421875
9904,-281.4599914550781,0.0,0.0,0.08625882863998413,-281.4599914550781,-279.0,49.589805603027344,-376.0400085449219,-368.20001220703125,-342.20001220703125,-312.0,-279.0,-253.5,-228.89999389648438,-222.95001220703125,-170.8797607421875
9912,-281.4599914550781,0.0,0.0,0.08735276758670807,-281.4599914550781,-279.0,49.589805603027344,-376.0400085449219,-368.20001220703125,-342.20001220703125,-312.0,-279.0,-253.5,-228.89999389648438,-222.95001220703125,-170.8797607421875
9920,-281.4599914550781,0.0,0.0,0.08592643588781357,-281.4599914550781,-279.0,49.589805603027344,-376.0400085449219,-368.20001220703125,-342.20001220703125,-312.0,-279.0,-253.5,-228.89999389648438,-222.95001220703125,-170.8797607421875
9928,-281.4599914550781,0.0,0.0,0.08994229137897491,-281.4599914550781,-279.0,49.589805603027344,-376.0400085449219,-368.20001220703125,-342.20001220703125,-312.0,-279.0,-253.5,-228.89999389648438,-222.95001220703125,-170.8797607421875
9936,-281.4599914550781,0.0,0.0,0.08560426533222198,-281.4599914550781,-279.0,49.589805603027344,-376.0400085449219,-368.20001220703125,-342.20001220703125,-312.0,-279.0,-253.5,-228.89999389648438,-222.95001220703125,-170.8797607421875
9944,-281.4599914550781,0.0,0.0,0.08931902050971985,-281.4599914550781,-279.0,49.589805603027344,-376.0400085449219,-368.20001220703125,-342.20001220703125,-312.0,-279.0,-253.5,-228.89999389648438,-222.95001220703125,-170.8797607421875
9952,-281.4599914550781,0.0,0.0,0.08487120270729065,-281.4599914550781,-279.0,49.589805603027344,-376.0400085449219,-368.20001220703125,-342.20001220703125,-312.0,-279.0,-253.5,-228.89999389648438,-222.95001220703125,-170.8797607421875
9960,-281.4599914550781,0.0,0.0,0.08410082012414932,-281.4599914550781,-279.0,49.589805603027344,-376.0400085449219,-368.20001220703125,-342.20001220703125,-312.0,-279.0,-253.5,-228.89999389648438,-222.95001220703125,-170.8797607421875
9968,-281.4599914550781,0.0,0.0,0.08410082012414932,-281.4599914550781,-279.0,49.589805603027344,-376.0400085449219,-368.20001220703125,-342.20001220703125,-312.0,-279.0,-253.5,-228.89999389648438,-222.95001220703125,-170.8797607421875
9976,-281.4599914550781,0.0,0.0,0.0790611281991005,-281.4599914550781,-279.0,49.589805603027344,-376.0400085449219,-368.20001220703125,-342.20001220703125,-312.0,-279.0,-253.5,-228.89999389648438,-222.95001220703125,-170.8797607421875
9984,-281.5,0.0,0.0,0.07760961353778839,-281.5,-279.0,49.556331634521484,-376.0400085449219,-368.20001220703125,-342.20001220703125,-312.0,-279.0,-253.5,-228.89999389648438,-222.95001220703125,-170.8797607421875
9992,-281.5,0.0,0.0,0.07740308344364166,-281.5,-279.0,49.556331634521484,-376.0400085449219,-368.20001220703125,-342.20001220703125,-312.0,-279.0,-253.5,-228.89999389648438,-222.95001220703125,-170.8797607421875
10000,-281.5,0.0,0.0,0.07761254161596298,-281.5,-279.0,49.556331634521484,-376.0400085449219,-368.20001220703125,-342.20001220703125,-312.0,-279.0,-253.5,-228.89999389648438,-222.95001220703125,-170.8797607421875
