ConfigName: krbf__advnormalizedfitness__M4__L12__eps0p033__g0p015__ds0p15__dm0p3
Problem: QUBO
Kernel: rbf
Advantage: normalizedfitness
M: 4
lambda: 12
epsilon_svgd: 0.033
gamma: 0.015
decay_start_ratio: 0.15
decay_min_factor: 0.3
bandwith_kernel: None
no_interact: False
avg_score: -870.52001953125
median_score: -862.0
std_score: 97.60055541992188
percentiles: 2%=-1059.1400146484375, 5%=-1021.7000122070312, 10%=-1001.2999877929688, 25%=-936.5, 50%=-862.0, 75%=-812.75, 90%=-747.2000122070312, 95%=-721.5000610351562, 98%=-696.1198120117188
ranking_best_algo: Tabu
ranking_best_score: 1216.16
ranking_my_rank: 330/504 (34.7%)
ranking_my_percent: 34.72222222222222
