ConfigName: kfr__advglobalrankweighted__M3__L8__eps0p02__g0p003__ds0p01__dm0p01
Problem: QUBO
Kernel: fr
Advantage: globalrankweighted
M: 3
lambda: 8
epsilon_svgd: 0.02
gamma: 0.003
decay_start_ratio: 0.01
decay_min_factor: 0.01
bandwith_kernel: None
no_interact: False
avg_score: -1589.199951171875
median_score: -1596.0
std_score: 58.03395462036133
percentiles: 2%=-1691.02001953125, 5%=-1681.300048828125, 10%=-1667.0999755859375, 25%=-1627.0, 50%=-1596.0, 75%=-1553.25, 90%=-1512.300048828125, 95%=-1492.75, 98%=-1476.8800048828125
ranking_best_algo: NLOPT_LN_PRAXIS
ranking_best_score: 1607.12
ranking_my_rank: 39/504 (92.5%)
ranking_my_percent: 92.46031746031746
