ConfigName: kjsd__advperagentrankweighted__M3__L16__eps0p01__g0p0005__ds0p2__dm0p2
Problem: NK
Kernel: jsd
Advantage: peragentrankweighted
M: 3
lambda: 16
epsilon_svgd: 0.01
gamma: 0.0005
decay_start_ratio: 0.2
decay_min_factor: 0.2
bandwith_kernel: None
no_interact: False
avg_score: 0.7410480976104736
median_score: 0.7351726293563843
std_score: 0.02881043218076229
percentiles: 2%=0.7026925683021545, 5%=0.706391453742981, 10%=0.7104343175888062, 25%=0.7208734750747681, 50%=0.7351726293563843, 75%=0.7562360763549805, 90%=0.7737435698509216, 95%=0.8048011064529419, 98%=0.8118547797203064
ranking_best_algo: CMApara
ranking_best_score: 0.7459277895312499
ranking_my_rank: 36/504 (93.1%)
ranking_my_percent: 93.05555555555556
