ConfigName: kjsd__advperagentrankweighted__M3__L24__eps0p007__g0p0005__ds0p05__dm0p05
Problem: NK
Kernel: jsd
Advantage: peragentrankweighted
M: 3
lambda: 24
epsilon_svgd: 0.007
gamma: 0.0005
decay_start_ratio: 0.05
decay_min_factor: 0.05
bandwith_kernel: None
no_interact: False
avg_score: 0.7323818802833557
median_score: 0.7319208383560181
std_score: 0.011588618159294128
percentiles: 2%=0.7097744345664978, 5%=0.7132496237754822, 10%=0.7184915542602539, 25%=0.7256321907043457, 50%=0.7319208383560181, 75%=0.7416239380836487, 90%=0.7463477849960327, 95%=0.7495182156562805, 98%=0.7510663270950317
ranking_best_algo: Tabu
ranking_best_score: 0.7429702712499999
ranking_my_rank: 2/504 (99.8%)
ranking_my_percent: 99.8015873015873
