ConfigName: kjsd__advperagentrankweighted__M4__L10__eps0p005__g0p0007__ds0p4__dm0p05
Problem: NK
Kernel: jsd
Advantage: peragentrankweighted
M: 4
lambda: 10
epsilon_svgd: 0.005
gamma: 0.0007
decay_start_ratio: 0.4
decay_min_factor: 0.05
bandwith_kernel: None
no_interact: False
avg_score: 0.7445558309555054
median_score: 0.7422553300857544
std_score: 0.02818481996655464
percentiles: 2%=0.7036858797073364, 5%=0.7073242664337158, 10%=0.7105394005775452, 25%=0.7240108251571655, 50%=0.7422553300857544, 75%=0.7606218457221985, 90%=0.7783373594284058, 95%=0.8044298887252808, 98%=0.8066380620002747
ranking_best_algo: CMApara
ranking_best_score: 0.7459277895312499
ranking_my_rank: 3/504 (99.6%)
ranking_my_percent: 99.60317460317461
