ConfigName: krbf__advnormalizedfitness__M4__L10__eps0p015__g0p005__ds0p15__dm0p3
Problem: NK
Kernel: rbf
Advantage: normalizedfitness
M: 4
lambda: 10
epsilon_svgd: 0.015
gamma: 0.005
decay_start_ratio: 0.15
decay_min_factor: 0.3
bandwith_kernel: None
no_interact: False
avg_score: 0.7329753637313843
median_score: 0.7327253818511963
std_score: 0.017695054411888123
percentiles: 2%=0.6985095739364624, 5%=0.7025234699249268, 10%=0.7114410996437073, 25%=0.7221686244010925, 50%=0.7327253818511963, 75%=0.7448239326477051, 90%=0.7584273815155029, 95%=0.7610355615615845, 98%=0.7662592530250549
ranking_best_algo: Tabu
ranking_best_score: 0.7470791764843752
ranking_my_rank: 24/504 (95.4%)
ranking_my_percent: 95.43650793650794
