ConfigName: kjsd__advperagentrankweighted__M4__L30__eps0p005__g0p0003__ds0p4__dm0p05
Problem: QUBO
Kernel: jsd
Advantage: peragentrankweighted
M: 4
lambda: 30
epsilon_svgd: 0.005
gamma: 0.0003
decay_start_ratio: 0.4
decay_min_factor: 0.05
bandwith_kernel: None
no_interact: False
avg_score: -1624.5999755859375
median_score: -1624.0
std_score: 67.6601791381836
percentiles: 2%=-1764.3599853515625, 5%=-1747.300048828125, 10%=-1707.0999755859375, 25%=-1661.0, 50%=-1624.0, 75%=-1574.75, 90%=-1538.5999755859375, 95%=-1514.9000244140625, 98%=-1500.8399658203125
ranking_best_algo: NLOPT_LN_PRAXIS
ranking_best_score: 1607.12
ranking_my_rank: 1/504 (100.0%)
ranking_my_percent: 100.0
