ConfigName: krbf__advnormalizedfitness__M3__L12__eps0p033__g0p015__ds0p01__dm0p3
Problem: NK
Kernel: rbf
Advantage: normalizedfitness
M: 3
lambda: 12
epsilon_svgd: 0.033
gamma: 0.015
decay_start_ratio: 0.01
decay_min_factor: 0.3
bandwith_kernel: None
no_interact: False
avg_score: 0.6977601051330566
median_score: 0.6954370737075806
std_score: 0.024784088134765625
percentiles: 2%=0.6544382572174072, 5%=0.6582221388816833, 10%=0.6653857827186584, 25%=0.6797618865966797, 50%=0.6954370737075806, 75%=0.7175652980804443, 90%=0.7319673299789429, 95%=0.7384130954742432, 98%=0.7481017708778381
ranking_best_algo: Tabu
ranking_best_score: 0.7601875690625
ranking_my_rank: 307/504 (39.3%)
ranking_my_percent: 39.285714285714285
