ConfigName: krbf__advnormalizedfitness__M3__L10__eps0p025__g0p01__ds0p3__dm0p3
Problem: NK
Kernel: rbf
Advantage: normalizedfitness
M: 3
lambda: 10
epsilon_svgd: 0.025
gamma: 0.01
decay_start_ratio: 0.3
decay_min_factor: 0.3
bandwith_kernel: None
no_interact: False
avg_score: 0.7244598865509033
median_score: 0.7248114347457886
std_score: 0.01820334978401661
percentiles: 2%=0.6889955401420593, 5%=0.6931203603744507, 10%=0.7006694078445435, 25%=0.7152711153030396, 50%=0.7248114347457886, 75%=0.7369152903556824, 90%=0.747749924659729, 95%=0.7530920505523682, 98%=0.759848952293396
ranking_best_algo: Tabu
ranking_best_score: 0.7601875690625
ranking_my_rank: 119/504 (76.6%)
ranking_my_percent: 76.58730158730158
