ConfigName: kjsd__advperagentrankweighted__M5__L10__eps0p01__g0p003__ds0p4__dm0p05
Problem: NK
Kernel: jsd
Advantage: peragentrankweighted
M: 5
lambda: 10
epsilon_svgd: 0.01
gamma: 0.003
decay_start_ratio: 0.4
decay_min_factor: 0.05
bandwith_kernel: None
no_interact: False
avg_score: 0.7037320733070374
median_score: 0.7055465579032898
std_score: 0.012034285813570023
percentiles: 2%=0.6829200387001038, 5%=0.6856125593185425, 10%=0.6895785927772522, 25%=0.692898154258728, 50%=0.7055465579032898, 75%=0.7140252590179443, 90%=0.7177857160568237, 95%=0.7201792001724243, 98%=0.7220292091369629
ranking_best_algo: PBIL
ranking_best_score: 0.7013553837109374
ranking_my_rank: 1/504 (100.0%)
ranking_my_percent: 100.0
