ConfigName: krbf__advnormalizedfitness__M3__L12__eps0p025__g0p005__ds0p15__dm0p3
Problem: QUBO
Kernel: rbf
Advantage: normalizedfitness
M: 3
lambda: 12
epsilon_svgd: 0.025
gamma: 0.005
decay_start_ratio: 0.15
decay_min_factor: 0.3
bandwith_kernel: None
no_interact: False
avg_score: -427.2799987792969
median_score: -425.5
std_score: 29.17947006225586
percentiles: 2%=-483.0400085449219, 5%=-475.29998779296875, 10%=-467.1000061035156, 25%=-447.0, 50%=-425.5, 75%=-409.0, 90%=-391.0, 95%=-384.9000244140625, 98%=-361.91998291015625
ranking_best_algo: CMAL3
ranking_best_score: 435.36
ranking_my_rank: 19/504 (96.4%)
ranking_my_percent: 96.42857142857143
