ConfigName: krbf__advnormalizedfitness__M3__L10__eps0p02__g0p005__ds0p15__dm0p05
Problem: QUBO
Kernel: rbf
Advantage: normalizedfitness
M: 3
lambda: 10
epsilon_svgd: 0.02
gamma: 0.005
decay_start_ratio: 0.15
decay_min_factor: 0.05
bandwith_kernel: None
no_interact: False
avg_score: -415.7799987792969
median_score: -416.0
std_score: 26.215103149414062
percentiles: 2%=-471.1199951171875, 5%=-457.5, 10%=-452.1000061035156, 25%=-430.0, 50%=-416.0, 75%=-397.5, 90%=-384.0, 95%=-376.0, 98%=-373.9599914550781
ranking_best_algo: Tabu
ranking_best_score: 438.12
ranking_my_rank: 47/504 (90.9%)
ranking_my_percent: 90.87301587301587
