ConfigName: kjsd__advperagentrankweighted__M4__L24__eps0p02__g0p0005__ds0p2__dm0p05
Problem: QUBO
Kernel: jsd
Advantage: peragentrankweighted
M: 4
lambda: 24
epsilon_svgd: 0.02
gamma: 0.0005
decay_start_ratio: 0.2
decay_min_factor: 0.05
bandwith_kernel: None
no_interact: False
avg_score: -1629.8399658203125
median_score: -1631.0
std_score: 57.132080078125
percentiles: 2%=-1739.300048828125, 5%=-1718.0999755859375, 10%=-1712.0, 25%=-1667.25, 50%=-1631.0, 75%=-1591.75, 90%=-1562.199951171875, 95%=-1546.25, 98%=-1512.6800537109375
ranking_best_algo: NLOPT_LN_PRAXIS
ranking_best_score: 1607.12
ranking_my_rank: 1/504 (100.0%)
ranking_my_percent: 100.0
