ConfigName: kjsd__advperagentrankweighted__M5__L10__eps0p01__g0p0005__ds0p2__dm0p05
Problem: QUBO
Kernel: jsd
Advantage: peragentrankweighted
M: 5
lambda: 10
epsilon_svgd: 0.01
gamma: 0.0005
decay_start_ratio: 0.2
decay_min_factor: 0.05
bandwith_kernel: None
no_interact: False
avg_score: -199.94000244140625
median_score: -201.0
std_score: 12.510651588439941
percentiles: 2%=-222.0399932861328, 5%=-221.0500030517578, 10%=-219.10000610351562, 25%=-207.0, 50%=-201.0, 75%=-190.0, 90%=-183.0, 95%=-180.89999389648438, 98%=-175.9600067138672
ranking_best_algo: Tabu
ranking_best_score: 208.36000000000004
ranking_my_rank: 56/504 (89.1%)
ranking_my_percent: 89.08730158730158
