ConfigName: krbf__advnormalizedfitness__M4__L12__eps0p025__g0p015__ds0p15__dm0p01
Problem: QUBO
Kernel: rbf
Advantage: normalizedfitness
M: 4
lambda: 12
epsilon_svgd: 0.025
gamma: 0.015
decay_start_ratio: 0.15
decay_min_factor: 0.01
bandwith_kernel: None
no_interact: False
avg_score: -2228.580078125
median_score: -2228.0
std_score: 248.64727783203125
percentiles: 2%=-2730.580078125, 5%=-2697.10009765625, 10%=-2565.199951171875, 25%=-2386.0, 50%=-2228.0, 75%=-2052.75, 90%=-1912.9000244140625, 95%=-1885.800048828125, 98%=-1705.35986328125
ranking_best_algo: RLSOnePlusOne
ranking_best_score: 3316.5199999999995
ranking_my_rank: 290/504 (42.7%)
ranking_my_percent: 42.65873015873016
