ConfigName: kjsd__advperagentrankweighted__M3__L16__eps0p007__g0p001__ds0p2__dm0p2
Problem: QUBO
Kernel: jsd
Advantage: peragentrankweighted
M: 3
lambda: 16
epsilon_svgd: 0.007
gamma: 0.001
decay_start_ratio: 0.2
decay_min_factor: 0.2
bandwith_kernel: None
no_interact: False
avg_score: -1240.56005859375
median_score: -1235.5
std_score: 58.37761688232422
percentiles: 2%=-1365.199951171875, 5%=-1340.25, 10%=-1325.199951171875, 25%=-1283.25, 50%=-1235.5, 75%=-1191.0, 90%=-1170.5999755859375, 95%=-1163.0, 98%=-1144.9599609375
ranking_best_algo: SVMMetaModelLogNormal
ranking_best_score: 1233.7999999999997
ranking_my_rank: 1/504 (100.0%)
ranking_my_percent: 100.0
