ConfigName: krbf__advnormalizedfitness__M1__L8__eps0p025__g0p01__ds0p3__dm0p01
Problem: NK
Kernel: rbf
Advantage: normalizedfitness
M: 1
lambda: 8
epsilon_svgd: 0.025
gamma: 0.01
decay_start_ratio: 0.3
decay_min_factor: 0.01
bandwith_kernel: None
no_interact: False
avg_score: 0.7336640954017639
median_score: 0.7301775813102722
std_score: 0.030175870284438133
percentiles: 2%=0.6856281757354736, 5%=0.6917414665222168, 10%=0.6985219120979309, 25%=0.7132376432418823, 50%=0.7301775813102722, 75%=0.7491087913513184, 90%=0.769474983215332, 95%=0.8044298887252808, 98%=0.8118547797203064
ranking_best_algo: CMApara
ranking_best_score: 0.7459277895312499
ranking_my_rank: 107/504 (79.0%)
ranking_my_percent: 78.96825396825396
