ConfigName: krbf__advnormalizedfitness__M3__L10__eps0p015__g0p007__ds0p01__dm0p01
Problem: QUBO
Kernel: rbf
Advantage: normalizedfitness
M: 3
lambda: 10
epsilon_svgd: 0.015
gamma: 0.007
decay_start_ratio: 0.01
decay_min_factor: 0.01
bandwith_kernel: None
no_interact: False
avg_score: -201.0
median_score: -203.0
std_score: 13.349157333374023
percentiles: 2%=-224.0, 5%=-224.0, 10%=-219.0, 25%=-207.25, 50%=-203.0, 75%=-193.75, 90%=-181.89999389648438, 95%=-174.95001220703125, 98%=-171.95999145507812
ranking_best_algo: Tabu
ranking_best_score: 208.36000000000004
ranking_my_rank: 43/504 (91.7%)
ranking_my_percent: 91.66666666666667
