ConfigName: kfr__advglobalrankweighted__M6__L9__eps0p02__g0p003__ds0p01__dm0p01
Problem: QUBO
Kernel: fr
Advantage: globalrankweighted
M: 6
lambda: 9
epsilon_svgd: 0.02
gamma: 0.003
decay_start_ratio: 0.01
decay_min_factor: 0.01
bandwith_kernel: None
no_interact: False
avg_score: -312.4599914550781
median_score: -314.0
std_score: 39.20342254638672
percentiles: 2%=-398.0, 5%=-394.0, 10%=-360.5999755859375, 25%=-334.5, 50%=-314.0, 75%=-276.0, 90%=-268.0, 95%=-263.95001220703125, 98%=-251.95999145507812
ranking_best_algo: CMApara
ranking_best_score: 319.29999999999995
ranking_my_rank: 32/504 (93.8%)
ranking_my_percent: 93.84920634920636
