ConfigName: kjsd__advperagentrankweighted__M6__L8__eps0p02__g0p0003__ds0p05__dm0p05
Problem: QUBO
Kernel: jsd
Advantage: peragentrankweighted
M: 6
lambda: 8
epsilon_svgd: 0.02
gamma: 0.0003
decay_start_ratio: 0.05
decay_min_factor: 0.05
bandwith_kernel: None
no_interact: False
avg_score: -900.719970703125
median_score: -897.5
std_score: 55.11934280395508
percentiles: 2%=-1008.1199951171875, 5%=-999.2000122070312, 10%=-978.4000244140625, 25%=-935.25, 50%=-897.5, 75%=-858.75, 90%=-834.9000244140625, 95%=-816.3499755859375, 98%=-800.9000244140625
ranking_best_algo: CMAL3
ranking_best_score: 928.5800000000002
ranking_my_rank: 69/504 (86.5%)
ranking_my_percent: 86.5079365079365
