ConfigName: krbf__advnormalizedfitness__M1__L8__eps0p015__g0p007__ds0p3__dm0p3
Problem: QUBO
Kernel: rbf
Advantage: normalizedfitness
M: 1
lambda: 8
epsilon_svgd: 0.015
gamma: 0.007
decay_start_ratio: 0.3
decay_min_factor: 0.3
bandwith_kernel: None
no_interact: False
avg_score: -135.4199981689453
median_score: -137.0
std_score: 12.999368667602539
percentiles: 2%=-158.0, 5%=-155.0500030517578, 10%=-151.0, 25%=-145.0, 50%=-137.0, 75%=-127.0, 90%=-117.0, 95%=-111.0, 98%=-106.97999572753906
ranking_best_algo: DiscreteDE
ranking_best_score: 143.4
ranking_my_rank: 246/504 (51.4%)
ranking_my_percent: 51.388888888888886
