ConfigName: krbf__advglobalrankweighted__M4__L11__eps0p015__g0p007__ds0p01__dm0p01
Problem: QUBO
Kernel: rbf
Advantage: globalrankweighted
M: 4
lambda: 11
epsilon_svgd: 0.015
gamma: 0.007
decay_start_ratio: 0.01
decay_min_factor: 0.01
bandwith_kernel: None
no_interact: False
avg_score: -423.29998779296875
median_score: -420.5
std_score: 29.89966583251953
percentiles: 2%=-477.1600036621094, 5%=-475.1000061035156, 10%=-463.0, 25%=-446.75, 50%=-420.5, 75%=-399.75, 90%=-384.0, 95%=-380.9000244140625, 98%=-371.91998291015625
ranking_best_algo: CMAL3
ranking_best_score: 435.36
ranking_my_rank: 33/504 (93.7%)
ranking_my_percent: 93.65079365079364
