ConfigName: krbf__advnormalizedfitness__M2__L8__eps0p015__g0p015__ds0p3__dm0p3
Problem: NK
Kernel: rbf
Advantage: normalizedfitness
M: 2
lambda: 8
epsilon_svgd: 0.015
gamma: 0.015
decay_start_ratio: 0.3
decay_min_factor: 0.3
bandwith_kernel: None
no_interact: False
avg_score: 0.7268139719963074
median_score: 0.7290737628936768
std_score: 0.010397238656878471
percentiles: 2%=0.7034444808959961, 5%=0.705289900302887, 10%=0.7116462588310242, 25%=0.7202814817428589, 50%=0.7290737628936768, 75%=0.734121561050415, 90%=0.7383296489715576, 95%=0.7402364611625671, 98%=0.7432066202163696
ranking_best_algo: PBIL
ranking_best_score: 0.7248786399609374
ranking_my_rank: 1/504 (100.0%)
ranking_my_percent: 100.0
