ConfigName: kjsd__advperagentrankweighted__M4__L30__eps0p005__g0p0003__ds0p4__dm0p05
Problem: QUBO
Kernel: jsd
Advantage: peragentrankweighted
M: 4
lambda: 30
epsilon_svgd: 0.005
gamma: 0.0003
decay_start_ratio: 0.4
decay_min_factor: 0.05
bandwith_kernel: None
no_interact: False
avg_score: -1286.0
median_score: -1286.5
std_score: 53.92680358886719
percentiles: 2%=-1389.02001953125, 5%=-1373.449951171875, 10%=-1360.300048828125, 25%=-1320.0, 50%=-1286.5, 75%=-1250.5, 90%=-1228.5999755859375, 95%=-1218.199951171875, 98%=-1152.800048828125
ranking_best_algo: BigLognormalDiscreteOnePlusOne
ranking_best_score: 1301.3600000000004
ranking_my_rank: 4/504 (99.4%)
ranking_my_percent: 99.4047619047619
