ConfigName: kjsd__advperagentrankweighted__M8__L24__eps0p005__g0p0005__ds0p05__dm0p05
Problem: NK
Kernel: jsd
Advantage: peragentrankweighted
M: 8
lambda: 24
epsilon_svgd: 0.005
gamma: 0.0005
decay_start_ratio: 0.05
decay_min_factor: 0.05
bandwith_kernel: None
no_interact: False
avg_score: 0.6816378831863403
median_score: 0.6818810701370239
std_score: 0.014382216148078442
percentiles: 2%=0.6536168456077576, 5%=0.6568935513496399, 10%=0.661508321762085, 25%=0.6738148927688599, 50%=0.6818810701370239, 75%=0.6885727047920227, 90%=0.7035506963729858, 95%=0.7055483460426331, 98%=0.7084016799926758
ranking_best_algo: PBIL
ranking_best_score: 0.733570253046875
ranking_my_rank: 194/504 (61.7%)
ranking_my_percent: 61.70634920634921
