ConfigName: kjsd__advperagentrankweighted__M3__L16__eps0p01__g0p0007__ds0p1__dm0p2
Problem: NK
Kernel: jsd
Advantage: peragentrankweighted
M: 3
lambda: 16
epsilon_svgd: 0.01
gamma: 0.0007
decay_start_ratio: 0.1
decay_min_factor: 0.2
bandwith_kernel: None
no_interact: False
avg_score: 0.7063928842544556
median_score: 0.708809494972229
std_score: 0.011513159610331059
percentiles: 2%=0.6879271864891052, 5%=0.6886169910430908, 10%=0.6902655959129333, 25%=0.6953615546226501, 50%=0.708809494972229, 75%=0.71648108959198, 90%=0.7199735641479492, 95%=0.7214310765266418, 98%=0.722600519657135
ranking_best_algo: PBIL
ranking_best_score: 0.7013553837109374
ranking_my_rank: 1/504 (100.0%)
ranking_my_percent: 100.0
