ConfigName: krbf__advnormalizedfitness__M1__L10__eps0p015__g0p005__ds0p3__dm0p01
Problem: QUBO
Kernel: rbf
Advantage: normalizedfitness
M: 1
lambda: 10
epsilon_svgd: 0.015
gamma: 0.005
decay_start_ratio: 0.3
decay_min_factor: 0.01
bandwith_kernel: None
no_interact: False
avg_score: -1600.6400146484375
median_score: -1606.5
std_score: 63.593788146972656
percentiles: 2%=-1711.199951171875, 5%=-1694.25, 10%=-1683.0999755859375, 25%=-1653.75, 50%=-1606.5, 75%=-1547.75, 90%=-1516.800048828125, 95%=-1504.800048828125, 98%=-1473.0
ranking_best_algo: NLOPT_LN_PRAXIS
ranking_best_score: 1607.12
ranking_my_rank: 13/504 (97.6%)
ranking_my_percent: 97.61904761904762
