ConfigName: kjsd__advperagentrankweighted__M2__L20__eps0p005__g0p0005__ds0p05__dm0p1
Problem: NK
Kernel: jsd
Advantage: peragentrankweighted
M: 2
lambda: 20
epsilon_svgd: 0.005
gamma: 0.0005
decay_start_ratio: 0.05
decay_min_factor: 0.1
bandwith_kernel: None
no_interact: False
avg_score: 0.7246097326278687
median_score: 0.7254185676574707
std_score: 0.008896189741790295
percentiles: 2%=0.707684338092804, 5%=0.7118151783943176, 10%=0.7134687304496765, 25%=0.7176052927970886, 50%=0.7254185676574707, 75%=0.7306755185127258, 90%=0.7357144355773926, 95%=0.7395427227020264, 98%=0.7409844398498535
ranking_best_algo: PBIL
ranking_best_score: 0.7170882103515624
ranking_my_rank: 1/504 (100.0%)
ranking_my_percent: 100.0
