ConfigName: krbf__advnormalizedfitness__M4__L10__eps0p03__g0p002__ds0p05__dm0p05
Problem: NK
Kernel: rbf
Advantage: normalizedfitness
M: 4
lambda: 10
epsilon_svgd: 0.03
gamma: 0.002
decay_start_ratio: 0.05
decay_min_factor: 0.05
bandwith_kernel: None
no_interact: False
avg_score: 0.7513486742973328
median_score: 0.7508528232574463
std_score: 0.013022941537201405
percentiles: 2%=0.7276186943054199, 5%=0.7321076989173889, 10%=0.7373841404914856, 25%=0.7414751052856445, 50%=0.7508528232574463, 75%=0.7589820027351379, 90%=0.7708006501197815, 95%=0.7736518979072571, 98%=0.7767319083213806
ranking_best_algo: Tabu
ranking_best_score: 0.7470791764843752
ranking_my_rank: 1/504 (100.0%)
ranking_my_percent: 100.0
