ConfigName: kjsd__advperagentrankweighted__M3__L20__eps0p007__g0p0005__ds0p2__dm0p1
Problem: NK
Kernel: jsd
Advantage: peragentrankweighted
M: 3
lambda: 20
epsilon_svgd: 0.007
gamma: 0.0005
decay_start_ratio: 0.2
decay_min_factor: 0.1
bandwith_kernel: None
no_interact: False
avg_score: 0.7349233031272888
median_score: 0.7370405197143555
std_score: 0.008869815617799759
percentiles: 2%=0.7174307703971863, 5%=0.7190577387809753, 10%=0.7212691307067871, 25%=0.7287194132804871, 50%=0.7370405197143555, 75%=0.7416085600852966, 90%=0.7453805208206177, 95%=0.7465364336967468, 98%=0.7494639158248901
ranking_best_algo: PBIL
ranking_best_score: 0.7248786399609374
ranking_my_rank: 1/504 (100.0%)
ranking_my_percent: 100.0
