ConfigName: kjsd__advperagentrankweighted__M5__L10__eps0p01__g0p003__ds0p2__dm0p05
Problem: QUBO
Kernel: jsd
Advantage: peragentrankweighted
M: 5
lambda: 10
epsilon_svgd: 0.01
gamma: 0.003
decay_start_ratio: 0.2
decay_min_factor: 0.05
bandwith_kernel: None
no_interact: False
avg_score: -1191.6800537109375
median_score: -1190.0
std_score: 67.56358337402344
percentiles: 2%=-1339.4000244140625, 5%=-1317.800048828125, 10%=-1274.0999755859375, 25%=-1237.25, 50%=-1190.0, 75%=-1141.0, 90%=-1120.5999755859375, 95%=-1085.449951171875, 98%=-1069.780029296875
ranking_best_algo: Tabu
ranking_best_score: 1216.16
ranking_my_rank: 50/504 (90.3%)
ranking_my_percent: 90.27777777777777
