ConfigName: kjsd__advperagentrankweighted__M3__L18__eps0p005__g0p0007__ds0p05__dm0p05
Problem: QUBO
Kernel: jsd
Advantage: peragentrankweighted
M: 3
lambda: 18
epsilon_svgd: 0.005
gamma: 0.0007
decay_start_ratio: 0.05
decay_min_factor: 0.05
bandwith_kernel: None
no_interact: False
avg_score: -2610.340087890625
median_score: -2608.5
std_score: 112.44770050048828
percentiles: 2%=-2818.719970703125, 5%=-2795.14990234375, 10%=-2744.10009765625, 25%=-2696.0, 50%=-2608.5, 75%=-2529.75, 90%=-2469.0, 95%=-2438.5, 98%=-2377.860107421875
ranking_best_algo: SVM1MetaModelLogNormal
ranking_best_score: 2605.14
ranking_my_rank: 1/504 (100.0%)
ranking_my_percent: 100.0
