ConfigName: krbf__advnormalizedfitness__M3__L10__eps0p015__g0p005__ds0p01__dm0p3
Problem: QUBO
Kernel: rbf
Advantage: normalizedfitness
M: 3
lambda: 10
epsilon_svgd: 0.015
gamma: 0.005
decay_start_ratio: 0.01
decay_min_factor: 0.3
bandwith_kernel: None
no_interact: False
avg_score: -420.2799987792969
median_score: -419.0
std_score: 26.6270809173584
percentiles: 2%=-471.0799865722656, 5%=-469.0, 10%=-454.29998779296875, 25%=-438.5, 50%=-419.0, 75%=-400.0, 90%=-387.79998779296875, 95%=-380.0, 98%=-379.8399658203125
ranking_best_algo: Tabu
ranking_best_score: 438.12
ranking_my_rank: 24/504 (95.4%)
ranking_my_percent: 95.43650793650794
