ConfigName: kjsd__advperagentrankweighted__M3__L16__eps0p01__g0p0007__ds0p2__dm0p1
Problem: NK
Kernel: jsd
Advantage: peragentrankweighted
M: 3
lambda: 16
epsilon_svgd: 0.01
gamma: 0.0007
decay_start_ratio: 0.2
decay_min_factor: 0.1
bandwith_kernel: None
no_interact: False
avg_score: 0.7108201384544373
median_score: 0.6985580325126648
std_score: 0.031152360141277313
percentiles: 2%=0.6737386584281921, 5%=0.6751645803451538, 10%=0.6775518655776978, 25%=0.6824496388435364, 50%=0.6985580325126648, 75%=0.7463489770889282, 90%=0.7523034811019897, 95%=0.7613165378570557, 98%=0.7613165378570557
ranking_best_algo: CMApara
ranking_best_score: 0.7118996098437498
ranking_my_rank: 10/504 (98.2%)
ranking_my_percent: 98.21428571428571
