ConfigName: krbf__advnormalizedfitness__M4__L12__eps0p025__g0p01__ds0p3__dm0p01
Problem: NK
Kernel: rbf
Advantage: normalizedfitness
M: 4
lambda: 12
epsilon_svgd: 0.025
gamma: 0.01
decay_start_ratio: 0.3
decay_min_factor: 0.01
bandwith_kernel: None
no_interact: False
avg_score: 0.7394902110099792
median_score: 0.742407500743866
std_score: 0.017577186226844788
percentiles: 2%=0.7002197504043579, 5%=0.7079606056213379, 10%=0.7147870063781738, 25%=0.7252565622329712, 50%=0.742407500743866, 75%=0.7548243999481201, 90%=0.7605451941490173, 95%=0.7637600302696228, 98%=0.7693126797676086
ranking_best_algo: Tabu
ranking_best_score: 0.7470791764843752
ranking_my_rank: 8/504 (98.6%)
ranking_my_percent: 98.61111111111111
