ConfigName: krbf__advnormalizedfitness__M3__L15__eps0p02__g0p005__ds0p15__dm0p05
Problem: NK
Kernel: rbf
Advantage: normalizedfitness
M: 3
lambda: 15
epsilon_svgd: 0.02
gamma: 0.005
decay_start_ratio: 0.15
decay_min_factor: 0.05
bandwith_kernel: None
no_interact: False
avg_score: 0.7392902970314026
median_score: 0.7382469773292542
std_score: 0.01362172793596983
percentiles: 2%=0.7165947556495667, 5%=0.719010591506958, 10%=0.7229411005973816, 25%=0.7296202182769775, 50%=0.7382469773292542, 75%=0.7476550340652466, 90%=0.7590625882148743, 95%=0.7619453072547913, 98%=0.7660232186317444
ranking_best_algo: Tabu
ranking_best_score: 0.7601875690625
ranking_my_rank: 16/504 (97.0%)
ranking_my_percent: 97.02380952380952
