ConfigName: kjsd__advperagentrankweighted__M4__L24__eps0p02__g0p0003__ds0p2__dm0p05
Problem: QUBO
Kernel: jsd
Advantage: peragentrankweighted
M: 4
lambda: 24
epsilon_svgd: 0.02
gamma: 0.0003
decay_start_ratio: 0.2
decay_min_factor: 0.05
bandwith_kernel: None
no_interact: False
avg_score: -325.739990234375
median_score: -330.0
std_score: 20.492252349853516
percentiles: 2%=-361.0, 5%=-354.0, 10%=-349.1000061035156, 25%=-340.25, 50%=-330.0, 75%=-314.0, 90%=-294.70001220703125, 95%=-289.8999938964844, 98%=-281.8800048828125
ranking_best_algo: CMApara
ranking_best_score: 344.22
ranking_my_rank: 116/504 (77.2%)
ranking_my_percent: 77.18253968253968
