ConfigName: krbf__advnormalizedfitness__M3__L8__eps0p025__g0p007__ds0p01__dm0p3
Problem: NK
Kernel: rbf
Advantage: normalizedfitness
M: 3
lambda: 8
epsilon_svgd: 0.025
gamma: 0.007
decay_start_ratio: 0.01
decay_min_factor: 0.3
bandwith_kernel: None
no_interact: False
avg_score: 0.7375256419181824
median_score: 0.7379150986671448
std_score: 0.008119601756334305
percentiles: 2%=0.7206833958625793, 5%=0.7229582667350769, 10%=0.7255159020423889, 25%=0.7327355146408081, 50%=0.7379150986671448, 75%=0.7433996200561523, 90%=0.7469068169593811, 95%=0.7498643398284912, 98%=0.7526344060897827
ranking_best_algo: PBIL
ranking_best_score: 0.730509098125
ranking_my_rank: 1/504 (100.0%)
ranking_my_percent: 100.0
