ConfigName: kjsd__advperagentrankweighted__M4__L20__eps0p007__g0p0005__ds0p2__dm0p05
Problem: QUBO
Kernel: jsd
Advantage: peragentrankweighted
M: 4
lambda: 20
epsilon_svgd: 0.007
gamma: 0.0005
decay_start_ratio: 0.2
decay_min_factor: 0.05
bandwith_kernel: None
no_interact: False
avg_score: -310.739990234375
median_score: -314.0
std_score: 39.69096374511719
percentiles: 2%=-398.0400085449219, 5%=-388.20001220703125, 10%=-358.3999938964844, 25%=-333.0, 50%=-314.0, 75%=-274.0, 90%=-264.8999938964844, 95%=-259.8999938964844, 98%=-255.8000030517578
ranking_best_algo: CMApara
ranking_best_score: 319.29999999999995
ranking_my_rank: 40/504 (92.3%)
ranking_my_percent: 92.26190476190476
