ConfigName: krbf__advnormalizedfitness__M3__L10__eps0p015__g0p007__ds0p01__dm0p01
Problem: QUBO
Kernel: rbf
Advantage: normalizedfitness
M: 3
lambda: 10
epsilon_svgd: 0.015
gamma: 0.007
decay_start_ratio: 0.01
decay_min_factor: 0.01
bandwith_kernel: None
no_interact: False
avg_score: -904.1199951171875
median_score: -897.5
std_score: 63.58086013793945
percentiles: 2%=-1030.5400390625, 5%=-1004.7999877929688, 10%=-991.5, 25%=-955.25, 50%=-897.5, 75%=-856.25, 90%=-826.2000122070312, 95%=-800.9000244140625, 98%=-796.5399169921875
ranking_best_algo: CMAL3
ranking_best_score: 928.5800000000002
ranking_my_rank: 66/504 (87.1%)
ranking_my_percent: 87.10317460317461
