ConfigName: kjsd__advperagentrankweighted__M6__L10__eps0p02__g0p0007__ds0p05__dm0p05
Problem: QUBO
Kernel: jsd
Advantage: peragentrankweighted
M: 6
lambda: 10
epsilon_svgd: 0.02
gamma: 0.0007
decay_start_ratio: 0.05
decay_min_factor: 0.05
bandwith_kernel: None
no_interact: False
avg_score: -416.260009765625
median_score: -418.0
std_score: 26.45699119567871
percentiles: 2%=-457.1600036621094, 5%=-454.04998779296875, 10%=-447.29998779296875, 25%=-437.0, 50%=-418.0, 75%=-400.0, 90%=-383.6000061035156, 95%=-365.8999938964844, 98%=-353.9200134277344
ranking_best_algo: Tabu
ranking_best_score: 438.12
ranking_my_rank: 45/504 (91.3%)
ranking_my_percent: 91.26984126984127
