ConfigName: kfr__advglobalrankweighted__M4__L15__eps0p01__g0p003__ds0p01__dm0p01
Problem: QUBO
Kernel: fr
Advantage: globalrankweighted
M: 4
lambda: 15
epsilon_svgd: 0.01
gamma: 0.003
decay_start_ratio: 0.01
decay_min_factor: 0.01
bandwith_kernel: None
no_interact: False
avg_score: -426.2200012207031
median_score: -427.0
std_score: 25.248199462890625
percentiles: 2%=-481.0, 5%=-479.0, 10%=-459.20001220703125, 25%=-438.0, 50%=-427.0, 75%=-409.0, 90%=-392.8999938964844, 95%=-384.95001220703125, 98%=-373.9599914550781
ranking_best_algo: CMAL3
ranking_best_score: 435.36
ranking_my_rank: 23/504 (95.6%)
ranking_my_percent: 95.63492063492063
