ConfigName: kjsd__advperagentrankweighted__M5__L12__eps0p02__g0p0007__ds0p05__dm0p05
Problem: QUBO
Kernel: jsd
Advantage: peragentrankweighted
M: 5
lambda: 12
epsilon_svgd: 0.02
gamma: 0.0007
decay_start_ratio: 0.05
decay_min_factor: 0.05
bandwith_kernel: None
no_interact: False
avg_score: -2649.6201171875
median_score: -2646.0
std_score: 131.33978271484375
percentiles: 2%=-2927.340087890625, 5%=-2877.39990234375, 10%=-2816.300048828125, 25%=-2741.0, 50%=-2646.0, 75%=-2543.0, 90%=-2477.800048828125, 95%=-2453.64990234375, 98%=-2432.860107421875
ranking_best_algo: DiscreteLengler2OnePlusOne
ranking_best_score: 2617.04
ranking_my_rank: 1/504 (100.0%)
ranking_my_percent: 100.0
