ConfigName: krbf__advnormalizedfitness__M3__L8__eps0p033__g0p015__ds0p15__dm0p01
Problem: QUBO
Kernel: rbf
Advantage: normalizedfitness
M: 3
lambda: 8
epsilon_svgd: 0.033
gamma: 0.015
decay_start_ratio: 0.15
decay_min_factor: 0.01
bandwith_kernel: None
no_interact: False
avg_score: -330.4599914550781
median_score: -334.0
std_score: 21.01971435546875
percentiles: 2%=-372.0, 5%=-357.20001220703125, 10%=-353.1000061035156, 25%=-343.0, 50%=-334.0, 75%=-319.0, 90%=-295.79998779296875, 95%=-290.95001220703125, 98%=-283.9599914550781
ranking_best_algo: CMApara
ranking_best_score: 344.22
ranking_my_rank: 78/504 (84.7%)
ranking_my_percent: 84.72222222222223
