ConfigName: krbf__advnormalizedfitness__M4__L8__eps0p025__g0p015__ds0p15__dm0p01
Problem: QUBO
Kernel: rbf
Advantage: normalizedfitness
M: 4
lambda: 8
epsilon_svgd: 0.025
gamma: 0.015
decay_start_ratio: 0.15
decay_min_factor: 0.01
bandwith_kernel: None
no_interact: False
avg_score: -551.6799926757812
median_score: -547.0
std_score: 32.24868392944336
percentiles: 2%=-619.0999755859375, 5%=-615.0, 10%=-598.0, 25%=-574.25, 50%=-547.0, 75%=-528.0, 90%=-511.0, 95%=-504.9000244140625, 98%=-499.89996337890625
ranking_best_algo: Tabu
ranking_best_score: 588.7199999999999
ranking_my_rank: 153/503 (69.8%)
ranking_my_percent: 69.78131212723657
