ConfigName: kfr__advglobalrankweighted__M4__L12__eps0p015__g0p007__ds0p01__dm0p01
Problem: QUBO
Kernel: fr
Advantage: globalrankweighted
M: 4
lambda: 12
epsilon_svgd: 0.015
gamma: 0.007
decay_start_ratio: 0.01
decay_min_factor: 0.01
bandwith_kernel: None
no_interact: False
avg_score: -887.739990234375
median_score: -883.5
std_score: 65.75312042236328
percentiles: 2%=-1017.2999877929688, 5%=-1006.2000122070312, 10%=-977.5999755859375, 25%=-934.0, 50%=-883.5, 75%=-842.0, 90%=-795.9000244140625, 95%=-784.800048828125, 98%=-766.9599609375
ranking_best_algo: CMAL3
ranking_best_score: 928.5800000000002
ranking_my_rank: 102/504 (80.0%)
ranking_my_percent: 79.96031746031746
