ConfigName: kjsd__advperagentrankweighted__M4__L30__eps0p005__g0p0007__ds0p05__dm0p05
Problem: NK
Kernel: jsd
Advantage: peragentrankweighted
M: 4
lambda: 30
epsilon_svgd: 0.005
gamma: 0.0007
decay_start_ratio: 0.05
decay_min_factor: 0.05
bandwith_kernel: None
no_interact: False
avg_score: 0.7383370399475098
median_score: 0.7390295267105103
std_score: 0.008686287328600883
percentiles: 2%=0.7200402021408081, 5%=0.7238982319831848, 10%=0.7261229157447815, 25%=0.733659029006958, 50%=0.7390295267105103, 75%=0.7450957894325256, 90%=0.7499202489852905, 95%=0.7515786290168762, 98%=0.7530909180641174
ranking_best_algo: PBIL
ranking_best_score: 0.730509098125
ranking_my_rank: 1/504 (100.0%)
ranking_my_percent: 100.0
