ConfigName: kjsd__advperagentrankweighted__M3__L30__eps0p005__g0p0005__ds0p05__dm0p1
Problem: NK
Kernel: jsd
Advantage: peragentrankweighted
M: 3
lambda: 30
epsilon_svgd: 0.005
gamma: 0.0005
decay_start_ratio: 0.05
decay_min_factor: 0.1
bandwith_kernel: None
no_interact: False
avg_score: 0.7568560242652893
median_score: 0.7568784952163696
std_score: 0.011825154535472393
percentiles: 2%=0.7360392212867737, 5%=0.7399117350578308, 10%=0.7437001466751099, 25%=0.7470597624778748, 50%=0.7568784952163696, 75%=0.7662123441696167, 90%=0.7716063857078552, 95%=0.7779934406280518, 98%=0.7794555425643921
ranking_best_algo: Tabu
ranking_best_score: 0.7470791764843752
ranking_my_rank: 1/504 (100.0%)
ranking_my_percent: 100.0
