ConfigName: krbf__advnormalizedfitness__M4__L15__eps0p033__g0p01__ds0p01__dm0p3
Problem: QUBO
Kernel: rbf
Advantage: normalizedfitness
M: 4
lambda: 15
epsilon_svgd: 0.033
gamma: 0.01
decay_start_ratio: 0.01
decay_min_factor: 0.3
bandwith_kernel: None
no_interact: False
avg_score: -388.1400146484375
median_score: -384.5
std_score: 31.254127502441406
percentiles: 2%=-445.0, 5%=-441.1000061035156, 10%=-431.0, 25%=-409.25, 50%=-384.5, 75%=-366.5, 90%=-348.0, 95%=-342.95001220703125, 98%=-328.89996337890625
ranking_best_algo: CMAL3
ranking_best_score: 435.36
ranking_my_rank: 270/504 (46.6%)
ranking_my_percent: 46.62698412698413
