ConfigName: krbf__advnormalizedfitness__M3__L8__eps0p015__g0p005__ds0p01__dm0p01
Problem: QUBO
Kernel: rbf
Advantage: normalizedfitness
M: 3
lambda: 8
epsilon_svgd: 0.015
gamma: 0.005
decay_start_ratio: 0.01
decay_min_factor: 0.01
bandwith_kernel: None
no_interact: False
avg_score: -932.0800170898438
median_score: -937.0
std_score: 64.06538391113281
percentiles: 2%=-1048.02001953125, 5%=-1033.1500244140625, 10%=-1011.2000122070312, 25%=-977.5, 50%=-937.0, 75%=-882.0, 90%=-840.7999877929688, 95%=-831.0, 98%=-824.4398803710938
ranking_best_algo: CMApara
ranking_best_score: 964.9
ranking_my_rank: 19/504 (96.4%)
ranking_my_percent: 96.42857142857143
