ConfigName: kjsd__advperagentrankweighted__M3__L20__eps0p005__g0p0005__ds0p1__dm0p2
Problem: QUBO
Kernel: jsd
Advantage: peragentrankweighted
M: 3
lambda: 20
epsilon_svgd: 0.005
gamma: 0.0005
decay_start_ratio: 0.1
decay_min_factor: 0.2
bandwith_kernel: None
no_interact: False
avg_score: -1302.6400146484375
median_score: -1301.5
std_score: 58.12444305419922
percentiles: 2%=-1402.239990234375, 5%=-1392.050048828125, 10%=-1379.199951171875, 25%=-1347.0, 50%=-1301.5, 75%=-1269.75, 90%=-1224.0, 95%=-1209.8499755859375, 98%=-1180.9599609375
ranking_best_algo: BigLognormalDiscreteOnePlusOne
ranking_best_score: 1301.3600000000004
ranking_my_rank: 1/504 (100.0%)
ranking_my_percent: 100.0
