ConfigName: kfr__advglobalrankweighted__M5__L9__eps0p015__g0p005__ds0p01__dm0p01
Problem: QUBO
Kernel: fr
Advantage: globalrankweighted
M: 5
lambda: 9
epsilon_svgd: 0.015
gamma: 0.005
decay_start_ratio: 0.01
decay_min_factor: 0.01
bandwith_kernel: None
no_interact: False
avg_score: -148.74000549316406
median_score: -147.0
std_score: 11.990513801574707
percentiles: 2%=-179.0, 5%=-179.0, 10%=-160.0, 25%=-155.5, 50%=-147.0, 75%=-139.75, 90%=-133.0, 95%=-131.0, 98%=-129.8999786376953
ranking_best_algo: CMApara
ranking_best_score: 154.28
ranking_my_rank: 82/504 (83.9%)
ranking_my_percent: 83.92857142857143
