ConfigName: kfr__advglobalrankweighted__M5__L9__eps0p015__g0p005__ds0p01__dm0p01
Problem: QUBO
Kernel: fr
Advantage: globalrankweighted
M: 5
lambda: 9
epsilon_svgd: 0.015
gamma: 0.005
decay_start_ratio: 0.01
decay_min_factor: 0.01
bandwith_kernel: None
no_interact: False
avg_score: -310.7799987792969
median_score: -307.0
std_score: 37.01771926879883
percentiles: 2%=-396.0, 5%=-388.20001220703125, 10%=-356.3999938964844, 25%=-330.5, 50%=-307.0, 75%=-279.75, 90%=-269.0, 95%=-264.95001220703125, 98%=-263.9599914550781
ranking_best_algo: CMApara
ranking_best_score: 319.29999999999995
ranking_my_rank: 40/504 (92.3%)
ranking_my_percent: 92.26190476190476
