ConfigName: krbf__advnormalizedfitness__M3__L12__eps0p015__g0p01__ds0p3__dm0p3
Problem: NK
Kernel: rbf
Advantage: normalizedfitness
M: 3
lambda: 12
epsilon_svgd: 0.015
gamma: 0.01
decay_start_ratio: 0.3
decay_min_factor: 0.3
bandwith_kernel: None
no_interact: False
avg_score: 0.6346508264541626
median_score: 0.6346994638442993
std_score: 0.01011217013001442
percentiles: 2%=0.6165502071380615, 5%=0.6181702613830566, 10%=0.6207848191261292, 25%=0.6275976896286011, 50%=0.6346994638442993, 75%=0.6415691375732422, 90%=0.6468303799629211, 95%=0.6502901315689087, 98%=0.657170295715332
ranking_best_algo: PBIL
ranking_best_score: 0.733570253046875
ranking_my_rank: 309/504 (38.9%)
ranking_my_percent: 38.888888888888886
