ConfigName: kjsd__advperagentrankweighted__M5__L10__eps0p01__g0p0005__ds0p4__dm0p2
Problem: QUBO
Kernel: jsd
Advantage: peragentrankweighted
M: 5
lambda: 10
epsilon_svgd: 0.01
gamma: 0.0005
decay_start_ratio: 0.4
decay_min_factor: 0.2
bandwith_kernel: None
no_interact: False
avg_score: -1610.5400390625
median_score: -1612.0
std_score: 63.447364807128906
percentiles: 2%=-1732.52001953125, 5%=-1723.050048828125, 10%=-1697.4000244140625, 25%=-1647.0, 50%=-1612.0, 75%=-1564.75, 90%=-1534.9000244140625, 95%=-1514.9000244140625, 98%=-1508.800048828125
ranking_best_algo: NLOPT_LN_PRAXIS
ranking_best_score: 1607.12
ranking_my_rank: 1/504 (100.0%)
ranking_my_percent: 100.0
