ConfigName: krbf__advnormalizedfitness__M4__L8__eps0p033__g0p005__ds0p01__dm0p01
Problem: NK
Kernel: rbf
Advantage: normalizedfitness
M: 4
lambda: 8
epsilon_svgd: 0.033
gamma: 0.005
decay_start_ratio: 0.01
decay_min_factor: 0.01
bandwith_kernel: None
no_interact: False
avg_score: 0.7370011806488037
median_score: 0.7375813722610474
std_score: 0.008550998754799366
percentiles: 2%=0.720590353012085, 5%=0.7217857837677002, 10%=0.7228990197181702, 25%=0.7324531674385071, 50%=0.7375813722610474, 75%=0.7422932982444763, 90%=0.7467604875564575, 95%=0.7504405975341797, 98%=0.7518419623374939
ranking_best_algo: PBIL
ranking_best_score: 0.730509098125
ranking_my_rank: 1/504 (100.0%)
ranking_my_percent: 100.0
