ConfigName: kjsd__advperagentrankweighted__M3__L20__eps0p007__g0p0005__ds0p05__dm0p05
Problem: NK
Kernel: jsd
Advantage: peragentrankweighted
M: 3
lambda: 20
epsilon_svgd: 0.007
gamma: 0.0005
decay_start_ratio: 0.05
decay_min_factor: 0.05
bandwith_kernel: None
no_interact: False
avg_score: 0.7111532092094421
median_score: 0.7003200650215149
std_score: 0.03146135434508324
percentiles: 2%=0.6734635829925537, 5%=0.6744096279144287, 10%=0.6775393486022949, 25%=0.6824374794960022, 50%=0.7003200650215149, 75%=0.7457537651062012, 90%=0.7523034811019897, 95%=0.7613165378570557, 98%=0.7613165378570557
ranking_best_algo: CMApara
ranking_best_score: 0.7118996098437498
ranking_my_rank: 5/504 (99.2%)
ranking_my_percent: 99.2063492063492
