ConfigName: krbf__advnormalizedfitness__M3__L8__eps0p025__g0p015__ds0p01__dm0p01
Problem: QUBO
Kernel: rbf
Advantage: normalizedfitness
M: 3
lambda: 8
epsilon_svgd: 0.025
gamma: 0.015
decay_start_ratio: 0.01
decay_min_factor: 0.01
bandwith_kernel: None
no_interact: False
avg_score: -200.55999755859375
median_score: -201.0
std_score: 12.56846809387207
percentiles: 2%=-224.0, 5%=-224.0, 10%=-216.3000030517578, 25%=-209.25, 50%=-201.0, 75%=-193.0, 90%=-183.0, 95%=-179.85000610351562, 98%=-173.97999572753906
ranking_best_algo: Tabu
ranking_best_score: 208.36000000000004
ranking_my_rank: 46/504 (91.1%)
ranking_my_percent: 91.07142857142857
