ConfigName: kjsd__advperagentrankweighted__M3__L16__eps0p005__g0p001__ds0p1__dm0p2
Problem: QUBO
Kernel: jsd
Advantage: peragentrankweighted
M: 3
lambda: 16
epsilon_svgd: 0.005
gamma: 0.001
decay_start_ratio: 0.1
decay_min_factor: 0.2
bandwith_kernel: None
no_interact: False
avg_score: -1175.56005859375
median_score: -1164.0
std_score: 62.9824333190918
percentiles: 2%=-1341.3199462890625, 5%=-1295.199951171875, 10%=-1258.0999755859375, 25%=-1208.0, 50%=-1164.0, 75%=-1131.75, 90%=-1108.800048828125, 95%=-1091.9000244140625, 98%=-1078.4200439453125
ranking_best_algo: Tabu
ranking_best_score: 1216.16
ranking_my_rank: 82/504 (83.9%)
ranking_my_percent: 83.92857142857143
