ConfigName: kjsd__advperagentrankweighted__M4__L10__eps0p01__g0p0007__ds0p2__dm0p05
Problem: QUBO
Kernel: jsd
Advantage: peragentrankweighted
M: 4
lambda: 10
epsilon_svgd: 0.01
gamma: 0.0007
decay_start_ratio: 0.2
decay_min_factor: 0.05
bandwith_kernel: None
no_interact: False
avg_score: -1204.6600341796875
median_score: -1191.5
std_score: 62.150978088378906
percentiles: 2%=-1351.3199462890625, 5%=-1325.300048828125, 10%=-1303.0, 25%=-1231.75, 50%=-1191.5, 75%=-1156.0, 90%=-1137.0, 95%=-1131.75, 98%=-1120.0
ranking_best_algo: Tabu
ranking_best_score: 1216.16
ranking_my_rank: 36/504 (93.1%)
ranking_my_percent: 93.05555555555556
