ConfigName: kjsd__advperagentrankweighted__M6__L12__eps0p008__g0p0005__ds0p05__dm0p05
Problem: NK
Kernel: jsd
Advantage: peragentrankweighted
M: 6
lambda: 12
epsilon_svgd: 0.008
gamma: 0.0005
decay_start_ratio: 0.05
decay_min_factor: 0.05
bandwith_kernel: None
no_interact: False
avg_score: 0.7116503119468689
median_score: 0.6987258791923523
std_score: 0.03150871768593788
percentiles: 2%=0.674251914024353, 5%=0.6751484870910645, 10%=0.6786980032920837, 25%=0.6824496388435364, 50%=0.6987258791923523, 75%=0.7469885945320129, 90%=0.7531939744949341, 95%=0.7613165378570557, 98%=0.7613165378570557
ranking_best_algo: CMApara
ranking_best_score: 0.7118996098437498
ranking_my_rank: 2/504 (99.8%)
ranking_my_percent: 99.8015873015873
