ConfigName: krbf__advnormalizedfitness__M4__L12__eps0p033__g0p015__ds0p01__dm0p3
Problem: NK
Kernel: rbf
Advantage: normalizedfitness
M: 4
lambda: 12
epsilon_svgd: 0.033
gamma: 0.015
decay_start_ratio: 0.01
decay_min_factor: 0.3
bandwith_kernel: None
no_interact: False
avg_score: 0.7045835256576538
median_score: 0.7061209678649902
std_score: 0.015962710604071617
percentiles: 2%=0.662433385848999, 5%=0.6659514307975769, 10%=0.6897692680358887, 25%=0.6996992826461792, 50%=0.7061209678649902, 75%=0.7143476009368896, 90%=0.7220158576965332, 95%=0.725861132144928, 98%=0.7270820736885071
ranking_best_algo: CMApara
ranking_best_score: 0.707475975
ranking_my_rank: 10/504 (98.2%)
ranking_my_percent: 98.21428571428571
