ConfigName: kjsd__advperagentrankweighted__M5__L24__eps0p02__g0p0007__ds0p05__dm0p05
Problem: QUBO
Kernel: jsd
Advantage: peragentrankweighted
M: 5
lambda: 24
epsilon_svgd: 0.02
gamma: 0.0007
decay_start_ratio: 0.05
decay_min_factor: 0.05
bandwith_kernel: None
no_interact: False
avg_score: -939.3200073242188
median_score: -933.0
std_score: 66.98625183105469
percentiles: 2%=-1064.1600341796875, 5%=-1048.550048828125, 10%=-1027.5999755859375, 25%=-992.0, 50%=-933.0, 75%=-894.25, 90%=-851.0, 95%=-836.7000122070312, 98%=-821.0
ranking_best_algo: CMApara
ranking_best_score: 964.9
ranking_my_rank: 7/504 (98.8%)
ranking_my_percent: 98.80952380952381
