ConfigName: krbf__advnormalizedfitness__M3__L8__eps0p015__g0p01__ds0p15__dm0p01
Problem: QUBO
Kernel: rbf
Advantage: normalizedfitness
M: 3
lambda: 8
epsilon_svgd: 0.015
gamma: 0.01
decay_start_ratio: 0.15
decay_min_factor: 0.01
bandwith_kernel: None
no_interact: False
avg_score: -425.9599914550781
median_score: -427.0
std_score: 28.991695404052734
percentiles: 2%=-481.0, 5%=-475.29998779296875, 10%=-463.20001220703125, 25%=-448.25, 50%=-427.0, 75%=-405.0, 90%=-388.79998779296875, 95%=-382.0, 98%=-370.8199462890625
ranking_best_algo: CMAL3
ranking_best_score: 435.36
ranking_my_rank: 23/504 (95.6%)
ranking_my_percent: 95.63492063492063
