ConfigName: kjsd__advperagentrankweighted__M5__L8__eps0p03__g0p0007__ds0p05__dm0p05
Problem: NK
Kernel: jsd
Advantage: peragentrankweighted
M: 5
lambda: 8
epsilon_svgd: 0.03
gamma: 0.0007
decay_start_ratio: 0.05
decay_min_factor: 0.05
bandwith_kernel: None
no_interact: False
avg_score: 0.7062483429908752
median_score: 0.7052649855613708
std_score: 0.006754750851541758
percentiles: 2%=0.6947284936904907, 5%=0.6967978477478027, 10%=0.6977633833885193, 25%=0.7018569707870483, 50%=0.7052649855613708, 75%=0.7101320028305054, 90%=0.7150401473045349, 95%=0.7182596325874329, 98%=0.721907377243042
ranking_best_algo: PBIL
ranking_best_score: 0.7170882103515624
ranking_my_rank: 59/504 (88.5%)
ranking_my_percent: 88.4920634920635
