ConfigName: kjsd__advperagentrankweighted__M5__L24__eps0p007__g0p0005__ds0p05__dm0p05
Problem: QUBO
Kernel: jsd
Advantage: peragentrankweighted
M: 5
lambda: 24
epsilon_svgd: 0.007
gamma: 0.0005
decay_start_ratio: 0.05
decay_min_factor: 0.05
bandwith_kernel: None
no_interact: False
avg_score: -201.0399932861328
median_score: -201.0
std_score: 12.240849494934082
percentiles: 2%=-224.0, 5%=-222.0, 10%=-220.10000610351562, 25%=-209.0, 50%=-201.0, 75%=-193.0, 90%=-185.89999389648438, 95%=-180.0, 98%=-175.9600067138672
ranking_best_algo: Tabu
ranking_best_score: 208.36000000000004
ranking_my_rank: 43/504 (91.7%)
ranking_my_percent: 91.66666666666667
