ConfigName: kjsd__advperagentrankweighted__M3__L18__eps0p005__g0p0007__ds0p2__dm0p05
Problem: QUBO
Kernel: jsd
Advantage: peragentrankweighted
M: 3
lambda: 18
epsilon_svgd: 0.005
gamma: 0.0007
decay_start_ratio: 0.2
decay_min_factor: 0.05
bandwith_kernel: None
no_interact: False
avg_score: -439.3800048828125
median_score: -439.0
std_score: 26.825651168823242
percentiles: 2%=-485.0799865722656, 5%=-475.29998779296875, 10%=-472.0, 25%=-463.0, 50%=-439.0, 75%=-420.5, 90%=-405.8999938964844, 95%=-395.8500061035156, 98%=-378.0
ranking_best_algo: CMApara
ranking_best_score: 453.82
ranking_my_rank: 18/504 (96.6%)
ranking_my_percent: 96.62698412698413
