ConfigName: kfr__advglobalrankweighted__M3__L8__eps0p02__g0p005__ds0p01__dm0p01
Problem: QUBO
Kernel: fr
Advantage: globalrankweighted
M: 3
lambda: 8
epsilon_svgd: 0.02
gamma: 0.005
decay_start_ratio: 0.01
decay_min_factor: 0.01
bandwith_kernel: None
no_interact: False
avg_score: -3243.43994140625
median_score: -3239.0
std_score: 114.48059844970703
percentiles: 2%=-3502.3798828125, 5%=-3440.25, 10%=-3412.800048828125, 25%=-3301.75, 50%=-3239.0, 75%=-3164.5, 90%=-3099.60009765625, 95%=-3073.75, 98%=-3052.19970703125
ranking_best_algo: RLSOnePlusOne
ranking_best_score: 3316.5199999999995
ranking_my_rank: 42/504 (91.9%)
ranking_my_percent: 91.86507936507937
