ConfigName: krbf__advnormalizedfitness__M4__L15__eps0p01__g0p0005__ds0p05__dm0p05
Problem: NK
Kernel: rbf
Advantage: normalizedfitness
M: 4
lambda: 15
epsilon_svgd: 0.01
gamma: 0.0005
decay_start_ratio: 0.05
decay_min_factor: 0.05
bandwith_kernel: None
no_interact: False
avg_score: 0.7509585022926331
median_score: 0.7505173683166504
std_score: 0.013200314715504646
percentiles: 2%=0.7254500389099121, 5%=0.7346085906028748, 10%=0.7359870076179504, 25%=0.7415342330932617, 50%=0.7505173683166504, 75%=0.7593281269073486, 90%=0.7677322626113892, 95%=0.7721491456031799, 98%=0.7810812592506409
ranking_best_algo: Tabu
ranking_best_score: 0.7657846284375001
ranking_my_rank: 18/504 (96.6%)
ranking_my_percent: 96.62698412698413
