ConfigName: kjsd__advperagentrankweighted__M3__L16__eps0p007__g0p0007__ds0p2__dm0p1
Problem: QUBO
Kernel: jsd
Advantage: peragentrankweighted
M: 3
lambda: 16
epsilon_svgd: 0.007
gamma: 0.0007
decay_start_ratio: 0.2
decay_min_factor: 0.1
bandwith_kernel: None
no_interact: False
avg_score: -1634.5
median_score: -1634.5
std_score: 61.00860595703125
percentiles: 2%=-1749.760009765625, 5%=-1728.800048828125, 10%=-1707.300048828125, 25%=-1668.0, 50%=-1634.5, 75%=-1603.25, 90%=-1564.800048828125, 95%=-1533.8499755859375, 98%=-1522.739990234375
ranking_best_algo: NLOPT_LN_PRAXIS
ranking_best_score: 1607.12
ranking_my_rank: 1/504 (100.0%)
ranking_my_percent: 100.0
