ConfigName: kjsd__advperagentrankweighted__M3__L30__eps0p007__g0p001__ds0p05__dm0p1
Problem: QUBO
Kernel: jsd
Advantage: peragentrankweighted
M: 3
lambda: 30
epsilon_svgd: 0.007
gamma: 0.001
decay_start_ratio: 0.05
decay_min_factor: 0.1
bandwith_kernel: None
no_interact: False
avg_score: -578.6799926757812
median_score: -578.0
std_score: 28.46221351623535
percentiles: 2%=-636.02001953125, 5%=-629.0999755859375, 10%=-615.2000122070312, 25%=-597.5, 50%=-578.0, 75%=-560.0, 90%=-542.7999877929688, 95%=-535.8499755859375, 98%=-528.9400024414062
ranking_best_algo: Tabu
ranking_best_score: 588.7199999999999
ranking_my_rank: 41/503 (92.0%)
ranking_my_percent: 92.04771371769384
