ConfigName: kjsd__advperagentrankweighted__M4__L12__eps0p01__g0p0003__ds0p05__dm0p05
Problem: NK
Kernel: jsd
Advantage: peragentrankweighted
M: 4
lambda: 12
epsilon_svgd: 0.01
gamma: 0.0003
decay_start_ratio: 0.05
decay_min_factor: 0.05
bandwith_kernel: None
no_interact: False
avg_score: 0.7365599274635315
median_score: 0.7369285821914673
std_score: 0.010470451787114143
percentiles: 2%=0.7172359228134155, 5%=0.7221935391426086, 10%=0.723768949508667, 25%=0.7285702228546143, 50%=0.7369285821914673, 75%=0.7427136301994324, 90%=0.7472305297851562, 95%=0.7538462281227112, 98%=0.7605318427085876
ranking_best_algo: PBIL
ranking_best_score: 0.733570253046875
ranking_my_rank: 1/504 (100.0%)
ranking_my_percent: 100.0
