ConfigName: kfr__advglobalrankweighted__M4__L24__eps0p06__g0p007__ds0p01__dm0p01
Problem: QUBO
Kernel: fr
Advantage: globalrankweighted
M: 4
lambda: 24
epsilon_svgd: 0.06
gamma: 0.007
decay_start_ratio: 0.01
decay_min_factor: 0.01
bandwith_kernel: None
no_interact: False
avg_score: -1178.719970703125
median_score: -1178.5
std_score: 59.7821159362793
percentiles: 2%=-1325.1199951171875, 5%=-1283.449951171875, 10%=-1251.0, 25%=-1211.0, 50%=-1178.5, 75%=-1138.5, 90%=-1102.9000244140625, 95%=-1084.9000244140625, 98%=-1079.3800048828125
ranking_best_algo: Tabu
ranking_best_score: 1216.16
ranking_my_rank: 70/504 (86.3%)
ranking_my_percent: 86.30952380952381
