ConfigName: kjsd__advperagentrankweighted__M2__L20__eps0p005__g0p0005__ds0p1__dm0p05
Problem: QUBO
Kernel: jsd
Advantage: peragentrankweighted
M: 2
lambda: 20
epsilon_svgd: 0.005
gamma: 0.0005
decay_start_ratio: 0.1
decay_min_factor: 0.05
bandwith_kernel: None
no_interact: False
avg_score: -1625.47998046875
median_score: -1619.5
std_score: 64.07768249511719
percentiles: 2%=-1780.300048828125, 5%=-1740.0, 10%=-1705.4000244140625, 25%=-1660.25, 50%=-1619.5, 75%=-1576.5, 90%=-1551.699951171875, 95%=-1538.949951171875, 98%=-1525.4200439453125
ranking_best_algo: NLOPT_LN_PRAXIS
ranking_best_score: 1607.12
ranking_my_rank: 1/504 (100.0%)
ranking_my_percent: 100.0
