ConfigName: kfr__advglobalrankweighted__M4__L13__eps0p06__g0p001__ds0p01__dm0p01
Problem: QUBO
Kernel: fr
Advantage: globalrankweighted
M: 4
lambda: 13
epsilon_svgd: 0.06
gamma: 0.001
decay_start_ratio: 0.01
decay_min_factor: 0.01
bandwith_kernel: None
no_interact: False
avg_score: -2353.5
median_score: -2330.5
std_score: 121.50863647460938
percentiles: 2%=-2645.659912109375, 5%=-2574.300048828125, 10%=-2526.10009765625, 25%=-2430.75, 50%=-2330.5, 75%=-2263.5, 90%=-2229.89990234375, 95%=-2196.85009765625, 98%=-2156.89990234375
ranking_best_algo: SVM1MetaModelLogNormal
ranking_best_score: 2605.14
ranking_my_rank: 136/504 (73.2%)
ranking_my_percent: 73.21428571428571
