ConfigName: krbf__advnormalizedfitness__M4__L8__eps0p025__g0p015__ds0p15__dm0p3
Problem: NK
Kernel: rbf
Advantage: normalizedfitness
M: 4
lambda: 8
epsilon_svgd: 0.025
gamma: 0.015
decay_start_ratio: 0.15
decay_min_factor: 0.3
bandwith_kernel: None
no_interact: False
avg_score: 0.7060215473175049
median_score: 0.7078155875205994
std_score: 0.016233770176768303
percentiles: 2%=0.662679135799408, 5%=0.6653041839599609, 10%=0.6909471154212952, 25%=0.6999551057815552, 50%=0.7078155875205994, 75%=0.7161656618118286, 90%=0.7235442996025085, 95%=0.7277675271034241, 98%=0.7293941974639893
ranking_best_algo: CMApara
ranking_best_score: 0.707475975
ranking_my_rank: 5/504 (99.2%)
ranking_my_percent: 99.2063492063492
