ConfigName: krbf__advnormalizedfitness__M3__L10__eps0p033__g0p007__ds0p15__dm0p3
Problem: QUBO
Kernel: rbf
Advantage: normalizedfitness
M: 3
lambda: 10
epsilon_svgd: 0.033
gamma: 0.007
decay_start_ratio: 0.15
decay_min_factor: 0.3
bandwith_kernel: None
no_interact: False
avg_score: -1221.1800537109375
median_score: -1215.5
std_score: 61.24334716796875
percentiles: 2%=-1342.4200439453125, 5%=-1317.0999755859375, 10%=-1307.5999755859375, 25%=-1269.5, 50%=-1215.5, 75%=-1177.0, 90%=-1143.0999755859375, 95%=-1129.8499755859375, 98%=-1120.919921875
ranking_best_algo: SVMMetaModelLogNormal
ranking_best_score: 1233.7999999999997
ranking_my_rank: 40/504 (92.3%)
ranking_my_percent: 92.26190476190476
