ConfigName: krbf__advnormalizedfitness__M4__L12__eps0p033__g0p005__ds0p15__dm0p01
Problem: QUBO
Kernel: rbf
Advantage: normalizedfitness
M: 4
lambda: 12
epsilon_svgd: 0.033
gamma: 0.005
decay_start_ratio: 0.15
decay_min_factor: 0.01
bandwith_kernel: None
no_interact: False
avg_score: -430.29998779296875
median_score: -430.5
std_score: 27.110700607299805
percentiles: 2%=-481.0400085449219, 5%=-479.0, 10%=-467.3999938964844, 25%=-448.5, 50%=-430.5, 75%=-411.75, 90%=-397.0, 95%=-385.9000244140625, 98%=-379.91998291015625
ranking_best_algo: CMAL3
ranking_best_score: 435.36
ranking_my_rank: 8/504 (98.6%)
ranking_my_percent: 98.61111111111111
