ConfigName: kjsd__advperagentrankweighted__M3__L30__eps0p007__g0p001__ds0p1__dm0p2
Problem: QUBO
Kernel: jsd
Advantage: peragentrankweighted
M: 3
lambda: 30
epsilon_svgd: 0.007
gamma: 0.001
decay_start_ratio: 0.1
decay_min_factor: 0.2
bandwith_kernel: None
no_interact: False
avg_score: -1209.9599609375
median_score: -1207.0
std_score: 67.1840591430664
percentiles: 2%=-1350.3199462890625, 5%=-1327.3499755859375, 10%=-1303.5999755859375, 25%=-1251.25, 50%=-1207.0, 75%=-1160.75, 90%=-1124.800048828125, 95%=-1096.800048828125, 98%=-1090.800048828125
ranking_best_algo: SVMMetaModelLogNormal
ranking_best_score: 1233.7999999999997
ranking_my_rank: 46/504 (91.1%)
ranking_my_percent: 91.07142857142857
