ConfigName: kjsd__advperagentrankweighted__M3__L16__eps0p005__g0p003__ds0p1__dm0p1
Problem: QUBO
Kernel: jsd
Advantage: peragentrankweighted
M: 3
lambda: 16
epsilon_svgd: 0.005
gamma: 0.003
decay_start_ratio: 0.1
decay_min_factor: 0.1
bandwith_kernel: None
no_interact: False
avg_score: -148.17999267578125
median_score: -148.0
std_score: 12.941699981689453
percentiles: 2%=-179.0, 5%=-179.0, 10%=-160.3000030517578, 25%=-155.0, 50%=-148.0, 75%=-139.0, 90%=-133.0, 95%=-129.0, 98%=-124.87999725341797
ranking_best_algo: CMApara
ranking_best_score: 154.28
ranking_my_rank: 86/504 (83.1%)
ranking_my_percent: 83.13492063492063
