ConfigName: kjsd__advperagentrankweighted__M3__L16__eps0p01__g0p003__ds0p05__dm0p2
Problem: QUBO
Kernel: jsd
Advantage: peragentrankweighted
M: 3
lambda: 16
epsilon_svgd: 0.01
gamma: 0.003
decay_start_ratio: 0.05
decay_min_factor: 0.2
bandwith_kernel: None
no_interact: False
avg_score: -139.39999389648438
median_score: -141.0
std_score: 11.433283805847168
percentiles: 2%=-159.02000427246094, 5%=-157.10000610351562, 10%=-156.0, 25%=-146.25, 50%=-141.0, 75%=-130.0, 90%=-125.0, 95%=-119.94999694824219, 98%=-114.9800033569336
ranking_best_algo: DiscreteDE
ranking_best_score: 143.4
ranking_my_rank: 85/504 (83.3%)
ranking_my_percent: 83.33333333333333
