ConfigName: krbf__advnormalizedfitness__M2__L10__eps0p015__g0p01__ds0p01__dm0p01
Problem: QUBO
Kernel: rbf
Advantage: normalizedfitness
M: 2
lambda: 10
epsilon_svgd: 0.015
gamma: 0.01
decay_start_ratio: 0.01
decay_min_factor: 0.01
bandwith_kernel: None
no_interact: False
avg_score: -425.05999755859375
median_score: -423.5
std_score: 29.465852737426758
percentiles: 2%=-479.0, 5%=-477.0, 10%=-467.20001220703125, 25%=-442.0, 50%=-423.5, 75%=-404.25, 90%=-390.79998779296875, 95%=-383.79998779296875, 98%=-367.739990234375
ranking_best_algo: CMAL3
ranking_best_score: 435.36
ranking_my_rank: 29/504 (94.4%)
ranking_my_percent: 94.44444444444444
