ConfigName: kjsd__advperagentrankweighted__M4__L8__eps0p03__g0p0003__ds0p05__dm0p05
Problem: NK
Kernel: jsd
Advantage: peragentrankweighted
M: 4
lambda: 8
epsilon_svgd: 0.03
gamma: 0.0003
decay_start_ratio: 0.05
decay_min_factor: 0.05
bandwith_kernel: None
no_interact: False
avg_score: 0.7109765410423279
median_score: 0.710273265838623
std_score: 0.01514972373843193
percentiles: 2%=0.685250997543335, 5%=0.6908023953437805, 10%=0.6936048865318298, 25%=0.7012612223625183, 50%=0.710273265838623, 75%=0.7187317609786987, 90%=0.7267224788665771, 95%=0.7392643094062805, 98%=0.7552669048309326
ranking_best_algo: Tabu
ranking_best_score: 0.7601875690625
ranking_my_rank: 253/504 (50.0%)
ranking_my_percent: 50.0
