ConfigName: krbf__advnormalizedfitness__M4__L15__eps0p033__g0p01__ds0p3__dm0p01
Problem: NK
Kernel: rbf
Advantage: normalizedfitness
M: 4
lambda: 15
epsilon_svgd: 0.033
gamma: 0.01
decay_start_ratio: 0.3
decay_min_factor: 0.01
bandwith_kernel: None
no_interact: False
avg_score: 0.6305250525474548
median_score: 0.6289726495742798
std_score: 0.015172258019447327
percentiles: 2%=0.6058257222175598, 5%=0.6094755530357361, 10%=0.6123897433280945, 25%=0.6205299496650696, 50%=0.6289726495742798, 75%=0.6380369067192078, 90%=0.646752119064331, 95%=0.6664446592330933, 98%=0.6710172295570374
ranking_best_algo: Tabu
ranking_best_score: 0.7429702712499999
ranking_my_rank: 364/504 (28.0%)
ranking_my_percent: 27.976190476190474
