ConfigName: kjsd__advperagentrankweighted__M5__L10__eps0p01__g0p0005__ds0p05__dm0p2
Problem: QUBO
Kernel: jsd
Advantage: peragentrankweighted
M: 5
lambda: 10
epsilon_svgd: 0.01
gamma: 0.0005
decay_start_ratio: 0.05
decay_min_factor: 0.2
bandwith_kernel: None
no_interact: False
avg_score: -415.0
median_score: -414.0
std_score: 23.45804786682129
percentiles: 2%=-463.0400085449219, 5%=-454.1499938964844, 10%=-443.3999938964844, 25%=-430.25, 50%=-414.0, 75%=-399.75, 90%=-385.79998779296875, 95%=-375.8999938964844, 98%=-369.9200134277344
ranking_best_algo: Tabu
ranking_best_score: 438.12
ranking_my_rank: 51/504 (90.1%)
ranking_my_percent: 90.07936507936508
