ConfigName: kjsd__advperagentrankweighted__M5__L10__eps0p005__g0p0005__ds0p4__dm0p05
Problem: QUBO
Kernel: jsd
Advantage: peragentrankweighted
M: 5
lambda: 10
epsilon_svgd: 0.005
gamma: 0.0005
decay_start_ratio: 0.4
decay_min_factor: 0.05
bandwith_kernel: None
no_interact: False
avg_score: -312.70001220703125
median_score: -312.0
std_score: 39.08541488647461
percentiles: 2%=-398.0400085449219, 5%=-390.0, 10%=-362.0, 25%=-336.0, 50%=-312.0, 75%=-276.75, 90%=-267.79998779296875, 95%=-262.95001220703125, 98%=-252.86000061035156
ranking_best_algo: CMApara
ranking_best_score: 319.29999999999995
ranking_my_rank: 31/504 (94.0%)
ranking_my_percent: 94.04761904761905
