ConfigName: krbf__advnormalizedfitness__M5__L8__eps0p025__g0p005__ds0p05__dm0p05
Problem: QUBO
Kernel: rbf
Advantage: normalizedfitness
M: 5
lambda: 8
epsilon_svgd: 0.025
gamma: 0.005
decay_start_ratio: 0.05
decay_min_factor: 0.05
bandwith_kernel: None
no_interact: False
avg_score: -333.5
median_score: -338.0
std_score: 19.02288055419922
percentiles: 2%=-372.0, 5%=-361.1499938964844, 10%=-355.20001220703125, 25%=-343.75, 50%=-338.0, 75%=-321.5, 90%=-307.70001220703125, 95%=-298.8500061035156, 98%=-291.9599914550781
ranking_best_algo: CMApara
ranking_best_score: 344.22
ranking_my_rank: 64/504 (87.5%)
ranking_my_percent: 87.5
