ConfigName: kjsd__advperagentrankweighted__M5__L10__eps0p005__g0p0007__ds0p4__dm0p05
Problem: NK
Kernel: jsd
Advantage: peragentrankweighted
M: 5
lambda: 10
epsilon_svgd: 0.005
gamma: 0.0007
decay_start_ratio: 0.4
decay_min_factor: 0.05
bandwith_kernel: None
no_interact: False
avg_score: 0.6876746416091919
median_score: 0.6864312887191772
std_score: 0.010696150362491608
percentiles: 2%=0.6701921820640564, 5%=0.6746250987052917, 10%=0.6751958131790161, 25%=0.6797817945480347, 50%=0.6864312887191772, 75%=0.6936191916465759, 90%=0.7013071179389954, 95%=0.7058257460594177, 98%=0.7095038890838623
ranking_best_algo: PBIL
ranking_best_score: 0.7170882103515624
ranking_my_rank: 130/504 (74.4%)
ranking_my_percent: 74.4047619047619
