ConfigName: kjsd__advperagentrankweighted__M3__L18__eps0p005__g0p003__ds0p1__dm0p05
Problem: QUBO
Kernel: jsd
Advantage: peragentrankweighted
M: 3
lambda: 18
epsilon_svgd: 0.005
gamma: 0.003
decay_start_ratio: 0.1
decay_min_factor: 0.05
bandwith_kernel: None
no_interact: False
avg_score: -1090.8599853515625
median_score: -1096.0
std_score: 83.26800537109375
percentiles: 2%=-1252.0799560546875, 5%=-1224.699951171875, 10%=-1201.300048828125, 25%=-1144.0, 50%=-1096.0, 75%=-1033.0, 90%=-988.7000122070312, 95%=-963.9000244140625, 98%=-920.7999877929688
ranking_best_algo: SVMMetaModelLogNormal
ranking_best_score: 1233.7999999999997
ranking_my_rank: 156/504 (69.2%)
ranking_my_percent: 69.24603174603175
