ConfigName: kjsd__advperagentrankweighted__M3__L18__eps0p005__g0p001__ds0p05__dm0p05
Problem: NK
Kernel: jsd
Advantage: peragentrankweighted
M: 3
lambda: 18
epsilon_svgd: 0.005
gamma: 0.001
decay_start_ratio: 0.05
decay_min_factor: 0.05
bandwith_kernel: None
no_interact: False
avg_score: 0.715008020401001
median_score: 0.7146764993667603
std_score: 0.009335357695817947
percentiles: 2%=0.6983146071434021, 5%=0.7003978490829468, 10%=0.7037615180015564, 25%=0.7085453271865845, 50%=0.7146764993667603, 75%=0.7217223644256592, 90%=0.7269194722175598, 95%=0.731035590171814, 98%=0.7332863807678223
ranking_best_algo: PBIL
ranking_best_score: 0.7170882103515624
ranking_my_rank: 40/504 (92.3%)
ranking_my_percent: 92.26190476190476
