ConfigName: kjsd__advperagentrankweighted__M5__L24__eps0p03__g0p0007__ds0p2__dm0p05
Problem: NK
Kernel: jsd
Advantage: peragentrankweighted
M: 5
lambda: 24
epsilon_svgd: 0.03
gamma: 0.0007
decay_start_ratio: 0.2
decay_min_factor: 0.05
bandwith_kernel: None
no_interact: False
avg_score: 0.7441717386245728
median_score: 0.7422710657119751
std_score: 0.028576591983437538
percentiles: 2%=0.6934120655059814, 5%=0.7091422080993652, 10%=0.7121694684028625, 25%=0.7207620143890381, 50%=0.7422710657119751, 75%=0.7580187320709229, 90%=0.7770727276802063, 95%=0.8047558665275574, 98%=0.8118547797203064
ranking_best_algo: CMApara
ranking_best_score: 0.7459277895312499
ranking_my_rank: 6/504 (99.0%)
ranking_my_percent: 99.0079365079365
