ConfigName: kjsd__advperagentrankweighted__M4__L12__eps0p03__g0p0005__ds0p2__dm0p05
Problem: NK
Kernel: jsd
Advantage: peragentrankweighted
M: 4
lambda: 12
epsilon_svgd: 0.03
gamma: 0.0005
decay_start_ratio: 0.2
decay_min_factor: 0.05
bandwith_kernel: None
no_interact: False
avg_score: 0.7266858816146851
median_score: 0.7269503474235535
std_score: 0.013649634085595608
percentiles: 2%=0.7028328776359558, 5%=0.7056099772453308, 10%=0.7095623016357422, 25%=0.7159194946289062, 50%=0.7269503474235535, 75%=0.7349261045455933, 90%=0.7423502802848816, 95%=0.7520390748977661, 98%=0.7574934363365173
ranking_best_algo: Tabu
ranking_best_score: 0.7601875690625
ranking_my_rank: 61/504 (88.1%)
ranking_my_percent: 88.0952380952381
