ConfigName: krbf__advnormalizedfitness__M2__L10__eps0p015__g0p015__ds0p15__dm0p01
Problem: QUBO
Kernel: rbf
Advantage: normalizedfitness
M: 2
lambda: 10
epsilon_svgd: 0.015
gamma: 0.015
decay_start_ratio: 0.15
decay_min_factor: 0.01
bandwith_kernel: None
no_interact: False
avg_score: -439.760009765625
median_score: -442.0
std_score: 29.113954544067383
percentiles: 2%=-492.1199951171875, 5%=-485.3500061035156, 10%=-477.0, 25%=-459.5, 50%=-442.0, 75%=-422.25, 90%=-395.79998779296875, 95%=-387.79998779296875, 98%=-381.9599914550781
ranking_best_algo: CMApara
ranking_best_score: 453.82
ranking_my_rank: 16/504 (97.0%)
ranking_my_percent: 97.02380952380952
