ConfigName: krbf__advnormalizedfitness__M3__L8__eps0p015__g0p007__ds0p15__dm0p01
Problem: QUBO
Kernel: rbf
Advantage: normalizedfitness
M: 3
lambda: 8
epsilon_svgd: 0.015
gamma: 0.007
decay_start_ratio: 0.15
decay_min_factor: 0.01
bandwith_kernel: None
no_interact: False
avg_score: -441.4800109863281
median_score: -443.5
std_score: 25.848201751708984
percentiles: 2%=-489.05999755859375, 5%=-481.1499938964844, 10%=-471.1000061035156, 25%=-461.25, 50%=-443.5, 75%=-423.75, 90%=-406.5, 95%=-396.0, 98%=-391.8199462890625
ranking_best_algo: CMApara
ranking_best_score: 453.82
ranking_my_rank: 11/504 (98.0%)
ranking_my_percent: 98.01587301587301
