ConfigName: kjsd__advperagentrankweighted__M5__L10__eps0p03__g0p0003__ds0p2__dm0p05
Problem: QUBO
Kernel: jsd
Advantage: peragentrankweighted
M: 5
lambda: 10
epsilon_svgd: 0.03
gamma: 0.0003
decay_start_ratio: 0.2
decay_min_factor: 0.05
bandwith_kernel: None
no_interact: False
avg_score: -2483.6201171875
median_score: -2471.5
std_score: 120.78931427001953
percentiles: 2%=-2731.06005859375, 5%=-2688.199951171875, 10%=-2649.39990234375, 25%=-2573.0, 50%=-2471.5, 75%=-2386.5, 90%=-2340.5, 95%=-2309.300048828125, 98%=-2265.43994140625
ranking_best_algo: SVM1MetaModelLogNormal
ranking_best_score: 2605.14
ranking_my_rank: 72/504 (85.9%)
ranking_my_percent: 85.91269841269842
