ConfigName: kfr__advglobalrankweighted__M4__L5__eps0p01__g0p003__ds0p01__dm0p01
Problem: QUBO
Kernel: fr
Advantage: globalrankweighted
M: 4
lambda: 5
epsilon_svgd: 0.01
gamma: 0.003
decay_start_ratio: 0.01
decay_min_factor: 0.01
bandwith_kernel: None
no_interact: False
avg_score: -1658.8399658203125
median_score: -1654.0
std_score: 61.78603744506836
percentiles: 2%=-1780.4000244140625, 5%=-1756.050048828125, 10%=-1732.5, 25%=-1708.25, 50%=-1654.0, 75%=-1624.75, 90%=-1579.0, 95%=-1556.60009765625, 98%=-1544.2398681640625
ranking_best_algo: NLOPT_LN_PRAXIS
ranking_best_score: 1607.12
ranking_my_rank: 1/504 (100.0%)
ranking_my_percent: 100.0
