ConfigName: krbf__advnormalizedfitness__M3__L8__eps0p03__g0p005__ds0p15__dm0p05
Problem: NK
Kernel: rbf
Advantage: normalizedfitness
M: 3
lambda: 8
epsilon_svgd: 0.03
gamma: 0.005
decay_start_ratio: 0.15
decay_min_factor: 0.05
bandwith_kernel: None
no_interact: False
avg_score: 0.7333524227142334
median_score: 0.7340248823165894
std_score: 0.008617358282208443
percentiles: 2%=0.7162009477615356, 5%=0.7189266681671143, 10%=0.7203267812728882, 25%=0.7281079292297363, 50%=0.7340248823165894, 75%=0.7398493885993958, 90%=0.7434377074241638, 95%=0.746453583240509, 98%=0.7479361891746521
ranking_best_algo: PBIL
ranking_best_score: 0.7248786399609374
ranking_my_rank: 1/504 (100.0%)
ranking_my_percent: 100.0
