ConfigName: krbf__advnormalizedfitness__M4__L12__eps0p025__g0p005__ds0p15__dm0p3
Problem: QUBO
Kernel: rbf
Advantage: normalizedfitness
M: 4
lambda: 12
epsilon_svgd: 0.025
gamma: 0.005
decay_start_ratio: 0.15
decay_min_factor: 0.3
bandwith_kernel: None
no_interact: False
avg_score: -566.9400024414062
median_score: -568.5
std_score: 31.454669952392578
percentiles: 2%=-629.0399780273438, 5%=-613.2000122070312, 10%=-608.0, 25%=-589.25, 50%=-568.5, 75%=-543.25, 90%=-528.0, 95%=-517.800048828125, 98%=-509.73992919921875
ranking_best_algo: Tabu
ranking_best_score: 588.7199999999999
ranking_my_rank: 84/503 (83.5%)
ranking_my_percent: 83.49900596421472
