ConfigName: kjsd__advperagentrankweighted__M3__L18__eps0p005__g0p001__ds0p05__dm0p1
Problem: QUBO
Kernel: jsd
Advantage: peragentrankweighted
M: 3
lambda: 18
epsilon_svgd: 0.005
gamma: 0.001
decay_start_ratio: 0.05
decay_min_factor: 0.1
bandwith_kernel: None
no_interact: False
avg_score: -309.6600036621094
median_score: -311.0
std_score: 36.87769317626953
percentiles: 2%=-392.0400085449219, 5%=-386.1000061035156, 10%=-355.79998779296875, 25%=-332.0, 50%=-311.0, 75%=-277.75, 90%=-269.0, 95%=-265.8500061035156, 98%=-258.9800109863281
ranking_best_algo: CMApara
ranking_best_score: 319.29999999999995
ranking_my_rank: 72/504 (85.9%)
ranking_my_percent: 85.91269841269842
