ConfigName: kjsd__advperagentrankweighted__M3__L18__eps0p007__g0p0007__ds0p2__dm0p2
Problem: NK
Kernel: jsd
Advantage: peragentrankweighted
M: 3
lambda: 18
epsilon_svgd: 0.007
gamma: 0.0007
decay_start_ratio: 0.2
decay_min_factor: 0.2
bandwith_kernel: None
no_interact: False
avg_score: 0.7561845183372498
median_score: 0.755786657333374
std_score: 0.012896168977022171
percentiles: 2%=0.7329924702644348, 5%=0.7369813323020935, 10%=0.739770770072937, 25%=0.7464196681976318, 50%=0.755786657333374, 75%=0.7649168968200684, 90%=0.7738616466522217, 95%=0.7789790630340576, 98%=0.7817668318748474
ranking_best_algo: Tabu
ranking_best_score: 0.7470791764843752
ranking_my_rank: 1/504 (100.0%)
ranking_my_percent: 100.0
