ConfigName: kfr__advglobalrankweighted__M2__L10__eps0p02__g0p005__ds0p01__dm0p01
Problem: QUBO
Kernel: fr
Advantage: globalrankweighted
M: 2
lambda: 10
epsilon_svgd: 0.02
gamma: 0.005
decay_start_ratio: 0.01
decay_min_factor: 0.01
bandwith_kernel: None
no_interact: False
avg_score: -2624.10009765625
median_score: -2635.0
std_score: 118.98954010009766
percentiles: 2%=-2869.080078125, 5%=-2815.300048828125, 10%=-2769.300048828125, 25%=-2705.5, 50%=-2635.0, 75%=-2531.5, 90%=-2473.300048828125, 95%=-2450.300048828125, 98%=-2372.89990234375
ranking_best_algo: DiscreteLengler2OnePlusOne
ranking_best_score: 2617.04
ranking_my_rank: 1/504 (100.0%)
ranking_my_percent: 100.0
