ConfigName: kjsd__advperagentrankweighted__M3__L20__eps0p007__g0p003__ds0p1__dm0p1
Problem: QUBO
Kernel: jsd
Advantage: peragentrankweighted
M: 3
lambda: 20
epsilon_svgd: 0.007
gamma: 0.003
decay_start_ratio: 0.1
decay_min_factor: 0.1
bandwith_kernel: None
no_interact: False
avg_score: -2974.89990234375
median_score: -3002.5
std_score: 163.8951873779297
percentiles: 2%=-3282.080078125, 5%=-3227.199951171875, 10%=-3178.60009765625, 25%=-3090.5, 50%=-3002.5, 75%=-2837.75, 90%=-2777.10009765625, 95%=-2715.39990234375, 98%=-2675.43994140625
ranking_best_algo: RLSOnePlusOne
ranking_best_score: 3316.5199999999995
ranking_my_rank: 131/504 (74.2%)
ranking_my_percent: 74.2063492063492
