ConfigName: kjsd__advperagentrankweighted__M3__L30__eps0p005__g0p0005__ds0p2__dm0p1
Problem: QUBO
Kernel: jsd
Advantage: peragentrankweighted
M: 3
lambda: 30
epsilon_svgd: 0.005
gamma: 0.0005
decay_start_ratio: 0.2
decay_min_factor: 0.1
bandwith_kernel: None
no_interact: False
avg_score: -1190.9599609375
median_score: -1188.0
std_score: 56.59450912475586
percentiles: 2%=-1335.280029296875, 5%=-1291.300048828125, 10%=-1259.5, 25%=-1224.25, 50%=-1188.0, 75%=-1146.0, 90%=-1120.800048828125, 95%=-1110.949951171875, 98%=-1102.93994140625
ranking_best_algo: Tabu
ranking_best_score: 1216.16
ranking_my_rank: 53/504 (89.7%)
ranking_my_percent: 89.68253968253968
