ConfigName: krbf__advnormalizedfitness__M4__L12__eps0p015__g0p005__ds0p15__dm0p01
Problem: QUBO
Kernel: rbf
Advantage: normalizedfitness
M: 4
lambda: 12
epsilon_svgd: 0.015
gamma: 0.005
decay_start_ratio: 0.15
decay_min_factor: 0.01
bandwith_kernel: None
no_interact: False
avg_score: -441.5400085449219
median_score: -443.0
std_score: 23.219568252563477
percentiles: 2%=-485.05999755859375, 5%=-481.1499938964844, 10%=-468.20001220703125, 25%=-457.0, 50%=-443.0, 75%=-425.75, 90%=-409.8999938964844, 95%=-399.95001220703125, 98%=-394.9599914550781
ranking_best_algo: CMApara
ranking_best_score: 453.82
ranking_my_rank: 11/504 (98.0%)
ranking_my_percent: 98.01587301587301
