ConfigName: krbf__advnormalizedfitness__M4__L8__eps0p015__g0p005__ds0p01__dm0p01
Problem: QUBO
Kernel: rbf
Advantage: normalizedfitness
M: 4
lambda: 8
epsilon_svgd: 0.015
gamma: 0.005
decay_start_ratio: 0.01
decay_min_factor: 0.01
bandwith_kernel: None
no_interact: False
avg_score: -2514.679931640625
median_score: -2524.0
std_score: 141.30484008789062
percentiles: 2%=-2752.06005859375, 5%=-2734.300048828125, 10%=-2714.199951171875, 25%=-2633.25, 50%=-2524.0, 75%=-2397.5, 90%=-2328.800048828125, 95%=-2273.89990234375, 98%=-2245.599853515625
ranking_best_algo: DiscreteLengler2OnePlusOne
ranking_best_score: 2617.04
ranking_my_rank: 64/504 (87.5%)
ranking_my_percent: 87.5
