ConfigName: krbf__advnormalizedfitness__M4__L8__eps0p015__g0p005__ds0p3__dm0p01
Problem: NK
Kernel: rbf
Advantage: normalizedfitness
M: 4
lambda: 8
epsilon_svgd: 0.015
gamma: 0.005
decay_start_ratio: 0.3
decay_min_factor: 0.01
bandwith_kernel: None
no_interact: False
avg_score: 0.7290796637535095
median_score: 0.7299301624298096
std_score: 0.00939946249127388
percentiles: 2%=0.7112827301025391, 5%=0.713184654712677, 10%=0.7158962488174438, 25%=0.7216321229934692, 50%=0.7299301624298096, 75%=0.7356907725334167, 90%=0.7408448457717896, 95%=0.743655264377594, 98%=0.7454352974891663
ranking_best_algo: PBIL
ranking_best_score: 0.7248786399609374
ranking_my_rank: 1/504 (100.0%)
ranking_my_percent: 100.0
