ConfigName: kjsd__advperagentrankweighted__M3__L18__eps0p01__g0p001__ds0p2__dm0p1
Problem: NK
Kernel: jsd
Advantage: peragentrankweighted
M: 3
lambda: 18
epsilon_svgd: 0.01
gamma: 0.001
decay_start_ratio: 0.2
decay_min_factor: 0.1
bandwith_kernel: None
no_interact: False
avg_score: 0.7352720499038696
median_score: 0.7370582222938538
std_score: 0.008236509747803211
percentiles: 2%=0.7185380458831787, 5%=0.7204719185829163, 10%=0.7214407920837402, 25%=0.7304185628890991, 50%=0.7370582222938538, 75%=0.742475688457489, 90%=0.7445339560508728, 95%=0.7461938261985779, 98%=0.7473499178886414
ranking_best_algo: PBIL
ranking_best_score: 0.7248786399609374
ranking_my_rank: 1/504 (100.0%)
ranking_my_percent: 100.0
