ConfigName: kjsd__advperagentrankweighted__M4__L12__eps0p005__g0p0007__ds0p2__dm0p2
Problem: QUBO
Kernel: jsd
Advantage: peragentrankweighted
M: 4
lambda: 12
epsilon_svgd: 0.005
gamma: 0.0007
decay_start_ratio: 0.2
decay_min_factor: 0.2
bandwith_kernel: None
no_interact: False
avg_score: -914.280029296875
median_score: -914.5
std_score: 61.32097244262695
percentiles: 2%=-1034.0400390625, 5%=-1018.5999755859375, 10%=-1002.0, 25%=-956.25, 50%=-914.5, 75%=-871.75, 90%=-837.0999755859375, 95%=-810.7000122070312, 98%=-795.9400024414062
ranking_best_algo: CMAL3
ranking_best_score: 928.5800000000002
ranking_my_rank: 17/504 (96.8%)
ranking_my_percent: 96.82539682539682
