ConfigName: krbf__advglobalrankweighted__M4__L11__eps0p015__g0p005__ds0p01__dm0p01
Problem: QUBO
Kernel: rbf
Advantage: globalrankweighted
M: 4
lambda: 11
epsilon_svgd: 0.015
gamma: 0.005
decay_start_ratio: 0.01
decay_min_factor: 0.01
bandwith_kernel: None
no_interact: False
avg_score: -310.44000244140625
median_score: -312.0
std_score: 39.66164779663086
percentiles: 2%=-398.0, 5%=-386.20001220703125, 10%=-361.3999938964844, 25%=-336.5, 50%=-312.0, 75%=-275.0, 90%=-267.79998779296875, 95%=-258.95001220703125, 98%=-250.91998291015625
ranking_best_algo: CMApara
ranking_best_score: 319.29999999999995
ranking_my_rank: 59/504 (88.5%)
ranking_my_percent: 88.4920634920635
