ConfigName: kjsd__advperagentrankweighted__M8__L12__eps0p008__g0p0005__ds0p3__dm0p05
Problem: QUBO
Kernel: jsd
Advantage: peragentrankweighted
M: 8
lambda: 12
epsilon_svgd: 0.008
gamma: 0.0005
decay_start_ratio: 0.3
decay_min_factor: 0.05
bandwith_kernel: None
no_interact: False
avg_score: -141.83999633789062
median_score: -143.0
std_score: 10.417984962463379
percentiles: 2%=-160.0, 5%=-159.0, 10%=-158.0, 25%=-149.25, 50%=-143.0, 75%=-133.75, 90%=-127.0, 95%=-125.94999694824219, 98%=-123.0
ranking_best_algo: DiscreteDE
ranking_best_score: 143.4
ranking_my_rank: 52/504 (89.9%)
ranking_my_percent: 89.88095238095238
