ConfigName: krbf__advnormalizedfitness__M4__L12__eps0p033__g0p005__ds0p3__dm0p01
Problem: QUBO
Kernel: rbf
Advantage: normalizedfitness
M: 4
lambda: 12
epsilon_svgd: 0.033
gamma: 0.005
decay_start_ratio: 0.3
decay_min_factor: 0.01
bandwith_kernel: None
no_interact: False
avg_score: -3116.43994140625
median_score: -3099.5
std_score: 186.67889404296875
percentiles: 2%=-3496.219970703125, 5%=-3373.449951171875, 10%=-3339.10009765625, 25%=-3258.75, 50%=-3099.5, 75%=-2987.75, 90%=-2881.800048828125, 95%=-2797.10009765625, 98%=-2775.8798828125
ranking_best_algo: RLSOnePlusOne
ranking_best_score: 3316.5199999999995
ranking_my_rank: 79/504 (84.5%)
ranking_my_percent: 84.52380952380952
