ConfigName: kjsd__advperagentrankweighted__M3__L30__eps0p005__g0p001__ds0p1__dm0p05
Problem: QUBO
Kernel: jsd
Advantage: peragentrankweighted
M: 3
lambda: 30
epsilon_svgd: 0.005
gamma: 0.001
decay_start_ratio: 0.1
decay_min_factor: 0.05
bandwith_kernel: None
no_interact: False
avg_score: -578.739990234375
median_score: -575.5
std_score: 30.46132469177246
percentiles: 2%=-637.0, 5%=-629.2999877929688, 10%=-622.2999877929688, 25%=-603.0, 50%=-575.5, 75%=-555.75, 90%=-540.7999877929688, 95%=-532.9000244140625, 98%=-525.8800048828125
ranking_best_algo: Tabu
ranking_best_score: 588.7199999999999
ranking_my_rank: 41/503 (92.0%)
ranking_my_percent: 92.04771371769384
