ConfigName: kjsd__advperagentrankweighted__M8__L10__eps0p008__g0p0005__ds0p3__dm0p05
Problem: QUBO
Kernel: jsd
Advantage: peragentrankweighted
M: 8
lambda: 10
epsilon_svgd: 0.008
gamma: 0.0005
decay_start_ratio: 0.3
decay_min_factor: 0.05
bandwith_kernel: None
no_interact: False
avg_score: -1196.8399658203125
median_score: -1192.5
std_score: 61.640201568603516
percentiles: 2%=-1323.719970703125, 5%=-1288.8499755859375, 10%=-1279.4000244140625, 25%=-1232.5, 50%=-1192.5, 75%=-1160.25, 90%=-1121.4000244140625, 95%=-1089.8499755859375, 98%=-1068.9599609375
ranking_best_algo: Tabu
ranking_best_score: 1216.16
ranking_my_rank: 46/504 (91.1%)
ranking_my_percent: 91.07142857142857
