ConfigName: krbf__advnormalizedfitness__M4__L12__eps0p015__g0p01__ds0p15__dm0p3
Problem: NK
Kernel: rbf
Advantage: normalizedfitness
M: 4
lambda: 12
epsilon_svgd: 0.015
gamma: 0.01
decay_start_ratio: 0.15
decay_min_factor: 0.3
bandwith_kernel: None
no_interact: False
avg_score: 0.7097817063331604
median_score: 0.6989209055900574
std_score: 0.03218045458197594
percentiles: 2%=0.671949028968811, 5%=0.6731404066085815, 10%=0.6743062138557434, 25%=0.6799235939979553, 50%=0.6989209055900574, 75%=0.7445805072784424, 90%=0.7524146437644958, 95%=0.760871171951294, 98%=0.7613165378570557
ranking_best_algo: CMApara
ranking_best_score: 0.7118996098437498
ranking_my_rank: 48/504 (90.7%)
ranking_my_percent: 90.67460317460318
