ConfigName: kjsd__advperagentrankweighted__M3__L30__eps0p005__g0p0005__ds0p1__dm0p05
Problem: QUBO
Kernel: jsd
Advantage: peragentrankweighted
M: 3
lambda: 30
epsilon_svgd: 0.005
gamma: 0.0005
decay_start_ratio: 0.1
decay_min_factor: 0.05
bandwith_kernel: None
no_interact: False
avg_score: -329.3399963378906
median_score: -334.0
std_score: 20.814523696899414
percentiles: 2%=-372.0, 5%=-357.20001220703125, 10%=-353.1000061035156, 25%=-342.0, 50%=-334.0, 75%=-317.5, 90%=-298.8999938964844, 95%=-292.0, 98%=-289.79998779296875
ranking_best_algo: CMApara
ranking_best_score: 344.22
ranking_my_rank: 81/504 (84.1%)
ranking_my_percent: 84.12698412698413
