ConfigName: kjsd__advperagentrankweighted__M5__L10__eps0p005__g0p0007__ds0p05__dm0p05
Problem: QUBO
Kernel: jsd
Advantage: peragentrankweighted
M: 5
lambda: 10
epsilon_svgd: 0.005
gamma: 0.0007
decay_start_ratio: 0.05
decay_min_factor: 0.05
bandwith_kernel: None
no_interact: False
avg_score: -924.1199951171875
median_score: -922.0
std_score: 64.25578308105469
percentiles: 2%=-1042.239990234375, 5%=-1032.050048828125, 10%=-1013.7000122070312, 25%=-971.0, 50%=-922.0, 75%=-878.75, 90%=-845.0, 95%=-824.9000244140625, 98%=-795.5399780273438
ranking_best_algo: CMAL3
ranking_best_score: 928.5800000000002
ranking_my_rank: 3/504 (99.6%)
ranking_my_percent: 99.60317460317461
