ConfigName: krbf__advnormalizedfitness__M3__L8__eps0p03__g0p005__ds0p05__dm0p05
Problem: NK
Kernel: rbf
Advantage: normalizedfitness
M: 3
lambda: 8
epsilon_svgd: 0.03
gamma: 0.005
decay_start_ratio: 0.05
decay_min_factor: 0.05
bandwith_kernel: None
no_interact: False
avg_score: 0.7353145480155945
median_score: 0.7364171147346497
std_score: 0.00939253531396389
percentiles: 2%=0.7177878618240356, 5%=0.720238447189331, 10%=0.7215292453765869, 25%=0.7280853986740112, 50%=0.7364171147346497, 75%=0.7421289682388306, 90%=0.74667888879776, 95%=0.7473521828651428, 98%=0.7520525455474854
ranking_best_algo: PBIL
ranking_best_score: 0.730509098125
ranking_my_rank: 1/504 (100.0%)
ranking_my_percent: 100.0
