ConfigName: krbf__advnormalizedfitness__M4__L10__eps0p015__g0p01__ds0p15__dm0p01
Problem: NK
Kernel: rbf
Advantage: normalizedfitness
M: 4
lambda: 10
epsilon_svgd: 0.015
gamma: 0.01
decay_start_ratio: 0.15
decay_min_factor: 0.01
bandwith_kernel: None
no_interact: False
avg_score: 0.7325377464294434
median_score: 0.7331017851829529
std_score: 0.019907943904399872
percentiles: 2%=0.6924953460693359, 5%=0.7026119828224182, 10%=0.7069531083106995, 25%=0.718193769454956, 50%=0.7331017851829529, 75%=0.7457290887832642, 90%=0.7617874145507812, 95%=0.7641028165817261, 98%=0.7697440981864929
ranking_best_algo: Tabu
ranking_best_score: 0.7470791764843752
ranking_my_rank: 25/504 (95.2%)
ranking_my_percent: 95.23809523809524
