ConfigName: kjsd__advperagentrankweighted__M4__L12__eps0p005__g0p0005__ds0p05__dm0p2
Problem: QUBO
Kernel: jsd
Advantage: peragentrankweighted
M: 4
lambda: 12
epsilon_svgd: 0.005
gamma: 0.0005
decay_start_ratio: 0.05
decay_min_factor: 0.2
bandwith_kernel: None
no_interact: False
avg_score: -201.60000610351562
median_score: -202.5
std_score: 12.595237731933594
percentiles: 2%=-224.0, 5%=-224.0, 10%=-218.0, 25%=-211.0, 50%=-202.5, 75%=-194.75, 90%=-183.8000030517578, 95%=-178.0, 98%=-175.9600067138672
ranking_best_algo: Tabu
ranking_best_score: 208.36000000000004
ranking_my_rank: 39/504 (92.5%)
ranking_my_percent: 92.46031746031746
