ConfigName: krbf__advnormalizedfitness__M3__L8__eps0p025__g0p005__ds0p3__dm0p01
Problem: QUBO
Kernel: rbf
Advantage: normalizedfitness
M: 3
lambda: 8
epsilon_svgd: 0.025
gamma: 0.005
decay_start_ratio: 0.3
decay_min_factor: 0.01
bandwith_kernel: None
no_interact: False
avg_score: -2573.8798828125
median_score: -2575.0
std_score: 129.84385681152344
percentiles: 2%=-2829.080078125, 5%=-2762.5, 10%=-2721.300048828125, 25%=-2664.25, 50%=-2575.0, 75%=-2500.25, 90%=-2395.199951171875, 95%=-2350.550048828125, 98%=-2325.2197265625
ranking_best_algo: DiscreteLengler2OnePlusOne
ranking_best_score: 2617.04
ranking_my_rank: 49/504 (90.5%)
ranking_my_percent: 90.47619047619048
