ConfigName: krbf__advnormalizedfitness__M4__L15__eps0p02__g0p001__ds0p05__dm0p05
Problem: QUBO
Kernel: rbf
Advantage: normalizedfitness
M: 4
lambda: 15
epsilon_svgd: 0.02
gamma: 0.001
decay_start_ratio: 0.05
decay_min_factor: 0.05
bandwith_kernel: None
no_interact: False
avg_score: -411.7799987792969
median_score: -410.0
std_score: 28.71500587463379
percentiles: 2%=-471.0400085449219, 5%=-469.0, 10%=-449.0, 25%=-429.25, 50%=-410.0, 75%=-392.75, 90%=-379.79998779296875, 95%=-369.8999938964844, 98%=-351.79998779296875
ranking_best_algo: Tabu
ranking_best_score: 438.12
ranking_my_rank: 77/504 (84.9%)
ranking_my_percent: 84.92063492063492
