ConfigName: kjsd__advperagentrankweighted__M6__L10__eps0p008__g0p0005__ds0p05__dm0p05
Problem: NK
Kernel: jsd
Advantage: peragentrankweighted
M: 6
lambda: 10
epsilon_svgd: 0.008
gamma: 0.0005
decay_start_ratio: 0.05
decay_min_factor: 0.05
bandwith_kernel: None
no_interact: False
avg_score: 0.7118191719055176
median_score: 0.6994725465774536
std_score: 0.031496934592723846
percentiles: 2%=0.6726900339126587, 5%=0.6742316484451294, 10%=0.6799325346946716, 25%=0.6838083863258362, 50%=0.6994725465774536, 75%=0.7474179267883301, 90%=0.7540167570114136, 95%=0.7613165378570557, 98%=0.7613165378570557
ranking_best_algo: CMApara
ranking_best_score: 0.7118996098437498
ranking_my_rank: 2/504 (99.8%)
ranking_my_percent: 99.8015873015873
