ConfigName: kjsd__advperagentrankweighted__M3__L18__eps0p01__g0p0007__ds0p1__dm0p05
Problem: NK
Kernel: jsd
Advantage: peragentrankweighted
M: 3
lambda: 18
epsilon_svgd: 0.01
gamma: 0.0007
decay_start_ratio: 0.1
decay_min_factor: 0.05
bandwith_kernel: None
no_interact: False
avg_score: 0.740639865398407
median_score: 0.7395696640014648
std_score: 0.013321010395884514
percentiles: 2%=0.7143121957778931, 5%=0.7173009514808655, 10%=0.7246987819671631, 25%=0.733820378780365, 50%=0.7395696640014648, 75%=0.7484890222549438, 90%=0.7565844655036926, 95%=0.7618052959442139, 98%=0.775472104549408
ranking_best_algo: Tabu
ranking_best_score: 0.7601875690625
ranking_my_rank: 12/504 (97.8%)
ranking_my_percent: 97.81746031746032
