ConfigName: kjsd__advperagentrankweighted__M4__L30__eps0p01__g0p0003__ds0p2__dm0p05
Problem: QUBO
Kernel: jsd
Advantage: peragentrankweighted
M: 4
lambda: 30
epsilon_svgd: 0.01
gamma: 0.0003
decay_start_ratio: 0.2
decay_min_factor: 0.05
bandwith_kernel: None
no_interact: False
avg_score: -582.4199829101562
median_score: -580.5
std_score: 25.409912109375
percentiles: 2%=-631.0399780273438, 5%=-621.2999877929688, 10%=-613.0999755859375, 25%=-601.25, 50%=-580.5, 75%=-562.0, 90%=-553.9000244140625, 95%=-546.9000244140625, 98%=-541.5999755859375
ranking_best_algo: Tabu
ranking_best_score: 588.7199999999999
ranking_my_rank: 9/503 (98.4%)
ranking_my_percent: 98.40954274353876
