ConfigName: krbf__advnormalizedfitness__M4__L10__eps0p015__g0p005__ds0p3__dm0p01
Problem: NK
Kernel: rbf
Advantage: normalizedfitness
M: 4
lambda: 10
epsilon_svgd: 0.015
gamma: 0.005
decay_start_ratio: 0.3
decay_min_factor: 0.01
bandwith_kernel: None
no_interact: False
avg_score: 0.7453271746635437
median_score: 0.7423104643821716
std_score: 0.02799413911998272
percentiles: 2%=0.7024762630462646, 5%=0.7057748436927795, 10%=0.7121025323867798, 25%=0.7225278615951538, 50%=0.7423104643821716, 75%=0.7585474252700806, 90%=0.776766836643219, 95%=0.8046075701713562, 98%=0.8118547797203064
ranking_best_algo: CMApara
ranking_best_score: 0.7459277895312499
ranking_my_rank: 2/504 (99.8%)
ranking_my_percent: 99.8015873015873
