ConfigName: kjsd__advperagentrankweighted__M4__L24__eps0p01__g0p0007__ds0p4__dm0p05
Problem: QUBO
Kernel: jsd
Advantage: peragentrankweighted
M: 4
lambda: 24
epsilon_svgd: 0.01
gamma: 0.0007
decay_start_ratio: 0.4
decay_min_factor: 0.05
bandwith_kernel: None
no_interact: False
avg_score: -2553.800048828125
median_score: -2547.5
std_score: 122.19493865966797
percentiles: 2%=-2795.080078125, 5%=-2760.800048828125, 10%=-2720.10009765625, 25%=-2646.0, 50%=-2547.5, 75%=-2460.0, 90%=-2392.0, 95%=-2372.949951171875, 98%=-2345.8798828125
ranking_best_algo: SVM1MetaModelLogNormal
ranking_best_score: 2605.14
ranking_my_rank: 41/504 (92.1%)
ranking_my_percent: 92.06349206349206
