ConfigName: krbf__advnormalizedfitness__M3__L10__eps0p025__g0p015__ds0p15__dm0p3
Problem: NK
Kernel: rbf
Advantage: normalizedfitness
M: 3
lambda: 10
epsilon_svgd: 0.025
gamma: 0.015
decay_start_ratio: 0.15
decay_min_factor: 0.3
bandwith_kernel: None
no_interact: False
avg_score: 0.7094447612762451
median_score: 0.7097952365875244
std_score: 0.010555860586464405
percentiles: 2%=0.6873968243598938, 5%=0.6920580267906189, 10%=0.6941245794296265, 25%=0.7021614909172058, 50%=0.7097952365875244, 75%=0.7175891399383545, 90%=0.7223829030990601, 95%=0.7255125045776367, 98%=0.7275797724723816
ranking_best_algo: PBIL
ranking_best_score: 0.7248786399609374
ranking_my_rank: 60/504 (88.3%)
ranking_my_percent: 88.2936507936508
