ConfigName: kjsd__advperagentrankweighted__M3__L18__eps0p007__g0p001__ds0p2__dm0p1
Problem: QUBO
Kernel: jsd
Advantage: peragentrankweighted
M: 3
lambda: 18
epsilon_svgd: 0.007
gamma: 0.001
decay_start_ratio: 0.2
decay_min_factor: 0.1
bandwith_kernel: None
no_interact: False
avg_score: -413.8599853515625
median_score: -414.5
std_score: 28.23792266845703
percentiles: 2%=-471.0, 5%=-455.1000061035156, 10%=-452.0, 25%=-434.25, 50%=-414.5, 75%=-391.5, 90%=-380.0, 95%=-365.79998779296875, 98%=-359.9200134277344
ranking_best_algo: Tabu
ranking_best_score: 438.12
ranking_my_rank: 57/504 (88.9%)
ranking_my_percent: 88.88888888888889
