ConfigName: krbf__advnormalizedfitness__M3__L15__eps0p015__g0p007__ds0p15__dm0p3
Problem: QUBO
Kernel: rbf
Advantage: normalizedfitness
M: 3
lambda: 15
epsilon_svgd: 0.015
gamma: 0.007
decay_start_ratio: 0.15
decay_min_factor: 0.3
bandwith_kernel: None
no_interact: False
avg_score: -416.1199951171875
median_score: -415.5
std_score: 28.824045181274414
percentiles: 2%=-473.0199890136719, 5%=-463.0, 10%=-451.1000061035156, 25%=-437.5, 50%=-415.5, 75%=-397.0, 90%=-379.8999938964844, 95%=-371.0, 98%=-354.94000244140625
ranking_best_algo: CMApara
ranking_best_score: 453.82
ranking_my_rank: 188/504 (62.9%)
ranking_my_percent: 62.8968253968254
