ConfigName: krbf__advnormalizedfitness__M4__L12__eps0p033__g0p015__ds0p15__dm0p3
Problem: QUBO
Kernel: rbf
Advantage: normalizedfitness
M: 4
lambda: 12
epsilon_svgd: 0.033
gamma: 0.015
decay_start_ratio: 0.15
decay_min_factor: 0.3
bandwith_kernel: None
no_interact: False
avg_score: -431.2200012207031
median_score: -431.5
std_score: 43.71534729003906
percentiles: 2%=-516.02001953125, 5%=-507.20001220703125, 10%=-491.6000061035156, 25%=-458.25, 50%=-431.5, 75%=-396.75, 90%=-374.0, 95%=-366.95001220703125, 98%=-352.94000244140625
ranking_best_algo: Tabu
ranking_best_score: 588.7199999999999
ranking_my_rank: 326/503 (35.4%)
ranking_my_percent: 35.387673956262425
