ConfigName: kjsd__advperagentrankweighted__M3__L30__eps0p007__g0p0005__ds0p2__dm0p1
Problem: QUBO
Kernel: jsd
Advantage: peragentrankweighted
M: 3
lambda: 30
epsilon_svgd: 0.007
gamma: 0.0005
decay_start_ratio: 0.2
decay_min_factor: 0.1
bandwith_kernel: None
no_interact: False
avg_score: -939.239990234375
median_score: -941.0
std_score: 64.96062469482422
percentiles: 2%=-1070.0400390625, 5%=-1048.4000244140625, 10%=-1019.0999755859375, 25%=-982.0, 50%=-941.0, 75%=-899.75, 90%=-845.0, 95%=-825.9500122070312, 98%=-824.9600219726562
ranking_best_algo: CMApara
ranking_best_score: 964.9
ranking_my_rank: 7/504 (98.8%)
ranking_my_percent: 98.80952380952381
