ConfigName: krbf__advnormalizedfitness__M3__L15__eps0p033__g0p01__ds0p01__dm0p01
Problem: QUBO
Kernel: rbf
Advantage: normalizedfitness
M: 3
lambda: 15
epsilon_svgd: 0.033
gamma: 0.01
decay_start_ratio: 0.01
decay_min_factor: 0.01
bandwith_kernel: None
no_interact: False
avg_score: -1266.280029296875
median_score: -1275.0
std_score: 67.70304107666016
percentiles: 2%=-1397.1800537109375, 5%=-1370.3499755859375, 10%=-1357.4000244140625, 25%=-1316.25, 50%=-1275.0, 75%=-1214.5, 90%=-1178.9000244140625, 95%=-1169.949951171875, 98%=-1160.39990234375
ranking_best_algo: BigLognormalDiscreteOnePlusOne
ranking_best_score: 1301.3600000000004
ranking_my_rank: 50/504 (90.3%)
ranking_my_percent: 90.27777777777777
