ConfigName: kjsd__advperagentrankweighted__M4__L10__eps0p01__g0p0005__ds0p2__dm0p05
Problem: QUBO
Kernel: jsd
Advantage: peragentrankweighted
M: 4
lambda: 10
epsilon_svgd: 0.01
gamma: 0.0005
decay_start_ratio: 0.2
decay_min_factor: 0.05
bandwith_kernel: None
no_interact: False
avg_score: -1187.6800537109375
median_score: -1185.5
std_score: 60.208621978759766
percentiles: 2%=-1293.1199951171875, 5%=-1283.0999755859375, 10%=-1267.5999755859375, 25%=-1232.0, 50%=-1185.5, 75%=-1144.0, 90%=-1121.300048828125, 95%=-1081.800048828125, 98%=-1075.0
ranking_best_algo: Tabu
ranking_best_score: 1216.16
ranking_my_rank: 63/504 (87.7%)
ranking_my_percent: 87.6984126984127
