ConfigName: kjsd__advperagentrankweighted__M5__L8__eps0p02__g0p0003__ds0p2__dm0p05
Problem: QUBO
Kernel: jsd
Advantage: peragentrankweighted
M: 5
lambda: 8
epsilon_svgd: 0.02
gamma: 0.0003
decay_start_ratio: 0.2
decay_min_factor: 0.05
bandwith_kernel: None
no_interact: False
avg_score: -420.0400085449219
median_score: -421.0
std_score: 31.996850967407227
percentiles: 2%=-477.0400085449219, 5%=-475.0, 10%=-469.0, 25%=-442.25, 50%=-421.0, 75%=-398.75, 90%=-381.0, 95%=-370.54998779296875, 98%=-347.9599914550781
ranking_best_algo: CMAL3
ranking_best_score: 435.36
ranking_my_rank: 88/504 (82.7%)
ranking_my_percent: 82.73809523809524
