ConfigName: kjsd__advperagentrankweighted__M4__L8__eps0p005__g0p0007__ds0p4__dm0p05
Problem: QUBO
Kernel: jsd
Advantage: peragentrankweighted
M: 4
lambda: 8
epsilon_svgd: 0.005
gamma: 0.0007
decay_start_ratio: 0.4
decay_min_factor: 0.05
bandwith_kernel: None
no_interact: False
avg_score: -416.4599914550781
median_score: -414.0
std_score: 26.57194709777832
percentiles: 2%=-475.0, 5%=-465.20001220703125, 10%=-454.0, 25%=-430.5, 50%=-414.0, 75%=-397.5, 90%=-379.79998779296875, 95%=-375.8999938964844, 98%=-366.0
ranking_best_algo: Tabu
ranking_best_score: 438.12
ranking_my_rank: 43/504 (91.7%)
ranking_my_percent: 91.66666666666667
