ConfigName: kjsd__advperagentrankweighted__M3__L30__eps0p005__g0p001__ds0p1__dm0p2
Problem: QUBO
Kernel: jsd
Advantage: peragentrankweighted
M: 3
lambda: 30
epsilon_svgd: 0.005
gamma: 0.001
decay_start_ratio: 0.1
decay_min_factor: 0.2
bandwith_kernel: None
no_interact: False
avg_score: -574.8200073242188
median_score: -576.0
std_score: 29.398090362548828
percentiles: 2%=-627.1199951171875, 5%=-624.0499877929688, 10%=-611.2000122070312, 25%=-593.25, 50%=-576.0, 75%=-557.0, 90%=-537.9000244140625, 95%=-527.0, 98%=-505.70001220703125
ranking_best_algo: Tabu
ranking_best_score: 588.7199999999999
ranking_my_rank: 57/503 (88.9%)
ranking_my_percent: 88.86679920477137
