ConfigName: krbf__advnormalizedfitness__M2__L8__eps0p033__g0p015__ds0p01__dm0p01
Problem: QUBO
Kernel: rbf
Advantage: normalizedfitness
M: 2
lambda: 8
epsilon_svgd: 0.033
gamma: 0.015
decay_start_ratio: 0.01
decay_min_factor: 0.01
bandwith_kernel: None
no_interact: False
avg_score: -1236.239990234375
median_score: -1241.5
std_score: 61.910274505615234
percentiles: 2%=-1364.1800537109375, 5%=-1341.4000244140625, 10%=-1315.800048828125, 25%=-1275.25, 50%=-1241.5, 75%=-1191.0, 90%=-1163.0, 95%=-1138.9000244140625, 98%=-1112.93994140625
ranking_best_algo: SVMMetaModelLogNormal
ranking_best_score: 1233.7999999999997
ranking_my_rank: 1/504 (100.0%)
ranking_my_percent: 100.0
