ConfigName: kjsd__advperagentrankweighted__M3__L16__eps0p005__g0p003__ds0p2__dm0p2
Problem: QUBO
Kernel: jsd
Advantage: peragentrankweighted
M: 3
lambda: 16
epsilon_svgd: 0.005
gamma: 0.003
decay_start_ratio: 0.2
decay_min_factor: 0.2
bandwith_kernel: None
no_interact: False
avg_score: -891.219970703125
median_score: -889.0
std_score: 69.70431518554688
percentiles: 2%=-1030.43994140625, 5%=-1004.9500122070312, 10%=-989.2999877929688, 25%=-935.25, 50%=-889.0, 75%=-840.75, 90%=-800.5999755859375, 95%=-784.2999877929688, 98%=-764.8400268554688
ranking_best_algo: CMApara
ranking_best_score: 964.9
ranking_my_rank: 188/504 (62.9%)
ranking_my_percent: 62.8968253968254
