ConfigName: krbf__advnormalizedfitness__M2__L8__eps0p015__g0p007__ds0p15__dm0p3
Problem: QUBO
Kernel: rbf
Advantage: normalizedfitness
M: 2
lambda: 8
epsilon_svgd: 0.015
gamma: 0.007
decay_start_ratio: 0.15
decay_min_factor: 0.3
bandwith_kernel: None
no_interact: False
avg_score: -3291.97998046875
median_score: -3279.0
std_score: 130.2517547607422
percentiles: 2%=-3536.06005859375, 5%=-3531.25, 10%=-3479.199951171875, 25%=-3378.25, 50%=-3279.0, 75%=-3204.0, 90%=-3145.300048828125, 95%=-3085.25, 98%=-3024.56005859375
ranking_best_algo: RLSOnePlusOne
ranking_best_score: 3316.5199999999995
ranking_my_rank: 3/504 (99.6%)
ranking_my_percent: 99.60317460317461
