ConfigName: krbf__advnormalizedfitness__M3__L10__eps0p03__g0p005__ds0p15__dm0p05
Problem: QUBO
Kernel: rbf
Advantage: normalizedfitness
M: 3
lambda: 10
epsilon_svgd: 0.03
gamma: 0.005
decay_start_ratio: 0.15
decay_min_factor: 0.05
bandwith_kernel: None
no_interact: False
avg_score: -420.739990234375
median_score: -421.0
std_score: 26.569387435913086
percentiles: 2%=-479.0, 5%=-463.1000061035156, 10%=-456.1000061035156, 25%=-438.0, 50%=-421.0, 75%=-403.0, 90%=-388.6000061035156, 95%=-377.6499938964844, 98%=-364.8599853515625
ranking_best_algo: CMAL3
ranking_best_score: 435.36
ranking_my_rank: 59/504 (88.5%)
ranking_my_percent: 88.4920634920635
