ConfigName: kjsd__advperagentrankweighted__M3__L30__eps0p005__g0p0005__ds0p2__dm0p1
Problem: NK
Kernel: jsd
Advantage: peragentrankweighted
M: 3
lambda: 30
epsilon_svgd: 0.005
gamma: 0.0005
decay_start_ratio: 0.2
decay_min_factor: 0.1
bandwith_kernel: None
no_interact: False
avg_score: 0.752921462059021
median_score: 0.7539232969284058
std_score: 0.014487884938716888
percentiles: 2%=0.726921021938324, 5%=0.7291585206985474, 10%=0.7327368855476379, 25%=0.7427239418029785, 50%=0.7539232969284058, 75%=0.7644954323768616, 90%=0.7706213593482971, 95%=0.7739893198013306, 98%=0.7815865874290466
ranking_best_algo: Tabu
ranking_best_score: 0.7657846284375001
ranking_my_rank: 9/504 (98.4%)
ranking_my_percent: 98.41269841269842
