ConfigName: kjsd__advperagentrankweighted__M3__L20__eps0p01__g0p0005__ds0p05__dm0p05
Problem: QUBO
Kernel: jsd
Advantage: peragentrankweighted
M: 3
lambda: 20
epsilon_svgd: 0.01
gamma: 0.0005
decay_start_ratio: 0.05
decay_min_factor: 0.05
bandwith_kernel: None
no_interact: False
avg_score: -3293.780029296875
median_score: -3285.0
std_score: 116.73504638671875
percentiles: 2%=-3545.02001953125, 5%=-3490.5, 10%=-3445.60009765625, 25%=-3361.0, 50%=-3285.0, 75%=-3217.75, 90%=-3170.300048828125, 95%=-3095.85009765625, 98%=-3061.8798828125
ranking_best_algo: RLSOnePlusOne
ranking_best_score: 3316.5199999999995
ranking_my_rank: 3/504 (99.6%)
ranking_my_percent: 99.60317460317461
