ConfigName: kfr__advglobalrankweighted__M2__L11__eps0p015__g0p005__ds0p01__dm0p01
Problem: QUBO
Kernel: fr
Advantage: globalrankweighted
M: 2
lambda: 11
epsilon_svgd: 0.015
gamma: 0.005
decay_start_ratio: 0.01
decay_min_factor: 0.01
bandwith_kernel: None
no_interact: False
avg_score: -1622.97998046875
median_score: -1633.5
std_score: 60.83008575439453
percentiles: 2%=-1737.219970703125, 5%=-1722.25, 10%=-1695.800048828125, 25%=-1657.5, 50%=-1633.5, 75%=-1577.75, 90%=-1540.800048828125, 95%=-1519.0, 98%=-1506.699951171875
ranking_best_algo: NLOPT_LN_PRAXIS
ranking_best_score: 1607.12
ranking_my_rank: 1/504 (100.0%)
ranking_my_percent: 100.0
