ConfigName: kjsd__advperagentrankweighted__M3__L18__eps0p005__g0p0005__ds0p05__dm0p2
Problem: QUBO
Kernel: jsd
Advantage: peragentrankweighted
M: 3
lambda: 18
epsilon_svgd: 0.005
gamma: 0.0005
decay_start_ratio: 0.05
decay_min_factor: 0.2
bandwith_kernel: None
no_interact: False
avg_score: -932.3200073242188
median_score: -935.5
std_score: 66.6207046508789
percentiles: 2%=-1064.280029296875, 5%=-1042.1500244140625, 10%=-1019.5999755859375, 25%=-981.75, 50%=-935.5, 75%=-882.75, 90%=-842.7999877929688, 95%=-830.7999877929688, 98%=-818.3599853515625
ranking_best_algo: CMApara
ranking_best_score: 964.9
ranking_my_rank: 19/504 (96.4%)
ranking_my_percent: 96.42857142857143
