ConfigName: kfr__advglobalrankweighted__M2__L7__eps0p015__g0p007__ds0p01__dm0p01
Problem: NK
Kernel: fr
Advantage: globalrankweighted
M: 2
lambda: 7
epsilon_svgd: 0.015
gamma: 0.007
decay_start_ratio: 0.01
decay_min_factor: 0.01
bandwith_kernel: None
no_interact: False
avg_score: 0.7460759878158569
median_score: 0.7464575171470642
std_score: 0.00869761686772108
percentiles: 2%=0.7280319333076477, 5%=0.7320257425308228, 10%=0.7362052798271179, 25%=0.7399903535842896, 50%=0.7464575171470642, 75%=0.7521096467971802, 90%=0.7568769454956055, 95%=0.7595832347869873, 98%=0.7628300189971924
ranking_best_algo: PBIL
ranking_best_score: 0.733570253046875
ranking_my_rank: 1/504 (100.0%)
ranking_my_percent: 100.0
