ConfigName: kfr__advglobalrankweighted__M2__L7__eps0p015__g0p007__ds0p01__dm0p01
Problem: QUBO
Kernel: fr
Advantage: globalrankweighted
M: 2
lambda: 7
epsilon_svgd: 0.015
gamma: 0.007
decay_start_ratio: 0.01
decay_min_factor: 0.01
bandwith_kernel: None
no_interact: False
avg_score: -1287.0799560546875
median_score: -1285.0
std_score: 56.42139434814453
percentiles: 2%=-1409.1600341796875, 5%=-1389.199951171875, 10%=-1367.699951171875, 25%=-1318.75, 50%=-1285.0, 75%=-1252.75, 90%=-1220.800048828125, 95%=-1190.949951171875, 98%=-1180.8800048828125
ranking_best_algo: BigLognormalDiscreteOnePlusOne
ranking_best_score: 1301.3600000000004
ranking_my_rank: 4/504 (99.4%)
ranking_my_percent: 99.4047619047619
