ConfigName: kjsd__advperagentrankweighted__M4__L12__eps0p005__g0p0007__ds0p2__dm0p05
Problem: QUBO
Kernel: jsd
Advantage: peragentrankweighted
M: 4
lambda: 12
epsilon_svgd: 0.005
gamma: 0.0007
decay_start_ratio: 0.2
decay_min_factor: 0.05
bandwith_kernel: None
no_interact: False
avg_score: -1310.06005859375
median_score: -1312.0
std_score: 58.68505859375
percentiles: 2%=-1419.280029296875, 5%=-1404.25, 10%=-1396.0999755859375, 25%=-1348.25, 50%=-1312.0, 75%=-1257.0, 90%=-1227.0, 95%=-1219.800048828125, 98%=-1214.9599609375
ranking_best_algo: BigLognormalDiscreteOnePlusOne
ranking_best_score: 1301.3600000000004
ranking_my_rank: 1/504 (100.0%)
ranking_my_percent: 100.0
