ConfigName: kjsd__advperagentrankweighted__M3__L30__eps0p005__g0p001__ds0p05__dm0p2
Problem: QUBO
Kernel: jsd
Advantage: peragentrankweighted
M: 3
lambda: 30
epsilon_svgd: 0.005
gamma: 0.001
decay_start_ratio: 0.05
decay_min_factor: 0.2
bandwith_kernel: None
no_interact: False
avg_score: -575.52001953125
median_score: -571.0
std_score: 29.79009246826172
percentiles: 2%=-629.0999755859375, 5%=-627.0, 10%=-615.2000122070312, 25%=-598.75, 50%=-571.0, 75%=-554.0, 90%=-537.9000244140625, 95%=-527.7999877929688, 98%=-520.7999877929688
ranking_best_algo: Tabu
ranking_best_score: 588.7199999999999
ranking_my_rank: 57/503 (88.9%)
ranking_my_percent: 88.86679920477137
