ConfigName: krbf__advnormalizedfitness__M3__L10__eps0p015__g0p007__ds0p15__dm0p3
Problem: NK
Kernel: rbf
Advantage: normalizedfitness
M: 3
lambda: 10
epsilon_svgd: 0.015
gamma: 0.007
decay_start_ratio: 0.15
decay_min_factor: 0.3
bandwith_kernel: None
no_interact: False
avg_score: 0.7027043700218201
median_score: 0.7050749063491821
std_score: 0.012386085465550423
percentiles: 2%=0.6825289130210876, 5%=0.6836502552032471, 10%=0.6858342885971069, 25%=0.6911047697067261, 50%=0.7050749063491821, 75%=0.7130168676376343, 90%=0.7188248038291931, 95%=0.7201945781707764, 98%=0.7218196988105774
ranking_best_algo: PBIL
ranking_best_score: 0.7013553837109374
ranking_my_rank: 1/504 (100.0%)
ranking_my_percent: 100.0
