ConfigName: krbf__advnormalizedfitness__M3__L15__eps0p033__g0p01__ds0p3__dm0p3
Problem: NK
Kernel: rbf
Advantage: normalizedfitness
M: 3
lambda: 15
epsilon_svgd: 0.033
gamma: 0.01
decay_start_ratio: 0.3
decay_min_factor: 0.3
bandwith_kernel: None
no_interact: False
avg_score: 0.7349159121513367
median_score: 0.7361672520637512
std_score: 0.008500874042510986
percentiles: 2%=0.7171976566314697, 5%=0.7198172807693481, 10%=0.7224652171134949, 25%=0.7288417816162109, 50%=0.7361672520637512, 75%=0.7417137026786804, 90%=0.7456368207931519, 95%=0.7463002800941467, 98%=0.7479463815689087
ranking_best_algo: PBIL
ranking_best_score: 0.730509098125
ranking_my_rank: 1/504 (100.0%)
ranking_my_percent: 100.0
