ConfigName: kjsd__advperagentrankweighted__M3__L24__eps0p007__g0p0005__ds0p1__dm0p2
Problem: NK
Kernel: jsd
Advantage: peragentrankweighted
M: 3
lambda: 24
epsilon_svgd: 0.007
gamma: 0.0005
decay_start_ratio: 0.1
decay_min_factor: 0.2
bandwith_kernel: None
no_interact: False
avg_score: 0.7351570129394531
median_score: 0.7372086644172668
std_score: 0.008330547250807285
percentiles: 2%=0.717796802520752, 5%=0.7195667028427124, 10%=0.7214778661727905, 25%=0.7299302816390991, 50%=0.7372086644172668, 75%=0.7411385774612427, 90%=0.7443509697914124, 95%=0.7463937401771545, 98%=0.7475286722183228
ranking_best_algo: PBIL
ranking_best_score: 0.7248786399609374
ranking_my_rank: 1/504 (100.0%)
ranking_my_percent: 100.0
