ConfigName: krbf__advnormalizedfitness__M3__L12__eps0p025__g0p01__ds0p15__dm0p05
Problem: QUBO
Kernel: rbf
Advantage: normalizedfitness
M: 3
lambda: 12
epsilon_svgd: 0.025
gamma: 0.01
decay_start_ratio: 0.15
decay_min_factor: 0.05
bandwith_kernel: None
no_interact: False
avg_score: -938.3599853515625
median_score: -935.0
std_score: 69.80895233154297
percentiles: 2%=-1076.0, 5%=-1072.0999755859375, 10%=-1035.5999755859375, 25%=-984.25, 50%=-935.0, 75%=-890.0, 90%=-849.5, 95%=-824.5, 98%=-808.8400268554688
ranking_best_algo: CMApara
ranking_best_score: 964.9
ranking_my_rank: 7/504 (98.8%)
ranking_my_percent: 98.80952380952381
