ConfigName: krbf__advnormalizedfitness__M4__L8__eps0p025__g0p005__ds0p01__dm0p3
Problem: NK
Kernel: rbf
Advantage: normalizedfitness
M: 4
lambda: 8
epsilon_svgd: 0.025
gamma: 0.005
decay_start_ratio: 0.01
decay_min_factor: 0.3
bandwith_kernel: None
no_interact: False
avg_score: 0.7367823719978333
median_score: 0.7390249371528625
std_score: 0.008362763561308384
percentiles: 2%=0.7204988598823547, 5%=0.7222173810005188, 10%=0.7250694036483765, 25%=0.7301077842712402, 50%=0.7390249371528625, 75%=0.742803692817688, 90%=0.7457491755485535, 95%=0.7497249245643616, 98%=0.7508853673934937
ranking_best_algo: PBIL
ranking_best_score: 0.730509098125
ranking_my_rank: 1/504 (100.0%)
ranking_my_percent: 100.0
