ConfigName: kjsd__advperagentrankweighted__M3__L18__eps0p007__g0p003__ds0p2__dm0p1
Problem: NK
Kernel: jsd
Advantage: peragentrankweighted
M: 3
lambda: 18
epsilon_svgd: 0.007
gamma: 0.003
decay_start_ratio: 0.2
decay_min_factor: 0.1
bandwith_kernel: None
no_interact: False
avg_score: 0.7523919939994812
median_score: 0.7537837624549866
std_score: 0.013630228117108345
percentiles: 2%=0.7198743224143982, 5%=0.7306090593338013, 10%=0.7351698279380798, 25%=0.7427400350570679, 50%=0.7537837624549866, 75%=0.7623530626296997, 90%=0.7679703235626221, 95%=0.7719939947128296, 98%=0.7751903533935547
ranking_best_algo: Tabu
ranking_best_score: 0.7657846284375001
ranking_my_rank: 12/504 (97.8%)
ranking_my_percent: 97.81746031746032
