ConfigName: krbf__advnormalizedfitness__M4__L12__eps0p015__g0p007__ds0p15__dm0p01
Problem: NK
Kernel: rbf
Advantage: normalizedfitness
M: 4
lambda: 12
epsilon_svgd: 0.015
gamma: 0.007
decay_start_ratio: 0.15
decay_min_factor: 0.01
bandwith_kernel: None
no_interact: False
avg_score: 0.7098143100738525
median_score: 0.7110275626182556
std_score: 0.014973748475313187
percentiles: 2%=0.672666609287262, 5%=0.6733166575431824, 10%=0.6952845454216003, 25%=0.7068280577659607, 50%=0.7110275626182556, 75%=0.7180606126785278, 90%=0.7253127098083496, 95%=0.7316462993621826, 98%=0.7327988147735596
ranking_best_algo: CMApara
ranking_best_score: 0.707475975
ranking_my_rank: 1/504 (100.0%)
ranking_my_percent: 100.0
