ConfigName: krbf__advnormalizedfitness__M4__L10__eps0p025__g0p005__ds0p3__dm0p3
Problem: NK
Kernel: rbf
Advantage: normalizedfitness
M: 4
lambda: 10
epsilon_svgd: 0.025
gamma: 0.005
decay_start_ratio: 0.3
decay_min_factor: 0.3
bandwith_kernel: None
no_interact: False
avg_score: 0.7552255392074585
median_score: 0.7566277980804443
std_score: 0.014452233910560608
percentiles: 2%=0.7185153961181641, 5%=0.7328892350196838, 10%=0.7372928261756897, 25%=0.745354413986206, 50%=0.7566277980804443, 75%=0.7664781212806702, 90%=0.771783173084259, 95%=0.7761900424957275, 98%=0.780817449092865
ranking_best_algo: Tabu
ranking_best_score: 0.7657846284375001
ranking_my_rank: 5/504 (99.2%)
ranking_my_percent: 99.2063492063492
