ConfigName: kjsd__advperagentrankweighted__M3__L20__eps0p01__g0p0005__ds0p1__dm0p2
Problem: NK
Kernel: jsd
Advantage: peragentrankweighted
M: 3
lambda: 20
epsilon_svgd: 0.01
gamma: 0.0005
decay_start_ratio: 0.1
decay_min_factor: 0.2
bandwith_kernel: None
no_interact: False
avg_score: 0.7092454433441162
median_score: 0.7107764482498169
std_score: 0.015150400809943676
percentiles: 2%=0.6707990169525146, 5%=0.6714844703674316, 10%=0.6937032341957092, 25%=0.7065834999084473, 50%=0.7107764482498169, 75%=0.7180929183959961, 90%=0.7244642972946167, 95%=0.7321255207061768, 98%=0.733314037322998
ranking_best_algo: CMApara
ranking_best_score: 0.707475975
ranking_my_rank: 1/504 (100.0%)
ranking_my_percent: 100.0
