ConfigName: krbf__advnormalizedfitness__M3__L8__eps0p015__g0p007__ds0p3__dm0p01
Problem: QUBO
Kernel: rbf
Advantage: normalizedfitness
M: 3
lambda: 8
epsilon_svgd: 0.015
gamma: 0.007
decay_start_ratio: 0.3
decay_min_factor: 0.01
bandwith_kernel: None
no_interact: False
avg_score: -900.780029296875
median_score: -896.5
std_score: 67.59949493408203
percentiles: 2%=-1031.06005859375, 5%=-1021.0999755859375, 10%=-991.0999755859375, 25%=-954.5, 50%=-896.5, 75%=-844.0, 90%=-809.7000122070312, 95%=-795.8500366210938, 98%=-787.7999267578125
ranking_best_algo: CMAL3
ranking_best_score: 928.5800000000002
ranking_my_rank: 69/504 (86.5%)
ranking_my_percent: 86.5079365079365
