ConfigName: kjsd__advperagentrankweighted__M5__L8__eps0p01__g0p0007__ds0p4__dm0p2
Problem: QUBO
Kernel: jsd
Advantage: peragentrankweighted
M: 5
lambda: 8
epsilon_svgd: 0.01
gamma: 0.0007
decay_start_ratio: 0.4
decay_min_factor: 0.2
bandwith_kernel: None
no_interact: False
avg_score: -1193.260009765625
median_score: -1191.0
std_score: 63.28342819213867
percentiles: 2%=-1361.0, 5%=-1292.1500244140625, 10%=-1264.199951171875, 25%=-1230.25, 50%=-1191.0, 75%=-1149.25, 90%=-1119.800048828125, 95%=-1096.449951171875, 98%=-1077.8800048828125
ranking_best_algo: Tabu
ranking_best_score: 1216.16
ranking_my_rank: 48/504 (90.7%)
ranking_my_percent: 90.67460317460318
