ConfigName: krbf__advnormalizedfitness__M3__L8__eps0p02__g0p005__ds0p15__dm0p05
Problem: QUBO
Kernel: rbf
Advantage: normalizedfitness
M: 3
lambda: 8
epsilon_svgd: 0.02
gamma: 0.005
decay_start_ratio: 0.15
decay_min_factor: 0.05
bandwith_kernel: None
no_interact: False
avg_score: -442.20001220703125
median_score: -449.0
std_score: 25.514699935913086
percentiles: 2%=-485.0799865722656, 5%=-477.1000061035156, 10%=-472.0, 25%=-458.5, 50%=-449.0, 75%=-425.0, 90%=-403.79998779296875, 95%=-397.70001220703125, 98%=-389.8800048828125
ranking_best_algo: CMApara
ranking_best_score: 453.82
ranking_my_rank: 9/504 (98.4%)
ranking_my_percent: 98.41269841269842
