ConfigName: kfr__advglobalrankweighted__M2__L7__eps0p015__g0p005__ds0p01__dm0p01
Problem: QUBO
Kernel: fr
Advantage: globalrankweighted
M: 2
lambda: 7
epsilon_svgd: 0.015
gamma: 0.005
decay_start_ratio: 0.01
decay_min_factor: 0.01
bandwith_kernel: None
no_interact: False
avg_score: -304.5799865722656
median_score: -304.0
std_score: 39.48953628540039
percentiles: 2%=-384.0799865722656, 5%=-380.0, 10%=-356.20001220703125, 25%=-332.0, 50%=-304.0, 75%=-269.75, 90%=-258.0, 95%=-250.90000915527344, 98%=-237.97999572753906
ranking_best_algo: CMApara
ranking_best_score: 319.29999999999995
ranking_my_rank: 137/504 (73.0%)
ranking_my_percent: 73.01587301587301
