ConfigName: krbf__advnormalizedfitness__M3__L10__eps0p025__g0p007__ds0p15__dm0p3
Problem: QUBO
Kernel: rbf
Advantage: normalizedfitness
M: 3
lambda: 10
epsilon_svgd: 0.025
gamma: 0.007
decay_start_ratio: 0.15
decay_min_factor: 0.3
bandwith_kernel: None
no_interact: False
avg_score: -578.760009765625
median_score: -575.0
std_score: 27.793930053710938
percentiles: 2%=-635.0, 5%=-623.0999755859375, 10%=-617.0, 25%=-599.25, 50%=-575.0, 75%=-562.75, 90%=-545.9000244140625, 95%=-534.550048828125, 98%=-518.8999633789062
ranking_best_algo: Tabu
ranking_best_score: 588.7199999999999
ranking_my_rank: 41/503 (92.0%)
ranking_my_percent: 92.04771371769384
