ConfigName: kjsd__advperagentrankweighted__M3__L18__eps0p01__g0p001__ds0p05__dm0p2
Problem: QUBO
Kernel: jsd
Advantage: peragentrankweighted
M: 3
lambda: 18
epsilon_svgd: 0.01
gamma: 0.001
decay_start_ratio: 0.05
decay_min_factor: 0.2
bandwith_kernel: None
no_interact: False
avg_score: -1633.5
median_score: -1631.5
std_score: 55.39142608642578
percentiles: 2%=-1736.0999755859375, 5%=-1717.3499755859375, 10%=-1700.300048828125, 25%=-1675.5, 50%=-1631.5, 75%=-1594.5, 90%=-1564.800048828125, 95%=-1540.5999755859375, 98%=-1508.9599609375
ranking_best_algo: NLOPT_LN_PRAXIS
ranking_best_score: 1607.12
ranking_my_rank: 1/504 (100.0%)
ranking_my_percent: 100.0
