ConfigName: krbf__advnormalizedfitness__M4__L10__eps0p033__g0p01__ds0p15__dm0p01
Problem: NK
Kernel: rbf
Advantage: normalizedfitness
M: 4
lambda: 10
epsilon_svgd: 0.033
gamma: 0.01
decay_start_ratio: 0.15
decay_min_factor: 0.01
bandwith_kernel: None
no_interact: False
avg_score: 0.7109783887863159
median_score: 0.7116482257843018
std_score: 0.01520623080432415
percentiles: 2%=0.6724247336387634, 5%=0.673711359500885, 10%=0.6965497732162476, 25%=0.7095028162002563, 50%=0.7116482257843018, 75%=0.7193129658699036, 90%=0.7254681587219238, 95%=0.7323130369186401, 98%=0.7336811423301697
ranking_best_algo: CMApara
ranking_best_score: 0.707475975
ranking_my_rank: 1/504 (100.0%)
ranking_my_percent: 100.0
