ConfigName: kfr__advglobalrankweighted__M4__L15__eps0p02__g0p003__ds0p01__dm0p01
Problem: QUBO
Kernel: fr
Advantage: globalrankweighted
M: 4
lambda: 15
epsilon_svgd: 0.02
gamma: 0.003
decay_start_ratio: 0.01
decay_min_factor: 0.01
bandwith_kernel: None
no_interact: False
avg_score: -903.47998046875
median_score: -892.5
std_score: 63.717735290527344
percentiles: 2%=-1036.06005859375, 5%=-1027.25, 10%=-998.4000244140625, 25%=-952.25, 50%=-892.5, 75%=-858.25, 90%=-830.9000244140625, 95%=-819.9000244140625, 98%=-802.9599609375
ranking_best_algo: CMAL3
ranking_best_score: 928.5800000000002
ranking_my_rank: 66/504 (87.1%)
ranking_my_percent: 87.10317460317461
