ConfigName: kjsd__advperagentrankweighted__M3__L20__eps0p005__g0p003__ds0p05__dm0p1
Problem: NK
Kernel: jsd
Advantage: peragentrankweighted
M: 3
lambda: 20
epsilon_svgd: 0.005
gamma: 0.003
decay_start_ratio: 0.05
decay_min_factor: 0.1
bandwith_kernel: None
no_interact: False
avg_score: 0.7161932587623596
median_score: 0.7171767950057983
std_score: 0.010412290692329407
percentiles: 2%=0.6971725225448608, 5%=0.699813187122345, 10%=0.7013232111930847, 25%=0.7093740105628967, 50%=0.7171767950057983, 75%=0.7235300540924072, 90%=0.7295979261398315, 95%=0.7320016622543335, 98%=0.7343547344207764
ranking_best_algo: PBIL
ranking_best_score: 0.7248786399609374
ranking_my_rank: 47/504 (90.9%)
ranking_my_percent: 90.87301587301587
