ConfigName: kjsd__advperagentrankweighted__M4__L12__eps0p01__g0p0003__ds0p05__dm0p05
Problem: NK
Kernel: jsd
Advantage: peragentrankweighted
M: 4
lambda: 12
epsilon_svgd: 0.01
gamma: 0.0003
decay_start_ratio: 0.05
decay_min_factor: 0.05
bandwith_kernel: None
no_interact: False
avg_score: 0.7488045692443848
median_score: 0.7472517490386963
std_score: 0.015925666317343712
percentiles: 2%=0.7129654288291931, 5%=0.7248024940490723, 10%=0.7283230423927307, 25%=0.7369027733802795, 50%=0.7472517490386963, 75%=0.7602717876434326, 90%=0.7714358568191528, 95%=0.7752822041511536, 98%=0.7767360806465149
ranking_best_algo: Tabu
ranking_best_score: 0.7657846284375001
ranking_my_rank: 30/504 (94.2%)
ranking_my_percent: 94.24603174603175
