ConfigName: krbf__advnormalizedfitness__M3__L8__eps0p015__g0p01__ds0p15__dm0p3
Problem: QUBO
Kernel: rbf
Advantage: normalizedfitness
M: 3
lambda: 8
epsilon_svgd: 0.015
gamma: 0.01
decay_start_ratio: 0.15
decay_min_factor: 0.3
bandwith_kernel: None
no_interact: False
avg_score: -906.0
median_score: -905.5
std_score: 69.00739288330078
percentiles: 2%=-1026.02001953125, 5%=-1017.1500244140625, 10%=-998.0999755859375, 25%=-952.25, 50%=-905.5, 75%=-860.75, 90%=-821.9000244140625, 95%=-804.9000244140625, 98%=-748.7999267578125
ranking_best_algo: CMApara
ranking_best_score: 964.9
ranking_my_rank: 102/504 (80.0%)
ranking_my_percent: 79.96031746031746
