ConfigName: kjsd__advperagentrankweighted__M3__L16__eps0p007__g0p0007__ds0p1__dm0p2
Problem: NK
Kernel: jsd
Advantage: peragentrankweighted
M: 3
lambda: 16
epsilon_svgd: 0.007
gamma: 0.0007
decay_start_ratio: 0.1
decay_min_factor: 0.2
bandwith_kernel: None
no_interact: False
avg_score: 0.7190818786621094
median_score: 0.7173277735710144
std_score: 0.00821640808135271
percentiles: 2%=0.7007895708084106, 5%=0.7072786688804626, 10%=0.7103972434997559, 25%=0.7148312330245972, 50%=0.7173277735710144, 75%=0.7244470119476318, 90%=0.7303763031959534, 95%=0.7323072552680969, 98%=0.7363743185997009
ranking_best_algo: PBIL
ranking_best_score: 0.7170882103515624
ranking_my_rank: 1/504 (100.0%)
ranking_my_percent: 100.0
