ConfigName: krbf__advnormalizedfitness__M2__L8__eps0p033__g0p015__ds0p15__dm0p3
Problem: QUBO
Kernel: rbf
Advantage: normalizedfitness
M: 2
lambda: 8
epsilon_svgd: 0.033
gamma: 0.015
decay_start_ratio: 0.15
decay_min_factor: 0.3
bandwith_kernel: None
no_interact: False
avg_score: -577.0800170898438
median_score: -574.0
std_score: 32.39002227783203
percentiles: 2%=-634.02001953125, 5%=-627.0999755859375, 10%=-620.0, 25%=-601.0, 50%=-574.0, 75%=-555.0, 90%=-533.9000244140625, 95%=-525.7999877929688, 98%=-513.6799926757812
ranking_best_algo: Tabu
ranking_best_score: 588.7199999999999
ranking_my_rank: 47/503 (90.9%)
ranking_my_percent: 90.85487077534792
