ConfigName: krbf__advnormalizedfitness__M3__L15__eps0p025__g0p015__ds0p15__dm0p01
Problem: QUBO
Kernel: rbf
Advantage: normalizedfitness
M: 3
lambda: 15
epsilon_svgd: 0.025
gamma: 0.015
decay_start_ratio: 0.15
decay_min_factor: 0.01
bandwith_kernel: None
no_interact: False
avg_score: -416.0
median_score: -410.5
std_score: 24.87006187438965
percentiles: 2%=-473.0400085449219, 5%=-463.1000061035156, 10%=-457.1000061035156, 25%=-428.5, 50%=-410.5, 75%=-399.0, 90%=-388.8999938964844, 95%=-381.9000244140625, 98%=-376.97998046875
ranking_best_algo: CMAL3
ranking_best_score: 435.36
ranking_my_rank: 107/504 (79.0%)
ranking_my_percent: 78.96825396825396
