ConfigName: krbf__advnormalizedfitness__M4__L8__eps0p03__g0p005__ds0p15__dm0p05
Problem: NK
Kernel: rbf
Advantage: normalizedfitness
M: 4
lambda: 8
epsilon_svgd: 0.03
gamma: 0.005
decay_start_ratio: 0.15
decay_min_factor: 0.05
bandwith_kernel: None
no_interact: False
avg_score: 0.698453426361084
median_score: 0.6972554326057434
std_score: 0.013856069184839725
percentiles: 2%=0.6713394522666931, 5%=0.6806706786155701, 10%=0.6824426054954529, 25%=0.6894314885139465, 50%=0.6972554326057434, 75%=0.7089768052101135, 90%=0.7171618342399597, 95%=0.7230488061904907, 98%=0.7263280749320984
ranking_best_algo: PBIL
ranking_best_score: 0.7170882103515624
ranking_my_rank: 78/504 (84.7%)
ranking_my_percent: 84.72222222222223
