ConfigName: kjsd__advperagentrankweighted__M4__L12__eps0p01__g0p0003__ds0p05__dm0p05
Problem: NK
Kernel: jsd
Advantage: peragentrankweighted
M: 4
lambda: 12
epsilon_svgd: 0.01
gamma: 0.0003
decay_start_ratio: 0.05
decay_min_factor: 0.05
bandwith_kernel: None
no_interact: False
avg_score: 0.7266255021095276
median_score: 0.7256503105163574
std_score: 0.009547654539346695
percentiles: 2%=0.7105681300163269, 5%=0.7114819288253784, 10%=0.7136027216911316, 25%=0.7205155491828918, 50%=0.7256503105163574, 75%=0.7330970764160156, 90%=0.7405725121498108, 95%=0.7429345846176147, 98%=0.7459535598754883
ranking_best_algo: Tabu
ranking_best_score: 0.7429702712499999
ranking_my_rank: 2/504 (99.8%)
ranking_my_percent: 99.8015873015873
