ConfigName: krbf__advnormalizedfitness__M3__L8__eps0p033__g0p01__ds0p3__dm0p01
Problem: NK
Kernel: rbf
Advantage: normalizedfitness
M: 3
lambda: 8
epsilon_svgd: 0.033
gamma: 0.01
decay_start_ratio: 0.3
decay_min_factor: 0.01
bandwith_kernel: None
no_interact: False
avg_score: 0.7350513935089111
median_score: 0.7375050187110901
std_score: 0.008962545543909073
percentiles: 2%=0.7137519717216492, 5%=0.7173689603805542, 10%=0.7216222882270813, 25%=0.7298389673233032, 50%=0.7375050187110901, 75%=0.741618812084198, 90%=0.7440946698188782, 95%=0.7467563152313232, 98%=0.7473016381263733
ranking_best_algo: PBIL
ranking_best_score: 0.7248786399609374
ranking_my_rank: 1/504 (100.0%)
ranking_my_percent: 100.0
