ConfigName: kjsd__advperagentrankweighted__M3__L18__eps0p01__g0p0007__ds0p1__dm0p05
Problem: NK
Kernel: jsd
Advantage: peragentrankweighted
M: 3
lambda: 18
epsilon_svgd: 0.01
gamma: 0.0007
decay_start_ratio: 0.1
decay_min_factor: 0.05
bandwith_kernel: None
no_interact: False
avg_score: 0.7343787550926208
median_score: 0.7352636456489563
std_score: 0.008428280241787434
percentiles: 2%=0.7178576588630676, 5%=0.7186518311500549, 10%=0.7228721976280212, 25%=0.728802502155304, 50%=0.7352636456489563, 75%=0.7410261631011963, 90%=0.7439874410629272, 95%=0.7452360987663269, 98%=0.7482098340988159
ranking_best_algo: PBIL
ranking_best_score: 0.7248786399609374
ranking_my_rank: 1/504 (100.0%)
ranking_my_percent: 100.0
