ConfigName: krbf__advnormalizedfitness__M1__L8__eps0p015__g0p007__ds0p15__dm0p3
Problem: QUBO
Kernel: rbf
Advantage: normalizedfitness
M: 1
lambda: 8
epsilon_svgd: 0.015
gamma: 0.007
decay_start_ratio: 0.15
decay_min_factor: 0.3
bandwith_kernel: None
no_interact: False
avg_score: -132.5399932861328
median_score: -133.5
std_score: 15.904351234436035
percentiles: 2%=-156.0399932861328, 5%=-155.0, 10%=-149.0, 25%=-146.0, 50%=-133.5, 75%=-123.0, 90%=-111.0, 95%=-106.95000457763672, 98%=-103.0
ranking_best_algo: DiscreteDE
ranking_best_score: 143.4
ranking_my_rank: 314/504 (37.9%)
ranking_my_percent: 37.8968253968254
