ConfigName: krbf__advnormalizedfitness__M3__L10__eps0p033__g0p005__ds0p15__dm0p01
Problem: QUBO
Kernel: rbf
Advantage: normalizedfitness
M: 3
lambda: 10
epsilon_svgd: 0.033
gamma: 0.005
decay_start_ratio: 0.15
decay_min_factor: 0.01
bandwith_kernel: None
no_interact: False
avg_score: -1603.4599609375
median_score: -1609.5
std_score: 69.73957061767578
percentiles: 2%=-1734.02001953125, 5%=-1711.25, 10%=-1687.9000244140625, 25%=-1653.25, 50%=-1609.5, 75%=-1555.25, 90%=-1516.800048828125, 95%=-1500.7000732421875, 98%=-1458.719970703125
ranking_best_algo: NLOPT_LN_PRAXIS
ranking_best_score: 1607.12
ranking_my_rank: 11/504 (98.0%)
ranking_my_percent: 98.01587301587301
