ConfigName: kfr__advglobalrankweighted__M5__L10__eps0p02__g0p003__ds0p01__dm0p01
Problem: QUBO
Kernel: fr
Advantage: globalrankweighted
M: 5
lambda: 10
epsilon_svgd: 0.02
gamma: 0.003
decay_start_ratio: 0.01
decay_min_factor: 0.01
bandwith_kernel: None
no_interact: False
avg_score: -332.4800109863281
median_score: -339.5
std_score: 19.839597702026367
percentiles: 2%=-372.0, 5%=-361.0, 10%=-350.0, 25%=-344.5, 50%=-339.5, 75%=-320.0, 90%=-308.0, 95%=-290.0, 98%=-287.91998291015625
ranking_best_algo: CMApara
ranking_best_score: 344.22
ranking_my_rank: 72/504 (85.9%)
ranking_my_percent: 85.91269841269842
