ConfigName: krbf__advnormalizedfitness__M3__L24__eps0p025__g0p01__ds0p05__dm0p05
Problem: NK
Kernel: rbf
Advantage: normalizedfitness
M: 3
lambda: 24
epsilon_svgd: 0.025
gamma: 0.01
decay_start_ratio: 0.05
decay_min_factor: 0.05
bandwith_kernel: None
no_interact: False
avg_score: 0.6980820298194885
median_score: 0.7001655101776123
std_score: 0.012073787860572338
percentiles: 2%=0.6795735359191895, 5%=0.6808483004570007, 10%=0.6816993951797485, 25%=0.6859880685806274, 50%=0.7001655101776123, 75%=0.709201991558075, 90%=0.7126016020774841, 95%=0.7136334776878357, 98%=0.7172374129295349
ranking_best_algo: PBIL
ranking_best_score: 0.7013553837109374
ranking_my_rank: 5/504 (99.2%)
ranking_my_percent: 99.2063492063492
