ConfigName: kfr__advglobalrankweighted__M1__L8__eps0p02__g0p003__ds0p01__dm0p01
Problem: QUBO
Kernel: fr
Advantage: globalrankweighted
M: 1
lambda: 8
epsilon_svgd: 0.02
gamma: 0.003
decay_start_ratio: 0.01
decay_min_factor: 0.01
bandwith_kernel: None
no_interact: False
avg_score: -1499.3399658203125
median_score: -1494.0
std_score: 64.64815521240234
percentiles: 2%=-1638.02001953125, 5%=-1612.050048828125, 10%=-1592.199951171875, 25%=-1548.0, 50%=-1494.0, 75%=-1455.0, 90%=-1428.0, 95%=-1386.7000732421875, 98%=-1374.8800048828125
ranking_best_algo: NLOPT_LN_PRAXIS
ranking_best_score: 1607.12
ranking_my_rank: 80/504 (84.3%)
ranking_my_percent: 84.32539682539682
