ConfigName: kjsd__advperagentrankweighted__M3__L16__eps0p005__g0p001__ds0p05__dm0p2
Problem: QUBO
Kernel: jsd
Advantage: peragentrankweighted
M: 3
lambda: 16
epsilon_svgd: 0.005
gamma: 0.001
decay_start_ratio: 0.05
decay_min_factor: 0.2
bandwith_kernel: None
no_interact: False
avg_score: -3266.02001953125
median_score: -3268.0
std_score: 125.10955047607422
percentiles: 2%=-3546.1201171875, 5%=-3441.050048828125, 10%=-3416.10009765625, 25%=-3345.5, 50%=-3268.0, 75%=-3200.0, 90%=-3080.800048828125, 95%=-3052.0, 98%=-3041.4599609375
ranking_best_algo: RLSOnePlusOne
ranking_best_score: 3316.5199999999995
ranking_my_rank: 13/504 (97.6%)
ranking_my_percent: 97.61904761904762
