ConfigName: kjsd__advperagentrankweighted__M5__L10__eps0p005__g0p003__ds0p2__dm0p2
Problem: QUBO
Kernel: jsd
Advantage: peragentrankweighted
M: 5
lambda: 10
epsilon_svgd: 0.005
gamma: 0.003
decay_start_ratio: 0.2
decay_min_factor: 0.2
bandwith_kernel: None
no_interact: False
avg_score: -393.0199890136719
median_score: -393.0
std_score: 32.98908233642578
percentiles: 2%=-459.0199890136719, 5%=-440.04998779296875, 10%=-433.0, 25%=-417.5, 50%=-393.0, 75%=-372.5, 90%=-343.8999938964844, 95%=-337.8999938964844, 98%=-328.0
ranking_best_algo: CMApara
ranking_best_score: 453.82
ranking_my_rank: 270/504 (46.6%)
ranking_my_percent: 46.62698412698413
