ConfigName: krbf__advnormalizedfitness__M4__L12__eps0p015__g0p015__ds0p3__dm0p3
Problem: NK
Kernel: rbf
Advantage: normalizedfitness
M: 4
lambda: 12
epsilon_svgd: 0.015
gamma: 0.015
decay_start_ratio: 0.3
decay_min_factor: 0.3
bandwith_kernel: None
no_interact: False
avg_score: 0.6653989553451538
median_score: 0.6640684604644775
std_score: 0.014364881440997124
percentiles: 2%=0.6418225169181824, 5%=0.6449387073516846, 10%=0.6482338309288025, 25%=0.6545104384422302, 50%=0.6640684604644775, 75%=0.674249529838562, 90%=0.6862520575523376, 95%=0.6903592944145203, 98%=0.697551429271698
ranking_best_algo: Tabu
ranking_best_score: 0.7657846284375001
ranking_my_rank: 379/504 (25.0%)
ranking_my_percent: 25.0
