ConfigName: kjsd__advperagentrankweighted__M3__L16__eps0p005__g0p003__ds0p2__dm0p2
Problem: QUBO
Kernel: jsd
Advantage: peragentrankweighted
M: 3
lambda: 16
epsilon_svgd: 0.005
gamma: 0.003
decay_start_ratio: 0.2
decay_min_factor: 0.2
bandwith_kernel: None
no_interact: False
avg_score: -199.0
median_score: -200.0
std_score: 13.924079895019531
percentiles: 2%=-224.0, 5%=-224.0, 10%=-219.0, 25%=-208.25, 50%=-200.0, 75%=-188.0, 90%=-180.0, 95%=-177.85000610351562, 98%=-174.97999572753906
ranking_best_algo: Tabu
ranking_best_score: 208.36000000000004
ranking_my_rank: 88/504 (82.7%)
ranking_my_percent: 82.73809523809524
