ConfigName: kjsd__advperagentrankweighted__M3__L16__eps0p01__g0p003__ds0p05__dm0p1
Problem: QUBO
Kernel: jsd
Advantage: peragentrankweighted
M: 3
lambda: 16
epsilon_svgd: 0.01
gamma: 0.003
decay_start_ratio: 0.05
decay_min_factor: 0.1
bandwith_kernel: None
no_interact: False
avg_score: -913.9400024414062
median_score: -909.0
std_score: 60.41603088378906
percentiles: 2%=-1022.1599731445312, 5%=-1013.0499877929688, 10%=-1000.2000122070312, 25%=-960.5, 50%=-909.0, 75%=-870.5, 90%=-837.7999877929688, 95%=-825.0, 98%=-800.760009765625
ranking_best_algo: CMAL3
ranking_best_score: 928.5800000000002
ranking_my_rank: 17/504 (96.8%)
ranking_my_percent: 96.82539682539682
