ConfigName: kjsd__advperagentrankweighted__M3__L16__eps0p007__g0p0005__ds0p05__dm0p05
Problem: NK
Kernel: jsd
Advantage: peragentrankweighted
M: 3
lambda: 16
epsilon_svgd: 0.007
gamma: 0.0005
decay_start_ratio: 0.05
decay_min_factor: 0.05
bandwith_kernel: None
no_interact: False
avg_score: 0.7329591512680054
median_score: 0.7326105237007141
std_score: 0.010167290456593037
percentiles: 2%=0.7123883962631226, 5%=0.7157065868377686, 10%=0.7187416553497314, 25%=0.7260022759437561, 50%=0.7326105237007141, 75%=0.7394047379493713, 90%=0.746343731880188, 95%=0.7505321502685547, 98%=0.7519998550415039
ranking_best_algo: Tabu
ranking_best_score: 0.7429702712499999
ranking_my_rank: 2/504 (99.8%)
ranking_my_percent: 99.8015873015873
