ConfigName: kjsd__advperagentrankweighted__M5__L24__eps0p02__g0p0003__ds0p05__dm0p05
Problem: NK
Kernel: jsd
Advantage: peragentrankweighted
M: 5
lambda: 24
epsilon_svgd: 0.02
gamma: 0.0003
decay_start_ratio: 0.05
decay_min_factor: 0.05
bandwith_kernel: None
no_interact: False
avg_score: 0.7362014055252075
median_score: 0.7353949546813965
std_score: 0.012583478353917599
percentiles: 2%=0.7106835246086121, 5%=0.7157842516899109, 10%=0.7209609746932983, 25%=0.7282016277313232, 50%=0.7353949546813965, 75%=0.7450598478317261, 90%=0.754705548286438, 95%=0.7589659094810486, 98%=0.7618837356567383
ranking_best_algo: Tabu
ranking_best_score: 0.7601875690625
ranking_my_rank: 23/504 (95.6%)
ranking_my_percent: 95.63492063492063
