ConfigName: krbf__advnormalizedfitness__M1__L8__eps0p025__g0p005__ds0p15__dm0p3
Problem: QUBO
Kernel: rbf
Advantage: normalizedfitness
M: 1
lambda: 8
epsilon_svgd: 0.025
gamma: 0.005
decay_start_ratio: 0.15
decay_min_factor: 0.3
bandwith_kernel: None
no_interact: False
avg_score: -545.5800170898438
median_score: -551.0
std_score: 41.08507537841797
percentiles: 2%=-617.0800170898438, 5%=-609.0999755859375, 10%=-583.4000244140625, 25%=-571.0, 50%=-551.0, 75%=-528.5, 90%=-502.1000061035156, 95%=-487.9000244140625, 98%=-444.73992919921875
ranking_best_algo: Tabu
ranking_best_score: 588.7199999999999
ranking_my_rank: 157/503 (69.0%)
ranking_my_percent: 68.98608349900596
