ConfigName: kjsd__advperagentrankweighted__M5__L8__eps0p005__g0p0005__ds0p05__dm0p05
Problem: QUBO
Kernel: jsd
Advantage: peragentrankweighted
M: 5
lambda: 8
epsilon_svgd: 0.005
gamma: 0.0005
decay_start_ratio: 0.05
decay_min_factor: 0.05
bandwith_kernel: None
no_interact: False
avg_score: -1246.0400390625
median_score: -1243.5
std_score: 58.90176773071289
percentiles: 2%=-1359.0999755859375, 5%=-1334.1500244140625, 10%=-1323.0999755859375, 25%=-1294.5, 50%=-1243.5, 75%=-1200.75, 90%=-1165.0, 95%=-1161.0, 98%=-1148.9000244140625
ranking_best_algo: SVMMetaModelLogNormal
ranking_best_score: 1233.7999999999997
ranking_my_rank: 1/504 (100.0%)
ranking_my_percent: 100.0
