ConfigName: kjsd__advperagentrankweighted__M3__L20__eps0p01__g0p0005__ds0p1__dm0p05
Problem: NK
Kernel: jsd
Advantage: peragentrankweighted
M: 3
lambda: 20
epsilon_svgd: 0.01
gamma: 0.0005
decay_start_ratio: 0.1
decay_min_factor: 0.05
bandwith_kernel: None
no_interact: False
avg_score: 0.7205007076263428
median_score: 0.7205839157104492
std_score: 0.007302093785256147
percentiles: 2%=0.7049505710601807, 5%=0.7080477476119995, 10%=0.7116414308547974, 25%=0.7166253924369812, 50%=0.7205839157104492, 75%=0.7240461111068726, 90%=0.7296783328056335, 95%=0.7335784435272217, 98%=0.736260712146759
ranking_best_algo: PBIL
ranking_best_score: 0.7170882103515624
ranking_my_rank: 1/504 (100.0%)
ranking_my_percent: 100.0
