ConfigName: krbf__advnormalizedfitness__M3__L12__eps0p025__g0p007__ds0p15__dm0p01
Problem: NK
Kernel: rbf
Advantage: normalizedfitness
M: 3
lambda: 12
epsilon_svgd: 0.025
gamma: 0.007
decay_start_ratio: 0.15
decay_min_factor: 0.01
bandwith_kernel: None
no_interact: False
avg_score: 0.7425556778907776
median_score: 0.7426443099975586
std_score: 0.014226526021957397
percentiles: 2%=0.716249406337738, 5%=0.7193943858146667, 10%=0.7255349159240723, 25%=0.7333920001983643, 50%=0.7426443099975586, 75%=0.750463604927063, 90%=0.7607267498970032, 95%=0.7674767374992371, 98%=0.7729469537734985
ranking_best_algo: Tabu
ranking_best_score: 0.7601875690625
ranking_my_rank: 11/504 (98.0%)
ranking_my_percent: 98.01587301587301
