ConfigName: kjsd__advperagentrankweighted__M5__L10__eps0p02__g0p0005__ds0p2__dm0p05
Problem: QUBO
Kernel: jsd
Advantage: peragentrankweighted
M: 5
lambda: 10
epsilon_svgd: 0.02
gamma: 0.0005
decay_start_ratio: 0.2
decay_min_factor: 0.05
bandwith_kernel: None
no_interact: False
avg_score: -1301.4200439453125
median_score: -1295.0
std_score: 50.751983642578125
percentiles: 2%=-1411.4000244140625, 5%=-1388.75, 10%=-1361.199951171875, 25%=-1332.0, 50%=-1295.0, 75%=-1272.5, 90%=-1233.699951171875, 95%=-1214.75, 98%=-1206.9599609375
ranking_best_algo: BigLognormalDiscreteOnePlusOne
ranking_best_score: 1301.3600000000004
ranking_my_rank: 1/504 (100.0%)
ranking_my_percent: 100.0
