ConfigName: kjsd__advperagentrankweighted__M3__L18__eps0p007__g0p001__ds0p2__dm0p05
Problem: NK
Kernel: jsd
Advantage: peragentrankweighted
M: 3
lambda: 18
epsilon_svgd: 0.007
gamma: 0.001
decay_start_ratio: 0.2
decay_min_factor: 0.05
bandwith_kernel: None
no_interact: False
avg_score: 0.7357523441314697
median_score: 0.7370555400848389
std_score: 0.008505593053996563
percentiles: 2%=0.7182697057723999, 5%=0.7192004919052124, 10%=0.7218764424324036, 25%=0.7309470772743225, 50%=0.7370555400848389, 75%=0.7412246465682983, 90%=0.7456915378570557, 95%=0.7474623322486877, 98%=0.7509765625
ranking_best_algo: PBIL
ranking_best_score: 0.7248786399609374
ranking_my_rank: 1/504 (100.0%)
ranking_my_percent: 100.0
