ConfigName: kjsd__advperagentrankweighted__M3__L16__eps0p007__g0p0005__ds0p05__dm0p2
Problem: NK
Kernel: jsd
Advantage: peragentrankweighted
M: 3
lambda: 16
epsilon_svgd: 0.007
gamma: 0.0005
decay_start_ratio: 0.05
decay_min_factor: 0.2
bandwith_kernel: None
no_interact: False
avg_score: 0.7522056102752686
median_score: 0.7504527568817139
std_score: 0.012638527899980545
percentiles: 2%=0.7300361394882202, 5%=0.733863890171051, 10%=0.7366514205932617, 25%=0.7422555088996887, 50%=0.7504527568817139, 75%=0.7598936557769775, 90%=0.7704436779022217, 95%=0.7759034633636475, 98%=0.7805564403533936
ranking_best_algo: Tabu
ranking_best_score: 0.7470791764843752
ranking_my_rank: 1/504 (100.0%)
ranking_my_percent: 100.0
