ConfigName: kjsd__advperagentrankweighted__M5__L12__eps0p02__g0p0003__ds0p05__dm0p05
Problem: NK
Kernel: jsd
Advantage: peragentrankweighted
M: 5
lambda: 12
epsilon_svgd: 0.02
gamma: 0.0003
decay_start_ratio: 0.05
decay_min_factor: 0.05
bandwith_kernel: None
no_interact: False
avg_score: 0.7039006948471069
median_score: 0.7062628865242004
std_score: 0.012027427554130554
percentiles: 2%=0.6831279397010803, 5%=0.6857675909996033, 10%=0.6876463890075684, 25%=0.6936280727386475, 50%=0.7062628865242004, 75%=0.7145660519599915, 90%=0.7186212539672852, 95%=0.7198522090911865, 98%=0.7208513617515564
ranking_best_algo: PBIL
ranking_best_score: 0.7013553837109374
ranking_my_rank: 1/504 (100.0%)
ranking_my_percent: 100.0
