ConfigName: krbf__advnormalizedfitness__M4__L10__eps0p015__g0p007__ds0p3__dm0p01
Problem: QUBO
Kernel: rbf
Advantage: normalizedfitness
M: 4
lambda: 10
epsilon_svgd: 0.015
gamma: 0.007
decay_start_ratio: 0.3
decay_min_factor: 0.01
bandwith_kernel: None
no_interact: False
avg_score: -201.22000122070312
median_score: -201.5
std_score: 12.67089557647705
percentiles: 2%=-224.0, 5%=-224.0, 10%=-220.10000610351562, 25%=-208.25, 50%=-201.5, 75%=-192.0, 90%=-184.0, 95%=-182.0, 98%=-179.97999572753906
ranking_best_algo: Tabu
ranking_best_score: 208.36000000000004
ranking_my_rank: 41/504 (92.1%)
ranking_my_percent: 92.06349206349206
