ConfigName: kjsd__advperagentrankweighted__M5__L24__eps0p008__g0p0005__ds0p05__dm0p05
Problem: QUBO
Kernel: jsd
Advantage: peragentrankweighted
M: 5
lambda: 24
epsilon_svgd: 0.008
gamma: 0.0005
decay_start_ratio: 0.05
decay_min_factor: 0.05
bandwith_kernel: None
no_interact: False
avg_score: -416.739990234375
median_score: -416.0
std_score: 26.924570083618164
percentiles: 2%=-473.1600036621094, 5%=-461.0, 10%=-451.1000061035156, 25%=-436.25, 50%=-416.0, 75%=-397.5, 90%=-384.0, 95%=-375.79998779296875, 98%=-361.9599914550781
ranking_best_algo: Tabu
ranking_best_score: 438.12
ranking_my_rank: 43/504 (91.7%)
ranking_my_percent: 91.66666666666667
