ConfigName: krbf__advnormalizedfitness__M3__L10__eps0p025__g0p005__ds0p15__dm0p3
Problem: QUBO
Kernel: rbf
Advantage: normalizedfitness
M: 3
lambda: 10
epsilon_svgd: 0.025
gamma: 0.005
decay_start_ratio: 0.15
decay_min_factor: 0.3
bandwith_kernel: None
no_interact: False
avg_score: -309.94000244140625
median_score: -308.0
std_score: 38.08039474487305
percentiles: 2%=-390.0400085449219, 5%=-388.0, 10%=-357.79998779296875, 25%=-336.0, 50%=-308.0, 75%=-276.0, 90%=-268.8999938964844, 95%=-263.8500061035156, 98%=-256.8399658203125
ranking_best_algo: CMApara
ranking_best_score: 319.29999999999995
ranking_my_rank: 67/504 (86.9%)
ranking_my_percent: 86.9047619047619
