ConfigName: krbf__advnormalizedfitness__M2__L10__eps0p025__g0p007__ds0p01__dm0p01
Problem: QUBO
Kernel: rbf
Advantage: normalizedfitness
M: 2
lambda: 10
epsilon_svgd: 0.025
gamma: 0.007
decay_start_ratio: 0.01
decay_min_factor: 0.01
bandwith_kernel: None
no_interact: False
avg_score: -436.1199951171875
median_score: -437.5
std_score: 27.118730545043945
percentiles: 2%=-481.0400085449219, 5%=-473.04998779296875, 10%=-468.1000061035156, 25%=-461.0, 50%=-437.5, 75%=-416.5, 90%=-402.79998779296875, 95%=-390.6499938964844, 98%=-381.79998779296875
ranking_best_algo: CMApara
ranking_best_score: 453.82
ranking_my_rank: 30/504 (94.2%)
ranking_my_percent: 94.24603174603175
