ConfigName: kjsd__advperagentrankweighted__M4__L24__eps0p02__g0p0007__ds0p05__dm0p05
Problem: NK
Kernel: jsd
Advantage: peragentrankweighted
M: 4
lambda: 24
epsilon_svgd: 0.02
gamma: 0.0007
decay_start_ratio: 0.05
decay_min_factor: 0.05
bandwith_kernel: None
no_interact: False
avg_score: 0.7349808216094971
median_score: 0.7363631725311279
std_score: 0.008581633679568768
percentiles: 2%=0.7176651954650879, 5%=0.7197877168655396, 10%=0.7214692831039429, 25%=0.7295525074005127, 50%=0.7363631725311279, 75%=0.7415167689323425, 90%=0.7455012798309326, 95%=0.7468273639678955, 98%=0.748505175113678
ranking_best_algo: PBIL
ranking_best_score: 0.7248786399609374
ranking_my_rank: 1/504 (100.0%)
ranking_my_percent: 100.0
