ConfigName: krbf__advnormalizedfitness__M1__L8__eps0p033__g0p007__ds0p01__dm0p3
Problem: NK
Kernel: rbf
Advantage: normalizedfitness
M: 1
lambda: 8
epsilon_svgd: 0.033
gamma: 0.007
decay_start_ratio: 0.01
decay_min_factor: 0.3
bandwith_kernel: None
no_interact: False
avg_score: 0.7332075238227844
median_score: 0.7317497730255127
std_score: 0.01976638101041317
percentiles: 2%=0.6948413848876953, 5%=0.7026029825210571, 10%=0.713039219379425, 25%=0.7200717329978943, 50%=0.7317497730255127, 75%=0.7453330159187317, 90%=0.7597649097442627, 95%=0.7686091065406799, 98%=0.7744150161743164
ranking_best_algo: Tabu
ranking_best_score: 0.7657846284375001
ranking_my_rank: 146/504 (71.2%)
ranking_my_percent: 71.23015873015873
