ConfigName: kjsd__advperagentrankweighted__M5__L8__eps0p005__g0p0007__ds0p05__dm0p05
Problem: QUBO
Kernel: jsd
Advantage: peragentrankweighted
M: 5
lambda: 8
epsilon_svgd: 0.005
gamma: 0.0007
decay_start_ratio: 0.05
decay_min_factor: 0.05
bandwith_kernel: None
no_interact: False
avg_score: -418.2799987792969
median_score: -418.0
std_score: 24.526752471923828
percentiles: 2%=-473.0400085449219, 5%=-457.29998779296875, 10%=-452.0, 25%=-430.0, 50%=-418.0, 75%=-402.75, 90%=-390.0, 95%=-381.8999938964844, 98%=-373.8399963378906
ranking_best_algo: Tabu
ranking_best_score: 438.12
ranking_my_rank: 37/504 (92.9%)
ranking_my_percent: 92.85714285714286
