ConfigName: kfr__advglobalrankweighted__M2__L7__eps0p015__g0p003__ds0p01__dm0p01
Problem: QUBO
Kernel: fr
Advantage: globalrankweighted
M: 2
lambda: 7
epsilon_svgd: 0.015
gamma: 0.003
decay_start_ratio: 0.01
decay_min_factor: 0.01
bandwith_kernel: None
no_interact: False
avg_score: -1218.739990234375
median_score: -1207.5
std_score: 64.17469787597656
percentiles: 2%=-1352.02001953125, 5%=-1333.3499755859375, 10%=-1318.199951171875, 25%=-1257.0, 50%=-1207.5, 75%=-1171.0, 90%=-1155.699951171875, 95%=-1130.800048828125, 98%=-1116.119873046875
ranking_best_algo: SVMMetaModelLogNormal
ranking_best_score: 1233.7999999999997
ranking_my_rank: 40/504 (92.3%)
ranking_my_percent: 92.26190476190476
