ConfigName: kjsd__advperagentrankweighted__M3__L16__eps0p01__g0p0007__ds0p1__dm0p05
Problem: QUBO
Kernel: jsd
Advantage: peragentrankweighted
M: 3
lambda: 16
epsilon_svgd: 0.01
gamma: 0.0007
decay_start_ratio: 0.1
decay_min_factor: 0.05
bandwith_kernel: None
no_interact: False
avg_score: -425.2200012207031
median_score: -422.0
std_score: 27.1085147857666
percentiles: 2%=-481.0, 5%=-469.1000061035156, 10%=-465.0, 25%=-445.25, 50%=-422.0, 75%=-403.0, 90%=-392.79998779296875, 95%=-385.8999938964844, 98%=-376.9800109863281
ranking_best_algo: CMAL3
ranking_best_score: 435.36
ranking_my_rank: 29/504 (94.4%)
ranking_my_percent: 94.44444444444444
