ConfigName: kfr__advglobalrankweighted__M2__L7__eps0p02__g0p003__ds0p01__dm0p01
Problem: QUBO
Kernel: fr
Advantage: globalrankweighted
M: 2
lambda: 7
epsilon_svgd: 0.02
gamma: 0.003
decay_start_ratio: 0.01
decay_min_factor: 0.01
bandwith_kernel: None
no_interact: False
avg_score: -399.5799865722656
median_score: -397.0
std_score: 27.963254928588867
percentiles: 2%=-469.0400085449219, 5%=-448.0, 10%=-434.0, 25%=-418.0, 50%=-397.0, 75%=-380.0, 90%=-365.79998779296875, 95%=-355.95001220703125, 98%=-349.9599914550781
ranking_best_algo: Tabu
ranking_best_score: 438.12
ranking_my_rank: 227/504 (55.2%)
ranking_my_percent: 55.15873015873016
