ConfigName: kjsd__advperagentrankweighted__M3__L16__eps0p005__g0p0005__ds0p2__dm0p1
Problem: QUBO
Kernel: jsd
Advantage: peragentrankweighted
M: 3
lambda: 16
epsilon_svgd: 0.005
gamma: 0.0005
decay_start_ratio: 0.2
decay_min_factor: 0.1
bandwith_kernel: None
no_interact: False
avg_score: -2594.179931640625
median_score: -2595.0
std_score: 117.46576690673828
percentiles: 2%=-2857.159912109375, 5%=-2786.35009765625, 10%=-2742.0, 25%=-2688.0, 50%=-2595.0, 75%=-2493.0, 90%=-2445.699951171875, 95%=-2428.35009765625, 98%=-2398.47998046875
ranking_best_algo: SVM1MetaModelLogNormal
ranking_best_score: 2605.14
ranking_my_rank: 10/504 (98.2%)
ranking_my_percent: 98.21428571428571
