ConfigName: kjsd__advperagentrankweighted__M3__L20__eps0p007__g0p0005__ds0p05__dm0p1
Problem: NK
Kernel: jsd
Advantage: peragentrankweighted
M: 3
lambda: 20
epsilon_svgd: 0.007
gamma: 0.0005
decay_start_ratio: 0.05
decay_min_factor: 0.1
bandwith_kernel: None
no_interact: False
avg_score: 0.7533179521560669
median_score: 0.7503534555435181
std_score: 0.011763964779675007
percentiles: 2%=0.7346335649490356, 5%=0.7354145050048828, 10%=0.7385058403015137, 25%=0.7452473640441895, 50%=0.7503534555435181, 75%=0.7626913189888, 90%=0.7685899138450623, 95%=0.7741477489471436, 98%=0.7776787877082825
ranking_best_algo: Tabu
ranking_best_score: 0.7470791764843752
ranking_my_rank: 1/504 (100.0%)
ranking_my_percent: 100.0
