ConfigName: kjsd__advperagentrankweighted__M3__L20__eps0p005__g0p0007__ds0p2__dm0p1
Problem: NK
Kernel: jsd
Advantage: peragentrankweighted
M: 3
lambda: 20
epsilon_svgd: 0.005
gamma: 0.0007
decay_start_ratio: 0.2
decay_min_factor: 0.1
bandwith_kernel: None
no_interact: False
avg_score: 0.753455400466919
median_score: 0.7543675899505615
std_score: 0.01432972215116024
percentiles: 2%=0.7259650230407715, 5%=0.7309048175811768, 10%=0.7369917631149292, 25%=0.7423731088638306, 50%=0.7543675899505615, 75%=0.7645223736763, 90%=0.771950900554657, 95%=0.7765682935714722, 98%=0.7816595435142517
ranking_best_algo: Tabu
ranking_best_score: 0.7657846284375001
ranking_my_rank: 9/504 (98.4%)
ranking_my_percent: 98.41269841269842
