ConfigName: krbf__advnormalizedfitness__M2__L6__eps0p01__g0p01__ds0p01__dm0p3
Problem: NK
Kernel: rbf
Advantage: normalizedfitness
M: 2
lambda: 6
epsilon_svgd: 0.01
gamma: 0.01
decay_start_ratio: 0.01
decay_min_factor: 0.3
bandwith_kernel: None
no_interact: False
avg_score: 0.7441790103912354
median_score: 0.7423104643821716
std_score: 0.028919192031025887
percentiles: 2%=0.6951728463172913, 5%=0.702617883682251, 10%=0.7081805467605591, 25%=0.7223033905029297, 50%=0.7423104643821716, 75%=0.7580187320709229, 90%=0.778337299823761, 95%=0.804461658000946, 98%=0.8118547797203064
ranking_best_algo: CMApara
ranking_best_score: 0.7459277895312499
ranking_my_rank: 6/504 (99.0%)
ranking_my_percent: 99.0079365079365
