ConfigName: krbf__advnormalizedfitness__M3__L8__eps0p025__g0p005__ds0p15__dm0p01
Problem: NK
Kernel: rbf
Advantage: normalizedfitness
M: 3
lambda: 8
epsilon_svgd: 0.025
gamma: 0.005
decay_start_ratio: 0.15
decay_min_factor: 0.01
bandwith_kernel: None
no_interact: False
avg_score: 0.7112069725990295
median_score: 0.7010288834571838
std_score: 0.031055904924869537
percentiles: 2%=0.6734704971313477, 5%=0.6743742823600769, 10%=0.678716242313385, 25%=0.6824496388435364, 50%=0.7010288834571838, 75%=0.7460628747940063, 90%=0.7523359060287476, 95%=0.7586009502410889, 98%=0.7613165378570557
ranking_best_algo: CMApara
ranking_best_score: 0.7118996098437498
ranking_my_rank: 3/504 (99.6%)
ranking_my_percent: 99.60317460317461
