ConfigName: kjsd__advperagentrankweighted__M4__L20__eps0p005__g0p0005__ds0p1__dm0p2
Problem: QUBO
Kernel: jsd
Advantage: peragentrankweighted
M: 4
lambda: 20
epsilon_svgd: 0.005
gamma: 0.0005
decay_start_ratio: 0.1
decay_min_factor: 0.2
bandwith_kernel: None
no_interact: False
avg_score: -580.97998046875
median_score: -579.5
std_score: 28.10194969177246
percentiles: 2%=-635.0, 5%=-623.0999755859375, 10%=-617.0, 25%=-600.0, 50%=-579.5, 75%=-561.0, 90%=-544.7000122070312, 95%=-529.0, 98%=-526.9600219726562
ranking_best_algo: Tabu
ranking_best_score: 588.7199999999999
ranking_my_rank: 37/503 (92.8%)
ranking_my_percent: 92.84294234592446
