ConfigName: kjsd__advperagentrankweighted__M5__L12__eps0p008__g0p0005__ds0p05__dm0p05
Problem: QUBO
Kernel: jsd
Advantage: peragentrankweighted
M: 5
lambda: 12
epsilon_svgd: 0.008
gamma: 0.0005
decay_start_ratio: 0.05
decay_min_factor: 0.05
bandwith_kernel: None
no_interact: False
avg_score: -429.5199890136719
median_score: -427.0
std_score: 25.271516799926758
percentiles: 2%=-473.1199951171875, 5%=-471.1000061035156, 10%=-463.3999938964844, 25%=-447.25, 50%=-427.0, 75%=-415.75, 90%=-396.8999938964844, 95%=-383.95001220703125, 98%=-375.94000244140625
ranking_best_algo: CMAL3
ranking_best_score: 435.36
ranking_my_rank: 10/504 (98.2%)
ranking_my_percent: 98.21428571428571
