ConfigName: kjsd__advperagentrankweighted__M6__L24__eps0p008__g0p0005__ds0p3__dm0p05
Problem: QUBO
Kernel: jsd
Advantage: peragentrankweighted
M: 6
lambda: 24
epsilon_svgd: 0.008
gamma: 0.0005
decay_start_ratio: 0.3
decay_min_factor: 0.05
bandwith_kernel: None
no_interact: False
avg_score: -312.29998779296875
median_score: -313.0
std_score: 37.915565490722656
percentiles: 2%=-392.0799865722656, 5%=-390.0, 10%=-358.0, 25%=-334.0, 50%=-313.0, 75%=-276.0, 90%=-268.8999938964844, 95%=-263.95001220703125, 98%=-262.0
ranking_best_algo: CMApara
ranking_best_score: 319.29999999999995
ranking_my_rank: 34/504 (93.5%)
ranking_my_percent: 93.45238095238095
