ConfigName: krbf__advnormalizedfitness__M1__L10__eps0p015__g0p015__ds0p01__dm0p3
Problem: QUBO
Kernel: rbf
Advantage: normalizedfitness
M: 1
lambda: 10
epsilon_svgd: 0.015
gamma: 0.015
decay_start_ratio: 0.01
decay_min_factor: 0.3
bandwith_kernel: None
no_interact: False
avg_score: -195.89999389648438
median_score: -196.0
std_score: 14.95827579498291
percentiles: 2%=-224.0, 5%=-222.0, 10%=-217.10000610351562, 25%=-207.0, 50%=-196.0, 75%=-183.0, 90%=-178.89999389648438, 95%=-172.95001220703125, 98%=-169.8999786376953
ranking_best_algo: Tabu
ranking_best_score: 208.36000000000004
ranking_my_rank: 205/504 (59.5%)
ranking_my_percent: 59.523809523809526
