ConfigName: kjsd__advperagentrankweighted__M5__L12__eps0p03__g0p0007__ds0p05__dm0p05
Problem: QUBO
Kernel: jsd
Advantage: peragentrankweighted
M: 5
lambda: 12
epsilon_svgd: 0.03
gamma: 0.0007
decay_start_ratio: 0.05
decay_min_factor: 0.05
bandwith_kernel: None
no_interact: False
avg_score: -2651.39990234375
median_score: -2642.0
std_score: 119.14881896972656
percentiles: 2%=-2901.47998046875, 5%=-2842.199951171875, 10%=-2803.5, 25%=-2725.0, 50%=-2642.0, 75%=-2572.25, 90%=-2504.199951171875, 95%=-2462.5, 98%=-2431.56005859375
ranking_best_algo: DiscreteLengler2OnePlusOne
ranking_best_score: 2617.04
ranking_my_rank: 1/504 (100.0%)
ranking_my_percent: 100.0
