ConfigName: kjsd__advperagentrankweighted__M4__L24__eps0p03__g0p0005__ds0p2__dm0p05
Problem: QUBO
Kernel: jsd
Advantage: peragentrankweighted
M: 4
lambda: 24
epsilon_svgd: 0.03
gamma: 0.0005
decay_start_ratio: 0.2
decay_min_factor: 0.05
bandwith_kernel: None
no_interact: False
avg_score: -146.94000244140625
median_score: -146.0
std_score: 13.334031105041504
percentiles: 2%=-179.0, 5%=-179.0, 10%=-164.0, 25%=-154.0, 50%=-146.0, 75%=-140.0, 90%=-130.89999389648438, 95%=-124.94999694824219, 98%=-116.9800033569336
ranking_best_algo: CMApara
ranking_best_score: 154.28
ranking_my_rank: 101/504 (80.2%)
ranking_my_percent: 80.15873015873017
