ConfigName: krbf__advnormalizedfitness__M1__L10__eps0p015__g0p005__ds0p15__dm0p3
Problem: QUBO
Kernel: rbf
Advantage: normalizedfitness
M: 1
lambda: 10
epsilon_svgd: 0.015
gamma: 0.005
decay_start_ratio: 0.15
decay_min_factor: 0.3
bandwith_kernel: None
no_interact: False
avg_score: -1600.97998046875
median_score: -1609.5
std_score: 120.44010162353516
percentiles: 2%=-1736.0400390625, 5%=-1717.0, 10%=-1701.0999755859375, 25%=-1660.0, 50%=-1609.5, 75%=-1566.5, 90%=-1531.0, 95%=-1512.5, 98%=-1473.8199462890625
ranking_best_algo: NLOPT_LN_PRAXIS
ranking_best_score: 1607.12
ranking_my_rank: 11/504 (98.0%)
ranking_my_percent: 98.01587301587301
