ConfigName: kjsd__advperagentrankweighted__M3__L18__eps0p005__g0p0005__ds0p1__dm0p2
Problem: QUBO
Kernel: jsd
Advantage: peragentrankweighted
M: 3
lambda: 18
epsilon_svgd: 0.005
gamma: 0.0005
decay_start_ratio: 0.1
decay_min_factor: 0.2
bandwith_kernel: None
no_interact: False
avg_score: -1622.6199951171875
median_score: -1631.0
std_score: 66.4938735961914
percentiles: 2%=-1744.1199951171875, 5%=-1711.5999755859375, 10%=-1703.0999755859375, 25%=-1666.5, 50%=-1631.0, 75%=-1567.25, 90%=-1539.9000244140625, 95%=-1500.949951171875, 98%=-1490.760009765625
ranking_best_algo: NLOPT_LN_PRAXIS
ranking_best_score: 1607.12
ranking_my_rank: 1/504 (100.0%)
ranking_my_percent: 100.0
