ConfigName: kjsd__advperagentrankweighted__M5__L8__eps0p01__g0p0003__ds0p05__dm0p05
Problem: NK
Kernel: jsd
Advantage: peragentrankweighted
M: 5
lambda: 8
epsilon_svgd: 0.01
gamma: 0.0003
decay_start_ratio: 0.05
decay_min_factor: 0.05
bandwith_kernel: None
no_interact: False
avg_score: 0.7095286846160889
median_score: 0.7095587253570557
std_score: 0.006872059777379036
percentiles: 2%=0.6978029012680054, 5%=0.7008886337280273, 10%=0.7015781402587891, 25%=0.7042141556739807, 50%=0.7095587253570557, 75%=0.7135574817657471, 90%=0.7172580361366272, 95%=0.719317615032196, 98%=0.7262207269668579
ranking_best_algo: PBIL
ranking_best_score: 0.7170882103515624
ranking_my_rank: 54/504 (89.5%)
ranking_my_percent: 89.48412698412699
