ConfigName: kjsd__advperagentrankweighted__M3__L30__eps0p005__g0p001__ds0p1__dm0p1
Problem: QUBO
Kernel: jsd
Advantage: peragentrankweighted
M: 3
lambda: 30
epsilon_svgd: 0.005
gamma: 0.001
decay_start_ratio: 0.1
decay_min_factor: 0.1
bandwith_kernel: None
no_interact: False
avg_score: -1186.06005859375
median_score: -1185.0
std_score: 58.63085174560547
percentiles: 2%=-1323.4000244140625, 5%=-1304.1500244140625, 10%=-1262.4000244140625, 25%=-1212.25, 50%=-1185.0, 75%=-1154.75, 90%=-1106.9000244140625, 95%=-1094.800048828125, 98%=-1074.0
ranking_best_algo: Tabu
ranking_best_score: 1216.16
ranking_my_rank: 64/504 (87.5%)
ranking_my_percent: 87.5
