ConfigName: kjsd__advperagentrankweighted__M4__L20__eps0p007__g0p0005__ds0p1__dm0p2
Problem: NK
Kernel: jsd
Advantage: peragentrankweighted
M: 4
lambda: 20
epsilon_svgd: 0.007
gamma: 0.0005
decay_start_ratio: 0.1
decay_min_factor: 0.2
bandwith_kernel: None
no_interact: False
avg_score: 0.7117655873298645
median_score: 0.7000147104263306
std_score: 0.031467605382204056
percentiles: 2%=0.6734704971313477, 5%=0.6748207211494446, 10%=0.6783089637756348, 25%=0.684508204460144, 50%=0.7000147104263306, 75%=0.7474179267883301, 90%=0.7527669072151184, 95%=0.7613165378570557, 98%=0.7613165378570557
ranking_best_algo: CMApara
ranking_best_score: 0.7118996098437498
ranking_my_rank: 2/504 (99.8%)
ranking_my_percent: 99.8015873015873
