ConfigName: kjsd__advperagentrankweighted__M3__L30__eps0p007__g0p001__ds0p2__dm0p2
Problem: NK
Kernel: jsd
Advantage: peragentrankweighted
M: 3
lambda: 30
epsilon_svgd: 0.007
gamma: 0.001
decay_start_ratio: 0.2
decay_min_factor: 0.2
bandwith_kernel: None
no_interact: False
avg_score: 0.7389140129089355
median_score: 0.7390300631523132
std_score: 0.013985531404614449
percentiles: 2%=0.7127481698989868, 5%=0.716574490070343, 10%=0.722137451171875, 25%=0.7312514781951904, 50%=0.7390300631523132, 75%=0.7476693391799927, 90%=0.7557584047317505, 95%=0.7592639327049255, 98%=0.7632503509521484
ranking_best_algo: Tabu
ranking_best_score: 0.7601875690625
ranking_my_rank: 16/504 (97.0%)
ranking_my_percent: 97.02380952380952
