ConfigName: kjsd__advperagentrankweighted__M3__L20__eps0p007__g0p0007__ds0p05__dm0p1
Problem: QUBO
Kernel: jsd
Advantage: peragentrankweighted
M: 3
lambda: 20
epsilon_svgd: 0.007
gamma: 0.0007
decay_start_ratio: 0.05
decay_min_factor: 0.1
bandwith_kernel: None
no_interact: False
avg_score: -1194.6400146484375
median_score: -1190.5
std_score: 61.76868438720703
percentiles: 2%=-1335.3199462890625, 5%=-1298.199951171875, 10%=-1272.0999755859375, 25%=-1233.5, 50%=-1190.5, 75%=-1151.75, 90%=-1125.699951171875, 95%=-1113.6500244140625, 98%=-1071.8399658203125
ranking_best_algo: Tabu
ranking_best_score: 1216.16
ranking_my_rank: 48/504 (90.7%)
ranking_my_percent: 90.67460317460318
