ConfigName: krbf__advnormalizedfitness__M2__L8__eps0p033__g0p005__ds0p15__dm0p3
Problem: QUBO
Kernel: rbf
Advantage: normalizedfitness
M: 2
lambda: 8
epsilon_svgd: 0.033
gamma: 0.005
decay_start_ratio: 0.15
decay_min_factor: 0.3
bandwith_kernel: None
no_interact: False
avg_score: -1160.6400146484375
median_score: -1151.0
std_score: 61.343379974365234
percentiles: 2%=-1307.0400390625, 5%=-1268.050048828125, 10%=-1246.5999755859375, 25%=-1198.5, 50%=-1151.0, 75%=-1117.0, 90%=-1088.9000244140625, 95%=-1073.699951171875, 98%=-1064.4599609375
ranking_best_algo: Tabu
ranking_best_score: 1216.16
ranking_my_rank: 100/504 (80.4%)
ranking_my_percent: 80.35714285714286
