ConfigName: krbf__advnormalizedfitness__M3__L10__eps0p033__g0p015__ds0p15__dm0p3
Problem: QUBO
Kernel: rbf
Advantage: normalizedfitness
M: 3
lambda: 10
epsilon_svgd: 0.033
gamma: 0.015
decay_start_ratio: 0.15
decay_min_factor: 0.3
bandwith_kernel: None
no_interact: False
avg_score: -414.0799865722656
median_score: -412.0
std_score: 30.49579620361328
percentiles: 2%=-477.0, 5%=-471.1000061035156, 10%=-454.29998779296875, 25%=-434.0, 50%=-412.0, 75%=-388.0, 90%=-376.0, 95%=-367.95001220703125, 98%=-363.7199401855469
ranking_best_algo: Tabu
ranking_best_score: 438.12
ranking_my_rank: 57/504 (88.9%)
ranking_my_percent: 88.88888888888889
