ConfigName: kjsd__advperagentrankweighted__M5__L8__eps0p03__g0p0007__ds0p05__dm0p05
Problem: QUBO
Kernel: jsd
Advantage: peragentrankweighted
M: 5
lambda: 8
epsilon_svgd: 0.03
gamma: 0.0007
decay_start_ratio: 0.05
decay_min_factor: 0.05
bandwith_kernel: None
no_interact: False
avg_score: -149.05999755859375
median_score: -146.5
std_score: 13.576316833496094
percentiles: 2%=-179.0, 5%=-179.0, 10%=-164.5, 25%=-155.0, 50%=-146.5, 75%=-141.0, 90%=-135.0, 95%=-124.94999694824219, 98%=-121.9800033569336
ranking_best_algo: CMApara
ranking_best_score: 154.28
ranking_my_rank: 79/504 (84.5%)
ranking_my_percent: 84.52380952380952
