ConfigName: kjsd__advperagentrankweighted__M5__L8__eps0p005__g0p003__ds0p05__dm0p05
Problem: NK
Kernel: jsd
Advantage: peragentrankweighted
M: 5
lambda: 8
epsilon_svgd: 0.005
gamma: 0.003
decay_start_ratio: 0.05
decay_min_factor: 0.05
bandwith_kernel: None
no_interact: False
avg_score: 0.7455384135246277
median_score: 0.7423176169395447
std_score: 0.027964040637016296
percentiles: 2%=0.7042416930198669, 5%=0.706986129283905, 10%=0.7109649181365967, 25%=0.722614049911499, 50%=0.7423176169395447, 75%=0.7580187320709229, 90%=0.7783373594284058, 95%=0.8044298887252808, 98%=0.8109671473503113
ranking_best_algo: CMApara
ranking_best_score: 0.7459277895312499
ranking_my_rank: 2/504 (99.8%)
ranking_my_percent: 99.8015873015873
