ConfigName: krbf__advnormalizedfitness__M5__L15__eps0p03__g0p01__ds0p05__dm0p05
Problem: QUBO
Kernel: rbf
Advantage: normalizedfitness
M: 5
lambda: 15
epsilon_svgd: 0.03
gamma: 0.01
decay_start_ratio: 0.05
decay_min_factor: 0.05
bandwith_kernel: None
no_interact: False
avg_score: -479.8999938964844
median_score: -480.0
std_score: 45.693214416503906
percentiles: 2%=-558.1400146484375, 5%=-553.0, 10%=-536.2999877929688, 25%=-513.25, 50%=-480.0, 75%=-442.5, 90%=-419.0, 95%=-402.8500061035156, 98%=-392.8399963378906
ranking_best_algo: Tabu
ranking_best_score: 588.7199999999999
ranking_my_rank: 271/503 (46.3%)
ranking_my_percent: 46.3220675944334
