ConfigName: kjsd__advperagentrankweighted__M3__L18__eps0p005__g0p0005__ds0p2__dm0p2
Problem: NK
Kernel: jsd
Advantage: peragentrankweighted
M: 3
lambda: 18
epsilon_svgd: 0.005
gamma: 0.0005
decay_start_ratio: 0.2
decay_min_factor: 0.2
bandwith_kernel: None
no_interact: False
avg_score: 0.7346129417419434
median_score: 0.7352688908576965
std_score: 0.008534779772162437
percentiles: 2%=0.7170149683952332, 5%=0.7178929448127747, 10%=0.7212921977043152, 25%=0.7296279072761536, 50%=0.7352688908576965, 75%=0.7413967847824097, 90%=0.7449358105659485, 95%=0.7465136647224426, 98%=0.7473628520965576
ranking_best_algo: PBIL
ranking_best_score: 0.7248786399609374
ranking_my_rank: 1/504 (100.0%)
ranking_my_percent: 100.0
