ConfigName: krbf__advnormalizedfitness__M5__L15__eps0p03__g0p005__ds0p05__dm0p05
Problem: NK
Kernel: rbf
Advantage: normalizedfitness
M: 5
lambda: 15
epsilon_svgd: 0.03
gamma: 0.005
decay_start_ratio: 0.05
decay_min_factor: 0.05
bandwith_kernel: None
no_interact: False
avg_score: 0.7522518038749695
median_score: 0.7532724142074585
std_score: 0.013975103385746479
percentiles: 2%=0.7241793274879456, 5%=0.7284395694732666, 10%=0.7332305312156677, 25%=0.7397512197494507, 50%=0.7532724142074585, 75%=0.7629252076148987, 90%=0.7702974677085876, 95%=0.770704448223114, 98%=0.7723103761672974
ranking_best_algo: Tabu
ranking_best_score: 0.7657846284375001
ranking_my_rank: 13/504 (97.6%)
ranking_my_percent: 97.61904761904762
