ConfigName: kjsd__advperagentrankweighted__M4__L8__eps0p02__g0p0007__ds0p05__dm0p05
Problem: QUBO
Kernel: jsd
Advantage: peragentrankweighted
M: 4
lambda: 8
epsilon_svgd: 0.02
gamma: 0.0007
decay_start_ratio: 0.05
decay_min_factor: 0.05
bandwith_kernel: None
no_interact: False
avg_score: -306.7200012207031
median_score: -305.0
std_score: 38.352073669433594
percentiles: 2%=-392.0799865722656, 5%=-384.20001220703125, 10%=-356.0, 25%=-330.0, 50%=-305.0, 75%=-272.0, 90%=-265.0, 95%=-260.8500061035156, 98%=-255.8000030517578
ranking_best_algo: CMApara
ranking_best_score: 319.29999999999995
ranking_my_rank: 112/504 (78.0%)
ranking_my_percent: 77.97619047619048
