ConfigName: krbf__advnormalizedfitness__M3__L10__eps0p025__g0p007__ds0p01__dm0p01
Problem: NK
Kernel: rbf
Advantage: normalizedfitness
M: 3
lambda: 10
epsilon_svgd: 0.025
gamma: 0.007
decay_start_ratio: 0.01
decay_min_factor: 0.01
bandwith_kernel: None
no_interact: False
avg_score: 0.7075346112251282
median_score: 0.7100136280059814
std_score: 0.011887451633810997
percentiles: 2%=0.6890650391578674, 5%=0.6894382834434509, 10%=0.6916567087173462, 25%=0.6960666179656982, 50%=0.7100136280059814, 75%=0.7176280617713928, 90%=0.721522331237793, 95%=0.7229999899864197, 98%=0.7244672775268555
ranking_best_algo: PBIL
ranking_best_score: 0.7013553837109374
ranking_my_rank: 1/504 (100.0%)
ranking_my_percent: 100.0
