ConfigName: kjsd__advperagentrankweighted__M5__L8__eps0p01__g0p0007__ds0p4__dm0p2
Problem: QUBO
Kernel: jsd
Advantage: peragentrankweighted
M: 5
lambda: 8
epsilon_svgd: 0.01
gamma: 0.0007
decay_start_ratio: 0.4
decay_min_factor: 0.2
bandwith_kernel: None
no_interact: False
avg_score: -2629.139892578125
median_score: -2638.0
std_score: 114.49358367919922
percentiles: 2%=-2814.860107421875, 5%=-2811.10009765625, 10%=-2772.10009765625, 25%=-2714.0, 50%=-2638.0, 75%=-2560.0, 90%=-2484.699951171875, 95%=-2434.89990234375, 98%=-2379.840087890625
ranking_best_algo: DiscreteLengler2OnePlusOne
ranking_best_score: 2617.04
ranking_my_rank: 1/504 (100.0%)
ranking_my_percent: 100.0
