ConfigName: kjsd__advperagentrankweighted__M3__L16__eps0p007__g0p0005__ds0p2__dm0p05
Problem: NK
Kernel: jsd
Advantage: peragentrankweighted
M: 3
lambda: 16
epsilon_svgd: 0.007
gamma: 0.0005
decay_start_ratio: 0.2
decay_min_factor: 0.05
bandwith_kernel: None
no_interact: False
avg_score: 0.7338340878486633
median_score: 0.7355311512947083
std_score: 0.008690090849995613
percentiles: 2%=0.716157078742981, 5%=0.7174943089485168, 10%=0.7206646800041199, 25%=0.727326512336731, 50%=0.7355311512947083, 75%=0.7405600547790527, 90%=0.7436981201171875, 95%=0.7453135848045349, 98%=0.7464057207107544
ranking_best_algo: PBIL
ranking_best_score: 0.7248786399609374
ranking_my_rank: 1/504 (100.0%)
ranking_my_percent: 100.0
