ConfigName: krbf__advnormalizedfitness__M3__L8__eps0p015__g0p007__ds0p3__dm0p3
Problem: NK
Kernel: rbf
Advantage: normalizedfitness
M: 3
lambda: 8
epsilon_svgd: 0.015
gamma: 0.007
decay_start_ratio: 0.3
decay_min_factor: 0.3
bandwith_kernel: None
no_interact: False
avg_score: 0.7104870080947876
median_score: 0.711363673210144
std_score: 0.015388194471597672
percentiles: 2%=0.6711827516555786, 5%=0.6725950241088867, 10%=0.6971631050109863, 25%=0.7075001001358032, 50%=0.711363673210144, 75%=0.7198811173439026, 90%=0.7254780530929565, 95%=0.7322373390197754, 98%=0.7334126234054565
ranking_best_algo: CMApara
ranking_best_score: 0.707475975
ranking_my_rank: 1/504 (100.0%)
ranking_my_percent: 100.0
