ConfigName: krbf__advnormalizedfitness__M4__L10__eps0p03__g0p001__ds0p05__dm0p05
Problem: QUBO
Kernel: rbf
Advantage: normalizedfitness
M: 4
lambda: 10
epsilon_svgd: 0.03
gamma: 0.001
decay_start_ratio: 0.05
decay_min_factor: 0.05
bandwith_kernel: None
no_interact: False
avg_score: -425.2200012207031
median_score: -427.5
std_score: 26.940519332885742
percentiles: 2%=-471.0199890136719, 5%=-469.0, 10%=-462.20001220703125, 25%=-446.25, 50%=-427.5, 75%=-403.75, 90%=-391.79998779296875, 95%=-383.70001220703125, 98%=-373.79998779296875
ranking_best_algo: CMApara
ranking_best_score: 453.82
ranking_my_rank: 123/504 (75.8%)
ranking_my_percent: 75.7936507936508
