ConfigName: krbf__advnormalizedfitness__M4__L12__eps0p033__g0p005__ds0p01__dm0p01
Problem: QUBO
Kernel: rbf
Advantage: normalizedfitness
M: 4
lambda: 12
epsilon_svgd: 0.033
gamma: 0.005
decay_start_ratio: 0.01
decay_min_factor: 0.01
bandwith_kernel: None
no_interact: False
avg_score: -1195.8599853515625
median_score: -1191.0
std_score: 73.94025421142578
percentiles: 2%=-1339.300048828125, 5%=-1318.0, 10%=-1292.300048828125, 25%=-1248.0, 50%=-1191.0, 75%=-1146.5, 90%=-1102.800048828125, 95%=-1082.9000244140625, 98%=-1073.9000244140625
ranking_best_algo: SVMMetaModelLogNormal
ranking_best_score: 1233.7999999999997
ranking_my_rank: 58/504 (88.7%)
ranking_my_percent: 88.69047619047619
