ConfigName: kjsd__advperagentrankweighted__M8__L12__eps0p008__g0p0005__ds0p05__dm0p05
Problem: QUBO
Kernel: jsd
Advantage: peragentrankweighted
M: 8
lambda: 12
epsilon_svgd: 0.008
gamma: 0.0005
decay_start_ratio: 0.05
decay_min_factor: 0.05
bandwith_kernel: None
no_interact: False
avg_score: -949.5599975585938
median_score: -945.0
std_score: 62.862281799316406
percentiles: 2%=-1076.0400390625, 5%=-1068.300048828125, 10%=-1033.199951171875, 25%=-996.0, 50%=-945.0, 75%=-901.5, 90%=-873.0, 95%=-858.2000122070312, 98%=-834.6799926757812
ranking_best_algo: CMApara
ranking_best_score: 964.9
ranking_my_rank: 2/504 (99.8%)
ranking_my_percent: 99.8015873015873
