ConfigName: kjsd__advperagentrankweighted__M5__L10__eps0p02__g0p0007__ds0p2__dm0p05
Problem: QUBO
Kernel: jsd
Advantage: peragentrankweighted
M: 5
lambda: 10
epsilon_svgd: 0.02
gamma: 0.0007
decay_start_ratio: 0.2
decay_min_factor: 0.05
bandwith_kernel: None
no_interact: False
avg_score: -912.0599975585938
median_score: -912.0
std_score: 60.001468658447266
percentiles: 2%=-1042.1199951171875, 5%=-1009.25, 10%=-987.4000244140625, 25%=-953.25, 50%=-912.0, 75%=-872.0, 90%=-828.5, 95%=-816.75, 98%=-808.8599853515625
ranking_best_algo: CMAL3
ranking_best_score: 928.5800000000002
ranking_my_rank: 20/504 (96.2%)
ranking_my_percent: 96.23015873015873
