ConfigName: kjsd__advperagentrankweighted__M4__L10__eps0p01__g0p0005__ds0p4__dm0p05
Problem: QUBO
Kernel: jsd
Advantage: peragentrankweighted
M: 4
lambda: 10
epsilon_svgd: 0.01
gamma: 0.0005
decay_start_ratio: 0.4
decay_min_factor: 0.05
bandwith_kernel: None
no_interact: False
avg_score: -1299.800048828125
median_score: -1301.0
std_score: 50.44343566894531
percentiles: 2%=-1396.300048828125, 5%=-1379.1500244140625, 10%=-1358.0999755859375, 25%=-1331.0, 50%=-1301.0, 75%=-1268.5, 90%=-1230.9000244140625, 95%=-1212.800048828125, 98%=-1189.93994140625
ranking_best_algo: BigLognormalDiscreteOnePlusOne
ranking_best_score: 1301.3600000000004
ranking_my_rank: 2/504 (99.8%)
ranking_my_percent: 99.8015873015873
