ConfigName: kjsd__advperagentrankweighted__M3__L16__eps0p005__g0p0007__ds0p1__dm0p2
Problem: QUBO
Kernel: jsd
Advantage: peragentrankweighted
M: 3
lambda: 16
epsilon_svgd: 0.005
gamma: 0.0007
decay_start_ratio: 0.1
decay_min_factor: 0.2
bandwith_kernel: None
no_interact: False
avg_score: -427.0199890136719
median_score: -426.0
std_score: 24.390972137451172
percentiles: 2%=-475.0799865722656, 5%=-469.0, 10%=-467.0, 25%=-440.0, 50%=-426.0, 75%=-409.0, 90%=-398.8999938964844, 95%=-395.0, 98%=-380.94000244140625
ranking_best_algo: CMAL3
ranking_best_score: 435.36
ranking_my_rank: 20/504 (96.2%)
ranking_my_percent: 96.23015873015873
