ConfigName: krbf__advnormalizedfitness__M3__L15__eps0p03__g0p005__ds0p05__dm0p05
Problem: QUBO
Kernel: rbf
Advantage: normalizedfitness
M: 3
lambda: 15
epsilon_svgd: 0.03
gamma: 0.005
decay_start_ratio: 0.05
decay_min_factor: 0.05
bandwith_kernel: None
no_interact: False
avg_score: -578.0599975585938
median_score: -579.0
std_score: 31.136415481567383
percentiles: 2%=-638.02001953125, 5%=-633.1500244140625, 10%=-615.0, 25%=-597.0, 50%=-579.0, 75%=-553.0, 90%=-539.9000244140625, 95%=-531.9500122070312, 98%=-514.9000244140625
ranking_best_algo: Tabu
ranking_best_score: 588.7199999999999
ranking_my_rank: 42/503 (91.8%)
ranking_my_percent: 91.84890656063618
