ConfigName: kjsd__advperagentrankweighted__M4__L8__eps0p02__g0p0007__ds0p2__dm0p05
Problem: QUBO
Kernel: jsd
Advantage: peragentrankweighted
M: 4
lambda: 8
epsilon_svgd: 0.02
gamma: 0.0007
decay_start_ratio: 0.2
decay_min_factor: 0.05
bandwith_kernel: None
no_interact: False
avg_score: -577.5
median_score: -577.5
std_score: 26.033632278442383
percentiles: 2%=-631.0599975585938, 5%=-621.0499877929688, 10%=-610.0999755859375, 25%=-595.0, 50%=-577.5, 75%=-561.75, 90%=-546.0, 95%=-527.9000244140625, 98%=-522.9199829101562
ranking_best_algo: Tabu
ranking_best_score: 588.7199999999999
ranking_my_rank: 44/503 (91.5%)
ranking_my_percent: 91.45129224652088
