ConfigName: kjsd__advperagentrankweighted__M5__L10__eps0p02__g0p0007__ds0p05__dm0p05
Problem: NK
Kernel: jsd
Advantage: peragentrankweighted
M: 5
lambda: 10
epsilon_svgd: 0.02
gamma: 0.0007
decay_start_ratio: 0.05
decay_min_factor: 0.05
bandwith_kernel: None
no_interact: False
avg_score: 0.7499572038650513
median_score: 0.7483492493629456
std_score: 0.011351587250828743
percentiles: 2%=0.7299643158912659, 5%=0.7329174280166626, 10%=0.7365664839744568, 25%=0.7422409057617188, 50%=0.7483492493629456, 75%=0.7586547136306763, 90%=0.7638800144195557, 95%=0.7689218521118164, 98%=0.774265468120575
ranking_best_algo: Tabu
ranking_best_score: 0.7470791764843752
ranking_my_rank: 1/504 (100.0%)
ranking_my_percent: 100.0
