ConfigName: krbf__advnormalizedfitness__M3__L15__eps0p025__g0p01__ds0p05__dm0p05
Problem: NK
Kernel: rbf
Advantage: normalizedfitness
M: 3
lambda: 15
epsilon_svgd: 0.025
gamma: 0.01
decay_start_ratio: 0.05
decay_min_factor: 0.05
bandwith_kernel: None
no_interact: False
avg_score: 0.726776659488678
median_score: 0.727194607257843
std_score: 0.014656493440270424
percentiles: 2%=0.7007318139076233, 5%=0.7038328647613525, 10%=0.7064293026924133, 25%=0.7150946855545044, 50%=0.727194607257843, 75%=0.7363662719726562, 90%=0.7424705624580383, 95%=0.7530902028083801, 98%=0.7594868540763855
ranking_best_algo: PBIL
ranking_best_score: 0.733570253046875
ranking_my_rank: 6/504 (99.0%)
ranking_my_percent: 99.0079365079365
