ConfigName: kfr__advglobalrankweighted__M2__L7__eps0p015__g0p005__ds0p01__dm0p01
Problem: QUBO
Kernel: fr
Advantage: globalrankweighted
M: 2
lambda: 7
epsilon_svgd: 0.015
gamma: 0.005
decay_start_ratio: 0.01
decay_min_factor: 0.01
bandwith_kernel: None
no_interact: False
avg_score: -1166.6800537109375
median_score: -1162.0
std_score: 68.56498718261719
percentiles: 2%=-1347.0400390625, 5%=-1301.199951171875, 10%=-1265.300048828125, 25%=-1204.0, 50%=-1162.0, 75%=-1118.75, 90%=-1090.0, 95%=-1071.8499755859375, 98%=-1061.9000244140625
ranking_best_algo: Tabu
ranking_best_score: 1216.16
ranking_my_rank: 94/504 (81.5%)
ranking_my_percent: 81.54761904761905
