ConfigName: kjsd__advperagentrankweighted__M4__L20__eps0p005__g0p001__ds0p05__dm0p1
Problem: NK
Kernel: jsd
Advantage: peragentrankweighted
M: 4
lambda: 20
epsilon_svgd: 0.005
gamma: 0.001
decay_start_ratio: 0.05
decay_min_factor: 0.1
bandwith_kernel: None
no_interact: False
avg_score: 0.712233304977417
median_score: 0.6997371912002563
std_score: 0.03113996796309948
percentiles: 2%=0.6737386584281921, 5%=0.6751645803451538, 10%=0.6808682084083557, 25%=0.6845345497131348, 50%=0.6997371912002563, 75%=0.7474179267883301, 90%=0.7530527710914612, 95%=0.7613165378570557, 98%=0.7613165378570557
ranking_best_algo: CMApara
ranking_best_score: 0.7118996098437498
ranking_my_rank: 1/504 (100.0%)
ranking_my_percent: 100.0
