ConfigName: krbf__advnormalizedfitness__M4__L12__eps0p015__g0p01__ds0p3__dm0p3
Problem: NK
Kernel: rbf
Advantage: normalizedfitness
M: 4
lambda: 12
epsilon_svgd: 0.015
gamma: 0.01
decay_start_ratio: 0.3
decay_min_factor: 0.3
bandwith_kernel: None
no_interact: False
avg_score: 0.7092370390892029
median_score: 0.6976951360702515
std_score: 0.03206206485629082
percentiles: 2%=0.6704468131065369, 5%=0.6723450422286987, 10%=0.6755490303039551, 25%=0.6797274947166443, 50%=0.6976951360702515, 75%=0.7444571256637573, 90%=0.7526489496231079, 95%=0.7600775957107544, 98%=0.7605229616165161
ranking_best_algo: CMApara
ranking_best_score: 0.7118996098437498
ranking_my_rank: 56/504 (89.1%)
ranking_my_percent: 89.08730158730158
