ConfigName: kjsd__advperagentrankweighted__M5__L8__eps0p005__g0p0007__ds0p05__dm0p2
Problem: NK
Kernel: jsd
Advantage: peragentrankweighted
M: 5
lambda: 8
epsilon_svgd: 0.005
gamma: 0.0007
decay_start_ratio: 0.05
decay_min_factor: 0.2
bandwith_kernel: None
no_interact: False
avg_score: 0.7104138731956482
median_score: 0.7116823196411133
std_score: 0.015206487849354744
percentiles: 2%=0.6712914705276489, 5%=0.672385036945343, 10%=0.6945841908454895, 25%=0.7075265645980835, 50%=0.7116823196411133, 75%=0.7188474535942078, 90%=0.7253510355949402, 95%=0.731429934501648, 98%=0.7322448492050171
ranking_best_algo: CMApara
ranking_best_score: 0.707475975
ranking_my_rank: 1/504 (100.0%)
ranking_my_percent: 100.0
