ConfigName: krbf__advnormalizedfitness__M3__L15__eps0p033__g0p007__ds0p3__dm0p3
Problem: QUBO
Kernel: rbf
Advantage: normalizedfitness
M: 3
lambda: 15
epsilon_svgd: 0.033
gamma: 0.007
decay_start_ratio: 0.3
decay_min_factor: 0.3
bandwith_kernel: None
no_interact: False
avg_score: -1248.719970703125
median_score: -1243.5
std_score: 76.15052032470703
percentiles: 2%=-1414.1600341796875, 5%=-1379.449951171875, 10%=-1342.9000244140625, 25%=-1296.25, 50%=-1243.5, 75%=-1203.75, 90%=-1150.800048828125, 95%=-1124.800048828125, 98%=-1098.719970703125
ranking_best_algo: BigLognormalDiscreteOnePlusOne
ranking_best_score: 1301.3600000000004
ranking_my_rank: 56/504 (89.1%)
ranking_my_percent: 89.08730158730158
