ConfigName: kjsd__advperagentrankweighted__M8__L12__eps0p008__g0p0005__ds0p05__dm0p05
Problem: QUBO
Kernel: jsd
Advantage: peragentrankweighted
M: 8
lambda: 12
epsilon_svgd: 0.008
gamma: 0.0005
decay_start_ratio: 0.05
decay_min_factor: 0.05
bandwith_kernel: None
no_interact: False
avg_score: -313.7799987792969
median_score: -316.0
std_score: 38.35611343383789
percentiles: 2%=-396.0, 5%=-388.1000061035156, 10%=-361.79998779296875, 25%=-334.5, 50%=-316.0, 75%=-278.75, 90%=-269.8999938964844, 95%=-265.8999938964844, 98%=-260.8999938964844
ranking_best_algo: CMApara
ranking_best_score: 319.29999999999995
ranking_my_rank: 27/504 (94.8%)
ranking_my_percent: 94.84126984126983
