ConfigName: kjsd__advperagentrankweighted__M3__L16__eps0p005__g0p0005__ds0p2__dm0p1
Problem: QUBO
Kernel: jsd
Advantage: peragentrankweighted
M: 3
lambda: 16
epsilon_svgd: 0.005
gamma: 0.0005
decay_start_ratio: 0.2
decay_min_factor: 0.1
bandwith_kernel: None
no_interact: False
avg_score: -927.2000122070312
median_score: -918.5
std_score: 66.39834594726562
percentiles: 2%=-1072.0799560546875, 5%=-1052.0, 10%=-1030.300048828125, 25%=-970.0, 50%=-918.5, 75%=-884.75, 90%=-848.7999877929688, 95%=-833.5499877929688, 98%=-806.9199829101562
ranking_best_algo: CMApara
ranking_best_score: 964.9
ranking_my_rank: 21/504 (96.0%)
ranking_my_percent: 96.03174603174604
