ConfigName: krbf__advnormalizedfitness__M4__L10__eps0p033__g0p01__ds0p3__dm0p01
Problem: NK
Kernel: rbf
Advantage: normalizedfitness
M: 4
lambda: 10
epsilon_svgd: 0.033
gamma: 0.01
decay_start_ratio: 0.3
decay_min_factor: 0.01
bandwith_kernel: None
no_interact: False
avg_score: 0.7107939124107361
median_score: 0.7115306854248047
std_score: 0.014962873421609402
percentiles: 2%=0.6732979416847229, 5%=0.6735842227935791, 10%=0.6971121430397034, 25%=0.7086941599845886, 50%=0.7115306854248047, 75%=0.7200467586517334, 90%=0.7254895567893982, 95%=0.731907844543457, 98%=0.7326193451881409
ranking_best_algo: CMApara
ranking_best_score: 0.707475975
ranking_my_rank: 1/504 (100.0%)
ranking_my_percent: 100.0
