ConfigName: kjsd__advperagentrankweighted__M4__L12__eps0p005__g0p0007__ds0p1__dm0p05
Problem: QUBO
Kernel: jsd
Advantage: peragentrankweighted
M: 4
lambda: 12
epsilon_svgd: 0.005
gamma: 0.0007
decay_start_ratio: 0.1
decay_min_factor: 0.05
bandwith_kernel: None
no_interact: False
avg_score: -417.9800109863281
median_score: -418.0
std_score: 25.221412658691406
percentiles: 2%=-475.0400085449219, 5%=-459.5, 10%=-449.0, 25%=-434.0, 50%=-418.0, 75%=-400.25, 90%=-384.0, 95%=-381.79998779296875, 98%=-370.0
ranking_best_algo: Tabu
ranking_best_score: 438.12
ranking_my_rank: 40/504 (92.3%)
ranking_my_percent: 92.26190476190476
