ConfigName: krbf__advnormalizedfitness__M4__L12__eps0p025__g0p015__ds0p3__dm0p01
Problem: QUBO
Kernel: rbf
Advantage: normalizedfitness
M: 4
lambda: 12
epsilon_svgd: 0.025
gamma: 0.015
decay_start_ratio: 0.3
decay_min_factor: 0.01
bandwith_kernel: None
no_interact: False
avg_score: -405.20001220703125
median_score: -404.0
std_score: 32.49615478515625
percentiles: 2%=-472.0199890136719, 5%=-461.1000061035156, 10%=-448.20001220703125, 25%=-431.5, 50%=-404.0, 75%=-377.0, 90%=-362.70001220703125, 95%=-356.8500061035156, 98%=-350.0
ranking_best_algo: CMApara
ranking_best_score: 453.82
ranking_my_rank: 253/504 (50.0%)
ranking_my_percent: 50.0
