ConfigName: krbf__advnormalizedfitness__M2__L8__eps0p025__g0p005__ds0p01__dm0p3
Problem: QUBO
Kernel: rbf
Advantage: normalizedfitness
M: 2
lambda: 8
epsilon_svgd: 0.025
gamma: 0.005
decay_start_ratio: 0.01
decay_min_factor: 0.3
bandwith_kernel: None
no_interact: False
avg_score: -3227.739990234375
median_score: -3233.0
std_score: 128.9237518310547
percentiles: 2%=-3493.820068359375, 5%=-3448.39990234375, 10%=-3403.199951171875, 25%=-3301.5, 50%=-3233.0, 75%=-3135.25, 90%=-3074.89990234375, 95%=-3025.5, 98%=-2960.719970703125
ranking_best_algo: RLSOnePlusOne
ranking_best_score: 3316.5199999999995
ranking_my_rank: 42/504 (91.9%)
ranking_my_percent: 91.86507936507937
