ConfigName: krbf__advnormalizedfitness__M1__L8__eps0p033__g0p007__ds0p15__dm0p3
Problem: NK
Kernel: rbf
Advantage: normalizedfitness
M: 1
lambda: 8
epsilon_svgd: 0.033
gamma: 0.007
decay_start_ratio: 0.15
decay_min_factor: 0.3
bandwith_kernel: None
no_interact: False
avg_score: 0.7142146229743958
median_score: 0.7141093015670776
std_score: 0.009201169945299625
percentiles: 2%=0.6969354152679443, 5%=0.6991433501243591, 10%=0.7021484375, 25%=0.7094985246658325, 50%=0.7141093015670776, 75%=0.7191704511642456, 90%=0.7273457646369934, 95%=0.7318193912506104, 98%=0.7336677312850952
ranking_best_algo: PBIL
ranking_best_score: 0.7170882103515624
ranking_my_rank: 41/504 (92.1%)
ranking_my_percent: 92.06349206349206
