ConfigName: krbf__advnormalizedfitness__M3__L24__eps0p03__g0p005__ds0p05__dm0p05
Problem: NK
Kernel: rbf
Advantage: normalizedfitness
M: 3
lambda: 24
epsilon_svgd: 0.03
gamma: 0.005
decay_start_ratio: 0.05
decay_min_factor: 0.05
bandwith_kernel: None
no_interact: False
avg_score: 0.7409384250640869
median_score: 0.7413111329078674
std_score: 0.011147251352667809
percentiles: 2%=0.7181879878044128, 5%=0.7231271862983704, 10%=0.7253106832504272, 25%=0.732989490032196, 50%=0.7413111329078674, 75%=0.7492942810058594, 90%=0.753604531288147, 95%=0.7595023512840271, 98%=0.7615396976470947
ranking_best_algo: PBIL
ranking_best_score: 0.733570253046875
ranking_my_rank: 1/504 (100.0%)
ranking_my_percent: 100.0
