ConfigName: kjsd__advperagentrankweighted__M4__L12__eps0p005__g0p001__ds0p1__dm0p2
Problem: QUBO
Kernel: jsd
Advantage: peragentrankweighted
M: 4
lambda: 12
epsilon_svgd: 0.005
gamma: 0.001
decay_start_ratio: 0.1
decay_min_factor: 0.2
bandwith_kernel: None
no_interact: False
avg_score: -418.0400085449219
median_score: -422.0
std_score: 26.395423889160156
percentiles: 2%=-457.0400085449219, 5%=-453.0, 10%=-449.1000061035156, 25%=-438.0, 50%=-422.0, 75%=-405.0, 90%=-377.79998779296875, 95%=-367.8999938964844, 98%=-359.6000061035156
ranking_best_algo: Tabu
ranking_best_score: 438.12
ranking_my_rank: 40/504 (92.3%)
ranking_my_percent: 92.26190476190476
