ConfigName: kjsd__advperagentrankweighted__M3__L16__eps0p007__g0p0005__ds0p1__dm0p05
Problem: NK
Kernel: jsd
Advantage: peragentrankweighted
M: 3
lambda: 16
epsilon_svgd: 0.007
gamma: 0.0005
decay_start_ratio: 0.1
decay_min_factor: 0.05
bandwith_kernel: None
no_interact: False
avg_score: 0.7454858422279358
median_score: 0.7447911500930786
std_score: 0.008495445363223553
percentiles: 2%=0.7275077700614929, 5%=0.7330540418624878, 10%=0.7348620891571045, 25%=0.7389091849327087, 50%=0.7447911500930786, 75%=0.7521282434463501, 90%=0.7566232085227966, 95%=0.7594699859619141, 98%=0.761208176612854
ranking_best_algo: PBIL
ranking_best_score: 0.733570253046875
ranking_my_rank: 1/504 (100.0%)
ranking_my_percent: 100.0
