ConfigName: kjsd__advperagentrankweighted__M5__L8__eps0p02__g0p0003__ds0p05__dm0p05
Problem: QUBO
Kernel: jsd
Advantage: peragentrankweighted
M: 5
lambda: 8
epsilon_svgd: 0.02
gamma: 0.0003
decay_start_ratio: 0.05
decay_min_factor: 0.05
bandwith_kernel: None
no_interact: False
avg_score: -2574.97998046875
median_score: -2557.5
std_score: 127.44976043701172
percentiles: 2%=-2869.0, 5%=-2776.949951171875, 10%=-2744.10009765625, 25%=-2664.25, 50%=-2557.5, 75%=-2472.0, 90%=-2413.60009765625, 95%=-2401.89990234375, 98%=-2388.760009765625
ranking_best_algo: DiscreteLengler2OnePlusOne
ranking_best_score: 2617.04
ranking_my_rank: 48/504 (90.7%)
ranking_my_percent: 90.67460317460318
