ConfigName: kjsd__advperagentrankweighted__M3__L20__eps0p005__g0p001__ds0p1__dm0p2
Problem: QUBO
Kernel: jsd
Advantage: peragentrankweighted
M: 3
lambda: 20
epsilon_svgd: 0.005
gamma: 0.001
decay_start_ratio: 0.1
decay_min_factor: 0.2
bandwith_kernel: None
no_interact: False
avg_score: -577.5599975585938
median_score: -579.0
std_score: 31.31846809387207
percentiles: 2%=-633.0800170898438, 5%=-627.0499877929688, 10%=-616.2999877929688, 25%=-601.5, 50%=-579.0, 75%=-552.75, 90%=-542.7000122070312, 95%=-533.8499755859375, 98%=-520.8200073242188
ranking_best_algo: Tabu
ranking_best_score: 588.7199999999999
ranking_my_rank: 44/503 (91.5%)
ranking_my_percent: 91.45129224652088
