ConfigName: kjsd__advperagentrankweighted__M5__L8__eps0p005__g0p0007__ds0p2__dm0p2
Problem: QUBO
Kernel: jsd
Advantage: peragentrankweighted
M: 5
lambda: 8
epsilon_svgd: 0.005
gamma: 0.0007
decay_start_ratio: 0.2
decay_min_factor: 0.2
bandwith_kernel: None
no_interact: False
avg_score: -1195.719970703125
median_score: -1196.5
std_score: 66.94371795654297
percentiles: 2%=-1357.1199951171875, 5%=-1316.5, 10%=-1276.5, 25%=-1231.25, 50%=-1196.5, 75%=-1150.75, 90%=-1110.9000244140625, 95%=-1101.550048828125, 98%=-1068.9599609375
ranking_best_algo: Tabu
ranking_best_score: 1216.16
ranking_my_rank: 48/504 (90.7%)
ranking_my_percent: 90.67460317460318
