ConfigName: krbf__advnormalizedfitness__M4__L8__eps0p025__g0p007__ds0p3__dm0p3
Problem: NK
Kernel: rbf
Advantage: normalizedfitness
M: 4
lambda: 8
epsilon_svgd: 0.025
gamma: 0.007
decay_start_ratio: 0.3
decay_min_factor: 0.3
bandwith_kernel: None
no_interact: False
avg_score: 0.5997727513313293
median_score: 0.5951583385467529
std_score: 0.015742028132081032
percentiles: 2%=0.5774711966514587, 5%=0.5780358910560608, 10%=0.5827481150627136, 25%=0.5889309644699097, 50%=0.5951583385467529, 75%=0.6072916984558105, 90%=0.6234955191612244, 95%=0.6346313953399658, 98%=0.6405954957008362
ranking_best_algo: PBIL
ranking_best_score: 0.7170882103515624
ranking_my_rank: 360/504 (28.8%)
ranking_my_percent: 28.76984126984127
