ConfigName: kjsd__advperagentrankweighted__M5__L24__eps0p03__g0p0007__ds0p2__dm0p05
Problem: QUBO
Kernel: jsd
Advantage: peragentrankweighted
M: 5
lambda: 24
epsilon_svgd: 0.03
gamma: 0.0007
decay_start_ratio: 0.2
decay_min_factor: 0.05
bandwith_kernel: None
no_interact: False
avg_score: -3274.360107421875
median_score: -3267.5
std_score: 115.59649658203125
percentiles: 2%=-3511.139892578125, 5%=-3449.85009765625, 10%=-3420.699951171875, 25%=-3356.75, 50%=-3267.5, 75%=-3193.25, 90%=-3134.5, 95%=-3113.85009765625, 98%=-3061.360107421875
ranking_best_algo: RLSOnePlusOne
ranking_best_score: 3316.5199999999995
ranking_my_rank: 12/504 (97.8%)
ranking_my_percent: 97.81746031746032
