ConfigName: krbf__advnormalizedfitness__M4__L10__eps0p025__g0p01__ds0p01__dm0p3
Problem: NK
Kernel: rbf
Advantage: normalizedfitness
M: 4
lambda: 10
epsilon_svgd: 0.025
gamma: 0.01
decay_start_ratio: 0.01
decay_min_factor: 0.3
bandwith_kernel: None
no_interact: False
avg_score: 0.747732400894165
median_score: 0.7493215799331665
std_score: 0.0141953956335783
percentiles: 2%=0.7125686407089233, 5%=0.7252236008644104, 10%=0.7286050319671631, 25%=0.7376878261566162, 50%=0.7493215799331665, 75%=0.7580426931381226, 90%=0.7659794092178345, 95%=0.767574667930603, 98%=0.7721798419952393
ranking_best_algo: Tabu
ranking_best_score: 0.7657846284375001
ranking_my_rank: 34/504 (93.5%)
ranking_my_percent: 93.45238095238095
