ConfigName: krbf__advnormalizedfitness__M4__L15__eps0p033__g0p015__ds0p15__dm0p01
Problem: NK
Kernel: rbf
Advantage: normalizedfitness
M: 4
lambda: 15
epsilon_svgd: 0.033
gamma: 0.015
decay_start_ratio: 0.15
decay_min_factor: 0.01
bandwith_kernel: None
no_interact: False
avg_score: 0.5754923820495605
median_score: 0.5748904943466187
std_score: 0.006450843531638384
percentiles: 2%=0.564395010471344, 5%=0.5662221908569336, 10%=0.5686085224151611, 25%=0.5705153942108154, 50%=0.5748904943466187, 75%=0.5790694952011108, 90%=0.5846874117851257, 95%=0.5873118042945862, 98%=0.5897945165634155
ranking_best_algo: PBIL
ranking_best_score: 0.7170882103515624
ranking_my_rank: 385/504 (23.8%)
ranking_my_percent: 23.80952380952381
