ConfigName: krbf__advnormalizedfitness__M3__L10__eps0p015__g0p005__ds0p3__dm0p01
Problem: QUBO
Kernel: rbf
Advantage: normalizedfitness
M: 3
lambda: 10
epsilon_svgd: 0.015
gamma: 0.005
decay_start_ratio: 0.3
decay_min_factor: 0.01
bandwith_kernel: None
no_interact: False
avg_score: -199.44000244140625
median_score: -201.0
std_score: 12.30147933959961
percentiles: 2%=-222.0399932861328, 5%=-221.0500030517578, 10%=-216.10000610351562, 25%=-207.0, 50%=-201.0, 75%=-188.0, 90%=-184.8000030517578, 95%=-182.0, 98%=-169.97999572753906
ranking_best_algo: Tabu
ranking_best_score: 208.36000000000004
ranking_my_rank: 84/504 (83.5%)
ranking_my_percent: 83.53174603174604
