ConfigName: kjsd__advperagentrankweighted__M4__L12__eps0p01__g0p0005__ds0p4__dm0p05
Problem: QUBO
Kernel: jsd
Advantage: peragentrankweighted
M: 4
lambda: 12
epsilon_svgd: 0.01
gamma: 0.0005
decay_start_ratio: 0.4
decay_min_factor: 0.05
bandwith_kernel: None
no_interact: False
avg_score: -138.89999389648438
median_score: -139.0
std_score: 10.871522903442383
percentiles: 2%=-158.02000427246094, 5%=-157.0500030517578, 10%=-156.0, 25%=-146.0, 50%=-139.0, 75%=-131.0, 90%=-125.0, 95%=-122.9000015258789, 98%=-119.0
ranking_best_algo: DiscreteDE
ranking_best_score: 143.4
ranking_my_rank: 94/504 (81.5%)
ranking_my_percent: 81.54761904761905
