ConfigName: kfr__advglobalrankweighted__M3__L11__eps0p015__g0p003__ds0p01__dm0p01
Problem: QUBO
Kernel: fr
Advantage: globalrankweighted
M: 3
lambda: 11
epsilon_svgd: 0.015
gamma: 0.003
decay_start_ratio: 0.01
decay_min_factor: 0.01
bandwith_kernel: None
no_interact: False
avg_score: -412.9800109863281
median_score: -415.5
std_score: 28.248178482055664
percentiles: 2%=-471.1199951171875, 5%=-465.20001220703125, 10%=-446.6000061035156, 25%=-430.25, 50%=-415.5, 75%=-395.0, 90%=-377.6000061035156, 95%=-366.0, 98%=-357.8799743652344
ranking_best_algo: Tabu
ranking_best_score: 438.12
ranking_my_rank: 64/504 (87.5%)
ranking_my_percent: 87.5
