ConfigName: kjsd__advperagentrankweighted__M4__L30__eps0p005__g0p0007__ds0p05__dm0p05
Problem: QUBO
Kernel: jsd
Advantage: peragentrankweighted
M: 4
lambda: 30
epsilon_svgd: 0.005
gamma: 0.0007
decay_start_ratio: 0.05
decay_min_factor: 0.05
bandwith_kernel: None
no_interact: False
avg_score: -1188.0999755859375
median_score: -1195.5
std_score: 69.3017349243164
percentiles: 2%=-1333.52001953125, 5%=-1284.0, 10%=-1268.5999755859375, 25%=-1233.0, 50%=-1195.5, 75%=-1136.5, 90%=-1095.699951171875, 95%=-1073.0, 98%=-1061.56005859375
ranking_best_algo: SVMMetaModelLogNormal
ranking_best_score: 1233.7999999999997
ranking_my_rank: 58/504 (88.7%)
ranking_my_percent: 88.69047619047619
