ConfigName: kjsd__advperagentrankweighted__M3__L16__eps0p01__g0p0005__ds0p1__dm0p1
Problem: NK
Kernel: jsd
Advantage: peragentrankweighted
M: 3
lambda: 16
epsilon_svgd: 0.01
gamma: 0.0005
decay_start_ratio: 0.1
decay_min_factor: 0.1
bandwith_kernel: None
no_interact: False
avg_score: 0.7327594757080078
median_score: 0.7329479455947876
std_score: 0.008814604952931404
percentiles: 2%=0.7149631381034851, 5%=0.7172338366508484, 10%=0.7204298973083496, 25%=0.7269507646560669, 50%=0.7329479455947876, 75%=0.7396743297576904, 90%=0.7433101534843445, 95%=0.746240496635437, 98%=0.7472299337387085
ranking_best_algo: PBIL
ranking_best_score: 0.730509098125
ranking_my_rank: 1/504 (100.0%)
ranking_my_percent: 100.0
