ConfigName: kjsd__advperagentrankweighted__M10__L10__eps0p005__g0p0005__ds0p05__dm0p05
Problem: QUBO
Kernel: jsd
Advantage: peragentrankweighted
M: 10
lambda: 10
epsilon_svgd: 0.005
gamma: 0.0005
decay_start_ratio: 0.05
decay_min_factor: 0.05
bandwith_kernel: None
no_interact: False
avg_score: -2844.0400390625
median_score: -2823.5
std_score: 206.89523315429688
percentiles: 2%=-3267.39990234375, 5%=-3213.85009765625, 10%=-3152.10009765625, 25%=-2995.0, 50%=-2823.5, 75%=-2707.0, 90%=-2577.10009765625, 95%=-2517.60009765625, 98%=-2504.8798828125
ranking_best_algo: RLSOnePlusOne
ranking_best_score: 3316.5199999999995
ranking_my_rank: 154/504 (69.6%)
ranking_my_percent: 69.64285714285714
