ConfigName: krbf__advnormalizedfitness__M2__L8__eps0p015__g0p01__ds0p01__dm0p01
Problem: QUBO
Kernel: rbf
Advantage: normalizedfitness
M: 2
lambda: 8
epsilon_svgd: 0.015
gamma: 0.01
decay_start_ratio: 0.01
decay_min_factor: 0.01
bandwith_kernel: None
no_interact: False
avg_score: -912.1199951171875
median_score: -910.0
std_score: 63.19688034057617
percentiles: 2%=-1026.1600341796875, 5%=-1022.0999755859375, 10%=-991.7000122070312, 25%=-955.5, 50%=-910.0, 75%=-865.75, 90%=-832.7999877929688, 95%=-812.8499755859375, 98%=-796.3800048828125
ranking_best_algo: CMAL3
ranking_best_score: 928.5800000000002
ranking_my_rank: 20/504 (96.2%)
ranking_my_percent: 96.23015873015873
