ConfigName: kjsd__advperagentrankweighted__M4__L20__eps0p005__g0p0005__ds0p2__dm0p2
Problem: QUBO
Kernel: jsd
Advantage: peragentrankweighted
M: 4
lambda: 20
epsilon_svgd: 0.005
gamma: 0.0005
decay_start_ratio: 0.2
decay_min_factor: 0.2
bandwith_kernel: None
no_interact: False
avg_score: -2620.06005859375
median_score: -2603.0
std_score: 128.39344787597656
percentiles: 2%=-2872.5, 5%=-2838.64990234375, 10%=-2804.199951171875, 25%=-2704.25, 50%=-2603.0, 75%=-2523.75, 90%=-2465.5, 95%=-2418.699951171875, 98%=-2397.919921875
ranking_best_algo: DiscreteLengler2OnePlusOne
ranking_best_score: 2617.04
ranking_my_rank: 1/504 (100.0%)
ranking_my_percent: 100.0
