ConfigName: kjsd__advperagentrankweighted__M5__L24__eps0p03__g0p0005__ds0p05__dm0p05
Problem: NK
Kernel: jsd
Advantage: peragentrankweighted
M: 5
lambda: 24
epsilon_svgd: 0.03
gamma: 0.0005
decay_start_ratio: 0.05
decay_min_factor: 0.05
bandwith_kernel: None
no_interact: False
avg_score: 0.7066189646720886
median_score: 0.7091270685195923
std_score: 0.011881706304848194
percentiles: 2%=0.6858403086662292, 5%=0.687515139579773, 10%=0.6899576783180237, 25%=0.6962355375289917, 50%=0.7091270685195923, 75%=0.7169368267059326, 90%=0.7211963534355164, 95%=0.7219604849815369, 98%=0.723109245300293
ranking_best_algo: PBIL
ranking_best_score: 0.7013553837109374
ranking_my_rank: 1/504 (100.0%)
ranking_my_percent: 100.0
