ConfigName: kjsd__advperagentrankweighted__M4__L20__eps0p007__g0p0005__ds0p1__dm0p2
Problem: NK
Kernel: jsd
Advantage: peragentrankweighted
M: 4
lambda: 20
epsilon_svgd: 0.007
gamma: 0.0005
decay_start_ratio: 0.1
decay_min_factor: 0.2
bandwith_kernel: None
no_interact: False
avg_score: 0.7111222743988037
median_score: 0.7113863229751587
std_score: 0.008907318115234375
percentiles: 2%=0.6957045197486877, 5%=0.6976526379585266, 10%=0.6988973021507263, 25%=0.7040055990219116, 50%=0.7113863229751587, 75%=0.7163821458816528, 90%=0.722895085811615, 95%=0.7271220088005066, 98%=0.7329612970352173
ranking_best_algo: PBIL
ranking_best_score: 0.7170882103515624
ranking_my_rank: 42/504 (91.9%)
ranking_my_percent: 91.86507936507937
