ConfigName: kjsd__advperagentrankweighted__M3__L18__eps0p01__g0p0007__ds0p05__dm0p1
Problem: QUBO
Kernel: jsd
Advantage: peragentrankweighted
M: 3
lambda: 18
epsilon_svgd: 0.01
gamma: 0.0007
decay_start_ratio: 0.05
decay_min_factor: 0.1
bandwith_kernel: None
no_interact: False
avg_score: -1189.9599609375
median_score: -1183.5
std_score: 58.39809799194336
percentiles: 2%=-1329.239990234375, 5%=-1279.300048828125, 10%=-1262.0999755859375, 25%=-1229.75, 50%=-1183.5, 75%=-1147.25, 90%=-1115.800048828125, 95%=-1106.0, 98%=-1089.3800048828125
ranking_best_algo: Tabu
ranking_best_score: 1216.16
ranking_my_rank: 55/504 (89.3%)
ranking_my_percent: 89.28571428571429
