ConfigName: kjsd__advperagentrankweighted__M3__L18__eps0p005__g0p003__ds0p1__dm0p05
Problem: NK
Kernel: jsd
Advantage: peragentrankweighted
M: 3
lambda: 18
epsilon_svgd: 0.005
gamma: 0.003
decay_start_ratio: 0.1
decay_min_factor: 0.05
bandwith_kernel: None
no_interact: False
avg_score: 0.7525473237037659
median_score: 0.7551381587982178
std_score: 0.0135837746784091
percentiles: 2%=0.7258343696594238, 5%=0.7296658158302307, 10%=0.7352350950241089, 25%=0.742810845375061, 50%=0.7551381587982178, 75%=0.7602492570877075, 90%=0.7684941291809082, 95%=0.771827220916748, 98%=0.7776706218719482
ranking_best_algo: Tabu
ranking_best_score: 0.7657846284375001
ranking_my_rank: 10/504 (98.2%)
ranking_my_percent: 98.21428571428571
