ConfigName: kjsd__advperagentrankweighted__M3__L18__eps0p01__g0p0005__ds0p2__dm0p05
Problem: QUBO
Kernel: jsd
Advantage: peragentrankweighted
M: 3
lambda: 18
epsilon_svgd: 0.01
gamma: 0.0005
decay_start_ratio: 0.2
decay_min_factor: 0.05
bandwith_kernel: None
no_interact: False
avg_score: -407.5
median_score: -402.5
std_score: 26.46337127685547
percentiles: 2%=-452.4200134277344, 5%=-448.1000061035156, 10%=-446.0, 25%=-426.5, 50%=-402.5, 75%=-387.75, 90%=-378.0, 95%=-368.0, 98%=-357.9599914550781
ranking_best_algo: Tabu
ranking_best_score: 438.12
ranking_my_rank: 158/504 (68.8%)
ranking_my_percent: 68.84920634920636
