ConfigName: kjsd__advperagentrankweighted__M3__L18__eps0p007__g0p003__ds0p2__dm0p2
Problem: QUBO
Kernel: jsd
Advantage: peragentrankweighted
M: 3
lambda: 18
epsilon_svgd: 0.007
gamma: 0.003
decay_start_ratio: 0.2
decay_min_factor: 0.2
bandwith_kernel: None
no_interact: False
avg_score: -309.1000061035156
median_score: -305.0
std_score: 39.13758087158203
percentiles: 2%=-398.0400085449219, 5%=-392.0, 10%=-359.20001220703125, 25%=-334.5, 50%=-305.0, 75%=-272.0, 90%=-263.8999938964844, 95%=-260.0, 98%=-257.9200134277344
ranking_best_algo: CMApara
ranking_best_score: 319.29999999999995
ranking_my_rank: 81/504 (84.1%)
ranking_my_percent: 84.12698412698413
