ConfigName: kjsd__advperagentrankweighted__M5__L8__eps0p03__g0p0007__ds0p05__dm0p05
Problem: QUBO
Kernel: jsd
Advantage: peragentrankweighted
M: 5
lambda: 8
epsilon_svgd: 0.03
gamma: 0.0007
decay_start_ratio: 0.05
decay_min_factor: 0.05
bandwith_kernel: None
no_interact: False
avg_score: -3203.919921875
median_score: -3198.0
std_score: 127.25688934326172
percentiles: 2%=-3498.43994140625, 5%=-3466.050048828125, 10%=-3373.699951171875, 25%=-3267.0, 50%=-3198.0, 75%=-3114.75, 90%=-3049.39990234375, 95%=-3015.75, 98%=-2980.52001953125
ranking_best_algo: RLSOnePlusOne
ranking_best_score: 3316.5199999999995
ranking_my_rank: 53/504 (89.7%)
ranking_my_percent: 89.68253968253968
