ConfigName: kfr__advglobalrankweighted__M4__L12__eps0p02__g0p003__ds0p01__dm0p01
Problem: QUBO
Kernel: fr
Advantage: globalrankweighted
M: 4
lambda: 12
epsilon_svgd: 0.02
gamma: 0.003
decay_start_ratio: 0.01
decay_min_factor: 0.01
bandwith_kernel: None
no_interact: False
avg_score: -199.97999572753906
median_score: -200.0
std_score: 12.445062637329102
percentiles: 2%=-224.0, 5%=-222.0, 10%=-217.10000610351562, 25%=-207.0, 50%=-200.0, 75%=-191.75, 90%=-182.0, 95%=-178.95001220703125, 98%=-175.97999572753906
ranking_best_algo: Tabu
ranking_best_score: 208.36000000000004
ranking_my_rank: 55/504 (89.3%)
ranking_my_percent: 89.28571428571429
