ConfigName: krbf__advnormalizedfitness__M3__L12__eps0p033__g0p005__ds0p3__dm0p01
Problem: QUBO
Kernel: rbf
Advantage: normalizedfitness
M: 3
lambda: 12
epsilon_svgd: 0.033
gamma: 0.005
decay_start_ratio: 0.3
decay_min_factor: 0.01
bandwith_kernel: None
no_interact: False
avg_score: -137.6999969482422
median_score: -138.5
std_score: 12.338152885437012
percentiles: 2%=-160.0, 5%=-158.0, 10%=-153.10000610351562, 25%=-146.0, 50%=-138.5, 75%=-128.0, 90%=-122.80000305175781, 95%=-114.95000457763672, 98%=-112.95999145507812
ranking_best_algo: DiscreteDE
ranking_best_score: 143.4
ranking_my_rank: 118/504 (76.8%)
ranking_my_percent: 76.78571428571429
