ConfigName: kjsd__advperagentrankweighted__M3__L24__eps0p007__g0p001__ds0p1__dm0p1
Problem: QUBO
Kernel: jsd
Advantage: peragentrankweighted
M: 3
lambda: 24
epsilon_svgd: 0.007
gamma: 0.001
decay_start_ratio: 0.1
decay_min_factor: 0.1
bandwith_kernel: None
no_interact: False
avg_score: -1313.4200439453125
median_score: -1306.0
std_score: 53.801151275634766
percentiles: 2%=-1425.0400390625, 5%=-1409.3499755859375, 10%=-1390.199951171875, 25%=-1345.5, 50%=-1306.0, 75%=-1282.75, 90%=-1249.0, 95%=-1228.8499755859375, 98%=-1218.3599853515625
ranking_best_algo: BigLognormalDiscreteOnePlusOne
ranking_best_score: 1301.3600000000004
ranking_my_rank: 1/504 (100.0%)
ranking_my_percent: 100.0
