ConfigName: krbf__advnormalizedfitness__M2__L10__eps0p015__g0p007__ds0p15__dm0p3
Problem: QUBO
Kernel: rbf
Advantage: normalizedfitness
M: 2
lambda: 10
epsilon_svgd: 0.015
gamma: 0.007
decay_start_ratio: 0.15
decay_min_factor: 0.3
bandwith_kernel: None
no_interact: False
avg_score: -2516.800048828125
median_score: -2514.5
std_score: 132.683837890625
percentiles: 2%=-2765.52001953125, 5%=-2752.14990234375, 10%=-2669.699951171875, 25%=-2615.75, 50%=-2514.5, 75%=-2434.25, 90%=-2346.800048828125, 95%=-2298.35009765625, 98%=-2250.260009765625
ranking_best_algo: SVM1MetaModelLogNormal
ranking_best_score: 2605.14
ranking_my_rank: 60/504 (88.3%)
ranking_my_percent: 88.2936507936508
