ConfigName: krbf__advnormalizedfitness__M3__L10__eps0p03__g0p005__ds0p15__dm0p05
Problem: NK
Kernel: rbf
Advantage: normalizedfitness
M: 3
lambda: 10
epsilon_svgd: 0.03
gamma: 0.005
decay_start_ratio: 0.15
decay_min_factor: 0.05
bandwith_kernel: None
no_interact: False
avg_score: 0.7097625136375427
median_score: 0.7108454704284668
std_score: 0.015275631099939346
percentiles: 2%=0.6703803539276123, 5%=0.6734437942504883, 10%=0.6958283185958862, 25%=0.7065939903259277, 50%=0.7108454704284668, 75%=0.7191164493560791, 90%=0.7254582643508911, 95%=0.7322788834571838, 98%=0.7328428626060486
ranking_best_algo: CMApara
ranking_best_score: 0.707475975
ranking_my_rank: 1/504 (100.0%)
ranking_my_percent: 100.0
