ConfigName: krbf__advnormalizedfitness__M2__L10__eps0p015__g0p015__ds0p15__dm0p01
Problem: QUBO
Kernel: rbf
Advantage: normalizedfitness
M: 2
lambda: 10
epsilon_svgd: 0.015
gamma: 0.015
decay_start_ratio: 0.15
decay_min_factor: 0.01
bandwith_kernel: None
no_interact: False
avg_score: -426.760009765625
median_score: -424.0
std_score: 27.214378356933594
percentiles: 2%=-481.0, 5%=-477.1000061035156, 10%=-467.0, 25%=-443.0, 50%=-424.0, 75%=-408.75, 90%=-395.0, 95%=-384.8500061035156, 98%=-368.8800048828125
ranking_best_algo: CMAL3
ranking_best_score: 435.36
ranking_my_rank: 21/504 (96.0%)
ranking_my_percent: 96.03174603174604
