ConfigName: kfr__advglobalrankweighted__M1__L11__eps0p02__g0p003__ds0p01__dm0p01
Problem: QUBO
Kernel: fr
Advantage: globalrankweighted
M: 1
lambda: 11
epsilon_svgd: 0.02
gamma: 0.003
decay_start_ratio: 0.01
decay_min_factor: 0.01
bandwith_kernel: None
no_interact: False
avg_score: -3097.780029296875
median_score: -3084.5
std_score: 140.73988342285156
percentiles: 2%=-3411.739990234375, 5%=-3346.5, 10%=-3277.800048828125, 25%=-3166.5, 50%=-3084.5, 75%=-2990.75, 90%=-2945.89990234375, 95%=-2919.800048828125, 98%=-2848.719970703125
ranking_best_algo: RLSOnePlusOne
ranking_best_score: 3316.5199999999995
ranking_my_rank: 84/504 (83.5%)
ranking_my_percent: 83.53174603174604
