ConfigName: krbf__advnormalizedfitness__M4__L15__eps0p015__g0p005__ds0p15__dm0p01
Problem: QUBO
Kernel: rbf
Advantage: normalizedfitness
M: 4
lambda: 15
epsilon_svgd: 0.015
gamma: 0.005
decay_start_ratio: 0.15
decay_min_factor: 0.01
bandwith_kernel: None
no_interact: False
avg_score: -2645.02001953125
median_score: -2628.0
std_score: 257.0546875
percentiles: 2%=-3126.0, 5%=-3034.300048828125, 10%=-2968.800048828125, 25%=-2814.75, 50%=-2628.0, 75%=-2464.75, 90%=-2321.60009765625, 95%=-2249.400146484375, 98%=-2174.739990234375
ranking_best_algo: RLSOnePlusOne
ranking_best_score: 3316.5199999999995
ranking_my_rank: 196/504 (61.3%)
ranking_my_percent: 61.30952380952381
