ConfigName: krbf__advnormalizedfitness__M4__L15__eps0p025__g0p005__ds0p3__dm0p3
Problem: NK
Kernel: rbf
Advantage: normalizedfitness
M: 4
lambda: 15
epsilon_svgd: 0.025
gamma: 0.005
decay_start_ratio: 0.3
decay_min_factor: 0.3
bandwith_kernel: None
no_interact: False
avg_score: 0.6837735176086426
median_score: 0.6831207275390625
std_score: 0.015314988791942596
percentiles: 2%=0.65234375, 5%=0.6611744165420532, 10%=0.6639060974121094, 25%=0.6750290393829346, 50%=0.6831207275390625, 75%=0.6933127045631409, 90%=0.7033947110176086, 95%=0.7094570398330688, 98%=0.7178949117660522
ranking_best_algo: PBIL
ranking_best_score: 0.733570253046875
ranking_my_rank: 190/504 (62.5%)
ranking_my_percent: 62.5
