ConfigName: kjsd__advperagentrankweighted__M4__L8__eps0p005__g0p0005__ds0p4__dm0p05
Problem: QUBO
Kernel: jsd
Advantage: peragentrankweighted
M: 4
lambda: 8
epsilon_svgd: 0.005
gamma: 0.0005
decay_start_ratio: 0.4
decay_min_factor: 0.05
bandwith_kernel: None
no_interact: False
avg_score: -2646.080078125
median_score: -2639.0
std_score: 112.81291198730469
percentiles: 2%=-2876.280029296875, 5%=-2841.0, 10%=-2778.89990234375, 25%=-2730.25, 50%=-2639.0, 75%=-2567.75, 90%=-2508.39990234375, 95%=-2441.800048828125, 98%=-2432.580078125
ranking_best_algo: DiscreteLengler2OnePlusOne
ranking_best_score: 2617.04
ranking_my_rank: 1/504 (100.0%)
ranking_my_percent: 100.0
