ConfigName: krbf__advnormalizedfitness__M3__L8__eps0p033__g0p015__ds0p3__dm0p3
Problem: NK
Kernel: rbf
Advantage: normalizedfitness
M: 3
lambda: 8
epsilon_svgd: 0.033
gamma: 0.015
decay_start_ratio: 0.3
decay_min_factor: 0.3
bandwith_kernel: None
no_interact: False
avg_score: 0.6031872630119324
median_score: 0.600285530090332
std_score: 0.016706492751836777
percentiles: 2%=0.581351637840271, 5%=0.5833000540733337, 10%=0.5849928259849548, 25%=0.5925173759460449, 50%=0.600285530090332, 75%=0.6101471185684204, 90%=0.624618411064148, 95%=0.6297189593315125, 98%=0.6467589139938354
ranking_best_algo: PBIL
ranking_best_score: 0.7170882103515624
ranking_my_rank: 353/504 (30.2%)
ranking_my_percent: 30.158730158730158
