ConfigName: kjsd__advperagentrankweighted__M5__L12__eps0p02__g0p0003__ds0p2__dm0p05
Problem: QUBO
Kernel: jsd
Advantage: peragentrankweighted
M: 5
lambda: 12
epsilon_svgd: 0.02
gamma: 0.0003
decay_start_ratio: 0.2
decay_min_factor: 0.05
bandwith_kernel: None
no_interact: False
avg_score: -2599.699951171875
median_score: -2589.5
std_score: 108.95811462402344
percentiles: 2%=-2830.10009765625, 5%=-2800.10009765625, 10%=-2744.300048828125, 25%=-2662.75, 50%=-2589.5, 75%=-2522.0, 90%=-2465.89990234375, 95%=-2415.75, 98%=-2406.820068359375
ranking_best_algo: DiscreteLengler2OnePlusOne
ranking_best_score: 2617.04
ranking_my_rank: 10/504 (98.2%)
ranking_my_percent: 98.21428571428571
