ConfigName: kjsd__advperagentrankweighted__M3__L24__eps0p007__g0p001__ds0p1__dm0p05
Problem: QUBO
Kernel: jsd
Advantage: peragentrankweighted
M: 3
lambda: 24
epsilon_svgd: 0.007
gamma: 0.001
decay_start_ratio: 0.1
decay_min_factor: 0.05
bandwith_kernel: None
no_interact: False
avg_score: -1306.5
median_score: -1308.5
std_score: 57.82810974121094
percentiles: 2%=-1427.239990234375, 5%=-1405.050048828125, 10%=-1381.4000244140625, 25%=-1341.0, 50%=-1308.5, 75%=-1264.25, 90%=-1234.9000244140625, 95%=-1215.8499755859375, 98%=-1206.760009765625
ranking_best_algo: BigLognormalDiscreteOnePlusOne
ranking_best_score: 1301.3600000000004
ranking_my_rank: 1/504 (100.0%)
ranking_my_percent: 100.0
