ConfigName: kjsd__advperagentrankweighted__M4__L12__eps0p005__g0p001__ds0p1__dm0p2
Problem: QUBO
Kernel: jsd
Advantage: peragentrankweighted
M: 4
lambda: 12
epsilon_svgd: 0.005
gamma: 0.001
decay_start_ratio: 0.1
decay_min_factor: 0.2
bandwith_kernel: None
no_interact: False
avg_score: -2511.800048828125
median_score: -2497.0
std_score: 144.5064697265625
percentiles: 2%=-2810.219970703125, 5%=-2726.85009765625, 10%=-2716.5, 25%=-2617.25, 50%=-2497.0, 75%=-2405.25, 90%=-2342.0, 95%=-2291.60009765625, 98%=-2227.800048828125
ranking_best_algo: SVM1MetaModelLogNormal
ranking_best_score: 2605.14
ranking_my_rank: 61/504 (88.1%)
ranking_my_percent: 88.0952380952381
