ConfigName: krbf__advnormalizedfitness__M1__L8__eps0p033__g0p005__ds0p15__dm0p01
Problem: QUBO
Kernel: rbf
Advantage: normalizedfitness
M: 1
lambda: 8
epsilon_svgd: 0.033
gamma: 0.005
decay_start_ratio: 0.15
decay_min_factor: 0.01
bandwith_kernel: None
no_interact: False
avg_score: -410.4599914550781
median_score: -415.0
std_score: 49.748050689697266
percentiles: 2%=-470.1400146484375, 5%=-465.1000061035156, 10%=-459.0, 25%=-435.25, 50%=-415.0, 75%=-391.75, 90%=-373.8999938964844, 95%=-363.6500244140625, 98%=-347.59991455078125
ranking_best_algo: CMApara
ranking_best_score: 453.82
ranking_my_rank: 236/504 (53.4%)
ranking_my_percent: 53.37301587301587
