ConfigName: krbf__advnormalizedfitness__M2__L8__eps0p025__g0p007__ds0p01__dm0p3
Problem: QUBO
Kernel: rbf
Advantage: normalizedfitness
M: 2
lambda: 8
epsilon_svgd: 0.025
gamma: 0.007
decay_start_ratio: 0.01
decay_min_factor: 0.3
bandwith_kernel: None
no_interact: False
avg_score: -1288.0
median_score: -1281.0
std_score: 59.49806594848633
percentiles: 2%=-1410.1800537109375, 5%=-1396.0, 10%=-1377.0, 25%=-1325.0, 50%=-1281.0, 75%=-1246.5, 90%=-1214.699951171875, 95%=-1200.9000244140625, 98%=-1186.9599609375
ranking_best_algo: BigLognormalDiscreteOnePlusOne
ranking_best_score: 1301.3600000000004
ranking_my_rank: 4/504 (99.4%)
ranking_my_percent: 99.4047619047619
