ConfigName: kjsd__advperagentrankweighted__M5__L8__eps0p005__g0p003__ds0p05__dm0p05
Problem: NK
Kernel: jsd
Advantage: peragentrankweighted
M: 5
lambda: 8
epsilon_svgd: 0.005
gamma: 0.003
decay_start_ratio: 0.05
decay_min_factor: 0.05
bandwith_kernel: None
no_interact: False
avg_score: 0.7102187871932983
median_score: 0.7111497521400452
std_score: 0.015244410373270512
percentiles: 2%=0.6718912124633789, 5%=0.672598659992218, 10%=0.6963905692100525, 25%=0.7065442800521851, 50%=0.7111497521400452, 75%=0.7196332216262817, 90%=0.7253086566925049, 95%=0.7315685749053955, 98%=0.7318013906478882
ranking_best_algo: CMApara
ranking_best_score: 0.707475975
ranking_my_rank: 1/504 (100.0%)
ranking_my_percent: 100.0
