ConfigName: krbf__advnormalizedfitness__M4__L15__eps0p025__g0p007__ds0p3__dm0p01
Problem: QUBO
Kernel: rbf
Advantage: normalizedfitness
M: 4
lambda: 15
epsilon_svgd: 0.025
gamma: 0.007
decay_start_ratio: 0.3
decay_min_factor: 0.01
bandwith_kernel: None
no_interact: False
avg_score: -1124.97998046875
median_score: -1118.0
std_score: 70.03241729736328
percentiles: 2%=-1273.0799560546875, 5%=-1241.0999755859375, 10%=-1221.199951171875, 25%=-1178.25, 50%=-1118.0, 75%=-1067.75, 90%=-1048.0, 95%=-1017.8500366210938, 98%=-1008.9400024414062
ranking_best_algo: Tabu
ranking_best_score: 1216.16
ranking_my_rank: 161/504 (68.3%)
ranking_my_percent: 68.25396825396825
