ConfigName: krbf__advnormalizedfitness__M3__L12__eps0p025__g0p01__ds0p15__dm0p01
Problem: QUBO
Kernel: rbf
Advantage: normalizedfitness
M: 3
lambda: 12
epsilon_svgd: 0.025
gamma: 0.01
decay_start_ratio: 0.15
decay_min_factor: 0.01
bandwith_kernel: None
no_interact: False
avg_score: -427.32000732421875
median_score: -427.5
std_score: 27.53865623474121
percentiles: 2%=-479.0799865722656, 5%=-473.0, 10%=-461.3999938964844, 25%=-446.0, 50%=-427.5, 75%=-412.5, 90%=-389.8999938964844, 95%=-376.9000244140625, 98%=-369.7199401855469
ranking_best_algo: CMAL3
ranking_best_score: 435.36
ranking_my_rank: 19/504 (96.4%)
ranking_my_percent: 96.42857142857143
