ConfigName: kfr__advglobalrankweighted__M1__L9__eps0p02__g0p007__ds0p01__dm0p01
Problem: QUBO
Kernel: fr
Advantage: globalrankweighted
M: 1
lambda: 9
epsilon_svgd: 0.02
gamma: 0.007
decay_start_ratio: 0.01
decay_min_factor: 0.01
bandwith_kernel: None
no_interact: False
avg_score: -901.6599731445312
median_score: -892.5
std_score: 65.9771499633789
percentiles: 2%=-1043.02001953125, 5%=-1016.2999877929688, 10%=-991.4000244140625, 25%=-942.0, 50%=-892.5, 75%=-869.0, 90%=-821.7000122070312, 95%=-796.6500244140625, 98%=-770.5198974609375
ranking_best_algo: CMApara
ranking_best_score: 964.9
ranking_my_rank: 111/504 (78.2%)
ranking_my_percent: 78.17460317460318
