ConfigName: krbf__advnormalizedfitness__M4__L8__eps0p025__g0p01__ds0p3__dm0p01
Problem: QUBO
Kernel: rbf
Advantage: normalizedfitness
M: 4
lambda: 8
epsilon_svgd: 0.025
gamma: 0.01
decay_start_ratio: 0.3
decay_min_factor: 0.01
bandwith_kernel: None
no_interact: False
avg_score: -1200.9599609375
median_score: -1205.5
std_score: 77.90878295898438
percentiles: 2%=-1336.219970703125, 5%=-1322.3499755859375, 10%=-1303.800048828125, 25%=-1260.25, 50%=-1205.5, 75%=-1146.25, 90%=-1089.699951171875, 95%=-1077.949951171875, 98%=-1075.93994140625
ranking_best_algo: BigLognormalDiscreteOnePlusOne
ranking_best_score: 1301.3600000000004
ranking_my_rank: 84/504 (83.5%)
ranking_my_percent: 83.53174603174604
