ConfigName: kjsd__advperagentrankweighted__M3__L16__eps0p005__g0p003__ds0p2__dm0p05
Problem: QUBO
Kernel: jsd
Advantage: peragentrankweighted
M: 3
lambda: 16
epsilon_svgd: 0.005
gamma: 0.003
decay_start_ratio: 0.2
decay_min_factor: 0.05
bandwith_kernel: None
no_interact: False
avg_score: -1210.4000244140625
median_score: -1219.0
std_score: 82.21691131591797
percentiles: 2%=-1385.0799560546875, 5%=-1346.0999755859375, 10%=-1329.5, 25%=-1262.75, 50%=-1219.0, 75%=-1145.0, 90%=-1104.0, 95%=-1070.5, 98%=-1055.93994140625
ranking_best_algo: BigLognormalDiscreteOnePlusOne
ranking_best_score: 1301.3600000000004
ranking_my_rank: 82/504 (83.9%)
ranking_my_percent: 83.92857142857143
