ConfigName: krbf__advnormalizedfitness__M1__L8__eps0p015__g0p007__ds0p3__dm0p3
Problem: QUBO
Kernel: rbf
Advantage: normalizedfitness
M: 1
lambda: 8
epsilon_svgd: 0.015
gamma: 0.007
decay_start_ratio: 0.3
decay_min_factor: 0.3
bandwith_kernel: None
no_interact: False
avg_score: -899.5
median_score: -888.5
std_score: 75.27184295654297
percentiles: 2%=-1050.4000244140625, 5%=-1036.1500244140625, 10%=-1015.0, 25%=-952.75, 50%=-888.5, 75%=-849.5, 90%=-814.4000244140625, 95%=-792.300048828125, 98%=-761.0
ranking_best_algo: CMApara
ranking_best_score: 964.9
ranking_my_rank: 120/504 (76.4%)
ranking_my_percent: 76.38888888888889
