ConfigName: krbf__advnormalizedfitness__M3__L8__eps0p015__g0p005__ds0p01__dm0p3
Problem: QUBO
Kernel: rbf
Advantage: normalizedfitness
M: 3
lambda: 8
epsilon_svgd: 0.015
gamma: 0.005
decay_start_ratio: 0.01
decay_min_factor: 0.3
bandwith_kernel: None
no_interact: False
avg_score: -137.6999969482422
median_score: -139.0
std_score: 12.49119758605957
percentiles: 2%=-159.0, 5%=-157.0500030517578, 10%=-156.0, 25%=-146.0, 50%=-139.0, 75%=-129.0, 90%=-120.80000305175781, 95%=-117.0, 98%=-112.91998291015625
ranking_best_algo: DiscreteDE
ranking_best_score: 143.4
ranking_my_rank: 118/504 (76.8%)
ranking_my_percent: 76.78571428571429
