ConfigName: kfr__advglobalrankweighted__M4__L9__eps0p015__g0p003__ds0p01__dm0p01
Problem: QUBO
Kernel: fr
Advantage: globalrankweighted
M: 4
lambda: 9
epsilon_svgd: 0.015
gamma: 0.003
decay_start_ratio: 0.01
decay_min_factor: 0.01
bandwith_kernel: None
no_interact: False
avg_score: -1289.739990234375
median_score: -1282.5
std_score: 62.57884979248047
percentiles: 2%=-1419.300048828125, 5%=-1392.0, 10%=-1370.5, 25%=-1337.0, 50%=-1282.5, 75%=-1246.25, 90%=-1209.9000244140625, 95%=-1200.5999755859375, 98%=-1172.9200439453125
ranking_best_algo: BigLognormalDiscreteOnePlusOne
ranking_best_score: 1301.3600000000004
ranking_my_rank: 3/504 (99.6%)
ranking_my_percent: 99.60317460317461
