ConfigName: kjsd__advperagentrankweighted__M3__L18__eps0p01__g0p001__ds0p1__dm0p05
Problem: NK
Kernel: jsd
Advantage: peragentrankweighted
M: 3
lambda: 18
epsilon_svgd: 0.01
gamma: 0.001
decay_start_ratio: 0.1
decay_min_factor: 0.05
bandwith_kernel: None
no_interact: False
avg_score: 0.7555788159370422
median_score: 0.7545133829116821
std_score: 0.01105568278580904
percentiles: 2%=0.736610472202301, 5%=0.7392901182174683, 10%=0.7425890564918518, 25%=0.7470500469207764, 50%=0.7545133829116821, 75%=0.7626938819885254, 90%=0.7711518406867981, 95%=0.7734856605529785, 98%=0.7762599587440491
ranking_best_algo: Tabu
ranking_best_score: 0.7470791764843752
ranking_my_rank: 1/504 (100.0%)
ranking_my_percent: 100.0
