ConfigName: kjsd__advperagentrankweighted__M3__L20__eps0p01__g0p0005__ds0p05__dm0p1
Problem: NK
Kernel: jsd
Advantage: peragentrankweighted
M: 3
lambda: 20
epsilon_svgd: 0.01
gamma: 0.0005
decay_start_ratio: 0.05
decay_min_factor: 0.1
bandwith_kernel: None
no_interact: False
avg_score: 0.7370501160621643
median_score: 0.7357053756713867
std_score: 0.013459295965731144
percentiles: 2%=0.7151873707771301, 5%=0.7172821164131165, 10%=0.7220379710197449, 25%=0.726462721824646, 50%=0.7357053756713867, 75%=0.7462288737297058, 90%=0.7551478147506714, 95%=0.7590603828430176, 98%=0.7662023901939392
ranking_best_algo: Tabu
ranking_best_score: 0.7601875690625
ranking_my_rank: 20/504 (96.2%)
ranking_my_percent: 96.23015873015873
