ConfigName: kjsd__advperagentrankweighted__M3__L20__eps0p007__g0p003__ds0p05__dm0p2
Problem: NK
Kernel: jsd
Advantage: peragentrankweighted
M: 3
lambda: 20
epsilon_svgd: 0.007
gamma: 0.003
decay_start_ratio: 0.05
decay_min_factor: 0.2
bandwith_kernel: None
no_interact: False
avg_score: 0.7526122331619263
median_score: 0.7541348934173584
std_score: 0.013387841172516346
percentiles: 2%=0.7238231301307678, 5%=0.7280621528625488, 10%=0.7345322370529175, 25%=0.7445386052131653, 50%=0.7541348934173584, 75%=0.7607802152633667, 90%=0.7702417373657227, 95%=0.7706820964813232, 98%=0.7738859057426453
ranking_best_algo: Tabu
ranking_best_score: 0.7657846284375001
ranking_my_rank: 10/504 (98.2%)
ranking_my_percent: 98.21428571428571
