ConfigName: krbf__advnormalizedfitness__M2__L8__eps0p015__g0p015__ds0p01__dm0p3
Problem: NK
Kernel: rbf
Advantage: normalizedfitness
M: 2
lambda: 8
epsilon_svgd: 0.015
gamma: 0.015
decay_start_ratio: 0.01
decay_min_factor: 0.3
bandwith_kernel: None
no_interact: False
avg_score: 0.7446491122245789
median_score: 0.7423176169395447
std_score: 0.028227591887116432
percentiles: 2%=0.7037177085876465, 5%=0.7075810432434082, 10%=0.7102927565574646, 25%=0.72236567735672, 50%=0.7423176169395447, 75%=0.7580187320709229, 90%=0.7773389220237732, 95%=0.8044298887252808, 98%=0.8104747533798218
ranking_best_algo: CMApara
ranking_best_score: 0.7459277895312499
ranking_my_rank: 3/504 (99.6%)
ranking_my_percent: 99.60317460317461
