ConfigName: krbf__advnormalizedfitness__M4__L8__eps0p025__g0p007__ds0p3__dm0p01
Problem: NK
Kernel: rbf
Advantage: normalizedfitness
M: 4
lambda: 8
epsilon_svgd: 0.025
gamma: 0.007
decay_start_ratio: 0.3
decay_min_factor: 0.01
bandwith_kernel: None
no_interact: False
avg_score: 0.7445207238197327
median_score: 0.7423140406608582
std_score: 0.028165370225906372
percentiles: 2%=0.6976422667503357, 5%=0.7081727981567383, 10%=0.7120628356933594, 25%=0.7216469049453735, 50%=0.7423140406608582, 75%=0.761308491230011, 90%=0.7736844420433044, 95%=0.8044298887252808, 98%=0.804578423500061
ranking_best_algo: CMApara
ranking_best_score: 0.7459277895312499
ranking_my_rank: 3/504 (99.6%)
ranking_my_percent: 99.60317460317461
