ConfigName: kjsd__advperagentrankweighted__M4__L20__eps0p007__g0p0005__ds0p05__dm0p1
Problem: QUBO
Kernel: jsd
Advantage: peragentrankweighted
M: 4
lambda: 20
epsilon_svgd: 0.007
gamma: 0.0005
decay_start_ratio: 0.05
decay_min_factor: 0.1
bandwith_kernel: None
no_interact: False
avg_score: -2588.56005859375
median_score: -2582.0
std_score: 110.7306900024414
percentiles: 2%=-2824.159912109375, 5%=-2784.5, 10%=-2739.5, 25%=-2665.25, 50%=-2582.0, 75%=-2498.0, 90%=-2447.699951171875, 95%=-2429.699951171875, 98%=-2412.760009765625
ranking_best_algo: SVM1MetaModelLogNormal
ranking_best_score: 2605.14
ranking_my_rank: 11/504 (98.0%)
ranking_my_percent: 98.01587301587301
