ConfigName: krbf__advnormalizedfitness__M4__L10__eps0p033__g0p007__ds0p3__dm0p01
Problem: QUBO
Kernel: rbf
Advantage: normalizedfitness
M: 4
lambda: 10
epsilon_svgd: 0.033
gamma: 0.007
decay_start_ratio: 0.3
decay_min_factor: 0.01
bandwith_kernel: None
no_interact: False
avg_score: -313.4200134277344
median_score: -317.0
std_score: 37.21913146972656
percentiles: 2%=-396.0400085449219, 5%=-388.20001220703125, 10%=-359.5999755859375, 25%=-334.0, 50%=-317.0, 75%=-276.5, 90%=-269.79998779296875, 95%=-266.0, 98%=-261.97998046875
ranking_best_algo: CMApara
ranking_best_score: 319.29999999999995
ranking_my_rank: 29/504 (94.4%)
ranking_my_percent: 94.44444444444444
