ConfigName: kjsd__advperagentrankweighted__M3__L30__eps0p005__g0p001__ds0p2__dm0p05
Problem: QUBO
Kernel: jsd
Advantage: peragentrankweighted
M: 3
lambda: 30
epsilon_svgd: 0.005
gamma: 0.001
decay_start_ratio: 0.2
decay_min_factor: 0.05
bandwith_kernel: None
no_interact: False
avg_score: -1187.1400146484375
median_score: -1185.0
std_score: 63.63018035888672
percentiles: 2%=-1337.239990234375, 5%=-1297.199951171875, 10%=-1263.0, 25%=-1228.25, 50%=-1185.0, 75%=-1148.75, 90%=-1114.699951171875, 95%=-1088.5, 98%=-1072.9200439453125
ranking_best_algo: Tabu
ranking_best_score: 1216.16
ranking_my_rank: 64/504 (87.5%)
ranking_my_percent: 87.5
