ConfigName: krbf__advnormalizedfitness__M3__L8__eps0p033__g0p005__ds0p3__dm0p01
Problem: QUBO
Kernel: rbf
Advantage: normalizedfitness
M: 3
lambda: 8
epsilon_svgd: 0.033
gamma: 0.005
decay_start_ratio: 0.3
decay_min_factor: 0.01
bandwith_kernel: None
no_interact: False
avg_score: -138.16000366210938
median_score: -139.0
std_score: 12.038869857788086
percentiles: 2%=-159.02000427246094, 5%=-158.0, 10%=-156.10000610351562, 25%=-146.0, 50%=-139.0, 75%=-130.0, 90%=-122.80000305175781, 95%=-121.0, 98%=-113.0
ranking_best_algo: DiscreteDE
ranking_best_score: 143.4
ranking_my_rank: 113/504 (77.8%)
ranking_my_percent: 77.77777777777777
