ConfigName: kjsd__advperagentrankweighted__M4__L20__eps0p005__g0p0005__ds0p1__dm0p05
Problem: QUBO
Kernel: jsd
Advantage: peragentrankweighted
M: 4
lambda: 20
epsilon_svgd: 0.005
gamma: 0.0005
decay_start_ratio: 0.1
decay_min_factor: 0.05
bandwith_kernel: None
no_interact: False
avg_score: -418.3599853515625
median_score: -419.0
std_score: 25.103591918945312
percentiles: 2%=-467.0400085449219, 5%=-457.1000061035156, 10%=-452.20001220703125, 25%=-438.0, 50%=-419.0, 75%=-396.0, 90%=-385.79998779296875, 95%=-382.0, 98%=-375.9599914550781
ranking_best_algo: Tabu
ranking_best_score: 438.12
ranking_my_rank: 37/504 (92.9%)
ranking_my_percent: 92.85714285714286
