ConfigName: kjsd__advperagentrankweighted__M4__L12__eps0p005__g0p0003__ds0p05__dm0p05
Problem: QUBO
Kernel: jsd
Advantage: peragentrankweighted
M: 4
lambda: 12
epsilon_svgd: 0.005
gamma: 0.0003
decay_start_ratio: 0.05
decay_min_factor: 0.05
bandwith_kernel: None
no_interact: False
avg_score: -917.6599731445312
median_score: -910.0
std_score: 64.27802276611328
percentiles: 2%=-1046.239990234375, 5%=-1029.300048828125, 10%=-1011.0, 25%=-963.5, 50%=-910.0, 75%=-881.5, 90%=-833.7000122070312, 95%=-818.7000122070312, 98%=-796.9199829101562
ranking_best_algo: CMAL3
ranking_best_score: 928.5800000000002
ranking_my_rank: 13/504 (97.6%)
ranking_my_percent: 97.61904761904762
