ConfigName: kjsd__advperagentrankweighted__M4__L12__eps0p005__g0p0007__ds0p1__dm0p05
Problem: NK
Kernel: jsd
Advantage: peragentrankweighted
M: 4
lambda: 12
epsilon_svgd: 0.005
gamma: 0.0007
decay_start_ratio: 0.1
decay_min_factor: 0.05
bandwith_kernel: None
no_interact: False
avg_score: 0.7359669208526611
median_score: 0.7369734048843384
std_score: 0.008611020632088184
percentiles: 2%=0.717603862285614, 5%=0.7197544574737549, 10%=0.7212097644805908, 25%=0.7315635085105896, 50%=0.7369734048843384, 75%=0.7429789304733276, 90%=0.7457564473152161, 95%=0.747148871421814, 98%=0.7483781576156616
ranking_best_algo: PBIL
ranking_best_score: 0.7248786399609374
ranking_my_rank: 1/504 (100.0%)
ranking_my_percent: 100.0
