ConfigName: krbf__advnormalizedfitness__M3__L12__eps0p033__g0p01__ds0p3__dm0p3
Problem: QUBO
Kernel: rbf
Advantage: normalizedfitness
M: 3
lambda: 12
epsilon_svgd: 0.033
gamma: 0.01
decay_start_ratio: 0.3
decay_min_factor: 0.3
bandwith_kernel: None
no_interact: False
avg_score: -329.0400085449219
median_score: -334.0
std_score: 19.999958038330078
percentiles: 2%=-372.0, 5%=-354.0, 10%=-350.0, 25%=-342.0, 50%=-334.0, 75%=-319.5, 90%=-301.79998779296875, 95%=-291.9000244140625, 98%=-282.0
ranking_best_algo: CMApara
ranking_best_score: 344.22
ranking_my_rank: 83/504 (83.7%)
ranking_my_percent: 83.73015873015873
