ConfigName: kjsd__advperagentrankweighted__M3__L18__eps0p007__g0p0007__ds0p1__dm0p1
Problem: QUBO
Kernel: jsd
Advantage: peragentrankweighted
M: 3
lambda: 18
epsilon_svgd: 0.007
gamma: 0.0007
decay_start_ratio: 0.1
decay_min_factor: 0.1
bandwith_kernel: None
no_interact: False
avg_score: -903.97998046875
median_score: -900.0
std_score: 60.39088821411133
percentiles: 2%=-1022.0399780273438, 5%=-1010.1500244140625, 10%=-995.2000122070312, 25%=-949.25, 50%=-900.0, 75%=-857.5, 90%=-831.7000122070312, 95%=-814.9000244140625, 98%=-805.0
ranking_best_algo: CMAL3
ranking_best_score: 928.5800000000002
ranking_my_rank: 66/504 (87.1%)
ranking_my_percent: 87.10317460317461
