ConfigName: kjsd__advperagentrankweighted__M3__L30__eps0p007__g0p001__ds0p2__dm0p1
Problem: NK
Kernel: jsd
Advantage: peragentrankweighted
M: 3
lambda: 30
epsilon_svgd: 0.007
gamma: 0.001
decay_start_ratio: 0.2
decay_min_factor: 0.1
bandwith_kernel: None
no_interact: False
avg_score: 0.7376294136047363
median_score: 0.7390646934509277
std_score: 0.008974036201834679
percentiles: 2%=0.7173068523406982, 5%=0.7196080684661865, 10%=0.7243363857269287, 25%=0.7319329977035522, 50%=0.7390646934509277, 75%=0.7442029118537903, 90%=0.7476585507392883, 95%=0.7502836585044861, 98%=0.7529966235160828
ranking_best_algo: PBIL
ranking_best_score: 0.730509098125
ranking_my_rank: 1/504 (100.0%)
ranking_my_percent: 100.0
