ConfigName: krbf__advnormalizedfitness__M4__L8__eps0p033__g0p01__ds0p01__dm0p01
Problem: QUBO
Kernel: rbf
Advantage: normalizedfitness
M: 4
lambda: 8
epsilon_svgd: 0.033
gamma: 0.01
decay_start_ratio: 0.01
decay_min_factor: 0.01
bandwith_kernel: None
no_interact: False
avg_score: -140.5800018310547
median_score: -141.0
std_score: 11.739830017089844
percentiles: 2%=-161.0, 5%=-159.0500030517578, 10%=-157.10000610351562, 25%=-148.25, 50%=-141.0, 75%=-131.0, 90%=-126.80000305175781, 95%=-122.70002746582031, 98%=-117.0
ranking_best_algo: DiscreteDE
ranking_best_score: 143.4
ranking_my_rank: 78/504 (84.7%)
ranking_my_percent: 84.72222222222223
