ConfigName: kjsd__advperagentrankweighted__M3__L16__eps0p007__g0p003__ds0p1__dm0p05
Problem: QUBO
Kernel: jsd
Advantage: peragentrankweighted
M: 3
lambda: 16
epsilon_svgd: 0.007
gamma: 0.003
decay_start_ratio: 0.1
decay_min_factor: 0.05
bandwith_kernel: None
no_interact: False
avg_score: -426.260009765625
median_score: -425.0
std_score: 26.50155258178711
percentiles: 2%=-479.0400085449219, 5%=-469.1000061035156, 10%=-464.1000061035156, 25%=-444.75, 50%=-425.0, 75%=-409.0, 90%=-394.70001220703125, 95%=-385.79998779296875, 98%=-376.8599853515625
ranking_best_algo: CMAL3
ranking_best_score: 435.36
ranking_my_rank: 23/504 (95.6%)
ranking_my_percent: 95.63492063492063
