ConfigName: kfr__advglobalrankweighted__M6__L8__eps0p01__g0p007__ds0p01__dm0p01
Problem: QUBO
Kernel: fr
Advantage: globalrankweighted
M: 6
lambda: 8
epsilon_svgd: 0.01
gamma: 0.007
decay_start_ratio: 0.01
decay_min_factor: 0.01
bandwith_kernel: None
no_interact: False
avg_score: -407.739990234375
median_score: -410.0
std_score: 27.406064987182617
percentiles: 2%=-465.20001220703125, 5%=-444.45001220703125, 10%=-441.1000061035156, 25%=-428.0, 50%=-410.0, 75%=-385.75, 90%=-370.0, 95%=-360.0, 98%=-358.0
ranking_best_algo: Tabu
ranking_best_score: 438.12
ranking_my_rank: 155/504 (69.4%)
ranking_my_percent: 69.44444444444444
