ConfigName: kjsd__advperagentrankweighted__M4__L20__eps0p005__g0p0005__ds0p1__dm0p05
Problem: NK
Kernel: jsd
Advantage: peragentrankweighted
M: 4
lambda: 20
epsilon_svgd: 0.005
gamma: 0.0005
decay_start_ratio: 0.1
decay_min_factor: 0.05
bandwith_kernel: None
no_interact: False
avg_score: 0.7569034099578857
median_score: 0.7574577927589417
std_score: 0.01390413474291563
percentiles: 2%=0.727516770362854, 5%=0.7349011301994324, 10%=0.7387319207191467, 25%=0.7473518252372742, 50%=0.7574577927589417, 75%=0.7658339738845825, 90%=0.7763403654098511, 95%=0.77961665391922, 98%=0.7830500602722168
ranking_best_algo: Tabu
ranking_best_score: 0.7657846284375001
ranking_my_rank: 2/504 (99.8%)
ranking_my_percent: 99.8015873015873
