ConfigName: kjsd__advperagentrankweighted__M4__L30__eps0p005__g0p0003__ds0p4__dm0p05
Problem: NK
Kernel: jsd
Advantage: peragentrankweighted
M: 4
lambda: 30
epsilon_svgd: 0.005
gamma: 0.0003
decay_start_ratio: 0.4
decay_min_factor: 0.05
bandwith_kernel: None
no_interact: False
avg_score: 0.7077658176422119
median_score: 0.7101577520370483
std_score: 0.011855559423565865
percentiles: 2%=0.6888644695281982, 5%=0.6901114583015442, 10%=0.6927754878997803, 25%=0.6963614821434021, 50%=0.7101577520370483, 75%=0.7180234789848328, 90%=0.7216269373893738, 95%=0.7242065668106079, 98%=0.7250935435295105
ranking_best_algo: PBIL
ranking_best_score: 0.7013553837109374
ranking_my_rank: 1/504 (100.0%)
ranking_my_percent: 100.0
