ConfigName: kfr__advglobalrankweighted__M4__L12__eps0p015__g0p003__ds0p01__dm0p01
Problem: QUBO
Kernel: fr
Advantage: globalrankweighted
M: 4
lambda: 12
epsilon_svgd: 0.015
gamma: 0.003
decay_start_ratio: 0.01
decay_min_factor: 0.01
bandwith_kernel: None
no_interact: False
avg_score: -904.280029296875
median_score: -898.0
std_score: 59.97718048095703
percentiles: 2%=-1031.260009765625, 5%=-1008.5499877929688, 10%=-985.2999877929688, 25%=-944.25, 50%=-898.0, 75%=-864.75, 90%=-827.9000244140625, 95%=-816.800048828125, 98%=-791.9400024414062
ranking_best_algo: CMAL3
ranking_best_score: 928.5800000000002
ranking_my_rank: 66/504 (87.1%)
ranking_my_percent: 87.10317460317461
