ConfigName: kjsd__advperagentrankweighted__M4__L8__eps0p005__g0p0005__ds0p05__dm0p2
Problem: NK
Kernel: jsd
Advantage: peragentrankweighted
M: 4
lambda: 8
epsilon_svgd: 0.005
gamma: 0.0005
decay_start_ratio: 0.05
decay_min_factor: 0.2
bandwith_kernel: None
no_interact: False
avg_score: 0.7428624033927917
median_score: 0.7390961647033691
std_score: 0.028086112812161446
percentiles: 2%=0.7042382955551147, 5%=0.7069152593612671, 10%=0.7108441591262817, 25%=0.7209627628326416, 50%=0.7390961647033691, 75%=0.7580187320709229, 90%=0.7780020236968994, 95%=0.8044298887252808, 98%=0.8109671473503113
ranking_best_algo: CMApara
ranking_best_score: 0.7459277895312499
ranking_my_rank: 14/504 (97.4%)
ranking_my_percent: 97.42063492063492
