ConfigName: krbf__advnormalizedfitness__M4__L12__eps0p025__g0p015__ds0p01__dm0p3
Problem: QUBO
Kernel: rbf
Advantage: normalizedfitness
M: 4
lambda: 12
epsilon_svgd: 0.025
gamma: 0.015
decay_start_ratio: 0.01
decay_min_factor: 0.3
bandwith_kernel: None
no_interact: False
avg_score: -717.1199951171875
median_score: -699.0
std_score: 81.42582702636719
percentiles: 2%=-895.4000244140625, 5%=-862.5499877929688, 10%=-825.0, 25%=-779.0, 50%=-699.0, 75%=-662.0, 90%=-633.5999755859375, 95%=-592.9000244140625, 98%=-582.7999267578125
ranking_best_algo: CMApara
ranking_best_score: 964.9
ranking_my_rank: 331/504 (34.5%)
ranking_my_percent: 34.523809523809526
