ConfigName: kjsd__advperagentrankweighted__M3__L16__eps0p01__g0p0007__ds0p05__dm0p2
Problem: QUBO
Kernel: jsd
Advantage: peragentrankweighted
M: 3
lambda: 16
epsilon_svgd: 0.01
gamma: 0.0007
decay_start_ratio: 0.05
decay_min_factor: 0.2
bandwith_kernel: None
no_interact: False
avg_score: -425.7200012207031
median_score: -423.5
std_score: 24.345874786376953
percentiles: 2%=-479.0799865722656, 5%=-471.1000061035156, 10%=-457.20001220703125, 25%=-442.25, 50%=-423.5, 75%=-406.75, 90%=-396.0, 95%=-387.0, 98%=-385.0
ranking_best_algo: CMAL3
ranking_best_score: 435.36
ranking_my_rank: 26/504 (95.0%)
ranking_my_percent: 95.03968253968254
