ConfigName: krbf__advnormalizedfitness__M4__L8__eps0p03__g0p01__ds0p05__dm0p05
Problem: NK
Kernel: rbf
Advantage: normalizedfitness
M: 4
lambda: 8
epsilon_svgd: 0.03
gamma: 0.01
decay_start_ratio: 0.05
decay_min_factor: 0.05
bandwith_kernel: None
no_interact: False
avg_score: 0.7552362680435181
median_score: 0.7573972344398499
std_score: 0.014704279601573944
percentiles: 2%=0.7250135540962219, 5%=0.728421688079834, 10%=0.7346667051315308, 25%=0.7460300922393799, 50%=0.7573972344398499, 75%=0.7664133906364441, 90%=0.7718734741210938, 95%=0.7752861380577087, 98%=0.7830500602722168
ranking_best_algo: Tabu
ranking_best_score: 0.7657846284375001
ranking_my_rank: 5/504 (99.2%)
ranking_my_percent: 99.2063492063492
