ConfigName: krbf__advnormalizedfitness__M4__L8__eps0p025__g0p005__ds0p3__dm0p01
Problem: NK
Kernel: rbf
Advantage: normalizedfitness
M: 4
lambda: 8
epsilon_svgd: 0.025
gamma: 0.005
decay_start_ratio: 0.3
decay_min_factor: 0.01
bandwith_kernel: None
no_interact: False
avg_score: 0.7580258846282959
median_score: 0.7579654455184937
std_score: 0.011369626969099045
percentiles: 2%=0.7383812069892883, 5%=0.7404789328575134, 10%=0.7425678968429565, 25%=0.7497885823249817, 50%=0.7579654455184937, 75%=0.7658044099807739, 90%=0.774011492729187, 95%=0.7763677835464478, 98%=0.7774463891983032
ranking_best_algo: Tabu
ranking_best_score: 0.7470791764843752
ranking_my_rank: 1/504 (100.0%)
ranking_my_percent: 100.0
