ConfigName: kjsd__advperagentrankweighted__M4__L20__eps0p007__g0p0005__ds0p05__dm0p2
Problem: NK
Kernel: jsd
Advantage: peragentrankweighted
M: 4
lambda: 20
epsilon_svgd: 0.007
gamma: 0.0005
decay_start_ratio: 0.05
decay_min_factor: 0.2
bandwith_kernel: None
no_interact: False
avg_score: 0.7418853640556335
median_score: 0.7415329217910767
std_score: 0.014479969628155231
percentiles: 2%=0.7087425589561462, 5%=0.718502402305603, 10%=0.7263786196708679, 25%=0.7333369255065918, 50%=0.7415329217910767, 75%=0.7496322989463806, 90%=0.7598156332969666, 95%=0.7653950452804565, 98%=0.7721500396728516
ranking_best_algo: Tabu
ranking_best_score: 0.7601875690625
ranking_my_rank: 12/504 (97.8%)
ranking_my_percent: 97.81746031746032
