ConfigName: kjsd__advperagentrankweighted__M3__L30__eps0p005__g0p0005__ds0p1__dm0p1
Problem: QUBO
Kernel: jsd
Advantage: peragentrankweighted
M: 3
lambda: 30
epsilon_svgd: 0.005
gamma: 0.0005
decay_start_ratio: 0.1
decay_min_factor: 0.1
bandwith_kernel: None
no_interact: False
avg_score: -198.66000366210938
median_score: -199.0
std_score: 12.525350570678711
percentiles: 2%=-224.0, 5%=-220.10000610351562, 10%=-215.0, 25%=-207.0, 50%=-199.0, 75%=-190.0, 90%=-182.89999389648438, 95%=-176.9499969482422, 98%=-174.97999572753906
ranking_best_algo: Tabu
ranking_best_score: 208.36000000000004
ranking_my_rank: 96/504 (81.2%)
ranking_my_percent: 81.15079365079364
