ConfigName: krbf__advnormalizedfitness__M4__L15__eps0p025__g0p01__ds0p15__dm0p01
Problem: QUBO
Kernel: rbf
Advantage: normalizedfitness
M: 4
lambda: 15
epsilon_svgd: 0.025
gamma: 0.01
decay_start_ratio: 0.15
decay_min_factor: 0.01
bandwith_kernel: None
no_interact: False
avg_score: -2032.300048828125
median_score: -2036.0
std_score: 153.2199249267578
percentiles: 2%=-2372.659912109375, 5%=-2293.800048828125, 10%=-2224.89990234375, 25%=-2131.5, 50%=-2036.0, 75%=-1892.5, 90%=-1843.300048828125, 95%=-1802.300048828125, 98%=-1767.5198974609375
ranking_best_algo: SVM1MetaModelLogNormal
ranking_best_score: 2605.14
ranking_my_rank: 273/504 (46.0%)
ranking_my_percent: 46.03174603174603
