ConfigName: krbf__advnormalizedfitness__M3__L15__eps0p015__g0p005__ds0p3__dm0p01
Problem: QUBO
Kernel: rbf
Advantage: normalizedfitness
M: 3
lambda: 15
epsilon_svgd: 0.015
gamma: 0.005
decay_start_ratio: 0.3
decay_min_factor: 0.01
bandwith_kernel: None
no_interact: False
avg_score: -2459.780029296875
median_score: -2448.0
std_score: 156.87571716308594
percentiles: 2%=-2831.56005859375, 5%=-2724.300048828125, 10%=-2676.0, 25%=-2549.5, 50%=-2448.0, 75%=-2343.5, 90%=-2264.300048828125, 95%=-2213.89990234375, 98%=-2154.8798828125
ranking_best_algo: DiscreteLengler2OnePlusOne
ranking_best_score: 2617.04
ranking_my_rank: 88/504 (82.7%)
ranking_my_percent: 82.73809523809524
