ConfigName: kjsd__advperagentrankweighted__M3__L16__eps0p01__g0p001__ds0p1__dm0p1
Problem: QUBO
Kernel: jsd
Advantage: peragentrankweighted
M: 3
lambda: 16
epsilon_svgd: 0.01
gamma: 0.001
decay_start_ratio: 0.1
decay_min_factor: 0.1
bandwith_kernel: None
no_interact: False
avg_score: -307.6000061035156
median_score: -309.0
std_score: 39.51809310913086
percentiles: 2%=-398.0, 5%=-386.3999938964844, 10%=-356.20001220703125, 25%=-330.5, 50%=-309.0, 75%=-270.0, 90%=-264.79998779296875, 95%=-257.95001220703125, 98%=-245.9199981689453
ranking_best_algo: CMApara
ranking_best_score: 319.29999999999995
ranking_my_rank: 96/504 (81.2%)
ranking_my_percent: 81.15079365079364
