ConfigName: kjsd__advperagentrankweighted__M3__L16__eps0p005__g0p0007__ds0p2__dm0p2
Problem: QUBO
Kernel: jsd
Advantage: peragentrankweighted
M: 3
lambda: 16
epsilon_svgd: 0.005
gamma: 0.0007
decay_start_ratio: 0.2
decay_min_factor: 0.2
bandwith_kernel: None
no_interact: False
avg_score: -1191.6199951171875
median_score: -1193.5
std_score: 65.698974609375
percentiles: 2%=-1323.239990234375, 5%=-1312.1500244140625, 10%=-1283.0999755859375, 25%=-1236.25, 50%=-1193.5, 75%=-1139.75, 90%=-1111.800048828125, 95%=-1084.8499755859375, 98%=-1063.6600341796875
ranking_best_algo: Tabu
ranking_best_score: 1216.16
ranking_my_rank: 50/504 (90.3%)
ranking_my_percent: 90.27777777777777
