ConfigName: krbf__advnormalizedfitness__M1__L8__eps0p025__g0p01__ds0p3__dm0p3
Problem: QUBO
Kernel: rbf
Advantage: normalizedfitness
M: 1
lambda: 8
epsilon_svgd: 0.025
gamma: 0.01
decay_start_ratio: 0.3
decay_min_factor: 0.3
bandwith_kernel: None
no_interact: False
avg_score: -420.1600036621094
median_score: -422.5
std_score: 34.33794403076172
percentiles: 2%=-479.0400085449219, 5%=-466.45001220703125, 10%=-455.0, 25%=-445.75, 50%=-422.5, 75%=-405.75, 90%=-375.8999938964844, 95%=-365.8000183105469, 98%=-350.5198974609375
ranking_best_algo: CMApara
ranking_best_score: 453.82
ranking_my_rank: 162/504 (68.1%)
ranking_my_percent: 68.05555555555556
