ConfigName: kfr__advglobalrankweighted__M4__L24__eps0p03__g0p005__ds0p01__dm0p01
Problem: QUBO
Kernel: fr
Advantage: globalrankweighted
M: 4
lambda: 24
epsilon_svgd: 0.03
gamma: 0.005
decay_start_ratio: 0.01
decay_min_factor: 0.01
bandwith_kernel: None
no_interact: False
avg_score: -2541.199951171875
median_score: -2528.0
std_score: 122.40131378173828
percentiles: 2%=-2762.02001953125, 5%=-2741.14990234375, 10%=-2694.800048828125, 25%=-2648.5, 50%=-2528.0, 75%=-2447.75, 90%=-2394.60009765625, 95%=-2351.85009765625, 98%=-2322.800048828125
ranking_best_algo: DiscreteLengler2OnePlusOne
ranking_best_score: 2617.04
ranking_my_rank: 56/504 (89.1%)
ranking_my_percent: 89.08730158730158
