ConfigName: kjsd__advperagentrankweighted__M5__L10__eps0p02__g0p0003__ds0p2__dm0p05
Problem: QUBO
Kernel: jsd
Advantage: peragentrankweighted
M: 5
lambda: 10
epsilon_svgd: 0.02
gamma: 0.0003
decay_start_ratio: 0.2
decay_min_factor: 0.05
bandwith_kernel: None
no_interact: False
avg_score: -3199.02001953125
median_score: -3188.0
std_score: 115.85301208496094
percentiles: 2%=-3407.60009765625, 5%=-3388.39990234375, 10%=-3357.0, 25%=-3288.25, 50%=-3188.0, 75%=-3115.0, 90%=-3049.60009765625, 95%=-3013.89990234375, 98%=-3004.89990234375
ranking_best_algo: RLSOnePlusOne
ranking_best_score: 3316.5199999999995
ranking_my_rank: 53/504 (89.7%)
ranking_my_percent: 89.68253968253968
