ConfigName: krbf__advnormalizedfitness__M4__L15__eps0p025__g0p01__ds0p3__dm0p01
Problem: QUBO
Kernel: rbf
Advantage: normalizedfitness
M: 4
lambda: 15
epsilon_svgd: 0.025
gamma: 0.01
decay_start_ratio: 0.3
decay_min_factor: 0.01
bandwith_kernel: None
no_interact: False
avg_score: -303.44000244140625
median_score: -302.0
std_score: 39.186302185058594
percentiles: 2%=-390.0400085449219, 5%=-386.20001220703125, 10%=-359.5999755859375, 25%=-323.0, 50%=-302.0, 75%=-271.25, 90%=-256.0, 95%=-254.0, 98%=-249.9399871826172
ranking_best_algo: CMApara
ranking_best_score: 319.29999999999995
ranking_my_rank: 187/504 (63.1%)
ranking_my_percent: 63.095238095238095
