ConfigName: kjsd__advperagentrankweighted__M5__L8__eps0p005__g0p003__ds0p2__dm0p05
Problem: QUBO
Kernel: jsd
Advantage: peragentrankweighted
M: 5
lambda: 8
epsilon_svgd: 0.005
gamma: 0.003
decay_start_ratio: 0.2
decay_min_factor: 0.05
bandwith_kernel: None
no_interact: False
avg_score: -332.9200134277344
median_score: -335.0
std_score: 18.566463470458984
percentiles: 2%=-372.0, 5%=-357.0, 10%=-350.3999938964844, 25%=-344.5, 50%=-335.0, 75%=-322.0, 90%=-308.0, 95%=-303.5, 98%=-289.760009765625
ranking_best_algo: CMApara
ranking_best_score: 344.22
ranking_my_rank: 69/504 (86.5%)
ranking_my_percent: 86.5079365079365
