ConfigName: kjsd__advperagentrankweighted__M3__L24__eps0p005__g0p0005__ds0p1__dm0p1
Problem: NK
Kernel: jsd
Advantage: peragentrankweighted
M: 3
lambda: 24
epsilon_svgd: 0.005
gamma: 0.0005
decay_start_ratio: 0.1
decay_min_factor: 0.1
bandwith_kernel: None
no_interact: False
avg_score: 0.7364349365234375
median_score: 0.737899661064148
std_score: 0.009011599235236645
percentiles: 2%=0.7157071828842163, 5%=0.7189781069755554, 10%=0.7232488989830017, 25%=0.7312822341918945, 50%=0.737899661064148, 75%=0.7436703443527222, 90%=0.746390700340271, 95%=0.7477885484695435, 98%=0.7490441203117371
ranking_best_algo: PBIL
ranking_best_score: 0.7248786399609374
ranking_my_rank: 1/504 (100.0%)
ranking_my_percent: 100.0
