ConfigName: krbf__advnormalizedfitness__M3__L12__eps0p033__g0p005__ds0p15__dm0p01
Problem: NK
Kernel: rbf
Advantage: normalizedfitness
M: 3
lambda: 12
epsilon_svgd: 0.033
gamma: 0.005
decay_start_ratio: 0.15
decay_min_factor: 0.01
bandwith_kernel: None
no_interact: False
avg_score: 0.7319324016571045
median_score: 0.7330819368362427
std_score: 0.009812879376113415
percentiles: 2%=0.7107819318771362, 5%=0.7128347158432007, 10%=0.7194325923919678, 25%=0.7254621982574463, 50%=0.7330819368362427, 75%=0.7388418912887573, 90%=0.7442135810852051, 95%=0.7468453645706177, 98%=0.7489018440246582
ranking_best_algo: Tabu
ranking_best_score: 0.7429702712499999
ranking_my_rank: 2/504 (99.8%)
ranking_my_percent: 99.8015873015873
