ConfigName: krbf__advnormalizedfitness__M4__L12__eps0p025__g0p007__ds0p01__dm0p3
Problem: NK
Kernel: rbf
Advantage: normalizedfitness
M: 4
lambda: 12
epsilon_svgd: 0.025
gamma: 0.007
decay_start_ratio: 0.01
decay_min_factor: 0.3
bandwith_kernel: None
no_interact: False
avg_score: 0.7097009420394897
median_score: 0.7108674049377441
std_score: 0.015544986352324486
percentiles: 2%=0.6702694296836853, 5%=0.671716570854187, 10%=0.6955217123031616, 25%=0.706801176071167, 50%=0.7108674049377441, 75%=0.7193952798843384, 90%=0.7252022624015808, 95%=0.7317013144493103, 98%=0.7328553795814514
ranking_best_algo: CMApara
ranking_best_score: 0.707475975
ranking_my_rank: 1/504 (100.0%)
ranking_my_percent: 100.0
