ConfigName: kjsd__advperagentrankweighted__M5__L10__eps0p005__g0p0005__ds0p4__dm0p05
Problem: NK
Kernel: jsd
Advantage: peragentrankweighted
M: 5
lambda: 10
epsilon_svgd: 0.005
gamma: 0.0005
decay_start_ratio: 0.4
decay_min_factor: 0.05
bandwith_kernel: None
no_interact: False
avg_score: 0.7445499897003174
median_score: 0.7413197755813599
std_score: 0.027820076793432236
percentiles: 2%=0.7077130079269409, 5%=0.7102138996124268, 10%=0.711326003074646, 25%=0.721637487411499, 50%=0.7413197755813599, 75%=0.760043740272522, 90%=0.7782467603683472, 95%=0.8044298887252808, 98%=0.8044915199279785
ranking_best_algo: CMApara
ranking_best_score: 0.7459277895312499
ranking_my_rank: 3/504 (99.6%)
ranking_my_percent: 99.60317460317461
