ConfigName: krbf__advnormalizedfitness__M4__L15__eps0p01__g0p001__ds0p05__dm0p05
Problem: QUBO
Kernel: rbf
Advantage: normalizedfitness
M: 4
lambda: 15
epsilon_svgd: 0.01
gamma: 0.001
decay_start_ratio: 0.05
decay_min_factor: 0.05
bandwith_kernel: None
no_interact: False
avg_score: -138.63999938964844
median_score: -140.5
std_score: 11.272550582885742
percentiles: 2%=-158.0, 5%=-157.0, 10%=-154.10000610351562, 25%=-146.0, 50%=-140.5, 75%=-130.0, 90%=-123.0, 95%=-120.9000015258789, 98%=-116.91999816894531
ranking_best_algo: DiscreteDE
ranking_best_score: 143.4
ranking_my_rank: 97/504 (81.0%)
ranking_my_percent: 80.95238095238095
