ConfigName: kjsd__advperagentrankweighted__M4__L20__eps0p007__g0p0005__ds0p1__dm0p2
Problem: QUBO
Kernel: jsd
Advantage: peragentrankweighted
M: 4
lambda: 20
epsilon_svgd: 0.007
gamma: 0.0005
decay_start_ratio: 0.1
decay_min_factor: 0.2
bandwith_kernel: None
no_interact: False
avg_score: -2569.320068359375
median_score: -2567.5
std_score: 124.42900085449219
percentiles: 2%=-2819.360107421875, 5%=-2761.89990234375, 10%=-2712.199951171875, 25%=-2658.25, 50%=-2567.5, 75%=-2467.5, 90%=-2415.39990234375, 95%=-2388.89990234375, 98%=-2339.9599609375
ranking_best_algo: SVM1MetaModelLogNormal
ranking_best_score: 2605.14
ranking_my_rank: 15/504 (97.2%)
ranking_my_percent: 97.22222222222223
