ConfigName: kjsd__advperagentrankweighted__M3__L20__eps0p005__g0p0005__ds0p1__dm0p2
Problem: QUBO
Kernel: jsd
Advantage: peragentrankweighted
M: 3
lambda: 20
epsilon_svgd: 0.005
gamma: 0.0005
decay_start_ratio: 0.1
decay_min_factor: 0.2
bandwith_kernel: None
no_interact: False
avg_score: -198.77999877929688
median_score: -200.5
std_score: 14.376077651977539
percentiles: 2%=-224.0, 5%=-224.0, 10%=-217.10000610351562, 25%=-209.0, 50%=-200.5, 75%=-187.75, 90%=-181.0, 95%=-175.9499969482422, 98%=-171.0
ranking_best_algo: Tabu
ranking_best_score: 208.36000000000004
ranking_my_rank: 91/504 (82.1%)
ranking_my_percent: 82.14285714285714
