ConfigName: krbf__advnormalizedfitness__M4__L24__eps0p01__g0p0005__ds0p05__dm0p05
Problem: QUBO
Kernel: rbf
Advantage: normalizedfitness
M: 4
lambda: 24
epsilon_svgd: 0.01
gamma: 0.0005
decay_start_ratio: 0.05
decay_min_factor: 0.05
bandwith_kernel: None
no_interact: False
avg_score: -426.3599853515625
median_score: -425.5
std_score: 23.774574279785156
percentiles: 2%=-473.0, 5%=-471.1000061035156, 10%=-460.20001220703125, 25%=-441.5, 50%=-425.5, 75%=-409.75, 90%=-393.8999938964844, 95%=-387.95001220703125, 98%=-384.9599914550781
ranking_best_algo: CMAL3
ranking_best_score: 435.36
ranking_my_rank: 23/504 (95.6%)
ranking_my_percent: 95.63492063492063
