ConfigName: krbf__advnormalizedfitness__M1__L8__eps0p025__g0p01__ds0p3__dm0p01
Problem: QUBO
Kernel: rbf
Advantage: normalizedfitness
M: 1
lambda: 8
epsilon_svgd: 0.025
gamma: 0.01
decay_start_ratio: 0.3
decay_min_factor: 0.01
bandwith_kernel: None
no_interact: False
avg_score: -133.17999267578125
median_score: -132.5
std_score: 13.458365440368652
percentiles: 2%=-158.0399932861328, 5%=-156.0500030517578, 10%=-150.0, 25%=-144.0, 50%=-132.5, 75%=-123.0, 90%=-114.0, 95%=-112.0, 98%=-107.97999572753906
ranking_best_algo: DiscreteDE
ranking_best_score: 143.4
ranking_my_rank: 313/504 (38.1%)
ranking_my_percent: 38.095238095238095
