ConfigName: krbf__advnormalizedfitness__M3__L10__eps0p015__g0p01__ds0p01__dm0p01
Problem: QUBO
Kernel: rbf
Advantage: normalizedfitness
M: 3
lambda: 10
epsilon_svgd: 0.015
gamma: 0.01
decay_start_ratio: 0.01
decay_min_factor: 0.01
bandwith_kernel: None
no_interact: False
avg_score: -575.0
median_score: -568.5
std_score: 31.340707778930664
percentiles: 2%=-634.0, 5%=-629.0999755859375, 10%=-621.2000122070312, 25%=-600.25, 50%=-568.5, 75%=-553.0, 90%=-536.0, 95%=-531.8500366210938, 98%=-519.9599609375
ranking_best_algo: Tabu
ranking_best_score: 588.7199999999999
ranking_my_rank: 57/503 (88.9%)
ranking_my_percent: 88.86679920477137
