ConfigName: kjsd__advperagentrankweighted__M3__L16__eps0p007__g0p003__ds0p2__dm0p1
Problem: NK
Kernel: jsd
Advantage: peragentrankweighted
M: 3
lambda: 16
epsilon_svgd: 0.007
gamma: 0.003
decay_start_ratio: 0.2
decay_min_factor: 0.1
bandwith_kernel: None
no_interact: False
avg_score: 0.7542873620986938
median_score: 0.7574462890625
std_score: 0.014347263611853123
percentiles: 2%=0.724198579788208, 5%=0.7296810150146484, 10%=0.734795093536377, 25%=0.7449161410331726, 50%=0.7574462890625, 75%=0.764325737953186, 90%=0.7707082033157349, 95%=0.7730501294136047, 98%=0.7831157445907593
ranking_best_algo: Tabu
ranking_best_score: 0.7657846284375001
ranking_my_rank: 7/504 (98.8%)
ranking_my_percent: 98.80952380952381
