ConfigName: kjsd__advperagentrankweighted__M4__L8__eps0p03__g0p0003__ds0p2__dm0p05
Problem: NK
Kernel: jsd
Advantage: peragentrankweighted
M: 4
lambda: 8
epsilon_svgd: 0.03
gamma: 0.0003
decay_start_ratio: 0.2
decay_min_factor: 0.05
bandwith_kernel: None
no_interact: False
avg_score: 0.7192823886871338
median_score: 0.718575119972229
std_score: 0.010824935510754585
percentiles: 2%=0.6976215839385986, 5%=0.7025659084320068, 10%=0.7051478624343872, 25%=0.711538553237915, 50%=0.718575119972229, 75%=0.7271291017532349, 90%=0.7329140901565552, 95%=0.7376695871353149, 98%=0.74094557762146
ranking_best_algo: PBIL
ranking_best_score: 0.730509098125
ranking_my_rank: 82/504 (83.9%)
ranking_my_percent: 83.92857142857143
