ConfigName: kjsd__advperagentrankweighted__M4__L12__eps0p02__g0p0007__ds0p05__dm0p05
Problem: QUBO
Kernel: jsd
Advantage: peragentrankweighted
M: 4
lambda: 12
epsilon_svgd: 0.02
gamma: 0.0007
decay_start_ratio: 0.05
decay_min_factor: 0.05
bandwith_kernel: None
no_interact: False
avg_score: -307.6400146484375
median_score: -311.0
std_score: 40.3493537902832
percentiles: 2%=-392.0799865722656, 5%=-382.0, 10%=-358.79998779296875, 25%=-336.0, 50%=-311.0, 75%=-272.75, 90%=-263.6000061035156, 95%=-254.0, 98%=-239.9600067138672
ranking_best_algo: CMApara
ranking_best_score: 319.29999999999995
ranking_my_rank: 96/504 (81.2%)
ranking_my_percent: 81.15079365079364
