ConfigName: krbf__advnormalizedfitness__M2__L8__eps0p015__g0p005__ds0p01__dm0p01
Problem: QUBO
Kernel: rbf
Advantage: normalizedfitness
M: 2
lambda: 8
epsilon_svgd: 0.015
gamma: 0.005
decay_start_ratio: 0.01
decay_min_factor: 0.01
bandwith_kernel: None
no_interact: False
avg_score: -197.36000061035156
median_score: -198.5
std_score: 14.062374114990234
percentiles: 2%=-224.0, 5%=-222.0, 10%=-219.1999969482422, 25%=-206.25, 50%=-198.5, 75%=-188.0, 90%=-181.0, 95%=-175.0, 98%=-172.89999389648438
ranking_best_algo: Tabu
ranking_best_score: 208.36000000000004
ranking_my_rank: 119/504 (76.6%)
ranking_my_percent: 76.58730158730158
