ConfigName: kjsd__advperagentrankweighted__M3__L18__eps0p005__g0p0005__ds0p2__dm0p05
Problem: NK
Kernel: jsd
Advantage: peragentrankweighted
M: 3
lambda: 18
epsilon_svgd: 0.005
gamma: 0.0005
decay_start_ratio: 0.2
decay_min_factor: 0.05
bandwith_kernel: None
no_interact: False
avg_score: 0.733696460723877
median_score: 0.7337310314178467
std_score: 0.009671028703451157
percentiles: 2%=0.7126497030258179, 5%=0.7162436842918396, 10%=0.7224401831626892, 25%=0.7279318571090698, 50%=0.7337310314178467, 75%=0.738945484161377, 90%=0.7467015981674194, 95%=0.7476577758789062, 98%=0.7515131235122681
ranking_best_algo: Tabu
ranking_best_score: 0.7429702712499999
ranking_my_rank: 2/504 (99.8%)
ranking_my_percent: 99.8015873015873
