ConfigName: kjsd__advperagentrankweighted__M3__L18__eps0p01__g0p003__ds0p1__dm0p1
Problem: QUBO
Kernel: jsd
Advantage: peragentrankweighted
M: 3
lambda: 18
epsilon_svgd: 0.01
gamma: 0.003
decay_start_ratio: 0.1
decay_min_factor: 0.1
bandwith_kernel: None
no_interact: False
avg_score: -308.67999267578125
median_score: -309.0
std_score: 39.46919631958008
percentiles: 2%=-394.0, 5%=-388.1000061035156, 10%=-359.79998779296875, 25%=-334.0, 50%=-309.0, 75%=-274.5, 90%=-262.0, 95%=-253.0, 98%=-248.94000244140625
ranking_best_algo: CMApara
ranking_best_score: 319.29999999999995
ranking_my_rank: 87/504 (82.9%)
ranking_my_percent: 82.93650793650794
