ConfigName: krbf__advglobalrankweighted__M4__L9__eps0p015__g0p007__ds0p01__dm0p01
Problem: QUBO
Kernel: rbf
Advantage: globalrankweighted
M: 4
lambda: 9
epsilon_svgd: 0.015
gamma: 0.007
decay_start_ratio: 0.01
decay_min_factor: 0.01
bandwith_kernel: None
no_interact: False
avg_score: -139.05999755859375
median_score: -142.0
std_score: 11.78458309173584
percentiles: 2%=-160.0, 5%=-158.0500030517578, 10%=-153.1999969482422, 25%=-146.25, 50%=-142.0, 75%=-129.0, 90%=-123.0, 95%=-120.90000915527344, 98%=-114.91998291015625
ranking_best_algo: DiscreteDE
ranking_best_score: 143.4
ranking_my_rank: 93/504 (81.7%)
ranking_my_percent: 81.74603174603175
