ConfigName: krbf__advnormalizedfitness__M4__L12__eps0p015__g0p005__ds0p15__dm0p01
Problem: QUBO
Kernel: rbf
Advantage: normalizedfitness
M: 4
lambda: 12
epsilon_svgd: 0.015
gamma: 0.005
decay_start_ratio: 0.15
decay_min_factor: 0.01
bandwith_kernel: None
no_interact: False
avg_score: -333.260009765625
median_score: -336.0
std_score: 18.61967658996582
percentiles: 2%=-372.0, 5%=-361.45001220703125, 10%=-354.29998779296875, 25%=-343.0, 50%=-336.0, 75%=-323.5, 90%=-308.0, 95%=-298.0, 98%=-294.89996337890625
ranking_best_algo: CMApara
ranking_best_score: 344.22
ranking_my_rank: 68/504 (86.7%)
ranking_my_percent: 86.7063492063492
