ConfigName: krbf__advnormalizedfitness__M3__L10__eps0p03__g0p005__ds0p15__dm0p05
Problem: QUBO
Kernel: rbf
Advantage: normalizedfitness
M: 3
lambda: 10
epsilon_svgd: 0.03
gamma: 0.005
decay_start_ratio: 0.15
decay_min_factor: 0.05
bandwith_kernel: None
no_interact: False
avg_score: -910.8200073242188
median_score: -904.5
std_score: 69.1788101196289
percentiles: 2%=-1048.0400390625, 5%=-1031.1500244140625, 10%=-1019.0, 25%=-959.25, 50%=-904.5, 75%=-863.75, 90%=-819.0, 95%=-802.75, 98%=-792.9000244140625
ranking_best_algo: CMAL3
ranking_best_score: 928.5800000000002
ranking_my_rank: 20/504 (96.2%)
ranking_my_percent: 96.23015873015873
