ConfigName: kjsd__advperagentrankweighted__M3__L16__eps0p005__g0p001__ds0p2__dm0p2
Problem: NK
Kernel: jsd
Advantage: peragentrankweighted
M: 3
lambda: 16
epsilon_svgd: 0.005
gamma: 0.001
decay_start_ratio: 0.2
decay_min_factor: 0.2
bandwith_kernel: None
no_interact: False
avg_score: 0.7434120178222656
median_score: 0.7408133745193481
std_score: 0.028822775930166245
percentiles: 2%=0.6966285109519958, 5%=0.7054651975631714, 10%=0.7094306945800781, 25%=0.7211869359016418, 50%=0.7408133745193481, 75%=0.7580187320709229, 90%=0.7766762971878052, 95%=0.8044298887252808, 98%=0.8104552030563354
ranking_best_algo: CMApara
ranking_best_score: 0.7459277895312499
ranking_my_rank: 12/504 (97.8%)
ranking_my_percent: 97.81746031746032
