ConfigName: kjsd__advperagentrankweighted__M4__L10__eps0p03__g0p0005__ds0p05__dm0p05
Problem: NK
Kernel: jsd
Advantage: peragentrankweighted
M: 4
lambda: 10
epsilon_svgd: 0.03
gamma: 0.0005
decay_start_ratio: 0.05
decay_min_factor: 0.05
bandwith_kernel: None
no_interact: False
avg_score: 0.7127823829650879
median_score: 0.7124868631362915
std_score: 0.00836441945284605
percentiles: 2%=0.6977226734161377, 5%=0.6996325254440308, 10%=0.702735424041748, 25%=0.7069336175918579, 50%=0.7124868631362915, 75%=0.7176104187965393, 90%=0.7249153852462769, 95%=0.7263967990875244, 98%=0.7289656400680542
ranking_best_algo: Tabu
ranking_best_score: 0.7429702712499999
ranking_my_rank: 140/504 (72.4%)
ranking_my_percent: 72.42063492063492
