ConfigName: kjsd__advperagentrankweighted__M4__L8__eps0p006__g0p0005__ds0p05__dm0p05
Problem: QUBO
Kernel: jsd
Advantage: peragentrankweighted
M: 4
lambda: 8
epsilon_svgd: 0.006
gamma: 0.0005
decay_start_ratio: 0.05
decay_min_factor: 0.05
bandwith_kernel: None
no_interact: False
avg_score: -2598.820068359375
median_score: -2600.5
std_score: 110.90323638916016
percentiles: 2%=-2791.0, 5%=-2759.85009765625, 10%=-2735.800048828125, 25%=-2688.25, 50%=-2600.5, 75%=-2519.75, 90%=-2458.5, 95%=-2417.60009765625, 98%=-2367.679931640625
ranking_best_algo: SVM1MetaModelLogNormal
ranking_best_score: 2605.14
ranking_my_rank: 2/504 (99.8%)
ranking_my_percent: 99.8015873015873
