ConfigName: kjsd__advperagentrankweighted__M4__L10__eps0p008__g0p0005__ds0p05__dm0p05
Problem: NK
Kernel: jsd
Advantage: peragentrankweighted
M: 4
lambda: 10
epsilon_svgd: 0.008
gamma: 0.0005
decay_start_ratio: 0.05
decay_min_factor: 0.05
bandwith_kernel: None
no_interact: False
avg_score: 0.7391655445098877
median_score: 0.7387064099311829
std_score: 0.01313689723610878
percentiles: 2%=0.7132799029350281, 5%=0.7178477048873901, 10%=0.7218226790428162, 25%=0.7306017875671387, 50%=0.7387064099311829, 75%=0.7487843632698059, 90%=0.7554170489311218, 95%=0.7570320963859558, 98%=0.7689161896705627
ranking_best_algo: Tabu
ranking_best_score: 0.7601875690625
ranking_my_rank: 16/504 (97.0%)
ranking_my_percent: 97.02380952380952
