ConfigName: krbf__advnormalizedfitness__M3__L15__eps0p033__g0p007__ds0p15__dm0p3
Problem: NK
Kernel: rbf
Advantage: normalizedfitness
M: 3
lambda: 15
epsilon_svgd: 0.033
gamma: 0.007
decay_start_ratio: 0.15
decay_min_factor: 0.3
bandwith_kernel: None
no_interact: False
avg_score: 0.7065996527671814
median_score: 0.7092409133911133
std_score: 0.011573423631489277
percentiles: 2%=0.6876004934310913, 5%=0.6886478066444397, 10%=0.6913231015205383, 25%=0.6955321431159973, 50%=0.7092409133911133, 75%=0.7170672416687012, 90%=0.7199546694755554, 95%=0.7218050360679626, 98%=0.7236217856407166
ranking_best_algo: PBIL
ranking_best_score: 0.7013553837109374
ranking_my_rank: 1/504 (100.0%)
ranking_my_percent: 100.0
