ConfigName: kjsd__advperagentrankweighted__M5__L8__eps0p03__g0p0003__ds0p2__dm0p05
Problem: NK
Kernel: jsd
Advantage: peragentrankweighted
M: 5
lambda: 8
epsilon_svgd: 0.03
gamma: 0.0003
decay_start_ratio: 0.2
decay_min_factor: 0.05
bandwith_kernel: None
no_interact: False
avg_score: 0.6999196410179138
median_score: 0.7020354270935059
std_score: 0.012187827378511429
percentiles: 2%=0.6792352795600891, 5%=0.6807876825332642, 10%=0.6826665997505188, 25%=0.6898583769798279, 50%=0.7020354270935059, 75%=0.7111502289772034, 90%=0.7148053646087646, 95%=0.7159156203269958, 98%=0.7165781259536743
ranking_best_algo: PBIL
ranking_best_score: 0.7013553837109374
ranking_my_rank: 2/504 (99.8%)
ranking_my_percent: 99.8015873015873
