ConfigName: krbf__advnormalizedfitness__M3__L10__eps0p033__g0p007__ds0p3__dm0p01
Problem: QUBO
Kernel: rbf
Advantage: normalizedfitness
M: 3
lambda: 10
epsilon_svgd: 0.033
gamma: 0.007
decay_start_ratio: 0.3
decay_min_factor: 0.01
bandwith_kernel: None
no_interact: False
avg_score: -2527.340087890625
median_score: -2518.0
std_score: 133.12867736816406
percentiles: 2%=-2812.179931640625, 5%=-2769.300048828125, 10%=-2706.300048828125, 25%=-2619.25, 50%=-2518.0, 75%=-2437.25, 90%=-2349.300048828125, 95%=-2322.75, 98%=-2299.780029296875
ranking_best_algo: SVM1MetaModelLogNormal
ranking_best_score: 2605.14
ranking_my_rank: 53/504 (89.7%)
ranking_my_percent: 89.68253968253968
