ConfigName: kfr__advglobalrankweighted__M4__L24__eps0p02__g0p007__ds0p01__dm0p01
Problem: QUBO
Kernel: fr
Advantage: globalrankweighted
M: 4
lambda: 24
epsilon_svgd: 0.02
gamma: 0.007
decay_start_ratio: 0.01
decay_min_factor: 0.01
bandwith_kernel: None
no_interact: False
avg_score: -325.8999938964844
median_score: -330.0
std_score: 21.74373435974121
percentiles: 2%=-370.0400085449219, 5%=-354.04998779296875, 10%=-350.0, 25%=-341.25, 50%=-330.0, 75%=-311.75, 90%=-290.0, 95%=-287.9000244140625, 98%=-281.9599914550781
ranking_best_algo: CMApara
ranking_best_score: 344.22
ranking_my_rank: 116/504 (77.2%)
ranking_my_percent: 77.18253968253968
