ConfigName: kjsd__advperagentrankweighted__M3__L18__eps0p01__g0p0007__ds0p1__dm0p05
Problem: QUBO
Kernel: jsd
Advantage: peragentrankweighted
M: 3
lambda: 18
epsilon_svgd: 0.01
gamma: 0.0007
decay_start_ratio: 0.1
decay_min_factor: 0.05
bandwith_kernel: None
no_interact: False
avg_score: -3332.800048828125
median_score: -3318.0
std_score: 116.23424530029297
percentiles: 2%=-3534.139892578125, 5%=-3513.25, 10%=-3490.10009765625, 25%=-3417.75, 50%=-3318.0, 75%=-3260.5, 90%=-3191.0, 95%=-3128.449951171875, 98%=-3105.89990234375
ranking_best_algo: RLSOnePlusOne
ranking_best_score: 3316.5199999999995
ranking_my_rank: 1/504 (100.0%)
ranking_my_percent: 100.0
