ConfigName: kfr__advglobalrankweighted__M6__L9__eps0p01__g0p005__ds0p01__dm0p01
Problem: QUBO
Kernel: fr
Advantage: globalrankweighted
M: 6
lambda: 9
epsilon_svgd: 0.01
gamma: 0.005
decay_start_ratio: 0.01
decay_min_factor: 0.01
bandwith_kernel: None
no_interact: False
avg_score: -422.55999755859375
median_score: -421.5
std_score: 32.180213928222656
percentiles: 2%=-485.05999755859375, 5%=-472.20001220703125, 10%=-466.0, 25%=-446.25, 50%=-421.5, 75%=-400.5, 90%=-375.8999938964844, 95%=-371.9000244140625, 98%=-363.97998046875
ranking_best_algo: CMApara
ranking_best_score: 453.82
ranking_my_rank: 131/504 (74.2%)
ranking_my_percent: 74.2063492063492
