ConfigName: krbf__advnormalizedfitness__M2__L11__eps0p02__g0p005__ds0p01__dm0p01
Problem: QUBO
Kernel: rbf
Advantage: normalizedfitness
M: 2
lambda: 11
epsilon_svgd: 0.02
gamma: 0.005
decay_start_ratio: 0.01
decay_min_factor: 0.01
bandwith_kernel: None
no_interact: False
avg_score: -430.29998779296875
median_score: -430.0
std_score: 29.30512237548828
percentiles: 2%=-481.0, 5%=-473.20001220703125, 10%=-469.1000061035156, 25%=-455.0, 50%=-430.0, 75%=-407.75, 90%=-395.6000061035156, 95%=-379.0, 98%=-372.9800109863281
ranking_best_algo: CMApara
ranking_best_score: 453.82
ranking_my_rank: 87/504 (82.9%)
ranking_my_percent: 82.93650793650794
