ConfigName: kfr__advglobalrankweighted__M1__L10__eps0p02__g0p007__ds0p01__dm0p01
Problem: QUBO
Kernel: fr
Advantage: globalrankweighted
M: 1
lambda: 10
epsilon_svgd: 0.02
gamma: 0.007
decay_start_ratio: 0.01
decay_min_factor: 0.01
bandwith_kernel: None
no_interact: False
avg_score: -882.3800048828125
median_score: -881.0
std_score: 72.93061828613281
percentiles: 2%=-1029.260009765625, 5%=-997.4000244140625, 10%=-981.0, 25%=-939.25, 50%=-881.0, 75%=-827.5, 90%=-802.4000244140625, 95%=-775.800048828125, 98%=-767.1798095703125
ranking_best_algo: CMAL3
ranking_best_score: 928.5800000000002
ranking_my_rank: 113/504 (77.8%)
ranking_my_percent: 77.77777777777777
