ConfigName: kjsd__advperagentrankweighted__M3__L16__eps0p007__g0p0007__ds0p2__dm0p2
Problem: NK
Kernel: jsd
Advantage: peragentrankweighted
M: 3
lambda: 16
epsilon_svgd: 0.007
gamma: 0.0007
decay_start_ratio: 0.2
decay_min_factor: 0.2
bandwith_kernel: None
no_interact: False
avg_score: 0.7467963695526123
median_score: 0.7474327087402344
std_score: 0.008696111850440502
percentiles: 2%=0.7272288799285889, 5%=0.7336832880973816, 10%=0.735423743724823, 25%=0.7405275106430054, 50%=0.7474327087402344, 75%=0.7531607151031494, 90%=0.7575346231460571, 95%=0.7590625286102295, 98%=0.7639923691749573
ranking_best_algo: PBIL
ranking_best_score: 0.733570253046875
ranking_my_rank: 1/504 (100.0%)
ranking_my_percent: 100.0
