ConfigName: krbf__advnormalizedfitness__M3__L12__eps0p015__g0p005__ds0p15__dm0p3
Problem: QUBO
Kernel: rbf
Advantage: normalizedfitness
M: 3
lambda: 12
epsilon_svgd: 0.015
gamma: 0.005
decay_start_ratio: 0.15
decay_min_factor: 0.3
bandwith_kernel: None
no_interact: False
avg_score: -2457.4599609375
median_score: -2482.5
std_score: 155.6667938232422
percentiles: 2%=-2756.260009765625, 5%=-2694.300048828125, 10%=-2662.0, 25%=-2566.25, 50%=-2482.5, 75%=-2337.25, 90%=-2252.10009765625, 95%=-2179.800048828125, 98%=-2160.3798828125
ranking_best_algo: DiscreteLengler2OnePlusOne
ranking_best_score: 2617.04
ranking_my_rank: 89/504 (82.5%)
ranking_my_percent: 82.53968253968254
