ConfigName: kjsd__advperagentrankweighted__M4__L8__eps0p03__g0p0007__ds0p05__dm0p05
Problem: NK
Kernel: jsd
Advantage: peragentrankweighted
M: 4
lambda: 8
epsilon_svgd: 0.03
gamma: 0.0007
decay_start_ratio: 0.05
decay_min_factor: 0.05
bandwith_kernel: None
no_interact: False
avg_score: 0.741477906703949
median_score: 0.7401900291442871
std_score: 0.015443568117916584
percentiles: 2%=0.7101828455924988, 5%=0.7158563733100891, 10%=0.7240196466445923, 25%=0.7320810556411743, 50%=0.7401900291442871, 75%=0.750979483127594, 90%=0.7627575397491455, 95%=0.765744686126709, 98%=0.7752169966697693
ranking_best_algo: Tabu
ranking_best_score: 0.7657846284375001
ranking_my_rank: 80/504 (84.3%)
ranking_my_percent: 84.32539682539682
