ConfigName: kjsd__advperagentrankweighted__M3__L16__eps0p005__g0p003__ds0p1__dm0p2
Problem: QUBO
Kernel: jsd
Advantage: peragentrankweighted
M: 3
lambda: 16
epsilon_svgd: 0.005
gamma: 0.003
decay_start_ratio: 0.1
decay_min_factor: 0.2
bandwith_kernel: None
no_interact: False
avg_score: -1126.52001953125
median_score: -1120.0
std_score: 83.86125183105469
percentiles: 2%=-1281.3599853515625, 5%=-1269.300048828125, 10%=-1255.4000244140625, 25%=-1187.25, 50%=-1120.0, 75%=-1058.5, 90%=-1024.0, 95%=-1012.7999877929688, 98%=-999.280029296875
ranking_best_algo: Tabu
ranking_best_score: 1216.16
ranking_my_rank: 160/504 (68.5%)
ranking_my_percent: 68.45238095238095
