ConfigName: krbf__advnormalizedfitness__M1__L8__eps0p025__g0p015__ds0p15__dm0p01
Problem: NK
Kernel: rbf
Advantage: normalizedfitness
M: 1
lambda: 8
epsilon_svgd: 0.025
gamma: 0.015
decay_start_ratio: 0.15
decay_min_factor: 0.01
bandwith_kernel: None
no_interact: False
avg_score: 0.7303085327148438
median_score: 0.7303452491760254
std_score: 0.010233075357973576
percentiles: 2%=0.7096066474914551, 5%=0.7142293453216553, 10%=0.7162595391273499, 25%=0.7239103317260742, 50%=0.7303452491760254, 75%=0.7376019954681396, 90%=0.7433183193206787, 95%=0.7455062866210938, 98%=0.7527897357940674
ranking_best_algo: PBIL
ranking_best_score: 0.730509098125
ranking_my_rank: 3/504 (99.6%)
ranking_my_percent: 99.60317460317461
