ConfigName: krbf__advnormalizedfitness__M1__L10__eps0p015__g0p01__ds0p3__dm0p01
Problem: QUBO
Kernel: rbf
Advantage: normalizedfitness
M: 1
lambda: 10
epsilon_svgd: 0.015
gamma: 0.01
decay_start_ratio: 0.3
decay_min_factor: 0.01
bandwith_kernel: None
no_interact: False
avg_score: -897.719970703125
median_score: -895.0
std_score: 66.88304901123047
percentiles: 2%=-1025.06005859375, 5%=-1002.0499877929688, 10%=-983.4000244140625, 25%=-950.25, 50%=-895.0, 75%=-843.5, 90%=-821.7000122070312, 95%=-806.7000122070312, 98%=-789.5999145507812
ranking_best_algo: CMAL3
ranking_best_score: 928.5800000000002
ranking_my_rank: 80/504 (84.3%)
ranking_my_percent: 84.32539682539682
