ConfigName: krbf__advnormalizedfitness__M3__L12__eps0p015__g0p007__ds0p15__dm0p01
Problem: QUBO
Kernel: rbf
Advantage: normalizedfitness
M: 3
lambda: 12
epsilon_svgd: 0.015
gamma: 0.007
decay_start_ratio: 0.15
decay_min_factor: 0.01
bandwith_kernel: None
no_interact: False
avg_score: -3061.4599609375
median_score: -3039.5
std_score: 197.53842163085938
percentiles: 2%=-3432.56005859375, 5%=-3375.0, 10%=-3334.10009765625, 25%=-3217.75, 50%=-3039.5, 75%=-2904.75, 90%=-2811.300048828125, 95%=-2777.800048828125, 98%=-2713.8798828125
ranking_best_algo: RLSOnePlusOne
ranking_best_score: 3316.5199999999995
ranking_my_rank: 90/504 (82.3%)
ranking_my_percent: 82.34126984126983
