ConfigName: kjsd__advperagentrankweighted__M2__L20__eps0p005__g0p0005__ds0p1__dm0p2
Problem: QUBO
Kernel: jsd
Advantage: peragentrankweighted
M: 2
lambda: 20
epsilon_svgd: 0.005
gamma: 0.0005
decay_start_ratio: 0.1
decay_min_factor: 0.2
bandwith_kernel: None
no_interact: False
avg_score: -2648.919921875
median_score: -2649.0
std_score: 137.14981079101562
percentiles: 2%=-2879.080078125, 5%=-2858.39990234375, 10%=-2832.199951171875, 25%=-2759.0, 50%=-2649.0, 75%=-2542.5, 90%=-2470.60009765625, 95%=-2419.949951171875, 98%=-2383.919921875
ranking_best_algo: DiscreteLengler2OnePlusOne
ranking_best_score: 2617.04
ranking_my_rank: 1/504 (100.0%)
ranking_my_percent: 100.0
