ConfigName: krbf__advnormalizedfitness__M3__L8__eps0p02__g0p005__ds0p15__dm0p05
Problem: QUBO
Kernel: rbf
Advantage: normalizedfitness
M: 3
lambda: 8
epsilon_svgd: 0.02
gamma: 0.005
decay_start_ratio: 0.15
decay_min_factor: 0.05
bandwith_kernel: None
no_interact: False
avg_score: -1219.760009765625
median_score: -1220.5
std_score: 64.64767456054688
percentiles: 2%=-1346.1600341796875, 5%=-1331.449951171875, 10%=-1301.0, 25%=-1265.5, 50%=-1220.5, 75%=-1173.0, 90%=-1138.699951171875, 95%=-1123.1500244140625, 98%=-1100.8800048828125
ranking_best_algo: SVMMetaModelLogNormal
ranking_best_score: 1233.7999999999997
ranking_my_rank: 40/504 (92.3%)
ranking_my_percent: 92.26190476190476
