ConfigName: kjsd__advperagentrankweighted__M4__L10__eps0p02__g0p0003__ds0p05__dm0p05
Problem: QUBO
Kernel: jsd
Advantage: peragentrankweighted
M: 4
lambda: 10
epsilon_svgd: 0.02
gamma: 0.0003
decay_start_ratio: 0.05
decay_min_factor: 0.05
bandwith_kernel: None
no_interact: False
avg_score: -893.6400146484375
median_score: -887.0
std_score: 62.90572738647461
percentiles: 2%=-1030.1600341796875, 5%=-1010.3499755859375, 10%=-989.2000122070312, 25%=-929.5, 50%=-887.0, 75%=-852.25, 90%=-810.7000122070312, 95%=-792.9000244140625, 98%=-783.0
ranking_best_algo: CMAL3
ranking_best_score: 928.5800000000002
ranking_my_rank: 93/504 (81.7%)
ranking_my_percent: 81.74603174603175
