ConfigName: kjsd__advperagentrankweighted__M3__L16__eps0p005__g0p0005__ds0p2__dm0p2
Problem: QUBO
Kernel: jsd
Advantage: peragentrankweighted
M: 3
lambda: 16
epsilon_svgd: 0.005
gamma: 0.0005
decay_start_ratio: 0.2
decay_min_factor: 0.2
bandwith_kernel: None
no_interact: False
avg_score: -305.94000244140625
median_score: -304.0
std_score: 40.63541030883789
percentiles: 2%=-390.0400085449219, 5%=-386.20001220703125, 10%=-359.79998779296875, 25%=-330.0, 50%=-304.0, 75%=-269.0, 90%=-262.8999938964844, 95%=-251.89999389648438, 98%=-242.94000244140625
ranking_best_algo: CMApara
ranking_best_score: 319.29999999999995
ranking_my_rank: 121/504 (76.2%)
ranking_my_percent: 76.19047619047619
