ConfigName: krbf__advnormalizedfitness__M3__L10__eps0p033__g0p01__ds0p01__dm0p01
Problem: QUBO
Kernel: rbf
Advantage: normalizedfitness
M: 3
lambda: 10
epsilon_svgd: 0.033
gamma: 0.01
decay_start_ratio: 0.01
decay_min_factor: 0.01
bandwith_kernel: None
no_interact: False
avg_score: -440.0400085449219
median_score: -445.0
std_score: 25.50761604309082
percentiles: 2%=-484.0199890136719, 5%=-477.1499938964844, 10%=-470.20001220703125, 25%=-460.0, 50%=-445.0, 75%=-422.75, 90%=-407.0, 95%=-397.95001220703125, 98%=-391.8399658203125
ranking_best_algo: CMApara
ranking_best_score: 453.82
ranking_my_rank: 15/504 (97.2%)
ranking_my_percent: 97.22222222222223
