ConfigName: kjsd__advperagentrankweighted__M3__L18__eps0p005__g0p003__ds0p05__dm0p1
Problem: QUBO
Kernel: jsd
Advantage: peragentrankweighted
M: 3
lambda: 18
epsilon_svgd: 0.005
gamma: 0.003
decay_start_ratio: 0.05
decay_min_factor: 0.1
bandwith_kernel: None
no_interact: False
avg_score: -412.2200012207031
median_score: -415.0
std_score: 28.52703285217285
percentiles: 2%=-469.0799865722656, 5%=-455.1000061035156, 10%=-445.5, 25%=-432.0, 50%=-415.0, 75%=-396.5, 90%=-370.79998779296875, 95%=-363.8500061035156, 98%=-348.9599914550781
ranking_best_algo: CMAL3
ranking_best_score: 435.36
ranking_my_rank: 147/504 (71.0%)
ranking_my_percent: 71.03174603174604
