ConfigName: kjsd__advperagentrankweighted__M5__L8__eps0p02__g0p0003__ds0p05__dm0p05
Problem: QUBO
Kernel: jsd
Advantage: peragentrankweighted
M: 5
lambda: 8
epsilon_svgd: 0.02
gamma: 0.0003
decay_start_ratio: 0.05
decay_min_factor: 0.05
bandwith_kernel: None
no_interact: False
avg_score: -305.20001220703125
median_score: -308.0
std_score: 38.112464904785156
percentiles: 2%=-380.20001220703125, 5%=-376.1000061035156, 10%=-355.0, 25%=-332.0, 50%=-308.0, 75%=-270.0, 90%=-263.8999938964844, 95%=-253.89999389648438, 98%=-249.9600067138672
ranking_best_algo: CMApara
ranking_best_score: 319.29999999999995
ranking_my_rank: 135/504 (73.4%)
ranking_my_percent: 73.41269841269842
