ConfigName: kjsd__advperagentrankweighted__M5__L28__eps0p005__g0p0005__ds0p3__dm0p05
Problem: NK
Kernel: jsd
Advantage: peragentrankweighted
M: 5
lambda: 28
epsilon_svgd: 0.005
gamma: 0.0005
decay_start_ratio: 0.3
decay_min_factor: 0.05
bandwith_kernel: None
no_interact: False
avg_score: 0.7453234791755676
median_score: 0.7423104643821716
std_score: 0.028249915689229965
percentiles: 2%=0.7056002616882324, 5%=0.7084771394729614, 10%=0.7105557918548584, 25%=0.7213914394378662, 50%=0.7423104643821716, 75%=0.7603975534439087, 90%=0.7783373594284058, 95%=0.8045386075973511, 98%=0.8118547797203064
ranking_best_algo: CMApara
ranking_best_score: 0.7459277895312499
ranking_my_rank: 2/504 (99.8%)
ranking_my_percent: 99.8015873015873
