ConfigName: kjsd__advperagentrankweighted__M6__L12__eps0p005__g0p0005__ds0p3__dm0p05
Problem: QUBO
Kernel: jsd
Advantage: peragentrankweighted
M: 6
lambda: 12
epsilon_svgd: 0.005
gamma: 0.0005
decay_start_ratio: 0.3
decay_min_factor: 0.05
bandwith_kernel: None
no_interact: False
avg_score: -917.1599731445312
median_score: -914.5
std_score: 62.88715744018555
percentiles: 2%=-1035.1800537109375, 5%=-1021.1500244140625, 10%=-1004.0999755859375, 25%=-962.0, 50%=-914.5, 75%=-878.75, 90%=-826.7999877929688, 95%=-811.9000244140625, 98%=-805.8400268554688
ranking_best_algo: CMAL3
ranking_best_score: 928.5800000000002
ranking_my_rank: 14/504 (97.4%)
ranking_my_percent: 97.42063492063492
