ConfigName: krbf__advnormalizedfitness__M4__L8__eps0p015__g0p015__ds0p01__dm0p3
Problem: NK
Kernel: rbf
Advantage: normalizedfitness
M: 4
lambda: 8
epsilon_svgd: 0.015
gamma: 0.015
decay_start_ratio: 0.01
decay_min_factor: 0.3
bandwith_kernel: None
no_interact: False
avg_score: 0.7107986211776733
median_score: 0.6999640464782715
std_score: 0.031840331852436066
percentiles: 2%=0.67305588722229, 5%=0.6738206744194031, 10%=0.6767891645431519, 25%=0.6809839010238647, 50%=0.6999640464782715, 75%=0.745601236820221, 90%=0.7528572678565979, 95%=0.7613165378570557, 98%=0.7613165378570557
ranking_best_algo: CMApara
ranking_best_score: 0.7118996098437498
ranking_my_rank: 11/504 (98.0%)
ranking_my_percent: 98.01587301587301
