ConfigName: kjsd__advperagentrankweighted__M3__L16__eps0p005__g0p003__ds0p1__dm0p1
Problem: QUBO
Kernel: jsd
Advantage: peragentrankweighted
M: 3
lambda: 16
epsilon_svgd: 0.005
gamma: 0.003
decay_start_ratio: 0.1
decay_min_factor: 0.1
bandwith_kernel: None
no_interact: False
avg_score: -1083.4200439453125
median_score: -1080.5
std_score: 78.08074951171875
percentiles: 2%=-1240.1199951171875, 5%=-1207.1500244140625, 10%=-1183.4000244140625, 25%=-1139.0, 50%=-1080.5, 75%=-1025.75, 90%=-990.5999755859375, 95%=-955.8499755859375, 98%=-948.8400268554688
ranking_best_algo: SVMMetaModelLogNormal
ranking_best_score: 1233.7999999999997
ranking_my_rank: 174/504 (65.7%)
ranking_my_percent: 65.67460317460318
