ConfigName: krbf__advnormalizedfitness__M4__L8__eps0p015__g0p005__ds0p15__dm0p3
Problem: QUBO
Kernel: rbf
Advantage: normalizedfitness
M: 4
lambda: 8
epsilon_svgd: 0.015
gamma: 0.005
decay_start_ratio: 0.15
decay_min_factor: 0.3
bandwith_kernel: None
no_interact: False
avg_score: -2230.139892578125
median_score: -2223.0
std_score: 178.98753356933594
percentiles: 2%=-2550.1201171875, 5%=-2507.300048828125, 10%=-2458.10009765625, 25%=-2382.5, 50%=-2223.0, 75%=-2104.25, 90%=-1989.5, 95%=-1941.9000244140625, 98%=-1899.31982421875
ranking_best_algo: SVM1MetaModelLogNormal
ranking_best_score: 2605.14
ranking_my_rank: 175/504 (65.5%)
ranking_my_percent: 65.47619047619048
