ConfigName: kjsd__advperagentrankweighted__M3__L18__eps0p007__g0p003__ds0p1__dm0p2
Problem: NK
Kernel: jsd
Advantage: peragentrankweighted
M: 3
lambda: 18
epsilon_svgd: 0.007
gamma: 0.003
decay_start_ratio: 0.1
decay_min_factor: 0.2
bandwith_kernel: None
no_interact: False
avg_score: 0.710274338722229
median_score: 0.7110110521316528
std_score: 0.015420733951032162
percentiles: 2%=0.6710529923439026, 5%=0.6728804111480713, 10%=0.6962393522262573, 25%=0.7071254849433899, 50%=0.7110110521316528, 75%=0.7192920446395874, 90%=0.7255144119262695, 95%=0.732175350189209, 98%=0.7331187725067139
ranking_best_algo: CMApara
ranking_best_score: 0.707475975
ranking_my_rank: 1/504 (100.0%)
ranking_my_percent: 100.0
