ConfigName: kjsd__advperagentrankweighted__M5__L28__eps0p005__g0p0005__ds0p05__dm0p05
Problem: NK
Kernel: jsd
Advantage: peragentrankweighted
M: 5
lambda: 28
epsilon_svgd: 0.005
gamma: 0.0005
decay_start_ratio: 0.05
decay_min_factor: 0.05
bandwith_kernel: None
no_interact: False
avg_score: 0.7562626004219055
median_score: 0.7574759721755981
std_score: 0.013672213070094585
percentiles: 2%=0.7301730513572693, 5%=0.7326915264129639, 10%=0.7376598715782166, 25%=0.7471091747283936, 50%=0.7574759721755981, 75%=0.7659161686897278, 90%=0.7731406092643738, 95%=0.7786723375320435, 98%=0.7796220183372498
ranking_best_algo: Tabu
ranking_best_score: 0.7657846284375001
ranking_my_rank: 3/504 (99.6%)
ranking_my_percent: 99.60317460317461
