ConfigName: kjsd__advperagentrankweighted__M3__L20__eps0p007__g0p001__ds0p1__dm0p2
Problem: QUBO
Kernel: jsd
Advantage: peragentrankweighted
M: 3
lambda: 20
epsilon_svgd: 0.007
gamma: 0.001
decay_start_ratio: 0.1
decay_min_factor: 0.2
bandwith_kernel: None
no_interact: False
avg_score: -412.7200012207031
median_score: -414.5
std_score: 24.732196807861328
percentiles: 2%=-457.0, 5%=-454.04998779296875, 10%=-440.5, 25%=-428.0, 50%=-414.5, 75%=-396.0, 90%=-381.79998779296875, 95%=-371.79998779296875, 98%=-365.79998779296875
ranking_best_algo: Tabu
ranking_best_score: 438.12
ranking_my_rank: 65/504 (87.3%)
ranking_my_percent: 87.3015873015873
