ConfigName: krbf__advnormalizedfitness__M3__L15__eps0p025__g0p01__ds0p05__dm0p05
Problem: NK
Kernel: rbf
Advantage: normalizedfitness
M: 3
lambda: 15
epsilon_svgd: 0.025
gamma: 0.01
decay_start_ratio: 0.05
decay_min_factor: 0.05
bandwith_kernel: None
no_interact: False
avg_score: 0.7338498830795288
median_score: 0.7327040433883667
std_score: 0.016651589423418045
percentiles: 2%=0.7056442499160767, 5%=0.7100973725318909, 10%=0.7148260474205017, 25%=0.7217633724212646, 50%=0.7327040433883667, 75%=0.7446640729904175, 90%=0.7554337382316589, 95%=0.7620758414268494, 98%=0.7657709717750549
ranking_best_algo: Tabu
ranking_best_score: 0.7601875690625
ranking_my_rank: 33/504 (93.7%)
ranking_my_percent: 93.65079365079364
