ConfigName: krbf__advnormalizedfitness__M3__L15__eps0p033__g0p015__ds0p01__dm0p01
Problem: QUBO
Kernel: rbf
Advantage: normalizedfitness
M: 3
lambda: 15
epsilon_svgd: 0.033
gamma: 0.015
decay_start_ratio: 0.01
decay_min_factor: 0.01
bandwith_kernel: None
no_interact: False
avg_score: -3031.47998046875
median_score: -3031.5
std_score: 205.68960571289062
percentiles: 2%=-3364.919921875, 5%=-3335.050048828125, 10%=-3294.800048828125, 25%=-3204.25, 50%=-3031.5, 75%=-2872.25, 90%=-2733.89990234375, 95%=-2696.699951171875, 98%=-2652.079833984375
ranking_best_algo: RLSOnePlusOne
ranking_best_score: 3316.5199999999995
ranking_my_rank: 127/504 (75.0%)
ranking_my_percent: 75.0
