ConfigName: kjsd__advperagentrankweighted__M3__L16__eps0p007__g0p001__ds0p2__dm0p2
Problem: QUBO
Kernel: jsd
Advantage: peragentrankweighted
M: 3
lambda: 16
epsilon_svgd: 0.007
gamma: 0.001
decay_start_ratio: 0.2
decay_min_factor: 0.2
bandwith_kernel: None
no_interact: False
avg_score: -199.27999877929688
median_score: -199.5
std_score: 11.954981803894043
percentiles: 2%=-224.0, 5%=-222.10000610351562, 10%=-215.0, 25%=-207.0, 50%=-199.5, 75%=-191.0, 90%=-183.0, 95%=-179.9499969482422, 98%=-176.97999572753906
ranking_best_algo: Tabu
ranking_best_score: 208.36000000000004
ranking_my_rank: 86/504 (83.1%)
ranking_my_percent: 83.13492063492063
