ConfigName: krbf__advnormalizedfitness__M4__L12__eps0p033__g0p015__ds0p15__dm0p01
Problem: NK
Kernel: rbf
Advantage: normalizedfitness
M: 4
lambda: 12
epsilon_svgd: 0.033
gamma: 0.015
decay_start_ratio: 0.15
decay_min_factor: 0.01
bandwith_kernel: None
no_interact: False
avg_score: 0.7430431842803955
median_score: 0.7434557676315308
std_score: 0.01798868365585804
percentiles: 2%=0.712365448474884, 5%=0.7137441635131836, 10%=0.7192187905311584, 25%=0.7315891981124878, 50%=0.7434557676315308, 75%=0.7561452984809875, 90%=0.7669731378555298, 95%=0.7699908018112183, 98%=0.7756676077842712
ranking_best_algo: Tabu
ranking_best_score: 0.7470791764843752
ranking_my_rank: 4/504 (99.4%)
ranking_my_percent: 99.4047619047619
