ConfigName: kjsd__advperagentrankweighted__M3__L16__eps0p007__g0p0007__ds0p1__dm0p2
Problem: QUBO
Kernel: jsd
Advantage: peragentrankweighted
M: 3
lambda: 16
epsilon_svgd: 0.007
gamma: 0.0007
decay_start_ratio: 0.1
decay_min_factor: 0.2
bandwith_kernel: None
no_interact: False
avg_score: -308.6600036621094
median_score: -305.0
std_score: 38.56895446777344
percentiles: 2%=-388.0400085449219, 5%=-386.0, 10%=-359.3999938964844, 25%=-334.0, 50%=-305.0, 75%=-273.75, 90%=-265.8999938964844, 95%=-262.0, 98%=-256.0
ranking_best_algo: CMApara
ranking_best_score: 319.29999999999995
ranking_my_rank: 87/504 (82.9%)
ranking_my_percent: 82.93650793650794
