ConfigName: krbf__advnormalizedfitness__M4__L12__eps0p025__g0p015__ds0p15__dm0p01
Problem: QUBO
Kernel: rbf
Advantage: normalizedfitness
M: 4
lambda: 12
epsilon_svgd: 0.025
gamma: 0.015
decay_start_ratio: 0.15
decay_min_factor: 0.01
bandwith_kernel: None
no_interact: False
avg_score: -955.6400146484375
median_score: -945.0
std_score: 81.63045501708984
percentiles: 2%=-1125.1600341796875, 5%=-1088.4000244140625, 10%=-1059.9000244140625, 25%=-1007.25, 50%=-945.0, 75%=-901.0, 90%=-854.0, 95%=-806.7000122070312, 98%=-790.9599609375
ranking_best_algo: SVMMetaModelLogNormal
ranking_best_score: 1233.7999999999997
ranking_my_rank: 288/504 (43.1%)
ranking_my_percent: 43.05555555555556
