ConfigName: kjsd__advperagentrankweighted__M6__L8__eps0p03__g0p0005__ds0p2__dm0p05
Problem: QUBO
Kernel: jsd
Advantage: peragentrankweighted
M: 6
lambda: 8
epsilon_svgd: 0.03
gamma: 0.0005
decay_start_ratio: 0.2
decay_min_factor: 0.05
bandwith_kernel: None
no_interact: False
avg_score: -332.6000061035156
median_score: -335.0
std_score: 19.439136505126953
percentiles: 2%=-372.0, 5%=-361.54998779296875, 10%=-354.0, 25%=-343.0, 50%=-335.0, 75%=-321.5, 90%=-308.0, 95%=-295.8999938964844, 98%=-290.82000732421875
ranking_best_algo: CMApara
ranking_best_score: 344.22
ranking_my_rank: 70/504 (86.3%)
ranking_my_percent: 86.30952380952381
