ConfigName: kjsd__advperagentrankweighted__M3__L16__eps0p005__g0p0005__ds0p05__dm0p1
Problem: NK
Kernel: jsd
Advantage: peragentrankweighted
M: 3
lambda: 16
epsilon_svgd: 0.005
gamma: 0.0005
decay_start_ratio: 0.05
decay_min_factor: 0.1
bandwith_kernel: None
no_interact: False
avg_score: 0.7422366142272949
median_score: 0.7410980463027954
std_score: 0.013798655942082405
percentiles: 2%=0.7160001397132874, 5%=0.7190310955047607, 10%=0.7250181436538696, 25%=0.7334031462669373, 50%=0.7410980463027954, 75%=0.749704122543335, 90%=0.7608239650726318, 95%=0.7661822438240051, 98%=0.7747059464454651
ranking_best_algo: Tabu
ranking_best_score: 0.7601875690625
ranking_my_rank: 11/504 (98.0%)
ranking_my_percent: 98.01587301587301
