ConfigName: kjsd__advperagentrankweighted__M3__L24__eps0p007__g0p001__ds0p05__dm0p05
Problem: QUBO
Kernel: jsd
Advantage: peragentrankweighted
M: 3
lambda: 24
epsilon_svgd: 0.007
gamma: 0.001
decay_start_ratio: 0.05
decay_min_factor: 0.05
bandwith_kernel: None
no_interact: False
avg_score: -1308.800048828125
median_score: -1311.0
std_score: 54.141109466552734
percentiles: 2%=-1403.1199951171875, 5%=-1397.199951171875, 10%=-1372.0999755859375, 25%=-1349.5, 50%=-1311.0, 75%=-1276.5, 90%=-1234.800048828125, 95%=-1210.800048828125, 98%=-1178.9200439453125
ranking_best_algo: BigLognormalDiscreteOnePlusOne
ranking_best_score: 1301.3600000000004
ranking_my_rank: 1/504 (100.0%)
ranking_my_percent: 100.0
