ConfigName: krbf__advnormalizedfitness__M4__L15__eps0p025__g0p007__ds0p15__dm0p01
Problem: NK
Kernel: rbf
Advantage: normalizedfitness
M: 4
lambda: 15
epsilon_svgd: 0.025
gamma: 0.007
decay_start_ratio: 0.15
decay_min_factor: 0.01
bandwith_kernel: None
no_interact: False
avg_score: 0.7530115246772766
median_score: 0.7526169419288635
std_score: 0.013792460784316063
percentiles: 2%=0.7291078567504883, 5%=0.7328301072120667, 10%=0.7349534034729004, 25%=0.7434064149856567, 50%=0.7526169419288635, 75%=0.7626946568489075, 90%=0.7718198895454407, 95%=0.7739137411117554, 98%=0.7795923352241516
ranking_best_algo: Tabu
ranking_best_score: 0.7657846284375001
ranking_my_rank: 9/504 (98.4%)
ranking_my_percent: 98.41269841269842
