ConfigName: krbf__advnormalizedfitness__M3__L12__eps0p033__g0p005__ds0p3__dm0p3
Problem: QUBO
Kernel: rbf
Advantage: normalizedfitness
M: 3
lambda: 12
epsilon_svgd: 0.033
gamma: 0.005
decay_start_ratio: 0.3
decay_min_factor: 0.3
bandwith_kernel: None
no_interact: False
avg_score: -1216.02001953125
median_score: -1214.5
std_score: 68.44866180419922
percentiles: 2%=-1351.9200439453125, 5%=-1324.199951171875, 10%=-1292.5, 25%=-1260.0, 50%=-1214.5, 75%=-1171.5, 90%=-1120.9000244140625, 95%=-1105.0, 98%=-1089.9000244140625
ranking_best_algo: SVMMetaModelLogNormal
ranking_best_score: 1233.7999999999997
ranking_my_rank: 41/504 (92.1%)
ranking_my_percent: 92.06349206349206
