ConfigName: krbf__advnormalizedfitness__M3__L8__eps0p033__g0p015__ds0p3__dm0p01
Problem: QUBO
Kernel: rbf
Advantage: normalizedfitness
M: 3
lambda: 8
epsilon_svgd: 0.033
gamma: 0.015
decay_start_ratio: 0.3
decay_min_factor: 0.01
bandwith_kernel: None
no_interact: False
avg_score: -331.6400146484375
median_score: -338.5
std_score: 20.090553283691406
percentiles: 2%=-372.0, 5%=-360.20001220703125, 10%=-350.0, 25%=-343.0, 50%=-338.5, 75%=-320.0, 90%=-301.79998779296875, 95%=-296.0, 98%=-292.61993408203125
ranking_best_algo: CMApara
ranking_best_score: 344.22
ranking_my_rank: 76/504 (85.1%)
ranking_my_percent: 85.11904761904762
