ConfigName: krbf__advnormalizedfitness__M4__L15__eps0p033__g0p005__ds0p01__dm0p3
Problem: NK
Kernel: rbf
Advantage: normalizedfitness
M: 4
lambda: 15
epsilon_svgd: 0.033
gamma: 0.005
decay_start_ratio: 0.01
decay_min_factor: 0.3
bandwith_kernel: None
no_interact: False
avg_score: 0.7369343042373657
median_score: 0.7375247478485107
std_score: 0.008443830534815788
percentiles: 2%=0.7205471992492676, 5%=0.7217901349067688, 10%=0.7232669591903687, 25%=0.7313786149024963, 50%=0.7375247478485107, 75%=0.7437523603439331, 90%=0.7461914420127869, 95%=0.7508513927459717, 98%=0.7531319856643677
ranking_best_algo: PBIL
ranking_best_score: 0.730509098125
ranking_my_rank: 1/504 (100.0%)
ranking_my_percent: 100.0
