ConfigName: kjsd__advperagentrankweighted__M3__L18__eps0p01__g0p003__ds0p05__dm0p2
Problem: QUBO
Kernel: jsd
Advantage: peragentrankweighted
M: 3
lambda: 18
epsilon_svgd: 0.01
gamma: 0.003
decay_start_ratio: 0.05
decay_min_factor: 0.2
bandwith_kernel: None
no_interact: False
avg_score: -328.5400085449219
median_score: -334.0
std_score: 20.85733413696289
percentiles: 2%=-372.0, 5%=-354.1499938964844, 10%=-350.0, 25%=-342.0, 50%=-334.0, 75%=-317.0, 90%=-296.0, 95%=-291.95001220703125, 98%=-289.8800048828125
ranking_best_algo: CMApara
ranking_best_score: 344.22
ranking_my_rank: 83/504 (83.7%)
ranking_my_percent: 83.73015873015873
