ConfigName: krbf__advnormalizedfitness__M1__L10__eps0p015__g0p01__ds0p3__dm0p3
Problem: NK
Kernel: rbf
Advantage: normalizedfitness
M: 1
lambda: 10
epsilon_svgd: 0.015
gamma: 0.01
decay_start_ratio: 0.3
decay_min_factor: 0.3
bandwith_kernel: None
no_interact: False
avg_score: 0.745992124080658
median_score: 0.7455308437347412
std_score: 0.015081966295838356
percentiles: 2%=0.7142062783241272, 5%=0.7238929867744446, 10%=0.7289705276489258, 25%=0.7362769246101379, 50%=0.7455308437347412, 75%=0.7566662430763245, 90%=0.7632040977478027, 95%=0.7693226933479309, 98%=0.7745441198348999
ranking_best_algo: Tabu
ranking_best_score: 0.7657846284375001
ranking_my_rank: 42/504 (91.9%)
ranking_my_percent: 91.86507936507937
