ConfigName: kfr__advglobalrankweighted__M6__L9__eps0p015__g0p005__ds0p01__dm0p01
Problem: QUBO
Kernel: fr
Advantage: globalrankweighted
M: 6
lambda: 9
epsilon_svgd: 0.015
gamma: 0.005
decay_start_ratio: 0.01
decay_min_factor: 0.01
bandwith_kernel: None
no_interact: False
avg_score: -2333.93994140625
median_score: -2328.5
std_score: 131.0650177001953
percentiles: 2%=-2615.4599609375, 5%=-2531.85009765625, 10%=-2500.89990234375, 25%=-2424.0, 50%=-2328.5, 75%=-2236.75, 90%=-2181.699951171875, 95%=-2119.949951171875, 98%=-2099.35986328125
ranking_best_algo: DiscreteLengler2OnePlusOne
ranking_best_score: 2617.04
ranking_my_rank: 154/504 (69.6%)
ranking_my_percent: 69.64285714285714
