ConfigName: kjsd__advperagentrankweighted__M3__L18__eps0p01__g0p0007__ds0p05__dm0p2
Problem: QUBO
Kernel: jsd
Advantage: peragentrankweighted
M: 3
lambda: 18
epsilon_svgd: 0.01
gamma: 0.0007
decay_start_ratio: 0.05
decay_min_factor: 0.2
bandwith_kernel: None
no_interact: False
avg_score: -138.33999633789062
median_score: -139.5
std_score: 11.742419242858887
percentiles: 2%=-158.02000427246094, 5%=-157.0500030517578, 10%=-153.10000610351562, 25%=-146.0, 50%=-139.5, 75%=-129.75, 90%=-123.0, 95%=-118.9000015258789, 98%=-113.0
ranking_best_algo: DiscreteDE
ranking_best_score: 143.4
ranking_my_rank: 108/504 (78.8%)
ranking_my_percent: 78.76984126984127
