ConfigName: kjsd__advperagentrankweighted__M5__L8__eps0p02__g0p0005__ds0p05__dm0p05
Problem: QUBO
Kernel: jsd
Advantage: peragentrankweighted
M: 5
lambda: 8
epsilon_svgd: 0.02
gamma: 0.0005
decay_start_ratio: 0.05
decay_min_factor: 0.05
bandwith_kernel: None
no_interact: False
avg_score: -2606.9599609375
median_score: -2614.5
std_score: 107.85192108154297
percentiles: 2%=-2801.139892578125, 5%=-2779.949951171875, 10%=-2733.800048828125, 25%=-2672.75, 50%=-2614.5, 75%=-2531.25, 90%=-2473.199951171875, 95%=-2421.89990234375, 98%=-2416.39990234375
ranking_best_algo: DiscreteLengler2OnePlusOne
ranking_best_score: 2617.04
ranking_my_rank: 2/504 (99.8%)
ranking_my_percent: 99.8015873015873
