ConfigName: kjsd__advperagentrankweighted__M3__L16__eps0p01__g0p0005__ds0p1__dm0p05
Problem: QUBO
Kernel: jsd
Advantage: peragentrankweighted
M: 3
lambda: 16
epsilon_svgd: 0.01
gamma: 0.0005
decay_start_ratio: 0.1
decay_min_factor: 0.05
bandwith_kernel: None
no_interact: False
avg_score: -578.5399780273438
median_score: -577.5
std_score: 27.92898941040039
percentiles: 2%=-629.0399780273438, 5%=-625.0999755859375, 10%=-614.2999877929688, 25%=-600.25, 50%=-577.5, 75%=-559.0, 90%=-545.0, 95%=-534.8499755859375, 98%=-529.7999877929688
ranking_best_algo: Tabu
ranking_best_score: 588.7199999999999
ranking_my_rank: 42/503 (91.8%)
ranking_my_percent: 91.84890656063618
