ConfigName: kjsd__advperagentrankweighted__M3__L18__eps0p01__g0p0007__ds0p1__dm0p05
Problem: QUBO
Kernel: jsd
Advantage: peragentrankweighted
M: 3
lambda: 18
epsilon_svgd: 0.01
gamma: 0.0007
decay_start_ratio: 0.1
decay_min_factor: 0.05
bandwith_kernel: None
no_interact: False
avg_score: -1628.97998046875
median_score: -1623.0
std_score: 63.682804107666016
percentiles: 2%=-1764.1199951171875, 5%=-1734.699951171875, 10%=-1703.199951171875, 25%=-1673.25, 50%=-1623.0, 75%=-1590.5, 90%=-1560.9000244140625, 95%=-1534.800048828125, 98%=-1524.9200439453125
ranking_best_algo: NLOPT_LN_PRAXIS
ranking_best_score: 1607.12
ranking_my_rank: 1/504 (100.0%)
ranking_my_percent: 100.0
