ConfigName: kjsd__advperagentrankweighted__M5__L8__eps0p03__g0p0007__ds0p05__dm0p05
Problem: NK
Kernel: jsd
Advantage: peragentrankweighted
M: 5
lambda: 8
epsilon_svgd: 0.03
gamma: 0.0007
decay_start_ratio: 0.05
decay_min_factor: 0.05
bandwith_kernel: None
no_interact: False
avg_score: 0.7439128756523132
median_score: 0.7418206334114075
std_score: 0.014935964718461037
percentiles: 2%=0.7181917428970337, 5%=0.7215434908866882, 10%=0.7255021929740906, 25%=0.7333343625068665, 50%=0.7418206334114075, 75%=0.7529245615005493, 90%=0.7646253705024719, 95%=0.7706730365753174, 98%=0.7783513069152832
ranking_best_algo: Tabu
ranking_best_score: 0.7657846284375001
ranking_my_rank: 52/504 (89.9%)
ranking_my_percent: 89.88095238095238
