ConfigName: kjsd__advperagentrankweighted__M3__L16__eps0p01__g0p0005__ds0p05__dm0p05
Problem: NK
Kernel: jsd
Advantage: peragentrankweighted
M: 3
lambda: 16
epsilon_svgd: 0.01
gamma: 0.0005
decay_start_ratio: 0.05
decay_min_factor: 0.05
bandwith_kernel: None
no_interact: False
avg_score: 0.7514691352844238
median_score: 0.7505049705505371
std_score: 0.01211173553019762
percentiles: 2%=0.7259218096733093, 5%=0.7295947074890137, 10%=0.7390297651290894, 25%=0.7442197203636169, 50%=0.7505049705505371, 75%=0.7595851421356201, 90%=0.7669264078140259, 95%=0.7716167569160461, 98%=0.7746310830116272
ranking_best_algo: Tabu
ranking_best_score: 0.7470791764843752
ranking_my_rank: 1/504 (100.0%)
ranking_my_percent: 100.0
