ConfigName: krbf__advnormalizedfitness__M3__L15__eps0p025__g0p007__ds0p01__dm0p3
Problem: QUBO
Kernel: rbf
Advantage: normalizedfitness
M: 3
lambda: 15
epsilon_svgd: 0.025
gamma: 0.007
decay_start_ratio: 0.01
decay_min_factor: 0.3
bandwith_kernel: None
no_interact: False
avg_score: -2941.89990234375
median_score: -2938.0
std_score: 253.39508056640625
percentiles: 2%=-3419.080078125, 5%=-3352.699951171875, 10%=-3260.199951171875, 25%=-3156.25, 50%=-2938.0, 75%=-2723.0, 90%=-2601.0, 95%=-2573.60009765625, 98%=-2539.559814453125
ranking_best_algo: RLSOnePlusOne
ranking_best_score: 3316.5199999999995
ranking_my_rank: 140/504 (72.4%)
ranking_my_percent: 72.42063492063492
