ConfigName: kjsd__advperagentrankweighted__M4__L8__eps0p005__g0p0003__ds0p4__dm0p05
Problem: QUBO
Kernel: jsd
Advantage: peragentrankweighted
M: 4
lambda: 8
epsilon_svgd: 0.005
gamma: 0.0003
decay_start_ratio: 0.4
decay_min_factor: 0.05
bandwith_kernel: None
no_interact: False
avg_score: -146.5399932861328
median_score: -146.0
std_score: 13.054821968078613
percentiles: 2%=-179.0, 5%=-179.0, 10%=-158.0, 25%=-154.0, 50%=-146.0, 75%=-140.75, 90%=-132.8000030517578, 95%=-124.94999694824219, 98%=-115.95999908447266
ranking_best_algo: CMApara
ranking_best_score: 154.28
ranking_my_rank: 112/504 (78.0%)
ranking_my_percent: 77.97619047619048
