ConfigName: kjsd__advperagentrankweighted__M4__L30__eps0p01__g0p0005__ds0p05__dm0p05
Problem: QUBO
Kernel: jsd
Advantage: peragentrankweighted
M: 4
lambda: 30
epsilon_svgd: 0.01
gamma: 0.0005
decay_start_ratio: 0.05
decay_min_factor: 0.05
bandwith_kernel: None
no_interact: False
avg_score: -2650.06005859375
median_score: -2646.5
std_score: 127.3775405883789
percentiles: 2%=-2903.1201171875, 5%=-2866.5, 10%=-2820.0, 25%=-2734.5, 50%=-2646.5, 75%=-2561.5, 90%=-2480.5, 95%=-2443.800048828125, 98%=-2399.919921875
ranking_best_algo: DiscreteLengler2OnePlusOne
ranking_best_score: 2617.04
ranking_my_rank: 1/504 (100.0%)
ranking_my_percent: 100.0
