ConfigName: kjsd__advperagentrankweighted__M3__L18__eps0p01__g0p0007__ds0p2__dm0p05
Problem: QUBO
Kernel: jsd
Advantage: peragentrankweighted
M: 3
lambda: 18
epsilon_svgd: 0.01
gamma: 0.0007
decay_start_ratio: 0.2
decay_min_factor: 0.05
bandwith_kernel: None
no_interact: False
avg_score: -139.0800018310547
median_score: -141.0
std_score: 11.658199310302734
percentiles: 2%=-160.0, 5%=-156.0500030517578, 10%=-153.10000610351562, 25%=-146.0, 50%=-141.0, 75%=-131.0, 90%=-121.0, 95%=-119.0, 98%=-114.91999816894531
ranking_best_algo: DiscreteDE
ranking_best_score: 143.4
ranking_my_rank: 89/504 (82.5%)
ranking_my_percent: 82.53968253968254
