ConfigName: krbf__advnormalizedfitness__M3__L12__eps0p015__g0p005__ds0p15__dm0p3
Problem: QUBO
Kernel: rbf
Advantage: normalizedfitness
M: 3
lambda: 12
epsilon_svgd: 0.015
gamma: 0.005
decay_start_ratio: 0.15
decay_min_factor: 0.3
bandwith_kernel: None
no_interact: False
avg_score: -884.6599731445312
median_score: -881.0
std_score: 61.74418640136719
percentiles: 2%=-1016.0800170898438, 5%=-983.1500244140625, 10%=-959.2000122070312, 25%=-927.5, 50%=-881.0, 75%=-832.5, 90%=-802.5999755859375, 95%=-789.800048828125, 98%=-780.4198608398438
ranking_best_algo: CMAL3
ranking_best_score: 928.5800000000002
ranking_my_rank: 105/504 (79.4%)
ranking_my_percent: 79.36507936507937
