ConfigName: krbf__advnormalizedfitness__M4__L15__eps0p025__g0p015__ds0p3__dm0p3
Problem: QUBO
Kernel: rbf
Advantage: normalizedfitness
M: 4
lambda: 15
epsilon_svgd: 0.025
gamma: 0.015
decay_start_ratio: 0.3
decay_min_factor: 0.3
bandwith_kernel: None
no_interact: False
avg_score: -273.260009765625
median_score: -271.0
std_score: 27.124387741088867
percentiles: 2%=-326.0400085449219, 5%=-323.04998779296875, 10%=-312.29998779296875, 25%=-288.5, 50%=-271.0, 75%=-254.75, 90%=-239.89999389648438, 95%=-229.90000915527344, 98%=-221.8399658203125
ranking_best_algo: CMApara
ranking_best_score: 344.22
ranking_my_rank: 342/504 (32.3%)
ranking_my_percent: 32.34126984126984
