ConfigName: kfr__advglobalrankweighted__M1__L10__eps0p015__g0p005__ds0p01__dm0p01
Problem: QUBO
Kernel: fr
Advantage: globalrankweighted
M: 1
lambda: 10
epsilon_svgd: 0.015
gamma: 0.005
decay_start_ratio: 0.01
decay_min_factor: 0.01
bandwith_kernel: None
no_interact: False
avg_score: -1274.8599853515625
median_score: -1273.0
std_score: 68.18768310546875
percentiles: 2%=-1432.02001953125, 5%=-1397.050048828125, 10%=-1375.300048828125, 25%=-1314.25, 50%=-1273.0, 75%=-1232.0, 90%=-1192.699951171875, 95%=-1180.7000732421875, 98%=-1150.119873046875
ranking_best_algo: BigLognormalDiscreteOnePlusOne
ranking_best_score: 1301.3600000000004
ranking_my_rank: 34/504 (93.5%)
ranking_my_percent: 93.45238095238095
