ConfigName: krbf__advnormalizedfitness__M2__L6__eps0p01__g0p015__ds0p3__dm0p01
Problem: QUBO
Kernel: rbf
Advantage: normalizedfitness
M: 2
lambda: 6
epsilon_svgd: 0.01
gamma: 0.015
decay_start_ratio: 0.3
decay_min_factor: 0.01
bandwith_kernel: None
no_interact: False
avg_score: -309.1600036621094
median_score: -310.0
std_score: 38.24832534790039
percentiles: 2%=-396.0, 5%=-382.5, 10%=-358.0, 25%=-332.0, 50%=-310.0, 75%=-274.25, 90%=-264.0, 95%=-258.0, 98%=-256.8599853515625
ranking_best_algo: CMApara
ranking_best_score: 319.29999999999995
ranking_my_rank: 81/504 (84.1%)
ranking_my_percent: 84.12698412698413
