ConfigName: kjsd__advperagentrankweighted__M3__L16__eps0p007__g0p0005__ds0p2__dm0p05
Problem: QUBO
Kernel: jsd
Advantage: peragentrankweighted
M: 3
lambda: 16
epsilon_svgd: 0.007
gamma: 0.0005
decay_start_ratio: 0.2
decay_min_factor: 0.05
bandwith_kernel: None
no_interact: False
avg_score: -1628.9200439453125
median_score: -1622.0
std_score: 54.205657958984375
percentiles: 2%=-1734.4599609375, 5%=-1715.550048828125, 10%=-1700.5, 25%=-1664.25, 50%=-1622.0, 75%=-1590.5, 90%=-1566.4000244140625, 95%=-1546.4000244140625, 98%=-1526.8800048828125
ranking_best_algo: NLOPT_LN_PRAXIS
ranking_best_score: 1607.12
ranking_my_rank: 1/504 (100.0%)
ranking_my_percent: 100.0
