ConfigName: kjsd__advperagentrankweighted__M3__L20__eps0p005__g0p0005__ds0p1__dm0p2
Problem: QUBO
Kernel: jsd
Advantage: peragentrankweighted
M: 3
lambda: 20
epsilon_svgd: 0.005
gamma: 0.0005
decay_start_ratio: 0.1
decay_min_factor: 0.2
bandwith_kernel: None
no_interact: False
avg_score: -910.5399780273438
median_score: -903.5
std_score: 64.6597900390625
percentiles: 2%=-1045.1800537109375, 5%=-1030.0999755859375, 10%=-984.2999877929688, 25%=-958.75, 50%=-903.5, 75%=-861.0, 90%=-823.0, 95%=-807.9500122070312, 98%=-801.97998046875
ranking_best_algo: CMAL3
ranking_best_score: 928.5800000000002
ranking_my_rank: 20/504 (96.2%)
ranking_my_percent: 96.23015873015873
