ConfigName: kjsd__advperagentrankweighted__M3__L30__eps0p005__g0p001__ds0p1__dm0p05
Problem: QUBO
Kernel: jsd
Advantage: peragentrankweighted
M: 3
lambda: 30
epsilon_svgd: 0.005
gamma: 0.001
decay_start_ratio: 0.1
decay_min_factor: 0.05
bandwith_kernel: None
no_interact: False
avg_score: -3203.1201171875
median_score: -3201.5
std_score: 128.8480682373047
percentiles: 2%=-3432.840087890625, 5%=-3370.699951171875, 10%=-3328.89990234375, 25%=-3288.25, 50%=-3201.5, 75%=-3129.5, 90%=-3039.60009765625, 95%=-3015.699951171875, 98%=-2944.5400390625
ranking_best_algo: RLSOnePlusOne
ranking_best_score: 3316.5199999999995
ranking_my_rank: 53/504 (89.7%)
ranking_my_percent: 89.68253968253968
