ConfigName: krbf__advnormalizedfitness__M1__L8__eps0p015__g0p005__ds0p3__dm0p01
Problem: QUBO
Kernel: rbf
Advantage: normalizedfitness
M: 1
lambda: 8
epsilon_svgd: 0.015
gamma: 0.005
decay_start_ratio: 0.3
decay_min_factor: 0.01
bandwith_kernel: None
no_interact: False
avg_score: -396.20001220703125
median_score: -401.0
std_score: 36.10595703125
percentiles: 2%=-461.32000732421875, 5%=-446.0, 10%=-439.1000061035156, 25%=-422.5, 50%=-401.0, 75%=-370.0, 90%=-354.0, 95%=-343.9000244140625, 98%=-337.659912109375
ranking_best_algo: Tabu
ranking_best_score: 438.12
ranking_my_rank: 235/504 (53.6%)
ranking_my_percent: 53.57142857142857
