ConfigName: krbf__advnormalizedfitness__M4__L8__eps0p015__g0p007__ds0p3__dm0p01
Problem: QUBO
Kernel: rbf
Advantage: normalizedfitness
M: 4
lambda: 8
epsilon_svgd: 0.015
gamma: 0.007
decay_start_ratio: 0.3
decay_min_factor: 0.01
bandwith_kernel: None
no_interact: False
avg_score: -438.5
median_score: -439.0
std_score: 26.675643920898438
percentiles: 2%=-487.0400085449219, 5%=-483.04998779296875, 10%=-472.0, 25%=-456.75, 50%=-439.0, 75%=-421.0, 90%=-406.0, 95%=-395.70001220703125, 98%=-379.0
ranking_best_algo: CMApara
ranking_best_score: 453.82
ranking_my_rank: 19/504 (96.4%)
ranking_my_percent: 96.42857142857143
