ConfigName: kfr__advglobalrankweighted__M6__L7__eps0p02__g0p005__ds0p01__dm0p01
Problem: QUBO
Kernel: fr
Advantage: globalrankweighted
M: 6
lambda: 7
epsilon_svgd: 0.02
gamma: 0.005
decay_start_ratio: 0.01
decay_min_factor: 0.01
bandwith_kernel: None
no_interact: False
avg_score: -2381.320068359375
median_score: -2378.0
std_score: 161.4587860107422
percentiles: 2%=-2660.10009765625, 5%=-2635.10009765625, 10%=-2602.699951171875, 25%=-2519.0, 50%=-2378.0, 75%=-2248.0, 90%=-2178.39990234375, 95%=-2149.85009765625, 98%=-2121.93994140625
ranking_best_algo: SVM1MetaModelLogNormal
ranking_best_score: 2605.14
ranking_my_rank: 132/504 (74.0%)
ranking_my_percent: 74.0079365079365
