ConfigName: kjsd__advperagentrankweighted__M4__L8__eps0p006__g0p0005__ds0p05__dm0p05
Problem: QUBO
Kernel: jsd
Advantage: peragentrankweighted
M: 4
lambda: 8
epsilon_svgd: 0.006
gamma: 0.0005
decay_start_ratio: 0.05
decay_min_factor: 0.05
bandwith_kernel: None
no_interact: False
avg_score: -428.4800109863281
median_score: -429.0
std_score: 26.76433563232422
percentiles: 2%=-483.0799865722656, 5%=-475.20001220703125, 10%=-462.1000061035156, 25%=-445.0, 50%=-429.0, 75%=-411.75, 90%=-391.0, 95%=-387.0, 98%=-377.8800048828125
ranking_best_algo: CMAL3
ranking_best_score: 435.36
ranking_my_rank: 15/504 (97.2%)
ranking_my_percent: 97.22222222222223
no_repulsion: True
