ConfigName: kjsd__advperagentrankweighted__M3__L16__eps0p005__g0p0007__ds0p1__dm0p2
Problem: NK
Kernel: jsd
Advantage: peragentrankweighted
M: 3
lambda: 16
epsilon_svgd: 0.005
gamma: 0.0007
decay_start_ratio: 0.1
decay_min_factor: 0.2
bandwith_kernel: None
no_interact: False
avg_score: 0.7073099613189697
median_score: 0.7101197242736816
std_score: 0.011732508428394794
percentiles: 2%=0.6881409883499146, 5%=0.689487099647522, 10%=0.692535400390625, 25%=0.6955559849739075, 50%=0.7101197242736816, 75%=0.7175313234329224, 90%=0.7216331958770752, 95%=0.7229159474372864, 98%=0.7233389019966125
ranking_best_algo: PBIL
ranking_best_score: 0.7013553837109374
ranking_my_rank: 1/504 (100.0%)
ranking_my_percent: 100.0
