ConfigName: krbf__advnormalizedfitness__M1__L10__eps0p015__g0p007__ds0p15__dm0p3
Problem: QUBO
Kernel: rbf
Advantage: normalizedfitness
M: 1
lambda: 10
epsilon_svgd: 0.015
gamma: 0.007
decay_start_ratio: 0.15
decay_min_factor: 0.3
bandwith_kernel: None
no_interact: False
avg_score: -319.739990234375
median_score: -326.0
std_score: 42.563507080078125
percentiles: 2%=-372.0, 5%=-370.1000061035156, 10%=-354.0, 25%=-341.25, 50%=-326.0, 75%=-303.5, 90%=-283.4000244140625, 95%=-273.6500244140625, 98%=-251.71994018554688
ranking_best_algo: CMApara
ranking_best_score: 344.22
ranking_my_rank: 178/504 (64.9%)
ranking_my_percent: 64.88095238095238
