ConfigName: kfr__advglobalrankweighted__M1__L9__eps0p01__g0p007__ds0p01__dm0p01
Problem: QUBO
Kernel: fr
Advantage: globalrankweighted
M: 1
lambda: 9
epsilon_svgd: 0.01
gamma: 0.007
decay_start_ratio: 0.01
decay_min_factor: 0.01
bandwith_kernel: None
no_interact: False
avg_score: -1227.760009765625
median_score: -1230.5
std_score: 65.3838119506836
percentiles: 2%=-1353.1800537109375, 5%=-1349.0999755859375, 10%=-1310.0999755859375, 25%=-1271.0, 50%=-1230.5, 75%=-1186.75, 90%=-1140.5999755859375, 95%=-1111.949951171875, 98%=-1104.719970703125
ranking_best_algo: SVMMetaModelLogNormal
ranking_best_score: 1233.7999999999997
ranking_my_rank: 13/504 (97.6%)
ranking_my_percent: 97.61904761904762
