ConfigName: krbf__advnormalizedfitness__M2__L10__eps0p015__g0p007__ds0p15__dm0p3
Problem: QUBO
Kernel: rbf
Advantage: normalizedfitness
M: 2
lambda: 10
epsilon_svgd: 0.015
gamma: 0.007
decay_start_ratio: 0.15
decay_min_factor: 0.3
bandwith_kernel: None
no_interact: False
avg_score: -906.4000244140625
median_score: -904.5
std_score: 65.38700103759766
percentiles: 2%=-1025.1400146484375, 5%=-1013.2999877929688, 10%=-987.7999877929688, 25%=-951.5, 50%=-904.5, 75%=-861.0, 90%=-830.0, 95%=-799.7999877929688, 98%=-776.7000122070312
ranking_best_algo: CMAL3
ranking_best_score: 928.5800000000002
ranking_my_rank: 60/504 (88.3%)
ranking_my_percent: 88.2936507936508
