ConfigName: kjsd__advperagentrankweighted__M3__L24__eps0p005__g0p001__ds0p2__dm0p1
Problem: NK
Kernel: jsd
Advantage: peragentrankweighted
M: 3
lambda: 24
epsilon_svgd: 0.005
gamma: 0.001
decay_start_ratio: 0.2
decay_min_factor: 0.1
bandwith_kernel: None
no_interact: False
avg_score: 0.7104717493057251
median_score: 0.7109166979789734
std_score: 0.015348614193499088
percentiles: 2%=0.6713974475860596, 5%=0.6735782027244568, 10%=0.6963841915130615, 25%=0.7073820233345032, 50%=0.7109166979789734, 75%=0.7193225622177124, 90%=0.7254021763801575, 95%=0.7331441044807434, 98%=0.7338472604751587
ranking_best_algo: CMApara
ranking_best_score: 0.707475975
ranking_my_rank: 1/504 (100.0%)
ranking_my_percent: 100.0
