ConfigName: krbf__advnormalizedfitness__M4__L8__eps0p033__g0p007__ds0p3__dm0p3
Problem: NK
Kernel: rbf
Advantage: normalizedfitness
M: 4
lambda: 8
epsilon_svgd: 0.033
gamma: 0.007
decay_start_ratio: 0.3
decay_min_factor: 0.3
bandwith_kernel: None
no_interact: False
avg_score: 0.7568619251251221
median_score: 0.7557659149169922
std_score: 0.013958095572888851
percentiles: 2%=0.7318269610404968, 5%=0.7363436818122864, 10%=0.7388672828674316, 25%=0.7465048432350159, 50%=0.7557659149169922, 75%=0.7674108743667603, 90%=0.7750068306922913, 95%=0.7799786925315857, 98%=0.7870078086853027
ranking_best_algo: Tabu
ranking_best_score: 0.7470791764843752
ranking_my_rank: 1/504 (100.0%)
ranking_my_percent: 100.0
