ConfigName: krbf__advnormalizedfitness__M3__L12__eps0p015__g0p005__ds0p01__dm0p3
Problem: QUBO
Kernel: rbf
Advantage: normalizedfitness
M: 3
lambda: 12
epsilon_svgd: 0.015
gamma: 0.005
decay_start_ratio: 0.01
decay_min_factor: 0.3
bandwith_kernel: None
no_interact: False
avg_score: -890.6599731445312
median_score: -885.0
std_score: 65.28601837158203
percentiles: 2%=-1040.0400390625, 5%=-1018.5999755859375, 10%=-977.7000122070312, 25%=-927.25, 50%=-885.0, 75%=-847.0, 90%=-812.7999877929688, 95%=-801.3500366210938, 98%=-779.9599609375
ranking_best_algo: CMAL3
ranking_best_score: 928.5800000000002
ranking_my_rank: 98/504 (80.8%)
ranking_my_percent: 80.75396825396825
