ConfigName: kjsd__advperagentrankweighted__M3__L24__eps0p007__g0p001__ds0p05__dm0p2
Problem: QUBO
Kernel: jsd
Advantage: peragentrankweighted
M: 3
lambda: 24
epsilon_svgd: 0.007
gamma: 0.001
decay_start_ratio: 0.05
decay_min_factor: 0.2
bandwith_kernel: None
no_interact: False
avg_score: -579.5399780273438
median_score: -577.0
std_score: 27.370576858520508
percentiles: 2%=-631.02001953125, 5%=-629.0, 10%=-623.2000122070312, 25%=-597.0, 50%=-577.0, 75%=-558.25, 90%=-546.7999877929688, 95%=-537.0, 98%=-531.9199829101562
ranking_best_algo: Tabu
ranking_best_score: 588.7199999999999
ranking_my_rank: 40/503 (92.2%)
ranking_my_percent: 92.2465208747515
