ConfigName: krbf__advnormalizedfitness__M1__L8__eps0p015__g0p01__ds0p15__dm0p3
Problem: QUBO
Kernel: rbf
Advantage: normalizedfitness
M: 1
lambda: 8
epsilon_svgd: 0.015
gamma: 0.01
decay_start_ratio: 0.15
decay_min_factor: 0.3
bandwith_kernel: None
no_interact: False
avg_score: -1288.719970703125
median_score: -1290.0
std_score: 68.8597183227539
percentiles: 2%=-1427.4000244140625, 5%=-1406.75, 10%=-1372.199951171875, 25%=-1339.0, 50%=-1290.0, 75%=-1241.0, 90%=-1194.199951171875, 95%=-1170.8499755859375, 98%=-1162.719970703125
ranking_best_algo: BigLognormalDiscreteOnePlusOne
ranking_best_score: 1301.3600000000004
ranking_my_rank: 4/504 (99.4%)
ranking_my_percent: 99.4047619047619
