ConfigName: kjsd__advperagentrankweighted__M4__L8__eps0p005__g0p0005__ds0p2__dm0p05
Problem: QUBO
Kernel: jsd
Advantage: peragentrankweighted
M: 4
lambda: 8
epsilon_svgd: 0.005
gamma: 0.0005
decay_start_ratio: 0.2
decay_min_factor: 0.05
bandwith_kernel: None
no_interact: False
avg_score: -933.3200073242188
median_score: -924.0
std_score: 61.988365173339844
percentiles: 2%=-1076.0400390625, 5%=-1070.0999755859375, 10%=-1035.0999755859375, 25%=-963.25, 50%=-924.0, 75%=-892.75, 90%=-868.7999877929688, 95%=-856.5499877929688, 98%=-822.7999877929688
ranking_best_algo: CMApara
ranking_best_score: 964.9
ranking_my_rank: 19/504 (96.4%)
ranking_my_percent: 96.42857142857143
