ConfigName: krbf__advnormalizedfitness__M4__L15__eps0p033__g0p005__ds0p01__dm0p3
Problem: NK
Kernel: rbf
Advantage: normalizedfitness
M: 4
lambda: 15
epsilon_svgd: 0.033
gamma: 0.005
decay_start_ratio: 0.01
decay_min_factor: 0.3
bandwith_kernel: None
no_interact: False
avg_score: 0.7453542947769165
median_score: 0.7411027550697327
std_score: 0.02746429294347763
percentiles: 2%=0.7054167985916138, 5%=0.7107593417167664, 10%=0.7141745090484619, 25%=0.7217390537261963, 50%=0.7411027550697327, 75%=0.7580187320709229, 90%=0.777946949005127, 95%=0.8045802712440491, 98%=0.8118547797203064
ranking_best_algo: CMApara
ranking_best_score: 0.7459277895312499
ranking_my_rank: 2/504 (99.8%)
ranking_my_percent: 99.8015873015873
