ConfigName: kjsd__advperagentrankweighted__M3__L24__eps0p007__g0p001__ds0p1__dm0p2
Problem: QUBO
Kernel: jsd
Advantage: peragentrankweighted
M: 3
lambda: 24
epsilon_svgd: 0.007
gamma: 0.001
decay_start_ratio: 0.1
decay_min_factor: 0.2
bandwith_kernel: None
no_interact: False
avg_score: -309.79998779296875
median_score: -313.0
std_score: 40.28250503540039
percentiles: 2%=-394.0799865722656, 5%=-388.0, 10%=-359.3999938964844, 25%=-338.5, 50%=-313.0, 75%=-273.0, 90%=-262.8999938964844, 95%=-251.89999389648438, 98%=-247.9199981689453
ranking_best_algo: CMApara
ranking_best_score: 319.29999999999995
ranking_my_rank: 69/504 (86.5%)
ranking_my_percent: 86.5079365079365
