ConfigName: krbf__advnormalizedfitness__M4__L8__eps0p025__g0p015__ds0p15__dm0p01
Problem: QUBO
Kernel: rbf
Advantage: normalizedfitness
M: 4
lambda: 8
epsilon_svgd: 0.025
gamma: 0.015
decay_start_ratio: 0.15
decay_min_factor: 0.01
bandwith_kernel: None
no_interact: False
avg_score: -420.4599914550781
median_score: -420.0
std_score: 25.55989646911621
percentiles: 2%=-471.0799865722656, 5%=-467.0, 10%=-461.20001220703125, 25%=-435.0, 50%=-420.0, 75%=-404.75, 90%=-388.8999938964844, 95%=-380.8500061035156, 98%=-368.97998046875
ranking_best_algo: CMAL3
ranking_best_score: 435.36
ranking_my_rank: 59/504 (88.5%)
ranking_my_percent: 88.4920634920635
