ConfigName: krbf__advnormalizedfitness__M5__L24__eps0p025__g0p005__ds0p05__dm0p05
Problem: NK
Kernel: rbf
Advantage: normalizedfitness
M: 5
lambda: 24
epsilon_svgd: 0.025
gamma: 0.005
decay_start_ratio: 0.05
decay_min_factor: 0.05
bandwith_kernel: None
no_interact: False
avg_score: 0.5740769505500793
median_score: 0.5734100937843323
std_score: 0.0059515926986932755
percentiles: 2%=0.5643188953399658, 5%=0.5651748180389404, 10%=0.5665896534919739, 25%=0.570947527885437, 50%=0.5734100937843323, 75%=0.5769233107566833, 90%=0.5798719525337219, 95%=0.5830513834953308, 98%=0.5920162200927734
ranking_best_algo: PBIL
ranking_best_score: 0.7170882103515624
ranking_my_rank: 389/504 (23.0%)
ranking_my_percent: 23.015873015873016
