ConfigName: krbf__advnormalizedfitness__M4__L12__eps0p033__g0p015__ds0p3__dm0p3
Problem: QUBO
Kernel: rbf
Advantage: normalizedfitness
M: 4
lambda: 12
epsilon_svgd: 0.033
gamma: 0.015
decay_start_ratio: 0.3
decay_min_factor: 0.3
bandwith_kernel: None
no_interact: False
avg_score: -380.5199890136719
median_score: -379.0
std_score: 35.59226989746094
percentiles: 2%=-442.0199890136719, 5%=-439.0, 10%=-431.1000061035156, 25%=-408.25, 50%=-379.0, 75%=-355.0, 90%=-330.8999938964844, 95%=-319.0, 98%=-311.94000244140625
ranking_best_algo: CMApara
ranking_best_score: 453.82
ranking_my_rank: 323/504 (36.1%)
ranking_my_percent: 36.111111111111114
