ConfigName: kjsd__advperagentrankweighted__M4__L20__eps0p007__g0p0005__ds0p05__dm0p05
Problem: QUBO
Kernel: jsd
Advantage: peragentrankweighted
M: 4
lambda: 20
epsilon_svgd: 0.007
gamma: 0.0005
decay_start_ratio: 0.05
decay_min_factor: 0.05
bandwith_kernel: None
no_interact: False
avg_score: -3309.260009765625
median_score: -3316.5
std_score: 115.15595245361328
percentiles: 2%=-3548.260009765625, 5%=-3502.0, 10%=-3462.89990234375, 25%=-3378.5, 50%=-3316.5, 75%=-3235.75, 90%=-3154.5, 95%=-3125.699951171875, 98%=-3095.239990234375
ranking_best_algo: RLSOnePlusOne
ranking_best_score: 3316.5199999999995
ranking_my_rank: 2/504 (99.8%)
ranking_my_percent: 99.8015873015873
