ConfigName: kjsd__advperagentrankweighted__M3__L18__eps0p007__g0p0007__ds0p2__dm0p1
Problem: QUBO
Kernel: jsd
Advantage: peragentrankweighted
M: 3
lambda: 18
epsilon_svgd: 0.007
gamma: 0.0007
decay_start_ratio: 0.2
decay_min_factor: 0.1
bandwith_kernel: None
no_interact: False
avg_score: -3316.699951171875
median_score: -3319.0
std_score: 109.23822784423828
percentiles: 2%=-3530.260009765625, 5%=-3480.14990234375, 10%=-3455.39990234375, 25%=-3398.0, 50%=-3319.0, 75%=-3243.25, 90%=-3165.800048828125, 95%=-3144.35009765625, 98%=-3113.419921875
ranking_best_algo: RLSOnePlusOne
ranking_best_score: 3316.5199999999995
ranking_my_rank: 1/504 (100.0%)
ranking_my_percent: 100.0
