ConfigName: kjsd__advperagentrankweighted__M3__L18__eps0p005__g0p003__ds0p2__dm0p05
Problem: QUBO
Kernel: jsd
Advantage: peragentrankweighted
M: 3
lambda: 18
epsilon_svgd: 0.005
gamma: 0.003
decay_start_ratio: 0.2
decay_min_factor: 0.05
bandwith_kernel: None
no_interact: False
avg_score: -146.1999969482422
median_score: -145.0
std_score: 12.789057731628418
percentiles: 2%=-179.0, 5%=-164.75, 10%=-158.0, 25%=-154.25, 50%=-145.0, 75%=-140.0, 90%=-131.89999389648438, 95%=-127.94999694824219, 98%=-116.94000244140625
ranking_best_algo: CMApara
ranking_best_score: 154.28
ranking_my_rank: 126/504 (75.2%)
ranking_my_percent: 75.1984126984127
