ConfigName: kjsd__advperagentrankweighted__M3__L18__eps0p005__g0p0005__ds0p05__dm0p2
Problem: QUBO
Kernel: jsd
Advantage: peragentrankweighted
M: 3
lambda: 18
epsilon_svgd: 0.005
gamma: 0.0005
decay_start_ratio: 0.05
decay_min_factor: 0.2
bandwith_kernel: None
no_interact: False
avg_score: -199.55999755859375
median_score: -199.0
std_score: 12.056798934936523
percentiles: 2%=-224.0, 5%=-221.0500030517578, 10%=-215.0, 25%=-208.25, 50%=-199.0, 75%=-191.0, 90%=-184.8000030517578, 95%=-178.9499969482422, 98%=-175.97999572753906
ranking_best_algo: Tabu
ranking_best_score: 208.36000000000004
ranking_my_rank: 68/504 (86.7%)
ranking_my_percent: 86.7063492063492
