ConfigName: krbf__advnormalizedfitness__M3__L8__eps0p033__g0p015__ds0p15__dm0p01
Problem: NK
Kernel: rbf
Advantage: normalizedfitness
M: 3
lambda: 8
epsilon_svgd: 0.033
gamma: 0.015
decay_start_ratio: 0.15
decay_min_factor: 0.01
bandwith_kernel: None
no_interact: False
avg_score: 0.7552316188812256
median_score: 0.7548500299453735
std_score: 0.013206088915467262
percentiles: 2%=0.7304340600967407, 5%=0.7357807755470276, 10%=0.7388936877250671, 25%=0.7456514835357666, 50%=0.7548500299453735, 75%=0.7655865550041199, 90%=0.7717927098274231, 95%=0.7767861485481262, 98%=0.779782772064209
ranking_best_algo: Tabu
ranking_best_score: 0.7657846284375001
ranking_my_rank: 5/504 (99.2%)
ranking_my_percent: 99.2063492063492
