ConfigName: kjsd__advperagentrankweighted__M6__L10__eps0p02__g0p0007__ds0p05__dm0p05
Problem: QUBO
Kernel: jsd
Advantage: peragentrankweighted
M: 6
lambda: 10
epsilon_svgd: 0.02
gamma: 0.0007
decay_start_ratio: 0.05
decay_min_factor: 0.05
bandwith_kernel: None
no_interact: False
avg_score: -2668.93994140625
median_score: -2675.0
std_score: 114.8699951171875
percentiles: 2%=-2905.320068359375, 5%=-2857.300048828125, 10%=-2808.300048828125, 25%=-2738.75, 50%=-2675.0, 75%=-2596.0, 90%=-2521.699951171875, 95%=-2465.85009765625, 98%=-2421.9599609375
ranking_best_algo: DiscreteLengler2OnePlusOne
ranking_best_score: 2617.04
ranking_my_rank: 1/504 (100.0%)
ranking_my_percent: 100.0
