step,best_fitness,avg_hamming,avg_l1,avg_entropy,mean,median,std,2%,5%,10%,25%,50%,75%,90%,95%,98%
40,-515.97998046875,121.63838195800781,38.12833023071289,161.45935440063477,-515.97998046875,-517.0,100.83352661132812,-716.0999755859375,-678.2000122070312,-650.0999755859375,-569.5,-517.0,-447.25,-388.5,-359.54998779296875,-287.8999938964844
80,-566.5999755859375,117.8210678100586,48.372222900390625,150.86618041992188,-566.5999755859375,-554.5,86.15404510498047,-770.3200073242188,-715.5999755859375,-672.2999877929688,-628.0,-554.5,-508.5,-464.5,-441.95001220703125,-403.6000061035156
120,-617.6400146484375,114.65874481201172,54.62678146362305,142.20483779907227,-617.6400146484375,-620.5,82.58856201171875,-770.3200073242188,-754.0999755859375,-734.5999755859375,-667.0,-620.5,-562.25,-512.2999877929688,-493.1499938964844,-459.8599853515625
160,-666.239990234375,111.91056823730469,59.029441833496094,134.6407928466797,-666.239990234375,-658.0,90.04766845703125,-872.4199829101562,-802.2000122070312,-777.2000122070312,-732.5,-658.0,-599.75,-556.2999877929688,-525.3499755859375,-501.67999267578125
200,-735.2799682617188,109.6083984375,62.28126525878906,128.06986618041992,-735.280029296875,-728.0,96.78843688964844,-907.3200073242188,-902.0,-863.4000244140625,-808.0,-728.0,-652.75,-612.2999877929688,-585.4000244140625,-565.8200073242188
240,-811.6599731445312,107.33860778808594,64.56636047363281,122.08658409118652,-811.6599731445312,-804.0,113.09378814697266,-1096.93994140625,-1011.3499755859375,-941.2000122070312,-872.0,-804.0,-725.25,-677.7000122070312,-658.75,-651.219970703125
280,-881.7999877929688,105.41525268554688,66.44207763671875,116.78510093688965,-881.7999877929688,-852.5,130.1563720703125,-1224.0999755859375,-1105.25,-1040.5999755859375,-956.0,-852.5,-792.25,-739.7000122070312,-703.9000244140625,-691.6400146484375
320,-945.6399536132812,103.57234954833984,67.96221923828125,111.77556419372559,-945.6400146484375,-940.5,122.03291320800781,-1224.0999755859375,-1152.050048828125,-1096.9000244140625,-1021.25,-940.5,-852.25,-795.7999877929688,-771.7000122070312,-757.739990234375
360,-1021.1799926757812,101.89859008789062,69.07271575927734,107.31848907470703,-1021.1799926757812,-1017.0,125.66720581054688,-1260.0999755859375,-1219.25,-1178.9000244140625,-1101.25,-1017.0,-926.75,-868.5999755859375,-847.2999877929688,-813.5599975585938
400,-1093.97998046875,100.3858642578125,69.96945190429688,103.23171615600586,-1093.97998046875,-1090.5,125.01712036132812,-1456.300048828125,-1307.5999755859375,-1226.199951171875,-1174.5,-1090.5,-1012.5,-939.7999877929688,-910.7999877929688,-887.2000122070312
440,-1149.219970703125,98.85624694824219,70.53282928466797,99.45600891113281,-1149.219970703125,-1142.0,129.8648223876953,-1456.56005859375,-1340.8499755859375,-1306.5,-1236.25,-1142.0,-1065.25,-1001.4000244140625,-936.25,-910.9199829101562
480,-1192.8199462890625,97.50547790527344,71.07281494140625,95.92322731018066,-1192.8199462890625,-1188.5,120.48139190673828,-1456.56005859375,-1395.3499755859375,-1331.300048828125,-1278.25,-1188.5,-1122.0,-1052.699951171875,-982.5,-938.9600219726562
520,-1259.8199462890625,96.32229614257812,71.59390258789062,92.65987396240234,-1259.8199462890625,-1265.5,119.73523712158203,-1484.1400146484375,-1456.9000244140625,-1411.300048828125,-1329.25,-1265.5,-1202.75,-1105.0999755859375,-1042.949951171875,-1007.9600219726562
560,-1315.5999755859375,95.06564331054688,71.82975769042969,89.56224060058594,-1315.5999755859375,-1328.5,117.8174819946289,-1562.1199951171875,-1491.25,-1466.5,-1394.0,-1328.5,-1236.0,-1139.300048828125,-1113.949951171875,-1096.6400146484375
600,-1362.0399169921875,93.93153381347656,72.072021484375,86.65216827392578,-1362.0400390625,-1355.5,105.53842163085938,-1572.0799560546875,-1552.5,-1482.0,-1423.0,-1355.5,-1301.25,-1227.800048828125,-1204.3499755859375,-1145.02001953125
640,-1394.3599853515625,92.78057861328125,72.13616180419922,83.95818138122559,-1394.3599853515625,-1391.5,102.90262603759766,-1603.8800048828125,-1568.199951171875,-1495.0999755859375,-1465.5,-1391.5,-1335.75,-1278.800048828125,-1205.0,-1191.800048828125
680,-1437.43994140625,91.5680160522461,72.05315399169922,81.41461563110352,-1437.43994140625,-1437.0,112.41194915771484,-1704.43994140625,-1614.199951171875,-1590.199951171875,-1491.75,-1437.0,-1361.75,-1311.4000244140625,-1253.699951171875,-1209.9000244140625
720,-1473.260009765625,90.63106536865234,72.21348571777344,78.89229011535645,-1473.260009765625,-1473.0,119.47003936767578,-1726.719970703125,-1696.0,-1628.199951171875,-1550.0,-1473.0,-1386.75,-1316.5999755859375,-1298.9000244140625,-1242.0
760,-1514.659912109375,89.77244567871094,72.3201904296875,76.54105758666992,-1514.6600341796875,-1510.5,118.8064193725586,-1761.02001953125,-1707.0,-1654.800048828125,-1591.0,-1510.5,-1423.25,-1380.9000244140625,-1334.800048828125,-1307.800048828125
800,-1549.3800048828125,88.83003997802734,72.2278060913086,74.36130332946777,-1549.3800048828125,-1537.0,113.1587142944336,-1763.0799560546875,-1738.699951171875,-1701.199951171875,-1620.75,-1537.0,-1470.25,-1403.0999755859375,-1380.949951171875,-1361.5999755859375
840,-1586.760009765625,88.00689697265625,72.21267700195312,72.26497459411621,-1586.760009765625,-1570.0,113.00823974609375,-1808.1600341796875,-1786.199951171875,-1750.199951171875,-1677.25,-1570.0,-1502.75,-1446.800048828125,-1433.75,-1396.6800537109375
880,-1622.1199951171875,87.11845397949219,72.10298919677734,70.15965461730957,-1622.1199951171875,-1602.5,127.26423645019531,-1854.02001953125,-1816.3499755859375,-1792.199951171875,-1698.0,-1602.5,-1533.25,-1476.0,-1453.449951171875,-1428.260009765625
920,-1648.5399169921875,86.41073608398438,72.11663055419922,68.23063087463379,-1648.5400390625,-1626.0,126.37511444091797,-1925.47998046875,-1853.25,-1816.4000244140625,-1719.25,-1626.0,-1561.25,-1517.0,-1479.800048828125,-1453.780029296875
960,-1671.7799072265625,85.64025115966797,71.970458984375,66.4793758392334,-1671.780029296875,-1646.5,124.70602416992188,-1968.5999755859375,-1880.300048828125,-1848.4000244140625,-1744.0,-1646.5,-1588.0,-1527.9000244140625,-1520.949951171875,-1517.719970703125
1000,-1696.9599609375,84.92321014404297,71.82551574707031,64.74068641662598,-1696.9599609375,-1685.5,122.82002258300781,-1995.06005859375,-1890.300048828125,-1871.4000244140625,-1762.0,-1685.5,-1607.0,-1554.9000244140625,-1529.9000244140625,-1520.97998046875
1040,-1724.7799072265625,84.1441421508789,71.6043701171875,63.103158950805664,-1724.780029296875,-1709.0,120.533935546875,-1999.5,-1938.5,-1875.5,-1786.0,-1709.0,-1640.5,-1568.0,-1553.949951171875,-1527.8599853515625
1080,-1746.659912109375,83.397216796875,71.38343811035156,61.51055717468262,-1746.6600341796875,-1724.0,123.92887115478516,-2046.5400390625,-1939.0,-1906.300048828125,-1826.75,-1724.0,-1657.75,-1611.9000244140625,-1567.3499755859375,-1535.8399658203125
1120,-1765.419921875,82.76924133300781,71.26387023925781,59.98361015319824,-1765.4200439453125,-1754.0,125.5510482788086,-2062.219970703125,-1982.4000244140625,-1908.0999755859375,-1858.25,-1754.0,-1678.75,-1614.5999755859375,-1569.9000244140625,-1554.4599609375
1160,-1785.659912109375,82.16325378417969,71.10430908203125,58.51598072052002,-1785.6600341796875,-1779.0,123.90093994140625,-2062.219970703125,-2032.3499755859375,-1925.699951171875,-1865.0,-1779.0,-1688.5,-1642.0,-1612.75,-1576.8599853515625
1200,-1802.0399169921875,81.66646575927734,71.07345581054688,57.09316539764404,-1802.0400390625,-1790.5,121.78456115722656,-2073.419921875,-2032.3499755859375,-1940.0,-1882.0,-1790.5,-1712.75,-1655.300048828125,-1616.800048828125,-1601.93994140625
1240,-1822.159912109375,81.09616088867188,70.92216491699219,55.7535400390625,-1822.1600341796875,-1800.0,123.88565063476562,-2094.5,-2040.75,-1965.0,-1905.25,-1800.0,-1730.75,-1695.0,-1623.9000244140625,-1601.93994140625
1280,-1843.9599609375,80.57781982421875,70.76673889160156,54.52686309814453,-1843.9599609375,-1822.0,121.73544311523438,-2119.340087890625,-2041.050048828125,-1982.199951171875,-1926.5,-1822.0,-1765.5,-1712.9000244140625,-1689.699951171875,-1635.260009765625
1320,-1856.719970703125,79.96878814697266,70.54176330566406,53.22550296783447,-1856.719970703125,-1842.5,123.0564193725586,-2131.10009765625,-2041.050048828125,-2012.199951171875,-1933.25,-1842.5,-1772.75,-1720.300048828125,-1703.5999755859375,-1635.260009765625
1360,-1880.3399658203125,79.44288635253906,70.36190795898438,51.97122859954834,-1880.3399658203125,-1869.5,125.80001068115234,-2159.10009765625,-2092.60009765625,-2040.300048828125,-1963.75,-1869.5,-1790.75,-1740.800048828125,-1704.949951171875,-1658.8599853515625
1400,-1899.8199462890625,79.04727172851562,70.306396484375,50.81084728240967,-1899.8199462890625,-1890.0,126.40604400634766,-2164.47998046875,-2102.10009765625,-2066.199951171875,-1976.25,-1890.0,-1805.5,-1765.800048828125,-1729.0,-1701.4000244140625
1440,-1916.2999267578125,78.56909942626953,70.11211395263672,49.707773208618164,-1916.300048828125,-1894.0,128.26437377929688,-2188.06005859375,-2131.699951171875,-2088.39990234375,-1995.5,-1894.0,-1817.25,-1779.5,-1748.8499755859375,-1702.3800048828125
1480,-1924.739990234375,78.07225799560547,69.9109115600586,48.598002433776855,-1924.739990234375,-1899.5,126.69606018066406,-2188.06005859375,-2146.89990234375,-2088.39990234375,-2004.5,-1899.5,-1824.0,-1794.300048828125,-1762.300048828125,-1709.8599853515625
1520,-1941.0399169921875,77.54277038574219,69.65104675292969,47.530174255371094,-1941.0400390625,-1937.5,127.57695007324219,-2191.219970703125,-2165.199951171875,-2092.199951171875,-2034.0,-1937.5,-1843.5,-1803.9000244140625,-1762.8499755859375,-1709.8599853515625
1560,-1953.8399658203125,77.1216049194336,69.51778411865234,46.5207633972168,-1953.8399658203125,-1944.0,127.06224060058594,-2202.800048828125,-2165.199951171875,-2113.39990234375,-2041.0,-1944.0,-1852.75,-1807.9000244140625,-1797.9000244140625,-1709.8599853515625
1600,-1970.1199951171875,76.84611511230469,69.4951400756836,45.54435920715332,-1970.1199951171875,-1947.5,125.09766387939453,-2216.52001953125,-2201.050048828125,-2128.0,-2063.75,-1947.5,-1869.0,-1835.5999755859375,-1806.449951171875,-1750.0400390625
1640,-1983.5,76.47441864013672,69.37989044189453,44.61876106262207,-1983.5,-1952.0,120.69908905029297,-2226.320068359375,-2201.050048828125,-2129.699951171875,-2070.5,-1952.0,-1909.75,-1844.9000244140625,-1810.800048828125,-1767.199951171875
1680,-1993.419921875,75.95658111572266,69.1229248046875,43.615129470825195,-1993.4200439453125,-1983.5,119.99794006347656,-2226.320068359375,-2201.050048828125,-2154.0,-2076.0,-1983.5,-1912.75,-1851.300048828125,-1834.9000244140625,-1790.719970703125
1720,-2005.5,75.48377990722656,68.89187622070312,42.68476581573486,-2005.5,-2008.0,121.11461639404297,-2252.39990234375,-2202.85009765625,-2157.10009765625,-2094.5,-2008.0,-1927.75,-1861.0,-1837.9000244140625,-1830.9000244140625
1760,-2020.179931640625,75.01155090332031,68.64763641357422,41.79086875915527,-2020.1800537109375,-2016.5,121.13301086425781,-2272.10009765625,-2242.39990234375,-2162.199951171875,-2106.25,-2016.5,-1940.75,-1864.9000244140625,-1840.8499755859375,-1832.6600341796875
1800,-2030.47998046875,74.62416076660156,68.4569320678711,40.91502380371094,-2030.47998046875,-2025.5,122.22473907470703,-2272.340087890625,-2250.300048828125,-2178.0,-2126.0,-2025.5,-1942.75,-1870.0,-1860.949951171875,-1834.6199951171875
1840,-2042.3599853515625,74.20944213867188,68.25828552246094,39.99068069458008,-2042.3599853515625,-2036.5,125.4469985961914,-2345.139892578125,-2250.5,-2182.39990234375,-2127.75,-2036.5,-1945.25,-1890.699951171875,-1863.9000244140625,-1834.6199951171875
1880,-2053.8798828125,73.7489242553711,67.99629211425781,39.08389377593994,-2053.8798828125,-2057.0,125.88640594482422,-2345.139892578125,-2260.0,-2199.5,-2130.25,-2057.0,-1955.5,-1899.699951171875,-1887.550048828125,-1839.52001953125
1920,-2064.079833984375,73.30137634277344,67.7318344116211,38.252625465393066,-2064.080078125,-2064.5,123.40515899658203,-2345.139892578125,-2260.300048828125,-2210.300048828125,-2154.75,-2064.5,-1959.75,-1916.9000244140625,-1897.0,-1842.97998046875
1960,-2078.800048828125,72.90064239501953,67.52639770507812,37.501352310180664,-2078.800048828125,-2084.5,122.73564910888672,-2345.139892578125,-2262.60009765625,-2224.39990234375,-2160.0,-2084.5,-1979.75,-1926.5,-1897.0,-1882.219970703125
2000,-2092.02001953125,72.56733703613281,67.34385681152344,36.75137519836426,-2092.02001953125,-2090.5,124.96831512451172,-2351.6201171875,-2318.199951171875,-2244.10009765625,-2171.75,-2090.5,-2001.0,-1937.5999755859375,-1915.800048828125,-1882.219970703125
2040,-2101.52001953125,72.14569091796875,67.06849670410156,36.03666973114014,-2101.52001953125,-2102.5,126.25247955322266,-2351.659912109375,-2318.199951171875,-2248.0,-2186.5,-2102.5,-2009.0,-1949.800048828125,-1923.5999755859375,-1882.219970703125
2080,-2109.659912109375,71.78630065917969,66.85258483886719,35.32597637176514,-2109.659912109375,-2109.5,125.09901428222656,-2377.4599609375,-2322.5,-2248.0,-2196.0,-2109.5,-2020.75,-1950.9000244140625,-1927.4000244140625,-1882.6199951171875
2120,-2118.97998046875,71.51323699951172,66.74095153808594,34.64049243927002,-2118.97998046875,-2112.5,124.1631088256836,-2377.5,-2322.5,-2252.5,-2204.0,-2112.5,-2035.25,-1960.5,-1933.9000244140625,-1882.6199951171875
2160,-2129.099853515625,71.18852233886719,66.56913757324219,33.88300895690918,-2129.10009765625,-2124.5,122.7400131225586,-2381.419921875,-2322.699951171875,-2278.0,-2210.0,-2124.5,-2045.0,-1964.0,-1953.8499755859375,-1902.219970703125
2200,-2136.119873046875,70.79014587402344,66.3232650756836,33.15663814544678,-2136.1201171875,-2128.0,122.45973205566406,-2391.219970703125,-2346.10009765625,-2294.10009765625,-2225.0,-2128.0,-2052.0,-1972.0,-1957.9000244140625,-1902.4599609375
2240,-2143.639892578125,70.5077133178711,66.17890167236328,32.4714298248291,-2143.639892578125,-2139.5,123.83048248291016,-2391.860107421875,-2348.699951171875,-2295.10009765625,-2233.0,-2139.5,-2052.0,-1983.5,-1968.75,-1907.9000244140625
2280,-2150.5,70.17514038085938,65.97857666015625,31.823843955993652,-2150.5,-2146.5,122.52555084228516,-2421.260009765625,-2350.60009765625,-2297.60009765625,-2239.0,-2146.5,-2065.0,-2000.199951171875,-1968.75,-1935.3800048828125
2320,-2160.659912109375,69.82307434082031,65.74160766601562,31.191086292266846,-2160.659912109375,-2152.0,123.33192443847656,-2421.820068359375,-2351.0,-2310.199951171875,-2250.5,-2152.0,-2080.5,-2007.4000244140625,-1981.3499755859375,-1945.1800537109375
2360,-2168.93994140625,69.4044189453125,65.45062255859375,30.557148456573486,-2168.93994140625,-2161.0,123.54949188232422,-2421.820068359375,-2370.199951171875,-2312.5,-2258.5,-2161.0,-2085.0,-2015.199951171875,-1981.3499755859375,-1957.219970703125
2400,-2176.699951171875,69.0354995727539,65.20428466796875,29.886739253997803,-2176.699951171875,-2162.0,124.91497039794922,-2428.760009765625,-2388.5,-2317.89990234375,-2265.0,-2162.0,-2095.25,-2017.9000244140625,-1981.3499755859375,-1963.0999755859375
2440,-2185.8798828125,68.67369079589844,64.93960571289062,29.327558994293213,-2185.8798828125,-2176.5,125.2625503540039,-2434.840087890625,-2400.60009765625,-2335.300048828125,-2273.0,-2176.5,-2101.5,-2023.5,-2001.0999755859375,-1963.0999755859375
2480,-2193.079833984375,68.33958435058594,64.72042846679688,28.71232318878174,-2193.080078125,-2179.5,124.28512573242188,-2434.840087890625,-2410.550048828125,-2337.10009765625,-2284.25,-2179.5,-2102.75,-2041.199951171875,-2001.0999755859375,-1968.0799560546875
2520,-2202.39990234375,68.04789733886719,64.540283203125,28.10926866531372,-2202.39990234375,-2188.5,128.3585662841797,-2482.800048828125,-2419.25,-2354.10009765625,-2291.25,-2188.5,-2117.5,-2041.199951171875,-2001.4000244140625,-1977.02001953125
2560,-2211.93994140625,67.75767517089844,64.35362243652344,27.51603364944458,-2211.93994140625,-2206.5,128.2838897705078,-2482.800048828125,-2434.449951171875,-2354.10009765625,-2302.0,-2206.5,-2119.75,-2043.5999755859375,-2008.0,-2004.6199951171875
2600,-2219.679931640625,67.48543548583984,64.17646789550781,26.914793491363525,-2219.679931640625,-2213.0,128.8368682861328,-2482.800048828125,-2436.35009765625,-2354.5,-2309.25,-2213.0,-2127.25,-2049.39990234375,-2016.75,-2006.5799560546875
2640,-2225.47998046875,67.27708435058594,64.06441497802734,26.397443771362305,-2225.47998046875,-2220.0,130.27206420898438,-2482.800048828125,-2443.25,-2380.0,-2311.75,-2220.0,-2128.75,-2049.800048828125,-2016.75,-2006.8599853515625
2680,-2231.719970703125,67.02923583984375,63.90818405151367,25.88057804107666,-2231.719970703125,-2232.5,130.91433715820312,-2482.800048828125,-2443.25,-2380.0,-2328.5,-2232.5,-2135.75,-2050.0,-2023.5,-2006.8599853515625
2720,-2238.06005859375,66.76327514648438,63.72884750366211,25.42335796356201,-2238.06005859375,-2232.5,127.83113098144531,-2482.800048828125,-2448.949951171875,-2380.0,-2331.0,-2232.5,-2140.0,-2060.800048828125,-2037.949951171875,-2009.739990234375
2760,-2244.47998046875,66.43521118164062,63.48488998413086,24.902050971984863,-2244.47998046875,-2235.5,128.66673278808594,-2522.52001953125,-2458.449951171875,-2381.800048828125,-2337.75,-2235.5,-2147.75,-2084.39990234375,-2045.550048828125,-2010.97998046875
2800,-2251.739990234375,66.1920394897461,63.324703216552734,24.423694610595703,-2251.739990234375,-2251.0,128.9995880126953,-2536.239990234375,-2459.39990234375,-2402.0,-2351.25,-2251.0,-2151.0,-2084.39990234375,-2048.0,-2024.699951171875
2840,-2256.659912109375,65.94305419921875,63.1551628112793,23.939510822296143,-2256.659912109375,-2252.0,130.69615173339844,-2536.239990234375,-2474.60009765625,-2404.300048828125,-2359.0,-2252.0,-2158.75,-2084.39990234375,-2048.0,-2024.699951171875
2880,-2262.780029296875,65.68757629394531,62.97059631347656,23.47066831588745,-2262.780029296875,-2255.5,132.31338500976562,-2556.60009765625,-2474.60009765625,-2425.10009765625,-2359.0,-2255.5,-2164.75,-2085.5,-2049.89990234375,-2024.699951171875
2920,-2269.780029296875,65.51248168945312,62.87120819091797,22.994650840759277,-2269.780029296875,-2263.0,131.24813842773438,-2556.60009765625,-2474.60009765625,-2429.0,-2362.5,-2263.0,-2174.25,-2117.0,-2057.60009765625,-2032.8599853515625
2960,-2273.85986328125,65.36161804199219,62.79989242553711,22.55728530883789,-2273.860107421875,-2264.0,132.61817932128906,-2556.60009765625,-2475.800048828125,-2438.10009765625,-2366.0,-2264.0,-2176.0,-2117.0,-2057.60009765625,-2032.8599853515625
3000,-2278.5400390625,65.1383056640625,62.63873291015625,22.116799354553223,-2278.5400390625,-2269.5,131.91917419433594,-2556.60009765625,-2475.800048828125,-2440.300048828125,-2372.25,-2269.5,-2185.75,-2117.0,-2059.89990234375,-2047.699951171875
3040,-2284.419921875,64.90868377685547,62.48347473144531,21.678159713745117,-2284.419921875,-2271.5,131.2967071533203,-2560.52001953125,-2490.050048828125,-2441.89990234375,-2377.0,-2271.5,-2186.0,-2117.89990234375,-2078.89990234375,-2047.780029296875
3080,-2290.820068359375,64.665771484375,62.307586669921875,21.235965728759766,-2290.820068359375,-2282.5,134.560791015625,-2590.199951171875,-2490.050048828125,-2468.60009765625,-2388.75,-2282.5,-2186.0,-2119.699951171875,-2082.699951171875,-2048.0
3120,-2296.43994140625,64.39534759521484,62.09564208984375,20.820791721343994,-2296.43994140625,-2289.5,133.93702697753906,-2590.199951171875,-2498.14990234375,-2474.0,-2391.75,-2289.5,-2189.0,-2119.699951171875,-2087.800048828125,-2061.919921875
3160,-2301.079833984375,64.0682373046875,61.835716247558594,20.396616458892822,-2301.080078125,-2295.5,135.29196166992188,-2590.56005859375,-2521.050048828125,-2474.0,-2398.25,-2295.5,-2192.75,-2119.699951171875,-2088.0,-2069.97998046875
3200,-2305.919921875,63.76921081542969,61.60700225830078,19.999789237976074,-2305.919921875,-2298.0,136.50946044921875,-2591.56005859375,-2521.050048828125,-2476.39990234375,-2398.25,-2298.0,-2202.75,-2120.0,-2089.89990234375,-2069.97998046875
3240,-2310.8798828125,63.55077362060547,61.44515609741211,19.58635902404785,-2310.8798828125,-2301.0,136.08358764648438,-2591.56005859375,-2521.25,-2488.60009765625,-2400.75,-2301.0,-2209.75,-2133.5,-2097.5,-2069.97998046875
3280,-2316.300048828125,63.289520263671875,61.24653625488281,19.17973518371582,-2316.300048828125,-2305.5,135.62635803222656,-2591.56005859375,-2522.14990234375,-2498.199951171875,-2407.0,-2305.5,-2209.75,-2133.5,-2109.39990234375,-2088.780029296875
3320,-2320.300048828125,63.05533981323242,61.06510925292969,18.809168338775635,-2320.300048828125,-2309.0,136.5249786376953,-2607.239990234375,-2537.35009765625,-2500.199951171875,-2407.0,-2309.0,-2211.75,-2145.0,-2115.10009765625,-2088.780029296875
3360,-2324.739990234375,62.8125,60.88018035888672,18.399008750915527,-2324.739990234375,-2315.5,137.1347198486328,-2615.080078125,-2537.35009765625,-2514.0,-2414.0,-2315.5,-2218.5,-2151.5,-2115.199951171875,-2092.699951171875
3400,-2329.820068359375,62.610435485839844,60.7301025390625,18.021234035491943,-2329.820068359375,-2323.0,136.38169860839844,-2615.280029296875,-2546.85009765625,-2514.0,-2423.25,-2323.0,-2223.0,-2163.199951171875,-2116.14990234375,-2092.97998046875
3440,-2334.099853515625,62.43401336669922,60.60612487792969,17.655702114105225,-2334.10009765625,-2324.5,136.12770080566406,-2615.280029296875,-2560.14990234375,-2514.60009765625,-2427.75,-2324.5,-2227.0,-2163.199951171875,-2125.550048828125,-2100.0
3480,-2338.320068359375,62.238914489746094,60.463043212890625,17.300740718841553,-2338.320068359375,-2330.0,137.2293701171875,-2619.419921875,-2563.25,-2514.60009765625,-2430.0,-2330.0,-2234.5,-2178.5,-2125.550048828125,-2100.97998046875
3520,-2343.5400390625,62.00634002685547,60.2724609375,16.99128293991089,-2343.5400390625,-2335.0,138.1666717529297,-2619.419921875,-2565.199951171875,-2520.5,-2431.0,-2335.0,-2237.0,-2179.199951171875,-2125.550048828125,-2100.97998046875
3560,-2349.280029296875,61.7533073425293,60.0671501159668,16.669739723205566,-2349.280029296875,-2343.5,137.9540557861328,-2642.93994140625,-2569.949951171875,-2522.300048828125,-2432.5,-2343.5,-2243.75,-2185.39990234375,-2125.550048828125,-2107.860107421875
3600,-2353.919921875,61.56405258178711,59.921199798583984,16.340296268463135,-2353.919921875,-2345.5,138.40562438964844,-2666.4599609375,-2575.64990234375,-2535.89990234375,-2434.5,-2345.5,-2247.5,-2187.699951171875,-2135.5,-2109.919921875
3640,-2357.4599609375,61.388771057128906,59.79369354248047,15.990209102630615,-2357.4599609375,-2347.5,137.04725646972656,-2666.4599609375,-2579.550048828125,-2535.89990234375,-2441.25,-2347.5,-2248.75,-2193.10009765625,-2146.050048828125,-2109.919921875
3680,-2361.02001953125,61.17934799194336,59.626678466796875,15.652833461761475,-2361.02001953125,-2358.5,137.06451416015625,-2666.4599609375,-2585.64990234375,-2543.699951171875,-2443.0,-2358.5,-2256.75,-2193.10009765625,-2146.35009765625,-2109.919921875
3720,-2364.760009765625,61.0511474609375,59.53863525390625,15.360752820968628,-2364.760009765625,-2364.0,136.44712829589844,-2666.4599609375,-2586.25,-2556.300048828125,-2452.0,-2364.0,-2261.75,-2201.5,-2156.800048828125,-2125.659912109375
3760,-2368.599853515625,60.87446212768555,59.395294189453125,15.080777406692505,-2368.60009765625,-2370.0,136.44970703125,-2666.4599609375,-2609.050048828125,-2556.300048828125,-2453.25,-2370.0,-2261.75,-2207.800048828125,-2156.800048828125,-2125.820068359375
3800,-2371.35986328125,60.71665573120117,59.279884338378906,14.765832901000977,-2371.360107421875,-2370.5,136.38986206054688,-2668.419921875,-2609.050048828125,-2557.300048828125,-2456.0,-2370.5,-2269.5,-2207.800048828125,-2157.300048828125,-2127.860107421875
3840,-2375.06005859375,60.611732482910156,59.206336975097656,14.499728441238403,-2375.06005859375,-2373.0,136.38839721679688,-2668.5400390625,-2609.199951171875,-2557.300048828125,-2466.5,-2373.0,-2275.25,-2207.800048828125,-2157.800048828125,-2130.97998046875
3880,-2378.89990234375,60.425411224365234,59.06069564819336,14.226995468139648,-2378.89990234375,-2382.5,136.0783233642578,-2668.5400390625,-2609.39990234375,-2557.300048828125,-2466.5,-2382.5,-2277.0,-2208.699951171875,-2165.5,-2130.97998046875
3920,-2383.97998046875,60.29876708984375,58.96258544921875,13.988027095794678,-2383.97998046875,-2383.0,135.0503692626953,-2668.5400390625,-2613.199951171875,-2559.10009765625,-2468.0,-2383.0,-2280.0,-2208.699951171875,-2167.89990234375,-2145.9599609375
3960,-2387.35986328125,60.13610076904297,58.83146286010742,13.721100091934204,-2387.360107421875,-2386.5,133.60385131835938,-2672.4599609375,-2613.199951171875,-2559.10009765625,-2472.5,-2386.5,-2282.0,-2217.199951171875,-2181.39990234375,-2145.9599609375
4000,-2390.89990234375,59.99541473388672,58.72411346435547,13.446417808532715,-2390.89990234375,-2388.5,135.23545837402344,-2695.0400390625,-2620.800048828125,-2563.5,-2474.5,-2388.5,-2289.75,-2217.199951171875,-2181.5,-2151.8798828125
4040,-2394.280029296875,59.910728454589844,58.675743103027344,13.197053909301758,-2394.280029296875,-2392.0,134.13201904296875,-2697.0400390625,-2622.800048828125,-2572.5,-2476.25,-2392.0,-2292.0,-2217.699951171875,-2181.89990234375,-2162.860107421875
4080,-2397.0400390625,59.76484298706055,58.560848236083984,12.9345862865448,-2397.0400390625,-2394.0,133.8482666015625,-2697.0400390625,-2623.199951171875,-2576.10009765625,-2476.25,-2394.0,-2292.0,-2217.699951171875,-2189.60009765625,-2179.840087890625
4120,-2400.39990234375,59.67346954345703,58.49890899658203,12.648473978042603,-2400.39990234375,-2398.0,132.7939910888672,-2697.239990234375,-2627.0,-2576.10009765625,-2482.25,-2398.0,-2297.75,-2226.60009765625,-2195.699951171875,-2180.97998046875
4160,-2404.179931640625,59.499324798583984,58.353546142578125,12.365108489990234,-2404.179931640625,-2406.5,132.14767456054688,-2697.239990234375,-2630.800048828125,-2577.10009765625,-2483.0,-2406.5,-2300.25,-2226.60009765625,-2196.0,-2181.97998046875
4200,-2407.02001953125,59.39463424682617,58.27497482299805,12.128540277481079,-2407.02001953125,-2406.5,131.68341064453125,-2697.239990234375,-2630.800048828125,-2581.10009765625,-2487.5,-2406.5,-2301.0,-2226.60009765625,-2208.449951171875,-2195.719970703125
4240,-2409.300048828125,59.32014083862305,58.224525451660156,11.898882865905762,-2409.300048828125,-2406.5,131.99118041992188,-2697.239990234375,-2642.199951171875,-2581.39990234375,-2490.5,-2406.5,-2301.0,-2226.800048828125,-2216.050048828125,-2195.719970703125
4280,-2412.239990234375,59.2421875,58.17502975463867,11.652745246887207,-2412.239990234375,-2411.5,131.65174865722656,-2711.080078125,-2642.199951171875,-2582.0,-2491.0,-2411.5,-2308.5,-2245.199951171875,-2219.0,-2195.919921875
4320,-2414.5,59.14148712158203,58.0941276550293,11.445684909820557,-2414.5,-2413.5,131.60467529296875,-2711.080078125,-2644.10009765625,-2582.699951171875,-2494.5,-2413.5,-2313.0,-2245.800048828125,-2219.5,-2196.0
4360,-2417.0400390625,59.030181884765625,58.01299285888672,11.227681875228882,-2417.0400390625,-2414.0,131.56198120117188,-2711.239990234375,-2644.199951171875,-2585.39990234375,-2497.25,-2414.0,-2318.0,-2245.89990234375,-2219.5,-2197.9599609375
4400,-2419.219970703125,58.927181243896484,57.9309196472168,10.997579574584961,-2419.219970703125,-2414.0,131.3472900390625,-2711.239990234375,-2644.199951171875,-2588.10009765625,-2498.25,-2414.0,-2318.0,-2245.89990234375,-2219.89990234375,-2197.9599609375
4440,-2421.659912109375,58.85993576049805,57.888885498046875,10.78200626373291,-2421.659912109375,-2416.0,131.56126403808594,-2711.239990234375,-2648.5,-2589.199951171875,-2505.0,-2416.0,-2321.25,-2246.199951171875,-2219.89990234375,-2198.0
4480,-2424.52001953125,58.71830368041992,57.77245330810547,10.612529039382935,-2424.52001953125,-2419.0,130.15394592285156,-2720.06005859375,-2648.5,-2591.0,-2506.5,-2419.0,-2322.0,-2251.5,-2222.0,-2209.800048828125
4520,-2427.419921875,58.60732650756836,57.68857955932617,10.39464807510376,-2427.419921875,-2419.0,129.904052734375,-2720.06005859375,-2652.300048828125,-2601.39990234375,-2510.25,-2419.0,-2326.5,-2258.300048828125,-2229.60009765625,-2209.8798828125
4560,-2429.619873046875,58.5199089050293,57.623313903808594,10.208461999893188,-2429.6201171875,-2425.0,129.7884979248047,-2720.139892578125,-2652.300048828125,-2601.39990234375,-2513.0,-2425.0,-2327.0,-2258.300048828125,-2229.89990234375,-2219.840087890625
4600,-2431.5400390625,58.46357345581055,57.59368133544922,10.030576467514038,-2431.5400390625,-2425.0,129.35574340820312,-2720.219970703125,-2658.5,-2605.10009765625,-2514.5,-2425.0,-2328.5,-2261.5,-2229.89990234375,-2219.840087890625
4640,-2434.139892578125,58.374481201171875,57.5240592956543,9.811069965362549,-2434.139892578125,-2434.0,130.91485595703125,-2721.280029296875,-2658.5,-2606.10009765625,-2517.5,-2434.0,-2328.5,-2264.699951171875,-2230.0,-2219.840087890625
4680,-2435.3798828125,58.27513885498047,57.44363021850586,9.646608829498291,-2435.3798828125,-2435.0,130.84210205078125,-2721.280029296875,-2662.300048828125,-2606.10009765625,-2517.5,-2435.0,-2330.0,-2264.699951171875,-2230.0,-2220.0
4720,-2438.579833984375,58.219329833984375,57.4128532409668,9.451698064804077,-2438.580078125,-2435.0,129.9637908935547,-2725.360107421875,-2662.300048828125,-2607.699951171875,-2528.75,-2435.0,-2331.5,-2275.39990234375,-2238.85009765625,-2227.8798828125
4760,-2440.31982421875,58.159847259521484,57.3709716796875,9.230924844741821,-2440.320068359375,-2437.0,130.33978271484375,-2729.280029296875,-2662.300048828125,-2607.89990234375,-2529.25,-2437.0,-2331.5,-2275.39990234375,-2238.85009765625,-2227.8798828125
4800,-2442.219970703125,58.03148651123047,57.26483917236328,9.033378601074219,-2442.219970703125,-2440.0,131.36297607421875,-2729.39990234375,-2662.60009765625,-2617.800048828125,-2530.75,-2440.0,-2331.5,-2275.800048828125,-2238.85009765625,-2227.919921875
4840,-2444.3798828125,57.9650993347168,57.21337127685547,8.88598346710205,-2444.3798828125,-2440.0,131.0983428955078,-2729.39990234375,-2666.39990234375,-2623.199951171875,-2535.5,-2440.0,-2334.0,-2275.800048828125,-2238.85009765625,-2227.919921875
4880,-2446.260009765625,57.878822326660156,57.14397430419922,8.705263137817383,-2446.260009765625,-2441.0,130.80845642089844,-2729.47998046875,-2666.39990234375,-2623.199951171875,-2540.0,-2441.0,-2341.75,-2280.5,-2240.75,-2227.9599609375
4920,-2447.89990234375,57.74308395385742,57.028839111328125,8.541340351104736,-2447.89990234375,-2442.5,130.8082275390625,-2729.47998046875,-2672.300048828125,-2625.0,-2543.5,-2442.5,-2347.75,-2280.5,-2242.64990234375,-2228.0
4960,-2450.219970703125,57.63841247558594,56.94245529174805,8.360547065734863,-2450.219970703125,-2445.0,131.36175537109375,-2729.60009765625,-2672.39990234375,-2625.0,-2543.5,-2445.0,-2348.0,-2285.5,-2242.64990234375,-2233.919921875
5000,-2452.56005859375,57.54283142089844,56.86320114135742,8.204675912857056,-2452.56005859375,-2447.5,132.1649169921875,-2734.5,-2674.699951171875,-2634.39990234375,-2544.75,-2447.5,-2348.0,-2285.5,-2242.85009765625,-2234.0
5040,-2454.659912109375,57.42829895019531,56.76615524291992,8.053864121437073,-2454.659912109375,-2447.5,132.14614868164062,-2734.5,-2674.699951171875,-2634.39990234375,-2544.75,-2447.5,-2349.75,-2285.89990234375,-2242.85009765625,-2234.0
5080,-2456.139892578125,57.337852478027344,56.69182586669922,7.898566007614136,-2456.139892578125,-2447.5,131.19351196289062,-2734.5,-2674.699951171875,-2634.39990234375,-2544.75,-2447.5,-2352.75,-2298.5,-2243.949951171875,-2235.9599609375
5120,-2458.06005859375,57.3043212890625,56.66991424560547,7.718371033668518,-2458.06005859375,-2452.5,130.5247802734375,-2734.5,-2674.699951171875,-2634.39990234375,-2555.25,-2452.5,-2358.75,-2301.60009765625,-2244.0,-2235.9599609375
5160,-2459.579833984375,57.213356018066406,56.59931564331055,7.554221153259277,-2459.580078125,-2452.5,130.4264678955078,-2734.5400390625,-2676.60009765625,-2635.60009765625,-2555.75,-2452.5,-2358.75,-2301.60009765625,-2253.75,-2241.919921875
5200,-2461.3798828125,57.11540222167969,56.51726531982422,7.409640669822693,-2461.3798828125,-2453.0,130.52162170410156,-2744.340087890625,-2676.89990234375,-2635.800048828125,-2555.75,-2453.0,-2358.75,-2301.60009765625,-2258.75,-2243.8798828125
5240,-2463.47998046875,57.032470703125,56.44068908691406,7.3013834953308105,-2463.47998046875,-2454.0,130.68255615234375,-2744.3798828125,-2676.89990234375,-2635.800048828125,-2555.75,-2454.0,-2359.75,-2301.60009765625,-2260.75,-2245.9599609375
5280,-2465.280029296875,56.91217803955078,56.33979415893555,7.149317026138306,-2465.280029296875,-2455.5,130.29612731933594,-2744.3798828125,-2677.199951171875,-2639.39990234375,-2555.75,-2455.5,-2364.5,-2302.699951171875,-2260.75,-2245.9599609375
5320,-2466.739990234375,56.8209342956543,56.263946533203125,6.997137665748596,-2466.739990234375,-2455.5,129.62673950195312,-2744.3798828125,-2677.199951171875,-2639.39990234375,-2555.75,-2455.5,-2364.5,-2302.699951171875,-2264.85009765625,-2249.919921875
5360,-2468.139892578125,56.73381805419922,56.18856430053711,6.856962442398071,-2468.139892578125,-2459.5,129.29710388183594,-2744.3798828125,-2677.199951171875,-2639.39990234375,-2555.75,-2459.5,-2365.5,-2302.699951171875,-2269.85009765625,-2249.919921875
5400,-2470.35986328125,56.654518127441406,56.118431091308594,6.726127862930298,-2470.360107421875,-2459.5,130.1965789794922,-2744.3798828125,-2682.89990234375,-2639.800048828125,-2557.5,-2459.5,-2365.5,-2305.39990234375,-2273.64990234375,-2249.919921875
5440,-2472.780029296875,56.58436584472656,56.058738708496094,6.589737176895142,-2472.780029296875,-2463.5,130.473876953125,-2744.5,-2685.75,-2651.699951171875,-2557.5,-2463.5,-2365.5,-2305.60009765625,-2273.64990234375,-2249.919921875
5480,-2475.39990234375,56.51896286010742,56.005889892578125,6.462623238563538,-2475.39990234375,-2463.5,130.48785400390625,-2744.5,-2692.39990234375,-2652.5,-2560.0,-2463.5,-2376.25,-2305.60009765625,-2275.550048828125,-2261.679931640625
5520,-2477.159912109375,56.4749755859375,55.975135803222656,6.356231927871704,-2477.159912109375,-2469.0,130.54368591308594,-2744.5,-2692.39990234375,-2652.5,-2561.0,-2469.0,-2376.25,-2305.60009765625,-2277.449951171875,-2261.679931640625
5560,-2478.719970703125,56.398399353027344,55.90906524658203,6.275951862335205,-2478.719970703125,-2469.0,130.1197967529297,-2744.5,-2692.39990234375,-2653.10009765625,-2561.0,-2469.0,-2376.25,-2305.60009765625,-2282.5,-2261.760009765625
5600,-2480.679931640625,56.34638214111328,55.86705780029297,6.139167785644531,-2480.679931640625,-2470.0,130.1356964111328,-2744.580078125,-2692.39990234375,-2662.10009765625,-2561.0,-2470.0,-2376.25,-2306.699951171875,-2284.5,-2261.800048828125
5640,-2482.5400390625,56.2417106628418,55.775390625,5.991051197052002,-2482.5400390625,-2475.5,129.70069885253906,-2744.580078125,-2693.35009765625,-2662.699951171875,-2561.0,-2475.5,-2378.25,-2313.300048828125,-2294.0,-2263.840087890625
5680,-2484.35986328125,56.158447265625,55.70472717285156,5.853161573410034,-2484.360107421875,-2478.0,129.8033447265625,-2748.5,-2697.25,-2670.300048828125,-2571.5,-2478.0,-2380.5,-2315.39990234375,-2294.0,-2263.8798828125
5720,-2485.760009765625,56.1251335144043,55.68171310424805,5.762985825538635,-2485.760009765625,-2478.0,129.39698791503906,-2748.5,-2697.25,-2670.300048828125,-2571.5,-2478.0,-2380.5,-2316.0,-2294.0,-2265.9599609375
5760,-2487.47998046875,56.078895568847656,55.6435546875,5.650449275970459,-2487.47998046875,-2480.0,129.4094696044922,-2748.5,-2697.25,-2670.300048828125,-2576.0,-2480.0,-2381.0,-2323.199951171875,-2294.60009765625,-2265.9599609375
5800,-2489.0400390625,56.036983489990234,55.60728073120117,5.550190210342407,-2489.0400390625,-2481.5,128.90724182128906,-2748.5,-2697.25,-2670.5,-2577.0,-2481.5,-2384.75,-2325.800048828125,-2294.85009765625,-2267.9599609375
5840,-2490.300048828125,55.981544494628906,55.56052780151367,5.440193176269531,-2490.300048828125,-2485.0,128.61550903320312,-2748.5,-2697.25,-2670.5,-2577.0,-2485.0,-2386.25,-2326.0,-2298.64990234375,-2267.9599609375
5880,-2491.639892578125,55.896575927734375,55.48796844482422,5.330394148826599,-2491.639892578125,-2485.0,128.6985321044922,-2750.4599609375,-2699.14990234375,-2671.10009765625,-2577.0,-2485.0,-2387.25,-2330.0,-2301.85009765625,-2267.9599609375
5920,-2493.4599609375,55.842796325683594,55.44205856323242,5.239913105964661,-2493.4599609375,-2489.5,128.79078674316406,-2750.4599609375,-2703.949951171875,-2676.699951171875,-2577.0,-2489.5,-2391.0,-2334.0,-2308.64990234375,-2271.919921875
5960,-2494.760009765625,55.75276184082031,55.362300872802734,5.163359880447388,-2494.760009765625,-2489.5,128.67393493652344,-2750.4599609375,-2710.60009765625,-2676.699951171875,-2577.0,-2489.5,-2391.5,-2341.39990234375,-2308.64990234375,-2271.919921875
6000,-2495.97998046875,55.665462493896484,55.28316879272461,5.050496935844421,-2495.97998046875,-2489.5,128.41043090820312,-2752.419921875,-2710.60009765625,-2676.699951171875,-2577.0,-2489.5,-2393.75,-2341.39990234375,-2308.64990234375,-2272.0
6040,-2498.079833984375,55.63529968261719,55.26451873779297,4.911152482032776,-2498.080078125,-2489.5,128.1219482421875,-2752.419921875,-2713.449951171875,-2676.699951171875,-2577.0,-2489.5,-2394.0,-2345.89990234375,-2308.64990234375,-2272.0
6080,-2499.159912109375,55.58204650878906,55.2190055847168,4.798367023468018,-2499.159912109375,-2489.5,127.29483032226562,-2752.5,-2713.449951171875,-2676.699951171875,-2577.0,-2489.5,-2394.0,-2346.89990234375,-2313.75,-2298.4599609375
6120,-2500.719970703125,55.47466278076172,55.11529541015625,4.716492056846619,-2500.719970703125,-2489.5,127.16336822509766,-2752.5,-2713.449951171875,-2676.699951171875,-2582.75,-2489.5,-2396.25,-2346.89990234375,-2313.75,-2307.280029296875
6160,-2501.9599609375,55.39687728881836,55.04769515991211,4.634867310523987,-2501.9599609375,-2491.5,126.8395767211914,-2752.5,-2717.25,-2676.699951171875,-2587.25,-2491.5,-2399.25,-2350.89990234375,-2313.949951171875,-2307.280029296875
6200,-2503.0400390625,55.36988067626953,55.02419662475586,4.52849018573761,-2503.0400390625,-2492.5,126.30359649658203,-2752.5,-2717.25,-2677.10009765625,-2587.25,-2492.5,-2400.0,-2353.699951171875,-2315.89990234375,-2308.260009765625
6240,-2505.219970703125,55.28260803222656,54.94485092163086,4.443978428840637,-2505.219970703125,-2492.5,127.48910522460938,-2755.43994140625,-2717.25,-2688.800048828125,-2588.0,-2492.5,-2400.0,-2353.699951171875,-2317.800048828125,-2308.260009765625
6280,-2507.0,55.19662094116211,54.8680534362793,4.346692800521851,-2507.0,-2492.5,127.201416015625,-2765.239990234375,-2718.199951171875,-2688.800048828125,-2594.5,-2492.5,-2403.5,-2353.699951171875,-2323.699951171875,-2308.300048828125
6320,-2508.159912109375,55.120601654052734,54.79270553588867,4.284779191017151,-2508.159912109375,-2492.5,127.42438507080078,-2765.239990234375,-2718.199951171875,-2688.800048828125,-2594.5,-2492.5,-2403.5,-2353.699951171875,-2323.699951171875,-2308.300048828125
6360,-2509.280029296875,55.08144760131836,54.759883880615234,4.222043037414551,-2509.280029296875,-2492.5,127.73332977294922,-2765.320068359375,-2722.0,-2688.800048828125,-2595.25,-2492.5,-2403.5,-2353.699951171875,-2323.800048828125,-2314.179931640625
6400,-2510.260009765625,55.03889083862305,54.727691650390625,4.164139747619629,-2510.260009765625,-2498.5,127.20994567871094,-2765.320068359375,-2722.10009765625,-2688.800048828125,-2598.25,-2498.5,-2407.0,-2354.89990234375,-2326.89990234375,-2314.179931640625
6440,-2511.639892578125,55.01812744140625,54.71363067626953,4.06435364484787,-2511.639892578125,-2498.5,127.4712142944336,-2767.280029296875,-2724.39990234375,-2695.10009765625,-2604.25,-2498.5,-2407.0,-2354.89990234375,-2326.89990234375,-2314.179931640625
6480,-2512.739990234375,54.99555206298828,54.691864013671875,4.014909565448761,-2512.739990234375,-2499.0,127.79347229003906,-2767.280029296875,-2724.5,-2695.10009765625,-2605.25,-2499.0,-2407.0,-2354.89990234375,-2327.0,-2314.179931640625
6520,-2513.83984375,54.93635559082031,54.642822265625,3.902108073234558,-2513.840087890625,-2500.5,127.71113586425781,-2767.280029296875,-2724.5,-2695.10009765625,-2606.75,-2500.5,-2407.0,-2355.89990234375,-2336.5,-2314.179931640625
6560,-2515.83984375,54.8697509765625,54.586029052734375,3.809590697288513,-2515.840087890625,-2502.5,127.3044204711914,-2767.280029296875,-2729.25,-2695.10009765625,-2609.25,-2502.5,-2407.5,-2362.300048828125,-2336.5,-2318.219970703125
6600,-2517.419921875,54.84918975830078,54.56995391845703,3.752458691596985,-2517.419921875,-2504.5,127.20355987548828,-2767.280029296875,-2729.25,-2697.300048828125,-2611.25,-2504.5,-2410.5,-2362.300048828125,-2340.300048828125,-2318.219970703125
6640,-2518.5400390625,54.802696228027344,54.528465270996094,3.684664249420166,-2518.5400390625,-2513.0,127.24774169921875,-2767.320068359375,-2729.25,-2697.300048828125,-2613.25,-2513.0,-2410.5,-2362.300048828125,-2340.300048828125,-2318.219970703125
6680,-2519.56005859375,54.75967025756836,54.490230560302734,3.6166776418685913,-2519.56005859375,-2514.0,127.16494750976562,-2767.320068359375,-2729.25,-2697.5,-2613.25,-2514.0,-2410.5,-2362.300048828125,-2343.85009765625,-2318.219970703125
6720,-2520.47998046875,54.72060775756836,54.45899963378906,3.5426859855651855,-2520.47998046875,-2519.0,127.0524673461914,-2767.320068359375,-2729.25,-2697.5,-2613.25,-2519.0,-2411.5,-2365.699951171875,-2343.85009765625,-2320.219970703125
6760,-2521.5400390625,54.71775436401367,54.459800720214844,3.4774450063705444,-2521.5400390625,-2519.0,127.38990783691406,-2773.320068359375,-2732.199951171875,-2697.5,-2614.25,-2519.0,-2412.75,-2365.699951171875,-2343.85009765625,-2320.219970703125
6800,-2522.599853515625,54.682464599609375,54.42988204956055,3.4279038310050964,-2522.60009765625,-2519.0,127.33451843261719,-2773.320068359375,-2732.199951171875,-2702.0,-2614.25,-2519.0,-2421.25,-2365.699951171875,-2344.949951171875,-2322.179931640625
6840,-2524.5400390625,54.65489959716797,54.406158447265625,3.3872955441474915,-2524.5400390625,-2520.0,126.89912414550781,-2773.320068359375,-2733.0,-2702.0,-2615.0,-2520.0,-2421.5,-2367.5,-2356.85009765625,-2322.179931640625
6880,-2526.179931640625,54.602577209472656,54.35822677612305,3.312126100063324,-2526.179931640625,-2522.0,126.64962768554688,-2773.320068359375,-2733.0,-2704.300048828125,-2615.0,-2522.0,-2422.0,-2367.5,-2356.85009765625,-2326.10009765625
6920,-2527.4599609375,54.55040740966797,54.309226989746094,3.2596318125724792,-2527.4599609375,-2522.0,126.95381164550781,-2773.320068359375,-2733.0,-2708.60009765625,-2616.25,-2522.0,-2426.0,-2369.89990234375,-2356.85009765625,-2326.10009765625
6960,-2528.33984375,54.50126647949219,54.261104583740234,3.169949531555176,-2528.340087890625,-2525.0,127.30201721191406,-2773.320068359375,-2733.0,-2708.60009765625,-2620.0,-2525.0,-2426.0,-2369.89990234375,-2357.0,-2326.10009765625
7000,-2529.3798828125,54.49463653564453,54.26353073120117,3.112969219684601,-2529.3798828125,-2525.0,126.86502838134766,-2773.360107421875,-2733.0,-2708.800048828125,-2620.0,-2525.0,-2431.25,-2372.699951171875,-2362.75,-2326.10009765625
7040,-2531.119873046875,54.495113372802734,54.26792526245117,3.0646406412124634,-2531.1201171875,-2525.0,126.58904266357422,-2773.360107421875,-2733.0,-2711.5,-2620.0,-2525.0,-2431.25,-2373.0,-2364.89990234375,-2328.419921875
7080,-2532.4599609375,54.479637145996094,54.25907897949219,2.98579204082489,-2532.4599609375,-2527.0,126.40802001953125,-2773.360107421875,-2733.0,-2714.60009765625,-2620.0,-2527.0,-2431.25,-2373.0,-2364.89990234375,-2328.419921875
7120,-2533.35986328125,54.439796447753906,54.22364044189453,2.938388764858246,-2533.360107421875,-2527.0,126.20661926269531,-2773.360107421875,-2733.0,-2714.60009765625,-2620.0,-2527.0,-2431.25,-2374.800048828125,-2365.949951171875,-2328.419921875
7160,-2533.85986328125,54.397315979003906,54.18474578857422,2.8722426891326904,-2533.860107421875,-2527.5,126.22020721435547,-2773.360107421875,-2733.0,-2714.60009765625,-2620.0,-2527.5,-2431.25,-2374.800048828125,-2365.949951171875,-2328.419921875
7200,-2535.159912109375,54.36542892456055,54.16022872924805,2.8214706778526306,-2535.159912109375,-2527.5,126.44862365722656,-2777.280029296875,-2733.949951171875,-2714.60009765625,-2631.0,-2527.5,-2431.25,-2377.800048828125,-2365.949951171875,-2328.419921875
7240,-2536.56005859375,54.33047103881836,54.12839889526367,2.759357213973999,-2536.56005859375,-2529.5,126.27987670898438,-2777.280029296875,-2744.39990234375,-2714.60009765625,-2631.0,-2529.5,-2437.5,-2379.800048828125,-2365.949951171875,-2328.4599609375
7280,-2537.260009765625,54.3057975769043,54.1065788269043,2.73227196931839,-2537.260009765625,-2529.5,126.0505142211914,-2777.280029296875,-2744.39990234375,-2714.60009765625,-2631.25,-2529.5,-2439.5,-2380.699951171875,-2365.949951171875,-2330.419921875
7320,-2539.119873046875,54.2613639831543,54.06947326660156,2.660007417201996,-2539.1201171875,-2530.5,126.41260528564453,-2777.280029296875,-2744.39990234375,-2714.60009765625,-2641.25,-2530.5,-2439.5,-2381.60009765625,-2368.800048828125,-2332.4599609375
7360,-2539.419921875,54.22406768798828,54.03391647338867,2.611921966075897,-2539.419921875,-2530.5,126.3837890625,-2777.280029296875,-2744.39990234375,-2714.60009765625,-2641.25,-2530.5,-2440.75,-2381.60009765625,-2368.800048828125,-2332.4599609375
7400,-2540.0400390625,54.182655334472656,53.99775314331055,2.5423927903175354,-2540.0400390625,-2532.5,126.15419006347656,-2777.280029296875,-2744.39990234375,-2714.60009765625,-2641.25,-2532.5,-2440.75,-2381.60009765625,-2368.800048828125,-2336.3798828125
7440,-2540.83984375,54.20547103881836,54.02117919921875,2.5148244500160217,-2540.840087890625,-2532.5,126.24932861328125,-2777.280029296875,-2744.39990234375,-2714.60009765625,-2641.25,-2532.5,-2441.75,-2381.60009765625,-2368.800048828125,-2336.3798828125
7480,-2541.89990234375,54.20682907104492,54.0274658203125,2.4842857122421265,-2541.89990234375,-2534.5,125.71105194091797,-2777.280029296875,-2744.39990234375,-2714.60009765625,-2641.25,-2534.5,-2442.75,-2381.800048828125,-2368.800048828125,-2336.699951171875
7520,-2543.39990234375,54.221771240234375,54.043853759765625,2.43300199508667,-2543.39990234375,-2534.5,126.1110610961914,-2777.280029296875,-2744.39990234375,-2714.60009765625,-2642.0,-2534.5,-2442.75,-2385.60009765625,-2368.800048828125,-2340.6201171875
7560,-2544.47998046875,54.186805725097656,54.01225280761719,2.396295666694641,-2544.47998046875,-2534.5,125.66944122314453,-2777.280029296875,-2744.39990234375,-2714.60009765625,-2642.0,-2534.5,-2443.5,-2385.800048828125,-2368.800048828125,-2340.6201171875
7600,-2545.0,54.138710021972656,53.967552185058594,2.3709552884101868,-2545.0,-2534.5,125.51175689697266,-2777.280029296875,-2746.300048828125,-2714.60009765625,-2642.0,-2534.5,-2443.5,-2385.800048828125,-2368.800048828125,-2340.6201171875
7640,-2546.56005859375,54.123714447021484,53.95637512207031,2.323700785636902,-2546.56005859375,-2536.5,124.82181549072266,-2777.280029296875,-2746.300048828125,-2714.60009765625,-2642.25,-2536.5,-2443.5,-2387.800048828125,-2374.699951171875,-2359.6201171875
7680,-2547.260009765625,54.10283660888672,53.9372673034668,2.304492235183716,-2547.260009765625,-2536.5,124.91602325439453,-2783.159912109375,-2752.0,-2715.0,-2643.25,-2536.5,-2443.5,-2387.800048828125,-2374.699951171875,-2359.6201171875
7720,-2547.8798828125,54.09120178222656,53.92692184448242,2.2785763144493103,-2547.8798828125,-2536.5,124.66927337646484,-2783.159912109375,-2752.10009765625,-2715.0,-2643.25,-2536.5,-2443.5,-2389.800048828125,-2374.699951171875,-2359.6201171875
7760,-2548.260009765625,54.054359436035156,53.895851135253906,2.2182666063308716,-2548.260009765625,-2536.5,124.8441162109375,-2783.360107421875,-2752.10009765625,-2715.0,-2643.25,-2536.5,-2443.5,-2390.0,-2374.699951171875,-2359.6201171875
7800,-2548.760009765625,53.999908447265625,53.845550537109375,2.178033709526062,-2548.760009765625,-2538.5,124.7401351928711,-2783.360107421875,-2754.199951171875,-2715.0,-2643.25,-2538.5,-2443.5,-2391.800048828125,-2376.60009765625,-2359.6201171875
7840,-2549.619873046875,53.967586517333984,53.8142204284668,2.1378705501556396,-2549.6201171875,-2538.5,124.29391479492188,-2787.280029296875,-2754.199951171875,-2715.0,-2643.25,-2538.5,-2444.0,-2398.89990234375,-2376.60009765625,-2359.6201171875
7880,-2550.300048828125,53.96512985229492,53.8112907409668,2.0917640328407288,-2550.300048828125,-2538.5,124.10475158691406,-2787.280029296875,-2754.300048828125,-2715.0,-2643.25,-2538.5,-2445.5,-2403.800048828125,-2376.60009765625,-2359.6201171875
7920,-2551.639892578125,53.940589904785156,53.78998565673828,2.0546588599681854,-2551.639892578125,-2539.0,123.85293579101562,-2787.280029296875,-2754.300048828125,-2715.0,-2646.5,-2539.0,-2445.5,-2405.800048828125,-2376.60009765625,-2366.679931640625
7960,-2552.43994140625,53.928367614746094,53.783348083496094,2.045947313308716,-2552.43994140625,-2540.0,123.84412384033203,-2787.280029296875,-2754.300048828125,-2720.39990234375,-2648.0,-2540.0,-2445.5,-2405.800048828125,-2376.60009765625,-2366.679931640625
8000,-2553.06005859375,53.928009033203125,53.782928466796875,2.031548857688904,-2553.06005859375,-2540.0,123.82211303710938,-2787.280029296875,-2760.10009765625,-2720.39990234375,-2648.0,-2540.0,-2445.5,-2405.800048828125,-2376.60009765625,-2366.679931640625
8040,-2553.35986328125,53.927467346191406,53.787940979003906,1.9893971383571625,-2553.360107421875,-2540.0,123.7802505493164,-2787.280029296875,-2760.10009765625,-2720.39990234375,-2648.0,-2540.0,-2445.5,-2405.800048828125,-2376.60009765625,-2366.679931640625
8080,-2554.0400390625,53.917686462402344,53.78178405761719,1.9354123175144196,-2554.0400390625,-2540.0,123.49266815185547,-2787.280029296875,-2760.10009765625,-2720.60009765625,-2648.0,-2540.0,-2445.5,-2407.60009765625,-2376.89990234375,-2367.659912109375
8120,-2554.47998046875,53.92161178588867,53.78797912597656,1.9001539945602417,-2554.47998046875,-2540.0,123.45368194580078,-2787.280029296875,-2760.10009765625,-2721.5,-2648.0,-2540.0,-2445.5,-2407.60009765625,-2376.89990234375,-2367.860107421875
8160,-2555.31982421875,53.93077087402344,53.79705047607422,1.8766580522060394,-2555.320068359375,-2540.0,123.26676940917969,-2787.280029296875,-2760.10009765625,-2721.5,-2648.0,-2540.0,-2451.5,-2407.800048828125,-2376.89990234375,-2367.860107421875
8200,-2555.659912109375,53.94570541381836,53.815406799316406,1.8273692727088928,-2555.659912109375,-2540.0,123.19529724121094,-2787.280029296875,-2760.10009765625,-2721.5,-2648.0,-2540.0,-2451.5,-2407.800048828125,-2376.89990234375,-2367.860107421875
8240,-2556.419921875,53.96342086791992,53.83372497558594,1.7825112342834473,-2556.419921875,-2542.0,123.00643920898438,-2787.280029296875,-2760.10009765625,-2721.5,-2648.0,-2542.0,-2451.5,-2408.89990234375,-2376.89990234375,-2367.860107421875
8280,-2556.8798828125,53.99543762207031,53.8687744140625,1.7615004479885101,-2556.8798828125,-2542.0,122.89094543457031,-2787.280029296875,-2760.10009765625,-2721.5,-2648.0,-2542.0,-2451.5,-2408.89990234375,-2387.35009765625,-2367.860107421875
8320,-2557.619873046875,53.98466491699219,53.86277389526367,1.7326106131076813,-2557.6201171875,-2542.0,122.65110778808594,-2787.280029296875,-2760.10009765625,-2725.10009765625,-2648.0,-2542.0,-2451.5,-2408.89990234375,-2387.35009765625,-2367.860107421875
8360,-2558.419921875,53.992942810058594,53.87034225463867,1.6961889863014221,-2558.419921875,-2542.0,122.80953979492188,-2787.320068359375,-2760.10009765625,-2725.10009765625,-2650.25,-2542.0,-2451.5,-2408.89990234375,-2389.25,-2367.860107421875
8400,-2559.02001953125,53.961997985839844,53.84343719482422,1.67526176571846,-2559.02001953125,-2544.0,123.35607147216797,-2787.320068359375,-2762.39990234375,-2725.10009765625,-2651.25,-2544.0,-2451.5,-2408.89990234375,-2389.25,-2367.860107421875
8440,-2559.39990234375,53.962032318115234,53.84263229370117,1.6555067896842957,-2559.39990234375,-2544.0,123.21607208251953,-2787.320068359375,-2762.39990234375,-2725.10009765625,-2651.25,-2544.0,-2451.5,-2408.89990234375,-2390.199951171875,-2367.93994140625
8480,-2559.659912109375,53.91935348510742,53.80659103393555,1.6226870119571686,-2559.659912109375,-2544.0,123.3970947265625,-2787.320068359375,-2762.39990234375,-2726.0,-2651.25,-2544.0,-2451.5,-2408.89990234375,-2390.199951171875,-2367.93994140625
8520,-2560.699951171875,53.94532775878906,53.83491134643555,1.5900693237781525,-2560.699951171875,-2544.0,123.12542724609375,-2787.320068359375,-2768.10009765625,-2726.199951171875,-2655.75,-2544.0,-2451.5,-2409.800048828125,-2390.699951171875,-2367.93994140625
8560,-2562.02001953125,53.978050231933594,53.869964599609375,1.5658114850521088,-2562.02001953125,-2544.0,123.34925842285156,-2803.159912109375,-2768.10009765625,-2726.199951171875,-2655.75,-2544.0,-2458.5,-2410.89990234375,-2390.699951171875,-2367.93994140625
8600,-2562.83984375,53.99443817138672,53.88833236694336,1.550942063331604,-2562.840087890625,-2544.0,123.50665283203125,-2803.159912109375,-2768.39990234375,-2726.199951171875,-2655.75,-2544.0,-2458.5,-2410.89990234375,-2390.699951171875,-2367.93994140625
8640,-2563.239990234375,53.997642517089844,53.89354705810547,1.5073413848876953,-2563.239990234375,-2544.0,123.61547088623047,-2803.239990234375,-2768.39990234375,-2726.199951171875,-2656.75,-2544.0,-2458.5,-2411.89990234375,-2390.699951171875,-2367.93994140625
8680,-2563.8798828125,53.973358154296875,53.87200164794922,1.472903847694397,-2563.8798828125,-2544.0,123.38357543945312,-2803.239990234375,-2768.39990234375,-2726.199951171875,-2656.75,-2544.0,-2458.5,-2411.89990234375,-2394.800048828125,-2367.93994140625
8720,-2564.52001953125,53.96902084350586,53.868003845214844,1.4679201245307922,-2564.52001953125,-2544.5,123.47019958496094,-2803.239990234375,-2768.39990234375,-2728.199951171875,-2658.25,-2544.5,-2458.5,-2411.89990234375,-2394.800048828125,-2369.93994140625
8760,-2565.239990234375,53.96559143066406,53.865966796875,1.4354908168315887,-2565.239990234375,-2545.0,123.40641021728516,-2803.239990234375,-2768.39990234375,-2728.199951171875,-2658.25,-2545.0,-2458.5,-2419.199951171875,-2394.800048828125,-2369.93994140625
8800,-2566.0,53.97003936767578,53.87154769897461,1.4285311698913574,-2566.0,-2545.0,122.9837417602539,-2803.239990234375,-2768.39990234375,-2728.199951171875,-2658.25,-2545.0,-2458.5,-2419.199951171875,-2394.800048828125,-2369.93994140625
8840,-2566.33984375,53.98206329345703,53.884254455566406,1.4028708636760712,-2566.340087890625,-2545.0,122.97025299072266,-2803.239990234375,-2768.39990234375,-2728.199951171875,-2658.25,-2545.0,-2458.5,-2419.199951171875,-2397.64990234375,-2369.93994140625
8880,-2566.619873046875,53.95841598510742,53.86421203613281,1.3874158263206482,-2566.6201171875,-2545.0,123.0007095336914,-2803.239990234375,-2768.39990234375,-2730.0,-2658.25,-2545.0,-2458.5,-2419.199951171875,-2397.64990234375,-2369.93994140625
8920,-2566.89990234375,53.92706298828125,53.83514404296875,1.3662322759628296,-2566.89990234375,-2546.5,122.87860107421875,-2803.239990234375,-2768.39990234375,-2730.199951171875,-2658.25,-2546.5,-2458.5,-2419.39990234375,-2397.64990234375,-2371.89990234375
8960,-2567.280029296875,53.915618896484375,53.82441329956055,1.3271085321903229,-2567.280029296875,-2546.5,122.8268814086914,-2803.239990234375,-2768.39990234375,-2730.199951171875,-2658.25,-2546.5,-2463.0,-2419.800048828125,-2397.64990234375,-2371.89990234375
9000,-2567.639892578125,53.91530990600586,53.82708740234375,1.2932077646255493,-2567.639892578125,-2546.5,122.76265716552734,-2803.239990234375,-2770.300048828125,-2730.199951171875,-2659.75,-2546.5,-2463.0,-2419.800048828125,-2399.550048828125,-2371.89990234375
9040,-2567.699951171875,53.944114685058594,53.8568229675293,1.2768411934375763,-2567.699951171875,-2546.5,122.75352478027344,-2803.239990234375,-2770.300048828125,-2730.199951171875,-2659.75,-2546.5,-2463.0,-2419.800048828125,-2399.550048828125,-2371.89990234375
9080,-2568.02001953125,53.94953536987305,53.862693786621094,1.2640241086483002,-2568.02001953125,-2546.5,123.05267333984375,-2807.159912109375,-2770.300048828125,-2730.199951171875,-2661.25,-2546.5,-2463.0,-2419.800048828125,-2399.550048828125,-2371.93994140625
9120,-2568.719970703125,53.98187255859375,53.898529052734375,1.252763271331787,-2568.719970703125,-2546.5,122.97203063964844,-2807.320068359375,-2770.300048828125,-2730.199951171875,-2661.25,-2546.5,-2463.0,-2419.800048828125,-2399.75,-2371.93994140625
9160,-2568.9599609375,53.96491622924805,53.88060760498047,1.213962882757187,-2568.9599609375,-2546.5,123.01820373535156,-2807.320068359375,-2776.0,-2730.199951171875,-2662.75,-2546.5,-2463.0,-2419.800048828125,-2399.75,-2371.93994140625
9200,-2569.699951171875,53.933799743652344,53.852691650390625,1.2129222452640533,-2569.699951171875,-2546.5,122.67383575439453,-2811.239990234375,-2776.0,-2730.199951171875,-2662.75,-2546.5,-2463.0,-2421.800048828125,-2407.60009765625,-2371.93994140625
9240,-2570.760009765625,53.896453857421875,53.81455993652344,1.1816917955875397,-2570.760009765625,-2546.5,123.06707000732422,-2811.239990234375,-2776.0,-2733.0,-2665.75,-2546.5,-2463.5,-2421.800048828125,-2407.60009765625,-2371.93994140625
9280,-2571.300048828125,53.921546936035156,53.84288787841797,1.1714339554309845,-2571.300048828125,-2547.5,122.81608581542969,-2811.239990234375,-2776.0,-2733.0,-2667.25,-2547.5,-2463.5,-2423.800048828125,-2407.60009765625,-2371.93994140625
9320,-2572.02001953125,53.91819763183594,53.841304779052734,1.1478165686130524,-2572.02001953125,-2549.5,122.65592956542969,-2811.239990234375,-2776.0,-2733.0,-2668.25,-2549.5,-2463.5,-2423.800048828125,-2407.85009765625,-2372.97998046875
9360,-2572.5,53.89881134033203,53.8238525390625,1.1304324567317963,-2572.5,-2551.5,122.4097671508789,-2811.239990234375,-2776.0,-2733.199951171875,-2668.25,-2551.5,-2463.5,-2424.0,-2411.85009765625,-2372.97998046875
9400,-2572.83984375,53.94673156738281,53.872581481933594,1.103897213935852,-2572.840087890625,-2551.5,122.33551025390625,-2811.360107421875,-2776.0,-2733.199951171875,-2668.25,-2551.5,-2463.5,-2424.89990234375,-2411.85009765625,-2372.97998046875
9440,-2573.52001953125,53.95054626464844,53.876609802246094,1.1039914190769196,-2573.52001953125,-2553.0,121.7673568725586,-2811.360107421875,-2776.0,-2733.199951171875,-2668.25,-2553.0,-2463.5,-2432.300048828125,-2413.89990234375,-2372.97998046875
9480,-2574.260009765625,53.97832489013672,53.905609130859375,1.0813166201114655,-2574.260009765625,-2554.5,121.53128051757812,-2811.43994140625,-2776.0,-2733.199951171875,-2668.25,-2554.5,-2463.5,-2434.800048828125,-2415.89990234375,-2372.97998046875
9520,-2574.83984375,53.992794036865234,53.9219970703125,1.0781412422657013,-2574.840087890625,-2556.0,121.45211791992188,-2811.43994140625,-2776.0,-2733.199951171875,-2668.25,-2556.0,-2464.0,-2437.5,-2415.89990234375,-2372.97998046875
9560,-2575.0400390625,54.000362396240234,53.93135070800781,1.0464044213294983,-2575.0400390625,-2556.0,121.3611068725586,-2811.43994140625,-2776.0,-2733.199951171875,-2668.25,-2556.0,-2464.0,-2438.89990234375,-2415.89990234375,-2372.97998046875
9600,-2575.39990234375,53.96680450439453,53.8988151550293,1.0425340682268143,-2575.39990234375,-2561.0,121.47065734863281,-2811.43994140625,-2776.0,-2733.199951171875,-2668.25,-2561.0,-2464.0,-2438.89990234375,-2415.89990234375,-2372.97998046875
9640,-2575.699951171875,53.962947845458984,53.893516540527344,1.0261396020650864,-2575.699951171875,-2563.0,121.3798599243164,-2811.43994140625,-2776.0,-2733.199951171875,-2668.25,-2563.0,-2467.0,-2438.89990234375,-2415.89990234375,-2372.97998046875
9680,-2576.0400390625,53.94497299194336,53.87876510620117,0.9924822598695755,-2576.0400390625,-2564.5,121.2191390991211,-2811.43994140625,-2776.0,-2733.199951171875,-2668.25,-2564.5,-2467.0,-2438.89990234375,-2415.89990234375,-2372.97998046875
9720,-2576.199951171875,53.920555114746094,53.856544494628906,0.9667782634496689,-2576.199951171875,-2564.5,121.07965087890625,-2811.43994140625,-2776.0,-2733.199951171875,-2668.25,-2564.5,-2467.0,-2438.89990234375,-2415.89990234375,-2372.97998046875
9760,-2576.33984375,53.895362854003906,53.8330078125,0.9473208338022232,-2576.340087890625,-2564.5,121.17228698730469,-2811.43994140625,-2776.0,-2735.0,-2668.25,-2564.5,-2467.0,-2438.89990234375,-2415.89990234375,-2372.97998046875
9800,-2576.639892578125,53.867122650146484,53.80160140991211,0.9343835264444351,-2576.639892578125,-2564.5,121.11231231689453,-2815.360107421875,-2776.0,-2735.0,-2668.25,-2564.5,-2468.5,-2438.89990234375,-2415.89990234375,-2372.97998046875
9840,-2576.780029296875,53.850250244140625,53.78977966308594,0.9176817983388901,-2576.780029296875,-2564.5,121.06805419921875,-2815.360107421875,-2776.0,-2735.0,-2668.25,-2564.5,-2469.5,-2438.89990234375,-2415.89990234375,-2372.97998046875
9880,-2577.099853515625,53.84028625488281,53.78001022338867,0.9136496186256409,-2577.10009765625,-2564.5,121.0103759765625,-2815.360107421875,-2776.0,-2735.0,-2668.25,-2564.5,-2471.5,-2438.89990234375,-2418.75,-2372.97998046875
9920,-2577.52001953125,53.79893493652344,53.7386474609375,0.9040267616510391,-2577.52001953125,-2564.5,121.28201293945312,-2815.360107421875,-2776.0,-2735.199951171875,-2668.25,-2564.5,-2471.5,-2438.89990234375,-2418.75,-2372.97998046875
9960,-2577.9599609375,53.77259063720703,53.713890075683594,0.8937896192073822,-2577.9599609375,-2564.5,120.93087768554688,-2815.360107421875,-2776.0,-2735.199951171875,-2668.75,-2564.5,-2471.5,-2441.699951171875,-2421.60009765625,-2372.97998046875
10000,-2578.099853515625,53.755611419677734,53.696533203125,0.909749299287796,-2578.10009765625,-2564.5,120.74928283691406,-2815.360107421875,-2776.0,-2735.199951171875,-2668.75,-2564.5,-2471.5,-2441.699951171875,-2421.60009765625,-2380.820068359375
