ConfigName: kjsd__advperagentrankweighted__M3__L30__eps0p007__g0p0005__ds0p05__dm0p1
Problem: QUBO
Kernel: jsd
Advantage: peragentrankweighted
M: 3
lambda: 30
epsilon_svgd: 0.007
gamma: 0.0005
decay_start_ratio: 0.05
decay_min_factor: 0.1
bandwith_kernel: None
no_interact: False
avg_score: -1186.8599853515625
median_score: -1185.0
std_score: 57.61701202392578
percentiles: 2%=-1305.3599853515625, 5%=-1277.4000244140625, 10%=-1258.5, 25%=-1225.25, 50%=-1185.0, 75%=-1147.25, 90%=-1113.5, 95%=-1087.0, 98%=-1078.9599609375
ranking_best_algo: Tabu
ranking_best_score: 1216.16
ranking_my_rank: 64/504 (87.5%)
ranking_my_percent: 87.5
