ConfigName: kjsd__advperagentrankweighted__M3__L16__eps0p007__g0p0007__ds0p05__dm0p2
Problem: QUBO
Kernel: jsd
Advantage: peragentrankweighted
M: 3
lambda: 16
epsilon_svgd: 0.007
gamma: 0.0007
decay_start_ratio: 0.05
decay_min_factor: 0.2
bandwith_kernel: None
no_interact: False
avg_score: -1625.219970703125
median_score: -1619.0
std_score: 58.02423095703125
percentiles: 2%=-1749.02001953125, 5%=-1709.1500244140625, 10%=-1697.5999755859375, 25%=-1675.75, 50%=-1619.0, 75%=-1588.5, 90%=-1559.9000244140625, 95%=-1554.949951171875, 98%=-1482.8800048828125
ranking_best_algo: NLOPT_LN_PRAXIS
ranking_best_score: 1607.12
ranking_my_rank: 1/504 (100.0%)
ranking_my_percent: 100.0
