ConfigName: kjsd__advperagentrankweighted__M5__L10__eps0p005__g0p0005__ds0p2__dm0p2
Problem: QUBO
Kernel: jsd
Advantage: peragentrankweighted
M: 5
lambda: 10
epsilon_svgd: 0.005
gamma: 0.0005
decay_start_ratio: 0.2
decay_min_factor: 0.2
bandwith_kernel: None
no_interact: False
avg_score: -1234.6400146484375
median_score: -1227.0
std_score: 59.16595458984375
percentiles: 2%=-1349.760009765625, 5%=-1332.050048828125, 10%=-1318.0999755859375, 25%=-1269.25, 50%=-1227.0, 75%=-1193.5, 90%=-1161.0, 95%=-1152.5, 98%=-1131.8199462890625
ranking_best_algo: SVMMetaModelLogNormal
ranking_best_score: 1233.7999999999997
ranking_my_rank: 1/504 (100.0%)
ranking_my_percent: 100.0
