ConfigName: kjsd__advperagentrankweighted__M10__L24__eps0p008__g0p0005__ds0p3__dm0p05
Problem: QUBO
Kernel: jsd
Advantage: peragentrankweighted
M: 10
lambda: 24
epsilon_svgd: 0.008
gamma: 0.0005
decay_start_ratio: 0.3
decay_min_factor: 0.05
bandwith_kernel: None
no_interact: False
avg_score: -2104.800048828125
median_score: -2082.0
std_score: 216.64183044433594
percentiles: 2%=-2636.699951171875, 5%=-2458.10009765625, 10%=-2362.10009765625, 25%=-2217.25, 50%=-2082.0, 75%=-1948.75, 90%=-1853.0, 95%=-1799.9000244140625, 98%=-1764.5799560546875
ranking_best_algo: RLSOnePlusOne
ranking_best_score: 3316.5199999999995
ranking_my_rank: 318/504 (37.1%)
ranking_my_percent: 37.1031746031746
