ConfigName: kfr__advglobalrankweighted__M3__L10__eps0p015__g0p007__ds0p01__dm0p01
Problem: QUBO
Kernel: fr
Advantage: globalrankweighted
M: 3
lambda: 10
epsilon_svgd: 0.015
gamma: 0.007
decay_start_ratio: 0.01
decay_min_factor: 0.01
bandwith_kernel: None
no_interact: False
avg_score: -1285.1800537109375
median_score: -1283.0
std_score: 55.71739196777344
percentiles: 2%=-1383.1199951171875, 5%=-1364.5, 10%=-1359.199951171875, 25%=-1326.0, 50%=-1283.0, 75%=-1248.75, 90%=-1217.699951171875, 95%=-1182.9000244140625, 98%=-1152.7999267578125
ranking_best_algo: BigLognormalDiscreteOnePlusOne
ranking_best_score: 1301.3600000000004
ranking_my_rank: 4/504 (99.4%)
ranking_my_percent: 99.4047619047619
