ConfigName: krbf__advnormalizedfitness__M4__L12__eps0p033__g0p005__ds0p01__dm0p3
Problem: QUBO
Kernel: rbf
Advantage: normalizedfitness
M: 4
lambda: 12
epsilon_svgd: 0.033
gamma: 0.005
decay_start_ratio: 0.01
decay_min_factor: 0.3
bandwith_kernel: None
no_interact: False
avg_score: -1247.699951171875
median_score: -1244.0
std_score: 62.288116455078125
percentiles: 2%=-1360.02001953125, 5%=-1354.0999755859375, 10%=-1335.0, 25%=-1293.5, 50%=-1244.0, 75%=-1200.5, 90%=-1167.9000244140625, 95%=-1150.9000244140625, 98%=-1144.7799072265625
ranking_best_algo: BigLognormalDiscreteOnePlusOne
ranking_best_score: 1301.3600000000004
ranking_my_rank: 56/504 (89.1%)
ranking_my_percent: 89.08730158730158
