ConfigName: krbf__advnormalizedfitness__M3__L12__eps0p033__g0p007__ds0p15__dm0p01
Problem: QUBO
Kernel: rbf
Advantage: normalizedfitness
M: 3
lambda: 12
epsilon_svgd: 0.033
gamma: 0.007
decay_start_ratio: 0.15
decay_min_factor: 0.01
bandwith_kernel: None
no_interact: False
avg_score: -310.5799865722656
median_score: -317.0
std_score: 39.545711517333984
percentiles: 2%=-396.0400085449219, 5%=-388.1000061035156, 10%=-355.79998779296875, 25%=-334.5, 50%=-317.0, 75%=-273.0, 90%=-262.8999938964844, 95%=-256.8500061035156, 98%=-248.97999572753906
ranking_best_algo: CMApara
ranking_best_score: 319.29999999999995
ranking_my_rank: 58/504 (88.7%)
ranking_my_percent: 88.69047619047619
