ConfigName: kjsd__advperagentrankweighted__M6__L12__eps0p008__g0p0005__ds0p3__dm0p05
Problem: NK
Kernel: jsd
Advantage: peragentrankweighted
M: 6
lambda: 12
epsilon_svgd: 0.008
gamma: 0.0005
decay_start_ratio: 0.3
decay_min_factor: 0.05
bandwith_kernel: None
no_interact: False
avg_score: 0.7450818419456482
median_score: 0.7463082075119019
std_score: 0.009321406483650208
percentiles: 2%=0.7246370911598206, 5%=0.7299274206161499, 10%=0.7334396243095398, 25%=0.737737774848938, 50%=0.7463082075119019, 75%=0.7512319684028625, 90%=0.7571641802787781, 95%=0.7600005269050598, 98%=0.7613494396209717
ranking_best_algo: PBIL
ranking_best_score: 0.733570253046875
ranking_my_rank: 1/504 (100.0%)
ranking_my_percent: 100.0
