ConfigName: kjsd__advperagentrankweighted__M5__L8__eps0p01__g0p0003__ds0p05__dm0p05
Problem: NK
Kernel: jsd
Advantage: peragentrankweighted
M: 5
lambda: 8
epsilon_svgd: 0.01
gamma: 0.0003
decay_start_ratio: 0.05
decay_min_factor: 0.05
bandwith_kernel: None
no_interact: False
avg_score: 0.7216737270355225
median_score: 0.7218081951141357
std_score: 0.009014095179736614
percentiles: 2%=0.7036378383636475, 5%=0.7072165608406067, 10%=0.7103853821754456, 25%=0.7152504920959473, 50%=0.7218081951141357, 75%=0.7272562980651855, 90%=0.7350181341171265, 95%=0.7362964153289795, 98%=0.7378618717193604
ranking_best_algo: Tabu
ranking_best_score: 0.7429702712499999
ranking_my_rank: 8/504 (98.6%)
ranking_my_percent: 98.61111111111111
