ConfigName: krbf__advnormalizedfitness__M3__L12__eps0p025__g0p015__ds0p15__dm0p01
Problem: QUBO
Kernel: rbf
Advantage: normalizedfitness
M: 3
lambda: 12
epsilon_svgd: 0.025
gamma: 0.015
decay_start_ratio: 0.15
decay_min_factor: 0.01
bandwith_kernel: None
no_interact: False
avg_score: -308.67999267578125
median_score: -312.0
std_score: 38.95301818847656
percentiles: 2%=-390.0400085449219, 5%=-388.0, 10%=-353.79998779296875, 25%=-332.0, 50%=-312.0, 75%=-279.75, 90%=-263.6000061035156, 95%=-249.95001220703125, 98%=-241.95999145507812
ranking_best_algo: CMApara
ranking_best_score: 319.29999999999995
ranking_my_rank: 87/504 (82.9%)
ranking_my_percent: 82.93650793650794
