ConfigName: krbf__advnormalizedfitness__M2__L8__eps0p015__g0p01__ds0p15__dm0p01
Problem: QUBO
Kernel: rbf
Advantage: normalizedfitness
M: 2
lambda: 8
epsilon_svgd: 0.015
gamma: 0.01
decay_start_ratio: 0.15
decay_min_factor: 0.01
bandwith_kernel: None
no_interact: False
avg_score: -1288.93994140625
median_score: -1298.0
std_score: 65.87333679199219
percentiles: 2%=-1409.0799560546875, 5%=-1382.0999755859375, 10%=-1373.4000244140625, 25%=-1337.75, 50%=-1298.0, 75%=-1244.5, 90%=-1199.300048828125, 95%=-1183.8499755859375, 98%=-1142.4000244140625
ranking_best_algo: BigLognormalDiscreteOnePlusOne
ranking_best_score: 1301.3600000000004
ranking_my_rank: 3/504 (99.6%)
ranking_my_percent: 99.60317460317461
