ConfigName: kjsd__advperagentrankweighted__M4__L30__eps0p005__g0p0007__ds0p2__dm0p05
Problem: NK
Kernel: jsd
Advantage: peragentrankweighted
M: 4
lambda: 30
epsilon_svgd: 0.005
gamma: 0.0007
decay_start_ratio: 0.2
decay_min_factor: 0.05
bandwith_kernel: None
no_interact: False
avg_score: 0.7374136447906494
median_score: 0.7374576330184937
std_score: 0.014034026302397251
percentiles: 2%=0.7111292481422424, 5%=0.714640736579895, 10%=0.7205647826194763, 25%=0.728827953338623, 50%=0.7374576330184937, 75%=0.7449195384979248, 90%=0.7545962929725647, 95%=0.7656974196434021, 98%=0.767596960067749
ranking_best_algo: Tabu
ranking_best_score: 0.7601875690625
ranking_my_rank: 20/504 (96.2%)
ranking_my_percent: 96.23015873015873
