ConfigName: kjsd__advperagentrankweighted__M3__L16__eps0p005__g0p001__ds0p1__dm0p05
Problem: QUBO
Kernel: jsd
Advantage: peragentrankweighted
M: 3
lambda: 16
epsilon_svgd: 0.005
gamma: 0.001
decay_start_ratio: 0.1
decay_min_factor: 0.05
bandwith_kernel: None
no_interact: False
avg_score: -581.4000244140625
median_score: -582.5
std_score: 26.970352172851562
percentiles: 2%=-633.0, 5%=-625.0999755859375, 10%=-617.2000122070312, 25%=-599.5, 50%=-582.5, 75%=-562.0, 90%=-547.7999877929688, 95%=-535.9500122070312, 98%=-532.739990234375
ranking_best_algo: Tabu
ranking_best_score: 588.7199999999999
ranking_my_rank: 36/503 (93.0%)
ranking_my_percent: 93.04174950298211
