ConfigName: kjsd__advperagentrankweighted__M5__L8__eps0p01__g0p0005__ds0p4__dm0p2
Problem: QUBO
Kernel: jsd
Advantage: peragentrankweighted
M: 5
lambda: 8
epsilon_svgd: 0.01
gamma: 0.0005
decay_start_ratio: 0.4
decay_min_factor: 0.2
bandwith_kernel: None
no_interact: False
avg_score: -583.3200073242188
median_score: -583.5
std_score: 25.54246711730957
percentiles: 2%=-631.0599975585938, 5%=-625.0999755859375, 10%=-613.0999755859375, 25%=-604.25, 50%=-583.5, 75%=-566.75, 90%=-553.7000122070312, 95%=-536.8499755859375, 98%=-529.97998046875
ranking_best_algo: Tabu
ranking_best_score: 588.7199999999999
ranking_my_rank: 5/503 (99.2%)
ranking_my_percent: 99.20477137176938
