ConfigName: krbf__advnormalizedfitness__M3__L24__eps0p03__g0p01__ds0p15__dm0p05
Problem: QUBO
Kernel: rbf
Advantage: normalizedfitness
M: 3
lambda: 24
epsilon_svgd: 0.03
gamma: 0.01
decay_start_ratio: 0.15
decay_min_factor: 0.05
bandwith_kernel: None
no_interact: False
avg_score: -1027.760009765625
median_score: -1019.0
std_score: 76.46308135986328
percentiles: 2%=-1187.1800537109375, 5%=-1152.0999755859375, 10%=-1133.0999755859375, 25%=-1086.0, 50%=-1019.0, 75%=-974.5, 90%=-933.7999877929688, 95%=-907.0, 98%=-894.9600219726562
ranking_best_algo: SVMMetaModelLogNormal
ranking_best_score: 1233.7999999999997
ranking_my_rank: 215/504 (57.5%)
ranking_my_percent: 57.53968253968254
