ConfigName: krbf__advnormalizedfitness__M3__L12__eps0p033__g0p007__ds0p15__dm0p01
Problem: QUBO
Kernel: rbf
Advantage: normalizedfitness
M: 3
lambda: 12
epsilon_svgd: 0.033
gamma: 0.007
decay_start_ratio: 0.15
decay_min_factor: 0.01
bandwith_kernel: None
no_interact: False
avg_score: -1197.4200439453125
median_score: -1198.5
std_score: 59.83848190307617
percentiles: 2%=-1329.1600341796875, 5%=-1317.0, 10%=-1256.5999755859375, 25%=-1234.0, 50%=-1198.5, 75%=-1159.5, 90%=-1119.800048828125, 95%=-1103.800048828125, 98%=-1087.9599609375
ranking_best_algo: Tabu
ranking_best_score: 1216.16
ranking_my_rank: 44/504 (91.5%)
ranking_my_percent: 91.46825396825396
