ConfigName: krbf__advnormalizedfitness__M3__L12__eps0p025__g0p007__ds0p01__dm0p01
Problem: QUBO
Kernel: rbf
Advantage: normalizedfitness
M: 3
lambda: 12
epsilon_svgd: 0.025
gamma: 0.007
decay_start_ratio: 0.01
decay_min_factor: 0.01
bandwith_kernel: None
no_interact: False
avg_score: -417.4200134277344
median_score: -420.0
std_score: 25.431154251098633
percentiles: 2%=-469.1600036621094, 5%=-457.5, 10%=-450.20001220703125, 25%=-430.5, 50%=-420.0, 75%=-400.0, 90%=-381.79998779296875, 95%=-375.8000183105469, 98%=-368.0
ranking_best_algo: Tabu
ranking_best_score: 438.12
ranking_my_rank: 41/504 (92.1%)
ranking_my_percent: 92.06349206349206
