ConfigName: kjsd__advperagentrankweighted__M3__L16__eps0p01__g0p0005__ds0p1__dm0p05
Problem: NK
Kernel: jsd
Advantage: peragentrankweighted
M: 3
lambda: 16
epsilon_svgd: 0.01
gamma: 0.0005
decay_start_ratio: 0.1
decay_min_factor: 0.05
bandwith_kernel: None
no_interact: False
avg_score: 0.7400434613227844
median_score: 0.7384769916534424
std_score: 0.02885781042277813
percentiles: 2%=0.6925821304321289, 5%=0.701143741607666, 10%=0.7078447341918945, 25%=0.719091534614563, 50%=0.7384769916534424, 75%=0.7536921501159668, 90%=0.7729395031929016, 95%=0.8044298887252808, 98%=0.8118547797203064
ranking_best_algo: CMApara
ranking_best_score: 0.7459277895312499
ranking_my_rank: 47/504 (90.9%)
ranking_my_percent: 90.87301587301587
