ConfigName: krbf__advnormalizedfitness__M3__L15__eps0p02__g0p005__ds0p15__dm0p05
Problem: QUBO
Kernel: rbf
Advantage: normalizedfitness
M: 3
lambda: 15
epsilon_svgd: 0.02
gamma: 0.005
decay_start_ratio: 0.15
decay_min_factor: 0.05
bandwith_kernel: None
no_interact: False
avg_score: -332.1199951171875
median_score: -337.0
std_score: 21.375349044799805
percentiles: 2%=-372.0, 5%=-370.1000061035156, 10%=-354.0, 25%=-346.0, 50%=-337.0, 75%=-320.0, 90%=-298.0, 95%=-292.95001220703125, 98%=-281.9599914550781
ranking_best_algo: CMApara
ranking_best_score: 344.22
ranking_my_rank: 73/504 (85.7%)
ranking_my_percent: 85.71428571428571
