ConfigName: krbf__advnormalizedfitness__M4__L8__eps0p015__g0p005__ds0p01__dm0p01
Problem: QUBO
Kernel: rbf
Advantage: normalizedfitness
M: 4
lambda: 8
epsilon_svgd: 0.015
gamma: 0.005
decay_start_ratio: 0.01
decay_min_factor: 0.01
bandwith_kernel: None
no_interact: False
avg_score: -426.44000244140625
median_score: -426.5
std_score: 25.987812042236328
percentiles: 2%=-481.0400085449219, 5%=-469.3999938964844, 10%=-458.1000061035156, 25%=-443.5, 50%=-426.5, 75%=-410.5, 90%=-394.79998779296875, 95%=-388.9000244140625, 98%=-365.91998291015625
ranking_best_algo: CMAL3
ranking_best_score: 435.36
ranking_my_rank: 23/504 (95.6%)
ranking_my_percent: 95.63492063492063
