ConfigName: kfr__advglobalrankweighted__M6__L9__eps0p02__g0p003__ds0p01__dm0p01
Problem: QUBO
Kernel: fr
Advantage: globalrankweighted
M: 6
lambda: 9
epsilon_svgd: 0.02
gamma: 0.003
decay_start_ratio: 0.01
decay_min_factor: 0.01
bandwith_kernel: None
no_interact: False
avg_score: -416.44000244140625
median_score: -421.0
std_score: 26.66770362854004
percentiles: 2%=-465.0799865722656, 5%=-454.0, 10%=-452.0, 25%=-436.25, 50%=-421.0, 75%=-394.0, 90%=-382.0, 95%=-378.0, 98%=-363.91998291015625
ranking_best_algo: Tabu
ranking_best_score: 438.12
ranking_my_rank: 43/504 (91.7%)
ranking_my_percent: 91.66666666666667
