ConfigName: kjsd__advperagentrankweighted__M4__L20__eps0p005__g0p0005__ds0p1__dm0p05
Problem: QUBO
Kernel: jsd
Advantage: peragentrankweighted
M: 4
lambda: 20
epsilon_svgd: 0.005
gamma: 0.0005
decay_start_ratio: 0.1
decay_min_factor: 0.05
bandwith_kernel: None
no_interact: False
avg_score: -582.280029296875
median_score: -582.0
std_score: 29.64796257019043
percentiles: 2%=-643.1599731445312, 5%=-637.0999755859375, 10%=-614.0999755859375, 25%=-601.0, 50%=-582.0, 75%=-560.75, 90%=-545.9000244140625, 95%=-532.9500122070312, 98%=-530.9199829101562
ranking_best_algo: Tabu
ranking_best_score: 588.7199999999999
ranking_my_rank: 33/503 (93.6%)
ranking_my_percent: 93.63817097415507
