ConfigName: krbf__advnormalizedfitness__M2__L10__eps0p02__g0p005__ds0p01__dm0p01
Problem: QUBO
Kernel: rbf
Advantage: normalizedfitness
M: 2
lambda: 10
epsilon_svgd: 0.02
gamma: 0.005
decay_start_ratio: 0.01
decay_min_factor: 0.01
bandwith_kernel: None
no_interact: False
avg_score: -435.8800048828125
median_score: -439.0
std_score: 27.88235092163086
percentiles: 2%=-486.0799865722656, 5%=-481.0, 10%=-472.29998779296875, 25%=-457.0, 50%=-439.0, 75%=-414.0, 90%=-402.6000061035156, 95%=-393.8999938964844, 98%=-375.9599914550781
ranking_best_algo: CMApara
ranking_best_score: 453.82
ranking_my_rank: 30/504 (94.2%)
ranking_my_percent: 94.24603174603175
