ConfigName: kfr__advglobalrankweighted__M2__L9__eps0p01__g0p005__ds0p01__dm0p01
Problem: NK
Kernel: fr
Advantage: globalrankweighted
M: 2
lambda: 9
epsilon_svgd: 0.01
gamma: 0.005
decay_start_ratio: 0.01
decay_min_factor: 0.01
bandwith_kernel: None
no_interact: False
avg_score: 0.7398256659507751
median_score: 0.7388948798179626
std_score: 0.014901582151651382
percentiles: 2%=0.7114266157150269, 5%=0.7164444327354431, 10%=0.7234050631523132, 25%=0.7312164306640625, 50%=0.7388948798179626, 75%=0.7485015392303467, 90%=0.7597874999046326, 95%=0.7629596590995789, 98%=0.7714516520500183
ranking_best_algo: Tabu
ranking_best_score: 0.7601875690625
ranking_my_rank: 15/504 (97.2%)
ranking_my_percent: 97.22222222222223
