ConfigName: krbf__advnormalizedfitness__M2__L8__eps0p015__g0p007__ds0p01__dm0p01
Problem: QUBO
Kernel: rbf
Advantage: normalizedfitness
M: 2
lambda: 8
epsilon_svgd: 0.015
gamma: 0.007
decay_start_ratio: 0.01
decay_min_factor: 0.01
bandwith_kernel: None
no_interact: False
avg_score: -2566.0400390625
median_score: -2560.5
std_score: 132.0380096435547
percentiles: 2%=-2860.139892578125, 5%=-2761.85009765625, 10%=-2730.199951171875, 25%=-2659.25, 50%=-2560.5, 75%=-2463.25, 90%=-2416.800048828125, 95%=-2365.64990234375, 98%=-2321.320068359375
ranking_best_algo: SVM1MetaModelLogNormal
ranking_best_score: 2605.14
ranking_my_rank: 15/504 (97.2%)
ranking_my_percent: 97.22222222222223
