ConfigName: kjsd__advperagentrankweighted__M3__L16__eps0p01__g0p0005__ds0p1__dm0p1
Problem: QUBO
Kernel: jsd
Advantage: peragentrankweighted
M: 3
lambda: 16
epsilon_svgd: 0.01
gamma: 0.0005
decay_start_ratio: 0.1
decay_min_factor: 0.1
bandwith_kernel: None
no_interact: False
avg_score: -136.3800048828125
median_score: -137.0
std_score: 11.600672721862793
percentiles: 2%=-157.0, 5%=-155.0500030517578, 10%=-149.10000610351562, 25%=-146.0, 50%=-137.0, 75%=-129.0, 90%=-121.69999694824219, 95%=-114.94999694824219, 98%=-112.95999908447266
ranking_best_algo: DiscreteDE
ranking_best_score: 143.4
ranking_my_rank: 214/504 (57.7%)
ranking_my_percent: 57.73809523809524
