ConfigName: krbf__advnormalizedfitness__M1__L8__eps0p025__g0p015__ds0p01__dm0p3
Problem: QUBO
Kernel: rbf
Advantage: normalizedfitness
M: 1
lambda: 8
epsilon_svgd: 0.025
gamma: 0.015
decay_start_ratio: 0.01
decay_min_factor: 0.3
bandwith_kernel: None
no_interact: False
avg_score: -432.239990234375
median_score: -438.5
std_score: 29.235979080200195
percentiles: 2%=-475.0799865722656, 5%=-472.0, 10%=-464.1000061035156, 25%=-455.0, 50%=-438.5, 75%=-411.25, 90%=-394.70001220703125, 95%=-383.9000244140625, 98%=-359.0
ranking_best_algo: CMApara
ranking_best_score: 453.82
ranking_my_rank: 77/504 (84.9%)
ranking_my_percent: 84.92063492063492
