ConfigName: kjsd__advperagentrankweighted__M3__L16__eps0p01__g0p0005__ds0p2__dm0p05
Problem: QUBO
Kernel: jsd
Advantage: peragentrankweighted
M: 3
lambda: 16
epsilon_svgd: 0.01
gamma: 0.0005
decay_start_ratio: 0.2
decay_min_factor: 0.05
bandwith_kernel: None
no_interact: False
avg_score: -310.1000061035156
median_score: -316.0
std_score: 40.427589416503906
percentiles: 2%=-396.0400085449219, 5%=-388.1000061035156, 10%=-359.20001220703125, 25%=-336.0, 50%=-316.0, 75%=-272.0, 90%=-262.8999938964844, 95%=-258.0, 98%=-255.97999572753906
ranking_best_algo: CMApara
ranking_best_score: 319.29999999999995
ranking_my_rank: 64/504 (87.5%)
ranking_my_percent: 87.5
