ConfigName: krbf__advnormalizedfitness__M3__L12__eps0p025__g0p01__ds0p15__dm0p05
Problem: QUBO
Kernel: rbf
Advantage: normalizedfitness
M: 3
lambda: 12
epsilon_svgd: 0.025
gamma: 0.01
decay_start_ratio: 0.15
decay_min_factor: 0.05
bandwith_kernel: None
no_interact: False
avg_score: -1248.6600341796875
median_score: -1247.0
std_score: 67.04643249511719
percentiles: 2%=-1379.1400146484375, 5%=-1351.1500244140625, 10%=-1330.699951171875, 25%=-1298.5, 50%=-1247.0, 75%=-1200.5, 90%=-1170.699951171875, 95%=-1140.800048828125, 98%=-1112.6800537109375
ranking_best_algo: BigLognormalDiscreteOnePlusOne
ranking_best_score: 1301.3600000000004
ranking_my_rank: 56/504 (89.1%)
ranking_my_percent: 89.08730158730158
