ConfigName: krbf__advnormalizedfitness__M1__L8__eps0p033__g0p007__ds0p01__dm0p3
Problem: NK
Kernel: rbf
Advantage: normalizedfitness
M: 1
lambda: 8
epsilon_svgd: 0.033
gamma: 0.007
decay_start_ratio: 0.01
decay_min_factor: 0.3
bandwith_kernel: None
no_interact: False
avg_score: 0.7031776905059814
median_score: 0.6897733807563782
std_score: 0.033382344990968704
percentiles: 2%=0.6612145900726318, 5%=0.6650659441947937, 10%=0.668717086315155, 25%=0.6731117963790894, 50%=0.6897733807563782, 75%=0.7397462129592896, 90%=0.7514870166778564, 95%=0.7535367608070374, 98%=0.756682276725769
ranking_best_algo: CMApara
ranking_best_score: 0.7118996098437498
ranking_my_rank: 187/504 (63.1%)
ranking_my_percent: 63.095238095238095
