ConfigName: kjsd__advperagentrankweighted__M3__L24__eps0p005__g0p001__ds0p1__dm0p05
Problem: QUBO
Kernel: jsd
Advantage: peragentrankweighted
M: 3
lambda: 24
epsilon_svgd: 0.005
gamma: 0.001
decay_start_ratio: 0.1
decay_min_factor: 0.05
bandwith_kernel: None
no_interact: False
avg_score: -1606.6199951171875
median_score: -1606.5
std_score: 67.59878540039062
percentiles: 2%=-1729.3199462890625, 5%=-1716.0999755859375, 10%=-1698.300048828125, 25%=-1648.25, 50%=-1606.5, 75%=-1558.5, 90%=-1527.0, 95%=-1502.5, 98%=-1471.699951171875
ranking_best_algo: NLOPT_LN_PRAXIS
ranking_best_score: 1607.12
ranking_my_rank: 2/504 (99.8%)
ranking_my_percent: 99.8015873015873
