ConfigName: krbf__advnormalizedfitness__M3__L15__eps0p025__g0p015__ds0p15__dm0p3
Problem: QUBO
Kernel: rbf
Advantage: normalizedfitness
M: 3
lambda: 15
epsilon_svgd: 0.025
gamma: 0.015
decay_start_ratio: 0.15
decay_min_factor: 0.3
bandwith_kernel: None
no_interact: False
avg_score: -137.9199981689453
median_score: -138.5
std_score: 11.146013259887695
percentiles: 2%=-158.02000427246094, 5%=-157.0500030517578, 10%=-152.1999969482422, 25%=-145.0, 50%=-138.5, 75%=-129.0, 90%=-123.0, 95%=-118.90000915527344, 98%=-116.93998718261719
ranking_best_algo: DiscreteDE
ranking_best_score: 143.4
ranking_my_rank: 117/504 (77.0%)
ranking_my_percent: 76.98412698412699
