ConfigName: kjsd__advperagentrankweighted__M3__L24__eps0p007__g0p0005__ds0p1__dm0p1
Problem: NK
Kernel: jsd
Advantage: peragentrankweighted
M: 3
lambda: 24
epsilon_svgd: 0.007
gamma: 0.0005
decay_start_ratio: 0.1
decay_min_factor: 0.1
bandwith_kernel: None
no_interact: False
avg_score: 0.7517877221107483
median_score: 0.7534868717193604
std_score: 0.013702395372092724
percentiles: 2%=0.7249016165733337, 5%=0.7321170568466187, 10%=0.7339276671409607, 25%=0.7405897378921509, 50%=0.7534868717193604, 75%=0.7610651254653931, 90%=0.7694567441940308, 95%=0.7736721038818359, 98%=0.7779780030250549
ranking_best_algo: Tabu
ranking_best_score: 0.7657846284375001
ranking_my_rank: 14/504 (97.4%)
ranking_my_percent: 97.42063492063492
