ConfigName: kfr__advglobalrankweighted__M1__L7__eps0p015__g0p003__ds0p01__dm0p01
Problem: QUBO
Kernel: fr
Advantage: globalrankweighted
M: 1
lambda: 7
epsilon_svgd: 0.015
gamma: 0.003
decay_start_ratio: 0.01
decay_min_factor: 0.01
bandwith_kernel: None
no_interact: False
avg_score: -3047.6201171875
median_score: -3049.5
std_score: 123.54196166992188
percentiles: 2%=-3254.320068359375, 5%=-3235.050048828125, 10%=-3204.199951171875, 25%=-3145.25, 50%=-3049.5, 75%=-2964.5, 90%=-2899.5, 95%=-2882.500244140625, 98%=-2733.699951171875
ranking_best_algo: RLSOnePlusOne
ranking_best_score: 3316.5199999999995
ranking_my_rank: 92/504 (81.9%)
ranking_my_percent: 81.94444444444444
