ConfigName: krbf__advnormalizedfitness__M4__L8__eps0p025__g0p005__ds0p01__dm0p3
Problem: NK
Kernel: rbf
Advantage: normalizedfitness
M: 4
lambda: 8
epsilon_svgd: 0.025
gamma: 0.005
decay_start_ratio: 0.01
decay_min_factor: 0.3
bandwith_kernel: None
no_interact: False
avg_score: 0.7106128931045532
median_score: 0.7118169069290161
std_score: 0.015527572482824326
percentiles: 2%=0.6716105341911316, 5%=0.673372209072113, 10%=0.6950289607048035, 25%=0.7072643637657166, 50%=0.7118169069290161, 75%=0.7198562622070312, 90%=0.7256016731262207, 95%=0.7329181432723999, 98%=0.7333155274391174
ranking_best_algo: CMApara
ranking_best_score: 0.707475975
ranking_my_rank: 1/504 (100.0%)
ranking_my_percent: 100.0
