ConfigName: kjsd__advperagentrankweighted__M3__L16__eps0p007__g0p003__ds0p2__dm0p1
Problem: NK
Kernel: jsd
Advantage: peragentrankweighted
M: 3
lambda: 16
epsilon_svgd: 0.007
gamma: 0.003
decay_start_ratio: 0.2
decay_min_factor: 0.1
bandwith_kernel: None
no_interact: False
avg_score: 0.7540673017501831
median_score: 0.7543084621429443
std_score: 0.01316013652831316
percentiles: 2%=0.7296538949012756, 5%=0.7317710518836975, 10%=0.7364795804023743, 25%=0.7441104650497437, 50%=0.7543084621429443, 75%=0.763065755367279, 90%=0.77166348695755, 95%=0.7755279541015625, 98%=0.7783656120300293
ranking_best_algo: Tabu
ranking_best_score: 0.7470791764843752
ranking_my_rank: 1/504 (100.0%)
ranking_my_percent: 100.0
