ConfigName: krbf__advnormalizedfitness__M2__L15__eps0p025__g0p007__ds0p15__dm0p01
Problem: NK
Kernel: rbf
Advantage: normalizedfitness
M: 2
lambda: 15
epsilon_svgd: 0.025
gamma: 0.007
decay_start_ratio: 0.15
decay_min_factor: 0.01
bandwith_kernel: None
no_interact: False
avg_score: 0.7362422347068787
median_score: 0.7374853491783142
std_score: 0.008982493542134762
percentiles: 2%=0.7183893918991089, 5%=0.719954252243042, 10%=0.7224986553192139, 25%=0.7313374876976013, 50%=0.7374853491783142, 75%=0.741898775100708, 90%=0.7464544773101807, 95%=0.7496466636657715, 98%=0.7508662939071655
ranking_best_algo: PBIL
ranking_best_score: 0.730509098125
ranking_my_rank: 1/504 (100.0%)
ranking_my_percent: 100.0
