ConfigName: kjsd__advperagentrankweighted__M3__L16__eps0p01__g0p0007__ds0p1__dm0p1
Problem: QUBO
Kernel: jsd
Advantage: peragentrankweighted
M: 3
lambda: 16
epsilon_svgd: 0.01
gamma: 0.0007
decay_start_ratio: 0.1
decay_min_factor: 0.1
bandwith_kernel: None
no_interact: False
avg_score: -1629.4000244140625
median_score: -1623.0
std_score: 62.79124450683594
percentiles: 2%=-1755.199951171875, 5%=-1734.050048828125, 10%=-1716.699951171875, 25%=-1671.0, 50%=-1623.0, 75%=-1578.5, 90%=-1556.699951171875, 95%=-1548.949951171875, 98%=-1534.8800048828125
ranking_best_algo: NLOPT_LN_PRAXIS
ranking_best_score: 1607.12
ranking_my_rank: 1/504 (100.0%)
ranking_my_percent: 100.0
