ConfigName: krbf__advnormalizedfitness__M4__L10__eps0p03__g0p005__ds0p05__dm0p05
Problem: NK
Kernel: rbf
Advantage: normalizedfitness
M: 4
lambda: 10
epsilon_svgd: 0.03
gamma: 0.005
decay_start_ratio: 0.05
decay_min_factor: 0.05
bandwith_kernel: None
no_interact: False
avg_score: 0.6914559006690979
median_score: 0.6915385723114014
std_score: 0.01595836505293846
percentiles: 2%=0.6649299263954163, 5%=0.6664485335350037, 10%=0.6709851026535034, 25%=0.6793602705001831, 50%=0.6915385723114014, 75%=0.7025270462036133, 90%=0.7114318609237671, 95%=0.7179328203201294, 98%=0.7214593887329102
ranking_best_algo: PBIL
ranking_best_score: 0.7170882103515624
ranking_my_rank: 121/504 (76.2%)
ranking_my_percent: 76.19047619047619
