ConfigName: kjsd__advperagentrankweighted__M5__L10__eps0p03__g0p0005__ds0p2__dm0p05
Problem: QUBO
Kernel: jsd
Advantage: peragentrankweighted
M: 5
lambda: 10
epsilon_svgd: 0.03
gamma: 0.0005
decay_start_ratio: 0.2
decay_min_factor: 0.05
bandwith_kernel: None
no_interact: False
avg_score: -437.2200012207031
median_score: -439.0
std_score: 25.10680389404297
percentiles: 2%=-481.0400085449219, 5%=-478.1499938964844, 10%=-470.20001220703125, 25%=-457.0, 50%=-439.0, 75%=-420.75, 90%=-403.79998779296875, 95%=-397.79998779296875, 98%=-384.8399963378906
ranking_best_algo: CMApara
ranking_best_score: 453.82
ranking_my_rank: 28/504 (94.6%)
ranking_my_percent: 94.64285714285714
