ConfigName: kjsd__advperagentrankweighted__M4__L12__eps0p02__g0p0003__ds0p05__dm0p05
Problem: QUBO
Kernel: jsd
Advantage: peragentrankweighted
M: 4
lambda: 12
epsilon_svgd: 0.02
gamma: 0.0003
decay_start_ratio: 0.05
decay_min_factor: 0.05
bandwith_kernel: None
no_interact: False
avg_score: -1267.760009765625
median_score: -1263.5
std_score: 55.59282684326172
percentiles: 2%=-1381.239990234375, 5%=-1347.449951171875, 10%=-1338.0999755859375, 25%=-1304.75, 50%=-1263.5, 75%=-1231.5, 90%=-1197.9000244140625, 95%=-1184.9000244140625, 98%=-1136.9599609375
ranking_best_algo: BigLognormalDiscreteOnePlusOne
ranking_best_score: 1301.3600000000004
ranking_my_rank: 49/504 (90.5%)
ranking_my_percent: 90.47619047619048
