ConfigName: krbf__advnormalizedfitness__M4__L10__eps0p025__g0p005__ds0p3__dm0p01
Problem: QUBO
Kernel: rbf
Advantage: normalizedfitness
M: 4
lambda: 10
epsilon_svgd: 0.025
gamma: 0.005
decay_start_ratio: 0.3
decay_min_factor: 0.01
bandwith_kernel: None
no_interact: False
avg_score: -417.67999267578125
median_score: -420.0
std_score: 24.099327087402344
percentiles: 2%=-473.0400085449219, 5%=-454.04998779296875, 10%=-451.1000061035156, 25%=-433.0, 50%=-420.0, 75%=-400.0, 90%=-389.79998779296875, 95%=-381.9000244140625, 98%=-371.8799743652344
ranking_best_algo: Tabu
ranking_best_score: 438.12
ranking_my_rank: 40/504 (92.3%)
ranking_my_percent: 92.26190476190476
