ConfigName: kjsd__advperagentrankweighted__M6__L30__eps0p005__g0p0005__ds0p05__dm0p05
Problem: NK
Kernel: jsd
Advantage: peragentrankweighted
M: 6
lambda: 30
epsilon_svgd: 0.005
gamma: 0.0005
decay_start_ratio: 0.05
decay_min_factor: 0.05
bandwith_kernel: None
no_interact: False
avg_score: 0.7238155007362366
median_score: 0.725021481513977
std_score: 0.011927500367164612
percentiles: 2%=0.6968804597854614, 5%=0.7028520703315735, 10%=0.7078992128372192, 25%=0.7158892154693604, 50%=0.725021481513977, 75%=0.733630359172821, 90%=0.7379305958747864, 95%=0.7408447265625, 98%=0.7419167757034302
ranking_best_algo: PBIL
ranking_best_score: 0.7248786399609374
ranking_my_rank: 2/504 (99.8%)
ranking_my_percent: 99.8015873015873
