ConfigName: kfr__advglobalrankweighted__M3__L8__eps0p02__g0p003__ds0p01__dm0p01
Problem: QUBO
Kernel: fr
Advantage: globalrankweighted
M: 3
lambda: 8
epsilon_svgd: 0.02
gamma: 0.003
decay_start_ratio: 0.01
decay_min_factor: 0.01
bandwith_kernel: None
no_interact: False
avg_score: -410.760009765625
median_score: -413.5
std_score: 25.32158088684082
percentiles: 2%=-463.2799987792969, 5%=-449.04998779296875, 10%=-440.0, 25%=-426.0, 50%=-413.5, 75%=-396.0, 90%=-376.0, 95%=-373.8000183105469, 98%=-357.8799743652344
ranking_best_algo: Tabu
ranking_best_score: 438.12
ranking_my_rank: 86/504 (83.1%)
ranking_my_percent: 83.13492063492063
