ConfigName: kjsd__advperagentrankweighted__M3__L30__eps0p007__g0p001__ds0p05__dm0p1
Problem: NK
Kernel: jsd
Advantage: peragentrankweighted
M: 3
lambda: 30
epsilon_svgd: 0.007
gamma: 0.001
decay_start_ratio: 0.05
decay_min_factor: 0.1
bandwith_kernel: None
no_interact: False
avg_score: 0.7383068799972534
median_score: 0.7389669418334961
std_score: 0.009182825684547424
percentiles: 2%=0.7209926843643188, 5%=0.7222728729248047, 10%=0.7246730923652649, 25%=0.7331997752189636, 50%=0.7389669418334961, 75%=0.7449754476547241, 90%=0.7516347765922546, 95%=0.7536706924438477, 98%=0.755814254283905
ranking_best_algo: PBIL
ranking_best_score: 0.730509098125
ranking_my_rank: 1/504 (100.0%)
ranking_my_percent: 100.0
