ConfigName: krbf__advnormalizedfitness__M2__L9__eps0p01__g0p005__ds0p01__dm0p01
Problem: QUBO
Kernel: rbf
Advantage: normalizedfitness
M: 2
lambda: 9
epsilon_svgd: 0.01
gamma: 0.005
decay_start_ratio: 0.01
decay_min_factor: 0.01
bandwith_kernel: None
no_interact: False
avg_score: -3290.719970703125
median_score: -3290.5
std_score: 108.50088500976562
percentiles: 2%=-3486.159912109375, 5%=-3466.449951171875, 10%=-3433.699951171875, 25%=-3372.0, 50%=-3290.5, 75%=-3215.5, 90%=-3150.800048828125, 95%=-3126.89990234375, 98%=-3061.300048828125
ranking_best_algo: RLSOnePlusOne
ranking_best_score: 3316.5199999999995
ranking_my_rank: 3/504 (99.6%)
ranking_my_percent: 99.60317460317461
