ConfigName: krbf__advnormalizedfitness__M4__L15__eps0p033__g0p01__ds0p01__dm0p01
Problem: NK
Kernel: rbf
Advantage: normalizedfitness
M: 4
lambda: 15
epsilon_svgd: 0.033
gamma: 0.01
decay_start_ratio: 0.01
decay_min_factor: 0.01
bandwith_kernel: None
no_interact: False
avg_score: 0.6074899435043335
median_score: 0.6039531826972961
std_score: 0.020867764949798584
percentiles: 2%=0.5831910371780396, 5%=0.5850001573562622, 10%=0.5884780287742615, 25%=0.5941635966300964, 50%=0.6039531826972961, 75%=0.6152235865592957, 90%=0.6288183927536011, 95%=0.6370017528533936, 98%=0.6825066804885864
ranking_best_algo: PBIL
ranking_best_score: 0.7170882103515624
ranking_my_rank: 349/504 (31.0%)
ranking_my_percent: 30.952380952380953
