ConfigName: kfr__advglobalrankweighted__M4__L12__eps0p02__g0p005__ds0p01__dm0p01
Problem: QUBO
Kernel: fr
Advantage: globalrankweighted
M: 4
lambda: 12
epsilon_svgd: 0.02
gamma: 0.005
decay_start_ratio: 0.01
decay_min_factor: 0.01
bandwith_kernel: None
no_interact: False
avg_score: -2482.840087890625
median_score: -2474.5
std_score: 132.8920440673828
percentiles: 2%=-2762.360107421875, 5%=-2726.699951171875, 10%=-2677.10009765625, 25%=-2569.5, 50%=-2474.5, 75%=-2385.5, 90%=-2340.0, 95%=-2294.550048828125, 98%=-2245.5
ranking_best_algo: SVM1MetaModelLogNormal
ranking_best_score: 2605.14
ranking_my_rank: 72/504 (85.9%)
ranking_my_percent: 85.91269841269842
