ConfigName: kjsd__advperagentrankweighted__M5__L8__eps0p02__g0p0005__ds0p05__dm0p05
Problem: QUBO
Kernel: jsd
Advantage: peragentrankweighted
M: 5
lambda: 8
epsilon_svgd: 0.02
gamma: 0.0005
decay_start_ratio: 0.05
decay_min_factor: 0.05
bandwith_kernel: None
no_interact: False
avg_score: -3223.760009765625
median_score: -3233.5
std_score: 112.38301849365234
percentiles: 2%=-3441.179931640625, 5%=-3412.89990234375, 10%=-3368.800048828125, 25%=-3298.5, 50%=-3233.5, 75%=-3141.75, 90%=-3082.5, 95%=-3049.800048828125, 98%=-2995.739990234375
ranking_best_algo: RLSOnePlusOne
ranking_best_score: 3316.5199999999995
ranking_my_rank: 43/504 (91.7%)
ranking_my_percent: 91.66666666666667
