ConfigName: kjsd__advperagentrankweighted__M5__L10__eps0p01__g0p003__ds0p05__dm0p2
Problem: NK
Kernel: jsd
Advantage: peragentrankweighted
M: 5
lambda: 10
epsilon_svgd: 0.01
gamma: 0.003
decay_start_ratio: 0.05
decay_min_factor: 0.2
bandwith_kernel: None
no_interact: False
avg_score: 0.7033658027648926
median_score: 0.7054072022438049
std_score: 0.011822923086583614
percentiles: 2%=0.6846849322319031, 5%=0.6850488781929016, 10%=0.6880640387535095, 25%=0.6919510960578918, 50%=0.7054072022438049, 75%=0.7134383916854858, 90%=0.7168624401092529, 95%=0.7204031348228455, 98%=0.7225361466407776
ranking_best_algo: PBIL
ranking_best_score: 0.7013553837109374
ranking_my_rank: 1/504 (100.0%)
ranking_my_percent: 100.0
