ConfigName: kjsd__advperagentrankweighted__M4__L20__eps0p005__g0p001__ds0p1__dm0p2
Problem: NK
Kernel: jsd
Advantage: peragentrankweighted
M: 4
lambda: 20
epsilon_svgd: 0.005
gamma: 0.001
decay_start_ratio: 0.1
decay_min_factor: 0.2
bandwith_kernel: None
no_interact: False
avg_score: 0.6904283165931702
median_score: 0.6887467503547668
std_score: 0.020370902493596077
percentiles: 2%=0.6548269391059875, 5%=0.6631981730461121, 10%=0.6661791801452637, 25%=0.6747226715087891, 50%=0.6887467503547668, 75%=0.7039893865585327, 90%=0.7186957001686096, 95%=0.7238314747810364, 98%=0.7360478043556213
ranking_best_algo: Tabu
ranking_best_score: 0.7429702712499999
ranking_my_rank: 245/504 (51.6%)
ranking_my_percent: 51.58730158730159
