ConfigName: kjsd__advperagentrankweighted__M4__L10__eps0p03__g0p0003__ds0p05__dm0p05
Problem: QUBO
Kernel: jsd
Advantage: peragentrankweighted
M: 4
lambda: 10
epsilon_svgd: 0.03
gamma: 0.0003
decay_start_ratio: 0.05
decay_min_factor: 0.05
bandwith_kernel: None
no_interact: False
avg_score: -855.3200073242188
median_score: -843.0
std_score: 62.973941802978516
percentiles: 2%=-994.0800170898438, 5%=-979.1500244140625, 10%=-940.5, 25%=-894.5, 50%=-843.0, 75%=-814.5, 90%=-780.5999755859375, 95%=-764.0, 98%=-754.7999877929688
ranking_best_algo: CMAL3
ranking_best_score: 928.5800000000002
ranking_my_rank: 205/504 (59.5%)
ranking_my_percent: 59.523809523809526
