ConfigName: krbf__advnormalizedfitness__M4__L15__eps0p015__g0p007__ds0p01__dm0p01
Problem: QUBO
Kernel: rbf
Advantage: normalizedfitness
M: 4
lambda: 15
epsilon_svgd: 0.015
gamma: 0.007
decay_start_ratio: 0.01
decay_min_factor: 0.01
bandwith_kernel: None
no_interact: False
avg_score: -409.6000061035156
median_score: -409.0
std_score: 29.968650817871094
percentiles: 2%=-471.0, 5%=-461.0, 10%=-447.3999938964844, 25%=-428.25, 50%=-409.0, 75%=-390.75, 90%=-377.5, 95%=-358.70001220703125, 98%=-345.77996826171875
ranking_best_algo: CMAL3
ranking_best_score: 435.36
ranking_my_rank: 174/504 (65.7%)
ranking_my_percent: 65.67460317460318
