ConfigName: krbf__advnormalizedfitness__M3__L8__eps0p033__g0p005__ds0p15__dm0p3
Problem: QUBO
Kernel: rbf
Advantage: normalizedfitness
M: 3
lambda: 8
epsilon_svgd: 0.033
gamma: 0.005
decay_start_ratio: 0.15
decay_min_factor: 0.3
bandwith_kernel: None
no_interact: False
avg_score: -1273.280029296875
median_score: -1268.5
std_score: 62.735172271728516
percentiles: 2%=-1399.43994140625, 5%=-1389.0, 10%=-1364.300048828125, 25%=-1308.25, 50%=-1268.5, 75%=-1237.25, 90%=-1199.5999755859375, 95%=-1166.7000732421875, 98%=-1146.8800048828125
ranking_best_algo: BigLognormalDiscreteOnePlusOne
ranking_best_score: 1301.3600000000004
ranking_my_rank: 45/504 (91.3%)
ranking_my_percent: 91.26984126984127
