ConfigName: krbf__advnormalizedfitness__M4__L8__eps0p033__g0p01__ds0p15__dm0p3
Problem: QUBO
Kernel: rbf
Advantage: normalizedfitness
M: 4
lambda: 8
epsilon_svgd: 0.033
gamma: 0.01
decay_start_ratio: 0.15
decay_min_factor: 0.3
bandwith_kernel: None
no_interact: False
avg_score: -307.9599914550781
median_score: -302.0
std_score: 38.37914276123047
percentiles: 2%=-396.0400085449219, 5%=-386.1000061035156, 10%=-359.79998779296875, 25%=-332.5, 50%=-302.0, 75%=-274.0, 90%=-265.79998779296875, 95%=-262.8500061035156, 98%=-250.9399871826172
ranking_best_algo: CMApara
ranking_best_score: 319.29999999999995
ranking_my_rank: 91/504 (82.1%)
ranking_my_percent: 82.14285714285714
