ConfigName: kjsd__advperagentrankweighted__M3__L16__eps0p005__g0p001__ds0p1__dm0p05
Problem: QUBO
Kernel: jsd
Advantage: peragentrankweighted
M: 3
lambda: 16
epsilon_svgd: 0.005
gamma: 0.001
decay_start_ratio: 0.1
decay_min_factor: 0.05
bandwith_kernel: None
no_interact: False
avg_score: -413.8599853515625
median_score: -414.5
std_score: 27.888715744018555
percentiles: 2%=-473.239990234375, 5%=-454.75, 10%=-448.1000061035156, 25%=-430.0, 50%=-414.5, 75%=-396.75, 90%=-374.0, 95%=-368.0, 98%=-357.9599914550781
ranking_best_algo: Tabu
ranking_best_score: 438.12
ranking_my_rank: 57/504 (88.9%)
ranking_my_percent: 88.88888888888889
