ConfigName: krbf__advnormalizedfitness__M4__L12__eps0p025__g0p005__ds0p3__dm0p01
Problem: QUBO
Kernel: rbf
Advantage: normalizedfitness
M: 4
lambda: 12
epsilon_svgd: 0.025
gamma: 0.005
decay_start_ratio: 0.3
decay_min_factor: 0.01
bandwith_kernel: None
no_interact: False
avg_score: -427.82000732421875
median_score: -428.0
std_score: 27.19057846069336
percentiles: 2%=-481.0, 5%=-477.0, 10%=-469.0, 25%=-443.25, 50%=-428.0, 75%=-409.75, 90%=-394.8999938964844, 95%=-379.95001220703125, 98%=-374.91998291015625
ranking_best_algo: CMAL3
ranking_best_score: 435.36
ranking_my_rank: 17/504 (96.8%)
ranking_my_percent: 96.82539682539682
