ConfigName: kjsd__advperagentrankweighted__M3__L16__eps0p007__g0p0005__ds0p2__dm0p2
Problem: QUBO
Kernel: jsd
Advantage: peragentrankweighted
M: 3
lambda: 16
epsilon_svgd: 0.007
gamma: 0.0005
decay_start_ratio: 0.2
decay_min_factor: 0.2
bandwith_kernel: None
no_interact: False
avg_score: -425.8999938964844
median_score: -427.0
std_score: 27.056055068969727
percentiles: 2%=-481.0400085449219, 5%=-473.1000061035156, 10%=-467.20001220703125, 25%=-441.0, 50%=-427.0, 75%=-408.75, 90%=-392.79998779296875, 95%=-384.8999938964844, 98%=-370.5799865722656
ranking_best_algo: CMAL3
ranking_best_score: 435.36
ranking_my_rank: 24/504 (95.4%)
ranking_my_percent: 95.43650793650794
