ConfigName: krbf__advnormalizedfitness__M3__L12__eps0p033__g0p005__ds0p15__dm0p01
Problem: NK
Kernel: rbf
Advantage: normalizedfitness
M: 3
lambda: 12
epsilon_svgd: 0.033
gamma: 0.005
decay_start_ratio: 0.15
decay_min_factor: 0.01
bandwith_kernel: None
no_interact: False
avg_score: 0.7415092587471008
median_score: 0.7422432899475098
std_score: 0.013450819998979568
percentiles: 2%=0.713360607624054, 5%=0.7168392539024353, 10%=0.7244512438774109, 25%=0.7335394620895386, 50%=0.7422432899475098, 75%=0.7506990432739258, 90%=0.757972002029419, 95%=0.7649815678596497, 98%=0.7685255408287048
ranking_best_algo: Tabu
ranking_best_score: 0.7601875690625
ranking_my_rank: 12/504 (97.8%)
ranking_my_percent: 97.81746031746032
