ConfigName: kjsd__advperagentrankweighted__M3__L20__eps0p01__g0p0005__ds0p2__dm0p1
Problem: NK
Kernel: jsd
Advantage: peragentrankweighted
M: 3
lambda: 20
epsilon_svgd: 0.01
gamma: 0.0005
decay_start_ratio: 0.2
decay_min_factor: 0.1
bandwith_kernel: None
no_interact: False
avg_score: 0.7061108946800232
median_score: 0.7091126441955566
std_score: 0.011772744357585907
percentiles: 2%=0.6881651878356934, 5%=0.6887702345848083, 10%=0.6904641389846802, 25%=0.6939651966094971, 50%=0.7091126441955566, 75%=0.715987503528595, 90%=0.7212663888931274, 95%=0.7224801182746887, 98%=0.7240011096000671
ranking_best_algo: PBIL
ranking_best_score: 0.7013553837109374
ranking_my_rank: 1/504 (100.0%)
ranking_my_percent: 100.0
