ConfigName: kjsd__advperagentrankweighted__M3__L16__eps0p01__g0p003__ds0p1__dm0p1
Problem: QUBO
Kernel: jsd
Advantage: peragentrankweighted
M: 3
lambda: 16
epsilon_svgd: 0.01
gamma: 0.003
decay_start_ratio: 0.1
decay_min_factor: 0.1
bandwith_kernel: None
no_interact: False
avg_score: -146.8800048828125
median_score: -145.5
std_score: 13.462005615234375
percentiles: 2%=-179.0, 5%=-179.0, 10%=-164.0, 25%=-155.0, 50%=-145.5, 75%=-137.0, 90%=-131.0, 95%=-127.0, 98%=-124.91999816894531
ranking_best_algo: CMApara
ranking_best_score: 154.28
ranking_my_rank: 109/504 (78.6%)
ranking_my_percent: 78.57142857142857
