ConfigName: kjsd__advperagentrankweighted__M3__L24__eps0p007__g0p001__ds0p1__dm0p05
Problem: QUBO
Kernel: jsd
Advantage: peragentrankweighted
M: 3
lambda: 24
epsilon_svgd: 0.007
gamma: 0.001
decay_start_ratio: 0.1
decay_min_factor: 0.05
bandwith_kernel: None
no_interact: False
avg_score: -328.82000732421875
median_score: -334.0
std_score: 23.39503288269043
percentiles: 2%=-372.0, 5%=-357.20001220703125, 10%=-354.0, 25%=-343.5, 50%=-334.0, 75%=-317.5, 90%=-292.0, 95%=-286.8500061035156, 98%=-279.79998779296875
ranking_best_algo: CMApara
ranking_best_score: 344.22
ranking_my_rank: 83/504 (83.7%)
ranking_my_percent: 83.73015873015873
