ConfigName: kjsd__advperagentrankweighted__M3__L16__eps0p007__g0p0007__ds0p1__dm0p2
Problem: QUBO
Kernel: jsd
Advantage: peragentrankweighted
M: 3
lambda: 16
epsilon_svgd: 0.007
gamma: 0.0007
decay_start_ratio: 0.1
decay_min_factor: 0.2
bandwith_kernel: None
no_interact: False
avg_score: -2599.820068359375
median_score: -2594.5
std_score: 114.84654235839844
percentiles: 2%=-2794.300048828125, 5%=-2782.300048828125, 10%=-2747.10009765625, 25%=-2694.5, 50%=-2594.5, 75%=-2505.75, 90%=-2444.89990234375, 95%=-2427.699951171875, 98%=-2381.919921875
ranking_best_algo: SVM1MetaModelLogNormal
ranking_best_score: 2605.14
ranking_my_rank: 2/504 (99.8%)
ranking_my_percent: 99.8015873015873
