ConfigName: kfr__advglobalrankweighted__M6__L11__eps0p015__g0p007__ds0p01__dm0p01
Problem: QUBO
Kernel: fr
Advantage: globalrankweighted
M: 6
lambda: 11
epsilon_svgd: 0.015
gamma: 0.007
decay_start_ratio: 0.01
decay_min_factor: 0.01
bandwith_kernel: None
no_interact: False
avg_score: -407.5400085449219
median_score: -410.0
std_score: 26.608049392700195
percentiles: 2%=-467.0799865722656, 5%=-455.0, 10%=-442.0, 25%=-425.25, 50%=-410.0, 75%=-386.0, 90%=-376.0, 95%=-367.9000244140625, 98%=-355.9599914550781
ranking_best_algo: Tabu
ranking_best_score: 438.12
ranking_my_rank: 158/504 (68.8%)
ranking_my_percent: 68.84920634920636
