ConfigName: kjsd__advperagentrankweighted__M3__L16__eps0p007__g0p001__ds0p2__dm0p1
Problem: QUBO
Kernel: jsd
Advantage: peragentrankweighted
M: 3
lambda: 16
epsilon_svgd: 0.007
gamma: 0.001
decay_start_ratio: 0.2
decay_min_factor: 0.1
bandwith_kernel: None
no_interact: False
avg_score: -199.60000610351562
median_score: -199.0
std_score: 13.352153778076172
percentiles: 2%=-224.0, 5%=-224.0, 10%=-217.1999969482422, 25%=-209.0, 50%=-199.0, 75%=-189.0, 90%=-182.6999969482422, 95%=-178.0, 98%=-172.9600067138672
ranking_best_algo: Tabu
ranking_best_score: 208.36000000000004
ranking_my_rank: 68/504 (86.7%)
ranking_my_percent: 86.7063492063492
