ConfigName: krbf__advnormalizedfitness__M4__L12__eps0p033__g0p015__ds0p3__dm0p3
Problem: QUBO
Kernel: rbf
Advantage: normalizedfitness
M: 4
lambda: 12
epsilon_svgd: 0.033
gamma: 0.015
decay_start_ratio: 0.3
decay_min_factor: 0.3
bandwith_kernel: None
no_interact: False
avg_score: -764.4199829101562
median_score: -767.5
std_score: 72.82254791259766
percentiles: 2%=-921.02001953125, 5%=-882.4500122070312, 10%=-857.2000122070312, 25%=-816.0, 50%=-767.5, 75%=-712.5, 90%=-666.7000122070312, 95%=-650.800048828125, 98%=-632.9400024414062
ranking_best_algo: SVMMetaModelLogNormal
ranking_best_score: 1233.7999999999997
ranking_my_rank: 328/504 (35.1%)
ranking_my_percent: 35.11904761904762
