ConfigName: kfr__advglobalrankweighted__M5__L10__eps0p015__g0p003__ds0p01__dm0p01
Problem: QUBO
Kernel: fr
Advantage: globalrankweighted
M: 5
lambda: 10
epsilon_svgd: 0.015
gamma: 0.003
decay_start_ratio: 0.01
decay_min_factor: 0.01
bandwith_kernel: None
no_interact: False
avg_score: -310.739990234375
median_score: -310.0
std_score: 38.77747344970703
percentiles: 2%=-398.0, 5%=-382.6000061035156, 10%=-355.5999755859375, 25%=-336.0, 50%=-310.0, 75%=-277.5, 90%=-267.8999938964844, 95%=-261.95001220703125, 98%=-253.63992309570312
ranking_best_algo: CMApara
ranking_best_score: 319.29999999999995
ranking_my_rank: 40/504 (92.3%)
ranking_my_percent: 92.26190476190476
