ConfigName: kjsd__advperagentrankweighted__M3__L16__eps0p01__g0p001__ds0p1__dm0p1
Problem: QUBO
Kernel: jsd
Advantage: peragentrankweighted
M: 3
lambda: 16
epsilon_svgd: 0.01
gamma: 0.001
decay_start_ratio: 0.1
decay_min_factor: 0.1
bandwith_kernel: None
no_interact: False
avg_score: -327.4599914550781
median_score: -328.0
std_score: 24.082948684692383
percentiles: 2%=-372.0, 5%=-372.0, 10%=-354.0, 25%=-342.25, 50%=-328.0, 75%=-313.0, 90%=-296.0, 95%=-291.79998779296875, 98%=-281.9599914550781
ranking_best_algo: CMApara
ranking_best_score: 344.22
ranking_my_rank: 86/504 (83.1%)
ranking_my_percent: 83.13492063492063
