ConfigName: krbf__advnormalizedfitness__M3__L10__eps0p033__g0p007__ds0p3__dm0p01
Problem: QUBO
Kernel: rbf
Advantage: normalizedfitness
M: 3
lambda: 10
epsilon_svgd: 0.033
gamma: 0.007
decay_start_ratio: 0.3
decay_min_factor: 0.01
bandwith_kernel: None
no_interact: False
avg_score: -147.0
median_score: -146.0
std_score: 12.54272747039795
percentiles: 2%=-179.0, 5%=-179.0, 10%=-158.0, 25%=-155.0, 50%=-146.0, 75%=-139.0, 90%=-133.89999389648438, 95%=-127.95000457763672, 98%=-124.95999145507812
ranking_best_algo: CMApara
ranking_best_score: 154.28
ranking_my_rank: 101/504 (80.2%)
ranking_my_percent: 80.15873015873017
