ConfigName: kjsd__advperagentrankweighted__M3__L16__eps0p01__g0p0007__ds0p1__dm0p1
Problem: NK
Kernel: jsd
Advantage: peragentrankweighted
M: 3
lambda: 16
epsilon_svgd: 0.01
gamma: 0.0007
decay_start_ratio: 0.1
decay_min_factor: 0.1
bandwith_kernel: None
no_interact: False
avg_score: 0.7310793995857239
median_score: 0.7313451170921326
std_score: 0.008834469132125378
percentiles: 2%=0.7159530520439148, 5%=0.7172486186027527, 10%=0.7189478278160095, 25%=0.7254847884178162, 50%=0.7313451170921326, 75%=0.7373639941215515, 90%=0.7415174841880798, 95%=0.746400773525238, 98%=0.7479026913642883
ranking_best_algo: Tabu
ranking_best_score: 0.7429702712499999
ranking_my_rank: 2/504 (99.8%)
ranking_my_percent: 99.8015873015873
