ConfigName: kjsd__advperagentrankweighted__M5__L8__eps0p02__g0p0005__ds0p2__dm0p05
Problem: QUBO
Kernel: jsd
Advantage: peragentrankweighted
M: 5
lambda: 8
epsilon_svgd: 0.02
gamma: 0.0005
decay_start_ratio: 0.2
decay_min_factor: 0.05
bandwith_kernel: None
no_interact: False
avg_score: -900.0399780273438
median_score: -900.0
std_score: 60.55162048339844
percentiles: 2%=-1016.4000244140625, 5%=-999.0499877929688, 10%=-979.0, 25%=-945.25, 50%=-900.0, 75%=-861.0, 90%=-814.9000244140625, 95%=-806.5, 98%=-792.8800048828125
ranking_best_algo: CMAL3
ranking_best_score: 928.5800000000002
ranking_my_rank: 70/504 (86.3%)
ranking_my_percent: 86.30952380952381
