ConfigName: krbf__advnormalizedfitness__M2__L8__eps0p025__g0p01__ds0p01__dm0p01
Problem: QUBO
Kernel: rbf
Advantage: normalizedfitness
M: 2
lambda: 8
epsilon_svgd: 0.025
gamma: 0.01
decay_start_ratio: 0.01
decay_min_factor: 0.01
bandwith_kernel: None
no_interact: False
avg_score: -2577.179931640625
median_score: -2564.0
std_score: 118.38111114501953
percentiles: 2%=-2851.1201171875, 5%=-2782.14990234375, 10%=-2751.39990234375, 25%=-2643.75, 50%=-2564.0, 75%=-2505.5, 90%=-2435.800048828125, 95%=-2421.300048828125, 98%=-2364.580078125
ranking_best_algo: SVM1MetaModelLogNormal
ranking_best_score: 2605.14
ranking_my_rank: 14/504 (97.4%)
ranking_my_percent: 97.42063492063492
