ConfigName: krbf__advnormalizedfitness__M3__L8__eps0p015__g0p005__ds0p15__dm0p01
Problem: QUBO
Kernel: rbf
Advantage: normalizedfitness
M: 3
lambda: 8
epsilon_svgd: 0.015
gamma: 0.005
decay_start_ratio: 0.15
decay_min_factor: 0.01
bandwith_kernel: None
no_interact: False
avg_score: -927.4000244140625
median_score: -920.0
std_score: 67.11259460449219
percentiles: 2%=-1057.0999755859375, 5%=-1043.449951171875, 10%=-1024.199951171875, 25%=-971.25, 50%=-920.0, 75%=-872.25, 90%=-846.5999755859375, 95%=-833.0, 98%=-823.7799682617188
ranking_best_algo: CMApara
ranking_best_score: 964.9
ranking_my_rank: 21/504 (96.0%)
ranking_my_percent: 96.03174603174604
