ConfigName: kjsd__advperagentrankweighted__M3__L18__eps0p007__g0p001__ds0p1__dm0p05
Problem: QUBO
Kernel: jsd
Advantage: peragentrankweighted
M: 3
lambda: 18
epsilon_svgd: 0.007
gamma: 0.001
decay_start_ratio: 0.1
decay_min_factor: 0.05
bandwith_kernel: None
no_interact: False
avg_score: -1197.06005859375
median_score: -1195.5
std_score: 56.806129455566406
percentiles: 2%=-1337.280029296875, 5%=-1289.449951171875, 10%=-1262.300048828125, 25%=-1233.0, 50%=-1195.5, 75%=-1161.0, 90%=-1127.9000244140625, 95%=-1110.0, 98%=-1101.6400146484375
ranking_best_algo: Tabu
ranking_best_score: 1216.16
ranking_my_rank: 46/504 (91.1%)
ranking_my_percent: 91.07142857142857
