ConfigName: kjsd__advperagentrankweighted__M2__L20__eps0p005__g0p0005__ds0p05__dm0p2
Problem: NK
Kernel: jsd
Advantage: peragentrankweighted
M: 2
lambda: 20
epsilon_svgd: 0.005
gamma: 0.0005
decay_start_ratio: 0.05
decay_min_factor: 0.2
bandwith_kernel: None
no_interact: False
avg_score: 0.7342216372489929
median_score: 0.73368239402771
std_score: 0.016036631539463997
percentiles: 2%=0.6993326544761658, 5%=0.7066212296485901, 10%=0.7143762111663818, 25%=0.7245621085166931, 50%=0.73368239402771, 75%=0.7436044216156006, 90%=0.7551642060279846, 95%=0.7595070004463196, 98%=0.7678945064544678
ranking_best_algo: Tabu
ranking_best_score: 0.7601875690625
ranking_my_rank: 32/504 (93.8%)
ranking_my_percent: 93.84920634920636
