ConfigName: kfr__advglobalrankweighted__M6__L10__eps0p015__g0p007__ds0p01__dm0p01
Problem: QUBO
Kernel: fr
Advantage: globalrankweighted
M: 6
lambda: 10
epsilon_svgd: 0.015
gamma: 0.007
decay_start_ratio: 0.01
decay_min_factor: 0.01
bandwith_kernel: None
no_interact: False
avg_score: -1095.5999755859375
median_score: -1092.0
std_score: 73.44780731201172
percentiles: 2%=-1237.0799560546875, 5%=-1227.300048828125, 10%=-1192.0999755859375, 25%=-1136.0, 50%=-1092.0, 75%=-1041.0, 90%=-1005.9000244140625, 95%=-996.1500854492188, 98%=-947.7399291992188
ranking_best_algo: Tabu
ranking_best_score: 1216.16
ranking_my_rank: 208/504 (58.9%)
ranking_my_percent: 58.92857142857143
