ConfigName: kjsd__advperagentrankweighted__M4__L20__eps0p005__g0p0005__ds0p05__dm0p2
Problem: NK
Kernel: jsd
Advantage: peragentrankweighted
M: 4
lambda: 20
epsilon_svgd: 0.005
gamma: 0.0005
decay_start_ratio: 0.05
decay_min_factor: 0.2
bandwith_kernel: None
no_interact: False
avg_score: 0.7440125346183777
median_score: 0.7413811087608337
std_score: 0.027975982055068016
percentiles: 2%=0.699627161026001, 5%=0.7084398865699768, 10%=0.7121872305870056, 25%=0.7186790704727173, 50%=0.7413811087608337, 75%=0.7580187320709229, 90%=0.7783373594284058, 95%=0.8044298887252808, 98%=0.8045602440834045
ranking_best_algo: CMApara
ranking_best_score: 0.7459277895312499
ranking_my_rank: 6/504 (99.0%)
ranking_my_percent: 99.0079365079365
