ConfigName: kjsd__advperagentrankweighted__M4__L24__eps0p008__g0p0005__ds0p05__dm0p05
Problem: QUBO
Kernel: jsd
Advantage: peragentrankweighted
M: 4
lambda: 24
epsilon_svgd: 0.008
gamma: 0.0005
decay_start_ratio: 0.05
decay_min_factor: 0.05
bandwith_kernel: None
no_interact: False
avg_score: -1317.300048828125
median_score: -1311.5
std_score: 58.991947174072266
percentiles: 2%=-1441.02001953125, 5%=-1415.0999755859375, 10%=-1398.5, 25%=-1365.5, 50%=-1311.5, 75%=-1273.0, 90%=-1244.800048828125, 95%=-1234.949951171875, 98%=-1229.780029296875
ranking_best_algo: BigLognormalDiscreteOnePlusOne
ranking_best_score: 1301.3600000000004
ranking_my_rank: 1/504 (100.0%)
ranking_my_percent: 100.0
