ConfigName: krbf__advnormalizedfitness__M4__L12__eps0p033__g0p007__ds0p3__dm0p01
Problem: QUBO
Kernel: rbf
Advantage: normalizedfitness
M: 4
lambda: 12
epsilon_svgd: 0.033
gamma: 0.007
decay_start_ratio: 0.3
decay_min_factor: 0.01
bandwith_kernel: None
no_interact: False
avg_score: -442.29998779296875
median_score: -443.0
std_score: 26.250904083251953
percentiles: 2%=-489.05999755859375, 5%=-483.20001220703125, 10%=-473.3999938964844, 25%=-464.0, 50%=-443.0, 75%=-423.75, 90%=-407.79998779296875, 95%=-396.0, 98%=-394.89996337890625
ranking_best_algo: CMApara
ranking_best_score: 453.82
ranking_my_rank: 9/504 (98.4%)
ranking_my_percent: 98.41269841269842
