ConfigName: krbf__advnormalizedfitness__M4__L15__eps0p015__g0p005__ds0p3__dm0p01
Problem: QUBO
Kernel: rbf
Advantage: normalizedfitness
M: 4
lambda: 15
epsilon_svgd: 0.015
gamma: 0.005
decay_start_ratio: 0.3
decay_min_factor: 0.01
bandwith_kernel: None
no_interact: False
avg_score: -308.3599853515625
median_score: -312.0
std_score: 37.64771270751953
percentiles: 2%=-388.0799865722656, 5%=-384.20001220703125, 10%=-359.1999816894531, 25%=-332.0, 50%=-312.0, 75%=-272.0, 90%=-268.0, 95%=-263.8000183105469, 98%=-257.7999572753906
ranking_best_algo: CMApara
ranking_best_score: 319.29999999999995
ranking_my_rank: 89/504 (82.5%)
ranking_my_percent: 82.53968253968254
