ConfigName: kjsd__advperagentrankweighted__M3__L20__eps0p007__g0p0007__ds0p05__dm0p2
Problem: QUBO
Kernel: jsd
Advantage: peragentrankweighted
M: 3
lambda: 20
epsilon_svgd: 0.007
gamma: 0.0007
decay_start_ratio: 0.05
decay_min_factor: 0.2
bandwith_kernel: None
no_interact: False
avg_score: -912.6400146484375
median_score: -903.5
std_score: 67.24708557128906
percentiles: 2%=-1040.3199462890625, 5%=-1032.0, 10%=-1001.4000244140625, 25%=-958.75, 50%=-903.5, 75%=-862.75, 90%=-838.0, 95%=-805.9500122070312, 98%=-772.8599853515625
ranking_best_algo: CMAL3
ranking_best_score: 928.5800000000002
ranking_my_rank: 19/504 (96.4%)
ranking_my_percent: 96.42857142857143
