ConfigName: krbf__advnormalizedfitness__M4__L15__eps0p015__g0p007__ds0p3__dm0p01
Problem: QUBO
Kernel: rbf
Advantage: normalizedfitness
M: 4
lambda: 15
epsilon_svgd: 0.015
gamma: 0.007
decay_start_ratio: 0.3
decay_min_factor: 0.01
bandwith_kernel: None
no_interact: False
avg_score: -2000.43994140625
median_score: -1980.5
std_score: 223.436279296875
percentiles: 2%=-2590.3798828125, 5%=-2370.75, 10%=-2284.300048828125, 25%=-2115.0, 50%=-1980.5, 75%=-1865.5, 90%=-1731.9000244140625, 95%=-1676.4000244140625, 98%=-1629.5799560546875
ranking_best_algo: RLSOnePlusOne
ranking_best_score: 3316.5199999999995
ranking_my_rank: 323/504 (36.1%)
ranking_my_percent: 36.111111111111114
