ConfigName: krbf__advnormalizedfitness__M3__L12__eps0p033__g0p015__ds0p15__dm0p01
Problem: QUBO
Kernel: rbf
Advantage: normalizedfitness
M: 3
lambda: 12
epsilon_svgd: 0.033
gamma: 0.015
decay_start_ratio: 0.15
decay_min_factor: 0.01
bandwith_kernel: None
no_interact: False
avg_score: -889.6400146484375
median_score: -883.5
std_score: 70.01150512695312
percentiles: 2%=-1018.0800170898438, 5%=-994.3499755859375, 10%=-981.2000122070312, 25%=-950.25, 50%=-883.5, 75%=-840.5, 90%=-792.2999877929688, 95%=-781.9000244140625, 98%=-776.8999633789062
ranking_best_algo: CMAL3
ranking_best_score: 928.5800000000002
ranking_my_rank: 100/504 (80.4%)
ranking_my_percent: 80.35714285714286
