ConfigName: kjsd__advperagentrankweighted__M5__L8__eps0p01__g0p0005__ds0p4__dm0p2
Problem: NK
Kernel: jsd
Advantage: peragentrankweighted
M: 5
lambda: 8
epsilon_svgd: 0.01
gamma: 0.0005
decay_start_ratio: 0.4
decay_min_factor: 0.2
bandwith_kernel: None
no_interact: False
avg_score: 0.7107807397842407
median_score: 0.6953628063201904
std_score: 0.03164839372038841
percentiles: 2%=0.6725713014602661, 5%=0.6742256879806519, 10%=0.6761852502822876, 25%=0.6823291182518005, 50%=0.6953628063201904, 75%=0.7468891739845276, 90%=0.7525737285614014, 95%=0.7613165378570557, 98%=0.7613165378570557
ranking_best_algo: CMApara
ranking_best_score: 0.7118996098437498
ranking_my_rank: 11/504 (98.0%)
ranking_my_percent: 98.01587301587301
