ConfigName: kjsd__advperagentrankweighted__M3__L20__eps0p01__g0p0005__ds0p05__dm0p05
Problem: QUBO
Kernel: jsd
Advantage: peragentrankweighted
M: 3
lambda: 20
epsilon_svgd: 0.01
gamma: 0.0005
decay_start_ratio: 0.05
decay_min_factor: 0.05
bandwith_kernel: None
no_interact: False
avg_score: -1621.4599609375
median_score: -1619.0
std_score: 56.45819854736328
percentiles: 2%=-1770.0799560546875, 5%=-1717.0999755859375, 10%=-1694.5999755859375, 25%=-1657.25, 50%=-1619.0, 75%=-1582.5, 90%=-1554.5999755859375, 95%=-1536.9000244140625, 98%=-1533.0
ranking_best_algo: NLOPT_LN_PRAXIS
ranking_best_score: 1607.12
ranking_my_rank: 1/504 (100.0%)
ranking_my_percent: 100.0
