ConfigName: kjsd__advperagentrankweighted__M4__L10__eps0p005__g0p0003__ds0p05__dm0p05
Problem: NK
Kernel: jsd
Advantage: peragentrankweighted
M: 4
lambda: 10
epsilon_svgd: 0.005
gamma: 0.0003
decay_start_ratio: 0.05
decay_min_factor: 0.05
bandwith_kernel: None
no_interact: False
avg_score: 0.7349697947502136
median_score: 0.7338160276412964
std_score: 0.013446495868265629
percentiles: 2%=0.7118442058563232, 5%=0.7133294343948364, 10%=0.7159380316734314, 25%=0.726669192314148, 50%=0.7338160276412964, 75%=0.7444277405738831, 90%=0.7538349628448486, 95%=0.758906364440918, 98%=0.7604077458381653
ranking_best_algo: Tabu
ranking_best_score: 0.7601875690625
ranking_my_rank: 28/504 (94.6%)
ranking_my_percent: 94.64285714285714
