ConfigName: kjsd__advperagentrankweighted__M3__L18__eps0p007__g0p003__ds0p05__dm0p05
Problem: NK
Kernel: jsd
Advantage: peragentrankweighted
M: 3
lambda: 18
epsilon_svgd: 0.007
gamma: 0.003
decay_start_ratio: 0.05
decay_min_factor: 0.05
bandwith_kernel: None
no_interact: False
avg_score: 0.6567511558532715
median_score: 0.6530901789665222
std_score: 0.018987564370036125
percentiles: 2%=0.6297203302383423, 5%=0.6323766112327576, 10%=0.6352793574333191, 25%=0.6427686214447021, 50%=0.6530901789665222, 75%=0.6674623489379883, 90%=0.6866345405578613, 95%=0.6920943260192871, 98%=0.7042869925498962
ranking_best_algo: PBIL
ranking_best_score: 0.7170882103515624
ranking_my_rank: 236/504 (53.4%)
ranking_my_percent: 53.37301587301587
