ConfigName: krbf__advnormalizedfitness__M4__L8__eps0p025__g0p01__ds0p3__dm0p01
Problem: NK
Kernel: rbf
Advantage: normalizedfitness
M: 4
lambda: 8
epsilon_svgd: 0.025
gamma: 0.01
decay_start_ratio: 0.3
decay_min_factor: 0.01
bandwith_kernel: None
no_interact: False
avg_score: 0.7453409433364868
median_score: 0.7423104643821716
std_score: 0.02765670232474804
percentiles: 2%=0.7053621411323547, 5%=0.7058013677597046, 10%=0.7106521129608154, 25%=0.7216469049453735, 50%=0.7423104643821716, 75%=0.7585474252700806, 90%=0.778337299823761, 95%=0.8044298887252808, 98%=0.804911732673645
ranking_best_algo: CMApara
ranking_best_score: 0.7459277895312499
ranking_my_rank: 2/504 (99.8%)
ranking_my_percent: 99.8015873015873
