ConfigName: kjsd__advperagentrankweighted__M3__L16__eps0p005__g0p0005__ds0p1__dm0p2
Problem: NK
Kernel: jsd
Advantage: peragentrankweighted
M: 3
lambda: 16
epsilon_svgd: 0.005
gamma: 0.0005
decay_start_ratio: 0.1
decay_min_factor: 0.2
bandwith_kernel: None
no_interact: False
avg_score: 0.7341015338897705
median_score: 0.7342625856399536
std_score: 0.010651652701199055
percentiles: 2%=0.7151272296905518, 5%=0.7186011075973511, 10%=0.7201229929924011, 25%=0.7259098291397095, 50%=0.7342625856399536, 75%=0.7414278388023376, 90%=0.7483591437339783, 95%=0.7512510418891907, 98%=0.7540304064750671
ranking_best_algo: Tabu
ranking_best_score: 0.7429702712499999
ranking_my_rank: 2/504 (99.8%)
ranking_my_percent: 99.8015873015873
