ConfigName: krbf__advnormalizedfitness__M4__L8__eps0p033__g0p015__ds0p01__dm0p3
Problem: QUBO
Kernel: rbf
Advantage: normalizedfitness
M: 4
lambda: 8
epsilon_svgd: 0.033
gamma: 0.015
decay_start_ratio: 0.01
decay_min_factor: 0.3
bandwith_kernel: None
no_interact: False
avg_score: -432.3399963378906
median_score: -438.0
std_score: 27.168445587158203
percentiles: 2%=-478.0199890136719, 5%=-470.04998779296875, 10%=-462.1000061035156, 25%=-453.0, 50%=-438.0, 75%=-412.75, 90%=-393.8999938964844, 95%=-378.95001220703125, 98%=-371.97998046875
ranking_best_algo: CMApara
ranking_best_score: 453.82
ranking_my_rank: 74/504 (85.5%)
ranking_my_percent: 85.51587301587301
