ConfigName: krbf__advnormalizedfitness__M3__L10__eps0p025__g0p01__ds0p15__dm0p3
Problem: QUBO
Kernel: rbf
Advantage: normalizedfitness
M: 3
lambda: 10
epsilon_svgd: 0.025
gamma: 0.01
decay_start_ratio: 0.15
decay_min_factor: 0.3
bandwith_kernel: None
no_interact: False
avg_score: -331.94000244140625
median_score: -335.0
std_score: 19.77969741821289
percentiles: 2%=-372.0, 5%=-361.0, 10%=-354.0, 25%=-346.0, 50%=-335.0, 75%=-318.0, 90%=-305.79998779296875, 95%=-297.7500305175781, 98%=-290.0
ranking_best_algo: CMApara
ranking_best_score: 344.22
ranking_my_rank: 76/504 (85.1%)
ranking_my_percent: 85.11904761904762
