ConfigName: kjsd__advperagentrankweighted__M10__L10__eps0p008__g0p0005__ds0p05__dm0p05
Problem: QUBO
Kernel: jsd
Advantage: peragentrankweighted
M: 10
lambda: 10
epsilon_svgd: 0.008
gamma: 0.0005
decay_start_ratio: 0.05
decay_min_factor: 0.05
bandwith_kernel: None
no_interact: False
avg_score: -1191.6199951171875
median_score: -1184.0
std_score: 61.55546569824219
percentiles: 2%=-1333.47998046875, 5%=-1321.0, 10%=-1279.199951171875, 25%=-1222.25, 50%=-1184.0, 75%=-1150.5, 90%=-1118.9000244140625, 95%=-1101.550048828125, 98%=-1089.780029296875
ranking_best_algo: Tabu
ranking_best_score: 1216.16
ranking_my_rank: 50/504 (90.3%)
ranking_my_percent: 90.27777777777777
