ConfigName: kjsd__advperagentrankweighted__M15__L8__eps0p005__g0p0005__ds0p05__dm0p05
Problem: QUBO
Kernel: jsd
Advantage: peragentrankweighted
M: 15
lambda: 8
epsilon_svgd: 0.005
gamma: 0.0005
decay_start_ratio: 0.05
decay_min_factor: 0.05
bandwith_kernel: None
no_interact: False
avg_score: -1984.0999755859375
median_score: -1957.0
std_score: 148.05320739746094
percentiles: 2%=-2260.93994140625, 5%=-2235.050048828125, 10%=-2204.60009765625, 25%=-2077.75, 50%=-1957.0, 75%=-1879.25, 90%=-1811.800048828125, 95%=-1771.9000244140625, 98%=-1727.699951171875
ranking_best_algo: DiscreteLengler2OnePlusOne
ranking_best_score: 2617.04
ranking_my_rank: 281/504 (44.4%)
ranking_my_percent: 44.44444444444444
