ConfigName: kjsd__advperagentrankweighted__M4__L24__eps0p005__g0p0003__ds0p4__dm0p05
Problem: NK
Kernel: jsd
Advantage: peragentrankweighted
M: 4
lambda: 24
epsilon_svgd: 0.005
gamma: 0.0003
decay_start_ratio: 0.4
decay_min_factor: 0.05
bandwith_kernel: None
no_interact: False
avg_score: 0.7443739175796509
median_score: 0.7413926124572754
std_score: 0.02877986803650856
percentiles: 2%=0.6931511163711548, 5%=0.7073725461959839, 10%=0.7126517295837402, 25%=0.7229028940200806, 50%=0.7413926124572754, 75%=0.7580187320709229, 90%=0.7782467603683472, 95%=0.8044298887252808, 98%=0.8109656572341919
ranking_best_algo: CMApara
ranking_best_score: 0.7459277895312499
ranking_my_rank: 4/504 (99.4%)
ranking_my_percent: 99.4047619047619
