ConfigName: kjsd__advperagentrankweighted__M3__L20__eps0p007__g0p001__ds0p1__dm0p2
Problem: QUBO
Kernel: jsd
Advantage: peragentrankweighted
M: 3
lambda: 20
epsilon_svgd: 0.007
gamma: 0.001
decay_start_ratio: 0.1
decay_min_factor: 0.2
bandwith_kernel: None
no_interact: False
avg_score: -1189.0
median_score: -1183.0
std_score: 62.177005767822266
percentiles: 2%=-1351.1600341796875, 5%=-1318.0, 10%=-1262.5, 25%=-1216.25, 50%=-1183.0, 75%=-1149.25, 90%=-1119.5999755859375, 95%=-1101.6500244140625, 98%=-1071.780029296875
ranking_best_algo: Tabu
ranking_best_score: 1216.16
ranking_my_rank: 57/504 (88.9%)
ranking_my_percent: 88.88888888888889
