ConfigName: kjsd__advperagentrankweighted__M3__L18__eps0p007__g0p0005__ds0p2__dm0p2
Problem: QUBO
Kernel: jsd
Advantage: peragentrankweighted
M: 3
lambda: 18
epsilon_svgd: 0.007
gamma: 0.0005
decay_start_ratio: 0.2
decay_min_factor: 0.2
bandwith_kernel: None
no_interact: False
avg_score: -139.27999877929688
median_score: -140.5
std_score: 11.463053703308105
percentiles: 2%=-159.0, 5%=-158.0, 10%=-156.0, 25%=-147.25, 50%=-140.5, 75%=-130.0, 90%=-125.0, 95%=-120.9000015258789, 98%=-113.9800033569336
ranking_best_algo: DiscreteDE
ranking_best_score: 143.4
ranking_my_rank: 86/504 (83.1%)
ranking_my_percent: 83.13492063492063
