ConfigName: krbf__advnormalizedfitness__M2__L11__eps0p02__g0p003__ds0p01__dm0p01
Problem: QUBO
Kernel: rbf
Advantage: normalizedfitness
M: 2
lambda: 11
epsilon_svgd: 0.02
gamma: 0.003
decay_start_ratio: 0.01
decay_min_factor: 0.01
bandwith_kernel: None
no_interact: False
avg_score: -2593.239990234375
median_score: -2585.5
std_score: 133.47906494140625
percentiles: 2%=-2836.139892578125, 5%=-2818.10009765625, 10%=-2785.10009765625, 25%=-2700.5, 50%=-2585.5, 75%=-2494.5, 90%=-2414.39990234375, 95%=-2382.550048828125, 98%=-2367.780029296875
ranking_best_algo: DiscreteLengler2OnePlusOne
ranking_best_score: 2617.04
ranking_my_rank: 38/504 (92.7%)
ranking_my_percent: 92.65873015873017
