ConfigName: kjsd__advperagentrankweighted__M5__L8__eps0p02__g0p0007__ds0p05__dm0p05
Problem: NK
Kernel: jsd
Advantage: peragentrankweighted
M: 5
lambda: 8
epsilon_svgd: 0.02
gamma: 0.0007
decay_start_ratio: 0.05
decay_min_factor: 0.05
bandwith_kernel: None
no_interact: False
avg_score: 0.7111788392066956
median_score: 0.7104440927505493
std_score: 0.006601927801966667
percentiles: 2%=0.7001858353614807, 5%=0.7013612985610962, 10%=0.703400194644928, 25%=0.7069057822227478, 50%=0.7104440927505493, 75%=0.7153992056846619, 90%=0.7199591994285583, 95%=0.7242389917373657, 98%=0.7264933586120605
ranking_best_algo: PBIL
ranking_best_score: 0.7170882103515624
ranking_my_rank: 42/504 (91.9%)
ranking_my_percent: 91.86507936507937
