ConfigName: kfr__advglobalrankweighted__M2__L7__eps0p02__g0p005__ds0p01__dm0p01
Problem: QUBO
Kernel: fr
Advantage: globalrankweighted
M: 2
lambda: 7
epsilon_svgd: 0.02
gamma: 0.005
decay_start_ratio: 0.01
decay_min_factor: 0.01
bandwith_kernel: None
no_interact: False
avg_score: -136.36000061035156
median_score: -138.0
std_score: 12.813679695129395
percentiles: 2%=-159.0, 5%=-157.0500030517578, 10%=-152.0, 25%=-146.0, 50%=-138.0, 75%=-127.0, 90%=-117.0, 95%=-114.0, 98%=-111.0
ranking_best_algo: DiscreteDE
ranking_best_score: 143.4
ranking_my_rank: 214/504 (57.7%)
ranking_my_percent: 57.73809523809524
