ConfigName: kjsd__advperagentrankweighted__M3__L20__eps0p007__g0p0007__ds0p1__dm0p1
Problem: NK
Kernel: jsd
Advantage: peragentrankweighted
M: 3
lambda: 20
epsilon_svgd: 0.007
gamma: 0.0007
decay_start_ratio: 0.1
decay_min_factor: 0.1
bandwith_kernel: None
no_interact: False
avg_score: 0.7333441376686096
median_score: 0.7325869202613831
std_score: 0.010071623139083385
percentiles: 2%=0.714575469493866, 5%=0.7170861959457397, 10%=0.7190104126930237, 25%=0.7268186807632446, 50%=0.7325869202613831, 75%=0.739305317401886, 90%=0.7448114156723022, 95%=0.75010085105896, 98%=0.7556496858596802
ranking_best_algo: Tabu
ranking_best_score: 0.7429702712499999
ranking_my_rank: 2/504 (99.8%)
ranking_my_percent: 99.8015873015873
