ConfigName: krbf__advnormalizedfitness__M2__L10__eps0p015__g0p01__ds0p01__dm0p01
Problem: QUBO
Kernel: rbf
Advantage: normalizedfitness
M: 2
lambda: 10
epsilon_svgd: 0.015
gamma: 0.01
decay_start_ratio: 0.01
decay_min_factor: 0.01
bandwith_kernel: None
no_interact: False
avg_score: -930.6400146484375
median_score: -927.0
std_score: 74.14910888671875
percentiles: 2%=-1072.0400390625, 5%=-1063.0, 10%=-1042.300048828125, 25%=-980.0, 50%=-927.0, 75%=-871.0, 90%=-848.9000244140625, 95%=-820.9000244140625, 98%=-786.6799926757812
ranking_best_algo: CMApara
ranking_best_score: 964.9
ranking_my_rank: 19/504 (96.4%)
ranking_my_percent: 96.42857142857143
