ConfigName: kjsd__advperagentrankweighted__M5__L10__eps0p01__g0p0005__ds0p05__dm0p05
Problem: QUBO
Kernel: jsd
Advantage: peragentrankweighted
M: 5
lambda: 10
epsilon_svgd: 0.01
gamma: 0.0005
decay_start_ratio: 0.05
decay_min_factor: 0.05
bandwith_kernel: None
no_interact: False
avg_score: -418.1199951171875
median_score: -418.0
std_score: 26.498031616210938
percentiles: 2%=-469.0799865722656, 5%=-465.1000061035156, 10%=-454.0, 25%=-436.5, 50%=-418.0, 75%=-399.75, 90%=-385.79998779296875, 95%=-376.0, 98%=-369.760009765625
ranking_best_algo: Tabu
ranking_best_score: 438.12
ranking_my_rank: 40/504 (92.3%)
ranking_my_percent: 92.26190476190476
