ConfigName: kjsd__advperagentrankweighted__M3__L16__eps0p005__g0p0005__ds0p05__dm0p2
Problem: QUBO
Kernel: jsd
Advantage: peragentrankweighted
M: 3
lambda: 16
epsilon_svgd: 0.005
gamma: 0.0005
decay_start_ratio: 0.05
decay_min_factor: 0.2
bandwith_kernel: None
no_interact: False
avg_score: -2631.139892578125
median_score: -2631.0
std_score: 126.05990600585938
percentiles: 2%=-2874.0, 5%=-2825.14990234375, 10%=-2789.5, 25%=-2704.5, 50%=-2631.0, 75%=-2549.75, 90%=-2467.60009765625, 95%=-2407.949951171875, 98%=-2389.580078125
ranking_best_algo: DiscreteLengler2OnePlusOne
ranking_best_score: 2617.04
ranking_my_rank: 1/504 (100.0%)
ranking_my_percent: 100.0
