ConfigName: krbf__advnormalizedfitness__M4__L12__eps0p033__g0p01__ds0p15__dm0p01
Problem: NK
Kernel: rbf
Advantage: normalizedfitness
M: 4
lambda: 12
epsilon_svgd: 0.033
gamma: 0.01
decay_start_ratio: 0.15
decay_min_factor: 0.01
bandwith_kernel: None
no_interact: False
avg_score: 0.7535204291343689
median_score: 0.7555310726165771
std_score: 0.013692142441868782
percentiles: 2%=0.7234039902687073, 5%=0.7320887446403503, 10%=0.7358769774436951, 25%=0.7440273761749268, 50%=0.7555310726165771, 75%=0.7645624876022339, 90%=0.7706543803215027, 95%=0.771950900554657, 98%=0.7738977670669556
ranking_best_algo: Tabu
ranking_best_score: 0.7657846284375001
ranking_my_rank: 9/504 (98.4%)
ranking_my_percent: 98.41269841269842
