ConfigName: kjsd__advperagentrankweighted__M2__L20__eps0p005__g0p0005__ds0p05__dm0p2
Problem: QUBO
Kernel: jsd
Advantage: peragentrankweighted
M: 2
lambda: 20
epsilon_svgd: 0.005
gamma: 0.0005
decay_start_ratio: 0.05
decay_min_factor: 0.2
bandwith_kernel: None
no_interact: False
avg_score: -1177.56005859375
median_score: -1172.0
std_score: 59.635780334472656
percentiles: 2%=-1293.0799560546875, 5%=-1276.050048828125, 10%=-1265.5999755859375, 25%=-1221.0, 50%=-1172.0, 75%=-1132.0, 90%=-1107.800048828125, 95%=-1098.1500244140625, 98%=-1079.800048828125
ranking_best_algo: Tabu
ranking_best_score: 1216.16
ranking_my_rank: 82/504 (83.9%)
ranking_my_percent: 83.92857142857143
