ConfigName: kjsd__advperagentrankweighted__M10__L12__eps0p008__g0p0005__ds0p3__dm0p05
Problem: QUBO
Kernel: jsd
Advantage: peragentrankweighted
M: 10
lambda: 12
epsilon_svgd: 0.008
gamma: 0.0005
decay_start_ratio: 0.3
decay_min_factor: 0.05
bandwith_kernel: None
no_interact: False
avg_score: -418.6400146484375
median_score: -417.5
std_score: 22.044282913208008
percentiles: 2%=-473.0799865722656, 5%=-455.1000061035156, 10%=-449.1000061035156, 25%=-430.0, 50%=-417.5, 75%=-405.5, 90%=-389.79998779296875, 95%=-384.0, 98%=-381.9599914550781
ranking_best_algo: Tabu
ranking_best_score: 438.12
ranking_my_rank: 34/504 (93.5%)
ranking_my_percent: 93.45238095238095
