ConfigName: kjsd__advperagentrankweighted__M3__L16__eps0p01__g0p001__ds0p1__dm0p2
Problem: NK
Kernel: jsd
Advantage: peragentrankweighted
M: 3
lambda: 16
epsilon_svgd: 0.01
gamma: 0.001
decay_start_ratio: 0.1
decay_min_factor: 0.2
bandwith_kernel: None
no_interact: False
avg_score: 0.7066795825958252
median_score: 0.7099785208702087
std_score: 0.01181861199438572
percentiles: 2%=0.6863362789154053, 5%=0.6878468990325928, 10%=0.6907989382743835, 25%=0.6957798004150391, 50%=0.7099785208702087, 75%=0.7167304754257202, 90%=0.7213296294212341, 95%=0.7227118611335754, 98%=0.7231236100196838
ranking_best_algo: PBIL
ranking_best_score: 0.7013553837109374
ranking_my_rank: 1/504 (100.0%)
ranking_my_percent: 100.0
