ConfigName: krbf__advnormalizedfitness__M4__L8__eps0p02__g0p01__ds0p15__dm0p05
Problem: QUBO
Kernel: rbf
Advantage: normalizedfitness
M: 4
lambda: 8
epsilon_svgd: 0.02
gamma: 0.01
decay_start_ratio: 0.15
decay_min_factor: 0.05
bandwith_kernel: None
no_interact: False
avg_score: -201.5399932861328
median_score: -202.5
std_score: 12.871224403381348
percentiles: 2%=-224.0, 5%=-224.0, 10%=-214.1999969482422, 25%=-211.0, 50%=-202.5, 75%=-195.75, 90%=-182.89999389648438, 95%=-180.0, 98%=-174.94000244140625
ranking_best_algo: Tabu
ranking_best_score: 208.36000000000004
ranking_my_rank: 40/504 (92.3%)
ranking_my_percent: 92.26190476190476
