ConfigName: kjsd__advperagentrankweighted__M3__L24__eps0p007__g0p0005__ds0p05__dm0p05
Problem: QUBO
Kernel: jsd
Advantage: peragentrankweighted
M: 3
lambda: 24
epsilon_svgd: 0.007
gamma: 0.0005
decay_start_ratio: 0.05
decay_min_factor: 0.05
bandwith_kernel: None
no_interact: False
avg_score: -1630.0400390625
median_score: -1615.5
std_score: 64.9853744506836
percentiles: 2%=-1770.0400390625, 5%=-1739.25, 10%=-1720.0, 25%=-1681.0, 50%=-1615.5, 75%=-1589.0, 90%=-1558.800048828125, 95%=-1526.9000244140625, 98%=-1509.8599853515625
ranking_best_algo: NLOPT_LN_PRAXIS
ranking_best_score: 1607.12
ranking_my_rank: 1/504 (100.0%)
ranking_my_percent: 100.0
