ConfigName: krbf__advnormalizedfitness__M4__L12__eps0p015__g0p01__ds0p3__dm0p3
Problem: QUBO
Kernel: rbf
Advantage: normalizedfitness
M: 4
lambda: 12
epsilon_svgd: 0.015
gamma: 0.01
decay_start_ratio: 0.3
decay_min_factor: 0.3
bandwith_kernel: None
no_interact: False
avg_score: -129.4199981689453
median_score: -128.0
std_score: 9.157707214355469
percentiles: 2%=-146.0399932861328, 5%=-146.0, 10%=-142.10000610351562, 25%=-136.25, 50%=-128.0, 75%=-123.0, 90%=-119.0, 95%=-116.85001373291016, 98%=-111.89997863769531
ranking_best_algo: DiscreteDE
ranking_best_score: 143.4
ranking_my_rank: 326/504 (35.5%)
ranking_my_percent: 35.51587301587302
