ConfigName: krbf__advnormalizedfitness__M1__L8__eps0p033__g0p015__ds0p01__dm0p01
Problem: QUBO
Kernel: rbf
Advantage: normalizedfitness
M: 1
lambda: 8
epsilon_svgd: 0.033
gamma: 0.015
decay_start_ratio: 0.01
decay_min_factor: 0.01
bandwith_kernel: None
no_interact: False
avg_score: -1601.3599853515625
median_score: -1600.0
std_score: 67.53377532958984
percentiles: 2%=-1751.239990234375, 5%=-1722.050048828125, 10%=-1686.199951171875, 25%=-1645.5, 50%=-1600.0, 75%=-1543.0, 90%=-1527.2000732421875, 95%=-1504.949951171875, 98%=-1502.719970703125
ranking_best_algo: NLOPT_LN_PRAXIS
ranking_best_score: 1607.12
ranking_my_rank: 11/504 (98.0%)
ranking_my_percent: 98.01587301587301
