ConfigName: krbf__advnormalizedfitness__M4__L12__eps0p033__g0p005__ds0p01__dm0p01
Problem: NK
Kernel: rbf
Advantage: normalizedfitness
M: 4
lambda: 12
epsilon_svgd: 0.033
gamma: 0.005
decay_start_ratio: 0.01
decay_min_factor: 0.01
bandwith_kernel: None
no_interact: False
avg_score: 0.7449329495429993
median_score: 0.7423104643821716
std_score: 0.028633981943130493
percentiles: 2%=0.6947946548461914, 5%=0.7060154676437378, 10%=0.7115225195884705, 25%=0.7228211760520935, 50%=0.7423104643821716, 75%=0.7580187320709229, 90%=0.7767738103866577, 95%=0.8095874190330505, 98%=0.8118547797203064
ranking_best_algo: CMApara
ranking_best_score: 0.7459277895312499
ranking_my_rank: 2/504 (99.8%)
ranking_my_percent: 99.8015873015873
