ConfigName: kjsd__advperagentrankweighted__M4__L12__eps0p005__g0p0005__ds0p4__dm0p05
Problem: NK
Kernel: jsd
Advantage: peragentrankweighted
M: 4
lambda: 12
epsilon_svgd: 0.005
gamma: 0.0005
decay_start_ratio: 0.4
decay_min_factor: 0.05
bandwith_kernel: None
no_interact: False
avg_score: 0.742535412311554
median_score: 0.7422000169754028
std_score: 0.012652278877794743
percentiles: 2%=0.719959020614624, 5%=0.7231864333152771, 10%=0.7265370488166809, 25%=0.733951210975647, 50%=0.7422000169754028, 75%=0.7507020235061646, 90%=0.7588974237442017, 95%=0.761285126209259, 98%=0.7708503007888794
ranking_best_algo: Tabu
ranking_best_score: 0.7601875690625
ranking_my_rank: 11/504 (98.0%)
ranking_my_percent: 98.01587301587301
