ConfigName: krbf__advnormalizedfitness__M3__L15__eps0p015__g0p015__ds0p3__dm0p3
Problem: QUBO
Kernel: rbf
Advantage: normalizedfitness
M: 3
lambda: 15
epsilon_svgd: 0.015
gamma: 0.015
decay_start_ratio: 0.3
decay_min_factor: 0.3
bandwith_kernel: None
no_interact: False
avg_score: -582.8599853515625
median_score: -571.5
std_score: 76.00052642822266
percentiles: 2%=-757.3200073242188, 5%=-703.0499877929688, 10%=-676.5, 25%=-629.0, 50%=-571.5, 75%=-520.25, 90%=-496.0, 95%=-484.9000244140625, 98%=-456.75994873046875
ranking_best_algo: CMApara
ranking_best_score: 964.9
ranking_my_rank: 376/504 (25.6%)
ranking_my_percent: 25.595238095238095
