ConfigName: kjsd__advperagentrankweighted__M3__L24__eps0p007__g0p001__ds0p05__dm0p05
Problem: QUBO
Kernel: jsd
Advantage: peragentrankweighted
M: 3
lambda: 24
epsilon_svgd: 0.007
gamma: 0.001
decay_start_ratio: 0.05
decay_min_factor: 0.05
bandwith_kernel: None
no_interact: False
avg_score: -918.1199951171875
median_score: -912.0
std_score: 64.45002746582031
percentiles: 2%=-1054.1199951171875, 5%=-1027.5, 10%=-1007.2999877929688, 25%=-967.5, 50%=-912.0, 75%=-871.75, 90%=-842.7999877929688, 95%=-824.7999877929688, 98%=-796.9199829101562
ranking_best_algo: CMAL3
ranking_best_score: 928.5800000000002
ranking_my_rank: 10/504 (98.2%)
ranking_my_percent: 98.21428571428571
