ConfigName: kjsd__advperagentrankweighted__M4__L24__eps0p005__g0p0005__ds0p2__dm0p05
Problem: QUBO
Kernel: jsd
Advantage: peragentrankweighted
M: 4
lambda: 24
epsilon_svgd: 0.005
gamma: 0.0005
decay_start_ratio: 0.2
decay_min_factor: 0.05
bandwith_kernel: None
no_interact: False
avg_score: -915.0
median_score: -917.5
std_score: 65.50160217285156
percentiles: 2%=-1034.1600341796875, 5%=-1017.0499877929688, 10%=-995.9000244140625, 25%=-965.0, 50%=-917.5, 75%=-867.25, 90%=-835.7999877929688, 95%=-808.4500122070312, 98%=-769.260009765625
ranking_best_algo: CMAL3
ranking_best_score: 928.5800000000002
ranking_my_rank: 17/504 (96.8%)
ranking_my_percent: 96.82539682539682
