ConfigName: kjsd__advperagentrankweighted__M6__L12__eps0p008__g0p0005__ds0p05__dm0p05
Problem: NK
Kernel: jsd
Advantage: peragentrankweighted
M: 6
lambda: 12
epsilon_svgd: 0.008
gamma: 0.0005
decay_start_ratio: 0.05
decay_min_factor: 0.05
bandwith_kernel: None
no_interact: False
avg_score: 0.7078264355659485
median_score: 0.709129810333252
std_score: 0.011777994222939014
percentiles: 2%=0.6886983513832092, 5%=0.6898987889289856, 10%=0.6937190890312195, 25%=0.6966334581375122, 50%=0.709129810333252, 75%=0.7185106873512268, 90%=0.7218338251113892, 95%=0.7230713963508606, 98%=0.7254526019096375
ranking_best_algo: PBIL
ranking_best_score: 0.7013553837109374
ranking_my_rank: 1/504 (100.0%)
ranking_my_percent: 100.0
