ConfigName: krbf__advnormalizedfitness__M4__L15__eps0p015__g0p01__ds0p01__dm0p3
Problem: QUBO
Kernel: rbf
Advantage: normalizedfitness
M: 4
lambda: 15
epsilon_svgd: 0.015
gamma: 0.01
decay_start_ratio: 0.01
decay_min_factor: 0.3
bandwith_kernel: None
no_interact: False
avg_score: -1043.3199462890625
median_score: -1036.0
std_score: 102.58428955078125
percentiles: 2%=-1218.6800537109375, 5%=-1197.0999755859375, 10%=-1182.199951171875, 25%=-1111.0, 50%=-1036.0, 75%=-965.25, 90%=-914.7000122070312, 95%=-877.9000244140625, 98%=-866.699951171875
ranking_best_algo: SVM1MetaModelLogNormal
ranking_best_score: 2605.14
ranking_my_rank: 392/504 (22.4%)
ranking_my_percent: 22.42063492063492
