ConfigName: kjsd__advperagentrankweighted__M3__L16__eps0p01__g0p0007__ds0p05__dm0p05
Problem: NK
Kernel: jsd
Advantage: peragentrankweighted
M: 3
lambda: 16
epsilon_svgd: 0.01
gamma: 0.0007
decay_start_ratio: 0.05
decay_min_factor: 0.05
bandwith_kernel: None
no_interact: False
avg_score: 0.7215826511383057
median_score: 0.7203640937805176
std_score: 0.0068196081556379795
percentiles: 2%=0.7064008116722107, 5%=0.7109289169311523, 10%=0.7136669754981995, 25%=0.7178744673728943, 50%=0.7203640937805176, 75%=0.7260940074920654, 90%=0.7294942140579224, 95%=0.7325661778450012, 98%=0.7356354594230652
ranking_best_algo: PBIL
ranking_best_score: 0.7170882103515624
ranking_my_rank: 1/504 (100.0%)
ranking_my_percent: 100.0
