ConfigName: kjsd__advperagentrankweighted__M4__L10__eps0p01__g0p0007__ds0p2__dm0p05
Problem: NK
Kernel: jsd
Advantage: peragentrankweighted
M: 4
lambda: 10
epsilon_svgd: 0.01
gamma: 0.0007
decay_start_ratio: 0.2
decay_min_factor: 0.05
bandwith_kernel: None
no_interact: False
avg_score: 0.7338031530380249
median_score: 0.7340652942657471
std_score: 0.008033850230276585
percentiles: 2%=0.7183462977409363, 5%=0.7189826965332031, 10%=0.7212554216384888, 25%=0.7283955216407776, 50%=0.7340652942657471, 75%=0.7403580546379089, 90%=0.7426325082778931, 95%=0.7453162670135498, 98%=0.7478230595588684
ranking_best_algo: PBIL
ranking_best_score: 0.7248786399609374
ranking_my_rank: 1/504 (100.0%)
ranking_my_percent: 100.0
