ConfigName: kjsd__advperagentrankweighted__M3__L16__eps0p005__g0p001__ds0p2__dm0p05
Problem: NK
Kernel: jsd
Advantage: peragentrankweighted
M: 3
lambda: 16
epsilon_svgd: 0.005
gamma: 0.001
decay_start_ratio: 0.2
decay_min_factor: 0.05
bandwith_kernel: None
no_interact: False
avg_score: 0.7551828622817993
median_score: 0.7567330598831177
std_score: 0.014471625909209251
percentiles: 2%=0.7240189909934998, 5%=0.7312679886817932, 10%=0.7352075576782227, 25%=0.7454460859298706, 50%=0.7567330598831177, 75%=0.7649421691894531, 90%=0.7751470804214478, 95%=0.7789708971977234, 98%=0.7830500602722168
ranking_best_algo: Tabu
ranking_best_score: 0.7657846284375001
ranking_my_rank: 7/504 (98.8%)
ranking_my_percent: 98.80952380952381
