ConfigName: krbf__advnormalizedfitness__M4__L10__eps0p01__g0p002__ds0p05__dm0p05
Problem: QUBO
Kernel: rbf
Advantage: normalizedfitness
M: 4
lambda: 10
epsilon_svgd: 0.01
gamma: 0.002
decay_start_ratio: 0.05
decay_min_factor: 0.05
bandwith_kernel: None
no_interact: False
avg_score: -332.3800048828125
median_score: -337.5
std_score: 19.35912322998047
percentiles: 2%=-372.0, 5%=-358.70001220703125, 10%=-354.0, 25%=-343.0, 50%=-337.5, 75%=-320.0, 90%=-306.0, 95%=-297.8999938964844, 98%=-292.0
ranking_best_algo: CMApara
ranking_best_score: 344.22
ranking_my_rank: 72/504 (85.9%)
ranking_my_percent: 85.91269841269842
