ConfigName: kjsd__advperagentrankweighted__M3__L18__eps0p01__g0p003__ds0p05__dm0p05
Problem: QUBO
Kernel: jsd
Advantage: peragentrankweighted
M: 3
lambda: 18
epsilon_svgd: 0.01
gamma: 0.003
decay_start_ratio: 0.05
decay_min_factor: 0.05
bandwith_kernel: None
no_interact: False
avg_score: -3235.159912109375
median_score: -3240.5
std_score: 124.87983703613281
percentiles: 2%=-3491.93994140625, 5%=-3425.25, 10%=-3382.800048828125, 25%=-3312.0, 50%=-3240.5, 75%=-3149.0, 90%=-3095.699951171875, 95%=-3057.89990234375, 98%=-2939.139892578125
ranking_best_algo: RLSOnePlusOne
ranking_best_score: 3316.5199999999995
ranking_my_rank: 42/504 (91.9%)
ranking_my_percent: 91.86507936507937
