ConfigName: kfr__advglobalrankweighted__M4__L5__eps0p03__g0p007__ds0p01__dm0p01
Problem: QUBO
Kernel: fr
Advantage: globalrankweighted
M: 4
lambda: 5
epsilon_svgd: 0.03
gamma: 0.007
decay_start_ratio: 0.01
decay_min_factor: 0.01
bandwith_kernel: None
no_interact: False
avg_score: -330.6400146484375
median_score: -338.5
std_score: 22.140243530273438
percentiles: 2%=-372.0, 5%=-357.20001220703125, 10%=-354.0, 25%=-346.0, 50%=-338.5, 75%=-314.0, 90%=-298.0, 95%=-291.8999938964844, 98%=-286.8999938964844
ranking_best_algo: CMApara
ranking_best_score: 344.22
ranking_my_rank: 77/504 (84.9%)
ranking_my_percent: 84.92063492063492
