ConfigName: krbf__advnormalizedfitness__M4__L10__eps0p033__g0p005__ds0p01__dm0p01
Problem: NK
Kernel: rbf
Advantage: normalizedfitness
M: 4
lambda: 10
epsilon_svgd: 0.033
gamma: 0.005
decay_start_ratio: 0.01
decay_min_factor: 0.01
bandwith_kernel: None
no_interact: False
avg_score: 0.7537450194358826
median_score: 0.7544898390769958
std_score: 0.012563026510179043
percentiles: 2%=0.7233043909072876, 5%=0.7313123345375061, 10%=0.737941324710846, 25%=0.7464311122894287, 50%=0.7544898390769958, 75%=0.7640670537948608, 90%=0.7690303921699524, 95%=0.7706499695777893, 98%=0.7722206711769104
ranking_best_algo: Tabu
ranking_best_score: 0.7657846284375001
ranking_my_rank: 9/504 (98.4%)
ranking_my_percent: 98.41269841269842
