ConfigName: krbf__advnormalizedfitness__M5__L10__eps0p03__g0p01__ds0p05__dm0p05
Problem: NK
Kernel: rbf
Advantage: normalizedfitness
M: 5
lambda: 10
epsilon_svgd: 0.03
gamma: 0.01
decay_start_ratio: 0.05
decay_min_factor: 0.05
bandwith_kernel: None
no_interact: False
avg_score: 0.711957573890686
median_score: 0.70106041431427
std_score: 0.031358007341623306
percentiles: 2%=0.6749143600463867, 5%=0.6751645803451538, 10%=0.6796174049377441, 25%=0.6825705170631409, 50%=0.70106041431427, 75%=0.7474179267883301, 90%=0.7527223825454712, 95%=0.7613165378570557, 98%=0.7613165378570557
ranking_best_algo: CMApara
ranking_best_score: 0.7118996098437498
ranking_my_rank: 1/504 (100.0%)
ranking_my_percent: 100.0
