ConfigName: krbf__advnormalizedfitness__M4__L15__eps0p033__g0p015__ds0p3__dm0p01
Problem: NK
Kernel: rbf
Advantage: normalizedfitness
M: 4
lambda: 15
epsilon_svgd: 0.033
gamma: 0.015
decay_start_ratio: 0.3
decay_min_factor: 0.01
bandwith_kernel: None
no_interact: False
avg_score: 0.7153211236000061
median_score: 0.7147486805915833
std_score: 0.018502548336982727
percentiles: 2%=0.6813778877258301, 5%=0.6844645142555237, 10%=0.6921270489692688, 25%=0.7019311785697937, 50%=0.7147486805915833, 75%=0.7303037643432617, 90%=0.7398776412010193, 95%=0.7472609877586365, 98%=0.7491902709007263
ranking_best_algo: Tabu
ranking_best_score: 0.7470791764843752
ranking_my_rank: 215/504 (57.5%)
ranking_my_percent: 57.53968253968254
