ConfigName: kjsd__advperagentrankweighted__M5__L10__eps0p005__g0p0005__ds0p3__dm0p05
Problem: NK
Kernel: jsd
Advantage: peragentrankweighted
M: 5
lambda: 10
epsilon_svgd: 0.005
gamma: 0.0005
decay_start_ratio: 0.3
decay_min_factor: 0.05
bandwith_kernel: None
no_interact: False
avg_score: 0.73587965965271
median_score: 0.736907422542572
std_score: 0.00862071756273508
percentiles: 2%=0.7174749374389648, 5%=0.7198476195335388, 10%=0.72297203540802, 25%=0.7299849987030029, 50%=0.736907422542572, 75%=0.7426978945732117, 90%=0.7464953064918518, 95%=0.7472272515296936, 98%=0.7483031153678894
ranking_best_algo: PBIL
ranking_best_score: 0.7248786399609374
ranking_my_rank: 1/504 (100.0%)
ranking_my_percent: 100.0
