ConfigName: krbf__advnormalizedfitness__M4__L10__eps0p015__g0p015__ds0p15__dm0p01
Problem: QUBO
Kernel: rbf
Advantage: normalizedfitness
M: 4
lambda: 10
epsilon_svgd: 0.015
gamma: 0.015
decay_start_ratio: 0.15
decay_min_factor: 0.01
bandwith_kernel: None
no_interact: False
avg_score: -833.0999755859375
median_score: -823.5
std_score: 97.54204559326172
percentiles: 2%=-1056.06005859375, 5%=-1000.2999877929688, 10%=-954.4000244140625, 25%=-903.5, 50%=-823.5, 75%=-752.75, 90%=-718.0, 95%=-694.10009765625, 98%=-672.7599487304688
ranking_best_algo: NLOPT_LN_PRAXIS
ranking_best_score: 1607.12
ranking_my_rank: 337/504 (33.3%)
ranking_my_percent: 33.333333333333336
