ConfigName: krbf__advnormalizedfitness__M4__L15__eps0p015__g0p005__ds0p01__dm0p01
Problem: NK
Kernel: rbf
Advantage: normalizedfitness
M: 4
lambda: 15
epsilon_svgd: 0.015
gamma: 0.005
decay_start_ratio: 0.01
decay_min_factor: 0.01
bandwith_kernel: None
no_interact: False
avg_score: 0.7238109111785889
median_score: 0.7239567041397095
std_score: 0.017533311620354652
percentiles: 2%=0.6866092085838318, 5%=0.6917726397514343, 10%=0.7049248814582825, 25%=0.712291419506073, 50%=0.7239567041397095, 75%=0.7350643277168274, 90%=0.7442333102226257, 95%=0.7538809180259705, 98%=0.7582788467407227
ranking_best_algo: Tabu
ranking_best_score: 0.7601875690625
ranking_my_rank: 121/504 (76.2%)
ranking_my_percent: 76.19047619047619
