ConfigName: kjsd__advperagentrankweighted__M3__L18__eps0p01__g0p0005__ds0p2__dm0p05
Problem: QUBO
Kernel: jsd
Advantage: peragentrankweighted
M: 3
lambda: 18
epsilon_svgd: 0.01
gamma: 0.0005
decay_start_ratio: 0.2
decay_min_factor: 0.05
bandwith_kernel: None
no_interact: False
avg_score: -3318.179931640625
median_score: -3328.5
std_score: 116.39299774169922
percentiles: 2%=-3504.260009765625, 5%=-3496.050048828125, 10%=-3465.5, 25%=-3399.0, 50%=-3328.5, 75%=-3243.5, 90%=-3166.5, 95%=-3125.10009765625, 98%=-3081.56005859375
ranking_best_algo: RLSOnePlusOne
ranking_best_score: 3316.5199999999995
ranking_my_rank: 1/504 (100.0%)
ranking_my_percent: 100.0
