ConfigName: kfr__advglobalrankweighted__M6__L9__eps0p02__g0p003__ds0p01__dm0p01
Problem: QUBO
Kernel: fr
Advantage: globalrankweighted
M: 6
lambda: 9
epsilon_svgd: 0.02
gamma: 0.003
decay_start_ratio: 0.01
decay_min_factor: 0.01
bandwith_kernel: None
no_interact: False
avg_score: -202.10000610351562
median_score: -202.5
std_score: 11.967873573303223
percentiles: 2%=-222.0, 5%=-222.0, 10%=-218.10000610351562, 25%=-211.0, 50%=-202.5, 75%=-193.75, 90%=-186.8000030517578, 95%=-182.90000915527344, 98%=-178.0
ranking_best_algo: Tabu
ranking_best_score: 208.36000000000004
ranking_my_rank: 35/504 (93.3%)
ranking_my_percent: 93.25396825396825
