ConfigName: kjsd__advperagentrankweighted__M10__L24__eps0p005__g0p0005__ds0p3__dm0p05
Problem: QUBO
Kernel: jsd
Advantage: peragentrankweighted
M: 10
lambda: 24
epsilon_svgd: 0.005
gamma: 0.0005
decay_start_ratio: 0.3
decay_min_factor: 0.05
bandwith_kernel: None
no_interact: False
avg_score: -809.5800170898438
median_score: -802.0
std_score: 107.72967529296875
percentiles: 2%=-1057.5, 5%=-1005.6500244140625, 10%=-934.9000244140625, 25%=-873.75, 50%=-802.0, 75%=-739.25, 90%=-688.9000244140625, 95%=-650.5499877929688, 98%=-599.5399780273438
ranking_best_algo: Tabu
ranking_best_score: 1216.16
ranking_my_rank: 331/504 (34.5%)
ranking_my_percent: 34.523809523809526
