ConfigName: krbf__advnormalizedfitness__M4__L15__eps0p015__g0p007__ds0p3__dm0p3
Problem: QUBO
Kernel: rbf
Advantage: normalizedfitness
M: 4
lambda: 15
epsilon_svgd: 0.015
gamma: 0.007
decay_start_ratio: 0.3
decay_min_factor: 0.3
bandwith_kernel: None
no_interact: False
avg_score: -322.7799987792969
median_score: -323.0
std_score: 30.667762756347656
percentiles: 2%=-381.0400085449219, 5%=-374.04998779296875, 10%=-365.20001220703125, 25%=-346.25, 50%=-323.0, 75%=-299.5, 90%=-285.0, 95%=-277.8500061035156, 98%=-269.8599853515625
ranking_best_algo: CMAL3
ranking_best_score: 435.36
ranking_my_rank: 332/504 (34.3%)
ranking_my_percent: 34.32539682539682
