ConfigName: krbf__advnormalizedfitness__M3__L10__eps0p015__g0p01__ds0p15__dm0p01
Problem: NK
Kernel: rbf
Advantage: normalizedfitness
M: 3
lambda: 10
epsilon_svgd: 0.015
gamma: 0.01
decay_start_ratio: 0.15
decay_min_factor: 0.01
bandwith_kernel: None
no_interact: False
avg_score: 0.7543887495994568
median_score: 0.7567166686058044
std_score: 0.013642928563058376
percentiles: 2%=0.72993403673172, 5%=0.7318121790885925, 10%=0.7336351871490479, 25%=0.7440258264541626, 50%=0.7567166686058044, 75%=0.7651498317718506, 90%=0.7713088989257812, 95%=0.7757038474082947, 98%=0.7780699133872986
ranking_best_algo: Tabu
ranking_best_score: 0.7470791764843752
ranking_my_rank: 1/504 (100.0%)
ranking_my_percent: 100.0
