ConfigName: krbf__advnormalizedfitness__M4__L15__eps0p025__g0p015__ds0p3__dm0p01
Problem: QUBO
Kernel: rbf
Advantage: normalizedfitness
M: 4
lambda: 15
epsilon_svgd: 0.025
gamma: 0.015
decay_start_ratio: 0.3
decay_min_factor: 0.01
bandwith_kernel: None
no_interact: False
avg_score: -148.33999633789062
median_score: -147.0
std_score: 12.275358200073242
percentiles: 2%=-179.0, 5%=-175.0, 10%=-160.39999389648438, 25%=-155.0, 50%=-147.0, 75%=-140.75, 90%=-135.0, 95%=-127.85001373291016, 98%=-123.0
ranking_best_algo: CMApara
ranking_best_score: 154.28
ranking_my_rank: 84/504 (83.5%)
ranking_my_percent: 83.53174603174604
