ConfigName: kjsd__advperagentrankweighted__M4__L8__eps0p03__g0p0005__ds0p05__dm0p05
Problem: QUBO
Kernel: jsd
Advantage: peragentrankweighted
M: 4
lambda: 8
epsilon_svgd: 0.03
gamma: 0.0005
decay_start_ratio: 0.05
decay_min_factor: 0.05
bandwith_kernel: None
no_interact: False
avg_score: -145.8800048828125
median_score: -145.0
std_score: 12.700613975524902
percentiles: 2%=-179.0, 5%=-164.64999389648438, 10%=-160.0, 25%=-153.0, 50%=-145.0, 75%=-140.0, 90%=-133.0, 95%=-126.9000015258789, 98%=-120.77999877929688
ranking_best_algo: CMApara
ranking_best_score: 154.28
ranking_my_rank: 135/504 (73.4%)
ranking_my_percent: 73.41269841269842
