ConfigName: kfr__advglobalrankweighted__M4__L24__eps0p06__g0p007__ds0p01__dm0p01
Problem: QUBO
Kernel: fr
Advantage: globalrankweighted
M: 4
lambda: 24
epsilon_svgd: 0.06
gamma: 0.007
decay_start_ratio: 0.01
decay_min_factor: 0.01
bandwith_kernel: None
no_interact: False
avg_score: -900.3200073242188
median_score: -894.0
std_score: 65.4901351928711
percentiles: 2%=-1036.0799560546875, 5%=-1020.6500244140625, 10%=-997.0, 25%=-938.25, 50%=-894.0, 75%=-855.75, 90%=-816.7999877929688, 95%=-806.8499755859375, 98%=-788.4600219726562
ranking_best_algo: CMAL3
ranking_best_score: 928.5800000000002
ranking_my_rank: 70/504 (86.3%)
ranking_my_percent: 86.30952380952381
