ConfigName: kjsd__advperagentrankweighted__M3__L24__eps0p007__g0p001__ds0p2__dm0p05
Problem: QUBO
Kernel: jsd
Advantage: peragentrankweighted
M: 3
lambda: 24
epsilon_svgd: 0.007
gamma: 0.001
decay_start_ratio: 0.2
decay_min_factor: 0.05
bandwith_kernel: None
no_interact: False
avg_score: -2559.340087890625
median_score: -2541.0
std_score: 127.46185302734375
percentiles: 2%=-2803.280029296875, 5%=-2773.25, 10%=-2749.699951171875, 25%=-2652.25, 50%=-2541.0, 75%=-2466.0, 90%=-2399.39990234375, 95%=-2377.550048828125, 98%=-2359.219970703125
ranking_best_algo: SVM1MetaModelLogNormal
ranking_best_score: 2605.14
ranking_my_rank: 40/504 (92.3%)
ranking_my_percent: 92.26190476190476
