ConfigName: krbf__advnormalizedfitness__M3__L15__eps0p015__g0p015__ds0p01__dm0p3
Problem: NK
Kernel: rbf
Advantage: normalizedfitness
M: 3
lambda: 15
epsilon_svgd: 0.015
gamma: 0.015
decay_start_ratio: 0.01
decay_min_factor: 0.3
bandwith_kernel: None
no_interact: False
avg_score: 0.6529683470726013
median_score: 0.6559399962425232
std_score: 0.011583087965846062
percentiles: 2%=0.6314094662666321, 5%=0.6330080628395081, 10%=0.636296808719635, 25%=0.6429464817047119, 50%=0.6559399962425232, 75%=0.6629563570022583, 90%=0.666122317314148, 95%=0.6679612994194031, 98%=0.6713972687721252
ranking_best_algo: PBIL
ranking_best_score: 0.7013553837109374
ranking_my_rank: 244/504 (51.8%)
ranking_my_percent: 51.785714285714285
