ConfigName: kjsd__advperagentrankweighted__M3__L20__eps0p005__g0p001__ds0p2__dm0p05
Problem: QUBO
Kernel: jsd
Advantage: peragentrankweighted
M: 3
lambda: 20
epsilon_svgd: 0.005
gamma: 0.001
decay_start_ratio: 0.2
decay_min_factor: 0.05
bandwith_kernel: None
no_interact: False
avg_score: -425.9599914550781
median_score: -426.5
std_score: 26.478639602661133
percentiles: 2%=-477.0, 5%=-471.0, 10%=-461.20001220703125, 25%=-441.0, 50%=-426.5, 75%=-410.5, 90%=-395.70001220703125, 95%=-387.6499938964844, 98%=-356.9800109863281
ranking_best_algo: CMAL3
ranking_best_score: 435.36
ranking_my_rank: 23/504 (95.6%)
ranking_my_percent: 95.63492063492063
