ConfigName: kjsd__advperagentrankweighted__M3__L30__eps0p007__g0p001__ds0p1__dm0p1
Problem: QUBO
Kernel: jsd
Advantage: peragentrankweighted
M: 3
lambda: 30
epsilon_svgd: 0.007
gamma: 0.001
decay_start_ratio: 0.1
decay_min_factor: 0.1
bandwith_kernel: None
no_interact: False
avg_score: -938.0800170898438
median_score: -939.0
std_score: 70.42281341552734
percentiles: 2%=-1076.0, 5%=-1054.050048828125, 10%=-1039.0999755859375, 25%=-982.5, 50%=-939.0, 75%=-882.75, 90%=-841.7000122070312, 95%=-822.7000122070312, 98%=-796.8400268554688
ranking_best_algo: CMApara
ranking_best_score: 964.9
ranking_my_rank: 7/504 (98.8%)
ranking_my_percent: 98.80952380952381
