ConfigName: kjsd__advperagentrankweighted__M3__L18__eps0p01__g0p001__ds0p05__dm0p05
Problem: NK
Kernel: jsd
Advantage: peragentrankweighted
M: 3
lambda: 18
epsilon_svgd: 0.01
gamma: 0.001
decay_start_ratio: 0.05
decay_min_factor: 0.05
bandwith_kernel: None
no_interact: False
avg_score: 0.7568622827529907
median_score: 0.756428062915802
std_score: 0.013031665235757828
percentiles: 2%=0.7331690788269043, 5%=0.7386547923088074, 10%=0.7412670254707336, 25%=0.7457450032234192, 50%=0.756428062915802, 75%=0.7659670114517212, 90%=0.7752438187599182, 95%=0.7778489589691162, 98%=0.7811346650123596
ranking_best_algo: Tabu
ranking_best_score: 0.7470791764843752
ranking_my_rank: 1/504 (100.0%)
ranking_my_percent: 100.0
