ConfigName: kjsd__advperagentrankweighted__M4__L24__eps0p005__g0p0003__ds0p05__dm0p05
Problem: NK
Kernel: jsd
Advantage: peragentrankweighted
M: 4
lambda: 24
epsilon_svgd: 0.005
gamma: 0.0003
decay_start_ratio: 0.05
decay_min_factor: 0.05
bandwith_kernel: None
no_interact: False
avg_score: 0.732404887676239
median_score: 0.7319228649139404
std_score: 0.010223548859357834
percentiles: 2%=0.7136414051055908, 5%=0.7179431319236755, 10%=0.7203254699707031, 25%=0.7240153551101685, 50%=0.7319228649139404, 75%=0.7394982576370239, 90%=0.7449964880943298, 95%=0.7494219541549683, 98%=0.7511112689971924
ranking_best_algo: Tabu
ranking_best_score: 0.7429702712499999
ranking_my_rank: 2/504 (99.8%)
ranking_my_percent: 99.8015873015873
