ConfigName: krbf__advnormalizedfitness__M4__L15__eps0p025__g0p01__ds0p01__dm0p3
Problem: QUBO
Kernel: rbf
Advantage: normalizedfitness
M: 4
lambda: 15
epsilon_svgd: 0.025
gamma: 0.01
decay_start_ratio: 0.01
decay_min_factor: 0.3
bandwith_kernel: None
no_interact: False
avg_score: -381.20001220703125
median_score: -382.5
std_score: 33.37903594970703
percentiles: 2%=-441.1600036621094, 5%=-431.1499938964844, 10%=-421.29998779296875, 25%=-411.0, 50%=-382.5, 75%=-355.0, 90%=-335.79998779296875, 95%=-327.8000183105469, 98%=-320.9599914550781
ranking_best_algo: CMApara
ranking_best_score: 453.82
ranking_my_rank: 322/504 (36.3%)
ranking_my_percent: 36.30952380952381
