ConfigName: kjsd__advperagentrankweighted__M5__L8__eps0p005__g0p003__ds0p2__dm0p2
Problem: NK
Kernel: jsd
Advantage: peragentrankweighted
M: 5
lambda: 8
epsilon_svgd: 0.005
gamma: 0.003
decay_start_ratio: 0.2
decay_min_factor: 0.2
bandwith_kernel: None
no_interact: False
avg_score: 0.5773303508758545
median_score: 0.576779305934906
std_score: 0.006331911776214838
percentiles: 2%=0.5682483911514282, 5%=0.5688670873641968, 10%=0.5696102380752563, 25%=0.5725768804550171, 50%=0.576779305934906, 75%=0.5805506110191345, 90%=0.5872901678085327, 95%=0.58854079246521, 98%=0.5939528346061707
ranking_best_algo: PBIL
ranking_best_score: 0.7170882103515624
ranking_my_rank: 385/504 (23.8%)
ranking_my_percent: 23.80952380952381
