ConfigName: kjsd__advperagentrankweighted__M5__L24__eps0p02__g0p0007__ds0p2__dm0p05
Problem: NK
Kernel: jsd
Advantage: peragentrankweighted
M: 5
lambda: 24
epsilon_svgd: 0.02
gamma: 0.0007
decay_start_ratio: 0.2
decay_min_factor: 0.05
bandwith_kernel: None
no_interact: False
avg_score: 0.7458458542823792
median_score: 0.7453257441520691
std_score: 0.014301796443760395
percentiles: 2%=0.7191190123558044, 5%=0.7260162234306335, 10%=0.7307226061820984, 25%=0.7351477146148682, 50%=0.7453257441520691, 75%=0.7543724179267883, 90%=0.7647473216056824, 95%=0.771003007888794, 98%=0.7753984332084656
ranking_best_algo: Tabu
ranking_best_score: 0.7601875690625
ranking_my_rank: 5/504 (99.2%)
ranking_my_percent: 99.2063492063492
