ConfigName: krbf__advnormalizedfitness__M3__L12__eps0p033__g0p007__ds0p3__dm0p01
Problem: QUBO
Kernel: rbf
Advantage: normalizedfitness
M: 3
lambda: 12
epsilon_svgd: 0.033
gamma: 0.007
decay_start_ratio: 0.3
decay_min_factor: 0.01
bandwith_kernel: None
no_interact: False
avg_score: -412.32000732421875
median_score: -412.0
std_score: 28.051692962646484
percentiles: 2%=-471.0400085449219, 5%=-465.0, 10%=-447.20001220703125, 25%=-428.0, 50%=-412.0, 75%=-399.5, 90%=-375.79998779296875, 95%=-365.70001220703125, 98%=-353.8399658203125
ranking_best_algo: Tabu
ranking_best_score: 438.12
ranking_my_rank: 70/504 (86.3%)
ranking_my_percent: 86.30952380952381
