ConfigName: krbf__advnormalizedfitness__M3__L15__eps0p015__g0p005__ds0p15__dm0p01
Problem: QUBO
Kernel: rbf
Advantage: normalizedfitness
M: 3
lambda: 15
epsilon_svgd: 0.015
gamma: 0.005
decay_start_ratio: 0.15
decay_min_factor: 0.01
bandwith_kernel: None
no_interact: False
avg_score: -200.02000427246094
median_score: -200.5
std_score: 12.533140182495117
percentiles: 2%=-222.0, 5%=-220.0500030517578, 10%=-217.0, 25%=-209.25, 50%=-200.5, 75%=-191.0, 90%=-184.0, 95%=-180.95001220703125, 98%=-173.97999572753906
ranking_best_algo: Tabu
ranking_best_score: 208.36000000000004
ranking_my_rank: 54/504 (89.5%)
ranking_my_percent: 89.48412698412699
