ConfigName: kjsd__advperagentrankweighted__M5__L10__eps0p005__g0p0005__ds0p3__dm0p05
Problem: QUBO
Kernel: jsd
Advantage: peragentrankweighted
M: 5
lambda: 10
epsilon_svgd: 0.005
gamma: 0.0005
decay_start_ratio: 0.3
decay_min_factor: 0.05
bandwith_kernel: None
no_interact: False
avg_score: -2585.06005859375
median_score: -2571.5
std_score: 121.03535461425781
percentiles: 2%=-2808.5, 5%=-2794.5, 10%=-2756.800048828125, 25%=-2665.5, 50%=-2571.5, 75%=-2487.0, 90%=-2426.89990234375, 95%=-2414.75, 98%=-2394.93994140625
ranking_best_algo: SVM1MetaModelLogNormal
ranking_best_score: 2605.14
ranking_my_rank: 12/504 (97.8%)
ranking_my_percent: 97.81746031746032
