ConfigName: krbf__advglobalrankweighted__M4__L10__eps0p02__g0p007__ds0p01__dm0p01
Problem: QUBO
Kernel: rbf
Advantage: globalrankweighted
M: 4
lambda: 10
epsilon_svgd: 0.02
gamma: 0.007
decay_start_ratio: 0.01
decay_min_factor: 0.01
bandwith_kernel: None
no_interact: False
avg_score: -2568.39990234375
median_score: -2570.5
std_score: 137.97071838378906
percentiles: 2%=-2859.43994140625, 5%=-2806.050048828125, 10%=-2738.699951171875, 25%=-2647.0, 50%=-2570.5, 75%=-2475.5, 90%=-2393.300048828125, 95%=-2356.0, 98%=-2330.6396484375
ranking_best_algo: DiscreteLengler2OnePlusOne
ranking_best_score: 2617.04
ranking_my_rank: 51/504 (90.1%)
ranking_my_percent: 90.07936507936508
