ConfigName: kjsd__advperagentrankweighted__M3__L20__eps0p007__g0p0007__ds0p1__dm0p1
Problem: QUBO
Kernel: jsd
Advantage: peragentrankweighted
M: 3
lambda: 20
epsilon_svgd: 0.007
gamma: 0.0007
decay_start_ratio: 0.1
decay_min_factor: 0.1
bandwith_kernel: None
no_interact: False
avg_score: -1628.719970703125
median_score: -1623.5
std_score: 63.66617202758789
percentiles: 2%=-1771.1400146484375, 5%=-1732.050048828125, 10%=-1720.4000244140625, 25%=-1667.5, 50%=-1623.5, 75%=-1582.75, 90%=-1547.0, 95%=-1542.5999755859375, 98%=-1504.760009765625
ranking_best_algo: NLOPT_LN_PRAXIS
ranking_best_score: 1607.12
ranking_my_rank: 1/504 (100.0%)
ranking_my_percent: 100.0
