ConfigName: krbf__advnormalizedfitness__M4__L10__eps0p025__g0p015__ds0p15__dm0p3
Problem: QUBO
Kernel: rbf
Advantage: normalizedfitness
M: 4
lambda: 10
epsilon_svgd: 0.025
gamma: 0.015
decay_start_ratio: 0.15
decay_min_factor: 0.3
bandwith_kernel: None
no_interact: False
avg_score: -739.2999877929688
median_score: -737.0
std_score: 74.99553680419922
percentiles: 2%=-913.2000122070312, 5%=-875.3499755859375, 10%=-831.2000122070312, 25%=-782.75, 50%=-737.0, 75%=-682.0, 90%=-640.9000244140625, 95%=-631.8500366210938, 98%=-623.97998046875
ranking_best_algo: SVMMetaModelLogNormal
ranking_best_score: 1233.7999999999997
ranking_my_rank: 330/504 (34.7%)
ranking_my_percent: 34.72222222222222
