ConfigName: kjsd__advperagentrankweighted__M3__L30__eps0p007__g0p001__ds0p1__dm0p2
Problem: QUBO
Kernel: jsd
Advantage: peragentrankweighted
M: 3
lambda: 30
epsilon_svgd: 0.007
gamma: 0.001
decay_start_ratio: 0.1
decay_min_factor: 0.2
bandwith_kernel: None
no_interact: False
avg_score: -426.5400085449219
median_score: -426.5
std_score: 26.666616439819336
percentiles: 2%=-471.20001220703125, 5%=-467.0, 10%=-461.20001220703125, 25%=-447.25, 50%=-426.5, 75%=-411.5, 90%=-391.0, 95%=-383.79998779296875, 98%=-374.7799987792969
ranking_best_algo: CMAL3
ranking_best_score: 435.36
ranking_my_rank: 23/504 (95.6%)
ranking_my_percent: 95.63492063492063
