ConfigName: krbf__advnormalizedfitness__M4__L8__eps0p015__g0p005__ds0p01__dm0p3
Problem: QUBO
Kernel: rbf
Advantage: normalizedfitness
M: 4
lambda: 8
epsilon_svgd: 0.015
gamma: 0.005
decay_start_ratio: 0.01
decay_min_factor: 0.3
bandwith_kernel: None
no_interact: False
avg_score: -334.9200134277344
median_score: -340.0
std_score: 20.463470458984375
percentiles: 2%=-372.0, 5%=-368.20001220703125, 10%=-354.29998779296875, 25%=-348.0, 50%=-340.0, 75%=-323.0, 90%=-308.0, 95%=-298.8000183105469, 98%=-287.7999572753906
ranking_best_algo: CMApara
ranking_best_score: 344.22
ranking_my_rank: 59/504 (88.5%)
ranking_my_percent: 88.4920634920635
