ConfigName: krbf__advnormalizedfitness__M3__L8__eps0p033__g0p007__ds0p3__dm0p3
Problem: QUBO
Kernel: rbf
Advantage: normalizedfitness
M: 3
lambda: 8
epsilon_svgd: 0.033
gamma: 0.007
decay_start_ratio: 0.3
decay_min_factor: 0.3
bandwith_kernel: None
no_interact: False
avg_score: -2582.9599609375
median_score: -2582.0
std_score: 119.12210845947266
percentiles: 2%=-2819.02001953125, 5%=-2785.199951171875, 10%=-2729.39990234375, 25%=-2671.5, 50%=-2582.0, 75%=-2501.5, 90%=-2438.5, 95%=-2398.2001953125, 98%=-2335.83984375
ranking_best_algo: DiscreteLengler2OnePlusOne
ranking_best_score: 2617.04
ranking_my_rank: 47/504 (90.9%)
ranking_my_percent: 90.87301587301587
