ConfigName: kjsd__advperagentrankweighted__M3__L20__eps0p005__g0p001__ds0p1__dm0p1
Problem: NK
Kernel: jsd
Advantage: peragentrankweighted
M: 3
lambda: 20
epsilon_svgd: 0.005
gamma: 0.001
decay_start_ratio: 0.1
decay_min_factor: 0.1
bandwith_kernel: None
no_interact: False
avg_score: 0.7409065365791321
median_score: 0.7407912015914917
std_score: 0.013707765378057957
percentiles: 2%=0.7142394781112671, 5%=0.7189939022064209, 10%=0.7237396240234375, 25%=0.7323706150054932, 50%=0.7407912015914917, 75%=0.7469102144241333, 90%=0.7610693573951721, 95%=0.7622430324554443, 98%=0.769932210445404
ranking_best_algo: Tabu
ranking_best_score: 0.7601875690625
ranking_my_rank: 12/504 (97.8%)
ranking_my_percent: 97.81746031746032
