ConfigName: kfr__advglobalrankweighted__M2__L11__eps0p02__g0p007__ds0p01__dm0p01
Problem: NK
Kernel: fr
Advantage: globalrankweighted
M: 2
lambda: 11
epsilon_svgd: 0.02
gamma: 0.007
decay_start_ratio: 0.01
decay_min_factor: 0.01
bandwith_kernel: None
no_interact: False
avg_score: 0.7521977424621582
median_score: 0.7515155076980591
std_score: 0.013167612254619598
percentiles: 2%=0.7313982844352722, 5%=0.7333925366401672, 10%=0.7352511286735535, 25%=0.7405083179473877, 50%=0.7515155076980591, 75%=0.7629975080490112, 90%=0.7703951001167297, 95%=0.7718133926391602, 98%=0.7808592319488525
ranking_best_algo: Tabu
ranking_best_score: 0.7657846284375001
ranking_my_rank: 13/504 (97.6%)
ranking_my_percent: 97.61904761904762
