ConfigName: kjsd__advperagentrankweighted__M3__L24__eps0p007__g0p0005__ds0p05__dm0p2
Problem: NK
Kernel: jsd
Advantage: peragentrankweighted
M: 3
lambda: 24
epsilon_svgd: 0.007
gamma: 0.0005
decay_start_ratio: 0.05
decay_min_factor: 0.2
bandwith_kernel: None
no_interact: False
avg_score: 0.7538931369781494
median_score: 0.7527821063995361
std_score: 0.014176767319440842
percentiles: 2%=0.7292523980140686, 5%=0.7323892116546631, 10%=0.7369111776351929, 25%=0.7434026002883911, 50%=0.7527821063995361, 75%=0.7632312774658203, 90%=0.7742167115211487, 95%=0.7789231538772583, 98%=0.7830500602722168
ranking_best_algo: Tabu
ranking_best_score: 0.7657846284375001
ranking_my_rank: 9/504 (98.4%)
ranking_my_percent: 98.41269841269842
