ConfigName: kfr__advglobalrankweighted__M6__L10__eps0p02__g0p005__ds0p01__dm0p01
Problem: QUBO
Kernel: fr
Advantage: globalrankweighted
M: 6
lambda: 10
epsilon_svgd: 0.02
gamma: 0.005
decay_start_ratio: 0.01
decay_min_factor: 0.01
bandwith_kernel: None
no_interact: False
avg_score: -1185.1800537109375
median_score: -1183.0
std_score: 70.55287170410156
percentiles: 2%=-1305.47998046875, 5%=-1301.0999755859375, 10%=-1275.5, 25%=-1243.25, 50%=-1183.0, 75%=-1138.0, 90%=-1092.5999755859375, 95%=-1074.800048828125, 98%=-1066.760009765625
ranking_best_algo: BigLognormalDiscreteOnePlusOne
ranking_best_score: 1301.3600000000004
ranking_my_rank: 93/504 (81.7%)
ranking_my_percent: 81.74603174603175
