ConfigName: kjsd__advperagentrankweighted__M3__L24__eps0p005__g0p001__ds0p05__dm0p1
Problem: NK
Kernel: jsd
Advantage: peragentrankweighted
M: 3
lambda: 24
epsilon_svgd: 0.005
gamma: 0.001
decay_start_ratio: 0.05
decay_min_factor: 0.1
bandwith_kernel: None
no_interact: False
avg_score: 0.7290406227111816
median_score: 0.7306833267211914
std_score: 0.010470547713339329
percentiles: 2%=0.7072187662124634, 5%=0.7140508890151978, 10%=0.7161862850189209, 25%=0.7216000556945801, 50%=0.7306833267211914, 75%=0.7364476919174194, 90%=0.7417698502540588, 95%=0.7443247437477112, 98%=0.7470405101776123
ranking_best_algo: Tabu
ranking_best_score: 0.7429702712499999
ranking_my_rank: 2/504 (99.8%)
ranking_my_percent: 99.8015873015873
