ConfigName: kfr__advglobalrankweighted__M4__L12__eps0p02__g0p007__ds0p01__dm0p01
Problem: QUBO
Kernel: fr
Advantage: globalrankweighted
M: 4
lambda: 12
epsilon_svgd: 0.02
gamma: 0.007
decay_start_ratio: 0.01
decay_min_factor: 0.01
bandwith_kernel: None
no_interact: False
avg_score: -1188.8800048828125
median_score: -1177.0
std_score: 65.49905395507812
percentiles: 2%=-1323.6800537109375, 5%=-1317.0999755859375, 10%=-1280.300048828125, 25%=-1231.0, 50%=-1177.0, 75%=-1142.0, 90%=-1119.5999755859375, 95%=-1096.1500244140625, 98%=-1069.8199462890625
ranking_best_algo: Tabu
ranking_best_score: 1216.16
ranking_my_rank: 57/504 (88.9%)
ranking_my_percent: 88.88888888888889
