ConfigName: kjsd__advperagentrankweighted__M4__L24__eps0p01__g0p0005__ds0p05__dm0p05
Problem: NK
Kernel: jsd
Advantage: peragentrankweighted
M: 4
lambda: 24
epsilon_svgd: 0.01
gamma: 0.0005
decay_start_ratio: 0.05
decay_min_factor: 0.05
bandwith_kernel: None
no_interact: False
avg_score: 0.7104446291923523
median_score: 0.71128249168396
std_score: 0.015398009680211544
percentiles: 2%=0.6713582277297974, 5%=0.6730279326438904, 10%=0.6949843764305115, 25%=0.7071794271469116, 50%=0.71128249168396, 75%=0.7202785015106201, 90%=0.7255724668502808, 95%=0.7331420183181763, 98%=0.7333236336708069
ranking_best_algo: CMApara
ranking_best_score: 0.707475975
ranking_my_rank: 1/504 (100.0%)
ranking_my_percent: 100.0
