ConfigName: kfr__advglobalrankweighted__M4__L5__eps0p05__g0p007__ds0p01__dm0p01
Problem: QUBO
Kernel: fr
Advantage: globalrankweighted
M: 4
lambda: 5
epsilon_svgd: 0.05
gamma: 0.007
decay_start_ratio: 0.01
decay_min_factor: 0.01
bandwith_kernel: None
no_interact: False
avg_score: -941.1400146484375
median_score: -931.0
std_score: 63.43721389770508
percentiles: 2%=-1056.0799560546875, 5%=-1046.1500244140625, 10%=-1033.0, 25%=-993.0, 50%=-931.0, 75%=-903.5, 90%=-876.9000244140625, 95%=-833.0, 98%=-814.8399658203125
ranking_best_algo: CMApara
ranking_best_score: 964.9
ranking_my_rank: 5/504 (99.2%)
ranking_my_percent: 99.2063492063492
