ConfigName: kjsd__advperagentrankweighted__M3__L18__eps0p005__g0p001__ds0p1__dm0p2
Problem: NK
Kernel: jsd
Advantage: peragentrankweighted
M: 3
lambda: 18
epsilon_svgd: 0.005
gamma: 0.001
decay_start_ratio: 0.1
decay_min_factor: 0.2
bandwith_kernel: None
no_interact: False
avg_score: 0.7545568943023682
median_score: 0.7559418678283691
std_score: 0.013311066664755344
percentiles: 2%=0.7255231738090515, 5%=0.7280564308166504, 10%=0.7364926934242249, 25%=0.747589647769928, 50%=0.7559418678283691, 75%=0.7638034820556641, 90%=0.7700140476226807, 95%=0.7724976539611816, 98%=0.7794666886329651
ranking_best_algo: Tabu
ranking_best_score: 0.7657846284375001
ranking_my_rank: 7/504 (98.8%)
ranking_my_percent: 98.80952380952381
