ConfigName: kjsd__advperagentrankweighted__M3__L18__eps0p01__g0p0007__ds0p1__dm0p05
Problem: NK
Kernel: jsd
Advantage: peragentrankweighted
M: 3
lambda: 18
epsilon_svgd: 0.01
gamma: 0.0007
decay_start_ratio: 0.1
decay_min_factor: 0.05
bandwith_kernel: None
no_interact: False
avg_score: 0.7233970165252686
median_score: 0.722648024559021
std_score: 0.007294164039194584
percentiles: 2%=0.711158037185669, 5%=0.7125962376594543, 10%=0.7137532830238342, 25%=0.7182945609092712, 50%=0.722648024559021, 75%=0.7279185056686401, 90%=0.7321226596832275, 95%=0.7360497713088989, 98%=0.7392298579216003
ranking_best_algo: PBIL
ranking_best_score: 0.7170882103515624
ranking_my_rank: 1/504 (100.0%)
ranking_my_percent: 100.0
