ConfigName: krbf__advnormalizedfitness__M3__L12__eps0p033__g0p005__ds0p3__dm0p3
Problem: QUBO
Kernel: rbf
Advantage: normalizedfitness
M: 3
lambda: 12
epsilon_svgd: 0.033
gamma: 0.005
decay_start_ratio: 0.3
decay_min_factor: 0.3
bandwith_kernel: None
no_interact: False
avg_score: -3222.1201171875
median_score: -3228.0
std_score: 135.69725036621094
percentiles: 2%=-3474.56005859375, 5%=-3438.5, 10%=-3403.699951171875, 25%=-3328.0, 50%=-3228.0, 75%=-3118.75, 90%=-3040.0, 95%=-3015.949951171875, 98%=-2988.639892578125
ranking_best_algo: RLSOnePlusOne
ranking_best_score: 3316.5199999999995
ranking_my_rank: 43/504 (91.7%)
ranking_my_percent: 91.66666666666667
