ConfigName: kfr__advglobalrankweighted__M4__L10__eps0p02__g0p005__ds0p01__dm0p01
Problem: QUBO
Kernel: fr
Advantage: globalrankweighted
M: 4
lambda: 10
epsilon_svgd: 0.02
gamma: 0.005
decay_start_ratio: 0.01
decay_min_factor: 0.01
bandwith_kernel: None
no_interact: False
avg_score: -199.52000427246094
median_score: -200.0
std_score: 12.361618041992188
percentiles: 2%=-224.0, 5%=-222.0, 10%=-214.10000610351562, 25%=-205.25, 50%=-200.0, 75%=-192.75, 90%=-184.89999389648438, 95%=-179.85000610351562, 98%=-170.89999389648438
ranking_best_algo: Tabu
ranking_best_score: 208.36000000000004
ranking_my_rank: 68/504 (86.7%)
ranking_my_percent: 86.7063492063492
