ConfigName: kfr__advglobalrankweighted__M4__L9__eps0p02__g0p003__ds0p01__dm0p01
Problem: QUBO
Kernel: fr
Advantage: globalrankweighted
M: 4
lambda: 9
epsilon_svgd: 0.02
gamma: 0.003
decay_start_ratio: 0.01
decay_min_factor: 0.01
bandwith_kernel: None
no_interact: False
avg_score: -1606.6600341796875
median_score: -1603.5
std_score: 67.15254211425781
percentiles: 2%=-1734.1400146484375, 5%=-1716.1500244140625, 10%=-1695.0999755859375, 25%=-1654.75, 50%=-1603.5, 75%=-1561.0, 90%=-1533.699951171875, 95%=-1510.5, 98%=-1450.9599609375
ranking_best_algo: NLOPT_LN_PRAXIS
ranking_best_score: 1607.12
ranking_my_rank: 2/504 (99.8%)
ranking_my_percent: 99.8015873015873
