ConfigName: kfr__advglobalrankweighted__M1__L8__eps0p02__g0p003__ds0p01__dm0p01
Problem: QUBO
Kernel: fr
Advantage: globalrankweighted
M: 1
lambda: 8
epsilon_svgd: 0.02
gamma: 0.003
decay_start_ratio: 0.01
decay_min_factor: 0.01
bandwith_kernel: None
no_interact: False
avg_score: -136.10000610351562
median_score: -136.5
std_score: 14.673445701599121
percentiles: 2%=-175.0399932861328, 5%=-158.3000030517578, 10%=-153.0, 25%=-142.5, 50%=-136.5, 75%=-127.0, 90%=-120.80000305175781, 95%=-112.90000915527344, 98%=-103.95999145507812
ranking_best_algo: CMApara
ranking_best_score: 154.28
ranking_my_rank: 320/504 (36.7%)
ranking_my_percent: 36.70634920634921
