ConfigName: kjsd__advperagentrankweighted__M4__L24__eps0p01__g0p0005__ds0p05__dm0p05
Problem: QUBO
Kernel: jsd
Advantage: peragentrankweighted
M: 4
lambda: 24
epsilon_svgd: 0.01
gamma: 0.0005
decay_start_ratio: 0.05
decay_min_factor: 0.05
bandwith_kernel: None
no_interact: False
avg_score: -1317.9200439453125
median_score: -1313.0
std_score: 54.93899917602539
percentiles: 2%=-1421.06005859375, 5%=-1407.1500244140625, 10%=-1394.0999755859375, 25%=-1362.75, 50%=-1313.0, 75%=-1274.5, 90%=-1251.300048828125, 95%=-1232.8499755859375, 98%=-1226.719970703125
ranking_best_algo: BigLognormalDiscreteOnePlusOne
ranking_best_score: 1301.3600000000004
ranking_my_rank: 1/504 (100.0%)
ranking_my_percent: 100.0
no_repulsion: True
