ConfigName: kjsd__advperagentrankweighted__M4__L24__eps0p03__g0p0005__ds0p2__dm0p05
Problem: QUBO
Kernel: jsd
Advantage: peragentrankweighted
M: 4
lambda: 24
epsilon_svgd: 0.03
gamma: 0.0005
decay_start_ratio: 0.2
decay_min_factor: 0.05
bandwith_kernel: None
no_interact: False
avg_score: -1183.1199951171875
median_score: -1184.0
std_score: 54.816471099853516
percentiles: 2%=-1323.280029296875, 5%=-1267.5, 10%=-1232.4000244140625, 25%=-1215.25, 50%=-1184.0, 75%=-1148.75, 90%=-1112.9000244140625, 95%=-1101.75, 98%=-1081.699951171875
ranking_best_algo: Tabu
ranking_best_score: 1216.16
ranking_my_rank: 65/504 (87.3%)
ranking_my_percent: 87.3015873015873
