ConfigName: krbf__advnormalizedfitness__M3__L12__eps0p025__g0p015__ds0p01__dm0p3
Problem: QUBO
Kernel: rbf
Advantage: normalizedfitness
M: 3
lambda: 12
epsilon_svgd: 0.025
gamma: 0.015
decay_start_ratio: 0.01
decay_min_factor: 0.3
bandwith_kernel: None
no_interact: False
avg_score: -1074.3800048828125
median_score: -1060.0
std_score: 120.65519714355469
percentiles: 2%=-1301.6400146484375, 5%=-1271.550048828125, 10%=-1251.5, 25%=-1149.75, 50%=-1060.0, 75%=-995.0, 90%=-934.5, 95%=-872.4000244140625, 98%=-834.4398803710938
ranking_best_algo: NLOPT_LN_PRAXIS
ranking_best_score: 1607.12
ranking_my_rank: 295/504 (41.7%)
ranking_my_percent: 41.666666666666664
