ConfigName: kjsd__advperagentrankweighted__M3__L20__eps0p007__g0p0007__ds0p05__dm0p05
Problem: QUBO
Kernel: jsd
Advantage: peragentrankweighted
M: 3
lambda: 20
epsilon_svgd: 0.007
gamma: 0.0007
decay_start_ratio: 0.05
decay_min_factor: 0.05
bandwith_kernel: None
no_interact: False
avg_score: -911.9600219726562
median_score: -907.0
std_score: 63.200782775878906
percentiles: 2%=-1036.4000244140625, 5%=-1014.1500244140625, 10%=-994.2000122070312, 25%=-957.0, 50%=-907.0, 75%=-871.0, 90%=-826.5, 95%=-808.8499755859375, 98%=-798.8200073242188
ranking_best_algo: CMAL3
ranking_best_score: 928.5800000000002
ranking_my_rank: 20/504 (96.2%)
ranking_my_percent: 96.23015873015873
