ConfigName: krbf__advnormalizedfitness__M1__L8__eps0p033__g0p005__ds0p15__dm0p01
Problem: NK
Kernel: rbf
Advantage: normalizedfitness
M: 1
lambda: 8
epsilon_svgd: 0.033
gamma: 0.005
decay_start_ratio: 0.15
decay_min_factor: 0.01
bandwith_kernel: None
no_interact: False
avg_score: 0.7162528038024902
median_score: 0.7161866426467896
std_score: 0.013943443074822426
percentiles: 2%=0.6890797019004822, 5%=0.6935133337974548, 10%=0.696832001209259, 25%=0.7077077627182007, 50%=0.7161866426467896, 75%=0.7257315516471863, 90%=0.73305344581604, 95%=0.7396982908248901, 98%=0.74394690990448
ranking_best_algo: PBIL
ranking_best_score: 0.730509098125
ranking_my_rank: 119/504 (76.6%)
ranking_my_percent: 76.58730158730158
