ConfigName: krbf__advnormalizedfitness__M4__L10__eps0p015__g0p005__ds0p15__dm0p3
Problem: QUBO
Kernel: rbf
Advantage: normalizedfitness
M: 4
lambda: 10
epsilon_svgd: 0.015
gamma: 0.005
decay_start_ratio: 0.15
decay_min_factor: 0.3
bandwith_kernel: None
no_interact: False
avg_score: -899.52001953125
median_score: -892.5
std_score: 74.72957611083984
percentiles: 2%=-1048.260009765625, 5%=-1038.199951171875, 10%=-1018.0, 25%=-936.5, 50%=-892.5, 75%=-847.0, 90%=-810.9000244140625, 95%=-792.7000122070312, 98%=-758.9199829101562
ranking_best_algo: CMApara
ranking_best_score: 964.9
ranking_my_rank: 120/504 (76.4%)
ranking_my_percent: 76.38888888888889
