ConfigName: kfr__advglobalrankweighted__M6__L11__eps0p015__g0p007__ds0p01__dm0p01
Problem: QUBO
Kernel: fr
Advantage: globalrankweighted
M: 6
lambda: 11
epsilon_svgd: 0.015
gamma: 0.007
decay_start_ratio: 0.01
decay_min_factor: 0.01
bandwith_kernel: None
no_interact: False
avg_score: -412.05999755859375
median_score: -412.0
std_score: 26.599180221557617
percentiles: 2%=-461.0199890136719, 5%=-457.04998779296875, 10%=-450.1000061035156, 25%=-432.0, 50%=-412.0, 75%=-394.0, 90%=-375.8999938964844, 95%=-368.9000244140625, 98%=-365.97998046875
ranking_best_algo: CMApara
ranking_best_score: 453.82
ranking_my_rank: 229/504 (54.8%)
ranking_my_percent: 54.76190476190476
