ConfigName: kjsd__advperagentrankweighted__M5__L8__eps0p005__g0p0003__ds0p2__dm0p05
Problem: QUBO
Kernel: jsd
Advantage: peragentrankweighted
M: 5
lambda: 8
epsilon_svgd: 0.005
gamma: 0.0003
decay_start_ratio: 0.2
decay_min_factor: 0.05
bandwith_kernel: None
no_interact: False
avg_score: -1312.6400146484375
median_score: -1315.5
std_score: 57.27486801147461
percentiles: 2%=-1418.06005859375, 5%=-1407.050048828125, 10%=-1387.0999755859375, 25%=-1353.5, 50%=-1315.5, 75%=-1274.5, 90%=-1234.699951171875, 95%=-1223.5999755859375, 98%=-1186.97998046875
ranking_best_algo: BigLognormalDiscreteOnePlusOne
ranking_best_score: 1301.3600000000004
ranking_my_rank: 1/504 (100.0%)
ranking_my_percent: 100.0
