ConfigName: krbf__advnormalizedfitness__M1__L8__eps0p015__g0p015__ds0p15__dm0p01
Problem: QUBO
Kernel: rbf
Advantage: normalizedfitness
M: 1
lambda: 8
epsilon_svgd: 0.015
gamma: 0.015
decay_start_ratio: 0.15
decay_min_factor: 0.01
bandwith_kernel: None
no_interact: False
avg_score: -889.6799926757812
median_score: -885.0
std_score: 75.37584686279297
percentiles: 2%=-1042.1199951171875, 5%=-1022.2000122070312, 10%=-990.0999755859375, 25%=-938.25, 50%=-885.0, 75%=-834.0, 90%=-800.5, 95%=-769.0, 98%=-744.5399169921875
ranking_best_algo: CMAL3
ranking_best_score: 928.5800000000002
ranking_my_rank: 100/504 (80.4%)
ranking_my_percent: 80.35714285714286
