ConfigName: kjsd__advperagentrankweighted__M3__L24__eps0p005__g0p001__ds0p1__dm0p2
Problem: QUBO
Kernel: jsd
Advantage: peragentrankweighted
M: 3
lambda: 24
epsilon_svgd: 0.005
gamma: 0.001
decay_start_ratio: 0.1
decay_min_factor: 0.2
bandwith_kernel: None
no_interact: False
avg_score: -3180.93994140625
median_score: -3183.0
std_score: 146.348876953125
percentiles: 2%=-3490.0, 5%=-3430.10009765625, 10%=-3344.60009765625, 25%=-3280.5, 50%=-3183.0, 75%=-3061.5, 90%=-2998.0, 95%=-2952.550048828125, 98%=-2915.260009765625
ranking_best_algo: RLSOnePlusOne
ranking_best_score: 3316.5199999999995
ranking_my_rank: 57/504 (88.9%)
ranking_my_percent: 88.88888888888889
