ConfigName: kfr__advglobalrankweighted__M4__L10__eps0p015__g0p007__ds0p01__dm0p01
Problem: QUBO
Kernel: fr
Advantage: globalrankweighted
M: 4
lambda: 10
epsilon_svgd: 0.015
gamma: 0.007
decay_start_ratio: 0.01
decay_min_factor: 0.01
bandwith_kernel: None
no_interact: False
avg_score: -2500.52001953125
median_score: -2492.5
std_score: 148.73011779785156
percentiles: 2%=-2836.739990234375, 5%=-2738.14990234375, 10%=-2689.0, 25%=-2603.5, 50%=-2492.5, 75%=-2386.0, 90%=-2325.300048828125, 95%=-2261.449951171875, 98%=-2231.8798828125
ranking_best_algo: DiscreteLengler2OnePlusOne
ranking_best_score: 2617.04
ranking_my_rank: 72/504 (85.9%)
ranking_my_percent: 85.91269841269842
