ConfigName: krbf__advnormalizedfitness__M4__L8__eps0p025__g0p007__ds0p15__dm0p01
Problem: QUBO
Kernel: rbf
Advantage: normalizedfitness
M: 4
lambda: 8
epsilon_svgd: 0.025
gamma: 0.007
decay_start_ratio: 0.15
decay_min_factor: 0.01
bandwith_kernel: None
no_interact: False
avg_score: -429.2799987792969
median_score: -428.0
std_score: 26.095239639282227
percentiles: 2%=-479.0, 5%=-473.0, 10%=-463.20001220703125, 25%=-447.25, 50%=-428.0, 75%=-414.75, 90%=-396.8999938964844, 95%=-389.0, 98%=-375.9599914550781
ranking_best_algo: CMAL3
ranking_best_score: 435.36
ranking_my_rank: 11/504 (98.0%)
ranking_my_percent: 98.01587301587301
