ConfigName: kjsd__advperagentrankweighted__M2__L20__eps0p005__g0p0005__ds0p1__dm0p05
Problem: QUBO
Kernel: jsd
Advantage: peragentrankweighted
M: 2
lambda: 20
epsilon_svgd: 0.005
gamma: 0.0005
decay_start_ratio: 0.1
decay_min_factor: 0.05
bandwith_kernel: None
no_interact: False
avg_score: -926.3599853515625
median_score: -919.0
std_score: 67.71861267089844
percentiles: 2%=-1065.219970703125, 5%=-1060.1500244140625, 10%=-1020.7999877929688, 25%=-962.0, 50%=-919.0, 75%=-870.75, 90%=-846.9000244140625, 95%=-840.0, 98%=-818.9000244140625
ranking_best_algo: CMApara
ranking_best_score: 964.9
ranking_my_rank: 21/504 (96.0%)
ranking_my_percent: 96.03174603174604
