ConfigName: kjsd__advperagentrankweighted__M4__L20__eps0p007__g0p0005__ds0p2__dm0p1
Problem: QUBO
Kernel: jsd
Advantage: peragentrankweighted
M: 4
lambda: 20
epsilon_svgd: 0.007
gamma: 0.0005
decay_start_ratio: 0.2
decay_min_factor: 0.1
bandwith_kernel: None
no_interact: False
avg_score: -1304.8800048828125
median_score: -1301.0
std_score: 59.8114128112793
percentiles: 2%=-1433.0400390625, 5%=-1405.4000244140625, 10%=-1388.0999755859375, 25%=-1347.75, 50%=-1301.0, 75%=-1256.5, 90%=-1239.0, 95%=-1217.0, 98%=-1202.780029296875
ranking_best_algo: BigLognormalDiscreteOnePlusOne
ranking_best_score: 1301.3600000000004
ranking_my_rank: 1/504 (100.0%)
ranking_my_percent: 100.0
