ConfigName: krbf__advnormalizedfitness__M4__L10__eps0p025__g0p01__ds0p01__dm0p01
Problem: QUBO
Kernel: rbf
Advantage: normalizedfitness
M: 4
lambda: 10
epsilon_svgd: 0.025
gamma: 0.01
decay_start_ratio: 0.01
decay_min_factor: 0.01
bandwith_kernel: None
no_interact: False
avg_score: -1172.93994140625
median_score: -1165.5
std_score: 68.14115142822266
percentiles: 2%=-1319.8800048828125, 5%=-1301.9000244140625, 10%=-1256.800048828125, 25%=-1207.5, 50%=-1165.5, 75%=-1127.75, 90%=-1086.9000244140625, 95%=-1080.949951171875, 98%=-1032.9000244140625
ranking_best_algo: Tabu
ranking_best_score: 1216.16
ranking_my_rank: 85/504 (83.3%)
ranking_my_percent: 83.33333333333333
