ConfigName: kjsd__advperagentrankweighted__M6__L10__eps0p008__g0p0005__ds0p05__dm0p05
Problem: QUBO
Kernel: jsd
Advantage: peragentrankweighted
M: 6
lambda: 10
epsilon_svgd: 0.008
gamma: 0.0005
decay_start_ratio: 0.05
decay_min_factor: 0.05
bandwith_kernel: None
no_interact: False
avg_score: -418.5799865722656
median_score: -420.0
std_score: 25.04043960571289
percentiles: 2%=-469.0799865722656, 5%=-457.1000061035156, 10%=-453.3999938964844, 25%=-434.0, 50%=-420.0, 75%=-400.0, 90%=-387.79998779296875, 95%=-384.0, 98%=-371.8800048828125
ranking_best_algo: Tabu
ranking_best_score: 438.12
ranking_my_rank: 35/504 (93.3%)
ranking_my_percent: 93.25396825396825
