ConfigName: krbf__advnormalizedfitness__M3__L15__eps0p033__g0p01__ds0p3__dm0p01
Problem: QUBO
Kernel: rbf
Advantage: normalizedfitness
M: 3
lambda: 15
epsilon_svgd: 0.033
gamma: 0.01
decay_start_ratio: 0.3
decay_min_factor: 0.01
bandwith_kernel: None
no_interact: False
avg_score: -440.5400085449219
median_score: -442.0
std_score: 26.737773895263672
percentiles: 2%=-489.05999755859375, 5%=-482.04998779296875, 10%=-472.1000061035156, 25%=-460.25, 50%=-442.0, 75%=-420.5, 90%=-404.0, 95%=-398.6500244140625, 98%=-386.97998046875
ranking_best_algo: CMApara
ranking_best_score: 453.82
ranking_my_rank: 14/504 (97.4%)
ranking_my_percent: 97.42063492063492
