ConfigName: krbf__advnormalizedfitness__M4__L15__eps0p025__g0p015__ds0p3__dm0p01
Problem: NK
Kernel: rbf
Advantage: normalizedfitness
M: 4
lambda: 15
epsilon_svgd: 0.025
gamma: 0.015
decay_start_ratio: 0.3
decay_min_factor: 0.01
bandwith_kernel: None
no_interact: False
avg_score: 0.7319401502609253
median_score: 0.732821524143219
std_score: 0.017304761335253716
percentiles: 2%=0.6956597566604614, 5%=0.6981174945831299, 10%=0.7072916030883789, 25%=0.7211662530899048, 50%=0.732821524143219, 75%=0.7467135190963745, 90%=0.7521730065345764, 95%=0.7553952932357788, 98%=0.7576543688774109
ranking_best_algo: Tabu
ranking_best_score: 0.7657846284375001
ranking_my_rank: 177/504 (65.1%)
ranking_my_percent: 65.07936507936508
