ConfigName: krbf__advnormalizedfitness__M1__L8__eps0p033__g0p005__ds0p15__dm0p3
Problem: NK
Kernel: rbf
Advantage: normalizedfitness
M: 1
lambda: 8
epsilon_svgd: 0.033
gamma: 0.005
decay_start_ratio: 0.15
decay_min_factor: 0.3
bandwith_kernel: None
no_interact: False
avg_score: 0.7007215619087219
median_score: 0.6931527853012085
std_score: 0.032996419817209244
percentiles: 2%=0.653903067111969, 5%=0.6575189232826233, 10%=0.6623114943504333, 25%=0.6725773215293884, 50%=0.6931527853012085, 75%=0.73408043384552, 90%=0.7470921874046326, 95%=0.7520389556884766, 98%=0.7565295100212097
ranking_best_algo: CMApara
ranking_best_score: 0.7118996098437498
ranking_my_rank: 239/504 (52.8%)
ranking_my_percent: 52.77777777777778
