ConfigName: krbf__advnormalizedfitness__M4__L15__eps0p03__g0p001__ds0p05__dm0p05
Problem: NK
Kernel: rbf
Advantage: normalizedfitness
M: 4
lambda: 15
epsilon_svgd: 0.03
gamma: 0.001
decay_start_ratio: 0.05
decay_min_factor: 0.05
bandwith_kernel: None
no_interact: False
avg_score: 0.7099314332008362
median_score: 0.6994725465774536
std_score: 0.03184111788868904
percentiles: 2%=0.6727383136749268, 5%=0.6737030148506165, 10%=0.6752097010612488, 25%=0.6806793808937073, 50%=0.6994725465774536, 75%=0.7457537651062012, 90%=0.7522416710853577, 95%=0.7586009502410889, 98%=0.7613165378570557
ranking_best_algo: CMApara
ranking_best_score: 0.7118996098437498
ranking_my_rank: 44/504 (91.5%)
ranking_my_percent: 91.46825396825396
