ConfigName: krbf__advnormalizedfitness__M1__L8__eps0p015__g0p005__ds0p3__dm0p01
Problem: NK
Kernel: rbf
Advantage: normalizedfitness
M: 1
lambda: 8
epsilon_svgd: 0.015
gamma: 0.005
decay_start_ratio: 0.3
decay_min_factor: 0.01
bandwith_kernel: None
no_interact: False
avg_score: 0.7363650798797607
median_score: 0.734530508518219
std_score: 0.014045031741261482
percentiles: 2%=0.7142361998558044, 5%=0.7163378596305847, 10%=0.7193989753723145, 25%=0.7269620895385742, 50%=0.734530508518219, 75%=0.7455446720123291, 90%=0.7539992332458496, 95%=0.7621743083000183, 98%=0.766642689704895
ranking_best_algo: Tabu
ranking_best_score: 0.7470791764843752
ranking_my_rank: 17/504 (96.8%)
ranking_my_percent: 96.82539682539682
