ConfigName: kjsd__advperagentrankweighted__M4__L8__eps0p02__g0p0007__ds0p05__dm0p05
Problem: QUBO
Kernel: jsd
Advantage: peragentrankweighted
M: 4
lambda: 8
epsilon_svgd: 0.02
gamma: 0.0007
decay_start_ratio: 0.05
decay_min_factor: 0.05
bandwith_kernel: None
no_interact: False
avg_score: -1179.0999755859375
median_score: -1177.0
std_score: 56.99692916870117
percentiles: 2%=-1298.0999755859375, 5%=-1283.5, 10%=-1248.0999755859375, 25%=-1218.0, 50%=-1177.0, 75%=-1139.75, 90%=-1104.800048828125, 95%=-1095.550048828125, 98%=-1078.9000244140625
ranking_best_algo: Tabu
ranking_best_score: 1216.16
ranking_my_rank: 70/504 (86.3%)
ranking_my_percent: 86.30952380952381
