ConfigName: kjsd__advperagentrankweighted__M10__L12__eps0p005__g0p0005__ds0p3__dm0p05
Problem: QUBO
Kernel: jsd
Advantage: peragentrankweighted
M: 10
lambda: 12
epsilon_svgd: 0.005
gamma: 0.0005
decay_start_ratio: 0.3
decay_min_factor: 0.05
bandwith_kernel: None
no_interact: False
avg_score: -335.3399963378906
median_score: -337.5
std_score: 18.483625411987305
percentiles: 2%=-372.0, 5%=-372.0, 10%=-357.0, 25%=-346.25, 50%=-337.5, 75%=-324.0, 90%=-308.0, 95%=-305.8999938964844, 98%=-295.94000244140625
ranking_best_algo: CMApara
ranking_best_score: 344.22
ranking_my_rank: 58/504 (88.7%)
ranking_my_percent: 88.69047619047619
