ConfigName: kjsd__advperagentrankweighted__M5__L10__eps0p005__g0p0007__ds0p2__dm0p05
Problem: QUBO
Kernel: jsd
Advantage: peragentrankweighted
M: 5
lambda: 10
epsilon_svgd: 0.005
gamma: 0.0007
decay_start_ratio: 0.2
decay_min_factor: 0.05
bandwith_kernel: None
no_interact: False
avg_score: -3261.219970703125
median_score: -3275.5
std_score: 134.4618682861328
percentiles: 2%=-3477.47998046875, 5%=-3463.050048828125, 10%=-3430.60009765625, 25%=-3351.75, 50%=-3275.5, 75%=-3165.5, 90%=-3077.0, 95%=-3035.14990234375, 98%=-2972.6201171875
ranking_best_algo: RLSOnePlusOne
ranking_best_score: 3316.5199999999995
ranking_my_rank: 14/504 (97.4%)
ranking_my_percent: 97.42063492063492
