ConfigName: krbf__advnormalizedfitness__M4__L8__eps0p033__g0p015__ds0p3__dm0p3
Problem: QUBO
Kernel: rbf
Advantage: normalizedfitness
M: 4
lambda: 8
epsilon_svgd: 0.033
gamma: 0.015
decay_start_ratio: 0.3
decay_min_factor: 0.3
bandwith_kernel: None
no_interact: False
avg_score: -408.7799987792969
median_score: -407.5
std_score: 26.80506706237793
percentiles: 2%=-469.0799865722656, 5%=-454.04998779296875, 10%=-445.20001220703125, 25%=-424.5, 50%=-407.5, 75%=-386.0, 90%=-375.79998779296875, 95%=-372.0, 98%=-367.75994873046875
ranking_best_algo: Tabu
ranking_best_score: 438.12
ranking_my_rank: 138/504 (72.8%)
ranking_my_percent: 72.81746031746032
