ConfigName: kjsd__advperagentrankweighted__M3__L16__eps0p007__g0p003__ds0p1__dm0p05
Problem: NK
Kernel: jsd
Advantage: peragentrankweighted
M: 3
lambda: 16
epsilon_svgd: 0.007
gamma: 0.003
decay_start_ratio: 0.1
decay_min_factor: 0.05
bandwith_kernel: None
no_interact: False
avg_score: 0.7067306637763977
median_score: 0.708881139755249
std_score: 0.01179424673318863
percentiles: 2%=0.6869161128997803, 5%=0.6903622150421143, 10%=0.6915375590324402, 25%=0.6947388052940369, 50%=0.708881139755249, 75%=0.7174808979034424, 90%=0.7215728163719177, 95%=0.7231577634811401, 98%=0.7239300012588501
ranking_best_algo: PBIL
ranking_best_score: 0.7013553837109374
ranking_my_rank: 1/504 (100.0%)
ranking_my_percent: 100.0
