ConfigName: kjsd__advperagentrankweighted__M4__L8__eps0p01__g0p0003__ds0p2__dm0p05
Problem: NK
Kernel: jsd
Advantage: peragentrankweighted
M: 4
lambda: 8
epsilon_svgd: 0.01
gamma: 0.0003
decay_start_ratio: 0.2
decay_min_factor: 0.05
bandwith_kernel: None
no_interact: False
avg_score: 0.7260152697563171
median_score: 0.7270480394363403
std_score: 0.009253134950995445
percentiles: 2%=0.7050371766090393, 5%=0.7094774842262268, 10%=0.7132687568664551, 25%=0.7207132577896118, 50%=0.7270480394363403, 75%=0.7318614721298218, 90%=0.7380367517471313, 95%=0.7406020164489746, 98%=0.742266058921814
ranking_best_algo: PBIL
ranking_best_score: 0.7248786399609374
ranking_my_rank: 1/504 (100.0%)
ranking_my_percent: 100.0
