ConfigName: kjsd__advperagentrankweighted__M3__L16__eps0p01__g0p0005__ds0p1__dm0p2
Problem: QUBO
Kernel: jsd
Advantage: peragentrankweighted
M: 3
lambda: 16
epsilon_svgd: 0.01
gamma: 0.0005
decay_start_ratio: 0.1
decay_min_factor: 0.2
bandwith_kernel: None
no_interact: False
avg_score: -325.1600036621094
median_score: -329.0
std_score: 25.873815536499023
percentiles: 2%=-372.0, 5%=-357.20001220703125, 10%=-350.0, 25%=-342.0, 50%=-329.0, 75%=-312.0, 90%=-290.70001220703125, 95%=-279.8999938964844, 98%=-269.67999267578125
ranking_best_algo: CMApara
ranking_best_score: 344.22
ranking_my_rank: 121/504 (76.2%)
ranking_my_percent: 76.19047619047619
