ConfigName: kfr__advglobalrankweighted__M1__L11__eps0p01__g0p005__ds0p01__dm0p01
Problem: QUBO
Kernel: fr
Advantage: globalrankweighted
M: 1
lambda: 11
epsilon_svgd: 0.01
gamma: 0.005
decay_start_ratio: 0.01
decay_min_factor: 0.01
bandwith_kernel: None
no_interact: False
avg_score: -1287.239990234375
median_score: -1281.5
std_score: 58.72514343261719
percentiles: 2%=-1408.0400390625, 5%=-1384.050048828125, 10%=-1362.5, 25%=-1324.25, 50%=-1281.5, 75%=-1247.75, 90%=-1218.800048828125, 95%=-1198.800048828125, 98%=-1164.699951171875
ranking_best_algo: BigLognormalDiscreteOnePlusOne
ranking_best_score: 1301.3600000000004
ranking_my_rank: 4/504 (99.4%)
ranking_my_percent: 99.4047619047619
