ConfigName: krbf__advnormalizedfitness__M3__L12__eps0p025__g0p005__ds0p15__dm0p01
Problem: NK
Kernel: rbf
Advantage: normalizedfitness
M: 3
lambda: 12
epsilon_svgd: 0.025
gamma: 0.005
decay_start_ratio: 0.15
decay_min_factor: 0.01
bandwith_kernel: None
no_interact: False
avg_score: 0.7105289697647095
median_score: 0.7111724615097046
std_score: 0.015517118386924267
percentiles: 2%=0.6716762185096741, 5%=0.6720327138900757, 10%=0.6953110694885254, 25%=0.7076879143714905, 50%=0.7111724615097046, 75%=0.7204930782318115, 90%=0.7253134250640869, 95%=0.7323802709579468, 98%=0.7336224913597107
ranking_best_algo: CMApara
ranking_best_score: 0.707475975
ranking_my_rank: 1/504 (100.0%)
ranking_my_percent: 100.0
