ConfigName: kjsd__advperagentrankweighted__M3__L20__eps0p005__g0p003__ds0p1__dm0p1
Problem: NK
Kernel: jsd
Advantage: peragentrankweighted
M: 3
lambda: 20
epsilon_svgd: 0.005
gamma: 0.003
decay_start_ratio: 0.1
decay_min_factor: 0.1
bandwith_kernel: None
no_interact: False
avg_score: 0.7493435144424438
median_score: 0.7517135143280029
std_score: 0.0164090134203434
percentiles: 2%=0.7121262550354004, 5%=0.7193148732185364, 10%=0.7255116701126099, 25%=0.7396299839019775, 50%=0.7517135143280029, 75%=0.7604496479034424, 90%=0.7697972655296326, 95%=0.7706468105316162, 98%=0.7717230319976807
ranking_best_algo: Tabu
ranking_best_score: 0.7657846284375001
ranking_my_rank: 29/504 (94.4%)
ranking_my_percent: 94.44444444444444
