ConfigName: kjsd__advperagentrankweighted__M3__L18__eps0p005__g0p0007__ds0p2__dm0p2
Problem: NK
Kernel: jsd
Advantage: peragentrankweighted
M: 3
lambda: 18
epsilon_svgd: 0.005
gamma: 0.0007
decay_start_ratio: 0.2
decay_min_factor: 0.2
bandwith_kernel: None
no_interact: False
avg_score: 0.7104769349098206
median_score: 0.7118018865585327
std_score: 0.015246040187776089
percentiles: 2%=0.6720588207244873, 5%=0.6734288334846497, 10%=0.6932213306427002, 25%=0.7074064612388611, 50%=0.7118018865585327, 75%=0.7197296619415283, 90%=0.7255352735519409, 95%=0.7331460118293762, 98%=0.7333236336708069
ranking_best_algo: CMApara
ranking_best_score: 0.707475975
ranking_my_rank: 1/504 (100.0%)
ranking_my_percent: 100.0
