ConfigName: kjsd__advperagentrankweighted__M3__L30__eps0p005__g0p001__ds0p05__dm0p2
Problem: QUBO
Kernel: jsd
Advantage: peragentrankweighted
M: 3
lambda: 30
epsilon_svgd: 0.005
gamma: 0.001
decay_start_ratio: 0.05
decay_min_factor: 0.2
bandwith_kernel: None
no_interact: False
avg_score: -331.70001220703125
median_score: -337.0
std_score: 22.017038345336914
percentiles: 2%=-372.0, 5%=-372.0, 10%=-354.29998779296875, 25%=-343.75, 50%=-337.0, 75%=-319.5, 90%=-296.0, 95%=-290.0, 98%=-283.9599914550781
ranking_best_algo: CMApara
ranking_best_score: 344.22
ranking_my_rank: 76/504 (85.1%)
ranking_my_percent: 85.11904761904762
