ConfigName: kfr__advglobalrankweighted__M2__L8__eps0p015__g0p003__ds0p01__dm0p01
Problem: QUBO
Kernel: fr
Advantage: globalrankweighted
M: 2
lambda: 8
epsilon_svgd: 0.015
gamma: 0.003
decay_start_ratio: 0.01
decay_min_factor: 0.01
bandwith_kernel: None
no_interact: False
avg_score: -144.5
median_score: -143.0
std_score: 15.746428489685059
percentiles: 2%=-179.0, 5%=-179.0, 10%=-163.10000610351562, 25%=-155.0, 50%=-143.0, 75%=-135.75, 90%=-126.9000015258789, 95%=-119.85001373291016, 98%=-111.89997863769531
ranking_best_algo: CMApara
ranking_best_score: 154.28
ranking_my_rank: 181/504 (64.3%)
ranking_my_percent: 64.28571428571429
