ConfigName: kjsd__advperagentrankweighted__M10__L28__eps0p005__g0p0005__ds0p05__dm0p05
Problem: QUBO
Kernel: jsd
Advantage: peragentrankweighted
M: 10
lambda: 28
epsilon_svgd: 0.005
gamma: 0.0005
decay_start_ratio: 0.05
decay_min_factor: 0.05
bandwith_kernel: None
no_interact: False
avg_score: -741.760009765625
median_score: -735.5
std_score: 77.74394989013672
percentiles: 2%=-921.0, 5%=-898.8499755859375, 10%=-839.5999755859375, 25%=-783.75, 50%=-735.5, 75%=-685.0, 90%=-653.0, 95%=-630.7000122070312, 98%=-604.9600219726562
ranking_best_algo: NLOPT_LN_PRAXIS
ranking_best_score: 1607.12
ranking_my_rank: 364/504 (28.0%)
ranking_my_percent: 27.976190476190474
