ConfigName: krbf__advnormalizedfitness__M4__L12__eps0p025__g0p01__ds0p3__dm0p3
Problem: QUBO
Kernel: rbf
Advantage: normalizedfitness
M: 4
lambda: 12
epsilon_svgd: 0.025
gamma: 0.01
decay_start_ratio: 0.3
decay_min_factor: 0.3
bandwith_kernel: None
no_interact: False
avg_score: -192.9199981689453
median_score: -194.5
std_score: 13.269272804260254
percentiles: 2%=-218.0, 5%=-215.0, 10%=-210.10000610351562, 25%=-203.0, 50%=-194.5, 75%=-184.0, 90%=-174.89999389648438, 95%=-170.0, 98%=-167.95999145507812
ranking_best_algo: Tabu
ranking_best_score: 208.36000000000004
ranking_my_rank: 226/504 (55.4%)
ranking_my_percent: 55.357142857142854
