ConfigName: krbf__advnormalizedfitness__M3__L15__eps0p033__g0p015__ds0p01__dm0p3
Problem: NK
Kernel: rbf
Advantage: normalizedfitness
M: 3
lambda: 15
epsilon_svgd: 0.033
gamma: 0.015
decay_start_ratio: 0.01
decay_min_factor: 0.3
bandwith_kernel: None
no_interact: False
avg_score: 0.5760833621025085
median_score: 0.5757737159729004
std_score: 0.005808376241475344
percentiles: 2%=0.5664220452308655, 5%=0.5679290890693665, 10%=0.5691256523132324, 25%=0.5720793008804321, 50%=0.5757737159729004, 75%=0.5791445970535278, 90%=0.5822218656539917, 95%=0.585300862789154, 98%=0.5917664170265198
ranking_best_algo: PBIL
ranking_best_score: 0.7170882103515624
ranking_my_rank: 385/504 (23.8%)
ranking_my_percent: 23.80952380952381
