ConfigName: krbf__advnormalizedfitness__M2__L10__eps0p033__g0p005__ds0p3__dm0p3
Problem: QUBO
Kernel: rbf
Advantage: normalizedfitness
M: 2
lambda: 10
epsilon_svgd: 0.033
gamma: 0.005
decay_start_ratio: 0.3
decay_min_factor: 0.3
bandwith_kernel: None
no_interact: False
avg_score: -1281.93994140625
median_score: -1278.0
std_score: 59.38465118408203
percentiles: 2%=-1397.0400390625, 5%=-1381.5999755859375, 10%=-1373.0, 25%=-1318.25, 50%=-1278.0, 75%=-1248.0, 90%=-1206.4000244140625, 95%=-1188.699951171875, 98%=-1164.8399658203125
ranking_best_algo: BigLognormalDiscreteOnePlusOne
ranking_best_score: 1301.3600000000004
ranking_my_rank: 6/504 (99.0%)
ranking_my_percent: 99.0079365079365
