ConfigName: kjsd__advperagentrankweighted__M3__L18__eps0p007__g0p0007__ds0p1__dm0p05
Problem: QUBO
Kernel: jsd
Advantage: peragentrankweighted
M: 3
lambda: 18
epsilon_svgd: 0.007
gamma: 0.0007
decay_start_ratio: 0.1
decay_min_factor: 0.05
bandwith_kernel: None
no_interact: False
avg_score: -1316.0799560546875
median_score: -1316.5
std_score: 57.8775749206543
percentiles: 2%=-1425.1400146484375, 5%=-1405.6500244140625, 10%=-1389.5, 25%=-1365.0, 50%=-1316.5, 75%=-1272.5, 90%=-1241.300048828125, 95%=-1223.0, 98%=-1212.8399658203125
ranking_best_algo: BigLognormalDiscreteOnePlusOne
ranking_best_score: 1301.3600000000004
ranking_my_rank: 1/504 (100.0%)
ranking_my_percent: 100.0
