ConfigName: kjsd__advperagentrankweighted__M4__L12__eps0p005__g0p0007__ds0p4__dm0p05
Problem: QUBO
Kernel: jsd
Advantage: peragentrankweighted
M: 4
lambda: 12
epsilon_svgd: 0.005
gamma: 0.0007
decay_start_ratio: 0.4
decay_min_factor: 0.05
bandwith_kernel: None
no_interact: False
avg_score: -139.27999877929688
median_score: -140.5
std_score: 11.904687881469727
percentiles: 2%=-160.0, 5%=-158.0, 10%=-157.0, 25%=-146.0, 50%=-140.5, 75%=-130.75, 90%=-125.0, 95%=-119.69999694824219, 98%=-111.0
ranking_best_algo: DiscreteDE
ranking_best_score: 143.4
ranking_my_rank: 86/504 (83.1%)
ranking_my_percent: 83.13492063492063
