ConfigName: kfr__advglobalrankweighted__M6__L10__eps0p01__g0p005__ds0p01__dm0p01
Problem: QUBO
Kernel: fr
Advantage: globalrankweighted
M: 6
lambda: 10
epsilon_svgd: 0.01
gamma: 0.005
decay_start_ratio: 0.01
decay_min_factor: 0.01
bandwith_kernel: None
no_interact: False
avg_score: -1072.739990234375
median_score: -1074.0
std_score: 85.48328399658203
percentiles: 2%=-1257.1600341796875, 5%=-1233.1500244140625, 10%=-1194.5, 25%=-1118.5, 50%=-1074.0, 75%=-1010.0, 90%=-963.9000244140625, 95%=-942.9000244140625, 98%=-922.5798950195312
ranking_best_algo: Tabu
ranking_best_score: 1216.16
ranking_my_rank: 225/504 (55.6%)
ranking_my_percent: 55.55555555555556
