ConfigName: kjsd__advperagentrankweighted__M3__L20__eps0p007__g0p001__ds0p2__dm0p05
Problem: QUBO
Kernel: jsd
Advantage: peragentrankweighted
M: 3
lambda: 20
epsilon_svgd: 0.007
gamma: 0.001
decay_start_ratio: 0.2
decay_min_factor: 0.05
bandwith_kernel: None
no_interact: False
avg_score: -909.9199829101562
median_score: -911.0
std_score: 66.79949951171875
percentiles: 2%=-1038.0400390625, 5%=-1019.5499877929688, 10%=-993.2000122070312, 25%=-959.0, 50%=-911.0, 75%=-864.5, 90%=-828.5999755859375, 95%=-812.7000122070312, 98%=-783.6400146484375
ranking_best_algo: CMAL3
ranking_best_score: 928.5800000000002
ranking_my_rank: 28/504 (94.6%)
ranking_my_percent: 94.64285714285714
