ConfigName: krbf__advnormalizedfitness__M4__L15__eps0p025__g0p007__ds0p15__dm0p01
Problem: QUBO
Kernel: rbf
Advantage: normalizedfitness
M: 4
lambda: 15
epsilon_svgd: 0.025
gamma: 0.007
decay_start_ratio: 0.15
decay_min_factor: 0.01
bandwith_kernel: None
no_interact: False
avg_score: -1160.06005859375
median_score: -1146.0
std_score: 75.81250762939453
percentiles: 2%=-1323.4000244140625, 5%=-1307.699951171875, 10%=-1273.4000244140625, 25%=-1200.5, 50%=-1146.0, 75%=-1112.5, 90%=-1060.5, 95%=-1044.949951171875, 98%=-1038.97998046875
ranking_best_algo: Tabu
ranking_best_score: 1216.16
ranking_my_rank: 100/504 (80.4%)
ranking_my_percent: 80.35714285714286
