ConfigName: krbf__advnormalizedfitness__M4__L8__eps0p025__g0p015__ds0p3__dm0p01
Problem: QUBO
Kernel: rbf
Advantage: normalizedfitness
M: 4
lambda: 8
epsilon_svgd: 0.025
gamma: 0.015
decay_start_ratio: 0.3
decay_min_factor: 0.01
bandwith_kernel: None
no_interact: False
avg_score: -1269.1800537109375
median_score: -1261.0
std_score: 141.94712829589844
percentiles: 2%=-1587.02001953125, 5%=-1518.5999755859375, 10%=-1443.199951171875, 25%=-1383.5, 50%=-1261.0, 75%=-1154.5, 90%=-1094.5, 95%=-1066.7000732421875, 98%=-1056.9599609375
ranking_best_algo: NLOPT_LN_PRAXIS
ranking_best_score: 1607.12
ranking_my_rank: 205/504 (59.5%)
ranking_my_percent: 59.523809523809526
