ConfigName: krbf__advnormalizedfitness__M1__L8__eps0p025__g0p005__ds0p3__dm0p3
Problem: QUBO
Kernel: rbf
Advantage: normalizedfitness
M: 1
lambda: 8
epsilon_svgd: 0.025
gamma: 0.005
decay_start_ratio: 0.3
decay_min_factor: 0.3
bandwith_kernel: None
no_interact: False
avg_score: -864.9600219726562
median_score: -860.0
std_score: 66.80403137207031
percentiles: 2%=-1010.0999755859375, 5%=-972.8499755859375, 10%=-959.2000122070312, 25%=-906.0, 50%=-860.0, 75%=-818.75, 90%=-779.9000244140625, 95%=-760.800048828125, 98%=-741.7999267578125
ranking_best_algo: CMAL3
ranking_best_score: 928.5800000000002
ranking_my_rank: 177/504 (65.1%)
ranking_my_percent: 65.07936507936508
