ConfigName: kjsd__advperagentrankweighted__M4__L30__eps0p005__g0p0005__ds0p4__dm0p05
Problem: NK
Kernel: jsd
Advantage: peragentrankweighted
M: 4
lambda: 30
epsilon_svgd: 0.005
gamma: 0.0005
decay_start_ratio: 0.4
decay_min_factor: 0.05
bandwith_kernel: None
no_interact: False
avg_score: 0.7186501026153564
median_score: 0.7167211771011353
std_score: 0.014104524627327919
percentiles: 2%=0.6956502795219421, 5%=0.6992029547691345, 10%=0.7023128271102905, 25%=0.7092827558517456, 50%=0.7167211771011353, 75%=0.727552056312561, 90%=0.7392892241477966, 95%=0.7431284189224243, 98%=0.7521315813064575
ranking_best_algo: Tabu
ranking_best_score: 0.7429702712499999
ranking_my_rank: 52/504 (89.9%)
ranking_my_percent: 89.88095238095238
