ConfigName: kjsd__advperagentrankweighted__M3__L16__eps0p01__g0p0007__ds0p1__dm0p05
Problem: QUBO
Kernel: jsd
Advantage: peragentrankweighted
M: 3
lambda: 16
epsilon_svgd: 0.01
gamma: 0.0007
decay_start_ratio: 0.1
decay_min_factor: 0.05
bandwith_kernel: None
no_interact: False
avg_score: -306.760009765625
median_score: -304.0
std_score: 40.10564041137695
percentiles: 2%=-392.0, 5%=-388.0, 10%=-358.79998779296875, 25%=-332.5, 50%=-304.0, 75%=-273.0, 90%=-262.8999938964844, 95%=-251.8000030517578, 98%=-245.83999633789062
ranking_best_algo: CMApara
ranking_best_score: 319.29999999999995
ranking_my_rank: 112/504 (78.0%)
ranking_my_percent: 77.97619047619048
