ConfigName: kjsd__advperagentrankweighted__M4__L24__eps0p005__g0p0005__ds0p05__dm0p05
Problem: NK
Kernel: jsd
Advantage: peragentrankweighted
M: 4
lambda: 24
epsilon_svgd: 0.005
gamma: 0.0005
decay_start_ratio: 0.05
decay_min_factor: 0.05
bandwith_kernel: None
no_interact: False
avg_score: 0.7443746328353882
median_score: 0.7421905994415283
std_score: 0.028737392276525497
percentiles: 2%=0.6965754628181458, 5%=0.7054676413536072, 10%=0.7101551294326782, 25%=0.7220709323883057, 50%=0.7421905994415283, 75%=0.7603975534439087, 90%=0.7783373594284058, 95%=0.8044298887252808, 98%=0.8109671473503113
ranking_best_algo: CMApara
ranking_best_score: 0.7459277895312499
ranking_my_rank: 4/504 (99.4%)
ranking_my_percent: 99.4047619047619
