ConfigName: kjsd__advperagentrankweighted__M3__L20__eps0p005__g0p003__ds0p05__dm0p1
Problem: QUBO
Kernel: jsd
Advantage: peragentrankweighted
M: 3
lambda: 20
epsilon_svgd: 0.005
gamma: 0.003
decay_start_ratio: 0.05
decay_min_factor: 0.1
bandwith_kernel: None
no_interact: False
avg_score: -1014.2000122070312
median_score: -1001.0
std_score: 76.71701049804688
percentiles: 2%=-1184.739990234375, 5%=-1163.300048828125, 10%=-1121.5, 25%=-1059.0, 50%=-1001.0, 75%=-965.25, 90%=-916.9000244140625, 95%=-903.0, 98%=-880.8800048828125
ranking_best_algo: SVMMetaModelLogNormal
ranking_best_score: 1233.7999999999997
ranking_my_rank: 218/504 (56.9%)
ranking_my_percent: 56.94444444444444
