ConfigName: kfr__advglobalrankweighted__M3__L10__eps0p01__g0p007__ds0p01__dm0p01
Problem: QUBO
Kernel: fr
Advantage: globalrankweighted
M: 3
lambda: 10
epsilon_svgd: 0.01
gamma: 0.007
decay_start_ratio: 0.01
decay_min_factor: 0.01
bandwith_kernel: None
no_interact: False
avg_score: -329.6600036621094
median_score: -330.0
std_score: 21.312070846557617
percentiles: 2%=-372.0, 5%=-361.0, 10%=-354.0, 25%=-343.5, 50%=-330.0, 75%=-316.0, 90%=-299.79998779296875, 95%=-293.0, 98%=-289.7999572753906
ranking_best_algo: CMApara
ranking_best_score: 344.22
ranking_my_rank: 81/504 (84.1%)
ranking_my_percent: 84.12698412698413
