ConfigName: kjsd__advperagentrankweighted__M6__L10__eps0p008__g0p0005__ds0p3__dm0p05
Problem: QUBO
Kernel: jsd
Advantage: peragentrankweighted
M: 6
lambda: 10
epsilon_svgd: 0.008
gamma: 0.0005
decay_start_ratio: 0.3
decay_min_factor: 0.05
bandwith_kernel: None
no_interact: False
avg_score: -201.36000061035156
median_score: -201.5
std_score: 12.128907203674316
percentiles: 2%=-224.0, 5%=-224.0, 10%=-219.0, 25%=-209.0, 50%=-201.5, 75%=-191.75, 90%=-185.8000030517578, 95%=-181.0, 98%=-178.97999572753906
ranking_best_algo: Tabu
ranking_best_score: 208.36000000000004
ranking_my_rank: 40/504 (92.3%)
ranking_my_percent: 92.26190476190476
