ConfigName: kjsd__advperagentrankweighted__M4__L20__eps0p005__g0p0005__ds0p2__dm0p2
Problem: QUBO
Kernel: jsd
Advantage: peragentrankweighted
M: 4
lambda: 20
epsilon_svgd: 0.005
gamma: 0.0005
decay_start_ratio: 0.2
decay_min_factor: 0.2
bandwith_kernel: None
no_interact: False
avg_score: -443.17999267578125
median_score: -447.0
std_score: 28.344446182250977
percentiles: 2%=-492.0400085449219, 5%=-485.1000061035156, 10%=-475.3999938964844, 25%=-463.25, 50%=-447.0, 75%=-422.0, 90%=-400.0, 95%=-394.8500061035156, 98%=-386.94000244140625
ranking_best_algo: CMApara
ranking_best_score: 453.82
ranking_my_rank: 8/504 (98.6%)
ranking_my_percent: 98.61111111111111
