ConfigName: kjsd__advperagentrankweighted__M3__L16__eps0p01__g0p0007__ds0p05__dm0p2
Problem: QUBO
Kernel: jsd
Advantage: peragentrankweighted
M: 3
lambda: 16
epsilon_svgd: 0.01
gamma: 0.0007
decay_start_ratio: 0.05
decay_min_factor: 0.2
bandwith_kernel: None
no_interact: False
avg_score: -1309.0799560546875
median_score: -1311.5
std_score: 62.708003997802734
percentiles: 2%=-1433.1600341796875, 5%=-1401.1500244140625, 10%=-1387.0999755859375, 25%=-1351.0, 50%=-1311.5, 75%=-1273.75, 90%=-1210.9000244140625, 95%=-1200.5, 98%=-1188.719970703125
ranking_best_algo: BigLognormalDiscreteOnePlusOne
ranking_best_score: 1301.3600000000004
ranking_my_rank: 1/504 (100.0%)
ranking_my_percent: 100.0
