ConfigName: krbf__advnormalizedfitness__M2__L10__eps0p015__g0p01__ds0p15__dm0p01
Problem: QUBO
Kernel: rbf
Advantage: normalizedfitness
M: 2
lambda: 10
epsilon_svgd: 0.015
gamma: 0.01
decay_start_ratio: 0.15
decay_min_factor: 0.01
bandwith_kernel: None
no_interact: False
avg_score: -430.6400146484375
median_score: -429.5
std_score: 28.083988189697266
percentiles: 2%=-481.0400085449219, 5%=-477.1000061035156, 10%=-471.20001220703125, 25%=-452.25, 50%=-429.5, 75%=-407.75, 90%=-394.8999938964844, 95%=-389.95001220703125, 98%=-380.70001220703125
ranking_best_algo: CMAL3
ranking_best_score: 435.36
ranking_my_rank: 8/504 (98.6%)
ranking_my_percent: 98.61111111111111
