ConfigName: krbf__advnormalizedfitness__M1__L8__eps0p033__g0p01__ds0p3__dm0p3
Problem: QUBO
Kernel: rbf
Advantage: normalizedfitness
M: 1
lambda: 8
epsilon_svgd: 0.033
gamma: 0.01
decay_start_ratio: 0.3
decay_min_factor: 0.3
bandwith_kernel: None
no_interact: False
avg_score: -1135.93994140625
median_score: -1133.0
std_score: 87.38178253173828
percentiles: 2%=-1275.239990234375, 5%=-1259.4000244140625, 10%=-1244.300048828125, 25%=-1198.25, 50%=-1133.0, 75%=-1080.0, 90%=-1053.9000244140625, 95%=-1019.9500122070312, 98%=-1012.8593139648438
ranking_best_algo: Tabu
ranking_best_score: 1216.16
ranking_my_rank: 156/504 (69.2%)
ranking_my_percent: 69.24603174603175
