ConfigName: krbf__advnormalizedfitness__M3__L15__eps0p033__g0p005__ds0p01__dm0p01
Problem: QUBO
Kernel: rbf
Advantage: normalizedfitness
M: 3
lambda: 15
epsilon_svgd: 0.033
gamma: 0.005
decay_start_ratio: 0.01
decay_min_factor: 0.01
bandwith_kernel: None
no_interact: False
avg_score: -2615.02001953125
median_score: -2624.5
std_score: 124.67364501953125
percentiles: 2%=-2921.199951171875, 5%=-2806.5, 10%=-2783.199951171875, 25%=-2695.75, 50%=-2624.5, 75%=-2539.0, 90%=-2463.199951171875, 95%=-2403.699951171875, 98%=-2357.820068359375
ranking_best_algo: DiscreteLengler2OnePlusOne
ranking_best_score: 2617.04
ranking_my_rank: 2/504 (99.8%)
ranking_my_percent: 99.8015873015873
