ConfigName: krbf__advnormalizedfitness__M2__L8__eps0p033__g0p015__ds0p01__dm0p3
Problem: QUBO
Kernel: rbf
Advantage: normalizedfitness
M: 2
lambda: 8
epsilon_svgd: 0.033
gamma: 0.015
decay_start_ratio: 0.01
decay_min_factor: 0.3
bandwith_kernel: None
no_interact: False
avg_score: -2554.9599609375
median_score: -2536.0
std_score: 122.97315979003906
percentiles: 2%=-2794.360107421875, 5%=-2763.35009765625, 10%=-2720.10009765625, 25%=-2660.5, 50%=-2536.0, 75%=-2467.25, 90%=-2408.0, 95%=-2368.0, 98%=-2343.800048828125
ranking_best_algo: SVM1MetaModelLogNormal
ranking_best_score: 2605.14
ranking_my_rank: 41/504 (92.1%)
ranking_my_percent: 92.06349206349206
