ConfigName: kjsd__advperagentrankweighted__M4__L10__eps0p01__g0p0005__ds0p05__dm0p05
Problem: NK
Kernel: jsd
Advantage: peragentrankweighted
M: 4
lambda: 10
epsilon_svgd: 0.01
gamma: 0.0005
decay_start_ratio: 0.05
decay_min_factor: 0.05
bandwith_kernel: None
no_interact: False
avg_score: 0.7058421969413757
median_score: 0.7086782455444336
std_score: 0.011750676669180393
percentiles: 2%=0.6867141127586365, 5%=0.687682032585144, 10%=0.6890529990196228, 25%=0.6950922608375549, 50%=0.7086782455444336, 75%=0.7161500453948975, 90%=0.7196335196495056, 95%=0.7219913005828857, 98%=0.7228348851203918
ranking_best_algo: PBIL
ranking_best_score: 0.7013553837109374
ranking_my_rank: 1/504 (100.0%)
ranking_my_percent: 100.0
