ConfigName: kjsd__advperagentrankweighted__M4__L24__eps0p01__g0p0003__ds0p4__dm0p05
Problem: QUBO
Kernel: jsd
Advantage: peragentrankweighted
M: 4
lambda: 24
epsilon_svgd: 0.01
gamma: 0.0003
decay_start_ratio: 0.4
decay_min_factor: 0.05
bandwith_kernel: None
no_interact: False
avg_score: -439.3800048828125
median_score: -440.5
std_score: 26.361631393432617
percentiles: 2%=-479.0799865722656, 5%=-477.1000061035156, 10%=-472.29998779296875, 25%=-461.25, 50%=-440.5, 75%=-418.75, 90%=-400.0, 95%=-396.95001220703125, 98%=-383.9800109863281
ranking_best_algo: CMApara
ranking_best_score: 453.82
ranking_my_rank: 18/504 (96.6%)
ranking_my_percent: 96.62698412698413
