ConfigName: krbf__advnormalizedfitness__M2__L10__eps0p015__g0p005__ds0p3__dm0p01
Problem: QUBO
Kernel: rbf
Advantage: normalizedfitness
M: 2
lambda: 10
epsilon_svgd: 0.015
gamma: 0.005
decay_start_ratio: 0.3
decay_min_factor: 0.01
bandwith_kernel: None
no_interact: False
avg_score: -1289.02001953125
median_score: -1291.0
std_score: 59.68132019042969
percentiles: 2%=-1400.219970703125, 5%=-1391.0, 10%=-1376.0999755859375, 25%=-1328.25, 50%=-1291.0, 75%=-1242.75, 90%=-1210.9000244140625, 95%=-1187.0, 98%=-1178.8599853515625
ranking_best_algo: BigLognormalDiscreteOnePlusOne
ranking_best_score: 1301.3600000000004
ranking_my_rank: 3/504 (99.6%)
ranking_my_percent: 99.60317460317461
