ConfigName: krbf__advnormalizedfitness__M3__L10__eps0p033__g0p015__ds0p15__dm0p3
Problem: QUBO
Kernel: rbf
Advantage: normalizedfitness
M: 3
lambda: 10
epsilon_svgd: 0.033
gamma: 0.015
decay_start_ratio: 0.15
decay_min_factor: 0.3
bandwith_kernel: None
no_interact: False
avg_score: -2829.760009765625
median_score: -2837.5
std_score: 239.68984985351562
percentiles: 2%=-3310.43994140625, 5%=-3251.0, 10%=-3156.0, 25%=-3000.5, 50%=-2837.5, 75%=-2619.75, 90%=-2539.800048828125, 95%=-2476.550048828125, 98%=-2440.4599609375
ranking_best_algo: RLSOnePlusOne
ranking_best_score: 3316.5199999999995
ranking_my_rank: 156/504 (69.2%)
ranking_my_percent: 69.24603174603175
