ConfigName: kjsd__advperagentrankweighted__M5__L24__eps0p005__g0p0005__ds0p05__dm0p05
Problem: QUBO
Kernel: jsd
Advantage: peragentrankweighted
M: 5
lambda: 24
epsilon_svgd: 0.005
gamma: 0.0005
decay_start_ratio: 0.05
decay_min_factor: 0.05
bandwith_kernel: None
no_interact: False
avg_score: -943.1799926757812
median_score: -946.5
std_score: 66.32848358154297
percentiles: 2%=-1065.1800537109375, 5%=-1046.9000244140625, 10%=-1023.2000122070312, 25%=-992.0, 50%=-946.5, 75%=-897.0, 90%=-860.5999755859375, 95%=-826.2999877929688, 98%=-802.9199829101562
ranking_best_algo: CMApara
ranking_best_score: 964.9
ranking_my_rank: 3/504 (99.6%)
ranking_my_percent: 99.60317460317461
