ConfigName: kjsd__advperagentrankweighted__M3__L20__eps0p007__g0p0007__ds0p2__dm0p05
Problem: QUBO
Kernel: jsd
Advantage: peragentrankweighted
M: 3
lambda: 20
epsilon_svgd: 0.007
gamma: 0.0007
decay_start_ratio: 0.2
decay_min_factor: 0.05
bandwith_kernel: None
no_interact: False
avg_score: -310.8599853515625
median_score: -313.0
std_score: 39.642154693603516
percentiles: 2%=-400.0, 5%=-392.0, 10%=-359.3999938964844, 25%=-334.0, 50%=-313.0, 75%=-275.0, 90%=-269.79998779296875, 95%=-262.95001220703125, 98%=-255.8800048828125
ranking_best_algo: CMApara
ranking_best_score: 319.29999999999995
ranking_my_rank: 40/504 (92.3%)
ranking_my_percent: 92.26190476190476
