ConfigName: krbf__advnormalizedfitness__M4__L24__eps0p03__g0p005__ds0p15__dm0p05
Problem: QUBO
Kernel: rbf
Advantage: normalizedfitness
M: 4
lambda: 24
epsilon_svgd: 0.03
gamma: 0.005
decay_start_ratio: 0.15
decay_min_factor: 0.05
bandwith_kernel: None
no_interact: False
avg_score: -1136.9599609375
median_score: -1140.5
std_score: 77.29721069335938
percentiles: 2%=-1297.52001953125, 5%=-1255.5999755859375, 10%=-1235.199951171875, 25%=-1187.5, 50%=-1140.5, 75%=-1076.0, 90%=-1035.0, 95%=-1017.9000244140625, 98%=-1007.5599975585938
ranking_best_algo: Tabu
ranking_best_score: 1216.16
ranking_my_rank: 156/504 (69.2%)
ranking_my_percent: 69.24603174603175
