ConfigName: krbf__advnormalizedfitness__M4__L10__eps0p025__g0p01__ds0p05__dm0p05
Problem: NK
Kernel: rbf
Advantage: normalizedfitness
M: 4
lambda: 10
epsilon_svgd: 0.025
gamma: 0.01
decay_start_ratio: 0.05
decay_min_factor: 0.05
bandwith_kernel: None
no_interact: False
avg_score: 0.7541056871414185
median_score: 0.7560479640960693
std_score: 0.013182236813008785
percentiles: 2%=0.7220328450202942, 5%=0.7338659167289734, 10%=0.7359943985939026, 25%=0.7449241280555725, 50%=0.7560479640960693, 75%=0.7648339867591858, 90%=0.7704629302024841, 95%=0.7718691825866699, 98%=0.7740643620491028
ranking_best_algo: Tabu
ranking_best_score: 0.7657846284375001
ranking_my_rank: 7/504 (98.8%)
ranking_my_percent: 98.80952380952381
