ConfigName: krbf__advnormalizedfitness__M3__L12__eps0p015__g0p01__ds0p3__dm0p01
Problem: QUBO
Kernel: rbf
Advantage: normalizedfitness
M: 3
lambda: 12
epsilon_svgd: 0.015
gamma: 0.01
decay_start_ratio: 0.3
decay_min_factor: 0.01
bandwith_kernel: None
no_interact: False
avg_score: -1314.9000244140625
median_score: -1306.5
std_score: 123.89322662353516
percentiles: 2%=-1562.0799560546875, 5%=-1525.6500244140625, 10%=-1488.5, 25%=-1404.0, 50%=-1306.5, 75%=-1217.75, 90%=-1156.800048828125, 95%=-1144.800048828125, 98%=-1120.8800048828125
ranking_best_algo: NLOPT_LN_PRAXIS
ranking_best_score: 1607.12
ranking_my_rank: 199/504 (60.7%)
ranking_my_percent: 60.714285714285715
