ConfigName: krbf__advnormalizedfitness__M1__L8__eps0p033__g0p007__ds0p3__dm0p3
Problem: QUBO
Kernel: rbf
Advantage: normalizedfitness
M: 1
lambda: 8
epsilon_svgd: 0.033
gamma: 0.007
decay_start_ratio: 0.3
decay_min_factor: 0.3
bandwith_kernel: None
no_interact: False
avg_score: -875.8200073242188
median_score: -875.5
std_score: 74.0212631225586
percentiles: 2%=-1003.0399780273438, 5%=-988.0499877929688, 10%=-965.5999755859375, 25%=-932.25, 50%=-875.5, 75%=-816.0, 90%=-788.7999877929688, 95%=-774.9000244140625, 98%=-741.4998779296875
ranking_best_algo: CMAL3
ranking_best_score: 928.5800000000002
ranking_my_rank: 131/504 (74.2%)
ranking_my_percent: 74.2063492063492
