ConfigName: krbf__advnormalizedfitness__M4__L24__eps0p03__g0p01__ds0p15__dm0p05
Problem: QUBO
Kernel: rbf
Advantage: normalizedfitness
M: 4
lambda: 24
epsilon_svgd: 0.03
gamma: 0.01
decay_start_ratio: 0.15
decay_min_factor: 0.05
bandwith_kernel: None
no_interact: False
avg_score: -807.9000244140625
median_score: -803.5
std_score: 80.59955596923828
percentiles: 2%=-987.219970703125, 5%=-945.1500244140625, 10%=-911.7999877929688, 25%=-857.25, 50%=-803.5, 75%=-747.0, 90%=-712.5999755859375, 95%=-686.2999877929688, 98%=-658.6799926757812
ranking_best_algo: SVMMetaModelLogNormal
ranking_best_score: 1233.7999999999997
ranking_my_rank: 324/504 (35.9%)
ranking_my_percent: 35.91269841269841
