ConfigName: kjsd__advperagentrankweighted__M3__L16__eps0p005__g0p003__ds0p05__dm0p05
Problem: QUBO
Kernel: jsd
Advantage: peragentrankweighted
M: 3
lambda: 16
epsilon_svgd: 0.005
gamma: 0.003
decay_start_ratio: 0.05
decay_min_factor: 0.05
bandwith_kernel: None
no_interact: False
avg_score: -1236.260009765625
median_score: -1230.0
std_score: 72.46096801757812
percentiles: 2%=-1360.9599609375, 5%=-1356.050048828125, 10%=-1326.300048828125, 25%=-1283.75, 50%=-1230.0, 75%=-1194.5, 90%=-1143.9000244140625, 95%=-1103.550048828125, 98%=-1092.6400146484375
ranking_best_algo: BigLognormalDiscreteOnePlusOne
ranking_best_score: 1301.3600000000004
ranking_my_rank: 57/504 (88.9%)
ranking_my_percent: 88.88888888888889
