ConfigName: krbf__advnormalizedfitness__M4__L8__eps0p033__g0p015__ds0p01__dm0p01
Problem: QUBO
Kernel: rbf
Advantage: normalizedfitness
M: 4
lambda: 8
epsilon_svgd: 0.033
gamma: 0.015
decay_start_ratio: 0.01
decay_min_factor: 0.01
bandwith_kernel: None
no_interact: False
avg_score: -1471.9200439453125
median_score: -1481.0
std_score: 116.54154968261719
percentiles: 2%=-1708.280029296875, 5%=-1655.0, 10%=-1618.4000244140625, 25%=-1555.5, 50%=-1481.0, 75%=-1378.0, 90%=-1321.0, 95%=-1296.7000732421875, 98%=-1238.760009765625
ranking_best_algo: NLOPT_LN_PRAXIS
ranking_best_score: 1607.12
ranking_my_rank: 84/504 (83.5%)
ranking_my_percent: 83.53174603174604
