ConfigName: krbf__advnormalizedfitness__M4__L8__eps0p015__g0p005__ds0p01__dm0p3
Problem: QUBO
Kernel: rbf
Advantage: normalizedfitness
M: 4
lambda: 8
epsilon_svgd: 0.015
gamma: 0.005
decay_start_ratio: 0.01
decay_min_factor: 0.3
bandwith_kernel: None
no_interact: False
avg_score: -567.280029296875
median_score: -566.5
std_score: 31.887327194213867
percentiles: 2%=-633.0800170898438, 5%=-621.0999755859375, 10%=-611.2000122070312, 25%=-586.25, 50%=-566.5, 75%=-545.75, 90%=-529.0, 95%=-514.75, 98%=-499.0
ranking_best_algo: Tabu
ranking_best_score: 588.7199999999999
ranking_my_rank: 82/503 (83.9%)
ranking_my_percent: 83.89662027833002
