ConfigName: kjsd__advperagentrankweighted__M3__L24__eps0p005__g0p0005__ds0p05__dm0p2
Problem: QUBO
Kernel: jsd
Advantage: peragentrankweighted
M: 3
lambda: 24
epsilon_svgd: 0.005
gamma: 0.0005
decay_start_ratio: 0.05
decay_min_factor: 0.2
bandwith_kernel: None
no_interact: False
avg_score: -2627.820068359375
median_score: -2630.5
std_score: 123.41575622558594
percentiles: 2%=-2864.360107421875, 5%=-2821.39990234375, 10%=-2775.5, 25%=-2703.0, 50%=-2630.5, 75%=-2530.5, 90%=-2472.60009765625, 95%=-2447.550048828125, 98%=-2358.6201171875
ranking_best_algo: DiscreteLengler2OnePlusOne
ranking_best_score: 2617.04
ranking_my_rank: 1/504 (100.0%)
ranking_my_percent: 100.0
