ConfigName: krbf__advnormalizedfitness__M3__L8__eps0p033__g0p015__ds0p3__dm0p3
Problem: QUBO
Kernel: rbf
Advantage: normalizedfitness
M: 3
lambda: 8
epsilon_svgd: 0.033
gamma: 0.015
decay_start_ratio: 0.3
decay_min_factor: 0.3
bandwith_kernel: None
no_interact: False
avg_score: -1470.1600341796875
median_score: -1471.0
std_score: 110.96248626708984
percentiles: 2%=-1667.3399658203125, 5%=-1647.6500244140625, 10%=-1631.0, 25%=-1561.0, 50%=-1471.0, 75%=-1380.5, 90%=-1333.300048828125, 95%=-1282.60009765625, 98%=-1271.8599853515625
ranking_best_algo: NLOPT_LN_PRAXIS
ranking_best_score: 1607.12
ranking_my_rank: 85/504 (83.3%)
ranking_my_percent: 83.33333333333333
