ConfigName: kjsd__advperagentrankweighted__M5__L10__eps0p02__g0p0003__ds0p2__dm0p05
Problem: QUBO
Kernel: jsd
Advantage: peragentrankweighted
M: 5
lambda: 10
epsilon_svgd: 0.02
gamma: 0.0003
decay_start_ratio: 0.2
decay_min_factor: 0.05
bandwith_kernel: None
no_interact: False
avg_score: -307.0799865722656
median_score: -305.0
std_score: 38.06669998168945
percentiles: 2%=-388.0400085449219, 5%=-386.1000061035156, 10%=-357.6000061035156, 25%=-330.0, 50%=-305.0, 75%=-271.5, 90%=-262.0, 95%=-258.0, 98%=-255.9600067138672
ranking_best_algo: CMApara
ranking_best_score: 319.29999999999995
ranking_my_rank: 104/504 (79.6%)
ranking_my_percent: 79.56349206349206
