ConfigName: krbf__advnormalizedfitness__M2__L8__eps0p025__g0p005__ds0p15__dm0p3
Problem: NK
Kernel: rbf
Advantage: normalizedfitness
M: 2
lambda: 8
epsilon_svgd: 0.025
gamma: 0.005
decay_start_ratio: 0.15
decay_min_factor: 0.3
bandwith_kernel: None
no_interact: False
avg_score: 0.7049472332000732
median_score: 0.707099199295044
std_score: 0.011912100948393345
percentiles: 2%=0.6839807033538818, 5%=0.6849861741065979, 10%=0.6890327334403992, 25%=0.693999707698822, 50%=0.707099199295044, 75%=0.7149580717086792, 90%=0.7194685935974121, 95%=0.7216249108314514, 98%=0.7230179905891418
ranking_best_algo: PBIL
ranking_best_score: 0.7013553837109374
ranking_my_rank: 1/504 (100.0%)
ranking_my_percent: 100.0
