ConfigName: kjsd__advperagentrankweighted__M4__L20__eps0p005__g0p0005__ds0p1__dm0p2
Problem: NK
Kernel: jsd
Advantage: peragentrankweighted
M: 4
lambda: 20
epsilon_svgd: 0.005
gamma: 0.0005
decay_start_ratio: 0.1
decay_min_factor: 0.2
bandwith_kernel: None
no_interact: False
avg_score: 0.7420902848243713
median_score: 0.7436022758483887
std_score: 0.014957387931644917
percentiles: 2%=0.7129195928573608, 5%=0.7213449478149414, 10%=0.7251549363136292, 25%=0.7307702302932739, 50%=0.7436022758483887, 75%=0.7512418031692505, 90%=0.7593891620635986, 95%=0.7715129256248474, 98%=0.7741107940673828
ranking_best_algo: Tabu
ranking_best_score: 0.7601875690625
ranking_my_rank: 12/504 (97.8%)
ranking_my_percent: 97.81746031746032
