ConfigName: kjsd__advperagentrankweighted__M3__L18__eps0p005__g0p0007__ds0p1__dm0p2
Problem: NK
Kernel: jsd
Advantage: peragentrankweighted
M: 3
lambda: 18
epsilon_svgd: 0.005
gamma: 0.0007
decay_start_ratio: 0.1
decay_min_factor: 0.2
bandwith_kernel: None
no_interact: False
avg_score: 0.7436590790748596
median_score: 0.7437695860862732
std_score: 0.01327162329107523
percentiles: 2%=0.7215067744255066, 5%=0.724003791809082, 10%=0.7261817455291748, 25%=0.7331027984619141, 50%=0.7437695860862732, 75%=0.7523362040519714, 90%=0.7597126960754395, 95%=0.766099214553833, 98%=0.7736440896987915
ranking_best_algo: Tabu
ranking_best_score: 0.7601875690625
ranking_my_rank: 7/504 (98.8%)
ranking_my_percent: 98.80952380952381
