ConfigName: kjsd__advperagentrankweighted__M6__L28__eps0p008__g0p0005__ds0p05__dm0p05
Problem: NK
Kernel: jsd
Advantage: peragentrankweighted
M: 6
lambda: 28
epsilon_svgd: 0.008
gamma: 0.0005
decay_start_ratio: 0.05
decay_min_factor: 0.05
bandwith_kernel: None
no_interact: False
avg_score: 0.737968385219574
median_score: 0.7358486652374268
std_score: 0.012481258250772953
percentiles: 2%=0.717284619808197, 5%=0.7205618023872375, 10%=0.7238765358924866, 25%=0.7287400364875793, 50%=0.7358486652374268, 75%=0.7473568320274353, 90%=0.755108118057251, 95%=0.7594850063323975, 98%=0.7659409642219543
ranking_best_algo: PBIL
ranking_best_score: 0.733570253046875
ranking_my_rank: 1/504 (100.0%)
ranking_my_percent: 100.0
