ConfigName: krbf__advnormalizedfitness__M5__L8__eps0p02__g0p005__ds0p15__dm0p05
Problem: QUBO
Kernel: rbf
Advantage: normalizedfitness
M: 5
lambda: 8
epsilon_svgd: 0.02
gamma: 0.005
decay_start_ratio: 0.15
decay_min_factor: 0.05
bandwith_kernel: None
no_interact: False
avg_score: -429.9599914550781
median_score: -429.0
std_score: 26.814889907836914
percentiles: 2%=-481.0400085449219, 5%=-481.0, 10%=-475.20001220703125, 25%=-446.0, 50%=-429.0, 75%=-414.5, 90%=-395.8999938964844, 95%=-386.8999938964844, 98%=-378.9200134277344
ranking_best_algo: CMAL3
ranking_best_score: 435.36
ranking_my_rank: 9/504 (98.4%)
ranking_my_percent: 98.41269841269842
