ConfigName: krbf__advnormalizedfitness__M2__L8__eps0p025__g0p005__ds0p15__dm0p01
Problem: QUBO
Kernel: rbf
Advantage: normalizedfitness
M: 2
lambda: 8
epsilon_svgd: 0.025
gamma: 0.005
decay_start_ratio: 0.15
decay_min_factor: 0.01
bandwith_kernel: None
no_interact: False
avg_score: -303.82000732421875
median_score: -299.0
std_score: 39.97658920288086
percentiles: 2%=-390.0, 5%=-384.1000061035156, 10%=-356.6000061035156, 25%=-328.5, 50%=-299.0, 75%=-268.75, 90%=-256.8999938964844, 95%=-251.89999389648438, 98%=-248.89999389648438
ranking_best_algo: CMApara
ranking_best_score: 319.29999999999995
ranking_my_rank: 149/504 (70.6%)
ranking_my_percent: 70.63492063492063
