ConfigName: krbf__advnormalizedfitness__M2__L8__eps0p033__g0p015__ds0p3__dm0p01
Problem: QUBO
Kernel: rbf
Advantage: normalizedfitness
M: 2
lambda: 8
epsilon_svgd: 0.033
gamma: 0.015
decay_start_ratio: 0.3
decay_min_factor: 0.01
bandwith_kernel: None
no_interact: False
avg_score: -437.17999267578125
median_score: -439.0
std_score: 28.592439651489258
percentiles: 2%=-485.1400146484375, 5%=-481.1499938964844, 10%=-473.20001220703125, 25%=-461.0, 50%=-439.0, 75%=-414.75, 90%=-401.0, 95%=-396.0, 98%=-380.9800109863281
ranking_best_algo: CMApara
ranking_best_score: 453.82
ranking_my_rank: 28/504 (94.6%)
ranking_my_percent: 94.64285714285714
