ConfigName: krbf__advnormalizedfitness__M3__L15__eps0p025__g0p007__ds0p3__dm0p01
Problem: NK
Kernel: rbf
Advantage: normalizedfitness
M: 3
lambda: 15
epsilon_svgd: 0.025
gamma: 0.007
decay_start_ratio: 0.3
decay_min_factor: 0.01
bandwith_kernel: None
no_interact: False
avg_score: 0.7345122694969177
median_score: 0.7338110208511353
std_score: 0.011870745569467545
percentiles: 2%=0.7124108076095581, 5%=0.713821530342102, 10%=0.718442440032959, 25%=0.7256064414978027, 50%=0.7338110208511353, 75%=0.7434799075126648, 90%=0.7489782571792603, 95%=0.7556292414665222, 98%=0.7571089267730713
ranking_best_algo: PBIL
ranking_best_score: 0.733570253046875
ranking_my_rank: 1/504 (100.0%)
ranking_my_percent: 100.0
