ConfigName: kfr__advglobalrankweighted__M4__L12__eps0p01__g0p003__ds0p01__dm0p01
Problem: QUBO
Kernel: fr
Advantage: globalrankweighted
M: 4
lambda: 12
epsilon_svgd: 0.01
gamma: 0.003
decay_start_ratio: 0.01
decay_min_factor: 0.01
bandwith_kernel: None
no_interact: False
avg_score: -414.6600036621094
median_score: -412.0
std_score: 24.005090713500977
percentiles: 2%=-477.0, 5%=-452.25, 10%=-449.0, 25%=-430.5, 50%=-412.0, 75%=-399.5, 90%=-386.8999938964844, 95%=-380.0, 98%=-373.91998291015625
ranking_best_algo: Tabu
ranking_best_score: 438.12
ranking_my_rank: 51/504 (90.1%)
ranking_my_percent: 90.07936507936508
