ConfigName: kjsd__advperagentrankweighted__M5__L8__eps0p01__g0p0007__ds0p2__dm0p2
Problem: QUBO
Kernel: jsd
Advantage: peragentrankweighted
M: 5
lambda: 8
epsilon_svgd: 0.01
gamma: 0.0007
decay_start_ratio: 0.2
decay_min_factor: 0.2
bandwith_kernel: None
no_interact: False
avg_score: -1310.239990234375
median_score: -1305.0
std_score: 57.9147834777832
percentiles: 2%=-1423.0400390625, 5%=-1409.300048828125, 10%=-1397.0999755859375, 25%=-1350.25, 50%=-1305.0, 75%=-1273.0, 90%=-1247.800048828125, 95%=-1210.9000244140625, 98%=-1200.760009765625
ranking_best_algo: BigLognormalDiscreteOnePlusOne
ranking_best_score: 1301.3600000000004
ranking_my_rank: 1/504 (100.0%)
ranking_my_percent: 100.0
