ConfigName: krbf__advglobalrankweighted__M4__L9__eps0p02__g0p003__ds0p01__dm0p01
Problem: QUBO
Kernel: rbf
Advantage: globalrankweighted
M: 4
lambda: 9
epsilon_svgd: 0.02
gamma: 0.003
decay_start_ratio: 0.01
decay_min_factor: 0.01
bandwith_kernel: None
no_interact: False
avg_score: -438.6199951171875
median_score: -441.0
std_score: 28.213037490844727
percentiles: 2%=-485.1000061035156, 5%=-483.0, 10%=-472.29998779296875, 25%=-461.25, 50%=-441.0, 75%=-420.25, 90%=-398.8999938964844, 95%=-390.0, 98%=-385.91998291015625
ranking_best_algo: CMApara
ranking_best_score: 453.82
ranking_my_rank: 19/504 (96.4%)
ranking_my_percent: 96.42857142857143
