ConfigName: kjsd__advperagentrankweighted__M3__L20__eps0p01__g0p0005__ds0p2__dm0p05
Problem: QUBO
Kernel: jsd
Advantage: peragentrankweighted
M: 3
lambda: 20
epsilon_svgd: 0.01
gamma: 0.0005
decay_start_ratio: 0.2
decay_min_factor: 0.05
bandwith_kernel: None
no_interact: False
avg_score: -1185.8199462890625
median_score: -1183.0
std_score: 58.54764938354492
percentiles: 2%=-1304.1400146484375, 5%=-1290.5, 10%=-1246.699951171875, 25%=-1227.0, 50%=-1183.0, 75%=-1143.75, 90%=-1112.9000244140625, 95%=-1091.5, 98%=-1069.780029296875
ranking_best_algo: Tabu
ranking_best_score: 1216.16
ranking_my_rank: 64/504 (87.5%)
ranking_my_percent: 87.5
