ConfigName: krbf__advnormalizedfitness__M1__L8__eps0p033__g0p01__ds0p3__dm0p3
Problem: NK
Kernel: rbf
Advantage: normalizedfitness
M: 1
lambda: 8
epsilon_svgd: 0.033
gamma: 0.01
decay_start_ratio: 0.3
decay_min_factor: 0.3
bandwith_kernel: None
no_interact: False
avg_score: 0.73282790184021
median_score: 0.7343294620513916
std_score: 0.010249071754515171
percentiles: 2%=0.7138580083847046, 5%=0.7148409485816956, 10%=0.7199603319168091, 25%=0.7253392338752747, 50%=0.7343294620513916, 75%=0.7407487630844116, 90%=0.744256854057312, 95%=0.7480576038360596, 98%=0.7521495819091797
ranking_best_algo: PBIL
ranking_best_score: 0.733570253046875
ranking_my_rank: 2/504 (99.8%)
ranking_my_percent: 99.8015873015873
