ConfigName: kjsd__advperagentrankweighted__M8__L28__eps0p005__g0p0005__ds0p05__dm0p05
Problem: QUBO
Kernel: jsd
Advantage: peragentrankweighted
M: 8
lambda: 28
epsilon_svgd: 0.005
gamma: 0.0005
decay_start_ratio: 0.05
decay_min_factor: 0.05
bandwith_kernel: None
no_interact: False
avg_score: -1059.0400390625
median_score: -1054.0
std_score: 97.11734008789062
percentiles: 2%=-1295.8800048828125, 5%=-1213.1500244140625, 10%=-1173.300048828125, 25%=-1118.0, 50%=-1054.0, 75%=-990.75, 90%=-934.0, 95%=-928.7000122070312, 98%=-899.3800048828125
ranking_best_algo: Tabu
ranking_best_score: 1216.16
ranking_my_rank: 232/504 (54.2%)
ranking_my_percent: 54.166666666666664
