ConfigName: krbf__advnormalizedfitness__M4__L8__eps0p015__g0p005__ds0p15__dm0p01
Problem: QUBO
Kernel: rbf
Advantage: normalizedfitness
M: 4
lambda: 8
epsilon_svgd: 0.015
gamma: 0.005
decay_start_ratio: 0.15
decay_min_factor: 0.01
bandwith_kernel: None
no_interact: False
avg_score: -201.1199951171875
median_score: -201.0
std_score: 12.755611419677734
percentiles: 2%=-224.0, 5%=-222.10000610351562, 10%=-219.0, 25%=-211.0, 50%=-201.0, 75%=-191.75, 90%=-184.8000030517578, 95%=-180.0, 98%=-176.0
ranking_best_algo: Tabu
ranking_best_score: 208.36000000000004
ranking_my_rank: 42/504 (91.9%)
ranking_my_percent: 91.86507936507937
