ConfigName: kjsd__advperagentrankweighted__M5__L8__eps0p01__g0p003__ds0p4__dm0p05
Problem: NK
Kernel: jsd
Advantage: peragentrankweighted
M: 5
lambda: 8
epsilon_svgd: 0.01
gamma: 0.003
decay_start_ratio: 0.4
decay_min_factor: 0.05
bandwith_kernel: None
no_interact: False
avg_score: 0.7544986605644226
median_score: 0.7539100646972656
std_score: 0.01378591824322939
percentiles: 2%=0.7270038723945618, 5%=0.7332967519760132, 10%=0.7369521856307983, 25%=0.7440077066421509, 50%=0.7539100646972656, 75%=0.7659190893173218, 90%=0.772784948348999, 95%=0.7766094207763672, 98%=0.7794954776763916
ranking_best_algo: Tabu
ranking_best_score: 0.7470791764843752
ranking_my_rank: 1/504 (100.0%)
ranking_my_percent: 100.0
