ConfigName: kfr__advglobalrankweighted__M6__L10__eps0p015__g0p003__ds0p01__dm0p01
Problem: QUBO
Kernel: fr
Advantage: globalrankweighted
M: 6
lambda: 10
epsilon_svgd: 0.015
gamma: 0.003
decay_start_ratio: 0.01
decay_min_factor: 0.01
bandwith_kernel: None
no_interact: False
avg_score: -201.6199951171875
median_score: -202.0
std_score: 12.098578453063965
percentiles: 2%=-224.0, 5%=-222.0, 10%=-219.0, 25%=-208.0, 50%=-202.0, 75%=-195.0, 90%=-185.70001220703125, 95%=-180.0, 98%=-176.97999572753906
ranking_best_algo: Tabu
ranking_best_score: 208.36000000000004
ranking_my_rank: 39/504 (92.5%)
ranking_my_percent: 92.46031746031746
