ConfigName: kjsd__advperagentrankweighted__M6__L10__eps0p02__g0p0005__ds0p2__dm0p05
Problem: QUBO
Kernel: jsd
Advantage: peragentrankweighted
M: 6
lambda: 10
epsilon_svgd: 0.02
gamma: 0.0005
decay_start_ratio: 0.2
decay_min_factor: 0.05
bandwith_kernel: None
no_interact: False
avg_score: -1191.06005859375
median_score: -1189.0
std_score: 61.60727310180664
percentiles: 2%=-1319.47998046875, 5%=-1290.449951171875, 10%=-1272.199951171875, 25%=-1232.25, 50%=-1189.0, 75%=-1154.25, 90%=-1118.800048828125, 95%=-1099.4000244140625, 98%=-1067.5400390625
ranking_best_algo: Tabu
ranking_best_score: 1216.16
ranking_my_rank: 53/504 (89.7%)
ranking_my_percent: 89.68253968253968
