ConfigName: krbf__advnormalizedfitness__M3__L15__eps0p025__g0p01__ds0p3__dm0p3
Problem: NK
Kernel: rbf
Advantage: normalizedfitness
M: 3
lambda: 15
epsilon_svgd: 0.025
gamma: 0.01
decay_start_ratio: 0.3
decay_min_factor: 0.3
bandwith_kernel: None
no_interact: False
avg_score: 0.6676322817802429
median_score: 0.6670777797698975
std_score: 0.01584252156317234
percentiles: 2%=0.6407003998756409, 5%=0.64373379945755, 10%=0.6495850682258606, 25%=0.6563041806221008, 50%=0.6670777797698975, 75%=0.6786989569664001, 90%=0.6873689293861389, 95%=0.6950429677963257, 98%=0.7023822069168091
ranking_best_algo: Tabu
ranking_best_score: 0.7601875690625
ranking_my_rank: 367/504 (27.4%)
ranking_my_percent: 27.38095238095238
