ConfigName: kjsd__advperagentrankweighted__M6__L10__eps0p02__g0p0005__ds0p2__dm0p05
Problem: QUBO
Kernel: jsd
Advantage: peragentrankweighted
M: 6
lambda: 10
epsilon_svgd: 0.02
gamma: 0.0005
decay_start_ratio: 0.2
decay_min_factor: 0.05
bandwith_kernel: None
no_interact: False
avg_score: -582.6799926757812
median_score: -583.0
std_score: 25.885469436645508
percentiles: 2%=-621.280029296875, 5%=-617.0499877929688, 10%=-613.0, 25%=-605.5, 50%=-583.0, 75%=-566.0, 90%=-543.7999877929688, 95%=-539.75, 98%=-527.9600219726562
ranking_best_algo: Tabu
ranking_best_score: 588.7199999999999
ranking_my_rank: 6/503 (99.0%)
ranking_my_percent: 99.00596421471172
