ConfigName: kjsd__advperagentrankweighted__M4__L10__eps0p02__g0p0007__ds0p2__dm0p05
Problem: QUBO
Kernel: jsd
Advantage: peragentrankweighted
M: 4
lambda: 10
epsilon_svgd: 0.02
gamma: 0.0007
decay_start_ratio: 0.2
decay_min_factor: 0.05
bandwith_kernel: None
no_interact: False
avg_score: -927.280029296875
median_score: -918.5
std_score: 62.98461151123047
percentiles: 2%=-1076.0, 5%=-1054.050048828125, 10%=-1006.0999755859375, 25%=-973.25, 50%=-918.5, 75%=-883.75, 90%=-852.7999877929688, 95%=-832.9500122070312, 98%=-818.719970703125
ranking_best_algo: CMApara
ranking_best_score: 964.9
ranking_my_rank: 21/504 (96.0%)
ranking_my_percent: 96.03174603174604
