ConfigName: kjsd__advperagentrankweighted__M3__L16__eps0p005__g0p003__ds0p1__dm0p05
Problem: QUBO
Kernel: jsd
Advantage: peragentrankweighted
M: 3
lambda: 16
epsilon_svgd: 0.005
gamma: 0.003
decay_start_ratio: 0.1
decay_min_factor: 0.05
bandwith_kernel: None
no_interact: False
avg_score: -311.260009765625
median_score: -314.0
std_score: 38.242027282714844
percentiles: 2%=-396.0400085449219, 5%=-388.1000061035156, 10%=-359.20001220703125, 25%=-334.5, 50%=-314.0, 75%=-276.5, 90%=-264.8999938964844, 95%=-261.0, 98%=-259.7200012207031
ranking_best_algo: CMApara
ranking_best_score: 319.29999999999995
ranking_my_rank: 39/504 (92.5%)
ranking_my_percent: 92.46031746031746
