ConfigName: kjsd__advperagentrankweighted__M4__L10__eps0p008__g0p0005__ds0p05__dm0p05
Problem: QUBO
Kernel: jsd
Advantage: peragentrankweighted
M: 4
lambda: 10
epsilon_svgd: 0.008
gamma: 0.0005
decay_start_ratio: 0.05
decay_min_factor: 0.05
bandwith_kernel: None
no_interact: False
avg_score: -415.29998779296875
median_score: -415.0
std_score: 24.196487426757812
percentiles: 2%=-469.1600036621094, 5%=-453.20001220703125, 10%=-446.0, 25%=-430.25, 50%=-415.0, 75%=-398.0, 90%=-384.0, 95%=-379.8999938964844, 98%=-375.79998779296875
ranking_best_algo: Tabu
ranking_best_score: 438.12
ranking_my_rank: 50/504 (90.3%)
ranking_my_percent: 90.27777777777777
