ConfigName: kjsd__advperagentrankweighted__M3__L16__eps0p01__g0p0007__ds0p05__dm0p1
Problem: QUBO
Kernel: jsd
Advantage: peragentrankweighted
M: 3
lambda: 16
epsilon_svgd: 0.01
gamma: 0.0007
decay_start_ratio: 0.05
decay_min_factor: 0.1
bandwith_kernel: None
no_interact: False
avg_score: -303.3599853515625
median_score: -295.0
std_score: 39.677581787109375
percentiles: 2%=-392.0400085449219, 5%=-382.1000061035156, 10%=-359.0, 25%=-328.5, 50%=-295.0, 75%=-268.0, 90%=-261.0, 95%=-250.0, 98%=-248.0
ranking_best_algo: CMApara
ranking_best_score: 319.29999999999995
ranking_my_rank: 188/504 (62.9%)
ranking_my_percent: 62.8968253968254
