ConfigName: krbf__advnormalizedfitness__M4__L15__eps0p033__g0p01__ds0p15__dm0p3
Problem: NK
Kernel: rbf
Advantage: normalizedfitness
M: 4
lambda: 15
epsilon_svgd: 0.033
gamma: 0.01
decay_start_ratio: 0.15
decay_min_factor: 0.3
bandwith_kernel: None
no_interact: False
avg_score: 0.6048185229301453
median_score: 0.604262113571167
std_score: 0.007956783287227154
percentiles: 2%=0.5919435620307922, 5%=0.5943790078163147, 10%=0.5962667465209961, 25%=0.599493682384491, 50%=0.604262113571167, 75%=0.6085569858551025, 90%=0.6147197484970093, 95%=0.6205624341964722, 98%=0.6247484087944031
ranking_best_algo: Tabu
ranking_best_score: 0.7429702712499999
ranking_my_rank: 391/504 (22.6%)
ranking_my_percent: 22.61904761904762
