ConfigName: kjsd__advperagentrankweighted__M4__L30__eps0p01__g0p0007__ds0p4__dm0p05
Problem: NK
Kernel: jsd
Advantage: peragentrankweighted
M: 4
lambda: 30
epsilon_svgd: 0.01
gamma: 0.0007
decay_start_ratio: 0.4
decay_min_factor: 0.05
bandwith_kernel: None
no_interact: False
avg_score: 0.7427247762680054
median_score: 0.7419120073318481
std_score: 0.01467608381062746
percentiles: 2%=0.7176063656806946, 5%=0.7198258638381958, 10%=0.7231311202049255, 25%=0.7340697646141052, 50%=0.7419120073318481, 75%=0.7525916695594788, 90%=0.7614630460739136, 95%=0.769791841506958, 98%=0.7730032801628113
ranking_best_algo: Tabu
ranking_best_score: 0.7601875690625
ranking_my_rank: 10/504 (98.2%)
ranking_my_percent: 98.21428571428571
