ConfigName: kjsd__advperagentrankweighted__M5__L10__eps0p02__g0p0007__ds0p2__dm0p05
Problem: NK
Kernel: jsd
Advantage: peragentrankweighted
M: 5
lambda: 10
epsilon_svgd: 0.02
gamma: 0.0007
decay_start_ratio: 0.2
decay_min_factor: 0.05
bandwith_kernel: None
no_interact: False
avg_score: 0.739311933517456
median_score: 0.7386208176612854
std_score: 0.008609673008322716
percentiles: 2%=0.7236192226409912, 5%=0.7251718640327454, 10%=0.7281351089477539, 25%=0.7337677478790283, 50%=0.7386208176612854, 75%=0.7456501722335815, 90%=0.7512321472167969, 95%=0.7538202404975891, 98%=0.7563177943229675
ranking_best_algo: PBIL
ranking_best_score: 0.733570253046875
ranking_my_rank: 1/504 (100.0%)
ranking_my_percent: 100.0
