ConfigName: kfr__advglobalrankweighted__M2__L8__eps0p015__g0p007__ds0p01__dm0p01
Problem: QUBO
Kernel: fr
Advantage: globalrankweighted
M: 2
lambda: 8
epsilon_svgd: 0.015
gamma: 0.007
decay_start_ratio: 0.01
decay_min_factor: 0.01
bandwith_kernel: None
no_interact: False
avg_score: -407.9200134277344
median_score: -411.0
std_score: 28.84984588623047
percentiles: 2%=-461.2799987792969, 5%=-453.0, 10%=-445.1000061035156, 25%=-428.0, 50%=-411.0, 75%=-385.5, 90%=-374.0, 95%=-363.70001220703125, 98%=-347.8399658203125
ranking_best_algo: Tabu
ranking_best_score: 438.12
ranking_my_rank: 154/504 (69.6%)
ranking_my_percent: 69.64285714285714
