ConfigName: krbf__advnormalizedfitness__M4__L8__eps0p025__g0p007__ds0p3__dm0p3
Problem: NK
Kernel: rbf
Advantage: normalizedfitness
M: 4
lambda: 8
epsilon_svgd: 0.025
gamma: 0.007
decay_start_ratio: 0.3
decay_min_factor: 0.3
bandwith_kernel: None
no_interact: False
avg_score: 0.7505480051040649
median_score: 0.7500784397125244
std_score: 0.014321474358439445
percentiles: 2%=0.7214487195014954, 5%=0.7293703556060791, 10%=0.7334978580474854, 25%=0.7392526865005493, 50%=0.7500784397125244, 75%=0.7602793574333191, 90%=0.7682463526725769, 95%=0.7733238339424133, 98%=0.7852998375892639
ranking_best_algo: Tabu
ranking_best_score: 0.7470791764843752
ranking_my_rank: 1/504 (100.0%)
ranking_my_percent: 100.0
