ConfigName: kjsd__advperagentrankweighted__M4__L24__eps0p005__g0p0007__ds0p05__dm0p05
Problem: QUBO
Kernel: jsd
Advantage: peragentrankweighted
M: 4
lambda: 24
epsilon_svgd: 0.005
gamma: 0.0007
decay_start_ratio: 0.05
decay_min_factor: 0.05
bandwith_kernel: None
no_interact: False
avg_score: -139.4199981689453
median_score: -141.0
std_score: 11.587217330932617
percentiles: 2%=-160.02000427246094, 5%=-158.0500030517578, 10%=-156.0, 25%=-147.0, 50%=-141.0, 75%=-130.0, 90%=-124.80000305175781, 95%=-120.94999694824219, 98%=-117.9800033569336
ranking_best_algo: DiscreteDE
ranking_best_score: 143.4
ranking_my_rank: 85/504 (83.3%)
ranking_my_percent: 83.33333333333333
