ConfigName: kjsd__advperagentrankweighted__M4__L30__eps0p005__g0p0007__ds0p2__dm0p05
Problem: NK
Kernel: jsd
Advantage: peragentrankweighted
M: 4
lambda: 30
epsilon_svgd: 0.005
gamma: 0.0007
decay_start_ratio: 0.2
decay_min_factor: 0.05
bandwith_kernel: None
no_interact: False
avg_score: 0.7333344221115112
median_score: 0.733006477355957
std_score: 0.01219757180660963
percentiles: 2%=0.7098990678787231, 5%=0.7119659185409546, 10%=0.7171725034713745, 25%=0.7258419394493103, 50%=0.733006477355957, 75%=0.7418057918548584, 90%=0.7492519617080688, 95%=0.7538461685180664, 98%=0.7572420835494995
ranking_best_algo: PBIL
ranking_best_score: 0.733570253046875
ranking_my_rank: 2/504 (99.8%)
ranking_my_percent: 99.8015873015873
