ConfigName: kjsd__advperagentrankweighted__M3__L20__eps0p007__g0p0007__ds0p2__dm0p2
Problem: NK
Kernel: jsd
Advantage: peragentrankweighted
M: 3
lambda: 20
epsilon_svgd: 0.007
gamma: 0.0007
decay_start_ratio: 0.2
decay_min_factor: 0.2
bandwith_kernel: None
no_interact: False
avg_score: 0.7355457544326782
median_score: 0.7363299131393433
std_score: 0.008276917040348053
percentiles: 2%=0.717771589756012, 5%=0.7199788093566895, 10%=0.7225871682167053, 25%=0.7307734489440918, 50%=0.7363299131393433, 75%=0.7418264150619507, 90%=0.7458096742630005, 95%=0.7475662231445312, 98%=0.7480441927909851
ranking_best_algo: PBIL
ranking_best_score: 0.7248786399609374
ranking_my_rank: 1/504 (100.0%)
ranking_my_percent: 100.0
