ConfigName: krbf__advnormalizedfitness__M4__L8__eps0p025__g0p007__ds0p15__dm0p3
Problem: NK
Kernel: rbf
Advantage: normalizedfitness
M: 4
lambda: 8
epsilon_svgd: 0.025
gamma: 0.007
decay_start_ratio: 0.15
decay_min_factor: 0.3
bandwith_kernel: None
no_interact: False
avg_score: 0.7198038697242737
median_score: 0.720916748046875
std_score: 0.018169943243265152
percentiles: 2%=0.6822317242622375, 5%=0.6908329725265503, 10%=0.6964003443717957, 25%=0.7069922685623169, 50%=0.720916748046875, 75%=0.7302888035774231, 90%=0.7445613741874695, 95%=0.7484819889068604, 98%=0.7544040679931641
ranking_best_algo: PBIL
ranking_best_score: 0.733570253046875
ranking_my_rank: 51/504 (90.1%)
ranking_my_percent: 90.07936507936508
