ConfigName: krbf__advnormalizedfitness__M3__L8__eps0p033__g0p005__ds0p3__dm0p01
Problem: QUBO
Kernel: rbf
Advantage: normalizedfitness
M: 3
lambda: 8
epsilon_svgd: 0.033
gamma: 0.005
decay_start_ratio: 0.3
decay_min_factor: 0.01
bandwith_kernel: None
no_interact: False
avg_score: -1210.5400390625
median_score: -1213.0
std_score: 62.35357666015625
percentiles: 2%=-1345.0999755859375, 5%=-1309.0999755859375, 10%=-1290.800048828125, 25%=-1243.5, 50%=-1213.0, 75%=-1173.0, 90%=-1139.0, 95%=-1104.10009765625, 98%=-1064.719970703125
ranking_best_algo: SVMMetaModelLogNormal
ranking_best_score: 1233.7999999999997
ranking_my_rank: 45/504 (91.3%)
ranking_my_percent: 91.26984126984127
