ConfigName: kfr__advglobalrankweighted__M3__L9__eps0p01__g0p003__ds0p01__dm0p01
Problem: QUBO
Kernel: fr
Advantage: globalrankweighted
M: 3
lambda: 9
epsilon_svgd: 0.01
gamma: 0.003
decay_start_ratio: 0.01
decay_min_factor: 0.01
bandwith_kernel: None
no_interact: False
avg_score: -1299.219970703125
median_score: -1297.0
std_score: 62.211029052734375
percentiles: 2%=-1423.199951171875, 5%=-1413.0999755859375, 10%=-1375.0999755859375, 25%=-1341.5, 50%=-1297.0, 75%=-1255.25, 90%=-1220.0999755859375, 95%=-1200.800048828125, 98%=-1182.9599609375
ranking_best_algo: BigLognormalDiscreteOnePlusOne
ranking_best_score: 1301.3600000000004
ranking_my_rank: 2/504 (99.8%)
ranking_my_percent: 99.8015873015873
