ConfigName: kjsd__advperagentrankweighted__M4__L12__eps0p01__g0p0005__ds0p4__dm0p05
Problem: NK
Kernel: jsd
Advantage: peragentrankweighted
M: 4
lambda: 12
epsilon_svgd: 0.01
gamma: 0.0005
decay_start_ratio: 0.4
decay_min_factor: 0.05
bandwith_kernel: None
no_interact: False
avg_score: 0.7498946189880371
median_score: 0.7518327832221985
std_score: 0.012590565718710423
percentiles: 2%=0.7271889448165894, 5%=0.7294415831565857, 10%=0.7340433597564697, 25%=0.7400645613670349, 50%=0.7518327832221985, 75%=0.758236289024353, 90%=0.764914333820343, 95%=0.7710381150245667, 98%=0.7771334648132324
ranking_best_algo: Tabu
ranking_best_score: 0.7657846284375001
ranking_my_rank: 26/504 (95.0%)
ranking_my_percent: 95.03968253968254
