ConfigName: krbf__advnormalizedfitness__M3__L15__eps0p025__g0p005__ds0p01__dm0p3
Problem: QUBO
Kernel: rbf
Advantage: normalizedfitness
M: 3
lambda: 15
epsilon_svgd: 0.025
gamma: 0.005
decay_start_ratio: 0.01
decay_min_factor: 0.3
bandwith_kernel: None
no_interact: False
avg_score: -575.0
median_score: -574.5
std_score: 23.530405044555664
percentiles: 2%=-631.0399780273438, 5%=-609.0999755859375, 10%=-605.0999755859375, 25%=-592.25, 50%=-574.5, 75%=-557.75, 90%=-546.0, 95%=-541.9000244140625, 98%=-527.0
ranking_best_algo: Tabu
ranking_best_score: 588.7199999999999
ranking_my_rank: 57/503 (88.9%)
ranking_my_percent: 88.86679920477137
