ConfigName: kjsd__advperagentrankweighted__M5__L10__eps0p01__g0p0007__ds0p05__dm0p05
Problem: NK
Kernel: jsd
Advantage: peragentrankweighted
M: 5
lambda: 10
epsilon_svgd: 0.01
gamma: 0.0007
decay_start_ratio: 0.05
decay_min_factor: 0.05
bandwith_kernel: None
no_interact: False
avg_score: 0.7545046806335449
median_score: 0.7545360326766968
std_score: 0.01289855781942606
percentiles: 2%=0.7304939031600952, 5%=0.7327792644500732, 10%=0.7373310923576355, 25%=0.7454910278320312, 50%=0.7545360326766968, 75%=0.7631642818450928, 90%=0.7708145380020142, 95%=0.7768015265464783, 98%=0.7811163663864136
ranking_best_algo: Tabu
ranking_best_score: 0.7657846284375001
ranking_my_rank: 7/504 (98.8%)
ranking_my_percent: 98.80952380952381
