ConfigName: kjsd__advperagentrankweighted__M3__L20__eps0p007__g0p003__ds0p2__dm0p05
Problem: QUBO
Kernel: jsd
Advantage: peragentrankweighted
M: 3
lambda: 20
epsilon_svgd: 0.007
gamma: 0.003
decay_start_ratio: 0.2
decay_min_factor: 0.05
bandwith_kernel: None
no_interact: False
avg_score: -410.6400146484375
median_score: -414.0
std_score: 28.065465927124023
percentiles: 2%=-463.0, 5%=-452.04998779296875, 10%=-443.20001220703125, 25%=-431.25, 50%=-414.0, 75%=-390.0, 90%=-373.6000061035156, 95%=-359.8999938964844, 98%=-354.0
ranking_best_algo: Tabu
ranking_best_score: 438.12
ranking_my_rank: 86/504 (83.1%)
ranking_my_percent: 83.13492063492063
