ConfigName: kjsd__advperagentrankweighted__M5__L10__eps0p01__g0p0007__ds0p05__dm0p05
Problem: NK
Kernel: jsd
Advantage: peragentrankweighted
M: 5
lambda: 10
epsilon_svgd: 0.01
gamma: 0.0007
decay_start_ratio: 0.05
decay_min_factor: 0.05
bandwith_kernel: None
no_interact: False
avg_score: 0.7457723021507263
median_score: 0.7453609108924866
std_score: 0.009439588524401188
percentiles: 2%=0.7301445007324219, 5%=0.7314044833183289, 10%=0.7337493896484375, 25%=0.7394818663597107, 50%=0.7453609108924866, 75%=0.7519915103912354, 90%=0.7573163509368896, 95%=0.7627390027046204, 98%=0.7643150687217712
ranking_best_algo: PBIL
ranking_best_score: 0.733570253046875
ranking_my_rank: 1/504 (100.0%)
ranking_my_percent: 100.0
