ConfigName: kjsd__advperagentrankweighted__M4__L8__eps0p005__g0p0003__ds0p4__dm0p05
Problem: QUBO
Kernel: jsd
Advantage: peragentrankweighted
M: 4
lambda: 8
epsilon_svgd: 0.005
gamma: 0.0003
decay_start_ratio: 0.4
decay_min_factor: 0.05
bandwith_kernel: None
no_interact: False
avg_score: -903.760009765625
median_score: -902.5
std_score: 64.06061553955078
percentiles: 2%=-1024.06005859375, 5%=-1002.0499877929688, 10%=-983.0999755859375, 25%=-953.75, 50%=-902.5, 75%=-867.75, 90%=-810.7000122070312, 95%=-791.0, 98%=-783.6599731445312
ranking_best_algo: CMAL3
ranking_best_score: 928.5800000000002
ranking_my_rank: 66/504 (87.1%)
ranking_my_percent: 87.10317460317461
