ConfigName: krbf__advnormalizedfitness__M4__L8__eps0p025__g0p007__ds0p3__dm0p3
Problem: QUBO
Kernel: rbf
Advantage: normalizedfitness
M: 4
lambda: 8
epsilon_svgd: 0.025
gamma: 0.007
decay_start_ratio: 0.3
decay_min_factor: 0.3
bandwith_kernel: None
no_interact: False
avg_score: -1438.260009765625
median_score: -1433.0
std_score: 118.76107025146484
percentiles: 2%=-1658.02001953125, 5%=-1644.4000244140625, 10%=-1610.699951171875, 25%=-1533.5, 50%=-1433.0, 75%=-1341.0, 90%=-1294.5999755859375, 95%=-1263.8499755859375, 98%=-1228.919921875
ranking_best_algo: NLOPT_LN_PRAXIS
ranking_best_score: 1607.12
ranking_my_rank: 91/504 (82.1%)
ranking_my_percent: 82.14285714285714
