ConfigName: kjsd__advperagentrankweighted__M4__L8__eps0p005__g0p0005__ds0p4__dm0p2
Problem: NK
Kernel: jsd
Advantage: peragentrankweighted
M: 4
lambda: 8
epsilon_svgd: 0.005
gamma: 0.0005
decay_start_ratio: 0.4
decay_min_factor: 0.2
bandwith_kernel: None
no_interact: False
avg_score: 0.7540413737297058
median_score: 0.7545357346534729
std_score: 0.012133517302572727
percentiles: 2%=0.7285420298576355, 5%=0.732426643371582, 10%=0.7370689511299133, 25%=0.7463656067848206, 50%=0.7545357346534729, 75%=0.7632014751434326, 90%=0.7682443261146545, 95%=0.7720754146575928, 98%=0.7766191959381104
ranking_best_algo: Tabu
ranking_best_score: 0.7470791764843752
ranking_my_rank: 1/504 (100.0%)
ranking_my_percent: 100.0
