ConfigName: krbf__advnormalizedfitness__M3__L15__eps0p033__g0p01__ds0p15__dm0p3
Problem: NK
Kernel: rbf
Advantage: normalizedfitness
M: 3
lambda: 15
epsilon_svgd: 0.033
gamma: 0.01
decay_start_ratio: 0.15
decay_min_factor: 0.3
bandwith_kernel: None
no_interact: False
avg_score: 0.5877200365066528
median_score: 0.5852911472320557
std_score: 0.010032887570559978
percentiles: 2%=0.5723142027854919, 5%=0.5751859545707703, 10%=0.5771973729133606, 25%=0.5813028812408447, 50%=0.5852911472320557, 75%=0.5932079553604126, 90%=0.5998594760894775, 95%=0.6082133054733276, 98%=0.6151941418647766
ranking_best_algo: PBIL
ranking_best_score: 0.7170882103515624
ranking_my_rank: 370/504 (26.8%)
ranking_my_percent: 26.785714285714285
