ConfigName: krbf__advnormalizedfitness__M2__L10__eps0p025__g0p005__ds0p15__dm0p3
Problem: QUBO
Kernel: rbf
Advantage: normalizedfitness
M: 2
lambda: 10
epsilon_svgd: 0.025
gamma: 0.005
decay_start_ratio: 0.15
decay_min_factor: 0.3
bandwith_kernel: None
no_interact: False
avg_score: -2523.300048828125
median_score: -2511.0
std_score: 117.00611114501953
percentiles: 2%=-2750.89990234375, 5%=-2710.25, 10%=-2683.60009765625, 25%=-2594.25, 50%=-2511.0, 75%=-2436.75, 90%=-2390.0, 95%=-2351.60009765625, 98%=-2333.280029296875
ranking_best_algo: SVM1MetaModelLogNormal
ranking_best_score: 2605.14
ranking_my_rank: 55/504 (89.3%)
ranking_my_percent: 89.28571428571429
