ConfigName: kjsd__advperagentrankweighted__M5__L24__eps0p008__g0p0005__ds0p05__dm0p05
Problem: QUBO
Kernel: jsd
Advantage: peragentrankweighted
M: 5
lambda: 24
epsilon_svgd: 0.008
gamma: 0.0005
decay_start_ratio: 0.05
decay_min_factor: 0.05
bandwith_kernel: None
no_interact: False
avg_score: -944.52001953125
median_score: -946.5
std_score: 67.7597885131836
percentiles: 2%=-1072.1199951171875, 5%=-1068.0999755859375, 10%=-1045.300048828125, 25%=-984.25, 50%=-946.5, 75%=-891.0, 90%=-849.9000244140625, 95%=-836.7999877929688, 98%=-821.6599731445312
ranking_best_algo: CMApara
ranking_best_score: 964.9
ranking_my_rank: 3/504 (99.6%)
ranking_my_percent: 99.60317460317461
