ConfigName: kjsd__advperagentrankweighted__M4__L8__eps0p005__g0p0003__ds0p4__dm0p05
Problem: QUBO
Kernel: jsd
Advantage: peragentrankweighted
M: 4
lambda: 8
epsilon_svgd: 0.005
gamma: 0.0003
decay_start_ratio: 0.4
decay_min_factor: 0.05
bandwith_kernel: None
no_interact: False
avg_score: -137.82000732421875
median_score: -140.0
std_score: 12.715643882751465
percentiles: 2%=-159.0, 5%=-158.0, 10%=-157.0, 25%=-146.0, 50%=-140.0, 75%=-128.0, 90%=-122.5999984741211, 95%=-115.0, 98%=-110.9800033569336
ranking_best_algo: DiscreteDE
ranking_best_score: 143.4
ranking_my_rank: 117/504 (77.0%)
ranking_my_percent: 76.98412698412699
