ConfigName: kfr__advglobalrankweighted__M4__L15__eps0p02__g0p007__ds0p01__dm0p01
Problem: QUBO
Kernel: fr
Advantage: globalrankweighted
M: 4
lambda: 15
epsilon_svgd: 0.02
gamma: 0.007
decay_start_ratio: 0.01
decay_min_factor: 0.01
bandwith_kernel: None
no_interact: False
avg_score: -139.86000061035156
median_score: -141.0
std_score: 11.046284675598145
percentiles: 2%=-159.02000427246094, 5%=-159.0, 10%=-158.0, 25%=-146.0, 50%=-141.0, 75%=-131.0, 90%=-125.9000015258789, 95%=-125.0, 98%=-120.93998718261719
ranking_best_algo: DiscreteDE
ranking_best_score: 143.4
ranking_my_rank: 80/504 (84.3%)
ranking_my_percent: 84.32539682539682
