ConfigName: krbf__advnormalizedfitness__M4__L10__eps0p033__g0p015__ds0p15__dm0p3
Problem: QUBO
Kernel: rbf
Advantage: normalizedfitness
M: 4
lambda: 10
epsilon_svgd: 0.033
gamma: 0.015
decay_start_ratio: 0.15
decay_min_factor: 0.3
bandwith_kernel: None
no_interact: False
avg_score: -989.1599731445312
median_score: -984.0
std_score: 96.90982818603516
percentiles: 2%=-1165.1600341796875, 5%=-1133.5999755859375, 10%=-1114.4000244140625, 25%=-1067.5, 50%=-984.0, 75%=-921.25, 90%=-867.7999877929688, 95%=-832.2500610351562, 98%=-800.1398315429688
ranking_best_algo: Tabu
ranking_best_score: 1216.16
ranking_my_rank: 276/504 (45.4%)
ranking_my_percent: 45.43650793650794
