ConfigName: kjsd__advperagentrankweighted__M3__L20__eps0p005__g0p0005__ds0p05__dm0p1
Problem: QUBO
Kernel: jsd
Advantage: peragentrankweighted
M: 3
lambda: 20
epsilon_svgd: 0.005
gamma: 0.0005
decay_start_ratio: 0.05
decay_min_factor: 0.1
bandwith_kernel: None
no_interact: False
avg_score: -1625.1800537109375
median_score: -1624.5
std_score: 63.706417083740234
percentiles: 2%=-1749.0799560546875, 5%=-1723.199951171875, 10%=-1707.0999755859375, 25%=-1673.25, 50%=-1624.5, 75%=-1578.0, 90%=-1548.199951171875, 95%=-1526.5999755859375, 98%=-1499.8199462890625
ranking_best_algo: NLOPT_LN_PRAXIS
ranking_best_score: 1607.12
ranking_my_rank: 1/504 (100.0%)
ranking_my_percent: 100.0
