ConfigName: kjsd__advperagentrankweighted__M3__L16__eps0p01__g0p0007__ds0p05__dm0p05
Problem: QUBO
Kernel: jsd
Advantage: peragentrankweighted
M: 3
lambda: 16
epsilon_svgd: 0.01
gamma: 0.0007
decay_start_ratio: 0.05
decay_min_factor: 0.05
bandwith_kernel: None
no_interact: False
avg_score: -146.0399932861328
median_score: -145.0
std_score: 12.235946655273438
percentiles: 2%=-179.0, 5%=-164.0, 10%=-160.0, 25%=-154.0, 50%=-145.0, 75%=-138.0, 90%=-133.0, 95%=-127.0, 98%=-120.0
ranking_best_algo: CMApara
ranking_best_score: 154.28
ranking_my_rank: 128/504 (74.8%)
ranking_my_percent: 74.8015873015873
