ConfigName: krbf__advnormalizedfitness__M3__L12__eps0p033__g0p005__ds0p3__dm0p01
Problem: NK
Kernel: rbf
Advantage: normalizedfitness
M: 3
lambda: 12
epsilon_svgd: 0.033
gamma: 0.005
decay_start_ratio: 0.3
decay_min_factor: 0.01
bandwith_kernel: None
no_interact: False
avg_score: 0.7342677116394043
median_score: 0.7356680631637573
std_score: 0.008742270059883595
percentiles: 2%=0.7163592576980591, 5%=0.717453122138977, 10%=0.7198266386985779, 25%=0.7286030650138855, 50%=0.7356680631637573, 75%=0.7409789562225342, 90%=0.7443824410438538, 95%=0.7454962134361267, 98%=0.7468321323394775
ranking_best_algo: PBIL
ranking_best_score: 0.7248786399609374
ranking_my_rank: 1/504 (100.0%)
ranking_my_percent: 100.0
