ConfigName: krbf__advnormalizedfitness__M4__L15__eps0p025__g0p01__ds0p15__dm0p01
Problem: QUBO
Kernel: rbf
Advantage: normalizedfitness
M: 4
lambda: 15
epsilon_svgd: 0.025
gamma: 0.01
decay_start_ratio: 0.15
decay_min_factor: 0.01
bandwith_kernel: None
no_interact: False
avg_score: -991.0399780273438
median_score: -992.0
std_score: 87.11772918701172
percentiles: 2%=-1161.52001953125, 5%=-1127.0999755859375, 10%=-1098.4000244140625, 25%=-1045.25, 50%=-992.0, 75%=-930.0, 90%=-872.4000244140625, 95%=-839.75, 98%=-817.0
ranking_best_algo: SVMMetaModelLogNormal
ranking_best_score: 1233.7999999999997
ranking_my_rank: 257/504 (49.2%)
ranking_my_percent: 49.20634920634921
