ConfigName: krbf__advnormalizedfitness__M4__L10__eps0p03__g0p001__ds0p05__dm0p05
Problem: NK
Kernel: rbf
Advantage: normalizedfitness
M: 4
lambda: 10
epsilon_svgd: 0.03
gamma: 0.001
decay_start_ratio: 0.05
decay_min_factor: 0.05
bandwith_kernel: None
no_interact: False
avg_score: 0.7186887264251709
median_score: 0.7175805568695068
std_score: 0.00939149409532547
percentiles: 2%=0.7036192417144775, 5%=0.7054255604743958, 10%=0.7069862484931946, 25%=0.7124151587486267, 50%=0.7175805568695068, 75%=0.7239535450935364, 90%=0.731024980545044, 95%=0.7345854043960571, 98%=0.7402766942977905
ranking_best_algo: Tabu
ranking_best_score: 0.7429702712499999
ranking_my_rank: 52/504 (89.9%)
ranking_my_percent: 89.88095238095238
