ConfigName: krbf__advnormalizedfitness__M4__L8__eps0p02__g0p005__ds0p15__dm0p05
Problem: QUBO
Kernel: rbf
Advantage: normalizedfitness
M: 4
lambda: 8
epsilon_svgd: 0.02
gamma: 0.005
decay_start_ratio: 0.15
decay_min_factor: 0.05
bandwith_kernel: None
no_interact: False
avg_score: -200.97999572753906
median_score: -201.0
std_score: 11.630975723266602
percentiles: 2%=-224.0, 5%=-224.0, 10%=-219.1999969482422, 25%=-207.25, 50%=-201.0, 75%=-192.0, 90%=-186.0, 95%=-182.0, 98%=-180.97999572753906
ranking_best_algo: Tabu
ranking_best_score: 208.36000000000004
ranking_my_rank: 43/504 (91.7%)
ranking_my_percent: 91.66666666666667
