ConfigName: kjsd__advperagentrankweighted__M5__L10__eps0p005__g0p003__ds0p4__dm0p2
Problem: QUBO
Kernel: jsd
Advantage: peragentrankweighted
M: 5
lambda: 10
epsilon_svgd: 0.005
gamma: 0.003
decay_start_ratio: 0.4
decay_min_factor: 0.2
bandwith_kernel: None
no_interact: False
avg_score: -322.3800048828125
median_score: -325.5
std_score: 22.769620895385742
percentiles: 2%=-368.0799865722656, 5%=-354.0, 10%=-346.29998779296875, 25%=-340.0, 50%=-325.5, 75%=-306.0, 90%=-290.8999938964844, 95%=-283.95001220703125, 98%=-273.9200134277344
ranking_best_algo: CMApara
ranking_best_score: 344.22
ranking_my_rank: 141/504 (72.2%)
ranking_my_percent: 72.22222222222223
