ConfigName: krbf__advnormalizedfitness__M2__L8__eps0p025__g0p015__ds0p3__dm0p3
Problem: QUBO
Kernel: rbf
Advantage: normalizedfitness
M: 2
lambda: 8
epsilon_svgd: 0.025
gamma: 0.015
decay_start_ratio: 0.3
decay_min_factor: 0.3
bandwith_kernel: None
no_interact: False
avg_score: -2588.0
median_score: -2594.5
std_score: 115.48229217529297
percentiles: 2%=-2814.39990234375, 5%=-2762.10009765625, 10%=-2720.39990234375, 25%=-2656.75, 50%=-2594.5, 75%=-2499.0, 90%=-2437.10009765625, 95%=-2393.89990234375, 98%=-2356.6201171875
ranking_best_algo: DiscreteLengler2OnePlusOne
ranking_best_score: 2617.04
ranking_my_rank: 42/504 (91.9%)
ranking_my_percent: 91.86507936507937
