ConfigName: kjsd__advperagentrankweighted__M5__L8__eps0p03__g0p0007__ds0p05__dm0p05
Problem: QUBO
Kernel: jsd
Advantage: peragentrankweighted
M: 5
lambda: 8
epsilon_svgd: 0.03
gamma: 0.0007
decay_start_ratio: 0.05
decay_min_factor: 0.05
bandwith_kernel: None
no_interact: False
avg_score: -572.1799926757812
median_score: -569.5
std_score: 27.93219566345215
percentiles: 2%=-630.02001953125, 5%=-621.2999877929688, 10%=-615.0, 25%=-588.25, 50%=-569.5, 75%=-554.0, 90%=-537.7999877929688, 95%=-526.7999877929688, 98%=-521.97998046875
ranking_best_algo: Tabu
ranking_best_score: 588.7199999999999
ranking_my_rank: 62/503 (87.9%)
ranking_my_percent: 87.8727634194831
