ConfigName: kjsd__advperagentrankweighted__M3__L16__eps0p007__g0p0007__ds0p2__dm0p2
Problem: NK
Kernel: jsd
Advantage: peragentrankweighted
M: 3
lambda: 16
epsilon_svgd: 0.007
gamma: 0.0007
decay_start_ratio: 0.2
decay_min_factor: 0.2
bandwith_kernel: None
no_interact: False
avg_score: 0.7393335103988647
median_score: 0.7382594347000122
std_score: 0.014081924222409725
percentiles: 2%=0.7171231508255005, 5%=0.717532753944397, 10%=0.7210131287574768, 25%=0.7297730445861816, 50%=0.7382594347000122, 75%=0.7485542297363281, 90%=0.7592867016792297, 95%=0.762071967124939, 98%=0.7685585021972656
ranking_best_algo: Tabu
ranking_best_score: 0.7601875690625
ranking_my_rank: 16/504 (97.0%)
ranking_my_percent: 97.02380952380952
