ConfigName: krbf__advnormalizedfitness__M3__L8__eps0p015__g0p005__ds0p15__dm0p3
Problem: QUBO
Kernel: rbf
Advantage: normalizedfitness
M: 3
lambda: 8
epsilon_svgd: 0.015
gamma: 0.005
decay_start_ratio: 0.15
decay_min_factor: 0.3
bandwith_kernel: None
no_interact: False
avg_score: -329.1400146484375
median_score: -334.0
std_score: 22.682600021362305
percentiles: 2%=-372.0, 5%=-361.0, 10%=-354.0, 25%=-343.0, 50%=-334.0, 75%=-316.0, 90%=-294.70001220703125, 95%=-286.0, 98%=-278.77996826171875
ranking_best_algo: CMApara
ranking_best_score: 344.22
ranking_my_rank: 82/504 (83.9%)
ranking_my_percent: 83.92857142857143
