ConfigName: kjsd__advperagentrankweighted__M3__L20__eps0p007__g0p0005__ds0p2__dm0p1
Problem: NK
Kernel: jsd
Advantage: peragentrankweighted
M: 3
lambda: 20
epsilon_svgd: 0.007
gamma: 0.0005
decay_start_ratio: 0.2
decay_min_factor: 0.1
bandwith_kernel: None
no_interact: False
avg_score: 0.7093655467033386
median_score: 0.7110612988471985
std_score: 0.015483776107430458
percentiles: 2%=0.6695312261581421, 5%=0.6719284057617188, 10%=0.6932856440544128, 25%=0.7063040733337402, 50%=0.7110612988471985, 75%=0.7179430723190308, 90%=0.7251020669937134, 95%=0.7316389083862305, 98%=0.733316957950592
ranking_best_algo: CMApara
ranking_best_score: 0.707475975
ranking_my_rank: 1/504 (100.0%)
ranking_my_percent: 100.0
