ConfigName: kjsd__advperagentrankweighted__M3__L30__eps0p005__g0p001__ds0p1__dm0p2
Problem: QUBO
Kernel: jsd
Advantage: peragentrankweighted
M: 3
lambda: 30
epsilon_svgd: 0.005
gamma: 0.001
decay_start_ratio: 0.1
decay_min_factor: 0.2
bandwith_kernel: None
no_interact: False
avg_score: -1148.0
median_score: -1156.5
std_score: 67.20193481445312
percentiles: 2%=-1274.06005859375, 5%=-1241.5, 10%=-1222.199951171875, 25%=-1193.0, 50%=-1156.5, 75%=-1111.0, 90%=-1054.800048828125, 95%=-1022.2000122070312, 98%=-995.7999877929688
ranking_best_algo: SVMMetaModelLogNormal
ranking_best_score: 1233.7999999999997
ranking_my_rank: 94/504 (81.5%)
ranking_my_percent: 81.54761904761905
