ConfigName: kjsd__advperagentrankweighted__M3__L16__eps0p007__g0p0007__ds0p1__dm0p1
Problem: QUBO
Kernel: jsd
Advantage: peragentrankweighted
M: 3
lambda: 16
epsilon_svgd: 0.007
gamma: 0.0007
decay_start_ratio: 0.1
decay_min_factor: 0.1
bandwith_kernel: None
no_interact: False
avg_score: -938.8400268554688
median_score: -939.0
std_score: 63.7892951965332
percentiles: 2%=-1054.4000244140625, 5%=-1048.0999755859375, 10%=-1020.5, 25%=-985.75, 50%=-939.0, 75%=-891.25, 90%=-860.7999877929688, 95%=-834.9000244140625, 98%=-814.9400024414062
ranking_best_algo: CMApara
ranking_best_score: 964.9
ranking_my_rank: 7/504 (98.8%)
ranking_my_percent: 98.80952380952381
