ConfigName: kjsd__advperagentrankweighted__M5__L24__eps0p03__g0p0005__ds0p2__dm0p05
Problem: QUBO
Kernel: jsd
Advantage: peragentrankweighted
M: 5
lambda: 24
epsilon_svgd: 0.03
gamma: 0.0005
decay_start_ratio: 0.2
decay_min_factor: 0.05
bandwith_kernel: None
no_interact: False
avg_score: -331.67999267578125
median_score: -334.0
std_score: 19.597387313842773
percentiles: 2%=-372.0, 5%=-361.0, 10%=-354.0, 25%=-343.0, 50%=-334.0, 75%=-322.0, 90%=-300.8999938964844, 95%=-297.8999938964844, 98%=-289.9800109863281
ranking_best_algo: CMApara
ranking_best_score: 344.22
ranking_my_rank: 76/504 (85.1%)
ranking_my_percent: 85.11904761904762
