ConfigName: kfr__advglobalrankweighted__M2__L7__eps0p02__g0p005__ds0p01__dm0p01
Problem: QUBO
Kernel: fr
Advantage: globalrankweighted
M: 2
lambda: 7
epsilon_svgd: 0.02
gamma: 0.005
decay_start_ratio: 0.01
decay_min_factor: 0.01
bandwith_kernel: None
no_interact: False
avg_score: -195.0
median_score: -193.0
std_score: 14.133647918701172
percentiles: 2%=-224.0, 5%=-224.0, 10%=-216.1999969482422, 25%=-204.0, 50%=-193.0, 75%=-186.0, 90%=-177.0, 95%=-170.0, 98%=-168.9399871826172
ranking_best_algo: Tabu
ranking_best_score: 208.36000000000004
ranking_my_rank: 215/504 (57.5%)
ranking_my_percent: 57.53968253968254
