ConfigName: kjsd__advperagentrankweighted__M4__L10__eps0p005__g0p0005__ds0p05__dm0p05
Problem: QUBO
Kernel: jsd
Advantage: peragentrankweighted
M: 4
lambda: 10
epsilon_svgd: 0.005
gamma: 0.0005
decay_start_ratio: 0.05
decay_min_factor: 0.05
bandwith_kernel: None
no_interact: False
avg_score: -943.9199829101562
median_score: -939.0
std_score: 65.99282836914062
percentiles: 2%=-1074.0400390625, 5%=-1066.300048828125, 10%=-1027.0999755859375, 25%=-995.5, 50%=-939.0, 75%=-895.75, 90%=-854.0999755859375, 95%=-842.5, 98%=-823.97998046875
ranking_best_algo: CMApara
ranking_best_score: 964.9
ranking_my_rank: 3/504 (99.6%)
ranking_my_percent: 99.60317460317461
