ConfigName: kjsd__advperagentrankweighted__M4__L30__eps0p01__g0p0003__ds0p4__dm0p05
Problem: NK
Kernel: jsd
Advantage: peragentrankweighted
M: 4
lambda: 30
epsilon_svgd: 0.01
gamma: 0.0003
decay_start_ratio: 0.4
decay_min_factor: 0.05
bandwith_kernel: None
no_interact: False
avg_score: 0.7453140020370483
median_score: 0.7453849911689758
std_score: 0.008639780804514885
percentiles: 2%=0.7300488352775574, 5%=0.7331903576850891, 10%=0.7346013784408569, 25%=0.7404174208641052, 50%=0.7453849911689758, 75%=0.7500606775283813, 90%=0.7552878856658936, 95%=0.7601217031478882, 98%=0.7646817564964294
ranking_best_algo: PBIL
ranking_best_score: 0.733570253046875
ranking_my_rank: 1/504 (100.0%)
ranking_my_percent: 100.0
