ConfigName: kfr__advglobalrankweighted__M1__L9__eps0p015__g0p007__ds0p01__dm0p01
Problem: QUBO
Kernel: fr
Advantage: globalrankweighted
M: 1
lambda: 9
epsilon_svgd: 0.015
gamma: 0.007
decay_start_ratio: 0.01
decay_min_factor: 0.01
bandwith_kernel: None
no_interact: False
avg_score: -1269.300048828125
median_score: -1267.5
std_score: 67.71595001220703
percentiles: 2%=-1411.0999755859375, 5%=-1394.1500244140625, 10%=-1361.0999755859375, 25%=-1310.0, 50%=-1267.5, 75%=-1224.5, 90%=-1188.4000244140625, 95%=-1158.4000244140625, 98%=-1137.719970703125
ranking_best_algo: BigLognormalDiscreteOnePlusOne
ranking_best_score: 1301.3600000000004
ranking_my_rank: 49/504 (90.5%)
ranking_my_percent: 90.47619047619048
