ConfigName: krbf__advnormalizedfitness__M4__L8__eps0p033__g0p005__ds0p15__dm0p3
Problem: QUBO
Kernel: rbf
Advantage: normalizedfitness
M: 4
lambda: 8
epsilon_svgd: 0.033
gamma: 0.005
decay_start_ratio: 0.15
decay_min_factor: 0.3
bandwith_kernel: None
no_interact: False
avg_score: -139.0399932861328
median_score: -141.0
std_score: 11.104881286621094
percentiles: 2%=-158.02000427246094, 5%=-156.10000610351562, 10%=-151.10000610351562, 25%=-146.0, 50%=-141.0, 75%=-132.0, 90%=-125.0, 95%=-121.0, 98%=-112.95999145507812
ranking_best_algo: DiscreteDE
ranking_best_score: 143.4
ranking_my_rank: 93/504 (81.7%)
ranking_my_percent: 81.74603174603175
