ConfigName: kjsd__advperagentrankweighted__M6__L24__eps0p005__g0p0005__ds0p05__dm0p05
Problem: NK
Kernel: jsd
Advantage: peragentrankweighted
M: 6
lambda: 24
epsilon_svgd: 0.005
gamma: 0.0005
decay_start_ratio: 0.05
decay_min_factor: 0.05
bandwith_kernel: None
no_interact: False
avg_score: 0.7267035841941833
median_score: 0.7294477820396423
std_score: 0.013406327925622463
percentiles: 2%=0.6998287439346313, 5%=0.7042481303215027, 10%=0.7108606696128845, 25%=0.7164250612258911, 50%=0.7294477820396423, 75%=0.734532356262207, 90%=0.7435633540153503, 95%=0.7464307546615601, 98%=0.7512133717536926
ranking_best_algo: PBIL
ranking_best_score: 0.733570253046875
ranking_my_rank: 6/504 (99.0%)
ranking_my_percent: 99.0079365079365
