ConfigName: kjsd__advperagentrankweighted__M2__L20__eps0p005__g0p0005__ds0p05__dm0p1
Problem: QUBO
Kernel: jsd
Advantage: peragentrankweighted
M: 2
lambda: 20
epsilon_svgd: 0.005
gamma: 0.0005
decay_start_ratio: 0.05
decay_min_factor: 0.1
bandwith_kernel: None
no_interact: False
avg_score: -1288.3199462890625
median_score: -1286.0
std_score: 61.191810607910156
percentiles: 2%=-1414.199951171875, 5%=-1376.300048828125, 10%=-1368.0999755859375, 25%=-1329.25, 50%=-1286.0, 75%=-1244.5, 90%=-1214.800048828125, 95%=-1191.75, 98%=-1178.9599609375
ranking_best_algo: BigLognormalDiscreteOnePlusOne
ranking_best_score: 1301.3600000000004
ranking_my_rank: 4/504 (99.4%)
ranking_my_percent: 99.4047619047619
