ConfigName: kjsd__advperagentrankweighted__M3__L16__eps0p007__g0p0005__ds0p05__dm0p05
Problem: QUBO
Kernel: jsd
Advantage: peragentrankweighted
M: 3
lambda: 16
epsilon_svgd: 0.007
gamma: 0.0005
decay_start_ratio: 0.05
decay_min_factor: 0.05
bandwith_kernel: None
no_interact: False
avg_score: -438.20001220703125
median_score: -438.5
std_score: 28.408449172973633
percentiles: 2%=-492.1199951171875, 5%=-483.0, 10%=-473.0, 25%=-462.25, 50%=-438.5, 75%=-416.0, 90%=-403.3999938964844, 95%=-390.95001220703125, 98%=-385.0
ranking_best_algo: CMApara
ranking_best_score: 453.82
ranking_my_rank: 21/504 (96.0%)
ranking_my_percent: 96.03174603174604
