ConfigName: krbf__advnormalizedfitness__M3__L12__eps0p033__g0p005__ds0p15__dm0p3
Problem: NK
Kernel: rbf
Advantage: normalizedfitness
M: 3
lambda: 12
epsilon_svgd: 0.033
gamma: 0.005
decay_start_ratio: 0.15
decay_min_factor: 0.3
bandwith_kernel: None
no_interact: False
avg_score: 0.7530258297920227
median_score: 0.7530216574668884
std_score: 0.012578199617564678
percentiles: 2%=0.7304500937461853, 5%=0.7309781312942505, 10%=0.7355650067329407, 25%=0.7441582083702087, 50%=0.7530216574668884, 75%=0.7623417973518372, 90%=0.7700380086898804, 95%=0.7735666036605835, 98%=0.7770450711250305
ranking_best_algo: Tabu
ranking_best_score: 0.7657846284375001
ranking_my_rank: 9/504 (98.4%)
ranking_my_percent: 98.41269841269842
