ConfigName: kjsd__advperagentrankweighted__M3__L20__eps0p005__g0p0005__ds0p1__dm0p05
Problem: QUBO
Kernel: jsd
Advantage: peragentrankweighted
M: 3
lambda: 20
epsilon_svgd: 0.005
gamma: 0.0005
decay_start_ratio: 0.1
decay_min_factor: 0.05
bandwith_kernel: None
no_interact: False
avg_score: -324.29998779296875
median_score: -326.0
std_score: 22.63338279724121
percentiles: 2%=-372.0, 5%=-354.3500061035156, 10%=-350.0, 25%=-341.0, 50%=-326.0, 75%=-306.75, 90%=-292.0, 95%=-283.8999938964844, 98%=-280.0
ranking_best_algo: CMApara
ranking_best_score: 344.22
ranking_my_rank: 126/504 (75.2%)
ranking_my_percent: 75.1984126984127
