ConfigName: krbf__advnormalizedfitness__M1__L8__eps0p025__g0p015__ds0p3__dm0p3
Problem: QUBO
Kernel: rbf
Advantage: normalizedfitness
M: 1
lambda: 8
epsilon_svgd: 0.025
gamma: 0.015
decay_start_ratio: 0.3
decay_min_factor: 0.3
bandwith_kernel: None
no_interact: False
avg_score: -322.5400085449219
median_score: -326.0
std_score: 28.141578674316406
percentiles: 2%=-372.0, 5%=-372.0, 10%=-350.3999938964844, 25%=-342.0, 50%=-326.0, 75%=-298.0, 90%=-283.79998779296875, 95%=-275.70001220703125, 98%=-263.91998291015625
ranking_best_algo: CMApara
ranking_best_score: 344.22
ranking_my_rank: 141/504 (72.2%)
ranking_my_percent: 72.22222222222223
