ConfigName: krbf__advnormalizedfitness__M3__L12__eps0p025__g0p005__ds0p15__dm0p3
Problem: QUBO
Kernel: rbf
Advantage: normalizedfitness
M: 3
lambda: 12
epsilon_svgd: 0.025
gamma: 0.005
decay_start_ratio: 0.15
decay_min_factor: 0.3
bandwith_kernel: None
no_interact: False
avg_score: -2578.239990234375
median_score: -2568.5
std_score: 137.22705078125
percentiles: 2%=-2853.1201171875, 5%=-2799.0, 10%=-2770.699951171875, 25%=-2684.0, 50%=-2568.5, 75%=-2482.0, 90%=-2403.699951171875, 95%=-2376.35009765625, 98%=-2322.619873046875
ranking_best_algo: DiscreteLengler2OnePlusOne
ranking_best_score: 2617.04
ranking_my_rank: 47/504 (90.9%)
ranking_my_percent: 90.87301587301587
