ConfigName: kjsd__advperagentrankweighted__M3__L20__eps0p007__g0p001__ds0p05__dm0p1
Problem: NK
Kernel: jsd
Advantage: peragentrankweighted
M: 3
lambda: 20
epsilon_svgd: 0.007
gamma: 0.001
decay_start_ratio: 0.05
decay_min_factor: 0.1
bandwith_kernel: None
no_interact: False
avg_score: 0.7358006834983826
median_score: 0.7372676134109497
std_score: 0.008589248172938824
percentiles: 2%=0.7149286270141602, 5%=0.7188954949378967, 10%=0.723405122756958, 25%=0.7321060299873352, 50%=0.7372676134109497, 75%=0.7418233156204224, 90%=0.7453378438949585, 95%=0.7462917566299438, 98%=0.7478436827659607
ranking_best_algo: PBIL
ranking_best_score: 0.7248786399609374
ranking_my_rank: 1/504 (100.0%)
ranking_my_percent: 100.0
