ConfigName: kjsd__advperagentrankweighted__M4__L20__eps0p005__g0p001__ds0p1__dm0p1
Problem: NK
Kernel: jsd
Advantage: peragentrankweighted
M: 4
lambda: 20
epsilon_svgd: 0.005
gamma: 0.001
decay_start_ratio: 0.1
decay_min_factor: 0.1
bandwith_kernel: None
no_interact: False
avg_score: 0.7453899383544922
median_score: 0.7423140406608582
std_score: 0.028453435748815536
percentiles: 2%=0.69987952709198, 5%=0.7084602117538452, 10%=0.710521936416626, 25%=0.7214432954788208, 50%=0.7423140406608582, 75%=0.7580187320709229, 90%=0.7783373594284058, 95%=0.8047558665275574, 98%=0.8118547797203064
ranking_best_algo: CMApara
ranking_best_score: 0.7459277895312499
ranking_my_rank: 2/504 (99.8%)
ranking_my_percent: 99.8015873015873
