ConfigName: kjsd__advperagentrankweighted__M3__L16__eps0p005__g0p0007__ds0p1__dm0p05
Problem: QUBO
Kernel: jsd
Advantage: peragentrankweighted
M: 3
lambda: 16
epsilon_svgd: 0.005
gamma: 0.0007
decay_start_ratio: 0.1
decay_min_factor: 0.05
bandwith_kernel: None
no_interact: False
avg_score: -910.9600219726562
median_score: -912.5
std_score: 59.330078125
percentiles: 2%=-1024.43994140625, 5%=-1002.7000122070312, 10%=-989.2000122070312, 25%=-951.5, 50%=-912.5, 75%=-873.0, 90%=-834.0, 95%=-811.9500122070312, 98%=-800.739990234375
ranking_best_algo: CMAL3
ranking_best_score: 928.5800000000002
ranking_my_rank: 20/504 (96.2%)
ranking_my_percent: 96.23015873015873
