ConfigName: kjsd__advperagentrankweighted__M6__L8__eps0p02__g0p0007__ds0p05__dm0p05
Problem: QUBO
Kernel: jsd
Advantage: peragentrankweighted
M: 6
lambda: 8
epsilon_svgd: 0.02
gamma: 0.0007
decay_start_ratio: 0.05
decay_min_factor: 0.05
bandwith_kernel: None
no_interact: False
avg_score: -3264.159912109375
median_score: -3251.5
std_score: 115.18461608886719
percentiles: 2%=-3544.5400390625, 5%=-3447.0, 10%=-3413.5, 25%=-3329.0, 50%=-3251.5, 75%=-3191.5, 90%=-3120.0, 95%=-3106.60009765625, 98%=-3054.860107421875
ranking_best_algo: RLSOnePlusOne
ranking_best_score: 3316.5199999999995
ranking_my_rank: 13/504 (97.6%)
ranking_my_percent: 97.61904761904762
