ConfigName: krbf__advnormalizedfitness__M1__L8__eps0p025__g0p005__ds0p01__dm0p3
Problem: QUBO
Kernel: rbf
Advantage: normalizedfitness
M: 1
lambda: 8
epsilon_svgd: 0.025
gamma: 0.005
decay_start_ratio: 0.01
decay_min_factor: 0.3
bandwith_kernel: None
no_interact: False
avg_score: -2491.280029296875
median_score: -2484.5
std_score: 121.68666076660156
percentiles: 2%=-2712.1201171875, 5%=-2687.10009765625, 10%=-2660.199951171875, 25%=-2583.5, 50%=-2484.5, 75%=-2413.5, 90%=-2339.800048828125, 95%=-2295.699951171875, 98%=-2260.3798828125
ranking_best_algo: DiscreteLengler2OnePlusOne
ranking_best_score: 2617.04
ranking_my_rank: 76/504 (85.1%)
ranking_my_percent: 85.11904761904762
