ConfigName: kjsd__advperagentrankweighted__M4__L12__eps0p01__g0p0005__ds0p4__dm0p05
Problem: NK
Kernel: jsd
Advantage: peragentrankweighted
M: 4
lambda: 12
epsilon_svgd: 0.01
gamma: 0.0005
decay_start_ratio: 0.4
decay_min_factor: 0.05
bandwith_kernel: None
no_interact: False
avg_score: 0.7088382840156555
median_score: 0.7098034024238586
std_score: 0.015142042189836502
percentiles: 2%=0.6712692975997925, 5%=0.6715534925460815, 10%=0.6931493282318115, 25%=0.7043371200561523, 50%=0.7098034024238586, 75%=0.7173658013343811, 90%=0.7250081896781921, 95%=0.7317133545875549, 98%=0.7328670024871826
ranking_best_algo: CMApara
ranking_best_score: 0.707475975
ranking_my_rank: 1/504 (100.0%)
ranking_my_percent: 100.0
