ConfigName: kjsd__advperagentrankweighted__M4__L8__eps0p02__g0p0003__ds0p2__dm0p05
Problem: QUBO
Kernel: jsd
Advantage: peragentrankweighted
M: 4
lambda: 8
epsilon_svgd: 0.02
gamma: 0.0003
decay_start_ratio: 0.2
decay_min_factor: 0.05
bandwith_kernel: None
no_interact: False
avg_score: -1198.719970703125
median_score: -1193.5
std_score: 65.2188720703125
percentiles: 2%=-1339.0999755859375, 5%=-1311.3499755859375, 10%=-1280.699951171875, 25%=-1244.25, 50%=-1193.5, 75%=-1152.0, 90%=-1121.5999755859375, 95%=-1098.75, 98%=-1084.9200439453125
ranking_best_algo: SVMMetaModelLogNormal
ranking_best_score: 1233.7999999999997
ranking_my_rank: 58/504 (88.7%)
ranking_my_percent: 88.69047619047619
