ConfigName: kjsd__advperagentrankweighted__M4__L20__eps0p005__g0p001__ds0p2__dm0p1
Problem: NK
Kernel: jsd
Advantage: peragentrankweighted
M: 4
lambda: 20
epsilon_svgd: 0.005
gamma: 0.001
decay_start_ratio: 0.2
decay_min_factor: 0.1
bandwith_kernel: None
no_interact: False
avg_score: 0.7107162475585938
median_score: 0.7109535932540894
std_score: 0.015116441063582897
percentiles: 2%=0.6734870076179504, 5%=0.6739585995674133, 10%=0.6973229050636292, 25%=0.707259476184845, 50%=0.7109535932540894, 75%=0.7185528874397278, 90%=0.7255457639694214, 95%=0.7331019043922424, 98%=0.7331469655036926
ranking_best_algo: CMApara
ranking_best_score: 0.707475975
ranking_my_rank: 1/504 (100.0%)
ranking_my_percent: 100.0
