ConfigName: kfr__advglobalrankweighted__M2__L9__eps0p02__g0p007__ds0p01__dm0p01
Problem: QUBO
Kernel: fr
Advantage: globalrankweighted
M: 2
lambda: 9
epsilon_svgd: 0.02
gamma: 0.007
decay_start_ratio: 0.01
decay_min_factor: 0.01
bandwith_kernel: None
no_interact: False
avg_score: -1616.0
median_score: -1619.0
std_score: 68.78531646728516
percentiles: 2%=-1727.9400634765625, 5%=-1715.0999755859375, 10%=-1705.0999755859375, 25%=-1655.5, 50%=-1619.0, 75%=-1573.0, 90%=-1539.0, 95%=-1516.60009765625, 98%=-1462.919921875
ranking_best_algo: NLOPT_LN_PRAXIS
ranking_best_score: 1607.12
ranking_my_rank: 1/504 (100.0%)
ranking_my_percent: 100.0
