ConfigName: krbf__advnormalizedfitness__M1__L8__eps0p033__g0p01__ds0p01__dm0p01
Problem: NK
Kernel: rbf
Advantage: normalizedfitness
M: 1
lambda: 8
epsilon_svgd: 0.033
gamma: 0.01
decay_start_ratio: 0.01
decay_min_factor: 0.01
bandwith_kernel: None
no_interact: False
avg_score: 0.733441174030304
median_score: 0.733978807926178
std_score: 0.010816278867423534
percentiles: 2%=0.7096548676490784, 5%=0.714043915271759, 10%=0.721343457698822, 25%=0.7263174653053284, 50%=0.733978807926178, 75%=0.7399293184280396, 90%=0.7486268281936646, 95%=0.7522096633911133, 98%=0.7540275454521179
ranking_best_algo: PBIL
ranking_best_score: 0.733570253046875
ranking_my_rank: 2/504 (99.8%)
ranking_my_percent: 99.8015873015873
