ConfigName: kjsd__advperagentrankweighted__M4__L8__eps0p01__g0p0005__ds0p2__dm0p05
Problem: QUBO
Kernel: jsd
Advantage: peragentrankweighted
M: 4
lambda: 8
epsilon_svgd: 0.01
gamma: 0.0005
decay_start_ratio: 0.2
decay_min_factor: 0.05
bandwith_kernel: None
no_interact: False
avg_score: -1182.02001953125
median_score: -1179.5
std_score: 58.84708786010742
percentiles: 2%=-1335.1199951171875, 5%=-1264.25, 10%=-1246.0999755859375, 25%=-1221.25, 50%=-1179.5, 75%=-1135.5, 90%=-1116.0, 95%=-1087.8499755859375, 98%=-1083.800048828125
ranking_best_algo: Tabu
ranking_best_score: 1216.16
ranking_my_rank: 65/504 (87.3%)
ranking_my_percent: 87.3015873015873
