ConfigName: krbf__advnormalizedfitness__M2__L10__eps0p015__g0p015__ds0p3__dm0p3
Problem: QUBO
Kernel: rbf
Advantage: normalizedfitness
M: 2
lambda: 10
epsilon_svgd: 0.015
gamma: 0.015
decay_start_ratio: 0.3
decay_min_factor: 0.3
bandwith_kernel: None
no_interact: False
avg_score: -432.9800109863281
median_score: -434.5
std_score: 26.330963134765625
percentiles: 2%=-475.3399963378906, 5%=-472.04998779296875, 10%=-470.1000061035156, 25%=-453.0, 50%=-434.5, 75%=-413.0, 90%=-398.0, 95%=-393.8500061035156, 98%=-376.9800109863281
ranking_best_algo: CMApara
ranking_best_score: 453.82
ranking_my_rank: 45/504 (91.3%)
ranking_my_percent: 91.26984126984127
