ConfigName: kjsd__advperagentrankweighted__M4__L24__eps0p03__g0p0003__ds0p05__dm0p05
Problem: QUBO
Kernel: jsd
Advantage: peragentrankweighted
M: 4
lambda: 24
epsilon_svgd: 0.03
gamma: 0.0003
decay_start_ratio: 0.05
decay_min_factor: 0.05
bandwith_kernel: None
no_interact: False
avg_score: -137.5399932861328
median_score: -139.0
std_score: 10.795757293701172
percentiles: 2%=-158.0, 5%=-154.0500030517578, 10%=-151.10000610351562, 25%=-146.0, 50%=-139.0, 75%=-128.75, 90%=-123.0, 95%=-119.0, 98%=-116.95999908447266
ranking_best_algo: DiscreteDE
ranking_best_score: 143.4
ranking_my_rank: 125/504 (75.4%)
ranking_my_percent: 75.39682539682539
