ConfigName: krbf__advnormalizedfitness__M3__L24__eps0p03__g0p01__ds0p05__dm0p05
Problem: NK
Kernel: rbf
Advantage: normalizedfitness
M: 3
lambda: 24
epsilon_svgd: 0.03
gamma: 0.01
decay_start_ratio: 0.05
decay_min_factor: 0.05
bandwith_kernel: None
no_interact: False
avg_score: 0.7102195024490356
median_score: 0.7110275626182556
std_score: 0.01549747958779335
percentiles: 2%=0.6711039543151855, 5%=0.6718735694885254, 10%=0.696921706199646, 25%=0.7069119811058044, 50%=0.7110275626182556, 75%=0.7199442386627197, 90%=0.7253849506378174, 95%=0.7323147058486938, 98%=0.7326797246932983
ranking_best_algo: CMApara
ranking_best_score: 0.707475975
ranking_my_rank: 1/504 (100.0%)
ranking_my_percent: 100.0
