ConfigName: krbf__advnormalizedfitness__M1__L10__eps0p015__g0p015__ds0p15__dm0p3
Problem: QUBO
Kernel: rbf
Advantage: normalizedfitness
M: 1
lambda: 10
epsilon_svgd: 0.015
gamma: 0.015
decay_start_ratio: 0.15
decay_min_factor: 0.3
bandwith_kernel: None
no_interact: False
avg_score: -423.55999755859375
median_score: -428.0
std_score: 29.718114852905273
percentiles: 2%=-477.0400085449219, 5%=-475.0, 10%=-461.0, 25%=-441.5, 50%=-428.0, 75%=-401.75, 90%=-386.79998779296875, 95%=-370.9000244140625, 98%=-358.0
ranking_best_algo: CMAL3
ranking_best_score: 435.36
ranking_my_rank: 32/504 (93.8%)
ranking_my_percent: 93.84920634920636
