ConfigName: krbf__advnormalizedfitness__M2__L8__eps0p025__g0p007__ds0p3__dm0p3
Problem: QUBO
Kernel: rbf
Advantage: normalizedfitness
M: 2
lambda: 8
epsilon_svgd: 0.025
gamma: 0.007
decay_start_ratio: 0.3
decay_min_factor: 0.3
bandwith_kernel: None
no_interact: False
avg_score: -1225.4200439453125
median_score: -1225.0
std_score: 61.959693908691406
percentiles: 2%=-1343.0400390625, 5%=-1335.0999755859375, 10%=-1303.300048828125, 25%=-1267.0, 50%=-1225.0, 75%=-1184.5, 90%=-1143.800048828125, 95%=-1123.75, 98%=-1094.9599609375
ranking_best_algo: SVMMetaModelLogNormal
ranking_best_score: 1233.7999999999997
ranking_my_rank: 13/504 (97.6%)
ranking_my_percent: 97.61904761904762
