ConfigName: krbf__advnormalizedfitness__M1__L8__eps0p033__g0p01__ds0p15__dm0p01
Problem: NK
Kernel: rbf
Advantage: normalizedfitness
M: 1
lambda: 8
epsilon_svgd: 0.033
gamma: 0.01
decay_start_ratio: 0.15
decay_min_factor: 0.01
bandwith_kernel: None
no_interact: False
avg_score: 0.7041733264923096
median_score: 0.7065447568893433
std_score: 0.01674048602581024
percentiles: 2%=0.6595457196235657, 5%=0.6652349829673767, 10%=0.6846506595611572, 25%=0.7003185749053955, 50%=0.7065447568893433, 75%=0.7121060490608215, 90%=0.7216182351112366, 95%=0.7293700575828552, 98%=0.7301172614097595
ranking_best_algo: CMApara
ranking_best_score: 0.707475975
ranking_my_rank: 11/504 (98.0%)
ranking_my_percent: 98.01587301587301
