ConfigName: kfr__advglobalrankweighted__M6__L11__eps0p01__g0p007__ds0p01__dm0p01
Problem: QUBO
Kernel: fr
Advantage: globalrankweighted
M: 6
lambda: 11
epsilon_svgd: 0.01
gamma: 0.007
decay_start_ratio: 0.01
decay_min_factor: 0.01
bandwith_kernel: None
no_interact: False
avg_score: -460.4800109863281
median_score: -458.0
std_score: 42.048179626464844
percentiles: 2%=-555.0999755859375, 5%=-525.2000122070312, 10%=-505.6999816894531, 25%=-491.25, 50%=-458.0, 75%=-426.0, 90%=-404.8999938964844, 95%=-400.8500061035156, 98%=-386.59991455078125
ranking_best_algo: Tabu
ranking_best_score: 588.7199999999999
ranking_my_rank: 323/503 (36.0%)
ranking_my_percent: 35.984095427435385
