ConfigName: kjsd__advperagentrankweighted__M4__L24__eps0p005__g0p0005__ds0p4__dm0p05
Problem: QUBO
Kernel: jsd
Advantage: peragentrankweighted
M: 4
lambda: 24
epsilon_svgd: 0.005
gamma: 0.0005
decay_start_ratio: 0.4
decay_min_factor: 0.05
bandwith_kernel: None
no_interact: False
avg_score: -907.0
median_score: -904.5
std_score: 63.77381896972656
percentiles: 2%=-1022.4000244140625, 5%=-1004.0499877929688, 10%=-990.9000244140625, 25%=-955.25, 50%=-904.5, 75%=-857.5, 90%=-818.0, 95%=-811.8499755859375, 98%=-792.9199829101562
ranking_best_algo: CMAL3
ranking_best_score: 928.5800000000002
ranking_my_rank: 56/504 (89.1%)
ranking_my_percent: 89.08730158730158
