ConfigName: krbf__advnormalizedfitness__M1__L10__eps0p015__g0p007__ds0p01__dm0p01
Problem: QUBO
Kernel: rbf
Advantage: normalizedfitness
M: 1
lambda: 10
epsilon_svgd: 0.015
gamma: 0.007
decay_start_ratio: 0.01
decay_min_factor: 0.01
bandwith_kernel: None
no_interact: False
avg_score: -2550.800048828125
median_score: -2529.0
std_score: 132.3199005126953
percentiles: 2%=-2816.219970703125, 5%=-2792.85009765625, 10%=-2734.199951171875, 25%=-2649.75, 50%=-2529.0, 75%=-2457.75, 90%=-2388.10009765625, 95%=-2359.5, 98%=-2309.639892578125
ranking_best_algo: SVM1MetaModelLogNormal
ranking_best_score: 2605.14
ranking_my_rank: 41/504 (92.1%)
ranking_my_percent: 92.06349206349206
