ConfigName: kfr__advglobalrankweighted__M4__L13__eps0p03__g0p001__ds0p01__dm0p01
Problem: QUBO
Kernel: fr
Advantage: globalrankweighted
M: 4
lambda: 13
epsilon_svgd: 0.03
gamma: 0.001
decay_start_ratio: 0.01
decay_min_factor: 0.01
bandwith_kernel: None
no_interact: False
avg_score: -138.1199951171875
median_score: -139.0
std_score: 11.25991153717041
percentiles: 2%=-158.02000427246094, 5%=-157.0500030517578, 10%=-152.10000610351562, 25%=-146.0, 50%=-139.0, 75%=-129.0, 90%=-125.0, 95%=-119.94999694824219, 98%=-114.9800033569336
ranking_best_algo: DiscreteDE
ranking_best_score: 143.4
ranking_my_rank: 115/504 (77.4%)
ranking_my_percent: 77.38095238095238
