ConfigName: krbf__advnormalizedfitness__M3__L10__eps0p033__g0p015__ds0p01__dm0p3
Problem: QUBO
Kernel: rbf
Advantage: normalizedfitness
M: 3
lambda: 10
epsilon_svgd: 0.033
gamma: 0.015
decay_start_ratio: 0.01
decay_min_factor: 0.3
bandwith_kernel: None
no_interact: False
avg_score: -884.1199951171875
median_score: -879.0
std_score: 65.88691711425781
percentiles: 2%=-1018.1199951171875, 5%=-997.3499755859375, 10%=-969.2000122070312, 25%=-938.25, 50%=-879.0, 75%=-835.75, 90%=-810.9000244140625, 95%=-793.4500732421875, 98%=-764.7999267578125
ranking_best_algo: CMAL3
ranking_best_score: 928.5800000000002
ranking_my_rank: 106/504 (79.2%)
ranking_my_percent: 79.16666666666667
