ConfigName: krbf__advnormalizedfitness__M4__L8__eps0p015__g0p01__ds0p15__dm0p01
Problem: NK
Kernel: rbf
Advantage: normalizedfitness
M: 4
lambda: 8
epsilon_svgd: 0.015
gamma: 0.01
decay_start_ratio: 0.15
decay_min_factor: 0.01
bandwith_kernel: None
no_interact: False
avg_score: 0.7177786827087402
median_score: 0.7185944318771362
std_score: 0.011307609267532825
percentiles: 2%=0.6943179965019226, 5%=0.6984870433807373, 10%=0.7018972039222717, 25%=0.710547924041748, 50%=0.7185944318771362, 75%=0.7247878313064575, 90%=0.7323933839797974, 95%=0.7363986968994141, 98%=0.7377007603645325
ranking_best_algo: PBIL
ranking_best_score: 0.7248786399609374
ranking_my_rank: 37/504 (92.9%)
ranking_my_percent: 92.85714285714286
