ConfigName: krbf__advnormalizedfitness__M4__L10__eps0p033__g0p015__ds0p15__dm0p01
Problem: QUBO
Kernel: rbf
Advantage: normalizedfitness
M: 4
lambda: 10
epsilon_svgd: 0.033
gamma: 0.015
decay_start_ratio: 0.15
decay_min_factor: 0.01
bandwith_kernel: None
no_interact: False
avg_score: -2346.260009765625
median_score: -2336.0
std_score: 173.95669555664062
percentiles: 2%=-2727.89990234375, 5%=-2649.449951171875, 10%=-2554.800048828125, 25%=-2458.75, 50%=-2336.0, 75%=-2229.0, 90%=-2131.39990234375, 95%=-2053.949951171875, 98%=-1998.73974609375
ranking_best_algo: DiscreteLengler2OnePlusOne
ranking_best_score: 2617.04
ranking_my_rank: 151/504 (70.2%)
ranking_my_percent: 70.23809523809524
