ConfigName: kjsd__advperagentrankweighted__M4__L8__eps0p01__g0p0003__ds0p4__dm0p05
Problem: QUBO
Kernel: jsd
Advantage: peragentrankweighted
M: 4
lambda: 8
epsilon_svgd: 0.01
gamma: 0.0003
decay_start_ratio: 0.4
decay_min_factor: 0.05
bandwith_kernel: None
no_interact: False
avg_score: -1283.9599609375
median_score: -1285.0
std_score: 54.71397018432617
percentiles: 2%=-1394.239990234375, 5%=-1383.4000244140625, 10%=-1363.0999755859375, 25%=-1317.5, 50%=-1285.0, 75%=-1238.5, 90%=-1213.0, 95%=-1203.0, 98%=-1196.9200439453125
ranking_best_algo: BigLognormalDiscreteOnePlusOne
ranking_best_score: 1301.3600000000004
ranking_my_rank: 5/504 (99.2%)
ranking_my_percent: 99.2063492063492
