ConfigName: krbf__advnormalizedfitness__M2__L11__eps0p02__g0p005__ds0p01__dm0p01
Problem: QUBO
Kernel: rbf
Advantage: normalizedfitness
M: 2
lambda: 11
epsilon_svgd: 0.02
gamma: 0.005
decay_start_ratio: 0.01
decay_min_factor: 0.01
bandwith_kernel: None
no_interact: False
avg_score: -1233.780029296875
median_score: -1228.0
std_score: 59.43342208862305
percentiles: 2%=-1368.0400390625, 5%=-1326.6500244140625, 10%=-1311.199951171875, 25%=-1271.25, 50%=-1228.0, 75%=-1197.5, 90%=-1155.9000244140625, 95%=-1131.0, 98%=-1125.780029296875
ranking_best_algo: SVMMetaModelLogNormal
ranking_best_score: 1233.7999999999997
ranking_my_rank: 8/504 (98.6%)
ranking_my_percent: 98.61111111111111
