ConfigName: krbf__advnormalizedfitness__M1__L8__eps0p033__g0p01__ds0p15__dm0p3
Problem: QUBO
Kernel: rbf
Advantage: normalizedfitness
M: 1
lambda: 8
epsilon_svgd: 0.033
gamma: 0.01
decay_start_ratio: 0.15
decay_min_factor: 0.3
bandwith_kernel: None
no_interact: False
avg_score: -877.239990234375
median_score: -870.5
std_score: 67.75900268554688
percentiles: 2%=-1007.3200073242188, 5%=-999.0499877929688, 10%=-979.0999755859375, 25%=-925.5, 50%=-870.5, 75%=-834.25, 90%=-795.5999755859375, 95%=-786.6500244140625, 98%=-749.1398315429688
ranking_best_algo: CMAL3
ranking_best_score: 928.5800000000002
ranking_my_rank: 129/504 (74.6%)
ranking_my_percent: 74.60317460317461
