ConfigName: kjsd__advperagentrankweighted__M3__L20__eps0p007__g0p0005__ds0p05__dm0p1
Problem: NK
Kernel: jsd
Advantage: peragentrankweighted
M: 3
lambda: 20
epsilon_svgd: 0.007
gamma: 0.0005
decay_start_ratio: 0.05
decay_min_factor: 0.1
bandwith_kernel: None
no_interact: False
avg_score: 0.7069934606552124
median_score: 0.7089288830757141
std_score: 0.01170273870229721
percentiles: 2%=0.6881354451179504, 5%=0.6896205544471741, 10%=0.6918125748634338, 25%=0.6956763863563538, 50%=0.7089288830757141, 75%=0.7169793248176575, 90%=0.7215902209281921, 95%=0.7228807806968689, 98%=0.7237582206726074
ranking_best_algo: PBIL
ranking_best_score: 0.7013553837109374
ranking_my_rank: 1/504 (100.0%)
ranking_my_percent: 100.0
