ConfigName: kjsd__advperagentrankweighted__M4__L10__eps0p03__g0p0005__ds0p2__dm0p05
Problem: NK
Kernel: jsd
Advantage: peragentrankweighted
M: 4
lambda: 10
epsilon_svgd: 0.03
gamma: 0.0005
decay_start_ratio: 0.2
decay_min_factor: 0.05
bandwith_kernel: None
no_interact: False
avg_score: 0.7246808409690857
median_score: 0.7241321802139282
std_score: 0.015024656429886818
percentiles: 2%=0.6989990472793579, 5%=0.7011635303497314, 10%=0.7055982351303101, 25%=0.7141691446304321, 50%=0.7241321802139282, 75%=0.7366153001785278, 90%=0.741233766078949, 95%=0.7480005621910095, 98%=0.7571213841438293
ranking_best_algo: Tabu
ranking_best_score: 0.7601875690625
ranking_my_rank: 117/504 (77.0%)
ranking_my_percent: 76.98412698412699
