ConfigName: krbf__advnormalizedfitness__M3__L10__eps0p033__g0p005__ds0p3__dm0p01
Problem: QUBO
Kernel: rbf
Advantage: normalizedfitness
M: 3
lambda: 10
epsilon_svgd: 0.033
gamma: 0.005
decay_start_ratio: 0.3
decay_min_factor: 0.01
bandwith_kernel: None
no_interact: False
avg_score: -138.1999969482422
median_score: -139.5
std_score: 11.828778266906738
percentiles: 2%=-158.0, 5%=-156.0, 10%=-152.10000610351562, 25%=-147.0, 50%=-139.5, 75%=-129.75, 90%=-123.0, 95%=-120.70002746582031, 98%=-112.91998291015625
ranking_best_algo: DiscreteDE
ranking_best_score: 143.4
ranking_my_rank: 110/504 (78.4%)
ranking_my_percent: 78.37301587301587
