ConfigName: krbf__advnormalizedfitness__M2__L8__eps0p015__g0p005__ds0p01__dm0p01
Problem: NK
Kernel: rbf
Advantage: normalizedfitness
M: 2
lambda: 8
epsilon_svgd: 0.015
gamma: 0.005
decay_start_ratio: 0.01
decay_min_factor: 0.01
bandwith_kernel: None
no_interact: False
avg_score: 0.7111116051673889
median_score: 0.6989936232566833
std_score: 0.03152592480182648
percentiles: 2%=0.6734485030174255, 5%=0.6735892295837402, 10%=0.6762557029724121, 25%=0.6824496388435364, 50%=0.6989936232566833, 75%=0.7463288307189941, 90%=0.7534111738204956, 95%=0.7613165378570557, 98%=0.7613165378570557
ranking_best_algo: CMApara
ranking_best_score: 0.7118996098437498
ranking_my_rank: 5/504 (99.2%)
ranking_my_percent: 99.2063492063492
