ConfigName: krbf__advglobalrankweighted__M4__L9__eps0p015__g0p003__ds0p01__dm0p01
Problem: QUBO
Kernel: rbf
Advantage: globalrankweighted
M: 4
lambda: 9
epsilon_svgd: 0.015
gamma: 0.003
decay_start_ratio: 0.01
decay_min_factor: 0.01
bandwith_kernel: None
no_interact: False
avg_score: -138.02000427246094
median_score: -138.5
std_score: 12.160575866699219
percentiles: 2%=-159.0, 5%=-158.0, 10%=-153.10000610351562, 25%=-147.0, 50%=-138.5, 75%=-129.0, 90%=-124.80000305175781, 95%=-117.0, 98%=-109.0
ranking_best_algo: DiscreteDE
ranking_best_score: 143.4
ranking_my_rank: 116/504 (77.2%)
ranking_my_percent: 77.18253968253968
