ConfigName: krbf__advnormalizedfitness__M1__L8__eps0p025__g0p005__ds0p01__dm0p01
Problem: NK
Kernel: rbf
Advantage: normalizedfitness
M: 1
lambda: 8
epsilon_svgd: 0.025
gamma: 0.005
decay_start_ratio: 0.01
decay_min_factor: 0.01
bandwith_kernel: None
no_interact: False
avg_score: 0.7309445738792419
median_score: 0.7312097549438477
std_score: 0.013911169953644276
percentiles: 2%=0.7028899788856506, 5%=0.7093194723129272, 10%=0.7151902318000793, 25%=0.7217047214508057, 50%=0.7312097549438477, 75%=0.7401069402694702, 90%=0.7496020197868347, 95%=0.7553190588951111, 98%=0.7572241425514221
ranking_best_algo: Tabu
ranking_best_score: 0.7470791764843752
ranking_my_rank: 68/504 (86.7%)
ranking_my_percent: 86.7063492063492
