ConfigName: kjsd__advperagentrankweighted__M5__L8__eps0p005__g0p0005__ds0p4__dm0p2
Problem: QUBO
Kernel: jsd
Advantage: peragentrankweighted
M: 5
lambda: 8
epsilon_svgd: 0.005
gamma: 0.0005
decay_start_ratio: 0.4
decay_min_factor: 0.2
bandwith_kernel: None
no_interact: False
avg_score: -200.22000122070312
median_score: -199.0
std_score: 13.481527328491211
percentiles: 2%=-224.0, 5%=-222.10000610351562, 10%=-221.0, 25%=-209.0, 50%=-199.0, 75%=-190.75, 90%=-182.89999389648438, 95%=-176.9499969482422, 98%=-171.0
ranking_best_algo: Tabu
ranking_best_score: 208.36000000000004
ranking_my_rank: 50/504 (90.3%)
ranking_my_percent: 90.27777777777777
