ConfigName: kfr__advglobalrankweighted__M4__L13__eps0p06__g0p007__ds0p01__dm0p01
Problem: NK
Kernel: fr
Advantage: globalrankweighted
M: 4
lambda: 13
epsilon_svgd: 0.06
gamma: 0.007
decay_start_ratio: 0.01
decay_min_factor: 0.01
bandwith_kernel: None
no_interact: False
avg_score: 0.7077486515045166
median_score: 0.7105308175086975
std_score: 0.01195219811052084
percentiles: 2%=0.6876260638237, 5%=0.6887710690498352, 10%=0.692476749420166, 25%=0.6962702870368958, 50%=0.7105308175086975, 75%=0.7187594771385193, 90%=0.7219852209091187, 95%=0.7234234809875488, 98%=0.723906397819519
ranking_best_algo: PBIL
ranking_best_score: 0.7013553837109374
ranking_my_rank: 1/504 (100.0%)
ranking_my_percent: 100.0
