ConfigName: krbf__advnormalizedfitness__M2__L8__eps0p015__g0p005__ds0p3__dm0p01
Problem: QUBO
Kernel: rbf
Advantage: normalizedfitness
M: 2
lambda: 8
epsilon_svgd: 0.015
gamma: 0.005
decay_start_ratio: 0.3
decay_min_factor: 0.01
bandwith_kernel: None
no_interact: False
avg_score: -574.0
median_score: -573.5
std_score: 28.410560607910156
percentiles: 2%=-629.0800170898438, 5%=-618.25, 10%=-609.0999755859375, 25%=-596.0, 50%=-573.5, 75%=-552.75, 90%=-540.7999877929688, 95%=-530.5999755859375, 98%=-513.97998046875
ranking_best_algo: Tabu
ranking_best_score: 588.7199999999999
ranking_my_rank: 60/503 (88.3%)
ranking_my_percent: 88.27037773359841
