ConfigName: krbf__advnormalizedfitness__M4__L8__eps0p033__g0p007__ds0p15__dm0p3
Problem: QUBO
Kernel: rbf
Advantage: normalizedfitness
M: 4
lambda: 8
epsilon_svgd: 0.033
gamma: 0.007
decay_start_ratio: 0.15
decay_min_factor: 0.3
bandwith_kernel: None
no_interact: False
avg_score: -1170.9000244140625
median_score: -1160.5
std_score: 71.4834976196289
percentiles: 2%=-1321.199951171875, 5%=-1291.550048828125, 10%=-1267.5, 25%=-1204.0, 50%=-1160.5, 75%=-1121.75, 90%=-1097.0, 95%=-1080.60009765625, 98%=-1036.39990234375
ranking_best_algo: SVMMetaModelLogNormal
ranking_best_score: 1233.7999999999997
ranking_my_rank: 78/504 (84.7%)
ranking_my_percent: 84.72222222222223
