ConfigName: kjsd__advperagentrankweighted__M3__L18__eps0p005__g0p003__ds0p2__dm0p05
Problem: QUBO
Kernel: jsd
Advantage: peragentrankweighted
M: 3
lambda: 18
epsilon_svgd: 0.005
gamma: 0.003
decay_start_ratio: 0.2
decay_min_factor: 0.05
bandwith_kernel: None
no_interact: False
avg_score: -433.70001220703125
median_score: -434.0
std_score: 27.73355484008789
percentiles: 2%=-485.0400085449219, 5%=-472.04998779296875, 10%=-466.1000061035156, 25%=-458.5, 50%=-434.0, 75%=-411.25, 90%=-396.79998779296875, 95%=-388.8999938964844, 98%=-379.9599914550781
ranking_best_algo: CMApara
ranking_best_score: 453.82
ranking_my_rank: 40/504 (92.3%)
ranking_my_percent: 92.26190476190476
