ConfigName: krbf__advnormalizedfitness__M2__L3__eps0p015__g0p005__ds0p01__dm0p01
Problem: QUBO
Kernel: rbf
Advantage: normalizedfitness
M: 2
lambda: 3
epsilon_svgd: 0.015
gamma: 0.005
decay_start_ratio: 0.01
decay_min_factor: 0.01
bandwith_kernel: None
no_interact: False
avg_score: -2466.300048828125
median_score: -2488.5
std_score: 222.27520751953125
percentiles: 2%=-2741.8798828125, 5%=-2696.449951171875, 10%=-2652.199951171875, 25%=-2596.5, 50%=-2488.5, 75%=-2382.0, 90%=-2279.60009765625, 95%=-2200.800048828125, 98%=-2070.659912109375
ranking_best_algo: DiscreteLengler2OnePlusOne
ranking_best_score: 2617.04
ranking_my_rank: 84/504 (83.5%)
ranking_my_percent: 83.53174603174604
