ConfigName: kjsd__advperagentrankweighted__M5__L10__eps0p005__g0p0007__ds0p4__dm0p2
Problem: NK
Kernel: jsd
Advantage: peragentrankweighted
M: 5
lambda: 10
epsilon_svgd: 0.005
gamma: 0.0007
decay_start_ratio: 0.4
decay_min_factor: 0.2
bandwith_kernel: None
no_interact: False
avg_score: 0.7551559209823608
median_score: 0.7538790106773376
std_score: 0.011699056252837181
percentiles: 2%=0.7347566485404968, 5%=0.7385125160217285, 10%=0.7418479919433594, 25%=0.7468428611755371, 50%=0.7538790106773376, 75%=0.7639275193214417, 90%=0.7704602479934692, 95%=0.7769778966903687, 98%=0.7816967368125916
ranking_best_algo: Tabu
ranking_best_score: 0.7657846284375001
ranking_my_rank: 7/504 (98.8%)
ranking_my_percent: 98.80952380952381
