ConfigName: krbf__advnormalizedfitness__M1__L8__eps0p015__g0p015__ds0p01__dm0p01
Problem: QUBO
Kernel: rbf
Advantage: normalizedfitness
M: 1
lambda: 8
epsilon_svgd: 0.015
gamma: 0.015
decay_start_ratio: 0.01
decay_min_factor: 0.01
bandwith_kernel: None
no_interact: False
avg_score: -570.2999877929688
median_score: -568.0
std_score: 30.306930541992188
percentiles: 2%=-637.0, 5%=-629.0, 10%=-609.5999755859375, 25%=-585.75, 50%=-568.0, 75%=-551.75, 90%=-532.5999755859375, 95%=-520.8500366210938, 98%=-511.7999572753906
ranking_best_algo: Tabu
ranking_best_score: 588.7199999999999
ranking_my_rank: 70/503 (86.3%)
ranking_my_percent: 86.28230616302187
