ConfigName: krbf__advnormalizedfitness__M2__L10__eps0p025__g0p01__ds0p15__dm0p01
Problem: QUBO
Kernel: rbf
Advantage: normalizedfitness
M: 2
lambda: 10
epsilon_svgd: 0.025
gamma: 0.01
decay_start_ratio: 0.15
decay_min_factor: 0.01
bandwith_kernel: None
no_interact: False
avg_score: -3297.89990234375
median_score: -3301.0
std_score: 115.67364501953125
percentiles: 2%=-3532.89990234375, 5%=-3482.10009765625, 10%=-3421.199951171875, 25%=-3366.25, 50%=-3301.0, 75%=-3220.75, 90%=-3128.800048828125, 95%=-3093.699951171875, 98%=-3077.9599609375
ranking_best_algo: RLSOnePlusOne
ranking_best_score: 3316.5199999999995
ranking_my_rank: 3/504 (99.6%)
ranking_my_percent: 99.60317460317461
