ConfigName: kjsd__advperagentrankweighted__M3__L18__eps0p007__g0p0007__ds0p2__dm0p05
Problem: NK
Kernel: jsd
Advantage: peragentrankweighted
M: 3
lambda: 18
epsilon_svgd: 0.007
gamma: 0.0007
decay_start_ratio: 0.2
decay_min_factor: 0.05
bandwith_kernel: None
no_interact: False
avg_score: 0.7484895586967468
median_score: 0.7485760450363159
std_score: 0.008491582237184048
percentiles: 2%=0.7322489619255066, 5%=0.7359511852264404, 10%=0.7374114990234375, 25%=0.7413977980613708, 50%=0.7485760450363159, 75%=0.7548507452011108, 90%=0.7579809427261353, 95%=0.7611253261566162, 98%=0.7678579092025757
ranking_best_algo: PBIL
ranking_best_score: 0.733570253046875
ranking_my_rank: 1/504 (100.0%)
ranking_my_percent: 100.0
