ConfigName: kjsd__advperagentrankweighted__M3__L16__eps0p005__g0p0005__ds0p05__dm0p1
Problem: QUBO
Kernel: jsd
Advantage: peragentrankweighted
M: 3
lambda: 16
epsilon_svgd: 0.005
gamma: 0.0005
decay_start_ratio: 0.05
decay_min_factor: 0.1
bandwith_kernel: None
no_interact: False
avg_score: -1188.52001953125
median_score: -1185.5
std_score: 61.27241897583008
percentiles: 2%=-1323.760009765625, 5%=-1297.300048828125, 10%=-1269.199951171875, 25%=-1225.75, 50%=-1185.5, 75%=-1146.25, 90%=-1113.800048828125, 95%=-1099.8499755859375, 98%=-1070.760009765625
ranking_best_algo: Tabu
ranking_best_score: 1216.16
ranking_my_rank: 61/504 (88.1%)
ranking_my_percent: 88.0952380952381
