ConfigName: kfr__advglobalrankweighted__M4__L24__eps0p06__g0p001__ds0p01__dm0p01
Problem: QUBO
Kernel: fr
Advantage: globalrankweighted
M: 4
lambda: 24
epsilon_svgd: 0.06
gamma: 0.001
decay_start_ratio: 0.01
decay_min_factor: 0.01
bandwith_kernel: None
no_interact: False
avg_score: -1240.9000244140625
median_score: -1238.5
std_score: 64.90524291992188
percentiles: 2%=-1371.4200439453125, 5%=-1347.4000244140625, 10%=-1321.9000244140625, 25%=-1285.25, 50%=-1238.5, 75%=-1198.75, 90%=-1156.800048828125, 95%=-1147.0, 98%=-1124.43994140625
ranking_best_algo: BigLognormalDiscreteOnePlusOne
ranking_best_score: 1301.3600000000004
ranking_my_rank: 57/504 (88.9%)
ranking_my_percent: 88.88888888888889
