ConfigName: kjsd__advperagentrankweighted__M2__L20__eps0p005__g0p0005__ds0p1__dm0p05
Problem: QUBO
Kernel: jsd
Advantage: peragentrankweighted
M: 2
lambda: 20
epsilon_svgd: 0.005
gamma: 0.0005
decay_start_ratio: 0.1
decay_min_factor: 0.05
bandwith_kernel: None
no_interact: False
avg_score: -434.2799987792969
median_score: -437.0
std_score: 26.860410690307617
percentiles: 2%=-475.1199951171875, 5%=-473.0, 10%=-467.1000061035156, 25%=-455.0, 50%=-437.0, 75%=-414.0, 90%=-403.8999938964844, 95%=-387.79998779296875, 98%=-376.760009765625
ranking_best_algo: CMApara
ranking_best_score: 453.82
ranking_my_rank: 40/504 (92.3%)
ranking_my_percent: 92.26190476190476
