ConfigName: kjsd__advperagentrankweighted__M10__L24__eps0p005__g0p0005__ds0p05__dm0p05
Problem: NK
Kernel: jsd
Advantage: peragentrankweighted
M: 10
lambda: 24
epsilon_svgd: 0.005
gamma: 0.0005
decay_start_ratio: 0.05
decay_min_factor: 0.05
bandwith_kernel: None
no_interact: False
avg_score: 0.5735642313957214
median_score: 0.5721499919891357
std_score: 0.006968236528337002
percentiles: 2%=0.5625345706939697, 5%=0.5627878308296204, 10%=0.5646812915802002, 25%=0.569483757019043, 50%=0.5721499919891357, 75%=0.5776655673980713, 90%=0.5825397968292236, 95%=0.5838305354118347, 98%=0.5881237387657166
ranking_best_algo: PBIL
ranking_best_score: 0.7170882103515624
ranking_my_rank: 389/504 (23.0%)
ranking_my_percent: 23.015873015873016
