ConfigName: krbf__advnormalizedfitness__M3__L15__eps0p015__g0p005__ds0p15__dm0p3
Problem: QUBO
Kernel: rbf
Advantage: normalizedfitness
M: 3
lambda: 15
epsilon_svgd: 0.015
gamma: 0.005
decay_start_ratio: 0.15
decay_min_factor: 0.3
bandwith_kernel: None
no_interact: False
avg_score: -330.1000061035156
median_score: -334.0
std_score: 21.038774490356445
percentiles: 2%=-372.0, 5%=-358.6000061035156, 10%=-350.3999938964844, 25%=-343.0, 50%=-334.0, 75%=-319.5, 90%=-300.8999938964844, 95%=-293.9000244140625, 98%=-285.8399658203125
ranking_best_algo: CMApara
ranking_best_score: 344.22
ranking_my_rank: 79/504 (84.5%)
ranking_my_percent: 84.52380952380952
