ConfigName: krbf__advnormalizedfitness__M4__L12__eps0p025__g0p005__ds0p01__dm0p3
Problem: QUBO
Kernel: rbf
Advantage: normalizedfitness
M: 4
lambda: 12
epsilon_svgd: 0.025
gamma: 0.005
decay_start_ratio: 0.01
decay_min_factor: 0.3
bandwith_kernel: None
no_interact: False
avg_score: -2439.5
median_score: -2467.5
std_score: 155.95855712890625
percentiles: 2%=-2709.60009765625, 5%=-2675.0, 10%=-2646.300048828125, 25%=-2549.0, 50%=-2467.5, 75%=-2309.0, 90%=-2239.89990234375, 95%=-2157.800048828125, 98%=-2151.85986328125
ranking_best_algo: DiscreteLengler2OnePlusOne
ranking_best_score: 2617.04
ranking_my_rank: 126/504 (75.2%)
ranking_my_percent: 75.1984126984127
