ConfigName: krbf__advnormalizedfitness__M4__L10__eps0p033__g0p01__ds0p3__dm0p3
Problem: QUBO
Kernel: rbf
Advantage: normalizedfitness
M: 4
lambda: 10
epsilon_svgd: 0.033
gamma: 0.01
decay_start_ratio: 0.3
decay_min_factor: 0.3
bandwith_kernel: None
no_interact: False
avg_score: -843.8400268554688
median_score: -844.5
std_score: 72.65035247802734
percentiles: 2%=-996.0999755859375, 5%=-986.0499877929688, 10%=-936.2000122070312, 25%=-887.25, 50%=-844.5, 75%=-791.25, 90%=-751.7999877929688, 95%=-726.4000244140625, 98%=-697.0
ranking_best_algo: CMAL3
ranking_best_score: 928.5800000000002
ranking_my_rank: 241/504 (52.4%)
ranking_my_percent: 52.38095238095238
