ConfigName: krbf__advnormalizedfitness__M1__L8__eps0p033__g0p007__ds0p3__dm0p3
Problem: QUBO
Kernel: rbf
Advantage: normalizedfitness
M: 1
lambda: 8
epsilon_svgd: 0.033
gamma: 0.007
decay_start_ratio: 0.3
decay_min_factor: 0.3
bandwith_kernel: None
no_interact: False
avg_score: -544.260009765625
median_score: -552.0
std_score: 62.68757629394531
percentiles: 2%=-607.3800048828125, 5%=-599.0999755859375, 10%=-593.0, 25%=-566.25, 50%=-552.0, 75%=-527.25, 90%=-502.5, 95%=-492.0, 98%=-487.4998779296875
ranking_best_algo: Tabu
ranking_best_score: 588.7199999999999
ranking_my_rank: 162/503 (68.0%)
ranking_my_percent: 67.9920477137177
