ConfigName: kjsd__advperagentrankweighted__M3__L16__eps0p01__g0p003__ds0p05__dm0p1
Problem: QUBO
Kernel: jsd
Advantage: peragentrankweighted
M: 3
lambda: 16
epsilon_svgd: 0.01
gamma: 0.003
decay_start_ratio: 0.05
decay_min_factor: 0.1
bandwith_kernel: None
no_interact: False
avg_score: -440.6199951171875
median_score: -444.0
std_score: 27.266382217407227
percentiles: 2%=-494.0799865722656, 5%=-479.1000061035156, 10%=-473.0, 25%=-461.25, 50%=-444.0, 75%=-423.25, 90%=-404.0, 95%=-397.79998779296875, 98%=-378.9800109863281
ranking_best_algo: CMApara
ranking_best_score: 453.82
ranking_my_rank: 14/504 (97.4%)
ranking_my_percent: 97.42063492063492
