ConfigName: kjsd__advperagentrankweighted__M4__L30__eps0p01__g0p0003__ds0p05__dm0p05
Problem: QUBO
Kernel: jsd
Advantage: peragentrankweighted
M: 4
lambda: 30
epsilon_svgd: 0.01
gamma: 0.0003
decay_start_ratio: 0.05
decay_min_factor: 0.05
bandwith_kernel: None
no_interact: False
avg_score: -308.94000244140625
median_score: -305.0
std_score: 38.865360260009766
percentiles: 2%=-396.0, 5%=-388.1000061035156, 10%=-359.20001220703125, 25%=-334.5, 50%=-305.0, 75%=-278.5, 90%=-265.79998779296875, 95%=-261.95001220703125, 98%=-249.8000030517578
ranking_best_algo: CMApara
ranking_best_score: 319.29999999999995
ranking_my_rank: 82/504 (83.9%)
ranking_my_percent: 83.92857142857143
