ConfigName: krbf__advnormalizedfitness__M3__L8__eps0p015__g0p01__ds0p3__dm0p3
Problem: QUBO
Kernel: rbf
Advantage: normalizedfitness
M: 3
lambda: 8
epsilon_svgd: 0.015
gamma: 0.01
decay_start_ratio: 0.3
decay_min_factor: 0.3
bandwith_kernel: None
no_interact: False
avg_score: -309.3800048828125
median_score: -311.0
std_score: 40.938682556152344
percentiles: 2%=-398.0, 5%=-394.20001220703125, 10%=-354.3999938964844, 25%=-334.5, 50%=-311.0, 75%=-274.0, 90%=-262.70001220703125, 95%=-253.90000915527344, 98%=-251.91998291015625
ranking_best_algo: CMApara
ranking_best_score: 319.29999999999995
ranking_my_rank: 79/504 (84.5%)
ranking_my_percent: 84.52380952380952
