ConfigName: krbf__advnormalizedfitness__M1__L10__eps0p015__g0p01__ds0p01__dm0p3
Problem: QUBO
Kernel: rbf
Advantage: normalizedfitness
M: 1
lambda: 10
epsilon_svgd: 0.015
gamma: 0.01
decay_start_ratio: 0.01
decay_min_factor: 0.3
bandwith_kernel: None
no_interact: False
avg_score: -2605.10009765625
median_score: -2605.5
std_score: 136.8704071044922
percentiles: 2%=-2820.93994140625, 5%=-2806.14990234375, 10%=-2777.39990234375, 25%=-2718.25, 50%=-2605.5, 75%=-2478.75, 90%=-2440.0, 95%=-2405.650146484375, 98%=-2378.539794921875
ranking_best_algo: DiscreteLengler2OnePlusOne
ranking_best_score: 2617.04
ranking_my_rank: 3/504 (99.6%)
ranking_my_percent: 99.60317460317461
