ConfigName: kfr__advglobalrankweighted__M6__L10__eps0p02__g0p005__ds0p01__dm0p01
Problem: QUBO
Kernel: fr
Advantage: globalrankweighted
M: 6
lambda: 10
epsilon_svgd: 0.02
gamma: 0.005
decay_start_ratio: 0.01
decay_min_factor: 0.01
bandwith_kernel: None
no_interact: False
avg_score: -311.32000732421875
median_score: -308.0
std_score: 38.41377258300781
percentiles: 2%=-392.0, 5%=-384.0, 10%=-358.3999938964844, 25%=-336.5, 50%=-308.0, 75%=-273.75, 90%=-266.0, 95%=-262.95001220703125, 98%=-257.8799743652344
ranking_best_algo: CMApara
ranking_best_score: 319.29999999999995
ranking_my_rank: 39/504 (92.5%)
ranking_my_percent: 92.46031746031746
