ConfigName: kjsd__advperagentrankweighted__M5__L28__eps0p008__g0p0005__ds0p05__dm0p05
Problem: NK
Kernel: jsd
Advantage: peragentrankweighted
M: 5
lambda: 28
epsilon_svgd: 0.008
gamma: 0.0005
decay_start_ratio: 0.05
decay_min_factor: 0.05
bandwith_kernel: None
no_interact: False
avg_score: 0.7107786536216736
median_score: 0.7112224102020264
std_score: 0.015148384496569633
percentiles: 2%=0.6720644235610962, 5%=0.673673689365387, 10%=0.6976694464683533, 25%=0.7080658078193665, 50%=0.7112224102020264, 75%=0.7190245389938354, 90%=0.7255440950393677, 95%=0.7328428626060486, 98%=0.7333099246025085
ranking_best_algo: CMApara
ranking_best_score: 0.707475975
ranking_my_rank: 1/504 (100.0%)
ranking_my_percent: 100.0
