ConfigName: kfr__advglobalrankweighted__M2__L10__eps0p01__g0p007__ds0p01__dm0p01
Problem: QUBO
Kernel: fr
Advantage: globalrankweighted
M: 2
lambda: 10
epsilon_svgd: 0.01
gamma: 0.007
decay_start_ratio: 0.01
decay_min_factor: 0.01
bandwith_kernel: None
no_interact: False
avg_score: -1193.9200439453125
median_score: -1189.5
std_score: 70.77184295654297
percentiles: 2%=-1361.0400390625, 5%=-1311.0999755859375, 10%=-1278.0, 25%=-1240.0, 50%=-1189.5, 75%=-1149.25, 90%=-1100.4000244140625, 95%=-1073.9000244140625, 98%=-1064.93994140625
ranking_best_algo: Tabu
ranking_best_score: 1216.16
ranking_my_rank: 48/504 (90.7%)
ranking_my_percent: 90.67460317460318
