ConfigName: krbf__advnormalizedfitness__M2__L15__eps0p025__g0p007__ds0p15__dm0p01
Problem: NK
Kernel: rbf
Advantage: normalizedfitness
M: 2
lambda: 15
epsilon_svgd: 0.025
gamma: 0.007
decay_start_ratio: 0.15
decay_min_factor: 0.01
bandwith_kernel: None
no_interact: False
avg_score: 0.7494909167289734
median_score: 0.7482302784919739
std_score: 0.00933079980313778
percentiles: 2%=0.7307130694389343, 5%=0.7363848090171814, 10%=0.7381274104118347, 25%=0.7430640459060669, 50%=0.7482302784919739, 75%=0.7555081248283386, 90%=0.7619080543518066, 95%=0.7669017910957336, 98%=0.7685835957527161
ranking_best_algo: PBIL
ranking_best_score: 0.733570253046875
ranking_my_rank: 1/504 (100.0%)
ranking_my_percent: 100.0
