ConfigName: kjsd__advperagentrankweighted__M3__L20__eps0p01__g0p0005__ds0p05__dm0p2
Problem: NK
Kernel: jsd
Advantage: peragentrankweighted
M: 3
lambda: 20
epsilon_svgd: 0.01
gamma: 0.0005
decay_start_ratio: 0.05
decay_min_factor: 0.2
bandwith_kernel: None
no_interact: False
avg_score: 0.7092579007148743
median_score: 0.7106992602348328
std_score: 0.015421595424413681
percentiles: 2%=0.6694005131721497, 5%=0.6710993647575378, 10%=0.6959840059280396, 25%=0.7060295343399048, 50%=0.7106992602348328, 75%=0.7179179191589355, 90%=0.7253134250640869, 95%=0.7325921654701233, 98%=0.7328595519065857
ranking_best_algo: CMApara
ranking_best_score: 0.707475975
ranking_my_rank: 1/504 (100.0%)
ranking_my_percent: 100.0
