ConfigName: krbf__advnormalizedfitness__M1__L8__eps0p025__g0p015__ds0p3__dm0p3
Problem: QUBO
Kernel: rbf
Advantage: normalizedfitness
M: 1
lambda: 8
epsilon_svgd: 0.025
gamma: 0.015
decay_start_ratio: 0.3
decay_min_factor: 0.3
bandwith_kernel: None
no_interact: False
avg_score: -427.8800048828125
median_score: -435.0
std_score: 50.062217712402344
percentiles: 2%=-486.05999755859375, 5%=-479.1000061035156, 10%=-469.1000061035156, 25%=-451.5, 50%=-435.0, 75%=-409.25, 90%=-389.70001220703125, 95%=-381.7500305175781, 98%=-372.8599853515625
ranking_best_algo: CMApara
ranking_best_score: 453.82
ranking_my_rank: 100/504 (80.4%)
ranking_my_percent: 80.35714285714286
