ConfigName: kjsd__advperagentrankweighted__M3__L16__eps0p007__g0p0005__ds0p05__dm0p05
Problem: QUBO
Kernel: jsd
Advantage: peragentrankweighted
M: 3
lambda: 16
epsilon_svgd: 0.007
gamma: 0.0005
decay_start_ratio: 0.05
decay_min_factor: 0.05
bandwith_kernel: None
no_interact: False
avg_score: -146.5399932861328
median_score: -145.0
std_score: 13.163146018981934
percentiles: 2%=-179.0, 5%=-179.0, 10%=-158.1999969482422, 25%=-154.0, 50%=-145.0, 75%=-139.0, 90%=-133.89999389648438, 95%=-124.8499984741211, 98%=-119.94000244140625
ranking_best_algo: CMApara
ranking_best_score: 154.28
ranking_my_rank: 112/504 (78.0%)
ranking_my_percent: 77.97619047619048
