ConfigName: kjsd__advperagentrankweighted__M3__L18__eps0p007__g0p003__ds0p2__dm0p05
Problem: NK
Kernel: jsd
Advantage: peragentrankweighted
M: 3
lambda: 18
epsilon_svgd: 0.007
gamma: 0.003
decay_start_ratio: 0.2
decay_min_factor: 0.05
bandwith_kernel: None
no_interact: False
avg_score: 0.7056638598442078
median_score: 0.7076056003570557
std_score: 0.01252785511314869
percentiles: 2%=0.6853936314582825, 5%=0.6870787739753723, 10%=0.690064549446106, 25%=0.6934725046157837, 50%=0.7076056003570557, 75%=0.7166101932525635, 90%=0.7204765677452087, 95%=0.7234757542610168, 98%=0.7244617342948914
ranking_best_algo: PBIL
ranking_best_score: 0.7013553837109374
ranking_my_rank: 1/504 (100.0%)
ranking_my_percent: 100.0
