ConfigName: krbf__advnormalizedfitness__M4__L15__eps0p025__g0p005__ds0p05__dm0p05
Problem: QUBO
Kernel: rbf
Advantage: normalizedfitness
M: 4
lambda: 15
epsilon_svgd: 0.025
gamma: 0.005
decay_start_ratio: 0.05
decay_min_factor: 0.05
bandwith_kernel: None
no_interact: False
avg_score: -1154.8399658203125
median_score: -1152.0
std_score: 74.80023193359375
percentiles: 2%=-1307.6199951171875, 5%=-1279.8499755859375, 10%=-1249.699951171875, 25%=-1211.25, 50%=-1152.0, 75%=-1097.75, 90%=-1069.0, 95%=-1042.5999755859375, 98%=-1030.9599609375
ranking_best_algo: SVMMetaModelLogNormal
ranking_best_score: 1233.7999999999997
ranking_my_rank: 88/504 (82.7%)
ranking_my_percent: 82.73809523809524
