ConfigName: krbf__advnormalizedfitness__M4__L12__eps0p033__g0p007__ds0p3__dm0p3
Problem: NK
Kernel: rbf
Advantage: normalizedfitness
M: 4
lambda: 12
epsilon_svgd: 0.033
gamma: 0.007
decay_start_ratio: 0.3
decay_min_factor: 0.3
bandwith_kernel: None
no_interact: False
avg_score: 0.7019650936126709
median_score: 0.701991856098175
std_score: 0.016637053340673447
percentiles: 2%=0.6743208169937134, 5%=0.6785700917243958, 10%=0.6814303994178772, 25%=0.688897430896759, 50%=0.701991856098175, 75%=0.7143117189407349, 90%=0.722208559513092, 95%=0.7316451668739319, 98%=0.7382785081863403
ranking_best_algo: PBIL
ranking_best_score: 0.733570253046875
ranking_my_rank: 97/504 (81.0%)
ranking_my_percent: 80.95238095238095
