ConfigName: kjsd__advperagentrankweighted__M5__L10__eps0p01__g0p0005__ds0p2__dm0p05
Problem: QUBO
Kernel: jsd
Advantage: peragentrankweighted
M: 5
lambda: 10
epsilon_svgd: 0.01
gamma: 0.0005
decay_start_ratio: 0.2
decay_min_factor: 0.05
bandwith_kernel: None
no_interact: False
avg_score: -2593.300048828125
median_score: -2597.0
std_score: 113.22256469726562
percentiles: 2%=-2812.419921875, 5%=-2767.10009765625, 10%=-2743.10009765625, 25%=-2666.25, 50%=-2597.0, 75%=-2511.5, 90%=-2435.300048828125, 95%=-2409.949951171875, 98%=-2390.739990234375
ranking_best_algo: SVM1MetaModelLogNormal
ranking_best_score: 2605.14
ranking_my_rank: 10/504 (98.2%)
ranking_my_percent: 98.21428571428571
