ConfigName: krbf__advnormalizedfitness__M3__L12__eps0p025__g0p01__ds0p3__dm0p3
Problem: QUBO
Kernel: rbf
Advantage: normalizedfitness
M: 3
lambda: 12
epsilon_svgd: 0.025
gamma: 0.01
decay_start_ratio: 0.3
decay_min_factor: 0.3
bandwith_kernel: None
no_interact: False
avg_score: -2656.06005859375
median_score: -2630.5
std_score: 269.9793395996094
percentiles: 2%=-3211.39990234375, 5%=-3097.5, 10%=-3008.60009765625, 25%=-2861.0, 50%=-2630.5, 75%=-2467.75, 90%=-2346.900146484375, 95%=-2280.500244140625, 98%=-2173.35986328125
ranking_best_algo: RLSOnePlusOne
ranking_best_score: 3316.5199999999995
ranking_my_rank: 195/504 (61.5%)
ranking_my_percent: 61.507936507936506
