ConfigName: kjsd__advperagentrankweighted__M5__L12__eps0p02__g0p0003__ds0p2__dm0p05
Problem: NK
Kernel: jsd
Advantage: peragentrankweighted
M: 5
lambda: 12
epsilon_svgd: 0.02
gamma: 0.0003
decay_start_ratio: 0.2
decay_min_factor: 0.05
bandwith_kernel: None
no_interact: False
avg_score: 0.7098974585533142
median_score: 0.6969701051712036
std_score: 0.0314934067428112
percentiles: 2%=0.673525869846344, 5%=0.674265444278717, 10%=0.6751645803451538, 25%=0.6805782318115234, 50%=0.6969701051712036, 75%=0.7448834180831909, 90%=0.7532056570053101, 95%=0.7584580183029175, 98%=0.7613165378570557
ranking_best_algo: CMApara
ranking_best_score: 0.7118996098437498
ranking_my_rank: 44/504 (91.5%)
ranking_my_percent: 91.46825396825396
