ConfigName: krbf__advnormalizedfitness__M3__L12__eps0p025__g0p01__ds0p15__dm0p05
Problem: NK
Kernel: rbf
Advantage: normalizedfitness
M: 3
lambda: 12
epsilon_svgd: 0.025
gamma: 0.01
decay_start_ratio: 0.15
decay_min_factor: 0.05
bandwith_kernel: None
no_interact: False
avg_score: 0.7372031211853027
median_score: 0.7356842160224915
std_score: 0.016259238123893738
percentiles: 2%=0.7090358734130859, 5%=0.712724506855011, 10%=0.7155387997627258, 25%=0.7239599227905273, 50%=0.7356842160224915, 75%=0.7467601299285889, 90%=0.7573257684707642, 95%=0.7668045163154602, 98%=0.7724254727363586
ranking_best_algo: Tabu
ranking_best_score: 0.7601875690625
ranking_my_rank: 20/504 (96.2%)
ranking_my_percent: 96.23015873015873
