ConfigName: krbf__advnormalizedfitness__M5__L24__eps0p025__g0p01__ds0p05__dm0p05
Problem: QUBO
Kernel: rbf
Advantage: normalizedfitness
M: 5
lambda: 24
epsilon_svgd: 0.025
gamma: 0.01
decay_start_ratio: 0.05
decay_min_factor: 0.05
bandwith_kernel: None
no_interact: False
avg_score: -526.2999877929688
median_score: -505.0
std_score: 67.11579895019531
percentiles: 2%=-669.5999755859375, 5%=-645.7000122070312, 10%=-619.2000122070312, 25%=-571.5, 50%=-505.0, 75%=-479.0, 90%=-454.79998779296875, 95%=-444.79998779296875, 98%=-425.9599914550781
ranking_best_algo: SVMMetaModelLogNormal
ranking_best_score: 1233.7999999999997
ranking_my_rank: 392/504 (22.4%)
ranking_my_percent: 22.42063492063492
