ConfigName: krbf__advnormalizedfitness__M4__L8__eps0p033__g0p01__ds0p01__dm0p01
Problem: NK
Kernel: rbf
Advantage: normalizedfitness
M: 4
lambda: 8
epsilon_svgd: 0.033
gamma: 0.01
decay_start_ratio: 0.01
decay_min_factor: 0.01
bandwith_kernel: None
no_interact: False
avg_score: 0.7107296586036682
median_score: 0.7109884023666382
std_score: 0.015167786739766598
percentiles: 2%=0.6733224391937256, 5%=0.6739691495895386, 10%=0.6972984075546265, 25%=0.707442045211792, 50%=0.7109884023666382, 75%=0.7204307317733765, 90%=0.7254201769828796, 95%=0.7331420183181763, 98%=0.7332749366760254
ranking_best_algo: CMApara
ranking_best_score: 0.707475975
ranking_my_rank: 1/504 (100.0%)
ranking_my_percent: 100.0
