ConfigName: kjsd__advperagentrankweighted__M4__L8__eps0p03__g0p0007__ds0p05__dm0p05
Problem: NK
Kernel: jsd
Advantage: peragentrankweighted
M: 4
lambda: 8
epsilon_svgd: 0.03
gamma: 0.0007
decay_start_ratio: 0.05
decay_min_factor: 0.05
bandwith_kernel: None
no_interact: False
avg_score: 0.7254698872566223
median_score: 0.7259488105773926
std_score: 0.008988645859062672
percentiles: 2%=0.7080455422401428, 5%=0.7103510499000549, 10%=0.7116661667823792, 25%=0.7204210758209229, 50%=0.7259488105773926, 75%=0.7308319807052612, 90%=0.7372184991836548, 95%=0.739851713180542, 98%=0.7431563138961792
ranking_best_algo: PBIL
ranking_best_score: 0.733570253046875
ranking_my_rank: 19/504 (96.4%)
ranking_my_percent: 96.42857142857143
