ConfigName: krbf__advnormalizedfitness__M3__L12__eps0p025__g0p007__ds0p3__dm0p01
Problem: NK
Kernel: rbf
Advantage: normalizedfitness
M: 3
lambda: 12
epsilon_svgd: 0.025
gamma: 0.007
decay_start_ratio: 0.3
decay_min_factor: 0.01
bandwith_kernel: None
no_interact: False
avg_score: 0.7375068068504333
median_score: 0.7385156154632568
std_score: 0.00815663579851389
percentiles: 2%=0.7213619351387024, 5%=0.723686158657074, 10%=0.7260152101516724, 25%=0.7320500016212463, 50%=0.7385156154632568, 75%=0.7436394095420837, 90%=0.7469912171363831, 95%=0.7499346137046814, 98%=0.7514235377311707
ranking_best_algo: PBIL
ranking_best_score: 0.730509098125
ranking_my_rank: 1/504 (100.0%)
ranking_my_percent: 100.0
