ConfigName: kjsd__advperagentrankweighted__M3__L20__eps0p005__g0p0005__ds0p05__dm0p2
Problem: QUBO
Kernel: jsd
Advantage: peragentrankweighted
M: 3
lambda: 20
epsilon_svgd: 0.005
gamma: 0.0005
decay_start_ratio: 0.05
decay_min_factor: 0.2
bandwith_kernel: None
no_interact: False
avg_score: -425.4200134277344
median_score: -427.0
std_score: 29.93832778930664
percentiles: 2%=-483.0, 5%=-481.0, 10%=-463.6000061035156, 25%=-444.75, 50%=-427.0, 75%=-405.0, 90%=-387.0, 95%=-378.0, 98%=-359.9200134277344
ranking_best_algo: CMAL3
ranking_best_score: 435.36
ranking_my_rank: 27/504 (94.8%)
ranking_my_percent: 94.84126984126983
