ConfigName: kjsd__advperagentrankweighted__M6__L8__eps0p02__g0p0003__ds0p2__dm0p05
Problem: QUBO
Kernel: jsd
Advantage: peragentrankweighted
M: 6
lambda: 8
epsilon_svgd: 0.02
gamma: 0.0003
decay_start_ratio: 0.2
decay_min_factor: 0.05
bandwith_kernel: None
no_interact: False
avg_score: -940.97998046875
median_score: -932.0
std_score: 64.82144927978516
percentiles: 2%=-1074.0, 5%=-1064.199951171875, 10%=-1023.0999755859375, 25%=-984.75, 50%=-932.0, 75%=-895.5, 90%=-856.7999877929688, 95%=-833.6500244140625, 98%=-824.760009765625
ranking_best_algo: CMApara
ranking_best_score: 964.9
ranking_my_rank: 5/504 (99.2%)
ranking_my_percent: 99.2063492063492
