ConfigName: krbf__advnormalizedfitness__M3__L10__eps0p015__g0p01__ds0p15__dm0p01
Problem: NK
Kernel: rbf
Advantage: normalizedfitness
M: 3
lambda: 10
epsilon_svgd: 0.015
gamma: 0.01
decay_start_ratio: 0.15
decay_min_factor: 0.01
bandwith_kernel: None
no_interact: False
avg_score: 0.7244184017181396
median_score: 0.7255611419677734
std_score: 0.0150819206610322
percentiles: 2%=0.6976697444915771, 5%=0.7005454897880554, 10%=0.7044134140014648, 25%=0.7131626605987549, 50%=0.7255611419677734, 75%=0.7334064841270447, 90%=0.7420986890792847, 95%=0.7511706948280334, 98%=0.7557539343833923
ranking_best_algo: PBIL
ranking_best_score: 0.733570253046875
ranking_my_rank: 44/504 (91.5%)
ranking_my_percent: 91.46825396825396
