ConfigName: kjsd__advperagentrankweighted__M8__L24__eps0p008__g0p0005__ds0p3__dm0p05
Problem: QUBO
Kernel: jsd
Advantage: peragentrankweighted
M: 8
lambda: 24
epsilon_svgd: 0.008
gamma: 0.0005
decay_start_ratio: 0.3
decay_min_factor: 0.05
bandwith_kernel: None
no_interact: False
avg_score: -917.1599731445312
median_score: -913.5
std_score: 66.22864532470703
percentiles: 2%=-1066.1199951171875, 5%=-1031.949951171875, 10%=-1016.0999755859375, 25%=-956.0, 50%=-913.5, 75%=-872.0, 90%=-843.4000244140625, 95%=-816.5, 98%=-798.5999755859375
ranking_best_algo: CMApara
ranking_best_score: 964.9
ranking_my_rank: 68/504 (86.7%)
ranking_my_percent: 86.7063492063492
