ConfigName: kjsd__advperagentrankweighted__M3__L16__eps0p005__g0p001__ds0p2__dm0p2
Problem: QUBO
Kernel: jsd
Advantage: peragentrankweighted
M: 3
lambda: 16
epsilon_svgd: 0.005
gamma: 0.001
decay_start_ratio: 0.2
decay_min_factor: 0.2
bandwith_kernel: None
no_interact: False
avg_score: -328.1199951171875
median_score: -332.0
std_score: 21.753747940063477
percentiles: 2%=-361.0, 5%=-357.0, 10%=-354.0, 25%=-343.0, 50%=-332.0, 75%=-313.5, 90%=-294.0, 95%=-287.8999938964844, 98%=-279.8800048828125
ranking_best_algo: CMApara
ranking_best_score: 344.22
ranking_my_rank: 84/504 (83.5%)
ranking_my_percent: 83.53174603174604
