ConfigName: krbf__advnormalizedfitness__M4__L10__eps0p025__g0p015__ds0p3__dm0p3
Problem: QUBO
Kernel: rbf
Advantage: normalizedfitness
M: 4
lambda: 10
epsilon_svgd: 0.025
gamma: 0.015
decay_start_ratio: 0.3
decay_min_factor: 0.3
bandwith_kernel: None
no_interact: False
avg_score: -146.1199951171875
median_score: -146.0
std_score: 13.214598655700684
percentiles: 2%=-179.0, 5%=-179.0, 10%=-160.10000610351562, 25%=-154.0, 50%=-146.0, 75%=-139.0, 90%=-129.0, 95%=-124.90000915527344, 98%=-119.0
ranking_best_algo: CMApara
ranking_best_score: 154.28
ranking_my_rank: 128/504 (74.8%)
ranking_my_percent: 74.8015873015873
