ConfigName: kjsd__advperagentrankweighted__M3__L20__eps0p007__g0p003__ds0p1__dm0p1
Problem: QUBO
Kernel: jsd
Advantage: peragentrankweighted
M: 3
lambda: 20
epsilon_svgd: 0.007
gamma: 0.003
decay_start_ratio: 0.1
decay_min_factor: 0.1
bandwith_kernel: None
no_interact: False
avg_score: -416.0199890136719
median_score: -416.5
std_score: 26.861116409301758
percentiles: 2%=-471.1600036621094, 5%=-463.20001220703125, 10%=-452.1000061035156, 25%=-430.0, 50%=-416.5, 75%=-396.75, 90%=-378.0, 95%=-373.79998779296875, 98%=-365.9200134277344
ranking_best_algo: Tabu
ranking_best_score: 438.12
ranking_my_rank: 45/504 (91.3%)
ranking_my_percent: 91.26984126984127
