ConfigName: krbf__advnormalizedfitness__M4__L12__eps0p033__g0p007__ds0p01__dm0p3
Problem: NK
Kernel: rbf
Advantage: normalizedfitness
M: 4
lambda: 12
epsilon_svgd: 0.033
gamma: 0.007
decay_start_ratio: 0.01
decay_min_factor: 0.3
bandwith_kernel: None
no_interact: False
avg_score: 0.7318540215492249
median_score: 0.7311855554580688
std_score: 0.018124066293239594
percentiles: 2%=0.698246419429779, 5%=0.6993562579154968, 10%=0.706676721572876, 25%=0.7218033671379089, 50%=0.7311855554580688, 75%=0.7448220252990723, 90%=0.751849889755249, 95%=0.7612663507461548, 98%=0.7705399394035339
ranking_best_algo: Tabu
ranking_best_score: 0.7601875690625
ranking_my_rank: 39/504 (92.5%)
ranking_my_percent: 92.46031746031746
