ConfigName: krbf__advnormalizedfitness__M3__L15__eps0p025__g0p005__ds0p15__dm0p01
Problem: QUBO
Kernel: rbf
Advantage: normalizedfitness
M: 3
lambda: 15
epsilon_svgd: 0.025
gamma: 0.005
decay_start_ratio: 0.15
decay_min_factor: 0.01
bandwith_kernel: None
no_interact: False
avg_score: -1190.0799560546875
median_score: -1181.5
std_score: 60.6334342956543
percentiles: 2%=-1323.4000244140625, 5%=-1289.4000244140625, 10%=-1267.0, 25%=-1231.25, 50%=-1181.5, 75%=-1149.25, 90%=-1114.0, 95%=-1103.949951171875, 98%=-1084.5799560546875
ranking_best_algo: Tabu
ranking_best_score: 1216.16
ranking_my_rank: 55/504 (89.3%)
ranking_my_percent: 89.28571428571429
