ConfigName: krbf__advnormalizedfitness__M3__L10__eps0p033__g0p015__ds0p15__dm0p3
Problem: NK
Kernel: rbf
Advantage: normalizedfitness
M: 3
lambda: 10
epsilon_svgd: 0.033
gamma: 0.015
decay_start_ratio: 0.15
decay_min_factor: 0.3
bandwith_kernel: None
no_interact: False
avg_score: 0.7107297778129578
median_score: 0.7115024328231812
std_score: 0.015106077305972576
percentiles: 2%=0.6727353930473328, 5%=0.6734541058540344, 10%=0.6971803307533264, 25%=0.7077927589416504, 50%=0.7115024328231812, 75%=0.7198841571807861, 90%=0.72547847032547, 95%=0.7320523858070374, 98%=0.7331043481826782
ranking_best_algo: CMApara
ranking_best_score: 0.707475975
ranking_my_rank: 1/504 (100.0%)
ranking_my_percent: 100.0
