ConfigName: krbf__advnormalizedfitness__M3__L24__eps0p025__g0p01__ds0p05__dm0p05
Problem: NK
Kernel: rbf
Advantage: normalizedfitness
M: 3
lambda: 24
epsilon_svgd: 0.025
gamma: 0.01
decay_start_ratio: 0.05
decay_min_factor: 0.05
bandwith_kernel: None
no_interact: False
avg_score: 0.6800032258033752
median_score: 0.6785141229629517
std_score: 0.014818568713963032
percentiles: 2%=0.6510535478591919, 5%=0.6532113552093506, 10%=0.663090169429779, 25%=0.6710326075553894, 50%=0.6785141229629517, 75%=0.6890701651573181, 90%=0.6985775232315063, 95%=0.7051622867584229, 98%=0.7129833102226257
ranking_best_algo: PBIL
ranking_best_score: 0.733570253046875
ranking_my_rank: 202/504 (60.1%)
ranking_my_percent: 60.11904761904762
