ConfigName: krbf__advnormalizedfitness__M4__L8__eps0p025__g0p005__ds0p01__dm0p01
Problem: NK
Kernel: rbf
Advantage: normalizedfitness
M: 4
lambda: 8
epsilon_svgd: 0.025
gamma: 0.005
decay_start_ratio: 0.01
decay_min_factor: 0.01
bandwith_kernel: None
no_interact: False
avg_score: 0.7450713515281677
median_score: 0.7423104643821716
std_score: 0.028140747919678688
percentiles: 2%=0.6997894644737244, 5%=0.7056703567504883, 10%=0.711554229259491, 25%=0.7268102765083313, 50%=0.7423104643821716, 75%=0.7582716941833496, 90%=0.7782467603683472, 95%=0.8047558069229126, 98%=0.8118547797203064
ranking_best_algo: CMApara
ranking_best_score: 0.7459277895312499
ranking_my_rank: 2/504 (99.8%)
ranking_my_percent: 99.8015873015873
