ConfigName: kjsd__advperagentrankweighted__M4__L8__eps0p02__g0p0005__ds0p05__dm0p05
Problem: NK
Kernel: jsd
Advantage: peragentrankweighted
M: 4
lambda: 8
epsilon_svgd: 0.02
gamma: 0.0005
decay_start_ratio: 0.05
decay_min_factor: 0.05
bandwith_kernel: None
no_interact: False
avg_score: 0.7276971936225891
median_score: 0.7266278266906738
std_score: 0.01039888896048069
percentiles: 2%=0.7091223001480103, 5%=0.7134325504302979, 10%=0.7153862714767456, 25%=0.7205111384391785, 50%=0.7266278266906738, 75%=0.7347937226295471, 90%=0.7414661645889282, 95%=0.7467875480651855, 98%=0.7517539262771606
ranking_best_algo: PBIL
ranking_best_score: 0.733570253046875
ranking_my_rank: 4/504 (99.4%)
ranking_my_percent: 99.4047619047619
