ConfigName: kjsd__advperagentrankweighted__M3__L20__eps0p005__g0p0007__ds0p05__dm0p2
Problem: QUBO
Kernel: jsd
Advantage: peragentrankweighted
M: 3
lambda: 20
epsilon_svgd: 0.005
gamma: 0.0007
decay_start_ratio: 0.05
decay_min_factor: 0.2
bandwith_kernel: None
no_interact: False
avg_score: -429.05999755859375
median_score: -430.5
std_score: 28.279964447021484
percentiles: 2%=-479.0799865722656, 5%=-477.0, 10%=-467.20001220703125, 25%=-449.0, 50%=-430.5, 75%=-410.5, 90%=-392.8999938964844, 95%=-382.8999938964844, 98%=-375.8999938964844
ranking_best_algo: CMAL3
ranking_best_score: 435.36
ranking_my_rank: 13/504 (97.6%)
ranking_my_percent: 97.61904761904762
