ConfigName: krbf__advglobalrankweighted__M4__L9__eps0p01__g0p007__ds0p01__dm0p01
Problem: QUBO
Kernel: rbf
Advantage: globalrankweighted
M: 4
lambda: 9
epsilon_svgd: 0.01
gamma: 0.007
decay_start_ratio: 0.01
decay_min_factor: 0.01
bandwith_kernel: None
no_interact: False
avg_score: -433.6000061035156
median_score: -436.0
std_score: 27.660802841186523
percentiles: 2%=-478.239990234375, 5%=-472.04998779296875, 10%=-469.0, 25%=-451.0, 50%=-436.0, 75%=-413.75, 90%=-396.0, 95%=-387.95001220703125, 98%=-380.73992919921875
ranking_best_algo: CMApara
ranking_best_score: 453.82
ranking_my_rank: 40/504 (92.3%)
ranking_my_percent: 92.26190476190476
