ConfigName: kjsd__advperagentrankweighted__M3__L18__eps0p01__g0p0007__ds0p1__dm0p2
Problem: QUBO
Kernel: jsd
Advantage: peragentrankweighted
M: 3
lambda: 18
epsilon_svgd: 0.01
gamma: 0.0007
decay_start_ratio: 0.1
decay_min_factor: 0.2
bandwith_kernel: None
no_interact: False
avg_score: -907.6599731445312
median_score: -904.0
std_score: 64.32032012939453
percentiles: 2%=-1041.3399658203125, 5%=-1014.0499877929688, 10%=-988.0, 25%=-952.25, 50%=-904.0, 75%=-861.0, 90%=-828.5999755859375, 95%=-813.25, 98%=-780.9400024414062
ranking_best_algo: CMAL3
ranking_best_score: 928.5800000000002
ranking_my_rank: 53/504 (89.7%)
ranking_my_percent: 89.68253968253968
