ConfigName: krbf__advnormalizedfitness__M3__L15__eps0p015__g0p015__ds0p15__dm0p3
Problem: QUBO
Kernel: rbf
Advantage: normalizedfitness
M: 3
lambda: 15
epsilon_svgd: 0.015
gamma: 0.015
decay_start_ratio: 0.15
decay_min_factor: 0.3
bandwith_kernel: None
no_interact: False
avg_score: -128.52000427246094
median_score: -127.5
std_score: 11.159282684326172
percentiles: 2%=-148.0399932861328, 5%=-147.0500030517578, 10%=-145.0, 25%=-137.0, 50%=-127.5, 75%=-121.0, 90%=-114.0, 95%=-108.90000915527344, 98%=-103.0
ranking_best_algo: DiscreteDE
ranking_best_score: 143.4
ranking_my_rank: 328/504 (35.1%)
ranking_my_percent: 35.11904761904762
