ConfigName: krbf__advnormalizedfitness__M3__L10__eps0p025__g0p005__ds0p3__dm0p01
Problem: NK
Kernel: rbf
Advantage: normalizedfitness
M: 3
lambda: 10
epsilon_svgd: 0.025
gamma: 0.005
decay_start_ratio: 0.3
decay_min_factor: 0.01
bandwith_kernel: None
no_interact: False
avg_score: 0.7356155514717102
median_score: 0.7368341684341431
std_score: 0.008184794336557388
percentiles: 2%=0.718295156955719, 5%=0.7201324105262756, 10%=0.7222304344177246, 25%=0.7312526106834412, 50%=0.7368341684341431, 75%=0.7416597008705139, 90%=0.7450434565544128, 95%=0.74723881483078, 98%=0.747775137424469
ranking_best_algo: PBIL
ranking_best_score: 0.7248786399609374
ranking_my_rank: 1/504 (100.0%)
ranking_my_percent: 100.0
