ConfigName: kjsd__advperagentrankweighted__M3__L18__eps0p007__g0p0005__ds0p2__dm0p2
Problem: NK
Kernel: jsd
Advantage: peragentrankweighted
M: 3
lambda: 18
epsilon_svgd: 0.007
gamma: 0.0005
decay_start_ratio: 0.2
decay_min_factor: 0.2
bandwith_kernel: None
no_interact: False
avg_score: 0.739683985710144
median_score: 0.7379696369171143
std_score: 0.014976367354393005
percentiles: 2%=0.7141093611717224, 5%=0.7169054746627808, 10%=0.7224081754684448, 25%=0.7276824712753296, 50%=0.7379696369171143, 75%=0.7501150965690613, 90%=0.7587669491767883, 95%=0.765418291091919, 98%=0.773945689201355
ranking_best_algo: Tabu
ranking_best_score: 0.7601875690625
ranking_my_rank: 15/504 (97.2%)
ranking_my_percent: 97.22222222222223
