ConfigName: krbf__advnormalizedfitness__M4__L15__eps0p015__g0p005__ds0p3__dm0p01
Problem: QUBO
Kernel: rbf
Advantage: normalizedfitness
M: 4
lambda: 15
epsilon_svgd: 0.015
gamma: 0.005
decay_start_ratio: 0.3
decay_min_factor: 0.01
bandwith_kernel: None
no_interact: False
avg_score: -329.9800109863281
median_score: -330.0
std_score: 19.044147491455078
percentiles: 2%=-368.0799865722656, 5%=-359.1000061035156, 10%=-351.20001220703125, 25%=-342.25, 50%=-330.0, 75%=-320.0, 90%=-303.79998779296875, 95%=-293.9000244140625, 98%=-290.0
ranking_best_algo: CMApara
ranking_best_score: 344.22
ranking_my_rank: 79/504 (84.5%)
ranking_my_percent: 84.52380952380952
