ConfigName: krbf__advnormalizedfitness__M3__L10__eps0p015__g0p015__ds0p01__dm0p3
Problem: NK
Kernel: rbf
Advantage: normalizedfitness
M: 3
lambda: 10
epsilon_svgd: 0.015
gamma: 0.015
decay_start_ratio: 0.01
decay_min_factor: 0.3
bandwith_kernel: None
no_interact: False
avg_score: 0.602467954158783
median_score: 0.6008694767951965
std_score: 0.007842110469937325
percentiles: 2%=0.5880225896835327, 5%=0.5918041467666626, 10%=0.5929447412490845, 25%=0.5974676609039307, 50%=0.6008694767951965, 75%=0.6077257394790649, 90%=0.6126238107681274, 95%=0.6178171038627625, 98%=0.6193291544914246
ranking_best_algo: Tabu
ranking_best_score: 0.7429702712499999
ranking_my_rank: 392/504 (22.4%)
ranking_my_percent: 22.42063492063492
