ConfigName: kjsd__advperagentrankweighted__M10__L28__eps0p005__g0p0005__ds0p05__dm0p05
Problem: QUBO
Kernel: jsd
Advantage: peragentrankweighted
M: 10
lambda: 28
epsilon_svgd: 0.005
gamma: 0.0005
decay_start_ratio: 0.05
decay_min_factor: 0.05
bandwith_kernel: None
no_interact: False
avg_score: -286.4800109863281
median_score: -280.5
std_score: 39.66874694824219
percentiles: 2%=-390.0400085449219, 5%=-356.3999938964844, 10%=-340.6000061035156, 25%=-310.0, 50%=-280.5, 75%=-255.5, 90%=-240.89999389648438, 95%=-236.89999389648438, 98%=-228.86000061035156
ranking_best_algo: CMApara
ranking_best_score: 319.29999999999995
ranking_my_rank: 317/504 (37.3%)
ranking_my_percent: 37.301587301587304
