ConfigName: kjsd__advperagentrankweighted__M5__L10__eps0p01__g0p0007__ds0p05__dm0p2
Problem: QUBO
Kernel: jsd
Advantage: peragentrankweighted
M: 5
lambda: 10
epsilon_svgd: 0.01
gamma: 0.0007
decay_start_ratio: 0.05
decay_min_factor: 0.2
bandwith_kernel: None
no_interact: False
avg_score: -416.05999755859375
median_score: -416.0
std_score: 26.233497619628906
percentiles: 2%=-469.2799987792969, 5%=-465.1000061035156, 10%=-452.0, 25%=-432.5, 50%=-416.0, 75%=-394.0, 90%=-384.0, 95%=-375.95001220703125, 98%=-364.0
ranking_best_algo: Tabu
ranking_best_score: 438.12
ranking_my_rank: 45/504 (91.3%)
ranking_my_percent: 91.26984126984127
