ConfigName: kjsd__advperagentrankweighted__M3__L16__eps0p007__g0p003__ds0p1__dm0p1
Problem: QUBO
Kernel: jsd
Advantage: peragentrankweighted
M: 3
lambda: 16
epsilon_svgd: 0.007
gamma: 0.003
decay_start_ratio: 0.1
decay_min_factor: 0.1
bandwith_kernel: None
no_interact: False
avg_score: -1162.8399658203125
median_score: -1158.5
std_score: 72.92650604248047
percentiles: 2%=-1287.4200439453125, 5%=-1277.199951171875, 10%=-1261.0, 25%=-1225.5, 50%=-1158.5, 75%=-1115.75, 90%=-1064.800048828125, 95%=-1048.5999755859375, 98%=-1023.3400268554688
ranking_best_algo: SVMMetaModelLogNormal
ranking_best_score: 1233.7999999999997
ranking_my_rank: 86/504 (83.1%)
ranking_my_percent: 83.13492063492063
