ConfigName: krbf__advnormalizedfitness__M4__L15__eps0p025__g0p015__ds0p3__dm0p3
Problem: QUBO
Kernel: rbf
Advantage: normalizedfitness
M: 4
lambda: 15
epsilon_svgd: 0.025
gamma: 0.015
decay_start_ratio: 0.3
decay_min_factor: 0.3
bandwith_kernel: None
no_interact: False
avg_score: -281.3999938964844
median_score: -280.5
std_score: 32.07865524291992
percentiles: 2%=-341.20001220703125, 5%=-335.04998779296875, 10%=-328.20001220703125, 25%=-302.75, 50%=-280.5, 75%=-252.5, 90%=-242.0, 95%=-237.95001220703125, 98%=-233.95999145507812
ranking_best_algo: CMApara
ranking_best_score: 453.82
ranking_my_rank: 377/504 (25.4%)
ranking_my_percent: 25.396825396825395
