ConfigName: kjsd__advperagentrankweighted__M3__L18__eps0p005__g0p0005__ds0p2__dm0p2
Problem: QUBO
Kernel: jsd
Advantage: peragentrankweighted
M: 3
lambda: 18
epsilon_svgd: 0.005
gamma: 0.0005
decay_start_ratio: 0.2
decay_min_factor: 0.2
bandwith_kernel: None
no_interact: False
avg_score: -137.8800048828125
median_score: -139.0
std_score: 12.581955909729004
percentiles: 2%=-158.0, 5%=-157.0, 10%=-154.10000610351562, 25%=-146.0, 50%=-139.0, 75%=-129.0, 90%=-120.9000015258789, 95%=-114.94999694824219, 98%=-112.86000061035156
ranking_best_algo: DiscreteDE
ranking_best_score: 143.4
ranking_my_rank: 117/504 (77.0%)
ranking_my_percent: 76.98412698412699
