ConfigName: kjsd__advperagentrankweighted__M3__L24__eps0p007__g0p0005__ds0p05__dm0p2
Problem: NK
Kernel: jsd
Advantage: peragentrankweighted
M: 3
lambda: 24
epsilon_svgd: 0.007
gamma: 0.0005
decay_start_ratio: 0.05
decay_min_factor: 0.2
bandwith_kernel: None
no_interact: False
avg_score: 0.7437352538108826
median_score: 0.7411186695098877
std_score: 0.02804291807115078
percentiles: 2%=0.6987926959991455, 5%=0.7019332647323608, 10%=0.7132422924041748, 25%=0.7263951897621155, 50%=0.7411186695098877, 75%=0.7583327293395996, 90%=0.7767870426177979, 95%=0.8044298887252808, 98%=0.8051618337631226
ranking_best_algo: CMApara
ranking_best_score: 0.7459277895312499
ranking_my_rank: 6/504 (99.0%)
ranking_my_percent: 99.0079365079365
