ConfigName: krbf__advnormalizedfitness__M4__L10__eps0p033__g0p005__ds0p15__dm0p01
Problem: QUBO
Kernel: rbf
Advantage: normalizedfitness
M: 4
lambda: 10
epsilon_svgd: 0.033
gamma: 0.005
decay_start_ratio: 0.15
decay_min_factor: 0.01
bandwith_kernel: None
no_interact: False
avg_score: -426.8599853515625
median_score: -424.0
std_score: 27.17757225036621
percentiles: 2%=-481.0799865722656, 5%=-477.1000061035156, 10%=-463.0, 25%=-444.25, 50%=-424.0, 75%=-408.5, 90%=-398.8999938964844, 95%=-378.0, 98%=-369.8799743652344
ranking_best_algo: CMAL3
ranking_best_score: 435.36
ranking_my_rank: 20/504 (96.2%)
ranking_my_percent: 96.23015873015873
