ConfigName: krbf__advnormalizedfitness__M3__L10__eps0p033__g0p005__ds0p3__dm0p3
Problem: QUBO
Kernel: rbf
Advantage: normalizedfitness
M: 3
lambda: 10
epsilon_svgd: 0.033
gamma: 0.005
decay_start_ratio: 0.3
decay_min_factor: 0.3
bandwith_kernel: None
no_interact: False
avg_score: -332.0799865722656
median_score: -338.5
std_score: 20.63670539855957
percentiles: 2%=-372.0, 5%=-357.1499938964844, 10%=-354.0, 25%=-346.75, 50%=-338.5, 75%=-320.0, 90%=-300.0, 95%=-291.95001220703125, 98%=-283.9599914550781
ranking_best_algo: CMApara
ranking_best_score: 344.22
ranking_my_rank: 75/504 (85.3%)
ranking_my_percent: 85.31746031746032
