ConfigName: krbf__advnormalizedfitness__M3__L12__eps0p015__g0p005__ds0p15__dm0p3
Problem: QUBO
Kernel: rbf
Advantage: normalizedfitness
M: 3
lambda: 12
epsilon_svgd: 0.015
gamma: 0.005
decay_start_ratio: 0.15
decay_min_factor: 0.3
bandwith_kernel: None
no_interact: False
avg_score: -1461.6400146484375
median_score: -1475.5
std_score: 102.97869110107422
percentiles: 2%=-1661.1600341796875, 5%=-1609.300048828125, 10%=-1576.5999755859375, 25%=-1529.5, 50%=-1475.5, 75%=-1381.75, 90%=-1335.199951171875, 95%=-1266.800048828125, 98%=-1254.639892578125
ranking_best_algo: NLOPT_LN_PRAXIS
ranking_best_score: 1607.12
ranking_my_rank: 86/504 (83.1%)
ranking_my_percent: 83.13492063492063
