ConfigName: kjsd__advperagentrankweighted__M3__L16__eps0p005__g0p001__ds0p1__dm0p05
Problem: NK
Kernel: jsd
Advantage: peragentrankweighted
M: 3
lambda: 16
epsilon_svgd: 0.005
gamma: 0.001
decay_start_ratio: 0.1
decay_min_factor: 0.05
bandwith_kernel: None
no_interact: False
avg_score: 0.711597740650177
median_score: 0.6987258791923523
std_score: 0.031471092253923416
percentiles: 2%=0.6734704971313477, 5%=0.6751484870910645, 10%=0.6783457398414612, 25%=0.6824496388435364, 50%=0.6987258791923523, 75%=0.7468891739845276, 90%=0.7527669072151184, 95%=0.7613165378570557, 98%=0.7613165378570557
ranking_best_algo: CMApara
ranking_best_score: 0.7118996098437498
ranking_my_rank: 2/504 (99.8%)
ranking_my_percent: 99.8015873015873
