ConfigName: krbf__advnormalizedfitness__M2__L10__eps0p025__g0p007__ds0p01__dm0p3
Problem: QUBO
Kernel: rbf
Advantage: normalizedfitness
M: 2
lambda: 10
epsilon_svgd: 0.025
gamma: 0.007
decay_start_ratio: 0.01
decay_min_factor: 0.3
bandwith_kernel: None
no_interact: False
avg_score: -2614.679931640625
median_score: -2620.5
std_score: 118.94662475585938
percentiles: 2%=-2838.3798828125, 5%=-2799.60009765625, 10%=-2761.0, 25%=-2703.0, 50%=-2620.5, 75%=-2536.25, 90%=-2470.60009765625, 95%=-2426.949951171875, 98%=-2382.39990234375
ranking_best_algo: DiscreteLengler2OnePlusOne
ranking_best_score: 2617.04
ranking_my_rank: 2/504 (99.8%)
ranking_my_percent: 99.8015873015873
