ConfigName: kjsd__advperagentrankweighted__M3__L20__eps0p007__g0p0007__ds0p05__dm0p05
Problem: QUBO
Kernel: jsd
Advantage: peragentrankweighted
M: 3
lambda: 20
epsilon_svgd: 0.007
gamma: 0.0007
decay_start_ratio: 0.05
decay_min_factor: 0.05
bandwith_kernel: None
no_interact: False
avg_score: -1252.3199462890625
median_score: -1253.5
std_score: 57.5593376159668
percentiles: 2%=-1375.1400146484375, 5%=-1332.25, 10%=-1324.300048828125, 25%=-1293.0, 50%=-1253.5, 75%=-1212.25, 90%=-1172.800048828125, 95%=-1166.300048828125, 98%=-1143.8800048828125
ranking_best_algo: SVMMetaModelLogNormal
ranking_best_score: 1233.7999999999997
ranking_my_rank: 1/504 (100.0%)
ranking_my_percent: 100.0
