ConfigName: kjsd__advperagentrankweighted__M4__L8__eps0p005__g0p0003__ds0p05__dm0p05
Problem: QUBO
Kernel: jsd
Advantage: peragentrankweighted
M: 4
lambda: 8
epsilon_svgd: 0.005
gamma: 0.0003
decay_start_ratio: 0.05
decay_min_factor: 0.05
bandwith_kernel: None
no_interact: False
avg_score: -308.5400085449219
median_score: -310.0
std_score: 39.55538558959961
percentiles: 2%=-388.1199951171875, 5%=-382.1000061035156, 10%=-356.79998779296875, 25%=-338.0, 50%=-310.0, 75%=-272.75, 90%=-262.8999938964844, 95%=-254.0, 98%=-245.97999572753906
ranking_best_algo: CMApara
ranking_best_score: 319.29999999999995
ranking_my_rank: 88/504 (82.7%)
ranking_my_percent: 82.73809523809524
