ConfigName: kjsd__advperagentrankweighted__M10__L24__eps0p005__g0p0005__ds0p3__dm0p05
Problem: NK
Kernel: jsd
Advantage: peragentrankweighted
M: 10
lambda: 24
epsilon_svgd: 0.005
gamma: 0.0005
decay_start_ratio: 0.3
decay_min_factor: 0.05
bandwith_kernel: None
no_interact: False
avg_score: 0.6996079087257385
median_score: 0.7013608813285828
std_score: 0.01792452484369278
percentiles: 2%=0.6533876061439514, 5%=0.6551924347877502, 10%=0.6778243780136108, 25%=0.695781946182251, 50%=0.7013608813285828, 75%=0.7104510068893433, 90%=0.7195687294006348, 95%=0.7215242981910706, 98%=0.7232111096382141
ranking_best_algo: CMApara
ranking_best_score: 0.707475975
ranking_my_rank: 104/504 (79.6%)
ranking_my_percent: 79.56349206349206
