ConfigName: krbf__advnormalizedfitness__M3__L10__eps0p025__g0p005__ds0p3__dm0p3
Problem: NK
Kernel: rbf
Advantage: normalizedfitness
M: 3
lambda: 10
epsilon_svgd: 0.025
gamma: 0.005
decay_start_ratio: 0.3
decay_min_factor: 0.3
bandwith_kernel: None
no_interact: False
avg_score: 0.7519218921661377
median_score: 0.7515523433685303
std_score: 0.01415161695331335
percentiles: 2%=0.7265388369560242, 5%=0.7292566895484924, 10%=0.731747031211853, 25%=0.7427836060523987, 50%=0.7515523433685303, 75%=0.7617332935333252, 90%=0.7708982229232788, 95%=0.7740231156349182, 98%=0.777543306350708
ranking_best_algo: Tabu
ranking_best_score: 0.7657846284375001
ranking_my_rank: 14/504 (97.4%)
ranking_my_percent: 97.42063492063492
