ConfigName: kjsd__advperagentrankweighted__M3__L24__eps0p005__g0p001__ds0p2__dm0p05
Problem: QUBO
Kernel: jsd
Advantage: peragentrankweighted
M: 3
lambda: 24
epsilon_svgd: 0.005
gamma: 0.001
decay_start_ratio: 0.2
decay_min_factor: 0.05
bandwith_kernel: None
no_interact: False
avg_score: -309.32000732421875
median_score: -308.0
std_score: 38.86666488647461
percentiles: 2%=-396.0, 5%=-382.20001220703125, 10%=-359.3999938964844, 25%=-334.5, 50%=-308.0, 75%=-278.0, 90%=-264.0, 95%=-254.0, 98%=-249.9600067138672
ranking_best_algo: CMApara
ranking_best_score: 319.29999999999995
ranking_my_rank: 80/504 (84.3%)
ranking_my_percent: 84.32539682539682
