ConfigName: kjsd__advperagentrankweighted__M5__L10__eps0p02__g0p0007__ds0p2__dm0p05
Problem: NK
Kernel: jsd
Advantage: peragentrankweighted
M: 5
lambda: 10
epsilon_svgd: 0.02
gamma: 0.0007
decay_start_ratio: 0.2
decay_min_factor: 0.05
bandwith_kernel: None
no_interact: False
avg_score: 0.7091823816299438
median_score: 0.7109441757202148
std_score: 0.015162755735218525
percentiles: 2%=0.6697219014167786, 5%=0.6720561385154724, 10%=0.694449245929718, 25%=0.7066649198532104, 50%=0.7109441757202148, 75%=0.7171041369438171, 90%=0.7247203588485718, 95%=0.7311823964118958, 98%=0.7320544123649597
ranking_best_algo: CMApara
ranking_best_score: 0.707475975
ranking_my_rank: 1/504 (100.0%)
ranking_my_percent: 100.0
