ConfigName: kjsd__advperagentrankweighted__M3__L18__eps0p01__g0p003__ds0p1__dm0p1
Problem: QUBO
Kernel: jsd
Advantage: peragentrankweighted
M: 3
lambda: 18
epsilon_svgd: 0.01
gamma: 0.003
decay_start_ratio: 0.1
decay_min_factor: 0.1
bandwith_kernel: None
no_interact: False
avg_score: -1203.8800048828125
median_score: -1206.5
std_score: 60.49103546142578
percentiles: 2%=-1314.3199462890625, 5%=-1303.199951171875, 10%=-1275.199951171875, 25%=-1246.75, 50%=-1206.5, 75%=-1157.0, 90%=-1126.800048828125, 95%=-1097.8499755859375, 98%=-1070.8800048828125
ranking_best_algo: SVMMetaModelLogNormal
ranking_best_score: 1233.7999999999997
ranking_my_rank: 50/504 (90.3%)
ranking_my_percent: 90.27777777777777
