ConfigName: kjsd__advperagentrankweighted__M3__L20__eps0p007__g0p003__ds0p1__dm0p05
Problem: QUBO
Kernel: jsd
Advantage: peragentrankweighted
M: 3
lambda: 20
epsilon_svgd: 0.007
gamma: 0.003
decay_start_ratio: 0.1
decay_min_factor: 0.05
bandwith_kernel: None
no_interact: False
avg_score: -139.67999267578125
median_score: -141.0
std_score: 11.275530815124512
percentiles: 2%=-159.0, 5%=-158.0, 10%=-156.10000610351562, 25%=-146.0, 50%=-141.0, 75%=-129.0, 90%=-126.80000305175781, 95%=-122.94999694824219, 98%=-119.0
ranking_best_algo: DiscreteDE
ranking_best_score: 143.4
ranking_my_rank: 83/504 (83.7%)
ranking_my_percent: 83.73015873015873
