ConfigName: krbf__advnormalizedfitness__M3__L12__eps0p025__g0p007__ds0p3__dm0p3
Problem: QUBO
Kernel: rbf
Advantage: normalizedfitness
M: 3
lambda: 12
epsilon_svgd: 0.025
gamma: 0.007
decay_start_ratio: 0.3
decay_min_factor: 0.3
bandwith_kernel: None
no_interact: False
avg_score: -929.7999877929688
median_score: -916.0
std_score: 67.16026306152344
percentiles: 2%=-1070.0400390625, 5%=-1048.0999755859375, 10%=-1036.699951171875, 25%=-971.75, 50%=-916.0, 75%=-873.0, 90%=-852.9000244140625, 95%=-843.0, 98%=-836.639892578125
ranking_best_algo: CMApara
ranking_best_score: 964.9
ranking_my_rank: 19/504 (96.4%)
ranking_my_percent: 96.42857142857143
