ConfigName: kjsd__advperagentrankweighted__M4__L8__eps0p005__g0p0005__ds0p2__dm0p2
Problem: NK
Kernel: jsd
Advantage: peragentrankweighted
M: 4
lambda: 8
epsilon_svgd: 0.005
gamma: 0.0005
decay_start_ratio: 0.2
decay_min_factor: 0.2
bandwith_kernel: None
no_interact: False
avg_score: 0.7359756231307983
median_score: 0.7382320165634155
std_score: 0.009344111196696758
percentiles: 2%=0.7165363430976868, 5%=0.7173845767974854, 10%=0.7246297001838684, 25%=0.7287803888320923, 50%=0.7382320165634155, 75%=0.7427700161933899, 90%=0.7474007606506348, 95%=0.7485665678977966, 98%=0.7522014379501343
ranking_best_algo: PBIL
ranking_best_score: 0.730509098125
ranking_my_rank: 1/504 (100.0%)
ranking_my_percent: 100.0
