ConfigName: kjsd__advperagentrankweighted__M3__L20__eps0p01__g0p0005__ds0p2__dm0p05
Problem: QUBO
Kernel: jsd
Advantage: peragentrankweighted
M: 3
lambda: 20
epsilon_svgd: 0.01
gamma: 0.0005
decay_start_ratio: 0.2
decay_min_factor: 0.05
bandwith_kernel: None
no_interact: False
avg_score: -324.8599853515625
median_score: -327.5
std_score: 24.940338134765625
percentiles: 2%=-372.0, 5%=-372.0, 10%=-350.1000061035156, 25%=-341.25, 50%=-327.5, 75%=-303.75, 90%=-289.8999938964844, 95%=-286.0, 98%=-276.7799987792969
ranking_best_algo: CMApara
ranking_best_score: 344.22
ranking_my_rank: 122/504 (76.0%)
ranking_my_percent: 75.9920634920635
