ConfigName: krbf__advnormalizedfitness__M1__L8__eps0p025__g0p007__ds0p15__dm0p01
Problem: QUBO
Kernel: rbf
Advantage: normalizedfitness
M: 1
lambda: 8
epsilon_svgd: 0.025
gamma: 0.007
decay_start_ratio: 0.15
decay_min_factor: 0.01
bandwith_kernel: None
no_interact: False
avg_score: -1255.0
median_score: -1264.0
std_score: 78.15919494628906
percentiles: 2%=-1385.0400390625, 5%=-1368.25, 10%=-1350.0999755859375, 25%=-1307.0, 50%=-1264.0, 75%=-1210.5, 90%=-1159.0, 95%=-1141.949951171875, 98%=-1134.760009765625
ranking_best_algo: BigLognormalDiscreteOnePlusOne
ranking_best_score: 1301.3600000000004
ranking_my_rank: 54/504 (89.5%)
ranking_my_percent: 89.48412698412699
