ConfigName: kfr__advglobalrankweighted__M4__L24__eps0p06__g0p005__ds0p01__dm0p01
Problem: NK
Kernel: fr
Advantage: globalrankweighted
M: 4
lambda: 24
epsilon_svgd: 0.06
gamma: 0.005
decay_start_ratio: 0.01
decay_min_factor: 0.01
bandwith_kernel: None
no_interact: False
avg_score: 0.7542327046394348
median_score: 0.7542028427124023
std_score: 0.012342466041445732
percentiles: 2%=0.730456531047821, 5%=0.7329315543174744, 10%=0.7385837435722351, 25%=0.7455976009368896, 50%=0.7542028427124023, 75%=0.763229489326477, 90%=0.7681818604469299, 95%=0.7730653285980225, 98%=0.7783483862876892
ranking_best_algo: Tabu
ranking_best_score: 0.7657846284375001
ranking_my_rank: 7/504 (98.8%)
ranking_my_percent: 98.80952380952381
