ConfigName: kfr__advglobalrankweighted__M2__L11__eps0p02__g0p007__ds0p01__dm0p01
Problem: NK
Kernel: fr
Advantage: globalrankweighted
M: 2
lambda: 11
epsilon_svgd: 0.02
gamma: 0.007
decay_start_ratio: 0.01
decay_min_factor: 0.01
bandwith_kernel: None
no_interact: False
avg_score: 0.7422897815704346
median_score: 0.7392791509628296
std_score: 0.029766041785478592
percentiles: 2%=0.6905094981193542, 5%=0.7018983364105225, 10%=0.7081599831581116, 25%=0.719785213470459, 50%=0.7392791509628296, 75%=0.7582260370254517, 90%=0.778337299823761, 95%=0.8044298887252808, 98%=0.8045306205749512
ranking_best_algo: CMApara
ranking_best_score: 0.7459277895312499
ranking_my_rank: 20/504 (96.2%)
ranking_my_percent: 96.23015873015873
