ConfigName: kjsd__advperagentrankweighted__M3__L20__eps0p005__g0p0005__ds0p2__dm0p2
Problem: QUBO
Kernel: jsd
Advantage: peragentrankweighted
M: 3
lambda: 20
epsilon_svgd: 0.005
gamma: 0.0005
decay_start_ratio: 0.2
decay_min_factor: 0.2
bandwith_kernel: None
no_interact: False
avg_score: -3286.97998046875
median_score: -3278.0
std_score: 117.30046844482422
percentiles: 2%=-3518.52001953125, 5%=-3498.10009765625, 10%=-3451.39990234375, 25%=-3369.75, 50%=-3278.0, 75%=-3210.5, 90%=-3142.800048828125, 95%=-3106.699951171875, 98%=-3056.97998046875
ranking_best_algo: RLSOnePlusOne
ranking_best_score: 3316.5199999999995
ranking_my_rank: 3/504 (99.6%)
ranking_my_percent: 99.60317460317461
