ConfigName: krbf__advnormalizedfitness__M1__L10__eps0p015__g0p015__ds0p15__dm0p3
Problem: QUBO
Kernel: rbf
Advantage: normalizedfitness
M: 1
lambda: 10
epsilon_svgd: 0.015
gamma: 0.015
decay_start_ratio: 0.15
decay_min_factor: 0.3
bandwith_kernel: None
no_interact: False
avg_score: -1227.4599609375
median_score: -1232.0
std_score: 67.51776123046875
percentiles: 2%=-1348.5999755859375, 5%=-1333.300048828125, 10%=-1312.4000244140625, 25%=-1268.0, 50%=-1232.0, 75%=-1181.0, 90%=-1142.5, 95%=-1115.3499755859375, 98%=-1082.47998046875
ranking_best_algo: SVMMetaModelLogNormal
ranking_best_score: 1233.7999999999997
ranking_my_rank: 13/504 (97.6%)
ranking_my_percent: 97.61904761904762
