ConfigName: kjsd__advperagentrankweighted__M5__L8__eps0p02__g0p0007__ds0p05__dm0p05
Problem: QUBO
Kernel: jsd
Advantage: peragentrankweighted
M: 5
lambda: 8
epsilon_svgd: 0.02
gamma: 0.0007
decay_start_ratio: 0.05
decay_min_factor: 0.05
bandwith_kernel: None
no_interact: False
avg_score: -939.3400268554688
median_score: -932.0
std_score: 60.15101623535156
percentiles: 2%=-1076.0, 5%=-1064.199951171875, 10%=-1030.199951171875, 25%=-971.0, 50%=-932.0, 75%=-901.0, 90%=-867.5, 95%=-847.0, 98%=-838.9199829101562
ranking_best_algo: CMApara
ranking_best_score: 964.9
ranking_my_rank: 7/504 (98.8%)
ranking_my_percent: 98.80952380952381
