ConfigName: krbf__advnormalizedfitness__M4__L15__eps0p033__g0p005__ds0p15__dm0p3
Problem: QUBO
Kernel: rbf
Advantage: normalizedfitness
M: 4
lambda: 15
epsilon_svgd: 0.033
gamma: 0.005
decay_start_ratio: 0.15
decay_min_factor: 0.3
bandwith_kernel: None
no_interact: False
avg_score: -876.52001953125
median_score: -873.0
std_score: 62.541419982910156
percentiles: 2%=-1008.1199951171875, 5%=-977.1500244140625, 10%=-969.4000244140625, 25%=-922.25, 50%=-873.0, 75%=-825.5, 90%=-800.0, 95%=-787.4500732421875, 98%=-767.0
ranking_best_algo: CMAL3
ranking_best_score: 928.5800000000002
ranking_my_rank: 129/504 (74.6%)
ranking_my_percent: 74.60317460317461
