ConfigName: krbf__advnormalizedfitness__M1__L10__eps0p015__g0p007__ds0p01__dm0p01
Problem: NK
Kernel: rbf
Advantage: normalizedfitness
M: 1
lambda: 10
epsilon_svgd: 0.015
gamma: 0.007
decay_start_ratio: 0.01
decay_min_factor: 0.01
bandwith_kernel: None
no_interact: False
avg_score: 0.7041367888450623
median_score: 0.707129955291748
std_score: 0.011949029751121998
percentiles: 2%=0.6838415265083313, 5%=0.6850236654281616, 10%=0.6885964870452881, 25%=0.6934859752655029, 50%=0.707129955291748, 75%=0.7151002883911133, 90%=0.718312680721283, 95%=0.7198677659034729, 98%=0.7201966047286987
ranking_best_algo: PBIL
ranking_best_score: 0.7013553837109374
ranking_my_rank: 1/504 (100.0%)
ranking_my_percent: 100.0
