ConfigName: krbf__advnormalizedfitness__M1__L8__eps0p033__g0p007__ds0p3__dm0p3
Problem: QUBO
Kernel: rbf
Advantage: normalizedfitness
M: 1
lambda: 8
epsilon_svgd: 0.033
gamma: 0.007
decay_start_ratio: 0.3
decay_min_factor: 0.3
bandwith_kernel: None
no_interact: False
avg_score: -383.3599853515625
median_score: -376.0
std_score: 34.77801513671875
percentiles: 2%=-465.0799865722656, 5%=-453.0, 10%=-430.20001220703125, 25%=-406.0, 50%=-376.0, 75%=-361.5, 90%=-345.8999938964844, 95%=-329.9000244140625, 98%=-327.8799743652344
ranking_best_algo: Tabu
ranking_best_score: 438.12
ranking_my_rank: 263/504 (48.0%)
ranking_my_percent: 48.01587301587302
