ConfigName: kjsd__advperagentrankweighted__M4__L24__eps0p008__g0p0005__ds0p05__dm0p05
Problem: NK
Kernel: jsd
Advantage: peragentrankweighted
M: 4
lambda: 24
epsilon_svgd: 0.008
gamma: 0.0005
decay_start_ratio: 0.05
decay_min_factor: 0.05
bandwith_kernel: None
no_interact: False
avg_score: 0.7337298393249512
median_score: 0.7324060201644897
std_score: 0.009064584970474243
percentiles: 2%=0.7152099013328552, 5%=0.7212695479393005, 10%=0.7230842709541321, 25%=0.7278984189033508, 50%=0.7324060201644897, 75%=0.7403212785720825, 90%=0.7458100318908691, 95%=0.7485393285751343, 98%=0.7522115707397461
ranking_best_algo: Tabu
ranking_best_score: 0.7429702712499999
ranking_my_rank: 2/504 (99.8%)
ranking_my_percent: 99.8015873015873
