ConfigName: kjsd__advperagentrankweighted__M3__L24__eps0p005__g0p0005__ds0p2__dm0p2
Problem: QUBO
Kernel: jsd
Advantage: peragentrankweighted
M: 3
lambda: 24
epsilon_svgd: 0.005
gamma: 0.0005
decay_start_ratio: 0.2
decay_min_factor: 0.2
bandwith_kernel: None
no_interact: False
avg_score: -1616.6600341796875
median_score: -1621.5
std_score: 73.26734924316406
percentiles: 2%=-1748.0400390625, 5%=-1736.4000244140625, 10%=-1708.4000244140625, 25%=-1667.25, 50%=-1621.5, 75%=-1572.75, 90%=-1519.5, 95%=-1496.4000244140625, 98%=-1454.8800048828125
ranking_best_algo: NLOPT_LN_PRAXIS
ranking_best_score: 1607.12
ranking_my_rank: 1/504 (100.0%)
ranking_my_percent: 100.0
