ConfigName: kjsd__advperagentrankweighted__M5__L10__eps0p01__g0p0005__ds0p4__dm0p2
Problem: QUBO
Kernel: jsd
Advantage: peragentrankweighted
M: 5
lambda: 10
epsilon_svgd: 0.01
gamma: 0.0005
decay_start_ratio: 0.4
decay_min_factor: 0.2
bandwith_kernel: None
no_interact: False
avg_score: -2656.06005859375
median_score: -2665.0
std_score: 105.69954681396484
percentiles: 2%=-2843.320068359375, 5%=-2815.199951171875, 10%=-2790.60009765625, 25%=-2734.5, 50%=-2665.0, 75%=-2585.5, 90%=-2527.89990234375, 95%=-2467.85009765625, 98%=-2447.239990234375
ranking_best_algo: DiscreteLengler2OnePlusOne
ranking_best_score: 2617.04
ranking_my_rank: 1/504 (100.0%)
ranking_my_percent: 100.0
