ConfigName: kjsd__advperagentrankweighted__M3__L16__eps0p007__g0p003__ds0p05__dm0p2
Problem: NK
Kernel: jsd
Advantage: peragentrankweighted
M: 3
lambda: 16
epsilon_svgd: 0.007
gamma: 0.003
decay_start_ratio: 0.05
decay_min_factor: 0.2
bandwith_kernel: None
no_interact: False
avg_score: 0.7274930477142334
median_score: 0.7289938926696777
std_score: 0.0102367103099823
percentiles: 2%=0.7043115496635437, 5%=0.7097852230072021, 10%=0.7108863592147827, 25%=0.7210072875022888, 50%=0.7289938926696777, 75%=0.7357813119888306, 90%=0.739391028881073, 95%=0.7417128086090088, 98%=0.7443335652351379
ranking_best_algo: PBIL
ranking_best_score: 0.7248786399609374
ranking_my_rank: 1/504 (100.0%)
ranking_my_percent: 100.0
