ConfigName: kjsd__advperagentrankweighted__M3__L18__eps0p005__g0p0007__ds0p1__dm0p2
Problem: QUBO
Kernel: jsd
Advantage: peragentrankweighted
M: 3
lambda: 18
epsilon_svgd: 0.005
gamma: 0.0007
decay_start_ratio: 0.1
decay_min_factor: 0.2
bandwith_kernel: None
no_interact: False
avg_score: -2558.800048828125
median_score: -2560.0
std_score: 105.1876449584961
percentiles: 2%=-2759.719970703125, 5%=-2717.800048828125, 10%=-2691.10009765625, 25%=-2631.5, 50%=-2560.0, 75%=-2491.75, 90%=-2403.60009765625, 95%=-2383.10009765625, 98%=-2348.0
ranking_best_algo: SVM1MetaModelLogNormal
ranking_best_score: 2605.14
ranking_my_rank: 40/504 (92.3%)
ranking_my_percent: 92.26190476190476
