ConfigName: kfr__advglobalrankweighted__M6__L11__eps0p01__g0p007__ds0p01__dm0p01
Problem: QUBO
Kernel: fr
Advantage: globalrankweighted
M: 6
lambda: 11
epsilon_svgd: 0.01
gamma: 0.007
decay_start_ratio: 0.01
decay_min_factor: 0.01
bandwith_kernel: None
no_interact: False
avg_score: -394.17999267578125
median_score: -397.0
std_score: 28.961484909057617
percentiles: 2%=-447.0400085449219, 5%=-437.45001220703125, 10%=-432.1000061035156, 25%=-414.0, 50%=-397.0, 75%=-376.0, 90%=-355.20001220703125, 95%=-341.9000244140625, 98%=-333.9599914550781
ranking_best_algo: Tabu
ranking_best_score: 438.12
ranking_my_rank: 238/504 (53.0%)
ranking_my_percent: 52.976190476190474
