ConfigName: kjsd__advperagentrankweighted__M3__L30__eps0p007__g0p001__ds0p1__dm0p2
Problem: NK
Kernel: jsd
Advantage: peragentrankweighted
M: 3
lambda: 30
epsilon_svgd: 0.007
gamma: 0.001
decay_start_ratio: 0.1
decay_min_factor: 0.2
bandwith_kernel: None
no_interact: False
avg_score: 0.7572070360183716
median_score: 0.7555226683616638
std_score: 0.012920781038701534
percentiles: 2%=0.732502818107605, 5%=0.7379674315452576, 10%=0.7404569387435913, 25%=0.7488114833831787, 50%=0.7555226683616638, 75%=0.76792311668396, 90%=0.7745475172996521, 95%=0.7773729562759399, 98%=0.7823048830032349
ranking_best_algo: Tabu
ranking_best_score: 0.7470791764843752
ranking_my_rank: 1/504 (100.0%)
ranking_my_percent: 100.0
