ConfigName: krbf__advnormalizedfitness__M3__L12__eps0p025__g0p015__ds0p3__dm0p3
Problem: QUBO
Kernel: rbf
Advantage: normalizedfitness
M: 3
lambda: 12
epsilon_svgd: 0.025
gamma: 0.015
decay_start_ratio: 0.3
decay_min_factor: 0.3
bandwith_kernel: None
no_interact: False
avg_score: -759.8200073242188
median_score: -750.0
std_score: 66.96587371826172
percentiles: 2%=-910.47998046875, 5%=-882.0, 10%=-851.0999755859375, 25%=-799.0, 50%=-750.0, 75%=-716.75, 90%=-685.7999877929688, 95%=-658.2500610351562, 98%=-637.0
ranking_best_algo: CMAL3
ranking_best_score: 928.5800000000002
ranking_my_rank: 321/504 (36.5%)
ranking_my_percent: 36.507936507936506
