ConfigName: krbf__advnormalizedfitness__M1__L8__eps0p015__g0p007__ds0p15__dm0p01
Problem: QUBO
Kernel: rbf
Advantage: normalizedfitness
M: 1
lambda: 8
epsilon_svgd: 0.015
gamma: 0.007
decay_start_ratio: 0.15
decay_min_factor: 0.01
bandwith_kernel: None
no_interact: False
avg_score: -554.8400268554688
median_score: -558.5
std_score: 51.096519470214844
percentiles: 2%=-619.3200073242188, 5%=-605.0, 10%=-599.0, 25%=-583.25, 50%=-558.5, 75%=-539.75, 90%=-509.79998779296875, 95%=-498.95001220703125, 98%=-490.5399169921875
ranking_best_algo: Tabu
ranking_best_score: 588.7199999999999
ranking_my_rank: 145/503 (71.4%)
ranking_my_percent: 71.37176938369781
