ConfigName: krbf__advnormalizedfitness__M3__L8__eps0p033__g0p007__ds0p01__dm0p3
Problem: NK
Kernel: rbf
Advantage: normalizedfitness
M: 3
lambda: 8
epsilon_svgd: 0.033
gamma: 0.007
decay_start_ratio: 0.01
decay_min_factor: 0.3
bandwith_kernel: None
no_interact: False
avg_score: 0.7544803023338318
median_score: 0.755117654800415
std_score: 0.011051122099161148
percentiles: 2%=0.7300912737846375, 5%=0.7361512184143066, 10%=0.7411598563194275, 25%=0.7471904158592224, 50%=0.755117654800415, 75%=0.7631564736366272, 90%=0.7690091133117676, 95%=0.7715756893157959, 98%=0.7731965184211731
ranking_best_algo: Tabu
ranking_best_score: 0.7470791764843752
ranking_my_rank: 1/504 (100.0%)
ranking_my_percent: 100.0
