ConfigName: kjsd__advperagentrankweighted__M3__L16__eps0p007__g0p0007__ds0p05__dm0p2
Problem: NK
Kernel: jsd
Advantage: peragentrankweighted
M: 3
lambda: 16
epsilon_svgd: 0.007
gamma: 0.0007
decay_start_ratio: 0.05
decay_min_factor: 0.2
bandwith_kernel: None
no_interact: False
avg_score: 0.7097057104110718
median_score: 0.7111692428588867
std_score: 0.015147923491895199
percentiles: 2%=0.6715495586395264, 5%=0.6720203161239624, 10%=0.6913885474205017, 25%=0.7067534923553467, 50%=0.7111692428588867, 75%=0.7179430723190308, 90%=0.7253904938697815, 95%=0.7324386835098267, 98%=0.7327830791473389
ranking_best_algo: CMApara
ranking_best_score: 0.707475975
ranking_my_rank: 1/504 (100.0%)
ranking_my_percent: 100.0
