ConfigName: krbf__advnormalizedfitness__M4__L12__eps0p015__g0p015__ds0p01__dm0p01
Problem: NK
Kernel: rbf
Advantage: normalizedfitness
M: 4
lambda: 12
epsilon_svgd: 0.015
gamma: 0.015
decay_start_ratio: 0.01
decay_min_factor: 0.01
bandwith_kernel: None
no_interact: False
avg_score: 0.6935446262359619
median_score: 0.6909905672073364
std_score: 0.020524712279438972
percentiles: 2%=0.6558572053909302, 5%=0.6619776487350464, 10%=0.6663007736206055, 25%=0.679720401763916, 50%=0.6909905672073364, 75%=0.7068870067596436, 90%=0.7205292582511902, 95%=0.7298262715339661, 98%=0.7362639904022217
ranking_best_algo: Tabu
ranking_best_score: 0.7470791764843752
ranking_my_rank: 304/504 (39.9%)
ranking_my_percent: 39.88095238095238
