ConfigName: kfr__advglobalrankweighted__M5__L9__eps0p01__g0p007__ds0p01__dm0p01
Problem: QUBO
Kernel: fr
Advantage: globalrankweighted
M: 5
lambda: 9
epsilon_svgd: 0.01
gamma: 0.007
decay_start_ratio: 0.01
decay_min_factor: 0.01
bandwith_kernel: None
no_interact: False
avg_score: -1113.5
median_score: -1099.5
std_score: 68.16809844970703
percentiles: 2%=-1261.239990234375, 5%=-1237.0999755859375, 10%=-1209.199951171875, 25%=-1163.0, 50%=-1099.5, 75%=-1067.75, 90%=-1033.9000244140625, 95%=-1015.800048828125, 98%=-994.9400024414062
ranking_best_algo: Tabu
ranking_best_score: 1216.16
ranking_my_rank: 172/504 (66.1%)
ranking_my_percent: 66.07142857142857
