ConfigName: kjsd__advperagentrankweighted__M5__L8__eps0p03__g0p0007__ds0p2__dm0p05
Problem: QUBO
Kernel: jsd
Advantage: peragentrankweighted
M: 5
lambda: 8
epsilon_svgd: 0.03
gamma: 0.0007
decay_start_ratio: 0.2
decay_min_factor: 0.05
bandwith_kernel: None
no_interact: False
avg_score: -1224.280029296875
median_score: -1223.0
std_score: 58.02948760986328
percentiles: 2%=-1341.0799560546875, 5%=-1327.5999755859375, 10%=-1303.0999755859375, 25%=-1258.0, 50%=-1223.0, 75%=-1183.75, 90%=-1144.5999755859375, 95%=-1136.8499755859375, 98%=-1130.8599853515625
ranking_best_algo: SVMMetaModelLogNormal
ranking_best_score: 1233.7999999999997
ranking_my_rank: 14/504 (97.4%)
ranking_my_percent: 97.42063492063492
