ConfigName: krbf__advnormalizedfitness__M4__L15__eps0p015__g0p01__ds0p15__dm0p3
Problem: QUBO
Kernel: rbf
Advantage: normalizedfitness
M: 4
lambda: 15
epsilon_svgd: 0.015
gamma: 0.01
decay_start_ratio: 0.15
decay_min_factor: 0.3
bandwith_kernel: None
no_interact: False
avg_score: -1004.8400268554688
median_score: -1007.5
std_score: 85.22801208496094
percentiles: 2%=-1170.3199462890625, 5%=-1160.1500244140625, 10%=-1132.0, 25%=-1058.0, 50%=-1007.5, 75%=-946.75, 90%=-894.0, 95%=-862.6500244140625, 98%=-851.4398803710938
ranking_best_algo: SVM1MetaModelLogNormal
ranking_best_score: 2605.14
ranking_my_rank: 392/504 (22.4%)
ranking_my_percent: 22.42063492063492
