ConfigName: krbf__advnormalizedfitness__M4__L10__eps0p015__g0p005__ds0p15__dm0p01
Problem: QUBO
Kernel: rbf
Advantage: normalizedfitness
M: 4
lambda: 10
epsilon_svgd: 0.015
gamma: 0.005
decay_start_ratio: 0.15
decay_min_factor: 0.01
bandwith_kernel: None
no_interact: False
avg_score: -310.0
median_score: -314.0
std_score: 39.11777114868164
percentiles: 2%=-390.1199951171875, 5%=-388.0, 10%=-355.79998779296875, 25%=-334.0, 50%=-314.0, 75%=-272.0, 90%=-264.0, 95%=-262.8000183105469, 98%=-254.95999145507812
ranking_best_algo: CMApara
ranking_best_score: 319.29999999999995
ranking_my_rank: 65/504 (87.3%)
ranking_my_percent: 87.3015873015873
