ConfigName: kjsd__advperagentrankweighted__M5__L10__eps0p02__g0p0003__ds0p2__dm0p05
Problem: NK
Kernel: jsd
Advantage: peragentrankweighted
M: 5
lambda: 10
epsilon_svgd: 0.02
gamma: 0.0003
decay_start_ratio: 0.2
decay_min_factor: 0.05
bandwith_kernel: None
no_interact: False
avg_score: 0.729133129119873
median_score: 0.7303751707077026
std_score: 0.009372128173708916
percentiles: 2%=0.7097499370574951, 5%=0.7114717960357666, 10%=0.7163011431694031, 25%=0.7233322262763977, 50%=0.7303751707077026, 75%=0.7358188629150391, 90%=0.7407623529434204, 95%=0.7429296374320984, 98%=0.7443658709526062
ranking_best_algo: PBIL
ranking_best_score: 0.730509098125
ranking_my_rank: 3/504 (99.6%)
ranking_my_percent: 99.60317460317461
