ConfigName: kjsd__advperagentrankweighted__M4__L8__eps0p005__g0p0003__ds0p4__dm0p05
Problem: QUBO
Kernel: jsd
Advantage: peragentrankweighted
M: 4
lambda: 8
epsilon_svgd: 0.005
gamma: 0.0003
decay_start_ratio: 0.4
decay_min_factor: 0.05
bandwith_kernel: None
no_interact: False
avg_score: -2642.93994140625
median_score: -2651.0
std_score: 110.60721588134766
percentiles: 2%=-2871.159912109375, 5%=-2805.85009765625, 10%=-2778.300048828125, 25%=-2713.75, 50%=-2651.0, 75%=-2575.5, 90%=-2490.800048828125, 95%=-2446.0, 98%=-2420.820068359375
ranking_best_algo: DiscreteLengler2OnePlusOne
ranking_best_score: 2617.04
ranking_my_rank: 1/504 (100.0%)
ranking_my_percent: 100.0
