ConfigName: kjsd__advperagentrankweighted__M5__L10__eps0p01__g0p0005__ds0p05__dm0p2
Problem: NK
Kernel: jsd
Advantage: peragentrankweighted
M: 5
lambda: 10
epsilon_svgd: 0.01
gamma: 0.0005
decay_start_ratio: 0.05
decay_min_factor: 0.2
bandwith_kernel: None
no_interact: False
avg_score: 0.7432631850242615
median_score: 0.7409839034080505
std_score: 0.028785843402147293
percentiles: 2%=0.6996437907218933, 5%=0.7041165828704834, 10%=0.710443913936615, 25%=0.7256748080253601, 50%=0.7409839034080505, 75%=0.7547788619995117, 90%=0.7782467603683472, 95%=0.8109943270683289, 98%=0.8118547797203064
ranking_best_algo: CMApara
ranking_best_score: 0.7459277895312499
ranking_my_rank: 12/504 (97.8%)
ranking_my_percent: 97.81746031746032
