ConfigName: krbf__advnormalizedfitness__M2__L8__eps0p025__g0p005__ds0p15__dm0p3
Problem: NK
Kernel: rbf
Advantage: normalizedfitness
M: 2
lambda: 8
epsilon_svgd: 0.025
gamma: 0.005
decay_start_ratio: 0.15
decay_min_factor: 0.3
bandwith_kernel: None
no_interact: False
avg_score: 0.7294403910636902
median_score: 0.7294204235076904
std_score: 0.011872761882841587
percentiles: 2%=0.7090336680412292, 5%=0.7101889848709106, 10%=0.7143257856369019, 25%=0.7201077938079834, 50%=0.7294204235076904, 75%=0.7378320097923279, 90%=0.7462834715843201, 95%=0.7500114440917969, 98%=0.752203643321991
ranking_best_algo: Tabu
ranking_best_score: 0.7429702712499999
ranking_my_rank: 2/504 (99.8%)
ranking_my_percent: 99.8015873015873
