ConfigName: kjsd__advperagentrankweighted__M6__L28__eps0p008__g0p0005__ds0p05__dm0p05
Problem: QUBO
Kernel: jsd
Advantage: peragentrankweighted
M: 6
lambda: 28
epsilon_svgd: 0.008
gamma: 0.0005
decay_start_ratio: 0.05
decay_min_factor: 0.05
bandwith_kernel: None
no_interact: False
avg_score: -2440.760009765625
median_score: -2438.0
std_score: 140.40408325195312
percentiles: 2%=-2726.06005859375, 5%=-2675.10009765625, 10%=-2615.89990234375, 25%=-2525.25, 50%=-2438.0, 75%=-2343.5, 90%=-2261.10009765625, 95%=-2192.89990234375, 98%=-2153.800048828125
ranking_best_algo: SVM1MetaModelLogNormal
ranking_best_score: 2605.14
ranking_my_rank: 88/504 (82.7%)
ranking_my_percent: 82.73809523809524
