ConfigName: krbf__advnormalizedfitness__M1__L8__eps0p015__g0p007__ds0p01__dm0p01
Problem: NK
Kernel: rbf
Advantage: normalizedfitness
M: 1
lambda: 8
epsilon_svgd: 0.015
gamma: 0.007
decay_start_ratio: 0.01
decay_min_factor: 0.01
bandwith_kernel: None
no_interact: False
avg_score: 0.7381283044815063
median_score: 0.7338792085647583
std_score: 0.029414912685751915
percentiles: 2%=0.6887475848197937, 5%=0.699085533618927, 10%=0.7032758593559265, 25%=0.7179223299026489, 50%=0.7338792085647583, 75%=0.7568866014480591, 90%=0.7670023441314697, 95%=0.8035240769386292, 98%=0.8044298887252808
ranking_best_algo: CMApara
ranking_best_score: 0.7459277895312499
ranking_my_rank: 63/504 (87.7%)
ranking_my_percent: 87.6984126984127
