ConfigName: kjsd__advperagentrankweighted__M3__L16__eps0p01__g0p0005__ds0p1__dm0p05
Problem: NK
Kernel: jsd
Advantage: peragentrankweighted
M: 3
lambda: 16
epsilon_svgd: 0.01
gamma: 0.0005
decay_start_ratio: 0.1
decay_min_factor: 0.05
bandwith_kernel: None
no_interact: False
avg_score: 0.7329666614532471
median_score: 0.7336481809616089
std_score: 0.009211600758135319
percentiles: 2%=0.7148752212524414, 5%=0.7165290117263794, 10%=0.7196029424667358, 25%=0.7272064685821533, 50%=0.7336481809616089, 75%=0.7389858365058899, 90%=0.744063138961792, 95%=0.74700528383255, 98%=0.7510143518447876
ranking_best_algo: PBIL
ranking_best_score: 0.730509098125
ranking_my_rank: 1/504 (100.0%)
ranking_my_percent: 100.0
