ConfigName: kjsd__advperagentrankweighted__M4__L30__eps0p005__g0p0003__ds0p05__dm0p05
Problem: QUBO
Kernel: jsd
Advantage: peragentrankweighted
M: 4
lambda: 30
epsilon_svgd: 0.005
gamma: 0.0003
decay_start_ratio: 0.05
decay_min_factor: 0.05
bandwith_kernel: None
no_interact: False
avg_score: -919.280029296875
median_score: -918.0
std_score: 65.69338989257812
percentiles: 2%=-1040.239990234375, 5%=-1026.050048828125, 10%=-1008.0999755859375, 25%=-965.25, 50%=-918.0, 75%=-875.75, 90%=-822.0, 95%=-807.6500244140625, 98%=-791.0
ranking_best_algo: CMAL3
ranking_best_score: 928.5800000000002
ranking_my_rank: 10/504 (98.2%)
ranking_my_percent: 98.21428571428571
