ConfigName: krbf__advnormalizedfitness__M4__L15__eps0p033__g0p005__ds0p01__dm0p3
Problem: QUBO
Kernel: rbf
Advantage: normalizedfitness
M: 4
lambda: 15
epsilon_svgd: 0.033
gamma: 0.005
decay_start_ratio: 0.01
decay_min_factor: 0.3
bandwith_kernel: None
no_interact: False
avg_score: -149.82000732421875
median_score: -149.5
std_score: 12.20358943939209
percentiles: 2%=-179.0, 5%=-179.0, 10%=-160.0, 25%=-155.25, 50%=-149.5, 75%=-141.0, 90%=-136.0, 95%=-134.90000915527344, 98%=-128.95999145507812
ranking_best_algo: CMApara
ranking_best_score: 154.28
ranking_my_rank: 76/504 (85.1%)
ranking_my_percent: 85.11904761904762
