ConfigName: krbf__advnormalizedfitness__M4__L8__eps0p025__g0p007__ds0p15__dm0p3
Problem: NK
Kernel: rbf
Advantage: normalizedfitness
M: 4
lambda: 8
epsilon_svgd: 0.025
gamma: 0.007
decay_start_ratio: 0.15
decay_min_factor: 0.3
bandwith_kernel: None
no_interact: False
avg_score: 0.7298938035964966
median_score: 0.7301340103149414
std_score: 0.014836013317108154
percentiles: 2%=0.7006227374076843, 5%=0.7067775130271912, 10%=0.7118040323257446, 25%=0.7184823751449585, 50%=0.7301340103149414, 75%=0.7402650117874146, 90%=0.7490721344947815, 95%=0.7550734281539917, 98%=0.760071873664856
ranking_best_algo: Tabu
ranking_best_score: 0.7601875690625
ranking_my_rank: 50/504 (90.3%)
ranking_my_percent: 90.27777777777777
