ConfigName: krbf__advnormalizedfitness__M4__L8__eps0p02__g0p005__ds0p15__dm0p05
Problem: QUBO
Kernel: rbf
Advantage: normalizedfitness
M: 4
lambda: 8
epsilon_svgd: 0.02
gamma: 0.005
decay_start_ratio: 0.15
decay_min_factor: 0.05
bandwith_kernel: None
no_interact: False
avg_score: -1192.1800537109375
median_score: -1176.5
std_score: 76.99004364013672
percentiles: 2%=-1366.1199951171875, 5%=-1332.199951171875, 10%=-1305.0999755859375, 25%=-1240.5, 50%=-1176.5, 75%=-1133.75, 90%=-1104.9000244140625, 95%=-1096.0, 98%=-1068.719970703125
ranking_best_algo: SVMMetaModelLogNormal
ranking_best_score: 1233.7999999999997
ranking_my_rank: 58/504 (88.7%)
ranking_my_percent: 88.69047619047619
