ConfigName: kjsd__advperagentrankweighted__M3__L16__eps0p01__g0p0005__ds0p1__dm0p1
Problem: NK
Kernel: jsd
Advantage: peragentrankweighted
M: 3
lambda: 16
epsilon_svgd: 0.01
gamma: 0.0005
decay_start_ratio: 0.1
decay_min_factor: 0.1
bandwith_kernel: None
no_interact: False
avg_score: 0.7059684991836548
median_score: 0.7084639072418213
std_score: 0.011991198174655437
percentiles: 2%=0.6850579977035522, 5%=0.6868196725845337, 10%=0.6905616521835327, 25%=0.6946271657943726, 50%=0.7084639072418213, 75%=0.716189980506897, 90%=0.7194733023643494, 95%=0.7222632765769958, 98%=0.7228158712387085
ranking_best_algo: PBIL
ranking_best_score: 0.7013553837109374
ranking_my_rank: 1/504 (100.0%)
ranking_my_percent: 100.0
