ConfigName: krbf__advnormalizedfitness__M4__L12__eps0p033__g0p015__ds0p01__dm0p01
Problem: QUBO
Kernel: rbf
Advantage: normalizedfitness
M: 4
lambda: 12
epsilon_svgd: 0.033
gamma: 0.015
decay_start_ratio: 0.01
decay_min_factor: 0.01
bandwith_kernel: None
no_interact: False
avg_score: -435.9200134277344
median_score: -440.5
std_score: 25.042236328125
percentiles: 2%=-475.0799865722656, 5%=-471.04998779296875, 10%=-468.0, 25%=-455.25, 50%=-440.5, 75%=-416.75, 90%=-402.8999938964844, 95%=-391.95001220703125, 98%=-386.97998046875
ranking_best_algo: CMApara
ranking_best_score: 453.82
ranking_my_rank: 30/504 (94.2%)
ranking_my_percent: 94.24603174603175
