ConfigName: kjsd__advperagentrankweighted__M4__L20__eps0p007__g0p0005__ds0p2__dm0p05
Problem: QUBO
Kernel: jsd
Advantage: peragentrankweighted
M: 4
lambda: 20
epsilon_svgd: 0.007
gamma: 0.0005
decay_start_ratio: 0.2
decay_min_factor: 0.05
bandwith_kernel: None
no_interact: False
avg_score: -3291.52001953125
median_score: -3287.0
std_score: 118.73873901367188
percentiles: 2%=-3592.0400390625, 5%=-3488.14990234375, 10%=-3449.10009765625, 25%=-3351.0, 50%=-3287.0, 75%=-3226.25, 90%=-3143.699951171875, 95%=-3118.199951171875, 98%=-3062.820068359375
ranking_best_algo: RLSOnePlusOne
ranking_best_score: 3316.5199999999995
ranking_my_rank: 3/504 (99.6%)
ranking_my_percent: 99.60317460317461
