ConfigName: kjsd__advperagentrankweighted__M3__L16__eps0p007__g0p003__ds0p1__dm0p2
Problem: QUBO
Kernel: jsd
Advantage: peragentrankweighted
M: 3
lambda: 16
epsilon_svgd: 0.007
gamma: 0.003
decay_start_ratio: 0.1
decay_min_factor: 0.2
bandwith_kernel: None
no_interact: False
avg_score: -567.7999877929688
median_score: -566.0
std_score: 34.29868698120117
percentiles: 2%=-633.2000122070312, 5%=-619.2000122070312, 10%=-611.0, 25%=-594.0, 50%=-566.0, 75%=-547.0, 90%=-520.7999877929688, 95%=-511.3999938964844, 98%=-494.94000244140625
ranking_best_algo: Tabu
ranking_best_score: 588.7199999999999
ranking_my_rank: 81/503 (84.1%)
ranking_my_percent: 84.09542743538768
