ConfigName: kjsd__advperagentrankweighted__M3__L18__eps0p01__g0p001__ds0p2__dm0p1
Problem: NK
Kernel: jsd
Advantage: peragentrankweighted
M: 3
lambda: 18
epsilon_svgd: 0.01
gamma: 0.001
decay_start_ratio: 0.2
decay_min_factor: 0.1
bandwith_kernel: None
no_interact: False
avg_score: 0.755709707736969
median_score: 0.7553148865699768
std_score: 0.013535017147660255
percentiles: 2%=0.7287427186965942, 5%=0.734044075012207, 10%=0.7394418716430664, 25%=0.7471151351928711, 50%=0.7553148865699768, 75%=0.7649074792861938, 90%=0.7731953263282776, 95%=0.7768458127975464, 98%=0.7803511023521423
ranking_best_algo: Tabu
ranking_best_score: 0.7470791764843752
ranking_my_rank: 1/504 (100.0%)
ranking_my_percent: 100.0
