ConfigName: krbf__advnormalizedfitness__M4__L15__eps0p025__g0p01__ds0p15__dm0p3
Problem: NK
Kernel: rbf
Advantage: normalizedfitness
M: 4
lambda: 15
epsilon_svgd: 0.025
gamma: 0.01
decay_start_ratio: 0.15
decay_min_factor: 0.3
bandwith_kernel: None
no_interact: False
avg_score: 0.7203644514083862
median_score: 0.7199567556381226
std_score: 0.02050022967159748
percentiles: 2%=0.6745984554290771, 5%=0.6802064180374146, 10%=0.6955164670944214, 25%=0.7085825800895691, 50%=0.7199567556381226, 75%=0.7371525764465332, 90%=0.7454577684402466, 95%=0.7514963746070862, 98%=0.7546818256378174
ranking_best_algo: Tabu
ranking_best_score: 0.7657846284375001
ranking_my_rank: 278/504 (45.0%)
ranking_my_percent: 45.03968253968254
