ConfigName: kjsd__advperagentrankweighted__M5__L24__eps0p005__g0p0005__ds0p3__dm0p05
Problem: NK
Kernel: jsd
Advantage: peragentrankweighted
M: 5
lambda: 24
epsilon_svgd: 0.005
gamma: 0.0005
decay_start_ratio: 0.3
decay_min_factor: 0.05
bandwith_kernel: None
no_interact: False
avg_score: 0.7065732479095459
median_score: 0.7079377770423889
std_score: 0.01226390153169632
percentiles: 2%=0.6857660412788391, 5%=0.6881614327430725, 10%=0.691175639629364, 25%=0.6947917342185974, 50%=0.7079377770423889, 75%=0.718326985836029, 90%=0.7215326428413391, 95%=0.7236025333404541, 98%=0.7244154810905457
ranking_best_algo: PBIL
ranking_best_score: 0.7013553837109374
ranking_my_rank: 1/504 (100.0%)
ranking_my_percent: 100.0
