ConfigName: krbf__advnormalizedfitness__M3__L12__eps0p015__g0p015__ds0p3__dm0p01
Problem: NK
Kernel: rbf
Advantage: normalizedfitness
M: 3
lambda: 12
epsilon_svgd: 0.015
gamma: 0.015
decay_start_ratio: 0.3
decay_min_factor: 0.01
bandwith_kernel: None
no_interact: False
avg_score: 0.7075037360191345
median_score: 0.7083395719528198
std_score: 0.015293288044631481
percentiles: 2%=0.6689978837966919, 5%=0.6708808541297913, 10%=0.6950400471687317, 25%=0.7037907838821411, 50%=0.7083395719528198, 75%=0.717170238494873, 90%=0.72455233335495, 95%=0.729691207408905, 98%=0.7303269505500793
ranking_best_algo: CMApara
ranking_best_score: 0.707475975
ranking_my_rank: 1/504 (100.0%)
ranking_my_percent: 100.0
