ConfigName: kfr__advglobalrankweighted__M4__L9__eps0p015__g0p003__ds0p01__dm0p01
Problem: QUBO
Kernel: fr
Advantage: globalrankweighted
M: 4
lambda: 9
epsilon_svgd: 0.015
gamma: 0.003
decay_start_ratio: 0.01
decay_min_factor: 0.01
bandwith_kernel: None
no_interact: False
avg_score: -200.67999267578125
median_score: -201.5
std_score: 13.593292236328125
percentiles: 2%=-224.0, 5%=-224.0, 10%=-218.10000610351562, 25%=-209.5, 50%=-201.5, 75%=-192.0, 90%=-181.0, 95%=-179.85000610351562, 98%=-175.9600067138672
ranking_best_algo: Tabu
ranking_best_score: 208.36000000000004
ranking_my_rank: 45/504 (91.3%)
ranking_my_percent: 91.26984126984127
