ConfigName: kjsd__advperagentrankweighted__M5__L10__eps0p005__g0p003__ds0p4__dm0p2
Problem: QUBO
Kernel: jsd
Advantage: peragentrankweighted
M: 5
lambda: 10
epsilon_svgd: 0.005
gamma: 0.003
decay_start_ratio: 0.4
decay_min_factor: 0.2
bandwith_kernel: None
no_interact: False
avg_score: -359.44000244140625
median_score: -357.5
std_score: 36.92704391479492
percentiles: 2%=-431.20001220703125, 5%=-417.0, 10%=-411.20001220703125, 25%=-385.25, 50%=-357.5, 75%=-330.75, 90%=-316.29998779296875, 95%=-296.8500061035156, 98%=-287.9599914550781
ranking_best_algo: CMAL3
ranking_best_score: 435.36
ranking_my_rank: 325/504 (35.7%)
ranking_my_percent: 35.714285714285715
