ConfigName: krbf__advnormalizedfitness__M2__L8__eps0p033__g0p01__ds0p15__dm0p01
Problem: QUBO
Kernel: rbf
Advantage: normalizedfitness
M: 2
lambda: 8
epsilon_svgd: 0.033
gamma: 0.01
decay_start_ratio: 0.15
decay_min_factor: 0.01
bandwith_kernel: None
no_interact: False
avg_score: -2560.02001953125
median_score: -2542.0
std_score: 132.4145050048828
percentiles: 2%=-2823.02001953125, 5%=-2796.050048828125, 10%=-2772.199951171875, 25%=-2655.0, 50%=-2542.0, 75%=-2465.25, 90%=-2395.5, 95%=-2368.64990234375, 98%=-2333.47998046875
ranking_best_algo: SVM1MetaModelLogNormal
ranking_best_score: 2605.14
ranking_my_rank: 40/504 (92.3%)
ranking_my_percent: 92.26190476190476
