ConfigName: kfr__advglobalrankweighted__M2__L7__eps0p02__g0p007__ds0p01__dm0p01
Problem: NK
Kernel: fr
Advantage: globalrankweighted
M: 2
lambda: 7
epsilon_svgd: 0.02
gamma: 0.007
decay_start_ratio: 0.01
decay_min_factor: 0.01
bandwith_kernel: None
no_interact: False
avg_score: 0.7192469239234924
median_score: 0.7183396220207214
std_score: 0.008056365884840488
percentiles: 2%=0.7066051363945007, 5%=0.7075768113136292, 10%=0.7092838287353516, 25%=0.7136502861976624, 50%=0.7183396220207214, 75%=0.723936915397644, 90%=0.7299344539642334, 95%=0.7332509160041809, 98%=0.7357122302055359
ranking_best_algo: PBIL
ranking_best_score: 0.7170882103515624
ranking_my_rank: 1/504 (100.0%)
ranking_my_percent: 100.0
