ConfigName: kjsd__advperagentrankweighted__M4__L10__eps0p005__g0p0005__ds0p05__dm0p05
Problem: QUBO
Kernel: jsd
Advantage: peragentrankweighted
M: 4
lambda: 10
epsilon_svgd: 0.005
gamma: 0.0005
decay_start_ratio: 0.05
decay_min_factor: 0.05
bandwith_kernel: None
no_interact: False
avg_score: -2615.93994140625
median_score: -2606.0
std_score: 106.20637512207031
percentiles: 2%=-2809.1201171875, 5%=-2792.050048828125, 10%=-2761.60009765625, 25%=-2688.0, 50%=-2606.0, 75%=-2537.5, 90%=-2489.0, 95%=-2455.35009765625, 98%=-2426.580078125
ranking_best_algo: SVM1MetaModelLogNormal
ranking_best_score: 2605.14
ranking_my_rank: 1/504 (100.0%)
ranking_my_percent: 100.0
