ConfigName: krbf__advnormalizedfitness__M3__L8__eps0p033__g0p015__ds0p01__dm0p3
Problem: QUBO
Kernel: rbf
Advantage: normalizedfitness
M: 3
lambda: 8
epsilon_svgd: 0.033
gamma: 0.015
decay_start_ratio: 0.01
decay_min_factor: 0.3
bandwith_kernel: None
no_interact: False
avg_score: -1151.3800048828125
median_score: -1142.5
std_score: 70.86490631103516
percentiles: 2%=-1285.1199951171875, 5%=-1264.199951171875, 10%=-1249.0, 25%=-1208.0, 50%=-1142.5, 75%=-1106.0, 90%=-1060.5999755859375, 95%=-1038.8499755859375, 98%=-1016.9199829101562
ranking_best_algo: SVMMetaModelLogNormal
ranking_best_score: 1233.7999999999997
ranking_my_rank: 92/504 (81.9%)
ranking_my_percent: 81.94444444444444
