ConfigName: krbf__advnormalizedfitness__M3__L8__eps0p025__g0p01__ds0p15__dm0p01
Problem: QUBO
Kernel: rbf
Advantage: normalizedfitness
M: 3
lambda: 8
epsilon_svgd: 0.025
gamma: 0.01
decay_start_ratio: 0.15
decay_min_factor: 0.01
bandwith_kernel: None
no_interact: False
avg_score: -579.780029296875
median_score: -579.0
std_score: 30.72314453125
percentiles: 2%=-639.1199951171875, 5%=-635.0499877929688, 10%=-615.5999755859375, 25%=-601.25, 50%=-579.0, 75%=-557.0, 90%=-544.9000244140625, 95%=-534.3500366210938, 98%=-516.97998046875
ranking_best_algo: Tabu
ranking_best_score: 588.7199999999999
ranking_my_rank: 40/503 (92.2%)
ranking_my_percent: 92.2465208747515
