ConfigName: krbf__advnormalizedfitness__M4__L8__eps0p033__g0p005__ds0p3__dm0p01
Problem: NK
Kernel: rbf
Advantage: normalizedfitness
M: 4
lambda: 8
epsilon_svgd: 0.033
gamma: 0.005
decay_start_ratio: 0.3
decay_min_factor: 0.01
bandwith_kernel: None
no_interact: False
avg_score: 0.754859209060669
median_score: 0.7538242340087891
std_score: 0.011843860149383545
percentiles: 2%=0.7347768545150757, 5%=0.7373160123825073, 10%=0.7400848269462585, 25%=0.7450839877128601, 50%=0.7538242340087891, 75%=0.7630797624588013, 90%=0.7721011638641357, 95%=0.7745803594589233, 98%=0.7809457778930664
ranking_best_algo: Tabu
ranking_best_score: 0.7470791764843752
ranking_my_rank: 1/504 (100.0%)
ranking_my_percent: 100.0
