ConfigName: kjsd__advperagentrankweighted__M5__L8__eps0p03__g0p0005__ds0p2__dm0p05
Problem: NK
Kernel: jsd
Advantage: peragentrankweighted
M: 5
lambda: 8
epsilon_svgd: 0.03
gamma: 0.0005
decay_start_ratio: 0.2
decay_min_factor: 0.05
bandwith_kernel: None
no_interact: False
avg_score: 0.7396999597549438
median_score: 0.7372392416000366
std_score: 0.028871484100818634
percentiles: 2%=0.6962866187095642, 5%=0.7008459568023682, 10%=0.7094652056694031, 25%=0.7197531461715698, 50%=0.7372392416000366, 75%=0.7508119344711304, 90%=0.7750918865203857, 95%=0.8044298887252808, 98%=0.8118547797203064
ranking_best_algo: CMApara
ranking_best_score: 0.7459277895312499
ranking_my_rank: 53/504 (89.7%)
ranking_my_percent: 89.68253968253968
