ConfigName: kjsd__advperagentrankweighted__M5__L8__eps0p005__g0p0005__ds0p05__dm0p05
Problem: NK
Kernel: jsd
Advantage: peragentrankweighted
M: 5
lambda: 8
epsilon_svgd: 0.005
gamma: 0.0005
decay_start_ratio: 0.05
decay_min_factor: 0.05
bandwith_kernel: None
no_interact: False
avg_score: 0.7427369952201843
median_score: 0.7416573762893677
std_score: 0.013771719299256802
percentiles: 2%=0.7159157991409302, 5%=0.7218173742294312, 10%=0.7282128930091858, 25%=0.7348628044128418, 50%=0.7416573762893677, 75%=0.749660074710846, 90%=0.7594584226608276, 95%=0.7700741291046143, 98%=0.7759338617324829
ranking_best_algo: Tabu
ranking_best_score: 0.7601875690625
ranking_my_rank: 10/504 (98.2%)
ranking_my_percent: 98.21428571428571
