ConfigName: kjsd__advperagentrankweighted__M5__L8__eps0p01__g0p003__ds0p05__dm0p2
Problem: NK
Kernel: jsd
Advantage: peragentrankweighted
M: 5
lambda: 8
epsilon_svgd: 0.01
gamma: 0.003
decay_start_ratio: 0.05
decay_min_factor: 0.2
bandwith_kernel: None
no_interact: False
avg_score: 0.7293698191642761
median_score: 0.7305672764778137
std_score: 0.010044892318546772
percentiles: 2%=0.7100642919540405, 5%=0.710485577583313, 10%=0.7159131169319153, 25%=0.7222753763198853, 50%=0.7305672764778137, 75%=0.7369744777679443, 90%=0.742580771446228, 95%=0.7433412075042725, 98%=0.7452275156974792
ranking_best_algo: PBIL
ranking_best_score: 0.7248786399609374
ranking_my_rank: 1/504 (100.0%)
ranking_my_percent: 100.0
