ConfigName: kjsd__advperagentrankweighted__M3__L18__eps0p01__g0p003__ds0p05__dm0p05
Problem: QUBO
Kernel: jsd
Advantage: peragentrankweighted
M: 3
lambda: 18
epsilon_svgd: 0.01
gamma: 0.003
decay_start_ratio: 0.05
decay_min_factor: 0.05
bandwith_kernel: None
no_interact: False
avg_score: -412.94000244140625
median_score: -414.0
std_score: 24.832969665527344
percentiles: 2%=-452.1000061035156, 5%=-450.1000061035156, 10%=-440.1000061035156, 25%=-431.25, 50%=-414.0, 75%=-397.5, 90%=-383.79998779296875, 95%=-375.70001220703125, 98%=-356.7799987792969
ranking_best_algo: Tabu
ranking_best_score: 438.12
ranking_my_rank: 64/504 (87.5%)
ranking_my_percent: 87.5
