ConfigName: kjsd__advperagentrankweighted__M5__L24__eps0p02__g0p0007__ds0p05__dm0p05
Problem: QUBO
Kernel: jsd
Advantage: peragentrankweighted
M: 5
lambda: 24
epsilon_svgd: 0.02
gamma: 0.0007
decay_start_ratio: 0.05
decay_min_factor: 0.05
bandwith_kernel: None
no_interact: False
avg_score: -311.05999755859375
median_score: -313.0
std_score: 39.85218048095703
percentiles: 2%=-394.0400085449219, 5%=-388.20001220703125, 10%=-357.0, 25%=-340.0, 50%=-313.0, 75%=-274.75, 90%=-263.8999938964844, 95%=-255.8000030517578, 98%=-247.9600067138672
ranking_best_algo: CMApara
ranking_best_score: 319.29999999999995
ranking_my_rank: 39/504 (92.5%)
ranking_my_percent: 92.46031746031746
