ConfigName: krbf__advnormalizedfitness__M4__L8__eps0p033__g0p01__ds0p3__dm0p01
Problem: NK
Kernel: rbf
Advantage: normalizedfitness
M: 4
lambda: 8
epsilon_svgd: 0.033
gamma: 0.01
decay_start_ratio: 0.3
decay_min_factor: 0.01
bandwith_kernel: None
no_interact: False
avg_score: 0.7445768713951111
median_score: 0.7425757050514221
std_score: 0.028901586309075356
percentiles: 2%=0.6952740550041199, 5%=0.7052220702171326, 10%=0.7107577919960022, 25%=0.7219106554985046, 50%=0.7425757050514221, 75%=0.7580187320709229, 90%=0.778337299823761, 95%=0.8048378229141235, 98%=0.8118547797203064
ranking_best_algo: CMApara
ranking_best_score: 0.7459277895312499
ranking_my_rank: 3/504 (99.6%)
ranking_my_percent: 99.60317460317461
