ConfigName: kjsd__advperagentrankweighted__M3__L18__eps0p007__g0p001__ds0p05__dm0p1
Problem: QUBO
Kernel: jsd
Advantage: peragentrankweighted
M: 3
lambda: 18
epsilon_svgd: 0.007
gamma: 0.001
decay_start_ratio: 0.05
decay_min_factor: 0.1
bandwith_kernel: None
no_interact: False
avg_score: -1621.9599609375
median_score: -1621.0
std_score: 61.723079681396484
percentiles: 2%=-1745.6800537109375, 5%=-1727.0, 10%=-1701.5, 25%=-1652.75, 50%=-1621.0, 75%=-1582.5, 90%=-1546.5999755859375, 95%=-1512.4000244140625, 98%=-1494.8800048828125
ranking_best_algo: NLOPT_LN_PRAXIS
ranking_best_score: 1607.12
ranking_my_rank: 1/504 (100.0%)
ranking_my_percent: 100.0
