ConfigName: kjsd__advperagentrankweighted__M8__L8__eps0p005__g0p0005__ds0p05__dm0p05
Problem: QUBO
Kernel: jsd
Advantage: peragentrankweighted
M: 8
lambda: 8
epsilon_svgd: 0.005
gamma: 0.0005
decay_start_ratio: 0.05
decay_min_factor: 0.05
bandwith_kernel: None
no_interact: False
avg_score: -948.239990234375
median_score: -939.5
std_score: 63.82039260864258
percentiles: 2%=-1072.0400390625, 5%=-1059.0999755859375, 10%=-1044.0999755859375, 25%=-998.5, 50%=-939.5, 75%=-895.25, 90%=-874.7999877929688, 95%=-858.9500122070312, 98%=-852.5599975585938
ranking_best_algo: CMApara
ranking_best_score: 964.9
ranking_my_rank: 2/504 (99.8%)
ranking_my_percent: 99.8015873015873
