ConfigName: kjsd__advperagentrankweighted__M5__L8__eps0p01__g0p0005__ds0p4__dm0p2
Problem: NK
Kernel: jsd
Advantage: peragentrankweighted
M: 5
lambda: 8
epsilon_svgd: 0.01
gamma: 0.0005
decay_start_ratio: 0.4
decay_min_factor: 0.2
bandwith_kernel: None
no_interact: False
avg_score: 0.7385748028755188
median_score: 0.7381017208099365
std_score: 0.009066326543688774
percentiles: 2%=0.7241687774658203, 5%=0.7255566120147705, 10%=0.7274721264839172, 25%=0.7316803932189941, 50%=0.7381017208099365, 75%=0.7440828084945679, 90%=0.7516347169876099, 95%=0.7546079754829407, 98%=0.7562954425811768
ranking_best_algo: PBIL
ranking_best_score: 0.733570253046875
ranking_my_rank: 1/504 (100.0%)
ranking_my_percent: 100.0
