ConfigName: kjsd__advperagentrankweighted__M10__L24__eps0p005__g0p0005__ds0p05__dm0p05
Problem: NK
Kernel: jsd
Advantage: peragentrankweighted
M: 10
lambda: 24
epsilon_svgd: 0.005
gamma: 0.0005
decay_start_ratio: 0.05
decay_min_factor: 0.05
bandwith_kernel: None
no_interact: False
avg_score: 0.7190268039703369
median_score: 0.7211747169494629
std_score: 0.013357806019484997
percentiles: 2%=0.6914774775505066, 5%=0.6930075883865356, 10%=0.698440432548523, 25%=0.7111085653305054, 50%=0.7211747169494629, 75%=0.7272166609764099, 90%=0.7365738749504089, 95%=0.7403904795646667, 98%=0.7428227663040161
ranking_best_algo: PBIL
ranking_best_score: 0.730509098125
ranking_my_rank: 83/504 (83.7%)
ranking_my_percent: 83.73015873015873
