ConfigName: krbf__advnormalizedfitness__M3__L8__eps0p025__g0p015__ds0p15__dm0p01
Problem: QUBO
Kernel: rbf
Advantage: normalizedfitness
M: 3
lambda: 8
epsilon_svgd: 0.025
gamma: 0.015
decay_start_ratio: 0.15
decay_min_factor: 0.01
bandwith_kernel: None
no_interact: False
avg_score: -3110.419921875
median_score: -3130.0
std_score: 186.3150634765625
percentiles: 2%=-3458.159912109375, 5%=-3408.25, 10%=-3345.300048828125, 25%=-3241.5, 50%=-3130.0, 75%=-2943.25, 90%=-2876.699951171875, 95%=-2837.5, 98%=-2794.259765625
ranking_best_algo: RLSOnePlusOne
ranking_best_score: 3316.5199999999995
ranking_my_rank: 80/504 (84.3%)
ranking_my_percent: 84.32539682539682
