ConfigName: kjsd__advperagentrankweighted__M3__L20__eps0p007__g0p0005__ds0p2__dm0p1
Problem: QUBO
Kernel: jsd
Advantage: peragentrankweighted
M: 3
lambda: 20
epsilon_svgd: 0.007
gamma: 0.0005
decay_start_ratio: 0.2
decay_min_factor: 0.1
bandwith_kernel: None
no_interact: False
avg_score: -413.1199951171875
median_score: -415.0
std_score: 27.350786209106445
percentiles: 2%=-465.0400085449219, 5%=-455.1000061035156, 10%=-452.0, 25%=-433.25, 50%=-415.0, 75%=-396.0, 90%=-379.79998779296875, 95%=-371.79998779296875, 98%=-356.0
ranking_best_algo: Tabu
ranking_best_score: 438.12
ranking_my_rank: 59/504 (88.5%)
ranking_my_percent: 88.4920634920635
