ConfigName: krbf__advnormalizedfitness__M1__L8__eps0p025__g0p015__ds0p01__dm0p01
Problem: QUBO
Kernel: rbf
Advantage: normalizedfitness
M: 1
lambda: 8
epsilon_svgd: 0.025
gamma: 0.015
decay_start_ratio: 0.01
decay_min_factor: 0.01
bandwith_kernel: None
no_interact: False
avg_score: -2585.93994140625
median_score: -2583.5
std_score: 130.80856323242188
percentiles: 2%=-2818.10009765625, 5%=-2796.39990234375, 10%=-2768.60009765625, 25%=-2692.5, 50%=-2583.5, 75%=-2479.25, 90%=-2428.0, 95%=-2388.050048828125, 98%=-2346.939697265625
ranking_best_algo: SVM1MetaModelLogNormal
ranking_best_score: 2605.14
ranking_my_rank: 12/504 (97.8%)
ranking_my_percent: 97.81746031746032
