ConfigName: kjsd__advperagentrankweighted__M3__L16__eps0p007__g0p001__ds0p05__dm0p1
Problem: QUBO
Kernel: jsd
Advantage: peragentrankweighted
M: 3
lambda: 16
epsilon_svgd: 0.007
gamma: 0.001
decay_start_ratio: 0.05
decay_min_factor: 0.1
bandwith_kernel: None
no_interact: False
avg_score: -934.260009765625
median_score: -921.0
std_score: 75.02794647216797
percentiles: 2%=-1076.0400390625, 5%=-1063.1500244140625, 10%=-1036.300048828125, 25%=-980.5, 50%=-921.0, 75%=-883.75, 90%=-848.5, 95%=-803.0, 98%=-794.5599975585938
ranking_best_algo: CMApara
ranking_best_score: 964.9
ranking_my_rank: 17/504 (96.8%)
ranking_my_percent: 96.82539682539682
