ConfigName: kjsd__advperagentrankweighted__M3__L20__eps0p005__g0p0005__ds0p2__dm0p1
Problem: NK
Kernel: jsd
Advantage: peragentrankweighted
M: 3
lambda: 20
epsilon_svgd: 0.005
gamma: 0.0005
decay_start_ratio: 0.2
decay_min_factor: 0.1
bandwith_kernel: None
no_interact: False
avg_score: 0.756207287311554
median_score: 0.7556747198104858
std_score: 0.011551895178854465
percentiles: 2%=0.7377158403396606, 5%=0.7390733957290649, 10%=0.7431736588478088, 25%=0.7466673851013184, 50%=0.7556747198104858, 75%=0.7650506496429443, 90%=0.771776556968689, 95%=0.774714469909668, 98%=0.7781020402908325
ranking_best_algo: Tabu
ranking_best_score: 0.7470791764843752
ranking_my_rank: 1/504 (100.0%)
ranking_my_percent: 100.0
