ConfigName: kjsd__advperagentrankweighted__M5__L12__eps0p03__g0p0003__ds0p2__dm0p05
Problem: NK
Kernel: jsd
Advantage: peragentrankweighted
M: 5
lambda: 12
epsilon_svgd: 0.03
gamma: 0.0003
decay_start_ratio: 0.2
decay_min_factor: 0.05
bandwith_kernel: None
no_interact: False
avg_score: 0.7240943312644958
median_score: 0.7234929203987122
std_score: 0.014931580051779747
percentiles: 2%=0.69675612449646, 5%=0.7020578384399414, 10%=0.7065316438674927, 25%=0.7136823534965515, 50%=0.7234929203987122, 75%=0.733455240726471, 90%=0.7414736747741699, 95%=0.7480566501617432, 98%=0.7570008039474487
ranking_best_algo: Tabu
ranking_best_score: 0.7601875690625
ranking_my_rank: 121/504 (76.2%)
ranking_my_percent: 76.19047619047619
