ConfigName: kjsd__advperagentrankweighted__M4__L12__eps0p005__g0p001__ds0p05__dm0p2
Problem: QUBO
Kernel: jsd
Advantage: peragentrankweighted
M: 4
lambda: 12
epsilon_svgd: 0.005
gamma: 0.001
decay_start_ratio: 0.05
decay_min_factor: 0.2
bandwith_kernel: None
no_interact: False
avg_score: -1291.06005859375
median_score: -1291.5
std_score: 58.176082611083984
percentiles: 2%=-1415.239990234375, 5%=-1395.0, 10%=-1366.0, 25%=-1326.5, 50%=-1291.5, 75%=-1245.0, 90%=-1217.0, 95%=-1207.5999755859375, 98%=-1178.9200439453125
ranking_best_algo: BigLognormalDiscreteOnePlusOne
ranking_best_score: 1301.3600000000004
ranking_my_rank: 2/504 (99.8%)
ranking_my_percent: 99.8015873015873
