ConfigName: krbf__advnormalizedfitness__M4__L8__eps0p033__g0p007__ds0p3__dm0p3
Problem: NK
Kernel: rbf
Advantage: normalizedfitness
M: 4
lambda: 8
epsilon_svgd: 0.033
gamma: 0.007
decay_start_ratio: 0.3
decay_min_factor: 0.3
bandwith_kernel: None
no_interact: False
avg_score: 0.7373724579811096
median_score: 0.7378196716308594
std_score: 0.008563095703721046
percentiles: 2%=0.7211707234382629, 5%=0.7223184108734131, 10%=0.7255445122718811, 25%=0.7321726083755493, 50%=0.7378196716308594, 75%=0.7442763447761536, 90%=0.7475090026855469, 95%=0.7503578066825867, 98%=0.7530087828636169
ranking_best_algo: PBIL
ranking_best_score: 0.730509098125
ranking_my_rank: 1/504 (100.0%)
ranking_my_percent: 100.0
