ConfigName: kjsd__advperagentrankweighted__M3__L20__eps0p005__g0p0007__ds0p2__dm0p2
Problem: QUBO
Kernel: jsd
Advantage: peragentrankweighted
M: 3
lambda: 20
epsilon_svgd: 0.005
gamma: 0.0007
decay_start_ratio: 0.2
decay_min_factor: 0.2
bandwith_kernel: None
no_interact: False
avg_score: -425.20001220703125
median_score: -427.5
std_score: 30.184764862060547
percentiles: 2%=-473.0799865722656, 5%=-469.1000061035156, 10%=-464.29998779296875, 25%=-446.0, 50%=-427.5, 75%=-407.0, 90%=-388.79998779296875, 95%=-374.95001220703125, 98%=-367.32000732421875
ranking_best_algo: CMAL3
ranking_best_score: 435.36
ranking_my_rank: 29/504 (94.4%)
ranking_my_percent: 94.44444444444444
