ConfigName: kfr__advglobalrankweighted__M2__L10__eps0p02__g0p005__ds0p01__dm0p01
Problem: QUBO
Kernel: fr
Advantage: globalrankweighted
M: 2
lambda: 10
epsilon_svgd: 0.02
gamma: 0.005
decay_start_ratio: 0.01
decay_min_factor: 0.01
bandwith_kernel: None
no_interact: False
avg_score: -567.52001953125
median_score: -571.5
std_score: 32.18461608886719
percentiles: 2%=-621.0399780273438, 5%=-617.0, 10%=-609.0, 25%=-591.75, 50%=-571.5, 75%=-545.5, 90%=-523.9000244140625, 95%=-508.95001220703125, 98%=-502.89996337890625
ranking_best_algo: Tabu
ranking_best_score: 588.7199999999999
ranking_my_rank: 81/503 (84.1%)
ranking_my_percent: 84.09542743538768
