ConfigName: kjsd__advperagentrankweighted__M4__L8__eps0p005__g0p0003__ds0p05__dm0p05
Problem: NK
Kernel: jsd
Advantage: peragentrankweighted
M: 4
lambda: 8
epsilon_svgd: 0.005
gamma: 0.0003
decay_start_ratio: 0.05
decay_min_factor: 0.05
bandwith_kernel: None
no_interact: False
avg_score: 0.7087568640708923
median_score: 0.7103604674339294
std_score: 0.015519611537456512
percentiles: 2%=0.6688750982284546, 5%=0.6707488894462585, 10%=0.6906017065048218, 25%=0.7053906321525574, 50%=0.7103604674339294, 75%=0.7179050445556641, 90%=0.7244407534599304, 95%=0.7307266592979431, 98%=0.7320808172225952
ranking_best_algo: CMApara
ranking_best_score: 0.707475975
ranking_my_rank: 1/504 (100.0%)
ranking_my_percent: 100.0
