ConfigName: kjsd__advperagentrankweighted__M3__L18__eps0p005__g0p003__ds0p2__dm0p05
Problem: QUBO
Kernel: jsd
Advantage: peragentrankweighted
M: 3
lambda: 18
epsilon_svgd: 0.005
gamma: 0.003
decay_start_ratio: 0.2
decay_min_factor: 0.05
bandwith_kernel: None
no_interact: False
avg_score: -909.8800048828125
median_score: -916.5
std_score: 72.45664978027344
percentiles: 2%=-1037.4599609375, 5%=-1019.4500122070312, 10%=-1000.0999755859375, 25%=-960.5, 50%=-916.5, 75%=-855.5, 90%=-822.7999877929688, 95%=-798.0999755859375, 98%=-755.0
ranking_best_algo: CMApara
ranking_best_score: 964.9
ranking_my_rank: 93/504 (81.7%)
ranking_my_percent: 81.74603174603175
