ConfigName: kjsd__advperagentrankweighted__M3__L20__eps0p007__g0p001__ds0p2__dm0p05
Problem: NK
Kernel: jsd
Advantage: peragentrankweighted
M: 3
lambda: 20
epsilon_svgd: 0.007
gamma: 0.001
decay_start_ratio: 0.2
decay_min_factor: 0.05
bandwith_kernel: None
no_interact: False
avg_score: 0.7355079054832458
median_score: 0.7370026707649231
std_score: 0.009460892528295517
percentiles: 2%=0.7163931131362915, 5%=0.7169743776321411, 10%=0.7205879092216492, 25%=0.729305624961853, 50%=0.7370026707649231, 75%=0.7437236309051514, 90%=0.7457271814346313, 95%=0.7469170093536377, 98%=0.7475790977478027
ranking_best_algo: PBIL
ranking_best_score: 0.7248786399609374
ranking_my_rank: 1/504 (100.0%)
ranking_my_percent: 100.0
