ConfigName: kjsd__advperagentrankweighted__M3__L18__eps0p005__g0p0005__ds0p2__dm0p05
Problem: NK
Kernel: jsd
Advantage: peragentrankweighted
M: 3
lambda: 18
epsilon_svgd: 0.005
gamma: 0.0005
decay_start_ratio: 0.2
decay_min_factor: 0.05
bandwith_kernel: None
no_interact: False
avg_score: 0.7561144828796387
median_score: 0.7544230222702026
std_score: 0.012306258082389832
percentiles: 2%=0.7320986390113831, 5%=0.7350397706031799, 10%=0.7430529594421387, 25%=0.7482090592384338, 50%=0.7544230222702026, 75%=0.762783944606781, 90%=0.774016797542572, 95%=0.7786243557929993, 98%=0.7822803258895874
ranking_best_algo: Tabu
ranking_best_score: 0.7470791764843752
ranking_my_rank: 1/504 (100.0%)
ranking_my_percent: 100.0
