ConfigName: krbf__advnormalizedfitness__M3__L10__eps0p025__g0p001__ds0p05__dm0p05
Problem: QUBO
Kernel: rbf
Advantage: normalizedfitness
M: 3
lambda: 10
epsilon_svgd: 0.025
gamma: 0.001
decay_start_ratio: 0.05
decay_min_factor: 0.05
bandwith_kernel: None
no_interact: False
avg_score: -318.7799987792969
median_score: -320.0
std_score: 24.90766143798828
percentiles: 2%=-372.0, 5%=-354.04998779296875, 10%=-349.1000061035156, 25%=-335.25, 50%=-320.0, 75%=-302.75, 90%=-285.79998779296875, 95%=-272.75, 98%=-265.94000244140625
ranking_best_algo: CMApara
ranking_best_score: 344.22
ranking_my_rank: 181/504 (64.3%)
ranking_my_percent: 64.28571428571429
