ConfigName: krbf__advnormalizedfitness__M4__L12__eps0p033__g0p005__ds0p3__dm0p01
Problem: QUBO
Kernel: rbf
Advantage: normalizedfitness
M: 4
lambda: 12
epsilon_svgd: 0.033
gamma: 0.005
decay_start_ratio: 0.3
decay_min_factor: 0.01
bandwith_kernel: None
no_interact: False
avg_score: -1190.0400390625
median_score: -1191.5
std_score: 67.95659637451172
percentiles: 2%=-1301.280029296875, 5%=-1284.699951171875, 10%=-1269.300048828125, 25%=-1242.25, 50%=-1191.5, 75%=-1145.25, 90%=-1094.4000244140625, 95%=-1072.9000244140625, 98%=-1054.919921875
ranking_best_algo: SVMMetaModelLogNormal
ranking_best_score: 1233.7999999999997
ranking_my_rank: 58/504 (88.7%)
ranking_my_percent: 88.69047619047619
