ConfigName: kjsd__advperagentrankweighted__M3__L18__eps0p007__g0p0007__ds0p05__dm0p05
Problem: QUBO
Kernel: jsd
Advantage: peragentrankweighted
M: 3
lambda: 18
epsilon_svgd: 0.007
gamma: 0.0007
decay_start_ratio: 0.05
decay_min_factor: 0.05
bandwith_kernel: None
no_interact: False
avg_score: -1304.47998046875
median_score: -1303.5
std_score: 60.151390075683594
percentiles: 2%=-1412.260009765625, 5%=-1403.0, 10%=-1400.0, 25%=-1341.5, 50%=-1303.5, 75%=-1264.0, 90%=-1229.0, 95%=-1210.5, 98%=-1195.0
ranking_best_algo: BigLognormalDiscreteOnePlusOne
ranking_best_score: 1301.3600000000004
ranking_my_rank: 1/504 (100.0%)
ranking_my_percent: 100.0
