ConfigName: krbf__advnormalizedfitness__M3__L15__eps0p025__g0p005__ds0p3__dm0p3
Problem: QUBO
Kernel: rbf
Advantage: normalizedfitness
M: 3
lambda: 15
epsilon_svgd: 0.025
gamma: 0.005
decay_start_ratio: 0.3
decay_min_factor: 0.3
bandwith_kernel: None
no_interact: False
avg_score: -2523.340087890625
median_score: -2520.0
std_score: 152.99844360351562
percentiles: 2%=-2843.199951171875, 5%=-2790.5, 10%=-2726.5, 25%=-2610.25, 50%=-2520.0, 75%=-2424.25, 90%=-2334.800048828125, 95%=-2261.400146484375, 98%=-2217.559814453125
ranking_best_algo: DiscreteLengler2OnePlusOne
ranking_best_score: 2617.04
ranking_my_rank: 61/504 (88.1%)
ranking_my_percent: 88.0952380952381
