ConfigName: kjsd__advperagentrankweighted__M2__L20__eps0p005__g0p0005__ds0p1__dm0p2
Problem: QUBO
Kernel: jsd
Advantage: peragentrankweighted
M: 2
lambda: 20
epsilon_svgd: 0.005
gamma: 0.0005
decay_start_ratio: 0.1
decay_min_factor: 0.2
bandwith_kernel: None
no_interact: False
avg_score: -405.5199890136719
median_score: -407.0
std_score: 27.64434051513672
percentiles: 2%=-455.20001220703125, 5%=-451.04998779296875, 10%=-440.0, 25%=-424.0, 50%=-407.0, 75%=-384.0, 90%=-370.0, 95%=-361.70001220703125, 98%=-352.0
ranking_best_algo: Tabu
ranking_best_score: 438.12
ranking_my_rank: 169/504 (66.7%)
ranking_my_percent: 66.66666666666667
