Problem: QUBO
Kernel: jsd
Advantage: peragentrankweighted
M: 10
lambda: 15
epsilon_svgd: 0.01
gamma: 0.0001
decay_start_ratio: 0.3
decay_min_factor: 0.5
bandwith_kernel: None
no_interact: False
avg_score: -436.1000061035156
median_score: -434.5
std_score: 23.266929626464844
percentiles: 2%=-481.1199951171875, 5%=-475.1000061035156, 10%=-465.20001220703125, 25%=-453.25, 50%=-434.5, 75%=-420.0, 90%=-405.8999938964844, 95%=-397.0, 98%=-390.9599914550781
ranking_best_algo: PPO-EDA
ranking_best_score: 437.12
ranking_my_rank: 2/505 (99.8%)
