ConfigName: kjsd__advperagentrankweighted__M4__L10__eps0p01__g0p0005__ds0p05__dm0p05
Problem: QUBO
Kernel: jsd
Advantage: peragentrankweighted
M: 4
lambda: 10
epsilon_svgd: 0.01
gamma: 0.0005
decay_start_ratio: 0.05
decay_min_factor: 0.05
bandwith_kernel: None
no_interact: False
avg_score: -439.6000061035156
median_score: -439.0
std_score: 26.117427825927734
percentiles: 2%=-485.05999755859375, 5%=-480.0, 10%=-473.1000061035156, 25%=-459.0, 50%=-439.0, 75%=-419.75, 90%=-409.8999938964844, 95%=-395.95001220703125, 98%=-381.9800109863281
ranking_best_algo: CMApara
ranking_best_score: 453.82
ranking_my_rank: 18/504 (96.6%)
ranking_my_percent: 96.62698412698413
