ConfigName: kjsd__advperagentrankweighted__M3__L18__eps0p007__g0p0007__ds0p2__dm0p05
Problem: QUBO
Kernel: jsd
Advantage: peragentrankweighted
M: 3
lambda: 18
epsilon_svgd: 0.007
gamma: 0.0007
decay_start_ratio: 0.2
decay_min_factor: 0.05
bandwith_kernel: None
no_interact: False
avg_score: -138.60000610351562
median_score: -140.0
std_score: 10.493807792663574
percentiles: 2%=-158.0, 5%=-157.0, 10%=-154.10000610351562, 25%=-145.0, 50%=-140.0, 75%=-131.75, 90%=-125.0, 95%=-122.9000015258789, 98%=-118.95999908447266
ranking_best_algo: DiscreteDE
ranking_best_score: 143.4
ranking_my_rank: 98/504 (80.8%)
ranking_my_percent: 80.75396825396825
