ConfigName: kjsd__advperagentrankweighted__M4__L10__eps0p005__g0p0005__ds0p05__dm0p05
Problem: QUBO
Kernel: jsd
Advantage: peragentrankweighted
M: 4
lambda: 10
epsilon_svgd: 0.005
gamma: 0.0005
decay_start_ratio: 0.05
decay_min_factor: 0.05
bandwith_kernel: None
no_interact: False
avg_score: -917.239990234375
median_score: -920.5
std_score: 65.2739028930664
percentiles: 2%=-1040.1600341796875, 5%=-1024.199951171875, 10%=-1007.2000122070312, 25%=-965.25, 50%=-920.5, 75%=-866.5, 90%=-832.2999877929688, 95%=-815.9500122070312, 98%=-808.9000244140625
ranking_best_algo: CMAL3
ranking_best_score: 928.5800000000002
ranking_my_rank: 14/504 (97.4%)
ranking_my_percent: 97.42063492063492
