ConfigName: krbf__advnormalizedfitness__M3__L8__eps0p015__g0p005__ds0p15__dm0p01
Problem: QUBO
Kernel: rbf
Advantage: normalizedfitness
M: 3
lambda: 8
epsilon_svgd: 0.015
gamma: 0.005
decay_start_ratio: 0.15
decay_min_factor: 0.01
bandwith_kernel: None
no_interact: False
avg_score: -1282.9200439453125
median_score: -1280.0
std_score: 65.03885650634766
percentiles: 2%=-1418.1800537109375, 5%=-1397.0999755859375, 10%=-1370.0999755859375, 25%=-1322.0, 50%=-1280.0, 75%=-1243.0, 90%=-1192.5, 95%=-1182.300048828125, 98%=-1162.639892578125
ranking_best_algo: BigLognormalDiscreteOnePlusOne
ranking_best_score: 1301.3600000000004
ranking_my_rank: 5/504 (99.2%)
ranking_my_percent: 99.2063492063492
