ConfigName: kfr__advglobalrankweighted__M4__L13__eps0p03__g0p005__ds0p01__dm0p01
Problem: NK
Kernel: fr
Advantage: globalrankweighted
M: 4
lambda: 13
epsilon_svgd: 0.03
gamma: 0.005
decay_start_ratio: 0.01
decay_min_factor: 0.01
bandwith_kernel: None
no_interact: False
avg_score: 0.7415114641189575
median_score: 0.7412574887275696
std_score: 0.013491789810359478
percentiles: 2%=0.715400218963623, 5%=0.7211453318595886, 10%=0.7252960205078125, 25%=0.7322081327438354, 50%=0.7412574887275696, 75%=0.7497552633285522, 90%=0.7565410137176514, 95%=0.7655574083328247, 98%=0.769811749458313
ranking_best_algo: Tabu
ranking_best_score: 0.7601875690625
ranking_my_rank: 12/504 (97.8%)
ranking_my_percent: 97.81746031746032
