ConfigName: krbf__advnormalizedfitness__M4__L8__eps0p033__g0p01__ds0p15__dm0p3
Problem: NK
Kernel: rbf
Advantage: normalizedfitness
M: 4
lambda: 8
epsilon_svgd: 0.033
gamma: 0.01
decay_start_ratio: 0.15
decay_min_factor: 0.3
bandwith_kernel: None
no_interact: False
avg_score: 0.7363538146018982
median_score: 0.736518383026123
std_score: 0.00902304146438837
percentiles: 2%=0.7175518274307251, 5%=0.7198972105979919, 10%=0.7230395674705505, 25%=0.731582522392273, 50%=0.736518383026123, 75%=0.7433880567550659, 90%=0.7469360828399658, 95%=0.7499217987060547, 98%=0.752329409122467
ranking_best_algo: PBIL
ranking_best_score: 0.730509098125
ranking_my_rank: 1/504 (100.0%)
ranking_my_percent: 100.0
