ConfigName: kfr__advglobalrankweighted__M6__L10__eps0p015__g0p003__ds0p01__dm0p01
Problem: QUBO
Kernel: fr
Advantage: globalrankweighted
M: 6
lambda: 10
epsilon_svgd: 0.015
gamma: 0.003
decay_start_ratio: 0.01
decay_min_factor: 0.01
bandwith_kernel: None
no_interact: False
avg_score: -416.4200134277344
median_score: -416.0
std_score: 25.149625778198242
percentiles: 2%=-469.0, 5%=-461.20001220703125, 10%=-452.0, 25%=-433.25, 50%=-416.0, 75%=-397.5, 90%=-385.6000061035156, 95%=-379.8000183105469, 98%=-375.8799743652344
ranking_best_algo: Tabu
ranking_best_score: 438.12
ranking_my_rank: 43/504 (91.7%)
ranking_my_percent: 91.66666666666667
