ConfigName: kjsd__advperagentrankweighted__M5__L8__eps0p01__g0p0005__ds0p4__dm0p2
Problem: NK
Kernel: jsd
Advantage: peragentrankweighted
M: 5
lambda: 8
epsilon_svgd: 0.01
gamma: 0.0005
decay_start_ratio: 0.4
decay_min_factor: 0.2
bandwith_kernel: None
no_interact: False
avg_score: 0.7273279428482056
median_score: 0.7265791296958923
std_score: 0.00864182785153389
percentiles: 2%=0.7107419967651367, 5%=0.7142825722694397, 10%=0.7182708978652954, 25%=0.7225607633590698, 50%=0.7265791296958923, 75%=0.7322447896003723, 90%=0.7374767065048218, 95%=0.740912914276123, 98%=0.7469433546066284
ranking_best_algo: Tabu
ranking_best_score: 0.7429702712499999
ranking_my_rank: 2/504 (99.8%)
ranking_my_percent: 99.8015873015873
