ConfigName: kjsd__advperagentrankweighted__M3__L20__eps0p007__g0p001__ds0p05__dm0p2
Problem: QUBO
Kernel: jsd
Advantage: peragentrankweighted
M: 3
lambda: 20
epsilon_svgd: 0.007
gamma: 0.001
decay_start_ratio: 0.05
decay_min_factor: 0.2
bandwith_kernel: None
no_interact: False
avg_score: -2625.139892578125
median_score: -2625.5
std_score: 120.32231903076172
percentiles: 2%=-2861.219970703125, 5%=-2831.199951171875, 10%=-2782.10009765625, 25%=-2714.75, 50%=-2625.5, 75%=-2525.75, 90%=-2469.300048828125, 95%=-2443.199951171875, 98%=-2409.739990234375
ranking_best_algo: DiscreteLengler2OnePlusOne
ranking_best_score: 2617.04
ranking_my_rank: 1/504 (100.0%)
ranking_my_percent: 100.0
