ConfigName: krbf__advnormalizedfitness__M1__L8__eps0p015__g0p01__ds0p3__dm0p01
Problem: QUBO
Kernel: rbf
Advantage: normalizedfitness
M: 1
lambda: 8
epsilon_svgd: 0.015
gamma: 0.01
decay_start_ratio: 0.3
decay_min_factor: 0.01
bandwith_kernel: None
no_interact: False
avg_score: -2601.580078125
median_score: -2616.0
std_score: 153.44570922851562
percentiles: 2%=-2855.300048828125, 5%=-2830.10009765625, 10%=-2783.199951171875, 25%=-2699.5, 50%=-2616.0, 75%=-2496.75, 90%=-2446.60009765625, 95%=-2397.60009765625, 98%=-2360.2998046875
ranking_best_algo: DiscreteLengler2OnePlusOne
ranking_best_score: 2617.04
ranking_my_rank: 10/504 (98.2%)
ranking_my_percent: 98.21428571428571
