ConfigName: kjsd__advperagentrankweighted__M5__L24__eps0p03__g0p0007__ds0p2__dm0p05
Problem: NK
Kernel: jsd
Advantage: peragentrankweighted
M: 5
lambda: 24
epsilon_svgd: 0.03
gamma: 0.0007
decay_start_ratio: 0.2
decay_min_factor: 0.05
bandwith_kernel: None
no_interact: False
avg_score: 0.7566001415252686
median_score: 0.7566456198692322
std_score: 0.011987118981778622
percentiles: 2%=0.7353002429008484, 5%=0.7358495593070984, 10%=0.7406388521194458, 25%=0.7485058903694153, 50%=0.7566456198692322, 75%=0.7653980255126953, 90%=0.7727633714675903, 95%=0.7760447859764099, 98%=0.7795294523239136
ranking_best_algo: Tabu
ranking_best_score: 0.7470791764843752
ranking_my_rank: 1/504 (100.0%)
ranking_my_percent: 100.0
