ConfigName: krbf__advnormalizedfitness__M2__L8__eps0p033__g0p007__ds0p01__dm0p3
Problem: QUBO
Kernel: rbf
Advantage: normalizedfitness
M: 2
lambda: 8
epsilon_svgd: 0.033
gamma: 0.007
decay_start_ratio: 0.01
decay_min_factor: 0.3
bandwith_kernel: None
no_interact: False
avg_score: -562.0399780273438
median_score: -565.0
std_score: 29.374792098999023
percentiles: 2%=-613.0999755859375, 5%=-608.0499877929688, 10%=-597.2000122070312, 25%=-584.75, 50%=-565.0, 75%=-541.5, 90%=-527.7000122070312, 95%=-512.9000244140625, 98%=-498.8999938964844
ranking_best_algo: Tabu
ranking_best_score: 588.7199999999999
ranking_my_rank: 96/503 (81.1%)
ranking_my_percent: 81.11332007952286
