ConfigName: kjsd__advperagentrankweighted__M5__L24__eps0p02__g0p0005__ds0p2__dm0p05
Problem: QUBO
Kernel: jsd
Advantage: peragentrankweighted
M: 5
lambda: 24
epsilon_svgd: 0.02
gamma: 0.0005
decay_start_ratio: 0.2
decay_min_factor: 0.05
bandwith_kernel: None
no_interact: False
avg_score: -429.4599914550781
median_score: -430.0
std_score: 29.03770637512207
percentiles: 2%=-483.0, 5%=-475.0, 10%=-465.6000061035156, 25%=-447.0, 50%=-430.0, 75%=-411.0, 90%=-395.0, 95%=-373.79998779296875, 98%=-364.8599853515625
ranking_best_algo: CMAL3
ranking_best_score: 435.36
ranking_my_rank: 10/504 (98.2%)
ranking_my_percent: 98.21428571428571
