ConfigName: kjsd__advperagentrankweighted__M3__L20__eps0p01__g0p0005__ds0p2__dm0p1
Problem: NK
Kernel: jsd
Advantage: peragentrankweighted
M: 3
lambda: 20
epsilon_svgd: 0.01
gamma: 0.0005
decay_start_ratio: 0.2
decay_min_factor: 0.1
bandwith_kernel: None
no_interact: False
avg_score: 0.7484948635101318
median_score: 0.7482030391693115
std_score: 0.015941979363560677
percentiles: 2%=0.7199103236198425, 5%=0.7230949401855469, 10%=0.7253406047821045, 25%=0.7390543222427368, 50%=0.7482030391693115, 75%=0.7595162391662598, 90%=0.7684227228164673, 95%=0.7752040028572083, 98%=0.7814854979515076
ranking_best_algo: Tabu
ranking_best_score: 0.7657846284375001
ranking_my_rank: 31/504 (94.0%)
ranking_my_percent: 94.04761904761905
