ConfigName: kjsd__advperagentrankweighted__M8__L10__eps0p005__g0p0005__ds0p05__dm0p05
Problem: QUBO
Kernel: jsd
Advantage: peragentrankweighted
M: 8
lambda: 10
epsilon_svgd: 0.005
gamma: 0.0005
decay_start_ratio: 0.05
decay_min_factor: 0.05
bandwith_kernel: None
no_interact: False
avg_score: -448.9800109863281
median_score: -452.0
std_score: 23.912330627441406
percentiles: 2%=-487.0400085449219, 5%=-481.1499938964844, 10%=-475.20001220703125, 25%=-467.25, 50%=-452.0, 75%=-433.0, 90%=-412.5, 95%=-404.95001220703125, 98%=-395.9200134277344
ranking_best_algo: CMApara
ranking_best_score: 453.82
ranking_my_rank: 2/504 (99.8%)
ranking_my_percent: 99.8015873015873
