ConfigName: krbf__advnormalizedfitness__M4__L15__eps0p015__g0p015__ds0p15__dm0p01
Problem: QUBO
Kernel: rbf
Advantage: normalizedfitness
M: 4
lambda: 15
epsilon_svgd: 0.015
gamma: 0.015
decay_start_ratio: 0.15
decay_min_factor: 0.01
bandwith_kernel: None
no_interact: False
avg_score: -166.52000427246094
median_score: -168.0
std_score: 16.261905670166016
percentiles: 2%=-194.0, 5%=-189.0, 10%=-187.0, 25%=-179.0, 50%=-168.0, 75%=-156.75, 90%=-144.0, 95%=-138.0, 98%=-133.8999786376953
ranking_best_algo: Tabu
ranking_best_score: 208.36000000000004
ranking_my_rank: 332/504 (34.3%)
ranking_my_percent: 34.32539682539682
