ConfigName: krbf__advglobalrankweighted__M4__L11__eps0p01__g0p005__ds0p01__dm0p01
Problem: QUBO
Kernel: rbf
Advantage: globalrankweighted
M: 4
lambda: 11
epsilon_svgd: 0.01
gamma: 0.005
decay_start_ratio: 0.01
decay_min_factor: 0.01
bandwith_kernel: None
no_interact: False
avg_score: -411.4800109863281
median_score: -412.0
std_score: 26.053205490112305
percentiles: 2%=-455.0799865722656, 5%=-451.1499938964844, 10%=-446.1000061035156, 25%=-429.25, 50%=-412.0, 75%=-394.0, 90%=-377.79998779296875, 95%=-365.70001220703125, 98%=-359.91998291015625
ranking_best_algo: Tabu
ranking_best_score: 438.12
ranking_my_rank: 78/504 (84.7%)
ranking_my_percent: 84.72222222222223
