ConfigName: kjsd__advperagentrankweighted__M3__L18__eps0p007__g0p003__ds0p2__dm0p1
Problem: QUBO
Kernel: jsd
Advantage: peragentrankweighted
M: 3
lambda: 18
epsilon_svgd: 0.007
gamma: 0.003
decay_start_ratio: 0.2
decay_min_factor: 0.1
bandwith_kernel: None
no_interact: False
avg_score: -200.94000244140625
median_score: -201.0
std_score: 12.948992729187012
percentiles: 2%=-224.0, 5%=-224.0, 10%=-217.1999969482422, 25%=-209.25, 50%=-201.0, 75%=-192.75, 90%=-183.0, 95%=-179.85000610351562, 98%=-174.0
ranking_best_algo: Tabu
ranking_best_score: 208.36000000000004
ranking_my_rank: 43/504 (91.7%)
ranking_my_percent: 91.66666666666667
