ConfigName: krbf__advnormalizedfitness__M3__L15__eps0p033__g0p015__ds0p15__dm0p01
Problem: QUBO
Kernel: rbf
Advantage: normalizedfitness
M: 3
lambda: 15
epsilon_svgd: 0.033
gamma: 0.015
decay_start_ratio: 0.15
decay_min_factor: 0.01
bandwith_kernel: None
no_interact: False
avg_score: -923.97998046875
median_score: -918.0
std_score: 66.1475601196289
percentiles: 2%=-1058.280029296875, 5%=-1044.0, 10%=-1006.7000122070312, 25%=-969.25, 50%=-918.0, 75%=-883.0, 90%=-830.5999755859375, 95%=-807.0, 98%=-800.8800048828125
ranking_best_algo: CMApara
ranking_best_score: 964.9
ranking_my_rank: 22/504 (95.8%)
ranking_my_percent: 95.83333333333333
