ConfigName: kjsd__advperagentrankweighted__M4__L12__eps0p005__g0p001__ds0p1__dm0p2
Problem: QUBO
Kernel: jsd
Advantage: peragentrankweighted
M: 4
lambda: 12
epsilon_svgd: 0.005
gamma: 0.001
decay_start_ratio: 0.1
decay_min_factor: 0.2
bandwith_kernel: None
no_interact: False
avg_score: -149.13999938964844
median_score: -146.0
std_score: 12.131793022155762
percentiles: 2%=-179.0, 5%=-179.0, 10%=-164.0, 25%=-155.0, 50%=-146.0, 75%=-141.0, 90%=-135.89999389648438, 95%=-133.0, 98%=-131.97999572753906
ranking_best_algo: CMApara
ranking_best_score: 154.28
ranking_my_rank: 79/504 (84.5%)
ranking_my_percent: 84.52380952380952
