ConfigName: krbf__advnormalizedfitness__M4__L15__eps0p015__g0p015__ds0p15__dm0p01
Problem: NK
Kernel: rbf
Advantage: normalizedfitness
M: 4
lambda: 15
epsilon_svgd: 0.015
gamma: 0.015
decay_start_ratio: 0.15
decay_min_factor: 0.01
bandwith_kernel: None
no_interact: False
avg_score: 0.6066029071807861
median_score: 0.6058359742164612
std_score: 0.008683650754392147
percentiles: 2%=0.5904524326324463, 5%=0.5923449397087097, 10%=0.5966089963912964, 25%=0.5998705625534058, 50%=0.6058359742164612, 75%=0.6125191450119019, 90%=0.616046130657196, 95%=0.6212182641029358, 98%=0.6256828904151917
ranking_best_algo: PBIL
ranking_best_score: 0.733570253046875
ranking_my_rank: 366/504 (27.6%)
ranking_my_percent: 27.57936507936508
