ConfigName: kfr__advglobalrankweighted__M4__L13__eps0p03__g0p007__ds0p01__dm0p01
Problem: QUBO
Kernel: fr
Advantage: globalrankweighted
M: 4
lambda: 13
epsilon_svgd: 0.03
gamma: 0.007
decay_start_ratio: 0.01
decay_min_factor: 0.01
bandwith_kernel: None
no_interact: False
avg_score: -2582.47998046875
median_score: -2595.0
std_score: 140.41256713867188
percentiles: 2%=-2819.02001953125, 5%=-2787.10009765625, 10%=-2754.0, 25%=-2688.25, 50%=-2595.0, 75%=-2486.0, 90%=-2371.89990234375, 95%=-2347.75, 98%=-2313.719970703125
ranking_best_algo: DiscreteLengler2OnePlusOne
ranking_best_score: 2617.04
ranking_my_rank: 47/504 (90.9%)
ranking_my_percent: 90.87301587301587
