ConfigName: kjsd__advperagentrankweighted__M3__L20__eps0p007__g0p0007__ds0p1__dm0p2
Problem: QUBO
Kernel: jsd
Advantage: peragentrankweighted
M: 3
lambda: 20
epsilon_svgd: 0.007
gamma: 0.0007
decay_start_ratio: 0.1
decay_min_factor: 0.2
bandwith_kernel: None
no_interact: False
avg_score: -580.3800048828125
median_score: -580.0
std_score: 27.026203155517578
percentiles: 2%=-637.02001953125, 5%=-627.0999755859375, 10%=-613.2000122070312, 25%=-597.25, 50%=-580.0, 75%=-564.75, 90%=-543.9000244140625, 95%=-540.8499755859375, 98%=-531.760009765625
ranking_best_algo: Tabu
ranking_best_score: 588.7199999999999
ranking_my_rank: 38/503 (92.6%)
ranking_my_percent: 92.6441351888668
