ConfigName: kjsd__advperagentrankweighted__M5__L10__eps0p005__g0p003__ds0p05__dm0p05
Problem: QUBO
Kernel: jsd
Advantage: peragentrankweighted
M: 5
lambda: 10
epsilon_svgd: 0.005
gamma: 0.003
decay_start_ratio: 0.05
decay_min_factor: 0.05
bandwith_kernel: None
no_interact: False
avg_score: -198.5399932861328
median_score: -199.0
std_score: 12.037790298461914
percentiles: 2%=-224.0, 5%=-218.0, 10%=-211.0, 25%=-207.0, 50%=-199.0, 75%=-191.0, 90%=-181.8000030517578, 95%=-177.9499969482422, 98%=-173.9600067138672
ranking_best_algo: Tabu
ranking_best_score: 208.36000000000004
ranking_my_rank: 99/504 (80.6%)
ranking_my_percent: 80.55555555555556
