ConfigName: kjsd__advperagentrankweighted__M4__L30__eps0p01__g0p0003__ds0p4__dm0p05
Problem: NK
Kernel: jsd
Advantage: peragentrankweighted
M: 4
lambda: 30
epsilon_svgd: 0.01
gamma: 0.0003
decay_start_ratio: 0.4
decay_min_factor: 0.05
bandwith_kernel: None
no_interact: False
avg_score: 0.7442722320556641
median_score: 0.7408133745193481
std_score: 0.02819778397679329
percentiles: 2%=0.7021936178207397, 5%=0.7091609239578247, 10%=0.71160489320755, 25%=0.7192800641059875, 50%=0.7408133745193481, 75%=0.7601335048675537, 90%=0.7782467603683472, 95%=0.8044298887252808, 98%=0.8118547797203064
ranking_best_algo: CMApara
ranking_best_score: 0.7459277895312499
ranking_my_rank: 5/504 (99.2%)
ranking_my_percent: 99.2063492063492
