ConfigName: kjsd__advperagentrankweighted__M4__L12__eps0p005__g0p0007__ds0p1__dm0p05
Problem: QUBO
Kernel: jsd
Advantage: peragentrankweighted
M: 4
lambda: 12
epsilon_svgd: 0.005
gamma: 0.0007
decay_start_ratio: 0.1
decay_min_factor: 0.05
bandwith_kernel: None
no_interact: False
avg_score: -138.8800048828125
median_score: -141.0
std_score: 11.378294944763184
percentiles: 2%=-158.05999755859375, 5%=-156.0500030517578, 10%=-154.10000610351562, 25%=-146.0, 50%=-141.0, 75%=-130.0, 90%=-126.5999984741211, 95%=-119.0, 98%=-117.86000061035156
ranking_best_algo: DiscreteDE
ranking_best_score: 143.4
ranking_my_rank: 94/504 (81.5%)
ranking_my_percent: 81.54761904761905
