ConfigName: krbf__advnormalizedfitness__M4__L8__eps0p015__g0p01__ds0p15__dm0p01
Problem: NK
Kernel: rbf
Advantage: normalizedfitness
M: 4
lambda: 8
epsilon_svgd: 0.015
gamma: 0.01
decay_start_ratio: 0.15
decay_min_factor: 0.01
bandwith_kernel: None
no_interact: False
avg_score: 0.6978803277015686
median_score: 0.6977019906044006
std_score: 0.01381952315568924
percentiles: 2%=0.6688618659973145, 5%=0.6748195886611938, 10%=0.681517481803894, 25%=0.68912273645401, 50%=0.6977019906044006, 75%=0.7065815925598145, 90%=0.7147884368896484, 95%=0.7208586931228638, 98%=0.7279146313667297
ranking_best_algo: PBIL
ranking_best_score: 0.733570253046875
ranking_my_rank: 166/504 (67.3%)
ranking_my_percent: 67.26190476190476
