ConfigName: kfr__advglobalrankweighted__M5__L10__eps0p015__g0p003__ds0p01__dm0p01
Problem: QUBO
Kernel: fr
Advantage: globalrankweighted
M: 5
lambda: 10
epsilon_svgd: 0.015
gamma: 0.003
decay_start_ratio: 0.01
decay_min_factor: 0.01
bandwith_kernel: None
no_interact: False
avg_score: -443.3599853515625
median_score: -450.0
std_score: 25.410045623779297
percentiles: 2%=-489.05999755859375, 5%=-479.1000061035156, 10%=-473.0, 25%=-461.0, 50%=-450.0, 75%=-424.75, 90%=-406.8999938964844, 95%=-400.70001220703125, 98%=-385.9599914550781
ranking_best_algo: CMApara
ranking_best_score: 453.82
ranking_my_rank: 7/504 (98.8%)
ranking_my_percent: 98.80952380952381
