ConfigName: krbf__advnormalizedfitness__M3__L8__eps0p015__g0p007__ds0p3__dm0p01
Problem: QUBO
Kernel: rbf
Advantage: normalizedfitness
M: 3
lambda: 8
epsilon_svgd: 0.015
gamma: 0.007
decay_start_ratio: 0.3
decay_min_factor: 0.01
bandwith_kernel: None
no_interact: False
avg_score: -440.3999938964844
median_score: -440.5
std_score: 24.64548683166504
percentiles: 2%=-489.05999755859375, 5%=-485.0, 10%=-470.1000061035156, 25%=-457.5, 50%=-440.5, 75%=-424.0, 90%=-404.0, 95%=-400.7500305175781, 98%=-392.7999572753906
ranking_best_algo: CMApara
ranking_best_score: 453.82
ranking_my_rank: 15/504 (97.2%)
ranking_my_percent: 97.22222222222223
