ConfigName: kfr__advglobalrankweighted__M6__L8__eps0p01__g0p003__ds0p01__dm0p01
Problem: QUBO
Kernel: fr
Advantage: globalrankweighted
M: 6
lambda: 8
epsilon_svgd: 0.01
gamma: 0.003
decay_start_ratio: 0.01
decay_min_factor: 0.01
bandwith_kernel: None
no_interact: False
avg_score: -330.8399963378906
median_score: -335.5
std_score: 22.605627059936523
percentiles: 2%=-372.0, 5%=-361.54998779296875, 10%=-350.29998779296875, 25%=-343.0, 50%=-335.5, 75%=-320.0, 90%=-295.8999938964844, 95%=-286.0, 98%=-281.7999572753906
ranking_best_algo: CMApara
ranking_best_score: 344.22
ranking_my_rank: 77/504 (84.9%)
ranking_my_percent: 84.92063492063492
