ConfigName: krbf__advnormalizedfitness__M2__L10__eps0p025__g0p007__ds0p3__dm0p3
Problem: QUBO
Kernel: rbf
Advantage: normalizedfitness
M: 2
lambda: 10
epsilon_svgd: 0.025
gamma: 0.007
decay_start_ratio: 0.3
decay_min_factor: 0.3
bandwith_kernel: None
no_interact: False
avg_score: -1186.219970703125
median_score: -1182.0
std_score: 66.58927917480469
percentiles: 2%=-1343.1199951171875, 5%=-1300.25, 10%=-1286.0999755859375, 25%=-1218.75, 50%=-1182.0, 75%=-1141.75, 90%=-1114.9000244140625, 95%=-1085.1500244140625, 98%=-1059.6199951171875
ranking_best_algo: Tabu
ranking_best_score: 1216.16
ranking_my_rank: 64/504 (87.5%)
ranking_my_percent: 87.5
