ConfigName: kjsd__advperagentrankweighted__M3__L16__eps0p01__g0p0007__ds0p2__dm0p2
Problem: QUBO
Kernel: jsd
Advantage: peragentrankweighted
M: 3
lambda: 16
epsilon_svgd: 0.01
gamma: 0.0007
decay_start_ratio: 0.2
decay_min_factor: 0.2
bandwith_kernel: None
no_interact: False
avg_score: -327.79998779296875
median_score: -330.0
std_score: 20.692026138305664
percentiles: 2%=-372.0, 5%=-355.29998779296875, 10%=-350.0, 25%=-342.0, 50%=-330.0, 75%=-316.0, 90%=-296.8999938964844, 95%=-289.8999938964844, 98%=-285.9599914550781
ranking_best_algo: CMApara
ranking_best_score: 344.22
ranking_my_rank: 85/504 (83.3%)
ranking_my_percent: 83.33333333333333
