ConfigName: krbf__advnormalizedfitness__M4__L10__eps0p033__g0p005__ds0p15__dm0p3
Problem: NK
Kernel: rbf
Advantage: normalizedfitness
M: 4
lambda: 10
epsilon_svgd: 0.033
gamma: 0.005
decay_start_ratio: 0.15
decay_min_factor: 0.3
bandwith_kernel: None
no_interact: False
avg_score: 0.7370359897613525
median_score: 0.7393720746040344
std_score: 0.009304672479629517
percentiles: 2%=0.7170907855033875, 5%=0.7198663949966431, 10%=0.7231801152229309, 25%=0.7322282791137695, 50%=0.7393720746040344, 75%=0.7447885870933533, 90%=0.7476395964622498, 95%=0.7495565414428711, 98%=0.7511551380157471
ranking_best_algo: PBIL
ranking_best_score: 0.730509098125
ranking_my_rank: 1/504 (100.0%)
ranking_my_percent: 100.0
