ConfigName: kjsd__advperagentrankweighted__M6__L24__eps0p008__g0p0005__ds0p3__dm0p05
Problem: NK
Kernel: jsd
Advantage: peragentrankweighted
M: 6
lambda: 24
epsilon_svgd: 0.008
gamma: 0.0005
decay_start_ratio: 0.3
decay_min_factor: 0.05
bandwith_kernel: None
no_interact: False
avg_score: 0.7356931567192078
median_score: 0.7342427968978882
std_score: 0.013167443685233593
percentiles: 2%=0.7081279754638672, 5%=0.7172625064849854, 10%=0.7215977311134338, 25%=0.7257632613182068, 50%=0.7342427968978882, 75%=0.7443307638168335, 90%=0.753377377986908, 95%=0.7568085193634033, 98%=0.7604384422302246
ranking_best_algo: PBIL
ranking_best_score: 0.733570253046875
ranking_my_rank: 1/504 (100.0%)
ranking_my_percent: 100.0
