ConfigName: kjsd__advperagentrankweighted__M5__L12__eps0p02__g0p0003__ds0p05__dm0p05
Problem: QUBO
Kernel: jsd
Advantage: peragentrankweighted
M: 5
lambda: 12
epsilon_svgd: 0.02
gamma: 0.0003
decay_start_ratio: 0.05
decay_min_factor: 0.05
bandwith_kernel: None
no_interact: False
avg_score: -197.97999572753906
median_score: -197.5
std_score: 14.228127479553223
percentiles: 2%=-224.0, 5%=-224.0, 10%=-219.10000610351562, 25%=-206.25, 50%=-197.5, 75%=-186.75, 90%=-179.89999389648438, 95%=-175.0, 98%=-171.0
ranking_best_algo: Tabu
ranking_best_score: 208.36000000000004
ranking_my_rank: 106/504 (79.2%)
ranking_my_percent: 79.16666666666667
