ConfigName: krbf__advnormalizedfitness__M4__L24__eps0p01__g0p002__ds0p05__dm0p05
Problem: NK
Kernel: rbf
Advantage: normalizedfitness
M: 4
lambda: 24
epsilon_svgd: 0.01
gamma: 0.002
decay_start_ratio: 0.05
decay_min_factor: 0.05
bandwith_kernel: None
no_interact: False
avg_score: 0.7416792511940002
median_score: 0.7420679330825806
std_score: 0.016130492091178894
percentiles: 2%=0.7169424295425415, 5%=0.7190359234809875, 10%=0.7209503054618835, 25%=0.7291993498802185, 50%=0.7420679330825806, 75%=0.7543622255325317, 90%=0.7624141573905945, 95%=0.7683839797973633, 98%=0.7729029655456543
ranking_best_algo: Tabu
ranking_best_score: 0.7470791764843752
ranking_my_rank: 5/504 (99.2%)
ranking_my_percent: 99.2063492063492
