ConfigName: kjsd__advperagentrankweighted__M4__L10__eps0p008__g0p0005__ds0p05__dm0p05
Problem: QUBO
Kernel: jsd
Advantage: peragentrankweighted
M: 4
lambda: 10
epsilon_svgd: 0.008
gamma: 0.0005
decay_start_ratio: 0.05
decay_min_factor: 0.05
bandwith_kernel: None
no_interact: False
avg_score: -1189.97998046875
median_score: -1185.5
std_score: 60.34351348876953
percentiles: 2%=-1345.1199951171875, 5%=-1302.25, 10%=-1281.0, 25%=-1219.75, 50%=-1185.5, 75%=-1150.75, 90%=-1111.5999755859375, 95%=-1098.75, 98%=-1077.97998046875
ranking_best_algo: Tabu
ranking_best_score: 1216.16
ranking_my_rank: 55/504 (89.3%)
ranking_my_percent: 89.28571428571429
