ConfigName: krbf__advnormalizedfitness__M3__L8__eps0p033__g0p01__ds0p01__dm0p01
Problem: QUBO
Kernel: rbf
Advantage: normalizedfitness
M: 3
lambda: 8
epsilon_svgd: 0.033
gamma: 0.01
decay_start_ratio: 0.01
decay_min_factor: 0.01
bandwith_kernel: None
no_interact: False
avg_score: -306.2799987792969
median_score: -296.0
std_score: 36.730934143066406
percentiles: 2%=-388.0, 5%=-380.20001220703125, 10%=-356.0, 25%=-330.0, 50%=-296.0, 75%=-276.0, 90%=-264.0, 95%=-259.95001220703125, 98%=-253.91998291015625
ranking_best_algo: CMApara
ranking_best_score: 319.29999999999995
ranking_my_rank: 113/504 (77.8%)
ranking_my_percent: 77.77777777777777
