ConfigName: krbf__advnormalizedfitness__M4__L10__eps0p015__g0p01__ds0p3__dm0p01
Problem: NK
Kernel: rbf
Advantage: normalizedfitness
M: 4
lambda: 10
epsilon_svgd: 0.015
gamma: 0.01
decay_start_ratio: 0.3
decay_min_factor: 0.01
bandwith_kernel: None
no_interact: False
avg_score: 0.6911343932151794
median_score: 0.6926685571670532
std_score: 0.012333446182310581
percentiles: 2%=0.6697412729263306, 5%=0.673511266708374, 10%=0.6748462915420532, 25%=0.6795215010643005, 50%=0.6926685571670532, 75%=0.702860414981842, 90%=0.7055755257606506, 95%=0.7064223885536194, 98%=0.709355890750885
ranking_best_algo: PBIL
ranking_best_score: 0.7013553837109374
ranking_my_rank: 58/504 (88.7%)
ranking_my_percent: 88.69047619047619
