ConfigName: krbf__advnormalizedfitness__M3__L8__eps0p025__g0p007__ds0p15__dm0p01
Problem: NK
Kernel: rbf
Advantage: normalizedfitness
M: 3
lambda: 8
epsilon_svgd: 0.025
gamma: 0.007
decay_start_ratio: 0.15
decay_min_factor: 0.01
bandwith_kernel: None
no_interact: False
avg_score: 0.7377101182937622
median_score: 0.7397975921630859
std_score: 0.008894901722669601
percentiles: 2%=0.7194201350212097, 5%=0.7209290862083435, 10%=0.7258543968200684, 25%=0.730837345123291, 50%=0.7397975921630859, 75%=0.7436429858207703, 90%=0.7469450831413269, 95%=0.7513177394866943, 98%=0.7537667751312256
ranking_best_algo: PBIL
ranking_best_score: 0.730509098125
ranking_my_rank: 1/504 (100.0%)
ranking_my_percent: 100.0
