ConfigName: kjsd__advperagentrankweighted__M3__L16__eps0p01__g0p0007__ds0p2__dm0p2
Problem: QUBO
Kernel: jsd
Advantage: peragentrankweighted
M: 3
lambda: 16
epsilon_svgd: 0.01
gamma: 0.0007
decay_start_ratio: 0.2
decay_min_factor: 0.2
bandwith_kernel: None
no_interact: False
avg_score: -440.79998779296875
median_score: -441.0
std_score: 23.983327865600586
percentiles: 2%=-483.1199951171875, 5%=-479.0, 10%=-470.20001220703125, 25%=-459.0, 50%=-441.0, 75%=-424.75, 90%=-408.79998779296875, 95%=-398.8500061035156, 98%=-391.94000244140625
ranking_best_algo: CMApara
ranking_best_score: 453.82
ranking_my_rank: 12/504 (97.8%)
ranking_my_percent: 97.81746031746032
