ConfigName: kjsd__advperagentrankweighted__M5__L28__eps0p008__g0p0005__ds0p3__dm0p05
Problem: NK
Kernel: jsd
Advantage: peragentrankweighted
M: 5
lambda: 28
epsilon_svgd: 0.008
gamma: 0.0005
decay_start_ratio: 0.3
decay_min_factor: 0.05
bandwith_kernel: None
no_interact: False
avg_score: 0.7447292804718018
median_score: 0.7423104643821716
std_score: 0.027646014466881752
percentiles: 2%=0.6995139122009277, 5%=0.7058023810386658, 10%=0.712324857711792, 25%=0.7261514067649841, 50%=0.7423104643821716, 75%=0.7580187320709229, 90%=0.7783358693122864, 95%=0.8044298887252808, 98%=0.8044298887252808
ranking_best_algo: CMApara
ranking_best_score: 0.7459277895312499
ranking_my_rank: 3/504 (99.6%)
ranking_my_percent: 99.60317460317461
