ConfigName: kfr__advglobalrankweighted__M5__L8__eps0p015__g0p003__ds0p01__dm0p01
Problem: QUBO
Kernel: fr
Advantage: globalrankweighted
M: 5
lambda: 8
epsilon_svgd: 0.015
gamma: 0.003
decay_start_ratio: 0.01
decay_min_factor: 0.01
bandwith_kernel: None
no_interact: False
avg_score: -440.79998779296875
median_score: -442.5
std_score: 27.022951126098633
percentiles: 2%=-492.0400085449219, 5%=-481.0, 10%=-472.29998779296875, 25%=-462.25, 50%=-442.5, 75%=-421.0, 90%=-409.79998779296875, 95%=-393.9000244140625, 98%=-387.8399658203125
ranking_best_algo: CMApara
ranking_best_score: 453.82
ranking_my_rank: 12/504 (97.8%)
ranking_my_percent: 97.81746031746032
