ConfigName: kjsd__advperagentrankweighted__M3__L20__eps0p007__g0p001__ds0p05__dm0p1
Problem: QUBO
Kernel: jsd
Advantage: peragentrankweighted
M: 3
lambda: 20
epsilon_svgd: 0.007
gamma: 0.001
decay_start_ratio: 0.05
decay_min_factor: 0.1
bandwith_kernel: None
no_interact: False
avg_score: -426.1600036621094
median_score: -428.0
std_score: 27.421422958374023
percentiles: 2%=-477.0400085449219, 5%=-473.0, 10%=-461.79998779296875, 25%=-441.75, 50%=-428.0, 75%=-405.0, 90%=-392.70001220703125, 95%=-384.79998779296875, 98%=-359.9599914550781
ranking_best_algo: CMAL3
ranking_best_score: 435.36
ranking_my_rank: 23/504 (95.6%)
ranking_my_percent: 95.63492063492063
