ConfigName: krbf__advnormalizedfitness__M4__L12__eps0p033__g0p015__ds0p01__dm0p01
Problem: NK
Kernel: rbf
Advantage: normalizedfitness
M: 4
lambda: 12
epsilon_svgd: 0.033
gamma: 0.015
decay_start_ratio: 0.01
decay_min_factor: 0.01
bandwith_kernel: None
no_interact: False
avg_score: 0.7480624914169312
median_score: 0.7459010481834412
std_score: 0.015278410166501999
percentiles: 2%=0.7191111445426941, 5%=0.7263412475585938, 10%=0.7300834059715271, 25%=0.738210916519165, 50%=0.7459010481834412, 75%=0.7600150108337402, 90%=0.7683261632919312, 95%=0.7761162519454956, 98%=0.7776805758476257
ranking_best_algo: Tabu
ranking_best_score: 0.7470791764843752
ranking_my_rank: 1/504 (100.0%)
ranking_my_percent: 100.0
