ConfigName: krbf__advnormalizedfitness__M3__L10__eps0p025__g0p007__ds0p3__dm0p3
Problem: QUBO
Kernel: rbf
Advantage: normalizedfitness
M: 3
lambda: 10
epsilon_svgd: 0.025
gamma: 0.007
decay_start_ratio: 0.3
decay_min_factor: 0.3
bandwith_kernel: None
no_interact: False
avg_score: -3123.300048828125
median_score: -3096.0
std_score: 170.84925842285156
percentiles: 2%=-3486.159912109375, 5%=-3428.25, 10%=-3364.60009765625, 25%=-3243.25, 50%=-3096.0, 75%=-2999.5, 90%=-2922.800048828125, 95%=-2891.2001953125, 98%=-2853.35986328125
ranking_best_algo: RLSOnePlusOne
ranking_best_score: 3316.5199999999995
ranking_my_rank: 78/504 (84.7%)
ranking_my_percent: 84.72222222222223
