ConfigName: krbf__advnormalizedfitness__M2__L10__eps0p015__g0p01__ds0p01__dm0p01
Problem: QUBO
Kernel: rbf
Advantage: normalizedfitness
M: 2
lambda: 10
epsilon_svgd: 0.015
gamma: 0.01
decay_start_ratio: 0.01
decay_min_factor: 0.01
bandwith_kernel: None
no_interact: False
avg_score: -2620.0
median_score: -2605.0
std_score: 134.23516845703125
percentiles: 2%=-2885.06005859375, 5%=-2853.199951171875, 10%=-2806.10009765625, 25%=-2727.0, 50%=-2605.0, 75%=-2537.5, 90%=-2423.800048828125, 95%=-2412.75, 98%=-2360.280029296875
ranking_best_algo: DiscreteLengler2OnePlusOne
ranking_best_score: 2617.04
ranking_my_rank: 1/504 (100.0%)
ranking_my_percent: 100.0
