ConfigName: krbf__advnormalizedfitness__M3__L15__eps0p015__g0p005__ds0p01__dm0p3
Problem: QUBO
Kernel: rbf
Advantage: normalizedfitness
M: 3
lambda: 15
epsilon_svgd: 0.015
gamma: 0.005
decay_start_ratio: 0.01
decay_min_factor: 0.3
bandwith_kernel: None
no_interact: False
avg_score: -1358.300048828125
median_score: -1361.5
std_score: 122.7016372680664
percentiles: 2%=-1576.199951171875, 5%=-1563.449951171875, 10%=-1522.0999755859375, 25%=-1464.5, 50%=-1361.5, 75%=-1262.5, 90%=-1211.5999755859375, 95%=-1154.800048828125, 98%=-1141.699951171875
ranking_best_algo: NLOPT_LN_PRAXIS
ranking_best_score: 1607.12
ranking_my_rank: 174/504 (65.7%)
ranking_my_percent: 65.67460317460318
