ConfigName: kjsd__advperagentrankweighted__M4__L8__eps0p01__g0p0005__ds0p05__dm0p05
Problem: NK
Kernel: jsd
Advantage: peragentrankweighted
M: 4
lambda: 8
epsilon_svgd: 0.01
gamma: 0.0005
decay_start_ratio: 0.05
decay_min_factor: 0.05
bandwith_kernel: None
no_interact: False
avg_score: 0.7049307227134705
median_score: 0.708048939704895
std_score: 0.011947348713874817
percentiles: 2%=0.6845340132713318, 5%=0.6858396530151367, 10%=0.6881734132766724, 25%=0.6941348314285278, 50%=0.708048939704895, 75%=0.7155665159225464, 90%=0.7190722823143005, 95%=0.720137894153595, 98%=0.7216059565544128
ranking_best_algo: PBIL
ranking_best_score: 0.7013553837109374
ranking_my_rank: 1/504 (100.0%)
ranking_my_percent: 100.0
