ConfigName: kjsd__advperagentrankweighted__M6__L10__eps0p02__g0p0005__ds0p2__dm0p05
Problem: QUBO
Kernel: jsd
Advantage: peragentrankweighted
M: 6
lambda: 10
epsilon_svgd: 0.02
gamma: 0.0005
decay_start_ratio: 0.2
decay_min_factor: 0.05
bandwith_kernel: None
no_interact: False
avg_score: -417.29998779296875
median_score: -416.5
std_score: 25.045358657836914
percentiles: 2%=-471.1199951171875, 5%=-467.0, 10%=-452.1000061035156, 25%=-430.0, 50%=-416.5, 75%=-402.0, 90%=-387.79998779296875, 95%=-377.8999938964844, 98%=-367.9200134277344
ranking_best_algo: Tabu
ranking_best_score: 438.12
ranking_my_rank: 41/504 (92.1%)
ranking_my_percent: 92.06349206349206
