ConfigName: kjsd__advperagentrankweighted__M3__L20__eps0p005__g0p0005__ds0p2__dm0p2
Problem: QUBO
Kernel: jsd
Advantage: peragentrankweighted
M: 3
lambda: 20
epsilon_svgd: 0.005
gamma: 0.0005
decay_start_ratio: 0.2
decay_min_factor: 0.2
bandwith_kernel: None
no_interact: False
avg_score: -199.4199981689453
median_score: -201.0
std_score: 11.404542922973633
percentiles: 2%=-224.0, 5%=-218.1999969482422, 10%=-212.10000610351562, 25%=-207.25, 50%=-201.0, 75%=-191.0, 90%=-183.89999389648438, 95%=-179.0, 98%=-177.9600067138672
ranking_best_algo: Tabu
ranking_best_score: 208.36000000000004
ranking_my_rank: 84/504 (83.5%)
ranking_my_percent: 83.53174603174604
