ConfigName: krbf__advnormalizedfitness__M1__L8__eps0p025__g0p007__ds0p15__dm0p3
Problem: QUBO
Kernel: rbf
Advantage: normalizedfitness
M: 1
lambda: 8
epsilon_svgd: 0.025
gamma: 0.007
decay_start_ratio: 0.15
decay_min_factor: 0.3
bandwith_kernel: None
no_interact: False
avg_score: -314.0799865722656
median_score: -314.0
std_score: 29.4793758392334
percentiles: 2%=-372.0, 5%=-354.0, 10%=-349.1000061035156, 25%=-340.0, 50%=-314.0, 75%=-291.75, 90%=-279.0, 95%=-266.95001220703125, 98%=-251.91998291015625
ranking_best_algo: CMApara
ranking_best_score: 344.22
ranking_my_rank: 241/504 (52.4%)
ranking_my_percent: 52.38095238095238
