ConfigName: krbf__advnormalizedfitness__M4__L8__eps0p025__g0p015__ds0p15__dm0p3
Problem: QUBO
Kernel: rbf
Advantage: normalizedfitness
M: 4
lambda: 8
epsilon_svgd: 0.025
gamma: 0.015
decay_start_ratio: 0.15
decay_min_factor: 0.3
bandwith_kernel: None
no_interact: False
avg_score: -330.17999267578125
median_score: -332.5
std_score: 21.375865936279297
percentiles: 2%=-370.0400085449219, 5%=-357.3500061035156, 10%=-350.3999938964844, 25%=-344.0, 50%=-332.5, 75%=-320.0, 90%=-301.79998779296875, 95%=-295.8500061035156, 98%=-281.59991455078125
ranking_best_algo: CMApara
ranking_best_score: 344.22
ranking_my_rank: 79/504 (84.5%)
ranking_my_percent: 84.52380952380952
