ConfigName: kjsd__advperagentrankweighted__M4__L8__eps0p005__g0p0003__ds0p4__dm0p05
Problem: QUBO
Kernel: jsd
Advantage: peragentrankweighted
M: 4
lambda: 8
epsilon_svgd: 0.005
gamma: 0.0003
decay_start_ratio: 0.4
decay_min_factor: 0.05
bandwith_kernel: None
no_interact: False
avg_score: -1609.8599853515625
median_score: -1609.5
std_score: 60.81710433959961
percentiles: 2%=-1735.4599609375, 5%=-1700.050048828125, 10%=-1687.0999755859375, 25%=-1658.0, 50%=-1609.5, 75%=-1568.25, 90%=-1531.0, 95%=-1515.0, 98%=-1506.760009765625
ranking_best_algo: NLOPT_LN_PRAXIS
ranking_best_score: 1607.12
ranking_my_rank: 1/504 (100.0%)
ranking_my_percent: 100.0
