ConfigName: kjsd__advperagentrankweighted__M4__L20__eps0p007__g0p001__ds0p05__dm0p05
Problem: QUBO
Kernel: jsd
Advantage: peragentrankweighted
M: 4
lambda: 20
epsilon_svgd: 0.007
gamma: 0.001
decay_start_ratio: 0.05
decay_min_factor: 0.05
bandwith_kernel: None
no_interact: False
avg_score: -332.1000061035156
median_score: -338.5
std_score: 22.462188720703125
percentiles: 2%=-372.0, 5%=-372.0, 10%=-354.29998779296875, 25%=-345.25, 50%=-338.5, 75%=-321.5, 90%=-296.0, 95%=-290.95001220703125, 98%=-280.0
ranking_best_algo: CMApara
ranking_best_score: 344.22
ranking_my_rank: 73/504 (85.7%)
ranking_my_percent: 85.71428571428571
