ConfigName: kfr__advglobalrankweighted__M5__L11__eps0p01__g0p007__ds0p01__dm0p01
Problem: QUBO
Kernel: fr
Advantage: globalrankweighted
M: 5
lambda: 11
epsilon_svgd: 0.01
gamma: 0.007
decay_start_ratio: 0.01
decay_min_factor: 0.01
bandwith_kernel: None
no_interact: False
avg_score: -520.9400024414062
median_score: -518.5
std_score: 38.95839309692383
percentiles: 2%=-593.1599731445312, 5%=-588.0499877929688, 10%=-575.2000122070312, 25%=-549.25, 50%=-518.5, 75%=-495.75, 90%=-471.9000244140625, 95%=-459.8500061035156, 98%=-447.8799743652344
ranking_best_algo: Tabu
ranking_best_score: 588.7199999999999
ranking_my_rank: 218/503 (56.9%)
ranking_my_percent: 56.858846918489064
