ConfigName: kjsd__advperagentrankweighted__M4__L20__eps0p005__g0p0005__ds0p05__dm0p05
Problem: QUBO
Kernel: jsd
Advantage: peragentrankweighted
M: 4
lambda: 20
epsilon_svgd: 0.005
gamma: 0.0005
decay_start_ratio: 0.05
decay_min_factor: 0.05
bandwith_kernel: None
no_interact: False
avg_score: -1199.780029296875
median_score: -1187.5
std_score: 59.59708023071289
percentiles: 2%=-1359.1199951171875, 5%=-1296.199951171875, 10%=-1279.4000244140625, 25%=-1236.25, 50%=-1187.5, 75%=-1159.75, 90%=-1139.0, 95%=-1114.449951171875, 98%=-1102.52001953125
ranking_best_algo: Tabu
ranking_best_score: 1216.16
ranking_my_rank: 43/504 (91.7%)
ranking_my_percent: 91.66666666666667
