ConfigName: kjsd__advperagentrankweighted__M5__L8__eps0p01__g0p003__ds0p05__dm0p2
Problem: QUBO
Kernel: jsd
Advantage: peragentrankweighted
M: 5
lambda: 8
epsilon_svgd: 0.01
gamma: 0.003
decay_start_ratio: 0.05
decay_min_factor: 0.2
bandwith_kernel: None
no_interact: False
avg_score: -149.89999389648438
median_score: -149.0
std_score: 11.89915943145752
percentiles: 2%=-179.0, 5%=-179.0, 10%=-161.3000030517578, 25%=-157.25, 50%=-149.0, 75%=-140.0, 90%=-136.0, 95%=-135.0, 98%=-132.9600067138672
ranking_best_algo: CMApara
ranking_best_score: 154.28
ranking_my_rank: 76/504 (85.1%)
ranking_my_percent: 85.11904761904762
