ConfigName: kfr__advglobalrankweighted__M3__L8__eps0p01__g0p007__ds0p01__dm0p01
Problem: QUBO
Kernel: fr
Advantage: globalrankweighted
M: 3
lambda: 8
epsilon_svgd: 0.01
gamma: 0.007
decay_start_ratio: 0.01
decay_min_factor: 0.01
bandwith_kernel: None
no_interact: False
avg_score: -330.260009765625
median_score: -334.0
std_score: 23.4036808013916
percentiles: 2%=-372.0, 5%=-372.0, 10%=-354.1000061035156, 25%=-343.75, 50%=-334.0, 75%=-319.0, 90%=-292.8999938964844, 95%=-283.9000244140625, 98%=-280.0
ranking_best_algo: CMApara
ranking_best_score: 344.22
ranking_my_rank: 79/504 (84.5%)
ranking_my_percent: 84.52380952380952
