ConfigName: kjsd__advperagentrankweighted__M3__L24__eps0p007__g0p001__ds0p2__dm0p1
Problem: NK
Kernel: jsd
Advantage: peragentrankweighted
M: 3
lambda: 24
epsilon_svgd: 0.007
gamma: 0.001
decay_start_ratio: 0.2
decay_min_factor: 0.1
bandwith_kernel: None
no_interact: False
avg_score: 0.7358279228210449
median_score: 0.737747073173523
std_score: 0.008934630081057549
percentiles: 2%=0.7171173095703125, 5%=0.7195662260055542, 10%=0.722467839717865, 25%=0.7307410836219788, 50%=0.737747073173523, 75%=0.7426610589027405, 90%=0.7466883063316345, 95%=0.7478418946266174, 98%=0.7490748167037964
ranking_best_algo: PBIL
ranking_best_score: 0.7248786399609374
ranking_my_rank: 1/504 (100.0%)
ranking_my_percent: 100.0
