ConfigName: krbf__advglobalrankweighted__M4__L9__eps0p015__g0p003__ds0p01__dm0p01
Problem: QUBO
Kernel: rbf
Advantage: globalrankweighted
M: 4
lambda: 9
epsilon_svgd: 0.015
gamma: 0.003
decay_start_ratio: 0.01
decay_min_factor: 0.01
bandwith_kernel: None
no_interact: False
avg_score: -1292.5999755859375
median_score: -1297.0
std_score: 62.318058013916016
percentiles: 2%=-1417.3199462890625, 5%=-1385.0999755859375, 10%=-1365.0, 25%=-1336.0, 50%=-1297.0, 75%=-1253.5, 90%=-1210.9000244140625, 95%=-1197.8499755859375, 98%=-1187.5396728515625
ranking_best_algo: BigLognormalDiscreteOnePlusOne
ranking_best_score: 1301.3600000000004
ranking_my_rank: 2/504 (99.8%)
ranking_my_percent: 99.8015873015873
