ConfigName: kjsd__advperagentrankweighted__M4__L24__eps0p01__g0p0005__ds0p05__dm0p05
Problem: QUBO
Kernel: jsd
Advantage: peragentrankweighted
M: 4
lambda: 24
epsilon_svgd: 0.01
gamma: 0.0005
decay_start_ratio: 0.05
decay_min_factor: 0.05
bandwith_kernel: None
no_interact: False
avg_score: -3318.0
median_score: -3291.5
std_score: 122.45979309082031
percentiles: 2%=-3558.1201171875, 5%=-3534.550048828125, 10%=-3477.300048828125, 25%=-3406.5, 50%=-3291.5, 75%=-3232.0, 90%=-3176.5, 95%=-3136.89990234375, 98%=-3091.6201171875
ranking_best_algo: RLSOnePlusOne
ranking_best_score: 3316.5199999999995
ranking_my_rank: 1/504 (100.0%)
ranking_my_percent: 100.0
