ConfigName: krbf__advnormalizedfitness__M3__L10__eps0p015__g0p005__ds0p15__dm0p01
Problem: QUBO
Kernel: rbf
Advantage: normalizedfitness
M: 3
lambda: 10
epsilon_svgd: 0.015
gamma: 0.005
decay_start_ratio: 0.15
decay_min_factor: 0.01
bandwith_kernel: None
no_interact: False
avg_score: -582.3800048828125
median_score: -582.5
std_score: 27.204696655273438
percentiles: 2%=-633.0800170898438, 5%=-627.0499877929688, 10%=-623.2000122070312, 25%=-601.0, 50%=-582.5, 75%=-562.75, 90%=-549.9000244140625, 95%=-538.9000244140625, 98%=-530.8999633789062
ranking_best_algo: Tabu
ranking_best_score: 588.7199999999999
ranking_my_rank: 9/503 (98.4%)
ranking_my_percent: 98.40954274353876
