ConfigName: kjsd__advperagentrankweighted__M6__L12__eps0p008__g0p0005__ds0p3__dm0p05
Problem: QUBO
Kernel: jsd
Advantage: peragentrankweighted
M: 6
lambda: 12
epsilon_svgd: 0.008
gamma: 0.0005
decay_start_ratio: 0.3
decay_min_factor: 0.05
bandwith_kernel: None
no_interact: False
avg_score: -915.3200073242188
median_score: -917.0
std_score: 64.87986755371094
percentiles: 2%=-1044.3199462890625, 5%=-1020.1500244140625, 10%=-1001.4000244140625, 25%=-953.25, 50%=-917.0, 75%=-870.5, 90%=-820.7999877929688, 95%=-811.9500122070312, 98%=-796.97998046875
ranking_best_algo: CMAL3
ranking_best_score: 928.5800000000002
ranking_my_rank: 17/504 (96.8%)
ranking_my_percent: 96.82539682539682
