ConfigName: krbf__advnormalizedfitness__M2__L8__eps0p015__g0p015__ds0p3__dm0p01
Problem: NK
Kernel: rbf
Advantage: normalizedfitness
M: 2
lambda: 8
epsilon_svgd: 0.015
gamma: 0.015
decay_start_ratio: 0.3
decay_min_factor: 0.01
bandwith_kernel: None
no_interact: False
avg_score: 0.722107470035553
median_score: 0.721599817276001
std_score: 0.014336480759084225
percentiles: 2%=0.6986240148544312, 5%=0.7007631659507751, 10%=0.7020186185836792, 25%=0.7122921943664551, 50%=0.721599817276001, 75%=0.7310616970062256, 90%=0.7400059700012207, 95%=0.7456607818603516, 98%=0.7491697669029236
ranking_best_algo: Tabu
ranking_best_score: 0.7429702712499999
ranking_my_rank: 6/504 (99.0%)
ranking_my_percent: 99.0079365079365
