ConfigName: kjsd__advperagentrankweighted__M3__L18__eps0p007__g0p003__ds0p05__dm0p05
Problem: QUBO
Kernel: jsd
Advantage: peragentrankweighted
M: 3
lambda: 18
epsilon_svgd: 0.007
gamma: 0.003
decay_start_ratio: 0.05
decay_min_factor: 0.05
bandwith_kernel: None
no_interact: False
avg_score: -3129.659912109375
median_score: -3133.5
std_score: 164.1545867919922
percentiles: 2%=-3394.139892578125, 5%=-3386.14990234375, 10%=-3343.39990234375, 25%=-3229.5, 50%=-3133.5, 75%=-3022.25, 90%=-2937.699951171875, 95%=-2824.449951171875, 98%=-2801.419921875
ranking_best_algo: RLSOnePlusOne
ranking_best_score: 3316.5199999999995
ranking_my_rank: 77/504 (84.9%)
ranking_my_percent: 84.92063492063492
