ConfigName: kjsd__advperagentrankweighted__M3__L30__eps0p005__g0p0005__ds0p2__dm0p2
Problem: NK
Kernel: jsd
Advantage: peragentrankweighted
M: 3
lambda: 30
epsilon_svgd: 0.005
gamma: 0.0005
decay_start_ratio: 0.2
decay_min_factor: 0.2
bandwith_kernel: None
no_interact: False
avg_score: 0.7580535411834717
median_score: 0.7573704719543457
std_score: 0.011327316053211689
percentiles: 2%=0.7352299094200134, 5%=0.7419830560684204, 10%=0.7434279918670654, 25%=0.7504749894142151, 50%=0.7573704719543457, 75%=0.7648813724517822, 90%=0.7745495438575745, 95%=0.7778147459030151, 98%=0.7791762351989746
ranking_best_algo: Tabu
ranking_best_score: 0.7470791764843752
ranking_my_rank: 1/504 (100.0%)
ranking_my_percent: 100.0
