ConfigName: kfr__advglobalrankweighted__M5__L8__eps0p01__g0p007__ds0p01__dm0p01
Problem: QUBO
Kernel: fr
Advantage: globalrankweighted
M: 5
lambda: 8
epsilon_svgd: 0.01
gamma: 0.007
decay_start_ratio: 0.01
decay_min_factor: 0.01
bandwith_kernel: None
no_interact: False
avg_score: -411.0199890136719
median_score: -412.5
std_score: 28.831226348876953
percentiles: 2%=-465.0799865722656, 5%=-454.04998779296875, 10%=-444.1000061035156, 25%=-433.25, 50%=-412.5, 75%=-393.0, 90%=-374.0, 95%=-362.95001220703125, 98%=-345.8599853515625
ranking_best_algo: CMAL3
ranking_best_score: 435.36
ranking_my_rank: 170/504 (66.5%)
ranking_my_percent: 66.46825396825396
