ConfigName: krbf__advnormalizedfitness__M3__L12__eps0p025__g0p007__ds0p3__dm0p01
Problem: QUBO
Kernel: rbf
Advantage: normalizedfitness
M: 3
lambda: 12
epsilon_svgd: 0.025
gamma: 0.007
decay_start_ratio: 0.3
decay_min_factor: 0.01
bandwith_kernel: None
no_interact: False
avg_score: -1188.280029296875
median_score: -1179.5
std_score: 60.131038665771484
percentiles: 2%=-1335.1600341796875, 5%=-1288.300048828125, 10%=-1275.199951171875, 25%=-1220.25, 50%=-1179.5, 75%=-1143.75, 90%=-1124.9000244140625, 95%=-1103.800048828125, 98%=-1089.7799072265625
ranking_best_algo: Tabu
ranking_best_score: 1216.16
ranking_my_rank: 61/504 (88.1%)
ranking_my_percent: 88.0952380952381
