ConfigName: kfr__advglobalrankweighted__M6__L7__eps0p01__g0p007__ds0p01__dm0p01
Problem: QUBO
Kernel: fr
Advantage: globalrankweighted
M: 6
lambda: 7
epsilon_svgd: 0.01
gamma: 0.007
decay_start_ratio: 0.01
decay_min_factor: 0.01
bandwith_kernel: None
no_interact: False
avg_score: -1088.8800048828125
median_score: -1083.0
std_score: 73.30569458007812
percentiles: 2%=-1242.0400390625, 5%=-1201.5999755859375, 10%=-1186.0999755859375, 25%=-1144.25, 50%=-1083.0, 75%=-1046.5, 90%=-989.5, 95%=-958.800048828125, 98%=-951.7799682617188
ranking_best_algo: Tabu
ranking_best_score: 1216.16
ranking_my_rank: 214/504 (57.7%)
ranking_my_percent: 57.73809523809524
