ConfigName: krbf__advnormalizedfitness__M4__L8__eps0p033__g0p01__ds0p3__dm0p3
Problem: NK
Kernel: rbf
Advantage: normalizedfitness
M: 4
lambda: 8
epsilon_svgd: 0.033
gamma: 0.01
decay_start_ratio: 0.3
decay_min_factor: 0.3
bandwith_kernel: None
no_interact: False
avg_score: 0.7477954030036926
median_score: 0.7462257742881775
std_score: 0.015482727438211441
percentiles: 2%=0.7151258587837219, 5%=0.7272658348083496, 10%=0.7297256588935852, 25%=0.7367338538169861, 50%=0.7462257742881775, 75%=0.7574635744094849, 90%=0.7686620354652405, 95%=0.77768474817276, 98%=0.7829386591911316
ranking_best_algo: Tabu
ranking_best_score: 0.7470791764843752
ranking_my_rank: 1/504 (100.0%)
ranking_my_percent: 100.0
