ConfigName: kjsd__advperagentrankweighted__M5__L8__eps0p03__g0p0007__ds0p2__dm0p05
Problem: NK
Kernel: jsd
Advantage: peragentrankweighted
M: 5
lambda: 8
epsilon_svgd: 0.03
gamma: 0.0007
decay_start_ratio: 0.2
decay_min_factor: 0.05
bandwith_kernel: None
no_interact: False
avg_score: 0.7454834580421448
median_score: 0.7444988489151001
std_score: 0.016179144382476807
percentiles: 2%=0.7107029557228088, 5%=0.7242934703826904, 10%=0.726715087890625, 25%=0.7357989549636841, 50%=0.7444988489151001, 75%=0.7556402087211609, 90%=0.768324077129364, 95%=0.7737946510314941, 98%=0.7799124121665955
ranking_best_algo: Tabu
ranking_best_score: 0.7657846284375001
ranking_my_rank: 43/504 (91.7%)
ranking_my_percent: 91.66666666666667
