ConfigName: krbf__advnormalizedfitness__M4__L10__eps0p02__g0p0005__ds0p05__dm0p05
Problem: QUBO
Kernel: rbf
Advantage: normalizedfitness
M: 4
lambda: 10
epsilon_svgd: 0.02
gamma: 0.0005
decay_start_ratio: 0.05
decay_min_factor: 0.05
bandwith_kernel: None
no_interact: False
avg_score: -422.7799987792969
median_score: -422.5
std_score: 26.732595443725586
percentiles: 2%=-471.0199890136719, 5%=-469.1000061035156, 10%=-458.0, 25%=-444.0, 50%=-422.5, 75%=-401.0, 90%=-389.79998779296875, 95%=-381.95001220703125, 98%=-377.9800109863281
ranking_best_algo: CMApara
ranking_best_score: 453.82
ranking_my_rank: 129/504 (74.6%)
ranking_my_percent: 74.60317460317461
