ConfigName: kjsd__advperagentrankweighted__M3__L24__eps0p005__g0p001__ds0p05__dm0p05
Problem: QUBO
Kernel: jsd
Advantage: peragentrankweighted
M: 3
lambda: 24
epsilon_svgd: 0.005
gamma: 0.001
decay_start_ratio: 0.05
decay_min_factor: 0.05
bandwith_kernel: None
no_interact: False
avg_score: -2546.179931640625
median_score: -2547.5
std_score: 117.02737426757812
percentiles: 2%=-2754.179931640625, 5%=-2739.10009765625, 10%=-2705.199951171875, 25%=-2637.75, 50%=-2547.5, 75%=-2443.25, 90%=-2391.39990234375, 95%=-2371.85009765625, 98%=-2358.780029296875
ranking_best_algo: SVM1MetaModelLogNormal
ranking_best_score: 2605.14
ranking_my_rank: 42/504 (91.9%)
ranking_my_percent: 91.86507936507937
