ConfigName: krbf__advnormalizedfitness__M4__L10__eps0p015__g0p005__ds0p3__dm0p01
Problem: QUBO
Kernel: rbf
Advantage: normalizedfitness
M: 4
lambda: 10
epsilon_svgd: 0.015
gamma: 0.005
decay_start_ratio: 0.3
decay_min_factor: 0.01
bandwith_kernel: None
no_interact: False
avg_score: -1425.780029296875
median_score: -1406.0
std_score: 111.77214813232422
percentiles: 2%=-1656.239990234375, 5%=-1624.5999755859375, 10%=-1597.300048828125, 25%=-1511.25, 50%=-1406.0, 75%=-1349.0, 90%=-1285.0, 95%=-1261.0, 98%=-1251.0
ranking_best_algo: NLOPT_LN_PRAXIS
ranking_best_score: 1607.12
ranking_my_rank: 97/504 (81.0%)
ranking_my_percent: 80.95238095238095
