ConfigName: krbf__advnormalizedfitness__M3__L10__eps0p033__g0p015__ds0p15__dm0p01
Problem: QUBO
Kernel: rbf
Advantage: normalizedfitness
M: 3
lambda: 10
epsilon_svgd: 0.033
gamma: 0.015
decay_start_ratio: 0.15
decay_min_factor: 0.01
bandwith_kernel: None
no_interact: False
avg_score: -931.6199951171875
median_score: -928.5
std_score: 68.84355926513672
percentiles: 2%=-1063.1800537109375, 5%=-1046.0999755859375, 10%=-1024.0, 25%=-974.0, 50%=-928.5, 75%=-890.25, 90%=-840.4000244140625, 95%=-820.9000244140625, 98%=-782.7599487304688
ranking_best_algo: CMApara
ranking_best_score: 964.9
ranking_my_rank: 19/504 (96.4%)
ranking_my_percent: 96.42857142857143
