ConfigName: krbf__advnormalizedfitness__M2__L8__eps0p015__g0p007__ds0p3__dm0p01
Problem: QUBO
Kernel: rbf
Advantage: normalizedfitness
M: 2
lambda: 8
epsilon_svgd: 0.015
gamma: 0.007
decay_start_ratio: 0.3
decay_min_factor: 0.01
bandwith_kernel: None
no_interact: False
avg_score: -308.3999938964844
median_score: -306.0
std_score: 39.32734298706055
percentiles: 2%=-394.0, 5%=-386.29998779296875, 10%=-356.0, 25%=-334.5, 50%=-306.0, 75%=-274.75, 90%=-268.0, 95%=-261.6499938964844, 98%=-249.9600067138672
ranking_best_algo: CMApara
ranking_best_score: 319.29999999999995
ranking_my_rank: 89/504 (82.5%)
ranking_my_percent: 82.53968253968254
