ConfigName: krbf__advnormalizedfitness__M1__L10__eps0p015__g0p007__ds0p3__dm0p01
Problem: QUBO
Kernel: rbf
Advantage: normalizedfitness
M: 1
lambda: 10
epsilon_svgd: 0.015
gamma: 0.007
decay_start_ratio: 0.3
decay_min_factor: 0.01
bandwith_kernel: None
no_interact: False
avg_score: -1159.47998046875
median_score: -1150.5
std_score: 61.13026809692383
percentiles: 2%=-1297.6400146484375, 5%=-1271.0, 10%=-1235.0, 25%=-1200.25, 50%=-1150.5, 75%=-1121.75, 90%=-1083.300048828125, 95%=-1072.800048828125, 98%=-1051.9599609375
ranking_best_algo: Tabu
ranking_best_score: 1216.16
ranking_my_rank: 100/504 (80.4%)
ranking_my_percent: 80.35714285714286
