ConfigName: krbf__advnormalizedfitness__M1__L8__eps0p015__g0p005__ds0p15__dm0p01
Problem: QUBO
Kernel: rbf
Advantage: normalizedfitness
M: 1
lambda: 8
epsilon_svgd: 0.015
gamma: 0.005
decay_start_ratio: 0.15
decay_min_factor: 0.01
bandwith_kernel: None
no_interact: False
avg_score: -296.739990234375
median_score: -297.5
std_score: 43.15336227416992
percentiles: 2%=-380.1600036621094, 5%=-372.29998779296875, 10%=-346.79998779296875, 25%=-326.0, 50%=-297.5, 75%=-263.25, 90%=-250.0, 95%=-240.85000610351562, 98%=-233.9797821044922
ranking_best_algo: CMApara
ranking_best_score: 319.29999999999995
ranking_my_rank: 260/504 (48.6%)
ranking_my_percent: 48.611111111111114
