ConfigName: krbf__advnormalizedfitness__M3__L8__eps0p03__g0p005__ds0p15__dm0p05
Problem: QUBO
Kernel: rbf
Advantage: normalizedfitness
M: 3
lambda: 8
epsilon_svgd: 0.03
gamma: 0.005
decay_start_ratio: 0.15
decay_min_factor: 0.05
bandwith_kernel: None
no_interact: False
avg_score: -2590.4599609375
median_score: -2580.5
std_score: 155.6988983154297
percentiles: 2%=-2894.080078125, 5%=-2853.39990234375, 10%=-2814.10009765625, 25%=-2694.75, 50%=-2580.5, 75%=-2466.0, 90%=-2405.0, 95%=-2349.39990234375, 98%=-2307.360107421875
ranking_best_algo: DiscreteLengler2OnePlusOne
ranking_best_score: 2617.04
ranking_my_rank: 41/504 (92.1%)
ranking_my_percent: 92.06349206349206
