ConfigName: kjsd__advperagentrankweighted__M3__L18__eps0p01__g0p001__ds0p05__dm0p2
Problem: QUBO
Kernel: jsd
Advantage: peragentrankweighted
M: 3
lambda: 18
epsilon_svgd: 0.01
gamma: 0.001
decay_start_ratio: 0.05
decay_min_factor: 0.2
bandwith_kernel: None
no_interact: False
avg_score: -327.8999938964844
median_score: -334.0
std_score: 23.3861083984375
percentiles: 2%=-372.0, 5%=-361.54998779296875, 10%=-354.0, 25%=-342.25, 50%=-334.0, 75%=-314.75, 90%=-293.8999938964844, 95%=-289.8999938964844, 98%=-279.760009765625
ranking_best_algo: CMApara
ranking_best_score: 344.22
ranking_my_rank: 85/504 (83.3%)
ranking_my_percent: 83.33333333333333
