ConfigName: kjsd__advperagentrankweighted__M3__L16__eps0p01__g0p003__ds0p05__dm0p2
Problem: QUBO
Kernel: jsd
Advantage: peragentrankweighted
M: 3
lambda: 16
epsilon_svgd: 0.01
gamma: 0.003
decay_start_ratio: 0.05
decay_min_factor: 0.2
bandwith_kernel: None
no_interact: False
avg_score: -427.239990234375
median_score: -426.5
std_score: 26.603429794311523
percentiles: 2%=-475.0799865722656, 5%=-475.0, 10%=-465.0, 25%=-444.25, 50%=-426.5, 75%=-411.25, 90%=-391.0, 95%=-388.70001220703125, 98%=-378.8399963378906
ranking_best_algo: CMAL3
ranking_best_score: 435.36
ranking_my_rank: 19/504 (96.4%)
ranking_my_percent: 96.42857142857143
