ConfigName: kfr__advglobalrankweighted__M5__L9__eps0p02__g0p005__ds0p01__dm0p01
Problem: QUBO
Kernel: fr
Advantage: globalrankweighted
M: 5
lambda: 9
epsilon_svgd: 0.02
gamma: 0.005
decay_start_ratio: 0.01
decay_min_factor: 0.01
bandwith_kernel: None
no_interact: False
avg_score: -2433.639892578125
median_score: -2436.0
std_score: 127.92713165283203
percentiles: 2%=-2682.0, 5%=-2628.800048828125, 10%=-2578.699951171875, 25%=-2526.25, 50%=-2436.0, 75%=-2342.5, 90%=-2269.0, 95%=-2243.60009765625, 98%=-2193.52001953125
ranking_best_algo: SVM1MetaModelLogNormal
ranking_best_score: 2605.14
ranking_my_rank: 89/504 (82.5%)
ranking_my_percent: 82.53968253968254
