ConfigName: kjsd__advperagentrankweighted__M3__L24__eps0p007__g0p001__ds0p1__dm0p05
Problem: NK
Kernel: jsd
Advantage: peragentrankweighted
M: 3
lambda: 24
epsilon_svgd: 0.007
gamma: 0.001
decay_start_ratio: 0.1
decay_min_factor: 0.05
bandwith_kernel: None
no_interact: False
avg_score: 0.7080481648445129
median_score: 0.7111795544624329
std_score: 0.01181813981384039
percentiles: 2%=0.688163697719574, 5%=0.6892508268356323, 10%=0.6942369341850281, 25%=0.6966168880462646, 50%=0.7111795544624329, 75%=0.7177793979644775, 90%=0.7224035263061523, 95%=0.7235828042030334, 98%=0.724398136138916
ranking_best_algo: PBIL
ranking_best_score: 0.7013553837109374
ranking_my_rank: 1/504 (100.0%)
ranking_my_percent: 100.0
