ConfigName: kjsd__advperagentrankweighted__M3__L16__eps0p007__g0p001__ds0p1__dm0p05
Problem: QUBO
Kernel: jsd
Advantage: peragentrankweighted
M: 3
lambda: 16
epsilon_svgd: 0.007
gamma: 0.001
decay_start_ratio: 0.1
decay_min_factor: 0.05
bandwith_kernel: None
no_interact: False
avg_score: -324.3800048828125
median_score: -330.0
std_score: 23.851533889770508
percentiles: 2%=-361.0, 5%=-354.1499938964844, 10%=-350.0, 25%=-342.0, 50%=-330.0, 75%=-303.75, 90%=-290.8999938964844, 95%=-282.0, 98%=-275.8800048828125
ranking_best_algo: CMApara
ranking_best_score: 344.22
ranking_my_rank: 126/504 (75.2%)
ranking_my_percent: 75.1984126984127
