ConfigName: kjsd__advperagentrankweighted__M4__L8__eps0p03__g0p0003__ds0p05__dm0p05
Problem: NK
Kernel: jsd
Advantage: peragentrankweighted
M: 4
lambda: 8
epsilon_svgd: 0.03
gamma: 0.0003
decay_start_ratio: 0.05
decay_min_factor: 0.05
bandwith_kernel: None
no_interact: False
avg_score: 0.7136057019233704
median_score: 0.7138282060623169
std_score: 0.00900774821639061
percentiles: 2%=0.6948772072792053, 5%=0.6992397904396057, 10%=0.7017235159873962, 25%=0.7075955271720886, 50%=0.7138282060623169, 75%=0.7208011150360107, 90%=0.7246135473251343, 95%=0.7259238958358765, 98%=0.7281493544578552
ranking_best_algo: PBIL
ranking_best_score: 0.7248786399609374
ranking_my_rank: 52/504 (89.9%)
ranking_my_percent: 89.88095238095238
