ConfigName: krbf__advnormalizedfitness__M3__L12__eps0p033__g0p01__ds0p15__dm0p01
Problem: QUBO
Kernel: rbf
Advantage: normalizedfitness
M: 3
lambda: 12
epsilon_svgd: 0.033
gamma: 0.01
decay_start_ratio: 0.15
decay_min_factor: 0.01
bandwith_kernel: None
no_interact: False
avg_score: -2546.0
median_score: -2546.5
std_score: 145.3104248046875
percentiles: 2%=-2796.719970703125, 5%=-2769.10009765625, 10%=-2740.199951171875, 25%=-2648.0, 50%=-2546.5, 75%=-2453.0, 90%=-2357.60009765625, 95%=-2323.60009765625, 98%=-2253.3798828125
ranking_best_algo: DiscreteLengler2OnePlusOne
ranking_best_score: 2617.04
ranking_my_rank: 56/504 (89.1%)
ranking_my_percent: 89.08730158730158
