ConfigName: kjsd__advperagentrankweighted__M5__L8__eps0p005__g0p0007__ds0p05__dm0p05
Problem: QUBO
Kernel: jsd
Advantage: peragentrankweighted
M: 5
lambda: 8
epsilon_svgd: 0.005
gamma: 0.0007
decay_start_ratio: 0.05
decay_min_factor: 0.05
bandwith_kernel: None
no_interact: False
avg_score: -1619.1199951171875
median_score: -1622.5
std_score: 55.06365203857422
percentiles: 2%=-1727.0799560546875, 5%=-1711.449951171875, 10%=-1693.4000244140625, 25%=-1656.25, 50%=-1622.5, 75%=-1580.5, 90%=-1555.0, 95%=-1534.5, 98%=-1510.9599609375
ranking_best_algo: NLOPT_LN_PRAXIS
ranking_best_score: 1607.12
ranking_my_rank: 1/504 (100.0%)
ranking_my_percent: 100.0
