ConfigName: kjsd__advperagentrankweighted__M3__L16__eps0p005__g0p003__ds0p1__dm0p1
Problem: QUBO
Kernel: jsd
Advantage: peragentrankweighted
M: 3
lambda: 16
epsilon_svgd: 0.005
gamma: 0.003
decay_start_ratio: 0.1
decay_min_factor: 0.1
bandwith_kernel: None
no_interact: False
avg_score: -412.5
median_score: -415.0
std_score: 29.30989646911621
percentiles: 2%=-477.0, 5%=-457.29998779296875, 10%=-447.20001220703125, 25%=-434.0, 50%=-415.0, 75%=-390.0, 90%=-375.3999938964844, 95%=-366.0, 98%=-361.760009765625
ranking_best_algo: Tabu
ranking_best_score: 438.12
ranking_my_rank: 67/504 (86.9%)
ranking_my_percent: 86.9047619047619
