step,best_fitness,avg_hamming,avg_l1,avg_entropy,mean,median,std,2%,5%,10%,25%,50%,75%,90%,95%,98%
44,-511.41998291015625,127.67527770996094,10.967689514160156,176.3828468322754,-511.4200134277344,-501.0,107.79120635986328,-731.4000244140625,-708.4000244140625,-665.2000122070312,-586.5,-501.0,-423.0,-383.70001220703125,-358.70001220703125,-349.8399963378906
88,-592.5599975585938,127.37459564208984,13.680440902709961,175.6663589477539,-592.5599975585938,-579.5,113.07344818115234,-858.3800048828125,-751.4500122070312,-732.4000244140625,-651.0,-579.5,-521.75,-468.70001220703125,-431.1000061035156,-393.94000244140625
132,-627.3399658203125,127.06492614746094,15.910848617553711,174.94421768188477,-627.3400268554688,-613.0,105.4339828491211,-858.3800048828125,-789.5499877929688,-751.4000244140625,-679.0,-613.0,-558.75,-505.79998779296875,-483.79998779296875,-460.4200134277344
176,-640.6799926757812,126.74046325683594,17.804702758789062,174.21200561523438,-640.6799926757812,-628.5,101.52880096435547,-858.3800048828125,-789.5499877929688,-756.0,-692.25,-628.5,-578.75,-535.5999755859375,-483.79998779296875,-460.8599853515625
220,-658.7799682617188,126.42292785644531,19.515335083007812,173.48748397827148,-658.780029296875,-656.0,95.32256317138672,-858.3800048828125,-800.4500122070312,-756.4000244140625,-713.0,-656.0,-597.0,-541.7999877929688,-518.5999755859375,-503.8599853515625
264,-672.9599609375,126.13247680664062,21.080358505249023,172.79297256469727,-672.9600219726562,-666.5,88.73892974853516,-858.3800048828125,-810.3499755859375,-760.7000122070312,-713.75,-666.5,-619.5,-577.5,-541.5999755859375,-506.94000244140625
308,-680.8999633789062,125.82781982421875,22.529136657714844,172.08206176757812,-680.9000244140625,-677.5,89.40330505371094,-858.3800048828125,-826.5,-776.4000244140625,-724.25,-677.5,-620.0,-578.0,-563.0999755859375,-533.4600219726562
352,-696.5799560546875,125.52676391601562,23.9014949798584,171.36963272094727,-696.5800170898438,-686.5,94.13810729980469,-975.4199829101562,-836.4000244140625,-819.7000122070312,-742.25,-686.5,-627.75,-589.7000122070312,-571.75,-545.5800170898438
396,-706.3200073242188,125.20701599121094,25.166715621948242,170.64326858520508,-706.3200073242188,-692.5,91.42153930664062,-975.4199829101562,-836.4000244140625,-828.0999755859375,-747.25,-692.5,-656.25,-606.0,-585.5999755859375,-563.219970703125
440,-713.4199829101562,124.87248229980469,26.364805221557617,169.90394592285156,-713.4199829101562,-693.5,88.27130126953125,-975.4199829101562,-844.4000244140625,-829.2999877929688,-755.25,-693.5,-664.0,-619.9000244140625,-599.5,-573.7999877929688
484,-727.97998046875,124.52743530273438,27.50243377685547,169.14084243774414,-727.97998046875,-711.5,87.78633117675781,-975.4199829101562,-868.5999755859375,-836.0,-767.25,-711.5,-675.0,-639.4000244140625,-617.9000244140625,-599.739990234375
528,-735.0,124.19233703613281,28.579280853271484,168.40579986572266,-735.0,-719.0,83.50688171386719,-975.4199829101562,-868.5999755859375,-836.0,-770.5,-719.0,-677.75,-645.5,-620.9500122070312,-615.7999877929688
572,-741.0799560546875,123.8212890625,29.540008544921875,167.6439666748047,-741.0800170898438,-730.5,82.64812469482422,-975.4199829101562,-868.5999755859375,-839.5,-781.25,-730.5,-682.0,-663.9000244140625,-639.25,-617.9600219726562
616,-754.5999755859375,123.4773178100586,30.517066955566406,166.88997650146484,-754.5999755859375,-741.5,81.625244140625,-975.4199829101562,-880.5499877929688,-852.4000244140625,-803.25,-741.5,-693.0,-669.7000122070312,-659.25,-620.9400024414062
660,-770.719970703125,123.11409759521484,31.471572875976562,166.1157569885254,-770.719970703125,-757.0,84.08377838134766,-997.47998046875,-905.2000122070312,-859.0,-826.5,-757.0,-712.5,-681.7000122070312,-666.8499755859375,-659.2999877929688
704,-777.3599853515625,122.7441635131836,32.37648010253906,165.33341598510742,-777.3599853515625,-763.5,81.42573547363281,-997.47998046875,-905.2000122070312,-859.0,-828.25,-763.5,-719.5,-691.0999755859375,-675.7000122070312,-663.9199829101562
748,-784.8399658203125,122.36822509765625,33.213401794433594,164.55999755859375,-784.8400268554688,-765.5,82.48377990722656,-997.47998046875,-928.6500244140625,-880.2000122070312,-832.75,-765.5,-730.5,-692.9000244140625,-676.9500122070312,-666.9400024414062
792,-792.0199584960938,121.99520111083984,34.095211029052734,163.7674331665039,-792.02001953125,-776.0,82.11771392822266,-997.47998046875,-941.8499755859375,-882.0,-836.0,-776.0,-736.75,-695.7999877929688,-678.9000244140625,-666.9400024414062
836,-801.0999755859375,121.60137939453125,34.896949768066406,162.95689392089844,-801.0999755859375,-791.0,83.68292236328125,-1056.280029296875,-958.8499755859375,-896.2999877929688,-839.25,-791.0,-745.0,-703.4000244140625,-691.5,-676.739990234375
880,-815.7000122070312,121.1810302734375,35.72932052612305,162.10128784179688,-815.7000122070312,-804.5,85.2630615234375,-1056.280029296875,-975.3499755859375,-926.5999755859375,-851.25,-804.5,-760.75,-719.7999877929688,-696.0,-678.9600219726562
924,-821.739990234375,120.7660140991211,36.50997543334961,161.2591552734375,-821.739990234375,-815.5,84.45834350585938,-1056.280029296875,-975.3499755859375,-926.5999755859375,-856.5,-815.5,-762.75,-720.0,-697.9000244140625,-693.8599853515625
968,-826.5199584960938,120.34367370605469,37.23095703125,160.41196823120117,-826.52001953125,-822.0,83.84038543701172,-1056.280029296875,-975.3499755859375,-941.5,-871.0,-822.0,-763.75,-736.0,-712.5499877929688,-695.9600219726562
1012,-850.47998046875,119.89495849609375,37.887535095214844,159.55681228637695,-850.47998046875,-837.0,88.84486389160156,-1061.1800537109375,-1046.449951171875,-975.7000122070312,-900.25,-837.0,-788.0,-755.0,-735.5999755859375,-712.6599731445312
1056,-874.6599731445312,119.39228820800781,38.577064514160156,158.62661743164062,-874.6599731445312,-856.5,96.3552017211914,-1095.1400146484375,-1056.25,-1013.7000122070312,-917.25,-856.5,-805.25,-759.7999877929688,-745.9500122070312,-735.5399780273438
1100,-890.5599975585938,118.88951110839844,39.18052673339844,157.72664260864258,-890.5599975585938,-881.5,90.37348175048828,-1095.1400146484375,-1056.25,-1013.7000122070312,-941.5,-881.5,-825.75,-782.7999877929688,-757.9000244140625,-745.9400024414062
1144,-907.4199829101562,118.38912200927734,39.78730010986328,156.8195343017578,-907.4199829101562,-899.5,87.47058868408203,-1118.6600341796875,-1061.449951171875,-1037.9000244140625,-958.25,-899.5,-845.5,-802.9000244140625,-782.9000244140625,-769.7999877929688
1188,-925.0399780273438,117.8283920288086,40.32347106933594,155.85131072998047,-925.0399780273438,-911.0,90.9355697631836,-1151.239990234375,-1071.199951171875,-1055.0999755859375,-982.0,-911.0,-860.0,-815.5999755859375,-799.7999877929688,-769.7999877929688
1232,-937.9400024414062,117.33781433105469,40.8711051940918,154.96175003051758,-937.9400024414062,-919.0,91.69600677490234,-1151.239990234375,-1094.4000244140625,-1056.199951171875,-996.0,-919.0,-876.25,-825.5999755859375,-801.9000244140625,-780.780029296875
1276,-956.7999877929688,116.74834442138672,41.34685516357422,153.97550582885742,-956.7999877929688,-945.5,91.64321899414062,-1163.0400390625,-1119.5999755859375,-1073.199951171875,-1009.25,-945.5,-892.25,-857.7000122070312,-821.75,-801.8800048828125
1320,-974.97998046875,116.16314697265625,41.87962341308594,152.96995544433594,-974.97998046875,-961.5,97.66534423828125,-1170.8800048828125,-1151.5999755859375,-1107.5999755859375,-1051.0,-961.5,-906.75,-873.4000244140625,-839.1500244140625,-805.7999877929688
1364,-996.1199951171875,115.56999206542969,42.367889404296875,151.9655532836914,-996.1199951171875,-983.0,105.42156219482422,-1214.800048828125,-1163.0999755859375,-1145.199951171875,-1068.5,-983.0,-913.75,-882.5999755859375,-856.25,-805.7999877929688
1408,-1020.8599853515625,114.9511947631836,42.825843811035156,150.92909622192383,-1020.8599853515625,-999.5,117.11353302001953,-1289.3599853515625,-1215.300048828125,-1163.199951171875,-1088.0,-999.5,-928.0,-891.7999877929688,-877.9500122070312,-857.280029296875
1452,-1045.199951171875,114.36456298828125,43.30280685424805,149.91290664672852,-1045.199951171875,-1032.0,119.84172821044922,-1299.1600341796875,-1240.699951171875,-1214.800048828125,-1130.0,-1032.0,-955.5,-904.5999755859375,-886.6500244140625,-877.97998046875
1496,-1066.0,113.72314453125,43.72301483154297,148.8562240600586,-1066.0,-1054.5,112.54723358154297,-1299.1600341796875,-1254.949951171875,-1222.800048828125,-1142.75,-1054.5,-986.25,-918.7999877929688,-905.75,-891.760009765625
1540,-1089.9000244140625,113.10027313232422,44.11573791503906,147.82059860229492,-1089.9000244140625,-1072.5,111.59564971923828,-1299.1600341796875,-1273.75,-1240.0,-1160.0,-1072.5,-1021.0,-933.2000122070312,-911.9500122070312,-894.9400024414062
1584,-1111.6400146484375,112.46318817138672,44.51007843017578,146.76153564453125,-1111.6400146484375,-1109.5,114.54829406738281,-1356.3599853515625,-1293.25,-1267.199951171875,-1187.0,-1109.5,-1036.0,-969.7999877929688,-932.6500244140625,-918.52001953125
1628,-1129.0,111.85192108154297,44.926185607910156,145.71441650390625,-1129.0,-1128.0,111.36390686035156,-1356.3599853515625,-1298.5999755859375,-1276.699951171875,-1208.25,-1128.0,-1046.5,-993.2999877929688,-949.9500122070312,-927.8200073242188
1672,-1149.219970703125,111.17535400390625,45.28287887573242,144.61204147338867,-1149.219970703125,-1148.5,111.4561538696289,-1396.0400390625,-1317.949951171875,-1293.4000244140625,-1218.25,-1148.5,-1061.5,-1004.5,-985.75,-948.760009765625
1716,-1173.52001953125,110.53963470458984,45.6798210144043,143.53684616088867,-1173.52001953125,-1166.0,113.67289733886719,-1425.0400390625,-1374.199951171875,-1310.0999755859375,-1230.75,-1166.0,-1094.0,-1040.699951171875,-1005.9500122070312,-986.5
1760,-1209.8800048828125,109.84284973144531,46.01610565185547,142.39538955688477,-1209.8800048828125,-1203.0,110.78043365478516,-1476.4000244140625,-1399.300048828125,-1350.800048828125,-1277.5,-1203.0,-1135.25,-1079.9000244140625,-1047.699951171875,-1004.9000244140625
1804,-1232.199951171875,109.14430236816406,46.33100891113281,141.27968215942383,-1232.199951171875,-1217.0,114.81707000732422,-1496.5400390625,-1439.050048828125,-1398.800048828125,-1294.0,-1217.0,-1156.25,-1103.800048828125,-1061.9000244140625,-1047.300048828125
1848,-1255.47998046875,108.49026489257812,46.638336181640625,140.1898956298828,-1255.47998046875,-1233.0,122.11032104492188,-1532.4000244140625,-1477.0,-1426.300048828125,-1332.5,-1233.0,-1169.75,-1106.9000244140625,-1093.3499755859375,-1058.3599853515625
1892,-1282.6400146484375,107.79766082763672,46.864376068115234,139.08832168579102,-1282.6400146484375,-1273.5,131.31759643554688,-1552.5999755859375,-1519.199951171875,-1446.9000244140625,-1380.0,-1273.5,-1188.75,-1121.5999755859375,-1102.0,-1058.3599853515625
1936,-1308.0999755859375,107.07658386230469,47.13152313232422,137.93328857421875,-1308.0999755859375,-1296.5,134.85025024414062,-1636.06005859375,-1533.0,-1481.5999755859375,-1391.25,-1296.5,-1205.75,-1136.300048828125,-1106.949951171875,-1101.239990234375
1980,-1334.0399169921875,106.35440063476562,47.342979431152344,136.81019973754883,-1334.0400390625,-1325.0,137.17404174804688,-1640.02001953125,-1574.300048828125,-1519.5999755859375,-1417.75,-1325.0,-1227.5,-1173.5999755859375,-1122.949951171875,-1105.9200439453125
2024,-1365.5399169921875,105.60994720458984,47.520263671875,135.67498397827148,-1365.5400390625,-1369.0,137.95863342285156,-1644.199951171875,-1593.800048828125,-1542.699951171875,-1440.5,-1369.0,-1273.75,-1192.5999755859375,-1168.800048828125,-1122.6600341796875
2068,-1388.5599365234375,104.88945770263672,47.71763610839844,134.5517692565918,-1388.56005859375,-1376.5,139.6117706298828,-1752.219970703125,-1639.1500244140625,-1580.199951171875,-1464.0,-1376.5,-1291.5,-1214.9000244140625,-1197.949951171875,-1173.43994140625
2112,-1419.1400146484375,104.19661712646484,47.9403190612793,133.43025970458984,-1419.1400146484375,-1408.5,134.46109008789062,-1764.02001953125,-1639.1500244140625,-1583.0,-1500.25,-1408.5,-1322.75,-1245.800048828125,-1214.0,-1208.3800048828125
2156,-1433.4000244140625,103.43939208984375,48.112396240234375,132.23938751220703,-1433.4000244140625,-1419.0,134.32394409179688,-1764.02001953125,-1644.800048828125,-1595.800048828125,-1510.0,-1419.0,-1346.25,-1263.5,-1240.25,-1208.93994140625
2200,-1462.7799072265625,102.71897888183594,48.2998046875,131.0931282043457,-1462.780029296875,-1454.5,144.0571746826172,-1825.52001953125,-1734.199951171875,-1629.0999755859375,-1543.25,-1454.5,-1380.25,-1274.300048828125,-1245.9000244140625,-1227.9000244140625
2244,-1505.179931640625,101.99491882324219,48.44573974609375,129.95598602294922,-1505.1800537109375,-1504.5,142.62205505371094,-1825.52001953125,-1739.25,-1691.699951171875,-1577.5,-1504.5,-1404.0,-1321.5999755859375,-1297.6500244140625,-1266.8399658203125
2288,-1531.3800048828125,101.2528076171875,48.54696273803711,128.80968475341797,-1531.3800048828125,-1516.5,136.11309814453125,-1825.52001953125,-1773.050048828125,-1729.5,-1605.5,-1516.5,-1437.75,-1382.0,-1321.9000244140625,-1309.6199951171875
2332,-1551.5999755859375,100.49092102050781,48.62976837158203,127.66090774536133,-1551.5999755859375,-1528.5,138.4336700439453,-1841.199951171875,-1774.3499755859375,-1742.5999755859375,-1612.25,-1528.5,-1464.25,-1395.5999755859375,-1361.4000244140625,-1334.1199951171875
2376,-1570.2799072265625,99.75041198730469,48.72370529174805,126.52210426330566,-1570.280029296875,-1555.0,139.4454803466797,-1881.3800048828125,-1783.1500244140625,-1750.5999755859375,-1652.25,-1555.0,-1479.25,-1404.699951171875,-1381.8499755859375,-1348.8199462890625
2420,-1598.919921875,99.03074645996094,48.82634735107422,125.3973159790039,-1598.9200439453125,-1574.5,139.25816345214844,-1882.739990234375,-1835.25,-1774.300048828125,-1676.25,-1574.5,-1513.25,-1430.4000244140625,-1381.8499755859375,-1353.93994140625
2464,-1626.8800048828125,98.35558319091797,48.92249298095703,124.32099533081055,-1626.8800048828125,-1602.5,145.45303344726562,-1931.739990234375,-1882.6500244140625,-1824.5999755859375,-1725.75,-1602.5,-1545.75,-1455.199951171875,-1390.550048828125,-1361.8399658203125
2508,-1649.2999267578125,97.62254333496094,48.967735290527344,123.20422172546387,-1649.300048828125,-1623.0,147.71792602539062,-1968.47998046875,-1931.25,-1845.699951171875,-1740.25,-1623.0,-1562.25,-1468.5999755859375,-1418.8499755859375,-1378.6600341796875
2552,-1680.7799072265625,96.90419006347656,49.06146240234375,122.06491661071777,-1680.780029296875,-1662.5,146.2530517578125,-1968.47998046875,-1935.050048828125,-1882.5,-1751.25,-1662.5,-1588.0,-1492.699951171875,-1452.5,-1381.5999755859375
2596,-1704.3599853515625,96.19384765625,49.128875732421875,120.94126892089844,-1704.3599853515625,-1690.5,154.00894165039062,-2058.43994140625,-1970.050048828125,-1917.0999755859375,-1775.75,-1690.5,-1607.75,-1523.9000244140625,-1469.1500244140625,-1427.1600341796875
2640,-1732.0799560546875,95.42976379394531,49.12874984741211,119.80885124206543,-1732.0799560546875,-1716.5,154.70925903320312,-2080.320068359375,-2025.3499755859375,-1938.0999755859375,-1834.0,-1716.5,-1620.0,-1563.5,-1494.0,-1452.800048828125
2684,-1751.2799072265625,94.67648315429688,49.143001556396484,118.66850852966309,-1751.280029296875,-1733.5,157.1826934814453,-2080.320068359375,-2051.199951171875,-1970.4000244140625,-1848.5,-1733.5,-1640.5,-1567.800048828125,-1513.199951171875,-1452.800048828125
2728,-1778.5599365234375,93.9817123413086,49.20442199707031,117.55905532836914,-1778.56005859375,-1748.0,165.0749053955078,-2097.679931640625,-2056.10009765625,-1997.800048828125,-1894.0,-1748.0,-1671.75,-1575.800048828125,-1548.699951171875,-1452.800048828125
2772,-1806.93994140625,93.31629943847656,49.30750274658203,116.45792579650879,-1806.93994140625,-1805.0,159.67140197753906,-2097.679931640625,-2080.0,-2026.300048828125,-1913.25,-1805.0,-1702.5,-1607.800048828125,-1563.550048828125,-1523.97998046875
2816,-1830.199951171875,92.55882263183594,49.317474365234375,115.28679466247559,-1830.199951171875,-1823.5,159.0181121826172,-2138.840087890625,-2080.75,-2047.800048828125,-1933.5,-1823.5,-1714.25,-1624.800048828125,-1591.25,-1528.9000244140625
2860,-1854.8199462890625,91.83920288085938,49.31940841674805,114.15123748779297,-1854.8199462890625,-1853.5,155.56866455078125,-2138.840087890625,-2095.050048828125,-2055.10009765625,-1967.0,-1853.5,-1743.5,-1653.800048828125,-1591.449951171875,-1545.6600341796875
2904,-1881.8800048828125,91.08995819091797,49.32737731933594,112.98291015625,-1881.8800048828125,-1880.0,151.32554626464844,-2166.6201171875,-2122.800048828125,-2065.60009765625,-1989.25,-1880.0,-1797.5,-1705.699951171875,-1619.4000244140625,-1576.3800048828125
2948,-1905.199951171875,90.42992401123047,49.37194061279297,111.89993858337402,-1905.199951171875,-1901.0,151.6447296142578,-2181.320068359375,-2165.050048828125,-2097.0,-2014.25,-1901.0,-1806.75,-1722.199951171875,-1624.75,-1611.5999755859375
2992,-1935.8399658203125,89.7453842163086,49.39188766479492,110.81937408447266,-1935.8399658203125,-1931.0,154.9317626953125,-2294.139892578125,-2212.14990234375,-2139.199951171875,-2030.25,-1931.0,-1837.5,-1735.300048828125,-1700.3499755859375,-1642.5
3036,-1956.3399658203125,89.0660629272461,49.45371627807617,109.69119453430176,-1956.3399658203125,-1948.5,153.60000610351562,-2294.139892578125,-2215.949951171875,-2151.60009765625,-2044.75,-1948.5,-1849.75,-1788.4000244140625,-1722.949951171875,-1649.9599609375
3080,-1980.179931640625,88.41732025146484,49.50563049316406,108.59462928771973,-1980.1800537109375,-1967.5,159.42575073242188,-2359.179931640625,-2237.0,-2181.60009765625,-2072.25,-1967.5,-1869.0,-1796.5,-1744.9000244140625,-1680.3800048828125
3124,-1998.0599365234375,87.72579193115234,49.481529235839844,107.51280212402344,-1998.06005859375,-1992.0,157.17733764648438,-2359.179931640625,-2294.199951171875,-2196.800048828125,-2085.25,-1992.0,-1886.5,-1812.699951171875,-1765.449951171875,-1685.9000244140625
3168,-2009.6400146484375,87.04585266113281,49.497005462646484,106.40520858764648,-2009.6400146484375,-2003.0,154.8110809326172,-2359.179931640625,-2296.10009765625,-2197.89990234375,-2096.25,-2003.0,-1908.0,-1819.5999755859375,-1790.699951171875,-1704.6199951171875
3212,-2031.0799560546875,86.34281921386719,49.43302536010742,105.33063125610352,-2031.0799560546875,-2012.5,159.75741577148438,-2417.0,-2328.449951171875,-2236.60009765625,-2119.75,-2012.5,-1946.75,-1834.4000244140625,-1806.25,-1704.6199951171875
3256,-2043.5999755859375,85.64045715332031,49.35974884033203,104.23841857910156,-2043.5999755859375,-2020.0,162.62374877929688,-2417.0,-2356.10009765625,-2245.60009765625,-2127.25,-2020.0,-1965.0,-1834.4000244140625,-1806.25,-1704.6199951171875
3300,-2068.159912109375,84.95518493652344,49.274314880371094,103.18881607055664,-2068.159912109375,-2048.5,161.13861083984375,-2417.0,-2356.10009765625,-2278.699951171875,-2157.75,-2048.5,-1979.0,-1898.0999755859375,-1813.0,-1723.239990234375
3344,-2086.83984375,84.30076599121094,49.2183952331543,102.16378021240234,-2086.840087890625,-2072.5,163.62351989746094,-2424.39990234375,-2417.0,-2302.0,-2170.5,-2072.5,-1989.5,-1912.5,-1816.800048828125,-1795.760009765625
3388,-2116.719970703125,83.61756134033203,49.14806365966797,101.1001205444336,-2116.719970703125,-2085.0,164.54615783691406,-2450.39990234375,-2417.0,-2314.60009765625,-2211.75,-2085.0,-2018.75,-1937.9000244140625,-1861.4000244140625,-1812.9000244140625
3432,-2138.97998046875,82.94857788085938,49.10297393798828,100.01768684387207,-2138.97998046875,-2114.5,172.74571228027344,-2474.1201171875,-2418.050048828125,-2358.5,-2237.0,-2114.5,-2028.5,-1943.4000244140625,-1894.300048828125,-1854.06005859375
3476,-2165.35986328125,82.26719665527344,49.041542053222656,98.93352317810059,-2165.360107421875,-2142.0,176.87892150878906,-2504.5,-2452.64990234375,-2396.10009765625,-2278.25,-2142.0,-2054.0,-1960.5999755859375,-1919.949951171875,-1854.06005859375
3520,-2180.85986328125,81.60478973388672,48.951385498046875,97.8967342376709,-2180.860107421875,-2172.0,173.79925537109375,-2504.5,-2452.64990234375,-2407.10009765625,-2278.25,-2172.0,-2069.5,-1985.4000244140625,-1922.1500244140625,-1856.02001953125
3564,-2197.800048828125,80.9737319946289,48.894683837890625,96.87936592102051,-2197.800048828125,-2190.5,175.5552215576172,-2533.89990234375,-2471.10009765625,-2438.5,-2287.5,-2190.5,-2084.75,-1988.0,-1922.1500244140625,-1873.6600341796875
3608,-2219.219970703125,80.33689880371094,48.8267936706543,95.84728813171387,-2219.219970703125,-2216.5,177.84474182128906,-2698.1201171875,-2492.60009765625,-2444.5,-2318.25,-2216.5,-2100.75,-2026.199951171875,-1942.949951171875,-1874.02001953125
3652,-2237.4599609375,79.76643371582031,48.79421615600586,94.88033485412598,-2237.4599609375,-2238.5,179.96197509765625,-2698.1201171875,-2507.39990234375,-2465.5,-2342.0,-2238.5,-2117.25,-2045.800048828125,-1978.3499755859375,-1874.02001953125
3696,-2249.199951171875,79.13812255859375,48.71445846557617,93.87666511535645,-2249.199951171875,-2242.5,179.1011962890625,-2704.320068359375,-2532.10009765625,-2471.60009765625,-2343.75,-2242.5,-2127.5,-2049.60009765625,-1998.300048828125,-1913.219970703125
3740,-2263.579833984375,78.5383529663086,48.646690368652344,92.88836669921875,-2263.580078125,-2251.0,181.15093994140625,-2721.89990234375,-2552.64990234375,-2471.60009765625,-2360.25,-2251.0,-2135.5,-2059.0,-2042.25,-1914.300048828125
3784,-2289.83984375,77.87396240234375,48.52404022216797,91.84771537780762,-2289.840087890625,-2285.5,180.69580078125,-2721.89990234375,-2576.64990234375,-2520.60009765625,-2388.75,-2285.5,-2177.5,-2069.89990234375,-2057.25,-1964.47998046875
3828,-2309.33984375,77.23941802978516,48.36933135986328,90.90161895751953,-2309.340087890625,-2318.0,172.1749267578125,-2739.5400390625,-2576.64990234375,-2526.60009765625,-2392.75,-2318.0,-2210.5,-2086.800048828125,-2059.0,-1982.6600341796875
3872,-2331.0,76.59629821777344,48.21270751953125,89.92808532714844,-2331.0,-2324.0,182.59254455566406,-2797.360107421875,-2637.35009765625,-2578.199951171875,-2414.75,-2324.0,-2234.5,-2120.0,-2071.800048828125,-1982.6600341796875
3916,-2357.760009765625,75.99393463134766,48.127777099609375,88.94880485534668,-2357.760009765625,-2348.0,176.42784118652344,-2797.360107421875,-2644.89990234375,-2578.199951171875,-2454.75,-2348.0,-2247.75,-2130.0,-2114.050048828125,-1987.9000244140625
3960,-2369.139892578125,75.44671630859375,48.08747863769531,88.00319290161133,-2369.139892578125,-2359.5,183.1502685546875,-2815.300048828125,-2650.60009765625,-2601.699951171875,-2473.75,-2359.5,-2247.75,-2130.0,-2114.050048828125,-2021.219970703125
4004,-2382.9599609375,74.86160278320312,47.989295959472656,87.05392265319824,-2382.9599609375,-2373.0,182.80239868164062,-2815.300048828125,-2679.300048828125,-2602.800048828125,-2479.25,-2373.0,-2275.25,-2143.89990234375,-2118.800048828125,-2023.699951171875
4048,-2396.239990234375,74.28314208984375,47.8768310546875,86.11687469482422,-2396.239990234375,-2376.0,180.52915954589844,-2815.89990234375,-2742.35009765625,-2602.800048828125,-2500.25,-2376.0,-2301.0,-2143.89990234375,-2118.800048828125,-2105.080078125
4092,-2414.9599609375,73.71399688720703,47.79034423828125,85.15031051635742,-2414.9599609375,-2402.5,186.22340393066406,-2816.93994140625,-2746.14990234375,-2647.199951171875,-2510.25,-2402.5,-2301.75,-2163.0,-2118.800048828125,-2105.679931640625
4136,-2432.5400390625,73.11373901367188,47.65239715576172,84.20614242553711,-2432.5400390625,-2430.5,188.5408935546875,-2868.580078125,-2746.14990234375,-2647.199951171875,-2554.25,-2430.5,-2323.5,-2166.699951171875,-2118.800048828125,-2105.679931640625
4180,-2444.719970703125,72.51411437988281,47.51612091064453,83.26760292053223,-2444.719970703125,-2450.0,185.96742248535156,-2868.580078125,-2751.39990234375,-2659.800048828125,-2556.25,-2450.0,-2336.75,-2193.60009765625,-2118.800048828125,-2105.679931640625
4224,-2459.239990234375,72.02156829833984,47.46134567260742,82.3721981048584,-2459.239990234375,-2454.5,188.37075805664062,-2895.0400390625,-2805.300048828125,-2725.699951171875,-2566.0,-2454.5,-2345.75,-2215.800048828125,-2164.89990234375,-2107.9599609375
4268,-2473.579833984375,71.44500732421875,47.32976531982422,81.43584632873535,-2473.580078125,-2466.5,185.90798950195312,-2895.0400390625,-2825.25,-2741.800048828125,-2566.5,-2466.5,-2359.75,-2253.60009765625,-2192.64990234375,-2118.780029296875
4312,-2488.599853515625,70.86834716796875,47.21165084838867,80.4917221069336,-2488.60009765625,-2473.5,182.7568817138672,-2946.139892578125,-2825.25,-2741.800048828125,-2580.5,-2473.5,-2368.5,-2268.199951171875,-2228.449951171875,-2147.419921875
4356,-2502.599853515625,70.32549285888672,47.12702178955078,79.56424522399902,-2502.60009765625,-2479.0,179.3695526123047,-2946.919921875,-2831.10009765625,-2745.800048828125,-2587.75,-2479.0,-2385.0,-2297.300048828125,-2253.050048828125,-2217.239990234375
4400,-2510.419921875,69.82012939453125,47.0518913269043,78.64910507202148,-2510.419921875,-2490.0,176.015869140625,-2946.919921875,-2831.10009765625,-2745.800048828125,-2592.75,-2490.0,-2390.75,-2303.5,-2268.60009765625,-2217.239990234375
4444,-2525.35986328125,69.30241394042969,46.93056869506836,77.76004791259766,-2525.360107421875,-2501.5,178.34616088867188,-2954.919921875,-2885.449951171875,-2777.5,-2623.0,-2501.5,-2417.25,-2318.39990234375,-2274.699951171875,-2217.239990234375
4488,-2544.0400390625,68.78866577148438,46.839256286621094,76.87493515014648,-2544.0400390625,-2519.5,177.99855041503906,-3000.260009765625,-2891.14990234375,-2777.5,-2639.25,-2519.5,-2428.0,-2326.300048828125,-2294.35009765625,-2247.739990234375
4532,-2557.919921875,68.21885681152344,46.66535949707031,75.98551368713379,-2557.919921875,-2551.5,175.5393829345703,-3000.260009765625,-2894.449951171875,-2785.199951171875,-2668.0,-2551.5,-2428.75,-2347.89990234375,-2303.550048828125,-2274.199951171875
4576,-2570.93994140625,67.73257446289062,46.5593376159668,75.15178680419922,-2570.93994140625,-2563.0,174.93276977539062,-3012.02001953125,-2922.5,-2785.199951171875,-2676.5,-2563.0,-2450.0,-2367.39990234375,-2313.5,-2281.06005859375
4620,-2587.0400390625,67.26681518554688,46.45465087890625,74.34033966064453,-2587.0400390625,-2571.5,175.47763061523438,-3013.419921875,-2922.5,-2802.300048828125,-2687.75,-2571.5,-2479.75,-2367.39990234375,-2313.5,-2281.06005859375
4664,-2596.85986328125,66.80818939208984,46.375885009765625,73.49939918518066,-2596.860107421875,-2573.0,177.74449157714844,-3020.340087890625,-2925.35009765625,-2806.199951171875,-2689.25,-2573.0,-2483.75,-2371.89990234375,-2316.85009765625,-2295.760009765625
4708,-2608.02001953125,66.33660888671875,46.29519271850586,72.64734077453613,-2608.02001953125,-2582.5,175.48583984375,-3020.340087890625,-2932.64990234375,-2818.89990234375,-2698.75,-2582.5,-2509.0,-2392.5,-2329.35009765625,-2295.760009765625
4752,-2623.139892578125,65.81092071533203,46.161865234375,71.7868766784668,-2623.139892578125,-2605.5,174.31988525390625,-3020.340087890625,-2945.39990234375,-2837.800048828125,-2741.0,-2605.5,-2519.0,-2417.300048828125,-2352.25,-2295.760009765625
4796,-2633.800048828125,65.38407897949219,46.09379196166992,70.98497200012207,-2633.800048828125,-2648.0,175.7131805419922,-3020.340087890625,-2945.699951171875,-2854.800048828125,-2754.5,-2648.0,-2521.5,-2417.300048828125,-2352.25,-2321.320068359375
4840,-2642.85986328125,64.96327209472656,46.025726318359375,70.16943550109863,-2642.860107421875,-2648.0,172.0778350830078,-3020.340087890625,-2953.300048828125,-2854.800048828125,-2754.5,-2648.0,-2526.25,-2427.0,-2386.75,-2336.02001953125
4884,-2659.300048828125,64.41695404052734,45.8406982421875,69.32953262329102,-2659.300048828125,-2663.0,173.67092895507812,-3020.5,-2970.800048828125,-2858.39990234375,-2758.25,-2663.0,-2541.75,-2428.0,-2386.75,-2336.02001953125
4928,-2670.199951171875,63.957611083984375,45.720481872558594,68.5402946472168,-2670.199951171875,-2670.5,178.1339874267578,-3104.419921875,-2971.449951171875,-2886.0,-2774.25,-2670.5,-2549.0,-2456.10009765625,-2409.550048828125,-2336.02001953125
4972,-2680.35986328125,63.520042419433594,45.617637634277344,67.74109268188477,-2680.360107421875,-2674.0,175.2659454345703,-3104.419921875,-2971.699951171875,-2886.800048828125,-2784.25,-2674.0,-2565.75,-2456.699951171875,-2412.89990234375,-2352.89990234375
5016,-2690.099853515625,63.09414291381836,45.53379821777344,66.9456901550293,-2690.10009765625,-2678.5,177.16476440429688,-3104.419921875,-2992.60009765625,-2905.5,-2790.75,-2678.5,-2567.5,-2468.699951171875,-2436.550048828125,-2409.860107421875
5060,-2704.56005859375,62.607421875,45.37915802001953,66.13680076599121,-2704.56005859375,-2708.5,176.76742553710938,-3104.419921875,-2992.89990234375,-2911.699951171875,-2816.0,-2708.5,-2585.5,-2475.89990234375,-2453.699951171875,-2409.860107421875
5104,-2718.0,62.145530700683594,45.24833679199219,65.32744026184082,-2718.0,-2710.5,176.57473754882812,-3125.340087890625,-2993.75,-2936.300048828125,-2827.5,-2710.5,-2593.75,-2507.5,-2457.949951171875,-2409.860107421875
5148,-2729.97998046875,61.71133041381836,45.14002227783203,64.5296459197998,-2729.97998046875,-2731.0,176.6106414794922,-3126.659912109375,-2995.14990234375,-2937.699951171875,-2838.75,-2731.0,-2617.25,-2521.10009765625,-2457.949951171875,-2409.860107421875
5192,-2742.0400390625,61.29037094116211,45.021629333496094,63.778937339782715,-2742.0400390625,-2741.5,174.66905212402344,-3126.659912109375,-3020.800048828125,-2954.89990234375,-2852.0,-2741.5,-2617.25,-2543.0,-2493.699951171875,-2409.860107421875
5236,-2754.3798828125,60.841209411621094,44.8977165222168,62.95960712432861,-2754.3798828125,-2752.5,173.2194366455078,-3136.739990234375,-3036.949951171875,-2973.89990234375,-2852.0,-2752.5,-2635.75,-2546.89990234375,-2512.75,-2468.659912109375
5280,-2766.619873046875,60.38655090332031,44.7513427734375,62.18241786956787,-2766.6201171875,-2761.0,168.40408325195312,-3136.739990234375,-3036.949951171875,-2997.199951171875,-2860.75,-2761.0,-2643.5,-2574.199951171875,-2526.75,-2469.820068359375
5324,-2776.639892578125,59.995933532714844,44.6568603515625,61.44016361236572,-2776.639892578125,-2771.5,167.51522827148438,-3191.6201171875,-3036.949951171875,-3008.39990234375,-2860.75,-2771.5,-2645.5,-2574.199951171875,-2527.949951171875,-2512.93994140625
5368,-2785.5,59.54179000854492,44.50913619995117,60.66472625732422,-2785.5,-2786.5,170.1289825439453,-3191.860107421875,-3073.050048828125,-3017.699951171875,-2876.75,-2786.5,-2661.0,-2574.199951171875,-2529.85009765625,-2512.93994140625
5412,-2799.599853515625,59.116783142089844,44.35599899291992,59.92833995819092,-2799.60009765625,-2802.0,169.01431274414062,-3192.179931640625,-3115.949951171875,-3044.10009765625,-2886.5,-2802.0,-2681.0,-2585.89990234375,-2551.050048828125,-2521.89990234375
5456,-2806.919921875,58.760948181152344,44.28204345703125,59.18575954437256,-2806.919921875,-2814.0,169.7316436767578,-3207.860107421875,-3134.050048828125,-3055.699951171875,-2886.5,-2814.0,-2698.5,-2590.60009765625,-2557.949951171875,-2521.89990234375
5500,-2816.760009765625,58.374755859375,44.18693542480469,58.4290771484375,-2816.760009765625,-2825.5,168.92312622070312,-3207.860107421875,-3134.050048828125,-3055.699951171875,-2906.5,-2825.5,-2701.5,-2599.89990234375,-2572.199951171875,-2521.89990234375
5544,-2821.179931640625,57.9864501953125,44.05656433105469,57.71070575714111,-2821.179931640625,-2834.0,168.58697509765625,-3207.860107421875,-3134.550048828125,-3055.699951171875,-2914.5,-2834.0,-2708.5,-2616.199951171875,-2572.199951171875,-2521.89990234375
5588,-2833.43994140625,57.63962936401367,43.981224060058594,57.025455474853516,-2833.43994140625,-2838.0,164.46231079101562,-3207.860107421875,-3134.550048828125,-3055.699951171875,-2942.5,-2838.0,-2720.25,-2621.60009765625,-2591.75,-2547.3798828125
5632,-2843.31982421875,57.239349365234375,43.875572204589844,56.28586292266846,-2843.320068359375,-2852.0,164.1336669921875,-3207.860107421875,-3134.550048828125,-3073.10009765625,-2943.25,-2852.0,-2734.25,-2625.0,-2598.64990234375,-2547.3798828125
5676,-2849.33984375,56.90277862548828,43.81303024291992,55.551817893981934,-2849.340087890625,-2862.5,164.04757690429688,-3207.860107421875,-3134.550048828125,-3073.10009765625,-2944.0,-2862.5,-2734.75,-2633.10009765625,-2617.699951171875,-2547.3798828125
5720,-2857.559814453125,56.56549835205078,43.72935104370117,54.894104957580566,-2857.56005859375,-2862.5,165.47860717773438,-3207.860107421875,-3134.550048828125,-3073.10009765625,-2947.5,-2862.5,-2742.0,-2635.800048828125,-2620.550048828125,-2547.3798828125
5764,-2868.619873046875,56.25487518310547,43.675376892089844,54.208250999450684,-2868.6201171875,-2878.0,165.58157348632812,-3226.47998046875,-3138.35009765625,-3074.39990234375,-2955.25,-2878.0,-2753.0,-2653.89990234375,-2620.550048828125,-2587.56005859375
5808,-2878.119873046875,55.897727966308594,43.580055236816406,53.50831127166748,-2878.1201171875,-2885.5,165.74832153320312,-3226.760009765625,-3138.35009765625,-3075.300048828125,-2971.5,-2885.5,-2767.5,-2653.89990234375,-2620.550048828125,-2587.56005859375
5852,-2886.919921875,55.57377624511719,43.48238754272461,52.85240650177002,-2886.919921875,-2885.5,164.3279571533203,-3226.760009765625,-3138.35009765625,-3075.300048828125,-2992.5,-2885.5,-2791.0,-2658.60009765625,-2633.60009765625,-2587.56005859375
5896,-2894.02001953125,55.24794006347656,43.39661407470703,52.20450496673584,-2894.02001953125,-2885.5,162.81805419921875,-3226.760009765625,-3143.35009765625,-3075.300048828125,-3000.25,-2885.5,-2791.0,-2677.699951171875,-2645.550048828125,-2590.5
5940,-2902.419921875,54.948570251464844,43.34442901611328,51.526041984558105,-2902.419921875,-2895.0,162.29006958007812,-3226.760009765625,-3145.25,-3091.199951171875,-3020.75,-2895.0,-2800.25,-2698.0,-2658.800048828125,-2590.5
5984,-2909.93994140625,54.57191467285156,43.20942687988281,50.848416328430176,-2909.93994140625,-2906.0,163.96913146972656,-3244.60009765625,-3210.199951171875,-3096.60009765625,-3023.25,-2906.0,-2801.75,-2698.0,-2663.75,-2591.340087890625
6028,-2917.739990234375,54.195716857910156,43.06791687011719,50.160438537597656,-2917.739990234375,-2920.0,165.74851989746094,-3257.340087890625,-3229.64990234375,-3120.0,-3024.0,-2920.0,-2807.5,-2707.5,-2665.89990234375,-2591.340087890625
6072,-2923.559814453125,53.92743682861328,43.00779342651367,49.53419589996338,-2923.56005859375,-2920.0,165.68309020996094,-3274.780029296875,-3229.64990234375,-3120.0,-3025.25,-2920.0,-2814.0,-2710.699951171875,-2665.89990234375,-2591.340087890625
6116,-2928.619873046875,53.58564758300781,42.89824676513672,48.87672805786133,-2928.6201171875,-2923.0,164.02381896972656,-3288.5,-3229.64990234375,-3120.60009765625,-3029.25,-2923.0,-2815.5,-2715.699951171875,-2665.89990234375,-2622.3798828125
6160,-2935.719970703125,53.2855224609375,42.820980072021484,48.226356506347656,-2935.719970703125,-2926.0,162.489501953125,-3304.179931640625,-3229.64990234375,-3120.60009765625,-3034.5,-2926.0,-2815.5,-2721.0,-2697.35009765625,-2622.820068359375
6204,-2944.119873046875,52.98027801513672,42.74253845214844,47.56929874420166,-2944.1201171875,-2941.0,162.4276580810547,-3304.89990234375,-3229.64990234375,-3144.60009765625,-3034.5,-2941.0,-2816.0,-2734.800048828125,-2707.64990234375,-2622.860107421875
6248,-2953.099853515625,52.68899154663086,42.64612579345703,46.98627281188965,-2953.10009765625,-2956.0,159.35504150390625,-3304.89990234375,-3229.64990234375,-3144.60009765625,-3055.0,-2956.0,-2841.25,-2769.60009765625,-2719.75,-2622.860107421875
6292,-2958.8798828125,52.42920684814453,42.5931396484375,46.38452434539795,-2958.8798828125,-2956.0,161.38421630859375,-3304.89990234375,-3237.25,-3170.0,-3066.75,-2956.0,-2841.25,-2774.10009765625,-2719.75,-2622.860107421875
6336,-2965.93994140625,52.150962829589844,42.505367279052734,45.80411911010742,-2965.93994140625,-2964.0,160.46034240722656,-3324.5,-3237.25,-3170.0,-3074.0,-2964.0,-2857.0,-2774.89990234375,-2736.199951171875,-2622.860107421875
6380,-2971.599853515625,51.82061767578125,42.358909606933594,45.19790172576904,-2971.60009765625,-2968.0,159.63182067871094,-3324.5,-3237.25,-3170.60009765625,-3074.25,-2968.0,-2858.75,-2774.89990234375,-2736.300048828125,-2675.780029296875
6424,-2977.619873046875,51.473506927490234,42.20586395263672,44.578890800476074,-2977.6201171875,-2978.0,160.58486938476562,-3324.5400390625,-3244.699951171875,-3176.0,-3091.0,-2978.0,-2858.75,-2779.800048828125,-2749.60009765625,-2675.780029296875
6468,-2986.85986328125,51.20867156982422,42.144134521484375,44.00857925415039,-2986.860107421875,-3002.0,161.6942138671875,-3324.5400390625,-3244.85009765625,-3196.10009765625,-3092.75,-3002.0,-2874.0,-2779.800048828125,-2766.199951171875,-2675.780029296875
6512,-2995.199951171875,50.94347381591797,42.059532165527344,43.44330978393555,-2995.199951171875,-3008.5,163.81048583984375,-3324.5400390625,-3244.85009765625,-3206.199951171875,-3103.5,-3008.5,-2883.0,-2780.699951171875,-2766.199951171875,-2675.780029296875
6556,-3002.059814453125,50.61175537109375,41.91184997558594,42.844346046447754,-3002.06005859375,-3012.5,162.9856414794922,-3324.5400390625,-3246.75,-3209.199951171875,-3108.5,-3012.5,-2884.75,-2795.39990234375,-2766.199951171875,-2699.5400390625
6600,-3009.300048828125,50.339927673339844,41.8074951171875,42.29457950592041,-3009.300048828125,-3017.5,164.96336364746094,-3324.5400390625,-3290.449951171875,-3209.199951171875,-3124.0,-3017.5,-2887.5,-2800.199951171875,-2766.199951171875,-2699.5400390625
6644,-3012.919921875,50.116493225097656,41.770694732666016,41.72080421447754,-3012.919921875,-3017.5,165.0756072998047,-3324.5400390625,-3290.449951171875,-3220.5,-3127.75,-3017.5,-2903.5,-2800.199951171875,-2766.199951171875,-2699.5400390625
6688,-3016.9599609375,49.828670501708984,41.68349075317383,41.08803749084473,-3016.9599609375,-3019.5,164.42822265625,-3324.5400390625,-3290.449951171875,-3220.5,-3133.0,-3019.5,-2904.0,-2807.5,-2786.0,-2699.5400390625
6732,-3025.280029296875,49.547298431396484,41.587181091308594,40.52732563018799,-3025.280029296875,-3032.5,160.41783142089844,-3330.659912109375,-3290.449951171875,-3220.5,-3140.75,-3032.5,-2907.0,-2812.60009765625,-2789.85009765625,-2699.5400390625
6776,-3031.679931640625,49.25160217285156,41.47922897338867,39.90209674835205,-3031.679931640625,-3045.0,159.2992706298828,-3336.5400390625,-3290.449951171875,-3220.5,-3140.75,-3045.0,-2908.5,-2812.60009765625,-2789.85009765625,-2699.5400390625
6820,-3036.3798828125,49.031944274902344,41.41694641113281,39.405256271362305,-3036.3798828125,-3050.5,157.2755889892578,-3336.780029296875,-3290.449951171875,-3220.89990234375,-3140.75,-3050.5,-2920.75,-2832.89990234375,-2789.85009765625,-2699.5400390625
6864,-3041.679931640625,48.79387664794922,41.34920883178711,38.81935501098633,-3041.679931640625,-3063.5,158.807861328125,-3336.780029296875,-3290.449951171875,-3224.5,-3144.5,-3063.5,-2927.25,-2843.800048828125,-2789.85009765625,-2699.699951171875
6908,-3046.47998046875,48.537498474121094,41.261573791503906,38.245991706848145,-3046.47998046875,-3063.5,159.51242065429688,-3354.419921875,-3290.449951171875,-3231.89990234375,-3150.0,-3063.5,-2928.5,-2843.800048828125,-2789.85009765625,-2710.780029296875
6952,-3051.679931640625,48.34348678588867,41.2168083190918,37.75696277618408,-3051.679931640625,-3067.0,159.45538330078125,-3354.419921875,-3290.449951171875,-3240.39990234375,-3161.0,-3067.0,-2931.5,-2845.89990234375,-2796.800048828125,-2710.780029296875
6996,-3056.919921875,48.067928314208984,41.09777069091797,37.213233947753906,-3056.919921875,-3069.0,160.07696533203125,-3354.419921875,-3296.25,-3244.0,-3180.0,-3069.0,-2932.0,-2852.300048828125,-2802.699951171875,-2710.780029296875
7040,-3060.059814453125,47.820579528808594,40.99700164794922,36.67372703552246,-3060.06005859375,-3072.0,160.97314453125,-3362.260009765625,-3296.25,-3258.39990234375,-3180.0,-3072.0,-2953.75,-2852.300048828125,-2802.699951171875,-2710.780029296875
7084,-3064.52001953125,47.587127685546875,40.92216110229492,36.137600898742676,-3064.52001953125,-3078.5,159.66868591308594,-3362.5400390625,-3299.10009765625,-3263.89990234375,-3182.25,-3078.5,-2954.75,-2861.300048828125,-2805.550048828125,-2763.699951171875
7128,-3069.35986328125,47.356544494628906,40.84004211425781,35.62125015258789,-3069.360107421875,-3087.5,158.54296875,-3364.5,-3307.10009765625,-3263.89990234375,-3184.5,-3087.5,-2954.75,-2862.800048828125,-2811.25,-2769.580078125
7172,-3073.619873046875,47.14073944091797,40.78382873535156,35.08230972290039,-3073.6201171875,-3090.0,159.3472137451172,-3389.02001953125,-3307.10009765625,-3272.0,-3192.25,-3090.0,-2962.5,-2862.800048828125,-2814.10009765625,-2769.580078125
7216,-3079.659912109375,46.865821838378906,40.63770294189453,34.635056495666504,-3079.659912109375,-3101.0,158.87669372558594,-3389.06005859375,-3309.60009765625,-3274.89990234375,-3197.25,-3101.0,-2962.5,-2881.10009765625,-2814.10009765625,-2769.93994140625
7260,-3084.119873046875,46.690940856933594,40.58849334716797,34.15159797668457,-3084.1201171875,-3101.0,158.53512573242188,-3389.06005859375,-3309.60009765625,-3283.10009765625,-3197.25,-3101.0,-2968.0,-2881.10009765625,-2842.300048828125,-2769.93994140625
7304,-3089.83984375,46.47755432128906,40.508602142333984,33.68098163604736,-3089.840087890625,-3107.0,158.0100555419922,-3389.06005859375,-3321.949951171875,-3290.60009765625,-3199.25,-3107.0,-2973.0,-2888.300048828125,-2842.300048828125,-2770.06005859375
7348,-3094.199951171875,46.3060417175293,40.47750473022461,33.14821720123291,-3094.199951171875,-3107.0,156.92086791992188,-3392.219970703125,-3321.949951171875,-3290.60009765625,-3199.25,-3107.0,-2977.0,-2888.300048828125,-2842.300048828125,-2770.340087890625
7392,-3097.119873046875,46.16424560546875,40.46282196044922,32.705885887145996,-3097.1201171875,-3114.0,156.46617126464844,-3394.179931640625,-3321.949951171875,-3290.60009765625,-3200.0,-3114.0,-2983.5,-2888.300048828125,-2843.25,-2778.300048828125
7436,-3101.699951171875,45.9466667175293,40.37944793701172,32.20640182495117,-3101.699951171875,-3115.0,154.78846740722656,-3403.139892578125,-3321.949951171875,-3296.300048828125,-3210.5,-3115.0,-2984.0,-2888.39990234375,-2862.39990234375,-2798.340087890625
7480,-3105.619873046875,45.76560592651367,40.33506774902344,31.71717929840088,-3105.6201171875,-3123.0,153.74998474121094,-3403.139892578125,-3325.949951171875,-3296.300048828125,-3210.5,-3123.0,-2986.0,-2888.39990234375,-2862.39990234375,-2798.6201171875
7524,-3109.85986328125,45.61436080932617,40.32244873046875,31.23612928390503,-3109.860107421875,-3124.0,152.0221710205078,-3403.219970703125,-3325.949951171875,-3296.300048828125,-3210.5,-3124.0,-2996.5,-2901.699951171875,-2871.550048828125,-2808.419921875
7568,-3114.4599609375,45.4436149597168,40.271297454833984,30.73283100128174,-3114.4599609375,-3129.0,151.5405731201172,-3424.300048828125,-3325.949951171875,-3297.0,-3218.5,-3129.0,-3013.25,-2903.89990234375,-2871.550048828125,-2810.3798828125
7612,-3120.419921875,45.27703857421875,40.230796813964844,30.24263048171997,-3120.419921875,-3131.0,151.6708984375,-3424.300048828125,-3344.0,-3316.10009765625,-3220.75,-3131.0,-3021.75,-2905.800048828125,-2871.550048828125,-2810.93994140625
7656,-3124.0400390625,45.077301025390625,40.14537811279297,29.79535722732544,-3124.0400390625,-3131.0,151.08843994140625,-3424.4599609375,-3344.89990234375,-3316.10009765625,-3227.0,-3131.0,-3025.0,-2910.5,-2871.550048828125,-2810.93994140625
7700,-3126.679931640625,44.92020797729492,40.10919189453125,29.33589267730713,-3126.679931640625,-3131.0,150.0701904296875,-3424.4599609375,-3344.89990234375,-3317.10009765625,-3227.75,-3131.0,-3030.0,-2912.800048828125,-2873.449951171875,-2810.93994140625
7744,-3131.659912109375,44.766014099121094,40.082763671875,28.862532138824463,-3131.659912109375,-3137.5,149.29367065429688,-3436.219970703125,-3350.60009765625,-3317.10009765625,-3236.25,-3137.5,-3036.0,-2928.89990234375,-2873.449951171875,-2810.93994140625
7788,-3135.099853515625,44.61229705810547,40.03376007080078,28.4375,-3135.10009765625,-3137.5,148.9160614013672,-3436.219970703125,-3362.14990234375,-3322.199951171875,-3238.25,-3137.5,-3039.0,-2940.699951171875,-2904.25,-2814.860107421875
7832,-3140.179931640625,44.410865783691406,39.950469970703125,27.946436882019043,-3140.179931640625,-3137.5,147.54078674316406,-3436.219970703125,-3362.14990234375,-3324.199951171875,-3245.75,-3137.5,-3044.25,-2944.699951171875,-2905.14990234375,-2819.89990234375
7876,-3144.059814453125,44.21672821044922,39.868934631347656,27.494107246398926,-3144.06005859375,-3139.5,147.92495727539062,-3436.219970703125,-3365.14990234375,-3342.199951171875,-3245.75,-3139.5,-3047.5,-2948.60009765625,-2916.550048828125,-2819.89990234375
7920,-3147.780029296875,44.05427169799805,39.8127326965332,27.03427219390869,-3147.780029296875,-3150.5,147.86856079101562,-3436.219970703125,-3369.300048828125,-3342.199951171875,-3248.5,-3150.5,-3058.25,-2948.60009765625,-2916.550048828125,-2819.89990234375
7964,-3150.89990234375,43.910396575927734,39.79338836669922,26.55425786972046,-3150.89990234375,-3150.5,147.994140625,-3436.219970703125,-3369.300048828125,-3344.60009765625,-3257.0,-3150.5,-3062.0,-2948.60009765625,-2916.85009765625,-2819.89990234375
8008,-3153.760009765625,43.71118927001953,39.69036865234375,26.07211208343506,-3153.760009765625,-3152.0,146.9163818359375,-3436.219970703125,-3369.300048828125,-3344.60009765625,-3257.0,-3152.0,-3064.0,-2952.60009765625,-2922.550048828125,-2847.5
8052,-3156.079833984375,43.651851654052734,39.72999572753906,25.65197515487671,-3156.080078125,-3153.0,146.50936889648438,-3438.179931640625,-3369.300048828125,-3344.60009765625,-3257.0,-3153.0,-3064.0,-2952.60009765625,-2926.85009765625,-2870.0400390625
8096,-3160.559814453125,43.4724235534668,39.65768814086914,25.20633888244629,-3160.56005859375,-3154.0,145.57254028320312,-3438.179931640625,-3388.300048828125,-3344.60009765625,-3257.0,-3154.0,-3080.25,-2964.39990234375,-2926.949951171875,-2890.6201171875
8140,-3162.139892578125,43.318199157714844,39.6116943359375,24.751586437225342,-3162.139892578125,-3164.0,145.5207977294922,-3438.179931640625,-3388.300048828125,-3344.60009765625,-3257.0,-3164.0,-3080.25,-2964.39990234375,-2934.64990234375,-2890.739990234375
8184,-3166.059814453125,43.18333435058594,39.57814025878906,24.315592288970947,-3166.06005859375,-3169.0,146.64268493652344,-3438.820068359375,-3388.300048828125,-3354.0,-3267.25,-3169.0,-3083.5,-2964.39990234375,-2941.64990234375,-2890.860107421875
8228,-3169.260009765625,43.10883331298828,39.61259460449219,23.85723114013672,-3169.260009765625,-3169.0,145.73968505859375,-3438.820068359375,-3388.300048828125,-3354.0,-3270.75,-3169.0,-3087.75,-2964.39990234375,-2941.64990234375,-2904.699951171875
8272,-3171.719970703125,43.01092529296875,39.619293212890625,23.440480709075928,-3171.719970703125,-3181.0,145.81167602539062,-3438.820068359375,-3388.300048828125,-3354.39990234375,-3270.75,-3181.0,-3087.75,-2967.10009765625,-2941.64990234375,-2904.699951171875
8316,-3174.85986328125,42.855873107910156,39.564476013183594,22.97407865524292,-3174.860107421875,-3184.0,146.09442138671875,-3438.820068359375,-3394.5,-3354.39990234375,-3273.0,-3184.0,-3095.0,-2968.0,-2941.64990234375,-2907.639892578125
8360,-3177.31982421875,42.73434066772461,39.53303527832031,22.56777858734131,-3177.320068359375,-3184.0,146.32559204101562,-3438.820068359375,-3405.0,-3358.10009765625,-3276.25,-3184.0,-3097.75,-2968.0,-2941.64990234375,-2907.840087890625
8404,-3179.800048828125,42.66687774658203,39.55992126464844,22.067275047302246,-3179.800048828125,-3184.0,144.5389862060547,-3438.820068359375,-3405.0,-3358.10009765625,-3287.5,-3184.0,-3098.5,-2979.699951171875,-2948.64990234375,-2908.39990234375
8448,-3180.919921875,42.56147003173828,39.5504150390625,21.595052242279053,-3180.919921875,-3190.5,144.2926025390625,-3438.93994140625,-3405.0,-3358.10009765625,-3287.5,-3190.5,-3098.5,-2979.699951171875,-2952.800048828125,-2908.39990234375
8492,-3184.81982421875,42.451087951660156,39.53489303588867,21.1637282371521,-3184.820068359375,-3193.5,143.23019409179688,-3438.93994140625,-3405.0,-3358.10009765625,-3294.25,-3193.5,-3099.25,-2987.60009765625,-2952.800048828125,-2908.9599609375
8536,-3186.099853515625,42.40143585205078,39.57072067260742,20.75944423675537,-3186.10009765625,-3193.5,143.4164276123047,-3438.93994140625,-3405.0,-3359.0,-3294.25,-3193.5,-3099.25,-2988.60009765625,-2952.800048828125,-2908.9599609375
8580,-3188.97998046875,42.26467514038086,39.52647018432617,20.317855834960938,-3188.97998046875,-3193.5,143.8810577392578,-3451.139892578125,-3424.699951171875,-3359.0,-3294.75,-3193.5,-3103.5,-2992.60009765625,-2952.800048828125,-2908.9599609375
8624,-3191.83984375,42.10947799682617,39.45207977294922,19.885385036468506,-3191.840087890625,-3194.5,143.96531677246094,-3451.139892578125,-3424.699951171875,-3372.89990234375,-3300.0,-3194.5,-3104.75,-2996.699951171875,-2958.699951171875,-2908.9599609375
8668,-3193.800048828125,42.05956268310547,39.48155212402344,19.449471950531006,-3193.800048828125,-3194.5,143.0419464111328,-3451.139892578125,-3424.699951171875,-3372.89990234375,-3300.0,-3194.5,-3105.75,-2999.699951171875,-2964.39990234375,-2914.8798828125
8712,-3196.800048828125,41.9793586730957,39.493045806884766,19.00761365890503,-3196.800048828125,-3199.5,141.9738006591797,-3451.139892578125,-3424.800048828125,-3379.199951171875,-3300.0,-3199.5,-3105.75,-3005.39990234375,-2964.39990234375,-2932.639892578125
8756,-3199.659912109375,41.908660888671875,39.50670623779297,18.52499008178711,-3199.659912109375,-3202.5,140.99476623535156,-3451.139892578125,-3424.800048828125,-3381.39990234375,-3300.0,-3202.5,-3108.25,-3005.39990234375,-2964.39990234375,-2941.780029296875
8800,-3202.119873046875,41.779476165771484,39.460594177246094,18.093928337097168,-3202.1201171875,-3202.5,140.66294860839844,-3451.419921875,-3424.800048828125,-3384.10009765625,-3300.0,-3202.5,-3109.0,-3007.199951171875,-2964.89990234375,-2941.780029296875
8844,-3204.699951171875,41.610504150390625,39.373138427734375,17.6406192779541,-3204.699951171875,-3205.5,140.0623779296875,-3451.5400390625,-3424.800048828125,-3385.0,-3306.75,-3205.5,-3109.5,-3015.199951171875,-2966.89990234375,-2941.780029296875
8888,-3206.83984375,41.52069854736328,39.3565673828125,17.19045352935791,-3206.840087890625,-3207.5,139.73709106445312,-3451.6201171875,-3424.800048828125,-3385.0,-3308.25,-3207.5,-3116.0,-3015.60009765625,-2966.89990234375,-2941.780029296875
8932,-3209.260009765625,41.438167572021484,39.34721374511719,16.860884189605713,-3209.260009765625,-3207.5,139.73121643066406,-3459.4599609375,-3425.39990234375,-3390.39990234375,-3308.25,-3207.5,-3125.75,-3019.60009765625,-2966.89990234375,-2947.659912109375
8976,-3210.619873046875,41.42763900756836,39.41776657104492,16.436031341552734,-3210.6201171875,-3209.5,138.62803649902344,-3459.4599609375,-3425.39990234375,-3390.39990234375,-3308.25,-3209.5,-3125.75,-3023.199951171875,-2982.300048828125,-2947.699951171875
9020,-3213.699951171875,41.36073303222656,39.427940368652344,16.003761529922485,-3213.699951171875,-3218.0,137.72998046875,-3459.4599609375,-3425.60009765625,-3398.0,-3309.25,-3218.0,-3126.75,-3039.300048828125,-2986.800048828125,-2947.97998046875
9064,-3216.079833984375,41.25511932373047,39.40863800048828,15.551095008850098,-3216.080078125,-3219.0,137.34494018554688,-3461.419921875,-3425.60009765625,-3398.199951171875,-3313.75,-3219.0,-3131.25,-3039.5,-2986.800048828125,-2954.89990234375
9108,-3218.199951171875,41.208560943603516,39.44490051269531,15.115496635437012,-3218.199951171875,-3219.0,137.2718505859375,-3473.179931640625,-3425.60009765625,-3398.5,-3313.75,-3219.0,-3131.25,-3039.5,-2986.800048828125,-2968.9599609375
9152,-3219.8798828125,41.13178253173828,39.439815521240234,14.666144847869873,-3219.8798828125,-3222.0,137.21031188964844,-3473.219970703125,-3425.60009765625,-3403.0,-3313.75,-3222.0,-3131.25,-3039.5,-2986.800048828125,-2969.0
9196,-3222.619873046875,41.14535140991211,39.51293182373047,14.31896162033081,-3222.6201171875,-3222.0,137.1045379638672,-3473.219970703125,-3425.60009765625,-3403.300048828125,-3316.75,-3222.0,-3139.0,-3043.10009765625,-2986.800048828125,-2973.89990234375
9240,-3225.179931640625,41.122074127197266,39.572059631347656,13.84770131111145,-3225.179931640625,-3222.0,137.2629852294922,-3473.219970703125,-3431.300048828125,-3412.10009765625,-3319.75,-3222.0,-3139.0,-3045.800048828125,-2988.89990234375,-2973.89990234375
9284,-3226.89990234375,41.02973556518555,39.55276107788086,13.353252172470093,-3226.89990234375,-3226.0,137.63804626464844,-3475.260009765625,-3440.35009765625,-3412.60009765625,-3319.75,-3226.0,-3141.75,-3045.800048828125,-2988.89990234375,-2973.89990234375
9328,-3229.31982421875,41.00780487060547,39.608055114746094,12.937138080596924,-3229.320068359375,-3226.0,137.1888427734375,-3479.179931640625,-3458.699951171875,-3412.60009765625,-3322.25,-3226.0,-3141.75,-3045.800048828125,-3004.699951171875,-2973.89990234375
9372,-3231.83984375,41.014549255371094,39.674739837646484,12.560524702072144,-3231.840087890625,-3226.0,135.51625061035156,-3481.139892578125,-3458.699951171875,-3412.60009765625,-3322.25,-3226.0,-3143.25,-3062.39990234375,-3004.699951171875,-2986.639892578125
9416,-3233.639892578125,40.99415969848633,39.71808624267578,12.170615196228027,-3233.639892578125,-3226.0,135.15025329589844,-3481.3798828125,-3458.699951171875,-3412.60009765625,-3322.25,-3226.0,-3149.5,-3065.800048828125,-3004.699951171875,-2987.6201171875
9460,-3235.43994140625,40.995079040527344,39.79928207397461,11.705642461776733,-3235.43994140625,-3226.0,134.37234497070312,-3481.3798828125,-3459.64990234375,-3412.60009765625,-3326.75,-3226.0,-3149.5,-3065.800048828125,-3004.699951171875,-2987.6201171875
9504,-3237.579833984375,41.09353256225586,39.96221923828125,11.26335859298706,-3237.580078125,-3228.5,133.02069091796875,-3481.3798828125,-3459.949951171875,-3412.60009765625,-3326.75,-3228.5,-3153.5,-3065.800048828125,-3004.699951171875,-2987.6201171875
9548,-3238.81982421875,41.13220977783203,40.073326110839844,10.795571565628052,-3238.820068359375,-3236.5,133.0254364013672,-3481.3798828125,-3459.949951171875,-3412.60009765625,-3328.75,-3236.5,-3155.0,-3069.39990234375,-3012.39990234375,-2987.6201171875
9592,-3240.52001953125,41.17928695678711,40.193931579589844,10.329001426696777,-3240.52001953125,-3238.5,133.02590942382812,-3481.3798828125,-3459.949951171875,-3412.60009765625,-3332.25,-3238.5,-3156.75,-3074.800048828125,-3012.39990234375,-2987.6201171875
9636,-3242.199951171875,41.29823303222656,40.393280029296875,9.775158166885376,-3242.199951171875,-3238.5,132.9911346435547,-3481.3798828125,-3469.449951171875,-3412.60009765625,-3332.25,-3238.5,-3161.25,-3074.800048828125,-3012.39990234375,-2987.6201171875
9680,-3244.02001953125,41.484130859375,40.63670349121094,9.413854122161865,-3244.02001953125,-3238.5,132.5787353515625,-3481.3798828125,-3471.35009765625,-3412.60009765625,-3332.25,-3238.5,-3162.0,-3084.60009765625,-3012.39990234375,-2987.6201171875
9724,-3245.699951171875,41.52722930908203,40.744720458984375,8.96429443359375,-3245.699951171875,-3240.5,131.93479919433594,-3481.3798828125,-3471.35009765625,-3412.60009765625,-3336.75,-3240.5,-3162.0,-3093.0,-3012.39990234375,-2989.580078125
9768,-3247.639892578125,41.78215026855469,41.06317138671875,8.436946153640747,-3247.639892578125,-3240.5,131.21566772460938,-3481.3798828125,-3471.35009765625,-3412.60009765625,-3337.0,-3240.5,-3169.0,-3093.0,-3018.699951171875,-2994.47998046875
9812,-3250.059814453125,42.1188850402832,41.46633529663086,7.975817441940308,-3250.06005859375,-3247.5,131.77676391601562,-3484.52001953125,-3478.10009765625,-3412.60009765625,-3340.25,-3247.5,-3169.0,-3093.0,-3018.699951171875,-2994.47998046875
9856,-3250.81982421875,42.32392120361328,41.72804260253906,7.466550588607788,-3250.820068359375,-3247.5,131.75071716308594,-3486.47998046875,-3478.10009765625,-3412.60009765625,-3340.25,-3247.5,-3169.0,-3093.0,-3018.699951171875,-2994.47998046875
9900,-3252.239990234375,42.659942626953125,42.128536224365234,7.091878533363342,-3252.239990234375,-3248.0,131.80918884277344,-3486.719970703125,-3478.10009765625,-3412.60009765625,-3340.25,-3248.0,-3169.0,-3093.0,-3018.699951171875,-2994.47998046875
9944,-3254.260009765625,43.4047966003418,42.921321868896484,6.77794885635376,-3254.260009765625,-3250.0,132.03623962402344,-3487.0400390625,-3478.10009765625,-3412.60009765625,-3343.0,-3250.0,-3169.0,-3093.0,-3020.89990234375,-2994.47998046875
9988,-3254.679931640625,44.232666015625,43.80173873901367,6.367220640182495,-3254.679931640625,-3250.0,132.07276916503906,-3487.0400390625,-3478.10009765625,-3412.60009765625,-3344.0,-3250.0,-3169.0,-3093.0,-3020.89990234375,-2994.47998046875
