ConfigName: kfr__advglobalrankweighted__M3__L10__eps0p02__g0p005__ds0p01__dm0p01
Problem: QUBO
Kernel: fr
Advantage: globalrankweighted
M: 3
lambda: 10
epsilon_svgd: 0.02
gamma: 0.005
decay_start_ratio: 0.01
decay_min_factor: 0.01
bandwith_kernel: None
no_interact: False
avg_score: -308.8999938964844
median_score: -303.0
std_score: 40.877742767333984
percentiles: 2%=-394.0799865722656, 5%=-388.1000061035156, 10%=-358.9999694824219, 25%=-336.5, 50%=-303.0, 75%=-272.75, 90%=-262.79998779296875, 95%=-256.8500061035156, 98%=-252.85997009277344
ranking_best_algo: CMApara
ranking_best_score: 319.29999999999995
ranking_my_rank: 82/504 (83.9%)
ranking_my_percent: 83.92857142857143
