ConfigName: kjsd__advperagentrankweighted__M4__L8__eps0p005__g0p0005__ds0p2__dm0p2
Problem: QUBO
Kernel: jsd
Advantage: peragentrankweighted
M: 4
lambda: 8
epsilon_svgd: 0.005
gamma: 0.0005
decay_start_ratio: 0.2
decay_min_factor: 0.2
bandwith_kernel: None
no_interact: False
avg_score: -913.47998046875
median_score: -905.5
std_score: 61.723167419433594
percentiles: 2%=-1042.0400390625, 5%=-1028.300048828125, 10%=-1000.0999755859375, 25%=-956.25, 50%=-905.5, 75%=-863.0, 90%=-838.7999877929688, 95%=-816.9500122070312, 98%=-807.8599853515625
ranking_best_algo: CMAL3
ranking_best_score: 928.5800000000002
ranking_my_rank: 18/504 (96.6%)
ranking_my_percent: 96.62698412698413
