ConfigName: krbf__advnormalizedfitness__M3__L15__eps0p03__g0p005__ds0p05__dm0p05
Problem: NK
Kernel: rbf
Advantage: normalizedfitness
M: 3
lambda: 15
epsilon_svgd: 0.03
gamma: 0.005
decay_start_ratio: 0.05
decay_min_factor: 0.05
bandwith_kernel: None
no_interact: False
avg_score: 0.7442184686660767
median_score: 0.7414327263832092
std_score: 0.028138354420661926
percentiles: 2%=0.7032170295715332, 5%=0.7080778479576111, 10%=0.7105433344841003, 25%=0.7222856283187866, 50%=0.7414327263832092, 75%=0.7580187320709229, 90%=0.7737435698509216, 95%=0.8072482347488403, 98%=0.8118547797203064
ranking_best_algo: CMApara
ranking_best_score: 0.7459277895312499
ranking_my_rank: 5/504 (99.2%)
ranking_my_percent: 99.2063492063492
