ConfigName: kfr__advglobalrankweighted__M4__L5__eps0p06__g0p007__ds0p01__dm0p01
Problem: QUBO
Kernel: fr
Advantage: globalrankweighted
M: 4
lambda: 5
epsilon_svgd: 0.06
gamma: 0.007
decay_start_ratio: 0.01
decay_min_factor: 0.01
bandwith_kernel: None
no_interact: False
avg_score: -418.1600036621094
median_score: -418.5
std_score: 26.068647384643555
percentiles: 2%=-473.0, 5%=-469.1000061035156, 10%=-450.3999938964844, 25%=-434.0, 50%=-418.5, 75%=-399.75, 90%=-382.8999938964844, 95%=-373.8999938964844, 98%=-364.8599853515625
ranking_best_algo: CMAL3
ranking_best_score: 435.36
ranking_my_rank: 97/504 (81.0%)
ranking_my_percent: 80.95238095238095
