ConfigName: krbf__advnormalizedfitness__M4__L12__eps0p025__g0p015__ds0p01__dm0p01
Problem: QUBO
Kernel: rbf
Advantage: normalizedfitness
M: 4
lambda: 12
epsilon_svgd: 0.025
gamma: 0.015
decay_start_ratio: 0.01
decay_min_factor: 0.01
bandwith_kernel: None
no_interact: False
avg_score: -140.4600067138672
median_score: -141.0
std_score: 10.441666603088379
percentiles: 2%=-158.0, 5%=-156.0500030517578, 10%=-155.10000610351562, 25%=-148.25, 50%=-141.0, 75%=-131.75, 90%=-127.0, 95%=-125.0, 98%=-118.95999145507812
ranking_best_algo: DiscreteDE
ranking_best_score: 143.4
ranking_my_rank: 78/504 (84.7%)
ranking_my_percent: 84.72222222222223
