ConfigName: krbf__advnormalizedfitness__M3__L8__eps0p033__g0p007__ds0p15__dm0p3
Problem: QUBO
Kernel: rbf
Advantage: normalizedfitness
M: 3
lambda: 8
epsilon_svgd: 0.033
gamma: 0.007
decay_start_ratio: 0.15
decay_min_factor: 0.3
bandwith_kernel: None
no_interact: False
avg_score: -1593.4599609375
median_score: -1594.0
std_score: 69.1937026977539
percentiles: 2%=-1772.0, 5%=-1686.949951171875, 10%=-1669.4000244140625, 25%=-1637.0, 50%=-1594.0, 75%=-1539.0, 90%=-1512.5999755859375, 95%=-1499.1500244140625, 98%=-1471.0
ranking_best_algo: NLOPT_LN_PRAXIS
ranking_best_score: 1607.12
ranking_my_rank: 38/504 (92.7%)
ranking_my_percent: 92.65873015873017
