ConfigName: kjsd__advperagentrankweighted__M4__L12__eps0p005__g0p0005__ds0p2__dm0p05
Problem: QUBO
Kernel: jsd
Advantage: peragentrankweighted
M: 4
lambda: 12
epsilon_svgd: 0.005
gamma: 0.0005
decay_start_ratio: 0.2
decay_min_factor: 0.05
bandwith_kernel: None
no_interact: False
avg_score: -443.3399963378906
median_score: -441.5
std_score: 24.838768005371094
percentiles: 2%=-492.1199951171875, 5%=-487.0, 10%=-473.20001220703125, 25%=-462.0, 50%=-441.5, 75%=-425.75, 90%=-412.8999938964844, 95%=-401.95001220703125, 98%=-397.9599914550781
ranking_best_algo: CMApara
ranking_best_score: 453.82
ranking_my_rank: 8/504 (98.6%)
ranking_my_percent: 98.61111111111111
