ConfigName: krbf__advnormalizedfitness__M3__L12__eps0p033__g0p005__ds0p01__dm0p3
Problem: QUBO
Kernel: rbf
Advantage: normalizedfitness
M: 3
lambda: 12
epsilon_svgd: 0.033
gamma: 0.005
decay_start_ratio: 0.01
decay_min_factor: 0.3
bandwith_kernel: None
no_interact: False
avg_score: -309.6400146484375
median_score: -310.0
std_score: 39.74053955078125
percentiles: 2%=-394.0400085449219, 5%=-384.5, 10%=-360.1999816894531, 25%=-334.0, 50%=-310.0, 75%=-274.0, 90%=-266.0, 95%=-258.8500061035156, 98%=-246.9399871826172
ranking_best_algo: CMApara
ranking_best_score: 319.29999999999995
ranking_my_rank: 73/504 (85.7%)
ranking_my_percent: 85.71428571428571
