ConfigName: krbf__advnormalizedfitness__M1__L8__eps0p025__g0p01__ds0p3__dm0p3
Problem: QUBO
Kernel: rbf
Advantage: normalizedfitness
M: 1
lambda: 8
epsilon_svgd: 0.025
gamma: 0.01
decay_start_ratio: 0.3
decay_min_factor: 0.3
bandwith_kernel: None
no_interact: False
avg_score: -298.8399963378906
median_score: -290.5
std_score: 42.372802734375
percentiles: 2%=-386.1600036621094, 5%=-382.20001220703125, 10%=-357.5999755859375, 25%=-326.0, 50%=-290.5, 75%=-268.75, 90%=-254.60000610351562, 95%=-247.7000274658203, 98%=-227.95999145507812
ranking_best_algo: CMApara
ranking_best_score: 319.29999999999995
ranking_my_rank: 237/504 (53.2%)
ranking_my_percent: 53.17460317460318
