ConfigName: kjsd__advperagentrankweighted__M5__L10__eps0p01__g0p003__ds0p4__dm0p2
Problem: QUBO
Kernel: jsd
Advantage: peragentrankweighted
M: 5
lambda: 10
epsilon_svgd: 0.01
gamma: 0.003
decay_start_ratio: 0.4
decay_min_factor: 0.2
bandwith_kernel: None
no_interact: False
avg_score: -308.260009765625
median_score: -312.0
std_score: 40.28215408325195
percentiles: 2%=-394.0, 5%=-388.1000061035156, 10%=-360.0, 25%=-330.0, 50%=-312.0, 75%=-271.0, 90%=-260.8999938964844, 95%=-256.0, 98%=-251.97999572753906
ranking_best_algo: CMApara
ranking_best_score: 319.29999999999995
ranking_my_rank: 90/504 (82.3%)
ranking_my_percent: 82.34126984126983
