ConfigName: krbf__advnormalizedfitness__M1__L8__eps0p015__g0p007__ds0p01__dm0p01
Problem: NK
Kernel: rbf
Advantage: normalizedfitness
M: 1
lambda: 8
epsilon_svgd: 0.015
gamma: 0.007
decay_start_ratio: 0.01
decay_min_factor: 0.01
bandwith_kernel: None
no_interact: False
avg_score: 0.7283127307891846
median_score: 0.728850245475769
std_score: 0.010632072575390339
percentiles: 2%=0.7102839946746826, 5%=0.7112613916397095, 10%=0.7136799097061157, 25%=0.7200543284416199, 50%=0.728850245475769, 75%=0.7372546792030334, 90%=0.7418509125709534, 95%=0.7436772584915161, 98%=0.7462544441223145
ranking_best_algo: PBIL
ranking_best_score: 0.730509098125
ranking_my_rank: 6/504 (99.0%)
ranking_my_percent: 99.0079365079365
