ConfigName: kjsd__advperagentrankweighted__M3__L16__eps0p01__g0p001__ds0p1__dm0p2
Problem: NK
Kernel: jsd
Advantage: peragentrankweighted
M: 3
lambda: 16
epsilon_svgd: 0.01
gamma: 0.001
decay_start_ratio: 0.1
decay_min_factor: 0.2
bandwith_kernel: None
no_interact: False
avg_score: 0.73459792137146
median_score: 0.736257016658783
std_score: 0.008568335324525833
percentiles: 2%=0.7154634594917297, 5%=0.718994140625, 10%=0.7213619351387024, 25%=0.7289316654205322, 50%=0.736257016658783, 75%=0.7410833835601807, 90%=0.7441121935844421, 95%=0.7460095882415771, 98%=0.7482609152793884
ranking_best_algo: PBIL
ranking_best_score: 0.7248786399609374
ranking_my_rank: 1/504 (100.0%)
ranking_my_percent: 100.0
