ConfigName: kjsd__advperagentrankweighted__M5__L8__eps0p03__g0p0007__ds0p2__dm0p05
Problem: QUBO
Kernel: jsd
Advantage: peragentrankweighted
M: 5
lambda: 8
epsilon_svgd: 0.03
gamma: 0.0007
decay_start_ratio: 0.2
decay_min_factor: 0.05
bandwith_kernel: None
no_interact: False
avg_score: -198.17999267578125
median_score: -199.0
std_score: 12.822152137756348
percentiles: 2%=-224.0, 5%=-220.0500030517578, 10%=-215.0, 25%=-207.0, 50%=-199.0, 75%=-190.75, 90%=-179.0, 95%=-177.0, 98%=-174.94000244140625
ranking_best_algo: Tabu
ranking_best_score: 208.36000000000004
ranking_my_rank: 103/504 (79.8%)
ranking_my_percent: 79.76190476190476
