ConfigName: kjsd__advperagentrankweighted__M4__L24__eps0p005__g0p0005__ds0p05__dm0p05
Problem: NK
Kernel: jsd
Advantage: peragentrankweighted
M: 4
lambda: 24
epsilon_svgd: 0.005
gamma: 0.0005
decay_start_ratio: 0.05
decay_min_factor: 0.05
bandwith_kernel: None
no_interact: False
avg_score: 0.7307202219963074
median_score: 0.7285687923431396
std_score: 0.01014308538287878
percentiles: 2%=0.7136211395263672, 5%=0.7168911099433899, 10%=0.7192718982696533, 25%=0.7237169146537781, 50%=0.7285687923431396, 75%=0.7361993193626404, 90%=0.7454709410667419, 95%=0.7480443120002747, 98%=0.7523028254508972
ranking_best_algo: Tabu
ranking_best_score: 0.7429702712499999
ranking_my_rank: 2/504 (99.8%)
ranking_my_percent: 99.8015873015873
