ConfigName: kjsd__advperagentrankweighted__M5__L8__eps0p01__g0p0007__ds0p05__dm0p2
Problem: QUBO
Kernel: jsd
Advantage: peragentrankweighted
M: 5
lambda: 8
epsilon_svgd: 0.01
gamma: 0.0007
decay_start_ratio: 0.05
decay_min_factor: 0.2
bandwith_kernel: None
no_interact: False
avg_score: -942.219970703125
median_score: -935.0
std_score: 65.70792388916016
percentiles: 2%=-1072.1199951171875, 5%=-1050.550048828125, 10%=-1029.199951171875, 25%=-987.5, 50%=-935.0, 75%=-897.75, 90%=-857.7000122070312, 95%=-844.5999755859375, 98%=-812.9199829101562
ranking_best_algo: CMApara
ranking_best_score: 964.9
ranking_my_rank: 4/504 (99.4%)
ranking_my_percent: 99.4047619047619
