ConfigName: krbf__advnormalizedfitness__M4__L10__eps0p015__g0p005__ds0p15__dm0p3
Problem: NK
Kernel: rbf
Advantage: normalizedfitness
M: 4
lambda: 10
epsilon_svgd: 0.015
gamma: 0.005
decay_start_ratio: 0.15
decay_min_factor: 0.3
bandwith_kernel: None
no_interact: False
avg_score: 0.7337169647216797
median_score: 0.734472393989563
std_score: 0.00956838671118021
percentiles: 2%=0.7132242321968079, 5%=0.7162906527519226, 10%=0.7207906246185303, 25%=0.7278379201889038, 50%=0.734472393989563, 75%=0.7416635751724243, 90%=0.7451537847518921, 95%=0.7461550235748291, 98%=0.7479990124702454
ranking_best_algo: PBIL
ranking_best_score: 0.730509098125
ranking_my_rank: 1/504 (100.0%)
ranking_my_percent: 100.0
