ConfigName: krbf__advnormalizedfitness__M1__L8__eps0p015__g0p007__ds0p3__dm0p01
Problem: QUBO
Kernel: rbf
Advantage: normalizedfitness
M: 1
lambda: 8
epsilon_svgd: 0.015
gamma: 0.007
decay_start_ratio: 0.3
decay_min_factor: 0.01
bandwith_kernel: None
no_interact: False
avg_score: -297.3999938964844
median_score: -293.0
std_score: 50.81574630737305
percentiles: 2%=-392.0400085449219, 5%=-380.1000061035156, 10%=-357.0, 25%=-330.5, 50%=-293.0, 75%=-264.75, 90%=-245.89999389648438, 95%=-237.90000915527344, 98%=-230.0
ranking_best_algo: CMApara
ranking_best_score: 319.29999999999995
ranking_my_rank: 244/504 (51.8%)
ranking_my_percent: 51.785714285714285
