ConfigName: kfr__advglobalrankweighted__M3__L9__eps0p02__g0p005__ds0p01__dm0p01
Problem: QUBO
Kernel: fr
Advantage: globalrankweighted
M: 3
lambda: 9
epsilon_svgd: 0.02
gamma: 0.005
decay_start_ratio: 0.01
decay_min_factor: 0.01
bandwith_kernel: None
no_interact: False
avg_score: -1611.0799560546875
median_score: -1615.5
std_score: 61.65851974487305
percentiles: 2%=-1724.8800048828125, 5%=-1706.199951171875, 10%=-1675.0999755859375, 25%=-1653.25, 50%=-1615.5, 75%=-1571.75, 90%=-1520.800048828125, 95%=-1502.7000732421875, 98%=-1494.9599609375
ranking_best_algo: NLOPT_LN_PRAXIS
ranking_best_score: 1607.12
ranking_my_rank: 1/504 (100.0%)
ranking_my_percent: 100.0
