ConfigName: krbf__advnormalizedfitness__M4__L12__eps0p033__g0p01__ds0p15__dm0p01
Problem: QUBO
Kernel: rbf
Advantage: normalizedfitness
M: 4
lambda: 12
epsilon_svgd: 0.033
gamma: 0.01
decay_start_ratio: 0.15
decay_min_factor: 0.01
bandwith_kernel: None
no_interact: False
avg_score: -333.2799987792969
median_score: -334.0
std_score: 17.8404483795166
percentiles: 2%=-372.0, 5%=-357.20001220703125, 10%=-354.0, 25%=-346.75, 50%=-334.0, 75%=-324.0, 90%=-308.0, 95%=-300.95001220703125, 98%=-295.97998046875
ranking_best_algo: CMApara
ranking_best_score: 344.22
ranking_my_rank: 68/504 (86.7%)
ranking_my_percent: 86.7063492063492
