ConfigName: kjsd__advperagentrankweighted__M3__L18__eps0p01__g0p0007__ds0p2__dm0p05
Problem: NK
Kernel: jsd
Advantage: peragentrankweighted
M: 3
lambda: 18
epsilon_svgd: 0.01
gamma: 0.0007
decay_start_ratio: 0.2
decay_min_factor: 0.05
bandwith_kernel: None
no_interact: False
avg_score: 0.7359698414802551
median_score: 0.7371160387992859
std_score: 0.0091411666944623
percentiles: 2%=0.7173733115196228, 5%=0.719631552696228, 10%=0.7240388989448547, 25%=0.7302082777023315, 50%=0.7371160387992859, 75%=0.7419711947441101, 90%=0.7480042576789856, 95%=0.7514828443527222, 98%=0.7530260682106018
ranking_best_algo: PBIL
ranking_best_score: 0.730509098125
ranking_my_rank: 1/504 (100.0%)
ranking_my_percent: 100.0
