ConfigName: kjsd__advperagentrankweighted__M3__L16__eps0p007__g0p0005__ds0p2__dm0p1
Problem: QUBO
Kernel: jsd
Advantage: peragentrankweighted
M: 3
lambda: 16
epsilon_svgd: 0.007
gamma: 0.0005
decay_start_ratio: 0.2
decay_min_factor: 0.1
bandwith_kernel: None
no_interact: False
avg_score: -1243.219970703125
median_score: -1235.5
std_score: 57.66499328613281
percentiles: 2%=-1369.4200439453125, 5%=-1341.199951171875, 10%=-1314.4000244140625, 25%=-1283.5, 50%=-1235.5, 75%=-1205.75, 90%=-1168.800048828125, 95%=-1159.8499755859375, 98%=-1135.739990234375
ranking_best_algo: SVMMetaModelLogNormal
ranking_best_score: 1233.7999999999997
ranking_my_rank: 1/504 (100.0%)
ranking_my_percent: 100.0
