ConfigName: kjsd__advperagentrankweighted__M4__L20__eps0p005__g0p001__ds0p1__dm0p1
Problem: QUBO
Kernel: jsd
Advantage: peragentrankweighted
M: 4
lambda: 20
epsilon_svgd: 0.005
gamma: 0.001
decay_start_ratio: 0.1
decay_min_factor: 0.1
bandwith_kernel: None
no_interact: False
avg_score: -1179.739990234375
median_score: -1160.0
std_score: 76.24009704589844
percentiles: 2%=-1329.06005859375, 5%=-1321.0999755859375, 10%=-1288.0, 25%=-1228.25, 50%=-1160.0, 75%=-1125.0, 90%=-1094.699951171875, 95%=-1072.699951171875, 98%=-1048.9200439453125
ranking_best_algo: SVMMetaModelLogNormal
ranking_best_score: 1233.7999999999997
ranking_my_rank: 65/504 (87.3%)
ranking_my_percent: 87.3015873015873
