ConfigName: kjsd__advperagentrankweighted__M3__L16__eps0p005__g0p0007__ds0p05__dm0p2
Problem: QUBO
Kernel: jsd
Advantage: peragentrankweighted
M: 3
lambda: 16
epsilon_svgd: 0.005
gamma: 0.0007
decay_start_ratio: 0.05
decay_min_factor: 0.2
bandwith_kernel: None
no_interact: False
avg_score: -422.0799865722656
median_score: -421.0
std_score: 31.251136779785156
percentiles: 2%=-477.0400085449219, 5%=-473.0, 10%=-463.20001220703125, 25%=-443.75, 50%=-421.0, 75%=-404.5, 90%=-385.79998779296875, 95%=-365.8999938964844, 98%=-347.8800048828125
ranking_best_algo: CMAL3
ranking_best_score: 435.36
ranking_my_rank: 46/504 (91.1%)
ranking_my_percent: 91.07142857142857
