ConfigName: krbf__advnormalizedfitness__M4__L10__eps0p033__g0p005__ds0p15__dm0p3
Problem: QUBO
Kernel: rbf
Advantage: normalizedfitness
M: 4
lambda: 10
epsilon_svgd: 0.033
gamma: 0.005
decay_start_ratio: 0.15
decay_min_factor: 0.3
bandwith_kernel: None
no_interact: False
avg_score: -202.10000610351562
median_score: -202.5
std_score: 12.396370887756348
percentiles: 2%=-224.0, 5%=-224.0, 10%=-219.1999969482422, 25%=-210.0, 50%=-202.5, 75%=-193.0, 90%=-185.89999389648438, 95%=-182.0, 98%=-178.0
ranking_best_algo: Tabu
ranking_best_score: 208.36000000000004
ranking_my_rank: 35/504 (93.3%)
ranking_my_percent: 93.25396825396825
