ConfigName: krbf__advnormalizedfitness__M2__L8__eps0p025__g0p005__ds0p01__dm0p3
Problem: NK
Kernel: rbf
Advantage: normalizedfitness
M: 2
lambda: 8
epsilon_svgd: 0.025
gamma: 0.005
decay_start_ratio: 0.01
decay_min_factor: 0.3
bandwith_kernel: None
no_interact: False
avg_score: 0.7484350800514221
median_score: 0.7481905817985535
std_score: 0.01437308918684721
percentiles: 2%=0.719255805015564, 5%=0.7260863184928894, 10%=0.7296459674835205, 25%=0.7389914393424988, 50%=0.7481905817985535, 75%=0.7568521499633789, 90%=0.7668899893760681, 95%=0.7774377465248108, 98%=0.778441309928894
ranking_best_algo: Tabu
ranking_best_score: 0.7470791764843752
ranking_my_rank: 1/504 (100.0%)
ranking_my_percent: 100.0
