ConfigName: krbf__advnormalizedfitness__M4__L15__eps0p025__g0p005__ds0p01__dm0p3
Problem: NK
Kernel: rbf
Advantage: normalizedfitness
M: 4
lambda: 15
epsilon_svgd: 0.025
gamma: 0.005
decay_start_ratio: 0.01
decay_min_factor: 0.3
bandwith_kernel: None
no_interact: False
avg_score: 0.7450677752494812
median_score: 0.7417416572570801
std_score: 0.0277516208589077
percentiles: 2%=0.7025974988937378, 5%=0.7067646980285645, 10%=0.7121554017066956, 25%=0.7240954041481018, 50%=0.7417416572570801, 75%=0.7580187320709229, 90%=0.7780925631523132, 95%=0.8044298887252808, 98%=0.8053649663925171
ranking_best_algo: CMApara
ranking_best_score: 0.7459277895312499
ranking_my_rank: 2/504 (99.8%)
ranking_my_percent: 99.8015873015873
