ConfigName: kjsd__advperagentrankweighted__M4__L24__eps0p03__g0p0005__ds0p05__dm0p05
Problem: QUBO
Kernel: jsd
Advantage: peragentrankweighted
M: 4
lambda: 24
epsilon_svgd: 0.03
gamma: 0.0005
decay_start_ratio: 0.05
decay_min_factor: 0.05
bandwith_kernel: None
no_interact: False
avg_score: -1229.43994140625
median_score: -1236.5
std_score: 63.04019546508789
percentiles: 2%=-1334.4200439453125, 5%=-1322.25, 10%=-1305.0, 25%=-1275.0, 50%=-1236.5, 75%=-1182.25, 90%=-1141.0, 95%=-1134.800048828125, 98%=-1116.739990234375
ranking_best_algo: SVMMetaModelLogNormal
ranking_best_score: 1233.7999999999997
ranking_my_rank: 12/504 (97.8%)
ranking_my_percent: 97.81746031746032
