ConfigName: krbf__advnormalizedfitness__M1__L8__eps0p015__g0p007__ds0p15__dm0p3
Problem: QUBO
Kernel: rbf
Advantage: normalizedfitness
M: 1
lambda: 8
epsilon_svgd: 0.015
gamma: 0.007
decay_start_ratio: 0.15
decay_min_factor: 0.3
bandwith_kernel: None
no_interact: False
avg_score: -900.97998046875
median_score: -894.5
std_score: 67.01744842529297
percentiles: 2%=-1041.6199951171875, 5%=-1009.0, 10%=-997.2000122070312, 25%=-945.25, 50%=-894.5, 75%=-857.5, 90%=-816.5999755859375, 95%=-798.800048828125, 98%=-786.4798583984375
ranking_best_algo: CMApara
ranking_best_score: 964.9
ranking_my_rank: 118/504 (76.8%)
ranking_my_percent: 76.78571428571429
