ConfigName: kjsd__advperagentrankweighted__M3__L16__eps0p005__g0p003__ds0p1__dm0p1
Problem: QUBO
Kernel: jsd
Advantage: peragentrankweighted
M: 3
lambda: 16
epsilon_svgd: 0.005
gamma: 0.003
decay_start_ratio: 0.1
decay_min_factor: 0.1
bandwith_kernel: None
no_interact: False
avg_score: -2874.139892578125
median_score: -2878.0
std_score: 211.81979370117188
percentiles: 2%=-3235.239990234375, 5%=-3214.550048828125, 10%=-3145.60009765625, 25%=-3039.5, 50%=-2878.0, 75%=-2704.5, 90%=-2600.699951171875, 95%=-2562.800048828125, 98%=-2453.340087890625
ranking_best_algo: RLSOnePlusOne
ranking_best_score: 3316.5199999999995
ranking_my_rank: 143/504 (71.8%)
ranking_my_percent: 71.82539682539682
