ConfigName: kjsd__advperagentrankweighted__M3__L30__eps0p005__g0p0005__ds0p05__dm0p1
Problem: QUBO
Kernel: jsd
Advantage: peragentrankweighted
M: 3
lambda: 30
epsilon_svgd: 0.005
gamma: 0.0005
decay_start_ratio: 0.05
decay_min_factor: 0.1
bandwith_kernel: None
no_interact: False
avg_score: -147.8800048828125
median_score: -146.0
std_score: 13.267463684082031
percentiles: 2%=-179.0, 5%=-179.0, 10%=-160.39999389648438, 25%=-155.0, 50%=-146.0, 75%=-139.0, 90%=-133.0, 95%=-128.89999389648438, 98%=-124.80000305175781
ranking_best_algo: CMApara
ranking_best_score: 154.28
ranking_my_rank: 87/504 (82.9%)
ranking_my_percent: 82.93650793650794
