ConfigName: kjsd__advperagentrankweighted__M6__L24__eps0p005__g0p0005__ds0p3__dm0p05
Problem: NK
Kernel: jsd
Advantage: peragentrankweighted
M: 6
lambda: 24
epsilon_svgd: 0.005
gamma: 0.0005
decay_start_ratio: 0.3
decay_min_factor: 0.05
bandwith_kernel: None
no_interact: False
avg_score: 0.710491955280304
median_score: 0.7112679481506348
std_score: 0.015038988552987576
percentiles: 2%=0.6731290221214294, 5%=0.673700749874115, 10%=0.6957703828811646, 25%=0.7081207036972046, 50%=0.7112679481506348, 75%=0.7192971110343933, 90%=0.7253807783126831, 95%=0.7320250868797302, 98%=0.7335246205329895
ranking_best_algo: CMApara
ranking_best_score: 0.707475975
ranking_my_rank: 1/504 (100.0%)
ranking_my_percent: 100.0
