ConfigName: kjsd__advperagentrankweighted__M3__L30__eps0p005__g0p001__ds0p1__dm0p2
Problem: NK
Kernel: jsd
Advantage: peragentrankweighted
M: 3
lambda: 30
epsilon_svgd: 0.005
gamma: 0.001
decay_start_ratio: 0.1
decay_min_factor: 0.2
bandwith_kernel: None
no_interact: False
avg_score: 0.7052265405654907
median_score: 0.7040250301361084
std_score: 0.021040992811322212
percentiles: 2%=0.6647863388061523, 5%=0.6707860231399536, 10%=0.6784443259239197, 25%=0.6901353597640991, 50%=0.7040250301361084, 75%=0.7206082940101624, 90%=0.7305863499641418, 95%=0.7357121706008911, 98%=0.7454673051834106
ranking_best_algo: Tabu
ranking_best_score: 0.7429702712499999
ranking_my_rank: 173/504 (65.9%)
ranking_my_percent: 65.87301587301587
