ConfigName: kjsd__advperagentrankweighted__M3__L16__eps0p007__g0p0005__ds0p05__dm0p1
Problem: QUBO
Kernel: jsd
Advantage: peragentrankweighted
M: 3
lambda: 16
epsilon_svgd: 0.007
gamma: 0.0005
decay_start_ratio: 0.05
decay_min_factor: 0.1
bandwith_kernel: None
no_interact: False
avg_score: -1248.97998046875
median_score: -1253.0
std_score: 61.520233154296875
percentiles: 2%=-1365.1199951171875, 5%=-1353.0999755859375, 10%=-1325.199951171875, 25%=-1285.5, 50%=-1253.0, 75%=-1207.0, 90%=-1157.699951171875, 95%=-1146.0, 98%=-1133.699951171875
ranking_best_algo: SVMMetaModelLogNormal
ranking_best_score: 1233.7999999999997
ranking_my_rank: 1/504 (100.0%)
ranking_my_percent: 100.0
