ConfigName: kjsd__advperagentrankweighted__M3__L24__eps0p007__g0p001__ds0p05__dm0p05
Problem: QUBO
Kernel: jsd
Advantage: peragentrankweighted
M: 3
lambda: 24
epsilon_svgd: 0.007
gamma: 0.001
decay_start_ratio: 0.05
decay_min_factor: 0.05
bandwith_kernel: None
no_interact: False
avg_score: -324.8599853515625
median_score: -330.0
std_score: 23.357662200927734
percentiles: 2%=-361.0, 5%=-357.0, 10%=-350.0, 25%=-342.25, 50%=-330.0, 75%=-311.0, 90%=-290.0, 95%=-283.8999938964844, 98%=-281.9200134277344
ranking_best_algo: CMApara
ranking_best_score: 344.22
ranking_my_rank: 122/504 (76.0%)
ranking_my_percent: 75.9920634920635
