ConfigName: kjsd__advperagentrankweighted__M3__L30__eps0p007__g0p0005__ds0p2__dm0p2
Problem: NK
Kernel: jsd
Advantage: peragentrankweighted
M: 3
lambda: 30
epsilon_svgd: 0.007
gamma: 0.0005
decay_start_ratio: 0.2
decay_min_factor: 0.2
bandwith_kernel: None
no_interact: False
avg_score: 0.7470031976699829
median_score: 0.7465155124664307
std_score: 0.00903809443116188
percentiles: 2%=0.7308046221733093, 5%=0.7325189709663391, 10%=0.7359596490859985, 25%=0.7406595945358276, 50%=0.7465155124664307, 75%=0.7530633211135864, 90%=0.7595449090003967, 95%=0.7617001533508301, 98%=0.7648589611053467
ranking_best_algo: PBIL
ranking_best_score: 0.733570253046875
ranking_my_rank: 1/504 (100.0%)
ranking_my_percent: 100.0
