ConfigName: kjsd__advperagentrankweighted__M4__L12__eps0p01__g0p0005__ds0p4__dm0p05
Problem: QUBO
Kernel: jsd
Advantage: peragentrankweighted
M: 4
lambda: 12
epsilon_svgd: 0.01
gamma: 0.0005
decay_start_ratio: 0.4
decay_min_factor: 0.05
bandwith_kernel: None
no_interact: False
avg_score: -437.0199890136719
median_score: -435.5
std_score: 27.27562141418457
percentiles: 2%=-489.0, 5%=-481.1000061035156, 10%=-470.20001220703125, 25%=-458.0, 50%=-435.5, 75%=-417.0, 90%=-400.0, 95%=-393.8500061035156, 98%=-387.9200134277344
ranking_best_algo: CMApara
ranking_best_score: 453.82
ranking_my_rank: 30/504 (94.2%)
ranking_my_percent: 94.24603174603175
