ConfigName: kjsd__advperagentrankweighted__M4__L30__eps0p005__g0p0007__ds0p4__dm0p05
Problem: QUBO
Kernel: jsd
Advantage: peragentrankweighted
M: 4
lambda: 30
epsilon_svgd: 0.005
gamma: 0.0007
decay_start_ratio: 0.4
decay_min_factor: 0.05
bandwith_kernel: None
no_interact: False
avg_score: -883.4199829101562
median_score: -887.0
std_score: 64.54241943359375
percentiles: 2%=-1027.0999755859375, 5%=-986.7000122070312, 10%=-959.7999877929688, 25%=-925.25, 50%=-887.0, 75%=-830.75, 90%=-800.5, 95%=-785.75, 98%=-763.7000122070312
ranking_best_algo: CMAL3
ranking_best_score: 928.5800000000002
ranking_my_rank: 109/504 (78.6%)
ranking_my_percent: 78.57142857142857
