ConfigName: kjsd__advperagentrankweighted__M3__L18__eps0p005__g0p0005__ds0p05__dm0p1
Problem: NK
Kernel: jsd
Advantage: peragentrankweighted
M: 3
lambda: 18
epsilon_svgd: 0.005
gamma: 0.0005
decay_start_ratio: 0.05
decay_min_factor: 0.1
bandwith_kernel: None
no_interact: False
avg_score: 0.7401139736175537
median_score: 0.7389273047447205
std_score: 0.015953896567225456
percentiles: 2%=0.7048580050468445, 5%=0.7174081802368164, 10%=0.7249298095703125, 25%=0.7297552824020386, 50%=0.7389273047447205, 75%=0.7485518455505371, 90%=0.7632219195365906, 95%=0.766913115978241, 98%=0.7741337418556213
ranking_best_algo: Tabu
ranking_best_score: 0.7601875690625
ranking_my_rank: 15/504 (97.2%)
ranking_my_percent: 97.22222222222223
