ConfigName: kjsd__advperagentrankweighted__M3__L18__eps0p01__g0p0005__ds0p1__dm0p1
Problem: QUBO
Kernel: jsd
Advantage: peragentrankweighted
M: 3
lambda: 18
epsilon_svgd: 0.01
gamma: 0.0005
decay_start_ratio: 0.1
decay_min_factor: 0.1
bandwith_kernel: None
no_interact: False
avg_score: -2593.280029296875
median_score: -2586.0
std_score: 112.12261962890625
percentiles: 2%=-2809.0400390625, 5%=-2778.25, 10%=-2750.60009765625, 25%=-2663.75, 50%=-2586.0, 75%=-2518.5, 90%=-2446.89990234375, 95%=-2432.449951171875, 98%=-2369.840087890625
ranking_best_algo: SVM1MetaModelLogNormal
ranking_best_score: 2605.14
ranking_my_rank: 10/504 (98.2%)
ranking_my_percent: 98.21428571428571
