ConfigName: kjsd__advperagentrankweighted__M3__L24__eps0p005__g0p0005__ds0p2__dm0p05
Problem: QUBO
Kernel: jsd
Advantage: peragentrankweighted
M: 3
lambda: 24
epsilon_svgd: 0.005
gamma: 0.0005
decay_start_ratio: 0.2
decay_min_factor: 0.05
bandwith_kernel: None
no_interact: False
avg_score: -1632.780029296875
median_score: -1628.5
std_score: 53.58107376098633
percentiles: 2%=-1762.1199951171875, 5%=-1718.4000244140625, 10%=-1700.0999755859375, 25%=-1663.5, 50%=-1628.5, 75%=-1599.75, 90%=-1561.0, 95%=-1544.9000244140625, 98%=-1534.9200439453125
ranking_best_algo: NLOPT_LN_PRAXIS
ranking_best_score: 1607.12
ranking_my_rank: 1/504 (100.0%)
ranking_my_percent: 100.0
