ConfigName: krbf__advnormalizedfitness__M3__L8__eps0p03__g0p005__ds0p15__dm0p05
Problem: QUBO
Kernel: rbf
Advantage: normalizedfitness
M: 3
lambda: 8
epsilon_svgd: 0.03
gamma: 0.005
decay_start_ratio: 0.15
decay_min_factor: 0.05
bandwith_kernel: None
no_interact: False
avg_score: -306.8399963378906
median_score: -301.0
std_score: 38.8511848449707
percentiles: 2%=-398.0, 5%=-384.20001220703125, 10%=-356.0, 25%=-328.5, 50%=-301.0, 75%=-272.75, 90%=-265.8999938964844, 95%=-258.0, 98%=-252.94000244140625
ranking_best_algo: CMApara
ranking_best_score: 319.29999999999995
ranking_my_rank: 111/504 (78.2%)
ranking_my_percent: 78.17460317460318
