ConfigName: krbf__advnormalizedfitness__M4__L8__eps0p033__g0p015__ds0p3__dm0p3
Problem: NK
Kernel: rbf
Advantage: normalizedfitness
M: 4
lambda: 8
epsilon_svgd: 0.033
gamma: 0.015
decay_start_ratio: 0.3
decay_min_factor: 0.3
bandwith_kernel: None
no_interact: False
avg_score: 0.702495813369751
median_score: 0.7042863368988037
std_score: 0.012239617295563221
percentiles: 2%=0.676672101020813, 5%=0.6821371912956238, 10%=0.6853776574134827, 25%=0.6936886310577393, 50%=0.7042863368988037, 75%=0.7110396027565002, 90%=0.7178232073783875, 95%=0.7200965285301208, 98%=0.7210463285446167
ranking_best_algo: PBIL
ranking_best_score: 0.7248786399609374
ranking_my_rank: 93/504 (81.7%)
ranking_my_percent: 81.74603174603175
