ConfigName: kjsd__advperagentrankweighted__M5__L10__eps0p005__g0p003__ds0p4__dm0p05
Problem: NK
Kernel: jsd
Advantage: peragentrankweighted
M: 5
lambda: 10
epsilon_svgd: 0.005
gamma: 0.003
decay_start_ratio: 0.4
decay_min_factor: 0.05
bandwith_kernel: None
no_interact: False
avg_score: 0.5743375420570374
median_score: 0.5743906497955322
std_score: 0.005526878405362368
percentiles: 2%=0.5644737482070923, 5%=0.5659325122833252, 10%=0.5674030780792236, 25%=0.5702432990074158, 50%=0.5743906497955322, 75%=0.5775294899940491, 90%=0.5817857384681702, 95%=0.5834946632385254, 98%=0.5858250856399536
ranking_best_algo: PBIL
ranking_best_score: 0.7170882103515624
ranking_my_rank: 389/504 (23.0%)
ranking_my_percent: 23.015873015873016
