ConfigName: kjsd__advperagentrankweighted__M3__L16__eps0p005__g0p0007__ds0p2__dm0p1
Problem: NK
Kernel: jsd
Advantage: peragentrankweighted
M: 3
lambda: 16
epsilon_svgd: 0.005
gamma: 0.0007
decay_start_ratio: 0.2
decay_min_factor: 0.1
bandwith_kernel: None
no_interact: False
avg_score: 0.707832396030426
median_score: 0.7106620073318481
std_score: 0.011870179325342178
percentiles: 2%=0.6880245208740234, 5%=0.6891400814056396, 10%=0.693174421787262, 25%=0.6962285041809082, 50%=0.7106620073318481, 75%=0.7170405983924866, 90%=0.7219669222831726, 95%=0.7242465615272522, 98%=0.7245391607284546
ranking_best_algo: PBIL
ranking_best_score: 0.7013553837109374
ranking_my_rank: 1/504 (100.0%)
ranking_my_percent: 100.0
