ConfigName: kjsd__advperagentrankweighted__M5__L24__eps0p02__g0p0005__ds0p2__dm0p05
Problem: NK
Kernel: jsd
Advantage: peragentrankweighted
M: 5
lambda: 24
epsilon_svgd: 0.02
gamma: 0.0005
decay_start_ratio: 0.2
decay_min_factor: 0.05
bandwith_kernel: None
no_interact: False
avg_score: 0.7422721982002258
median_score: 0.7425618767738342
std_score: 0.012749623507261276
percentiles: 2%=0.7176669836044312, 5%=0.7218502163887024, 10%=0.7279254198074341, 25%=0.7330691814422607, 50%=0.7425618767738342, 75%=0.7501125335693359, 90%=0.7580893635749817, 95%=0.7607733011245728, 98%=0.7640096545219421
ranking_best_algo: Tabu
ranking_best_score: 0.7601875690625
ranking_my_rank: 11/504 (98.0%)
ranking_my_percent: 98.01587301587301
