ConfigName: kjsd__advperagentrankweighted__M5__L10__eps0p008__g0p0005__ds0p05__dm0p05
Problem: NK
Kernel: jsd
Advantage: peragentrankweighted
M: 5
lambda: 10
epsilon_svgd: 0.008
gamma: 0.0005
decay_start_ratio: 0.05
decay_min_factor: 0.05
bandwith_kernel: None
no_interact: False
avg_score: 0.7520917654037476
median_score: 0.7514615058898926
std_score: 0.013151463121175766
percentiles: 2%=0.7262378931045532, 5%=0.7310757637023926, 10%=0.7354495525360107, 25%=0.741357684135437, 50%=0.7514615058898926, 75%=0.7616392374038696, 90%=0.7706716060638428, 95%=0.7721179723739624, 98%=0.778207540512085
ranking_best_algo: Tabu
ranking_best_score: 0.7657846284375001
ranking_my_rank: 13/504 (97.6%)
ranking_my_percent: 97.61904761904762
