ConfigName: kjsd__advperagentrankweighted__M3__L20__eps0p005__g0p003__ds0p05__dm0p05
Problem: QUBO
Kernel: jsd
Advantage: peragentrankweighted
M: 3
lambda: 20
epsilon_svgd: 0.005
gamma: 0.003
decay_start_ratio: 0.05
decay_min_factor: 0.05
bandwith_kernel: None
no_interact: False
avg_score: -1150.5400390625
median_score: -1144.0
std_score: 76.99121856689453
percentiles: 2%=-1323.199951171875, 5%=-1295.1500244140625, 10%=-1258.0999755859375, 25%=-1191.0, 50%=-1144.0, 75%=-1113.0, 90%=-1051.9000244140625, 95%=-1028.5999755859375, 98%=-989.6599731445312
ranking_best_algo: Tabu
ranking_best_score: 1216.16
ranking_my_rank: 143/504 (71.8%)
ranking_my_percent: 71.82539682539682
