ConfigName: krbf__advnormalizedfitness__M3__L12__eps0p033__g0p005__ds0p3__dm0p3
Problem: NK
Kernel: rbf
Advantage: normalizedfitness
M: 3
lambda: 12
epsilon_svgd: 0.033
gamma: 0.005
decay_start_ratio: 0.3
decay_min_factor: 0.3
bandwith_kernel: None
no_interact: False
avg_score: 0.7344180941581726
median_score: 0.7349575161933899
std_score: 0.008920988067984581
percentiles: 2%=0.717225193977356, 5%=0.7188572287559509, 10%=0.7209203839302063, 25%=0.728580117225647, 50%=0.7349575161933899, 75%=0.7426502704620361, 90%=0.7448777556419373, 95%=0.7468895316123962, 98%=0.7477049827575684
ranking_best_algo: PBIL
ranking_best_score: 0.7248786399609374
ranking_my_rank: 1/504 (100.0%)
ranking_my_percent: 100.0
