ConfigName: kjsd__advperagentrankweighted__M5__L8__eps0p01__g0p0003__ds0p4__dm0p05
Problem: NK
Kernel: jsd
Advantage: peragentrankweighted
M: 5
lambda: 8
epsilon_svgd: 0.01
gamma: 0.0003
decay_start_ratio: 0.4
decay_min_factor: 0.05
bandwith_kernel: None
no_interact: False
avg_score: 0.7330401539802551
median_score: 0.7337689399719238
std_score: 0.009463581256568432
percentiles: 2%=0.7152899503707886, 5%=0.7179840803146362, 10%=0.7210060358047485, 25%=0.7255375981330872, 50%=0.7337689399719238, 75%=0.7394896149635315, 90%=0.7450721859931946, 95%=0.7479601502418518, 98%=0.7534126043319702
ranking_best_algo: PBIL
ranking_best_score: 0.733570253046875
ranking_my_rank: 2/504 (99.8%)
ranking_my_percent: 99.8015873015873
