ConfigName: krbf__advnormalizedfitness__M4__L15__eps0p033__g0p007__ds0p15__dm0p3
Problem: NK
Kernel: rbf
Advantage: normalizedfitness
M: 4
lambda: 15
epsilon_svgd: 0.033
gamma: 0.007
decay_start_ratio: 0.15
decay_min_factor: 0.3
bandwith_kernel: None
no_interact: False
avg_score: 0.7099029421806335
median_score: 0.7109511494636536
std_score: 0.015370702371001244
percentiles: 2%=0.6703217029571533, 5%=0.6723117232322693, 10%=0.6953960061073303, 25%=0.7067922949790955, 50%=0.7109511494636536, 75%=0.719221293926239, 90%=0.7253973484039307, 95%=0.7316024899482727, 98%=0.7322712540626526
ranking_best_algo: CMApara
ranking_best_score: 0.707475975
ranking_my_rank: 1/504 (100.0%)
ranking_my_percent: 100.0
