ConfigName: kfr__advglobalrankweighted__M3__L9__eps0p02__g0p007__ds0p01__dm0p01
Problem: QUBO
Kernel: fr
Advantage: globalrankweighted
M: 3
lambda: 9
epsilon_svgd: 0.02
gamma: 0.007
decay_start_ratio: 0.01
decay_min_factor: 0.01
bandwith_kernel: None
no_interact: False
avg_score: -147.10000610351562
median_score: -146.0
std_score: 14.89932918548584
percentiles: 2%=-179.0, 5%=-179.0, 10%=-164.0, 25%=-156.25, 50%=-146.0, 75%=-139.0, 90%=-128.8000030517578, 95%=-121.90000915527344, 98%=-114.0
ranking_best_algo: CMApara
ranking_best_score: 154.28
ranking_my_rank: 101/504 (80.2%)
ranking_my_percent: 80.15873015873017
