ConfigName: kjsd__advperagentrankweighted__M3__L18__eps0p01__g0p001__ds0p2__dm0p05
Problem: NK
Kernel: jsd
Advantage: peragentrankweighted
M: 3
lambda: 18
epsilon_svgd: 0.01
gamma: 0.001
decay_start_ratio: 0.2
decay_min_factor: 0.05
bandwith_kernel: None
no_interact: False
avg_score: 0.7494552135467529
median_score: 0.7485461235046387
std_score: 0.00883206445723772
percentiles: 2%=0.7333544492721558, 5%=0.7368971109390259, 10%=0.7376176118850708, 25%=0.7439440488815308, 50%=0.7485461235046387, 75%=0.7542761564254761, 90%=0.7620581984519958, 95%=0.7659271955490112, 98%=0.7670148015022278
ranking_best_algo: PBIL
ranking_best_score: 0.733570253046875
ranking_my_rank: 1/504 (100.0%)
ranking_my_percent: 100.0
