ConfigName: kjsd__advperagentrankweighted__M4__L20__eps0p007__g0p001__ds0p05__dm0p05
Problem: QUBO
Kernel: jsd
Advantage: peragentrankweighted
M: 4
lambda: 20
epsilon_svgd: 0.007
gamma: 0.001
decay_start_ratio: 0.05
decay_min_factor: 0.05
bandwith_kernel: None
no_interact: False
avg_score: -936.760009765625
median_score: -928.0
std_score: 64.14734649658203
percentiles: 2%=-1076.0400390625, 5%=-1065.3499755859375, 10%=-1019.4000244140625, 25%=-981.5, 50%=-928.0, 75%=-889.0, 90%=-867.7000122070312, 95%=-844.7999877929688, 98%=-830.5599975585938
ranking_best_algo: CMApara
ranking_best_score: 964.9
ranking_my_rank: 10/504 (98.2%)
ranking_my_percent: 98.21428571428571
