ConfigName: kjsd__advperagentrankweighted__M3__L16__eps0p01__g0p0005__ds0p2__dm0p05
Problem: NK
Kernel: jsd
Advantage: peragentrankweighted
M: 3
lambda: 16
epsilon_svgd: 0.01
gamma: 0.0005
decay_start_ratio: 0.2
decay_min_factor: 0.05
bandwith_kernel: None
no_interact: False
avg_score: 0.7196739912033081
median_score: 0.7185050845146179
std_score: 0.007596718147397041
percentiles: 2%=0.7069587111473083, 5%=0.7084596157073975, 10%=0.711178719997406, 25%=0.715032696723938, 50%=0.7185050845146179, 75%=0.7243969440460205, 90%=0.7295249700546265, 95%=0.7328161597251892, 98%=0.7368530035018921
ranking_best_algo: PBIL
ranking_best_score: 0.7170882103515624
ranking_my_rank: 1/504 (100.0%)
ranking_my_percent: 100.0
