ConfigName: kjsd__advperagentrankweighted__M5__L24__eps0p008__g0p0005__ds0p05__dm0p05
Problem: NK
Kernel: jsd
Advantage: peragentrankweighted
M: 5
lambda: 24
epsilon_svgd: 0.008
gamma: 0.0005
decay_start_ratio: 0.05
decay_min_factor: 0.05
bandwith_kernel: None
no_interact: False
avg_score: 0.7446149587631226
median_score: 0.7422553300857544
std_score: 0.028550436720252037
percentiles: 2%=0.6940740942955017, 5%=0.7073832750320435, 10%=0.7132807374000549, 25%=0.7215178608894348, 50%=0.7422553300857544, 75%=0.7580187320709229, 90%=0.7783373594284058, 95%=0.8044720888137817, 98%=0.8118547797203064
ranking_best_algo: CMApara
ranking_best_score: 0.7459277895312499
ranking_my_rank: 3/504 (99.6%)
ranking_my_percent: 99.60317460317461
