ConfigName: krbf__advnormalizedfitness__M5__L10__eps0p03__g0p01__ds0p05__dm0p05
Problem: QUBO
Kernel: rbf
Advantage: normalizedfitness
M: 5
lambda: 10
epsilon_svgd: 0.03
gamma: 0.01
decay_start_ratio: 0.05
decay_min_factor: 0.05
bandwith_kernel: None
no_interact: False
avg_score: -415.5799865722656
median_score: -416.0
std_score: 25.798133850097656
percentiles: 2%=-467.0400085449219, 5%=-459.20001220703125, 10%=-451.1000061035156, 25%=-430.0, 50%=-416.0, 75%=-399.5, 90%=-379.79998779296875, 95%=-372.0, 98%=-363.9200134277344
ranking_best_algo: Tabu
ranking_best_score: 438.12
ranking_my_rank: 49/504 (90.5%)
ranking_my_percent: 90.47619047619048
