ConfigName: kjsd__advperagentrankweighted__M4__L12__eps0p01__g0p0003__ds0p05__dm0p05
Problem: NK
Kernel: jsd
Advantage: peragentrankweighted
M: 4
lambda: 12
epsilon_svgd: 0.01
gamma: 0.0003
decay_start_ratio: 0.05
decay_min_factor: 0.05
bandwith_kernel: None
no_interact: False
avg_score: 0.7101094722747803
median_score: 0.6958587169647217
std_score: 0.03141124173998833
percentiles: 2%=0.6723424196243286, 5%=0.6737392544746399, 10%=0.6751475930213928, 25%=0.6821598410606384, 50%=0.6958587169647217, 75%=0.7426962852478027, 90%=0.7535533308982849, 95%=0.7613165378570557, 98%=0.7613165378570557
ranking_best_algo: CMApara
ranking_best_score: 0.7118996098437498
ranking_my_rank: 33/504 (93.7%)
ranking_my_percent: 93.65079365079364
