ConfigName: krbf__advnormalizedfitness__M1__L10__eps0p015__g0p01__ds0p3__dm0p01
Problem: QUBO
Kernel: rbf
Advantage: normalizedfitness
M: 1
lambda: 10
epsilon_svgd: 0.015
gamma: 0.01
decay_start_ratio: 0.3
decay_min_factor: 0.01
bandwith_kernel: None
no_interact: False
avg_score: -574.0999755859375
median_score: -574.0
std_score: 28.498947143554688
percentiles: 2%=-629.2000122070312, 5%=-617.0, 10%=-613.0, 25%=-593.25, 50%=-574.0, 75%=-551.0, 90%=-539.7000122070312, 95%=-528.9000244140625, 98%=-521.9400024414062
ranking_best_algo: Tabu
ranking_best_score: 588.7199999999999
ranking_my_rank: 57/503 (88.9%)
ranking_my_percent: 88.86679920477137
