ConfigName: kjsd__advperagentrankweighted__M5__L10__eps0p01__g0p0005__ds0p05__dm0p2
Problem: NK
Kernel: jsd
Advantage: peragentrankweighted
M: 5
lambda: 10
epsilon_svgd: 0.01
gamma: 0.0005
decay_start_ratio: 0.05
decay_min_factor: 0.2
bandwith_kernel: None
no_interact: False
avg_score: 0.7096651196479797
median_score: 0.7108277082443237
std_score: 0.015561291016638279
percentiles: 2%=0.6699417233467102, 5%=0.6714001893997192, 10%=0.6949698328971863, 25%=0.7053331732749939, 50%=0.7108277082443237, 75%=0.719206690788269, 90%=0.7251246571540833, 95%=0.732168436050415, 98%=0.7336058616638184
ranking_best_algo: CMApara
ranking_best_score: 0.707475975
ranking_my_rank: 1/504 (100.0%)
ranking_my_percent: 100.0
