ConfigName: kfr__advglobalrankweighted__M4__L15__eps0p015__g0p005__ds0p01__dm0p01
Problem: QUBO
Kernel: fr
Advantage: globalrankweighted
M: 4
lambda: 15
epsilon_svgd: 0.015
gamma: 0.005
decay_start_ratio: 0.01
decay_min_factor: 0.01
bandwith_kernel: None
no_interact: False
avg_score: -310.3599853515625
median_score: -313.0
std_score: 39.60038375854492
percentiles: 2%=-396.0, 5%=-388.20001220703125, 10%=-356.79998779296875, 25%=-334.5, 50%=-313.0, 75%=-273.75, 90%=-267.79998779296875, 95%=-258.95001220703125, 98%=-246.9399871826172
ranking_best_algo: CMApara
ranking_best_score: 319.29999999999995
ranking_my_rank: 62/504 (87.9%)
ranking_my_percent: 87.89682539682539
