ConfigName: krbf__advnormalizedfitness__M4__L12__eps0p015__g0p015__ds0p3__dm0p01
Problem: QUBO
Kernel: rbf
Advantage: normalizedfitness
M: 4
lambda: 12
epsilon_svgd: 0.015
gamma: 0.015
decay_start_ratio: 0.3
decay_min_factor: 0.01
bandwith_kernel: None
no_interact: False
avg_score: -1381.780029296875
median_score: -1369.0
std_score: 164.11431884765625
percentiles: 2%=-1690.719970703125, 5%=-1645.199951171875, 10%=-1601.4000244140625, 25%=-1496.5, 50%=-1369.0, 75%=-1281.0, 90%=-1185.699951171875, 95%=-1109.900146484375, 98%=-1066.4598388671875
ranking_best_algo: DiscreteLengler2OnePlusOne
ranking_best_score: 2617.04
ranking_my_rank: 357/504 (29.4%)
ranking_my_percent: 29.365079365079364
