ConfigName: krbf__advnormalizedfitness__M3__L12__eps0p015__g0p015__ds0p15__dm0p3
Problem: QUBO
Kernel: rbf
Advantage: normalizedfitness
M: 3
lambda: 12
epsilon_svgd: 0.015
gamma: 0.015
decay_start_ratio: 0.15
decay_min_factor: 0.3
bandwith_kernel: None
no_interact: False
avg_score: -273.1600036621094
median_score: -268.0
std_score: 39.494483947753906
percentiles: 2%=-374.0, 5%=-352.0, 10%=-328.0, 25%=-294.5, 50%=-268.0, 75%=-239.0, 90%=-227.0, 95%=-219.90000915527344, 98%=-212.0
ranking_best_algo: CMApara
ranking_best_score: 319.29999999999995
ranking_my_rank: 323/504 (36.1%)
ranking_my_percent: 36.111111111111114
