ConfigName: kjsd__advperagentrankweighted__M4__L24__eps0p02__g0p0005__ds0p05__dm0p05
Problem: QUBO
Kernel: jsd
Advantage: peragentrankweighted
M: 4
lambda: 24
epsilon_svgd: 0.02
gamma: 0.0005
decay_start_ratio: 0.05
decay_min_factor: 0.05
bandwith_kernel: None
no_interact: False
avg_score: -1190.260009765625
median_score: -1183.0
std_score: 60.020267486572266
percentiles: 2%=-1339.0, 5%=-1281.699951171875, 10%=-1267.199951171875, 25%=-1233.0, 50%=-1183.0, 75%=-1147.0, 90%=-1122.5, 95%=-1107.9000244140625, 98%=-1094.4599609375
ranking_best_algo: Tabu
ranking_best_score: 1216.16
ranking_my_rank: 55/504 (89.3%)
ranking_my_percent: 89.28571428571429
