ConfigName: kjsd__advperagentrankweighted__M3__L20__eps0p007__g0p003__ds0p05__dm0p2
Problem: QUBO
Kernel: jsd
Advantage: peragentrankweighted
M: 3
lambda: 20
epsilon_svgd: 0.007
gamma: 0.003
decay_start_ratio: 0.05
decay_min_factor: 0.2
bandwith_kernel: None
no_interact: False
avg_score: -309.0
median_score: -314.0
std_score: 41.18349075317383
percentiles: 2%=-394.0400085449219, 5%=-386.1000061035156, 10%=-361.79998779296875, 25%=-334.5, 50%=-314.0, 75%=-272.0, 90%=-262.0, 95%=-251.8000030517578, 98%=-243.9600067138672
ranking_best_algo: CMApara
ranking_best_score: 319.29999999999995
ranking_my_rank: 82/504 (83.9%)
ranking_my_percent: 83.92857142857143
