ConfigName: kjsd__advperagentrankweighted__M6__L8__eps0p02__g0p0003__ds0p2__dm0p05
Problem: NK
Kernel: jsd
Advantage: peragentrankweighted
M: 6
lambda: 8
epsilon_svgd: 0.02
gamma: 0.0003
decay_start_ratio: 0.2
decay_min_factor: 0.05
bandwith_kernel: None
no_interact: False
avg_score: 0.7306082248687744
median_score: 0.7307131290435791
std_score: 0.008584128692746162
percentiles: 2%=0.7129510045051575, 5%=0.7159258723258972, 10%=0.7176587581634521, 25%=0.7251784205436707, 50%=0.7307131290435791, 75%=0.7378556132316589, 90%=0.7413883209228516, 95%=0.7428188920021057, 98%=0.7446619868278503
ranking_best_algo: PBIL
ranking_best_score: 0.730509098125
ranking_my_rank: 1/504 (100.0%)
ranking_my_percent: 100.0
