ConfigName: krbf__advnormalizedfitness__M3__L15__eps0p025__g0p007__ds0p3__dm0p01
Problem: QUBO
Kernel: rbf
Advantage: normalizedfitness
M: 3
lambda: 15
epsilon_svgd: 0.025
gamma: 0.007
decay_start_ratio: 0.3
decay_min_factor: 0.01
bandwith_kernel: None
no_interact: False
avg_score: -424.4599914550781
median_score: -424.0
std_score: 29.7305965423584
percentiles: 2%=-479.0400085449219, 5%=-477.1000061035156, 10%=-461.29998779296875, 25%=-443.0, 50%=-424.0, 75%=-406.5, 90%=-386.0, 95%=-371.7500305175781, 98%=-359.7199401855469
ranking_best_algo: CMAL3
ranking_best_score: 435.36
ranking_my_rank: 30/504 (94.2%)
ranking_my_percent: 94.24603174603175
