ConfigName: kjsd__advperagentrankweighted__M3__L18__eps0p007__g0p0007__ds0p1__dm0p2
Problem: QUBO
Kernel: jsd
Advantage: peragentrankweighted
M: 3
lambda: 18
epsilon_svgd: 0.007
gamma: 0.0007
decay_start_ratio: 0.1
decay_min_factor: 0.2
bandwith_kernel: None
no_interact: False
avg_score: -307.1600036621094
median_score: -308.0
std_score: 40.41007995605469
percentiles: 2%=-394.0400085449219, 5%=-386.1000061035156, 10%=-354.6000061035156, 25%=-336.0, 50%=-308.0, 75%=-271.0, 90%=-258.0, 95%=-249.89999389648438, 98%=-241.97999572753906
ranking_best_algo: CMApara
ranking_best_score: 319.29999999999995
ranking_my_rank: 101/504 (80.2%)
ranking_my_percent: 80.15873015873017
