ConfigName: kjsd__advperagentrankweighted__M4__L20__eps0p005__g0p0005__ds0p05__dm0p1
Problem: NK
Kernel: jsd
Advantage: peragentrankweighted
M: 4
lambda: 20
epsilon_svgd: 0.005
gamma: 0.0005
decay_start_ratio: 0.05
decay_min_factor: 0.1
bandwith_kernel: None
no_interact: False
avg_score: 0.7307708859443665
median_score: 0.7308756113052368
std_score: 0.010380158200860023
percentiles: 2%=0.7097297310829163, 5%=0.7116297483444214, 10%=0.7151216268539429, 25%=0.7249006628990173, 50%=0.7308756113052368, 75%=0.7369695901870728, 90%=0.7448413372039795, 95%=0.7466421723365784, 98%=0.7494834661483765
ranking_best_algo: Tabu
ranking_best_score: 0.7429702712499999
ranking_my_rank: 2/504 (99.8%)
ranking_my_percent: 99.8015873015873
