ConfigName: kjsd__advperagentrankweighted__M3__L16__eps0p007__g0p003__ds0p2__dm0p1
Problem: QUBO
Kernel: jsd
Advantage: peragentrankweighted
M: 3
lambda: 16
epsilon_svgd: 0.007
gamma: 0.003
decay_start_ratio: 0.2
decay_min_factor: 0.1
bandwith_kernel: None
no_interact: False
avg_score: -1239.300048828125
median_score: -1238.0
std_score: 70.1387939453125
percentiles: 2%=-1366.1400146484375, 5%=-1353.0, 10%=-1336.4000244140625, 25%=-1295.0, 50%=-1238.0, 75%=-1183.5, 90%=-1157.5999755859375, 95%=-1130.800048828125, 98%=-1109.3399658203125
ranking_best_algo: BigLognormalDiscreteOnePlusOne
ranking_best_score: 1301.3600000000004
ranking_my_rank: 57/504 (88.9%)
ranking_my_percent: 88.88888888888889
