ConfigName: kjsd__advperagentrankweighted__M4__L12__eps0p01__g0p0003__ds0p2__dm0p05
Problem: NK
Kernel: jsd
Advantage: peragentrankweighted
M: 4
lambda: 12
epsilon_svgd: 0.01
gamma: 0.0003
decay_start_ratio: 0.2
decay_min_factor: 0.05
bandwith_kernel: None
no_interact: False
avg_score: 0.7048385143280029
median_score: 0.7077401876449585
std_score: 0.011682550422847271
percentiles: 2%=0.6840134263038635, 5%=0.6864546537399292, 10%=0.6880885362625122, 25%=0.6943798661231995, 50%=0.7077401876449585, 75%=0.715922474861145, 90%=0.719067394733429, 95%=0.7203832864761353, 98%=0.7210911512374878
ranking_best_algo: PBIL
ranking_best_score: 0.7013553837109374
ranking_my_rank: 1/504 (100.0%)
ranking_my_percent: 100.0
