ConfigName: krbf__advnormalizedfitness__M3__L8__eps0p025__g0p005__ds0p15__dm0p01
Problem: QUBO
Kernel: rbf
Advantage: normalizedfitness
M: 3
lambda: 8
epsilon_svgd: 0.025
gamma: 0.005
decay_start_ratio: 0.15
decay_min_factor: 0.01
bandwith_kernel: None
no_interact: False
avg_score: -909.4199829101562
median_score: -904.0
std_score: 58.3736572265625
percentiles: 2%=-1024.0799560546875, 5%=-1014.0999755859375, 10%=-985.2000122070312, 25%=-955.5, 50%=-904.0, 75%=-865.75, 90%=-833.7000122070312, 95%=-822.8500366210938, 98%=-813.97998046875
ranking_best_algo: CMAL3
ranking_best_score: 928.5800000000002
ranking_my_rank: 29/504 (94.4%)
ranking_my_percent: 94.44444444444444
