ConfigName: krbf__advnormalizedfitness__M4__L15__eps0p033__g0p015__ds0p15__dm0p01
Problem: QUBO
Kernel: rbf
Advantage: normalizedfitness
M: 4
lambda: 15
epsilon_svgd: 0.033
gamma: 0.015
decay_start_ratio: 0.15
decay_min_factor: 0.01
bandwith_kernel: None
no_interact: False
avg_score: -405.3999938964844
median_score: -406.0
std_score: 27.881175994873047
percentiles: 2%=-454.2200012207031, 5%=-449.0, 10%=-442.20001220703125, 25%=-424.25, 50%=-406.0, 75%=-386.0, 90%=-364.0, 95%=-357.9000244140625, 98%=-353.91998291015625
ranking_best_algo: Tabu
ranking_best_score: 438.12
ranking_my_rank: 170/504 (66.5%)
ranking_my_percent: 66.46825396825396
