ConfigName: kjsd__advperagentrankweighted__M5__L30__eps0p007__g0p0005__ds0p05__dm0p05
Problem: NK
Kernel: jsd
Advantage: peragentrankweighted
M: 5
lambda: 30
epsilon_svgd: 0.007
gamma: 0.0005
decay_start_ratio: 0.05
decay_min_factor: 0.05
bandwith_kernel: None
no_interact: False
avg_score: 0.7562565803527832
median_score: 0.7556610107421875
std_score: 0.01323291938751936
percentiles: 2%=0.7257847785949707, 5%=0.7348589897155762, 10%=0.7394218444824219, 25%=0.7490058541297913, 50%=0.7556610107421875, 75%=0.7654645442962646, 90%=0.7729110717773438, 95%=0.7794274687767029, 98%=0.7809168696403503
ranking_best_algo: Tabu
ranking_best_score: 0.7657846284375001
ranking_my_rank: 3/504 (99.6%)
ranking_my_percent: 99.60317460317461
