ConfigName: kjsd__advperagentrankweighted__M4__L24__eps0p02__g0p0003__ds0p05__dm0p05
Problem: QUBO
Kernel: jsd
Advantage: peragentrankweighted
M: 4
lambda: 24
epsilon_svgd: 0.02
gamma: 0.0003
decay_start_ratio: 0.05
decay_min_factor: 0.05
bandwith_kernel: None
no_interact: False
avg_score: -566.8800048828125
median_score: -568.0
std_score: 27.23794174194336
percentiles: 2%=-621.0, 5%=-607.0, 10%=-601.2000122070312, 25%=-585.0, 50%=-568.0, 75%=-548.0, 90%=-531.9000244140625, 95%=-525.4500122070312, 98%=-509.94000244140625
ranking_best_algo: Tabu
ranking_best_score: 588.7199999999999
ranking_my_rank: 86/503 (83.1%)
ranking_my_percent: 83.1013916500994
