ConfigName: krbf__advnormalizedfitness__M4__L10__eps0p033__g0p005__ds0p15__dm0p01
Problem: QUBO
Kernel: rbf
Advantage: normalizedfitness
M: 4
lambda: 10
epsilon_svgd: 0.033
gamma: 0.005
decay_start_ratio: 0.15
decay_min_factor: 0.01
bandwith_kernel: None
no_interact: False
avg_score: -147.1999969482422
median_score: -146.0
std_score: 12.163881301879883
percentiles: 2%=-179.0, 5%=-160.1999969482422, 10%=-158.0, 25%=-155.0, 50%=-146.0, 75%=-141.0, 90%=-135.0, 95%=-129.95001220703125, 98%=-120.85997009277344
ranking_best_algo: CMApara
ranking_best_score: 154.28
ranking_my_rank: 99/504 (80.6%)
ranking_my_percent: 80.55555555555556
