ConfigName: krbf__advnormalizedfitness__M5__L8__eps0p025__g0p005__ds0p05__dm0p05
Problem: QUBO
Kernel: rbf
Advantage: normalizedfitness
M: 5
lambda: 8
epsilon_svgd: 0.025
gamma: 0.005
decay_start_ratio: 0.05
decay_min_factor: 0.05
bandwith_kernel: None
no_interact: False
avg_score: -200.75999450683594
median_score: -201.5
std_score: 12.112076759338379
percentiles: 2%=-224.0, 5%=-222.0, 10%=-216.10000610351562, 25%=-209.0, 50%=-201.5, 75%=-193.0, 90%=-184.0, 95%=-178.9499969482422, 98%=-173.97999572753906
ranking_best_algo: Tabu
ranking_best_score: 208.36000000000004
ranking_my_rank: 45/504 (91.3%)
ranking_my_percent: 91.26984126984127
