ConfigName: krbf__advnormalizedfitness__M4__L8__eps0p033__g0p01__ds0p3__dm0p01
Problem: QUBO
Kernel: rbf
Advantage: normalizedfitness
M: 4
lambda: 8
epsilon_svgd: 0.033
gamma: 0.01
decay_start_ratio: 0.3
decay_min_factor: 0.01
bandwith_kernel: None
no_interact: False
avg_score: -935.4400024414062
median_score: -936.0
std_score: 66.2146987915039
percentiles: 2%=-1064.1199951171875, 5%=-1043.1500244140625, 10%=-1014.4000244140625, 25%=-999.25, 50%=-936.0, 75%=-882.75, 90%=-848.9000244140625, 95%=-830.9000244140625, 98%=-817.8999633789062
ranking_best_algo: CMApara
ranking_best_score: 964.9
ranking_my_rank: 16/504 (97.0%)
ranking_my_percent: 97.02380952380952
