ConfigName: krbf__advnormalizedfitness__M4__L8__eps0p025__g0p01__ds0p15__dm0p3
Problem: NK
Kernel: rbf
Advantage: normalizedfitness
M: 4
lambda: 8
epsilon_svgd: 0.025
gamma: 0.01
decay_start_ratio: 0.15
decay_min_factor: 0.3
bandwith_kernel: None
no_interact: False
avg_score: 0.6200597286224365
median_score: 0.6182963848114014
std_score: 0.01173892617225647
percentiles: 2%=0.6020853519439697, 5%=0.6048636436462402, 10%=0.6078131198883057, 25%=0.6119765639305115, 50%=0.6182963848114014, 75%=0.6263419985771179, 90%=0.6381406188011169, 95%=0.6416000127792358, 98%=0.6477988958358765
ranking_best_algo: Tabu
ranking_best_score: 0.7429702712499999
ranking_my_rank: 373/504 (26.2%)
ranking_my_percent: 26.19047619047619
