ConfigName: krbf__advnormalizedfitness__M4__L8__eps0p025__g0p015__ds0p15__dm0p01
Problem: NK
Kernel: rbf
Advantage: normalizedfitness
M: 4
lambda: 8
epsilon_svgd: 0.025
gamma: 0.015
decay_start_ratio: 0.15
decay_min_factor: 0.01
bandwith_kernel: None
no_interact: False
avg_score: 0.6522805094718933
median_score: 0.6489593386650085
std_score: 0.021538082510232925
percentiles: 2%=0.6177878379821777, 5%=0.6218948364257812, 10%=0.6246384382247925, 25%=0.6366094350814819, 50%=0.6489593386650085, 75%=0.6648339033126831, 90%=0.68241947889328, 95%=0.691132664680481, 98%=0.6981965899467468
ranking_best_algo: Tabu
ranking_best_score: 0.7429702712499999
ranking_my_rank: 323/504 (36.1%)
ranking_my_percent: 36.111111111111114
