ConfigName: kjsd__advperagentrankweighted__M3__L20__eps0p007__g0p0005__ds0p2__dm0p2
Problem: QUBO
Kernel: jsd
Advantage: peragentrankweighted
M: 3
lambda: 20
epsilon_svgd: 0.007
gamma: 0.0005
decay_start_ratio: 0.2
decay_min_factor: 0.2
bandwith_kernel: None
no_interact: False
avg_score: -2649.080078125
median_score: -2645.0
std_score: 118.60436248779297
percentiles: 2%=-2891.43994140625, 5%=-2834.10009765625, 10%=-2810.800048828125, 25%=-2731.25, 50%=-2645.0, 75%=-2565.5, 90%=-2506.89990234375, 95%=-2461.89990234375, 98%=-2423.639892578125
ranking_best_algo: DiscreteLengler2OnePlusOne
ranking_best_score: 2617.04
ranking_my_rank: 1/504 (100.0%)
ranking_my_percent: 100.0
