ConfigName: krbf__advnormalizedfitness__M4__L8__eps0p015__g0p007__ds0p3__dm0p01
Problem: QUBO
Kernel: rbf
Advantage: normalizedfitness
M: 4
lambda: 8
epsilon_svgd: 0.015
gamma: 0.007
decay_start_ratio: 0.3
decay_min_factor: 0.01
bandwith_kernel: None
no_interact: False
avg_score: -561.780029296875
median_score: -558.5
std_score: 31.47112464904785
percentiles: 2%=-623.1199951171875, 5%=-617.1500244140625, 10%=-607.2000122070312, 25%=-582.75, 50%=-558.5, 75%=-539.75, 90%=-524.9000244140625, 95%=-514.9500122070312, 98%=-505.8399658203125
ranking_best_algo: Tabu
ranking_best_score: 588.7199999999999
ranking_my_rank: 97/503 (80.9%)
ranking_my_percent: 80.9145129224652
