ConfigName: kjsd__advperagentrankweighted__M8__L24__eps0p005__g0p0005__ds0p05__dm0p05
Problem: QUBO
Kernel: jsd
Advantage: peragentrankweighted
M: 8
lambda: 24
epsilon_svgd: 0.005
gamma: 0.0005
decay_start_ratio: 0.05
decay_min_factor: 0.05
bandwith_kernel: None
no_interact: False
avg_score: -1072.739990234375
median_score: -1069.0
std_score: 79.69210815429688
percentiles: 2%=-1223.239990234375, 5%=-1203.300048828125, 10%=-1177.0999755859375, 25%=-1131.25, 50%=-1069.0, 75%=-1022.5, 90%=-981.5999755859375, 95%=-958.7999877929688, 98%=-878.739990234375
ranking_best_algo: BigLognormalDiscreteOnePlusOne
ranking_best_score: 1301.3600000000004
ranking_my_rank: 213/504 (57.9%)
ranking_my_percent: 57.93650793650794
