ConfigName: krbf__advnormalizedfitness__M1__L8__eps0p025__g0p005__ds0p01__dm0p3
Problem: NK
Kernel: rbf
Advantage: normalizedfitness
M: 1
lambda: 8
epsilon_svgd: 0.025
gamma: 0.005
decay_start_ratio: 0.01
decay_min_factor: 0.3
bandwith_kernel: None
no_interact: False
avg_score: 0.7316581010818481
median_score: 0.7307080030441284
std_score: 0.012393495067954063
percentiles: 2%=0.7066991329193115, 5%=0.7083780765533447, 10%=0.7143257260322571, 25%=0.7244723439216614, 50%=0.7307080030441284, 75%=0.7403790950775146, 90%=0.7467334270477295, 95%=0.7491730451583862, 98%=0.7520834803581238
ranking_best_algo: Tabu
ranking_best_score: 0.7470791764843752
ranking_my_rank: 53/504 (89.7%)
ranking_my_percent: 89.68253968253968
