ConfigName: kjsd__advperagentrankweighted__M3__L16__eps0p005__g0p0005__ds0p05__dm0p2
Problem: QUBO
Kernel: jsd
Advantage: peragentrankweighted
M: 3
lambda: 16
epsilon_svgd: 0.005
gamma: 0.0005
decay_start_ratio: 0.05
decay_min_factor: 0.2
bandwith_kernel: None
no_interact: False
avg_score: -439.29998779296875
median_score: -440.0
std_score: 25.222806930541992
percentiles: 2%=-486.0199890136719, 5%=-475.04998779296875, 10%=-471.1000061035156, 25%=-458.0, 50%=-440.0, 75%=-423.0, 90%=-404.70001220703125, 95%=-392.0, 98%=-385.9599914550781
ranking_best_algo: CMApara
ranking_best_score: 453.82
ranking_my_rank: 19/504 (96.4%)
ranking_my_percent: 96.42857142857143
