ConfigName: kjsd__advperagentrankweighted__M3__L20__eps0p005__g0p0007__ds0p05__dm0p05
Problem: QUBO
Kernel: jsd
Advantage: peragentrankweighted
M: 3
lambda: 20
epsilon_svgd: 0.005
gamma: 0.0007
decay_start_ratio: 0.05
decay_min_factor: 0.05
bandwith_kernel: None
no_interact: False
avg_score: -3308.800048828125
median_score: -3322.0
std_score: 110.21434020996094
percentiles: 2%=-3510.659912109375, 5%=-3492.0, 10%=-3437.800048828125, 25%=-3385.0, 50%=-3322.0, 75%=-3237.75, 90%=-3168.89990234375, 95%=-3133.800048828125, 98%=-3084.320068359375
ranking_best_algo: RLSOnePlusOne
ranking_best_score: 3316.5199999999995
ranking_my_rank: 2/504 (99.8%)
ranking_my_percent: 99.8015873015873
