ConfigName: kjsd__advperagentrankweighted__M3__L16__eps0p01__g0p0005__ds0p05__dm0p05
Problem: QUBO
Kernel: jsd
Advantage: peragentrankweighted
M: 3
lambda: 16
epsilon_svgd: 0.01
gamma: 0.0005
decay_start_ratio: 0.05
decay_min_factor: 0.05
bandwith_kernel: None
no_interact: False
avg_score: -1625.800048828125
median_score: -1621.0
std_score: 53.24903869628906
percentiles: 2%=-1732.3800048828125, 5%=-1721.1500244140625, 10%=-1701.0999755859375, 25%=-1661.0, 50%=-1621.0, 75%=-1585.0, 90%=-1560.4000244140625, 95%=-1544.9000244140625, 98%=-1540.8399658203125
ranking_best_algo: NLOPT_LN_PRAXIS
ranking_best_score: 1607.12
ranking_my_rank: 1/504 (100.0%)
ranking_my_percent: 100.0
