ConfigName: krbf__advnormalizedfitness__M4__L8__eps0p025__g0p007__ds0p15__dm0p3
Problem: NK
Kernel: rbf
Advantage: normalizedfitness
M: 4
lambda: 8
epsilon_svgd: 0.025
gamma: 0.007
decay_start_ratio: 0.15
decay_min_factor: 0.3
bandwith_kernel: None
no_interact: False
avg_score: 0.7279941439628601
median_score: 0.7286989688873291
std_score: 0.009840593673288822
percentiles: 2%=0.7057598829269409, 5%=0.708610475063324, 10%=0.7159700393676758, 25%=0.7223133444786072, 50%=0.7286989688873291, 75%=0.7349360585212708, 90%=0.7397125959396362, 95%=0.7420960664749146, 98%=0.7470160722732544
ranking_best_algo: PBIL
ranking_best_score: 0.7248786399609374
ranking_my_rank: 1/504 (100.0%)
ranking_my_percent: 100.0
