ConfigName: krbf__advnormalizedfitness__M4__L15__eps0p015__g0p015__ds0p01__dm0p3
Problem: NK
Kernel: rbf
Advantage: normalizedfitness
M: 4
lambda: 15
epsilon_svgd: 0.015
gamma: 0.015
decay_start_ratio: 0.01
decay_min_factor: 0.3
bandwith_kernel: None
no_interact: False
avg_score: 0.6621499061584473
median_score: 0.6599444150924683
std_score: 0.01495444681495428
percentiles: 2%=0.6380404829978943, 5%=0.6424374580383301, 10%=0.645150899887085, 25%=0.6505100727081299, 50%=0.6599444150924683, 75%=0.6707528233528137, 90%=0.6836744546890259, 95%=0.6877473592758179, 98%=0.699938178062439
ranking_best_algo: Tabu
ranking_best_score: 0.7657846284375001
ranking_my_rank: 384/504 (24.0%)
ranking_my_percent: 24.00793650793651
