ConfigName: krbf__advnormalizedfitness__M3__L8__eps0p025__g0p007__ds0p15__dm0p01
Problem: QUBO
Kernel: rbf
Advantage: normalizedfitness
M: 3
lambda: 8
epsilon_svgd: 0.025
gamma: 0.007
decay_start_ratio: 0.15
decay_min_factor: 0.01
bandwith_kernel: None
no_interact: False
avg_score: -1273.6800537109375
median_score: -1270.5
std_score: 58.815284729003906
percentiles: 2%=-1385.199951171875, 5%=-1374.300048828125, 10%=-1352.199951171875, 25%=-1304.0, 50%=-1270.5, 75%=-1235.75, 90%=-1208.800048828125, 95%=-1194.7000732421875, 98%=-1166.8399658203125
ranking_best_algo: BigLognormalDiscreteOnePlusOne
ranking_best_score: 1301.3600000000004
ranking_my_rank: 44/504 (91.5%)
ranking_my_percent: 91.46825396825396
