ConfigName: krbf__advnormalizedfitness__M4__L8__eps0p03__g0p01__ds0p15__dm0p05
Problem: NK
Kernel: rbf
Advantage: normalizedfitness
M: 4
lambda: 8
epsilon_svgd: 0.03
gamma: 0.01
decay_start_ratio: 0.15
decay_min_factor: 0.05
bandwith_kernel: None
no_interact: False
avg_score: 0.7065710425376892
median_score: 0.7077149152755737
std_score: 0.01193447969853878
percentiles: 2%=0.6879754662513733, 5%=0.6886536478996277, 10%=0.6912743449211121, 25%=0.6954131126403809, 50%=0.7077149152755737, 75%=0.7166723012924194, 90%=0.7193990349769592, 95%=0.723952054977417, 98%=0.7251842021942139
ranking_best_algo: PBIL
ranking_best_score: 0.7013553837109374
ranking_my_rank: 1/504 (100.0%)
ranking_my_percent: 100.0
