ConfigName: krbf__advnormalizedfitness__M4__L10__eps0p033__g0p015__ds0p3__dm0p3
Problem: NK
Kernel: rbf
Advantage: normalizedfitness
M: 4
lambda: 10
epsilon_svgd: 0.033
gamma: 0.015
decay_start_ratio: 0.3
decay_min_factor: 0.3
bandwith_kernel: None
no_interact: False
avg_score: 0.7059279084205627
median_score: 0.7072762846946716
std_score: 0.01576131209731102
percentiles: 2%=0.6662855744361877, 5%=0.668828547000885, 10%=0.6838834285736084, 25%=0.7007037401199341, 50%=0.7072762846946716, 75%=0.7163357138633728, 90%=0.7246218919754028, 95%=0.7268833518028259, 98%=0.7276507019996643
ranking_best_algo: CMApara
ranking_best_score: 0.707475975
ranking_my_rank: 5/504 (99.2%)
ranking_my_percent: 99.2063492063492
