ConfigName: krbf__advnormalizedfitness__M1__L10__eps0p015__g0p007__ds0p15__dm0p01
Problem: NK
Kernel: rbf
Advantage: normalizedfitness
M: 1
lambda: 10
epsilon_svgd: 0.015
gamma: 0.007
decay_start_ratio: 0.15
decay_min_factor: 0.01
bandwith_kernel: None
no_interact: False
avg_score: 0.7287458181381226
median_score: 0.7285809516906738
std_score: 0.012556453235447407
percentiles: 2%=0.7072325348854065, 5%=0.7098959684371948, 10%=0.7123904824256897, 25%=0.7199689149856567, 50%=0.7285809516906738, 75%=0.7350693345069885, 90%=0.7445623278617859, 95%=0.7486402988433838, 98%=0.7581799626350403
ranking_best_algo: Tabu
ranking_best_score: 0.7429702712499999
ranking_my_rank: 2/504 (99.8%)
ranking_my_percent: 99.8015873015873
