ConfigName: kjsd__advperagentrankweighted__M5__L10__eps0p005__g0p0005__ds0p2__dm0p2
Problem: NK
Kernel: jsd
Advantage: peragentrankweighted
M: 5
lambda: 10
epsilon_svgd: 0.005
gamma: 0.0005
decay_start_ratio: 0.2
decay_min_factor: 0.2
bandwith_kernel: None
no_interact: False
avg_score: 0.7118725776672363
median_score: 0.6985580325126648
std_score: 0.03134560212492943
percentiles: 2%=0.6735868453979492, 5%=0.6751484870910645, 10%=0.6800239682197571, 25%=0.6836056113243103, 50%=0.6985580325126648, 75%=0.7474179267883301, 90%=0.7537308931350708, 95%=0.7613165378570557, 98%=0.7613165378570557
ranking_best_algo: CMApara
ranking_best_score: 0.7118996098437498
ranking_my_rank: 2/504 (99.8%)
ranking_my_percent: 99.8015873015873
