ConfigName: krbf__advnormalizedfitness__M4__L10__eps0p03__g0p0005__ds0p05__dm0p05
Problem: QUBO
Kernel: rbf
Advantage: normalizedfitness
M: 4
lambda: 10
epsilon_svgd: 0.03
gamma: 0.0005
decay_start_ratio: 0.05
decay_min_factor: 0.05
bandwith_kernel: None
no_interact: False
avg_score: -1064.43994140625
median_score: -1057.5
std_score: 95.1539077758789
percentiles: 2%=-1251.47998046875, 5%=-1219.8499755859375, 10%=-1185.0999755859375, 25%=-1141.75, 50%=-1057.5, 75%=-993.75, 90%=-944.0999755859375, 95%=-920.9500122070312, 98%=-902.6400146484375
ranking_best_algo: SVMMetaModelLogNormal
ranking_best_score: 1233.7999999999997
ranking_my_rank: 190/504 (62.5%)
ranking_my_percent: 62.5
