ConfigName: kjsd__advperagentrankweighted__M5__L8__eps0p01__g0p003__ds0p2__dm0p05
Problem: QUBO
Kernel: jsd
Advantage: peragentrankweighted
M: 5
lambda: 8
epsilon_svgd: 0.01
gamma: 0.003
decay_start_ratio: 0.2
decay_min_factor: 0.05
bandwith_kernel: None
no_interact: False
avg_score: -1556.43994140625
median_score: -1558.0
std_score: 96.92423248291016
percentiles: 2%=-1743.300048828125, 5%=-1714.699951171875, 10%=-1681.300048828125, 25%=-1621.25, 50%=-1558.0, 75%=-1490.0, 90%=-1410.800048828125, 95%=-1397.0, 98%=-1384.56005859375
ranking_best_algo: NLOPT_LN_PRAXIS
ranking_best_score: 1607.12
ranking_my_rank: 51/504 (90.1%)
ranking_my_percent: 90.07936507936508
