ConfigName: kjsd__advperagentrankweighted__M5__L8__eps0p005__g0p003__ds0p2__dm0p05
Problem: QUBO
Kernel: jsd
Advantage: peragentrankweighted
M: 5
lambda: 8
epsilon_svgd: 0.005
gamma: 0.003
decay_start_ratio: 0.2
decay_min_factor: 0.05
bandwith_kernel: None
no_interact: False
avg_score: -1319.280029296875
median_score: -1313.0
std_score: 119.34513092041016
percentiles: 2%=-1549.4000244140625, 5%=-1535.1500244140625, 10%=-1504.0999755859375, 25%=-1387.5, 50%=-1313.0, 75%=-1229.25, 90%=-1164.9000244140625, 95%=-1144.699951171875, 98%=-1126.1600341796875
ranking_best_algo: NLOPT_LN_PRAXIS
ranking_best_score: 1607.12
ranking_my_rank: 198/504 (60.9%)
ranking_my_percent: 60.91269841269841
