ConfigName: krbf__advnormalizedfitness__M3__L15__eps0p025__g0p005__ds0p3__dm0p3
Problem: NK
Kernel: rbf
Advantage: normalizedfitness
M: 3
lambda: 15
epsilon_svgd: 0.025
gamma: 0.005
decay_start_ratio: 0.3
decay_min_factor: 0.3
bandwith_kernel: None
no_interact: False
avg_score: 0.753304660320282
median_score: 0.7529656291007996
std_score: 0.014769185334444046
percentiles: 2%=0.7181610465049744, 5%=0.7297753095626831, 10%=0.7363410592079163, 25%=0.7426361441612244, 50%=0.7529656291007996, 75%=0.7658650875091553, 90%=0.771950900554657, 95%=0.7765918970108032, 98%=0.7777911424636841
ranking_best_algo: Tabu
ranking_best_score: 0.7657846284375001
ranking_my_rank: 9/504 (98.4%)
ranking_my_percent: 98.41269841269842
