ConfigName: krbf__advnormalizedfitness__M3__L12__eps0p025__g0p015__ds0p3__dm0p01
Problem: QUBO
Kernel: rbf
Advantage: normalizedfitness
M: 3
lambda: 12
epsilon_svgd: 0.025
gamma: 0.015
decay_start_ratio: 0.3
decay_min_factor: 0.01
bandwith_kernel: None
no_interact: False
avg_score: -309.760009765625
median_score: -312.0
std_score: 37.212127685546875
percentiles: 2%=-392.0400085449219, 5%=-388.1000061035156, 10%=-356.79998779296875, 25%=-330.0, 50%=-312.0, 75%=-276.75, 90%=-268.0, 95%=-263.95001220703125, 98%=-257.9599914550781
ranking_best_algo: CMApara
ranking_best_score: 319.29999999999995
ranking_my_rank: 69/504 (86.5%)
ranking_my_percent: 86.5079365079365
