ConfigName: krbf__advnormalizedfitness__M4__L10__eps0p015__g0p005__ds0p3__dm0p01
Problem: QUBO
Kernel: rbf
Advantage: normalizedfitness
M: 4
lambda: 10
epsilon_svgd: 0.015
gamma: 0.005
decay_start_ratio: 0.3
decay_min_factor: 0.01
bandwith_kernel: None
no_interact: False
avg_score: -421.8999938964844
median_score: -423.0
std_score: 30.73743438720703
percentiles: 2%=-475.0400085449219, 5%=-473.0, 10%=-463.3999938964844, 25%=-439.25, 50%=-423.0, 75%=-402.75, 90%=-381.8999938964844, 95%=-372.550048828125, 98%=-353.75994873046875
ranking_best_algo: CMAL3
ranking_best_score: 435.36
ranking_my_rank: 46/504 (91.1%)
ranking_my_percent: 91.07142857142857
