ConfigName: kjsd__advperagentrankweighted__M5__L8__eps0p005__g0p0007__ds0p2__dm0p05
Problem: QUBO
Kernel: jsd
Advantage: peragentrankweighted
M: 5
lambda: 8
epsilon_svgd: 0.005
gamma: 0.0007
decay_start_ratio: 0.2
decay_min_factor: 0.05
bandwith_kernel: None
no_interact: False
avg_score: -1615.93994140625
median_score: -1612.0
std_score: 68.25405883789062
percentiles: 2%=-1736.0999755859375, 5%=-1730.050048828125, 10%=-1720.300048828125, 25%=-1662.75, 50%=-1612.0, 75%=-1561.75, 90%=-1532.800048828125, 95%=-1513.0, 98%=-1510.47998046875
ranking_best_algo: NLOPT_LN_PRAXIS
ranking_best_score: 1607.12
ranking_my_rank: 1/504 (100.0%)
ranking_my_percent: 100.0
