ConfigName: kjsd__advperagentrankweighted__M3__L30__eps0p005__g0p0005__ds0p05__dm0p05
Problem: QUBO
Kernel: jsd
Advantage: peragentrankweighted
M: 3
lambda: 30
epsilon_svgd: 0.005
gamma: 0.0005
decay_start_ratio: 0.05
decay_min_factor: 0.05
bandwith_kernel: None
no_interact: False
avg_score: -585.02001953125
median_score: -586.5
std_score: 29.351652145385742
percentiles: 2%=-635.0800170898438, 5%=-630.0499877929688, 10%=-627.0, 25%=-607.25, 50%=-586.5, 75%=-565.25, 90%=-546.7000122070312, 95%=-535.0, 98%=-523.97998046875
ranking_best_algo: Tabu
ranking_best_score: 588.7199999999999
ranking_my_rank: 5/503 (99.2%)
ranking_my_percent: 99.20477137176938
