ConfigName: kjsd__advperagentrankweighted__M4__L12__eps0p02__g0p0005__ds0p2__dm0p05
Problem: QUBO
Kernel: jsd
Advantage: peragentrankweighted
M: 4
lambda: 12
epsilon_svgd: 0.02
gamma: 0.0005
decay_start_ratio: 0.2
decay_min_factor: 0.05
bandwith_kernel: None
no_interact: False
avg_score: -2564.360107421875
median_score: -2559.0
std_score: 110.31170654296875
percentiles: 2%=-2780.760009765625, 5%=-2745.199951171875, 10%=-2712.89990234375, 25%=-2638.75, 50%=-2559.0, 75%=-2483.25, 90%=-2420.0, 95%=-2405.199951171875, 98%=-2380.219970703125
ranking_best_algo: SVM1MetaModelLogNormal
ranking_best_score: 2605.14
ranking_my_rank: 39/504 (92.5%)
ranking_my_percent: 92.46031746031746
