ConfigName: kjsd__advperagentrankweighted__M4__L12__eps0p01__g0p0005__ds0p4__dm0p05
Problem: QUBO
Kernel: jsd
Advantage: peragentrankweighted
M: 4
lambda: 12
epsilon_svgd: 0.01
gamma: 0.0005
decay_start_ratio: 0.4
decay_min_factor: 0.05
bandwith_kernel: None
no_interact: False
avg_score: -429.94000244140625
median_score: -430.0
std_score: 27.194049835205078
percentiles: 2%=-481.0799865722656, 5%=-475.0, 10%=-467.20001220703125, 25%=-450.25, 50%=-430.0, 75%=-411.75, 90%=-395.79998779296875, 95%=-387.8999938964844, 98%=-382.67999267578125
ranking_best_algo: CMAL3
ranking_best_score: 435.36
ranking_my_rank: 9/504 (98.4%)
ranking_my_percent: 98.41269841269842
