ConfigName: kjsd__advperagentrankweighted__M3__L18__eps0p005__g0p001__ds0p2__dm0p05
Problem: QUBO
Kernel: jsd
Advantage: peragentrankweighted
M: 3
lambda: 18
epsilon_svgd: 0.005
gamma: 0.001
decay_start_ratio: 0.2
decay_min_factor: 0.05
bandwith_kernel: None
no_interact: False
avg_score: -580.5800170898438
median_score: -581.0
std_score: 25.761667251586914
percentiles: 2%=-635.0399780273438, 5%=-631.0499877929688, 10%=-617.2000122070312, 25%=-596.0, 50%=-581.0, 75%=-562.0, 90%=-551.0, 95%=-538.9500122070312, 98%=-531.0
ranking_best_algo: Tabu
ranking_best_score: 588.7199999999999
ranking_my_rank: 37/503 (92.8%)
ranking_my_percent: 92.84294234592446
