ConfigName: krbf__advnormalizedfitness__M1__L8__eps0p033__g0p007__ds0p01__dm0p3
Problem: QUBO
Kernel: rbf
Advantage: normalizedfitness
M: 1
lambda: 8
epsilon_svgd: 0.033
gamma: 0.007
decay_start_ratio: 0.01
decay_min_factor: 0.3
bandwith_kernel: None
no_interact: False
avg_score: -298.1400146484375
median_score: -301.0
std_score: 39.61742401123047
percentiles: 2%=-380.0400085449219, 5%=-376.1000061035156, 10%=-356.79998779296875, 25%=-324.0, 50%=-301.0, 75%=-269.0, 90%=-244.70001220703125, 95%=-236.95001220703125, 98%=-233.95999145507812
ranking_best_algo: CMApara
ranking_best_score: 319.29999999999995
ranking_my_rank: 242/504 (52.2%)
ranking_my_percent: 52.182539682539684
