ConfigName: kfr__advglobalrankweighted__M5__L11__eps0p015__g0p005__ds0p01__dm0p01
Problem: QUBO
Kernel: fr
Advantage: globalrankweighted
M: 5
lambda: 11
epsilon_svgd: 0.015
gamma: 0.005
decay_start_ratio: 0.01
decay_min_factor: 0.01
bandwith_kernel: None
no_interact: False
avg_score: -2414.580078125
median_score: -2424.0
std_score: 152.78306579589844
percentiles: 2%=-2698.1201171875, 5%=-2648.5, 10%=-2607.60009765625, 25%=-2505.75, 50%=-2424.0, 75%=-2327.75, 90%=-2188.5, 95%=-2159.650146484375, 98%=-2101.35986328125
ranking_best_algo: DiscreteLengler2OnePlusOne
ranking_best_score: 2617.04
ranking_my_rank: 131/504 (74.2%)
ranking_my_percent: 74.2063492063492
