ConfigName: kjsd__advperagentrankweighted__M3__L30__eps0p005__g0p001__ds0p2__dm0p1
Problem: QUBO
Kernel: jsd
Advantage: peragentrankweighted
M: 3
lambda: 30
epsilon_svgd: 0.005
gamma: 0.001
decay_start_ratio: 0.2
decay_min_factor: 0.1
bandwith_kernel: None
no_interact: False
avg_score: -201.0
median_score: -201.0
std_score: 13.696715354919434
percentiles: 2%=-224.0, 5%=-224.0, 10%=-221.10000610351562, 25%=-211.0, 50%=-201.0, 75%=-189.0, 90%=-182.89999389648438, 95%=-180.8000030517578, 98%=-175.97999572753906
ranking_best_algo: Tabu
ranking_best_score: 208.36000000000004
ranking_my_rank: 43/504 (91.7%)
ranking_my_percent: 91.66666666666667
