ConfigName: krbf__advnormalizedfitness__M2__L8__eps0p025__g0p005__ds0p15__dm0p01
Problem: QUBO
Kernel: rbf
Advantage: normalizedfitness
M: 2
lambda: 8
epsilon_svgd: 0.025
gamma: 0.005
decay_start_ratio: 0.15
decay_min_factor: 0.01
bandwith_kernel: None
no_interact: False
avg_score: -1157.4200439453125
median_score: -1154.5
std_score: 63.67797088623047
percentiles: 2%=-1284.06005859375, 5%=-1273.4000244140625, 10%=-1231.300048828125, 25%=-1199.25, 50%=-1154.5, 75%=-1116.75, 90%=-1077.9000244140625, 95%=-1055.9000244140625, 98%=-1035.0
ranking_best_algo: Tabu
ranking_best_score: 1216.16
ranking_my_rank: 101/504 (80.2%)
ranking_my_percent: 80.15873015873017
