ConfigName: krbf__advnormalizedfitness__M3__L8__eps0p025__g0p015__ds0p01__dm0p01
Problem: NK
Kernel: rbf
Advantage: normalizedfitness
M: 3
lambda: 8
epsilon_svgd: 0.025
gamma: 0.015
decay_start_ratio: 0.01
decay_min_factor: 0.01
bandwith_kernel: None
no_interact: False
avg_score: 0.7074975371360779
median_score: 0.7091283202171326
std_score: 0.011723523959517479
percentiles: 2%=0.6884021759033203, 5%=0.6894487738609314, 10%=0.6939939856529236, 25%=0.6959416270256042, 50%=0.7091283202171326, 75%=0.7176527976989746, 90%=0.7212159633636475, 95%=0.7243344187736511, 98%=0.7250251770019531
ranking_best_algo: PBIL
ranking_best_score: 0.7013553837109374
ranking_my_rank: 1/504 (100.0%)
ranking_my_percent: 100.0
