ConfigName: krbf__advnormalizedfitness__M4__L12__eps0p033__g0p007__ds0p3__dm0p01
Problem: QUBO
Kernel: rbf
Advantage: normalizedfitness
M: 4
lambda: 12
epsilon_svgd: 0.033
gamma: 0.007
decay_start_ratio: 0.3
decay_min_factor: 0.01
bandwith_kernel: None
no_interact: False
avg_score: -933.9000244140625
median_score: -934.0
std_score: 71.91751861572266
percentiles: 2%=-1048.47998046875, 5%=-1038.050048828125, 10%=-1023.2000122070312, 25%=-991.5, 50%=-934.0, 75%=-875.25, 90%=-844.7999877929688, 95%=-812.6000366210938, 98%=-784.8800048828125
ranking_best_algo: CMApara
ranking_best_score: 964.9
ranking_my_rank: 17/504 (96.8%)
ranking_my_percent: 96.82539682539682
