ConfigName: kjsd__advperagentrankweighted__M4__L8__eps0p03__g0p0005__ds0p05__dm0p05
Problem: QUBO
Kernel: jsd
Advantage: peragentrankweighted
M: 4
lambda: 8
epsilon_svgd: 0.03
gamma: 0.0005
decay_start_ratio: 0.05
decay_min_factor: 0.05
bandwith_kernel: None
no_interact: False
avg_score: -1544.6800537109375
median_score: -1547.0
std_score: 65.31827545166016
percentiles: 2%=-1688.0999755859375, 5%=-1660.4000244140625, 10%=-1628.0999755859375, 25%=-1581.0, 50%=-1547.0, 75%=-1503.0, 90%=-1460.4000244140625, 95%=-1435.0, 98%=-1410.9599609375
ranking_best_algo: NLOPT_LN_PRAXIS
ranking_best_score: 1607.12
ranking_my_rank: 55/504 (89.3%)
ranking_my_percent: 89.28571428571429
