ConfigName: kjsd__advperagentrankweighted__M4__L12__eps0p005__g0p0007__ds0p1__dm0p2
Problem: QUBO
Kernel: jsd
Advantage: peragentrankweighted
M: 4
lambda: 12
epsilon_svgd: 0.005
gamma: 0.0007
decay_start_ratio: 0.1
decay_min_factor: 0.2
bandwith_kernel: None
no_interact: False
avg_score: -1603.199951171875
median_score: -1607.5
std_score: 62.91311264038086
percentiles: 2%=-1723.8199462890625, 5%=-1696.6500244140625, 10%=-1684.4000244140625, 25%=-1647.0, 50%=-1607.5, 75%=-1562.5, 90%=-1510.9000244140625, 95%=-1502.9000244140625, 98%=-1487.780029296875
ranking_best_algo: NLOPT_LN_PRAXIS
ranking_best_score: 1607.12
ranking_my_rank: 11/504 (98.0%)
ranking_my_percent: 98.01587301587301
