ConfigName: kjsd__advperagentrankweighted__M4__L24__eps0p01__g0p0005__ds0p4__dm0p05
Problem: NK
Kernel: jsd
Advantage: peragentrankweighted
M: 4
lambda: 24
epsilon_svgd: 0.01
gamma: 0.0005
decay_start_ratio: 0.4
decay_min_factor: 0.05
bandwith_kernel: None
no_interact: False
avg_score: 0.7374187707901001
median_score: 0.7386459708213806
std_score: 0.009216618724167347
percentiles: 2%=0.7186458110809326, 5%=0.7222816348075867, 10%=0.7237626314163208, 25%=0.731983482837677, 50%=0.7386459708213806, 75%=0.7443845868110657, 90%=0.7482576966285706, 95%=0.751410186290741, 98%=0.7529434561729431
ranking_best_algo: PBIL
ranking_best_score: 0.730509098125
ranking_my_rank: 1/504 (100.0%)
ranking_my_percent: 100.0
