ConfigName: kjsd__advperagentrankweighted__M5__L8__eps0p03__g0p0003__ds0p2__dm0p05
Problem: QUBO
Kernel: jsd
Advantage: peragentrankweighted
M: 5
lambda: 8
epsilon_svgd: 0.03
gamma: 0.0003
decay_start_ratio: 0.2
decay_min_factor: 0.05
bandwith_kernel: None
no_interact: False
avg_score: -1503.43994140625
median_score: -1509.5
std_score: 56.204505920410156
percentiles: 2%=-1602.1400146484375, 5%=-1584.0999755859375, 10%=-1575.0, 25%=-1544.25, 50%=-1509.5, 75%=-1463.25, 90%=-1434.5999755859375, 95%=-1415.0, 98%=-1401.8599853515625
ranking_best_algo: NLOPT_LN_PRAXIS
ranking_best_score: 1607.12
ranking_my_rank: 76/504 (85.1%)
ranking_my_percent: 85.11904761904762
