ConfigName: kjsd__advperagentrankweighted__M10__L12__eps0p005__g0p0005__ds0p05__dm0p05
Problem: QUBO
Kernel: jsd
Advantage: peragentrankweighted
M: 10
lambda: 12
epsilon_svgd: 0.005
gamma: 0.0005
decay_start_ratio: 0.05
decay_min_factor: 0.05
bandwith_kernel: None
no_interact: False
avg_score: -336.7799987792969
median_score: -340.0
std_score: 18.16787338256836
percentiles: 2%=-372.0, 5%=-372.0, 10%=-357.0, 25%=-350.0, 50%=-340.0, 75%=-325.5, 90%=-316.0, 95%=-302.0, 98%=-297.760009765625
ranking_best_algo: CMApara
ranking_best_score: 344.22
ranking_my_rank: 50/504 (90.3%)
ranking_my_percent: 90.27777777777777
