ConfigName: krbf__advnormalizedfitness__M3__L10__eps0p015__g0p007__ds0p15__dm0p3
Problem: QUBO
Kernel: rbf
Advantage: normalizedfitness
M: 3
lambda: 10
epsilon_svgd: 0.015
gamma: 0.007
decay_start_ratio: 0.15
decay_min_factor: 0.3
bandwith_kernel: None
no_interact: False
avg_score: -564.97998046875
median_score: -567.0
std_score: 35.863624572753906
percentiles: 2%=-631.02001953125, 5%=-624.0499877929688, 10%=-612.2999877929688, 25%=-591.0, 50%=-567.0, 75%=-536.5, 90%=-514.9000244140625, 95%=-506.9000244140625, 98%=-501.77996826171875
ranking_best_algo: Tabu
ranking_best_score: 588.7199999999999
ranking_my_rank: 94/503 (81.5%)
ranking_my_percent: 81.51093439363817
