ConfigName: kjsd__advperagentrankweighted__M4__L24__eps0p005__g0p0007__ds0p05__dm0p05
Problem: QUBO
Kernel: jsd
Advantage: peragentrankweighted
M: 4
lambda: 24
epsilon_svgd: 0.005
gamma: 0.0007
decay_start_ratio: 0.05
decay_min_factor: 0.05
bandwith_kernel: None
no_interact: False
avg_score: -426.8999938964844
median_score: -422.5
std_score: 29.981159210205078
percentiles: 2%=-483.0400085449219, 5%=-477.1000061035156, 10%=-471.20001220703125, 25%=-448.0, 50%=-422.5, 75%=-404.75, 90%=-391.0, 95%=-386.70001220703125, 98%=-367.8399963378906
ranking_best_algo: CMAL3
ranking_best_score: 435.36
ranking_my_rank: 20/504 (96.2%)
ranking_my_percent: 96.23015873015873
