ConfigName: krbf__advnormalizedfitness__M4__L15__eps0p033__g0p015__ds0p01__dm0p3
Problem: NK
Kernel: rbf
Advantage: normalizedfitness
M: 4
lambda: 15
epsilon_svgd: 0.033
gamma: 0.015
decay_start_ratio: 0.01
decay_min_factor: 0.3
bandwith_kernel: None
no_interact: False
avg_score: 0.6162572503089905
median_score: 0.6169470548629761
std_score: 0.010028435848653316
percentiles: 2%=0.5993543863296509, 5%=0.6020151376724243, 10%=0.6036228537559509, 25%=0.6091302037239075, 50%=0.6169470548629761, 75%=0.6220250725746155, 90%=0.628231942653656, 95%=0.6320655345916748, 98%=0.6359862089157104
ranking_best_algo: PBIL
ranking_best_score: 0.733570253046875
ranking_my_rank: 336/504 (33.5%)
ranking_my_percent: 33.53174603174603
