ConfigName: kjsd__advperagentrankweighted__M3__L18__eps0p007__g0p0007__ds0p2__dm0p2
Problem: QUBO
Kernel: jsd
Advantage: peragentrankweighted
M: 3
lambda: 18
epsilon_svgd: 0.007
gamma: 0.0007
decay_start_ratio: 0.2
decay_min_factor: 0.2
bandwith_kernel: None
no_interact: False
avg_score: -329.3399963378906
median_score: -334.0
std_score: 23.28700065612793
percentiles: 2%=-372.0, 5%=-361.54998779296875, 10%=-354.0, 25%=-343.0, 50%=-334.0, 75%=-320.0, 90%=-294.0, 95%=-283.79998779296875, 98%=-275.9599914550781
ranking_best_algo: CMApara
ranking_best_score: 344.22
ranking_my_rank: 81/504 (84.1%)
ranking_my_percent: 84.12698412698413
