ConfigName: krbf__advnormalizedfitness__M4__L15__eps0p015__g0p007__ds0p01__dm0p3
Problem: NK
Kernel: rbf
Advantage: normalizedfitness
M: 4
lambda: 15
epsilon_svgd: 0.015
gamma: 0.007
decay_start_ratio: 0.01
decay_min_factor: 0.3
bandwith_kernel: None
no_interact: False
avg_score: 0.5721884369850159
median_score: 0.5709762573242188
std_score: 0.00599718140438199
percentiles: 2%=0.5641021132469177, 5%=0.5644465088844299, 10%=0.5652933120727539, 25%=0.5687962174415588, 50%=0.5709762573242188, 75%=0.5743902921676636, 90%=0.5807890892028809, 95%=0.5832211971282959, 98%=0.5904324054718018
ranking_best_algo: PBIL
ranking_best_score: 0.7170882103515624
ranking_my_rank: 392/504 (22.4%)
ranking_my_percent: 22.42063492063492
