ConfigName: krbf__advnormalizedfitness__M2__L10__eps0p015__g0p01__ds0p3__dm0p3
Problem: QUBO
Kernel: rbf
Advantage: normalizedfitness
M: 2
lambda: 10
epsilon_svgd: 0.015
gamma: 0.01
decay_start_ratio: 0.3
decay_min_factor: 0.3
bandwith_kernel: None
no_interact: False
avg_score: -897.9600219726562
median_score: -880.0
std_score: 67.73225402832031
percentiles: 2%=-1042.1600341796875, 5%=-1024.199951171875, 10%=-997.2000122070312, 25%=-942.75, 50%=-880.0, 75%=-850.75, 90%=-818.0, 95%=-804.9000244140625, 98%=-778.760009765625
ranking_best_algo: CMAL3
ranking_best_score: 928.5800000000002
ranking_my_rank: 75/504 (85.3%)
ranking_my_percent: 85.31746031746032
