ConfigName: kjsd__advperagentrankweighted__M3__L30__eps0p005__g0p001__ds0p2__dm0p1
Problem: NK
Kernel: jsd
Advantage: peragentrankweighted
M: 3
lambda: 30
epsilon_svgd: 0.005
gamma: 0.001
decay_start_ratio: 0.2
decay_min_factor: 0.1
bandwith_kernel: None
no_interact: False
avg_score: 0.7322245836257935
median_score: 0.7330554127693176
std_score: 0.009733500890433788
percentiles: 2%=0.7112036943435669, 5%=0.713512659072876, 10%=0.7176889181137085, 25%=0.7269118428230286, 50%=0.7330554127693176, 75%=0.7400606870651245, 90%=0.7432646751403809, 95%=0.7460413575172424, 98%=0.7463304996490479
ranking_best_algo: PBIL
ranking_best_score: 0.7248786399609374
ranking_my_rank: 1/504 (100.0%)
ranking_my_percent: 100.0
