ConfigName: kjsd__advperagentrankweighted__M4__L30__eps0p01__g0p0007__ds0p4__dm0p05
Problem: NK
Kernel: jsd
Advantage: peragentrankweighted
M: 4
lambda: 30
epsilon_svgd: 0.01
gamma: 0.0007
decay_start_ratio: 0.4
decay_min_factor: 0.05
bandwith_kernel: None
no_interact: False
avg_score: 0.7561284899711609
median_score: 0.7585477828979492
std_score: 0.013790220022201538
percentiles: 2%=0.7288737297058105, 5%=0.7310596704483032, 10%=0.7367256283760071, 25%=0.7456369400024414, 50%=0.7585477828979492, 75%=0.7663794159889221, 90%=0.7717924118041992, 95%=0.7738493084907532, 98%=0.7759016752243042
ranking_best_algo: Tabu
ranking_best_score: 0.7657846284375001
ranking_my_rank: 3/504 (99.6%)
ranking_my_percent: 99.60317460317461
