ConfigName: kfr__advglobalrankweighted__M4__L15__eps0p01__g0p005__ds0p01__dm0p01
Problem: QUBO
Kernel: fr
Advantage: globalrankweighted
M: 4
lambda: 15
epsilon_svgd: 0.01
gamma: 0.005
decay_start_ratio: 0.01
decay_min_factor: 0.01
bandwith_kernel: None
no_interact: False
avg_score: -1072.5999755859375
median_score: -1075.5
std_score: 67.02014923095703
percentiles: 2%=-1195.4000244140625, 5%=-1178.050048828125, 10%=-1161.4000244140625, 25%=-1120.0, 50%=-1075.5, 75%=-1016.5, 90%=-990.5999755859375, 95%=-956.9000244140625, 98%=-948.9199829101562
ranking_best_algo: SVMMetaModelLogNormal
ranking_best_score: 1233.7999999999997
ranking_my_rank: 187/504 (63.1%)
ranking_my_percent: 63.095238095238095
