ConfigName: krbf__advnormalizedfitness__M3__L10__eps0p025__g0p01__ds0p3__dm0p01
Problem: NK
Kernel: rbf
Advantage: normalizedfitness
M: 3
lambda: 10
epsilon_svgd: 0.025
gamma: 0.01
decay_start_ratio: 0.3
decay_min_factor: 0.01
bandwith_kernel: None
no_interact: False
avg_score: 0.7453259229660034
median_score: 0.7423104643821716
std_score: 0.028136594220995903
percentiles: 2%=0.7057704925537109, 5%=0.7079461216926575, 10%=0.7105557918548584, 25%=0.7261644005775452, 50%=0.7423104643821716, 75%=0.7582760453224182, 90%=0.778337299823761, 95%=0.8076569437980652, 98%=0.8118547797203064
ranking_best_algo: CMApara
ranking_best_score: 0.7459277895312499
ranking_my_rank: 2/504 (99.8%)
ranking_my_percent: 99.8015873015873
