ConfigName: krbf__advnormalizedfitness__M2__L6__eps0p01__g0p015__ds0p01__dm0p01
Problem: QUBO
Kernel: rbf
Advantage: normalizedfitness
M: 2
lambda: 6
epsilon_svgd: 0.01
gamma: 0.015
decay_start_ratio: 0.01
decay_min_factor: 0.01
bandwith_kernel: None
no_interact: False
avg_score: -3262.280029296875
median_score: -3252.0
std_score: 129.99539184570312
percentiles: 2%=-3542.860107421875, 5%=-3512.10009765625, 10%=-3445.89990234375, 25%=-3322.5, 50%=-3252.0, 75%=-3174.5, 90%=-3118.900146484375, 95%=-3052.0, 98%=-3020.699951171875
ranking_best_algo: RLSOnePlusOne
ranking_best_score: 3316.5199999999995
ranking_my_rank: 14/504 (97.4%)
ranking_my_percent: 97.42063492063492
