ConfigName: kjsd__advperagentrankweighted__M3__L30__eps0p005__g0p001__ds0p05__dm0p2
Problem: NK
Kernel: jsd
Advantage: peragentrankweighted
M: 3
lambda: 30
epsilon_svgd: 0.005
gamma: 0.001
decay_start_ratio: 0.05
decay_min_factor: 0.2
bandwith_kernel: None
no_interact: False
avg_score: 0.755313515663147
median_score: 0.7527787089347839
std_score: 0.01346601452678442
percentiles: 2%=0.7297224998474121, 5%=0.7353214025497437, 10%=0.7378877401351929, 25%=0.7469480037689209, 50%=0.7527787089347839, 75%=0.7662723064422607, 90%=0.7735357284545898, 95%=0.7775801420211792, 98%=0.7805365324020386
ranking_best_algo: Tabu
ranking_best_score: 0.7470791764843752
ranking_my_rank: 1/504 (100.0%)
ranking_my_percent: 100.0
