ConfigName: kfr__advglobalrankweighted__M4__L5__eps0p05__g0p005__ds0p01__dm0p01
Problem: QUBO
Kernel: fr
Advantage: globalrankweighted
M: 4
lambda: 5
epsilon_svgd: 0.05
gamma: 0.005
decay_start_ratio: 0.01
decay_min_factor: 0.01
bandwith_kernel: None
no_interact: False
avg_score: -425.3599853515625
median_score: -423.5
std_score: 25.523134231567383
percentiles: 2%=-481.0400085449219, 5%=-475.1000061035156, 10%=-459.20001220703125, 25%=-439.0, 50%=-423.5, 75%=-407.0, 90%=-395.8999938964844, 95%=-389.0, 98%=-384.699951171875
ranking_best_algo: CMAL3
ranking_best_score: 435.36
ranking_my_rank: 28/504 (94.6%)
ranking_my_percent: 94.64285714285714
