ConfigName: kjsd__advperagentrankweighted__M4__L30__eps0p01__g0p0003__ds0p05__dm0p05
Problem: NK
Kernel: jsd
Advantage: peragentrankweighted
M: 4
lambda: 30
epsilon_svgd: 0.01
gamma: 0.0003
decay_start_ratio: 0.05
decay_min_factor: 0.05
bandwith_kernel: None
no_interact: False
avg_score: 0.7113232612609863
median_score: 0.6985580325126648
std_score: 0.031493693590164185
percentiles: 2%=0.674251914024353, 5%=0.6744096279144287, 10%=0.6772688627243042, 25%=0.6824496388435364, 50%=0.6985580325126648, 75%=0.7467129230499268, 90%=0.7537308931350708, 95%=0.7613165378570557, 98%=0.7613165378570557
ranking_best_algo: CMApara
ranking_best_score: 0.7118996098437498
ranking_my_rank: 2/504 (99.8%)
ranking_my_percent: 99.8015873015873
