ConfigName: kjsd__advperagentrankweighted__M4__L12__eps0p005__g0p0003__ds0p05__dm0p05
Problem: QUBO
Kernel: jsd
Advantage: peragentrankweighted
M: 4
lambda: 12
epsilon_svgd: 0.005
gamma: 0.0003
decay_start_ratio: 0.05
decay_min_factor: 0.05
bandwith_kernel: None
no_interact: False
avg_score: -427.32000732421875
median_score: -428.0
std_score: 25.112897872924805
percentiles: 2%=-481.0, 5%=-477.1000061035156, 10%=-459.1000061035156, 25%=-446.25, 50%=-428.0, 75%=-410.0, 90%=-394.79998779296875, 95%=-387.75, 98%=-382.0
ranking_best_algo: CMAL3
ranking_best_score: 435.36
ranking_my_rank: 19/504 (96.4%)
ranking_my_percent: 96.42857142857143
