ConfigName: krbf__advnormalizedfitness__M2__L10__eps0p025__g0p007__ds0p3__dm0p01
Problem: QUBO
Kernel: rbf
Advantage: normalizedfitness
M: 2
lambda: 10
epsilon_svgd: 0.025
gamma: 0.007
decay_start_ratio: 0.3
decay_min_factor: 0.01
bandwith_kernel: None
no_interact: False
avg_score: -1618.5799560546875
median_score: -1622.0
std_score: 62.79970932006836
percentiles: 2%=-1735.260009765625, 5%=-1719.1500244140625, 10%=-1696.300048828125, 25%=-1665.5, 50%=-1622.0, 75%=-1570.75, 90%=-1529.0, 95%=-1514.949951171875, 98%=-1502.5999755859375
ranking_best_algo: NLOPT_LN_PRAXIS
ranking_best_score: 1607.12
ranking_my_rank: 1/504 (100.0%)
ranking_my_percent: 100.0
