ConfigName: kfr__advglobalrankweighted__M4__L13__eps0p01__g0p001__ds0p01__dm0p01
Problem: QUBO
Kernel: fr
Advantage: globalrankweighted
M: 4
lambda: 13
epsilon_svgd: 0.01
gamma: 0.001
decay_start_ratio: 0.01
decay_min_factor: 0.01
bandwith_kernel: None
no_interact: False
avg_score: -576.97998046875
median_score: -575.5
std_score: 28.468923568725586
percentiles: 2%=-637.0399780273438, 5%=-622.1500244140625, 10%=-614.0999755859375, 25%=-597.0, 50%=-575.5, 75%=-559.0, 90%=-542.7000122070312, 95%=-533.5499877929688, 98%=-514.9199829101562
ranking_best_algo: Tabu
ranking_best_score: 588.7199999999999
ranking_my_rank: 47/503 (90.9%)
ranking_my_percent: 90.85487077534792
