ConfigName: kjsd__advperagentrankweighted__M3__L18__eps0p005__g0p0007__ds0p2__dm0p1
Problem: NK
Kernel: jsd
Advantage: peragentrankweighted
M: 3
lambda: 18
epsilon_svgd: 0.005
gamma: 0.0007
decay_start_ratio: 0.2
decay_min_factor: 0.1
bandwith_kernel: None
no_interact: False
avg_score: 0.7490395307540894
median_score: 0.7484650611877441
std_score: 0.009618659503757954
percentiles: 2%=0.7278583645820618, 5%=0.733242392539978, 10%=0.7374549508094788, 25%=0.7431739568710327, 50%=0.7484650611877441, 75%=0.7563582062721252, 90%=0.7606334090232849, 95%=0.7632992267608643, 98%=0.7699548602104187
ranking_best_algo: PBIL
ranking_best_score: 0.733570253046875
ranking_my_rank: 1/504 (100.0%)
ranking_my_percent: 100.0
