ConfigName: kjsd__advperagentrankweighted__M3__L20__eps0p005__g0p003__ds0p1__dm0p05
Problem: QUBO
Kernel: jsd
Advantage: peragentrankweighted
M: 3
lambda: 20
epsilon_svgd: 0.005
gamma: 0.003
decay_start_ratio: 0.1
decay_min_factor: 0.05
bandwith_kernel: None
no_interact: False
avg_score: -558.3599853515625
median_score: -558.5
std_score: 33.498512268066406
percentiles: 2%=-625.0, 5%=-611.0, 10%=-603.2000122070312, 25%=-577.5, 50%=-558.5, 75%=-535.0, 90%=-512.9000244140625, 95%=-501.75, 98%=-492.8599853515625
ranking_best_algo: Tabu
ranking_best_score: 588.7199999999999
ranking_my_rank: 104/503 (79.5%)
ranking_my_percent: 79.52286282306163
