ConfigName: kjsd__advperagentrankweighted__M5__L8__eps0p03__g0p0003__ds0p2__dm0p05
Problem: NK
Kernel: jsd
Advantage: peragentrankweighted
M: 5
lambda: 8
epsilon_svgd: 0.03
gamma: 0.0003
decay_start_ratio: 0.2
decay_min_factor: 0.05
bandwith_kernel: None
no_interact: False
avg_score: 0.7198687791824341
median_score: 0.7212785482406616
std_score: 0.009650623425841331
percentiles: 2%=0.7004031538963318, 5%=0.7025353312492371, 10%=0.7051141262054443, 25%=0.7138304710388184, 50%=0.7212785482406616, 75%=0.7270482182502747, 90%=0.7313092947006226, 95%=0.7347339987754822, 98%=0.7367302775382996
ranking_best_algo: PBIL
ranking_best_score: 0.7248786399609374
ranking_my_rank: 6/504 (99.0%)
ranking_my_percent: 99.0079365079365
