ConfigName: kjsd__advperagentrankweighted__M6__L10__eps0p02__g0p0005__ds0p05__dm0p05
Problem: QUBO
Kernel: jsd
Advantage: peragentrankweighted
M: 6
lambda: 10
epsilon_svgd: 0.02
gamma: 0.0005
decay_start_ratio: 0.05
decay_min_factor: 0.05
bandwith_kernel: None
no_interact: False
avg_score: -2646.699951171875
median_score: -2643.0
std_score: 119.30712890625
percentiles: 2%=-2891.080078125, 5%=-2850.10009765625, 10%=-2807.199951171875, 25%=-2724.25, 50%=-2643.0, 75%=-2572.25, 90%=-2495.800048828125, 95%=-2455.5, 98%=-2427.9599609375
ranking_best_algo: DiscreteLengler2OnePlusOne
ranking_best_score: 2617.04
ranking_my_rank: 1/504 (100.0%)
ranking_my_percent: 100.0
