ConfigName: kfr__advglobalrankweighted__M4__L9__eps0p01__g0p007__ds0p01__dm0p01
Problem: QUBO
Kernel: fr
Advantage: globalrankweighted
M: 4
lambda: 9
epsilon_svgd: 0.01
gamma: 0.007
decay_start_ratio: 0.01
decay_min_factor: 0.01
bandwith_kernel: None
no_interact: False
avg_score: -2444.0400390625
median_score: -2440.0
std_score: 140.74656677246094
percentiles: 2%=-2725.06005859375, 5%=-2683.449951171875, 10%=-2610.5, 25%=-2548.0, 50%=-2440.0, 75%=-2350.0, 90%=-2256.0, 95%=-2235.800048828125, 98%=-2175.9599609375
ranking_best_algo: DiscreteLengler2OnePlusOne
ranking_best_score: 2617.04
ranking_my_rank: 125/504 (75.4%)
ranking_my_percent: 75.39682539682539
