ConfigName: kjsd__advperagentrankweighted__M4__L12__eps0p01__g0p0005__ds0p05__dm0p05
Problem: QUBO
Kernel: jsd
Advantage: peragentrankweighted
M: 4
lambda: 12
epsilon_svgd: 0.01
gamma: 0.0005
decay_start_ratio: 0.05
decay_min_factor: 0.05
bandwith_kernel: None
no_interact: False
avg_score: -310.67999267578125
median_score: -315.0
std_score: 39.87351989746094
percentiles: 2%=-396.0400085449219, 5%=-386.5, 10%=-360.0, 25%=-334.0, 50%=-315.0, 75%=-274.75, 90%=-263.8999938964844, 95%=-259.95001220703125, 98%=-255.83999633789062
ranking_best_algo: CMApara
ranking_best_score: 319.29999999999995
ranking_my_rank: 57/504 (88.9%)
ranking_my_percent: 88.88888888888889
