ConfigName: krbf__advnormalizedfitness__M3__L8__eps0p025__g0p007__ds0p15__dm0p3
Problem: NK
Kernel: rbf
Advantage: normalizedfitness
M: 3
lambda: 8
epsilon_svgd: 0.025
gamma: 0.007
decay_start_ratio: 0.15
decay_min_factor: 0.3
bandwith_kernel: None
no_interact: False
avg_score: 0.756683349609375
median_score: 0.7573000192642212
std_score: 0.012971412390470505
percentiles: 2%=0.7289975881576538, 5%=0.7343844175338745, 10%=0.7408206462860107, 25%=0.7481345534324646, 50%=0.7573000192642212, 75%=0.765193521976471, 90%=0.7731693387031555, 95%=0.7772154211997986, 98%=0.7824808359146118
ranking_best_algo: Tabu
ranking_best_score: 0.7470791764843752
ranking_my_rank: 1/504 (100.0%)
ranking_my_percent: 100.0
