ConfigName: krbf__advnormalizedfitness__M4__L12__eps0p015__g0p005__ds0p15__dm0p3
Problem: QUBO
Kernel: rbf
Advantage: normalizedfitness
M: 4
lambda: 12
epsilon_svgd: 0.015
gamma: 0.005
decay_start_ratio: 0.15
decay_min_factor: 0.3
bandwith_kernel: None
no_interact: False
avg_score: -1030.9000244140625
median_score: -1044.0
std_score: 96.57003021240234
percentiles: 2%=-1208.0999755859375, 5%=-1172.3499755859375, 10%=-1149.9000244140625, 25%=-1100.25, 50%=-1044.0, 75%=-958.5, 90%=-894.4000244140625, 95%=-880.0501098632812, 98%=-847.4398803710938
ranking_best_algo: BigLognormalDiscreteOnePlusOne
ranking_best_score: 1301.3600000000004
ranking_my_rank: 223/504 (56.0%)
ranking_my_percent: 55.95238095238095
