ConfigName: kjsd__advperagentrankweighted__M3__L16__eps0p005__g0p0005__ds0p2__dm0p2
Problem: QUBO
Kernel: jsd
Advantage: peragentrankweighted
M: 3
lambda: 16
epsilon_svgd: 0.005
gamma: 0.0005
decay_start_ratio: 0.2
decay_min_factor: 0.2
bandwith_kernel: None
no_interact: False
avg_score: -2634.8798828125
median_score: -2625.5
std_score: 129.4510955810547
percentiles: 2%=-2883.199951171875, 5%=-2856.14990234375, 10%=-2806.10009765625, 25%=-2733.0, 50%=-2625.5, 75%=-2537.75, 90%=-2492.300048828125, 95%=-2430.5, 98%=-2381.43994140625
ranking_best_algo: DiscreteLengler2OnePlusOne
ranking_best_score: 2617.04
ranking_my_rank: 1/504 (100.0%)
ranking_my_percent: 100.0
