ConfigName: krbf__advnormalizedfitness__M3__L8__eps0p033__g0p015__ds0p01__dm0p01
Problem: QUBO
Kernel: rbf
Advantage: normalizedfitness
M: 3
lambda: 8
epsilon_svgd: 0.033
gamma: 0.015
decay_start_ratio: 0.01
decay_min_factor: 0.01
bandwith_kernel: None
no_interact: False
avg_score: -330.29998779296875
median_score: -334.0
std_score: 22.66075897216797
percentiles: 2%=-372.0, 5%=-366.29998779296875, 10%=-354.29998779296875, 25%=-343.0, 50%=-334.0, 75%=-320.0, 90%=-297.79998779296875, 95%=-284.7500305175781, 98%=-275.9599914550781
ranking_best_algo: CMApara
ranking_best_score: 344.22
ranking_my_rank: 79/504 (84.5%)
ranking_my_percent: 84.52380952380952
