ConfigName: kjsd__advperagentrankweighted__M3__L18__eps0p01__g0p0007__ds0p05__dm0p2
Problem: QUBO
Kernel: jsd
Advantage: peragentrankweighted
M: 3
lambda: 18
epsilon_svgd: 0.01
gamma: 0.0007
decay_start_ratio: 0.05
decay_min_factor: 0.2
bandwith_kernel: None
no_interact: False
avg_score: -438.94000244140625
median_score: -439.0
std_score: 25.374717712402344
percentiles: 2%=-479.1199951171875, 5%=-475.1000061035156, 10%=-470.0, 25%=-460.0, 50%=-439.0, 75%=-419.0, 90%=-404.0, 95%=-390.95001220703125, 98%=-387.94000244140625
ranking_best_algo: CMApara
ranking_best_score: 453.82
ranking_my_rank: 19/504 (96.4%)
ranking_my_percent: 96.42857142857143
