ConfigName: kjsd__advperagentrankweighted__M5__L8__eps0p01__g0p0005__ds0p4__dm0p05
Problem: QUBO
Kernel: jsd
Advantage: peragentrankweighted
M: 5
lambda: 8
epsilon_svgd: 0.01
gamma: 0.0005
decay_start_ratio: 0.4
decay_min_factor: 0.05
bandwith_kernel: None
no_interact: False
avg_score: -938.780029296875
median_score: -931.0
std_score: 68.06153106689453
percentiles: 2%=-1074.0400390625, 5%=-1048.0999755859375, 10%=-1025.9000244140625, 25%=-995.25, 50%=-931.0, 75%=-885.0, 90%=-857.7000122070312, 95%=-844.9000244140625, 98%=-815.0
ranking_best_algo: CMApara
ranking_best_score: 964.9
ranking_my_rank: 7/504 (98.8%)
ranking_my_percent: 98.80952380952381
