ConfigName: krbf__advnormalizedfitness__M4__L15__eps0p025__g0p007__ds0p15__dm0p01
Problem: QUBO
Kernel: rbf
Advantage: normalizedfitness
M: 4
lambda: 15
epsilon_svgd: 0.025
gamma: 0.007
decay_start_ratio: 0.15
decay_min_factor: 0.01
bandwith_kernel: None
no_interact: False
avg_score: -310.239990234375
median_score: -317.0
std_score: 37.17771530151367
percentiles: 2%=-392.0, 5%=-388.1000061035156, 10%=-348.0, 25%=-332.0, 50%=-317.0, 75%=-273.75, 90%=-266.0, 95%=-259.95001220703125, 98%=-256.8799743652344
ranking_best_algo: CMApara
ranking_best_score: 319.29999999999995
ranking_my_rank: 62/504 (87.9%)
ranking_my_percent: 87.89682539682539
