ConfigName: kjsd__advperagentrankweighted__M2__L20__eps0p005__g0p0005__ds0p05__dm0p05
Problem: QUBO
Kernel: jsd
Advantage: peragentrankweighted
M: 2
lambda: 20
epsilon_svgd: 0.005
gamma: 0.0005
decay_start_ratio: 0.05
decay_min_factor: 0.05
bandwith_kernel: None
no_interact: False
avg_score: -2587.320068359375
median_score: -2578.0
std_score: 106.16240692138672
percentiles: 2%=-2800.340087890625, 5%=-2779.300048828125, 10%=-2720.0, 25%=-2664.5, 50%=-2578.0, 75%=-2510.0, 90%=-2446.199951171875, 95%=-2423.64990234375, 98%=-2391.919921875
ranking_best_algo: SVM1MetaModelLogNormal
ranking_best_score: 2605.14
ranking_my_rank: 11/504 (98.0%)
ranking_my_percent: 98.01587301587301
