ConfigName: kjsd__advperagentrankweighted__M5__L8__eps0p01__g0p0007__ds0p2__dm0p05
Problem: QUBO
Kernel: jsd
Advantage: peragentrankweighted
M: 5
lambda: 8
epsilon_svgd: 0.01
gamma: 0.0007
decay_start_ratio: 0.2
decay_min_factor: 0.05
bandwith_kernel: None
no_interact: False
avg_score: -413.760009765625
median_score: -418.0
std_score: 28.534584045410156
percentiles: 2%=-457.239990234375, 5%=-454.0, 10%=-452.0, 25%=-432.5, 50%=-418.0, 75%=-398.0, 90%=-373.3999938964844, 95%=-363.70001220703125, 98%=-349.9200134277344
ranking_best_algo: Tabu
ranking_best_score: 438.12
ranking_my_rank: 57/504 (88.9%)
ranking_my_percent: 88.88888888888889
