ConfigName: krbf__advnormalizedfitness__M3__L8__eps0p033__g0p007__ds0p01__dm0p01
Problem: NK
Kernel: rbf
Advantage: normalizedfitness
M: 3
lambda: 8
epsilon_svgd: 0.033
gamma: 0.007
decay_start_ratio: 0.01
decay_min_factor: 0.01
bandwith_kernel: None
no_interact: False
avg_score: 0.7409256100654602
median_score: 0.7393858432769775
std_score: 0.01499954704195261
percentiles: 2%=0.712874174118042, 5%=0.7174509167671204, 10%=0.7242124080657959, 25%=0.731092631816864, 50%=0.7393858432769775, 75%=0.7504458427429199, 90%=0.7591303586959839, 95%=0.7695549726486206, 98%=0.7724748253822327
ranking_best_algo: Tabu
ranking_best_score: 0.7601875690625
ranking_my_rank: 12/504 (97.8%)
ranking_my_percent: 97.81746031746032
