ConfigName: krbf__advnormalizedfitness__M4__L24__eps0p02__g0p005__ds0p15__dm0p05
Problem: QUBO
Kernel: rbf
Advantage: normalizedfitness
M: 4
lambda: 24
epsilon_svgd: 0.02
gamma: 0.005
decay_start_ratio: 0.15
decay_min_factor: 0.05
bandwith_kernel: None
no_interact: False
avg_score: -198.4199981689453
median_score: -199.0
std_score: 12.530905723571777
percentiles: 2%=-222.0399932861328, 5%=-218.10000610351562, 10%=-214.10000610351562, 25%=-209.0, 50%=-199.0, 75%=-188.0, 90%=-182.0, 95%=-177.0, 98%=-175.9600067138672
ranking_best_algo: Tabu
ranking_best_score: 208.36000000000004
ranking_my_rank: 99/504 (80.6%)
ranking_my_percent: 80.55555555555556
