ConfigName: krbf__advnormalizedfitness__M1__L8__eps0p033__g0p01__ds0p15__dm0p01
Problem: NK
Kernel: rbf
Advantage: normalizedfitness
M: 1
lambda: 8
epsilon_svgd: 0.033
gamma: 0.01
decay_start_ratio: 0.15
decay_min_factor: 0.01
bandwith_kernel: None
no_interact: False
avg_score: 0.7362788319587708
median_score: 0.7349581718444824
std_score: 0.01753886602818966
percentiles: 2%=0.7051003575325012, 5%=0.7103809714317322, 10%=0.714115560054779, 25%=0.7242050170898438, 50%=0.7349581718444824, 75%=0.7497939467430115, 90%=0.7604497671127319, 95%=0.7674904465675354, 98%=0.7734308838844299
ranking_best_algo: Tabu
ranking_best_score: 0.7657846284375001
ranking_my_rank: 132/504 (74.0%)
ranking_my_percent: 74.0079365079365
