ConfigName: kjsd__advperagentrankweighted__M3__L18__eps0p007__g0p0005__ds0p2__dm0p05
Problem: QUBO
Kernel: jsd
Advantage: peragentrankweighted
M: 3
lambda: 18
epsilon_svgd: 0.007
gamma: 0.0005
decay_start_ratio: 0.2
decay_min_factor: 0.05
bandwith_kernel: None
no_interact: False
avg_score: -307.6000061035156
median_score: -305.0
std_score: 38.377079010009766
percentiles: 2%=-390.1600036621094, 5%=-386.0, 10%=-350.20001220703125, 25%=-334.0, 50%=-305.0, 75%=-274.75, 90%=-263.8999938964844, 95%=-257.8999938964844, 98%=-249.83999633789062
ranking_best_algo: CMApara
ranking_best_score: 319.29999999999995
ranking_my_rank: 96/504 (81.2%)
ranking_my_percent: 81.15079365079364
