ConfigName: kjsd__advperagentrankweighted__M3__L18__eps0p007__g0p0007__ds0p2__dm0p1
Problem: QUBO
Kernel: jsd
Advantage: peragentrankweighted
M: 3
lambda: 18
epsilon_svgd: 0.007
gamma: 0.0007
decay_start_ratio: 0.2
decay_min_factor: 0.1
bandwith_kernel: None
no_interact: False
avg_score: -411.82000732421875
median_score: -410.0
std_score: 28.495746612548828
percentiles: 2%=-477.0799865722656, 5%=-463.1000061035156, 10%=-454.1000061035156, 25%=-429.25, 50%=-410.0, 75%=-393.5, 90%=-373.79998779296875, 95%=-369.8999938964844, 98%=-363.9200134277344
ranking_best_algo: Tabu
ranking_best_score: 438.12
ranking_my_rank: 76/504 (85.1%)
ranking_my_percent: 85.11904761904762
