ConfigName: kjsd__advperagentrankweighted__M3__L16__eps0p007__g0p0007__ds0p05__dm0p2
Problem: NK
Kernel: jsd
Advantage: peragentrankweighted
M: 3
lambda: 16
epsilon_svgd: 0.007
gamma: 0.0007
decay_start_ratio: 0.05
decay_min_factor: 0.2
bandwith_kernel: None
no_interact: False
avg_score: 0.7424907088279724
median_score: 0.7408133745193481
std_score: 0.02921534888446331
percentiles: 2%=0.6849057078361511, 5%=0.7061018943786621, 10%=0.7099168300628662, 25%=0.7214196920394897, 50%=0.7408133745193481, 75%=0.7580187320709229, 90%=0.7771642208099365, 95%=0.8044298887252808, 98%=0.8109671473503113
ranking_best_algo: CMApara
ranking_best_score: 0.7459277895312499
ranking_my_rank: 20/504 (96.2%)
ranking_my_percent: 96.23015873015873
