ConfigName: kfr__advglobalrankweighted__M4__L9__eps0p015__g0p007__ds0p01__dm0p01
Problem: QUBO
Kernel: fr
Advantage: globalrankweighted
M: 4
lambda: 9
epsilon_svgd: 0.015
gamma: 0.007
decay_start_ratio: 0.01
decay_min_factor: 0.01
bandwith_kernel: None
no_interact: False
avg_score: -934.239990234375
median_score: -938.0
std_score: 69.12194061279297
percentiles: 2%=-1072.0400390625, 5%=-1058.1500244140625, 10%=-1025.300048828125, 25%=-972.0, 50%=-938.0, 75%=-886.5, 90%=-847.2999877929688, 95%=-824.7999877929688, 98%=-778.9600219726562
ranking_best_algo: CMApara
ranking_best_score: 964.9
ranking_my_rank: 17/504 (96.8%)
ranking_my_percent: 96.82539682539682
