ConfigName: krbf__advnormalizedfitness__M4__L24__eps0p01__g0p002__ds0p05__dm0p05
Problem: QUBO
Kernel: rbf
Advantage: normalizedfitness
M: 4
lambda: 24
epsilon_svgd: 0.01
gamma: 0.002
decay_start_ratio: 0.05
decay_min_factor: 0.05
bandwith_kernel: None
no_interact: False
avg_score: -139.74000549316406
median_score: -141.0
std_score: 11.607428550720215
percentiles: 2%=-159.02000427246094, 5%=-158.0, 10%=-156.0, 25%=-147.25, 50%=-141.0, 75%=-131.75, 90%=-124.9000015258789, 95%=-120.8499984741211, 98%=-114.91999816894531
ranking_best_algo: DiscreteDE
ranking_best_score: 143.4
ranking_my_rank: 83/504 (83.7%)
ranking_my_percent: 83.73015873015873
