ConfigName: kjsd__advperagentrankweighted__M3__L30__eps0p007__g0p0005__ds0p2__dm0p1
Problem: NK
Kernel: jsd
Advantage: peragentrankweighted
M: 3
lambda: 30
epsilon_svgd: 0.007
gamma: 0.0005
decay_start_ratio: 0.2
decay_min_factor: 0.1
bandwith_kernel: None
no_interact: False
avg_score: 0.7101892828941345
median_score: 0.7110033631324768
std_score: 0.015568793751299381
percentiles: 2%=0.669933021068573, 5%=0.6723093390464783, 10%=0.6967856287956238, 25%=0.7057669758796692, 50%=0.7110033631324768, 75%=0.7204930782318115, 90%=0.725510835647583, 95%=0.7326752543449402, 98%=0.7331527471542358
ranking_best_algo: CMApara
ranking_best_score: 0.707475975
ranking_my_rank: 1/504 (100.0%)
ranking_my_percent: 100.0
