ConfigName: kfr__advglobalrankweighted__M6__L11__eps0p02__g0p007__ds0p01__dm0p01
Problem: QUBO
Kernel: fr
Advantage: globalrankweighted
M: 6
lambda: 11
epsilon_svgd: 0.02
gamma: 0.007
decay_start_ratio: 0.01
decay_min_factor: 0.01
bandwith_kernel: None
no_interact: False
avg_score: -2642.5400390625
median_score: -2631.5
std_score: 177.6839599609375
percentiles: 2%=-3001.080078125, 5%=-2938.800048828125, 10%=-2857.199951171875, 25%=-2799.0, 50%=-2631.5, 75%=-2517.5, 90%=-2438.60009765625, 95%=-2338.449951171875, 98%=-2290.659912109375
ranking_best_algo: RLSOnePlusOne
ranking_best_score: 3316.5199999999995
ranking_my_rank: 198/504 (60.9%)
ranking_my_percent: 60.91269841269841
