ConfigName: krbf__advnormalizedfitness__M2__L8__eps0p015__g0p007__ds0p15__dm0p3
Problem: QUBO
Kernel: rbf
Advantage: normalizedfitness
M: 2
lambda: 8
epsilon_svgd: 0.015
gamma: 0.007
decay_start_ratio: 0.15
decay_min_factor: 0.3
bandwith_kernel: None
no_interact: False
avg_score: -902.1799926757812
median_score: -897.0
std_score: 62.618106842041016
percentiles: 2%=-1030.02001953125, 5%=-1016.2000122070312, 10%=-985.4000244140625, 25%=-949.25, 50%=-897.0, 75%=-867.0, 90%=-815.5999755859375, 95%=-800.4000244140625, 98%=-784.7000122070312
ranking_best_algo: CMAL3
ranking_best_score: 928.5800000000002
ranking_my_rank: 67/504 (86.9%)
ranking_my_percent: 86.9047619047619
