ConfigName: kjsd__advperagentrankweighted__M4__L8__eps0p005__g0p0007__ds0p05__dm0p05
Problem: NK
Kernel: jsd
Advantage: peragentrankweighted
M: 4
lambda: 8
epsilon_svgd: 0.005
gamma: 0.0007
decay_start_ratio: 0.05
decay_min_factor: 0.05
bandwith_kernel: None
no_interact: False
avg_score: 0.7097064256668091
median_score: 0.7109193801879883
std_score: 0.015348686836659908
percentiles: 2%=0.6713308095932007, 5%=0.6720067262649536, 10%=0.6972836256027222, 25%=0.7048567533493042, 50%=0.7109193801879883, 75%=0.7191915512084961, 90%=0.7254750728607178, 95%=0.7320718765258789, 98%=0.7329988479614258
ranking_best_algo: CMApara
ranking_best_score: 0.707475975
ranking_my_rank: 1/504 (100.0%)
ranking_my_percent: 100.0
