ConfigName: kjsd__advperagentrankweighted__M8__L10__eps0p008__g0p0005__ds0p3__dm0p05
Problem: NK
Kernel: jsd
Advantage: peragentrankweighted
M: 8
lambda: 10
epsilon_svgd: 0.008
gamma: 0.0005
decay_start_ratio: 0.3
decay_min_factor: 0.05
bandwith_kernel: None
no_interact: False
avg_score: 0.7070803642272949
median_score: 0.7092460989952087
std_score: 0.012034122832119465
percentiles: 2%=0.6888293027877808, 5%=0.6895188689231873, 10%=0.6910231113433838, 25%=0.695787250995636, 50%=0.7092460989952087, 75%=0.7172027230262756, 90%=0.7225610017776489, 95%=0.7241250872612, 98%=0.7250416874885559
ranking_best_algo: PBIL
ranking_best_score: 0.7013553837109374
ranking_my_rank: 1/504 (100.0%)
ranking_my_percent: 100.0
