ConfigName: kjsd__advperagentrankweighted__M3__L18__eps0p005__g0p003__ds0p2__dm0p1
Problem: NK
Kernel: jsd
Advantage: peragentrankweighted
M: 3
lambda: 18
epsilon_svgd: 0.005
gamma: 0.003
decay_start_ratio: 0.2
decay_min_factor: 0.1
bandwith_kernel: None
no_interact: False
avg_score: 0.6988958120346069
median_score: 0.7011486887931824
std_score: 0.012390770018100739
percentiles: 2%=0.6799025535583496, 5%=0.6815311908721924, 10%=0.6835811138153076, 25%=0.6869481205940247, 50%=0.7011486887931824, 75%=0.709609866142273, 90%=0.7144151926040649, 95%=0.717136561870575, 98%=0.7188422083854675
ranking_best_algo: PBIL
ranking_best_score: 0.7013553837109374
ranking_my_rank: 2/504 (99.8%)
ranking_my_percent: 99.8015873015873
