ConfigName: kjsd__advperagentrankweighted__M5__L8__eps0p01__g0p003__ds0p05__dm0p2
Problem: NK
Kernel: jsd
Advantage: peragentrankweighted
M: 5
lambda: 8
epsilon_svgd: 0.01
gamma: 0.003
decay_start_ratio: 0.05
decay_min_factor: 0.2
bandwith_kernel: None
no_interact: False
avg_score: 0.7543473839759827
median_score: 0.7556056976318359
std_score: 0.013699258677661419
percentiles: 2%=0.728754997253418, 5%=0.7317934632301331, 10%=0.7376856207847595, 25%=0.742525577545166, 50%=0.7556056976318359, 75%=0.7643316388130188, 90%=0.7707995176315308, 95%=0.777906596660614, 98%=0.7796233892440796
ranking_best_algo: Tabu
ranking_best_score: 0.7657846284375001
ranking_my_rank: 7/504 (98.8%)
ranking_my_percent: 98.80952380952381
