ConfigName: kjsd__advperagentrankweighted__M4__L10__eps0p005__g0p0005__ds0p4__dm0p05
Problem: NK
Kernel: jsd
Advantage: peragentrankweighted
M: 4
lambda: 10
epsilon_svgd: 0.005
gamma: 0.0005
decay_start_ratio: 0.4
decay_min_factor: 0.05
bandwith_kernel: None
no_interact: False
avg_score: 0.7298723459243774
median_score: 0.7287418842315674
std_score: 0.010367059148848057
percentiles: 2%=0.7109906673431396, 5%=0.7156456112861633, 10%=0.7174766659736633, 25%=0.7224292755126953, 50%=0.7287418842315674, 75%=0.737350583076477, 90%=0.7425042390823364, 95%=0.7480238676071167, 98%=0.7523893713951111
ranking_best_algo: Tabu
ranking_best_score: 0.7429702712499999
ranking_my_rank: 2/504 (99.8%)
ranking_my_percent: 99.8015873015873
