ConfigName: krbf__advnormalizedfitness__M1__L10__eps0p015__g0p01__ds0p15__dm0p3
Problem: NK
Kernel: rbf
Advantage: normalizedfitness
M: 1
lambda: 10
epsilon_svgd: 0.015
gamma: 0.01
decay_start_ratio: 0.15
decay_min_factor: 0.3
bandwith_kernel: None
no_interact: False
avg_score: 0.7310512065887451
median_score: 0.731221616268158
std_score: 0.010178581811487675
percentiles: 2%=0.7136132121086121, 5%=0.7155715227127075, 10%=0.7174351215362549, 25%=0.7226687073707581, 50%=0.731221616268158, 75%=0.7383416295051575, 90%=0.744260311126709, 95%=0.7485074400901794, 98%=0.7497578859329224
ranking_best_algo: Tabu
ranking_best_score: 0.7429702712499999
ranking_my_rank: 2/504 (99.8%)
ranking_my_percent: 99.8015873015873
