ConfigName: krbf__advnormalizedfitness__M3__L12__eps0p025__g0p015__ds0p15__dm0p3
Problem: NK
Kernel: rbf
Advantage: normalizedfitness
M: 3
lambda: 12
epsilon_svgd: 0.025
gamma: 0.015
decay_start_ratio: 0.15
decay_min_factor: 0.3
bandwith_kernel: None
no_interact: False
avg_score: 0.6896588206291199
median_score: 0.69339919090271
std_score: 0.012991990894079208
percentiles: 2%=0.6676007509231567, 5%=0.6694340705871582, 10%=0.6712002158164978, 25%=0.6772852540016174, 50%=0.69339919090271, 75%=0.7011481523513794, 90%=0.7037976384162903, 95%=0.7065948843955994, 98%=0.70826655626297
ranking_best_algo: PBIL
ranking_best_score: 0.7013553837109374
ranking_my_rank: 71/504 (86.1%)
ranking_my_percent: 86.11111111111111
