ConfigName: krbf__advnormalizedfitness__M3__L8__eps0p033__g0p005__ds0p15__dm0p3
Problem: QUBO
Kernel: rbf
Advantage: normalizedfitness
M: 3
lambda: 8
epsilon_svgd: 0.033
gamma: 0.005
decay_start_ratio: 0.15
decay_min_factor: 0.3
bandwith_kernel: None
no_interact: False
avg_score: -308.9200134277344
median_score: -307.0
std_score: 38.75040054321289
percentiles: 2%=-398.0, 5%=-382.1000061035156, 10%=-359.0, 25%=-336.0, 50%=-307.0, 75%=-272.0, 90%=-264.8999938964844, 95%=-261.9000244140625, 98%=-259.97998046875
ranking_best_algo: CMApara
ranking_best_score: 319.29999999999995
ranking_my_rank: 82/504 (83.9%)
ranking_my_percent: 83.92857142857143
