ConfigName: kjsd__advperagentrankweighted__M4__L12__eps0p005__g0p0007__ds0p1__dm0p2
Problem: QUBO
Kernel: jsd
Advantage: peragentrankweighted
M: 4
lambda: 12
epsilon_svgd: 0.005
gamma: 0.0007
decay_start_ratio: 0.1
decay_min_factor: 0.2
bandwith_kernel: None
no_interact: False
avg_score: -330.44000244140625
median_score: -332.0
std_score: 22.82731819152832
percentiles: 2%=-372.0, 5%=-372.0, 10%=-357.3999938964844, 25%=-343.0, 50%=-332.0, 75%=-319.0, 90%=-302.0, 95%=-291.70001220703125, 98%=-281.7200012207031
ranking_best_algo: CMApara
ranking_best_score: 344.22
ranking_my_rank: 78/504 (84.7%)
ranking_my_percent: 84.72222222222223
