ConfigName: krbf__advnormalizedfitness__M4__L24__eps0p025__g0p01__ds0p05__dm0p05
Problem: QUBO
Kernel: rbf
Advantage: normalizedfitness
M: 4
lambda: 24
epsilon_svgd: 0.025
gamma: 0.01
decay_start_ratio: 0.05
decay_min_factor: 0.05
bandwith_kernel: None
no_interact: False
avg_score: -776.6599731445312
median_score: -784.0
std_score: 81.17256164550781
percentiles: 2%=-932.6400146484375, 5%=-893.25, 10%=-883.0999755859375, 25%=-825.25, 50%=-784.0, 75%=-710.5, 90%=-668.5999755859375, 95%=-659.4000244140625, 98%=-628.6400146484375
ranking_best_algo: CMApara
ranking_best_score: 964.9
ranking_my_rank: 326/504 (35.5%)
ranking_my_percent: 35.51587301587302
