ConfigName: krbf__advnormalizedfitness__M4__L15__eps0p025__g0p01__ds0p01__dm0p01
Problem: QUBO
Kernel: rbf
Advantage: normalizedfitness
M: 4
lambda: 15
epsilon_svgd: 0.025
gamma: 0.01
decay_start_ratio: 0.01
decay_min_factor: 0.01
bandwith_kernel: None
no_interact: False
avg_score: -1285.0999755859375
median_score: -1270.5
std_score: 130.60769653320312
percentiles: 2%=-1559.239990234375, 5%=-1505.75, 10%=-1467.199951171875, 25%=-1374.75, 50%=-1270.5, 75%=-1192.75, 90%=-1120.699951171875, 95%=-1066.800048828125, 98%=-1060.679931640625
ranking_best_algo: NLOPT_LN_PRAXIS
ranking_best_score: 1607.12
ranking_my_rank: 204/504 (59.7%)
ranking_my_percent: 59.72222222222222
