ConfigName: kjsd__advperagentrankweighted__M5__L8__eps0p005__g0p0007__ds0p4__dm0p05
Problem: NK
Kernel: jsd
Advantage: peragentrankweighted
M: 5
lambda: 8
epsilon_svgd: 0.005
gamma: 0.0007
decay_start_ratio: 0.4
decay_min_factor: 0.05
bandwith_kernel: None
no_interact: False
avg_score: 0.7074170112609863
median_score: 0.7090549468994141
std_score: 0.01154621783643961
percentiles: 2%=0.6880038976669312, 5%=0.6891533136367798, 10%=0.6927596926689148, 25%=0.6963804364204407, 50%=0.7090549468994141, 75%=0.7173103094100952, 90%=0.7209908366203308, 95%=0.7234630584716797, 98%=0.7237486243247986
ranking_best_algo: PBIL
ranking_best_score: 0.7013553837109374
ranking_my_rank: 1/504 (100.0%)
ranking_my_percent: 100.0
