ConfigName: kjsd__advperagentrankweighted__M3__L20__eps0p005__g0p003__ds0p2__dm0p05
Problem: QUBO
Kernel: jsd
Advantage: peragentrankweighted
M: 3
lambda: 20
epsilon_svgd: 0.005
gamma: 0.003
decay_start_ratio: 0.2
decay_min_factor: 0.05
bandwith_kernel: None
no_interact: False
avg_score: -1143.0999755859375
median_score: -1139.5
std_score: 79.02967834472656
percentiles: 2%=-1291.0799560546875, 5%=-1273.0, 10%=-1253.199951171875, 25%=-1206.75, 50%=-1139.5, 75%=-1082.25, 90%=-1046.699951171875, 95%=-1025.949951171875, 98%=-1012.260009765625
ranking_best_algo: BigLognormalDiscreteOnePlusOne
ranking_best_score: 1301.3600000000004
ranking_my_rank: 161/504 (68.3%)
ranking_my_percent: 68.25396825396825
