ConfigName: kjsd__advperagentrankweighted__M3__L20__eps0p005__g0p003__ds0p1__dm0p2
Problem: QUBO
Kernel: jsd
Advantage: peragentrankweighted
M: 3
lambda: 20
epsilon_svgd: 0.005
gamma: 0.003
decay_start_ratio: 0.1
decay_min_factor: 0.2
bandwith_kernel: None
no_interact: False
avg_score: -1894.300048828125
median_score: -1884.0
std_score: 173.9626007080078
percentiles: 2%=-2292.97998046875, 5%=-2190.60009765625, 10%=-2096.60009765625, 25%=-2006.5, 50%=-1884.0, 75%=-1774.5, 90%=-1673.0999755859375, 95%=-1616.949951171875, 98%=-1574.97998046875
ranking_best_algo: SVM1MetaModelLogNormal
ranking_best_score: 2605.14
ranking_my_rank: 297/504 (41.3%)
ranking_my_percent: 41.26984126984127
