ConfigName: kjsd__advperagentrankweighted__M5__L10__eps0p005__g0p0005__ds0p05__dm0p2
Problem: QUBO
Kernel: jsd
Advantage: peragentrankweighted
M: 5
lambda: 10
epsilon_svgd: 0.005
gamma: 0.0005
decay_start_ratio: 0.05
decay_min_factor: 0.2
bandwith_kernel: None
no_interact: False
avg_score: -2569.0400390625
median_score: -2568.5
std_score: 108.50196838378906
percentiles: 2%=-2809.239990234375, 5%=-2772.25, 10%=-2699.39990234375, 25%=-2647.75, 50%=-2568.5, 75%=-2473.0, 90%=-2436.0, 95%=-2424.199951171875, 98%=-2390.659912109375
ranking_best_algo: SVM1MetaModelLogNormal
ranking_best_score: 2605.14
ranking_my_rank: 15/504 (97.2%)
ranking_my_percent: 97.22222222222223
