ConfigName: kjsd__advperagentrankweighted__M3__L18__eps0p01__g0p003__ds0p2__dm0p1
Problem: NK
Kernel: jsd
Advantage: peragentrankweighted
M: 3
lambda: 18
epsilon_svgd: 0.01
gamma: 0.003
decay_start_ratio: 0.2
decay_min_factor: 0.1
bandwith_kernel: None
no_interact: False
avg_score: 0.7220667004585266
median_score: 0.7204467058181763
std_score: 0.014695906080305576
percentiles: 2%=0.6963416934013367, 5%=0.7006104588508606, 10%=0.7029726505279541, 25%=0.7121622562408447, 50%=0.7204467058181763, 75%=0.7337305545806885, 90%=0.7418205738067627, 95%=0.74430251121521, 98%=0.7515572309494019
ranking_best_algo: Tabu
ranking_best_score: 0.7429702712499999
ranking_my_rank: 6/504 (99.0%)
ranking_my_percent: 99.0079365079365
