ConfigName: kfr__advglobalrankweighted__M4__L5__eps0p01__g0p01__ds0p01__dm0p01
Problem: QUBO
Kernel: fr
Advantage: globalrankweighted
M: 4
lambda: 5
epsilon_svgd: 0.01
gamma: 0.01
decay_start_ratio: 0.01
decay_min_factor: 0.01
bandwith_kernel: None
no_interact: False
avg_score: -1327.8800048828125
median_score: -1318.5
std_score: 50.61428451538086
percentiles: 2%=-1437.1800537109375, 5%=-1415.050048828125, 10%=-1405.4000244140625, 25%=-1358.5, 50%=-1318.5, 75%=-1293.0, 90%=-1268.0, 95%=-1259.8499755859375, 98%=-1236.9599609375
ranking_best_algo: BigLognormalDiscreteOnePlusOne
ranking_best_score: 1301.3600000000004
ranking_my_rank: 1/504 (100.0%)
ranking_my_percent: 100.0
