ConfigName: krbf__advnormalizedfitness__M4__L8__eps0p015__g0p01__ds0p01__dm0p01
Problem: QUBO
Kernel: rbf
Advantage: normalizedfitness
M: 4
lambda: 8
epsilon_svgd: 0.015
gamma: 0.01
decay_start_ratio: 0.01
decay_min_factor: 0.01
bandwith_kernel: None
no_interact: False
avg_score: -415.8399963378906
median_score: -416.0
std_score: 22.49298667907715
percentiles: 2%=-455.20001220703125, 5%=-452.0, 10%=-447.0, 25%=-430.25, 50%=-416.0, 75%=-399.5, 90%=-387.6000061035156, 95%=-380.0, 98%=-373.9599914550781
ranking_best_algo: Tabu
ranking_best_score: 438.12
ranking_my_rank: 46/504 (91.1%)
ranking_my_percent: 91.07142857142857
