ConfigName: kfr__advglobalrankweighted__M6__L8__eps0p02__g0p007__ds0p01__dm0p01
Problem: QUBO
Kernel: fr
Advantage: globalrankweighted
M: 6
lambda: 8
epsilon_svgd: 0.02
gamma: 0.007
decay_start_ratio: 0.01
decay_min_factor: 0.01
bandwith_kernel: None
no_interact: False
avg_score: -333.8399963378906
median_score: -334.0
std_score: 17.57994270324707
percentiles: 2%=-372.0, 5%=-361.0, 10%=-357.0, 25%=-343.0, 50%=-334.0, 75%=-324.0, 90%=-309.79998779296875, 95%=-297.9000244140625, 98%=-295.94000244140625
ranking_best_algo: CMApara
ranking_best_score: 344.22
ranking_my_rank: 64/504 (87.5%)
ranking_my_percent: 87.5
