ConfigName: kjsd__advperagentrankweighted__M3__L20__eps0p007__g0p001__ds0p05__dm0p05
Problem: QUBO
Kernel: jsd
Advantage: peragentrankweighted
M: 3
lambda: 20
epsilon_svgd: 0.007
gamma: 0.001
decay_start_ratio: 0.05
decay_min_factor: 0.05
bandwith_kernel: None
no_interact: False
avg_score: -1199.739990234375
median_score: -1190.5
std_score: 74.98047637939453
percentiles: 2%=-1359.0400390625, 5%=-1343.5999755859375, 10%=-1295.300048828125, 25%=-1251.0, 50%=-1190.5, 75%=-1151.75, 90%=-1103.9000244140625, 95%=-1089.9000244140625, 98%=-1064.300048828125
ranking_best_algo: Tabu
ranking_best_score: 1216.16
ranking_my_rank: 43/504 (91.7%)
ranking_my_percent: 91.66666666666667
