ConfigName: krbf__advnormalizedfitness__M3__L12__eps0p033__g0p007__ds0p01__dm0p3
Problem: NK
Kernel: rbf
Advantage: normalizedfitness
M: 3
lambda: 12
epsilon_svgd: 0.033
gamma: 0.007
decay_start_ratio: 0.01
decay_min_factor: 0.3
bandwith_kernel: None
no_interact: False
avg_score: 0.7441732883453369
median_score: 0.7409727573394775
std_score: 0.02813849411904812
percentiles: 2%=0.6999043226242065, 5%=0.7082469463348389, 10%=0.7109649181365967, 25%=0.7224148511886597, 50%=0.7409727573394775, 75%=0.7580187320709229, 90%=0.777946949005127, 95%=0.8044298887252808, 98%=0.8118547797203064
ranking_best_algo: CMApara
ranking_best_score: 0.7459277895312499
ranking_my_rank: 6/504 (99.0%)
ranking_my_percent: 99.0079365079365
