ConfigName: krbf__advglobalrankweighted__M4__L10__eps0p01__g0p003__ds0p01__dm0p01
Problem: QUBO
Kernel: rbf
Advantage: globalrankweighted
M: 4
lambda: 10
epsilon_svgd: 0.01
gamma: 0.003
decay_start_ratio: 0.01
decay_min_factor: 0.01
bandwith_kernel: None
no_interact: False
avg_score: -444.8800048828125
median_score: -447.0
std_score: 25.715862274169922
percentiles: 2%=-489.0, 5%=-486.04998779296875, 10%=-479.1000061035156, 25%=-465.25, 50%=-447.0, 75%=-426.5, 90%=-412.8999938964844, 95%=-403.8000183105469, 98%=-389.91998291015625
ranking_best_algo: CMApara
ranking_best_score: 453.82
ranking_my_rank: 6/504 (99.0%)
ranking_my_percent: 99.0079365079365
