ConfigName: kjsd__advperagentrankweighted__M3__L16__eps0p01__g0p0005__ds0p05__dm0p2
Problem: QUBO
Kernel: jsd
Advantage: peragentrankweighted
M: 3
lambda: 16
epsilon_svgd: 0.01
gamma: 0.0005
decay_start_ratio: 0.05
decay_min_factor: 0.2
bandwith_kernel: None
no_interact: False
avg_score: -1618.06005859375
median_score: -1620.0
std_score: 58.70209503173828
percentiles: 2%=-1720.0, 5%=-1706.199951171875, 10%=-1692.199951171875, 25%=-1661.5, 50%=-1620.0, 75%=-1582.5, 90%=-1531.0, 95%=-1520.800048828125, 98%=-1509.0
ranking_best_algo: NLOPT_LN_PRAXIS
ranking_best_score: 1607.12
ranking_my_rank: 1/504 (100.0%)
ranking_my_percent: 100.0
