ConfigName: kjsd__advperagentrankweighted__M5__L8__eps0p01__g0p003__ds0p05__dm0p2
Problem: NK
Kernel: jsd
Advantage: peragentrankweighted
M: 5
lambda: 8
epsilon_svgd: 0.01
gamma: 0.003
decay_start_ratio: 0.05
decay_min_factor: 0.2
bandwith_kernel: None
no_interact: False
avg_score: 0.7267875671386719
median_score: 0.7268402576446533
std_score: 0.013737522065639496
percentiles: 2%=0.6999122500419617, 5%=0.7069582343101501, 10%=0.7088627219200134, 25%=0.7158871293067932, 50%=0.7268402576446533, 75%=0.7366921305656433, 90%=0.7433130741119385, 95%=0.7523085474967957, 98%=0.7557592391967773
ranking_best_algo: PBIL
ranking_best_score: 0.733570253046875
ranking_my_rank: 6/504 (99.0%)
ranking_my_percent: 99.0079365079365
