ConfigName: kjsd__advperagentrankweighted__M4__L8__eps0p005__g0p0005__ds0p2__dm0p05
Problem: NK
Kernel: jsd
Advantage: peragentrankweighted
M: 4
lambda: 8
epsilon_svgd: 0.005
gamma: 0.0005
decay_start_ratio: 0.2
decay_min_factor: 0.05
bandwith_kernel: None
no_interact: False
avg_score: 0.7172185778617859
median_score: 0.716865599155426
std_score: 0.00645909458398819
percentiles: 2%=0.7079035639762878, 5%=0.7085620760917664, 10%=0.7091346979141235, 25%=0.7118512392044067, 50%=0.716865599155426, 75%=0.7213661670684814, 90%=0.7253202795982361, 95%=0.726987361907959, 98%=0.7301122546195984
ranking_best_algo: PBIL
ranking_best_score: 0.7170882103515624
ranking_my_rank: 1/504 (100.0%)
ranking_my_percent: 100.0
