ConfigName: kjsd__advperagentrankweighted__M4__L24__eps0p02__g0p0003__ds0p05__dm0p05
Problem: QUBO
Kernel: jsd
Advantage: peragentrankweighted
M: 4
lambda: 24
epsilon_svgd: 0.02
gamma: 0.0003
decay_start_ratio: 0.05
decay_min_factor: 0.05
bandwith_kernel: None
no_interact: False
avg_score: -328.239990234375
median_score: -330.0
std_score: 23.034374237060547
percentiles: 2%=-372.0, 5%=-361.54998779296875, 10%=-357.0, 25%=-343.0, 50%=-330.0, 75%=-311.75, 90%=-298.0, 95%=-293.95001220703125, 98%=-280.0
ranking_best_algo: CMApara
ranking_best_score: 344.22
ranking_my_rank: 84/504 (83.5%)
ranking_my_percent: 83.53174603174604
