ConfigName: krbf__advglobalrankweighted__M4__L11__eps0p02__g0p007__ds0p01__dm0p01
Problem: QUBO
Kernel: rbf
Advantage: globalrankweighted
M: 4
lambda: 11
epsilon_svgd: 0.02
gamma: 0.007
decay_start_ratio: 0.01
decay_min_factor: 0.01
bandwith_kernel: None
no_interact: False
avg_score: -1561.280029296875
median_score: -1563.5
std_score: 81.72674560546875
percentiles: 2%=-1732.02001953125, 5%=-1702.4000244140625, 10%=-1680.0999755859375, 25%=-1602.0, 50%=-1563.5, 75%=-1504.25, 90%=-1457.0, 95%=-1422.7000732421875, 98%=-1399.0
ranking_best_algo: NLOPT_LN_PRAXIS
ranking_best_score: 1607.12
ranking_my_rank: 49/504 (90.5%)
ranking_my_percent: 90.47619047619048
