ConfigName: kjsd__advperagentrankweighted__M3__L20__eps0p007__g0p001__ds0p2__dm0p2
Problem: NK
Kernel: jsd
Advantage: peragentrankweighted
M: 3
lambda: 20
epsilon_svgd: 0.007
gamma: 0.001
decay_start_ratio: 0.2
decay_min_factor: 0.2
bandwith_kernel: None
no_interact: False
avg_score: 0.7376123070716858
median_score: 0.738677978515625
std_score: 0.009141783230006695
percentiles: 2%=0.7187817096710205, 5%=0.7219997048377991, 10%=0.7239223122596741, 25%=0.7325348258018494, 50%=0.738677978515625, 75%=0.7425622940063477, 90%=0.7486822009086609, 95%=0.7515665888786316, 98%=0.7556408047676086
ranking_best_algo: PBIL
ranking_best_score: 0.730509098125
ranking_my_rank: 1/504 (100.0%)
ranking_my_percent: 100.0
