ConfigName: krbf__advnormalizedfitness__M4__L12__eps0p015__g0p007__ds0p3__dm0p01
Problem: NK
Kernel: rbf
Advantage: normalizedfitness
M: 4
lambda: 12
epsilon_svgd: 0.015
gamma: 0.007
decay_start_ratio: 0.3
decay_min_factor: 0.01
bandwith_kernel: None
no_interact: False
avg_score: 0.733549952507019
median_score: 0.7301645874977112
std_score: 0.019299229606986046
percentiles: 2%=0.7010595798492432, 5%=0.7047778964042664, 10%=0.7091301083564758, 25%=0.7205723524093628, 50%=0.7301645874977112, 75%=0.7493263483047485, 90%=0.7595182061195374, 95%=0.76546311378479, 98%=0.7717663049697876
ranking_best_algo: Tabu
ranking_best_score: 0.7470791764843752
ranking_my_rank: 23/504 (95.6%)
ranking_my_percent: 95.63492063492063
