ConfigName: kjsd__advperagentrankweighted__M3__L30__eps0p005__g0p0005__ds0p05__dm0p1
Problem: QUBO
Kernel: jsd
Advantage: peragentrankweighted
M: 3
lambda: 30
epsilon_svgd: 0.005
gamma: 0.0005
decay_start_ratio: 0.05
decay_min_factor: 0.1
bandwith_kernel: None
no_interact: False
avg_score: -423.6000061035156
median_score: -422.5
std_score: 28.54119873046875
percentiles: 2%=-481.0, 5%=-473.0, 10%=-459.0, 25%=-441.0, 50%=-422.5, 75%=-409.0, 90%=-391.0, 95%=-377.0, 98%=-359.67999267578125
ranking_best_algo: CMAL3
ranking_best_score: 435.36
ranking_my_rank: 32/504 (93.8%)
ranking_my_percent: 93.84920634920636
