ConfigName: kjsd__advperagentrankweighted__M5__L8__eps0p005__g0p0007__ds0p4__dm0p05
Problem: QUBO
Kernel: jsd
Advantage: peragentrankweighted
M: 5
lambda: 8
epsilon_svgd: 0.005
gamma: 0.0007
decay_start_ratio: 0.4
decay_min_factor: 0.05
bandwith_kernel: None
no_interact: False
avg_score: -310.55999755859375
median_score: -318.0
std_score: 38.97032928466797
percentiles: 2%=-390.0400085449219, 5%=-390.0, 10%=-359.0, 25%=-334.5, 50%=-318.0, 75%=-277.5, 90%=-265.79998779296875, 95%=-257.5, 98%=-240.0
ranking_best_algo: CMApara
ranking_best_score: 319.29999999999995
ranking_my_rank: 58/504 (88.7%)
ranking_my_percent: 88.69047619047619
