ConfigName: kjsd__advperagentrankweighted__M3__L30__eps0p007__g0p001__ds0p1__dm0p2
Problem: NK
Kernel: jsd
Advantage: peragentrankweighted
M: 3
lambda: 30
epsilon_svgd: 0.007
gamma: 0.001
decay_start_ratio: 0.1
decay_min_factor: 0.2
bandwith_kernel: None
no_interact: False
avg_score: 0.6825970411300659
median_score: 0.6805973052978516
std_score: 0.015583010390400887
percentiles: 2%=0.6556742787361145, 5%=0.6585874557495117, 10%=0.6648135185241699, 25%=0.6724926233291626, 50%=0.6805973052978516, 75%=0.6944881677627563, 90%=0.7052697539329529, 95%=0.7086585164070129, 98%=0.714136004447937
ranking_best_algo: PBIL
ranking_best_score: 0.7170882103515624
ranking_my_rank: 158/504 (68.8%)
ranking_my_percent: 68.84920634920636
