ConfigName: kfr__advglobalrankweighted__M6__L9__eps0p02__g0p003__ds0p01__dm0p01
Problem: QUBO
Kernel: fr
Advantage: globalrankweighted
M: 6
lambda: 9
epsilon_svgd: 0.02
gamma: 0.003
decay_start_ratio: 0.01
decay_min_factor: 0.01
bandwith_kernel: None
no_interact: False
avg_score: -2520.39990234375
median_score: -2535.0
std_score: 139.96627807617188
percentiles: 2%=-2742.260009765625, 5%=-2730.5, 10%=-2702.60009765625, 25%=-2617.75, 50%=-2535.0, 75%=-2419.75, 90%=-2333.199951171875, 95%=-2289.05029296875, 98%=-2205.719970703125
ranking_best_algo: DiscreteLengler2OnePlusOne
ranking_best_score: 2617.04
ranking_my_rank: 62/504 (87.9%)
ranking_my_percent: 87.89682539682539
