ConfigName: kjsd__advperagentrankweighted__M3__L18__eps0p01__g0p0007__ds0p05__dm0p2
Problem: NK
Kernel: jsd
Advantage: peragentrankweighted
M: 3
lambda: 18
epsilon_svgd: 0.01
gamma: 0.0007
decay_start_ratio: 0.05
decay_min_factor: 0.2
bandwith_kernel: None
no_interact: False
avg_score: 0.734688937664032
median_score: 0.736351728439331
std_score: 0.00856265053153038
percentiles: 2%=0.7175695300102234, 5%=0.7198806405067444, 10%=0.7242445349693298, 25%=0.7277239561080933, 50%=0.736351728439331, 75%=0.7412049770355225, 90%=0.745093584060669, 95%=0.746253252029419, 98%=0.7466767430305481
ranking_best_algo: PBIL
ranking_best_score: 0.730509098125
ranking_my_rank: 1/504 (100.0%)
ranking_my_percent: 100.0
