ConfigName: kjsd__advperagentrankweighted__M3__L16__eps0p01__g0p001__ds0p1__dm0p2
Problem: QUBO
Kernel: jsd
Advantage: peragentrankweighted
M: 3
lambda: 16
epsilon_svgd: 0.01
gamma: 0.001
decay_start_ratio: 0.1
decay_min_factor: 0.2
bandwith_kernel: None
no_interact: False
avg_score: -410.44000244140625
median_score: -416.0
std_score: 28.31406593322754
percentiles: 2%=-461.2799987792969, 5%=-452.25, 10%=-447.0, 25%=-428.0, 50%=-416.0, 75%=-390.0, 90%=-372.0, 95%=-365.79998779296875, 98%=-355.7200012207031
ranking_best_algo: Tabu
ranking_best_score: 438.12
ranking_my_rank: 89/504 (82.5%)
ranking_my_percent: 82.53968253968254
