ConfigName: kjsd__advperagentrankweighted__M3__L18__eps0p01__g0p0005__ds0p1__dm0p2
Problem: NK
Kernel: jsd
Advantage: peragentrankweighted
M: 3
lambda: 18
epsilon_svgd: 0.01
gamma: 0.0005
decay_start_ratio: 0.1
decay_min_factor: 0.2
bandwith_kernel: None
no_interact: False
avg_score: 0.7059814929962158
median_score: 0.7085740566253662
std_score: 0.011724959127604961
percentiles: 2%=0.6853869557380676, 5%=0.6875354051589966, 10%=0.6912102103233337, 25%=0.6946410536766052, 50%=0.7085740566253662, 75%=0.7158529162406921, 90%=0.7196675539016724, 95%=0.7210367918014526, 98%=0.7223517894744873
ranking_best_algo: PBIL
ranking_best_score: 0.7013553837109374
ranking_my_rank: 1/504 (100.0%)
ranking_my_percent: 100.0
