ConfigName: kjsd__advperagentrankweighted__M4__L20__eps0p005__g0p0005__ds0p05__dm0p2
Problem: QUBO
Kernel: jsd
Advantage: peragentrankweighted
M: 4
lambda: 20
epsilon_svgd: 0.005
gamma: 0.0005
decay_start_ratio: 0.05
decay_min_factor: 0.2
bandwith_kernel: None
no_interact: False
avg_score: -584.9000244140625
median_score: -588.0
std_score: 27.667129516601562
percentiles: 2%=-631.0599975585938, 5%=-627.0499877929688, 10%=-621.0999755859375, 25%=-605.0, 50%=-588.0, 75%=-565.5, 90%=-547.7000122070312, 95%=-539.0, 98%=-531.8599853515625
ranking_best_algo: Tabu
ranking_best_score: 588.7199999999999
ranking_my_rank: 5/503 (99.2%)
ranking_my_percent: 99.20477137176938
