ConfigName: kjsd__advperagentrankweighted__M3__L16__eps0p007__g0p001__ds0p05__dm0p1
Problem: NK
Kernel: jsd
Advantage: peragentrankweighted
M: 3
lambda: 16
epsilon_svgd: 0.007
gamma: 0.001
decay_start_ratio: 0.05
decay_min_factor: 0.1
bandwith_kernel: None
no_interact: False
avg_score: 0.7588912844657898
median_score: 0.7579478025436401
std_score: 0.013319750316441059
percentiles: 2%=0.7308515310287476, 5%=0.7364256381988525, 10%=0.7413078546524048, 25%=0.7501538991928101, 50%=0.7579478025436401, 75%=0.7680495381355286, 90%=0.7744770050048828, 95%=0.7772039771080017, 98%=0.7818313837051392
ranking_best_algo: Tabu
ranking_best_score: 0.7470791764843752
ranking_my_rank: 1/504 (100.0%)
ranking_my_percent: 100.0
