ConfigName: krbf__advnormalizedfitness__M3__L15__eps0p015__g0p01__ds0p15__dm0p3
Problem: QUBO
Kernel: rbf
Advantage: normalizedfitness
M: 3
lambda: 15
epsilon_svgd: 0.015
gamma: 0.01
decay_start_ratio: 0.15
decay_min_factor: 0.3
bandwith_kernel: None
no_interact: False
avg_score: -135.63999938964844
median_score: -135.5
std_score: 11.352110862731934
percentiles: 2%=-156.0399932861328, 5%=-154.0, 10%=-151.0, 25%=-144.0, 50%=-135.5, 75%=-127.75, 90%=-122.0, 95%=-118.7500228881836, 98%=-112.95999145507812
ranking_best_algo: DiscreteDE
ranking_best_score: 143.4
ranking_my_rank: 239/504 (52.8%)
ranking_my_percent: 52.77777777777778
