ConfigName: kjsd__advperagentrankweighted__M5__L10__eps0p008__g0p0005__ds0p3__dm0p05
Problem: QUBO
Kernel: jsd
Advantage: peragentrankweighted
M: 5
lambda: 10
epsilon_svgd: 0.008
gamma: 0.0005
decay_start_ratio: 0.3
decay_min_factor: 0.05
bandwith_kernel: None
no_interact: False
avg_score: -444.55999755859375
median_score: -445.5
std_score: 25.20171356201172
percentiles: 2%=-490.0, 5%=-485.1000061035156, 10%=-473.6000061035156, 25%=-462.0, 50%=-445.5, 75%=-426.75, 90%=-412.6000061035156, 95%=-399.8500061035156, 98%=-392.8999938964844
ranking_best_algo: CMApara
ranking_best_score: 453.82
ranking_my_rank: 6/504 (99.0%)
ranking_my_percent: 99.0079365079365
