ConfigName: krbf__advnormalizedfitness__M4__L12__eps0p033__g0p015__ds0p01__dm0p3
Problem: QUBO
Kernel: rbf
Advantage: normalizedfitness
M: 4
lambda: 12
epsilon_svgd: 0.033
gamma: 0.015
decay_start_ratio: 0.01
decay_min_factor: 0.3
bandwith_kernel: None
no_interact: False
avg_score: -298.3599853515625
median_score: -296.0
std_score: 39.33942794799805
percentiles: 2%=-380.239990234375, 5%=-368.3999938964844, 10%=-350.6000061035156, 25%=-324.0, 50%=-296.0, 75%=-265.75, 90%=-253.0, 95%=-247.75003051757812, 98%=-237.79995727539062
ranking_best_algo: CMApara
ranking_best_score: 319.29999999999995
ranking_my_rank: 241/504 (52.4%)
ranking_my_percent: 52.38095238095238
