ConfigName: kjsd__advperagentrankweighted__M4__L8__eps0p005__g0p0007__ds0p05__dm0p2
Problem: QUBO
Kernel: jsd
Advantage: peragentrankweighted
M: 4
lambda: 8
epsilon_svgd: 0.005
gamma: 0.0007
decay_start_ratio: 0.05
decay_min_factor: 0.2
bandwith_kernel: None
no_interact: False
avg_score: -1235.97998046875
median_score: -1234.5
std_score: 60.37432861328125
percentiles: 2%=-1385.0, 5%=-1349.300048828125, 10%=-1303.4000244140625, 25%=-1271.25, 50%=-1234.5, 75%=-1198.75, 90%=-1159.0, 95%=-1148.800048828125, 98%=-1112.8399658203125
ranking_best_algo: SVMMetaModelLogNormal
ranking_best_score: 1233.7999999999997
ranking_my_rank: 1/504 (100.0%)
ranking_my_percent: 100.0
