ConfigName: kfr__advglobalrankweighted__M2__L11__eps0p02__g0p005__ds0p01__dm0p01
Problem: QUBO
Kernel: fr
Advantage: globalrankweighted
M: 2
lambda: 11
epsilon_svgd: 0.02
gamma: 0.005
decay_start_ratio: 0.01
decay_min_factor: 0.01
bandwith_kernel: None
no_interact: False
avg_score: -1630.280029296875
median_score: -1636.0
std_score: 60.320987701416016
percentiles: 2%=-1749.0999755859375, 5%=-1724.0999755859375, 10%=-1689.300048828125, 25%=-1672.5, 50%=-1636.0, 75%=-1594.0, 90%=-1553.0, 95%=-1522.60009765625, 98%=-1502.8199462890625
ranking_best_algo: NLOPT_LN_PRAXIS
ranking_best_score: 1607.12
ranking_my_rank: 1/504 (100.0%)
ranking_my_percent: 100.0
