ConfigName: krbf__advnormalizedfitness__M4__L12__eps0p025__g0p007__ds0p15__dm0p01
Problem: QUBO
Kernel: rbf
Advantage: normalizedfitness
M: 4
lambda: 12
epsilon_svgd: 0.025
gamma: 0.007
decay_start_ratio: 0.15
decay_min_factor: 0.01
bandwith_kernel: None
no_interact: False
avg_score: -140.22000122070312
median_score: -141.0
std_score: 10.603377342224121
percentiles: 2%=-159.0399932861328, 5%=-158.0, 10%=-156.0, 25%=-147.25, 50%=-141.0, 75%=-132.0, 90%=-127.0, 95%=-123.0, 98%=-119.97999572753906
ranking_best_algo: DiscreteDE
ranking_best_score: 143.4
ranking_my_rank: 78/504 (84.7%)
ranking_my_percent: 84.72222222222223
