ConfigName: kjsd__advperagentrankweighted__M5__L10__eps0p005__g0p003__ds0p2__dm0p05
Problem: QUBO
Kernel: jsd
Advantage: peragentrankweighted
M: 5
lambda: 10
epsilon_svgd: 0.005
gamma: 0.003
decay_start_ratio: 0.2
decay_min_factor: 0.05
bandwith_kernel: None
no_interact: False
avg_score: -139.1999969482422
median_score: -139.5
std_score: 10.89219856262207
percentiles: 2%=-158.0, 5%=-157.0, 10%=-154.10000610351562, 25%=-147.5, 50%=-139.5, 75%=-130.0, 90%=-125.0, 95%=-122.8499984741211, 98%=-119.0
ranking_best_algo: DiscreteDE
ranking_best_score: 143.4
ranking_my_rank: 86/504 (83.1%)
ranking_my_percent: 83.13492063492063
