ConfigName: krbf__advnormalizedfitness__M3__L12__eps0p033__g0p007__ds0p15__dm0p01
Problem: NK
Kernel: rbf
Advantage: normalizedfitness
M: 3
lambda: 12
epsilon_svgd: 0.033
gamma: 0.007
decay_start_ratio: 0.15
decay_min_factor: 0.01
bandwith_kernel: None
no_interact: False
avg_score: 0.7104892134666443
median_score: 0.712074875831604
std_score: 0.015231996774673462
percentiles: 2%=0.6723886132240295, 5%=0.673657238483429, 10%=0.6944956183433533, 25%=0.7072464823722839, 50%=0.712074875831604, 75%=0.7191749811172485, 90%=0.7251978516578674, 95%=0.7326849699020386, 98%=0.7333329916000366
ranking_best_algo: CMApara
ranking_best_score: 0.707475975
ranking_my_rank: 1/504 (100.0%)
ranking_my_percent: 100.0
