ConfigName: kfr__advglobalrankweighted__M4__L15__eps0p015__g0p005__ds0p01__dm0p01
Problem: QUBO
Kernel: fr
Advantage: globalrankweighted
M: 4
lambda: 15
epsilon_svgd: 0.015
gamma: 0.005
decay_start_ratio: 0.01
decay_min_factor: 0.01
bandwith_kernel: None
no_interact: False
avg_score: -574.0399780273438
median_score: -574.5
std_score: 29.641162872314453
percentiles: 2%=-637.0399780273438, 5%=-624.3499755859375, 10%=-614.0, 25%=-595.0, 50%=-574.5, 75%=-550.5, 90%=-536.9000244140625, 95%=-532.9500122070312, 98%=-530.639892578125
ranking_best_algo: Tabu
ranking_best_score: 588.7199999999999
ranking_my_rank: 57/503 (88.9%)
ranking_my_percent: 88.86679920477137
