ConfigName: kjsd__advperagentrankweighted__M3__L20__eps0p005__g0p001__ds0p1__dm0p1
Problem: QUBO
Kernel: jsd
Advantage: peragentrankweighted
M: 3
lambda: 20
epsilon_svgd: 0.005
gamma: 0.001
decay_start_ratio: 0.1
decay_min_factor: 0.1
bandwith_kernel: None
no_interact: False
avg_score: -406.8399963378906
median_score: -405.0
std_score: 26.014118194580078
percentiles: 2%=-461.1199951171875, 5%=-453.0, 10%=-442.3999938964844, 25%=-425.5, 50%=-405.0, 75%=-388.0, 90%=-372.8999938964844, 95%=-369.8999938964844, 98%=-365.9200134277344
ranking_best_algo: Tabu
ranking_best_score: 438.12
ranking_my_rank: 160/504 (68.5%)
ranking_my_percent: 68.45238095238095
