ConfigName: kfr__advglobalrankweighted__M6__L8__eps0p02__g0p003__ds0p01__dm0p01
Problem: QUBO
Kernel: fr
Advantage: globalrankweighted
M: 6
lambda: 8
epsilon_svgd: 0.02
gamma: 0.003
decay_start_ratio: 0.01
decay_min_factor: 0.01
bandwith_kernel: None
no_interact: False
avg_score: -1181.4599609375
median_score: -1165.0
std_score: 66.04035949707031
percentiles: 2%=-1332.02001953125, 5%=-1306.0, 10%=-1269.199951171875, 25%=-1225.25, 50%=-1165.0, 75%=-1131.0, 90%=-1102.5999755859375, 95%=-1092.60009765625, 98%=-1067.0
ranking_best_algo: SVMMetaModelLogNormal
ranking_best_score: 1233.7999999999997
ranking_my_rank: 65/504 (87.3%)
ranking_my_percent: 87.3015873015873
