ConfigName: krbf__advnormalizedfitness__M4__L8__eps0p033__g0p01__ds0p01__dm0p3
Problem: NK
Kernel: rbf
Advantage: normalizedfitness
M: 4
lambda: 8
epsilon_svgd: 0.033
gamma: 0.01
decay_start_ratio: 0.01
decay_min_factor: 0.3
bandwith_kernel: None
no_interact: False
avg_score: 0.7528373003005981
median_score: 0.7519726157188416
std_score: 0.015113172121345997
percentiles: 2%=0.722426176071167, 5%=0.7261254191398621, 10%=0.7320789694786072, 25%=0.7442441582679749, 50%=0.7519726157188416, 75%=0.7640700340270996, 90%=0.7739643454551697, 95%=0.7752147316932678, 98%=0.7805213332176208
ranking_best_algo: Tabu
ranking_best_score: 0.7470791764843752
ranking_my_rank: 1/504 (100.0%)
ranking_my_percent: 100.0
