ConfigName: kjsd__advperagentrankweighted__M5__L12__eps0p03__g0p0003__ds0p2__dm0p05
Problem: NK
Kernel: jsd
Advantage: peragentrankweighted
M: 5
lambda: 12
epsilon_svgd: 0.03
gamma: 0.0003
decay_start_ratio: 0.2
decay_min_factor: 0.05
bandwith_kernel: None
no_interact: False
avg_score: 0.7388101816177368
median_score: 0.7355031967163086
std_score: 0.030385110527276993
percentiles: 2%=0.6936208009719849, 5%=0.6969200372695923, 10%=0.7006690502166748, 25%=0.7160455584526062, 50%=0.7355031967163086, 75%=0.7509203553199768, 90%=0.7782467603683472, 95%=0.8047558665275574, 98%=0.8118547797203064
ranking_best_algo: CMApara
ranking_best_score: 0.7459277895312499
ranking_my_rank: 60/504 (88.3%)
ranking_my_percent: 88.2936507936508
