ConfigName: kjsd__advperagentrankweighted__M3__L30__eps0p007__g0p001__ds0p2__dm0p2
Problem: QUBO
Kernel: jsd
Advantage: peragentrankweighted
M: 3
lambda: 30
epsilon_svgd: 0.007
gamma: 0.001
decay_start_ratio: 0.2
decay_min_factor: 0.2
bandwith_kernel: None
no_interact: False
avg_score: -201.25999450683594
median_score: -202.0
std_score: 12.715832710266113
percentiles: 2%=-224.0, 5%=-224.0, 10%=-220.0, 25%=-207.25, 50%=-202.0, 75%=-193.75, 90%=-184.0, 95%=-180.89999389648438, 98%=-175.9199981689453
ranking_best_algo: Tabu
ranking_best_score: 208.36000000000004
ranking_my_rank: 41/504 (92.1%)
ranking_my_percent: 92.06349206349206
