ConfigName: kjsd__advperagentrankweighted__M3__L20__eps0p01__g0p0005__ds0p05__dm0p2
Problem: NK
Kernel: jsd
Advantage: peragentrankweighted
M: 3
lambda: 20
epsilon_svgd: 0.01
gamma: 0.0005
decay_start_ratio: 0.05
decay_min_factor: 0.2
bandwith_kernel: None
no_interact: False
avg_score: 0.7352213859558105
median_score: 0.7366209626197815
std_score: 0.008475367911159992
percentiles: 2%=0.7156339287757874, 5%=0.7196451425552368, 10%=0.7229920625686646, 25%=0.7303920388221741, 50%=0.7366209626197815, 75%=0.7406980991363525, 90%=0.7442893981933594, 95%=0.7476077675819397, 98%=0.7510931491851807
ranking_best_algo: PBIL
ranking_best_score: 0.730509098125
ranking_my_rank: 1/504 (100.0%)
ranking_my_percent: 100.0
