ConfigName: kjsd__advperagentrankweighted__M3__L24__eps0p007__g0p001__ds0p2__dm0p1
Problem: NK
Kernel: jsd
Advantage: peragentrankweighted
M: 3
lambda: 24
epsilon_svgd: 0.007
gamma: 0.001
decay_start_ratio: 0.2
decay_min_factor: 0.1
bandwith_kernel: None
no_interact: False
avg_score: 0.7527545094490051
median_score: 0.7540814876556396
std_score: 0.014392802491784096
percentiles: 2%=0.7237794399261475, 5%=0.7301169633865356, 10%=0.7328278422355652, 25%=0.7423352599143982, 50%=0.7540814876556396, 75%=0.763556718826294, 90%=0.7703824043273926, 95%=0.7754294872283936, 98%=0.7801085710525513
ranking_best_algo: Tabu
ranking_best_score: 0.7657846284375001
ranking_my_rank: 9/504 (98.4%)
ranking_my_percent: 98.41269841269842
