ConfigName: kjsd__advperagentrankweighted__M10__L28__eps0p008__g0p0005__ds0p05__dm0p05
Problem: NK
Kernel: jsd
Advantage: peragentrankweighted
M: 10
lambda: 28
epsilon_svgd: 0.008
gamma: 0.0005
decay_start_ratio: 0.05
decay_min_factor: 0.05
bandwith_kernel: None
no_interact: False
avg_score: 0.7240584492683411
median_score: 0.7253252267837524
std_score: 0.022549809888005257
percentiles: 2%=0.6842341423034668, 5%=0.687172532081604, 10%=0.6935457587242126, 25%=0.7066618204116821, 50%=0.7253252267837524, 75%=0.7420145273208618, 90%=0.7524657249450684, 95%=0.7615715861320496, 98%=0.7629627585411072
ranking_best_algo: Tabu
ranking_best_score: 0.7470791764843752
ranking_my_rank: 131/504 (74.2%)
ranking_my_percent: 74.2063492063492
