ConfigName: kjsd__advperagentrankweighted__M3__L16__eps0p01__g0p0007__ds0p2__dm0p1
Problem: QUBO
Kernel: jsd
Advantage: peragentrankweighted
M: 3
lambda: 16
epsilon_svgd: 0.01
gamma: 0.0007
decay_start_ratio: 0.2
decay_min_factor: 0.1
bandwith_kernel: None
no_interact: False
avg_score: -329.7200012207031
median_score: -334.0
std_score: 23.555925369262695
percentiles: 2%=-372.0, 5%=-372.0, 10%=-354.0, 25%=-343.5, 50%=-334.0, 75%=-315.5, 90%=-294.8999938964844, 95%=-283.8999938964844, 98%=-278.0
ranking_best_algo: CMApara
ranking_best_score: 344.22
ranking_my_rank: 80/504 (84.3%)
ranking_my_percent: 84.32539682539682
