ConfigName: krbf__advnormalizedfitness__M4__L10__eps0p015__g0p007__ds0p15__dm0p3
Problem: QUBO
Kernel: rbf
Advantage: normalizedfitness
M: 4
lambda: 10
epsilon_svgd: 0.015
gamma: 0.007
decay_start_ratio: 0.15
decay_min_factor: 0.3
bandwith_kernel: None
no_interact: False
avg_score: -867.4000244140625
median_score: -865.0
std_score: 82.65361785888672
percentiles: 2%=-1038.5799560546875, 5%=-1014.4500122070312, 10%=-970.2999877929688, 25%=-925.5, 50%=-865.0, 75%=-810.75, 90%=-760.5999755859375, 95%=-740.9000244140625, 98%=-711.0
ranking_best_algo: SVMMetaModelLogNormal
ranking_best_score: 1233.7999999999997
ranking_my_rank: 322/504 (36.3%)
ranking_my_percent: 36.30952380952381
