ConfigName: kfr__advglobalrankweighted__M1__L9__eps0p01__g0p003__ds0p01__dm0p01
Problem: QUBO
Kernel: fr
Advantage: globalrankweighted
M: 1
lambda: 9
epsilon_svgd: 0.01
gamma: 0.003
decay_start_ratio: 0.01
decay_min_factor: 0.01
bandwith_kernel: None
no_interact: False
avg_score: -869.3800048828125
median_score: -869.5
std_score: 64.50298309326172
percentiles: 2%=-991.0, 5%=-974.0, 10%=-958.0999755859375, 25%=-916.5, 50%=-869.5, 75%=-820.75, 90%=-785.9000244140625, 95%=-774.75, 98%=-738.719970703125
ranking_best_algo: CMAL3
ranking_best_score: 928.5800000000002
ranking_my_rank: 173/504 (65.9%)
ranking_my_percent: 65.87301587301587
