ConfigName: kjsd__advperagentrankweighted__M5__L8__eps0p005__g0p0007__ds0p4__dm0p2
Problem: NK
Kernel: jsd
Advantage: peragentrankweighted
M: 5
lambda: 8
epsilon_svgd: 0.005
gamma: 0.0007
decay_start_ratio: 0.4
decay_min_factor: 0.2
bandwith_kernel: None
no_interact: False
avg_score: 0.741377055644989
median_score: 0.7427396178245544
std_score: 0.010775245726108551
percentiles: 2%=0.7209092378616333, 5%=0.7258129119873047, 10%=0.7266550660133362, 25%=0.7328291535377502, 50%=0.7427396178245544, 75%=0.7485769987106323, 90%=0.7557372450828552, 95%=0.757981538772583, 98%=0.7589858174324036
ranking_best_algo: PBIL
ranking_best_score: 0.733570253046875
ranking_my_rank: 1/504 (100.0%)
ranking_my_percent: 100.0
