ConfigName: kjsd__advperagentrankweighted__M3__L16__eps0p01__g0p001__ds0p05__dm0p2
Problem: QUBO
Kernel: jsd
Advantage: peragentrankweighted
M: 3
lambda: 16
epsilon_svgd: 0.01
gamma: 0.001
decay_start_ratio: 0.05
decay_min_factor: 0.2
bandwith_kernel: None
no_interact: False
avg_score: -2582.580078125
median_score: -2567.5
std_score: 124.96793365478516
percentiles: 2%=-2814.10009765625, 5%=-2797.050048828125, 10%=-2761.89990234375, 25%=-2678.25, 50%=-2567.5, 75%=-2499.0, 90%=-2421.89990234375, 95%=-2371.39990234375, 98%=-2329.679931640625
ranking_best_algo: SVM1MetaModelLogNormal
ranking_best_score: 2605.14
ranking_my_rank: 13/504 (97.6%)
ranking_my_percent: 97.61904761904762
