ConfigName: kjsd__advperagentrankweighted__M3__L18__eps0p01__g0p0005__ds0p05__dm0p1
Problem: QUBO
Kernel: jsd
Advantage: peragentrankweighted
M: 3
lambda: 18
epsilon_svgd: 0.01
gamma: 0.0005
decay_start_ratio: 0.05
decay_min_factor: 0.1
bandwith_kernel: None
no_interact: False
avg_score: -1196.6800537109375
median_score: -1194.0
std_score: 61.68109893798828
percentiles: 2%=-1337.1199951171875, 5%=-1287.25, 10%=-1278.0999755859375, 25%=-1239.75, 50%=-1194.0, 75%=-1155.0, 90%=-1112.699951171875, 95%=-1099.6500244140625, 98%=-1081.9599609375
ranking_best_algo: Tabu
ranking_best_score: 1216.16
ranking_my_rank: 46/504 (91.1%)
ranking_my_percent: 91.07142857142857
