ConfigName: kjsd__advperagentrankweighted__M4__L8__eps0p005__g0p0003__ds0p05__dm0p05
Problem: QUBO
Kernel: jsd
Advantage: peragentrankweighted
M: 4
lambda: 8
epsilon_svgd: 0.005
gamma: 0.0003
decay_start_ratio: 0.05
decay_min_factor: 0.05
bandwith_kernel: None
no_interact: False
avg_score: -329.1000061035156
median_score: -331.0
std_score: 21.38387107849121
percentiles: 2%=-372.0, 5%=-361.0, 10%=-354.0, 25%=-342.0, 50%=-331.0, 75%=-318.0, 90%=-298.0, 95%=-290.8500061035156, 98%=-283.67999267578125
ranking_best_algo: CMApara
ranking_best_score: 344.22
ranking_my_rank: 83/504 (83.7%)
ranking_my_percent: 83.73015873015873
