ConfigName: kjsd__advperagentrankweighted__M5__L8__eps0p005__g0p003__ds0p4__dm0p05
Problem: QUBO
Kernel: jsd
Advantage: peragentrankweighted
M: 5
lambda: 8
epsilon_svgd: 0.005
gamma: 0.003
decay_start_ratio: 0.4
decay_min_factor: 0.05
bandwith_kernel: None
no_interact: False
avg_score: -2449.9599609375
median_score: -2456.5
std_score: 236.88232421875
percentiles: 2%=-2949.5400390625, 5%=-2838.85009765625, 10%=-2773.300048828125, 25%=-2606.25, 50%=-2456.5, 75%=-2258.0, 90%=-2125.89990234375, 95%=-2087.050048828125, 98%=-2060.800048828125
ranking_best_algo: RLSOnePlusOne
ranking_best_score: 3316.5199999999995
ranking_my_rank: 237/504 (53.2%)
ranking_my_percent: 53.17460317460318
