ConfigName: kjsd__advperagentrankweighted__M4__L8__eps0p03__g0p0003__ds0p05__dm0p05
Problem: NK
Kernel: jsd
Advantage: peragentrankweighted
M: 4
lambda: 8
epsilon_svgd: 0.03
gamma: 0.0003
decay_start_ratio: 0.05
decay_min_factor: 0.05
bandwith_kernel: None
no_interact: False
avg_score: 0.7019694447517395
median_score: 0.6999194025993347
std_score: 0.012199780903756618
percentiles: 2%=0.6830872893333435, 5%=0.6869435906410217, 10%=0.6886411309242249, 25%=0.6925739049911499, 50%=0.6999194025993347, 75%=0.7093047499656677, 90%=0.7164714336395264, 95%=0.7212639451026917, 98%=0.7290355563163757
ranking_best_algo: Tabu
ranking_best_score: 0.7429702712499999
ranking_my_rank: 195/504 (61.5%)
ranking_my_percent: 61.507936507936506
