ConfigName: kjsd__advperagentrankweighted__M3__L20__eps0p005__g0p003__ds0p05__dm0p05
Problem: NK
Kernel: jsd
Advantage: peragentrankweighted
M: 3
lambda: 20
epsilon_svgd: 0.005
gamma: 0.003
decay_start_ratio: 0.05
decay_min_factor: 0.05
bandwith_kernel: None
no_interact: False
avg_score: 0.6637033224105835
median_score: 0.6600729823112488
std_score: 0.022060580551624298
percentiles: 2%=0.6259481906890869, 5%=0.629766047000885, 10%=0.6376804113388062, 25%=0.651276171207428, 50%=0.6600729823112488, 75%=0.6736165285110474, 90%=0.697170615196228, 95%=0.7045078873634338, 98%=0.7136770486831665
ranking_best_algo: Tabu
ranking_best_score: 0.7429702712499999
ranking_my_rank: 315/504 (37.7%)
ranking_my_percent: 37.698412698412696
