ConfigName: kjsd__advperagentrankweighted__M5__L24__eps0p008__g0p0005__ds0p3__dm0p05
Problem: QUBO
Kernel: jsd
Advantage: peragentrankweighted
M: 5
lambda: 24
epsilon_svgd: 0.008
gamma: 0.0005
decay_start_ratio: 0.3
decay_min_factor: 0.05
bandwith_kernel: None
no_interact: False
avg_score: -1198.1600341796875
median_score: -1187.0
std_score: 60.1953010559082
percentiles: 2%=-1345.199951171875, 5%=-1319.300048828125, 10%=-1279.199951171875, 25%=-1229.0, 50%=-1187.0, 75%=-1160.0, 90%=-1130.5, 95%=-1110.949951171875, 98%=-1099.5999755859375
ranking_best_algo: Tabu
ranking_best_score: 1216.16
ranking_my_rank: 44/504 (91.5%)
ranking_my_percent: 91.46825396825396
