ConfigName: kjsd__advperagentrankweighted__M3__L24__eps0p005__g0p0005__ds0p1__dm0p1
Problem: QUBO
Kernel: jsd
Advantage: peragentrankweighted
M: 3
lambda: 24
epsilon_svgd: 0.005
gamma: 0.0005
decay_start_ratio: 0.1
decay_min_factor: 0.1
bandwith_kernel: None
no_interact: False
avg_score: -1315.93994140625
median_score: -1312.5
std_score: 51.51365280151367
percentiles: 2%=-1421.0400390625, 5%=-1401.3499755859375, 10%=-1375.300048828125, 25%=-1353.25, 50%=-1312.5, 75%=-1286.75, 90%=-1251.9000244140625, 95%=-1226.800048828125, 98%=-1210.97998046875
ranking_best_algo: BigLognormalDiscreteOnePlusOne
ranking_best_score: 1301.3600000000004
ranking_my_rank: 1/504 (100.0%)
ranking_my_percent: 100.0
