ConfigName: kjsd__advperagentrankweighted__M3__L18__eps0p01__g0p003__ds0p2__dm0p1
Problem: QUBO
Kernel: jsd
Advantage: peragentrankweighted
M: 3
lambda: 18
epsilon_svgd: 0.01
gamma: 0.003
decay_start_ratio: 0.2
decay_min_factor: 0.1
bandwith_kernel: None
no_interact: False
avg_score: -2460.47998046875
median_score: -2451.0
std_score: 152.2247314453125
percentiles: 2%=-2787.0, 5%=-2726.14990234375, 10%=-2652.89990234375, 25%=-2562.25, 50%=-2451.0, 75%=-2362.0, 90%=-2264.89990234375, 95%=-2223.60009765625, 98%=-2153.9599609375
ranking_best_algo: SVM1MetaModelLogNormal
ranking_best_score: 2605.14
ranking_my_rank: 80/504 (84.3%)
ranking_my_percent: 84.32539682539682
