ConfigName: krbf__advnormalizedfitness__M4__L8__eps0p033__g0p007__ds0p3__dm0p3
Problem: QUBO
Kernel: rbf
Advantage: normalizedfitness
M: 4
lambda: 8
epsilon_svgd: 0.033
gamma: 0.007
decay_start_ratio: 0.3
decay_min_factor: 0.3
bandwith_kernel: None
no_interact: False
avg_score: -438.3800048828125
median_score: -436.5
std_score: 25.46636199951172
percentiles: 2%=-487.1000061035156, 5%=-476.25, 10%=-471.1000061035156, 25%=-457.5, 50%=-436.5, 75%=-422.75, 90%=-404.0, 95%=-394.8500061035156, 98%=-390.91998291015625
ranking_best_algo: CMApara
ranking_best_score: 453.82
ranking_my_rank: 20/504 (96.2%)
ranking_my_percent: 96.23015873015873
