ConfigName: krbf__advnormalizedfitness__M1__L8__eps0p025__g0p007__ds0p3__dm0p01
Problem: QUBO
Kernel: rbf
Advantage: normalizedfitness
M: 1
lambda: 8
epsilon_svgd: 0.025
gamma: 0.007
decay_start_ratio: 0.3
decay_min_factor: 0.01
bandwith_kernel: None
no_interact: False
avg_score: -289.6600036621094
median_score: -280.5
std_score: 42.81079864501953
percentiles: 2%=-376.0400085449219, 5%=-372.1000061035156, 10%=-346.3999938964844, 25%=-318.5, 50%=-280.5, 75%=-262.75, 90%=-248.0, 95%=-238.95001220703125, 98%=-228.0
ranking_best_algo: CMApara
ranking_best_score: 319.29999999999995
ranking_my_rank: 304/504 (39.9%)
ranking_my_percent: 39.88095238095238
