ConfigName: kjsd__advperagentrankweighted__M3__L24__eps0p005__g0p0005__ds0p2__dm0p1
Problem: QUBO
Kernel: jsd
Advantage: peragentrankweighted
M: 3
lambda: 24
epsilon_svgd: 0.005
gamma: 0.0005
decay_start_ratio: 0.2
decay_min_factor: 0.1
bandwith_kernel: None
no_interact: False
avg_score: -1247.0400390625
median_score: -1243.5
std_score: 57.92770004272461
percentiles: 2%=-1412.1600341796875, 5%=-1343.5, 10%=-1319.0, 25%=-1283.5, 50%=-1243.5, 75%=-1207.0, 90%=-1181.9000244140625, 95%=-1159.0, 98%=-1154.6400146484375
ranking_best_algo: SVMMetaModelLogNormal
ranking_best_score: 1233.7999999999997
ranking_my_rank: 1/504 (100.0%)
ranking_my_percent: 100.0
