ConfigName: krbf__advnormalizedfitness__M4__L12__eps0p015__g0p005__ds0p01__dm0p3
Problem: NK
Kernel: rbf
Advantage: normalizedfitness
M: 4
lambda: 12
epsilon_svgd: 0.015
gamma: 0.005
decay_start_ratio: 0.01
decay_min_factor: 0.3
bandwith_kernel: None
no_interact: False
avg_score: 0.6757451891899109
median_score: 0.6717396974563599
std_score: 0.020262593403458595
percentiles: 2%=0.6446225047111511, 5%=0.6485291719436646, 10%=0.6510404944419861, 25%=0.6601299047470093, 50%=0.6717396974563599, 75%=0.6912751793861389, 90%=0.7081202864646912, 95%=0.712088942527771, 98%=0.7172189354896545
ranking_best_algo: Tabu
ranking_best_score: 0.7601875690625
ranking_my_rank: 338/504 (33.1%)
ranking_my_percent: 33.13492063492063
