ConfigName: kfr__advglobalrankweighted__M2__L9__eps0p01__g0p005__ds0p01__dm0p01
Problem: QUBO
Kernel: fr
Advantage: globalrankweighted
M: 2
lambda: 9
epsilon_svgd: 0.01
gamma: 0.005
decay_start_ratio: 0.01
decay_min_factor: 0.01
bandwith_kernel: None
no_interact: False
avg_score: -899.1400146484375
median_score: -893.0
std_score: 58.382877349853516
percentiles: 2%=-1020.7200317382812, 5%=-996.0999755859375, 10%=-981.2000122070312, 25%=-937.0, 50%=-893.0, 75%=-859.75, 90%=-832.7000122070312, 95%=-807.9500122070312, 98%=-796.7999267578125
ranking_best_algo: CMAL3
ranking_best_score: 928.5800000000002
ranking_my_rank: 70/504 (86.3%)
ranking_my_percent: 86.30952380952381
