ConfigName: kjsd__advperagentrankweighted__M3__L16__eps0p01__g0p0005__ds0p05__dm0p2
Problem: QUBO
Kernel: jsd
Advantage: peragentrankweighted
M: 3
lambda: 16
epsilon_svgd: 0.01
gamma: 0.0005
decay_start_ratio: 0.05
decay_min_factor: 0.2
bandwith_kernel: None
no_interact: False
avg_score: -197.0399932861328
median_score: -199.0
std_score: 13.79559326171875
percentiles: 2%=-222.0399932861328, 5%=-220.10000610351562, 10%=-218.0, 25%=-206.0, 50%=-199.0, 75%=-184.0, 90%=-177.89999389648438, 95%=-175.9499969482422, 98%=-172.0
ranking_best_algo: Tabu
ranking_best_score: 208.36000000000004
ranking_my_rank: 127/504 (75.0%)
ranking_my_percent: 75.0
