ConfigName: kjsd__advperagentrankweighted__M3__L18__eps0p005__g0p0005__ds0p05__dm0p1
Problem: NK
Kernel: jsd
Advantage: peragentrankweighted
M: 3
lambda: 18
epsilon_svgd: 0.005
gamma: 0.0005
decay_start_ratio: 0.05
decay_min_factor: 0.1
bandwith_kernel: None
no_interact: False
avg_score: 0.7099631428718567
median_score: 0.711290717124939
std_score: 0.0151528874412179
percentiles: 2%=0.6717620491981506, 5%=0.6737480163574219, 10%=0.6944573521614075, 25%=0.7064757347106934, 50%=0.711290717124939, 75%=0.7182748317718506, 90%=0.7254353761672974, 95%=0.7319788932800293, 98%=0.7326768636703491
ranking_best_algo: CMApara
ranking_best_score: 0.707475975
ranking_my_rank: 1/504 (100.0%)
ranking_my_percent: 100.0
