ConfigName: krbf__advnormalizedfitness__M4__L10__eps0p025__g0p005__ds0p15__dm0p01
Problem: NK
Kernel: rbf
Advantage: normalizedfitness
M: 4
lambda: 10
epsilon_svgd: 0.025
gamma: 0.005
decay_start_ratio: 0.15
decay_min_factor: 0.01
bandwith_kernel: None
no_interact: False
avg_score: 0.70716392993927
median_score: 0.7094781994819641
std_score: 0.011800522916018963
percentiles: 2%=0.6878117322921753, 5%=0.6886770129203796, 10%=0.6920657157897949, 25%=0.6964833736419678, 50%=0.7094781994819641, 75%=0.7175686359405518, 90%=0.7205429673194885, 95%=0.7241576910018921, 98%=0.7248907089233398
ranking_best_algo: PBIL
ranking_best_score: 0.7013553837109374
ranking_my_rank: 1/504 (100.0%)
ranking_my_percent: 100.0
