ConfigName: krbf__advnormalizedfitness__M3__L15__eps0p02__g0p005__ds0p15__dm0p05
Problem: NK
Kernel: rbf
Advantage: normalizedfitness
M: 3
lambda: 15
epsilon_svgd: 0.02
gamma: 0.005
decay_start_ratio: 0.15
decay_min_factor: 0.05
bandwith_kernel: None
no_interact: False
avg_score: 0.7201571464538574
median_score: 0.7195063829421997
std_score: 0.013771798461675644
percentiles: 2%=0.6910089254379272, 5%=0.6969411373138428, 10%=0.7041959762573242, 25%=0.7128205299377441, 50%=0.7195063829421997, 75%=0.728962779045105, 90%=0.7388953566551208, 95%=0.7412344217300415, 98%=0.7475319504737854
ranking_best_algo: Tabu
ranking_best_score: 0.7429702712499999
ranking_my_rank: 15/504 (97.2%)
ranking_my_percent: 97.22222222222223
