ConfigName: kjsd__advperagentrankweighted__M3__L16__eps0p007__g0p0005__ds0p1__dm0p1
Problem: NK
Kernel: jsd
Advantage: peragentrankweighted
M: 3
lambda: 16
epsilon_svgd: 0.007
gamma: 0.0005
decay_start_ratio: 0.1
decay_min_factor: 0.1
bandwith_kernel: None
no_interact: False
avg_score: 0.7224857807159424
median_score: 0.7221775650978088
std_score: 0.007749398238956928
percentiles: 2%=0.7103603482246399, 5%=0.7106627225875854, 10%=0.7129728198051453, 25%=0.7162106037139893, 50%=0.7221775650978088, 75%=0.7279132604598999, 90%=0.733410120010376, 95%=0.736605703830719, 98%=0.7379510402679443
ranking_best_algo: PBIL
ranking_best_score: 0.7170882103515624
ranking_my_rank: 1/504 (100.0%)
ranking_my_percent: 100.0
