ConfigName: krbf__advnormalizedfitness__M3__L8__eps0p015__g0p007__ds0p15__dm0p01
Problem: QUBO
Kernel: rbf
Advantage: normalizedfitness
M: 3
lambda: 8
epsilon_svgd: 0.015
gamma: 0.007
decay_start_ratio: 0.15
decay_min_factor: 0.01
bandwith_kernel: None
no_interact: False
avg_score: -3165.10009765625
median_score: -3174.0
std_score: 185.042236328125
percentiles: 2%=-3571.219970703125, 5%=-3482.35009765625, 10%=-3425.699951171875, 25%=-3278.75, 50%=-3174.0, 75%=-3019.25, 90%=-2954.699951171875, 95%=-2906.2001953125, 98%=-2842.800048828125
ranking_best_algo: RLSOnePlusOne
ranking_best_score: 3316.5199999999995
ranking_my_rank: 60/504 (88.3%)
ranking_my_percent: 88.2936507936508
