ConfigName: kjsd__advperagentrankweighted__M3__L16__eps0p005__g0p003__ds0p05__dm0p05
Problem: NK
Kernel: jsd
Advantage: peragentrankweighted
M: 3
lambda: 16
epsilon_svgd: 0.005
gamma: 0.003
decay_start_ratio: 0.05
decay_min_factor: 0.05
bandwith_kernel: None
no_interact: False
avg_score: 0.705262303352356
median_score: 0.7073590159416199
std_score: 0.012197296135127544
percentiles: 2%=0.6836574077606201, 5%=0.6870383024215698, 10%=0.6899629831314087, 25%=0.6938917636871338, 50%=0.7073590159416199, 75%=0.7163189649581909, 90%=0.7203185558319092, 95%=0.7220267653465271, 98%=0.7235466241836548
ranking_best_algo: PBIL
ranking_best_score: 0.7013553837109374
ranking_my_rank: 1/504 (100.0%)
ranking_my_percent: 100.0
