ConfigName: kjsd__advperagentrankweighted__M3__L16__eps0p01__g0p0007__ds0p1__dm0p1
Problem: QUBO
Kernel: jsd
Advantage: peragentrankweighted
M: 3
lambda: 16
epsilon_svgd: 0.01
gamma: 0.0007
decay_start_ratio: 0.1
decay_min_factor: 0.1
bandwith_kernel: None
no_interact: False
avg_score: -3299.02001953125
median_score: -3286.5
std_score: 131.15380859375
percentiles: 2%=-3596.1201171875, 5%=-3532.89990234375, 10%=-3468.60009765625, 25%=-3382.75, 50%=-3286.5, 75%=-3210.0, 90%=-3134.0, 95%=-3101.449951171875, 98%=-3046.47998046875
ranking_best_algo: RLSOnePlusOne
ranking_best_score: 3316.5199999999995
ranking_my_rank: 3/504 (99.6%)
ranking_my_percent: 99.60317460317461
