ConfigName: kjsd__advperagentrankweighted__M4__L24__eps0p02__g0p0007__ds0p05__dm0p05
Problem: NK
Kernel: jsd
Advantage: peragentrankweighted
M: 4
lambda: 24
epsilon_svgd: 0.02
gamma: 0.0007
decay_start_ratio: 0.05
decay_min_factor: 0.05
bandwith_kernel: None
no_interact: False
avg_score: 0.7196618914604187
median_score: 0.7188535928726196
std_score: 0.007317993324249983
percentiles: 2%=0.7072076797485352, 5%=0.7089735269546509, 10%=0.7105274796485901, 25%=0.7141894102096558, 50%=0.7188535928726196, 75%=0.7250367403030396, 90%=0.7284685373306274, 95%=0.7321372032165527, 98%=0.7357280850410461
ranking_best_algo: PBIL
ranking_best_score: 0.7170882103515624
ranking_my_rank: 1/504 (100.0%)
ranking_my_percent: 100.0
