ConfigName: kjsd__advperagentrankweighted__M3__L20__eps0p005__g0p003__ds0p05__dm0p2
Problem: QUBO
Kernel: jsd
Advantage: peragentrankweighted
M: 3
lambda: 20
epsilon_svgd: 0.005
gamma: 0.003
decay_start_ratio: 0.05
decay_min_factor: 0.2
bandwith_kernel: None
no_interact: False
avg_score: -138.77999877929688
median_score: -140.5
std_score: 11.172805786132812
percentiles: 2%=-160.0, 5%=-156.10000610351562, 10%=-151.1999969482422, 25%=-146.0, 50%=-140.5, 75%=-131.0, 90%=-126.80000305175781, 95%=-120.9000015258789, 98%=-111.95999908447266
ranking_best_algo: DiscreteDE
ranking_best_score: 143.4
ranking_my_rank: 96/504 (81.2%)
ranking_my_percent: 81.15079365079364
