ConfigName: krbf__advnormalizedfitness__M3__L10__eps0p025__g0p01__ds0p05__dm0p05
Problem: NK
Kernel: rbf
Advantage: normalizedfitness
M: 3
lambda: 10
epsilon_svgd: 0.025
gamma: 0.01
decay_start_ratio: 0.05
decay_min_factor: 0.05
bandwith_kernel: None
no_interact: False
avg_score: 0.7107580304145813
median_score: 0.7112312316894531
std_score: 0.015075385570526123
percentiles: 2%=0.673356831073761, 5%=0.6737565398216248, 10%=0.696825385093689, 25%=0.7074048519134521, 50%=0.7112312316894531, 75%=0.7196453809738159, 90%=0.7255867719650269, 95%=0.7323095202445984, 98%=0.7328488230705261
ranking_best_algo: CMApara
ranking_best_score: 0.707475975
ranking_my_rank: 1/504 (100.0%)
ranking_my_percent: 100.0
