ConfigName: krbf__advnormalizedfitness__M4__L10__eps0p02__g0p01__ds0p15__dm0p05
Problem: NK
Kernel: rbf
Advantage: normalizedfitness
M: 4
lambda: 10
epsilon_svgd: 0.02
gamma: 0.01
decay_start_ratio: 0.15
decay_min_factor: 0.05
bandwith_kernel: None
no_interact: False
avg_score: 0.6957784295082092
median_score: 0.6948812007904053
std_score: 0.019763341173529625
percentiles: 2%=0.6639873385429382, 5%=0.6660363674163818, 10%=0.6699053049087524, 25%=0.6789196729660034, 50%=0.6948812007904053, 75%=0.7122746706008911, 90%=0.7202374339103699, 95%=0.7260522842407227, 98%=0.7353348731994629
ranking_best_algo: Tabu
ranking_best_score: 0.7601875690625
ranking_my_rank: 308/504 (39.1%)
ranking_my_percent: 39.08730158730159
