ConfigName: kjsd__advperagentrankweighted__M3__L16__eps0p007__g0p0005__ds0p1__dm0p2
Problem: QUBO
Kernel: jsd
Advantage: peragentrankweighted
M: 3
lambda: 16
epsilon_svgd: 0.007
gamma: 0.0005
decay_start_ratio: 0.1
decay_min_factor: 0.2
bandwith_kernel: None
no_interact: False
avg_score: -1246.3800048828125
median_score: -1243.5
std_score: 61.449127197265625
percentiles: 2%=-1384.1600341796875, 5%=-1333.6500244140625, 10%=-1323.5999755859375, 25%=-1288.25, 50%=-1243.5, 75%=-1211.0, 90%=-1168.5999755859375, 95%=-1149.5999755859375, 98%=-1132.5799560546875
ranking_best_algo: SVMMetaModelLogNormal
ranking_best_score: 1233.7999999999997
ranking_my_rank: 1/504 (100.0%)
ranking_my_percent: 100.0
