ConfigName: kjsd__advperagentrankweighted__M4__L8__eps0p005__g0p0005__ds0p05__dm0p2
Problem: QUBO
Kernel: jsd
Advantage: peragentrankweighted
M: 4
lambda: 8
epsilon_svgd: 0.005
gamma: 0.0005
decay_start_ratio: 0.05
decay_min_factor: 0.2
bandwith_kernel: None
no_interact: False
avg_score: -942.6599731445312
median_score: -945.5
std_score: 63.65519714355469
percentiles: 2%=-1074.0400390625, 5%=-1048.699951171875, 10%=-1023.7999877929688, 25%=-992.0, 50%=-945.5, 75%=-898.0, 90%=-856.7000122070312, 95%=-838.9500122070312, 98%=-834.6400146484375
ranking_best_algo: CMApara
ranking_best_score: 964.9
ranking_my_rank: 3/504 (99.6%)
ranking_my_percent: 99.60317460317461
