ConfigName: kjsd__advperagentrankweighted__M5__L10__eps0p03__g0p0003__ds0p05__dm0p05
Problem: QUBO
Kernel: jsd
Advantage: peragentrankweighted
M: 5
lambda: 10
epsilon_svgd: 0.03
gamma: 0.0003
decay_start_ratio: 0.05
decay_min_factor: 0.05
bandwith_kernel: None
no_interact: False
avg_score: -413.5400085449219
median_score: -416.0
std_score: 25.877952575683594
percentiles: 2%=-465.0400085449219, 5%=-455.1000061035156, 10%=-446.5, 25%=-428.0, 50%=-416.0, 75%=-395.75, 90%=-378.79998779296875, 95%=-373.8999938964844, 98%=-358.0
ranking_best_algo: CMAL3
ranking_best_score: 435.36
ranking_my_rank: 132/504 (74.0%)
ranking_my_percent: 74.0079365079365
