ConfigName: krbf__advnormalizedfitness__M3__L10__eps0p015__g0p005__ds0p3__dm0p01
Problem: QUBO
Kernel: rbf
Advantage: normalizedfitness
M: 3
lambda: 10
epsilon_svgd: 0.015
gamma: 0.005
decay_start_ratio: 0.3
decay_min_factor: 0.01
bandwith_kernel: None
no_interact: False
avg_score: -332.4800109863281
median_score: -339.0
std_score: 22.454612731933594
percentiles: 2%=-372.0, 5%=-372.0, 10%=-357.0, 25%=-343.75, 50%=-339.0, 75%=-319.5, 90%=-298.0, 95%=-291.9000244140625, 98%=-282.0
ranking_best_algo: CMApara
ranking_best_score: 344.22
ranking_my_rank: 72/504 (85.9%)
ranking_my_percent: 85.91269841269842
