ConfigName: kjsd__advperagentrankweighted__M4__L24__eps0p008__g0p0005__ds0p05__dm0p05
Problem: QUBO
Kernel: jsd
Advantage: peragentrankweighted
M: 4
lambda: 24
epsilon_svgd: 0.008
gamma: 0.0005
decay_start_ratio: 0.05
decay_min_factor: 0.05
bandwith_kernel: None
no_interact: False
avg_score: -2651.659912109375
median_score: -2640.5
std_score: 112.11994934082031
percentiles: 2%=-2885.0400390625, 5%=-2862.0, 10%=-2800.5, 25%=-2719.0, 50%=-2640.5, 75%=-2566.25, 90%=-2519.5, 95%=-2475.699951171875, 98%=-2437.219970703125
ranking_best_algo: DiscreteLengler2OnePlusOne
ranking_best_score: 2617.04
ranking_my_rank: 1/504 (100.0%)
ranking_my_percent: 100.0
