ConfigName: kjsd__advperagentrankweighted__M3__L30__eps0p007__g0p0005__ds0p2__dm0p05
Problem: QUBO
Kernel: jsd
Advantage: peragentrankweighted
M: 3
lambda: 30
epsilon_svgd: 0.007
gamma: 0.0005
decay_start_ratio: 0.2
decay_min_factor: 0.05
bandwith_kernel: None
no_interact: False
avg_score: -2651.699951171875
median_score: -2652.5
std_score: 130.30345153808594
percentiles: 2%=-2962.0400390625, 5%=-2836.550048828125, 10%=-2808.199951171875, 25%=-2742.25, 50%=-2652.5, 75%=-2550.25, 90%=-2491.800048828125, 95%=-2480.800048828125, 98%=-2385.89990234375
ranking_best_algo: DiscreteLengler2OnePlusOne
ranking_best_score: 2617.04
ranking_my_rank: 1/504 (100.0%)
ranking_my_percent: 100.0
