ConfigName: krbf__advnormalizedfitness__M4__L15__eps0p03__g0p001__ds0p05__dm0p05
Problem: QUBO
Kernel: rbf
Advantage: normalizedfitness
M: 4
lambda: 15
epsilon_svgd: 0.03
gamma: 0.001
decay_start_ratio: 0.05
decay_min_factor: 0.05
bandwith_kernel: None
no_interact: False
avg_score: -306.8800048828125
median_score: -305.0
std_score: 38.86573791503906
percentiles: 2%=-390.0400085449219, 5%=-384.1000061035156, 10%=-356.6000061035156, 25%=-334.0, 50%=-305.0, 75%=-274.0, 90%=-262.8999938964844, 95%=-253.6999969482422, 98%=-244.9600067138672
ranking_best_algo: CMApara
ranking_best_score: 319.29999999999995
ranking_my_rank: 110/504 (78.4%)
ranking_my_percent: 78.37301587301587
