ConfigName: krbf__advnormalizedfitness__M3__L15__eps0p015__g0p005__ds0p15__dm0p3
Problem: QUBO
Kernel: rbf
Advantage: normalizedfitness
M: 3
lambda: 15
epsilon_svgd: 0.015
gamma: 0.005
decay_start_ratio: 0.15
decay_min_factor: 0.3
bandwith_kernel: None
no_interact: False
avg_score: -309.9599914550781
median_score: -306.0
std_score: 38.03680419921875
percentiles: 2%=-396.0, 5%=-384.29998779296875, 10%=-360.79998779296875, 25%=-332.5, 50%=-306.0, 75%=-275.75, 90%=-265.8999938964844, 95%=-263.9000244140625, 98%=-261.97998046875
ranking_best_algo: CMApara
ranking_best_score: 319.29999999999995
ranking_my_rank: 67/504 (86.9%)
ranking_my_percent: 86.9047619047619
