ConfigName: kjsd__advperagentrankweighted__M5__L8__eps0p01__g0p003__ds0p05__dm0p05
Problem: QUBO
Kernel: jsd
Advantage: peragentrankweighted
M: 5
lambda: 8
epsilon_svgd: 0.01
gamma: 0.003
decay_start_ratio: 0.05
decay_min_factor: 0.05
bandwith_kernel: None
no_interact: False
avg_score: -448.7799987792969
median_score: -451.0
std_score: 22.523578643798828
percentiles: 2%=-485.1000061035156, 5%=-483.0, 10%=-475.3999938964844, 25%=-463.25, 50%=-451.0, 75%=-436.75, 90%=-412.79998779296875, 95%=-402.95001220703125, 98%=-397.79998779296875
ranking_best_algo: CMApara
ranking_best_score: 453.82
ranking_my_rank: 2/504 (99.8%)
ranking_my_percent: 99.8015873015873
