ConfigName: kjsd__advperagentrankweighted__M4__L12__eps0p005__g0p001__ds0p05__dm0p05
Problem: QUBO
Kernel: jsd
Advantage: peragentrankweighted
M: 4
lambda: 12
epsilon_svgd: 0.005
gamma: 0.001
decay_start_ratio: 0.05
decay_min_factor: 0.05
bandwith_kernel: None
no_interact: False
avg_score: -1302.9200439453125
median_score: -1302.5
std_score: 58.95976257324219
percentiles: 2%=-1429.0, 5%=-1405.300048828125, 10%=-1385.300048828125, 25%=-1342.25, 50%=-1302.5, 75%=-1261.75, 90%=-1226.5999755859375, 95%=-1211.75, 98%=-1181.0
ranking_best_algo: BigLognormalDiscreteOnePlusOne
ranking_best_score: 1301.3600000000004
ranking_my_rank: 1/504 (100.0%)
ranking_my_percent: 100.0
