ConfigName: kjsd__advperagentrankweighted__M2__L20__eps0p005__g0p0005__ds0p1__dm0p2
Problem: QUBO
Kernel: jsd
Advantage: peragentrankweighted
M: 2
lambda: 20
epsilon_svgd: 0.005
gamma: 0.0005
decay_start_ratio: 0.1
decay_min_factor: 0.2
bandwith_kernel: None
no_interact: False
avg_score: -433.1000061035156
median_score: -431.0
std_score: 27.23215103149414
percentiles: 2%=-483.1400146484375, 5%=-481.0, 10%=-472.0, 25%=-451.0, 50%=-431.0, 75%=-414.75, 90%=-397.8999938964844, 95%=-390.8500061035156, 98%=-379.0
ranking_best_algo: CMApara
ranking_best_score: 453.82
ranking_my_rank: 44/504 (91.5%)
ranking_my_percent: 91.46825396825396
