ConfigName: kjsd__advperagentrankweighted__M5__L24__eps0p005__g0p0005__ds0p3__dm0p05
Problem: QUBO
Kernel: jsd
Advantage: peragentrankweighted
M: 5
lambda: 24
epsilon_svgd: 0.005
gamma: 0.0005
decay_start_ratio: 0.3
decay_min_factor: 0.05
bandwith_kernel: None
no_interact: False
avg_score: -1536.52001953125
median_score: -1536.0
std_score: 94.2269058227539
percentiles: 2%=-1731.260009765625, 5%=-1703.050048828125, 10%=-1659.699951171875, 25%=-1614.0, 50%=-1536.0, 75%=-1462.75, 90%=-1435.5999755859375, 95%=-1382.5999755859375, 98%=-1362.6400146484375
ranking_best_algo: NLOPT_LN_PRAXIS
ranking_best_score: 1607.12
ranking_my_rank: 57/504 (88.9%)
ranking_my_percent: 88.88888888888889
