ConfigName: kfr__advglobalrankweighted__M2__L8__eps0p01__g0p003__ds0p01__dm0p01
Problem: QUBO
Kernel: fr
Advantage: globalrankweighted
M: 2
lambda: 8
epsilon_svgd: 0.01
gamma: 0.003
decay_start_ratio: 0.01
decay_min_factor: 0.01
bandwith_kernel: None
no_interact: False
avg_score: -432.2799987792969
median_score: -430.5
std_score: 27.54707908630371
percentiles: 2%=-487.0199890136719, 5%=-481.0, 10%=-472.1000061035156, 25%=-452.5, 50%=-430.5, 75%=-415.0, 90%=-396.0, 95%=-390.8500061035156, 98%=-383.91998291015625
ranking_best_algo: CMApara
ranking_best_score: 453.82
ranking_my_rank: 77/504 (84.9%)
ranking_my_percent: 84.92063492063492
