ConfigName: kjsd__advperagentrankweighted__M3__L16__eps0p005__g0p0007__ds0p1__dm0p1
Problem: QUBO
Kernel: jsd
Advantage: peragentrankweighted
M: 3
lambda: 16
epsilon_svgd: 0.005
gamma: 0.0007
decay_start_ratio: 0.1
decay_min_factor: 0.1
bandwith_kernel: None
no_interact: False
avg_score: -1247.56005859375
median_score: -1241.5
std_score: 65.60782623291016
percentiles: 2%=-1377.4200439453125, 5%=-1357.300048828125, 10%=-1331.5999755859375, 25%=-1290.25, 50%=-1241.5, 75%=-1206.0, 90%=-1168.199951171875, 95%=-1144.800048828125, 98%=-1126.97998046875
ranking_best_algo: SVMMetaModelLogNormal
ranking_best_score: 1233.7999999999997
ranking_my_rank: 1/504 (100.0%)
ranking_my_percent: 100.0
