ConfigName: krbf__advnormalizedfitness__M3__L12__eps0p033__g0p015__ds0p3__dm0p01
Problem: QUBO
Kernel: rbf
Advantage: normalizedfitness
M: 3
lambda: 12
epsilon_svgd: 0.033
gamma: 0.015
decay_start_ratio: 0.3
decay_min_factor: 0.01
bandwith_kernel: None
no_interact: False
avg_score: -888.4600219726562
median_score: -884.5
std_score: 67.53642272949219
percentiles: 2%=-1036.1600341796875, 5%=-1014.25, 10%=-973.7000122070312, 25%=-935.75, 50%=-884.5, 75%=-833.75, 90%=-810.7999877929688, 95%=-787.0, 98%=-775.8199462890625
ranking_best_algo: CMAL3
ranking_best_score: 928.5800000000002
ranking_my_rank: 101/504 (80.2%)
ranking_my_percent: 80.15873015873017
