ConfigName: krbf__advnormalizedfitness__M3__L8__eps0p03__g0p01__ds0p05__dm0p05
Problem: QUBO
Kernel: rbf
Advantage: normalizedfitness
M: 3
lambda: 8
epsilon_svgd: 0.03
gamma: 0.01
decay_start_ratio: 0.05
decay_min_factor: 0.05
bandwith_kernel: None
no_interact: False
avg_score: -579.8599853515625
median_score: -578.5
std_score: 28.842683792114258
percentiles: 2%=-635.0399780273438, 5%=-627.2000122070312, 10%=-621.0999755859375, 25%=-601.0, 50%=-578.5, 75%=-561.75, 90%=-544.7999877929688, 95%=-532.7000122070312, 98%=-524.780029296875
ranking_best_algo: Tabu
ranking_best_score: 588.7199999999999
ranking_my_rank: 40/503 (92.2%)
ranking_my_percent: 92.2465208747515
