ConfigName: krbf__advnormalizedfitness__M2__L10__eps0p025__g0p01__ds0p01__dm0p01
Problem: QUBO
Kernel: rbf
Advantage: normalizedfitness
M: 2
lambda: 10
epsilon_svgd: 0.025
gamma: 0.01
decay_start_ratio: 0.01
decay_min_factor: 0.01
bandwith_kernel: None
no_interact: False
avg_score: -3291.699951171875
median_score: -3275.5
std_score: 130.7136993408203
percentiles: 2%=-3569.6201171875, 5%=-3526.10009765625, 10%=-3458.800048828125, 25%=-3374.0, 50%=-3275.5, 75%=-3216.25, 90%=-3137.699951171875, 95%=-3083.199951171875, 98%=-3033.780029296875
ranking_best_algo: RLSOnePlusOne
ranking_best_score: 3316.5199999999995
ranking_my_rank: 3/504 (99.6%)
ranking_my_percent: 99.60317460317461
