ConfigName: kjsd__advperagentrankweighted__M6__L10__eps0p02__g0p0005__ds0p05__dm0p05
Problem: QUBO
Kernel: jsd
Advantage: peragentrankweighted
M: 6
lambda: 10
epsilon_svgd: 0.02
gamma: 0.0005
decay_start_ratio: 0.05
decay_min_factor: 0.05
bandwith_kernel: None
no_interact: False
avg_score: -332.4599914550781
median_score: -336.5
std_score: 21.692127227783203
percentiles: 2%=-372.0, 5%=-372.0, 10%=-354.0, 25%=-346.0, 50%=-336.5, 75%=-322.0, 90%=-300.8999938964844, 95%=-293.8999938964844, 98%=-281.9599914550781
ranking_best_algo: CMApara
ranking_best_score: 344.22
ranking_my_rank: 72/504 (85.9%)
ranking_my_percent: 85.91269841269842
