ConfigName: krbf__advnormalizedfitness__M3__L10__eps0p025__g0p007__ds0p3__dm0p3
Problem: NK
Kernel: rbf
Advantage: normalizedfitness
M: 3
lambda: 10
epsilon_svgd: 0.025
gamma: 0.007
decay_start_ratio: 0.3
decay_min_factor: 0.3
bandwith_kernel: None
no_interact: False
avg_score: 0.7538815140724182
median_score: 0.7546789050102234
std_score: 0.014206936582922935
percentiles: 2%=0.7229549884796143, 5%=0.7296314835548401, 10%=0.7332461476325989, 25%=0.7442405223846436, 50%=0.7546789050102234, 75%=0.7657379508018494, 90%=0.7713140249252319, 95%=0.7734565734863281, 98%=0.7758246660232544
ranking_best_algo: Tabu
ranking_best_score: 0.7657846284375001
ranking_my_rank: 9/504 (98.4%)
ranking_my_percent: 98.41269841269842
