ConfigName: kjsd__advperagentrankweighted__M5__L10__eps0p03__g0p0005__ds0p05__dm0p05
Problem: NK
Kernel: jsd
Advantage: peragentrankweighted
M: 5
lambda: 10
epsilon_svgd: 0.03
gamma: 0.0005
decay_start_ratio: 0.05
decay_min_factor: 0.05
bandwith_kernel: None
no_interact: False
avg_score: 0.7420477867126465
median_score: 0.7407403588294983
std_score: 0.015681181102991104
percentiles: 2%=0.7129566073417664, 5%=0.7194598317146301, 10%=0.7218179702758789, 25%=0.7315930128097534, 50%=0.7407403588294983, 75%=0.7507731914520264, 90%=0.7634962201118469, 95%=0.768303632736206, 98%=0.7732238173484802
ranking_best_algo: Tabu
ranking_best_score: 0.7657846284375001
ranking_my_rank: 63/504 (87.7%)
ranking_my_percent: 87.6984126984127
