ConfigName: kjsd__advperagentrankweighted__M4__L10__eps0p005__g0p0007__ds0p2__dm0p05
Problem: QUBO
Kernel: jsd
Advantage: peragentrankweighted
M: 4
lambda: 10
epsilon_svgd: 0.005
gamma: 0.0007
decay_start_ratio: 0.2
decay_min_factor: 0.05
bandwith_kernel: None
no_interact: False
avg_score: -2594.719970703125
median_score: -2591.0
std_score: 114.4005355834961
percentiles: 2%=-2811.179931640625, 5%=-2798.25, 10%=-2757.300048828125, 25%=-2671.5, 50%=-2591.0, 75%=-2516.75, 90%=-2460.89990234375, 95%=-2415.949951171875, 98%=-2390.9599609375
ranking_best_algo: SVM1MetaModelLogNormal
ranking_best_score: 2605.14
ranking_my_rank: 10/504 (98.2%)
ranking_my_percent: 98.21428571428571
