ConfigName: krbf__advnormalizedfitness__M4__L12__eps0p025__g0p015__ds0p01__dm0p3
Problem: NK
Kernel: rbf
Advantage: normalizedfitness
M: 4
lambda: 12
epsilon_svgd: 0.025
gamma: 0.015
decay_start_ratio: 0.01
decay_min_factor: 0.3
bandwith_kernel: None
no_interact: False
avg_score: 0.6613516211509705
median_score: 0.6614217758178711
std_score: 0.009896046482026577
percentiles: 2%=0.641262948513031, 5%=0.6444084644317627, 10%=0.6480787992477417, 25%=0.6548891663551331, 50%=0.6614217758178711, 75%=0.6680582761764526, 90%=0.6743984222412109, 95%=0.6762436628341675, 98%=0.6787864565849304
ranking_best_algo: PBIL
ranking_best_score: 0.7248786399609374
ranking_my_rank: 273/504 (46.0%)
ranking_my_percent: 46.03174603174603
