ConfigName: kjsd__advperagentrankweighted__M4__L8__eps0p005__g0p0005__ds0p2__dm0p2
Problem: QUBO
Kernel: jsd
Advantage: peragentrankweighted
M: 4
lambda: 8
epsilon_svgd: 0.005
gamma: 0.0005
decay_start_ratio: 0.2
decay_min_factor: 0.2
bandwith_kernel: None
no_interact: False
avg_score: -1251.97998046875
median_score: -1253.5
std_score: 59.10380172729492
percentiles: 2%=-1386.06005859375, 5%=-1352.699951171875, 10%=-1327.0999755859375, 25%=-1295.0, 50%=-1253.5, 75%=-1206.5, 90%=-1177.0, 95%=-1157.0, 98%=-1151.0
ranking_best_algo: SVMMetaModelLogNormal
ranking_best_score: 1233.7999999999997
ranking_my_rank: 1/504 (100.0%)
ranking_my_percent: 100.0
