ConfigName: kjsd__advperagentrankweighted__M4__L24__eps0p005__g0p0003__ds0p05__dm0p05
Problem: QUBO
Kernel: jsd
Advantage: peragentrankweighted
M: 4
lambda: 24
epsilon_svgd: 0.005
gamma: 0.0003
decay_start_ratio: 0.05
decay_min_factor: 0.05
bandwith_kernel: None
no_interact: False
avg_score: -442.5799865722656
median_score: -446.5
std_score: 27.998992919921875
percentiles: 2%=-492.0799865722656, 5%=-481.29998779296875, 10%=-475.0, 25%=-463.25, 50%=-446.5, 75%=-419.75, 90%=-406.0, 95%=-396.6000061035156, 98%=-384.9800109863281
ranking_best_algo: CMApara
ranking_best_score: 453.82
ranking_my_rank: 9/504 (98.4%)
ranking_my_percent: 98.41269841269842
