ConfigName: krbf__advnormalizedfitness__M4__L15__eps0p02__g0p01__ds0p15__dm0p05
Problem: QUBO
Kernel: rbf
Advantage: normalizedfitness
M: 4
lambda: 15
epsilon_svgd: 0.02
gamma: 0.01
decay_start_ratio: 0.15
decay_min_factor: 0.05
bandwith_kernel: None
no_interact: False
avg_score: -402.9599914550781
median_score: -399.0
std_score: 34.19354248046875
percentiles: 2%=-469.3399963378906, 5%=-460.1499938964844, 10%=-451.1000061035156, 25%=-427.75, 50%=-399.0, 75%=-380.0, 90%=-364.29998779296875, 95%=-349.45001220703125, 98%=-338.8800048828125
ranking_best_algo: CMApara
ranking_best_score: 453.82
ranking_my_rank: 264/504 (47.8%)
ranking_my_percent: 47.817460317460316
