ConfigName: kjsd__advperagentrankweighted__M5__L8__eps0p03__g0p0003__ds0p05__dm0p05
Problem: NK
Kernel: jsd
Advantage: peragentrankweighted
M: 5
lambda: 8
epsilon_svgd: 0.03
gamma: 0.0003
decay_start_ratio: 0.05
decay_min_factor: 0.05
bandwith_kernel: None
no_interact: False
avg_score: 0.7334115505218506
median_score: 0.7310514450073242
std_score: 0.017002055421471596
percentiles: 2%=0.7032718062400818, 5%=0.7088330984115601, 10%=0.712239682674408, 25%=0.7203254103660583, 50%=0.7310514450073242, 75%=0.7464481592178345, 90%=0.7576208710670471, 95%=0.7636072635650635, 98%=0.767475426197052
ranking_best_algo: Tabu
ranking_best_score: 0.7657846284375001
ranking_my_rank: 146/504 (71.2%)
ranking_my_percent: 71.23015873015873
