ConfigName: kjsd__advperagentrankweighted__M5__L10__eps0p005__g0p0003__ds0p2__dm0p05
Problem: QUBO
Kernel: jsd
Advantage: peragentrankweighted
M: 5
lambda: 10
epsilon_svgd: 0.005
gamma: 0.0003
decay_start_ratio: 0.2
decay_min_factor: 0.05
bandwith_kernel: None
no_interact: False
avg_score: -941.1400146484375
median_score: -941.0
std_score: 61.49016571044922
percentiles: 2%=-1072.0799560546875, 5%=-1034.449951171875, 10%=-1012.4000244140625, 25%=-984.5, 50%=-941.0, 75%=-896.0, 90%=-870.5999755859375, 95%=-838.5, 98%=-808.5999755859375
ranking_best_algo: CMApara
ranking_best_score: 964.9
ranking_my_rank: 5/504 (99.2%)
ranking_my_percent: 99.2063492063492
