ConfigName: kfr__advglobalrankweighted__M4__L24__eps0p015__g0p005__ds0p01__dm0p01
Problem: QUBO
Kernel: fr
Advantage: globalrankweighted
M: 4
lambda: 24
epsilon_svgd: 0.015
gamma: 0.005
decay_start_ratio: 0.01
decay_min_factor: 0.01
bandwith_kernel: None
no_interact: False
avg_score: -1144.97998046875
median_score: -1137.5
std_score: 73.27141571044922
percentiles: 2%=-1306.0999755859375, 5%=-1277.699951171875, 10%=-1247.5, 25%=-1193.25, 50%=-1137.5, 75%=-1098.0, 90%=-1057.300048828125, 95%=-1025.60009765625, 98%=-1010.9599609375
ranking_best_algo: Tabu
ranking_best_score: 1216.16
ranking_my_rank: 151/504 (70.2%)
ranking_my_percent: 70.23809523809524
