ConfigName: krbf__advnormalizedfitness__M4__L15__eps0p015__g0p007__ds0p3__dm0p3
Problem: QUBO
Kernel: rbf
Advantage: normalizedfitness
M: 4
lambda: 15
epsilon_svgd: 0.015
gamma: 0.007
decay_start_ratio: 0.3
decay_min_factor: 0.3
bandwith_kernel: None
no_interact: False
avg_score: -1055.8599853515625
median_score: -1037.0
std_score: 102.7740249633789
percentiles: 2%=-1282.9200439453125, 5%=-1251.300048828125, 10%=-1215.5, 25%=-1104.25, 50%=-1037.0, 75%=-974.0, 90%=-948.0, 95%=-936.9000244140625, 98%=-918.9599609375
ranking_best_algo: RLSOnePlusOne
ranking_best_score: 3316.5199999999995
ranking_my_rank: 393/504 (22.2%)
ranking_my_percent: 22.22222222222222
