ConfigName: kjsd__advperagentrankweighted__M3__L20__eps0p007__g0p0007__ds0p1__dm0p2
Problem: QUBO
Kernel: jsd
Advantage: peragentrankweighted
M: 3
lambda: 20
epsilon_svgd: 0.007
gamma: 0.0007
decay_start_ratio: 0.1
decay_min_factor: 0.2
bandwith_kernel: None
no_interact: False
avg_score: -1196.9599609375
median_score: -1185.5
std_score: 59.220760345458984
percentiles: 2%=-1345.43994140625, 5%=-1299.25, 10%=-1272.0999755859375, 25%=-1226.75, 50%=-1185.5, 75%=-1156.75, 90%=-1132.5999755859375, 95%=-1119.949951171875, 98%=-1093.8800048828125
ranking_best_algo: Tabu
ranking_best_score: 1216.16
ranking_my_rank: 46/504 (91.1%)
ranking_my_percent: 91.07142857142857
