ConfigName: krbf__advnormalizedfitness__M3__L10__eps0p025__g0p005__ds0p15__dm0p3
Problem: NK
Kernel: rbf
Advantage: normalizedfitness
M: 3
lambda: 10
epsilon_svgd: 0.025
gamma: 0.005
decay_start_ratio: 0.15
decay_min_factor: 0.3
bandwith_kernel: None
no_interact: False
avg_score: 0.7434683442115784
median_score: 0.7408133745193481
std_score: 0.028597379103302956
percentiles: 2%=0.6983351707458496, 5%=0.7039955258369446, 10%=0.7096471786499023, 25%=0.7251349091529846, 50%=0.7408133745193481, 75%=0.7583606839179993, 90%=0.778337299823761, 95%=0.8044298887252808, 98%=0.8109671473503113
ranking_best_algo: CMApara
ranking_best_score: 0.7459277895312499
ranking_my_rank: 11/504 (98.0%)
ranking_my_percent: 98.01587301587301
