ConfigName: krbf__advnormalizedfitness__M3__L24__eps0p02__g0p005__ds0p15__dm0p05
Problem: NK
Kernel: rbf
Advantage: normalizedfitness
M: 3
lambda: 24
epsilon_svgd: 0.02
gamma: 0.005
decay_start_ratio: 0.15
decay_min_factor: 0.05
bandwith_kernel: None
no_interact: False
avg_score: 0.599784255027771
median_score: 0.5975751876831055
std_score: 0.01449645310640335
percentiles: 2%=0.5786792635917664, 5%=0.5806925296783447, 10%=0.5846143364906311, 25%=0.5899857878684998, 50%=0.5975751876831055, 75%=0.6069369316101074, 90%=0.6173561811447144, 95%=0.6248210072517395, 98%=0.6330500841140747
ranking_best_algo: PBIL
ranking_best_score: 0.7170882103515624
ranking_my_rank: 360/504 (28.8%)
ranking_my_percent: 28.76984126984127
