ConfigName: kjsd__advperagentrankweighted__M4__L10__eps0p005__g0p0007__ds0p2__dm0p05
Problem: NK
Kernel: jsd
Advantage: peragentrankweighted
M: 4
lambda: 10
epsilon_svgd: 0.005
gamma: 0.0007
decay_start_ratio: 0.2
decay_min_factor: 0.05
bandwith_kernel: None
no_interact: False
avg_score: 0.7431891560554504
median_score: 0.743253231048584
std_score: 0.01309087686240673
percentiles: 2%=0.7172223925590515, 5%=0.7229055166244507, 10%=0.7237210869789124, 25%=0.7358518838882446, 50%=0.743253231048584, 75%=0.7510251998901367, 90%=0.7590721249580383, 95%=0.7631195783615112, 98%=0.7727625966072083
ranking_best_algo: Tabu
ranking_best_score: 0.7601875690625
ranking_my_rank: 8/504 (98.6%)
ranking_my_percent: 98.61111111111111
