ConfigName: kjsd__advperagentrankweighted__M4__L8__eps0p01__g0p0005__ds0p4__dm0p05
Problem: NK
Kernel: jsd
Advantage: peragentrankweighted
M: 4
lambda: 8
epsilon_svgd: 0.01
gamma: 0.0005
decay_start_ratio: 0.4
decay_min_factor: 0.05
bandwith_kernel: None
no_interact: False
avg_score: 0.746067225933075
median_score: 0.746116042137146
std_score: 0.01537176314741373
percentiles: 2%=0.7163411974906921, 5%=0.7233377695083618, 10%=0.7262787818908691, 25%=0.7354301810264587, 50%=0.746116042137146, 75%=0.7547060251235962, 90%=0.7682468295097351, 95%=0.7740951180458069, 98%=0.7767720818519592
ranking_best_algo: Tabu
ranking_best_score: 0.7657846284375001
ranking_my_rank: 42/504 (91.9%)
ranking_my_percent: 91.86507936507937
