ConfigName: krbf__advnormalizedfitness__M5__L24__eps0p025__g0p005__ds0p05__dm0p05
Problem: NK
Kernel: rbf
Advantage: normalizedfitness
M: 5
lambda: 24
epsilon_svgd: 0.025
gamma: 0.005
decay_start_ratio: 0.05
decay_min_factor: 0.05
bandwith_kernel: None
no_interact: False
avg_score: 0.6053152680397034
median_score: 0.6052547693252563
std_score: 0.008648878894746304
percentiles: 2%=0.5905954241752625, 5%=0.5924274325370789, 10%=0.5934106707572937, 25%=0.5990804433822632, 50%=0.6052547693252563, 75%=0.6101242303848267, 90%=0.6155605316162109, 95%=0.6212841868400574, 98%=0.6264400482177734
ranking_best_algo: Tabu
ranking_best_score: 0.7429702712499999
ranking_my_rank: 391/504 (22.6%)
ranking_my_percent: 22.61904761904762
