ConfigName: krbf__advnormalizedfitness__M3__L15__eps0p015__g0p015__ds0p3__dm0p01
Problem: NK
Kernel: rbf
Advantage: normalizedfitness
M: 3
lambda: 15
epsilon_svgd: 0.015
gamma: 0.015
decay_start_ratio: 0.3
decay_min_factor: 0.01
bandwith_kernel: None
no_interact: False
avg_score: 0.7414681911468506
median_score: 0.739923357963562
std_score: 0.030750561505556107
percentiles: 2%=0.6924096345901489, 5%=0.6990773677825928, 10%=0.702610969543457, 25%=0.7159034013748169, 50%=0.739923357963562, 75%=0.7562562227249146, 90%=0.777946949005127, 95%=0.8044298887252808, 98%=0.8064764738082886
ranking_best_algo: CMApara
ranking_best_score: 0.7459277895312499
ranking_my_rank: 26/504 (95.0%)
ranking_my_percent: 95.03968253968254
