ConfigName: kjsd__advperagentrankweighted__M3__L16__eps0p01__g0p001__ds0p1__dm0p05
Problem: QUBO
Kernel: jsd
Advantage: peragentrankweighted
M: 3
lambda: 16
epsilon_svgd: 0.01
gamma: 0.001
decay_start_ratio: 0.1
decay_min_factor: 0.05
bandwith_kernel: None
no_interact: False
avg_score: -1253.1199951171875
median_score: -1257.0
std_score: 65.8486557006836
percentiles: 2%=-1386.43994140625, 5%=-1374.4000244140625, 10%=-1332.199951171875, 25%=-1294.5, 50%=-1257.0, 75%=-1204.5, 90%=-1162.0, 95%=-1152.8499755859375, 98%=-1123.0
ranking_best_algo: SVMMetaModelLogNormal
ranking_best_score: 1233.7999999999997
ranking_my_rank: 1/504 (100.0%)
ranking_my_percent: 100.0
