ConfigName: krbf__advnormalizedfitness__M3__L8__eps0p015__g0p005__ds0p15__dm0p3
Problem: NK
Kernel: rbf
Advantage: normalizedfitness
M: 3
lambda: 8
epsilon_svgd: 0.015
gamma: 0.005
decay_start_ratio: 0.15
decay_min_factor: 0.3
bandwith_kernel: None
no_interact: False
avg_score: 0.7329906225204468
median_score: 0.7354011535644531
std_score: 0.00916601624339819
percentiles: 2%=0.7130135297775269, 5%=0.7153254747390747, 10%=0.7198532223701477, 25%=0.7267020344734192, 50%=0.7354011535644531, 75%=0.740141749382019, 90%=0.7439271807670593, 95%=0.7444552779197693, 98%=0.7458368539810181
ranking_best_algo: PBIL
ranking_best_score: 0.7248786399609374
ranking_my_rank: 1/504 (100.0%)
ranking_my_percent: 100.0
