ConfigName: kjsd__advperagentrankweighted__M5__L10__eps0p01__g0p0005__ds0p05__dm0p05
Problem: NK
Kernel: jsd
Advantage: peragentrankweighted
M: 5
lambda: 10
epsilon_svgd: 0.01
gamma: 0.0005
decay_start_ratio: 0.05
decay_min_factor: 0.05
bandwith_kernel: None
no_interact: False
avg_score: 0.7533085346221924
median_score: 0.7518467903137207
std_score: 0.011062148958444595
percentiles: 2%=0.7317221164703369, 5%=0.7372322082519531, 10%=0.7394277453422546, 25%=0.7452119588851929, 50%=0.7518467903137207, 75%=0.7619615197181702, 90%=0.7693166732788086, 95%=0.7717993855476379, 98%=0.7737515568733215
ranking_best_algo: Tabu
ranking_best_score: 0.7470791764843752
ranking_my_rank: 1/504 (100.0%)
ranking_my_percent: 100.0
