ConfigName: kjsd__advperagentrankweighted__M3__L20__eps0p007__g0p001__ds0p2__dm0p1
Problem: NK
Kernel: jsd
Advantage: peragentrankweighted
M: 3
lambda: 20
epsilon_svgd: 0.007
gamma: 0.001
decay_start_ratio: 0.2
decay_min_factor: 0.1
bandwith_kernel: None
no_interact: False
avg_score: 0.7547809481620789
median_score: 0.7563880681991577
std_score: 0.013567479327321053
percentiles: 2%=0.7276300191879272, 5%=0.7313897609710693, 10%=0.7355292439460754, 25%=0.7459894418716431, 50%=0.7563880681991577, 75%=0.7655829191207886, 90%=0.7721650004386902, 95%=0.7752861380577087, 98%=0.7771246433258057
ranking_best_algo: Tabu
ranking_best_score: 0.7657846284375001
ranking_my_rank: 7/504 (98.8%)
ranking_my_percent: 98.80952380952381
