ConfigName: krbf__advnormalizedfitness__M2__L8__eps0p015__g0p015__ds0p15__dm0p3
Problem: QUBO
Kernel: rbf
Advantage: normalizedfitness
M: 2
lambda: 8
epsilon_svgd: 0.015
gamma: 0.015
decay_start_ratio: 0.15
decay_min_factor: 0.3
bandwith_kernel: None
no_interact: False
avg_score: -2316.199951171875
median_score: -2290.0
std_score: 167.0404815673828
percentiles: 2%=-2620.320068359375, 5%=-2594.10009765625, 10%=-2540.5, 25%=-2437.75, 50%=-2290.0, 75%=-2188.25, 90%=-2115.800048828125, 95%=-2103.25, 98%=-2023.800048828125
ranking_best_algo: SVM1MetaModelLogNormal
ranking_best_score: 2605.14
ranking_my_rank: 153/504 (69.8%)
ranking_my_percent: 69.84126984126983
