ConfigName: kjsd__advperagentrankweighted__M3__L30__eps0p007__g0p0005__ds0p05__dm0p05
Problem: QUBO
Kernel: jsd
Advantage: peragentrankweighted
M: 3
lambda: 30
epsilon_svgd: 0.007
gamma: 0.0005
decay_start_ratio: 0.05
decay_min_factor: 0.05
bandwith_kernel: None
no_interact: False
avg_score: -200.5
median_score: -201.0
std_score: 12.556671142578125
percentiles: 2%=-224.0, 5%=-222.10000610351562, 10%=-219.1999969482422, 25%=-207.5, 50%=-201.0, 75%=-192.0, 90%=-184.0, 95%=-180.0, 98%=-173.0
ranking_best_algo: Tabu
ranking_best_score: 208.36000000000004
ranking_my_rank: 46/504 (91.1%)
ranking_my_percent: 91.07142857142857
