ConfigName: kjsd__advperagentrankweighted__M3__L16__eps0p005__g0p003__ds0p2__dm0p05
Problem: QUBO
Kernel: jsd
Advantage: peragentrankweighted
M: 3
lambda: 16
epsilon_svgd: 0.005
gamma: 0.003
decay_start_ratio: 0.2
decay_min_factor: 0.05
bandwith_kernel: None
no_interact: False
avg_score: -879.6599731445312
median_score: -874.0
std_score: 69.40306091308594
percentiles: 2%=-1028.06005859375, 5%=-1015.4500122070312, 10%=-968.0999755859375, 25%=-920.0, 50%=-874.0, 75%=-825.5, 90%=-797.0, 95%=-778.9500122070312, 98%=-760.8200073242188
ranking_best_algo: CMAL3
ranking_best_score: 928.5800000000002
ranking_my_rank: 121/504 (76.2%)
ranking_my_percent: 76.19047619047619
