ConfigName: kjsd__advperagentrankweighted__M3__L20__eps0p005__g0p003__ds0p2__dm0p2
Problem: NK
Kernel: jsd
Advantage: peragentrankweighted
M: 3
lambda: 20
epsilon_svgd: 0.005
gamma: 0.003
decay_start_ratio: 0.2
decay_min_factor: 0.2
bandwith_kernel: None
no_interact: False
avg_score: 0.7265747785568237
median_score: 0.7272308468818665
std_score: 0.0105644091963768
percentiles: 2%=0.7015354037284851, 5%=0.7080408334732056, 10%=0.7129472494125366, 25%=0.7197619676589966, 50%=0.7272308468818665, 75%=0.7350817918777466, 90%=0.7390059232711792, 95%=0.7409592866897583, 98%=0.7426987886428833
ranking_best_algo: PBIL
ranking_best_score: 0.730509098125
ranking_my_rank: 8/504 (98.6%)
ranking_my_percent: 98.61111111111111
