ConfigName: krbf__advnormalizedfitness__M3__L10__eps0p033__g0p01__ds0p3__dm0p01
Problem: QUBO
Kernel: rbf
Advantage: normalizedfitness
M: 3
lambda: 10
epsilon_svgd: 0.033
gamma: 0.01
decay_start_ratio: 0.3
decay_min_factor: 0.01
bandwith_kernel: None
no_interact: False
avg_score: -1197.1400146484375
median_score: -1195.5
std_score: 72.7285385131836
percentiles: 2%=-1352.0799560546875, 5%=-1331.449951171875, 10%=-1313.300048828125, 25%=-1228.75, 50%=-1195.5, 75%=-1144.0, 90%=-1117.5999755859375, 95%=-1089.75, 98%=-1080.97998046875
ranking_best_algo: SVMMetaModelLogNormal
ranking_best_score: 1233.7999999999997
ranking_my_rank: 58/504 (88.7%)
ranking_my_percent: 88.69047619047619
