ConfigName: kjsd__advperagentrankweighted__M3__L18__eps0p01__g0p0007__ds0p1__dm0p05
Problem: QUBO
Kernel: jsd
Advantage: peragentrankweighted
M: 3
lambda: 18
epsilon_svgd: 0.01
gamma: 0.0007
decay_start_ratio: 0.1
decay_min_factor: 0.05
bandwith_kernel: None
no_interact: False
avg_score: -2620.56005859375
median_score: -2613.5
std_score: 112.08928680419922
percentiles: 2%=-2851.199951171875, 5%=-2833.0, 10%=-2740.89990234375, 25%=-2701.25, 50%=-2613.5, 75%=-2551.75, 90%=-2480.0, 95%=-2470.64990234375, 98%=-2405.580078125
ranking_best_algo: SVM1MetaModelLogNormal
ranking_best_score: 2605.14
ranking_my_rank: 1/504 (100.0%)
ranking_my_percent: 100.0
