ConfigName: kjsd__advperagentrankweighted__M3__L20__eps0p007__g0p0007__ds0p05__dm0p05
Problem: NK
Kernel: jsd
Advantage: peragentrankweighted
M: 3
lambda: 20
epsilon_svgd: 0.007
gamma: 0.0007
decay_start_ratio: 0.05
decay_min_factor: 0.05
bandwith_kernel: None
no_interact: False
avg_score: 0.7410895824432373
median_score: 0.742436408996582
std_score: 0.013260186649858952
percentiles: 2%=0.713481605052948, 5%=0.7199737429618835, 10%=0.7253335118293762, 25%=0.7311261892318726, 50%=0.742436408996582, 75%=0.7489416599273682, 90%=0.7585262656211853, 95%=0.764543354511261, 98%=0.7663613557815552
ranking_best_algo: Tabu
ranking_best_score: 0.7601875690625
ranking_my_rank: 12/504 (97.8%)
ranking_my_percent: 97.81746031746032
