ConfigName: krbf__advnormalizedfitness__M4__L10__eps0p033__g0p015__ds0p15__dm0p3
Problem: NK
Kernel: rbf
Advantage: normalizedfitness
M: 4
lambda: 10
epsilon_svgd: 0.033
gamma: 0.015
decay_start_ratio: 0.15
decay_min_factor: 0.3
bandwith_kernel: None
no_interact: False
avg_score: 0.7251114845275879
median_score: 0.72627192735672
std_score: 0.011040088720619678
percentiles: 2%=0.7011039853096008, 5%=0.7059445381164551, 10%=0.7094364166259766, 25%=0.7196773886680603, 50%=0.72627192735672, 75%=0.7332621812820435, 90%=0.7381020188331604, 95%=0.7415425181388855, 98%=0.7432136535644531
ranking_best_algo: PBIL
ranking_best_score: 0.730509098125
ranking_my_rank: 13/504 (97.6%)
ranking_my_percent: 97.61904761904762
