ConfigName: kjsd__advperagentrankweighted__M10__L10__eps0p005__g0p0005__ds0p3__dm0p05
Problem: QUBO
Kernel: jsd
Advantage: peragentrankweighted
M: 10
lambda: 10
epsilon_svgd: 0.005
gamma: 0.0005
decay_start_ratio: 0.3
decay_min_factor: 0.05
bandwith_kernel: None
no_interact: False
avg_score: -1021.760009765625
median_score: -1012.0
std_score: 78.87459564208984
percentiles: 2%=-1205.0400390625, 5%=-1177.4000244140625, 10%=-1151.0999755859375, 25%=-1061.5, 50%=-1012.0, 75%=-962.0, 90%=-932.7000122070312, 95%=-905.0, 98%=-897.9400024414062
ranking_best_algo: SVMMetaModelLogNormal
ranking_best_score: 1233.7999999999997
ranking_my_rank: 216/504 (57.3%)
ranking_my_percent: 57.34126984126984
