ConfigName: krbf__advnormalizedfitness__M4__L8__eps0p033__g0p007__ds0p01__dm0p01
Problem: QUBO
Kernel: rbf
Advantage: normalizedfitness
M: 4
lambda: 8
epsilon_svgd: 0.033
gamma: 0.007
decay_start_ratio: 0.01
decay_min_factor: 0.01
bandwith_kernel: None
no_interact: False
avg_score: -2556.280029296875
median_score: -2553.0
std_score: 137.0338592529297
percentiles: 2%=-2816.47998046875, 5%=-2767.89990234375, 10%=-2733.699951171875, 25%=-2651.75, 50%=-2553.0, 75%=-2466.75, 90%=-2386.89990234375, 95%=-2331.949951171875, 98%=-2292.5595703125
ranking_best_algo: DiscreteLengler2OnePlusOne
ranking_best_score: 2617.04
ranking_my_rank: 53/504 (89.7%)
ranking_my_percent: 89.68253968253968
