ConfigName: krbf__advnormalizedfitness__M4__L10__eps0p015__g0p005__ds0p01__dm0p01
Problem: NK
Kernel: rbf
Advantage: normalizedfitness
M: 4
lambda: 10
epsilon_svgd: 0.015
gamma: 0.005
decay_start_ratio: 0.01
decay_min_factor: 0.01
bandwith_kernel: None
no_interact: False
avg_score: 0.7371437549591064
median_score: 0.7382848262786865
std_score: 0.008923280984163284
percentiles: 2%=0.7168912291526794, 5%=0.7215111255645752, 10%=0.7229841947555542, 25%=0.7321446537971497, 50%=0.7382848262786865, 75%=0.7439080476760864, 90%=0.7470737099647522, 95%=0.7507239580154419, 98%=0.75242680311203
ranking_best_algo: PBIL
ranking_best_score: 0.730509098125
ranking_my_rank: 1/504 (100.0%)
ranking_my_percent: 100.0
