ConfigName: kjsd__advperagentrankweighted__M4__L12__eps0p005__g0p0003__ds0p4__dm0p05
Problem: QUBO
Kernel: jsd
Advantage: peragentrankweighted
M: 4
lambda: 12
epsilon_svgd: 0.005
gamma: 0.0003
decay_start_ratio: 0.4
decay_min_factor: 0.05
bandwith_kernel: None
no_interact: False
avg_score: -328.9800109863281
median_score: -329.0
std_score: 21.93717384338379
percentiles: 2%=-372.0, 5%=-361.0, 10%=-355.20001220703125, 25%=-343.0, 50%=-329.0, 75%=-312.0, 90%=-300.0, 95%=-290.0, 98%=-285.8399963378906
ranking_best_algo: CMApara
ranking_best_score: 344.22
ranking_my_rank: 83/504 (83.7%)
ranking_my_percent: 83.73015873015873
