ConfigName: kjsd__advperagentrankweighted__M3__L24__eps0p005__g0p001__ds0p05__dm0p2
Problem: QUBO
Kernel: jsd
Advantage: peragentrankweighted
M: 3
lambda: 24
epsilon_svgd: 0.005
gamma: 0.001
decay_start_ratio: 0.05
decay_min_factor: 0.2
bandwith_kernel: None
no_interact: False
avg_score: -1280.6400146484375
median_score: -1279.0
std_score: 60.807315826416016
percentiles: 2%=-1388.1199951171875, 5%=-1376.550048828125, 10%=-1357.5999755859375, 25%=-1326.0, 50%=-1279.0, 75%=-1240.5, 90%=-1210.4000244140625, 95%=-1182.199951171875, 98%=-1144.9200439453125
ranking_best_algo: BigLognormalDiscreteOnePlusOne
ranking_best_score: 1301.3600000000004
ranking_my_rank: 31/504 (94.0%)
ranking_my_percent: 94.04761904761905
