ConfigName: kjsd__advperagentrankweighted__M3__L20__eps0p007__g0p0007__ds0p1__dm0p1
Problem: QUBO
Kernel: jsd
Advantage: peragentrankweighted
M: 3
lambda: 20
epsilon_svgd: 0.007
gamma: 0.0007
decay_start_ratio: 0.1
decay_min_factor: 0.1
bandwith_kernel: None
no_interact: False
avg_score: -3308.56005859375
median_score: -3299.0
std_score: 124.39117431640625
percentiles: 2%=-3577.0, 5%=-3558.0, 10%=-3470.5, 25%=-3370.5, 50%=-3299.0, 75%=-3230.0, 90%=-3170.89990234375, 95%=-3126.89990234375, 98%=-3025.739990234375
ranking_best_algo: RLSOnePlusOne
ranking_best_score: 3316.5199999999995
ranking_my_rank: 2/504 (99.8%)
ranking_my_percent: 99.8015873015873
