ConfigName: kjsd__advperagentrankweighted__M6__L8__eps0p03__g0p0003__ds0p05__dm0p05
Problem: QUBO
Kernel: jsd
Advantage: peragentrankweighted
M: 6
lambda: 8
epsilon_svgd: 0.03
gamma: 0.0003
decay_start_ratio: 0.05
decay_min_factor: 0.05
bandwith_kernel: None
no_interact: False
avg_score: -306.55999755859375
median_score: -308.0
std_score: 40.60795974731445
percentiles: 2%=-396.0400085449219, 5%=-388.1000061035156, 10%=-359.3999938964844, 25%=-332.5, 50%=-308.0, 75%=-269.75, 90%=-260.0, 95%=-257.95001220703125, 98%=-249.94000244140625
ranking_best_algo: CMApara
ranking_best_score: 319.29999999999995
ranking_my_rank: 113/504 (77.8%)
ranking_my_percent: 77.77777777777777
