ConfigName: kjsd__advperagentrankweighted__M5__L8__eps0p02__g0p0003__ds0p2__dm0p05
Problem: QUBO
Kernel: jsd
Advantage: peragentrankweighted
M: 5
lambda: 8
epsilon_svgd: 0.02
gamma: 0.0003
decay_start_ratio: 0.2
decay_min_factor: 0.05
bandwith_kernel: None
no_interact: False
avg_score: -1203.0
median_score: -1196.0
std_score: 57.638702392578125
percentiles: 2%=-1345.0799560546875, 5%=-1296.25, 10%=-1283.0999755859375, 25%=-1241.0, 50%=-1196.0, 75%=-1160.75, 90%=-1132.9000244140625, 95%=-1118.75, 98%=-1107.8199462890625
ranking_best_algo: SVMMetaModelLogNormal
ranking_best_score: 1233.7999999999997
ranking_my_rank: 53/504 (89.7%)
ranking_my_percent: 89.68253968253968
