ConfigName: krbf__advnormalizedfitness__M3__L8__eps0p015__g0p015__ds0p3__dm0p3
Problem: QUBO
Kernel: rbf
Advantage: normalizedfitness
M: 3
lambda: 8
epsilon_svgd: 0.015
gamma: 0.015
decay_start_ratio: 0.3
decay_min_factor: 0.3
bandwith_kernel: None
no_interact: False
avg_score: -447.3800048828125
median_score: -449.0
std_score: 51.566036224365234
percentiles: 2%=-538.0399780273438, 5%=-524.25, 10%=-511.29998779296875, 25%=-489.0, 50%=-449.0, 75%=-410.5, 90%=-384.70001220703125, 95%=-365.9000244140625, 98%=-340.7199401855469
ranking_best_algo: Tabu
ranking_best_score: 588.7199999999999
ranking_my_rank: 326/503 (35.4%)
ranking_my_percent: 35.387673956262425
