ConfigName: kjsd__advperagentrankweighted__M5__L24__eps0p03__g0p0003__ds0p2__dm0p05
Problem: NK
Kernel: jsd
Advantage: peragentrankweighted
M: 5
lambda: 24
epsilon_svgd: 0.03
gamma: 0.0003
decay_start_ratio: 0.2
decay_min_factor: 0.05
bandwith_kernel: None
no_interact: False
avg_score: 0.7092083692550659
median_score: 0.7106958031654358
std_score: 0.0153576098382473
percentiles: 2%=0.6694884896278381, 5%=0.6705662608146667, 10%=0.6951411366462708, 25%=0.7068355679512024, 50%=0.7106958031654358, 75%=0.7181552648544312, 90%=0.7245926856994629, 95%=0.7319486141204834, 98%=0.7322964072227478
ranking_best_algo: CMApara
ranking_best_score: 0.707475975
ranking_my_rank: 1/504 (100.0%)
ranking_my_percent: 100.0
