ConfigName: kjsd__advperagentrankweighted__M10__L10__eps0p005__g0p0005__ds0p3__dm0p05
Problem: NK
Kernel: jsd
Advantage: peragentrankweighted
M: 10
lambda: 10
epsilon_svgd: 0.005
gamma: 0.0005
decay_start_ratio: 0.3
decay_min_factor: 0.05
bandwith_kernel: None
no_interact: False
avg_score: 0.7519285082817078
median_score: 0.7517111897468567
std_score: 0.012883054092526436
percentiles: 2%=0.7241129279136658, 5%=0.7314412593841553, 10%=0.735365092754364, 25%=0.743993878364563, 50%=0.7517111897468567, 75%=0.7599281668663025, 90%=0.7669672966003418, 95%=0.768873929977417, 98%=0.7776705622673035
ranking_best_algo: Tabu
ranking_best_score: 0.7657846284375001
ranking_my_rank: 14/504 (97.4%)
ranking_my_percent: 97.42063492063492
