ConfigName: kjsd__advperagentrankweighted__M4__L20__eps0p007__g0p0005__ds0p1__dm0p05
Problem: QUBO
Kernel: jsd
Advantage: peragentrankweighted
M: 4
lambda: 20
epsilon_svgd: 0.007
gamma: 0.0005
decay_start_ratio: 0.1
decay_min_factor: 0.05
bandwith_kernel: None
no_interact: False
avg_score: -2643.159912109375
median_score: -2646.0
std_score: 116.60057067871094
percentiles: 2%=-2864.6201171875, 5%=-2826.14990234375, 10%=-2783.199951171875, 25%=-2725.25, 50%=-2646.0, 75%=-2564.75, 90%=-2493.800048828125, 95%=-2451.89990234375, 98%=-2424.679931640625
ranking_best_algo: DiscreteLengler2OnePlusOne
ranking_best_score: 2617.04
ranking_my_rank: 1/504 (100.0%)
ranking_my_percent: 100.0
