ConfigName: kjsd__advperagentrankweighted__M5__L10__eps0p005__g0p003__ds0p4__dm0p2
Problem: NK
Kernel: jsd
Advantage: peragentrankweighted
M: 5
lambda: 10
epsilon_svgd: 0.005
gamma: 0.003
decay_start_ratio: 0.4
decay_min_factor: 0.2
bandwith_kernel: None
no_interact: False
avg_score: 0.7413793206214905
median_score: 0.7389167547225952
std_score: 0.031131956726312637
percentiles: 2%=0.6894422769546509, 5%=0.6985032558441162, 10%=0.7035999298095703, 25%=0.7151379585266113, 50%=0.7389167547225952, 75%=0.7576157450675964, 90%=0.7783373594284058, 95%=0.805370032787323, 98%=0.8118547797203064
ranking_best_algo: CMApara
ranking_best_score: 0.7459277895312499
ranking_my_rank: 26/504 (95.0%)
ranking_my_percent: 95.03968253968254
