ConfigName: kjsd__advperagentrankweighted__M4__L8__eps0p03__g0p0007__ds0p2__dm0p05
Problem: QUBO
Kernel: jsd
Advantage: peragentrankweighted
M: 4
lambda: 8
epsilon_svgd: 0.03
gamma: 0.0007
decay_start_ratio: 0.2
decay_min_factor: 0.05
bandwith_kernel: None
no_interact: False
avg_score: -563.0399780273438
median_score: -562.0
std_score: 33.2294807434082
percentiles: 2%=-633.0399780273438, 5%=-615.2000122070312, 10%=-607.2000122070312, 25%=-586.5, 50%=-562.0, 75%=-540.75, 90%=-521.0, 95%=-515.5999755859375, 98%=-495.9599914550781
ranking_best_algo: Tabu
ranking_best_score: 588.7199999999999
ranking_my_rank: 94/503 (81.5%)
ranking_my_percent: 81.51093439363817
