ConfigName: krbf__advnormalizedfitness__M3__L15__eps0p025__g0p01__ds0p01__dm0p3
Problem: NK
Kernel: rbf
Advantage: normalizedfitness
M: 3
lambda: 15
epsilon_svgd: 0.025
gamma: 0.01
decay_start_ratio: 0.01
decay_min_factor: 0.3
bandwith_kernel: None
no_interact: False
avg_score: 0.6883638501167297
median_score: 0.6867797374725342
std_score: 0.02268265001475811
percentiles: 2%=0.6516485810279846, 5%=0.654597282409668, 10%=0.6578786969184875, 25%=0.6725518703460693, 50%=0.6867797374725342, 75%=0.701511025428772, 90%=0.7221923470497131, 95%=0.729202389717102, 98%=0.7342048287391663
ranking_best_algo: Tabu
ranking_best_score: 0.7601875690625
ranking_my_rank: 315/504 (37.7%)
ranking_my_percent: 37.698412698412696
