ConfigName: kjsd__advperagentrankweighted__M3__L16__eps0p007__g0p001__ds0p2__dm0p05
Problem: QUBO
Kernel: jsd
Advantage: peragentrankweighted
M: 3
lambda: 16
epsilon_svgd: 0.007
gamma: 0.001
decay_start_ratio: 0.2
decay_min_factor: 0.05
bandwith_kernel: None
no_interact: False
avg_score: -423.1000061035156
median_score: -423.0
std_score: 28.0618953704834
percentiles: 2%=-477.0799865722656, 5%=-471.0, 10%=-459.3999938964844, 25%=-438.0, 50%=-423.0, 75%=-405.75, 90%=-386.8999938964844, 95%=-380.79998779296875, 98%=-359.79998779296875
ranking_best_algo: CMAL3
ranking_best_score: 435.36
ranking_my_rank: 33/504 (93.7%)
ranking_my_percent: 93.65079365079364
