ConfigName: kjsd__advperagentrankweighted__M3__L16__eps0p01__g0p0007__ds0p2__dm0p05
Problem: QUBO
Kernel: jsd
Advantage: peragentrankweighted
M: 3
lambda: 16
epsilon_svgd: 0.01
gamma: 0.0007
decay_start_ratio: 0.2
decay_min_factor: 0.05
bandwith_kernel: None
no_interact: False
avg_score: -577.1799926757812
median_score: -576.5
std_score: 26.61968231201172
percentiles: 2%=-629.1599731445312, 5%=-623.2000122070312, 10%=-614.0999755859375, 25%=-594.25, 50%=-576.5, 75%=-558.0, 90%=-542.0, 95%=-536.9500122070312, 98%=-532.8800048828125
ranking_best_algo: Tabu
ranking_best_score: 588.7199999999999
ranking_my_rank: 47/503 (90.9%)
ranking_my_percent: 90.85487077534792
