ConfigName: kjsd__advperagentrankweighted__M3__L16__eps0p01__g0p0005__ds0p05__dm0p05
Problem: QUBO
Kernel: jsd
Advantage: peragentrankweighted
M: 3
lambda: 16
epsilon_svgd: 0.01
gamma: 0.0005
decay_start_ratio: 0.05
decay_min_factor: 0.05
bandwith_kernel: None
no_interact: False
avg_score: -576.260009765625
median_score: -574.5
std_score: 27.616161346435547
percentiles: 2%=-623.0399780273438, 5%=-617.0, 10%=-613.0, 25%=-595.5, 50%=-574.5, 75%=-560.0, 90%=-542.7999877929688, 95%=-523.6500244140625, 98%=-511.0
ranking_best_algo: Tabu
ranking_best_score: 588.7199999999999
ranking_my_rank: 56/503 (89.1%)
ranking_my_percent: 89.06560636182903
