ConfigName: kjsd__advperagentrankweighted__M3__L18__eps0p007__g0p003__ds0p05__dm0p05
Problem: QUBO
Kernel: jsd
Advantage: peragentrankweighted
M: 3
lambda: 18
epsilon_svgd: 0.007
gamma: 0.003
decay_start_ratio: 0.05
decay_min_factor: 0.05
bandwith_kernel: None
no_interact: False
avg_score: -331.4800109863281
median_score: -334.0
std_score: 17.772157669067383
percentiles: 2%=-357.0, 5%=-354.0, 10%=-352.20001220703125, 25%=-343.0, 50%=-334.0, 75%=-320.0, 90%=-303.8999938964844, 95%=-296.0, 98%=-293.9200134277344
ranking_best_algo: CMApara
ranking_best_score: 344.22
ranking_my_rank: 76/504 (85.1%)
ranking_my_percent: 85.11904761904762
