ConfigName: kjsd__advperagentrankweighted__M3__L18__eps0p01__g0p003__ds0p2__dm0p2
Problem: QUBO
Kernel: jsd
Advantage: peragentrankweighted
M: 3
lambda: 18
epsilon_svgd: 0.01
gamma: 0.003
decay_start_ratio: 0.2
decay_min_factor: 0.2
bandwith_kernel: None
no_interact: False
avg_score: -148.39999389648438
median_score: -146.0
std_score: 13.212115287780762
percentiles: 2%=-179.0, 5%=-179.0, 10%=-164.0, 25%=-155.0, 50%=-146.0, 75%=-139.0, 90%=-135.89999389648438, 95%=-133.64999389648438, 98%=-123.81999969482422
ranking_best_algo: CMApara
ranking_best_score: 154.28
ranking_my_rank: 84/504 (83.5%)
ranking_my_percent: 83.53174603174604
