ConfigName: kjsd__advperagentrankweighted__M3__L24__eps0p007__g0p001__ds0p05__dm0p1
Problem: NK
Kernel: jsd
Advantage: peragentrankweighted
M: 3
lambda: 24
epsilon_svgd: 0.007
gamma: 0.001
decay_start_ratio: 0.05
decay_min_factor: 0.1
bandwith_kernel: None
no_interact: False
avg_score: 0.7569987773895264
median_score: 0.7569894194602966
std_score: 0.0113027673214674
percentiles: 2%=0.7379213571548462, 5%=0.7405773401260376, 10%=0.7418492436408997, 25%=0.7496908903121948, 50%=0.7569894194602966, 75%=0.7650597095489502, 90%=0.770010769367218, 95%=0.7742064595222473, 98%=0.7820178866386414
ranking_best_algo: Tabu
ranking_best_score: 0.7470791764843752
ranking_my_rank: 1/504 (100.0%)
ranking_my_percent: 100.0
