ConfigName: kjsd__advperagentrankweighted__M4__L20__eps0p007__g0p0005__ds0p2__dm0p1
Problem: QUBO
Kernel: jsd
Advantage: peragentrankweighted
M: 4
lambda: 20
epsilon_svgd: 0.007
gamma: 0.0005
decay_start_ratio: 0.2
decay_min_factor: 0.1
bandwith_kernel: None
no_interact: False
avg_score: -147.82000732421875
median_score: -146.0
std_score: 13.539851188659668
percentiles: 2%=-179.0, 5%=-179.0, 10%=-160.0, 25%=-155.0, 50%=-146.0, 75%=-140.0, 90%=-132.89999389648438, 95%=-130.85000610351562, 98%=-119.9000015258789
ranking_best_algo: CMApara
ranking_best_score: 154.28
ranking_my_rank: 90/504 (82.3%)
ranking_my_percent: 82.34126984126983
