ConfigName: krbf__advnormalizedfitness__M4__L8__eps0p033__g0p005__ds0p15__dm0p01
Problem: NK
Kernel: rbf
Advantage: normalizedfitness
M: 4
lambda: 8
epsilon_svgd: 0.033
gamma: 0.005
decay_start_ratio: 0.15
decay_min_factor: 0.01
bandwith_kernel: None
no_interact: False
avg_score: 0.7409540414810181
median_score: 0.7409294843673706
std_score: 0.011126574128866196
percentiles: 2%=0.7174147367477417, 5%=0.7244959473609924, 10%=0.7277818918228149, 25%=0.7346120476722717, 50%=0.7409294843673706, 75%=0.7460840344429016, 90%=0.754845380783081, 95%=0.7621850371360779, 98%=0.7656480669975281
ranking_best_algo: PBIL
ranking_best_score: 0.733570253046875
ranking_my_rank: 1/504 (100.0%)
ranking_my_percent: 100.0
