ConfigName: kjsd__advperagentrankweighted__M3__L30__eps0p005__g0p0005__ds0p05__dm0p1
Problem: NK
Kernel: jsd
Advantage: peragentrankweighted
M: 3
lambda: 30
epsilon_svgd: 0.005
gamma: 0.0005
decay_start_ratio: 0.05
decay_min_factor: 0.1
bandwith_kernel: None
no_interact: False
avg_score: 0.7426615357398987
median_score: 0.7437084913253784
std_score: 0.01409171149134636
percentiles: 2%=0.7149819135665894, 5%=0.7194181084632874, 10%=0.7246748208999634, 25%=0.7326852679252625, 50%=0.7437084913253784, 75%=0.7534567713737488, 90%=0.7609124779701233, 95%=0.7654736042022705, 98%=0.768862247467041
ranking_best_algo: Tabu
ranking_best_score: 0.7601875690625
ranking_my_rank: 10/504 (98.2%)
ranking_my_percent: 98.21428571428571
