ConfigName: kjsd__advperagentrankweighted__M5__L24__eps0p008__g0p0005__ds0p05__dm0p05
Problem: QUBO
Kernel: jsd
Advantage: peragentrankweighted
M: 5
lambda: 24
epsilon_svgd: 0.008
gamma: 0.0005
decay_start_ratio: 0.05
decay_min_factor: 0.05
bandwith_kernel: None
no_interact: False
avg_score: -150.5
median_score: -150.5
std_score: 13.284201622009277
percentiles: 2%=-179.0, 5%=-179.0, 10%=-165.5, 25%=-157.25, 50%=-150.5, 75%=-141.0, 90%=-136.8000030517578, 95%=-131.0, 98%=-128.86000061035156
ranking_best_algo: CMApara
ranking_best_score: 154.28
ranking_my_rank: 76/504 (85.1%)
ranking_my_percent: 85.11904761904762
