ConfigName: krbf__advnormalizedfitness__M4__L12__eps0p033__g0p005__ds0p15__dm0p01
Problem: QUBO
Kernel: rbf
Advantage: normalizedfitness
M: 4
lambda: 12
epsilon_svgd: 0.033
gamma: 0.005
decay_start_ratio: 0.15
decay_min_factor: 0.01
bandwith_kernel: None
no_interact: False
avg_score: -150.13999938964844
median_score: -149.5
std_score: 12.4426851272583
percentiles: 2%=-179.0, 5%=-179.0, 10%=-165.49998474121094, 25%=-155.0, 50%=-149.5, 75%=-141.0, 90%=-136.0, 95%=-133.0, 98%=-131.0
ranking_best_algo: CMApara
ranking_best_score: 154.28
ranking_my_rank: 76/504 (85.1%)
ranking_my_percent: 85.11904761904762
