ConfigName: krbf__advnormalizedfitness__M3__L10__eps0p033__g0p005__ds0p01__dm0p01
Problem: QUBO
Kernel: rbf
Advantage: normalizedfitness
M: 3
lambda: 10
epsilon_svgd: 0.033
gamma: 0.005
decay_start_ratio: 0.01
decay_min_factor: 0.01
bandwith_kernel: None
no_interact: False
avg_score: -2527.9599609375
median_score: -2521.0
std_score: 142.90919494628906
percentiles: 2%=-2820.239990234375, 5%=-2772.300048828125, 10%=-2734.10009765625, 25%=-2620.0, 50%=-2521.0, 75%=-2423.25, 90%=-2354.0, 95%=-2309.800048828125, 98%=-2273.079833984375
ranking_best_algo: SVM1MetaModelLogNormal
ranking_best_score: 2605.14
ranking_my_rank: 53/504 (89.7%)
ranking_my_percent: 89.68253968253968
