ConfigName: kjsd__advperagentrankweighted__M3__L16__eps0p01__g0p0005__ds0p1__dm0p05
Problem: NK
Kernel: jsd
Advantage: peragentrankweighted
M: 3
lambda: 16
epsilon_svgd: 0.01
gamma: 0.0005
decay_start_ratio: 0.1
decay_min_factor: 0.05
bandwith_kernel: None
no_interact: False
avg_score: 0.7103884220123291
median_score: 0.6969701051712036
std_score: 0.03163529559969902
percentiles: 2%=0.6725509166717529, 5%=0.6737340688705444, 10%=0.6757245659828186, 25%=0.6821601390838623, 50%=0.6969701051712036, 75%=0.7473976612091064, 90%=0.7522416710853577, 95%=0.7586009502410889, 98%=0.7613165378570557
ranking_best_algo: CMApara
ranking_best_score: 0.7118996098437498
ranking_my_rank: 26/504 (95.0%)
ranking_my_percent: 95.03968253968254
