ConfigName: kjsd__advperagentrankweighted__M10__L24__eps0p005__g0p0005__ds0p3__dm0p05
Problem: NK
Kernel: jsd
Advantage: peragentrankweighted
M: 10
lambda: 24
epsilon_svgd: 0.005
gamma: 0.0005
decay_start_ratio: 0.3
decay_min_factor: 0.05
bandwith_kernel: None
no_interact: False
avg_score: 0.6809872388839722
median_score: 0.6787571907043457
std_score: 0.022641904652118683
percentiles: 2%=0.6449792981147766, 5%=0.6473478078842163, 10%=0.6534460186958313, 25%=0.6629059314727783, 50%=0.6787571907043457, 75%=0.6968773007392883, 90%=0.7150044441223145, 95%=0.7216948866844177, 98%=0.7276641130447388
ranking_best_algo: Tabu
ranking_best_score: 0.7470791764843752
ranking_my_rank: 314/504 (37.9%)
ranking_my_percent: 37.8968253968254
