ConfigName: kjsd__advperagentrankweighted__M3__L20__eps0p007__g0p001__ds0p2__dm0p1
Problem: QUBO
Kernel: jsd
Advantage: peragentrankweighted
M: 3
lambda: 20
epsilon_svgd: 0.007
gamma: 0.001
decay_start_ratio: 0.2
decay_min_factor: 0.1
bandwith_kernel: None
no_interact: False
avg_score: -309.7799987792969
median_score: -312.0
std_score: 38.20878982543945
percentiles: 2%=-392.0400085449219, 5%=-384.0, 10%=-359.20001220703125, 25%=-336.0, 50%=-312.0, 75%=-275.0, 90%=-268.0, 95%=-261.8999938964844, 98%=-255.74000549316406
ranking_best_algo: CMApara
ranking_best_score: 319.29999999999995
ranking_my_rank: 69/504 (86.5%)
ranking_my_percent: 86.5079365079365
