ConfigName: krbf__advnormalizedfitness__M3__L12__eps0p033__g0p01__ds0p15__dm0p3
Problem: QUBO
Kernel: rbf
Advantage: normalizedfitness
M: 3
lambda: 12
epsilon_svgd: 0.033
gamma: 0.01
decay_start_ratio: 0.15
decay_min_factor: 0.3
bandwith_kernel: None
no_interact: False
avg_score: -892.0
median_score: -891.0
std_score: 67.94953918457031
percentiles: 2%=-1016.0, 5%=-1003.2999877929688, 10%=-992.2000122070312, 25%=-939.5, 50%=-891.0, 75%=-843.0, 90%=-799.9000244140625, 95%=-780.800048828125, 98%=-762.8999633789062
ranking_best_algo: CMAL3
ranking_best_score: 928.5800000000002
ranking_my_rank: 98/504 (80.8%)
ranking_my_percent: 80.75396825396825
