ConfigName: krbf__advglobalrankweighted__M4__L10__eps0p01__g0p007__ds0p01__dm0p01
Problem: QUBO
Kernel: rbf
Advantage: globalrankweighted
M: 4
lambda: 10
epsilon_svgd: 0.01
gamma: 0.007
decay_start_ratio: 0.01
decay_min_factor: 0.01
bandwith_kernel: None
no_interact: False
avg_score: -148.94000244140625
median_score: -148.0
std_score: 11.896066665649414
percentiles: 2%=-179.0, 5%=-169.39999389648438, 10%=-163.10000610351562, 25%=-155.5, 50%=-148.0, 75%=-141.0, 90%=-135.0, 95%=-130.80001831054688, 98%=-125.0
ranking_best_algo: CMApara
ranking_best_score: 154.28
ranking_my_rank: 81/504 (84.1%)
ranking_my_percent: 84.12698412698413
