ConfigName: kjsd__advperagentrankweighted__M3__L16__eps0p01__g0p003__ds0p2__dm0p2
Problem: QUBO
Kernel: jsd
Advantage: peragentrankweighted
M: 3
lambda: 16
epsilon_svgd: 0.01
gamma: 0.003
decay_start_ratio: 0.2
decay_min_factor: 0.2
bandwith_kernel: None
no_interact: False
avg_score: -940.3400268554688
median_score: -938.0
std_score: 63.787025451660156
percentiles: 2%=-1056.4000244140625, 5%=-1042.050048828125, 10%=-1026.4000244140625, 25%=-986.25, 50%=-938.0, 75%=-900.25, 90%=-859.9000244140625, 95%=-832.2999877929688, 98%=-808.9600219726562
ranking_best_algo: CMApara
ranking_best_score: 964.9
ranking_my_rank: 7/504 (98.8%)
ranking_my_percent: 98.80952380952381
