ConfigName: krbf__advnormalizedfitness__M2__L10__eps0p015__g0p007__ds0p01__dm0p01
Problem: QUBO
Kernel: rbf
Advantage: normalizedfitness
M: 2
lambda: 10
epsilon_svgd: 0.015
gamma: 0.007
decay_start_ratio: 0.01
decay_min_factor: 0.01
bandwith_kernel: None
no_interact: False
avg_score: -426.4599914550781
median_score: -429.5
std_score: 30.376773834228516
percentiles: 2%=-479.0, 5%=-471.20001220703125, 10%=-463.3999938964844, 25%=-450.5, 50%=-429.5, 75%=-403.75, 90%=-392.8999938964844, 95%=-373.75, 98%=-351.9599914550781
ranking_best_algo: CMAL3
ranking_best_score: 435.36
ranking_my_rank: 23/504 (95.6%)
ranking_my_percent: 95.63492063492063
