ConfigName: kfr__advglobalrankweighted__M4__L13__eps0p06__g0p007__ds0p01__dm0p01
Problem: QUBO
Kernel: fr
Advantage: globalrankweighted
M: 4
lambda: 13
epsilon_svgd: 0.06
gamma: 0.007
decay_start_ratio: 0.01
decay_min_factor: 0.01
bandwith_kernel: None
no_interact: False
avg_score: -311.7799987792969
median_score: -320.0
std_score: 39.9333381652832
percentiles: 2%=-392.0799865722656, 5%=-386.1000061035156, 10%=-360.0, 25%=-336.0, 50%=-320.0, 75%=-272.75, 90%=-261.8999938964844, 95%=-256.0, 98%=-248.97999572753906
ranking_best_algo: CMApara
ranking_best_score: 319.29999999999995
ranking_my_rank: 36/504 (93.1%)
ranking_my_percent: 93.05555555555556
