ConfigName: krbf__advnormalizedfitness__M3__L15__eps0p015__g0p007__ds0p3__dm0p3
Problem: NK
Kernel: rbf
Advantage: normalizedfitness
M: 3
lambda: 15
epsilon_svgd: 0.015
gamma: 0.007
decay_start_ratio: 0.3
decay_min_factor: 0.3
bandwith_kernel: None
no_interact: False
avg_score: 0.6557491421699524
median_score: 0.6528142690658569
std_score: 0.014097045175731182
percentiles: 2%=0.6343032121658325, 5%=0.636125922203064, 10%=0.641918957233429, 25%=0.6466279029846191, 50%=0.6528142690658569, 75%=0.6633850336074829, 90%=0.6713279485702515, 95%=0.6757433414459229, 98%=0.6868668794631958
ranking_best_algo: Tabu
ranking_best_score: 0.7601875690625
ranking_my_rank: 379/504 (25.0%)
ranking_my_percent: 25.0
