ConfigName: krbf__advnormalizedfitness__M3__L12__eps0p025__g0p015__ds0p15__dm0p01
Problem: NK
Kernel: rbf
Advantage: normalizedfitness
M: 3
lambda: 12
epsilon_svgd: 0.025
gamma: 0.015
decay_start_ratio: 0.15
decay_min_factor: 0.01
bandwith_kernel: None
no_interact: False
avg_score: 0.7367281317710876
median_score: 0.7380872964859009
std_score: 0.009050529450178146
percentiles: 2%=0.717307448387146, 5%=0.7201558947563171, 10%=0.7232034206390381, 25%=0.7325227856636047, 50%=0.7380872964859009, 75%=0.7434069514274597, 90%=0.745987594127655, 95%=0.7501673102378845, 98%=0.7528489828109741
ranking_best_algo: PBIL
ranking_best_score: 0.730509098125
ranking_my_rank: 1/504 (100.0%)
ranking_my_percent: 100.0
