ConfigName: krbf__advnormalizedfitness__M3__L12__eps0p015__g0p01__ds0p01__dm0p3
Problem: QUBO
Kernel: rbf
Advantage: normalizedfitness
M: 3
lambda: 12
epsilon_svgd: 0.015
gamma: 0.01
decay_start_ratio: 0.01
decay_min_factor: 0.3
bandwith_kernel: None
no_interact: False
avg_score: -1001.3200073242188
median_score: -1007.5
std_score: 104.85722351074219
percentiles: 2%=-1207.280029296875, 5%=-1178.5, 10%=-1139.699951171875, 25%=-1079.5, 50%=-1007.5, 75%=-924.5, 90%=-868.7999877929688, 95%=-833.0, 98%=-798.9199829101562
ranking_best_algo: NLOPT_LN_PRAXIS
ranking_best_score: 1607.12
ranking_my_rank: 322/504 (36.3%)
ranking_my_percent: 36.30952380952381
