ConfigName: kjsd__advperagentrankweighted__M4__L20__eps0p005__g0p001__ds0p05__dm0p2
Problem: NK
Kernel: jsd
Advantage: peragentrankweighted
M: 4
lambda: 20
epsilon_svgd: 0.005
gamma: 0.001
decay_start_ratio: 0.05
decay_min_factor: 0.2
bandwith_kernel: None
no_interact: False
avg_score: 0.7106743454933167
median_score: 0.7111859321594238
std_score: 0.015073208138346672
percentiles: 2%=0.6723751425743103, 5%=0.6737375259399414, 10%=0.6972812414169312, 25%=0.7077475190162659, 50%=0.7111859321594238, 75%=0.7193925380706787, 90%=0.7254641652107239, 95%=0.7319788932800293, 98%=0.7329369187355042
ranking_best_algo: CMApara
ranking_best_score: 0.707475975
ranking_my_rank: 1/504 (100.0%)
ranking_my_percent: 100.0
