ConfigName: krbf__advnormalizedfitness__M3__L12__eps0p015__g0p01__ds0p3__dm0p01
Problem: NK
Kernel: rbf
Advantage: normalizedfitness
M: 3
lambda: 12
epsilon_svgd: 0.015
gamma: 0.01
decay_start_ratio: 0.3
decay_min_factor: 0.01
bandwith_kernel: None
no_interact: False
avg_score: 0.7421867847442627
median_score: 0.7424472570419312
std_score: 0.016743754968047142
percentiles: 2%=0.7106025218963623, 5%=0.7119045257568359, 10%=0.7209723591804504, 25%=0.7290346026420593, 50%=0.7424472570419312, 75%=0.7554396986961365, 90%=0.7625985145568848, 95%=0.7645923495292664, 98%=0.7688310146331787
ranking_best_algo: Tabu
ranking_best_score: 0.7470791764843752
ranking_my_rank: 5/504 (99.2%)
ranking_my_percent: 99.2063492063492
