ConfigName: krbf__advnormalizedfitness__M4__L8__eps0p015__g0p005__ds0p15__dm0p3
Problem: QUBO
Kernel: rbf
Advantage: normalizedfitness
M: 4
lambda: 8
epsilon_svgd: 0.015
gamma: 0.005
decay_start_ratio: 0.15
decay_min_factor: 0.3
bandwith_kernel: None
no_interact: False
avg_score: -202.75999450683594
median_score: -202.5
std_score: 12.331358909606934
percentiles: 2%=-224.0, 5%=-222.0, 10%=-220.10000610351562, 25%=-211.0, 50%=-202.5, 75%=-194.0, 90%=-187.0, 95%=-182.95001220703125, 98%=-177.9399871826172
ranking_best_algo: Tabu
ranking_best_score: 208.36000000000004
ranking_my_rank: 34/504 (93.5%)
ranking_my_percent: 93.45238095238095
