ConfigName: kjsd__advperagentrankweighted__M4__L12__eps0p005__g0p0003__ds0p4__dm0p05
Problem: QUBO
Kernel: jsd
Advantage: peragentrankweighted
M: 4
lambda: 12
epsilon_svgd: 0.005
gamma: 0.0003
decay_start_ratio: 0.4
decay_min_factor: 0.05
bandwith_kernel: None
no_interact: False
avg_score: -442.7200012207031
median_score: -445.0
std_score: 29.128021240234375
percentiles: 2%=-490.1600036621094, 5%=-487.1000061035156, 10%=-475.0, 25%=-467.75, 50%=-445.0, 75%=-420.25, 90%=-404.70001220703125, 95%=-395.54998779296875, 98%=-378.8999938964844
ranking_best_algo: CMApara
ranking_best_score: 453.82
ranking_my_rank: 9/504 (98.4%)
ranking_my_percent: 98.41269841269842
