ConfigName: kjsd__advperagentrankweighted__M3__L18__eps0p007__g0p0007__ds0p05__dm0p1
Problem: QUBO
Kernel: jsd
Advantage: peragentrankweighted
M: 3
lambda: 18
epsilon_svgd: 0.007
gamma: 0.0007
decay_start_ratio: 0.05
decay_min_factor: 0.1
bandwith_kernel: None
no_interact: False
avg_score: -1305.739990234375
median_score: -1302.5
std_score: 54.81525802612305
percentiles: 2%=-1416.1600341796875, 5%=-1395.550048828125, 10%=-1376.0999755859375, 25%=-1345.75, 50%=-1302.5, 75%=-1270.5, 90%=-1238.5999755859375, 95%=-1214.9000244140625, 98%=-1199.0
ranking_best_algo: BigLognormalDiscreteOnePlusOne
ranking_best_score: 1301.3600000000004
ranking_my_rank: 1/504 (100.0%)
ranking_my_percent: 100.0
