ConfigName: krbf__advnormalizedfitness__M3__L12__eps0p015__g0p007__ds0p3__dm0p01
Problem: QUBO
Kernel: rbf
Advantage: normalizedfitness
M: 3
lambda: 12
epsilon_svgd: 0.015
gamma: 0.007
decay_start_ratio: 0.3
decay_min_factor: 0.01
bandwith_kernel: None
no_interact: False
avg_score: -923.52001953125
median_score: -912.0
std_score: 71.40580749511719
percentiles: 2%=-1061.219970703125, 5%=-1059.0, 10%=-1025.0, 25%=-981.75, 50%=-912.0, 75%=-865.75, 90%=-833.0, 95%=-819.4500732421875, 98%=-792.9599609375
ranking_best_algo: CMApara
ranking_best_score: 964.9
ranking_my_rank: 23/504 (95.6%)
ranking_my_percent: 95.63492063492063
