ConfigName: kfr__advglobalrankweighted__M5__L9__eps0p015__g0p005__ds0p01__dm0p01
Problem: QUBO
Kernel: fr
Advantage: globalrankweighted
M: 5
lambda: 9
epsilon_svgd: 0.015
gamma: 0.005
decay_start_ratio: 0.01
decay_min_factor: 0.01
bandwith_kernel: None
no_interact: False
avg_score: -932.5
median_score: -920.0
std_score: 70.31080627441406
percentiles: 2%=-1063.1400146484375, 5%=-1045.050048828125, 10%=-1025.5, 25%=-993.5, 50%=-920.0, 75%=-878.0, 90%=-834.7999877929688, 95%=-830.9000244140625, 98%=-824.8800048828125
ranking_best_algo: CMApara
ranking_best_score: 964.9
ranking_my_rank: 19/504 (96.4%)
ranking_my_percent: 96.42857142857143
