ConfigName: krbf__advnormalizedfitness__M3__L15__eps0p03__g0p01__ds0p05__dm0p05
Problem: NK
Kernel: rbf
Advantage: normalizedfitness
M: 3
lambda: 15
epsilon_svgd: 0.03
gamma: 0.01
decay_start_ratio: 0.05
decay_min_factor: 0.05
bandwith_kernel: None
no_interact: False
avg_score: 0.7375576496124268
median_score: 0.738271951675415
std_score: 0.008436469361186028
percentiles: 2%=0.7194975018501282, 5%=0.7209737300872803, 10%=0.7248693704605103, 25%=0.7320064306259155, 50%=0.738271951675415, 75%=0.7439318299293518, 90%=0.746849000453949, 95%=0.7491785883903503, 98%=0.7508172988891602
ranking_best_algo: PBIL
ranking_best_score: 0.730509098125
ranking_my_rank: 1/504 (100.0%)
ranking_my_percent: 100.0
