ConfigName: kjsd__advperagentrankweighted__M4__L20__eps0p005__g0p001__ds0p1__dm0p1
Problem: QUBO
Kernel: jsd
Advantage: peragentrankweighted
M: 4
lambda: 20
epsilon_svgd: 0.005
gamma: 0.001
decay_start_ratio: 0.1
decay_min_factor: 0.1
bandwith_kernel: None
no_interact: False
avg_score: -417.17999267578125
median_score: -418.0
std_score: 27.13093376159668
percentiles: 2%=-469.0400085449219, 5%=-467.0, 10%=-454.1000061035156, 25%=-430.75, 50%=-418.0, 75%=-400.0, 90%=-377.79998779296875, 95%=-372.0, 98%=-365.9599914550781
ranking_best_algo: Tabu
ranking_best_score: 438.12
ranking_my_rank: 41/504 (92.1%)
ranking_my_percent: 92.06349206349206
