ConfigName: kjsd__advperagentrankweighted__M4__L24__eps0p01__g0p0005__ds1__dm1
Problem: NK
Kernel: jsd
Advantage: peragentrankweighted
M: 4
lambda: 24
epsilon_svgd: 0.01
gamma: 0.0005
decay_start_ratio: 1.0
decay_min_factor: 1.0
bandwith_kernel: None
no_interact: False
avg_score: 0.7116251587867737
median_score: 0.6994983553886414
std_score: 0.03140406683087349
percentiles: 2%=0.6735868453979492, 5%=0.6742565035820007, 10%=0.6783457398414612, 25%=0.6824496388435364, 50%=0.6994983553886414, 75%=0.747138500213623, 90%=0.7525893449783325, 95%=0.7613165378570557, 98%=0.7613165378570557
ranking_best_algo: CMApara
ranking_best_score: 0.7118996098437498
ranking_my_rank: 2/504 (99.8%)
ranking_my_percent: 99.8015873015873
