ConfigName: krbf__advnormalizedfitness__M4__L15__eps0p02__g0p01__ds0p15__dm0p05
Problem: NK
Kernel: rbf
Advantage: normalizedfitness
M: 4
lambda: 15
epsilon_svgd: 0.02
gamma: 0.01
decay_start_ratio: 0.15
decay_min_factor: 0.05
bandwith_kernel: None
no_interact: False
avg_score: 0.72208571434021
median_score: 0.7230842709541321
std_score: 0.011118967086076736
percentiles: 2%=0.6988488435745239, 5%=0.7019370198249817, 10%=0.7059627771377563, 25%=0.7152388095855713, 50%=0.7230842709541321, 75%=0.7301838397979736, 90%=0.7364697456359863, 95%=0.7388466000556946, 98%=0.7400840520858765
ranking_best_algo: PBIL
ranking_best_score: 0.730509098125
ranking_my_rank: 21/504 (96.0%)
ranking_my_percent: 96.03174603174604
