ConfigName: kjsd__advperagentrankweighted__M3__L16__eps0p01__g0p003__ds0p1__dm0p2
Problem: QUBO
Kernel: jsd
Advantage: peragentrankweighted
M: 3
lambda: 16
epsilon_svgd: 0.01
gamma: 0.003
decay_start_ratio: 0.1
decay_min_factor: 0.2
bandwith_kernel: None
no_interact: False
avg_score: -409.94000244140625
median_score: -406.0
std_score: 25.69039535522461
percentiles: 2%=-467.0400085449219, 5%=-454.04998779296875, 10%=-450.0, 25%=-428.0, 50%=-406.0, 75%=-393.5, 90%=-378.0, 95%=-373.8999938964844, 98%=-365.9200134277344
ranking_best_algo: Tabu
ranking_best_score: 438.12
ranking_my_rank: 92/504 (81.9%)
ranking_my_percent: 81.94444444444444
