ConfigName: kjsd__advperagentrankweighted__M3__L24__eps0p005__g0p0005__ds0p2__dm0p2
Problem: NK
Kernel: jsd
Advantage: peragentrankweighted
M: 3
lambda: 24
epsilon_svgd: 0.005
gamma: 0.0005
decay_start_ratio: 0.2
decay_min_factor: 0.2
bandwith_kernel: None
no_interact: False
avg_score: 0.7585263252258301
median_score: 0.7572779655456543
std_score: 0.011506138369441032
percentiles: 2%=0.7356550693511963, 5%=0.7389954328536987, 10%=0.7447817325592041, 25%=0.7507152557373047, 50%=0.7572779655456543, 75%=0.7670893669128418, 90%=0.7740459442138672, 95%=0.7770346999168396, 98%=0.7795361280441284
ranking_best_algo: Tabu
ranking_best_score: 0.7470791764843752
ranking_my_rank: 1/504 (100.0%)
ranking_my_percent: 100.0
