ConfigName: krbf__advnormalizedfitness__M4__L15__eps0p033__g0p01__ds0p01__dm0p01
Problem: QUBO
Kernel: rbf
Advantage: normalizedfitness
M: 4
lambda: 15
epsilon_svgd: 0.033
gamma: 0.01
decay_start_ratio: 0.01
decay_min_factor: 0.01
bandwith_kernel: None
no_interact: False
avg_score: -140.1199951171875
median_score: -143.0
std_score: 10.76223087310791
percentiles: 2%=-158.02000427246094, 5%=-157.0500030517578, 10%=-154.1999969482422, 25%=-146.0, 50%=-143.0, 75%=-130.0, 90%=-125.0, 95%=-122.90000915527344, 98%=-119.97999572753906
ranking_best_algo: DiscreteDE
ranking_best_score: 143.4
ranking_my_rank: 79/504 (84.5%)
ranking_my_percent: 84.52380952380952
