ConfigName: krbf__advnormalizedfitness__M3__L12__eps0p033__g0p007__ds0p3__dm0p01
Problem: QUBO
Kernel: rbf
Advantage: normalizedfitness
M: 3
lambda: 12
epsilon_svgd: 0.033
gamma: 0.007
decay_start_ratio: 0.3
decay_min_factor: 0.01
bandwith_kernel: None
no_interact: False
avg_score: -1192.3800048828125
median_score: -1188.0
std_score: 66.21929931640625
percentiles: 2%=-1353.0400390625, 5%=-1337.0999755859375, 10%=-1281.199951171875, 25%=-1222.25, 50%=-1188.0, 75%=-1144.75, 90%=-1113.0, 95%=-1098.8499755859375, 98%=-1073.5399169921875
ranking_best_algo: Tabu
ranking_best_score: 1216.16
ranking_my_rank: 49/504 (90.5%)
ranking_my_percent: 90.47619047619048
