ConfigName: kjsd__advperagentrankweighted__M3__L18__eps0p007__g0p001__ds0p2__dm0p2
Problem: QUBO
Kernel: jsd
Advantage: peragentrankweighted
M: 3
lambda: 18
epsilon_svgd: 0.007
gamma: 0.001
decay_start_ratio: 0.2
decay_min_factor: 0.2
bandwith_kernel: None
no_interact: False
avg_score: -423.5400085449219
median_score: -423.5
std_score: 27.168886184692383
percentiles: 2%=-479.0400085449219, 5%=-467.1000061035156, 10%=-458.1000061035156, 25%=-441.25, 50%=-423.5, 75%=-408.5, 90%=-389.8999938964844, 95%=-378.79998779296875, 98%=-361.9599914550781
ranking_best_algo: CMAL3
ranking_best_score: 435.36
ranking_my_rank: 32/504 (93.8%)
ranking_my_percent: 93.84920634920636
