ConfigName: kjsd__advperagentrankweighted__M4__L8__eps0p01__g0p0007__ds0p05__dm0p05
Problem: NK
Kernel: jsd
Advantage: peragentrankweighted
M: 4
lambda: 8
epsilon_svgd: 0.01
gamma: 0.0007
decay_start_ratio: 0.05
decay_min_factor: 0.05
bandwith_kernel: None
no_interact: False
avg_score: 0.7309929728507996
median_score: 0.7321598529815674
std_score: 0.008800482377409935
percentiles: 2%=0.7120502591133118, 5%=0.7141679525375366, 10%=0.7192813158035278, 25%=0.7258933186531067, 50%=0.7321598529815674, 75%=0.7364736199378967, 90%=0.7419683337211609, 95%=0.7438381314277649, 98%=0.7473035454750061
ranking_best_algo: PBIL
ranking_best_score: 0.7248786399609374
ranking_my_rank: 1/504 (100.0%)
ranking_my_percent: 100.0
