ConfigName: kjsd__advperagentrankweighted__M5__L24__eps0p02__g0p0005__ds0p05__dm0p05
Problem: QUBO
Kernel: jsd
Advantage: peragentrankweighted
M: 5
lambda: 24
epsilon_svgd: 0.02
gamma: 0.0005
decay_start_ratio: 0.05
decay_min_factor: 0.05
bandwith_kernel: None
no_interact: False
avg_score: -431.0799865722656
median_score: -431.5
std_score: 24.8232479095459
percentiles: 2%=-483.0400085449219, 5%=-475.0, 10%=-468.1000061035156, 25%=-446.5, 50%=-431.5, 75%=-415.5, 90%=-395.0, 95%=-390.95001220703125, 98%=-387.9800109863281
ranking_best_algo: CMAL3
ranking_best_score: 435.36
ranking_my_rank: 8/504 (98.6%)
ranking_my_percent: 98.61111111111111
