ConfigName: krbf__advnormalizedfitness__M3__L8__eps0p015__g0p007__ds0p01__dm0p01
Problem: QUBO
Kernel: rbf
Advantage: normalizedfitness
M: 3
lambda: 8
epsilon_svgd: 0.015
gamma: 0.007
decay_start_ratio: 0.01
decay_min_factor: 0.01
bandwith_kernel: None
no_interact: False
avg_score: -912.1599731445312
median_score: -907.5
std_score: 61.1247444152832
percentiles: 2%=-1048.1199951171875, 5%=-1012.4500122070312, 10%=-992.0999755859375, 25%=-949.5, 50%=-907.5, 75%=-874.0, 90%=-838.5, 95%=-818.9500122070312, 98%=-800.9199829101562
ranking_best_algo: CMAL3
ranking_best_score: 928.5800000000002
ranking_my_rank: 20/504 (96.2%)
ranking_my_percent: 96.23015873015873
