ConfigName: kjsd__advperagentrankweighted__M4__L20__eps0p005__g0p001__ds0p05__dm0p1
Problem: QUBO
Kernel: jsd
Advantage: peragentrankweighted
M: 4
lambda: 20
epsilon_svgd: 0.005
gamma: 0.001
decay_start_ratio: 0.05
decay_min_factor: 0.1
bandwith_kernel: None
no_interact: False
avg_score: -1168.6800537109375
median_score: -1157.5
std_score: 78.82967376708984
percentiles: 2%=-1362.1600341796875, 5%=-1311.199951171875, 10%=-1269.199951171875, 25%=-1214.25, 50%=-1157.5, 75%=-1117.5, 90%=-1080.800048828125, 95%=-1044.9000244140625, 98%=-1022.97998046875
ranking_best_algo: SVMMetaModelLogNormal
ranking_best_score: 1233.7999999999997
ranking_my_rank: 83/504 (83.7%)
ranking_my_percent: 83.73015873015873
