ConfigName: kjsd__advperagentrankweighted__M3__L18__eps0p005__g0p0005__ds0p2__dm0p05
Problem: NK
Kernel: jsd
Advantage: peragentrankweighted
M: 3
lambda: 18
epsilon_svgd: 0.005
gamma: 0.0005
decay_start_ratio: 0.2
decay_min_factor: 0.05
bandwith_kernel: None
no_interact: False
avg_score: 0.709902822971344
median_score: 0.7110548615455627
std_score: 0.015126735903322697
percentiles: 2%=0.6721660494804382, 5%=0.6731268763542175, 10%=0.6954239010810852, 25%=0.7064218521118164, 50%=0.7110548615455627, 75%=0.7196091413497925, 90%=0.7250960469245911, 95%=0.7325890064239502, 98%=0.7328447699546814
ranking_best_algo: CMApara
ranking_best_score: 0.707475975
ranking_my_rank: 1/504 (100.0%)
ranking_my_percent: 100.0
