ConfigName: krbf__advnormalizedfitness__M3__L8__eps0p015__g0p007__ds0p3__dm0p01
Problem: QUBO
Kernel: rbf
Advantage: normalizedfitness
M: 3
lambda: 8
epsilon_svgd: 0.015
gamma: 0.007
decay_start_ratio: 0.3
decay_min_factor: 0.01
bandwith_kernel: None
no_interact: False
avg_score: -417.3800048828125
median_score: -420.0
std_score: 27.24950408935547
percentiles: 2%=-475.0400085449219, 5%=-465.1000061035156, 10%=-452.1000061035156, 25%=-435.25, 50%=-420.0, 75%=-395.5, 90%=-380.0, 95%=-375.9000244140625, 98%=-371.91998291015625
ranking_best_algo: Tabu
ranking_best_score: 438.12
ranking_my_rank: 41/504 (92.1%)
ranking_my_percent: 92.06349206349206
