ConfigName: kfr__advglobalrankweighted__M1__L9__eps0p015__g0p007__ds0p01__dm0p01
Problem: QUBO
Kernel: fr
Advantage: globalrankweighted
M: 1
lambda: 9
epsilon_svgd: 0.015
gamma: 0.007
decay_start_ratio: 0.01
decay_min_factor: 0.01
bandwith_kernel: None
no_interact: False
avg_score: -404.3599853515625
median_score: -402.5
std_score: 29.9845027923584
percentiles: 2%=-454.29998779296875, 5%=-450.04998779296875, 10%=-439.1000061035156, 25%=-426.25, 50%=-402.5, 75%=-384.5, 90%=-367.79998779296875, 95%=-354.0, 98%=-345.8399658203125
ranking_best_algo: Tabu
ranking_best_score: 438.12
ranking_my_rank: 209/504 (58.7%)
ranking_my_percent: 58.73015873015873
