ConfigName: krbf__advnormalizedfitness__M3__L12__eps0p015__g0p01__ds0p15__dm0p01
Problem: NK
Kernel: rbf
Advantage: normalizedfitness
M: 3
lambda: 12
epsilon_svgd: 0.015
gamma: 0.01
decay_start_ratio: 0.15
decay_min_factor: 0.01
bandwith_kernel: None
no_interact: False
avg_score: 0.5959499478340149
median_score: 0.5931712985038757
std_score: 0.014222891069948673
percentiles: 2%=0.5776105523109436, 5%=0.5789363384246826, 10%=0.5829437971115112, 25%=0.5866072773933411, 50%=0.5931712985038757, 75%=0.6009756326675415, 90%=0.6139346957206726, 95%=0.6232344508171082, 98%=0.6359673738479614
ranking_best_algo: PBIL
ranking_best_score: 0.7170882103515624
ranking_my_rank: 363/504 (28.2%)
ranking_my_percent: 28.174603174603174
