ConfigName: kjsd__advperagentrankweighted__M4__L20__eps0p005__g0p001__ds0p1__dm0p2
Problem: QUBO
Kernel: jsd
Advantage: peragentrankweighted
M: 4
lambda: 20
epsilon_svgd: 0.005
gamma: 0.001
decay_start_ratio: 0.1
decay_min_factor: 0.2
bandwith_kernel: None
no_interact: False
avg_score: -3014.06005859375
median_score: -2988.5
std_score: 186.2248992919922
percentiles: 2%=-3362.02001953125, 5%=-3319.60009765625, 10%=-3278.0, 25%=-3158.5, 50%=-2988.5, 75%=-2892.75, 90%=-2790.199951171875, 95%=-2715.85009765625, 98%=-2691.820068359375
ranking_best_algo: RLSOnePlusOne
ranking_best_score: 3316.5199999999995
ranking_my_rank: 129/504 (74.6%)
ranking_my_percent: 74.60317460317461
