ConfigName: kjsd__advperagentrankweighted__M3__L18__eps0p005__g0p0005__ds0p05__dm0p05
Problem: QUBO
Kernel: jsd
Advantage: peragentrankweighted
M: 3
lambda: 18
epsilon_svgd: 0.005
gamma: 0.0005
decay_start_ratio: 0.05
decay_min_factor: 0.05
bandwith_kernel: None
no_interact: False
avg_score: -1251.1400146484375
median_score: -1253.0
std_score: 71.1513900756836
percentiles: 2%=-1385.260009765625, 5%=-1371.050048828125, 10%=-1342.699951171875, 25%=-1297.25, 50%=-1253.0, 75%=-1199.25, 90%=-1143.9000244140625, 95%=-1139.8499755859375, 98%=-1129.93994140625
ranking_best_algo: SVMMetaModelLogNormal
ranking_best_score: 1233.7999999999997
ranking_my_rank: 1/504 (100.0%)
ranking_my_percent: 100.0
