ConfigName: krbf__advnormalizedfitness__M4__L24__eps0p01__g0p001__ds0p05__dm0p05
Problem: QUBO
Kernel: rbf
Advantage: normalizedfitness
M: 4
lambda: 24
epsilon_svgd: 0.01
gamma: 0.001
decay_start_ratio: 0.05
decay_min_factor: 0.05
bandwith_kernel: None
no_interact: False
avg_score: -311.1600036621094
median_score: -313.0
std_score: 38.32354736328125
percentiles: 2%=-394.0799865722656, 5%=-388.20001220703125, 10%=-354.0, 25%=-335.0, 50%=-313.0, 75%=-278.25, 90%=-268.8999938964844, 95%=-261.8999938964844, 98%=-257.760009765625
ranking_best_algo: CMApara
ranking_best_score: 319.29999999999995
ranking_my_rank: 39/504 (92.5%)
ranking_my_percent: 92.46031746031746
