ConfigName: krbf__advnormalizedfitness__M4__L15__eps0p015__g0p015__ds0p15__dm0p3
Problem: QUBO
Kernel: rbf
Advantage: normalizedfitness
M: 4
lambda: 15
epsilon_svgd: 0.015
gamma: 0.015
decay_start_ratio: 0.15
decay_min_factor: 0.3
bandwith_kernel: None
no_interact: False
avg_score: -226.5800018310547
median_score: -223.0
std_score: 15.405960083007812
percentiles: 2%=-258.0199890136719, 5%=-252.14999389648438, 10%=-249.0, 25%=-236.0, 50%=-223.0, 75%=-217.0, 90%=-209.0, 95%=-202.0, 98%=-197.91998291015625
ranking_best_algo: Tabu
ranking_best_score: 588.7199999999999
ranking_my_rank: 407/503 (19.3%)
ranking_my_percent: 19.284294234592444
