ConfigName: kjsd__advperagentrankweighted__M3__L16__eps0p005__g0p0007__ds0p1__dm0p2
Problem: QUBO
Kernel: jsd
Advantage: peragentrankweighted
M: 3
lambda: 16
epsilon_svgd: 0.005
gamma: 0.0007
decay_start_ratio: 0.1
decay_min_factor: 0.2
bandwith_kernel: None
no_interact: False
avg_score: -1627.1600341796875
median_score: -1623.0
std_score: 63.306827545166016
percentiles: 2%=-1750.1199951171875, 5%=-1733.050048828125, 10%=-1712.300048828125, 25%=-1667.25, 50%=-1623.0, 75%=-1586.0, 90%=-1538.800048828125, 95%=-1532.9000244140625, 98%=-1502.9599609375
ranking_best_algo: NLOPT_LN_PRAXIS
ranking_best_score: 1607.12
ranking_my_rank: 1/504 (100.0%)
ranking_my_percent: 100.0
