ConfigName: kjsd__advperagentrankweighted__M10__L10__eps0p005__g0p0005__ds0p05__dm0p05
Problem: QUBO
Kernel: jsd
Advantage: peragentrankweighted
M: 10
lambda: 10
epsilon_svgd: 0.005
gamma: 0.0005
decay_start_ratio: 0.05
decay_min_factor: 0.05
bandwith_kernel: None
no_interact: False
avg_score: -314.1400146484375
median_score: -321.0
std_score: 37.210487365722656
percentiles: 2%=-390.0, 5%=-384.0, 10%=-359.79998779296875, 25%=-336.0, 50%=-321.0, 75%=-278.75, 90%=-266.0, 95%=-260.0, 98%=-259.9599914550781
ranking_best_algo: CMApara
ranking_best_score: 319.29999999999995
ranking_my_rank: 23/504 (95.6%)
ranking_my_percent: 95.63492063492063
