ConfigName: kjsd__advperagentrankweighted__M3__L20__eps0p005__g0p0005__ds0p2__dm0p05
Problem: NK
Kernel: jsd
Advantage: peragentrankweighted
M: 3
lambda: 20
epsilon_svgd: 0.005
gamma: 0.0005
decay_start_ratio: 0.2
decay_min_factor: 0.05
bandwith_kernel: None
no_interact: False
avg_score: 0.7400035262107849
median_score: 0.7401768565177917
std_score: 0.01406271755695343
percentiles: 2%=0.7072566151618958, 5%=0.7177335023880005, 10%=0.7206607460975647, 25%=0.7316163778305054, 50%=0.7401768565177917, 75%=0.7495545148849487, 90%=0.7569826245307922, 95%=0.7633328437805176, 98%=0.7657195329666138
ranking_best_algo: Tabu
ranking_best_score: 0.7601875690625
ranking_my_rank: 15/504 (97.2%)
ranking_my_percent: 97.22222222222223
