ConfigName: kjsd__advperagentrankweighted__M3__L18__eps0p01__g0p0005__ds0p05__dm0p2
Problem: NK
Kernel: jsd
Advantage: peragentrankweighted
M: 3
lambda: 18
epsilon_svgd: 0.01
gamma: 0.0005
decay_start_ratio: 0.05
decay_min_factor: 0.2
bandwith_kernel: None
no_interact: False
avg_score: 0.7433151006698608
median_score: 0.7426109910011292
std_score: 0.010036749765276909
percentiles: 2%=0.7273414134979248, 5%=0.7277401089668274, 10%=0.730166494846344, 25%=0.7366293668746948, 50%=0.7426109910011292, 75%=0.75059574842453, 90%=0.7562287449836731, 95%=0.7608081102371216, 98%=0.7662833333015442
ranking_best_algo: PBIL
ranking_best_score: 0.733570253046875
ranking_my_rank: 1/504 (100.0%)
ranking_my_percent: 100.0
