ConfigName: krbf__advnormalizedfitness__M4__L10__eps0p015__g0p01__ds0p01__dm0p3
Problem: NK
Kernel: rbf
Advantage: normalizedfitness
M: 4
lambda: 10
epsilon_svgd: 0.015
gamma: 0.01
decay_start_ratio: 0.01
decay_min_factor: 0.3
bandwith_kernel: None
no_interact: False
avg_score: 0.7083051204681396
median_score: 0.7086087465286255
std_score: 0.011287377215921879
percentiles: 2%=0.6850528120994568, 5%=0.6886388063430786, 10%=0.6938981413841248, 25%=0.7012063264846802, 50%=0.7086087465286255, 75%=0.7148407101631165, 90%=0.7222916483879089, 95%=0.7278555631637573, 98%=0.7315862774848938
ranking_best_algo: PBIL
ranking_best_score: 0.730509098125
ranking_my_rank: 236/504 (53.4%)
ranking_my_percent: 53.37301587301587
