ConfigName: krbf__advnormalizedfitness__M4__L8__eps0p015__g0p007__ds0p01__dm0p3
Problem: QUBO
Kernel: rbf
Advantage: normalizedfitness
M: 4
lambda: 8
epsilon_svgd: 0.015
gamma: 0.007
decay_start_ratio: 0.01
decay_min_factor: 0.3
bandwith_kernel: None
no_interact: False
avg_score: -983.8800048828125
median_score: -977.5
std_score: 74.64131164550781
percentiles: 2%=-1131.3800048828125, 5%=-1103.6500244140625, 10%=-1084.300048828125, 25%=-1024.75, 50%=-977.5, 75%=-930.5, 90%=-890.5999755859375, 95%=-876.9500122070312, 98%=-848.9599609375
ranking_best_algo: SVMMetaModelLogNormal
ranking_best_score: 1233.7999999999997
ranking_my_rank: 278/504 (45.0%)
ranking_my_percent: 45.03968253968254
