ConfigName: krbf__advnormalizedfitness__M4__L15__eps0p033__g0p01__ds0p15__dm0p01
Problem: NK
Kernel: rbf
Advantage: normalizedfitness
M: 4
lambda: 15
epsilon_svgd: 0.033
gamma: 0.01
decay_start_ratio: 0.15
decay_min_factor: 0.01
bandwith_kernel: None
no_interact: False
avg_score: 0.7220455408096313
median_score: 0.7236355543136597
std_score: 0.010642731562256813
percentiles: 2%=0.6992360353469849, 5%=0.7034031748771667, 10%=0.7059106230735779, 25%=0.715009868144989, 50%=0.7236355543136597, 75%=0.7303305864334106, 90%=0.7336668372154236, 95%=0.7366718649864197, 98%=0.7398132681846619
ranking_best_algo: PBIL
ranking_best_score: 0.7248786399609374
ranking_my_rank: 2/504 (99.8%)
ranking_my_percent: 99.8015873015873
