ConfigName: kjsd__advperagentrankweighted__M5__L12__eps0p005__g0p0005__ds0p3__dm0p05
Problem: NK
Kernel: jsd
Advantage: peragentrankweighted
M: 5
lambda: 12
epsilon_svgd: 0.005
gamma: 0.0005
decay_start_ratio: 0.3
decay_min_factor: 0.05
bandwith_kernel: None
no_interact: False
avg_score: 0.7549228668212891
median_score: 0.7556794285774231
std_score: 0.013211388140916824
percentiles: 2%=0.7296013236045837, 5%=0.7348964810371399, 10%=0.7370615601539612, 25%=0.7449359893798828, 50%=0.7556794285774231, 75%=0.7658596038818359, 90%=0.7707092761993408, 95%=0.7754548788070679, 98%=0.7795602679252625
ranking_best_algo: Tabu
ranking_best_score: 0.7657846284375001
ranking_my_rank: 7/504 (98.8%)
ranking_my_percent: 98.80952380952381
