ConfigName: kjsd__advperagentrankweighted__M3__L18__eps0p005__g0p0005__ds0p1__dm0p1
Problem: QUBO
Kernel: jsd
Advantage: peragentrankweighted
M: 3
lambda: 18
epsilon_svgd: 0.005
gamma: 0.0005
decay_start_ratio: 0.1
decay_min_factor: 0.1
bandwith_kernel: None
no_interact: False
avg_score: -3297.419921875
median_score: -3294.0
std_score: 130.9938201904297
percentiles: 2%=-3535.4599609375, 5%=-3520.10009765625, 10%=-3463.300048828125, 25%=-3384.5, 50%=-3294.0, 75%=-3223.5, 90%=-3138.800048828125, 95%=-3088.699951171875, 98%=-3061.239990234375
ranking_best_algo: RLSOnePlusOne
ranking_best_score: 3316.5199999999995
ranking_my_rank: 3/504 (99.6%)
ranking_my_percent: 99.60317460317461
