ConfigName: kjsd__advperagentrankweighted__M4__L20__eps0p007__g0p0005__ds0p05__dm0p1
Problem: QUBO
Kernel: jsd
Advantage: peragentrankweighted
M: 4
lambda: 20
epsilon_svgd: 0.007
gamma: 0.0005
decay_start_ratio: 0.05
decay_min_factor: 0.1
bandwith_kernel: None
no_interact: False
avg_score: -429.739990234375
median_score: -425.5
std_score: 25.57288360595703
percentiles: 2%=-483.0, 5%=-477.0, 10%=-465.0, 25%=-447.0, 50%=-425.5, 75%=-411.75, 90%=-402.70001220703125, 95%=-392.8999938964844, 98%=-380.9800109863281
ranking_best_algo: CMAL3
ranking_best_score: 435.36
ranking_my_rank: 10/504 (98.2%)
ranking_my_percent: 98.21428571428571
