ConfigName: kjsd__advperagentrankweighted__M4__L20__eps0p005__g0p001__ds0p05__dm0p1
Problem: NK
Kernel: jsd
Advantage: peragentrankweighted
M: 4
lambda: 20
epsilon_svgd: 0.005
gamma: 0.001
decay_start_ratio: 0.05
decay_min_factor: 0.1
bandwith_kernel: None
no_interact: False
avg_score: 0.7138779163360596
median_score: 0.7125261425971985
std_score: 0.016491543501615524
percentiles: 2%=0.6807998418807983, 5%=0.6872150301933289, 10%=0.6930756568908691, 25%=0.7031458616256714, 50%=0.7125261425971985, 75%=0.7253624200820923, 90%=0.7369692325592041, 95%=0.7428852319717407, 98%=0.745157778263092
ranking_best_algo: Tabu
ranking_best_score: 0.7429702712499999
ranking_my_rank: 136/504 (73.2%)
ranking_my_percent: 73.21428571428571
