ConfigName: kjsd__advperagentrankweighted__M3__L18__eps0p01__g0p0007__ds0p1__dm0p05
Problem: NK
Kernel: jsd
Advantage: peragentrankweighted
M: 3
lambda: 18
epsilon_svgd: 0.01
gamma: 0.0007
decay_start_ratio: 0.1
decay_min_factor: 0.05
bandwith_kernel: None
no_interact: False
avg_score: 0.7423473596572876
median_score: 0.7408133745193481
std_score: 0.029510105028748512
percentiles: 2%=0.6926963925361633, 5%=0.7008658051490784, 10%=0.7088780403137207, 25%=0.7204318046569824, 50%=0.7408133745193481, 75%=0.7580187320709229, 90%=0.7756041884422302, 95%=0.8044298887252808, 98%=0.8118547797203064
ranking_best_algo: CMApara
ranking_best_score: 0.7459277895312499
ranking_my_rank: 20/504 (96.2%)
ranking_my_percent: 96.23015873015873
