ConfigName: krbf__advnormalizedfitness__M3__L8__eps0p025__g0p005__ds0p3__dm0p3
Problem: QUBO
Kernel: rbf
Advantage: normalizedfitness
M: 3
lambda: 8
epsilon_svgd: 0.025
gamma: 0.005
decay_start_ratio: 0.3
decay_min_factor: 0.3
bandwith_kernel: None
no_interact: False
avg_score: -440.2200012207031
median_score: -441.5
std_score: 28.009849548339844
percentiles: 2%=-487.0400085449219, 5%=-479.29998779296875, 10%=-475.0, 25%=-462.0, 50%=-441.5, 75%=-416.75, 90%=-402.79998779296875, 95%=-395.4000549316406, 98%=-383.9599914550781
ranking_best_algo: CMApara
ranking_best_score: 453.82
ranking_my_rank: 15/504 (97.2%)
ranking_my_percent: 97.22222222222223
