ConfigName: kjsd__advperagentrankweighted__M4__L12__eps0p03__g0p0007__ds0p05__dm0p05
Problem: NK
Kernel: jsd
Advantage: peragentrankweighted
M: 4
lambda: 12
epsilon_svgd: 0.03
gamma: 0.0007
decay_start_ratio: 0.05
decay_min_factor: 0.05
bandwith_kernel: None
no_interact: False
avg_score: 0.710120677947998
median_score: 0.7099984288215637
std_score: 0.005767077207565308
percentiles: 2%=0.6993206143379211, 5%=0.6996310949325562, 10%=0.7018632888793945, 25%=0.7060110569000244, 50%=0.7099984288215637, 75%=0.7147781848907471, 90%=0.7175123691558838, 95%=0.7189216017723083, 98%=0.7195279002189636
ranking_best_algo: PBIL
ranking_best_score: 0.7170882103515624
ranking_my_rank: 48/504 (90.7%)
ranking_my_percent: 90.67460317460318
