ConfigName: kjsd__advperagentrankweighted__M4__L8__eps0p02__g0p0003__ds0p2__dm0p05
Problem: QUBO
Kernel: jsd
Advantage: peragentrankweighted
M: 4
lambda: 8
epsilon_svgd: 0.02
gamma: 0.0003
decay_start_ratio: 0.2
decay_min_factor: 0.05
bandwith_kernel: None
no_interact: False
avg_score: -2544.719970703125
median_score: -2543.0
std_score: 124.08981323242188
percentiles: 2%=-2794.8798828125, 5%=-2765.75, 10%=-2707.39990234375, 25%=-2622.5, 50%=-2543.0, 75%=-2459.75, 90%=-2391.300048828125, 95%=-2358.35009765625, 98%=-2294.97998046875
ranking_best_algo: DiscreteLengler2OnePlusOne
ranking_best_score: 2617.04
ranking_my_rank: 56/504 (89.1%)
ranking_my_percent: 89.08730158730158
