ConfigName: kjsd__advperagentrankweighted__M3__L24__eps0p005__g0p0005__ds0p2__dm0p1
Problem: NK
Kernel: jsd
Advantage: peragentrankweighted
M: 3
lambda: 24
epsilon_svgd: 0.005
gamma: 0.0005
decay_start_ratio: 0.2
decay_min_factor: 0.1
bandwith_kernel: None
no_interact: False
avg_score: 0.7193720936775208
median_score: 0.718818724155426
std_score: 0.008023116737604141
percentiles: 2%=0.7065812349319458, 5%=0.7093766927719116, 10%=0.7101176381111145, 25%=0.7126849889755249, 50%=0.718818724155426, 75%=0.7241238951683044, 90%=0.7310205698013306, 95%=0.7341955900192261, 98%=0.7364820837974548
ranking_best_algo: PBIL
ranking_best_score: 0.7170882103515624
ranking_my_rank: 1/504 (100.0%)
ranking_my_percent: 100.0
