ConfigName: krbf__advnormalizedfitness__M3__L10__eps0p015__g0p01__ds0p3__dm0p3
Problem: QUBO
Kernel: rbf
Advantage: normalizedfitness
M: 3
lambda: 10
epsilon_svgd: 0.015
gamma: 0.01
decay_start_ratio: 0.3
decay_min_factor: 0.3
bandwith_kernel: None
no_interact: False
avg_score: -408.5199890136719
median_score: -410.0
std_score: 25.24855613708496
percentiles: 2%=-457.0400085449219, 5%=-447.3500061035156, 10%=-439.1000061035156, 25%=-426.0, 50%=-410.0, 75%=-390.0, 90%=-377.79998779296875, 95%=-367.60003662109375, 98%=-355.91998291015625
ranking_best_algo: Tabu
ranking_best_score: 438.12
ranking_my_rank: 140/504 (72.4%)
ranking_my_percent: 72.42063492063492
