ConfigName: kfr__advglobalrankweighted__M1__L10__eps0p01__g0p005__ds0p01__dm0p01
Problem: QUBO
Kernel: fr
Advantage: globalrankweighted
M: 1
lambda: 10
epsilon_svgd: 0.01
gamma: 0.005
decay_start_ratio: 0.01
decay_min_factor: 0.01
bandwith_kernel: None
no_interact: False
avg_score: -2556.300048828125
median_score: -2554.5
std_score: 129.85818481445312
percentiles: 2%=-2821.139892578125, 5%=-2799.25, 10%=-2736.10009765625, 25%=-2634.5, 50%=-2554.5, 75%=-2459.75, 90%=-2407.699951171875, 95%=-2377.60009765625, 98%=-2309.419921875
ranking_best_algo: SVM1MetaModelLogNormal
ranking_best_score: 2605.14
ranking_my_rank: 41/504 (92.1%)
ranking_my_percent: 92.06349206349206
