ConfigName: krbf__advnormalizedfitness__M3__L10__eps0p025__g0p005__ds0p01__dm0p3
Problem: NK
Kernel: rbf
Advantage: normalizedfitness
M: 3
lambda: 10
epsilon_svgd: 0.025
gamma: 0.005
decay_start_ratio: 0.01
decay_min_factor: 0.3
bandwith_kernel: None
no_interact: False
avg_score: 0.7344986796379089
median_score: 0.7364833354949951
std_score: 0.009070301428437233
percentiles: 2%=0.7139026522636414, 5%=0.717798113822937, 10%=0.720745325088501, 25%=0.7276489734649658, 50%=0.7364833354949951, 75%=0.7419600486755371, 90%=0.7443854808807373, 95%=0.7458115816116333, 98%=0.7474382519721985
ranking_best_algo: PBIL
ranking_best_score: 0.7248786399609374
ranking_my_rank: 1/504 (100.0%)
ranking_my_percent: 100.0
