ConfigName: kjsd__advperagentrankweighted__M6__L10__eps0p02__g0p0007__ds0p05__dm0p05
Problem: NK
Kernel: jsd
Advantage: peragentrankweighted
M: 6
lambda: 10
epsilon_svgd: 0.02
gamma: 0.0007
decay_start_ratio: 0.05
decay_min_factor: 0.05
bandwith_kernel: None
no_interact: False
avg_score: 0.7096304893493652
median_score: 0.7108830213546753
std_score: 0.01581493765115738
percentiles: 2%=0.6689093112945557, 5%=0.6712243556976318, 10%=0.6911556124687195, 25%=0.7071541547775269, 50%=0.7108830213546753, 75%=0.7187508344650269, 90%=0.725104033946991, 95%=0.7333403825759888, 98%=0.7340100407600403
ranking_best_algo: CMApara
ranking_best_score: 0.707475975
ranking_my_rank: 1/504 (100.0%)
ranking_my_percent: 100.0
