ConfigName: krbf__advnormalizedfitness__M5__L24__eps0p025__g0p01__ds0p05__dm0p05
Problem: QUBO
Kernel: rbf
Advantage: normalizedfitness
M: 5
lambda: 24
epsilon_svgd: 0.025
gamma: 0.01
decay_start_ratio: 0.05
decay_min_factor: 0.05
bandwith_kernel: None
no_interact: False
avg_score: -303.05999755859375
median_score: -302.0
std_score: 35.51107406616211
percentiles: 2%=-371.0400085449219, 5%=-358.0, 10%=-350.0, 25%=-330.25, 50%=-302.0, 75%=-273.0, 90%=-256.0, 95%=-246.8000030517578, 98%=-240.9600067138672
ranking_best_algo: CMAL3
ranking_best_score: 435.36
ranking_my_rank: 355/504 (29.8%)
ranking_my_percent: 29.761904761904763
