ConfigName: kjsd__advperagentrankweighted__M4__L8__eps0p01__g0p0005__ds0p2__dm0p05
Problem: QUBO
Kernel: jsd
Advantage: peragentrankweighted
M: 4
lambda: 8
epsilon_svgd: 0.01
gamma: 0.0005
decay_start_ratio: 0.2
decay_min_factor: 0.05
bandwith_kernel: None
no_interact: False
avg_score: -1299.739990234375
median_score: -1292.0
std_score: 56.59675216674805
percentiles: 2%=-1403.4000244140625, 5%=-1398.050048828125, 10%=-1379.300048828125, 25%=-1337.75, 50%=-1292.0, 75%=-1260.75, 90%=-1237.0999755859375, 95%=-1214.9000244140625, 98%=-1212.8800048828125
ranking_best_algo: BigLognormalDiscreteOnePlusOne
ranking_best_score: 1301.3600000000004
ranking_my_rank: 2/504 (99.8%)
ranking_my_percent: 99.8015873015873
