ConfigName: krbf__advnormalizedfitness__M4__L10__eps0p03__g0p002__ds0p05__dm0p05
Problem: NK
Kernel: rbf
Advantage: normalizedfitness
M: 4
lambda: 10
epsilon_svgd: 0.03
gamma: 0.002
decay_start_ratio: 0.05
decay_min_factor: 0.05
bandwith_kernel: None
no_interact: False
avg_score: 0.7385754585266113
median_score: 0.7388306260108948
std_score: 0.010500967502593994
percentiles: 2%=0.7168155312538147, 5%=0.717570960521698, 10%=0.724616289138794, 25%=0.7328687310218811, 50%=0.7388306260108948, 75%=0.7459203004837036, 90%=0.7509003281593323, 95%=0.756126880645752, 98%=0.7571795582771301
ranking_best_algo: PBIL
ranking_best_score: 0.733570253046875
ranking_my_rank: 1/504 (100.0%)
ranking_my_percent: 100.0
