ConfigName: krbf__advnormalizedfitness__M1__L8__eps0p025__g0p005__ds0p15__dm0p3
Problem: QUBO
Kernel: rbf
Advantage: normalizedfitness
M: 1
lambda: 8
epsilon_svgd: 0.025
gamma: 0.005
decay_start_ratio: 0.15
decay_min_factor: 0.3
bandwith_kernel: None
no_interact: False
avg_score: -313.6400146484375
median_score: -314.0
std_score: 26.709367752075195
percentiles: 2%=-372.0, 5%=-354.04998779296875, 10%=-350.0, 25%=-333.0, 50%=-314.0, 75%=-294.0, 90%=-280.0, 95%=-271.8000183105469, 98%=-266.73992919921875
ranking_best_algo: CMApara
ranking_best_score: 344.22
ranking_my_rank: 242/504 (52.2%)
ranking_my_percent: 52.182539682539684
