ConfigName: krbf__advnormalizedfitness__M3__L10__eps0p03__g0p005__ds0p05__dm0p05
Problem: QUBO
Kernel: rbf
Advantage: normalizedfitness
M: 3
lambda: 10
epsilon_svgd: 0.03
gamma: 0.005
decay_start_ratio: 0.05
decay_min_factor: 0.05
bandwith_kernel: None
no_interact: False
avg_score: -3237.4599609375
median_score: -3225.0
std_score: 125.1088638305664
percentiles: 2%=-3509.280029296875, 5%=-3450.199951171875, 10%=-3405.10009765625, 25%=-3316.75, 50%=-3225.0, 75%=-3163.75, 90%=-3096.300048828125, 95%=-3016.300048828125, 98%=-2991.4599609375
ranking_best_algo: RLSOnePlusOne
ranking_best_score: 3316.5199999999995
ranking_my_rank: 42/504 (91.9%)
ranking_my_percent: 91.86507936507937
