ConfigName: krbf__advnormalizedfitness__M4__L8__eps0p033__g0p015__ds0p3__dm0p3
Problem: QUBO
Kernel: rbf
Advantage: normalizedfitness
M: 4
lambda: 8
epsilon_svgd: 0.033
gamma: 0.015
decay_start_ratio: 0.3
decay_min_factor: 0.3
bandwith_kernel: None
no_interact: False
avg_score: -807.3800048828125
median_score: -793.5
std_score: 77.63605499267578
percentiles: 2%=-982.1599731445312, 5%=-961.2000122070312, 10%=-923.7000122070312, 25%=-851.5, 50%=-793.5, 75%=-756.0, 90%=-720.4000244140625, 95%=-693.550048828125, 98%=-683.719970703125
ranking_best_algo: CMAL3
ranking_best_score: 928.5800000000002
ranking_my_rank: 267/504 (47.2%)
ranking_my_percent: 47.22222222222222
