ConfigName: krbf__advnormalizedfitness__M1__L8__eps0p025__g0p01__ds0p01__dm0p01
Problem: NK
Kernel: rbf
Advantage: normalizedfitness
M: 1
lambda: 8
epsilon_svgd: 0.025
gamma: 0.01
decay_start_ratio: 0.01
decay_min_factor: 0.01
bandwith_kernel: None
no_interact: False
avg_score: 0.7370836138725281
median_score: 0.7341828942298889
std_score: 0.028579913079738617
percentiles: 2%=0.6918320655822754, 5%=0.7018787264823914, 10%=0.7061524987220764, 25%=0.7178847789764404, 50%=0.7341828942298889, 75%=0.7488314509391785, 90%=0.767992377281189, 95%=0.8035240769386292, 98%=0.8109671473503113
ranking_best_algo: CMApara
ranking_best_score: 0.7459277895312499
ranking_my_rank: 82/504 (83.9%)
ranking_my_percent: 83.92857142857143
