ConfigName: krbf__advnormalizedfitness__M3__L8__eps0p025__g0p005__ds0p01__dm0p3
Problem: QUBO
Kernel: rbf
Advantage: normalizedfitness
M: 3
lambda: 8
epsilon_svgd: 0.025
gamma: 0.005
decay_start_ratio: 0.01
decay_min_factor: 0.3
bandwith_kernel: None
no_interact: False
avg_score: -1594.260009765625
median_score: -1596.0
std_score: 68.04375457763672
percentiles: 2%=-1742.280029296875, 5%=-1697.9000244140625, 10%=-1679.199951171875, 25%=-1644.0, 50%=-1596.0, 75%=-1546.75, 90%=-1504.0, 95%=-1480.7000732421875, 98%=-1468.919921875
ranking_best_algo: NLOPT_LN_PRAXIS
ranking_best_score: 1607.12
ranking_my_rank: 38/504 (92.7%)
ranking_my_percent: 92.65873015873017
