ConfigName: krbf__advnormalizedfitness__M3__L15__eps0p015__g0p007__ds0p3__dm0p3
Problem: QUBO
Kernel: rbf
Advantage: normalizedfitness
M: 3
lambda: 15
epsilon_svgd: 0.015
gamma: 0.007
decay_start_ratio: 0.3
decay_min_factor: 0.3
bandwith_kernel: None
no_interact: False
avg_score: -328.739990234375
median_score: -328.0
std_score: 22.77218246459961
percentiles: 2%=-372.0, 5%=-372.0, 10%=-351.29998779296875, 25%=-342.25, 50%=-328.0, 75%=-312.0, 90%=-298.8999938964844, 95%=-292.95001220703125, 98%=-279.9599914550781
ranking_best_algo: CMApara
ranking_best_score: 344.22
ranking_my_rank: 83/504 (83.7%)
ranking_my_percent: 83.73015873015873
