ConfigName: krbf__advnormalizedfitness__M2__L8__eps0p015__g0p01__ds0p15__dm0p01
Problem: QUBO
Kernel: rbf
Advantage: normalizedfitness
M: 2
lambda: 8
epsilon_svgd: 0.015
gamma: 0.01
decay_start_ratio: 0.15
decay_min_factor: 0.01
bandwith_kernel: None
no_interact: False
avg_score: -441.70001220703125
median_score: -443.5
std_score: 25.812206268310547
percentiles: 2%=-492.0, 5%=-481.1499938964844, 10%=-472.0, 25%=-463.0, 50%=-443.5, 75%=-420.0, 90%=-410.70001220703125, 95%=-398.0, 98%=-388.9800109863281
ranking_best_algo: CMApara
ranking_best_score: 453.82
ranking_my_rank: 11/504 (98.0%)
ranking_my_percent: 98.01587301587301
