ConfigName: krbf__advnormalizedfitness__M3__L8__eps0p015__g0p015__ds0p15__dm0p3
Problem: NK
Kernel: rbf
Advantage: normalizedfitness
M: 3
lambda: 8
epsilon_svgd: 0.015
gamma: 0.015
decay_start_ratio: 0.15
decay_min_factor: 0.3
bandwith_kernel: None
no_interact: False
avg_score: 0.6861013174057007
median_score: 0.6889368891716003
std_score: 0.01167683769017458
percentiles: 2%=0.6677802205085754, 5%=0.6694704294204712, 10%=0.6702093482017517, 25%=0.6749542951583862, 50%=0.6889368891716003, 75%=0.6958694458007812, 90%=0.7008328437805176, 95%=0.7026424407958984, 98%=0.7041298747062683
ranking_best_algo: PBIL
ranking_best_score: 0.7013553837109374
ranking_my_rank: 90/504 (82.3%)
ranking_my_percent: 82.34126984126983
