ConfigName: kjsd__advperagentrankweighted__M5__L28__eps0p008__g0p0005__ds0p05__dm0p05
Problem: QUBO
Kernel: jsd
Advantage: peragentrankweighted
M: 5
lambda: 28
epsilon_svgd: 0.008
gamma: 0.0005
decay_start_ratio: 0.05
decay_min_factor: 0.05
bandwith_kernel: None
no_interact: False
avg_score: -1612.300048828125
median_score: -1611.0
std_score: 63.73986053466797
percentiles: 2%=-1725.239990234375, 5%=-1709.300048828125, 10%=-1693.5, 25%=-1655.25, 50%=-1611.0, 75%=-1576.75, 90%=-1525.699951171875, 95%=-1510.949951171875, 98%=-1469.8199462890625
ranking_best_algo: NLOPT_LN_PRAXIS
ranking_best_score: 1607.12
ranking_my_rank: 1/504 (100.0%)
ranking_my_percent: 100.0
