ConfigName: kjsd__advperagentrankweighted__M3__L16__eps0p005__g0p0005__ds0p2__dm0p2
Problem: NK
Kernel: jsd
Advantage: peragentrankweighted
M: 3
lambda: 16
epsilon_svgd: 0.005
gamma: 0.0005
decay_start_ratio: 0.2
decay_min_factor: 0.2
bandwith_kernel: None
no_interact: False
avg_score: 0.7430793046951294
median_score: 0.7408133745193481
std_score: 0.028682401403784752
percentiles: 2%=0.7019827365875244, 5%=0.7057454586029053, 10%=0.710460364818573, 25%=0.72123122215271, 50%=0.7408133745193481, 75%=0.7569479942321777, 90%=0.7782467603683472, 95%=0.8048011064529419, 98%=0.8118547797203064
ranking_best_algo: CMApara
ranking_best_score: 0.7459277895312499
ranking_my_rank: 13/504 (97.6%)
ranking_my_percent: 97.61904761904762
