ConfigName: kjsd__advperagentrankweighted__M4__L12__eps0p005__g0p001__ds0p05__dm0p05
Problem: NK
Kernel: jsd
Advantage: peragentrankweighted
M: 4
lambda: 12
epsilon_svgd: 0.005
gamma: 0.001
decay_start_ratio: 0.05
decay_min_factor: 0.05
bandwith_kernel: None
no_interact: False
avg_score: 0.7106029391288757
median_score: 0.7117656469345093
std_score: 0.015463271178305149
percentiles: 2%=0.671334981918335, 5%=0.6730666756629944, 10%=0.6956361532211304, 25%=0.7070224285125732, 50%=0.7117656469345093, 75%=0.7194061875343323, 90%=0.7255520820617676, 95%=0.7325214147567749, 98%=0.7333963513374329
ranking_best_algo: CMApara
ranking_best_score: 0.707475975
ranking_my_rank: 1/504 (100.0%)
ranking_my_percent: 100.0
