ConfigName: krbf__advnormalizedfitness__M2__L6__eps0p01__g0p015__ds0p3__dm0p01
Problem: QUBO
Kernel: rbf
Advantage: normalizedfitness
M: 2
lambda: 6
epsilon_svgd: 0.01
gamma: 0.015
decay_start_ratio: 0.3
decay_min_factor: 0.01
bandwith_kernel: None
no_interact: False
avg_score: -417.5199890136719
median_score: -418.0
std_score: 26.720956802368164
percentiles: 2%=-469.0799865722656, 5%=-463.20001220703125, 10%=-454.1000061035156, 25%=-434.0, 50%=-418.0, 75%=-398.75, 90%=-381.79998779296875, 95%=-374.0, 98%=-369.7999572753906
ranking_best_algo: Tabu
ranking_best_score: 438.12
ranking_my_rank: 40/504 (92.3%)
ranking_my_percent: 92.26190476190476
