512 2
0
225
379
1
304
328
2
205
242
3
72
437
4
344
347
5
77
323
6
123
454
7
342
467
8
85
477
9
127
348
10
415
469
11
164
417
12
109
243
13
408
498
14
58
76
15
23
333
15
16
230
17
196
494
18
288
334
19
97
418
20
52
289
21
146
401
17
22
363
23
115
151
24
69
200
25
116
194
26
301
399
27
210
455
28
121
509
29
382
426
30
148
380
31
217
489
32
152
171
33
68
225
34
367
374
35
416
452
36
56
425
37
156
171
38
441
498
39
376
453
19
40
175
41
51
429
26
42
367
43
47
386
44
221
471
45
382
434
46
60
104
47
208
247
18
48
424
49
293
412
50
125
186
51
100
365
52
78
330
53
201
389
32
54
68
55
136
209
56
201
453
57
350
446
52
58
152
17
59
476
60
364
372
61
136
357
62
316
372
63
218
494
64
450
461
65
237
434
66
117
294
62
67
406
68
102
501
69
236
322
70
76
231
71
390
480
72
184
443
73
189
403
74
405
426
75
97
151
76
81
411
77
100
401
78
145
291
23
79
288
48
80
250
35
81
126
82
101
437
83
406
455
46
84
166
85
105
164
13
84
86
87
302
486
88
372
424
89
290
326
90
342
374
91
122
459
50
92
151
24
93
340
94
303
366
95
406
500
18
96
145
0
32
97
68
98
389
9
99
207
70
100
202
56
101
130
102
104
473
103
206
379
104
142
203
105
239
482
106
312
454
92
107
450
80
108
420
109
185
303
58
110
192
55
111
138
90
112
276
14
113
208
114
150
494
115
229
344
116
157
480
117
235
425
118
123
380
119
181
454
120
305
392
121
227
509
87
122
157
87
123
423
28
124
348
125
213
234
126
204
342
127
200
485
128
155
490
73
129
139
130
204
346
104
131
183
106
132
208
133
200
353
64
134
455
112
135
168
136
250
419
137
235
459
115
138
384
139
322
342
91
140
251
141
182
272
142
261
476
143
162
286
144
260
328
145
254
370
122
146
350
31
147
152
148
258
367
149
271
354
30
91
150
52
151
279
152
428
508
146
153
436
134
154
313
43
155
430
156
466
489
157
294
395
158
363
464
159
331
498
160
187
397
135
161
183
162
292
497
163
179
446
124
145
164
165
318
333
70
166
465
111
167
491
168
198
506
169
182
375
170
330
436
132
171
266
172
278
306
76
142
173
57
62
174
122
175
232
176
190
379
172
177
340
18
178
495
91
179
314
180
256
288
181
356
503
78
182
511
6
183
421
53
184
244
185
234
436
166
186
454
187
250
260
188
293
488
189
388
439
73
190
312
174
191
328
148
182
192
193
415
433
194
338
370
142
195
211
154
196
232
162
197
470
198
326
415
82
199
217
59
140
200
119
181
201
31
202
498
82
203
245
137
204
282
147
205
394
206
277
480
109
200
207
208
392
406
54
126
209
210
286
485
115
154
211
50
167
212
128
213
376
214
274
477
215
233
431
216
223
350
107
217
316
157
218
290
83
144
219
213
220
408
221
240
438
114
222
304
121
223
283
202
224
382
182
225
272
109
215
226
106
144
227
64
228
277
18
229
453
76
192
230
42
85
231
181
232
434
233
235
369
129
193
234
174
235
239
136
236
307
95
237
406
238
416
470
67
239
331
240
302
376
241
317
498
242
403
494
54
224
243
229
244
320
57
245
355
92
215
246
152
247
264
208
248
365
26
249
487
50
250
464
208
251
338
252
357
429
160
253
283
62
254
491
219
255
510
61
256
437
101
123
257
258
365
461
88
232
259
86
192
260
206
261
367
29
262
317
43
263
411
135
264
394
249
265
492
89
266
466
26
267
326
268
365
378
237
269
416
42
270
485
114
266
271
272
326
397
198
273
374
62
225
274
20
261
275
129
276
504
277
421
506
84
212
278
13
77
279
118
280
457
201
281
444
214
282
457
283
300
329
153
284
466
50
285
321
46
286
446
139
287
387
206
288
477
215
288
289
81
290
304
149
284
291
292
309
465
154
260
293
238
294
408
124
295
437
57
282
296
297
389
500
298
424
471
230
296
299
21
300
302
150
229
301
300
302
455
156
303
350
23
304
428
143
305
385
215
306
313
307
315
382
152
308
450
165
309
460
58
198
310
284
311
440
19
312
426
125
156
313
80
124
314
315
473
500
35
93
316
134
317
501
203
318
330
86
109
319
98
306
320
290
321
430
26
180
322
323
328
475
47
253
324
192
312
325
41
226
326
102
120
327
144
328
467
195
290
329
207
330
366
12
149
331
283
332
395
235
271
333
166
334
341
335
461
504
82
336
480
35
304
337
142
338
343
191
339
414
218
331
340
198
341
372
271
342
344
11
84
343
309
344
401
345
470
496
114
310
346
26
347
426
127
322
348
19
349
434
128
350
471
137
169
351
195
352
504
252
294
353
91
264
354
118
301
355
273
356
474
258
271
357
166
358
424
210
359
450
293
360
511
106
361
496
58
130
362
309
312
363
34
364
378
131
365
474
366
398
440
11
176
367
111
184
368
285
369
387
227
370
412
97
303
371
15
188
372
287
373
497
242
374
459
199
375
433
279
376
407
2
160
377
61
372
378
49
269
379
65
380
480
151
298
381
244
382
432
84
383
437
319
328
384
96
260
385
333
386
403
362
387
412
252
321
388
32
179
389
214
226
390
116
348
391
87
109
392
221
393
431
290
394
457
373
395
424
119
249
396
213
381
397
201
398
491
175
248
399
136
358
400
247
342
401
333
402
403
17
403
414
260
404
490
157
338
405
6
293
406
194
352
407
2
334
408
245
409
423
155
410
501
411
447
479
7
347
412
236
265
413
0
151
414
79
219
415
401
416
445
31
134
417
257
376
418
121
363
419
109
333
420
117
272
421
360
417
422
202
249
423
120
424
486
199
347
425
186
224
426
74
427
498
63
246
428
186
236
429
149
308
430
270
431
460
427
432
472
8
157
433
234
286
434
51
301
435
105
380
436
196
262
437
209
273
438
81
230
439
235
333
440
184
418
441
74
197
442
191
390
443
89
243
444
256
445
489
234
371
446
227
447
449
124
362
448
30
289
449
198
325
450
227
333
451
8
331
452
44
453
492
56
306
454
165
352
455
88
189
456
56
68
457
104
458
475
149
453
459
97
349
460
105
143
461
160
289
462
269
380
463
356
464
467
311
415
465
102
370
466
236
330
467
29
468
488
73
163
469
160
470
474
74
255
471
81
205
472
395
454
473
277
390
474
67
469
475
239
476
508
13
193
477
56
116
478
139
295
479
241
380
480
286
396
481
129
384
482
0
258
483
58
463
484
285
391
485
289
338
486
62
164
487
124
296
488
41
132
489
65
118
490
57
253
491
59
492
494
213
237
493
4
330
494
3
336
495
142
358
496
280
378
497
168
346
498
253
352
499
3
72
500
132
207
501
141
156
502
143
209
503
350
381
504
93
253
505
296
442
506
101
162
507
18
298
508
253
397
509
107
397
510
134
322
511
0.018995996564626694
0.006953691132366657
0.5815945267677307
0.15920743346214294
0.5671630501747131
0.9206725358963013
0.34279537200927734
0.6631030440330505
0.05529488995671272
0.6970232725143433
0.9811989068984985
0.7821006178855896
0.29012563824653625
0.2874486446380615
0.6037187576293945
0.21190917491912842
0.7527384161949158
0.17754411697387695
0.017836468294262886
0.93929123878479
0.14955340325832367
0.3048185110092163
0.8888376355171204
0.6557920575141907
0.9818899631500244
0.3256160020828247
0.3903438150882721
0.384698748588562
0.8097521066665649
0.9073600769042969
0.3160129189491272
0.8898743987083435
0.3832917809486389
0.4941466450691223
0.32969754934310913
0.8860931992530823
0.2587725818157196
0.6278501152992249
0.7140858769416809
0.42650842666625977
0.059501923620700836
0.819037914276123
0.7421333193778992
0.7487674355506897
0.871120274066925
0.8661715388298035
0.7602958679199219
0.3927376866340637
0.7009803652763367
0.29762449860572815
0.9775112271308899
0.09544166177511215
0.26954683661460876
0.8157978057861328
0.40999549627304077
0.6237314343452454
0.8898900747299194
0.7921441793441772
0.865799605846405
0.5905727744102478
0.9935472011566162
0.2129448801279068
0.3430270552635193
0.08612896502017975
0.4647579789161682
0.6348256468772888
0.38774603605270386
0.20743060111999512
0.7510091066360474
0.06833471357822418
0.5109100937843323
0.36642780900001526
0.11678735911846161
0.4031142294406891
0.21736237406730652
0.6522409915924072
0.5711144804954529
0.2309991419315338
0.42071524262428284
0.2079237699508667
0.7405028343200684
0.919014573097229
0.6531426310539246
0.27885109186172485
0.39731016755104065
0.5625364780426025
0.03040461242198944
0.9161182641983032
0.021757598966360092
0.5623569488525391
0.13299378752708435
0.3721250295639038
0.013380017131567001
0.13077911734580994
0.4625166058540344
0.646490752696991
0.982144832611084
0.6606594920158386
0.6623613238334656
0.7552626132965088
0.2812913656234741
0.8778124451637268
0.46336376667022705
0.3548651933670044
0.33809423446655273
0.13171444833278656
0.6635818481445312
0.8963305950164795
0.9559774994850159
0.03702233359217644
0.17639531195163727
0.3275373876094818
0.23326334357261658
0.06012639403343201
0.2754974663257599
0.7824607491493225
0.08569136261940002
0.3698076009750366
0.11181699484586716
0.667932391166687
0.3248010575771332
0.6938101053237915
0.4858648478984833
0.9747725129127502
0.88862144947052
0.18396776914596558
0.9018888473510742
0.7607800960540771
0.9937999248504639
0.40969982743263245
0.776454508304596
0.6109603047370911
0.10533666610717773
0.24484489858150482
0.7201422452926636
0.2474825084209442
0.32833436131477356
0.08123297244310379
0.4079626500606537
0.3601970076560974
0.8040230870246887
0.2645431160926819
0.6301686763763428
0.46842631697654724
0.7059603333473206
0.7751791477203369
0.277362585067749
0.8502470254898071
0.7867221832275391
0.5755760669708252
0.004699229262769222
0.24664492905139923
0.9614385366439819
0.03323815017938614
0.48320719599723816
0.4913327395915985
0.2090412676334381
0.02303267829120159
0.02792942337691784
0.28607404232025146
0.37391477823257446
0.16691447794437408
0.9472050666809082
0.4520341157913208
0.869533896446228
0.9124428033828735
0.9008651971817017
0.6576366424560547
0.6833146214485168
0.6803387999534607
0.5853803157806396
0.3163447976112366
0.333110511302948
0.5329694747924805
0.1914704442024231
0.23124802112579346
0.17889529466629028
0.9316978454589844
0.9104812145233154
0.9934195280075073
0.6209201812744141
0.8998844623565674
0.8073238134384155
0.5152891874313354
0.5517253279685974
0.43393224477767944
0.9496113061904907
0.3911263644695282
0.5856522917747498
0.3680722713470459
0.3159612715244293
0.7259945273399353
0.9974345564842224
0.8820129036903381
0.3134700655937195
0.4502519369125366
0.04022720456123352
0.8841968178749084
0.9812594056129456
0.8580296039581299
0.9929983615875244
0.9703645706176758
0.0632186010479927
0.1218378022313118
0.6138807535171509
0.6599544286727905
0.2222977578639984
0.8438399434089661
0.6450121402740479
0.36510705947875977
0.381187379360199
0.991220235824585
0.6705321073532104
0.6017190217971802
0.17996887862682343
0.9025416374206543
0.2895454168319702
0.5423606634140015
0.273834764957428
0.7405470013618469
0.31417903304100037
0.3814641535282135
0.4071882963180542
0.6111240386962891
0.7101308107376099
0.24385720491409302
0.42355915904045105
0.16486327350139618
0.7645068168640137
0.7681668400764465
0.2432970404624939
0.6109877824783325
0.058368176221847534
0.4606611132621765
0.8873956203460693
0.8194302916526794
0.053442131727933884
0.5137667059898376
0.03479359298944473
0.4588106870651245
0.33467918634414673
0.3286447525024414
0.7518082857131958
0.17882868647575378
0.30768662691116333
0.703416109085083
0.43873146176338196
0.35990986227989197
0.11330165714025497
0.22150056064128876
0.5055214166641235
0.8154258728027344
0.227582648396492
0.10854935646057129
0.9104242920875549
0.6888112425804138
0.4476044178009033
0.7309510111808777
0.888921856880188
0.6843876242637634
0.8835914134979248
0.7702146768569946
0.8041806817054749
0.477373868227005
0.012530540116131306
0.06442291289567947
0.9989131093025208
0.8574521541595459
0.9951692819595337
0.3253622353076935
0.9705848097801208
0.620790421962738
0.9349023699760437
0.6211122870445251
0.6835026144981384
0.3751705586910248
0.5081325173377991
0.4514220654964447
0.10025212168693542
0.7191973328590393
0.710396945476532
0.7576350569725037
0.5494025349617004
0.6864084601402283
0.9373607635498047
0.18423958122730255
0.5771099925041199
0.47854623198509216
0.3380638062953949
0.6507182121276855
0.06446179747581482
0.09460565447807312
0.15148471295833588
0.6455153226852417
0.3964289128780365
0.554759681224823
0.8162897825241089
0.1952088177204132
0.3374750316143036
0.3111335039138794
0.9227776527404785
0.8497398495674133
0.33510076999664307
0.04444992169737816
0.8791399598121643
0.33715468645095825
0.545055091381073
0.340628981590271
0.49837395548820496
0.9811505079269409
0.5145720839500427
0.532892644405365
0.6146193146705627
0.6168385744094849
0.443219929933548
0.13565368950366974
0.7653756737709045
0.48297280073165894
0.1883106380701065
0.42684653401374817
0.5360674858093262
0.42568811774253845
0.0254514217376709
0.21413452923297882
0.8485531806945801
0.08311370760202408
0.22793811559677124
0.70498126745224
0.9787828326225281
0.9976169466972351
0.44386720657348633
0.5174050331115723
0.27284449338912964
0.20839044451713562
0.7689733505249023
0.31678569316864014
0.4622425436973572
0.6434760689735413
0.28964829444885254
0.9168450236320496
0.5944880843162537
0.48534342646598816
0.2667447030544281
0.28476396203041077
0.9783271551132202
0.4641083776950836
0.9354636073112488
0.17598304152488708
0.5903598666191101
0.8563500642776489
0.2080896645784378
0.8250281810760498
0.9216495156288147
0.3858180642127991
0.4998128116130829
0.3387854993343353
0.7702659964561462
0.36976468563079834
0.7536119222640991
0.9070043563842773
0.9817681312561035
0.07575756311416626
0.20910446345806122
0.45102977752685547
0.3050714433193207
0.048610661178827286
0.6002156138420105
0.3793892562389374
0.1797982156276703
0.027136795222759247
0.6624473929405212
0.21299134194850922
0.5851961970329285
0.4954043924808502
0.7529184818267822
0.3162423372268677
0.22316142916679382
0.4761042892932892
0.268206924200058
0.8202764987945557
0.38096413016319275
0.25560805201530457
0.22724169492721558
0.19171561300754547
0.44024911522865295
0.7130681276321411
0.943468451499939
0.74180006980896
0.5089622139930725
0.06901804357767105
0.14463385939598083
0.13432914018630981
0.16022035479545593
0.2616962194442749
0.20134711265563965
0.936911940574646
0.07234539836645126
0.8903444409370422
0.12355165928602219
0.7130364775657654
0.6985143423080444
0.6738489866256714
0.17882758378982544
0.23839160799980164
0.38407355546951294
0.8963363170623779
0.34792375564575195
0.5228183269500732
0.3689284324645996
0.35588130354881287
0.7055966258049011
0.9441763758659363
0.18196432292461395
0.5938324928283691
0.6598363518714905
0.3275034725666046
0.6085897088050842
0.5729429721832275
0.5437747240066528
0.7781755924224854
0.3840831220149994
0.41581040620803833
0.6949753165245056
0.7802221775054932
0.2616231143474579
0.8252784609794617
0.6057505011558533
0.6576840877532959
0.4808359146118164
0.48877525329589844
0.6092141270637512
0.16965621709823608
0.08294856548309326
0.5083997249603271
0.6464370489120483
0.8602945804595947
0.5314957499504089
0.9671171307563782
0.8480322360992432
0.25708380341529846
0.5741171836853027
0.8358404040336609
0.9559750556945801
0.917374849319458
0.2547418177127838
0.8731377720832825
0.179812952876091
0.34770897030830383
0.5451251268386841
0.9485638737678528
0.9433437585830688
0.9311317801475525
0.8645395040512085
0.4148741066455841
0.6667718291282654
0.5378836989402771
0.217132568359375
0.33587947487831116
0.505440890789032
0.6605840921401978
0.882357656955719
0.8641946911811829
0.9650663733482361
0.44238466024398804
0.6887645125389099
0.9329612851142883
0.9828438758850098
0.3826139569282532
0.5261626243591309
0.8361269235610962
0.29785507917404175
0.6153965592384338
0.6474432349205017
0.7080760598182678
0.21606336534023285
0.05589644983410835
0.1920999437570572
0.8727580308914185
0.10833349823951721
0.11712558567523956
0.1482987105846405
0.17458540201187134
0.053798701614141464
0.6400735378265381
0.544075608253479
0.5398299098014832
0.899028480052948
0.37233367562294006
0.693697988986969
0.22914886474609375
0.21742430329322815
0.8343186974525452
0.6899266242980957
0.5994496941566467
0.19384801387786865
0.5707672238349915
0.7827374935150146
0.8356851935386658
0.39169514179229736
0.5457190275192261
0.5667702555656433
0.5553586483001709
0.8799864053726196
0.83055579662323
0.9588567018508911
0.9807553291320801
0.32575440406799316
0.5965755581855774
0.28378617763519287
0.7450981140136719
0.4809783399105072
0.6587052345275879
0.967569887638092
0.1283981055021286
0.1404043585062027
0.6774892210960388
0.543285608291626
0.9776756167411804
0.037284765392541885
0.8262253403663635
0.1825869232416153
0.4319513142108917
0.40633466839790344
0.045796170830726624
0.7191135287284851
0.8731181621551514
0.26904767751693726
0.2276318222284317
0.8131039142608643
0.512108325958252
0.4207425117492676
0.5271221995353699
0.8618285655975342
0.10421598702669144
0.2666703462600708
0.1570296585559845
0.1132739931344986
0.7501920461654663
0.41158396005630493
0.5430811047554016
0.02867705002427101
0.3338477611541748
0.5955202579498291
0.13278421759605408
0.05740886554121971
0.0017244110349565744
0.5839181542396545
0.680770754814148
0.3203473389148712
0.6156219244003296
0.6663016080856323
0.30606091022491455
0.9722081422805786
0.9442490339279175
0.47970715165138245
0.09928809106349945
0.38409191370010376
0.7046788334846497
0.8535831570625305
0.4404599666595459
0.16433776915073395
0.0428181067109108
0.745779275894165
0.5479803085327148
0.943596363067627
0.1371578574180603
0.47161197662353516
0.02634717896580696
0.5671486854553223
0.882378339767456
0.21846027672290802
0.23674467206001282
0.8347570300102234
0.17682017385959625
0.9032838940620422
0.6791554689407349
0.43622899055480957
0.7353968620300293
0.9426335096359253
0.9194411635398865
0.05695181339979172
0.9732961654663086
0.2871355414390564
0.33877766132354736
0.4704984128475189
0.31085556745529175
0.8972322940826416
0.5055097937583923
0.8810724020004272
0.26359066367149353
0.5851607322692871
0.19669383764266968
0.5638589262962341
0.4047258198261261
0.4286573529243469
0.05499499291181564
0.7158401012420654
0.5125613212585449
0.8956676125526428
0.7972344756126404
0.39195793867111206
0.15709088742733002
0.20451851189136505
0.3168131411075592
0.9822065234184265
0.43497106432914734
0.3229631185531616
0.14576388895511627
0.13306249678134918
0.5764439105987549
0.7437310218811035
0.36295050382614136
0.1407739222049713
0.8535164594650269
0.5163309574127197
0.9597288966178894
0.6973316073417664
0.4864732325077057
0.6602329611778259
0.5859727263450623
0.04571668803691864
0.18526417016983032
0.42498159408569336
0.5988034605979919
0.5511781573295593
0.6837912797927856
0.6609612703323364
0.9756630659103394
0.9902949929237366
0.5356654524803162
0.538040280342102
0.9588636159896851
0.5518471002578735
0.5835052132606506
0.4751685559749603
0.6476538181304932
0.5903758406639099
0.7279616594314575
0.46354103088378906
0.11793801933526993
0.817258894443512
0.6576481461524963
0.0495884045958519
0.5353518128395081
0.23557326197624207
0.2764681577682495
0.253741055727005
0.6425812244415283
0.2703927457332611
0.12689946591854095
0.6025000810623169
0.941561758518219
0.9236537218093872
0.5345463752746582
0.5173631310462952
0.2444760799407959
0.7195080518722534
0.6392021179199219
0.47390496730804443
0.5802866220474243
0.19159506261348724
0.09018958359956741
0.8682289123535156
0.35567864775657654
0.838169515132904
0.8498010039329529
0.07298123836517334
0.3433319926261902
0.32800281047821045
0.8226426839828491
0.4536353349685669
0.2803981900215149
0.10630609095096588
0.721509575843811
0.9735821485519409
0.606092631816864
0.22109587490558624
0.09368908405303955
0.9350142478942871
0.24503089487552643
0.9253480434417725
0.5185481309890747
0.47049686312675476
0.3317803144454956
0.1536272168159485
0.6606613993644714
0.834132194519043
0.1114252433180809
0.6945043802261353
0.6187382936477661
0.19954808056354523
0.6297334432601929
0.8107359409332275
0.18929246068000793
0.02304733172059059
0.0006535355933010578
0.7640254497528076
0.8070504069328308
0.6904898285865784
0.5704181790351868
0.02918112464249134
0.9194722771644592
0.49964675307273865
0.2239564210176468
0.892635703086853
0.3855815529823303
0.09050502628087997
0.708677351474762
0.08361904323101044
0.43966278433799744
0.9992925524711609
0.6975410580635071
0.24023419618606567
0.05640769004821777
0.10142232477664948
0.25216737389564514
0.11117517203092575
0.848897397518158
0.1594763696193695
0.18431825935840607
0.6906824707984924
0.15906581282615662
0.29609355330467224
0.6084728240966797
0.22292831540107727
0.4086398482322693
0.47954362630844116
0.3539421558380127
0.6249101161956787
0.7566020488739014
0.385322630405426
0.0933377593755722
0.7823911905288696
0.9924501180648804
0.22587285935878754
0.2571587562561035
0.9945786595344543
0.6486307382583618
0.10197329521179199
0.9982107877731323
0.4052349925041199
0.7585116624832153
0.09766663610935211
0.4478984773159027
0.4150802493095398
0.0636376217007637
0.5019041895866394
0.9392343759536743
0.4821327030658722
0.7380691170692444
0.6864134073257446
0.45421117544174194
0.7595119476318359
0.42984116077423096
0.25904789566993713
0.3665972352027893
0.6952844262123108
0.6481866240501404
0.2599159777164459
0.07050050795078278
0.20406308770179749
0.8000502586364746
0.03737279772758484
0.698763370513916
0.2142276018857956
0.7538399696350098
0.5435435175895691
0.46412011981010437
0.697407603263855
0.10777223855257034
0.13211892545223236
0.044817231595516205
0.3904225826263428
0.9045243263244629
0.2025766372680664
0.22792312502861023
0.8294143676757812
0.8985856771469116
0.09338889271020889
0.968000590801239
0.9348413944244385
0.9151304364204407
0.8608406782150269
0.3647488057613373
0.6099178194999695
0.9097256064414978
0.5526407361030579
0.35754919052124023
0.027824733406305313
0.021834542974829674
0.32497161626815796
0.3351447880268097
0.5446253418922424
0.40777942538261414
0.004932691343128681
0.24668079614639282
0.41251400113105774
0.452624648809433
0.9123351573944092
0.7169572710990906
0.3151712417602539
0.7012436985969543
0.4934817850589752
0.4117221534252167
0.5568087697029114
0.26585516333580017
0.4028535485267639
0.3181314468383789
0.08475872129201889
0.15613053739070892
0.6510332226753235
0.5265399217605591
0.22255133092403412
0.6875833868980408
0.36076828837394714
0.7674147486686707
0.8437930941581726
0.8667163252830505
0.25874754786491394
0.9048633575439453
0.60714191198349
0.4003984332084656
0.1951933056116104
0.31024494767189026
0.6213889718055725
0.6700079441070557
0.38737961649894714
0.9966416358947754
0.7935012578964233
0.6761059761047363
0.4630569517612457
0.5636240243911743
0.4689144790172577
0.36778125166893005
0.016778836026787758
0.5477697253227234
0.8020411729812622
0.11956343054771423
0.5719016194343567
0.5987514853477478
0.7143608927726746
0.9139173030853271
0.6289829611778259
0.9117081761360168
0.9927870035171509
0.5346458554267883
0.505481481552124
0.32242247462272644
0.22985652089118958
0.3891800343990326
0.7690881490707397
0.41831156611442566
0.5968817472457886
0.48120740056037903
0.8277701139450073
0.40488627552986145
0.0959986224770546
0.92695552110672
0.7155311703681946
0.5530380606651306
0.9984236359596252
0.31189942359924316
0.798152506351471
0.04637749493122101
0.7407293319702148
0.512174129486084
0.5433794856071472
0.5341911315917969
0.16659529507160187
0.0910613015294075
0.9002764821052551
0.9060951471328735
0.4984489977359772
0.24104198813438416
0.8664480447769165
0.834684431552887
0.9271280765533447
0.7302796244621277
0.4996448755264282
0.742404580116272
0.798788845539093
0.9014624953269958
0.6079361438751221
0.9786660671234131
0.9425301551818848
0.8113618493080139
0.42199695110321045
0.08085394650697708
0.4857804477214813
0.714859127998352
0.9223918914794922
0.8815196752548218
0.9960507750511169
0.10071071982383728
0.01860681176185608
0.34531691670417786
0.022983452305197716
0.6761966943740845
0.7315678000450134
0.1063898503780365
0.9983096718788147
0.5357009172439575
0.5804072022438049
0.33618488907814026
0.7744611501693726
0.5891941785812378
0.8059126138687134
0.9899207949638367
0.9759714603424072
0.7580665946006775
0.6465102434158325
0.49929434061050415
0.3822779357433319
0.8926321268081665
0.23447196185588837
0.7436855435371399
0.04104432463645935
0.8244116306304932
0.22643214464187622
0.40969574451446533
0.15487147867679596
0.7110608816146851
0.15638795495033264
0.4158780574798584
0.4203230142593384
0.34201979637145996
0.046525418758392334
0.681283712387085
0.7469218969345093
0.3062753677368164
0.6833190321922302
0.576280951499939
0.9378712177276611
0.9278489947319031
0.9919267892837524
0.6770382523536682
0.994512140750885
0.264810174703598
0.06469220668077469
0.49561429023742676
0.15152840316295624
0.24018077552318573
0.8246977925300598
0.6665444374084473
0.016762929037213326
0.3740614950656891
0.11477839201688766
0.9345298409461975
0.9090023636817932
0.6457615494728088
0.05058709532022476
0.6846176385879517
0.9719778299331665
0.02484259568154812
0.9897034764289856
0.46173325181007385
0.06115083023905754
0.31352168321609497
0.6480848789215088
0.44998347759246826
0.6484548449516296
0.8897473812103271
0.48721423745155334
0.542371392250061
0.20671676099300385
0.10868650674819946
0.22040292620658875
0.5608881711959839
0.10631614923477173
0.1335253268480301
0.0867074653506279
0.6929875016212463
0.6896774768829346
0.9743006825447083
0.6349901556968689
0.6759201288223267
0.0436873622238636
0.49831849336624146
0.5540064573287964
0.7147936820983887
0.3454672694206238
0.7623201012611389
0.44596314430236816
0.5828329920768738
0.5755776166915894
0.7419633865356445
0.1957084685564041
0.9926904439926147
0.3622179627418518
0.18664054572582245
0.43383827805519104
0.34700268507003784
0.1743858903646469
0.5223630666732788
0.7859303951263428
0.9653465151786804
0.9834982752799988
0.659125566482544
0.21708019077777863
0.6988952159881592
0.2779589593410492
0.6027913093566895
0.4968571066856384
0.2616473138332367
0.053654108196496964
0.9561120867729187
0.7922207117080688
0.3134044110774994
0.7575534582138062
0.5420677065849304
0.3305585980415344
0.7765251398086548
0.4493762254714966
0.22575128078460693
0.7875662446022034
0.9509959816932678
0.9008561372756958
0.9516492486000061
0.17931698262691498
0.27864158153533936
0.7704780101776123
0.6149532198905945
0.8463360071182251
0.1894272416830063
0.8556023836135864
0.5591569542884827
0.8795087933540344
0.6070214509963989
0.3783155381679535
0.3679478168487549
0.13523519039154053
0.30002936720848083
0.676228404045105
0.22735495865345
0.062035612761974335
0.5202207565307617
0.5082871913909912
0.7563921213150024
0.8423265814781189
0.5159211754798889
0.6038497686386108
0.22778978943824768
0.8644821047782898
0.22353413701057434
0.41740894317626953
0.9708864688873291
0.6628803610801697
0.05331505462527275
0.1955648958683014
0.22466537356376648
0.5468057990074158
0.18985603749752045
0.6208981871604919
0.5642415285110474
0.4867829382419586
0.8768342733383179
0.35663124918937683
0.4355243444442749
0.369302898645401
0.670781135559082
0.9771174192428589
0.9283144474029541
0.4507385790348053
0.8727477788925171
0.5210047960281372
0.06434933841228485
0.0993611216545105
0.25289636850357056
0.3523353934288025
0.36415407061576843
0.5492265820503235
0.9957384467124939
0.08024299144744873
0.5527849197387695
0.26502540707588196
0.4987422525882721
0.5797025561332703
0.743001401424408
0.18639546632766724
0.8951305747032166
0.8275822401046753
0.1996845006942749
0.6583384275436401
0.4400033950805664
0.7282313704490662
0.2588997781276703
0.35360515117645264
0.21378527581691742
0.22406817972660065
0.25151118636131287
0.3880854845046997
0.27060025930404663
0.7210729122161865
0.9203574061393738
0.9667463302612305
0.544758141040802
0.8069209456443787
0.887478768825531
0.37260961532592773
0.6267268061637878
0.02840706892311573
0.39786678552627563
0.48766690492630005
0.1964949369430542
0.31727173924446106
0.943666398525238
0.8695282340049744
0.23660774528980255
0.8449391722679138
0.012291782535612583
0.879958987236023
0.28202247619628906
0.0772605761885643
0.7247205376625061
0.052664466202259064
0.2656325399875641
0.6234267354011536
0.6516059637069702
0.3220847249031067
0.9789623022079468
0.24545669555664062
0.6104696989059448
0.5122796297073364
0.3623531758785248
0.7700013518333435
0.44985926151275635
0.5391548871994019
0.5931369066238403
0.095878005027771
0.5227342247962952
0.6060549020767212
0.2290593832731247
0.02521160989999771
0.45041197538375854
0.6333310604095459
0.8675345778465271
0.9061833024024963
0.7989968061447144
0.4900677502155304
0.14062198996543884
0.3220740258693695
0.799005389213562
0.11245270073413849
0.6652801036834717
0.07911424338817596
0.38736873865127563
0.8332374095916748
0.6580584645271301
0.13065177202224731
0.3358064591884613
0.9926243424415588
0.1789698600769043
0.4142973721027374
0.9605722427368164
0.4989684224128723
0.8372611403465271
0.0067716860212385654
0.002470096806064248
0.8544803857803345
0.7723102569580078
0.6112950444221497
0.13071709871292114
0.5820974707603455
0.8481724858283997
0.5622403621673584
0.2644081115722656
0.00875831674784422
0.521456778049469
0.9390700459480286
0.10841020196676254
0.11902806907892227
0.3513798117637634
0.05968146398663521
0.8836241960525513
0.7821480631828308
0.12408216297626495
0.522102415561676
0.6698822975158691
0.6418966054916382
0.3960764408111572
0.7850995063781738
0.4369249939918518
0.3368431031703949
0.36669251322746277
0.6259380578994751
0.3833954334259033
0.09742586314678192
0.20084944367408752
0.6807506680488586
0.07563892006874084
0.24039578437805176
0.012265381403267384
0.8303806185722351
0.5654982924461365
0.16095753014087677
0.045009031891822815
0.85172438621521
0.43169260025024414
0.7863839268684387
0.541477382183075
0.40883249044418335
0.5327396988868713
0.30426278710365295
0.9313750863075256
0.6571588516235352
0.009513107128441334
0.3402830958366394
0.618238627910614
0.5809112191200256
0.9402800798416138
0.8801934719085693
0.5693556666374207
0.5504937767982483
0.331301212310791
0.5537924766540527
0.477714866399765
0.07026603072881699
0.28602150082588196
0.5258538722991943
0.8472334742546082
0.45830053091049194
0.08810507506132126
0.055796850472688675
0.8128831386566162
0.2174959033727646
0.99189692735672
0.4740843176841736
0.15904216468334198
0.20852479338645935
0.40525880455970764
0.06898819655179977
0.816173255443573
0.5486832857131958
0.8911008238792419
0.6022184491157532
0.7242814898490906
0.4839673340320587
0.7886799573898315
0.572155773639679
0.1566324234008789
0.5578575134277344
0.03489149361848831
0.605233907699585
0.7943968772888184
0.9125451445579529
0.38049033284187317
0.20069651305675507
0.14622646570205688
0.9580036997795105
0.13003776967525482
0.1398901343345642
0.07202067226171494
0.6945997476577759
0.43970614671707153
0.278806209564209
0.49887192249298096
0.7656131982803345
0.6028757095336914
0.30926012992858887
0.6254076957702637
0.07721804082393646
0.7910239100456238
0.21388404071331024
0.35666635632514954
0.7144384980201721
0.3189331591129303
0.05950652062892914
0.40220364928245544
0.5880767107009888
0.031546398997306824
0.5084037184715271
0.7587541341781616
0.00043368368642404675
0.3850201368331909
0.3722868859767914
0.8076409697532654
0.4916844069957733
0.5844801664352417
0.9723911285400391
0.43562254309654236
0.5232232809066772
0.8549845218658447
0.8630776405334473
0.6222922801971436
0.8921903371810913
0.46822047233581543
0.10301318764686584
0.024706559255719185
0.2535564601421356
0.7007747888565063
0.37934648990631104
0.8981268405914307
0.0013216796796768904
0.8764702081680298
0.40614232420921326
0.5302834510803223
0.7358497977256775
0.054193757474422455
0.20578406751155853
0.727314829826355
0.7051015496253967
0.9771504402160645
0.8331412672996521
0.19142252206802368
0.7153691053390503
0.6031466722488403
0.5943305492401123
0.27390918135643005
0.04073388874530792
0.3171606957912445
0.19997185468673706
0.9207600355148315
0.16443949937820435
0.23080521821975708
0.21922601759433746
0.15339870750904083
0.6901348233222961
0.8842342495918274
0.10066275298595428
0.016863595694303513
0.3078097999095917
0.583669126033783
0.882655918598175
0.17620351910591125
0.9793477654457092
0.2910558581352234
0.27455100417137146
0.5862975120544434
0.834713876247406
0.49423229694366455
0.022844579070806503
0.3504132330417633
0.04985818266868591
0.895710289478302
0.05656489357352257
0.8732370138168335
0.4902043044567108
0.4135975241661072
0.1340520977973938
0.42716851830482483
0.598452091217041
0.9923096895217896
0.6386091113090515
0.008133696392178535
0.42583101987838745
0.5291966795921326
0.25270652770996094
0.07156148552894592
0.21410208940505981
0.2819570004940033
0.30635565519332886
0.22536733746528625
0.07074792683124542
0.7502033114433289
0.8353591561317444
0.8524821996688843
0.9365522861480713
0.36434897780418396
0.06580603867769241
0.3750182092189789
0.6096878051757812
0.8821330070495605
0.19030390679836273
0.7119601368904114
0.09149851649999619
0.1125129982829094
0.06263373792171478
0.5489718914031982
0.5774939656257629
0.8417257070541382
0.1547103375196457
0.09188704192638397
0.9252020716667175
0.6760846376419067
0.48785096406936646
0.48815104365348816
0.10685888677835464
0.09452037513256073
0.5693674087524414
0.8739907145500183
0.3664003908634186
0.7759721279144287
0.6227532029151917
0.07641608268022537
0.6658679246902466
0.6130444407463074
0.16839729249477386
0.805414080619812
0.8245617151260376
0.37223994731903076
0.8546132445335388
0.5312352180480957
0.9550126791000366
0.7142395973205566
0.8900867104530334
0.8349435925483704
0.5105796456336975
0.9118126034736633
0.7989038825035095
0.030353639274835587
0.5681347846984863
0.729938805103302
0.21846836805343628
0.9886309504508972
0.9669702649116516
0.8878931403160095
0.14069902896881104
0.671249508857727
0.2506369650363922
0.9968514442443848
0.8072115778923035
0.9420796036720276
0.3134390711784363
0.4016924500465393
0.8284387588500977
0.08745518326759338
0.7035455107688904
0.5060985088348389
0.816516101360321
0.4461892545223236
0.24566267430782318
0.7417216897010803
0.16638776659965515
0.040678124874830246
0.28879863023757935
0.022183440625667572
0.7008914351463318
0.5891414284706116
0.9139301776885986
0.9930062294006348
0.21754921972751617
0.38526448607444763
0.29969701170921326
0.9857633709907532
0.05003691092133522
0.9263906478881836
0.9258533120155334
0.35721665620803833
0.12562577426433563
0.8425583839416504
0.4549180865287781
0.8477954268455505
0.7231087684631348
0.45994827151298523
0.8939408659934998
0.35672372579574585
0.29101064801216125
0.38932907581329346
0.9510553479194641
0.4877876937389374
0.46026962995529175
0.583046555519104
0.15809446573257446
0.7168766260147095
0.7323673367500305
0.6458840370178223
0.8237659335136414
0.8085951805114746
0.9238017797470093
0.8552568554878235
0.5513536930084229
0.12196940928697586
0.7554188370704651
0.968801736831665
0.10550718009471893
0.5846242904663086
0.017793653532862663
0.7348036766052246
0.05755744129419327
0.9568918943405151
0.7246476411819458
0.6147440671920776
0.12643319368362427
0.1921059489250183
0.5990952849388123
0.7695186138153076
0.12327013909816742
0.15310010313987732
0.8817763924598694
0.20209188759326935
0.023787984624505043
0.7962086796760559
0.6906871795654297
0.20523954927921295
0.21922461688518524
0.08464187383651733
0.47929850220680237
0.05468374490737915
0.058204058557748795
0.25192540884017944
0.5371223092079163
0.6843525171279907
0.03902744501829147
0.9104654788970947
0.9957573413848877
0.7002228498458862
0.9233892560005188
0.111994169652462
0.18088647723197937
0.24013449251651764
0.42161357402801514
0.7616393566131592
0.818766713142395
0.3152092397212982
0.4107705354690552
0.12583321332931519
0.22076758742332458
0.4675280451774597
0.589759349822998
0.6883562803268433
0.21468257904052734
0.6567426919937134
0.07211104035377502
0.09541364014148712
0.04113389179110527
0.23168262839317322
0.10612309724092484
0.4931294620037079
0.750591516494751
0.3616601824760437
0.2709192633628845
0.40182051062583923
0.0653383657336235
0.5351109504699707
0.10891281813383102
0.5466306805610657
0.45621225237846375
0.5379793643951416
0.7503587603569031
0.33893340826034546
0.8458289504051208
0.4283903241157532
0.14889511466026306
0.5657060146331787
0.44023531675338745
0.05244913324713707
0.7486836314201355
0.6845235824584961
0.41425079107284546
0.0004469123960006982
0.20006215572357178
0.8117362260818481
0.3974972069263458
0.7155153751373291
0.5587181448936462
0.29689714312553406
0.13771912455558777
0.8208459615707397
0.2737281024456024
0.09511193633079529
0.8679574728012085
0.9496992826461792
0.1875283271074295
0.19363482296466827
0.7291815280914307
0.6600000858306885
0.29578980803489685
0.9701951146125793
0.021541966125369072
0.42023444175720215
0.6200814843177795
0.502846896648407
0.13077762722969055
0.33136245608329773
0.4817240238189697
0.8235050439834595
0.6545476913452148
0.04425523057579994
0.6873564720153809
0.7122978568077087
0.6304007172584534
0.8645834922790527
0.9280797839164734
0.24973680078983307
0.9431890249252319
0.8513299822807312
0.33062732219696045
0.011651655659079552
0.9759455919265747
0.22286349534988403
0.28731805086135864
0.6077202558517456
0.5113407373428345
0.7449641227722168
0.43681544065475464
0.4767453372478485
0.06889094412326813
0.4515535235404968
0.32159265875816345
0.6183738708496094
0.22100591659545898
0.312284916639328
0.6883440613746643
0.8585086464881897
0.6568014025688171
0.31772294640541077
0.34700512886047363
0.03354918956756592
0.3677911162376404
0.3027981221675873
0.586352527141571
0.4232569634914398
0.8733668327331543
0.4464753270149231
0.31014859676361084
0.5291117429733276
0.38553380966186523
0.5279038548469543
0.3034156262874603
0.9296309351921082
0.3323836624622345
0.40490013360977173
0.3887985050678253
0.9360369443893433
0.7819914817810059
0.914145827293396
0.6754907965660095
0.6231743693351746
0.8267001509666443
0.6536372303962708
0.5068442821502686
0.8241503834724426
0.4170205891132355
0.21029897034168243
0.28286823630332947
0.47947511076927185
0.2210661917924881
0.9163213968276978
0.985660970211029
0.2564469277858734
0.17458920180797577
0.5349178910255432
0.5467736721038818
0.34178104996681213
0.455441415309906
0.08754096180200577
0.3058626055717468
0.8244961500167847
0.14074024558067322
0.19731827080249786
0.42668354511260986
0.898399829864502
0.7295599579811096
0.7742586731910706
0.7118518948554993
0.6660782694816589
0.7289651036262512
0.0894874855875969
0.1749870926141739
0.752245306968689
0.3112284243106842
0.03892439603805542
0.24367383122444153
0.35043179988861084
0.25921201705932617
0.7172397375106812
0.2972574234008789
0.31224387884140015
0.12031561136245728
0.14935927093029022
0.05412737652659416
0.596671998500824
0.8370763063430786
0.6975424885749817
0.33103233575820923
0.6027931571006775
0.8980166912078857
0.14658014476299286
0.2906338572502136
0.8994442224502563
0.3029341995716095
0.23134246468544006
0.5030268430709839
0.4516356885433197
0.2965463697910309
0.8042505979537964
0.46121010184288025
0.4370703399181366
0.03836529701948166
0.750171422958374
0.7018396854400635
0.3658713400363922
0.9864963889122009
0.11031065881252289
0.09316094219684601
0.14546602964401245
0.31165438890457153
0.8788147568702698
0.2405746430158615
0.3322502076625824
0.13536418974399567
0.41569027304649353
0.4464467167854309
0.32711106538772583
0.6698228716850281
0.6495919227600098
0.6934804320335388
0.03195186331868172
0.719845175743103
0.6666005849838257
0.342193067073822
0.24419476091861725
0.6979069113731384
0.9206947684288025
0.06613223999738693
0.12081895768642426
0.2463274896144867
0.030087335035204887
0.29090815782546997
0.053441185504198074
0.8649356365203857
3.365736120031215e-05
0.6648476123809814
0.5708280801773071
0.0095699243247509
0.8808611035346985
0.2517485022544861
0.40638110041618347
0.4586613178253174
0.3657498359680176
0.7834556698799133
0.9178323745727539
0.4945589601993561
0.5413359999656677
0.1457933783531189
0.4690328538417816
0.1440170258283615
0.6703251004219055
0.47878673672676086
0.24565310776233673
0.7890694737434387
0.050108641386032104
0.777794361114502
0.3822425603866577
0.032198622822761536
0.4565665125846863
0.3838574290275574
0.33307838439941406
0.0763978585600853
0.3465108871459961
0.21148982644081116
0.8649247288703918
0.9321997165679932
0.19270330667495728
0.9952912330627441
0.9668447971343994
0.5311554074287415
0.12671492993831635
0.25379276275634766
0.7875310182571411
0.18894565105438232
0.3996652364730835
0.11903389543294907
0.7620559930801392
0.8848382234573364
0.8316921591758728
0.2654426693916321
0.4414970874786377
0.6830247640609741
0.7138644456863403
0.38799500465393066
0.392667293548584
0.5951812863349915
0.12263552844524384
0.5705180168151855
0.720771849155426
0.17296354472637177
0.6222710609436035
0.22691291570663452
0.6713061332702637
0.7345579862594604
0.14714717864990234
0.175803080201149
0.8253637552261353
0.8350221514701843
0.775059700012207
0.707251250743866
0.286864697933197
0.04507710412144661
0.5277158617973328
0.39682796597480774
0.9955456852912903
0.9227795600891113
0.49982425570487976
0.59087073802948
0.13153867423534393
0.7255969643592834
0.9047835469245911
0.6791697144508362
0.970437228679657
0.7121257781982422
0.012738186866044998
0.3260084390640259
0.16531652212142944
0.7281316518783569
0.7289106249809265
0.7562630772590637
0.9484452605247498
0.7201700210571289
0.2385392189025879
0.5952134728431702
0.17227253317832947
0.8897164463996887
0.20125839114189148
0.7869734764099121
0.4026489555835724
0.1844344437122345
0.5259857177734375
0.9220688343048096
0.06314180791378021
0.567111074924469
0.08627328276634216
0.21673132479190826
0.6095113158226013
0.14714862406253815
0.8479446172714233
0.9410855770111084
0.6169731616973877
0.12424243986606598
0.026937641203403473
0.6034780740737915
0.7809351682662964
0.4946528971195221
0.909527599811554
0.09361789375543594
0.5001366138458252
0.47080183029174805
0.12531007826328278
0.33723559975624084
0.5118899345397949
0.13891196250915527
0.36486873030662537
0.2657715082168579
0.9225612282752991
0.2959788143634796
0.936426043510437
0.39322519302368164
0.8629615902900696
0.8679070472717285
0.9015892744064331
0.08548811823129654
0.5257914662361145
0.9761133790016174
0.8464075326919556
0.24758267402648926
0.3573961555957794
0.3601014018058777
0.11791090667247772
0.6290209293365479
0.2214907705783844
0.5181361436843872
0.11248345673084259
0.4463288187980652
0.4006902873516083
0.5148575305938721
0.7422527074813843
0.7892526388168335
0.587376594543457
0.8987661600112915
0.8052270412445068
0.16726554930210114
0.2888471484184265
0.3045596182346344
0.3607405126094818
0.6596458554267883
0.37542009353637695
0.8765779137611389
0.5213518142700195
0.1354570835828781
0.4265306890010834
0.3874789774417877
0.7440347075462341
0.9628907442092896
0.08312973380088806
0.3278551399707794
0.15243849158287048
0.6779555082321167
0.6281564235687256
0.6716872453689575
0.42879191040992737
0.08519899845123291
0.03175767883658409
0.14096620678901672
0.08420047163963318
0.22592893242835999
0.513311505317688
0.503203809261322
0.301195353269577
0.9858006834983826
0.48310500383377075
0.6896105408668518
0.22689564526081085
0.5686765313148499
0.7787113785743713
0.39028826355934143
0.6994507312774658
0.5244154334068298
0.6639174222946167
0.8261668086051941
0.3003261387348175
0.42273956537246704
0.8611687421798706
0.22190545499324799
0.7321536540985107
0.12980547547340393
0.6916959285736084
0.978981614112854
0.8213461637496948
0.35947397351264954
0.48859041929244995
0.7089596390724182
0.29818668961524963
0.28282126784324646
0.6972846388816833
0.6722967624664307
0.6338854432106018
0.8674522638320923
0.032670799642801285
0.35886719822883606
0.776019811630249
0.9488630890846252
0.8592536449432373
0.5479081869125366
0.6227640509605408
0.8943401575088501
0.13303783535957336
0.022380096837878227
0.4094964861869812
0.4971191883087158
0.8760197162628174
0.6059145927429199
0.6665575504302979
0.26767778396606445
0.9970142841339111
0.7684128880500793
0.7568495273590088
0.7570509910583496
0.1221100315451622
0.9657561182975769
0.19043748080730438
0.2013181895017624
0.40182560682296753
0.053262513130903244
0.8187239170074463
0.2786858081817627
0.8132501244544983
0.47559791803359985
0.37607765197753906
0.7838920950889587
0.4818289875984192
0.8324211239814758
0.4175834059715271
0.24149739742279053
0.8172616958618164
0.3853621184825897
0.34032177925109863
0.7301007509231567
0.07987435907125473
0.7366710901260376
0.8245996832847595
0.5958829522132874
0.4258793592453003
0.021273696795105934
0.19653251767158508
0.32239973545074463
0.5355760455131531
0.5149796605110168
0.9273349046707153
0.3874264657497406
0.5128669738769531
0.9762951135635376
0.8313432335853577
0.2749190330505371
0.32836994528770447
0.13766132295131683
0.65794438123703
0.0006636595935560763
0.38932278752326965
0.6220460534095764
0.39503347873687744
0.2732974588871002
0.40213146805763245
0.9622138738632202
0.4043966829776764
0.19277071952819824
0.5105412006378174
0.08724085241556168
0.8743429183959961
0.546432375907898
0.3682762682437897
0.8544245958328247
0.43723103404045105
0.8400183916091919
0.12184881418943405
0.9438607692718506
0.496834397315979
0.3396974205970764
0.025367621332406998
0.33418694138526917
0.19599175453186035
0.5096362829208374
0.7778880596160889
0.7231793403625488
0.4959549307823181
0.9545873403549194
0.9741069674491882
0.9579079151153564
0.025698598474264145
0.45966875553131104
0.9749851822853088
0.3209662139415741
0.469987154006958
0.15781864523887634
0.871024489402771
0.7687267661094666
0.6945479512214661
0.4205380976200104
0.38794979453086853
0.4336331784725189
0.9059237241744995
0.9909847378730774
0.04884757101535797
0.9221452474594116
0.12352460622787476
0.34970495104789734
0.780349850654602
0.529168426990509
0.09140733629465103
0.29368898272514343
0.5283700823783875
0.044086065143346786
0.45898136496543884
0.8904411196708679
0.8967352509498596
0.1769951432943344
0.6077997088432312
0.6468314528465271
0.5677773356437683
0.06786833703517914
0.45525720715522766
0.5530568361282349
0.6285138130187988
0.9841573238372803
0.3333897590637207
0.3659350574016571
0.49178653955459595
0.5792727470397949
0.021073564887046814
0.9223583936691284
0.6463484764099121
0.6644505858421326
0.7294396162033081
0.7748745083808899
0.2652070224285126
0.7681407332420349
0.054881077259778976
0.08034621179103851
0.24187244474887848
0.7020013332366943
0.7130721807479858
0.025805553421378136
0.7055538892745972
0.43952590227127075
0.8490936756134033
0.6871040463447571
0.5498507618904114
0.3099145293235779
0.7175356149673462
0.47789713740348816
0.9649420976638794
0.7399604916572571
0.5804795026779175
0.2239101082086563
0.7093765139579773
0.10709204524755478
0.4796273708343506
0.4037076234817505
0.3287907540798187
0.6332738399505615
0.8185657262802124
0.04524935781955719
0.2615569829940796
0.6054453253746033
0.23112624883651733
0.2684887647628784
0.1676824539899826
0.8670531511306763
0.7012686729431152
0.3020142614841461
0.5875388383865356
0.5320420265197754
0.8600208759307861
0.7864380478858948
0.33743101358413696
0.5867975354194641
0.5961130261421204
0.4744415879249573
0.5281062722206116
0.813384473323822
0.16801515221595764
0.08782560378313065
0.2976503372192383
0.972762405872345
0.1511167734861374
0.23115487396717072
0.38597047328948975
0.37517502903938293
0.19578790664672852
0.08134627342224121
0.9815000891685486
0.20747916400432587
0.8889999985694885
0.6974273920059204
0.7713677883148193
0.6486316919326782
0.2971572279930115
0.8179148435592651
0.6003270149230957
0.2873038351535797
0.9356744885444641
0.8447819352149963
0.49197009205818176
0.10934480279684067
0.7260837554931641
0.6963018774986267
0.8150541186332703
0.4275696277618408
0.2108081877231598
0.21158714592456818
0.22855308651924133
0.14110350608825684
0.059749260544776917
0.11093371361494064
0.16301637887954712
0.04258723184466362
0.35141676664352417
0.6666408181190491
0.5674206018447876
0.7574145793914795
0.4368862211704254
0.6073876619338989
0.25482186675071716
0.026342293247580528
0.37450945377349854
0.45161259174346924
0.7619154453277588
0.5351239442825317
0.08941935002803802
0.895500123500824
0.023133069276809692
0.5064867734909058
0.7020393013954163
0.27100640535354614
0.8667553663253784
0.36496901512145996
0.4729497730731964
0.8683918118476868
0.9157100319862366
0.3169611096382141
0.7907785773277283
0.9800613522529602
0.5940452218055725
0.7045707702636719
0.9140416979789734
0.4662104845046997
0.5812106728553772
0.29218789935112
0.40820279717445374
0.8510057926177979
0.885918378829956
0.0485372319817543
0.9149072766304016
0.8013355135917664
0.24823299050331116
0.23644809424877167
0.43515413999557495
0.08405745029449463
0.5042970180511475
0.8899980783462524
0.017272084951400757
0.5198922157287598
0.6342316269874573
0.32367679476737976
0.18242785334587097
0.041705913841724396
0.7232823371887207
0.18450133502483368
0.15568380057811737
0.6492009162902832
0.2882148027420044
0.1392621248960495
0.19652946293354034
0.8873999714851379
0.4943656325340271
0.5912641882896423
0.6978462934494019
0.017681796103715897
0.5875834822654724
0.01377645879983902
0.037329498678445816
0.42426103353500366
0.7959941029548645
0.21430155634880066
0.08371423184871674
0.09471454471349716
0.3429679274559021
0.7313425540924072
0.05038858577609062
0.618759274482727
0.8995441794395447
0.9076119065284729
0.8460023999214172
0.7521379590034485
0.6792188286781311
0.2217104285955429
0.37397301197052
0.7548532485961914
0.9992485046386719
0.928197979927063
0.46753889322280884
0.06858160346746445
0.32671159505844116
0.7537424564361572
0.8390803337097168
0.9595081210136414
0.9722446203231812
0.2984370291233063
0.10185548663139343
0.9498464465141296
0.06312928348779678
0.04732826352119446
0.6423011422157288
0.48896804451942444
0.3845117390155792
0.18106713891029358
0.32065388560295105
0.20464742183685303
0.586938738822937
0.562520444393158
0.5962300300598145
0.4308895468711853
0.348434180021286
0.09850147366523743
0.9398701190948486
0.5273426175117493
0.8763947486877441
0.12000462412834167
0.8308741450309753
0.513055145740509
0.9186511635780334
0.44345957040786743
0.6132146120071411
0.8720133304595947
0.7433419823646545
0.40988099575042725
0.1900530457496643
0.06429871916770935
0.7663320302963257
0.6772351264953613
0.3672240972518921
0.07894287258386612
0.1385527104139328
0.0075023663230240345
0.6590861082077026
0.31945478916168213
0.9450554251670837
0.3663482069969177
0.032715972512960434
0.3686065673828125
0.9987661242485046
0.15002520382404327
0.7826831340789795
0.9667604565620422
0.028936084359884262
0.6142375469207764
0.14844124019145966
0.4563314914703369
0.07516244798898697
0.9311871528625488
0.9342876672744751
0.03856159374117851
0.05203402414917946
0.15000875294208527
0.5417108535766602
0.3902573883533478
0.18597182631492615
0.7136581540107727
0.883867621421814
0.051939163357019424
0.10688424855470657
0.8136369585990906
0.5610004663467407
0.6003624200820923
0.4757465124130249
0.919775128364563
0.6485280394554138
0.11829590052366257
0.7529954314231873
0.7747586965560913
0.39286714792251587
0.8641713261604309
0.8166213035583496
0.34476161003112793
0.22139130532741547
0.02763950265944004
0.8336656093597412
0.8540503978729248
0.5851863622665405
0.09062711894512177
0.5776582360267639
0.7057676911354065
0.4475252330303192
0.7590326070785522
0.19222432374954224
0.7206804752349854
0.11918475478887558
0.7330021858215332
0.6679450273513794
0.9577803611755371
0.9258154630661011
0.4061044156551361
0.4159751832485199
0.35780906677246094
0.21330733597278595
0.36275801062583923
0.16142889857292175
0.30035683512687683
0.03097340278327465
0.12952999770641327
0.19045349955558777
0.06460575759410858
0.6269165277481079
0.9842050075531006
0.8322349786758423
0.6073256134986877
0.7824687957763672
0.22622080147266388
0.5698558688163757
0.7974966764450073
0.26473984122276306
0.908397912979126
0.4530187249183655
0.184869185090065
0.42431074380874634
0.18527255952358246
0.8088601231575012
0.7370688915252686
0.9773383140563965
0.7480881810188293
0.907314658164978
0.5647413730621338
0.008503608405590057
0.8590334057807922
0.8397228717803955
0.5635153651237488
0.18505442142486572
0.35234689712524414
0.7633601427078247
0.8668819069862366
0.8357250094413757
0.2174789309501648
0.15571828186511993
0.339925080537796
0.5572783946990967
0.2430565506219864
0.21965555846691132
0.70782470703125
0.7238278388977051
0.7285845875740051
0.8392043709754944
0.9976762533187866
0.21933305263519287
0.4283204972743988
0.2869400978088379
0.974080502986908
0.16905459761619568
0.2444922775030136
0.7580628395080566
0.07627872377634048
0.0636170357465744
0.39091789722442627
0.0808381512761116
0.9111769795417786
0.9450672268867493
0.38029277324676514
0.09539888799190521
0.02385837398469448
0.1794711947441101
0.7531269788742065
0.4627642333507538
0.6768408417701721
0.08113016188144684
0.3322252035140991
0.453900009393692
0.5298481583595276
0.047160979360342026
0.6495695114135742
0.5263427495956421
0.22571536898612976
0.19215935468673706
0.8303283452987671
0.03774367272853851
0.4675900340080261
0.01710808090865612
0.36195307970046997
0.9694134593009949
0.16951392590999603
0.3876361548900604
0.3195333182811737
0.2723322808742523
0.03961809724569321
0.5893771052360535
0.23747558891773224
0.5710453391075134
0.19895406067371368
0.28263506293296814
0.7818939089775085
0.4131898581981659
0.31329333782196045
0.03509531915187836
0.2308429777622223
0.2289615124464035
0.12597741186618805
0.5274685621261597
0.6965094208717346
0.9799991250038147
0.6242784261703491
0.7087631225585938
0.4117668867111206
0.2671622633934021
0.10817715525627136
0.8220792412757874
0.3652747571468353
0.7280664443969727
0.9906522035598755
0.11372411251068115
0.13317188620567322
0.8082690834999084
0.061307985335588455
0.07743407040834427
0.4536532759666443
0.2447880357503891
0.08350815623998642
0.45758137106895447
0.22901946306228638
0.33751150965690613
0.026773987337946892
0.7044923901557922
0.5864356756210327
0.6128597855567932
0.15849170088768005
0.8614919185638428
0.27398860454559326
0.4298587143421173
0.9314941167831421
0.26311641931533813
0.2814437448978424
0.7090442180633545
0.2352558821439743
0.10630103200674057
0.1400706022977829
0.5356276631355286
0.9093891382217407
0.9492369294166565
0.2046760618686676
0.20107775926589966
0.04567018896341324
0.45969104766845703
0.7915763854980469
0.34263867139816284
0.4242810606956482
0.14350803196430206
0.5547646284103394
0.002145882695913315
0.7211796641349792
0.9743731021881104
0.7529694437980652
0.7188961505889893
0.4392116367816925
0.8763813972473145
0.3734135627746582
0.42261257767677307
0.7627215385437012
0.20297358930110931
0.2548411786556244
0.7387353777885437
0.20143982768058777
0.02649718150496483
0.9328293800354004
0.842433750629425
0.05409650877118111
0.558810830116272
0.6707471013069153
0.7449186444282532
0.2860010266304016
0.2346257120370865
0.23772114515304565
0.698021650314331
0.9827399849891663
0.30434921383857727
0.6822274327278137
0.7179267406463623
0.15979965031147003
0.9702735543251038
0.0966135561466217
0.7135401964187622
0.3396475911140442
0.932658851146698
0.5323699712753296
0.8567193150520325
0.1829654574394226
0.04225470870733261
0.6362093091011047
0.5966295003890991
0.9609447121620178
0.3822003901004791
0.6826310157775879
0.0026332945562899113
0.6703774929046631
0.767021656036377
0.5807342529296875
0.6264550685882568
0.002650932176038623
0.047288961708545685
0.028163736686110497
0.9298161864280701
0.23133675754070282
0.3996034562587738
0.22289606928825378
0.8569868803024292
0.6690376996994019
0.9104889631271362
0.5935075879096985
0.32043328881263733
0.853728711605072
0.09980287402868271
0.4699837267398834
0.1401333063840866
0.31138572096824646
0.769725501537323
0.8347432613372803
0.12053104490041733
0.7077456712722778
0.5522485971450806
0.8400663733482361
0.7688310146331787
0.7779853343963623
0.5403584837913513
0.6919623613357544
0.28838059306144714
0.7957066893577576
0.9002090096473694
0.23190516233444214
0.17156407237052917
0.7996549606323242
0.5791711807250977
0.5444855093955994
0.5548746585845947
0.5218459367752075
0.5801374912261963
0.6745608448982239
0.020590290427207947
0.6112311482429504
0.7394470572471619
0.5479203462600708
0.23414257168769836
0.6463348269462585
0.4648911654949188
0.8598405122756958
0.27938830852508545
0.865218460559845
0.18389341235160828
0.5687650442123413
0.17008629441261292
0.8343055844306946
0.4234401285648346
0.00593216298148036
0.6897088885307312
0.4720028340816498
0.7854745984077454
0.00023199977295007557
0.20469407737255096
0.8737160563468933
0.5355704426765442
0.09000185132026672
0.9090296030044556
0.7252883315086365
0.6863651275634766
0.38662442564964294
0.770846962928772
0.05187195539474487
0.7088431119918823
0.5803359746932983
0.05042436346411705
0.8074586987495422
0.15525323152542114
0.5569311380386353
0.39941921830177307
0.7676065564155579
0.10442856699228287
0.8209283351898193
0.5398110151290894
0.9698528051376343
0.7316625118255615
0.9300994873046875
0.12955161929130554
0.41458213329315186
0.7638024687767029
0.9275233149528503
0.47128766775131226
0.507807195186615
0.18307705223560333
0.8696941137313843
0.529471755027771
0.597450315952301
0.11398281902074814
0.9231438040733337
0.507646918296814
0.5348489284515381
0.7003816366195679
0.3898540139198303
0.5179099440574646
0.983622133731842
0.8220136761665344
0.22429387271404266
0.37282058596611023
0.7198723554611206
0.5264183282852173
0.25148022174835205
0.8927686810493469
0.9020434617996216
0.29180678725242615
0.09246351569890976
0.950002908706665
0.8032484650611877
0.8229947090148926
0.5800943374633789
0.02986845187842846
0.8024421334266663
0.8931316137313843
0.09407427161931992
0.7806179523468018
0.7927267551422119
0.023433664813637733
0.3608550727367401
0.9588993191719055
0.2588873505592346
0.10705739259719849
0.3067495822906494
0.5191763043403625
0.7437795996665955
0.874683678150177
0.286272794008255
0.6737654805183411
0.5938241481781006
0.2537335157394409
0.27728116512298584
0.4305916130542755
0.13754796981811523
0.9180842638015747
0.4262647330760956
0.11852356046438217
0.2869897782802582
0.020086180418729782
0.9770348072052002
0.6575790643692017
0.36793988943099976
0.9080992341041565
0.29944080114364624
0.13409017026424408
0.05844304710626602
0.5535165667533875
0.10078025609254837
0.8329720497131348
0.1029668003320694
0.5011798143386841
0.691509485244751
0.9772728681564331
0.08208893239498138
0.8716574907302856
0.9338544607162476
0.07015480101108551
0.22575587034225464
0.8567490577697754
0.18262620270252228
0.6698219180107117
0.6188982129096985
0.4485682547092438
0.0027306543197482824
0.48290392756462097
0.8692128658294678
0.48702946305274963
0.9076949954032898
0.7167554497718811
0.28482791781425476
0.1665046215057373
0.1531846523284912
0.7294384837150574
0.20870201289653778
0.7602264881134033
0.33569326996803284
0.12390455603599548
0.2681201696395874
0.13432326912879944
0.7056990265846252
0.037490036338567734
0.9716829061508179
0.8157985210418701
0.17133086919784546
0.9216948747634888
0.2711332142353058
0.45959603786468506
0.274578332901001
0.9061466455459595
0.11251553893089294
0.3223244249820709
0.6139075756072998
0.60157310962677
0.8331894278526306
0.7820659875869751
0.9017143845558167
0.878639280796051
0.7140415906906128
0.6951817870140076
0.8195488452911377
0.30297622084617615
0.2738132178783417
0.005375443957746029
0.7097271680831909
0.5295130610466003
0.5908759832382202
0.8525705933570862
0.20557479560375214
0.8180214166641235
0.02966400422155857
0.19609799981117249
0.11023981869220734
0.7199254631996155
0.33438384532928467
0.48362353444099426
0.11052259057760239
0.822616457939148
0.6194895505905151
0.9692324995994568
0.6923954486846924
0.38387468457221985
0.7867047786712646
0.47525930404663086
0.9277510643005371
0.07332679629325867
0.6362605094909668
0.09132858365774155
0.7201220393180847
0.09323625266551971
0.4423794746398926
0.2560760974884033
0.07048632949590683
0.9405404329299927
0.3800258934497833
0.8336302042007446
0.2298002988100052
0.5126267671585083
0.9176927208900452
0.4140654504299164
0.611059844493866
0.7628704905509949
0.5758175849914551
0.6634984016418457
0.22204747796058655
0.08588627725839615
0.9906004667282104
0.6894770860671997
0.6514549255371094
0.8909510374069214
0.018656598404049873
0.7416068315505981
0.009729335084557533
0.07935924082994461
0.05438948795199394
0.06441009044647217
0.6904838681221008
0.22600431740283966
0.9925503134727478
0.3063335120677948
0.37699371576309204
0.7835986614227295
0.048082321882247925
0.7489416003227234
0.32804399728775024
0.39233389496803284
0.9315840005874634
0.8707044720649719
0.94801926612854
0.45277804136276245
0.17124798893928528
0.21642470359802246
0.818805456161499
0.8109554052352905
0.36216941475868225
0.6806383728981018
0.6778188347816467
0.5038922429084778
0.8257089257240295
0.03428047150373459
0.17594347894191742
0.21025431156158447
0.6801063418388367
0.7909363508224487
0.04011142998933792
0.6934970021247864
0.11855239421129227
0.8887739181518555
0.2300206422805786
0.5941458940505981
0.8366495370864868
0.6314472556114197
0.3268529176712036
0.10758700966835022
0.004085884429514408
0.6495280861854553
0.18446971476078033
0.4891558885574341
0.08608949184417725
0.5171980857849121
0.9020360112190247
0.036301858723163605
0.14479635655879974
0.7583646178245544
0.7945706248283386
0.6250349879264832
0.561242401599884
0.7392814755439758
0.2078235149383545
0.691437304019928
0.38560810685157776
0.9888721108436584
0.4413335919380188
0.5010077953338623
0.49841439723968506
0.9918705224990845
0.7510799765586853
0.3358032703399658
0.015724068507552147
0.1957308053970337
0.18621209263801575
0.8931436538696289
0.781402051448822
0.37059152126312256
0.46253472566604614
0.7657099366188049
0.9900075793266296
0.9302213191986084
0.7026301622390747
0.9103051424026489
0.20475569367408752
0.9074134826660156
0.11076429486274719
0.7360107898712158
0.07740882784128189
0.0034582214429974556
0.9351996183395386
0.2183109074831009
0.6164712905883789
0.06598864495754242
0.013801822438836098
0.2636418342590332
0.710452139377594
0.2706303596496582
0.1991642266511917
0.6228270530700684
0.1837371587753296
0.5741174221038818
0.6452646851539612
0.7435814142227173
0.5192833542823792
0.7156614661216736
0.5036109685897827
0.7164453864097595
0.8152085542678833
0.1727638840675354
0.3951353430747986
0.06695723533630371
0.1275227963924408
0.7861248850822449
0.9512358903884888
0.6603422164916992
0.9343686699867249
0.03704705461859703
0.2690492570400238
0.8651270270347595
0.9412622451782227
0.40283524990081787
0.4560071527957916
0.2857525050640106
0.5763269066810608
0.835919976234436
0.9053741097450256
0.5096435546875
0.12839914858341217
0.30938443541526794
0.4784577786922455
0.8129235506057739
0.37970170378685
0.14981000125408173
0.6799102425575256
0.08468993753194809
0.22918856143951416
0.313557893037796
0.389308363199234
0.9911786317825317
0.9032718539237976
0.5776517987251282
0.009410603903234005
0.0917779803276062
0.2045014351606369
0.04560016468167305
0.31239625811576843
0.3369600474834442
0.2985725998878479
0.3670436143875122
0.17738892138004303
0.2721426784992218
0.3463922441005707
0.4759906530380249
0.3978753685951233
0.5664474368095398
0.01805814541876316
0.695171594619751
0.003439171938225627
0.7949380874633789
0.15007667243480682
0.46518316864967346
0.8083187341690063
0.6963955163955688
0.331920325756073
0.7008370757102966
0.7801835536956787
0.6850905418395996
0.8535337448120117
0.6358935832977295
0.6579356789588928
0.3420681357383728
0.3052635192871094
0.11935815960168839
0.09581729769706726
0.13474306464195251
0.40105509757995605
0.7496870756149292
0.32619404792785645
0.2015458643436432
0.612553060054779
0.08117401599884033
0.5111498832702637
0.4956817626953125
0.5007970929145813
0.49843600392341614
0.2765410244464874
0.2262164205312729
0.6976131796836853
0.231083944439888
0.7859054803848267
0.98310387134552
0.2082928568124771
0.37220194935798645
0.12349304556846619
0.0033388291485607624
0.24536161124706268
0.9924433827400208
0.20341259241104126
0.2750491797924042
0.1635397970676422
0.8836999535560608
0.7912160158157349
0.48624396324157715
0.7944634556770325
0.5127390027046204
0.6189482808113098
0.48645004630088806
0.4736229479312897
0.9439407587051392
0.8668895363807678
0.1336151510477066
0.7486022710800171
0.49612289667129517
0.029695257544517517
0.4360155463218689
0.997193455696106
0.13199366629123688
0.32611170411109924
0.0857432410120964
0.9199286103248596
0.5638939738273621
0.32673782110214233
0.9370710253715515
0.011097509413957596
0.4532965123653412
0.5606765151023865
0.0674319863319397
0.48558488488197327
0.9247298240661621
0.6199163794517517
0.15150587260723114
0.555113673210144
0.9065407514572144
0.40705573558807373
0.5395233631134033
0.2755987048149109
0.5953554511070251
0.29767632484436035
0.7269251346588135
0.6955568194389343
0.7457321882247925
0.5542759895324707
0.839758038520813
0.8423895835876465
0.5314990878105164
0.08804238587617874
0.15223829448223114
0.934986412525177
0.9068486094474792
0.1097886711359024
0.5793738961219788
0.37374255061149597
0.7505180835723877
0.21437519788742065
0.5858684182167053
0.7312530279159546
0.21124356985092163
0.81113600730896
0.7614927291870117
0.9000193476676941
0.3459078371524811
0.7211694121360779
0.004460772033780813
0.32861563563346863
0.6491893529891968
0.8677862286567688
0.4027527868747711
0.7882556915283203
0.6901658773422241
0.6194581389427185
0.783705472946167
0.5734257698059082
0.5387682318687439
0.36028701066970825
0.4726782739162445
0.46367204189300537
0.9045205116271973
0.28940632939338684
0.8027294874191284
0.19683173298835754
0.7708040475845337
0.8494392037391663
0.30145350098609924
0.16475531458854675
0.2812955677509308
0.2260119616985321
0.2636246085166931
0.3574172258377075
0.3542421758174896
0.03744428604841232
0.6232309937477112
0.3781777024269104
0.9669519662857056
0.19124826788902283
0.995699405670166
0.16735216975212097
0.621324896812439
0.7513827681541443
0.3204558789730072
0.1452123522758484
0.9333323836326599
0.15055274963378906
0.19603361189365387
0.3860665261745453
0.22767722606658936
0.017285024747252464
0.36667385697364807
0.169255793094635
0.5664843916893005
0.3241882920265198
0.5854345560073853
0.5054492354393005
0.6582341194152832
0.14734075963497162
0.5665439963340759
0.359219491481781
0.6369373202323914
0.16260406374931335
0.9085301756858826
0.2698463499546051
0.1271360218524933
0.8052332997322083
0.7952659726142883
0.7109250426292419
0.6002633571624756
0.3900057375431061
0.9979143142700195
0.6610061526298523
0.15352103114128113
0.9571753144264221
0.28185945749282837
0.7542887926101685
0.6793623566627502
0.8321259617805481
0.6619035601615906
0.3410847783088684
0.4339328408241272
0.2337932586669922
0.8217489719390869
0.14783355593681335
0.2987021803855896
0.07643496245145798
0.605810284614563
0.6371442675590515
0.5973047018051147
0.28318190574645996
0.9470768570899963
0.1812732070684433
0.4143984913825989
0.7797041535377502
0.26138779520988464
0.027915334329009056
0.42289063334465027
0.34994933009147644
0.05801975727081299
0.9228811860084534
0.860181987285614
0.3521251380443573
0.135261669754982
0.4865921139717102
0.9389265179634094
0.7606441378593445
0.9816848635673523
0.5226147770881653
0.5720399618148804
0.2885303199291229
0.4373137652873993
0.33051207661628723
0.774832010269165
0.7927376627922058
0.04203522577881813
0.5986433029174805
0.7453107237815857
0.577998697757721
0.8475108742713928
0.10203499346971512
0.24399907886981964
0.11351396888494492
0.11110004782676697
0.030428703874349594
0.4676783084869385
0.9233700633049011
0.43755173683166504
0.7995283007621765
0.8681347370147705
0.7754023671150208
0.3143215477466583
0.095479816198349
0.9352438449859619
0.12657494843006134
0.32780155539512634
0.750878095626831
0.9394360184669495
0.02923400327563286
0.9273878335952759
0.04067979007959366
0.0453321672976017
0.1122129037976265
0.02507724240422249
0.20535346865653992
0.6718624234199524
0.6345218420028687
0.7150862216949463
0.42164942622184753
0.6937105059623718
0.5549485683441162
0.5671098232269287
0.1656559854745865
0.8521912097930908
0.08190536499023438
0.5277336835861206
0.28356021642684937
0.9894805550575256
0.025062795728445053
0.17076264321804047
0.6271271109580994
0.06679202616214752
0.7126911282539368
0.7727404832839966
0.2799871265888214
0.8309345841407776
0.9391735792160034
0.37174174189567566
0.9811530709266663
0.2774912416934967
0.3847014307975769
0.5382290482521057
0.6466076970100403
0.9518551230430603
0.806840181350708
0.408009797334671
0.024648165330290794
0.11127186566591263
0.3373449444770813
0.25010058283805847
0.14671559631824493
0.15881966054439545
0.5819312930107117
0.09807778894901276
0.43500393629074097
0.663672149181366
0.12220355123281479
0.30350440740585327
0.6479454040527344
0.1886589676141739
0.4955357611179352
0.7159335613250732
0.7639237642288208
0.8917540907859802
0.7482982873916626
0.42520007491111755
0.19170475006103516
0.8454564809799194
0.16771459579467773
0.1371181160211563
0.03521072119474411
0.6031491160392761
0.024183183908462524
0.33861663937568665
0.32949382066726685
0.7490211725234985
0.5130544900894165
0.9293050169944763
0.4265362024307251
0.3409038782119751
0.8002874255180359
0.864081859588623
0.055619917809963226
0.5422118306159973
0.1894710808992386
0.7612857222557068
0.13157199323177338
0.4242297410964966
0.6754621267318726
0.15889005362987518
0.09550666809082031
0.8295590877532959
0.6588001847267151
0.5057255625724792
0.45411020517349243
0.9498519897460938
0.13211068511009216
0.8243924379348755
0.13482199609279633
0.9138285517692566
0.42721080780029297
0.8950684070587158
0.0780625194311142
0.33230119943618774
0.7757262587547302
0.2588326632976532
0.34274065494537354
0.2230825424194336
0.6439549922943115
0.6660794019699097
0.9745959043502808
0.2234383225440979
0.4710693061351776
0.08145200461149216
0.24757198989391327
0.7735354900360107
0.1890391856431961
0.13192668557167053
0.17813807725906372
0.6469929814338684
0.8342729806900024
0.2026960551738739
0.32515227794647217
0.5204227566719055
0.7523573040962219
0.8148759603500366
0.7348461747169495
0.7991530299186707
0.7741612792015076
0.37150371074676514
0.09634210914373398
0.11412961035966873
0.40081775188446045
0.831713855266571
0.5982015132904053
0.7138723731040955
0.8663353323936462
0.7466322183609009
0.417854368686676
0.6552976965904236
0.7724915742874146
0.7852945327758789
0.3680616021156311
0.2843937873840332
0.5811656713485718
0.3736671805381775
0.9980714321136475
0.27185964584350586
0.9524898529052734
0.16850052773952484
0.062211982905864716
0.8860456943511963
0.17883217334747314
0.23965469002723694
0.7868494391441345
0.8932968974113464
0.505468487739563
0.5053008794784546
0.38762691617012024
0.4902195334434509
0.0401587150990963
0.677790641784668
0.661031186580658
0.03454640135169029
0.3191693425178528
0.8629363179206848
0.7426987290382385
0.4350917935371399
0.895923376083374
0.3584599196910858
0.4611643850803375
0.23808182775974274
0.3131503164768219
0.021286170929670334
0.17753788828849792
0.021904561668634415
0.7804111242294312
0.42536255717277527
0.06058896332979202
0.7021412253379822
0.5318722128868103
0.0934288501739502
0.3957514464855194
0.18949052691459656
0.09297264367341995
0.04612427204847336
0.9628627300262451
0.13961975276470184
0.24323755502700806
0.7992953062057495
0.5721714496612549
0.5803300142288208
0.1785479187965393
0.38210225105285645
0.6973919868469238
0.34555312991142273
0.010914692655205727
0.469789981842041
0.8135291337966919
0.22170421481132507
0.6485283374786377
0.9581152200698853
0.6897217631340027
0.7785413265228271
0.4648040533065796
0.0384112186729908
0.7540357112884521
0.6688668727874756
0.7726396322250366
0.8072170615196228
0.9551613926887512
0.9542981386184692
0.586768388748169
0.1356128603219986
0.6599444150924683
0.6896601319313049
0.6932733654975891
0.7117766737937927
0.09940681606531143
0.09490250051021576
0.3252565264701843
0.4700947105884552
0.15823659300804138
0.12313921749591827
0.3908367156982422
0.3263915777206421
0.3641209006309509
0.01832268200814724
0.1421383023262024
0.8023044466972351
0.49576160311698914
0.10772765427827835
0.887861430644989
0.3867817521095276
0.16480231285095215
0.2712428569793701
0.9366978406906128
0.9413106441497803
0.9314779043197632
0.21766895055770874
0.011278292164206505
0.2707367539405823
0.19170895218849182
0.16558535397052765
0.697259783744812
0.4916572570800781
0.8307391405105591
0.7933659553527832
0.5206639766693115
0.9566884636878967
0.8123916387557983
0.763385534286499
0.1281745433807373
0.003140269313007593
0.715817928314209
0.5532593131065369
0.18121643364429474
0.40671491622924805
0.5487708449363708
0.18459388613700867
0.09283249825239182
0.02484544739127159
0.02826624922454357
0.7973281145095825
0.5477960705757141
0.5374341011047363
0.9237922430038452
0.6249094009399414
0.11995896697044373
0.16334271430969238
0.9211782217025757
0.5767795443534851
0.8905941843986511
0.689210057258606
0.20587387681007385
0.4834171235561371
0.289967805147171
0.4911978542804718
0.9335023164749146
0.9887566566467285
0.4555332362651825
0.26313018798828125
0.8167180418968201
0.661516547203064
0.39573419094085693
0.6742256879806519
0.978891909122467
0.8197488188743591
0.8804205060005188
0.49768349528312683
0.9809069633483887
0.6039187908172607
0.5773450136184692
0.682255208492279
0.7364012598991394
0.6401262879371643
0.8179838061332703
0.5205280184745789
0.9009284973144531
0.6487763524055481
0.9163054823875427
0.41635364294052124
0.9027732610702515
0.7868025302886963
0.18343965709209442
0.16435831785202026
0.5707748532295227
0.6729763150215149
0.7548055052757263
0.29599687457084656
0.1015266478061676
0.27217206358909607
0.09979517012834549
0.27188459038734436
0.7624391913414001
0.6566933989524841
0.26880091428756714
0.7983396053314209
0.3430612087249756
0.10645907372236252
0.22554779052734375
0.05362565815448761
0.4877813458442688
0.8471487760543823
0.14424704015254974
0.8306006789207458
0.35531312227249146
0.9867652654647827
0.022991573438048363
0.6165476441383362
0.764141857624054
0.9059421420097351
0.04850960150361061
0.8895748853683472
0.6365249156951904
0.3812284469604492
0.47954896092414856
0.31892165541648865
0.7131757736206055
0.5120760798454285
0.6160227060317993
0.5548031330108643
0.9405977725982666
0.20246875286102295
0.005565687082707882
0.023294582962989807
0.6558160185813904
0.3283805847167969
0.7595045566558838
0.595352053642273
0.8091318011283875
0.5856721997261047
0.8012120127677917
0.5011340975761414
0.3330654203891754
0.8699963688850403
0.6257463693618774
0.46843889355659485
0.1381559818983078
0.13377447426319122
0.6232365369796753
0.45266950130462646
0.37345701456069946
0.27061858773231506
0.7463825941085815
0.9126912951469421
0.9870676398277283
0.6746626496315002
0.09002654254436493
0.8338671922683716
0.2755185663700104
0.8937036991119385
0.7312788963317871
0.6713150143623352
0.02256527915596962
0.42648690938949585
0.5568869113922119
0.17481949925422668
0.263028085231781
0.5923868417739868
0.22054964303970337
0.9697601795196533
0.5704105496406555
0.0009705539559945464
0.6425516605377197
0.31808993220329285
0.5900009870529175
0.3120799958705902
0.7293728590011597
0.04527106136083603
0.39348840713500977
0.8830900192260742
0.5803170204162598
0.8140709400177002
0.5688970685005188
0.21583318710327148
0.58322674036026
0.48680248856544495
0.9658687710762024
0.9283703565597534
0.2323276698589325
0.19936707615852356
0.585900068283081
0.8464059233665466
0.5655392408370972
0.29827240109443665
0.12846751511096954
0.14758983254432678
0.8699339628219604
0.7503319978713989
0.8167831897735596
0.42744380235671997
0.4647865891456604
0.47932952642440796
0.6619735956192017
0.6390341520309448
0.04867298901081085
0.8168410658836365
0.22234034538269043
0.7609111666679382
0.7819069027900696
0.8407048583030701
0.9358888864517212
0.035376954823732376
0.39096298813819885
0.5615203976631165
0.5948976874351501
0.8415855169296265
0.0312790609896183
0.28506237268447876
0.4351765215396881
0.4576105773448944
0.5170746445655823
0.5995602011680603
0.9097157120704651
0.4247474670410156
0.09249064326286316
0.372943639755249
0.9412819743156433
0.9334035515785217
0.6622881293296814
0.7145100235939026
0.32510802149772644
0.04977566748857498
0.46362680196762085
0.35953423380851746
0.015242216177284718
0.7724018692970276
0.6881791353225708
0.9352521896362305
0.7562000155448914
0.2490324079990387
0.7138652801513672
0.08179368823766708
0.5071316957473755
0.7720801830291748
0.12602399289608002
0.11262008547782898
0.7919479608535767
0.7639296650886536
0.8850492238998413
0.5942580103874207
0.8940320014953613
0.17939947545528412
0.21874162554740906
0.72555011510849
0.08543669432401657
0.3241462707519531
0.7316605448722839
0.6281263828277588
0.03367780148983002
0.4001632332801819
0.6058107018470764
0.024609239771962166
0.8625896573066711
0.1531558781862259
0.9869975447654724
0.3125253915786743
0.4956226944923401
0.11999255418777466
0.5454131960868835
0.3597291111946106
0.9405843019485474
0.45433664321899414
0.9421091079711914
0.3470546305179596
0.3844415545463562
0.4132307767868042
0.29629233479499817
0.5296449065208435
0.42601361870765686
0.8813756704330444
0.6788958311080933
0.6941016912460327
0.25696125626564026
0.1100543886423111
0.16377240419387817
0.6381546258926392
0.4612221121788025
0.9604922533035278
0.27122676372528076
0.22529366612434387
0.7696607708930969
0.746607780456543
0.7038213610649109
0.28480300307273865
0.5155730247497559
0.29691651463508606
0.23090651631355286
0.50096195936203
0.3665323257446289
0.5159457921981812
0.3834041357040405
0.08435606956481934
0.5705024600028992
0.8513151407241821
0.07673445343971252
0.5579670667648315
0.07418181747198105
0.4109203815460205
0.5875293016433716
0.3420342803001404
0.42722010612487793
0.9813817143440247
0.7090861797332764
0.07407894730567932
0.0815267339348793
0.7102405428886414
0.20537658035755157
0.6433604955673218
0.14459599554538727
0.6921893358230591
0.10873723775148392
0.22991885244846344
0.19138279557228088
0.7212599515914917
0.7534751892089844
0.17084568738937378
0.008170387707650661
0.06997249275445938
0.42746761441230774
0.6078101396560669
0.09143746644258499
0.2025262862443924
0.7229255437850952
0.6059834957122803
0.6637914776802063
0.48864632844924927
0.20737767219543457
0.015621524304151535
0.7405738234519958
0.9897426962852478
0.8271835446357727
0.7545892596244812
0.5364665985107422
0.8403578996658325
0.16173295676708221
0.6349084973335266
0.8775043487548828
0.8530359864234924
0.9211673140525818
0.24782124161720276
0.15891869366168976
0.46661126613616943
0.5333818197250366
0.6784263253211975
0.5256919860839844
0.23293311893939972
0.8420517444610596
0.41198545694351196
0.9155683517456055
0.5845387578010559
0.6631131768226624
0.0801662802696228
0.08605226874351501
0.6055266261100769
0.9550440907478333
0.4277173578739166
0.44727015495300293
0.9498252868652344
0.3483477234840393
0.5584396123886108
0.4629891812801361
0.5654735565185547
0.15237009525299072
0.29061558842658997
0.6163524985313416
0.2547719478607178
0.6360247135162354
0.889649510383606
0.46940141916275024
0.046972449868917465
0.5215768814086914
0.3315731883049011
0.17363739013671875
0.7714497447013855
0.34637826681137085
0.8104674816131592
0.544145941734314
0.215057834982872
0.6424030661582947
0.49322041869163513
0.8705669045448303
0.8114325404167175
0.38741010427474976
0.1385706216096878
0.8579620122909546
0.44230765104293823
0.07036500424146652
0.9465187788009644
0.26281729340553284
0.30652424693107605
0.49913203716278076
0.6779171824455261
0.5234426856040955
0.3923983573913574
0.11490101367235184
0.0961373820900917
0.7182577252388
0.48799070715904236
0.49317219853401184
0.2486329972743988
0.5794169902801514
0.22826209664344788
0.6296215057373047
0.748005211353302
0.27355441451072693
0.8369128704071045
0.07483190298080444
0.9390422105789185
0.14145594835281372
0.4448389708995819
0.6272259950637817
0.29625204205513
0.533510684967041
0.15250834822654724
0.34650176763534546
0.3921237587928772
0.0655500590801239
0.49159470200538635
0.8688601851463318
0.8704410195350647
0.7929570078849792
0.08043167740106583
0.16841690242290497
0.3150058388710022
0.6511067748069763
0.091031514108181
0.08722120523452759
0.7037563323974609
0.6093267202377319
0.3833378851413727
0.19442422688007355
0.12594373524188995
0.48700982332229614
0.4818201959133148
0.10008689761161804
0.004460674710571766
0.4678193926811218
0.1110873743891716
0.49256691336631775
0.23181168735027313
0.3992258906364441
0.13069194555282593
0.3483346700668335
0.44805964827537537
0.6297314167022705
0.4111298620700836
0.8677794337272644
0.8142842650413513
0.20891760289669037
0.2808380722999573
0.6639098525047302
0.9710953831672668
0.1807851493358612
0.4276472330093384
0.8026965260505676
0.28876543045043945
0.7938274145126343
0.10655610263347626
0.19247469305992126
0.1761222928762436
0.4194982051849365
0.17437519133090973
0.8525329828262329
0.5080546736717224
0.42747610807418823
0.3890552520751953
0.20298293232917786
0.04521479830145836
0.6989066004753113
0.3358805179595947
0.3978978097438812
0.3819361925125122
0.574634313583374
0.15683260560035706
0.035932306200265884
0.963113009929657
0.9086973667144775
0.5020379424095154
0.25175178050994873
0.7353824973106384
0.30854925513267517
0.9694440960884094
0.38975343108177185
0.9755823016166687
0.7587382793426514
0.46250173449516296
0.9001248478889465
0.0728168860077858
0.08280204236507416
0.9183459281921387
0.07812477648258209
0.8447617292404175
0.6186909079551697
0.8593338131904602
0.27461937069892883
0.5028340816497803
0.3795383870601654
0.43026238679885864
0.2733474671840668
0.6166656017303467
0.4762178659439087
0.8638348579406738
0.6429998874664307
0.9443062543869019
0.1383804827928543
0.032366279512643814
0.762779951095581
0.6507707238197327
0.8802818059921265
0.09337766468524933
0.7914978861808777
0.290584534406662
0.6682949066162109
0.02895769104361534
0.7643844485282898
0.5746274590492249
0.608752965927124
0.37871691584587097
0.6760379672050476
0.39647141098976135
0.10663533955812454
0.6113848090171814
0.5356109142303467
0.8593255281448364
0.07923442125320435
0.22064757347106934
0.7156607508659363
0.09042848646640778
0.8723791837692261
0.34573665261268616
0.6369587182998657
0.8107851147651672
0.12630905210971832
0.3012126088142395
0.37366238236427307
0.1451210230588913
0.48889926075935364
0.16302423179149628
0.5151024460792542
0.9035190343856812
0.30550816655158997
0.5716484785079956
0.7978299856185913
0.002546229399740696
0.8211572766304016
0.054363250732421875
0.44319388270378113
0.5442057251930237
0.3299873471260071
0.6380369067192078
0.4836796522140503
0.18597902357578278
0.24082417786121368
0.1410096138715744
0.20302551984786987
0.6851094961166382
0.06112498417496681
0.7693036198616028
0.4675864279270172
0.06018353998661041
0.7799181342124939
0.6478443145751953
0.914935827255249
0.1135031208395958
0.14834801852703094
0.6003708839416504
0.1522301435470581
0.011097013019025326
0.44059255719184875
0.5116965174674988
0.09256990998983383
0.06735651940107346
0.02538137324154377
0.723905086517334
0.2703639566898346
0.4257948398590088
0.4997013211250305
0.900000810623169
0.566199779510498
0.8711069226264954
0.7498285174369812
0.8099425435066223
0.4147930443286896
0.6324644088745117
0.6046736240386963
0.10672613978385925
0.5287402868270874
0.8745642304420471
0.1366766095161438
0.5234295725822449
0.6311309337615967
0.16555343568325043
0.1296657770872116
0.1529511660337448
0.09536541253328323
0.751213014125824
0.4803169071674347
0.9057629108428955
0.5001850724220276
0.7710596323013306
0.4968336820602417
0.3081962466239929
0.24188795685768127
0.4477466642856598
0.6786109805107117
0.4691607654094696
0.2907336354255676
0.15818984806537628
0.8286615610122681
0.7739209532737732
0.41453269124031067
0.4854196310043335
0.9465329647064209
0.5334884524345398
0.7165695428848267
0.644719660282135
0.20568400621414185
0.929013192653656
0.815926730632782
0.656133770942688
0.8393842577934265
0.35834836959838867
0.03158840537071228
0.6771678924560547
0.5764461755752563
0.32986244559288025
0.8836563229560852
0.7735108137130737
0.7365725636482239
0.08635491132736206
0.2870787978172302
0.1923845112323761
0.7815375328063965
0.1296190768480301
0.4926590919494629
0.20128460228443146
0.8802025318145752
0.4729219079017639
0.8279251456260681
0.8377155661582947
0.2204207181930542
0.759875476360321
0.512421727180481
0.9655286073684692
0.5036939978599548
0.5940614938735962
0.43716928362846375
0.3844835162162781
0.907355785369873
0.1340172439813614
0.9525133967399597
0.08848012238740921
0.6989032626152039
0.3920150399208069
0.04468531906604767
0.19417788088321686
0.2896239161491394
0.15418274700641632
0.35096943378448486
0.5057078003883362
0.7033757567405701
0.24364128708839417
0.23599892854690552
0.7628846764564514
0.8999832272529602
0.8961969614028931
0.46613383293151855
0.2481900304555893
0.8491579294204712
0.8871171474456787
0.9528008103370667
0.711070716381073
0.03351696580648422
0.12913744151592255
0.5872209668159485
0.9557375907897949
0.5874350666999817
0.2381734997034073
0.33605024218559265
0.6202378869056702
0.71900475025177
0.19631199538707733
0.4749344289302826
0.8831607699394226
0.5197422504425049
0.777060329914093
0.7291386723518372
0.6081618666648865
0.8694659471511841
0.06196065992116928
0.5562052130699158
0.6695810556411743
0.24398580193519592
0.2916839122772217
0.7522421479225159
0.32490816712379456
0.06159010902047157
0.46501240134239197
0.7469267845153809
0.6439622640609741
0.930826723575592
0.08587658405303955
0.8887954354286194
0.2307804822921753
0.24715977907180786
0.6522670984268188
0.6762072443962097
0.5935453772544861
0.8447592854499817
0.7947056293487549
0.32110077142715454
0.7499088644981384
0.003797324374318123
0.8290781378746033
0.6539923548698425
0.7920404672622681
0.6082046031951904
0.0071985782124102116
