512 2
0
192
266
1
225
346
2
335
418
0
3
69
4
60
352
5
134
360
1
6
315
7
274
459
8
169
420
4
9
363
10
177
416
11
332
468
12
233
254
13
53
335
14
39
453
15
116
451
16
115
496
17
52
395
18
133
263
19
140
173
20
177
497
21
53
415
22
149
293
23
187
352
24
431
444
25
180
198
26
39
101
27
94
297
28
301
476
29
169
235
30
81
102
31
463
504
32
251
468
33
41
211
34
270
396
35
260
385
36
167
350
3
37
86
38
238
343
39
123
181
40
314
403
41
104
112
42
221
360
43
269
282
44
227
418
45
366
496
2
46
221
47
285
306
48
116
197
49
171
423
25
50
358
51
371
424
52
291
464
31
53
339
54
125
508
18
55
180
56
403
451
57
178
297
25
58
457
59
335
477
60
168
341
9
61
73
2
62
214
63
215
453
25
64
488
65
81
122
66
389
399
67
228
367
68
159
267
69
440
469
70
135
357
1
51
71
52
72
260
73
179
452
74
106
472
75
176
421
76
132
152
77
108
203
78
81
376
0
79
355
80
182
381
81
102
380
58
82
433
49
83
162
84
157
384
85
145
229
86
162
486
87
209
343
8
88
163
89
224
472
90
160
414
89
91
192
92
347
508
93
119
316
94
142
159
95
140
231
96
427
505
97
197
288
90
98
136
41
99
287
55
100
219
78
101
449
102
174
210
103
247
290
104
489
495
105
223
350
104
106
377
31
107
154
108
350
507
36
109
494
110
165
468
111
431
460
112
159
168
90
113
378
114
346
478
14
115
322
116
488
491
56
117
342
118
153
381
119
269
502
120
134
306
121
319
368
122
156
439
123
197
450
57
124
416
125
331
412
68
126
366
127
144
464
128
285
381
94
129
133
2
130
224
62
131
223
131
132
196
70
133
344
62
134
457
88
135
368
59
136
357
71
137
292
87
138
253
139
320
328
140
274
282
38
141
417
0
142
391
75
115
143
121
144
361
145
266
466
146
198
363
130
147
405
42
148
322
149
189
305
150
151
376
31
151
270
152
323
352
25
153
320
154
430
491
155
163
330
46
156
352
157
346
433
158
220
487
67
159
336
160
274
491
161
193
276
162
175
451
129
163
236
151
164
269
165
223
382
28
35
166
0
167
485
168
351
368
169
317
449
170
214
309
171
252
315
172
279
282
173
323
499
44
174
392
106
175
422
176
289
454
22
56
177
178
256
491
57
179
432
180
322
366
93
181
440
137
182
336
84
123
183
184
398
433
185
345
356
18
186
192
159
187
219
184
188
501
30
189
245
28
71
190
180
191
275
192
367
467
193
254
285
21
194
400
195
240
352
160
196
368
134
197
508
79
198
230
0
199
269
97
200
401
86
201
259
43
202
336
152
203
223
31
204
312
205
208
263
92
206
399
190
207
288
74
208
259
6
209
500
210
355
482
61
193
211
12
212
405
6
213
498
143
214
355
20
147
215
209
214
216
217
274
466
218
290
353
219
366
453
99
220
260
221
465
499
222
325
376
135
223
312
141
224
263
212
225
338
179
226
431
26
227
234
80
228
496
50
55
229
230
284
506
231
250
507
55
232
452
233
347
477
76
186
234
61
235
262
80
189
236
0
237
357
238
477
483
203
239
451
177
240
302
241
434
436
242
330
509
243
244
338
149
244
493
57
245
347
62
130
246
239
247
354
23
72
248
89
249
322
249
250
462
165
251
419
252
356
412
136
253
420
254
257
493
55
255
500
185
256
506
195
247
257
68
217
258
113
183
259
92
110
260
261
334
354
148
259
262
31
126
263
264
295
386
237
265
501
266
299
504
267
320
484
268
309
360
7
269
330
60
159
270
124
218
271
104
272
430
233
273
291
79
208
274
59
115
275
246
276
391
277
347
432
80
237
278
180
279
325
174
280
415
281
298
415
282
389
399
283
287
485
63
284
304
146
194
285
286
331
385
198
243
287
22
177
288
251
289
507
244
290
402
11
123
291
282
292
295
94
274
293
281
294
415
15
187
295
195
296
301
145
297
333
172
209
298
299
320
330
264
300
508
42
301
338
183
302
482
303
347
355
220
304
354
297
305
357
306
473
501
232
307
367
274
308
346
116
220
309
310
383
398
127
147
311
298
312
449
55
204
313
255
293
314
30
193
315
57
145
316
3
245
317
64
230
318
79
319
488
131
150
320
233
321
446
220
322
507
205
323
351
10
324
505
220
325
462
217
326
384
149
178
327
56
210
328
106
132
329
286
330
474
92
198
331
20
124
332
55
333
459
114
334
380
282
301
335
56
336
392
203
337
415
212
329
338
222
339
453
92
133
340
0
62
341
44
342
510
90
136
343
289
344
450
47
345
402
202
346
412
40
331
347
204
348
404
79
103
349
273
350
379
319
351
390
147
210
352
353
354
499
8
27
354
115
355
491
199
312
356
249
357
397
42
276
358
225
359
411
138
173
360
17
361
390
86
362
499
10
347
363
181
248
364
75
125
365
305
366
486
367
377
492
368
418
444
247
369
435
370
403
480
12
371
404
301
302
372
311
373
485
298
350
374
254
375
444
376
420
456
272
377
443
260
378
483
161
379
406
140
233
380
195
381
386
187
242
382
87
383
480
148
187
384
54
116
385
386
423
453
153
207
387
297
350
388
86
389
417
59
148
390
201
391
408
220
392
483
53
192
393
284
310
394
316
395
420
396
422
451
220
369
397
70
160
398
194
399
453
281
400
483
26
169
401
27
82
402
109
291
403
404
447
484
253
315
405
192
406
461
72
407
416
73
89
408
253
409
479
7
176
410
364
411
438
56
120
412
95
135
413
140
239
414
333
405
415
87
220
416
131
417
442
272
333
418
5
29
419
76
255
420
156
261
421
367
370
422
109
253
423
157
209
424
281
321
425
426
450
476
43
76
427
1
75
428
59
429
487
134
313
430
97
339
431
254
432
492
26
433
437
31
156
434
5
252
435
29
220
436
213
437
466
50
263
438
22
54
439
229
266
440
94
186
441
217
432
442
101
286
443
53
291
444
153
253
445
195
446
492
302
362
447
90
448
500
27
381
449
68
144
450
215
363
451
297
452
489
16
70
453
279
418
454
325
330
455
60
188
456
278
457
465
22
346
458
87
459
492
150
190
460
392
448
461
7
90
462
213
338
463
91
450
464
152
327
465
95
272
466
59
203
467
201
226
468
83
272
469
93
452
470
205
341
471
26
79
472
265
407
473
94
194
474
329
450
475
43
139
476
70
464
477
147
391
478
226
309
479
396
465
480
150
296
481
293
381
482
198
208
483
1
43
484
112
445
485
363
386
486
425
485
487
106
389
488
115
413
489
117
236
490
376
457
491
322
492
496
51
113
493
191
407
494
211
493
495
5
263
496
22
83
497
457
498
503
143
350
499
75
307
500
21
55
501
238
452
502
330
340
503
152
429
504
91
242
505
297
386
506
393
479
507
47
247
508
11
281
509
180
260
510
290
349
511
0.7115783095359802
0.5454882979393005
0.5796775817871094
0.3419192433357239
0.15648487210273743
0.20644338428974152
0.3276245892047882
0.745036244392395
0.5123188495635986
0.7654106020927429
0.19151848554611206
0.2812398374080658
0.741493821144104
0.701458752155304
0.546852171421051
0.5467706322669983
0.25775235891342163
0.574239194393158
0.392138808965683
0.0787394791841507
0.463713139295578
0.8610938787460327
0.10198009759187698
0.023626849055290222
0.30698803067207336
0.02466084621846676
0.17973028123378754
0.3324236273765564
0.0824572890996933
0.7943500280380249
0.08711391687393188
0.6689335703849792
0.6570075154304504
0.5552132725715637
0.7614219784736633
0.5101636052131653
0.07981092482805252
0.8715393543243408
0.43228399753570557
0.41563063859939575
0.22596123814582825
0.722028374671936
0.3418672978878021
0.1669083833694458
0.7601639628410339
0.5825002193450928
0.14667129516601562
0.10311847925186157
0.9794133901596069
0.7739086151123047
0.42786237597465515
0.9905597567558289
0.17264927923679352
0.25064170360565186
0.02155057154595852
0.7366540431976318
0.3857838213443756
0.701743483543396
0.11812548339366913
0.8440264463424683
0.12528924643993378
0.9324442148208618
0.6403878927230835
0.05559160187840462
0.6160933971405029
0.9308041930198669
0.1173943504691124
0.0454120971262455
0.650057852268219
0.4880111515522003
0.40696704387664795
0.014486067928373814
0.9769415259361267
0.9628927707672119
0.07788481563329697
0.016903510317206383
0.43264830112457275
0.5034894347190857
0.46528542041778564
0.9774457216262817
0.4569137990474701
0.9812107682228088
0.327702134847641
0.057970080524683
0.537696897983551
0.7863705158233643
0.8130857348442078
0.7733219861984253
0.9532919526100159
0.08021169155836105
0.8479201197624207
0.4259369671344757
0.07992622256278992
0.6743854880332947
0.15311454236507416
0.942192018032074
0.6287930011749268
0.6085322499275208
0.8666553497314453
0.198148712515831
0.3925193250179291
0.8130770325660706
0.5708414316177368
0.41194987297058105
0.5212486982345581
0.15990884602069855
0.7171591520309448
0.6410789489746094
0.9629342555999756
0.16078443825244904
0.566295862197876
0.02262883260846138
0.8541703820228577
0.9187975525856018
0.8964297771453857
0.7226831316947937
0.34839722514152527
0.8924775123596191
0.9609912037849426
0.9168979525566101
0.7800493836402893
0.4223344624042511
0.28847214579582214
0.7353834509849548
0.8207930326461792
0.4327566921710968
0.4911689758300781
0.31357282400131226
0.7434542179107666
0.03634165972471237
0.4873501658439636
0.06370305269956589
0.6583839654922485
0.6858634352684021
0.8720771074295044
0.25772494077682495
0.932802677154541
0.58009934425354
0.7682889699935913
0.9999678134918213
0.3628350794315338
0.06624197959899902
0.22683042287826538
0.21017487347126007
0.9859539270401001
0.0231972336769104
0.08219487220048904
0.3208968937397003
0.7815698981285095
0.22640159726142883
0.8913856744766235
0.2298077791929245
0.43933382630348206
0.1700989156961441
0.49766337871551514
0.4871971309185028
0.7716180086135864
0.47071510553359985
0.6826280355453491
0.5395147204399109
0.16344144940376282
0.6587653756141663
0.8707785606384277
0.1773928701877594
0.29968613386154175
0.17754001915454865
0.19732129573822021
0.9317814707756042
0.3984931707382202
0.63100665807724
0.02589772641658783
0.8962769508361816
0.5154351592063904
0.756434440612793
0.8423864841461182
0.906807541847229
0.5737352967262268
0.5476987361907959
0.4362033009529114
0.16708293557167053
0.17130835354328156
0.5985202789306641
0.2622491121292114
0.07472840696573257
0.6627575159072876
0.18266068398952484
0.1321495622396469
0.8703387379646301
0.06778796762228012
0.5061384439468384
0.7253673672676086
0.7137581706047058
0.26704761385917664
0.8569083213806152
0.48121681809425354
0.846791684627533
0.7643839716911316
0.15309002995491028
0.8493942022323608
0.5212751626968384
0.9947124719619751
0.1240144893527031
0.3363974988460541
0.020673247054219246
0.0587398037314415
0.09067950397729874
0.4712675213813782
0.17786544561386108
0.7786506414413452
0.4180709719657898
0.286414235830307
0.658218264579773
0.7858248949050903
0.3185330331325531
0.4806154668331146
0.32245418429374695
0.5955759286880493
0.06536907702684402
0.38459512591362
0.9396489262580872
0.7280734181404114
0.4460461437702179
0.18796102702617645
0.7152687907218933
0.2981462776660919
0.6941581964492798
0.689567506313324
0.16386455297470093
0.3383122682571411
0.995115339756012
0.4878542125225067
0.2824394702911377
0.38375532627105713
0.8390568494796753
0.3236430883407593
0.2484348565340042
0.36239033937454224
0.6433678865432739
0.6364303231239319
0.9781860113143921
0.30644842982292175
0.5707215666770935
0.8989290595054626
0.5541391968727112
0.6775351762771606
0.1552572101354599
0.827843427658081
0.2744920551776886
0.6187357306480408
0.32419440150260925
0.7547893524169922
0.657218873500824
0.3911750316619873
0.49730849266052246
0.8447445631027222
0.06359726935625076
0.3744836449623108
0.9248629212379456
0.21347875893115997
0.9462931156158447
0.8911017179489136
0.2983246445655823
0.10062489658594131
0.35030779242515564
0.512555718421936
0.3613356351852417
0.6708714365959167
0.15089131891727448
0.4104972779750824
0.5214242935180664
0.24391046166419983
0.7107230424880981
0.09959012269973755
0.2959115207195282
0.5094624757766724
0.0916980654001236
0.38697776198387146
0.5892787575721741
0.11025987565517426
0.843065619468689
0.2955935597419739
0.545599102973938
0.2812100350856781
0.4682709574699402
0.8514347672462463
0.1511332243680954
0.3686744272708893
0.2282545417547226
0.23369836807250977
0.7916600704193115
0.7681166529655457
0.30191439390182495
0.8829792737960815
0.6682761311531067
0.32665616273880005
0.8479658365249634
0.48652616143226624
0.811954915523529
0.20672708749771118
0.638745903968811
0.24053393304347992
0.9759798049926758
0.4958326816558838
0.7157756686210632
0.0798746719956398
0.5389052629470825
0.7408130764961243
0.23438845574855804
0.17176690697669983
0.941215455532074
0.7691494822502136
0.039723098278045654
0.09001921862363815
0.22762349247932434
0.4857972264289856
0.3460099995136261
0.2944354712963104
0.22397223114967346
0.3423738479614258
0.03594962880015373
0.37571513652801514
0.7432674765586853
0.4629742503166199
0.45104822516441345
0.9097970724105835
0.703133761882782
0.3498148024082184
0.09598075598478317
0.5781339406967163
0.6347308158874512
0.3071768581867218
0.8175784349441528
0.8418447971343994
0.1966511309146881
0.9268901944160461
0.5525689721107483
0.2696996033191681
0.7487714886665344
0.7695549726486206
0.8985304832458496
0.9402951598167419
0.09123913198709488
0.3620970845222473
0.19601932168006897
0.15736909210681915
0.9806182980537415
0.6235772371292114
0.24716806411743164
0.8055698871612549
0.8231319189071655
0.13840897381305695
0.5698657035827637
0.29390642046928406
0.7410014867782593
0.06682286411523819
0.3722408711910248
0.6307322978973389
0.017738591879606247
0.16979411244392395
0.4459719955921173
0.36833876371383667
0.36815470457077026
0.26572632789611816
0.46771982312202454
0.9839584827423096
0.30667999386787415
0.4592028558254242
0.24867835640907288
0.30005642771720886
0.377137154340744
0.20282182097434998
0.17645759880542755
0.18022243678569794
0.8655444383621216
0.8356032967567444
0.5879705548286438
0.633273720741272
0.7890496253967285
0.23233602941036224
0.11089023947715759
0.47312745451927185
0.6906746625900269
0.9919806718826294
0.9269530773162842
0.184070885181427
0.5889217257499695
0.665771484375
0.8821792602539062
0.21788513660430908
0.153516948223114
0.5346676111221313
0.19472801685333252
0.40755486488342285
0.560190737247467
0.8914144039154053
0.6244256496429443
0.3749030828475952
0.7549102902412415
0.9560757875442505
0.056472860276699066
0.9379017949104309
0.9783892631530762
0.06489008665084839
0.06863066554069519
0.13428598642349243
0.6024681329727173
0.2722682058811188
0.29915568232536316
0.843521773815155
0.5998939871788025
0.8340306282043457
0.7113727331161499
0.16198380291461945
0.8157960772514343
0.8423126935958862
0.714650571346283
0.337131530046463
0.2580633759498596
0.7424642443656921
0.1832069456577301
0.26869329810142517
0.7656957507133484
0.4270208775997162
0.29286715388298035
0.6973994970321655
0.9088819026947021
0.21075472235679626
0.6019492149353027
0.46419158577919006
0.43769189715385437
0.1828707456588745
0.7716322541236877
0.16833536326885223
0.8665667176246643
0.7656088471412659
0.5527544617652893
0.6317980289459229
0.13750700652599335
0.010926584713160992
0.3537357449531555
0.5984137654304504
0.7867793440818787
0.38656532764434814
0.7729809880256653
0.9231564402580261
0.15382899343967438
0.8721215128898621
0.06830959767103195
0.47895628213882446
0.5132136940956116
0.3945372700691223
0.14233380556106567
0.1764380782842636
0.2846517562866211
0.0605958066880703
0.602737307548523
0.6295942664146423
0.7946796417236328
0.4064667224884033
0.09918525815010071
0.9518635869026184
0.4156421422958374
0.6059583425521851
0.32252439856529236
0.6294621229171753
0.9338933229446411
0.4549935460090637
0.40148302912712097
0.18030641973018646
0.96077960729599
0.5953270196914673
0.5182486772537231
0.4266482889652252
0.7021018266677856
0.024346187710762024
0.9886061549186707
0.4145798087120056
0.14226076006889343
0.8426344394683838
0.13965435326099396
0.6829147934913635
0.24542208015918732
0.8476315140724182
0.6451020240783691
0.48629823327064514
0.24375221133232117
0.04365239292383194
0.5369726419448853
0.7832238674163818
0.15403597056865692
0.699985682964325
0.5250833630561829
0.8003228306770325
0.7381729483604431
0.9544121026992798
0.11485239118337631
0.496297687292099
0.03246765956282616
0.12789738178253174
0.06186068803071976
0.5673836469650269
0.21203653514385223
0.38281044363975525
0.5383983850479126
0.07010018080472946
0.15538546442985535
0.15283724665641785
0.09017205983400345
0.4679262042045593
0.9262617230415344
0.9856142401695251
0.05173013359308243
0.5484907627105713
0.18725135922431946
0.5027437806129456
0.07071472704410553
0.29388269782066345
0.04336737468838692
0.992322564125061
0.5871731042861938
0.9516079425811768
0.45032790303230286
0.5505419969558716
0.3820287883281708
0.3634578585624695
0.6243199706077576
0.3500514030456543
0.08505168557167053
0.46638014912605286
0.369814395904541
0.23765212297439575
0.6533557772636414
0.471095472574234
0.5378044247627258
0.3709326982498169
0.9574776291847229
0.5986456274986267
0.17801615595817566
0.18108506500720978
0.6890518665313721
0.27581191062927246
0.6656367778778076
0.23639513552188873
0.22083930671215057
0.7547352910041809
0.6980036497116089
0.7990774512290955
0.96214759349823
0.29712238907814026
0.38969558477401733
0.5166714191436768
0.19552257657051086
0.4384285807609558
0.032514192163944244
0.9978437423706055
0.019212182611227036
0.3735591769218445
0.8195708990097046
0.06252302974462509
0.7408340573310852
0.211396262049675
0.5874227285385132
0.5560435056686401
0.1332773119211197
0.4037974178791046
0.9450299143791199
0.9536590576171875
0.7123293280601501
0.3658372461795807
0.5984230637550354
0.6205640435218811
0.6212911605834961
0.97768235206604
0.3209682106971741
0.58806312084198
0.6378585696220398
0.49687808752059937
0.13858313858509064
0.753836452960968
0.6513150930404663
0.35881468653678894
0.05247635766863823
0.8434950709342957
0.1913234144449234
0.8364976644515991
0.34187519550323486
0.5576755404472351
0.9301117658615112
0.8061583638191223
0.04887630417943001
0.8515854477882385
0.10287560522556305
0.19066374003887177
0.33457696437835693
0.9582342505455017
0.8445571064949036
0.1290881186723709
0.1928279846906662
0.9537143707275391
0.3201468884944916
0.10657045990228653
0.9749501347541809
0.6778853535652161
0.5093610286712646
0.20538264513015747
0.777274489402771
0.8105789422988892
0.17737853527069092
0.5257788300514221
0.670256495475769
0.46986305713653564
0.36653900146484375
0.26416170597076416
0.9532923102378845
0.7219700217247009
0.8188762068748474
0.32543349266052246
0.4550880491733551
0.06369318068027496
0.1546231359243393
0.10475754737854004
0.6193118095397949
0.5459536910057068
0.8736717700958252
0.42957112193107605
0.6277502775192261
0.4819107949733734
0.9239413738250732
0.3798266649246216
0.18198014795780182
0.18667280673980713
0.19013288617134094
0.2277374267578125
0.33345043659210205
0.8354930877685547
0.8824811577796936
0.1522175520658493
0.28386256098747253
0.9937291145324707
0.10217200964689255
0.1471983790397644
0.7694842219352722
0.4864272475242615
0.7242599725723267
0.18821391463279724
0.8322758078575134
0.9491870403289795
0.5365038514137268
0.6669659614562988
0.7027145624160767
0.47144773602485657
0.34373846650123596
0.604473888874054
0.6124237179756165
0.7876495718955994
0.7647871971130371
0.17244921624660492
0.16717086732387543
0.2568233013153076
0.892305850982666
0.2774423360824585
0.6497423052787781
0.48049408197402954
0.6441856622695923
0.029151551425457
0.04848834127187729
0.26697838306427
0.08683967590332031
0.07404100149869919
0.10489781200885773
0.5400230884552002
0.9847795963287354
0.925752580165863
0.21703971922397614
0.7803705334663391
0.8402131199836731
0.8864197134971619
0.752490222454071
0.9966171979904175
0.7222481966018677
0.7728060483932495
0.1915261149406433
0.1053929328918457
0.21634948253631592
0.9014923572540283
0.08585552126169205
0.4075848162174225
0.7404615879058838
0.5082743763923645
0.7281690239906311
0.9156433343887329
0.8792301416397095
0.21727070212364197
0.2666580379009247
0.6045733094215393
0.13031946122646332
0.5363560318946838
0.37683042883872986
0.09851618111133575
0.6618426442146301
0.41421207785606384
0.6646331548690796
0.4705153703689575
0.23349902033805847
0.6046313047409058
0.1836136132478714
0.8819796442985535
0.4495425820350647
0.8941448926925659
0.16685891151428223
0.4892090857028961
0.00788984727114439
0.5593299269676208
0.05700325220823288
0.8771060109138489
0.7687979936599731
0.288754403591156
0.05582806468009949
0.4014352262020111
0.2570531964302063
0.7709866166114807
0.38459351658821106
0.8459723591804504
0.36028334498405457
0.6070260405540466
0.9151797294616699
0.7748369574546814
0.17271733283996582
0.0922732800245285
0.7716806530952454
0.06412165611982346
0.08983822166919708
0.26068612933158875
0.055107735097408295
0.6415173411369324
0.1515432596206665
0.1328132450580597
0.8193066716194153
0.47287166118621826
0.18941554427146912
0.20597565174102783
0.8271679282188416
0.17637142539024353
0.24516302347183228
0.45323488116264343
0.8612789511680603
0.11326569318771362
0.17455759644508362
0.36703014373779297
0.39861029386520386
0.09602735191583633
0.8111035823822021
0.2180299162864685
0.408135324716568
0.014665011316537857
0.05709460750222206
0.4681161344051361
0.19889210164546967
0.520585298538208
0.15584325790405273
0.7739249467849731
0.33019164204597473
0.887077271938324
0.9958195090293884
0.5538846254348755
0.2321217656135559
0.026285074651241302
0.060884881764650345
0.9219761490821838
0.8473561406135559
0.3639039695262909
0.27644720673561096
0.22371569275856018
0.5578088164329529
0.3846786320209503
0.36987248063087463
0.9946675896644592
0.40915077924728394
0.5892260074615479
0.14685574173927307
0.2144332230091095
0.8646003603935242
0.2842218279838562
0.09390294551849365
0.3110554814338684
0.10045456886291504
0.6410320997238159
0.013679403811693192
0.4195852279663086
0.3175814747810364
0.5850870609283447
0.9088084697723389
0.9325200319290161
0.9396442174911499
0.5390778183937073
0.6812276840209961
0.9879774451255798
0.6403568983078003
0.9846187233924866
0.034436557441949844
0.6421034932136536
0.27370479702949524
0.5941916704177856
0.05611007288098335
0.33635246753692627
0.5123902559280396
0.518439531326294
0.09242723882198334
0.7987505793571472
0.25777068734169006
0.2174501121044159
0.5444210767745972
0.6291904449462891
0.7157739400863647
0.7399734258651733
0.6217362880706787
0.8216952085494995
0.8100371956825256
0.4285372495651245
0.049725472927093506
0.39080286026000977
0.21555909514427185
0.3813422918319702
0.7198853492736816
0.6190671920776367
0.43660733103752136
0.8407424688339233
0.9691774249076843
0.6264541149139404
0.28538960218429565
0.6778476238250732
0.7305713295936584
0.9751298427581787
0.7552329301834106
0.802983820438385
0.1871839016675949
0.4793148934841156
0.23840682208538055
0.763977587223053
0.9989849328994751
0.17670220136642456
0.1155642569065094
0.5674121975898743
0.684055745601654
0.9988695383071899
0.8390898108482361
0.10395193845033646
0.9859126210212708
0.303052693605423
0.03930146247148514
0.3635246753692627
0.3767739236354828
0.09600047022104263
0.36700549721717834
0.01549740694463253
0.9525122046470642
0.20983032882213593
0.06902948766946793
0.34216612577438354
0.12806305289268494
0.6342695355415344
0.9965929388999939
0.7624830603599548
0.7206069231033325
0.18145474791526794
0.030397659167647362
0.03326573967933655
0.25474339723587036
0.8762582540512085
0.2272147536277771
0.7658265233039856
0.7470688223838806
0.983335018157959
0.7481816411018372
0.9621531367301941
0.8514258861541748
0.8400332927703857
0.6880983114242554
0.5966171622276306
0.14655259251594543
0.3692421019077301
0.024347664788365364
0.502371609210968
0.5956895351409912
0.3427939713001251
0.705963671207428
0.9440591931343079
0.15947364270687103
0.6187279224395752
0.22644753754138947
0.8952184915542603
0.19171805679798126
0.5003952980041504
0.5143144726753235
0.21355384588241577
0.5476195216178894
0.47387415170669556
0.15326988697052002
0.13058353960514069
0.6554932594299316
0.9483432769775391
0.8495070338249207
0.8596504926681519
0.5877777338027954
0.19451145827770233
0.6468914747238159
0.2250644415616989
0.04651159420609474
0.10511089116334915
0.879619300365448
0.552895188331604
0.8460166454315186
0.2227136492729187
0.7328465580940247
0.7979727983474731
0.43803104758262634
0.004917568061500788
0.27875033020973206
0.33259814977645874
0.9339735507965088
0.5881840586662292
0.6586253046989441
0.3843030035495758
0.32762935757637024
0.8162245750427246
0.9539828300476074
0.057710081338882446
0.9996182918548584
0.7056770324707031
0.4834426939487457
0.008810576982796192
0.46656709909439087
0.6377085447311401
0.6360253691673279
0.05136297643184662
0.9533973932266235
0.8183228969573975
0.15194784104824066
0.042469482868909836
0.44032737612724304
0.864004909992218
0.6519114971160889
0.504019558429718
0.11580803990364075
0.4504534602165222
0.49434688687324524
0.5852707028388977
0.7646948099136353
0.06370840966701508
0.2862100601196289
0.9602953195571899
0.17346599698066711
0.2903934419155121
0.9676662087440491
0.5076448321342468
0.9051414728164673
0.7158591151237488
0.16599570214748383
0.17131198942661285
0.5884304642677307
0.874261736869812
0.27561214566230774
0.6910693049430847
0.8480861186981201
0.7918049693107605
0.07939973473548889
0.7069658637046814
0.7257665395736694
0.7684267163276672
0.8890220522880554
0.5878728032112122
0.48883116245269775
0.7655878663063049
0.6602734327316284
0.40862196683883667
0.003782822284847498
0.18786539137363434
0.5126125812530518
0.6136717200279236
0.14231275022029877
0.556645393371582
0.9192823767662048
0.023102445527911186
0.40493324398994446
0.11474238336086273
0.9691039323806763
0.3313528299331665
0.7268174886703491
0.28478220105171204
0.7505197525024414
0.9715486764907837
0.27624183893203735
0.5586453080177307
0.8471171259880066
0.535781741142273
0.3143967390060425
0.9892107248306274
0.8493543267250061
0.2863587737083435
0.6219702363014221
0.910194993019104
0.3007660210132599
0.2954448461532593
0.13057000935077667
0.36607494950294495
0.8278458118438721
0.24295386672019958
0.027934400364756584
0.5118762254714966
0.8905292749404907
0.5536899566650391
0.07257629185914993
0.6205115914344788
0.9742932319641113
0.746762752532959
0.092497318983078
0.04877462610602379
0.0067602163180708885
0.10861916095018387
0.5356650352478027
0.050989486277103424
0.053171344101428986
0.30315864086151123
0.37027373909950256
0.35996440052986145
0.0011951534543186426
0.07734019309282303
0.0798758864402771
0.7650269865989685
0.4164173901081085
0.03996284306049347
0.24659350514411926
0.18454593420028687
0.11494267731904984
0.9042104482650757
0.041646745055913925
0.8645268082618713
0.184186652302742
0.18731221556663513
0.627681314945221
0.6008620262145996
0.2498054951429367
0.4918885827064514
0.9482986330986023
0.964995801448822
0.823986828327179
0.7195239663124084
0.27194076776504517
0.618364691734314
0.9049985408782959
0.6605515480041504
0.8306294679641724
0.9920039176940918
0.6303253173828125
0.602716863155365
0.6901206970214844
0.3643905222415924
0.44975635409355164
0.29719874262809753
0.3073784112930298
0.6844586133956909
0.21448731422424316
0.4162580966949463
0.8167275190353394
0.4398978054523468
0.3698588013648987
0.3198176622390747
0.41191723942756653
0.6415632963180542
0.6680407524108887
0.04649015888571739
0.07975289225578308
0.15030497312545776
0.26196765899658203
0.9231373071670532
0.8792542219161987
0.7412674427032471
0.4213956296443939
0.992509126663208
0.8357762098312378
0.47039055824279785
0.18153704702854156
0.354604035615921
0.8385884165763855
0.7863642573356628
0.137326180934906
0.7864577770233154
0.6738287210464478
0.49336525797843933
0.29741233587265015
0.14021560549736023
0.7062575221061707
0.2650139331817627
0.10937606543302536
0.5622567534446716
0.4659428000450134
0.8323748707771301
0.6425333023071289
0.21650642156600952
0.3146189749240875
0.3821006715297699
0.008779660798609257
0.2526647746562958
0.8018038272857666
0.693772554397583
0.06107749417424202
0.09706294536590576
0.46298110485076904
0.12248330563306808
0.5357580184936523
0.9506980180740356
0.9501639008522034
0.03952730447053909
0.6549593210220337
0.8651630282402039
0.6761434674263
0.2997446656227112
0.919386625289917
0.7178677320480347
0.3466474711894989
0.7890945076942444
0.46443191170692444
0.03840113803744316
0.5883060097694397
0.7624005675315857
0.19704531133174896
0.9620897173881531
0.8320482969284058
0.39009788632392883
0.9152140617370605
0.9408248662948608
0.8084864616394043
0.6441553235054016
0.6904439926147461
0.24759171903133392
0.4784626364707947
0.17085041105747223
0.5612443685531616
0.6718381643295288
0.5451266169548035
0.7001368999481201
0.8609414100646973
0.0488276369869709
0.205904021859169
0.6313955783843994
0.5551870465278625
0.6525303721427917
0.794146716594696
0.3610001504421234
0.3027381896972656
0.8866735100746155
0.3994798958301544
0.7352586388587952
0.6807724833488464
0.7460536360740662
0.5696760416030884
0.4944208860397339
0.6075454354286194
0.4850043058395386
0.22411209344863892
0.8015146851539612
0.22168801724910736
0.8026344180107117
0.5996983647346497
0.22784370183944702
0.5941361784934998
0.9782123565673828
0.6442771553993225
0.6146705150604248
0.03131683170795441
0.9201802611351013
0.4857979714870453
0.9778719544410706
0.27674826979637146
0.21117226779460907
0.4318014681339264
0.9721869230270386
0.25901246070861816
0.9554442167282104
0.8796311020851135
0.3396519422531128
0.12142821401357651
0.9165133833885193
0.20134568214416504
0.15379062294960022
0.9847093820571899
0.07026637345552444
0.8972463011741638
0.1153741255402565
0.8156958818435669
0.18140879273414612
0.0792088508605957
0.05126560851931572
0.6617615818977356
0.5426123142242432
0.4814223051071167
0.33329057693481445
0.14063966274261475
0.21020130813121796
0.004673271905630827
0.6719987988471985
0.8884074687957764
0.42379891872406006
0.4847775399684906
0.11073905229568481
0.11130495369434357
0.07630573958158493
0.23524110019207
0.6546071767807007
0.45003217458724976
0.4263246953487396
0.1788107305765152
0.4002295434474945
0.8940269351005554
0.1548154205083847
0.603441059589386
0.9619224071502686
0.25632914900779724
0.7798846960067749
0.984697163105011
0.6316952109336853
0.7100830674171448
0.29820266366004944
0.8843614459037781
0.09596971422433853
0.9200514554977417
0.23885667324066162
0.8745357394218445
0.45045381784439087
0.11036761850118637
0.18026021122932434
0.16600702702999115
0.23083622753620148
0.9341486692428589
0.13141706585884094
0.5690261721611023
0.028478344902396202
0.24371160566806793
0.32361000776290894
0.7564727663993835
0.3530544936656952
0.5778334140777588
0.5342070460319519
0.9001907706260681
0.1541876345872879
0.4700138568878174
0.4220792353153229
0.5130887031555176
0.4923692047595978
0.8999295830726624
0.4870283305644989
0.0855804830789566
0.13885045051574707
0.5314540266990662
0.4518820345401764
0.453804612159729
0.925909161567688
0.5756621956825256
0.9229219555854797
0.3914273679256439
0.2792010009288788
0.07641921937465668
0.11550576984882355
0.6878125071525574
0.5681658387184143
0.6704792976379395
0.548991322517395
0.18107911944389343
0.12089481949806213
0.9899622797966003
0.7459155321121216
0.5005286931991577
0.6194599866867065
0.11473502963781357
0.9733811616897583
0.8593662977218628
0.13338123261928558
0.8958931565284729
0.27120253443717957
0.21206730604171753
0.9789572954177856
0.3821236491203308
0.3555302917957306
0.5000292062759399
0.831717312335968
0.7591453790664673
0.5715525150299072
0.4596872925758362
0.044460318982601166
0.007891811430454254
0.6576366424560547
0.15076202154159546
0.9511739015579224
0.6657314896583557
0.13529565930366516
0.30680936574935913
0.05729486048221588
0.9290422201156616
0.610758364200592
0.3570246696472168
0.5681665539741516
0.021456394344568253
0.774220883846283
0.3930916488170624
0.7225272059440613
0.3609876036643982
0.6522467732429504
0.32855674624443054
0.15398702025413513
0.36568108201026917
0.5575779676437378
0.5724638104438782
0.23279714584350586
0.007261162623763084
0.31550994515419006
0.629215657711029
0.17573830485343933
0.6885109543800354
0.8404182195663452
0.7196475863456726
0.9812570810317993
0.2753852903842926
0.2722223997116089
0.6077361702919006
0.622714102268219
0.37472158670425415
0.2221212089061737
0.7401219606399536
0.039768997579813004
0.10710522532463074
0.9096077084541321
0.6048731207847595
0.864540159702301
0.8479220271110535
0.8728563189506531
0.5713955760002136
0.4582797586917877
0.5478892922401428
0.4496113657951355
0.8899853229522705
0.14884988963603973
0.7376164793968201
0.5777900815010071
0.39743080735206604
0.3201355040073395
0.05078154802322388
0.8726546168327332
0.009134807623922825
0.4275844693183899
0.8991705179214478
0.0801454484462738
0.3949654996395111
0.4904652237892151
0.11664778739213943
0.5700957179069519
0.7324352264404297
0.3558121621608734
0.3040686547756195
0.4741077125072479
0.09356959164142609
0.31531208753585815
0.23635828495025635
0.5452478528022766
0.8076192140579224
0.4591115713119507
0.32905226945877075
0.9409224390983582
0.8646621704101562
0.8461465835571289
0.23275907337665558
0.5077518224716187
0.25036850571632385
0.9204435348510742
0.14020322263240814
0.2539472281932831
0.885596513748169
0.464040070772171
0.350671648979187
0.2714817225933075
0.9665564894676208
0.0005129283526912332
0.025768296793103218
0.6806274056434631
0.833730936050415
0.8869144320487976
0.2232225090265274
0.40871167182922363
0.29294973611831665
0.8180845379829407
0.12349686026573181
0.9876079559326172
0.06824962794780731
0.45501747727394104
0.36825311183929443
0.528479278087616
0.1912394016981125
0.03315440192818642
0.5421962738037109
0.9781520366668701
0.023967981338500977
0.3077133595943451
0.9547694325447083
0.7279550433158875
0.9917524456977844
0.9768328666687012
0.6126097440719604
0.40191277861595154
0.013658707961440086
0.43011289834976196
0.832305371761322
0.5407492518424988
0.7575788497924805
0.6836117506027222
0.5859376192092896
0.5707791447639465
0.1841598004102707
0.8999167680740356
0.5164624452590942
0.35415706038475037
0.4772564470767975
0.1936764270067215
0.5108515620231628
0.9961898326873779
0.675627589225769
0.45103779435157776
0.9841916561126709
0.3808956444263458
0.031776778399944305
0.9574482440948486
0.38579705357551575
0.19241367280483246
0.17091943323612213
0.47405171394348145
0.5400072336196899
0.2487054169178009
0.38816583156585693
0.6162751913070679
0.33121630549430847
0.8110606670379639
0.8224031925201416
0.35180938243865967
0.5855947136878967
0.44464901089668274
0.15143169462680817
0.05766661837697029
0.2840733528137207
0.6766906380653381
0.9854504466056824
0.6463218331336975
0.29030606150627136
0.5859781503677368
0.9100359678268433
0.08935230225324631
0.560141921043396
0.5359582304954529
0.22159628570079803
0.6001250147819519
0.8031409382820129
0.5645496845245361
0.9416149854660034
0.4447742700576782
0.23252786695957184
0.3720727264881134
0.6783891320228577
0.4876132607460022
0.05365040898323059
0.7210490107536316
0.9575216770172119
0.1545090675354004
0.5298236608505249
0.49664443731307983
0.8770162463188171
0.7423105835914612
0.5629715323448181
0.7541369795799255
0.0017816436011344194
0.9839053153991699
0.16497203707695007
0.9089582562446594
0.7309710383415222
0.22815269231796265
0.3997708559036255
0.12887543439865112
0.3035958707332611
0.27891674637794495
0.6946921348571777
0.6084979176521301
0.3331397473812103
0.9355154037475586
0.30167824029922485
0.4965134263038635
0.03625078126788139
0.7336941361427307
0.9127501845359802
0.3338735103607178
0.3551734685897827
0.7692949175834656
0.7625234723091125
0.7949700951576233
0.35169532895088196
0.9152133464813232
0.34934550523757935
0.25354281067848206
0.515561044216156
0.6737515330314636
0.2964586019515991
0.11467353254556656
0.9789058566093445
0.3241018056869507
0.9878135323524475
0.7661331295967102
0.4958142340183258
0.3601970672607422
0.957154393196106
0.9187526106834412
0.6338856220245361
0.17159053683280945
0.738422155380249
0.667556643486023
0.5205907225608826
0.7298064827919006
0.3753279149532318
0.1352241337299347
0.49146568775177
0.8200562596321106
0.797816812992096
0.6266210675239563
0.06841658055782318
0.5437242388725281
0.7897821068763733
0.9434188008308411
0.6743040680885315
0.6289923787117004
0.15060311555862427
0.1812661737203598
0.25093874335289
0.10309237241744995
0.0012683282839134336
0.26601746678352356
0.035319775342941284
0.3594927191734314
0.5182866454124451
0.2071293741464615
0.5083478689193726
0.7063791751861572
0.3253176808357239
0.3177042007446289
0.783959686756134
0.49276041984558105
0.31379374861717224
0.02680823765695095
0.8000935316085815
0.552096426486969
0.472251832485199
0.8782305121421814
0.16741056740283966
0.24159836769104004
0.9966877698898315
0.4029792845249176
0.779668927192688
0.3761405348777771
0.5333517789840698
0.6669783592224121
0.11884646117687225
0.6099932193756104
0.8731442093849182
0.21740120649337769
0.9133997559547424
0.40250030159950256
0.593010663986206
0.7703095078468323
0.14831341803073883
0.4019162952899933
0.027634963393211365
0.6242583990097046
0.21671952307224274
0.6321879029273987
0.785938024520874
0.08145471662282944
0.10990824550390244
0.5638654828071594
0.11157340556383133
0.896194338798523
0.8079460859298706
0.12035904079675674
0.12743371725082397
0.5999457836151123
0.7614478468894958
0.2982959747314453
0.7909955382347107
0.9476136565208435
0.39319908618927
0.35850992798805237
0.44091111421585083
0.27226224541664124
0.310039222240448
0.5018283724784851
0.7686368227005005
0.4207077622413635
0.3212328851222992
0.15369895100593567
0.7786466479301453
0.9128413796424866
0.4451093375682831
0.7043630480766296
0.7017621397972107
0.11081060022115707
0.3850798010826111
0.19384345412254333
0.06721515208482742
0.6845645904541016
0.6673387885093689
0.9440059661865234
0.5639307498931885
0.2878798544406891
0.6347064971923828
0.5375834107398987
0.9004988074302673
0.28091779351234436
0.3298982083797455
0.5925076007843018
0.28229227662086487
0.08700703829526901
0.10960060358047485
0.4798085689544678
0.46874377131462097
0.8957021832466125
0.7421532273292542
0.2608701288700104
0.8626323938369751
0.11155710369348526
0.3279228210449219
0.3967781662940979
0.5786226391792297
0.7399923801422119
0.5595468282699585
0.7939161062240601
0.05778384953737259
0.45806509256362915
0.9544060230255127
0.751501739025116
0.286630243062973
0.28230389952659607
0.25537845492362976
0.10074523091316223
0.9725603461265564
0.36133599281311035
0.6966521739959717
0.4723850190639496
0.8242349028587341
0.08383648842573166
0.5854756236076355
0.649229109287262
0.8131037354469299
0.01346263661980629
0.023750394582748413
0.5527282357215881
0.1399460732936859
0.17055395245552063
0.6770113706588745
0.33000901341438293
0.7435340881347656
0.8640139698982239
0.5177330374717712
0.44440028071403503
0.1356498748064041
0.7697786688804626
0.339566707611084
0.42337566614151
0.688118577003479
0.7198232412338257
0.8605254888534546
0.1796773374080658
0.5535548329353333
0.5254903435707092
0.5747771859169006
0.24673835933208466
0.5530303120613098
0.07736404240131378
0.2795548737049103
0.4038308560848236
0.7721566557884216
0.4870710074901581
0.2020564079284668
0.6755449175834656
0.9771558046340942
0.9801652431488037
0.403200626373291
0.32991909980773926
0.9084575176239014
0.652214765548706
0.11941853910684586
0.7971494197845459
0.7613887786865234
0.6321336627006531
0.5323794484138489
0.8027487397193909
0.5184082388877869
0.7485679984092712
0.8257076144218445
0.9486191868782043
0.11482404172420502
0.8055070042610168
0.6007534265518188
0.9275966882705688
0.9020160436630249
0.8322232961654663
0.34146928787231445
0.7417968511581421
0.7408065795898438
0.6246164441108704
0.2869185209274292
0.7836614847183228
0.00608756672590971
0.0026448844000697136
0.9210390448570251
0.8277372717857361
0.6655914783477783
0.8610575795173645
0.8279101848602295
0.6160174608230591
0.5432092547416687
0.1068105399608612
0.9605227708816528
0.19952039420604706
0.7399972081184387
0.1755170375108719
0.6389478445053101
0.6412818431854248
0.10561461746692657
0.7809732556343079
0.8657224774360657
0.6029145121574402
0.18550990521907806
0.8909024596214294
0.5138385891914368
0.11959034204483032
0.7525413036346436
0.6143790483474731
0.6269419193267822
0.6377801895141602
0.827699601650238
0.8212928771972656
0.7553387880325317
0.3544463515281677
0.6383501887321472
0.18561744689941406
0.7714428901672363
0.13805897533893585
0.3718763291835785
0.7552412748336792
0.5252107977867126
0.013401532545685768
0.8767640590667725
0.13293513655662537
0.27033719420433044
0.916533887386322
0.9325852990150452
0.07008454203605652
0.5692923665046692
0.18310213088989258
0.20618928968906403
0.6237595677375793
0.49176451563835144
0.7121289372444153
0.014005256816744804
0.18713688850402832
0.008774485439062119
0.35963812470436096
0.5040422677993774
0.7040095925331116
0.5243124961853027
0.9897018074989319
0.3031120002269745
0.03969312831759453
0.02034946344792843
0.9683379530906677
0.6893482208251953
0.14511382579803467
0.45416417717933655
0.4233115017414093
0.011789960786700249
0.7609575390815735
0.576575756072998
0.09456008672714233
0.6631803512573242
0.8683599829673767
0.22827553749084473
0.2169926017522812
0.9845988154411316
0.48783135414123535
0.48433205485343933
0.43363308906555176
0.7746322751045227
0.06738977134227753
0.5818043947219849
0.7463628649711609
0.32228249311447144
0.09047433733940125
0.0585952028632164
0.5780021548271179
0.412258505821228
0.9426742196083069
0.22862084209918976
0.03010253980755806
0.24921877682209015
0.8105539083480835
0.12844355404376984
0.9811993837356567
0.1304502785205841
0.49186646938323975
0.713171660900116
0.498049795627594
0.666011393070221
0.5996576547622681
0.46503156423568726
0.4054259657859802
0.8142552375793457
0.2729693055152893
0.2369968593120575
0.2575142979621887
0.8043035864830017
0.08908458054065704
0.6669420003890991
0.7332496047019958
0.4566611051559448
0.8334749937057495
0.5248463749885559
0.26766952872276306
0.9850407838821411
0.36013904213905334
0.9626895189285278
0.09403998404741287
0.9786337614059448
0.4722681939601898
0.14589932560920715
0.5057296752929688
0.9823998808860779
0.5666391253471375
0.34762629866600037
0.35086578130722046
0.9135338068008423
0.3485456109046936
0.365558385848999
0.011590433306992054
0.6496054530143738
0.7417324781417847
0.43971267342567444
0.11120288819074631
0.8058194518089294
0.694503903388977
0.3696606159210205
0.44894084334373474
0.8912888765335083
0.5347394943237305
0.3625011742115021
0.8381868004798889
0.7423868179321289
0.6476197242736816
0.6954553723335266
0.6319653391838074
0.5672755837440491
0.26835599541664124
0.4230514466762543
0.9342138767242432
0.6085692048072815
0.09716033935546875
0.8115603923797607
0.4933219254016876
0.14802922308444977
0.6168914437294006
0.16908009350299835
0.6957094669342041
0.9208657741546631
0.3452633321285248
0.23018251359462738
0.29638880491256714
0.9040185809135437
0.8953277468681335
0.5538808107376099
0.5432587265968323
0.9824519753456116
0.35735803842544556
0.8485631346702576
0.7880092263221741
0.3528786301612854
0.7806414365768433
0.2934582233428955
0.8412467837333679
0.22732098400592804
0.1533040702342987
0.036670342087745667
0.07786615937948227
0.7457932829856873
0.7572793364524841
0.1690012514591217
0.7424423098564148
0.8633612990379333
0.09809575229883194
0.7610680460929871
0.046047311276197433
0.8037366271018982
0.26965928077697754
0.35503801703453064
0.10280410200357437
0.060933828353881836
0.056462399661540985
0.5964136719703674
0.39972370862960815
0.6651906371116638
0.6901652216911316
0.9425475597381592
0.0656917467713356
0.741044282913208
0.33834925293922424
0.9065090417861938
0.6003395915031433
0.1585969477891922
0.6880815625190735
0.821003794670105
0.7877807021141052
0.22028210759162903
0.24936090409755707
0.15744397044181824
0.5568281412124634
0.23187871277332306
0.12121392041444778
0.9069446325302124
0.12329408526420593
0.43613287806510925
0.7748180627822876
0.8490626215934753
0.5103800892829895
0.19135352969169617
0.012758187018334866
0.03380538523197174
0.6216979026794434
0.9116789698600769
0.8611781001091003
0.9990324974060059
0.3081716299057007
0.5957746505737305
0.6979296803474426
0.5053213834762573
0.6410139203071594
0.46474406123161316
0.34778714179992676
0.11988557875156403
0.14354248344898224
0.30609697103500366
0.13974034786224365
0.23661021888256073
0.42827948927879333
0.06070980802178383
0.4109753668308258
0.9569702744483948
0.45814049243927
0.3384987413883209
0.829991340637207
0.5853443145751953
0.7379036545753479
0.5881410241127014
0.2658916413784027
0.8853937387466431
0.5639474391937256
0.8124682307243347
0.43528780341148376
0.8416791558265686
0.04803818464279175
0.580059289932251
0.01930483803153038
0.5502015352249146
0.3585112988948822
0.49743032455444336
0.4713565409183502
0.4307366907596588
0.2822416126728058
0.9181743860244751
0.6126492023468018
0.34556418657302856
0.29252538084983826
0.5507354140281677
0.4141354262828827
0.8518555760383606
0.48306804895401
0.004294277634471655
0.38639622926712036
0.8247730135917664
0.05140792205929756
0.9255267381668091
0.3410640358924866
0.43185752630233765
0.18341565132141113
0.7945863604545593
0.8617157936096191
0.9431889057159424
0.2407887578010559
0.6001124382019043
0.7577850222587585
0.7376267313957214
0.4841586947441101
0.43246760964393616
0.8526753783226013
0.616412341594696
0.46825945377349854
0.9531702995300293
0.9671861529350281
0.13356062769889832
0.1752038151025772
0.8456597924232483
0.6933532357215881
0.3331774175167084
0.8777584433555603
0.4517917037010193
0.13501591980457306
0.29318323731422424
0.008857273496687412
0.7094084024429321
0.2632555067539215
0.0939965546131134
0.47705522179603577
0.9325383901596069
0.6582660675048828
0.1836680918931961
0.5051919221878052
0.9051703810691833
0.02974811941385269
0.6036961078643799
0.7653771638870239
0.1144486516714096
0.9330366849899292
0.06013181060552597
0.15730136632919312
0.13508781790733337
0.8416091203689575
0.8675015568733215
0.561414361000061
0.008163920603692532
0.9261281490325928
0.6827275156974792
0.7165084481239319
0.03888639807701111
0.4313071072101593
0.8646342158317566
0.3578453063964844
0.20326203107833862
0.8372099995613098
0.49856945872306824
0.8781282901763916
0.3056700527667999
0.9124088287353516
0.076744444668293
0.31614950299263
0.1654547154903412
0.11026258021593094
0.3128526210784912
0.8281747102737427
0.8410605192184448
0.5057815313339233
0.5154615640640259
0.7265918850898743
0.48267626762390137
0.611940860748291
0.049459390342235565
0.5195340514183044
0.5824428796768188
0.780412495136261
0.42275309562683105
0.7674267292022705
0.3655381202697754
0.5858083367347717
0.015040378086268902
0.18957386910915375
0.5769026875495911
0.5513770580291748
0.8532329797744751
0.5332990884780884
0.1466846764087677
0.8520409464836121
0.7689222097396851
0.1728207916021347
0.8069403171539307
0.5033984184265137
0.4538938105106354
0.9919057488441467
0.7446761131286621
0.7655647993087769
0.603704035282135
0.6986423134803772
0.721477210521698
0.3272230625152588
0.03551701456308365
0.5266024470329285
0.8451192378997803
0.1557464450597763
0.5079025030136108
0.24014122784137726
0.4730108380317688
0.5402788519859314
0.5437073111534119
0.7026671767234802
0.677022397518158
0.9280149340629578
0.7869455814361572
0.9796355962753296
0.02392498031258583
0.1496039181947708
0.2641679048538208
0.06492675840854645
0.6848087906837463
0.7013479471206665
0.2972210943698883
0.18193769454956055
0.27265509963035583
0.35704171657562256
0.014123893342912197
0.016088884323835373
0.9526942372322083
0.25339215993881226
0.24782109260559082
0.14292855560779572
0.8508110642433167
0.2265213429927826
0.9274958372116089
0.959881603717804
0.23609192669391632
0.9901700615882874
0.6464986205101013
0.5941907167434692
0.6148276925086975
0.6958637237548828
0.19976745545864105
0.3744696080684662
0.2519945502281189
0.7554941177368164
0.012259719893336296
0.4418356120586395
0.5135928988456726
0.45885345339775085
0.4012710750102997
0.4434179663658142
0.46412524580955505
0.0031005044002085924
0.6946197152137756
0.6781539916992188
0.3392397165298462
0.010775178670883179
0.5670270323753357
0.017510639503598213
0.8060728907585144
0.3656177818775177
0.39178380370140076
0.8176416158676147
0.5948309302330017
0.3911818861961365
0.1831129491329193
0.6602796912193298
0.9997593760490417
0.6615033745765686
0.24694202840328217
0.6258705258369446
0.0822485163807869
0.8287059664726257
0.04349370300769806
0.8653535842895508
0.6036049127578735
0.8423662781715393
0.4214574098587036
0.7532622218132019
0.6725175380706787
0.5775570273399353
0.7479131817817688
0.20394103229045868
0.4742884635925293
0.8943337202072144
0.5074326992034912
0.7346839308738708
0.968778133392334
0.5103504657745361
0.18685688078403473
0.3421461880207062
0.6242847442626953
0.2256721556186676
0.9753634333610535
0.6057720184326172
0.7928783297538757
0.16810552775859833
0.35700973868370056
0.9781943559646606
0.5273988842964172
0.8605926632881165
0.695075273513794
0.5741741061210632
0.5605289936065674
0.04118683934211731
0.7958711385726929
0.12473329156637192
0.9002791047096252
0.6478508710861206
0.00822437647730112
0.6284648180007935
0.8751978874206543
0.6041439771652222
0.6779416799545288
0.8215271234512329
0.03130863979458809
0.8800380229949951
0.9974518418312073
0.5508994460105896
0.5511080026626587
0.8748544454574585
0.10923255234956741
0.5717318654060364
0.04792483150959015
0.5665779709815979
0.28983819484710693
0.03822261095046997
0.14085569977760315
0.19231542944908142
0.46993571519851685
0.5023419857025146
0.28536444902420044
0.8148586750030518
0.6480628252029419
0.6861646771430969
0.0636327862739563
0.7955701351165771
0.7736856341362
0.29659050703048706
0.4368833601474762
0.07283120602369308
0.9200995564460754
0.9530259370803833
0.6762180328369141
0.6377816200256348
0.8038117289543152
0.3011098802089691
0.08134982734918594
0.7774546146392822
0.1812332272529602
0.4445074200630188
0.56709885597229
0.7499622106552124
0.12827731668949127
0.3922320306301117
0.037822175770998
0.20996008813381195
0.9822574853897095
0.9862985014915466
0.4244322180747986
0.9908474683761597
0.06883616745471954
0.5070178508758545
0.6881650686264038
0.17236317694187164
0.6056799292564392
0.37391191720962524
0.022860324010252953
0.8876650333404541
0.4877732992172241
0.24707743525505066
0.5376195907592773
0.26566118001937866
0.4082149863243103
0.5356823801994324
0.566853404045105
0.7230391502380371
0.4401797652244568
0.4854191243648529
0.8962487578392029
0.1612451821565628
0.7743011116981506
0.34315261244773865
0.9754977822303772
0.8971508741378784
0.1284186989068985
0.9785506129264832
0.9647108912467957
0.2179347574710846
0.41619279980659485
0.23027166724205017
0.5164638757705688
0.10035054385662079
0.15846461057662964
0.6469281911849976
0.21928144991397858
0.5371153354644775
0.5812787413597107
0.014256897382438183
0.39570504426956177
0.18721814453601837
0.5566160082817078
0.690102756023407
0.8888441324234009
0.5496773719787598
0.7108256816864014
0.5719333291053772
0.48904380202293396
0.5024158358573914
0.8497176170349121
0.24233531951904297
0.860203206539154
0.6069238185882568
0.40025070309638977
0.892561674118042
0.012882002629339695
0.646108865737915
0.12818534672260284
0.7415082454681396
0.38514241576194763
0.5647147297859192
0.23971736431121826
0.011576441116631031
0.06579996645450592
0.2555278241634369
0.23505763709545135
0.277457594871521
0.7540444731712341
0.07977453619241714
0.3902747631072998
0.8028395175933838
0.8291786909103394
0.4028371572494507
0.29900795221328735
0.16517460346221924
0.22436824440956116
0.2940986752510071
0.9401872754096985
0.3994922339916229
0.4668845534324646
0.2989463806152344
0.36564531922340393
0.23478837311267853
0.4447229206562042
0.5194213390350342
0.6047074794769287
0.6330620050430298
0.4305958151817322
0.6105866432189941
0.4016799032688141
0.9591997265815735
0.7032826542854309
0.10675757378339767
0.2685212790966034
0.8004670739173889
0.17729808390140533
0.4974953532218933
0.7882638573646545
0.4271124303340912
0.5873447060585022
0.8828446865081787
0.9933362007141113
0.2223024219274521
0.6370603442192078
0.10683578997850418
0.04558774456381798
0.4014495611190796
0.08123943209648132
0.6229475736618042
0.5368263721466064
0.19392429292201996
0.31368887424468994
0.7593098282814026
0.968464195728302
0.10395240038633347
0.372728556394577
0.44208550453186035
0.507335364818573
0.1029573380947113
0.2743756175041199
0.7983524203300476
0.39146867394447327
0.5624048709869385
0.9904399514198303
0.9399423599243164
0.2305542379617691
0.4634036421775818
0.3015948235988617
0.6778770685195923
0.44917646050453186
0.5823059678077698
0.7939866781234741
0.4344181418418884
0.1807955801486969
0.4153832197189331
0.6665212512016296
0.09555438905954361
0.8186472654342651
0.9131568670272827
0.7877454161643982
0.05836334079504013
0.9454067945480347
0.9900876879692078
0.7437150478363037
0.4175686836242676
0.20146657526493073
0.506553590297699
0.6109443306922913
0.6086400747299194
0.7737611532211304
0.028064774349331856
0.4958207607269287
0.9284442663192749
0.745012104511261
0.0064913248643279076
0.5117029547691345
0.45790064334869385
0.28231167793273926
0.2595541179180145
0.4766587018966675
0.19688725471496582
0.08465102314949036
0.7952671647071838
0.45530369877815247
0.4315047562122345
0.03219715133309364
0.27533403038978577
0.9593242406845093
0.07054027915000916
0.7258467674255371
0.14297440648078918
0.1482650339603424
0.05974013730883598
0.08789437264204025
0.051444824784994125
0.37255072593688965
0.4655590057373047
0.009804974310100079
0.20815494656562805
0.8387331962585449
0.1846826821565628
0.1837257742881775
0.19283904135227203
0.2385575771331787
0.1170695424079895
0.06580337882041931
0.9612788558006287
0.25715547800064087
0.4647964835166931
0.6811951398849487
0.8044116497039795
0.8721346259117126
0.025237660855054855
0.286032497882843
0.521556556224823
0.9714319109916687
0.1289053112268448
0.9564687013626099
0.6871303915977478
0.6916034817695618
0.07716348022222519
0.11137748509645462
0.2618074119091034
0.8085827231407166
0.7103580832481384
0.02683728002011776
0.6919381022453308
0.3323751986026764
0.1931590735912323
0.06775297969579697
0.5683254599571228
0.44489559531211853
0.6863251328468323
0.58937007188797
0.9171176552772522
0.6899880766868591
0.43640202283859253
0.5876340270042419
0.7731188535690308
0.7787191867828369
0.6820277571678162
0.697412371635437
0.257312536239624
0.8544402718544006
0.5782113671302795
0.8032346963882446
0.5969072580337524
0.12305613607168198
0.9070735573768616
0.545310378074646
0.397907018661499
0.5787118673324585
0.25673943758010864
0.9150344133377075
0.046603113412857056
0.4068251848220825
0.7611806988716125
0.47724610567092896
0.44602885842323303
0.689073920249939
0.4889270067214966
0.21468885242938995
0.6067208051681519
0.6702606678009033
0.8587731122970581
0.17079536616802216
0.3060934543609619
0.8772761225700378
0.24821746349334717
0.9630405306816101
0.9293347001075745
0.8922410011291504
0.6019694209098816
0.17856109142303467
0.5188865661621094
0.7493913173675537
0.9609526991844177
0.7122457027435303
0.7654064893722534
0.4491344392299652
0.08447626233100891
0.19880802929401398
0.469461053609848
0.45916932821273804
0.18665559589862823
0.9427527785301208
0.7639015316963196
0.19553832709789276
0.5337057113647461
0.024836596101522446
0.6200785040855408
0.5217495560646057
0.46674826741218567
0.928253173828125
0.7723260521888733
0.29025962948799133
0.4185401499271393
0.5938277244567871
0.7796881794929504
0.6059349179267883
0.3744194507598877
0.35145923495292664
0.8384063243865967
0.39943426847457886
0.5412348508834839
0.8187664151191711
0.995650589466095
0.22328966856002808
0.9847774505615234
0.8256311416625977
0.8345509171485901
0.49337685108184814
0.8589863777160645
0.6646091341972351
0.363088995218277
0.5585386157035828
0.5948162078857422
0.7413056492805481
0.4335339069366455
0.2146453559398651
0.027799559757113457
0.698790431022644
0.7508038878440857
0.9112531542778015
0.754126787185669
0.8676072359085083
0.10253710299730301
0.0843803882598877
0.2391604483127594
0.6442191004753113
0.029089977964758873
0.567604660987854
0.4638383090496063
0.13997478783130646
0.47239211201667786
0.09739392250776291
0.2365405261516571
0.6252539753913879
0.9315183162689209
0.5255961418151855
0.4151443541049957
0.6506168842315674
0.19298459589481354
0.7155888676643372
0.6854401230812073
0.15782424807548523
0.9166867733001709
0.3745935261249542
0.4409339427947998
0.7110487222671509
0.2706814408302307
0.7978935241699219
0.25854575634002686
0.1674400120973587
0.8564416766166687
0.9450355172157288
0.6974994540214539
0.4626937210559845
0.8403747081756592
0.014175848104059696
0.7403906583786011
0.4194778501987457
0.5021801590919495
0.11188309639692307
0.6803679466247559
0.4509544372558594
0.9994158744812012
0.6116267442703247
0.4817810356616974
0.17720505595207214
0.8711394667625427
0.7543250918388367
0.8928502798080444
0.23796285688877106
0.12539921700954437
0.4878854751586914
0.24606089293956757
0.846808910369873
0.9742181301116943
0.9656938314437866
0.06793363392353058
0.14339061081409454
0.24963581562042236
0.006464292295277119
0.5612398386001587
0.7176594734191895
0.8922958970069885
0.5289304852485657
0.9974585771560669
0.8843585252761841
0.8014237880706787
0.932512104511261
0.04361158236861229
0.5527963042259216
0.7695993185043335
0.08198928833007812
0.9771644473075867
0.1390196681022644
0.2970712184906006
0.5714175701141357
0.03688761219382286
0.7448453903198242
0.3243933916091919
0.7335275411605835
0.30569735169410706
0.9626191854476929
0.3192267417907715
0.24560661613941193
0.06946907937526703
0.04757009819149971
0.3498232364654541
0.7638615965843201
0.28511133790016174
0.48175865411758423
0.926514208316803
0.9537981152534485
0.5621401071548462
0.21669113636016846
0.3682571053504944
0.6200369000434875
0.06561414152383804
0.6958032846450806
0.6332176923751831
0.3869536817073822
0.12957347929477692
0.8167808651924133
0.34744536876678467
0.688270092010498
0.4089493453502655
0.5389189720153809
0.3329946994781494
0.7671735882759094
0.6592254638671875
0.8566311001777649
0.8269066214561462
0.27563321590423584
0.2106337994337082
0.40955308079719543
0.6944411396980286
0.08260834217071533
0.38950470089912415
0.7200385332107544
0.7675463557243347
0.21503667533397675
0.6197082996368408
0.9967451095581055
0.2792687714099884
0.6472224593162537
0.9372937679290771
0.7999768853187561
0.6264633536338806
0.7625852227210999
0.8716706037521362
0.4055020809173584
0.027000201866030693
0.257739782333374
0.5931899547576904
0.34844404458999634
0.11011015623807907
0.7188376784324646
0.8606433272361755
0.3394066393375397
0.822472095489502
0.19865764677524567
0.6043125987052917
0.469009131193161
0.5574318170547485
0.3546590507030487
0.6177253127098083
0.19069133698940277
0.6949284672737122
0.6823312640190125
0.696488618850708
0.7094725966453552
0.7336378693580627
0.19291861355304718
0.5863032937049866
0.6160436272621155
0.856473982334137
0.3375048041343689
0.8969019651412964
0.09397929161787033
0.015611177310347557
0.919525682926178
0.11092574149370193
0.6170093417167664
0.8745474815368652
0.38969916105270386
0.03572387620806694
0.33456405997276306
0.9792072176933289
0.39791858196258545
0.9672196507453918
0.34358102083206177
0.5747843384742737
0.049629103392362595
0.6680189371109009
0.9623297452926636
0.7758949398994446
0.048277415335178375
0.5266491770744324
0.38066551089286804
0.5266786813735962
0.33625543117523193
0.39277973771095276
0.2581428587436676
0.9932965040206909
0.9233447313308716
0.81825190782547
0.7696647047996521
0.12693169713020325
0.3466857671737671
0.6590952277183533
0.7467684149742126
0.45253363251686096
0.05589992552995682
0.23016685247421265
0.39370137453079224
0.9458032846450806
0.5170074701309204
0.6386625170707703
0.7811236381530762
0.10334672778844833
0.8765303492546082
0.6457907557487488
0.05691899359226227
0.5130414962768555
0.31738150119781494
0.5594303607940674
0.41148582100868225
0.5709041357040405
0.45755207538604736
0.17192763090133667
0.11204128712415695
0.8957802653312683
0.9237298965454102
0.23928064107894897
0.09949471801519394
0.6046440601348877
0.8768494725227356
0.8413352370262146
0.8123078942298889
0.4852748215198517
0.9600159525871277
0.34472206234931946
0.43486014008522034
0.5694279670715332
0.7095574140548706
0.26923027634620667
0.09192097932100296
0.3112907111644745
0.7466453313827515
0.6674796938896179
0.656516969203949
0.20446881651878357
0.13921481370925903
0.03702560439705849
0.5572783946990967
0.012750276364386082
0.8206820487976074
0.9391717910766602
0.9666891694068909
0.7474812865257263
0.461463987827301
0.34054839611053467
0.36898285150527954
0.6263664364814758
0.7301691174507141
0.511080801486969
0.744726300239563
0.7329044342041016
0.706205427646637
0.5801730155944824
0.42305365204811096
0.30547821521759033
0.6559996604919434
0.4417630434036255
0.24160228669643402
0.572878360748291
0.8628621101379395
0.42439568042755127
0.8340141177177429
0.3914201855659485
0.4989341199398041
0.3778298497200012
0.8587322235107422
0.9337412714958191
0.33921077847480774
0.6566705703735352
0.23554709553718567
0.8145117163658142
0.15808658301830292
0.6313848495483398
0.7284960746765137
0.12387792766094208
0.29115039110183716
0.23338137567043304
0.346504271030426
0.058019883930683136
0.7058973908424377
0.07979656010866165
0.338507741689682
0.3893294930458069
0.08062830567359924
0.7077459096908569
0.07516393065452576
0.36457741260528564
0.24493472278118134
0.9162980318069458
0.15272578597068787
0.5476672649383545
0.9524193406105042
0.47500747442245483
0.05540432035923004
0.9654057025909424
0.654116153717041
0.10366825014352798
0.13260909914970398
0.6968414783477783
0.9623281359672546
0.5158809423446655
0.13189901411533356
0.05709066241979599
0.6832203269004822
0.523276150226593
0.7961328625679016
0.012444132938981056
0.3083594739437103
0.28753191232681274
0.6277117729187012
0.20647461712360382
0.9845014214515686
0.6425191164016724
0.2666188180446625
0.37414833903312683
0.7532063126564026
0.21978609263896942
0.05592947080731392
0.5137430429458618
0.4728734791278839
0.5280301570892334
0.13300994038581848
0.935759961605072
0.618203341960907
0.4790455102920532
0.13287551701068878
0.07658939063549042
0.2748786211013794
0.7041140794754028
0.10602407902479172
0.19747380912303925
0.4991702437400818
0.5603492856025696
0.4509565234184265
0.07497245818376541
0.5695955157279968
0.022380203008651733
0.02731749415397644
0.44909870624542236
0.8779588937759399
0.3780798614025116
0.988120973110199
0.9606200456619263
0.7094510197639465
0.023136893287301064
0.6713690161705017
0.5906473398208618
0.5148706436157227
0.9550426602363586
0.4322052001953125
0.2400016039609909
0.468820184469223
0.4440729320049286
0.6676023602485657
0.050823140889406204
0.1605551391839981
0.3112019896507263
0.1867111325263977
0.07694938778877258
0.060911890119314194
0.3378540873527527
0.9550542235374451
0.6118461489677429
0.7550488710403442
0.08032502233982086
0.03979191556572914
0.879094123840332
0.7794321179389954
0.3382677733898163
0.2667061388492584
0.01533076073974371
0.7085009813308716
0.4853875935077667
0.20764008164405823
0.7645149827003479
0.1260046511888504
0.06284112483263016
0.05624272674322128
0.6205244064331055
0.3896487057209015
0.5276293754577637
0.9658698439598083
0.6544033288955688
0.6108376979827881
0.26159387826919556
0.2208026796579361
0.6351804137229919
0.09415771067142487
0.7016558051109314
0.8124738335609436
0.37690475583076477
0.5041234493255615
0.15055322647094727
0.8691577911376953
0.1954803168773651
0.0520346537232399
0.44952699542045593
0.4925609529018402
0.0758393406867981
0.13105709850788116
0.25388404726982117
0.8975248336791992
0.6577721834182739
0.33923569321632385
0.6887220144271851
0.7202024459838867
0.07116667926311493
0.39739322662353516
0.3872157335281372
0.4170050323009491
0.003755915677174926
0.7448882460594177
0.960223376750946
0.5361012816429138
0.7518029808998108
0.5354875922203064
0.3274533152580261
0.1733936071395874
0.8390271067619324
0.6663796901702881
0.08684130758047104
0.9488595724105835
0.19076868891716003
0.5491803288459778
0.14071863889694214
0.6474443674087524
0.4562610983848572
0.33122095465660095
0.8051809072494507
0.9607556462287903
0.5274800062179565
0.7822662591934204
0.5074487924575806
0.9178165793418884
0.8446434736251831
0.8876222372055054
0.27202537655830383
0.05819662660360336
0.36176156997680664
0.2537430226802826
0.6871694326400757
0.038300707936286926
0.12276079505681992
0.09676707535982132
0.751266598701477
0.5459084510803223
0.22890600562095642
0.9428487420082092
0.2376173883676529
0.4933317005634308
0.6177921295166016
0.15198369324207306
0.5661317110061646
0.5068783760070801
0.8153771162033081
0.5310801863670349
0.6302412748336792
0.4934403896331787
0.3508012890815735
0.42369380593299866
0.9138866662979126
0.13285648822784424
0.278067409992218
0.3354358971118927
0.1389542520046234
0.46213752031326294
0.5214314460754395
0.9137786626815796
0.4765368402004242
0.06809628754854202
0.940290629863739
0.7595979571342468
0.42826715111732483
0.9627217650413513
0.5267469882965088
0.0725126713514328
0.7556275129318237
0.12605293095111847
0.20177417993545532
0.9724400639533997
0.1724427491426468
0.626670777797699
0.5761297941207886
0.3120509684085846
0.28155577182769775
0.44753649830818176
0.647215723991394
0.14559082686901093
0.10464511066675186
0.7306946516036987
0.6384180784225464
0.4478148818016052
0.5468276143074036
0.11162491887807846
0.6223871111869812
0.8552144169807434
0.18189150094985962
0.9133997559547424
0.6829480528831482
0.4712265133857727
0.38972869515419006
0.3821523189544678
0.6309686303138733
0.5012726783752441
0.49839484691619873
0.8258764147758484
0.40761974453926086
0.5256589651107788
0.574823796749115
0.8153443932533264
0.506756067276001
0.03786031901836395
0.8109950423240662
0.025605740025639534
0.937752366065979
0.378169983625412
0.7465649247169495
0.8126646876335144
0.03353901579976082
0.7631639838218689
0.2516349256038666
0.37137386202812195
0.7764496803283691
0.6230966448783875
0.40932101011276245
0.3938198387622833
0.9947657585144043
0.8577824831008911
0.4589304029941559
0.8450614213943481
0.7410843372344971
0.4716241657733917
0.5957525968551636
0.6385776400566101
0.6919047236442566
0.639057457447052
0.5501707792282104
0.9308545589447021
0.8200892806053162
0.7669069170951843
0.8714621663093567
0.7715308666229248
0.01880977861583233
0.9599857330322266
0.3483995199203491
0.6094757318496704
0.01131467055529356
0.4717209041118622
0.2217252105474472
0.019867077469825745
0.07339006662368774
0.5699551105499268
0.6072412133216858
0.04912519082427025
0.961980938911438
0.6143736243247986
0.28931933641433716
0.07783177495002747
0.36177682876586914
0.6769565343856812
0.04020155593752861
0.584366500377655
0.7274419665336609
0.11186584085226059
0.08923573046922684
0.4578414559364319
0.93857741355896
0.1179739236831665
0.17155444622039795
0.703960657119751
0.23607301712036133
0.26323753595352173
0.3025549054145813
0.7738820910453796
0.2219380885362625
0.46548399329185486
0.13088198006153107
0.9685257077217102
0.9214196801185608
0.11304879933595657
0.7729224562644958
0.8987880349159241
0.3453906774520874
0.5467804074287415
0.7902266979217529
0.07238873839378357
0.6614392995834351
0.47904545068740845
0.5746462345123291
0.6677491664886475
0.682236909866333
0.7837225794792175
0.9151812791824341
0.510216474533081
0.6526281833648682
0.8363731503486633
0.12967845797538757
0.27864235639572144
0.41431373357772827
0.25861361622810364
0.7347711324691772
0.9330882430076599
0.904918909072876
0.49983707070350647
0.11671149730682373
0.7621835470199585
0.5123665928840637
0.28225165605545044
0.09279310703277588
0.03769461065530777
0.17456209659576416
0.3592533767223358
0.2787456214427948
0.021665288135409355
0.9484779834747314
0.4031122326850891
0.5426301956176758
0.778480589389801
0.32437074184417725
0.23294536769390106
0.3777885138988495
0.26708170771598816
0.8027801513671875
0.5458841919898987
0.5490434169769287
0.262132465839386
0.13993901014328003
0.8836445808410645
0.13595905900001526
0.38089028000831604
0.11502072960138321
0.7618607878684998
0.769179105758667
0.8606008291244507
0.35771140456199646
0.6269107460975647
0.8817363977432251
0.7270556688308716
0.7581638097763062
0.23463618755340576
0.5688380599021912
0.04373013600707054
0.37264901399612427
0.13981378078460693
0.8557506203651428
0.40029603242874146
0.8478088974952698
0.9582663178443909
0.9922146201133728
0.634445309638977
0.7772729992866516
0.33767369389533997
0.13147692382335663
0.1880505234003067
0.11238894611597061
0.7504468560218811
0.5273176431655884
0.04472862929105759
0.901263415813446
0.6477611660957336
0.7110774517059326
0.21218456327915192
0.333635538816452
0.6435417532920837
0.8797035813331604
0.19060495495796204
0.08127411454916
0.2758012115955353
0.3002317547798157
0.040401410311460495
0.1540680229663849
0.5330187678337097
0.4024707078933716
0.4901082217693329
0.600996196269989
0.8965917825698853
0.9304291009902954
0.6591408848762512
0.2125246673822403
0.4676872193813324
0.6132147908210754
0.7284182906150818
0.5302332639694214
0.6191652417182922
0.7532585263252258
0.030888516455888748
0.8878108263015747
0.24314753711223602
0.6495052576065063
0.37717580795288086
0.49687907099723816
0.4812560975551605
0.6673863530158997
0.63729327917099
0.4893513023853302
0.13289441168308258
0.9059225916862488
0.5348151922225952
0.30355560779571533
0.06081677973270416
0.35578295588493347
0.2477043867111206
0.3635546863079071
0.6825581789016724
0.5482987761497498
0.03938207030296326
0.5890194177627563
0.5699257254600525
0.23938044905662537
0.7382269501686096
0.6747759580612183
0.013115840032696724
0.19869674742221832
0.9157914519309998
0.880889892578125
0.28141671419143677
0.6204164028167725
0.46556031703948975
0.5974668860435486
0.5565826892852783
0.7434819340705872
0.3595936596393585
0.2104545682668686
0.2054404318332672
0.9413288235664368
0.9492086172103882
0.20735754072666168
0.07375727593898773
0.1534760594367981
0.6380980610847473
0.900932788848877
0.27014899253845215
0.8342841863632202
0.4981916546821594
0.056123048067092896
0.8387898802757263
0.2797580659389496
0.7533901333808899
0.603264331817627
0.29338887333869934
0.5347816348075867
0.902307391166687
0.5906736850738525
0.4676697552204132
0.017567140981554985
0.2520970106124878
0.2718000113964081
0.2070554792881012
0.5214138627052307
0.9544462561607361
0.33668985962867737
0.48475006222724915
0.19842201471328735
0.12894976139068604
0.949828028678894
0.5099260807037354
0.17863571643829346
0.6405216455459595
0.4541252553462982
0.23761962354183197
0.016719836741685867
0.5603112578392029
0.9178218841552734
0.2690170109272003
0.827890932559967
0.4973050653934479
0.3056333065032959
0.0130138685926795
0.4994772970676422
0.7284008860588074
0.385302871465683
0.7909457683563232
0.7032656669616699
0.26104608178138733
0.49576762318611145
0.5482332706451416
0.901750385761261
0.9406339526176453
0.6517464518547058
0.6248968243598938
0.5232200026512146
0.1662406176328659
0.6186941266059875
0.862753689289093
0.6600508093833923
0.21490149199962616
0.4806458652019501
0.2157653421163559
0.6294072866439819
0.7412484288215637
0.47475534677505493
0.49538660049438477
0.08028215169906616
0.6880839467048645
0.2992493808269501
0.1533493846654892
0.37245291471481323
0.16240403056144714
0.8026785850524902
0.3156083822250366
0.49994921684265137
0.09420754760503769
0.8266189098358154
0.5141326785087585
0.4925162196159363
0.7392569780349731
0.4139840602874756
0.18069623410701752
0.027096880599856377
0.03599968180060387
0.45890355110168457
0.17676810920238495
0.9835378527641296
0.32893654704093933
0.08642527461051941
0.835625171661377
0.47542405128479004
0.34269896149635315
0.04087230563163757
0.6555644273757935
0.7866370677947998
0.723362386226654
0.6789684891700745
0.6716119050979614
0.1263851374387741
0.07775695621967316
0.038196295499801636
0.029287535697221756
0.6339449286460876
0.5061918497085571
0.21053439378738403
0.03056161478161812
0.637562096118927
0.9266340136528015
0.5897454619407654
0.40692365169525146
0.5326560139656067
0.8716357946395874
0.37802308797836304
0.45126739144325256
0.9924131035804749
0.3158782422542572
0.912530243396759
0.7779178619384766
0.15036378800868988
0.15486983954906464
0.8254867792129517
0.25033310055732727
0.21099014580249786
0.34355875849723816
0.31644588708877563
0.8068807721138
0.17897088825702667
0.19309203326702118
0.9405664205551147
0.4746764898300171
0.6922110915184021
0.8551437258720398
0.18459458649158478
0.07492770999670029
0.12161484360694885
0.554070234298706
0.9371138215065002
0.6386795043945312
0.062376249581575394
0.5064502358436584
0.08957616984844208
0.25042545795440674
0.42329707741737366
0.24721480906009674
0.4546968340873718
0.4647376537322998
0.382891446352005
0.9760310053825378
0.8929349184036255
0.3395715355873108
0.22688674926757812
0.15450190007686615
0.5299323797225952
0.8967009782791138
0.20135898888111115
0.4313533306121826
0.14097300171852112
0.4260142147541046
0.5899013876914978
0.7577119469642639
0.22364330291748047
0.13790152966976166
0.40678149461746216
0.07581930607557297
0.10620405524969101
0.14005842804908752
0.21817071735858917
0.5350441932678223
0.8063511252403259
0.1488221436738968
0.1351395547389984
0.970533013343811
0.19767886400222778
0.29727038741111755
0.4388699233531952
0.813171923160553
0.4229682981967926
0.9101598262786865
0.10451199859380722
0.7689902782440186
0.6506974697113037
0.3759644329547882
0.6234058141708374
0.4171571433544159
0.85483318567276
0.6177247166633606
0.3754366934299469
0.9466124773025513
0.23086342215538025
0.902190625667572
0.5591771006584167
0.6833059191703796
0.1437729001045227
0.5037885904312134
0.41750162839889526
0.13770823180675507
0.39465275406837463
0.021835273131728172
0.9526438117027283
0.9488636255264282
0.08782993257045746
0.7263403534889221
0.7328783273696899
0.34525468945503235
0.38476619124412537
0.4041926860809326
0.25088533759117126
0.015731876716017723
0.5067886114120483
0.7320894002914429
0.41756826639175415
0.5183899402618408
0.5016963481903076
0.5850560665130615
0.45174428820610046
0.2278417944908142
0.7433813810348511
0.7108927369117737
0.1118706464767456
0.729083240032196
0.36915865540504456
0.7771156430244446
0.9529038667678833
0.718611478805542
0.8333228230476379
0.00412329938262701
0.28238385915756226
0.2809503674507141
0.44252079725265503
0.03854561597108841
0.18226206302642822
0.53301602602005
0.6555911302566528
0.03546258062124252
0.16491089761257172
0.6615532636642456
0.08567972481250763
0.30437949299812317
0.7387420535087585
0.6495804786682129
0.7848786115646362
0.2060057818889618
0.753675103187561
0.20625494420528412
0.5655701160430908
0.8104777932167053
0.2298852801322937
0.8505416512489319
0.5003021359443665
0.8882004022598267
0.789262592792511
0.17363011837005615
0.23567034304141998
0.22483456134796143
0.71915602684021
0.885938286781311
0.48676466941833496
0.42090603709220886
0.06686215102672577
0.8446841835975647
0.33363962173461914
0.14411239326000214
0.2771867513656616
0.8402851819992065
0.5093304514884949
0.9554628729820251
0.910897970199585
0.0898926705121994
0.5583616495132446
0.42273035645484924
0.587340772151947
0.4732568562030792
0.15836451947689056
0.7793312668800354
0.2477312535047531
0.3073091208934784
0.5055171847343445
0.22041478753089905
0.7398763298988342
0.6937987804412842
0.26850029826164246
0.40326452255249023
0.8126913905143738
0.21429067850112915
0.7957697510719299
0.8918165564537048
0.610919713973999
0.11936512589454651
0.32529881596565247
0.6435449719429016
0.4168768525123596
0.136432483792305
0.928695559501648
0.07410193979740143
0.11469639837741852
0.6699091792106628
0.5564280152320862
0.17964617908000946
0.037561580538749695
0.9192954301834106
0.3913365304470062
0.5648466944694519
0.6548123359680176
0.2344793975353241
0.4595318138599396
0.3002002537250519
0.42511704564094543
0.6659263372421265
0.6612036824226379
0.17229634523391724
0.22426463663578033
0.5842887759208679
0.8299334645271301
0.3305867910385132
0.6597824692726135
0.07243862003087997
0.12100869417190552
0.346843421459198
0.02865166962146759
0.7727934718132019
0.5411643385887146
0.08643344044685364
0.4507342278957367
0.5377477407455444
0.9866734147071838
0.478889137506485
0.377144455909729
0.12844376266002655
0.15632686018943787
0.949836790561676
0.9702515006065369
0.5698265433311462
0.9657198190689087
0.5865673422813416
0.35324838757514954
0.14894939959049225
0.9247795343399048
0.09423191100358963
0.19362196326255798
0.7589185833930969
0.35165005922317505
0.14777737855911255
0.5791189074516296
0.22001497447490692
0.0671958178281784
0.9243634939193726
0.8359801769256592
0.5084694027900696
0.10448012501001358
0.28771987557411194
0.982388436794281
0.388457715511322
0.9893946051597595
0.26210305094718933
0.3451424539089203
0.08569398522377014
0.08480658382177353
0.151866614818573
0.21120992302894592
0.1953866183757782
0.38851475715637207
0.9549905061721802
0.41733425855636597
0.42696282267570496
0.1865793764591217
0.4364265501499176
0.3906156122684479
0.5808548331260681
0.7588262557983398
0.4342042803764343
0.18845109641551971
0.5227527618408203
0.13713493943214417
0.5353489518165588
0.6447524428367615
0.8684177398681641
0.523381233215332
0.976782500743866
0.8402369022369385
0.7323105931282043
0.3655972480773926
0.9026373624801636
0.008011174388229847
0.6849501132965088
0.33919280767440796
0.22120533883571625
0.33367058634757996
0.10516083240509033
0.6337183117866516
0.013108002953231335
0.1277666687965393
0.30102628469467163
0.7753247618675232
0.6370126605033875
0.6445074081420898
0.822291374206543
0.3836006224155426
0.9619258046150208
0.41082456707954407
0.664855420589447
0.13214606046676636
0.0037312358617782593
0.4203105866909027
0.03730572760105133
0.519801914691925
0.9172622561454773
0.4633048176765442
0.8392640352249146
0.12262383848428726
0.9538101553916931
0.1634717583656311
0.9465394020080566
0.6708338260650635
0.28529947996139526
0.8586907386779785
0.34921547770500183
0.09169808775186539
0.3414221405982971
0.3217715919017792
0.9875763058662415
0.16866028308868408
0.4579050540924072
0.3582104444503784
0.9921148419380188
0.5586739778518677
0.6071728467941284
0.7664356231689453
0.8875923156738281
0.3947581350803375
0.8921132683753967
0.7873409986495972
0.8248898983001709
0.6846395134925842
0.5997220277786255
0.9713186025619507
0.45843130350112915
0.1912376433610916
0.003810189664363861
0.2763608396053314
0.38052240014076233
0.30504724383354187
0.2453109323978424
0.3679429888725281
0.8252004384994507
0.9383269548416138
0.7339304089546204
0.7555369734764099
0.01083095371723175
0.8304225206375122
0.22559931874275208
0.7907817363739014
0.015206598676741123
0.2672268748283386
0.553424596786499
0.668064296245575
0.34004896879196167
0.22623176872730255
0.03301004692912102
0.48539188504219055
0.11411324143409729
0.288829505443573
0.442727267742157
0.42213675379753113
0.2532047927379608
0.5843794941902161
0.7411308884620667
0.9396561980247498
0.17474398016929626
0.4749133884906769
0.8333033919334412
0.5383368730545044
0.22624365985393524
0.8273279666900635
0.40672752261161804
0.8943817019462585
0.04774794727563858
0.1956198662519455
0.9600698947906494
0.6488529443740845
0.38674357533454895
0.02219730243086815
0.34529438614845276
0.6995440721511841
0.7159234285354614
0.022223640233278275
0.7634086608886719
0.98301762342453
0.9911605715751648
0.0368502102792263
0.8224925398826599
0.26787564158439636
0.6535595655441284
0.7891811728477478
0.5684915781021118
0.6949119567871094
0.14681516587734222
0.6072907447814941
0.8881070017814636
0.19376251101493835
0.5384333729743958
0.7242958545684814
0.12347999960184097
0.404696524143219
0.6418185234069824
0.5016936659812927
0.410045862197876
0.3745215833187103
0.02228652685880661
0.25616830587387085
0.8915110230445862
0.1375696361064911
0.19998037815093994
0.6267129778862
0.7820006012916565
0.9538606405258179
0.5069970488548279
0.977073609828949
0.023212682455778122
0.25227296352386475
0.02701766975224018
0.20019501447677612
0.6713221669197083
0.9816229939460754
0.5807920694351196
0.8402856588363647
0.25017696619033813
0.6716792583465576
0.19012238085269928
0.47980475425720215
0.33745694160461426
0.1808495968580246
0.9827225208282471
0.3626413643360138
0.953321635723114
0.027090609073638916
0.45874258875846863
0.12388397008180618
0.3722335696220398
0.8618479371070862
0.3804498016834259
0.30048561096191406
0.0076513574458658695
0.6483174562454224
0.22026745975017548
0.7820020318031311
0.12536142766475677
0.47304725646972656
0.7928476929664612
0.3740547001361847
0.06627797335386276
0.16872550547122955
0.6635007262229919
0.7215907573699951
0.14660927653312683
0.9555030465126038
0.48165956139564514
0.9812155365943909
0.24764086306095123
0.40026208758354187
0.17591504752635956
0.37436336278915405
0.6862483620643616
0.3290737271308899
0.8713950514793396
0.7280294895172119
0.8825656771659851
0.9263700246810913
0.6441453695297241
0.6498860120773315
0.8226256966590881
0.44018498063087463
0.5165560841560364
0.7316269278526306
0.1337936520576477
0.328237920999527
0.2505384683609009
0.02874448522925377
0.29627448320388794
0.31944072246551514
0.2818364202976227
0.2878102660179138
0.28182828426361084
0.568405032157898
0.6283590197563171
0.243662491440773
0.2874475121498108
0.8926147818565369
0.27037304639816284
0.18404637277126312
0.36234158277511597
0.6459471583366394
0.8369024395942688
0.6419676542282104
0.9757280349731445
0.6697984933853149
0.7243202328681946
0.26299551129341125
0.7378956079483032
0.7382946610450745
0.5280489325523376
0.24459293484687805
0.20445361733436584
0.6178304553031921
0.0966104120016098
0.8562149405479431
0.45204904675483704
0.306125283241272
0.05170378461480141
0.15775185823440552
0.8212590217590332
0.8776857256889343
0.3262918293476105
0.07307913154363632
0.06765482574701309
0.5294135212898254
0.24432848393917084
0.9766157269477844
0.1787111610174179
0.6790855526924133
0.28209927678108215
0.13873295485973358
0.9693937301635742
0.6242055892944336
0.7549971342086792
0.18162398040294647
0.49985837936401367
0.9667565226554871
0.05008440464735031
0.26184210181236267
0.7751571536064148
0.48601511120796204
0.216089129447937
0.9933681488037109
0.13898101449012756
0.18738655745983124
0.4689062535762787
0.29723310470581055
0.8054456114768982
0.20070701837539673
0.082023985683918
0.545596182346344
0.9353603720664978
0.15127727389335632
0.09680535644292831
0.6764758825302124
0.31617090106010437
0.8937537670135498
0.0886034220457077
0.9416632056236267
0.9212443828582764
0.3777305483818054
0.33082497119903564
0.48833557963371277
0.14318114519119263
0.2758966386318207
0.9916599988937378
0.614332914352417
0.3100520074367523
0.9113052487373352
0.8140272498130798
0.4534060060977936
0.13213707506656647
0.034330930560827255
0.4950595200061798
0.28509047627449036
0.952398419380188
0.7984498143196106
0.6426898241043091
0.8005843758583069
0.24840958416461945
0.77043217420578
0.3175293207168579
0.6010746955871582
0.6642909049987793
0.5598363876342773
0.022736946120858192
0.6532021760940552
0.18781961500644684
0.6515474915504456
0.49466565251350403
0.9657314419746399
0.2859364151954651
0.059689782559871674
0.7809180617332458
0.6264704465866089
0.8845347762107849
0.7572879791259766
0.3554721772670746
0.44430819153785706
0.025775453075766563
0.8839145302772522
0.22874101996421814
0.9383596777915955
0.8486672639846802
0.26963698863983154
0.4379894435405731
0.7849708199501038
0.5556626319885254
0.12474771589040756
0.6627546548843384
0.5134812593460083
0.35235026478767395
0.2657298147678375
0.9833101034164429
0.1743796467781067
0.7719269394874573
0.3949771523475647
0.7004927396774292
0.41980263590812683
0.4265485405921936
0.039503972977399826
0.5930330753326416
0.4659877419471741
0.45569297671318054
0.5672816634178162
0.45259493589401245
0.356050580739975
0.2658332586288452
0.1018657237291336
0.12972576916217804
0.5966310501098633
0.4620096683502197
0.9798629283905029
0.9485068917274475
0.28277328610420227
0.004035098012536764
0.7764336466789246
0.7002770900726318
0.21223308145999908
0.7298933267593384
0.7885700464248657
0.01204289123415947
0.5424006581306458
0.1879720240831375
0.0011653543915599585
0.3905423879623413
0.3896324634552002
0.08159559965133667
0.3153863549232483
0.13029316067695618
0.4257299304008484
0.3148975670337677
0.9598018527030945
0.24373283982276917
0.5073049664497375
0.6314415335655212
0.6657525897026062
0.3174879848957062
0.32195597887039185
0.755887508392334
0.11556192487478256
0.16113704442977905
0.3799833059310913
0.9109809994697571
0.31693872809410095
0.7361418008804321
0.8491491079330444
0.44309452176094055
0.5499143600463867
0.5270696878433228
0.4185498356819153
0.8500205874443054
0.583437979221344
0.3959346115589142
0.24286487698554993
0.6096097826957703
0.7665684223175049
0.5784810185432434
0.8298108577728271
0.16660916805267334
0.11313900351524353
0.9067752957344055
0.41386717557907104
0.5292068719863892
0.6550109386444092
0.19189469516277313
0.26261618733406067
0.9171915054321289
0.3133273720741272
0.57880699634552
0.4387754201889038
0.2764473557472229
0.8446568846702576
0.8293512463569641
0.7865183353424072
0.13490207493305206
0.6612640023231506
0.9131385684013367
0.4836759865283966
0.9480803608894348
0.12633445858955383
0.560337483882904
0.9959685206413269
0.8872296214103699
0.7696110010147095
0.47168946266174316
0.609126091003418
0.2692328989505768
0.005204282235354185
0.15030023455619812
0.5670580863952637
0.9698449969291687
0.408949613571167
0.7194845080375671
0.16355155408382416
0.407840371131897
0.21521927416324615
0.8007264137268066
0.7368811368942261
0.837879478931427
0.9427701830863953
0.7578984498977661
0.6002687215805054
0.8059780597686768
0.3911937177181244
0.41829052567481995
0.273684024810791
0.0019599671941250563
0.05580591782927513
0.8174604773521423
