512 2
0
382
440
1
272
501
2
99
369
3
55
96
4
38
222
5
183
207
6
286
439
7
209
270
8
189
366
9
75
83
10
293
455
11
299
332
12
187
454
13
120
358
14
264
359
15
72
176
16
153
477
17
185
467
18
144
305
19
49
51
20
414
437
21
49
412
22
261
450
23
266
267
24
53
78
25
219
239
26
75
97
27
106
234
28
129
332
21
29
166
30
214
282
31
225
374
32
98
339
33
39
213
34
164
194
35
72
461
36
122
484
37
325
365
38
193
203
39
487
510
40
208
242
41
482
508
12
42
441
43
235
250
44
179
199
45
313
345
26
46
470
47
215
389
48
65
323
49
102
187
50
174
409
51
153
462
21
52
364
53
57
241
54
298
454
55
199
377
33
56
102
57
76
385
58
157
206
59
132
408
60
272
434
61
106
324
62
336
486
63
119
144
64
240
345
65
155
250
66
160
329
12
67
287
68
144
160
69
330
335
70
325
341
71
259
447
72
99
268
73
265
404
59
74
493
75
247
477
76
309
411
77
92
100
78
294
306
66
79
354
80
128
199
81
355
500
64
82
269
83
85
285
46
84
256
85
318
450
86
120
252
33
87
126
88
152
258
89
132
505
90
101
222
82
91
383
55
92
492
93
393
458
94
473
495
38
95
296
96
244
385
97
147
403
34
98
483
99
314
482
100
133
433
101
114
174
102
240
373
32
103
205
104
249
444
55
105
304
106
150
213
107
255
469
25
108
265
54
109
175
110
157
314
111
379
407
112
153
367
113
198
232
27
114
177
115
163
174
38
116
345
117
273
438
95
118
244
119
228
332
120
249
331
121
137
490
122
200
478
123
266
436
124
159
311
48
125
228
126
144
258
87
127
331
128
160
352
129
163
383
130
233
368
131
167
207
132
217
507
133
361
473
40
134
337
119
135
344
0
136
220
71
137
262
31
138
487
139
197
456
140
276
289
141
263
294
142
190
281
135
143
360
144
231
493
145
175
190
146
337
383
147
431
446
75
148
164
9
149
468
150
210
491
151
186
266
152
305
363
14
153
245
154
381
491
155
398
416
156
330
478
27
157
306
158
436
445
46
97
159
61
160
314
98
161
424
123
162
507
156
163
336
116
164
185
165
365
507
39
166
382
6
127
167
121
168
508
33
80
169
170
318
510
15
123
171
42
172
266
46
79
173
49
174
296
136
175
500
176
208
327
177
252
485
161
178
326
145
179
334
146
180
294
72
73
181
169
182
243
133
183
232
184
187
446
179
185
245
186
205
215
187
265
299
188
225
379
74
189
372
71
190
214
33
191
358
184
192
200
113
180
193
69
194
373
148
195
468
35
45
196
97
197
463
56
198
245
199
248
303
200
421
467
201
459
486
202
295
349
161
203
232
204
266
500
141
205
255
206
241
269
207
293
414
37
185
208
108
178
209
210
441
489
147
211
335
105
212
357
213
243
482
91
214
476
12
51
215
216
247
441
217
229
440
152
218
230
68
219
384
220
378
465
74
165
221
222
288
422
48
75
223
45
224
352
40
225
320
226
385
491
40
227
434
180
228
481
91
207
229
149
183
230
64
231
337
54
232
340
233
365
369
230
234
241
120
235
334
48
236
498
237
286
477
47
187
238
27
239
314
240
260
286
25
115
241
242
393
430
243
253
458
33
244
391
32
245
322
6
193
246
247
423
465
221
248
434
7
164
249
250
433
450
251
398
425
43
252
420
34
253
353
131
254
386
255
295
332
75
243
256
257
445
483
258
402
488
54
259
491
260
367
451
203
261
299
262
421
440
107
109
263
264
272
310
265
345
381
213
246
266
113
267
407
181
268
395
269
461
501
169
270
332
143
271
463
52
272
428
41
273
475
86
274
482
66
275
301
151
246
276
277
323
448
190
278
383
74
132
279
250
280
444
193
263
281
282
351
479
95
174
283
284
356
393
285
360
485
125
286
373
274
287
467
175
288
322
233
265
289
62
290
430
134
203
291
292
301
444
87
293
356
86
294
453
171
187
295
46
296
308
205
297
360
37
88
298
160
171
299
14
248
300
301
457
489
302
377
494
73
190
303
10
177
304
34
69
305
75
205
306
307
349
416
219
308
363
309
338
481
81
310
342
311
499
508
220
285
312
74
306
313
196
255
314
180
186
315
316
361
456
289
317
419
311
318
499
79
319
466
3
124
320
262
321
447
164
322
369
90
163
323
324
366
478
74
104
325
318
326
328
27
327
376
186
199
328
329
332
345
280
317
330
87
211
331
143
158
332
103
171
333
144
290
334
335
440
475
43
325
336
128
298
337
60
338
508
48
53
339
65
97
340
82
321
341
136
175
342
54
244
343
170
299
344
88
261
345
150
162
346
319
347
368
286
348
487
53
349
457
165
229
350
71
287
351
186
352
401
0
353
482
29
266
354
3
270
355
318
356
505
160
349
357
358
494
511
136
359
409
17
313
360
241
290
361
350
362
494
261
363
431
24
158
364
365
379
483
157
261
366
78
115
367
254
368
382
210
241
369
69
90
370
86
136
371
181
365
372
42
296
373
219
348
374
130
375
419
122
376
450
134
377
425
237
363
378
89
350
379
90
380
500
381
446
459
260
382
418
270
341
383
293
384
499
38
79
385
32
386
421
157
224
387
311
364
388
190
263
389
149
390
424
43
301
391
283
328
392
146
252
393
149
390
394
1
395
428
36
396
484
152
397
505
20
392
398
55
210
399
124
181
400
143
276
401
30
198
402
12
368
403
120
127
404
405
416
424
146
245
406
68
407
409
197
408
464
117
333
409
137
155
410
304
411
424
4
226
412
67
188
413
209
232
414
51
415
420
99
416
491
35
376
417
81
334
418
419
493
504
306
329
420
41
120
421
147
252
422
164
310
423
43
183
424
125
425
500
231
356
426
176
410
427
322
394
428
142
354
429
36
113
430
52
330
431
199
432
444
156
201
433
352
434
488
21
433
435
178
350
436
42
57
437
248
313
438
53
54
439
231
283
440
441
442
457
442
455
475
112
436
443
215
444
460
204
437
445
120
423
446
352
358
447
96
398
448
298
449
505
73
450
453
451
455
466
107
442
452
176
427
453
117
129
454
140
455
472
83
266
456
53
85
457
127
316
458
179
459
508
75
164
460
385
461
482
102
253
462
206
224
463
326
357
464
91
172
465
73
398
466
97
152
467
28
459
468
190
408
469
89
207
470
307
337
471
76
396
472
126
454
473
140
344
474
49
333
475
294
476
481
115
417
477
98
238
478
103
241
479
71
456
480
27
58
481
265
392
482
83
92
483
219
471
484
350
485
502
251
285
486
126
134
487
256
409
488
73
472
489
42
334
490
346
480
491
375
409
492
205
245
493
193
338
494
345
471
495
345
428
496
163
338
497
207
378
498
215
408
499
88
239
500
71
454
501
117
502
510
314
421
503
203
458
504
137
143
505
135
196
506
10
255
507
262
432
508
114
398
509
11
314
510
3
486
511
0.09657209366559982
0.08309861272573471
0.3041762113571167
0.13324382901191711
0.22279523313045502
0.5061778426170349
0.4137166738510132
0.8904622197151184
0.8749575614929199
0.8605896830558777
0.22193215787410736
0.22954902052879333
0.7095864415168762
0.5498592853546143
0.8119997978210449
0.46093621850013733
0.4752326011657715
0.7394163012504578
0.0619327537715435
0.5354865789413452
0.7265644669532776
0.6651664972305298
0.30242300033569336
0.16352860629558563
0.5242903828620911
0.21563895046710968
0.30977439880371094
0.36760038137435913
0.053418271243572235
0.6823675036430359
0.6992388367652893
0.05033260956406593
0.8442661762237549
0.5378463864326477
0.4299623370170593
0.3004666268825531
0.17939741909503937
0.9115046262741089
0.7689735889434814
0.8977506160736084
0.7315016388893127
0.5657789707183838
0.31068819761276245
0.7193594574928284
0.41722145676612854
0.5934485197067261
0.08318588137626648
0.17550338804721832
0.40773841738700867
0.946347177028656
0.769571840763092
0.5381718873977661
0.5000820755958557
0.9109298586845398
0.2546485960483551
0.5599828958511353
0.5877255201339722
0.49886801838874817
0.9476536512374878
0.8016233444213867
0.29305678606033325
0.4069346487522125
0.34262359142303467
0.1515873521566391
0.3165668249130249
0.9692468643188477
0.6995936632156372
0.9479179382324219
0.25440868735313416
0.4213181734085083
0.08311867713928223
0.8474106788635254
0.8212446570396423
0.603891909122467
0.6132658123970032
0.7228817939758301
0.7835675477981567
0.7056413888931274
0.5066542029380798
0.8415719270706177
0.4442403018474579
0.42359083890914917
0.8478755950927734
0.8810061812400818
0.0384819358587265
0.2530832886695862
0.6413622498512268
0.8616766333580017
0.9999412894248962
0.375693678855896
0.4470575749874115
0.7063382863998413
0.7678541541099548
0.038212113082408905
0.15748494863510132
0.09935127943754196
0.02810850366950035
0.9457846283912659
0.2708165645599365
0.8799282312393188
0.759779691696167
0.5463085174560547
0.8699686527252197
0.25013309717178345
0.299762099981308
0.2668609023094177
0.6945980787277222
0.4911050498485565
0.5022571682929993
0.7387316226959229
0.23580990731716156
0.42128467559814453
0.9693853855133057
0.5574901700019836
0.9902777075767517
0.3015151917934418
0.4718047082424164
0.12004981189966202
0.2896183133125305
0.26836252212524414
0.5009740591049194
0.21936582028865814
0.7597934603691101
0.8158559799194336
0.2893533706665039
0.9144962430000305
0.10761760175228119
0.44992536306381226
0.0645325779914856
0.3787391483783722
0.6866377592086792
0.5658220648765564
0.38640791177749634
0.0802219957113266
0.9983935356140137
0.2430994212627411
0.9035753011703491
0.4470108449459076
0.3281530439853668
0.33073243498802185
0.1270623505115509
0.00576514657586813
0.9530442357063293
0.17092067003250122
0.7654106616973877
0.7124844193458557
0.6593284010887146
0.24695554375648499
0.9988045692443848
0.8541384935379028
0.5719833970069885
0.38544324040412903
0.8756601214408875
0.23506446182727814
0.5311316251754761
0.0599045604467392
0.16360722482204437
0.03029715269804001
0.538362979888916
0.028058968484401703
0.7336252331733704
0.582301914691925
0.5553022027015686
0.1313154399394989
0.40334030985832214
0.7524434924125671
0.7380570769309998
0.7288286685943604
0.1519303321838379
0.016990065574645996
0.11394938081502914
0.7908198833465576
0.29634642601013184
0.6111535429954529
0.1284210979938507
0.1440892517566681
0.9635405540466309
0.7661508321762085
0.6849040389060974
0.8279509544372559
0.9276113510131836
0.44632163643836975
0.6449786424636841
0.9787898659706116
0.19599322974681854
0.11086306720972061
0.7815338969230652
0.6418529748916626
0.8954775333404541
0.1639857143163681
0.20735923945903778
0.6244528293609619
0.006307891104370356
0.9964109063148499
0.05814794823527336
0.808591902256012
0.7480180859565735
0.2756054401397705
0.17896141111850739
0.776206910610199
0.6791976690292358
0.2922215163707733
0.3672056794166565
0.8625732064247131
0.6548663377761841
0.157689169049263
0.24111323058605194
0.9864093065261841
0.1461772471666336
0.9215821623802185
0.3746136724948883
0.9226593375205994
0.9144291877746582
0.5394123792648315
0.8992706537246704
0.49970847368240356
0.8449028730392456
0.9218760132789612
0.3174075782299042
0.598099410533905
0.2874010503292084
0.1603730171918869
0.790304958820343
0.03932669758796692
0.9095937609672546
0.06618430465459824
0.5706058144569397
0.4378308057785034
0.3517763912677765
0.8489651083946228
0.5477542281150818
0.20469562709331512
0.48430490493774414
0.006424420978873968
0.152543842792511
0.8251016139984131
0.6278694272041321
0.785064697265625
0.7541648745536804
0.5854262113571167
0.05710344389081001
0.3917401134967804
0.2965194582939148
0.1386747658252716
0.13415223360061646
0.024204980581998825
0.7008621692657471
0.9482065439224243
0.401135116815567
0.8128685355186462
0.6674743890762329
0.5136990547180176
0.4004072844982147
0.7547151446342468
0.10636968165636063
0.38844504952430725
0.9969195127487183
0.26638031005859375
0.5529048442840576
0.2693574130535126
0.5796629190444946
0.8528056144714355
0.7109548449516296
0.2584179937839508
0.04894788935780525
0.8887647986412048
0.20749306678771973
0.4470883905887604
0.6421423554420471
0.8497113585472107
0.4360845386981964
0.1838526427745819
0.8772003650665283
0.05932314693927765
0.8410358428955078
0.29084280133247375
0.24732434749603271
0.34368303418159485
0.46648773550987244
0.8902316093444824
0.07783931493759155
0.9174719452857971
0.449998676776886
0.1396290510892868
0.9483939409255981
0.3091931939125061
0.24673408269882202
0.7220883369445801
0.009002398699522018
0.25465601682662964
0.7398345470428467
0.058586809784173965
0.47732797265052795
0.5050898194313049
0.7338051199913025
0.263595849275589
0.298971027135849
0.6400642395019531
0.6452867984771729
0.9322716593742371
0.8122215867042542
0.0644478127360344
0.9584887027740479
0.04479045793414116
0.12358741462230682
0.2786743938922882
0.4961245059967041
0.6947991847991943
0.06064281612634659
0.8591983914375305
0.5594907402992249
0.6765620708465576
0.5941466689109802
0.6062830686569214
0.23893748223781586
0.19442890584468842
0.9755129218101501
0.09792575985193253
0.7128106355667114
0.26683473587036133
0.9786729216575623
0.08223111182451248
0.7729946970939636
0.7438647747039795
0.0896877720952034
0.14425170421600342
0.15753088891506195
0.521309494972229
0.8924620151519775
0.8383876085281372
0.9712154865264893
0.9640921950340271
0.36717432737350464
0.8170009851455688
0.17557239532470703
0.8453376889228821
0.875525176525116
0.032474637031555176
0.9903806447982788
0.8431031703948975
0.8076189756393433
0.3493242859840393
0.8493430018424988
0.4053775668144226
0.889915943145752
0.44799837470054626
0.09931829571723938
0.6579151749610901
0.37765681743621826
0.805178165435791
0.09568651020526886
0.8282492160797119
0.951026439666748
0.42225590348243713
0.9186471700668335
0.3144144117832184
0.18779873847961426
0.5042403340339661
0.5416594743728638
0.41311851143836975
0.2456778883934021
0.5723615884780884
0.3874897062778473
0.20345449447631836
0.560692310333252
0.29808250069618225
0.19058449566364288
0.23074480891227722
0.9394516348838806
0.38557615876197815
0.9996090531349182
0.41773635149002075
0.3245266079902649
0.8946673274040222
0.01975972391664982
0.030183566734194756
0.07945496588945389
0.8696122169494629
0.9107803106307983
0.2726769745349884
0.14594325423240662
0.0893513411283493
0.46398043632507324
0.5933863520622253
0.952479362487793
0.13461020588874817
0.3458094298839569
0.020246300846338272
0.16896586120128632
0.08867362141609192
0.3459930717945099
0.5838326811790466
0.2744446098804474
0.2247525453567505
0.9303444027900696
0.43137526512145996
0.3640102744102478
0.10614723712205887
0.744624674320221
0.568767249584198
0.17755451798439026
0.5640188455581665
0.39181795716285706
0.28005456924438477
0.24600374698638916
0.9276124835014343
0.49883410334587097
0.15135645866394043
0.5308725237846375
0.4522537291049957
0.48045793175697327
0.5829553604125977
0.3799147605895996
0.5225231051445007
0.44895440340042114
0.24047768115997314
0.37567663192749023
0.9196774959564209
0.9890272617340088
0.5080633759498596
0.01788291707634926
0.7043208479881287
0.8827386498451233
0.34142351150512695
0.10777699202299118
0.7473165392875671
0.6913636326789856
0.5005446672439575
0.4170171916484833
0.4817395508289337
0.34680667519569397
0.8411005735397339
0.48434481024742126
0.1250673532485962
0.20929980278015137
0.8503710627555847
0.6196792125701904
0.12864068150520325
0.9017590284347534
0.6788647770881653
0.5543662309646606
0.34541550278663635
0.7615759372711182
0.35911139845848083
0.08944673836231232
0.47141897678375244
0.9490466713905334
0.13661260902881622
0.9895151257514954
0.34144359827041626
0.7630530595779419
0.3058765232563019
0.8098910450935364
0.9159047603607178
0.42210784554481506
0.15854057669639587
0.9393413662910461
0.8344907760620117
0.09785729646682739
0.8659234642982483
0.22834020853042603
0.35362428426742554
0.27348512411117554
0.2725830078125
0.6540724635124207
0.6479960680007935
0.12352842837572098
0.1411604881286621
0.7371039390563965
0.20697954297065735
0.15753516554832458
0.6990818977355957
0.7810192108154297
0.6824038624763489
0.008018299005925655
0.2970953583717346
0.6736786961555481
0.4534032940864563
0.5593309998512268
0.19367969036102295
0.2959192097187042
0.43159496784210205
0.44945257902145386
0.4495655596256256
0.18083791434764862
0.715279757976532
0.5820193290710449
0.981060802936554
0.048967067152261734
0.06162343919277191
0.5627317428588867
0.9676321744918823
0.6036145687103271
0.6254928708076477
0.41977059841156006
0.9880136251449585
0.013035209849476814
0.6308795213699341
0.16761036217212677
0.09274681657552719
0.6320227980613708
0.5138582587242126
0.9601213932037354
0.024483010172843933
0.0029816478490829468
0.6315103769302368
0.45659998059272766
0.8513652682304382
0.4200836420059204
0.4109983742237091
0.49566444754600525
0.2582058012485504
0.29559433460235596
0.9761505722999573
0.22027580440044403
0.4131133556365967
0.9152873158454895
0.4238737225532532
0.09545262902975082
0.7743561863899231
0.70882648229599
0.4359186589717865
0.7016331553459167
0.5089086294174194
0.7791381478309631
0.9424183964729309
0.050129231065511703
0.8369707465171814
0.5166525840759277
0.23605360090732574
0.5668197274208069
0.028233567252755165
0.053370535373687744
0.0015917766140773892
0.3192442059516907
0.15320438146591187
0.41217657923698425
0.19672268629074097
0.7070541977882385
0.1278291791677475
0.9228325486183167
0.5109049677848816
0.25162816047668457
0.8103088140487671
0.6572758555412292
0.8759481906890869
0.4890388250350952
0.6208256483078003
0.1059601679444313
0.7251532673835754
0.8987972140312195
0.05812855064868927
0.45225048065185547
0.1674637496471405
0.986867368221283
0.7970690131187439
0.667073130607605
0.5577224493026733
0.6307992935180664
0.40666162967681885
0.02100476622581482
0.3707490861415863
0.8498302102088928
0.5265311002731323
0.7639058828353882
0.35995709896087646
0.9951437711715698
0.8748985528945923
0.49902859330177307
0.17883609235286713
0.25212451815605164
0.9090772271156311
0.016229934990406036
0.04310481250286102
0.5634199380874634
0.8057376742362976
0.16520488262176514
0.7060520648956299
0.6164555549621582
0.13961336016654968
0.7146686911582947
0.08147139847278595
0.7437851428985596
0.0019883536733686924
0.6249880194664001
0.46444055438041687
0.4956184923648834
0.55216383934021
0.697358250617981
0.7394970059394836
0.3673257827758789
0.5119858980178833
0.9130755066871643
0.38885432481765747
0.10111527889966965
0.5861781239509583
0.9690680503845215
0.6416925191879272
0.4557245373725891
0.20971956849098206
0.7286712527275085
0.4173671305179596
0.7870758771896362
0.7645208239555359
0.5234531164169312
0.09472998231649399
0.8954885005950928
0.27814871072769165
0.35224610567092896
0.5217241644859314
0.6574212908744812
0.643697202205658
0.13440468907356262
0.23447531461715698
0.2649723291397095
0.8136724233627319
0.8553667068481445
0.055383890867233276
0.061098940670490265
0.3509238362312317
0.7188519239425659
0.2776719629764557
0.8556120991706848
0.5975865721702576
0.8220481872558594
0.0036312113516032696
0.8920400142669678
0.5926859378814697
0.28246307373046875
0.6932451725006104
0.40187710523605347
0.7801694869995117
0.6389887928962708
0.8171984553337097
0.929200291633606
0.6605645418167114
0.4531325697898865
0.5279666781425476
0.36935698986053467
0.6536741852760315
0.5442315936088562
0.16525134444236755
0.06109103187918663
0.034318163990974426
0.4161666929721832
0.8122457265853882
0.3995285630226135
0.9079845547676086
0.948019802570343
0.5113628506660461
0.6889696717262268
0.1916109025478363
0.38871169090270996
0.08328716456890106
0.22568398714065552
0.8181236982345581
0.12544453144073486
0.09297151118516922
0.7660099267959595
0.059018589556217194
0.9613050222396851
0.9884047508239746
0.416835755109787
0.9301245212554932
0.4457857608795166
0.25138917565345764
0.8059926629066467
0.0917595699429512
0.9879063367843628
0.4513924717903137
0.31549468636512756
0.3745129406452179
0.6575441956520081
0.32378077507019043
0.8252586722373962
0.4182184934616089
0.891096830368042
0.9560672640800476
0.7568802237510681
0.2124645709991455
0.03453483432531357
0.39320674538612366
0.9565442204475403
0.3358928859233856
0.7685629725456238
0.8736975789070129
0.37225863337516785
0.8704378008842468
0.6037840843200684
0.7763550281524658
0.6841568946838379
0.9668560028076172
0.8043877482414246
0.917853057384491
0.19081206619739532
0.8987796902656555
0.285000741481781
0.816322386264801
0.8968421816825867
0.27229416370391846
0.08588352799415588
0.38598570227622986
0.6051086783409119
0.8236056566238403
0.18567804992198944
0.9246200323104858
0.5967341661453247
0.29525840282440186
0.7847743630409241
0.19503189623355865
0.37036749720573425
0.8161429762840271
0.8613748550415039
0.28667229413986206
0.7901772856712341
0.4401680529117584
0.3542204797267914
0.19635134935379028
0.6374825835227966
0.8781064748764038
0.9400633573532104
0.7244411706924438
0.8657239675521851
0.7654283046722412
0.7624462246894836
0.4091250002384186
0.9178943037986755
0.7199336886405945
0.19805403053760529
0.15959413349628448
0.09469061344861984
0.33706018328666687
0.4641706645488739
0.4370996356010437
0.9768810272216797
0.25239789485931396
0.25631970167160034
0.15565605461597443
0.049628350883722305
0.1751493662595749
0.07693184167146683
0.037739578634500504
0.08687859028577805
0.46999961137771606
0.5420833230018616
0.9099310636520386
0.6926460266113281
0.8221642971038818
0.6559137105941772
0.7450138330459595
0.5425282120704651
0.5519757866859436
0.8405376672744751
0.9012426137924194
0.5174967050552368
0.7427318096160889
0.3246838450431824
0.7843391299247742
0.5607298612594604
0.14650577306747437
0.3102051317691803
0.5602167248725891
0.5494792461395264
0.36640211939811707
0.311163991689682
0.32446935772895813
0.7441586852073669
0.34839850664138794
0.06556147336959839
0.6473780870437622
0.6465626358985901
0.2938099801540375
0.24956241250038147
0.8782535195350647
0.40980201959609985
0.7205303311347961
0.8093762397766113
0.7630149126052856
0.4640514850616455
0.7493689656257629
0.5010290145874023
0.8070328235626221
0.9421960711479187
0.8481398224830627
0.38410335779190063
0.21705996990203857
0.39052364230155945
0.8694508075714111
0.9013093709945679
0.24721552431583405
0.8714309334754944
0.2594858705997467
0.9665864109992981
0.8900967240333557
0.24132920801639557
0.8321778774261475
0.6169450879096985
0.7184270024299622
0.15918348729610443
0.26008307933807373
0.5898985266685486
0.4433756470680237
0.481161892414093
0.7871002554893494
0.4546310305595398
0.6799534559249878
0.447971910238266
0.06438536942005157
0.1608530730009079
0.4259227514266968
0.9583868980407715
0.19404204189777374
0.22026166319847107
0.5475675463676453
0.561595618724823
0.9565570950508118
0.5090834498405457
0.4977993369102478
0.6335554122924805
0.6838464140892029
0.4480518102645874
0.8159269094467163
0.5413813591003418
0.13289909064769745
0.5647631883621216
0.4826825261116028
0.6956363320350647
0.17325623333454132
0.35077837109565735
0.9253011345863342
0.6796442866325378
0.04066508263349533
0.1128048375248909
0.8754550814628601
0.40186914801597595
0.982836127281189
0.49759724736213684
0.5021972060203552
0.4058045744895935
0.6974198818206787
0.7417826056480408
0.16535210609436035
0.8987088203430176
0.507390022277832
0.19616632163524628
0.3470999002456665
0.21624703705310822
0.3693087697029114
0.1826387643814087
0.17332039773464203
0.9647226333618164
0.22597560286521912
0.6152236461639404
0.5697457194328308
0.09172850102186203
0.4472931921482086
0.7177029848098755
0.8749766945838928
0.6626375913619995
0.10056804865598679
0.20018261671066284
0.3873789608478546
0.15846209228038788
0.9466307163238525
0.17020221054553986
0.6007606983184814
0.8196471333503723
0.24645669758319855
0.3713854253292084
0.5316548347473145
0.23017245531082153
0.25588923692703247
0.7094757556915283
0.9424824118614197
0.7829880118370056
0.3245082199573517
0.24082641303539276
0.830762505531311
0.6443471908569336
0.8550727367401123
0.20724032819271088
0.40675124526023865
0.5747905969619751
0.971734344959259
0.11622025072574615
0.5769851803779602
0.9574902653694153
0.46943479776382446
0.6630125045776367
0.7850524187088013
0.40713727474212646
0.41158348321914673
0.13185788691043854
0.12954315543174744
0.1817147135734558
0.922582745552063
0.8070843815803528
0.920235276222229
0.06831313669681549
0.13715673983097076
0.09895472228527069
0.9523382782936096
0.9341634511947632
0.031332943588495255
0.7822872996330261
0.7389360070228577
0.7629995942115784
0.9134944081306458
0.9304137825965881
0.05768505856394768
0.5117283463478088
0.5072122812271118
0.4580399990081787
0.7981221675872803
0.6509270071983337
0.3141632676124573
0.8658925890922546
0.6700897812843323
0.03876011073589325
0.3456684648990631
0.1342315673828125
0.17037224769592285
0.6572636365890503
0.6998493075370789
0.6356168985366821
0.06861519068479538
0.016517266631126404
0.021857712417840958
0.25937071442604065
0.33508867025375366
0.2842557430267334
0.16518954932689667
0.02260032296180725
0.33810868859291077
0.6838492751121521
0.2072998285293579
0.1649581342935562
0.7997565269470215
0.480785071849823
0.5633252859115601
0.48882657289505005
0.7442569732666016
0.6756724119186401
0.8717443943023682
0.545542299747467
0.9998785853385925
0.5775027871131897
0.7175832986831665
0.10895849019289017
0.5152570605278015
0.51584392786026
0.9850961565971375
0.13146279752254486
0.41973167657852173
0.9269179701805115
0.09558315575122833
0.13901019096374512
0.07251425087451935
0.21642492711544037
0.12171971052885056
0.5838714241981506
0.32439520955085754
0.24589037895202637
0.05468010902404785
0.743400514125824
0.9239739179611206
0.6377208828926086
0.019134437665343285
0.6426074504852295
0.14447416365146637
0.6439230442047119
0.8097086548805237
0.35395872592926025
0.5564930438995361
0.14416013658046722
0.31599098443984985
0.7119770050048828
0.6760160326957703
0.6849801540374756
0.7857484817504883
0.7119855880737305
0.6144516468048096
0.33078134059906006
0.2539002597332001
0.7027066946029663
0.008764793165028095
0.4023614823818207
0.4303690493106842
0.7315436005592346
0.18383659422397614
0.1926635205745697
0.9635758399963379
0.971845269203186
0.253721684217453
0.44123896956443787
0.05776407942175865
0.2290179580450058
0.8206697106361389
0.5860078930854797
0.8857385516166687
0.6754368543624878
0.7640776038169861
0.790566623210907
0.6286465525627136
0.6863635778427124
0.812443733215332
0.3045198917388916
0.8746905326843262
0.5518293380737305
0.3369292616844177
0.6520439982414246
0.03163570910692215
0.009930246509611607
0.8216797113418579
0.8679502606391907
0.7281908392906189
0.8626018166542053
0.8119062185287476
0.4754278063774109
0.4005185663700104
0.5899719595909119
0.9902892112731934
0.4173946678638458
0.5977001190185547
0.7618448734283447
0.4137108623981476
0.4580528140068054
0.1752854585647583
0.5116710066795349
0.593222439289093
0.16611769795417786
0.8775034546852112
0.36997392773628235
0.5879830718040466
0.03186825290322304
0.35993432998657227
0.9807579517364502
0.14649732410907745
0.44163215160369873
0.42217764258384705
0.21581953763961792
0.39724910259246826
0.9181597232818604
0.8616586327552795
0.7292481064796448
0.5258899927139282
0.8445687890052795
0.9301376938819885
0.564578115940094
0.4445135295391083
0.5170365571975708
0.3939093053340912
0.36126163601875305
0.24293629825115204
0.07677609473466873
0.3613782227039337
0.02819834090769291
0.7198706269264221
0.35016971826553345
0.34131360054016113
0.9983032941818237
0.38794514536857605
0.0067110867239534855
0.7108474373817444
0.8264516592025757
0.47049853205680847
0.2856237590312958
0.11658963561058044
0.8125964403152466
0.3957515358924866
0.2448003590106964
0.5969710946083069
0.45086535811424255
0.21619948744773865
0.31443408131599426
0.6835091710090637
0.4178342819213867
0.23259210586547852
0.6452199220657349
0.29343554377555847
0.591924250125885
0.26171454787254333
0.7048953175544739
0.09130527824163437
0.9636555314064026
0.7131995558738708
0.5817822813987732
0.5299550294876099
0.20494388043880463
0.9870870113372803
0.7917207479476929
0.3792019188404083
0.8956295847892761
0.08901800215244293
0.43589386343955994
0.6403607130050659
0.1182665228843689
0.7464157938957214
0.5134817957878113
0.5178089141845703
0.9673722386360168
0.3584693372249603
0.6439195275306702
0.14958854019641876
0.11059773713350296
0.42809024453163147
0.5661976337432861
0.6602717638015747
0.2719416618347168
0.7400133013725281
0.9649339914321899
0.6271854639053345
0.6609257459640503
0.4388364255428314
0.11112777888774872
0.7215048670768738
0.7161974310874939
0.0683705285191536
0.5075867772102356
0.33427032828330994
0.3670338988304138
0.1406126171350479
0.5612437725067139
0.4183162450790405
0.5002399682998657
0.7440052628517151
0.8496479988098145
0.8100643157958984
0.4966110587120056
0.5277997255325317
0.0605098158121109
0.8426269888877869
0.436641126871109
0.45646631717681885
0.6068487167358398
0.4673071503639221
0.6828099489212036
0.7954449653625488
0.6711212992668152
0.2480883002281189
0.9002256989479065
0.10480569303035736
0.07889693230390549
0.6515685319900513
0.7067151069641113
0.030664358288049698
0.5663046836853027
0.9385750889778137
0.7102671265602112
0.942699134349823
0.06285977363586426
0.6219016313552856
0.49348267912864685
0.4636244475841522
0.5930213928222656
0.7707176208496094
0.6614710688591003
0.5413023829460144
0.05705615133047104
0.5339868068695068
0.37435582280158997
0.9773989319801331
0.6306891441345215
0.17950202524662018
0.0731387808918953
0.4677695035934448
0.20588372647762299
0.496136873960495
0.4352397322654724
0.677916944026947
0.590518057346344
0.4947766363620758
0.028012221679091454
0.4978143870830536
0.4563918113708496
0.08087867498397827
0.444685697555542
0.6964799165725708
0.3784582316875458
0.5158625841140747
0.6734296083450317
0.904014527797699
0.06534110009670258
0.4962841272354126
0.7982478737831116
0.2960866093635559
0.9783351421356201
0.9894044995307922
0.0007089613354764879
0.6288302540779114
0.6843750476837158
0.37236833572387695
0.9358792901039124
0.05866026133298874
0.7636289596557617
0.20188835263252258
0.9146790504455566
0.28926458954811096
0.15137985348701477
0.9777493476867676
0.7944703102111816
0.2126590460538864
0.16757585108280182
0.5385406017303467
0.24518081545829773
0.9003456234931946
0.3202701210975647
0.5155979990959167
0.4683871567249298
0.41058576107025146
0.7451146841049194
0.8508425951004028
0.5161514282226562
0.9228555560112
0.4995537996292114
0.3935527205467224
0.6204442977905273
0.02714071236550808
0.14143645763397217
0.709111750125885
0.1886138916015625
0.99228435754776
0.35049882531166077
0.8912428617477417
0.30409106612205505
0.1831102818250656
0.025090649724006653
0.6906883716583252
0.9110437631607056
0.31014978885650635
0.9607742428779602
0.7299426198005676
0.8416343331336975
0.2448371946811676
0.7529230117797852
0.35355356335639954
0.9254782795906067
0.8693237900733948
0.5256925225257874
0.9581720232963562
0.42201095819473267
0.4341379702091217
0.9386568069458008
0.5107978582382202
0.13971950113773346
0.9622664451599121
0.2500927448272705
0.8900023102760315
0.13974067568778992
0.16603371500968933
0.21775628626346588
0.22583457827568054
0.9939265251159668
0.8044288754463196
0.29957878589630127
0.9323523640632629
0.9674040079116821
0.8136349320411682
0.512725293636322
0.034123919904232025
0.4536510407924652
0.09636746346950531
0.47383856773376465
0.6345348954200745
0.6895633935928345
0.19914747774600983
0.20444554090499878
0.12748228013515472
0.5458971858024597
0.4557071626186371
0.8498532176017761
0.7075198292732239
0.8246312141418457
0.06431528925895691
0.7906784415245056
0.49713289737701416
0.7726900577545166
0.7142916321754456
0.5044007897377014
0.13639891147613525
0.3635920286178589
0.7342157363891602
0.31135332584381104
0.3041147291660309
0.7367268800735474
0.8960918188095093
0.5616560578346252
0.21626628935337067
0.8722141981124878
0.5803488492965698
0.2613593339920044
0.27961865067481995
0.6384953856468201
0.6977021098136902
0.7763685584068298
0.799636960029602
0.2629535496234894
0.29094868898391724
0.8122729063034058
0.5419800877571106
0.20076094567775726
0.9379269480705261
0.9157291650772095
0.25701776146888733
0.7313252091407776
0.4014628529548645
0.5640009045600891
0.5861353874206543
0.7438499927520752
0.5496587157249451
0.06075943261384964
0.023147480562329292
0.5080958604812622
0.47728317975997925
0.16630743443965912
0.1570451408624649
0.4951832592487335
0.9791710376739502
0.008446110412478447
0.5107160210609436
0.21942280232906342
0.07329049706459045
0.054919056594371796
0.24943307042121887
0.9150143265724182
0.8723558187484741
0.5877689719200134
0.4962376058101654
0.3376273214817047
0.11780450493097305
0.9541281461715698
0.0556907132267952
0.011503549292683601
0.3697871267795563
0.19097493588924408
0.01313400361686945
0.9197399020195007
0.48304909467697144
0.755582869052887
0.2165624350309372
0.8683151602745056
0.7340210676193237
0.304044634103775
0.8550856113433838
0.837731659412384
0.22058936953544617
0.7992475032806396
0.631665050983429
0.4734237492084503
0.09254034608602524
0.47825101017951965
0.8134787678718567
0.7896261215209961
0.37988224625587463
0.8246169090270996
0.30168765783309937
0.4156666398048401
0.8705673217773438
0.49114862084388733
0.3087872266769409
0.9910379648208618
0.42456305027008057
0.9421420097351074
0.3011624813079834
0.7550435066223145
0.8638284206390381
0.5323460102081299
0.3620268404483795
0.8978147506713867
0.8659877777099609
0.14574868977069855
0.21610145270824432
0.8189120888710022
0.6040309071540833
0.4247303605079651
0.8384160995483398
0.5460171699523926
0.32798510789871216
0.21359893679618835
0.8000707030296326
0.11993332207202911
0.3399374485015869
0.23123089969158173
0.43802374601364136
0.2833251357078552
0.04619291052222252
0.40440526604652405
0.4722457826137543
0.11601639539003372
0.22287102043628693
0.9985872507095337
0.6642810106277466
0.4253695607185364
0.6718445420265198
0.6940253376960754
0.920151948928833
0.5556541681289673
0.652660608291626
0.14032723009586334
0.5383787751197815
0.8763954043388367
0.8779696226119995
0.17929218709468842
0.4972832202911377
0.12736670672893524
0.3274538218975067
0.22514215111732483
0.7154127955436707
0.03527061641216278
0.6272838115692139
0.42549097537994385
0.6705367565155029
0.26674360036849976
0.4030700922012329
0.4289171099662781
0.3472723960876465
0.918690025806427
0.7360455393791199
0.6322543621063232
0.45171454548835754
0.9000042080879211
0.7987278699874878
0.06030092388391495
0.4290288984775543
0.9559544324874878
0.9586930274963379
0.8608553409576416
0.7840287089347839
0.047103073447942734
0.4690604507923126
0.7783324718475342
0.21650923788547516
0.818597137928009
0.42622533440589905
0.17360614240169525
0.08541873842477798
0.9262667298316956
0.280964195728302
0.3573427200317383
0.1628461331129074
0.9189548492431641
0.2549496293067932
0.429099977016449
0.828830361366272
0.4171365797519684
0.7273879051208496
0.016816643998026848
0.06374218314886093
0.057025738060474396
0.043384842574596405
0.16321580111980438
0.5582192540168762
0.8373025059700012
0.10827778279781342
0.06972411274909973
0.605740487575531
0.8688691854476929
0.5078735947608948
0.9762168526649475
0.123816579580307
0.5427639484405518
0.40636321902275085
0.6813420653343201
0.13477332890033722
0.29281824827194214
0.8377286195755005
0.43776068091392517
0.7324844002723694
0.9085602760314941
0.015076298266649246
0.7911015152931213
0.6957054734230042
0.1821129322052002
0.11883436888456345
0.1732427179813385
0.7799102067947388
0.42913341522216797
0.05575814098119736
0.1442897915840149
0.45701420307159424
0.07818625122308731
0.5129960179328918
0.12755893170833588
0.985933780670166
0.046944402158260345
0.1374506950378418
0.6041701436042786
0.5058305859565735
0.2254214584827423
0.8208733201026917
0.04615946486592293
0.7093890309333801
0.001782809616997838
0.9308210611343384
0.04336337745189667
0.08679547160863876
0.4294556677341461
0.9679768681526184
0.46345391869544983
0.4873657524585724
0.8608035445213318
0.031175892800092697
0.008212324231863022
0.07151703536510468
0.5128886103630066
0.2783333659172058
0.05064547806978226
0.646889328956604
0.9415773153305054
0.41475051641464233
0.669740617275238
0.3403434157371521
0.7089155912399292
0.3970507085323334
0.9764920473098755
0.8321858644485474
0.6195335388183594
0.9595029354095459
0.705049991607666
0.040807273238897324
0.010283978655934334
0.5962440967559814
0.0815097838640213
0.7603210210800171
0.7202110886573792
0.46158990263938904
0.8941080570220947
0.6833730340003967
0.28732144832611084
0.7918667197227478
0.6022914052009583
0.6094566583633423
0.994052529335022
0.3875124156475067
0.23074647784233093
0.41187724471092224
0.8078271150588989
0.35533225536346436
0.10363344848155975
0.88729327917099
0.08840097486972809
0.975041389465332
0.59385085105896
0.6026133894920349
0.9469766616821289
0.8349708914756775
0.14851994812488556
0.26027050614356995
0.6867347359657288
0.49313509464263916
0.5405400991439819
0.7923077940940857
0.2529292106628418
0.9632130861282349
0.4430360496044159
0.4067888557910919
0.5796347856521606
0.4657623767852783
0.5429719686508179
0.26203805208206177
0.4131585359573364
0.7681589126586914
0.6137194633483887
0.4530980587005615
0.7185632586479187
0.9288495779037476
0.8058565855026245
0.9306835532188416
0.8776177167892456
0.9092618823051453
0.05848485231399536
0.8294537663459778
0.660039484500885
0.3357319235801697
0.14861267805099487
0.3065480887889862
0.4931406080722809
0.3529667258262634
0.4812552332878113
0.15700986981391907
0.3488519489765167
0.7265198230743408
0.7703027129173279
0.5350075364112854
0.3316030502319336
0.6927392482757568
0.06337641924619675
0.4006904065608978
0.3446626663208008
0.8916443586349487
0.6842044591903687
0.4087713956832886
0.8642034530639648
0.8416122794151306
0.08979950845241547
0.7586410045623779
0.38050705194473267
0.6955939531326294
0.06566847860813141
0.3698421120643616
0.23232699930667877
0.9966810345649719
0.02386007457971573
0.5975380539894104
0.9853507280349731
0.7421968579292297
0.1829352229833603
0.4874440133571625
0.9575178623199463
0.9964356422424316
0.25061100721359253
0.6763730049133301
0.4613272249698639
0.09880531579256058
0.8844446539878845
0.297397255897522
0.27726224064826965
0.3156650960445404
0.3103538155555725
0.46475157141685486
0.4980676472187042
0.09056489914655685
0.14508768916130066
0.20680038630962372
0.6205028295516968
0.10218936204910278
0.7154665589332581
0.8624786734580994
0.34912803769111633
0.5099399089813232
0.2124636024236679
0.07106257975101471
0.16324129700660706
0.7892493605613708
0.7890788912773132
0.3276803195476532
0.5878841876983643
0.22477343678474426
0.007736078929156065
0.6220840811729431
0.8464112281799316
0.7706273794174194
0.42559725046157837
0.5673747062683105
0.9982762932777405
0.19844910502433777
0.18144981563091278
0.8052567839622498
0.6751103401184082
0.2750950753688812
0.179993137717247
0.5398790240287781
0.3192915618419647
0.09697862714529037
0.20709286630153656
0.7634968757629395
0.18601594865322113
0.29576173424720764
0.3051827847957611
0.3721081018447876
0.5592441558837891
0.9335358738899231
0.9829323291778564
0.6053913831710815
0.7270217537879944
0.11597537249326706
0.23787549138069153
0.32888105511665344
0.38066139817237854
0.34903088212013245
0.01468762569129467
0.22497892379760742
0.3263567388057709
0.9447844624519348
0.012354661710560322
0.1661670207977295
0.17323395609855652
0.698249101638794
0.4510326683521271
0.891208827495575
0.07858962565660477
0.4708558917045593
0.36714693903923035
0.7439287304878235
0.5870059132575989
0.6002475023269653
0.5846009254455566
0.9495106935501099
0.1323208510875702
0.5061182975769043
0.932246744632721
0.6541164517402649
0.3260613977909088
0.9711483120918274
0.8054293394088745
0.3912166953086853
0.6907944083213806
0.28412172198295593
0.7337188124656677
0.480231374502182
0.1480904221534729
0.3408775329589844
0.7418814301490784
0.7012213468551636
0.666551947593689
0.9410582780838013
0.7352635860443115
0.3433745801448822
0.8377256989479065
0.824817955493927
0.3951096832752228
0.7594950199127197
0.021673187613487244
0.4219892621040344
0.2828007936477661
0.3568729758262634
0.5273934602737427
0.8621432781219482
0.9456381797790527
0.5765684843063354
0.5440154671669006
0.5316238403320312
0.9766638278961182
0.8377900123596191
0.8060557246208191
0.14685440063476562
0.2345166802406311
0.34394389390945435
0.16347096860408783
0.16213880479335785
0.9411194920539856
0.5155085921287537
0.029521850869059563
0.5826712250709534
0.1615978479385376
0.45104724168777466
0.8885250091552734
0.5504732131958008
0.5675426721572876
0.7519435286521912
0.9480075836181641
0.30896347761154175
0.1326104700565338
0.7912861704826355
0.015231385827064514
0.509796679019928
0.9114807844161987
0.7843338251113892
0.20670463144779205
0.870372474193573
0.8400487899780273
0.5412617921829224
0.8760728240013123
0.0800986960530281
0.5955798625946045
0.6255119442939758
0.4648872911930084
0.4791259169578552
0.1347762942314148
0.9319242238998413
0.2637016773223877
0.30243346095085144
0.11318483203649521
0.4960784912109375
0.3932787775993347
0.2988228499889374
0.024319492280483246
0.31479984521865845
0.9773708581924438
0.8975256681442261
0.9350295066833496
0.6091315150260925
0.17683318257331848
0.9995262026786804
0.019743073731660843
0.18307346105575562
0.4979858100414276
0.8949457406997681
0.5328324437141418
0.7896500825881958
0.06573952734470367
0.7402322888374329
0.7951070666313171
0.6531509757041931
0.7384835481643677
0.5267472267150879
0.9476441740989685
0.22942036390304565
0.21678180992603302
0.8026622533798218
0.6723417043685913
0.5892856121063232
0.7013672590255737
0.8763591051101685
0.4259609282016754
0.651862621307373
0.04074806347489357
0.41316571831703186
0.3006935119628906
0.8363980650901794
0.9605792760848999
0.21481341123580933
0.9825947284698486
0.26867860555648804
0.5915693044662476
0.8056714534759521
0.8549718856811523
0.5877440571784973
0.30618226528167725
0.29711925983428955
0.02500261925160885
0.8999229669570923
0.5053306818008423
0.404142290353775
0.28283411264419556
0.5100196599960327
0.7573437094688416
0.8468772172927856
0.18181098997592926
0.2822137773036957
0.3715638816356659
0.6959521174430847
0.7304565906524658
0.12198471277952194
0.9479168653488159
0.9649650454521179
0.9690498113632202
0.3516361117362976
0.8223036527633667
0.5539472699165344
0.6411680579185486
0.199547678232193
0.12187988311052322
0.4032469391822815
0.6815624237060547
0.7724531292915344
0.8208230137825012
0.7469293475151062
0.9007444977760315
0.5078786611557007
0.8863712549209595
0.5656065344810486
0.9116336703300476
0.5057207942008972
0.33371400833129883
0.07189209759235382
0.9328739047050476
0.455737829208374
0.3648400902748108
0.8537428975105286
0.7366270422935486
0.6035237312316895
0.5266604423522949
0.1169361099600792
0.288732647895813
0.20346808433532715
0.5437515377998352
0.9038139581680298
0.7151777148246765
0.6672623753547668
0.9587342739105225
0.7780337929725647
0.28446096181869507
0.9841888546943665
0.39072075486183167
0.09882721304893494
0.2008674442768097
0.7806968688964844
0.6090402603149414
0.8183412551879883
0.9852977991104126
0.34179264307022095
0.10517417639493942
0.8091423511505127
0.802012026309967
0.6125708818435669
0.3990667760372162
0.34342068433761597
0.5823706388473511
0.49949219822883606
0.01771022193133831
0.22872459888458252
0.9971780180931091
0.7131255865097046
0.5712766647338867
0.7832129597663879
0.447096586227417
0.8365859985351562
0.6061872839927673
0.17126615345478058
0.007052797358483076
0.6489087343215942
0.6194547414779663
0.00860860850661993
0.31491684913635254
0.751000702381134
0.16316668689250946
0.5066862106323242
0.7702229619026184
0.2872765064239502
0.36886343359947205
0.09835829585790634
0.3605228662490845
0.7927032113075256
0.6023637056350708
0.417397677898407
0.6214869618415833
0.5592770576477051
0.4410899579524994
0.23385274410247803
0.7681572437286377
0.9956420660018921
0.9550666809082031
0.3437733054161072
0.3924548029899597
0.3309701979160309
0.8924727439880371
0.7598907351493835
0.9011273980140686
0.9476614594459534
0.9566687941551208
0.8239797949790955
0.8758915066719055
0.06344899535179138
0.048410072922706604
0.8482595682144165
0.44254255294799805
0.16529852151870728
0.2713097333908081
0.6871798038482666
0.4151841700077057
0.47376367449760437
0.13526460528373718
0.5354393720626831
0.5136910676956177
0.5472352504730225
0.01877775602042675
0.7358917593955994
0.21849945187568665
0.8554553985595703
0.5083246827125549
0.9114755392074585
0.9050595164299011
0.8048758506774902
0.5890312194824219
0.4500657320022583
0.5170223712921143
0.0368475504219532
0.34347259998321533
0.9203531742095947
0.13889776170253754
0.8179665803909302
0.1832914799451828
0.2341955602169037
0.2698410749435425
0.6357662081718445
0.11952865868806839
0.9599303007125854
0.04539456591010094
0.7295647263526917
0.30571675300598145
0.12455198168754578
0.6652144193649292
0.19091416895389557
0.4361492991447449
0.5514189004898071
0.670678973197937
0.666292130947113
0.8134844899177551
0.8983094692230225
0.025738876312971115
0.6520447134971619
0.2542397677898407
0.5944263935089111
0.2526955306529999
0.3740918040275574
0.35302111506462097
0.8073897957801819
0.26600492000579834
0.6953339576721191
0.22475415468215942
0.6282312870025635
0.80440354347229
0.3484761416912079
0.05381270870566368
0.73164302110672
0.6819013953208923
0.7857534885406494
0.834777295589447
0.7029087543487549
0.4307521879673004
0.45446252822875977
0.6220006346702576
0.5444458723068237
0.21176034212112427
0.6369969844818115
0.47457587718963623
0.3303969204425812
0.657476007938385
0.18261045217514038
0.6341730952262878
0.17577692866325378
0.14864714443683624
0.12811961770057678
0.9210473895072937
0.508904218673706
0.44650694727897644
0.9208652973175049
0.7205542325973511
0.009833271615207195
0.8686670660972595
0.5339074730873108
0.6207929849624634
0.4548931419849396
0.19490306079387665
0.1353723257780075
0.8676661849021912
0.9443535804748535
0.46486350893974304
0.9835693836212158
0.06139131262898445
0.8857256174087524
0.3281482756137848
0.3157753646373749
0.29798510670661926
0.6056162118911743
0.48037320375442505
0.9971880912780762
0.7422420978546143
0.7827304005622864
0.2011634111404419
0.12064266949892044
0.7905153632164001
0.2820725440979004
0.3745841383934021
0.5484015941619873
0.6039788126945496
0.7476037740707397
0.5288105010986328
0.06368936598300934
0.27506130933761597
0.1845020055770874
0.673145592212677
0.16839587688446045
0.9182953238487244
0.9110492467880249
0.919310986995697
0.4081490635871887
0.174459308385849
0.09446879476308823
0.9572219252586365
0.7663022875785828
0.3925899267196655
0.9390313029289246
0.581688404083252
0.7739774584770203
0.8224600553512573
0.25184357166290283
0.8383913040161133
0.8112584948539734
0.4844573140144348
0.7737774848937988
0.91329026222229
0.455521821975708
0.8045169711112976
0.020382743328809738
0.011148089542984962
0.9651474952697754
0.5223250985145569
0.8569496870040894
0.33060622215270996
0.6878990530967712
0.9258812665939331
0.9775897264480591
0.75081467628479
0.8400306701660156
0.4588407278060913
0.8004052639007568
0.8374705910682678
0.032301634550094604
0.5313226580619812
0.09451834112405777
0.38656893372535706
0.07489994913339615
0.7358182668685913
0.8540531992912292
0.1629057675600052
0.9853798151016235
0.08151964843273163
0.10975292325019836
0.6529861092567444
0.14532418549060822
0.4097467064857483
0.9304338693618774
0.03579798340797424
0.06370186060667038
0.30938082933425903
0.9606212973594666
0.7482882142066956
0.6308823227882385
0.16144166886806488
0.4875744879245758
0.346946120262146
0.7351637482643127
0.5320717692375183
0.9858068227767944
0.9796415567398071
0.8658265471458435
0.06564509123563766
0.6785089373588562
0.02701360173523426
0.5686411261558533
0.6756784915924072
0.8285841941833496
0.04117713123559952
0.603585422039032
0.7466745972633362
0.42680853605270386
0.23842167854309082
0.7129366397857666
0.837193489074707
0.6178398132324219
0.06370712071657181
0.8230646848678589
0.36389437317848206
0.8029544949531555
0.4232732057571411
0.19269207119941711
0.5641682147979736
0.6223896741867065
0.201862171292305
0.927455723285675
0.7922499775886536
0.15877115726470947
0.9814249873161316
0.9033727645874023
0.013737215660512447
0.3331145942211151
0.8482957482337952
0.8522803783416748
0.7278732657432556
0.962699830532074
0.047334935516119
0.24382266402244568
0.22039270401000977
0.17266032099723816
0.8675258755683899
0.7655524611473083
0.8178611993789673
0.5223535895347595
0.872904360294342
0.549835205078125
0.6882926225662231
0.7134072184562683
0.7855729460716248
0.538034975528717
0.9251939058303833
0.7556820511817932
0.48495280742645264
0.054004646837711334
0.1012038141489029
0.09147608280181885
0.19417615234851837
0.6534193754196167
0.863686740398407
0.8032878041267395
0.7174306511878967
0.013543589971959591
0.2928238809108734
0.7002052068710327
0.7336004972457886
0.6022241711616516
0.036409374326467514
0.2354651242494583
0.2266031801700592
0.8204159736633301
0.4146534502506256
0.28962063789367676
0.01763175241649151
0.23745617270469666
0.8433161973953247
0.4439781606197357
0.9300368428230286
0.5806402564048767
0.8389160633087158
0.7702897191047668
0.2005421221256256
0.8362811803817749
0.8037676811218262
0.21799731254577637
0.6052343249320984
0.7038025856018066
0.08448698371648788
0.7831231951713562
0.24364258348941803
0.7479300498962402
0.5317078828811646
0.20206637680530548
0.6768230199813843
0.5327056646347046
0.12145598232746124
0.6604676842689514
0.5766060948371887
0.5464193820953369
0.461232990026474
0.3189561367034912
0.21894919872283936
0.843092679977417
0.18427161872386932
0.37112560868263245
0.4002888798713684
0.9129229784011841
0.016370249912142754
0.30582475662231445
0.06007727235555649
0.8804737329483032
0.3010685443878174
0.4372260272502899
0.09081979840993881
0.5983866453170776
0.1487055867910385
0.12958087027072906
0.3174477815628052
0.4707612693309784
0.0724371075630188
0.2055618166923523
0.8257608413696289
0.23778049647808075
0.02219442091882229
0.17552387714385986
0.3939608335494995
0.12282474339008331
0.7580760717391968
0.3604111671447754
0.6628103852272034
0.7392899394035339
0.6426153779029846
0.6108411550521851
0.5667868852615356
0.25457826256752014
0.17111685872077942
0.6838924884796143
0.035656653344631195
0.2031463086605072
0.8729363679885864
0.8854823112487793
0.23502978682518005
0.833952784538269
0.468669593334198
0.8143517374992371
0.6490539908409119
0.4539721608161926
0.4850947856903076
0.24164454638957977
0.31855103373527527
0.7227964401245117
0.06093186140060425
0.21600079536437988
0.9153291583061218
0.47800564765930176
0.6575985550880432
0.2153356969356537
0.9317443370819092
0.23313622176647186
0.8439781069755554
0.740989089012146
0.5308071374893188
0.15420673787593842
0.6642334461212158
0.18161030113697052
0.37612268328666687
0.8765357136726379
0.08924257010221481
0.6999585628509521
0.8921365141868591
0.034879110753536224
0.9285734295845032
0.7910645604133606
0.7771604657173157
0.03512653335928917
0.4842516779899597
0.3736054003238678
0.4981651306152344
0.2413528561592102
0.25648975372314453
0.5454029440879822
0.1296243667602539
0.8887031674385071
0.023291291669011116
0.13791583478450775
0.35797202587127686
0.6312248110771179
0.06392891705036163
0.4978730380535126
0.66058349609375
0.7752646803855896
0.4406895935535431
0.7238327860832214
0.2754279375076294
0.5379499793052673
0.8966342210769653
0.8442524075508118
0.07299503684043884
0.8185952305793762
0.3537483215332031
0.683502197265625
0.8346084356307983
0.6794173717498779
0.3638969957828522
0.6272763013839722
0.9969082474708557
0.22916390001773834
0.18006674945354462
0.8914698362350464
0.5481092929840088
0.6924591660499573
0.15587952733039856
0.35467708110809326
0.12060879170894623
0.1633390188217163
0.24977056682109833
0.7680137157440186
0.6535931825637817
0.7158957123756409
0.703022837638855
0.4544734060764313
0.6156640648841858
0.5671114921569824
0.8175550103187561
0.5277125239372253
0.2617463767528534
0.1770717352628708
0.14202487468719482
0.525171160697937
0.29751893877983093
0.9807875156402588
0.872553825378418
0.11376207321882248
0.23873841762542725
0.07198677211999893
0.17251849174499512
0.6756346821784973
0.40583986043930054
0.5273036956787109
0.529714822769165
0.9359435439109802
0.654089093208313
0.27539029717445374
0.7275089621543884
0.11663224548101425
0.37995025515556335
0.12991847097873688
0.30088740587234497
0.8390755653381348
0.06965738534927368
0.7018155455589294
0.5855318903923035
0.10049071162939072
0.021610472351312637
0.5724684000015259
0.1076326072216034
0.2957823872566223
0.03140668943524361
0.5188170075416565
0.3585720658302307
0.9222346544265747
0.5902280807495117
0.26152780652046204
0.6606599688529968
0.4493454396724701
0.26206621527671814
0.3046238422393799
0.25694140791893005
0.25239482522010803
0.6550916433334351
0.5708644390106201
0.2321026474237442
0.5799275636672974
0.21569663286209106
0.17911005020141602
0.48266372084617615
0.5364329218864441
0.35136115550994873
0.989881694316864
0.6664795279502869
0.3390921354293823
0.7759698629379272
0.2598377764225006
0.6567496657371521
0.0208930391818285
0.06585070490837097
0.8896191120147705
0.10815169662237167
0.7104516625404358
0.6424633860588074
0.1045963317155838
0.020329808816313744
0.3824162185192108
0.015560624189674854
0.6663975715637207
0.5018975734710693
0.29760095477104187
0.6461297273635864
0.0910952016711235
0.09957920014858246
0.26875483989715576
0.5364782214164734
0.9776291251182556
0.9471116065979004
0.21539945900440216
0.5934293866157532
0.04249674454331398
0.42443177103996277
0.43048256635665894
0.3193017840385437
0.6698938012123108
0.5102894902229309
0.0011695566354319453
0.5235489010810852
0.8995309472084045
0.796867311000824
0.09393996745347977
0.17218755185604095
0.456494003534317
0.05766156315803528
0.3009338080883026
0.27771419286727905
0.6917840838432312
0.5901938080787659
0.04411113262176514
0.153471440076828
0.18233150243759155
0.1515130251646042
0.40899592638015747
0.6706594228744507
0.2538568675518036
0.8500510454177856
0.5962604880332947
0.27371007204055786
0.38535723090171814
0.6520242691040039
0.2789817452430725
0.07850508391857147
0.8931980133056641
0.7827335596084595
0.8258482813835144
0.3367334306240082
0.3084890842437744
0.9614889025688171
0.4940696060657501
0.794621467590332
0.8432679176330566
0.6333553194999695
0.4351227879524231
0.47888851165771484
0.47162842750549316
0.6642173528671265
0.7363989353179932
0.41735562682151794
0.7667102813720703
0.13575464487075806
0.15826454758644104
0.3402159512042999
0.836350679397583
0.22878940403461456
0.800343930721283
0.3047651946544647
0.38111066818237305
0.25985264778137207
0.29124465584754944
0.3411037027835846
0.49635058641433716
0.49864354729652405
0.9950201511383057
0.27247491478919983
0.4153394103050232
0.4767601490020752
0.45114222168922424
0.6498687863349915
0.16345493495464325
0.759472131729126
0.7615149021148682
0.5229034423828125
0.5072616934776306
0.8522518873214722
0.47892576456069946
0.20043855905532837
0.8121930360794067
0.2699227035045624
0.24044667184352875
0.7794035077095032
0.6827895045280457
0.5861953496932983
0.4341238737106323
0.9773008227348328
0.48452192544937134
0.5234988927841187
0.9340758919715881
0.028953393921256065
0.5030544400215149
0.7440711855888367
0.9025426506996155
0.8191943764686584
0.5302470326423645
0.9532463550567627
0.9347816705703735
0.6846950054168701
0.5761196613311768
0.039907049387693405
0.32990866899490356
0.7194398045539856
0.25957226753234863
0.8600258231163025
0.47161200642585754
0.028521209955215454
0.7165004014968872
0.3409443795681
0.011843343265354633
0.5415480732917786
0.48521438241004944
0.2582950294017792
0.13395974040031433
0.13569456338882446
0.4746848940849304
0.9425156712532043
0.3438677489757538
0.802646279335022
0.997917890548706
0.09320098906755447
0.36973804235458374
0.864208459854126
0.04811445623636246
0.3750130236148834
0.08478473126888275
0.050007257610559464
0.42070937156677246
0.26236823201179504
0.5982866883277893
0.29017606377601624
0.7526901364326477
0.4739665687084198
0.9869304895401001
0.586327075958252
0.9346653819084167
0.28877586126327515
0.5171351432800293
0.6985732913017273
0.5433263182640076
0.6846657395362854
0.5101734399795532
0.2702505588531494
0.33660128712654114
0.9785036444664001
0.3449854850769043
0.17213328182697296
0.817656934261322
0.935085654258728
0.1627027988433838
0.5334042310714722
0.6244731545448303
0.6071194410324097
0.832724928855896
0.6820228695869446
0.693069338798523
0.9977310299873352
0.12545406818389893
0.549457848072052
0.21138617396354675
0.9997294545173645
0.6875704526901245
0.6739848852157593
0.07929322868585587
0.3481388986110687
0.7125148177146912
0.28867220878601074
0.6132163405418396
0.346564918756485
0.14169956743717194
0.5869694352149963
0.9502583146095276
0.5978757739067078
0.8680087924003601
0.5765456557273865
0.09251996874809265
0.7076318860054016
0.7844630479812622
0.5889133214950562
0.6668298244476318
0.5616740584373474
0.7725754976272583
0.9507713317871094
0.8891070485115051
0.03496227413415909
0.07622027397155762
0.20227602124214172
0.30004724860191345
0.8375247716903687
0.7065696716308594
0.933853805065155
0.9347951412200928
0.7753070592880249
0.03371046110987663
0.19496122002601624
0.5233397483825684
0.10240920633077621
0.1432868093252182
0.845484733581543
0.3619813323020935
0.8943445682525635
0.09789034724235535
0.08332216739654541
0.6721537113189697
0.17211006581783295
0.779165506362915
0.5123462677001953
0.14213794469833374
0.5219275951385498
0.5378002524375916
0.8183205127716064
0.4851895868778229
0.8877755403518677
0.10606888681650162
0.8373923897743225
0.6360354423522949
0.6032888293266296
0.9845332503318787
0.7465198636054993
0.22927100956439972
0.15486270189285278
0.13632093369960785
0.8184813261032104
0.5805882811546326
0.39769071340560913
0.33163660764694214
0.7199467420578003
0.2823711037635803
0.2043168991804123
0.5039480924606323
0.132033571600914
0.8511160016059875
0.06360746920108795
0.07673787325620651
0.2833358645439148
0.19185438752174377
0.9237087368965149
0.388721764087677
0.8266900777816772
0.7762634754180908
0.14941371977329254
0.5111614465713501
0.17908436059951782
0.9520792365074158
0.9867945909500122
0.5049664378166199
0.8174018859863281
0.12382209300994873
0.5062611699104309
0.3460748791694641
0.504957377910614
0.18051157891750336
0.7763486504554749
0.36065539717674255
0.0778919905424118
0.4624336361885071
0.37262848019599915
0.14267705380916595
0.36457541584968567
0.6620700359344482
0.7268948554992676
0.009776721708476543
0.7854503393173218
0.46465864777565
0.8216288089752197
0.8504863381385803
0.4403733015060425
0.4592064619064331
0.35674232244491577
0.17413724958896637
0.38782283663749695
0.7721060514450073
0.04925340786576271
0.8809103965759277
0.906265914440155
0.18084177374839783
0.7641579508781433
0.34549322724342346
0.3688744604587555
0.07418648898601532
0.18849356472492218
0.8038830757141113
0.46957746148109436
0.17858535051345825
0.9388035535812378
0.947706937789917
0.7335602045059204
0.05979238823056221
0.9016789197921753
0.4057971239089966
0.8501864075660706
0.5670831203460693
0.8497685194015503
0.629919171333313
0.6278372406959534
0.7290982604026794
0.0009205096866935492
0.19920432567596436
0.35680678486824036
0.4171184003353119
0.00023233435058500618
0.3664669692516327
0.3993380069732666
0.8467637896537781
0.6251056790351868
0.8361393809318542
0.9195845723152161
0.1904401332139969
0.3881184458732605
0.47563356161117554
0.7771410346031189
0.9455424547195435
0.7676554322242737
0.5092667937278748
0.5111806988716125
0.532310962677002
0.8949867486953735
0.9157844185829163
0.706482470035553
0.9993666410446167
0.5597655773162842
0.48968663811683655
0.492196261882782
0.9458203315734863
0.1553947478532791
0.5828744173049927
0.9138146042823792
0.0862027034163475
0.7007448077201843
0.6659045815467834
0.6290270686149597
0.8347772359848022
0.19217462837696075
0.7480711936950684
0.17385804653167725
0.5965312123298645
0.026927517727017403
0.6989609003067017
0.11212461441755295
0.05560402572154999
0.31416046619415283
0.30302855372428894
0.3099927604198456
0.5491242408752441
0.9510785937309265
0.001169270952232182
0.644544780254364
0.9671215415000916
0.9939541220664978
0.7940947413444519
0.7730012536048889
0.5634099841117859
0.7820131182670593
0.9100162386894226
0.9347901940345764
0.9731523394584656
0.33776143193244934
0.5387961268424988
0.46207287907600403
0.32789409160614014
0.5879196524620056
0.35340365767478943
0.9789083003997803
0.7732691168785095
0.23360106348991394
0.28353866934776306
0.06493528187274933
0.9710602760314941
0.28410038352012634
0.812963604927063
0.12102308124303818
0.15964703261852264
0.4277246296405792
0.9079688787460327
0.16781659424304962
0.39371293783187866
0.5078783631324768
0.9186133742332458
0.6875578165054321
0.7623443007469177
0.17261825501918793
0.25201553106307983
0.8436765074729919
0.33590036630630493
0.46095001697540283
0.18688805401325226
0.9441893100738525
0.9405551552772522
0.4994024336338043
0.29262474179267883
0.7316664457321167
0.4332878291606903
0.536449134349823
0.48912733793258667
0.7044447064399719
0.05560523271560669
0.4896235466003418
0.6789770126342773
0.11507267504930496
0.8015387058258057
0.44721731543540955
0.5182742476463318
0.10800078511238098
0.0382184274494648
0.6292200088500977
0.6611135005950928
0.1942543089389801
0.4079833924770355
0.37835386395454407
0.766022264957428
0.5971535444259644
0.1998339593410492
0.5475183725357056
0.9203808903694153
0.5748827457427979
0.9260939955711365
0.3746703863143921
0.6360976099967957
0.6063228249549866
0.9530253410339355
0.9982110857963562
0.5749379396438599
0.05980348587036133
0.7620554566383362
0.846679151058197
0.4295364320278168
0.6409302949905396
0.11809544265270233
0.9655947685241699
0.2577820420265198
0.908552885055542
0.49992963671684265
0.737285852432251
0.6435132622718811
0.5444181561470032
0.8611801862716675
0.657102108001709
0.028133835643529892
0.27897584438323975
0.568451464176178
0.17557378113269806
0.9332913756370544
0.6830345392227173
0.903958261013031
0.9493774771690369
0.27448904514312744
0.2848222851753235
0.47246989607810974
0.9090449213981628
0.18259675800800323
0.5271583199501038
0.8002285957336426
0.1156306266784668
0.14891885221004486
0.04972841590642929
0.27570340037345886
0.9483333230018616
0.14752967655658722
0.4757828712463379
0.2753435969352722
0.9108790159225464
0.820597231388092
0.862490713596344
0.017991170287132263
0.9650164246559143
0.2942216396331787
0.4702780246734619
0.5936894416809082
0.3630993962287903
0.005824476480484009
0.33820053935050964
0.26507896184921265
0.31686240434646606
0.9746443033218384
0.5092855095863342
0.7923207879066467
0.005694556515663862
0.06875377148389816
0.5097447633743286
0.9043940901756287
0.41131383180618286
0.183655247092247
0.5528945922851562
0.5757902264595032
0.27891993522644043
0.5668310523033142
0.4466667175292969
0.24652259051799774
0.5901296138763428
0.14703130722045898
0.3299560546875
0.5766273140907288
0.22937153279781342
0.5544165372848511
0.9343828558921814
0.6652149558067322
0.2786344289779663
0.7258657813072205
0.05112527310848236
0.2010904997587204
0.6773519515991211
0.413663774728775
0.019680244848132133
0.29672950506210327
0.9863879084587097
0.46055394411087036
0.40956220030784607
0.7586414217948914
0.1540917009115219
0.9624931812286377
0.9654867649078369
0.3870258927345276
0.7125675082206726
0.9669281244277954
0.9467070698738098
0.6690645813941956
0.3975871801376343
0.5433571338653564
0.26461145281791687
0.34421229362487793
0.4496838450431824
0.07354820519685745
0.43165767192840576
0.5437048673629761
0.3380284309387207
0.052367519587278366
0.012118935585021973
0.4100894629955292
0.9767845273017883
0.18058447539806366
0.32388168573379517
0.5308338403701782
0.7324532866477966
0.4318954050540924
0.6412101984024048
0.6535071730613708
0.2067849189043045
0.4838007688522339
0.7489242553710938
0.35076624155044556
0.40751397609710693
0.12324315309524536
0.6900981068611145
0.8586451411247253
0.11411473155021667
0.11268840730190277
0.5936647653579712
0.4390527307987213
0.09413348138332367
0.7113656401634216
0.6423462629318237
0.6572038531303406
0.30308443307876587
0.7439067363739014
0.8814800381660461
0.03535238280892372
0.4896484315395355
0.027879109606146812
0.35380440950393677
0.5989943742752075
0.7610384821891785
0.1959185004234314
0.676128625869751
0.12178613245487213
0.05601660907268524
0.8761762976646423
0.9468073844909668
0.5007874369621277
0.6962872743606567
0.7244817018508911
0.1922476887702942
0.2586658298969269
0.3324947655200958
0.1819760799407959
0.12261367589235306
0.3846302330493927
0.6494812965393066
0.0586308054625988
0.04899170249700546
0.11680369079113007
0.05813587084412575
0.11072157323360443
0.5683162212371826
0.6601817607879639
0.01113375648856163
0.3359023332595825
0.869714617729187
0.0032925650011748075
0.8862055540084839
0.4221321940422058
0.5696669220924377
0.6411533355712891
0.6019667983055115
0.044585540890693665
0.9373142719268799
0.7940893769264221
0.9634062051773071
0.7444775700569153
0.9357154965400696
0.607990026473999
0.007572926580905914
0.7140619158744812
0.9961328506469727
0.3281662166118622
0.6827148795127869
0.8484284281730652
0.4162168502807617
0.17692352831363678
0.275162011384964
0.8521356582641602
0.39728522300720215
0.18819516897201538
0.7045333981513977
0.12805034220218658
0.1997222751379013
0.5812703371047974
0.5802122950553894
0.5606611967086792
0.3780158460140228
0.6644361019134521
0.6931960582733154
0.43178263306617737
0.7236387133598328
0.4141457676887512
0.8903932571411133
0.7216924428939819
0.6769695281982422
0.33726978302001953
0.7821949124336243
0.35470443964004517
0.7233150005340576
0.7788047790527344
0.8776205778121948
0.7060760855674744
0.15242451429367065
0.15936678647994995
0.2114238142967224
0.4020084738731384
0.1262793242931366
0.27246078848838806
0.6120592355728149
0.26516297459602356
0.21484126150608063
0.8323677182197571
0.8164993524551392
0.6670252084732056
0.017503974959254265
0.9278941750526428
0.2384084314107895
0.8926889300346375
0.8472829461097717
0.743251383304596
0.6031924486160278
0.5472068786621094
0.7241002321243286
0.7788224220275879
0.8881496787071228
0.11935804039239883
0.16496451199054718
0.6521568894386292
0.684886634349823
0.19068202376365662
0.4484201669692993
0.33231765031814575
0.9979552030563354
0.8152128458023071
0.17690451443195343
0.06423026323318481
0.7006748914718628
0.6517064571380615
0.05789763107895851
0.12199979275465012
0.9791662693023682
0.09754321724176407
0.7541590929031372
0.4231730103492737
0.3675316274166107
0.007959643378853798
0.6084287166595459
0.1677883267402649
0.9617206454277039
0.5558620095252991
0.16798217594623566
0.18351246416568756
0.9106737971305847
0.8824976086616516
0.13254745304584503
0.4477892220020294
0.5063271522521973
0.7994978427886963
0.6208204030990601
0.27307161688804626
0.6735889315605164
0.8943666815757751
0.34276512265205383
0.6660138964653015
0.024748146533966064
0.3155975639820099
0.5779362916946411
0.04225848987698555
0.7864362001419067
0.04042256623506546
0.8407334685325623
0.6027240753173828
0.1761881411075592
0.39382749795913696
0.9353130459785461
0.913105309009552
0.37223562598228455
0.8128772974014282
0.5274607539176941
0.22599126398563385
0.4772140681743622
0.44500216841697693
0.7608491778373718
0.03944249823689461
0.7373947501182556
0.16074322164058685
0.8489487767219543
0.396563857793808
0.6064764857292175
0.9610969424247742
0.6668997406959534
0.22930696606636047
0.13307562470436096
0.8098351359367371
0.8522226810455322
0.1530403047800064
0.5243055820465088
0.7019104957580566
0.9201678037643433
0.7781862020492554
0.3063289225101471
0.922045111656189
0.7629884481430054
0.17347848415374756
0.029175320640206337
0.17882920801639557
0.4740215241909027
0.3823692202568054
0.550150990486145
0.45432427525520325
0.7137571573257446
0.2778193950653076
0.8375601172447205
0.0534219816327095
0.41510409116744995
0.12254885584115982
0.9074152708053589
0.47745662927627563
0.5830347537994385
0.7935611605644226
0.8526987433433533
0.9558421969413757
0.28843802213668823
0.4819328486919403
0.8505986928939819
0.04887757450342178
0.25557079911231995
0.038031671196222305
0.19277697801589966
0.8338528871536255
0.2942163348197937
0.3959644138813019
0.436739981174469
0.27499547600746155
0.4835941791534424
0.8601189851760864
0.751631498336792
0.8260849714279175
0.018699822947382927
0.04250695928931236
0.3728089928627014
0.6406958103179932
0.8556808233261108
0.682421088218689
0.5462601780891418
0.3908419907093048
0.6676084995269775
0.4144488573074341
0.9948208928108215
0.31569167971611023
0.6442562937736511
0.5145488381385803
0.76065993309021
0.41020825505256653
0.8531311750411987
0.5175580978393555
0.22858232259750366
0.8997066020965576
0.44777417182922363
0.019955558702349663
0.21263784170150757
0.3947499394416809
0.7199181318283081
0.49342745542526245
0.6094467043876648
0.23172546923160553
0.4962506890296936
0.6814305186271667
0.2925795316696167
0.8354209661483765
0.8584650158882141
0.6828196048736572
0.7708989977836609
0.405234694480896
0.42766687273979187
0.7017443180084229
0.4994865357875824
0.5223444104194641
0.5166224241256714
0.9362361431121826
0.9802016615867615
0.706559419631958
0.004649884533137083
0.7672480940818787
0.740127682685852
0.7155381441116333
0.6935886740684509
0.3049353063106537
0.7622078061103821
0.5978788137435913
0.6567746996879578
0.43481501936912537
0.6982397437095642
0.6375015377998352
0.9082062244415283
0.6626191735267639
0.09701211750507355
0.4427349865436554
0.2123459130525589
0.5030975937843323
0.22306492924690247
0.7001625895500183
0.4580506384372711
0.1825343817472458
0.03750818967819214
0.006819403264671564
0.397309809923172
0.19080795347690582
0.14375446736812592
0.8376537561416626
0.8483756184577942
0.4731385409832001
0.11576606333255768
0.998231828212738
0.0030005897860974073
0.6387463808059692
0.4183477461338043
0.33676159381866455
0.2636461555957794
0.4970342218875885
0.5113391280174255
0.4087904393672943
0.7102625370025635
0.3276553452014923
0.08449766784906387
0.687054455280304
0.16222117841243744
0.6315935850143433
0.5204902291297913
0.4709387421607971
0.45880159735679626
0.5438459515571594
0.6454963684082031
0.7360551357269287
0.1817973554134369
0.1241578534245491
0.2269148975610733
0.5211290717124939
0.9423938393592834
0.15776194632053375
0.7928097248077393
0.44553470611572266
0.3406181037425995
0.6081150770187378
0.9891313314437866
0.24198536574840546
0.36043214797973633
0.6222633123397827
0.31279659271240234
0.6640383005142212
0.1705462634563446
0.7689840197563171
0.8437913060188293
0.04069305211305618
0.12614168226718903
0.8960961699485779
0.5680234432220459
0.013083470985293388
0.005545250605791807
0.7249912023544312
0.6909850239753723
0.6652660369873047
0.27369916439056396
0.7771385908126831
0.36237436532974243
0.48516976833343506
0.7418904900550842
0.09822991490364075
0.8196812868118286
0.6749751567840576
0.19890624284744263
0.8202243447303772
0.6932895183563232
0.4407259225845337
0.4562663733959198
0.3545253872871399
0.18875569105148315
0.5274444222450256
0.30576103925704956
0.6004685163497925
0.8402491807937622
0.37941741943359375
0.48833009600639343
0.4397999942302704
0.6979398727416992
0.3277967870235443
0.9428026080131531
0.9184294939041138
0.9019795656204224
0.9801065921783447
0.643618106842041
0.450003057718277
0.23403020203113556
0.06603167951107025
0.41209879517555237
0.08428577333688736
0.1282602846622467
0.0007912351284176111
0.9074710607528687
0.5152537226676941
0.6275250315666199
0.743861973285675
0.22308939695358276
0.7245630025863647
0.07932119816541672
0.4879137873649597
0.3356223404407501
0.8686532974243164
0.970379650592804
0.8533143401145935
0.9494670033454895
0.4000001549720764
0.7520315647125244
0.6649813652038574
0.7308422923088074
0.3356175422668457
0.5031391978263855
0.5646884441375732
0.5514876246452332
0.5762094855308533
0.10722025483846664
0.6790181994438171
0.9873173832893372
0.41229987144470215
0.9542730450630188
0.6376639008522034
0.17621377110481262
0.8715921640396118
0.4311128258705139
0.7520056366920471
0.2406478375196457
0.8621734380722046
0.21468600630760193
0.2597388029098511
0.9193136692047119
0.9094013571739197
0.50175541639328
0.8832412362098694
0.6947596073150635
0.6029529571533203
0.3171297609806061
0.9669169187545776
0.7508349418640137
0.9482351541519165
0.6301092505455017
0.6180272102355957
0.8641417622566223
0.355198472738266
0.12059435993432999
0.6765364408493042
0.9225550889968872
0.9170286655426025
0.22754070162773132
0.7840549349784851
0.21477383375167847
0.5792140364646912
0.08242858946323395
0.7783002853393555
0.28715524077415466
0.012455927208065987
0.8892318606376648
0.950080156326294
0.35844308137893677
0.2169896960258484
0.1038244441151619
0.7594309449195862
0.7079612016677856
0.876154363155365
0.40739908814430237
0.04910551756620407
0.2799481153488159
0.40051913261413574
0.15904468297958374
0.2360672503709793
0.9650149345397949
0.42379674315452576
0.14552107453346252
0.9699243307113647
0.9812632203102112
0.1862310916185379
0.6156320571899414
0.025822363793849945
0.165013387799263
0.13368992507457733
0.6833407878875732
0.24332524836063385
0.6896892189979553
0.9033499956130981
0.7220455408096313
0.35913097858428955
0.31202301383018494
0.4949512183666229
0.16832152009010315
0.3714436888694763
0.988824188709259
0.6974014639854431
0.0720035582780838
0.7987317442893982
0.13866762816905975
0.7175024151802063
0.3170577585697174
0.7355650663375854
0.5972991585731506
0.6153342127799988
0.7318375706672668
0.2958188056945801
0.8824864625930786
0.06048683077096939
0.5367940068244934
0.9778040051460266
0.9917974472045898
0.5282731056213379
0.2387847900390625
0.8043578267097473
0.9893653988838196
0.20104268193244934
0.7334867715835571
0.16059783101081848
0.3703707754611969
0.13458265364170074
0.5109121799468994
0.06911519914865494
0.7681754231452942
0.0718027725815773
0.5243534445762634
0.6811294555664062
0.8830798864364624
0.12716296315193176
0.8120679259300232
0.9015729427337646
0.7888463139533997
0.038945697247982025
0.7049496173858643
0.3990578353404999
0.3414981961250305
0.36157187819480896
0.26748400926589966
0.3032745122909546
0.3363189101219177
0.6414638161659241
0.2596853971481323
0.24211002886295319
0.4461425244808197
0.05319203436374664
0.1263623833656311
0.3652368187904358
0.9505741000175476
0.22228151559829712
0.2272408902645111
0.7951475381851196
0.6157582402229309
0.5323963761329651
0.05660152807831764
0.544549286365509
0.5587518811225891
0.03700261190533638
0.21226947009563446
0.01275606732815504
0.5744625926017761
0.305642306804657
0.9384527206420898
0.005828127730637789
0.7872800827026367
0.9183139204978943
0.6897162795066833
0.729099452495575
0.6829267740249634
0.3783394396305084
0.7444747686386108
0.1375257819890976
0.6353219747543335
0.9228404760360718
0.27809572219848633
0.044180482625961304
0.1299041509628296
0.27987655997276306
0.5292796492576599
0.18886590003967285
0.06084175035357475
0.3581925630569458
0.4567192792892456
0.3278963267803192
0.7402259111404419
0.9736396670341492
0.8471105098724365
0.020921122282743454
0.3891507387161255
0.5254162549972534
0.6922912001609802
0.14529749751091003
0.019095882773399353
0.39462241530418396
0.6144734621047974
0.7745103240013123
0.8020108938217163
0.021451007574796677
0.690106213092804
0.5139703750610352
0.38878515362739563
0.6002464294433594
0.10508952289819717
0.7880692481994629
0.22501538693904877
0.6805838346481323
0.48622503876686096
0.31136834621429443
0.7900283932685852
0.4854677617549896
0.7893276214599609
0.5661975145339966
0.35298579931259155
0.7771897912025452
0.27716928720474243
0.15657570958137512
0.7520571351051331
0.8857797384262085
0.4743846654891968
0.9837880730628967
0.4030825197696686
0.2913711667060852
0.16542948782444
0.029679710045456886
0.0957876592874527
0.13111919164657593
0.11663763970136642
0.4304060935974121
0.9228101968765259
0.46850305795669556
0.2023555189371109
0.7518047094345093
0.10592212527990341
0.3491111099720001
0.5833083391189575
0.4622657597064972
0.9447400569915771
0.3291214108467102
0.2885434627532959
0.2987717092037201
0.8055546283721924
0.8721739649772644
0.6119022369384766
0.9857608079910278
0.5318959355354309
0.035076387226581573
0.37709468603134155
0.6303747892379761
0.6539212465286255
0.92386394739151
0.39142584800720215
0.29623210430145264
0.06507933139801025
0.6160195469856262
0.5006518959999084
0.01650456339120865
0.6129017472267151
0.4711020886898041
0.549683690071106
0.944925844669342
0.4897591173648834
0.42313656210899353
0.6198657751083374
0.14285454154014587
0.312343567609787
0.09418807923793793
0.7014936804771423
0.5408847332000732
0.1302153617143631
0.5892012119293213
0.8794950246810913
0.031769171357154846
0.5277083516120911
0.5337716341018677
0.030514655634760857
0.9626438021659851
0.4581048786640167
0.8800997138023376
0.24933725595474243
0.1478392779827118
0.6097614169120789
0.28552234172821045
0.13572728633880615
0.027405649423599243
0.04439434036612511
0.9904680252075195
0.9367071390151978
0.5621652603149414
0.7157300710678101
0.4607166051864624
0.7869125008583069
0.39385026693344116
0.9949782490730286
0.9653957486152649
0.27148139476776123
0.14916975796222687
0.1628146916627884
0.8738831877708435
0.4991450011730194
0.5869184732437134
0.15073725581169128
0.7841245532035828
0.9669486880302429
0.013396337628364563
0.8966711759567261
0.36067694425582886
0.9179978370666504
0.44605523347854614
0.5357083678245544
0.09133676439523697
0.7842589616775513
0.15347494184970856
0.7686740756034851
0.09522999823093414
0.7981400489807129
0.5674858689308167
0.4800671935081482
0.17554834485054016
0.8866862654685974
0.7324411273002625
0.9921922087669373
0.2755521833896637
0.34033411741256714
0.40040403604507446
0.4841371476650238
0.7168555855751038
0.5204231142997742
0.42448246479034424
0.7009886503219604
0.9945342540740967
0.17378252744674683
0.9386920928955078
0.38152578473091125
0.8171904683113098
0.5507500767707825
0.43266648054122925
0.1882377713918686
0.2924536466598511
0.3389982581138611
0.8731329441070557
0.2854761481285095
0.1036173403263092
0.9831724762916565
0.14560191333293915
0.11034891754388809
0.4340755343437195
0.6190469861030579
0.26294848322868347
0.39716678857803345
0.7940858006477356
0.4048539102077484
0.8138557076454163
0.8417940139770508
0.10820275545120239
0.3546147644519806
0.7812837362289429
0.11450263112783432
0.9505401253700256
0.760977029800415
0.5812128186225891
0.9463788866996765
0.7199128270149231
0.34553050994873047
0.00437339348718524
0.8044919967651367
0.649458646774292
0.20765969157218933
0.4067748486995697
0.7200701236724854
0.40732356905937195
0.49768775701522827
0.18935760855674744
0.4174067974090576
0.6324653625488281
0.5361229181289673
0.2326284945011139
0.12082676589488983
0.299967885017395
0.6169395446777344
0.26043936610221863
0.21886271238327026
0.9810793399810791
0.3396061360836029
0.587908148765564
0.20815078914165497
0.15365026891231537
0.060579005628824234
0.6388379335403442
0.10068599134683609
0.15147946774959564
0.06694218516349792
0.8865395784378052
0.6205863952636719
0.04666563495993614
0.29650595784187317
0.5830760598182678
0.016164680942893028
0.6079481244087219
0.2214074432849884
0.6901757121086121
0.5840966701507568
0.8160784840583801
0.3788357675075531
0.8293308019638062
0.646194577217102
0.15202167630195618
0.7003337144851685
0.33437827229499817
0.9705452919006348
0.004722229205071926
0.21840626001358032
0.7481404542922974
0.48159071803092957
0.15938188135623932
0.0033848185557872057
0.2389088124036789
0.44605302810668945
0.18434640765190125
0.8168904781341553
0.5002809166908264
0.3939526081085205
0.6804792881011963
0.46017107367515564
0.8299766778945923
0.2347942292690277
0.23152004182338715
0.03516557440161705
0.8332231640815735
0.49853774905204773
0.9052949547767639
0.03847513347864151
0.11061494052410126
0.3085983693599701
0.9491220116615295
0.05865366384387016
0.9535465240478516
0.5630746483802795
0.6252961754798889
0.2959566116333008
0.7244776487350464
0.47621437907218933
0.6235300302505493
0.5913007855415344
0.3968159258365631
0.03459828719496727
0.7499824166297913
0.3477761447429657
0.8341646790504456
0.19167585670948029
0.7869365811347961
0.11127294600009918
0.32566505670547485
0.05871598795056343
0.8331672549247742
0.8962279558181763
0.6163135170936584
0.22325214743614197
0.6790732145309448
0.6090713143348694
0.3034517765045166
0.8150812983512878
0.6422243118286133
0.3134247064590454
0.4626660943031311
0.010838337242603302
0.31206637620925903
0.8451858162879944
0.31425607204437256
0.7976688146591187
0.1486065834760666
0.7993036508560181
0.07884114980697632
0.9135048389434814
0.2385246902704239
0.433727890253067
0.8295500874519348
0.9557868242263794
0.3981724977493286
0.1354178935289383
0.3346761167049408
0.3073362112045288
0.22406241297721863
0.3182916045188904
0.06783580780029297
0.6416352391242981
0.3463253378868103
0.8116761445999146
0.22050100564956665
0.9402028322219849
0.5969334840774536
0.24904225766658783
0.8301554322242737
0.3172963857650757
0.8721632957458496
0.022300781682133675
0.8572379946708679
0.6434752345085144
0.791455090045929
0.2612571716308594
0.1764882504940033
0.4397738575935364
0.5816907286643982
0.5875281095504761
0.8448723554611206
0.06274185329675674
0.9620528221130371
0.2361723780632019
0.9175881743431091
0.0840383768081665
0.5404424667358398
0.04940027371048927
0.8860710859298706
0.6049078106880188
0.5272736549377441
0.16949999332427979
0.7379632592201233
0.0031573199667036533
0.5616669058799744
0.9115073680877686
0.35751184821128845
0.7910959720611572
0.43775632977485657
0.3532041311264038
0.6359431743621826
0.4215765595436096
0.047928787767887115
0.7522614598274231
0.04864143952727318
0.29185640811920166
0.30885979533195496
0.433554083108902
0.14967909455299377
0.5416773557662964
0.10141590982675552
0.8532988429069519
0.07896311581134796
0.8872484564781189
0.7272667288780212
0.7570500373840332
0.8044888377189636
0.2165626436471939
0.7086874842643738
0.8167440295219421
0.3299582004547119
0.14879193902015686
0.6618590354919434
0.1737767457962036
0.8019594550132751
0.5738964080810547
0.44209054112434387
0.26149362325668335
0.41196775436401367
0.45346298813819885
0.3786754310131073
0.21336592733860016
0.6803632974624634
0.6867566704750061
0.067018061876297
0.4671487510204315
0.7438018321990967
0.22946719825267792
0.6781687140464783
0.2468743771314621
0.7804978489875793
0.057681359350681305
0.7370511293411255
0.7427428364753723
0.784875750541687
0.48393693566322327
0.202296644449234
0.856118381023407
0.8047799468040466
0.5137252807617188
0.9244171977043152
0.8477847576141357
0.4305367171764374
0.2979685664176941
0.35703280568122864
0.26763033866882324
0.7446995973587036
0.2974250614643097
0.32691437005996704
0.8051274418830872
0.5460115671157837
0.05743062123656273
0.5967738628387451
0.4042631983757019
0.30095458030700684
0.01582191325724125
0.11578347533941269
0.5044026374816895
0.45137161016464233
0.6093523502349854
0.9608246684074402
0.22975285351276398
0.44166597723960876
0.3630198538303375
0.4006868004798889
0.8156934976577759
0.7227127552032471
0.9604604840278625
0.024232495576143265
0.21518830955028534
0.7405485510826111
0.12451808154582977
0.018049092963337898
0.47836989164352417
0.5924820303916931
0.11318487673997879
0.08624885231256485
0.9963893890380859
0.3965473771095276
0.6737284660339355
0.7845340371131897
0.3898578882217407
0.9538801908493042
0.04973389953374863
0.3361646234989166
0.7116857171058655
0.2022845298051834
0.9159039258956909
0.6215028762817383
0.18481092154979706
0.15058371424674988
0.2907388210296631
0.7722851634025574
0.891909658908844
0.6806760430335999
0.18400408327579498
0.8297991752624512
0.37067893147468567
0.663950502872467
0.780040979385376
0.27943000197410583
0.13737605512142181
0.632943868637085
0.3954448997974396
0.6303366422653198
0.920310914516449
0.05771946534514427
0.17975004017353058
0.30187878012657166
0.1598069667816162
0.1844131052494049
0.8485392928123474
0.5425077080726624
0.9311782121658325
0.006436603609472513
0.9081904888153076
0.9075609445571899
0.7205764055252075
0.1629558801651001
0.6462948322296143
0.8689306378364563
0.8457414507865906
0.7433721423149109
0.1346195489168167
0.021971063688397408
0.8335084319114685
0.8751006126403809
0.9559143781661987
0.3471134305000305
0.9689304232597351
0.14695847034454346
0.2572002112865448
0.3187136650085449
0.6483484506607056
0.12641437351703644
0.8093171119689941
0.7235715389251709
0.06481999158859253
0.7511547207832336
0.3120555281639099
0.99204021692276
0.9823220372200012
0.7628206014633179
0.7308836579322815
0.08216271549463272
0.9140474200248718
0.7795560359954834
0.19973590970039368
0.7849372625350952
0.8981332182884216
0.020801004022359848
0.04898841679096222
0.5919852256774902
0.9857252240180969
0.41027048230171204
0.06600502133369446
0.4413003921508789
0.44102293252944946
0.20976267755031586
0.46925294399261475
0.8102714419364929
0.46916133165359497
0.7469467520713806
0.7542180418968201
0.559485673904419
0.03701149672269821
0.16074535250663757
0.7013276219367981
0.050451066344976425
0.047340575605630875
0.6824718713760376
0.38976186513900757
0.5757755041122437
0.20905739068984985
0.2839694023132324
0.9597125053405762
0.2580743432044983
0.6664931774139404
0.4330328702926636
0.5029863119125366
0.3313905596733093
0.7745542526245117
0.7874671220779419
0.9506725668907166
0.30085697770118713
0.4853062629699707
0.670551598072052
0.5393429398536682
0.9013463854789734
0.844139575958252
0.49524399638175964
0.08195537328720093
0.24036408960819244
0.878646194934845
0.7275189161300659
0.5616678595542908
0.8029705286026001
0.5417737364768982
0.4392397105693817
0.7405825257301331
0.6843344569206238
0.451703816652298
0.24933265149593353
0.798801839351654
0.6520317792892456
0.15074534714221954
0.36164313554763794
0.8145226240158081
0.2024221122264862
0.17472146451473236
0.5651537775993347
0.3225135803222656
0.1692921668291092
0.06356951594352722
0.935541570186615
0.48634564876556396
0.8082147240638733
0.21912525594234467
0.5685206055641174
0.24836234748363495
0.10676630586385727
0.8972314596176147
0.2565124034881592
0.03206402435898781
0.6834337115287781
