512 2
0
105
264
1
313
484
2
243
259
3
236
471
4
344
405
5
8
325
6
178
214
7
172
204
8
91
253
9
26
289
10
133
304
11
160
320
12
75
80
13
290
423
14
133
434
15
47
200
16
110
111
17
43
159
18
54
204
19
184
461
20
143
324
21
315
452
22
417
461
23
300
366
24
167
461
1
25
472
26
420
455
27
415
463
28
262
384
29
257
476
30
74
196
31
146
426
32
104
454
33
336
398
34
45
60
35
241
482
36
120
362
37
220
376
38
202
492
31
39
45
40
282
382
41
208
334
42
182
228
43
69
416
44
409
435
45
252
479
46
257
373
47
302
325
48
218
442
21
42
49
50
101
458
51
112
212
7
52
144
53
169
209
54
363
368
55
74
164
56
130
144
2
57
356
58
393
445
59
73
78
60
407
481
61
299
456
44
62
199
63
275
452
64
204
327
65
100
269
66
177
206
33
51
67
68
406
466
69
395
401
70
326
427
71
108
165
21
72
346
17
73
274
16
74
212
75
154
481
76
305
437
77
196
407
8
78
299
79
113
250
80
115
359
81
408
411
82
197
236
83
341
488
84
462
509
85
194
265
86
184
323
87
223
293
88
163
226
89
204
333
90
134
148
91
112
242
46
68
92
93
241
499
94
330
481
95
125
414
96
256
510
97
307
473
21
88
98
38
95
99
100
309
504
101
207
282
84
102
134
33
103
405
104
170
188
32
105
324
22
61
106
107
222
348
108
431
461
109
159
176
110
302
460
111
264
279
53
112
213
113
259
395
114
223
238
115
461
474
116
175
258
12
117
264
118
140
321
119
267
403
120
357
377
86
121
388
39
122
277
123
427
465
41
124
196
125
214
363
92
126
365
127
147
395
21
128
324
129
411
477
57
130
294
81
131
327
132
329
338
61
133
262
134
150
467
132
135
401
136
177
333
137
348
390
129
138
450
139
190
294
140
163
381
141
265
283
142
290
448
135
143
480
74
144
301
145
376
387
40
146
395
82
147
180
127
148
475
26
149
216
77
150
229
151
423
435
106
152
219
59
153
263
11
154
440
155
349
437
147
156
274
157
273
483
143
158
309
159
220
469
160
227
260
159
161
428
162
171
247
163
283
298
164
264
401
165
191
406
14
152
166
44
154
167
168
183
415
16
118
169
170
202
442
171
406
505
172
175
430
173
269
291
174
270
302
150
175
374
133
176
496
45
177
392
178
222
258
134
179
478
63
180
411
174
181
437
103
182
487
183
296
372
184
370
426
162
185
465
13
29
186
67
187
278
59
188
460
29
80
189
147
157
190
191
206
467
182
192
343
193
302
413
92
194
226
156
158
195
50
196
427
197
243
445
187
198
287
199
208
422
146
200
334
201
220
419
122
202
483
7
41
203
149
204
486
83
205
252
29
35
206
207
377
409
96
208
482
209
281
309
210
245
459
211
409
488
74
212
331
62
213
323
38
214
438
17
95
215
216
414
466
59
217
331
42
218
427
110
219
439
113
220
502
139
221
295
222
364
376
132
223
472
6
224
380
19
169
225
70
226
419
43
227
435
160
198
228
14
66
229
31
91
230
77
231
432
135
146
232
233
248
390
234
333
430
11
235
403
212
236
243
237
347
408
238
413
454
155
239
329
49
240
382
241
325
415
161
242
254
61
243
420
244
285
484
60
170
245
1
43
246
40
247
491
44
248
304
194
249
273
69
145
250
190
251
511
252
376
500
253
395
484
100
254
419
63
255
272
160
256
377
177
257
299
29
76
258
21
168
259
131
260
459
195
261
471
141
262
297
95
144
263
226
264
400
257
265
285
9
112
266
129
267
333
118
268
363
48
74
269
270
414
508
67
271
302
82
272
384
273
290
440
14
60
274
169
275
473
215
276
298
199
277
423
153
210
278
121
279
354
36
280
475
281
340
470
63
107
282
254
283
357
109
153
284
182
285
392
105
168
286
82
287
510
26
97
288
289
475
502
82
200
290
247
291
351
177
292
315
81
293
421
90
294
511
104
268
295
85
296
429
97
152
297
21
298
488
225
264
299
208
300
372
183
301
471
57
234
302
0
303
317
34
304
390
16
243
305
266
306
422
307
462
476
183
285
308
85
309
352
310
403
497
311
337
445
87
243
312
278
313
497
124
208
314
244
298
315
6
316
412
306
317
405
31
266
318
93
319
373
225
283
320
176
321
505
18
71
322
2
323
453
91
324
427
51
239
325
6
313
326
327
356
503
174
243
328
110
329
506
234
330
379
37
331
410
67
332
414
78
294
333
211
334
474
299
335
412
328
336
496
306
337
359
123
191
338
23
312
339
340
365
431
181
200
341
107
327
342
343
489
507
188
194
344
65
345
402
128
183
346
160
347
441
107
163
348
270
349
381
6
61
350
56
351
361
58
164
352
292
353
489
52
354
368
355
400
423
224
339
356
2
162
357
357
358
508
255
359
406
51
156
360
50
125
361
333
362
493
197
363
425
169
188
364
58
365
426
245
323
366
125
363
367
127
368
406
178
334
369
318
370
406
42
142
371
16
372
471
373
383
478
374
412
442
36
312
375
376
390
415
206
377
423
22
31
378
379
464
471
15
139
380
69
319
381
220
330
382
369
383
466
47
329
384
56
263
385
136
386
486
210
358
387
12
84
388
137
187
389
204
390
458
365
391
407
161
282
392
301
345
393
185
230
394
167
395
434
26
396
511
167
397
399
11
265
398
123
261
399
228
279
400
42
401
503
76
104
402
180
386
403
8
142
404
71
325
405
244
291
406
120
247
407
6
7
408
409
432
451
132
158
410
154
205
411
152
407
412
36
124
413
240
305
414
19
415
490
27
416
450
72
316
417
137
418
440
224
347
419
126
234
420
126
421
483
284
293
422
230
356
423
57
318
424
117
425
477
322
426
481
240
275
427
168
345
428
146
429
477
143
430
453
400
431
476
67
361
432
16
386
433
196
208
434
88
373
435
240
250
436
107
399
437
95
438
452
74
354
439
112
440
484
441
445
468
104
442
462
112
409
443
173
444
498
152
317
445
298
306
446
61
155
447
15
367
448
294
449
474
129
374
450
48
451
469
104
370
452
34
79
453
188
283
454
130
331
455
38
140
456
169
384
457
395
458
477
148
420
459
30
83
460
25
49
461
192
350
462
323
463
474
261
323
464
74
184
465
466
491
498
28
110
467
150
468
489
35
198
469
30
470
510
6
27
471
59
346
472
399
473
509
157
383
474
271
275
475
3
190
476
382
477
479
456
478
480
4
316
479
94
289
480
9
285
481
108
482
496
290
483
489
116
484
504
356
410
485
210
322
486
222
374
487
149
294
488
147
441
489
337
354
490
146
322
491
24
203
492
287
333
493
274
454
494
249
452
495
74
302
496
267
342
497
130
179
498
192
403
499
440
477
500
235
470
501
178
499
502
161
185
503
136
343
504
5
138
505
209
320
506
139
418
507
24
242
508
122
326
509
90
255
510
46
262
511
0.8382768630981445
0.09735669940710068
0.645066499710083
0.598598062992096
0.4899824559688568
0.2728164792060852
0.258935809135437
0.8943607807159424
0.8156075477600098
0.648165225982666
0.7035307884216309
0.472421258687973
0.16444163024425507
0.15860985219478607
0.9185144901275635
0.759045422077179
0.3883914649486542
0.9152789115905762
0.9785077571868896
0.8242934346199036
0.3855745494365692
0.30903729796409607
0.053874123841524124
0.09819196164608002
0.5328988432884216
0.5275783538818359
0.3218449354171753
0.8459805250167847
0.5504401922225952
0.06538378447294235
0.7385556101799011
0.21527770161628723
0.6887048482894897
0.36315450072288513
0.48057448863983154
0.8437320590019226
0.6427091360092163
0.049745526164770126
0.7027286291122437
0.20079736411571503
0.2311515361070633
0.12375917285680771
0.5552705526351929
0.6450852751731873
0.6806709170341492
0.9503511190414429
0.5186930894851685
0.2996393144130707
0.4539104402065277
0.15161840617656708
0.0458335243165493
0.38802939653396606
0.9064564108848572
0.09352052211761475
0.5304608345031738
0.5401367545127869
0.6133810877799988
0.46335676312446594
0.3308006823062897
0.11174114793539047
0.6048380136489868
0.9968177676200867
0.6659737825393677
0.18565557897090912
0.2184222787618637
0.8999431133270264
0.10121610760688782
0.903616726398468
0.12124037742614746
0.060301490128040314
0.3661021888256073
0.4020136892795563
0.37827056646347046
0.3694861829280853
0.1375391185283661
0.6840940117835999
0.6175389885902405
0.0874488428235054
0.8578360676765442
0.16593338549137115
0.37730729579925537
0.11264032125473022
0.8528851270675659
0.6394796371459961
0.3698890209197998
0.5710850358009338
0.1372031569480896
0.726485013961792
0.6576183438301086
0.6496147513389587
0.09241248667240143
0.04725514352321625
0.04382818192243576
0.08065208792686462
0.688501238822937
0.25665050745010376
0.4855569899082184
0.3686194121837616
0.21389830112457275
0.5590900182723999
0.5416054129600525
0.5461239218711853
0.8371686339378357
0.55622798204422
0.3677307367324829
0.14953120052814484
0.3767814636230469
0.08297642320394516
0.7002499103546143
0.9973676800727844
0.5806698203086853
0.2820295989513397
0.4034323990345001
0.5974173545837402
0.566349983215332
0.7671802043914795
0.9946982860565186
0.32783764600753784
0.26926636695861816
0.30131131410598755
0.7539815902709961
0.9420523643493652
0.8118641972541809
0.4515601694583893
0.7719656229019165
0.06486073136329651
0.231960266828537
0.5892432928085327
0.8160531520843506
0.6663905382156372
0.28025901317596436
0.1679118275642395
0.627946674823761
0.2884506285190582
0.46409422159194946
0.16720400750637054
0.23118676245212555
0.34421852231025696
0.016498882323503494
0.8629766702651978
0.4298112094402313
0.5359429121017456
0.16880521178245544
0.9722963571548462
0.4990057647228241
0.949957013130188
0.24392069876194
0.8024156093597412
0.37014904618263245
0.46478158235549927
0.05004707723855972
0.8751106262207031
0.6007000803947449
0.9017905592918396
0.11760365962982178
0.014771712943911552
0.09791043400764465
0.6466542482376099
0.29799261689186096
0.8338395953178406
0.19408652186393738
0.9524250626564026
0.6215135455131531
0.6859733462333679
0.7737808227539062
0.5193113684654236
0.6998111009597778
0.5581314563751221
0.5744607448577881
0.6680712699890137
0.9136322736740112
0.017680807039141655
0.7116180658340454
0.8472607731819153
0.031363531947135925
0.9613707065582275
0.3450669050216675
0.4000181257724762
0.3244360387325287
0.014791456051170826
0.48216426372528076
0.8851523995399475
0.6095408797264099
0.2022707611322403
0.12771034240722656
0.4863129258155823
0.7939353585243225
0.6841627955436707
0.8622681498527527
0.13233444094657898
0.9116241931915283
0.17511002719402313
0.2122073769569397
0.23223283886909485
0.09524180740118027
0.2496783584356308
0.11663779616355896
0.40056711435317993
0.34162798523902893
0.3806734085083008
0.41350483894348145
0.9119151830673218
0.941036581993103
0.6937110424041748
0.32020270824432373
0.05851499363780022
0.8873059153556824
0.0822153240442276
0.4994927942752838
0.44418373703956604
0.9855926632881165
0.4955861270427704
0.24815325438976288
0.9430134296417236
0.9198992848396301
0.7419828176498413
0.1730811595916748
0.3172569274902344
0.3715161085128784
0.166424959897995
0.010475067421793938
0.1880154013633728
0.15056437253952026
0.12207324802875519
0.9399958848953247
0.21376456320285797
0.40663158893585205
0.5187727212905884
0.7472668886184692
0.39001157879829407
0.18134267628192902
0.7191147804260254
0.7044280171394348
0.5939260721206665
0.7565837502479553
0.9390747547149658
0.08645913004875183
0.28464236855506897
0.6676145195960999
0.4441794455051422
0.6295984387397766
0.5962563753128052
0.41014087200164795
0.38457897305488586
0.05718148872256279
0.7239469885826111
0.7515614032745361
0.488425076007843
0.8542485237121582
0.2840460538864136
0.4155765473842621
0.9278261065483093
0.22980418801307678
0.9050421714782715
0.12897004187107086
0.5419970750808716
0.8291035890579224
0.8776547312736511
0.7325032949447632
0.8488447070121765
0.378675639629364
0.05593569576740265
0.583150327205658
0.054187919944524765
0.8162129521369934
0.778007447719574
0.3597976267337799
0.3720511496067047
0.2720586359500885
0.8429849743843079
0.22897009551525116
0.888943076133728
0.611634373664856
0.7648021578788757
0.5917942523956299
0.2291865199804306
0.8040015697479248
0.7943335771560669
0.5345563292503357
0.8777605891227722
0.23041005432605743
0.33194419741630554
0.8981037735939026
0.9056969881057739
0.7506887912750244
0.1865922063589096
0.32633906602859497
0.9622948169708252
0.6584491729736328
0.8307909965515137
0.4023887515068054
0.5168708562850952
0.271403431892395
0.14756084978580475
0.6746325492858887
0.7931498289108276
0.9654805064201355
0.9736571907997131
0.5554632544517517
0.42973625659942627
0.5613574981689453
0.21019329130649567
0.6236143112182617
0.7335537672042847
0.7925059199333191
0.7439985275268555
0.24285057187080383
0.9950612783432007
0.015598243102431297
0.08976463973522186
0.5560085773468018
0.9137723445892334
0.7970531582832336
0.05038444697856903
0.06153644248843193
0.7342033386230469
0.6942387223243713
0.1808558702468872
0.7782394886016846
0.9389951825141907
0.29301419854164124
0.6160638928413391
0.6465337872505188
0.6298952698707581
0.6000739336013794
0.5702489614486694
0.04646386206150055
0.5605983734130859
0.4948437809944153
0.7898454666137695
0.6463063359260559
0.5541297197341919
0.1124054342508316
0.39722850918769836
0.3157898187637329
0.4352615177631378
0.2872250974178314
0.005676439963281155
0.3286806643009186
0.05353093519806862
0.6915284395217896
0.08767548948526382
0.6312451958656311
0.6432227492332458
0.14207561314105988
0.38889163732528687
0.1807696670293808
0.8119529485702515
0.832638144493103
0.1824634075164795
0.12536653876304626
0.4852912127971649
0.1962733119726181
0.4474601447582245
0.856676459312439
0.33568134903907776
0.27686604857444763
0.07355312258005142
0.18253900110721588
0.45560896396636963
0.9879388213157654
0.8127656579017639
0.7234956622123718
0.430282324552536
0.8675768971443176
0.9836062788963318
0.23324820399284363
0.6342080235481262
0.9598402976989746
0.30738094449043274
0.40070489048957825
0.788543701171875
0.21633891761302948
0.0713508352637291
0.5990787148475647
0.13082119822502136
0.5607558488845825
0.33869469165802
0.6805608868598938
0.44874584674835205
0.6755996346473694
0.9863667488098145
0.7261038422584534
0.5678186416625977
0.973940372467041
0.2643969655036926
0.8817147016525269
0.2318088263273239
0.7278093099594116
0.7139144539833069
0.20265436172485352
0.9133144021034241
0.1815893054008484
0.1634119749069214
0.38789060711860657
0.19192588329315186
0.5900560021400452
0.08679477870464325
0.5695382356643677
0.49686509370803833
0.4519887864589691
0.2989092767238617
0.7916422486305237
0.5233684182167053
0.27939850091934204
0.8979056477546692
0.714062511920929
0.8400633931159973
0.6285759210586548
0.9757129549980164
0.40122753381729126
0.9269118309020996
0.13064515590667725
0.09631326049566269
0.7253772616386414
0.42608901858329773
0.7797740697860718
0.9632105231285095
0.41305315494537354
0.29376596212387085
0.4992672801017761
0.9463787078857422
0.7652068734169006
0.5499585866928101
0.0328618623316288
0.757583498954773
0.8339312076568604
0.9710578918457031
0.010174255818128586
0.83243328332901
0.7383694648742676
0.6830193400382996
0.29510897397994995
0.053312964737415314
0.2407251000404358
0.9661063551902771
0.2854503095149994
0.2811885476112366
0.5735942721366882
0.044532764703035355
0.28423741459846497
0.3785563111305237
0.2607780694961548
0.39440199732780457
0.5143792033195496
0.770136833190918
0.6990134119987488
0.8823506832122803
0.21191897988319397
0.13042496144771576
0.7360419034957886
0.6855973601341248
0.13089239597320557
0.9480429887771606
0.4960103929042816
0.192923441529274
0.12717345356941223
0.11929251998662949
0.8090779781341553
0.6702225208282471
0.40792393684387207
0.7761749625205994
0.3448019027709961
0.8038902878761292
0.9202896356582642
0.43191227316856384
0.5622262954711914
0.6652625799179077
0.5790562033653259
0.6392920017242432
0.03663613647222519
0.22080901265144348
0.6907810568809509
0.47817134857177734
0.15923720598220825
0.5798982977867126
0.8151273727416992
0.24670635163784027
0.24583417177200317
0.5298169851303101
0.294251024723053
0.7513200640678406
0.28376296162605286
0.3716943860054016
0.49993354082107544
0.6352147459983826
0.641477108001709
0.5297687649726868
0.9225061535835266
0.7783811688423157
0.034245237708091736
0.33508121967315674
0.35176515579223633
0.2228100746870041
0.2071002870798111
0.15615011751651764
0.06847759336233139
0.9475567936897278
0.6291160583496094
0.2100423276424408
0.647109866142273
0.16790512204170227
0.4970494508743286
0.21924759447574615
0.5061158537864685
0.9872220158576965
0.6141951084136963
0.4425239861011505
0.08652279525995255
0.49601060152053833
0.3734852969646454
0.1899578720331192
0.5535856485366821
0.34217336773872375
0.29741859436035156
0.5523577332496643
0.44455331563949585
0.7578659653663635
0.49972978234291077
0.4314485490322113
0.9070613384246826
0.29524537920951843
0.5423213243484497
0.013800992630422115
0.9613128900527954
0.04864971339702606
0.13308028876781464
0.5872153639793396
0.31805655360221863
0.93455970287323
0.6536208987236023
0.06153038144111633
0.6157935857772827
0.16440080106258392
0.5343652963638306
0.9533605575561523
0.38347023725509644
0.00590725801885128
0.8008931279182434
0.913049042224884
0.23256544768810272
0.08228496462106705
0.21978460252285004
0.4274744689464569
0.7338943481445312
0.5923160910606384
0.36072561144828796
0.1668136566877365
0.07514084875583649
0.934339165687561
0.70414799451828
0.5276844501495361
0.09834030270576477
0.5373026132583618
0.449841171503067
0.7276806831359863
0.9898505210876465
0.19396266341209412
0.30676335096359253
0.09947600215673447
0.9201255440711975
0.9498023986816406
0.7591482400894165
0.6441863775253296
0.7258651852607727
0.6591672897338867
0.9114139676094055
0.13410106301307678
0.14944879710674286
0.8744401335716248
0.6239174008369446
0.24427823722362518
0.2008017599582672
0.7668287754058838
0.03701112046837807
0.16587214171886444
0.9727381467819214
0.5676121711730957
0.4807138741016388
0.24840489029884338
0.95380699634552
0.2834271490573883
0.14784567058086395
0.4212226867675781
0.6094051599502563
0.10552399605512619
0.1463991105556488
0.6254899501800537
0.009167763404548168
0.7053114771842957
0.8773756623268127
0.8256604075431824
0.7320231199264526
0.5373344421386719
0.7841138243675232
0.3205435574054718
0.17485640943050385
0.13621185719966888
0.05079379305243492
0.5614112019538879
0.8850633502006531
0.797319233417511
0.44297805428504944
0.7210454344749451
0.0020795855671167374
0.5601140856742859
0.8841075897216797
0.07124586403369904
0.3440835773944855
0.6624162793159485
0.873466432094574
0.24246671795845032
0.7035524845123291
0.10026541352272034
0.24465987086296082
0.9250344038009644
0.0788545086979866
0.40140441060066223
0.36026448011398315
0.5398373603820801
0.7373914122581482
0.06553809344768524
0.32288673520088196
0.3958558738231659
0.17675873637199402
0.7389740943908691
0.8920455574989319
0.9972394108772278
0.12546047568321228
0.381156325340271
0.8038762211799622
0.6932932138442993
0.39395493268966675
0.10393983125686646
0.4161742329597473
0.4447121322154999
0.5821198225021362
0.5080863833427429
0.4712516963481903
0.7865800857543945
0.16278773546218872
0.7612605094909668
0.6967439651489258
0.35602137446403503
0.27019578218460083
0.7608369588851929
0.1886582374572754
0.5750539898872375
0.20146876573562622
0.3350176513195038
0.7259112596511841
0.1888284832239151
0.2370530217885971
0.6401210427284241
0.9087814688682556
0.6593446731567383
0.17886458337306976
0.9403980374336243
0.504098653793335
0.6013428568840027
0.9051586985588074
0.9143272042274475
0.2978173792362213
0.9284425377845764
0.5472729206085205
0.9523417353630066
0.5893189311027527
0.9692639112472534
0.9316452741622925
0.005289454944431782
0.8535661101341248
0.21597349643707275
0.10826729983091354
0.523423969745636
0.8467118144035339
0.22961096465587616
0.44904932379722595
0.5746778249740601
0.7290689945220947
0.854861319065094
0.5126697421073914
0.33189424872398376
0.5449609160423279
0.7912027835845947
0.3251202404499054
0.6763994097709656
0.19447267055511475
0.8515623211860657
0.7723903059959412
0.2385200411081314
0.27946019172668457
0.8209210634231567
0.5941038131713867
0.37851738929748535
0.9236064553260803
0.19648157060146332
0.10904112458229065
0.23194873332977295
0.03378521278500557
0.9548498392105103
0.34971609711647034
0.5763593912124634
0.40032124519348145
0.8407561779022217
0.6134378910064697
0.8093812465667725
0.6474575996398926
0.41706758737564087
0.2172277569770813
0.46482041478157043
0.6232845783233643
0.040908634662628174
0.9886910319328308
0.7023937106132507
0.8614486455917358
0.6271553039550781
0.6036108732223511
0.9550877809524536
0.804818868637085
0.4478541612625122
0.19722971320152283
0.4664077162742615
0.4847908318042755
0.7542846202850342
0.03714936971664429
0.9296560883522034
0.6378445625305176
0.6530968546867371
0.5885785818099976
0.9929763674736023
0.7895020246505737
0.38263440132141113
0.006504051387310028
0.2156878560781479
0.29781481623649597
0.43723583221435547
0.5219486355781555
0.9004024267196655
0.7909819483757019
0.9457674026489258
0.5715081691741943
0.8666990995407104
0.8585979342460632
0.07644382864236832
0.2982632517814636
0.7581377029418945
0.3561556339263916
0.6818826794624329
0.13493914902210236
0.05211871489882469
0.6659899950027466
0.7835712432861328
0.7903459072113037
0.3201786279678345
0.392139732837677
0.26445332169532776
0.5671588778495789
0.19204500317573547
0.543578565120697
0.2497779130935669
0.8947528004646301
0.03729593753814697
0.20532619953155518
0.606041669845581
0.6987965703010559
0.8120118975639343
0.1182846650481224
0.08261670917272568
0.681063711643219
0.8684780597686768
0.7106090188026428
0.41078242659568787
0.5084055066108704
0.662264883518219
0.6057256460189819
0.004143547732383013
0.1128954216837883
0.9385185241699219
0.5190294981002808
0.9247694611549377
0.8414415121078491
0.38669371604919434
0.008156628347933292
0.5122048854827881
0.5757257342338562
0.1405271291732788
0.8472268581390381
0.32931581139564514
0.1768368035554886
0.7126849889755249
0.48343709111213684
0.21323345601558685
0.19013439118862152
0.41218334436416626
0.3778780698776245
0.6480029225349426
0.7549082636833191
0.6919938325881958
0.940256655216217
0.4562203884124756
0.3079967498779297
0.47184598445892334
0.013050472363829613
0.4471900165081024
0.027472231537103653
0.9480903148651123
0.8827495574951172
0.0831165611743927
0.8283799290657043
0.12985922396183014
0.015545732341706753
0.20739971101284027
0.15624777972698212
0.5480696558952332
0.7339978218078613
0.488195538520813
0.409040242433548
0.005068985745310783
0.3968653976917267
0.026744069531559944
0.8374148011207581
0.6828415393829346
0.9864287972450256
0.02204718254506588
0.6631291508674622
0.26251021027565
0.2582038938999176
0.8590950965881348
0.5645965337753296
0.38903069496154785
0.8940073847770691
0.03346111997961998
0.6855299472808838
0.5245717763900757
0.7091596126556396
0.2741101086139679
0.10083848237991333
0.7208998203277588
0.22834345698356628
0.032727621495723724
0.8435245752334595
0.8111841082572937
0.8181358575820923
0.11770565807819366
0.04422716796398163
0.20997339487075806
0.9847894906997681
0.8603655695915222
0.8775564432144165
0.21426676213741302
0.10556656867265701
0.720455527305603
0.0446748323738575
0.12585583329200745
0.2455519437789917
0.46070656180381775
0.8685977458953857
0.415044903755188
0.7525980472564697
0.8873644471168518
0.03238769620656967
0.6132057309150696
0.8895362615585327
0.2014741599559784
0.021635588258504868
0.7582712769508362
0.26081734895706177
0.05649459362030029
0.6774354577064514
0.6904088854789734
0.2773106098175049
0.5076221227645874
0.9803491234779358
0.5625531077384949
0.23843689262866974
0.32205453515052795
0.7593284249305725
0.5483949780464172
0.1898181289434433
0.037961430847644806
0.5211995244026184
0.693070650100708
0.33164533972740173
0.7458450198173523
0.9925106167793274
0.2795487940311432
0.3291368782520294
0.5552917718887329
0.7882025837898254
0.11413731426000595
0.6383327841758728
0.05133749172091484
0.06683094054460526
0.0474146343767643
0.5298445820808411
0.09900293499231339
0.5351538062095642
0.9137086868286133
0.7164619565010071
0.9784702658653259
0.7829650640487671
0.21400389075279236
0.7497440576553345
0.8749748468399048
0.7258177995681763
0.5059467554092407
0.8593894243240356
0.3541482985019684
0.6158187985420227
0.9763038754463196
0.5568650960922241
0.34146735072135925
0.5566601157188416
0.3231050670146942
0.26933643221855164
0.15898701548576355
0.35914289951324463
0.7714805603027344
0.33439090847969055
0.7804429531097412
0.5195659399032593
0.7144669890403748
0.946857213973999
0.6554040312767029
0.03909076377749443
0.28223738074302673
0.5071379542350769
0.6668999195098877
0.9681598544120789
0.8065637946128845
0.802791178226471
0.758104681968689
0.4536978006362915
0.18024738132953644
0.3360183835029602
0.012138184159994125
0.7032462358474731
0.43581148982048035
0.16329696774482727
0.8839887380599976
0.6194081902503967
0.4193328022956848
0.6526613831520081
0.2873275578022003
0.11974664777517319
0.7054856419563293
0.21615193784236908
0.8749597668647766
0.09377767145633698
0.18682728707790375
0.39463716745376587
0.1972525417804718
0.2989630699157715
0.09866493940353394
0.7459099888801575
0.8458501696586609
0.5898156762123108
0.16237008571624756
0.7323734760284424
0.12490017712116241
0.19245587289333344
0.8569594621658325
0.5477695465087891
0.10112719982862473
0.9262455701828003
0.8738049268722534
0.528835117816925
0.5002038478851318
0.26807931065559387
0.581694483757019
0.6448544263839722
0.700345516204834
0.1023096963763237
0.11722882837057114
0.2542026937007904
0.0692865327000618
0.7234888672828674
0.9511261582374573
0.800843358039856
0.14770221710205078
0.9297396540641785
0.4855571687221527
0.6877837777137756
0.7834832072257996
0.12781904637813568
0.15936189889907837
0.5382753610610962
0.8478752970695496
0.435553640127182
0.5530471205711365
0.23749327659606934
0.1957581639289856
0.8122101426124573
0.07355392724275589
0.4423362910747528
0.8095334768295288
0.38402512669563293
0.23004335165023804
0.43795567750930786
0.2677726745605469
0.653488278388977
0.7842073440551758
0.027315065264701843
0.03131948411464691
0.46183687448501587
0.5645155310630798
0.8710982799530029
0.8072830438613892
0.20111729204654694
0.43739795684814453
0.2566768229007721
0.46769633889198303
0.43963348865509033
0.5615769028663635
0.3614397346973419
0.5274906158447266
0.7987829446792603
0.8885594606399536
0.801963746547699
0.041585832834243774
0.526145339012146
0.7211724519729614
0.6795220971107483
0.34540286660194397
0.430561900138855
0.6205639839172363
0.8840186595916748
0.3278580605983734
0.6035193204879761
0.8830416202545166
0.4972143769264221
0.5400481224060059
0.9388492107391357
0.1175505742430687
0.12499256432056427
0.9454419016838074
0.29438912868499756
0.8573689460754395
0.6779429912567139
0.602529764175415
0.9054660201072693
0.7343250513076782
0.08587221801280975
0.21969573199748993
0.07237782329320908
0.6016759872436523
0.8158404231071472
0.35472896695137024
0.6122480630874634
0.2340012639760971
0.7648450136184692
0.722475528717041
0.27221089601516724
0.047537703067064285
0.6508253216743469
0.7773755192756653
0.7416629195213318
0.765616238117218
0.21830378472805023
0.07711456716060638
0.03547457978129387
0.7855741381645203
0.11761533468961716
0.3473620116710663
0.3672468960285187
0.9062787294387817
0.8531213402748108
0.6036542057991028
0.3395352065563202
0.6665843725204468
0.15346980094909668
0.5957674980163574
0.9398797750473022
0.32100650668144226
0.27724045515060425
0.747126579284668
0.22419798374176025
0.34388598799705505
0.011717966757714748
0.5928826332092285
0.007630897685885429
0.9815530180931091
0.16053597629070282
0.4703584611415863
0.048862434923648834
0.06589339673519135
0.8211836814880371
0.20807144045829773
0.9952654838562012
0.44200170040130615
0.46602436900138855
0.6154757142066956
0.6963616013526917
0.309643030166626
0.5160126090049744
0.7043243646621704
0.5159180164337158
0.42211589217185974
0.9756162166595459
0.9250484108924866
0.5086032152175903
0.9479251503944397
0.3042556941509247
0.6610725522041321
0.4673261344432831
0.8591563701629639
0.989557683467865
0.38125696778297424
0.14632123708724976
0.9390636682510376
0.4940403699874878
0.37644365429878235
0.058515068143606186
0.14903615415096283
0.005334060173481703
0.9572595953941345
0.27570322155952454
0.009134473279118538
0.8033152222633362
0.6145922541618347
0.9542942643165588
0.24615828692913055
0.8123219609260559
0.48788338899612427
0.3861142098903656
0.826850414276123
0.7419443726539612
0.5232746005058289
0.9874370694160461
0.055068448185920715
0.39234787225723267
0.3011573553085327
0.738599419593811
0.03130359575152397
0.5604789853096008
0.28966519236564636
0.3416236340999603
0.5219549536705017
0.559888482093811
0.7971152067184448
0.5860083699226379
0.20172840356826782
0.6332564949989319
0.7894300222396851
0.8161098957061768
0.18880529701709747
0.5250868797302246
0.5656284689903259
0.2795810401439667
0.13593249022960663
0.7855563759803772
0.07107429206371307
0.46337831020355225
0.936255156993866
0.6493220329284668
0.5418299436569214
0.06329961866140366
0.04896240308880806
0.6935392618179321
0.6213849782943726
0.1608119159936905
0.0029324223287403584
0.1632927507162094
0.8300057649612427
0.3522931635379791
0.650432288646698
0.46375665068626404
0.8657863736152649
0.5733345150947571
0.06365498155355453
0.7521195411682129
0.520280122756958
0.6452383399009705
0.414093941450119
0.42711177468299866
0.5447261333465576
0.5433354377746582
0.7184560298919678
0.6600725054740906
0.028763113543391228
0.48181241750717163
0.8177517056465149
0.6909178495407104
0.7426288723945618
0.5941643714904785
0.9106044173240662
0.8032673001289368
0.6808920502662659
0.8966599106788635
0.129461407661438
0.258805513381958
0.020471252501010895
0.6090903878211975
0.7364690899848938
0.5181196331977844
0.2863447070121765
0.1561901569366455
0.6074745655059814
0.24668370187282562
0.671454131603241
0.6185057163238525
0.4088108241558075
0.2370920330286026
0.17827358841896057
0.015045972540974617
0.36086371541023254
0.14528051018714905
0.5446305871009827
0.30033499002456665
0.2644042670726776
0.6078547239303589
0.5672661662101746
0.7695144414901733
0.949510395526886
0.6679567098617554
0.0998724177479744
0.960873007774353
0.2743344306945801
0.4859393239021301
0.9686799049377441
0.8411926627159119
0.7461452484130859
0.6987127661705017
0.6310060024261475
0.8550039529800415
0.42302581667900085
0.35907846689224243
0.9566121101379395
0.6663606762886047
0.032461993396282196
0.7727857828140259
0.623579204082489
0.5059208273887634
0.44468212127685547
0.01143636554479599
0.677333414554596
0.7409112453460693
0.7446625232696533
0.8195992112159729
0.7360424399375916
0.15785115957260132
0.5875715017318726
0.9643288254737854
0.36299586296081543
0.7083264589309692
0.576157808303833
0.9098711609840393
0.2013150453567505
0.9106699228286743
0.8410428762435913
0.1854356974363327
0.10583136975765228
0.9656640887260437
0.21226312220096588
0.7149354815483093
0.35613083839416504
0.026836348697543144
0.7194193601608276
0.5415365695953369
0.9381250739097595
0.47729843854904175
0.40685373544692993
0.35947930812835693
0.011373878456652164
0.680910587310791
0.4483391046524048
0.01525784470140934
0.23744834959506989
0.4142710268497467
0.060015540570020676
0.58309006690979
0.8016512393951416
0.7188225388526917
0.5020514726638794
0.9455872178077698
0.30219918489456177
0.5519273281097412
0.77067631483078
0.4232446551322937
0.23710383474826813
0.08277788758277893
0.26306483149528503
0.3071872293949127
0.8375952243804932
0.5124490857124329
0.6140234470367432
0.611804187297821
0.6724086403846741
0.7851768732070923
0.4895091950893402
0.3258327841758728
0.6404287815093994
0.9532511830329895
0.05740159749984741
0.905344545841217
0.6369366645812988
0.1084531843662262
0.4607471227645874
0.6984595060348511
0.4784490168094635
0.8380386829376221
0.9594865441322327
0.37492606043815613
0.00816228799521923
0.6795801520347595
0.19935430586338043
0.9904764890670776
0.19570967555046082
0.21222354471683502
0.2431464046239853
0.8634861707687378
0.4648132920265198
0.664386510848999
0.46746835112571716
0.7933093905448914
0.13765807449817657
0.33612632751464844
0.6173755526542664
0.24127116799354553
0.46705174446105957
0.14655233919620514
0.5362392067909241
0.8531640768051147
0.2350344955921173
0.6244356632232666
0.4904422461986542
0.21553505957126617
0.8061032295227051
0.4844573438167572
0.9545364379882812
0.15037725865840912
0.5135058164596558
0.0013903790386393666
0.08836344629526138
0.24419768154621124
0.022269316017627716
0.5149083137512207
0.6223692893981934
0.6884046196937561
0.9968819618225098
0.4486314058303833
0.2078416496515274
0.35504618287086487
0.5557136535644531
0.6276771426200867
0.7220950722694397
0.36996957659721375
0.6654941439628601
0.6660448908805847
0.7913125157356262
0.3722076714038849
0.4837530553340912
0.9196175336837769
0.9552212953567505
0.5514274835586548
0.7497014999389648
0.896961510181427
0.9884171485900879
0.8007683157920837
0.9309248328208923
0.16662994027137756
0.863296627998352
0.5623570680618286
0.9144266843795776
0.9809862971305847
0.5291234850883484
0.7150671482086182
0.37689557671546936
0.7842748165130615
0.9429796934127808
0.1876138150691986
0.4584976136684418
0.7779203653335571
0.33684319257736206
0.07742772251367569
0.8684841990470886
0.6624547243118286
0.7521247267723083
0.5309518575668335
0.2132227122783661
0.27627429366111755
0.2584109306335449
0.2162121832370758
0.7104454636573792
0.8093496561050415
0.7393798828125
0.7542982697486877
0.9367641806602478
0.8181332945823669
0.5421128273010254
0.07183841615915298
0.6108672022819519
0.5829136967658997
0.7216715812683105
0.9357085824012756
0.45671772956848145
0.2799361050128937
0.14765022695064545
0.4730319380760193
0.6649985909461975
0.6598620414733887
0.3623867630958557
0.20659926533699036
0.8614684343338013
0.14733779430389404
0.10541359335184097
0.38236501812934875
0.4868389964103699
0.3643050193786621
0.924064040184021
0.6015639901161194
0.8873524069786072
0.6900530457496643
0.5498549938201904
0.26513200998306274
0.07121405750513077
0.2406311184167862
0.5754688382148743
0.9856274127960205
0.46106553077697754
0.1617993414402008
0.026667708531022072
0.7256250381469727
0.622427225112915
0.8792545199394226
0.7857216596603394
0.8973348736763
0.25433552265167236
0.6945397257804871
0.9195660948753357
0.21286308765411377
0.5259922742843628
0.4401736259460449
0.9669417142868042
0.05811762809753418
0.8122183680534363
0.7077209949493408
0.45251721143722534
0.7241321206092834
0.8879091739654541
0.025690920650959015
0.2083023488521576
0.5196600556373596
0.49730783700942993
0.07161270827054977
0.06024579331278801
0.011921580880880356
0.5702434182167053
0.4948466718196869
0.8249694108963013
0.8726754784584045
0.4868624210357666
0.3405730128288269
0.7195149660110474
0.6484734416007996
0.3660902678966522
0.3088502585887909
0.4129074811935425
0.721828818321228
0.3800472617149353
0.28724923729896545
0.502665102481842
0.3406496047973633
0.1646975427865982
0.29444628953933716
0.583849310874939
0.9288867115974426
0.9747598171234131
0.3153740465641022
0.806797206401825
0.14039401710033417
0.4782509207725525
0.08794566988945007
0.3148020803928375
0.3370957672595978
0.7919201254844666
0.5970441102981567
0.04453748092055321
0.5470625162124634
0.49089139699935913
0.5188767313957214
0.9779664278030396
0.4805785119533539
0.6216298937797546
0.8706215620040894
0.8188943862915039
0.1265489012002945
0.49885791540145874
0.35558104515075684
0.6710158586502075
0.0007347285863943398
0.16859598457813263
0.15531232953071594
0.008688163012266159
0.0778718888759613
0.40142059326171875
0.44366341829299927
0.42631006240844727
0.24918846786022186
0.6192094087600708
0.05224224925041199
0.6882659196853638
0.3505343496799469
0.36129865050315857
0.9874600172042847
0.8115522265434265
0.3178631365299225
0.8360632658004761
0.516691267490387
0.7010154128074646
0.8134814500808716
0.3456762135028839
0.9332311153411865
0.330582857131958
0.024964680895209312
0.22663229703903198
0.09708740562200546
0.12524814903736115
0.5326350927352905
0.30577561259269714
0.7300230264663696
0.018853439018130302
0.5455820560455322
0.6659423112869263
0.04910355806350708
0.22109012305736542
0.8234373331069946
0.8614570498466492
0.3350151479244232
0.6855167150497437
0.9959952235221863
0.4613436758518219
0.051796410232782364
0.7814366817474365
0.618622899055481
0.4569143056869507
0.32249292731285095
0.9728257656097412
0.2960623800754547
0.7507774829864502
0.9227950572967529
0.11359106749296188
0.1759442239999771
0.969657838344574
0.8473531007766724
0.7344204783439636
0.6887606382369995
0.7513157725334167
0.9375081062316895
0.30082663893699646
0.7227187156677246
0.26360395550727844
0.9908820390701294
0.030774442479014397
0.8618788719177246
0.24431303143501282
0.17639179527759552
0.45548611879348755
0.2571742534637451
0.5832353234291077
0.13358648121356964
0.47249770164489746
0.5786569118499756
0.2769869565963745
0.5532656311988831
0.6592493653297424
0.3638421595096588
0.43378034234046936
0.293001651763916
0.6976121068000793
0.4219304621219635
0.3725036680698395
0.723473072052002
0.8388770818710327
0.8459662795066833
0.7853515148162842
0.40374046564102173
0.5008072257041931
0.22457513213157654
0.008290791884064674
0.7097630500793457
0.11588752269744873
0.835562527179718
0.36062079668045044
0.2074834555387497
0.9455249905586243
0.718953549861908
0.3136431574821472
0.3792949318885803
0.27336007356643677
0.9735954999923706
0.3909699320793152
0.8861708045005798
0.08982726186513901
0.5098677277565002
0.4651186466217041
0.9798743724822998
0.4182436168193817
0.8651014566421509
0.8394619822502136
0.9961166381835938
0.04430893808603287
0.02748931385576725
0.1269601583480835
0.10514242202043533
0.8515813946723938
0.3068063259124756
0.570823073387146
0.8782086968421936
0.9799282550811768
0.9088952541351318
0.04040051996707916
0.05911492556333542
0.2758163809776306
0.0952761247754097
0.1660282164812088
0.5527889728546143
0.5544403791427612
0.06082094833254814
0.23317734897136688
0.5339574813842773
0.6922421455383301
0.6277583241462708
0.17283011972904205
0.8199545741081238
0.24834023416042328
0.3142387866973877
0.2506987750530243
0.6435282826423645
0.053879156708717346
0.4163707196712494
0.2873311936855316
0.06216686964035034
0.7286908030509949
0.2639244496822357
0.7598024010658264
0.37321507930755615
0.8836438655853271
0.12376266717910767
0.7642179131507874
0.7119490504264832
0.49042320251464844
0.018638793379068375
0.8113234639167786
0.04132657125592232
0.6213690042495728
0.6196852326393127
0.3530746400356293
0.5708668828010559
0.37126415967941284
0.5711206793785095
0.8030498623847961
0.4228478670120239
0.2299937903881073
0.9438608288764954
0.12041105329990387
0.2889712154865265
0.3447173535823822
0.769743025302887
0.9089159965515137
0.20940187573432922
0.5128690600395203
0.9817357063293457
0.41786038875579834
0.4743286073207855
0.05771347135305405
0.8863337635993958
0.6195746660232544
0.7589687705039978
0.8117827773094177
0.2981981933116913
0.0908169150352478
0.7862434983253479
0.8664345741271973
0.5110491514205933
0.9592023491859436
0.7651010155677795
0.5269458889961243
0.16278260946273804
0.7870745658874512
0.2735978364944458
0.05693383887410164
0.4683097302913666
0.2235676646232605
0.5404995083808899
0.9521973729133606
0.21350234746932983
0.09668081253767014
0.5692954659461975
0.14035342633724213
0.8703824877738953
0.3190114498138428
0.5708245635032654
0.5990421772003174
0.0025895871222019196
0.30193012952804565
0.3654414415359497
0.22849594056606293
0.029131922870874405
0.2866147458553314
0.44079139828681946
0.5491641759872437
0.045616090297698975
0.6961561441421509
0.03026917763054371
0.2644633650779724
0.6719629168510437
0.2772771418094635
0.2288610190153122
0.7222620844841003
0.8376083970069885
0.22475121915340424
0.9178229570388794
0.4044213593006134
0.4205590486526489
0.618157148361206
0.3049032390117645
0.4138350188732147
0.6053809523582458
0.46070951223373413
0.689424991607666
0.7772031426429749
0.27370262145996094
0.08858587592840195
0.5765700340270996
0.35579416155815125
0.118815578520298
0.3865116536617279
0.1802486926317215
0.8503036499023438
0.5218601822853088
0.07401134818792343
0.07813744246959686
0.3951522409915924
0.5549148321151733
0.022382473573088646
0.7901336550712585
0.6645948886871338
0.3199949562549591
0.9668503403663635
0.7801369428634644
0.6614241600036621
0.1444728672504425
0.5322933793067932
0.5154712796211243
0.10750972479581833
0.916287362575531
0.5807292461395264
0.6916139125823975
0.10061744600534439
0.08298473805189133
0.3923925757408142
0.4495670795440674
0.3592912554740906
0.007669991347938776
0.12407167255878448
0.707576334476471
0.3848932385444641
0.2674492597579956
0.6126628518104553
0.3797656297683716
0.6384024024009705
0.9148226380348206
0.5104820132255554
0.40980783104896545
0.4276835024356842
0.5635842680931091
0.8666266202926636
0.22758649289608002
0.5223356485366821
0.42464447021484375
0.9354069232940674
0.7244000434875488
0.3583781123161316
0.5508997440338135
0.857346773147583
0.8863258361816406
0.750790536403656
0.11645405739545822
0.9501078724861145
0.6292359232902527
0.4172317683696747
0.5076557993888855
0.5125623345375061
0.35247182846069336
0.5911025404930115
0.060783129185438156
0.8247879147529602
0.017488429322838783
0.5684913992881775
0.16715030372142792
0.7030969858169556
0.45387551188468933
0.7917243242263794
0.21384043991565704
0.2968516945838928
0.5702529549598694
0.9000668525695801
0.9643792510032654
0.2612764835357666
0.27592143416404724
0.01194077730178833
0.014453321695327759
0.9362372756004333
0.5918460488319397
0.22868654131889343
0.6416023373603821
0.42066824436187744
0.3166669011116028
0.10623130947351456
0.4103897213935852
0.7661353945732117
0.9321399331092834
0.20083661377429962
0.4166255593299866
0.7583073973655701
0.5833700895309448
0.7342718839645386
0.21831339597702026
0.7044471502304077
0.980402410030365
0.1169230118393898
0.47505316138267517
0.9490541219711304
0.7834247946739197
0.3036002516746521
0.19093893468379974
0.6810629963874817
0.4022320806980133
0.8236297369003296
0.4764595031738281
0.7193403244018555
0.6973601579666138
0.5664085745811462
0.8541629314422607
0.32078632712364197
0.5510988235473633
0.16216948628425598
0.9424842000007629
0.16914419829845428
0.7169397473335266
0.2972150444984436
0.1203574538230896
0.48873212933540344
0.67371666431427
0.539752721786499
0.8757683634757996
0.946949303150177
0.9782505035400391
0.659838080406189
0.36304351687431335
0.7563930153846741
0.9542458653450012
0.9347195625305176
0.6484601497650146
0.8004319071769714
0.6391152739524841
0.25468671321868896
0.46616509556770325
0.12773598730564117
0.2896566390991211
0.9560763835906982
0.26568517088890076
0.8240550756454468
0.4517807960510254
0.2511896789073944
0.4480135440826416
0.29560720920562744
0.6709388494491577
0.5141502618789673
0.7169532775878906
0.9793004989624023
0.6965082287788391
0.9432928562164307
0.7677973508834839
0.9927732348442078
0.36188188195228577
0.8577448725700378
0.1759617179632187
0.18477605283260345
0.8890536427497864
0.42973005771636963
0.6807209253311157
0.6381480097770691
0.7971154451370239
0.8811542391777039
0.2467668205499649
0.43355974555015564
0.1020708754658699
0.4279404282569885
0.8442315459251404
0.3934985399246216
0.22332832217216492
0.7334576845169067
0.8718792796134949
0.6900380253791809
0.5166372656822205
0.9387372136116028
0.7266362309455872
0.07631981372833252
0.43090251088142395
0.35095301270484924
0.4229172468185425
0.4440307021141052
0.19703534245491028
0.08953239768743515
0.7049149870872498
0.9999171495437622
0.9032077789306641
0.4558130204677582
0.49129095673561096
0.607628583908081
0.8373880386352539
0.21720825135707855
0.8347667455673218
0.58981853723526
0.4968324899673462
0.6369001865386963
0.17311181128025055
0.36014917492866516
0.9804627895355225
0.5573573112487793
0.2605583369731903
0.07029947638511658
0.09500271826982498
0.6569401621818542
0.11510095000267029
0.38822421431541443
0.011857875622808933
0.7761602997779846
0.6807186007499695
0.6324806213378906
0.8638896942138672
0.29695627093315125
0.3761606514453888
0.8204289674758911
0.42042580246925354
0.4612835645675659
0.16797201335430145
0.17373478412628174
0.864223301410675
0.8701383471488953
0.7168519496917725
0.7875298261642456
0.2685907185077667
0.6172394156455994
0.05077679455280304
0.12194746732711792
0.6137692928314209
0.8108923435211182
0.49775007367134094
0.6072700619697571
0.9288051128387451
0.5423809289932251
0.055061664432287216
0.07539977133274078
0.15637359023094177
0.49034568667411804
0.011728893965482712
0.11262398958206177
0.4154540002346039
0.5962211489677429
0.8175634145736694
0.6281156539916992
0.3104218542575836
0.40680503845214844
0.035718128085136414
0.7630402445793152
0.4262710511684418
0.19309939444065094
0.8562157154083252
0.6220176815986633
0.8676090836524963
0.14181825518608093
0.26428526639938354
0.01014071423560381
0.8355177044868469
0.8099222779273987
0.19829079508781433
0.6488701701164246
0.7755255103111267
0.0429733507335186
0.7146191596984863
0.24898651242256165
0.6276004314422607
0.9441381692886353
0.5032572746276855
0.36300843954086304
0.9130915999412537
0.7481529116630554
0.8055995106697083
0.47432398796081543
0.4273987412452698
0.32390066981315613
0.9164404273033142
0.7437812685966492
0.18762542307376862
0.7335889935493469
0.89593505859375
0.5188570618629456
0.24460208415985107
0.46343424916267395
0.4738510847091675
0.6436877250671387
0.7092447876930237
0.13630810379981995
0.2365993708372116
0.8656155467033386
0.7631542682647705
0.32720768451690674
0.012257658876478672
0.9483592510223389
0.4981738030910492
0.7317683696746826
0.871904730796814
0.28210482001304626
0.7754983305931091
0.357827365398407
0.15227320790290833
0.835618793964386
0.3370979130268097
0.37512728571891785
0.9007683992385864
0.18626977503299713
0.09093547612428665
0.8935753703117371
0.5520055294036865
0.9652984142303467
0.4746688902378082
0.5660362243652344
0.08053967356681824
0.18667781352996826
0.9363953471183777
0.5547208786010742
0.6098255515098572
0.33294937014579773
0.6271046996116638
0.6056342720985413
0.17720496654510498
0.6643310189247131
0.8586360812187195
0.009148092940449715
0.5763090252876282
0.9527712464332581
0.5142018795013428
0.8443677425384521
0.06295523792505264
0.46338823437690735
0.8161600828170776
0.9837429523468018
0.9113452434539795
0.523912250995636
0.5508710741996765
0.642449676990509
0.1868043690919876
0.7196058630943298
0.30100536346435547
0.21732507646083832
0.18217241764068604
0.3626435399055481
0.3780919015407562
0.414890855550766
0.8090907335281372
0.9219227433204651
0.2564937472343445
0.012189987115561962
0.4746219515800476
0.7884320616722107
0.6117417216300964
0.005311839748173952
0.4230813980102539
0.4300568401813507
0.6113612651824951
0.12281869351863861
0.17519938945770264
0.4523181617259979
0.9447720646858215
0.25565436482429504
0.5353931784629822
0.8200976848602295
0.9500201344490051
0.6482540965080261
0.2723383605480194
0.8800774812698364
0.9556429982185364
0.05303732305765152
0.23153887689113617
0.12639258801937103
0.8078815937042236
0.4700799286365509
0.3888891935348511
0.35480061173439026
0.1472754031419754
0.3974558711051941
0.058853115886449814
0.12354425340890884
0.6360076665878296
0.7965830564498901
0.8348268270492554
0.386292040348053
0.6093307733535767
0.9644508957862854
0.06915709376335144
0.05877308547496796
0.06746289134025574
0.770951509475708
0.7058855295181274
0.006101494655013084
0.5140407681465149
0.531318187713623
0.7954749464988708
0.06407900154590607
0.7475454211235046
0.3454262912273407
0.41170722246170044
0.48835447430610657
0.7598809599876404
0.24350960552692413
0.22186046838760376
0.9836233258247375
0.7430205941200256
0.40274378657341003
0.26730215549468994
0.5746190547943115
0.3461127281188965
0.40691015124320984
0.5363982915878296
0.4550521671772003
0.9409324526786804
0.6075694561004639
0.5586522817611694
0.8185861706733704
0.8135866522789001
0.9546980857849121
0.7907636165618896
0.6590530276298523
0.7926377058029175
0.011761595495045185
0.6850070357322693
0.47311222553253174
0.08626910299062729
0.7755853533744812
0.5288357138633728
0.8634995818138123
0.7082188129425049
0.42386236786842346
0.8781057000160217
0.6082451939582825
0.8750408887863159
0.2271677404642105
0.3693799376487732
0.6142430901527405
0.8917708396911621
0.9191405177116394
0.8535823822021484
0.395826518535614
0.6080794930458069
0.8160470724105835
0.16120949387550354
0.9664270281791687
0.4076575040817261
0.7753521203994751
0.6046674847602844
0.7857829332351685
0.8070681691169739
0.1762804239988327
0.8934329152107239
0.1811833530664444
0.3906787931919098
0.4493027627468109
0.46230390667915344
0.9392867088317871
0.2092580795288086
0.17040733993053436
0.1800171285867691
0.011567383073270321
0.8256239891052246
0.7737920880317688
0.8867195844650269
0.05784027650952339
0.10469251871109009
0.7322552800178528
0.6973574757575989
0.7643857598304749
0.2507961690425873
0.5099571943283081
0.5388942360877991
0.4475133717060089
0.5690760612487793
0.40163755416870117
0.9552359580993652
0.8382757902145386
0.8411777019500732
0.3329601287841797
0.30014872550964355
0.005174258723855019
0.829904317855835
0.4900044798851013
0.315272718667984
0.7535229325294495
0.43084457516670227
0.16548044979572296
0.26754313707351685
0.3723476529121399
0.5562739372253418
0.37847986817359924
0.10213358700275421
0.2638585865497589
0.3269219696521759
0.6323256492614746
0.6194751858711243
0.8656094670295715
0.5366994142532349
0.19353580474853516
0.8654756546020508
0.1310449242591858
0.854529619216919
0.28441277146339417
0.9245954751968384
0.980222225189209
0.7045044898986816
0.9838359355926514
0.4022866189479828
0.21058325469493866
0.2690046429634094
0.5719810724258423
0.30447056889533997
0.054393231868743896
0.36249840259552
0.690787672996521
0.838768482208252
0.44062507152557373
0.7757545113563538
0.7880801558494568
0.4464828670024872
0.8828632831573486
0.5584920644760132
0.051018595695495605
0.7027416229248047
0.018614856526255608
0.6569050550460815
0.6541844010353088
0.2449636310338974
0.34790149331092834
0.737160325050354
0.5729671716690063
0.058004386723041534
0.5515438914299011
0.3839329183101654
0.29461634159088135
0.2210020273923874
0.728886067867279
0.2747272551059723
0.17634530365467072
0.009863438084721565
0.268271803855896
0.811429500579834
0.6630910634994507
0.296740859746933
0.17851875722408295
0.5157370567321777
0.23175090551376343
0.8098393082618713
0.7061961889266968
0.20493283867835999
0.8777487874031067
0.2907191514968872
0.4903128743171692
0.08362817764282227
0.21886737644672394
0.37159931659698486
0.9622097611427307
0.6579914689064026
0.061243508011102676
0.7661803960800171
0.21520115435123444
0.3546716570854187
0.2723058760166168
0.20231162011623383
0.5342463254928589
0.7757160663604736
0.44664669036865234
0.7543445825576782
0.7217459082603455
0.6946738362312317
0.5056635737419128
0.35992681980133057
0.24053463339805603
0.046448785811662674
0.3830931484699249
0.8421303033828735
0.3383077085018158
0.9978134036064148
0.6952851414680481
0.8095551133155823
0.17649874091148376
0.19313493371009827
0.8682935237884521
0.2565889358520508
0.2668657898902893
0.4540480673313141
0.35691750049591064
0.4640074372291565
0.47457581758499146
0.062211524695158005
0.515923023223877
0.5086827278137207
0.0772145688533783
0.9655232429504395
0.8718892931938171
0.8094015121459961
0.9062522053718567
0.7862704992294312
0.26102152466773987
0.30092525482177734
0.7022667527198792
0.7107423543930054
0.5942410826683044
0.6580398678779602
0.804985523223877
0.6297499537467957
0.6239703893661499
0.10907468944787979
0.6309545636177063
0.8875035643577576
0.7718312740325928
0.2492208480834961
0.5025744438171387
0.813505232334137
0.3222002685070038
0.9415616393089294
0.16899149119853973
0.679522693157196
0.5258111357688904
0.20965202152729034
0.22870475053787231
0.6906403303146362
0.7372723817825317
0.5850738883018494
0.3210911154747009
0.9130016565322876
0.21147458255290985
0.47790154814720154
0.18916285037994385
0.5938751697540283
0.700045108795166
0.45131319761276245
0.41530293226242065
0.5170040726661682
0.6737321019172668
0.8117290735244751
0.2617396414279938
0.36229759454727173
0.30640050768852234
0.9731107354164124
0.9652721285820007
0.8068046569824219
0.8404603600502014
0.638798713684082
0.032150689512491226
0.8408196568489075
0.5791652798652649
0.9035184383392334
0.23478390276432037
0.8993712067604065
0.6892167329788208
0.047261301428079605
0.6919296979904175
0.7119574546813965
0.4996434152126312
0.10974741727113724
0.7367274761199951
0.16382667422294617
0.1029469445347786
0.2197078913450241
0.9535021781921387
0.5972139239311218
0.7033989429473877
0.6397119760513306
0.39397957921028137
0.3389661908149719
0.6668009757995605
0.4523826241493225
0.6342214941978455
0.22435583174228668
0.02036569081246853
0.735495924949646
0.3300744295120239
0.33159390091896057
0.6818549036979675
0.5939363837242126
0.4497213363647461
0.06023304536938667
0.5143255591392517
0.7406535744667053
0.8637430667877197
0.9181303381919861
0.19842328131198883
0.4870951175689697
0.903889536857605
0.02034716121852398
0.611770510673523
0.910331666469574
0.010040543042123318
0.6613744497299194
0.9967739582061768
0.9560567736625671
0.4390330910682678
0.3920353651046753
0.8677647709846497
0.9463281035423279
0.1251424252986908
0.7503342628479004
0.43101540207862854
0.5621597170829773
0.2760859429836273
0.8682214021682739
0.3526887595653534
0.08246544748544693
0.2465687096118927
0.4248878061771393
0.6139649748802185
0.6509159207344055
0.11863745748996735
0.2505100965499878
0.1952747255563736
0.5976160168647766
0.5229079723358154
0.7570365071296692
0.9285009503364563
0.8456392288208008
0.24505005776882172
0.42556893825531006
0.16273905336856842
0.4272876977920532
0.9691471457481384
0.04967767745256424
0.7061798572540283
0.3958050608634949
0.8271312117576599
0.41966283321380615
0.2878955006599426
0.9323419332504272
0.5365997552871704
0.5070332884788513
0.05899865925312042
0.11830200254917145
0.8640962243080139
0.22890311479568481
0.12149149179458618
0.7022007703781128
0.23835621774196625
0.3460957109928131
0.8681327104568481
0.6959623098373413
0.534018337726593
0.7186033129692078
0.6326003670692444
0.44490116834640503
0.9918994903564453
0.9968015551567078
0.895127534866333
0.7147343158721924
0.11629726737737656
0.7920675873756409
0.08280329406261444
0.719277024269104
0.25331196188926697
0.4003441035747528
0.8136717677116394
0.662651002407074
0.3596925437450409
0.4809887111186981
0.1031302958726883
0.8114151358604431
0.018527867272496223
0.7823460102081299
0.6048533320426941
0.6723172068595886
0.8512775897979736
0.4118436276912689
0.36807289719581604
0.1762963831424713
0.9779906272888184
0.2802823781967163
0.34105783700942993
0.9770716428756714
0.642593502998352
0.005534596275538206
0.07759615033864975
0.6730620265007019
0.7104014158248901
0.08312257379293442
0.47701069712638855
0.7148309350013733
0.39052608609199524
0.8361700773239136
0.8261094093322754
0.10146437585353851
0.12411369383335114
0.7334206104278564
0.34809044003486633
0.933689534664154
0.3510139584541321
0.02799149602651596
0.9765369296073914
0.225579172372818
0.7457290887832642
0.2757721543312073
0.6232970356941223
0.8924128413200378
0.9720457792282104
0.564428985118866
0.5115938782691956
0.7289758324623108
0.06876401603221893
0.0035286014899611473
0.6804084181785583
0.6859891414642334
0.5559390187263489
0.4429931938648224
0.8436566591262817
0.6543640494346619
0.5778740644454956
0.20712754130363464
0.9478971362113953
0.7835971117019653
0.7967283725738525
0.3574831783771515
0.1392158567905426
0.7248432636260986
0.11025875061750412
0.2174958735704422
0.7393739819526672
0.4956651031970978
0.662476122379303
0.7944136261940002
0.16223452985286713
0.6661600470542908
0.7101385593414307
0.9188518524169922
0.5306298136711121
0.6019604206085205
0.35929176211357117
0.519416332244873
0.3902069628238678
0.8755464553833008
0.5155603289604187
0.38941287994384766
0.7416322231292725
0.40846365690231323
0.1486050933599472
0.2523389756679535
0.7022122740745544
0.6938168406486511
0.7634731531143188
0.6924516558647156
0.2780074179172516
0.7607312202453613
0.22954115271568298
0.586225688457489
0.4748542010784149
0.5285310745239258
0.616331934928894
0.14619721472263336
0.9824559688568115
0.31606370210647583
0.9765777587890625
0.9357914924621582
0.4295118451118469
0.7066664099693298
0.9561927914619446
0.7118838429450989
0.8476094007492065
0.9318848252296448
0.3032502830028534
0.29915040731430054
0.24963390827178955
0.8885977268218994
0.26217180490493774
0.029861098155379295
0.5891059637069702
0.16367267072200775
0.8537788987159729
0.8649556040763855
0.3575453758239746
0.8009461164474487
0.2589848041534424
0.5806812644004822
0.526235818862915
0.33694708347320557
0.6322050094604492
0.8196698427200317
0.7266224026679993
0.19697120785713196
0.4468768239021301
0.22564980387687683
0.8294050097465515
0.9989831447601318
0.9819411635398865
0.22831350564956665
0.44158536195755005
0.35088515281677246
0.5514886379241943
0.9152302145957947
0.4365825653076172
0.10372014343738556
0.5897337794303894
0.12412144988775253
0.35362786054611206
0.7389905452728271
0.2639026343822479
0.6853326559066772
0.13672944903373718
0.404112845659256
0.3780544102191925
0.25003987550735474
0.48742783069610596
0.5490484833717346
0.4706919491291046
0.034126587212085724
0.4165462255477905
0.14006036520004272
0.9552709460258484
0.21349920332431793
0.02559809759259224
0.5264976620674133
0.8634153604507446
0.020527435466647148
0.8012958765029907
0.9161720871925354
0.9885373711585999
0.02125895954668522
0.1972169727087021
0.2433423548936844
0.20537994801998138
0.03840048983693123
0.37906473875045776
0.5407379865646362
0.3387826979160309
0.38554447889328003
0.7113947868347168
0.575715959072113
0.30772465467453003
0.7456989884376526
0.6277350783348083
0.2916330099105835
0.7485796213150024
0.7124031782150269
0.4209505319595337
0.7754411697387695
0.8126496076583862
0.21844564378261566
0.5639284253120422
0.6639044284820557
0.7564634680747986
0.9732679724693298
0.4871607720851898
0.122861348092556
0.626640796661377
0.15345856547355652
0.20744635164737701
0.7674851417541504
0.2218230962753296
0.33872416615486145
0.49256154894828796
0.6553043723106384
0.8658575415611267
0.016849784180521965
0.9481766223907471
0.6021227836608887
0.2547711431980133
0.6370410919189453
0.5600376129150391
0.04490846022963524
0.17159786820411682
0.8600892424583435
0.47372812032699585
0.24380461871623993
0.7578374743461609
0.6997485756874084
0.027213431894779205
0.45470112562179565
0.24366536736488342
0.9456238150596619
0.7025790810585022
0.7100068926811218
0.030167026445269585
0.42233502864837646
0.44840437173843384
0.7114743590354919
0.11027426272630692
0.7428526282310486
0.6628827452659607
0.9987855553627014
0.17816127836704254
0.9848364591598511
0.6762117147445679
0.5261154770851135
0.6094558238983154
0.8846787214279175
0.8178099393844604
0.9293816685676575
0.3049304783344269
0.4098203480243683
0.044853199273347855
0.7796581983566284
0.04705106094479561
0.558036208152771
0.5205121040344238
0.8554325103759766
0.46337535977363586
0.6136987805366516
0.2616102695465088
0.37933412194252014
0.9722463488578796
0.24689652025699615
0.6261568069458008
0.36870619654655457
0.13476788997650146
0.14685089886188507
0.21575726568698883
0.6470934152603149
0.07389591634273529
0.706389307975769
0.31918472051620483
0.34032687544822693
0.28632354736328125
0.02651510015130043
0.19264698028564453
0.20251545310020447
0.40052175521850586
0.5013747811317444
0.03092041239142418
0.6255183219909668
0.34326744079589844
0.1385049819946289
0.62967449426651
0.9435461759567261
0.496018648147583
0.3274199068546295
0.7108144760131836
0.6281626224517822
0.8306798338890076
0.6301648020744324
0.006338073406368494
0.504355788230896
0.11386715620756149
0.7822402119636536
0.1961270272731781
0.3225038945674896
0.015718694776296616
0.9852144122123718
0.5872309803962708
0.5767760276794434
0.19722700119018555
0.0995451882481575
0.9191738367080688
0.533377468585968
0.21370698511600494
0.3353603482246399
0.05688437074422836
0.05288656800985336
0.8965482711791992
0.21690009534358978
0.4304186999797821
0.31512942910194397
0.6309176683425903
0.9381515383720398
0.9545106887817383
0.7927886247634888
0.06540875136852264
0.19544067978858948
0.9517045021057129
0.7566164135932922
0.16367420554161072
0.9821704030036926
0.7705774307250977
0.544625997543335
0.7482928037643433
0.5060070157051086
0.6101678013801575
0.3325478136539459
0.24840593338012695
0.23615561425685883
0.3665595054626465
0.35314038395881653
0.3942217230796814
0.6261869072914124
0.10542265325784683
0.6169973015785217
0.8292886018753052
0.565699577331543
0.11429280042648315
0.19725409150123596
0.9100498557090759
0.43411412835121155
0.8597891330718994
0.13596144318580627
0.8658512234687805
0.9017452597618103
0.9148833751678467
0.3465365469455719
0.7522921562194824
0.2112828493118286
0.7998324632644653
0.19968566298484802
0.30606815218925476
0.8994420170783997
0.7781849503517151
0.7596461176872253
0.8040040731430054
0.47822993993759155
0.7298682332038879
0.9836196899414062
0.3000158369541168
0.640280544757843
0.4613778293132782
0.1281210482120514
0.14474742114543915
0.6243482828140259
0.9943925738334656
0.6483277082443237
0.9114189743995667
0.7965118288993835
0.010466089472174644
0.3443485498428345
0.8773643970489502
0.2196570485830307
0.8046399354934692
0.7737470269203186
0.7246502637863159
0.27078118920326233
0.8408001065254211
0.37093278765678406
0.022817350924015045
0.6270956993103027
0.0020958806853741407
0.8369693160057068
0.6465859413146973
0.11613737791776657
0.2784799039363861
0.2203405499458313
0.9616981744766235
0.9129305481910706
0.5436623096466064
0.4275200068950653
0.5613218545913696
0.35219377279281616
0.0505051426589489
0.8166316747665405
0.7284702658653259
0.9794989824295044
0.08386094123125076
0.6981658339500427
0.7183115482330322
0.03631557524204254
0.16838587820529938
0.997765839099884
0.06154041737318039
0.4270424246788025
0.9542045593261719
0.0803224965929985
0.7389506101608276
0.0017343120416626334
0.03443005681037903
0.22385211288928986
0.4582558870315552
0.17119963467121124
0.1806706041097641
0.10864253342151642
0.8908228278160095
0.9731206893920898
0.945452094078064
0.01424412801861763
0.2204955518245697
0.7802371382713318
0.5014678835868835
0.3298861086368561
0.464764803647995
0.07329709082841873
0.04676404595375061
0.3548493981361389
0.8999144434928894
0.48226940631866455
0.9090752005577087
0.38449424505233765
0.5730868577957153
0.8848395347595215
0.19820484519004822
0.9894163608551025
0.746478796005249
0.8221211433410645
0.6770716309547424
0.2533266842365265
0.9241333603858948
0.8787367343902588
0.7681345343589783
0.5065112113952637
0.22435201704502106
0.6994571089744568
0.589120090007782
0.9611117243766785
0.7273406982421875
0.7568716406822205
0.14016443490982056
0.06699760258197784
0.047324176877737045
0.8225063681602478
0.07980161905288696
0.19702352583408356
0.6011424660682678
0.7677788138389587
0.4795294404029846
0.8778160810470581
0.25553378462791443
0.33641549944877625
0.39828070998191833
0.17652028799057007
0.9868158102035522
0.00447531882673502
0.1511273980140686
0.24920685589313507
0.6691856980323792
0.019704418256878853
0.8690347075462341
0.8227154612541199
0.40650954842567444
0.6672712564468384
0.9181089401245117
0.7439071536064148
0.4892781376838684
0.9422432780265808
0.6574100852012634
0.725684642791748
0.2374487668275833
0.6796706318855286
0.21393176913261414
0.32507941126823425
0.3835498094558716
0.9681369066238403
0.4270426034927368
0.732342004776001
0.8228843212127686
0.35483062267303467
0.9616948366165161
0.12133362144231796
0.12435707449913025
0.4160323441028595
0.24038711190223694
0.357187420129776
0.0011564785381779075
0.6676433086395264
0.630038321018219
0.5339861512184143
0.7557639479637146
0.9666262865066528
0.8210055828094482
0.007843299768865108
0.874457061290741
0.9127323627471924
0.07195375114679337
0.21913249790668488
0.05077939108014107
0.6061528921127319
0.06409155577421188
0.7809674143791199
0.7878915071487427
0.66583651304245
0.6702234745025635
0.8538005948066711
0.07992972433567047
0.5518540740013123
0.9516938924789429
0.3997899889945984
0.4807729125022888
0.7295032739639282
0.5247393846511841
0.010641412809491158
0.009076392278075218
0.015204353258013725
0.7606087923049927
0.7745044231414795
0.7162042260169983
0.6890566349029541
0.7795276641845703
0.6035308837890625
0.20126481354236603
0.39841774106025696
0.6052517890930176
0.7335612177848816
0.6189649701118469
0.2376309633255005
0.06327655166387558
0.2706599235534668
0.7840750813484192
0.6656115651130676
0.9513481259346008
0.020131457597017288
0.4563576877117157
0.32499709725379944
0.45664963126182556
0.04375366494059563
0.24257540702819824
0.10599075257778168
0.08862102031707764
0.9241970777511597
0.9812626838684082
0.5865171551704407
0.9555045962333679
0.4329480826854706
0.01661079190671444
0.39666324853897095
0.1647941619157791
0.04697612673044205
0.19285593926906586
0.7390136122703552
0.9580898284912109
0.12933620810508728
0.5360109806060791
0.10942532867193222
0.013604501262307167
0.8956373333930969
0.14595744013786316
0.24534858763217926
0.8267183899879456
0.30946817994117737
0.02451564371585846
0.6833917498588562
0.9364315271377563
0.6645500659942627
0.8488393425941467
0.5229370594024658
0.1617967039346695
0.014219306409358978
0.7470406889915466
0.5617333054542542
0.16420738399028778
0.6951025128364563
0.7189480662345886
0.4122212827205658
0.4532373249530792
0.9160000085830688
0.3862505853176117
0.03770705312490463
0.7908337712287903
0.10862338542938232
0.2855692207813263
0.5190868973731995
0.1721258908510208
0.14398041367530823
0.49457335472106934
0.3115750849246979
0.28286710381507874
0.26648205518722534
0.9791512489318848
0.06985583156347275
0.6841592788696289
0.5375352501869202
0.3990480303764343
0.4605454206466675
0.3671373426914215
0.8084872364997864
0.6636673808097839
0.013589275069534779
0.4067510962486267
0.6556962728500366
0.23319518566131592
0.4077546298503876
0.5719407200813293
0.5514013171195984
0.9508695602416992
0.1864914447069168
0.553195595741272
0.8183383345603943
0.20535564422607422
0.3653663098812103
0.5320625901222229
0.4972662627696991
0.29706186056137085
0.12663887441158295
0.49538975954055786
0.5171355605125427
0.9371631145477295
0.454182505607605
0.011131580919027328
0.5538925528526306
0.3835010826587677
0.16046394407749176
0.34470298886299133
0.12090861797332764
0.12539775669574738
0.7604455351829529
0.014365110546350479
0.8588327169418335
0.5581965446472168
0.11294259876012802
0.5017793774604797
0.3626565635204315
0.9587447643280029
0.14017000794410706
0.9303345084190369
0.44726377725601196
0.15788671374320984
0.7735938429832458
0.558694064617157
0.6576427817344666
0.7021034955978394
0.851636528968811
0.5218542814254761
0.6884070634841919
0.29007774591445923
0.23301458358764648
0.3514813184738159
0.10520472377538681
0.23987701535224915
0.2781914174556732
0.00945406872779131
0.3217773735523224
0.5260204076766968
0.3801829218864441
0.921467125415802
0.488224059343338
0.5987115502357483
0.22176288068294525
0.6856074929237366
0.08836785703897476
0.462360143661499
0.5357072949409485
0.10886845737695694
0.3014508783817291
0.5436254143714905
0.04179799556732178
0.37943410873413086
0.4736238420009613
0.5686975717544556
0.00895122904330492
0.017004238441586494
0.8680965304374695
0.4587659537792206
0.41743648052215576
0.10321155935525894
0.5795612931251526
0.07315047085285187
0.03785979002714157
0.7961555123329163
0.8051199913024902
0.3811454176902771
0.5318563580513
0.028820641338825226
0.202688530087471
0.43476957082748413
0.7918103337287903
0.8173801302909851
0.8570551872253418
0.4758661687374115
0.5689509510993958
0.15534089505672455
0.6432002186775208
0.056648388504981995
0.6495236754417419
0.44264838099479675
0.7621045708656311
0.6459798812866211
0.05113048478960991
0.9248048067092896
0.7667640447616577
0.5287075638771057
0.6129963397979736
0.029135335236787796
0.008060488849878311
0.08006929606199265
0.8819162845611572
0.371517539024353
0.4111730754375458
0.9094803929328918
0.653851330280304
0.3616836667060852
0.19152839481830597
0.4739987552165985
0.7430728673934937
0.07686344534158707
0.7597540020942688
0.7766435742378235
0.46571362018585205
0.09638349711894989
0.08013519644737244
0.5479519367218018
0.12227731943130493
0.4690336287021637
0.027126334607601166
0.22319449484348297
0.8634904026985168
0.09666959196329117
0.41803091764450073
0.43631958961486816
0.9419634342193604
0.7674714922904968
0.9816830158233643
0.08774163573980331
0.24316328763961792
0.32388707995414734
0.6564818024635315
0.6574585437774658
0.7812190055847168
0.8235012292861938
0.18169428408145905
0.11778491735458374
0.8586985468864441
0.5801035761833191
0.04971698299050331
0.5371031761169434
0.46907466650009155
0.15432029962539673
0.22251197695732117
0.030327502638101578
0.9392436146736145
0.009064964018762112
0.42835140228271484
0.43128421902656555
0.6248726844787598
0.9544326663017273
0.08852603286504745
0.9212660193443298
0.30141547322273254
0.19630081951618195
0.20177359879016876
0.13448233902454376
0.39184463024139404
0.19019515812397003
0.014065410941839218
0.7908624410629272
0.4628993272781372
0.6038102507591248
0.10188722610473633
0.1721004694700241
0.21873866021633148
0.8608691096305847
0.8204119801521301
0.23126006126403809
0.07857684046030045
0.4139091968536377
0.9935397505760193
0.8406211733818054
0.9891287088394165
0.07872813940048218
0.8066749572753906
0.2899933457374573
0.83104407787323
0.23839083313941956
0.4128991961479187
0.7397403717041016
0.7343387007713318
0.8891927599906921
0.8427321910858154
0.7462456226348877
0.5170796513557434
0.7544155716896057
0.9519792795181274
0.9465765357017517
0.36145728826522827
0.3875860571861267
0.9707342982292175
0.473806768655777
0.5496490597724915
0.6240771412849426
0.9696384072303772
0.6193175911903381
0.7475489377975464
0.16815397143363953
0.3745185434818268
0.24844560027122498
0.40100833773612976
0.3217548131942749
0.9273577928543091
0.452720582485199
0.19671736657619476
0.6254380345344543
0.22505463659763336
0.5858927965164185
0.4937377870082855
0.5249592065811157
0.2721084952354431
0.7311257123947144
0.06253665685653687
0.8547060489654541
0.9203456044197083
0.39288267493247986
0.025248294696211815
0.880660355091095
0.958976149559021
0.8537876605987549
0.5190015435218811
0.5906528234481812
0.9648562073707581
0.648460865020752
0.2400248497724533
0.7296556830406189
0.710833728313446
0.9539273977279663
0.29686546325683594
0.8578457832336426
0.4915067255496979
0.8459705114364624
0.11405569314956665
0.16966864466667175
0.477501779794693
0.07427288591861725
0.5778838992118835
0.1417299062013626
0.6135645508766174
0.8961424231529236
0.37640687823295593
0.9730736017227173
0.9084859490394592
0.3352760970592499
0.7190242409706116
0.699880063533783
0.050174932926893234
0.9948497414588928
0.2677105963230133
0.7180455327033997
0.24615760147571564
0.20535269379615784
0.35917016863822937
0.047661297023296356
0.32415011525154114
0.7327795624732971
0.6224154233932495
0.07378826290369034
0.3046952486038208
0.5399191379547119
0.2272898256778717
0.1740030199289322
0.5430395603179932
0.8255817294120789
0.6251102089881897
0.5457485318183899
0.987752377986908
0.32354241609573364
0.10043688863515854
0.5492923855781555
0.6328451037406921
0.8995029330253601
0.04837283119559288
0.2657625377178192
0.5297360420227051
0.8637709617614746
0.7570570111274719
0.5570932030677795
0.18837852776050568
0.9330994486808777
0.8145620226860046
0.22498653829097748
0.03157855570316315
0.3259899616241455
0.1808922439813614
0.7683758735656738
0.6250220537185669
0.13033680617809296
0.8517045974731445
0.8683997392654419
0.27472272515296936
0.576919436454773
0.7042588591575623
0.379055917263031
0.46964916586875916
0.6536339521408081
0.37524378299713135
0.32314181327819824
0.5293200612068176
0.6383166313171387
0.2493690699338913
0.8372016549110413
0.4831463396549225
0.15980865061283112
0.5131109356880188
0.6093049645423889
0.643631100654602
0.46848830580711365
0.9041809439659119
0.7403041124343872
0.11263205856084824
0.6844016313552856
0.050453849136829376
0.3072909116744995
0.03877754136919975
0.6439797878265381
0.9852629899978638
0.661692202091217
0.13675996661186218
0.27035966515541077
0.330238938331604
0.5918129086494446
0.45810312032699585
0.9038255214691162
0.8216928243637085
0.769008219242096
0.47983935475349426
0.255334734916687
0.17786966264247894
0.18640191853046417
0.23780548572540283
0.08772938698530197
0.31156399846076965
0.7148643136024475
0.6377655863761902
0.5542062520980835
0.682944655418396
0.5504504442214966
0.027149807661771774
0.06799173355102539
0.2838036119937897
0.9504574537277222
0.07569210976362228
0.534371554851532
0.878290593624115
0.7435445785522461
0.02915140800178051
0.7273959517478943
0.1608331799507141
0.21523748338222504
0.1326960176229477
0.8523256778717041
0.7862994074821472
0.12395206093788147
0.25804686546325684
0.9444277286529541
0.9370549917221069
0.11742258816957474
0.6570701599121094
0.5118587017059326
0.743385374546051
0.4084032475948334
0.28470295667648315
0.6006402373313904
0.26742708683013916
0.9926733374595642
0.7537876963615417
0.12205949425697327
0.6623998284339905
0.8788040280342102
0.014449509792029858
0.13080868124961853
0.9337211847305298
0.3848285675048828
0.5033507943153381
0.4144509732723236
0.7914782166481018
0.6191384196281433
0.30972838401794434
0.1631254404783249
0.10503881424665451
0.3077383041381836
0.6257447600364685
0.9679909348487854
0.3304010331630707
0.6948594450950623
0.0022385320626199245
0.8051977753639221
0.5588563680648804
0.866788923740387
0.3562338054180145
0.7293075323104858
0.5479462742805481
0.733202338218689
0.8562413454055786
0.7132196426391602
0.7344794869422913
0.8696478605270386
0.13824884593486786
0.6660852432250977
0.5830615162849426
0.26763716340065
0.6119953393936157
0.47596970200538635
0.3392103612422943
0.004576435778290033
0.9913501739501953
0.5536112785339355
0.10975801199674606
0.6033515930175781
0.332064688205719
0.5472466349601746
0.5707489848136902
0.9836273193359375
0.6843410730361938
0.28357452154159546
0.2573181092739105
0.3349665701389313
0.8163306713104248
0.24415560066699982
0.41188520193099976
0.25492894649505615
0.9267886877059937
0.8368440866470337
0.8334217667579651
0.346066415309906
0.11422024667263031
0.24267150461673737
0.3581523001194
0.6553753614425659
0.5636441707611084
0.1744440644979477
0.2212485522031784
0.1884840577840805
0.08123930543661118
0.8632651567459106
0.32558438181877136
0.013262187130749226
0.3471759259700775
0.5702784061431885
0.7891611456871033
0.21650563180446625
0.7068712115287781
0.8215569257736206
0.10860362648963928
0.768829882144928
0.16309088468551636
0.8618530631065369
0.9088666439056396
0.5069687962532043
0.23736447095870972
0.7642412185668945
0.30118200182914734
0.18589887022972107
0.9817254543304443
0.4336232841014862
0.4671066999435425
0.8187791109085083
0.8250620365142822
0.08431442081928253
0.1837262511253357
0.7753411531448364
0.4200691878795624
0.7340166568756104
0.24565711617469788
0.44892197847366333
0.0356392003595829
0.8556892275810242
0.24741500616073608
0.17852190136909485
0.8188447952270508
0.2940758466720581
0.08273312449455261
0.46679550409317017
0.7270029783248901
0.6597303748130798
0.7439340353012085
0.9433860182762146
0.2080935686826706
0.18031267821788788
0.5981136560440063
0.07996237277984619
0.8986731171607971
0.23944763839244843
0.4275888502597809
0.8057265281677246
0.46447667479515076
0.24558235704898834
0.9147540330886841
0.6752570271492004
0.9108839631080627
0.7032397389411926
0.4135449528694153
0.5275272130966187
0.7028268575668335
0.24325352907180786
0.22710710763931274
0.6152523756027222
0.9635414481163025
0.19738058745861053
0.2516190707683563
0.3095971643924713
0.5241748690605164
0.8546133637428284
0.8193211555480957
0.6492622494697571
0.6862044334411621
0.9711873531341553
0.7305771708488464
0.8220495581626892
0.7848631143569946
0.39119720458984375
0.21479350328445435
0.910625696182251
0.3541504740715027
0.6883082389831543
0.19321544468402863
0.06164459139108658
0.41471391916275024
0.10710278898477554
0.5314660668373108
0.2603045701980591
0.615023672580719
0.14831511676311493
0.2887963056564331
0.6819866299629211
0.724480390548706
0.44050025939941406
0.8246805667877197
0.8362585306167603
0.31179267168045044
0.44418245553970337
0.37438759207725525
0.7816939949989319
0.6640734672546387
0.5500953197479248
0.427275687456131
0.7689690589904785
0.7792301177978516
0.801639199256897
0.4777359962463379
0.7457443475723267
0.7395779490470886
0.7715866565704346
0.14424090087413788
0.2597823441028595
0.22121767699718475
0.30691197514533997
0.16740816831588745
0.34297868609428406
0.1709032505750656
0.8924988508224487
0.12410400062799454
0.7666515111923218
0.6545345187187195
0.48711755871772766
0.9592797160148621
0.4965357184410095
0.3312576115131378
0.06651531904935837
0.14268337190151215
0.696273684501648
0.5753487348556519
0.15030968189239502
0.7351803183555603
0.7687779664993286
0.3739033341407776
0.23082509636878967
0.31598609685897827
0.9183870553970337
0.7775750160217285
0.0941481962800026
0.041507020592689514
0.5899852514266968
0.3027323782444
0.4460541307926178
0.057863008230924606
0.7410959601402283
0.3341748118400574
0.4738587439060211
0.5560385584831238
0.450343519449234
0.9305870532989502
0.7887250185012817
0.10840092599391937
0.3804430365562439
0.2735583484172821
0.6037814021110535
0.592436671257019
0.22159232199192047
0.5476587414741516
0.7516891956329346
0.7394648194313049
0.9484750032424927
0.42554205656051636
0.5083021521568298
0.4370231330394745
0.00792761892080307
0.3510979413986206
0.7235777378082275
0.4027225375175476
0.5271219611167908
0.6026790738105774
0.29309165477752686
0.9535804390907288
0.32818758487701416
0.9488056898117065
0.1921745240688324
0.32575511932373047
0.16515764594078064
0.17695385217666626
0.8883134722709656
0.1986944079399109
0.9409468770027161
0.018722182139754295
0.2931164503097534
0.5863726735115051
0.5978373289108276
0.3155737519264221
0.23325292766094208
0.8190812468528748
0.3443857729434967
0.4383845031261444
0.8200903534889221
0.04445987567305565
0.7133366465568542
0.15205560624599457
0.06006529927253723
0.4271355867385864
0.6609486937522888
0.2737172245979309
0.586776852607727
0.7498598098754883
0.3465847074985504
0.709103524684906
0.30823805928230286
0.1440325379371643
0.20962415635585785
0.09073514491319656
0.6884759664535522
0.4641387164592743
0.3363534212112427
0.5714724659919739
0.9679986238479614
0.19469408690929413
0.6139460206031799
0.2945551872253418
0.5983754396438599
0.3652527630329132
0.3703388273715973
0.6271209716796875
0.8666286468505859
0.24529752135276794
0.6798864006996155
0.7467802166938782
0.7345437407493591
0.028472857549786568
0.7142789959907532
0.31502535939216614
0.7564058899879456
0.3354382812976837
0.03965440392494202
0.9834012389183044
0.431304395198822
0.1621139943599701
0.19763469696044922
0.2638775408267975
0.6734316945075989
0.929029643535614
0.7246280312538147
0.11562170833349228
0.07915990054607391
0.7586348056793213
0.06305937469005585
0.19283245503902435
0.5809266567230225
0.9453083872795105
0.5118421316146851
0.9459092617034912
0.6159104704856873
0.38165098428726196
0.6816923022270203
0.07658696919679642
0.980556070804596
0.7185682058334351
0.8957197666168213
0.42819350957870483
0.6444361805915833
0.256440669298172
0.9950529932975769
0.13621099293231964
0.13893656432628632
0.1586092859506607
0.7019616961479187
0.41153213381767273
0.7295623421669006
0.5936287045478821
0.5982546806335449
0.809051513671875
0.5665054321289062
0.9133119583129883
0.07079986482858658
0.36469781398773193
0.2852537930011749
0.34343278408050537
0.99620521068573
0.48751300573349
0.3284800052642822
0.8482754826545715
0.1472461223602295
0.7732453346252441
0.2820439338684082
0.11952807754278183
0.13661915063858032
0.47101643681526184
0.198697030544281
0.8717249631881714
0.8438723087310791
0.5799201130867004
0.7531996965408325
0.05696888267993927
0.6127421259880066
0.7059112787246704
0.9674860239028931
0.5600735545158386
0.09843073040246964
0.5826146602630615
0.3458578586578369
0.9633970260620117
0.6840002536773682
0.7087741494178772
0.5176253914833069
0.1189803034067154
0.4004589915275574
0.9259876012802124
0.43164780735969543
0.16508401930332184
0.15328337252140045
0.487885057926178
0.9950600266456604
0.48333629965782166
0.5837779641151428
0.37258195877075195
0.31390541791915894
0.9174333810806274
0.48938488960266113
0.9984062314033508
0.4633558690547943
0.577279806137085
0.08091723173856735
0.8402680158615112
0.07052791118621826
0.16037426888942719
0.9966385364532471
0.7873256206512451
0.7605242133140564
0.5995549559593201
0.8223921656608582
0.43681836128234863
0.1480330377817154
0.9435374736785889
0.21010535955429077
0.37818852066993713
0.02424437552690506
0.9654393792152405
0.16639527678489685
0.24406498670578003
0.035952020436525345
0.3158893883228302
0.8892592787742615
0.6959684491157532
0.41264885663986206
0.4481664001941681
0.6963213682174683
0.2702530026435852
0.7379615306854248
0.14647607505321503
0.801928699016571
0.8331708908081055
0.28691163659095764
0.8915917873382568
0.4316859245300293
0.17598402500152588
0.7669442296028137
0.6252954006195068
0.9864893555641174
0.12729106843471527
0.844266951084137
0.37479710578918457
0.23514893651008606
0.24066303670406342
0.4054286479949951
0.5732374787330627
0.2032267451286316
0.05034933611750603
0.30619120597839355
0.8626888394355774
0.8771858215332031
0.7151491641998291
0.08529694378376007
0.1266118586063385
0.17555589973926544
0.8598788976669312
0.11191153526306152
0.21397285163402557
0.7817367315292358
0.6161496043205261
0.35401561856269836
0.0007724424940533936
0.5383168458938599
0.585837721824646
0.9140808582305908
0.4415571093559265
0.023826761171221733
0.3770432770252228
0.526735782623291
0.953571081161499
0.8513513207435608
0.04051733389496803
0.6020085215568542
0.19858233630657196
0.48437657952308655
0.7495077252388
0.13271524012088776
0.8717285990715027
0.059251535683870316
0.4779348373413086
0.8929233551025391
0.9718029499053955
0.9960163235664368
0.4970337450504303
0.7333012223243713
0.5774651169776917
0.3522716462612152
0.9573541283607483
0.8852930665016174
0.9851509928703308
0.6913955807685852
0.7356245517730713
0.4954538643360138
0.5166524648666382
0.48545408248901367
0.31262579560279846
0.4813069701194763
0.7324761748313904
0.7164885401725769
0.5774991512298584
0.9256358742713928
0.7561295032501221
0.2829994261264801
0.476495623588562
0.7077851295471191
0.8659734129905701
0.21023309230804443
0.5166584849357605
0.7441008687019348
0.45881888270378113
0.6070106625556946
0.39634937047958374
0.9321047067642212
0.528831958770752
0.44121691584587097
0.7200984954833984
0.012487933970987797
0.8766239881515503
0.30266815423965454
0.47625911235809326
0.7133806347846985
0.4308259189128876
0.4041050970554352
0.36446309089660645
0.5936603546142578
0.3998955488204956
0.7471998929977417
0.5349932909011841
0.13639670610427856
0.7903551459312439
0.8209510445594788
0.31310713291168213
0.7972197532653809
0.5060690641403198
0.9843707084655762
0.6532317996025085
0.6335185766220093
0.4570852220058441
0.029678862541913986
0.28195828199386597
0.1551845222711563
0.3456198573112488
0.4683147966861725
0.29357218742370605
0.048331405967473984
0.9384800791740417
0.5903124213218689
0.3925744295120239
0.05246545746922493
0.5711255669593811
0.9478065967559814
0.8426857590675354
0.6022024750709534
0.5731101632118225
0.567123293876648
0.26919791102409363
0.15773309767246246
0.9877079129219055
0.7656387090682983
0.7377104163169861
0.8165302872657776
0.9039061069488525
0.032505620270967484
0.40092167258262634
0.40197038650512695
0.2140156775712967
0.5888925790786743
0.7486127018928528
0.24029135704040527
0.3796931207180023
0.065570168197155
0.9875680804252625
0.8538361191749573
0.5966218113899231
0.8748460412025452
0.5204083919525146
0.7330315113067627
0.6218981742858887
0.7436249256134033
0.8344371914863586
0.9206712245941162
0.9084766507148743
0.1330176740884781
0.4623424708843231
0.6481367349624634
0.3568534553050995
0.42692095041275024
0.764345109462738
0.5197924971580505
0.5859436392784119
0.027025144547224045
0.46525564789772034
0.7554561495780945
0.7896978259086609
0.8918716907501221
0.5561749935150146
0.04296142980456352
0.334342360496521
0.18666434288024902
0.05976353958249092
0.9415874481201172
0.7447092533111572
0.005960211623460054
0.20858827233314514
0.6115372776985168
0.26415926218032837
0.510680079460144
0.7110528349876404
0.6804184913635254
0.9139690399169922
0.21029165387153625
0.2058454155921936
0.1358983814716339
0.8750371932983398
0.4545769691467285
0.8326951861381531
0.10144723206758499
0.8095557689666748
0.9959400296211243
0.989825963973999
0.48395001888275146
0.6332625150680542
0.3113206624984741
0.611569881439209
0.8411563038825989
0.5564243197441101
0.3353367745876312
0.42795056104660034
0.4754175841808319
0.2193620651960373
0.02472859062254429
0.8890731930732727
0.23750276863574982
0.5848689079284668
0.5543118715286255
0.9209328293800354
0.28250372409820557
0.1961711347103119
0.9192748069763184
0.3468817174434662
0.8067317605018616
0.769011914730072
0.9021874070167542
0.2648155987262726
0.6304439306259155
0.6358080506324768
0.3785354197025299
0.18221192061901093
0.6982824802398682
0.609010636806488
0.2246360033750534
0.3466390073299408
0.6053024530410767
0.514026403427124
0.09755851328372955
0.8463799953460693
0.182455912232399
0.14862675964832306
0.3690018951892853
0.18527141213417053
0.7400215268135071
0.417324960231781
0.8719191551208496
0.4828062355518341
0.6635444760322571
0.7172067761421204
0.6883667707443237
0.3027246296405792
0.960325300693512
0.49574437737464905
0.6918379664421082
0.3373664319515228
0.651168704032898
0.5240048170089722
0.76026451587677
0.324421226978302
0.5874179601669312
