512 2
0
255
281
1
67
206
2
23
190
3
357
381
4
99
483
5
43
353
6
224
252
7
41
362
8
74
464
9
45
464
10
88
467
11
16
150
12
333
446
13
138
195
14
108
279
15
56
234
16
119
246
0
17
384
18
290
466
19
301
369
20
115
182
21
107
236
22
300
360
23
60
463
24
397
497
2
25
117
26
177
186
27
275
399
1
28
206
29
204
347
12
30
174
31
313
392
32
212
294
33
37
294
22
34
291
35
72
161
36
102
414
37
371
382
38
154
287
17
39
423
40
182
415
41
73
360
42
94
249
43
102
470
44
81
97
45
375
424
46
150
431
47
68
459
48
197
315
49
74
418
50
105
123
51
124
173
13
52
153
53
236
402
54
449
477
30
55
330
53
56
469
57
270
372
58
108
335
59
201
241
4
60
427
54
61
339
0
62
417
63
228
492
64
179
263
30
65
122
66
130
318
9
67
90
68
165
482
6
69
331
70
84
263
71
156
254
72
135
441
73
165
183
74
409
434
60
75
90
76
153
434
77
360
424
19
78
216
79
183
198
80
105
146
81
265
397
82
300
477
83
84
440
84
205
427
85
210
292
86
126
480
87
415
432
88
203
380
89
171
382
90
179
482
91
246
359
92
239
395
93
140
173
94
414
418
95
168
257
58
96
246
97
428
491
98
211
482
99
343
350
58
100
142
101
247
266
15
19
102
103
123
474
104
362
497
100
105
122
12
106
239
38
107
496
108
226
248
109
415
424
110
217
317
67
111
305
112
135
343
48
113
461
114
373
389
73
115
365
116
347
435
117
306
324
109
118
281
49
98
119
113
120
166
103
121
358
8
122
361
109
123
349
124
250
345
125
255
277
126
349
409
125
127
368
52
128
400
129
145
338
5
36
130
85
131
180
132
325
494
47
133
367
134
212
300
135
184
203
14
136
208
137
352
445
138
271
319
139
408
481
140
225
330
141
152
262
43
142
278
143
208
369
144
365
422
131
145
373
146
179
490
21
147
492
75
148
448
149
257
504
150
341
379
151
327
415
56
152
377
153
179
490
154
175
329
155
193
275
156
225
394
83
157
180
14
158
451
125
159
188
160
425
426
161
385
413
156
162
309
35
163
340
164
335
383
165
302
305
54
166
227
167
293
406
90
119
168
131
169
202
170
236
478
171
247
477
124
172
457
173
294
479
174
184
441
175
426
508
176
253
400
12
177
238
123
178
194
179
229
358
180
410
486
165
181
461
174
182
332
178
183
443
184
321
404
185
298
455
102
186
390
187
369
454
179
188
339
125
189
229
169
190
277
60
111
191
6
192
477
27
44
193
176
194
328
195
202
363
138
196
403
163
197
378
143
198
246
146
158
199
3
141
200
124
201
366
35
98
202
101
200
203
204
398
502
205
244
309
89
206
500
25
207
493
159
208
418
209
347
433
210
292
386
211
287
487
169
212
361
174
213
448
51
91
214
215
383
426
166
216
340
73
217
252
68
123
218
219
457
499
220
256
498
221
281
356
18
222
471
39
171
223
224
257
487
4
225
319
226
271
429
218
227
371
181
228
475
229
296
510
108
230
495
231
339
484
74
188
232
138
159
233
28
234
335
92
235
437
75
119
236
113
205
237
106
238
317
154
206
239
144
240
390
157
241
380
141
242
410
133
164
243
94
129
244
225
245
334
134
246
351
86
247
392
248
292
369
161
249
403
242
250
433
227
251
379
0
252
345
51
253
500
142
254
261
46
63
255
177
220
256
257
261
458
99
258
295
37
259
365
260
264
499
102
261
320
122
186
262
176
258
263
64
243
264
147
265
394
103
209
266
193
267
449
207
268
281
84
269
317
67
201
270
156
245
271
205
272
346
183
273
320
274
431
494
161
224
275
63
276
495
277
344
445
161
226
278
196
279
496
188
193
280
37
281
453
37
282
397
153
193
283
64
284
334
285
318
482
269
286
321
70
287
317
192
288
328
74
211
289
290
361
451
79
291
346
51
292
324
157
293
297
49
294
427
227
263
295
296
304
469
120
130
297
240
298
410
227
299
331
141
292
300
285
301
410
149
302
510
8
235
303
304
327
401
305
460
478
124
306
417
212
307
496
209
308
337
195
309
444
79
310
508
134
311
430
112
312
462
313
411
428
197
314
427
124
315
469
93
316
399
205
311
317
156
173
318
179
319
388
55
320
494
302
321
326
34
80
322
107
165
323
205
324
434
98
137
325
27
309
326
113
327
400
99
172
328
219
329
460
330
387
391
259
331
498
166
261
332
301
333
377
334
441
456
24
335
459
175
336
419
170
337
357
215
288
338
153
339
481
196
245
340
6
341
409
20
262
342
54
149
343
17
140
344
83
314
345
152
199
346
304
347
482
205
346
348
104
335
349
177
350
395
3
351
484
256
352
462
74
309
353
295
354
486
136
355
447
141
356
376
229
357
475
81
358
432
14
188
359
183
253
360
197
361
473
137
362
396
295
330
363
56
267
364
251
365
489
364
366
383
8
367
456
151
327
368
186
369
438
160
363
370
138
371
483
126
372
480
291
337
373
316
374
501
39
208
375
64
311
376
320
377
469
230
375
378
119
379
427
82
380
494
6
125
381
88
154
382
383
466
492
36
60
384
234
324
385
231
265
386
123
286
387
296
320
388
81
287
389
335
390
417
247
306
391
264
392
414
60
393
494
388
393
394
395
460
501
75
158
396
69
343
397
71
398
426
17
145
399
74
225
400
155
357
401
314
402
418
53
355
403
50
138
404
37
51
405
227
262
406
154
173
407
7
220
408
136
340
409
241
354
410
140
295
411
238
344
412
46
211
413
168
353
414
222
340
415
34
205
416
311
417
445
143
194
418
222
355
419
86
420
505
147
205
421
10
18
422
85
423
432
277
424
445
213
392
425
57
205
426
20
370
427
294
344
428
306
363
429
17
430
488
158
431
441
211
432
500
76
393
433
155
434
474
106
305
435
421
436
458
116
195
437
255
409
438
8
439
453
299
384
440
141
297
441
150
442
471
138
391
443
297
344
444
300
445
487
114
446
455
113
160
447
327
448
488
3
371
449
9
398
450
27
30
451
65
153
452
43
237
453
77
158
454
258
455
498
116
456
494
368
418
457
145
258
458
178
444
459
241
318
460
125
259
461
51
57
462
263
343
463
71
372
464
444
465
477
223
466
483
2
335
467
445
468
471
357
425
469
93
238
470
358
471
479
115
274
472
12
199
473
213
321
474
90
215
475
273
415
476
121
370
477
296
333
478
216
479
508
81
285
480
43
443
481
182
451
482
110
398
483
179
276
484
24
485
497
94
418
486
257
487
488
62
402
488
108
336
489
225
464
490
244
412
491
127
440
492
360
468
493
113
444
494
137
403
495
150
488
496
172
291
497
48
476
498
14
322
499
46
299
500
225
227
501
71
363
502
44
67
503
42
77
504
159
420
505
210
476
506
52
352
507
55
196
508
60
304
509
216
384
510
421
441
511
0.018523922190070152
0.45829230546951294
0.25799256563186646
0.8761845231056213
0.7711515426635742
0.06095284968614578
0.8440531492233276
0.3482631742954254
0.25408920645713806
0.7074311375617981
0.48852136731147766
0.6253851056098938
0.04746822267770767
0.8184069991111755
0.3168491721153259
0.0189275611191988
0.008568604476749897
0.28385645151138306
0.12449952214956284
0.7835690975189209
0.6738972067832947
0.7457746863365173
0.3743339478969574
0.4362044036388397
0.12025900185108185
0.674542248249054
0.2888143062591553
0.41144680976867676
0.6988475322723389
0.9129487872123718
0.06280536204576492
0.8976212739944458
0.3519970774650574
0.2549611032009125
0.2670300602912903
0.6165943145751953
0.8231030106544495
0.43431708216667175
0.999998152256012
0.6543187499046326
0.7984088659286499
0.11601528525352478
0.16680191457271576
0.15585190057754517
0.9615234136581421
0.8011109828948975
0.7201725244522095
0.35488075017929077
0.6624102592468262
0.032719433307647705
0.9038388133049011
0.030606968328356743
0.7154005765914917
0.031483858823776245
0.9967074990272522
0.7323240637779236
0.9513154625892639
0.9598613381385803
0.09401657432317734
0.9334829449653625
0.8482531905174255
0.3076761066913605
0.570154070854187
0.9181442260742188
0.34221047163009644
0.2368692010641098
0.6122197508811951
0.5001500844955444
0.28287720680236816
0.9711074233055115
0.8161368370056152
0.08577388525009155
0.9151230454444885
0.4091237485408783
0.1632067859172821
0.11821926385164261
0.16718049347400665
0.3419932425022125
0.9069591760635376
0.9565152525901794
0.12117275595664978
0.9518951177597046
0.030986396595835686
0.5216127038002014
0.7021660208702087
0.32319727540016174
0.9026708602905273
0.9725671410560608
0.06131580471992493
0.9399673342704773
0.5016342997550964
0.029774131253361702
0.5164088606834412
0.6792797446250916
0.26544004678726196
0.23431193828582764
0.20410408079624176
0.5302156805992126
0.3689510226249695
0.060239966958761215
0.532341480255127
0.10283878445625305
0.8568043112754822
0.5690249800682068
0.22061987221240997
0.3418610095977783
0.66093909740448
0.970496416091919
0.18454155325889587
0.2150478959083557
0.7234734892845154
0.833702027797699
0.5607214570045471
0.7912809252738953
0.48491814732551575
0.8544245362281799
0.8925449848175049
0.8375040292739868
0.5189852118492126
0.5553736686706543
0.292629599571228
0.9469857811927795
0.5718480944633484
0.869988739490509
0.6158452033996582
0.11532671004533768
0.525579035282135
0.40275412797927856
0.16074518859386444
0.9363082051277161
0.8449085354804993
0.4263753592967987
0.608791708946228
0.8161680698394775
0.5772421956062317
0.38108035922050476
0.8566825985908508
0.4720631241798401
0.924902617931366
0.8331093192100525
0.07056214660406113
0.631024181842804
0.8736647367477417
0.382868230342865
0.7630182504653931
0.612256646156311
0.4191626310348511
0.47852957248687744
0.0628674328327179
0.1911417841911316
0.054151423275470734
0.3978210389614105
0.5797626972198486
0.30904874205589294
0.9604817628860474
0.16668710112571716
0.7125679850578308
0.399799644947052
0.25061872601509094
0.4042116105556488
0.14557071030139923
0.692557692527771
0.5056383013725281
0.3538392186164856
0.1575535237789154
0.87809157371521
0.47651439905166626
0.06649357825517654
0.7306052446365356
0.5811050534248352
0.9073086380958557
0.8326292037963867
0.5135077834129333
0.7946284413337708
0.6095644235610962
0.9754428863525391
0.5800981521606445
0.2218228131532669
0.5103647112846375
0.33540862798690796
0.5915254354476929
0.30458489060401917
0.1622692197561264
0.70416659116745
0.9557368755340576
0.3853972256183624
0.40674251317977905
0.8041212558746338
0.013146976009011269
0.0583055205643177
0.29262393712997437
0.7556703090667725
0.7056986689567566
0.518517017364502
0.43947920203208923
0.24649649858474731
0.1267704963684082
0.6173015236854553
0.9121628999710083
0.34537407755851746
0.41602203249931335
0.38358646631240845
0.3687002956867218
0.29465818405151367
0.7414979934692383
0.9346180558204651
0.027498384937644005
0.21658383309841156
0.5623003840446472
0.0426071435213089
0.5229920744895935
0.2317068874835968
0.3484496474266052
0.9799571633338928
0.099715955555439
0.36116334795951843
0.7103769183158875
0.046016331762075424
0.6235119104385376
0.8519145250320435
0.11909320205450058
0.4970620274543762
0.6251190900802612
0.8349342346191406
0.20719808340072632
0.463125079870224
0.6791120171546936
0.5098084211349487
0.4636799693107605
0.7684599161148071
0.21317937970161438
0.025925785303115845
0.03039385937154293
0.37007877230644226
0.9300875067710876
0.19347621500492096
0.936946451663971
0.9851773977279663
0.49502551555633545
0.26775801181793213
0.031748779118061066
0.5283786654472351
0.20887726545333862
0.36516085267066956
0.10276168584823608
0.43445655703544617
0.27614152431488037
0.8075958490371704
0.6586552262306213
0.5514301657676697
0.3610793352127075
0.9089651703834534
0.1351490467786789
0.15772734582424164
0.2138589471578598
0.8334091305732727
0.435940682888031
0.4272231161594391
0.7400072813034058
0.04143444076180458
0.26326432824134827
0.3206515312194824
0.3582238554954529
0.7694216966629028
0.43031737208366394
0.6322003602981567
0.31945961713790894
0.963539183139801
0.8768430352210999
0.15626226365566254
0.9496408700942993
0.42980045080184937
0.20148518681526184
0.1749165803194046
0.2711382210254669
0.9044448733329773
0.9356619119644165
0.08826733380556107
0.2082955688238144
0.31391605734825134
0.4355997145175934
0.8280181288719177
0.01901543326675892
0.7053438425064087
0.5131955146789551
0.5194580554962158
0.1250361204147339
0.6893457770347595
0.84388667345047
0.10928325355052948
0.1438998430967331
0.23000644147396088
0.5334349870681763
0.4105396270751953
0.3188730478286743
0.5625549554824829
0.46081990003585815
0.4249480366706848
0.9296814799308777
0.8414580821990967
0.9113796353340149
0.7057605385780334
0.635730504989624
0.6521496772766113
0.4731404185295105
0.14792509377002716
0.6231660842895508
0.8085247278213501
0.22412297129631042
0.1203267052769661
0.8792752623558044
0.9561828374862671
0.4834061861038208
0.5279979705810547
0.25984740257263184
0.04269927740097046
0.8006317615509033
0.9114224314689636
0.1946917176246643
0.92324298620224
0.6415295004844666
0.6836079359054565
0.3780885636806488
0.5939899682998657
0.18759547173976898
0.6101807951927185
0.47116410732269287
0.27028048038482666
0.17804373800754547
0.05967635661363602
0.7313858866691589
0.938163697719574
0.2241024523973465
0.041966427117586136
0.15937942266464233
0.07567310333251953
0.3420507311820984
0.7787359952926636
0.09387350082397461
0.3345583975315094
0.35056954622268677
0.5906683206558228
0.8801025748252869
0.8710309863090515
0.5468279719352722
0.6701666116714478
0.3612411916255951
0.7866594195365906
0.13666687905788422
0.2188354730606079
0.8412339091300964
0.006644816603511572
0.3090997040271759
0.36028075218200684
0.6866458654403687
0.5026067495346069
0.013800235465168953
0.19818232953548431
0.6523100137710571
0.25538134574890137
0.9601253271102905
0.8812413811683655
0.9641148447990417
0.5873702168464661
0.043597638607025146
0.7957207560539246
0.3205249607563019
0.14081792533397675
0.055599480867385864
0.46456873416900635
0.4946047365665436
0.03338503837585449
0.5577898025512695
0.6666349768638611
0.19589388370513916
0.8670932650566101
0.7693104147911072
0.6024036407470703
0.2235802263021469
0.31433793902397156
0.9715646505355835
0.28723299503326416
0.2357725203037262
0.13006943464279175
0.5860137939453125
0.601203441619873
0.9616612195968628
0.7438609600067139
0.03142092749476433
0.13462784886360168
0.22389689087867737
0.1183343455195427
0.5690869688987732
0.43291252851486206
0.9240140914916992
0.4026510715484619
0.013022522442042828
0.41886478662490845
0.9307477474212646
0.5962008237838745
0.3597865700721741
0.2329588234424591
0.30257704854011536
0.9361313581466675
0.18598225712776184
0.9414481520652771
0.41197848320007324
0.21385200321674347
0.07508847117424011
0.0685863345861435
0.29511961340904236
0.1558094620704651
0.36717700958251953
0.6650031208992004
0.6209247708320618
0.7520021200180054
0.547817587852478
0.733317494392395
0.6295545101165771
0.8382606506347656
0.2828391194343567
0.48521900177001953
0.9317259192466736
0.6054103374481201
0.43864941596984863
0.9125024676322937
0.9163504838943481
0.42396166920661926
0.6214443445205688
0.5641162991523743
0.6172024607658386
0.5585208535194397
0.7771530747413635
0.6459245681762695
0.8453375101089478
0.13284459710121155
0.9070914387702942
0.5733798742294312
0.009407147765159607
0.7843101024627686
0.452821284532547
0.4023389518260956
0.8718017339706421
0.7770702242851257
0.4105425179004669
0.042965568602085114
0.20442889630794525
0.3371475338935852
0.3744904696941376
0.9712212085723877
0.3397755026817322
0.2708682417869568
0.92197185754776
0.18256570398807526
0.21640920639038086
0.11918066442012787
0.3278302550315857
0.21855440735816956
0.7905293703079224
0.41184908151626587
0.07220525294542313
0.25344118475914
0.5772524476051331
0.06520724296569824
0.7200285792350769
0.6720491051673889
0.9648756384849548
0.8795859217643738
0.1786447912454605
0.9726058840751648
0.3178350627422333
0.8696422576904297
0.2490309476852417
0.5385392904281616
0.03232978656888008
0.5006832480430603
0.7696918845176697
0.5760394930839539
0.10814080387353897
0.8235360980033875
0.773313045501709
0.6339539289474487
0.7024383544921875
0.2989596426486969
0.48724257946014404
0.5496540665626526
0.4041116237640381
0.6528282761573792
0.33094942569732666
0.12380634248256683
0.8977707028388977
0.7194167971611023
0.7296860814094543
0.9356626272201538
0.28054094314575195
0.6018935441970825
0.8103810548782349
0.13953852653503418
0.7334913015365601
0.8025268316268921
0.9186590909957886
0.7991422414779663
0.23494258522987366
0.8832575082778931
0.548584520816803
0.5592875480651855
0.5437572598457336
0.5021409392356873
0.8884243965148926
0.7892459034919739
0.4413979649543762
0.6848973035812378
0.2735295295715332
0.1192445456981659
0.9066603779792786
0.41819867491722107
0.05531947687268257
0.8701397776603699
0.9011132121086121
0.18675446510314941
0.08774542063474655
0.22762387990951538
0.26001468300819397
0.7431944012641907
0.3598313629627228
0.4803442060947418
0.26776188611984253
0.2105611115694046
0.8374667763710022
0.519070565700531
0.20740628242492676
0.5173121690750122
0.9515801668167114
0.35095736384391785
0.44117334485054016
0.6712431311607361
0.2613120377063751
0.7012630701065063
0.11470182240009308
0.603718638420105
0.36644110083580017
0.14011617004871368
0.7282318472862244
0.29570189118385315
0.9183418154716492
0.5966075658798218
0.586196780204773
0.8725637793540955
0.7038490772247314
0.9703577160835266
0.2906489670276642
0.3995782732963562
0.7242865562438965
0.6462253332138062
0.2727122902870178
0.30185750126838684
0.14464251697063446
0.15782828629016876
0.10670328885316849
0.33628541231155396
0.5317514538764954
0.9740849137306213
0.7368078231811523
0.340462327003479
0.9701769351959229
0.6334989666938782
0.09778421372175217
0.4113878607749939
0.43355005979537964
0.04956929385662079
0.9165469408035278
0.9351894855499268
0.16302399337291718
0.7857189178466797
0.1160348504781723
0.3599872291088104
0.27800145745277405
0.9102425575256348
0.7380467057228088
0.1144985780119896
0.1875137835741043
0.8958876132965088
0.7514742612838745
0.6544115543365479
0.6603385210037231
0.4367383122444153
0.20875845849514008
0.33215662837028503
0.5227034091949463
0.590742826461792
0.5282078981399536
0.7243258953094482
0.9223095178604126
0.04964061826467514
0.2235129177570343
0.5310413837432861
0.39679956436157227
0.9656738042831421
0.9625508785247803
0.9184206128120422
0.7907995581626892
0.6625943183898926
0.7895057797431946
0.7489849328994751
0.32533153891563416
0.2979661822319031
0.6200340986251831
0.8779876232147217
0.9774467349052429
0.316733717918396
0.17485027015209198
0.8129140138626099
0.7788239121437073
0.5164649486541748
0.37362799048423767
0.49645304679870605
0.35639628767967224
0.2848016619682312
0.40199875831604004
0.1824490875005722
0.6221029162406921
0.06213438883423805
0.9752981066703796
0.9519964456558228
0.911223828792572
0.1731320321559906
0.07537194341421127
0.4256972372531891
0.8065226674079895
0.68727707862854
0.06098776310682297
0.06764107197523117
0.9029191732406616
0.02698003314435482
0.13775333762168884
0.1178189367055893
0.10211766511201859
0.3514283001422882
0.8913014531135559
0.37047508358955383
0.6188977956771851
0.269093781709671
0.03214939311146736
0.4277113080024719
0.7684673070907593
0.6749159693717957
0.7825393080711365
0.0759304016828537
0.7174949049949646
0.6331993937492371
0.6073002815246582
0.8913353085517883
0.7692065834999084
0.9103894829750061
0.876765787601471
0.9320076107978821
0.21682359278202057
0.0715392455458641
0.7227109670639038
0.48502135276794434
0.4779486358165741
0.6887789964675903
0.48564618825912476
0.12960822880268097
0.6744053959846497
0.8158692121505737
0.9594678282737732
0.8930773138999939
0.06780155748128891
0.12151242792606354
0.12863360345363617
0.6026172637939453
0.556102991104126
0.29837024211883545
0.7696121335029602
0.8435815572738647
0.11218564212322235
0.06316018104553223
0.43776631355285645
0.673509955406189
0.9772347211837769
0.9997861981391907
0.3651916980743408
0.15328508615493774
0.7173306345939636
0.7113208770751953
0.9923301339149475
0.8143938779830933
0.6931926608085632
0.8141942620277405
0.60634845495224
0.9938991069793701
0.5170668363571167
0.6355893015861511
0.5829306840896606
0.060831211507320404
0.00033964304020628333
0.8364599347114563
0.30260562896728516
0.5090933442115784
0.30294281244277954
0.7250103950500488
0.47146716713905334
0.752683162689209
0.5382726192474365
0.7654702067375183
0.702193021774292
0.9028055667877197
0.6393566131591797
0.9153046011924744
0.5969343781471252
0.8878118991851807
0.4450467824935913
0.1950102001428604
0.49767550826072693
0.4927172064781189
0.0332895889878273
0.7450251579284668
0.34109774231910706
0.029867036268115044
0.243883416056633
0.7284027934074402
0.005361591465771198
0.28165319561958313
0.0989670529961586
0.5188314914703369
0.14511056244373322
0.920845627784729
0.42637720704078674
0.6966540813446045
0.1137394905090332
0.20577947795391083
0.662945032119751
0.29107752442359924
0.4080332815647125
0.6038567423820496
0.9713571667671204
0.41099080443382263
0.5944352149963379
0.4020575284957886
0.6342793703079224
0.03577578067779541
0.43868717551231384
0.129365473985672
0.034639447927474976
0.9884207844734192
0.7246277928352356
0.5934070348739624
0.900640606880188
0.9338297247886658
0.14087241888046265
0.5256739854812622
0.6277590990066528
0.09168334305286407
0.2664983570575714
0.029421541839838028
0.9440085291862488
0.5945829153060913
0.21569465100765228
0.1452304720878601
0.043165918439626694
0.9842438101768494
0.6492487192153931
0.47171148657798767
0.213285893201828
0.14562706649303436
0.6478649377822876
0.6768597960472107
0.46502387523651123
0.8931019306182861
0.32630231976509094
0.34790170192718506
0.781455934047699
0.16186796128749847
0.9928106665611267
0.8110222220420837
0.3945073187351227
0.6849214434623718
0.057753290981054306
0.36780983209609985
0.8201565742492676
0.08339514583349228
0.8237967491149902
0.44679951667785645
0.9837222099304199
0.9950311779975891
0.15863436460494995
0.9866582751274109
0.5459632277488708
0.8997133374214172
0.9746130108833313
0.775306224822998
0.7944535613059998
0.5832503437995911
0.10272637754678726
0.8374946713447571
0.9639294147491455
0.5323787927627563
0.41629546880722046
0.8552442789077759
0.753349781036377
0.34708547592163086
0.17647430300712585
0.7664167881011963
0.324882447719574
0.049106404185295105
0.5852307081222534
0.6037281155586243
0.5841391682624817
0.5372323393821716
0.9253011345863342
0.13259652256965637
0.17901986837387085
0.5566369891166687
0.5360240340232849
0.23506450653076172
0.2745407521724701
0.09445886313915253
0.6101157069206238
0.8824753165245056
0.13287651538848877
0.9817402958869934
0.940653920173645
0.8421778678894043
0.5829112529754639
0.6797649264335632
0.9446286559104919
0.8587159514427185
0.6400180459022522
0.8341480493545532
0.6320933699607849
0.8567501902580261
0.5404257774353027
0.4702683687210083
0.2759157717227936
0.4739147424697876
0.6838003396987915
0.4524640142917633
0.8403803706169128
0.9715400338172913
0.5626484155654907
0.839371919631958
0.5759893655776978
0.7543533444404602
0.408863365650177
0.1493319422006607
0.7070376873016357
0.7736487984657288
0.7306528091430664
0.6048220992088318
0.7225332260131836
0.9489051103591919
0.3648245930671692
0.25227832794189453
0.35739415884017944
0.4956471920013428
0.52064448595047
0.4674501419067383
0.5599365234375
0.8697713017463684
0.245498925447464
0.810523509979248
0.6041300892829895
0.2002694010734558
0.40867292881011963
0.9998767971992493
0.016931647434830666
0.28328320384025574
0.13684648275375366
0.8117554783821106
0.00927026942372322
0.6752764582633972
0.2327832579612732
0.20956221222877502
0.39411166310310364
0.322458416223526
0.30873897671699524
0.41479402780532837
0.6566509008407593
0.20437608659267426
0.32622233033180237
0.2560334801673889
0.6113146543502808
0.9770688414573669
0.42520952224731445
0.36078256368637085
0.9941717982292175
0.7930305600166321
0.6233513951301575
0.6056238412857056
0.11326560378074646
0.4421961307525635
0.8695441484451294
0.8932953476905823
0.5014506578445435
0.5806114673614502
0.7808942198753357
0.3371568024158478
0.8927055597305298
0.6124658584594727
0.9632870554924011
0.8257181644439697
0.9126768112182617
0.9276215434074402
0.7824907898902893
0.9677887558937073
0.256136953830719
0.5339792966842651
0.7444618940353394
0.6162320375442505
0.8546298742294312
0.8429637551307678
0.6187379956245422
0.04474750906229019
0.4374803602695465
0.9134740233421326
0.8312644958496094
0.49344372749328613
0.0955374538898468
0.6119877696037292
0.7270576357841492
0.12065114080905914
0.008758113719522953
0.5966836810112
0.48627781867980957
0.12207776308059692
0.4031665325164795
0.5698610544204712
0.6652398109436035
0.8673313856124878
0.3101191222667694
0.3853786587715149
0.0648253932595253
0.06252304464578629
0.36643680930137634
0.6210097670555115
0.40292760729789734
0.691443145275116
0.8190032243728638
0.13894279301166534
0.7895248532295227
0.6328778266906738
0.44274553656578064
0.4779827892780304
0.7044183611869812
0.6557577848434448
0.4694364368915558
0.9605041742324829
0.9057811498641968
0.18408571183681488
0.9325053095817566
0.16091687977313995
0.1502726972103119
0.3821450471878052
0.7377814650535583
0.5359942317008972
0.7459226250648499
0.4912523329257965
0.9236119389533997
0.021381590515375137
0.702854335308075
0.5610420107841492
0.562338650226593
0.40538108348846436
0.6771860122680664
0.6158230900764465
0.9158591032028198
0.11573857814073563
0.8434131741523743
0.20774804055690765
0.18784205615520477
0.01710345409810543
0.2388353943824768
0.028469143435359
0.8516725301742554
0.16112764179706573
0.48080727458000183
0.48606041073799133
0.5483613014221191
0.06674191355705261
0.18272602558135986
0.14196516573429108
0.560412585735321
0.029586393386125565
0.5512268543243408
0.09471976011991501
0.20252783596515656
0.6276853084564209
0.21908031404018402
0.21314525604248047
0.042618852108716965
0.788404107093811
0.9108278751373291
0.2592117488384247
0.74903804063797
0.35538485646247864
0.5598881244659424
0.7733755111694336
0.27626582980155945
0.19954684376716614
0.5676610469818115
0.6012723445892334
0.843561589717865
0.2045234590768814
0.9188777208328247
0.07540793716907501
0.8642260432243347
0.08174525946378708
0.7330210208892822
0.150527685880661
0.8812419176101685
0.016764359548687935
0.5346419811248779
0.7778254747390747
0.5799437165260315
0.8473259806632996
0.08884105831384659
0.6959570050239563
0.4674088656902313
0.11988156288862228
0.5665412545204163
0.9546497464179993
0.732527494430542
0.2873433232307434
0.40549203753471375
0.199883371591568
0.7445904016494751
0.10557030141353607
0.946378767490387
0.2390497475862503
0.5862632393836975
0.08241983503103256
0.8403552174568176
0.6269264817237854
0.717477560043335
0.3550686240196228
0.9557861089706421
0.5364217162132263
0.9988440871238708
0.7232739925384521
0.21128995716571808
0.3932347893714905
0.16219128668308258
0.5669597387313843
0.541737973690033
0.6799259781837463
0.8569707274436951
0.9284957647323608
0.20102043449878693
0.23506736755371094
0.5981932878494263
0.6773399710655212
0.3079405725002289
0.3010924458503723
0.9313720464706421
0.3184588849544525
0.9157600998878479
0.042147669941186905
0.16235323250293732
0.9579863548278809
0.7579063177108765
0.2796880304813385
0.3997213542461395
0.7553668022155762
0.16427652537822723
0.6371033191680908
0.9596640467643738
0.08017127960920334
0.8702837824821472
0.28839990496635437
0.8367785215377808
0.07698345184326172
0.0538310669362545
0.6871673464775085
0.6072829365730286
0.29702630639076233
0.6548792123794556
0.7447938919067383
0.8168773651123047
0.5606532692909241
0.992358922958374
0.9943186640739441
0.1678614765405655
0.0945335105061531
0.6606582999229431
0.05089317634701729
0.5924627780914307
0.4326951205730438
0.925189733505249
0.7938593029975891
0.5987007021903992
0.2230982482433319
0.34411028027534485
0.8107492327690125
0.16964532434940338
0.7101799249649048
0.7351948618888855
0.21480634808540344
0.2794187366962433
0.5666505098342896
0.46879133582115173
0.8155774474143982
0.22890441119670868
0.05617468059062958
0.8152495622634888
0.9519031047821045
0.7988783121109009
0.8476400375366211
0.17853803932666779
0.5079723000526428
0.9477868676185608
0.5507581830024719
0.8579297661781311
0.07883965224027634
0.08150972425937653
0.3586679697036743
0.7655616998672485
0.5987668633460999
0.23240625858306885
0.9524127840995789
0.4464143216609955
0.690466582775116
0.6249977946281433
0.08334255963563919
0.27203017473220825
0.30529600381851196
0.047769322991371155
0.4524107873439789
0.46149060130119324
0.2173149138689041
0.8465949296951294
0.6615761518478394
0.8263342976570129
0.3259846568107605
0.9887309074401855
0.8520474433898926
0.9746736288070679
0.8722626566886902
0.06537404656410217
0.08719562739133835
0.9866752624511719
0.8898512125015259
0.3835401237010956
0.5033552646636963
0.541161060333252
0.2907685339450836
0.03691141679883003
0.45901647210121155
0.6056815385818481
0.15780822932720184
0.17650094628334045
0.3682727813720703
0.5308786034584045
0.9143232107162476
0.34362027049064636
0.9057909846305847
0.28834518790245056
0.3094589412212372
0.1936703324317932
0.576172411441803
0.13862308859825134
0.3455568552017212
0.5181882977485657
0.4684930443763733
0.676301896572113
0.7996740341186523
0.7901005744934082
0.8319811224937439
0.08964946866035461
0.1914450079202652
0.18695829808712006
0.9559236764907837
0.18293529748916626
0.3485800623893738
0.10909261554479599
0.4355008900165558
0.895490288734436
0.940772294998169
0.6784315705299377
0.9432308673858643
0.8282325267791748
0.33645328879356384
0.20245899260044098
0.33996281027793884
0.5233209729194641
0.4686606228351593
0.9713836908340454
0.6591067910194397
0.027340596541762352
0.4452614188194275
0.026584679260849953
0.8155003786087036
0.9228460788726807
0.00829550065100193
0.6292586922645569
0.6618390679359436
0.6252298355102539
0.43080198764801025
0.8449894785881042
0.22325904667377472
0.3204539120197296
0.6947584748268127
0.5966631770133972
0.1498149335384369
0.7388172745704651
0.8673409819602966
0.6066502332687378
0.29284757375717163
0.6765826344490051
0.5143481492996216
0.7976953387260437
0.03396309167146683
0.9381356835365295
0.355875700712204
0.2931787073612213
0.43052396178245544
0.7658442854881287
0.05387522280216217
0.7463707327842712
0.41697171330451965
0.6066427230834961
0.1803802102804184
0.8076547384262085
0.048102494329214096
0.2347184270620346
0.8865528702735901
0.2930217981338501
0.9843099117279053
0.2591342329978943
0.43651115894317627
0.9762866497039795
0.9137519598007202
0.30646517872810364
0.8263314366340637
0.7172268629074097
0.061861421912908554
0.016962209716439247
0.27111026644706726
0.4329383373260498
0.5785019397735596
0.5125141739845276
0.5574057102203369
0.6489360332489014
0.8327051997184753
0.0930684432387352
0.9493910670280457
0.5988984107971191
0.026725681498646736
0.734497606754303
0.1587638556957245
0.4457494020462036
0.6831735372543335
0.24223880469799042
0.932567834854126
0.9341115355491638
0.8012790679931641
0.11801266670227051
0.9842736721038818
0.14182884991168976
0.4737705588340759
0.33542028069496155
0.7802656292915344
0.7127607464790344
0.4223291873931885
0.954866886138916
0.17011234164237976
0.15097276866436005
0.7771394848823547
0.31401097774505615
0.32793113589286804
0.3545035719871521
0.2029827982187271
0.9193693995475769
0.41415825486183167
0.46400243043899536
0.06635473668575287
0.08065151423215866
0.49493440985679626
0.9304254055023193
0.41556698083877563
0.09395664930343628
0.157660573720932
0.9383909106254578
0.4918864369392395
0.8540038466453552
0.07207535207271576
0.5841403007507324
0.38202887773513794
0.21662212908267975
0.17190536856651306
0.1601284295320511
0.7905868291854858
0.46306949853897095
0.5784214735031128
0.5552599430084229
0.9421612024307251
0.7803135514259338
0.9210350513458252
0.6991333365440369
0.0005022159893997014
0.37810230255126953
0.6260946393013
0.5565366744995117
0.6361221075057983
0.89680415391922
0.5485213398933411
0.21686038374900818
0.3341207206249237
0.06284469366073608
0.7783538699150085
0.7601315975189209
0.4296395778656006
0.41955605149269104
0.03543977439403534
0.5054309964179993
0.4035550653934479
0.4369453489780426
0.3930507302284241
0.6349640488624573
0.42586058378219604
0.2499171793460846
0.8176156878471375
0.9786683917045593
0.7240947484970093
0.10798416286706924
0.7000763416290283
0.4203907549381256
0.16138797998428345
0.5410031676292419
0.8488590121269226
0.43414369225502014
0.909917950630188
0.8032029867172241
0.448637455701828
0.2565450072288513
0.9918044805526733
0.8863357901573181
0.2351226657629013
0.07602757215499878
0.7293463349342346
0.21092228591442108
0.6754213571548462
0.7210037112236023
0.4688378870487213
0.8712548613548279
0.32083630561828613
0.2020212858915329
0.06648298352956772
0.39915695786476135
0.3069581985473633
0.2534940242767334
0.3527323305606842
0.7765946388244629
0.9278981685638428
0.22346405684947968
0.24673400819301605
0.3255194425582886
0.0045243422500789165
0.5499809980392456
0.554328441619873
0.830727756023407
0.29181137681007385
0.393427312374115
0.7705770134925842
0.614689826965332
0.4111737608909607
0.7893226146697998
0.5575608015060425
0.9682976007461548
0.8777121901512146
0.06611911207437515
0.08196182548999786
0.6913947463035583
0.9043986797332764
0.5565178990364075
0.13704609870910645
0.3116850256919861
0.9456584453582764
0.7484298348426819
0.16696800291538239
0.685818076133728
0.3715539872646332
0.5308303236961365
0.7257363796234131
0.8060250878334045
0.3850586712360382
0.41324320435523987
0.47786998748779297
0.2895795702934265
0.2882772386074066
0.4142829477787018
0.04615980386734009
0.5699682235717773
0.45380568504333496
0.36787664890289307
0.5782639384269714
0.27065831422805786
0.30143389105796814
0.9700362086296082
0.5348724722862244
0.8904531002044678
0.9340662360191345
0.8168964982032776
0.752572238445282
0.10523083060979843
0.9025235772132874
0.48631954193115234
0.3946315348148346
0.9873332381248474
0.5188336968421936
0.06896268576383591
0.4738462567329407
0.6189315319061279
0.45938658714294434
0.5571718811988831
0.9593326449394226
0.9241203665733337
0.8122369647026062
0.758338212966919
0.8619958758354187
0.9749742746353149
0.8210369348526001
0.4184475243091583
0.8227202296257019
0.8459773063659668
0.30863991379737854
0.11723065376281738
0.6964210867881775
0.8989624977111816
0.1790321171283722
0.8803998827934265
0.5638798475265503
0.4313766360282898
0.5613913536071777
0.5529197454452515
0.35604172945022583
0.4590212106704712
0.3742380440235138
0.5599919557571411
0.5589536428451538
0.6087894439697266
0.04805054888129234
0.6857569813728333
0.0206973385065794
0.18102751672267914
0.9383139610290527
0.9773566126823425
0.9603614211082458
0.470799058675766
0.6230925917625427
0.7941864728927612
0.4985406696796417
0.019565001130104065
0.2504163682460785
0.17901736497879028
0.7166686058044434
0.4541877806186676
0.18505625426769257
0.4934988021850586
0.27888062596321106
0.36105066537857056
0.5814663171768188
0.39212432503700256
0.2968350350856781
0.5470970273017883
0.5377062559127808
0.04633616656064987
0.6705806255340576
0.3994709849357605
0.4121403694152832
0.546220064163208
0.26568469405174255
0.6696510910987854
0.9571257829666138
0.1864377111196518
0.7188447117805481
0.7173139452934265
0.6854378581047058
0.40381819009780884
0.8695754408836365
0.8222994208335876
0.18630558252334595
0.5960295796394348
0.8918507695198059
0.6782296299934387
0.3757753074169159
0.07996124029159546
0.04152003675699234
0.6374373435974121
0.6887749433517456
0.9913510680198669
0.7609311938285828
0.49138855934143066
0.3666573166847229
0.4098424017429352
0.613547682762146
0.36385592818260193
0.11155302822589874
0.9414858818054199
0.9202684164047241
0.7534677982330322
0.49633193016052246
0.8984747529029846
0.48214805126190186
0.6468173265457153
0.012743987143039703
0.835720956325531
0.6048575639724731
0.4390923082828522
0.09534794837236404
0.06771066784858704
0.882452130317688
0.32634299993515015
0.22978319227695465
0.20327818393707275
0.4138999879360199
0.6083394289016724
0.015983514487743378
0.42923951148986816
0.8285435438156128
0.9946722984313965
0.4678369164466858
0.5379577875137329
0.09844159334897995
0.8067176342010498
0.7275374531745911
0.8980568051338196
0.9925416707992554
0.054860178381204605
0.23983241617679596
0.020209679380059242
0.130698099732399
0.8793144226074219
0.6906384229660034
0.2661125957965851
0.47262710332870483
0.7716311812400818
0.22401168942451477
0.5423732399940491
0.05567283555865288
0.8240128755569458
0.9552130103111267
0.1352679431438446
0.1707344949245453
0.6057564616203308
0.2952652871608734
0.18668311834335327
0.1204027384519577
0.007182497996836901
0.7390972375869751
0.7544716000556946
0.6768377423286438
0.5778059363365173
0.4531294107437134
0.34995409846305847
0.8833348155021667
0.511290967464447
0.08448629826307297
0.21179860830307007
0.7237515449523926
0.841890811920166
0.9189691543579102
0.6532832384109497
0.8519221544265747
0.31386810541152954
0.9584394693374634
0.7528627514839172
0.6801854968070984
0.08674967288970947
0.4081985354423523
0.10048633813858032
0.03599128872156143
0.9460163712501526
0.16425642371177673
0.747002899646759
0.5719780325889587
0.7623780369758606
0.3805171549320221
0.6362860202789307
0.5339558720588684
0.13474683463573456
0.8946552872657776
0.5510103106498718
0.747587263584137
0.2397385835647583
0.4318457841873169
0.13793399930000305
0.31193816661834717
0.8516367077827454
0.27564141154289246
0.6238614320755005
0.9614458680152893
0.7453157901763916
0.7805489897727966
0.3672482371330261
0.8942738771438599
0.12599077820777893
0.5609245300292969
0.32095372676849365
0.05853181332349777
0.8406578302383423
0.0773739144206047
0.35932493209838867
0.049978818744421005
0.25176894664764404
0.21171249449253082
0.4931650757789612
0.6833958625793457
0.12902937829494476
0.9079355597496033
0.4954128861427307
0.26032212376594543
0.7234578728675842
0.9961926937103271
0.9594427347183228
0.6299027800559998
0.7735929489135742
0.9933931827545166
0.6609148383140564
0.06109968200325966
0.09622222930192947
0.6899687051773071
0.4589155316352844
0.2779947519302368
0.5743346214294434
0.09674377739429474
0.18813848495483398
0.21816976368427277
0.8113082051277161
0.12469080090522766
0.7117534279823303
0.5199043154716492
0.8398886919021606
0.21645471453666687
0.5545339584350586
0.41485199332237244
0.519953727722168
0.8498951196670532
0.7146077156066895
0.8332725167274475
0.7458211183547974
0.7657575011253357
0.3595639169216156
0.24963662028312683
0.7370181083679199
0.38123148679733276
0.9187154173851013
0.9521879553794861
0.12018720805644989
0.20447523891925812
0.8765575289726257
0.18686255812644958
0.5591930150985718
0.14083264768123627
0.7945929765701294
0.6879347562789917
0.48506608605384827
0.5041584372520447
0.6959360837936401
0.880744218826294
0.8822725415229797
0.6725799441337585
0.10324880480766296
0.8084309101104736
0.5849406719207764
0.4916307330131531
0.941371500492096
0.0942346379160881
0.6049516201019287
0.03509529307484627
0.2246478945016861
0.24461671710014343
0.060669124126434326
0.34995487332344055
0.4265916347503662
0.46362265944480896
0.677966833114624
0.8294821977615356
0.7639319896697998
0.18329782783985138
0.7692131400108337
0.3057986795902252
0.8686338067054749
0.9219290018081665
0.8126477599143982
0.09112263470888138
0.929413378238678
0.807506263256073
0.6811217665672302
0.6349138021469116
0.4068036377429962
0.35658425092697144
0.32955315709114075
0.48877641558647156
0.07927240431308746
0.8047365546226501
0.15662164986133575
0.8867810964584351
0.8618438839912415
0.08079544454813004
0.8259933590888977
0.17013783752918243
0.5849051475524902
0.2218460738658905
0.21159739792346954
0.19986622035503387
0.45447230339050293
0.46505171060562134
0.5018939971923828
0.26676613092422485
0.28848984837532043
0.6484500765800476
0.5011459589004517
0.8294707536697388
0.81775963306427
0.31948381662368774
0.11931674182415009
0.8946889042854309
0.24746093153953552
0.14000344276428223
0.7735247611999512
0.8382976055145264
0.9527403712272644
0.10668612271547318
0.324236124753952
0.6925013065338135
0.22636675834655762
0.3699318468570709
0.329456627368927
0.918768584728241
0.3709278106689453
0.48846396803855896
0.717925488948822
0.8821913003921509
0.44732892513275146
0.10190147161483765
0.5373085737228394
0.7709358334541321
0.5581378936767578
0.47223150730133057
0.3210657835006714
0.6438605189323425
0.02157241478562355
0.8715966939926147
0.8884918689727783
0.3210259675979614
0.02305062860250473
0.9381006360054016
0.4044976532459259
0.0911640152335167
0.20967184007167816
0.5173847079277039
0.28184857964515686
0.8874062895774841
0.2601507306098938
0.4347957968711853
0.5625077486038208
0.09601237624883652
0.9690245985984802
0.4560295045375824
0.31151753664016724
0.5289799571037292
0.40854525566101074
0.44495341181755066
0.5583402514457703
0.12444861233234406
0.6794810891151428
0.5930153131484985
0.36561575531959534
0.49333396553993225
0.23298856616020203
0.4179261326789856
0.9320242404937744
0.2759278118610382
0.5789859294891357
0.5346545577049255
0.7543962001800537
0.4976625442504883
0.9085220098495483
0.30862540006637573
0.7096776366233826
0.8717980980873108
0.7842890620231628
0.10654103010892868
0.444767028093338
0.34945133328437805
0.030719012022018433
0.04888133332133293
0.0032118381932377815
0.5773687362670898
0.5359926223754883
0.9638864994049072
0.5238416194915771
0.27727043628692627
0.18381021916866302
0.2328193187713623
0.7786151766777039
0.6468650698661804
0.8773265480995178
0.42210376262664795
0.9371839761734009
0.5429537296295166
0.7295251488685608
0.28626421093940735
0.7325562238693237
0.47220513224601746
0.5814946889877319
0.516322672367096
0.4225439131259918
0.17960640788078308
0.3010992109775543
0.4168418347835541
0.6818417906761169
0.8225939273834229
0.6201388835906982
0.49240896105766296
0.8560317158699036
0.1352861523628235
0.8033737540245056
0.143219456076622
0.14730533957481384
0.4752219617366791
0.02814038097858429
0.6962829232215881
0.08439040929079056
0.36585742235183716
0.036411236971616745
0.8995100259780884
0.608989953994751
0.5029824376106262
0.15607835352420807
0.9141910672187805
0.6109603643417358
0.7065563797950745
0.9730446934700012
0.3027447760105133
0.055342402309179306
0.46560877561569214
0.7442735433578491
0.6176132559776306
0.7432644963264465
0.03854675590991974
0.0404520258307457
0.8608271479606628
0.3215678334236145
0.6753384470939636
0.8984050154685974
0.8986382484436035
0.011231360025703907
0.5608362555503845
0.2347986102104187
0.58146071434021
0.7329961657524109
0.5814914107322693
0.10568682104349136
0.2150745987892151
0.3800796568393707
0.6383920311927795
0.7413612604141235
0.6663056015968323
0.15464012324810028
0.14849776029586792
0.9512945413589478
0.10818694531917572
0.10140182822942734
0.45094403624534607
0.255582332611084
0.17599552869796753
0.6468676328659058
0.46232908964157104
0.5764179825782776
0.1350717842578888
0.4913954734802246
0.8172974586486816
0.19403348863124847
0.6749163269996643
0.716991662979126
0.7027996778488159
0.7334620952606201
0.6415972113609314
0.41538041830062866
0.8241008520126343
0.15354539453983307
0.6846606731414795
0.38828203082084656
0.5007576942443848
0.16919070482254028
0.3262506127357483
0.9269909262657166
0.17017585039138794
0.13441023230552673
0.2542177438735962
0.42184627056121826
0.675238847732544
0.10903675854206085
0.9177924394607544
0.9799475073814392
0.6294596791267395
0.7481948733329773
0.6957874894142151
0.4206630289554596
0.6557257771492004
0.5950504541397095
0.48396003246307373
0.41771572828292847
0.07924509793519974
0.4760858714580536
0.5390030741691589
0.7073536515235901
0.7036755084991455
0.34450194239616394
0.06390085816383362
0.01795899122953415
0.10262154042720795
0.7071645855903625
0.29509302973747253
0.9005776047706604
0.16364112496376038
0.2583826184272766
0.1950100064277649
0.8053603768348694
0.8178970217704773
0.8713717460632324
0.32289406657218933
0.7402489185333252
0.5109429955482483
0.32100236415863037
0.8850173354148865
0.40533486008644104
0.9604844450950623
0.010949349030852318
0.5166199207305908
0.5966143012046814
0.7883312702178955
0.6781522631645203
0.09102517366409302
0.9855080842971802
0.025586694478988647
0.05280521884560585
0.9451284408569336
0.5751659870147705
0.7460821866989136
0.05959627404808998
0.9544500708580017
0.8343372941017151
0.18578150868415833
0.38323965668678284
0.5813302993774414
0.18767032027244568
0.669355571269989
0.7251620292663574
0.6151723265647888
0.989506185054779
0.24967898428440094
0.5902029871940613
0.267691969871521
0.843573272228241
0.8425473570823669
0.49526864290237427
0.5562319159507751
0.9938824772834778
0.8418452739715576
0.11627031117677689
0.17989803850650787
0.43623587489128113
0.41790321469306946
0.05001114681363106
0.21877995133399963
0.9423099756240845
0.6776164770126343
0.4767129421234131
0.7523877024650574
0.9395501017570496
0.5310129523277283
0.7617341876029968
0.474740207195282
0.48230302333831787
0.7407894134521484
0.14707280695438385
0.6834482550621033
0.24384677410125732
0.22761718928813934
0.1967264711856842
0.44994235038757324
0.9386118054389954
0.47736290097236633
0.6629722118377686
0.14660723507404327
0.5084753036499023
0.19779685139656067
0.1556815803050995
0.5068680047988892
0.9319170713424683
0.5336421728134155
0.7000077366828918
0.5679319500923157
0.8049403429031372
0.777338445186615
0.7659686803817749
0.4579349160194397
0.8251488208770752
0.9504801630973816
0.5046907663345337
0.8879306316375732
0.9696367979049683
0.9559789896011353
0.6214695572853088
0.6578829884529114
0.31886550784111023
0.735554575920105
0.7630833983421326
0.11121366918087006
0.8577755093574524
0.9226589798927307
0.32505178451538086
0.4182542860507965
0.8268908858299255
0.5073778629302979
0.6414889097213745
0.680359423160553
0.35899990797042847
0.1822260618209839
0.15134842693805695
0.1584313064813614
0.4980941414833069
0.2781333327293396
0.8195140957832336
0.6452226638793945
0.819788932800293
0.4747706949710846
0.8528377413749695
0.37273192405700684
0.5795894265174866
0.39938393235206604
0.9948413372039795
0.3489055037498474
0.17961959540843964
0.9588766098022461
0.5479287505149841
0.3767467141151428
0.8789719343185425
0.35093292593955994
0.17594702541828156
0.401215136051178
0.751686155796051
0.17651943862438202
0.9578878879547119
0.740043580532074
0.011079957708716393
0.6351375579833984
0.05984407290816307
0.0003748185990843922
0.06418851017951965
0.619452953338623
0.4593457579612732
0.8806048631668091
0.2952443063259125
0.1903136968612671
0.3551956117153168
0.7167394757270813
0.5758562088012695
0.8344143033027649
0.7022966742515564
0.3774162828922272
0.04533867910504341
0.9587041735649109
0.48665717244148254
0.8046038150787354
0.4620521068572998
0.5355062484741211
0.5897141098976135
0.008065025322139263
0.7259833812713623
0.38299089670181274
0.04112439602613449
0.5502437353134155
0.4301363527774811
0.3128541111946106
0.39424827694892883
0.7319021821022034
0.7634806632995605
0.6964952349662781
0.277724027633667
0.07318106293678284
0.9295673370361328
0.03403742238879204
0.5330522656440735
0.942244291305542
0.9974860548973083
0.8433780670166016
0.5531672835350037
0.695676326751709
0.604637086391449
0.547372043132782
0.49969056248664856
0.005434662103652954
0.31796908378601074
0.06778141856193542
0.8192766308784485
0.1935596913099289
0.9077599048614502
0.276607871055603
0.10620974749326706
0.22042053937911987
0.8636782169342041
0.840192973613739
0.17309947311878204
0.5757524967193604
0.3659270107746124
0.8260376453399658
0.6919618844985962
0.6845359802246094
0.02870579995214939
0.3096344769001007
0.7804498076438904
0.7793505787849426
0.1692703515291214
0.6625236868858337
0.7945270538330078
0.8947300314903259
0.9116929769515991
0.5128430128097534
0.2943851351737976
0.7777568101882935
0.5958349704742432
0.8554587960243225
0.8747972846031189
0.0866527333855629
0.10308654606342316
0.895359992980957
0.6936591863632202
0.8695011138916016
0.8568217754364014
0.15400297939777374
0.11052477359771729
0.2992950677871704
0.03912200778722763
0.7347789406776428
0.8725828528404236
0.4978330135345459
0.9391229152679443
0.6373679041862488
0.870769739151001
0.9337332248687744
0.3282967805862427
0.2863626182079315
0.37582239508628845
0.16534636914730072
0.8991284966468811
0.33144399523735046
0.4781501889228821
0.4401664435863495
0.8808450102806091
0.16645380854606628
0.6923615336418152
0.749049186706543
0.47741812467575073
0.22678372263908386
0.6751217842102051
0.16399165987968445
0.5069965720176697
0.053675539791584015
0.4375306963920593
0.9887087345123291
0.9656497836112976
0.1912498027086258
0.1394737958908081
0.2843555808067322
0.32607123255729675
0.9807212352752686
0.6598715782165527
0.24840866029262543
0.21114179491996765
0.3942374885082245
0.6420572400093079
0.6223423480987549
0.3670882284641266
0.7114426493644714
0.7659125924110413
0.12626688182353973
0.6698638796806335
0.26123613119125366
0.004918812774121761
0.6430396437644958
0.1914180964231491
0.9120176434516907
0.7739407420158386
0.06627369672060013
0.4378237724304199
0.9640600085258484
0.6386882066726685
0.5663122534751892
0.4532085359096527
0.9937500357627869
0.5583137273788452
0.08789600431919098
0.03638823702931404
0.6477209329605103
0.838696300983429
0.8382802605628967
0.28813669085502625
0.8940514326095581
0.9661263227462769
0.37071600556373596
0.19255325198173523
0.8758077025413513
0.8257806301116943
0.4971872568130493
0.5996944904327393
0.4067957103252411
0.48066645860671997
0.4246709644794464
0.28488805890083313
0.017565354704856873
0.0891048014163971
0.7351846694946289
0.6174889206886292
0.871796190738678
0.9844185709953308
0.6387695670127869
0.26954761147499084
0.020394761115312576
0.6203697323799133
0.0616801455616951
0.9811972975730896
0.07778286933898926
0.9341685771942139
0.858823835849762
0.7798845171928406
0.09558477997779846
0.2903831899166107
0.5254836082458496
0.4636648893356323
0.4910871982574463
0.9074224829673767
0.13025550544261932
0.6068376898765564
0.2864905297756195
0.30900800228118896
0.9249026775360107
0.148222416639328
0.9170913100242615
0.8297279477119446
0.7674860954284668
0.20948773622512817
0.7547658085823059
0.4528330862522125
0.83579021692276
0.011413190513849258
0.5368953347206116
0.5123084783554077
0.465227872133255
0.15968447923660278
0.9328404664993286
0.33622920513153076
0.595935583114624
0.4212009906768799
0.6373287439346313
0.022210102528333664
0.117986761033535
0.5352665781974792
0.3028157949447632
0.8669115304946899
0.6276594996452332
0.6945518851280212
0.8539131283760071
0.9318872094154358
0.8197084069252014
0.6394381523132324
0.48567792773246765
0.895858645439148
0.9206499457359314
0.5280453562736511
0.042657457292079926
0.2529042065143585
0.9342409372329712
0.9375825524330139
0.745790958404541
0.3478112518787384
0.2548319101333618
0.7047431468963623
0.352924108505249
0.1502101868391037
0.17918193340301514
0.7376763820648193
0.5574233531951904
0.386231005191803
0.29597094655036926
0.06729435175657272
0.46973738074302673
0.5116841197013855
0.9303980469703674
0.6823416948318481
0.005120415240526199
0.890428900718689
0.01944628171622753
0.5809383392333984
0.9635164141654968
0.21444226801395416
0.12131088972091675
0.30458059906959534
0.9659640789031982
0.6214631795883179
0.12100709974765778
0.6759242415428162
0.6344735622406006
0.5755348801612854
0.3377634882926941
0.5896187424659729
0.32284775376319885
0.342120498418808
0.05864319950342178
0.16189095377922058
0.2867739796638489
0.40562736988067627
0.45750415325164795
0.1833278238773346
0.9920241832733154
0.5399154424667358
0.3655376136302948
0.8602799773216248
0.024648968130350113
0.024511346593499184
0.42112210392951965
0.07765758782625198
0.44104790687561035
0.4014488458633423
0.9704327583312988
0.5917264223098755
0.1466873288154602
0.27158594131469727
0.15104816854000092
0.03359401971101761
0.4227634370326996
0.9596299529075623
0.19626484811306
0.8836362361907959
0.6297290921211243
0.14550046622753143
0.7423533797264099
0.5981827974319458
0.7014400362968445
0.5917603969573975
0.5871330499649048
0.946724534034729
0.35964563488960266
0.6430118083953857
0.24657966196537018
0.10957963019609451
0.5642669796943665
0.8246075510978699
0.7260242700576782
0.7083203196525574
0.29336822032928467
0.4033796489238739
0.011519074440002441
0.2711654603481293
0.022222304716706276
0.7972686290740967
0.4387626647949219
0.7602919936180115
0.4360084533691406
0.21955862641334534
0.4109458327293396
0.05621684715151787
0.46020615100860596
0.26733484864234924
0.1022806167602539
0.14651381969451904
0.8305569887161255
0.8508245944976807
0.1357148140668869
0.969925582408905
0.02337821014225483
0.35275816917419434
0.4180891811847687
0.10522157698869705
0.23592720925807953
0.011082516983151436
0.7766812443733215
0.5381240844726562
0.793496310710907
0.6710352301597595
0.3481884300708771
0.05597463995218277
0.7137419581413269
0.038235221058130264
0.05770515650510788
0.88128262758255
0.33442577719688416
0.43929290771484375
0.7587273716926575
0.5056601166725159
0.6705977320671082
0.4158965051174164
0.2910799980163574
0.2758601903915405
0.8661133646965027
0.5035716891288757
0.5825484991073608
0.7115626931190491
0.11969181150197983
0.7492444515228271
0.6270627975463867
0.8471823930740356
0.741712212562561
0.030806930735707283
0.1690760850906372
0.05551198869943619
0.17976729571819305
0.8184337019920349
0.37390822172164917
0.24639031291007996
0.06533458828926086
0.013130622915923595
0.05584906414151192
0.2379509061574936
0.07487593591213226
0.28084230422973633
0.8909509778022766
0.6887159943580627
0.985468327999115
0.34581097960472107
0.36766546964645386
0.337777704000473
0.06593962013721466
0.30295348167419434
0.9346375465393066
0.7803727984428406
0.9886327385902405
0.6734429597854614
0.6057828664779663
0.0702626183629036
0.9569504857063293
0.43664562702178955
0.5589245557785034
0.6279745697975159
0.6865206956863403
0.582409143447876
0.2669028341770172
0.23697952926158905
0.13046111166477203
0.8520829081535339
0.12733915448188782
0.4171580970287323
0.20148926973342896
0.22179129719734192
0.9551864266395569
0.7691481709480286
0.2382681667804718
0.923272430896759
0.5492569208145142
0.35974961519241333
0.06957181543111801
0.20106032490730286
0.6099721193313599
0.0025168610736727715
0.8880267143249512
0.6918389201164246
0.8304087519645691
0.6782296299934387
0.8908209204673767
0.8888726234436035
0.7937405109405518
0.48317453265190125
0.9581796526908875
0.4010235369205475
0.08686547726392746
0.35739949345588684
0.25782012939453125
0.16380862891674042
0.9846526384353638
0.42691734433174133
0.3584090769290924
0.24925076961517334
0.10273062437772751
0.15815283358097076
0.2839769124984741
0.04478389397263527
0.8600761294364929
0.07702607661485672
0.3439115881919861
0.022484634071588516
0.532774806022644
0.5134347081184387
0.5276667475700378
0.2386474609375
0.7872521281242371
0.5310552716255188
0.7150078415870667
0.1921442449092865
0.2781864106655121
0.32054585218429565
0.37107306718826294
0.5213882327079773
0.7829306721687317
0.6068239808082581
0.3204609751701355
0.7213941216468811
0.10406889021396637
0.8559824824333191
0.0012314990162849426
0.27966025471687317
0.7649416327476501
0.8494299054145813
0.05245048180222511
0.8305397033691406
0.5904251337051392
0.7259724140167236
0.22627019882202148
0.783241868019104
0.04708843305706978
0.9433726072311401
0.541809618473053
0.1125723198056221
0.7281202077865601
0.8754847645759583
0.6639810800552368
0.013471302576363087
0.10916946828365326
0.7682825922966003
0.05318955332040787
0.87181156873703
0.9912262558937073
0.813887357711792
0.027416180819272995
0.1455526202917099
0.1837702989578247
0.9272779822349548
0.07440347224473953
0.2678474187850952
0.36811861395835876
0.9323680996894836
0.507002592086792
0.964255154132843
0.6382651925086975
0.6530207991600037
0.16912174224853516
0.41616398096084595
0.09817864745855331
0.5537744760513306
0.024278828874230385
0.156197652220726
0.5215646028518677
0.7213543653488159
0.9022883176803589
0.9434735774993896
0.7892792820930481
0.04733288288116455
0.5848663449287415
0.39241424202919006
0.567314624786377
0.6681685447692871
0.6220077276229858
0.9620182514190674
0.8822657465934753
0.8643445372581482
0.4856407642364502
0.36873728036880493
0.3364364206790924
0.6310195326805115
0.9866871237754822
0.686735987663269
0.9384068250656128
0.20782162249088287
0.022039664909243584
0.3741035461425781
0.04956803843379021
0.5164152383804321
0.06272925436496735
0.46503007411956787
0.5608124136924744
0.4707988202571869
0.09327631443738937
0.3409651815891266
0.45035043358802795
0.006570480298250914
0.5984523892402649
0.7306057214736938
0.5104630589485168
0.21528460085391998
0.5418750643730164
0.02693510428071022
0.9791784882545471
0.6396039724349976
0.2976882755756378
0.8425719141960144
0.04261164739727974
0.629938542842865
0.29174649715423584
0.8098428249359131
0.6033825278282166
0.7286025881767273
0.8535045385360718
0.8694624900817871
0.7541502118110657
0.8917006254196167
0.8248527646064758
0.5337543487548828
0.77332603931427
0.0016281341668218374
0.5913570523262024
0.8533745408058167
0.054421279579401016
0.5504666566848755
0.4386427700519562
0.6591994166374207
0.6532099843025208
0.9219558835029602
0.7069131731987
0.3249044120311737
0.8580423593521118
0.3694952130317688
0.4923836588859558
0.6501386165618896
0.7180956602096558
0.7701568603515625
0.4857152998447418
0.5846218466758728
0.946294903755188
0.8170083165168762
0.6505577564239502
0.455634206533432
0.3051646649837494
0.40166202187538147
0.0893564373254776
0.6927821040153503
0.2610752284526825
0.8050072193145752
0.28890958428382874
0.9047220945358276
0.24696433544158936
0.2338775098323822
0.3752877414226532
0.3135696053504944
0.7879251837730408
0.0742749348282814
0.12713107466697693
0.8440318703651428
0.8955526351928711
0.5723447799682617
0.8335785865783691
0.9883673191070557
0.5724197030067444
0.632156252861023
0.8912262320518494
0.5644037127494812
0.5682765245437622
0.7443677186965942
0.8153965473175049
0.850958526134491
0.5207306146621704
0.8909339904785156
0.19311881065368652
0.23970523476600647
0.6524960994720459
0.24052965641021729
0.8965906500816345
1.9611395600804826e-06
0.877860426902771
0.8391680717468262
0.19933104515075684
0.4867328703403473
0.2829096019268036
0.12982973456382751
0.49956604838371277
0.7594879269599915
0.9599930644035339
0.9481710195541382
0.6626613736152649
0.77158522605896
0.7726337313652039
0.758181631565094
0.19297438859939575
0.27258220314979553
0.2957454323768616
0.3553382456302643
0.8346841335296631
0.4842008650302887
0.37258613109588623
0.9142735004425049
0.2038787454366684
0.8700506687164307
0.8933403491973877
0.49466976523399353
0.5113291144371033
0.17456962168216705
0.0021919370628893375
0.2520780861377716
0.12111599743366241
0.17151018977165222
0.32313624024391174
0.10385589301586151
0.7184618711471558
0.21540404856204987
0.34418103098869324
0.21266795694828033
0.3660639822483063
0.8767224550247192
0.3736928105354309
0.4283190071582794
0.8479695320129395
0.8310524225234985
0.6427720785140991
0.20814932882785797
0.896117627620697
0.47988399863243103
0.0082849794998765
0.26547160744667053
0.9906667470932007
0.7005272507667542
0.500678539276123
0.8903356194496155
0.9602848887443542
0.4326135516166687
0.6928633451461792
0.013588142581284046
0.4048260450363159
0.8518595099449158
0.9322614073753357
0.8849545121192932
0.4079114496707916
0.41285791993141174
0.4313472509384155
0.7807152271270752
0.6707464456558228
0.5574321746826172
0.025591827929019928
0.4823993742465973
0.5627618432044983
0.8160154819488525
0.5436201095581055
0.1926354020833969
0.03242852911353111
0.32366836071014404
0.5098291635513306
0.259384423494339
0.16908936202526093
0.5708483457565308
0.40180981159210205
0.6616289019584656
0.012252015992999077
0.6865587830543518
0.7619013786315918
0.0472579263150692
0.9680370092391968
0.28745904564857483
0.12131649255752563
0.36540988087654114
0.1379663050174713
0.5471810102462769
0.7734994292259216
0.4771101474761963
0.3383803963661194
0.2702881991863251
0.921083927154541
0.8128333687782288
0.21727460622787476
0.971383810043335
0.7485738396644592
0.247362419962883
0.9495096802711487
0.3780812621116638
0.5526164174079895
0.4981045126914978
0.5763397812843323
0.7143957018852234
0.6013534665107727
0.5079455375671387
0.60657799243927
0.9309729933738708
0.534925103187561
0.09489668905735016
0.4318603277206421
0.7496347427368164
0.3963092565536499
0.746349573135376
0.6248119473457336
0.3552294075489044
0.34623023867607117
0.7454239726066589
0.7489703297615051
0.9297225475311279
0.9995821118354797
0.2727210521697998
0.8027814626693726
0.9695901274681091
0.16143837571144104
0.3040785789489746
0.11456624418497086
0.9230067133903503
0.7877597808837891
0.5270000696182251
0.8848102688789368
0.7747860550880432
0.5589327216148376
0.7406759858131409
0.6394755244255066
0.5470072627067566
0.5629125833511353
0.4605548679828644
0.9573505520820618
0.313081294298172
0.42389482259750366
0.02207738719880581
0.5545626282691956
0.06387721002101898
0.09992016851902008
0.4774903357028961
0.567528247833252
0.6656937003135681
0.8793614506721497
0.25985488295555115
0.6461715698242188
0.6688824892044067
0.7046008110046387
0.24108849465847015
0.8125936985015869
0.3687722980976105
0.4200773537158966
0.9301400184631348
0.5779028534889221
0.2881411015987396
0.07438118010759354
0.9848875403404236
0.6776874661445618
0.3953440189361572
0.1483430117368698
0.2802426517009735
0.19227370619773865
0.7129257321357727
0.9219681024551392
0.20212121307849884
0.18299154937267303
0.16414357721805573
0.1273440718650818
0.40927886962890625
0.51856929063797
0.6117823123931885
0.5631977915763855
0.46625426411628723
0.2456551343202591
0.7335206270217896
0.4446704685688019
0.9451636075973511
0.7648323774337769
0.3564067482948303
0.40326565504074097
0.25039058923721313
0.8485848307609558
0.25769346952438354
0.5014960765838623
0.3494853079319
0.8764083981513977
0.5696465969085693
0.5151373744010925
0.8935147523880005
0.5881971716880798
0.37665045261383057
0.5305167436599731
0.4276164472103119
0.9615942239761353
0.1350504606962204
0.041848767548799515
0.3258917033672333
0.8621390461921692
0.689223051071167
0.5519665479660034
0.4063044786453247
0.7927863597869873
0.45403027534484863
0.14751079678535461
0.7838035225868225
0.0754259005188942
0.4379241466522217
0.13324496150016785
0.09635085612535477
0.036515746265649796
0.36972588300704956
0.3997547924518585
0.6139084696769714
0.32915443181991577
0.7336106896400452
0.9726556539535522
0.6038911938667297
0.25694286823272705
0.2028970718383789
0.7345992922782898
0.8876863718032837
0.35679373145103455
0.9660772085189819
0.3331589996814728
0.5670437812805176
0.06371452659368515
0.33739593625068665
0.7644491791725159
0.5848230123519897
0.4222526550292969
0.09254919737577438
0.8839520215988159
0.2433953434228897
0.41247108578681946
0.10823873430490494
0.3270467221736908
0.5696696043014526
0.9306693077087402
0.12077604979276657
0.5847541689872742
0.965253472328186
0.01003161258995533
0.32289934158325195
0.6865727305412292
0.9131519794464111
0.9631916284561157
0.40501469373703003
0.6817733645439148
0.7954276204109192
0.13842368125915527
0.6620661020278931
0.9777346253395081
0.019146353006362915
0.04593539983034134
0.4707285165786743
0.6917689442634583
0.10456107556819916
0.005202915519475937
0.9323190450668335
0.9052702188491821
0.050163064152002335
0.5320343971252441
0.2994499206542969
0.4920715391635895
0.542943000793457
0.05822776257991791
0.9645987749099731
0.7247859239578247
0.4773379862308502
0.7009594440460205
0.8567813038825989
0.8935117125511169
0.9625572562217712
0.5098001956939697
0.17278937995433807
0.8445805907249451
0.4221731722354889
0.4305468201637268
0.3440038561820984
0.6631333827972412
0.07231636345386505
0.9036621451377869
0.20202042162418365
0.07573800534009933
0.19525642693042755
0.7088201642036438
0.8151721358299255
0.6597923636436462
0.68763267993927
0.9255223274230957
0.1313672661781311
0.3010450601577759
0.03086996264755726
0.6344163417816162
0.7959267497062683
0.45351994037628174
0.8073498606681824
0.9828072190284729
0.1203257218003273
0.8401743769645691
0.23404023051261902
0.3721662759780884
0.7978622913360596
0.00404592277482152
0.7384926080703735
0.8704758882522583
0.045899923890829086
0.6070929169654846
0.9651196002960205
0.8152192831039429
0.4574590027332306
0.5306810736656189
0.868262529373169
0.5468770861625671
0.6394290328025818
0.21744245290756226
0.5144634246826172
0.8607843518257141
0.1910872906446457
0.6538668870925903
0.32712680101394653
0.31340691447257996
0.3436377942562103
0.1785295605659485
0.027704015374183655
0.11211469024419785
0.6093002557754517
0.6871361136436462
0.04513194039463997
0.9061524271965027
0.5939480066299438
0.7324629426002502
0.27965033054351807
0.9359710812568665
0.6596764326095581
0.5098945498466492
0.5031386613845825
0.37146735191345215
0.6481384634971619
0.6861764788627625
0.9230438470840454
0.4861014485359192
0.1584441065788269
0.9127098321914673
0.6314035654067993
0.05196176469326019
0.8492779731750488
0.35418522357940674
0.007815067656338215
0.7174333333969116
0.6692398190498352
0.6560686826705933
0.3100894093513489
0.705686628818512
0.7548661828041077
0.029501670971512794
0.7344666123390198
0.9572024345397949
0.8437973856925964
0.680718183517456
0.26467224955558777
0.8409916758537292
0.13678795099258423
0.8842880129814148
0.08231546729803085
0.740205705165863
0.6265790462493896
0.10409891605377197
0.6108998656272888
0.12219348549842834
0.7004722356796265
0.48128175735473633
0.45198094844818115
0.5479026436805725
0.4872383773326874
0.8894335031509399
0.07956390082836151
0.5413312911987305
0.2489260584115982
0.47198691964149475
0.08325393497943878
0.1379249393939972
0.7383831143379211
0.6252282857894897
0.9562674760818481
0.9674862623214722
0.7914256453514099
0.9346458911895752
0.40526464581489563
0.2861630916595459
0.7097373008728027
0.19625157117843628
0.796238124370575
0.8060006499290466
0.5111235976219177
0.8589930534362793
0.33238089084625244
0.3170594871044159
0.49821633100509644
0.1862809658050537
0.5720354318618774
0.6099688410758972
0.8770142793655396
0.4510241448879242
0.42946454882621765
0.9869992733001709
0.9719995856285095
0.2197338193655014
0.9438431859016418
0.6062557101249695
0.7522159814834595
0.17008459568023682
0.4052444100379944
0.264827162027359
0.49942925572395325
0.2048172503709793
0.40816518664360046
0.29656440019607544
0.044254668056964874
0.7034891247749329
0.028514141216874123
0.53839111328125
0.8907866477966309
0.19413703680038452
0.44035857915878296
0.8808646202087402
0.055767592042684555
0.7223892211914062
0.07925111800432205
0.10291516780853271
0.9211739897727966
0.9055222272872925
0.9503698945045471
0.4059354066848755
0.6858717203140259
0.5222985148429871
0.32561588287353516
0.24414658546447754
0.3001857399940491
0.6180440187454224
0.22584789991378784
0.14194639027118683
0.38548368215560913
0.15081138908863068
0.4922454059123993
0.2097427397966385
0.996746301651001
0.7320664525032043
0.9475947618484497
0.3969433903694153
0.4370267391204834
0.6931244730949402
0.8303055167198181
0.21804209053516388
0.11901114881038666
0.47749215364456177
0.5210571885108948
0.9994698166847229
0.09117000550031662
0.17997628450393677
0.32303595542907715
0.16577573120594025
0.8823148012161255
0.09509493410587311
0.1979237198829651
0.7230663299560547
0.7952764630317688
0.13648761808872223
0.06672220677137375
0.9601916074752808
0.17275826632976532
0.39090877771377563
0.05300266668200493
0.32514357566833496
0.8606842756271362
0.6167676448822021
0.3038817346096039
0.6851688623428345
0.2098824679851532
0.7470260262489319
0.6099374890327454
0.32824549078941345
0.6649144887924194
0.05845231935381889
0.2597280442714691
0.12045665830373764
0.5516985058784485
0.5397669076919556
0.3729282021522522
0.14223019778728485
0.6820099949836731
0.8716829419136047
0.10562926530838013
0.3028489053249359
0.13216754794120789
0.09773518145084381
0.5641371607780457
0.292868047952652
0.048268187791109085
0.2796725928783417
0.2705134153366089
0.8301073312759399
0.21523363888263702
0.3830077350139618
0.22193171083927155
0.8331196308135986
0.36455580592155457
0.5898164510726929
0.8601922988891602
0.6887312531471252
0.9501782059669495
0.72445148229599
0.3052712380886078
0.11211778968572617
0.3475280702114105
0.3650267422199249
0.8659846782684326
0.8224611878395081
0.49014797806739807
0.28872430324554443
0.02566474676132202
0.7326681017875671
0.7328238487243652
0.7630103826522827
0.8338225483894348
0.8177557587623596
0.36024418473243713
0.0639992207288742
0.2295040339231491
0.727029025554657
0.28397879004478455
0.41209104657173157
0.7115960121154785
0.7933714985847473
0.9449589848518372
0.9925570487976074
0.22944842278957367
0.5644941329956055
0.8884143829345703
0.291951060295105
0.3647649884223938
0.3512186110019684
0.04503597691655159
0.9050353169441223
0.13424062728881836
0.36240169405937195
0.5516405701637268
0.9048073887825012
0.4204693138599396
0.13147194683551788
0.13528092205524445
0.9789494872093201
0.19218112528324127
0.9058570265769958
0.6386349201202393
0.9129043817520142
0.18339774012565613
0.6175666451454163
0.7487225532531738
0.5299317240715027
0.22434565424919128
0.6939018368721008
0.5781278610229492
0.7087276577949524
0.16608063876628876
0.402424156665802
0.553250789642334
0.5450308918952942
0.3013117015361786
0.28303778171539307
0.1466231346130371
0.1424529254436493
0.41574186086654663
0.1930762529373169
0.6216640472412109
0.6879492402076721
0.5434570908546448
0.3723714053630829
0.8591287136077881
0.20918942987918854
0.01884600706398487
0.8552389740943909
0.9843131899833679
0.9241384863853455
0.8285700082778931
0.5918096303939819
0.6366079449653625
0.26229846477508545
0.9612628221511841
0.7361109852790833
0.7358965277671814
0.9452655911445618
0.24604269862174988
0.6443426609039307
0.5193985104560852
0.5589441657066345
0.08328364044427872
0.4510735273361206
0.3170746862888336
0.6074231863021851
0.7041794061660767
0.3294311761856079
0.9867835640907288
0.9113993048667908
0.8013902902603149
0.8790217041969299
0.8486659526824951
0.8492740392684937
0.3098312318325043
0.9047250151634216
0.887241542339325
0.005947761237621307
0.1416340321302414
0.8839096426963806
0.6149764657020569
0.06931323558092117
0.41951465606689453
0.6858758330345154
0.07270186394453049
0.04262019321322441
0.05253273993730545
0.30033326148986816
0.43752890825271606
0.1395767629146576
0.8748927116394043
0.35198789834976196
0.5656358599662781
0.8823710680007935
0.5851755738258362
0.7075619101524353
0.9402927756309509
0.7361425757408142
0.6552169919013977
0.4725658893585205
0.728458046913147
0.29551753401756287
0.31240612268447876
0.3253691494464874
0.9710968136787415
0.7660199999809265
0.7569102644920349
0.09356214851140976
0.1533959060907364
0.7978274822235107
0.5276040434837341
0.6596160531044006
0.3626309037208557
0.29415363073349
0.5183289051055908
0.17714646458625793
0.5550022125244141
0.049756694585084915
0.33188292384147644
0.28152745962142944
0.7206826210021973
0.7936415672302246
0.3742625117301941
0.9750860333442688
0.04316399246454239
0.1276230663061142
0.35638123750686646
0.6067723035812378
0.3667733073234558
0.33402690291404724
0.9707939624786377
0.4030070900917053
0.8425388932228088
0.6570244431495667
0.27915629744529724
0.7697256803512573
0.4596388339996338
0.39956867694854736
0.302860289812088
0.7610136866569519
0.24259892106056213
0.35183992981910706
0.8628416061401367
0.09995429217815399
0.11507353186607361
0.03683021292090416
0.9549639821052551
0.9699645638465881
0.7423862814903259
0.4616753160953522
0.6260237693786621
0.001410198281519115
0.4066537320613861
0.43408119678497314
0.4468662142753601
0.9036736488342285
0.5070416331291199
0.7672265768051147
0.8284326791763306
0.4646061360836029
0.7138388156890869
0.5679328441619873
0.6830251812934875
0.9991790056228638
0.13133691251277924
0.8969765901565552
0.16773642599582672
0.07708434015512466
0.8526432514190674
0.32506126165390015
0.758970320224762
0.09222603589296341
0.03854937478899956
0.6621915698051453
0.9655677080154419
0.9760801196098328
0.28158506751060486
0.8398749232292175
0.8333768248558044
0.29011520743370056
0.4618181884288788
0.744979739189148
0.9938668608665466
0.9149659872055054
0.8314658403396606
0.3680640161037445
0.0653199851512909
0.5423175692558289
0.7399404644966125
0.233487069606781
0.8047518730163574
0.07294563949108124
0.20060639083385468
0.18754325807094574
0.6168818473815918
0.7195424437522888
0.4113914668560028
0.2895532250404358
0.9602183103561401
0.9532786011695862
0.24182774126529694
0.4103441834449768
0.844721257686615
0.1091238260269165
0.1277730017900467
0.16991892457008362
0.6366525888442993
0.9038330912590027
0.9257972836494446
0.6497681140899658
0.8977932333946228
0.19337552785873413
0.5914612412452698
0.08441226184368134
0.8794406056404114
0.11915501207113266
0.2695940434932709
0.4060794413089752
0.7382075786590576
0.047453057020902634
0.44683733582496643
0.7204302549362183
0.7275141477584839
0.5862075090408325
0.8909049034118652
0.22162126004695892
0.19672666490077972
0.06920620799064636
0.6064767241477966
0.2588288187980652
0.1037716343998909
0.920589029788971
0.4211486279964447
0.8111077547073364
0.36991825699806213
0.5469104647636414
0.37814095616340637
0.02422134019434452
0.32403942942619324
0.38859641551971436
0.30044692754745483
0.8156847953796387
0.9707432389259338
0.9917242527008057
0.7018454074859619
0.34402620792388916
0.6737345457077026
0.3696754574775696
0.8725631833076477
0.9414594769477844
0.13867159187793732
0.3285764753818512
0.009887796826660633
0.8439311385154724
0.46225276589393616
0.10813455283641815
0.23538538813591003
0.17143979668617249
0.5374112725257874
0.3277994990348816
0.8116793036460876
0.14061859250068665
0.09862971305847168
0.5924006700515747
0.2890940010547638
0.9500443935394287
0.7225130796432495
0.705802857875824
0.8102830648422241
0.5955406427383423
0.9130297899246216
0.6984978914260864
0.7719777226448059
0.5820150375366211
0.8092188835144043
0.0061323028057813644
0.20238959789276123
0.4550244212150574
0.25182443857192993
0.4180956184864044
0.7269830703735352
0.35161182284355164
0.6073578000068665
0.908169686794281
0.4262779951095581
0.4196535646915436
0.011327490210533142
0.02911677025258541
0.7500596046447754
0.3221410810947418
0.48308590054512024
0.25668108463287354
0.095408134162426
0.9446044564247131
0.18875691294670105
0.2885565459728241
0.21237342059612274
0.6308927536010742
0.20992295444011688
0.32735127210617065
0.9821388721466064
0.745566189289093
0.4175247251987457
0.6803726553916931
0.33841779828071594
0.27402791380882263
0.7721325159072876
0.4408414959907532
0.27748963236808777
0.831765353679657
0.6308550834655762
0.7403147220611572
0.8294225335121155
0.30095627903938293
0.680324137210846
0.6139825582504272
0.10356875509023666
0.3228442668914795
0.48298731446266174
0.3710216283798218
0.23854339122772217
0.8553295135498047
0.9729654788970947
0.8948509097099304
0.8074932098388672
0.8858643174171448
0.9662147760391235
0.05902997776865959
0.21328581869602203
0.5921082496643066
0.7447178959846497
0.930820643901825
0.19076785445213318
0.6706230044364929
0.4721352756023407
0.8964365124702454
0.9186028838157654
0.6216008067131042
0.8573370575904846
0.7175739407539368
0.3757089078426361
0.9448841214179993
0.5374050736427307
0.4042395353317261
0.34811994433403015
0.14515936374664307
0.36349594593048096
0.3797754943370819
0.37195467948913574
0.9715036749839783
0.45848700404167175
0.24107573926448822
0.325792521238327
0.5728847980499268
0.6763185858726501
0.9086477756500244
0.020237674936652184
0.8992006778717041
0.025552721694111824
0.5449160933494568
0.22813639044761658
0.8674619197845459
0.6849437355995178
0.6707004904747009
0.5234547257423401
0.25684109330177307
0.8316415548324585
0.8682038187980652
0.5370762944221497
0.8237700462341309
0.9873648881912231
0.49134254455566406
0.5330977439880371
0.6199231147766113
0.5319477915763855
0.8143341541290283
0.9554490447044373
0.12272849678993225
0.6864539384841919
0.6836270689964294
0.2541878819465637
0.8575846552848816
0.8624504804611206
0.05052366480231285
0.598426103591919
0.8846120834350586
0.6443881988525391
0.5674630403518677
0.004280823282897472
0.24411991238594055
0.724936842918396
0.011539725586771965
0.5482367277145386
0.6414241194725037
0.9568607211112976
0.568904459476471
0.6634758710861206
0.17733995616436005
0.36602482199668884
0.4309534728527069
0.9298528432846069
0.5883466601371765
0.907511830329895
0.40054482221603394
0.8061374425888062
0.9200273156166077
0.3218866288661957
0.14098532497882843
0.5897892117500305
0.11831394582986832
0.7165441513061523
0.9851333498954773
0.2178826630115509
0.12435674667358398
0.8739914894104004
0.9031972289085388
0.4818677604198456
0.5172973871231079
0.13678446412086487
0.2817520797252655
0.870257556438446
0.6579146981239319
0.46929460763931274
0.9716266393661499
0.9184368848800659
0.6340733170509338
0.29364264011383057
0.05225707218050957
0.995029091835022
0.8222553730010986
0.9877521991729736
0.48070332407951355
0.4031163454055786
0.02983160689473152
0.07993518561124802
0.46205809712409973
0.04108274728059769
0.29003092646598816
0.37144315242767334
0.6752604246139526
0.8628067970275879
0.3347529172897339
0.11255332827568054
0.811775803565979
0.7891303300857544
0.21564136445522308
0.8452955484390259
0.18230324983596802
0.2779116630554199
0.986486554145813
0.30150777101516724
0.49249356985092163
0.1453619748353958
0.7555383443832397
0.0016534840688109398
0.099308542907238
0.5823433995246887
0.23626703023910522
0.8911822438240051
0.22333934903144836
0.9735082387924194
0.12138355523347855
0.5099480152130127
0.7510280013084412
0.15309619903564453
0.3656873106956482
0.7553373575210571
0.9709198474884033
0.9036600589752197
0.1756567358970642
0.3831896483898163
0.6719018816947937
0.12086094915866852
0.6568236947059631
0.4341897666454315
0.2334667295217514
0.24805107712745667
0.532964289188385
0.9935088753700256
0.890704333782196
0.4313153922557831
0.9194718599319458
0.0749065950512886
0.9971413612365723
0.6741234064102173
0.7646394371986389
0.36975887417793274
0.7079942226409912
0.8133764863014221
0.31789082288742065
0.7875041365623474
0.1881203055381775
0.514622688293457
0.6819623112678528
0.0597100667655468
0.36251384019851685
0.5573638081550598
0.9813662767410278
0.7208017706871033
0.5128470659255981
0.03766918182373047
0.07424622774124146
0.5915186405181885
0.19020652770996094
0.1290857195854187
0.9005785584449768
0.8897696137428284
0.7966636419296265
0.6049483418464661
0.7364997863769531
0.514154851436615
0.8802885413169861
0.5604681372642517
0.3784979283809662
0.740638256072998
0.06445849686861038
0.047569479793310165
0.3561374545097351
0.46863695979118347
0.30443936586380005
0.7551347613334656
0.24027292430400848
0.4870946407318115
0.7696815133094788
0.7494832873344421
0.5571772456169128
0.7095838189125061
0.3984685242176056
0.8147101402282715
0.2300979048013687
0.4323132634162903
0.6225108504295349
0.07505093514919281
0.35763272643089294
0.20232494175434113
0.10777809470891953
0.8696099519729614
0.21646307408809662
0.350684255361557
0.48450055718421936
0.5649452805519104
0.3450786769390106
0.7062674164772034
0.9440025687217712
0.7677194476127625
0.8527871370315552
0.176919087767601
0.773392379283905
0.007674779277294874
0.9278135895729065
0.1988457441329956
0.35128480195999146
0.8032952547073364
0.6478350758552551
0.9912704825401306
0.7823700904846191
0.10880531370639801
0.23108163475990295
0.7667477130889893
0.7201834321022034
0.9744054675102234
0.9337596893310547
0.37175002694129944
0.5455862283706665
0.24413669109344482
0.20958858728408813
0.26288628578186035
0.24412694573402405
0.8456633687019348
0.6087335348129272
0.15995728969573975
0.09349599480628967
0.27428239583969116
0.5997828841209412
0.88606858253479
0.37166231870651245
0.018916945904493332
0.6651734113693237
0.11232556402683258
0.09229231625795364
0.42920777201652527
0.07275113463401794
0.6852068305015564
0.2730479836463928
0.7603379487991333
0.4832199513912201
0.2779824435710907
0.018386002629995346
0.3080858588218689
0.8646040558815002
0.07230062782764435
0.7397861480712891
0.1075504720211029
0.3348899483680725
0.6805233359336853
0.8193767666816711
0.10667018592357635
0.6097428798675537
0.8222783207893372
0.5295199751853943
0.9008703231811523
0.6450586318969727
0.7822822332382202
0.09664393961429596
0.24208445847034454
0.3843334913253784
0.4026646018028259
0.7544975280761719
0.4149357080459595
0.18893705308437347
0.23872298002243042
0.8867663741111755
0.6962078809738159
0.9809699058532715
0.7521054148674011
0.05199047923088074
0.6122561097145081
0.5186753273010254
0.7299802899360657
0.8183610439300537
0.4987991750240326
0.7647075057029724
0.5206708312034607
0.12954069674015045
0.8124446272850037
0.17794540524482727
0.23592688143253326
0.8730645179748535
0.07648813724517822
0.12588271498680115
0.19925947487354279
0.8538414835929871
0.3743867874145508
0.08612228184938431
0.7581254243850708
0.09163593500852585
0.2103288173675537
0.3233482539653778
0.7836416959762573
0.8687028288841248
0.4052119255065918
0.7278985977172852
0.4902102053165436
0.6169340014457703
0.12216857075691223
0.7233321070671082
0.8579714298248291
0.024759864434599876
0.530613124370575
0.6765244603157043
0.9790884256362915
0.8305271863937378
0.1282968968153
0.19460560381412506
0.3891218900680542
0.5540823936462402
0.3183482587337494
0.550987720489502
0.09228536486625671
0.09899970889091492
0.4702533483505249
0.10840751975774765
0.7031789422035217
0.7653723359107971
0.5630490779876709
0.10808853805065155
0.7490527033805847
0.8673859238624573
0.5139477252960205
0.7084882855415344
0.5200620293617249
0.37565305829048157
0.7128798961639404
0.6886975169181824
0.11877550929784775
0.5547569990158081
0.8485626578330994
0.8265323638916016
0.8960878252983093
0.5125166773796082
0.23262439668178558
0.7728339433670044
0.021977053955197334
0.2886911630630493
0.6277483105659485
0.8652289509773254
0.7125597596168518
0.585564374923706
0.4017795920372009
0.45243632793426514
0.7014509439468384
0.7681609988212585
0.05313636735081673
0.16292421519756317
0.14465177059173584
0.4704280197620392
0.8937537670135498
0.49391666054725647
0.6545882225036621
0.5049425363540649
0.4008207321166992
0.8393935561180115
0.39176130294799805
0.9825368523597717
0.39079564809799194
0.5491876006126404
0.03796764463186264
0.2687302827835083
0.7136008739471436
0.48745962977409363
0.07480575144290924
0.8204271793365479
0.013558054342865944
0.6950427889823914
0.21081644296646118
0.8061217665672302
0.993789553642273
0.3236941397190094
0.521343469619751
0.908003568649292
0.8787802457809448
0.37017643451690674
0.4900326728820801
0.6022359132766724
0.7087239027023315
0.0162269938737154
0.016390230506658554
0.37781259417533875
0.785419225692749
0.5120037198066711
0.5990766286849976
0.8050531148910522
0.39393892884254456
0.040555939078330994
0.7245751023292542
0.04208529740571976
0.4311695098876953
0.03365563601255417
0.18977488577365875
0.9931020736694336
0.2145865261554718
0.6768776178359985
0.5473062992095947
0.5634544491767883
0.5333586931228638
0.7973293662071228
0.536536693572998
0.26887497305870056
0.4967844486236572
0.3386578857898712
0.059613075107336044
0.6968721151351929
0.9034122228622437
0.882050633430481
0.8021366000175476
0.9736409783363342
0.13308122754096985
0.9270657896995544
0.5917721390724182
0.21965233981609344
0.5397793650627136
0.6310918927192688
0.400607705116272
0.9058902859687805
0.9284383654594421
0.4396386444568634
0.4542877972126007
0.10805939882993698
0.6202648878097534
0.5157340168952942
0.6760178208351135
0.4714260995388031
0.45292165875434875
0.7132503986358643
0.9521384239196777
0.3380162715911865
0.9676594734191895
0.9512148499488831
0.8776254057884216
0.8707602024078369
0.06262395530939102
0.9435765147209167
0.131710022687912
0.07862464338541031
0.192824125289917
0.9317207932472229
0.7136836051940918
0.46422284841537476
0.016150005161762238
0.14320826530456543
0.010860366746783257
0.23840564489364624
0.813919186592102
0.12624230980873108
0.3074112832546234
0.6460833549499512
0.056191444396972656
0.3413144052028656
0.5304215550422668
0.8666629195213318
0.4350556433200836
0.9435184001922607
0.5771827101707458
0.9926363229751587
0.5177082419395447
0.6040953993797302
0.19320550560951233
0.538061261177063
0.33214887976646423
0.4731677770614624
0.28125178813934326
0.7185267210006714
0.34882718324661255
0.9115535616874695
0.4392053782939911
0.4364174008369446
0.7362046837806702
0.9178646802902222
0.8495053648948669
0.23913709819316864
0.836544394493103
0.1764865219593048
0.13467034697532654
0.4497546851634979
0.9516567587852478
0.5080048441886902
0.7362164258956909
0.579863429069519
0.5760219693183899
0.06141630560159683
0.3574128746986389
0.27802833914756775
0.872978925704956
0.6359476447105408
0.6890292763710022
0.13549406826496124
0.8068307042121887
0.2906738221645355
0.06297420710325241
0.20334196090698242
0.8445306420326233
0.12812739610671997
0.4361303448677063
0.18928542733192444
0.08569244295358658
0.06013127788901329
0.05449845269322395
0.6388167142868042
0.04287135601043701
0.2919921576976776
0.7398343682289124
0.6686477661132812
0.488290399312973
0.715132474899292
0.9243687987327576
0.39658042788505554
0.3355393707752228
0.446137398481369
0.8542251586914062
0.9236817955970764
0.10931476205587387
0.5170543789863586
0.7057937383651733
0.11470237374305725
0.5530006289482117
0.32775139808654785
0.29135942459106445
0.47759339213371277
0.3298566937446594
0.796050488948822
0.7874584197998047
0.20699521899223328
0.661358654499054
0.27885305881500244
0.5468387603759766
0.0364786759018898
0.927546501159668
0.26274192333221436
0.8749057054519653
0.5369834899902344
0.29646506905555725
0.3724640905857086
0.408612459897995
0.7275909185409546
0.4318443834781647
0.17712874710559845
0.07931697368621826
0.05571860074996948
0.002992048626765609
0.26922765374183655
0.9483323693275452
0.3855365514755249
0.7080946564674377
0.7159319519996643
