512 2
0
89
297
1
88
379
2
423
425
3
69
357
4
28
381
5
325
425
6
397
457
7
284
402
8
335
395
9
76
261
10
81
312
11
226
479
12
245
509
13
74
415
14
91
472
15
21
262
16
361
473
17
181
491
18
20
160
19
145
355
20
148
203
21
184
402
22
219
356
23
405
456
24
325
491
25
108
335
26
305
330
20
27
389
28
33
294
29
425
487
30
165
450
24
31
157
32
288
390
33
425
468
34
268
360
35
183
357
36
98
151
37
150
387
38
119
303
34
39
212
40
127
238
41
323
335
42
248
478
43
135
352
44
54
56
45
177
294
46
329
355
47
178
334
48
57
486
49
238
315
50
161
450
51
209
456
52
71
280
53
263
360
54
306
363
55
125
333
33
56
444
57
203
250
58
126
326
59
323
470
49
60
105
54
61
421
62
104
406
63
99
495
64
290
436
65
335
443
66
278
298
67
235
367
68
278
430
69
404
436
0
70
94
53
71
338
72
366
487
70
73
418
74
341
504
75
295
483
76
151
366
77
193
240
78
203
452
79
80
193
80
162
252
49
81
126
82
363
437
83
190
376
84
245
414
85
124
437
86
234
410
87
328
432
88
244
301
89
144
293
6
90
314
91
245
427
92
487
511
17
93
374
60
94
343
95
147
237
96
374
387
97
139
264
56
98
424
99
279
330
100
417
436
77
101
156
102
322
439
1
15
103
104
261
374
105
237
399
106
471
484
107
252
396
108
166
368
108
109
370
110
136
322
55
111
370
112
259
471
22
113
447
114
396
404
109
115
262
116
456
479
117
325
356
118
229
439
119
333
374
120
130
509
121
200
417
122
323
475
19
123
306
124
255
343
82
125
491
63
126
290
80
127
389
128
312
388
129
409
510
58
95
130
74
106
131
132
392
455
133
143
337
134
137
423
133
135
338
136
478
493
137
187
262
55
138
155
6
139
395
140
160
285
141
181
403
78
142
495
143
196
340
8
28
144
145
309
436
146
194
422
147
171
479
148
292
383
79
149
383
112
150
277
151
425
450
84
152
252
123
153
318
58
154
496
155
194
422
156
328
414
157
314
408
158
374
497
89
159
165
57
114
160
125
145
161
11
162
387
112
163
293
164
219
279
43
165
218
88
166
329
167
384
430
168
224
339
145
169
353
140
170
510
171
349
422
42
160
172
173
192
420
174
197
340
11
175
320
176
311
456
177
178
496
178
218
422
152
179
317
180
238
509
27
181
277
97
182
449
81
183
369
184
200
334
185
229
455
186
218
321
92
187
439
188
223
504
16
96
189
106
164
190
8
52
191
64
121
192
133
193
273
35
83
194
195
359
411
56
59
196
171
173
197
59
198
477
96
199
422
200
202
285
131
201
205
17
202
209
203
363
403
21
204
404
60
165
205
206
446
471
207
314
421
208
407
468
64
209
417
210
427
489
211
334
480
83
97
212
213
221
459
214
318
436
126
215
222
10
46
216
74
141
217
218
277
389
156
219
458
220
362
477
221
326
386
222
258
490
94
223
359
217
224
234
10
225
486
109
226
229
53
195
227
180
221
228
229
394
458
148
189
230
100
231
506
86
215
232
139
233
338
98
215
234
235
316
411
39
161
236
237
282
374
156
238
329
111
130
239
62
240
398
51
106
241
242
350
452
169
243
248
143
244
488
245
409
486
46
136
246
230
233
247
169
184
248
249
322
387
183
250
350
8
34
251
108
252
295
191
253
468
230
235
254
167
255
450
174
256
270
257
258
475
95
258
260
259
282
502
158
260
326
171
261
395
138
262
484
150
263
502
217
264
368
112
142
265
204
266
332
267
298
451
5
116
268
57
109
269
93
270
495
259
271
307
237
272
484
17
273
294
182
274
435
209
275
335
106
238
276
118
136
277
116
277
278
92
189
279
68
280
456
281
367
489
44
82
282
5
136
283
206
256
284
87
172
285
51
125
286
269
287
320
192
226
288
191
289
293
164
290
317
291
441
463
40
273
292
293
312
375
61
294
437
295
335
409
92
236
296
114
234
297
295
298
413
75
206
299
226
300
473
230
301
425
67
271
302
288
303
309
301
304
381
203
277
305
187
271
306
258
307
478
255
308
497
214
309
504
310
347
502
6
311
388
129
312
393
181
312
313
233
256
314
39
225
315
70
316
505
191
317
423
259
318
416
319
375
414
120
320
375
125
182
321
1
121
322
104
323
379
324
346
449
36
169
325
20
270
326
70
117
327
328
415
458
141
291
329
276
330
382
253
323
331
249
332
508
87
227
333
87
174
334
150
335
445
262
336
348
128
337
428
218
338
354
184
221
339
164
227
340
1
187
341
61
342
379
202
229
343
87
344
431
158
220
345
72
137
346
108
347
367
250
263
348
41
349
428
4
137
350
206
332
351
112
334
352
125
243
353
79
319
354
228
267
355
233
356
392
67
302
357
358
422
483
18
359
492
126
360
400
316
361
464
292
342
362
3
287
363
108
185
364
2
365
503
117
143
366
190
330
367
14
368
440
20
191
369
57
222
370
278
371
451
245
372
462
16
168
373
133
374
395
128
272
375
376
388
467
377
381
504
18
378
467
91
379
493
34
277
380
48
57
381
344
382
458
36
101
383
230
341
384
48
61
385
78
330
386
170
387
482
174
274
388
389
399
440
175
177
390
231
391
396
12
123
392
390
393
472
205
394
478
53
348
395
323
396
423
366
397
468
30
398
419
399
407
427
62
96
400
192
355
401
1
33
402
3
276
403
86
239
404
234
405
450
234
276
406
407
422
501
309
408
460
245
380
409
38
410
486
102
292
411
25
46
412
125
297
413
7
187
414
35
415
497
322
341
416
287
319
417
315
418
452
222
402
419
127
420
424
23
175
421
143
296
422
29
395
423
121
163
424
31
352
425
163
237
426
157
427
458
11
184
428
266
429
444
333
430
489
37
72
431
165
336
432
32
51
433
41
164
434
395
422
435
32
151
436
132
159
437
22
185
438
124
280
439
117
440
455
156
441
446
177
442
455
205
252
443
65
143
444
117
284
445
314
370
446
10
176
447
135
140
448
122
186
449
5
213
450
89
451
458
76
325
452
66
305
453
130
400
454
302
455
460
394
448
456
104
132
457
49
383
458
35
350
459
312
460
485
80
93
461
462
475
479
58
130
463
44
386
464
253
419
465
125
281
466
158
443
467
78
102
468
217
469
478
318
470
502
205
279
471
126
166
472
151
197
473
194
405
474
276
293
475
147
299
476
214
477
494
36
298
478
230
440
479
123
480
510
5
285
481
38
352
482
153
321
483
61
300
484
39
325
485
62
140
486
322
479
487
1
29
488
256
278
489
360
365
490
270
409
491
212
378
492
373
480
493
145
472
494
30
52
495
267
410
496
55
471
497
84
441
498
90
144
499
36
413
500
216
376
501
89
498
502
175
300
503
68
428
504
7
174
505
314
339
506
142
154
507
193
355
508
396
479
509
196
471
510
101
456
511
0.9128353595733643
0.0046630194410681725
0.7163498997688293
0.42119401693344116
0.5137404203414917
0.5660603046417236
0.46759840846061707
0.6793347001075745
0.10772036761045456
0.20494723320007324
0.9537762403488159
0.696359395980835
0.4566833972930908
0.7734845280647278
0.7639607787132263
0.3315495252609253
0.012838480062782764
0.4918990731239319
0.30058354139328003
0.3712160885334015
0.034096479415893555
0.23274561762809753
0.5515429377555847
0.4838646948337555
0.32692477107048035
0.14889612793922424
0.3981524407863617
0.727432370185852
0.3695644438266754
0.9833576083183289
0.6824601888656616
0.4203680753707886
0.8186313509941101
0.5454726219177246
0.4648755192756653
0.7730876803398132
0.39523249864578247
0.007260988000780344
0.007421697489917278
0.7522168159484863
0.384705513715744
0.6741676330566406
0.04054252803325653
0.040574200451374054
0.2745281159877777
0.4904823303222656
0.7074771523475647
0.8016729354858398
0.18671950697898865
0.01692165993154049
0.5000974535942078
0.6478210687637329
0.13328486680984497
0.4398238956928253
0.7397828102111816
0.3214350938796997
0.10214632749557495
0.8219779133796692
0.8193261623382568
0.09307698905467987
0.7577941417694092
0.11404430866241455
0.27188751101493835
0.487016499042511
0.38816729187965393
0.27887797355651855
0.994968831539154
0.4356756806373596
0.29086917638778687
0.3377813696861267
0.9358970522880554
0.3747878670692444
0.4101194441318512
0.3522498905658722
0.8535029292106628
0.08642510324716568
0.7246768474578857
0.9788532853126526
0.11401066184043884
0.5867435336112976
0.006228712387382984
0.10321669280529022
0.8352534770965576
0.7523335218429565
0.8806663155555725
0.565162181854248
0.7930040955543518
0.88194340467453
0.46744799613952637
0.9455524682998657
0.31121164560317993
0.6187821626663208
0.0915093794465065
0.7185019254684448
0.9292974472045898
0.3775571584701538
0.6469103097915649
0.04948687553405762
0.13741661608219147
0.5897529721260071
0.3329026401042938
0.4304848909378052
0.03556546941399574
0.6333243250846863
0.20508138835430145
0.3376610577106476
0.9222875237464905
0.6084357500076294
0.41702407598495483
0.6533985733985901
0.7637465596199036
0.767158031463623
0.9891123175621033
0.4516407251358032
0.8070336580276489
0.6239588260650635
0.6249039173126221
0.4265236556529999
0.6618380546569824
0.8553146123886108
0.006246380973607302
0.08160969614982605
0.47890016436576843
0.31884920597076416
0.35471075773239136
0.6152421832084656
0.8229115605354309
0.01048758253455162
0.16345885396003723
0.027810057625174522
0.3808380365371704
0.14578193426132202
0.3438988924026489
0.046097878366708755
0.7926907539367676
0.0025525419041514397
0.7676979303359985
0.3269940912723541
0.3126285970211029
0.010254637338221073
0.796617865562439
0.8111134171485901
0.04328666627407074
0.8625880479812622
0.3120517134666443
0.3635673224925995
0.3874933123588562
0.1774265021085739
0.037882473319768906
0.9342156052589417
0.8649091720581055
0.757390558719635
0.8070697784423828
0.2652268409729004
0.41643083095550537
0.15425120294094086
0.37045466899871826
0.6448941230773926
0.8894560933113098
0.047785043716430664
0.27346527576446533
0.735487163066864
0.8699421286582947
0.7721728682518005
0.26032155752182007
0.7218198776245117
0.3485560715198517
0.9482476115226746
0.3069506585597992
0.2830621004104614
0.8409938812255859
0.9988011717796326
0.7388249039649963
0.39915454387664795
0.30946579575538635
0.779504656791687
0.473270446062088
0.6240735650062561
0.4748345911502838
0.7085058093070984
0.2286461740732193
0.29815784096717834
0.8582149147987366
0.8061620593070984
0.8476889133453369
0.06554669886827469
0.03950144350528717
0.7005099654197693
0.9348626732826233
0.6150273084640503
0.761896550655365
0.9386383891105652
0.9705885648727417
0.5865638852119446
0.05198286846280098
0.2724626362323761
0.6744984984397888
0.3768237829208374
0.6790034770965576
0.7829188704490662
0.599726140499115
0.6781274080276489
0.9496726989746094
0.2302744835615158
0.368756502866745
0.6942328810691833
0.04920849949121475
0.24246090650558472
0.4650854170322418
0.2481723427772522
0.6649172306060791
0.30154114961624146
0.26004818081855774
0.9573068022727966
0.17105436325073242
0.4976344704627991
0.5636457204818726
0.2993503510951996
0.5094110369682312
0.554919421672821
0.005760554224252701
0.09516066312789917
0.9075874090194702
0.9366751909255981
0.6900674104690552
0.1595352292060852
0.6089382767677307
0.7810725569725037
0.5630254149436951
0.18676526844501495
0.09877235442399979
0.29492759704589844
0.5477409958839417
0.8583128452301025
0.42100390791893005
0.9986039996147156
0.29343748092651367
0.9983188509941101
0.8283655643463135
0.3215535581111908
0.254471093416214
0.3572072684764862
0.8361044526100159
0.7478803992271423
0.5137537121772766
0.7474267482757568
0.26773783564567566
0.8698630332946777
0.8738184571266174
0.16543346643447876
0.6707019805908203
0.6459701061248779
0.2827451527118683
0.5894737243652344
0.10426416248083115
0.9854507446289062
0.004679632838815451
0.10316142439842224
0.6638083457946777
0.7291248440742493
0.9867135882377625
0.8925713300704956
0.18184040486812592
0.08262886106967926
0.7692177295684814
0.6257667541503906
0.46981510519981384
0.20682084560394287
0.1960674524307251
0.2765123248100281
0.27743107080459595
0.16135136783123016
0.06956586241722107
0.9166308045387268
0.7570585012435913
0.37025412917137146
0.3111891448497772
0.6428685784339905
0.3216404318809509
0.5204979777336121
0.021663902327418327
0.8079704642295837
0.2626793682575226
0.7299566268920898
0.4007219672203064
0.7908698916435242
0.31672289967536926
0.8102230429649353
0.6065101027488708
0.8353139162063599
0.7763110399246216
0.05389099568128586
0.6527382135391235
0.6442038416862488
0.7067615389823914
0.6370089650154114
0.6359705328941345
0.9352734684944153
0.5649845600128174
0.3669218122959137
0.3483402729034424
0.6726256608963013
0.25463318824768066
0.9863990545272827
0.2246096134185791
0.21722722053527832
0.5346106290817261
0.16454654932022095
0.6010231375694275
0.04126567766070366
0.23880881071090698
0.5389068722724915
0.7361142635345459
0.5888898968696594
0.006868601776659489
0.26755401492118835
0.10943982005119324
0.30783510208129883
0.09506847709417343
0.5639986395835876
0.09802120923995972
0.5310529470443726
0.717821478843689
0.6680395603179932
0.18556660413742065
0.7205002903938293
0.3345574736595154
0.7411221265792847
0.03906448930501938
0.3791094720363617
0.43208441138267517
0.3184860646724701
0.5592581033706665
0.9357895255088806
0.8049511313438416
0.0003147649113088846
0.017484745010733604
0.40968936681747437
0.5888235569000244
0.7382718324661255
0.2079775631427765
0.7147788405418396
0.299012690782547
0.1430100053548813
0.5593181848526001
0.411281943321228
0.5501255393028259
0.04366340860724449
0.9328744411468506
0.047176070511341095
0.9331941604614258
0.29582926630973816
0.9461398124694824
0.7925230860710144
0.5466808676719666
0.5111461281776428
0.7929499745368958
0.11602964252233505
0.5927094221115112
0.7312341332435608
0.5677987933158875
0.9891126751899719
0.8463283777236938
0.7700104117393494
0.810250461101532
0.45872762799263
0.39580538868904114
0.8277263045310974
0.33705875277519226
0.28482604026794434
0.8991757035255432
0.31120532751083374
0.07908859103918076
0.3747478127479553
0.6941989064216614
0.8096246719360352
0.8616231083869934
0.46494123339653015
0.9845268130302429
0.6616383194923401
0.8240612745285034
0.6013383865356445
0.9470272660255432
0.2610263228416443
0.7246436476707458
0.41581910848617554
0.24826450645923615
0.7351357340812683
0.2453484833240509
0.9680730700492859
0.661627471446991
0.33422917127609253
0.29305794835090637
0.4856736660003662
0.5267473459243774
0.023633603006601334
0.806709349155426
0.7899342179298401
0.37733858823776245
0.09113266319036484
0.9149718284606934
0.9547728896141052
0.4446384608745575
0.582116961479187
0.3610043525695801
0.24191972613334656
0.7313615679740906
0.5157104730606079
0.821033239364624
0.4201233685016632
0.11178534477949142
0.25982457399368286
0.5776868462562561
0.6846722364425659
0.3456815183162689
0.17407675087451935
0.8501193523406982
0.7006082534790039
0.7229293584823608
0.33586353063583374
0.22949711978435516
0.7578355073928833
0.2713192105293274
0.5004376769065857
0.4809153378009796
0.5676937699317932
0.9072223901748657
0.12210526317358017
0.768747866153717
0.9333460927009583
0.8674743175506592
0.34933456778526306
0.4093306064605713
0.7351787686347961
0.6173866987228394
0.011466230265796185
0.5824662446975708
0.19137801229953766
0.6521451473236084
0.41357699036598206
0.4482942819595337
0.8071269989013672
0.6926925182342529
0.9344253540039062
0.6108065843582153
0.2991044819355011
0.3355698585510254
0.27246972918510437
0.9262206554412842
0.6498829126358032
0.619204044342041
0.7965484261512756
0.8522877097129822
0.7287458181381226
0.2691216766834259
0.3933037519454956
0.08339333534240723
0.5670644044876099
0.821453332901001
0.7309193015098572
0.23527345061302185
0.9090492129325867
0.8367986679077148
0.7004162669181824
0.46472638845443726
0.2486376166343689
0.7352364659309387
0.45774251222610474
0.8328554034233093
0.3943268060684204
0.20523667335510254
0.9004476070404053
0.8226979970932007
0.6705828309059143
0.32699987292289734
0.20150132477283478
0.858337938785553
0.9646553993225098
0.10461106151342392
0.8451095819473267
0.890526533126831
0.7676353454589844
0.36060771346092224
0.5549318194389343
0.0732821673154831
0.49475786089897156
0.2923715114593506
0.4314885139465332
0.8835460543632507
0.3962213099002838
0.4210417568683624
0.9334272146224976
0.9096696376800537
0.3040922284126282
0.8127166628837585
0.25918111205101013
0.8222638964653015
0.937025249004364
0.4084688127040863
0.030208131298422813
0.09400156140327454
0.7851277589797974
0.7657461166381836
0.08236834406852722
0.8429217338562012
0.6138557195663452
0.17720432579517365
0.6301888823509216
0.1968785971403122
0.23584888875484467
0.5983331203460693
0.7116280794143677
0.34987685084342957
0.9795064330101013
0.1063876748085022
0.40252694487571716
0.8368638157844543
0.2409336417913437
0.07789589464664459
0.9650530815124512
0.39258700609207153
0.66950523853302
0.6142340898513794
0.8388476967811584
0.24812032282352448
0.024596773087978363
0.5014314651489258
0.45393335819244385
0.038197003304958344
0.9397128820419312
0.9867709279060364
0.32519036531448364
0.2877585291862488
0.44878166913986206
0.15868210792541504
0.2926490604877472
0.43359771370887756
0.3501286506652832
0.1682659089565277
0.9345881938934326
0.6594126224517822
0.3373253047466278
0.11413934081792831
0.933827817440033
0.36966949701309204
0.5903294682502747
0.5760456323623657
0.09189160913228989
0.6361462473869324
0.9805478453636169
0.17278333008289337
0.03234967589378357
0.9276335835456848
0.011869748122990131
0.5879047513008118
0.8683755397796631
0.8791807293891907
0.6895942687988281
0.7705389261245728
0.5450053215026855
0.8618115186691284
0.6942185163497925
0.7694392204284668
0.7218871116638184
0.9521647095680237
0.8508018255233765
0.1849566102027893
0.9149625897407532
0.7304455637931824
0.02304825559258461
0.5864763259887695
0.014527421444654465
0.6131041646003723
0.9983665347099304
0.8576300144195557
0.9517374038696289
0.6661806106567383
0.46776342391967773
0.023741643875837326
0.7118878960609436
0.20859844982624054
0.4410524070262909
0.1211770698428154
0.15334787964820862
0.4928756058216095
0.11140930652618408
0.30167490243911743
0.6866917610168457
0.44261616468429565
0.2577829957008362
0.9111788868904114
0.7460208535194397
0.41339045763015747
0.12398777902126312
0.9441002607345581
0.7893837094306946
0.7197108268737793
0.20557497441768646
0.8531477451324463
0.6256843209266663
0.5299795866012573
0.9968951940536499
0.9965314865112305
0.054882731288671494
0.21109317243099213
0.019518084824085236
0.644309401512146
0.27334028482437134
0.5814083218574524
0.5471999049186707
0.10066390037536621
0.7458327412605286
0.96474689245224
0.11585389077663422
0.8856635689735413
0.45016053318977356
0.5000147819519043
0.12083098292350769
0.11175381392240524
0.44435450434684753
0.8299422264099121
0.8007816076278687
0.17449922859668732
0.7303248643875122
0.8801997303962708
0.11901126801967621
0.25696730613708496
0.5888375043869019
0.21985049545764923
0.6423773765563965
0.7499088644981384
0.9899018406867981
0.26139673590660095
0.2963402569293976
0.07953786104917526
0.07805755734443665
0.7426195740699768
0.1386716216802597
0.630519688129425
0.9503161907196045
0.7834497094154358
0.4305749237537384
0.08930172771215439
0.8309611082077026
0.6722927093505859
0.11655271053314209
0.9910721182823181
0.532490074634552
0.498029887676239
0.8854515552520752
0.9854488968849182
0.5657849907875061
0.39403536915779114
0.3037745952606201
0.8386731147766113
0.7320643067359924
0.9972671270370483
0.7323257923126221
0.33391904830932617
0.44764500856399536
0.10190757364034653
0.24389474093914032
0.7503218650817871
0.8238383531570435
0.02025439776480198
0.03929787874221802
0.3298046290874481
0.046364132314920425
0.06679156422615051
0.7520757913589478
0.9982068538665771
0.8470432162284851
0.9615453481674194
0.7323635220527649
0.57704097032547
0.17378239333629608
0.46831369400024414
0.6643862128257751
0.2138172835111618
0.48444974422454834
0.24769505858421326
0.6443580389022827
0.4662635028362274
0.6022149324417114
0.7877264618873596
0.5688698887825012
0.374044269323349
0.2644372284412384
0.7439793348312378
0.6953896880149841
0.38693031668663025
0.39532068371772766
0.7643694281578064
0.7920364141464233
0.47394442558288574
0.39636972546577454
0.774293839931488
0.7096221446990967
0.12151572108268738
0.8171235918998718
0.14691506326198578
0.5736076235771179
0.16305910050868988
0.18586841225624084
0.019395196810364723
0.722713828086853
0.04820680618286133
0.8284796476364136
0.9593849778175354
0.5876915454864502
0.4241161644458771
0.9124616980552673
0.9658403992652893
0.026502585038542747
0.2609245181083679
0.4522366225719452
0.13564319908618927
0.6362800598144531
0.18119122087955475
0.5116472840309143
0.39171889424324036
0.44496938586235046
0.16732017695903778
0.013835902325809002
0.4123387634754181
0.6722385883331299
0.0021712651941925287
0.5071413516998291
0.7560113668441772
0.039561424404382706
0.4059418737888336
0.4677581191062927
0.46323162317276
0.2980223596096039
0.16494882106781006
0.3857799470424652
0.7334205508232117
0.3282882571220398
0.7094475626945496
0.7096832394599915
0.5178548693656921
0.12146186828613281
0.30185461044311523
0.646247386932373
0.4236573874950409
0.6276719570159912
0.2398933321237564
0.5463199615478516
0.8780592679977417
0.6233418583869934
0.7315808534622192
0.39644840359687805
0.14476850628852844
0.8521285057067871
0.6164424419403076
0.8457158803939819
0.06420980393886566
0.503737211227417
0.5518672466278076
0.944223940372467
0.2759630084037781
0.5839992761611938
0.3620796799659729
0.9836311340332031
0.03344063088297844
0.9069658517837524
0.7602898478507996
0.21300671994686127
0.1554221212863922
0.04985960200428963
0.17337973415851593
0.0012077277060598135
0.941596269607544
0.4104064106941223
0.05275225639343262
0.8919188380241394
0.4407215714454651
0.13277065753936768
0.6018621921539307
0.3092656135559082
0.1962582767009735
0.9750757813453674
0.1261475682258606
0.09859319776296616
0.4123995304107666
0.5949569344520569
0.12917762994766235
0.6972938776016235
0.7378837466239929
0.7083225846290588
0.6810536980628967
0.6405946016311646
0.04920089617371559
0.9522956013679504
0.5716663599014282
0.7840875387191772
0.5246096253395081
0.42680543661117554
0.972974419593811
0.12078651785850525
0.989327073097229
0.555609941482544
0.5512131452560425
0.8399597406387329
0.8581404685974121
0.35319745540618896
0.5403481125831604
0.5950164198875427
0.5333061218261719
0.028137046843767166
0.22411352396011353
0.6199269890785217
0.188627690076828
0.3064252734184265
0.6109908223152161
0.2649737596511841
0.9397170543670654
0.3269348442554474
0.8178063631057739
0.852583646774292
0.899375319480896
0.09979301691055298
0.8853771686553955
0.7699047923088074
0.5220251679420471
0.7024039030075073
0.588630199432373
0.2618778944015503
0.03551910072565079
0.083796925842762
0.7990314364433289
0.2155364453792572
0.03469134867191315
0.2968619465827942
0.4751010835170746
0.4118725061416626
0.04577202722430229
0.5585151314735413
0.016577618196606636
0.057832058519124985
0.11343653500080109
0.20806345343589783
0.4070705771446228
0.8577659130096436
0.9620826840400696
0.6817175149917603
0.13591372966766357
0.9692198038101196
0.060926757752895355
0.22266055643558502
0.433209091424942
0.786497950553894
0.31342506408691406
0.9572774767875671
0.23536384105682373
0.5599774122238159
0.40699502825737
0.2235761135816574
0.640185534954071
0.8731675148010254
0.2261522263288498
0.6043075323104858
0.09348966926336288
0.6427441835403442
0.4794267416000366
0.2907596528530121
0.4834515154361725
0.5444340109825134
0.9939336180686951
0.15139228105545044
0.21085448563098907
0.6821964979171753
0.3155604302883148
0.9001031517982483
0.731080174446106
0.5999977588653564
0.6218670010566711
0.28787535429000854
0.8218352198600769
0.1501440554857254
0.07882118225097656
0.3349798619747162
0.0896303653717041
0.5424631834030151
0.6137135624885559
0.07897534966468811
0.1012289822101593
0.7908785939216614
0.2146172672510147
0.24051137268543243
0.7000865340232849
0.4293610751628876
0.48720479011535645
0.16850891709327698
0.907418966293335
0.0876687541604042
0.7150519490242004
0.44275277853012085
0.14385239779949188
0.25347545742988586
0.6950706839561462
0.896896481513977
0.6295202374458313
0.12987013161182404
0.6132931709289551
0.31165337562561035
0.6889402866363525
0.05595051497220993
0.17604269087314606
0.8228658437728882
0.14293135702610016
0.8657492399215698
0.574225902557373
0.09467008709907532
0.5223975777626038
0.28514379262924194
0.8295191526412964
0.6483365297317505
0.5062606334686279
0.022483792155981064
0.11365228146314621
0.08110801875591278
0.9935882687568665
0.38400396704673767
0.08795545250177383
0.21030159294605255
0.4667741656303406
0.616301953792572
0.3148782253265381
0.33649104833602905
0.7281175255775452
0.010078605264425278
0.4101473093032837
0.6389672160148621
0.181376650929451
0.004230736754834652
0.08683762699365616
0.5320104360580444
0.4880039095878601
0.0015571826370432973
0.4631190598011017
0.3631678521633148
0.8501021265983582
0.756268322467804
0.8343091011047363
0.3855630159378052
0.6128503680229187
0.3479653000831604
0.20300506055355072
0.9894835352897644
0.41366973519325256
0.4422251284122467
0.1752026379108429
0.16764980554580688
0.590596079826355
0.7411985993385315
0.5835318565368652
0.11608505249023438
0.8223148584365845
0.06342381238937378
0.28433123230934143
0.9393972754478455
0.3477875590324402
0.6825960278511047
0.6537179350852966
0.6221283078193665
0.3974071741104126
0.443407267332077
0.9343394637107849
0.16841952502727509
0.3444426357746124
0.9986817240715027
0.8656599521636963
0.09029918909072876
0.06316445767879486
0.5570619702339172
0.7734063267707825
0.030311765149235725
0.29933294653892517
0.9564429521560669
0.7414754033088684
0.34111738204956055
0.8531468510627747
0.8377417922019958
0.8807141184806824
0.47856405377388
0.6327300667762756
0.33289316296577454
0.7551489472389221
0.8271545171737671
0.5829209685325623
0.5702351331710815
0.9325718879699707
0.2551408112049103
0.736870527267456
0.4591423273086548
0.6596601605415344
0.23618915677070618
0.15528643131256104
0.4191598892211914
0.7694647312164307
0.33607807755470276
0.4745875895023346
0.20419591665267944
0.9645873308181763
0.5560732483863831
0.1274450719356537
0.09516282379627228
0.306458443403244
0.9089521765708923
0.8794373273849487
0.6502170562744141
0.5029232501983643
0.3849807679653168
0.8554805517196655
0.7261569499969482
0.15593285858631134
0.7985473871231079
0.8030668497085571
0.7203522324562073
0.23430857062339783
0.1848331242799759
0.5841138362884521
0.590451717376709
0.8520013689994812
0.48509398102760315
0.6236376762390137
0.9536897540092468
0.041870929300785065
0.1749400645494461
0.5082156658172607
0.2762414515018463
0.3999788463115692
0.7158942818641663
0.6586092710494995
0.748035728931427
0.9093619585037231
0.5229051113128662
0.07956505566835403
0.9838972687721252
0.03283644840121269
0.7723494172096252
0.24475397169589996
0.029926517978310585
0.2803341746330261
0.48375824093818665
0.009651982225477695
0.9492537379264832
0.41976311802864075
0.6489608287811279
0.4791138768196106
0.7835603356361389
0.446751207113266
0.5580641031265259
0.25768160820007324
0.6909347176551819
0.9937652349472046
0.10868949443101883
0.46115413308143616
0.1702299565076828
0.24124275147914886
0.267927348613739
0.5727149844169617
0.20159222185611725
0.41133564710617065
0.09154298901557922
0.6930943727493286
0.40072864294052124
0.24951274693012238
0.3372158706188202
0.035133786499500275
0.03731502220034599
0.8213249444961548
0.7843596935272217
0.11478028446435928
0.11234071850776672
0.5555849075317383
0.7566840052604675
0.149366557598114
0.41086116433143616
0.34706801176071167
0.4143601655960083
0.4764734208583832
0.4661785960197449
0.6152454018592834
0.4805415868759155
0.6559086441993713
0.4308830201625824
0.3660033643245697
0.3969150483608246
0.7736513614654541
0.4048024117946625
0.24531787633895874
0.5384207367897034
0.8055422306060791
0.10210125893354416
0.7684879899024963
0.3644966185092926
0.2505201995372772
0.9709343910217285
0.7568764090538025
0.7805393934249878
0.13223350048065186
0.31290024518966675
0.2613312304019928
0.6607658863067627
0.24056126177310944
0.15167544782161713
0.5730075836181641
0.40006157755851746
0.7081244587898254
0.81471848487854
0.9160183072090149
0.9715868234634399
0.15526838600635529
0.8729358911514282
0.7061532139778137
0.31846490502357483
0.5976873636245728
0.3646954596042633
0.4299680292606354
0.4130714237689972
0.3845059275627136
0.23513783514499664
0.2712760865688324
0.9373357892036438
0.2751666307449341
0.08626871556043625
0.30882930755615234
0.6596301794052124
0.944420576095581
0.21482093632221222
0.968626856803894
0.9201921224594116
0.7726532816886902
0.8239595890045166
0.9251147508621216
0.915246844291687
0.3763258755207062
0.2784217894077301
0.333130419254303
0.38653936982154846
0.9910858869552612
0.31011638045310974
0.6632437705993652
0.6931234002113342
0.18634875118732452
0.18615970015525818
0.5074629783630371
0.016036150977015495
0.46686115860939026
0.34699127078056335
0.6673445105552673
0.2970227301120758
0.7584819793701172
0.8286176919937134
0.6682595014572144
0.054979223757982254
0.34436115622520447
0.7504234313964844
0.9900991916656494
0.3810498118400574
0.04535531625151634
0.8081561923027039
0.843535304069519
0.08547203242778778
0.915726900100708
0.6569089293479919
0.17625977098941803
0.1356927752494812
0.9505100250244141
0.9722478985786438
0.17075560986995697
0.9165206551551819
0.5167842507362366
0.16656307876110077
0.3918246328830719
0.7574065327644348
0.5895267724990845
0.8169987201690674
0.43199166655540466
0.503268837928772
0.4435807466506958
0.8267113566398621
0.760591447353363
0.313638299703598
0.08560945838689804
0.8487778306007385
0.953667402267456
0.2616731524467468
0.2574940621852875
0.7085320353507996
0.7861708402633667
0.8933556079864502
0.5260758399963379
0.5567045211791992
0.4393232762813568
0.8845831751823425
0.7059319615364075
0.9258007407188416
0.7628969550132751
0.19536122679710388
0.8523325324058533
0.25810903310775757
0.4931904375553131
0.029525727033615112
0.24051176011562347
0.12063585221767426
0.17715047299861908
0.3598576486110687
0.65411376953125
0.2760520875453949
0.7627702355384827
0.42693349719047546
0.25119537115097046
0.02883176878094673
0.12362390756607056
0.2962014973163605
0.5975980162620544
0.7557342052459717
0.7781969904899597
0.07662854343652725
0.9991098642349243
0.4116463363170624
0.9768253564834595
0.8476191759109497
0.11049279570579529
0.36240389943122864
0.7437479496002197
0.8508983850479126
0.6432193517684937
0.7270218133926392
0.6326314806938171
0.8745640516281128
0.12896740436553955
0.09752722829580307
0.14270906150341034
0.5438159108161926
0.1692243367433548
0.5694011449813843
0.08189617097377777
0.3242354393005371
0.6970942616462708
0.16730250418186188
0.7278129458427429
0.006643217988312244
0.877791702747345
0.3378300368785858
0.9633831977844238
0.5189962983131409
0.21010920405387878
0.8177047371864319
0.04063701257109642
0.7076318264007568
0.2631942927837372
0.3109484910964966
0.44223710894584656
0.30273306369781494
0.6521434187889099
0.47012242674827576
0.5675289630889893
0.23100675642490387
0.16039830446243286
0.36568012833595276
0.6968315839767456
0.6588662266731262
0.06961720436811447
0.04022849351167679
0.9530351161956787
0.5430482029914856
0.24070334434509277
0.0009592941496521235
0.48184430599212646
0.5961506366729736
0.5680795311927795
0.8236324787139893
0.12366650253534317
0.5045060515403748
0.898610532283783
0.14958404004573822
0.15712903439998627
0.3534855842590332
0.4893440902233124
0.4348195195198059
0.7679425477981567
0.2101248800754547
0.8310247659683228
0.19622020423412323
0.17123423516750336
0.05683191865682602
0.7151217460632324
0.1954982727766037
0.7229301929473877
0.021816110238432884
0.8896591067314148
0.9198651909828186
0.9056810140609741
0.4652501344680786
0.2924298048019409
0.57928866147995
0.9311014413833618
0.4274744987487793
0.8955240845680237
0.4939281642436981
0.853866696357727
0.010250043123960495
0.7241414189338684
0.6459357738494873
0.22057855129241943
0.6771953701972961
0.5813716053962708
0.7660278677940369
0.7672504186630249
0.3007705807685852
0.028721977025270462
0.36170944571495056
0.0992155373096466
0.4385111331939697
0.09717347472906113
0.16381503641605377
0.2611641585826874
0.9736763834953308
0.4067510962486267
0.9121972322463989
0.9523859620094299
0.5663791298866272
0.929920494556427
0.00481393514201045
0.3436964452266693
0.7560330629348755
0.4560988247394562
0.7139818668365479
0.07537872344255447
0.524506151676178
0.7316099405288696
0.9998125433921814
0.0661013200879097
0.5384311676025391
0.5448563098907471
0.9733462333679199
0.13940507173538208
0.6263207793235779
0.3894096612930298
0.4445343017578125
0.6741051077842712
0.08770617842674255
0.9525138139724731
0.46344611048698425
0.32307562232017517
0.7391088008880615
0.8216927647590637
0.2816126346588135
0.6563003659248352
0.2635532319545746
0.11021938920021057
0.8932709693908691
0.5843248963356018
0.023599276319146156
0.7412473559379578
0.5827048420906067
0.15834194421768188
0.8715713024139404
0.8194184899330139
0.34075599908828735
0.6881036758422852
0.5854279398918152
0.006892704870551825
0.5618403553962708
0.9540291428565979
0.29980340600013733
0.1695500612258911
0.2528558373451233
0.885323166847229
0.21674302220344543
0.8109685778617859
0.4610745906829834
0.5455889701843262
0.15031364560127258
0.24694673717021942
0.8322291374206543
0.25390687584877014
0.28491300344467163
0.42018064856529236
0.6674762964248657
0.6414485573768616
0.4265288710594177
0.2530312240123749
0.8600046038627625
0.8724452257156372
0.028584159910678864
0.5629851222038269
0.6082474589347839
0.9464221596717834
0.9511890411376953
0.48676204681396484
0.35538968443870544
0.6532838344573975
0.801717221736908
0.9176461696624756
0.05578494444489479
0.575794517993927
0.3315814435482025
0.6057931184768677
0.017339536920189857
0.3941638171672821
0.9435168504714966
0.8407652974128723
0.9688265323638916
0.23363283276557922
0.7506983280181885
0.7582892775535583
0.2740947902202606
0.16117778420448303
0.506425678730011
0.07100581377744675
0.7930101752281189
0.6921827793121338
0.3534195125102997
0.24349157512187958
0.6066665053367615
0.902341902256012
0.6933275461196899
0.4706180691719055
0.08857835829257965
0.7929744720458984
0.4750139117240906
0.3222675919532776
0.4174012839794159
0.806071937084198
0.2820664346218109
0.49737077951431274
0.04397382587194443
0.08972328156232834
0.8123437166213989
0.7618263363838196
0.9877516031265259
0.9068251252174377
0.18922068178653717
0.7579723596572876
0.36532890796661377
0.6537841558456421
0.010641079396009445
0.7092320919036865
0.9751232862472534
0.3190721273422241
0.8583053350448608
0.9703124761581421
0.2138679325580597
0.7780380249023438
0.8361448645591736
0.7587140202522278
0.11476609110832214
0.05443824082612991
0.9187179803848267
0.40618428587913513
0.8420061469078064
0.02105635032057762
0.2005775272846222
0.516646146774292
0.9287697672843933
0.21843303740024567
0.3853491544723511
0.13586099445819855
0.1139378696680069
0.8439179062843323
0.6293376684188843
0.07079391926527023
0.2951146066188812
0.6587948799133301
0.8149459958076477
0.5312120914459229
0.23047399520874023
0.3415667414665222
0.4650837779045105
0.9024696946144104
0.18826225399971008
0.9384328722953796
0.36336278915405273
0.7283689379692078
0.11887665838003159
0.29310342669487
0.26373326778411865
0.22404296696186066
0.8122572302818298
0.4267250597476959
0.9876896739006042
0.7359567284584045
0.7242470979690552
0.0016135601326823235
0.10213851183652878
0.3779650032520294
0.5001383423805237
0.4408149719238281
0.9829437136650085
0.039943236857652664
0.843218207359314
0.2176508754491806
0.6600924730300903
0.782836377620697
0.8930956125259399
0.07759995758533478
0.619634747505188
0.7103623151779175
0.4850163757801056
0.039892181754112244
0.20432759821414948
0.4546166956424713
0.7942500710487366
0.5372774004936218
0.6030288338661194
0.7068293690681458
0.026285331696271896
0.41995489597320557
0.5417191982269287
0.4997316300868988
0.8448770642280579
0.316583514213562
0.05601758509874344
0.018341317772865295
0.4468442499637604
0.45214152336120605
0.9526626467704773
0.3149402141571045
0.48506587743759155
0.2662559151649475
0.5399216413497925
0.5169569849967957
0.4988749921321869
0.818276047706604
0.8094292879104614
0.24047112464904785
0.1829787641763687
0.8720813989639282
0.9654854536056519
0.049352001398801804
0.07618781179189682
0.41771817207336426
0.6251730918884277
0.18842193484306335
0.5268535017967224
0.6064987182617188
0.20683352649211884
0.604243814945221
0.4819719195365906
0.41549572348594666
0.9699075222015381
0.19617338478565216
0.06830137968063354
0.4909719228744507
0.9974358081817627
0.7198948264122009
0.27922728657722473
0.43059980869293213
0.4173368513584137
0.13946941494941711
0.5169190764427185
0.990307092666626
0.6784875988960266
0.16664747893810272
0.8173646926879883
0.7536693811416626
0.9671091437339783
0.8161910176277161
0.1293514370918274
0.5201864242553711
0.3782166838645935
0.2665826678276062
0.9007691740989685
0.030978485941886902
0.16919521987438202
0.11572736501693726
0.8821702003479004
0.06945164501667023
0.09269856661558151
0.7164022326469421
0.3037124574184418
0.8056885004043579
0.9861094355583191
0.32774367928504944
0.7534785270690918
0.9504935145378113
0.5371115803718567
0.34930434823036194
0.06634967774152756
0.3633855879306793
0.6004491448402405
0.7638264894485474
0.16786137223243713
0.8007028102874756
0.9738341569900513
0.9237687587738037
0.632411539554596
0.3710039258003235
0.7246595621109009
0.517730712890625
0.5294414758682251
0.29211094975471497
0.28030601143836975
0.005093420390039682
0.1030530333518982
0.448764443397522
0.1379125714302063
0.29752811789512634
0.42098066210746765
0.4955650568008423
0.28842729330062866
0.916499137878418
0.3207821547985077
0.02662518061697483
0.5364501476287842
0.9833164215087891
0.027545878663659096
0.2837492525577545
0.019203273579478264
0.3835185170173645
0.2151947319507599
0.8715807795524597
0.38587602972984314
0.5429682731628418
0.6348173022270203
0.11054154485464096
0.05273382365703583
0.9017225503921509
0.6910833716392517
0.35521286725997925
0.15460506081581116
0.05695308372378349
0.39113649725914
0.37867528200149536
0.03522598370909691
0.4645533561706543
0.9196131825447083
0.08558706194162369
0.46214404702186584
0.879528284072876
0.21851669251918793
0.48048362135887146
0.854215145111084
0.737793505191803
0.6307594180107117
0.5240814685821533
0.3330278694629669
0.8620023131370544
0.5291202664375305
0.04789719358086586
0.20328965783119202
0.9140158295631409
0.07107578217983246
0.39132437109947205
0.5993680953979492
0.09770791232585907
0.7618042826652527
0.02591055817902088
0.3578869104385376
0.8998268842697144
0.3265783488750458
0.43823370337486267
0.702843427658081
0.9503426551818848
0.31731659173965454
0.2614806592464447
0.018331244587898254
0.2662464678287506
0.2650769054889679
0.647348940372467
0.5484811663627625
0.058372680097818375
0.49245715141296387
0.2701863944530487
0.7642139196395874
0.49497610330581665
0.027318179607391357
0.014024085365235806
0.7315773367881775
0.6980751752853394
0.5291175842285156
0.09110806882381439
0.15457771718502045
0.9192235469818115
0.24737851321697235
0.7441379427909851
0.37501060962677
0.02436758764088154
0.07650294154882431
0.4540424048900604
0.2812437415122986
0.09297891706228256
0.36847537755966187
0.39232826232910156
0.7129613161087036
0.012785304337739944
0.9507615566253662
0.6960042119026184
0.36196741461753845
0.45493143796920776
0.4346785247325897
0.8262813091278076
0.007815663702785969
0.24027127027511597
0.9357918500900269
0.4384075999259949
0.48274779319763184
0.518827497959137
0.9266098737716675
0.8382103443145752
0.22752636671066284
0.8573446869850159
0.03385661169886589
0.9980186820030212
0.6875759959220886
0.41821005940437317
0.8190276026725769
0.8671737313270569
0.1745496392250061
0.8430088758468628
0.6711254715919495
0.5062088370323181
0.1459297090768814
0.15085817873477936
0.4221987724304199
0.047074683010578156
0.06812357902526855
0.4891844093799591
0.30039429664611816
0.4322466552257538
0.6199682950973511
0.9399381875991821
0.4317486882209778
0.033381953835487366
0.6081297993659973
0.33419710397720337
0.8548327088356018
0.0320010706782341
0.7812315821647644
0.5324094891548157
0.8718121647834778
0.8354775309562683
0.21464960277080536
0.9565047025680542
0.5291544795036316
0.5602700710296631
0.15370182693004608
0.3947460651397705
0.3259679973125458
0.6744526028633118
0.4552711844444275
0.15869882702827454
0.6627534627914429
0.3583484888076782
0.09578670561313629
0.8096244931221008
0.565697968006134
0.03287269547581673
0.7684997916221619
0.45800402760505676
0.3804500997066498
0.9802818894386292
0.13335266709327698
0.17551292479038239
0.535607099533081
0.08073054999113083
0.7622442245483398
0.03971517086029053
0.8503853678703308
0.1570845991373062
0.7728930115699768
0.7816291451454163
0.5365695953369141
0.9236891269683838
0.8026964068412781
0.5786176323890686
0.03367318958044052
0.7389112710952759
0.3524560034275055
0.19360822439193726
0.09528541564941406
0.5094470381736755
0.38332399725914
0.7796596884727478
0.7693904638290405
0.8429648280143738
0.5501150488853455
0.7885477542877197
0.18145596981048584
0.9117537140846252
0.2460409551858902
0.22276270389556885
0.18744277954101562
0.31468889117240906
0.27167680859565735
0.9182776808738708
0.7741165161132812
0.500535786151886
0.2226233184337616
0.03937516361474991
0.5018190145492554
0.6680557131767273
0.7267124056816101
0.20871734619140625
0.4318830370903015
0.4052881896495819
0.6794614791870117
0.2598262131214142
0.15937645733356476
0.323851078748703
0.87832111120224
0.9002817273139954
0.6904708743095398
0.03539362922310829
0.5297397971153259
0.8189147114753723
0.9290266633033752
0.6346405744552612
0.7466127872467041
0.4999823570251465
0.5380926132202148
0.818587601184845
0.5361638069152832
0.5962004661560059
0.2247992753982544
0.6110849976539612
0.4007822573184967
0.2774229943752289
0.7745317816734314
0.07813667505979538
0.8443846106529236
0.654685914516449
0.14837636053562164
0.24691997468471527
0.2856607735157013
0.754743754863739
0.018552077934145927
0.3283352255821228
0.8518361449241638
0.46029630303382874
0.22865472733974457
0.6024426817893982
0.2580866813659668
0.3797507882118225
0.4096220135688782
0.34692078828811646
0.1911543756723404
0.3241153359413147
0.737551212310791
0.7013094425201416
0.19344240427017212
0.16249583661556244
0.5515795350074768
0.7138442993164062
0.5673872828483582
0.7005297541618347
0.9349115490913391
0.5959140062332153
0.5201252102851868
0.07691329717636108
0.5633066296577454
0.49292266368865967
0.9393473267555237
0.5450577735900879
0.8792621493339539
0.6312190890312195
0.03148453310132027
0.8796963691711426
0.6935291886329651
0.26568853855133057
0.3293609321117401
0.9992724657058716
0.17823031544685364
0.870035707950592
0.6984105110168457
0.8082401156425476
0.4843137562274933
0.5199043154716492
0.32148152589797974
0.7284308671951294
0.48185908794403076
0.20302589237689972
0.7014473080635071
0.10962313413619995
0.391561359167099
0.7399558424949646
0.5756474733352661
0.39292535185813904
0.7006577253341675
0.11748664826154709
0.5274093747138977
0.33529090881347656
0.52494877576828
0.5538939833641052
0.6389211416244507
0.6751829385757446
0.5210654735565186
0.38036099076271057
0.8223347663879395
0.9393632411956787
0.13987872004508972
0.5936800241470337
0.053339436650276184
0.44835707545280457
0.8302161693572998
0.3622514605522156
0.717248260974884
0.2391832321882248
0.31346696615219116
0.4787463843822479
0.2908679246902466
0.30360147356987
0.6660259962081909
0.1779368668794632
0.810180127620697
0.0723167210817337
0.6601070165634155
0.12105520069599152
0.07653508335351944
0.21183207631111145
0.10582923144102097
0.5702944397926331
0.8291239738464355
0.3499871790409088
0.36140120029449463
0.3309657573699951
0.8131930828094482
0.5484941601753235
0.21722769737243652
0.1428069770336151
0.8557761311531067
0.8437367677688599
0.788496732711792
0.1684110164642334
0.18733130395412445
0.00193689891602844
0.719642162322998
0.33992430567741394
0.3376937210559845
0.5251416563987732
0.2594245374202728
0.4915591776371002
0.036233674734830856
0.2623172402381897
0.3669479489326477
0.4353722929954529
0.6166520118713379
0.11279311776161194
0.15433628857135773
0.08114150166511536
0.4307830333709717
0.018240902572870255
0.7531943917274475
0.7549382448196411
0.9952978491783142
0.8622725605964661
0.5718459486961365
0.3283641040325165
0.309073805809021
0.49425801634788513
0.37771880626678467
0.15468120574951172
0.3475539982318878
0.31411972641944885
0.4857061505317688
0.8679614663124084
0.4944251775741577
0.7514560222625732
0.5986969470977783
0.047463368624448776
0.3337710201740265
0.9259206056594849
0.8263970017433167
0.16374094784259796
0.4824574887752533
0.07552757859230042
0.9803740978240967
0.4149401783943176
0.7075600028038025
0.47685641050338745
0.45029351115226746
0.8178437352180481
0.3406756520271301
0.7246950268745422
0.20102359354496002
0.40073662996292114
0.09184727072715759
0.44485196471214294
0.6908648610115051
0.3222096264362335
0.11376924812793732
0.051671352237463
0.42431044578552246
0.30943551659584045
0.9336720705032349
0.47567155957221985
0.6086249351501465
0.34111085534095764
0.784919798374176
0.41686737537384033
0.20828357338905334
0.35819703340530396
0.5386313199996948
0.02664013020694256
0.34097981452941895
0.9387727975845337
0.010830395855009556
0.45615291595458984
0.2555491328239441
0.8704500198364258
0.9542657136917114
0.9125157594680786
0.1906593143939972
0.18786543607711792
0.4406431019306183
0.44922739267349243
0.4884556829929352
0.06584453582763672
0.7334426641464233
0.5341745615005493
0.08155443519353867
0.1308508664369583
0.9305845499038696
0.5412543416023254
0.7943196296691895
0.7018522024154663
0.973561704158783
0.4265473484992981
0.6847318410873413
0.19980046153068542
0.9603164792060852
0.7769149541854858
0.019148454070091248
0.49825048446655273
0.03892183676362038
0.4319002330303192
0.5048531889915466
0.6557292342185974
0.07673542946577072
0.07110800594091415
0.9513422846794128
0.4856286942958832
0.39644405245780945
0.058565229177474976
0.8207135200500488
0.017856905236840248
0.6853304505348206
0.45853495597839355
0.5609403848648071
0.5894699096679688
0.11120084673166275
0.8864395022392273
0.0041555557399988174
0.14352728426456451
0.7925353050231934
0.6071107387542725
0.21308839321136475
0.014686151407659054
0.2371721714735031
0.17730996012687683
0.3085511326789856
0.47335854172706604
0.5670095682144165
0.039307329803705215
0.5657811760902405
0.040318649262189865
0.07349558919668198
0.5087276101112366
0.5831422209739685
0.5796380043029785
0.27709531784057617
0.13045482337474823
0.17536680400371552
0.8463067412376404
0.5128746628761292
0.6819104552268982
0.30156177282333374
0.8039064407348633
0.0990038514137268
0.9179489612579346
0.13544507324695587
0.262551486492157
0.42024528980255127
0.49061182141304016
0.6587404012680054
0.7188289165496826
0.9149230122566223
0.05349782481789589
0.4074917137622833
0.9548827409744263
0.7067442536354065
0.7133776545524597
0.4046288728713989
0.8354210257530212
0.6516997814178467
0.0635550320148468
0.2445794939994812
0.7191848158836365
0.3091878592967987
0.58458012342453
0.6746272444725037
0.3106563091278076
0.711875319480896
0.22695811092853546
0.13729500770568848
0.5694044232368469
0.616222083568573
0.6474624276161194
0.41908684372901917
0.8072540760040283
0.667194664478302
0.006309004966169596
0.4303104281425476
0.6531656384468079
0.8989835977554321
0.1528652012348175
0.42727047204971313
0.1618398278951645
0.40438228845596313
0.9754876494407654
0.993999183177948
0.11116336286067963
0.25395768880844116
0.510728120803833
0.6421880125999451
0.13615812361240387
0.7574922442436218
0.8322378396987915
0.7511855363845825
0.4058952033519745
0.5929710268974304
0.64154452085495
0.7817432284355164
0.36780232191085815
0.7309090495109558
0.56094890832901
0.18939818441867828
0.34745895862579346
0.3930503726005554
0.06130896508693695
0.18073615431785583
0.32018473744392395
0.9676666855812073
0.7595273852348328
0.43840935826301575
0.8275899291038513
0.032552942633628845
0.8819578886032104
0.7159072756767273
0.17827750742435455
0.6214495897293091
0.8781024217605591
0.8908328413963318
0.39528241753578186
0.7120113968849182
0.7611427903175354
0.11769416183233261
0.4517606794834137
0.6292905807495117
0.09901531040668488
0.6287252902984619
0.7146754860877991
0.7023506164550781
0.15211106836795807
0.20738863945007324
0.4914560914039612
0.8035803437232971
0.5078633427619934
0.9066221117973328
0.4804891347885132
0.8935361504554749
0.788104236125946
0.7824367880821228
0.9015714526176453
0.47133469581604004
0.9478906989097595
0.007012398447841406
0.7175911664962769
0.6994147896766663
0.4113463759422302
0.2782731056213379
0.840657114982605
0.6990537643432617
0.18142472207546234
0.6050935387611389
0.048076894134283066
0.27241405844688416
0.3932417631149292
0.6644607186317444
0.996295154094696
0.6935201287269592
0.8951900005340576
0.10486040264368057
0.26007625460624695
0.42637452483177185
0.7179408073425293
0.39848601818084717
0.4719582796096802
0.7866928577423096
0.3127305507659912
0.9236689805984497
0.7798983454704285
0.486508846282959
0.9224659204483032
0.4007025957107544
0.8634397983551025
0.47490620613098145
0.07461047917604446
0.7104789614677429
0.3736065924167633
0.842033326625824
0.2835403084754944
0.7290886640548706
0.35802993178367615
0.26346156001091003
0.8314872980117798
0.4162929058074951
0.7764881253242493
0.6365097761154175
0.38409796357154846
0.3525247275829315
0.11383339017629623
0.37187546491622925
0.1235702633857727
0.3138737976551056
0.12085587531328201
0.3108700215816498
0.8265288472175598
0.08601780235767365
0.6817206144332886
0.7045185565948486
0.6568575501441956
0.04828106239438057
0.911186933517456
0.16860389709472656
0.5702922344207764
0.18048369884490967
0.48183995485305786
0.058299481868743896
0.5983416438102722
0.42176562547683716
0.9347792267799377
0.5684133768081665
0.5104004144668579
0.18611843883991241
0.08215555548667908
0.2239808589220047
0.24120554327964783
0.27172935009002686
0.9771644473075867
0.03677726164460182
0.2504022419452667
0.24947622418403625
0.5606542825698853
0.9271717667579651
0.7931535243988037
0.22309064865112305
0.13411292433738708
0.18620361387729645
0.09918072819709778
0.15016382932662964
0.4430311918258667
0.46222198009490967
0.7622433304786682
0.5764292478561401
0.9853288531303406
0.37184250354766846
0.27596014738082886
0.39865314960479736
0.9288374185562134
0.7336478233337402
0.9812207221984863
0.585808515548706
0.9409686923027039
0.48466575145721436
0.2695108652114868
0.12279732525348663
0.8176765441894531
0.7365280389785767
0.23692061007022858
0.2381676733493805
0.7953363060951233
0.19175173342227936
0.6402083039283752
0.917040228843689
0.02453557960689068
0.7842060327529907
0.314115434885025
0.8751220107078552
0.8035987019538879
0.5620809197425842
0.05621977150440216
0.4443013668060303
0.18067187070846558
0.8233125805854797
0.3015912175178528
0.6745611429214478
0.03422961384057999
0.37211453914642334
0.0035920243244618177
0.07618966698646545
0.6499951481819153
0.5254694819450378
0.2896651327610016
0.40981802344322205
0.5954660177230835
0.5338221192359924
0.008688770234584808
0.3644126057624817
0.5035117268562317
0.024908028542995453
0.2116721123456955
0.9131980538368225
0.6858033537864685
0.7994542717933655
0.17286641895771027
0.46805423498153687
0.6404368877410889
0.20849180221557617
0.6403142809867859
0.6126025319099426
0.20183122158050537
0.5385002493858337
0.9747986793518066
0.36254122853279114
0.012698371894657612
0.07904905825853348
0.9069733023643494
0.7559208869934082
0.3842252790927887
0.6789093017578125
0.5978864431381226
0.1897764950990677
0.47653308510780334
0.9407920837402344
0.49563899636268616
0.980946958065033
0.236385777592659
0.9217142462730408
0.2651497721672058
0.29229944944381714
0.9549965858459473
0.13027898967266083
0.4258667826652527
0.8392337560653687
0.6739926338195801
0.3685090243816376
0.04698760062456131
0.7033944725990295
0.39066097140312195
0.8462653160095215
0.5974361896514893
0.6537895798683167
0.3517548739910126
0.7842164635658264
0.7269304394721985
0.5882700681686401
0.34695225954055786
0.9618462324142456
0.4684184193611145
0.10194335877895355
0.9466505646705627
0.7754783034324646
0.8964547514915466
0.08218825608491898
0.7311950325965881
0.95301753282547
0.6624155640602112
0.46310585737228394
0.7206289172172546
0.36544036865234375
0.22095675766468048
0.25156787037849426
0.8502523303031921
0.09957662969827652
0.7601391077041626
0.30556097626686096
0.05709449574351311
0.06911766529083252
0.907474160194397
0.45231348276138306
0.13572394847869873
0.2943017780780792
0.4230254888534546
0.4432019889354706
0.3939696252346039
0.9320946335792542
0.8131653666496277
0.06762819737195969
0.7721384167671204
0.48989808559417725
0.008154485374689102
0.6294296979904175
0.043341752141714096
0.26625847816467285
0.6605256199836731
0.6019302606582642
0.9979021549224854
0.005900158081203699
0.9011701345443726
0.6937252879142761
0.3461958169937134
0.6356551647186279
0.9427507519721985
0.9276444911956787
0.9887084364891052
0.34178540110588074
0.5985627174377441
0.7491965293884277
0.31897875666618347
0.11291614174842834
0.7450798153877258
0.5618160963058472
0.5496920943260193
0.8108105063438416
0.9125431180000305
0.00661549111828208
0.7571180462837219
0.3774797320365906
0.6273238062858582
0.21424975991249084
0.9057719111442566
0.8871267437934875
0.2952691912651062
0.5883328914642334
0.7267340421676636
0.8933736085891724
0.885810911655426
0.5206456184387207
0.06785064935684204
0.0693969577550888
0.9560654163360596
0.9557440280914307
0.37526121735572815
0.9640750885009766
0.9288833141326904
0.9650582075119019
0.9223237633705139
0.18591420352458954
0.28326937556266785
0.50237637758255
0.42428919672966003
0.5042049884796143
0.5874744057655334
0.740739643573761
0.6722387671470642
0.938559889793396
0.5852446556091309
0.3785878121852875
0.17845191061496735
0.21007466316223145
0.7043304443359375
0.39851799607276917
0.5685799717903137
0.6291946768760681
0.7145187258720398
0.5678434371948242
0.9117949604988098
0.22756056487560272
0.2657996118068695
0.26322802901268005
0.9906787872314453
0.37672412395477295
0.27597925066947937
0.1807534545660019
0.6482648253440857
0.8829838633537292
0.06297384947538376
0.47190818190574646
0.24206240475177765
0.36900609731674194
0.9521947503089905
0.4254132807254791
0.3012913465499878
0.8023471832275391
0.1559034138917923
0.15381398797035217
0.03743576258420944
0.9971097111701965
0.8091433644294739
0.9694455862045288
0.06177101656794548
0.2697177231311798
0.9914535284042358
0.1630101054906845
0.3286256790161133
0.18539740145206451
0.6570338606834412
0.2990356385707855
0.1501908153295517
0.3202430307865143
0.8668731451034546
0.06368409842252731
0.7495415806770325
0.517210066318512
0.7932555079460144
0.20242443680763245
0.825405478477478
0.9189593195915222
0.5691702961921692
0.9650357365608215
0.5853452086448669
0.11124327033758163
0.1255698800086975
0.940097987651825
0.37077438831329346
0.4931786060333252
0.43985697627067566
0.8045700788497925
0.7598699927330017
0.7681466937065125
0.2666662931442261
0.5821606516838074
0.2100052386522293
0.3072591722011566
0.46645426750183105
0.17115196585655212
0.36780598759651184
0.5137413740158081
0.5877978801727295
0.06287291646003723
0.67340087890625
0.5017833709716797
0.48450279235839844
0.8901975154876709
0.06924327462911606
0.1412719488143921
0.18147680163383484
0.3103691339492798
0.053628332912921906
0.8866808414459229
0.026021800935268402
0.2757304608821869
0.17238880693912506
0.5338758230209351
0.20037111639976501
0.4822635054588318
0.15017159283161163
0.5664649605751038
0.22183950245380402
0.08057183027267456
0.6543472409248352
0.8548487424850464
0.7469035983085632
0.7526949048042297
0.6423465609550476
0.41377323865890503
0.2912370264530182
0.4952451288700104
0.6420623660087585
0.09650222957134247
0.6349404454231262
0.29970329999923706
0.5007557272911072
0.7417365908622742
0.8906158804893494
0.23186826705932617
0.28718096017837524
0.4598669111728668
0.05246225371956825
0.3414110541343689
0.1654847264289856
0.9957636594772339
0.8050355315208435
0.8490250110626221
0.30767321586608887
0.3275919556617737
0.5261553525924683
0.669979453086853
0.18375806510448456
0.47002750635147095
0.06521312147378922
0.7713544964790344
0.5975992679595947
0.9993321895599365
0.04718464985489845
0.8747433423995972
0.9579126834869385
0.2739676535129547
0.06411342322826385
0.3736489713191986
0.04606984183192253
0.4087827205657959
0.4313333034515381
0.5698577761650085
0.5716734528541565
0.6566940546035767
0.30561888217926025
0.6543540954589844
0.8889580965042114
0.783637523651123
0.5605958700180054
0.300279825925827
0.19022217392921448
0.1780010312795639
0.941785991191864
0.9979096055030823
0.8890294432640076
0.20508980751037598
0.9365779757499695
0.36067840456962585
0.008016283623874187
0.1950913667678833
0.3302258253097534
0.7758100628852844
0.3092901110649109
0.3746049106121063
0.635041356086731
0.1657472550868988
0.9878954291343689
0.10653261840343475
0.1678663194179535
0.1427684873342514
0.8475597500801086
0.3442244529724121
0.6301094889640808
0.6204313039779663
0.7537806630134583
0.6986513733863831
0.3840125501155853
0.22136051952838898
0.1518784761428833
0.39645621180534363
0.35295337438583374
0.5353958606719971
0.017219124361872673
0.6859431266784668
0.8737879991531372
0.29010775685310364
0.9414885640144348
0.6028375029563904
0.36528873443603516
0.8807178139686584
0.04768162593245506
0.9552606344223022
0.07348647713661194
0.8582190871238708
0.23317143321037292
0.24987196922302246
0.6882476210594177
0.6534112095832825
0.9242267608642578
0.6559541821479797
0.5509613752365112
0.5171226859092712
0.8072196841239929
0.7279488444328308
0.0032509707380086184
0.16982531547546387
0.38311997056007385
0.0675499364733696
0.752009928226471
0.5239620804786682
0.013284442014992237
0.6223854422569275
0.7908658981323242
0.6234180331230164
0.4220430850982666
0.08711706101894379
0.9991320371627808
0.07950468361377716
0.7181901335716248
0.9642251133918762
0.16931292414665222
0.763650119304657
0.988816499710083
0.33030954003334045
0.6772300601005554
0.963476836681366
0.820109486579895
0.7998304963111877
0.18497322499752045
0.04769036918878555
0.9472849369049072
0.305353581905365
0.7221387028694153
0.5995920300483704
0.5716592669487
0.09663795679807663
0.5349056720733643
0.41907885670661926
0.025814423337578773
0.49886593222618103
0.05971255898475647
0.9945627450942993
0.6945063471794128
0.24886582791805267
0.7509191632270813
0.7250614762306213
0.7828721404075623
0.580924928188324
0.190079927444458
0.8062117099761963
0.393986314535141
0.8570172786712646
0.7071748375892639
0.13918612897396088
0.9098430871963501
0.07445082813501358
0.04929589852690697
0.5628164410591125
0.47307872772216797
0.485806405544281
0.2636641263961792
0.6351494193077087
0.750577449798584
0.20590773224830627
0.5274506211280823
0.262523889541626
0.9746320247650146
0.8932911157608032
0.2025219202041626
0.32961490750312805
0.24731843173503876
0.4046937823295593
0.8379986882209778
0.3478502035140991
0.3310202956199646
0.029296183958649635
0.3203561007976532
0.3046049475669861
0.2756205201148987
0.5910694599151611
0.3530261814594269
0.975715160369873
0.9209323525428772
0.796009361743927
0.11712159961462021
0.4046058654785156
0.11904506385326385
0.2578144073486328
0.9754887223243713
0.3058166801929474
0.09617315232753754
0.10846000164747238
0.17588047683238983
0.8066614270210266
0.49476364254951477
0.12312877923250198
0.8994237184524536
0.8779886960983276
0.681475043296814
0.9127728343009949
0.950059175491333
0.9084294438362122
0.2752839922904968
0.5430779457092285
0.6419674158096313
0.8110851049423218
0.8555997014045715
0.21313799917697906
0.7980768084526062
0.6065854430198669
0.5660847425460815
0.7690843343734741
0.9439792633056641
0.7414398789405823
0.1735689789056778
0.6638875007629395
0.4397106468677521
0.04102642461657524
0.5383720397949219
0.5717759132385254
0.27091464400291443
0.012707180343568325
0.08855592459440231
0.04741977900266647
0.33300748467445374
0.1970108598470688
0.9061172008514404
0.9854732155799866
0.5604562163352966
0.6140308380126953
0.8430376052856445
0.050563376396894455
0.4312310516834259
0.10211580246686935
0.8879187703132629
0.25380739569664
0.10017566382884979
0.4819371700286865
0.30729320645332336
0.4534454047679901
0.02763955481350422
0.9605692028999329
0.033812012523412704
0.370931476354599
0.6624838709831238
0.7745497226715088
0.8079242706298828
0.17971140146255493
0.5459261536598206
0.3294811248779297
0.8295899629592896
0.3143346309661865
0.009259339421987534
0.5043413043022156
0.4532838761806488
0.6496698260307312
0.37739700078964233
0.7418212890625
0.08023946732282639
0.9837589263916016
0.7192595601081848
0.3240576684474945
0.7393389940261841
0.26316675543785095
0.6967339515686035
0.27691322565078735
0.27240678668022156
0.9815959334373474
0.23288288712501526
0.6855345964431763
0.44650283455848694
0.33757707476615906
0.2531181275844574
0.8600395917892456
0.2668972611427307
0.051656629890203476
0.48592984676361084
0.5574759244918823
0.045648712664842606
0.18310435116291046
0.7777961492538452
0.5573778748512268
0.5033882260322571
0.8263320922851562
0.5537657737731934
0.39346781373023987
0.5553072094917297
0.8919732570648193
0.013697013258934021
0.3158229887485504
0.6422243714332581
0.3692084550857544
0.7166608572006226
0.5109540820121765
0.680269181728363
0.07670259475708008
0.13317707180976868
0.6091251373291016
0.3747040033340454
0.7775559425354004
0.38846394419670105
0.480709969997406
0.7145552635192871
0.2766365110874176
0.8720499873161316
0.1517220288515091
0.4398389160633087
0.5590681433677673
0.8783481121063232
0.015540900640189648
0.5202750563621521
0.9251291155815125
0.8880111575126648
0.5369699001312256
0.08092863112688065
0.24176537990570068
0.5434274673461914
0.14078237116336823
0.29263004660606384
0.3450925350189209
0.3979671597480774
0.011728844605386257
0.19580456614494324
0.08323892951011658
0.1799151450395584
0.47432151436805725
0.5271267294883728
0.7922911643981934
0.5033599138259888
0.6294127106666565
0.8606477379798889
0.21056173741817474
0.26055628061294556
0.7077966332435608
0.7228012084960938
0.2609233558177948
0.05415293201804161
0.13442476093769073
0.07532916963100433
0.4292433559894562
0.009004085324704647
0.713077187538147
0.9126991033554077
0.43765339255332947
0.3445507884025574
0.8876407146453857
0.06650158762931824
0.022147249430418015
0.5271681547164917
0.23978155851364136
0.590240478515625
0.89296555519104
0.3545934557914734
0.04456654563546181
0.8011244535446167
0.431535542011261
0.08664193749427795
0.17814220488071442
0.5488781332969666
0.8585202693939209
0.6665880680084229
0.5575181841850281
0.021224096417427063
0.3744015395641327
0.2838827073574066
0.308735728263855
0.43802380561828613
0.3532542288303375
0.5050222873687744
0.6881250143051147
0.8988249897956848
0.17838223278522491
0.9370235800743103
0.3269640803337097
0.8745553493499756
0.5442289113998413
0.6203573942184448
0.24007530510425568
0.12244220077991486
0.5404725074768066
0.7196098566055298
0.9686619639396667
0.9464530944824219
0.8722460865974426
0.5694629549980164
0.4264625906944275
0.14877921342849731
0.8953142762184143
0.767404317855835
0.9991379976272583
0.9622559547424316
0.051454946398735046
0.5017731189727783
0.24856191873550415
0.5703976154327393
0.42037704586982727
0.9390758275985718
0.28971806168556213
0.11068715155124664
0.1594114601612091
0.09971295297145844
0.9888801574707031
0.06794528663158417
0.3534863293170929
0.5368744730949402
0.9819019436836243
0.5799127221107483
0.3833279311656952
0.6314733624458313
0.5747320055961609
0.5385323762893677
0.9933899641036987
0.11662396043539047
0.3176822066307068
0.6962882280349731
0.40612298250198364
0.8395426869392395
0.3416768014431
0.5610547661781311
0.13664178550243378
0.29784247279167175
0.21028141677379608
0.22597111761569977
0.8000870943069458
0.49241241812705994
0.6921672224998474
0.8314743041992188
0.7956528663635254
0.6715368628501892
0.15297330915927887
0.32332709431648254
0.6853302121162415
0.51412433385849
0.5620746612548828
0.935699462890625
0.6841690540313721
0.8449011445045471
0.57669997215271
0.6281929016113281
0.36883899569511414
0.4297815263271332
0.7340840101242065
0.3615984320640564
0.09932246804237366
0.7376707196235657
0.8151558637619019
0.5746525526046753
0.8374480605125427
0.36367201805114746
0.7967905402183533
0.025563513860106468
0.4700939357280731
0.14341138303279877
0.20025105774402618
0.34438830614089966
0.3845864534378052
0.1614605337381363
0.47715383768081665
0.9864779114723206
0.895046591758728
0.3579685091972351
0.45624497532844543
0.6155232191085815
0.003484225133433938
0.7067683339118958
0.32459092140197754
0.44049835205078125
0.1664079874753952
0.019497450441122055
0.3685348629951477
0.3405766487121582
0.8380183577537537
0.10457748174667358
0.37338986992836
0.046548694372177124
0.022171752527356148
0.8097075819969177
0.6412808299064636
0.27607083320617676
0.39384007453918457
0.3722764849662781
0.6229538321495056
0.7315673828125
0.29600581526756287
0.40259167551994324
0.6108279824256897
0.35952329635620117
0.2213292270898819
0.7325853705406189
0.7707257866859436
0.27625784277915955
0.7923668622970581
0.9965236186981201
0.4136838912963867
0.8365790247917175
0.34765326976776123
0.7398043870925903
0.08575102686882019
0.3676077127456665
0.5142019987106323
0.7078697681427002
0.4253599941730499
0.30167320370674133
0.7078015804290771
0.033636029809713364
0.09597804397344589
0.029057059437036514
0.555826723575592
0.7777274250984192
0.8131155967712402
0.09522373229265213
0.985948920249939
0.2171042412519455
0.4816115200519562
0.4561508297920227
0.2739928662776947
0.06743081659078598
0.8226325511932373
0.5079566836357117
0.8816280961036682
0.236204594373703
0.650002658367157
0.39981287717819214
0.9208683967590332
0.16634270548820496
0.1009531021118164
0.6660781502723694
0.6646866202354431
0.8520289659500122
0.2986804246902466
0.27620282769203186
0.41896316409111023
0.4090860188007355
0.953508734703064
0.844741940498352
0.1121237725019455
0.2611016035079956
0.37138494849205017
0.5775942802429199
0.8839336633682251
0.5433371067047119
0.6711263060569763
0.08595587313175201
0.2257835566997528
0.23802611231803894
0.6989056468009949
0.2983078360557556
0.8008453249931335
0.6296772956848145
0.2711668908596039
0.9238927364349365
0.4935093820095062
0.640984833240509
0.4837726354598999
0.4948638677597046
0.626348078250885
0.42527493834495544
0.44682249426841736
0.1216539591550827
0.9530046582221985
0.4217047095298767
0.21850547194480896
0.007602650672197342
0.5700345039367676
0.2074650228023529
0.1789286583662033
0.9436343312263489
0.15429799258708954
0.4817366898059845
0.3363124132156372
0.5583416223526001
0.5395401120185852
0.842226505279541
0.25993162393569946
0.3212892711162567
0.14135076105594635
0.6248672604560852
0.43219229578971863
0.41000625491142273
0.4846324622631073
0.5318395495414734
0.3279208540916443
0.2695216238498688
0.3327781558036804
0.314604789018631
0.8972898125648499
0.3992641270160675
0.9788223505020142
0.811556339263916
0.12748092412948608
0.4126318395137787
0.023311037570238113
0.47050726413726807
0.39803346991539
0.8415446877479553
0.15182669460773468
0.9952536225318909
0.8051444292068481
0.5012525320053101
0.7743658423423767
0.961507260799408
0.8014925122261047
0.2807757258415222
0.1878393292427063
0.2429478019475937
0.39346709847450256
0.16505618393421173
0.4357898533344269
0.787843644618988
0.30169907212257385
0.707170307636261
0.1375480741262436
0.04677120968699455
0.8310613632202148
0.4394935369491577
0.7216588854789734
0.9515935778617859
0.5733600854873657
0.8191275000572205
0.8506464958190918
0.7409151196479797
0.9032425284385681
0.6198179721832275
0.03790763393044472
0.7485978007316589
0.31971263885498047
0.5030937194824219
0.023352328687906265
0.4986558258533478
0.8990742564201355
0.8522926568984985
0.0013086812105029821
0.9131641387939453
0.24005821347236633
0.745686411857605
0.017860744148492813
0.9962707757949829
0.4805835783481598
0.5900248885154724
0.45940735936164856
0.9573857188224792
0.7768487334251404
0.665378749370575
0.8008702993392944
0.2705985903739929
0.7238970994949341
0.7958850860595703
0.6302928328514099
0.88016676902771
0.04335440695285797
0.9469333291053772
0.25244104862213135
0.7743355631828308
0.19710929691791534
0.7198857069015503
0.03043917380273342
0.8610069155693054
0.39374229311943054
0.0038852153811603785
0.2938503623008728
0.8072603344917297
0.6261017322540283
0.06445610523223877
0.3384590446949005
0.9279558062553406
0.85298091173172
0.06347743421792984
0.24040496349334717
0.6429436206817627
0.012801799923181534
0.7182770371437073
0.9707256555557251
0.18603098392486572
0.9476455450057983
0.5280424952507019
0.5072904229164124
0.0007330963853746653
0.5223294496536255
0.5412755608558655
0.6590206027030945
0.6108666062355042
0.25681641697883606
0.16306093335151672
0.12505878508090973
0.6545789241790771
0.7467718124389648
0.7393220067024231
0.5838488936424255
0.6110073924064636
0.5615212321281433
0.21181541681289673
0.3973270058631897
0.8207265138626099
0.9970367550849915
0.921607494354248
0.3380601108074188
0.9592141509056091
0.29404765367507935
0.7937812209129333
0.3863595426082611
0.881994903087616
0.4619198143482208
0.9202324748039246
0.9019884467124939
0.2169272005558014
0.703692615032196
0.43320131301879883
0.5792391896247864
0.16492831707000732
0.48042094707489014
0.11593464016914368
0.28040778636932373
0.6986812949180603
0.7592564821243286
0.9100302457809448
0.29054564237594604
0.25597259402275085
0.7393783330917358
0.7173003554344177
0.8872944712638855
0.9432582259178162
0.3820084035396576
0.9200910329818726
0.9066993594169617
0.272258996963501
0.4818490445613861
0.7686901688575745
0.38098886609077454
0.9774004817008972
0.7868241667747498
0.6229819059371948
0.1259651780128479
0.37398144602775574
0.025007296353578568
0.8860207200050354
0.9696324467658997
0.400238573551178
0.2693718671798706
0.5208401679992676
0.550529956817627
0.042919497936964035
0.30477333068847656
0.5444921255111694
0.02103489637374878
0.060549430549144745
0.7174760699272156
0.9749557971954346
0.4935319721698761
0.9905070662498474
0.4270007610321045
0.6454914808273315
0.44617241621017456
0.6414581537246704
0.16093526780605316
0.9558937549591064
0.47264355421066284
0.36840903759002686
0.5266994833946228
0.6569508910179138
0.774179220199585
0.9947115778923035
0.5654757022857666
0.27407577633857727
0.37801384925842285
0.45852306485176086
0.9545662999153137
0.765187680721283
0.9485475420951843
0.2940300703048706
0.5517187118530273
0.536445140838623
0.4449988901615143
0.4645247757434845
0.311691015958786
0.7888660430908203
0.292374849319458
0.26670923829078674
0.49351078271865845
0.5992518067359924
0.37145811319351196
0.10605427622795105
0.8035976886749268
0.46362343430519104
0.15249326825141907
0.26705482602119446
0.5634962916374207
0.5437524914741516
0.9050552248954773
0.3613642156124115
0.24365349113941193
0.20422577857971191
0.9889585971832275
0.685623288154602
0.0063604312017560005
0.997036337852478
0.31297850608825684
0.08794353157281876
0.14050215482711792
0.9889687299728394
0.971773087978363
0.2451700121164322
0.3644866943359375
0.1917220503091812
0.3708166778087616
0.578575074672699
0.5116583704948425
0.023552631959319115
0.12110218405723572
0.539743959903717
0.9837848544120789
0.6305118799209595
0.7486904859542847
0.16673751175403595
0.630595326423645
0.5226823091506958
0.45838820934295654
0.2395782619714737
0.6454442739486694
0.21960310637950897
0.35292500257492065
0.7985387444496155
0.1125619038939476
0.9078884720802307
0.6389091610908508
0.14692680537700653
0.2660664916038513
0.1394660323858261
0.3315771222114563
0.9226862192153931
0.6271447539329529
0.4201679527759552
0.25152984261512756
0.46477794647216797
0.48275691270828247
0.5167772769927979
0.24122099578380585
0.9537041783332825
0.9422982931137085
0.5476474165916443
0.43775874376296997
0.3248399496078491
0.9515576362609863
0.5414958596229553
0.1429687887430191
0.6454837918281555
0.14227479696273804
0.8633512854576111
0.3246136009693146
0.05612791329622269
0.6839466094970703
0.20494462549686432
0.698145866394043
0.4778708815574646
0.7764649391174316
0.5295305252075195
0.6297335028648376
0.7842110991477966
0.03777831792831421
0.3667179048061371
0.2440558820962906
0.9948354363441467
0.6602275371551514
0.17491514980793
0.9345788955688477
0.7257214784622192
0.6507090926170349
0.15048381686210632
0.0036616595461964607
0.13672643899917603
0.9190998077392578
0.51652991771698
0.3935249447822571
0.8565192222595215
0.407115638256073
0.21222737431526184
0.7560814619064331
0.1750388890504837
0.3498186469078064
0.1644856333732605
0.7452057003974915
0.6827900409698486
0.2669961750507355
0.18231403827667236
0.3647509813308716
0.811633288860321
0.9099912643432617
0.06915697455406189
0.4005275070667267
0.4488648772239685
0.8648038506507874
0.9907856583595276
0.18133006989955902
0.15382802486419678
0.26552969217300415
0.9277956485748291
0.22170895338058472
0.3262776732444763
0.24878638982772827
0.4616846740245819
0.9368290901184082
0.46901223063468933
0.5939788222312927
0.19515077769756317
0.9183768630027771
0.5289865732192993
0.6445040702819824
0.7296557426452637
0.2007601261138916
0.047151584178209305
0.4054855704307556
0.10649258643388748
0.6815410256385803
0.6902933120727539
0.07611799985170364
0.0745692178606987
0.8685289621353149
0.469057559967041
0.7422242164611816
0.6831393837928772
0.4586856961250305
0.9409253001213074
0.0760376825928688
0.5373351573944092
0.3704778254032135
0.596379280090332
0.4624871015548706
0.543881356716156
0.5608527660369873
0.9521299600601196
0.29546111822128296
0.5924502611160278
0.01434367522597313
0.10482767969369888
0.40726032853126526
0.8554790019989014
0.7368058562278748
0.03858970105648041
0.4542787969112396
0.5310620069503784
0.4344663918018341
0.6013472676277161
0.2074611932039261
0.20428137481212616
0.1383603811264038
0.749508261680603
0.887937605381012
0.1398710161447525
0.8664764165878296
0.4267103672027588
0.6720139384269714
0.584972083568573
0.2923510670661926
0.4178028106689453
0.22832554578781128
0.492336630821228
0.942511260509491
0.34312763810157776
0.3607226014137268
0.6841410398483276
0.5151584148406982
0.6734274625778198
0.05811199173331261
0.861339271068573
0.5921352505683899
0.23730862140655518
0.8273875117301941
0.7683954834938049
0.4736975133419037
0.746435821056366
0.48865389823913574
0.09860670566558838
0.6419814229011536
0.8998182415962219
0.8732228875160217
0.10338982194662094
0.7287193536758423
0.09796503931283951
0.7843775153160095
0.8850178122520447
0.6964219808578491
0.028552671894431114
0.1012692004442215
0.962559700012207
0.31109046936035156
0.5981873273849487
0.4327283799648285
0.9381986856460571
0.04432670399546623
0.7620680928230286
0.6662296652793884
0.32693901658058167
0.3490152955055237
0.28166285157203674
0.8006176948547363
0.42002686858177185
0.37400224804878235
0.028316576033830643
0.6610082387924194
0.061943262815475464
0.45527714490890503
0.26998862624168396
0.30250972509384155
0.3320038914680481
0.7216434478759766
0.010175211355090141
0.4490644335746765
0.8562811613082886
0.5472633242607117
0.9751483201980591
0.5088813900947571
0.49310538172721863
0.10468164831399918
0.9407037496566772
0.4310688078403473
0.6929216980934143
0.016497841104865074
0.29806196689605713
0.6155288219451904
0.5004391074180603
0.2966887652873993
0.5831112861633301
0.8701192140579224
0.5260645151138306
0.101935476064682
0.7391875982284546
0.9943888783454895
0.3414367139339447
0.25414276123046875
0.5138852000236511
0.5864304304122925
0.2392093688249588
0.4422292113304138
0.41672804951667786
0.5990992188453674
0.3404885232448578
0.4431591033935547
0.4783031940460205
0.8191658854484558
0.7053617238998413
0.2703483998775482
0.4880863130092621
0.046539220958948135
0.45775315165519714
0.693020761013031
0.9942414164543152
0.8055866360664368
0.9949486255645752
0.06674394756555557
0.29071593284606934
0.1368945837020874
0.04229828342795372
0.7389117479324341
0.44023334980010986
0.46666285395622253
0.7170870900154114
0.9401229023933411
0.8233737349510193
0.38160550594329834
0.14149610698223114
0.6327371597290039
0.8916419744491577
0.09401742368936539
0.0016088997945189476
0.8220809102058411
0.15563173592090607
0.8844202756881714
0.3831418752670288
0.3227795362472534
0.45897766947746277
0.3379305303096771
0.06651787459850311
0.4335118532180786
0.6457853317260742
0.5475473999977112
0.2396211475133896
0.94295734167099
0.611607551574707
0.9423048496246338
0.502647876739502
0.7328488230705261
0.5539771318435669
0.9454119801521301
0.8165109753608704
0.12070481479167938
0.6986963748931885
0.9189194440841675
0.9376625418663025
0.20231522619724274
0.612030565738678
0.23566819727420807
0.6568455696105957
0.20188431441783905
0.3038104176521301
0.7387068867683411
0.9412841200828552
0.0727541595697403
0.7429673075675964
0.5439806580543518
0.10595757514238358
0.7254827618598938
0.685901939868927
0.9907119870185852
0.5074113011360168
0.4109407961368561
0.48066627979278564
0.28645074367523193
0.5399260520935059
0.4481242299079895
0.6152357459068298
0.6037448048591614
0.14555411040782928
0.6193140745162964
0.03322724625468254
0.7135398387908936
0.7217891812324524
0.3299374282360077
0.40858539938926697
0.5439552068710327
0.7992421984672546
0.6032264828681946
0.5441742539405823
0.7878429293632507
0.8647772073745728
0.6597141623497009
0.11111154407262802
0.33033666014671326
0.31722304224967957
0.1829453408718109
0.936387836933136
0.6143274903297424
0.9888911843299866
0.075804702937603
0.16158859431743622
0.19223199784755707
0.002264311769977212
0.9611038565635681
0.5134824514389038
0.059151243418455124
0.9878242015838623
0.2126021832227707
0.9979673624038696
0.8214365839958191
0.2068343460559845
0.4268520176410675
0.02793322131037712
0.4081672132015228
0.6838107109069824
0.048153746873140335
0.7095105648040771
0.8102530837059021
0.8133456707000732
0.13452363014221191
0.3782386779785156
0.34632664918899536
0.3281805217266083
0.3484049141407013
0.37397053837776184
0.2603657841682434
0.7341523170471191
0.6599283814430237
0.30889520049095154
0.29667845368385315
0.20309212803840637
0.16040286421775818
0.737028956413269
0.27096161246299744
0.40782710909843445
0.3325851857662201
0.3507287800312042
0.5593226552009583
0.7319098114967346
0.03537093102931976
0.6484395861625671
0.01019372884184122
0.23704233765602112
0.5075064301490784
0.27644288539886475
0.576641321182251
0.9031918048858643
0.9102550745010376
0.7125042676925659
0.17430341243743896
0.4962000846862793
0.054467275738716125
0.40101441740989685
0.4443832337856293
0.1294112205505371
0.17054066061973572
0.2317023128271103
0.642674446105957
0.2198544144630432
0.7334927320480347
0.669265627861023
0.03571757674217224
0.5412372946739197
0.5335983633995056
0.0681845098733902
0.9440008997917175
0.31782853603363037
0.25729015469551086
0.9897060990333557
0.9550861716270447
0.8862107992172241
0.6995967030525208
0.7043929100036621
0.4665350615978241
0.5123469829559326
0.20879720151424408
0.2779279351234436
0.08287250250577927
0.965438187122345
0.5136273503303528
0.9972612857818604
0.2941156029701233
0.4494495093822479
0.5606375932693481
0.07573332637548447
0.4274546802043915
0.7298145890235901
0.652866542339325
0.21001867949962616
0.029315879568457603
0.21710363030433655
0.2115105390548706
0.78265780210495
0.4086078703403473
0.029253339394927025
0.5127398371696472
0.4998401701450348
0.9625220894813538
0.13826149702072144
0.8668285012245178
0.040728215128183365
0.05482153594493866
0.09639336913824081
0.41663479804992676
0.30245617032051086
0.9072792530059814
0.12136592715978622
0.28133341670036316
0.026326406747102737
0.656841516494751
0.6159911751747131
0.2223438322544098
0.8253286480903625
0.6429625153541565
0.5346525311470032
0.13179393112659454
0.5299116969108582
0.7691611647605896
0.2635550796985626
0.30519479513168335
0.6479336023330688
0.5493494868278503
0.12642662227153778
0.7891604900360107
0.020400969311594963
0.05406041070818901
0.7350564002990723
0.43961068987846375
0.6707537174224854
0.8851639032363892
0.35866546630859375
0.3475547432899475
0.7167650461196899
0.3452247977256775
0.5209630727767944
0.504088819026947
0.12003171443939209
0.0320768877863884
0.6505691409111023
0.1791173368692398
0.7756184339523315
0.5016325116157532
0.982985258102417
0.7211281657218933
0.9390968680381775
0.6315399408340454
0.4486949145793915
0.43182888627052307
0.906821072101593
0.16136854887008667
0.6943256258964539
0.32950371503829956
0.30646198987960815
0.8975614309310913
0.5920916795730591
0.2607208788394928
0.7533435821533203
0.24745669960975647
0.49760380387306213
0.4913434386253357
0.571133553981781
0.4960700571537018
0.7920003533363342
0.9050742983818054
0.16462694108486176
0.2637758255004883
0.7665451765060425
0.8975552916526794
0.053159963339567184
0.9950613379478455
0.10413067787885666
0.8400458097457886
0.14059552550315857
0.690146267414093
0.4275224804878235
0.3562551438808441
0.5325668454170227
0.958020031452179
0.75544673204422
0.29053008556365967
0.9211315512657166
0.384132444858551
0.4013667106628418
0.5948706865310669
0.8220497965812683
0.4163554012775421
0.018420590087771416
0.1767401397228241
0.9483086466789246
0.46473264694213867
0.1425725519657135
0.5208322405815125
0.9696582555770874
0.18816758692264557
0.27138757705688477
0.3994212746620178
0.9036428928375244
0.011380242183804512
0.2883850932121277
0.03001048043370247
0.6340548992156982
0.8627519607543945
0.5851278901100159
0.00308700418099761
0.6587270498275757
0.34096428751945496
0.7002195715904236
0.5893818736076355
0.23146922886371613
0.1417713165283203
0.9028588533401489
0.17209294438362122
0.7630122900009155
0.7646538019180298
0.7005956172943115
0.1515253633260727
0.7422236800193787
0.7326185703277588
0.6378130316734314
0.5083940625190735
0.6424459218978882
0.2750510573387146
0.8192691802978516
0.2681959271430969
0.4209720492362976
0.20696498453617096
0.6049478054046631
0.06694086641073227
0.6577309966087341
0.3428477644920349
0.3765876591205597
0.580359160900116
0.38221827149391174
0.9545865654945374
0.22255925834178925
0.2861667573451996
0.3957904577255249
0.5905495285987854
0.10728950053453445
0.7485414743423462
0.7441990971565247
0.05477112904191017
0.5120793581008911
0.340118944644928
0.4708908498287201
0.06334618479013443
0.3988811671733856
0.4176642894744873
0.004054953809827566
0.5747039318084717
0.001309048617258668
0.53240567445755
0.2830461859703064
0.8523762822151184
0.03706097975373268
0.09789551794528961
0.464182585477829
0.12024708837270737
0.5177184343338013
0.38862791657447815
0.3351685106754303
0.9282735586166382
0.7749089598655701
0.9622166752815247
0.833220899105072
0.9116264581680298
0.0007206638692878187
0.5981024503707886
0.7653137445449829
0.9037802815437317
0.8126574158668518
0.8255971074104309
0.9247391223907471
0.05295012518763542
0.2283330261707306
0.21009929478168488
0.8966698050498962
0.11851093918085098
0.8113417029380798
0.4136793315410614
0.4064568877220154
0.33453139662742615
0.6368005871772766
0.5883370637893677
0.27490246295928955
0.682170569896698
0.25223252177238464
0.26029738783836365
0.49902477860450745
0.8320235013961792
0.7300029397010803
0.07310516387224197
0.32767391204833984
0.05350416898727417
0.9736377000808716
0.9887711405754089
0.3994347155094147
0.058217838406562805
0.46441027522087097
0.895506739616394
0.9621543288230896
0.6953966617584229
0.02806202508509159
0.16429178416728973
0.8578172326087952
0.7402223348617554
0.7096370458602905
0.5053109526634216
0.08039789646863937
0.30668118596076965
0.9972861409187317
0.8776715993881226
0.2946344017982483
0.0994798019528389
0.49203282594680786
0.17552343010902405
0.6572223901748657
0.8350428342819214
0.6768806576728821
0.10096427798271179
0.4148154556751251
0.8842743039131165
0.46546512842178345
0.5374318361282349
0.7271230816841125
0.22399874031543732
0.6577804684638977
0.8589054346084595
0.14961978793144226
0.949933648109436
0.13108189404010773
0.5811904668807983
0.3768213987350464
0.3364050090312958
0.6683297753334045
0.7530369758605957
0.41640499234199524
0.2868405878543854
0.0667029321193695
0.4278987646102905
0.5936486124992371
0.3673352301120758
0.06691638380289078
0.2966829240322113
0.3639700412750244
0.036619339138269424
0.20293524861335754
0.05519181489944458
0.15314650535583496
0.08191122859716415
0.1308383196592331
0.5545253753662109
0.0768386721611023
0.9452686905860901
0.395015150308609
0.4949321150779724
0.9931818246841431
0.26240065693855286
0.7553709745407104
0.32769423723220825
0.9347837567329407
0.3537310063838959
0.8356496095657349
0.06583622843027115
0.5190485119819641
0.7326220870018005
0.6685510277748108
0.26069048047065735
0.7616922855377197
0.6052025556564331
0.5181014537811279
0.45520514249801636
0.052082229405641556
0.020972974598407745
0.5896589159965515
0.32994070649147034
0.7457377314567566
0.169864222407341
0.40267428755760193
0.6440786123275757
0.6716971397399902
0.04736022651195526
0.2644442319869995
0.21006128191947937
0.5163861513137817
0.16457705199718475
0.8257078528404236
0.5273428559303284
0.4315498173236847
0.5575427412986755
0.5948257446289062
0.6476196050643921
0.7729995250701904
0.12208612263202667
0.20879748463630676
0.8127778768539429
0.8225952386856079
0.6298613548278809
0.9513830542564392
0.21456041932106018
0.7096738219261169
0.19926169514656067
0.5735062956809998
0.2522304356098175
0.8425107598304749
0.35520416498184204
0.06253977864980698
0.10457972437143326
0.5464555025100708
0.40133756399154663
0.964806854724884
0.8850783705711365
0.2145073413848877
0.28986504673957825
0.09323853254318237
0.4317531883716583
0.06882856786251068
0.47226378321647644
0.6824691891670227
0.5271430611610413
0.5666277408599854
0.22865577042102814
0.6564376354217529
0.13002996146678925
0.3060522675514221
0.9219140410423279
