512 2
0
7
349
1
389
459
2
271
498
3
63
403
4
121
205
5
30
174
6
72
333
7
160
420
2
8
160
9
77
508
10
64
306
11
42
160
12
194
453
13
40
56
14
19
338
15
62
416
16
246
340
17
129
142
10
18
221
19
378
380
20
166
192
21
260
278
22
241
292
23
88
173
24
135
204
25
137
139
22
26
296
27
31
510
28
50
316
29
188
242
30
91
436
31
263
474
32
303
334
8
33
52
34
321
347
35
183
345
36
109
412
37
300
425
38
114
234
39
208
505
40
244
341
41
136
418
42
223
241
43
411
504
44
237
273
45
337
353
46
98
337
47
103
111
48
278
292
49
152
502
50
121
510
51
188
449
52
241
429
38
53
443
54
327
377
10
55
264
31
56
402
57
182
371
3
58
446
59
66
131
60
112
463
49
61
94
62
118
345
63
177
386
64
168
174
65
438
445
66
178
452
67
78
82
68
307
333
69
158
427
70
378
465
71
351
361
59
72
357
73
229
363
53
74
269
75
90
99
76
167
465
77
421
480
78
360
501
79
149
314
80
218
375
81
263
478
82
177
267
48
83
478
84
286
459
85
102
273
32
47
86
87
173
489
88
286
510
89
225
228
79
90
215
52
91
374
92
250
289
90
93
244
94
438
501
95
339
446
96
119
337
97
113
318
26
98
346
61
99
366
12
100
407
5
101
336
102
212
226
9
103
260
104
232
311
105
404
473
106
306
314
23
107
187
108
394
403
109
343
398
110
329
470
111
154
204
112
183
284
113
285
448
45
114
469
38
77
115
116
380
404
117
141
244
118
155
410
18
119
222
100
120
187
121
253
417
1
27
122
123
261
502
74
124
273
23
50
125
35
126
505
94
127
351
64
128
423
129
154
414
130
179
455
131
354
409
132
170
463
133
379
467
82
134
230
135
332
430
136
298
326
24
137
470
132
138
354
139
157
356
140
363
444
141
231
271
142
377
435
143
219
478
109
144
266
72
145
196
146
302
394
147
192
235
148
214
404
149
289
329
150
164
414
151
155
250
115
152
197
153
225
226
154
269
312
36
155
255
156
405
482
157
264
397
96
158
508
71
159
469
2
160
307
10
131
161
162
267
500
4
163
206
8
164
307
68
165
223
166
268
500
30
167
393
168
172
374
107
169
393
163
170
362
78
151
171
172
199
414
36
99
173
10
174
276
175
284
305
176
213
468
177
352
447
7
178
195
179
362
506
180
224
237
181
454
483
107
182
327
51
183
279
97
184
334
91
185
340
186
238
478
187
276
446
188
193
196
189
238
309
73
190
269
191
481
491
86
192
503
33
78
193
182
194
265
195
197
287
121
196
262
197
259
440
26
198
217
199
381
436
3
108
200
21
201
446
150
202
388
7
203
440
86
204
236
127
132
205
206
266
407
18
207
406
208
230
477
43
209
336
97
210
408
151
211
454
27
212
333
153
213
346
210
214
324
82
215
372
216
433
463
217
343
413
142
218
404
5
219
282
220
399
439
41
221
276
222
271
439
56
223
492
224
332
385
189
225
471
56
226
389
24
227
338
142
228
477
162
229
421
14
44
230
139
183
231
15
232
488
175
233
429
80
234
350
212
235
455
47
236
320
172
237
295
161
238
451
239
291
330
74
240
393
241
384
434
242
265
411
107
233
243
244
371
465
12
245
404
246
431
464
243
247
302
1
65
248
215
249
277
250
294
508
251
300
321
11
252
270
241
253
289
188
198
254
255
363
446
107
256
389
23
257
342
126
258
387
259
498
501
120
260
482
78
261
476
28
169
262
93
263
272
155
264
456
127
265
334
95
266
285
159
267
388
52
268
445
52
189
269
270
447
497
169
229
271
99
107
272
14
257
273
138
274
389
82
275
502
129
178
276
0
104
277
114
278
452
198
279
358
113
280
456
281
447
510
214
282
288
186
262
283
15
222
284
285
364
456
286
454
459
193
287
468
282
288
424
122
289
384
45
290
401
28
291
461
36
292
297
98
293
485
107
294
358
32
295
374
81
124
296
41
121
297
161
298
378
58
224
299
131
300
367
90
301
374
58
302
330
172
303
475
222
304
394
207
305
495
37
123
306
63
307
455
282
308
346
47
278
309
36
235
310
15
86
311
312
390
476
308
313
328
128
314
437
193
315
393
316
351
402
317
385
451
318
385
432
224
319
489
298
320
353
16
221
321
61
106
322
59
323
403
5
324
331
214
325
408
84
326
370
80
327
378
228
274
328
167
329
428
330
382
405
302
331
428
313
332
454
232
235
333
71
197
334
24
335
411
39
336
374
13
124
337
225
308
338
229
339
426
30
218
340
41
298
341
342
384
490
313
343
449
344
387
451
82
235
345
316
346
357
14
347
425
47
106
348
29
343
349
19
341
350
246
351
381
284
352
415
55
353
481
347
354
373
355
382
481
48
345
356
74
357
504
38
44
358
115
306
359
53
272
360
361
363
472
132
241
362
200
307
363
181
364
420
222
365
448
347
366
395
76
275
367
18
368
409
74
353
369
24
328
370
278
371
499
136
372
458
288
316
373
262
370
374
375
437
503
337
376
464
163
377
389
42
378
417
235
379
503
246
380
465
61
381
503
6
382
416
383
462
466
72
191
384
165
385
440
214
363
386
327
354
387
127
388
428
281
389
423
117
201
390
140
291
391
143
256
392
144
393
458
333
394
496
137
185
395
198
396
457
37
397
477
0
85
398
56
399
455
247
387
400
156
339
401
155
327
402
378
403
496
65
255
404
384
405
482
44
72
406
98
206
407
53
408
505
136
355
409
233
256
410
92
411
458
9
32
412
63
76
413
320
409
414
73
415
447
288
385
416
236
259
417
326
354
418
105
419
421
257
345
420
144
421
481
205
422
469
278
423
504
322
424
482
196
425
501
214
296
426
414
427
437
351
392
428
113
338
429
302
303
430
136
316
431
411
432
495
282
286
433
37
421
434
332
426
435
168
182
436
316
391
437
290
414
438
98
106
439
190
440
464
150
312
441
224
319
442
56
443
446
355
444
496
10
445
456
298
446
454
125
326
447
156
205
448
153
200
449
400
434
450
328
363
451
358
422
452
334
435
453
300
454
470
347
400
455
153
240
456
97
132
457
17
99
458
340
413
459
177
212
460
402
413
461
148
225
462
138
181
463
155
388
464
421
465
493
40
260
466
345
467
506
154
457
468
103
417
469
264
470
500
53
200
471
38
472
504
46
473
476
401
435
474
66
267
475
117
184
476
58
355
477
296
478
498
236
371
479
302
356
480
49
80
481
201
219
482
99
397
483
278
408
484
359
416
485
6
321
486
29
266
487
48
480
488
15
88
489
64
135
490
292
382
491
34
154
492
194
396
493
145
259
494
125
299
495
338
445
496
162
397
497
142
343
498
102
263
499
66
158
500
239
431
501
40
150
502
157
388
503
2
381
504
67
418
505
168
173
506
350
363
507
240
325
508
41
440
509
62
450
510
295
486
511
0.8326696753501892
0.31937018036842346
0.5120254755020142
0.9902722835540771
0.6814355254173279
0.6760168075561523
0.15611353516578674
0.22255338728427887
0.3207118511199951
0.681638240814209
0.061984047293663025
0.5473427176475525
0.020330095663666725
0.7370451092720032
0.40869128704071045
0.8173421621322632
0.6205794215202332
0.9697860479354858
0.8750521540641785
0.5262205004692078
0.5743846893310547
0.4716392755508423
0.8753111958503723
0.868733823299408
0.6667233109474182
0.5377209782600403
0.9547754526138306
0.8090112209320068
0.1703699380159378
0.5105873346328735
0.4005747437477112
0.711621105670929
0.5758043527603149
0.08343854546546936
0.08670253306627274
0.377712607383728
0.14807738363742828
0.4734004735946655
0.23515000939369202
0.8306381106376648
0.7279956340789795
0.3862360119819641
0.3473699986934662
0.2646702229976654
0.45471033453941345
0.15086136758327484
0.5337958335876465
0.3704870343208313
0.5571033358573914
0.21240685880184174
0.22725620865821838
0.27106329798698425
0.6822952032089233
0.6339168548583984
0.49288538098335266
0.14245383441448212
0.6104108691215515
0.39218223094940186
0.7118254899978638
0.21917761862277985
0.0807030126452446
0.3550693392753601
0.04417382925748825
0.04827054962515831
0.4198804497718811
0.09889954328536987
0.9254777431488037
0.016226625069975853
0.41158950328826904
0.22206935286521912
0.02348838746547699
0.5447955131530762
0.21800589561462402
0.22988329827785492
0.5719635486602783
0.6251152157783508
0.5663509964942932
0.5403302907943726
0.5214947462081909
0.6686745285987854
0.6958861351013184
0.44997572898864746
0.6125567555427551
0.7380712032318115
0.8511501550674438
0.01683802530169487
0.2415618598461151
0.7827989459037781
0.2576799690723419
0.4757319986820221
0.30397361516952515
0.8394729495048523
0.5509030818939209
0.8005120158195496
0.915271520614624
0.9967395663261414
0.17391379177570343
0.8397476077079773
0.14478328824043274
0.9895731210708618
0.12278630584478378
0.026918498799204826
0.27827563881874084
0.342993825674057
0.4884103238582611
0.5798534154891968
0.4858890771865845
0.7162885665893555
0.8729861974716187
0.8872965574264526
0.30373337864875793
0.9235310554504395
0.11520853638648987
0.8778221011161804
0.07068024575710297
0.8969469666481018
0.9839693307876587
0.023810626938939095
0.5335597991943359
0.3251182734966278
0.48054149746894836
0.8959118127822876
0.06764326989650726
0.47354423999786377
0.30743393301963806
0.27539709210395813
0.5108005404472351
0.772188663482666
0.10742857307195663
0.7911092638969421
0.25661522150039673
0.497487336397171
0.20425167679786682
0.9495569467544556
0.2494753897190094
0.4202031195163727
0.18952466547489166
0.7277378439903259
0.7558192610740662
0.9778146147727966
0.8624082803726196
0.6365547180175781
0.5409213304519653
0.5110825896263123
0.528998076915741
0.9910963177680969
0.5919997096061707
0.1416119635105133
0.047568269073963165
0.5414590835571289
0.9745945334434509
0.05866905301809311
0.14345096051692963
0.3224565088748932
0.8403710722923279
0.4908294677734375
0.8468831777572632
0.6066042184829712
0.3245471715927124
0.21345020830631256
0.11954531818628311
0.8799586296081543
0.490776002407074
0.7860746383666992
0.8871198892593384
0.7451440095901489
0.7218023538589478
0.07208758592605591
0.8968901634216309
0.14468447864055634
0.47034475207328796
0.07568846642971039
0.4292433559894562
0.8617894649505615
0.3274534046649933
0.21485088765621185
0.6649022698402405
0.45380568504333496
0.3022378385066986
0.3877817690372467
0.02598992921411991
0.03887366130948067
0.8517695069313049
0.9030093550682068
0.2737625241279602
0.461489200592041
0.704071581363678
0.5989871621131897
0.06713564693927765
0.7308732271194458
0.9967454671859741
0.5467249155044556
0.5922019481658936
0.37537524104118347
0.014173203147947788
0.829620897769928
0.5182256102561951
0.09141302108764648
0.48337212204933167
0.8056240677833557
0.3157438635826111
0.053393226116895676
0.10163388401269913
0.8702760338783264
0.40518414974212646
0.18569551408290863
0.9474783539772034
0.38865819573402405
0.8366174697875977
0.9250917434692383
0.9158740639686584
0.02955034375190735
0.39152178168296814
0.4520462155342102
0.3336460292339325
0.6264100074768066
0.5584480166435242
0.8528507351875305
0.9333686828613281
0.19872508943080902
0.3180118501186371
0.7809736728668213
0.23928587138652802
0.8533520698547363
0.09032831341028214
0.7697045803070068
0.44331100583076477
0.5716200470924377
0.03116198070347309
0.0032616870012134314
0.46690452098846436
0.34230372309684753
0.7369177341461182
0.5524202585220337
0.2890491783618927
0.8085036277770996
0.5884014368057251
0.9388473033905029
0.6178632974624634
0.8215487003326416
0.5560268759727478
0.5784896612167358
0.2994931936264038
0.5777331590652466
0.6292922496795654
0.7181458473205566
0.061317719519138336
0.5930180549621582
0.4085129499435425
0.4858216345310211
0.5481396913528442
0.783750057220459
0.6813685297966003
0.22951409220695496
0.5939158797264099
0.7767143249511719
0.7485617995262146
0.9283694624900818
0.32810038328170776
0.6863448619842529
0.2738960087299347
0.451945424079895
0.7883762717247009
0.9899250864982605
0.22325654327869415
0.46050184965133667
0.33100301027297974
0.6027061343193054
0.2442227154970169
0.6188311576843262
0.2709600329399109
0.7949535250663757
0.5534021854400635
0.31708723306655884
0.9579617977142334
0.5758939385414124
0.553789496421814
0.7544808387756348
0.28375762701034546
0.5943154692649841
0.2992202043533325
0.05044658109545708
0.12703271210193634
0.5360956788063049
0.5790927410125732
0.8237003684043884
0.27318447828292847
0.02642347849905491
0.9756876230239868
0.9778954386711121
0.5822020173072815
0.27263885736465454
0.6439985632896423
0.8448349237442017
0.6059715747833252
0.14584502577781677
0.10527107864618301
0.05240374431014061
0.33778443932533264
0.17648567259311676
0.36883077025413513
0.6567249298095703
0.05076179280877113
0.11018970608711243
0.337828129529953
0.5469577312469482
0.3521978259086609
0.6208311319351196
0.5559263229370117
0.360511839389801
0.43092697858810425
0.017853962257504463
0.8617505431175232
0.9223005771636963
0.8996153473854065
0.5440871715545654
0.5391783714294434
0.3157050311565399
0.7551661729812622
0.9375988245010376
0.028944047167897224
0.8250805139541626
0.7564879655838013
0.14145652949810028
0.23875342309474945
0.7229817509651184
0.37239840626716614
0.6311253905296326
0.17089314758777618
0.7000241875648499
0.5103360414505005
0.5485028028488159
0.13689835369586945
0.6684713363647461
0.6756188869476318
0.876155436038971
0.26799991726875305
0.9800847172737122
0.44273480772972107
0.4046461284160614
0.565673828125
0.554314374923706
0.3643953204154968
0.6148474812507629
0.8984391093254089
0.3932435214519501
0.05668468773365021
0.12633126974105835
0.7498536109924316
0.8927449584007263
0.5962495803833008
0.9711252450942993
0.5042086243629456
0.6127095818519592
0.11599266529083252
0.4211830198764801
0.07569766044616699
0.4952133297920227
0.1304829716682434
0.6015954613685608
0.7672445178031921
0.063739113509655
0.7351734638214111
0.8668323159217834
0.7975684404373169
0.08231862634420395
0.6432613134384155
0.18745504319667816
0.069247305393219
0.3509936034679413
0.39303943514823914
0.41870930790901184
0.3171578645706177
0.8946056365966797
0.5461844801902771
0.3837953805923462
0.6783468723297119
0.30755865573883057
0.4020440876483917
0.13182765245437622
0.010592547245323658
0.9885473847389221
0.942314624786377
0.43915560841560364
0.9284395575523376
0.6291544437408447
0.40547996759414673
0.8416091203689575
0.6355171799659729
0.7792428731918335
0.6279971599578857
0.39629286527633667
0.25137513875961304
0.06739147007465363
0.3225654661655426
0.11501912027597427
0.07434750348329544
0.9237872958183289
0.2576398551464081
0.9309902787208557
0.6486644744873047
0.6000178456306458
0.5000003576278687
0.24468936026096344
0.5552369356155396
0.9207369685173035
0.14297626912593842
0.45929965376853943
0.04854897782206535
0.8427146077156067
0.12719130516052246
0.6079427003860474
0.4235660433769226
0.23869313299655914
0.27447399497032166
0.06483052670955658
0.7218643426895142
0.7099298238754272
0.38586345314979553
0.07561545819044113
0.4518588185310364
0.7056655883789062
0.21772120893001556
0.18933379650115967
0.5025549530982971
0.9525588750839233
0.4690978229045868
0.6337106227874756
0.5954503417015076
0.6203867793083191
0.7937732338905334
0.5790134072303772
0.418780654668808
0.6168891191482544
0.7100285887718201
0.4416917562484741
0.5086424350738525
0.11376234143972397
0.7881065607070923
0.8553286194801331
0.34735432267189026
0.07623177021741867
0.7618968486785889
0.9814304113388062
0.026205893605947495
0.6132282614707947
0.5577482581138611
0.8326476216316223
0.9300516247749329
0.9128535389900208
0.5479328036308289
0.898725152015686
0.5845749974250793
0.036502331495285034
0.40331393480300903
0.7969006299972534
0.44707831740379333
0.5988229513168335
0.6824044585227966
0.456458181142807
0.5246172547340393
0.43684083223342896
0.7411316633224487
0.051474276930093765
0.943665087223053
0.7048285007476807
0.8089914321899414
0.012940550222992897
0.3859882652759552
0.9580113887786865
0.7533988356590271
0.5393304228782654
0.05138213187456131
0.7087377905845642
0.1973133087158203
0.7275548577308655
0.7655444145202637
0.8705621361732483
0.4337734580039978
0.8481314182281494
0.7051224112510681
0.6163926720619202
0.9252769947052002
0.3703709542751312
0.6111534237861633
0.8531050682067871
0.32424595952033997
0.9423287510871887
0.1963208019733429
0.5008196234703064
0.6893686652183533
0.9916593432426453
0.80650395154953
0.6881540417671204
0.6101902723312378
0.05333389714360237
0.26379120349884033
0.39127299189567566
0.9863464832305908
0.5277652740478516
0.22280094027519226
0.619647204875946
0.94672691822052
0.8241282105445862
0.328400194644928
0.9906198382377625
0.8558185696601868
0.2520904839038849
0.7914892435073853
0.26889777183532715
0.17005999386310577
0.1427035629749298
0.17495548725128174
0.5250732898712158
0.4895789623260498
0.4610216021537781
0.316832035779953
0.31611379981040955
0.9379841685295105
0.8029052019119263
0.18327634036540985
0.8592848777770996
0.2735687494277954
0.07268012315034866
0.9232845902442932
0.9748411774635315
0.2241775542497635
0.9124832153320312
0.3461141586303711
0.467367559671402
0.35933980345726013
0.19850535690784454
0.2097790688276291
0.3448169231414795
0.08860637992620468
0.25309592485427856
0.6391215324401855
0.2566559612751007
0.4641037881374359
0.9526001214981079
0.7335829734802246
0.8802698254585266
0.4464434087276459
0.5385511517524719
0.7999693155288696
0.4285951852798462
0.7126801609992981
0.054562728852033615
0.28604787588119507
0.7680092453956604
0.8350468277931213
0.05187266692519188
0.6332962512969971
0.9805011749267578
0.3315814137458801
0.87421715259552
0.08358602225780487
0.11255839467048645
0.5256103873252869
0.28584831953048706
0.27071309089660645
0.6292667984962463
0.3722335398197174
0.9921678900718689
0.5662509799003601
0.34829333424568176
0.25621259212493896
0.11890909820795059
0.7192914485931396
0.7692391872406006
0.8764210343360901
0.9040585160255432
0.2534441649913788
0.9457988739013672
0.2518284320831299
0.6713008880615234
0.8371434211730957
0.8791155219078064
0.06560129672288895
0.6847943067550659
0.7169341444969177
0.8759104609489441
0.9554743766784668
0.3762524724006653
0.7011809945106506
0.9037002325057983
0.33270615339279175
0.5261437296867371
0.1002892553806305
0.1185927540063858
0.42499789595603943
0.36440369486808777
0.0067704650573432446
0.6037197709083557
0.7053988575935364
0.11522791534662247
0.7035828828811646
0.9769363403320312
0.31973111629486084
0.2302698791027069
0.7076186537742615
0.491996169090271
0.4618147611618042
0.013210702687501907
0.6760178804397583
0.5889958739280701
0.30459803342819214
0.3336433470249176
0.5889136791229248
0.910607099533081
0.7292161583900452
0.39338818192481995
0.6119434833526611
0.7287334203720093
0.7902712225914001
0.3257302939891815
0.6326915621757507
0.49789437651634216
0.4108251631259918
0.18624475598335266
0.6413166522979736
0.09907355904579163
0.2634402811527252
0.7920706868171692
0.521632969379425
0.2614815831184387
0.2851376533508301
0.8454020619392395
0.8834784030914307
0.6007665395736694
0.37292158603668213
0.6375038623809814
0.5844833850860596
0.8724925518035889
0.12314877659082413
0.574400782585144
0.2921486794948578
0.9704733490943909
0.928040623664856
0.11162634193897247
0.5724435448646545
0.45219606161117554
0.01680205948650837
0.5315132737159729
0.28093740344047546
0.3008483946323395
0.2209499329328537
0.7917206883430481
0.0104313213378191
0.010421591810882092
0.7976090312004089
0.23388586938381195
0.8708570003509521
0.8605104088783264
0.9395497441291809
0.4756402373313904
0.13111512362957
0.15773116052150726
0.725793719291687
0.46023663878440857
0.4625229239463806
0.7164589166641235
0.16662678122520447
0.528644859790802
0.1508653163909912
0.6485232710838318
0.8128785490989685
0.8347359895706177
0.11310970038175583
0.21379922330379486
0.9533441066741943
0.7372147440910339
0.9495905041694641
0.4688456356525421
0.8377033472061157
0.404141902923584
0.6033949851989746
0.6756971478462219
0.32551708817481995
0.14045709371566772
0.17030133306980133
0.7161363959312439
0.3304884731769562
0.5979029536247253
0.15342062711715698
0.3064579367637634
0.2826896607875824
0.503334105014801
0.24523340165615082
0.8183296322822571
0.7430095076560974
0.4887256622314453
0.46655094623565674
0.41278520226478577
0.5799749493598938
0.2010490596294403
0.20593367516994476
0.7214800119400024
0.3575480282306671
0.0625116229057312
0.9038939476013184
0.6038368344306946
0.8751486539840698
0.8189951777458191
0.9736369848251343
0.5024867057800293
0.8280870318412781
0.2981736660003662
0.3709672689437866
0.6897172331809998
0.6619918942451477
0.7155937552452087
0.006898812018334866
0.5010021924972534
0.9991955757141113
0.06806793808937073
0.1249871477484703
0.88844233751297
0.8112274408340454
0.6038138270378113
0.8981142640113831
0.9767372012138367
0.251863032579422
0.6796324849128723
0.9124501943588257
0.7923645377159119
0.03384222462773323
0.9470797777175903
0.5050663948059082
0.7028818130493164
0.7816907167434692
0.9429097175598145
0.8873289823532104
0.8043944239616394
0.8807955980300903
0.17615902423858643
0.4572417140007019
0.5694583058357239
0.7652857899665833
0.027855170890688896
0.10964946448802948
0.8959494233131409
0.5374215841293335
0.46137744188308716
0.19098392128944397
0.4397452771663666
0.9939677715301514
0.42388907074928284
0.025325916707515717
0.7894691824913025
0.2696983218193054
0.8383916616439819
0.20388396084308624
0.47289130091667175
0.2515454888343811
0.12042807787656784
0.864076554775238
0.8334261775016785
0.018947582691907883
0.7189298272132874
0.31576716899871826
0.7634974718093872
0.9028103351593018
0.06707289814949036
0.6040967702865601
0.7674751877784729
0.22242814302444458
0.9393518567085266
0.2875669598579407
0.8576152920722961
0.24579504132270813
0.5440963506698608
0.9885560870170593
0.8721140623092651
0.9631724953651428
0.007094635162502527
0.9890581369400024
0.19365081191062927
0.38818150758743286
0.49327412247657776
0.8469694256782532
0.9555906057357788
0.8319512009620667
0.12038718909025192
0.06638738512992859
0.5569878816604614
0.6434609293937683
0.605435848236084
0.7109544277191162
0.2001722902059555
0.9132410287857056
0.15356265008449554
0.03620922937989235
0.17161907255649567
0.4259091019630432
0.9179838299751282
0.6637620329856873
0.19798703491687775
0.4525897204875946
0.2869548797607422
0.7868078947067261
0.010419860482215881
0.2588618993759155
0.5746569037437439
0.7563737630844116
0.6924554705619812
0.40938687324523926
0.3170112371444702
0.525234580039978
0.8366458415985107
0.17487581074237823
0.03165905922651291
0.6164591312408447
0.486274391412735
0.1364346742630005
0.5567170977592468
0.8927508592605591
0.8522809147834778
0.37395232915878296
0.3626489043235779
0.8437668681144714
0.5352823138237
0.9678366780281067
0.4903499186038971
0.3776884377002716
0.43946489691734314
0.01643501967191696
0.28076303005218506
0.10050953924655914
0.07640159130096436
0.9455569982528687
0.9384647011756897
0.18011172115802765
0.776345431804657
0.5585247278213501
0.9279516339302063
0.6081724762916565
0.5844244360923767
0.4101555347442627
0.8436726927757263
0.29579535126686096
0.8153474926948547
0.4222179353237152
0.8206870555877686
0.4318046271800995
0.3640681207180023
0.08182921260595322
0.10451145470142365
0.6534489393234253
0.24603265523910522
0.5247468948364258
0.7309030890464783
0.27611836791038513
0.5655073523521423
0.17183108627796173
0.8662935495376587
0.7655114531517029
0.8104557394981384
0.17497211694717407
0.49939340353012085
0.22340145707130432
0.7670274376869202
0.9924839735031128
0.797546923160553
0.18445152044296265
0.47715505957603455
0.5945988893508911
0.8308123350143433
0.6120173335075378
0.016251608729362488
0.9512449502944946
0.5752715468406677
0.2764338552951813
0.6456555724143982
0.4806709587574005
0.9473810791969299
0.8384102582931519
0.9387974739074707
0.8807103633880615
0.3683364689350128
0.6105487942695618
0.8102297186851501
0.2802387773990631
0.766440749168396
0.05053972080349922
0.022774022072553635
0.48533979058265686
0.9925165772438049
0.5509770512580872
0.5760930180549622
0.7208876013755798
0.4313085973262787
0.5791038870811462
0.8277274370193481
0.7737058997154236
0.011868181638419628
0.3944118916988373
0.2304447591304779
0.02640986442565918
0.7797154188156128
0.10770529508590698
0.08232081681489944
0.5586438179016113
0.1290690153837204
0.16180767118930817
0.2370120733976364
0.38788312673568726
0.0772358700633049
0.21127213537693024
0.3267744481563568
0.8094697594642639
0.40088528394699097
0.08386348932981491
0.9041496515274048
0.33494529128074646
0.01603275164961815
0.8353226184844971
0.209115132689476
0.930641233921051
0.4225027859210968
0.47807836532592773
0.9073385000228882
0.5380576848983765
0.5762067437171936
0.3426350951194763
0.16975636780261993
0.8152671456336975
0.6693414449691772
0.05031459033489227
0.3215949535369873
0.3311366140842438
0.16473688185214996
0.5660704970359802
0.937313973903656
0.10956985503435135
0.755053699016571
0.19896571338176727
0.8858785629272461
0.42726942896842957
0.9394315481185913
0.27615591883659363
0.469384104013443
0.7505732178688049
0.65829998254776
0.06168581545352936
0.3461761772632599
0.3227803707122803
0.0781153067946434
0.2948695719242096
0.6039360761642456
0.6084044575691223
0.5515010356903076
0.4670073091983795
0.7875539064407349
0.7865699529647827
0.25721070170402527
0.9752975106239319
0.2220464050769806
0.763987123966217
0.9943968653678894
0.5510836839675903
0.37433308362960815
0.3333343267440796
0.30071553587913513
0.7462075352668762
0.06137623265385628
0.8250665068626404
0.5236482620239258
0.18766434490680695
0.22586315870285034
0.4382779002189636
0.5751537084579468
0.05144411325454712
0.9377228617668152
0.6911985874176025
0.5589817762374878
0.04840213060379028
0.6364633440971375
0.8561657071113586
0.5941136479377747
0.1742752492427826
0.9221130609512329
0.03720088675618172
0.9776544570922852
0.09543054550886154
0.6662217378616333
0.9104037880897522
0.09033122658729553
0.26062628626823425
0.042989663779735565
0.6118463277816772
0.3961384892463684
0.8144765496253967
0.6848690509796143
0.5438326001167297
0.2785536050796509
0.6739711165428162
0.9136265516281128
0.19244052469730377
0.3007550835609436
0.7613507509231567
0.4825478494167328
0.7167699337005615
0.933029055595398
0.3194582462310791
0.5710088014602661
0.972556471824646
0.32896000146865845
0.739575982093811
0.30792075395584106
0.5894849300384521
0.4814419448375702
0.4424033463001251
0.498630553483963
0.3862144947052002
0.4747857451438904
0.7594450116157532
0.012529982253909111
0.21360690891742706
0.18641899526119232
0.41990727186203003
0.43468955159187317
0.91082763671875
0.4008181691169739
0.6822487711906433
0.33428147435188293
0.43337661027908325
0.2485332489013672
0.02718989923596382
0.8922410607337952
0.2747151553630829
0.03873583301901817
0.9848793745040894
0.14456012845039368
0.7683073878288269
0.10111183673143387
0.9673962593078613
0.620414137840271
0.09602493792772293
0.5323312282562256
0.5328203439712524
0.3118809461593628
0.39995628595352173
0.26224395632743835
0.20345604419708252
0.8354030847549438
0.3512303829193115
0.9277775883674622
0.7438724040985107
0.2556626796722412
0.5722597241401672
0.027051666751503944
0.953528642654419
0.5699326395988464
0.46044185757637024
0.1662803739309311
0.7318022847175598
0.7737258076667786
0.42370301485061646
0.4109019637107849
0.4060640037059784
0.6031578183174133
0.6910421848297119
0.5594630837440491
0.39735060930252075
0.5167214870452881
0.9782894253730774
0.8144159317016602
0.8757391571998596
0.06183294579386711
0.9617411494255066
0.2596423327922821
0.6692149043083191
0.26164302229881287
0.8977248072624207
0.22648385167121887
0.7502994537353516
0.28217536211013794
0.7995977401733398
0.8685169816017151
0.061515405774116516
0.826977550983429
0.9765293002128601
0.37588614225387573
0.5345833897590637
0.2260638177394867
0.08437787741422653
0.9334577322006226
0.0013490307610481977
0.3834776282310486
0.3424723744392395
0.9352350234985352
0.6796571612358093
0.47919419407844543
0.6816847324371338
0.4902626872062683
0.6328182220458984
0.2627331018447876
0.3980662226676941
0.8705700039863586
0.5633301138877869
0.580420970916748
0.7018521428108215
0.8997858762741089
0.49583086371421814
0.0805455818772316
0.5405896902084351
0.868952751159668
0.6809737682342529
0.8651896119117737
0.6971534490585327
0.3968402147293091
0.03748941048979759
0.9591463208198547
0.8180667161941528
0.5203041434288025
0.0098955063149333
0.2883817255496979
0.32192283868789673
0.7499956488609314
0.2977903485298157
0.9154205322265625
0.6880450248718262
0.07550560683012009
0.5268967151641846
0.775767982006073
0.9693031907081604
0.8502310514450073
0.009205550886690617
0.42939281463623047
0.34865236282348633
0.5430592894554138
0.3728788197040558
0.05105376988649368
0.5482161045074463
0.24332958459854126
0.7173829078674316
0.5265453457832336
0.46965885162353516
0.41935309767723083
0.8914564251899719
0.3178814947605133
0.7964061498641968
0.445374459028244
0.5657945275306702
0.8593767881393433
0.17921529710292816
0.08643708378076553
0.5471734404563904
0.4306485652923584
0.35935571789741516
0.4722186326980591
0.608838677406311
0.9712244868278503
0.7905728816986084
0.25433826446533203
0.5336619019508362
0.14541320502758026
0.8276730179786682
0.6656313538551331
0.287441223859787
0.9859439134597778
0.2954728305339813
0.12979178130626678
0.9321960210800171
0.9543163180351257
0.9004788994789124
0.9150514006614685
0.5612806081771851
0.285404771566391
0.4078293740749359
0.4701724946498871
0.8917563557624817
0.4464934170246124
0.7835972905158997
0.9588194489479065
0.3506222665309906
0.07776150107383728
0.7987918853759766
0.13524140417575836
0.6808928847312927
0.370963454246521
0.4710983335971832
0.8996900320053101
0.22559045255184174
0.18842948973178864
0.31551942229270935
0.1913827508687973
0.07422566413879395
0.2794331908226013
0.1803792119026184
0.5187968015670776
0.48113176226615906
0.5906432271003723
0.3708851635456085
0.6824354529380798
0.8246733546257019
0.906227171421051
0.7358123064041138
0.8565190434455872
0.9314661622047424
0.9017043113708496
0.25245556235313416
0.9620093107223511
0.4870714545249939
0.9048897624015808
0.6932039260864258
0.8843991756439209
0.6818885803222656
0.8019247651100159
0.6378014087677002
0.790310263633728
0.6436812281608582
0.22544467449188232
0.5618459582328796
0.9329601526260376
0.5929132103919983
0.392769992351532
0.12196022272109985
0.09085673093795776
0.8279361724853516
0.6066799759864807
0.4603290557861328
0.7747901082038879
0.2705676555633545
0.42122822999954224
0.7966427206993103
0.17080602049827576
0.08072525262832642
0.2524273991584778
0.22263236343860626
0.3700284957885742
0.2904135286808014
0.3133602738380432
0.9159418344497681
0.9820417761802673
0.3708977997303009
0.6598155498504639
0.7083905339241028
0.8249479532241821
0.4347705543041229
0.7117807865142822
0.025516623631119728
0.7479868531227112
0.42455363273620605
0.9103543758392334
0.3539937436580658
0.41558441519737244
0.6552109122276306
0.9890910983085632
0.14187392592430115
0.021822629496455193
0.3502775728702545
0.6764866709709167
0.7274443507194519
0.23258110880851746
0.9530208706855774
0.5386365652084351
0.9994984269142151
0.3119508922100067
0.610856831073761
0.7223696708679199
0.2743765413761139
0.5928196907043457
0.813218891620636
0.8544972538948059
0.6112558245658875
0.23044995963573456
0.4477342963218689
0.9169920682907104
0.06386183202266693
0.3599751591682434
0.2623871862888336
0.6255640387535095
0.12201392650604248
0.6797280311584473
0.08065859228372574
0.21545028686523438
0.8381214737892151
0.8759168386459351
0.6333646774291992
0.18260608613491058
0.31662583351135254
0.2524726986885071
0.8355368375778198
0.39137405157089233
0.3049231171607971
0.9675290584564209
0.4204384684562683
0.6686432361602783
0.3280484676361084
0.10956310480833054
0.4704473912715912
0.21407289803028107
0.9658322334289551
0.033273424953222275
0.49592557549476624
0.596095621585846
0.016590364277362823
0.7607100009918213
0.8773872256278992
0.2694900333881378
0.820387065410614
0.39421042799949646
0.9206671118736267
0.5675921440124512
0.921614944934845
0.5928909778594971
0.44787150621414185
0.9644631743431091
0.8313201665878296
0.4434572458267212
0.6027047038078308
0.34827879071235657
0.49629512429237366
0.9047287106513977
0.59470534324646
0.9141496419906616
0.38538333773612976
0.4758128225803375
0.6517864465713501
0.8874678015708923
0.6620198488235474
0.21917419135570526
0.5411495566368103
0.6548528075218201
0.37492841482162476
0.030761778354644775
0.10948790609836578
0.706702709197998
0.15903925895690918
0.19650347530841827
0.8315368294715881
0.8097025156021118
0.7242640256881714
0.6834561228752136
0.17884515225887299
0.12524668872356415
0.015394729562103748
0.44943392276763916
0.8978214859962463
0.2716590464115143
0.4403110146522522
0.6193931698799133
0.21497198939323425
0.33477410674095154
0.9471254348754883
0.9407414793968201
0.23346126079559326
0.583297848701477
0.9696813821792603
0.5712028741836548
0.9303769469261169
0.5376937985420227
0.4775582253932953
0.7129603028297424
0.03389085829257965
0.39445430040359497
0.34414759278297424
0.9456512928009033
0.4340493977069855
0.6938813924789429
0.157058984041214
0.7118517160415649
0.676770031452179
0.5607420802116394
0.9441776871681213
0.13441480696201324
0.5319204330444336
0.22518247365951538
0.4672242999076843
0.22522367537021637
0.6043230891227722
0.7740451097488403
0.5772098898887634
0.5259373784065247
0.013606886379420757
0.2712932229042053
0.8246521353721619
0.22146838903427124
0.6472370028495789
0.5894789099693298
0.5391428470611572
0.656048595905304
0.8944823741912842
0.6258091330528259
0.24232475459575653
0.7792742848396301
0.8197023272514343
0.36429962515830994
0.8353242874145508
0.5871809720993042
0.6241840720176697
0.5259026885032654
0.16483843326568604
0.432510107755661
0.7951157689094543
0.6787821054458618
0.505074143409729
0.2572989761829376
0.04583128169178963
0.8104874491691589
0.6314427852630615
0.9086636900901794
0.6555098295211792
0.2960633337497711
0.992396354675293
0.7439479231834412
0.7236693501472473
0.011546558700501919
0.3394348621368408
0.772283673286438
0.38777482509613037
0.023052239790558815
0.14707434177398682
0.49064040184020996
0.18448872864246368
0.22580121457576752
0.35612040758132935
0.45104607939720154
0.720991849899292
0.9551624059677124
0.48665615916252136
0.46924346685409546
0.26195812225341797
0.7643541693687439
0.29414916038513184
0.8069793581962585
0.1351017951965332
0.11186721920967102
0.9188573956489563
0.18146473169326782
0.9109005928039551
0.9334900975227356
0.7913665175437927
0.6163659691810608
0.47120919823646545
0.021589946001768112
0.4283413290977478
0.4015541076660156
0.5123703479766846
0.9639179706573486
0.3695621192455292
0.627927839756012
0.8154388666152954
0.5600517988204956
0.1340727061033249
0.616066575050354
0.3303544521331787
0.9514315128326416
0.9059364795684814
0.21930930018424988
0.560967743396759
0.13694578409194946
0.4071788787841797
0.21551287174224854
0.3551890552043915
0.18160973489284515
0.9605274796485901
0.3583979308605194
0.8934741616249084
0.558045506477356
0.4853452444076538
0.6183925867080688
0.08668632060289383
0.0733010396361351
0.5664365291595459
0.18477202951908112
0.967741072177887
0.006577073596417904
0.6776401996612549
0.7860693335533142
0.6191233396530151
0.41016465425491333
0.32364708185195923
0.6765065789222717
0.7047664523124695
0.5611522793769836
0.4611477255821228
0.9005840420722961
0.6058191657066345
0.7979291677474976
0.9394782781600952
0.14058227837085724
0.6325655579566956
0.555101752281189
0.13170935213565826
0.13299298286437988
0.7120043039321899
0.587993860244751
0.1474875956773758
0.6533516645431519
0.4837089776992798
0.8065746426582336
0.4379219114780426
0.25225454568862915
0.2690127491950989
0.7202700972557068
0.7332220673561096
0.7272761464118958
0.11362680047750473
0.8335766792297363
0.689393162727356
0.23172180354595184
0.10271071642637253
0.07418959587812424
0.15126678347587585
0.616233229637146
0.6930861473083496
0.5536271929740906
0.2659921646118164
0.6438441276550293
0.45032182335853577
0.34719446301460266
0.2748986780643463
0.9834164977073669
0.3018224835395813
0.8951185941696167
0.2235793173313141
0.46505799889564514
0.14175233244895935
0.6382034420967102
0.007030986249446869
0.7132214903831482
0.6904048919677734
0.33623358607292175
0.6758679151535034
0.09755398333072662
0.4848005473613739
0.7565444111824036
0.14074423909187317
0.13182660937309265
0.7814154624938965
0.919943630695343
0.5180730819702148
0.0223862212151289
0.6293882131576538
0.39063701033592224
0.6993945837020874
0.7276250123977661
0.7861141562461853
0.3982888162136078
0.8264496326446533
0.33096492290496826
0.3781723380088806
0.8586397171020508
0.41331368684768677
0.4820277690887451
0.17571330070495605
0.6652880907058716
0.9743565320968628
0.24826565384864807
0.3158372938632965
0.4921705424785614
0.07802561670541763
0.8205856680870056
0.9978140592575073
0.11246450990438461
0.5182364583015442
0.07863564789295197
0.7661035060882568
0.5707185864448547
0.5391234755516052
0.03551965951919556
0.3458077311515808
0.9076168537139893
0.7836621403694153
0.2845062017440796
0.893683910369873
0.8955336809158325
0.2409461885690689
0.5334964394569397
0.501982569694519
0.9587332606315613
0.11606940627098083
0.572945773601532
0.10166160017251968
0.4553040862083435
0.07610888034105301
0.8659164905548096
0.8925376534461975
0.931709885597229
0.9145537614822388
0.20797932147979736
0.8792140483856201
0.6205626726150513
0.44597479701042175
0.4618133008480072
0.8677210211753845
0.6475976705551147
0.18012796342372894
0.06033814325928688
0.36262062191963196
0.4708523452281952
0.6609340906143188
0.9692265391349792
0.2581798732280731
0.7876747846603394
0.7951339483261108
0.6740257740020752
0.7745361328125
0.2902925908565521
0.06106248125433922
0.12101463973522186
0.3036692142486572
0.2854839861392975
0.9298433065414429
0.09034861624240875
0.7460131645202637
0.8641977906227112
0.5996339917182922
0.012071873992681503
0.047490280121564865
0.450683057308197
0.6022265553474426
0.9325151443481445
0.8294452428817749
0.8916236162185669
0.04798553138971329
0.6934024095535278
0.34315231442451477
0.37770354747772217
0.6608412265777588
0.8838602304458618
0.4098661243915558
0.04291561245918274
0.867359459400177
0.3814995288848877
0.0015499795554205775
0.14810451865196228
0.2283010333776474
0.11203943192958832
0.7455528974533081
0.13006947934627533
0.6629438996315002
0.12505276501178741
0.7690016627311707
0.7780210375785828
0.1590864211320877
0.2585547864437103
0.40535488724708557
0.3052840530872345
0.7934516668319702
0.23769037425518036
0.39782610535621643
0.9061242341995239
0.681749701499939
0.9190152287483215
0.4288340210914612
0.8310161232948303
0.30689743161201477
0.3645714223384857
0.9521517157554626
0.6905606389045715
0.37301769852638245
0.8830928802490234
0.2928714454174042
0.9093509316444397
0.27671435475349426
0.40849974751472473
0.5512150526046753
0.5778611302375793
0.14223438501358032
0.5892878174781799
0.9820116758346558
0.48983582854270935
0.023542387410998344
0.5641339421272278
0.34997883439064026
0.634111225605011
0.7178415060043335
0.4068712294101715
0.9281189441680908
0.29543033242225647
0.056812696158885956
0.19390670955181122
0.3471206724643707
0.9305970668792725
0.6529759764671326
0.06830701231956482
0.25869444012641907
0.7257501482963562
0.5234553217887878
0.4221254587173462
0.3529716432094574
0.5071377754211426
0.005023795645684004
0.6210816502571106
0.9988538026809692
0.2804321348667145
0.8006160259246826
0.6325715780258179
0.07038173079490662
0.21341775357723236
0.05208958312869072
0.5893043279647827
0.026716817170381546
0.6554349660873413
0.2834944427013397
0.9720302224159241
0.5491129159927368
0.9747220873832703
0.5715354084968567
0.6767285466194153
0.8448331952095032
0.20780201256275177
0.3184628188610077
0.9207425713539124
0.9340131282806396
0.043194882571697235
0.9120439291000366
0.896030843257904
0.55459064245224
0.14306043088436127
0.3953501284122467
0.9932502508163452
0.6510825753211975
0.31218287348747253
0.7666674256324768
0.08952941745519638
0.5023271441459656
0.4283948540687561
0.8553287982940674
0.13795828819274902
0.8036047220230103
0.19502420723438263
0.03450184687972069
0.004849034361541271
0.8782010674476624
0.7227888703346252
0.04904424399137497
0.09728147089481354
0.41719043254852295
0.9310134649276733
0.46005186438560486
0.40879690647125244
0.7974790930747986
0.7353534698486328
0.019491326063871384
0.5550826191902161
0.8414943814277649
0.06616992503404617
0.33843687176704407
0.3828981816768646
0.3858011066913605
0.673882782459259
0.18654653429985046
0.08293411135673523
0.05041153356432915
0.9423692226409912
0.022239690646529198
0.9421136975288391
0.03587506338953972
0.7233927249908447
0.5106392502784729
0.19217069447040558
0.7924570441246033
0.6798461079597473
0.5455201864242554
0.3541507124900818
0.3186160922050476
0.037890248000621796
0.4690941870212555
0.36534586548805237
0.8495226502418518
0.18467649817466736
0.2865661382675171
0.338208943605423
0.4872945249080658
0.43612244725227356
0.4489251971244812
0.03156421706080437
0.30123838782310486
0.37419116497039795
0.4600895345211029
0.4266083836555481
0.9563033580780029
0.9316303133964539
0.825138509273529
0.6572369933128357
0.5439225435256958
0.04605003446340561
0.37217995524406433
0.10911368578672409
0.7893744111061096
0.5116914510726929
0.8044661283493042
0.49359196424484253
0.5454830527305603
0.01953704096376896
0.5579789280891418
0.4416801929473877
0.8963028788566589
0.9094623327255249
0.5991116762161255
0.44597330689430237
0.2598896026611328
0.8517228364944458
0.29858049750328064
0.8310654759407043
0.3015393316745758
0.054982226341962814
0.4846992790699005
0.6779581308364868
0.5152853727340698
0.1004202589392662
0.22275066375732422
0.10965210199356079
0.8290398716926575
0.5437059998512268
0.08102678507566452
0.9989956617355347
0.3101421296596527
0.4718388020992279
0.8086848855018616
0.37809479236602783
0.6631884574890137
0.6782143712043762
0.7479289770126343
0.6114196181297302
0.0860096886754036
0.4464776813983917
0.8046586513519287
0.4445996880531311
0.7463000416755676
0.30460304021835327
0.10472247004508972
0.7856022715568542
0.31058502197265625
0.9810643196105957
0.9326159358024597
0.6761332154273987
0.292652428150177
0.02898057922720909
0.7172147035598755
0.6346588730812073
0.4774097204208374
0.7432109713554382
0.8153420686721802
0.47893282771110535
0.8285583257675171
0.07108040153980255
0.6784127354621887
0.9377996325492859
0.7151901721954346
0.8387104272842407
0.8347450494766235
0.6094178557395935
0.3205346167087555
0.3147718608379364
0.5097354054450989
0.4398435950279236
0.8973177075386047
0.9679168462753296
0.6427133083343506
0.31143975257873535
0.6326733231544495
0.17699116468429565
0.6980748176574707
0.4501726031303406
0.613248884677887
0.4411010146141052
0.3478526473045349
0.25092074275016785
0.2777446210384369
0.31319063901901245
0.1410905122756958
0.09243617206811905
0.5970471501350403
0.6502322554588318
0.29886654019355774
0.4236535429954529
0.28593331575393677
0.16002650558948517
0.8014457821846008
0.8128085732460022
0.6017866134643555
0.5918776392936707
0.13086393475532532
0.06911342591047287
0.29557934403419495
0.4812229573726654
0.629793107509613
0.46433886885643005
0.4105357825756073
0.5671290159225464
0.7612770199775696
0.19352290034294128
0.3139716386795044
0.021075384691357613
0.01936870627105236
0.7023434638977051
0.3001568615436554
0.4212750494480133
0.4649791419506073
0.25241756439208984
0.09469876438379288
0.2853798568248749
0.7221046090126038
0.8876199126243591
0.12257779389619827
0.260754257440567
0.5038167834281921
0.3479264974594116
0.9081588983535767
0.9581446647644043
0.15791650116443634
0.2607897222042084
0.18116463720798492
0.7366008162498474
0.24729539453983307
0.11123643070459366
0.5325420498847961
0.9461565017700195
0.1684521734714508
0.4262678027153015
0.4282895624637604
0.07316377758979797
0.32535046339035034
0.13367964327335358
0.11686713993549347
0.9632503390312195
0.8717275857925415
0.026612287387251854
0.2622513175010681
0.6127569675445557
0.4540814459323883
0.9069429636001587
0.7498994469642639
0.5191593170166016
0.030712833628058434
0.752325713634491
0.5133458971977234
0.39322134852409363
0.416780024766922
0.9023808836936951
0.3306497633457184
0.7439863085746765
0.20008917152881622
0.9350939393043518
0.49628743529319763
0.7808506488800049
0.5420423746109009
0.7021640539169312
0.8324496746063232
0.7585933208465576
0.07313002645969391
0.40173792839050293
0.5805802345275879
0.9079381823539734
0.12220585346221924
0.8696747422218323
0.029315492138266563
0.03871108591556549
0.37906014919281006
0.07766613364219666
0.7142021656036377
0.7536779046058655
0.8352920413017273
0.34189292788505554
0.36407148838043213
0.8488398194313049
0.4966624081134796
0.6791672706604004
0.5662530064582825
0.6706234812736511
0.8641872406005859
0.27573394775390625
0.6970669031143188
0.04060479626059532
0.5248435139656067
0.6073657870292664
0.6861807107925415
0.3082801401615143
0.22355085611343384
0.2197302281856537
0.24155429005622864
0.5056539177894592
0.9110763669013977
0.5413867831230164
0.9005385041236877
0.8608281016349792
0.7251634001731873
0.5687457919120789
0.10739310830831528
0.47060519456863403
0.25602373480796814
0.12315668165683746
0.6983721852302551
0.9275543093681335
0.045005615800619125
0.8256944417953491
0.7927704453468323
0.9691071510314941
0.348895400762558
0.680813729763031
0.12220938503742218
0.8862418532371521
0.41497692465782166
0.9561812877655029
0.39955970644950867
0.29548439383506775
0.07264319807291031
0.0715627372264862
0.9939393997192383
0.6037707328796387
0.9691075682640076
0.5760565400123596
0.16759301722049713
0.9891728758811951
0.23853540420532227
0.3499234616756439
0.24159598350524902
0.19543209671974182
0.9845264554023743
0.012848690152168274
0.5557177662849426
0.608191967010498
0.08841831982135773
0.9390930533409119
0.959474503993988
0.9159777164459229
0.030737875029444695
0.39668262004852295
0.5234830379486084
0.20169417560100555
0.2716444134712219
0.021477138623595238
0.2497493028640747
0.8805704116821289
0.9345303177833557
0.305424302816391
0.3321959376335144
0.8606362342834473
0.2996964156627655
0.9195990562438965
0.8671542406082153
0.8092129230499268
0.41936737298965454
0.1973806768655777
0.9983804821968079
0.24578320980072021
0.9226191639900208
0.2691604197025299
0.7571704387664795
0.42586225271224976
0.4214191436767578
0.915207028388977
0.8077654838562012
0.11854004114866257
0.8695757389068604
0.40128105878829956
0.3842490613460541
0.44679152965545654
0.20929570496082306
0.08437531441450119
0.9431039094924927
0.6523056626319885
0.3080344498157501
0.7188193202018738
0.23175989091396332
0.8602940440177917
0.41390010714530945
0.8683386445045471
0.5090254545211792
0.06193733215332031
0.5439818501472473
0.4818727374076843
0.48992860317230225
0.5889394879341125
0.038500938564538956
0.0012471938971430063
0.06773800402879715
0.2857282757759094
0.6926884055137634
0.000876394275110215
0.342034250497818
0.7881879210472107
0.05640828236937523
0.06958072632551193
0.23086826503276825
0.6502497792243958
0.31949371099472046
0.549380362033844
0.06443657726049423
0.6119287014007568
0.0991961807012558
0.37389618158340454
0.537409782409668
0.12461523711681366
0.8155478835105896
0.5532998442649841
0.39232179522514343
0.20952697098255157
0.9911412000656128
0.7686939239501953
0.6414986848831177
0.6484618186950684
0.0892411395907402
0.46672508120536804
0.6567414999008179
0.11577741801738739
0.7572044730186462
0.5989202857017517
0.7038472890853882
0.3745217025279999
0.026829209178686142
0.12344585359096527
0.5709375143051147
0.009824391454458237
0.09362119436264038
0.21688172221183777
0.09510140120983124
0.6011106967926025
0.6887633800506592
0.49979594349861145
0.9185339212417603
0.29703059792518616
0.6088771224021912
0.7496720552444458
0.3282783627510071
0.962284505367279
0.09060684591531754
0.7843515872955322
0.6651571989059448
0.48602208495140076
0.18171292543411255
0.24517019093036652
0.8751102685928345
0.0067633348517119884
0.5857669115066528
0.06805083900690079
0.19000788033008575
0.315737783908844
0.5347665548324585
0.35427942872047424
0.05674738809466362
0.9875830411911011
0.7217639088630676
0.07646305114030838
0.3809669613838196
0.8321348428726196
0.7610265612602234
0.6195570230484009
0.8975686430931091
0.41915789246559143
0.807447075843811
0.40581440925598145
0.5117563605308533
0.7206029891967773
0.35348570346832275
0.6564257144927979
0.12422920763492584
0.014308162964880466
0.06420066207647324
0.3176380395889282
0.6349214911460876
0.6237697601318359
0.3463229238986969
0.9525879621505737
0.4084305167198181
0.7573809623718262
0.7221588492393494
0.001701723551377654
0.016935905441641808
0.3809146285057068
0.8946688175201416
0.6262505650520325
0.28963029384613037
0.5645082592964172
0.9993637800216675
0.5878961682319641
0.382230281829834
0.24723070859909058
0.0033341071102768183
0.5980674624443054
0.5153769850730896
0.6834501028060913
0.3563881814479828
0.6352963447570801
0.21071918308734894
0.5041347146034241
0.1468806266784668
0.7085869908332825
0.8938528299331665
0.8919996023178101
0.49596601724624634
0.7990269660949707
0.016840023919939995
0.8701267838478088
0.6948280930519104
0.3314678370952606
0.46537700295448303
0.6166566014289856
0.062464118003845215
0.13531513512134552
0.6728495955467224
0.15457798540592194
0.2931263744831085
0.1060367003083229
0.973146915435791
0.11184043437242508
0.019524317234754562
0.2136387825012207
0.6727748513221741
0.3651478588581085
0.7292258739471436
0.0654907301068306
0.7499926686286926
0.729559063911438
0.47505348920822144
0.6608321666717529
0.12456414103507996
0.7655861973762512
0.3397795855998993
0.772937536239624
0.7262936234474182
0.7759234309196472
0.37845635414123535
0.6448081135749817
0.3992643356323242
0.14169880747795105
0.054726600646972656
0.6997976899147034
0.9817737936973572
0.21011944115161896
0.8220837116241455
0.041746679693460464
0.962494969367981
0.38014936447143555
0.07191920280456543
0.19882270693778992
0.37188515067100525
0.13690419495105743
0.2806972861289978
0.20077192783355713
0.7855267524719238
0.5676860809326172
0.9241711497306824
0.2748752236366272
0.23543019592761993
0.773764431476593
0.3664846122264862
0.4080658555030823
0.8077439665794373
0.7461684346199036
0.9751365184783936
0.653531014919281
0.49213314056396484
0.47198715806007385
0.6466419100761414
0.31641650199890137
0.37834274768829346
0.9258979558944702
0.14969010651111603
0.1170569360256195
0.620896577835083
0.516263484954834
0.001720302738249302
0.599312424659729
0.3632977306842804
0.37949368357658386
0.1665491908788681
0.21220415830612183
0.4165021777153015
0.973875105381012
0.8372563719749451
0.6060180068016052
0.5172540545463562
0.4631624221801758
0.981532096862793
0.9138104915618896
0.12176429480314255
0.17806126177310944
0.6252136826515198
0.19763793051242828
0.5619732141494751
0.20566114783287048
0.7320831418037415
0.24914512038230896
0.07588112354278564
0.8579214811325073
0.38777899742126465
0.3254576325416565
0.6369014382362366
0.9129680395126343
0.486197829246521
0.0972997173666954
0.7655054926872253
0.10664444416761398
0.6901748776435852
0.30451759696006775
0.30467677116394043
0.28703001141548157
0.2625233232975006
0.24541756510734558
0.5883590579032898
0.9610676169395447
0.7679070234298706
0.8561150431632996
0.7664303779602051
0.25608518719673157
0.8105762600898743
0.9440809488296509
0.11992869526147842
0.2998773455619812
0.134536474943161
0.7182164192199707
0.8766511082649231
0.014909042045474052
0.624553918838501
0.11965831369161606
0.9511363506317139
0.9964109063148499
0.7608349323272705
0.30984383821487427
0.3437789976596832
0.9112902283668518
0.4224329888820648
0.32739704847335815
0.9554045796394348
0.45526349544525146
0.15684300661087036
0.48873022198677063
0.5456410050392151
0.19877459108829498
0.3932873606681824
0.618474006652832
0.0818331390619278
0.9378327131271362
0.23727615177631378
0.48327940702438354
0.984529972076416
0.8220431804656982
0.39194807410240173
0.22972901165485382
0.15916186571121216
0.06399044394493103
0.8410792350769043
0.9906540513038635
0.10578159242868423
0.5751323699951172
0.20153969526290894
0.43748581409454346
0.6362928152084351
0.8890374302864075
0.6770539879798889
0.7081737518310547
0.71012282371521
0.9305523633956909
0.944041907787323
0.8218235373497009
0.8576140403747559
0.9590290784835815
0.47821301221847534
0.43404701352119446
0.2093743234872818
0.29545924067497253
0.8400396108627319
0.18098542094230652
0.7209026217460632
0.6910123229026794
0.7986006140708923
0.5762900710105896
0.9909999370574951
0.5500461459159851
0.7466342449188232
0.22466956079006195
0.9925097227096558
0.46510955691337585
0.10413865000009537
0.07461720705032349
0.5045252442359924
0.9153642654418945
0.36603420972824097
0.8706456422805786
0.5942218899726868
0.5043518543243408
0.5909441709518433
0.49099981784820557
0.9883548021316528
0.04572082683444023
0.7894832491874695
0.40651842951774597
0.11871830374002457
0.718656599521637
0.936384379863739
0.4653354287147522
0.786272406578064
0.9115136861801147
0.8206243515014648
0.4728955924510956
0.6956331729888916
0.18807637691497803
0.004390884190797806
0.9609608054161072
0.5483823418617249
0.7128197550773621
0.17638391256332397
0.23524710536003113
0.1346256583929062
0.5736761093139648
0.48987534642219543
0.4815638065338135
0.797834575176239
0.2489076405763626
0.8312784433364868
0.5440129041671753
0.12436892837285995
0.10222770273685455
0.788344144821167
0.12918315827846527
0.40762847661972046
0.8809205889701843
0.8402090072631836
0.1670794039964676
0.3272119462490082
0.38643112778663635
0.45888394117355347
0.17500312626361847
0.8439810276031494
0.03310399129986763
0.2559085488319397
0.23345579206943512
0.2621614634990692
0.6410277485847473
0.4609263241291046
0.3467947542667389
0.24427881836891174
0.21246671676635742
0.18904255330562592
0.5535638928413391
0.8450414538383484
0.30835628509521484
0.20528393983840942
0.5020718574523926
0.4926373064517975
0.6934410333633423
0.35603615641593933
0.03647524490952492
0.6449501514434814
0.9206690192222595
0.6057238578796387
0.6465975046157837
0.4149557054042816
0.21524052321910858
0.8455426096916199
0.00588259007781744
0.08513936400413513
0.8930246829986572
0.6349252462387085
0.4462265968322754
0.27973753213882446
0.386201947927475
0.6916559934616089
0.20066633820533752
0.5316454172134399
0.8124642968177795
0.17863403260707855
0.519869327545166
0.4983108937740326
0.3822382092475891
0.9500483870506287
0.010810262523591518
0.6233192682266235
0.49212443828582764
0.9862759709358215
0.7210512757301331
0.8534515500068665
0.942958652973175
0.06549347192049026
0.8509289026260376
0.35022544860839844
0.06722549349069595
0.7608420848846436
0.738329291343689
0.962390661239624
0.4823884069919586
0.40997594594955444
0.0024655971210449934
0.9012698531150818
0.45255759358406067
0.2693667709827423
0.21363861858844757
0.6954883337020874
0.36057204008102417
0.2330668717622757
0.13963626325130463
0.2177409678697586
0.6377719044685364
0.6077313423156738
0.01858171634376049
0.9210090041160583
0.22232215106487274
0.4520280957221985
0.6703514456748962
0.5104248523712158
0.4119282066822052
0.090104840695858
0.9301348924636841
0.6501544117927551
0.06386777758598328
0.5144844055175781
0.7762312293052673
0.6730493307113647
0.2730961740016937
0.43905746936798096
0.09404921531677246
0.6400582194328308
0.45389941334724426
0.36697232723236084
0.7311331033706665
0.03822103142738342
0.5096920728683472
0.3174513280391693
0.9448590278625488
0.8478379249572754
0.7916702032089233
0.9071570634841919
0.574354887008667
0.938603401184082
0.2386578768491745
0.28126955032348633
0.397854745388031
0.3401707708835602
0.4272359311580658
0.17797648906707764
0.5393821001052856
0.2814081907272339
0.6499844193458557
0.3565645217895508
0.14066825807094574
0.10726900398731232
0.2906457483768463
0.3931920826435089
0.5177838206291199
0.6002511978149414
0.031189927831292152
0.019048260524868965
0.4407523274421692
0.000533253769390285
0.9805090427398682
0.572504460811615
0.1290903389453888
0.23972055315971375
0.49014201760292053
0.05891721695661545
0.6066063046455383
0.25313600897789
0.6190274953842163
0.9590266942977905
0.2690974175930023
0.7424977421760559
0.9695839881896973
0.30826082825660706
0.3325139880180359
0.3666478395462036
0.3466548025608063
0.03983454033732414
0.39185115694999695
0.45763519406318665
0.553980827331543
0.4838424623012543
0.370698481798172
0.5994469523429871
0.43801963329315186
0.07116755098104477
0.3405814468860626
0.8617919683456421
0.6741816997528076
0.933569610118866
0.7046329975128174
0.7434125542640686
0.7563650608062744
0.44041362404823303
0.69856858253479
0.13945819437503815
0.300782710313797
0.10479828715324402
0.8805165886878967
0.04577303305268288
0.7058932185173035
0.13203880190849304
0.11479836702346802
0.6650221943855286
0.3239493668079376
0.46103182435035706
0.36584994196891785
0.9818456172943115
0.36048775911331177
0.5093650817871094
0.6233786344528198
0.09471599012613297
0.48293861746788025
0.24841547012329102
0.17979472875595093
0.7227727770805359
0.8776728510856628
0.5373796820640564
0.9862616062164307
0.49640393257141113
0.48490652441978455
0.057557426393032074
0.7844439744949341
0.2934952676296234
0.5634554028511047
0.10596016049385071
0.8219746947288513
0.17474667727947235
0.8061901926994324
0.29150235652923584
0.38990455865859985
0.9306720495223999
0.3632030189037323
0.7489388585090637
0.08502230048179626
0.22081230580806732
0.7162743210792542
0.4895003139972687
0.02750442922115326
0.5565712451934814
0.6215619444847107
0.816085696220398
0.22385117411613464
0.43320342898368835
0.07952781021595001
0.5061131715774536
0.5736709833145142
0.7986502051353455
0.5922765731811523
0.5231897830963135
0.7321258783340454
0.5399039387702942
0.61602783203125
0.11275991797447205
0.9194803833961487
0.5323101282119751
0.7794628739356995
0.20146016776561737
0.9418762922286987
0.07954974472522736
0.7094979882240295
0.5422870516777039
0.8029723763465881
0.5836637616157532
0.3063102960586548
0.17556801438331604
0.736168384552002
0.043991681188344955
0.7348196506500244
0.9202545285224915
0.4165845215320587
0.21026670932769775
0.19659486413002014
0.44538360834121704
0.7191822528839111
0.9117060899734497
0.970941424369812
0.6686617136001587
0.13359934091567993
0.024469241499900818
0.8234248161315918
0.8432066440582275
0.26133260130882263
0.934615969657898
0.7446455955505371
0.6102705001831055
0.8349472284317017
0.18853449821472168
0.5323527455329895
0.6807175278663635
0.04996282979846001
0.21898715198040009
0.3676097095012665
0.1044069305062294
0.3716897964477539
0.9338122606277466
0.06538020074367523
0.5360584855079651
0.5546438694000244
0.38745033740997314
0.7707222700119019
0.840142548084259
0.656973659992218
0.5512796640396118
0.02780465967953205
0.3618628680706024
0.39612436294555664
0.07133765518665314
0.2987028956413269
0.013089112006127834
0.3399944007396698
0.6303072571754456
0.9403703212738037
0.7316296696662903
0.7189359664916992
0.2900889813899994
0.9180874228477478
0.20539724826812744
0.3196079730987549
0.07682668417692184
0.9574292302131653
0.3639155328273773
0.16993825137615204
0.20106492936611176
0.6371681094169617
0.8394268751144409
0.7503872513771057
0.7915028929710388
0.08816421777009964
0.47487640380859375
0.2503874897956848
0.5413929224014282
0.5545645952224731
0.7614153027534485
0.7668180465698242
0.36154547333717346
0.382763534784317
0.6154211163520813
0.01102437637746334
0.24794739484786987
0.7992368340492249
0.626876175403595
0.8492586016654968
0.829833447933197
0.017908239737153053
0.1383761316537857
0.6808634996414185
0.7743942141532898
0.8513697385787964
0.18812504410743713
0.4711425006389618
0.2005276083946228
0.14958378672599792
0.6836037635803223
0.3569697141647339
0.2744111120700836
0.12068088352680206
0.12388072907924652
0.5193306803703308
0.04002687335014343
0.7409349083900452
0.9076945185661316
0.818599283695221
0.25924310088157654
0.9044898152351379
0.42519456148147583
0.7354530096054077
0.5686834454536438
0.5431118607521057
0.7351431250572205
0.7041613459587097
0.37663885951042175
0.9296566843986511
0.9110159873962402
0.9253324270248413
0.24126958847045898
0.8588743209838867
0.3802953362464905
0.5255357027053833
0.7292766571044922
0.46471670269966125
0.6149551868438721
0.185140922665596
0.11981987953186035
0.2111615687608719
0.16142965853214264
0.0649552270770073
0.9277199506759644
0.11355677247047424
0.3794930577278137
0.7886234521865845
0.864486038684845
0.8038032054901123
0.19385652244091034
0.7737058997154236
0.9912579655647278
0.9904168248176575
0.06915774941444397
0.12775033712387085
0.6748828291893005
0.9875555038452148
0.1769409030675888
0.6885426044464111
0.51036137342453
0.7952884435653687
0.8344817161560059
0.3936273753643036
0.06147639453411102
0.9818496108055115
0.0607762485742569
0.8231107592582703
0.5708995461463928
0.10048571974039078
0.7127729654312134
0.5262118577957153
0.7308116555213928
0.20979446172714233
0.6467309594154358
0.8621441125869751
0.07671128213405609
0.9856902360916138
0.7442449331283569
0.4459724724292755
0.5269421935081482
0.7672898769378662
0.3384785056114197
0.14066217839717865
0.22634205222129822
0.08620315045118332
0.9075921773910522
0.5590838193893433
0.478788822889328
0.9000781178474426
0.4881078898906708
0.5690250396728516
0.3008166551589966
0.20425044000148773
0.8825697898864746
0.8509211540222168
0.24462179839611053
0.5949715375900269
0.5023998022079468
0.7781833410263062
0.9691470861434937
0.6331198215484619
0.4449188709259033
0.21281559765338898
0.887898862361908
0.23755036294460297
0.044487107545137405
0.06632144004106522
0.9708373546600342
0.46681153774261475
0.15188555419445038
0.2139202207326889
0.5421966314315796
0.9455386400222778
0.0632450059056282
0.1907079517841339
0.015465074218809605
0.45022451877593994
0.0691525787115097
0.33183547854423523
0.598675012588501
0.4328186511993408
0.18811626732349396
0.026839381083846092
0.4997645914554596
0.7206957936286926
0.891630232334137
0.9078627824783325
0.5737723708152771
0.03775355964899063
0.16134129464626312
0.30974143743515015
0.7591170072555542
0.39546436071395874
0.5556661486625671
0.23722678422927856
0.01931958831846714
0.26999977231025696
0.45374244451522827
0.9564990997314453
0.29411107301712036
0.32376524806022644
0.8281426429748535
0.9989610314369202
0.0285550095140934
0.8556164503097534
0.8917477130889893
0.8532733917236328
0.925150454044342
0.09398437291383743
0.40372616052627563
0.6692517399787903
0.8430124521255493
0.7401895523071289
0.629547655582428
0.18255385756492615
0.17381225526332855
0.43519899249076843
0.33937326073646545
0.06677304953336716
0.43129321932792664
0.48983973264694214
0.032422471791505814
0.5329349637031555
0.7212571501731873
0.6930790543556213
0.9538934230804443
0.19669440388679504
0.23212647438049316
0.2619285583496094
0.33599016070365906
0.0853196531534195
0.593397855758667
0.6316980719566345
0.9613302946090698
0.3010139465332031
0.2544238269329071
0.2712933123111725
0.3764055371284485
0.8547317385673523
0.6434066295623779
0.30929815769195557
0.34110546112060547
0.18124082684516907
0.7300682663917542
0.4335397481918335
0.9759371876716614
0.5580318570137024
0.23162509500980377
0.4795665740966797
0.6150858402252197
0.8376070261001587
0.5412883162498474
0.9276052713394165
0.8343819379806519
0.2615368664264679
0.8791162967681885
0.2677125930786133
0.9670087695121765
0.16199475526809692
0.2745799720287323
0.9726158976554871
0.8678723573684692
0.7453744411468506
0.8506116271018982
0.7474278211593628
0.3326559364795685
0.9216698408126831
0.9794093370437622
0.5661593675613403
0.5252008438110352
0.16022330522537231
0.16183896362781525
0.0966431125998497
0.5004546642303467
0.2219042330980301
0.6089252233505249
0.9505162239074707
0.16571766138076782
0.3793613612651825
0.5442008972167969
0.9730654358863831
0.19234050810337067
0.6776904463768005
0.22570137679576874
0.6244755387306213
0.9111469984054565
0.42211201786994934
0.2010209560394287
0.741220235824585
0.3299644887447357
0.047616444528102875
0.01568148098886013
0.9326865673065186
0.17935186624526978
0.837587296962738
0.6674339771270752
0.16215169429779053
0.07373229414224625
0.8202140927314758
0.34439390897750854
0.6484643220901489
0.3171605169773102
0.923740804195404
0.3099537491798401
0.8635493516921997
0.080128513276577
0.4770732820034027
0.3989812731742859
0.015979235991835594
0.7780942916870117
0.7077428102493286
0.34487539529800415
0.19462628662586212
0.18618406355381012
0.3874390423297882
0.26111504435539246
0.6354315280914307
0.32048746943473816
0.8572702407836914
0.6828756928443909
0.2801571786403656
0.18677975237369537
0.5786800980567932
0.045241136103868484
0.2747774124145508
0.08171138167381287
0.9360365271568298
0.4832523465156555
0.7680665254592896
0.7000566720962524
0.07031602412462234
0.6840249300003052
0.23814640939235687
0.4392665922641754
0.09082687646150589
0.06801784038543701
0.32501310110092163
0.15547199547290802
0.14907145500183105
0.5564648509025574
0.5053935647010803
0.08331549167633057
0.5023630261421204
0.9615438580513
0.49161985516548157
0.11491969227790833
0.19389282166957855
0.22663362324237823
0.7458656430244446
0.7726446986198425
0.15543632209300995
0.7363803386688232
0.1462986320257187
0.8661764860153198
0.17914414405822754
0.42739996314048767
0.9216403961181641
0.1737184226512909
0.6273310780525208
0.5477408170700073
0.10557976365089417
0.968125581741333
0.07602722942829132
0.539760410785675
0.6477630734443665
0.11055336892604828
0.90194171667099
0.33614295721054077
0.28052258491516113
0.3834514319896698
0.9792721271514893
0.5374549627304077
0.49897056818008423
0.15760132670402527
0.8033524751663208
0.2250678837299347
0.26517799496650696
0.6219639182090759
0.598054826259613
0.5326648354530334
0.05441803112626076
0.444720596075058
0.03013714961707592
0.811347246170044
0.9174831509590149
0.4673154652118683
0.1687939614057541
0.9284440279006958
0.5367978811264038
0.673403799533844
0.09367678314447403
0.30518922209739685
0.8263688683509827
0.7169290781021118
0.5009797811508179
0.6358287930488586
0.9376454949378967
0.35335543751716614
0.6616185903549194
0.2075454443693161
0.456165075302124
0.6611589789390564
0.6489657759666443
0.6347646117210388
0.05116656422615051
0.6931647062301636
0.6118860840797424
0.43003028631210327
0.030161092057824135
0.38099831342697144
0.6108332276344299
0.8943984508514404
0.9688102006912231
0.22952032089233398
0.6213192343711853
0.528153121471405
0.8527910709381104
0.1982036679983139
0.6328703165054321
0.7569442391395569
0.9605773091316223
0.7605879306793213
0.765622079372406
0.920164942741394
0.6263934969902039
0.3936794102191925
0.7579890489578247
0.9802698493003845
0.49529218673706055
0.6614697575569153
0.0882534384727478
0.510858416557312
0.46966931223869324
0.8679636120796204
0.10009106993675232
0.4055754542350769
0.6468366980552673
0.5911873579025269
0.40478435158729553
0.33796361088752747
0.9341826438903809
0.6891766786575317
0.938576877117157
0.7123498916625977
0.30223238468170166
0.05784159153699875
0.638545572757721
0.7569286227226257
0.9758605360984802
0.18852531909942627
0.7266990542411804
0.8376750946044922
0.30266785621643066
0.060390736907720566
0.2528938949108124
0.9439960718154907
0.4898340106010437
0.45021963119506836
0.2976490557193756
0.23572269082069397
0.8021303415298462
0.6196833252906799
0.5525844693183899
0.34298059344291687
0.07341491430997849
0.7464426755905151
0.9038363099098206
0.24787110090255737
0.9278612732887268
0.6738263368606567
0.3349432051181793
0.3172228932380676
0.11639448255300522
0.012289459817111492
0.6549394726753235
0.11481097340583801
0.9680195450782776
0.07286620885133743
0.7573734521865845
0.9508576393127441
0.7601991295814514
0.7801225185394287
0.23096752166748047
0.040178801864385605
0.687113881111145
0.30366817116737366
0.6340534090995789
0.5413227677345276
0.20424814522266388
0.5429796576499939
0.18724796175956726
0.2296956330537796
0.20354998111724854
0.43895307183265686
0.5747905969619751
0.39238229393959045
0.1091865599155426
0.35727623105049133
0.4069933295249939
0.2599116265773773
0.8754141330718994
0.07919668406248093
0.39893585443496704
0.33424434065818787
0.7573255896568298
0.6946211457252502
0.2941683530807495
0.39707425236701965
0.541317343711853
0.326603502035141
0.8573711514472961
0.03874828293919563
0.9244340062141418
0.8040076494216919
0.25705990195274353
0.7284799218177795
0.9095444679260254
0.32995879650115967
0.456402987241745
0.9703842997550964
0.38286149501800537
0.6652477383613586
0.66883385181427
0.5044556260108948
0.9626895189285278
0.7128143906593323
0.48067212104797363
0.8288174271583557
0.9990931153297424
0.5695112943649292
0.7368972897529602
0.6311919093132019
0.4271757900714874
0.057686012238264084
0.4499579668045044
0.41689810156822205
0.6069345474243164
0.07932829111814499
0.4013229310512543
0.2153337001800537
0.019441569223999977
0.26635122299194336
0.1197676956653595
0.9119946360588074
0.79362952709198
0.12592759728431702
0.4553801417350769
0.01465964037925005
0.05743725597858429
0.24941380321979523
0.4688871502876282
0.9155744910240173
0.797326922416687
0.19966807961463928
0.015419329516589642
0.23160888254642487
0.18629923462867737
0.8687566518783569
0.13520361483097076
0.43439802527427673
0.11313765496015549
0.0741116926074028
0.774523138999939
0.7038307785987854
0.6755794882774353
0.7988578677177429
0.9572878479957581
0.2759029269218445
0.012773429043591022
0.06626341491937637
0.843755841255188
0.5768237113952637
0.9351992607116699
0.5847671031951904
0.7337496876716614
0.4099726676940918
0.17646852135658264
0.7622101902961731
0.21144792437553406
0.908887505531311
0.5784102082252502
0.5247552990913391
0.9565783143043518
0.9422500133514404
0.8555589914321899
0.41696709394454956
0.4772211015224457
0.5843130946159363
0.8377643823623657
0.47311171889305115
0.26403290033340454
0.25057268142700195
0.01685282588005066
0.4526609778404236
0.011773896403610706
0.11126846075057983
0.6979426741600037
0.9276511073112488
0.052415505051612854
0.15112318098545074
0.7303865551948547
0.8539938926696777
0.028767986223101616
0.5792864561080933
0.8610522747039795
0.49614590406417847
0.6417228579521179
0.14821641147136688
0.3926604092121124
0.8926619291305542
0.3189251720905304
0.9366649389266968
0.004100837279111147
0.3798636496067047
0.02488182857632637
0.432685524225235
0.46279069781303406
0.42793652415275574
0.017371095716953278
0.811911404132843
0.6501585245132446
0.777370810508728
0.8195583820343018
0.8461395502090454
0.42240747809410095
0.33491140604019165
0.34777164459228516
0.2611178159713745
0.08413673937320709
0.2879922389984131
0.5771974921226501
0.1578730195760727
0.49366164207458496
0.25098639726638794
0.38560950756073
0.8711069226264954
0.7869725227355957
0.7063129544258118
0.3185962438583374
0.4762207269668579
0.5882238149642944
0.08610102534294128
0.2669927775859833
0.47807782888412476
0.27398931980133057
0.7281548380851746
0.4098576307296753
0.2718329429626465
0.9737828969955444
0.7470570802688599
0.2699083089828491
0.9335851669311523
0.540296196937561
0.40148913860321045
0.0908670574426651
0.8884329199790955
0.7879236340522766
0.3607749938964844
0.27060502767562866
0.45770180225372314
0.98673015832901
0.6189098954200745
0.05365249514579773
0.823474645614624
0.16887350380420685
0.16118364036083221
0.4671928882598877
0.9125656485557556
0.16481783986091614
0.7548608779907227
0.05416715517640114
0.9277846217155457
0.6514406800270081
0.21695974469184875
0.7238323092460632
0.6820002198219299
0.9472312927246094
0.8567982912063599
0.5801115036010742
0.8536533117294312
0.7598334550857544
0.5318759083747864
0.894777238368988
0.40280184149742126
0.8636454343795776
0.11014585942029953
0.37614840269088745
0.11321163177490234
0.27274078130722046
0.05707893893122673
0.9106435775756836
0.5663854479789734
0.5019840598106384
0.5793359875679016
0.2573004364967346
0.1007380411028862
0.5595551133155823
0.6022278070449829
0.7235692143440247
0.655876636505127
0.48131105303764343
0.6591529846191406
0.37201082706451416
0.2746121883392334
0.0894741341471672
0.7621778249740601
0.49497076869010925
0.5699567794799805
0.5654314160346985
0.6316300630569458
0.46617206931114197
0.00039707968244329095
0.7497962117195129
0.9746847152709961
0.810283899307251
0.8842726945877075
0.07358835637569427
0.9415794610977173
0.1403505802154541
0.9224025011062622
0.2648719549179077
0.08461631834506989
0.9788855314254761
0.3598528206348419
0.7884278297424316
0.6306762099266052
0.30015236139297485
0.10768995434045792
0.6951852440834045
0.7734659314155579
0.8631558418273926
0.03704799711704254
0.6467878222465515
0.5603981614112854
0.21473808586597443
0.5346126556396484
0.5774153470993042
0.8496981263160706
0.2918991446495056
0.726608157157898
0.10854382067918777
0.011041909456253052
0.14758870005607605
0.9266373515129089
0.9233399033546448
0.4105526804924011
0.21819964051246643
0.9207573533058167
0.9636843800544739
0.2658189833164215
0.4062742292881012
0.43831929564476013
0.20454540848731995
0.5595719218254089
0.9816186428070068
0.4537556767463684
0.9091205596923828
0.8373809456825256
0.6825743317604065
0.582333505153656
0.002157290931791067
0.9182724952697754
0.512056291103363
0.5905875563621521
0.8177744150161743
0.31845739483833313
0.4390580952167511
0.790263295173645
0.9324615597724915
0.0376819372177124
0.7074205875396729
0.27711570262908936
0.2207574099302292
0.18901416659355164
0.8351590633392334
0.4918521046638489
0.00652740802615881
0.8202815651893616
0.029698308557271957
0.6354906558990479
0.8133155107498169
0.493590772151947
0.2614262104034424
0.4797750413417816
0.8207020163536072
0.7098221182823181
0.5499827861785889
0.7688410878181458
0.8667852282524109
0.8177618980407715
0.9127224087715149
0.5618851184844971
0.6831648349761963
0.7718360424041748
0.6300649046897888
0.3740953803062439
0.43268153071403503
0.5325855016708374
0.5087224841117859
0.5656002163887024
0.6564998626708984
0.32417234778404236
0.34000781178474426
0.7778262495994568
0.9356228113174438
0.7206721901893616
0.4002510607242584
0.4919750392436981
0.8092549443244934
0.5467385053634644
0.011272862553596497
0.05296437814831734
0.7773107886314392
0.8820736408233643
0.11019227653741837
0.8652315139770508
0.9643962383270264
0.7532984614372253
0.29691460728645325
0.082703597843647
0.936535120010376
0.3318404257297516
0.7247036099433899
0.38317880034446716
0.06470438838005066
0.202041357755661
0.1666276603937149
0.9977397322654724
0.20697908103466034
0.4874878227710724
0.2714290916919708
0.508359968662262
0.6730725765228271
0.3321082890033722
0.3416992723941803
0.09445438534021378
0.5157276391983032
0.22980229556560516
0.5375045537948608
0.873805046081543
0.680219829082489
0.9299821257591248
0.6513673067092896
0.39587461948394775
0.45751261711120605
0.2426934540271759
0.9083147644996643
0.856350302696228
0.3437386453151703
0.826332151889801
0.1720011979341507
0.7939118146896362
0.04931465908885002
0.7791818380355835
0.7245509624481201
0.07765204459428787
0.6783088445663452
0.1654965728521347
0.6803176403045654
0.686420202255249
0.36371493339538574
0.4508858025074005
0.35073646903038025
0.7478665113449097
0.36683955788612366
0.8913112878799438
0.6445406675338745
0.16675889492034912
0.6367144584655762
0.445812851190567
0.5045154094696045
0.36732012033462524
0.7909044027328491
0.9942328929901123
0.1408427208662033
0.8518178462982178
0.44596776366233826
0.8160592317581177
0.3863059878349304
0.6984325051307678
0.02978350594639778
0.28334662318229675
0.045523133128881454
0.9938725233078003
0.6619455814361572
0.6685376763343811
0.22759318351745605
0.17754347622394562
0.47318461537361145
0.735467791557312
0.8864452838897705
0.9389597773551941
0.007615651469677687
0.17108015716075897
0.3802187442779541
0.22367799282073975
0.45377665758132935
0.6553296446800232
0.7960885763168335
0.2835827171802521
0.748120903968811
0.31184670329093933
0.5451826453208923
0.9028267860412598
0.505801260471344
0.2155744433403015
0.23048847913742065
0.8815361857414246
0.988921582698822
0.2031489610671997
0.4555310606956482
0.6504214406013489
0.7847567796707153
0.09733178466558456
0.2921603322029114
0.7804464101791382
0.9437558650970459
0.7800325751304626
0.33664122223854065
0.19890737533569336
0.03527696430683136
0.011034391820430756
0.10479748994112015
0.6261680126190186
0.5383291840553284
0.6497644782066345
0.01298412587493658
0.939224123954773
0.08523081988096237
0.10127291828393936
0.7136606574058533
0.3434895873069763
0.6766787171363831
0.5218951106071472
0.022126637399196625
0.9911826848983765
0.9796707630157471
0.18252886831760406
0.9399897456169128
0.27176254987716675
0.43896016478538513
0.6750233173370361
0.3836219906806946
0.48968496918678284
0.7326505184173584
0.7533270120620728
0.008438317105174065
0.6119885444641113
0.32678741216659546
0.417047917842865
0.8884672522544861
0.866367518901825
0.3363982141017914
0.37826746702194214
0.863267719745636
0.9999545812606812
0.7938916683197021
0.7096350193023682
0.15091805160045624
0.24423271417617798
0.9936265349388123
0.20287081599235535
0.1873202621936798
0.7065277695655823
0.48550546169281006
0.3133541941642761
0.19718898832798004
0.4243343770503998
0.18118762969970703
0.2166907787322998
0.4753270149230957
0.3084070682525635
0.3897477984428406
0.8096700310707092
0.47413745522499084
0.1056896522641182
0.6436606049537659
0.7771987915039062
0.8858340978622437
0.6250603795051575
0.7502372860908508
0.7041120529174805
0.1536472588777542
0.08806701004505157
0.28034770488739014
0.07433547079563141
0.8189889192581177
0.12749171257019043
0.4584314227104187
0.8308032751083374
0.9659200310707092
0.5395008325576782
0.8399622440338135
0.8444814085960388
0.8874244093894958
0.8337963819503784
0.25277525186538696
0.816962480545044
0.8652440905570984
0.5228250026702881
0.2668963074684143
0.3380032777786255
0.6611660718917847
0.10313668102025986
0.4968794882297516
0.21044792234897614
0.22933590412139893
0.26604709029197693
0.06036994233727455
0.7012685537338257
0.3620336353778839
0.5677861571311951
0.6600969433784485
0.6181146502494812
0.9419259428977966
0.523530125617981
0.8536596298217773
0.8947173953056335
0.5921133160591125
0.3307628929615021
0.5693984627723694
0.47791245579719543
0.4647446870803833
0.8891948461532593
0.48519423604011536
0.8576224446296692
0.19241969287395477
0.8952149152755737
0.8963041305541992
0.970537543296814
0.6983934640884399
0.0815172791481018
0.5225173830986023
0.3765715956687927
0.7703755497932434
0.12542076408863068
0.21129393577575684
0.4943309724330902
0.14782142639160156
0.1282515823841095
0.053243789821863174
0.35642147064208984
0.9983282089233398
0.25937870144844055
0.14403493702411652
0.8077787756919861
0.46393218636512756
0.9073957204818726
0.35336339473724365
0.31187888979911804
0.45670101046562195
0.7395854592323303
0.7282717823982239
0.46960681676864624
0.5963790416717529
0.020019086077809334
0.22767873108386993
0.4160221219062805
0.9820563793182373
0.883580207824707
0.998056173324585
0.5390190482139587
0.7924081683158875
0.9758833050727844
0.7648510336875916
0.9387233257293701
0.5052723288536072
0.11580107361078262
0.9134442806243896
0.2979278862476349
0.6501389741897583
0.7133638262748718
0.7175918817520142
0.3296692371368408
0.5277157425880432
0.5858908295631409
0.8185231685638428
0.8060145974159241
0.2940853536128998
0.7700055241584778
0.7743907570838928
0.03140720725059509
0.7582472562789917
0.31333959102630615
0.02923600748181343
0.9004444479942322
0.8143253326416016
0.2346455454826355
0.2806633412837982
0.7600202560424805
0.9484753608703613
0.36102551221847534
0.8240413069725037
0.2705450654029846
0.13264566659927368
0.06650145351886749
0.5201807618141174
0.08884601294994354
0.28757455945014954
0.7679118514060974
0.15298476815223694
0.7262469530105591
0.981663703918457
0.6852627992630005
0.632611095905304
0.8824841380119324
0.7125367522239685
0.2739262282848358
0.1413847804069519
0.12883880734443665
0.9741607904434204
0.2867511808872223
0.4293297827243805
0.8474082946777344
0.6914603114128113
0.9152932167053223
0.8818085789680481
0.12028263509273529
0.16424016654491425
0.9275816679000854
0.92399001121521
0.3188437223434448
0.5410196185112
0.046953365206718445
0.2709929645061493
0.7325125336647034
0.005242884159088135
0.45927610993385315
0.09388338029384613
0.9675636291503906
0.503460168838501
0.7295337319374084
0.7265235185623169
0.0735345333814621
0.5299506187438965
0.8058925271034241
0.13137981295585632
0.6875240206718445
0.1640566885471344
0.8435733318328857
0.7504938244819641
0.07348239421844482
0.8749100565910339
0.9332588911056519
0.28846657276153564
0.42062193155288696
0.5540211200714111
0.31990358233451843
0.6081402897834778
0.9182743430137634
0.829050600528717
0.6341480612754822
0.11087454110383987
0.7298098206520081
0.10911828279495239
0.867245078086853
0.5044093132019043
0.27421513199806213
0.23278114199638367
0.6383299827575684
0.02092256024479866
0.42142465710639954
0.6759836673736572
0.5707175731658936
0.10946067422628403
0.7670275568962097
0.3719290792942047
0.7319390773773193
0.6194203495979309
0.155360609292984
0.6808049082756042
0.843168318271637
0.2351655662059784
0.6139546632766724
0.6349805593490601
0.5545904636383057
0.17086482048034668
0.1020776778459549
0.3978438377380371
0.9620621204376221
0.6669851541519165
0.11890460550785065
0.07017412781715393
0.30258405208587646
0.024905981495976448
0.25000545382499695
0.112017422914505
0.6609315872192383
0.5105857253074646
0.392257422208786
0.6751595735549927
0.6573929786682129
0.3981190621852875
0.9372730851173401
0.940967321395874
0.41601666808128357
0.3086355924606323
0.19020406901836395
0.9232930541038513
0.14354461431503296
0.9320091605186462
0.013294748030602932
0.39063477516174316
0.24886003136634827
0.7665411233901978
0.47821754217147827
0.11607933044433594
0.8581358194351196
0.6117529273033142
0.27781912684440613
0.2934319078922272
0.2543002963066101
0.05729185789823532
0.45714935660362244
0.9458135962486267
0.29428327083587646
0.00863096583634615
0.3205001652240753
0.7727291584014893
0.9765763282775879
0.9198945164680481
0.41419076919555664
0.6737361550331116
0.8348851203918457
0.9395292401313782
0.04300029203295708
0.7008124589920044
0.655048131942749
0.43826794624328613
0.09449764341115952
0.8255521655082703
0.4570857286453247
0.2492358535528183
0.417293906211853
0.8955500721931458
0.1713549643754959
0.3902454376220703
0.09027236700057983
0.8794774413108826
0.19068406522274017
0.6516994833946228
0.667633593082428
0.3512801229953766
0.9636749625205994
0.36505722999572754
0.2869114279747009
0.45866715908050537
0.10927599668502808
0.560271680355072
0.928587794303894
0.8316892981529236
0.9187058806419373
0.3514197766780853
0.921431303024292
0.05193786323070526
0.44977492094039917
0.7839022278785706
0.6292001605033875
0.6737762689590454
0.959079921245575
0.4495653808116913
0.8857510089874268
0.7543688416481018
0.8935055732727051
0.38677483797073364
0.9535073637962341
0.8805141448974609
0.8058839440345764
0.7854450345039368
0.7963060140609741
0.9663033485412598
0.46278128027915955
0.7707121968269348
0.6492884755134583
0.711982786655426
0.8370046019554138
0.5996816158294678
0.6295308470726013
0.4585490822792053
0.519248902797699
0.40408262610435486
0.18739984929561615
0.046379454433918
0.3975723087787628
0.4814954698085785
0.9051518440246582
0.03571687266230583
0.32481563091278076
0.46383705735206604
0.8041865229606628
0.6499524712562561
0.7957568764686584
0.17592911422252655
0.3802991807460785
0.4549395442008972
0.3803704082965851
0.8391236066818237
0.23608022928237915
0.8252867460250854
0.7472221851348877
0.8961790800094604
0.005195925012230873
0.18374286592006683
0.5006147623062134
0.30008819699287415
0.26385748386383057
0.578892707824707
0.4010476768016815
0.6438467502593994
0.5129745602607727
0.1579795777797699
0.427063524723053
0.7928173542022705
0.400850385427475
0.8121610283851624
0.7218421697616577
0.2959549129009247
0.43787428736686707
0.9447718858718872
0.0396585613489151
0.8586575388908386
0.6154593825340271
0.6134486794471741
0.8748634457588196
0.581616997718811
0.5971499681472778
0.3612467050552368
0.4296046495437622
0.28018316626548767
0.7710992097854614
0.3066253662109375
0.5065627694129944
0.5789918303489685
0.36220791935920715
0.44764217734336853
0.284441739320755
0.4224110245704651
0.5997331738471985
0.579924464225769
0.6542319655418396
0.7706067562103271
0.8697429895401001
0.6570355296134949
0.06284363567829132
0.21855416893959045
0.0012060041772201657
0.043568775057792664
0.7572969198226929
0.6077917218208313
0.5174326300621033
0.6691951155662537
0.8281275629997253
0.9688666462898254
0.24016690254211426
0.040318433195352554
0.63287353515625
0.5570064783096313
0.40042585134506226
0.8129218220710754
0.9726547002792358
0.06309535354375839
0.18157245218753815
0.303053617477417
0.03639508783817291
0.6062072515487671
0.9183856248855591
0.38262873888015747
0.5041223764419556
0.23961234092712402
0.7280533909797668
0.08428216725587845
0.42829835414886475
0.6706247329711914
0.7352904081344604
0.46068739891052246
0.7170383334159851
0.18241329491138458
0.28619012236595154
0.5497282147407532
0.32708099484443665
0.032585252076387405
0.9639848470687866
0.8955321311950684
0.6328916549682617
0.6177420616149902
0.5095093846321106
0.6825499534606934
0.9656089544296265
0.09959294646978378
0.4294481873512268
0.9742867946624756
0.10868539661169052
0.6455305814743042
0.12275264412164688
0.08075906336307526
0.24859249591827393
0.6221457123756409
0.29629504680633545
0.5224783420562744
0.940690279006958
0.7757540345191956
0.3795427083969116
0.41753506660461426
0.7416455745697021
0.19990059733390808
0.3506808876991272
0.9760401248931885
0.42868486046791077
0.9781430959701538
0.3038508892059326
0.5315822958946228
0.684792160987854
0.014251564629375935
0.2623029351234436
0.019060874357819557
0.32897794246673584
0.5130333304405212
0.10215605795383453
0.231207937002182
0.5553300976753235
0.4006727337837219
0.7735782861709595
0.46833741664886475
0.04301486164331436
0.5021777749061584
0.4696405231952667
0.7900677919387817
0.06434651464223862
0.03763078153133392
0.512078046798706
0.1201680451631546
