512 2
0
333
460
1
205
275
2
234
340
3
263
458
4
54
317
5
264
307
6
194
334
7
166
378
8
105
449
9
304
354
10
424
448
11
325
337
6
12
365
13
38
424
14
49
463
15
206
486
16
173
214
17
52
162
18
29
437
19
22
38
20
361
458
18
21
318
22
41
109
23
24
172
24
41
468
25
100
107
26
72
133
27
380
393
28
259
425
29
249
300
30
105
132
31
44
320
32
38
415
33
493
501
34
472
504
35
153
432
15
36
412
37
282
391
38
256
267
39
245
269
40
335
401
41
333
336
42
392
472
43
85
322
44
124
371
45
177
408
33
46
52
47
89
169
48
209
350
49
125
471
50
153
503
51
353
396
52
381
464
53
362
501
54
372
501
19
55
126
56
433
477
57
361
404
58
144
433
59
70
407
60
362
430
10
61
349
35
62
478
63
293
313
39
64
139
65
265
377
66
184
189
67
444
506
68
291
376
14
69
197
70
254
510
71
97
181
23
72
279
73
91
220
48
74
114
75
297
421
76
100
367
77
89
110
78
200
509
79
126
480
19
80
446
63
81
114
63
74
82
83
300
463
84
331
502
85
333
431
49
86
406
87
306
392
88
279
345
89
181
354
90
418
473
91
157
204
92
442
482
93
162
351
94
140
388
95
111
502
96
152
289
43
97
468
98
142
193
99
228
294
100
156
347
101
112
331
80
102
169
99
103
155
104
133
238
62
105
212
25
76
106
11
107
425
78
108
483
77
109
267
110
125
443
111
217
477
112
205
506
113
354
451
96
105
114
52
115
230
19
116
507
17
117
314
96
118
436
103
119
376
120
171
339
54
121
508
122
345
434
123
162
426
124
133
445
83
125
244
59
86
126
119
127
294
128
131
347
17
129
371
16
130
228
131
391
452
74
132
391
133
247
279
134
304
345
135
215
429
26
136
307
70
120
137
138
323
435
65
139
207
140
224
269
45
102
141
110
130
142
24
143
327
144
237
376
4
145
433
146
334
391
139
147
226
71
148
461
149
243
307
150
180
398
43
151
383
82
83
152
149
153
412
2
154
228
155
206
328
79
156
473
93
157
435
158
225
379
0
159
376
37
160
225
4
144
161
159
162
279
163
370
508
164
387
489
165
241
321
166
188
378
142
167
332
168
225
283
45
169
446
145
170
398
128
171
379
172
173
403
173
310
364
94
167
174
91
152
175
176
251
461
177
284
361
113
178
312
179
191
412
4
102
180
171
181
269
182
184
468
12
183
259
184
322
482
0
129
185
153
186
214
187
196
300
23
188
385
4
189
200
144
190
293
190
191
394
192
242
457
80
193
288
23
194
415
195
241
328
59
143
196
197
377
478
198
323
402
64
199
426
200
309
424
158
201
384
108
202
217
14
149
203
76
204
266
34
205
397
206
232
343
207
243
497
100
157
208
32
209
281
136
148
210
211
251
303
212
341
418
40
78
213
134
214
481
123
150
215
129
216
396
119
213
217
29
218
364
39
127
219
220
222
509
221
365
407
26
180
222
223
342
507
45
224
346
200
225
325
105
226
425
199
227
507
131
164
228
171
229
495
130
230
468
73
231
298
19
232
418
125
233
281
234
248
404
11
144
235
48
236
440
134
237
464
30
135
238
91
239
402
240
375
490
100
241
358
242
246
481
243
346
356
123
244
336
245
247
373
246
253
340
66
219
247
204
248
329
62
249
299
206
250
335
210
251
372
38
220
252
253
273
486
217
254
381
255
333
363
67
125
256
104
148
257
171
258
304
259
468
491
35
174
260
261
443
502
226
262
290
53
240
263
264
329
492
78
265
283
69
259
266
138
267
272
48
158
268
206
269
474
196
270
481
38
151
271
3
272
376
273
275
281
210
274
388
81
246
275
198
276
278
161
277
327
44
278
288
176
267
279
280
291
388
111
118
281
282
283
299
22
200
283
201
284
407
47
285
327
286
288
305
258
287
359
277
288
334
84
201
289
177
266
290
169
291
463
89
196
292
87
166
293
294
428
453
48
122
295
296
445
455
82
169
297
193
298
450
77
120
299
159
300
362
118
301
456
302
363
445
125
303
422
194
304
454
305
408
472
214
234
306
184
307
446
229
235
308
166
309
415
310
400
484
21
311
383
135
255
312
113
313
435
297
314
481
315
365
485
310
316
338
165
317
355
318
344
461
195
319
433
34
320
422
54
255
321
117
244
322
323
406
474
197
324
473
260
325
511
95
109
326
270
273
327
223
328
469
251
329
497
330
409
502
22
50
331
0
215
332
174
333
357
201
334
339
13
335
484
102
153
336
266
337
504
172
338
502
0
308
339
28
288
340
22
53
341
114
342
472
94
343
357
11
262
344
234
326
345
71
346
411
29
216
347
20
348
418
0
155
349
11
223
350
351
477
493
317
352
492
2
5
353
53
130
354
353
355
392
232
356
412
222
357
441
116
195
358
359
368
511
96
309
360
262
361
450
247
362
394
197
286
363
73
364
495
139
365
499
366
393
397
84
108
367
218
368
413
16
369
480
296
370
450
82
321
371
51
107
372
27
373
409
267
374
444
224
323
375
201
376
458
319
372
377
32
306
378
68
90
379
116
368
380
3
381
413
114
277
382
285
288
383
198
384
439
359
385
396
35
267
386
222
286
387
201
218
388
140
179
389
120
164
390
222
275
391
271
338
392
49
393
436
35
192
394
42
317
395
201
235
396
237
240
397
3
42
398
83
399
466
103
349
400
110
255
401
56
402
480
291
403
473
14
404
473
48
405
478
189
237
406
102
260
407
297
313
408
380
397
409
79
126
410
85
402
411
135
184
412
243
413
469
30
414
458
147
337
415
114
416
484
317
394
417
194
271
418
66
419
507
34
222
420
347
421
451
91
281
422
16
87
423
127
359
424
180
221
425
219
426
456
133
383
427
31
428
435
170
429
437
211
229
430
314
431
495
223
432
492
16
433
495
317
359
434
19
75
435
165
436
472
356
365
437
218
350
438
73
381
439
56
159
440
24
380
441
40
430
442
190
443
449
231
374
444
350
445
479
239
420
446
62
149
447
298
345
448
244
449
453
116
122
450
147
295
451
246
418
452
332
344
453
202
454
457
388
418
455
12
456
501
159
369
457
207
353
458
298
459
473
143
460
480
123
329
461
298
318
462
13
165
463
135
407
464
21
91
465
103
288
466
205
467
508
328
468
494
292
442
469
309
370
470
210
321
471
72
188
472
21
460
473
36
405
474
158
391
475
204
290
476
86
232
477
50
209
478
455
479
492
343
450
480
192
205
481
34
254
482
234
401
483
278
438
484
206
422
485
437
464
486
329
440
487
373
479
488
13
247
489
286
413
490
302
491
498
15
340
492
229
300
493
77
309
494
293
439
495
77
146
496
18
226
497
187
478
498
47
273
499
62
329
500
421
451
501
9
89
502
100
477
503
25
117
504
233
269
505
269
288
506
262
456
507
313
425
508
76
441
509
188
428
510
313
365
511
0.7314487099647522
0.3582109212875366
0.04144509509205818
0.04854542389512062
0.300631046295166
0.4923868775367737
0.653016984462738
0.15197117626667023
0.723023533821106
0.8175694346427917
0.031195174902677536
0.21879641711711884
0.7478976249694824
0.5254606008529663
0.1092778816819191
0.8940902352333069
0.39379793405532837
0.33373939990997314
0.6337982416152954
0.27114051580429077
0.9647080302238464
0.28484398126602173
0.6693221926689148
0.11606455594301224
0.6964313387870789
0.1276392638683319
0.7887793183326721
0.2676398456096649
0.21124807000160217
0.6237866282463074
0.1059335321187973
0.941706657409668
0.3979650139808655
0.5158268213272095
0.3485814332962036
0.3605690002441406
0.3089980185031891
0.5680403113365173
0.28458118438720703
0.4943119287490845
0.437422513961792
0.06986940652132034
0.869182825088501
0.32214614748954773
0.3743371069431305
0.8366583585739136
0.2910152077674866
0.9326339364051819
0.4840060770511627
0.7397523522377014
0.17539340257644653
0.8369249701499939
0.3796645700931549
0.4464966952800751
0.9810937643051147
0.49492013454437256
0.6667190194129944
0.029760798439383507
0.9691600203514099
0.27398574352264404
0.7413811087608337
0.6169999837875366
0.31386885046958923
0.8227728009223938
0.9117802977561951
0.9143760800361633
0.7852852940559387
0.12204911559820175
0.8262869715690613
0.2837904393672943
0.19542296230793
0.7960325479507446
0.5328512787818909
0.18131157755851746
0.026759032160043716
0.29157495498657227
0.4736516773700714
0.10416938364505768
0.528464674949646
0.09488938748836517
0.7060263752937317
0.18991045653820038
0.6480799317359924
0.08697763830423355
0.8224044442176819
0.8474940657615662
0.9628773927688599
0.6068621277809143
0.7828072905540466
0.42990246415138245
0.510032057762146
0.6128893494606018
0.8155548572540283
0.7987765073776245
0.2606246769428253
0.851872444152832
0.6216906905174255
0.39837777614593506
0.5100332498550415
0.5440919995307922
0.9788307547569275
0.5446576476097107
0.608263373374939
0.4246206283569336
0.2170884609222412
0.015587068162858486
0.46205610036849976
0.7676952481269836
0.838719367980957
0.9079166054725647
0.7911677360534668
0.8074924945831299
0.1396619826555252
0.9669913649559021
0.23290684819221497
0.42121514678001404
0.8181940913200378
0.07311414927244186
0.037182100117206573
0.40936145186424255
0.5773730278015137
0.8002988696098328
0.9314808249473572
0.7380966544151306
0.8684577941894531
0.8830389976501465
0.07656726986169815
0.11587491631507874
0.5959855914115906
0.8531285524368286
0.626344621181488
0.5210086107254028
0.08792654424905777
0.796822726726532
0.16407117247581482
0.6422392725944519
0.45671042799949646
0.09002269804477692
0.7537596821784973
0.7354462146759033
0.5435721278190613
0.6186992526054382
0.5777209401130676
0.9972819089889526
0.009922463446855545
0.7301722764968872
0.07672256231307983
0.024504046887159348
0.24336205422878265
0.496866375207901
0.26469582319259644
0.5625495314598083
0.02679099515080452
0.8580224514007568
0.5631956458091736
0.16823899745941162
0.7099905610084534
0.8213174939155579
0.806745707988739
0.6242775917053223
0.7137563824653625
0.7695521712303162
0.2609682083129883
0.34591570496559143
0.2913370728492737
0.015403970144689083
0.5585270524024963
0.13619588315486908
0.09452447295188904
0.9667350649833679
0.5619440674781799
0.8160694241523743
0.7484385371208191
0.285938024520874
0.8740729093551636
0.5248407125473022
0.01918840780854225
0.9443143010139465
0.5374947786331177
0.9113889336585999
0.8127688765525818
0.8744801878929138
0.45675280690193176
0.564933180809021
0.020903166383504868
0.39498448371887207
0.8835684657096863
0.2202816903591156
0.6559532284736633
0.6009109616279602
0.6846807599067688
0.6977226734161377
0.10503753274679184
0.8934627175331116
0.13241466879844666
0.4355440139770508
0.1881282925605774
0.03661792352795601
0.2553052008152008
0.9272271394729614
0.7996395826339722
0.40036940574645996
0.39645060896873474
0.37428128719329834
0.8453668355941772
0.7117757201194763
0.014156632125377655
0.4082065522670746
0.92840975522995
0.483817458152771
0.8323888778686523
0.4140436053276062
0.6577185392379761
0.7946096062660217
0.5081717371940613
0.27994054555892944
0.5574771165847778
0.8228793740272522
0.1301615834236145
0.7049516439437866
0.7580175399780273
0.9403641223907471
0.14937080442905426
0.6869101524353027
0.6850776672363281
0.09134001284837723
0.14635786414146423
0.16954439878463745
0.8142110109329224
0.685529351234436
0.7268691658973694
0.13939671218395233
0.7877594232559204
0.1219557523727417
0.5852088332176208
0.051334526389837265
0.6307743787765503
0.7740195393562317
0.11861885339021683
0.10395795851945877
0.6414511799812317
0.1911260485649109
0.8303275108337402
0.7739650011062622
0.45112672448158264
0.14477276802062988
0.740830659866333
0.10132884234189987
0.7170729041099548
0.628377377986908
0.22442783415317535
0.45698651671409607
0.047274135053157806
0.6482184529304504
0.7944931983947754
0.1498468518257141
0.05990428850054741
0.14551474153995514
0.9065043330192566
0.8645864725112915
0.8887901306152344
0.03340475633740425
0.2546996772289276
0.8259004354476929
0.3392897844314575
0.07300570607185364
0.477860689163208
0.013498441316187382
0.6489672660827637
0.2846865653991699
0.0529060922563076
0.9627024531364441
0.8402740359306335
0.4015699326992035
0.3624739348888397
0.49999678134918213
0.43454501032829285
0.9154642224311829
0.511279284954071
0.8314238786697388
0.2732272446155548
0.5587466359138489
0.9029154777526855
0.33389437198638916
0.7219719290733337
0.9342790246009827
0.3983761668205261
0.7411683201789856
0.9898240566253662
0.4187939167022705
0.46406105160713196
0.2845681309700012
0.9063209295272827
0.4898523986339569
0.8922947645187378
0.5054681301116943
0.3741728365421295
0.9407261610031128
0.32709434628486633
0.3540738821029663
0.9093355536460876
0.010775074362754822
0.7213180065155029
0.5297151803970337
0.031382810324430466
0.1485544890165329
0.6103242635726929
0.3474835753440857
0.4290548861026764
0.656794548034668
0.5013782382011414
0.284351646900177
0.41515326499938965
0.5468727350234985
0.24996694922447205
0.6302948594093323
0.5001176595687866
0.14168940484523773
0.43047022819519043
0.3041231632232666
0.5877570509910583
0.14068178832530975
0.12458299845457077
0.9603360891342163
0.06674423068761826
0.011335929855704308
0.10206185281276703
0.4596615731716156
0.0007816013530828059
0.49890634417533875
0.4990820586681366
0.39338362216949463
0.44925013184547424
0.737051784992218
0.6245637536048889
0.589940071105957
0.26381033658981323
0.2735024392604828
0.6335659027099609
0.5532200932502747
0.32204678654670715
0.4978574514389038
0.495650053024292
0.33227279782295227
0.25123119354248047
0.004906258545815945
0.03333393111824989
0.7788184881210327
0.004946911707520485
0.8468661904335022
0.9201974272727966
0.08768313378095627
0.6454694271087646
0.8525002002716064
0.38844648003578186
0.9909061193466187
0.8947740793228149
0.5108726024627686
0.2691710591316223
0.8236703276634216
0.6943322420120239
0.5185378789901733
0.41659677028656006
0.5162719488143921
0.6800267100334167
0.39553898572921753
0.13157428801059723
0.5248646140098572
0.9841340184211731
0.2608148455619812
0.6538922190666199
0.024062689393758774
0.13948774337768555
0.6072131991386414
0.8761041164398193
0.9190492033958435
0.1996086686849594
0.23929253220558167
0.03927385434508324
0.9603238701820374
0.4416816830635071
0.12946893274784088
0.6527467966079712
0.35723569989204407
0.13188421726226807
0.6688351035118103
0.5971480011940002
0.8699431419372559
0.9032678008079529
0.21371957659721375
0.6424251794815063
0.4567590057849884
0.8250364065170288
0.06514063477516174
0.8366976976394653
0.37917250394821167
0.7129896879196167
0.1540089100599289
0.19591422379016876
0.9671644568443298
0.016787905246019363
0.015070443041622639
0.3604688048362732
0.7512714862823486
0.4172127842903137
0.2416764795780182
0.9062434434890747
0.7594268918037415
0.8065974712371826
0.7064015865325928
0.6506291031837463
0.6537308096885681
0.34927040338516235
0.19513045251369476
0.49479183554649353
0.8407197594642639
0.3441382646560669
0.7588553428649902
0.016631705686450005
0.3385658264160156
0.7604793906211853
0.8517237901687622
0.7691075205802917
0.32309308648109436
0.15749861299991608
0.011015888303518295
0.1988162100315094
0.44748997688293457
0.44348862767219543
0.9070017337799072
0.9090633392333984
0.7352771759033203
0.23601870238780975
0.05301091447472572
0.380220502614975
0.2693060338497162
0.7469068765640259
0.36729201674461365
0.00725412555038929
0.4198453724384308
0.09848923236131668
0.12994122505187988
0.44436031579971313
0.2303186058998108
0.4328837990760803
0.49210324883461
0.5320357084274292
0.9336300492286682
0.29839882254600525
0.39697152376174927
0.43440958857536316
0.4405760169029236
0.0938308835029602
0.5926936268806458
0.5918319225311279
0.017764536663889885
0.4383346438407898
0.16584894061088562
0.07229088991880417
0.4360556900501251
0.18113483488559723
0.6917897462844849
0.5849348902702332
0.9909531474113464
0.26800957322120667
0.26274576783180237
0.07313571870326996
0.687633216381073
0.7726510167121887
0.5928689241409302
0.5826663374900818
0.6561239957809448
0.1578497737646103
0.02970282919704914
0.46336010098457336
0.7520924210548401
0.06783272325992584
0.6570451259613037
0.5715548992156982
0.09108255803585052
0.8216585516929626
0.6920689344406128
0.09405119717121124
0.11567439138889313
0.8159255981445312
0.31425103545188904
0.5704660415649414
0.4279966652393341
0.34643158316612244
0.4434722661972046
0.030755072832107544
0.7515780329704285
0.21765656769275665
0.4815187156200409
0.08476923406124115
0.3775426745414734
0.8746905326843262
0.6267032623291016
0.5042775273323059
0.9466995596885681
0.5549901127815247
0.07321906834840775
0.9293146729469299
0.2214006781578064
0.123489148914814
0.504910409450531
0.9016117453575134
0.7680986523628235
0.9151041507720947
0.10613185167312622
0.805326521396637
0.2087688148021698
0.6383820176124573
0.6614287495613098
0.8346819877624512
0.8951088190078735
0.5381833910942078
0.17491038143634796
0.5310723185539246
0.25451064109802246
0.8341609239578247
0.20741339027881622
0.14582252502441406
0.8313572406768799
0.5172356963157654
0.8709869980812073
0.02174917422235012
0.529901921749115
0.0847085490822792
0.4341980516910553
0.8913692831993103
0.8307529091835022
0.5373197793960571
0.4557638466358185
0.4237957298755646
0.15761218965053558
0.3150706887245178
0.11341773718595505
0.22891618311405182
0.42724835872650146
0.7516844272613525
0.9834741950035095
0.7292341589927673
0.6331725716590881
0.48422056436538696
0.9260939359664917
0.6831375360488892
0.5217276215553284
0.3304349482059479
0.9962270855903625
0.056319206953048706
0.8342075943946838
0.22499804198741913
0.3989379107952118
0.8790726661682129
0.9797717928886414
0.0029983161948621273
0.015857869759202003
0.4624246656894684
0.8569672107696533
0.20680274069309235
0.7820443511009216
0.7884882688522339
0.5290190577507019
0.42241916060447693
0.46844011545181274
0.21212756633758545
0.04840390011668205
0.011637409217655659
0.4862344563007355
0.01240481249988079
0.7150842547416687
0.3857773542404175
0.6664677858352661
0.4160684645175934
0.41412481665611267
0.48315370082855225
0.4022008180618286
0.04859139025211334
0.8975471258163452
0.7529231905937195
0.8864169716835022
0.3700418770313263
0.11931100487709045
0.7842684984207153
0.62812340259552
0.8331784009933472
0.8534365296363831
0.9308894276618958
0.4460446536540985
0.6435858607292175
0.5425153374671936
0.6468629240989685
0.72667396068573
0.7759143710136414
0.05027664825320244
0.9777469038963318
0.19875258207321167
0.9569286704063416
0.9827495217323303
0.19651435315608978
0.15573473274707794
0.19256742298603058
0.1630999594926834
0.12242721766233444
0.3546779453754425
0.9512495994567871
0.03039795346558094
0.2109912633895874
0.5805612802505493
0.5758140087127686
0.24653612077236176
0.6208112835884094
0.7268696427345276
0.8157688975334167
0.275660902261734
0.7985506653785706
0.989334762096405
0.7308530807495117
0.4690089225769043
0.033964481204748154
0.16340632736682892
0.9739121198654175
0.045603033155202866
0.5580804347991943
0.4548768103122711
0.3018808364868164
0.46264469623565674
0.34040361642837524
0.3649255931377411
0.8881198167800903
0.8601549863815308
0.11499960720539093
0.3125936686992645
0.02322204038500786
0.36575770378112793
0.5847412347793579
0.41033923625946045
0.23039644956588745
0.12454330176115036
0.4947158098220825
0.7039806842803955
0.013813084922730923
0.6336674094200134
0.2604526877403259
0.841816246509552
0.05128701776266098
0.2062956541776657
0.5933894515037537
0.5684353709220886
0.02077466808259487
0.09404294937849045
0.21480967104434967
0.5450584292411804
0.22444702684879303
0.7335510849952698
0.846457839012146
0.6244218349456787
0.9568398594856262
0.8826767206192017
0.40650391578674316
0.6121689677238464
0.017934050410985947
0.5319375991821289
0.7871728539466858
0.8292032480239868
0.526268482208252
0.2530704140663147
0.043287552893161774
0.38933637738227844
0.09360884130001068
0.7404080033302307
0.08168744295835495
0.9843230843544006
0.8158321380615234
0.05807628110051155
0.902764618396759
0.4106730818748474
0.11832337826490402
0.7683993577957153
0.7613525390625
0.7412563562393188
0.01542117353528738
0.7061999440193176
0.4971189498901367
0.8225032687187195
0.9272467494010925
0.8095694780349731
0.34707823395729065
0.6839007139205933
0.8714767098426819
0.22439728677272797
0.7621651291847229
0.4867705702781677
0.9202548861503601
0.9943135380744934
0.26384058594703674
0.09082765132188797
0.7805511951446533
0.7995940446853638
0.33111393451690674
0.8542418479919434
0.8881369233131409
0.6543784737586975
0.4886661469936371
0.3161161541938782
0.04649301618337631
0.7494528889656067
0.0024579325690865517
0.8206045627593994
0.9804353713989258
0.30497515201568604
0.5877322554588318
0.2244376838207245
0.8842685222625732
0.4394288659095764
0.04507125914096832
0.31689581274986267
0.08968017995357513
0.5389361381530762
0.225020170211792
0.8445332050323486
0.5646607875823975
0.41690152883529663
0.8436127305030823
0.6808215975761414
0.7383625507354736
0.29217836260795593
0.09130890667438507
0.2031671106815338
0.4296455383300781
0.7941814064979553
0.4448518455028534
0.712867796421051
0.2696240544319153
0.6707685589790344
0.9115604162216187
0.25669267773628235
0.8960496783256531
0.5683571696281433
0.3328205645084381
0.8932702541351318
0.5184873938560486
0.6616264581680298
0.7710051536560059
0.49387651681900024
0.33682847023010254
0.564180850982666
0.4704616665840149
0.21224866807460785
0.6289647817611694
0.3814573585987091
0.18438057601451874
0.3687216639518738
0.428138792514801
0.7106523513793945
0.28528380393981934
0.16121754050254822
0.7667837142944336
0.30296221375465393
0.08979135751724243
0.30240899324417114
0.27350375056266785
0.9208604693412781
0.8108658790588379
0.5012786984443665
0.6889206171035767
0.06663215160369873
0.33465126156806946
0.8643280863761902
0.4242558181285858
0.9091856479644775
0.7543072700500488
0.09575358778238297
0.24938561022281647
0.38410815596580505
0.7997051477432251
0.022573696449398994
0.018085746094584465
0.23883922398090363
0.7334291934967041
0.0044241114519536495
0.9426116943359375
0.5307205319404602
0.804706871509552
0.19329260289669037
0.4834021329879761
0.9557088613510132
0.9916737675666809
0.43409717082977295
0.6129715442657471
0.7786959409713745
0.29124248027801514
0.3995150327682495
0.6378307938575745
0.5461910367012024
0.7964845299720764
0.29771775007247925
0.8035140633583069
0.4962822496891022
0.05379048362374306
0.8007761836051941
0.29231584072113037
0.34720659255981445
0.11327286809682846
0.009513936005532742
0.7515568733215332
0.36423608660697937
0.8155122995376587
0.06009277328848839
0.01624322682619095
0.7842770218849182
0.004489257466048002
0.3519589602947235
0.43142199516296387
0.9540515542030334
0.45469585061073303
0.2901175916194916
0.8563054800033569
0.4772237539291382
0.07868514209985733
0.48627302050590515
0.812889814376831
0.6555952429771423
0.4904455542564392
0.5722148418426514
0.04515976831316948
0.8787367939949036
0.09425841271877289
0.6921826004981995
0.5015409588813782
0.11246343702077866
0.6083672046661377
0.9971053004264832
0.62516850233078
0.2811334729194641
0.7535909414291382
0.9497644901275635
0.44533291459083557
0.5543638467788696
0.4316035211086273
0.29932108521461487
0.5377218127250671
0.07372082024812698
0.8707564473152161
0.07016770541667938
0.7466191649436951
0.4658915400505066
0.9792776703834534
0.4104097783565521
0.9884339570999146
0.257612943649292
0.3835258483886719
0.09972348064184189
0.04580830782651901
0.5947412252426147
0.9090823531150818
0.5315685868263245
0.0628366693854332
0.8897014260292053
0.447762668132782
0.39664319157600403
0.22862552106380463
0.34376904368400574
0.7347716689109802
0.22694751620292664
0.8501446843147278
0.5510231852531433
0.02974248118698597
0.8040768504142761
0.2429431974887848
0.6253831386566162
0.8293123245239258
0.37860265374183655
0.1411002278327942
0.9990093111991882
0.6788294911384583
0.4262096881866455
0.46741440892219543
0.3127134442329407
0.21958567202091217
0.9334074258804321
0.9039096832275391
0.9110521674156189
0.09910371899604797
0.9883347153663635
0.8082179427146912
0.8198303580284119
0.5508416891098022
0.7327350378036499
0.7378749847412109
0.04380498453974724
0.7040435671806335
0.015259068459272385
0.2862282395362854
0.6837319731712341
0.4882056415081024
0.5324438810348511
0.7469940185546875
0.1527540683746338
0.9330971837043762
0.5140851140022278
0.6176663041114807
0.6339868903160095
0.5758349895477295
0.03400212153792381
0.3416982591152191
0.6371262073516846
0.7494586706161499
0.16666999459266663
0.3542998433113098
0.41117778420448303
0.8615666627883911
0.6132731437683105
0.5347113013267517
0.6724851131439209
0.36684250831604004
0.7537538409233093
0.3834805190563202
0.9941230416297913
0.6869765520095825
0.7697648406028748
0.8242107629776001
0.20716333389282227
0.3781488537788391
0.5456612706184387
0.33711764216423035
0.8465505242347717
0.8636547327041626
0.872113823890686
0.7336699962615967
0.6255130767822266
0.9168503880500793
0.39605259895324707
0.5879203081130981
0.3114108741283417
0.054701417684555054
0.9447017908096313
0.6235259175300598
0.8955607414245605
0.29560819268226624
0.7254718542098999
0.4524165093898773
0.22062546014785767
0.03201230242848396
0.8008432984352112
0.29470303654670715
0.6153848767280579
0.9242129325866699
0.9875825643539429
0.06360126286745071
0.22367767989635468
0.38120487332344055
0.22077137231826782
0.04562888666987419
0.3250387907028198
0.24635718762874603
0.8054141998291016
0.5640878081321716
0.7776781916618347
0.50663161277771
0.43121713399887085
0.7127559185028076
0.2261544167995453
0.7417463064193726
0.4137479364871979
0.3235223889350891
0.5322458148002625
0.860194742679596
0.14133493602275848
0.9866106510162354
0.3827693462371826
0.1253703385591507
0.704697847366333
0.19320662319660187
0.3842727243900299
0.745461106300354
0.864722490310669
0.026343850418925285
0.4739615023136139
0.3257734179496765
0.9395526051521301
0.6326277256011963
0.18794164061546326
0.9146469831466675
0.01065296120941639
0.4313877522945404
0.9523159265518188
0.7964528799057007
0.5902366638183594
0.0651477724313736
0.19164904952049255
0.07515209168195724
0.5392249226570129
0.8498378396034241
0.6145235300064087
0.36092185974121094
0.4657527208328247
0.6454287767410278
0.5963580012321472
0.779808759689331
0.012865034863352776
0.4108242988586426
0.6079685091972351
0.07467000931501389
0.1319681704044342
0.9222227931022644
0.22280991077423096
0.32204365730285645
0.3458719253540039
0.05117195099592209
0.6941762566566467
0.9124575853347778
0.24298982322216034
0.794330358505249
0.6473274230957031
0.39376047253608704
0.257737934589386
0.8793302774429321
0.3240208625793457
0.6995099782943726
0.3836957514286041
0.6277096271514893
0.4129188060760498
0.681803286075592
0.27913278341293335
0.6463966965675354
0.9783431887626648
0.9432169795036316
0.6760929822921753
0.24595773220062256
0.9794875979423523
0.7548621296882629
0.17343217134475708
0.013060356490314007
0.6891451478004456
0.07895440608263016
0.014827480539679527
0.7536931037902832
0.08020403236150742
0.5095804929733276
0.7811446189880371
0.654324471950531
0.30134260654449463
0.007614635396748781
0.8131173253059387
0.6122670769691467
0.8211988806724548
0.8668562769889832
0.6384847164154053
0.1888681948184967
0.9963210225105286
0.30385470390319824
0.9882621169090271
0.3168697655200958
0.8978188633918762
0.27807265520095825
0.664543867111206
0.2662307620048523
0.48413339257240295
0.614570677280426
0.6133498549461365
0.25171902775764465
0.11362523585557938
0.33342817425727844
0.3128890097141266
0.13201671838760376
0.9086864590644836
0.8447450399398804
0.4189053177833557
0.9315321445465088
0.11195530742406845
0.6605796813964844
0.6053484678268433
0.7983118891716003
0.07673400640487671
0.8541818857192993
0.842904806137085
0.69156813621521
0.3092292547225952
0.20624995231628418
0.15268532931804657
0.652415931224823
0.38856977224349976
0.017536286264657974
0.2395106703042984
0.9242783188819885
0.27708858251571655
0.28439730405807495
0.28642839193344116
0.42783811688423157
0.46847760677337646
0.9688629508018494
0.49948111176490784
0.9167684316635132
0.6660295128822327
0.5425362586975098
0.3109447956085205
0.5332506895065308
0.3853455185890198
0.33535560965538025
0.9043124914169312
0.887347936630249
0.6003944873809814
0.8704332709312439
0.43479347229003906
0.05727946013212204
0.19307047128677368
0.24228200316429138
0.8295126557350159
0.0038766097277402878
0.1905088871717453
0.3010929524898529
0.7649393081665039
0.46780091524124146
0.8251437544822693
0.09685561805963516
0.7371163964271545
0.9648910760879517
0.8833215832710266
0.9656774401664734
0.620983362197876
0.8821202516555786
0.3022623062133789
0.37045979499816895
0.003199696773663163
0.27482175827026367
0.2974455952644348
0.6284351348876953
0.9620546698570251
0.07097887992858887
0.8332112431526184
0.8324387073516846
0.66740483045578
0.875991940498352
0.9138157963752747
0.757964015007019
0.2642959654331207
0.6431246995925903
0.8541173934936523
0.5702787637710571
0.17557552456855774
0.2998819947242737
0.22403205931186676
0.2190740406513214
0.1751326471567154
0.6601778268814087
0.4702255427837372
0.012133898213505745
0.38553541898727417
0.27157193422317505
0.8125407099723816
0.3542439043521881
0.8792974352836609
0.8056445121765137
0.8472797274589539
0.10605717450380325
0.9748550653457642
0.425813227891922
0.6199823617935181
0.1762339472770691
0.02010151371359825
0.7285338044166565
0.6672014594078064
0.3206821382045746
0.4386199712753296
0.7666822671890259
0.7010368704795837
0.8313037157058716
0.9117065072059631
0.053075093775987625
0.42685946822166443
0.5691916346549988
0.8040417432785034
0.19372214376926422
0.26947838068008423
0.8615943789482117
0.16999314725399017
0.3647787570953369
0.902815043926239
0.2073550671339035
0.3071519732475281
0.7402569055557251
0.6587388515472412
0.1690334975719452
0.2987147867679596
0.9906322956085205
0.0635208934545517
0.7041487693786621
0.4177453815937042
0.13908667862415314
0.6988468170166016
0.7778545618057251
0.7413157820701599
0.000998439034447074
0.43550801277160645
0.968320906162262
0.7008956670761108
0.9434848427772522
0.7050033807754517
0.5540419816970825
0.9761981964111328
0.7570636868476868
0.6708233952522278
0.0698426142334938
0.9700431823730469
0.5682125091552734
0.1998830884695053
0.9306813478469849
0.18749754130840302
0.8080794811248779
0.24408800899982452
0.20679369568824768
0.42504921555519104
0.5971370339393616
0.002082014922052622
0.024884704500436783
0.5442869663238525
0.4154730439186096
0.2771648168563843
0.2077663689851761
0.3531404137611389
0.11381147801876068
0.48284924030303955
0.031477365642786026
0.694429337978363
0.40673282742500305
0.03908058628439903
0.6893202662467957
0.25913912057876587
0.422197163105011
0.41700753569602966
0.6523911356925964
0.5713368654251099
0.7638818621635437
0.2738019824028015
0.28717637062072754
0.026526784524321556
0.6419705748558044
0.45873117446899414
0.20020131766796112
0.11571183800697327
0.1373254507780075
0.9177289605140686
0.3461918234825134
0.5932832956314087
0.573281466960907
0.6133095026016235
0.5081055164337158
0.253959059715271
0.8299898505210876
0.38713425397872925
0.42332056164741516
0.735233724117279
0.9693934321403503
0.9886900186538696
0.21128179132938385
0.24713751673698425
0.29591548442840576
0.5249406695365906
0.684424102306366
0.04311919957399368
0.34013986587524414
0.37087681889533997
0.15006372332572937
0.0800372064113617
0.12362749874591827
0.7227621674537659
0.32673749327659607
0.0467851497232914
0.605633020401001
0.9420225024223328
0.6819313764572144
0.5125527381896973
0.9351415634155273
0.9336822032928467
0.5353400707244873
0.2938680946826935
0.5206937789916992
0.5121748447418213
0.9386484622955322
0.5593831539154053
0.5289464592933655
0.032732851803302765
0.04728589206933975
0.5226771831512451
0.8743214011192322
0.4188217222690582
0.6364105939865112
0.04480456933379173
0.5313856601715088
0.5114291310310364
0.04396630451083183
0.30663973093032837
0.6891187429428101
0.6170729398727417
0.46707969903945923
0.6568335294723511
0.21228276193141937
0.28350964188575745
0.5112301111221313
0.2021319419145584
0.9025912284851074
0.34730470180511475
0.877268373966217
0.6436522006988525
0.7106127142906189
0.07818792015314102
0.9011808037757874
0.23790521919727325
0.5009800791740417
0.9717256426811218
0.21353432536125183
0.9417615532875061
0.5995274186134338
0.03848545625805855
0.5541985630989075
0.794873833656311
0.3706611692905426
0.8387730121612549
0.18115758895874023
0.392054945230484
0.48724663257598877
0.2508789002895355
0.2455955147743225
0.6347165107727051
0.33614465594291687
0.7583323121070862
0.7875575423240662
0.7732419967651367
0.48245811462402344
0.15864264965057373
0.5362594723701477
0.14271731674671173
0.9828130602836609
0.7474045753479004
0.7472932934761047
0.49937567114830017
0.592322587966919
0.8705568909645081
0.5090579986572266
0.6661882400512695
0.9193398952484131
0.22916048765182495
0.5554166436195374
0.8825642466545105
0.5955018401145935
0.8719894886016846
0.27586814761161804
0.9493816494941711
0.9907699227333069
0.47209179401397705
0.391842782497406
0.9050306677818298
0.5906574726104736
0.39618173241615295
0.5093604922294617
0.7523434162139893
0.37117406725883484
0.5859100818634033
0.8036327958106995
0.36229249835014343
0.916516900062561
0.7773640751838684
0.829768180847168
0.35981160402297974
0.24852262437343597
0.06883666664361954
0.9138867259025574
0.7184156179428101
0.9803662300109863
0.7211808562278748
0.2255435585975647
0.24912770092487335
0.9278289079666138
0.16979771852493286
0.7920504808425903
0.14030681550502777
0.6751894950866699
0.2255776971578598
0.21965375542640686
0.36403000354766846
0.033245544880628586
0.720873236656189
0.3891284465789795
0.512238085269928
0.5607503652572632
0.9542789459228516
0.6865084767341614
0.4490235447883606
0.9197871088981628
0.33909767866134644
0.691339910030365
0.09378401190042496
0.5751211643218994
0.15471552312374115
0.3019842803478241
0.8446354269981384
0.8610700368881226
0.696694552898407
0.14155946671962738
0.02555430866777897
0.25865066051483154
0.17671874165534973
0.8059640526771545
0.8349732160568237
0.6652934551239014
0.03449013829231262
0.3670786917209625
0.31212764978408813
0.6060479879379272
0.869730532169342
0.7406258583068848
0.1839786022901535
0.44946303963661194
0.3991610109806061
0.10798369348049164
0.0762752890586853
0.35648179054260254
0.25223615765571594
0.24474002420902252
0.9916120171546936
0.5736048221588135
0.0021495737601071596
0.9653571844100952
0.9758469462394714
0.6162943243980408
0.128834530711174
0.40660199522972107
0.7311474680900574
0.3056742548942566
0.6340759992599487
0.23590245842933655
0.7750764489173889
0.0977201759815216
0.4771730601787567
0.3797823488712311
0.05837283283472061
0.4411748945713043
0.8924937844276428
0.8994401097297668
0.4950275123119354
0.443252295255661
0.16720756888389587
0.20256149768829346
0.2876393795013428
0.6696844696998596
0.4853733777999878
0.5961069464683533
0.42135706543922424
0.3520498275756836
0.010464410297572613
0.9498277306556702
0.250723272562027
0.9685725569725037
0.16701917350292206
0.5228363275527954
0.8618596196174622
0.6771658658981323
0.5515329837799072
0.8353103399276733
0.4113461375236511
0.15728816390037537
0.36191946268081665
0.6407720446586609
0.1613168865442276
0.40817004442214966
0.07622892409563065
0.9837232828140259
0.6773051023483276
0.43848103284835815
0.1414087861776352
0.30347153544425964
0.43361416459083557
0.07281366735696793
0.46612709760665894
0.08664949983358383
0.5763583779335022
0.2671682834625244
0.1860506385564804
0.280820369720459
0.1432325392961502
0.12272626161575317
0.10455964505672455
0.6665029525756836
0.3872712254524231
0.01743321679532528
0.997320830821991
0.6624919772148132
0.7407382130622864
0.20668461918830872
0.5322180390357971
0.4608401358127594
0.5112259387969971
0.9920605421066284
0.44337305426597595
0.02730068564414978
0.24692650139331818
0.7695249915122986
0.3493814468383789
0.6544774174690247
0.6161353588104248
0.6273650527000427
0.6541273593902588
0.11322300136089325
0.24175679683685303
0.21325711905956268
0.9469560384750366
0.07320044934749603
0.020830001682043076
0.722709059715271
0.33471357822418213
0.4934006333351135
0.7305744290351868
0.027615198865532875
0.1313590258359909
0.5124772787094116
0.2784869968891144
0.9798148274421692
0.7026241421699524
0.03209587559103966
0.7504541873931885
0.24294547736644745
0.004880486987531185
0.9208572506904602
0.15499268472194672
0.6673799753189087
0.34574761986732483
0.6855310201644897
0.3242405951023102
0.7732188701629639
0.5944402813911438
0.6797903776168823
0.16163408756256104
0.39927998185157776
0.23980706930160522
0.3500383198261261
0.596562922000885
0.1587980091571808
0.4799818694591522
0.8780961632728577
0.8461047410964966
0.3635372221469879
0.6794853806495667
0.4711221158504486
0.8405773639678955
0.9748727083206177
0.1341053992509842
0.8427029848098755
0.8512153029441833
0.6776843070983887
0.2609747052192688
0.03568029776215553
0.4021112024784088
0.1805865466594696
0.7812560200691223
0.8889461755752563
0.09444387257099152
0.12167996168136597
0.7865303754806519
0.24376364052295685
0.7334129214286804
0.6831786632537842
0.561953604221344
0.19407173991203308
0.34119468927383423
0.9696961641311646
0.08835142105817795
0.3576101064682007
0.08938096463680267
0.607748806476593
0.15149454772472382
0.7210281491279602
0.26582369208335876
0.5596325397491455
0.1765744686126709
0.4563226103782654
0.23817776143550873
0.37052884697914124
0.18860919773578644
0.9879986047744751
0.21453838050365448
0.5818592309951782
0.07286744564771652
0.4210384488105774
0.6166890263557434
0.6201682090759277
0.8894586563110352
0.35284268856048584
0.7751666903495789
0.0032423208467662334
0.9707846641540527
0.447933554649353
0.9365137815475464
0.8185766339302063
0.20271766185760498
0.2478809356689453
0.11263918876647949
0.2574755847454071
0.820290744304657
0.8355826139450073
0.993513822555542
0.5791378021240234
0.8381857872009277
0.8833919763565063
0.6055908203125
0.11570830643177032
0.15100492537021637
0.47947657108306885
0.3665694296360016
0.3169715702533722
0.2989588677883148
0.9302401542663574
0.595209538936615
0.3079611659049988
0.6044293642044067
0.5569443106651306
0.4559187889099121
0.0774148553609848
0.13759061694145203
0.061725057661533356
0.039904821664094925
0.01502544991672039
0.10526993870735168
0.7716952562332153
0.08885010331869125
0.4547496438026428
0.22983115911483765
0.35438013076782227
0.45497408509254456
0.7866164445877075
0.11802099645137787
0.4985538423061371
0.017515476793050766
0.036809273064136505
0.5654876232147217
0.038626767694950104
0.11280525475740433
0.29539045691490173
0.2529415488243103
0.8761385679244995
0.04672975093126297
0.17452721297740936
0.29547539353370667
0.6457573175430298
0.6184791326522827
0.7106707692146301
0.6148609519004822
0.0012830912601202726
0.7890858054161072
0.22134941816329956
0.8829960823059082
0.054996389895677567
0.6088152527809143
0.98268061876297
0.6843586564064026
0.33518075942993164
0.9801120758056641
0.8674402832984924
0.7714462876319885
0.3853638470172882
0.8609234094619751
0.08660212904214859
0.1660979837179184
0.9207078814506531
0.043559636920690536
0.6293990015983582
0.43064743280410767
0.10047279298305511
0.0034617199562489986
0.7858840227127075
0.23950855433940887
0.8919268250465393
0.19849784672260284
0.4850758910179138
0.5923454165458679
0.33950087428092957
0.5173808336257935
0.3050509989261627
0.6611726880073547
0.1814168095588684
0.08613964170217514
0.9316368103027344
0.29654642939567566
0.9110593795776367
0.4815749526023865
0.5645973682403564
0.06481708586215973
0.5397146940231323
0.378878653049469
0.2517144978046417
0.06615252792835236
0.9503629207611084
0.7036855816841125
0.2752606272697449
0.2574390172958374
0.5298314690589905
0.4853135347366333
0.005115260370075703
0.1511223018169403
0.5175201892852783
0.056245673447847366
0.11311837285757065
0.4423171579837799
0.10098244994878769
0.2338133454322815
0.028008393943309784
0.5088019967079163
0.10989706218242645
0.028819270431995392
0.6754499077796936
0.5282500386238098
0.6801824569702148
0.01751825399696827
0.7683275938034058
0.8265022039413452
0.2690792381763458
0.13538475334644318
0.8012262582778931
0.5302718877792358
0.26607123017311096
0.5732792019844055
0.5708027482032776
0.4068986177444458
0.5506429076194763
0.23988616466522217
0.5862680077552795
0.1518833190202713
0.4719341993331909
0.7646805047988892
0.8670231699943542
0.6839398741722107
0.45496082305908203
0.9114906191825867
0.3864406645298004
0.33149850368499756
0.08954595774412155
0.29305383563041687
0.4496334493160248
0.5215599536895752
0.5516880750656128
0.6867556571960449
0.43044158816337585
0.2531297504901886
0.037196993827819824
0.6691467761993408
0.811471164226532
0.6199272871017456
0.1594638079404831
0.7206721901893616
0.31708091497421265
0.8994557857513428
0.3970996141433716
0.9735615849494934
0.743937611579895
0.6886210441589355
0.9030013084411621
0.9595428705215454
0.09170982241630554
0.05231769382953644
0.965961217880249
0.44906842708587646
0.4711250066757202
0.8366751074790955
0.3631523549556732
0.9755325317382812
0.11919625103473663
0.22811666131019592
0.4933209717273712
0.2578068971633911
0.1289646476507187
0.2827971875667572
0.04691113904118538
0.4071558117866516
0.8851903676986694
0.19555091857910156
0.9461039900779724
0.48698970675468445
0.10130355507135391
0.011335465125739574
0.34603771567344666
0.8002402782440186
0.8794056177139282
0.4207824468612671
0.4932801425457001
0.29894980788230896
0.056036148220300674
0.3063602149486542
0.3421165347099304
0.171518012881279
0.4447299838066101
0.5102882981300354
0.44277602434158325
0.4946866035461426
0.6249933838844299
0.4129754602909088
0.12187743932008743
0.2127273678779602
0.7095749378204346
0.8984187245368958
0.09598901867866516
0.24980418384075165
0.0026291871909052134
0.3296252489089966
0.9870622158050537
0.8735270500183105
0.9585806727409363
0.715060293674469
0.4970881938934326
0.7580010294914246
0.6803561449050903
0.22202247381210327
0.36127862334251404
0.8331856727600098
0.5164714455604553
0.30272626876831055
0.9788774847984314
0.531177282333374
0.40928032994270325
0.08294658362865448
0.8367542028427124
0.43415868282318115
0.8499135971069336
0.231706902384758
0.7879391312599182
0.5228634476661682
0.2587797939777374
0.36854469776153564
0.3580106198787689
0.14892864227294922
0.3401297926902771
0.35374394059181213
0.7761826515197754
0.6921558976173401
0.84978848695755
0.6438271403312683
0.3150489926338196
0.960399329662323
0.9164726734161377
0.1258210986852646
0.5774698257446289
0.84261155128479
0.769221305847168
0.9092757701873779
0.8322804570198059
0.33851709961891174
0.9377666115760803
0.03735961392521858
0.77522212266922
0.8049656748771667
0.931577205657959
0.19585862755775452
0.5749524831771851
0.20693238079547882
0.690614640712738
0.4688718020915985
0.39155635237693787
0.6621847152709961
0.2447403520345688
0.8611262440681458
0.9283217191696167
0.21436470746994019
0.6560338735580444
0.25035157799720764
0.275032103061676
0.821643054485321
0.03098771721124649
0.150650292634964
0.11981506645679474
0.046190813183784485
0.2667497992515564
0.6604856252670288
0.024162279441952705
0.9970972537994385
0.3140237629413605
0.8672392964363098
0.6672484278678894
0.23002678155899048
0.9807682633399963
0.13201040029525757
0.38517022132873535
0.5486837029457092
0.8703113794326782
0.6236207485198975
0.7662782073020935
0.9769407510757446
0.5399392247200012
0.6601266264915466
0.7663951516151428
0.9201594591140747
0.31666186451911926
0.6989898681640625
0.5919277667999268
0.6323105692863464
0.43498924374580383
0.5500609874725342
0.09514773637056351
0.27522313594818115
0.641001284122467
0.6554743647575378
0.8862996697425842
0.5904901623725891
0.45618799328804016
0.2579544186592102
0.7675721049308777
0.7742965221405029
0.35499313473701477
0.18411459028720856
0.2952348589897156
0.4032691419124603
0.6482023596763611
0.6089001893997192
0.11851079016923904
0.6864240169525146
0.024557573720812798
0.8826995491981506
0.3051876425743103
0.6923268437385559
0.38398340344429016
0.6715922951698303
0.9309940338134766
0.7823734283447266
0.8867411613464355
0.27439847588539124
0.025875598192214966
0.9941986799240112
0.044102512300014496
0.9215190410614014
0.803402304649353
0.9302173852920532
0.1768026500940323
0.8381654620170593
0.5086022019386292
0.42037278413772583
0.8076531887054443
0.02865343540906906
0.10498107969760895
0.06200508400797844
0.7283588647842407
0.8321399688720703
0.6482499241828918
0.16522666811943054
0.09456352144479752
0.22935271263122559
0.04511529952287674
0.3883045017719269
0.7263526916503906
0.843660295009613
0.217617005109787
0.36242642998695374
0.43109649419784546
0.6675589084625244
0.43024542927742004
0.4116167426109314
0.48671627044677734
0.7982794046401978
0.7801510095596313
0.28074586391448975
0.22772960364818573
0.8516013622283936
0.2377825677394867
0.8818076848983765
0.48022863268852234
0.9549421072006226
0.9355159401893616
0.6193557977676392
0.8076439499855042
0.18731185793876648
0.5604340434074402
0.4838677942752838
0.31115663051605225
0.7489848732948303
0.7210912704467773
0.09046845883131027
0.11666714400053024
0.3190343379974365
0.8845457434654236
0.8935754299163818
0.07246595621109009
0.7139906287193298
0.3404615521430969
0.18849100172519684
0.9026569128036499
0.3666267395019531
0.8298317193984985
0.7277159094810486
0.2208518385887146
0.6114233732223511
0.41581180691719055
0.8664559125900269
0.2026679515838623
0.6442593336105347
0.33167794346809387
0.7440627813339233
0.19591079652309418
0.38001587986946106
0.5820395946502686
0.22486522793769836
0.9649209380149841
0.9945706129074097
0.8271321654319763
0.3253246545791626
0.1860003024339676
0.14944541454315186
0.2858664095401764
0.8651877045631409
0.8033866286277771
0.94174724817276
0.6354271769523621
0.20372818410396576
0.035806234925985336
0.32482025027275085
0.24795033037662506
0.7298555970191956
0.1356605440378189
0.35092923045158386
0.2785744369029999
0.8997949957847595
0.9681214094161987
0.9426050186157227
0.14294089376926422
0.8513255715370178
0.9021379947662354
0.9959028363227844
0.6878547072410583
0.21994492411613464
0.7267203330993652
0.8963994979858398
0.5215205550193787
0.9079124927520752
0.24619007110595703
0.30788689851760864
0.5304780006408691
0.606345534324646
0.13069631159305573
0.5859668850898743
0.06224380433559418
0.29682356119155884
0.856159508228302
0.5647379159927368
0.6326047778129578
0.8794621825218201
0.3471764624118805
0.7515881061553955
0.4070162773132324
0.5792040824890137
0.15667176246643066
0.1265122890472412
0.7950539588928223
0.22019396722316742
0.6992765069007874
0.9471838474273682
0.660990834236145
0.7433071136474609
0.7160798907279968
0.9414366483688354
0.45055821537971497
0.06503287702798843
0.38161852955818176
0.9294426441192627
0.1269283890724182
0.5062189698219299
0.4868217706680298
0.21058136224746704
0.19846761226654053
0.8394500017166138
0.09385748207569122
0.17133846879005432
0.8048209547996521
0.8147196769714355
0.4505589008331299
0.03391960635781288
0.08269257098436356
0.09911400079727173
0.09212041646242142
0.5814311504364014
0.043350234627723694
0.051659297198057175
0.4634677469730377
0.1205088421702385
0.4756888747215271
0.6046415567398071
0.4663686752319336
0.7974295616149902
0.56809401512146
0.6024009585380554
0.3037553131580353
0.2854393422603607
0.6230921745300293
0.0869024246931076
0.1100131943821907
0.6299333572387695
0.03644540533423424
0.04399305582046509
0.041757162660360336
0.7919315695762634
0.6703303456306458
0.2097969949245453
0.177287295460701
0.5047845840454102
0.07787272334098816
0.48846539855003357
0.8064394593238831
0.8139222264289856
0.5376920104026794
0.6205629706382751
0.2317124307155609
0.9307618737220764
0.1484701931476593
0.2837701439857483
0.6183688640594482
0.18075044453144073
0.636594295501709
0.8411593437194824
0.7571685910224915
0.13973495364189148
0.27508944272994995
0.9989954829216003
0.45295774936676025
0.30156925320625305
0.6007881164550781
0.024567672982811928
0.9252660274505615
0.9893761277198792
0.31808146834373474
0.2045666128396988
0.07251583784818649
0.36853185296058655
0.40940335392951965
0.5790594816207886
0.7089630961418152
0.5937250852584839
0.37549516558647156
0.22723375260829926
0.424048513174057
0.33315739035606384
0.715479850769043
0.8675405979156494
0.9949737191200256
0.6636789441108704
0.3947362005710602
0.7886188626289368
0.04575324058532715
0.7918998599052429
0.5045166611671448
0.10355585813522339
0.8719764947891235
0.2997663617134094
0.2548176944255829
0.8575336933135986
0.8931260108947754
0.031090231612324715
0.27894163131713867
0.8996545076370239
0.3552161753177643
0.591079831123352
0.27416229248046875
0.2644481956958771
0.5563933849334717
0.5231950879096985
0.9779688119888306
0.5953261256217957
0.10119356960058212
0.15178091824054718
0.7975517511367798
0.7010969519615173
0.8081073760986328
0.9759071469306946
0.5248561501502991
0.8759526014328003
0.39991962909698486
0.26990294456481934
0.9585206508636475
0.05571369081735611
0.5851717591285706
0.14700323343276978
0.5876883864402771
0.6796894073486328
0.47130075097084045
0.6258792877197266
0.712439239025116
0.641992449760437
0.6024115681648254
0.6706233024597168
0.8518834710121155
0.18463772535324097
0.41216376423835754
0.08019399642944336
0.7739238739013672
0.18829920887947083
0.30612021684646606
0.5997828841209412
0.317852646112442
0.5354841351509094
0.23809769749641418
0.12910930812358856
0.7452526688575745
0.8674013614654541
0.44443100690841675
0.9985523819923401
0.18924063444137573
0.5140765309333801
0.8272624611854553
0.003204654436558485
0.07676449418067932
0.7688113451004028
0.32756349444389343
0.6441681385040283
0.5494539141654968
0.6947735548019409
0.03151840344071388
0.6650291681289673
0.9680413603782654
0.9024763107299805
0.9251699447631836
0.7853444814682007
0.9861055016517639
0.09917289018630981
0.14467324316501617
0.5693467855453491
0.8973802924156189
0.3924708962440491
0.031736552715301514
0.7319630980491638
0.23626308143138885
0.3940885066986084
0.6177898645401001
0.0531584657728672
0.18768702447414398
0.6855783462524414
0.4210183322429657
0.406904935836792
0.31518691778182983
0.7498236894607544
0.21248947083950043
0.8396036028862
0.5948622822761536
0.1855112910270691
0.6778675317764282
0.5800855159759521
0.28608065843582153
0.37112051248550415
0.14056603610515594
0.29822030663490295
0.8986385464668274
0.5597714185714722
0.8953723907470703
0.650536835193634
0.5845634341239929
0.6814114451408386
0.011346330866217613
0.1585078239440918
0.2922476530075073
0.4106957018375397
0.08850466459989548
0.9008116722106934
0.33443358540534973
0.0537506639957428
0.38346660137176514
0.7187952995300293
0.47867465019226074
0.6728243231773376
0.06409962475299835
0.6230926513671875
0.004165658261626959
0.02207051031291485
0.1252995729446411
0.6990663409233093
0.03702225536108017
0.09138466417789459
0.03511381149291992
0.08679841458797455
0.8225041031837463
0.6500410437583923
0.979006290435791
0.8719916939735413
0.7308788895606995
0.3959311544895172
0.5795339941978455
0.4779261648654938
0.0718921348452568
0.48262497782707214
0.14635077118873596
0.6951227784156799
0.9276575446128845
0.275544673204422
0.8213064074516296
0.0329703688621521
0.5441116094589233
0.4423968195915222
0.7799508571624756
0.3163483142852783
0.7645124793052673
0.4784035384654999
0.7137118577957153
0.7073558568954468
0.3196212351322174
0.2892160713672638
0.49791425466537476
0.43000563979148865
0.7066987156867981
0.06496250629425049
0.7695924639701843
0.9877108931541443
0.014959199354052544
0.2066890448331833
0.2287801206111908
0.17258796095848083
0.6365522146224976
0.4065089523792267
0.3794703185558319
0.24192120134830475
0.7766187191009521
0.2983871400356293
0.9170872569084167
0.3246834874153137
0.6296724081039429
0.9509487152099609
0.3290744125843048
0.5094490051269531
0.6059402823448181
0.1583387702703476
0.5618706941604614
0.5708647966384888
0.8160756826400757
0.921851634979248
0.21574044227600098
0.3226257562637329
0.9347545504570007
0.3833932876586914
0.27123919129371643
0.5160610675811768
0.580451488494873
0.06025034189224243
0.09764550626277924
0.20676776766777039
0.338829904794693
0.6167228817939758
0.1532762199640274
0.5007449388504028
0.10985206812620163
0.16569842398166656
0.36526697874069214
0.8117824792861938
0.9177917838096619
0.5726094245910645
0.9207125306129456
0.79722660779953
0.566628098487854
0.02625938691198826
0.2109840214252472
0.09140928834676743
0.11401782184839249
0.21489541232585907
0.5730973482131958
0.6218163371086121
0.8778747916221619
0.3611621856689453
0.9768638014793396
0.5313777923583984
0.5310982465744019
0.03173338249325752
0.33301371335983276
0.4169936776161194
0.627597987651825
0.9406869411468506
0.05367351695895195
0.43000730872154236
0.7815608382225037
0.9892423748970032
0.9151200652122498
0.2420160174369812
0.7099534273147583
0.2623501121997833
0.12390110641717911
0.6350207328796387
0.5239042043685913
0.8081123232841492
0.9412172436714172
0.3963877856731415
0.3007616400718689
0.4985925257205963
0.7850400805473328
0.8286007642745972
0.8006513714790344
0.31094229221343994
0.603825032711029
0.5819070935249329
0.8480864763259888
0.20199796557426453
0.057157933712005615
0.436665803194046
0.9442556500434875
0.8076432943344116
0.03472495079040527
0.9312009811401367
0.4269815981388092
0.624006450176239
0.8830809593200684
0.17583535611629486
0.007857665419578552
0.7661771178245544
0.9744430184364319
0.6169912219047546
0.5600486993789673
0.7185614109039307
0.12925857305526733
0.8802305459976196
0.24284633994102478
0.08614194393157959
0.8112611770629883
0.13560496270656586
0.9339832663536072
0.11756481230258942
0.17524127662181854
0.8788400888442993
0.9988899827003479
0.03752538561820984
0.12532062828540802
0.967829167842865
0.8402990698814392
0.16722869873046875
0.9366233944892883
0.11595965921878815
0.5645498037338257
0.9066982865333557
0.17968754470348358
0.47894564270973206
0.15332986414432526
0.4791073203086853
0.003025349462404847
0.03290678560733795
0.7519530653953552
0.30858534574508667
0.6850510835647583
0.37439078092575073
0.4709075391292572
0.359904021024704
0.4031500816345215
0.5101457834243774
0.9920269846916199
0.9696802496910095
0.023253776133060455
0.6744441986083984
0.2878568470478058
0.13144803047180176
0.023644529283046722
0.8241873383522034
0.9573017358779907
0.6842905282974243
0.6180830001831055
0.6052500009536743
0.7024151086807251
0.6406898498535156
0.6348339915275574
0.10307987034320831
0.9169353246688843
0.8662815093994141
0.6121540069580078
0.33371496200561523
0.8223879933357239
0.8823991417884827
0.697892427444458
0.010572950355708599
0.682130753993988
0.09774962812662125
0.6637263298034668
0.35459980368614197
0.4384537637233734
0.8483888506889343
0.2562134563922882
0.7294319272041321
0.2449367493391037
0.3272238075733185
0.3371405601501465
0.7508475184440613
0.22166669368743896
0.5130008459091187
0.03581586852669716
0.2987253963947296
0.17705991864204407
0.9056059718132019
0.45131251215934753
0.5848279595375061
0.0625360906124115
0.6014419794082642
0.6163285374641418
0.8247590661048889
0.7176129221916199
0.5760155916213989
0.5728427171707153
0.27320343255996704
0.5265716314315796
0.5423848628997803
0.8686902523040771
0.08722874522209167
0.8514363169670105
0.1428004801273346
0.6294639706611633
0.5532737374305725
0.594272255897522
0.3019006550312042
0.9849104881286621
0.19684956967830658
0.26716795563697815
0.4974183142185211
0.7964964509010315
0.42310187220573425
0.7426416277885437
0.9066259860992432
0.10859276354312897
0.6213148832321167
0.23962317407131195
0.8671113848686218
0.38061511516571045
0.7097257971763611
0.8289950489997864
0.012751082889735699
0.08317887037992477
0.7694113254547119
0.3808378279209137
0.5675594806671143
0.8500955700874329
0.09083405137062073
0.6411305069923401
0.14779509603977203
0.2476361095905304
0.8792306780815125
0.3781745433807373
0.030994391068816185
0.16299326717853546
0.9280534982681274
0.9599714875221252
0.6288699507713318
0.9314799308776855
0.6628802418708801
0.507426917552948
0.49975746870040894
0.917311429977417
0.833010733127594
0.32554739713668823
0.2801405191421509
0.0978989526629448
0.3606492877006531
0.704258382320404
0.490568608045578
0.10253864526748657
0.2749410569667816
0.12608309090137482
0.25182247161865234
0.8289580345153809
0.8508764505386353
0.5940888524055481
0.9456418752670288
0.337612122297287
0.36361026763916016
0.5163609981536865
0.04172743484377861
0.9917528033256531
0.004593220539391041
0.9512412548065186
0.32128575444221497
0.41058674454689026
0.2480536848306656
0.6671765446662903
0.26124513149261475
0.8036690354347229
0.7610571384429932
0.8456172943115234
0.9392871260643005
0.33390098810195923
0.33561164140701294
0.43619540333747864
0.012346829287707806
0.8967270255088806
0.1959405541419983
0.2857414484024048
0.6464803814888
0.5521686673164368
0.9213670492172241
0.7941493988037109
0.9474220275878906
0.11473996937274933
0.40522274374961853
0.32283201813697815
0.8558810353279114
0.3828098177909851
0.12237643450498581
0.27117159962654114
0.9947808980941772
0.07123588025569916
0.7105606198310852
0.6735050082206726
0.5173555016517639
0.45882806181907654
0.4347792863845825
0.207450732588768
0.5255193114280701
0.4804205596446991
0.02022167295217514
0.2077401876449585
0.7273167371749878
0.41728755831718445
0.8772748708724976
0.029901927337050438
0.9066774845123291
0.19227880239486694
0.699492335319519
0.396171510219574
0.8245604634284973
0.19453135132789612
0.7129085659980774
0.793120265007019
0.1306583136320114
0.5668715238571167
0.23136402666568756
0.7810505032539368
0.28677311539649963
0.6643900871276855
0.5923293232917786
0.5169358253479004
0.1757376343011856
0.3165466785430908
0.8613420724868774
0.188810333609581
0.06082669273018837
0.14976488053798676
0.6344667673110962
0.8880912661552429
0.07726238667964935
0.9996564388275146
0.9014490842819214
0.2962151765823364
0.5738606452941895
0.8731979727745056
0.07922425121068954
0.20270489156246185
0.3543219566345215
0.5799828767776489
0.6195584535598755
0.6560111045837402
0.142934188246727
0.5700680613517761
0.33464744687080383
0.2989460825920105
0.8678674697875977
0.9460083246231079
0.6261469125747681
0.16018559038639069
0.2737604081630707
0.3626033067703247
0.3060619533061981
0.8737871050834656
0.18599379062652588
0.8196170330047607
0.6443625688552856
0.7016076445579529
0.5925162434577942
0.8990570902824402
0.445237934589386
0.937515139579773
0.03543737530708313
0.5679442286491394
0.06756989657878876
0.5043702721595764
0.8531206250190735
0.915966272354126
0.6592875123023987
0.8543053269386292
0.4846080243587494
0.802878737449646
0.7882006764411926
0.19244033098220825
0.03744862601161003
0.9172463417053223
0.9432929158210754
0.7744892239570618
0.4351561963558197
0.7670754194259644
0.21624010801315308
0.38148027658462524
0.003473888849839568
0.8625658750534058
0.9405433535575867
0.9174994826316833
0.3525506556034088
0.8028363585472107
0.33224543929100037
0.9576818346977234
0.6367865204811096
0.6559725999832153
0.25646278262138367
0.06516026705503464
0.2684270441532135
0.04449201747775078
0.04275086522102356
0.5998964905738831
0.018606478348374367
0.2694699466228485
0.933318555355072
0.9944491386413574
0.5696765184402466
0.9090277552604675
0.8373705744743347
0.17674985527992249
0.375198096036911
0.12105099111795425
0.7765308022499084
0.836134672164917
0.9260145425796509
0.6126126646995544
0.7356106042861938
0.5127630829811096
0.7841456532478333
0.7645416855812073
0.3065004050731659
0.8002343773841858
0.3778592348098755
0.8894907832145691
0.9548618197441101
0.6456741094589233
0.44402503967285156
0.3979041874408722
0.5598732829093933
0.05408630147576332
0.8966143727302551
0.4580366909503937
0.3298080265522003
0.014148001559078693
0.7981260418891907
0.72160804271698
0.8277405500411987
0.9564786553382874
0.8693034052848816
0.29717618227005005
0.3372509181499481
0.27985554933547974
0.21872679889202118
0.06972131878137589
0.7212554216384888
0.7108711004257202
0.28552231192588806
0.7358167171478271
0.5683503150939941
0.168550506234169
0.5374411344528198
0.7214361429214478
0.17654263973236084
0.2625632882118225
0.7410459518432617
0.5696631073951721
0.9347586035728455
0.7348579168319702
0.051865458488464355
0.10554584860801697
0.3566950559616089
0.07985180616378784
0.6275594830513
0.6450877785682678
0.12014709413051605
0.185832679271698
0.03954678401350975
0.5511026382446289
0.06804966926574707
0.14564387500286102
0.9645047783851624
0.10978862643241882
0.8783941864967346
0.2933838963508606
0.35161882638931274
0.936102032661438
0.5233803987503052
0.7956480979919434
0.6393683552742004
0.23509101569652557
0.6384284496307373
0.8747555613517761
0.920341968536377
0.8262115120887756
0.7868923544883728
0.9698959589004517
0.7396298050880432
0.6167218685150146
0.9061448574066162
0.8659788370132446
0.8185914158821106
0.4914471507072449
0.2917126417160034
0.1291583627462387
0.9938946962356567
0.5568897128105164
0.4525715112686157
0.5202905535697937
0.7537068128585815
0.6105656623840332
0.4376986026763916
0.6467263698577881
0.9673652052879333
0.6291794776916504
0.023371724411845207
0.24403324723243713
0.6029966473579407
0.5472843647003174
0.3022594749927521
0.5280236601829529
0.9656824469566345
0.23300619423389435
0.8310540318489075
0.10751444846391678
0.9333030581474304
0.9984872937202454
0.08181656897068024
0.05457444489002228
0.6565345525741577
0.6442169547080994
0.14847442507743835
0.14431904256343842
0.1021532341837883
0.8980978727340698
0.5376636981964111
0.5651316046714783
0.8706633448600769
0.47375887632369995
0.8827797770500183
0.974297046661377
0.8325193524360657
0.2959632873535156
0.4250059723854065
0.1950874775648117
0.1221330389380455
0.32991889119148254
0.7058111429214478
0.24879340827465057
0.9280641674995422
0.2037106603384018
0.3926766514778137
0.3754841387271881
0.9155914783477783
0.12781938910484314
0.14214026927947998
0.19225186109542847
0.26186469197273254
0.22934743762016296
0.39856404066085815
0.7892318367958069
0.5743618607521057
0.3221327066421509
0.8929177522659302
0.9168892502784729
0.6530309319496155
0.07535344362258911
0.785646915435791
0.9185910820960999
0.811479389667511
0.973464846611023
0.5312153100967407
0.5708953142166138
0.7984097599983215
0.04403398185968399
0.6058018803596497
0.6268442273139954
0.4693271815776825
0.5044718980789185
0.5319533944129944
0.23298169672489166
0.5984219908714294
0.8945323824882507
0.6423028707504272
0.554013729095459
0.08661456406116486
0.9237396717071533
0.19301864504814148
0.6468394994735718
0.8359166383743286
0.510657548904419
0.3542308807373047
0.6399058699607849
0.3888322114944458
0.8600684404373169
0.5428696274757385
0.9421791434288025
0.9906856417655945
0.7477386593818665
0.32855579257011414
0.9188023209571838
0.8221356272697449
0.5528575778007507
0.5953326225280762
0.21838316321372986
0.8006015419960022
0.21799588203430176
0.43707898259162903
0.9743413329124451
0.30347010493278503
0.5207954049110413
0.42566177248954773
0.11450473964214325
0.06802946329116821
0.5448058843612671
0.647840142250061
0.5654952526092529
0.9841245412826538
0.38611844182014465
0.723202645778656
0.9399604797363281
0.32305070757865906
0.8957352638244629
0.8030682802200317
0.7191382050514221
0.05489635467529297
0.5505828857421875
0.0838465690612793
0.2202386111021042
0.8346421718597412
0.16197440028190613
0.17391113936901093
0.29259204864501953
0.5504724383354187
0.4717720150947571
0.8173695802688599
0.3673059344291687
0.5060184597969055
0.17630630731582642
0.8549131751060486
0.9516745209693909
0.9926455020904541
0.42526352405548096
0.0019367138156667352
0.6862311959266663
0.8024192452430725
0.7287835478782654
0.24579980969429016
0.3376277685165405
0.8566150665283203
0.3117283582687378
0.26863202452659607
0.3057715892791748
0.3687642812728882
0.7887929677963257
0.999773383140564
0.6113079190254211
0.8366843461990356
0.6826807856559753
0.143407940864563
0.03404151275753975
0.8814904689788818
0.5324345231056213
0.9418239593505859
0.644463837146759
0.011155696585774422
0.7533376812934875
0.7768751382827759
0.27611544728279114
0.756899893283844
0.20550774037837982
0.5168822407722473
0.9772998690605164
0.05235204100608826
0.7059998512268066
0.580341100692749
0.3181636333465576
0.26241573691368103
0.11293600499629974
0.05489097163081169
0.20177553594112396
0.5908812880516052
0.6512670516967773
0.8785786032676697
0.7277000546455383
0.1407669484615326
0.4745490849018097
0.4476940929889679
0.963657796382904
0.2236706018447876
0.5198054909706116
0.297374963760376
0.21508018672466278
0.8693326711654663
0.4792645573616028
0.5974806547164917
0.8530648946762085
0.13994646072387695
0.45947977900505066
0.845183253288269
0.6065344214439392
0.6574611663818359
0.9101623892784119
0.967280924320221
0.387925922870636
0.9323849081993103
0.019219864159822464
0.19415895640850067
0.27218201756477356
0.9196267127990723
0.15372636914253235
0.04469098523259163
0.8271321654319763
0.9621431827545166
0.18977569043636322
0.0038253639359027147
0.7219537496566772
0.729476273059845
0.6062132716178894
0.21057464182376862
0.787510335445404
0.5902084708213806
0.9995161294937134
0.46908581256866455
0.7565416097640991
0.45560070872306824
0.2461083084344864
0.5213637948036194
0.2000260353088379
0.7927824258804321
0.17664963006973267
0.49759605526924133
0.8282345533370972
0.6588965058326721
0.1862763911485672
0.021340064704418182
0.6318151354789734
0.15452469885349274
0.268245667219162
0.1113862544298172
0.4911706745624542
0.5410616993904114
0.34338366985321045
0.9848839640617371
0.8140817284584045
0.5640677809715271
0.8350772261619568
0.6191309690475464
0.6622567176818848
0.37230369448661804
0.9908308982849121
0.6481103301048279
0.10607445985078812
0.6302763819694519
0.21557684242725372
0.826563835144043
0.7852016091346741
0.5924584865570068
0.04255565255880356
0.16136913001537323
0.5330471396446228
0.965345025062561
0.14086636900901794
0.576452910900116
0.6768683195114136
0.8484542965888977
0.26489853858947754
0.6379256248474121
0.2784683108329773
0.8040706515312195
0.8224314451217651
0.8157759308815002
0.2841147780418396
0.820617139339447
0.8285212516784668
0.6412217617034912
0.959415853023529
0.06955251842737198
0.1748955398797989
0.5930265188217163
0.6259133219718933
0.6708961725234985
0.4765525162220001
0.8041543364524841
0.01427367888391018
0.9363669157028198
0.2510969936847687
0.04727350175380707
0.0029982449486851692
0.3283804655075073
0.07309875637292862
0.22601090371608734
0.6120497584342957
0.9283342957496643
0.7523128390312195
0.48558127880096436
0.2177661657333374
0.7915985584259033
0.49549388885498047
0.8430047035217285
0.10318411141633987
0.9165573716163635
0.9322022795677185
0.7148885726928711
0.8575931191444397
0.036266472190618515
0.7424134016036987
0.451463907957077
0.856492817401886
0.21977268159389496
0.22020208835601807
0.2264886051416397
0.646340548992157
0.3820910155773163
0.5413755178451538
0.37179940938949585
0.7806402444839478
0.28684988617897034
0.41633525490760803
0.2661093473434448
0.23472599685192108
0.6352232694625854
0.2556583285331726
0.4346698820590973
0.3581884503364563
0.1140286773443222
0.07377825677394867
0.472743421792984
0.4483098089694977
0.10611739009618759
0.6889378428459167
0.21935176849365234
0.5477343201637268
0.7262862324714661
0.35057979822158813
0.8287105560302734
0.5516495704650879
0.30606362223625183
0.9314963221549988
0.15858817100524902
0.547145664691925
0.0939594954252243
0.5973652601242065
0.7583844661712646
0.6821715235710144
0.21202756464481354
0.059688668698072433
0.4910741150379181
0.004755466245114803
0.8151034712791443
0.41510725021362305
0.03464368358254433
0.9348134398460388
0.9975970983505249
0.574122965335846
0.46884211897850037
0.7207279801368713
0.8202242851257324
0.12660753726959229
0.5699036121368408
0.8643513321876526
0.9887863993644714
0.49264606833457947
0.482744961977005
0.08805704861879349
0.9867084622383118
0.0492425300180912
0.7112610936164856
0.8625027537345886
0.6373751759529114
0.2624310851097107
0.225968137383461
0.308488667011261
0.35872793197631836
0.6074796319007874
0.1886368840932846
0.4594216048717499
0.20501777529716492
0.6925719380378723
0.5649620890617371
0.8830017447471619
0.9790880680084229
0.4990100860595703
0.10717900097370148
0.8887125253677368
0.19990070164203644
0.5429366230964661
0.6056247353553772
0.9351489543914795
0.6196120977401733
0.39303022623062134
0.702513575553894
0.10802315920591354
0.8042638301849365
0.5466375350952148
0.1848062127828598
0.9213319420814514
0.7477784752845764
0.2438739538192749
0.631047248840332
0.714435338973999
0.6167479753494263
0.2848657965660095
0.7943295240402222
0.44650107622146606
0.2241714894771576
0.10992434620857239
0.41811734437942505
0.8525020480155945
0.6752265691757202
0.8877900838851929
0.6594222784042358
0.9435811638832092
0.9703928828239441
0.9174294471740723
0.41530120372772217
0.468278169631958
0.9844593405723572
0.7908389568328857
0.03134742006659508
0.8484708070755005
0.18697139620780945
0.8876422047615051
0.41509345173835754
0.9460802674293518
0.7771956324577332
0.12032511085271835
0.9826161861419678
0.16841456294059753
0.8876951932907104
0.7546718716621399
0.683689296245575
0.8726566433906555
0.7110173106193542
0.307213693857193
0.4813581705093384
0.40601295232772827
0.32743626832962036
0.6666487455368042
0.46671342849731445
0.12655088305473328
0.575327455997467
0.6023553013801575
0.7518829703330994
0.5171521902084351
0.4335949122905731
0.2755185663700104
0.9770527482032776
0.1664004921913147
0.24043117463588715
0.7378469109535217
0.5603660345077515
0.343556672334671
0.6587355732917786
0.40833500027656555
0.9393685460090637
0.820387065410614
0.7602887749671936
0.5224697589874268
0.9339970946311951
0.6033793091773987
0.7657086849212646
0.6180756688117981
0.1359672099351883
0.35533377528190613
0.9043934345245361
0.41960838437080383
0.7033351063728333
0.08659031242132187
0.12528957426548004
0.5644062757492065
0.5800168514251709
0.2373344898223877
0.2603617310523987
0.9785846471786499
0.7070905566215515
0.008461419492959976
0.6890344023704529
0.43197715282440186
0.2609604299068451
0.5372200608253479
0.08118114620447159
0.4794769883155823
0.3473798632621765
0.9669391512870789
0.5970505475997925
0.3088020384311676
0.8759897351264954
0.7688426375389099
0.3932962715625763
0.42628270387649536
0.7647658586502075
0.013621165417134762
0.7344169616699219
0.9372504353523254
0.8556116223335266
0.25766193866729736
0.019205903634428978
0.19152046740055084
0.07340409606695175
0.9984846711158752
0.09953015297651291
0.26792433857917786
0.20951522886753082
0.6784397959709167
0.23412857949733734
0.35172194242477417
0.25562453269958496
0.2613990604877472
0.1843406856060028
0.15804357826709747
0.05166494846343994
0.33604806661605835
0.5481523275375366
0.11049504578113556
0.5286644697189331
0.13951879739761353
0.8907460570335388
0.7082036137580872
0.5699547529220581
0.5755676031112671
0.04995698109269142
0.7457815408706665
0.9705259799957275
0.64156174659729
0.35407760739326477
0.8087469339370728
0.8833611011505127
0.9491147994995117
0.3735683560371399
0.09865780174732208
0.5517828464508057
0.30773043632507324
0.8607580065727234
0.9426136016845703
0.5076778531074524
0.6794494390487671
0.9714557528495789
0.5980567336082458
0.5095711350440979
0.5112625956535339
0.9285074472427368
0.07224109768867493
0.6754246354103088
0.7719623446464539
0.5631319880485535
0.737994909286499
0.33962321281433105
0.20367836952209473
0.3216801881790161
0.5450118184089661
0.3752474784851074
0.4237354099750519
0.3326627016067505
0.9567317962646484
0.8007161021232605
0.004103046841919422
0.8465301990509033
0.8774158358573914
0.3480357527732849
0.49000078439712524
0.08713138103485107
0.4350038468837738
0.6664829850196838
0.3862197697162628
0.30185216665267944
0.1374456286430359
0.3089562952518463
0.4362518787384033
0.5969321727752686
0.7499185800552368
0.5855684280395508
0.559743344783783
0.38181936740875244
0.12944522500038147
0.3489016592502594
0.8410184383392334
0.8428265452384949
0.9338603615760803
0.7521097660064697
0.6391192674636841
0.20708782970905304
0.7054671049118042
0.7046579122543335
0.3158724904060364
0.6869571805000305
0.0017328253015875816
0.11491984874010086
0.17551346123218536
0.7467775940895081
0.4697313606739044
0.011291015893220901
0.21971051394939423
0.5327032804489136
0.8933305144309998
0.8124687075614929
0.16347354650497437
0.6522649526596069
0.9007961750030518
0.7285583019256592
0.06118851900100708
0.8086221814155579
0.23167744278907776
0.33523857593536377
0.32284775376319885
0.3373936414718628
0.7821205854415894
0.5169773697853088
0.12140780687332153
0.008287675678730011
0.625322163105011
0.5164157152175903
0.9657068252563477
0.43871963024139404
0.11018148064613342
0.6889262199401855
0.662273645401001
0.5731909275054932
0.5357055068016052
0.21441833674907684
0.6894460320472717
0.588649332523346
0.9529263973236084
0.08918475359678268
0.9374950528144836
0.7378804087638855
0.4464166760444641
0.7970962524414062
0.12619911134243011
0.30119258165359497
0.09346982091665268
0.8395087718963623
0.22677208483219147
0.37469738721847534
0.2652202844619751
0.8537184000015259
0.40918710827827454
0.10953628271818161
0.883613109588623
0.8155422210693359
0.15626956522464752
0.3108680248260498
0.7884969115257263
0.20888763666152954
0.7033670544624329
0.19196394085884094
0.7972977161407471
0.5102624297142029
0.5620520114898682
0.6281022429466248
0.9518663287162781
0.3239002227783203
0.002009771531447768
0.7313835024833679
0.7498066425323486
0.024546964094042778
0.670917809009552
0.1841391921043396
0.3666951060295105
0.9546254873275757
0.03759117051959038
0.2018549144268036
0.42904719710350037
0.5854924321174622
0.6849957704544067
0.22746187448501587
0.15653496980667114
0.8477335572242737
0.7669433355331421
0.7759909629821777
0.34534749388694763
0.05020168796181679
0.6559728980064392
0.6873796582221985
0.7917272448539734
0.84840989112854
0.9633178114891052
0.009904972277581692
0.30472663044929504
0.9974021911621094
0.8903200626373291
0.6468148231506348
0.23570004105567932
0.9341183304786682
0.5675009489059448
0.5225532054901123
0.8449044823646545
0.2938776910305023
0.25891897082328796
0.5515685677528381
0.6447466611862183
0.9176023602485657
0.9013658165931702
0.9336479902267456
0.6200346350669861
0.9004765748977661
0.000546492577996105
0.6675173044204712
0.9949797987937927
0.7249756455421448
0.13384614884853363
0.10643315315246582
0.557415246963501
0.9905192255973816
0.06267167627811432
0.08923082798719406
0.8428758382797241
0.24553576111793518
0.7879732847213745
0.9067680239677429
0.4810792803764343
0.13169127702713013
0.3674848675727844
0.26454973220825195
0.5045703649520874
0.10688237845897675
0.7698065042495728
0.42132657766342163
0.7513842582702637
0.44360631704330444
0.8061866760253906
0.5814357399940491
0.9211224913597107
0.9462282657623291
0.38864850997924805
0.9145219326019287
0.5233594179153442
0.4372415840625763
0.017397508025169373
0.43834400177001953
0.3629489839076996
0.7743141055107117
0.007217131555080414
0.8488774299621582
0.7995915412902832
0.9824026823043823
0.38864627480506897
0.9047717452049255
0.5648764967918396
0.05556890368461609
0.7384840846061707
0.0831250548362732
0.58171147108078
0.45383813977241516
0.7444101572036743
0.8606780171394348
0.6623809337615967
0.7578092813491821
0.4041605591773987
0.8684763312339783
0.8115758895874023
0.3388220965862274
0.13028985261917114
0.18283694982528687
0.7577332854270935
0.6580266356468201
0.4339698851108551
0.07961954176425934
0.08035959303379059
0.33171263337135315
0.7917162179946899
0.2266632616519928
0.5343576669692993
0.09016843885183334
0.8786996603012085
0.589003324508667
0.35349175333976746
0.34296995401382446
0.7235927581787109
0.6021021604537964
0.8275481462478638
0.920716404914856
0.09985385835170746
0.6117402911186218
0.38346680998802185
0.12400079518556595
0.9686678051948547
0.7121168971061707
0.3362485468387604
0.22820094227790833
0.7675808668136597
0.9400244951248169
0.19302751123905182
0.13107338547706604
0.07625135779380798
0.5978479385375977
0.011621047742664814
0.11387921869754791
0.8055108785629272
0.9931857585906982
0.06872601062059402
0.6003859639167786
0.16922950744628906
0.5978737473487854
0.5829110741615295
0.5196784138679504
0.1503879278898239
0.5947436690330505
0.6615342497825623
0.4919465482234955
0.13010981678962708
0.2749004662036896
0.9022799134254456
0.8123139142990112
0.08296123147010803
0.9394879937171936
0.3383217751979828
0.7704892158508301
0.4898868501186371
0.44727635383605957
0.8855863809585571
0.3851780891418457
0.6624094843864441
0.7091079354286194
0.06303170323371887
0.33866429328918457
0.051169801503419876
0.38632723689079285
0.5542251467704773
0.2337729036808014
0.15576542913913727
0.18746624886989594
0.6449595093727112
0.8729124665260315
0.22308844327926636
0.3541964888572693
0.6312199831008911
0.23280441761016846
0.8469473719596863
0.30686861276626587
0.8377793431282043
0.7619906067848206
0.948451817035675
0.44822683930397034
0.992310643196106
0.5056210160255432
0.9804331064224243
0.9136795401573181
0.21615976095199585
0.08823397010564804
0.7388755679130554
0.9927008152008057
0.5282679200172424
0.07365311682224274
0.08818914741277695
0.325893759727478
0.8692456483840942
0.42645853757858276
0.37183713912963867
0.8325574398040771
0.9163147807121277
0.3494334816932678
0.1529587060213089
0.334463894367218
0.46863290667533875
0.5697628855705261
0.7748022675514221
0.21007685363292694
0.14891602098941803
0.008432785049080849
0.3930736184120178
0.38600197434425354
0.4325031042098999
0.2719302475452423
0.5938655734062195
0.9626660346984863
0.5829070806503296
0.4211006462574005
0.03682263568043709
0.4221232831478119
0.7878668904304504
0.2994822859764099
0.000403615616960451
0.06933970749378204
0.9022206664085388
0.9092724919319153
0.6498058438301086
0.04725393280386925
0.6686298847198486
0.9324516654014587
0.18304800987243652
0.8132327795028687
0.7082183957099915
0.1987771838903427
0.9507354497909546
0.3394264578819275
0.968255877494812
0.30037540197372437
0.7704312801361084
0.18901130557060242
0.15201668441295624
0.4747730493545532
0.8903314471244812
0.9563222527503967
0.9476726055145264
0.3422462046146393
0.9372016787528992
0.21307645738124847
0.025380058214068413
0.2537252604961395
0.371596097946167
0.8888012766838074
0.637538731098175
0.5441554188728333
0.407541960477829
0.09486480802297592
0.39600661396980286
0.6398595571517944
0.6073142290115356
0.3285380005836487
0.008630598895251751
0.2497105598449707
0.9378758072853088
0.7739822864532471
0.9832630753517151
0.9874666929244995
0.8397766351699829
0.387612521648407
0.0533042773604393
0.09614969044923782
0.3197968006134033
0.6827301383018494
0.0607181116938591
0.1323094218969345
0.6200453042984009
0.11666473746299744
0.962287425994873
0.7627267837524414
0.9429771304130554
0.6733600497245789
0.8315207362174988
0.17285780608654022
0.6351808905601501
0.3066580593585968
0.15611691772937775
0.9919202923774719
0.438938170671463
0.3560348451137543
0.266081839799881
0.8240528702735901
0.3751157522201538
0.9610415697097778
0.9844037294387817
0.4704388678073883
0.6879215240478516
0.46709996461868286
0.6206601858139038
0.7160668969154358
0.7179387807846069
0.11132491379976273
0.9486470818519592
0.47959980368614197
0.7474290132522583
0.7509993314743042
0.2750568091869354
0.16110444068908691
0.9138668179512024
0.9909821152687073
0.13580290973186493
0.9130269289016724
0.5867533683776855
0.2333289533853531
0.4406212270259857
0.9148702621459961
0.288933128118515
0.6293743252754211
0.7986339926719666
0.5721639394760132
0.15781155228614807
0.6921945810317993
0.8157652020454407
0.5801404714584351
0.2744041383266449
0.1165599673986435
0.8410263061523438
0.6686317920684814
0.4713401794433594
0.3313067555427551
0.9788370132446289
0.3946526050567627
0.18729130923748016
0.3087257444858551
0.5723557472229004
0.2980949878692627
0.06356721371412277
0.2547297179698944
0.5390947461128235
0.5716955065727234
0.9769873023033142
0.37448379397392273
0.8814778923988342
0.912723958492279
0.9663894772529602
0.1811872124671936
0.3679802417755127
0.5594018697738647
0.19966930150985718
0.506133496761322
0.9981115460395813
0.5652365684509277
0.7353719472885132
0.6609378457069397
0.9246557354927063
0.4646955728530884
0.5953252911567688
0.388913094997406
0.7747562527656555
0.39947599172592163
0.9372991919517517
0.2089938521385193
0.6580209732055664
0.42815205454826355
0.4246651232242584
0.013721727766096592
0.49420976638793945
0.7757473587989807
0.671343982219696
0.4867749810218811
0.13797837495803833
0.6053048372268677
0.7912240624427795
0.9578102231025696
0.3337699770927429
0.9197679758071899
0.6057612299919128
0.02860606461763382
0.36454322934150696
0.16130760312080383
0.7706733345985413
0.3087451457977295
0.5072423219680786
0.96608567237854
0.25060197710990906
0.2540530264377594
0.5677866339683533
0.7693831324577332
0.3659237325191498
0.6331144571304321
0.9654936790466309
0.3459373116493225
0.9766344428062439
0.9846909046173096
0.18322782218456268
0.8987950682640076
0.25480350852012634
0.5348494648933411
0.41769933700561523
0.27327436208724976
0.8725855350494385
0.882338285446167
0.022008951753377914
0.08184915781021118
0.48938682675361633
0.690483808517456
0.8335155248641968
0.22950255870819092
0.793523371219635
0.4518939256668091
0.6427866816520691
0.09443595260381699
0.3970637023448944
0.38959747552871704
0.9918072819709778
0.8420489430427551
0.48212960362434387
0.9427573680877686
0.37639960646629333
0.6120263934135437
0.9770024418830872
0.42845645546913147
0.1782788634300232
0.309500515460968
0.5488640666007996
0.4590320885181427
0.8801931738853455
0.408437579870224
0.7841194868087769
0.6495279669761658
0.924705982208252
0.8369598984718323
0.30977916717529297
0.9254297018051147
0.11754343658685684
0.02420560084283352
0.860752284526825
0.6325909495353699
0.7955214977264404
0.3661760687828064
0.9389306902885437
0.5037837624549866
0.5719219446182251
0.9614999294281006
0.6335634589195251
0.08698991686105728
0.6129758954048157
0.7640988230705261
0.4111802875995636
0.7618431448936462
0.4252503216266632
0.5074529647827148
0.6028546094894409
0.12965118885040283
0.4374651610851288
0.10127062350511551
0.3497927486896515
0.30291280150413513
0.987044095993042
0.7804427742958069
0.5626678466796875
0.525966227054596
0.3976505696773529
0.48885318636894226
0.5696583390235901
0.48951584100723267
0.021662456914782524
0.8689357042312622
0.7530231475830078
0.6038224697113037
0.9242703914642334
0.3745200037956238
0.7207545638084412
0.8316720724105835
0.24880987405776978
0.2753368318080902
0.10200908780097961
0.8719567060470581
0.3952470123767853
0.021403267979621887
0.15551181137561798
0.05989334359765053
0.2688700556755066
0.5643335580825806
0.6108987331390381
0.9833700656890869
0.7605016827583313
0.3042736351490021
0.009217108599841595
0.8942379951477051
0.16623595356941223
0.4670732021331787
0.7632594704627991
0.24018143117427826
0.3315788209438324
0.5103164911270142
0.3932875990867615
0.3723166882991791
0.6533990502357483
0.19418606162071228
0.38925451040267944
0.442568838596344
0.486578106880188
0.47833845019340515
0.30917322635650635
0.23520144820213318
0.8419615626335144
0.8397316336631775
0.32057517766952515
0.19129213690757751
0.6082507371902466
0.6812968254089355
0.48428013920783997
0.663238525390625
0.6927744150161743
0.29144346714019775
0.5810745358467102
0.7614648342132568
0.2294820100069046
0.7124719619750977
0.9694984555244446
0.05894234776496887
0.9787807464599609
0.060540005564689636
0.6018700003623962
0.47663870453834534
0.6685444712638855
0.15615925192832947
0.9442712664604187
0.6046789288520813
0.7240365743637085
0.14706383645534515
0.2469034641981125
0.22830237448215485
0.8372410535812378
0.34695205092430115
0.893557608127594
0.8851004242897034
0.29888805747032166
0.42617911100387573
0.847608208656311
0.5948237776756287
0.1225557029247284
0.5659540295600891
0.5909394025802612
0.06659940630197525
0.9676294326782227
0.20267163217067719
0.8348748683929443
0.7136633396148682
0.21201230585575104
0.5463338494300842
0.24539555609226227
0.7343077063560486
0.8084146976470947
0.7093742489814758
0.12437216192483902
0.6448484659194946
0.9093549847602844
0.8107304573059082
0.8193771243095398
0.016480177640914917
0.21170537173748016
0.9490187168121338
0.7513082027435303
0.546707034111023
0.9016684889793396
0.6619688868522644
0.6289966702461243
0.005437725689262152
0.33663129806518555
0.05371266230940819
0.6487019062042236
0.9066635966300964
0.8525691032409668
0.15944348275661469
0.6198798418045044
0.6544812917709351
0.0701904296875
0.5243731141090393
0.02590843103826046
0.5225996375083923
0.9394025206565857
0.2003427892923355
0.7163302898406982
0.567513108253479
0.88868647813797
0.6136414408683777
0.8833701610565186
0.3917429745197296
0.18128524720668793
0.31781741976737976
0.11434119194746017
0.4132586121559143
0.19450820982456207
0.00024321548698935658
0.5053289532661438
0.3448311686515808
0.9980784058570862
0.2422628551721573
0.4113897979259491
0.09764636307954788
0.5344551205635071
0.47357332706451416
0.8605817556381226
0.15254049003124237
0.7933050990104675
0.28359127044677734
0.27909305691719055
0.7014487981796265
0.21080024540424347
0.11378350853919983
0.2943488657474518
0.885370671749115
0.7497758865356445
0.21267762780189514
0.21598905324935913
0.3416593372821808
0.7034776210784912
0.5091649889945984
0.0937495082616806
0.04954702407121658
0.6179258823394775
0.47215691208839417
0.8656455278396606
0.41513118147850037
0.4736082851886749
0.9767776727676392
0.05876154825091362
0.11084295064210892
0.36063843965530396
0.9436865448951721
0.356921523809433
0.5513619780540466
0.032821521162986755
0.2772928774356842
0.4848732054233551
0.18257194757461548
0.40869003534317017
0.3742373287677765
0.6789763569831848
0.1990177482366562
0.37187594175338745
0.5330968499183655
0.5123062133789062
0.8125102519989014
0.3520679771900177
0.28567811846733093
0.9267244935035706
0.4892839789390564
0.9253562688827515
0.3920257091522217
0.4158768057823181
0.6656895875930786
0.008295215666294098
0.04127557575702667
0.13104353845119476
0.9937759637832642
0.9523923993110657
0.008570161648094654
0.055117495357990265
0.6187379360198975
0.3216010630130768
0.46358150243759155
