512 2
0
403
464
1
63
211
2
298
415
3
160
247
4
11
231
5
90
447
6
287
509
7
158
355
8
186
436
9
127
163
10
351
466
11
226
500
12
279
320
13
266
407
14
108
145
15
117
159
16
414
419
17
120
341
18
178
375
19
222
302
20
72
80
21
30
492
22
185
475
23
344
414
24
442
495
25
229
511
26
42
57
27
252
274
28
90
161
29
228
275
30
390
395
31
79
452
11
32
497
33
338
479
23
34
393
10
35
146
8
36
162
37
141
464
38
80
388
39
199
347
40
198
209
41
259
278
42
60
460
43
74
395
44
303
458
45
371
421
46
415
471
47
403
424
16
48
98
49
55
298
50
224
396
51
223
364
50
52
214
53
228
451
54
148
210
55
394
401
8
56
69
57
150
494
38
58
485
56
59
330
23
60
318
61
122
153
62
338
510
20
63
160
64
439
466
2
65
282
66
329
477
62
67
149
68
85
338
56
69
372
70
350
466
56
71
408
7
72
73
73
177
301
74
103
196
75
192
491
69
76
159
77
123
510
33
78
133
79
281
475
80
144
331
81
93
372
2
82
319
55
83
216
84
259
370
85
213
313
6
20
86
41
77
87
88
214
505
89
201
210
42
90
99
45
91
472
92
131
360
93
201
439
94
130
449
95
119
236
96
174
399
97
176
187
98
152
265
99
116
310
100
316
476
101
103
508
102
300
430
103
162
466
26
60
104
105
173
491
106
204
394
107
408
462
64
108
476
109
111
392
110
357
458
111
179
311
91
112
195
113
137
332
114
149
204
109
115
151
116
408
491
117
254
382
118
151
202
119
139
480
120
221
437
121
156
321
5
98
122
31
123
336
83
124
493
125
410
477
126
182
269
31
93
127
128
164
493
129
272
440
130
161
413
28
131
158
132
151
397
133
150
298
134
188
399
56
135
436
136
237
363
137
401
419
138
178
258
139
199
431
140
166
341
88
125
141
57
102
142
143
262
321
2
144
213
145
245
273
142
146
265
144
147
301
148
202
382
149
221
250
26
150
285
132
151
176
109
152
373
153
378
398
58
154
484
50
131
155
156
279
422
104
157
350
158
171
400
159
239
361
160
395
409
21
161
478
162
185
272
160
163
505
95
164
323
156
165
499
88
166
453
167
217
435
84
168
296
169
404
447
62
170
500
171
252
444
172
184
421
121
173
474
135
174
287
74
175
462
176
386
435
148
177
449
178
290
420
29
57
179
180
202
223
181
387
430
182
432
477
106
183
449
184
348
370
107
185
312
186
308
432
68
187
353
111
188
394
189
232
498
87
190
207
40
96
191
192
286
450
176
193
389
194
200
311
179
195
284
93
195
196
197
440
463
6
198
420
199
270
492
120
200
452
19
43
201
202
488
499
177
203
369
26
204
213
205
336
354
136
206
290
44
126
207
31
208
466
61
64
209
14
210
341
175
211
238
130
212
270
108
213
446
214
296
448
28
84
215
216
294
398
217
312
483
218
337
339
70
121
219
77
220
386
30
221
367
74
222
354
85
156
223
224
415
430
195
225
466
136
226
405
227
232
415
25
208
228
96
142
229
119
230
339
72
231
245
104
232
250
233
389
424
58
234
302
13
215
235
60
203
236
38
237
336
162
238
245
211
239
276
146
179
240
241
258
388
43
242
442
204
243
386
58
244
511
139
245
306
130
179
246
247
268
287
156
248
434
163
249
365
197
250
399
251
416
478
30
142
252
184
253
346
30
254
332
253
255
332
117
161
256
257
400
448
258
430
452
40
102
259
260
312
397
76
261
372
176
229
262
46
253
263
264
284
438
4
265
278
266
271
396
115
267
386
256
268
441
217
269
384
208
270
473
199
271
397
257
272
427
82
273
349
44
274
326
275
310
318
101
256
276
230
277
385
22
278
447
150
279
308
42
60
280
239
281
461
1
172
282
167
283
490
130
178
284
285
377
420
86
286
355
261
287
500
169
288
459
39
88
289
183
290
401
6
291
293
184
292
424
186
293
328
54
294
456
295
305
321
155
183
296
110
211
297
298
359
500
222
299
423
33
300
309
25
84
301
302
412
460
119
303
475
220
261
304
305
334
412
134
237
306
247
307
510
50
308
411
55
309
426
310
465
468
311
406
448
10
32
312
268
313
351
45
114
314
41
302
315
134
265
316
225
316
317
25
39
318
300
319
406
53
95
320
187
321
438
49
322
394
298
323
499
324
335
355
174
325
457
96
326
397
311
327
494
57
159
328
329
390
401
224
261
330
331
386
439
29
251
332
299
333
381
66
210
334
17
335
400
55
76
336
59
132
337
4
217
338
100
339
356
0
122
340
95
341
384
135
223
342
343
360
361
31
273
344
23
345
485
211
346
411
153
336
347
20
133
348
125
199
349
147
160
350
120
351
488
22
194
352
73
208
353
119
138
354
99
330
355
56
135
356
45
152
357
353
358
442
289
359
481
44
351
360
265
316
361
251
362
425
326
363
443
69
111
364
149
204
365
347
366
494
203
367
481
205
355
368
61
108
369
106
152
370
77
155
371
92
111
372
255
373
503
1
374
389
375
417
422
249
376
384
49
377
503
378
380
388
199
343
379
110
380
427
102
254
381
286
300
382
183
383
418
9
384
488
89
385
419
39
360
386
41
387
478
208
307
388
229
245
389
166
382
390
152
342
391
75
127
392
259
272
393
394
430
452
108
395
442
113
125
396
152
346
397
341
377
398
254
399
485
305
400
416
221
399
401
259
402
444
182
403
465
83
164
404
317
405
419
216
389
406
105
407
503
133
408
482
54
120
409
410
458
506
76
101
411
125
386
412
69
413
498
150
414
492
352
415
477
352
375
416
39
417
447
79
333
418
167
271
419
31
325
420
113
421
454
33
372
422
70
87
423
117
197
424
219
231
425
76
426
490
346
427
493
172
428
452
143
207
429
385
398
430
74
357
431
296
432
489
336
383
433
82
176
434
89
390
435
42
149
436
162
174
437
126
358
438
317
379
439
317
440
497
26
36
441
19
99
442
34
355
443
6
397
444
147
445
462
97
192
446
282
347
447
256
401
448
300
371
449
251
428
450
64
451
457
283
285
452
153
212
453
253
300
454
82
235
455
290
318
456
163
331
457
175
240
458
24
354
459
79
375
460
25
175
461
155
230
462
319
463
470
72
378
464
399
465
494
175
453
466
158
358
467
218
394
468
5
105
469
38
438
470
439
471
509
14
472
510
321
470
473
322
456
474
116
461
475
37
257
476
115
200
477
55
173
478
37
117
479
30
88
480
44
122
481
133
139
482
347
391
483
20
229
484
47
210
485
210
465
486
107
266
487
75
488
500
36
243
489
66
196
490
332
354
491
9
489
492
103
337
493
70
221
494
291
495
503
289
422
496
381
419
497
301
400
498
57
278
499
99
433
500
185
285
501
16
237
502
272
503
510
206
344
504
402
429
505
218
261
506
86
100
507
103
109
508
178
353
509
94
178
510
143
232
511
0.30912017822265625
0.5078914165496826
0.861657977104187
0.22370368242263794
0.6878977417945862
0.3110315799713135
0.5797770619392395
0.21435986459255219
0.3049771785736084
0.9433644413948059
0.8712563514709473
0.4136379659175873
0.16806934773921967
0.28239673376083374
0.08463633060455322
0.3524300456047058
0.7508183717727661
0.8242457509040833
0.5012375116348267
0.8282405138015747
0.7593021988868713
0.6006903052330017
0.6225368976593018
0.007222911808639765
0.9536633491516113
0.9229241609573364
0.33869147300720215
0.6273768544197083
0.33828234672546387
0.7266509532928467
0.28204917907714844
0.4883318543434143
0.38005760312080383
0.4445967376232147
0.7937804460525513
0.4091533124446869
0.07539740949869156
0.7450375556945801
0.46543461084365845
0.03356746584177017
0.8628078103065491
0.6074408888816833
0.4375516474246979
0.5359643697738647
0.5940753221511841
0.09860140830278397
0.8174490332603455
0.439541757106781
0.2280912548303604
0.4640912115573883
0.36004751920700073
0.44417160749435425
0.9187219738960266
0.1383022665977478
0.28860610723495483
0.9943286776542664
0.7659586071968079
0.6623650789260864
0.8000087738037109
0.1401815265417099
0.24716460704803467
0.3768835961818695
0.6691057682037354
0.29807883501052856
0.4825141131877899
0.5814167857170105
0.5944694876670837
0.8823888897895813
0.3348411023616791
0.09643778949975967
0.15985673666000366
0.3545242249965668
0.9570115208625793
0.15138022601604462
0.898423969745636
0.35014715790748596
0.20384418964385986
0.9046947360038757
0.0917510911822319
0.9093950986862183
0.5822214484214783
0.95314621925354
0.33161282539367676
0.2117699831724167
0.15503907203674316
0.6394304633140564
0.378937304019928
0.8833143711090088
0.9071935415267944
0.12668989598751068
0.3891882598400116
0.5209790468215942
0.9967771172523499
0.4367520213127136
0.5904272794723511
0.052366334944963455
0.3132566213607788
0.8988324999809265
0.7449234127998352
0.16821935772895813
0.27167224884033203
0.8413921594619751
0.280876100063324
0.31994470953941345
0.6083548665046692
0.34402546286582947
0.23026959598064423
0.8980544805526733
0.5943484306335449
0.31677550077438354
0.08987576514482498
0.9266335368156433
0.9800058007240295
0.06913807988166809
0.0006417199620045722
0.9029014110565186
0.07234182208776474
0.28275632858276367
0.18485692143440247
0.010859240777790546
0.23909860849380493
0.2302355319261551
0.5095617175102234
0.5330559015274048
0.1001131609082222
0.6213485598564148
0.26110586524009705
0.5567808747291565
0.3728901147842407
0.6213847994804382
0.801514208316803
0.421621173620224
0.40085265040397644
0.9826984405517578
0.9484496116638184
0.7785915732383728
0.707166850566864
0.42041394114494324
0.544826865196228
0.6873747110366821
0.1506328284740448
0.8091468214988708
0.32536453008651733
0.24345028400421143
0.41141173243522644
0.5708316564559937
0.4442429840564728
0.4484081566333771
0.44286805391311646
0.4683493375778198
0.7030459046363831
0.7579182386398315
0.30480968952178955
0.2004040777683258
0.6219573020935059
0.0075311618857085705
0.6781883239746094
0.8331473469734192
0.560248076915741
0.2494315654039383
0.8508577346801758
0.7429009079933167
0.7090795040130615
0.5833278894424438
0.6935553550720215
0.81735759973526
0.2825070321559906
0.9977664947509766
0.9392078518867493
0.2715531885623932
0.4816860258579254
0.7446938753128052
0.4475969672203064
0.6331483721733093
0.6064791083335876
0.7703121900558472
0.5231176614761353
0.7977827191352844
0.5437107682228088
0.05799204111099243
0.8356095552444458
0.4148559272289276
0.30317139625549316
0.5513265132904053
0.919030487537384
0.9386746883392334
0.08373958617448807
0.2987802028656006
0.5851953029632568
0.06357982754707336
0.11482230573892593
0.4905674457550049
0.48542556166648865
0.3109537363052368
0.4585208296775818
0.8509070873260498
0.979424238204956
0.6164361834526062
0.4811648726463318
0.08173505961894989
0.5186344981193542
0.8298197388648987
0.538563072681427
0.41332346200942993
0.04275379329919815
0.6987592577934265
0.815782368183136
0.13436183333396912
0.8613520264625549
0.9685944318771362
0.20532792806625366
0.6769102811813354
0.4302353858947754
0.2589613199234009
0.34047746658325195
0.24431735277175903
0.44349396228790283
0.6092368960380554
0.11982133984565735
0.04790278896689415
0.7429640889167786
0.22893890738487244
0.8573851585388184
0.4105016887187958
0.2353425920009613
0.30966052412986755
0.5844514966011047
0.13619501888751984
0.030199049040675163
0.0012606896925717592
0.3554176390171051
0.1059248149394989
0.7896872162818909
0.393314391374588
0.23805877566337585
0.17510083317756653
0.031114745885133743
0.9245947599411011
0.771062970161438
0.1482013761997223
0.13315342366695404
0.0013899217592552304
0.8145308494567871
0.7675998210906982
0.6856271624565125
0.6606625914573669
0.6788912415504456
0.2567262649536133
0.9431234002113342
0.5194233059883118
0.595987856388092
0.8579126596450806
0.7861000895500183
0.5455243587493896
0.627585768699646
0.6076132655143738
0.737724781036377
0.734744668006897
0.3520456850528717
0.13397164642810822
0.5078852772712708
0.5162161588668823
0.15311533212661743
0.8391854166984558
0.7861652374267578
0.23575952649116516
0.2136148363351822
0.5632014870643616
0.5397782921791077
0.8356403112411499
0.7744913697242737
0.11025876551866531
0.3848392367362976
0.699415922164917
0.8774222731590271
0.8142802715301514
0.7268099188804626
0.7407775521278381
0.004096087068319321
0.945889949798584
0.483890175819397
0.7895427346229553
0.2717180550098419
0.243146151304245
0.16439557075500488
0.3829154074192047
0.9190908670425415
0.3977721333503723
0.7941372394561768
0.14189550280570984
0.440841406583786
0.159576877951622
0.40643611550331116
0.8833994269371033
0.07001736760139465
0.3987490236759186
0.5957354307174683
0.8261501789093018
0.7031946778297424
0.5244019031524658
0.11596597731113434
0.3055729866027832
0.6856787800788879
0.49703696370124817
0.34899166226387024
0.9453248381614685
0.9581732749938965
0.45256802439689636
0.9888532161712646
0.15633122622966766
0.19946835935115814
0.7685151696205139
0.29105985164642334
0.047943972051143646
0.893520176410675
0.93458092212677
0.2579486668109894
0.4717581272125244
0.7555816769599915
0.6874879002571106
0.4224633574485779
0.8095415234565735
0.31302595138549805
0.5971514582633972
0.9149935245513916
0.7863003611564636
0.5308053493499756
0.5547227263450623
0.6064794063568115
0.07245095074176788
0.29777705669403076
0.8757308721542358
0.02369357831776142
0.46726444363594055
0.05128110572695732
0.5756765604019165
0.1825532466173172
0.7032303810119629
0.6957706212997437
0.8593457937240601
0.7496792674064636
0.6521152853965759
0.9211423397064209
0.041638631373643875
0.9790786504745483
0.3171180188655853
0.20518742501735687
0.4555648863315582
0.10616675764322281
0.4880867302417755
0.7235053777694702
0.03144930303096771
0.0726543441414833
0.0033761432860046625
0.8784221410751343
0.736121654510498
0.24372021853923798
0.8946279883384705
0.20295260846614838
0.4389442801475525
0.8064342737197876
0.9964445233345032
0.7400838136672974
0.37218040227890015
0.03878315910696983
0.7312333583831787
0.5949453115463257
0.8644957542419434
0.23484157025814056
0.7905848026275635
0.7359846830368042
0.9265975952148438
0.6542061567306519
0.6514384746551514
0.46111437678337097
0.7985709309577942
0.7407264709472656
0.7303879261016846
0.38383328914642334
0.6229390501976013
0.2304496467113495
0.9101904034614563
0.8715695142745972
0.9289788007736206
0.9984747171401978
0.7082892656326294
0.049328889697790146
0.2247273325920105
0.6832203269004822
0.36152973771095276
0.598541259765625
0.334570050239563
0.9444989562034607
0.02773972786962986
0.49085375666618347
0.6723151803016663
0.3779180645942688
0.5785054564476013
0.07650433480739594
0.028703108429908752
0.4187543988227844
0.24496352672576904
0.4807776212692261
0.0731905847787857
0.013910168781876564
0.7705486416816711
0.3425409495830536
0.04322266951203346
0.965834379196167
0.1713319718837738
0.2865425646305084
0.36526066064834595
0.5314348340034485
0.5802167654037476
0.8137671947479248
0.6130270957946777
0.7851436138153076
0.9962878823280334
0.6652523875236511
0.7061175107955933
0.19466380774974823
0.290454238653183
0.9026110768318176
0.5633817911148071
0.015758726745843887
0.4289441406726837
0.8462747931480408
0.8809278607368469
0.9951812028884888
0.1377774029970169
0.7636818289756775
0.8839994072914124
0.17983826994895935
0.14743643999099731
0.5895958542823792
0.04382653161883354
0.01245423685759306
0.15372143685817719
0.15148845314979553
0.8104752898216248
0.5964080691337585
0.7575315833091736
0.4019227921962738
0.7107871174812317
0.1317921131849289
0.8196537494659424
0.5851224660873413
0.3186492621898651
0.5789239406585693
0.7115200757980347
0.8150383830070496
0.2793809771537781
0.4833039343357086
0.8542920351028442
0.40950363874435425
0.6943914294242859
0.6520656943321228
0.5774039626121521
0.8417492508888245
0.38505223393440247
0.19961220026016235
0.9540091753005981
0.7756602764129639
0.33253490924835205
0.6747224926948547
0.039366643875837326
0.8645267486572266
0.27597495913505554
0.12711387872695923
0.02709713950753212
0.8899032473564148
0.7488238215446472
0.25208067893981934
0.048041194677352905
0.5183536410331726
0.6769500374794006
0.06061161309480667
0.5047575235366821
0.5932955145835876
0.8729332685470581
0.9726369380950928
0.721025824546814
0.2873620390892029
0.8946139812469482
0.5791601538658142
0.20880861580371857
0.3810505270957947
0.8943440318107605
0.2127944380044937
0.5388013124465942
0.21389444172382355
0.23435521125793457
0.9881801605224609
0.8760631680488586
0.5502737164497375
0.5120798349380493
0.8721668720245361
0.8849306106567383
0.8646418452262878
0.3338053524494171
0.7898013591766357
0.1315418779850006
0.07092972099781036
0.7533959746360779
0.9486035108566284
0.9376857876777649
0.3948162794113159
0.08125947415828705
0.5481619238853455
0.8228821754455566
0.03862040489912033
0.08994702249765396
0.20700375735759735
0.2420288622379303
0.9173352718353271
0.894171953201294
0.5349453687667847
0.8214421272277832
0.7164420485496521
0.9736311435699463
0.6034072041511536
0.40372467041015625
0.6686528325080872
0.09269603341817856
0.21875692903995514
0.25157248973846436
0.546356201171875
0.3328127861022949
0.08023278415203094
0.09407593309879303
0.11557251960039139
0.36760783195495605
0.12381107360124588
0.9423138499259949
0.3178366720676422
0.9032558798789978
0.02821383811533451
0.2827441394329071
0.7947854399681091
0.11174134910106659
0.9029038548469543
0.4516409933567047
0.4839138090610504
0.07942130416631699
0.5473427772521973
0.14746786653995514
0.8668777346611023
0.6773006916046143
0.3880539536476135
0.5953614711761475
0.8455151915550232
0.7901139259338379
0.09631706774234772
0.611793041229248
0.979992687702179
0.9971502423286438
0.15127980709075928
0.7245184779167175
0.9322789311408997
0.5314725041389465
0.3470330238342285
0.21287961304187775
0.08702582120895386
0.6683788299560547
0.20531021058559418
0.18953612446784973
0.4794207513332367
0.44655460119247437
0.9707083702087402
0.5738757252693176
0.9539112448692322
0.07957178354263306
0.3043472170829773
0.4375268220901489
0.6918145418167114
0.5426822304725647
0.4512909948825836
0.00550886569544673
0.031644925475120544
0.41170406341552734
0.6023156046867371
0.7935482859611511
0.694713294506073
0.6907882690429688
0.9609700441360474
0.8426602482795715
0.11455666273832321
0.6015306115150452
0.4896746575832367
0.6994853615760803
0.783177375793457
0.8978478312492371
0.6256436705589294
0.9282563924789429
0.45763635635375977
0.8274484872817993
0.7827267646789551
0.4218391180038452
0.16862793266773224
0.07538983225822449
0.8417836427688599
0.47260937094688416
0.4010778069496155
0.06417933106422424
0.2735078036785126
0.02227320335805416
0.9594349265098572
0.768227219581604
0.3240559697151184
0.877045214176178
0.3815211355686188
0.3175753057003021
0.7792428135871887
0.5046521425247192
0.5119777321815491
0.30776041746139526
0.9170999526977539
0.41613268852233887
0.40153980255126953
0.5763466358184814
0.7640668153762817
0.09565889835357666
0.7806430459022522
0.5089934468269348
0.9089958667755127
0.09573183208703995
0.6090375781059265
0.7030246257781982
0.9237381219863892
0.3734092712402344
0.8903703689575195
0.5070282816886902
0.019153105095028877
0.3140755295753479
0.27536678314208984
0.7086337804794312
0.24065274000167847
0.8675143122673035
0.2727906107902527
0.1527460217475891
0.3454152047634125
0.23852592706680298
0.6367097496986389
0.7800189852714539
0.36294057965278625
0.7132085561752319
0.3156445324420929
0.6134172677993774
0.06094478815793991
0.02519960328936577
0.41524675488471985
0.01776554062962532
0.5259964466094971
0.3025705814361572
0.25276875495910645
0.05092247948050499
0.7297406196594238
0.6676279306411743
0.74334716796875
0.9721590280532837
0.23983509838581085
0.5817974209785461
0.8061544299125671
0.30328598618507385
0.7155523896217346
0.7112441062927246
0.21865138411521912
0.48277080059051514
0.8034846186637878
0.5039014220237732
0.5370843410491943
0.08222177624702454
0.6126587986946106
0.6649220585823059
0.5768349170684814
0.5155762434005737
0.4587800204753876
0.6520693898200989
0.588922381401062
0.16987916827201843
0.037283316254615784
0.10847187787294388
0.28645628690719604
0.7684932947158813
0.22739258408546448
0.4966637194156647
0.6613698601722717
0.3677697479724884
0.17465060949325562
0.5820493698120117
0.23961526155471802
0.32616502046585083
0.43882396817207336
0.6430383324623108
0.120384082198143
0.8148201107978821
0.5193506479263306
0.12553082406520844
0.5562272667884827
0.27586665749549866
0.4870697259902954
0.1375236213207245
0.28793618083000183
0.49249398708343506
0.9655848145484924
0.3070029616355896
0.6005501747131348
0.35805219411849976
0.9175101518630981
0.2424463927745819
0.4122282564640045
0.4428948760032654
0.6056780219078064
0.10048899799585342
0.8330764174461365
0.8484797477722168
0.883662760257721
0.8391610383987427
0.5045135617256165
0.3968249261379242
0.8505264520645142
0.6575203537940979
0.859185516834259
0.1819792538881302
0.6358603239059448
0.7067047953605652
0.43853333592414856
0.5924526453018188
0.3225664794445038
0.5153915882110596
0.747219979763031
0.9560372829437256
0.10313688963651657
0.8664901256561279
0.6165421009063721
0.2975894510746002
0.2378939390182495
0.5319004058837891
0.5796785354614258
0.13726328313350677
0.5799618363380432
0.19654884934425354
0.4885541498661041
0.4053228497505188
0.28440457582473755
0.9157986640930176
0.6266444325447083
0.7985462546348572
0.23653875291347504
0.69003826379776
0.5665234923362732
0.5436985492706299
0.11266462504863739
0.7953205704689026
0.34930023550987244
0.2728230655193329
0.3764793574810028
0.8689844012260437
0.6842522025108337
0.859620988368988
0.7656837105751038
0.6656456589698792
0.19397197663784027
0.8596948981285095
0.48422935605049133
0.07530495524406433
0.7627952098846436
0.30842822790145874
0.008250510320067406
0.19711662828922272
0.935413122177124
0.2815600633621216
0.15918977558612823
0.4879133403301239
0.6847323179244995
0.24702250957489014
0.18350763618946075
0.9364289045333862
0.796384334564209
0.25333815813064575
0.6682516932487488
0.5784143209457397
0.051045868545770645
0.23395390808582306
0.8883786797523499
0.6220903992652893
0.45057612657546997
0.8517821431159973
0.895414412021637
0.0401587076485157
0.24373656511306763
0.17402242124080658
0.7513606548309326
0.3059385418891907
0.7656272649765015
0.9575263857841492
0.33130505681037903
0.857012152671814
0.8394002914428711
0.06063339486718178
0.3441484868526459
0.5587455630302429
0.7552829384803772
0.21165236830711365
0.8027999997138977
0.38865166902542114
0.7419160008430481
0.06180962920188904
0.35178253054618835
0.6871727705001831
0.3630206286907196
0.1070670634508133
0.7846001386642456
0.7228125929832458
0.9756857752799988
0.8700028657913208
0.04529741033911705
0.6157211065292358
0.5409563779830933
0.193308487534523
0.632594108581543
0.4567451477050781
0.47025391459465027
0.9971387982368469
0.17456381022930145
0.4312525987625122
0.819053590297699
0.14492754638195038
0.19908669590950012
0.6559861898422241
0.4616522192955017
0.428691029548645
0.29326874017715454
0.3728027045726776
0.4923408329486847
0.23130154609680176
0.784164309501648
0.36042794585227966
0.02596157044172287
0.35072213411331177
0.2008143961429596
0.008860070258378983
0.7900209426879883
0.8516152501106262
0.5642383694648743
0.40635019540786743
0.3485490083694458
0.7925604581832886
0.9194044470787048
0.2571834921836853
0.10412216931581497
0.5181016325950623
0.45178505778312683
0.06266634911298752
0.22112105786800385
0.6879898905754089
0.32219797372817993
0.5565738677978516
0.16126857697963715
0.33190473914146423
0.009312172420322895
0.8676812648773193
0.003966841846704483
0.2620227038860321
0.5178098082542419
0.7890050411224365
0.7832189798355103
0.9086410403251648
0.41719406843185425
0.24478328227996826
0.023020949214696884
0.8756938576698303
0.5551000833511353
0.09653497487306595
0.7010696530342102
0.5741229057312012
0.9581356644630432
0.14351767301559448
0.43777498602867126
0.5462921261787415
0.9536867141723633
0.9829709529876709
0.5123748779296875
0.8650799989700317
0.29973936080932617
0.5757001638412476
0.6477571129798889
0.9471784234046936
0.8612311482429504
0.44365397095680237
0.7754858136177063
0.4098500907421112
0.7868521213531494
0.37676289677619934
0.96544349193573
0.824406087398529
0.33827006816864014
0.20471499860286713
0.11675524711608887
0.13220421969890594
0.19686104357242584
0.7316188812255859
0.10329456627368927
0.7802416682243347
0.6140522360801697
0.990972101688385
0.4139396846294403
0.2561941146850586
0.6364241242408752
0.6994740962982178
0.5644568800926208
0.6629295945167542
0.03572586923837662
0.6956028938293457
0.842921257019043
0.30506816506385803
0.7382996082305908
0.40900325775146484
0.30278998613357544
0.6610403656959534
0.8469588756561279
0.9805569052696228
0.5976650714874268
0.5156989097595215
0.6265584826469421
0.9262728095054626
0.8858298659324646
0.3880634903907776
0.34165260195732117
0.1745317578315735
0.4844833314418793
0.6689838767051697
0.6619272828102112
0.15582433342933655
0.45503073930740356
0.48668789863586426
0.5110012888908386
0.25842028856277466
0.3032447397708893
0.7411839365959167
0.39551565051078796
0.8021942973136902
0.026700057089328766
0.8275343775749207
0.1559373140335083
0.9573599696159363
0.7273766398429871
0.8505735993385315
0.18946829438209534
0.24001555144786835
0.992219090461731
0.7151336669921875
0.12422202527523041
0.5383630394935608
0.9668253064155579
0.8266286253929138
0.6953431367874146
0.953414261341095
0.5375641584396362
0.388461709022522
0.05656098946928978
0.7314614653587341
0.6471423506736755
0.9738637804985046
0.456902414560318
0.7463451027870178
0.15095533430576324
0.9969478845596313
0.6347949504852295
0.695244312286377
0.5572158694267273
0.06714306771755219
0.7041417360305786
0.47252634167671204
0.9968560934066772
0.522598922252655
0.3721683621406555
0.44771653413772583
0.2219521850347519
0.6224678754806519
0.7656230330467224
0.902053713798523
0.754262387752533
0.3298604488372803
0.7671182155609131
0.7686837315559387
0.488631933927536
0.37488242983818054
0.508691132068634
0.5564896464347839
0.9567704200744629
0.7561846375465393
0.889693021774292
0.31321391463279724
0.5477353930473328
0.7919632196426392
0.9705468416213989
0.06446080654859543
0.7650195956230164
0.8853683471679688
0.8027300834655762
0.6701512932777405
0.6872000098228455
0.6760454773902893
0.6032472848892212
0.6372215747833252
0.1330990344285965
0.3901818096637726
0.8746065497398376
0.02761964686214924
0.3804018199443817
0.019763585180044174
0.7293273210525513
0.19349218904972076
0.009672124870121479
0.02680692821741104
0.09935859590768814
0.7785308361053467
0.31057092547416687
0.7526697516441345
0.14679588377475739
0.8891096115112305
0.7109754681587219
0.5248749852180481
0.9574148058891296
0.8178216218948364
0.15260861814022064
0.25213688611984253
0.740765392780304
0.4952293932437897
0.45509985089302063
0.16879230737686157
0.7498615980148315
0.6879158020019531
0.4929730296134949
0.740145206451416
0.2613343298435211
0.7350668907165527
0.9596921801567078
0.307474821805954
0.06537996232509613
0.7095464468002319
0.6748855113983154
0.257527232170105
0.8120653033256531
0.06938915699720383
0.5754052996635437
0.5605520009994507
0.41553083062171936
0.09459745138883591
0.1937141716480255
0.5943163633346558
0.4447413384914398
0.38891181349754333
0.618558943271637
0.1741591840982437
0.10927176475524902
0.9303903579711914
0.19923777878284454
0.08925926685333252
0.890590488910675
0.24706119298934937
0.7748374938964844
0.958458662033081
0.771980881690979
0.65426105260849
0.7673653960227966
0.9794278740882874
0.7216532230377197
0.49935081601142883
0.4724894165992737
0.8125734925270081
0.7087280750274658
0.7630249261856079
0.22424381971359253
0.4882289469242096
0.20168307423591614
0.7840438485145569
0.44991472363471985
0.9243425726890564
0.7534587979316711
0.813878059387207
0.28577888011932373
0.13731448352336884
0.28488779067993164
0.8313731551170349
0.5671199560165405
0.06254894286394119
0.480899453163147
0.7431997060775757
0.6718681454658508
0.019861243665218353
0.9431023001670837
0.6412150263786316
0.34166190028190613
0.9572842717170715
0.3297746479511261
0.06444863229990005
0.1971428543329239
0.8180941343307495
0.5195370316505432
0.6684707403182983
0.34353405237197876
0.38082411885261536
0.24027304351329803
0.43105775117874146
0.8839119672775269
0.1440371572971344
0.2984467148780823
0.10828614979982376
0.8352078795433044
0.14928287267684937
0.43105632066726685
0.37591761350631714
0.43863171339035034
0.22669635713100433
0.08433034271001816
0.46595609188079834
0.33647212386131287
0.7162623405456543
0.04538702219724655
0.6031851768493652
0.38577550649642944
0.3574843108654022
0.7821189761161804
0.7782344818115234
0.22988182306289673
0.3291327953338623
0.21606890857219696
0.19988088309764862
0.7781016826629639
0.12933489680290222
0.21307945251464844
0.6921687722206116
0.7885552048683167
0.5569100975990295
0.7694358229637146
0.9594578742980957
0.07305175065994263
0.5091569423675537
0.5787884593009949
0.18661151826381683
0.8293011784553528
0.8394728899002075
0.8350945711135864
0.8540224432945251
0.3799215257167816
0.8135819435119629
0.9979822039604187
0.6929041743278503
0.5267544984817505
0.9634599089622498
0.7773460149765015
0.7885984182357788
0.03783285990357399
0.8874754905700684
0.7184861898422241
0.6489079594612122
0.6278716921806335
0.6982945203781128
0.6801648139953613
0.9666237831115723
0.6970572471618652
0.12295961380004883
0.13894112408161163
0.4551416039466858
0.5410191416740417
0.48370668292045593
0.9617062211036682
0.23924222588539124
0.8791391849517822
0.4851871132850647
0.49197089672088623
0.17322275042533875
0.8038007020950317
0.9269248247146606
0.23106299340724945
0.131241574883461
0.7943057417869568
0.9850678443908691
0.18519657850265503
0.21042606234550476
0.6790822148323059
0.6893203854560852
0.15960340201854706
0.4434559941291809
0.3373642563819885
0.12876862287521362
0.6574401259422302
0.3616916239261627
0.14720368385314941
0.14133605360984802
0.6493799090385437
0.18859423696994781
0.18849709630012512
0.9393628835678101
0.9428421258926392
0.5089917778968811
0.926882803440094
0.5255575180053711
0.48655110597610474
0.9883238673210144
0.9723976850509644
0.8222465515136719
0.6527554392814636
0.448234885931015
0.2185169905424118
0.9430144429206848
0.04042678698897362
0.8682772517204285
0.7672432065010071
0.4005894660949707
0.33661606907844543
0.9698980450630188
0.11812089383602142
0.06288719922304153
0.10430876165628433
0.0013113488676026464
0.9237382411956787
0.44411200284957886
0.25850385427474976
0.367909699678421
0.496750146150589
0.2493888884782791
0.33073940873146057
0.4242895841598511
0.2934643030166626
0.07250680774450302
0.4953046441078186
0.424832820892334
0.7793875932693481
0.5144838690757751
0.7687957882881165
0.6835111975669861
0.48113325238227844
0.8859145641326904
0.6215662360191345
0.3151453137397766
0.176626056432724
0.6340837478637695
0.3644670248031616
0.6049043536186218
0.6454743146896362
0.7002482414245605
0.3984887897968292
0.35159608721733093
0.7690336108207703
0.7979843616485596
0.03751685842871666
0.4687967300415039
0.5642116665840149
0.7700491547584534
0.42336946725845337
0.40714558959007263
0.8993396759033203
0.10431802272796631
0.23087874054908752
0.23197361826896667
0.9907112717628479
0.407021164894104
0.254354327917099
0.19793131947517395
0.9514235258102417
0.7500159740447998
0.6704915165901184
0.1698921173810959
0.8983758091926575
0.173634871840477
0.7544129490852356
0.06398682296276093
0.09294306486845016
0.24899888038635254
0.7365825772285461
0.9623166918754578
0.24053578078746796
0.1905871033668518
0.8415858745574951
0.4722958505153656
0.9037062525749207
0.7378314137458801
0.6337047219276428
0.11909344047307968
0.8607115149497986
0.256173312664032
0.09604290872812271
0.07110757380723953
0.6076602339744568
0.3079824149608612
0.08443062007427216
0.46976152062416077
0.24781537055969238
0.4355996251106262
0.7608869671821594
0.28267180919647217
0.09216749668121338
0.90827476978302
0.24360251426696777
0.48116692900657654
0.136463925242424
0.11364314705133438
0.576304018497467
0.7079460620880127
0.5787359476089478
0.374886155128479
0.8397838473320007
0.4377914369106293
0.7647800445556641
0.7367585897445679
0.9898341298103333
0.6401786208152771
0.8823266625404358
0.6313547492027283
0.8523358702659607
0.07767387479543686
0.8291784524917603
0.1988935023546219
0.5203667283058167
0.48409104347229004
0.4368603229522705
0.40767961740493774
0.025658391416072845
0.22827281057834625
0.7166841626167297
0.052170153707265854
0.020490985363721848
0.6952611804008484
0.3337094187736511
0.5382997393608093
0.4368003308773041
0.8689656257629395
0.8598608374595642
0.08394012600183487
0.9236851930618286
0.8139768242835999
0.5848076939582825
0.33619365096092224
0.2786647379398346
0.37197965383529663
0.04458492249250412
0.36376816034317017
0.8133204579353333
0.9793263077735901
0.910403311252594
0.4577152132987976
0.42673540115356445
0.6133999824523926
0.8943793177604675
0.8399688601493835
0.7454782724380493
0.38303688168525696
0.45197534561157227
0.6334750056266785
0.45130690932273865
0.9058651328086853
0.882059633731842
0.583469808101654
0.541471540927887
0.7707517743110657
0.6374166011810303
0.4457662105560303
0.36410173773765564
0.9026032090187073
0.5027793645858765
0.534484326839447
0.7097309827804565
0.20825231075286865
0.3829319179058075
0.3425807058811188
0.05085236579179764
0.2220735400915146
0.9441614747047424
0.6570284366607666
0.976697564125061
0.6172237992286682
0.6299895644187927
0.1495324969291687
0.8941777944564819
0.9768427014350891
0.6244381070137024
0.7367233633995056
0.8158427476882935
0.48469722270965576
0.22129152715206146
0.22076916694641113
0.6252397894859314
0.6877822279930115
0.706099808216095
0.86620032787323
0.7763057351112366
0.4270496368408203
0.4116494357585907
0.6341432929039001
0.43822672963142395
0.9009261131286621
0.5309940576553345
0.5118377208709717
0.4256666302680969
0.8893914818763733
0.6325485706329346
0.6348583102226257
0.765880286693573
0.35793614387512207
0.7670741677284241
0.9548371434211731
0.2619059085845947
0.811678409576416
0.3073865473270416
0.2900608479976654
0.01493823155760765
0.7511423826217651
0.3224806785583496
0.7398823499679565
0.3639352321624756
0.8632174730300903
0.4979974329471588
0.679500162601471
0.5411469340324402
0.2450200915336609
0.545540988445282
0.7728407979011536
0.7565991282463074
0.6119179129600525
0.3795725107192993
0.1564939320087433
0.4141979515552521
0.07413039356470108
0.7047785520553589
0.44502705335617065
0.5156600475311279
0.9578476548194885
0.3128218650817871
0.3196360766887665
0.08367618173360825
0.8488203287124634
0.8719013333320618
0.07229389250278473
0.04489126801490784
0.05341319367289543
0.4912085235118866
0.02645186334848404
0.4759376049041748
0.35632267594337463
0.008610133081674576
0.5876863598823547
0.49972957372665405
0.20092357695102692
0.6693288087844849
0.2642040550708771
0.3484734892845154
0.6444991230964661
0.4831286072731018
0.07654628902673721
0.07409819960594177
0.43793532252311707
0.37712010741233826
0.6275637745857239
0.7309936881065369
0.4245891571044922
0.741672694683075
0.3593568205833435
0.191927969455719
0.9219533801078796
0.8921983242034912
0.12631456553936005
0.7358249425888062
0.14308381080627441
0.8038464784622192
0.41138342022895813
0.11448214948177338
0.7082710266113281
0.37265586853027344
0.6006350517272949
0.26771944761276245
0.8468807935714722
0.6812790036201477
0.6551112532615662
0.33433595299720764
0.20135043561458588
0.3517143726348877
0.3405700922012329
0.15491388738155365
0.26335254311561584
0.5152314305305481
0.7039093375205994
0.4461420774459839
0.007711500395089388
0.5790915489196777
0.3029211461544037
0.5328570604324341
0.8925455212593079
0.24742797017097473
0.11020641773939133
0.5687458515167236
0.5618813633918762
0.11797570437192917
0.9630533456802368
0.6401687860488892
0.9693611860275269
0.4457341134548187
0.031071029603481293
0.2994244396686554
0.6826643347740173
0.8587551116943359
0.8365440368652344
0.8040943741798401
0.766493558883667
0.30598607659339905
0.9949284791946411
0.04660933464765549
0.37532180547714233
0.22259604930877686
0.19387304782867432
0.2983705699443817
0.20048317313194275
0.45621949434280396
0.401530921459198
0.48416605591773987
0.32571348547935486
0.9455156326293945
0.3992396295070648
0.05466049537062645
0.46927201747894287
0.00023523268464487046
0.45849213004112244
0.17233026027679443
0.9464317560195923
0.49281126260757446
0.6327550411224365
0.3702468276023865
0.8298099637031555
0.08475978672504425
0.2131822556257248
0.06960336863994598
0.024713730439543724
0.048920825123786926
0.4943142235279083
0.9544196128845215
0.43306708335876465
0.050828054547309875
0.039729613810777664
0.9396670460700989
0.9191192388534546
0.26134589314460754
0.35519587993621826
0.34893903136253357
0.34459054470062256
0.6276649236679077
0.11676938086748123
0.04527360200881958
0.5957143902778625
0.8717502951622009
0.7218729257583618
0.3709964156150818
0.7009983658790588
0.8849465250968933
0.8154271245002747
0.8211563229560852
0.6168542504310608
0.6006705164909363
0.04161006957292557
0.5952098965644836
0.3416922390460968
0.5663831233978271
0.23566175997257233
0.33183467388153076
0.4559538662433624
0.35204455256462097
0.29955124855041504
0.1326303333044052
0.031049078330397606
0.5158625245094299
0.4070240259170532
0.9835938215255737
0.011152553372085094
0.5149416327476501
0.04474567621946335
0.2512018084526062
0.013458284549415112
0.41176632046699524
0.0680239349603653
0.9504653811454773
0.6780340671539307
0.3633100986480713
0.8471387028694153
0.40733760595321655
0.5711262822151184
0.8246327042579651
0.12661691009998322
0.2757883667945862
0.8119720220565796
0.4147416651248932
0.9556180834770203
0.16726604104042053
0.2621801495552063
0.8425964117050171
0.7509043216705322
0.7177210450172424
0.49097660183906555
0.8617468476295471
0.7925923466682434
0.7919161319732666
0.19974204897880554
0.8070553541183472
0.6203493475914001
0.9337990283966064
0.9308464527130127
0.5385141372680664
0.6261104345321655
0.15321412682533264
0.6486639380455017
0.5482990145683289
0.10857287049293518
0.5797052383422852
0.1175166592001915
0.4422713816165924
0.6989209651947021
0.9693933129310608
0.5502504110336304
0.7353543639183044
0.872395396232605
0.36411088705062866
0.10833533108234406
0.19189469516277313
0.7318792343139648
0.6353060007095337
0.9124688506126404
0.551912784576416
0.6507458686828613
0.4250046908855438
0.9191792011260986
0.8114756345748901
0.5381514430046082
0.03651444986462593
0.7393831014633179
0.8548752665519714
0.947740375995636
0.4027245044708252
0.21199560165405273
0.6398383975028992
0.7347556948661804
0.37705036997795105
0.66324383020401
0.5778594017028809
0.5889608860015869
0.9073980450630188
0.8232245445251465
0.3456820249557495
0.668791651725769
0.45050084590911865
0.025551512837409973
0.6191176176071167
0.8057584166526794
0.45862480998039246
0.590151846408844
0.5145959258079529
0.032586634159088135
0.10558637231588364
0.309022456407547
0.7210545539855957
0.31341999769210815
0.3072735071182251
0.08282726258039474
0.13888044655323029
0.9767700433731079
0.5161700248718262
0.031962402164936066
0.4943746328353882
0.39499470591545105
0.46639394760131836
0.29723531007766724
0.5651729702949524
0.28208616375923157
0.42956188321113586
0.17493273317813873
0.5926556587219238
0.0422649085521698
0.17040477693080902
0.25740936398506165
0.3871968984603882
0.3351263701915741
0.04577460512518883
0.8367800116539001
0.7305976152420044
0.3090939223766327
0.5781598687171936
0.43225905299186707
0.19798530638217926
0.5842742919921875
0.8568207621574402
0.8014379143714905
0.6254099607467651
0.1356768161058426
0.12327571958303452
0.5201873779296875
0.31142276525497437
0.9121326208114624
0.8520750999450684
0.6148204207420349
0.31089693307876587
0.2996917963027954
0.3633381426334381
0.9246242642402649
0.3595499098300934
0.27057579159736633
0.833940327167511
0.256283700466156
0.30174803733825684
0.9160208106040955
0.9080111384391785
0.01979207806289196
0.9400750994682312
0.7132524251937866
0.907014787197113
0.3276173770427704
0.2788129150867462
0.6866641640663147
0.796919584274292
0.6151230335235596
0.4672811031341553
0.3931354582309723
0.5623023509979248
0.07961318641901016
0.24454756081104279
0.7550090551376343
0.050754278898239136
0.34515801072120667
0.022310715168714523
0.22945241630077362
0.1400722861289978
0.1270851045846939
0.9019132852554321
0.010989700444042683
0.6406847238540649
0.3252561688423157
0.7264999151229858
0.31517088413238525
0.6533284187316895
0.8467112183570862
0.6812200546264648
0.08242522180080414
0.5267567038536072
0.10116151720285416
0.12015841901302338
0.3083793520927429
0.14180204272270203
0.5580065846443176
0.4316001832485199
0.9170811176300049
0.6022553443908691
0.8697814345359802
0.9829255938529968
0.3262878954410553
0.17533083260059357
0.32331761717796326
0.5469740033149719
0.5438304543495178
0.6626599431037903
0.6577288508415222
0.8294196724891663
0.7211735248565674
0.3452272415161133
0.8155425786972046
0.3841787874698639
0.7401534914970398
0.08358264714479446
0.6382120251655579
0.9758687615394592
0.9645974636077881
0.8596885800361633
0.9068233966827393
0.015977535396814346
0.8207792639732361
0.5901380777359009
0.7730583548545837
0.6682751774787903
0.5442567467689514
0.9488214254379272
0.5356073379516602
0.5277333855628967
0.20848265290260315
0.9630224108695984
0.9991269111633301
0.690295934677124
0.0819772332906723
0.09124995768070221
0.8597787022590637
0.44393160939216614
0.8690656423568726
0.06120782345533371
0.11044275760650635
0.8601223230361938
0.6243542432785034
0.7183275818824768
0.6078060865402222
0.06548727303743362
0.608550488948822
0.8016026616096497
0.14598536491394043
0.11398669332265854
0.7020070552825928
0.4719473719596863
0.00018142213230021298
0.10920244455337524
0.5256926417350769
0.21422022581100464
0.24631527066230774
0.26858118176460266
0.26452645659446716
0.773209810256958
0.5389847159385681
0.4205091893672943
0.6907045841217041
0.7544731497764587
0.3593575358390808
0.11209549754858017
0.22979804873466492
0.23649971187114716
0.2049740105867386
0.410013347864151
0.9527010917663574
0.49672117829322815
0.23960603773593903
0.9664491415023804
0.15431956946849823
0.6069342494010925
0.6310469508171082
0.3429689407348633
0.8882256150245667
0.964201807975769
0.4791264533996582
0.8628432750701904
0.7593703269958496
0.01745186187326908
0.03678036853671074
0.8690112829208374
0.9864740371704102
0.7638245820999146
0.9212812781333923
0.440371036529541
0.6199548244476318
0.8147618770599365
0.4096822142601013
0.32393878698349
0.8860092759132385
0.9086290001869202
0.406179279088974
0.08033067733049393
0.6816754341125488
0.9025263786315918
0.6209242939949036
0.0394730269908905
0.5701534152030945
0.9117372632026672
0.0034231548197567463
0.5426059365272522
0.19521932303905487
0.4049054682254791
0.2545820474624634
0.7016631960868835
0.7494921088218689
0.9937250018119812
0.2980530560016632
0.9506412148475647
0.35256609320640564
0.19037212431430817
0.48835286498069763
0.051596179604530334
0.5618636608123779
0.9381508827209473
0.9127888083457947
0.13861612975597382
0.05976950749754906
0.17941702902317047
0.7956113815307617
0.559396505355835
0.18455789983272552
0.8811224102973938
0.7517899870872498
0.005381017457693815
0.5153700709342957
0.689213216304779
0.8326526880264282
0.4390961527824402
0.4526641070842743
0.750002920627594
0.1402694284915924
0.9914386868476868
0.2504659593105316
0.6819356679916382
0.5311940908432007
0.09473598748445511
0.7652629613876343
0.9367156624794006
0.10254102200269699
0.38297411799430847
0.09299194067716599
0.725354790687561
0.051568273454904556
0.5664567947387695
0.6169106960296631
0.28909870982170105
0.5418733954429626
0.0746886283159256
0.3160010874271393
0.8794324994087219
0.18992531299591064
0.7754193544387817
0.5135055780410767
0.8682844042778015
0.4132302701473236
0.9201270341873169
0.21040695905685425
0.03477179631590843
0.039798445999622345
0.31991082429885864
0.8563827276229858
0.36699551343917847
0.8077311515808105
0.8287550210952759
0.6379663944244385
0.8009401559829712
0.8670805096626282
0.48041585087776184
0.199032261967659
0.22285564243793488
0.1725313812494278
0.7678881883621216
0.702460527420044
0.24294494092464447
0.166315957903862
0.7454503774642944
0.6470053791999817
0.3465716540813446
0.5649343729019165
0.13030971586704254
0.12346143275499344
0.3389737606048584
0.11266487091779709
0.20713745057582855
0.05722612142562866
0.8363581895828247
0.29925861954689026
0.7127758264541626
0.3941092789173126
0.7491815090179443
0.32523098587989807
0.5064295530319214
0.9012048244476318
0.8298759460449219
0.40543022751808167
0.8814828395843506
0.872035801410675
0.5955941081047058
0.5305797457695007
0.6931642889976501
0.8688383102416992
0.043460115790367126
0.7727621793746948
0.7156147360801697
0.9161811470985413
0.46561282873153687
0.8270052075386047
0.35368433594703674
0.10520569980144501
0.4731779098510742
0.9260318279266357
0.7134791016578674
0.02724718675017357
0.46247151494026184
0.39828240871429443
0.4996570348739624
0.06390375643968582
0.23428291082382202
0.27034899592399597
0.7619943618774414
0.19205746054649353
0.9572485685348511
0.5609208345413208
0.30427470803260803
0.022849971428513527
0.3551734983921051
0.912720799446106
0.6443180441856384
0.04669572412967682
0.057164162397384644
0.20428459346294403
0.06834319233894348
0.22997164726257324
0.2387285977602005
0.14164642989635468
0.5534079074859619
0.9980772137641907
0.11489411443471909
0.2563839256763458
0.954123854637146
0.1321783810853958
0.8163576126098633
0.9908844232559204
0.8399797081947327
0.20655575394630432
0.23453375697135925
0.9379733204841614
0.16807931661605835
0.31736642122268677
0.2924167513847351
0.47141560912132263
0.2094826102256775
0.7130420207977295
0.926190972328186
0.18676471710205078
0.9679060578346252
0.500357449054718
0.10426758229732513
0.27213147282600403
0.5405939817428589
0.4650515913963318
0.7193183302879333
0.7580832242965698
0.6430157423019409
0.2670646011829376
0.4272994101047516
0.9319801330566406
0.8016260862350464
0.9725921154022217
0.6617149710655212
0.49723953008651733
0.5488592386245728
0.442925363779068
0.16571596264839172
0.5891010761260986
0.2281523197889328
0.47710296511650085
0.34162092208862305
0.9021424651145935
0.6900976300239563
0.6648543477058411
0.4161321818828583
0.24036988615989685
0.3579506278038025
0.6144927740097046
0.1509687453508377
0.46850937604904175
0.9575547575950623
0.3935457170009613
0.5044204592704773
0.397122859954834
0.485177606344223
0.32591691613197327
0.5536571145057678
0.7611720561981201
0.5512248277664185
0.6265758275985718
0.7548002004623413
0.45384612679481506
0.16409438848495483
0.3798249661922455
0.19061420857906342
0.004095157142728567
0.13138988614082336
0.5596203207969666
0.13661634922027588
0.09239295870065689
0.8159123659133911
0.12927576899528503
0.33876848220825195
0.3315125107765198
0.06895308196544647
0.18673942983150482
0.31293851137161255
0.46194061636924744
0.8293313384056091
0.13429079949855804
0.0822029709815979
0.8916601538658142
0.34141096472740173
0.24021416902542114
0.4575813114643097
0.7496176362037659
0.32212212681770325
0.33517295122146606
0.9529204368591309
0.9419889450073242
0.5022181272506714
0.6563892364501953
0.9808387160301208
0.9758051633834839
0.6470150947570801
0.9386578798294067
0.6774742603302002
0.34803491830825806
0.864441990852356
0.25078219175338745
0.7670563459396362
0.9241167306900024
0.8495795726776123
0.4660719037055969
0.7959230542182922
0.9610402584075928
0.02025994285941124
0.17372000217437744
0.4302659332752228
0.9346423149108887
0.17236346006393433
0.29553547501564026
0.9776041507720947
0.2655158042907715
0.2675963342189789
0.22766855359077454
0.3057454228401184
0.44698622822761536
0.09022469073534012
0.4601694345474243
0.21811749041080475
0.8946998715400696
0.2097671627998352
0.5213190913200378
0.8865591287612915
0.44726917147636414
0.9330574870109558
0.36046943068504333
0.42522624135017395
0.4458780884742737
0.44126030802726746
0.9478787183761597
0.9255186319351196
0.03344894200563431
0.5202392339706421
0.5353454947471619
0.3784182071685791
0.9193822145462036
0.1778332144021988
0.32005125284194946
0.4177134335041046
0.29760172963142395
0.1922406703233719
0.549177348613739
0.586747407913208
0.9374213218688965
0.2090010941028595
0.9737428426742554
0.6885479092597961
0.07020392268896103
0.08708799630403519
0.05936131253838539
0.8488395810127258
0.38013777136802673
0.17806538939476013
0.553628146648407
0.8601208329200745
0.117665596306324
0.8653281927108765
0.24139836430549622
0.7951537370681763
0.6805734634399414
0.03428550809621811
0.9504791498184204
0.2511601448059082
0.8943686485290527
0.9070578217506409
0.7888739705085754
0.578990638256073
0.02423633262515068
0.6687322854995728
0.9402287602424622
0.8161091804504395
0.24116747081279755
0.4455706477165222
0.33801740407943726
0.5054616332054138
0.32636886835098267
0.9833017587661743
0.4632921814918518
0.31340909004211426
0.3100475072860718
0.9510170221328735
0.6645187139511108
0.5376080274581909
0.5016027688980103
0.8460948467254639
0.19127841293811798
0.17217935621738434
0.8736787438392639
0.5055656433105469
0.6857069730758667
0.6893449425697327
0.38993561267852783
0.43064287304878235
0.0502236932516098
0.02032613195478916
0.3670654594898224
0.2262154519557953
0.0874689593911171
0.4712419807910919
0.34963399171829224
0.9358827471733093
0.13707658648490906
0.1922091245651245
0.5994195938110352
0.5764055252075195
0.21107473969459534
0.6536223292350769
0.07462389767169952
0.4073006808757782
0.4999830424785614
0.12240259349346161
0.5055177211761475
0.7375991940498352
0.0050424849614501
0.6695011258125305
0.33118733763694763
0.6957108974456787
0.6690177917480469
0.5582461953163147
0.07109513878822327
0.7689254283905029
0.48515230417251587
0.8474771976470947
0.4284292161464691
0.1510830670595169
0.21175293624401093
0.5655253529548645
0.25757071375846863
0.10359252989292145
0.4922328591346741
0.7117109894752502
0.9123839735984802
0.60036700963974
0.970343291759491
0.5919569730758667
0.2800474762916565
0.4926154315471649
0.23788368701934814
0.3812648355960846
0.6651116013526917
0.6569782495498657
0.551656186580658
0.6781828999519348
0.00636376952752471
0.2963109314441681
0.6746399998664856
0.44287699460983276
0.3571986258029938
0.06150834634900093
0.301713764667511
0.16426745057106018
0.3132219612598419
0.27856019139289856
0.649071991443634
0.816865861415863
0.10387513786554337
0.3852611780166626
0.17778021097183228
0.025302568450570107
0.36751675605773926
0.9747400879859924
0.678128182888031
0.05945222079753876
0.09391481429338455
0.8592956066131592
0.8293176293373108
0.5004015564918518
0.4972343146800995
0.2729808986186981
0.400977224111557
0.6352300643920898
0.32075235247612
0.8471047878265381
0.6057431697845459
0.38319045305252075
0.18550628423690796
0.3840564489364624
0.985463559627533
0.3015121817588806
0.9063523411750793
0.12831124663352966
0.5835813879966736
0.9821681380271912
0.010428570210933685
0.7988790273666382
0.7970627546310425
0.515506386756897
0.39614543318748474
0.23306526243686676
0.2712886333465576
0.47592803835868835
0.9509792327880859
0.7244765162467957
0.05541953444480896
0.8905343413352966
0.019275229424238205
0.062315683811903
0.9587904214859009
0.8773512840270996
0.537144124507904
0.8836866617202759
0.3961308002471924
0.5985975861549377
0.38404396176338196
0.2823944389820099
0.7134264707565308
0.03481971099972725
0.9974525570869446
0.4785296320915222
0.3331102728843689
0.9295233488082886
0.4826643764972687
0.2661348283290863
0.6628439426422119
0.5228029489517212
0.13190236687660217
0.19600816071033478
0.8224095702171326
0.6403542160987854
0.7295401096343994
0.7939733862876892
0.8514767289161682
0.4944099485874176
0.5433480143547058
0.9776697158813477
0.6269882917404175
0.2876359224319458
0.45051953196525574
0.8333296775817871
0.01549842394888401
0.14079426229000092
0.28484368324279785
0.208303764462471
0.3622887432575226
0.6838046312332153
0.05836673453450203
0.18505683541297913
0.5690129995346069
0.2827497720718384
0.8924888372421265
0.050620000809431076
0.41088083386421204
0.6290457248687744
0.6373361349105835
0.34016138315200806
0.8534305095672607
0.08105748891830444
0.7174510359764099
0.1831205189228058
0.8758034706115723
0.37920767068862915
0.422139436006546
0.9312591552734375
0.4914380609989166
0.2263932079076767
0.032957080751657486
0.5631904006004333
0.28044357895851135
0.7250929474830627
0.5481588244438171
0.5325235724449158
0.167188823223114
0.6191419363021851
0.7716593742370605
0.4241785407066345
0.3361549973487854
0.7813912630081177
0.9326815605163574
0.634626567363739
0.6988098621368408
0.1329250931739807
0.8794960975646973
0.8288050889968872
0.1842471957206726
0.560867428779602
0.48953795433044434
0.3793482184410095
0.437639057636261
0.5960081815719604
0.9610545635223389
0.20731708407402039
0.4622783660888672
0.17067430913448334
0.9101825952529907
0.5867170095443726
0.01370954979211092
0.6886439919471741
0.7297878861427307
0.8517839312553406
0.48859167098999023
0.7676562666893005
0.8481839299201965
0.2124127894639969
0.869309663772583
0.7520201206207275
0.8987958431243896
0.3476492762565613
0.7621865272521973
0.725606381893158
0.9158213138580322
0.47716450691223145
0.7073246240615845
0.2516394555568695
0.7265371680259705
0.06920178234577179
0.24688184261322021
0.7706269025802612
0.6202042102813721
0.40636345744132996
0.8023639917373657
0.5509218573570251
0.11426084488630295
0.7655653357505798
0.013170560821890831
0.10636124014854431
0.7974538803100586
0.5163827538490295
0.049303460866212845
0.24922478199005127
0.46235087513923645
0.7947938442230225
0.09844288229942322
0.6391022801399231
0.14903327822685242
0.6635632514953613
0.686320960521698
0.07317481935024261
0.9431875944137573
0.2779821455478668
0.000759963586460799
0.6261622309684753
0.6298869252204895
0.5928780436515808
0.15236184000968933
0.9965978264808655
0.20579025149345398
0.27599385380744934
0.45554566383361816
0.09503639489412308
0.18677563965320587
0.7588099837303162
0.08743266016244888
0.6477680206298828
0.6249712705612183
0.45711076259613037
0.058653343468904495
0.7986382842063904
0.5647249817848206
0.18210941553115845
0.7419288754463196
0.03798959031701088
0.2193250060081482
0.8142250776290894
0.47675925493240356
0.30449384450912476
0.2414574921131134
0.4657813012599945
0.5581539273262024
0.5622313022613525
0.7958206534385681
0.7027789354324341
0.07066896557807922
0.2292671948671341
0.1646994948387146
0.3809715211391449
0.5000132322311401
0.0014923685230314732
0.6346357464790344
0.17804338037967682
0.17010626196861267
0.8089728951454163
0.046058110892772675
0.46611151099205017
0.3636150658130646
0.3839927911758423
0.1527687907218933
0.6286588311195374
0.7623410224914551
0.20917406678199768
0.7964066863059998
0.2494857758283615
0.8148587942123413
0.3787670433521271
0.6198101043701172
0.5159374475479126
0.16800887882709503
0.4710136950016022
0.6281574368476868
0.12898360192775726
0.36343613266944885
0.22813774645328522
0.7526080012321472
0.49208059906959534
0.4428422749042511
0.6876824498176575
0.7855969667434692
0.681166410446167
0.42454278469085693
0.19518296420574188
0.03406617417931557
0.21084247529506683
0.34742701053619385
0.12145865708589554
0.32180172204971313
0.11031554639339447
0.17496170103549957
0.4748235046863556
0.9659287333488464
0.5005589127540588
0.3784305453300476
0.5757296085357666
0.3218978941440582
0.027355976402759552
0.6223594546318054
0.569362998008728
0.013805300928652287
0.6375988721847534
0.13507941365242004
0.7986018061637878
0.06419425457715988
0.8944053649902344
0.023380888625979424
0.7999320030212402
0.28955113887786865
0.8155220150947571
0.19932672381401062
0.30010414123535156
0.9695224165916443
0.24947476387023926
0.22344861924648285
0.384014755487442
0.2183007448911667
0.5261513590812683
0.5140065550804138
0.8065578937530518
0.5544063448905945
0.7960188388824463
0.6536035537719727
0.028236012905836105
0.10104664415121078
0.4452784061431885
0.4764288067817688
0.5411670207977295
0.6371349096298218
0.03631977736949921
0.7884384393692017
0.14423207938671112
0.4655264616012573
0.7471306920051575
0.8936166763305664
0.6327658295631409
0.47889086604118347
0.9204151034355164
0.2968326508998871
0.8718050718307495
0.3138481080532074
0.6295855641365051
0.11820939928293228
0.8095476627349854
0.857469916343689
0.20906390249729156
0.8216062188148499
0.5842622518539429
0.6065813302993774
0.9866146445274353
0.34110164642333984
0.6347096562385559
0.3136886656284332
0.3958965539932251
0.8430271148681641
0.8623924851417542
0.6979182362556458
0.5461372137069702
0.22672539949417114
0.5575891733169556
0.6920198202133179
0.12170678377151489
0.4659595191478729
0.007382980547845364
0.34544575214385986
0.2764739692211151
0.9906297922134399
0.6118503212928772
0.0125493835657835
0.6201643943786621
0.0568450503051281
0.3343627452850342
0.4036113917827606
0.2670620381832123
0.5250725746154785
0.8070946931838989
0.7135353684425354
0.08121003210544586
0.35601601004600525
0.5250072479248047
0.11663634330034256
0.8655779957771301
0.023269012570381165
0.2258971780538559
0.4294585585594177
0.18304896354675293
0.6651436686515808
0.8528648614883423
0.22489218413829803
0.27737829089164734
0.42478951811790466
0.9793426394462585
0.1531364619731903
0.011408315971493721
0.25480008125305176
0.5430282950401306
0.8347983360290527
0.7560731172561646
0.18361082673072815
0.416100412607193
0.2526923418045044
0.46093031764030457
0.1373356580734253
0.5762622356414795
0.9812170267105103
0.49834567308425903
0.20255830883979797
0.930670976638794
0.4416767954826355
0.25073015689849854
0.13557858765125275
0.42270296812057495
0.33541661500930786
0.38285011053085327
0.29550954699516296
0.6425814032554626
0.5247589945793152
0.989666759967804
0.3839901089668274
0.41667377948760986
0.5273481607437134
0.6400709748268127
0.5638933181762695
0.8340067863464355
0.8087483048439026
0.49343550205230713
0.523631751537323
0.382425993680954
0.4787355661392212
0.053343527019023895
0.18247225880622864
0.8803514838218689
0.5097327828407288
0.3666752278804779
0.4017618000507355
0.9596266746520996
0.04290488734841347
0.20781363546848297
0.25440728664398193
0.45705023407936096
0.04009096696972847
0.2755487263202667
0.24048255383968353
0.2867770791053772
0.804205596446991
0.05417469143867493
0.7947138547897339
0.44892460107803345
0.45234009623527527
0.16018763184547424
0.8233344554901123
0.6610755324363708
0.7428615093231201
0.6404730081558228
0.8209758400917053
0.020926030352711678
0.25284215807914734
0.15024882555007935
0.9741408228874207
0.6036030650138855
0.11333362013101578
0.6195720434188843
0.364608496427536
0.7491291165351868
0.9617234468460083
0.7684546709060669
0.7109113335609436
0.2630138099193573
0.8885924816131592
0.5945625901222229
0.7154452800750732
0.3608592748641968
0.49538424611091614
0.3577282130718231
0.8127588033676147
0.22999216616153717
0.8550296425819397
0.9917548298835754
0.054720111191272736
0.3261561989784241
0.6038057208061218
0.4387889802455902
0.9204061031341553
0.09276484698057175
0.39129528403282166
0.38906237483024597
0.4247979521751404
0.7091984748840332
0.49269139766693115
0.15485219657421112
0.662135124206543
0.400951623916626
0.5438053011894226
0.35910800099372864
0.9202672243118286
0.7559367418289185
0.018804369494318962
0.9708488583564758
0.6175552010536194
0.3947240710258484
0.06509970128536224
0.7686264514923096
0.13452236354351044
0.31495824456214905
0.23153318464756012
0.6451026797294617
0.5505887269973755
0.7310242056846619
0.8562709093093872
0.507622241973877
0.2880385220050812
0.7039627432823181
0.8383234739303589
0.5063843131065369
0.9426983594894409
0.4048595130443573
0.12869741022586823
0.31696632504463196
0.018917487934231758
0.6075155138969421
0.3094418942928314
0.3708764910697937
0.3152890205383301
0.9034245610237122
0.008809852413833141
0.7162014245986938
0.010655905120074749
0.030293691903352737
0.9970189332962036
0.8302920460700989
0.09670108556747437
0.6628425121307373
0.8281818628311157
0.4489661455154419
0.6255089640617371
0.27690035104751587
0.49529820680618286
0.3181208670139313
0.5338124632835388
0.6553840637207031
0.4809274673461914
0.5997831225395203
0.8011917471885681
0.2640349864959717
0.2712763249874115
0.9548609256744385
0.20718906819820404
0.8081410527229309
0.5288677215576172
0.01073230616748333
0.4466409385204315
0.7578830122947693
0.020404716953635216
0.970228374004364
0.9688273072242737
0.9143344759941101
0.34817570447921753
0.5504705309867859
0.27548548579216003
0.36452773213386536
0.8424214124679565
0.5885645151138306
0.8365456461906433
0.5207043886184692
0.3405663073062897
0.4325680136680603
0.46360084414482117
0.5317069888114929
0.4320414662361145
0.6307249069213867
0.3055659234523773
0.8859164118766785
0.4004155993461609
0.4926622211933136
0.8752390146255493
0.25136426091194153
0.39811328053474426
0.6160472631454468
0.4086492657661438
0.48044925928115845
0.8165375590324402
0.9654973149299622
0.5187723636627197
0.5417209267616272
0.23503904044628143
0.349701464176178
0.1574772447347641
0.94968181848526
0.9592409729957581
0.006090291775763035
0.3256138861179352
0.06068689003586769
0.9551815986633301
0.10405554622411728
0.4871744215488434
0.1028226837515831
0.39157989621162415
0.3266140818595886
0.7419660687446594
0.7804530262947083
0.44150394201278687
0.8262487649917603
0.3450111150741577
0.04648248478770256
0.9224779605865479
0.23137648403644562
0.8965105414390564
0.06526333838701248
0.793336808681488
0.159883052110672
0.4380096197128296
0.3970845937728882
0.007670063991099596
0.703191339969635
0.7434266209602356
0.8330506682395935
0.5333927273750305
0.14774012565612793
0.37173712253570557
0.3159090280532837
0.9720625281333923
0.2854119539260864
0.013754825107753277
0.3847700357437134
0.11097189038991928
0.6318638324737549
0.09976600110530853
0.7067505717277527
0.3596495985984802
0.27219557762145996
0.805190920829773
0.5698896646499634
0.9226309061050415
0.5464216470718384
0.4566396176815033
0.2662146985530853
0.6119258403778076
0.7004734873771667
0.9060890078544617
0.24394264817237854
0.9198857545852661
0.1327032893896103
0.16048592329025269
0.37743836641311646
0.016954811289906502
0.7403668761253357
0.3501966893672943
0.05454515665769577
0.38669413328170776
0.12437555193901062
0.6624473929405212
0.6140888929367065
0.5997230410575867
0.6547117233276367
0.6419340372085571
0.6922983527183533
0.9411465525627136
0.6661997437477112
0.9281225204467773
0.7133296728134155
0.5838631987571716
0.8403517603874207
0.18573759496212006
0.06482315063476562
0.32915422320365906
0.7434939742088318
0.38770171999931335
0.7861231565475464
0.6371216773986816
0.39272233843803406
0.7129150032997131
0.3212634027004242
0.00817044172435999
0.1958692967891693
0.22374945878982544
0.9792941212654114
0.7306324243545532
0.5617563128471375
0.48209789395332336
0.02788565680384636
0.8170478343963623
0.8695337772369385
0.053376030176877975
0.37174123525619507
0.29891669750213623
0.1036812961101532
0.3680698573589325
0.8312440514564514
0.6843496561050415
0.21373461186885834
0.9104871153831482
0.061331458389759064
0.34421712160110474
0.6924906373023987
0.5129750370979309
0.5319787859916687
0.5957812070846558
0.6361486315727234
0.008003334514796734
0.792727530002594
0.21113349497318268
0.4977389872074127
0.4635094702243805
0.8888421654701233
0.9307074546813965
0.6422252058982849
0.17853303253650665
0.16772283613681793
0.5217341184616089
0.34857288002967834
0.7188194990158081
0.7744607329368591
0.42110729217529297
0.6012989282608032
0.4962043762207031
0.8379049897193909
0.20821726322174072
0.8035100102424622
0.0077412002719938755
0.6055418848991394
0.6503108739852905
0.06889969855546951
0.48536553978919983
0.9822606444358826
0.302863210439682
0.6778724193572998
0.06112360209226608
0.5004113912582397
0.5028655529022217
0.9608641862869263
0.13532036542892456
0.03646691516041756
0.3956512212753296
0.8101508021354675
0.5878111720085144
0.03279934450984001
0.03951416537165642
0.3703007400035858
0.9804168343544006
0.302200585603714
0.9581932425498962
0.4265724718570709
0.4512457847595215
0.09137777239084244
0.2033943235874176
0.30558446049690247
0.9750301241874695
0.05712975189089775
0.5356035828590393
0.2970598042011261
0.23631204664707184
0.254682719707489
0.7098658680915833
0.44851192831993103
0.7636313438415527
0.2691672742366791
0.9381956458091736
0.2343713343143463
0.30986425280570984
0.8704067468643188
0.23747381567955017
0.7562452554702759
0.4629645049571991
0.1588643491268158
0.6922454833984375
0.7303986549377441
0.39133065938949585
0.7375234365463257
0.5923587083816528
0.2128968983888626
0.5064668655395508
0.6387689113616943
0.17466561496257782
0.37871289253234863
0.3445780575275421
0.10897078365087509
0.247699573636055
0.9188506007194519
0.568233847618103
0.9038615822792053
0.5151336193084717
0.45883211493492126
0.5977783799171448
0.934341311454773
0.9027873277664185
0.06218358129262924
0.47106510400772095
0.9344755411148071
0.3758279085159302
0.5213239192962646
0.1817823350429535
0.665049135684967
0.9797713160514832
0.9511446356773376
0.5860620141029358
0.8426598906517029
0.31290456652641296
0.5339476466178894
0.48130157589912415
0.017395537346601486
0.1903315633535385
0.7406423091888428
0.5377870202064514
0.48068857192993164
0.7949769496917725
0.9979676604270935
0.5101332068443298
0.02283540368080139
0.07726488262414932
0.5794450044631958
0.897877037525177
0.15588854253292084
0.14597277343273163
0.7382768988609314
0.23635688424110413
0.21550025045871735
0.9063456058502197
0.3345836102962494
0.5920871496200562
0.08511441200971603
0.1936902105808258
0.37333235144615173
0.4689982235431671
0.670753538608551
0.9566386342048645
0.24905990064144135
0.12425969541072845
0.09659707546234131
0.4366421401500702
0.009778252802789211
0.5322257876396179
0.07108355313539505
0.5139985084533691
0.5061550140380859
0.29364868998527527
0.7873088717460632
0.13184820115566254
0.5013008713722229
0.71595698595047
0.124236099421978
0.3593443036079407
0.9341884851455688
0.1439495086669922
0.6059598326683044
0.9289906620979309
0.3405786156654358
0.3468170464038849
0.6903660297393799
0.4627266228199005
0.8387715816497803
0.5900470018386841
0.33347389101982117
0.42878827452659607
0.13843296468257904
0.744709849357605
0.31826528906822205
0.8605374097824097
0.18747888505458832
0.06474234163761139
0.044682931154966354
0.14707329869270325
0.33396556973457336
0.26142677664756775
0.10625772178173065
0.7935704588890076
0.2266557663679123
0.5655792355537415
0.6670202016830444
0.5944892168045044
0.6513438820838928
0.13106785714626312
0.3108488619327545
0.42791688442230225
0.24276474118232727
0.9057817459106445
0.8075941205024719
0.6942043304443359
0.32942044734954834
0.04266432672739029
0.5015811920166016
0.6495363712310791
0.8883415460586548
0.4782458543777466
0.3669162690639496
0.7018855810165405
0.7209451198577881
0.40097376704216003
0.011055483482778072
0.36748218536376953
0.9656873941421509
0.8704169392585754
0.5664485096931458
0.829010546207428
0.9330206513404846
0.05074731633067131
0.5933312773704529
0.9848212599754333
0.8791215419769287
0.508689284324646
0.3135768473148346
0.09442829340696335
0.8472785949707031
0.10638641566038132
0.9407834410667419
0.5977678298950195
0.04143577441573143
0.10820485651493073
0.13881947100162506
0.2881332337856293
0.1551653891801834
0.7060539126396179
0.7276426553726196
0.8029130101203918
0.9826219081878662
0.9057080149650574
0.5974432229995728
0.2046722024679184
0.6288105845451355
0.304597944021225
0.3891230523586273
0.9723943471908569
0.6250729560852051
0.8187447786331177
0.2029510736465454
0.8644835948944092
0.6807888746261597
0.8236597776412964
0.5756703615188599
0.09360956400632858
0.924713671207428
0.9270140528678894
0.2887721061706543
0.9753662347793579
0.8395885229110718
0.8812738656997681
0.5024335384368896
0.08503393083810806
0.3196658194065094
0.6871078610420227
0.13120299577713013
0.8444328308105469
0.7911725044250488
0.8246251940727234
0.5708351135253906
0.6966679692268372
0.6676072478294373
0.9451285004615784
0.8902662992477417
0.30805620551109314
0.6559823751449585
0.5680725574493408
0.9175030589103699
0.37502095103263855
0.21115142107009888
0.7745063304901123
0.9280734062194824
0.3966657519340515
0.9360582232475281
0.4162648022174835
0.44039055705070496
0.09846749901771545
0.1271463930606842
0.5517772436141968
0.8229727745056152
0.31899741291999817
0.18307183682918549
0.9006942510604858
0.29132309556007385
0.03460292890667915
0.6943882703781128
0.39419984817504883
0.09490715712308884
0.6203746795654297
0.6871706247329712
0.4488336145877838
0.5762835741043091
0.8863909244537354
0.45609697699546814
0.6943292021751404
0.6161702871322632
0.10374479740858078
0.10757753998041153
0.35735833644866943
0.5267747044563293
0.006355499383062124
0.5864750742912292
0.12348589301109314
0.6289393305778503
0.3393930494785309
0.6246566772460938
0.616818368434906
0.941479504108429
0.30991658568382263
0.024225963279604912
0.4302954375743866
0.6402824521064758
0.2304997593164444
0.574449360370636
0.23727864027023315
0.16414645314216614
0.8221096992492676
0.3819786310195923
0.8028571009635925
0.5500500202178955
0.8955685496330261
0.8104091882705688
0.7788627743721008
0.9167922139167786
0.7101644277572632
0.897246778011322
0.05206790193915367
0.9876277446746826
0.4610211253166199
0.9472883343696594
0.8638752102851868
0.7521029114723206
0.17467351257801056
0.46795564889907837
0.8477898240089417
0.028587400913238525
0.821336567401886
0.6262165904045105
0.864416241645813
0.12145586311817169
0.2547471225261688
0.8863732814788818
0.7509028911590576
0.780579149723053
0.6029118895530701
0.8410564064979553
0.17660188674926758
0.10292475670576096
0.2732384502887726
0.5726416707038879
0.1458934098482132
0.46691620349884033
0.7780628800392151
0.5343113541603088
0.12679241597652435
0.7680375576019287
0.4182608127593994
0.23891106247901917
0.8458058834075928
0.5993866920471191
0.7158107161521912
0.4565988779067993
0.9389423727989197
0.6246616244316101
0.3114568591117859
0.9310924410820007
0.7947533130645752
0.7850910425186157
0.7150464653968811
0.2730807662010193
0.6673993468284607
0.3227960169315338
0.5524053573608398
0.9840129017829895
0.9880189299583435
0.12133266776800156
0.889223575592041
0.22112157940864563
0.4600841999053955
0.038427840918302536
0.3192385137081146
0.5662386417388916
0.6673808097839355
0.2512275278568268
0.2938305735588074
0.6716657280921936
0.7353804707527161
0.2809131145477295
0.6434317827224731
0.8850376605987549
0.8067559599876404
0.7425845265388489
0.4693654477596283
0.16067203879356384
0.36679187417030334
0.1305992752313614
0.34644392132759094
0.5467053055763245
0.3516993820667267
0.5333997011184692
0.4577430486679077
0.3737832307815552
0.02415226213634014
0.9247568845748901
0.7968213558197021
0.9808253049850464
0.2340385913848877
0.48286014795303345
0.19903267920017242
0.9187220335006714
0.11328959465026855
0.3147631287574768
0.6432157754898071
0.2937352657318115
0.17433425784111023
0.4125768542289734
0.26332753896713257
0.43978554010391235
0.30855846405029297
0.12241053581237793
0.07607036083936691
0.1692572385072708
0.8627898097038269
0.3574146032333374
0.01403905265033245
0.37762224674224854
0.543192446231842
0.16651034355163574
0.28901028633117676
0.8836483359336853
0.061415210366249084
0.4783394932746887
0.9701541066169739
0.43251076340675354
0.4173800051212311
0.6935906410217285
0.43154004216194153
0.23542509973049164
0.24347606301307678
0.23174872994422913
0.7591090798377991
0.2537958323955536
0.4556310176849365
0.14339962601661682
0.9747740030288696
0.650297999382019
0.7024580836296082
0.8928841352462769
0.16326183080673218
0.3293686807155609
0.24398677051067352
0.45291534066200256
0.903046190738678
0.40217819809913635
0.5188504457473755
0.12163478136062622
0.24116219580173492
0.9222359657287598
0.5434719324111938
0.11505569517612457
0.556240975856781
0.7720760703086853
0.7773522734642029
0.30822500586509705
0.053792230784893036
0.11639124155044556
0.6133196353912354
0.6985640525817871
0.18570934236049652
0.18622072041034698
0.976073682308197
0.8260142803192139
0.624627411365509
0.024302635341882706
0.4735012948513031
0.41688641905784607
0.057538703083992004
0.453143447637558
0.14847879111766815
0.9365094900131226
0.7234135866165161
0.5020479559898376
0.2864655554294586
0.3621174991130829
0.9400252103805542
0.8823877573013306
0.6474254131317139
0.20667672157287598
0.760806143283844
0.5474264621734619
0.6721816062927246
0.8994157314300537
0.7095509171485901
0.8423666954040527
0.0782456025481224
0.8976043462753296
0.2658971846103668
0.3956505358219147
0.7753855586051941
0.008275633677840233
0.032776135951280594
0.2639099955558777
0.028566772118210793
0.01336177159100771
0.06477062404155731
0.9256744384765625
0.6194650530815125
0.509928822517395
0.5771037936210632
0.26211732625961304
0.15254059433937073
0.2859041690826416
0.2535235583782196
0.5884019136428833
0.5460768938064575
0.032816365361213684
0.3472016751766205
0.3354473412036896
0.21726293861865997
0.9700342416763306
0.20290882885456085
0.38733401894569397
0.11746513098478317
0.5409980416297913
0.781196117401123
0.9094900488853455
0.8466399908065796
0.2487621009349823
0.10221477597951889
0.21898305416107178
0.6709797978401184
0.4145813584327698
0.13561324775218964
0.8137763738632202
0.4010698199272156
0.5678367018699646
0.9588240385055542
0.33785754442214966
0.7917796969413757
0.7048348188400269
0.3899562656879425
0.31075915694236755
0.11782201379537582
0.27421656250953674
0.395566463470459
0.7601017951965332
0.5148604512214661
0.1641734391450882
0.19488076865673065
0.6286742687225342
0.6468369364738464
0.6750342845916748
0.10098818689584732
0.18102486431598663
0.330604612827301
0.48779040575027466
0.7853674292564392
0.7478073835372925
0.8357454538345337
0.09179885685443878
0.18183818459510803
0.7488150596618652
0.20752908289432526
0.06358874589204788
0.4382259249687195
0.9781689047813416
0.6828486323356628
0.42151549458503723
0.5381305813789368
0.6276090145111084
0.4538062810897827
0.6049933433532715
0.2373361736536026
0.17937588691711426
0.6649468541145325
0.15735898911952972
0.9726395010948181
0.1431868076324463
0.7912552356719971
0.6292938590049744
0.31298455595970154
0.008911814540624619
0.032048843801021576
0.4755806028842926
0.4074247479438782
0.30462318658828735
0.9059095978736877
0.4235755205154419
0.32991862297058105
0.49886414408683777
0.9871964454650879
0.026722943410277367
0.6848396062850952
0.2363453060388565
0.053777050226926804
0.011407929472625256
0.45002979040145874
0.5424690842628479
0.7194940447807312
0.6838431358337402
0.16373904049396515
0.9099262952804565
0.28235098719596863
0.6484009623527527
0.5609128475189209
0.9942817091941833
0.57567298412323
0.05788645148277283
0.08401516079902649
0.03702295571565628
0.16999667882919312
0.22802366316318512
0.6473823189735413
0.6111852526664734
0.2972753643989563
0.23717772960662842
0.6248507499694824
0.5316500663757324
0.3506118059158325
0.31886109709739685
0.8546262979507446
0.853056013584137
0.4979330599308014
0.09029436856508255
0.40375131368637085
0.4917415976524353
0.27832192182540894
0.8490504026412964
0.87645423412323
0.45340198278427124
0.7900192737579346
0.9907686710357666
0.5939382314682007
0.4690789580345154
0.4319087564945221
0.4892736077308655
0.09662338346242905
0.4614575207233429
0.10243929922580719
0.17996744811534882
0.10090777277946472
0.7846586108207703
0.8997572660446167
0.5607678294181824
0.17552520334720612
0.11061985045671463
0.9786635041236877
0.23381640017032623
0.6255325675010681
0.4806995093822479
0.23015306890010834
0.7153829336166382
0.5832111239433289
0.2016359567642212
0.24498194456100464
0.6680363416671753
0.9261638522148132
0.7361888289451599
0.5499760508537292
0.3776369094848633
0.021437490358948708
0.8764463067054749
0.9224891662597656
0.7834336161613464
0.5503553748130798
0.9940032362937927
0.8706014752388
0.41432294249534607
0.6196362972259521
0.008132998831570148
0.9138857126235962
0.4960603415966034
0.6126638054847717
0.7804986238479614
0.11164968460798264
0.3408758342266083
0.34102460741996765
0.03621426597237587
0.6392395496368408
0.9754279255867004
0.6891098022460938
0.9165439605712891
0.9873623251914978
0.05096645653247833
0.6894837617874146
0.014173262752592564
0.5544052720069885
0.09168032556772232
0.11209790408611298
0.7758489847183228
0.19668081402778625
0.5453482866287231
0.522430419921875
0.14745570719242096
0.29226380586624146
0.42211517691612244
0.15585221350193024
0.6578198671340942
0.06119631975889206
0.21810196340084076
0.059098102152347565
0.6335607171058655
0.37755414843559265
0.22094276547431946
0.13782215118408203
0.2390865981578827
0.26688939332962036
0.9536645412445068
0.08358246833086014
0.26413846015930176
0.858734130859375
0.010688542388379574
0.40068045258522034
0.14941982924938202
0.7127828598022461
0.5043317675590515
0.45492467284202576
0.16059355437755585
0.5994492769241333
0.028126584365963936
0.028771113604307175
0.30754944682121277
0.4576736390590668
0.7013221383094788
0.30126717686653137
0.028535697609186172
0.5765872597694397
0.42862287163734436
0.6876285672187805
0.5632058382034302
0.9951483011245728
0.30649158358573914
0.16715620458126068
0.40207698941230774
0.7789099216461182
0.43642786145210266
0.6308855414390564
0.4544699490070343
0.7863855957984924
0.9231231808662415
0.885104775428772
0.6625037789344788
0.7304142117500305
0.30886417627334595
0.39228808879852295
0.31445232033729553
0.9370368719100952
0.8630280494689941
0.5604357719421387
0.7790513038635254
0.8994641900062561
0.8007463812828064
0.4080216586589813
0.15080469846725464
0.48380130529403687
0.6072645783424377
0.7964447736740112
0.4737032353878021
0.872888445854187
0.1345253735780716
0.08951115608215332
0.1772981435060501
0.2270134836435318
0.6162822246551514
0.2751964330673218
0.6891465187072754
0.6283858418464661
0.699488639831543
0.8328205943107605
0.1507241278886795
0.7107052206993103
0.08087411522865295
0.31131553649902344
0.4945434033870697
0.034760940819978714
0.0047979094088077545
0.629442036151886
0.45092761516571045
0.8714450001716614
0.07776124030351639
0.9544388651847839
0.19519655406475067
0.5935204029083252
0.9504002332687378
0.18753768503665924
0.6006374359130859
0.4286717176437378
0.948296844959259
0.8861376643180847
0.8765583038330078
0.7410470843315125
0.36793816089630127
0.9199956059455872
0.3510502874851227
0.018663879483938217
0.9201038479804993
0.6059478521347046
0.9494964480400085
0.8886709213256836
0.21966879069805145
0.03528142720460892
0.6404078602790833
0.5878902673721313
0.6991698145866394
0.49803251028060913
0.5550515651702881
0.8942915201187134
0.07725804299116135
0.5997277498245239
0.08764287829399109
0.7570280432701111
0.0813632383942604
0.4649364948272705
0.484140545129776
0.09615679085254669
0.42413461208343506
0.13155138492584229
0.5130718946456909
0.0686146691441536
0.588141679763794
0.7318326234817505
0.316593199968338
0.5545941591262817
0.8236104846000671
0.9218506813049316
0.7750359177589417
0.30718597769737244
0.12966659665107727
0.2986602783203125
0.9905677437782288
0.8896653652191162
0.41457611322402954
0.17439760267734528
0.8563529253005981
0.29870375990867615
0.006615615915507078
0.07131461054086685
0.06722056865692139
0.273746520280838
0.6710445880889893
0.489889919757843
0.5471034049987793
0.6798110008239746
0.5119331479072571
0.015573321841657162
0.5108662247657776
0.30152428150177
0.7497339844703674
0.46607252955436707
0.0228591188788414
0.9259400963783264
0.776370108127594
0.9082518815994263
0.5340232849121094
0.6366446614265442
0.7609380483627319
0.9189987778663635
0.7574421167373657
0.8514314293861389
0.8755497932434082
0.7565114498138428
0.4679369032382965
0.48848921060562134
0.717635989189148
0.310744047164917
0.04115096852183342
0.9122050404548645
0.3071870803833008
0.16635175049304962
0.3383861482143402
0.5506546497344971
0.7783927321434021
0.8012889623641968
0.6728321313858032
0.9700708985328674
0.6976786255836487
0.1555757373571396
0.017975976690649986
0.7375625371932983
0.8121626973152161
0.836860716342926
0.2596222460269928
0.827579140663147
0.3708243668079376
0.8605710864067078
0.35777726769447327
0.1258166879415512
0.3385556638240814
0.16979311406612396
0.046788886189460754
0.6810063123703003
0.2234874665737152
0.3007749021053314
0.5829375982284546
0.3624967634677887
0.4808730483055115
0.20772041380405426
0.9277593493461609
0.44639497995376587
0.4812214970588684
0.4735575020313263
0.4168136417865753
0.6473742127418518
0.46777236461639404
0.5634812712669373
0.0879167690873146
0.9814439415931702
0.014827525243163109
0.5354434847831726
0.6565228700637817
0.3224002718925476
0.1531025469303131
0.9001888036727905
0.1842402070760727
0.937865138053894
0.3731750249862671
0.585270881652832
0.7954056859016418
0.06110888347029686
0.4710702896118164
0.23599880933761597
0.9621342420578003
0.670646607875824
0.30395352840423584
0.5551337599754333
0.07164181768894196
0.005960146896541119
0.4298676550388336
0.6932929754257202
0.5357043743133545
0.19852852821350098
0.15631946921348572
0.7145503163337708
0.19052910804748535
0.22782698273658752
0.6759350895881653
0.026318520307540894
0.5418148040771484
0.29546964168548584
0.2911089360713959
0.4972090721130371
0.7872112989425659
0.19673670828342438
0.14224962890148163
0.7783404588699341
0.5314391255378723
0.7252597212791443
0.26114925742149353
0.24051126837730408
0.230412095785141
0.5604771375656128
0.9733530879020691
0.7993703484535217
0.4817613959312439
0.9955220818519592
0.4266708493232727
0.9672252535820007
0.6508200764656067
0.3444848358631134
0.8231187462806702
0.5889936685562134
0.4910326898097992
0.32959017157554626
0.2793329358100891
0.20649327337741852
0.41700950264930725
0.433311402797699
0.6536790728569031
0.29541534185409546
0.5068305134773254
0.9673447012901306
0.2273995280265808
0.9670709371566772
0.01361082587391138
0.7213712334632874
0.9939125776290894
0.8863926529884338
0.45573124289512634
0.9668247699737549
0.8527325987815857
0.9381250143051147
0.6769722700119019
0.8704465627670288
0.5472966432571411
0.6391045451164246
0.044514626264572144
0.9510366916656494
0.8182127475738525
0.30580759048461914
0.7248166799545288
0.8464881181716919
0.0777238979935646
0.7456552982330322
0.6749303340911865
0.9039784669876099
0.06766989827156067
0.6427085399627686
0.6306518316268921
0.4948977530002594
0.143214613199234
0.5273190140724182
0.775978684425354
0.7814422249794006
0.6777471899986267
0.12847478687763214
0.8913441896438599
0.10955654829740524
0.4636872708797455
0.19705280661582947
0.21503840386867523
0.7827143669128418
0.9265708327293396
0.05587177351117134
0.8167945742607117
0.7460474371910095
0.4247913956642151
0.5357567667961121
0.5632945895195007
0.29328054189682007
0.18985675275325775
0.5673571228981018
0.0012863886076956987
0.5609747767448425
0.18826937675476074
0.9622328877449036
0.41652923822402954
0.23296797275543213
0.8360892534255981
0.7843210697174072
0.3005160987377167
0.5371648669242859
0.3861002027988434
0.34328386187553406
0.5237663388252258
0.30301064252853394
0.6672716736793518
0.3401249945163727
0.9381933808326721
0.30525827407836914
0.5381519794464111
0.8608419895172119
0.6005178093910217
0.4765065312385559
0.6346011161804199
0.33201485872268677
0.5109775066375732
0.609289288520813
0.40413257479667664
0.12353350222110748
0.606563925743103
0.08320482075214386
0.22163422405719757
0.5209522843360901
0.20528778433799744
0.6344136595726013
0.7279811501502991
0.3617726266384125
0.17581667006015778
0.07681798934936523
0.4914851784706116
0.4938109517097473
0.524613618850708
0.21462471783161163
0.4611307382583618
0.43115243315696716
0.49725624918937683
0.27531272172927856
0.4522194266319275
0.14017730951309204
0.6377150416374207
0.1430944949388504
0.18079455196857452
0.6597645878791809
0.010773055255413055
0.08793050050735474
0.1530323475599289
0.40094277262687683
0.5088415741920471
0.3354543447494507
0.48133471608161926
0.8564066290855408
0.8376210331916809
0.5366215109825134
0.5947043299674988
0.43374884128570557
0.27481698989868164
0.28763413429260254
0.45770925283432007
0.5904863476753235
0.6188466548919678
0.7706605195999146
0.8201517462730408
0.7204083204269409
0.1665468066930771
0.014825759455561638
0.32483649253845215
0.25529205799102783
0.09380200505256653
0.9432839751243591
0.7169241309165955
0.3977285623550415
0.095622219145298
0.43350160121917725
0.927455723285675
0.5226587057113647
0.512260377407074
0.1942228525876999
0.35499846935272217
0.1975204050540924
0.21319545805454254
0.45800328254699707
0.8438788056373596
0.9001322388648987
0.45727914571762085
0.9599498510360718
0.3953212797641754
0.08535779267549515
0.9212485551834106
0.34693291783332825
0.8279926776885986
0.7767307162284851
0.07750800997018814
0.17048387229442596
0.9653268456459045
0.09721056371927261
0.33903875946998596
0.5750044584274292
0.8407654166221619
0.07437817007303238
0.15246053040027618
0.7429015040397644
0.17403113842010498
0.05406617745757103
0.865892767906189
0.38406652212142944
0.18046247959136963
0.19642925262451172
0.325030118227005
0.989693820476532
0.6124337315559387
0.6342524886131287
0.25437095761299133
0.18198853731155396
0.03702663257718086
0.4078610837459564
0.944215714931488
0.2934800386428833
0.15337413549423218
0.5865882635116577
0.11570902168750763
0.3866095244884491
0.9399420619010925
0.5071861743927002
0.45629817247390747
0.07486111670732498
0.6528332829475403
0.7861157059669495
0.8460162878036499
0.9582789540290833
0.14425575733184814
0.1392921358346939
0.16975894570350647
0.4986284375190735
0.5243512392044067
0.4572356641292572
0.7256595492362976
0.7992746829986572
0.5939666628837585
0.0678887888789177
0.9252839088439941
0.6506657004356384
0.7498359084129333
0.9499803185462952
0.4398687779903412
0.09460248053073883
0.4733862578868866
0.8349812030792236
0.09509847313165665
0.23164495825767517
0.06021900102496147
0.06119336560368538
0.9004340767860413
0.5781803131103516
0.17439909279346466
0.8864877820014954
0.2462187111377716
0.4348364472389221
0.01658301241695881
0.37141814827919006
0.6130317449569702
0.41463804244995117
0.5135176181793213
0.8940737247467041
0.3162541091442108
0.8308029174804688
0.704819917678833
0.05507902801036835
0.03181101009249687
0.49501919746398926
0.6022191643714905
0.09080934524536133
0.7429389953613281
0.7520599365234375
