512 2
0
5
468
1
213
306
2
159
362
3
177
183
4
321
497
5
182
261
6
101
188
7
222
409
8
84
411
9
195
283
10
301
368
11
18
137
12
108
123
13
123
199
14
218
306
4
15
188
16
135
172
17
142
264
18
123
491
19
384
452
20
198
479
21
218
493
22
121
188
23
41
155
24
87
254
25
235
392
26
154
444
27
46
469
18
28
490
29
194
451
30
77
307
31
371
445
32
130
393
33
123
259
34
139
476
35
432
451
36
113
450
9
37
325
17
38
503
39
257
271
40
121
296
41
53
487
42
78
252
43
89
107
44
130
248
45
146
492
38
42
46
47
112
412
8
40
48
49
104
190
50
140
353
34
37
51
24
52
307
53
389
485
54
159
364
55
334
402
56
148
151
57
186
461
58
288
491
35
59
296
23
60
458
61
169
218
62
71
247
63
286
414
64
428
468
65
171
251
66
332
437
38
67
383
68
114
477
34
69
127
7
70
195
39
71
434
72
397
436
73
287
402
46
74
173
54
75
184
76
431
458
75
77
468
78
237
262
79
349
408
80
130
263
81
411
419
50
82
476
29
83
369
84
336
469
85
256
307
86
196
238
46
87
131
88
105
140
89
307
393
18
90
431
91
244
308
92
234
404
93
210
356
94
191
466
95
98
175
5
17
96
78
84
97
98
205
316
99
110
120
100
227
354
64
101
392
102
266
307
103
122
245
60
104
285
105
252
403
54
106
265
107
330
461
108
159
345
109
233
343
110
484
491
111
199
425
112
151
490
113
248
377
114
241
484
115
262
348
47
116
325
60
117
251
118
422
448
119
370
435
120
301
373
102
121
470
122
393
510
65
123
390
97
124
269
49
95
125
79
126
166
127
227
241
128
296
498
129
170
324
130
199
504
13
131
472
109
132
311
133
289
312
40
134
370
71
135
396
136
316
435
137
145
298
36
138
268
13
49
139
140
148
295
5
20
141
142
292
497
143
453
507
144
335
343
52
115
145
146
241
465
106
147
269
148
234
489
15
149
174
26
150
338
151
385
440
152
217
347
109
153
461
154
155
406
155
173
181
156
366
395
114
157
194
158
205
215
159
287
344
160
200
251
161
227
338
162
248
375
163
234
257
26
164
423
82
165
333
16
166
364
167
173
314
168
307
462
27
169
257
170
345
509
76
171
218
172
228
350
173
197
341
114
174
225
175
364
387
136
176
461
129
177
393
116
178
181
50
179
220
180
227
405
78
181
333
97
182
287
183
463
502
184
352
444
185
375
506
186
190
388
187
230
420
110
188
511
7
17
189
190
256
377
21
191
227
123
192
247
193
252
281
171
194
272
45
176
195
85
179
196
191
197
243
198
292
409
28
52
199
98
200
305
201
238
288
22
196
202
90
203
204
204
294
300
205
302
340
147
191
206
61
109
207
167
208
266
9
127
209
110
210
263
211
292
388
44
212
344
213
350
369
214
223
488
215
282
328
49
216
402
217
314
450
218
304
491
33
56
219
43
61
220
221
421
464
117
222
308
223
334
466
198
224
349
26
225
314
226
465
491
227
436
445
77
228
412
192
229
461
25
230
236
56
231
410
95
232
420
233
347
477
234
396
484
123
161
235
110
236
304
100
237
241
138
238
376
207
239
306
240
437
441
241
291
504
242
383
420
187
243
296
124
244
341
209
245
448
4
246
370
247
369
388
61
80
248
237
249
256
174
250
304
218
251
396
252
468
488
92
253
450
62
118
254
255
257
462
256
483
501
243
257
353
209
258
306
259
284
324
127
164
260
236
261
448
262
392
403
125
263
376
49
264
440
265
316
334
43
266
371
267
304
444
268
294
347
95
269
443
270
291
363
161
226
271
18
272
286
251
273
454
274
316
342
131
275
389
187
276
477
176
177
277
278
370
460
279
353
413
109
280
401
281
498
511
44
282
331
251
283
382
27
108
284
82
171
285
49
286
287
10
287
432
195
236
288
93
176
289
43
172
290
291
378
451
65
254
292
293
378
386
77
175
294
58
90
295
75
241
296
276
297
315
83
298
381
94
299
380
300
412
440
13
65
301
302
306
330
142
303
375
133
304
377
168
305
400
306
445
478
285
307
481
9
308
380
83
202
309
310
327
361
114
311
312
222
312
489
210
279
313
290
314
401
162
315
407
229
316
386
191
317
390
101
103
318
159
173
319
320
419
471
117
321
355
185
289
322
165
323
434
4
21
324
283
325
432
326
416
499
244
261
327
328
480
503
329
382
426
214
330
484
33
100
331
5
279
332
295
333
383
50
334
425
136
187
335
54
321
336
131
308
337
124
147
338
250
339
426
184
225
340
10
116
341
117
281
342
343
348
500
284
344
355
9
29
345
46
308
346
180
347
469
344
348
420
141
349
451
43
288
350
186
351
430
152
237
352
78
353
495
255
354
426
186
355
417
45
356
419
29
204
357
148
282
358
228
308
359
241
278
360
207
287
361
14
273
362
159
363
495
119
364
392
119
365
460
67
232
366
367
410
429
168
368
394
89
345
369
118
370
393
30
371
437
26
372
441
94
373
459
225
374
499
94
312
375
185
210
376
260
377
408
197
293
378
206
228
379
144
361
380
225
256
381
323
382
388
26
344
383
163
271
384
19
385
396
106
386
493
44
341
387
80
388
457
6
389
488
14
390
509
195
348
391
82
266
392
84
183
393
304
367
394
227
238
395
59
75
396
241
397
446
131
398
448
173
399
439
32
107
400
18
401
501
19
151
402
226
376
403
129
366
404
151
210
405
27
281
406
113
243
407
135
408
493
34
149
409
17
410
492
15
411
455
164
299
412
222
413
436
125
347
414
54
264
415
277
416
467
47
268
417
113
408
418
175
419
459
155
309
420
301
421
437
35
215
422
75
152
423
174
254
424
131
358
425
209
426
441
289
427
502
379
411
428
155
363
429
39
296
430
35
431
463
90
432
451
433
440
496
100
189
434
252
315
435
282
347
436
143
180
437
223
413
438
40
346
439
339
383
440
110
392
441
442
468
510
76
443
491
115
314
444
104
266
445
66
276
446
178
252
447
127
448
497
162
227
449
195
207
450
73
124
451
31
211
452
342
453
511
280
312
454
248
437
455
74
400
456
89
302
457
345
402
458
319
459
479
11
271
460
250
346
461
14
115
462
317
415
463
237
265
464
138
460
465
21
436
466
438
450
467
179
274
468
110
152
469
38
433
470
419
426
471
268
465
472
206
332
473
143
359
474
154
475
485
199
386
476
78
110
477
435
477
478
259
309
479
274
348
480
391
398
481
3
176
482
33
366
483
72
484
492
388
456
485
252
300
486
100
430
487
331
349
488
104
154
489
60
229
490
27
432
491
110
426
492
322
327
493
63
367
494
431
495
506
137
411
496
290
497
501
213
319
498
159
302
499
236
344
500
209
335
501
117
156
502
210
404
503
66
348
504
221
457
505
225
281
506
245
482
507
276
438
508
51
72
509
365
419
510
172
469
511
0.6151435375213623
0.16115428507328033
0.45045608282089233
0.5441843271255493
0.6145972013473511
0.6863640546798706
0.16949966549873352
0.623379111289978
0.7138392925262451
0.6595232486724854
0.13009896874427795
0.11409233510494232
0.8683063983917236
0.4348919093608856
0.1285540610551834
0.5903558135032654
0.7201318144798279
0.21536318957805634
0.9337643384933472
0.6967428922653198
0.07420995086431503
0.8977617025375366
0.3355060815811157
0.3612050712108612
0.050073426216840744
0.9584450125694275
0.006029908545315266
0.8009904026985168
0.33804598450660706
0.4305304288864136
0.1340964436531067
0.8339315056800842
0.39172640442848206
0.48334285616874695
0.6473625898361206
0.3096432089805603
0.3183656632900238
0.1382337063550949
0.5420954823493958
0.02372058294713497
0.16222786903381348
0.38511326909065247
0.9816007018089294
0.0629291832447052
0.00969507172703743
0.6104476451873779
0.7522168755531311
0.6688055992126465
0.08892367780208588
0.32450026273727417
0.3836512267589569
0.3128814399242401
0.7012965083122253
0.674207329750061
0.925176203250885
0.426838219165802
0.6823238134384155
0.11458904296159744
0.33437857031822205
0.5286204814910889
0.8111607432365417
0.24591293931007385
0.9313562512397766
0.29417869448661804
0.357209712266922
0.5030863881111145
0.619689404964447
0.45546382665634155
0.7246872186660767
0.5182527303695679
0.2078043669462204
0.101903036236763
0.6284106373786926
0.8776390552520752
0.9384251832962036
0.466909259557724
0.24125662446022034
0.7399740219116211
0.4050326943397522
0.11068876832723618
0.959435224533081
0.3822689354419708
0.7679844498634338
0.8834584355354309
0.510354220867157
0.5756571888923645
0.47456955909729004
0.29217347502708435
0.4640897214412689
0.14193804562091827
0.5766591429710388
0.6335959434509277
0.9311143159866333
0.39489203691482544
0.6925427317619324
0.8856503367424011
0.5193851590156555
0.15780314803123474
0.5809828042984009
0.2683616280555725
0.8151071071624756
0.03910420835018158
0.639941394329071
0.6310661435127258
0.14512400329113007
0.28763556480407715
0.10392005741596222
0.05393284559249878
0.46701136231422424
0.46143561601638794
0.7741721868515015
0.9869595766067505
0.5812308192253113
0.5229537487030029
0.3241848647594452
0.31278902292251587
0.7722917795181274
0.792908787727356
0.022119522094726562
0.6229068636894226
0.543318510055542
0.3953242301940918
0.5897737145423889
0.6497074961662292
0.6899758577346802
0.5654676556587219
0.29123061895370483
0.029090067371726036
0.4544779658317566
0.9398980736732483
0.9881269335746765
0.3765987455844879
0.735291063785553
0.7413787841796875
0.18881970643997192
0.0046586161479353905
0.23264992237091064
0.7159225940704346
0.5835867524147034
0.9926288723945618
0.14788897335529327
0.17808260023593903
0.7855661511421204
0.5443900227546692
0.7981461882591248
0.9272133111953735
0.19967754185199738
0.2151787132024765
0.8285346031188965
0.6118227243423462
0.7260302901268005
0.28700998425483704
0.5714449882507324
0.9208172559738159
0.8398757576942444
0.2991558015346527
0.880346417427063
0.19298028945922852
0.28311747312545776
0.893719494342804
0.7535114884376526
0.046159777790308
0.5878927111625671
0.6321055293083191
0.2564404308795929
0.30690351128578186
0.17332202196121216
0.989578127861023
0.5564185976982117
0.8208178281784058
0.1828814148902893
0.4174506664276123
0.6854698061943054
0.5120401978492737
0.019640948623418808
0.024168504402041435
0.27955392003059387
0.8652294874191284
0.2818647623062134
0.44708043336868286
0.9727027416229248
0.1607608199119568
0.3248988091945648
0.6399762630462646
0.7842714786529541
0.44708266854286194
0.8494619727134705
0.0463130809366703
0.8163321614265442
0.5745407938957214
0.35295766592025757
0.34760382771492004
0.2730945646762848
0.7175498008728027
0.9053619503974915
0.21663238108158112
0.04879225045442581
0.10893964022397995
0.48195675015449524
0.5992441773414612
0.6647338271141052
0.25369691848754883
0.5992634296417236
0.4049268960952759
0.3398677408695221
0.1886715143918991
0.24935674667358398
0.4795493483543396
0.901377260684967
0.19959565997123718
0.09879215061664581
0.50327467918396
0.5365213751792908
0.31462591886520386
0.6167699694633484
0.10760564357042313
0.5779351592063904
0.21825914084911346
0.33638301491737366
0.4805275499820709
0.7719787955284119
0.7970177531242371
0.4485090374946594
0.4932456612586975
0.7060203552246094
0.5589563250541687
0.12329936772584915
0.31261077523231506
0.02698994055390358
0.9701436758041382
0.9607161283493042
0.7149117588996887
0.02301342412829399
0.7403575778007507
0.6044475436210632
0.83781898021698
0.047663528472185135
0.93567955493927
0.30807748436927795
0.3253309428691864
0.7039815783500671
0.18150056898593903
0.6243311762809753
0.9183927774429321
0.07070108503103256
0.6932636499404907
0.057829052209854126
0.8211663365364075
0.2910820543766022
0.6753455400466919
0.18620434403419495
0.2561408281326294
0.48250508308410645
0.296229749917984
0.1863553375005722
0.648281991481781
0.7379164695739746
0.48905426263809204
0.4229077696800232
0.6047848463058472
0.3681386709213257
0.2829190194606781
0.8690163493156433
0.17066480219364166
0.3929326832294464
0.32039251923561096
0.4280402660369873
0.060020819306373596
0.5350913405418396
0.9465646743774414
0.7364860773086548
0.2038622945547104
0.2842349410057068
0.9352934956550598
0.3123466372489929
0.4808441698551178
0.6991320848464966
0.5183597803115845
0.656147301197052
0.7212987542152405
0.45802369713783264
0.34923338890075684
0.7464315295219421
0.2880413234233856
0.9765827655792236
0.0940144807100296
0.7557356953620911
0.2031812220811844
0.24719184637069702
0.762533962726593
0.5179099440574646
0.8186230659484863
0.687518835067749
0.10198670625686646
0.39765095710754395
0.00940396822988987
0.6018385887145996
0.059336043894290924
0.37533846497535706
0.9256012439727783
0.03831764683127403
0.18629927933216095
0.7430285811424255
0.5410706996917725
0.36428382992744446
0.498384028673172
0.4879773259162903
0.8830174207687378
0.8397425413131714
0.8016976118087769
0.3299766182899475
0.27072200179100037
0.7714096307754517
0.8684438467025757
0.8884255290031433
0.07394273579120636
0.5676587820053101
0.41187310218811035
0.651607871055603
0.8489766120910645
0.3602394759654999
0.026235073804855347
0.8949303030967712
0.6711224317550659
0.36241570115089417
0.08520200103521347
0.8315680027008057
0.08360438048839569
0.6922704577445984
0.15563400089740753
0.5486449599266052
0.6283023357391357
0.9385893940925598
0.1770651936531067
0.35124582052230835
0.07883141189813614
0.8287375569343567
0.9197950959205627
0.322394996881485
0.5654453039169312
0.7628651857376099
0.9664669632911682
0.7528051137924194
0.42912986874580383
0.5876017808914185
0.5797022581100464
0.793535053730011
0.9595417976379395
0.34709304571151733
0.7424803376197815
0.9340628385543823
0.41639038920402527
0.3224210739135742
0.8552712798118591
0.500917911529541
0.5867176055908203
0.771233856678009
0.8050445914268494
0.4813244342803955
0.818791925907135
0.17507746815681458
0.39758697152137756
0.34782809019088745
0.5212455987930298
0.4733674228191376
0.6782281398773193
0.6596238613128662
0.955163300037384
0.08955810219049454
0.9752190709114075
0.30568793416023254
0.050828687846660614
0.7773856520652771
0.8946539163589478
0.8451566100120544
0.09599550068378448
0.4527845084667206
0.04109141230583191
0.20032654702663422
0.6866036653518677
0.14061276614665985
0.12620922923088074
0.5118168592453003
0.9327385425567627
0.048423998057842255
0.20324620604515076
0.1700182855129242
0.08457525819540024
0.09138121455907822
0.2920410633087158
0.7423319816589355
0.8988372683525085
0.00796065479516983
0.4765964448451996
0.24060030281543732
0.8720845580101013
0.7923871278762817
0.2388990819454193
0.9138182401657104
0.8550412058830261
0.41567426919937134
0.7102901935577393
0.9633426070213318
0.28909581899642944
0.28193166851997375
0.3833063840866089
0.1362278014421463
0.30478590726852417
0.5839688777923584
0.15322843194007874
0.40800899267196655
0.9383468627929688
0.5909401774406433
0.06834350526332855
0.46339789032936096
0.27464327216148376
0.49197918176651
0.38233596086502075
0.04322711005806923
0.7317063808441162
0.46153533458709717
0.2835243344306946
0.41284874081611633
0.16836987435817719
0.12465374916791916
0.048290837556123734
0.6827886700630188
0.8414371609687805
0.9342159032821655
0.18093475699424744
0.7552148699760437
0.8603215217590332
0.23605990409851074
0.7173188328742981
0.3947785198688507
0.6163962483406067
0.9255951046943665
0.3918725550174713
0.11375128477811813
0.5211787819862366
0.9870426058769226
0.06419817358255386
0.718494176864624
0.8804919123649597
0.12663473188877106
0.5822508931159973
0.39064648747444153
0.15530087053775787
0.8717484474182129
0.011986326426267624
0.735188364982605
0.3519952595233917
0.8729784488677979
0.026762884110212326
0.4204491674900055
0.3554497957229614
0.46072542667388916
0.577279806137085
0.8138695955276489
0.22620005905628204
0.6079210638999939
0.7137476801872253
0.616806149482727
0.12646804749965668
0.8880478143692017
0.09437171369791031
0.5288611054420471
0.16893115639686584
0.2705468237400055
0.6147943735122681
0.859338104724884
0.9980454444885254
0.856708824634552
0.5052756071090698
0.9289583563804626
0.3002697229385376
0.9771140217781067
0.10689256340265274
0.9668716788291931
0.8592280745506287
0.02345767617225647
0.09566476941108704
0.50342857837677
0.6756443977355957
0.22778011858463287
0.5046904683113098
0.8466798663139343
0.6580187678337097
0.20422060787677765
0.9263067245483398
0.19429676234722137
0.5391080379486084
0.730736255645752
0.19480940699577332
0.3781547248363495
0.46616247296333313
0.2595352530479431
0.427274227142334
0.3672606348991394
0.40199795365333557
0.7909444570541382
0.04968683794140816
0.18325625360012054
0.9571207165718079
0.07687206566333771
0.49115267395973206
0.8900305032730103
0.10130636394023895
0.45639440417289734
0.24382565915584564
0.12174966931343079
0.845553994178772
0.9631381034851074
0.849031388759613
0.14142949879169464
0.563538134098053
0.9350531101226807
0.16479948163032532
0.3649601936340332
0.2077401727437973
0.33195316791534424
0.2873048186302185
0.11704811453819275
0.5019025802612305
0.8578535318374634
0.03792803734540939
0.7774060368537903
0.4023204743862152
0.9513696432113647
0.6276337504386902
0.46325963735580444
0.360209584236145
0.9036693572998047
0.6076614856719971
0.7396840453147888
0.9642335772514343
0.16253378987312317
0.3174041211605072
0.7303655743598938
0.8355000019073486
0.6313167810440063
0.6765207052230835
0.7303205728530884
0.1502569168806076
0.7212861180305481
0.016686026006937027
0.5844882130622864
0.4055173397064209
0.5574414134025574
0.291579008102417
0.9721086621284485
0.30347129702568054
0.804527997970581
0.14930318295955658
0.8907817006111145
0.3028048574924469
0.805179238319397
0.7688496708869934
0.7743569612503052
0.8453598022460938
0.5240642428398132
0.15406784415245056
0.24136438965797424
0.43343326449394226
0.21572189033031464
0.9512497186660767
0.19071976840496063
0.06360508501529694
0.7251332998275757
0.7538546323776245
0.026064205914735794
0.7956343293190002
0.5940402150154114
0.23880928754806519
0.8851005434989929
0.2722517251968384
0.24879467487335205
0.526138961315155
0.7954283356666565
0.6818973422050476
0.08689165115356445
0.653515636920929
0.8007950186729431
0.5570433735847473
0.07667911052703857
0.2180996686220169
0.33757147192955017
0.7403228282928467
0.932898759841919
0.8925178647041321
0.8302770256996155
0.3318691551685333
0.894720196723938
0.42647719383239746
0.33108818531036377
0.6105768084526062
0.9404110312461853
0.877814769744873
0.24263069033622742
0.7298645377159119
0.6516008973121643
0.17996813356876373
0.7550155520439148
0.6758981943130493
0.7330424785614014
0.25535890460014343
0.7762213349342346
0.09566869586706161
0.894976794719696
0.569604754447937
0.5674858689308167
0.41032811999320984
0.40603095293045044
0.9181885719299316
0.5246168971061707
0.6416111588478088
0.5295892357826233
0.025296339765191078
0.37135979533195496
0.3565199077129364
0.02260889671742916
0.4009109437465668
0.4580838978290558
0.12742950022220612
0.3999146819114685
0.19739170372486115
0.8541731834411621
0.4469369649887085
0.06538992375135422
0.9033357501029968
0.8699944019317627
0.7871626019477844
0.7607305645942688
0.7786309123039246
0.7114109992980957
0.6853652000427246
0.26530423760414124
0.6160706877708435
0.8864875435829163
0.28951194882392883
0.3168054521083832
0.4479081928730011
0.7095369100570679
0.05414646863937378
0.19156716763973236
0.2155439853668213
0.7160783410072327
0.13602331280708313
0.6115590333938599
0.007732914295047522
0.1597215086221695
0.9454846978187561
0.1289183795452118
0.021373456344008446
0.35007718205451965
0.409912109375
0.6565876007080078
0.6175594925880432
0.03328922390937805
0.8921490907669067
0.27945661544799805
0.02172853611409664
0.9289371371269226
0.6022041440010071
0.8177291750907898
0.28088465332984924
0.8490848541259766
0.13143672049045563
0.7033637762069702
0.441496342420578
0.8351600766181946
0.7044021487236023
0.28779998421669006
0.4514204263687134
0.5630685091018677
0.47880125045776367
0.32504433393478394
0.6761394739151001
0.08876409381628036
0.6329015493392944
0.12473703920841217
0.8404374122619629
0.02203262224793434
0.9560144543647766
0.18038538098335266
0.40374863147735596
0.4564381241798401
0.808093786239624
0.11660336703062057
0.7400590777397156
0.7703917026519775
0.8535528779029846
0.14081384241580963
0.1277264803647995
0.3425288200378418
0.9279531240463257
0.022187024354934692
0.8848162293434143
0.6716342568397522
0.3611104190349579
0.8205623626708984
0.8689887523651123
0.10118603706359863
0.63106369972229
0.13727761805057526
0.55412757396698
0.13080544769763947
0.9074061512947083
0.5591681003570557
0.931570827960968
0.6840026378631592
0.493810772895813
0.77951580286026
0.5809025168418884
0.1498793214559555
0.40711262822151184
0.8442710638046265
0.8054440021514893
0.22857722640037537
0.5615789294242859
0.2816566526889801
0.5978708863258362
0.7381654381752014
0.41818496584892273
0.11659156531095505
0.880985677242279
0.7484843730926514
0.3411540687084198
0.8680006265640259
0.49921277165412903
0.8033533096313477
0.5283907055854797
0.9687099456787109
0.5240488052368164
0.8781903386116028
0.49738243222236633
0.23999541997909546
0.2063012421131134
0.4872644245624542
0.19719406962394714
0.7634993195533752
0.4042520523071289
0.08123840391635895
0.18124347925186157
0.7807086110115051
0.5107835531234741
0.9058554768562317
0.7592733502388
0.9509186148643494
0.1118953749537468
0.14114873111248016
0.5435970425605774
0.7058578133583069
0.8548641204833984
0.6841129064559937
0.718703031539917
0.7897807955741882
0.3369045555591583
0.9260140657424927
0.6961333751678467
0.4093092381954193
0.9915601015090942
0.5192742347717285
0.4068593382835388
0.43144795298576355
0.8515873551368713
0.34293466806411743
0.6836292147636414
0.07892021536827087
0.9458469152450562
0.534098744392395
0.6646140813827515
0.29682907462120056
0.7565026879310608
0.2826593220233917
0.5457990765571594
0.4666081666946411
0.6411787867546082
0.9012016654014587
0.36020708084106445
0.06227010488510132
0.7318729758262634
0.3876376748085022
0.4816893935203552
0.4109902083873749
0.3286436200141907
0.06593126058578491
0.9305174946784973
0.6569526195526123
0.4865337014198303
0.24201589822769165
0.6967593431472778
0.24558891355991364
0.8349756598472595
0.0817546546459198
0.1630026251077652
0.030620908364653587
0.2509470582008362
0.20455755293369293
0.7446842193603516
0.9113813042640686
0.6423071026802063
0.2796361744403839
0.7327487468719482
0.03362816572189331
0.9599041938781738
0.9403719305992126
0.6344957947731018
0.9788182377815247
0.31184831261634827
0.5650662779808044
0.7418794631958008
0.8994899392127991
0.42575639486312866
0.42796239256858826
0.05911340191960335
0.10964669287204742
0.2415224015712738
0.4199979305267334
0.6715136170387268
0.8571876883506775
0.8999872803688049
0.8930678367614746
0.9550358653068542
0.8367470502853394
0.4570165276527405
0.3991853892803192
0.40677857398986816
0.0784088671207428
0.7010213732719421
0.6915728449821472
0.7312621474266052
0.6545743346214294
0.3313077986240387
0.3693167269229889
0.4583054184913635
0.17160151898860931
0.13850651681423187
0.6615737676620483
0.7296837568283081
0.4495328962802887
0.8491402268409729
0.798742413520813
0.25060656666755676
0.7751777768135071
0.3309331238269806
0.8565090894699097
0.48371440172195435
0.6638424396514893
0.37534379959106445
0.8618084788322449
0.15143591165542603
0.9956187605857849
0.029941197484731674
0.03146139532327652
0.13739162683486938
0.04240318760275841
0.6295754909515381
0.14969557523727417
0.1025770977139473
0.3895193338394165
0.4720335304737091
0.3466956615447998
0.6951993703842163
0.6673246622085571
0.1052386537194252
0.967175304889679
0.6230399012565613
0.13184013962745667
0.25837936997413635
0.549319326877594
0.9832432866096497
0.3964370787143707
0.6300505995750427
0.697473406791687
0.331145316362381
0.05205170437693596
0.8063358664512634
0.7200320363044739
0.3730259835720062
0.06225144863128662
0.49856409430503845
0.8145323395729065
0.48326465487480164
0.17063456773757935
0.06526348739862442
0.13089661300182343
0.26747190952301025
0.35021549463272095
0.20891299843788147
0.13040804862976074
0.027477238327264786
0.8062138557434082
0.1813320368528366
0.6810116171836853
0.5093164443969727
0.40916016697883606
0.6000073552131653
0.588628888130188
0.9511792659759521
0.6812596917152405
0.6231883764266968
0.4414503276348114
0.32475224137306213
0.17376108467578888
0.7025858163833618
0.6283630132675171
0.507455587387085
0.7324103713035583
0.9040729403495789
0.513802707195282
0.07315001636743546
0.9603779911994934
0.45853322744369507
0.48460444808006287
0.26258841156959534
0.1707448661327362
0.802937924861908
0.5890592932701111
0.9660970568656921
0.04759868234395981
0.5880796909332275
0.06946811825037003
0.17591115832328796
0.18745282292366028
0.9993009567260742
0.28848016262054443
0.9372323751449585
0.5392953157424927
0.3888563811779022
0.3178483843803406
0.4158104956150055
0.7897823452949524
0.8635290861129761
0.46118202805519104
0.785284698009491
0.8794956803321838
0.33069083094596863
0.4203900396823883
0.09205283969640732
0.9660367369651794
0.9073733687400818
0.6123431324958801
0.394708514213562
0.7786523103713989
0.16254457831382751
0.9582076668739319
0.7401378154754639
0.30021122097969055
0.8927551507949829
0.685244083404541
0.9418725967407227
0.2608732283115387
0.03427449241280556
0.018655508756637573
0.07854925841093063
0.32466116547584534
0.13875249028205872
0.9121576547622681
0.47671058773994446
0.7303986549377441
0.10754114389419556
0.31465426087379456
0.6765297651290894
0.007500558625906706
0.12874406576156616
0.4520333707332611
0.5225480794906616
0.8015404939651489
0.7340643405914307
0.4096541106700897
0.23007832467556
0.88851398229599
0.1453632116317749
0.43194815516471863
0.7074123620986938
0.10581332445144653
0.44328105449676514
0.0848778560757637
0.6501749753952026
0.3464238941669464
0.8447759747505188
0.518101692199707
0.2758829593658447
0.5238361954689026
0.8105561137199402
0.6690508723258972
0.3566845655441284
0.19159308075904846
0.9348219633102417
0.95594722032547
0.3132603168487549
0.22794902324676514
0.3597795069217682
0.5636056065559387
0.07377684861421585
0.9058177471160889
0.5972189903259277
0.6905903220176697
0.6644055843353271
0.3879477381706238
0.998038649559021
0.4133912920951843
0.6587292551994324
0.7241812348365784
0.3330681025981903
0.012113223783671856
0.3292798399925232
0.7660130262374878
0.5804854035377502
0.3072071969509125
0.16881075501441956
0.9618854522705078
0.9014668464660645
0.12067782133817673
0.8176460266113281
0.7992704510688782
0.02136894129216671
0.6417588591575623
0.3399648070335388
0.3294057548046112
0.832807183265686
0.9356787204742432
0.6586774587631226
0.2370360791683197
0.7817968130111694
0.6174508929252625
0.6710668802261353
0.8662435412406921
0.4295988082885742
0.021757522597908974
0.8829469084739685
0.983639657497406
0.165025532245636
0.5444971323013306
0.2271144688129425
0.6235511898994446
0.28986990451812744
0.12480095773935318
0.25819331407546997
0.4643080234527588
0.32329919934272766
0.17329074442386627
0.42510008811950684
0.6456090211868286
0.05908951908349991
0.8186445236206055
0.29075053334236145
0.5719038844108582
0.14798930287361145
0.7704976797103882
0.07007449120283127
0.09585922211408615
0.39607760310173035
0.045210208743810654
0.9344397187232971
0.7105361223220825
0.3195648491382599
0.815004289150238
0.050867099314928055
0.03286435455083847
0.34107378125190735
0.5167514681816101
0.42373067140579224
0.9673249125480652
0.2682829797267914
0.3823225200176239
0.6031680703163147
0.14671170711517334
0.2361878752708435
0.9391449689865112
0.24484583735466003
0.4870259463787079
0.2154656946659088
0.5575405359268188
0.015409781597554684
0.39272433519363403
0.8684839606285095
0.653527021408081
0.47821351885795593
0.7919614911079407
0.4581868350505829
0.8075383901596069
0.014550806023180485
0.24132037162780762
0.1893344670534134
0.4422718286514282
0.4925704300403595
0.6032454371452332
0.5643376708030701
0.9482977390289307
0.3863120973110199
0.9873452186584473
0.2825469374656677
0.1239471584558487
0.03869376331567764
0.8541770577430725
0.5216864347457886
0.8879812359809875
0.7600798010826111
0.8271644115447998
0.5900864005088806
0.9469003677368164
0.5835186243057251
0.06656073778867722
0.09151539206504822
0.2327781617641449
0.34191322326660156
0.059679172933101654
0.8619096279144287
0.196156308054924
0.6165777444839478
0.04436531290411949
0.8879057168960571
0.6760335564613342
0.692880392074585
0.46948006749153137
0.5936338901519775
0.22602860629558563
0.17860718071460724
0.009940000250935555
0.5516380071640015
0.3111708164215088
0.26360878348350525
0.7172455787658691
0.24969370663166046
0.18726950883865356
0.011143107898533344
0.6227995157241821
0.2666836678981781
0.5173448324203491
0.5936103463172913
0.35575026273727417
0.8439560532569885
0.49576902389526367
0.11370820552110672
0.36736926436424255
0.10386576503515244
0.7591050863265991
0.5747620463371277
0.5067659020423889
0.6129509210586548
0.3200344741344452
0.7912629842758179
0.06744392961263657
0.6878741383552551
0.17276513576507568
0.04922480136156082
0.6028458476066589
0.43728014826774597
0.03306236490607262
0.7384695410728455
0.038795195519924164
0.4868105947971344
0.9601311683654785
0.3582105040550232
0.8393797278404236
0.2298966646194458
0.5460938215255737
0.27098625898361206
0.6715039610862732
0.9913422465324402
0.28236180543899536
0.7627744078636169
0.19417300820350647
0.4430277943611145
0.5869250297546387
0.06346391886472702
0.2153507024049759
0.35052525997161865
0.7446277737617493
0.24066585302352905
0.1758892983198166
0.4988279640674591
0.4561993181705475
0.10195950418710709
0.26246094703674316
0.027161970734596252
0.6308099627494812
0.6648052930831909
0.2830809950828552
0.6104896664619446
0.04157339408993721
0.6925004124641418
0.8558571934700012
0.8367246389389038
0.800044059753418
0.8806264400482178
0.8469426035881042
0.9190796613693237
0.5476583242416382
0.1080576702952385
0.23840215802192688
0.8916882872581482
0.4251241683959961
0.43703946471214294
0.052622608840465546
0.03948523849248886
0.6238576173782349
0.3035227060317993
0.6170541048049927
0.9966583251953125
0.633563756942749
0.432691752910614
0.14422926306724548
0.33207523822784424
0.3580259084701538
0.19109892845153809
0.6013020277023315
0.0009711291640996933
0.5014511346817017
0.051824405789375305
0.47829052805900574
0.41502904891967773
0.41671156883239746
0.4013842046260834
0.35358989238739014
0.8661003112792969
0.4270881116390228
0.5904718637466431
0.3454693853855133
0.18733695149421692
0.0136196818202734
0.060559406876564026
0.5938864350318909
0.2823496460914612
0.6986530423164368
0.8819471001625061
0.5772831439971924
0.5339004397392273
0.7188729643821716
0.7976350784301758
0.6203078627586365
0.6269327998161316
0.3004217743873596
0.48553434014320374
0.5636987686157227
0.770139217376709
0.6208539009094238
0.3912842273712158
0.9896181225776672
0.3294456899166107
0.3018284738063812
0.2836633622646332
0.7480983138084412
0.0062066675163805485
0.6421021819114685
0.8796687722206116
0.9506751298904419
0.28310269117355347
0.09390142560005188
0.7108319401741028
0.9024826884269714
0.8816560506820679
0.424707293510437
0.3650358021259308
0.7776930332183838
0.8523030877113342
0.039690252393484116
0.3267355263233185
0.4388779401779175
0.03756772726774216
0.609943687915802
0.5498841404914856
0.3535440266132355
0.31598731875419617
0.3279739320278168
0.7615160346031189
0.10899944603443146
0.06716814637184143
0.08869487792253494
0.8861446380615234
0.7032584547996521
0.09921834617853165
0.22862832248210907
0.10586223006248474
0.9389246702194214
0.5619242191314697
0.2653999626636505
0.3403955399990082
0.5543953776359558
0.6185532808303833
0.3650151491165161
0.5029522776603699
0.1977190375328064
0.8071541786193848
0.39213743805885315
0.6970866322517395
0.845798134803772
0.6868796944618225
0.3516928553581238
0.026807742193341255
0.5539063811302185
0.3737863004207611
0.427594929933548
0.8171287178993225
0.8775654435157776
0.2877439558506012
0.5902716517448425
0.8543131351470947
0.09018123894929886
0.8057624697685242
0.31665220856666565
0.7506307363510132
0.003717466490343213
0.6002230644226074
0.318987101316452
0.42094361782073975
0.9389153122901917
0.7812268733978271
0.3461902141571045
0.6968792676925659
0.2317848950624466
0.05239235237240791
0.5830596685409546
0.4331222176551819
0.7161955833435059
0.47416940331459045
0.4864879250526428
0.5443547368049622
0.6069281697273254
0.506653368473053
0.6832021474838257
0.609822690486908
0.2884073555469513
0.36241626739501953
0.7374536991119385
0.14351224899291992
0.6879185438156128
0.889828622341156
0.16393616795539856
0.5751457810401917
0.46372419595718384
0.8661913871765137
0.9186511039733887
0.23377983272075653
0.21344931423664093
0.8458985686302185
0.24895407259464264
0.44537973403930664
0.8281792402267456
0.17896327376365662
0.48218458890914917
0.9493382573127747
0.16830095648765564
0.972873866558075
0.08936136960983276
0.4519648551940918
0.12298866361379623
0.22735963761806488
0.08959255367517471
0.7895179986953735
0.8852991461753845
0.5187761187553406
0.10763401538133621
0.7253369092941284
0.15013842284679413
0.5151573419570923
0.23605206608772278
0.8189464807510376
0.46607816219329834
0.4064236283302307
0.26149579882621765
0.23436905443668365
0.24277491867542267
0.49970221519470215
0.5801223516464233
0.8534024357795715
0.34933093190193176
0.18106766045093536
0.2981334626674652
0.2489745020866394
0.8215315937995911
0.666448175907135
0.7395715117454529
0.350244402885437
0.4194180369377136
0.28949812054634094
0.9966421127319336
0.08151784539222717
0.23597322404384613
0.6464586853981018
0.3899839222431183
0.4459572434425354
0.016904348507523537
0.8731001615524292
0.40610963106155396
0.9819940328598022
0.30094048380851746
0.04523332044482231
0.27807214856147766
0.2911548614501953
0.1340084969997406
0.05824338272213936
0.7120115160942078
0.0938003733754158
0.8888369202613831
0.16643166542053223
0.7469813227653503
0.1981857419013977
0.6127023100852966
0.1944204568862915
0.008826812729239464
0.09036082774400711
0.7276706695556641
0.741996705532074
0.2716171443462372
0.9618385434150696
0.28576064109802246
0.6810548305511475
0.4150770902633667
0.5056314468383789
0.34445711970329285
0.2126312553882599
0.1457182914018631
0.8781480193138123
0.09558755904436111
0.4240032434463501
0.4966442883014679
0.8990228772163391
0.6151681542396545
0.13711410760879517
0.8236690163612366
0.7303133606910706
0.37855255603790283
0.4524780213832855
0.9494647979736328
0.2254149615764618
0.3185082674026489
0.43452733755111694
0.7381523847579956
0.9194665551185608
0.6565616726875305
0.32291820645332336
0.28828027844429016
0.02138441428542137
0.29938003420829773
0.3211934566497803
0.021508721634745598
0.6535043716430664
0.1717328578233719
0.7541931867599487
0.036064017564058304
0.0554543063044548
0.020272525027394295
0.6116521954536438
0.5224363803863525
0.0607372522354126
0.15611834824085236
0.12560266256332397
0.23484358191490173
0.041320256888866425
0.42352110147476196
0.33625710010528564
0.9785398840904236
0.6580738425254822
0.25593101978302
0.8927174210548401
0.7103579640388489
0.3791714310646057
0.9823102355003357
0.18017277121543884
0.8021533489227295
0.894851565361023
0.1116354838013649
0.11042725294828415
0.9690719246864319
0.5143076777458191
0.7304306030273438
0.8664383888244629
0.3366484045982361
0.7989898920059204
0.10824572294950485
0.8808908462524414
0.37764185667037964
0.42275989055633545
0.41556110978126526
0.0853128582239151
0.6951642036437988
0.43888959288597107
0.541645348072052
0.5780347585678101
0.01750635728240013
0.3617395758628845
0.2338331639766693
0.6702200770378113
0.43074649572372437
0.47238945960998535
0.14811678230762482
0.17512984573841095
0.5964903235435486
0.3946501910686493
0.6014039516448975
0.8071741461753845
0.7744123935699463
0.790020763874054
0.5852933526039124
0.8242742419242859
0.20129117369651794
0.15568818151950836
0.47093695402145386
0.028707638382911682
0.19632959365844727
0.012289081700146198
0.5189729928970337
0.7699756026268005
0.3569156527519226
0.563356339931488
0.5068619847297668
0.0880151093006134
0.4162130057811737
0.2182489037513733
0.0953616127371788
0.29860708117485046
0.14238183200359344
0.3505357503890991
0.08995778858661652
0.20239326357841492
0.027623018249869347
0.7561360001564026
0.49936339259147644
0.3613221049308777
0.511734127998352
0.18830887973308563
0.032362326979637146
0.8610984086990356
0.33590662479400635
0.7329185605049133
0.5204509496688843
0.34241729974746704
0.44671618938446045
0.5487035512924194
0.4430639445781708
0.37422800064086914
0.5510767698287964
0.5855014324188232
0.5778995156288147
0.8862434029579163
0.6806589961051941
0.07418163120746613
0.6927482485771179
0.4566841423511505
0.8884246945381165
0.15988831222057343
0.9856328368186951
0.8399838209152222
0.412443071603775
0.38812756538391113
0.5875474214553833
0.2200251817703247
0.7234567999839783
0.760111391544342
0.6133988499641418
0.4332527816295624
0.5740236043930054
0.14512260258197784
0.7870076894760132
0.9253796935081482
0.38963887095451355
0.29750508069992065
0.45626524090766907
0.7239963412284851
0.16592220962047577
0.3299354314804077
0.2756081819534302
0.7016538977622986
0.5813072919845581
0.6813141107559204
0.08219337463378906
0.9239028692245483
0.2326715886592865
0.3387872576713562
0.10083556175231934
0.1012520045042038
0.9996802806854248
0.23224273324012756
0.591944694519043
0.8552652597427368
0.9906061291694641
0.44792255759239197
0.19694554805755615
0.3978520929813385
0.8959885835647583
0.02395918220281601
0.42384204268455505
0.5285927057266235
0.02421705611050129
0.1628457009792328
0.006139784120023251
0.21886077523231506
0.5143019556999207
0.8657552003860474
0.7796115875244141
0.20845797657966614
0.9875553250312805
0.29145270586013794
0.2561527490615845
0.7473794221878052
0.4113975465297699
0.3161063492298126
0.2964187562465668
0.25552889704704285
0.2956676185131073
0.967927873134613
0.7674722671508789
0.07719424366950989
0.856415867805481
0.715634822845459
0.4761005938053131
0.1617574542760849
0.12484729290008545
0.3572881519794464
0.28159311413764954
0.14675238728523254
0.6316527724266052
0.8298529386520386
0.05613121762871742
0.6168752312660217
0.28902629017829895
0.2830731272697449
0.8880149126052856
0.18282178044319153
0.2900671660900116
0.3591294586658478
0.7775458693504333
0.530809223651886
0.05738133564591408
0.8655408620834351
0.5069859027862549
0.9237464666366577
0.2180858701467514
0.9092903733253479
0.21070963144302368
0.905387818813324
0.6310368776321411
0.6447274684906006
0.8535860180854797
0.6791853904724121
0.5463399887084961
0.0918857529759407
0.6387262344360352
0.16259978711605072
0.8732700347900391
0.08353570848703384
0.6406115889549255
0.4446490406990051
0.6626457571983337
0.9785658121109009
0.6619231700897217
0.11058393865823746
0.7770670056343079
0.7014756202697754
0.74333256483078
0.9711583256721497
0.06608612090349197
0.9317387938499451
0.5102476477622986
0.7272525429725647
0.08538120239973068
0.41548821330070496
0.5724522471427917
0.8927381038665771
0.2203304022550583
0.9872551560401917
0.3233470618724823
0.4125581383705139
0.25379133224487305
0.5610387325286865
0.516126275062561
0.6430028676986694
0.8833388686180115
0.9379664063453674
0.34983694553375244
0.3719223141670227
0.8715366125106812
0.943013608455658
0.3114710748195648
0.9968205690383911
0.2981981039047241
0.18956966698169708
0.9758064150810242
0.17814207077026367
0.08448765426874161
0.6199293732643127
0.8346092700958252
0.013470823876559734
0.7081227898597717
0.195837140083313
0.746704638004303
0.7349205017089844
0.6430344581604004
0.0721527636051178
0.893103837966919
0.2761624753475189
0.2889206111431122
0.7452935576438904
0.6527844667434692
0.7249574661254883
0.6511306166648865
0.6853441596031189
0.5923351049423218
0.13179084658622742
0.6851893663406372
0.41735586524009705
0.11586826294660568
0.6181083917617798
0.06268763542175293
0.39555925130844116
0.9957587718963623
0.8036817908287048
0.8920536637306213
0.046228229999542236
0.5635820627212524
0.5467810034751892
0.5165754556655884
0.08004038035869598
0.587478756904602
0.31529220938682556
0.8600330352783203
0.9510306119918823
0.196803018450737
0.12580370903015137
0.5956608653068542
0.7479203939437866
0.3407992720603943
0.3107886016368866
0.03389415517449379
0.9125215411186218
0.4778917729854584
0.3758049011230469
0.4097086489200592
0.4212845265865326
0.175131693482399
0.35951951146125793
0.5785115957260132
0.4283562898635864
0.9547802209854126
0.6410863995552063
0.9471796154975891
0.03378172963857651
0.13631074130535126
0.731502890586853
0.38770565390586853
0.2213403433561325
0.3685341477394104
0.7483541369438171
0.3787108063697815
0.3911602199077606
0.8162062764167786
0.7501174807548523
0.44836536049842834
0.16157953441143036
0.26736587285995483
0.9511697888374329
0.2087678462266922
0.7131366729736328
0.12310809642076492
0.07799925655126572
0.1610330045223236
0.18908992409706116
0.8029134273529053
0.3293333947658539
0.8819336891174316
0.4850429594516754
0.16505630314350128
0.1462816596031189
0.7173786759376526
0.8299583196640015
0.135762557387352
0.07156378030776978
0.16458778083324432
0.36151668429374695
0.30711719393730164
0.6988477110862732
0.5860337615013123
0.20605050027370453
0.8382927179336548
0.5449056625366211
0.6728470921516418
0.13249482214450836
0.3845083713531494
0.773228108882904
0.537208616733551
0.13775812089443207
0.5674092173576355
0.48771554231643677
0.964217483997345
0.4617083966732025
0.46111366152763367
0.8054108619689941
0.7701918482780457
0.6916755437850952
0.08064498752355576
0.01903919130563736
0.06634249538183212
0.021186618134379387
0.26725757122039795
0.7627399563789368
0.9236222505569458
0.61795973777771
0.8694596886634827
0.31453558802604675
0.13728298246860504
0.1317320317029953
0.10044208914041519
0.7640001773834229
0.22287647426128387
0.3732464611530304
0.10879525542259216
0.4045584499835968
0.5280488729476929
0.03541989251971245
0.9496828317642212
0.4752456843852997
0.5968148708343506
0.6223058104515076
0.08770683407783508
0.2456994652748108
0.9787997603416443
0.4625377655029297
0.5707042813301086
0.46547627449035645
0.380375474691391
0.7244886755943298
0.059580981731414795
0.3928048610687256
0.36061424016952515
0.7875829935073853
0.20996472239494324
0.7818036079406738
0.43052437901496887
0.794153094291687
0.49108588695526123
0.785994291305542
0.6671209931373596
0.5796834230422974
0.7300820350646973
0.26025065779685974
0.6583458781242371
0.4863952696323395
0.6800208687782288
0.46182897686958313
0.9255340099334717
0.753862738609314
0.4920647442340851
0.009526286274194717
0.37835222482681274
0.723122239112854
0.0502048060297966
0.06627790629863739
0.11899123340845108
0.04434830695390701
0.19713185727596283
0.4381314516067505
0.8370228409767151
0.3679094612598419
0.5403680205345154
0.7602282762527466
0.7866140007972717
0.18299536406993866
0.9997121095657349
0.8503370881080627
0.056103795766830444
0.7633650302886963
0.5461173057556152
0.12223907560110092
0.22190707921981812
0.7803913950920105
0.4037936329841614
0.47411972284317017
0.16561618447303772
0.6524118185043335
0.8666045069694519
0.6290455460548401
0.048721328377723694
0.669702410697937
0.31703129410743713
0.5187859535217285
0.9425778985023499
0.877623438835144
0.13473138213157654
0.10560443252325058
0.5221138000488281
0.02567306160926819
0.12952278554439545
0.9489794373512268
0.7209253907203674
0.6746214032173157
0.23588496446609497
0.3337840437889099
0.8188059329986572
0.04019298404455185
0.8122461438179016
0.41345492005348206
0.18194743990898132
0.9512924551963806
0.0009820174891501665
0.44302138686180115
0.1521735042333603
0.43238818645477295
0.7350766062736511
0.8695665001869202
0.5024278163909912
0.884484052658081
0.3914620876312256
0.1506332904100418
0.6245074272155762
0.5708390474319458
0.24451608955860138
0.6740186214447021
0.7848614454269409
0.39682942628860474
0.9482324719429016
0.5052447319030762
0.00698107061907649
0.2309352606534958
0.1775905191898346
0.9484450221061707
0.9765227437019348
0.04901832714676857
0.6817809343338013
0.9766255617141724
0.6026379466056824
0.12912726402282715
0.5392734408378601
0.5743219256401062
0.2950729429721832
0.1839299201965332
0.4166870713233948
0.9852533936500549
0.6427574157714844
0.8001787662506104
0.24962036311626434
0.8825463056564331
0.721742570400238
0.10959350317716599
0.4033467173576355
0.8621466159820557
0.01358566340059042
0.0131609458476305
0.3563551604747772
0.4809747040271759
0.7435891628265381
0.2216940075159073
0.06632190942764282
0.057734064757823944
0.04324991628527641
0.853453516960144
0.35995757579803467
0.9055138826370239
0.26184725761413574
0.6939448118209839
0.5071430802345276
0.5964855551719666
0.16008144617080688
0.25850799679756165
0.10695968568325043
0.495954304933548
0.7162418365478516
0.7050065994262695
0.5437861680984497
0.031874340027570724
0.7867327332496643
0.7409392595291138
0.4330657124519348
0.9597728848457336
0.13536153733730316
0.7519944310188293
0.05812882259488106
0.6462638974189758
0.1117977574467659
0.33840110898017883
0.5943781733512878
0.8418330550193787
0.011914501897990704
0.40191230177879333
0.5307974815368652
0.6300733089447021
0.29363924264907837
0.3540043234825134
0.7881348133087158
0.3914022445678711
0.7344110608100891
0.7171251177787781
0.37690654397010803
0.48678848147392273
0.24010145664215088
0.9723779559135437
0.17493118345737457
0.058984436094760895
0.4391671121120453
0.6981640458106995
0.19854736328125
0.4192140996456146
0.5868940949440002
0.010339731350541115
0.7753872275352478
0.42343369126319885
0.8584345579147339
0.5052521824836731
0.9371383786201477
0.25369569659233093
0.011378413066267967
0.3064994513988495
0.12406723201274872
0.9661887288093567
0.7069929838180542
0.020491337403655052
0.34399768710136414
0.2788102328777313
0.8594620823860168
0.64878910779953
0.2360493540763855
0.3586483597755432
0.720179557800293
0.8845965266227722
0.4968893527984619
0.4870832562446594
0.6551647186279297
0.12916426360607147
0.3647605776786804
0.39818716049194336
0.8781912922859192
0.03485198691487312
0.8814904689788818
0.6195972561836243
0.6208423376083374
0.13435997068881989
0.6522811651229858
0.5152813792228699
0.5167091488838196
0.8591170907020569
0.912230372428894
0.8792594075202942
0.1100902333855629
0.6598751544952393
0.15880008041858673
0.6668431162834167
0.9685702323913574
0.8611851930618286
0.9354124665260315
0.8416213393211365
0.7026142477989197
0.11634530127048492
0.2193160504102707
0.6296210289001465
0.8334910869598389
0.9399572610855103
0.5686607956886292
0.4470828175544739
0.6429933905601501
0.8224839568138123
0.46720921993255615
0.7676622271537781
0.5485057234764099
0.5662125945091248
0.6588836312294006
0.965143084526062
0.2866864502429962
0.2986631393432617
0.4397953152656555
0.13735905289649963
0.6410987377166748
0.5601367354393005
0.1842097043991089
0.7106241583824158
0.6645836234092712
0.9445834159851074
0.018549250438809395
0.8226925134658813
0.5190718770027161
0.46756458282470703
0.16073809564113617
0.6154769659042358
0.4087996482849121
0.2308877408504486
0.41897982358932495
0.37470516562461853
0.4749526083469391
0.38179004192352295
0.22842830419540405
0.14240196347236633
0.6308115720748901
0.38943707942962646
0.5140172243118286
0.7693497538566589
0.24658364057540894
0.6818679571151733
0.007690427824854851
0.28425323963165283
0.0675121620297432
0.6194902062416077
0.7130507230758667
0.6027017831802368
0.914256751537323
0.9012435674667358
0.1276043802499771
0.9256365299224854
0.4787229895591736
0.8789498805999756
0.12291378527879715
0.373875230550766
0.36442500352859497
0.9323264956474304
0.5885037183761597
0.40596434473991394
0.31465479731559753
0.7383248209953308
0.8113688230514526
0.31268131732940674
0.2597575783729553
0.4828525483608246
0.7133673429489136
0.04841454327106476
0.05838720500469208
0.39751794934272766
0.18509118258953094
0.6233409643173218
0.09484261274337769
0.6914649605751038
0.9101845622062683
0.8802728652954102
0.6647337675094604
0.5642589926719666
0.8513841032981873
0.20928828418254852
0.25169047713279724
0.9981277585029602
0.9359453320503235
0.9840103983879089
0.6542525887489319
0.9563868045806885
0.8966177701950073
0.5995995998382568
0.10651102662086487
0.21236036717891693
0.45508378744125366
0.2603892982006073
0.1477471888065338
0.6090930104255676
0.7851903438568115
0.24263137578964233
0.5614451766014099
0.1368314027786255
0.34131360054016113
0.2739471197128296
0.492298424243927
0.4064900875091553
0.4955049753189087
0.6764747500419617
0.2305142730474472
0.5560438632965088
0.6910045146942139
0.7179436087608337
0.8437255620956421
0.4860363304615021
0.6571322679519653
0.2972661852836609
0.25997602939605713
0.33560091257095337
0.5845962762832642
0.738505482673645
0.3300049304962158
0.19562683999538422
0.3060821294784546
0.6473552584648132
0.4967223107814789
0.5458568930625916
0.4734900891780853
0.47917640209198
0.26963183283805847
0.900498628616333
0.09161925315856934
0.9945628643035889
0.8359980583190918
0.41935303807258606
0.9422444701194763
0.8828597068786621
0.6604151129722595
0.20423421263694763
0.764352560043335
0.24908867478370667
0.5071603059768677
0.19191332161426544
0.43978816270828247
0.8384974598884583
0.044762022793293
0.17992882430553436
0.8251140117645264
0.0692334771156311
0.9856555461883545
0.35699188709259033
0.7532395720481873
0.11946241557598114
0.1268635094165802
0.42281386256217957
0.5914849638938904
0.20777127146720886
0.3918158710002899
0.21992000937461853
0.34838205575942993
0.07811374217271805
0.15013670921325684
0.04554194584488869
0.8431814312934875
0.7204998731613159
0.5318344831466675
0.3979063630104065
0.8401588797569275
0.16978779435157776
0.1257537454366684
0.9720704555511475
0.04329952597618103
0.856844425201416
0.43073949217796326
0.1473151445388794
0.06557351350784302
0.9701563119888306
0.6289589405059814
0.6784554719924927
0.33581405878067017
0.29335901141166687
0.9366474151611328
0.7599867582321167
0.6338773369789124
0.13945691287517548
0.9815545082092285
0.8759812116622925
0.46755513548851013
0.8621637225151062
0.3834105432033539
0.3840852677822113
0.0593353733420372
0.49872028827667236
0.6216169595718384
0.31945911049842834
0.9747706055641174
0.3511854112148285
0.9352558851242065
0.09335271269083023
0.45341956615448
0.8010292649269104
0.5223838090896606
0.5621665120124817
0.9453617930412292
0.2795523405075073
0.8442754149436951
0.05397889390587807
0.9453089833259583
0.7169581651687622
0.19840708374977112
0.16419239342212677
0.619732141494751
0.056914594024419785
0.9481058716773987
0.6731921434402466
0.7189142107963562
0.8777398467063904
0.9851226806640625
0.04369140416383743
0.7434091567993164
0.375641793012619
0.5547856688499451
0.2622838020324707
0.7457196116447449
0.7759060859680176
0.48348864912986755
0.18989209830760956
0.6464412808418274
0.5272377133369446
0.880412757396698
0.8099730014801025
0.6161036491394043
0.8084771633148193
0.34979403018951416
0.07498545199632645
0.4238722026348114
0.9157538414001465
0.935092568397522
0.7455102205276489
0.5127382874488831
0.971662700176239
0.3162635862827301
0.22971808910369873
0.7913491725921631
0.9606982469558716
0.7181137800216675
0.8738725185394287
0.5847790837287903
0.2744878828525543
0.1517142355442047
0.06872709095478058
0.015732724219560623
0.17162641882896423
0.12032178789377213
0.9550231695175171
0.21617113053798676
0.1600213348865509
0.07039649039506912
0.4950586259365082
0.819118857383728
0.49107277393341064
0.19494186341762543
0.7866261601448059
0.772704005241394
0.2410389930009842
0.35658910870552063
0.03665769472718239
0.7003203630447388
0.6549201607704163
0.05907867103815079
0.6261301040649414
0.28773435950279236
0.06441723555326462
0.3141859769821167
0.7732416391372681
0.0031570540741086006
0.2058095484972
0.9266071915626526
0.6878968477249146
0.6827210187911987
0.5757862329483032
0.8539414405822754
0.9234794974327087
0.7059950828552246
0.9673618078231812
0.8550212979316711
0.9892975091934204
0.11915295571088791
0.8467732071876526
0.9944629669189453
0.4145006239414215
0.26644062995910645
0.07597311586141586
0.01338937133550644
0.16806891560554504
0.8151686787605286
0.4350361227989197
0.35266274213790894
0.3823634684085846
0.7476044297218323
0.7570735216140747
0.9392493963241577
0.8618585467338562
0.7715399265289307
0.9049896597862244
0.24182789027690887
0.6523066759109497
0.3630460202693939
0.5554620027542114
0.850786566734314
0.08655432611703873
0.5453937649726868
0.4828294813632965
0.7126595377922058
0.6412506103515625
0.6239478588104248
0.2860945761203766
0.2130555659532547
0.42254090309143066
0.9053406119346619
0.06802371889352798
0.7029536366462708
0.27216222882270813
0.6727620363235474
0.03479604423046112
0.1543939858675003
0.1516285538673401
0.02660990133881569
0.9194514751434326
0.025308184325695038
0.05471591278910637
0.8305591940879822
0.028498798608779907
0.01926977001130581
0.15678009390830994
0.48201239109039307
0.48031139373779297
0.04534497112035751
0.021148763597011566
0.6369380950927734
0.629948079586029
0.16662462055683136
0.6663681268692017
0.5955368876457214
0.4808567464351654
0.5732297301292419
0.9063698649406433
0.5331205725669861
0.019166456535458565
0.5549308061599731
0.1931031197309494
0.8521373867988586
0.8872951865196228
0.25287920236587524
0.8826294541358948
0.6995129585266113
0.9012139439582825
0.13341467082500458
0.47840678691864014
0.4124874174594879
0.2590053975582123
0.8843513131141663
0.018027540296316147
0.1567121148109436
0.053918469697237015
0.3186807334423065
0.30644458532333374
0.6413066983222961
0.08971914649009705
0.8214191198348999
0.3144727647304535
0.7535213828086853
0.680999219417572
0.7455826997756958
0.6367782354354858
0.8578593134880066
0.7256476879119873
0.14454086124897003
0.351131409406662
0.8148633241653442
0.5867012143135071
0.16252495348453522
0.37743011116981506
0.031689226627349854
0.3566006124019623
0.06547428667545319
0.9460373520851135
0.841698944568634
0.6831938624382019
0.6310968995094299
0.4610441029071808
0.5527915358543396
0.8406215310096741
0.11315970867872238
0.9068797826766968
0.3990843594074249
0.010340962558984756
0.8800819516181946
0.48672595620155334
0.29353389143943787
0.6955922842025757
0.9609723091125488
0.5785003304481506
0.7367566227912903
0.047170016914606094
0.4599820077419281
0.9055322408676147
0.6972053050994873
0.04344533756375313
0.33038273453712463
0.9928589463233948
0.745106041431427
0.911959707736969
0.7629674077033997
0.2911914885044098
0.04669056832790375
0.3504481315612793
0.09874384105205536
0.4673742353916168
0.8228978514671326
0.7461313009262085
0.4000578224658966
0.8680493235588074
0.24924743175506592
0.878732442855835
0.39329302310943604
0.8185248970985413
0.2351057380437851
0.798936665058136
0.08156862109899521
0.6177932620048523
0.8380649089813232
0.41645199060440063
0.6535121202468872
0.11718443036079407
0.06117701157927513
0.21539609134197235
0.49027273058891296
0.07349945604801178
0.12893570959568024
0.3798471689224243
0.5774182081222534
0.7422260046005249
0.6134598851203918
0.21745605766773224
0.87742680311203
0.12719972431659698
0.11732491850852966
0.6193653345108032
0.6949800848960876
0.35288146138191223
0.6915819644927979
0.19401001930236816
0.6361814737319946
0.01954936794936657
0.9083157777786255
0.059469420462846756
0.7566369771957397
0.6367143988609314
0.9007514119148254
0.18213844299316406
0.35508885979652405
0.36796778440475464
0.7753385901451111
0.09688012301921844
0.48475515842437744
0.7429343461990356
0.2830238938331604
0.1845260113477707
0.7129622101783752
0.4980127215385437
0.9553658366203308
0.49515825510025024
0.2271585464477539
0.6194348931312561
0.05474714934825897
0.5700327754020691
0.8137746453285217
0.5403362512588501
0.918397068977356
0.22553633153438568
0.5280537009239197
0.3721522390842438
0.8183189034461975
0.5553818941116333
0.31909412145614624
0.5401633381843567
0.8698053359985352
0.4810081720352173
0.6907551884651184
0.9483344554901123
0.6124981641769409
0.2658989727497101
0.27818694710731506
0.9848947525024414
0.9894617795944214
0.4632260799407959
0.2773028314113617
0.24998727440834045
0.560434103012085
0.5721696019172668
0.41873592138290405
0.7225143909454346
0.6974430084228516
0.6873964071273804
0.0544312484562397
0.4094051718711853
0.04101487249135971
0.5972256660461426
0.8825019598007202
0.3492063879966736
0.148710235953331
0.7185302972793579
0.5947704315185547
0.43848171830177307
0.29517754912376404
0.9188911318778992
0.1825314462184906
0.6588650345802307
0.9988616704940796
0.2183905988931656
0.2739049792289734
0.5864442586898804
0.08449887484312057
0.4778675436973572
0.3912767767906189
0.19197969138622284
0.7376973032951355
0.02201148122549057
0.12761245667934418
0.22577089071273804
0.08496998995542526
0.882257878780365
0.09047793596982956
0.5944628715515137
0.7372704744338989
0.3019183576107025
0.9852791428565979
0.6628860831260681
0.23624451458454132
0.22125808894634247
0.20217497646808624
0.5288158655166626
0.7632113099098206
0.10496081411838531
0.27284425497055054
0.12601259350776672
0.15941575169563293
0.6535425782203674
0.08230551332235336
0.621488094329834
0.8179889917373657
0.7810294032096863
0.5235660076141357
0.22426865994930267
0.7274349331855774
0.10193078219890594
0.6507212519645691
0.8496464490890503
0.45307207107543945
0.04467902332544327
0.902225911617279
0.3377300500869751
0.5008596181869507
0.19893814623355865
0.04236777499318123
0.27352336049079895
0.6360858082771301
0.4891968071460724
0.870459258556366
0.9792202711105347
0.9573197364807129
0.645336925983429
0.9555299878120422
0.8552465438842773
0.7095851898193359
0.36373183131217957
0.8504710793495178
0.6005291938781738
0.8676019310951233
0.4290028214454651
0.35343649983406067
0.4026513993740082
0.3698607385158539
0.8368055820465088
0.728100061416626
0.3451961576938629
0.028905687853693962
0.24524793028831482
0.24881140887737274
0.260892391204834
0.8128986358642578
0.10755307972431183
0.26822879910469055
0.25608569383621216
0.6457856893539429
0.7703137993812561
0.22230401635169983
0.18323272466659546
0.7821761965751648
0.6658057570457458
0.6354959011077881
0.9787580370903015
0.4424254298210144
0.781225323677063
0.4433092176914215
0.07097431272268295
0.37089335918426514
0.7280662059783936
0.29312458634376526
0.04970919340848923
0.6022104620933533
0.24777458608150482
0.40332815051078796
0.16866600513458252
0.8997940421104431
0.06283579021692276
0.8555168509483337
0.6716429591178894
0.19662101566791534
0.12050466239452362
0.45301005244255066
0.28046560287475586
0.5062943696975708
0.3547839820384979
0.32863563299179077
0.8486132025718689
0.7247567176818848
0.4121662974357605
0.07522736489772797
0.24487081170082092
0.6828162670135498
0.04480905085802078
0.5797404050827026
0.03821086883544922
0.957127034664154
0.53251713514328
0.49782636761665344
0.5272620916366577
0.3837345838546753
0.9255744814872742
0.5195601582527161
0.11220960319042206
0.3011098802089691
0.8580424785614014
0.5565347075462341
0.6180056929588318
0.055894896388053894
0.16987720131874084
0.3538869321346283
0.27448520064353943
0.31117305159568787
0.5739403963088989
0.9220828413963318
0.8156312704086304
0.2070775032043457
0.3864637613296509
0.6083924174308777
0.5971652269363403
0.5860769152641296
0.6206205487251282
0.07381799817085266
0.4540691077709198
0.42297837138175964
0.5572081804275513
0.21152780950069427
0.7568545937538147
0.3053894340991974
0.5042786002159119
0.5346353650093079
0.31043416261672974
0.5803819298744202
0.7850674390792847
0.589587390422821
0.9542466402053833
0.36538365483283997
0.008821179158985615
0.3753473162651062
0.21825650334358215
0.6589615941047668
0.5825912356376648
0.020768053829669952
0.2738269567489624
0.6957300901412964
0.6787495613098145
0.040285129100084305
0.560483455657959
0.19243548810482025
0.025786802172660828
0.07277782261371613
0.8182933926582336
0.6869013905525208
0.603323757648468
0.6161043047904968
0.6301325559616089
0.8023543953895569
0.4173871576786041
0.018240924924612045
0.3601750135421753
0.20656222105026245
0.8573693037033081
0.009709757752716541
0.827481210231781
0.1116534024477005
0.17817971110343933
0.5374712347984314
0.044804684817790985
0.05237370356917381
0.4690611660480499
0.7057565450668335
0.13461142778396606
0.45356684923171997
0.15794867277145386
0.7724664807319641
0.8133366703987122
0.35338032245635986
0.6983537077903748
0.4074459671974182
0.6677916049957275
0.9374073147773743
0.6929616928100586
0.4938402771949768
0.15083622932434082
0.9236249923706055
0.5234229564666748
0.5040993690490723
0.7883121967315674
0.49782034754753113
0.8648689985275269
0.39447805285453796
0.6964049339294434
0.5240323543548584
0.15587806701660156
0.3256039619445801
0.8058759570121765
0.05216219276189804
0.8872397541999817
0.9660458564758301
0.13428908586502075
0.8920319080352783
0.7515888214111328
0.8318840265274048
0.7639386057853699
0.8293941617012024
0.6005309224128723
0.11503641307353973
0.11381717026233673
0.5791146159172058
0.1808868944644928
0.5243650674819946
0.10478132218122482
0.40725740790367126
0.5079802870750427
0.5688811540603638
0.0732208639383316
0.09186922758817673
0.6373968720436096
0.15104249119758606
0.29757821559906006
0.3226456940174103
0.8153624534606934
0.523714005947113
0.952187716960907
0.3080587387084961
0.14184905588626862
0.36685898900032043
0.6075666546821594
0.37814345955848694
0.6234467625617981
0.3531339168548584
0.5185092091560364
0.1679626852273941
0.13196679949760437
0.12868721783161163
0.025385595858097076
0.6464515924453735
0.3707340657711029
0.6950763463973999
0.5856569409370422
0.4303584098815918
0.5597874522209167
0.20503602921962738
0.7404860854148865
0.7339616417884827
0.5981621742248535
0.628785252571106
0.34836554527282715
0.1831945925951004
0.8716617822647095
0.227787584066391
0.8288160562515259
0.7401429414749146
0.7422769069671631
0.7519181370735168
0.9748257398605347
0.4539693593978882
0.3021240234375
0.16525529325008392
0.8757368326187134
0.1487453579902649
0.9361611604690552
0.08046279847621918
0.7809605002403259
0.8094779849052429
0.06993983685970306
0.8173172473907471
0.519971489906311
0.12289533019065857
0.006579694338142872
0.9650425314903259
0.20146127045154572
0.8738239407539368
0.4765128791332245
0.5668116807937622
0.4421554207801819
0.5461663007736206
0.42467448115348816
0.15900863707065582
0.3956446647644043
0.3268691301345825
0.7266606092453003
0.7888409495353699
0.42385029792785645
0.15823152661323547
0.8358436226844788
0.9355683326721191
0.6481783986091614
0.08378475159406662
0.9685586094856262
0.3707925081253052
0.052338533103466034
0.1863294541835785
0.607804536819458
0.8879250288009644
0.045366670936346054
0.1226988360285759
0.6518161296844482
0.16542117297649384
0.028519878163933754
0.0713416263461113
0.5456565022468567
0.31716492772102356
0.22688008844852448
0.6836557984352112
0.3435119390487671
0.2643045485019684
0.7932226061820984
0.8906316757202148
0.6634765863418579
0.27817144989967346
0.44365498423576355
0.3467029333114624
0.8371763825416565
0.15066224336624146
0.26007917523384094
0.2830926775932312
0.9724728465080261
0.3728792071342468
0.8742554783821106
0.8706340789794922
0.016450373455882072
0.08942195773124695
0.5248491168022156
0.18969425559043884
0.5437069535255432
0.8258617520332336
0.4010755717754364
0.5794013142585754
0.5858924388885498
0.2922499179840088
0.7303865551948547
0.5399360656738281
0.015566281042993069
0.29104432463645935
0.23537565767765045
0.68834388256073
0.5303842425346375
0.9744757413864136
0.7968719601631165
0.7039806842803955
0.24654026329517365
0.9785193800926208
0.8303287625312805
0.043300267308950424
0.9048652648925781
0.39407411217689514
0.6686443090438843
0.19154633581638336
0.4235575497150421
0.5245155692100525
0.7873073816299438
0.2569829821586609
0.3617067039012909
0.9820489883422852
0.7436057329177856
0.6845853924751282
0.7211802005767822
0.9069039225578308
0.4090799391269684
0.07364962995052338
0.9212668538093567
0.8200744986534119
0.8314806818962097
0.256661593914032
0.8831543922424316
0.6685088872909546
0.5694493055343628
0.6168184280395508
0.06912463903427124
0.7441765069961548
0.7437142729759216
0.6936050653457642
0.7789562940597534
0.05254942923784256
0.8856597542762756
0.6447858810424805
0.6059189438819885
0.10613090544939041
0.49649444222450256
0.6885799765586853
0.21535652875900269
0.27985724806785583
0.9200924038887024
0.9298154711723328
0.7328382134437561
0.9407274127006531
0.3557578921318054
0.2774015963077545
0.536129891872406
0.05661496892571449
0.11478953063488007
0.36978280544281006
0.09842939674854279
0.14463190734386444
0.7304891347885132
0.5989925265312195
0.3301777243614197
0.8613382577896118
0.8754078149795532
0.7246030569076538
0.5646278858184814
0.43116337060928345
0.946029007434845
0.47474077343940735
0.055695608258247375
0.039336349815130234
0.1053578332066536
0.18925461173057556
0.49150896072387695
0.7272030711174011
0.3514197766780853
0.06405969709157944
0.9439774751663208
0.6919928789138794
0.7881430983543396
0.18888574838638306
0.650201141834259
0.8128679394721985
0.4431532621383667
0.3643004894256592
0.010908401571214199
0.8257105350494385
0.36460810899734497
0.9815284609794617
0.8950479626655579
0.3791538178920746
0.7351595163345337
0.08747833967208862
0.9214001297950745
0.28454992175102234
0.8288534283638
0.3232870399951935
0.6944929361343384
0.25309255719184875
0.798360288143158
0.5036569237709045
0.5276328921318054
0.20387771725654602
0.6005991101264954
0.3349807858467102
0.8059489727020264
0.7435910701751709
0.7115159034729004
0.9686370491981506
0.10096941143274307
0.17540372908115387
0.839726448059082
0.47038549184799194
0.8955523371696472
0.6111778020858765
0.025311611592769623
0.6110904812812805
0.07117097079753876
0.5355963706970215
0.5999376177787781
0.3567579984664917
0.06850443035364151
0.5179063677787781
0.5885633230209351
0.4048953056335449
0.2748351991176605
0.7563970685005188
0.3553650975227356
0.8675129413604736
0.4433129131793976
0.7122644782066345
0.5154207348823547
0.19643302261829376
0.17939819395542145
0.4713684916496277
0.047200288623571396
0.5366742610931396
0.994954526424408
0.4619278609752655
0.21608228981494904
0.06292862445116043
0.6319697499275208
0.6794915199279785
0.966792643070221
0.11895686388015747
0.08831969648599625
0.29907575249671936
0.7670592069625854
0.6938772797584534
0.038957513868808746
0.3401157557964325
0.706707775592804
0.9426582455635071
0.4429323673248291
0.0409228689968586
0.04711662232875824
0.6049925684928894
0.8140567541122437
0.9723364114761353
0.7697701454162598
0.9374352693557739
0.9050027132034302
0.07759726047515869
0.1703386902809143
0.32607635855674744
0.513997495174408
0.8005324006080627
0.9410017132759094
0.2912830114364624
0.3392350673675537
0.424822598695755
0.3602527678012848
0.2857186794281006
0.3036268949508667
0.21763397753238678
0.605681836605072
0.23042826354503632
0.040990348905324936
0.9915691018104553
0.05360332503914833
0.6284614205360413
0.6748250722885132
0.5517174601554871
0.09028460085391998
0.9024949669837952
0.22402377426624298
0.7770382761955261
0.5705094337463379
0.26603782176971436
0.6028125882148743
0.9042248725891113
0.2115761935710907
0.34863629937171936
0.9808787107467651
0.6744541525840759
0.30707162618637085
0.4682213068008423
0.19145400822162628
0.558320939540863
0.7004093527793884
0.42036035656929016
0.3169049620628357
0.049793291836977005
0.7986401319503784
0.912748396396637
0.08811839669942856
0.8921797275543213
0.7758310437202454
0.22064374387264252
0.6003487706184387
0.19023092091083527
0.40622836351394653
0.43667593598365784
0.5626954436302185
0.39389219880104065
0.7862242460250854
0.6512467265129089
0.41530269384384155
0.2294778972864151
0.9186180830001831
0.9578254818916321
0.08322135359048843
0.2681524157524109
0.05623169243335724
0.6467846632003784
0.875541090965271
0.07808584719896317
0.8805286884307861
0.7224578857421875
0.946594774723053
0.9213833808898926
0.492570161819458
0.6515544652938843
0.70038902759552
0.2544570863246918
0.6635105013847351
0.4083767235279083
0.6247843503952026
0.8890495896339417
0.666134238243103
0.21863701939582825
0.11661402136087418
0.8519089818000793
0.7508450746536255
0.035500556230545044
0.8406844139099121
0.6293537020683289
0.1027664914727211
0.8753775358200073
0.8360739946365356
0.9089101552963257
0.1845649778842926
0.8984158635139465
0.9820059537887573
0.3130417466163635
0.8477132320404053
0.6251040101051331
0.3149234354496002
0.21425828337669373
0.569499135017395
0.3921772837638855
0.1245354562997818
0.4001350700855255
0.4687787890434265
0.848106861114502
0.33956649899482727
0.23127704858779907
0.2125808149576187
0.3917214572429657
0.4628911316394806
0.6296106576919556
0.8548083901405334
0.42935338616371155
0.09536430984735489
0.7120844721794128
0.381246417760849
0.5605236887931824
0.46983572840690613
0.9677274227142334
0.027751466259360313
0.291191041469574
0.41645532846450806
0.3756949305534363
0.9821755290031433
0.9904991984367371
0.1172240749001503
0.8421465158462524
0.7292894721031189
0.400808721780777
0.1835457682609558
0.643078088760376
0.47353383898735046
0.3976355791091919
0.5959673523902893
0.7637755870819092
0.2332988828420639
0.4663119614124298
0.42234376072883606
0.642600953578949
0.2593109607696533
0.43226736783981323
0.534892737865448
0.313664972782135
0.5363115072250366
0.909098744392395
0.6937224864959717
0.04504821449518204
0.5036609768867493
0.4279223382472992
0.6307086944580078
0.5222329497337341
0.7730744481086731
0.12189064919948578
0.11047970503568649
0.5592495203018188
0.17740803956985474
0.9780154824256897
0.8847206830978394
0.14757375419139862
0.04477648064494133
0.3003147542476654
0.6194754242897034
0.4993065893650055
0.7224084138870239
0.18154431879520416
0.20762166380882263
0.727692723274231
0.5035300254821777
0.7847837805747986
0.0031271493062376976
0.5853200554847717
0.2842423915863037
0.20582345128059387
0.6571676135063171
0.1436423361301422
0.6898296475410461
0.01503548864275217
0.4294438660144806
0.46726107597351074
0.06617162376642227
0.1836240142583847
0.8619706630706787
0.6313819289207458
0.13296324014663696
0.38998544216156006
0.23068225383758545
0.8791124224662781
0.20539641380310059
0.27559712529182434
0.2032715231180191
0.25666892528533936
0.19176338613033295
0.4416516125202179
0.2701907157897949
0.1748393177986145
0.7087956666946411
0.8936282992362976
0.915218710899353
0.060814909636974335
0.7125625610351562
0.37961527705192566
0.08863236755132675
0.9449004530906677
0.34839940071105957
0.7877122759819031
0.16369107365608215
0.201615110039711
0.6692401766777039
0.03690864518284798
0.12268617004156113
0.7538483142852783
0.10037689656019211
0.7986943125724792
0.905372142791748
0.39208143949508667
0.10106194764375687
0.11640407890081406
0.6810628771781921
0.1465378999710083
0.27117082476615906
0.38394615054130554
0.3469920754432678
0.2695105969905853
0.9590189456939697
0.6288476586341858
0.06331045180559158
0.05474492907524109
0.7147535681724548
0.9202385544776917
0.045915015041828156
0.9349581599235535
0.7991711497306824
0.7980512380599976
0.9000378251075745
0.8694390058517456
0.64157634973526
0.11917626857757568
0.5733001828193665
0.8563753366470337
0.4112732708454132
0.11112859845161438
0.9626308679580688
0.09498708695173264
0.5237652659416199
0.7176563143730164
0.9055721163749695
0.7308133840560913
0.7027806043624878
0.6978715658187866
0.8959869146347046
0.7984376549720764
0.9054548144340515
0.9396036863327026
0.5010977983474731
0.4684463441371918
0.8698354959487915
0.4578321576118469
0.7830106019973755
0.7428513169288635
0.1949160099029541
0.024786818772554398
0.07268322259187698
0.2861228883266449
0.09856894612312317
0.1591387540102005
0.4563145041465759
0.4441678524017334
0.5200307369232178
0.4300191402435303
0.7885644435882568
0.5006519556045532
0.8998445868492126
0.6350807547569275
0.6259171962738037
0.9072107076644897
0.830705463886261
0.721616268157959
0.18078528344631195
0.5540176033973694
0.22580964863300323
0.522100567817688
0.8525720238685608
0.8498034477233887
0.40021058917045593
0.7432226538658142
0.2203574925661087
0.4738498628139496
0.9362645149230957
0.48475366830825806
0.9165787100791931
0.17544424533843994
0.4152754247188568
0.9383235573768616
0.15177258849143982
0.8640626668930054
0.6640525460243225
0.6990512013435364
0.6177237033843994
0.8086581230163574
0.20896421372890472
0.4117453694343567
0.35194116830825806
0.26899126172065735
0.18473750352859497
0.9965158104896545
0.4038015902042389
0.6812063455581665
0.9188785552978516
0.9494345188140869
0.33956918120384216
0.1622103601694107
0.318557471036911
0.043218277394771576
0.8881112337112427
0.5447258353233337
0.14206083118915558
0.7674376964569092
0.1179146021604538
0.03265654295682907
0.4446791112422943
0.7117210030555725
0.12519097328186035
0.11694486439228058
0.387972354888916
0.35392165184020996
0.135885551571846
0.027066191658377647
0.5381845831871033
0.2696079909801483
0.8247601389884949
0.7282156944274902
0.908255934715271
0.3933047354221344
0.5394586324691772
0.015120504423975945
0.0881960317492485
0.43272513151168823
0.6857687830924988
0.20800365507602692
0.178264319896698
0.8223733305931091
0.6547090411186218
0.5543572306632996
0.9294750094413757
0.17523667216300964
0.32777032256126404
0.08902670443058014
0.952521026134491
0.540940523147583
0.1508214771747589
0.5245541334152222
0.2156987190246582
0.2880891263484955
0.47442203760147095
0.15856190025806427
0.6063781380653381
0.22918494045734406
0.2271132618188858
0.9844147562980652
0.4658792316913605
0.08676139265298843
0.5321168303489685
0.43606171011924744
0.8861831426620483
0.185350701212883
0.846201479434967
0.240935280919075
0.9251846075057983
0.4445883631706238
0.36609765887260437
0.0024914629757404327
0.7044995427131653
0.3207993507385254
0.48474565148353577
0.09692280739545822
0.5003746151924133
0.3686906099319458
0.4287065863609314
0.0845579281449318
0.5150020718574524
0.886387050151825
0.4554659426212311
0.9341444969177246
0.38580062985420227
0.7365133166313171
0.7212533354759216
0.5440886616706848
0.4330832064151764
0.8075287938117981
0.27007609605789185
0.8522805571556091
0.2722548544406891
0.31257933378219604
0.5746939182281494
0.7168238162994385
0.6715018153190613
0.04506576433777809
0.16485092043876648
0.591699481010437
0.10779073089361191
0.6358004212379456
0.14823871850967407
0.09760651737451553
0.06998654454946518
0.3373621702194214
0.09804446995258331
0.9031305313110352
0.6751598715782166
0.46928268671035767
0.9995696544647217
0.8597253561019897
0.625764787197113
0.823928952217102
0.5845131278038025
0.7721704244613647
0.08881565928459167
0.1733386069536209
0.8649805784225464
0.08840792626142502
0.8425058722496033
0.046488504856824875
0.7788423895835876
0.8395568132400513
0.022476421669125557
0.1950204074382782
0.31240883469581604
0.46498623490333557
0.2635957896709442
0.644032895565033
0.3590147793292999
0.9960130453109741
0.4229605495929718
0.19362054765224457
0.35003674030303955
0.03479310870170593
0.699389636516571
0.3076321482658386
0.5459153652191162
0.8272451758384705
0.8174428343772888
0.3292006850242615
0.3123985826969147
0.20369426906108856
0.9093177318572998
0.18731316924095154
0.16063794493675232
0.39437422156333923
0.23629383742809296
0.687076210975647
0.7408186197280884
0.5396259427070618
0.47106289863586426
0.07691169530153275
0.707485556602478
0.31590062379837036
0.35700950026512146
0.3524070084095001
0.31998002529144287
0.09328196942806244
0.028689511120319366
0.12930159270763397
0.652204155921936
0.25656482577323914
0.18081547319889069
0.3729761242866516
0.7053219079971313
0.7681818604469299
0.33892321586608887
0.9757989048957825
0.30340641736984253
0.44715744256973267
0.34631335735321045
0.23584303259849548
0.8107853531837463
0.0588601790368557
0.6144238114356995
0.2201775759458542
0.5838990807533264
0.8933441042900085
0.530204713344574
0.7082922458648682
0.3180091679096222
0.5921023488044739
0.32751670479774475
0.8698153495788574
0.3477220833301544
0.7944883704185486
0.3811631500720978
0.4318726658821106
0.7622359991073608
0.8308234810829163
0.1735653579235077
0.8930792212486267
0.9470319151878357
0.7102483510971069
0.7568387985229492
0.06950347125530243
0.24399007856845856
0.9320146441459656
0.7863897681236267
0.5592291355133057
0.9587980508804321
0.844838559627533
0.16503340005874634
0.8645802736282349
0.5717540979385376
0.3863011300563812
0.5719473361968994
0.34883949160575867
0.42566007375717163
0.688143789768219
0.29655686020851135
0.43112653493881226
0.7368602156639099
0.09333169460296631
0.5874879956245422
0.27588385343551636
0.9112788438796997
0.5990962982177734
0.831824779510498
0.19052110612392426
0.5390911102294922
0.9863831400871277
0.31674566864967346
0.7541509866714478
0.07121968269348145
0.27732110023498535
0.5627921223640442
0.22814969718456268
0.3739830255508423
0.007493715733289719
0.8940373063087463
0.9820769429206848
0.8059138059616089
0.531039834022522
0.7288786768913269
0.10990746319293976
0.9952985048294067
0.9991932511329651
0.23938877880573273
0.7245861291885376
0.3095185458660126
0.7415713667869568
0.34396159648895264
0.5485201478004456
0.15062034130096436
0.8315016627311707
0.4533994197845459
0.3734217584133148
0.7037231922149658
0.23125331103801727
0.985736072063446
0.8540781140327454
0.4586297273635864
0.4115600883960724
0.1317170411348343
0.5405336618423462
0.35263994336128235
0.6907547116279602
0.2706190049648285
0.5115342140197754
0.18988613784313202
0.18260067701339722
0.1594664752483368
0.7162690758705139
0.8633460998535156
0.1034664735198021
0.2187756597995758
0.32408270239830017
0.8336704969406128
0.36145034432411194
0.9356843829154968
0.49930980801582336
0.2404990941286087
0.41444340348243713
0.17385104298591614
0.048151034861803055
0.40542155504226685
0.9650919437408447
0.3328363001346588
0.17593419551849365
0.1817357987165451
0.4406277537345886
0.45368069410324097
0.5240516662597656
0.7451876401901245
0.48162662982940674
0.7515772581100464
0.3982568681240082
0.382529079914093
0.03754875808954239
0.6032403707504272
0.9230685234069824
0.6432012319564819
0.8778966665267944
0.23099073767662048
0.42627376317977905
0.2581353187561035
0.23517678678035736
0.680426299571991
0.17209823429584503
0.8160308003425598
0.022469574585556984
0.23729906976222992
0.29691746830940247
0.9377681612968445
0.11215534061193466
0.6903349161148071
0.5054532885551453
0.3368927836418152
0.41443127393722534
0.26392367482185364
0.4095018804073334
0.5961768627166748
0.20689210295677185
0.24862436950206757
0.32326874136924744
0.5600461363792419
0.19025243818759918
0.7461045980453491
0.26983675360679626
0.7411499619483948
0.6560050845146179
0.06191055104136467
0.2867896854877472
0.8413251042366028
0.11590488255023956
0.7979714870452881
0.3932580053806305
0.77516770362854
0.044183533638715744
0.8874855041503906
0.0031365659087896347
0.4784940481185913
0.1286763846874237
0.6300469040870667
0.19437290728092194
0.10591437667608261
0.8629885911941528
0.751603364944458
0.8254398703575134
0.5748039484024048
0.9568313956260681
0.7269798517227173
0.20918764173984528
0.33034253120422363
0.10966705530881882
0.603787362575531
0.7649310231208801
0.645345151424408
0.979090690612793
0.5581367611885071
0.9200300574302673
0.528252124786377
0.7792975902557373
0.39369121193885803
0.40933623909950256
0.9381966590881348
0.9226511120796204
0.0970061793923378
0.7261621952056885
0.9807858467102051
0.8167794346809387
0.06369180232286453
0.05654570460319519
0.38774576783180237
0.37258246541023254
0.5871522426605225
0.005503407679498196
0.5974834561347961
0.48040714859962463
0.9884061217308044
0.4521012008190155
0.5223952531814575
0.35743871331214905
0.019675549119710922
0.9336581826210022
0.45126351714134216
0.606960654258728
0.38343876600265503
0.42520228028297424
0.42426353693008423
0.741020679473877
0.8213610649108887
0.42456328868865967
0.4796927869319916
0.2832372784614563
0.5760172605514526
0.8814995288848877
0.7705445289611816
0.7294912338256836
0.29372382164001465
0.3831160366535187
0.7061147689819336
0.665760338306427
0.172641783952713
0.03642752394080162
0.03911236673593521
0.08722640573978424
0.6353855133056641
0.9722486734390259
0.226091668009758
0.46082794666290283
0.9868803024291992
0.29514119029045105
0.09562306106090546
0.4950255751609802
0.038170527666807175
0.10546769946813583
0.07336241751909256
0.5487589836120605
0.00753501383587718
0.09685966372489929
0.6844897866249084
0.30521127581596375
0.3240339457988739
0.44645339250564575
0.8793367743492126
0.8310122489929199
0.7605814933776855
0.9742892980575562
0.012583879753947258
0.4580889940261841
0.8607465028762817
0.18001234531402588
0.4966021478176117
0.18548138439655304
0.43726062774658203
0.6676474809646606
0.5467493534088135
0.19255082309246063
0.7024930119514465
0.4142070412635803
0.08583713322877884
0.9160504341125488
0.6123698949813843
0.04010739549994469
0.8756295442581177
0.860690176486969
0.843386709690094
0.26383909583091736
0.15910238027572632
0.8986150622367859
0.22869034111499786
0.22335827350616455
0.050887610763311386
0.04460616409778595
0.3115498721599579
0.2783508002758026
0.8938616514205933
0.39271265268325806
0.14661191403865814
0.2957805097103119
0.6997123956680298
0.4160168468952179
0.3777063190937042
0.8625544905662537
0.9290193319320679
0.5368531346321106
0.7444281578063965
0.7933261394500732
0.9449537396430969
0.45091497898101807
0.13783682882785797
0.5410054326057434
0.6382633447647095
0.29888054728507996
0.6527507901191711
0.050834592431783676
0.7404593229293823
0.9631664156913757
0.20349059998989105
0.04224139079451561
0.8547101020812988
0.6050768494606018
0.06645972281694412
0.7255226373672485
0.649105966091156
0.4378545582294464
0.28223860263824463
0.37502893805503845
0.8334273099899292
0.543827474117279
0.01300093811005354
0.43208494782447815
0.9850534200668335
0.7096973657608032
0.75235515832901
0.9742745161056519
0.10467702895402908
0.43106234073638916
0.8536609411239624
0.05942489579319954
0.7350232005119324
0.23599305748939514
0.48186615109443665
0.6044648885726929
0.8998652100563049
0.8640453815460205
0.1855389028787613
0.4571765065193176
0.4527791440486908
0.913126528263092
0.005469304975122213
0.8574249744415283
0.7068773508071899
0.06838665157556534
0.35999155044555664
0.8842618465423584
0.9696489572525024
0.022866113111376762
0.918060839176178
0.20904065668582916
0.5884347558021545
0.8921395540237427
0.44948410987854004
0.8131116032600403
0.591232180595398
0.6762140393257141
0.500027596950531
0.48956578969955444
0.6266272664070129
0.3685814440250397
0.8876689672470093
0.5864895582199097
0.6990233659744263
0.8001087307929993
0.15611909329891205
0.37119415402412415
0.8410526514053345
0.6981975436210632
0.5556852221488953
0.36195462942123413
0.33817973732948303
0.9320008158683777
0.2569281756877899
0.5063990950584412
0.5316179990768433
0.5035141706466675
0.9790213108062744
0.4801378548145294
0.6294658184051514
0.8893400430679321
0.4001072645187378
0.8862994909286499
0.7430787682533264
0.809593141078949
0.9040542840957642
0.03375150263309479
0.6300996541976929
0.007360660936683416
0.5578661561012268
0.10627448558807373
0.13568352162837982
0.7735731601715088
0.24460293352603912
0.854916512966156
0.9046657085418701
0.1974565088748932
0.9296068549156189
0.7651003003120422
0.848702073097229
0.17866204679012299
0.9707006216049194
0.24750001728534698
0.646777331829071
0.4851553440093994
0.5956621170043945
0.9187352657318115
0.9020673036575317
0.7553020119667053
0.7602629065513611
0.13744443655014038
0.9056177139282227
0.13639101386070251
0.10533390194177628
0.3002527952194214
0.9379206299781799
0.6500951051712036
0.01377366203814745
0.7112786769866943
0.02672719582915306
0.343756765127182
0.6362476348876953
0.5163546204566956
0.051199182868003845
0.7906805276870728
0.7881568074226379
0.5258294343948364
0.9144679307937622
0.7770165801048279
0.8334202766418457
0.26987236738204956
0.799013614654541
0.4024590849876404
0.7925190329551697
0.5823420286178589
0.08546259999275208
0.8648004531860352
0.3595893383026123
0.7034671306610107
0.03500828146934509
0.6020986437797546
0.5608525276184082
0.2745763063430786
0.12026046961545944
0.15083999931812286
0.8483723402023315
0.23250272870063782
0.14927266538143158
0.1069408506155014
0.07293723523616791
0.8405139446258545
0.9234263300895691
0.5886073112487793
0.5634052753448486
0.48889845609664917
0.6315235495567322
0.1753227412700653
0.6754909157752991
0.5245373249053955
0.3683258891105652
0.08616874366998672
0.9484473466873169
0.07983914762735367
0.684657633304596
0.5226371884346008
0.8792553544044495
0.513357937335968
0.6691605448722839
0.9525432586669922
0.054288845509290695
0.39949023723602295
0.41349300742149353
0.8255553841590881
0.06658055633306503
0.05006137862801552
0.4005754888057709
0.7379682064056396
0.7910566329956055
0.4724026620388031
0.3645392060279846
0.5648711323738098
0.0685480535030365
0.03186274319887161
0.8878034353256226
0.031081445515155792
0.35540422797203064
0.9432293772697449
0.8862265348434448
0.1774592250585556
0.9415299892425537
0.6827151775360107
0.6355147957801819
0.3927890360355377
0.6531726121902466
0.3264995515346527
0.34237924218177795
0.7083601951599121
0.7795054912567139
0.029680665582418442
0.4148295521736145
0.014769842848181725
0.6651275157928467
0.5327975153923035
0.10254154354333878
0.6031217575073242
0.4623841941356659
0.13113117218017578
0.903603196144104
0.6737033128738403
0.6988255381584167
0.6244516968727112
0.26866966485977173
0.15424686670303345
0.9391838312149048
0.5645213723182678
0.750193178653717
0.4293409287929535
0.8241554498672485
0.970573365688324
0.6219584941864014
0.507829487323761
0.49149665236473083
0.22584664821624756
0.038617439568042755
0.8027912378311157
0.27662888169288635
0.09425049275159836
0.4793958067893982
0.26405948400497437
0.7288227677345276
0.8907318711280823
0.6921456456184387
0.621313214302063
0.1441461145877838
0.13526275753974915
0.9108430743217468
0.5923593044281006
0.19536668062210083
0.4923930764198303
0.4896601140499115
0.7979572415351868
0.9048607349395752
0.16646382212638855
0.19603626430034637
0.0016467546811327338
0.27360373735427856
0.27785828709602356
0.11035913228988647
0.36944901943206787
0.7820562124252319
0.6425408124923706
0.30667105317115784
0.5972013473510742
0.2596508860588074
0.12733948230743408
0.8297392725944519
0.4849803149700165
0.4224756956100464
