ConfigName: krbf__advnormalizedfitness__M2__L6__eps0p01__g0p006__ds0p01__dm0p3
Problem: QUBO
Kernel: rbf
Advantage: normalizedfitness
M: 2
lambda: 6
epsilon_svgd: 0.01
gamma: 0.006
decay_start_ratio: 0.01
decay_min_factor: 0.3
bandwith_kernel: None
no_interact: False
avg_score: -927.6199951171875
median_score: -923.0
std_score: 66.03147888183594
percentiles: 2%=-1072.0400390625, 5%=-1050.0999755859375, 10%=-1029.800048828125, 25%=-965.0, 50%=-923.0, 75%=-875.75, 90%=-844.7999877929688, 95%=-824.9000244140625, 98%=-810.8800048828125
ranking_best_algo: CMApara
ranking_best_score: 964.9
ranking_my_rank: 21/504 (96.0%)
ranking_my_percent: 96.03174603174604
