ConfigName: kfr__advglobalrankweighted__M6__L10__eps0p015__g0p003__ds0p01__dm0p01
Problem: QUBO
Kernel: fr
Advantage: globalrankweighted
M: 6
lambda: 10
epsilon_svgd: 0.015
gamma: 0.003
decay_start_ratio: 0.01
decay_min_factor: 0.01
bandwith_kernel: None
no_interact: False
avg_score: -575.52001953125
median_score: -574.5
std_score: 29.25422477722168
percentiles: 2%=-643.0399780273438, 5%=-617.2000122070312, 10%=-611.0999755859375, 25%=-596.25, 50%=-574.5, 75%=-552.75, 90%=-540.0, 95%=-531.75, 98%=-513.9599609375
ranking_best_algo: Tabu
ranking_best_score: 588.7199999999999
ranking_my_rank: 57/503 (88.9%)
ranking_my_percent: 88.86679920477137
