ConfigName: kjsd__advperagentrankweighted__M4__L10__eps0p01__g0p0005__ds0p4__dm0p05
Problem: QUBO
Kernel: jsd
Advantage: peragentrankweighted
M: 4
lambda: 10
epsilon_svgd: 0.01
gamma: 0.0005
decay_start_ratio: 0.4
decay_min_factor: 0.05
bandwith_kernel: None
no_interact: False
avg_score: -145.97999572753906
median_score: -145.0
std_score: 13.715669631958008
percentiles: 2%=-179.0, 5%=-177.10000610351562, 10%=-160.0, 25%=-154.25, 50%=-145.0, 75%=-136.75, 90%=-131.0, 95%=-125.0, 98%=-119.77999877929688
ranking_best_algo: CMApara
ranking_best_score: 154.28
ranking_my_rank: 134/504 (73.6%)
ranking_my_percent: 73.61111111111111
