ConfigName: kjsd__advperagentrankweighted__M5__L24__eps0p02__g0p0007__ds0p05__dm0p05
Problem: QUBO
Kernel: jsd
Advantage: peragentrankweighted
M: 5
lambda: 24
epsilon_svgd: 0.02
gamma: 0.0007
decay_start_ratio: 0.05
decay_min_factor: 0.05
bandwith_kernel: None
no_interact: False
avg_score: -2648.739990234375
median_score: -2643.0
std_score: 111.80220031738281
percentiles: 2%=-2845.56005859375, 5%=-2832.25, 10%=-2788.60009765625, 25%=-2727.25, 50%=-2643.0, 75%=-2565.75, 90%=-2526.5, 95%=-2453.60009765625, 98%=-2420.159912109375
ranking_best_algo: DiscreteLengler2OnePlusOne
ranking_best_score: 2617.04
ranking_my_rank: 1/504 (100.0%)
ranking_my_percent: 100.0
