ConfigName: kjsd__advperagentrankweighted__M3__L16__eps0p01__g0p0007__ds0p2__dm0p2
Problem: QUBO
Kernel: jsd
Advantage: peragentrankweighted
M: 3
lambda: 16
epsilon_svgd: 0.01
gamma: 0.0007
decay_start_ratio: 0.2
decay_min_factor: 0.2
bandwith_kernel: None
no_interact: False
avg_score: -2568.89990234375
median_score: -2560.0
std_score: 116.5294418334961
percentiles: 2%=-2812.699951171875, 5%=-2764.14990234375, 10%=-2720.60009765625, 25%=-2652.25, 50%=-2560.0, 75%=-2485.0, 90%=-2440.60009765625, 95%=-2378.35009765625, 98%=-2364.820068359375
ranking_best_algo: SVM1MetaModelLogNormal
ranking_best_score: 2605.14
ranking_my_rank: 15/504 (97.2%)
ranking_my_percent: 97.22222222222223
