ConfigName: kjsd__advperagentrankweighted__M5__L28__eps0p005__g0p0005__ds0p3__dm0p05
Problem: QUBO
Kernel: jsd
Advantage: peragentrankweighted
M: 5
lambda: 28
epsilon_svgd: 0.005
gamma: 0.0005
decay_start_ratio: 0.3
decay_min_factor: 0.05
bandwith_kernel: None
no_interact: False
avg_score: -1168.4599609375
median_score: -1157.0
std_score: 60.202728271484375
percentiles: 2%=-1295.3199462890625, 5%=-1281.199951171875, 10%=-1259.0999755859375, 25%=-1201.5, 50%=-1157.0, 75%=-1123.75, 90%=-1102.800048828125, 95%=-1095.8499755859375, 98%=-1083.47998046875
ranking_best_algo: Tabu
ranking_best_score: 1216.16
ranking_my_rank: 93/504 (81.7%)
ranking_my_percent: 81.74603174603175
