ConfigName: kjsd__advperagentrankweighted__M3__L18__eps0p01__g0p001__ds0p1__dm0p1
Problem: QUBO
Kernel: jsd
Advantage: peragentrankweighted
M: 3
lambda: 18
epsilon_svgd: 0.01
gamma: 0.001
decay_start_ratio: 0.1
decay_min_factor: 0.1
bandwith_kernel: None
no_interact: False
avg_score: -136.63999938964844
median_score: -138.0
std_score: 12.148679733276367
percentiles: 2%=-159.0, 5%=-157.0, 10%=-151.0, 25%=-146.0, 50%=-138.0, 75%=-129.0, 90%=-120.9000015258789, 95%=-116.8499984741211, 98%=-110.9000015258789
ranking_best_algo: DiscreteDE
ranking_best_score: 143.4
ranking_my_rank: 206/504 (59.3%)
ranking_my_percent: 59.32539682539682
