ConfigName: kjsd__advperagentrankweighted__M6__L8__eps0p03__g0p0003__ds0p2__dm0p05
Problem: NK
Kernel: jsd
Advantage: peragentrankweighted
M: 6
lambda: 8
epsilon_svgd: 0.03
gamma: 0.0003
decay_start_ratio: 0.2
decay_min_factor: 0.05
bandwith_kernel: None
no_interact: False
avg_score: 0.7200080752372742
median_score: 0.7201064825057983
std_score: 0.00906794797629118
percentiles: 2%=0.7019043564796448, 5%=0.7049141526222229, 10%=0.7081772685050964, 25%=0.7140786051750183, 50%=0.7201064825057983, 75%=0.7254405617713928, 90%=0.7341688275337219, 95%=0.7362838983535767, 98%=0.738003671169281
ranking_best_algo: PBIL
ranking_best_score: 0.733570253046875
ranking_my_rank: 51/504 (90.1%)
ranking_my_percent: 90.07936507936508
