ConfigName: krbf__advnormalizedfitness__M4__L12__eps0p025__g0p01__ds0p3__dm0p01
Problem: QUBO
Kernel: rbf
Advantage: normalizedfitness
M: 4
lambda: 12
epsilon_svgd: 0.025
gamma: 0.01
decay_start_ratio: 0.3
decay_min_factor: 0.01
bandwith_kernel: None
no_interact: False
avg_score: -309.6600036621094
median_score: -311.0
std_score: 38.5419807434082
percentiles: 2%=-394.0400085449219, 5%=-388.0, 10%=-355.5999755859375, 25%=-334.0, 50%=-311.0, 75%=-274.25, 90%=-263.8999938964844, 95%=-260.95001220703125, 98%=-256.97998046875
ranking_best_algo: CMApara
ranking_best_score: 319.29999999999995
ranking_my_rank: 72/504 (85.9%)
ranking_my_percent: 85.91269841269842
