ConfigName: kjsd__advperagentrankweighted__M3__L18__eps0p01__g0p003__ds0p2__dm0p1
Problem: QUBO
Kernel: jsd
Advantage: peragentrankweighted
M: 3
lambda: 18
epsilon_svgd: 0.01
gamma: 0.003
decay_start_ratio: 0.2
decay_min_factor: 0.1
bandwith_kernel: None
no_interact: False
avg_score: -429.239990234375
median_score: -426.5
std_score: 23.960433959960938
percentiles: 2%=-477.0799865722656, 5%=-473.1000061035156, 10%=-460.29998779296875, 25%=-445.0, 50%=-426.5, 75%=-415.0, 90%=-400.79998779296875, 95%=-390.95001220703125, 98%=-386.9200134277344
ranking_best_algo: CMAL3
ranking_best_score: 435.36
ranking_my_rank: 11/504 (98.0%)
ranking_my_percent: 98.01587301587301
