ConfigName: krbf__advnormalizedfitness__M2__L8__eps0p025__g0p005__ds0p15__dm0p3
Problem: NK
Kernel: rbf
Advantage: normalizedfitness
M: 2
lambda: 8
epsilon_svgd: 0.025
gamma: 0.005
decay_start_ratio: 0.15
decay_min_factor: 0.3
bandwith_kernel: None
no_interact: False
avg_score: 0.7330752611160278
median_score: 0.7301129102706909
std_score: 0.015652362257242203
percentiles: 2%=0.7054120302200317, 5%=0.7102423906326294, 10%=0.713020920753479, 25%=0.7225499749183655, 50%=0.7301129102706909, 75%=0.7458022832870483, 90%=0.7529169917106628, 95%=0.7582193613052368, 98%=0.7617211937904358
ranking_best_algo: Tabu
ranking_best_score: 0.7601875690625
ranking_my_rank: 34/504 (93.5%)
ranking_my_percent: 93.45238095238095
