ConfigName: kjsd__advperagentrankweighted__M8__L8__eps0p005__g0p0005__ds0p05__dm0p2
Problem: QUBO
Kernel: jsd
Advantage: peragentrankweighted
M: 8
lambda: 8
epsilon_svgd: 0.005
gamma: 0.0005
decay_start_ratio: 0.05
decay_min_factor: 0.2
bandwith_kernel: None
no_interact: False
avg_score: -151.67999267578125
median_score: -151.0
std_score: 12.38457202911377
percentiles: 2%=-179.0, 5%=-179.0, 10%=-165.5, 25%=-157.0, 50%=-151.0, 75%=-141.75, 90%=-139.0, 95%=-135.9499969482422, 98%=-130.9199981689453
ranking_best_algo: CMApara
ranking_best_score: 154.28
ranking_my_rank: 66/504 (87.1%)
ranking_my_percent: 87.10317460317461
