ConfigName: kjsd__advperagentrankweighted__M4__L8__eps0p005__g0p0007__ds0p05__dm0p2
Problem: QUBO
Kernel: jsd
Advantage: peragentrankweighted
M: 4
lambda: 8
epsilon_svgd: 0.005
gamma: 0.0007
decay_start_ratio: 0.05
decay_min_factor: 0.2
bandwith_kernel: None
no_interact: False
avg_score: -139.66000366210938
median_score: -141.5
std_score: 11.187689781188965
percentiles: 2%=-159.02000427246094, 5%=-158.0500030517578, 10%=-156.0, 25%=-146.0, 50%=-141.5, 75%=-131.0, 90%=-125.0, 95%=-120.94999694824219, 98%=-118.91999816894531
ranking_best_algo: DiscreteDE
ranking_best_score: 143.4
ranking_my_rank: 83/504 (83.7%)
ranking_my_percent: 83.73015873015873
