ConfigName: kjsd__advperagentrankweighted__M4__L12__eps0p01__g0p0007__ds0p4__dm0p05
Problem: QUBO
Kernel: jsd
Advantage: peragentrankweighted
M: 4
lambda: 12
epsilon_svgd: 0.01
gamma: 0.0007
decay_start_ratio: 0.4
decay_min_factor: 0.05
bandwith_kernel: None
no_interact: False
avg_score: -2648.719970703125
median_score: -2651.5
std_score: 129.902587890625
percentiles: 2%=-2887.56005859375, 5%=-2845.699951171875, 10%=-2809.199951171875, 25%=-2742.75, 50%=-2651.5, 75%=-2548.0, 90%=-2488.800048828125, 95%=-2441.39990234375, 98%=-2401.840087890625
ranking_best_algo: DiscreteLengler2OnePlusOne
ranking_best_score: 2617.04
ranking_my_rank: 1/504 (100.0%)
ranking_my_percent: 100.0
