ConfigName: kjsd__advperagentrankweighted__M3__L20__eps0p005__g0p0005__ds0p05__dm0p2
Problem: QUBO
Kernel: jsd
Advantage: peragentrankweighted
M: 3
lambda: 20
epsilon_svgd: 0.005
gamma: 0.0005
decay_start_ratio: 0.05
decay_min_factor: 0.2
bandwith_kernel: None
no_interact: False
avg_score: -578.6599731445312
median_score: -579.0
std_score: 29.79336166381836
percentiles: 2%=-629.0999755859375, 5%=-625.0999755859375, 10%=-619.2000122070312, 25%=-600.25, 50%=-579.0, 75%=-558.5, 90%=-542.7000122070312, 95%=-533.9000244140625, 98%=-525.6599731445312
ranking_best_algo: Tabu
ranking_best_score: 588.7199999999999
ranking_my_rank: 41/503 (92.0%)
ranking_my_percent: 92.04771371769384
