ConfigName: kfr__advglobalrankweighted__M5__L9__eps0p015__g0p003__ds0p01__dm0p01
Problem: QUBO
Kernel: fr
Advantage: globalrankweighted
M: 5
lambda: 9
epsilon_svgd: 0.015
gamma: 0.003
decay_start_ratio: 0.01
decay_min_factor: 0.01
bandwith_kernel: None
no_interact: False
avg_score: -427.4599914550781
median_score: -427.0
std_score: 26.213516235351562
percentiles: 2%=-477.0400085449219, 5%=-473.0, 10%=-461.1000061035156, 25%=-443.0, 50%=-427.0, 75%=-411.75, 90%=-398.0, 95%=-389.7500305175781, 98%=-353.91998291015625
ranking_best_algo: CMAL3
ranking_best_score: 435.36
ranking_my_rank: 19/504 (96.4%)
ranking_my_percent: 96.42857142857143
