ConfigName: kjsd__advperagentrankweighted__M4__L24__eps0p01__g0p0005__ds1__dm1
Problem: QUBO
Kernel: jsd
Advantage: peragentrankweighted
M: 4
lambda: 24
epsilon_svgd: 0.01
gamma: 0.0005
decay_start_ratio: 1.0
decay_min_factor: 1.0
bandwith_kernel: None
no_interact: False
avg_score: -2500.659912109375
median_score: -2492.0
std_score: 122.91673278808594
percentiles: 2%=-2739.56005859375, 5%=-2724.050048828125, 10%=-2669.800048828125, 25%=-2574.5, 50%=-2492.0, 75%=-2412.75, 90%=-2367.39990234375, 95%=-2302.550048828125, 98%=-2271.679931640625
ranking_best_algo: SVM1MetaModelLogNormal
ranking_best_score: 2605.14
ranking_my_rank: 65/504 (87.3%)
ranking_my_percent: 87.3015873015873
