ConfigName: krbf__advnormalizedfitness__M1__L8__eps0p015__g0p01__ds0p3__dm0p01
Problem: QUBO
Kernel: rbf
Advantage: normalizedfitness
M: 1
lambda: 8
epsilon_svgd: 0.015
gamma: 0.01
decay_start_ratio: 0.3
decay_min_factor: 0.01
bandwith_kernel: None
no_interact: False
avg_score: -1230.239990234375
median_score: -1226.0
std_score: 61.23007583618164
percentiles: 2%=-1365.06005859375, 5%=-1336.1500244140625, 10%=-1306.4000244140625, 25%=-1274.25, 50%=-1226.0, 75%=-1185.0, 90%=-1157.800048828125, 95%=-1126.800048828125, 98%=-1115.760009765625
ranking_best_algo: SVMMetaModelLogNormal
ranking_best_score: 1233.7999999999997
ranking_my_rank: 12/504 (97.8%)
ranking_my_percent: 97.81746031746032
