ConfigName: krbf__advnormalizedfitness__M2__L8__eps0p015__g0p005__ds0p01__dm0p3
Problem: QUBO
Kernel: rbf
Advantage: normalizedfitness
M: 2
lambda: 8
epsilon_svgd: 0.015
gamma: 0.005
decay_start_ratio: 0.01
decay_min_factor: 0.3
bandwith_kernel: None
no_interact: False
avg_score: -1183.43994140625
median_score: -1179.0
std_score: 67.17578887939453
percentiles: 2%=-1335.3199462890625, 5%=-1305.4000244140625, 10%=-1279.0, 25%=-1225.0, 50%=-1179.0, 75%=-1142.0, 90%=-1092.800048828125, 95%=-1072.949951171875, 98%=-1061.699951171875
ranking_best_algo: Tabu
ranking_best_score: 1216.16
ranking_my_rank: 65/504 (87.3%)
ranking_my_percent: 87.3015873015873
