ConfigName: krbf__advnormalizedfitness__M3__L12__eps0p033__g0p005__ds0p3__dm0p01
Problem: QUBO
Kernel: rbf
Advantage: normalizedfitness
M: 3
lambda: 12
epsilon_svgd: 0.033
gamma: 0.005
decay_start_ratio: 0.3
decay_min_factor: 0.01
bandwith_kernel: None
no_interact: False
avg_score: -416.0799865722656
median_score: -415.0
std_score: 27.194000244140625
percentiles: 2%=-475.0, 5%=-457.3999938964844, 10%=-452.1000061035156, 25%=-434.25, 50%=-415.0, 75%=-396.0, 90%=-381.79998779296875, 95%=-374.0, 98%=-369.5599060058594
ranking_best_algo: Tabu
ranking_best_score: 438.12
ranking_my_rank: 45/504 (91.3%)
ranking_my_percent: 91.26984126984127
