ConfigName: kjsd__advperagentrankweighted__M3__L20__eps0p01__g0p0005__ds0p1__dm0p05
Problem: QUBO
Kernel: jsd
Advantage: peragentrankweighted
M: 3
lambda: 20
epsilon_svgd: 0.01
gamma: 0.0005
decay_start_ratio: 0.1
decay_min_factor: 0.05
bandwith_kernel: None
no_interact: False
avg_score: -939.5
median_score: -940.0
std_score: 64.86023712158203
percentiles: 2%=-1066.1600341796875, 5%=-1042.1500244140625, 10%=-1028.4000244140625, 25%=-985.0, 50%=-940.0, 75%=-887.75, 90%=-865.0, 95%=-822.7000122070312, 98%=-812.9600219726562
ranking_best_algo: CMApara
ranking_best_score: 964.9
ranking_my_rank: 7/504 (98.8%)
ranking_my_percent: 98.80952380952381
