ConfigName: krbf__advnormalizedfitness__M5__L8__eps0p03__g0p01__ds0p05__dm0p05
Problem: QUBO
Kernel: rbf
Advantage: normalizedfitness
M: 5
lambda: 8
epsilon_svgd: 0.03
gamma: 0.01
decay_start_ratio: 0.05
decay_min_factor: 0.05
bandwith_kernel: None
no_interact: False
avg_score: -561.8200073242188
median_score: -560.5
std_score: 30.42577362060547
percentiles: 2%=-615.1199951171875, 5%=-610.1500244140625, 10%=-601.2000122070312, 25%=-583.0, 50%=-560.5, 75%=-540.75, 90%=-523.0, 95%=-516.9000244140625, 98%=-494.82000732421875
ranking_best_algo: Tabu
ranking_best_score: 588.7199999999999
ranking_my_rank: 97/503 (80.9%)
ranking_my_percent: 80.9145129224652
