ConfigName: krbf__advnormalizedfitness__M5__L24__eps0p03__g0p01__ds0p05__dm0p05
Problem: QUBO
Kernel: rbf
Advantage: normalizedfitness
M: 5
lambda: 24
epsilon_svgd: 0.03
gamma: 0.01
decay_start_ratio: 0.05
decay_min_factor: 0.05
bandwith_kernel: None
no_interact: False
avg_score: -143.4199981689453
median_score: -143.0
std_score: 14.073507308959961
percentiles: 2%=-179.0, 5%=-173.10000610351562, 10%=-157.10000610351562, 25%=-152.25, 50%=-143.0, 75%=-135.0, 90%=-123.9000015258789, 95%=-119.0, 98%=-116.95999908447266
ranking_best_algo: CMApara
ranking_best_score: 154.28
ranking_my_rank: 203/504 (59.9%)
ranking_my_percent: 59.92063492063492
