ConfigName: kfr__advglobalrankweighted__M1__L10__eps0p01__g0p005__ds0p01__dm0p01
Problem: QUBO
Kernel: fr
Advantage: globalrankweighted
M: 1
lambda: 10
epsilon_svgd: 0.01
gamma: 0.005
decay_start_ratio: 0.01
decay_min_factor: 0.01
bandwith_kernel: None
no_interact: False
avg_score: -3252.919921875
median_score: -3258.5
std_score: 128.0438690185547
percentiles: 2%=-3539.199951171875, 5%=-3426.199951171875, 10%=-3392.89990234375, 25%=-3329.25, 50%=-3258.5, 75%=-3170.0, 90%=-3075.199951171875, 95%=-3031.949951171875, 98%=-3001.83984375
ranking_best_algo: RLSOnePlusOne
ranking_best_score: 3316.5199999999995
ranking_my_rank: 40/504 (92.3%)
ranking_my_percent: 92.26190476190476
