ConfigName: kjsd__advperagentrankweighted__M4__L30__eps0p01__g0p0007__ds0p2__dm0p05
Problem: NK
Kernel: jsd
Advantage: peragentrankweighted
M: 4
lambda: 30
epsilon_svgd: 0.01
gamma: 0.0007
decay_start_ratio: 0.2
decay_min_factor: 0.05
bandwith_kernel: None
no_interact: False
avg_score: 0.7356910705566406
median_score: 0.7370166778564453
std_score: 0.008453198708593845
percentiles: 2%=0.7156643867492676, 5%=0.7191041707992554, 10%=0.7234576940536499, 25%=0.7306239604949951, 50%=0.7370166778564453, 75%=0.7417207360267639, 90%=0.7456197738647461, 95%=0.7465078234672546, 98%=0.7470077276229858
ranking_best_algo: PBIL
ranking_best_score: 0.7248786399609374
ranking_my_rank: 1/504 (100.0%)
ranking_my_percent: 100.0
