ConfigName: kjsd__advperagentrankweighted__M3__L16__eps0p007__g0p0005__ds0p2__dm0p05
Problem: NK
Kernel: jsd
Advantage: peragentrankweighted
M: 3
lambda: 16
epsilon_svgd: 0.007
gamma: 0.0005
decay_start_ratio: 0.2
decay_min_factor: 0.05
bandwith_kernel: None
no_interact: False
avg_score: 0.7529869079589844
median_score: 0.7518883347511292
std_score: 0.013698194175958633
percentiles: 2%=0.7254264950752258, 5%=0.731952428817749, 10%=0.7364723682403564, 25%=0.7447629570960999, 50%=0.7518883347511292, 75%=0.7630276679992676, 90%=0.7709707021713257, 95%=0.7748150825500488, 98%=0.7780089378356934
ranking_best_algo: Tabu
ranking_best_score: 0.7470791764843752
ranking_my_rank: 1/504 (100.0%)
ranking_my_percent: 100.0
