ConfigName: krbf__advnormalizedfitness__M4__L12__eps0p015__g0p01__ds0p15__dm0p3
Problem: QUBO
Kernel: rbf
Advantage: normalizedfitness
M: 4
lambda: 12
epsilon_svgd: 0.015
gamma: 0.01
decay_start_ratio: 0.15
decay_min_factor: 0.3
bandwith_kernel: None
no_interact: False
avg_score: -614.9199829101562
median_score: -610.5
std_score: 71.19306945800781
percentiles: 2%=-777.280029296875, 5%=-769.0, 10%=-716.0999755859375, 25%=-650.5, 50%=-610.5, 75%=-567.75, 90%=-532.4000244140625, 95%=-505.9000244140625, 98%=-489.97998046875
ranking_best_algo: CMAL3
ranking_best_score: 928.5800000000002
ranking_my_rank: 347/504 (31.3%)
ranking_my_percent: 31.349206349206348
