ConfigName: kjsd__advperagentrankweighted__M3__L18__eps0p01__g0p003__ds0p05__dm0p1
Problem: QUBO
Kernel: jsd
Advantage: peragentrankweighted
M: 3
lambda: 18
epsilon_svgd: 0.01
gamma: 0.003
decay_start_ratio: 0.05
decay_min_factor: 0.1
bandwith_kernel: None
no_interact: False
avg_score: -1274.47998046875
median_score: -1262.5
std_score: 64.62158203125
percentiles: 2%=-1407.0, 5%=-1391.4000244140625, 10%=-1365.9000244140625, 25%=-1321.75, 50%=-1262.5, 75%=-1230.5, 90%=-1200.199951171875, 95%=-1170.9000244140625, 98%=-1166.43994140625
ranking_best_algo: BigLognormalDiscreteOnePlusOne
ranking_best_score: 1301.3600000000004
ranking_my_rank: 41/504 (92.1%)
ranking_my_percent: 92.06349206349206
