ConfigName: kjsd__advperagentrankweighted__M5__L12__eps0p03__g0p0005__ds0p05__dm0p05
Problem: QUBO
Kernel: jsd
Advantage: peragentrankweighted
M: 5
lambda: 12
epsilon_svgd: 0.03
gamma: 0.0005
decay_start_ratio: 0.05
decay_min_factor: 0.05
bandwith_kernel: None
no_interact: False
avg_score: -149.39999389648438
median_score: -149.0
std_score: 13.183321952819824
percentiles: 2%=-179.0, 5%=-179.0, 10%=-164.5, 25%=-156.25, 50%=-149.0, 75%=-140.75, 90%=-135.0, 95%=-133.9499969482422, 98%=-130.86000061035156
ranking_best_algo: CMApara
ranking_best_score: 154.28
ranking_my_rank: 77/504 (84.9%)
ranking_my_percent: 84.92063492063492
