ConfigName: kfr__advglobalrankweighted__M5__L10__eps0p01__g0p003__ds0p01__dm0p01
Problem: QUBO
Kernel: fr
Advantage: globalrankweighted
M: 5
lambda: 10
epsilon_svgd: 0.01
gamma: 0.003
decay_start_ratio: 0.01
decay_min_factor: 0.01
bandwith_kernel: None
no_interact: False
avg_score: -3075.739990234375
median_score: -3084.0
std_score: 162.61383056640625
percentiles: 2%=-3382.0, 5%=-3339.64990234375, 10%=-3265.10009765625, 25%=-3201.75, 50%=-3084.0, 75%=-2963.75, 90%=-2873.800048828125, 95%=-2854.050048828125, 98%=-2825.139892578125
ranking_best_algo: RLSOnePlusOne
ranking_best_score: 3316.5199999999995
ranking_my_rank: 88/504 (82.7%)
ranking_my_percent: 82.73809523809524
