ConfigName: krbf__advnormalizedfitness__M4__L12__eps0p033__g0p007__ds0p15__dm0p3
Problem: QUBO
Kernel: rbf
Advantage: normalizedfitness
M: 4
lambda: 12
epsilon_svgd: 0.033
gamma: 0.007
decay_start_ratio: 0.15
decay_min_factor: 0.3
bandwith_kernel: None
no_interact: False
avg_score: -873.5800170898438
median_score: -867.0
std_score: 70.55072021484375
percentiles: 2%=-1014.02001953125, 5%=-997.4500122070312, 10%=-966.5, 25%=-925.0, 50%=-867.0, 75%=-823.25, 90%=-779.1000366210938, 95%=-757.0, 98%=-748.9400024414062
ranking_best_algo: CMAL3
ranking_best_score: 928.5800000000002
ranking_my_rank: 135/504 (73.4%)
ranking_my_percent: 73.41269841269842
