ConfigName: kjsd__advperagentrankweighted__M5__L10__eps0p03__g0p0003__ds0p05__dm0p05
Problem: QUBO
Kernel: jsd
Advantage: peragentrankweighted
M: 5
lambda: 10
epsilon_svgd: 0.03
gamma: 0.0003
decay_start_ratio: 0.05
decay_min_factor: 0.05
bandwith_kernel: None
no_interact: False
avg_score: -2549.800048828125
median_score: -2550.5
std_score: 123.03333282470703
percentiles: 2%=-2784.60009765625, 5%=-2764.35009765625, 10%=-2705.800048828125, 25%=-2636.75, 50%=-2550.5, 75%=-2472.0, 90%=-2379.60009765625, 95%=-2315.0, 98%=-2302.97998046875
ranking_best_algo: DiscreteLengler2OnePlusOne
ranking_best_score: 2617.04
ranking_my_rank: 55/504 (89.3%)
ranking_my_percent: 89.28571428571429
