ConfigName: kjsd__advperagentrankweighted__M4__L12__eps0p01__g0p0007__ds0p2__dm0p05
Problem: NK
Kernel: jsd
Advantage: peragentrankweighted
M: 4
lambda: 12
epsilon_svgd: 0.01
gamma: 0.0007
decay_start_ratio: 0.2
decay_min_factor: 0.05
bandwith_kernel: None
no_interact: False
avg_score: 0.7427716255187988
median_score: 0.7408133745193481
std_score: 0.029278486967086792
percentiles: 2%=0.6947988271713257, 5%=0.7034826874732971, 10%=0.7082645893096924, 25%=0.7204594612121582, 50%=0.7408133745193481, 75%=0.7590451240539551, 90%=0.777533233165741, 95%=0.8067237138748169, 98%=0.8118547797203064
ranking_best_algo: CMApara
ranking_best_score: 0.7459277895312499
ranking_my_rank: 16/504 (97.0%)
ranking_my_percent: 97.02380952380952
