ConfigName: krbf__advnormalizedfitness__M1__L8__eps0p015__g0p005__ds0p15__dm0p3
Problem: QUBO
Kernel: rbf
Advantage: normalizedfitness
M: 1
lambda: 8
epsilon_svgd: 0.015
gamma: 0.005
decay_start_ratio: 0.15
decay_min_factor: 0.3
bandwith_kernel: None
no_interact: False
avg_score: -1213.97998046875
median_score: -1210.0
std_score: 68.91313171386719
percentiles: 2%=-1350.56005859375, 5%=-1335.050048828125, 10%=-1311.0, 25%=-1251.25, 50%=-1210.0, 75%=-1170.25, 90%=-1127.0, 95%=-1122.300048828125, 98%=-1082.919921875
ranking_best_algo: SVMMetaModelLogNormal
ranking_best_score: 1233.7999999999997
ranking_my_rank: 45/504 (91.3%)
ranking_my_percent: 91.26984126984127
