ConfigName: krbf__advglobalrankweighted__M4__L11__eps0p02__g0p003__ds0p01__dm0p01
Problem: QUBO
Kernel: rbf
Advantage: globalrankweighted
M: 4
lambda: 11
epsilon_svgd: 0.02
gamma: 0.003
decay_start_ratio: 0.01
decay_min_factor: 0.01
bandwith_kernel: None
no_interact: False
avg_score: -2516.639892578125
median_score: -2497.5
std_score: 129.5556640625
percentiles: 2%=-2768.340087890625, 5%=-2752.050048828125, 10%=-2707.199951171875, 25%=-2610.5, 50%=-2497.5, 75%=-2410.0, 90%=-2358.39990234375, 95%=-2334.650146484375, 98%=-2291.800048828125
ranking_best_algo: SVM1MetaModelLogNormal
ranking_best_score: 2605.14
ranking_my_rank: 60/504 (88.3%)
ranking_my_percent: 88.2936507936508
