ConfigName: krbf__advnormalizedfitness__M3__L8__eps0p015__g0p01__ds0p01__dm0p01
Problem: QUBO
Kernel: rbf
Advantage: normalizedfitness
M: 3
lambda: 8
epsilon_svgd: 0.015
gamma: 0.01
decay_start_ratio: 0.01
decay_min_factor: 0.01
bandwith_kernel: None
no_interact: False
avg_score: -201.5800018310547
median_score: -202.0
std_score: 12.940773963928223
percentiles: 2%=-224.0, 5%=-224.0, 10%=-220.10000610351562, 25%=-209.0, 50%=-202.0, 75%=-193.0, 90%=-183.89999389648438, 95%=-180.85000610351562, 98%=-173.9399871826172
ranking_best_algo: Tabu
ranking_best_score: 208.36000000000004
ranking_my_rank: 39/504 (92.5%)
ranking_my_percent: 92.46031746031746
