ConfigName: kjsd__advperagentrankweighted__M4__L12__eps0p005__g0p0005__ds0p05__dm0p2
Problem: QUBO
Kernel: jsd
Advantage: peragentrankweighted
M: 4
lambda: 12
epsilon_svgd: 0.005
gamma: 0.0005
decay_start_ratio: 0.05
decay_min_factor: 0.2
bandwith_kernel: None
no_interact: False
avg_score: -309.3399963378906
median_score: -311.0
std_score: 38.40318298339844
percentiles: 2%=-398.0, 5%=-382.20001220703125, 10%=-351.0, 25%=-334.0, 50%=-311.0, 75%=-274.75, 90%=-264.0, 95%=-258.0, 98%=-253.82000732421875
ranking_best_algo: CMApara
ranking_best_score: 319.29999999999995
ranking_my_rank: 80/504 (84.3%)
ranking_my_percent: 84.32539682539682
