ConfigName: kjsd__advperagentrankweighted__M6__L8__eps0p02__g0p0005__ds0p05__dm0p05
Problem: QUBO
Kernel: jsd
Advantage: peragentrankweighted
M: 6
lambda: 8
epsilon_svgd: 0.02
gamma: 0.0005
decay_start_ratio: 0.05
decay_min_factor: 0.05
bandwith_kernel: None
no_interact: False
avg_score: -1179.97998046875
median_score: -1176.0
std_score: 56.487693786621094
percentiles: 2%=-1285.719970703125, 5%=-1271.199951171875, 10%=-1255.5999755859375, 25%=-1222.75, 50%=-1176.0, 75%=-1138.75, 90%=-1109.699951171875, 95%=-1102.6500244140625, 98%=-1062.0
ranking_best_algo: Tabu
ranking_best_score: 1216.16
ranking_my_rank: 70/504 (86.3%)
ranking_my_percent: 86.30952380952381
