ConfigName: kfr__advglobalrankweighted__M3__L11__eps0p02__g0p007__ds0p01__dm0p01
Problem: QUBO
Kernel: fr
Advantage: globalrankweighted
M: 3
lambda: 11
epsilon_svgd: 0.02
gamma: 0.007
decay_start_ratio: 0.01
decay_min_factor: 0.01
bandwith_kernel: None
no_interact: False
avg_score: -3270.0400390625
median_score: -3270.5
std_score: 121.81985473632812
percentiles: 2%=-3523.10009765625, 5%=-3464.89990234375, 10%=-3428.39990234375, 25%=-3352.5, 50%=-3270.5, 75%=-3171.5, 90%=-3133.699951171875, 95%=-3097.699951171875, 98%=-3059.739990234375
ranking_best_algo: RLSOnePlusOne
ranking_best_score: 3316.5199999999995
ranking_my_rank: 12/504 (97.8%)
ranking_my_percent: 97.81746031746032
