ConfigName: krbf__advnormalizedfitness__M4__L15__eps0p033__g0p005__ds0p15__dm0p01
Problem: QUBO
Kernel: rbf
Advantage: normalizedfitness
M: 4
lambda: 15
epsilon_svgd: 0.033
gamma: 0.005
decay_start_ratio: 0.15
decay_min_factor: 0.01
bandwith_kernel: None
no_interact: False
avg_score: -3108.280029296875
median_score: -3082.0
std_score: 179.0478057861328
percentiles: 2%=-3417.360107421875, 5%=-3385.64990234375, 10%=-3372.199951171875, 25%=-3260.5, 50%=-3082.0, 75%=-2997.5, 90%=-2879.10009765625, 95%=-2825.9501953125, 98%=-2747.85986328125
ranking_best_algo: RLSOnePlusOne
ranking_best_score: 3316.5199999999995
ranking_my_rank: 81/504 (84.1%)
ranking_my_percent: 84.12698412698413
