ConfigName: kjsd__advperagentrankweighted__M6__L24__eps0p008__g0p0005__ds0p05__dm0p05
Problem: NK
Kernel: jsd
Advantage: peragentrankweighted
M: 6
lambda: 24
epsilon_svgd: 0.008
gamma: 0.0005
decay_start_ratio: 0.05
decay_min_factor: 0.05
bandwith_kernel: None
no_interact: False
avg_score: 0.7404177784919739
median_score: 0.7390297651290894
std_score: 0.013388105668127537
percentiles: 2%=0.7174645066261292, 5%=0.7194637656211853, 10%=0.7252398133277893, 25%=0.7323857545852661, 50%=0.7390297651290894, 75%=0.748927116394043, 90%=0.7584859728813171, 95%=0.7642666697502136, 98%=0.7700674533843994
ranking_best_algo: Tabu
ranking_best_score: 0.7601875690625
ranking_my_rank: 13/504 (97.6%)
ranking_my_percent: 97.61904761904762
