ConfigName: kfr__advglobalrankweighted__M4__L9__eps0p01__g0p007__ds0p01__dm0p01
Problem: QUBO
Kernel: fr
Advantage: globalrankweighted
M: 4
lambda: 9
epsilon_svgd: 0.01
gamma: 0.007
decay_start_ratio: 0.01
decay_min_factor: 0.01
bandwith_kernel: None
no_interact: False
avg_score: -1160.97998046875
median_score: -1152.0
std_score: 62.719844818115234
percentiles: 2%=-1284.5, 5%=-1254.449951171875, 10%=-1243.5999755859375, 25%=-1204.0, 50%=-1152.0, 75%=-1122.75, 90%=-1077.0, 95%=-1056.8499755859375, 98%=-1029.9200439453125
ranking_best_algo: Tabu
ranking_best_score: 1216.16
ranking_my_rank: 100/504 (80.4%)
ranking_my_percent: 80.35714285714286
