ConfigName: kjsd__advperagentrankweighted__M3__L24__eps0p007__g0p0005__ds0p2__dm0p1
Problem: QUBO
Kernel: jsd
Advantage: peragentrankweighted
M: 3
lambda: 24
epsilon_svgd: 0.007
gamma: 0.0005
decay_start_ratio: 0.2
decay_min_factor: 0.1
bandwith_kernel: None
no_interact: False
avg_score: -1196.06005859375
median_score: -1197.5
std_score: 65.32975006103516
percentiles: 2%=-1327.4000244140625, 5%=-1317.0999755859375, 10%=-1293.800048828125, 25%=-1234.5, 50%=-1197.5, 75%=-1151.75, 90%=-1115.800048828125, 95%=-1093.9000244140625, 98%=-1086.93994140625
ranking_best_algo: Tabu
ranking_best_score: 1216.16
ranking_my_rank: 47/504 (90.9%)
ranking_my_percent: 90.87301587301587
