ConfigName: kjsd__advperagentrankweighted__M3__L18__eps0p005__g0p0007__ds0p2__dm0p05
Problem: QUBO
Kernel: jsd
Advantage: peragentrankweighted
M: 3
lambda: 18
epsilon_svgd: 0.005
gamma: 0.0007
decay_start_ratio: 0.2
decay_min_factor: 0.05
bandwith_kernel: None
no_interact: False
avg_score: -324.6400146484375
median_score: -327.5
std_score: 23.86190414428711
percentiles: 2%=-372.0, 5%=-353.04998779296875, 10%=-350.0, 25%=-341.0, 50%=-327.5, 75%=-312.0, 90%=-291.8999938964844, 95%=-288.0, 98%=-267.9200134277344
ranking_best_algo: CMApara
ranking_best_score: 344.22
ranking_my_rank: 124/504 (75.6%)
ranking_my_percent: 75.5952380952381
