ConfigName: kjsd__advperagentrankweighted__M3__L18__eps0p007__g0p0007__ds0p2__dm0p05
Problem: QUBO
Kernel: jsd
Advantage: peragentrankweighted
M: 3
lambda: 18
epsilon_svgd: 0.007
gamma: 0.0007
decay_start_ratio: 0.2
decay_min_factor: 0.05
bandwith_kernel: None
no_interact: False
avg_score: -430.0400085449219
median_score: -428.0
std_score: 27.787017822265625
percentiles: 2%=-485.0400085449219, 5%=-477.1000061035156, 10%=-469.20001220703125, 25%=-449.25, 50%=-428.0, 75%=-413.75, 90%=-391.8999938964844, 95%=-382.95001220703125, 98%=-372.8999938964844
ranking_best_algo: CMAL3
ranking_best_score: 435.36
ranking_my_rank: 9/504 (98.4%)
ranking_my_percent: 98.41269841269842
