ConfigName: kjsd__advperagentrankweighted__M3__L20__eps0p007__g0p001__ds0p2__dm0p1
Problem: NK
Kernel: jsd
Advantage: peragentrankweighted
M: 3
lambda: 20
epsilon_svgd: 0.007
gamma: 0.001
decay_start_ratio: 0.2
decay_min_factor: 0.1
bandwith_kernel: None
no_interact: False
avg_score: 0.7144521474838257
median_score: 0.7135307192802429
std_score: 0.010186058469116688
percentiles: 2%=0.6977487206459045, 5%=0.7004858255386353, 10%=0.7030325531959534, 25%=0.7070052623748779, 50%=0.7135307192802429, 75%=0.720355212688446, 90%=0.7281798124313354, 95%=0.7328341603279114, 98%=0.7381717562675476
ranking_best_algo: PBIL
ranking_best_score: 0.7170882103515624
ranking_my_rank: 40/504 (92.3%)
ranking_my_percent: 92.26190476190476
