ConfigName: kjsd__advperagentrankweighted__M5__L8__eps0p01__g0p003__ds0p05__dm0p05
Problem: NK
Kernel: jsd
Advantage: peragentrankweighted
M: 5
lambda: 8
epsilon_svgd: 0.01
gamma: 0.003
decay_start_ratio: 0.05
decay_min_factor: 0.05
bandwith_kernel: None
no_interact: False
avg_score: 0.7448042035102844
median_score: 0.7408133745193481
std_score: 0.02838912233710289
percentiles: 2%=0.7038169503211975, 5%=0.7083492279052734, 10%=0.711864173412323, 25%=0.7229203581809998, 50%=0.7408133745193481, 75%=0.7583327293395996, 90%=0.7783373594284058, 95%=0.8081742525100708, 98%=0.8118547797203064
ranking_best_algo: CMApara
ranking_best_score: 0.7459277895312499
ranking_my_rank: 2/504 (99.8%)
ranking_my_percent: 99.8015873015873
