ConfigName: kjsd__advperagentrankweighted__M2__L20__eps0p005__g0p0005__ds0p2__dm0p05
Problem: QUBO
Kernel: jsd
Advantage: peragentrankweighted
M: 2
lambda: 20
epsilon_svgd: 0.005
gamma: 0.0005
decay_start_ratio: 0.2
decay_min_factor: 0.05
bandwith_kernel: None
no_interact: False
avg_score: -320.5
median_score: -328.0
std_score: 29.033601760864258
percentiles: 2%=-372.0, 5%=-357.75, 10%=-350.3999938964844, 25%=-340.0, 50%=-328.0, 75%=-296.0, 90%=-281.8999938964844, 95%=-273.79998779296875, 98%=-261.760009765625
ranking_best_algo: CMApara
ranking_best_score: 344.22
ranking_my_rank: 165/504 (67.5%)
ranking_my_percent: 67.46031746031746
