ConfigName: kfr__advglobalrankweighted__M4__L5__eps0p01__g0p003__ds0p01__dm0p01
Problem: NK
Kernel: fr
Advantage: globalrankweighted
M: 4
lambda: 5
epsilon_svgd: 0.01
gamma: 0.003
decay_start_ratio: 0.01
decay_min_factor: 0.01
bandwith_kernel: None
no_interact: False
avg_score: 0.7443270683288574
median_score: 0.7423104643821716
std_score: 0.02815030887722969
percentiles: 2%=0.7055925130844116, 5%=0.7080799341201782, 10%=0.7121647596359253, 25%=0.7188131213188171, 50%=0.7423104643821716, 75%=0.7580187320709229, 90%=0.7782467603683472, 95%=0.8045625686645508, 98%=0.8104035258293152
ranking_best_algo: CMApara
ranking_best_score: 0.7459277895312499
ranking_my_rank: 5/504 (99.2%)
ranking_my_percent: 99.2063492063492
