ConfigName: krbf__advnormalizedfitness__M3__L8__eps0p033__g0p015__ds0p01__dm0p3
Problem: QUBO
Kernel: rbf
Advantage: normalizedfitness
M: 3
lambda: 8
epsilon_svgd: 0.033
gamma: 0.015
decay_start_ratio: 0.01
decay_min_factor: 0.3
bandwith_kernel: None
no_interact: False
avg_score: -568.239990234375
median_score: -566.0
std_score: 28.555601119995117
percentiles: 2%=-635.0399780273438, 5%=-619.0, 10%=-605.2000122070312, 25%=-589.0, 50%=-566.0, 75%=-547.0, 90%=-530.9000244140625, 95%=-524.9500122070312, 98%=-516.97998046875
ranking_best_algo: Tabu
ranking_best_score: 588.7199999999999
ranking_my_rank: 81/503 (84.1%)
ranking_my_percent: 84.09542743538768
