ConfigName: kjsd__advperagentrankweighted__M6__L12__eps0p008__g0p0005__ds0p05__dm0p05
Problem: QUBO
Kernel: jsd
Advantage: peragentrankweighted
M: 6
lambda: 12
epsilon_svgd: 0.008
gamma: 0.0005
decay_start_ratio: 0.05
decay_min_factor: 0.05
bandwith_kernel: None
no_interact: False
avg_score: -2642.260009765625
median_score: -2621.0
std_score: 115.02701568603516
percentiles: 2%=-2841.9599609375, 5%=-2833.10009765625, 10%=-2820.300048828125, 25%=-2719.25, 50%=-2621.0, 75%=-2553.5, 90%=-2503.39990234375, 95%=-2468.85009765625, 98%=-2447.6201171875
ranking_best_algo: DiscreteLengler2OnePlusOne
ranking_best_score: 2617.04
ranking_my_rank: 1/504 (100.0%)
ranking_my_percent: 100.0
