ConfigName: krbf__advnormalizedfitness__M3__L10__eps0p015__g0p015__ds0p3__dm0p3
Problem: NK
Kernel: rbf
Advantage: normalizedfitness
M: 3
lambda: 10
epsilon_svgd: 0.015
gamma: 0.015
decay_start_ratio: 0.3
decay_min_factor: 0.3
bandwith_kernel: None
no_interact: False
avg_score: 0.6702938675880432
median_score: 0.6729321479797363
std_score: 0.013287772424519062
percentiles: 2%=0.6489841341972351, 5%=0.6495603322982788, 10%=0.6515910625457764, 25%=0.6583219170570374, 50%=0.6729321479797363, 75%=0.6807810068130493, 90%=0.6840490698814392, 95%=0.6913375854492188, 98%=0.6933286786079407
ranking_best_algo: PBIL
ranking_best_score: 0.7013553837109374
ranking_my_rank: 194/504 (61.7%)
ranking_my_percent: 61.70634920634921
