ConfigName: krbf__advnormalizedfitness__M3__L15__eps0p015__g0p007__ds0p3__dm0p01
Problem: QUBO
Kernel: rbf
Advantage: normalizedfitness
M: 3
lambda: 15
epsilon_svgd: 0.015
gamma: 0.007
decay_start_ratio: 0.3
decay_min_factor: 0.01
bandwith_kernel: None
no_interact: False
avg_score: -202.0399932861328
median_score: -203.0
std_score: 12.22286319732666
percentiles: 2%=-224.0, 5%=-222.10000610351562, 10%=-220.10000610351562, 25%=-209.0, 50%=-203.0, 75%=-195.0, 90%=-185.0, 95%=-177.95001220703125, 98%=-174.97999572753906
ranking_best_algo: Tabu
ranking_best_score: 208.36000000000004
ranking_my_rank: 35/504 (93.3%)
ranking_my_percent: 93.25396825396825
