ConfigName: krbf__advnormalizedfitness__M1__L8__eps0p033__g0p015__ds0p3__dm0p01
Problem: QUBO
Kernel: rbf
Advantage: normalizedfitness
M: 1
lambda: 8
epsilon_svgd: 0.033
gamma: 0.015
decay_start_ratio: 0.3
decay_min_factor: 0.01
bandwith_kernel: None
no_interact: False
avg_score: -560.780029296875
median_score: -553.0
std_score: 30.789472579956055
percentiles: 2%=-625.0399780273438, 5%=-611.2000122070312, 10%=-601.5999755859375, 25%=-587.0, 50%=-553.0, 75%=-537.0, 90%=-525.5, 95%=-516.9000244140625, 98%=-509.97998046875
ranking_best_algo: Tabu
ranking_best_score: 588.7199999999999
ranking_my_rank: 98/503 (80.7%)
ranking_my_percent: 80.71570576540755
