ConfigName: krbf__advnormalizedfitness__M3__L10__eps0p025__g0p01__ds0p15__dm0p3
Problem: QUBO
Kernel: rbf
Advantage: normalizedfitness
M: 3
lambda: 10
epsilon_svgd: 0.025
gamma: 0.01
decay_start_ratio: 0.15
decay_min_factor: 0.3
bandwith_kernel: None
no_interact: False
avg_score: -2306.840087890625
median_score: -2330.5
std_score: 171.11497497558594
percentiles: 2%=-2631.3798828125, 5%=-2586.10009765625, 10%=-2522.89990234375, 25%=-2423.75, 50%=-2330.5, 75%=-2180.75, 90%=-2075.800048828125, 95%=-2018.550048828125, 98%=-1987.679931640625
ranking_best_algo: SVM1MetaModelLogNormal
ranking_best_score: 2605.14
ranking_my_rank: 155/504 (69.4%)
ranking_my_percent: 69.44444444444444
