ConfigName: kjsd__advperagentrankweighted__M3__L16__eps0p005__g0p003__ds0p05__dm0p1
Problem: QUBO
Kernel: jsd
Advantage: peragentrankweighted
M: 3
lambda: 16
epsilon_svgd: 0.005
gamma: 0.003
decay_start_ratio: 0.05
decay_min_factor: 0.1
bandwith_kernel: None
no_interact: False
avg_score: -1081.0
median_score: -1069.0
std_score: 77.96730041503906
percentiles: 2%=-1240.47998046875, 5%=-1205.1500244140625, 10%=-1191.0, 25%=-1140.5, 50%=-1069.0, 75%=-1030.0, 90%=-986.9000244140625, 95%=-965.0, 98%=-936.739990234375
ranking_best_algo: SVMMetaModelLogNormal
ranking_best_score: 1233.7999999999997
ranking_my_rank: 177/504 (65.1%)
ranking_my_percent: 65.07936507936508
