ConfigName: kjsd__advperagentrankweighted__M3__L20__eps0p005__g0p001__ds0p2__dm0p2
Problem: NK
Kernel: jsd
Advantage: peragentrankweighted
M: 3
lambda: 20
epsilon_svgd: 0.005
gamma: 0.001
decay_start_ratio: 0.2
decay_min_factor: 0.2
bandwith_kernel: None
no_interact: False
avg_score: 0.6865381598472595
median_score: 0.6864708662033081
std_score: 0.0147218843922019
percentiles: 2%=0.659744918346405, 5%=0.664749264717102, 10%=0.6691127419471741, 25%=0.6762837171554565, 50%=0.6864708662033081, 75%=0.695232093334198, 90%=0.7061692476272583, 95%=0.7131308913230896, 98%=0.7191771864891052
ranking_best_algo: PBIL
ranking_best_score: 0.7170882103515624
ranking_my_rank: 132/504 (74.0%)
ranking_my_percent: 74.0079365079365
