ConfigName: kjsd__advperagentrankweighted__M3__L16__eps0p007__g0p0005__ds0p1__dm0p05
Problem: QUBO
Kernel: jsd
Advantage: peragentrankweighted
M: 3
lambda: 16
epsilon_svgd: 0.007
gamma: 0.0005
decay_start_ratio: 0.1
decay_min_factor: 0.05
bandwith_kernel: None
no_interact: False
avg_score: -1188.4200439453125
median_score: -1181.0
std_score: 59.7441520690918
percentiles: 2%=-1324.5400390625, 5%=-1290.4000244140625, 10%=-1273.0999755859375, 25%=-1224.25, 50%=-1181.0, 75%=-1143.75, 90%=-1120.5, 95%=-1102.8499755859375, 98%=-1080.760009765625
ranking_best_algo: Tabu
ranking_best_score: 1216.16
ranking_my_rank: 61/504 (88.1%)
ranking_my_percent: 88.0952380952381
