ConfigName: kjsd__advperagentrankweighted__M4__L30__eps0p005__g0p0003__ds0p4__dm0p05
Problem: QUBO
Kernel: jsd
Advantage: peragentrankweighted
M: 4
lambda: 30
epsilon_svgd: 0.005
gamma: 0.0003
decay_start_ratio: 0.4
decay_min_factor: 0.05
bandwith_kernel: None
no_interact: False
avg_score: -426.0799865722656
median_score: -425.5
std_score: 26.039079666137695
percentiles: 2%=-481.0799865722656, 5%=-479.0, 10%=-457.20001220703125, 25%=-440.25, 50%=-425.5, 75%=-410.0, 90%=-395.0, 95%=-391.0, 98%=-383.6000061035156
ranking_best_algo: CMAL3
ranking_best_score: 435.36
ranking_my_rank: 23/504 (95.6%)
ranking_my_percent: 95.63492063492063
