ConfigName: kjsd__advperagentrankweighted__M5__L10__eps0p01__g0p0007__ds0p4__dm0p2
Problem: QUBO
Kernel: jsd
Advantage: peragentrankweighted
M: 5
lambda: 10
epsilon_svgd: 0.01
gamma: 0.0007
decay_start_ratio: 0.4
decay_min_factor: 0.2
bandwith_kernel: None
no_interact: False
avg_score: -1197.4200439453125
median_score: -1194.0
std_score: 64.5647201538086
percentiles: 2%=-1341.43994140625, 5%=-1310.25, 10%=-1281.199951171875, 25%=-1233.25, 50%=-1194.0, 75%=-1152.25, 90%=-1117.199951171875, 95%=-1090.699951171875, 98%=-1079.780029296875
ranking_best_algo: Tabu
ranking_best_score: 1216.16
ranking_my_rank: 44/504 (91.5%)
ranking_my_percent: 91.46825396825396
