ConfigName: krbf__advnormalizedfitness__M4__L12__eps0p015__g0p005__ds0p3__dm0p01
Problem: NK
Kernel: rbf
Advantage: normalizedfitness
M: 4
lambda: 12
epsilon_svgd: 0.015
gamma: 0.005
decay_start_ratio: 0.3
decay_min_factor: 0.01
bandwith_kernel: None
no_interact: False
avg_score: 0.71038419008255
median_score: 0.7109804153442383
std_score: 0.015351684764027596
percentiles: 2%=0.6717385053634644, 5%=0.6728231310844421, 10%=0.6957436203956604, 25%=0.706999659538269, 50%=0.7109804153442383, 75%=0.7192956805229187, 90%=0.7253283262252808, 95%=0.7319859266281128, 98%=0.7340395450592041
ranking_best_algo: CMApara
ranking_best_score: 0.707475975
ranking_my_rank: 1/504 (100.0%)
ranking_my_percent: 100.0
