ConfigName: krbf__advnormalizedfitness__M2__L8__eps0p015__g0p015__ds0p15__dm0p3
Problem: QUBO
Kernel: rbf
Advantage: normalizedfitness
M: 2
lambda: 8
epsilon_svgd: 0.015
gamma: 0.015
decay_start_ratio: 0.15
decay_min_factor: 0.3
bandwith_kernel: None
no_interact: False
avg_score: -325.2200012207031
median_score: -334.0
std_score: 23.57353401184082
percentiles: 2%=-357.260009765625, 5%=-350.0, 10%=-348.1000061035156, 25%=-341.0, 50%=-334.0, 75%=-312.0, 90%=-292.29998779296875, 95%=-279.6000061035156, 98%=-268.0
ranking_best_algo: CMApara
ranking_best_score: 344.22
ranking_my_rank: 119/504 (76.6%)
ranking_my_percent: 76.58730158730158
