ConfigName: kjsd__advperagentrankweighted__M3__L20__eps0p005__g0p0005__ds0p2__dm0p1
Problem: QUBO
Kernel: jsd
Advantage: peragentrankweighted
M: 3
lambda: 20
epsilon_svgd: 0.005
gamma: 0.0005
decay_start_ratio: 0.2
decay_min_factor: 0.1
bandwith_kernel: None
no_interact: False
avg_score: -578.1599731445312
median_score: -575.0
std_score: 28.88484764099121
percentiles: 2%=-638.0999755859375, 5%=-631.1500244140625, 10%=-614.5999755859375, 25%=-596.25, 50%=-575.0, 75%=-558.5, 90%=-546.9000244140625, 95%=-540.9500122070312, 98%=-528.5999755859375
ranking_best_algo: Tabu
ranking_best_score: 588.7199999999999
ranking_my_rank: 42/503 (91.8%)
ranking_my_percent: 91.84890656063618
