ConfigName: kjsd__advperagentrankweighted__M5__L8__eps0p01__g0p0007__ds0p05__dm0p05
Problem: QUBO
Kernel: jsd
Advantage: peragentrankweighted
M: 5
lambda: 8
epsilon_svgd: 0.01
gamma: 0.0007
decay_start_ratio: 0.05
decay_min_factor: 0.05
bandwith_kernel: None
no_interact: False
avg_score: -2654.300048828125
median_score: -2669.5
std_score: 118.82133483886719
percentiles: 2%=-2894.080078125, 5%=-2818.25, 10%=-2806.0, 25%=-2733.0, 50%=-2669.5, 75%=-2563.5, 90%=-2498.199951171875, 95%=-2456.800048828125, 98%=-2423.800048828125
ranking_best_algo: DiscreteLengler2OnePlusOne
ranking_best_score: 2617.04
ranking_my_rank: 1/504 (100.0%)
ranking_my_percent: 100.0
