ConfigName: kjsd__advperagentrankweighted__M3__L20__eps0p005__g0p0007__ds0p05__dm0p2
Problem: QUBO
Kernel: jsd
Advantage: peragentrankweighted
M: 3
lambda: 20
epsilon_svgd: 0.005
gamma: 0.0007
decay_start_ratio: 0.05
decay_min_factor: 0.2
bandwith_kernel: None
no_interact: False
avg_score: -2574.199951171875
median_score: -2560.0
std_score: 126.41233825683594
percentiles: 2%=-2832.419921875, 5%=-2783.39990234375, 10%=-2724.199951171875, 25%=-2669.0, 50%=-2560.0, 75%=-2484.75, 90%=-2418.800048828125, 95%=-2385.949951171875, 98%=-2356.739990234375
ranking_best_algo: SVM1MetaModelLogNormal
ranking_best_score: 2605.14
ranking_my_rank: 14/504 (97.4%)
ranking_my_percent: 97.42063492063492
