ConfigName: kfr__advglobalrankweighted__M3__L8__eps0p015__g0p007__ds0p01__dm0p01
Problem: QUBO
Kernel: fr
Advantage: globalrankweighted
M: 3
lambda: 8
epsilon_svgd: 0.015
gamma: 0.007
decay_start_ratio: 0.01
decay_min_factor: 0.01
bandwith_kernel: None
no_interact: False
avg_score: -423.260009765625
median_score: -428.0
std_score: 27.282455444335938
percentiles: 2%=-475.0, 5%=-465.0, 10%=-451.29998779296875, 25%=-443.0, 50%=-428.0, 75%=-409.0, 90%=-384.3000183105469, 95%=-369.9000244140625, 98%=-366.89996337890625
ranking_best_algo: CMAL3
ranking_best_score: 435.36
ranking_my_rank: 33/504 (93.7%)
ranking_my_percent: 93.65079365079364
