ConfigName: kjsd__advperagentrankweighted__M3__L18__eps0p01__g0p0005__ds0p1__dm0p05
Problem: QUBO
Kernel: jsd
Advantage: peragentrankweighted
M: 3
lambda: 18
epsilon_svgd: 0.01
gamma: 0.0005
decay_start_ratio: 0.1
decay_min_factor: 0.05
bandwith_kernel: None
no_interact: False
avg_score: -569.9000244140625
median_score: -567.5
std_score: 26.23032569885254
percentiles: 2%=-631.1199951171875, 5%=-613.1500244140625, 10%=-603.0999755859375, 25%=-587.25, 50%=-567.5, 75%=-552.0, 90%=-540.9000244140625, 95%=-531.7999877929688, 98%=-518.8200073242188
ranking_best_algo: Tabu
ranking_best_score: 588.7199999999999
ranking_my_rank: 71/503 (86.1%)
ranking_my_percent: 86.08349900596421
