ConfigName: kjsd__advperagentrankweighted__M4__L24__eps0p005__g0p0003__ds0p4__dm0p05
Problem: NK
Kernel: jsd
Advantage: peragentrankweighted
M: 4
lambda: 24
epsilon_svgd: 0.005
gamma: 0.0003
decay_start_ratio: 0.4
decay_min_factor: 0.05
bandwith_kernel: None
no_interact: False
avg_score: 0.7377507090568542
median_score: 0.7395219206809998
std_score: 0.009055225178599358
percentiles: 2%=0.7172898650169373, 5%=0.722202718257904, 10%=0.723730206489563, 25%=0.7331387996673584, 50%=0.7395219206809998, 75%=0.7444097995758057, 90%=0.7478107213973999, 95%=0.7501770853996277, 98%=0.7516952157020569
ranking_best_algo: PBIL
ranking_best_score: 0.730509098125
ranking_my_rank: 1/504 (100.0%)
ranking_my_percent: 100.0
