ConfigName: krbf__advnormalizedfitness__M4__L8__eps0p033__g0p01__ds0p01__dm0p01
Problem: NK
Kernel: rbf
Advantage: normalizedfitness
M: 4
lambda: 8
epsilon_svgd: 0.033
gamma: 0.01
decay_start_ratio: 0.01
decay_min_factor: 0.01
bandwith_kernel: None
no_interact: False
avg_score: 0.7427005171775818
median_score: 0.7429450750350952
std_score: 0.015743324533104897
percentiles: 2%=0.710470974445343, 5%=0.7178272008895874, 10%=0.7248152494430542, 25%=0.733052134513855, 50%=0.7429450750350952, 75%=0.7543323636054993, 90%=0.7621944546699524, 95%=0.7659265398979187, 98%=0.7742472887039185
ranking_best_algo: Tabu
ranking_best_score: 0.7601875690625
ranking_my_rank: 10/504 (98.2%)
ranking_my_percent: 98.21428571428571
