ConfigName: kfr__advglobalrankweighted__M2__L8__eps0p02__g0p005__ds0p01__dm0p01
Problem: QUBO
Kernel: fr
Advantage: globalrankweighted
M: 2
lambda: 8
epsilon_svgd: 0.02
gamma: 0.005
decay_start_ratio: 0.01
decay_min_factor: 0.01
bandwith_kernel: None
no_interact: False
avg_score: -136.63999938964844
median_score: -139.0
std_score: 11.986258506774902
percentiles: 2%=-156.02000427246094, 5%=-156.0, 10%=-150.1999969482422, 25%=-146.0, 50%=-139.0, 75%=-127.75, 90%=-120.9000015258789, 95%=-115.90000915527344, 98%=-112.87997436523438
ranking_best_algo: DiscreteDE
ranking_best_score: 143.4
ranking_my_rank: 206/504 (59.3%)
ranking_my_percent: 59.32539682539682
