ConfigName: kjsd__advperagentrankweighted__M4__L12__eps0p005__g0p0007__ds0p05__dm0p05
Problem: QUBO
Kernel: jsd
Advantage: peragentrankweighted
M: 4
lambda: 12
epsilon_svgd: 0.005
gamma: 0.0007
decay_start_ratio: 0.05
decay_min_factor: 0.05
bandwith_kernel: None
no_interact: False
avg_score: -1248.239990234375
median_score: -1244.5
std_score: 55.609012603759766
percentiles: 2%=-1381.219970703125, 5%=-1339.9000244140625, 10%=-1315.0999755859375, 25%=-1282.25, 50%=-1244.5, 75%=-1205.0, 90%=-1183.9000244140625, 95%=-1164.9000244140625, 98%=-1160.6400146484375
ranking_best_algo: SVMMetaModelLogNormal
ranking_best_score: 1233.7999999999997
ranking_my_rank: 1/504 (100.0%)
ranking_my_percent: 100.0
