ConfigName: kjsd__advperagentrankweighted__M4__L20__eps0p005__g0p001__ds0p1__dm0p1
Problem: QUBO
Kernel: jsd
Advantage: peragentrankweighted
M: 4
lambda: 20
epsilon_svgd: 0.005
gamma: 0.001
decay_start_ratio: 0.1
decay_min_factor: 0.1
bandwith_kernel: None
no_interact: False
avg_score: -3087.93994140625
median_score: -3113.5
std_score: 174.5266571044922
percentiles: 2%=-3380.780029296875, 5%=-3331.199951171875, 10%=-3280.0, 25%=-3222.0, 50%=-3113.5, 75%=-2951.75, 90%=-2828.5, 95%=-2781.949951171875, 98%=-2740.860107421875
ranking_best_algo: RLSOnePlusOne
ranking_best_score: 3316.5199999999995
ranking_my_rank: 86/504 (83.1%)
ranking_my_percent: 83.13492063492063
