ConfigName: krbf__advnormalizedfitness__M3__L12__eps0p033__g0p015__ds0p01__dm0p3
Problem: NK
Kernel: rbf
Advantage: normalizedfitness
M: 3
lambda: 12
epsilon_svgd: 0.033
gamma: 0.015
decay_start_ratio: 0.01
decay_min_factor: 0.3
bandwith_kernel: None
no_interact: False
avg_score: 0.7169875502586365
median_score: 0.7180694341659546
std_score: 0.010039741173386574
percentiles: 2%=0.6971928477287292, 5%=0.6983309984207153, 10%=0.7034699320793152, 25%=0.7101050019264221, 50%=0.7180694341659546, 75%=0.7236869931221008, 90%=0.7291298508644104, 95%=0.7337038516998291, 98%=0.7359411716461182
ranking_best_algo: PBIL
ranking_best_score: 0.7248786399609374
ranking_my_rank: 44/504 (91.5%)
ranking_my_percent: 91.46825396825396
