ConfigName: krbf__advnormalizedfitness__M1__L10__eps0p015__g0p007__ds0p15__dm0p01
Problem: QUBO
Kernel: rbf
Advantage: normalizedfitness
M: 1
lambda: 10
epsilon_svgd: 0.015
gamma: 0.007
decay_start_ratio: 0.15
decay_min_factor: 0.01
bandwith_kernel: None
no_interact: False
avg_score: -397.1600036621094
median_score: -397.5
std_score: 28.764116287231445
percentiles: 2%=-453.0400085449219, 5%=-442.3500061035156, 10%=-434.0, 25%=-417.25, 50%=-397.5, 75%=-376.0, 90%=-358.0, 95%=-350.0, 98%=-342.0
ranking_best_algo: Tabu
ranking_best_score: 438.12
ranking_my_rank: 231/504 (54.4%)
ranking_my_percent: 54.36507936507937
