ConfigName: kjsd__advperagentrankweighted__M5__L10__eps0p01__g0p0005__ds0p2__dm0p2
Problem: QUBO
Kernel: jsd
Advantage: peragentrankweighted
M: 5
lambda: 10
epsilon_svgd: 0.01
gamma: 0.0005
decay_start_ratio: 0.2
decay_min_factor: 0.2
bandwith_kernel: None
no_interact: False
avg_score: -139.4600067138672
median_score: -139.0
std_score: 11.493842124938965
percentiles: 2%=-158.02000427246094, 5%=-158.0, 10%=-157.0, 25%=-148.25, 50%=-139.0, 75%=-130.0, 90%=-126.80000305175781, 95%=-121.0, 98%=-117.0
ranking_best_algo: DiscreteDE
ranking_best_score: 143.4
ranking_my_rank: 85/504 (83.3%)
ranking_my_percent: 83.33333333333333
