ConfigName: kjsd__advperagentrankweighted__M4__L24__eps0p005__g0p0007__ds0p2__dm0p05
Problem: NK
Kernel: jsd
Advantage: peragentrankweighted
M: 4
lambda: 24
epsilon_svgd: 0.005
gamma: 0.0007
decay_start_ratio: 0.2
decay_min_factor: 0.05
bandwith_kernel: None
no_interact: False
avg_score: 0.7336918115615845
median_score: 0.7354763746261597
std_score: 0.009514334611594677
percentiles: 2%=0.7129607796669006, 5%=0.7157688736915588, 10%=0.71906977891922, 25%=0.7273963093757629, 50%=0.7354763746261597, 75%=0.7404149174690247, 90%=0.745276927947998, 95%=0.7461497783660889, 98%=0.7488908767700195
ranking_best_algo: PBIL
ranking_best_score: 0.7248786399609374
ranking_my_rank: 1/504 (100.0%)
ranking_my_percent: 100.0
