ConfigName: krbf__advnormalizedfitness__M4__L8__eps0p02__g0p01__ds0p15__dm0p05
Problem: QUBO
Kernel: rbf
Advantage: normalizedfitness
M: 4
lambda: 8
epsilon_svgd: 0.02
gamma: 0.01
decay_start_ratio: 0.15
decay_min_factor: 0.05
bandwith_kernel: None
no_interact: False
avg_score: -1169.8800048828125
median_score: -1158.0
std_score: 83.04484558105469
percentiles: 2%=-1353.3199462890625, 5%=-1330.6500244140625, 10%=-1261.199951171875, 25%=-1229.5, 50%=-1158.0, 75%=-1117.75, 90%=-1067.9000244140625, 95%=-1022.7000122070312, 98%=-1002.760009765625
ranking_best_algo: BigLognormalDiscreteOnePlusOne
ranking_best_score: 1301.3600000000004
ranking_my_rank: 105/504 (79.4%)
ranking_my_percent: 79.36507936507937
