ConfigName: kjsd__advperagentrankweighted__M4__L24__eps0p005__g0p0005__ds0p4__dm0p05
Problem: QUBO
Kernel: jsd
Advantage: peragentrankweighted
M: 4
lambda: 24
epsilon_svgd: 0.005
gamma: 0.0005
decay_start_ratio: 0.4
decay_min_factor: 0.05
bandwith_kernel: None
no_interact: False
avg_score: -3223.340087890625
median_score: -3223.5
std_score: 130.104736328125
percentiles: 2%=-3448.639892578125, 5%=-3426.050048828125, 10%=-3401.10009765625, 25%=-3318.75, 50%=-3223.5, 75%=-3136.75, 90%=-3043.699951171875, 95%=-3020.949951171875, 98%=-2996.239990234375
ranking_best_algo: RLSOnePlusOne
ranking_best_score: 3316.5199999999995
ranking_my_rank: 43/504 (91.7%)
ranking_my_percent: 91.66666666666667
