ConfigName: kjsd__advperagentrankweighted__M5__L12__eps0p008__g0p0005__ds0p3__dm0p05
Problem: QUBO
Kernel: jsd
Advantage: peragentrankweighted
M: 5
lambda: 12
epsilon_svgd: 0.008
gamma: 0.0005
decay_start_ratio: 0.3
decay_min_factor: 0.05
bandwith_kernel: None
no_interact: False
avg_score: -432.44000244140625
median_score: -432.0
std_score: 25.265913009643555
percentiles: 2%=-483.0, 5%=-479.1000061035156, 10%=-467.79998779296875, 25%=-445.0, 50%=-432.0, 75%=-415.75, 90%=-404.79998779296875, 95%=-397.95001220703125, 98%=-388.9599914550781
ranking_best_algo: CMAL3
ranking_best_score: 435.36
ranking_my_rank: 5/504 (99.2%)
ranking_my_percent: 99.2063492063492
