ConfigName: kjsd__advperagentrankweighted__M4__L28__eps0p005__g0p0005__ds0p05__dm0p05
Problem: QUBO
Kernel: jsd
Advantage: peragentrankweighted
M: 4
lambda: 28
epsilon_svgd: 0.005
gamma: 0.0005
decay_start_ratio: 0.05
decay_min_factor: 0.05
bandwith_kernel: None
no_interact: False
avg_score: -1232.800048828125
median_score: -1232.0
std_score: 65.9161605834961
percentiles: 2%=-1356.9200439453125, 5%=-1327.5, 10%=-1320.0999755859375, 25%=-1278.25, 50%=-1232.0, 75%=-1188.5, 90%=-1151.0, 95%=-1126.9000244140625, 98%=-1082.8800048828125
ranking_best_algo: SVMMetaModelLogNormal
ranking_best_score: 1233.7999999999997
ranking_my_rank: 9/504 (98.4%)
ranking_my_percent: 98.41269841269842
