ConfigName: krbf__advnormalizedfitness__M3__L8__eps0p033__g0p005__ds0p01__dm0p01
Problem: QUBO
Kernel: rbf
Advantage: normalizedfitness
M: 3
lambda: 8
epsilon_svgd: 0.033
gamma: 0.005
decay_start_ratio: 0.01
decay_min_factor: 0.01
bandwith_kernel: None
no_interact: False
avg_score: -303.6000061035156
median_score: -292.0
std_score: 39.46187973022461
percentiles: 2%=-394.0799865722656, 5%=-386.29998779296875, 10%=-359.1999816894531, 25%=-328.0, 50%=-292.0, 75%=-271.75, 90%=-263.70001220703125, 95%=-257.9000244140625, 98%=-250.91998291015625
ranking_best_algo: CMApara
ranking_best_score: 319.29999999999995
ranking_my_rank: 153/504 (69.8%)
ranking_my_percent: 69.84126984126983
