ConfigName: kjsd__advperagentrankweighted__M5__L8__eps0p01__g0p0007__ds0p4__dm0p05
Problem: QUBO
Kernel: jsd
Advantage: peragentrankweighted
M: 5
lambda: 8
epsilon_svgd: 0.01
gamma: 0.0007
decay_start_ratio: 0.4
decay_min_factor: 0.05
bandwith_kernel: None
no_interact: False
avg_score: -441.8599853515625
median_score: -443.5
std_score: 24.193809509277344
percentiles: 2%=-486.05999755859375, 5%=-479.1000061035156, 10%=-472.0, 25%=-462.0, 50%=-443.5, 75%=-424.0, 90%=-412.79998779296875, 95%=-398.95001220703125, 98%=-390.9800109863281
ranking_best_algo: CMApara
ranking_best_score: 453.82
ranking_my_rank: 10/504 (98.2%)
ranking_my_percent: 98.21428571428571
