ConfigName: kfr__advglobalrankweighted__M2__L11__eps0p015__g0p007__ds0p01__dm0p01
Problem: QUBO
Kernel: fr
Advantage: globalrankweighted
M: 2
lambda: 11
epsilon_svgd: 0.015
gamma: 0.007
decay_start_ratio: 0.01
decay_min_factor: 0.01
bandwith_kernel: None
no_interact: False
avg_score: -436.9800109863281
median_score: -438.5
std_score: 30.227794647216797
percentiles: 2%=-489.17999267578125, 5%=-487.0, 10%=-473.0, 25%=-458.25, 50%=-438.5, 75%=-414.75, 90%=-396.8999938964844, 95%=-385.70001220703125, 98%=-374.89996337890625
ranking_best_algo: CMApara
ranking_best_score: 453.82
ranking_my_rank: 30/504 (94.2%)
ranking_my_percent: 94.24603174603175
