ConfigName: krbf__advnormalizedfitness__M2__L10__eps0p02__g0p005__ds0p01__dm0p01
Problem: QUBO
Kernel: rbf
Advantage: normalizedfitness
M: 2
lambda: 10
epsilon_svgd: 0.02
gamma: 0.005
decay_start_ratio: 0.01
decay_min_factor: 0.01
bandwith_kernel: None
no_interact: False
avg_score: -3270.320068359375
median_score: -3275.5
std_score: 119.6300048828125
percentiles: 2%=-3493.260009765625, 5%=-3467.25, 10%=-3414.0, 25%=-3337.5, 50%=-3275.5, 75%=-3203.0, 90%=-3133.60009765625, 95%=-3061.25, 98%=-3013.8798828125
ranking_best_algo: RLSOnePlusOne
ranking_best_score: 3316.5199999999995
ranking_my_rank: 12/504 (97.8%)
ranking_my_percent: 97.81746031746032
