ConfigName: krbf__advnormalizedfitness__M2__L8__eps0p015__g0p01__ds0p01__dm0p01
Problem: QUBO
Kernel: rbf
Advantage: normalizedfitness
M: 2
lambda: 8
epsilon_svgd: 0.015
gamma: 0.01
decay_start_ratio: 0.01
decay_min_factor: 0.01
bandwith_kernel: None
no_interact: False
avg_score: -414.3399963378906
median_score: -412.0
std_score: 25.991619110107422
percentiles: 2%=-457.0, 5%=-457.0, 10%=-452.1000061035156, 25%=-434.0, 50%=-412.0, 75%=-396.0, 90%=-378.0, 95%=-371.8999938964844, 98%=-357.9599914550781
ranking_best_algo: Tabu
ranking_best_score: 438.12
ranking_my_rank: 56/504 (89.1%)
ranking_my_percent: 89.08730158730158
