ConfigName: kjsd__advperagentrankweighted__M3__L20__eps0p005__g0p003__ds0p1__dm0p05
Problem: NK
Kernel: jsd
Advantage: peragentrankweighted
M: 3
lambda: 20
epsilon_svgd: 0.005
gamma: 0.003
decay_start_ratio: 0.1
decay_min_factor: 0.05
bandwith_kernel: None
no_interact: False
avg_score: 0.7209791541099548
median_score: 0.7218984365463257
std_score: 0.018101224675774574
percentiles: 2%=0.6820347309112549, 5%=0.6900689601898193, 10%=0.696968674659729, 25%=0.7095239758491516, 50%=0.7218984365463257, 75%=0.7320774793624878, 90%=0.7429728507995605, 95%=0.7472131252288818, 98%=0.7609782218933105
ranking_best_algo: Tabu
ranking_best_score: 0.7601875690625
ranking_my_rank: 135/504 (73.4%)
ranking_my_percent: 73.41269841269842
