ConfigName: kjsd__advperagentrankweighted__M4__L24__eps0p03__g0p0003__ds0p2__dm0p05
Problem: QUBO
Kernel: jsd
Advantage: peragentrankweighted
M: 4
lambda: 24
epsilon_svgd: 0.03
gamma: 0.0003
decay_start_ratio: 0.2
decay_min_factor: 0.05
bandwith_kernel: None
no_interact: False
avg_score: -926.219970703125
median_score: -914.0
std_score: 67.46711730957031
percentiles: 2%=-1065.0999755859375, 5%=-1041.25, 10%=-1030.300048828125, 25%=-971.25, 50%=-914.0, 75%=-875.5, 90%=-857.0, 95%=-815.0, 98%=-800.719970703125
ranking_best_algo: CMApara
ranking_best_score: 964.9
ranking_my_rank: 21/504 (96.0%)
ranking_my_percent: 96.03174603174604
