ConfigName: kjsd__advperagentrankweighted__M3__L20__eps0p007__g0p001__ds0p1__dm0p05
Problem: NK
Kernel: jsd
Advantage: peragentrankweighted
M: 3
lambda: 20
epsilon_svgd: 0.007
gamma: 0.001
decay_start_ratio: 0.1
decay_min_factor: 0.05
bandwith_kernel: None
no_interact: False
avg_score: 0.7437306046485901
median_score: 0.743159294128418
std_score: 0.01635255292057991
percentiles: 2%=0.7145611047744751, 5%=0.7198328375816345, 10%=0.7248561978340149, 25%=0.7338969707489014, 50%=0.743159294128418, 75%=0.7530390620231628, 90%=0.7620763778686523, 95%=0.7668541073799133, 98%=0.7840169668197632
ranking_best_algo: Tabu
ranking_best_score: 0.7601875690625
ranking_my_rank: 7/504 (98.8%)
ranking_my_percent: 98.80952380952381
