ConfigName: krbf__advnormalizedfitness__M4__L12__eps0p015__g0p007__ds0p01__dm0p01
Problem: NK
Kernel: rbf
Advantage: normalizedfitness
M: 4
lambda: 12
epsilon_svgd: 0.015
gamma: 0.007
decay_start_ratio: 0.01
decay_min_factor: 0.01
bandwith_kernel: None
no_interact: False
avg_score: 0.7471004724502563
median_score: 0.74872887134552
std_score: 0.017190147191286087
percentiles: 2%=0.7078952193260193, 5%=0.7182837128639221, 10%=0.7239523530006409, 25%=0.7369903922080994, 50%=0.74872887134552, 75%=0.7607780694961548, 90%=0.7680109143257141, 95%=0.7702376842498779, 98%=0.773766815662384
ranking_best_algo: Tabu
ranking_best_score: 0.7470791764843752
ranking_my_rank: 1/504 (100.0%)
ranking_my_percent: 100.0
