ConfigName: krbf__advnormalizedfitness__M3__L15__eps0p025__g0p007__ds0p15__dm0p01
Problem: QUBO
Kernel: rbf
Advantage: normalizedfitness
M: 3
lambda: 15
epsilon_svgd: 0.025
gamma: 0.007
decay_start_ratio: 0.15
decay_min_factor: 0.01
bandwith_kernel: None
no_interact: False
avg_score: -2454.580078125
median_score: -2444.5
std_score: 158.0059051513672
percentiles: 2%=-2753.860107421875, 5%=-2706.800048828125, 10%=-2670.199951171875, 25%=-2564.0, 50%=-2444.5, 75%=-2345.25, 90%=-2262.5, 95%=-2224.75, 98%=-2200.739990234375
ranking_best_algo: SVM1MetaModelLogNormal
ranking_best_score: 2605.14
ranking_my_rank: 81/504 (84.1%)
ranking_my_percent: 84.12698412698413
