ConfigName: kjsd__advperagentrankweighted__M3__L16__eps0p007__g0p001__ds0p05__dm0p1
Problem: QUBO
Kernel: jsd
Advantage: peragentrankweighted
M: 3
lambda: 16
epsilon_svgd: 0.007
gamma: 0.001
decay_start_ratio: 0.05
decay_min_factor: 0.1
bandwith_kernel: None
no_interact: False
avg_score: -1634.4599609375
median_score: -1631.0
std_score: 52.00507736206055
percentiles: 2%=-1719.280029296875, 5%=-1716.0999755859375, 10%=-1704.300048828125, 25%=-1676.0, 50%=-1631.0, 75%=-1594.75, 90%=-1568.9000244140625, 95%=-1544.8499755859375, 98%=-1540.93994140625
ranking_best_algo: NLOPT_LN_PRAXIS
ranking_best_score: 1607.12
ranking_my_rank: 1/504 (100.0%)
ranking_my_percent: 100.0
