ConfigName: kfr__advglobalrankweighted__M4__L15__eps0p01__g0p007__ds0p01__dm0p01
Problem: QUBO
Kernel: fr
Advantage: globalrankweighted
M: 4
lambda: 15
epsilon_svgd: 0.01
gamma: 0.007
decay_start_ratio: 0.01
decay_min_factor: 0.01
bandwith_kernel: None
no_interact: False
avg_score: -139.1199951171875
median_score: -140.5
std_score: 11.6715726852417
percentiles: 2%=-158.02000427246094, 5%=-157.0, 10%=-154.1999969482422, 25%=-147.0, 50%=-140.5, 75%=-131.75, 90%=-125.0, 95%=-117.0, 98%=-113.85997009277344
ranking_best_algo: DiscreteDE
ranking_best_score: 143.4
ranking_my_rank: 88/504 (82.7%)
ranking_my_percent: 82.73809523809524
