ConfigName: krbf__advnormalizedfitness__M4__L10__eps0p015__g0p007__ds0p15__dm0p3
Problem: NK
Kernel: rbf
Advantage: normalizedfitness
M: 4
lambda: 10
epsilon_svgd: 0.015
gamma: 0.007
decay_start_ratio: 0.15
decay_min_factor: 0.3
bandwith_kernel: None
no_interact: False
avg_score: 0.7236467599868774
median_score: 0.7236195802688599
std_score: 0.010920711793005466
percentiles: 2%=0.6999364495277405, 5%=0.7039422392845154, 10%=0.7090964913368225, 25%=0.7145034074783325, 50%=0.7236195802688599, 75%=0.7315181493759155, 90%=0.7382461428642273, 95%=0.7394501566886902, 98%=0.7412167191505432
ranking_best_algo: PBIL
ranking_best_score: 0.730509098125
ranking_my_rank: 20/504 (96.2%)
ranking_my_percent: 96.23015873015873
