ConfigName: kjsd__advperagentrankweighted__M3__L24__eps0p007__g0p0005__ds0p05__dm0p1
Problem: QUBO
Kernel: jsd
Advantage: peragentrankweighted
M: 3
lambda: 24
epsilon_svgd: 0.007
gamma: 0.0005
decay_start_ratio: 0.05
decay_min_factor: 0.1
bandwith_kernel: None
no_interact: False
avg_score: -1247.239990234375
median_score: -1247.0
std_score: 67.13034057617188
percentiles: 2%=-1378.3399658203125, 5%=-1343.3499755859375, 10%=-1327.4000244140625, 25%=-1294.25, 50%=-1247.0, 75%=-1201.0, 90%=-1154.5999755859375, 95%=-1142.800048828125, 98%=-1122.8199462890625
ranking_best_algo: SVMMetaModelLogNormal
ranking_best_score: 1233.7999999999997
ranking_my_rank: 1/504 (100.0%)
ranking_my_percent: 100.0
