ConfigName: kjsd__advperagentrankweighted__M3__L18__eps0p005__g0p001__ds0p1__dm0p05
Problem: NK
Kernel: jsd
Advantage: peragentrankweighted
M: 3
lambda: 18
epsilon_svgd: 0.005
gamma: 0.001
decay_start_ratio: 0.1
decay_min_factor: 0.05
bandwith_kernel: None
no_interact: False
avg_score: 0.7445827722549438
median_score: 0.7437756061553955
std_score: 0.014295950531959534
percentiles: 2%=0.7201852798461914, 5%=0.7229543328285217, 10%=0.7296409010887146, 25%=0.734028160572052, 50%=0.7437756061553955, 75%=0.7544516921043396, 90%=0.7602127194404602, 95%=0.7714248895645142, 98%=0.7774397134780884
ranking_best_algo: Tabu
ranking_best_score: 0.7601875690625
ranking_my_rank: 5/504 (99.2%)
ranking_my_percent: 99.2063492063492
