ConfigName: kjsd__advperagentrankweighted__M2__L20__eps0p005__g0p0005__ds0p05__dm0p2
Problem: QUBO
Kernel: jsd
Advantage: peragentrankweighted
M: 2
lambda: 20
epsilon_svgd: 0.005
gamma: 0.0005
decay_start_ratio: 0.05
decay_min_factor: 0.2
bandwith_kernel: None
no_interact: False
avg_score: -420.7799987792969
median_score: -424.0
std_score: 32.43811798095703
percentiles: 2%=-481.0799865722656, 5%=-467.1000061035156, 10%=-463.0, 25%=-443.0, 50%=-424.0, 75%=-398.5, 90%=-380.8999938964844, 95%=-361.8999938964844, 98%=-351.9200134277344
ranking_best_algo: CMAL3
ranking_best_score: 435.36
ranking_my_rank: 59/504 (88.5%)
ranking_my_percent: 88.4920634920635
