ConfigName: kjsd__advperagentrankweighted__M3__L20__eps0p005__g0p001__ds0p1__dm0p1
Problem: NK
Kernel: jsd
Advantage: peragentrankweighted
M: 3
lambda: 20
epsilon_svgd: 0.005
gamma: 0.001
decay_start_ratio: 0.1
decay_min_factor: 0.1
bandwith_kernel: None
no_interact: False
avg_score: 0.753672182559967
median_score: 0.7533476948738098
std_score: 0.011308036744594574
percentiles: 2%=0.7323864102363586, 5%=0.735673189163208, 10%=0.7398529052734375, 25%=0.743931770324707, 50%=0.7533476948738098, 75%=0.7614321112632751, 90%=0.7678694725036621, 95%=0.7706987857818604, 98%=0.7740747332572937
ranking_best_algo: Tabu
ranking_best_score: 0.7657846284375001
ranking_my_rank: 9/504 (98.4%)
ranking_my_percent: 98.41269841269842
