ConfigName: kfr__advglobalrankweighted__M4__L10__eps0p02__g0p003__ds0p01__dm0p01
Problem: QUBO
Kernel: fr
Advantage: globalrankweighted
M: 4
lambda: 10
epsilon_svgd: 0.02
gamma: 0.003
decay_start_ratio: 0.01
decay_min_factor: 0.01
bandwith_kernel: None
no_interact: False
avg_score: -309.1400146484375
median_score: -306.0
std_score: 36.6619758605957
percentiles: 2%=-390.0400085449219, 5%=-380.29998779296875, 10%=-357.6000061035156, 25%=-332.0, 50%=-306.0, 75%=-280.0, 90%=-266.0, 95%=-262.0, 98%=-250.77999877929688
ranking_best_algo: CMApara
ranking_best_score: 319.29999999999995
ranking_my_rank: 81/504 (84.1%)
ranking_my_percent: 84.12698412698413
