ConfigName: kjsd__advperagentrankweighted__M8__L12__eps0p008__g0p0005__ds0p05__dm0p05
Problem: NK
Kernel: jsd
Advantage: peragentrankweighted
M: 8
lambda: 12
epsilon_svgd: 0.008
gamma: 0.0005
decay_start_ratio: 0.05
decay_min_factor: 0.05
bandwith_kernel: None
no_interact: False
avg_score: 0.7224006056785583
median_score: 0.7213126420974731
std_score: 0.010516106151044369
percentiles: 2%=0.7050718069076538, 5%=0.7066025137901306, 10%=0.7095565795898438, 25%=0.7134199142456055, 50%=0.7213126420974731, 75%=0.7283698320388794, 90%=0.7396568059921265, 95%=0.7408279776573181, 98%=0.7414329648017883
ranking_best_algo: Tabu
ranking_best_score: 0.7429702712499999
ranking_my_rank: 6/504 (99.0%)
ranking_my_percent: 99.0079365079365
