ConfigName: kjsd__advperagentrankweighted__M5__L8__eps0p02__g0p0005__ds0p2__dm0p05
Problem: QUBO
Kernel: jsd
Advantage: peragentrankweighted
M: 5
lambda: 8
epsilon_svgd: 0.02
gamma: 0.0005
decay_start_ratio: 0.2
decay_min_factor: 0.05
bandwith_kernel: None
no_interact: False
avg_score: -1226.8800048828125
median_score: -1221.0
std_score: 55.589256286621094
percentiles: 2%=-1344.43994140625, 5%=-1328.050048828125, 10%=-1316.5, 25%=-1255.5, 50%=-1221.0, 75%=-1188.5, 90%=-1166.0, 95%=-1150.5, 98%=-1138.739990234375
ranking_best_algo: SVMMetaModelLogNormal
ranking_best_score: 1233.7999999999997
ranking_my_rank: 13/504 (97.6%)
ranking_my_percent: 97.61904761904762
