ConfigName: kjsd__advperagentrankweighted__M3__L18__eps0p005__g0p0007__ds0p05__dm0p2
Problem: NK
Kernel: jsd
Advantage: peragentrankweighted
M: 3
lambda: 18
epsilon_svgd: 0.005
gamma: 0.0007
decay_start_ratio: 0.05
decay_min_factor: 0.2
bandwith_kernel: None
no_interact: False
avg_score: 0.7536327242851257
median_score: 0.7519394159317017
std_score: 0.014090976677834988
percentiles: 2%=0.725585401058197, 5%=0.7332119941711426, 10%=0.7371824383735657, 25%=0.7430260181427002, 50%=0.7519394159317017, 75%=0.7632637023925781, 90%=0.7728857398033142, 95%=0.7768721580505371, 98%=0.7815817594528198
ranking_best_algo: Tabu
ranking_best_score: 0.7657846284375001
ranking_my_rank: 9/504 (98.4%)
ranking_my_percent: 98.41269841269842
