ConfigName: kjsd__advperagentrankweighted__M3__L16__eps0p007__g0p0007__ds0p1__dm0p05
Problem: QUBO
Kernel: jsd
Advantage: peragentrankweighted
M: 3
lambda: 16
epsilon_svgd: 0.007
gamma: 0.0007
decay_start_ratio: 0.1
decay_min_factor: 0.05
bandwith_kernel: None
no_interact: False
avg_score: -1633.8399658203125
median_score: -1634.0
std_score: 56.05207061767578
percentiles: 2%=-1750.1199951171875, 5%=-1723.5999755859375, 10%=-1707.199951171875, 25%=-1670.75, 50%=-1634.0, 75%=-1597.75, 90%=-1562.300048828125, 95%=-1548.300048828125, 98%=-1520.8800048828125
ranking_best_algo: NLOPT_LN_PRAXIS
ranking_best_score: 1607.12
ranking_my_rank: 1/504 (100.0%)
ranking_my_percent: 100.0
