ConfigName: krbf__advnormalizedfitness__M3__L15__eps0p025__g0p015__ds0p01__dm0p3
Problem: QUBO
Kernel: rbf
Advantage: normalizedfitness
M: 3
lambda: 15
epsilon_svgd: 0.025
gamma: 0.015
decay_start_ratio: 0.01
decay_min_factor: 0.3
bandwith_kernel: None
no_interact: False
avg_score: -1694.280029296875
median_score: -1683.5
std_score: 141.1302947998047
percentiles: 2%=-1970.239990234375, 5%=-1933.9000244140625, 10%=-1903.199951171875, 25%=-1775.75, 50%=-1683.5, 75%=-1600.0, 90%=-1540.5, 95%=-1480.800048828125, 98%=-1415.599853515625
ranking_best_algo: SVM1MetaModelLogNormal
ranking_best_score: 2605.14
ranking_my_rank: 324/504 (35.9%)
ranking_my_percent: 35.91269841269841
