ConfigName: krbf__advnormalizedfitness__M3__L10__eps0p015__g0p007__ds0p01__dm0p3
Problem: NK
Kernel: rbf
Advantage: normalizedfitness
M: 3
lambda: 10
epsilon_svgd: 0.015
gamma: 0.007
decay_start_ratio: 0.01
decay_min_factor: 0.3
bandwith_kernel: None
no_interact: False
avg_score: 0.647508978843689
median_score: 0.6434564590454102
std_score: 0.02342023327946663
percentiles: 2%=0.6122777462005615, 5%=0.6159910559654236, 10%=0.6198352575302124, 25%=0.6288480162620544, 50%=0.6434564590454102, 75%=0.6599416136741638, 90%=0.6796236634254456, 95%=0.6944031715393066, 98%=0.7083142995834351
ranking_best_algo: Tabu
ranking_best_score: 0.7429702712499999
ranking_my_rank: 324/504 (35.9%)
ranking_my_percent: 35.91269841269841
