ConfigName: kjsd__advperagentrankweighted__M4__L12__eps0p005__g0p0007__ds0p05__dm0p2
Problem: QUBO
Kernel: jsd
Advantage: peragentrankweighted
M: 4
lambda: 12
epsilon_svgd: 0.005
gamma: 0.0007
decay_start_ratio: 0.05
decay_min_factor: 0.2
bandwith_kernel: None
no_interact: False
avg_score: -1198.6199951171875
median_score: -1196.5
std_score: 57.12333679199219
percentiles: 2%=-1321.02001953125, 5%=-1281.699951171875, 10%=-1266.0999755859375, 25%=-1241.25, 50%=-1196.5, 75%=-1162.75, 90%=-1117.699951171875, 95%=-1110.6500244140625, 98%=-1085.8199462890625
ranking_best_algo: Tabu
ranking_best_score: 1216.16
ranking_my_rank: 44/504 (91.5%)
ranking_my_percent: 91.46825396825396
