ConfigName: kjsd__advperagentrankweighted__M3__L16__eps0p007__g0p0005__ds0p1__dm0p05
Problem: NK
Kernel: jsd
Advantage: peragentrankweighted
M: 3
lambda: 16
epsilon_svgd: 0.007
gamma: 0.0005
decay_start_ratio: 0.1
decay_min_factor: 0.05
bandwith_kernel: None
no_interact: False
avg_score: 0.7090305089950562
median_score: 0.7105835676193237
std_score: 0.015490274876356125
percentiles: 2%=0.6679750680923462, 5%=0.6734104752540588, 10%=0.6949118971824646, 25%=0.7054945826530457, 50%=0.7105835676193237, 75%=0.7173264026641846, 90%=0.7255381941795349, 95%=0.7328612804412842, 98%=0.7333096265792847
ranking_best_algo: CMApara
ranking_best_score: 0.707475975
ranking_my_rank: 1/504 (100.0%)
ranking_my_percent: 100.0
