ConfigName: kjsd__advperagentrankweighted__M3__L20__eps0p007__g0p001__ds0p05__dm0p1
Problem: QUBO
Kernel: jsd
Advantage: peragentrankweighted
M: 3
lambda: 20
epsilon_svgd: 0.007
gamma: 0.001
decay_start_ratio: 0.05
decay_min_factor: 0.1
bandwith_kernel: None
no_interact: False
avg_score: -414.05999755859375
median_score: -418.5
std_score: 28.627197265625
percentiles: 2%=-471.0400085449219, 5%=-454.1499938964844, 10%=-450.20001220703125, 25%=-430.25, 50%=-418.5, 75%=-398.0, 90%=-373.79998779296875, 95%=-361.95001220703125, 98%=-353.8800048828125
ranking_best_algo: Tabu
ranking_best_score: 438.12
ranking_my_rank: 57/504 (88.9%)
ranking_my_percent: 88.88888888888889
