ConfigName: kjsd__advperagentrankweighted__M6__L8__eps0p02__g0p0003__ds0p2__dm0p05
Problem: QUBO
Kernel: jsd
Advantage: peragentrankweighted
M: 6
lambda: 8
epsilon_svgd: 0.02
gamma: 0.0003
decay_start_ratio: 0.2
decay_min_factor: 0.05
bandwith_kernel: None
no_interact: False
avg_score: -1211.0
median_score: -1210.0
std_score: 60.7666015625
percentiles: 2%=-1314.0400390625, 5%=-1311.050048828125, 10%=-1297.0, 25%=-1251.5, 50%=-1210.0, 75%=-1169.75, 90%=-1132.5999755859375, 95%=-1119.550048828125, 98%=-1102.8800048828125
ranking_best_algo: SVMMetaModelLogNormal
ranking_best_score: 1233.7999999999997
ranking_my_rank: 45/504 (91.3%)
ranking_my_percent: 91.26984126984127
