ConfigName: krbf__advnormalizedfitness__M3__L10__eps0p025__g0p01__ds0p15__dm0p01
Problem: QUBO
Kernel: rbf
Advantage: normalizedfitness
M: 3
lambda: 10
epsilon_svgd: 0.025
gamma: 0.01
decay_start_ratio: 0.15
decay_min_factor: 0.01
bandwith_kernel: None
no_interact: False
avg_score: -1179.8599853515625
median_score: -1171.5
std_score: 58.70332717895508
percentiles: 2%=-1323.199951171875, 5%=-1287.0999755859375, 10%=-1269.4000244140625, 25%=-1199.75, 50%=-1171.5, 75%=-1145.75, 90%=-1115.800048828125, 95%=-1089.949951171875, 98%=-1070.7799072265625
ranking_best_algo: Tabu
ranking_best_score: 1216.16
ranking_my_rank: 70/504 (86.3%)
ranking_my_percent: 86.30952380952381
