ConfigName: krbf__advnormalizedfitness__M2__L8__eps0p015__g0p01__ds0p3__dm0p3
Problem: NK
Kernel: rbf
Advantage: normalizedfitness
M: 2
lambda: 8
epsilon_svgd: 0.015
gamma: 0.01
decay_start_ratio: 0.3
decay_min_factor: 0.3
bandwith_kernel: None
no_interact: False
avg_score: 0.7104885578155518
median_score: 0.7111989259719849
std_score: 0.015177305787801743
percentiles: 2%=0.6717702150344849, 5%=0.6734635829925537, 10%=0.6962568163871765, 25%=0.7073912024497986, 50%=0.7111989259719849, 75%=0.7200239896774292, 90%=0.7252473831176758, 95%=0.7321180105209351, 98%=0.733983039855957
ranking_best_algo: CMApara
ranking_best_score: 0.707475975
ranking_my_rank: 1/504 (100.0%)
ranking_my_percent: 100.0
