ConfigName: krbf__advnormalizedfitness__M5__L10__eps0p025__g0p01__ds0p05__dm0p05
Problem: NK
Kernel: rbf
Advantage: normalizedfitness
M: 5
lambda: 10
epsilon_svgd: 0.025
gamma: 0.01
decay_start_ratio: 0.05
decay_min_factor: 0.05
bandwith_kernel: None
no_interact: False
avg_score: 0.6957178711891174
median_score: 0.69731605052948
std_score: 0.01235984731465578
percentiles: 2%=0.6749187111854553, 5%=0.6770110726356506, 10%=0.6791036128997803, 25%=0.684679388999939, 50%=0.69731605052948, 75%=0.7059500813484192, 90%=0.7115582823753357, 95%=0.713121235370636, 98%=0.7157697081565857
ranking_best_algo: PBIL
ranking_best_score: 0.7013553837109374
ranking_my_rank: 49/504 (90.5%)
ranking_my_percent: 90.47619047619048
