ConfigName: kjsd__advperagentrankweighted__M4__L24__eps0p03__g0p0003__ds0p2__dm0p05
Problem: QUBO
Kernel: jsd
Advantage: peragentrankweighted
M: 4
lambda: 24
epsilon_svgd: 0.03
gamma: 0.0003
decay_start_ratio: 0.2
decay_min_factor: 0.05
bandwith_kernel: None
no_interact: False
avg_score: -418.1600036621094
median_score: -419.0
std_score: 22.655118942260742
percentiles: 2%=-469.0400085449219, 5%=-458.0, 10%=-448.1000061035156, 25%=-432.25, 50%=-419.0, 75%=-400.75, 90%=-387.0, 95%=-384.95001220703125, 98%=-379.9800109863281
ranking_best_algo: CMAL3
ranking_best_score: 435.36
ranking_my_rank: 97/504 (81.0%)
ranking_my_percent: 80.95238095238095
