ConfigName: kjsd__advperagentrankweighted__M5__L8__eps0p03__g0p0007__ds0p2__dm0p05
Problem: QUBO
Kernel: jsd
Advantage: peragentrankweighted
M: 5
lambda: 8
epsilon_svgd: 0.03
gamma: 0.0007
decay_start_ratio: 0.2
decay_min_factor: 0.05
bandwith_kernel: None
no_interact: False
avg_score: -437.1199951171875
median_score: -441.5
std_score: 27.251157760620117
percentiles: 2%=-481.1600036621094, 5%=-475.20001220703125, 10%=-469.0, 25%=-457.0, 50%=-441.5, 75%=-417.75, 90%=-398.0, 95%=-391.70001220703125, 98%=-375.9599914550781
ranking_best_algo: CMApara
ranking_best_score: 453.82
ranking_my_rank: 29/504 (94.4%)
ranking_my_percent: 94.44444444444444
