ConfigName: kjsd__advperagentrankweighted__M4__L10__eps0p03__g0p0003__ds0p2__dm0p05
Problem: QUBO
Kernel: jsd
Advantage: peragentrankweighted
M: 4
lambda: 10
epsilon_svgd: 0.03
gamma: 0.0003
decay_start_ratio: 0.2
decay_min_factor: 0.05
bandwith_kernel: None
no_interact: False
avg_score: -3030.860107421875
median_score: -3036.0
std_score: 124.08151245117188
percentiles: 2%=-3263.159912109375, 5%=-3234.300048828125, 10%=-3195.300048828125, 25%=-3116.25, 50%=-3036.0, 75%=-2950.75, 90%=-2854.5, 95%=-2817.449951171875, 98%=-2771.800048828125
ranking_best_algo: RLSOnePlusOne
ranking_best_score: 3316.5199999999995
ranking_my_rank: 127/504 (75.0%)
ranking_my_percent: 75.0
