ConfigName: krbf__advnormalizedfitness__M3__L12__eps0p025__g0p01__ds0p15__dm0p01
Problem: NK
Kernel: rbf
Advantage: normalizedfitness
M: 3
lambda: 12
epsilon_svgd: 0.025
gamma: 0.01
decay_start_ratio: 0.15
decay_min_factor: 0.01
bandwith_kernel: None
no_interact: False
avg_score: 0.7382251024246216
median_score: 0.7395393252372742
std_score: 0.008791198022663593
percentiles: 2%=0.7174428105354309, 5%=0.7228600978851318, 10%=0.7255311608314514, 25%=0.7327525615692139, 50%=0.7395393252372742, 75%=0.7439841032028198, 90%=0.7485114932060242, 95%=0.7516176700592041, 98%=0.753058135509491
ranking_best_algo: PBIL
ranking_best_score: 0.730509098125
ranking_my_rank: 1/504 (100.0%)
ranking_my_percent: 100.0
