ConfigName: kjsd__advperagentrankweighted__M4__L12__eps0p01__g0p0007__ds0p4__dm0p05
Problem: QUBO
Kernel: jsd
Advantage: peragentrankweighted
M: 4
lambda: 12
epsilon_svgd: 0.01
gamma: 0.0007
decay_start_ratio: 0.4
decay_min_factor: 0.05
bandwith_kernel: None
no_interact: False
avg_score: -199.36000061035156
median_score: -199.0
std_score: 12.675582885742188
percentiles: 2%=-224.0, 5%=-224.0, 10%=-215.0, 25%=-207.25, 50%=-199.0, 75%=-190.0, 90%=-184.0, 95%=-179.9499969482422, 98%=-176.86000061035156
ranking_best_algo: Tabu
ranking_best_score: 208.36000000000004
ranking_my_rank: 85/504 (83.3%)
ranking_my_percent: 83.33333333333333
