ConfigName: krbf__advnormalizedfitness__M4__L8__eps0p015__g0p01__ds0p3__dm0p01
Problem: QUBO
Kernel: rbf
Advantage: normalizedfitness
M: 4
lambda: 8
epsilon_svgd: 0.015
gamma: 0.01
decay_start_ratio: 0.3
decay_min_factor: 0.01
bandwith_kernel: None
no_interact: False
avg_score: -537.3400268554688
median_score: -537.0
std_score: 38.83715057373047
percentiles: 2%=-607.0399780273438, 5%=-594.25, 10%=-587.0, 25%=-565.25, 50%=-537.0, 75%=-515.75, 90%=-491.0, 95%=-465.8000183105469, 98%=-458.8399658203125
ranking_best_algo: Tabu
ranking_best_score: 588.7199999999999
ranking_my_rank: 182/503 (64.0%)
ranking_my_percent: 64.01590457256461
