ConfigName: krbf__advnormalizedfitness__M3__L12__eps0p025__g0p007__ds0p3__dm0p01
Problem: QUBO
Kernel: rbf
Advantage: normalizedfitness
M: 3
lambda: 12
epsilon_svgd: 0.025
gamma: 0.007
decay_start_ratio: 0.3
decay_min_factor: 0.01
bandwith_kernel: None
no_interact: False
avg_score: -3171.60009765625
median_score: -3179.5
std_score: 185.75640869140625
percentiles: 2%=-3520.080078125, 5%=-3458.300048828125, 10%=-3412.60009765625, 25%=-3319.25, 50%=-3179.5, 75%=-3019.75, 90%=-2957.89990234375, 95%=-2904.80029296875, 98%=-2817.820068359375
ranking_best_algo: RLSOnePlusOne
ranking_best_score: 3316.5199999999995
ranking_my_rank: 60/504 (88.3%)
ranking_my_percent: 88.2936507936508
