ConfigName: krbf__advnormalizedfitness__M4__L15__eps0p033__g0p005__ds0p3__dm0p01
Problem: NK
Kernel: rbf
Advantage: normalizedfitness
M: 4
lambda: 15
epsilon_svgd: 0.033
gamma: 0.005
decay_start_ratio: 0.3
decay_min_factor: 0.01
bandwith_kernel: None
no_interact: False
avg_score: 0.7558284997940063
median_score: 0.7566370964050293
std_score: 0.013300548307597637
percentiles: 2%=0.7253693342208862, 5%=0.7310878038406372, 10%=0.7371727228164673, 25%=0.7455952763557434, 50%=0.7566370964050293, 75%=0.7659215927124023, 90%=0.7710602879524231, 95%=0.7740854024887085, 98%=0.7795225977897644
ranking_best_algo: Tabu
ranking_best_score: 0.7657846284375001
ranking_my_rank: 4/504 (99.4%)
ranking_my_percent: 99.4047619047619
