ConfigName: kfr__advglobalrankweighted__M4__L10__eps0p015__g0p005__ds0p01__dm0p01
Problem: QUBO
Kernel: fr
Advantage: globalrankweighted
M: 4
lambda: 10
epsilon_svgd: 0.015
gamma: 0.005
decay_start_ratio: 0.01
decay_min_factor: 0.01
bandwith_kernel: None
no_interact: False
avg_score: -938.6400146484375
median_score: -938.5
std_score: 65.489013671875
percentiles: 2%=-1078.0, 5%=-1048.8499755859375, 10%=-1019.2000122070312, 25%=-984.5, 50%=-938.5, 75%=-888.5, 90%=-852.9000244140625, 95%=-830.7999877929688, 98%=-812.8400268554688
ranking_best_algo: CMApara
ranking_best_score: 964.9
ranking_my_rank: 7/504 (98.8%)
ranking_my_percent: 98.80952380952381
