ConfigName: kjsd__advperagentrankweighted__M3__L30__eps0p005__g0p001__ds0p1__dm0p05
Problem: NK
Kernel: jsd
Advantage: peragentrankweighted
M: 3
lambda: 30
epsilon_svgd: 0.005
gamma: 0.001
decay_start_ratio: 0.1
decay_min_factor: 0.05
bandwith_kernel: None
no_interact: False
avg_score: 0.7450158596038818
median_score: 0.7413921356201172
std_score: 0.02804449386894703
percentiles: 2%=0.7050516605377197, 5%=0.7103972434997559, 10%=0.712386429309845, 25%=0.7234410047531128, 50%=0.7413921356201172, 75%=0.7580187320709229, 90%=0.7783373594284058, 95%=0.8063948750495911, 98%=0.8118547797203064
ranking_best_algo: CMApara
ranking_best_score: 0.7459277895312499
ranking_my_rank: 2/504 (99.8%)
ranking_my_percent: 99.8015873015873
