ConfigName: kjsd__advperagentrankweighted__M5__L8__eps0p03__g0p0007__ds0p05__dm0p05
Problem: NK
Kernel: jsd
Advantage: peragentrankweighted
M: 5
lambda: 8
epsilon_svgd: 0.03
gamma: 0.0007
decay_start_ratio: 0.05
decay_min_factor: 0.05
bandwith_kernel: None
no_interact: False
avg_score: 0.7407886385917664
median_score: 0.7381634712219238
std_score: 0.02821463905274868
percentiles: 2%=0.6939188838005066, 5%=0.7054350972175598, 10%=0.7086997032165527, 25%=0.7211663722991943, 50%=0.7381634712219238, 75%=0.7514750361442566, 90%=0.7728464007377625, 95%=0.8044298887252808, 98%=0.8045783638954163
ranking_best_algo: CMApara
ranking_best_score: 0.7459277895312499
ranking_my_rank: 41/504 (92.1%)
ranking_my_percent: 92.06349206349206
