ConfigName: krbf__advnormalizedfitness__M4__L10__eps0p033__g0p01__ds0p3__dm0p01
Problem: NK
Kernel: rbf
Advantage: normalizedfitness
M: 4
lambda: 10
epsilon_svgd: 0.033
gamma: 0.01
decay_start_ratio: 0.3
decay_min_factor: 0.01
bandwith_kernel: None
no_interact: False
avg_score: 0.7375450730323792
median_score: 0.7396640777587891
std_score: 0.009504628367722034
percentiles: 2%=0.717838704586029, 5%=0.7194600701332092, 10%=0.724152147769928, 25%=0.7317525148391724, 50%=0.7396640777587891, 75%=0.7443315982818604, 90%=0.7490370869636536, 95%=0.7509891390800476, 98%=0.7532857656478882
ranking_best_algo: PBIL
ranking_best_score: 0.730509098125
ranking_my_rank: 1/504 (100.0%)
ranking_my_percent: 100.0
