ConfigName: kjsd__advperagentrankweighted__M4__L24__eps0p005__g0p0007__ds0p05__dm0p05
Problem: NK
Kernel: jsd
Advantage: peragentrankweighted
M: 4
lambda: 24
epsilon_svgd: 0.005
gamma: 0.0007
decay_start_ratio: 0.05
decay_min_factor: 0.05
bandwith_kernel: None
no_interact: False
avg_score: 0.7075245380401611
median_score: 0.7097095251083374
std_score: 0.011896830052137375
percentiles: 2%=0.6877919435501099, 5%=0.6886867880821228, 10%=0.6930239200592041, 25%=0.6956624984741211, 50%=0.7097095251083374, 75%=0.7177333831787109, 90%=0.7214034199714661, 95%=0.7235846519470215, 98%=0.7249793410301208
ranking_best_algo: PBIL
ranking_best_score: 0.7013553837109374
ranking_my_rank: 1/504 (100.0%)
ranking_my_percent: 100.0
