ConfigName: krbf__advnormalizedfitness__M1__L8__eps0p025__g0p01__ds0p15__dm0p3
Problem: QUBO
Kernel: rbf
Advantage: normalizedfitness
M: 1
lambda: 8
epsilon_svgd: 0.025
gamma: 0.01
decay_start_ratio: 0.15
decay_min_factor: 0.3
bandwith_kernel: None
no_interact: False
avg_score: -312.0400085449219
median_score: -318.0
std_score: 29.36798095703125
percentiles: 2%=-361.17999267578125, 5%=-350.1499938964844, 10%=-342.1000061035156, 25%=-334.25, 50%=-318.0, 75%=-291.75, 90%=-274.0, 95%=-265.9000244140625, 98%=-241.95999145507812
ranking_best_algo: CMApara
ranking_best_score: 344.22
ranking_my_rank: 261/504 (48.4%)
ranking_my_percent: 48.41269841269841
