ConfigName: kjsd__advperagentrankweighted__M6__L8__eps0p03__g0p0003__ds0p2__dm0p05
Problem: QUBO
Kernel: jsd
Advantage: peragentrankweighted
M: 6
lambda: 8
epsilon_svgd: 0.03
gamma: 0.0003
decay_start_ratio: 0.2
decay_min_factor: 0.05
bandwith_kernel: None
no_interact: False
avg_score: -147.9600067138672
median_score: -147.0
std_score: 13.346099853515625
percentiles: 2%=-179.0, 5%=-179.0, 10%=-160.0, 25%=-154.25, 50%=-147.0, 75%=-140.75, 90%=-134.89999389648438, 95%=-128.89999389648438, 98%=-116.94000244140625
ranking_best_algo: CMApara
ranking_best_score: 154.28
ranking_my_rank: 86/504 (83.1%)
ranking_my_percent: 83.13492063492063
