ConfigName: kjsd__advperagentrankweighted__M5__L8__eps0p005__g0p0007__ds0p2__dm0p2
Problem: QUBO
Kernel: jsd
Advantage: peragentrankweighted
M: 5
lambda: 8
epsilon_svgd: 0.005
gamma: 0.0007
decay_start_ratio: 0.2
decay_min_factor: 0.2
bandwith_kernel: None
no_interact: False
avg_score: -1222.3199462890625
median_score: -1221.5
std_score: 62.40318298339844
percentiles: 2%=-1351.1600341796875, 5%=-1329.800048828125, 10%=-1304.4000244140625, 25%=-1272.25, 50%=-1221.5, 75%=-1169.75, 90%=-1144.800048828125, 95%=-1132.5999755859375, 98%=-1109.93994140625
ranking_best_algo: SVMMetaModelLogNormal
ranking_best_score: 1233.7999999999997
ranking_my_rank: 16/504 (97.0%)
ranking_my_percent: 97.02380952380952
