ConfigName: kfr__advglobalrankweighted__M3__L9__eps0p01__g0p003__ds0p01__dm0p01
Problem: QUBO
Kernel: fr
Advantage: globalrankweighted
M: 3
lambda: 9
epsilon_svgd: 0.01
gamma: 0.003
decay_start_ratio: 0.01
decay_min_factor: 0.01
bandwith_kernel: None
no_interact: False
avg_score: -199.05999755859375
median_score: -199.5
std_score: 13.36998176574707
percentiles: 2%=-222.0, 5%=-219.10000610351562, 10%=-218.0, 25%=-210.25, 50%=-199.5, 75%=-187.75, 90%=-180.0, 95%=-178.95001220703125, 98%=-174.97999572753906
ranking_best_algo: Tabu
ranking_best_score: 208.36000000000004
ranking_my_rank: 86/504 (83.1%)
ranking_my_percent: 83.13492063492063
