ConfigName: kjsd__advperagentrankweighted__M3__L20__eps0p007__g0p0007__ds0p1__dm0p2
Problem: NK
Kernel: jsd
Advantage: peragentrankweighted
M: 3
lambda: 20
epsilon_svgd: 0.007
gamma: 0.0007
decay_start_ratio: 0.1
decay_min_factor: 0.2
bandwith_kernel: None
no_interact: False
avg_score: 0.7526413202285767
median_score: 0.7521902322769165
std_score: 0.014492141082882881
percentiles: 2%=0.7264865040779114, 5%=0.7297402620315552, 10%=0.735470712184906, 25%=0.7448336482048035, 50%=0.7521902322769165, 75%=0.7604984045028687, 90%=0.7716645002365112, 95%=0.7767261266708374, 98%=0.7832459807395935
ranking_best_algo: Tabu
ranking_best_score: 0.7657846284375001
ranking_my_rank: 10/504 (98.2%)
ranking_my_percent: 98.21428571428571
