ConfigName: kjsd__advperagentrankweighted__M3__L16__eps0p007__g0p003__ds0p05__dm0p1
Problem: QUBO
Kernel: jsd
Advantage: peragentrankweighted
M: 3
lambda: 16
epsilon_svgd: 0.007
gamma: 0.003
decay_start_ratio: 0.05
decay_min_factor: 0.1
bandwith_kernel: None
no_interact: False
avg_score: -140.02000427246094
median_score: -142.0
std_score: 10.857237815856934
percentiles: 2%=-158.0, 5%=-158.0, 10%=-155.0, 25%=-148.25, 50%=-142.0, 75%=-130.0, 90%=-127.0, 95%=-125.0, 98%=-119.9800033569336
ranking_best_algo: DiscreteDE
ranking_best_score: 143.4
ranking_my_rank: 80/504 (84.3%)
ranking_my_percent: 84.32539682539682
