ConfigName: kjsd__advperagentrankweighted__M3__L16__eps0p005__g0p003__ds0p05__dm0p1
Problem: QUBO
Kernel: jsd
Advantage: peragentrankweighted
M: 3
lambda: 16
epsilon_svgd: 0.005
gamma: 0.003
decay_start_ratio: 0.05
decay_min_factor: 0.1
bandwith_kernel: None
no_interact: False
avg_score: -418.4800109863281
median_score: -421.0
std_score: 27.578428268432617
percentiles: 2%=-467.1199951171875, 5%=-463.0, 10%=-454.1000061035156, 25%=-439.5, 50%=-421.0, 75%=-400.25, 90%=-381.8999938964844, 95%=-372.8500061035156, 98%=-364.82000732421875
ranking_best_algo: CMAL3
ranking_best_score: 435.36
ranking_my_rank: 95/504 (81.3%)
ranking_my_percent: 81.34920634920636
