ConfigName: kjsd__advperagentrankweighted__M3__L24__eps0p005__g0p0005__ds0p2__dm0p2
Problem: QUBO
Kernel: jsd
Advantage: peragentrankweighted
M: 3
lambda: 24
epsilon_svgd: 0.005
gamma: 0.0005
decay_start_ratio: 0.2
decay_min_factor: 0.2
bandwith_kernel: None
no_interact: False
avg_score: -308.1400146484375
median_score: -305.0
std_score: 39.050994873046875
percentiles: 2%=-394.0400085449219, 5%=-386.29998779296875, 10%=-353.0, 25%=-332.5, 50%=-305.0, 75%=-274.0, 90%=-268.0, 95%=-261.6000061035156, 98%=-249.9600067138672
ranking_best_algo: CMApara
ranking_best_score: 319.29999999999995
ranking_my_rank: 91/504 (82.1%)
ranking_my_percent: 82.14285714285714
