ConfigName: kfr__advglobalrankweighted__M4__L15__eps0p01__g0p005__ds0p01__dm0p01
Problem: QUBO
Kernel: fr
Advantage: globalrankweighted
M: 4
lambda: 15
epsilon_svgd: 0.01
gamma: 0.005
decay_start_ratio: 0.01
decay_min_factor: 0.01
bandwith_kernel: None
no_interact: False
avg_score: -1421.8599853515625
median_score: -1418.5
std_score: 84.51935577392578
percentiles: 2%=-1600.6199951171875, 5%=-1570.050048828125, 10%=-1531.300048828125, 25%=-1475.5, 50%=-1418.5, 75%=-1357.0, 90%=-1329.9000244140625, 95%=-1310.8499755859375, 98%=-1279.999755859375
ranking_best_algo: NLOPT_LN_PRAXIS
ranking_best_score: 1607.12
ranking_my_rank: 99/504 (80.6%)
ranking_my_percent: 80.55555555555556
