ConfigName: krbf__advglobalrankweighted__M4__L11__eps0p015__g0p007__ds0p01__dm0p01
Problem: QUBO
Kernel: rbf
Advantage: globalrankweighted
M: 4
lambda: 11
epsilon_svgd: 0.015
gamma: 0.007
decay_start_ratio: 0.01
decay_min_factor: 0.01
bandwith_kernel: None
no_interact: False
avg_score: -438.3800048828125
median_score: -438.0
std_score: 28.38266372680664
percentiles: 2%=-498.0, 5%=-492.0, 10%=-472.29998779296875, 25%=-461.0, 50%=-438.0, 75%=-414.75, 90%=-403.70001220703125, 95%=-398.9000244140625, 98%=-383.0
ranking_best_algo: CMApara
ranking_best_score: 453.82
ranking_my_rank: 20/504 (96.2%)
ranking_my_percent: 96.23015873015873
