ConfigName: kjsd__advperagentrankweighted__M4__L8__eps0p03__g0p0005__ds0p2__dm0p05
Problem: NK
Kernel: jsd
Advantage: peragentrankweighted
M: 4
lambda: 8
epsilon_svgd: 0.03
gamma: 0.0005
decay_start_ratio: 0.2
decay_min_factor: 0.05
bandwith_kernel: None
no_interact: False
avg_score: 0.7318389415740967
median_score: 0.7312007546424866
std_score: 0.013332003727555275
percentiles: 2%=0.7070774435997009, 5%=0.7099535465240479, 10%=0.7141757011413574, 25%=0.723137378692627, 50%=0.7312007546424866, 75%=0.740148663520813, 90%=0.749110758304596, 95%=0.7562383413314819, 98%=0.7610026001930237
ranking_best_algo: Tabu
ranking_best_score: 0.7470791764843752
ranking_my_rank: 51/504 (90.1%)
ranking_my_percent: 90.07936507936508
