ConfigName: krbf__advnormalizedfitness__M4__L10__eps0p033__g0p007__ds0p15__dm0p3
Problem: QUBO
Kernel: rbf
Advantage: normalizedfitness
M: 4
lambda: 10
epsilon_svgd: 0.033
gamma: 0.007
decay_start_ratio: 0.15
decay_min_factor: 0.3
bandwith_kernel: None
no_interact: False
avg_score: -927.239990234375
median_score: -926.0
std_score: 65.22025299072266
percentiles: 2%=-1078.0, 5%=-1054.699951171875, 10%=-1011.4000244140625, 25%=-963.75, 50%=-926.0, 75%=-884.0, 90%=-848.2000122070312, 95%=-826.800048828125, 98%=-820.8800048828125
ranking_best_algo: CMApara
ranking_best_score: 964.9
ranking_my_rank: 21/504 (96.0%)
ranking_my_percent: 96.03174603174604
