ConfigName: krbf__advnormalizedfitness__M4__L15__eps0p033__g0p01__ds0p15__dm0p01
Problem: NK
Kernel: rbf
Advantage: normalizedfitness
M: 4
lambda: 15
epsilon_svgd: 0.033
gamma: 0.01
decay_start_ratio: 0.15
decay_min_factor: 0.01
bandwith_kernel: None
no_interact: False
avg_score: 0.7447234392166138
median_score: 0.7408133745193481
std_score: 0.028507189825177193
percentiles: 2%=0.7057291865348816, 5%=0.7057815790176392, 10%=0.7105064988136292, 25%=0.7214586734771729, 50%=0.7408133745193481, 75%=0.7580187320709229, 90%=0.7756714224815369, 95%=0.8118547797203064, 98%=0.8118547797203064
ranking_best_algo: CMApara
ranking_best_score: 0.7459277895312499
ranking_my_rank: 3/504 (99.6%)
ranking_my_percent: 99.60317460317461
