ConfigName: krbf__advnormalizedfitness__M3__L15__eps0p033__g0p007__ds0p01__dm0p3
Problem: QUBO
Kernel: rbf
Advantage: normalizedfitness
M: 3
lambda: 15
epsilon_svgd: 0.033
gamma: 0.007
decay_start_ratio: 0.01
decay_min_factor: 0.3
bandwith_kernel: None
no_interact: False
avg_score: -138.24000549316406
median_score: -139.0
std_score: 11.81788444519043
percentiles: 2%=-158.0, 5%=-156.0, 10%=-153.10000610351562, 25%=-146.0, 50%=-139.0, 75%=-130.0, 90%=-124.80000305175781, 95%=-118.7500228881836, 98%=-112.87997436523438
ranking_best_algo: DiscreteDE
ranking_best_score: 143.4
ranking_my_rank: 110/504 (78.4%)
ranking_my_percent: 78.37301587301587
