ConfigName: krbf__advnormalizedfitness__M4__L10__eps0p033__g0p005__ds0p01__dm0p3
Problem: NK
Kernel: rbf
Advantage: normalizedfitness
M: 4
lambda: 10
epsilon_svgd: 0.033
gamma: 0.005
decay_start_ratio: 0.01
decay_min_factor: 0.3
bandwith_kernel: None
no_interact: False
avg_score: 0.7430907487869263
median_score: 0.7437965273857117
std_score: 0.014090897515416145
percentiles: 2%=0.7118704319000244, 5%=0.7228018045425415, 10%=0.7293978929519653, 25%=0.7352060079574585, 50%=0.7437965273857117, 75%=0.7508023977279663, 90%=0.7602216601371765, 95%=0.7637523412704468, 98%=0.7746866941452026
ranking_best_algo: Tabu
ranking_best_score: 0.7601875690625
ranking_my_rank: 8/504 (98.6%)
ranking_my_percent: 98.61111111111111
