ConfigName: kjsd__advperagentrankweighted__M3__L20__eps0p005__g0p001__ds0p05__dm0p05
Problem: QUBO
Kernel: jsd
Advantage: peragentrankweighted
M: 3
lambda: 20
epsilon_svgd: 0.005
gamma: 0.001
decay_start_ratio: 0.05
decay_min_factor: 0.05
bandwith_kernel: None
no_interact: False
avg_score: -331.79998779296875
median_score: -334.0
std_score: 20.38234519958496
percentiles: 2%=-372.0, 5%=-357.6499938964844, 10%=-354.0, 25%=-343.0, 50%=-334.0, 75%=-320.75, 90%=-305.3999938964844, 95%=-290.0, 98%=-289.79998779296875
ranking_best_algo: CMApara
ranking_best_score: 344.22
ranking_my_rank: 76/504 (85.1%)
ranking_my_percent: 85.11904761904762
