ConfigName: kjsd__advperagentrankweighted__M5__L8__eps0p01__g0p003__ds0p4__dm0p2
Problem: QUBO
Kernel: jsd
Advantage: peragentrankweighted
M: 5
lambda: 8
epsilon_svgd: 0.01
gamma: 0.003
decay_start_ratio: 0.4
decay_min_factor: 0.2
bandwith_kernel: None
no_interact: False
avg_score: -200.9199981689453
median_score: -200.5
std_score: 12.995137214660645
percentiles: 2%=-224.0, 5%=-224.0, 10%=-219.1999969482422, 25%=-211.0, 50%=-200.5, 75%=-192.0, 90%=-184.0, 95%=-179.9499969482422, 98%=-176.0
ranking_best_algo: Tabu
ranking_best_score: 208.36000000000004
ranking_my_rank: 44/504 (91.5%)
ranking_my_percent: 91.46825396825396
