ConfigName: krbf__advnormalizedfitness__M3__L10__eps0p015__g0p007__ds0p01__dm0p3
Problem: QUBO
Kernel: rbf
Advantage: normalizedfitness
M: 3
lambda: 10
epsilon_svgd: 0.015
gamma: 0.007
decay_start_ratio: 0.01
decay_min_factor: 0.3
bandwith_kernel: None
no_interact: False
avg_score: -1406.3199462890625
median_score: -1399.5
std_score: 108.72164916992188
percentiles: 2%=-1633.52001953125, 5%=-1601.199951171875, 10%=-1542.4000244140625, 25%=-1475.75, 50%=-1399.5, 75%=-1326.0, 90%=-1289.4000244140625, 95%=-1219.0, 98%=-1192.4798583984375
ranking_best_algo: NLOPT_LN_PRAXIS
ranking_best_score: 1607.12
ranking_my_rank: 144/504 (71.6%)
ranking_my_percent: 71.62698412698413
