ConfigName: kjsd__advperagentrankweighted__M10__L12__eps0p008__g0p0005__ds0p3__dm0p05
Problem: NK
Kernel: jsd
Advantage: peragentrankweighted
M: 10
lambda: 12
epsilon_svgd: 0.008
gamma: 0.0005
decay_start_ratio: 0.3
decay_min_factor: 0.05
bandwith_kernel: None
no_interact: False
avg_score: 0.7108520269393921
median_score: 0.7113419771194458
std_score: 0.015202495269477367
percentiles: 2%=0.6728981137275696, 5%=0.6736429333686829, 10%=0.6970995664596558, 25%=0.707351803779602, 50%=0.7113419771194458, 75%=0.7197741270065308, 90%=0.7255373597145081, 95%=0.7328460216522217, 98%=0.7335193157196045
ranking_best_algo: CMApara
ranking_best_score: 0.707475975
ranking_my_rank: 1/504 (100.0%)
ranking_my_percent: 100.0
