ConfigName: krbf__advnormalizedfitness__M1__L8__eps0p015__g0p015__ds0p15__dm0p3
Problem: QUBO
Kernel: rbf
Advantage: normalizedfitness
M: 1
lambda: 8
epsilon_svgd: 0.015
gamma: 0.015
decay_start_ratio: 0.15
decay_min_factor: 0.3
bandwith_kernel: None
no_interact: False
avg_score: -571.1599731445312
median_score: -570.0
std_score: 30.006237030029297
percentiles: 2%=-629.1599731445312, 5%=-621.0999755859375, 10%=-608.2999877929688, 25%=-592.25, 50%=-570.0, 75%=-548.5, 90%=-533.1000366210938, 95%=-521.9000244140625, 98%=-512.9199829101562
ranking_best_algo: Tabu
ranking_best_score: 588.7199999999999
ranking_my_rank: 62/503 (87.9%)
ranking_my_percent: 87.8727634194831
