ConfigName: kjsd__advperagentrankweighted__M4__L12__eps0p005__g0p0007__ds0p2__dm0p2
Problem: QUBO
Kernel: jsd
Advantage: peragentrankweighted
M: 4
lambda: 12
epsilon_svgd: 0.005
gamma: 0.0007
decay_start_ratio: 0.2
decay_min_factor: 0.2
bandwith_kernel: None
no_interact: False
avg_score: -427.44000244140625
median_score: -424.0
std_score: 28.450069427490234
percentiles: 2%=-479.1199951171875, 5%=-477.0, 10%=-469.20001220703125, 25%=-446.5, 50%=-424.0, 75%=-412.5, 90%=-389.0, 95%=-383.0, 98%=-366.7799987792969
ranking_best_algo: CMAL3
ranking_best_score: 435.36
ranking_my_rank: 19/504 (96.4%)
ranking_my_percent: 96.42857142857143
