ConfigName: krbf__advglobalrankweighted__M4__L9__eps0p02__g0p003__ds0p01__dm0p01
Problem: QUBO
Kernel: rbf
Advantage: globalrankweighted
M: 4
lambda: 9
epsilon_svgd: 0.02
gamma: 0.003
decay_start_ratio: 0.01
decay_min_factor: 0.01
bandwith_kernel: None
no_interact: False
avg_score: -2615.919921875
median_score: -2620.0
std_score: 132.39877319335938
percentiles: 2%=-2868.10009765625, 5%=-2822.64990234375, 10%=-2787.199951171875, 25%=-2714.25, 50%=-2620.0, 75%=-2523.0, 90%=-2454.699951171875, 95%=-2410.000244140625, 98%=-2328.539794921875
ranking_best_algo: DiscreteLengler2OnePlusOne
ranking_best_score: 2617.04
ranking_my_rank: 2/504 (99.8%)
ranking_my_percent: 99.8015873015873
