ConfigName: kjsd__advperagentrankweighted__M4__L8__eps0p01__g0p0005__ds0p4__dm0p05
Problem: QUBO
Kernel: jsd
Advantage: peragentrankweighted
M: 4
lambda: 8
epsilon_svgd: 0.01
gamma: 0.0005
decay_start_ratio: 0.4
decay_min_factor: 0.05
bandwith_kernel: None
no_interact: False
avg_score: -329.9800109863281
median_score: -334.0
std_score: 22.462406158447266
percentiles: 2%=-372.0, 5%=-372.0, 10%=-354.0, 25%=-343.0, 50%=-334.0, 75%=-317.5, 90%=-299.79998779296875, 95%=-290.95001220703125, 98%=-286.6199951171875
ranking_best_algo: CMApara
ranking_best_score: 344.22
ranking_my_rank: 79/504 (84.5%)
ranking_my_percent: 84.52380952380952
