ConfigName: kjsd__advperagentrankweighted__M5__L10__eps0p03__g0p0007__ds0p2__dm0p05
Problem: NK
Kernel: jsd
Advantage: peragentrankweighted
M: 5
lambda: 10
epsilon_svgd: 0.03
gamma: 0.0007
decay_start_ratio: 0.2
decay_min_factor: 0.05
bandwith_kernel: None
no_interact: False
avg_score: 0.704866349697113
median_score: 0.7073482275009155
std_score: 0.012023062445223331
percentiles: 2%=0.6834514737129211, 5%=0.6846869587898254, 10%=0.6873390674591064, 25%=0.6944001913070679, 50%=0.7073482275009155, 75%=0.7145813703536987, 90%=0.7189376354217529, 95%=0.7210624814033508, 98%=0.7238722443580627
ranking_best_algo: PBIL
ranking_best_score: 0.7013553837109374
ranking_my_rank: 1/504 (100.0%)
ranking_my_percent: 100.0
