ConfigName: krbf__advnormalizedfitness__M4__L8__eps0p025__g0p01__ds0p01__dm0p01
Problem: QUBO
Kernel: rbf
Advantage: normalizedfitness
M: 4
lambda: 8
epsilon_svgd: 0.025
gamma: 0.01
decay_start_ratio: 0.01
decay_min_factor: 0.01
bandwith_kernel: None
no_interact: False
avg_score: -418.29998779296875
median_score: -419.0
std_score: 24.53304100036621
percentiles: 2%=-463.1199951171875, 5%=-454.3500061035156, 10%=-449.29998779296875, 25%=-434.25, 50%=-419.0, 75%=-405.5, 90%=-388.0, 95%=-379.8000183105469, 98%=-369.7199401855469
ranking_best_algo: Tabu
ranking_best_score: 438.12
ranking_my_rank: 37/504 (92.9%)
ranking_my_percent: 92.85714285714286
