ConfigName: krbf__advnormalizedfitness__M4__L10__eps0p015__g0p015__ds0p01__dm0p3
Problem: QUBO
Kernel: rbf
Advantage: normalizedfitness
M: 4
lambda: 10
epsilon_svgd: 0.015
gamma: 0.015
decay_start_ratio: 0.01
decay_min_factor: 0.3
bandwith_kernel: None
no_interact: False
avg_score: -517.5800170898438
median_score: -509.5
std_score: 53.566810607910156
percentiles: 2%=-640.3599853515625, 5%=-607.2000122070312, 10%=-577.5999755859375, 25%=-545.0, 50%=-509.5, 75%=-480.75, 90%=-462.79998779296875, 95%=-453.2000732421875, 98%=-425.97998046875
ranking_best_algo: Tabu
ranking_best_score: 1216.16
ranking_my_rank: 393/504 (22.2%)
ranking_my_percent: 22.22222222222222
