ConfigName: kjsd__advperagentrankweighted__M3__L20__eps0p005__g0p001__ds0p05__dm0p1
Problem: QUBO
Kernel: jsd
Advantage: peragentrankweighted
M: 3
lambda: 20
epsilon_svgd: 0.005
gamma: 0.001
decay_start_ratio: 0.05
decay_min_factor: 0.1
bandwith_kernel: None
no_interact: False
avg_score: -427.8999938964844
median_score: -429.0
std_score: 24.218793869018555
percentiles: 2%=-471.0, 5%=-466.1499938964844, 10%=-461.0, 25%=-443.0, 50%=-429.0, 75%=-412.75, 90%=-400.70001220703125, 95%=-386.70001220703125, 98%=-371.9800109863281
ranking_best_algo: CMAL3
ranking_best_score: 435.36
ranking_my_rank: 16/504 (97.0%)
ranking_my_percent: 97.02380952380952
