ConfigName: kjsd__advperagentrankweighted__M4__L12__eps0p01__g0p0005__ds0p4__dm0p05
Problem: NK
Kernel: jsd
Advantage: peragentrankweighted
M: 4
lambda: 12
epsilon_svgd: 0.01
gamma: 0.0005
decay_start_ratio: 0.4
decay_min_factor: 0.05
bandwith_kernel: None
no_interact: False
avg_score: 0.7372524738311768
median_score: 0.735830545425415
std_score: 0.014642825350165367
percentiles: 2%=0.7122737765312195, 5%=0.7183969616889954, 10%=0.7207719683647156, 25%=0.7281430959701538, 50%=0.735830545425415, 75%=0.7450337409973145, 90%=0.7573375701904297, 95%=0.7623481154441833, 98%=0.7696433663368225
ranking_best_algo: Tabu
ranking_best_score: 0.7601875690625
ranking_my_rank: 20/504 (96.2%)
ranking_my_percent: 96.23015873015873
