ConfigName: krbf__advnormalizedfitness__M3__L8__eps0p033__g0p015__ds0p3__dm0p3
Problem: QUBO
Kernel: rbf
Advantage: normalizedfitness
M: 3
lambda: 8
epsilon_svgd: 0.033
gamma: 0.015
decay_start_ratio: 0.3
decay_min_factor: 0.3
bandwith_kernel: None
no_interact: False
avg_score: -414.29998779296875
median_score: -412.0
std_score: 27.601991653442383
percentiles: 2%=-473.0, 5%=-467.1000061035156, 10%=-452.0, 25%=-431.0, 50%=-412.0, 75%=-397.5, 90%=-378.0, 95%=-371.8000183105469, 98%=-361.91998291015625
ranking_best_algo: Tabu
ranking_best_score: 438.12
ranking_my_rank: 57/504 (88.9%)
ranking_my_percent: 88.88888888888889
