ConfigName: kfr__advglobalrankweighted__M4__L5__eps0p06__g0p005__ds0p01__dm0p01
Problem: NK
Kernel: fr
Advantage: globalrankweighted
M: 4
lambda: 5
epsilon_svgd: 0.06
gamma: 0.005
decay_start_ratio: 0.01
decay_min_factor: 0.01
bandwith_kernel: None
no_interact: False
avg_score: 0.7316626906394958
median_score: 0.7341040968894958
std_score: 0.010630334727466106
percentiles: 2%=0.706268310546875, 5%=0.7148420810699463, 10%=0.7171606421470642, 25%=0.7251027226448059, 50%=0.7341040968894958, 75%=0.7397629022598267, 90%=0.7430995106697083, 95%=0.7440596222877502, 98%=0.7465271949768066
ranking_best_algo: PBIL
ranking_best_score: 0.730509098125
ranking_my_rank: 1/504 (100.0%)
ranking_my_percent: 100.0
