ConfigName: kjsd__advperagentrankweighted__M3__L24__eps0p007__g0p0005__ds0p1__dm0p05
Problem: QUBO
Kernel: jsd
Advantage: peragentrankweighted
M: 3
lambda: 24
epsilon_svgd: 0.007
gamma: 0.0005
decay_start_ratio: 0.1
decay_min_factor: 0.05
bandwith_kernel: None
no_interact: False
avg_score: -138.52000427246094
median_score: -142.0
std_score: 12.794123649597168
percentiles: 2%=-158.02000427246094, 5%=-157.0500030517578, 10%=-154.0, 25%=-148.0, 50%=-142.0, 75%=-130.0, 90%=-123.0, 95%=-114.94999694824219, 98%=-106.95999908447266
ranking_best_algo: DiscreteDE
ranking_best_score: 143.4
ranking_my_rank: 100/504 (80.4%)
ranking_my_percent: 80.35714285714286
