ConfigName: kfr__advglobalrankweighted__M2__L11__eps0p02__g0p003__ds0p01__dm0p01
Problem: QUBO
Kernel: fr
Advantage: globalrankweighted
M: 2
lambda: 11
epsilon_svgd: 0.02
gamma: 0.003
decay_start_ratio: 0.01
decay_min_factor: 0.01
bandwith_kernel: None
no_interact: False
avg_score: -322.260009765625
median_score: -325.0
std_score: 25.23989486694336
percentiles: 2%=-368.0799865722656, 5%=-354.0, 10%=-350.0, 25%=-342.0, 50%=-325.0, 75%=-304.75, 90%=-292.0, 95%=-281.9000244140625, 98%=-267.7199401855469
ranking_best_algo: CMApara
ranking_best_score: 344.22
ranking_my_rank: 142/504 (72.0%)
ranking_my_percent: 72.02380952380952
