ConfigName: kjsd__advperagentrankweighted__M4__L8__eps0p005__g0p0003__ds0p2__dm0p05
Problem: NK
Kernel: jsd
Advantage: peragentrankweighted
M: 4
lambda: 8
epsilon_svgd: 0.005
gamma: 0.0003
decay_start_ratio: 0.2
decay_min_factor: 0.05
bandwith_kernel: None
no_interact: False
avg_score: 0.7274531722068787
median_score: 0.7276102304458618
std_score: 0.009045474231243134
percentiles: 2%=0.7087742686271667, 5%=0.7103456258773804, 10%=0.7144254446029663, 25%=0.7227736115455627, 50%=0.7276102304458618, 75%=0.7343161106109619, 90%=0.7376741170883179, 95%=0.7407055497169495, 98%=0.7439490556716919
ranking_best_algo: Tabu
ranking_best_score: 0.7429702712499999
ranking_my_rank: 2/504 (99.8%)
ranking_my_percent: 99.8015873015873
