ConfigName: kjsd__advperagentrankweighted__M10__L28__eps0p008__g0p0005__ds0p3__dm0p05
Problem: NK
Kernel: jsd
Advantage: peragentrankweighted
M: 10
lambda: 28
epsilon_svgd: 0.008
gamma: 0.0005
decay_start_ratio: 0.3
decay_min_factor: 0.05
bandwith_kernel: None
no_interact: False
avg_score: 0.7232592105865479
median_score: 0.7258131504058838
std_score: 0.011825627647340298
percentiles: 2%=0.6967509984970093, 5%=0.7039182186126709, 10%=0.7074901461601257, 25%=0.7137284278869629, 50%=0.7258131504058838, 75%=0.7321335077285767, 90%=0.7368446588516235, 95%=0.7403445243835449, 98%=0.7428235411643982
ranking_best_algo: PBIL
ranking_best_score: 0.730509098125
ranking_my_rank: 21/504 (96.0%)
ranking_my_percent: 96.03174603174604
