ConfigName: kjsd__advperagentrankweighted__M4__L12__eps0p02__g0p0005__ds0p05__dm0p05
Problem: QUBO
Kernel: jsd
Advantage: peragentrankweighted
M: 4
lambda: 12
epsilon_svgd: 0.02
gamma: 0.0005
decay_start_ratio: 0.05
decay_min_factor: 0.05
bandwith_kernel: None
no_interact: False
avg_score: -571.6799926757812
median_score: -568.5
std_score: 28.334741592407227
percentiles: 2%=-625.239990234375, 5%=-619.2000122070312, 10%=-610.0999755859375, 25%=-592.0, 50%=-568.5, 75%=-549.75, 90%=-540.7999877929688, 95%=-529.6500244140625, 98%=-519.8800048828125
ranking_best_algo: Tabu
ranking_best_score: 588.7199999999999
ranking_my_rank: 62/503 (87.9%)
ranking_my_percent: 87.8727634194831
