ConfigName: kjsd__advperagentrankweighted__M4__L24__eps0p02__g0p0005__ds0p2__dm0p05
Problem: NK
Kernel: jsd
Advantage: peragentrankweighted
M: 4
lambda: 24
epsilon_svgd: 0.02
gamma: 0.0005
decay_start_ratio: 0.2
decay_min_factor: 0.05
bandwith_kernel: None
no_interact: False
avg_score: 0.7287728786468506
median_score: 0.7281608581542969
std_score: 0.008520198054611683
percentiles: 2%=0.7141687273979187, 5%=0.7158635258674622, 10%=0.7182676196098328, 25%=0.7219489216804504, 50%=0.7281608581542969, 75%=0.734295666217804, 90%=0.7403588891029358, 95%=0.7430233955383301, 98%=0.7457039952278137
ranking_best_algo: Tabu
ranking_best_score: 0.7429702712499999
ranking_my_rank: 2/504 (99.8%)
ranking_my_percent: 99.8015873015873
