ConfigName: kjsd__advperagentrankweighted__M5__L12__eps0p02__g0p0003__ds0p2__dm0p05
Problem: NK
Kernel: jsd
Advantage: peragentrankweighted
M: 5
lambda: 12
epsilon_svgd: 0.02
gamma: 0.0003
decay_start_ratio: 0.2
decay_min_factor: 0.05
bandwith_kernel: None
no_interact: False
avg_score: 0.7287328839302063
median_score: 0.7291194796562195
std_score: 0.008174990303814411
percentiles: 2%=0.7116623520851135, 5%=0.7151143550872803, 10%=0.7181154489517212, 25%=0.7227828502655029, 50%=0.7291194796562195, 75%=0.7335814833641052, 90%=0.7390488982200623, 95%=0.7414869666099548, 98%=0.7438666224479675
ranking_best_algo: PBIL
ranking_best_score: 0.7248786399609374
ranking_my_rank: 1/504 (100.0%)
ranking_my_percent: 100.0
