ConfigName: krbf__advnormalizedfitness__M2__L8__eps0p025__g0p007__ds0p15__dm0p01
Problem: QUBO
Kernel: rbf
Advantage: normalizedfitness
M: 2
lambda: 8
epsilon_svgd: 0.025
gamma: 0.007
decay_start_ratio: 0.15
decay_min_factor: 0.01
bandwith_kernel: None
no_interact: False
avg_score: -1295.06005859375
median_score: -1296.0
std_score: 63.44081115722656
percentiles: 2%=-1413.4000244140625, 5%=-1401.300048828125, 10%=-1386.300048828125, 25%=-1341.25, 50%=-1296.0, 75%=-1251.75, 90%=-1212.0, 95%=-1184.699951171875, 98%=-1170.9599609375
ranking_best_algo: BigLognormalDiscreteOnePlusOne
ranking_best_score: 1301.3600000000004
ranking_my_rank: 2/504 (99.8%)
ranking_my_percent: 99.8015873015873
