ConfigName: krbf__advnormalizedfitness__M5__L8__eps0p03__g0p005__ds0p05__dm0p05
Problem: QUBO
Kernel: rbf
Advantage: normalizedfitness
M: 5
lambda: 8
epsilon_svgd: 0.03
gamma: 0.005
decay_start_ratio: 0.05
decay_min_factor: 0.05
bandwith_kernel: None
no_interact: False
avg_score: -905.2000122070312
median_score: -906.5
std_score: 61.33955001831055
percentiles: 2%=-1022.0399780273438, 5%=-1007.7000122070312, 10%=-985.0999755859375, 25%=-951.5, 50%=-906.5, 75%=-855.75, 90%=-828.7999877929688, 95%=-810.7999877929688, 98%=-794.760009765625
ranking_best_algo: CMAL3
ranking_best_score: 928.5800000000002
ranking_my_rank: 64/504 (87.5%)
ranking_my_percent: 87.5
