ConfigName: kjsd__advperagentrankweighted__M4__L8__eps0p02__g0p0003__ds0p05__dm0p05
Problem: QUBO
Kernel: jsd
Advantage: peragentrankweighted
M: 4
lambda: 8
epsilon_svgd: 0.02
gamma: 0.0003
decay_start_ratio: 0.05
decay_min_factor: 0.05
bandwith_kernel: None
no_interact: False
avg_score: -302.5199890136719
median_score: -301.0
std_score: 39.60971450805664
percentiles: 2%=-388.0799865722656, 5%=-384.0, 10%=-356.20001220703125, 25%=-328.0, 50%=-301.0, 75%=-268.0, 90%=-259.0, 95%=-246.85000610351562, 98%=-242.0
ranking_best_algo: CMApara
ranking_best_score: 319.29999999999995
ranking_my_rank: 216/504 (57.3%)
ranking_my_percent: 57.34126984126984
