ConfigName: krbf__advnormalizedfitness__M4__L12__eps0p033__g0p005__ds0p15__dm0p01
Problem: QUBO
Kernel: rbf
Advantage: normalizedfitness
M: 4
lambda: 12
epsilon_svgd: 0.033
gamma: 0.005
decay_start_ratio: 0.15
decay_min_factor: 0.01
bandwith_kernel: None
no_interact: False
avg_score: -1190.800048828125
median_score: -1192.5
std_score: 75.03292846679688
percentiles: 2%=-1332.0999755859375, 5%=-1319.0999755859375, 10%=-1286.5, 25%=-1248.0, 50%=-1192.5, 75%=-1134.75, 90%=-1096.800048828125, 95%=-1078.10009765625, 98%=-1050.699951171875
ranking_best_algo: SVMMetaModelLogNormal
ranking_best_score: 1233.7999999999997
ranking_my_rank: 58/504 (88.7%)
ranking_my_percent: 88.69047619047619
