ConfigName: krbf__advnormalizedfitness__M1__L8__eps0p033__g0p005__ds0p01__dm0p3
Problem: NK
Kernel: rbf
Advantage: normalizedfitness
M: 1
lambda: 8
epsilon_svgd: 0.033
gamma: 0.005
decay_start_ratio: 0.01
decay_min_factor: 0.3
bandwith_kernel: None
no_interact: False
avg_score: 0.7165213227272034
median_score: 0.7168263792991638
std_score: 0.009864408522844315
percentiles: 2%=0.6966577172279358, 5%=0.701921284198761, 10%=0.7037762999534607, 25%=0.7109426856040955, 50%=0.7168263792991638, 75%=0.7228637337684631, 90%=0.7287260890007019, 95%=0.7313486337661743, 98%=0.7360585927963257
ranking_best_algo: PBIL
ranking_best_score: 0.7248786399609374
ranking_my_rank: 47/504 (90.9%)
ranking_my_percent: 90.87301587301587
