ConfigName: krbf__advnormalizedfitness__M3__L15__eps0p03__g0p005__ds0p15__dm0p05
Problem: QUBO
Kernel: rbf
Advantage: normalizedfitness
M: 3
lambda: 15
epsilon_svgd: 0.03
gamma: 0.005
decay_start_ratio: 0.15
decay_min_factor: 0.05
bandwith_kernel: None
no_interact: False
avg_score: -3221.860107421875
median_score: -3223.0
std_score: 139.90618896484375
percentiles: 2%=-3515.10009765625, 5%=-3437.699951171875, 10%=-3378.300048828125, 25%=-3315.5, 50%=-3223.0, 75%=-3135.75, 90%=-3036.60009765625, 95%=-3002.14990234375, 98%=-2924.699951171875
ranking_best_algo: RLSOnePlusOne
ranking_best_score: 3316.5199999999995
ranking_my_rank: 43/504 (91.7%)
ranking_my_percent: 91.66666666666667
