ConfigName: kjsd__advperagentrankweighted__M2__L20__eps0p005__g0p0005__ds0p05__dm0p1
Problem: QUBO
Kernel: jsd
Advantage: peragentrankweighted
M: 2
lambda: 20
epsilon_svgd: 0.005
gamma: 0.0005
decay_start_ratio: 0.05
decay_min_factor: 0.1
bandwith_kernel: None
no_interact: False
avg_score: -408.8999938964844
median_score: -407.5
std_score: 28.3667049407959
percentiles: 2%=-473.0400085449219, 5%=-457.1000061035156, 10%=-449.20001220703125, 25%=-427.25, 50%=-407.5, 75%=-386.0, 90%=-371.79998779296875, 95%=-367.8999938964844, 98%=-363.8800048828125
ranking_best_algo: Tabu
ranking_best_score: 438.12
ranking_my_rank: 138/504 (72.8%)
ranking_my_percent: 72.81746031746032
