ConfigName: krbf__advnormalizedfitness__M1__L10__eps0p015__g0p005__ds0p15__dm0p3
Problem: QUBO
Kernel: rbf
Advantage: normalizedfitness
M: 1
lambda: 10
epsilon_svgd: 0.015
gamma: 0.005
decay_start_ratio: 0.15
decay_min_factor: 0.3
bandwith_kernel: None
no_interact: False
avg_score: -195.32000732421875
median_score: -195.5
std_score: 14.372808456420898
percentiles: 2%=-224.0, 5%=-221.0500030517578, 10%=-213.0, 25%=-205.25, 50%=-195.5, 75%=-185.0, 90%=-178.0, 95%=-170.85000610351562, 98%=-165.97999572753906
ranking_best_algo: Tabu
ranking_best_score: 208.36000000000004
ranking_my_rank: 212/504 (58.1%)
ranking_my_percent: 58.13492063492063
