ConfigName: krbf__advnormalizedfitness__M3__L12__eps0p025__g0p01__ds0p01__dm0p01
Problem: QUBO
Kernel: rbf
Advantage: normalizedfitness
M: 3
lambda: 12
epsilon_svgd: 0.025
gamma: 0.01
decay_start_ratio: 0.01
decay_min_factor: 0.01
bandwith_kernel: None
no_interact: False
avg_score: -2458.840087890625
median_score: -2443.0
std_score: 156.9337921142578
percentiles: 2%=-2815.340087890625, 5%=-2737.60009765625, 10%=-2676.199951171875, 25%=-2569.75, 50%=-2443.0, 75%=-2344.25, 90%=-2271.800048828125, 95%=-2230.800048828125, 98%=-2185.599853515625
ranking_best_algo: SVM1MetaModelLogNormal
ranking_best_score: 2605.14
ranking_my_rank: 81/504 (84.1%)
ranking_my_percent: 84.12698412698413
