ConfigName: kjsd__advperagentrankweighted__M4__L30__eps0p01__g0p0007__ds0p05__dm0p05
Problem: QUBO
Kernel: jsd
Advantage: peragentrankweighted
M: 4
lambda: 30
epsilon_svgd: 0.01
gamma: 0.0007
decay_start_ratio: 0.05
decay_min_factor: 0.05
bandwith_kernel: None
no_interact: False
avg_score: -1240.3599853515625
median_score: -1238.0
std_score: 64.33607482910156
percentiles: 2%=-1379.1400146484375, 5%=-1354.050048828125, 10%=-1317.300048828125, 25%=-1280.75, 50%=-1238.0, 75%=-1195.0, 90%=-1157.0, 95%=-1144.9000244140625, 98%=-1132.6600341796875
ranking_best_algo: SVMMetaModelLogNormal
ranking_best_score: 1233.7999999999997
ranking_my_rank: 1/504 (100.0%)
ranking_my_percent: 100.0
