ConfigName: krbf__advnormalizedfitness__M2__L8__eps0p025__g0p01__ds0p3__dm0p3
Problem: QUBO
Kernel: rbf
Advantage: normalizedfitness
M: 2
lambda: 8
epsilon_svgd: 0.025
gamma: 0.01
decay_start_ratio: 0.3
decay_min_factor: 0.3
bandwith_kernel: None
no_interact: False
avg_score: -1610.9000244140625
median_score: -1617.0
std_score: 56.67600631713867
percentiles: 2%=-1718.1600341796875, 5%=-1703.25, 10%=-1674.300048828125, 25%=-1648.25, 50%=-1617.0, 75%=-1576.75, 90%=-1536.800048828125, 95%=-1512.5999755859375, 98%=-1488.9200439453125
ranking_best_algo: NLOPT_LN_PRAXIS
ranking_best_score: 1607.12
ranking_my_rank: 1/504 (100.0%)
ranking_my_percent: 100.0
