ConfigName: krbf__advnormalizedfitness__M1__L8__eps0p015__g0p01__ds0p15__dm0p3
Problem: NK
Kernel: rbf
Advantage: normalizedfitness
M: 1
lambda: 8
epsilon_svgd: 0.015
gamma: 0.01
decay_start_ratio: 0.15
decay_min_factor: 0.3
bandwith_kernel: None
no_interact: False
avg_score: 0.7480016350746155
median_score: 0.7476476430892944
std_score: 0.014008408412337303
percentiles: 2%=0.7233840823173523, 5%=0.7249569296836853, 10%=0.730126678943634, 25%=0.7373237609863281, 50%=0.7476476430892944, 75%=0.7577025294303894, 90%=0.7669825553894043, 95%=0.7716405391693115, 98%=0.772948682308197
ranking_best_algo: Tabu
ranking_best_score: 0.7470791764843752
ranking_my_rank: 1/504 (100.0%)
ranking_my_percent: 100.0
