ConfigName: kjsd__advperagentrankweighted__M6__L8__eps0p03__g0p0005__ds0p05__dm0p05
Problem: QUBO
Kernel: jsd
Advantage: peragentrankweighted
M: 6
lambda: 8
epsilon_svgd: 0.03
gamma: 0.0005
decay_start_ratio: 0.05
decay_min_factor: 0.05
bandwith_kernel: None
no_interact: False
avg_score: -934.780029296875
median_score: -938.5
std_score: 61.475616455078125
percentiles: 2%=-1054.1400146484375, 5%=-1043.25, 10%=-1014.7999877929688, 25%=-980.25, 50%=-938.5, 75%=-887.0, 90%=-856.5999755859375, 95%=-840.2999877929688, 98%=-822.8400268554688
ranking_best_algo: CMApara
ranking_best_score: 964.9
ranking_my_rank: 16/504 (97.0%)
ranking_my_percent: 97.02380952380952
