ConfigName: krbf__advnormalizedfitness__M2__L8__eps0p033__g0p01__ds0p3__dm0p01
Problem: QUBO
Kernel: rbf
Advantage: normalizedfitness
M: 2
lambda: 8
epsilon_svgd: 0.033
gamma: 0.01
decay_start_ratio: 0.3
decay_min_factor: 0.01
bandwith_kernel: None
no_interact: False
avg_score: -1626.8199462890625
median_score: -1636.0
std_score: 61.71375274658203
percentiles: 2%=-1721.06005859375, 5%=-1713.199951171875, 10%=-1703.199951171875, 25%=-1671.0, 50%=-1636.0, 75%=-1580.0, 90%=-1548.5999755859375, 95%=-1506.9000244140625, 98%=-1496.760009765625
ranking_best_algo: NLOPT_LN_PRAXIS
ranking_best_score: 1607.12
ranking_my_rank: 1/504 (100.0%)
ranking_my_percent: 100.0
