ConfigName: krbf__advnormalizedfitness__M4__L8__eps0p03__g0p01__ds0p05__dm0p05
Problem: QUBO
Kernel: rbf
Advantage: normalizedfitness
M: 4
lambda: 8
epsilon_svgd: 0.03
gamma: 0.01
decay_start_ratio: 0.05
decay_min_factor: 0.05
bandwith_kernel: None
no_interact: False
avg_score: -139.83999633789062
median_score: -143.0
std_score: 11.792133331298828
percentiles: 2%=-158.0399932861328, 5%=-157.0500030517578, 10%=-155.0, 25%=-148.0, 50%=-143.0, 75%=-131.75, 90%=-125.0, 95%=-118.9000015258789, 98%=-111.9800033569336
ranking_best_algo: DiscreteDE
ranking_best_score: 143.4
ranking_my_rank: 81/504 (84.1%)
ranking_my_percent: 84.12698412698413
