ConfigName: kjsd__advperagentrankweighted__M3__L20__eps0p01__g0p0005__ds0p2__dm0p1
Problem: QUBO
Kernel: jsd
Advantage: peragentrankweighted
M: 3
lambda: 20
epsilon_svgd: 0.01
gamma: 0.0005
decay_start_ratio: 0.2
decay_min_factor: 0.1
bandwith_kernel: None
no_interact: False
avg_score: -3311.580078125
median_score: -3314.0
std_score: 120.44062042236328
percentiles: 2%=-3557.02001953125, 5%=-3489.75, 10%=-3458.699951171875, 25%=-3394.5, 50%=-3314.0, 75%=-3248.5, 90%=-3152.10009765625, 95%=-3106.949951171875, 98%=-3100.52001953125
ranking_best_algo: RLSOnePlusOne
ranking_best_score: 3316.5199999999995
ranking_my_rank: 2/504 (99.8%)
ranking_my_percent: 99.8015873015873
