ConfigName: kjsd__advperagentrankweighted__M3__L16__eps0p005__g0p001__ds0p1__dm0p05
Problem: QUBO
Kernel: jsd
Advantage: peragentrankweighted
M: 3
lambda: 16
epsilon_svgd: 0.005
gamma: 0.001
decay_start_ratio: 0.1
decay_min_factor: 0.05
bandwith_kernel: None
no_interact: False
avg_score: -309.70001220703125
median_score: -310.0
std_score: 38.840572357177734
percentiles: 2%=-394.0400085449219, 5%=-384.1000061035156, 10%=-357.3999938964844, 25%=-336.0, 50%=-310.0, 75%=-273.5, 90%=-266.0, 95%=-259.95001220703125, 98%=-253.94000244140625
ranking_best_algo: CMApara
ranking_best_score: 319.29999999999995
ranking_my_rank: 71/504 (86.1%)
ranking_my_percent: 86.11111111111111
