ConfigName: krbf__advnormalizedfitness__M4__L12__eps0p015__g0p015__ds0p3__dm0p3
Problem: QUBO
Kernel: rbf
Advantage: normalizedfitness
M: 4
lambda: 12
epsilon_svgd: 0.015
gamma: 0.015
decay_start_ratio: 0.3
decay_min_factor: 0.3
bandwith_kernel: None
no_interact: False
avg_score: -240.86000061035156
median_score: -237.0
std_score: 21.732473373413086
percentiles: 2%=-287.4800109863281, 5%=-273.04998779296875, 10%=-266.1000061035156, 25%=-251.25, 50%=-237.0, 75%=-225.75, 90%=-215.0, 95%=-210.95001220703125, 98%=-205.95999145507812
ranking_best_algo: CMApara
ranking_best_score: 453.82
ranking_my_rank: 393/504 (22.2%)
ranking_my_percent: 22.22222222222222
