ConfigName: krbf__advnormalizedfitness__M3__L10__eps0p025__g0p01__ds0p3__dm0p01
Problem: NK
Kernel: rbf
Advantage: normalizedfitness
M: 3
lambda: 10
epsilon_svgd: 0.025
gamma: 0.01
decay_start_ratio: 0.3
decay_min_factor: 0.01
bandwith_kernel: None
no_interact: False
avg_score: 0.7567722201347351
median_score: 0.7553224563598633
std_score: 0.014108858071267605
percentiles: 2%=0.7314916253089905, 5%=0.7358933091163635, 10%=0.7386863827705383, 25%=0.7463812232017517, 50%=0.7553224563598633, 75%=0.768545925617218, 90%=0.7752195000648499, 95%=0.779586672782898, 98%=0.7826632261276245
ranking_best_algo: Tabu
ranking_best_score: 0.7470791764843752
ranking_my_rank: 1/504 (100.0%)
ranking_my_percent: 100.0
