ConfigName: krbf__advnormalizedfitness__M1__L8__eps0p033__g0p015__ds0p3__dm0p3
Problem: NK
Kernel: rbf
Advantage: normalizedfitness
M: 1
lambda: 8
epsilon_svgd: 0.033
gamma: 0.015
decay_start_ratio: 0.3
decay_min_factor: 0.3
bandwith_kernel: None
no_interact: False
avg_score: 0.7232722640037537
median_score: 0.7237048149108887
std_score: 0.007899886928498745
percentiles: 2%=0.7067660689353943, 5%=0.7102245092391968, 10%=0.7129783034324646, 25%=0.7183223962783813, 50%=0.7237048149108887, 75%=0.7289429306983948, 90%=0.7324227690696716, 95%=0.7364055514335632, 98%=0.7382301688194275
ranking_best_algo: PBIL
ranking_best_score: 0.7170882103515624
ranking_my_rank: 1/504 (100.0%)
ranking_my_percent: 100.0
