ConfigName: krbf__advnormalizedfitness__M4__L12__eps0p015__g0p01__ds0p3__dm0p3
Problem: QUBO
Kernel: rbf
Advantage: normalizedfitness
M: 4
lambda: 12
epsilon_svgd: 0.015
gamma: 0.01
decay_start_ratio: 0.3
decay_min_factor: 0.3
bandwith_kernel: None
no_interact: False
avg_score: -155.47999572753906
median_score: -155.0
std_score: 21.389942169189453
percentiles: 2%=-201.05999755859375, 5%=-194.0, 10%=-182.10000610351562, 25%=-170.25, 50%=-155.0, 75%=-138.0, 90%=-129.0, 95%=-126.0, 98%=-114.97999572753906
ranking_best_algo: Tabu
ranking_best_score: 208.36000000000004
ranking_my_rank: 351/504 (30.6%)
ranking_my_percent: 30.555555555555557
