ConfigName: kjsd__advperagentrankweighted__M4__L12__eps0p005__g0p0003__ds0p4__dm0p05
Problem: QUBO
Kernel: jsd
Advantage: peragentrankweighted
M: 4
lambda: 12
epsilon_svgd: 0.005
gamma: 0.0003
decay_start_ratio: 0.4
decay_min_factor: 0.05
bandwith_kernel: None
no_interact: False
avg_score: -199.32000732421875
median_score: -200.5
std_score: 14.882795333862305
percentiles: 2%=-224.0, 5%=-224.0, 10%=-219.10000610351562, 25%=-209.25, 50%=-200.5, 75%=-188.75, 90%=-178.89999389648438, 95%=-174.9499969482422, 98%=-169.9199981689453
ranking_best_algo: Tabu
ranking_best_score: 208.36000000000004
ranking_my_rank: 85/504 (83.3%)
ranking_my_percent: 83.33333333333333
