ConfigName: krbf__advnormalizedfitness__M4__L12__eps0p015__g0p007__ds0p15__dm0p3
Problem: NK
Kernel: rbf
Advantage: normalizedfitness
M: 4
lambda: 12
epsilon_svgd: 0.015
gamma: 0.007
decay_start_ratio: 0.15
decay_min_factor: 0.3
bandwith_kernel: None
no_interact: False
avg_score: 0.7023437023162842
median_score: 0.7037093639373779
std_score: 0.01639261282980442
percentiles: 2%=0.660749614238739, 5%=0.6615340113639832, 10%=0.6873562335968018, 25%=0.6967284083366394, 50%=0.7037093639373779, 75%=0.7121031284332275, 90%=0.7208132147789001, 95%=0.7243780493736267, 98%=0.7257096767425537
ranking_best_algo: CMApara
ranking_best_score: 0.707475975
ranking_my_rank: 23/504 (95.6%)
ranking_my_percent: 95.63492063492063
