ConfigName: kjsd__advperagentrankweighted__M3__L20__eps0p007__g0p003__ds0p2__dm0p05
Problem: QUBO
Kernel: jsd
Advantage: peragentrankweighted
M: 3
lambda: 20
epsilon_svgd: 0.007
gamma: 0.003
decay_start_ratio: 0.2
decay_min_factor: 0.05
bandwith_kernel: None
no_interact: False
avg_score: -1488.6400146484375
median_score: -1498.0
std_score: 93.9649429321289
percentiles: 2%=-1634.300048828125, 5%=-1629.0999755859375, 10%=-1597.0999755859375, 25%=-1562.75, 50%=-1498.0, 75%=-1422.5, 90%=-1359.300048828125, 95%=-1330.550048828125, 98%=-1276.8399658203125
ranking_best_algo: NLOPT_LN_PRAXIS
ranking_best_score: 1607.12
ranking_my_rank: 82/504 (83.9%)
ranking_my_percent: 83.92857142857143
