ConfigName: kjsd__advperagentrankweighted__M3__L30__eps0p007__g0p0005__ds0p2__dm0p05
Problem: QUBO
Kernel: jsd
Advantage: peragentrankweighted
M: 3
lambda: 30
epsilon_svgd: 0.007
gamma: 0.0005
decay_start_ratio: 0.2
decay_min_factor: 0.05
bandwith_kernel: None
no_interact: False
avg_score: -938.719970703125
median_score: -931.0
std_score: 64.66824340820312
percentiles: 2%=-1074.0400390625, 5%=-1065.050048828125, 10%=-1045.199951171875, 25%=-974.75, 50%=-931.0, 75%=-891.75, 90%=-866.5, 95%=-844.6500244140625, 98%=-831.97998046875
ranking_best_algo: CMApara
ranking_best_score: 964.9
ranking_my_rank: 7/504 (98.8%)
ranking_my_percent: 98.80952380952381
