ConfigName: kjsd__advperagentrankweighted__M3__L16__eps0p005__g0p0007__ds0p1__dm0p1
Problem: QUBO
Kernel: jsd
Advantage: peragentrankweighted
M: 3
lambda: 16
epsilon_svgd: 0.005
gamma: 0.0007
decay_start_ratio: 0.1
decay_min_factor: 0.1
bandwith_kernel: None
no_interact: False
avg_score: -138.4600067138672
median_score: -141.0
std_score: 12.037790298461914
percentiles: 2%=-158.0399932861328, 5%=-158.0, 10%=-153.3000030517578, 25%=-146.25, 50%=-141.0, 75%=-129.0, 90%=-124.5999984741211, 95%=-116.9000015258789, 98%=-113.0
ranking_best_algo: DiscreteDE
ranking_best_score: 143.4
ranking_my_rank: 104/504 (79.6%)
ranking_my_percent: 79.56349206349206
