ConfigName: kjsd__advperagentrankweighted__M3__L18__eps0p005__g0p003__ds0p2__dm0p2
Problem: QUBO
Kernel: jsd
Advantage: peragentrankweighted
M: 3
lambda: 18
epsilon_svgd: 0.005
gamma: 0.003
decay_start_ratio: 0.2
decay_min_factor: 0.2
bandwith_kernel: None
no_interact: False
avg_score: -2147.06005859375
median_score: -2160.0
std_score: 178.0613250732422
percentiles: 2%=-2437.300048828125, 5%=-2400.35009765625, 10%=-2366.89990234375, 25%=-2266.25, 50%=-2160.0, 75%=-2005.5, 90%=-1936.9000244140625, 95%=-1877.449951171875, 98%=-1779.8199462890625
ranking_best_algo: DiscreteLengler2OnePlusOne
ranking_best_score: 2617.04
ranking_my_rank: 215/504 (57.5%)
ranking_my_percent: 57.53968253968254
