ConfigName: kjsd__advperagentrankweighted__M15__L8__eps0p005__g0p0005__ds0p05__dm0p05
Problem: QUBO
Kernel: jsd
Advantage: peragentrankweighted
M: 15
lambda: 8
epsilon_svgd: 0.005
gamma: 0.0005
decay_start_ratio: 0.05
decay_min_factor: 0.05
bandwith_kernel: None
no_interact: False
avg_score: -309.82000732421875
median_score: -318.0
std_score: 38.39905548095703
percentiles: 2%=-394.0400085449219, 5%=-382.20001220703125, 10%=-359.3999938964844, 25%=-332.5, 50%=-318.0, 75%=-274.0, 90%=-263.8999938964844, 95%=-253.9499969482422, 98%=-251.0
ranking_best_algo: CMApara
ranking_best_score: 319.29999999999995
ranking_my_rank: 68/504 (86.7%)
ranking_my_percent: 86.7063492063492
