ConfigName: kjsd__advperagentrankweighted__M4__L20__eps0p007__g0p0005__ds0p2__dm0p05
Problem: QUBO
Kernel: jsd
Advantage: peragentrankweighted
M: 4
lambda: 20
epsilon_svgd: 0.007
gamma: 0.0005
decay_start_ratio: 0.2
decay_min_factor: 0.05
bandwith_kernel: None
no_interact: False
avg_score: -1197.5999755859375
median_score: -1189.5
std_score: 59.31727981567383
percentiles: 2%=-1339.0400390625, 5%=-1329.199951171875, 10%=-1274.699951171875, 25%=-1224.0, 50%=-1189.5, 75%=-1158.5, 90%=-1129.800048828125, 95%=-1110.0, 98%=-1092.0
ranking_best_algo: Tabu
ranking_best_score: 1216.16
ranking_my_rank: 44/504 (91.5%)
ranking_my_percent: 91.46825396825396
