ConfigName: krbf__advnormalizedfitness__M3__L10__eps0p015__g0p007__ds0p15__dm0p01
Problem: NK
Kernel: rbf
Advantage: normalizedfitness
M: 3
lambda: 10
epsilon_svgd: 0.015
gamma: 0.007
decay_start_ratio: 0.15
decay_min_factor: 0.01
bandwith_kernel: None
no_interact: False
avg_score: 0.7571821808815002
median_score: 0.7575857639312744
std_score: 0.013906697742640972
percentiles: 2%=0.7314844727516174, 5%=0.7324299216270447, 10%=0.7382757067680359, 25%=0.7473875880241394, 50%=0.7575857639312744, 75%=0.7672754526138306, 90%=0.7751748561859131, 95%=0.7801397442817688, 98%=0.7830389142036438
ranking_best_algo: Tabu
ranking_best_score: 0.7470791764843752
ranking_my_rank: 1/504 (100.0%)
ranking_my_percent: 100.0
