ConfigName: kjsd__advperagentrankweighted__M5__L8__eps0p005__g0p0005__ds0p2__dm0p2
Problem: NK
Kernel: jsd
Advantage: peragentrankweighted
M: 5
lambda: 8
epsilon_svgd: 0.005
gamma: 0.0005
decay_start_ratio: 0.2
decay_min_factor: 0.2
bandwith_kernel: None
no_interact: False
avg_score: 0.7073176503181458
median_score: 0.7091450095176697
std_score: 0.011912986636161804
percentiles: 2%=0.6872128844261169, 5%=0.6889427304267883, 10%=0.6925731301307678, 25%=0.6963036060333252, 50%=0.7091450095176697, 75%=0.7171167731285095, 90%=0.7218761444091797, 95%=0.72421795129776, 98%=0.724797785282135
ranking_best_algo: PBIL
ranking_best_score: 0.7013553837109374
ranking_my_rank: 1/504 (100.0%)
ranking_my_percent: 100.0
