ConfigName: kjsd__advperagentrankweighted__M4__L8__eps0p005__g0p0007__ds0p4__dm0p05
Problem: QUBO
Kernel: jsd
Advantage: peragentrankweighted
M: 4
lambda: 8
epsilon_svgd: 0.005
gamma: 0.0007
decay_start_ratio: 0.4
decay_min_factor: 0.05
bandwith_kernel: None
no_interact: False
avg_score: -327.0199890136719
median_score: -332.0
std_score: 23.315223693847656
percentiles: 2%=-361.2200012207031, 5%=-354.3500061035156, 10%=-352.1000061035156, 25%=-343.0, 50%=-332.0, 75%=-313.5, 90%=-290.8999938964844, 95%=-280.0, 98%=-274.0
ranking_best_algo: CMApara
ranking_best_score: 344.22
ranking_my_rank: 111/504 (78.2%)
ranking_my_percent: 78.17460317460318
