ConfigName: krbf__advnormalizedfitness__M4__L8__eps0p033__g0p01__ds0p01__dm0p3
Problem: NK
Kernel: rbf
Advantage: normalizedfitness
M: 4
lambda: 8
epsilon_svgd: 0.033
gamma: 0.01
decay_start_ratio: 0.01
decay_min_factor: 0.3
bandwith_kernel: None
no_interact: False
avg_score: 0.7047931551933289
median_score: 0.7070934772491455
std_score: 0.011903215199708939
percentiles: 2%=0.6839303374290466, 5%=0.6870023608207703, 10%=0.6893503665924072, 25%=0.6935800313949585, 50%=0.7070934772491455, 75%=0.7150429487228394, 90%=0.7190594673156738, 95%=0.7218796610832214, 98%=0.7227158546447754
ranking_best_algo: PBIL
ranking_best_score: 0.7013553837109374
ranking_my_rank: 1/504 (100.0%)
ranking_my_percent: 100.0
