ConfigName: krbf__advnormalizedfitness__M2__L10__eps0p01__g0p003__ds0p01__dm0p01
Problem: QUBO
Kernel: rbf
Advantage: normalizedfitness
M: 2
lambda: 10
epsilon_svgd: 0.01
gamma: 0.003
decay_start_ratio: 0.01
decay_min_factor: 0.01
bandwith_kernel: None
no_interact: False
avg_score: -1614.260009765625
median_score: -1608.5
std_score: 58.925994873046875
percentiles: 2%=-1742.0799560546875, 5%=-1717.699951171875, 10%=-1687.199951171875, 25%=-1653.75, 50%=-1608.5, 75%=-1577.0, 90%=-1547.0, 95%=-1519.0, 98%=-1502.4000244140625
ranking_best_algo: NLOPT_LN_PRAXIS
ranking_best_score: 1607.12
ranking_my_rank: 1/504 (100.0%)
ranking_my_percent: 100.0
