ConfigName: kjsd__advperagentrankweighted__M3__L20__eps0p005__g0p001__ds0p2__dm0p05
Problem: QUBO
Kernel: jsd
Advantage: peragentrankweighted
M: 3
lambda: 20
epsilon_svgd: 0.005
gamma: 0.001
decay_start_ratio: 0.2
decay_min_factor: 0.05
bandwith_kernel: None
no_interact: False
avg_score: -1609.6400146484375
median_score: -1600.5
std_score: 64.50836944580078
percentiles: 2%=-1746.739990234375, 5%=-1724.5999755859375, 10%=-1693.0, 25%=-1639.25, 50%=-1600.5, 75%=-1564.5, 90%=-1546.0999755859375, 95%=-1517.0, 98%=-1502.5999755859375
ranking_best_algo: NLOPT_LN_PRAXIS
ranking_best_score: 1607.12
ranking_my_rank: 1/504 (100.0%)
ranking_my_percent: 100.0
