ConfigName: kjsd__advperagentrankweighted__M3__L20__eps0p007__g0p001__ds0p05__dm0p05
Problem: NK
Kernel: jsd
Advantage: peragentrankweighted
M: 3
lambda: 20
epsilon_svgd: 0.007
gamma: 0.001
decay_start_ratio: 0.05
decay_min_factor: 0.05
bandwith_kernel: None
no_interact: False
avg_score: 0.7405273914337158
median_score: 0.7404318451881409
std_score: 0.012037417851388454
percentiles: 2%=0.7203747034072876, 5%=0.7230529189109802, 10%=0.7257657051086426, 25%=0.7328084707260132, 50%=0.7404318451881409, 75%=0.7483470439910889, 90%=0.7551560997962952, 95%=0.7599068880081177, 98%=0.7693703770637512
ranking_best_algo: Tabu
ranking_best_score: 0.7601875690625
ranking_my_rank: 12/504 (97.8%)
ranking_my_percent: 97.81746031746032
