ConfigName: kjsd__advperagentrankweighted__M3__L16__eps0p007__g0p003__ds0p2__dm0p2
Problem: QUBO
Kernel: jsd
Advantage: peragentrankweighted
M: 3
lambda: 16
epsilon_svgd: 0.007
gamma: 0.003
decay_start_ratio: 0.2
decay_min_factor: 0.2
bandwith_kernel: None
no_interact: False
avg_score: -139.13999938964844
median_score: -141.0
std_score: 12.131792068481445
percentiles: 2%=-158.02000427246094, 5%=-157.0, 10%=-156.0, 25%=-146.5, 50%=-141.0, 75%=-129.0, 90%=-123.0, 95%=-118.9000015258789, 98%=-110.95999908447266
ranking_best_algo: DiscreteDE
ranking_best_score: 143.4
ranking_my_rank: 86/504 (83.1%)
ranking_my_percent: 83.13492063492063
