ConfigName: krbf__advnormalizedfitness__M3__L15__eps0p025__g0p01__ds0p3__dm0p3
Problem: QUBO
Kernel: rbf
Advantage: normalizedfitness
M: 3
lambda: 15
epsilon_svgd: 0.025
gamma: 0.01
decay_start_ratio: 0.3
decay_min_factor: 0.3
bandwith_kernel: None
no_interact: False
avg_score: -1904.6199951171875
median_score: -1936.5
std_score: 177.82366943359375
percentiles: 2%=-2235.679931640625, 5%=-2166.14990234375, 10%=-2123.10009765625, 25%=-2031.5, 50%=-1936.5, 75%=-1774.5, 90%=-1670.0, 95%=-1605.60009765625, 98%=-1579.619873046875
ranking_best_algo: SVM1MetaModelLogNormal
ranking_best_score: 2605.14
ranking_my_rank: 296/504 (41.5%)
ranking_my_percent: 41.46825396825397
