ConfigName: krbf__advnormalizedfitness__M3__L8__eps0p03__g0p01__ds0p15__dm0p05
Problem: QUBO
Kernel: rbf
Advantage: normalizedfitness
M: 3
lambda: 8
epsilon_svgd: 0.03
gamma: 0.01
decay_start_ratio: 0.15
decay_min_factor: 0.05
bandwith_kernel: None
no_interact: False
avg_score: -1209.260009765625
median_score: -1201.0
std_score: 67.8267822265625
percentiles: 2%=-1352.199951171875, 5%=-1329.25, 10%=-1310.5, 25%=-1253.25, 50%=-1201.0, 75%=-1157.75, 90%=-1130.199951171875, 95%=-1114.9000244140625, 98%=-1099.5799560546875
ranking_best_algo: SVMMetaModelLogNormal
ranking_best_score: 1233.7999999999997
ranking_my_rank: 46/504 (91.1%)
ranking_my_percent: 91.07142857142857
