ConfigName: kjsd__advperagentrankweighted__M10__L10__eps0p008__g0p0005__ds0p3__dm0p05
Problem: NK
Kernel: jsd
Advantage: peragentrankweighted
M: 10
lambda: 10
epsilon_svgd: 0.008
gamma: 0.0005
decay_start_ratio: 0.3
decay_min_factor: 0.05
bandwith_kernel: None
no_interact: False
avg_score: 0.7054058909416199
median_score: 0.7073657512664795
std_score: 0.012007931247353554
percentiles: 2%=0.6871282458305359, 5%=0.6878808736801147, 10%=0.6912813186645508, 25%=0.6934459805488586, 50%=0.7073657512664795, 75%=0.7161036729812622, 90%=0.719879686832428, 95%=0.7227416038513184, 98%=0.7239354848861694
ranking_best_algo: PBIL
ranking_best_score: 0.7013553837109374
ranking_my_rank: 1/504 (100.0%)
ranking_my_percent: 100.0
