ConfigName: krbf__advnormalizedfitness__M3__L10__eps0p025__g0p015__ds0p15__dm0p3
Problem: QUBO
Kernel: rbf
Advantage: normalizedfitness
M: 3
lambda: 10
epsilon_svgd: 0.025
gamma: 0.015
decay_start_ratio: 0.15
decay_min_factor: 0.3
bandwith_kernel: None
no_interact: False
avg_score: -1092.780029296875
median_score: -1090.5
std_score: 78.80311584472656
percentiles: 2%=-1236.1600341796875, 5%=-1223.300048828125, 10%=-1200.199951171875, 25%=-1143.25, 50%=-1090.5, 75%=-1033.75, 90%=-987.5999755859375, 95%=-967.8500366210938, 98%=-954.7399291992188
ranking_best_algo: Tabu
ranking_best_score: 1216.16
ranking_my_rank: 211/504 (58.3%)
ranking_my_percent: 58.333333333333336
