ConfigName: kjsd__advperagentrankweighted__M3__L20__eps0p005__g0p0005__ds0p1__dm0p1
Problem: NK
Kernel: jsd
Advantage: peragentrankweighted
M: 3
lambda: 20
epsilon_svgd: 0.005
gamma: 0.0005
decay_start_ratio: 0.1
decay_min_factor: 0.1
bandwith_kernel: None
no_interact: False
avg_score: 0.7342627048492432
median_score: 0.7347779273986816
std_score: 0.010117355734109879
percentiles: 2%=0.7170985341072083, 5%=0.7187470197677612, 10%=0.7221731543540955, 25%=0.72672039270401, 50%=0.7347779273986816, 75%=0.7408527135848999, 90%=0.7476707696914673, 95%=0.7498670220375061, 98%=0.7515440583229065
ranking_best_algo: Tabu
ranking_best_score: 0.7429702712499999
ranking_my_rank: 2/504 (99.8%)
ranking_my_percent: 99.8015873015873
