ConfigName: kjsd__advperagentrankweighted__M3__L30__eps0p005__g0p0005__ds0p05__dm0p05
Problem: QUBO
Kernel: jsd
Advantage: peragentrankweighted
M: 3
lambda: 30
epsilon_svgd: 0.005
gamma: 0.0005
decay_start_ratio: 0.05
decay_min_factor: 0.05
bandwith_kernel: None
no_interact: False
avg_score: -425.17999267578125
median_score: -426.5
std_score: 25.76834487915039
percentiles: 2%=-473.0799865722656, 5%=-471.0, 10%=-458.1000061035156, 25%=-441.5, 50%=-426.5, 75%=-408.75, 90%=-390.8999938964844, 95%=-387.0, 98%=-373.79998779296875
ranking_best_algo: CMAL3
ranking_best_score: 435.36
ranking_my_rank: 29/504 (94.4%)
ranking_my_percent: 94.44444444444444
