ConfigName: kjsd__advperagentrankweighted__M6__L12__eps0p005__g0p0005__ds0p3__dm0p05
Problem: QUBO
Kernel: jsd
Advantage: peragentrankweighted
M: 6
lambda: 12
epsilon_svgd: 0.005
gamma: 0.0005
decay_start_ratio: 0.3
decay_min_factor: 0.05
bandwith_kernel: None
no_interact: False
avg_score: -139.77999877929688
median_score: -141.0
std_score: 11.683817863464355
percentiles: 2%=-160.02000427246094, 5%=-158.0, 10%=-157.0, 25%=-147.0, 50%=-141.0, 75%=-131.5, 90%=-125.0, 95%=-121.0, 98%=-114.91999816894531
ranking_best_algo: DiscreteDE
ranking_best_score: 143.4
ranking_my_rank: 83/504 (83.7%)
ranking_my_percent: 83.73015873015873
