ConfigName: kjsd__advperagentrankweighted__M4__L30__eps0p01__g0p0007__ds0p4__dm0p05
Problem: NK
Kernel: jsd
Advantage: peragentrankweighted
M: 4
lambda: 30
epsilon_svgd: 0.01
gamma: 0.0007
decay_start_ratio: 0.4
decay_min_factor: 0.05
bandwith_kernel: None
no_interact: False
avg_score: 0.7076235413551331
median_score: 0.7107340097427368
std_score: 0.0118627417832613
percentiles: 2%=0.6886180639266968, 5%=0.6898292303085327, 10%=0.6915959119796753, 25%=0.6961381435394287, 50%=0.7107340097427368, 75%=0.7177233695983887, 90%=0.7213189005851746, 95%=0.7245931029319763, 98%=0.7253895401954651
ranking_best_algo: PBIL
ranking_best_score: 0.7013553837109374
ranking_my_rank: 1/504 (100.0%)
ranking_my_percent: 100.0
