ConfigName: krbf__advnormalizedfitness__M1__L8__eps0p033__g0p015__ds0p01__dm0p01
Problem: QUBO
Kernel: rbf
Advantage: normalizedfitness
M: 1
lambda: 8
epsilon_svgd: 0.033
gamma: 0.015
decay_start_ratio: 0.01
decay_min_factor: 0.01
bandwith_kernel: None
no_interact: False
avg_score: -300.6600036621094
median_score: -295.5
std_score: 41.2989616394043
percentiles: 2%=-392.1199951171875, 5%=-388.0, 10%=-355.79998779296875, 25%=-328.0, 50%=-295.5, 75%=-268.75, 90%=-255.8000030517578, 95%=-244.0, 98%=-240.0
ranking_best_algo: CMApara
ranking_best_score: 319.29999999999995
ranking_my_rank: 227/504 (55.2%)
ranking_my_percent: 55.15873015873016
