ConfigName: kjsd__advperagentrankweighted__M5__L12__eps0p008__g0p0005__ds0p05__dm0p05
Problem: QUBO
Kernel: jsd
Advantage: peragentrankweighted
M: 5
lambda: 12
epsilon_svgd: 0.008
gamma: 0.0005
decay_start_ratio: 0.05
decay_min_factor: 0.05
bandwith_kernel: None
no_interact: False
avg_score: -584.5599975585938
median_score: -583.5
std_score: 26.879852294921875
percentiles: 2%=-639.0800170898438, 5%=-627.0999755859375, 10%=-621.2999877929688, 25%=-604.0, 50%=-583.5, 75%=-565.0, 90%=-550.0, 95%=-541.75, 98%=-532.97998046875
ranking_best_algo: Tabu
ranking_best_score: 588.7199999999999
ranking_my_rank: 5/503 (99.2%)
ranking_my_percent: 99.20477137176938
