ConfigName: kjsd__advperagentrankweighted__M3__L30__eps0p005__g0p0005__ds0p1__dm0p2
Problem: QUBO
Kernel: jsd
Advantage: peragentrankweighted
M: 3
lambda: 30
epsilon_svgd: 0.005
gamma: 0.0005
decay_start_ratio: 0.1
decay_min_factor: 0.2
bandwith_kernel: None
no_interact: False
avg_score: -2629.739990234375
median_score: -2623.0
std_score: 102.6707992553711
percentiles: 2%=-2828.9599609375, 5%=-2815.14990234375, 10%=-2765.300048828125, 25%=-2676.25, 50%=-2623.0, 75%=-2563.5, 90%=-2506.699951171875, 95%=-2481.5, 98%=-2445.739990234375
ranking_best_algo: DiscreteLengler2OnePlusOne
ranking_best_score: 2617.04
ranking_my_rank: 1/504 (100.0%)
ranking_my_percent: 100.0
