ConfigName: kjsd__advperagentrankweighted__M8__L8__eps0p005__g0p0005__ds0p05__dm0p05
Problem: QUBO
Kernel: jsd
Advantage: peragentrankweighted
M: 8
lambda: 8
epsilon_svgd: 0.005
gamma: 0.0005
decay_start_ratio: 0.05
decay_min_factor: 0.05
bandwith_kernel: None
no_interact: False
avg_score: -2569.56005859375
median_score: -2564.0
std_score: 146.54039001464844
percentiles: 2%=-2832.080078125, 5%=-2805.050048828125, 10%=-2780.300048828125, 25%=-2681.25, 50%=-2564.0, 75%=-2461.75, 90%=-2381.39990234375, 95%=-2323.5, 98%=-2285.89990234375
ranking_best_algo: DiscreteLengler2OnePlusOne
ranking_best_score: 2617.04
ranking_my_rank: 50/504 (90.3%)
ranking_my_percent: 90.27777777777777
