ConfigName: kfr__advglobalrankweighted__M4__L10__eps0p02__g0p003__ds0p01__dm0p01
Problem: QUBO
Kernel: fr
Advantage: globalrankweighted
M: 4
lambda: 10
epsilon_svgd: 0.02
gamma: 0.003
decay_start_ratio: 0.01
decay_min_factor: 0.01
bandwith_kernel: None
no_interact: False
avg_score: -438.4200134277344
median_score: -440.5
std_score: 28.366592407226562
percentiles: 2%=-485.0199890136719, 5%=-477.29998779296875, 10%=-472.0, 25%=-463.0, 50%=-440.5, 75%=-418.75, 90%=-398.79998779296875, 95%=-387.95001220703125, 98%=-383.79998779296875
ranking_best_algo: CMApara
ranking_best_score: 453.82
ranking_my_rank: 20/504 (96.2%)
ranking_my_percent: 96.23015873015873
