ConfigName: kjsd__advperagentrankweighted__M3__L16__eps0p007__g0p001__ds0p2__dm0p1
Problem: NK
Kernel: jsd
Advantage: peragentrankweighted
M: 3
lambda: 16
epsilon_svgd: 0.007
gamma: 0.001
decay_start_ratio: 0.2
decay_min_factor: 0.1
bandwith_kernel: None
no_interact: False
avg_score: 0.7102733850479126
median_score: 0.711357593536377
std_score: 0.014979799278080463
percentiles: 2%=0.6720921397209167, 5%=0.6737957000732422, 10%=0.6958788633346558, 25%=0.7073673605918884, 50%=0.711357593536377, 75%=0.7196811437606812, 90%=0.7251942157745361, 95%=0.7316077351570129, 98%=0.7326785922050476
ranking_best_algo: CMApara
ranking_best_score: 0.707475975
ranking_my_rank: 1/504 (100.0%)
ranking_my_percent: 100.0
