ConfigName: kjsd__advperagentrankweighted__M6__L24__eps0p008__g0p0005__ds0p05__dm0p05
Problem: NK
Kernel: jsd
Advantage: peragentrankweighted
M: 6
lambda: 24
epsilon_svgd: 0.008
gamma: 0.0005
decay_start_ratio: 0.05
decay_min_factor: 0.05
bandwith_kernel: None
no_interact: False
avg_score: 0.7077605724334717
median_score: 0.7101313471794128
std_score: 0.011939754709601402
percentiles: 2%=0.6888590455055237, 5%=0.6904634237289429, 10%=0.6916951537132263, 25%=0.6960701942443848, 50%=0.7101313471794128, 75%=0.7181668877601624, 90%=0.7230622172355652, 95%=0.7244634628295898, 98%=0.7252163887023926
ranking_best_algo: PBIL
ranking_best_score: 0.7013553837109374
ranking_my_rank: 1/504 (100.0%)
ranking_my_percent: 100.0
