ConfigName: kjsd__advperagentrankweighted__M5__L10__eps0p008__g0p0005__ds0p3__dm0p05
Problem: QUBO
Kernel: jsd
Advantage: peragentrankweighted
M: 5
lambda: 10
epsilon_svgd: 0.008
gamma: 0.0005
decay_start_ratio: 0.3
decay_min_factor: 0.05
bandwith_kernel: None
no_interact: False
avg_score: -1311.5
median_score: -1308.0
std_score: 52.22001647949219
percentiles: 2%=-1413.3800048828125, 5%=-1405.199951171875, 10%=-1390.0999755859375, 25%=-1343.0, 50%=-1308.0, 75%=-1281.0, 90%=-1243.0, 95%=-1224.800048828125, 98%=-1208.5999755859375
ranking_best_algo: BigLognormalDiscreteOnePlusOne
ranking_best_score: 1301.3600000000004
ranking_my_rank: 1/504 (100.0%)
ranking_my_percent: 100.0
