ConfigName: krbf__advnormalizedfitness__M5__L8__eps0p025__g0p01__ds0p05__dm0p05
Problem: QUBO
Kernel: rbf
Advantage: normalizedfitness
M: 5
lambda: 8
epsilon_svgd: 0.025
gamma: 0.01
decay_start_ratio: 0.05
decay_min_factor: 0.05
bandwith_kernel: None
no_interact: False
avg_score: -140.89999389648438
median_score: -142.5
std_score: 10.533280372619629
percentiles: 2%=-158.02000427246094, 5%=-158.0, 10%=-157.0, 25%=-147.0, 50%=-142.5, 75%=-132.0, 90%=-127.0, 95%=-125.0, 98%=-122.95999908447266
ranking_best_algo: DiscreteDE
ranking_best_score: 143.4
ranking_my_rank: 74/504 (85.5%)
ranking_my_percent: 85.51587301587301
