ConfigName: kjsd__advperagentrankweighted__M4__L12__eps0p005__g0p0005__ds0p1__dm0p2
Problem: QUBO
Kernel: jsd
Advantage: peragentrankweighted
M: 4
lambda: 12
epsilon_svgd: 0.005
gamma: 0.0005
decay_start_ratio: 0.1
decay_min_factor: 0.2
bandwith_kernel: None
no_interact: False
avg_score: -923.6799926757812
median_score: -921.0
std_score: 64.41023254394531
percentiles: 2%=-1034.06005859375, 5%=-1030.0, 10%=-1016.0999755859375, 25%=-972.0, 50%=-921.0, 75%=-886.75, 90%=-836.7000122070312, 95%=-821.0, 98%=-813.9199829101562
ranking_best_algo: CMAL3
ranking_best_score: 928.5800000000002
ranking_my_rank: 4/504 (99.4%)
ranking_my_percent: 99.4047619047619
