ConfigName: kjsd__advperagentrankweighted__M3__L20__eps0p005__g0p0007__ds0p05__dm0p05
Problem: NK
Kernel: jsd
Advantage: peragentrankweighted
M: 3
lambda: 20
epsilon_svgd: 0.005
gamma: 0.0007
decay_start_ratio: 0.05
decay_min_factor: 0.05
bandwith_kernel: None
no_interact: False
avg_score: 0.7076252102851868
median_score: 0.7099061012268066
std_score: 0.011887924745678902
percentiles: 2%=0.686947226524353, 5%=0.6880899667739868, 10%=0.6931373476982117, 25%=0.6966041326522827, 50%=0.7099061012268066, 75%=0.7181676626205444, 90%=0.7214654088020325, 95%=0.7233182787895203, 98%=0.7243493795394897
ranking_best_algo: PBIL
ranking_best_score: 0.7013553837109374
ranking_my_rank: 1/504 (100.0%)
ranking_my_percent: 100.0
