ConfigName: kfr__advglobalrankweighted__M4__L5__eps0p05__g0p007__ds0p01__dm0p01
Problem: QUBO
Kernel: fr
Advantage: globalrankweighted
M: 4
lambda: 5
epsilon_svgd: 0.05
gamma: 0.007
decay_start_ratio: 0.01
decay_min_factor: 0.01
bandwith_kernel: None
no_interact: False
avg_score: -1197.1400146484375
median_score: -1187.5
std_score: 58.044124603271484
percentiles: 2%=-1335.199951171875, 5%=-1323.0999755859375, 10%=-1267.7999267578125, 25%=-1232.25, 50%=-1187.5, 75%=-1155.75, 90%=-1128.9000244140625, 95%=-1122.8499755859375, 98%=-1110.93994140625
ranking_best_algo: Tabu
ranking_best_score: 1216.16
ranking_my_rank: 45/504 (91.3%)
ranking_my_percent: 91.26984126984127
