ConfigName: krbf__advnormalizedfitness__M3__L8__eps0p02__g0p005__ds0p15__dm0p05
Problem: QUBO
Kernel: rbf
Advantage: normalizedfitness
M: 3
lambda: 8
epsilon_svgd: 0.02
gamma: 0.005
decay_start_ratio: 0.15
decay_min_factor: 0.05
bandwith_kernel: None
no_interact: False
avg_score: -138.8800048828125
median_score: -140.0
std_score: 10.878676414489746
percentiles: 2%=-159.0, 5%=-158.0, 10%=-155.0, 25%=-146.0, 50%=-140.0, 75%=-130.0, 90%=-125.0, 95%=-123.94999694824219, 98%=-120.9800033569336
ranking_best_algo: DiscreteDE
ranking_best_score: 143.4
ranking_my_rank: 94/504 (81.5%)
ranking_my_percent: 81.54761904761905
