ConfigName: kjsd__advperagentrankweighted__M6__L10__eps0p008__g0p0005__ds0p3__dm0p05
Problem: QUBO
Kernel: jsd
Advantage: peragentrankweighted
M: 6
lambda: 10
epsilon_svgd: 0.008
gamma: 0.0005
decay_start_ratio: 0.3
decay_min_factor: 0.05
bandwith_kernel: None
no_interact: False
avg_score: -3263.43994140625
median_score: -3272.5
std_score: 135.80311584472656
percentiles: 2%=-3566.860107421875, 5%=-3457.75, 10%=-3414.199951171875, 25%=-3338.5, 50%=-3272.5, 75%=-3172.75, 90%=-3075.89990234375, 95%=-3053.949951171875, 98%=-2983.800048828125
ranking_best_algo: RLSOnePlusOne
ranking_best_score: 3316.5199999999995
ranking_my_rank: 14/504 (97.4%)
ranking_my_percent: 97.42063492063492
