ConfigName: kjsd__advperagentrankweighted__M4__L12__eps0p03__g0p0007__ds0p2__dm0p05
Problem: QUBO
Kernel: jsd
Advantage: peragentrankweighted
M: 4
lambda: 12
epsilon_svgd: 0.03
gamma: 0.0007
decay_start_ratio: 0.2
decay_min_factor: 0.05
bandwith_kernel: None
no_interact: False
avg_score: -1180.760009765625
median_score: -1179.0
std_score: 58.832664489746094
percentiles: 2%=-1317.1199951171875, 5%=-1277.300048828125, 10%=-1250.0, 25%=-1212.5, 50%=-1179.0, 75%=-1143.0, 90%=-1118.5999755859375, 95%=-1087.949951171875, 98%=-1069.760009765625
ranking_best_algo: Tabu
ranking_best_score: 1216.16
ranking_my_rank: 70/504 (86.3%)
ranking_my_percent: 86.30952380952381
