ConfigName: krbf__advnormalizedfitness__M3__L12__eps0p015__g0p01__ds0p01__dm0p01
Problem: QUBO
Kernel: rbf
Advantage: normalizedfitness
M: 3
lambda: 12
epsilon_svgd: 0.015
gamma: 0.01
decay_start_ratio: 0.01
decay_min_factor: 0.01
bandwith_kernel: None
no_interact: False
avg_score: -149.0399932861328
median_score: -149.0
std_score: 11.747271537780762
percentiles: 2%=-179.0, 5%=-169.5, 10%=-160.39999389648438, 25%=-155.0, 50%=-149.0, 75%=-141.0, 90%=-136.89999389648438, 95%=-133.95001220703125, 98%=-124.97999572753906
ranking_best_algo: CMApara
ranking_best_score: 154.28
ranking_my_rank: 79/504 (84.5%)
ranking_my_percent: 84.52380952380952
