ConfigName: krbf__advnormalizedfitness__M1__L8__eps0p015__g0p01__ds0p01__dm0p01
Problem: QUBO
Kernel: rbf
Advantage: normalizedfitness
M: 1
lambda: 8
epsilon_svgd: 0.015
gamma: 0.01
decay_start_ratio: 0.01
decay_min_factor: 0.01
bandwith_kernel: None
no_interact: False
avg_score: -1626.1400146484375
median_score: -1639.5
std_score: 60.739444732666016
percentiles: 2%=-1735.1800537109375, 5%=-1708.75, 10%=-1692.300048828125, 25%=-1668.0, 50%=-1639.5, 75%=-1582.0, 90%=-1545.5999755859375, 95%=-1518.60009765625, 98%=-1505.919921875
ranking_best_algo: NLOPT_LN_PRAXIS
ranking_best_score: 1607.12
ranking_my_rank: 1/504 (100.0%)
ranking_my_percent: 100.0
