ConfigName: krbf__advnormalizedfitness__M3__L15__eps0p025__g0p007__ds0p15__dm0p3
Problem: NK
Kernel: rbf
Advantage: normalizedfitness
M: 3
lambda: 15
epsilon_svgd: 0.025
gamma: 0.007
decay_start_ratio: 0.15
decay_min_factor: 0.3
bandwith_kernel: None
no_interact: False
avg_score: 0.652556300163269
median_score: 0.6490465402603149
std_score: 0.022408535704016685
percentiles: 2%=0.6213459968566895, 5%=0.6249700784683228, 10%=0.6272712349891663, 25%=0.6325439810752869, 50%=0.6490465402603149, 75%=0.665105938911438, 90%=0.6861704587936401, 95%=0.6909770965576172, 98%=0.7032306790351868
ranking_best_algo: Tabu
ranking_best_score: 0.7429702712499999
ranking_my_rank: 323/504 (36.1%)
ranking_my_percent: 36.111111111111114
