ConfigName: kjsd__advperagentrankweighted__M3__L16__eps0p007__g0p0007__ds0p2__dm0p05
Problem: NK
Kernel: jsd
Advantage: peragentrankweighted
M: 3
lambda: 16
epsilon_svgd: 0.007
gamma: 0.0007
decay_start_ratio: 0.2
decay_min_factor: 0.05
bandwith_kernel: None
no_interact: False
avg_score: 0.7428539395332336
median_score: 0.7407478094100952
std_score: 0.02896294929087162
percentiles: 2%=0.6952704191207886, 5%=0.7010984420776367, 10%=0.7089777588844299, 25%=0.7229839563369751, 50%=0.7407478094100952, 75%=0.7580187320709229, 90%=0.7783373594284058, 95%=0.8048011064529419, 98%=0.8118547797203064
ranking_best_algo: CMApara
ranking_best_score: 0.7459277895312499
ranking_my_rank: 14/504 (97.4%)
ranking_my_percent: 97.42063492063492
