ConfigName: krbf__advnormalizedfitness__M4__L8__eps0p033__g0p005__ds0p15__dm0p01
Problem: QUBO
Kernel: rbf
Advantage: normalizedfitness
M: 4
lambda: 8
epsilon_svgd: 0.033
gamma: 0.005
decay_start_ratio: 0.15
decay_min_factor: 0.01
bandwith_kernel: None
no_interact: False
avg_score: -439.67999267578125
median_score: -441.5
std_score: 28.764867782592773
percentiles: 2%=-490.0400085449219, 5%=-489.0, 10%=-471.1000061035156, 25%=-460.5, 50%=-441.5, 75%=-422.5, 90%=-401.79998779296875, 95%=-385.0, 98%=-381.7999572753906
ranking_best_algo: CMApara
ranking_best_score: 453.82
ranking_my_rank: 17/504 (96.8%)
ranking_my_percent: 96.82539682539682
