ConfigName: krbf__advnormalizedfitness__M1__L8__eps0p025__g0p005__ds0p15__dm0p3
Problem: NK
Kernel: rbf
Advantage: normalizedfitness
M: 1
lambda: 8
epsilon_svgd: 0.025
gamma: 0.005
decay_start_ratio: 0.15
decay_min_factor: 0.3
bandwith_kernel: None
no_interact: False
avg_score: 0.7141404151916504
median_score: 0.7151103615760803
std_score: 0.009399252943694592
percentiles: 2%=0.6967558264732361, 5%=0.6991373896598816, 10%=0.7029700875282288, 25%=0.7079390287399292, 50%=0.7151103615760803, 75%=0.7204882502555847, 90%=0.7255585789680481, 95%=0.7288423776626587, 98%=0.7301476001739502
ranking_best_algo: PBIL
ranking_best_score: 0.7170882103515624
ranking_my_rank: 42/504 (91.9%)
ranking_my_percent: 91.86507936507937
