ConfigName: kjsd__advperagentrankweighted__M3__L16__eps0p01__g0p0005__ds0p1__dm0p2
Problem: QUBO
Kernel: jsd
Advantage: peragentrankweighted
M: 3
lambda: 16
epsilon_svgd: 0.01
gamma: 0.0005
decay_start_ratio: 0.1
decay_min_factor: 0.2
bandwith_kernel: None
no_interact: False
avg_score: -408.8800048828125
median_score: -409.5
std_score: 28.33064842224121
percentiles: 2%=-475.0400085449219, 5%=-454.0, 10%=-441.3999938964844, 25%=-428.0, 50%=-409.5, 75%=-391.75, 90%=-372.0, 95%=-359.79998779296875, 98%=-353.9200134277344
ranking_best_algo: Tabu
ranking_best_score: 438.12
ranking_my_rank: 138/504 (72.8%)
ranking_my_percent: 72.81746031746032
