ConfigName: kjsd__advperagentrankweighted__M10__L12__eps0p008__g0p0005__ds0p3__dm0p05
Problem: QUBO
Kernel: jsd
Advantage: peragentrankweighted
M: 10
lambda: 12
epsilon_svgd: 0.008
gamma: 0.0005
decay_start_ratio: 0.3
decay_min_factor: 0.05
bandwith_kernel: None
no_interact: False
avg_score: -2256.3798828125
median_score: -2238.0
std_score: 152.7014617919922
percentiles: 2%=-2578.4599609375, 5%=-2537.25, 10%=-2466.0, 25%=-2367.5, 50%=-2238.0, 75%=-2155.0, 90%=-2065.0, 95%=-2019.4000244140625, 98%=-1963.8800048828125
ranking_best_algo: SVM1MetaModelLogNormal
ranking_best_score: 2605.14
ranking_my_rank: 170/504 (66.5%)
ranking_my_percent: 66.46825396825396
