ConfigName: kjsd__advperagentrankweighted__M4__L10__eps0p02__g0p0005__ds0p2__dm0p05
Problem: NK
Kernel: jsd
Advantage: peragentrankweighted
M: 4
lambda: 10
epsilon_svgd: 0.02
gamma: 0.0005
decay_start_ratio: 0.2
decay_min_factor: 0.05
bandwith_kernel: None
no_interact: False
avg_score: 0.732287585735321
median_score: 0.7321363687515259
std_score: 0.009267527610063553
percentiles: 2%=0.7152823805809021, 5%=0.7177482843399048, 10%=0.7200201749801636, 25%=0.7261941432952881, 50%=0.7321363687515259, 75%=0.7375493049621582, 90%=0.7437458634376526, 95%=0.7478863596916199, 98%=0.7500529289245605
ranking_best_algo: PBIL
ranking_best_score: 0.733570253046875
ranking_my_rank: 2/504 (99.8%)
ranking_my_percent: 99.8015873015873
