ConfigName: kjsd__advperagentrankweighted__M3__L16__eps0p01__g0p003__ds0p1__dm0p1
Problem: NK
Kernel: jsd
Advantage: peragentrankweighted
M: 3
lambda: 16
epsilon_svgd: 0.01
gamma: 0.003
decay_start_ratio: 0.1
decay_min_factor: 0.1
bandwith_kernel: None
no_interact: False
avg_score: 0.7534916400909424
median_score: 0.7532363533973694
std_score: 0.013201527297496796
percentiles: 2%=0.7287306785583496, 5%=0.7331048846244812, 10%=0.7347910404205322, 25%=0.7450189590454102, 50%=0.7532363533973694, 75%=0.7618149518966675, 90%=0.7706716060638428, 95%=0.7757864594459534, 98%=0.7789798974990845
ranking_best_algo: Tabu
ranking_best_score: 0.7657846284375001
ranking_my_rank: 9/504 (98.4%)
ranking_my_percent: 98.41269841269842
