ConfigName: kjsd__advperagentrankweighted__M3__L16__eps0p005__g0p001__ds0p1__dm0p05
Problem: QUBO
Kernel: jsd
Advantage: peragentrankweighted
M: 3
lambda: 16
epsilon_svgd: 0.005
gamma: 0.001
decay_start_ratio: 0.1
decay_min_factor: 0.05
bandwith_kernel: None
no_interact: False
avg_score: -1307.3199462890625
median_score: -1309.5
std_score: 57.38325500488281
percentiles: 2%=-1423.0799560546875, 5%=-1410.1500244140625, 10%=-1378.300048828125, 25%=-1347.25, 50%=-1309.5, 75%=-1270.0, 90%=-1240.5999755859375, 95%=-1207.5999755859375, 98%=-1196.6800537109375
ranking_best_algo: BigLognormalDiscreteOnePlusOne
ranking_best_score: 1301.3600000000004
ranking_my_rank: 1/504 (100.0%)
ranking_my_percent: 100.0
