ConfigName: kfr__advglobalrankweighted__M4__L13__eps0p01__g0p007__ds0p01__dm0p01
Problem: QUBO
Kernel: fr
Advantage: globalrankweighted
M: 4
lambda: 13
epsilon_svgd: 0.01
gamma: 0.007
decay_start_ratio: 0.01
decay_min_factor: 0.01
bandwith_kernel: None
no_interact: False
avg_score: -331.1400146484375
median_score: -334.0
std_score: 17.843217849731445
percentiles: 2%=-372.0, 5%=-354.3500061035156, 10%=-349.1000061035156, 25%=-343.0, 50%=-334.0, 75%=-320.0, 90%=-308.0, 95%=-298.0, 98%=-291.8999938964844
ranking_best_algo: CMApara
ranking_best_score: 344.22
ranking_my_rank: 77/504 (84.9%)
ranking_my_percent: 84.92063492063492
