ConfigName: kjsd__advperagentrankweighted__M3__L24__eps0p007__g0p0005__ds0p2__dm0p05
Problem: NK
Kernel: jsd
Advantage: peragentrankweighted
M: 3
lambda: 24
epsilon_svgd: 0.007
gamma: 0.0005
decay_start_ratio: 0.2
decay_min_factor: 0.05
bandwith_kernel: None
no_interact: False
avg_score: 0.756990909576416
median_score: 0.7556030750274658
std_score: 0.012254001572728157
percentiles: 2%=0.7364485263824463, 5%=0.7388566732406616, 10%=0.742096483707428, 25%=0.7483096122741699, 50%=0.7556030750274658, 75%=0.76468825340271, 90%=0.7730591297149658, 95%=0.7747416496276855, 98%=0.7841667532920837
ranking_best_algo: Tabu
ranking_best_score: 0.7470791764843752
ranking_my_rank: 1/504 (100.0%)
ranking_my_percent: 100.0
