ConfigName: kfr__advglobalrankweighted__M3__L9__eps0p02__g0p005__ds0p01__dm0p01
Problem: NK
Kernel: fr
Advantage: globalrankweighted
M: 3
lambda: 9
epsilon_svgd: 0.02
gamma: 0.005
decay_start_ratio: 0.01
decay_min_factor: 0.01
bandwith_kernel: None
no_interact: False
avg_score: 0.7437534332275391
median_score: 0.7423140406608582
std_score: 0.0286941509693861
percentiles: 2%=0.6994897127151489, 5%=0.7057529091835022, 10%=0.7101991772651672, 25%=0.7206657528877258, 50%=0.7423140406608582, 75%=0.7580187320709229, 90%=0.7766185402870178, 95%=0.8046506643295288, 98%=0.8118547797203064
ranking_best_algo: CMApara
ranking_best_score: 0.7459277895312499
ranking_my_rank: 6/504 (99.0%)
ranking_my_percent: 99.0079365079365
