ConfigName: kjsd__advperagentrankweighted__M4__L8__eps0p005__g0p0005__ds0p2__dm0p2
Problem: QUBO
Kernel: jsd
Advantage: peragentrankweighted
M: 4
lambda: 8
epsilon_svgd: 0.005
gamma: 0.0005
decay_start_ratio: 0.2
decay_min_factor: 0.2
bandwith_kernel: None
no_interact: False
avg_score: -412.55999755859375
median_score: -412.0
std_score: 27.02381134033203
percentiles: 2%=-469.0799865722656, 5%=-457.1000061035156, 10%=-447.20001220703125, 25%=-434.0, 50%=-412.0, 75%=-392.0, 90%=-377.79998779296875, 95%=-372.0, 98%=-371.7200012207031
ranking_best_algo: Tabu
ranking_best_score: 438.12
ranking_my_rank: 67/504 (86.9%)
ranking_my_percent: 86.9047619047619
