ConfigName: kjsd__advperagentrankweighted__M3__L20__eps0p007__g0p0005__ds0p1__dm0p2
Problem: NK
Kernel: jsd
Advantage: peragentrankweighted
M: 3
lambda: 20
epsilon_svgd: 0.007
gamma: 0.0005
decay_start_ratio: 0.1
decay_min_factor: 0.2
bandwith_kernel: None
no_interact: False
avg_score: 0.7318822741508484
median_score: 0.7325646281242371
std_score: 0.009207065217196941
percentiles: 2%=0.7121597528457642, 5%=0.7180188894271851, 10%=0.7189990282058716, 25%=0.7262480854988098, 50%=0.7325646281242371, 75%=0.7378522157669067, 90%=0.7429073452949524, 95%=0.7458283305168152, 98%=0.7485007643699646
ranking_best_algo: Tabu
ranking_best_score: 0.7429702712499999
ranking_my_rank: 2/504 (99.8%)
ranking_my_percent: 99.8015873015873
