ConfigName: kfr__advglobalrankweighted__M3__L8__eps0p01__g0p005__ds0p01__dm0p01
Problem: QUBO
Kernel: fr
Advantage: globalrankweighted
M: 3
lambda: 8
epsilon_svgd: 0.01
gamma: 0.005
decay_start_ratio: 0.01
decay_min_factor: 0.01
bandwith_kernel: None
no_interact: False
avg_score: -414.4599914550781
median_score: -416.0
std_score: 26.666614532470703
percentiles: 2%=-467.0400085449219, 5%=-454.1499938964844, 10%=-449.20001220703125, 25%=-431.0, 50%=-416.0, 75%=-398.0, 90%=-383.79998779296875, 95%=-367.70001220703125, 98%=-359.9599914550781
ranking_best_algo: Tabu
ranking_best_score: 438.12
ranking_my_rank: 53/504 (89.7%)
ranking_my_percent: 89.68253968253968
