ConfigName: kjsd__advperagentrankweighted__M3__L16__eps0p005__g0p001__ds0p2__dm0p1
Problem: NK
Kernel: jsd
Advantage: peragentrankweighted
M: 3
lambda: 16
epsilon_svgd: 0.005
gamma: 0.001
decay_start_ratio: 0.2
decay_min_factor: 0.1
bandwith_kernel: None
no_interact: False
avg_score: 0.7370655536651611
median_score: 0.7372211217880249
std_score: 0.008358500897884369
percentiles: 2%=0.7199414372444153, 5%=0.7232615947723389, 10%=0.7247128486633301, 25%=0.7323195338249207, 50%=0.7372211217880249, 75%=0.7419604063034058, 90%=0.7462690472602844, 95%=0.7498304843902588, 98%=0.754063069820404
ranking_best_algo: PBIL
ranking_best_score: 0.730509098125
ranking_my_rank: 1/504 (100.0%)
ranking_my_percent: 100.0
