ConfigName: kjsd__advperagentrankweighted__M4__L20__eps0p005__g0p001__ds0p1__dm0p2
Problem: QUBO
Kernel: jsd
Advantage: peragentrankweighted
M: 4
lambda: 20
epsilon_svgd: 0.005
gamma: 0.001
decay_start_ratio: 0.1
decay_min_factor: 0.2
bandwith_kernel: None
no_interact: False
avg_score: -418.2200012207031
median_score: -420.5
std_score: 26.166994094848633
percentiles: 2%=-469.0, 5%=-457.0, 10%=-453.1000061035156, 25%=-434.5, 50%=-420.5, 75%=-399.5, 90%=-382.0, 95%=-373.8999938964844, 98%=-363.9599914550781
ranking_best_algo: Tabu
ranking_best_score: 438.12
ranking_my_rank: 40/504 (92.3%)
ranking_my_percent: 92.26190476190476
