ConfigName: krbf__advnormalizedfitness__M4__L10__eps0p033__g0p015__ds0p3__dm0p3
Problem: NK
Kernel: rbf
Advantage: normalizedfitness
M: 4
lambda: 10
epsilon_svgd: 0.033
gamma: 0.015
decay_start_ratio: 0.3
decay_min_factor: 0.3
bandwith_kernel: None
no_interact: False
avg_score: 0.6405397057533264
median_score: 0.6404215097427368
std_score: 0.012505688704550266
percentiles: 2%=0.6147471070289612, 5%=0.6224307417869568, 10%=0.6255972385406494, 25%=0.63276207447052, 50%=0.6404215097427368, 75%=0.6475206613540649, 90%=0.6565373539924622, 95%=0.6590765714645386, 98%=0.6716364622116089
ranking_best_algo: PBIL
ranking_best_score: 0.733570253046875
ranking_my_rank: 306/504 (39.5%)
ranking_my_percent: 39.48412698412698
