ConfigName: krbf__advnormalizedfitness__M1__L8__eps0p025__g0p01__ds0p3__dm0p3
Problem: QUBO
Kernel: rbf
Advantage: normalizedfitness
M: 1
lambda: 8
epsilon_svgd: 0.025
gamma: 0.01
decay_start_ratio: 0.3
decay_min_factor: 0.3
bandwith_kernel: None
no_interact: False
avg_score: -1212.719970703125
median_score: -1206.0
std_score: 61.00706481933594
percentiles: 2%=-1331.3399658203125, 5%=-1317.0, 10%=-1303.300048828125, 25%=-1252.0, 50%=-1206.0, 75%=-1162.5, 90%=-1143.0, 95%=-1126.9000244140625, 98%=-1107.919921875
ranking_best_algo: SVMMetaModelLogNormal
ranking_best_score: 1233.7999999999997
ranking_my_rank: 45/504 (91.3%)
ranking_my_percent: 91.26984126984127
