ConfigName: krbf__advnormalizedfitness__M2__L10__eps0p025__g0p015__ds0p3__dm0p3
Problem: QUBO
Kernel: rbf
Advantage: normalizedfitness
M: 2
lambda: 10
epsilon_svgd: 0.025
gamma: 0.015
decay_start_ratio: 0.3
decay_min_factor: 0.3
bandwith_kernel: None
no_interact: False
avg_score: -574.47998046875
median_score: -573.0
std_score: 26.430469512939453
percentiles: 2%=-633.0, 5%=-621.0499877929688, 10%=-609.0, 25%=-590.0, 50%=-573.0, 75%=-559.5, 90%=-544.7000122070312, 95%=-528.0, 98%=-520.8400268554688
ranking_best_algo: Tabu
ranking_best_score: 588.7199999999999
ranking_my_rank: 57/503 (88.9%)
ranking_my_percent: 88.86679920477137
