ConfigName: kjsd__advperagentrankweighted__M5__L10__eps0p03__g0p0005__ds0p2__dm0p05
Problem: QUBO
Kernel: jsd
Advantage: peragentrankweighted
M: 5
lambda: 10
epsilon_svgd: 0.03
gamma: 0.0005
decay_start_ratio: 0.2
decay_min_factor: 0.05
bandwith_kernel: None
no_interact: False
avg_score: -2602.199951171875
median_score: -2604.0
std_score: 126.37420654296875
percentiles: 2%=-2881.659912109375, 5%=-2806.85009765625, 10%=-2766.300048828125, 25%=-2686.25, 50%=-2604.0, 75%=-2507.5, 90%=-2442.699951171875, 95%=-2402.0, 98%=-2381.9599609375
ranking_best_algo: DiscreteLengler2OnePlusOne
ranking_best_score: 2617.04
ranking_my_rank: 10/504 (98.2%)
ranking_my_percent: 98.21428571428571
