ConfigName: krbf__advnormalizedfitness__M4__L8__eps0p025__g0p005__ds0p05__dm0p05
Problem: QUBO
Kernel: rbf
Advantage: normalizedfitness
M: 4
lambda: 8
epsilon_svgd: 0.025
gamma: 0.005
decay_start_ratio: 0.05
decay_min_factor: 0.05
bandwith_kernel: None
no_interact: False
avg_score: -3181.780029296875
median_score: -3174.0
std_score: 154.68727111816406
percentiles: 2%=-3492.239990234375, 5%=-3447.949951171875, 10%=-3383.39990234375, 25%=-3289.25, 50%=-3174.0, 75%=-3062.0, 90%=-2982.199951171875, 95%=-2949.60009765625, 98%=-2921.719970703125
ranking_best_algo: RLSOnePlusOne
ranking_best_score: 3316.5199999999995
ranking_my_rank: 57/504 (88.9%)
ranking_my_percent: 88.88888888888889
