ConfigName: kjsd__advperagentrankweighted__M3__L16__eps0p01__g0p0005__ds0p1__dm0p05
Problem: QUBO
Kernel: jsd
Advantage: peragentrankweighted
M: 3
lambda: 16
epsilon_svgd: 0.01
gamma: 0.0005
decay_start_ratio: 0.1
decay_min_factor: 0.05
bandwith_kernel: None
no_interact: False
avg_score: -906.0800170898438
median_score: -901.5
std_score: 67.30091857910156
percentiles: 2%=-1052.280029296875, 5%=-1024.0, 10%=-986.7000122070312, 25%=-955.0, 50%=-901.5, 75%=-861.5, 90%=-822.9000244140625, 95%=-791.9500122070312, 98%=-778.6799926757812
ranking_best_algo: CMAL3
ranking_best_score: 928.5800000000002
ranking_my_rank: 61/504 (88.1%)
ranking_my_percent: 88.0952380952381
