ConfigName: krbf__advnormalizedfitness__M3__L24__eps0p02__g0p01__ds0p15__dm0p05
Problem: QUBO
Kernel: rbf
Advantage: normalizedfitness
M: 3
lambda: 24
epsilon_svgd: 0.02
gamma: 0.01
decay_start_ratio: 0.15
decay_min_factor: 0.05
bandwith_kernel: None
no_interact: False
avg_score: -148.67999267578125
median_score: -148.5
std_score: 12.877017974853516
percentiles: 2%=-179.0, 5%=-179.0, 10%=-160.1999969482422, 25%=-155.25, 50%=-148.5, 75%=-139.0, 90%=-133.89999389648438, 95%=-131.0, 98%=-125.9800033569336
ranking_best_algo: CMApara
ranking_best_score: 154.28
ranking_my_rank: 83/504 (83.7%)
ranking_my_percent: 83.73015873015873
