ConfigName: kjsd__advperagentrankweighted__M4__L10__eps0p005__g0p0007__ds0p05__dm0p05
Problem: QUBO
Kernel: jsd
Advantage: peragentrankweighted
M: 4
lambda: 10
epsilon_svgd: 0.005
gamma: 0.0007
decay_start_ratio: 0.05
decay_min_factor: 0.05
bandwith_kernel: None
no_interact: False
avg_score: -443.6000061035156
median_score: -443.0
std_score: 25.21110725402832
percentiles: 2%=-489.0199890136719, 5%=-485.0, 10%=-479.0, 25%=-461.25, 50%=-443.0, 75%=-423.0, 90%=-410.0, 95%=-402.0, 98%=-398.8999938964844
ranking_best_algo: CMApara
ranking_best_score: 453.82
ranking_my_rank: 7/504 (98.8%)
ranking_my_percent: 98.80952380952381
