ConfigName: kfr__advglobalrankweighted__M6__L8__eps0p015__g0p003__ds0p01__dm0p01
Problem: QUBO
Kernel: fr
Advantage: globalrankweighted
M: 6
lambda: 8
epsilon_svgd: 0.015
gamma: 0.003
decay_start_ratio: 0.01
decay_min_factor: 0.01
bandwith_kernel: None
no_interact: False
avg_score: -900.9000244140625
median_score: -888.0
std_score: 64.4376449584961
percentiles: 2%=-1042.239990234375, 5%=-1013.9500122070312, 10%=-985.4000244140625, 25%=-954.25, 50%=-888.0, 75%=-852.75, 90%=-816.9000244140625, 95%=-808.9500122070312, 98%=-805.699951171875
ranking_best_algo: CMAL3
ranking_best_score: 928.5800000000002
ranking_my_rank: 69/504 (86.5%)
ranking_my_percent: 86.5079365079365
