ConfigName: kjsd__advperagentrankweighted__M3__L30__eps0p005__g0p0005__ds0p2__dm0p1
Problem: QUBO
Kernel: jsd
Advantage: peragentrankweighted
M: 3
lambda: 30
epsilon_svgd: 0.005
gamma: 0.0005
decay_start_ratio: 0.2
decay_min_factor: 0.1
bandwith_kernel: None
no_interact: False
avg_score: -1237.300048828125
median_score: -1227.5
std_score: 65.94490814208984
percentiles: 2%=-1387.0, 5%=-1344.6500244140625, 10%=-1326.0, 25%=-1285.0, 50%=-1227.5, 75%=-1186.5, 90%=-1160.9000244140625, 95%=-1146.5999755859375, 98%=-1125.0
ranking_best_algo: SVMMetaModelLogNormal
ranking_best_score: 1233.7999999999997
ranking_my_rank: 1/504 (100.0%)
ranking_my_percent: 100.0
