ConfigName: kjsd__advperagentrankweighted__M3__L18__eps0p01__g0p001__ds0p1__dm0p1
Problem: QUBO
Kernel: jsd
Advantage: peragentrankweighted
M: 3
lambda: 18
epsilon_svgd: 0.01
gamma: 0.001
decay_start_ratio: 0.1
decay_min_factor: 0.1
bandwith_kernel: None
no_interact: False
avg_score: -2643.639892578125
median_score: -2628.5
std_score: 124.26966857910156
percentiles: 2%=-2894.320068359375, 5%=-2878.550048828125, 10%=-2799.39990234375, 25%=-2723.75, 50%=-2628.5, 75%=-2576.0, 90%=-2493.699951171875, 95%=-2446.25, 98%=-2407.56005859375
ranking_best_algo: DiscreteLengler2OnePlusOne
ranking_best_score: 2617.04
ranking_my_rank: 1/504 (100.0%)
ranking_my_percent: 100.0
