ConfigName: krbf__advnormalizedfitness__M5__L10__eps0p025__g0p005__ds0p05__dm0p05
Problem: QUBO
Kernel: rbf
Advantage: normalizedfitness
M: 5
lambda: 10
epsilon_svgd: 0.025
gamma: 0.005
decay_start_ratio: 0.05
decay_min_factor: 0.05
bandwith_kernel: None
no_interact: False
avg_score: -421.70001220703125
median_score: -419.5
std_score: 27.737157821655273
percentiles: 2%=-475.0, 5%=-467.1000061035156, 10%=-457.20001220703125, 25%=-442.25, 50%=-419.5, 75%=-400.75, 90%=-390.0, 95%=-381.95001220703125, 98%=-371.67999267578125
ranking_best_algo: CMAL3
ranking_best_score: 435.36
ranking_my_rank: 52/504 (89.9%)
ranking_my_percent: 89.88095238095238
