ConfigName: kjsd__advperagentrankweighted__M4__L8__eps0p02__g0p0007__ds0p2__dm0p05
Problem: QUBO
Kernel: jsd
Advantage: peragentrankweighted
M: 4
lambda: 8
epsilon_svgd: 0.02
gamma: 0.0007
decay_start_ratio: 0.2
decay_min_factor: 0.05
bandwith_kernel: None
no_interact: False
avg_score: -2543.10009765625
median_score: -2535.5
std_score: 114.30621337890625
percentiles: 2%=-2782.52001953125, 5%=-2749.199951171875, 10%=-2703.300048828125, 25%=-2614.75, 50%=-2535.5, 75%=-2465.0, 90%=-2405.39990234375, 95%=-2385.39990234375, 98%=-2356.919921875
ranking_best_algo: SVM1MetaModelLogNormal
ranking_best_score: 2605.14
ranking_my_rank: 43/504 (91.7%)
ranking_my_percent: 91.66666666666667
