ConfigName: kfr__advglobalrankweighted__M4__L5__eps0p01__g0p005__ds0p01__dm0p01
Problem: NK
Kernel: fr
Advantage: globalrankweighted
M: 4
lambda: 5
epsilon_svgd: 0.01
gamma: 0.005
decay_start_ratio: 0.01
decay_min_factor: 0.01
bandwith_kernel: None
no_interact: False
avg_score: 0.7459352016448975
median_score: 0.7422553300857544
std_score: 0.026950214058160782
percentiles: 2%=0.707862913608551, 5%=0.7105557918548584, 10%=0.712126612663269, 25%=0.7267177700996399, 50%=0.7422553300857544, 75%=0.7601335048675537, 90%=0.778337299823761, 95%=0.8044298887252808, 98%=0.8077645897865295
ranking_best_algo: CMApara
ranking_best_score: 0.7459277895312499
ranking_my_rank: 1/504 (100.0%)
ranking_my_percent: 100.0
