ConfigName: krbf__advnormalizedfitness__M1__L8__eps0p025__g0p01__ds0p3__dm0p3
Problem: NK
Kernel: rbf
Advantage: normalizedfitness
M: 1
lambda: 8
epsilon_svgd: 0.025
gamma: 0.01
decay_start_ratio: 0.3
decay_min_factor: 0.3
bandwith_kernel: None
no_interact: False
avg_score: 0.7253978848457336
median_score: 0.7248765230178833
std_score: 0.012369646690785885
percentiles: 2%=0.7003288269042969, 5%=0.7059562802314758, 10%=0.7099967002868652, 25%=0.7160585522651672, 50%=0.7248765230178833, 75%=0.7330708503723145, 90%=0.7414190173149109, 95%=0.7459051609039307, 98%=0.7493519186973572
ranking_best_algo: Tabu
ranking_best_score: 0.7429702712499999
ranking_my_rank: 4/504 (99.4%)
ranking_my_percent: 99.4047619047619
