ConfigName: kjsd__advperagentrankweighted__M3__L18__eps0p005__g0p0005__ds0p05__dm0p05
Problem: NK
Kernel: jsd
Advantage: peragentrankweighted
M: 3
lambda: 18
epsilon_svgd: 0.005
gamma: 0.0005
decay_start_ratio: 0.05
decay_min_factor: 0.05
bandwith_kernel: None
no_interact: False
avg_score: 0.7422617077827454
median_score: 0.7420754432678223
std_score: 0.012930411845445633
percentiles: 2%=0.7197102904319763, 5%=0.722157895565033, 10%=0.7250427603721619, 25%=0.7331106662750244, 50%=0.7420754432678223, 75%=0.7508127689361572, 90%=0.7604061365127563, 95%=0.7659522891044617, 98%=0.7679007053375244
ranking_best_algo: Tabu
ranking_best_score: 0.7601875690625
ranking_my_rank: 11/504 (98.0%)
ranking_my_percent: 98.01587301587301
