ConfigName: kfr__advglobalrankweighted__M6__L7__eps0p01__g0p003__ds0p01__dm0p01
Problem: QUBO
Kernel: fr
Advantage: globalrankweighted
M: 6
lambda: 7
epsilon_svgd: 0.01
gamma: 0.003
decay_start_ratio: 0.01
decay_min_factor: 0.01
bandwith_kernel: None
no_interact: False
avg_score: -150.60000610351562
median_score: -149.5
std_score: 11.973304748535156
percentiles: 2%=-179.0, 5%=-179.0, 10%=-164.0, 25%=-156.0, 50%=-149.5, 75%=-141.0, 90%=-138.89999389648438, 95%=-134.95001220703125, 98%=-133.9399871826172
ranking_best_algo: CMApara
ranking_best_score: 154.28
ranking_my_rank: 76/504 (85.1%)
ranking_my_percent: 85.11904761904762
