ConfigName: kjsd__advperagentrankweighted__M4__L12__eps0p005__g0p001__ds0p1__dm0p05
Problem: QUBO
Kernel: jsd
Advantage: peragentrankweighted
M: 4
lambda: 12
epsilon_svgd: 0.005
gamma: 0.001
decay_start_ratio: 0.1
decay_min_factor: 0.05
bandwith_kernel: None
no_interact: False
avg_score: -1234.52001953125
median_score: -1224.0
std_score: 56.59955978393555
percentiles: 2%=-1349.0400390625, 5%=-1338.050048828125, 10%=-1315.4000244140625, 25%=-1275.0, 50%=-1224.0, 75%=-1197.5, 90%=-1170.5, 95%=-1154.449951171875, 98%=-1140.719970703125
ranking_best_algo: SVMMetaModelLogNormal
ranking_best_score: 1233.7999999999997
ranking_my_rank: 1/504 (100.0%)
ranking_my_percent: 100.0
