ConfigName: kfr__advglobalrankweighted__M3__L11__eps0p02__g0p005__ds0p01__dm0p01
Problem: QUBO
Kernel: fr
Advantage: globalrankweighted
M: 3
lambda: 11
epsilon_svgd: 0.02
gamma: 0.005
decay_start_ratio: 0.01
decay_min_factor: 0.01
bandwith_kernel: None
no_interact: False
avg_score: -437.5199890136719
median_score: -441.5
std_score: 27.542869567871094
percentiles: 2%=-484.0199890136719, 5%=-476.1499938964844, 10%=-471.1000061035156, 25%=-459.25, 50%=-441.5, 75%=-416.75, 90%=-398.79998779296875, 95%=-392.9000244140625, 98%=-381.8399658203125
ranking_best_algo: CMApara
ranking_best_score: 453.82
ranking_my_rank: 28/504 (94.6%)
ranking_my_percent: 94.64285714285714
