ConfigName: kjsd__advperagentrankweighted__M3__L30__eps0p005__g0p001__ds0p05__dm0p05
Problem: NK
Kernel: jsd
Advantage: peragentrankweighted
M: 3
lambda: 30
epsilon_svgd: 0.005
gamma: 0.001
decay_start_ratio: 0.05
decay_min_factor: 0.05
bandwith_kernel: None
no_interact: False
avg_score: 0.737608790397644
median_score: 0.7390626668930054
std_score: 0.009160401299595833
percentiles: 2%=0.7164252400398254, 5%=0.7200866937637329, 10%=0.7242459058761597, 25%=0.7327311635017395, 50%=0.7390626668930054, 75%=0.7443374991416931, 90%=0.7476742267608643, 95%=0.7510754466056824, 98%=0.7530291676521301
ranking_best_algo: PBIL
ranking_best_score: 0.730509098125
ranking_my_rank: 1/504 (100.0%)
ranking_my_percent: 100.0
