ConfigName: kjsd__advperagentrankweighted__M3__L16__eps0p01__g0p0005__ds0p05__dm0p2
Problem: QUBO
Kernel: jsd
Advantage: peragentrankweighted
M: 3
lambda: 16
epsilon_svgd: 0.01
gamma: 0.0005
decay_start_ratio: 0.05
decay_min_factor: 0.2
bandwith_kernel: None
no_interact: False
avg_score: -3306.6201171875
median_score: -3305.5
std_score: 131.5357666015625
percentiles: 2%=-3550.139892578125, 5%=-3516.699951171875, 10%=-3466.10009765625, 25%=-3409.25, 50%=-3305.5, 75%=-3184.5, 90%=-3145.199951171875, 95%=-3122.35009765625, 98%=-3065.800048828125
ranking_best_algo: RLSOnePlusOne
ranking_best_score: 3316.5199999999995
ranking_my_rank: 3/504 (99.6%)
ranking_my_percent: 99.60317460317461
