ConfigName: kjsd__advperagentrankweighted__M3__L18__eps0p007__g0p0005__ds0p05__dm0p05
Problem: QUBO
Kernel: jsd
Advantage: peragentrankweighted
M: 3
lambda: 18
epsilon_svgd: 0.007
gamma: 0.0005
decay_start_ratio: 0.05
decay_min_factor: 0.05
bandwith_kernel: None
no_interact: False
avg_score: -308.8800048828125
median_score: -306.0
std_score: 39.020320892333984
percentiles: 2%=-396.0799865722656, 5%=-386.1000061035156, 10%=-359.6000061035156, 25%=-334.0, 50%=-306.0, 75%=-275.0, 90%=-265.8999938964844, 95%=-259.8999938964844, 98%=-255.94000244140625
ranking_best_algo: CMApara
ranking_best_score: 319.29999999999995
ranking_my_rank: 82/504 (83.9%)
ranking_my_percent: 83.92857142857143
