ConfigName: krbf__advnormalizedfitness__M3__L10__eps0p025__g0p005__ds0p3__dm0p3
Problem: QUBO
Kernel: rbf
Advantage: normalizedfitness
M: 3
lambda: 10
epsilon_svgd: 0.025
gamma: 0.005
decay_start_ratio: 0.3
decay_min_factor: 0.3
bandwith_kernel: None
no_interact: False
avg_score: -1209.0999755859375
median_score: -1206.5
std_score: 60.68681716918945
percentiles: 2%=-1322.4599609375, 5%=-1307.050048828125, 10%=-1278.9000244140625, 25%=-1255.0, 50%=-1206.5, 75%=-1171.75, 90%=-1125.0, 95%=-1108.8499755859375, 98%=-1098.7999267578125
ranking_best_algo: SVMMetaModelLogNormal
ranking_best_score: 1233.7999999999997
ranking_my_rank: 46/504 (91.1%)
ranking_my_percent: 91.07142857142857
