ConfigName: kfr__advglobalrankweighted__M3__L10__eps0p015__g0p005__ds0p01__dm0p01
Problem: QUBO
Kernel: fr
Advantage: globalrankweighted
M: 3
lambda: 10
epsilon_svgd: 0.015
gamma: 0.005
decay_start_ratio: 0.01
decay_min_factor: 0.01
bandwith_kernel: None
no_interact: False
avg_score: -3261.06005859375
median_score: -3266.0
std_score: 126.60771942138672
percentiles: 2%=-3513.080078125, 5%=-3462.449951171875, 10%=-3413.60009765625, 25%=-3344.5, 50%=-3266.0, 75%=-3165.5, 90%=-3096.699951171875, 95%=-3058.10009765625, 98%=-3020.719970703125
ranking_best_algo: RLSOnePlusOne
ranking_best_score: 3316.5199999999995
ranking_my_rank: 14/504 (97.4%)
ranking_my_percent: 97.42063492063492
