ConfigName: kjsd__advperagentrankweighted__M3__L24__eps0p007__g0p0005__ds0p2__dm0p05
Problem: QUBO
Kernel: jsd
Advantage: peragentrankweighted
M: 3
lambda: 24
epsilon_svgd: 0.007
gamma: 0.0005
decay_start_ratio: 0.2
decay_min_factor: 0.05
bandwith_kernel: None
no_interact: False
avg_score: -200.33999633789062
median_score: -201.5
std_score: 12.790794372558594
percentiles: 2%=-224.0, 5%=-221.14999389648438, 10%=-217.10000610351562, 25%=-209.0, 50%=-201.5, 75%=-192.75, 90%=-182.0, 95%=-178.9499969482422, 98%=-175.9600067138672
ranking_best_algo: Tabu
ranking_best_score: 208.36000000000004
ranking_my_rank: 47/504 (90.9%)
ranking_my_percent: 90.87301587301587
