ConfigName: kjsd__advperagentrankweighted__M3__L18__eps0p007__g0p001__ds0p05__dm0p05
Problem: QUBO
Kernel: jsd
Advantage: peragentrankweighted
M: 3
lambda: 18
epsilon_svgd: 0.007
gamma: 0.001
decay_start_ratio: 0.05
decay_min_factor: 0.05
bandwith_kernel: None
no_interact: False
avg_score: -199.47999572753906
median_score: -200.5
std_score: 12.387476921081543
percentiles: 2%=-224.0, 5%=-219.14999389648438, 10%=-215.0, 25%=-207.0, 50%=-200.5, 75%=-190.0, 90%=-185.89999389648438, 95%=-181.9499969482422, 98%=-176.8000030517578
ranking_best_algo: Tabu
ranking_best_score: 208.36000000000004
ranking_my_rank: 84/504 (83.5%)
ranking_my_percent: 83.53174603174604
