ConfigName: krbf__advnormalizedfitness__M3__L8__eps0p015__g0p015__ds0p3__dm0p3
Problem: QUBO
Kernel: rbf
Advantage: normalizedfitness
M: 3
lambda: 8
epsilon_svgd: 0.015
gamma: 0.015
decay_start_ratio: 0.3
decay_min_factor: 0.3
bandwith_kernel: None
no_interact: False
avg_score: -1811.1199951171875
median_score: -1794.5
std_score: 174.26022338867188
percentiles: 2%=-2157.419921875, 5%=-2115.199951171875, 10%=-2062.0, 25%=-1948.0, 50%=-1794.5, 75%=-1689.75, 90%=-1607.5999755859375, 95%=-1530.5001220703125, 98%=-1473.3798828125
ranking_best_algo: DiscreteLengler2OnePlusOne
ranking_best_score: 2617.04
ranking_my_rank: 319/504 (36.9%)
ranking_my_percent: 36.904761904761905
