ConfigName: krbf__advnormalizedfitness__M3__L15__eps0p033__g0p01__ds0p3__dm0p01
Problem: NK
Kernel: rbf
Advantage: normalizedfitness
M: 3
lambda: 15
epsilon_svgd: 0.033
gamma: 0.01
decay_start_ratio: 0.3
decay_min_factor: 0.01
bandwith_kernel: None
no_interact: False
avg_score: 0.7321007251739502
median_score: 0.7314984202384949
std_score: 0.013006815686821938
percentiles: 2%=0.7050662040710449, 5%=0.7132203578948975, 10%=0.7164849638938904, 25%=0.7239322662353516, 50%=0.7314984202384949, 75%=0.7398582696914673, 90%=0.7485311627388, 95%=0.7504727840423584, 98%=0.7609200477600098
ranking_best_algo: PBIL
ranking_best_score: 0.733570253046875
ranking_my_rank: 2/504 (99.8%)
ranking_my_percent: 99.8015873015873
