ConfigName: krbf__advnormalizedfitness__M4__L12__eps0p025__g0p015__ds0p15__dm0p01
Problem: NK
Kernel: rbf
Advantage: normalizedfitness
M: 4
lambda: 12
epsilon_svgd: 0.025
gamma: 0.015
decay_start_ratio: 0.15
decay_min_factor: 0.01
bandwith_kernel: None
no_interact: False
avg_score: 0.6089798212051392
median_score: 0.6068419218063354
std_score: 0.010674789547920227
percentiles: 2%=0.5930984616279602, 5%=0.5952560901641846, 10%=0.5976352095603943, 25%=0.6004512906074524, 50%=0.6068419218063354, 75%=0.6149585247039795, 90%=0.6223405599594116, 95%=0.6293407678604126, 98%=0.6343022584915161
ranking_best_algo: Tabu
ranking_best_score: 0.7429702712499999
ranking_my_rank: 387/504 (23.4%)
ranking_my_percent: 23.41269841269841
