ConfigName: krbf__advnormalizedfitness__M3__L15__eps0p025__g0p005__ds0p15__dm0p3
Problem: NK
Kernel: rbf
Advantage: normalizedfitness
M: 3
lambda: 15
epsilon_svgd: 0.025
gamma: 0.005
decay_start_ratio: 0.15
decay_min_factor: 0.3
bandwith_kernel: None
no_interact: False
avg_score: 0.732779324054718
median_score: 0.7298697233200073
std_score: 0.01341944094747305
percentiles: 2%=0.7110844254493713, 5%=0.7121295928955078, 10%=0.7168382406234741, 25%=0.7240606546401978, 50%=0.7298697233200073, 75%=0.7431633472442627, 90%=0.7524296641349792, 95%=0.7542895674705505, 98%=0.7573558688163757
ranking_best_algo: PBIL
ranking_best_score: 0.733570253046875
ranking_my_rank: 2/504 (99.8%)
ranking_my_percent: 99.8015873015873
