ConfigName: kjsd__advperagentrankweighted__M5__L8__eps0p01__g0p0005__ds0p2__dm0p05
Problem: QUBO
Kernel: jsd
Advantage: peragentrankweighted
M: 5
lambda: 8
epsilon_svgd: 0.01
gamma: 0.0005
decay_start_ratio: 0.2
decay_min_factor: 0.05
bandwith_kernel: None
no_interact: False
avg_score: -149.25999450683594
median_score: -149.0
std_score: 12.605254173278809
percentiles: 2%=-179.0, 5%=-179.0, 10%=-164.0, 25%=-155.0, 50%=-149.0, 75%=-141.0, 90%=-133.0, 95%=-129.9499969482422, 98%=-127.94000244140625
ranking_best_algo: CMApara
ranking_best_score: 154.28
ranking_my_rank: 78/504 (84.7%)
ranking_my_percent: 84.72222222222223
