ConfigName: krbf__advnormalizedfitness__M2__L11__eps0p01__g0p007__ds0p01__dm0p01
Problem: NK
Kernel: rbf
Advantage: normalizedfitness
M: 2
lambda: 11
epsilon_svgd: 0.01
gamma: 0.007
decay_start_ratio: 0.01
decay_min_factor: 0.01
bandwith_kernel: None
no_interact: False
avg_score: 0.7388508319854736
median_score: 0.7374988794326782
std_score: 0.013232918456196785
percentiles: 2%=0.7117896676063538, 5%=0.7199558615684509, 10%=0.7236099243164062, 25%=0.7295736074447632, 50%=0.7374988794326782, 75%=0.7488635182380676, 90%=0.7548270225524902, 95%=0.7565059661865234, 98%=0.7615609169006348
ranking_best_algo: Tabu
ranking_best_score: 0.7601875690625
ranking_my_rank: 16/504 (97.0%)
ranking_my_percent: 97.02380952380952
