ConfigName: kjsd__advperagentrankweighted__M5__L30__eps0p007__g0p0005__ds0p05__dm0p05
Problem: QUBO
Kernel: jsd
Advantage: peragentrankweighted
M: 5
lambda: 30
epsilon_svgd: 0.007
gamma: 0.0005
decay_start_ratio: 0.05
decay_min_factor: 0.05
bandwith_kernel: None
no_interact: False
avg_score: -911.1400146484375
median_score: -904.0
std_score: 62.217044830322266
percentiles: 2%=-1046.1199951171875, 5%=-1021.2000122070312, 10%=-993.4000244140625, 25%=-955.0, 50%=-904.0, 75%=-872.75, 90%=-833.7000122070312, 95%=-810.7000122070312, 98%=-789.7000122070312
ranking_best_algo: CMAL3
ranking_best_score: 928.5800000000002
ranking_my_rank: 20/504 (96.2%)
ranking_my_percent: 96.23015873015873
