ConfigName: krbf__advglobalrankweighted__M4__L10__eps0p015__g0p003__ds0p01__dm0p01
Problem: QUBO
Kernel: rbf
Advantage: globalrankweighted
M: 4
lambda: 10
epsilon_svgd: 0.015
gamma: 0.003
decay_start_ratio: 0.01
decay_min_factor: 0.01
bandwith_kernel: None
no_interact: False
avg_score: -924.8800048828125
median_score: -924.0
std_score: 61.30453109741211
percentiles: 2%=-1048.47998046875, 5%=-1036.3499755859375, 10%=-1011.4000244140625, 25%=-963.0, 50%=-924.0, 75%=-885.0, 90%=-834.9000244140625, 95%=-828.9500122070312, 98%=-818.5198974609375
ranking_best_algo: CMApara
ranking_best_score: 964.9
ranking_my_rank: 21/504 (96.0%)
ranking_my_percent: 96.03174603174604
