ConfigName: kjsd__advperagentrankweighted__M3__L18__eps0p005__g0p0007__ds0p2__dm0p05
Problem: NK
Kernel: jsd
Advantage: peragentrankweighted
M: 3
lambda: 18
epsilon_svgd: 0.005
gamma: 0.0007
decay_start_ratio: 0.2
decay_min_factor: 0.05
bandwith_kernel: None
no_interact: False
avg_score: 0.7594293355941772
median_score: 0.7592422366142273
std_score: 0.012235385365784168
percentiles: 2%=0.7359960079193115, 5%=0.7401732206344604, 10%=0.7446675300598145, 25%=0.7517735958099365, 50%=0.7592422366142273, 75%=0.7673653364181519, 90%=0.7764915227890015, 95%=0.7796632647514343, 98%=0.7845380306243896
ranking_best_algo: Tabu
ranking_best_score: 0.7470791764843752
ranking_my_rank: 1/504 (100.0%)
ranking_my_percent: 100.0
