ConfigName: kjsd__advperagentrankweighted__M3__L20__eps0p01__g0p0005__ds0p05__dm0p1
Problem: QUBO
Kernel: jsd
Advantage: peragentrankweighted
M: 3
lambda: 20
epsilon_svgd: 0.01
gamma: 0.0005
decay_start_ratio: 0.05
decay_min_factor: 0.1
bandwith_kernel: None
no_interact: False
avg_score: -1300.9599609375
median_score: -1301.5
std_score: 56.59910202026367
percentiles: 2%=-1413.280029296875, 5%=-1393.300048828125, 10%=-1377.4000244140625, 25%=-1340.0, 50%=-1301.5, 75%=-1263.0, 90%=-1220.800048828125, 95%=-1211.0, 98%=-1191.8599853515625
ranking_best_algo: BigLognormalDiscreteOnePlusOne
ranking_best_score: 1301.3600000000004
ranking_my_rank: 2/504 (99.8%)
ranking_my_percent: 99.8015873015873
