ConfigName: kjsd__advperagentrankweighted__M3__L16__eps0p005__g0p001__ds0p2__dm0p05
Problem: QUBO
Kernel: jsd
Advantage: peragentrankweighted
M: 3
lambda: 16
epsilon_svgd: 0.005
gamma: 0.001
decay_start_ratio: 0.2
decay_min_factor: 0.05
bandwith_kernel: None
no_interact: False
avg_score: -1307.699951171875
median_score: -1306.0
std_score: 54.057098388671875
percentiles: 2%=-1416.4000244140625, 5%=-1397.050048828125, 10%=-1377.0999755859375, 25%=-1344.25, 50%=-1306.0, 75%=-1274.5, 90%=-1240.0999755859375, 95%=-1224.0999755859375, 98%=-1198.780029296875
ranking_best_algo: BigLognormalDiscreteOnePlusOne
ranking_best_score: 1301.3600000000004
ranking_my_rank: 1/504 (100.0%)
ranking_my_percent: 100.0
