ConfigName: krbf__advnormalizedfitness__M2__L6__eps0p01__g0p006__ds0p3__dm0p3
Problem: QUBO
Kernel: rbf
Advantage: normalizedfitness
M: 2
lambda: 6
epsilon_svgd: 0.01
gamma: 0.006
decay_start_ratio: 0.3
decay_min_factor: 0.3
bandwith_kernel: None
no_interact: False
avg_score: -2543.4599609375
median_score: -2531.5
std_score: 123.1129150390625
percentiles: 2%=-2845.260009765625, 5%=-2753.050048828125, 10%=-2701.0, 25%=-2617.0, 50%=-2531.5, 75%=-2448.0, 90%=-2399.60009765625, 95%=-2372.800048828125, 98%=-2320.919921875
ranking_best_algo: SVM1MetaModelLogNormal
ranking_best_score: 2605.14
ranking_my_rank: 43/504 (91.7%)
ranking_my_percent: 91.66666666666667
