ConfigName: kjsd__advperagentrankweighted__M3__L18__eps0p01__g0p001__ds0p05__dm0p1
Problem: QUBO
Kernel: jsd
Advantage: peragentrankweighted
M: 3
lambda: 18
epsilon_svgd: 0.01
gamma: 0.001
decay_start_ratio: 0.05
decay_min_factor: 0.1
bandwith_kernel: None
no_interact: False
avg_score: -138.16000366210938
median_score: -139.0
std_score: 12.41508674621582
percentiles: 2%=-160.02000427246094, 5%=-158.0500030517578, 10%=-157.0, 25%=-146.0, 50%=-139.0, 75%=-130.0, 90%=-122.80000305175781, 95%=-117.0, 98%=-112.95999908447266
ranking_best_algo: DiscreteDE
ranking_best_score: 143.4
ranking_my_rank: 113/504 (77.8%)
ranking_my_percent: 77.77777777777777
