ConfigName: kjsd__advperagentrankweighted__M6__L10__eps0p008__g0p0005__ds0p3__dm0p05
Problem: QUBO
Kernel: jsd
Advantage: peragentrankweighted
M: 6
lambda: 10
epsilon_svgd: 0.008
gamma: 0.0005
decay_start_ratio: 0.3
decay_min_factor: 0.05
bandwith_kernel: None
no_interact: False
avg_score: -2564.659912109375
median_score: -2558.0
std_score: 119.94066619873047
percentiles: 2%=-2830.0400390625, 5%=-2752.800048828125, 10%=-2718.199951171875, 25%=-2655.5, 50%=-2558.0, 75%=-2484.0, 90%=-2396.0, 95%=-2380.39990234375, 98%=-2333.219970703125
ranking_best_algo: SVM1MetaModelLogNormal
ranking_best_score: 2605.14
ranking_my_rank: 39/504 (92.5%)
ranking_my_percent: 92.46031746031746
