ConfigName: kjsd__advperagentrankweighted__M5__L28__eps0p008__g0p0005__ds0p05__dm0p05
Problem: QUBO
Kernel: jsd
Advantage: peragentrankweighted
M: 5
lambda: 28
epsilon_svgd: 0.008
gamma: 0.0005
decay_start_ratio: 0.05
decay_min_factor: 0.05
bandwith_kernel: None
no_interact: False
avg_score: -1224.8800048828125
median_score: -1221.5
std_score: 62.77265167236328
percentiles: 2%=-1369.0799560546875, 5%=-1339.0999755859375, 10%=-1309.0, 25%=-1266.5, 50%=-1221.5, 75%=-1174.75, 90%=-1152.9000244140625, 95%=-1130.949951171875, 98%=-1122.8800048828125
ranking_best_algo: SVMMetaModelLogNormal
ranking_best_score: 1233.7999999999997
ranking_my_rank: 14/504 (97.4%)
ranking_my_percent: 97.42063492063492
