ConfigName: krbf__advnormalizedfitness__M3__L8__eps0p03__g0p005__ds0p05__dm0p05
Problem: NK
Kernel: rbf
Advantage: normalizedfitness
M: 3
lambda: 8
epsilon_svgd: 0.03
gamma: 0.005
decay_start_ratio: 0.05
decay_min_factor: 0.05
bandwith_kernel: None
no_interact: False
avg_score: 0.7067959308624268
median_score: 0.7086255550384521
std_score: 0.011867046356201172
percentiles: 2%=0.6872752904891968, 5%=0.6891212463378906, 10%=0.691021203994751, 25%=0.6956888437271118, 50%=0.7086255550384521, 75%=0.717223584651947, 90%=0.7210888266563416, 95%=0.723777174949646, 98%=0.7247689962387085
ranking_best_algo: PBIL
ranking_best_score: 0.7013553837109374
ranking_my_rank: 1/504 (100.0%)
ranking_my_percent: 100.0
