ConfigName: kjsd__advperagentrankweighted__M3__L20__eps0p005__g0p001__ds0p2__dm0p1
Problem: NK
Kernel: jsd
Advantage: peragentrankweighted
M: 3
lambda: 20
epsilon_svgd: 0.005
gamma: 0.001
decay_start_ratio: 0.2
decay_min_factor: 0.1
bandwith_kernel: None
no_interact: False
avg_score: 0.7433236837387085
median_score: 0.7441949844360352
std_score: 0.013529565185308456
percentiles: 2%=0.7177248001098633, 5%=0.7201898694038391, 10%=0.7227010130882263, 25%=0.7345294952392578, 50%=0.7441949844360352, 75%=0.7518416047096252, 90%=0.7612686157226562, 95%=0.7640913128852844, 98%=0.7705367803573608
ranking_best_algo: Tabu
ranking_best_score: 0.7601875690625
ranking_my_rank: 8/504 (98.6%)
ranking_my_percent: 98.61111111111111
