ConfigName: kjsd__advperagentrankweighted__M8__L24__eps0p008__g0p0005__ds0p05__dm0p05
Problem: QUBO
Kernel: jsd
Advantage: peragentrankweighted
M: 8
lambda: 24
epsilon_svgd: 0.008
gamma: 0.0005
decay_start_ratio: 0.05
decay_min_factor: 0.05
bandwith_kernel: None
no_interact: False
avg_score: -2239.97998046875
median_score: -2229.0
std_score: 141.4007110595703
percentiles: 2%=-2498.239990234375, 5%=-2450.0, 10%=-2427.5, 25%=-2359.5, 50%=-2229.0, 75%=-2140.0, 90%=-2053.800048828125, 95%=-2013.550048828125, 98%=-1962.56005859375
ranking_best_algo: SVM1MetaModelLogNormal
ranking_best_score: 2605.14
ranking_my_rank: 173/504 (65.9%)
ranking_my_percent: 65.87301587301587
