ConfigName: krbf__advnormalizedfitness__M4__L8__eps0p03__g0p005__ds0p05__dm0p05
Problem: NK
Kernel: rbf
Advantage: normalizedfitness
M: 4
lambda: 8
epsilon_svgd: 0.03
gamma: 0.005
decay_start_ratio: 0.05
decay_min_factor: 0.05
bandwith_kernel: None
no_interact: False
avg_score: 0.7449583411216736
median_score: 0.7422553300857544
std_score: 0.02764183282852173
percentiles: 2%=0.7000123858451843, 5%=0.7095045447349548, 10%=0.7117627859115601, 25%=0.7253260612487793, 50%=0.7422553300857544, 75%=0.7585474252700806, 90%=0.778092622756958, 95%=0.8044298887252808, 98%=0.8045602440834045
ranking_best_algo: CMApara
ranking_best_score: 0.7459277895312499
ranking_my_rank: 2/504 (99.8%)
ranking_my_percent: 99.8015873015873
