ConfigName: kjsd__advperagentrankweighted__M4__L30__eps0p005__g0p0003__ds0p2__dm0p05
Problem: QUBO
Kernel: jsd
Advantage: peragentrankweighted
M: 4
lambda: 30
epsilon_svgd: 0.005
gamma: 0.0003
decay_start_ratio: 0.2
decay_min_factor: 0.05
bandwith_kernel: None
no_interact: False
avg_score: -2582.10009765625
median_score: -2579.5
std_score: 110.49900817871094
percentiles: 2%=-2772.56005859375, 5%=-2762.35009765625, 10%=-2721.60009765625, 25%=-2657.0, 50%=-2579.5, 75%=-2499.75, 90%=-2451.0, 95%=-2431.85009765625, 98%=-2395.52001953125
ranking_best_algo: SVM1MetaModelLogNormal
ranking_best_score: 2605.14
ranking_my_rank: 13/504 (97.6%)
ranking_my_percent: 97.61904761904762
