ConfigName: krbf__advnormalizedfitness__M2__L8__eps0p015__g0p01__ds0p01__dm0p01
Problem: QUBO
Kernel: rbf
Advantage: normalizedfitness
M: 2
lambda: 8
epsilon_svgd: 0.015
gamma: 0.01
decay_start_ratio: 0.01
decay_min_factor: 0.01
bandwith_kernel: None
no_interact: False
avg_score: -2605.139892578125
median_score: -2613.0
std_score: 128.6459503173828
percentiles: 2%=-2827.239990234375, 5%=-2799.25, 10%=-2786.699951171875, 25%=-2694.5, 50%=-2613.0, 75%=-2524.75, 90%=-2423.5, 95%=-2369.5, 98%=-2333.679931640625
ranking_best_algo: DiscreteLengler2OnePlusOne
ranking_best_score: 2617.04
ranking_my_rank: 3/504 (99.6%)
ranking_my_percent: 99.60317460317461
