ConfigName: kjsd__advperagentrankweighted__M3__L16__eps0p007__g0p0007__ds0p05__dm0p1
Problem: QUBO
Kernel: jsd
Advantage: peragentrankweighted
M: 3
lambda: 16
epsilon_svgd: 0.007
gamma: 0.0007
decay_start_ratio: 0.05
decay_min_factor: 0.1
bandwith_kernel: None
no_interact: False
avg_score: -574.9000244140625
median_score: -577.0
std_score: 26.23642349243164
percentiles: 2%=-629.0399780273438, 5%=-615.0, 10%=-607.0, 25%=-591.0, 50%=-577.0, 75%=-561.0, 90%=-541.5999755859375, 95%=-535.75, 98%=-517.7000122070312
ranking_best_algo: Tabu
ranking_best_score: 588.7199999999999
ranking_my_rank: 57/503 (88.9%)
ranking_my_percent: 88.86679920477137
