ConfigName: krbf__advnormalizedfitness__M4__L8__eps0p03__g0p005__ds0p05__dm0p05
Problem: QUBO
Kernel: rbf
Advantage: normalizedfitness
M: 4
lambda: 8
epsilon_svgd: 0.03
gamma: 0.005
decay_start_ratio: 0.05
decay_min_factor: 0.05
bandwith_kernel: None
no_interact: False
avg_score: -1578.6600341796875
median_score: -1578.5
std_score: 70.49726104736328
percentiles: 2%=-1729.0, 5%=-1700.050048828125, 10%=-1671.0999755859375, 25%=-1620.25, 50%=-1578.5, 75%=-1541.0, 90%=-1486.9000244140625, 95%=-1442.9000244140625, 98%=-1430.8800048828125
ranking_best_algo: NLOPT_LN_PRAXIS
ranking_best_score: 1607.12
ranking_my_rank: 43/504 (91.7%)
ranking_my_percent: 91.66666666666667
