ConfigName: kjsd__advperagentrankweighted__M4__L20__eps0p007__g0p0005__ds0p05__dm0p1
Problem: QUBO
Kernel: jsd
Advantage: peragentrankweighted
M: 4
lambda: 20
epsilon_svgd: 0.007
gamma: 0.0005
decay_start_ratio: 0.05
decay_min_factor: 0.1
bandwith_kernel: None
no_interact: False
avg_score: -1198.3399658203125
median_score: -1196.5
std_score: 62.122013092041016
percentiles: 2%=-1347.0799560546875, 5%=-1313.800048828125, 10%=-1269.5999755859375, 25%=-1233.0, 50%=-1196.5, 75%=-1163.25, 90%=-1120.699951171875, 95%=-1096.699951171875, 98%=-1067.9200439453125
ranking_best_algo: Tabu
ranking_best_score: 1216.16
ranking_my_rank: 44/504 (91.5%)
ranking_my_percent: 91.46825396825396
