ConfigName: kjsd__advperagentrankweighted__M3__L16__eps0p007__g0p001__ds0p2__dm0p2
Problem: QUBO
Kernel: jsd
Advantage: peragentrankweighted
M: 3
lambda: 16
epsilon_svgd: 0.007
gamma: 0.001
decay_start_ratio: 0.2
decay_min_factor: 0.2
bandwith_kernel: None
no_interact: False
avg_score: -306.29998779296875
median_score: -302.0
std_score: 37.507198333740234
percentiles: 2%=-392.0799865722656, 5%=-380.20001220703125, 10%=-359.20001220703125, 25%=-332.0, 50%=-302.0, 75%=-273.0, 90%=-264.0, 95%=-261.95001220703125, 98%=-256.9800109863281
ranking_best_algo: CMApara
ranking_best_score: 319.29999999999995
ranking_my_rank: 113/504 (77.8%)
ranking_my_percent: 77.77777777777777
