ConfigName: kjsd__advperagentrankweighted__M6__L8__eps0p03__g0p0003__ds0p05__dm0p05
Problem: QUBO
Kernel: jsd
Advantage: peragentrankweighted
M: 6
lambda: 8
epsilon_svgd: 0.03
gamma: 0.0003
decay_start_ratio: 0.05
decay_min_factor: 0.05
bandwith_kernel: None
no_interact: False
avg_score: -2463.080078125
median_score: -2462.0
std_score: 118.23989868164062
percentiles: 2%=-2746.06005859375, 5%=-2654.199951171875, 10%=-2615.10009765625, 25%=-2534.25, 50%=-2462.0, 75%=-2383.5, 90%=-2310.5, 95%=-2273.75, 98%=-2263.6201171875
ranking_best_algo: SVM1MetaModelLogNormal
ranking_best_score: 2605.14
ranking_my_rank: 80/504 (84.3%)
ranking_my_percent: 84.32539682539682
