ConfigName: kjsd__advperagentrankweighted__M4__L20__eps0p005__g0p0005__ds0p1__dm0p05
Problem: NK
Kernel: jsd
Advantage: peragentrankweighted
M: 4
lambda: 20
epsilon_svgd: 0.005
gamma: 0.0005
decay_start_ratio: 0.1
decay_min_factor: 0.05
bandwith_kernel: None
no_interact: False
avg_score: 0.7079078555107117
median_score: 0.7105101943016052
std_score: 0.01190095953643322
percentiles: 2%=0.6887159943580627, 5%=0.688880443572998, 10%=0.6919972896575928, 25%=0.6963961720466614, 50%=0.7105101943016052, 75%=0.7175083160400391, 90%=0.7221953272819519, 95%=0.7238276600837708, 98%=0.7245968580245972
ranking_best_algo: PBIL
ranking_best_score: 0.7013553837109374
ranking_my_rank: 1/504 (100.0%)
ranking_my_percent: 100.0
