ConfigName: kjsd__advperagentrankweighted__M3__L20__eps0p005__g0p0007__ds0p2__dm0p05
Problem: QUBO
Kernel: jsd
Advantage: peragentrankweighted
M: 3
lambda: 20
epsilon_svgd: 0.005
gamma: 0.0007
decay_start_ratio: 0.2
decay_min_factor: 0.05
bandwith_kernel: None
no_interact: False
avg_score: -428.8599853515625
median_score: -429.0
std_score: 29.15236473083496
percentiles: 2%=-481.0400085449219, 5%=-477.0, 10%=-475.0, 25%=-446.5, 50%=-429.0, 75%=-408.75, 90%=-390.0, 95%=-386.95001220703125, 98%=-377.9800109863281
ranking_best_algo: CMAL3
ranking_best_score: 435.36
ranking_my_rank: 13/504 (97.6%)
ranking_my_percent: 97.61904761904762
