ConfigName: kjsd__advperagentrankweighted__M3__L20__eps0p007__g0p0005__ds0p1__dm0p1
Problem: QUBO
Kernel: jsd
Advantage: peragentrankweighted
M: 3
lambda: 20
epsilon_svgd: 0.007
gamma: 0.0005
decay_start_ratio: 0.1
decay_min_factor: 0.1
bandwith_kernel: None
no_interact: False
avg_score: -423.6400146484375
median_score: -423.0
std_score: 28.34343719482422
percentiles: 2%=-479.0, 5%=-471.1000061035156, 10%=-459.6000061035156, 25%=-442.25, 50%=-423.0, 75%=-405.75, 90%=-391.0, 95%=-384.8500061035156, 98%=-367.6400146484375
ranking_best_algo: CMAL3
ranking_best_score: 435.36
ranking_my_rank: 32/504 (93.8%)
ranking_my_percent: 93.84920634920636
