ConfigName: kjsd__advperagentrankweighted__M5__L24__eps0p007__g0p0005__ds0p05__dm0p05
Problem: NK
Kernel: jsd
Advantage: peragentrankweighted
M: 5
lambda: 24
epsilon_svgd: 0.007
gamma: 0.0005
decay_start_ratio: 0.05
decay_min_factor: 0.05
bandwith_kernel: None
no_interact: False
avg_score: 0.7379249334335327
median_score: 0.739234983921051
std_score: 0.009155775420367718
percentiles: 2%=0.720682680606842, 5%=0.7238513231277466, 10%=0.7246904373168945, 25%=0.7320224046707153, 50%=0.739234983921051, 75%=0.7441685795783997, 90%=0.7495970726013184, 95%=0.7511277198791504, 98%=0.7558300495147705
ranking_best_algo: PBIL
ranking_best_score: 0.730509098125
ranking_my_rank: 1/504 (100.0%)
ranking_my_percent: 100.0
