ConfigName: kjsd__advperagentrankweighted__M6__L10__eps0p02__g0p0005__ds0p05__dm0p05
Problem: NK
Kernel: jsd
Advantage: peragentrankweighted
M: 6
lambda: 10
epsilon_svgd: 0.02
gamma: 0.0005
decay_start_ratio: 0.05
decay_min_factor: 0.05
bandwith_kernel: None
no_interact: False
avg_score: 0.735105574131012
median_score: 0.7366142272949219
std_score: 0.009640594944357872
percentiles: 2%=0.7173921465873718, 5%=0.7188454866409302, 10%=0.7214990258216858, 25%=0.7268757224082947, 50%=0.7366142272949219, 75%=0.7425587773323059, 90%=0.7460607886314392, 95%=0.7471790909767151, 98%=0.7541838884353638
ranking_best_algo: PBIL
ranking_best_score: 0.730509098125
ranking_my_rank: 1/504 (100.0%)
ranking_my_percent: 100.0
