ConfigName: krbf__advnormalizedfitness__M4__L12__eps0p025__g0p007__ds0p01__dm0p3
Problem: QUBO
Kernel: rbf
Advantage: normalizedfitness
M: 4
lambda: 12
epsilon_svgd: 0.025
gamma: 0.007
decay_start_ratio: 0.01
decay_min_factor: 0.3
bandwith_kernel: None
no_interact: False
avg_score: -1117.52001953125
median_score: -1128.5
std_score: 85.21002960205078
percentiles: 2%=-1299.0799560546875, 5%=-1253.300048828125, 10%=-1212.0999755859375, 25%=-1174.25, 50%=-1128.5, 75%=-1056.5, 90%=-1006.5, 95%=-984.800048828125, 98%=-956.39990234375
ranking_best_algo: Tabu
ranking_best_score: 1216.16
ranking_my_rank: 171/504 (66.3%)
ranking_my_percent: 66.26984126984127
