ConfigName: kjsd__advperagentrankweighted__M3__L18__eps0p01__g0p001__ds0p2__dm0p2
Problem: NK
Kernel: jsd
Advantage: peragentrankweighted
M: 3
lambda: 18
epsilon_svgd: 0.01
gamma: 0.001
decay_start_ratio: 0.2
decay_min_factor: 0.2
bandwith_kernel: None
no_interact: False
avg_score: 0.732045590877533
median_score: 0.7297911643981934
std_score: 0.010765002109110355
percentiles: 2%=0.7142608165740967, 5%=0.71757972240448, 10%=0.7204447388648987, 25%=0.7236112952232361, 50%=0.7297911643981934, 75%=0.739070475101471, 90%=0.7489739656448364, 95%=0.752265989780426, 98%=0.7560846209526062
ranking_best_algo: Tabu
ranking_best_score: 0.7429702712499999
ranking_my_rank: 2/504 (99.8%)
ranking_my_percent: 99.8015873015873
