ConfigName: kjsd__advperagentrankweighted__M5__L10__eps0p005__g0p003__ds0p2__dm0p2
Problem: QUBO
Kernel: jsd
Advantage: peragentrankweighted
M: 5
lambda: 10
epsilon_svgd: 0.005
gamma: 0.003
decay_start_ratio: 0.2
decay_min_factor: 0.2
bandwith_kernel: None
no_interact: False
avg_score: -928.7000122070312
median_score: -929.5
std_score: 90.38655853271484
percentiles: 2%=-1151.1199951171875, 5%=-1107.5, 10%=-1026.0999755859375, 25%=-981.0, 50%=-929.5, 75%=-862.5, 90%=-812.7999877929688, 95%=-780.6500244140625, 98%=-766.7999877929688
ranking_best_algo: NLOPT_LN_PRAXIS
ranking_best_score: 1607.12
ranking_my_rank: 324/504 (35.9%)
ranking_my_percent: 35.91269841269841
