ConfigName: krbf__advnormalizedfitness__M2__L3__eps0p015__g0p005__ds0p3__dm0p01
Problem: QUBO
Kernel: rbf
Advantage: normalizedfitness
M: 2
lambda: 3
epsilon_svgd: 0.015
gamma: 0.005
decay_start_ratio: 0.3
decay_min_factor: 0.01
bandwith_kernel: None
no_interact: False
avg_score: -1219.1600341796875
median_score: -1227.5
std_score: 123.54818725585938
percentiles: 2%=-1379.0400390625, 5%=-1341.199951171875, 10%=-1317.0, 25%=-1279.5, 50%=-1227.5, 75%=-1187.0, 90%=-1137.9000244140625, 95%=-1104.0, 98%=-1031.56005859375
ranking_best_algo: BigLognormalDiscreteOnePlusOne
ranking_best_score: 1301.3600000000004
ranking_my_rank: 71/504 (86.1%)
ranking_my_percent: 86.11111111111111
