ConfigName: kjsd__advperagentrankweighted__M2__L20__eps0p005__g0p0005__ds0p1__dm0p2
Problem: NK
Kernel: jsd
Advantage: peragentrankweighted
M: 2
lambda: 20
epsilon_svgd: 0.005
gamma: 0.0005
decay_start_ratio: 0.1
decay_min_factor: 0.2
bandwith_kernel: None
no_interact: False
avg_score: 0.7301070690155029
median_score: 0.7300601601600647
std_score: 0.009792664088308811
percentiles: 2%=0.7099677920341492, 5%=0.7146523594856262, 10%=0.7168006300926208, 25%=0.7242603302001953, 50%=0.7300601601600647, 75%=0.7357572913169861, 90%=0.7424701452255249, 95%=0.7468446493148804, 98%=0.7513681054115295
ranking_best_algo: Tabu
ranking_best_score: 0.7429702712499999
ranking_my_rank: 2/504 (99.8%)
ranking_my_percent: 99.8015873015873
