ConfigName: kfr__advglobalrankweighted__M4__L11__eps0p015__g0p005__ds0p01__dm0p01
Problem: QUBO
Kernel: fr
Advantage: globalrankweighted
M: 4
lambda: 11
epsilon_svgd: 0.015
gamma: 0.005
decay_start_ratio: 0.01
decay_min_factor: 0.01
bandwith_kernel: None
no_interact: False
avg_score: -2439.300048828125
median_score: -2436.5
std_score: 141.9192352294922
percentiles: 2%=-2684.4599609375, 5%=-2661.75, 10%=-2627.300048828125, 25%=-2526.5, 50%=-2436.5, 75%=-2348.5, 90%=-2270.300048828125, 95%=-2216.39990234375, 98%=-2081.639892578125
ranking_best_algo: SVM1MetaModelLogNormal
ranking_best_score: 2605.14
ranking_my_rank: 89/504 (82.5%)
ranking_my_percent: 82.53968253968254
