ConfigName: kjsd__advperagentrankweighted__M3__L18__eps0p005__g0p0005__ds0p2__dm0p2
Problem: QUBO
Kernel: jsd
Advantage: peragentrankweighted
M: 3
lambda: 18
epsilon_svgd: 0.005
gamma: 0.0005
decay_start_ratio: 0.2
decay_min_factor: 0.2
bandwith_kernel: None
no_interact: False
avg_score: -1199.800048828125
median_score: -1189.0
std_score: 65.16947174072266
percentiles: 2%=-1355.1600341796875, 5%=-1302.6500244140625, 10%=-1287.300048828125, 25%=-1250.25, 50%=-1189.0, 75%=-1143.75, 90%=-1126.9000244140625, 95%=-1112.8499755859375, 98%=-1092.8599853515625
ranking_best_algo: Tabu
ranking_best_score: 1216.16
ranking_my_rank: 43/504 (91.7%)
ranking_my_percent: 91.66666666666667
