ConfigName: kfr__advglobalrankweighted__M3__L8__eps0p01__g0p005__ds0p01__dm0p01
Problem: QUBO
Kernel: fr
Advantage: globalrankweighted
M: 3
lambda: 8
epsilon_svgd: 0.01
gamma: 0.005
decay_start_ratio: 0.01
decay_min_factor: 0.01
bandwith_kernel: None
no_interact: False
avg_score: -424.05999755859375
median_score: -423.0
std_score: 28.84157371520996
percentiles: 2%=-479.0, 5%=-477.0, 10%=-461.3999938964844, 25%=-439.5, 50%=-423.0, 75%=-405.0, 90%=-388.70001220703125, 95%=-373.6500244140625, 98%=-362.0
ranking_best_algo: CMAL3
ranking_best_score: 435.36
ranking_my_rank: 31/504 (94.0%)
ranking_my_percent: 94.04761904761905
