ConfigName: krbf__advnormalizedfitness__M3__L10__eps0p025__g0p01__ds0p01__dm0p3
Problem: QUBO
Kernel: rbf
Advantage: normalizedfitness
M: 3
lambda: 10
epsilon_svgd: 0.025
gamma: 0.01
decay_start_ratio: 0.01
decay_min_factor: 0.3
bandwith_kernel: None
no_interact: False
avg_score: -330.239990234375
median_score: -337.0
std_score: 23.234939575195312
percentiles: 2%=-372.0, 5%=-357.6499938964844, 10%=-354.0, 25%=-343.0, 50%=-337.0, 75%=-317.25, 90%=-298.0, 95%=-282.6500244140625, 98%=-273.8799743652344
ranking_best_algo: CMApara
ranking_best_score: 344.22
ranking_my_rank: 79/504 (84.5%)
ranking_my_percent: 84.52380952380952
