ConfigName: krbf__advnormalizedfitness__M3__L10__eps0p03__g0p005__ds0p15__dm0p05
Problem: QUBO
Kernel: rbf
Advantage: normalizedfitness
M: 3
lambda: 10
epsilon_svgd: 0.03
gamma: 0.005
decay_start_ratio: 0.15
decay_min_factor: 0.05
bandwith_kernel: None
no_interact: False
avg_score: -440.05999755859375
median_score: -438.0
std_score: 27.770421981811523
percentiles: 2%=-487.1000061035156, 5%=-483.04998779296875, 10%=-481.0, 25%=-462.25, 50%=-438.0, 75%=-422.75, 90%=-403.8999938964844, 95%=-394.8999938964844, 98%=-381.8800048828125
ranking_best_algo: CMApara
ranking_best_score: 453.82
ranking_my_rank: 15/504 (97.2%)
ranking_my_percent: 97.22222222222223
