ConfigName: kjsd__advperagentrankweighted__M5__L24__eps0p02__g0p0003__ds0p2__dm0p05
Problem: QUBO
Kernel: jsd
Advantage: peragentrankweighted
M: 5
lambda: 24
epsilon_svgd: 0.02
gamma: 0.0003
decay_start_ratio: 0.2
decay_min_factor: 0.05
bandwith_kernel: None
no_interact: False
avg_score: -1304.5400390625
median_score: -1306.5
std_score: 50.004085540771484
percentiles: 2%=-1398.0799560546875, 5%=-1391.050048828125, 10%=-1366.4000244140625, 25%=-1339.5, 50%=-1306.5, 75%=-1269.0, 90%=-1239.0, 95%=-1212.5, 98%=-1201.0
ranking_best_algo: BigLognormalDiscreteOnePlusOne
ranking_best_score: 1301.3600000000004
ranking_my_rank: 1/504 (100.0%)
ranking_my_percent: 100.0
