ConfigName: krbf__advnormalizedfitness__M3__L10__eps0p025__g0p005__ds0p3__dm0p01
Problem: QUBO
Kernel: rbf
Advantage: normalizedfitness
M: 3
lambda: 10
epsilon_svgd: 0.025
gamma: 0.005
decay_start_ratio: 0.3
decay_min_factor: 0.01
bandwith_kernel: None
no_interact: False
avg_score: -1216.47998046875
median_score: -1219.0
std_score: 60.86533737182617
percentiles: 2%=-1333.1600341796875, 5%=-1327.050048828125, 10%=-1284.300048828125, 25%=-1248.5, 50%=-1219.0, 75%=-1181.75, 90%=-1136.800048828125, 95%=-1118.4000244140625, 98%=-1096.719970703125
ranking_best_algo: SVMMetaModelLogNormal
ranking_best_score: 1233.7999999999997
ranking_my_rank: 41/504 (92.1%)
ranking_my_percent: 92.06349206349206
