ConfigName: kjsd__advperagentrankweighted__M3__L30__eps0p007__g0p0005__ds0p05__dm0p05
Problem: QUBO
Kernel: jsd
Advantage: peragentrankweighted
M: 3
lambda: 30
epsilon_svgd: 0.007
gamma: 0.0005
decay_start_ratio: 0.05
decay_min_factor: 0.05
bandwith_kernel: None
no_interact: False
avg_score: -1191.6800537109375
median_score: -1179.5
std_score: 60.05961608886719
percentiles: 2%=-1331.0799560546875, 5%=-1292.0999755859375, 10%=-1275.300048828125, 25%=-1233.75, 50%=-1179.5, 75%=-1150.75, 90%=-1127.0, 95%=-1103.5999755859375, 98%=-1090.43994140625
ranking_best_algo: Tabu
ranking_best_score: 1216.16
ranking_my_rank: 50/504 (90.3%)
ranking_my_percent: 90.27777777777777
