ConfigName: kjsd__advperagentrankweighted__M5__L8__eps0p01__g0p0007__ds0p2__dm0p2
Problem: QUBO
Kernel: jsd
Advantage: peragentrankweighted
M: 5
lambda: 8
epsilon_svgd: 0.01
gamma: 0.0007
decay_start_ratio: 0.2
decay_min_factor: 0.2
bandwith_kernel: None
no_interact: False
avg_score: -310.6400146484375
median_score: -313.0
std_score: 37.98513412475586
percentiles: 2%=-394.0400085449219, 5%=-386.20001220703125, 10%=-359.0, 25%=-334.5, 50%=-313.0, 75%=-276.0, 90%=-267.79998779296875, 95%=-264.0, 98%=-259.9800109863281
ranking_best_algo: CMApara
ranking_best_score: 319.29999999999995
ranking_my_rank: 58/504 (88.7%)
ranking_my_percent: 88.69047619047619
