ConfigName: krbf__advnormalizedfitness__M3__L12__eps0p015__g0p005__ds0p15__dm0p3
Problem: QUBO
Kernel: rbf
Advantage: normalizedfitness
M: 3
lambda: 12
epsilon_svgd: 0.015
gamma: 0.005
decay_start_ratio: 0.15
decay_min_factor: 0.3
bandwith_kernel: None
no_interact: False
avg_score: -572.9600219726562
median_score: -573.0
std_score: 29.166391372680664
percentiles: 2%=-633.0399780273438, 5%=-621.4000244140625, 10%=-610.0999755859375, 25%=-592.75, 50%=-573.0, 75%=-552.75, 90%=-536.0, 95%=-530.9500122070312, 98%=-513.9599609375
ranking_best_algo: Tabu
ranking_best_score: 588.7199999999999
ranking_my_rank: 61/503 (88.1%)
ranking_my_percent: 88.07157057654075
