ConfigName: kfr__advglobalrankweighted__M4__L15__eps0p02__g0p003__ds0p01__dm0p01
Problem: QUBO
Kernel: fr
Advantage: globalrankweighted
M: 4
lambda: 15
epsilon_svgd: 0.02
gamma: 0.003
decay_start_ratio: 0.01
decay_min_factor: 0.01
bandwith_kernel: None
no_interact: False
avg_score: -201.10000610351562
median_score: -201.5
std_score: 13.444329261779785
percentiles: 2%=-224.0, 5%=-222.10000610351562, 10%=-220.10000610351562, 25%=-211.0, 50%=-201.5, 75%=-191.0, 90%=-181.0, 95%=-179.95001220703125, 98%=-176.97999572753906
ranking_best_algo: Tabu
ranking_best_score: 208.36000000000004
ranking_my_rank: 42/504 (91.9%)
ranking_my_percent: 91.86507936507937
