ConfigName: kfr__advglobalrankweighted__M3__L8__eps0p02__g0p007__ds0p01__dm0p01
Problem: QUBO
Kernel: fr
Advantage: globalrankweighted
M: 3
lambda: 8
epsilon_svgd: 0.02
gamma: 0.007
decay_start_ratio: 0.01
decay_min_factor: 0.01
bandwith_kernel: None
no_interact: False
avg_score: -930.0999755859375
median_score: -927.5
std_score: 66.408203125
percentiles: 2%=-1048.52001953125, 5%=-1034.3499755859375, 10%=-1020.5, 25%=-976.75, 50%=-927.5, 75%=-883.0, 90%=-840.7999877929688, 95%=-836.7000122070312, 98%=-813.6199340820312
ranking_best_algo: CMApara
ranking_best_score: 964.9
ranking_my_rank: 19/504 (96.4%)
ranking_my_percent: 96.42857142857143
