ConfigName: krbf__advnormalizedfitness__M5__L8__eps0p025__g0p01__ds0p05__dm0p05
Problem: QUBO
Kernel: rbf
Advantage: normalizedfitness
M: 5
lambda: 8
epsilon_svgd: 0.025
gamma: 0.01
decay_start_ratio: 0.05
decay_min_factor: 0.05
bandwith_kernel: None
no_interact: False
avg_score: -414.1400146484375
median_score: -412.0
std_score: 26.736875534057617
percentiles: 2%=-471.0799865722656, 5%=-469.0, 10%=-451.1000061035156, 25%=-429.0, 50%=-412.0, 75%=-395.5, 90%=-377.79998779296875, 95%=-372.95001220703125, 98%=-369.9200134277344
ranking_best_algo: Tabu
ranking_best_score: 438.12
ranking_my_rank: 57/504 (88.9%)
ranking_my_percent: 88.88888888888889
