ConfigName: kjsd__advperagentrankweighted__M5__L8__eps0p005__g0p0007__ds0p4__dm0p05
Problem: QUBO
Kernel: jsd
Advantage: peragentrankweighted
M: 5
lambda: 8
epsilon_svgd: 0.005
gamma: 0.0007
decay_start_ratio: 0.4
decay_min_factor: 0.05
bandwith_kernel: None
no_interact: False
avg_score: -1230.8800048828125
median_score: -1229.0
std_score: 67.33057403564453
percentiles: 2%=-1369.699951171875, 5%=-1329.699951171875, 10%=-1310.0999755859375, 25%=-1283.25, 50%=-1229.0, 75%=-1182.0, 90%=-1152.5999755859375, 95%=-1124.5, 98%=-1110.6199951171875
ranking_best_algo: SVMMetaModelLogNormal
ranking_best_score: 1233.7999999999997
ranking_my_rank: 11/504 (98.0%)
ranking_my_percent: 98.01587301587301
