ConfigName: krbf__advnormalizedfitness__M1__L8__eps0p015__g0p007__ds0p01__dm0p01
Problem: QUBO
Kernel: rbf
Advantage: normalizedfitness
M: 1
lambda: 8
epsilon_svgd: 0.015
gamma: 0.007
decay_start_ratio: 0.01
decay_min_factor: 0.01
bandwith_kernel: None
no_interact: False
avg_score: -399.1600036621094
median_score: -398.0
std_score: 30.021564483642578
percentiles: 2%=-469.0799865722656, 5%=-452.25, 10%=-434.0, 25%=-418.0, 50%=-398.0, 75%=-384.0, 90%=-355.8999938964844, 95%=-348.0, 98%=-341.91998291015625
ranking_best_algo: Tabu
ranking_best_score: 438.12
ranking_my_rank: 227/504 (55.2%)
ranking_my_percent: 55.15873015873016
