ConfigName: kjsd__advperagentrankweighted__M5__L10__eps0p03__g0p0005__ds0p05__dm0p05
Problem: QUBO
Kernel: jsd
Advantage: peragentrankweighted
M: 5
lambda: 10
epsilon_svgd: 0.03
gamma: 0.0005
decay_start_ratio: 0.05
decay_min_factor: 0.05
bandwith_kernel: None
no_interact: False
avg_score: -407.5799865722656
median_score: -404.0
std_score: 22.623517990112305
percentiles: 2%=-454.29998779296875, 5%=-443.45001220703125, 10%=-434.1000061035156, 25%=-422.0, 50%=-404.0, 75%=-392.0, 90%=-382.0, 95%=-374.0, 98%=-367.9599914550781
ranking_best_algo: Tabu
ranking_best_score: 438.12
ranking_my_rank: 158/504 (68.8%)
ranking_my_percent: 68.84920634920636
