ConfigName: kjsd__advperagentrankweighted__M3__L20__eps0p005__g0p0007__ds0p1__dm0p2
Problem: QUBO
Kernel: jsd
Advantage: peragentrankweighted
M: 3
lambda: 20
epsilon_svgd: 0.005
gamma: 0.0007
decay_start_ratio: 0.1
decay_min_factor: 0.2
bandwith_kernel: None
no_interact: False
avg_score: -3267.9599609375
median_score: -3271.0
std_score: 115.36203002929688
percentiles: 2%=-3448.739990234375, 5%=-3438.300048828125, 10%=-3409.5, 25%=-3343.5, 50%=-3271.0, 75%=-3205.0, 90%=-3108.199951171875, 95%=-3063.0, 98%=-3023.639892578125
ranking_best_algo: RLSOnePlusOne
ranking_best_score: 3316.5199999999995
ranking_my_rank: 12/504 (97.8%)
ranking_my_percent: 97.81746031746032
