ConfigName: kfr__advglobalrankweighted__M2__L7__eps0p015__g0p003__ds0p01__dm0p01
Problem: QUBO
Kernel: fr
Advantage: globalrankweighted
M: 2
lambda: 7
epsilon_svgd: 0.015
gamma: 0.003
decay_start_ratio: 0.01
decay_min_factor: 0.01
bandwith_kernel: None
no_interact: False
avg_score: -560.8800048828125
median_score: -560.0
std_score: 32.43494415283203
percentiles: 2%=-632.0999755859375, 5%=-613.2000122070312, 10%=-606.0999755859375, 25%=-581.25, 50%=-560.0, 75%=-540.5, 90%=-519.5999755859375, 95%=-508.9000244140625, 98%=-502.8799743652344
ranking_best_algo: Tabu
ranking_best_score: 588.7199999999999
ranking_my_rank: 98/503 (80.7%)
ranking_my_percent: 80.71570576540755
