ConfigName: kjsd__advperagentrankweighted__M3__L16__eps0p01__g0p001__ds0p1__dm0p1
Problem: NK
Kernel: jsd
Advantage: peragentrankweighted
M: 3
lambda: 16
epsilon_svgd: 0.01
gamma: 0.001
decay_start_ratio: 0.1
decay_min_factor: 0.1
bandwith_kernel: None
no_interact: False
avg_score: 0.7350051999092102
median_score: 0.735879123210907
std_score: 0.00851353257894516
percentiles: 2%=0.7169268727302551, 5%=0.719099760055542, 10%=0.7236854434013367, 25%=0.7294758558273315, 50%=0.735879123210907, 75%=0.7417081594467163, 90%=0.7447777986526489, 95%=0.7471856474876404, 98%=0.7499164342880249
ranking_best_algo: PBIL
ranking_best_score: 0.7248786399609374
ranking_my_rank: 1/504 (100.0%)
ranking_my_percent: 100.0
