ConfigName: krbf__advnormalizedfitness__M4__L15__eps0p033__g0p01__ds0p01__dm0p01
Problem: QUBO
Kernel: rbf
Advantage: normalizedfitness
M: 4
lambda: 15
epsilon_svgd: 0.033
gamma: 0.01
decay_start_ratio: 0.01
decay_min_factor: 0.01
bandwith_kernel: None
no_interact: False
avg_score: -202.0800018310547
median_score: -203.0
std_score: 12.201376914978027
percentiles: 2%=-224.0, 5%=-222.10000610351562, 10%=-218.10000610351562, 25%=-211.0, 50%=-203.0, 75%=-194.75, 90%=-185.0, 95%=-183.80001831054688, 98%=-179.8399658203125
ranking_best_algo: Tabu
ranking_best_score: 208.36000000000004
ranking_my_rank: 35/504 (93.3%)
ranking_my_percent: 93.25396825396825
