ConfigName: krbf__advnormalizedfitness__M2__L8__eps0p015__g0p015__ds0p01__dm0p01
Problem: NK
Kernel: rbf
Advantage: normalizedfitness
M: 2
lambda: 8
epsilon_svgd: 0.015
gamma: 0.015
decay_start_ratio: 0.01
decay_min_factor: 0.01
bandwith_kernel: None
no_interact: False
avg_score: 0.728900134563446
median_score: 0.7288554906845093
std_score: 0.010772854089736938
percentiles: 2%=0.7015140652656555, 5%=0.7120454907417297, 10%=0.7170091867446899, 25%=0.7213636040687561, 50%=0.7288554906845093, 75%=0.7368574142456055, 90%=0.7418273687362671, 95%=0.7436614632606506, 98%=0.7456291913986206
ranking_best_algo: Tabu
ranking_best_score: 0.7429702712499999
ranking_my_rank: 2/504 (99.8%)
ranking_my_percent: 99.8015873015873
