ConfigName: kfr__advglobalrankweighted__M1__L8__eps0p01__g0p005__ds0p01__dm0p01
Problem: QUBO
Kernel: fr
Advantage: globalrankweighted
M: 1
lambda: 8
epsilon_svgd: 0.01
gamma: 0.005
decay_start_ratio: 0.01
decay_min_factor: 0.01
bandwith_kernel: None
no_interact: False
avg_score: -191.67999267578125
median_score: -191.0
std_score: 16.339448928833008
percentiles: 2%=-222.0399932861328, 5%=-216.3000030517578, 10%=-215.0, 25%=-203.0, 50%=-191.0, 75%=-180.75, 90%=-169.8000030517578, 95%=-166.90000915527344, 98%=-162.8999786376953
ranking_best_algo: Tabu
ranking_best_score: 208.36000000000004
ranking_my_rank: 232/504 (54.2%)
ranking_my_percent: 54.166666666666664
