ConfigName: krbf__advnormalizedfitness__M3__L10__eps0p033__g0p005__ds0p3__dm0p01
Problem: NK
Kernel: rbf
Advantage: normalizedfitness
M: 3
lambda: 10
epsilon_svgd: 0.033
gamma: 0.005
decay_start_ratio: 0.3
decay_min_factor: 0.01
bandwith_kernel: None
no_interact: False
avg_score: 0.7423074245452881
median_score: 0.7409939765930176
std_score: 0.014038512483239174
percentiles: 2%=0.7174270749092102, 5%=0.7195109128952026, 10%=0.7230715155601501, 25%=0.7339279651641846, 50%=0.7409939765930176, 75%=0.7525694370269775, 90%=0.7613546848297119, 95%=0.7656993269920349, 98%=0.7685896158218384
ranking_best_algo: Tabu
ranking_best_score: 0.7601875690625
ranking_my_rank: 11/504 (98.0%)
ranking_my_percent: 98.01587301587301
