ConfigName: kjsd__advperagentrankweighted__M4__L24__eps0p01__g0p0007__ds0p4__dm0p05
Problem: QUBO
Kernel: jsd
Advantage: peragentrankweighted
M: 4
lambda: 24
epsilon_svgd: 0.01
gamma: 0.0007
decay_start_ratio: 0.4
decay_min_factor: 0.05
bandwith_kernel: None
no_interact: False
avg_score: -138.8800048828125
median_score: -141.0
std_score: 12.337974548339844
percentiles: 2%=-158.02000427246094, 5%=-158.0, 10%=-156.0, 25%=-146.25, 50%=-141.0, 75%=-130.75, 90%=-122.80000305175781, 95%=-118.9000015258789, 98%=-110.95999908447266
ranking_best_algo: DiscreteDE
ranking_best_score: 143.4
ranking_my_rank: 94/504 (81.5%)
ranking_my_percent: 81.54761904761905
