ConfigName: kjsd__advperagentrankweighted__M4__L10__eps0p005__g0p0005__ds0p4__dm0p05
Problem: QUBO
Kernel: jsd
Advantage: peragentrankweighted
M: 4
lambda: 10
epsilon_svgd: 0.005
gamma: 0.0005
decay_start_ratio: 0.4
decay_min_factor: 0.05
bandwith_kernel: None
no_interact: False
avg_score: -442.5
median_score: -444.5
std_score: 24.546894073486328
percentiles: 2%=-485.0799865722656, 5%=-481.0, 10%=-473.0, 25%=-459.5, 50%=-444.5, 75%=-422.0, 90%=-407.79998779296875, 95%=-402.79998779296875, 98%=-395.8599853515625
ranking_best_algo: CMApara
ranking_best_score: 453.82
ranking_my_rank: 9/504 (98.4%)
ranking_my_percent: 98.41269841269842
