ConfigName: krbf__advnormalizedfitness__M2__L10__eps0p015__g0p007__ds0p3__dm0p01
Problem: QUBO
Kernel: rbf
Advantage: normalizedfitness
M: 2
lambda: 10
epsilon_svgd: 0.015
gamma: 0.007
decay_start_ratio: 0.3
decay_min_factor: 0.01
bandwith_kernel: None
no_interact: False
avg_score: -1193.3399658203125
median_score: -1189.0
std_score: 58.94560241699219
percentiles: 2%=-1319.199951171875, 5%=-1298.75, 10%=-1281.199951171875, 25%=-1230.5, 50%=-1189.0, 75%=-1146.0, 90%=-1122.699951171875, 95%=-1110.800048828125, 98%=-1077.0
ranking_best_algo: Tabu
ranking_best_score: 1216.16
ranking_my_rank: 48/504 (90.7%)
ranking_my_percent: 90.67460317460318
