ConfigName: kjsd__advperagentrankweighted__M4__L10__eps0p01__g0p0003__ds0p4__dm0p05
Problem: QUBO
Kernel: jsd
Advantage: peragentrankweighted
M: 4
lambda: 10
epsilon_svgd: 0.01
gamma: 0.0003
decay_start_ratio: 0.4
decay_min_factor: 0.05
bandwith_kernel: None
no_interact: False
avg_score: -1233.5999755859375
median_score: -1235.0
std_score: 54.48247146606445
percentiles: 2%=-1328.1400146484375, 5%=-1318.300048828125, 10%=-1308.199951171875, 25%=-1273.0, 50%=-1235.0, 75%=-1190.5, 90%=-1158.0, 95%=-1154.6500244140625, 98%=-1123.93994140625
ranking_best_algo: SVMMetaModelLogNormal
ranking_best_score: 1233.7999999999997
ranking_my_rank: 8/504 (98.6%)
ranking_my_percent: 98.61111111111111
