ConfigName: krbf__advnormalizedfitness__M2__L10__eps0p015__g0p005__ds0p3__dm0p3
Problem: QUBO
Kernel: rbf
Advantage: normalizedfitness
M: 2
lambda: 10
epsilon_svgd: 0.015
gamma: 0.005
decay_start_ratio: 0.3
decay_min_factor: 0.3
bandwith_kernel: None
no_interact: False
avg_score: -2584.360107421875
median_score: -2570.0
std_score: 119.82817077636719
percentiles: 2%=-2835.360107421875, 5%=-2800.050048828125, 10%=-2773.10009765625, 25%=-2655.5, 50%=-2570.0, 75%=-2510.5, 90%=-2429.39990234375, 95%=-2394.699951171875, 98%=-2378.739990234375
ranking_best_algo: DiscreteLengler2OnePlusOne
ranking_best_score: 2617.04
ranking_my_rank: 47/504 (90.9%)
ranking_my_percent: 90.87301587301587
