ConfigName: kjsd__advperagentrankweighted__M4__L28__eps0p005__g0p0005__ds0p05__dm0p05
Problem: NK
Kernel: jsd
Advantage: peragentrankweighted
M: 4
lambda: 28
epsilon_svgd: 0.005
gamma: 0.0005
decay_start_ratio: 0.05
decay_min_factor: 0.05
bandwith_kernel: None
no_interact: False
avg_score: 0.7077306509017944
median_score: 0.7101898193359375
std_score: 0.011726456694304943
percentiles: 2%=0.6888616681098938, 5%=0.6894574761390686, 10%=0.6923904418945312, 25%=0.6962398886680603, 50%=0.7101898193359375, 75%=0.7186089754104614, 90%=0.7213795781135559, 95%=0.7239818572998047, 98%=0.72453773021698
ranking_best_algo: PBIL
ranking_best_score: 0.7013553837109374
ranking_my_rank: 1/504 (100.0%)
ranking_my_percent: 100.0
