ConfigName: krbf__advnormalizedfitness__M4__L24__eps0p025__g0p005__ds0p05__dm0p05
Problem: QUBO
Kernel: rbf
Advantage: normalizedfitness
M: 4
lambda: 24
epsilon_svgd: 0.025
gamma: 0.005
decay_start_ratio: 0.05
decay_min_factor: 0.05
bandwith_kernel: None
no_interact: False
avg_score: -139.89999389648438
median_score: -141.0
std_score: 11.39254093170166
percentiles: 2%=-160.02000427246094, 5%=-158.10000610351562, 10%=-156.0, 25%=-146.25, 50%=-141.0, 75%=-132.0, 90%=-126.80000305175781, 95%=-121.0, 98%=-119.9000015258789
ranking_best_algo: DiscreteDE
ranking_best_score: 143.4
ranking_my_rank: 80/504 (84.3%)
ranking_my_percent: 84.32539682539682
