ConfigName: kjsd__advperagentrankweighted__M3__L30__eps0p005__g0p001__ds0p05__dm0p1
Problem: NK
Kernel: jsd
Advantage: peragentrankweighted
M: 3
lambda: 30
epsilon_svgd: 0.005
gamma: 0.001
decay_start_ratio: 0.05
decay_min_factor: 0.1
bandwith_kernel: None
no_interact: False
avg_score: 0.7530481219291687
median_score: 0.7521092891693115
std_score: 0.013763828203082085
percentiles: 2%=0.7287106513977051, 5%=0.7312571406364441, 10%=0.7359253168106079, 25%=0.7420210242271423, 50%=0.7521092891693115, 75%=0.7643781900405884, 90%=0.7719463109970093, 95%=0.7754294872283936, 98%=0.7809234857559204
ranking_best_algo: Tabu
ranking_best_score: 0.7657846284375001
ranking_my_rank: 9/504 (98.4%)
ranking_my_percent: 98.41269841269842
