ConfigName: krbf__advnormalizedfitness__M3__L15__eps0p025__g0p007__ds0p01__dm0p3
Problem: QUBO
Kernel: rbf
Advantage: normalizedfitness
M: 3
lambda: 15
epsilon_svgd: 0.025
gamma: 0.007
decay_start_ratio: 0.01
decay_min_factor: 0.3
bandwith_kernel: None
no_interact: False
avg_score: -2454.280029296875
median_score: -2451.0
std_score: 164.07376098632812
percentiles: 2%=-2789.260009765625, 5%=-2693.25, 10%=-2652.10009765625, 25%=-2578.0, 50%=-2451.0, 75%=-2327.75, 90%=-2255.5, 95%=-2182.949951171875, 98%=-2143.47998046875
ranking_best_algo: DiscreteLengler2OnePlusOne
ranking_best_score: 2617.04
ranking_my_rank: 91/504 (82.1%)
ranking_my_percent: 82.14285714285714
