ConfigName: kjsd__advperagentrankweighted__M4__L30__eps0p01__g0p0005__ds0p2__dm0p05
Problem: NK
Kernel: jsd
Advantage: peragentrankweighted
M: 4
lambda: 30
epsilon_svgd: 0.01
gamma: 0.0005
decay_start_ratio: 0.2
decay_min_factor: 0.05
bandwith_kernel: None
no_interact: False
avg_score: 0.7549381852149963
median_score: 0.7564470171928406
std_score: 0.014285559765994549
percentiles: 2%=0.7226822972297668, 5%=0.7287433743476868, 10%=0.733991801738739, 25%=0.7461276054382324, 50%=0.7564470171928406, 75%=0.765010416507721, 90%=0.772191047668457, 95%=0.7771990299224854, 98%=0.7789073586463928
ranking_best_algo: Tabu
ranking_best_score: 0.7657846284375001
ranking_my_rank: 7/504 (98.8%)
ranking_my_percent: 98.80952380952381
