ConfigName: kjsd__advperagentrankweighted__M3__L30__eps0p005__g0p001__ds0p1__dm0p1
Problem: QUBO
Kernel: jsd
Advantage: peragentrankweighted
M: 3
lambda: 30
epsilon_svgd: 0.005
gamma: 0.001
decay_start_ratio: 0.1
decay_min_factor: 0.1
bandwith_kernel: None
no_interact: False
avg_score: -329.82000732421875
median_score: -334.0
std_score: 24.162109375
percentiles: 2%=-372.0, 5%=-361.0, 10%=-354.0, 25%=-349.0, 50%=-334.0, 75%=-313.0, 90%=-294.8999938964844, 95%=-285.8999938964844, 98%=-278.8999938964844
ranking_best_algo: CMApara
ranking_best_score: 344.22
ranking_my_rank: 80/504 (84.3%)
ranking_my_percent: 84.32539682539682
