ConfigName: krbf__advnormalizedfitness__M4__L15__eps0p025__g0p007__ds0p15__dm0p3
Problem: QUBO
Kernel: rbf
Advantage: normalizedfitness
M: 4
lambda: 15
epsilon_svgd: 0.025
gamma: 0.007
decay_start_ratio: 0.15
decay_min_factor: 0.3
bandwith_kernel: None
no_interact: False
avg_score: -197.67999267578125
median_score: -197.0
std_score: 14.228759765625
percentiles: 2%=-224.0, 5%=-222.0, 10%=-219.10000610351562, 25%=-207.0, 50%=-197.0, 75%=-188.0, 90%=-179.0, 95%=-177.0, 98%=-175.75994873046875
ranking_best_algo: Tabu
ranking_best_score: 208.36000000000004
ranking_my_rank: 113/504 (77.8%)
ranking_my_percent: 77.77777777777777
