ConfigName: krbf__advnormalizedfitness__M2__L8__eps0p033__g0p007__ds0p01__dm0p3
Problem: QUBO
Kernel: rbf
Advantage: normalizedfitness
M: 2
lambda: 8
epsilon_svgd: 0.033
gamma: 0.007
decay_start_ratio: 0.01
decay_min_factor: 0.3
bandwith_kernel: None
no_interact: False
avg_score: -1602.93994140625
median_score: -1599.0
std_score: 57.99842071533203
percentiles: 2%=-1712.0400390625, 5%=-1699.0999755859375, 10%=-1684.199951171875, 25%=-1645.25, 50%=-1599.0, 75%=-1557.75, 90%=-1530.800048828125, 95%=-1516.5999755859375, 98%=-1498.760009765625
ranking_best_algo: NLOPT_LN_PRAXIS
ranking_best_score: 1607.12
ranking_my_rank: 11/504 (98.0%)
ranking_my_percent: 98.01587301587301
