ConfigName: krbf__advnormalizedfitness__M1__L8__eps0p015__g0p015__ds0p15__dm0p01
Problem: QUBO
Kernel: rbf
Advantage: normalizedfitness
M: 1
lambda: 8
epsilon_svgd: 0.015
gamma: 0.015
decay_start_ratio: 0.15
decay_min_factor: 0.01
bandwith_kernel: None
no_interact: False
avg_score: -136.72000122070312
median_score: -138.0
std_score: 11.632781028747559
percentiles: 2%=-156.02000427246094, 5%=-156.0, 10%=-151.0, 25%=-146.0, 50%=-138.0, 75%=-129.0, 90%=-119.0, 95%=-117.0, 98%=-114.91998291015625
ranking_best_algo: DiscreteDE
ranking_best_score: 143.4
ranking_my_rank: 206/504 (59.3%)
ranking_my_percent: 59.32539682539682
