ConfigName: kjsd__advperagentrankweighted__M4__L8__eps0p03__g0p0003__ds0p05__dm0p05
Problem: QUBO
Kernel: jsd
Advantage: peragentrankweighted
M: 4
lambda: 8
epsilon_svgd: 0.03
gamma: 0.0003
decay_start_ratio: 0.05
decay_min_factor: 0.05
bandwith_kernel: None
no_interact: False
avg_score: -315.3399963378906
median_score: -315.0
std_score: 24.69664764404297
percentiles: 2%=-368.0, 5%=-357.0, 10%=-348.20001220703125, 25%=-334.0, 50%=-315.0, 75%=-299.75, 90%=-286.6000061035156, 95%=-277.8999938964844, 98%=-267.8999938964844
ranking_best_algo: CMApara
ranking_best_score: 344.22
ranking_my_rank: 204/504 (59.7%)
ranking_my_percent: 59.72222222222222
