ConfigName: kjsd__advperagentrankweighted__M4__L30__eps0p005__g0p0005__ds0p2__dm0p05
Problem: QUBO
Kernel: jsd
Advantage: peragentrankweighted
M: 4
lambda: 30
epsilon_svgd: 0.005
gamma: 0.0005
decay_start_ratio: 0.2
decay_min_factor: 0.05
bandwith_kernel: None
no_interact: False
avg_score: -582.4600219726562
median_score: -586.0
std_score: 28.85114288330078
percentiles: 2%=-635.0399780273438, 5%=-625.0999755859375, 10%=-615.0, 25%=-603.0, 50%=-586.0, 75%=-560.0, 90%=-547.7999877929688, 95%=-538.75, 98%=-508.94000244140625
ranking_best_algo: Tabu
ranking_best_score: 588.7199999999999
ranking_my_rank: 9/503 (98.4%)
ranking_my_percent: 98.40954274353876
