ConfigName: kjsd__advperagentrankweighted__M4__L10__eps0p01__g0p0007__ds0p05__dm0p05
Problem: QUBO
Kernel: jsd
Advantage: peragentrankweighted
M: 4
lambda: 10
epsilon_svgd: 0.01
gamma: 0.0007
decay_start_ratio: 0.05
decay_min_factor: 0.05
bandwith_kernel: None
no_interact: False
avg_score: -2648.97998046875
median_score: -2648.5
std_score: 114.1600570678711
percentiles: 2%=-2861.139892578125, 5%=-2830.5, 10%=-2810.39990234375, 25%=-2725.25, 50%=-2648.5, 75%=-2570.25, 90%=-2503.60009765625, 95%=-2446.85009765625, 98%=-2401.5400390625
ranking_best_algo: DiscreteLengler2OnePlusOne
ranking_best_score: 2617.04
ranking_my_rank: 1/504 (100.0%)
ranking_my_percent: 100.0
