ConfigName: krbf__advnormalizedfitness__M4__L8__eps0p02__g0p005__ds0p15__dm0p05
Problem: QUBO
Kernel: rbf
Advantage: normalizedfitness
M: 4
lambda: 8
epsilon_svgd: 0.02
gamma: 0.005
decay_start_ratio: 0.15
decay_min_factor: 0.05
bandwith_kernel: None
no_interact: False
avg_score: -906.239990234375
median_score: -897.5
std_score: 58.54709243774414
percentiles: 2%=-1024.3399658203125, 5%=-1002.0999755859375, 10%=-982.2999877929688, 25%=-947.75, 50%=-897.5, 75%=-862.25, 90%=-833.7999877929688, 95%=-826.9000244140625, 98%=-807.7999877929688
ranking_best_algo: CMAL3
ranking_best_score: 928.5800000000002
ranking_my_rank: 61/504 (88.1%)
ranking_my_percent: 88.0952380952381
