ConfigName: kjsd__advperagentrankweighted__M3__L20__eps0p01__g0p0005__ds0p05__dm0p1
Problem: QUBO
Kernel: jsd
Advantage: peragentrankweighted
M: 3
lambda: 20
epsilon_svgd: 0.01
gamma: 0.0005
decay_start_ratio: 0.05
decay_min_factor: 0.1
bandwith_kernel: None
no_interact: False
avg_score: -937.3800048828125
median_score: -941.0
std_score: 64.08584594726562
percentiles: 2%=-1061.0999755859375, 5%=-1048.0, 10%=-1020.4000244140625, 25%=-981.25, 50%=-941.0, 75%=-892.25, 90%=-859.5999755859375, 95%=-827.0, 98%=-814.760009765625
ranking_best_algo: CMApara
ranking_best_score: 964.9
ranking_my_rank: 9/504 (98.4%)
ranking_my_percent: 98.41269841269842
