ConfigName: kjsd__advperagentrankweighted__M4__L12__eps0p03__g0p0003__ds0p05__dm0p05
Problem: QUBO
Kernel: jsd
Advantage: peragentrankweighted
M: 4
lambda: 12
epsilon_svgd: 0.03
gamma: 0.0003
decay_start_ratio: 0.05
decay_min_factor: 0.05
bandwith_kernel: None
no_interact: False
avg_score: -2440.47998046875
median_score: -2445.0
std_score: 111.24571990966797
percentiles: 2%=-2653.10009765625, 5%=-2613.35009765625, 10%=-2590.39990234375, 25%=-2526.0, 50%=-2445.0, 75%=-2354.75, 90%=-2297.800048828125, 95%=-2254.0, 98%=-2236.02001953125
ranking_best_algo: SVM1MetaModelLogNormal
ranking_best_score: 2605.14
ranking_my_rank: 88/504 (82.7%)
ranking_my_percent: 82.73809523809524
