ConfigName: kjsd__advperagentrankweighted__M6__L10__eps0p02__g0p0005__ds0p05__dm0p05
Problem: NK
Kernel: jsd
Advantage: peragentrankweighted
M: 6
lambda: 10
epsilon_svgd: 0.02
gamma: 0.0005
decay_start_ratio: 0.05
decay_min_factor: 0.05
bandwith_kernel: None
no_interact: False
avg_score: 0.7059367299079895
median_score: 0.7087871432304382
std_score: 0.011708108708262444
percentiles: 2%=0.686240017414093, 5%=0.686984121799469, 10%=0.6898281574249268, 25%=0.6957663893699646, 50%=0.7087871432304382, 75%=0.7158529758453369, 90%=0.7191252112388611, 95%=0.7209581136703491, 98%=0.7227542996406555
ranking_best_algo: PBIL
ranking_best_score: 0.7013553837109374
ranking_my_rank: 1/504 (100.0%)
ranking_my_percent: 100.0
