ConfigName: kjsd__advperagentrankweighted__M4__L10__eps0p03__g0p0007__ds0p05__dm0p05
Problem: QUBO
Kernel: jsd
Advantage: peragentrankweighted
M: 4
lambda: 10
epsilon_svgd: 0.03
gamma: 0.0007
decay_start_ratio: 0.05
decay_min_factor: 0.05
bandwith_kernel: None
no_interact: False
avg_score: -1277.739990234375
median_score: -1275.0
std_score: 53.44559860229492
percentiles: 2%=-1398.0999755859375, 5%=-1373.0999755859375, 10%=-1342.800048828125, 25%=-1313.0, 50%=-1275.0, 75%=-1240.0, 90%=-1208.5999755859375, 95%=-1189.949951171875, 98%=-1182.719970703125
ranking_best_algo: BigLognormalDiscreteOnePlusOne
ranking_best_score: 1301.3600000000004
ranking_my_rank: 32/504 (93.8%)
ranking_my_percent: 93.84920634920636
