ConfigName: kjsd__advperagentrankweighted__M3__L18__eps0p005__g0p0007__ds0p2__dm0p1
Problem: QUBO
Kernel: jsd
Advantage: peragentrankweighted
M: 3
lambda: 18
epsilon_svgd: 0.005
gamma: 0.0007
decay_start_ratio: 0.2
decay_min_factor: 0.1
bandwith_kernel: None
no_interact: False
avg_score: -3283.739990234375
median_score: -3277.0
std_score: 114.95535278320312
percentiles: 2%=-3559.02001953125, 5%=-3463.35009765625, 10%=-3425.800048828125, 25%=-3360.5, 50%=-3277.0, 75%=-3201.75, 90%=-3141.89990234375, 95%=-3109.85009765625, 98%=-3049.800048828125
ranking_best_algo: RLSOnePlusOne
ranking_best_score: 3316.5199999999995
ranking_my_rank: 3/504 (99.6%)
ranking_my_percent: 99.60317460317461
