ConfigName: krbf__advnormalizedfitness__M1__L8__eps0p015__g0p007__ds0p3__dm0p3
Problem: QUBO
Kernel: rbf
Advantage: normalizedfitness
M: 1
lambda: 8
epsilon_svgd: 0.015
gamma: 0.007
decay_start_ratio: 0.3
decay_min_factor: 0.3
bandwith_kernel: None
no_interact: False
avg_score: -408.8999938964844
median_score: -414.0
std_score: 41.004756927490234
percentiles: 2%=-473.0, 5%=-469.1000061035156, 10%=-459.0, 25%=-435.25, 50%=-414.0, 75%=-383.0, 90%=-362.79998779296875, 95%=-353.9000244140625, 98%=-327.35986328125
ranking_best_algo: CMAL3
ranking_best_score: 435.36
ranking_my_rank: 209/504 (58.7%)
ranking_my_percent: 58.73015873015873
