ConfigName: kjsd__advperagentrankweighted__M4__L30__eps0p005__g0p0005__ds0p4__dm0p05
Problem: NK
Kernel: jsd
Advantage: peragentrankweighted
M: 4
lambda: 30
epsilon_svgd: 0.005
gamma: 0.0005
decay_start_ratio: 0.4
decay_min_factor: 0.05
bandwith_kernel: None
no_interact: False
avg_score: 0.7380157709121704
median_score: 0.7390099763870239
std_score: 0.008840905502438545
percentiles: 2%=0.7200441956520081, 5%=0.7212094664573669, 10%=0.7237250804901123, 25%=0.7344138026237488, 50%=0.7390099763870239, 75%=0.7449376583099365, 90%=0.7482516169548035, 95%=0.7501080632209778, 98%=0.7513366341590881
ranking_best_algo: PBIL
ranking_best_score: 0.730509098125
ranking_my_rank: 1/504 (100.0%)
ranking_my_percent: 100.0
