ConfigName: kjsd__advperagentrankweighted__M4__L20__eps0p005__g0p001__ds0p05__dm0p1
Problem: QUBO
Kernel: jsd
Advantage: peragentrankweighted
M: 4
lambda: 20
epsilon_svgd: 0.005
gamma: 0.001
decay_start_ratio: 0.05
decay_min_factor: 0.1
bandwith_kernel: None
no_interact: False
avg_score: -140.1199951171875
median_score: -142.5
std_score: 10.608750343322754
percentiles: 2%=-158.0399932861328, 5%=-158.0, 10%=-155.0, 25%=-147.0, 50%=-142.5, 75%=-131.0, 90%=-126.80000305175781, 95%=-123.0, 98%=-120.95999908447266
ranking_best_algo: DiscreteDE
ranking_best_score: 143.4
ranking_my_rank: 79/504 (84.5%)
ranking_my_percent: 84.52380952380952
