ConfigName: krbf__advnormalizedfitness__M4__L8__eps0p025__g0p007__ds0p3__dm0p3
Problem: QUBO
Kernel: rbf
Advantage: normalizedfitness
M: 4
lambda: 8
epsilon_svgd: 0.025
gamma: 0.007
decay_start_ratio: 0.3
decay_min_factor: 0.3
bandwith_kernel: None
no_interact: False
avg_score: -410.5799865722656
median_score: -417.0
std_score: 25.701818466186523
percentiles: 2%=-452.0, 5%=-449.0, 10%=-437.1000061035156, 25%=-428.25, 50%=-417.0, 75%=-393.75, 90%=-375.79998779296875, 95%=-371.9000244140625, 98%=-347.8799743652344
ranking_best_algo: Tabu
ranking_best_score: 438.12
ranking_my_rank: 88/504 (82.7%)
ranking_my_percent: 82.73809523809524
