ConfigName: kjsd__advperagentrankweighted__M4__L12__eps0p005__g0p0003__ds0p05__dm0p05
Problem: QUBO
Kernel: jsd
Advantage: peragentrankweighted
M: 4
lambda: 12
epsilon_svgd: 0.005
gamma: 0.0003
decay_start_ratio: 0.05
decay_min_factor: 0.05
bandwith_kernel: None
no_interact: False
avg_score: -440.8999938964844
median_score: -440.5
std_score: 26.129484176635742
percentiles: 2%=-487.0400085449219, 5%=-485.1000061035156, 10%=-476.29998779296875, 25%=-458.5, 50%=-440.5, 75%=-423.0, 90%=-409.8999938964844, 95%=-396.8500061035156, 98%=-383.9800109863281
ranking_best_algo: CMApara
ranking_best_score: 453.82
ranking_my_rank: 12/504 (97.8%)
ranking_my_percent: 97.81746031746032
