ConfigName: kjsd__advperagentrankweighted__M3__L16__eps0p005__g0p0005__ds0p2__dm0p05
Problem: NK
Kernel: jsd
Advantage: peragentrankweighted
M: 3
lambda: 16
epsilon_svgd: 0.005
gamma: 0.0005
decay_start_ratio: 0.2
decay_min_factor: 0.05
bandwith_kernel: None
no_interact: False
avg_score: 0.735792875289917
median_score: 0.7375204563140869
std_score: 0.00873261597007513
percentiles: 2%=0.7176065444946289, 5%=0.720388650894165, 10%=0.7232568860054016, 25%=0.7302610874176025, 50%=0.7375204563140869, 75%=0.741674542427063, 90%=0.7463884353637695, 95%=0.7479630708694458, 98%=0.7508519291877747
ranking_best_algo: PBIL
ranking_best_score: 0.730509098125
ranking_my_rank: 1/504 (100.0%)
ranking_my_percent: 100.0
