ConfigName: kjsd__advperagentrankweighted__M4__L12__eps0p005__g0p0005__ds0p2__dm0p05
Problem: QUBO
Kernel: jsd
Advantage: peragentrankweighted
M: 4
lambda: 12
epsilon_svgd: 0.005
gamma: 0.0005
decay_start_ratio: 0.2
decay_min_factor: 0.05
bandwith_kernel: None
no_interact: False
avg_score: -581.5800170898438
median_score: -579.0
std_score: 25.89408302307129
percentiles: 2%=-631.0399780273438, 5%=-621.0999755859375, 10%=-614.2999877929688, 25%=-599.25, 50%=-579.0, 75%=-566.75, 90%=-546.0, 95%=-537.9500122070312, 98%=-527.6599731445312
ranking_best_algo: Tabu
ranking_best_score: 588.7199999999999
ranking_my_rank: 36/503 (93.0%)
ranking_my_percent: 93.04174950298211
