ConfigName: kjsd__advperagentrankweighted__M3__L30__eps0p007__g0p0005__ds0p05__dm0p2
Problem: QUBO
Kernel: jsd
Advantage: peragentrankweighted
M: 3
lambda: 30
epsilon_svgd: 0.007
gamma: 0.0005
decay_start_ratio: 0.05
decay_min_factor: 0.2
bandwith_kernel: None
no_interact: False
avg_score: -330.260009765625
median_score: -337.5
std_score: 23.91008758544922
percentiles: 2%=-372.0, 5%=-372.0, 10%=-354.29998779296875, 25%=-349.25, 50%=-337.5, 75%=-310.75, 90%=-296.0, 95%=-290.0, 98%=-277.9599914550781
ranking_best_algo: CMApara
ranking_best_score: 344.22
ranking_my_rank: 79/504 (84.5%)
ranking_my_percent: 84.52380952380952
