ConfigName: kjsd__advperagentrankweighted__M6__L24__eps0p005__g0p0005__ds0p3__dm0p05
Problem: QUBO
Kernel: jsd
Advantage: peragentrankweighted
M: 6
lambda: 24
epsilon_svgd: 0.005
gamma: 0.0005
decay_start_ratio: 0.3
decay_min_factor: 0.05
bandwith_kernel: None
no_interact: False
avg_score: -202.4199981689453
median_score: -203.0
std_score: 11.712539672851562
percentiles: 2%=-224.0, 5%=-222.0, 10%=-218.10000610351562, 25%=-211.0, 50%=-203.0, 75%=-193.0, 90%=-187.89999389648438, 95%=-185.0, 98%=-176.97999572753906
ranking_best_algo: Tabu
ranking_best_score: 208.36000000000004
ranking_my_rank: 34/504 (93.5%)
ranking_my_percent: 93.45238095238095
