ConfigName: kjsd__advperagentrankweighted__M3__L18__eps0p005__g0p0007__ds0p05__dm0p2
Problem: QUBO
Kernel: jsd
Advantage: peragentrankweighted
M: 3
lambda: 18
epsilon_svgd: 0.005
gamma: 0.0007
decay_start_ratio: 0.05
decay_min_factor: 0.2
bandwith_kernel: None
no_interact: False
avg_score: -2640.699951171875
median_score: -2636.0
std_score: 115.72273254394531
percentiles: 2%=-2857.3798828125, 5%=-2815.050048828125, 10%=-2776.800048828125, 25%=-2725.75, 50%=-2636.0, 75%=-2576.5, 90%=-2481.39990234375, 95%=-2437.60009765625, 98%=-2379.56005859375
ranking_best_algo: DiscreteLengler2OnePlusOne
ranking_best_score: 2617.04
ranking_my_rank: 1/504 (100.0%)
ranking_my_percent: 100.0
