ConfigName: kjsd__advperagentrankweighted__M3__L16__eps0p007__g0p0007__ds0p2__dm0p2
Problem: NK
Kernel: jsd
Advantage: peragentrankweighted
M: 3
lambda: 16
epsilon_svgd: 0.007
gamma: 0.0007
decay_start_ratio: 0.2
decay_min_factor: 0.2
bandwith_kernel: None
no_interact: False
avg_score: 0.7364656925201416
median_score: 0.7383213639259338
std_score: 0.008917352184653282
percentiles: 2%=0.7193336486816406, 5%=0.7203248143196106, 10%=0.7230722904205322, 25%=0.7294647693634033, 50%=0.7383213639259338, 75%=0.7432305216789246, 90%=0.7464521527290344, 95%=0.7478293776512146, 98%=0.7505578994750977
ranking_best_algo: PBIL
ranking_best_score: 0.730509098125
ranking_my_rank: 1/504 (100.0%)
ranking_my_percent: 100.0
