ConfigName: kjsd__advperagentrankweighted__M4__L12__eps0p02__g0p0005__ds0p05__dm0p05
Problem: QUBO
Kernel: jsd
Advantage: peragentrankweighted
M: 4
lambda: 12
epsilon_svgd: 0.02
gamma: 0.0005
decay_start_ratio: 0.05
decay_min_factor: 0.05
bandwith_kernel: None
no_interact: False
avg_score: -1239.02001953125
median_score: -1239.5
std_score: 54.3898811340332
percentiles: 2%=-1335.239990234375, 5%=-1329.050048828125, 10%=-1313.0, 25%=-1275.5, 50%=-1239.5, 75%=-1202.75, 90%=-1165.9000244140625, 95%=-1158.6500244140625, 98%=-1140.760009765625
ranking_best_algo: SVMMetaModelLogNormal
ranking_best_score: 1233.7999999999997
ranking_my_rank: 1/504 (100.0%)
ranking_my_percent: 100.0
