ConfigName: krbf__advnormalizedfitness__M1__L8__eps0p033__g0p005__ds0p01__dm0p3
Problem: NK
Kernel: rbf
Advantage: normalizedfitness
M: 1
lambda: 8
epsilon_svgd: 0.033
gamma: 0.005
decay_start_ratio: 0.01
decay_min_factor: 0.3
bandwith_kernel: None
no_interact: False
avg_score: 0.6996936202049255
median_score: 0.7010897994041443
std_score: 0.016940703615546227
percentiles: 2%=0.6606311202049255, 5%=0.662941038608551, 10%=0.6693427562713623, 25%=0.6938324570655823, 50%=0.7010897994041443, 75%=0.7098591327667236, 90%=0.7190057039260864, 95%=0.7262381911277771, 98%=0.7287894487380981
ranking_best_algo: CMApara
ranking_best_score: 0.707475975
ranking_my_rank: 104/504 (79.6%)
ranking_my_percent: 79.56349206349206
