ConfigName: kjsd__advperagentrankweighted__M3__L16__eps0p007__g0p0005__ds0p2__dm0p1
Problem: QUBO
Kernel: jsd
Advantage: peragentrankweighted
M: 3
lambda: 16
epsilon_svgd: 0.007
gamma: 0.0005
decay_start_ratio: 0.2
decay_min_factor: 0.1
bandwith_kernel: None
no_interact: False
avg_score: -421.70001220703125
median_score: -419.0
std_score: 30.708141326904297
percentiles: 2%=-483.0, 5%=-475.20001220703125, 10%=-460.1000061035156, 25%=-439.75, 50%=-419.0, 75%=-403.75, 90%=-388.8999938964844, 95%=-376.6499938964844, 98%=-359.55999755859375
ranking_best_algo: CMAL3
ranking_best_score: 435.36
ranking_my_rank: 52/504 (89.9%)
ranking_my_percent: 89.88095238095238
