ConfigName: kjsd__advperagentrankweighted__M3__L20__eps0p007__g0p003__ds0p05__dm0p05
Problem: QUBO
Kernel: jsd
Advantage: peragentrankweighted
M: 3
lambda: 20
epsilon_svgd: 0.007
gamma: 0.003
decay_start_ratio: 0.05
decay_min_factor: 0.05
bandwith_kernel: None
no_interact: False
avg_score: -2374.179931640625
median_score: -2370.5
std_score: 158.32310485839844
percentiles: 2%=-2690.159912109375, 5%=-2643.14990234375, 10%=-2569.199951171875, 25%=-2496.5, 50%=-2370.5, 75%=-2249.75, 90%=-2170.89990234375, 95%=-2138.85009765625, 98%=-2086.580078125
ranking_best_algo: SVM1MetaModelLogNormal
ranking_best_score: 2605.14
ranking_my_rank: 132/504 (74.0%)
ranking_my_percent: 74.0079365079365
