ConfigName: krbf__advnormalizedfitness__M4__L8__eps0p015__g0p007__ds0p3__dm0p3
Problem: QUBO
Kernel: rbf
Advantage: normalizedfitness
M: 4
lambda: 8
epsilon_svgd: 0.015
gamma: 0.007
decay_start_ratio: 0.3
decay_min_factor: 0.3
bandwith_kernel: None
no_interact: False
avg_score: -809.9400024414062
median_score: -807.0
std_score: 75.04036712646484
percentiles: 2%=-976.2000122070312, 5%=-961.25, 10%=-927.4000244140625, 25%=-845.75, 50%=-807.0, 75%=-755.0, 90%=-730.7000122070312, 95%=-712.0, 98%=-678.7799682617188
ranking_best_algo: CMAL3
ranking_best_score: 928.5800000000002
ranking_my_rank: 266/504 (47.4%)
ranking_my_percent: 47.42063492063492
