ConfigName: krbf__advnormalizedfitness__M4__L10__eps0p033__g0p007__ds0p01__dm0p01
Problem: NK
Kernel: rbf
Advantage: normalizedfitness
M: 4
lambda: 10
epsilon_svgd: 0.033
gamma: 0.007
decay_start_ratio: 0.01
decay_min_factor: 0.01
bandwith_kernel: None
no_interact: False
avg_score: 0.7108361721038818
median_score: 0.7112650871276855
std_score: 0.015119149349629879
percentiles: 2%=0.6733449101448059, 5%=0.6739585995674133, 10%=0.6954014301300049, 25%=0.7088236808776855, 50%=0.7112650871276855, 75%=0.7195974588394165, 90%=0.7254820466041565, 95%=0.7325509786605835, 98%=0.7340372204780579
ranking_best_algo: CMApara
ranking_best_score: 0.707475975
ranking_my_rank: 1/504 (100.0%)
ranking_my_percent: 100.0
