ConfigName: krbf__advnormalizedfitness__M3__L10__eps0p025__g0p005__ds0p15__dm0p3
Problem: NK
Kernel: rbf
Advantage: normalizedfitness
M: 3
lambda: 10
epsilon_svgd: 0.025
gamma: 0.005
decay_start_ratio: 0.15
decay_min_factor: 0.3
bandwith_kernel: None
no_interact: False
avg_score: 0.7423510551452637
median_score: 0.7439900636672974
std_score: 0.009682072326540947
percentiles: 2%=0.7233766317367554, 5%=0.7261552214622498, 10%=0.729157567024231, 25%=0.7353569269180298, 50%=0.7439900636672974, 75%=0.7483917474746704, 90%=0.7548198699951172, 95%=0.7584945559501648, 98%=0.760869562625885
ranking_best_algo: PBIL
ranking_best_score: 0.733570253046875
ranking_my_rank: 1/504 (100.0%)
ranking_my_percent: 100.0
