ConfigName: krbf__advnormalizedfitness__M4__L8__eps0p015__g0p01__ds0p15__dm0p3
Problem: NK
Kernel: rbf
Advantage: normalizedfitness
M: 4
lambda: 8
epsilon_svgd: 0.015
gamma: 0.01
decay_start_ratio: 0.15
decay_min_factor: 0.3
bandwith_kernel: None
no_interact: False
avg_score: 0.6796932220458984
median_score: 0.6797932386398315
std_score: 0.010388663038611412
percentiles: 2%=0.6572676301002502, 5%=0.6622362732887268, 10%=0.664258599281311, 25%=0.6732031106948853, 50%=0.6797932386398315, 75%=0.6878165006637573, 90%=0.693611741065979, 95%=0.6957796812057495, 98%=0.6990256309509277
ranking_best_algo: PBIL
ranking_best_score: 0.7248786399609374
ranking_my_rank: 196/504 (61.3%)
ranking_my_percent: 61.30952380952381
