ConfigName: kjsd__advperagentrankweighted__M3__L18__eps0p01__g0p0007__ds0p1__dm0p2
Problem: QUBO
Kernel: jsd
Advantage: peragentrankweighted
M: 3
lambda: 18
epsilon_svgd: 0.01
gamma: 0.0007
decay_start_ratio: 0.1
decay_min_factor: 0.2
bandwith_kernel: None
no_interact: False
avg_score: -437.1199951171875
median_score: -437.0
std_score: 27.82562828063965
percentiles: 2%=-489.05999755859375, 5%=-479.1000061035156, 10%=-472.0, 25%=-455.5, 50%=-437.0, 75%=-417.0, 90%=-401.8999938964844, 95%=-394.0, 98%=-370.9800109863281
ranking_best_algo: CMApara
ranking_best_score: 453.82
ranking_my_rank: 29/504 (94.4%)
ranking_my_percent: 94.44444444444444
