ConfigName: krbf__advnormalizedfitness__M4__L8__eps0p033__g0p01__ds0p01__dm0p01
Problem: NK
Kernel: rbf
Advantage: normalizedfitness
M: 4
lambda: 8
epsilon_svgd: 0.033
gamma: 0.01
decay_start_ratio: 0.01
decay_min_factor: 0.01
bandwith_kernel: None
no_interact: False
avg_score: 0.7068032622337341
median_score: 0.7088718414306641
std_score: 0.01170404814183712
percentiles: 2%=0.6885582804679871, 5%=0.6890819668769836, 10%=0.6907798051834106, 25%=0.6952837109565735, 50%=0.7088718414306641, 75%=0.7171325087547302, 90%=0.7206496596336365, 95%=0.7224454283714294, 98%=0.7235782146453857
ranking_best_algo: PBIL
ranking_best_score: 0.7013553837109374
ranking_my_rank: 1/504 (100.0%)
ranking_my_percent: 100.0
