ConfigName: krbf__advnormalizedfitness__M4__L12__eps0p025__g0p015__ds0p01__dm0p3
Problem: NK
Kernel: rbf
Advantage: normalizedfitness
M: 4
lambda: 12
epsilon_svgd: 0.025
gamma: 0.015
decay_start_ratio: 0.01
decay_min_factor: 0.3
bandwith_kernel: None
no_interact: False
avg_score: 0.7385770678520203
median_score: 0.7375632524490356
std_score: 0.03229426592588425
percentiles: 2%=0.6903042197227478, 5%=0.6916468739509583, 10%=0.6970398426055908, 25%=0.7086314558982849, 50%=0.7375632524490356, 75%=0.7534812092781067, 90%=0.7737435698509216, 95%=0.8044298887252808, 98%=0.8068815469741821
ranking_best_algo: CMApara
ranking_best_score: 0.7459277895312499
ranking_my_rank: 61/504 (88.1%)
ranking_my_percent: 88.0952380952381
