ConfigName: krbf__advglobalrankweighted__M4__L10__eps0p015__g0p007__ds0p01__dm0p01
Problem: QUBO
Kernel: rbf
Advantage: globalrankweighted
M: 4
lambda: 10
epsilon_svgd: 0.015
gamma: 0.007
decay_start_ratio: 0.01
decay_min_factor: 0.01
bandwith_kernel: None
no_interact: False
avg_score: -1249.719970703125
median_score: -1244.5
std_score: 76.44227600097656
percentiles: 2%=-1396.0999755859375, 5%=-1368.0, 10%=-1352.199951171875, 25%=-1304.25, 50%=-1244.5, 75%=-1204.0, 90%=-1158.4000244140625, 95%=-1118.800048828125, 98%=-1092.719970703125
ranking_best_algo: BigLognormalDiscreteOnePlusOne
ranking_best_score: 1301.3600000000004
ranking_my_rank: 56/504 (89.1%)
ranking_my_percent: 89.08730158730158
