ConfigName: kjsd__advperagentrankweighted__M4__L30__eps0p01__g0p0003__ds0p05__dm0p05
Problem: NK
Kernel: jsd
Advantage: peragentrankweighted
M: 4
lambda: 30
epsilon_svgd: 0.01
gamma: 0.0003
decay_start_ratio: 0.05
decay_min_factor: 0.05
bandwith_kernel: None
no_interact: False
avg_score: 0.7309814691543579
median_score: 0.7308580875396729
std_score: 0.009420555084943771
percentiles: 2%=0.7125617265701294, 5%=0.7157492637634277, 10%=0.718538761138916, 25%=0.726469099521637, 50%=0.7308580875396729, 75%=0.7362151741981506, 90%=0.7448025941848755, 95%=0.7471508383750916, 98%=0.7497262954711914
ranking_best_algo: Tabu
ranking_best_score: 0.7429702712499999
ranking_my_rank: 2/504 (99.8%)
ranking_my_percent: 99.8015873015873
