ConfigName: kfr__advglobalrankweighted__M4__L24__eps0p06__g0p001__ds0p01__dm0p01
Problem: NK
Kernel: fr
Advantage: globalrankweighted
M: 4
lambda: 24
epsilon_svgd: 0.06
gamma: 0.001
decay_start_ratio: 0.01
decay_min_factor: 0.01
bandwith_kernel: None
no_interact: False
avg_score: 0.7282372117042542
median_score: 0.7272022366523743
std_score: 0.008202435448765755
percentiles: 2%=0.7142211198806763, 5%=0.7173563838005066, 10%=0.7181469202041626, 25%=0.723294734954834, 50%=0.7272022366523743, 75%=0.7339369058609009, 90%=0.7389848232269287, 95%=0.7410996556282043, 98%=0.744200587272644
ranking_best_algo: PBIL
ranking_best_score: 0.733570253046875
ranking_my_rank: 4/504 (99.4%)
ranking_my_percent: 99.4047619047619
