ConfigName: krbf__advnormalizedfitness__M3__L10__eps0p033__g0p005__ds0p3__dm0p01
Problem: NK
Kernel: rbf
Advantage: normalizedfitness
M: 3
lambda: 10
epsilon_svgd: 0.033
gamma: 0.005
decay_start_ratio: 0.3
decay_min_factor: 0.01
bandwith_kernel: None
no_interact: False
avg_score: 0.7521207928657532
median_score: 0.7514827251434326
std_score: 0.013656148687005043
percentiles: 2%=0.7258286476135254, 5%=0.7316844463348389, 10%=0.7350947260856628, 25%=0.7420527935028076, 50%=0.7514827251434326, 75%=0.7613251209259033, 90%=0.7706454992294312, 95%=0.7742292881011963, 98%=0.7795925736427307
ranking_best_algo: Tabu
ranking_best_score: 0.7657846284375001
ranking_my_rank: 13/504 (97.6%)
ranking_my_percent: 97.61904761904762
