ConfigName: kfr__advglobalrankweighted__M6__L7__eps0p02__g0p005__ds0p01__dm0p01
Problem: QUBO
Kernel: fr
Advantage: globalrankweighted
M: 6
lambda: 7
epsilon_svgd: 0.02
gamma: 0.005
decay_start_ratio: 0.01
decay_min_factor: 0.01
bandwith_kernel: None
no_interact: False
avg_score: -3062.60009765625
median_score: -3061.5
std_score: 148.98980712890625
percentiles: 2%=-3410.219970703125, 5%=-3299.35009765625, 10%=-3245.39990234375, 25%=-3160.5, 50%=-3061.5, 75%=-2959.5, 90%=-2884.699951171875, 95%=-2827.5, 98%=-2809.559814453125
ranking_best_algo: RLSOnePlusOne
ranking_best_score: 3316.5199999999995
ranking_my_rank: 90/504 (82.3%)
ranking_my_percent: 82.34126984126983
