ConfigName: kjsd__advperagentrankweighted__M4__L12__eps0p005__g0p0003__ds0p4__dm0p05
Problem: QUBO
Kernel: jsd
Advantage: peragentrankweighted
M: 4
lambda: 12
epsilon_svgd: 0.005
gamma: 0.0003
decay_start_ratio: 0.4
decay_min_factor: 0.05
bandwith_kernel: None
no_interact: False
avg_score: -416.1199951171875
median_score: -415.5
std_score: 25.530092239379883
percentiles: 2%=-469.0400085449219, 5%=-455.20001220703125, 10%=-450.1000061035156, 25%=-432.0, 50%=-415.5, 75%=-402.75, 90%=-383.6000061035156, 95%=-367.79998779296875, 98%=-361.9599914550781
ranking_best_algo: Tabu
ranking_best_score: 438.12
ranking_my_rank: 45/504 (91.3%)
ranking_my_percent: 91.26984126984127
