ConfigName: kfr__advglobalrankweighted__M6__L10__eps0p015__g0p007__ds0p01__dm0p01
Problem: QUBO
Kernel: fr
Advantage: globalrankweighted
M: 6
lambda: 10
epsilon_svgd: 0.015
gamma: 0.007
decay_start_ratio: 0.01
decay_min_factor: 0.01
bandwith_kernel: None
no_interact: False
avg_score: -399.8800048828125
median_score: -398.0
std_score: 30.76403045654297
percentiles: 2%=-465.0799865722656, 5%=-457.1000061035156, 10%=-440.29998779296875, 25%=-421.25, 50%=-398.0, 75%=-379.0, 90%=-359.8999938964844, 95%=-349.8000183105469, 98%=-344.9599914550781
ranking_best_algo: CMAL3
ranking_best_score: 435.36
ranking_my_rank: 235/504 (53.6%)
ranking_my_percent: 53.57142857142857
