ConfigName: krbf__advnormalizedfitness__M4__L10__eps0p025__g0p015__ds0p15__dm0p3
Problem: QUBO
Kernel: rbf
Advantage: normalizedfitness
M: 4
lambda: 10
epsilon_svgd: 0.025
gamma: 0.015
decay_start_ratio: 0.15
decay_min_factor: 0.3
bandwith_kernel: None
no_interact: False
avg_score: -692.6400146484375
median_score: -691.0
std_score: 72.27205657958984
percentiles: 2%=-841.1400146484375, 5%=-806.5, 10%=-794.0999755859375, 25%=-737.5, 50%=-691.0, 75%=-642.0, 90%=-604.4000244140625, 95%=-585.9000244140625, 98%=-548.8199462890625
ranking_best_algo: CMAL3
ranking_best_score: 928.5800000000002
ranking_my_rank: 331/504 (34.5%)
ranking_my_percent: 34.523809523809526
