ConfigName: kjsd__advperagentrankweighted__M8__L12__eps0p005__g0p0005__ds0p05__dm0p05
Problem: QUBO
Kernel: jsd
Advantage: peragentrankweighted
M: 8
lambda: 12
epsilon_svgd: 0.005
gamma: 0.0005
decay_start_ratio: 0.05
decay_min_factor: 0.05
bandwith_kernel: None
no_interact: False
avg_score: -421.7799987792969
median_score: -422.0
std_score: 24.63638687133789
percentiles: 2%=-473.0799865722656, 5%=-469.0, 10%=-452.1000061035156, 25%=-434.25, 50%=-422.0, 75%=-406.0, 90%=-386.0, 95%=-383.8999938964844, 98%=-380.0
ranking_best_algo: Tabu
ranking_best_score: 438.12
ranking_my_rank: 21/504 (96.0%)
ranking_my_percent: 96.03174603174604
