ConfigName: krbf__advnormalizedfitness__M3__L10__eps0p02__g0p005__ds0p15__dm0p05
Problem: QUBO
Kernel: rbf
Advantage: normalizedfitness
M: 3
lambda: 10
epsilon_svgd: 0.02
gamma: 0.005
decay_start_ratio: 0.15
decay_min_factor: 0.05
bandwith_kernel: None
no_interact: False
avg_score: -1216.3800048828125
median_score: -1219.0
std_score: 73.60079193115234
percentiles: 2%=-1369.5999755859375, 5%=-1348.0999755859375, 10%=-1306.800048828125, 25%=-1253.5, 50%=-1219.0, 75%=-1164.75, 90%=-1120.9000244140625, 95%=-1103.6500244140625, 98%=-1086.760009765625
ranking_best_algo: SVMMetaModelLogNormal
ranking_best_score: 1233.7999999999997
ranking_my_rank: 41/504 (92.1%)
ranking_my_percent: 92.06349206349206
