ConfigName: krbf__advnormalizedfitness__M2__L8__eps0p033__g0p005__ds0p01__dm0p3
Problem: QUBO
Kernel: rbf
Advantage: normalizedfitness
M: 2
lambda: 8
epsilon_svgd: 0.033
gamma: 0.005
decay_start_ratio: 0.01
decay_min_factor: 0.3
bandwith_kernel: None
no_interact: False
avg_score: -3238.679931640625
median_score: -3236.5
std_score: 121.0142822265625
percentiles: 2%=-3526.239990234375, 5%=-3435.25, 10%=-3395.800048828125, 25%=-3321.5, 50%=-3236.5, 75%=-3150.75, 90%=-3080.89990234375, 95%=-3061.35009765625, 98%=-3017.93994140625
ranking_best_algo: RLSOnePlusOne
ranking_best_score: 3316.5199999999995
ranking_my_rank: 42/504 (91.9%)
ranking_my_percent: 91.86507936507937
