ConfigName: kjsd__advperagentrankweighted__M3__L18__eps0p007__g0p0007__ds0p05__dm0p1
Problem: NK
Kernel: jsd
Advantage: peragentrankweighted
M: 3
lambda: 18
epsilon_svgd: 0.007
gamma: 0.0007
decay_start_ratio: 0.05
decay_min_factor: 0.1
bandwith_kernel: None
no_interact: False
avg_score: 0.7204357385635376
median_score: 0.7203447818756104
std_score: 0.006574349012225866
percentiles: 2%=0.709026575088501, 5%=0.7102552056312561, 10%=0.7123053073883057, 25%=0.716151773929596, 50%=0.7203447818756104, 75%=0.7244477272033691, 90%=0.7286228537559509, 95%=0.7308540344238281, 98%=0.7340003252029419
ranking_best_algo: PBIL
ranking_best_score: 0.7170882103515624
ranking_my_rank: 1/504 (100.0%)
ranking_my_percent: 100.0
