ConfigName: kjsd__advperagentrankweighted__M3__L20__eps0p007__g0p001__ds0p1__dm0p05
Problem: NK
Kernel: jsd
Advantage: peragentrankweighted
M: 3
lambda: 20
epsilon_svgd: 0.007
gamma: 0.001
decay_start_ratio: 0.1
decay_min_factor: 0.05
bandwith_kernel: None
no_interact: False
avg_score: 0.707872211933136
median_score: 0.7101041078567505
std_score: 0.011941344477236271
percentiles: 2%=0.6885687708854675, 5%=0.6891549825668335, 10%=0.6922902464866638, 25%=0.6961302161216736, 50%=0.7101041078567505, 75%=0.7182163000106812, 90%=0.7217165231704712, 95%=0.7240275740623474, 98%=0.7246948480606079
ranking_best_algo: PBIL
ranking_best_score: 0.7013553837109374
ranking_my_rank: 1/504 (100.0%)
ranking_my_percent: 100.0
