ConfigName: krbf__advnormalizedfitness__M5__L10__eps0p025__g0p01__ds0p05__dm0p05
Problem: NK
Kernel: rbf
Advantage: normalizedfitness
M: 5
lambda: 10
epsilon_svgd: 0.025
gamma: 0.01
decay_start_ratio: 0.05
decay_min_factor: 0.05
bandwith_kernel: None
no_interact: False
avg_score: 0.7450194358825684
median_score: 0.7423176169395447
std_score: 0.02777477353811264
percentiles: 2%=0.7013943195343018, 5%=0.7057748436927795, 10%=0.7105557918548584, 25%=0.7238635420799255, 50%=0.7423176169395447, 75%=0.7580187320709229, 90%=0.7783373594284058, 95%=0.8044298887252808, 98%=0.8047043681144714
ranking_best_algo: CMApara
ranking_best_score: 0.7459277895312499
ranking_my_rank: 2/504 (99.8%)
ranking_my_percent: 99.8015873015873
