ConfigName: kjsd__advperagentrankweighted__M3__L20__eps0p007__g0p001__ds0p1__dm0p1
Problem: QUBO
Kernel: jsd
Advantage: peragentrankweighted
M: 3
lambda: 20
epsilon_svgd: 0.007
gamma: 0.001
decay_start_ratio: 0.1
decay_min_factor: 0.1
bandwith_kernel: None
no_interact: False
avg_score: -2649.719970703125
median_score: -2661.0
std_score: 117.2612533569336
percentiles: 2%=-2908.139892578125, 5%=-2814.449951171875, 10%=-2797.0, 25%=-2729.25, 50%=-2661.0, 75%=-2583.0, 90%=-2507.300048828125, 95%=-2468.64990234375, 98%=-2401.159912109375
ranking_best_algo: DiscreteLengler2OnePlusOne
ranking_best_score: 2617.04
ranking_my_rank: 1/504 (100.0%)
ranking_my_percent: 100.0
