ConfigName: kjsd__advperagentrankweighted__M3__L18__eps0p007__g0p003__ds0p1__dm0p1
Problem: NK
Kernel: jsd
Advantage: peragentrankweighted
M: 3
lambda: 18
epsilon_svgd: 0.007
gamma: 0.003
decay_start_ratio: 0.1
decay_min_factor: 0.1
bandwith_kernel: None
no_interact: False
avg_score: 0.7539101243019104
median_score: 0.7529258728027344
std_score: 0.01412568986415863
percentiles: 2%=0.7269116640090942, 5%=0.7318878173828125, 10%=0.7354038953781128, 25%=0.7432563304901123, 50%=0.7529258728027344, 75%=0.7637721300125122, 90%=0.774371325969696, 95%=0.7767900824546814, 98%=0.7790324091911316
ranking_best_algo: Tabu
ranking_best_score: 0.7470791764843752
ranking_my_rank: 1/504 (100.0%)
ranking_my_percent: 100.0
