ConfigName: kjsd__advperagentrankweighted__M5__L10__eps0p03__g0p0003__ds0p05__dm0p05
Problem: QUBO
Kernel: jsd
Advantage: peragentrankweighted
M: 5
lambda: 10
epsilon_svgd: 0.03
gamma: 0.0003
decay_start_ratio: 0.05
decay_min_factor: 0.05
bandwith_kernel: None
no_interact: False
avg_score: -557.4400024414062
median_score: -556.0
std_score: 27.09845733642578
percentiles: 2%=-615.02001953125, 5%=-603.0999755859375, 10%=-593.0999755859375, 25%=-575.25, 50%=-556.0, 75%=-538.75, 90%=-517.9000244140625, 95%=-513.0, 98%=-508.9800109863281
ranking_best_algo: Tabu
ranking_best_score: 588.7199999999999
ranking_my_rank: 106/503 (79.1%)
ranking_my_percent: 79.12524850894633
