ConfigName: krbf__advnormalizedfitness__M3__L10__eps0p015__g0p015__ds0p15__dm0p3
Problem: QUBO
Kernel: rbf
Advantage: normalizedfitness
M: 3
lambda: 10
epsilon_svgd: 0.015
gamma: 0.015
decay_start_ratio: 0.15
decay_min_factor: 0.3
bandwith_kernel: None
no_interact: False
avg_score: -320.3800048828125
median_score: -324.0
std_score: 21.249366760253906
percentiles: 2%=-360.20001220703125, 5%=-349.04998779296875, 10%=-343.1000061035156, 25%=-334.25, 50%=-324.0, 75%=-307.5, 90%=-292.0, 95%=-287.7500305175781, 98%=-269.91998291015625
ranking_best_algo: CMApara
ranking_best_score: 344.22
ranking_my_rank: 165/504 (67.5%)
ranking_my_percent: 67.46031746031746
