ConfigName: kfr__advglobalrankweighted__M2__L8__eps0p02__g0p005__ds0p01__dm0p01
Problem: QUBO
Kernel: fr
Advantage: globalrankweighted
M: 2
lambda: 8
epsilon_svgd: 0.02
gamma: 0.005
decay_start_ratio: 0.01
decay_min_factor: 0.01
bandwith_kernel: None
no_interact: False
avg_score: -303.1400146484375
median_score: -302.0
std_score: 41.49241256713867
percentiles: 2%=-392.0400085449219, 5%=-386.1000061035156, 10%=-352.6000061035156, 25%=-330.5, 50%=-302.0, 75%=-269.75, 90%=-250.89999389648438, 95%=-243.90000915527344, 98%=-238.0
ranking_best_algo: CMApara
ranking_best_score: 319.29999999999995
ranking_my_rank: 212/504 (58.1%)
ranking_my_percent: 58.13492063492063
