ConfigName: krbf__advnormalizedfitness__M4__L10__eps0p015__g0p007__ds0p01__dm0p01
Problem: QUBO
Kernel: rbf
Advantage: normalizedfitness
M: 4
lambda: 10
epsilon_svgd: 0.015
gamma: 0.007
decay_start_ratio: 0.01
decay_min_factor: 0.01
bandwith_kernel: None
no_interact: False
avg_score: -2841.4599609375
median_score: -2837.5
std_score: 240.1176300048828
percentiles: 2%=-3309.39990234375, 5%=-3250.39990234375, 10%=-3175.0, 25%=-3030.5, 50%=-2837.5, 75%=-2667.5, 90%=-2556.699951171875, 95%=-2497.10009765625, 98%=-2404.5595703125
ranking_best_algo: RLSOnePlusOne
ranking_best_score: 3316.5199999999995
ranking_my_rank: 155/504 (69.4%)
ranking_my_percent: 69.44444444444444
