ConfigName: kjsd__advperagentrankweighted__M4__L24__eps0p005__g0p0003__ds0p2__dm0p05
Problem: QUBO
Kernel: jsd
Advantage: peragentrankweighted
M: 4
lambda: 24
epsilon_svgd: 0.005
gamma: 0.0003
decay_start_ratio: 0.2
decay_min_factor: 0.05
bandwith_kernel: None
no_interact: False
avg_score: -1202.6400146484375
median_score: -1194.5
std_score: 60.61658477783203
percentiles: 2%=-1345.239990234375, 5%=-1331.0999755859375, 10%=-1274.0999755859375, 25%=-1235.25, 50%=-1194.5, 75%=-1159.5, 90%=-1135.0, 95%=-1118.9000244140625, 98%=-1098.5999755859375
ranking_best_algo: Tabu
ranking_best_score: 1216.16
ranking_my_rank: 41/504 (92.1%)
ranking_my_percent: 92.06349206349206
