ConfigName: kjsd__advperagentrankweighted__M5__L10__eps0p005__g0p0005__ds0p05__dm0p05
Problem: QUBO
Kernel: jsd
Advantage: peragentrankweighted
M: 5
lambda: 10
epsilon_svgd: 0.005
gamma: 0.0005
decay_start_ratio: 0.05
decay_min_factor: 0.05
bandwith_kernel: None
no_interact: False
avg_score: -918.719970703125
median_score: -920.5
std_score: 62.36940002441406
percentiles: 2%=-1058.0400390625, 5%=-1029.300048828125, 10%=-998.4000244140625, 25%=-957.0, 50%=-920.5, 75%=-882.0, 90%=-835.9000244140625, 95%=-824.6500244140625, 98%=-800.760009765625
ranking_best_algo: CMAL3
ranking_best_score: 928.5800000000002
ranking_my_rank: 10/504 (98.2%)
ranking_my_percent: 98.21428571428571
