ConfigName: kjsd__advperagentrankweighted__M3__L18__eps0p01__g0p0005__ds0p05__dm0p2
Problem: QUBO
Kernel: jsd
Advantage: peragentrankweighted
M: 3
lambda: 18
epsilon_svgd: 0.01
gamma: 0.0005
decay_start_ratio: 0.05
decay_min_factor: 0.2
bandwith_kernel: None
no_interact: False
avg_score: -438.4200134277344
median_score: -439.5
std_score: 27.93606185913086
percentiles: 2%=-487.0400085449219, 5%=-481.1000061035156, 10%=-473.20001220703125, 25%=-461.0, 50%=-439.5, 75%=-418.0, 90%=-399.79998779296875, 95%=-391.95001220703125, 98%=-383.9200134277344
ranking_best_algo: CMApara
ranking_best_score: 453.82
ranking_my_rank: 20/504 (96.2%)
ranking_my_percent: 96.23015873015873
