ConfigName: kjsd__advperagentrankweighted__M3__L16__eps0p007__g0p0007__ds0p2__dm0p2
Problem: QUBO
Kernel: jsd
Advantage: peragentrankweighted
M: 3
lambda: 16
epsilon_svgd: 0.007
gamma: 0.0007
decay_start_ratio: 0.2
decay_min_factor: 0.2
bandwith_kernel: None
no_interact: False
avg_score: -199.47999572753906
median_score: -201.0
std_score: 13.021888732910156
percentiles: 2%=-224.0, 5%=-221.0, 10%=-215.1999969482422, 25%=-208.0, 50%=-201.0, 75%=-191.75, 90%=-182.89999389648438, 95%=-176.9499969482422, 98%=-170.9600067138672
ranking_best_algo: Tabu
ranking_best_score: 208.36000000000004
ranking_my_rank: 84/504 (83.5%)
ranking_my_percent: 83.53174603174604
