ConfigName: krbf__advnormalizedfitness__M1__L10__eps0p015__g0p015__ds0p15__dm0p01
Problem: QUBO
Kernel: rbf
Advantage: normalizedfitness
M: 1
lambda: 10
epsilon_svgd: 0.015
gamma: 0.015
decay_start_ratio: 0.15
decay_min_factor: 0.01
bandwith_kernel: None
no_interact: False
avg_score: -145.6999969482422
median_score: -146.0
std_score: 14.960948944091797
percentiles: 2%=-179.0, 5%=-179.0, 10%=-158.1999969482422, 25%=-154.25, 50%=-146.0, 75%=-139.0, 90%=-126.80000305175781, 95%=-117.0, 98%=-112.91998291015625
ranking_best_algo: CMApara
ranking_best_score: 154.28
ranking_my_rank: 136/504 (73.2%)
ranking_my_percent: 73.21428571428571
