ConfigName: krbf__advnormalizedfitness__M2__L6__eps0p01__g0p006__ds0p01__dm0p01
Problem: QUBO
Kernel: rbf
Advantage: normalizedfitness
M: 2
lambda: 6
epsilon_svgd: 0.01
gamma: 0.006
decay_start_ratio: 0.01
decay_min_factor: 0.01
bandwith_kernel: None
no_interact: False
avg_score: -1234.300048828125
median_score: -1229.0
std_score: 57.14026641845703
percentiles: 2%=-1357.0, 5%=-1333.050048828125, 10%=-1304.300048828125, 25%=-1273.5, 50%=-1229.0, 75%=-1196.75, 90%=-1158.5999755859375, 95%=-1137.8499755859375, 98%=-1125.8599853515625
ranking_best_algo: SVMMetaModelLogNormal
ranking_best_score: 1233.7999999999997
ranking_my_rank: 1/504 (100.0%)
ranking_my_percent: 100.0
