ConfigName: kjsd__advperagentrankweighted__M8__L24__eps0p005__g0p0005__ds0p05__dm0p05
Problem: QUBO
Kernel: jsd
Advantage: peragentrankweighted
M: 8
lambda: 24
epsilon_svgd: 0.005
gamma: 0.0005
decay_start_ratio: 0.05
decay_min_factor: 0.05
bandwith_kernel: None
no_interact: False
avg_score: -200.4600067138672
median_score: -201.0
std_score: 12.192965507507324
percentiles: 2%=-222.0399932861328, 5%=-221.0, 10%=-219.10000610351562, 25%=-209.0, 50%=-201.0, 75%=-190.75, 90%=-183.89999389648438, 95%=-181.85000610351562, 98%=-178.94000244140625
ranking_best_algo: Tabu
ranking_best_score: 208.36000000000004
ranking_my_rank: 46/504 (91.1%)
ranking_my_percent: 91.07142857142857
