ConfigName: kjsd__advperagentrankweighted__M3__L20__eps0p007__g0p0007__ds0p05__dm0p1
Problem: NK
Kernel: jsd
Advantage: peragentrankweighted
M: 3
lambda: 20
epsilon_svgd: 0.007
gamma: 0.0007
decay_start_ratio: 0.05
decay_min_factor: 0.1
bandwith_kernel: None
no_interact: False
avg_score: 0.7101677060127258
median_score: 0.7116395235061646
std_score: 0.015536755323410034
percentiles: 2%=0.6696701645851135, 5%=0.6713516712188721, 10%=0.6968525052070618, 25%=0.7073732614517212, 50%=0.7116395235061646, 75%=0.7193242907524109, 90%=0.7254214882850647, 95%=0.7323663234710693, 98%=0.7333759665489197
ranking_best_algo: CMApara
ranking_best_score: 0.707475975
ranking_my_rank: 1/504 (100.0%)
ranking_my_percent: 100.0
