ConfigName: kjsd__advperagentrankweighted__M3__L18__eps0p007__g0p0005__ds0p1__dm0p05
Problem: QUBO
Kernel: jsd
Advantage: peragentrankweighted
M: 3
lambda: 18
epsilon_svgd: 0.007
gamma: 0.0005
decay_start_ratio: 0.1
decay_min_factor: 0.05
bandwith_kernel: None
no_interact: False
avg_score: -1625.9000244140625
median_score: -1624.5
std_score: 65.36611938476562
percentiles: 2%=-1788.5400390625, 5%=-1729.050048828125, 10%=-1705.4000244140625, 25%=-1657.0, 50%=-1624.5, 75%=-1585.0, 90%=-1544.699951171875, 95%=-1518.5999755859375, 98%=-1508.6800537109375
ranking_best_algo: NLOPT_LN_PRAXIS
ranking_best_score: 1607.12
ranking_my_rank: 1/504 (100.0%)
ranking_my_percent: 100.0
