ConfigName: kjsd__advperagentrankweighted__M4__L20__eps0p007__g0p0005__ds0p2__dm0p2
Problem: NK
Kernel: jsd
Advantage: peragentrankweighted
M: 4
lambda: 20
epsilon_svgd: 0.007
gamma: 0.0005
decay_start_ratio: 0.2
decay_min_factor: 0.2
bandwith_kernel: None
no_interact: False
avg_score: 0.7435357570648193
median_score: 0.7409700155258179
std_score: 0.028460463508963585
percentiles: 2%=0.7012261152267456, 5%=0.7055056691169739, 10%=0.7108384966850281, 25%=0.7237745523452759, 50%=0.7409700155258179, 75%=0.7580187320709229, 90%=0.7767981886863708, 95%=0.8044965267181396, 98%=0.8109671473503113
ranking_best_algo: CMApara
ranking_best_score: 0.7459277895312499
ranking_my_rank: 8/504 (98.6%)
ranking_my_percent: 98.61111111111111
