ConfigName: kjsd__advperagentrankweighted__M4__L20__eps0p005__g0p0005__ds0p1__dm0p05
Problem: QUBO
Kernel: jsd
Advantage: peragentrankweighted
M: 4
lambda: 20
epsilon_svgd: 0.005
gamma: 0.0005
decay_start_ratio: 0.1
decay_min_factor: 0.05
bandwith_kernel: None
no_interact: False
avg_score: -1241.3199462890625
median_score: -1243.0
std_score: 64.30830383300781
percentiles: 2%=-1385.06005859375, 5%=-1347.75, 10%=-1327.9000244140625, 25%=-1279.0, 50%=-1243.0, 75%=-1194.75, 90%=-1158.9000244140625, 95%=-1143.3499755859375, 98%=-1120.6400146484375
ranking_best_algo: SVMMetaModelLogNormal
ranking_best_score: 1233.7999999999997
ranking_my_rank: 1/504 (100.0%)
ranking_my_percent: 100.0
