ConfigName: krbf__advglobalrankweighted__M4__L9__eps0p015__g0p007__ds0p01__dm0p01
Problem: QUBO
Kernel: rbf
Advantage: globalrankweighted
M: 4
lambda: 9
epsilon_svgd: 0.015
gamma: 0.007
decay_start_ratio: 0.01
decay_min_factor: 0.01
bandwith_kernel: None
no_interact: False
avg_score: -1259.93994140625
median_score: -1264.5
std_score: 71.42363739013672
percentiles: 2%=-1404.1800537109375, 5%=-1364.300048828125, 10%=-1341.300048828125, 25%=-1315.25, 50%=-1264.5, 75%=-1210.5, 90%=-1168.800048828125, 95%=-1139.949951171875, 98%=-1127.739990234375
ranking_best_algo: BigLognormalDiscreteOnePlusOne
ranking_best_score: 1301.3600000000004
ranking_my_rank: 53/504 (89.7%)
ranking_my_percent: 89.68253968253968
