ConfigName: krbf__advnormalizedfitness__M3__L12__eps0p033__g0p01__ds0p3__dm0p01
Problem: QUBO
Kernel: rbf
Advantage: normalizedfitness
M: 3
lambda: 12
epsilon_svgd: 0.033
gamma: 0.01
decay_start_ratio: 0.3
decay_min_factor: 0.01
bandwith_kernel: None
no_interact: False
avg_score: -139.4600067138672
median_score: -139.5
std_score: 10.995835304260254
percentiles: 2%=-158.02000427246094, 5%=-157.0, 10%=-155.10000610351562, 25%=-146.0, 50%=-139.5, 75%=-130.0, 90%=-125.0, 95%=-123.0, 98%=-117.0
ranking_best_algo: DiscreteDE
ranking_best_score: 143.4
ranking_my_rank: 85/504 (83.3%)
ranking_my_percent: 83.33333333333333
