ConfigName: krbf__advnormalizedfitness__M3__L8__eps0p025__g0p01__ds0p3__dm0p3
Problem: NK
Kernel: rbf
Advantage: normalizedfitness
M: 3
lambda: 8
epsilon_svgd: 0.025
gamma: 0.01
decay_start_ratio: 0.3
decay_min_factor: 0.3
bandwith_kernel: None
no_interact: False
avg_score: 0.7288918495178223
median_score: 0.7293652296066284
std_score: 0.016200896352529526
percentiles: 2%=0.7012979984283447, 5%=0.7028568387031555, 10%=0.7072761654853821, 25%=0.7171194553375244, 50%=0.7293652296066284, 75%=0.740753710269928, 90%=0.7500534057617188, 95%=0.7569813132286072, 98%=0.7581288814544678
ranking_best_algo: PBIL
ranking_best_score: 0.733570253046875
ranking_my_rank: 3/504 (99.6%)
ranking_my_percent: 99.60317460317461
