ConfigName: krbf__advnormalizedfitness__M4__L15__eps0p033__g0p015__ds0p3__dm0p01
Problem: QUBO
Kernel: rbf
Advantage: normalizedfitness
M: 4
lambda: 15
epsilon_svgd: 0.033
gamma: 0.015
decay_start_ratio: 0.3
decay_min_factor: 0.01
bandwith_kernel: None
no_interact: False
avg_score: -1819.3199462890625
median_score: -1812.0
std_score: 146.8049774169922
percentiles: 2%=-2127.02001953125, 5%=-2061.10009765625, 10%=-2011.4000244140625, 25%=-1921.75, 50%=-1812.0, 75%=-1718.0, 90%=-1633.199951171875, 95%=-1605.9000244140625, 98%=-1575.31982421875
ranking_best_algo: SVM1MetaModelLogNormal
ranking_best_score: 2605.14
ranking_my_rank: 319/504 (36.9%)
ranking_my_percent: 36.904761904761905
