ConfigName: kjsd__advperagentrankweighted__M4__L20__eps0p005__g0p0005__ds0p05__dm0p2
Problem: QUBO
Kernel: jsd
Advantage: peragentrankweighted
M: 4
lambda: 20
epsilon_svgd: 0.005
gamma: 0.0005
decay_start_ratio: 0.05
decay_min_factor: 0.2
bandwith_kernel: None
no_interact: False
avg_score: -332.20001220703125
median_score: -339.5
std_score: 19.98999786376953
percentiles: 2%=-361.2200012207031, 5%=-354.04998779296875, 10%=-354.0, 25%=-346.0, 50%=-339.5, 75%=-320.0, 90%=-300.8999938964844, 95%=-290.95001220703125, 98%=-285.9200134277344
ranking_best_algo: CMApara
ranking_best_score: 344.22
ranking_my_rank: 72/504 (85.9%)
ranking_my_percent: 85.91269841269842
