ConfigName: kjsd__advperagentrankweighted__M4__L12__eps0p03__g0p0003__ds0p2__dm0p05
Problem: QUBO
Kernel: jsd
Advantage: peragentrankweighted
M: 4
lambda: 12
epsilon_svgd: 0.03
gamma: 0.0003
decay_start_ratio: 0.2
decay_min_factor: 0.05
bandwith_kernel: None
no_interact: False
avg_score: -882.5
median_score: -871.5
std_score: 65.38937377929688
percentiles: 2%=-1032.1600341796875, 5%=-996.4500122070312, 10%=-976.0, 25%=-915.5, 50%=-871.5, 75%=-834.25, 90%=-807.0, 95%=-796.9500122070312, 98%=-782.9199829101562
ranking_best_algo: CMAL3
ranking_best_score: 928.5800000000002
ranking_my_rank: 109/504 (78.6%)
ranking_my_percent: 78.57142857142857
