ConfigName: krbf__advnormalizedfitness__M4__L10__eps0p025__g0p005__ds0p3__dm0p01
Problem: NK
Kernel: rbf
Advantage: normalizedfitness
M: 4
lambda: 10
epsilon_svgd: 0.025
gamma: 0.005
decay_start_ratio: 0.3
decay_min_factor: 0.01
bandwith_kernel: None
no_interact: False
avg_score: 0.7108571529388428
median_score: 0.7111695408821106
std_score: 0.015260905958712101
percentiles: 2%=0.6733192801475525, 5%=0.6736322045326233, 10%=0.6966856122016907, 25%=0.7071866393089294, 50%=0.7111695408821106, 75%=0.7197152972221375, 90%=0.7255440950393677, 95%=0.7327784895896912, 98%=0.7339365482330322
ranking_best_algo: CMApara
ranking_best_score: 0.707475975
ranking_my_rank: 1/504 (100.0%)
ranking_my_percent: 100.0
