ConfigName: kjsd__advperagentrankweighted__M3__L18__eps0p007__g0p0005__ds0p05__dm0p1
Problem: QUBO
Kernel: jsd
Advantage: peragentrankweighted
M: 3
lambda: 18
epsilon_svgd: 0.007
gamma: 0.0005
decay_start_ratio: 0.05
decay_min_factor: 0.1
bandwith_kernel: None
no_interact: False
avg_score: -2610.39990234375
median_score: -2604.5
std_score: 126.32514190673828
percentiles: 2%=-2846.52001953125, 5%=-2818.60009765625, 10%=-2781.60009765625, 25%=-2702.5, 50%=-2604.5, 75%=-2509.25, 90%=-2449.89990234375, 95%=-2417.10009765625, 98%=-2359.60009765625
ranking_best_algo: SVM1MetaModelLogNormal
ranking_best_score: 2605.14
ranking_my_rank: 1/504 (100.0%)
ranking_my_percent: 100.0
