ConfigName: krbf__advnormalizedfitness__M4__L12__eps0p033__g0p007__ds0p15__dm0p3
Problem: NK
Kernel: rbf
Advantage: normalizedfitness
M: 4
lambda: 12
epsilon_svgd: 0.033
gamma: 0.007
decay_start_ratio: 0.15
decay_min_factor: 0.3
bandwith_kernel: None
no_interact: False
avg_score: 0.7450665235519409
median_score: 0.7423104643821716
std_score: 0.029599126428365707
percentiles: 2%=0.6949243545532227, 5%=0.7041619420051575, 10%=0.7089534401893616, 25%=0.724025547504425, 50%=0.7423104643821716, 75%=0.7603975534439087, 90%=0.778337299823761, 95%=0.8098017573356628, 98%=0.8118547797203064
ranking_best_algo: CMApara
ranking_best_score: 0.7459277895312499
ranking_my_rank: 2/504 (99.8%)
ranking_my_percent: 99.8015873015873
