ConfigName: krbf__advnormalizedfitness__M3__L8__eps0p033__g0p005__ds0p15__dm0p3
Problem: QUBO
Kernel: rbf
Advantage: normalizedfitness
M: 3
lambda: 8
epsilon_svgd: 0.033
gamma: 0.005
decay_start_ratio: 0.15
decay_min_factor: 0.3
bandwith_kernel: None
no_interact: False
avg_score: -2570.840087890625
median_score: -2564.5
std_score: 124.60519409179688
percentiles: 2%=-2836.639892578125, 5%=-2777.89990234375, 10%=-2736.300048828125, 25%=-2647.5, 50%=-2564.5, 75%=-2480.0, 90%=-2415.699951171875, 95%=-2378.300048828125, 98%=-2341.800048828125
ranking_best_algo: DiscreteLengler2OnePlusOne
ranking_best_score: 2617.04
ranking_my_rank: 50/504 (90.3%)
ranking_my_percent: 90.27777777777777
