ConfigName: krbf__advnormalizedfitness__M4__L10__eps0p033__g0p007__ds0p15__dm0p3
Problem: NK
Kernel: rbf
Advantage: normalizedfitness
M: 4
lambda: 10
epsilon_svgd: 0.033
gamma: 0.007
decay_start_ratio: 0.15
decay_min_factor: 0.3
bandwith_kernel: None
no_interact: False
avg_score: 0.7558544874191284
median_score: 0.7576319575309753
std_score: 0.01292469073086977
percentiles: 2%=0.729337751865387, 5%=0.7333694100379944, 10%=0.7389101982116699, 25%=0.7473305463790894, 50%=0.7576319575309753, 75%=0.7643142938613892, 90%=0.7713404893875122, 95%=0.7756637334823608, 98%=0.7808442115783691
ranking_best_algo: Tabu
ranking_best_score: 0.7657846284375001
ranking_my_rank: 4/504 (99.4%)
ranking_my_percent: 99.4047619047619
