ConfigName: krbf__advnormalizedfitness__M1__L8__eps0p033__g0p005__ds0p01__dm0p01
Problem: NK
Kernel: rbf
Advantage: normalizedfitness
M: 1
lambda: 8
epsilon_svgd: 0.033
gamma: 0.005
decay_start_ratio: 0.01
decay_min_factor: 0.01
bandwith_kernel: None
no_interact: False
avg_score: 0.6956811547279358
median_score: 0.6970175504684448
std_score: 0.011685927398502827
percentiles: 2%=0.6745129227638245, 5%=0.6777956485748291, 10%=0.6806283593177795, 25%=0.6865132451057434, 50%=0.6970175504684448, 75%=0.7059016227722168, 90%=0.7096112966537476, 95%=0.7130873799324036, 98%=0.7158311605453491
ranking_best_algo: PBIL
ranking_best_score: 0.7013553837109374
ranking_my_rank: 49/504 (90.5%)
ranking_my_percent: 90.47619047619048
