ConfigName: kjsd__advperagentrankweighted__M4__L10__eps0p02__g0p0005__ds0p05__dm0p05
Problem: QUBO
Kernel: jsd
Advantage: peragentrankweighted
M: 4
lambda: 10
epsilon_svgd: 0.02
gamma: 0.0005
decay_start_ratio: 0.05
decay_min_factor: 0.05
bandwith_kernel: None
no_interact: False
avg_score: -308.1000061035156
median_score: -308.0
std_score: 39.078765869140625
percentiles: 2%=-392.0799865722656, 5%=-386.20001220703125, 10%=-357.0, 25%=-330.0, 50%=-308.0, 75%=-272.0, 90%=-264.79998779296875, 95%=-255.89999389648438, 98%=-247.97999572753906
ranking_best_algo: CMApara
ranking_best_score: 319.29999999999995
ranking_my_rank: 91/504 (82.1%)
ranking_my_percent: 82.14285714285714
