ConfigName: kjsd__advperagentrankweighted__M3__L18__eps0p005__g0p003__ds0p05__dm0p1
Problem: NK
Kernel: jsd
Advantage: peragentrankweighted
M: 3
lambda: 18
epsilon_svgd: 0.005
gamma: 0.003
decay_start_ratio: 0.05
decay_min_factor: 0.1
bandwith_kernel: None
no_interact: False
avg_score: 0.7045271396636963
median_score: 0.7030670642852783
std_score: 0.01732506975531578
percentiles: 2%=0.6720522046089172, 5%=0.6751374006271362, 10%=0.6816846132278442, 25%=0.694656252861023, 50%=0.7030670642852783, 75%=0.7149914503097534, 90%=0.7279348373413086, 95%=0.7354546189308167, 98%=0.7419219017028809
ranking_best_algo: PBIL
ranking_best_score: 0.733570253046875
ranking_my_rank: 94/504 (81.5%)
ranking_my_percent: 81.54761904761905
