ConfigName: kjsd__advperagentrankweighted__M3__L16__eps0p01__g0p0005__ds0p1__dm0p1
Problem: QUBO
Kernel: jsd
Advantage: peragentrankweighted
M: 3
lambda: 16
epsilon_svgd: 0.01
gamma: 0.0005
decay_start_ratio: 0.1
decay_min_factor: 0.1
bandwith_kernel: None
no_interact: False
avg_score: -573.6599731445312
median_score: -567.5
std_score: 28.545480728149414
percentiles: 2%=-623.0399780273438, 5%=-617.0999755859375, 10%=-611.2000122070312, 25%=-598.0, 50%=-567.5, 75%=-556.0, 90%=-538.7999877929688, 95%=-531.9000244140625, 98%=-516.8800048828125
ranking_best_algo: Tabu
ranking_best_score: 588.7199999999999
ranking_my_rank: 61/503 (88.1%)
ranking_my_percent: 88.07157057654075
