ConfigName: kjsd__advperagentrankweighted__M4__L24__eps0p005__g0p0003__ds0p05__dm0p05
Problem: QUBO
Kernel: jsd
Advantage: peragentrankweighted
M: 4
lambda: 24
epsilon_svgd: 0.005
gamma: 0.0003
decay_start_ratio: 0.05
decay_min_factor: 0.05
bandwith_kernel: None
no_interact: False
avg_score: -2593.419921875
median_score: -2576.0
std_score: 125.39642333984375
percentiles: 2%=-2905.139892578125, 5%=-2805.25, 10%=-2758.0, 25%=-2689.5, 50%=-2576.0, 75%=-2502.75, 90%=-2437.60009765625, 95%=-2417.699951171875, 98%=-2397.8798828125
ranking_best_algo: SVM1MetaModelLogNormal
ranking_best_score: 2605.14
ranking_my_rank: 10/504 (98.2%)
ranking_my_percent: 98.21428571428571
