ConfigName: krbf__advnormalizedfitness__M4__L10__eps0p03__g0p001__ds0p05__dm0p05
Problem: NK
Kernel: rbf
Advantage: normalizedfitness
M: 4
lambda: 10
epsilon_svgd: 0.03
gamma: 0.001
decay_start_ratio: 0.05
decay_min_factor: 0.05
bandwith_kernel: None
no_interact: False
avg_score: 0.7090374827384949
median_score: 0.6954540610313416
std_score: 0.032108984887599945
percentiles: 2%=0.6715070605278015, 5%=0.6723634004592896, 10%=0.673471987247467, 25%=0.6808165907859802, 50%=0.6954540610313416, 75%=0.7458244562149048, 90%=0.7532056570053101, 95%=0.7586009502410889, 98%=0.7613165378570557
ranking_best_algo: CMApara
ranking_best_score: 0.7118996098437498
ranking_my_rank: 58/504 (88.7%)
ranking_my_percent: 88.69047619047619
