ConfigName: krbf__advnormalizedfitness__M2__L8__eps0p025__g0p01__ds0p3__dm0p01
Problem: QUBO
Kernel: rbf
Advantage: normalizedfitness
M: 2
lambda: 8
epsilon_svgd: 0.025
gamma: 0.01
decay_start_ratio: 0.3
decay_min_factor: 0.01
bandwith_kernel: None
no_interact: False
avg_score: -434.7200012207031
median_score: -432.0
std_score: 25.784521102905273
percentiles: 2%=-481.0799865722656, 5%=-477.0, 10%=-472.1000061035156, 25%=-453.25, 50%=-432.0, 75%=-414.75, 90%=-403.8999938964844, 95%=-397.95001220703125, 98%=-393.7799987792969
ranking_best_algo: CMApara
ranking_best_score: 453.82
ranking_my_rank: 38/504 (92.7%)
ranking_my_percent: 92.65873015873017
