ConfigName: kjsd__advperagentrankweighted__M3__L24__eps0p007__g0p001__ds0p05__dm0p1
Problem: QUBO
Kernel: jsd
Advantage: peragentrankweighted
M: 3
lambda: 24
epsilon_svgd: 0.007
gamma: 0.001
decay_start_ratio: 0.05
decay_min_factor: 0.1
bandwith_kernel: None
no_interact: False
avg_score: -438.6199951171875
median_score: -441.0
std_score: 27.80675506591797
percentiles: 2%=-485.0799865722656, 5%=-481.1499938964844, 10%=-472.0, 25%=-459.0, 50%=-441.0, 75%=-417.0, 90%=-397.79998779296875, 95%=-390.95001220703125, 98%=-388.8599853515625
ranking_best_algo: CMApara
ranking_best_score: 453.82
ranking_my_rank: 19/504 (96.4%)
ranking_my_percent: 96.42857142857143
