ConfigName: krbf__advnormalizedfitness__M1__L10__eps0p015__g0p005__ds0p3__dm0p01
Problem: QUBO
Kernel: rbf
Advantage: normalizedfitness
M: 1
lambda: 10
epsilon_svgd: 0.015
gamma: 0.005
decay_start_ratio: 0.3
decay_min_factor: 0.01
bandwith_kernel: None
no_interact: False
avg_score: -1268.0999755859375
median_score: -1273.0
std_score: 80.85771179199219
percentiles: 2%=-1383.0400390625, 5%=-1369.449951171875, 10%=-1355.0999755859375, 25%=-1314.75, 50%=-1273.0, 75%=-1228.0, 90%=-1182.9000244140625, 95%=-1154.300048828125, 98%=-1130.639892578125
ranking_best_algo: BigLognormalDiscreteOnePlusOne
ranking_best_score: 1301.3600000000004
ranking_my_rank: 49/504 (90.5%)
ranking_my_percent: 90.47619047619048
