ConfigName: krbf__advnormalizedfitness__M4__L10__eps0p025__g0p007__ds0p01__dm0p3
Problem: QUBO
Kernel: rbf
Advantage: normalizedfitness
M: 4
lambda: 10
epsilon_svgd: 0.025
gamma: 0.007
decay_start_ratio: 0.01
decay_min_factor: 0.3
bandwith_kernel: None
no_interact: False
avg_score: -311.9200134277344
median_score: -315.0
std_score: 39.43543243408203
percentiles: 2%=-396.0400085449219, 5%=-394.0, 10%=-359.0, 25%=-333.0, 50%=-315.0, 75%=-275.0, 90%=-268.0, 95%=-263.0, 98%=-255.91998291015625
ranking_best_algo: CMApara
ranking_best_score: 319.29999999999995
ranking_my_rank: 36/504 (93.1%)
ranking_my_percent: 93.05555555555556
