ConfigName: kjsd__advperagentrankweighted__M5__L12__eps0p03__g0p0003__ds0p05__dm0p05
Problem: QUBO
Kernel: jsd
Advantage: peragentrankweighted
M: 5
lambda: 12
epsilon_svgd: 0.03
gamma: 0.0003
decay_start_ratio: 0.05
decay_min_factor: 0.05
bandwith_kernel: None
no_interact: False
avg_score: -196.94000244140625
median_score: -196.0
std_score: 12.699464797973633
percentiles: 2%=-222.0399932861328, 5%=-222.0, 10%=-215.1999969482422, 25%=-205.0, 50%=-196.0, 75%=-186.75, 90%=-180.89999389648438, 95%=-177.0, 98%=-174.0
ranking_best_algo: Tabu
ranking_best_score: 208.36000000000004
ranking_my_rank: 127/504 (75.0%)
ranking_my_percent: 75.0
