ConfigName: krbf__advnormalizedfitness__M4__L24__eps0p02__g0p01__ds0p15__dm0p05
Problem: QUBO
Kernel: rbf
Advantage: normalizedfitness
M: 4
lambda: 24
epsilon_svgd: 0.02
gamma: 0.01
decay_start_ratio: 0.15
decay_min_factor: 0.05
bandwith_kernel: None
no_interact: False
avg_score: -266.4200134277344
median_score: -258.0
std_score: 39.90969467163086
percentiles: 2%=-350.32000732421875, 5%=-346.0, 10%=-324.20001220703125, 25%=-290.5, 50%=-258.0, 75%=-237.75, 90%=-218.6999969482422, 95%=-209.9499969482422, 98%=-204.86000061035156
ranking_best_algo: CMApara
ranking_best_score: 319.29999999999995
ranking_my_rank: 329/504 (34.9%)
ranking_my_percent: 34.92063492063492
