ConfigName: krbf__advnormalizedfitness__M4__L12__eps0p025__g0p007__ds0p3__dm0p01
Problem: QUBO
Kernel: rbf
Advantage: normalizedfitness
M: 4
lambda: 12
epsilon_svgd: 0.025
gamma: 0.007
decay_start_ratio: 0.3
decay_min_factor: 0.01
bandwith_kernel: None
no_interact: False
avg_score: -435.5400085449219
median_score: -438.0
std_score: 26.3254337310791
percentiles: 2%=-481.0, 5%=-473.1000061035156, 10%=-468.1000061035156, 25%=-456.0, 50%=-438.0, 75%=-415.25, 90%=-399.8999938964844, 95%=-391.95001220703125, 98%=-380.8599853515625
ranking_best_algo: CMApara
ranking_best_score: 453.82
ranking_my_rank: 31/504 (94.0%)
ranking_my_percent: 94.04761904761905
