ConfigName: krbf__advnormalizedfitness__M5__L10__eps0p025__g0p005__ds0p05__dm0p05
Problem: NK
Kernel: rbf
Advantage: normalizedfitness
M: 5
lambda: 10
epsilon_svgd: 0.025
gamma: 0.005
decay_start_ratio: 0.05
decay_min_factor: 0.05
bandwith_kernel: None
no_interact: False
avg_score: 0.6285699605941772
median_score: 0.6240563988685608
std_score: 0.01852506399154663
percentiles: 2%=0.604552149772644, 5%=0.6068027019500732, 10%=0.6082055568695068, 25%=0.6160600781440735, 50%=0.6240563988685608, 75%=0.6399060487747192, 90%=0.6488456130027771, 95%=0.6601270437240601, 98%=0.6739227771759033
ranking_best_algo: PBIL
ranking_best_score: 0.7170882103515624
ranking_my_rank: 306/504 (39.5%)
ranking_my_percent: 39.48412698412698
