ConfigName: kjsd__advperagentrankweighted__M3__L18__eps0p007__g0p0007__ds0p05__dm0p05
Problem: QUBO
Kernel: jsd
Advantage: peragentrankweighted
M: 3
lambda: 18
epsilon_svgd: 0.007
gamma: 0.0007
decay_start_ratio: 0.05
decay_min_factor: 0.05
bandwith_kernel: None
no_interact: False
avg_score: -307.9599914550781
median_score: -309.0
std_score: 39.502384185791016
percentiles: 2%=-392.0799865722656, 5%=-386.1000061035156, 10%=-361.3999938964844, 25%=-334.5, 50%=-309.0, 75%=-272.0, 90%=-263.0, 95%=-257.95001220703125, 98%=-246.86000061035156
ranking_best_algo: CMApara
ranking_best_score: 319.29999999999995
ranking_my_rank: 91/504 (82.1%)
ranking_my_percent: 82.14285714285714
