ConfigName: kjsd__advperagentrankweighted__M4__L24__eps0p02__g0p0007__ds0p2__dm0p05
Problem: QUBO
Kernel: jsd
Advantage: peragentrankweighted
M: 4
lambda: 24
epsilon_svgd: 0.02
gamma: 0.0007
decay_start_ratio: 0.2
decay_min_factor: 0.05
bandwith_kernel: None
no_interact: False
avg_score: -916.5599975585938
median_score: -918.0
std_score: 65.35982513427734
percentiles: 2%=-1048.0799560546875, 5%=-1029.1500244140625, 10%=-1001.5, 25%=-959.5, 50%=-918.0, 75%=-875.75, 90%=-818.7000122070312, 95%=-810.9500122070312, 98%=-793.9400024414062
ranking_best_algo: CMAL3
ranking_best_score: 928.5800000000002
ranking_my_rank: 15/504 (97.2%)
ranking_my_percent: 97.22222222222223
