ConfigName: krbf__advnormalizedfitness__M3__L8__eps0p015__g0p007__ds0p01__dm0p01
Problem: QUBO
Kernel: rbf
Advantage: normalizedfitness
M: 3
lambda: 8
epsilon_svgd: 0.015
gamma: 0.007
decay_start_ratio: 0.01
decay_min_factor: 0.01
bandwith_kernel: None
no_interact: False
avg_score: -1587.1199951171875
median_score: -1587.0
std_score: 67.93737030029297
percentiles: 2%=-1741.0999755859375, 5%=-1688.199951171875, 10%=-1673.0999755859375, 25%=-1636.0, 50%=-1587.0, 75%=-1550.5, 90%=-1486.800048828125, 95%=-1464.9000244140625, 98%=-1448.8399658203125
ranking_best_algo: NLOPT_LN_PRAXIS
ranking_best_score: 1607.12
ranking_my_rank: 41/504 (92.1%)
ranking_my_percent: 92.06349206349206
