ConfigName: krbf__advnormalizedfitness__M3__L15__eps0p033__g0p005__ds0p01__dm0p3
Problem: QUBO
Kernel: rbf
Advantage: normalizedfitness
M: 3
lambda: 15
epsilon_svgd: 0.033
gamma: 0.005
decay_start_ratio: 0.01
decay_min_factor: 0.3
bandwith_kernel: None
no_interact: False
avg_score: -1273.4000244140625
median_score: -1274.0
std_score: 61.772647857666016
percentiles: 2%=-1407.199951171875, 5%=-1384.6500244140625, 10%=-1355.199951171875, 25%=-1304.5, 50%=-1274.0, 75%=-1230.5, 90%=-1197.300048828125, 95%=-1174.9000244140625, 98%=-1160.8399658203125
ranking_best_algo: BigLognormalDiscreteOnePlusOne
ranking_best_score: 1301.3600000000004
ranking_my_rank: 45/504 (91.3%)
ranking_my_percent: 91.26984126984127
