ConfigName: krbf__advnormalizedfitness__M4__L10__eps0p033__g0p005__ds0p15__dm0p01
Problem: NK
Kernel: rbf
Advantage: normalizedfitness
M: 4
lambda: 10
epsilon_svgd: 0.033
gamma: 0.005
decay_start_ratio: 0.15
decay_min_factor: 0.01
bandwith_kernel: None
no_interact: False
avg_score: 0.7259638905525208
median_score: 0.7264001369476318
std_score: 0.009953666478395462
percentiles: 2%=0.7019339203834534, 5%=0.7097294926643372, 10%=0.7145344018936157, 25%=0.7193417549133301, 50%=0.7264001369476318, 75%=0.7317512035369873, 90%=0.7393140196800232, 95%=0.7415335774421692, 98%=0.7445148229598999
ranking_best_algo: Tabu
ranking_best_score: 0.7429702712499999
ranking_my_rank: 3/504 (99.6%)
ranking_my_percent: 99.60317460317461
