ConfigName: kfr__advglobalrankweighted__M4__L24__eps0p02__g0p005__ds0p01__dm0p01
Problem: QUBO
Kernel: fr
Advantage: globalrankweighted
M: 4
lambda: 24
epsilon_svgd: 0.02
gamma: 0.005
decay_start_ratio: 0.01
decay_min_factor: 0.01
bandwith_kernel: None
no_interact: False
avg_score: -202.36000061035156
median_score: -203.0
std_score: 12.117359161376953
percentiles: 2%=-222.0399932861328, 5%=-220.10000610351562, 10%=-218.10000610351562, 25%=-211.0, 50%=-203.0, 75%=-196.0, 90%=-185.8000030517578, 95%=-179.0, 98%=-176.91998291015625
ranking_best_algo: Tabu
ranking_best_score: 208.36000000000004
ranking_my_rank: 34/504 (93.5%)
ranking_my_percent: 93.45238095238095
