ConfigName: kjsd__advperagentrankweighted__M3__L30__eps0p005__g0p001__ds0p1__dm0p1
Problem: QUBO
Kernel: jsd
Advantage: peragentrankweighted
M: 3
lambda: 30
epsilon_svgd: 0.005
gamma: 0.001
decay_start_ratio: 0.1
decay_min_factor: 0.1
bandwith_kernel: None
no_interact: False
avg_score: -575.9600219726562
median_score: -575.5
std_score: 31.262733459472656
percentiles: 2%=-632.0999755859375, 5%=-629.0, 10%=-623.2000122070312, 25%=-598.0, 50%=-575.5, 75%=-555.0, 90%=-536.7999877929688, 95%=-525.9000244140625, 98%=-514.9199829101562
ranking_best_algo: Tabu
ranking_best_score: 588.7199999999999
ranking_my_rank: 56/503 (89.1%)
ranking_my_percent: 89.06560636182903
