ConfigName: kfr__advglobalrankweighted__M2__L8__eps0p02__g0p005__ds0p01__dm0p01
Problem: QUBO
Kernel: fr
Advantage: globalrankweighted
M: 2
lambda: 8
epsilon_svgd: 0.02
gamma: 0.005
decay_start_ratio: 0.01
decay_min_factor: 0.01
bandwith_kernel: None
no_interact: False
avg_score: -402.0
median_score: -402.0
std_score: 23.708227157592773
percentiles: 2%=-447.0, 5%=-440.1499938964844, 10%=-430.1000061035156, 25%=-418.5, 50%=-402.0, 75%=-386.0, 90%=-374.0, 95%=-365.60003662109375, 98%=-349.9599914550781
ranking_best_algo: Tabu
ranking_best_score: 438.12
ranking_my_rank: 224/504 (55.8%)
ranking_my_percent: 55.75396825396825
