ConfigName: kjsd__advperagentrankweighted__M3__L18__eps0p007__g0p003__ds0p05__dm0p1
Problem: QUBO
Kernel: jsd
Advantage: peragentrankweighted
M: 3
lambda: 18
epsilon_svgd: 0.007
gamma: 0.003
decay_start_ratio: 0.05
decay_min_factor: 0.1
bandwith_kernel: None
no_interact: False
avg_score: -2345.60009765625
median_score: -2355.5
std_score: 140.36936950683594
percentiles: 2%=-2635.39990234375, 5%=-2570.050048828125, 10%=-2522.699951171875, 25%=-2442.5, 50%=-2355.5, 75%=-2240.25, 90%=-2185.10009765625, 95%=-2109.300048828125, 98%=-2084.4599609375
ranking_best_algo: SVM1MetaModelLogNormal
ranking_best_score: 2605.14
ranking_my_rank: 142/504 (72.0%)
ranking_my_percent: 72.02380952380952
