ConfigName: kjsd__advperagentrankweighted__M4__L12__eps0p005__g0p001__ds0p1__dm0p05
Problem: QUBO
Kernel: jsd
Advantage: peragentrankweighted
M: 4
lambda: 12
epsilon_svgd: 0.005
gamma: 0.001
decay_start_ratio: 0.1
decay_min_factor: 0.05
bandwith_kernel: None
no_interact: False
avg_score: -416.8399963378906
median_score: -420.0
std_score: 27.783706665039062
percentiles: 2%=-477.0, 5%=-469.20001220703125, 10%=-453.20001220703125, 25%=-429.25, 50%=-420.0, 75%=-398.0, 90%=-385.79998779296875, 95%=-373.6000061035156, 98%=-353.9200134277344
ranking_best_algo: Tabu
ranking_best_score: 438.12
ranking_my_rank: 41/504 (92.1%)
ranking_my_percent: 92.06349206349206
