512 1
0
477
1
149
2
476
3
284
4
311
5
388
6
358
7
475
8
364
9
14
10
165
11
384
12
508
13
365
14
207
15
165
16
408
17
32
18
104
19
493
20
319
21
392
22
355
1
23
24
279
25
45
26
477
27
309
28
451
29
227
30
171
31
446
32
256
33
50
34
292
35
328
36
480
37
336
38
180
34
39
40
49
41
316
42
203
43
465
44
456
45
225
46
480
47
296
48
74
49
428
50
71
51
226
2
52
53
376
54
101
55
119
56
285
57
114
58
335
59
400
11
60
61
257
62
334
63
91
64
294
65
242
5
66
42
67
68
466
4
69
70
97
71
362
72
306
73
335
74
195
75
242
76
93
77
355
78
399
79
391
80
457
81
99
82
162
83
425
34
84
85
108
3
86
87
189
88
341
89
442
90
436
91
311
92
335
93
390
36
94
95
135
96
189
97
148
98
261
99
310
100
289
101
183
100
102
103
187
104
246
105
168
106
388
107
209
108
334
109
207
110
499
111
418
78
112
113
147
64
114
115
183
116
392
91
117
118
297
13
119
120
455
121
338
122
441
123
369
124
249
3
125
126
422
127
394
86
128
1
129
130
374
131
419
132
301
133
147
134
358
135
470
136
140
137
313
138
203
139
344
140
474
141
194
110
142
143
498
5
144
63
145
79
146
85
147
148
256
149
202
150
260
102
151
152
405
111
153
154
352
155
266
31
156
157
361
22
158
159
320
160
490
80
161
162
278
163
217
164
220
165
494
166
438
132
167
9
168
77
169
170
272
171
383
172
212
173
506
122
174
76
175
84
176
177
307
178
361
179
394
84
180
181
419
182
497
183
221
184
283
185
285
186
292
187
413
188
362
189
265
190
332
191
373
174
192
39
193
59
194
195
501
64
196
197
242
198
208
66
199
81
200
201
276
7
202
108
203
204
340
205
435
206
318
207
358
208
358
209
470
210
264
195
211
27
212
213
432
125
214
215
252
84
216
3
217
93
218
219
483
220
305
41
221
222
347
74
223
208
224
9
225
226
283
227
508
228
325
69
229
168
230
231
282
232
495
33
233
207
234
235
363
236
468
237
370
238
466
239
275
157
240
241
297
242
496
243
316
244
418
145
245
246
468
247
255
248
463
71
249
223
250
26
251
20
252
253
413
181
254
33
255
256
468
257
495
258
494
259
390
140
260
261
302
262
478
263
313
264
266
265
445
178
266
50
267
152
268
269
480
94
270
82
271
272
305
56
273
68
274
138
275
276
402
277
405
253
278
279
358
280
421
93
281
282
319
283
361
284
461
257
285
208
286
121
287
288
310
289
303
69
290
291
385
166
292
278
293
294
372
3
295
296
303
297
386
298
494
299
463
300
479
301
339
233
302
303
342
253
304
101
305
130
306
307
347
126
308
221
309
10
310
311
463
312
339
133
313
314
494
99
315
316
355
296
317
85
318
319
391
320
478
275
321
322
393
99
323
302
324
325
411
244
326
231
327
328
397
329
338
127
330
331
446
332
359
333
470
334
482
311
335
259
336
337
356
253
338
145
339
340
398
341
489
342
462
190
343
344
383
345
382
346
503
186
347
4
348
55
349
350
353
351
505
319
352
307
353
348
354
26
355
269
356
259
357
327
358
112
359
220
360
361
489
177
362
353
363
364
395
1
365
366
434
57
367
12
368
369
451
370
434
279
371
198
372
26
373
374
476
285
375
210
376
145
377
180
378
156
379
121
380
188
381
50
382
266
383
125
384
105
385
386
396
0
387
336
388
58
389
195
390
391
422
271
392
382
393
388
394
110
395
269
396
359
397
73
398
350
399
400
438
401
410
402
437
102
403
305
404
363
405
406
427
264
407
202
408
186
409
90
410
411
439
243
412
147
413
306
414
415
440
384
416
208
417
418
421
66
419
174
420
249
421
302
422
423
446
349
424
299
425
172
426
258
427
265
428
136
429
169
430
431
490
105
432
385
433
306
434
342
435
305
436
110
437
46
438
334
439
334
440
80
441
153
442
325
443
345
444
144
445
275
446
153
447
174
448
125
449
33
450
158
451
96
452
391
453
406
454
56
455
344
456
33
457
458
476
42
459
14
460
243
461
208
462
203
463
368
464
346
465
94
466
47
467
209
468
62
469
166
470
356
471
313
472
357
473
57
474
27
475
14
476
95
477
194
478
410
479
260
480
251
481
349
482
21
483
201
484
268
485
457
486
255
487
7
488
221
489
173
490
119
491
480
492
350
493
129
494
377
495
300
496
409
497
37
498
135
499
347
500
134
501
131
502
115
503
504
511
230
505
43
506
277
507
9
508
370
509
25
510
494
511
0.558960497379303
0.6132530570030212
0.385635644197464
0.2560771703720093
0.022012555971741676
0.29409143328666687
0.6687092781066895
0.9286731481552124
0.06374857574701309
0.9585102796554565
0.5244264006614685
0.654403030872345
0.3123997449874878
0.48288729786872864
0.7423233389854431
0.895960807800293
0.6691203117370605
0.3318273723125458
0.08085139095783234
0.627372145652771
0.6795487403869629
0.11196903884410858
0.7072007060050964
0.7826159000396729
0.9707306623458862
0.7442560195922852
0.5371112823486328
0.33281993865966797
0.9581488370895386
0.7134746313095093
0.06475271284580231
0.497601181268692
0.14696410298347473
0.286884605884552
0.8392552733421326
0.894344687461853
0.8528310060501099
0.733727216720581
0.7755693793296814
0.023336926475167274
0.027165867388248444
0.9160711765289307
0.6164597272872925
0.8374886512756348
0.41986504197120667
0.3401423990726471
0.15424305200576782
0.4233648180961609
0.8431498408317566
0.20902107656002045
0.2746576964855194
0.8457880616188049
0.3911079168319702
0.00733719440177083
0.10146868973970413
0.19088208675384521
0.059377554804086685
0.6221741437911987
0.042869385331869125
0.6992158889770508
0.8132237195968628
0.5544688701629639
0.9838704466819763
0.009409126825630665
0.48674485087394714
0.8339199423789978
0.5887786149978638
0.06721897423267365
0.9987291693687439
0.3904026448726654
0.8407074809074402
0.27207881212234497
0.5749720931053162
0.0637536272406578
0.5571767687797546
0.26508718729019165
0.3980298638343811
0.8641374707221985
0.12764818966388702
0.7399918437004089
0.2659722566604614
0.3814001977443695
0.7586613297462463
0.6894527673721313
0.3286060094833374
0.05750589817762375
0.8210611939430237
0.9649296998977661
0.2871167063713074
0.8570687174797058
0.907609224319458
0.052257124334573746
0.46449288725852966
0.8701714277267456
0.9381922483444214
0.9826387763023376
0.6569221019744873
0.21664544939994812
0.2667234241962433
0.5132322311401367
0.14459234476089478
0.7426554560661316
0.6564416289329529
0.7002035975456238
0.6929227709770203
0.5076663494110107
0.16135264933109283
0.3660790026187897
0.5822651386260986
0.08304794132709503
0.6541106700897217
0.6576705574989319
0.24369411170482635
0.0386783592402935
0.12080588191747665
0.12215101718902588
0.6442114114761353
0.4845328629016876
0.7982723712921143
0.6311028599739075
0.29406827688217163
0.5386488437652588
0.17705951631069183
0.5347525477409363
0.9481649994850159
0.11143118143081665
0.35261422395706177
0.09671608358621597
0.07569821923971176
0.8155916333198547
0.5368750691413879
0.46362242102622986
0.7008436918258667
0.45024657249450684
0.4554925560951233
0.7217268943786621
0.5951017141342163
0.45305246114730835
0.5834981203079224
0.5445812344551086
0.8867638111114502
0.45884692668914795
0.6061452627182007
0.915012001991272
0.20227710902690887
0.42681819200515747
0.09273125976324081
0.7899280786514282
0.48711469769477844
0.8930503726005554
0.6602665781974792
0.3267083764076233
0.12206725031137466
0.05619628354907036
0.9391688704490662
0.9000950455665588
0.11999628692865372
0.17903704941272736
0.2416573315858841
0.6578186750411987
0.6283206343650818
0.8926497101783752
0.7884597182273865
0.6055412888526917
0.21668501198291779
0.9989575147628784
0.3313361704349518
0.2509523332118988
0.02874905802309513
0.808230459690094
0.7100784778594971
0.6341627240180969
0.9174162149429321
0.3703097999095917
0.14785417914390564
0.3746510446071625
0.31216537952423096
0.6068488359451294
0.2085363119840622
0.9139343500137329
0.7066165804862976
0.6547550559043884
0.9462180137634277
0.5498060584068298
0.2894687354564667
0.20474472641944885
0.4265201687812805
0.6627721786499023
0.5132959485054016
0.40350112318992615
0.42886918783187866
0.5147215127944946
0.857283890247345
0.04447534680366516
0.9889208674430847
0.27485862374305725
0.8509128093719482
0.49366477131843567
0.4620034396648407
0.779606282711029
0.9459769129753113
0.8443481922149658
0.9622121453285217
0.24580352008342743
0.3081640303134918
0.4469732344150543
0.42229747772216797
0.5356842875480652
0.8955767154693604
0.6363860964775085
0.96658855676651
0.7143527269363403
0.2599845230579376
0.9433556795120239
0.6051740646362305
0.8725786805152893
0.971443772315979
0.3966139256954193
0.6579591631889343
0.42087888717651367
0.5109274983406067
0.19902220368385315
0.25615033507347107
0.3679528534412384
0.4663017988204956
0.3635570704936981
0.09961861371994019
0.29121723771095276
0.6639572381973267
0.6724393963813782
0.21402429044246674
0.9088031649589539
0.22418899834156036
0.5256912708282471
0.1575252115726471
0.5856767892837524
0.3855065107345581
0.7211897969245911
0.03602595999836922
0.17811889946460724
0.5926538705825806
0.5367690920829773
0.8954567909240723
0.2093992382287979
0.235494926571846
0.6704114079475403
0.30865398049354553
0.9974954128265381
0.7513495087623596
0.011163018643856049
0.9718704223632812
0.07591138035058975
0.483229398727417
0.2452847808599472
0.8150461912155151
0.37146395444869995
0.2561154365539551
0.3474753201007843
0.05429481342434883
0.04396231845021248
0.48171788454055786
0.5937071442604065
0.052621517330408096
0.5787129998207092
0.609707236289978
0.5050221681594849
0.3451882600784302
0.3768957555294037
0.21948063373565674
0.12471562623977661
0.7325646281242371
0.17340941727161407
0.621734082698822
0.23640567064285278
0.6655867695808411
0.36469271779060364
0.8492282032966614
0.5278477072715759
0.8118625283241272
0.19202472269535065
0.2594496011734009
0.9089826345443726
0.24330945312976837
0.889862060546875
0.00839626882225275
0.05734209343791008
0.9517797827720642
0.27695074677467346
0.8851443529129028
0.2606516182422638
0.35026320815086365
0.8487493991851807
0.2445324808359146
0.5300891399383545
0.5097387433052063
0.11254046857357025
0.33509814739227295
0.9656740427017212
0.6169832348823547
0.2878560721874237
0.9024274945259094
0.5565301775932312
0.3993525207042694
0.6982133388519287
0.48326122760772705
0.04200164973735809
0.29757827520370483
0.29983600974082947
0.10030972212553024
0.02787327952682972
0.0756685733795166
0.11495712399482727
0.36259135603904724
0.2880326211452484
0.11788388341665268
0.07179717719554901
0.2513889968395233
0.452494353055954
0.9989092946052551
0.11141104251146317
0.6984231472015381
0.42269396781921387
0.7097991704940796
0.05990617349743843
0.4559852182865143
0.35263633728027344
0.8820922374725342
0.4545203745365143
0.5670561194419861
0.30646124482154846
0.0286715030670166
0.07811228185892105
0.02416314370930195
0.22863031923770905
0.5828161239624023
0.35189753770828247
0.01732337288558483
0.320542573928833
0.3058535158634186
0.520400881767273
0.32725289463996887
0.20822151005268097
0.47675010561943054
0.8639299273490906
0.37512215971946716
0.4287453889846802
0.4665539562702179
0.12853974103927612
0.17681890726089478
0.15177498757839203
0.7227718234062195
0.001407215604558587
0.7883526682853699
0.047084737569093704
0.8034828305244446
0.2904299199581146
0.7667788863182068
0.5885699391365051
0.1913338452577591
0.3468492925167084
0.44786542654037476
0.1407882124185562
0.5265373587608337
0.10443611443042755
0.3340962529182434
0.14537551999092102
0.9251735806465149
0.5409987568855286
0.4935992956161499
0.22354505956172943
0.7655114531517029
0.48508378863334656
0.5726358890533447
0.15067632496356964
0.6220993995666504
0.023557554930448532
0.22909463942050934
0.6074203252792358
0.08578857779502869
0.5572062730789185
0.22989316284656525
0.6297813653945923
0.6649855971336365
0.567617654800415
0.48575568199157715
0.48712658882141113
0.13480108976364136
0.08093054592609406
0.3347826600074768
0.5821893215179443
0.3478500247001648
0.36336785554885864
0.18041247129440308
0.04801870882511139
0.09354479610919952
0.5623595714569092
0.11090832203626633
0.1519777774810791
0.5561324954032898
0.4748449921607971
0.834921658039093
0.6725591421127319
0.2375662475824356
0.2062414437532425
0.5316616892814636
0.932492733001709
0.8165116906166077
0.5794103741645813
0.6002286672592163
0.26551535725593567
0.35327672958374023
0.2257668524980545
0.16318923234939575
0.5669357776641846
0.8002707958221436
0.6824358701705933
0.18388569355010986
0.454401433467865
0.8961511850357056
0.15624450147151947
0.9533091187477112
0.007303241640329361
0.45742878317832947
0.7040291428565979
0.7725664377212524
0.8144038319587708
0.4946019947528839
0.16211946308612823
0.7190358638763428
0.24922873079776764
0.6630494594573975
0.884097695350647
0.7785282731056213
0.4831729829311371
0.5925993323326111
0.8844035863876343
0.7393644452095032
0.3480704426765442
0.4267767369747162
0.13797374069690704
0.9381037354469299
0.9421690702438354
0.9279851317405701
0.5024139881134033
0.4274516999721527
0.3060407340526581
0.301475465297699
0.6467247009277344
0.5929529070854187
0.06986010819673538
0.42558979988098145
0.9876493811607361
0.35701480507850647
0.946989893913269
0.19128425419330597
0.9453437924385071
0.949725866317749
0.0516127310693264
0.4536086320877075
0.4506385028362274
0.901505708694458
0.9164215326309204
0.9048863649368286
0.8558698296546936
0.284475713968277
0.7318097949028015
0.6027308106422424
0.5725430250167847
0.48920097947120667
0.9579319357872009
0.026340579614043236
0.8078424334526062
0.40347278118133545
0.06987128406763077
0.14954453706741333
0.9379545450210571
0.7612610459327698
0.06086227670311928
0.681411862373352
0.041751354932785034
0.1755765974521637
0.6259334683418274
0.9362924098968506
0.07984323054552078
0.29408541321754456
0.9471871852874756
0.08048366755247116
0.9899681806564331
0.6717520356178284
0.6494354009628296
0.09296742081642151
0.6167852878570557
0.6205102801322937
0.9643697738647461
0.3196410834789276
0.8028020262718201
0.20801152288913727
0.45702633261680603
0.9749436974525452
0.9881659150123596
0.7532908320426941
0.8855264186859131
0.1299670785665512
0.31325170397758484
0.185008242726326
0.37960341572761536
0.91745525598526
0.994160532951355
0.8396339416503906
0.9779627919197083
0.17335468530654907
0.5501885414123535
0.25312042236328125
0.5892930030822754
0.56886225938797
0.6583271026611328
0.5272316932678223
0.9234850406646729
0.7472400069236755
0.23468416929244995
0.9566432237625122
0.5517517924308777
0.4506415128707886
0.6855714321136475
0.06540478020906448
0.5645332932472229
0.0896095260977745
0.6186887621879578
0.5663643479347229
0.7509301900863647
0.42932385206222534
0.1699155569076538
0.4515087306499481
0.5690575838088989
0.9682500958442688
0.9597380757331848
0.01798447035253048
0.9512668251991272
0.7622833847999573
0.4031619131565094
0.40422555804252625
0.6159245371818542
0.4143508970737457
0.047848209738731384
0.16585040092468262
0.30595719814300537
0.8615663647651672
0.7067317962646484
0.961797833442688
0.4616377651691437
0.6528139710426331
0.08601821959018707
0.985182523727417
0.21143567562103271
0.8937555551528931
0.46351367235183716
0.38667264580726624
0.56510990858078
0.10737276077270508
0.09452226758003235
0.0030481943394988775
0.5397758483886719
0.5923242568969727
0.2931254506111145
0.13511398434638977
0.9461581707000732
0.9761660695075989
0.41552436351776123
0.3976368308067322
0.9581711292266846
0.6796475052833557
0.7887568473815918
0.8735253810882568
0.5231474041938782
0.05325087532401085
0.008743088692426682
0.4026014804840088
0.7009986639022827
0.4539487063884735
0.8409513831138611
0.6517581939697266
0.6956218481063843
0.6756276488304138
0.185318261384964
0.3745064437389374
0.19933459162712097
0.7223117351531982
0.7255917191505432
0.5266810655593872
0.051486819982528687
0.6511340141296387
0.2824304401874542
0.914630115032196
0.2301323115825653
0.3188697397708893
0.20664241909980774
0.5318603515625
0.8106552362442017
0.20935824513435364
0.6485183835029602
0.1581185758113861
0.4886559247970581
0.1453477293252945
0.8853654265403748
0.05057402700185776
0.36113494634628296
0.6368620991706848
0.036578983068466187
0.8825247883796692
0.46579501032829285
0.6003060340881348
0.7710347771644592
0.031521908938884735
0.22296608984470367
0.22888855636119843
0.1283578723669052
0.3242199122905731
0.8043584823608398
0.6580749750137329
0.25433990359306335
0.8339861035346985
0.8060556054115295
0.20599281787872314
0.5095491409301758
0.06765181571245193
0.8321012258529663
0.06966317445039749
0.5916252136230469
0.6014274954795837
0.33994337916374207
0.47074559330940247
0.6591039896011353
0.6431995034217834
0.9273848533630371
0.16329844295978546
0.06787353754043579
0.5943884253501892
0.6324785947799683
0.4530949592590332
0.15540850162506104
0.5248086452484131
0.5511347651481628
0.8783193230628967
0.8526732325553894
0.5413726568222046
0.07982278615236282
0.3668520152568817
0.23599237203598022
0.04172414168715477
0.42453673481941223
0.6965178847312927
0.0359269417822361
0.940378725528717
0.9815157651901245
0.8298924565315247
0.8571291565895081
0.8297556638717651
0.9986526966094971
0.5180409550666809
0.6367343664169312
0.9260018467903137
0.846630871295929
0.827118456363678
0.5274358987808228
0.03604689612984657
0.5956798195838928
0.7408749461174011
0.17960375547409058
0.5490025877952576
0.847806990146637
0.6840838193893433
0.6458857655525208
0.7231737971305847
0.6544182300567627
0.7335140109062195
0.8270666599273682
0.944818913936615
0.8411911129951477
0.9838016033172607
0.6089764833450317
0.12762373685836792
0.9709818959236145
0.10686604678630829
0.3899516761302948
0.16844980418682098
0.8993188738822937
0.5131691694259644
0.45686042308807373
0.35595715045928955
0.6903920769691467
0.8800714612007141
0.2772948145866394
0.629928469657898
0.7937382459640503
0.13709516823291779
0.15798436105251312
0.6281744241714478
0.0006305360584519804
0.9587238430976868
0.915672242641449
0.41093385219573975
0.31543779373168945
0.4328787624835968
0.9225322604179382
0.28364798426628113
0.17785052955150604
0.15960367023944855
0.7427394986152649
0.05325441062450409
0.30413779616355896
0.6036934852600098
0.7540862560272217
0.9149767160415649
0.4085390865802765
0.8642749190330505
0.5037176012992859
0.6338171362876892
0.2939785122871399
0.8429014086723328
0.4952191412448883
0.2227398008108139
0.278018593788147
0.5742968916893005
0.8154736757278442
0.9161754846572876
0.34060782194137573
0.9960691332817078
0.28606635332107544
0.05322090908885002
0.22332733869552612
0.33158206939697266
0.8049479126930237
0.6025425791740417
0.6811892986297607
0.27232593297958374
0.6438189148902893
0.39238837361335754
0.7675181031227112
0.4920271039009094
0.4449451267719269
0.1593635529279709
0.09149165451526642
0.9028602242469788
0.29060614109039307
0.213848277926445
0.22690333425998688
0.35099369287490845
0.29840800166130066
0.18586121499538422
0.2358746975660324
0.9488090872764587
0.9467074871063232
0.20481140911579132
0.03056526370346546
0.9717437028884888
0.26222994923591614
0.3079759478569031
0.1209336593747139
0.9179418683052063
0.8309814929962158
0.752629280090332
0.7721328139305115
0.1911049634218216
0.2878672480583191
0.4524201452732086
0.2866588532924652
0.9293727874755859
0.5323276519775391
0.3917664885520935
0.7498284578323364
0.24544614553451538
0.6914124488830566
0.7623497247695923
0.7418192028999329
0.9587038159370422
0.06751245260238647
0.5124948620796204
0.32758140563964844
0.518204391002655
0.35242530703544617
0.6749454736709595
0.09254974126815796
0.36036431789398193
0.8479419946670532
0.33028721809387207
0.8687096238136292
0.47240567207336426
0.641350269317627
0.795167863368988
0.5721591114997864
0.10004696249961853
0.805062472820282
0.6390692591667175
0.3355948328971863
0.35068100690841675
0.7276343703269958
0.01629526913166046
0.24363043904304504
0.4802147150039673
0.9466453194618225
0.6119508147239685
0.06938929855823517
0.05532485246658325
0.3316892981529236
0.4319814145565033
0.47066086530685425
0.41468867659568787
0.6331091523170471
0.9276717305183411
0.3745032548904419
0.36149829626083374
0.5698814392089844
0.06000165268778801
0.8481656312942505
0.30524924397468567
0.28656020760536194
0.7445390820503235
0.5391528010368347
0.7346524000167847
0.16754278540611267
0.9421855211257935
0.7534210085868835
0.4870268404483795
0.07948694378137589
0.5331448316574097
0.9673793315887451
0.4655918478965759
0.2431427240371704
0.781968355178833
0.9839838743209839
0.4976133406162262
0.9901403784751892
0.6476889848709106
0.87395840883255
0.46031051874160767
0.738789975643158
0.24543550610542297
0.32599973678588867
0.441480427980423
0.23987950384616852
0.5787856578826904
0.7210264205932617
0.7735963463783264
0.16940809786319733
0.3917708694934845
0.5179007649421692
0.7946963906288147
0.548971951007843
0.48361483216285706
0.6649835109710693
0.44378218054771423
0.5847301483154297
0.7200683355331421
0.33913177251815796
0.9198868274688721
0.9383882880210876
0.35739484429359436
0.10235534608364105
0.7269073724746704
0.2552645206451416
0.3455440402030945
0.4727379381656647
0.47456666827201843
0.3746878504753113
0.018829219043254852
0.39154908061027527
0.2108386904001236
0.037950899451971054
0.3973369300365448
0.3358629047870636
0.3152136504650116
0.1972542256116867
0.3962724208831787
0.7477988004684448
0.9793811440467834
0.43050017952919006
0.6235215663909912
0.5684652924537659
0.6021124720573425
0.12916183471679688
0.69557124376297
0.5400850772857666
0.16365396976470947
0.26192164421081543
0.8923439979553223
0.7840418815612793
0.6390781998634338
0.7251457571983337
0.5622233748435974
0.3978233337402344
0.10722247511148453
0.7048047780990601
0.5788139700889587
0.1274692863225937
0.7848713994026184
0.297741562128067
0.8171944618225098
0.6614459156990051
0.6579297184944153
0.24023044109344482
0.08739347755908966
0.330731064081192
0.6671488285064697
0.6576052308082581
0.2210443764925003
0.6388732194900513
0.647752583026886
0.5642658472061157
0.6790792346000671
0.9199727773666382
0.03006424754858017
0.49761369824409485
0.2867068946361542
0.8378063440322876
0.3562558591365814
0.9630244970321655
0.025668157264590263
0.7144376635551453
0.8534369468688965
0.9826251864433289
0.8157231211662292
0.9995235204696655
0.008321262896060944
0.2368587702512741
0.13325755298137665
0.40966251492500305
0.7162686586380005
0.05655262619256973
0.8125110268592834
0.26962581276893616
0.3778771162033081
0.15610390901565552
0.04696504399180412
0.6360358595848083
0.18404321372509003
0.5329790115356445
0.926513135433197
0.607551634311676
0.7308295369148254
0.5280560851097107
0.17630155384540558
0.2577538788318634
0.2788066565990448
0.36397528648376465
0.1925269216299057
0.27434831857681274
0.7071939706802368
0.7655394673347473
0.04741634055972099
0.9548613429069519
0.7023103833198547
0.943900465965271
0.8653547167778015
0.34512677788734436
0.3548390567302704
0.5704107880592346
0.35411396622657776
0.3114170730113983
0.6950872540473938
0.9208792448043823
0.7838553190231323
0.9774938225746155
0.126045823097229
0.4722749590873718
0.6542944312095642
0.17559988796710968
0.11372574418783188
0.34873253107070923
0.029586918652057648
0.3686896860599518
0.9230050444602966
0.4844973683357239
0.08030366152524948
0.21799512207508087
0.3877605199813843
0.27383294701576233
0.3818877041339874
0.5288634300231934
0.040653035044670105
0.2622016668319702
0.16857030987739563
0.8893353939056396
0.7132440805435181
0.1352439522743225
0.5438101887702942
0.15983936190605164
0.6498422026634216
0.4699350893497467
0.43150532245635986
0.8829033374786377
0.21557830274105072
0.7521468997001648
0.5839868783950806
0.8110243082046509
0.8912978768348694
0.35770168900489807
0.36409255862236023
0.7705001831054688
0.4711880385875702
0.44917717576026917
0.5964084267616272
0.7731640338897705
0.3502449095249176
0.6703842282295227
0.9446815848350525
0.4311913847923279
0.5098679661750793
0.16954809427261353
0.9462102055549622
0.1621255874633789
0.4184940457344055
0.5053487420082092
0.6124341487884521
0.41942891478538513
0.08482096344232559
0.21928350627422333
0.2078913152217865
0.34314200282096863
0.6905347108840942
0.45896515250205994
0.5919118523597717
0.358053058385849
0.5952022075653076
0.7967300415039062
0.727884829044342
0.6511322259902954
0.9798819422721863
0.20253382623195648
0.8195976614952087
0.35380133986473083
0.20400379598140717
0.9257453083992004
0.9346309900283813
0.22682315111160278
0.12400155514478683
0.5845412611961365
0.9445759654045105
0.43146979808807373
0.05070421099662781
0.3920098543167114
0.6837541460990906
0.6664426922798157
0.8480964303016663
0.5101407766342163
0.7627299427986145
0.14668570458889008
0.5823249220848083
0.6570196151733398
0.9235055446624756
0.4370545446872711
0.4429561197757721
0.899046778678894
0.5392016172409058
0.9006034135818481
0.5070788264274597
0.0015539048472419381
0.05086838826537132
0.49231716990470886
0.2716599106788635
0.3360806107521057
0.7092106938362122
0.9876055121421814
0.777206540107727
0.19903281331062317
0.060854680836200714
0.24593396484851837
0.5338947772979736
0.7516670823097229
0.41979870200157166
0.5178641676902771
0.9444345831871033
0.5277554988861084
0.08386533707380295
0.8995583653450012
0.11885350197553635
0.9037044048309326
0.15771955251693726
0.3002161681652069
0.45090270042419434
0.15625973045825958
0.35245850682258606
0.20775748789310455
0.46196606755256653
0.6039916276931763
0.14313474297523499
0.49780625104904175
0.6246886253356934
0.27000537514686584
0.9271106719970703
0.2528563439846039
0.18963903188705444
0.312902569770813
0.8798502683639526
0.1826854944229126
0.9057042598724365
0.7423374652862549
0.003671487094834447
0.692689836025238
0.005167063325643539
0.36863526701927185
0.16526328027248383
0.7696651816368103
0.48530060052871704
0.5881393551826477
0.30733227729797363
0.634753406047821
0.45639896392822266
0.010600605048239231
0.31855374574661255
0.07965315133333206
0.39830464124679565
0.5692558884620667
0.41950684785842896
0.6765289306640625
0.8616134524345398
0.8718140125274658
0.6645533442497253
0.7776176929473877
0.2992895543575287
0.4012289345264435
0.24496595561504364
0.9870948791503906
0.5852529406547546
0.2137269824743271
0.8805550336837769
0.5181178450584412
0.018425513058900833
0.6934474110603333
0.6192503571510315
0.673940896987915
0.6741586327552795
0.8651706576347351
0.0547015443444252
0.817255973815918
0.8354318737983704
0.1698513925075531
0.13085047900676727
0.1931374967098236
0.07256679981946945
0.9063266515731812
0.5474293828010559
0.2977340817451477
0.1295141875743866
0.36253949999809265
0.8001689910888672
0.6895530223846436
0.33680206537246704
0.5452182292938232
0.17261041700839996
0.9371394515037537
0.9389048218727112
0.9697876572608948
0.7172953486442566
0.3783092200756073
0.7690172791481018
0.44235625863075256
0.6959097385406494
0.43535175919532776
0.9755047559738159
0.7359133362770081
0.30468690395355225
0.7237780094146729
0.9236595034599304
0.5373403429985046
0.07591326534748077
0.10572181642055511
0.447272926568985
0.6042680740356445
0.9405902624130249
0.3271820843219757
0.16367074847221375
0.12215961515903473
0.2838175594806671
0.30610132217407227
0.006340980529785156
0.6930770874023438
0.49053600430488586
0.5895308256149292
0.1498916745185852
0.28489458560943604
0.10868699103593826
0.29733341932296753
0.06521637737751007
0.5198673605918884
0.73891681432724
0.9776735901832581
0.2871391475200653
0.2304219752550125
0.031716980040073395
0.02675030194222927
0.26287180185317993
0.30327489972114563
0.639560878276825
0.9792594313621521
0.4398254156112671
0.20866024494171143
0.34632548689842224
0.2334461659193039
0.8962866067886353
0.020498966798186302
0.18302926421165466
0.430003821849823
0.5803166031837463
0.44676655530929565
0.030891263857483864
0.7966442108154297
0.39984726905822754
0.7139913439750671
0.02882687747478485
0.6421040296554565
0.5687549114227295
0.5526173710823059
0.5890285968780518
0.857332170009613
0.6771261096000671
0.6346467733383179
0.5138795375823975
0.28936073184013367
0.4981876313686371
0.2778639793395996
0.667165994644165
0.8005474805831909
0.9852795004844666
0.9191808700561523
0.09011397510766983
0.311244934797287
0.4889867603778839
0.150064617395401
0.9875154495239258
0.5781170725822449
0.017129072919487953
0.7971275448799133
0.949826717376709
0.3049100637435913
0.8606714010238647
0.7401198744773865
0.3541439473628998
0.314412921667099
0.24364836513996124
0.2539612948894501
0.6019225716590881
0.30896565318107605
0.5969729423522949
0.5378597378730774
0.06756816804409027
0.6078757643699646
0.838780403137207
0.13944463431835175
0.21815535426139832
0.31601762771606445
0.9386110305786133
0.48132461309432983
0.9108559489250183
0.6184044480323792
0.5276966691017151
0.9150034189224243
0.38138267397880554
0.2550714910030365
0.9438372850418091
0.5191206932067871
0.7823513150215149
0.345058411359787
0.007438597269356251
0.6691744327545166
0.057235799729824066
0.9569296836853027
0.8343302011489868
0.13738694787025452
0.7612676620483398
0.5021762251853943
0.08049122244119644
0.0027317656204104424
0.8418789505958557
0.23498313128948212
0.04490023851394653
0.1329134851694107
0.18821103870868683
0.5149908661842346
0.8126271963119507
0.8661991953849792
0.6466871500015259
0.5455371141433716
0.4440106153488159
0.8598089814186096
0.10487845540046692
0.37404748797416687
0.2459009736776352
0.9707273244857788
0.49432745575904846
0.5864424109458923
0.2724795341491699
0.9635711908340454
0.8208852410316467
0.9548937082290649
0.33803921937942505
0.7901801466941833
0.8871906399726868
0.36949726939201355
0.9907019734382629
0.6290621161460876
0.8718429207801819
0.22679203748703003
0.6049856543540955
0.2555871903896332
0.7119273543357849
0.5792058706283569
0.7209912538528442
0.9717222452163696
0.3392311632633209
0.8174076080322266
0.5727519989013672
0.8820931911468506
0.42881301045417786
0.16327238082885742
0.9756432771682739
0.9570357799530029
0.08380133658647537
0.33824414014816284
0.7919486165046692
0.9742132425308228
0.9568540453910828
0.587812066078186
0.2798303961753845
0.44744282960891724
0.24519546329975128
0.7120805978775024
0.5081139206886292
0.4736379384994507
0.8911455273628235
0.68581622838974
0.2336524873971939
0.1315307766199112
0.534231960773468
0.4366094172000885
0.17864812910556793
0.12490110844373703
0.9123982787132263
0.49947017431259155
0.1823854297399521
0.5628596544265747
0.40280982851982117
0.32946527004241943
0.11415360867977142
0.8847283720970154
0.23432233929634094
0.8993744850158691
0.9624200463294983
0.5353055596351624
0.6554961800575256
0.4929797947406769
0.33327165246009827
0.22215129435062408
0.06153814494609833
0.9717411398887634
0.9497262835502625
0.6629332304000854
0.5370136499404907
0.7514809966087341
0.1995750367641449
0.837253212928772
0.7843838334083557
0.8593592047691345
0.6671943664550781
0.7114108204841614
0.7726650834083557
0.4116286039352417
0.7496497631072998
0.7099138498306274
0.6354616284370422
0.8271366357803345
0.1797514259815216
0.6875764727592468
0.8708154559135437
0.39305374026298523
0.5975962281227112
0.8106139302253723
0.4858381450176239
0.5027182698249817
0.5588719844818115
0.9848197102546692
0.14121222496032715
0.5631279349327087
0.45127514004707336
0.4968959093093872
0.45877280831336975
0.04084812477231026
0.98219895362854
0.8384400010108948
0.6751135587692261
0.723442018032074
0.3134291172027588
0.9239232540130615
0.07286304980516434
0.5657103657722473
0.09567011147737503
0.8417270183563232
0.8290436863899231
0.3983715772628784
0.12366950511932373
0.6425178647041321
0.9304795265197754
0.9695016145706177
0.10769893229007721
0.9108574986457825
0.29947471618652344
0.4778565764427185
0.1801864504814148
0.34142911434173584
0.7985552549362183
0.7545672655105591
0.4206928610801697
0.4844766855239868
0.6674857139587402
0.047727249562740326
0.8519988059997559
0.8240520358085632
0.023835143074393272
0.6494125127792358
0.6202057003974915
0.8031890988349915
0.5083280801773071
0.3858901560306549
0.817230761051178
0.6720806360244751
0.475904643535614
0.6204960942268372
0.8764312267303467
0.04647718369960785
0.043559037148952484
0.08109201490879059
0.978789746761322
0.5282111167907715
0.5680251121520996
0.7697144746780396
0.7344670295715332
0.3396647870540619
0.24791425466537476
0.13415221869945526
0.5752068758010864
0.3754734694957733
0.876967191696167
0.7463707327842712
0.5317992568016052
0.5723943710327148
0.07697729021310806
0.47122177481651306
0.6728152632713318
0.8946448564529419
0.569324791431427
0.25548046827316284
0.9644061326980591
0.3915651738643646
0.5950891971588135
0.16941185295581818
0.33272668719291687
0.9822190999984741
0.5930629968643188
0.12102611362934113
0.4513772428035736
0.25750041007995605
0.5032947063446045
0.37742695212364197
0.9277929663658142
0.5605208277702332
0.903023362159729
0.6787701845169067
0.013923181220889091
0.1638118177652359
0.18055734038352966
0.7387593388557434
0.052867788821458817
0.329984575510025
0.0027994876727461815
0.31479325890541077
0.6478800773620605
0.34569501876831055
0.40861713886260986
0.2655699551105499
0.6756099462509155
0.5765116810798645
0.04896770045161247
0.11963144689798355
0.6470651030540466
0.5635393857955933
0.6899527311325073
0.11997784674167633
0.5176730751991272
0.8071518540382385
0.017375092953443527
0.2120567262172699
0.4147350788116455
0.09391239285469055
0.2863803207874298
0.37696605920791626
0.5540640950202942
0.8851729035377502
0.7923333048820496
0.7526320219039917
0.41338443756103516
0.0902203842997551
0.2106621414422989
0.4362352788448334
0.970128059387207
0.703195333480835
0.671863317489624
0.9248913526535034
0.31757837533950806
0.42052561044692993
0.4809754490852356
0.49081575870513916
0.7597661018371582
0.651787519454956
0.7150052189826965
0.48222246766090393
0.698767900466919
0.9363933205604553
0.8826616406440735
0.7131149172782898
0.2042505145072937
0.5046345591545105
0.1369970440864563
0.1510501205921173
0.36597195267677307
0.5571049451828003
0.6789872050285339
0.6207369565963745
0.9775252342224121
0.8969972729682922
0.1897261142730713
0.3069840371608734
0.7675197124481201
0.448910653591156
0.8489788770675659
0.8239816427230835
0.2567330300807953
0.8101209998130798
0.8563363552093506
0.89089035987854
0.3724174201488495
0.5986872315406799
0.9892328977584839
0.0677715614438057
0.6548085808753967
0.002691862639039755
0.8153521418571472
0.32852795720100403
0.8279085159301758
0.5377638339996338
0.009132912382483482
0.6113986968994141
0.5345554947853088
0.9115453958511353
0.690479040145874
0.9234640598297119
0.2532021403312683
0.648715078830719
0.34199339151382446
0.9375066757202148
0.6712073087692261
0.6680934429168701
0.7201366424560547
0.6908692121505737
0.3085669279098511
0.28368765115737915
0.1301453560590744
0.08130854368209839
0.3204101622104645
0.08975133299827576
0.5191690921783447
0.8323620557785034
0.6096891164779663
0.029151810333132744
0.3578904867172241
0.8858492374420166
0.6596775650978088
0.6154197454452515
0.8561069369316101
0.520226776599884
0.9596503973007202
0.6303470730781555
0.9615686535835266
0.21891435980796814
0.9171707034111023
0.9612082839012146
0.900852382183075
0.37178561091423035
0.5695514678955078
0.7778123021125793
0.4502827227115631
0.8681761026382446
0.0471065379679203
0.13436412811279297
0.4444132149219513
0.9256890416145325
0.5962187647819519
0.4052065908908844
0.5136178135871887
0.032157089561223984
0.9486355781555176
0.29136258363723755
0.1889364868402481
0.16294895112514496
0.4836479425430298
0.3580550253391266
0.6582077145576477
0.7175435423851013
0.7591936588287354
0.56064373254776
0.1465187668800354
0.8976407051086426
0.9232298135757446
0.9318386316299438
0.34377822279930115
0.44226229190826416
0.06034320965409279
0.16565380990505219
0.8560612797737122
0.049168702214956284
0.8832202553749084
0.30513492226600647
0.701785683631897
0.8926817178726196
0.44301581382751465
0.5841503739356995
0.30048224329948425
0.5506308674812317
0.8703824877738953
0.6077486276626587
0.08002426475286484
0.90278160572052
0.3884962797164917
0.9557870030403137
0.9851769208908081
0.32442358136177063
0.43175581097602844
0.11870452016592026
0.7797312140464783
0.1708439588546753
0.6001573801040649
0.28388819098472595
0.7715465426445007
0.6051652431488037
0.6824324727058411
0.1998581439256668
0.03416769951581955
0.8843681812286377
0.9432204365730286
0.26448574662208557
0.3021780550479889
0.829430103302002
0.0590253509581089
0.871380627155304
0.7283080816268921
0.43478426337242126
0.6198144555091858
0.38762012124061584
0.7412038445472717
0.9053199887275696
0.5142058730125427
0.2400328516960144
0.7767571210861206
0.9673004746437073
0.4754372537136078
0.12739653885364532
0.7148211598396301
0.8718913793563843
0.846237301826477
0.04287775978446007
0.07022153586149216
0.3538646101951599
0.006482208147644997
0.7519705295562744
0.6580083966255188
0.34767359495162964
0.2261313647031784
0.029843645170331
0.7742779850959778
0.997599720954895
0.9289036989212036
0.6378735899925232
0.712925910949707
0.565434455871582
0.21292921900749207
0.4487026035785675
0.32495224475860596
0.2795160412788391
0.974511444568634
0.01731426641345024
0.7620715498924255
0.9649894833564758
0.27252575755119324
0.2941507399082184
0.26955628395080566
0.32855644822120667
0.4758738577365875
0.927737832069397
0.4033200442790985
0.19841808080673218
0.1155366450548172
0.9011021256446838
0.0556042306125164
0.7922888994216919
0.5225106477737427
0.3104879856109619
0.6433337926864624
0.522223174571991
0.2884683310985565
0.6913706064224243
0.7923907041549683
0.3219791650772095
0.7988673448562622
0.20940831303596497
0.6684088110923767
0.19553978741168976
0.6471782922744751
0.907916784286499
0.1716831922531128
0.30854567885398865
0.10290879011154175
0.12108764797449112
0.6880091428756714
0.20769621431827545
0.6292317509651184
0.5703222155570984
0.6476398706436157
0.19241268932819366
0.8363686800003052
0.2768118381500244
0.11777477711439133
0.7725118398666382
0.5417904257774353
0.6298961639404297
0.721245527267456
0.47614797949790955
0.6049036979675293
0.42348340153694153
0.2842507064342499
0.9300313591957092
0.6754915118217468
0.3710915446281433
0.09244927763938904
0.11536816507577896
0.2643800377845764
0.8921826481819153
0.09000328183174133
0.4820156395435333
0.4436967968940735
0.003376834560185671
0.7377281785011292
0.7404420375823975
0.4104134738445282
0.6577645540237427
0.16948570311069489
0.8316866159439087
0.07133887708187103
0.6292396783828735
0.5916720032691956
0.7120469212532043
0.8468979001045227
0.8132027387619019
0.016547920182347298
0.43243086338043213
0.18645693361759186
0.9408355951309204
0.13636305928230286
0.13889777660369873
0.0667194277048111
0.4731648564338684
0.5488558411598206
0.5194481611251831
0.46043455600738525
0.23014679551124573
0.28532618284225464
0.48854121565818787
0.7849608063697815
0.5863516926765442
0.8972042798995972
0.874718189239502
0.38991525769233704
0.2720349133014679
0.21967947483062744
0.9651358723640442
0.05695422738790512
0.4548863172531128
0.8696210980415344
0.1518058180809021
0.8704364895820618
0.21907052397727966
0.8352077603340149
0.7077464461326599
0.25792747735977173
0.15570798516273499
0.7838042378425598
0.8791843056678772
0.38298964500427246
0.5603046417236328
0.1393585205078125
0.5655785799026489
0.7262160181999207
0.039568010717630386
0.513398289680481
0.46055537462234497
0.44459909200668335
0.8998571038246155
0.42645779252052307
0.03661227226257324
0.7119967341423035
0.34361666440963745
0.0012660353677347302
0.421123743057251
0.6196754574775696
0.7474682927131653
0.39451077580451965
0.9769870042800903
0.07749954611063004
0.490188866853714
0.21684935688972473
0.5516694784164429
0.6705407500267029
0.9701624512672424
0.3217793405056
0.10482025146484375
0.3081550896167755
0.7487676739692688
0.9811292886734009
0.04750258848071098
0.9355413317680359
0.9618551135063171
0.20482437312602997
0.8545370101928711
0.052489012479782104
0.3955886662006378
0.7014060616493225
0.8769080638885498
0.8715615272521973
0.31171080470085144
0.27253270149230957
0.7509630918502808
0.1769924759864807
0.4076538681983948
0.8243144154548645
0.46234017610549927
0.9015281796455383
0.8438916802406311
0.5175915956497192
0.4019697606563568
0.2615686058998108
0.9482397437095642
0.21630015969276428
0.8045141100883484
0.41607770323753357
0.4386301040649414
0.6004867553710938
0.08840014040470123
0.2800898253917694
0.3945350646972656
0.6657089591026306
0.35436540842056274
0.1192849650979042
0.4210258722305298
0.9877448678016663
0.7816958427429199
0.7460596561431885
0.6876786351203918
0.428204208612442
0.07886575162410736
0.4548499882221222
0.7131083607673645
0.4355663061141968
0.8583794832229614
0.856874406337738
0.7213556170463562
0.8772764801979065
0.8512464165687561
0.70046067237854
0.7757899165153503
0.9125854969024658
0.2510497272014618
0.1916763037443161
0.06088074669241905
0.8196702003479004
0.8344459533691406
0.35552817583084106
0.1933782547712326
0.06642452627420425
0.6632184386253357
0.9236375093460083
0.6647483706474304
0.5793071985244751
0.8474712371826172
0.35606735944747925
0.797491729259491
0.4804531931877136
0.4990191161632538
0.29089346528053284
0.12339511513710022
0.05131054297089577
0.19266469776630402
0.07156842201948166
0.9946632385253906
0.03301204368472099
0.6191172003746033
0.8989362120628357
0.05744291469454765
0.3162898123264313
0.13795436918735504
0.3579409718513489
0.4505642354488373
0.43657219409942627
0.866425633430481
0.3120865821838379
0.2287704348564148
0.8469585180282593
0.09431982040405273
0.43859395384788513
0.5945013761520386
0.960817277431488
0.6691246032714844
0.5860604047775269
0.40607762336730957
0.35145774483680725
0.32865241169929504
0.9811408519744873
0.19156593084335327
0.7833407521247864
0.0855485126376152
0.40486887097358704
0.019738640636205673
0.9839215874671936
0.9362441897392273
0.9540320038795471
0.73151695728302
0.631772518157959
0.8749479651451111
0.7492408752441406
0.38016316294670105
0.7296165823936462
0.5950740575790405
0.9338624477386475
0.2849559485912323
0.42750126123428345
0.869722843170166
0.9956274628639221
0.0453881174325943
0.4069632887840271
0.5358677506446838
0.4224379062652588
0.42013511061668396
0.19905461370944977
0.9516788721084595
0.3770763874053955
0.46023857593536377
0.07179441303014755
0.16375859081745148
0.39507538080215454
0.5555678606033325
0.23893365263938904
0.9303869009017944
0.3592340350151062
0.16136854887008667
0.5521690845489502
0.6615487933158875
0.7548821568489075
0.550834596157074
0.4636021852493286
0.9488325119018555
0.35079389810562134
0.9108439087867737
0.7180430889129639
0.3483777940273285
0.9776071310043335
0.6624667048454285
0.29423829913139343
0.43539461493492126
0.19986069202423096
0.6865044832229614
0.899252712726593
0.1525675505399704
0.1680065393447876
0.6716094613075256
0.8105536699295044
0.1922842413187027
0.08773637562990189
0.43587684631347656
0.20059768855571747
0.1840113252401352
0.18016909062862396
0.8272808194160461
0.7748106718063354
0.9362410306930542
0.4208908677101135
0.4823782444000244
0.19377131760120392
0.642816424369812
0.44381606578826904
0.8664419054985046
0.5313044786453247
0.3023732006549835
0.6196107268333435
0.7171465158462524
0.4632401764392853
0.1693105250597
0.8165645599365234
0.6675325036048889
0.5715638995170593
0.16660495102405548
0.8629223108291626
0.2265000343322754
0.5344749093055725
0.6536512970924377
0.4889991581439972
0.3422284722328186
0.5902885794639587
0.9127324223518372
0.23982970416545868
0.42332735657691956
0.5838260650634766
0.055550068616867065
0.7150238752365112
0.6833913922309875
0.8759917616844177
0.18628482520580292
0.7665654420852661
0.3907043933868408
0.7523034811019897
0.4697033166885376
0.3051537871360779
0.015940597280859947
0.7606816291809082
0.9960446953773499
0.706829845905304
0.11010600626468658
0.05680465325713158
0.18846283853054047
0.9088298678398132
0.3457326591014862
0.4423596262931824
0.0379297137260437
0.8792499899864197
0.4049634039402008
0.09394729137420654
0.7698087096214294
0.061160191893577576
0.9302138090133667
0.704232394695282
0.9328440427780151
0.8088687658309937
0.1823710799217224
