512 1
0
279
1
240
2
282
3
56
4
397
5
14
6
302
7
254
8
111
9
457
10
178
11
165
12
254
13
191
14
296
15
206
16
106
17
476
18
395
19
212
20
408
21
404
22
314
23
184
24
274
1
25
26
132
27
58
28
238
29
145
30
471
31
467
32
424
33
192
34
367
35
127
36
121
37
130
38
358
39
183
40
372
41
429
42
329
43
475
44
171
45
452
46
457
47
255
48
480
49
66
50
139
51
137
52
471
53
244
54
237
55
268
56
441
57
139
58
414
59
403
60
145
57
61
62
352
63
68
64
494
65
509
66
444
67
370
68
456
69
480
30
70
71
201
72
496
33
73
74
78
75
209
76
224
77
105
78
492
79
138
80
179
81
273
82
122
83
153
29
84
85
121
86
132
87
296
88
506
89
446
4
90
69
91
92
125
93
423
94
273
86
95
96
320
25
97
98
150
99
344
7
100
101
103
12
102
103
457
102
104
105
326
106
331
77
107
24
108
109
131
110
113
111
509
14
112
113
456
114
196
115
345
116
436
117
299
118
182
80
119
120
319
32
121
87
122
68
123
98
124
125
199
126
482
127
210
128
333
62
129
130
461
131
336
107
132
133
359
134
146
135
409
15
136
115
137
138
400
139
208
89
140
85
141
142
231
143
189
144
501
145
201
146
236
147
488
148
312
102
149
17
150
151
202
152
342
25
153
154
279
155
319
156
287
157
436
9
158
159
488
160
252
148
161
88
162
5
163
164
351
32
165
166
225
167
248
168
454
169
476
19
170
152
171
172
313
92
173
37
174
175
189
146
176
177
363
178
329
179
441
180
408
2
181
91
182
183
447
184
219
185
427
24
186
187
312
188
413
189
384
109
190
30
191
134
192
32
193
194
211
195
368
196
491
197
500
198
273
175
199
200
413
201
218
130
202
203
305
204
233
38
205
0
206
80
207
1
208
114
209
207
210
199
211
212
467
161
213
214
357
215
265
216
422
32
217
210
218
219
231
215
220
221
507
222
500
93
223
88
224
225
296
152
226
225
227
228
467
229
466
230
370
166
231
232
311
233
483
21
234
235
273
236
438
83
237
238
272
239
408
240
436
241
350
242
388
144
243
60
244
245
374
246
384
247
300
80
248
249
481
104
250
125
251
252
356
253
401
63
254
255
388
256
470
257
511
179
258
259
374
260
502
202
261
119
262
263
469
264
366
177
265
167
266
199
267
268
463
250
269
270
411
271
473
272
324
273
374
255
274
150
275
79
276
277
399
73
278
168
279
76
280
257
281
282
347
283
310
223
284
285
505
286
390
103
287
288
369
289
458
229
290
44
291
55
292
293
428
179
294
295
481
296
350
297
358
298
441
100
299
300
367
282
301
123
302
303
407
194
304
28
305
237
306
117
307
308
412
38
309
124
310
144
311
276
312
195
313
313
314
104
315
237
316
212
317
318
448
233
319
109
320
321
449
167
322
138
323
324
376
318
325
14
326
43
327
328
390
329
479
160
330
273
331
54
332
318
333
334
336
270
335
247
336
326
337
148
338
339
384
120
340
320
341
342
343
343
373
344
481
321
345
295
346
212
347
348
449
349
358
350
401
282
351
352
495
178
353
233
354
85
355
348
356
357
401
230
358
14
359
250
360
310
361
86
362
217
363
243
364
229
365
2
366
328
367
368
397
363
369
370
509
58
371
344
372
373
430
130
374
217
375
376
495
89
377
378
462
271
379
296
380
351
381
78
382
320
383
384
468
221
385
243
386
252
387
111
388
57
389
390
469
209
391
369
392
393
433
267
394
111
395
52
396
397
509
59
398
399
472
366
400
135
401
322
402
382
403
193
404
336
405
406
510
56
407
390
408
52
409
410
449
299
411
12
412
409
413
414
494
302
415
282
416
344
417
190
418
419
440
420
479
166
421
197
422
22
423
353
424
173
425
177
426
427
441
410
428
234
429
430
442
216
431
376
432
113
433
434
471
347
435
266
436
80
437
172
438
439
480
218
440
100
441
442
490
421
443
444
490
265
445
47
446
331
447
442
448
292
449
107
450
377
451
233
452
0
453
101
454
436
455
251
456
155
457
167
458
64
459
410
460
257
461
297
462
334
463
29
464
413
465
161
466
404
467
411
468
112
469
241
470
471
480
131
472
432
473
242
474
257
475
243
476
190
477
478
499
191
479
200
480
161
481
265
482
362
483
417
484
330
485
422
486
290
487
131
488
287
489
254
490
79
491
374
492
145
493
213
494
186
495
346
496
356
497
53
498
389
499
289
500
423
501
93
502
374
503
321
504
75
505
191
506
191
507
499
508
337
509
307
510
171
511
0.8695923686027527
0.6887637972831726
0.38646286725997925
0.012866263277828693
0.8111730813980103
0.6255707144737244
0.5584677457809448
0.5188061594963074
0.1323203295469284
0.45338520407676697
0.2055436670780182
0.6773414611816406
0.3000130355358124
0.7704384922981262
0.3196093738079071
0.9502931237220764
0.8090216517448425
0.8878280520439148
0.1011698767542839
0.9169893264770508
0.6536843180656433
0.8561440110206604
0.35042431950569153
0.33789291977882385
0.512130618095398
0.9033583998680115
0.11409201472997665
0.19744440913200378
0.010063661262392998
0.9108887314796448
0.5868332386016846
0.536817193031311
0.8839265704154968
0.7180283069610596
0.216329887509346
0.28314948081970215
0.682769775390625
0.9032975435256958
0.37884262204170227
0.5485520958900452
0.4196104109287262
0.6405248045921326
0.947831928730011
0.04389753192663193
0.3392084836959839
0.4045599699020386
0.33736884593963623
0.910297691822052
0.11036556959152222
0.7636677622795105
0.35203564167022705
0.4818948209285736
0.18518657982349396
0.20196986198425293
0.2778138518333435
0.8102096319198608
0.47800788283348083
0.09237352013587952
0.3786258101463318
0.13916870951652527
0.10299598425626755
0.1660519391298294
0.08864063024520874
0.6026610136032104
0.6454845070838928
0.333609014749527
0.4647409915924072
0.47728005051612854
0.5671607851982117
0.6016095280647278
0.6607869863510132
0.8600244522094727
0.23230156302452087
0.6235144734382629
0.557913601398468
0.48037299513816833
0.790027916431427
0.47172343730926514
0.06656286120414734
0.5759990811347961
0.5224586725234985
0.4948931932449341
0.12289990484714508
0.3283851146697998
0.12878821790218353
0.22960007190704346
0.4685112535953522
0.8694743514060974
0.36134251952171326
0.1653612107038498
0.8482568860054016
0.2053574025630951
0.4730611741542816
0.740329384803772
0.389087975025177
0.13423319160938263
0.08123812824487686
0.4186163544654846
0.6320598721504211
0.6389975547790527
0.7635659575462341
0.7752042412757874
0.2738634943962097
0.9940730333328247
0.6433400511741638
0.9010046124458313
0.8513110876083374
0.2123541682958603
0.134958416223526
0.43925008177757263
0.16569273173809052
0.2705243229866028
0.2671124339103699
0.25819194316864014
0.2922384738922119
0.1829880028963089
0.4847124218940735
0.4913052022457123
0.07933101803064346
0.907729983329773
0.5378783941268921
0.3825051784515381
0.24695871770381927
0.3675985038280487
0.9590493440628052
0.9592357873916626
0.17525754868984222
0.3662184178829193
0.8167778253555298
0.458267480134964
0.8312166929244995
0.021415764465928078
0.9545421600341797
0.5658659338951111
0.9062532782554626
0.9906200170516968
0.2455034852027893
0.3560069799423218
0.3219684958457947
0.690777063369751
0.637753427028656
0.23322664201259613
0.9919847249984741
0.7809175252914429
0.6755556464195251
0.5689008235931396
0.8996058702468872
0.4090799391269684
0.653756856918335
0.8755313158035278
0.28976163268089294
0.7991034388542175
0.14400269091129303
0.6425382494926453
0.5669384002685547
0.1871929168701172
0.2469007670879364
0.8694286942481995
0.2020537555217743
0.9314947128295898
0.7616887092590332
0.3587413430213928
0.7743767499923706
0.503749668598175
0.8673728704452515
0.8244588375091553
0.09818848967552185
0.7180549502372742
0.3454466164112091
0.8693321943283081
0.7689906358718872
0.7263745069503784
0.5132501721382141
0.273832768201828
0.2724555432796478
0.5995945930480957
0.05284259095788002
0.24336431920528412
0.5998067259788513
0.4823671281337738
0.3608369529247284
0.6788374185562134
0.5169053077697754
0.8644625544548035
0.9641394019126892
0.539696991443634
0.27319085597991943
0.7791478037834167
0.9503580331802368
0.8629660606384277
0.5092902779579163
0.1290009468793869
0.44667258858680725
0.25955432653427124
0.3593277633190155
0.2814294993877411
0.9444004893302917
0.6952148079872131
0.45981383323669434
0.6753181219100952
0.14318518340587616
0.6061285734176636
0.42600253224372864
0.663831353187561
0.12239012867212296
0.317911297082901
0.12813323736190796
0.8741232752799988
0.6083781719207764
0.6612301468849182
0.8408941030502319
0.9885404706001282
0.8260592818260193
0.9762172102928162
0.7009768486022949
0.7510495781898499
0.2676771283149719
0.9516180753707886
0.756083607673645
0.04812798649072647
0.26375463604927063
0.2770252227783203
0.647892951965332
0.915922224521637
0.8879165649414062
0.8172526955604553
0.6469666957855225
0.2090432494878769
0.7228788137435913
0.35510513186454773
0.8718721270561218
0.2621314525604248
0.7662378549575806
0.9805040955543518
0.876538097858429
0.20147524774074554
0.09191039949655533
0.27962812781333923
0.4263724684715271
0.13826610147953033
0.27450910210609436
0.6053683757781982
0.3406662940979004
0.4240456819534302
0.2745523452758789
0.28776124119758606
0.029017413035035133
0.7518771886825562
0.25848010182380676
0.2488042414188385
0.802278459072113
0.35887566208839417
0.2100411355495453
0.7150174975395203
0.23428218066692352
0.6938654780387878
0.7928897738456726
0.18346288800239563
0.4921222925186157
0.4644947648048401
0.5621824860572815
0.9648198485374451
0.5590565204620361
0.20575296878814697
0.7501158714294434
0.5869905352592468
0.6715316772460938
0.9433333873748779
0.41569802165031433
0.11858424544334412
0.23592738807201385
0.530983030796051
0.694342851638794
0.3844970464706421
0.20566906034946442
0.08587764948606491
0.12635640799999237
0.33607712388038635
0.6865306496620178
0.2798246145248413
0.2580827474594116
0.3517161011695862
0.9440740346908569
0.3423978388309479
0.26579606533050537
0.2916830778121948
0.7060337662696838
0.2255127876996994
0.09031132608652115
0.6792271733283997
0.7230622172355652
0.11552687734365463
0.15762262046337128
0.5151005387306213
0.0626070499420166
0.6748039126396179
0.40038421750068665
0.9222720265388489
0.5121322870254517
0.03162521496415138
0.30668744444847107
0.6608943939208984
0.1659177541732788
0.1833558827638626
0.48612695932388306
0.6882398128509521
0.7529537677764893
0.534527063369751
0.4449089467525482
0.3139832019805908
0.44508248567581177
0.7358254194259644
0.6751552820205688
0.14293445646762848
0.5055808424949646
0.0036144317127764225
0.46730679273605347
0.681752622127533
0.4713723063468933
0.45034143328666687
0.07135096937417984
0.37104618549346924
0.26779505610466003
0.5348485112190247
0.05198018252849579
0.6173197627067566
0.14201270043849945
0.1612534075975418
0.19311396777629852
0.596372663974762
0.16227060556411743
0.36907994747161865
0.14940696954727173
0.4568120539188385
0.7270081043243408
0.21274413168430328
0.25016218423843384
0.04262392222881317
0.2948746383190155
0.6184889674186707
0.7932764291763306
0.9089568257331848
0.43743976950645447
0.42425134778022766
0.062427155673503876
0.48369652032852173
0.9844693541526794
0.7350491285324097
0.8236920237541199
0.8394461274147034
0.7382535338401794
0.6555043458938599
0.8982357978820801
0.4458237886428833
0.7048977017402649
0.015065941959619522
0.7766035795211792
0.14172057807445526
0.6870388388633728
0.29784417152404785
0.2751114070415497
0.03291349485516548
0.7685308456420898
0.4799797236919403
0.9656720757484436
0.13620831072330475
0.6560689806938171
0.6084008812904358
0.32777148485183716
0.9653167724609375
0.30909910798072815
0.3359737694263458
0.4892244338989258
0.4478294551372528
0.9172425866127014
0.5613415241241455
0.4625953137874603
0.4086054861545563
0.8588641285896301
0.22121016681194305
0.3976513147354126
0.02515588141977787
0.341308057308197
0.4555802047252655
0.9102455377578735
0.6838492155075073
0.1463160216808319
0.27001261711120605
0.3854523301124573
0.789381742477417
0.594044029712677
0.14236104488372803
0.49327805638313293
0.9524017572402954
0.004314718302339315
0.9545078277587891
0.031289175152778625
0.5607481598854065
0.27791038155555725
0.5676640868186951
0.25985097885131836
0.5175278782844543
0.24134193360805511
0.457316130399704
0.5400562882423401
0.06256265938282013
0.05079985409975052
0.41623473167419434
0.2599595785140991
0.1912100464105606
0.3920094072818756
0.8197014927864075
0.58846515417099
0.5496233105659485
0.7487635612487793
0.2854633033275604
0.8105394840240479
0.221799835562706
0.7270721197128296
0.9298798441886902
0.5086467862129211
0.25352978706359863
0.46513602137565613
0.6171728372573853
0.006956955883651972
0.5429543256759644
0.6558951735496521
0.418489009141922
0.5444592833518982
0.3089776337146759
0.6221205592155457
0.7243804335594177
0.8191996216773987
0.055395375937223434
0.844466507434845
0.7785847187042236
0.6894541382789612
0.020767511799931526
0.28466668725013733
0.220805823802948
0.13132114708423615
0.1734066903591156
0.035281866788864136
0.827280580997467
0.5642252564430237
0.6958290338516235
0.9012490510940552
0.6824647784233093
0.15782780945301056
0.10854779928922653
0.364874929189682
0.15080526471138
0.776770830154419
0.6591567397117615
0.7511894702911377
0.7900297045707703
0.03989317640662193
0.6454209089279175
0.3042861521244049
0.38455334305763245
0.773618757724762
0.5736401081085205
0.5894337892532349
0.3537219166755676
0.2987540662288666
0.9227364659309387
0.6888414025306702
0.499299019575119
0.8353657126426697
0.4994466304779053
0.9263953566551208
0.36601710319519043
0.5879746079444885
0.4718572199344635
0.03880717605352402
0.9605328440666199
0.3729422688484192
0.6375866532325745
0.7300015687942505
0.6828466653823853
0.19856901466846466
0.7202308177947998
0.32250431180000305
0.15484322607517242
0.3840154707431793
0.3007109761238098
0.7715858817100525
0.8302356004714966
0.09345202893018723
0.4530703127384186
0.5920263528823853
0.2493976652622223
0.7624488472938538
0.46302250027656555
0.8115690350532532
0.6412838101387024
0.0007269304478541017
0.5026654005050659
0.9377577304840088
0.588415265083313
0.5951625108718872
0.43610242009162903
0.4663294553756714
0.15690910816192627
0.8002375960350037
0.06345804780721664
0.979758620262146
0.6875788569450378
0.5137888789176941
0.8133960366249084
0.14438961446285248
0.9643439054489136
0.9985531568527222
0.7991220951080322
0.7633086442947388
0.501379668712616
0.7895287275314331
0.14475493133068085
0.44895097613334656
0.06126333773136139
0.12865731120109558
0.2531430721282959
0.8921815752983093
0.24182294309139252
0.9255462288856506
0.08746394515037537
0.1577034741640091
0.22848880290985107
0.2943490147590637
0.36851435899734497
0.52735835313797
0.3716416656970978
0.4409775137901306
0.01713363081216812
0.35764414072036743
0.5694442391395569
0.6453610062599182
0.5854173898696899
0.8039425015449524
0.6639946103096008
0.8228064179420471
0.9108455181121826
0.10836143791675568
0.4327923655509949
0.589746356010437
0.19537048041820526
0.0766739472746849
0.2797861397266388
0.06304529309272766
0.37350043654441833
0.41130921244621277
0.011632815934717655
0.04382334649562836
0.32470327615737915
0.4276870787143707
0.805164635181427
0.167033389210701
0.6465124487876892
0.30543333292007446
0.6237951517105103
0.09834639728069305
0.8615410923957825
0.31575849652290344
0.9187396168708801
0.9112964272499084
0.9170935153961182
0.6687302589416504
0.380228191614151
0.8139554858207703
0.8170530796051025
0.08432534337043762
0.41896024346351624
0.5241894125938416
0.23048289120197296
0.24636662006378174
0.886526346206665
0.9578126668930054
0.9192379117012024
0.2191554307937622
0.5858005881309509
0.7790545225143433
0.13893643021583557
0.8177898526191711
0.40716752409935
0.20264828205108643
0.3643041253089905
0.522577166557312
0.7388790845870972
0.008025017566978931
0.9121049046516418
0.04368918389081955
0.9871047139167786
0.9911800622940063
0.21723677217960358
0.22470131516456604
0.8116713762283325
0.35780155658721924
0.5256529450416565
0.9119700193405151
0.2632233798503876
0.4418937563896179
0.22647173702716827
0.6802026629447937
0.9574300050735474
0.4556862711906433
0.49932095408439636
0.5192182064056396
0.933302640914917
0.829518735408783
0.5952961444854736
0.551349401473999
0.9577835202217102
0.5048060417175293
0.5809083580970764
0.9351149797439575
0.492022842168808
0.4798882305622101
0.5187976956367493
0.48636770248413086
0.8112955689430237
0.8552424907684326
0.9003362059593201
0.6205519437789917
0.23846231400966644
0.2703588902950287
0.27893272042274475
0.5668030977249146
0.059253472834825516
0.686367392539978
0.015255286358296871
0.8952670097351074
0.1168394535779953
0.006474618799984455
0.24125385284423828
0.1960390955209732
0.4136251211166382
0.5151848793029785
0.5134045481681824
0.20281529426574707
0.45686718821525574
0.33531153202056885
0.3557262420654297
0.5243296027183533
0.5003924369812012
0.6201786398887634
0.8303213715553284
0.732002317905426
0.30532723665237427
0.7721013426780701
0.458091676235199
0.7469348311424255
0.7445855140686035
0.7773413062095642
0.827717125415802
0.7714734673500061
0.9535413980484009
0.5828826427459717
0.9041979312896729
0.7165940403938293
0.750362753868103
0.7135817408561707
0.7675008177757263
0.32665231823921204
0.19253137707710266
0.43464213609695435
0.29680395126342773
0.31204476952552795
0.056571926921606064
0.3709963262081146
0.9345353245735168
0.8780070543289185
0.6135389804840088
0.5033168196678162
0.6319378018379211
0.5113456845283508
0.9871439337730408
0.3475506901741028
0.08552795648574829
0.604139506816864
0.4897311329841614
0.7202249765396118
0.518224835395813
0.9616480469703674
0.004155980888754129
0.5222968459129333
0.9231999516487122
0.7351923584938049
0.3187209963798523
0.9726938605308533
0.9869174361228943
0.4307045340538025
0.04347314313054085
0.19654971361160278
0.2156597524881363
0.6824257373809814
0.7521333694458008
0.022315090522170067
0.8795220255851746
0.35617193579673767
0.10548027604818344
0.7049256563186646
0.7993701696395874
0.7497631311416626
0.43882089853286743
0.4306670129299164
0.00833958201110363
0.09812793880701065
0.6254778504371643
0.8432915210723877
0.1054658368229866
0.9017845392227173
0.18274885416030884
0.2500852942466736
0.5734496712684631
0.48333844542503357
0.48138439655303955
0.9682186245918274
0.18952594697475433
0.6551595330238342
0.19042174518108368
0.45451799035072327
0.06213688105344772
0.41991403698921204
0.06241903826594353
0.7902302145957947
0.4661712646484375
0.7998970746994019
0.22401700913906097
0.7600452303886414
0.5052365064620972
0.682590663433075
0.4588014781475067
0.15882277488708496
0.8193297982215881
0.040107037872076035
0.645710825920105
0.5977607369422913
0.15434803068637848
0.7523757815361023
0.010016228072345257
0.24022415280342102
0.5075111985206604
0.0804096981883049
0.7029010057449341
0.737356424331665
0.9623686671257019
0.094289131462574
0.5052477717399597
0.7616100311279297
0.3243800401687622
0.7229633927345276
0.3932221829891205
0.3363882899284363
0.8278714418411255
0.41323980689048767
0.441885769367218
0.34500962495803833
0.09366811811923981
0.035102277994155884
0.442125141620636
0.35937073826789856
0.7426294684410095
0.9340929985046387
0.8154909014701843
0.6009326577186584
0.34126943349838257
0.7450445890426636
0.990991473197937
0.557685136795044
0.40935981273651123
0.29060906171798706
0.4052121043205261
0.37847042083740234
0.9749919176101685
0.4966401755809784
0.0011282659834250808
0.9796813130378723
0.3029985725879669
0.061628278344869614
0.07509753853082657
0.34172916412353516
0.4443715810775757
0.9183171987533569
0.3834158778190613
0.15665574371814728
0.03217349201440811
0.5082238912582397
0.008684918284416199
0.47245854139328003
0.09291118383407593
0.22434796392917633
0.13207732141017914
0.3137557804584503
0.20715059340000153
0.6202715039253235
0.7887279987335205
0.5708374977111816
0.22613847255706787
0.06447665393352509
0.20987369120121002
0.3890739381313324
0.40410491824150085
0.5675932765007019
0.47846826910972595
0.2938863933086395
0.14997081458568573
0.6957749724388123
0.9958966970443726
0.7108737230300903
0.9786810278892517
0.6032617092132568
0.8964241147041321
0.3579987585544586
0.1828276365995407
0.6471734046936035
0.7969363331794739
0.32404327392578125
0.4330897331237793
0.0555238276720047
0.5802853107452393
0.9441859126091003
0.947073221206665
0.991023063659668
0.9770017266273499
0.5876675844192505
0.10109245032072067
0.21744130551815033
0.5638349056243896
0.04660837724804878
0.6936567425727844
0.06191086024045944
0.698289155960083
0.8275248408317566
0.8625717163085938
0.7314863204956055
0.21068426966667175
0.6583415269851685
0.3429582118988037
0.013607053086161613
0.7148661017417908
0.21708692610263824
0.23923081159591675
0.6544457674026489
0.8183395266532898
0.40650177001953125
0.8091130256652832
0.2586652636528015
0.4122430384159088
0.7477940320968628
0.1780715435743332
0.8514485359191895
0.12759433686733246
0.9925457835197449
0.27435651421546936
0.5173172950744629
0.5926171541213989
0.8323030471801758
0.03851157799363136
0.12300065159797668
0.8686174750328064
0.2912735641002655
0.4633897542953491
0.5007210969924927
0.1306152492761612
0.9524601101875305
0.9833568930625916
0.9558002948760986
0.5671975612640381
0.48901674151420593
0.38550928235054016
0.1841365396976471
0.78715980052948
0.680192768573761
0.6119808554649353
0.6125891804695129
0.4245694875717163
0.3478969633579254
0.8724865317344666
0.4225066602230072
0.3037641644477844
0.2659493684768677
0.9103238582611084
0.40873637795448303
0.7910298109054565
0.2683905363082886
0.28869566321372986
0.17819881439208984
0.35719239711761475
0.43888145685195923
0.13962092995643616
0.002833951497450471
0.6919463276863098
0.18424326181411743
0.48075100779533386
0.5135107040405273
0.9977715015411377
0.02820662222802639
0.11038726568222046
0.7738049030303955
0.4789678156375885
0.3060550391674042
0.2065984457731247
0.7514510750770569
0.8653091192245483
0.914630651473999
0.8502013683319092
0.8711218237876892
0.4064534604549408
0.037906624376773834
0.6543224453926086
0.625798761844635
0.35188421607017517
0.19232547283172607
0.09170735627412796
0.8175897002220154
0.8846149444580078
0.5812847018241882
0.7296493649482727
0.2075900286436081
0.9589266777038574
0.26139381527900696
0.4326491057872772
0.4378417432308197
0.10528115928173065
0.9282360672950745
0.12376125156879425
0.6680300831794739
0.8170570135116577
0.5661554932594299
0.7577516436576843
0.2726571559906006
0.6362907886505127
0.22232288122177124
0.3458024263381958
0.8409633040428162
0.9883073568344116
0.7979815006256104
0.3693884313106537
0.7637341618537903
0.20484033226966858
0.06992287188768387
0.03807840123772621
0.6758450865745544
0.3608440160751343
0.6172806620597839
0.0277895238250494
0.9875769019126892
0.1536608785390854
0.9792836308479309
0.16604281961917877
0.20099127292633057
0.42726731300354004
0.6068018674850464
0.041111838072538376
0.12912775576114655
0.8021810054779053
0.2732386887073517
0.6868571043014526
0.7742317318916321
0.012254465371370316
0.9331446290016174
0.29141098260879517
0.5627638101577759
0.43977853655815125
0.46085429191589355
0.963648796081543
0.13391779363155365
0.7727401256561279
0.3809337317943573
0.13258859515190125
0.041740234941244125
0.29113373160362244
0.1001393273472786
0.8122830390930176
0.9635162353515625
0.5848612785339355
0.9408712983131409
0.82231205701828
0.5236709713935852
0.3122182786464691
0.25181981921195984
0.6621636152267456
0.7695837020874023
0.7808219194412231
0.9696455001831055
0.41789332032203674
0.39999476075172424
0.6219270825386047
0.7401057481765747
0.5759506225585938
0.7377205491065979
0.9565201997756958
0.6097956895828247
0.8765026330947876
0.1862669289112091
0.7588075399398804
0.5492590665817261
0.7130521535873413
0.2848155200481415
0.9880350828170776
0.6668399572372437
0.17028816044330597
0.3831954896450043
0.9898452758789062
0.08313067257404327
0.7350535988807678
0.5449091792106628
0.023242400959134102
0.5452316403388977
0.6466195583343506
0.017959825694561005
0.27320361137390137
0.45499300956726074
0.34647971391677856
0.6392862200737
0.667383074760437
0.41022732853889465
0.12079478800296783
0.18264004588127136
0.24306297302246094
0.18762759864330292
0.34205278754234314
0.043730415403842926
0.7721722722053528
0.17305082082748413
0.36063751578330994
0.16099198162555695
0.028454089537262917
0.1116047352552414
0.3853675425052643
0.6103182435035706
0.8698832988739014
0.09373558312654495
0.3338816463947296
0.6508572101593018
0.901776909828186
0.0977279543876648
0.47779133915901184
0.16230055689811707
0.9898651242256165
0.6351689696311951
0.4887840449810028
0.04192769527435303
0.9433234930038452
0.9129034280776978
0.963512122631073
0.92692631483078
0.043430112302303314
0.32875826954841614
0.01778530888259411
0.09751015156507492
0.052108075469732285
0.017208456993103027
0.5798571109771729
0.4888107478618622
0.9150733351707458
0.21763895452022552
0.34731534123420715
0.48361319303512573
0.11566457152366638
0.9417032599449158
0.22548510134220123
0.45280417799949646
0.9865363240242004
0.7213988900184631
0.8281729221343994
0.17263446748256683
0.49866002798080444
0.36029183864593506
0.9815270304679871
0.6442028284072876
0.08661523461341858
0.2616606056690216
0.13144591450691223
0.056065648794174194
0.5839630365371704
0.42645880579948425
0.7149759531021118
0.7472676038742065
0.13134904205799103
0.4325137734413147
0.6489101052284241
0.35378772020339966
0.49728062748908997
0.870397686958313
0.07963242381811142
0.9743715524673462
0.0764702558517456
0.5953112840652466
0.8705761432647705
0.22095540165901184
0.6599805355072021
0.2610204815864563
0.7193455100059509
0.9137640595436096
0.764019250869751
0.15118619799613953
0.9687254428863525
0.2147962749004364
0.3180687725543976
0.5279288291931152
0.9355607032775879
0.6851934790611267
0.45267507433891296
0.20723022520542145
0.3243005573749542
0.08305574208498001
0.5367600917816162
0.0986986830830574
0.009791840799152851
0.4880918860435486
0.8612707853317261
0.8864984512329102
0.37429746985435486
0.273929238319397
0.10730758309364319
0.531579315662384
0.1168503388762474
0.5182099342346191
0.6277770400047302
0.1899554282426834
0.378703236579895
0.41703858971595764
0.7802652716636658
0.10177935659885406
0.3262696862220764
0.5944733023643494
0.06746669113636017
0.5464537143707275
0.4105011522769928
0.17238645255565643
0.43224382400512695
0.15188537538051605
0.41878455877304077
0.6185306310653687
0.5695680379867554
0.19063901901245117
0.014965877868235111
0.516290545463562
0.08384742587804794
0.8783711791038513
0.8152236342430115
0.12422876060009003
0.6061769127845764
0.1324007511138916
0.1367132067680359
0.3009467124938965
0.7436681985855103
0.7130635380744934
0.9415184259414673
0.3612504303455353
0.23367434740066528
0.6313600540161133
0.4477156400680542
0.08793149143457413
0.5147031545639038
0.25651663541793823
0.9507330060005188
0.3113600015640259
0.09367324411869049
0.5764325857162476
0.9672989249229431
0.9696779251098633
0.5830762386322021
0.7965572476387024
0.8192301988601685
0.5871642231941223
0.16203051805496216
0.8269707560539246
0.32868239283561707
0.7107850313186646
0.5002824664115906
0.4567108452320099
0.5188077688217163
0.3111669719219208
0.26179736852645874
0.18781164288520813
0.16181817650794983
0.6292206048965454
0.17184630036354065
0.5004326105117798
0.6470186114311218
0.36797308921813965
0.8276521563529968
0.887023389339447
0.5080483555793762
0.892023503780365
0.5572113394737244
0.30449026823043823
0.536104142665863
0.318904310464859
0.7890745401382446
0.7114162445068359
0.8854089975357056
0.6183643937110901
0.567496120929718
0.04350103810429573
0.8865473866462708
0.9451749920845032
0.5526700615882874
0.08929882198572159
0.3800680637359619
0.7070122361183167
0.5801699757575989
0.7830939292907715
0.8266413807868958
0.6132184863090515
0.945759117603302
0.5592971444129944
0.9986385703086853
0.43547505140304565
0.46901935338974
0.16288146376609802
0.31038132309913635
0.98757004737854
0.872850775718689
0.7764682173728943
0.4037790596485138
0.8817826509475708
0.7673383951187134
0.8227258920669556
0.401834100484848
0.3771250247955322
0.17171645164489746
0.10022050142288208
0.8533767461776733
0.9112809300422668
0.2650265395641327
0.2372766137123108
0.9733068346977234
0.703107476234436
0.1522664874792099
0.8568328022956848
0.269799143075943
0.04469212144613266
0.7574522495269775
0.1348974108695984
0.3405354917049408
0.1882888823747635
0.3013351857662201
0.31259259581565857
0.17128857970237732
0.3916098177433014
0.37834253907203674
0.2944161295890808
0.4068688452243805
0.8295480608940125
0.31274279952049255
0.9785848259925842
0.6037670969963074
0.6032941341400146
0.7025811672210693
0.3786989152431488
0.9191362857818604
0.12418287992477417
0.9964616894721985
0.7195755243301392
0.893660843372345
0.32652872800827026
0.3264094591140747
0.16734673082828522
0.4799632728099823
0.5546853542327881
0.9875543713569641
0.29838189482688904
0.3257496953010559
0.07184945791959763
0.8272835612297058
0.998925507068634
0.6746048331260681
0.8468163013458252
0.06631249934434891
0.5374548435211182
0.9733155369758606
0.6180089712142944
0.7759158611297607
0.18551793694496155
0.2238142192363739
0.14832039177417755
0.2037906050682068
0.836891233921051
0.1424596905708313
0.06541982293128967
0.646587073802948
0.9991428852081299
0.8733124732971191
0.7863062620162964
0.1549575924873352
0.01086487714201212
0.8488578796386719
0.494772732257843
0.44559556245803833
0.045839112251996994
0.16589359939098358
0.5744946599006653
0.435373455286026
0.14337298274040222
0.03464500233530998
0.5150301456451416
0.5405005812644958
0.01616525463759899
0.3218547999858856
0.6923379302024841
0.7479983568191528
0.8603222966194153
0.07655178010463715
0.3231183886528015
0.028976144269108772
0.9973424673080444
0.9203537702560425
0.7970086932182312
0.41736721992492676
0.15108300745487213
0.32937201857566833
0.9474366307258606
0.6713998913764954
0.6927701830863953
0.4828404486179352
0.08403484523296356
0.5501096248626709
0.19773279130458832
0.14321254193782806
0.4952280521392822
0.8053076267242432
0.049224209040403366
0.8804289698600769
0.4578145146369934
0.4975796937942505
0.5788673758506775
0.983916163444519
0.1865389198064804
0.007305772975087166
0.8943035006523132
0.928397536277771
0.03661981225013733
0.6065976619720459
0.043559327721595764
0.7964333891868591
0.6603675484657288
0.3960556387901306
0.022063186392188072
0.016659053042531013
0.9564283490180969
0.02328517474234104
0.960287868976593
0.9979561567306519
0.6249350905418396
0.296762615442276
0.4130689203739166
0.2816433608531952
0.9511607885360718
0.8173205256462097
0.5984418988227844
0.6489246487617493
0.6676733493804932
0.1808902621269226
0.6294372081756592
0.6283616423606873
0.08487630635499954
0.5603537559509277
0.7170897722244263
0.7648448348045349
0.48201891779899597
0.6732832193374634
0.7281599044799805
0.10962042957544327
0.625792384147644
0.23813824355602264
0.6694556474685669
0.2826523780822754
0.7745159864425659
0.8697702288627625
0.7621453404426575
0.2299511879682541
0.09934709221124649
0.5298375487327576
0.0989152267575264
0.9614177942276001
0.6677905917167664
0.2791258990764618
0.4748426079750061
0.8323268294334412
0.6758676171302795
0.30275413393974304
0.251828670501709
0.5904822945594788
0.6502135992050171
0.5220709443092346
0.05343376472592354
0.7752698659896851
0.8081739544868469
0.9412044286727905
0.0175462793558836
0.7034300565719604
0.18125122785568237
0.899029016494751
0.9573180675506592
0.2836209237575531
0.3898063898086548
0.8553078770637512
0.01802988350391388
0.7048866748809814
0.6570632457733154
0.915669322013855
0.6963475942611694
0.09009447693824768
0.05158799886703491
0.858089804649353
0.8705680966377258
0.5880581736564636
0.6948899626731873
0.4227927029132843
0.7367824912071228
0.5058574080467224
0.023392101749777794
0.4620087742805481
0.2653419077396393
0.42217642068862915
0.8664336800575256
0.5403322577476501
0.1898098587989807
0.5345045328140259
0.8269349932670593
0.9251952171325684
0.7640986442565918
0.3688654601573944
0.27011075615882874
0.08898720145225525
0.17876647412776947
0.0794200748205185
0.4888366162776947
0.22431813180446625
0.546180784702301
0.43440893292427063
0.21159952878952026
0.571108341217041
0.9034274220466614
0.7817871570587158
0.6074174046516418
0.4314994812011719
0.4171796143054962
0.3965641260147095
0.9847159385681152
0.3364039659500122
0.14360478520393372
0.8743863701820374
0.7086504101753235
0.4083179235458374
0.653256893157959
0.7832800149917603
0.7630025148391724
0.4197620153427124
0.7379026412963867
0.5840080380439758
0.7618268132209778
0.6828032732009888
0.6569609045982361
0.5863052010536194
0.5670165419578552
0.8776953816413879
0.6949005722999573
0.4244580566883087
0.26859763264656067
0.42910781502723694
0.15054622292518616
0.7847412824630737
0.937601625919342
0.7940269708633423
0.8099629878997803
0.8790764212608337
0.7392732501029968
0.4805504381656647
0.04257691651582718
0.27836334705352783
0.8513931035995483
0.6347984075546265
0.17192678153514862
0.7970056533813477
0.5731484889984131
0.4670058488845825
0.2905398905277252
0.089167520403862
0.20729410648345947
0.4438401162624359
0.8526052236557007
0.7210322022438049
0.39997217059135437
0.20786181092262268
0.9700528979301453
0.29317235946655273
0.08624637126922607
0.34191393852233887
0.29170623421669006
0.6741727590560913
0.5306500196456909
0.43447908759117126
0.48756495118141174
0.6909261345863342
0.4611193537712097
0.6010904312133789
0.7983952164649963
0.1990744173526764
0.6347909569740295
0.28600892424583435
0.5939184427261353
0.1309502273797989
0.1520015150308609
0.29064232110977173
0.33831462264060974
0.8684337139129639
0.8085543513298035
0.014443675056099892
0.08392351865768433
0.24911969900131226
0.724588930606842
0.4040548801422119
0.5185092091560364
0.34462031722068787
0.3368097245693207
0.7415289878845215
0.7133870720863342
0.8882681131362915
0.4127436876296997
0.4686930775642395
0.08404648303985596
0.5448535084724426
0.19343201816082
0.6004425287246704
0.13813985884189606
0.37604275345802307
0.717293918132782
0.28086596727371216
0.3736652433872223
0.7871780395507812
0.6196162104606628
0.8950197696685791
0.46440422534942627
0.6284070014953613
0.9429050087928772
0.8213633298873901
0.09241627156734467
0.06526927649974823
0.8639459013938904
0.2592563033103943
0.977325975894928
0.21873746812343597
0.37751564383506775
0.8452831506729126
0.9592955112457275
0.7199656963348389
0.9239325523376465
0.6771885752677917
0.2316592037677765
0.7844528555870056
0.07493371516466141
0.378185510635376
0.6652351021766663
0.35934630036354065
0.6694079041481018
0.07940443605184555
0.7240883111953735
0.6998428702354431
0.9079375863075256
0.06139504909515381
0.25795626640319824
0.012745410203933716
0.00011857152276206762
0.707585871219635
0.08896982669830322
0.7404463887214661
0.7502467632293701
0.32108765840530396
0.0546850711107254
0.057067081332206726
0.7811480164527893
0.28579914569854736
0.775068461894989
0.3029055893421173
0.8124165534973145
0.8412817716598511
0.9177495837211609
0.77358078956604
0.3573529124259949
0.31664758920669556
0.3219006061553955
0.9023879170417786
0.7845758199691772
0.9552741050720215
0.4244140684604645
0.7243772745132446
0.5112209916114807
0.0889916941523552
0.12106356769800186
0.8967231512069702
0.9615845084190369
0.8865284323692322
0.0403301939368248
0.7950006127357483
0.637257993221283
0.04412379115819931
0.07746075093746185
0.49808138608932495
0.7232102751731873
0.5528078675270081
0.2728302776813507
0.03613264486193657
0.9348559975624084
0.09490960836410522
0.791604220867157
0.203720360994339
0.9313686490058899
0.7792076468467712
0.14437434077262878
0.3335137665271759
0.41649627685546875
0.5084262490272522
0.292499840259552
0.1426265388727188
0.4573433995246887
0.7298203110694885
0.8830538392066956
0.4358309209346771
0.14105726778507233
0.10214173048734665
0.4405643045902252
0.24524126946926117
0.536335289478302
0.2347416877746582
0.1263820230960846
0.30227524042129517
0.1124710887670517
0.7522314190864563
0.014500980265438557
0.7557864189147949
0.929018497467041
0.15878206491470337
0.7417258024215698
0.21452437341213226
0.33960577845573425
0.6061570644378662
0.3679129481315613
0.7453233003616333
0.8243314027786255
0.5506079196929932
0.8028270602226257
0.007051440887153149
0.3439261019229889
0.05236420780420303
0.640087902545929
0.05881993845105171
0.37127652764320374
0.6217302083969116
0.681532084941864
0.8364308476448059
0.9932230114936829
0.9975576996803284
0.8288500905036926
0.6248235702514648
0.3167717456817627
0.6080257892608643
0.2267564833164215
0.4513152837753296
0.9802350997924805
0.6734219789505005
0.5476047992706299
0.5937912464141846
0.9457129836082458
0.8066335916519165
0.5957615971565247
0.4261512756347656
0.15061795711517334
0.08956925570964813
0.30236050486564636
0.6959335207939148
0.41941115260124207
0.8046034574508667
0.6261162757873535
0.9071656465530396
0.1768646538257599
0.37665194272994995
0.5912718772888184
0.7928164601325989
0.23931099474430084
0.2797810733318329
0.9622550010681152
0.06324377655982971
0.6919240355491638
0.6535524725914001
0.7064211368560791
0.619114875793457
0.7273740768432617
0.751782238483429
0.5215010046958923
0.674278736114502
0.20768694579601288
0.7325871586799622
0.09025949239730835
0.2305212765932083
0.7107006311416626
0.44240719079971313
0.2574971318244934
0.533433735370636
0.7821168303489685
0.8343177437782288
0.777870774269104
0.9331204891204834
0.7846834659576416
0.15389002859592438
0.13959237933158875
0.12232711166143417
0.15544357895851135
0.5633372068405151
0.06761676073074341
0.5547772645950317
0.5205140113830566
0.16151972115039825
0.777916669845581
0.026807334274053574
0.47203168272972107
0.6590437889099121
0.8135258555412292
0.041391585022211075
0.6822268962860107
0.07819153368473053
0.26366862654685974
0.025829851627349854
0.9676243662834167
0.3877623975276947
0.04026427119970322
0.5399504899978638
0.9105998277664185
0.7420122027397156
0.3434867858886719
0.25195759534835815
0.016981473192572594
0.45994994044303894
0.5762445330619812
0.17847567796707153
0.8324626684188843
0.9822919368743896
0.9570316076278687
0.8090450763702393
0.40095245838165283
0.9258581399917603
0.7147615551948547
0.546741783618927
0.728348970413208
0.6044338345527649
0.48399579524993896
0.1598932445049286
0.24072353541851044
0.08599599450826645
0.9067222476005554
0.18370120227336884
0.7560030221939087
0.297709584236145
0.7714264988899231
0.5417772531509399
0.8367881178855896
0.4156123995780945
0.7025774717330933
0.2876545190811157
0.41163259744644165
0.7395684123039246
0.10368376970291138
0.06180581822991371
0.839200496673584
0.661666989326477
0.3433580696582794
0.5524415969848633
0.7020650506019592
0.5403679013252258
0.924604594707489
0.9454673528671265
0.13271643221378326
0.2238539606332779
0.06269263476133347
0.048292726278305054
0.21916528046131134
0.2529304325580597
0.2351558357477188
0.5804769396781921
0.6047742962837219
0.06440132856369019
0.6679706573486328
0.004471919499337673
0.4933485984802246
0.773172914981842
0.7789658904075623
0.024747468531131744
0.37270063161849976
0.24643851816654205
0.1584850698709488
0.4064255356788635
0.5230727791786194
0.139426589012146
0.154108926653862
0.8543887734413147
0.4311421513557434
0.6459125280380249
0.34400925040245056
0.22989054024219513
0.2090814858675003
0.15998664498329163
0.686029314994812
0.9441989064216614
0.3232205808162689
0.13868480920791626
0.27019551396369934
0.7157431244850159
0.45775917172431946
0.07848159968852997
0.8101826906204224
0.9026461839675903
0.9072476625442505
0.20238007605075836
0.7506797909736633
0.3706371784210205
0.5669952630996704
0.29594719409942627
0.42104896903038025
0.16318945586681366
0.25224316120147705
0.5296868085861206
0.9277286529541016
0.22260063886642456
0.926918625831604
0.11547065526247025
0.9489820599555969
0.9359295964241028
0.32099077105522156
0.4837241768836975
0.15352480113506317
0.03190723806619644
0.5514326691627502
0.6029736995697021
0.5759434700012207
0.0388791449368
0.2628335654735565
0.3239322900772095
0.9523536562919617
0.31869402527809143
0.03329365327954292
0.06508148461580276
0.6268384456634521
0.20724618434906006
0.15090371668338776
0.6959531307220459
0.14101684093475342
0.6841339468955994
0.03326055780053139
0.5636413097381592
0.9107869863510132
0.166888028383255
0.0864655002951622
0.20213164389133453
0.9772236943244934
0.08303624391555786
0.35636192560195923
0.6904599070549011
0.08686275035142899
0.6285426616668701
0.6345865726470947
0.856010377407074
0.05593710020184517
0.3441585302352905
0.6011807322502136
0.7879059910774231
0.3126588761806488
0.895447850227356
0.604732871055603
0.8401126861572266
0.40078824758529663
0.3281691074371338
0.2685079872608185
0.3481321930885315
0.22361265122890472
0.5301383137702942
0.9842426180839539
0.5919680595397949
0.9747987985610962
0.9944337010383606
0.39162158966064453
0.9408242106437683
0.4137527346611023
0.5939509272575378
0.44326940178871155
0.6590168476104736
0.8964683413505554
0.9374405145645142
0.5672264099121094
0.03812275826931
0.33914268016815186
0.9668799638748169
0.8402305245399475
0.09471753984689713
0.3192747235298157
0.8559014797210693
0.9670140743255615
0.10862890630960464
0.1825152486562729
0.3855922818183899
0.9286202788352966
0.5202546715736389
0.8116622567176819
0.790172815322876
0.4599785804748535
0.27064791321754456
0.8926414847373962
0.8975973725318909
0.20154014229774475
0.6296706199645996
0.9317305088043213
0.38829943537712097
0.30300208926200867
0.8981132507324219
0.1903911679983139
0.6135901212692261
0.9185391664505005
0.12280690670013428
0.3711833357810974
0.4245954751968384
0.3650040626525879
0.32610175013542175
0.7091596126556396
0.373997300863266
0.8298834562301636
0.08467361330986023
0.008415156044065952
0.43632420897483826
0.8126455545425415
0.8272098898887634
0.6384462118148804
0.8128170371055603
0.5526201725006104
0.6499356627464294
0.9679322838783264
0.9830058217048645
0.5878424048423767
0.8622320294380188
0.9130770564079285
0.7217620611190796
0.9353000521659851
0.9729769825935364
0.3359542489051819
0.934063732624054
0.7862496376037598
0.29938608407974243
0.0690106749534607
0.09527493268251419
0.785239040851593
0.9895372986793518
0.5023272633552551
0.8958328366279602
0.8554091453552246
0.41286343336105347
0.6589415073394775
0.7592946290969849
0.5697646737098694
0.5799460411071777
0.46345528960227966
0.18095484375953674
0.979059636592865
0.24608398973941803
0.4229634404182434
0.21159866452217102
0.18839921057224274
0.027017179876565933
0.43451130390167236
0.12520252168178558
0.7710109949111938
0.9626873135566711
0.8926510214805603
0.8704979419708252
0.5081338882446289
0.06712201237678528
0.06716368347406387
0.6648550033569336
0.3773837089538574
0.10710320621728897
0.3888300657272339
0.9116159081459045
0.26686692237854004
0.952174723148346
0.45711541175842285
0.016935409978032112
0.30380451679229736
0.5006178617477417
0.008074983954429626
0.5372886657714844
0.24400679767131805
0.6264678239822388
0.5090187788009644
0.758893609046936
0.8440895080566406
0.9181950688362122
0.9515676498413086
0.2628362476825714
0.4329454302787781
0.6249931454658508
0.8365076780319214
0.9496216177940369
0.6539528369903564
0.11686068773269653
0.30769452452659607
0.9164113998413086
0.39133185148239136
0.3184257745742798
0.27853962779045105
0.47163647413253784
0.7068329453468323
0.9554637670516968
0.14625120162963867
0.12468370050191879
0.2628503143787384
0.17192445695400238
0.798970639705658
0.8692435026168823
0.6100139021873474
0.37759289145469666
0.45148640871047974
0.1837121993303299
0.7939174175262451
0.00784430280327797
0.49900639057159424
0.5154797434806824
0.7417275309562683
0.5155959725379944
0.9799602031707764
0.5101470947265625
0.6061022877693176
0.9228183627128601
0.17610041797161102
0.28556859493255615
0.11181140691041946
0.5360075235366821
0.29491308331489563
0.08186156302690506
0.1078726202249527
0.4480070173740387
0.9900623559951782
0.5689428448677063
0.9576243162155151
0.5222664475440979
0.2100059986114502
0.7886979579925537
0.2100730538368225
0.02175217680633068
