512 1
0
446
1
15
2
424
3
350
4
256
5
433
6
221
7
179
8
90
9
77
10
149
11
492
12
69
13
506
14
137
15
69
16
85
17
214
18
21
19
197
20
41
21
167
22
47
23
186
24
508
25
370
26
149
27
452
28
156
29
484
30
221
31
477
32
322
33
364
34
150
35
445
36
466
37
263
37
38
39
83
40
377
41
257
42
87
43
362
44
241
45
89
46
315
47
173
48
474
49
433
21
50
51
410
52
320
53
483
54
311
55
174
56
356
57
373
0
58
59
384
60
435
61
446
62
466
25
63
64
300
65
379
66
130
67
191
68
324
2
69
70
294
18
71
59
72
73
437
38
74
75
363
76
405
77
286
78
409
79
118
80
354
81
389
82
166
83
355
84
165
85
498
86
347
87
370
88
446
89
493
90
137
91
201
92
268
76
93
40
94
95
495
96
142
97
176
98
432
99
440
29
100
101
478
102
460
103
121
104
112
105
152
106
471
102
107
108
223
18
109
110
350
111
142
112
291
113
211
114
328
115
149
116
133
2
117
118
309
119
390
62
120
121
174
122
255
112
123
45
124
125
210
126
484
127
165
128
393
129
324
130
133
27
131
132
352
133
213
134
259
135
200
136
466
130
137
27
138
139
161
140
204
46
141
142
167
143
171
144
374
85
145
57
146
147
409
148
198
149
394
150
218
151
190
152
193
74
153
154
243
155
439
126
156
157
183
158
476
159
215
160
217
161
431
162
451
72
163
164
370
134
165
166
438
167
241
168
281
118
169
170
436
163
171
172
419
95
173
154
174
175
352
173
176
177
459
178
260
87
179
180
345
181
193
161
182
144
183
184
387
185
425
11
186
187
206
188
377
36
189
190
406
191
324
192
370
97
193
194
272
195
380
52
196
197
403
198
200
199
438
200
502
59
201
202
254
1
203
204
506
93
205
206
216
94
207
208
380
71
209
210
265
211
453
212
256
210
213
214
405
104
215
216
299
7
217
218
235
44
219
220
493
219
221
35
222
223
360
224
334
29
225
226
292
99
227
66
228
40
229
230
453
227
231
232
295
233
253
234
342
235
435
134
236
237
301
238
440
239
274
15
240
241
381
242
504
243
403
244
448
245
333
246
441
193
247
76
248
249
471
182
250
30
251
252
307
253
451
254
443
255
286
90
256
257
461
31
258
203
259
97
260
2
261
262
358
263
415
39
264
265
431
67
266
121
267
268
334
137
269
270
361
271
325
272
358
273
367
35
274
275
404
76
276
277
302
223
278
256
279
280
477
161
281
282
330
283
392
284
362
285
459
286
494
33
287
288
326
289
396
183
290
75
291
46
292
257
293
294
472
220
295
296
359
297
461
235
298
299
345
147
300
301
446
109
302
141
303
46
304
212
305
306
449
261
307
159
308
292
309
176
310
311
319
145
312
313
361
185
314
315
458
68
316
317
436
277
318
110
319
320
458
9
321
322
486
178
323
213
324
1
325
326
457
327
511
328
451
248
329
98
330
331
480
1
332
257
333
241
334
335
351
50
336
5
337
233
338
273
339
188
340
341
393
9
342
318
343
217
344
107
345
190
346
71
347
320
348
349
490
18
350
23
351
352
464
353
499
147
354
355
409
356
423
290
357
336
358
359
361
74
360
361
509
252
362
363
386
220
364
20
365
276
366
250
367
210
368
45
369
370
441
202
371
207
372
373
455
173
374
226
375
376
479
246
377
305
378
187
379
380
476
102
381
382
481
380
383
27
384
227
385
241
386
173
387
198
388
23
389
77
390
88
391
162
392
205
393
353
394
216
395
84
396
170
397
398
399
130
399
330
400
230
401
402
457
96
403
218
404
398
405
2
406
161
407
239
408
133
409
209
410
156
411
38
412
60
413
94
414
310
415
302
416
374
417
272
418
178
419
180
420
91
421
253
422
96
423
349
424
425
439
392
426
111
427
114
428
270
429
127
430
131
431
226
432
433
505
85
434
435
449
193
436
203
437
387
438
154
439
192
440
149
441
107
442
327
443
41
444
87
445
251
446
447
469
186
448
29
449
373
450
102
451
89
452
139
453
34
454
362
455
456
501
160
457
260
458
134
459
174
460
379
461
400
462
94
463
418
464
436
465
394
466
373
467
394
468
287
469
469
470
457
471
122
472
171
473
179
474
166
475
247
476
122
477
146
478
373
479
221
480
87
481
317
482
323
483
480
484
39
485
357
486
248
487
369
488
28
489
334
490
302
491
58
492
200
493
289
494
398
495
119
496
238
497
113
498
120
499
108
500
1
501
297
502
431
503
246
504
151
505
402
506
144
507
319
508
418
509
405
510
92
511
0.7945188283920288
0.6412853002548218
0.8998083472251892
0.32710108160972595
0.29149293899536133
0.5445675849914551
0.5866645574569702
0.887630820274353
0.4142804741859436
0.025519467890262604
0.8486161828041077
0.398793488740921
0.9543953537940979
0.21881678700447083
0.06325138360261917
0.8660101890563965
0.8594312071800232
0.7333790063858032
0.7169486284255981
0.5731984376907349
0.12112383544445038
0.60514235496521
0.7309291362762451
0.7587592005729675
0.4998789429664612
0.316650927066803
0.6902512907981873
0.5043407678604126
0.42087456583976746
0.6334546208381653
0.8271487355232239
0.17097434401512146
0.09354917705059052
0.9242637753486633
0.8457631468772888
0.42757806181907654
0.9346635341644287
0.8579773306846619
0.7855423092842102
0.07471240311861038
0.3518236577510834
0.5468421578407288
0.28890079259872437
0.7771708369255066
0.7793630957603455
0.6942051649093628
0.37399497628211975
0.45977094769477844
0.797455370426178
0.8953217267990112
0.37216928601264954
0.9455870389938354
0.5837587118148804
0.7322840094566345
0.2646656632423401
0.19725321233272552
0.8444772958755493
0.9621878862380981
0.04726807773113251
0.6585260629653931
0.6690467000007629
0.5772027969360352
0.6086903214454651
0.07126656174659729
0.5522509217262268
0.3810443580150604
0.08047998696565628
0.9744948744773865
0.5859255790710449
0.2062446027994156
0.6115210652351379
0.7612482905387878
0.5067039728164673
0.5348882675170898
0.485342413187027
0.1907433271408081
0.5329086184501648
0.010145548731088638
0.9721825122833252
0.15944091975688934
0.8998983502388
0.1250445395708084
0.9729340076446533
0.7682273983955383
0.3182508647441864
0.2058343142271042
0.787365198135376
0.7136327028274536
0.9803813695907593
0.31428995728492737
0.8291875720024109
0.8287448287010193
0.9913312792778015
0.34023478627204895
0.06088855862617493
0.5444988012313843
0.3208650052547455
0.1916782110929489
0.6332773566246033
0.06356485933065414
0.05138358101248741
0.27048322558403015
0.6836687326431274
0.5009108185768127
0.26659050583839417
0.8701055645942688
0.03155581280589104
0.26854267716407776
0.11776736378669739
0.6403487324714661
0.7701154351234436
0.7325945496559143
0.36102214455604553
0.14873632788658142
0.9792828559875488
0.4116574227809906
0.9922286868095398
0.6344985961914062
0.5349044799804688
0.08333008736371994
0.40638500452041626
0.7548055052757263
0.29985281825065613
0.20661984384059906
0.33270180225372314
0.35228651762008667
0.17640796303749084
0.46650269627571106
0.7796960473060608
0.5564880967140198
0.7084276080131531
0.3241536021232605
0.5829659700393677
0.9059799909591675
0.48237818479537964
0.7795439958572388
0.05895019322633743
0.8065106868743896
0.6986027359962463
0.41671067476272583
0.44672223925590515
0.4508293569087982
0.05887356027960777
0.9461157917976379
0.07148373872041702
0.8519980907440186
0.782546877861023
0.6370465755462646
0.7002978324890137
0.14391487836837769
0.9308180212974548
0.41040918231010437
0.8489762544631958
0.060755595564842224
0.22709281742572784
0.09809243679046631
0.057731013745069504
0.8103421926498413
0.9050321578979492
0.9957364797592163
0.6273457407951355
0.8609119057655334
0.6736301183700562
0.0786639153957367
0.7995857000350952
0.14069406688213348
0.850580632686615
0.16139675676822662
0.2240673005580902
0.1765439659357071
0.3764435946941376
0.20930548012256622
0.11536871641874313
0.5429943799972534
0.6407592296600342
0.05771422013640404
0.3662598431110382
0.19236822426319122
0.24574454128742218
0.5677511692047119
0.2694769501686096
0.16396114230155945
0.9304214119911194
0.06647582352161407
0.552791178226471
0.09683125466108322
0.4660141170024872
0.1978449821472168
0.5733296871185303
0.5662394762039185
0.8424713611602783
0.24448812007904053
0.2942851185798645
0.6528720259666443
0.15256722271442413
0.2631778120994568
0.1542951464653015
0.06351004540920258
0.39987778663635254
0.1216612309217453
0.35335972905158997
0.7928102612495422
0.6703029870986938
0.8387231230735779
0.6625306010246277
0.7471709847450256
0.4623611569404602
0.9403287768363953
0.3131627142429352
0.7134762406349182
0.6215047240257263
0.49300968647003174
0.4750184714794159
0.5275344848632812
0.3718329071998596
0.5161543488502502
0.5460135340690613
0.650715172290802
0.12087087333202362
0.6390160322189331
0.5719400644302368
0.8189502954483032
0.06292739510536194
0.2745375633239746
0.6505703926086426
0.3416271507740021
0.6307141780853271
0.15931807458400726
0.3526931703090668
0.45000624656677246
0.8802000284194946
0.9945816397666931
0.5450636148452759
0.22982029616832733
0.897003173828125
0.9662408828735352
0.47695192694664
0.2616864740848541
0.44252142310142517
0.08200855553150177
0.5617149472236633
0.27605727314949036
0.43302297592163086
0.04745855554938316
0.8503183722496033
0.5642210841178894
0.4806113541126251
0.22851069271564484
0.3632183372974396
0.7640101313591003
0.5282776951789856
0.08755900710821152
0.3698018193244934
0.011565632186830044
0.6500686407089233
0.7202322483062744
0.9406397342681885
0.21988609433174133
0.7673501968383789
0.3322559893131256
0.023652201518416405
0.7451274991035461
0.6262816786766052
0.21380111575126648
0.11211811006069183
0.5279172658920288
0.7311960458755493
0.027864329516887665
0.19273321330547333
0.706447958946228
0.3640558123588562
0.1402977555990219
0.13022905588150024
0.6509565114974976
0.38063687086105347
0.29734480381011963
0.08634018898010254
0.9062938094139099
0.06290508806705475
0.29106804728507996
0.5993694067001343
0.8422824740409851
0.9377509951591492
0.9649832248687744
0.05179160460829735
0.624051034450531
0.8792667388916016
0.6766987442970276
0.09202966094017029
0.042832888662815094
0.5833960175514221
0.05653960630297661
0.6792870163917542
0.8326508402824402
0.9089040756225586
0.5864967107772827
0.4560214877128601
0.09811419248580933
0.4437977969646454
0.9022495746612549
0.11677733063697815
0.385369211435318
0.6703358292579651
0.31581148505210876
0.14935749769210815
0.877487063407898
0.9169707894325256
0.16370369493961334
0.4100971817970276
0.18551155924797058
0.011948983184993267
0.9708636999130249
0.05292288213968277
0.7366553544998169
0.583318293094635
0.2797274887561798
0.4253908395767212
0.6093805432319641
0.2546040117740631
0.5453361868858337
0.18602395057678223
0.11497155576944351
0.6239030361175537
0.3972964584827423
0.032698486000299454
0.7222076058387756
0.5021066069602966
0.304369181394577
0.3194486200809479
0.04729967936873436
0.777194082736969
0.257917582988739
0.6237183213233948
0.2861221730709076
0.5072970986366272
0.3139819800853729
0.579685389995575
0.4810469448566437
0.0033200248144567013
0.18419302999973297
0.542464554309845
0.030765889212489128
0.6525473594665527
0.25482746958732605
0.9316820502281189
0.2593778371810913
0.7471282482147217
0.7335789203643799
0.11223495006561279
0.07282370328903198
0.5074896216392517
0.9759742021560669
0.9770116806030273
0.5823554992675781
0.042528748512268066
0.5657743215560913
0.11441933363676071
0.777834951877594
0.8250519633293152
0.8940079808235168
0.592157781124115
0.02253594994544983
0.9827303886413574
0.3844924569129944
0.3258518576622009
0.10543975234031677
0.8395485281944275
0.33306631445884705
0.19212284684181213
0.19676658511161804
0.6594216823577881
0.5891439914703369
0.8180112838745117
0.11929848790168762
0.0016902765491977334
0.3185877501964569
0.8697783350944519
0.5446614027023315
0.5588152408599854
0.5691765546798706
0.33656054735183716
0.6736975312232971
0.8008147478103638
0.14929331839084625
0.4295216500759125
0.4873816967010498
0.9087586402893066
0.8737650513648987
0.6468802094459534
0.8230748176574707
0.10836391896009445
0.7911136746406555
0.27167925238609314
0.41631051898002625
0.29290062189102173
0.6306335926055908
0.5690517425537109
0.20264747738838196
0.5086812973022461
0.7020507454872131
0.7966635227203369
0.8965003490447998
0.18765372037887573
0.9524447321891785
0.08834002166986465
0.7235967516899109
0.7664854526519775
0.12136086821556091
0.12767577171325684
0.7858812212944031
0.9580832719802856
0.13036084175109863
0.18784308433532715
0.03645054250955582
0.47149428725242615
0.6074515581130981
0.8480822443962097
0.48639553785324097
0.19699665904045105
0.28821179270744324
0.4260731339454651
0.04405609145760536
0.4406659007072449
0.1974351406097412
0.1847839206457138
0.38033968210220337
0.7955153584480286
0.5613718628883362
0.3896767497062683
0.28670597076416016
0.9650632739067078
0.05817501246929169
0.012029903940856457
0.6435036063194275
0.5643835067749023
0.1410459280014038
0.09343539923429489
0.35982832312583923
0.33632007241249084
0.9002246260643005
0.9967999458312988
0.37654319405555725
0.8236570358276367
0.4445177912712097
0.06861881166696548
0.6740335822105408
0.8759505152702332
0.18363994359970093
0.3667698800563812
0.14925064146518707
0.5442442893981934
0.5236348509788513
0.08440975844860077
0.43904414772987366
0.03110409714281559
0.6967337727546692
0.5424187183380127
0.10802272707223892
0.7113648056983948
0.7858695387840271
0.9178295731544495
0.6789880394935608
0.36695608496665955
0.4978514313697815
0.08467309921979904
0.5888317823410034
0.9401934742927551
0.9286567568778992
0.8206049799919128
0.7846227884292603
0.7378044724464417
0.7653275728225708
0.11032870411872864
0.020988011732697487
0.003647990059107542
0.5648148059844971
0.7708808779716492
0.7232158184051514
0.013955274596810341
0.36491236090660095
0.4264080822467804
0.5550691485404968
0.18593494594097137
0.03913247585296631
0.41656696796417236
0.04629988595843315
0.05134874954819679
0.9292727708816528
0.5722616910934448
0.9157037138938904
0.7286937832832336
0.8591907024383545
0.9009882211685181
0.24006806313991547
0.6388129591941833
0.13900437951087952
0.4166423976421356
0.5290178060531616
0.17873193323612213
0.6541288495063782
0.33471405506134033
0.9383578896522522
0.5328258872032166
0.3658122718334198
0.9461288452148438
0.10118965059518814
0.7220675945281982
0.4507181942462921
0.20685867965221405
0.10461238771677017
0.9794272184371948
0.44244837760925293
0.8876517415046692
0.56388920545578
0.5953050255775452
0.6620801091194153
0.5146750211715698
0.26509571075439453
0.0009515592828392982
0.20644795894622803
0.7964325547218323
0.076250821352005
0.948448657989502
0.1515306532382965
0.36484330892562866
0.7185090780258179
0.9542861580848694
0.11494837701320648
0.21211403608322144
0.6276206374168396
0.23521484434604645
0.013625690713524818
0.3112242817878723
0.034419264644384384
0.9529381990432739
0.37281402945518494
0.06115710735321045
0.16575168073177338
0.4923979938030243
0.53519606590271
0.5660510659217834
0.6280333399772644
0.9753657579421997
0.2007395476102829
0.4454226791858673
0.09568153321743011
0.5435627102851868
0.15736402571201324
0.7564433813095093
0.6091442108154297
0.5963650345802307
0.3495250344276428
0.16838553547859192
0.9415121674537659
0.5222541689872742
0.2238447368144989
0.5052804350852966
0.08509504050016403
0.21919630467891693
0.7915889024734497
0.9152798056602478
0.298811137676239
0.8242027759552002
0.2672250270843506
0.9752814769744873
0.3832276463508606
0.5502403974533081
0.05999027565121651
0.6250935792922974
0.2648686170578003
0.6169724464416504
0.2859218418598175
0.2492290586233139
0.6890565752983093
0.2581251859664917
0.8684630990028381
0.9931240081787109
0.8438370227813721
0.9961077570915222
0.9843575358390808
0.04561986029148102
0.7329908609390259
0.4914216101169586
0.5586472749710083
0.4444105327129364
0.2588891386985779
0.625771164894104
0.12826800346374512
0.033657729625701904
0.8734278678894043
0.7940614819526672
0.35342955589294434
0.4102053642272949
0.9708306789398193
0.377420037984848
0.9240927696228027
0.9140400886535645
0.4192192554473877
0.9831830859184265
0.6294798851013184
0.4240512549877167
0.4728234112262726
0.8654783368110657
0.08874852955341339
0.419113427400589
0.725835919380188
0.876950204372406
0.743082582950592
0.8520504832267761
0.5621390342712402
0.8453930020332336
0.7707577347755432
0.2906419336795807
0.12803402543067932
0.42706745862960815
0.019957678392529488
0.4396050274372101
0.43558600544929504
0.20986326038837433
0.01675696112215519
0.1764686554670334
0.8060832619667053
0.890983521938324
0.546939492225647
0.9677472710609436
0.13442666828632355
0.9891692996025085
0.3047528564929962
0.5354911684989929
0.2909168601036072
0.8497791290283203
0.8165662288665771
0.8237272500991821
0.8203184008598328
0.48452824354171753
0.3476632535457611
0.0643601268529892
0.3418247401714325
0.10251887887716293
0.48783430457115173
0.14179901778697968
0.3399589955806732
0.8583024144172668
0.2681928277015686
0.4388720393180847
0.06027252972126007
0.494464248418808
0.24719305336475372
0.930568277835846
0.09018709510564804
0.0847005769610405
0.7907949686050415
0.22295831143856049
0.9706206321716309
0.06670397520065308
0.8455057144165039
0.625720739364624
0.4114137887954712
0.5457802414894104
0.09666936844587326
0.022945595905184746
0.45360052585601807
0.4464922845363617
0.9144895076751709
0.10056012123823166
0.9452734589576721
0.6793869733810425
0.5626670718193054
0.4240841865539551
0.2658855617046356
0.9368214011192322
0.7464152574539185
0.3419131934642792
0.23742713034152985
0.06749442219734192
0.8797290921211243
0.9025983810424805
0.4277644753456116
0.05623968318104744
0.4244777262210846
0.6319543719291687
0.22565805912017822
0.7723820805549622
0.20504063367843628
0.8987797498703003
0.041112348437309265
0.7457649111747742
0.11144784092903137
0.2619604766368866
0.3810420334339142
0.07168574631214142
0.005336968693882227
0.3399463891983032
0.1284320056438446
0.06635478138923645
0.05183926597237587
0.17486773431301117
0.24231910705566406
0.6001628041267395
0.5325459837913513
0.007123031187802553
0.01677110232412815
0.7479420304298401
0.45291492342948914
0.6147914528846741
0.5456178188323975
0.27484825253486633
0.6584023833274841
0.035189103335142136
0.5258585214614868
0.6885185241699219
0.808952808380127
0.048142701387405396
0.5371090769767761
0.3574802875518799
0.0220250952988863
0.4419114291667938
0.6056118607521057
0.27489104866981506
0.17136140167713165
0.2906208634376526
0.784491240978241
0.37111032009124756
0.8331504464149475
0.8597705364227295
0.43442055583000183
0.03241410851478577
0.3046797215938568
0.6940618753433228
0.7615250945091248
0.021711811423301697
0.8073437809944153
0.13883084058761597
0.667012095451355
0.12374167144298553
0.8486417531967163
0.15174341201782227
0.23274542391300201
0.048166025429964066
0.9758705496788025
0.6728361248970032
0.6244910359382629
0.27841559052467346
0.5628001093864441
0.2207370102405548
0.673122763633728
0.20319758355617523
0.5453994870185852
0.49133235216140747
0.9922720789909363
0.6573699712753296
0.2711266875267029
0.5649736523628235
0.5940309166908264
0.6885374188423157
0.4606010317802429
0.01512850821018219
0.8390544652938843
0.2367222011089325
0.5038609504699707
0.20226548612117767
0.7827622294425964
0.4431207478046417
0.6991284489631653
0.7662541270256042
0.4673271179199219
0.9602095484733582
0.38896071910858154
0.5613020658493042
0.1544380933046341
0.5589126944541931
0.8492698669433594
0.2617052495479584
0.2653723955154419
0.3275030553340912
0.514104962348938
0.07180795818567276
0.8653321266174316
0.7195739150047302
0.359328955411911
0.4446442723274231
0.6019726395606995
0.44030603766441345
0.5345112681388855
0.05613496154546738
0.8083534240722656
0.963825523853302
0.8217278122901917
0.2084672898054123
0.6612105965614319
0.36253026127815247
0.22841133177280426
0.1824948787689209
0.04227807745337486
0.6161810159683228
0.5267232656478882
0.03683549910783768
0.7796198725700378
0.918060302734375
0.5540434718132019
0.4906725585460663
0.8187674283981323
0.9878000617027283
0.17037196457386017
0.40406206250190735
0.6597169637680054
0.2631591558456421
0.4774710237979889
0.3666244447231293
0.1133488267660141
0.0211639404296875
0.19366735219955444
0.5021960139274597
0.7067424058914185
0.5817700624465942
0.2538626492023468
0.05391501262784004
0.7310706377029419
0.8093692660331726
0.03850579634308815
0.3008307218551636
0.46841421723365784
0.6526364684104919
0.022700730711221695
0.9069540500640869
0.3935602605342865
0.6277962923049927
0.7895313501358032
0.9915958642959595
0.45353472232818604
0.7389447689056396
0.421141654253006
0.7281226515769958
0.7657272815704346
0.01670943945646286
0.9391787648200989
0.6562100648880005
0.4549543559551239
0.588519275188446
0.7459473013877869
0.3856878876686096
0.6260239481925964
0.057363152503967285
0.5982609391212463
0.4005241096019745
0.8273342847824097
0.27824172377586365
0.5425383448600769
0.7524920701980591
0.7166576385498047
0.3876841962337494
0.684140682220459
0.19115380942821503
0.7518198490142822
0.011332361958920956
0.2553224563598633
0.5206102728843689
0.7941282987594604
0.4934520721435547
0.7869832515716553
0.42653411626815796
0.10103451460599899
0.8691632151603699
0.31603333353996277
0.5169617533683777
0.8180237412452698
0.905007541179657
0.24892199039459229
0.3487324118614197
0.5253042578697205
0.24421054124832153
0.8339164853096008
0.060938116163015366
0.19625377655029297
0.22541548311710358
0.42858922481536865
0.3734704852104187
0.808184027671814
0.5598816275596619
0.751867413520813
0.9473932981491089
0.42011839151382446
0.981602132320404
0.6241738200187683
0.607004702091217
0.3099554479122162
0.05037505552172661
0.7341994643211365
0.7806992530822754
0.039989255368709564
0.19224639236927032
0.7171183228492737
0.2345542162656784
0.95433509349823
0.03405781090259552
0.042308203876018524
0.028701448813080788
0.4045502245426178
0.9598552584648132
0.7809219360351562
0.7108379602432251
0.14337456226348877
0.1598377525806427
0.1950940638780594
0.20872579514980316
0.7639604210853577
0.18837809562683105
0.6258249878883362
0.5602469444274902
0.0312240831553936
0.17908112704753876
0.4270317554473877
0.4266453981399536
0.1736958622932434
0.9742075204849243
0.20989972352981567
0.5108821392059326
0.9513258337974548
0.1207212284207344
0.1320914924144745
0.938284158706665
0.5799258351325989
0.16823601722717285
0.20032671093940735
0.3004450798034668
0.08104416728019714
0.49191567301750183
0.8681841492652893
0.5860138535499573
0.11296036094427109
0.3749397099018097
0.17125530540943146
0.886185884475708
0.3679245710372925
0.20431210100650787
0.9187309145927429
0.9579840898513794
0.695015013217926
0.15782400965690613
0.3295225501060486
0.842627763748169
0.41021135449409485
0.8099460601806641
0.9758796095848083
0.5007166266441345
0.9765242338180542
0.18298952281475067
0.18117037415504456
0.5020115971565247
0.4223480522632599
0.8179519176483154
0.19300007820129395
0.6948938965797424
0.6918511390686035
0.6937209367752075
0.5663838982582092
0.38771528005599976
0.9990732073783875
0.24550087749958038
0.9096577763557434
0.9285899996757507
0.029399624094367027
0.9928770661354065
0.11310218274593353
0.6424322128295898
0.7274518013000488
0.9020556807518005
0.42052915692329407
0.2737976908683777
0.21325653791427612
0.9077518582344055
0.8089010715484619
0.6551035046577454
0.1735474318265915
0.9599915146827698
0.7594250440597534
0.720772385597229
0.5370062589645386
0.44603171944618225
0.38137155771255493
0.43998873233795166
0.12320494651794434
0.7533085346221924
0.8105440735816956
0.8003157377243042
0.5781949162483215
0.7418442964553833
0.887743353843689
0.7000348567962646
0.14905864000320435
0.9477863311767578
0.3142910897731781
0.8640081882476807
0.876856803894043
0.7992258667945862
0.8917575478553772
0.6589719653129578
0.08696888387203217
0.015935860574245453
0.5693213939666748
0.8499393463134766
0.563408374786377
0.18910597264766693
0.28688186407089233
0.8628716468811035
0.0836416631937027
0.9931991696357727
0.7557448744773865
0.20806673169136047
0.5894625186920166
0.39639660716056824
0.7154854536056519
0.9537460207939148
0.29528388381004333
0.22654303908348083
0.6998323202133179
0.01922745257616043
0.6269044280052185
0.3701536953449249
0.35737594962120056
0.415592223405838
0.14531193673610687
0.8579699993133545
0.5769065618515015
0.08057952672243118
0.2556285858154297
0.30820733308792114
0.09524119645357132
0.7246623039245605
0.7348136305809021
0.06340619921684265
0.7885746955871582
0.14122910797595978
0.9475292563438416
0.15444287657737732
0.031734514981508255
0.8903106451034546
0.6187922954559326
0.6691632866859436
0.005763520952314138
0.42805683612823486
0.11948995292186737
0.6149764060974121
0.6557998061180115
0.4156631529331207
0.13683201372623444
0.21048368513584137
0.7369149923324585
0.3537790775299072
0.4874429404735565
0.839387834072113
0.9387791156768799
0.10298611223697662
0.5491113662719727
0.8391098976135254
0.7652469873428345
0.13921315968036652
0.9213441610336304
0.5486849546432495
0.08411449193954468
0.5717242956161499
0.6865958571434021
0.01923123002052307
0.9707596898078918
0.8153138756752014
0.40068185329437256
0.09378012269735336
0.7314678430557251
0.0219576358795166
0.057338129729032516
0.1543383151292801
0.06745363026857376
0.07180982083082199
0.25719743967056274
0.835376501083374
0.08132364600896835
0.29285168647766113
0.7729785442352295
0.8986775875091553
0.7202314734458923
0.28329452872276306
0.8988898992538452
0.38296815752983093
0.38099589943885803
0.27242547273635864
0.16203297674655914
0.7654488682746887
0.7690005898475647
0.5097187161445618
0.6808232069015503
0.5954720377922058
0.1567610204219818
0.6182383298873901
0.2699461877346039
0.730981171131134
0.0300290510058403
0.6005130410194397
0.6505784392356873
0.15150201320648193
0.06633786857128143
0.1653943657875061
0.1576995551586151
0.5829663276672363
0.7174419164657593
0.11653405427932739
0.9773695468902588
0.1787075400352478
0.38503676652908325
0.03600691631436348
0.2328837811946869
0.7459991574287415
0.895563542842865
0.24143631756305695
0.02106894738972187
0.416334867477417
0.2302626669406891
0.6566742658615112
0.9154171943664551
0.44637250900268555
0.34751617908477783
0.12941773235797882
0.8387954235076904
0.1397387981414795
0.7519466280937195
0.6997032761573792
0.13285182416439056
0.8205517530441284
0.894161581993103
0.6212434768676758
0.2541397511959076
0.715855598449707
0.6238011121749878
0.8292209506034851
0.007459311746060848
0.8253141045570374
0.7000400424003601
0.3099367916584015
0.14585284888744354
0.6588268280029297
0.15259313583374023
0.719107449054718
0.930206835269928
0.4088684022426605
0.4490969479084015
0.1883201152086258
0.27325439453125
0.6584829092025757
0.8893493413925171
0.06770848482847214
0.24145591259002686
0.5035244822502136
0.6625799536705017
0.2975064814090729
0.24775028228759766
0.8319419622421265
0.4969082176685333
0.3336726725101471
0.1797288954257965
0.7536344528198242
0.3083617091178894
0.6948037147521973
0.39807799458503723
0.030283315107226372
0.24890273809432983
0.3972076177597046
0.5597459673881531
0.6659082770347595
0.5102463364601135
0.6677951812744141
0.6114170551300049
0.2809010148048401
0.22560535371303558
0.6899036765098572
0.6380196213722229
0.7909755110740662
0.6770466566085815
0.30817922949790955
0.5749270915985107
0.4363256096839905
0.2484654039144516
0.6509528160095215
0.10254863649606705
0.9853967428207397
0.6888403296470642
0.4526643455028534
0.06265143305063248
0.251949667930603
0.24406716227531433
0.7283304929733276
0.4876328706741333
0.558609664440155
0.29240453243255615
0.6115127801895142
0.46924489736557007
0.9624382853507996
0.7098301649093628
0.39899900555610657
0.6640582084655762
0.15157778561115265
0.393841952085495
0.1770762801170349
0.11712918430566788
0.7852259874343872
0.29003915190696716
0.28315600752830505
0.44829973578453064
0.5393671989440918
0.13443486392498016
0.15832768380641937
0.1740710437297821
0.4222494959831238
0.5606557130813599
0.37081819772720337
0.20464174449443817
0.418732225894928
0.4021197259426117
0.956743597984314
0.9486792683601379
0.00440782168880105
0.3504320979118347
0.6502264142036438
0.1949794590473175
0.10083910822868347
0.9817450046539307
0.3933229446411133
0.999923825263977
0.6309424638748169
0.9276043176651001
0.1304289698600769
0.5142543315887451
0.6374409198760986
0.16448502242565155
0.4412940442562103
0.23434112966060638
0.8502508401870728
0.8248816728591919
0.5541905164718628
0.4564308524131775
0.8577669858932495
0.04760027304291725
0.7246263027191162
0.46382683515548706
0.41585811972618103
0.3127222955226898
0.24473126232624054
0.07330320030450821
0.8753053545951843
0.1379491686820984
0.1544266641139984
8.030697063077241e-05
0.34162697196006775
0.2081749141216278
0.885245680809021
0.7455840110778809
0.6323023438453674
0.10532090067863464
0.8176915645599365
0.34265074133872986
0.2587963342666626
0.22497981786727905
0.34466975927352905
0.1178097054362297
0.9725030064582825
0.8289884924888611
0.04432041198015213
0.9966650009155273
0.8342596888542175
0.5052254796028137
0.927462100982666
0.27129197120666504
0.2844058573246002
0.34764474630355835
0.14530691504478455
0.8597322106361389
0.026251673698425293
0.9386274814605713
0.07680139690637589
0.18400195240974426
0.9821636080741882
0.05476666986942291
0.5406498908996582
0.6940315365791321
0.18477985262870789
0.5092471241950989
0.2663143575191498
0.5156203508377075
0.4398462176322937
0.9846959710121155
0.6207302212715149
0.9041368365287781
0.11780829727649689
0.6996868252754211
0.27076372504234314
0.4114970266819
0.8819208741188049
0.13891611993312836
0.29694849252700806
0.5136743783950806
0.7902752161026001
0.8446870446205139
0.8344709277153015
0.44082391262054443
0.12754271924495697
0.9215468764305115
0.7588472962379456
0.8940871357917786
0.047406282275915146
0.6248044967651367
0.9676628112792969
0.46557891368865967
0.8045604228973389
0.29252681136131287
0.3874777853488922
0.5084800720214844
0.21470880508422852
0.7451807260513306
0.7866522073745728
0.5589232444763184
0.7347692251205444
0.6420958638191223
0.025247540324926376
0.18649548292160034
0.4514820873737335
0.2712940275669098
0.8444764614105225
0.031062843278050423
0.03423192352056503
0.11823862791061401
0.08395293354988098
0.9830695986747742
0.7831920385360718
0.03899587318301201
0.18840381503105164
0.49043703079223633
0.4628969430923462
0.2930764853954315
0.26516950130462646
0.7266387939453125
0.18279872834682465
0.30640196800231934
0.30153629183769226
0.989789605140686
0.4103713035583496
0.131448894739151
0.31041911244392395
0.7098433375358582
0.5968740582466125
0.6596507430076599
0.8143805265426636
0.5785228610038757
0.9464148283004761
0.5865119099617004
0.905472457408905
0.6941282749176025
0.7577701210975647
0.8093799352645874
0.33822759985923767
0.27725890278816223
0.1217014417052269
0.2918602526187897
0.4829724133014679
0.5877830386161804
0.32380831241607666
0.0346253365278244
0.10801640897989273
0.5643460750579834
0.9258490204811096
0.9350148439407349
0.6670191287994385
0.054210372269153595
0.7334678769111633
0.9788788557052612
0.9563236832618713
0.04772401601076126
0.7376975417137146
0.10425425320863724
0.4146708548069
0.04400772228837013
0.4228658378124237
0.3091430068016052
0.23840712010860443
0.6477106213569641
0.695999026298523
0.35347768664360046
0.09669571369886398
0.3596649169921875
0.6632672548294067
0.0028369994834065437
0.8711845874786377
0.7983025312423706
0.9370582699775696
0.22708359360694885
0.913541316986084
0.8389468789100647
0.7740782499313354
0.5312609076499939
0.46696093678474426
0.23686492443084717
0.7567452192306519
0.17272990942001343
0.644824206829071
0.1612255722284317
0.2774554491043091
0.6585627794265747
0.42219001054763794
0.783129096031189
0.9478214383125305
0.6568536758422852
0.4123396873474121
0.22401663661003113
0.6063291430473328
0.0726543515920639
0.10715016722679138
0.7696617245674133
0.6121315956115723
0.09601058065891266
0.4129061698913574
0.07597504556179047
0.5973725318908691
0.26648974418640137
0.9833852052688599
0.7921202778816223
0.5646617412567139
0.36016368865966797
0.05454888194799423
0.11507147550582886
0.6315405964851379
0.45472782850265503
0.40415045619010925
0.15486925840377808
0.40399518609046936
0.14347641170024872
0.5100012421607971
0.9029259085655212
0.4401702582836151
0.21352051198482513
0.3314208984375
0.7047985196113586
0.9614325761795044
0.21483935415744781
0.31276026368141174
0.5536543726921082
0.015387840569019318
0.26733991503715515
0.010896037332713604
0.10142181813716888
0.44213706254959106
0.8029214143753052
0.9626342058181763
0.6381933689117432
0.5228464603424072
0.7867347598075867
0.9492626786231995
0.15420648455619812
0.1268392950296402
0.27886825799942017
0.6131808161735535
0.03320664167404175
0.6619789600372314
0.8966853022575378
0.7284632325172424
0.7672094106674194
0.5936166048049927
0.7836964130401611
0.7043737769126892
0.9562269449234009
0.5787663459777832
0.7054160237312317
0.5875140428543091
0.7018551826477051
0.1297723352909088
0.7956447005271912
0.6649248003959656
0.3676602244377136
0.7843235731124878
0.8658297061920166
0.24495470523834229
0.8987257480621338
0.0006015968392603099
0.7398747801780701
0.09098051488399506
0.801266074180603
0.779886782169342
0.32032108306884766
0.2677556872367859
0.8791413307189941
0.6433699131011963
0.7424858808517456
0.8994905352592468
0.452314555644989
0.8021135926246643
0.3437158167362213
0.5843955874443054
0.5357586145401001
0.6873476505279541
0.5381633043289185
0.5069275498390198
0.09373244643211365
0.8272808194160461
0.11533375829458237
0.46540307998657227
0.9434174299240112
0.26107683777809143
0.5210878252983093
0.5662673711776733
0.17945948243141174
0.28867223858833313
0.402678906917572
0.8914729952812195
0.024322085082530975
0.796209990978241
0.8562220931053162
0.18104973435401917
0.653987467288971
0.3714873194694519
0.23319675028324127
0.647526204586029
0.5860092639923096
0.6430093050003052
0.7443576455116272
0.4188970625400543
0.7530251145362854
0.43392619490623474
0.9805681705474854
0.049380991607904434
0.6774483919143677
0.7743371725082397
0.03795868903398514
0.09472258388996124
0.03307095542550087
0.6284213066101074
0.6349510550498962
0.4366297721862793
0.7929131984710693
0.10181271284818649
0.8693965077400208
0.2581847906112671
0.19993546605110168
0.6310245990753174
0.9597991704940796
0.7800716757774353
0.38610371947288513
0.6708093881607056
0.7047712206840515
0.2209819108247757
0.4687727391719818
0.5169288516044617
0.7154767513275146
0.18422871828079224
0.9425621032714844
0.006713362876325846
0.035151686519384384
0.9767086505889893
0.3069063723087311
0.13396303355693817
0.6263471245765686
0.17289656400680542
0.34251880645751953
0.23805537819862366
0.4795312285423279
0.8219159841537476
0.2530052363872528
0.6505778431892395
0.8647469282150269
0.8655648231506348
0.6491895318031311
0.3564571738243103
0.904521644115448
0.1256636530160904
0.7463896870613098
0.8126941919326782
0.48177585005760193
0.6436492204666138
0.19435980916023254
0.7297067046165466
0.9798046946525574
0.31338003277778625
0.225251704454422
0.9070691466331482
0.2407805174589157
0.9123600721359253
0.8440460562705994
0.4144412577152252
0.09437909722328186
0.8341801762580872
0.8212743997573853
0.007728889584541321
0.5678651928901672
0.6480790972709656
0.32141226530075073
0.09028209745883942
0.6366278529167175
0.6686773896217346
0.496354877948761
0.7875842452049255
0.5670148134231567
0.28946638107299805
0.07925131916999817
0.9132081866264343
0.18053743243217468
0.9865366220474243
0.9204825162887573
0.7358571290969849
0.35337647795677185
0.6430642604827881
0.178800567984581
0.8596211671829224
0.03845712170004845
0.75449538230896
0.8508245944976807
0.38724327087402344
0.21103958785533905
0.9807642102241516
0.43528085947036743
0.6123890280723572
0.5507236123085022
0.6336796879768372
0.817695140838623
0.9927272796630859
0.8420944809913635
0.06459694355726242
0.5484122633934021
0.5867470502853394
0.79563969373703
0.3455442488193512
0.46726638078689575
0.2298618108034134
0.7255428433418274
0.8814902901649475
0.6722407341003418
0.958358645439148
0.05609285831451416
0.7653077244758606
0.551848828792572
0.6892901659011841
0.1488977074623108
0.4789961278438568
0.6206562519073486
0.16053998470306396
0.1250942051410675
0.5756286382675171
0.4229060113430023
0.4712013602256775
0.246978759765625
0.20698054134845734
0.4298056364059448
0.061453692615032196
0.23672722280025482
0.9764388203620911
0.35487598180770874
0.038183607161045074
0.7245002388954163
0.5566326379776001
0.8035308122634888
0.7100205421447754
0.3776235580444336
0.8653969764709473
0.9057670831680298
0.4435986578464508
0.46787402033805847
0.06701702624559402
0.20706255733966827
0.9866736531257629
0.5503332614898682
0.5006787776947021
0.9553983211517334
0.6284559965133667
0.7322590351104736
0.4729357659816742
0.4112110137939453
0.25577571988105774
0.7756170630455017
0.054646365344524384
0.1795750856399536
0.6765732765197754
0.15190845727920532
0.019665023311972618
0.7266731858253479
0.7209141850471497
0.3906201720237732
0.5905783176422119
0.13331325352191925
0.6266764998435974
0.2425769418478012
0.05642246827483177
0.7146199941635132
0.5794122815132141
0.26287931203842163
0.1480696052312851
0.28113463521003723
0.5599503517150879
0.21129894256591797
0.6913539171218872
0.507468044757843
0.7852182388305664
0.9461241364479065
0.6869730353355408
0.12127432972192764
0.02667287178337574
0.18326666951179504
0.2175540328025818
0.24490465223789215
0.6025464534759521
0.9393841624259949
0.45395582914352417
0.2865374684333801
0.14245200157165527
0.045764099806547165
0.09857796132564545
0.2930741310119629
0.6236464381217957
0.5875563025474548
0.2627622187137604
0.8244401216506958
0.7380567193031311
0.3450862467288971
0.690169095993042
0.592645525932312
0.3178420960903168
0.9807519316673279
0.9033473134040833
0.2179562896490097
0.5397293567657471
0.9740030765533447
0.6507061123847961
0.4835096597671509
0.1120605617761612
0.6881038546562195
0.9576994180679321
0.9822230339050293
0.5464875102043152
0.05563974753022194
0.4348544180393219
0.36811500787734985
0.3403540551662445
0.8899285197257996
0.0333302803337574
0.6905356049537659
0.1845453828573227
0.8058717846870422
0.4503430128097534
0.8897745013237
0.3096867799758911
0.7456457614898682
0.7745089530944824
0.17233359813690186
0.1594172865152359
0.05536464974284172
0.18446622788906097
0.9943556189537048
0.024895919486880302
0.15285761654376984
0.7840829491615295
0.6669483184814453
0.4428297281265259
0.8873628973960876
0.7112951278686523
0.6346098780632019
0.4593455195426941
0.63612300157547
0.26459962129592896
0.9829571843147278
0.4767143130302429
0.03008117526769638
0.06321439146995544
0.603407621383667
0.1023232638835907
0.04480111971497536
0.9898186922073364
0.9552760720252991
0.3236318528652191
0.7017046809196472
0.5521503686904907
0.5862881541252136
0.0809066966176033
0.09644954651594162
0.27782052755355835
0.1994406282901764
0.11356937140226364
0.39645081758499146
0.8568433523178101
0.09422416239976883
0.2669421136379242
0.8580123782157898
0.806268036365509
0.45582088828086853
0.21421882510185242
0.2811998724937439
0.4540495276451111
0.9757798910140991
0.40202972292900085
0.39011144638061523
0.9218718409538269
0.29915767908096313
0.915690004825592
0.24438560009002686
0.8483248949050903
0.6961707472801208
0.8705886006355286
0.20894834399223328
0.09419921785593033
0.883142352104187
0.6737166047096252
0.5377097725868225
0.6370209455490112
0.4400465488433838
0.5714340209960938
0.5809658169746399
0.8374190926551819
0.12254952639341354
0.1723443567752838
0.5591778755187988
0.278341144323349
0.7286353707313538
0.6077261567115784
0.7200345993041992
0.43655484914779663
0.6957620978355408
0.11677234619855881
0.4635467529296875
0.20746469497680664
0.6140596866607666
0.2240336388349533
0.2426815927028656
0.6820159554481506
0.3050493001937866
0.8517279028892517
0.005270178429782391
0.5797556638717651
0.8969287872314453
0.32487472891807556
0.516964316368103
0.44141146540641785
0.9380265474319458
0.9118707776069641
0.6014919877052307
0.18596121668815613
0.8701693415641785
0.11929814517498016
0.7084707021713257
0.5342078804969788
0.6257030367851257
0.6999258399009705
0.14692044258117676
0.6862164735794067
0.9108731150627136
0.27495819330215454
0.8431480526924133
0.2740592360496521
0.7027505040168762
0.6143686771392822
0.019036758691072464
0.3312619626522064
0.9551393389701843
0.5626721978187561
0.1961822211742401
0.7375088334083557
0.9445062279701233
0.07835094630718231
0.30695509910583496
0.29298892617225647
0.6494736671447754
0.8265873789787292
0.6845734715461731
0.7307664752006531
0.9491082429885864
0.5135494470596313
0.43878310918807983
0.8642385601997375
0.7839494943618774
0.5498805046081543
0.6615784168243408
0.4765365421772003
0.9522029161453247
0.2878588140010834
0.9551972150802612
0.13748948276042938
0.09166255593299866
0.8547597527503967
0.29095178842544556
0.10861944407224655
0.4707696735858917
0.49317261576652527
0.214041069149971
0.8505392074584961
0.9588456749916077
0.2395072728395462
0.015477731823921204
0.6776007413864136
0.026491466909646988
0.25474250316619873
0.5694032311439514
0.2063482254743576
0.9421355128288269
0.29910531640052795
0.9049890637397766
0.7791332006454468
0.3923051357269287
0.7690141797065735
0.9577824473381042
0.8590719699859619
0.31576254963874817
0.8372385501861572
0.003766477108001709
0.04588037729263306
0.11840496212244034
0.13546869158744812
0.03998035192489624
0.9568960070610046
0.7705084085464478
0.9652951955795288
0.22247201204299927
0.5991369485855103
0.42275282740592957
0.011603833176195621
0.26431408524513245
0.14802686870098114
0.8854807019233704
0.18876667320728302
0.028389835730195045
0.5370157361030579
0.9515098929405212
0.2605580687522888
0.5364016890525818
0.9603776335716248
0.319329172372818
0.4337827265262604
0.7103832960128784
0.9993460774421692
0.545714795589447
0.591618537902832
0.9622274041175842
0.1820056438446045
0.2820458710193634
0.8146070241928101
0.09218841046094894
0.5658930540084839
0.6226218342781067
0.43460363149642944
0.7185332179069519
0.4510205090045929
0.4081859886646271
0.008835387416183949
0.3469136953353882
0.33757662773132324
0.41826915740966797
0.6328336000442505
0.8520315885543823
0.16235950589179993
0.5261187553405762
0.08923836797475815
0.21905632317066193
0.9631338715553284
0.5305854678153992
0.6857720017433167
0.7436546683311462
0.600863516330719
0.6629957556724548
0.4191613495349884
0.9711028337478638
0.20969001948833466
0.09152407199144363
0.6189038753509521
0.1450907588005066
0.17743729054927826
0.4658978581428528
0.9515310525894165
0.7591241598129272
0.006429873872548342
0.4728703796863556
0.4938104450702667
0.8849676847457886
0.8006141185760498
0.11126542836427689
0.596786618232727
0.7514044642448425
0.6514508128166199
0.6414409875869751
0.9560515284538269
0.9161080121994019
0.9194645881652832
0.3135770559310913
0.49112585186958313
0.27036580443382263
0.8751315474510193
0.049823272973299026
0.11291779577732086
0.365917831659317
0.683994710445404
0.7186919450759888
0.5751543045043945
0.19249920547008514
0.045145731419324875
0.5832782983779907
0.4649374485015869
0.9117563366889954
0.19325904548168182
0.02586355060338974
0.8545560240745544
0.9520304799079895
0.7992439866065979
0.4726432263851166
0.15806891024112701
0.6967748403549194
0.11692780256271362
0.12861095368862152
0.7897914052009583
0.44029128551483154
0.19266723096370697
0.3586692810058594
0.12348876893520355
0.680030345916748
0.436073362827301
0.017919499427080154
0.5076929926872253
0.8586516380310059
0.4175604283809662
0.3125118613243103
0.3623718023300171
0.5685749650001526
0.43597063422203064
0.14457082748413086
0.290143221616745
0.7573275566101074
0.6178852319717407
0.7544734477996826
0.03994659334421158
0.19664867222309113
0.46177345514297485
0.950614333152771
0.2773436903953552
0.3848007321357727
0.97817462682724
0.7521647810935974
0.6606637239456177
0.21188710629940033
0.8770014643669128
0.22959664463996887
0.5674554109573364
0.4645797908306122
0.5237820148468018
0.08200646936893463
0.04316983371973038
0.4797970950603485
0.41012439131736755
0.009643806144595146
0.030483033508062363
0.9210765361785889
