512 1
0
431
1
211
2
5
3
5
4
391
5
435
6
318
7
456
8
400
9
398
8
10
11
511
12
246
13
416
14
136
15
461
16
100
17
306
18
274
19
311
20
103
21
429
22
420
23
368
24
358
25
222
26
57
27
34
28
415
5
29
30
329
31
227
32
139
33
482
34
249
35
83
36
275
37
269
38
427
32
39
40
193
14
41
42
275
43
231
44
511
45
459
46
465
47
426
48
186
49
92
50
73
51
139
52
323
53
373
54
275
55
324
56
112
57
210
58
476
59
133
60
424
61
310
62
267
63
259
64
219
65
204
66
323
67
437
68
333
69
102
70
436
71
317
6
72
73
336
74
179
75
340
76
235
77
175
23
78
79
249
80
212
81
448
82
159
8
83
84
363
85
362
86
104
87
192
21
88
89
166
90
308
91
489
92
145
93
372
94
451
52
95
96
298
97
111
98
397
84
99
68
100
101
239
102
280
103
199
104
151
105
322
106
502
73
107
108
494
109
436
110
439
111
171
112
258
82
113
114
384
115
228
116
180
117
209
30
118
119
497
120
220
79
121
122
288
123
332
124
255
125
189
126
368
127
474
128
364
47
129
130
301
131
430
132
151
107
133
134
384
135
507
136
285
137
463
138
251
139
437
140
322
133
141
142
165
72
143
144
393
145
445
146
179
126
147
72
148
149
162
150
275
148
151
145
152
153
415
27
154
155
443
156
284
12
157
158
208
159
363
160
386
161
275
162
366
128
163
164
206
165
332
166
172
167
349
95
168
169
421
170
227
171
310
172
267
173
448
144
174
175
373
176
350
177
387
178
183
179
379
180
340
38
181
182
202
183
411
184
303
185
368
186
297
187
425
188
419
189
302
70
190
68
191
33
192
193
322
43
194
143
195
196
342
170
197
198
360
199
361
200
327
201
498
202
482
203
348
204
229
205
244
119
206
150
207
192
208
155
209
210
351
211
302
212
255
213
331
214
221
215
223
89
216
5
217
218
321
118
219
220
385
221
291
157
222
223
421
128
224
225
447
226
313
227
228
228
442
107
229
213
230
213
231
232
389
102
233
189
234
199
235
236
292
237
254
182
238
139
239
240
479
190
241
242
484
141
243
244
277
245
291
102
246
180
247
133
248
124
249
221
250
42
251
11
252
241
253
52
254
236
255
256
479
257
496
258
446
259
424
48
260
155
261
203
262
217
263
114
264
265
490
2
266
152
267
268
317
138
269
224
270
271
496
25
272
273
385
274
445
87
275
276
419
277
306
80
278
53
279
32
280
281
292
143
282
283
493
284
287
285
474
274
286
287
340
288
292
269
289
214
290
291
328
292
510
256
293
81
294
42
295
172
296
297
376
298
430
299
487
104
300
150
301
302
452
27
303
304
438
208
305
38
306
243
307
246
308
309
418
127
310
135
311
312
491
291
313
284
314
286
315
316
338
317
380
4
318
136
319
57
320
321
361
322
466
84
323
324
428
40
325
154
326
194
327
328
439
33
329
108
330
331
393
263
332
250
333
172
334
162
335
336
490
198
337
144
338
104
339
291
340
241
341
8
342
209
343
344
437
345
427
65
346
168
347
348
412
240
349
34
350
43
351
346
352
353
495
112
354
247
355
326
356
197
357
358
464
142
359
360
483
288
361
169
362
144
363
84
364
365
439
366
426
353
367
368
451
244
369
22
370
371
488
6
372
152
373
78
374
81
375
288
376
377
491
238
378
379
408
376
380
381
433
361
382
383
490
384
424
127
385
51
386
331
387
388
415
389
501
60
390
28
391
167
392
129
393
128
394
395
462
99
396
200
397
109
398
135
399
217
400
401
407
58
402
38
403
211
404
105
405
239
406
51
407
243
408
119
409
222
410
76
411
318
412
127
413
295
414
295
415
402
416
395
417
338
418
193
419
59
420
56
421
11
422
345
423
121
424
223
425
129
426
197
427
12
428
96
429
430
443
4
431
127
432
204
433
434
454
435
454
50
436
290
437
190
438
360
439
245
440
94
441
186
442
4
443
329
444
175
445
446
489
345
447
189
448
291
449
18
450
103
451
210
452
149
453
336
454
33
455
456
502
396
457
380
458
459
496
33
460
172
461
48
462
287
463
372
464
212
465
205
466
90
467
206
468
437
469
275
470
123
471
49
472
181
473
343
474
356
475
400
476
332
477
283
478
232
479
217
480
146
481
250
482
483
484
146
484
325
485
142
486
283
487
461
488
349
489
325
490
276
491
481
492
329
493
94
494
368
495
185
496
330
497
284
498
367
499
145
500
132
501
254
502
321
503
439
504
291
505
397
506
437
507
276
508
296
509
302
510
402
511
0.07399982213973999
0.6794636845588684
0.5399692058563232
0.4935905635356903
0.9222607016563416
0.1811700463294983
0.9154390692710876
0.9618975520133972
0.915762186050415
0.9180144667625427
0.07129326462745667
0.2768516540527344
0.21528688073158264
0.8702359199523926
0.5215849876403809
0.6710411310195923
0.19442805647850037
0.13548381626605988
0.7935067415237427
0.7953239679336548
0.6808716058731079
0.278158575296402
0.30516964197158813
0.4280451834201813
0.6683046817779541
0.27614066004753113
0.6196751594543457
0.6627353429794312
0.8015203475952148
0.7829617261886597
0.2734411656856537
0.4001709520816803
0.34059447050094604
0.7991186380386353
0.9530347585678101
0.2715145945549011
0.8308898210525513
0.15674659609794617
0.6653621792793274
0.3346244692802429
0.8047427535057068
0.26452669501304626
0.9149275422096252
0.9774430394172668
0.5033266544342041
0.6128928661346436
0.13649077713489532
0.9798585176467896
0.4849025011062622
0.6470987200737
0.7324848175048828
0.41249334812164307
0.10301876813173294
0.3517356514930725
0.3387603461742401
0.4501855969429016
0.3750002980232239
0.7461035847663879
0.09664524346590042
0.9610722661018372
0.04882492125034332
0.7007367610931396
0.529951274394989
0.20443446934223175
0.36793243885040283
0.7768043875694275
0.8163054585456848
0.36399930715560913
0.5106180310249329
0.7901421785354614
0.45018479228019714
0.9977615475654602
0.362693727016449
0.09927060455083847
0.36797815561294556
0.6868026852607727
0.48950281739234924
0.5742056369781494
0.43399542570114136
0.4249229431152344
0.3721359372138977
0.3506167531013489
0.5861727595329285
0.4738624095916748
0.6822984218597412
0.20401306450366974
0.6332417130470276
0.3450720012187958
0.8323462605476379
0.24431578814983368
0.7644792199134827
0.7474398612976074
0.15875419974327087
0.20132535696029663
0.614506721496582
0.20792245864868164
0.94267338514328
0.8761676549911499
0.9034109711647034
0.09533705562353134
0.3443145751953125
0.5119044184684753
0.3081870377063751
0.1727818250656128
0.8580935001373291
0.9765921831130981
0.5219131112098694
0.850497305393219
0.4089723527431488
0.9420157670974731
0.39146724343299866
0.6472811102867126
0.05367010459303856
0.736171543598175
0.039762817323207855
0.6239455342292786
0.15187880396842957
0.326861709356308
0.379142701625824
0.47662875056266785
0.40715035796165466
0.5908108949661255
0.6929129958152771
0.6642115116119385
0.7805596590042114
0.4945903420448303
0.45167213678359985
0.771417498588562
0.3285765051841736
0.19080868363380432
0.19463010132312775
0.6835065484046936
0.19235658645629883
0.012802083976566792
0.9576740860939026
0.5653352737426758
0.7677708864212036
0.16929130256175995
0.4985368847846985
0.5753483176231384
0.7777305245399475
0.3580563962459564
0.2672325074672699
0.6025131940841675
0.9357634782791138
0.48162537813186646
0.8375536203384399
0.7041084170341492
0.13969074189662933
0.6957741379737854
0.18000704050064087
0.9981757402420044
0.4239799380302429
0.11078644543886185
0.6927984952926636
0.5542281866073608
0.3098456561565399
0.37813857197761536
0.25502434372901917
0.4396960735321045
0.239832803606987
0.6776633858680725
0.9775707721710205
0.09629657864570618
0.9266692996025085
0.34339722990989685
0.5698467493057251
0.8080073595046997
0.6419785618782043
0.6280671954154968
0.47265511751174927
0.618933379650116
0.1778317242860794
0.5884770750999451
0.38615792989730835
0.9831264615058899
0.773506760597229
0.0852179303765297
0.7858166098594666
0.9955132007598877
0.39177021384239197
0.8796329498291016
0.30966925621032715
0.6683515906333923
0.8512711524963379
0.7453672885894775
0.7535019516944885
0.5396174192428589
0.11482124775648117
0.7219551205635071
0.8953794240951538
0.3110848069190979
0.4775145947933197
0.708333432674408
0.7698465585708618
0.7356139421463013
0.294800341129303
0.5946377515792847
0.4843030273914337
0.032558877021074295
0.7865651845932007
0.005076070781797171
0.63876873254776
0.9520097374916077
0.29736244678497314
0.716528594493866
0.5339532494544983
0.9269223213195801
0.033807042986154556
0.17746828496456146
0.5416460633277893
0.8861333131790161
0.40385159850120544
0.21457943320274353
0.3617773652076721
0.22289741039276123
0.8327309489250183
0.8370627760887146
0.56424880027771
0.264144629240036
0.3747284710407257
0.41377541422843933
0.6756950616836548
0.7110114097595215
0.19539490342140198
0.6081987619400024
0.6798442006111145
0.43541377782821655
0.05940459668636322
0.2227143943309784
0.9067124128341675
0.4364805817604065
0.749383270740509
0.8709741234779358
0.9348819255828857
0.5010327696800232
0.7969427108764648
0.7675548195838928
0.41170305013656616
0.8059165477752686
0.9159558415412903
0.06838085502386093
0.9621914029121399
0.9678754806518555
0.09133895486593246
0.08171974122524261
0.7278163433074951
0.8371028304100037
0.800724983215332
0.21590282022953033
0.9816823601722717
0.3550218641757965
0.9601119756698608
0.6528480052947998
0.6341541409492493
0.6372807025909424
0.13896672427654266
0.41097500920295715
0.36674776673316956
0.21428224444389343
0.9471350312232971
0.47508716583251953
0.31457194685935974
0.7639338970184326
0.8304333686828613
0.9470815062522888
0.484285831451416
0.19404882192611694
0.07931475341320038
0.8187699317932129
0.8381476998329163
0.47676777839660645
0.24610328674316406
0.3788606822490692
0.7771638631820679
0.8613938093185425
0.7017770409584045
0.9938353300094604
0.8991003036499023
0.7066873908042908
0.512976348400116
0.2963278293609619
0.46817710995674133
0.4976155459880829
0.5359985828399658
0.9341403245925903
0.030210373923182487
0.9159250259399414
0.24088016152381897
0.795536994934082
0.9068772196769714
0.8716874718666077
0.6802375912666321
0.45067912340164185
0.031325966119766235
0.8268706798553467
0.4994318187236786
0.07988312095403671
0.30416297912597656
0.9835715889930725
0.9474471807479858
0.4192228615283966
0.7173250317573547
0.9804378151893616
0.916450560092926
0.11149810999631882
0.5041664838790894
0.5952968597412109
0.1715930551290512
0.21864798665046692
0.07551262527704239
0.7473529577255249
0.7785242199897766
0.48177921772003174
0.36340200901031494
0.4546275734901428
0.5275685787200928
0.9202442765235901
0.8180628418922424
0.46023029088974
0.59343421459198
0.7122548222541809
0.653668999671936
0.7892342805862427
0.4355807900428772
0.4616622030735016
0.3857523798942566
0.8492769598960876
0.2536710500717163
0.7067219614982605
0.4300677478313446
0.9232426881790161
0.5086017847061157
0.2353162169456482
0.7312949299812317
0.13530045747756958
0.10765139013528824
0.5128650665283203
0.3420524597167969
0.5246625542640686
0.0337943434715271
0.4177352786064148
0.7943189144134521
0.6656033992767334
0.7458124160766602
0.5275083780288696
0.11555249243974686
0.18993236124515533
0.5791604518890381
0.2813754975795746
0.6753670573234558
0.8364736437797546
0.17958933115005493
0.07724601030349731
0.6237643361091614
0.9445815682411194
0.2726067304611206
0.25007158517837524
0.26362887024879456
0.041432444006204605
0.1339283436536789
0.30446264147758484
0.08396013081073761
0.9881361722946167
0.3655284345149994
0.5185294151306152
0.9288446307182312
0.8009024262428284
0.32841378450393677
0.4463540315628052
0.06077490374445915
0.7794719934463501
0.5001448392868042
0.7422966957092285
0.377614289522171
0.09052048623561859
0.2827059030532837
0.5623502731323242
0.2790009677410126
0.4871610105037689
0.18811066448688507
0.7197459936141968
0.28172606229782104
0.1470881700515747
0.7811873555183411
0.17239299416542053
0.9818750023841858
0.015511471778154373
0.8127971291542053
0.37551864981651306
0.950880765914917
0.9132097363471985
0.8870577812194824
0.7360234260559082
0.4236097037792206
0.3765307664871216
0.32713761925697327
0.804608166217804
0.5660816431045532
0.42175057530403137
0.0603770837187767
0.14841604232788086
0.36533835530281067
0.6668068170547485
0.6531500816345215
0.7953674793243408
0.5243345499038696
0.798891007900238
0.9513286352157593
0.3121678829193115
0.7062836289405823
0.24808411300182343
0.5580903887748718
0.15915367007255554
0.4334636330604553
0.07586046308279037
0.7091200351715088
0.5191558599472046
0.5522827506065369
0.8740378022193909
0.4419274628162384
0.21598969399929047
0.208358496427536
0.14524270594120026
0.49601393938064575
0.9901126027107239
0.23653438687324524
0.9694695472717285
0.12443273514509201
0.9026841521263123
0.6421482563018799
0.44437384605407715
0.5648321509361267
0.05795246362686157
0.24736978113651276
0.02293367311358452
0.9957734942436218
0.8507211804389954
0.12734727561473846
0.7064746618270874
0.675887405872345
0.7410134673118591
0.29150113463401794
0.030677320435643196
0.5268734693527222
0.9921807050704956
0.012608096934854984
0.9950833320617676
0.7587692737579346
0.3940459191799164
0.48108115792274475
0.69310063123703
0.03997030481696129
0.10553435981273651
0.06641697883605957
0.24401095509529114
0.6096623539924622
0.6794947981834412
0.9180795550346375
0.7583258152008057
0.5834528803825378
0.21308088302612305
0.5812986493110657
0.8380741477012634
0.11100541800260544
0.13504557311534882
0.9535226225852966
0.9612135887145996
0.8902644515037537
0.555727481842041
0.5486475825309753
0.9925211071968079
0.14385516941547394
0.8209823966026306
0.9022071957588196
0.32727450132369995
0.12071645259857178
0.9945064783096313
0.023278512060642242
0.1196059063076973
0.19678883254528046
0.8597614765167236
0.39944830536842346
0.3500223755836487
0.9860504865646362
0.4710019826889038
0.8912298679351807
0.612750768661499
0.21270351111888885
0.3450704514980316
0.10878465324640274
0.7404372096061707
0.3599455952644348
0.02474702149629593
0.9967920184135437
0.05990893393754959
0.43020299077033997
0.6232966184616089
0.2010842263698578
0.5393732190132141
0.5296040177345276
0.32220107316970825
0.18733885884284973
0.5113748908042908
0.379653662443161
0.7328245043754578
0.22485403716564178
0.7100535035133362
0.030582081526517868
0.5838484764099121
0.4473671615123749
0.9028196334838867
0.06014087796211243
0.1885722577571869
0.2323945313692093
0.6861112117767334
0.9588167667388916
0.7344962358474731
0.6099996566772461
0.49822404980659485
0.8107231259346008
0.9671963453292847
0.8522248268127441
0.6582961678504944
0.1221303790807724
0.32337823510169983
0.8040833473205566
0.8594114780426025
0.3525428771972656
0.8861162066459656
0.3095643222332001
0.08160185068845749
0.8187723159790039
0.5828693509101868
0.25125956535339355
0.4761085510253906
0.4995933771133423
0.24384376406669617
0.14824113249778748
0.6891466379165649
0.7892009019851685
0.7972201704978943
0.31334051489830017
0.8627830147743225
0.9429334998130798
0.7280533313751221
0.2583504617214203
0.867961049079895
0.012098531238734722
0.8315034508705139
0.7504442930221558
0.32908061146736145
0.6120034456253052
0.8558918833732605
0.6204177141189575
0.7125235795974731
0.9105781316757202
0.932607889175415
0.8927106261253357
0.6958190202713013
0.3222009539604187
0.7903258800506592
0.2609269618988037
0.6650301218032837
0.4859423041343689
0.2209010124206543
0.9747973680496216
0.8724761605262756
0.8846821188926697
0.03157397359609604
0.43146657943725586
0.29743683338165283
0.5168061256408691
0.15374505519866943
0.36857277154922485
0.10437292605638504
0.8398911952972412
0.20716336369514465
0.8524317741394043
0.8056897521018982
0.7818210124969482
0.4286307990550995
0.06116021052002907
0.13099822402000427
0.767737090587616
0.8558743596076965
0.11985334008932114
0.03101160190999508
0.6894779205322266
0.06142907217144966
0.5046470165252686
0.5527205467224121
0.283046692609787
0.14368689060211182
0.9091355800628662
0.47139471769332886
0.5529749393463135
0.9990302324295044
0.3720209002494812
0.48292243480682373
0.9466371536254883
0.2587917149066925
0.7407636046409607
0.19857071340084076
0.2976360321044922
0.1792689561843872
0.6128286123275757
0.6379033327102661
0.5909801125526428
0.09554819762706757
0.6924084424972534
0.6409863233566284
0.8841100335121155
0.22859875857830048
0.4735041558742523
0.4085979759693146
0.14878199994564056
0.7431730031967163
0.06521088629961014
0.9721723794937134
0.13759291172027588
0.5818406939506531
0.026313312351703644
0.28941524028778076
0.5502573251724243
0.29708781838417053
0.9256231784820557
0.31373926997184753
0.3860197961330414
0.4383838176727295
0.5742338299751282
0.07866472005844116
0.6165751218795776
0.5510784983634949
0.21261976659297943
0.28953635692596436
0.29437845945358276
0.7241846323013306
0.6525991559028625
0.7912420630455017
0.16296611726284027
0.24329057335853577
0.6015297770500183
0.4956756830215454
0.375534325838089
0.17886264622211456
0.1356319636106491
0.04892529547214508
0.3581620752811432
0.137321338057518
0.897853434085846
0.28457707166671753
0.14797817170619965
0.8705925345420837
0.6470348834991455
0.6530666351318359
0.1148717999458313
0.9337180256843567
0.0995928943157196
0.5112219452857971
0.07954132556915283
0.8159462809562683
0.0013411297695711255
0.09084563702344894
0.8069060444831848
0.9748632311820984
0.2347944974899292
0.6487172245979309
0.17190387845039368
0.5394047498703003
0.40098369121551514
0.5205320119857788
0.5888299942016602
0.18251939117908478
0.4726236164569855
0.80116868019104
0.2467639297246933
0.1603483110666275
0.31684279441833496
0.28227636218070984
0.84433513879776
0.6675089597702026
0.4000355005264282
0.8919767737388611
0.11872368305921555
0.28702595829963684
0.20828752219676971
0.4427275061607361
0.2827009856700897
0.8784431219100952
0.18290266394615173
0.1052103266119957
0.4499742388725281
0.7206900715827942
0.41493624448776245
0.7174698114395142
0.21471861004829407
0.6075305342674255
0.7630709409713745
0.02217894047498703
0.47386592626571655
0.6047850251197815
0.4295181632041931
0.39157533645629883
0.7827354669570923
0.18138667941093445
0.2737272381782532
0.32561591267585754
0.2775406539440155
0.10089549422264099
0.4404038190841675
0.13498415052890778
0.9417128562927246
0.5456879138946533
0.9924084544181824
0.4785292148590088
0.6442012786865234
0.8362458944320679
0.5279155969619751
0.24147233366966248
0.8307914137840271
0.7513519525527954
0.6503320932388306
0.5998241305351257
0.21208730340003967
0.45304396748542786
0.8871265053749084
0.5937104225158691
0.8575009107589722
0.8320266008377075
0.522555947303772
0.42651423811912537
0.8430790305137634
0.30274513363838196
0.6174746751785278
0.46863487362861633
0.2888926565647125
0.30289703607559204
0.2292250692844391
0.014021508395671844
0.2663895785808563
0.40580514073371887
0.968717634677887
0.60866379737854
0.10411521047353745
0.6686439514160156
0.4998244047164917
0.7614460587501526
0.6549189686775208
0.5219141840934753
0.6142601370811462
0.5876020789146423
0.12034016847610474
0.523894190788269
0.44871315360069275
0.0777331292629242
0.8532557487487793
0.7693272829055786
0.638029158115387
0.6361383199691772
0.09872757643461227
0.40025389194488525
0.9008403420448303
0.22800375521183014
0.8154287338256836
0.5401323437690735
0.3470280170440674
0.7422283887863159
0.06365911662578583
0.4957529902458191
0.9009858965873718
0.9780136942863464
0.8481470942497253
0.012775196693837643
0.35663166642189026
0.7359134554862976
0.48015642166137695
0.8860334157943726
0.8443470001220703
0.6987302303314209
0.49013176560401917
0.6250414252281189
0.5708205103874207
0.13757391273975372
0.4186876714229584
0.04455118998885155
0.440646231174469
0.09622021019458771
0.6801748275756836
0.4772844612598419
0.6624375581741333
0.5493077039718628
0.5231127142906189
0.02385866641998291
0.5454823970794678
0.6860629916191101
0.19810721278190613
0.4774864912033081
0.8592596054077148
0.5214807391166687
0.36858662962913513
0.12167090177536011
0.6801969408988953
0.26664355397224426
0.6405913829803467
0.3717111051082611
0.5497567057609558
0.6956213712692261
0.9340491890907288
0.09453839063644409
0.6570720076560974
0.288076788187027
0.21138650178909302
0.166174054145813
0.04625914245843887
0.5343033671379089
0.8136889934539795
0.39940524101257324
0.4627174735069275
0.9048513770103455
0.760028600692749
0.9352972507476807
0.4193982481956482
0.4549407958984375
0.4687114357948303
0.7148383855819702
0.902420699596405
0.18999828398227692
0.45931822061538696
0.9554678201675415
0.3440958559513092
0.015621413476765156
0.07012216746807098
0.13105197250843048
0.4414865970611572
0.021779969334602356
0.8783056139945984
0.08328104019165039
0.8258702158927917
0.11108789592981339
0.3921871483325958
0.1448073834180832
0.703801691532135
0.0827980786561966
0.2008548527956009
0.35065558552742004
0.8229925036430359
0.07430616021156311
0.38550591468811035
0.3779420554637909
0.6112026572227478
0.39685186743736267
0.18469464778900146
0.9549786448478699
0.1548827737569809
0.15647520124912262
0.6970852613449097
0.945837140083313
0.6790233850479126
0.574985921382904
0.16803711652755737
0.6376588940620422
0.2544710338115692
0.10876987874507904
0.6087579727172852
0.8737381100654602
0.3522930145263672
0.3147684633731842
0.9594746828079224
0.2177586555480957
0.2202909141778946
0.3842164874076843
0.8348855972290039
0.9755550026893616
0.03381956368684769
0.36398881673812866
0.14396345615386963
0.7471237778663635
0.30104655027389526
0.05408493056893349
0.4581138789653778
0.2982412278652191
0.35723984241485596
0.5276936292648315
0.6970325708389282
0.3892391324043274
0.1364602893590927
0.9332526922225952
0.5261467695236206
0.35266193747520447
0.4837917387485504
0.3188568949699402
0.19653865694999695
0.14333568513393402
0.6415010690689087
0.8795893788337708
0.22237063944339752
0.3037383556365967
0.1378944218158722
0.17219141125679016
0.4159335792064667
0.9815626740455627
0.759260892868042
0.7425140738487244
0.19253689050674438
0.5968748927116394
0.10000946372747421
0.5059256553649902
0.059614140540361404
0.762458860874176
0.3208477795124054
0.8055598735809326
0.5411306023597717
0.34768176078796387
0.5521201491355896
0.45825284719467163
0.45792362093925476
0.1652088761329651
0.7989030480384827
0.39149463176727295
0.4734344482421875
0.16498568654060364
0.36186984181404114
0.7450652122497559
0.9413007497787476
0.712343156337738
0.018541758880019188
0.7445831894874573
0.7200034856796265
0.3188210725784302
0.38708898425102234
0.22753329575061798
0.02395784482359886
0.2976490557193756
0.2042580544948578
0.5233489871025085
0.34460335969924927
0.319682776927948
0.7971089482307434
0.21553614735603333
0.3207284212112427
0.9127885699272156
0.05252429097890854
0.9507757425308228
0.41984349489212036
0.13312414288520813
0.7511590123176575
0.30346712470054626
0.23059526085853577
0.794420063495636
0.7848031520843506
0.10811588168144226
0.54555344581604
0.8327486515045166
0.08808504790067673
0.7844643592834473
0.19127482175827026
0.04097620025277138
0.8948698043823242
0.6542593240737915
0.8467806577682495
0.4224011301994324
0.42834150791168213
0.24885529279708862
0.9736940264701843
0.1276075392961502
0.94547438621521
0.586008608341217
0.8693299889564514
0.7503827810287476
0.3618963658809662
0.0783727616071701
0.2286836802959442
0.20959040522575378
0.1188327819108963
0.41659632325172424
0.5951498746871948
0.6556298732757568
0.9994353652000427
0.6294163465499878
0.7489151358604431
0.5256532430648804
0.3761906027793884
0.864560604095459
0.45053523778915405
0.4247470498085022
0.765283465385437
0.8698680400848389
0.10978075116872787
0.5663216710090637
0.8820704221725464
0.49669209122657776
0.10608100891113281
0.8420410752296448
0.045589860528707504
0.8391730785369873
0.17080377042293549
0.02721964754164219
0.09229936450719833
0.93453449010849
0.5737012624740601
0.8026747703552246
0.7313937544822693
0.2213025540113449
0.8995392918586731
0.14898544549942017
0.984573245048523
0.8300766348838806
0.32459646463394165
0.6298183798789978
0.11918574571609497
0.5528685450553894
0.973368227481842
0.34850481152534485
0.42347705364227295
0.4989015460014343
0.7094004154205322
0.9171264171600342
0.6442059874534607
0.0014523109421133995
0.624962329864502
0.11997018754482269
0.9040850400924683
0.6435320377349854
0.8570821285247803
0.6106645464897156
0.06926032155752182
0.3108077347278595
0.9119399189949036
0.7969918251037598
0.49548885226249695
0.3442646563053131
0.43837228417396545
0.5067523121833801
0.5729814767837524
0.7838824391365051
0.7004074454307556
0.01832488924264908
0.37949806451797485
0.844415009021759
0.8867133855819702
0.3690515160560608
0.4084932208061218
0.429297536611557
0.38730818033218384
0.4736972451210022
0.832216739654541
0.6476538181304932
0.7842231392860413
0.17163050174713135
0.8362067341804504
0.12424156814813614
0.9845373034477234
0.13223481178283691
0.8745994567871094
0.3490017354488373
0.053589221090078354
0.07010800391435623
0.5763676166534424
0.5668586492538452
0.9031755328178406
0.6898159384727478
0.38098645210266113
0.6366674900054932
0.9463506937026978
0.0901782214641571
0.8696766495704651
0.6608656048774719
0.1789058893918991
0.6330578327178955
0.8557360768318176
0.05272980034351349
0.37727153301239014
0.02156165987253189
0.7961956262588501
0.8807164430618286
0.7707906365394592
0.10289444774389267
0.4025220572948456
0.6178346276283264
0.007886962033808231
0.04803178086876869
0.8630765676498413
0.5090328454971313
0.3631038963794708
0.0073560369201004505
0.1139083057641983
0.6430966854095459
0.33861297369003296
0.3598898649215698
0.1336551457643509
0.1435568630695343
0.2198779433965683
0.3070085048675537
0.3308395445346832
0.04484126716852188
0.07347866892814636
0.6255982518196106
0.29229870438575745
0.2881946861743927
0.3593834936618805
0.7163299322128296
0.8465468287467957
0.18207000195980072
0.5172802209854126
0.31814834475517273
0.22595015168190002
0.474089652299881
0.21273688971996307
0.8134739995002747
0.2524581253528595
0.5784763693809509
0.1024257019162178
0.9553955793380737
0.490680068731308
0.8635006546974182
0.8145163655281067
0.5755366683006287
0.8269758224487305
0.518537163734436
0.9400444626808167
0.4810304343700409
0.3816429078578949
0.446931391954422
0.4351353645324707
0.04074166715145111
0.27229413390159607
0.40055257081985474
0.9356895089149475
0.8653990030288696
0.8590682744979858
0.31394162774086
0.5253332853317261
0.7758861780166626
0.1349945068359375
0.23019959032535553
0.940755307674408
0.05211455747485161
0.8592879176139832
0.33798906207084656
0.6972019672393799
0.10867485404014587
0.35081174969673157
0.28733235597610474
0.7511501312255859
0.938048779964447
0.9024602174758911
0.5594033002853394
0.5507293939590454
0.31444913148880005
0.0027917022816836834
0.8834850788116455
0.29797568917274475
0.4450766444206238
0.5611702799797058
0.20900200307369232
0.2375865876674652
0.19058218598365784
0.24162423610687256
0.7815538644790649
0.2776682674884796
0.4001089632511139
0.6159178018569946
0.37403422594070435
0.8978883028030396
0.1350008249282837
0.37595322728157043
0.9045692682266235
0.2559160590171814
0.11435841023921967
0.28226861357688904
0.12378932535648346
0.7448054552078247
0.5600267052650452
0.5935701131820679
0.5702065229415894
0.5188203454017639
0.27701279520988464
0.8878201842308044
0.6313439607620239
0.4610068202018738
0.6330304741859436
0.5150772929191589
0.8337849378585815
0.4478214383125305
0.6488023996353149
0.4174541234970093
0.555262565612793
0.6299964785575867
0.29877597093582153
0.4292164444923401
0.1485700011253357
0.4493050277233124
0.8301061391830444
0.9550372362136841
0.38467836380004883
0.3494049608707428
0.39461347460746765
0.05044258385896683
0.7763983607292175
0.7334384918212891
0.6469109654426575
0.37152543663978577
0.17307914793491364
0.10016917437314987
0.3828091025352478
0.9181774258613586
0.11154686659574509
0.719563901424408
0.22567695379257202
0.9094447493553162
0.07096324861049652
0.2732231318950653
0.1383531391620636
0.9063579440116882
0.9036567211151123
0.6440680623054504
0.7113114595413208
0.7579169273376465
0.3612583577632904
0.1645132154226303
0.25216132402420044
0.22735463082790375
0.03714914619922638
0.09112586081027985
0.5015222430229187
0.36665084958076477
0.8326191306114197
0.05876932293176651
0.4413042366504669
0.4294812083244324
0.6169728636741638
0.16834968328475952
0.5378579497337341
0.04459058493375778
0.8149649500846863
0.4637327790260315
0.9178162217140198
0.4681709408760071
0.7795947790145874
0.7095281481742859
0.9812927842140198
0.8434650301933289
0.7139707803726196
0.22256867587566376
0.5701738595962524
0.009722596034407616
0.7865752577781677
0.7406553030014038
0.6791470646858215
0.1414353996515274
0.2889079451560974
0.43414729833602905
0.40273305773735046
0.44554078578948975
0.26280730962753296
0.3410215377807617
0.22863179445266724
0.6384218335151672
0.7339628338813782
0.8689472079277039
0.35634079575538635
0.20246192812919617
0.38050377368927
0.4327026307582855
0.1881045550107956
0.5192888975143433
0.32885506749153137
0.7823454737663269
0.10855156928300858
0.7565941214561462
0.6470135450363159
0.18831808865070343
0.06749127060174942
0.03973144665360451
0.7145160436630249
0.10275425016880035
0.11787634342908859
0.6413671970367432
0.7271971702575684
0.18493835628032684
0.6831218004226685
0.5011851191520691
0.5634124875068665
0.7617685198783875
0.8834770917892456
0.7857618927955627
0.04288249462842941
0.29280394315719604
0.40183284878730774
0.3889533281326294
0.48503321409225464
0.06814911961555481
0.0909930020570755
0.8541479110717773
0.8601358532905579
0.6594761610031128
0.3510916829109192
0.403694212436676
0.7950698137283325
0.7570957541465759
0.3258834183216095
0.5068787336349487
0.5490686297416687
0.8895676732063293
0.5643078088760376
0.510735809803009
0.19348345696926117
0.43657544255256653
0.593712568283081
0.9701384902000427
0.1426471769809723
0.25960448384284973
0.8459258079528809
0.7011121511459351
0.1706831306219101
0.45147109031677246
0.1864617019891739
0.06855761259794235
0.9128664135932922
0.6916230320930481
0.4466998279094696
0.34482190012931824
0.661605715751648
0.06414003670215607
0.3281460404396057
0.7225896716117859
0.5795825719833374
0.7064055800437927
0.9056240916252136
0.05112563446164131
0.2037762552499771
0.02455882355570793
0.8482089042663574
0.3392583727836609
0.9753733277320862
0.08999188989400864
0.7523825764656067
0.16277030110359192
0.035573966801166534
0.12038584053516388
0.8049558997154236
0.4054766297340393
0.5193424224853516
0.9691208600997925
0.1223997175693512
0.5729396939277649
0.15606601536273956
0.42276403307914734
0.3608132600784302
0.8691085577011108
0.18972262740135193
0.679973840713501
0.6911295056343079
0.011977646499872208
0.5186112523078918
0.8895578980445862
0.8355907797813416
0.8784717321395874
0.30560165643692017
0.5862579941749573
0.5835466384887695
0.5455081462860107
0.536963939666748
0.49690911173820496
0.45562270283699036
0.6017606854438782
0.5554051995277405
0.9642634391784668
0.3841959834098816
0.26438477635383606
0.8946337103843689
0.38479411602020264
0.9937928318977356
0.540368378162384
0.47569698095321655
0.5252134203910828
0.6454475522041321
0.038819439709186554
0.07263757288455963
0.13345159590244293
0.5480545163154602
0.7452884316444397
0.5964924097061157
0.8101601004600525
0.264791876077652
0.0623915009200573
0.7983593344688416
0.4860934913158417
0.7345994710922241
0.031690359115600586
0.9344121217727661
0.21502573788166046
0.3983703851699829
0.5344836115837097
0.6553325653076172
0.15463022887706757
0.23061488568782806
0.027210086584091187
0.5583043694496155
0.33769118785858154
0.7783558964729309
0.13897854089736938
0.25190240144729614
0.33465471863746643
0.752393901348114
0.7776603102684021
0.9735040068626404
0.5691121816635132
0.20447397232055664
0.9343327283859253
0.7871320843696594
0.2817499339580536
0.7586342096328735
0.6694919466972351
0.6043797731399536
0.589428722858429
0.19191646575927734
0.1789192408323288
0.8265963196754456
0.8486140966415405
0.17679953575134277
0.6021847128868103
0.8388094305992126
0.3511667847633362
0.19750964641571045
0.15729863941669464
0.8922088146209717
0.05021516978740692
0.359984815120697
0.9752850532531738
0.11896979063749313
0.3791830837726593
0.602240800857544
0.7323909401893616
0.9178007245063782
0.537243664264679
0.5722759366035461
0.9833506345748901
0.8311052322387695
0.0730259045958519
0.022585034370422363
0.3093736171722412
0.14286930859088898
0.8533031940460205
0.7412757277488708
0.9038693904876709
0.9821431040763855
0.009495925158262253
0.22954772412776947
0.2333865463733673
0.08184625953435898
0.9011715650558472
0.56071937084198
0.0843237116932869
0.35035258531570435
0.4611039459705353
0.7586101293563843
0.08688453584909439
0.9224908351898193
0.4058588147163391
0.4406880736351013
0.13427336513996124
0.4643765091896057
0.47718504071235657
0.8281930088996887
0.21403391659259796
0.5356652736663818
0.2156793624162674
0.5986286997795105
0.5638757944107056
0.05338706076145172
0.43291518092155457
0.24309740960597992
0.8127525448799133
0.4034672677516937
0.9904771447181702
0.3815494477748871
0.42397987842559814
0.20321059226989746
0.16895663738250732
0.9038768410682678
0.632923424243927
0.9262253642082214
0.38940757513046265
0.9648323655128479
0.5583810210227966
0.3701986074447632
0.8576778173446655
0.7060885429382324
0.2723771631717682
0.41105127334594727
0.4742110073566437
0.09872201085090637
0.5215358138084412
0.8542383909225464
0.49854525923728943
0.09565828740596771
0.3275429308414459
0.08843827992677689
0.2341289222240448
0.32913511991500854
0.3268960416316986
0.1426989883184433
0.4629265367984772
0.5859827995300293
0.5896622538566589
0.9717039465904236
0.9082868099212646
0.04471321403980255
0.6249005198478699
0.18618474900722504
0.44198423624038696
0.7517538070678711
0.3823884129524231
0.5665322542190552
0.7249960899353027
0.897193968296051
0.3590468168258667
0.22541241347789764
0.7126204967498779
0.10787256807088852
0.6211676001548767
0.6916345357894897
0.07897643744945526
0.5643630027770996
0.922954797744751
0.7725454568862915
0.1286730319261551
0.19451729953289032
0.7522874474525452
0.10027215629816055
0.9761253595352173
0.192186176776886
0.8592842817306519
0.9162845611572266
0.8250172734260559
0.8718944787979126
0.6187267303466797
0.3376961946487427
0.8087185025215149
0.7502893209457397
0.3044383227825165
0.02977965958416462
0.9453235864639282
0.25196969509124756
0.5364620089530945
0.7666133046150208
0.47593095898628235
0.06154713034629822
0.1316240131855011
0.7134608626365662
0.7475202679634094
0.7044041156768799
0.9438688158988953
0.008729495108127594
0.9481052160263062
0.328622430562973
0.7930126190185547
0.10075806826353073
0.6969550251960754
0.2818461060523987
0.9338495135307312
0.4179361164569855
0.5872964859008789
0.045116495341062546
0.244083434343338
0.22133955359458923
0.8524997234344482
0.07249774783849716
0.24575597047805786
0.21116459369659424
0.9617707133293152
0.01500470470637083
0.8270976543426514
0.8197486400604248
0.35698387026786804
0.6610925793647766
0.07309342920780182
0.3882562816143036
0.9875969290733337
0.23215019702911377
0.16307485103607178
0.49630579352378845
0.8926938772201538
0.24664166569709778
0.6958041191101074
0.2784172594547272
0.6911252737045288
0.17701007425785065
0.48919323086738586
0.6090847849845886
0.912065327167511
0.9655534029006958
0.8916355967521667
0.3164725601673126
0.9428265690803528
0.9715027809143066
0.43620800971984863
0.24307607114315033
0.772968053817749
0.84910649061203
0.9064110517501831
0.3158853352069855
0.3534720540046692
0.8083664774894714
0.28546199202537537
0.24923013150691986
0.02941243350505829
0.4812024235725403
0.22368429601192474
0.7423572540283203
0.728736162185669
0.5655739307403564
0.1075146496295929
0.8557345867156982
0.7050930857658386
0.10166725516319275
0.49100160598754883
0.16050665080547333
0.1477125883102417
0.4362662434577942
0.4517682194709778
0.8140918612480164
0.418494313955307
0.07763423025608063
0.2292087823152542
0.6304012537002563
0.729210615158081
0.5734989047050476
0.0957825556397438
0.8777880668640137
0.32076993584632874
0.7280147671699524
0.19945725798606873
0.9474139213562012
0.07468247413635254
0.4129241108894348
0.5074195861816406
0.5536858439445496
0.0944552943110466
0.8683028221130371
0.5189236998558044
0.7108209729194641
0.24520446360111237
0.23157396912574768
0.7603151798248291
0.6824260354042053
0.9966802597045898
0.32900577783584595
0.1484319567680359
0.9871118664741516
0.9226567149162292
0.8119922876358032
0.9847643375396729
0.588838517665863
0.27815237641334534
0.40189820528030396
0.29739072918891907
0.3380346894264221
0.8495540618896484
0.4805402159690857
0.21815694868564606
0.05804773420095444
0.006106899119913578
0.5718826055526733
0.07124926149845123
0.9317101836204529
0.14073587954044342
0.3810129165649414
0.18478278815746307
0.7117398977279663
0.9549651741981506
0.8170161843299866
0.8355515003204346
0.2171882539987564
0.7156491279602051
0.10785003006458282
0.05482349544763565
0.6144771575927734
0.42137616872787476
0.1416366994380951
0.5785967707633972
0.4282587170600891
0.392741322517395
0.7144608497619629
0.6964238286018372
0.18638546764850616
0.7784834504127502
0.4692062437534332
0.4515129029750824
0.49351203441619873
0.5067205429077148
0.01368698664009571
0.5705299377441406
0.5148501396179199
0.9738132953643799
0.6807846426963806
0.2926817536354065
0.0438215434551239
0.6053075790405273
0.5256137251853943
0.4479070007801056
0.5820972323417664
0.3007661700248718
0.9854305982589722
0.25123485922813416
0.26977217197418213
0.832146167755127
0.5231713652610779
0.6596745252609253
0.6977658271789551
0.4137599766254425
0.5232142210006714
0.881327211856842
0.3077649176120758
0.026690565049648285
0.8681389689445496
0.6862583756446838
0.1282598376274109
0.022634271532297134
0.019700249657034874
0.7585272192955017
0.6701725125312805
0.9694312810897827
0.7148958444595337
0.3178023099899292
0.18565912544727325
0.010739980265498161
0.96607506275177
0.8354327082633972
0.5112681984901428
0.17676067352294922
0.5951833128929138
0.551775336265564
0.8464016914367676
0.38943248987197876
0.8246836066246033
0.6207233667373657
0.5463524460792542
0.15568485856056213
0.7576672434806824
0.8139009475708008
0.5860445499420166
0.5138429403305054
0.9056481122970581
0.029714951291680336
0.9782822132110596
0.9821255207061768
0.5184953808784485
0.8806172609329224
0.6869985461235046
0.4649748206138611
0.4267388582229614
0.5958639979362488
0.8952653408050537
0.052234821021556854
0.9705524444580078
0.33741897344589233
0.019548939540982246
0.9053843021392822
0.8094741106033325
0.28298214077949524
0.6735100746154785
0.5339347124099731
0.03516048192977905
0.5227824449539185
0.5565937161445618
0.20904573798179626
0.6739751100540161
0.8091842532157898
0.8145449161529541
0.18404024839401245
0.7727651596069336
0.5412414073944092
0.6754236221313477
0.25865843892097473
0.35493823885917664
0.6889871954917908
0.9991713762283325
0.8987981081008911
0.35989105701446533
0.835486650466919
0.03456351161003113
0.36768317222595215
0.4950142204761505
0.6529911756515503
0.907179594039917
0.6114957332611084
0.13951461017131805
0.3987973928451538
0.48072969913482666
0.7525290846824646
0.7969669103622437
0.045826636254787445
0.9957069754600525
0.7268257737159729
0.42266109585762024
0.8244165182113647
0.626091480255127
0.7251696586608887
0.3558991551399231
0.5599552392959595
0.7060390114784241
0.4179922640323639
0.16048799455165863
0.5414379835128784
0.8781200051307678
0.11520984023809433
0.3833220899105072
0.04650821536779404
0.9073904156684875
0.6614788770675659
0.4520622193813324
0.7500178217887878
0.5826202034950256
0.8937757611274719
0.4144427180290222
0.7747756242752075
0.0005244323401711881
0.5843583345413208
0.09904619306325912
0.9504977464675903
0.877671480178833
0.8801567554473877
0.09796296805143356
0.6859045028686523
0.32125768065452576
0.5416082739830017
0.17747901380062103
0.28454914689064026
0.3528108298778534
0.849826991558075
0.44824331998825073
0.6181233525276184
0.5940802693367004
0.3297486901283264
0.6987961530685425
0.7310495376586914
0.024537352845072746
0.3422098159790039
0.13894696533679962
0.638555109500885
0.4782285988330841
0.5891594290733337
0.9357184767723083
0.4786149263381958
0.49476495385169983
0.5461726188659668
0.7738776803016663
0.9895815253257751
0.05337068438529968
0.3650090992450714
0.7428707480430603
0.2796902656555176
0.2546451985836029
0.5873891711235046
0.20603609085083008
0.20822034776210785
0.7184031009674072
0.0032156631350517273
0.18138724565505981
0.15607850253582
0.6013996601104736
0.04212438687682152
0.7075396776199341
0.4093075394630432
0.9505098462104797
0.6109421849250793
0.5623452067375183
0.5351890921592712
0.7587200999259949
0.14057838916778564
0.05641455575823784
0.22597098350524902
0.2626780867576599
0.18939664959907532
0.10577317327260971
0.5564106702804565
0.34576165676116943
0.3209940195083618
0.4949156641960144
0.4646623432636261
0.5633423328399658
0.11162517219781876
0.11229239404201508
0.8792712092399597
0.5971423387527466
0.3722897469997406
0.6888270378112793
0.13712866604328156
0.26046374440193176
0.1057276502251625
0.5748345255851746
0.586830735206604
0.17148998379707336
0.7529491186141968
0.5933333039283752
0.15744289755821228
0.25738298892974854
0.49903470277786255
0.6159281730651855
0.3532504141330719
0.27210041880607605
0.8661770224571228
0.25428497791290283
0.019875872880220413
0.18286515772342682
0.056635286659002304
0.5493859648704529
0.527970016002655
0.1473545879125595
0.9400553703308105
0.835658609867096
0.7947952747344971
0.09936337918043137
0.1535462737083435
0.4822688102722168
0.2051822692155838
0.36906954646110535
0.8568005561828613
0.886186420917511
0.373111754655838
0.02713576704263687
0.9786999821662903
0.8554332852363586
0.7777730822563171
0.764504075050354
0.6264253854751587
0.1708601415157318
0.5566431879997253
0.14409878849983215
0.9024081230163574
0.021182086318731308
0.6789762377738953
0.27240148186683655
0.982635498046875
0.5475490689277649
0.2624683380126953
0.472540944814682
0.08291511982679367
0.9764487147331238
0.39058971405029297
0.3130940794944763
0.8752689361572266
0.7381840944290161
0.3096025288105011
0.5939468145370483
0.8503711819648743
0.7648526430130005
0.26106786727905273
0.14728300273418427
0.6210236549377441
0.4394174814224243
0.12709525227546692
0.0006546177319251001
0.5127768516540527
0.40285301208496094
0.19942288100719452
0.12461032718420029
0.4376055598258972
0.2911652624607086
0.17037607729434967
0.8072707056999207
0.4540739357471466
0.7063628435134888
0.809298574924469
0.4547010660171509
0.7398598790168762
0.23051929473876953
0.7124575972557068
0.5322633981704712
0.19532379508018494
0.5216869115829468
0.9771826863288879
0.29334038496017456
0.4599667191505432
0.7417437434196472
0.05548957362771034
0.331790566444397
0.26790592074394226
0.3736107349395752
0.5362381339073181
0.4570229947566986
0.0573410801589489
0.25072181224823
0.9857892394065857
0.717989981174469
0.12435935437679291
0.7812418937683105
0.22878210246562958
0.9542560577392578
0.35529252886772156
0.8195582032203674
0.4967634975910187
0.6278972029685974
0.11625346541404724
0.7907372713088989
0.3156397044658661
0.46129366755485535
0.030024578794836998
0.0204196497797966
0.7279942035675049
0.8806549906730652
0.8618876338005066
0.1697656363248825
0.3267658054828644
0.2691935896873474
0.7055435180664062
0.6797563433647156
0.2610609829425812
0.8765555024147034
0.7658282518386841
0.698965847492218
0.24150314927101135
0.6050131916999817
0.6036251783370972
0.5709714293479919
0.320097953081131
0.5620318651199341
0.02964055724442005
0.9953827261924744
0.47011223435401917
0.8044886589050293
0.13702179491519928
0.6926547288894653
0.7270981073379517
0.9601824283599854
0.8828808665275574
0.29260072112083435
0.7929236888885498
0.4583246409893036
0.7956505417823792
0.10314209014177322
0.3430129289627075
0.4639253616333008
0.29329192638397217
0.9119182825088501
0.8241825699806213
0.3524329364299774
0.17304296791553497
0.3137206435203552
0.2149992436170578
0.2069767564535141
0.6211956739425659
0.30955982208251953
0.8884859681129456
0.7082604765892029
