512 1
0
316
1
94
2
241
3
349
4
494
5
397
6
116
7
286
8
451
9
115
10
308
11
498
12
187
13
204
14
190
15
115
16
167
14
17
18
375
19
305
20
104
21
412
22
340
23
194
24
448
25
486
26
490
27
196
28
170
29
202
30
461
31
182
32
372
33
410
34
510
35
434
36
495
37
275
38
339
39
171
40
404
41
105
22
42
9
43
44
196
45
145
46
56
47
92
48
452
49
456
50
306
51
386
52
335
53
425
54
180
55
240
21
56
57
247
58
298
59
298
60
420
61
490
62
376
63
90
64
190
65
429
66
313
67
503
68
95
69
191
70
271
27
71
72
135
73
413
74
424
75
179
76
277
77
344
17
78
49
79
80
254
81
285
82
362
83
402
84
362
85
107
86
494
87
260
88
498
89
501
90
315
91
157
92
265
84
93
94
470
95
439
96
333
97
106
98
127
99
225
100
239
3
101
102
498
38
103
104
329
11
105
106
217
107
411
108
162
109
482
110
160
111
464
112
421
113
175
114
200
115
121
116
376
117
507
118
395
119
247
120
444
121
221
122
141
123
132
53
124
125
403
126
304
116
127
128
256
129
371
130
231
131
209
132
501
124
133
134
416
135
209
136
241
137
427
66
138
139
156
140
398
141
317
142
205
143
197
44
144
145
495
146
201
147
342
148
467
138
149
15
150
128
151
152
507
148
153
154
292
155
451
156
429
112
157
118
158
159
228
69
160
161
193
118
162
163
313
38
164
147
165
57
166
106
167
116
168
24
169
170
295
12
171
110
172
173
184
174
466
175
401
72
176
177
241
60
178
78
179
85
180
181
371
66
182
102
183
162
184
185
274
77
186
95
187
126
188
189
290
33
190
191
408
192
356
193
243
194
210
195
266
196
326
197
340
189
198
199
495
200
214
201
482
52
202
203
372
89
204
205
288
206
274
207
378
208
365
209
379
105
210
211
471
212
397
37
213
214
483
215
311
38
216
177
217
206
218
166
219
220
510
157
221
90
222
40
223
44
224
225
411
226
434
131
227
228
352
229
356
230
287
155
231
65
232
59
233
228
234
235
377
118
236
124
237
9
238
239
389
240
342
241
377
64
242
134
243
244
341
35
245
221
246
36
247
248
461
249
415
250
394
251
284
184
252
59
253
254
280
255
497
256
341
126
257
8
258
259
450
260
310
188
261
126
262
263
485
264
312
191
265
115
266
267
302
89
268
269
458
8
270
271
321
272
479
273
394
274
392
135
275
276
285
277
385
68
278
113
279
280
362
281
497
212
282
283
491
284
294
256
285
137
286
64
287
237
288
185
289
4
290
291
481
262
292
293
308
137
294
295
407
296
422
203
297
298
357
153
299
74
300
301
475
135
302
167
303
239
304
206
305
306
345
307
430
278
308
39
309
97
310
311
372
140
312
180
313
314
476
203
315
316
451
3
317
318
394
305
319
246
320
321
383
322
352
209
323
324
439
240
325
17
326
327
429
281
328
329
391
140
330
330
331
332
432
248
333
198
334
335
349
336
380
337
389
338
429
38
339
263
340
128
341
246
342
88
343
260
344
262
345
251
346
347
376
345
348
349
363
296
350
200
351
138
352
353
479
293
354
355
422
155
356
213
357
118
358
359
430
205
360
361
494
46
362
137
363
48
364
87
365
366
375
367
477
282
368
28
369
370
507
335
371
120
372
156
373
328
374
375
500
376
444
295
377
360
378
158
379
380
403
325
381
130
382
259
383
123
384
216
385
118
386
387
454
186
388
260
389
390
510
391
505
269
392
51
393
388
394
186
395
209
396
243
397
118
398
114
399
400
471
401
460
400
402
308
403
404
461
230
405
278
406
122
407
288
408
238
409
274
410
411
457
191
412
413
443
93
414
343
415
94
416
417
475
99
418
312
419
420
476
331
421
289
422
423
445
12
424
46
425
23
426
401
427
428
439
97
429
299
430
106
431
432
484
45
433
313
434
435
507
326
436
189
437
94
438
49
439
259
440
441
442
126
442
393
443
227
444
431
445
394
446
447
451
399
448
449
492
165
450
395
451
452
497
96
453
197
454
14
455
238
456
236
457
458
467
61
459
243
460
53
461
321
462
213
463
437
464
11
465
2
466
280
467
415
468
270
469
357
470
12
471
53
472
430
473
64
474
114
475
140
476
94
477
181
478
479
491
283
480
6
481
406
482
192
483
10
484
156
485
29
486
404
487
488
500
331
489
478
490
478
491
217
492
280
493
436
494
474
495
200
496
483
497
43
498
378
499
151
500
401
501
229
502
337
503
59
504
482
505
473
506
433
507
358
508
494
509
468
510
29
511
0.5840495824813843
0.011850032024085522
0.4025788903236389
0.5690812468528748
0.8029214143753052
0.1658245474100113
0.02201678790152073
0.9983993172645569
0.5033619403839111
0.9124050736427307
0.6796361804008484
0.021485095843672752
0.6220003366470337
0.3675273358821869
0.309661328792572
0.8639040589332581
0.967740535736084
0.8254997730255127
0.13075345754623413
0.6932107210159302
0.557606041431427
0.24009685218334198
0.1431466042995453
0.8376203775405884
0.2924305498600006
0.6776694059371948
0.9931641221046448
0.0037431574892252684
0.6055687665939331
0.23831714689731598
0.7648853063583374
0.16377794742584229
0.45145195722579956
0.05808978155255318
0.6054971814155579
0.7091259956359863
0.8206528425216675
0.3424103558063507
0.7069863080978394
0.028527231886982918
0.3470349609851837
0.11193516105413437
0.9801192283630371
0.9587554335594177
0.7863951325416565
0.5149778127670288
0.02808094024658203
0.9068922400474548
0.23674903810024261
0.6503176689147949
0.8834181427955627
0.3079516291618347
0.43098828196525574
0.11467805504798889
0.8417240977287292
0.03868835046887398
0.7783383727073669
0.4363354444503784
0.40052783489227295
0.3289935290813446
0.07857996970415115
0.19701871275901794
0.7643711566925049
0.02364528551697731
0.9030126333236694
0.18260444700717926
0.307991087436676
0.33703938126564026
0.9680001735687256
0.1812082827091217
0.7243834733963013
0.3090571463108063
0.4760083258152008
0.43905919790267944
0.5059220790863037
0.3781571686267853
0.6175016164779663
0.3120839297771454
0.8416440486907959
0.004586650989949703
0.31819894909858704
0.7771347761154175
0.6145687699317932
0.7531256079673767
0.3333318829536438
0.8320214748382568
0.2094351202249527
0.3297528028488159
0.030935270711779594
0.19442711770534515
0.12024221569299698
0.26573997735977173
0.6308526992797852
0.31100454926490784
0.41199854016304016
0.8818909525871277
0.5702030062675476
0.4942767918109894
0.04369783401489258
0.14380687475204468
0.3032318353652954
0.5975583791732788
0.6752274632453918
0.33160632848739624
0.6178587079048157
0.6921266317367554
0.179009810090065
0.25331050157546997
0.3653643727302551
0.7136117815971375
0.5851047039031982
0.8235621452331543
0.40460440516471863
0.09851288795471191
0.8390063047409058
0.10972307622432709
0.08384202420711517
0.6959905028343201
0.12139308452606201
0.29226022958755493
0.16335858404636383
0.34347885847091675
0.2953663766384125
0.518423855304718
0.2788751423358917
0.7689289450645447
0.0939302071928978
0.7373721599578857
0.12767517566680908
0.11173038929700851
0.5143810510635376
0.3886966109275818
0.02699548564851284
0.8147872090339661
0.896715521812439
0.43379488587379456
0.9800309538841248
0.0337723046541214
0.358702152967453
0.8990141153335571
0.15386736392974854
0.38746294379234314
0.16048456728458405
0.6199453473091125
0.7544491291046143
0.030735228210687637
0.05489029362797737
0.5807196497917175
0.4590040445327759
0.5046976208686829
0.45669302344322205
0.2519860863685608
0.29322734475135803
0.0720047876238823
0.8375151753425598
0.8182533383369446
0.44598695635795593
0.010694017633795738
0.5712326765060425
0.9042333364486694
0.939525842666626
0.8146597146987915
0.29965829849243164
0.1874731481075287
0.7286874651908875
0.5075758099555969
0.4452551305294037
0.10662886500358582
0.3416072726249695
0.12289781123399734
0.7987648248672485
0.5142103433609009
0.9027162790298462
0.192112535238266
0.6562477350234985
0.02853279933333397
0.061538923531770706
0.03476141765713692
0.6830027103424072
0.050524644553661346
0.7899068593978882
0.40968629717826843
0.7773573994636536
0.6172749400138855
0.7439860105514526
0.30017244815826416
0.0729394480586052
0.7023276090621948
0.4793855845928192
0.7983143925666809
0.7085829377174377
0.21811124682426453
0.6128941774368286
0.49891039729118347
0.9576058387756348
0.6241154670715332
0.1377677172422409
0.20033781230449677
0.049115199595689774
0.8228139281272888
0.9234068989753723
0.08129234611988068
0.2524473965167999
0.2753453254699707
0.7683553099632263
0.43252110481262207
0.7193188667297363
0.6880382299423218
0.7377060651779175
0.0811939388513565
0.5097779631614685
0.17904552817344666
0.7774675488471985
0.7797996997833252
0.062177807092666626
0.39472681283950806
0.785306453704834
0.8812869787216187
0.943860650062561
0.0352901853621006
0.35124659538269043
0.16309325397014618
0.9848710894584656
0.580341637134552
0.3405696749687195
0.1182527020573616
0.5740250945091248
0.9982045292854309
0.6352061629295349
0.2787768542766571
0.2700602412223816
0.8082762360572815
0.0846756175160408
0.8698002696037292
0.20779530704021454
0.011451371014118195
0.6162229180335999
0.7335618734359741
0.09234310686588287
0.9635394215583801
0.8890639543533325
0.7419336438179016
0.8132752776145935
0.8458698391914368
0.7866895198822021
0.7375249862670898
0.04956044256687164
0.3220198154449463
0.604888379573822
0.979983925819397
0.14882218837738037
0.3871852457523346
0.3860231339931488
0.41013196110725403
0.5368249416351318
0.3679516613483429
0.1285906732082367
0.20712663233280182
0.6336241364479065
0.8374354243278503
0.45742765069007874
0.8838891386985779
0.14376813173294067
0.2991068661212921
0.1996365338563919
0.38030749559402466
0.2617277204990387
0.24506846070289612
0.6576479077339172
0.11212047934532166
0.5716971755027771
0.26306113600730896
0.04253612086176872
0.11135296523571014
0.5707069635391235
0.6873897910118103
0.8342625498771667
0.47697213292121887
0.7126156687736511
0.46704399585723877
0.5115201473236084
0.6291465759277344
0.3237062394618988
0.23186492919921875
0.5041993856430054
0.940028727054596
0.003536337986588478
0.6335453987121582
0.777834951877594
0.9935492873191833
0.49263596534729004
0.20089849829673767
0.5875155329704285
0.35005345940589905
0.9358380436897278
0.20283770561218262
0.5776422023773193
0.3656982481479645
0.9311211109161377
0.4674628674983978
0.04418947920203209
0.5246075987815857
0.4355197250843048
0.9920297861099243
0.9057981371879578
0.46563494205474854
0.2794581353664398
0.5949594378471375
0.5918071866035461
0.2978609502315521
0.5710159540176392
0.6740347743034363
0.35990118980407715
0.2008526623249054
0.6753936409950256
0.070918969810009
0.3380141854286194
0.7073806524276733
0.7204512357711792
0.5328487157821655
0.2061852365732193
0.9916321635246277
0.6524602174758911
0.8912608623504639
0.8784378170967102
0.9438420534133911
0.9979812502861023
0.8252533078193665
0.8822667002677917
0.16876843571662903
0.9343391060829163
0.6129264831542969
0.860218346118927
0.254678338766098
0.5730185508728027
0.3508913516998291
0.9609481692314148
0.6174980401992798
0.14510305225849152
0.453118234872818
0.21430207788944244
0.46720144152641296
0.6219379901885986
0.37750738859176636
0.36133745312690735
0.09559880942106247
0.6100496649742126
0.6903242468833923
0.15545731782913208
0.05149436369538307
0.5387519001960754
0.3649517893791199
0.6260621547698975
0.5707879066467285
0.5636966824531555
0.421265184879303
0.36235085129737854
0.16777518391609192
0.8068262934684753
0.915047824382782
0.6482830047607422
0.2053021639585495
0.02724422700703144
0.3240707516670227
0.46034175157546997
0.3937923312187195
0.6058367490768433
0.7637010812759399
0.1652633547782898
0.5022004842758179
0.8044602274894714
0.337367445230484
0.9461075663566589
0.2820189297199249
0.9814754128456116
0.8768861889839172
0.27156388759613037
0.9847553968429565
0.8759516477584839
0.791068434715271
0.08201484382152557
0.5933058857917786
0.4709738492965698
0.7521772980690002
0.2115362286567688
0.042105913162231445
0.20083428919315338
0.8436987996101379
0.555193305015564
0.7860700488090515
0.7522276639938354
0.9823160767555237
0.4631851315498352
0.7712703347206116
0.4286879897117615
0.36828672885894775
0.2378895878791809
0.3935260772705078
0.9745879769325256
0.9638473987579346
0.8691163063049316
0.3712194561958313
0.42256224155426025
0.23451857268810272
0.07444757968187332
0.7993561625480652
0.8705700635910034
0.8613001704216003
0.6652215719223022
0.08889906853437424
0.4526732563972473
0.19920897483825684
0.8749067783355713
0.3164587616920471
0.9796627163887024
0.7689692378044128
0.1666068136692047
0.21021606028079987
0.6762930750846863
0.5531345009803772
0.752458930015564
0.9730770587921143
0.02867315150797367
0.7583667635917664
0.7286412715911865
0.036889318376779556
0.8729298710823059
0.03905756399035454
0.25901395082473755
0.10588742792606354
0.8368830680847168
0.5206486582756042
0.7541722655296326
0.45331838726997375
0.08441602438688278
0.29528528451919556
0.24152500927448273
0.9934614896774292
0.8097531795501709
0.8744974732398987
0.08363620936870575
0.923046886920929
0.1040060743689537
0.945896565914154
0.026800306513905525
0.4061698615550995
0.8780084252357483
0.5863602757453918
0.1323772519826889
0.07541473954916
0.32745975255966187
0.8036515116691589
0.030240686610341072
0.442981094121933
0.2157893031835556
0.49138838052749634
0.5037903189659119
0.9916362166404724
0.17429368197917938
0.09212305396795273
0.7089260220527649
0.46533188223838806
0.2788010537624359
0.8314797282218933
0.43934470415115356
0.16646675765514374
0.5620193481445312
0.18722553551197052
0.6207702159881592
0.1802818924188614
0.38880661129951477
0.240690216422081
0.7752123475074768
0.4895521104335785
0.8414517641067505
0.8154588341712952
0.41615334153175354
0.6297584772109985
0.384511262178421
0.3523370027542114
0.6943673491477966
0.2734827995300293
0.43939000368118286
0.44058680534362793
0.6161604523658752
0.991783857345581
0.3647061586380005
0.7049335241317749
0.07801635563373566
0.24424026906490326
0.07178434729576111
0.1432105004787445
0.36549341678619385
0.29785117506980896
0.155789315700531
0.451170951128006
0.2889026701450348
0.21612848341464996
0.029642226174473763
0.036183249205350876
0.511894941329956
0.03798876702785492
0.32276517152786255
0.46567174792289734
0.6097586154937744
0.43340474367141724
0.2799946665763855
0.9000234603881836
0.4611595869064331
0.4918241798877716
0.8658279180526733
0.9982959032058716
0.10183174163103104
0.0721842497587204
0.3029831647872925
0.1657232642173767
0.9360893964767456
0.5744350552558899
0.12346703559160233
0.35020291805267334
0.7130404114723206
0.7363687753677368
0.4813269376754761
0.6190829873085022
0.2603659927845001
0.2954244315624237
0.5338136553764343
0.8587236404418945
0.9627422094345093
0.5885271430015564
0.7431281208992004
0.7247697114944458
0.9807326197624207
0.5930274128913879
0.7818119525909424
0.2010052502155304
0.64513099193573
0.2828065752983093
0.9097732305526733
0.5888031721115112
0.4681515395641327
0.11600963771343231
0.09751914441585541
0.9155170321464539
0.44544360041618347
0.7309647798538208
0.816881000995636
0.8987370729446411
0.7351866364479065
0.20663654804229736
0.3083561956882477
0.49976736307144165
0.5742267966270447
0.32266664505004883
0.1696220338344574
0.6904471516609192
0.6234304904937744
0.5429743528366089
0.7186710834503174
0.9663380980491638
0.5511063933372498
0.9298664927482605
0.7744468450546265
0.905058741569519
0.33047476410865784
0.3249876797199249
0.31538593769073486
0.4380373954772949
0.6814560890197754
0.7714540362358093
0.9842684864997864
0.3431095778942108
0.03471715748310089
0.9203352332115173
0.9582258462905884
0.1532565802335739
0.9690161347389221
0.3766193389892578
0.3721204400062561
0.20180420577526093
0.31121599674224854
0.03227181360125542
0.7968260049819946
0.7606332898139954
0.81529700756073
0.36366137862205505
0.6877606511116028
0.07786612957715988
0.15891309082508087
0.7261606454849243
0.5283164381980896
0.21517358720302582
0.21391788125038147
0.07169277220964432
0.1728447675704956
0.6767259836196899
0.7073589563369751
0.3404613137245178
0.5039476156234741
0.2615187168121338
0.732476532459259
0.6091402769088745
0.8271551728248596
0.6458988785743713
0.38939544558525085
0.2476627677679062
0.8909218311309814
0.03231716901063919
0.45742085576057434
0.5389901399612427
0.9914271831512451
0.7548150420188904
0.5670687556266785
0.4304318428039551
0.005708226002752781
0.2608446478843689
0.026273339986801147
0.2734096348285675
0.018899736925959587
0.052356306463479996
0.28892672061920166
0.40834352374076843
0.4933353066444397
0.17137004435062408
0.24295556545257568
0.17876015603542328
0.6220653653144836
0.9365644454956055
0.2669161260128021
0.5728657245635986
0.5507261157035828
0.37295296788215637
0.02866455353796482
0.7445927858352661
0.5322290062904358
0.6936553120613098
0.8388601541519165
0.44739118218421936
0.44097551703453064
0.45933353900909424
0.8752079010009766
0.853754997253418
0.1846988946199417
0.0012815723894163966
0.9127647280693054
0.29394248127937317
0.15516017377376556
0.982210099697113
0.48898935317993164
0.29616019129753113
0.10237450152635574
0.1775481253862381
0.8449414968490601
0.00797661580145359
0.3393552303314209
0.34570935368537903
0.48733311891555786
0.5193211436271667
0.4168379604816437
0.42633679509162903
0.4614638090133667
0.9530673027038574
0.9129208922386169
0.9202579855918884
0.7965439558029175
0.21128912270069122
0.1348545253276825
0.6791709661483765
0.3917463719844818
0.5938498973846436
0.5304882526397705
0.5717772245407104
0.8946408629417419
0.29528602957725525
0.3258107006549835
0.33057406544685364
0.4977714717388153
0.8172460198402405
0.5469971895217896
0.5082030892372131
0.6602648496627808
0.6246886253356934
0.8880755305290222
0.9067630171775818
0.7311381697654724
0.5318905711174011
0.13634885847568512
0.18801096081733704
0.5258486866950989
0.2259943187236786
0.30452877283096313
0.17535339295864105
0.30549776554107666
0.01756380870938301
0.3537863492965698
0.05904635041952133
0.23092249035835266
0.8513614535331726
0.593805193901062
0.40902531147003174
0.4266420602798462
0.21374021470546722
0.214772030711174
0.23238041996955872
0.6297715306282043
0.7011383175849915
0.278053343296051
0.35574597120285034
0.15331780910491943
0.8782656788825989
0.32907727360725403
0.058630671352148056
0.3021000623703003
0.10995050519704819
0.7541146874427795
0.47195500135421753
0.5766370892524719
0.73772132396698
0.1754203736782074
0.9612733721733093
0.022418206557631493
0.5398049354553223
0.7219182848930359
0.0883261188864708
0.26553064584732056
0.5981818437576294
0.42764219641685486
0.8358015418052673
0.09341733157634735
0.9899540543556213
0.24049757421016693
0.6256592869758606
0.49897247552871704
0.6127201914787292
0.847085177898407
0.28315290808677673
0.24225987493991852
0.3742298185825348
0.7633458971977234
0.7209033966064453
0.033119041472673416
0.9366413950920105
0.42360368371009827
0.5694218873977661
0.30504170060157776
0.04831689968705177
0.018957408145070076
0.15961411595344543
0.9955517649650574
0.11972439289093018
0.5344964265823364
0.9504653811454773
0.1441817283630371
0.17579776048660278
0.425212025642395
0.35319697856903076
0.40401691198349
0.884270429611206
0.8899056911468506
0.4164658784866333
0.8766353130340576
0.21326106786727905
0.3051582872867584
0.7249132990837097
0.3233986794948578
0.654292643070221
0.2955876886844635
0.1578773707151413
0.40884870290756226
0.12242581695318222
0.6300968527793884
0.27963125705718994
0.9704011678695679
0.22515498101711273
0.6297814249992371
0.7114107608795166
0.7613844871520996
0.8762259483337402
0.5664266347885132
0.5955038666725159
0.43378475308418274
0.567289412021637
0.2604331970214844
0.10064598172903061
0.3144981265068054
0.2739080488681793
0.3672378361225128
0.899774968624115
0.30549946427345276
0.655297040939331
0.4769830107688904
0.05515449866652489
0.7881331443786621
0.7000409364700317
0.6432468891143799
0.4836939573287964
0.765440821647644
0.7775300145149231
0.18048475682735443
0.637292742729187
0.44329020380973816
0.30304858088493347
0.9917136430740356
0.42896369099617004
0.020876917988061905
0.050918880850076675
0.6672357320785522
0.6572496891021729
0.7629669904708862
0.7936859726905823
0.7734179496765137
0.15135431289672852
0.40717217326164246
0.6639901399612427
0.31783178448677063
0.5030971765518188
0.07382318377494812
0.7788392305374146
0.7305070757865906
0.3740246593952179
0.5007206201553345
0.4358749985694885
0.2471463680267334
0.49712276458740234
0.21543778479099274
0.5859331488609314
0.8594202399253845
0.8079513311386108
0.7426578998565674
0.893818199634552
0.560685932636261
0.24019302427768707
0.9160891771316528
0.5501176118850708
0.7124583125114441
0.22314096987247467
0.28648853302001953
0.2314854860305786
0.8103049397468567
0.5684078335762024
0.895148754119873
0.18775564432144165
0.9519484043121338
0.2892865240573883
0.9775280356407166
0.6482970118522644
0.8752015233039856
0.7608970403671265
0.3612736761569977
0.3108011484146118
0.7763797640800476
0.14622168242931366
0.36500075459480286
0.8472837209701538
0.6322557926177979
0.4366786479949951
0.8496752977371216
0.41807660460472107
0.5833789110183716
0.8698179721832275
0.9600464105606079
0.16359339654445648
0.0825771763920784
0.5358691811561584
0.4045335650444031
0.9800007939338684
0.8520050644874573
0.4422804117202759
0.9461879134178162
0.5008304119110107
0.5745670795440674
0.2577543556690216
0.9768047332763672
0.5976351499557495
0.09991279244422913
0.724021852016449
0.7804967164993286
0.512424647808075
0.9122459888458252
0.2951163053512573
0.7469388842582703
0.9807750582695007
0.06342171132564545
0.2773008644580841
0.5812424421310425
0.6259715557098389
0.5888628959655762
0.4484628438949585
0.10063602030277252
0.1243956983089447
0.42719918489456177
0.3476020395755768
0.7009243965148926
0.1476750671863556
0.18856081366539001
0.08399524539709091
0.4675303101539612
0.02629982866346836
0.5802425742149353
0.40480396151542664
0.2454136461019516
0.15877559781074524
0.7053431272506714
0.5957592725753784
0.613800048828125
0.5276172161102295
0.12378968298435211
0.6530318856239319
0.10132385790348053
0.0945248082280159
0.20878861844539642
0.031629253178834915
0.03101320192217827
0.16832663118839264
0.9963940382003784
0.5858902335166931
0.044886667281389236
0.9162804484367371
0.35638776421546936
0.7374633550643921
0.038953013718128204
0.33716267347335815
0.3594639003276825
0.06230870634317398
0.872210681438446
0.8332985043525696
0.22342872619628906
0.979055643081665
0.06771732866764069
0.7704126238822937
0.18136821687221527
0.4778926968574524
0.5511690974235535
0.3638485372066498
0.7586370706558228
0.3813267946243286
0.19721786677837372
0.9401361346244812
0.9969454407691956
0.12990780174732208
0.3521854877471924
0.6314964890480042
0.4998534023761749
0.7124624848365784
0.8768906593322754
0.43215957283973694
0.02549857087433338
0.18637564778327942
0.10246942192316055
0.47785624861717224
0.7777737975120544
0.2553853988647461
0.23796720802783966
0.9120622873306274
0.14768391847610474
0.06703914701938629
0.2085932195186615
0.15150520205497742
0.3348884880542755
0.8694939017295837
0.6748408079147339
0.966191291809082
0.8274976015090942
0.48399677872657776
0.6041365265846252
0.4238753020763397
0.20650030672550201
0.6816328167915344
0.3903694748878479
0.7109841704368591
0.32973700761795044
0.8211545348167419
0.9070543050765991
0.7676400542259216
0.5422237515449524
0.03301682323217392
0.5064167976379395
0.05559155344963074
0.6523071527481079
0.4277173578739166
0.1814424991607666
0.6949933171272278
0.7263410091400146
0.9435286521911621
0.12357738614082336
0.09068655967712402
0.12805093824863434
0.862662136554718
0.9142874479293823
0.6720524430274963
0.7524721622467041
0.5003719329833984
0.19923071563243866
0.554939329624176
0.4731793701648712
0.5858138203620911
0.3821559548377991
0.12144969403743744
0.8124356269836426
0.16835671663284302
0.9382351636886597
0.6849262714385986
0.851222574710846
0.20811288058757782
0.4109834134578705
0.9838436841964722
0.7023758888244629
0.7023791074752808
0.7568532228469849
0.7753486633300781
0.01505370531231165
0.3526727259159088
0.017604269087314606
0.8652622699737549
0.6605812907218933
0.10511617362499237
0.16076980531215668
0.6900367140769958
0.4934825897216797
0.49337032437324524
0.37680956721305847
0.5337169170379639
0.06338565051555634
0.23982463777065277
0.24482960999011993
0.7371641993522644
0.0949714407324791
0.13046793639659882
0.3606998324394226
0.8389966487884521
0.3336513638496399
0.8130677342414856
0.36611905694007874
0.7197904586791992
0.8321905732154846
0.6119539737701416
0.22073529660701752
0.31811797618865967
0.12483598291873932
0.8773685097694397
0.951185941696167
0.8594192862510681
0.4592898190021515
0.22904053330421448
0.01223017182201147
0.7121403813362122
0.4957596957683563
0.9873215556144714
0.5681290030479431
0.41683754324913025
0.3949336111545563
0.07480231672525406
0.6509914398193359
0.1554085910320282
0.3645729720592499
0.9503573775291443
0.483356773853302
0.3030190169811249
0.5808966755867004
0.9509285092353821
0.01302065048366785
0.5929890871047974
0.4513257145881653
0.0189039409160614
0.9121522307395935
0.31526902318000793
0.47016748785972595
0.8076804876327515
0.3324187397956848
0.21383067965507507
0.37602776288986206
0.2505352199077606
0.060615863651037216
0.9271482825279236
0.10502344369888306
0.20493097603321075
0.7288675904273987
0.04033263772726059
0.0660371333360672
0.04982505366206169
0.2533687949180603
0.9025136232376099
0.3008459210395813
0.1402502954006195
0.6788398623466492
0.8705981969833374
0.7134372591972351
0.10614711046218872
0.3252585530281067
0.7210381031036377
0.3117583990097046
0.5447862148284912
0.7135013937950134
0.5475018620491028
0.7905107736587524
0.6962096691131592
0.058191124349832535
0.9514895081520081
0.6533327698707581
0.6100009679794312
0.21010872721672058
0.7330316305160522
0.7898865938186646
0.5958049893379211
0.7627467513084412
0.614949643611908
0.5675743818283081
0.1197626069188118
0.49832308292388916
0.5397724509239197
0.8329524397850037
0.9205069541931152
0.01542116329073906
0.1973051130771637
0.9339931607246399
0.5248199105262756
0.20199549198150635
0.3753953278064728
0.7779554724693298
0.10675958544015884
0.7857663631439209
0.5832468271255493
0.878308117389679
0.3997296094894409
0.4241950213909149
0.06511545181274414
0.11721017956733704
0.25439536571502686
0.5502086281776428
0.28052210807800293
0.681675374507904
0.2573738098144531
0.8095701932907104
0.1718336045742035
0.6078696250915527
0.7658752202987671
0.7633764743804932
0.6047230362892151
0.11745195835828781
0.8396019339561462
0.3676403760910034
0.6248323917388916
0.8526803851127625
0.5840533375740051
0.8443202376365662
0.87406986951828
0.42069587111473083
0.5308424234390259
0.22710071504116058
0.6489226222038269
0.2015116810798645
0.12417761236429214
0.0472131222486496
0.06956297159194946
0.8108872175216675
0.13523651659488678
0.38952189683914185
0.38172680139541626
0.0035753098782151937
0.2101079821586609
0.07158208638429642
0.2953462302684784
0.8055853247642517
0.7339341640472412
0.979200541973114
0.02074611745774746
0.9030274748802185
0.6426301598548889
0.4826814532279968
0.5204432606697083
0.20334459841251373
0.9802670478820801
0.6010618805885315
0.7313047051429749
0.9657734632492065
0.5252300500869751
0.08949945867061615
0.01997482404112816
0.31938713788986206
0.3903034031391144
0.6288869976997375
0.7938652038574219
0.9693191647529602
0.9925811886787415
0.8894087672233582
0.025387726724147797
0.18007779121398926
0.02838398516178131
0.961428165435791
0.034954946488142014
0.48158499598503113
0.5525578260421753
0.03804224729537964
0.15650297701358795
0.07430335879325867
0.7191970944404602
0.19662833213806152
0.4677082598209381
0.6250143051147461
0.5970437526702881
0.3362705111503601
0.22457461059093475
0.6036765575408936
0.6363793015480042
0.7032402157783508
0.836417555809021
0.18053892254829407
0.21008722484111786
0.25482112169265747
0.4290333688259125
0.14433467388153076
0.16011179983615875
0.9087892770767212
0.23284383118152618
0.7044174075126648
0.10004331916570663
0.7931340336799622
0.4019080400466919
0.5522598028182983
0.5862852334976196
0.2856617569923401
0.6667608022689819
0.9447072744369507
0.1319964975118637
0.39773696660995483
0.3498190641403198
0.8895840644836426
0.3436827063560486
0.9577821493148804
0.5966334939002991
0.27325713634490967
0.7669575214385986
0.9538093209266663
0.5103799700737
0.09247410297393799
0.6762566566467285
0.5396276116371155
0.6399747133255005
0.9150883555412292
0.7749183773994446
0.002670886693522334
0.2738369405269623
0.2631937563419342
0.5675938725471497
0.4831843376159668
0.49750828742980957
0.9146596193313599
0.038444291800260544
0.700416088104248
0.6479955911636353
0.7262524366378784
0.9996514916419983
0.4573688209056854
0.5573291778564453
0.9373161196708679
0.6910567879676819
0.8068188428878784
0.5569926500320435
0.6539527177810669
0.754243016242981
0.48304736614227295
0.1886690855026245
0.27036020159721375
0.21323327720165253
0.5977464914321899
0.4142169654369354
0.21352775394916534
0.6961798667907715
0.1201765313744545
0.12646397948265076
0.11198799312114716
0.31522539258003235
0.9684675931930542
0.22125926613807678
0.10201553255319595
0.5964357852935791
0.9223098754882812
0.6015468239784241
0.7176594734191895
0.3980419337749481
0.6406373977661133
0.950063169002533
0.013618575409054756
0.5809506177902222
0.5717804431915283
0.7090286016464233
0.3555171489715576
0.8526567816734314
0.26561492681503296
0.2584916353225708
0.6150268912315369
0.443058043718338
0.7735686898231506
0.04782624542713165
0.5743637084960938
0.073651023209095
0.66090327501297
0.5692299008369446
0.6674094796180725
0.916260302066803
0.05622905120253563
0.7320985198020935
0.7503774166107178
0.757911205291748
0.9643118977546692
0.16186070442199707
0.6724660992622375
0.39310771226882935
0.49280256032943726
0.5904693007469177
0.7074894309043884
0.6436974406242371
0.2820584774017334
0.8932072520256042
0.4510827958583832
0.20941580832004547
0.037182342261075974
0.6281566023826599
0.5461903810501099
0.7239420413970947
0.6238341927528381
0.9416853189468384
0.7347831130027771
0.1162298247218132
0.20891422033309937
0.7779300212860107
0.8537582755088806
0.8561891317367554
0.5166504979133606
0.19630660116672516
0.865344226360321
0.5634269714355469
0.7683511972427368
0.9823842644691467
0.004606257658451796
0.06826695799827576
0.19137784838676453
0.6930693984031677
0.5342111587524414
0.7086504697799683
0.5907422304153442
0.9544888734817505
0.7994624972343445
0.4315294325351715
0.04285098612308502
0.8551047444343567
0.63667893409729
0.8022627234458923
0.24229073524475098
0.6084328293800354
0.5241767764091492
0.1705441027879715
0.649524986743927
0.6669270396232605
0.40123629570007324
0.8746045827865601
0.5528911352157593
0.06425082683563232
0.694705069065094
0.7198773622512817
0.038221925497055054
0.008454537950456142
0.16014060378074646
0.9313657879829407
0.06807196885347366
0.4163743853569031
0.9185309410095215
0.8616029620170593
0.8416717052459717
0.47023746371269226
0.12541502714157104
0.7764592170715332
0.992634654045105
0.1859203279018402
0.5314149260520935
0.46447184681892395
0.09957343339920044
0.23305100202560425
0.2867692708969116
0.5375972390174866
0.19203373789787292
0.29318296909332275
0.11217097193002701
0.9359288215637207
0.5993318557739258
0.08926400542259216
0.6275536417961121
0.18830730020999908
0.1985837072134018
0.8562996983528137
0.7101027369499207
0.747094452381134
0.45726826786994934
0.4305170476436615
0.6150198578834534
0.2724391222000122
0.0009290701127611101
0.23576222360134125
0.6379233598709106
0.5072936415672302
0.6385006308555603
0.1484203040599823
0.4237447679042816
0.15032044053077698
0.17679840326309204
0.10140017420053482
0.6923575401306152
0.08357109129428864
0.17379339039325714
0.7929703593254089
0.13084135949611664
0.9611003994941711
0.626616895198822
0.8699047565460205
0.885616660118103
0.7901163101196289
0.35934484004974365
0.5167226791381836
0.6224566698074341
0.17739160358905792
0.7457045912742615
0.7361278533935547
0.0771162137389183
0.8558205962181091
0.9964302778244019
0.34509968757629395
0.5330383777618408
0.456104040145874
0.6997557282447815
0.01677771657705307
0.567179799079895
0.2549969553947449
0.864133358001709
0.4972463846206665
0.843420147895813
0.25701820850372314
0.46813735365867615
0.5925785899162292
0.07328914850950241
0.937065064907074
0.36517471075057983
0.6352473497390747
0.31787222623825073
0.005088505335152149
0.7852010726928711
0.04300343617796898
0.14577265083789825
0.9061974287033081
0.44391635060310364
0.9417125582695007
0.6291676759719849
0.9086610674858093
0.9791576862335205
0.4468516409397125
0.3781319856643677
0.24230773746967316
0.4681960642337799
0.8476362824440002
0.983121395111084
0.9984968304634094
0.705586850643158
0.6135520339012146
0.38570523262023926
0.9779175519943237
0.7881840467453003
0.8803215622901917
0.1153900995850563
0.8740701675415039
0.8128212690353394
0.3094683289527893
0.899284303188324
0.9069069027900696
0.48832908272743225
0.20600837469100952
0.531149685382843
0.0446229986846447
0.3829819858074188
0.23567652702331543
0.5408335328102112
0.5495316386222839
0.28840401768684387
0.22693772614002228
0.5657088160514832
0.32340890169143677
0.33987942337989807
0.6551380157470703
0.45833221077919006
0.8465715646743774
0.9092921018600464
0.9487633109092712
0.9950475692749023
0.33551695942878723
0.2813284993171692
0.006493781693279743
0.6627150774002075
0.20130082964897156
0.1875789612531662
0.7604880928993225
0.07517027109861374
0.14954793453216553
0.8413707613945007
0.1384279578924179
0.5036479234695435
0.5268617272377014
0.9904682636260986
0.4508626163005829
0.795141875743866
0.2832541763782501
0.3310331702232361
0.35081249475479126
0.9219273924827576
0.8680055737495422
0.9806864857673645
0.6265788674354553
0.32721635699272156
0.6887267827987671
0.0709957405924797
0.9815940260887146
0.805209219455719
0.5071146488189697
0.6670632362365723
0.3151201605796814
0.5847616195678711
0.7352611422538757
0.39168840646743774
0.8920522332191467
0.6692208051681519
0.8762006759643555
0.3279454708099365
0.5707600712776184
0.9366078972816467
0.3627761900424957
0.915102481842041
0.46457964181900024
0.6018095016479492
0.7661876082420349
0.8846036791801453
0.48777422308921814
0.579770028591156
0.7447359561920166
0.9136602282524109
0.9814774990081787
0.492926687002182
0.9620552062988281
0.22894908487796783
0.7389169335365295
0.8468615412712097
0.4320754408836365
0.015599867329001427
0.14538520574569702
0.38323989510536194
0.26838865876197815
0.13028375804424286
0.10196319967508316
0.2308879941701889
0.2656532824039459
0.578774094581604
0.7769100069999695
0.6272282004356384
0.08904802054166794
0.4102770686149597
0.29489895701408386
0.6794819235801697
0.15779681503772736
0.2437034547328949
0.38495156168937683
0.617610514163971
0.5573351979255676
0.7594099640846252
0.7042306661605835
0.303859144449234
0.2989855110645294
0.3989503085613251
0.3382485806941986
0.8603910207748413
0.23994427919387817
0.9627299308776855
0.4160338044166565
0.9039660692214966
0.11206556856632233
0.49983230233192444
0.8003102540969849
0.13298097252845764
0.3180900514125824
0.8136043548583984
0.6640952825546265
0.3134733736515045
0.5366641879081726
0.5839561223983765
0.3802972733974457
0.8814721703529358
0.6691991686820984
0.18997295200824738
0.07847630232572556
0.3961085081100464
0.5989547371864319
0.7905041575431824
0.9222900867462158
0.48977598547935486
0.5543761253356934
0.7846749424934387
0.9104126691818237
0.753690242767334
0.6343710422515869
0.1822330355644226
0.9939792156219482
0.8590337038040161
0.7523300051689148
0.08329422026872635
0.7206197381019592
0.29302263259887695
0.16514457762241364
0.06118248403072357
0.023417074233293533
0.7652927041053772
0.5372065901756287
0.5711159110069275
0.6152699589729309
0.08426422625780106
0.7202399969100952
0.5999037027359009
0.3304592967033386
0.5319703817367554
0.6284337639808655
0.7676516175270081
0.2672361433506012
0.6845336556434631
0.6224806308746338
0.05248214676976204
0.4991666078567505
0.28374525904655457
0.15490245819091797
0.8335643410682678
0.5255409479141235
0.46438583731651306
0.7590386271476746
0.3077671229839325
0.24068012833595276
0.33348914980888367
0.4926609992980957
0.7095644474029541
0.4720633327960968
0.14979058504104614
0.3337562084197998
0.2791832387447357
0.5234216451644897
0.2519473731517792
0.9119802713394165
0.03531759977340698
0.6966285109519958
0.759993314743042
0.6119657158851624
0.052760858088731766
0.7607793211936951
0.3247983753681183
0.8384263515472412
0.6057174205780029
0.2864827811717987
0.019132426008582115
0.26727932691574097
0.28195545077323914
0.24179258942604065
0.8361536860466003
0.3955256938934326
0.7575832605361938
0.5413260459899902
0.6636092662811279
0.7724869847297668
0.3404206931591034
0.41092541813850403
0.8396726250648499
0.409760981798172
0.9262697696685791
0.679557740688324
0.8406388759613037
0.17030125856399536
0.29144760966300964
0.19434762001037598
0.6775709390640259
0.2752639651298523
0.8814155459403992
0.37080851197242737
0.9749839901924133
0.06045031175017357
0.13441216945648193
0.4672926962375641
0.0865618959069252
0.1757226288318634
0.7425547242164612
0.1975676715373993
0.28763461112976074
0.21373361349105835
0.8897713422775269
0.48693230748176575
0.31466785073280334
0.9888285994529724
0.5860003232955933
0.29909253120422363
0.8715437054634094
0.581315815448761
0.2759586274623871
0.31844469904899597
0.6554859280586243
0.452821284532547
0.40750837326049805
0.5951052904129028
0.961814284324646
0.6817817091941833
0.29952648282051086
0.019586602225899696
0.47989219427108765
0.17229197919368744
0.8853986859321594
0.8020603656768799
0.2041369378566742
0.13228601217269897
0.7725780606269836
0.5372848510742188
0.6774957776069641
0.9429455995559692
0.03411029279232025
0.31290870904922485
0.8287013173103333
0.6985501646995544
0.5855808854103088
0.9790019989013672
0.7262262105941772
0.4173594117164612
0.889453113079071
0.3466812074184418
0.2305561751127243
0.1261477768421173
0.5224571228027344
0.8592742085456848
0.6520435214042664
0.0005680216709151864
0.3700585961341858
0.20308341085910797
0.8396140336990356
0.7005210518836975
0.22922340035438538
0.5994098782539368
0.35219693183898926
0.4846372902393341
0.3564111888408661
0.0927433893084526
0.047368258237838745
0.5053790211677551
0.17868871986865997
0.32232746481895447
0.41318246722221375
0.43990036845207214
0.5309519171714783
0.8609804511070251
0.7089138627052307
0.77210932970047
0.957051157951355
0.39332330226898193
0.8727773427963257
0.7785239219665527
0.4772628843784332
0.04427485167980194
0.3298496901988983
0.9784588813781738
0.7372618913650513
0.46278610825538635
0.41983023285865784
0.16142483055591583
0.42073187232017517
0.594052255153656
0.05018014833331108
0.6107519268989563
0.7345738410949707
0.01969578117132187
0.2475426346063614
0.6518951654434204
0.4833952784538269
0.21254223585128784
0.38115912675857544
0.6190996170043945
0.5202523469924927
0.8584495782852173
0.5759292244911194
0.4507908821105957
0.7425186038017273
0.1823555827140808
0.3810230493545532
0.3682529628276825
0.9940437078475952
0.8143624067306519
0.8748619556427002
0.8545949459075928
0.25455138087272644
0.35246747732162476
0.31533342599868774
0.4691865146160126
0.1119895726442337
0.7744444012641907
0.7522633075714111
0.9202988147735596
0.5833418369293213
0.46468302607536316
0.9003037810325623
0.583146870136261
0.8081467151641846
0.9490947127342224
0.7023829817771912
0.8930326104164124
0.926885724067688
0.948712944984436
0.8908295035362244
0.5706743001937866
0.17252390086650848
0.9665511846542358
0.985001266002655
0.2062673270702362
0.8580933809280396
0.5585474967956543
0.5469229817390442
0.9929753541946411
0.6938124299049377
0.8074440956115723
0.0677654817700386
0.9669455885887146
0.4808121919631958
0.6448588371276855
0.7514566779136658
0.8810107111930847
0.7735645174980164
0.6199712157249451
0.30986517667770386
0.775848925113678
0.3363574147224426
0.2615671753883362
0.35601234436035156
0.8201891779899597
0.30130940675735474
0.7004744410514832
0.5368860960006714
0.30072057247161865
0.1506415754556656
0.11037980020046234
0.2822383642196655
0.919426441192627
0.2642698884010315
0.32001784443855286
0.8168777823448181
0.02233000472187996
0.07006698846817017
0.6988328099250793
0.45846375823020935
0.0893581435084343
0.3177313804626465
0.8322598338127136
0.3341667354106903
0.5173732042312622
0.39770159125328064
0.08610851317644119
0.9600121974945068
0.7276166081428528
0.6075800657272339
0.8107972741127014
0.3677513599395752
0.7874895334243774
0.8763976693153381
0.12747861444950104
0.9063255786895752
0.4331556558609009
0.20865149796009064
0.03233887627720833
0.308635413646698
0.8087759017944336
0.6017748117446899
0.5331389904022217
0.24412676692008972
0.1670510321855545
0.09819964319467545
0.3522564470767975
0.6011404395103455
0.34735509753227234
0.24528999626636505
0.23232874274253845
0.383268803358078
0.530982494354248
0.9331327676773071
0.8381928205490112
0.16817817091941833
0.7932564616203308
0.5815712213516235
0.20400665700435638
0.9478180408477783
0.0006959669408388436
0.38414284586906433
0.6205163598060608
0.6200814843177795
0.8568663001060486
0.658348560333252
0.8779868483543396
0.29569393396377563
0.3872959315776825
0.37696829438209534
0.5458361506462097
0.39717715978622437
0.3445625901222229
0.19453099370002747
0.538818359375
0.9544652700424194
0.0647018626332283
0.41900888085365295
0.28950008749961853
0.5825284123420715
0.04036657139658928
0.05481954291462898
0.0754016637802124
0.6485703587532043
0.6893881559371948
0.6064911484718323
0.07702916860580444
0.34686794877052307
0.18145489692687988
0.006392636336386204
0.16637320816516876
0.062270388007164
0.20285829901695251
0.6648901104927063
0.6734293699264526
0.0924309566617012
0.38334921002388
0.1458309441804886
0.1530189961194992
0.6807745099067688
0.3382234573364258
0.16392703354358673
0.7953183054924011
0.9251631498336792
0.3340531587600708
0.9889316558837891
0.8937168717384338
0.5979549884796143
0.9842705726623535
0.9272557497024536
0.9710525870323181
0.05264019966125488
0.07417487353086472
0.1253197193145752
0.4538419246673584
0.6847226023674011
0.0347612239420414
0.3563031852245331
0.8883016109466553
0.9355031847953796
0.7930485606193542
0.17017248272895813
0.04241449758410454
0.9039368629455566
0.5225197672843933
0.5548576712608337
0.25492605566978455
0.9115172028541565
0.2807256281375885
0.24974994361400604
0.9975082874298096
0.13126321136951447
0.31749585270881653
0.7433140873908997
0.02926013618707657
0.5520857572555542
0.23704135417938232
0.7083181142807007
0.6824302673339844
0.8441205024719238
0.8190280795097351
0.1967386156320572
0.9961826205253601
0.4012148976325989
0.09107363969087601
0.22736811637878418
0.8903955221176147
0.9241434931755066
0.8668025135993958
0.8347910642623901
0.9580067992210388
0.3709416389465332
0.8417176008224487
0.6593886613845825
0.5406183004379272
0.8598917126655579
0.6681844592094421
0.9408864378929138
0.5912908911705017
0.2662027180194855
0.6775720715522766
0.6947160959243774
0.18213680386543274
0.6791718006134033
0.7441966533660889
0.9942808747291565
0.9315904378890991
0.6929017305374146
0.6733514070510864
0.7589169144630432
0.05597786605358124
0.7544717788696289
0.08344658464193344
0.15082718431949615
0.5485019683837891
0.8715108633041382
0.5409771203994751
0.47714680433273315
0.05119197070598602
0.6415255069732666
0.0293256975710392
0.617550253868103
0.6342087388038635
0.013011685572564602
0.045334964990615845
0.19114919006824493
0.6077433228492737
0.6484581828117371
0.8988701701164246
0.1968749314546585
0.5703344345092773
0.1818763166666031
0.5238065123558044
0.18108361959457397
0.5880903601646423
0.8411091566085815
0.9418849945068359
0.04895452409982681
0.13043180108070374
0.7422505617141724
0.029617952182888985
0.5527347922325134
0.7366695404052734
0.6930439472198486
0.7831457853317261
0.8557026386260986
0.9851210713386536
0.13736718893051147
0.7562404274940491
0.9076322317123413
0.06869179755449295
0.39776864647865295
0.2641834318637848
0.9288970232009888
0.025160051882267
0.08972805738449097
0.34719690680503845
