512 1
0
356
1
449
2
247
3
124
4
371
5
56
6
405
7
500
8
474
9
251
10
488
11
122
12
263
13
502
14
103
15
320
16
373
17
464
12
18
14
19
20
260
21
210
22
398
23
397
24
59
25
269
26
369
27
474
28
342
29
148
30
156
31
392
32
378
33
236
34
471
15
35
36
184
37
86
38
163
39
225
40
505
41
65
42
462
43
500
44
203
45
429
46
321
47
268
48
489
49
425
50
346
51
106
52
447
12
53
54
257
55
130
56
172
57
117
58
138
59
202
60
468
61
175
62
109
63
88
64
451
65
82
29
66
67
125
68
175
69
91
70
84
71
395
72
384
73
301
74
471
75
125
76
231
77
314
78
103
79
202
80
206
62
81
82
435
83
403
84
183
85
216
86
274
87
331
88
288
89
464
90
480
70
91
92
499
93
147
94
349
95
424
96
386
97
155
98
441
99
491
77
100
101
401
102
351
103
283
104
217
105
219
106
344
107
480
108
160
109
149
110
355
111
384
112
429
113
293
0
114
115
414
116
362
117
132
118
322
119
217
120
318
121
482
122
340
9
123
124
378
125
212
49
126
127
216
128
475
129
345
89
130
131
431
132
415
133
289
134
430
135
387
70
136
137
284
138
262
139
440
140
486
141
502
142
476
143
196
144
230
145
392
146
492
147
232
130
148
149
467
150
375
99
151
131
152
153
397
154
278
51
155
156
224
157
291
110
158
0
159
160
314
161
304
45
162
78
163
164
348
165
200
166
423
167
458
168
381
169
332
63
170
145
171
120
172
17
173
174
204
49
175
176
344
177
275
178
376
179
501
90
180
139
181
182
267
183
235
184
391
185
473
134
186
187
426
188
482
189
313
65
190
191
285
41
192
193
507
194
287
0
195
196
362
62
197
198
352
143
199
200
507
201
354
202
341
203
489
204
414
204
205
62
206
207
428
208
249
209
322
96
210
6
211
135
212
138
213
214
272
215
298
211
216
167
217
137
218
219
507
94
220
221
371
15
222
223
471
72
224
225
431
10
226
227
485
118
228
229
472
47
230
44
231
232
330
233
425
234
468
71
235
236
420
99
237
238
436
239
393
240
340
123
241
242
371
243
274
244
383
220
245
198
246
247
379
244
248
249
261
250
381
251
338
252
446
114
253
254
297
255
312
256
401
185
257
12
258
259
426
260
362
7
261
47
262
263
280
120
264
265
507
266
392
267
375
185
268
90
269
270
478
204
271
232
272
273
356
274
327
275
429
276
414
145
277
278
313
169
279
0
280
132
281
282
301
283
494
99
284
285
488
267
286
287
386
140
288
168
289
163
290
188
291
292
386
293
413
294
359
295
406
296
499
51
297
298
506
299
508
33
300
28
301
69
302
11
303
290
304
121
305
219
306
307
309
136
308
309
360
47
310
200
311
139
312
297
313
314
426
267
315
86
316
186
317
318
321
178
319
219
320
218
321
322
470
323
372
89
324
325
488
10
326
327
402
85
328
225
329
248
330
205
331
45
332
333
390
334
364
335
483
336
450
115
337
338
399
307
339
340
368
151
341
107
342
238
343
344
423
119
345
69
346
234
347
264
348
25
349
151
350
235
351
91
352
148
353
75
354
199
355
77
356
351
357
308
358
268
359
28
360
120
361
362
481
320
363
135
364
30
365
324
366
157
367
362
368
235
369
370
509
155
371
175
372
366
373
374
502
352
375
287
376
230
377
179
378
116
379
258
380
262
381
345
382
135
383
384
508
385
479
386
425
205
387
172
388
214
389
19
390
311
391
377
392
205
393
281
394
129
395
239
396
176
397
386
398
331
399
400
469
298
401
279
402
220
403
404
428
18
405
145
406
123
407
268
408
210
409
98
410
411
463
342
412
334
413
69
414
398
415
390
416
322
417
418
469
342
419
381
420
322
421
177
422
203
423
424
457
22
425
295
426
271
427
298
428
192
429
52
430
386
431
233
432
126
433
312
434
435
456
5
436
378
437
438
440
279
439
112
440
441
511
343
442
175
443
285
444
334
445
414
446
176
447
75
448
224
449
199
450
292
451
393
452
116
453
239
454
237
455
201
456
1
457
253
458
369
459
452
460
424
461
16
462
127
463
328
464
297
465
106
466
154
467
11
468
349
469
76
470
372
471
285
472
370
473
235
474
443
475
353
476
340
477
389
478
148
479
259
480
481
486
311
482
394
483
317
484
58
485
56
486
231
487
138
488
48
489
86
490
124
491
238
492
83
493
315
494
139
495
145
496
497
508
346
498
456
499
448
500
159
501
244
502
41
503
21
504
101
505
390
506
383
507
168
508
433
509
431
510
318
511
0.46987292170524597
0.6345205903053284
0.1726219654083252
0.31906673312187195
0.07945237308740616
0.9853407740592957
0.7768675684928894
0.006239132955670357
0.3287711441516876
0.9526572823524475
0.7668089270591736
0.02752484381198883
0.6933133006095886
0.2569614052772522
0.8442074656486511
0.026892373338341713
0.5287219882011414
0.6518484354019165
0.06385605782270432
0.1736554205417633
0.10305438190698624
0.2299293726682663
0.3201780915260315
0.14788147807121277
0.935698390007019
0.39817556738853455
0.7103318572044373
0.20396265387535095
0.13529950380325317
0.36900627613067627
0.44265216588974
0.6102660894393921
0.14956703782081604
0.9168554544448853
0.08258144557476044
0.3106458783149719
0.3092152178287506
0.34834352135658264
0.2979617118835449
0.31316035985946655
0.3381032347679138
0.6398063898086548
0.5566058158874512
0.2507646977901459
0.47665098309516907
0.5119502544403076
0.13642314076423645
0.8074179887771606
0.4136074185371399
0.5604447722434998
0.6864506602287292
0.7349101901054382
0.16967414319515228
0.9408072233200073
0.7569403648376465
0.9890413284301758
0.3809971213340759
0.5133013725280762
0.6387587785720825
0.7894030809402466
0.9931473135948181
0.0273346696048975
0.842940092086792
0.5863905549049377
0.36774399876594543
0.06470911204814911
0.772023618221283
0.6361403465270996
0.2598993182182312
0.7540524005889893
0.09600615501403809
0.19755271077156067
0.8879374265670776
0.9492734670639038
0.21028856933116913
0.9730993509292603
0.6929040551185608
0.41864657402038574
0.7925767302513123
0.870248556137085
0.9762551784515381
0.7850438356399536
0.33698269724845886
0.03618922829627991
0.37813037633895874
0.37625834345817566
0.6466636657714844
0.947207510471344
0.514380931854248
0.5603927373886108
0.9963290691375732
0.39087870717048645
0.346386194229126
0.49780797958374023
0.30755123496055603
0.25924330949783325
0.41959112882614136
0.23868270218372345
0.1766822636127472
0.499671995639801
0.20632623136043549
0.07776560634374619
0.497674822807312
0.5784763097763062
0.4236662685871124
0.7681553363800049
0.9959288835525513
0.11705781519412994
0.3041333854198456
0.6049564480781555
0.2183125913143158
0.17106784880161285
0.08945433050394058
0.10002265125513077
0.2241513729095459
0.16966630518436432
0.9439454674720764
0.2774658799171448
0.27413490414619446
0.4121265709400177
0.42184990644454956
0.6390236616134644
0.5591030716896057
0.8668252229690552
0.7067819237709045
0.880535364151001
0.586264431476593
0.47175076603889465
0.689416766166687
0.5329724550247192
0.29002857208251953
0.4686228334903717
0.6166577339172363
0.2113998830318451
0.9267237186431885
0.20028437674045563
0.5261092782020569
0.8316082954406738
0.2676103115081787
0.6614643335342407
0.8565192222595215
0.5655040740966797
0.7118505835533142
0.3942186236381531
0.9404138922691345
0.1885022073984146
0.6809789538383484
0.056356754153966904
0.3283527195453644
0.8293200731277466
0.08925402164459229
0.10674521327018738
0.379642128944397
0.9893670082092285
0.6182519197463989
0.2339826077222824
0.8072999715805054
0.4339187741279602
0.5234940648078918
0.9050451517105103
0.5298545956611633
0.5183731913566589
0.7872740626335144
0.9150738716125488
0.6859520673751831
0.6010144948959351
0.13613784313201904
0.35817110538482666
0.3217388987541199
0.7258141040802002
0.05186175927519798
0.9311366677284241
0.8534238934516907
0.2256850153207779
0.2731880843639374
0.09206297993659973
0.2806415855884552
0.7455928921699524
0.49186816811561584
0.9169479608535767
0.8551256060600281
0.012635631486773491
0.7191606163978577
0.5163031816482544
0.42411530017852783
0.8488407135009766
0.9874799847602844
0.48175176978111267
0.8687382936477661
0.7483446002006531
0.19486764073371887
0.517889678478241
0.7748332619667053
0.4173133373260498
0.31320884823799133
0.13291619718074799
0.6400184035301208
0.2816354036331177
0.5698418617248535
0.010184203274548054
0.22742155194282532
0.33216553926467896
0.9639893174171448
0.07503866404294968
0.6810224056243896
0.018264824524521828
0.18616743385791779
0.9144064784049988
0.05889270454645157
0.3331766426563263
0.42074069380760193
0.006894790101796389
0.22102370858192444
0.6036906242370605
0.03426530957221985
0.527812659740448
0.4477550983428955
0.8562052845954895
0.33726704120635986
0.4753943979740143
0.9821506142616272
0.18432313203811646
0.34988781809806824
0.7991337180137634
0.6468534469604492
0.6672238707542419
0.49490952491760254
0.8028419017791748
0.999491274356842
0.8134768009185791
0.919709324836731
0.2735404670238495
0.10029575228691101
0.8977843523025513
0.013084822334349155
0.49741092324256897
0.045332930982112885
0.6791568994522095
0.3233947455883026
0.2950669527053833
0.558764636516571
0.8455068469047546
0.5043726563453674
0.4484834671020508
0.3800688683986664
0.8230553865432739
0.7290501594543457
0.5136484503746033
0.04328837990760803
0.9508519768714905
0.9568512439727783
0.8839974403381348
0.8377296924591064
0.1202375516295433
0.8950273990631104
0.8509565591812134
0.5301771759986877
0.346861869096756
0.3316110372543335
0.9256607294082642
0.7250280380249023
0.38163161277770996
0.6493282914161682
0.5528997182846069
0.5642479658126831
0.2960776090621948
0.6403166055679321
0.17862127721309662
0.9293791651725769
0.0914769321680069
0.8158224821090698
0.2598153352737427
0.8632261753082275
0.11845478415489197
0.661867618560791
0.9271751046180725
0.19445370137691498
0.8845453858375549
0.42265087366104126
0.7845892906188965
0.49877673387527466
0.397379070520401
0.3104020655155182
0.1398984044790268
0.2345947027206421
0.353939026594162
0.31723281741142273
0.7529534697532654
0.26263564825057983
0.3971271514892578
0.10993447154760361
0.6033312082290649
0.24931226670742035
0.8086824417114258
0.6545127034187317
0.21931438148021698
0.31776678562164307
0.8033106327056885
0.6818393468856812
0.04875501990318298
0.9547642469406128
0.8921647071838379
0.6527156829833984
0.7692712545394897
0.04680991172790527
0.6034847497940063
0.11676204949617386
0.2865642309188843
0.718580424785614
0.4949475824832916
0.23552943766117096
0.6664142608642578
0.09458516538143158
0.05771491304039955
0.24758975207805634
0.15676341950893402
0.002329308772459626
0.8946095108985901
0.8112138509750366
0.9718860983848572
0.5384225845336914
0.184330016374588
0.7023888826370239
0.5484512448310852
0.15131035447120667
0.7478932738304138
0.6735880374908447
0.24825452268123627
0.6210058331489563
0.9413701295852661
0.820349395275116
0.20500318706035614
0.6023454070091248
0.777442991733551
0.3668998181819916
0.6803680658340454
0.14793017506599426
0.9708884954452515
0.9949041604995728
0.9700554013252258
0.3539339601993561
0.6398751139640808
0.32977068424224854
0.7970570921897888
0.31001049280166626
0.9582198858261108
0.9996439218521118
0.10110094398260117
0.24595676362514496
0.23332321643829346
0.5877208113670349
0.5700534582138062
0.40861761569976807
0.0958104059100151
0.7980190515518188
0.038724690675735474
0.7165070176124573
0.8499924540519714
0.47717735171318054
0.6972064971923828
0.711733341217041
0.620964765548706
0.6440552473068237
0.3936438262462616
0.7207868695259094
0.1983935385942459
0.7453707456588745
0.2735675871372223
0.3050113618373871
0.4870956540107727
0.5863702297210693
0.9533784985542297
0.1480063498020172
0.1154009997844696
0.2780947685241699
0.2966306209564209
0.9206704497337341
0.045525360852479935
0.27744531631469727
0.8925158977508545
0.5002451539039612
0.5812510251998901
0.11818844825029373
0.4999770522117615
0.703452467918396
0.409731924533844
0.07271023839712143
0.43257421255111694
0.11211007088422775
0.7079296112060547
0.7749831080436707
0.0907679870724678
0.6210700273513794
0.9684329628944397
0.23308154940605164
0.3408281207084656
0.7615368366241455
0.5554237961769104
0.47053515911102295
0.71739262342453
0.8371050953865051
0.3875771164894104
0.1934436559677124
0.5839844942092896
0.7934156656265259
0.7086455225944519
0.6813066005706787
0.26688697934150696
0.03504374995827675
0.3523200452327728
0.06711528450250626
0.9511020183563232
0.5737122893333435
0.6586568355560303
0.052125465124845505
0.17181089520454407
0.0637073740363121
0.621466338634491
0.7261983156204224
0.7794600129127502
0.635718047618866
0.6322181820869446
0.20708495378494263
0.07239654660224915
0.05150908604264259
0.6124119162559509
0.5950438380241394
0.676867663860321
0.10708819329738617
0.29751768708229065
0.7893922924995422
0.6467705965042114
0.3456829786300659
0.40903082489967346
0.4363595247268677
0.6765977144241333
0.0658201202750206
0.6870806813240051
0.3990398347377777
0.21391335129737854
0.5130606293678284
0.338377982378006
0.7667028307914734
0.7372056841850281
0.35376542806625366
0.7287240624427795
0.6862200498580933
0.20923346281051636
0.5220155119895935
0.5080208778381348
0.6076022982597351
0.30005282163619995
0.6040763258934021
0.821806013584137
0.7374642491340637
0.360454797744751
0.5897753834724426
0.37864595651626587
0.05458119511604309
0.2094351053237915
0.38288936018943787
0.8917301893234253
0.07417468726634979
0.6166055202484131
0.48161450028419495
0.1014319583773613
0.6525225043296814
0.33963215351104736
0.8201345801353455
0.676124095916748
0.5652481317520142
0.6371897459030151
0.2622869610786438
0.9549417495727539
0.03620460256934166
0.7128733396530151
0.8701044321060181
0.7759616374969482
0.3378789722919464
0.9862349629402161
0.8609235882759094
0.9945417046546936
0.8777849674224854
0.8528431057929993
0.16143962740898132
0.3058231472969055
0.10146816074848175
0.6435413956642151
0.6994646191596985
0.0017382130026817322
0.27485203742980957
0.6505658030509949
0.7253981828689575
0.3916685879230499
0.01878955028951168
0.02737799845635891
0.9659064412117004
0.3471165597438812
0.5698721408843994
0.14907433092594147
0.5505292415618896
0.8009733557701111
0.9141991138458252
0.11683038622140884
0.18009354174137115
0.5955451130867004
0.6234829425811768
0.1584547758102417
0.4941733479499817
0.6707062125205994
0.7940616607666016
0.043309058994054794
0.02725530043244362
0.9858386516571045
0.73154616355896
0.2604351341724396
0.6076259613037109
0.6821612119674683
0.8257008790969849
0.6286421418190002
0.49109888076782227
0.2968066334724426
0.24915367364883423
0.5903130173683167
0.9680337905883789
0.9333005547523499
0.17337091267108917
0.21385374665260315
0.04504474997520447
0.9506242871284485
0.8374730944633484
0.37409818172454834
0.22900256514549255
0.8206489682197571
0.3547343611717224
0.005631383508443832
0.9634246230125427
0.5562019944190979
0.08499404042959213
0.94937664270401
0.8341094851493835
0.49313658475875854
0.925820529460907
0.07235075533390045
0.4669037461280823
0.7432318925857544
0.2956352233886719
0.34921255707740784
0.019296634942293167
0.3876747786998749
0.2828099727630615
0.4072972536087036
0.787074625492096
0.941290557384491
0.6565737128257751
0.7399112582206726
0.548852264881134
0.2509717047214508
0.1625630259513855
0.9659785628318787
0.17633867263793945
0.5872666239738464
0.633468747138977
0.31737297773361206
0.19921883940696716
0.1797531396150589
0.17461365461349487
0.30240684747695923
0.7234637141227722
0.025959253311157227
0.05993231013417244
0.27407270669937134
0.6118426322937012
0.4270354211330414
0.1463468223810196
0.7002947330474854
0.6625211834907532
0.9438952207565308
0.1191118061542511
0.35145601630210876
0.2148636281490326
0.5378513932228088
0.5606896877288818
0.049301471561193466
0.6972723007202148
0.07965929061174393
0.362728089094162
0.9307887554168701
0.6681156754493713
0.7330800890922546
0.8041196465492249
0.8157039284706116
0.008770657703280449
0.3063868284225464
0.388010174036026
0.8854444026947021
0.4393567740917206
0.697317361831665
0.9435160160064697
0.7789987921714783
0.1717425286769867
0.30174019932746887
0.7802706956863403
0.0199795700609684
0.7214093208312988
0.43895816802978516
0.8812127709388733
0.7608729600906372
0.9111195802688599
0.9539868831634521
0.05326482653617859
0.14026479423046112
0.7990556955337524
0.5995421409606934
0.6352130770683289
0.25072580575942993
0.4106253683567047
0.5855507850646973
0.06438425183296204
0.09758935123682022
0.23648126423358917
0.5043256878852844
0.8034490942955017
0.7852240204811096
0.6831809282302856
0.3338126540184021
0.6746731400489807
0.8141080141067505
0.5445817112922668
0.5545490384101868
0.4982796311378479
0.05582372471690178
0.15653164684772491
0.9961576461791992
0.24843138456344604
0.3769065737724304
0.08768956363201141
0.5694679021835327
0.875860333442688
0.6288642287254333
0.6812649965286255
0.14993564784526825
0.7708929777145386
0.6842654347419739
0.009462947957217693
0.3929678201675415
0.19120247662067413
0.9441792964935303
0.8670604228973389
0.30228620767593384
0.05483262240886688
0.7671362161636353
0.09835311025381088
0.9480293989181519
0.42981162667274475
0.12548308074474335
0.0410609245300293
0.973320722579956
0.9042609333992004
0.135305255651474
0.2597990930080414
0.2857334613800049
0.7503936886787415
0.7008175253868103
0.769313633441925
0.9626612663269043
0.3327426314353943
0.025252798572182655
0.9240909218788147
0.5274224281311035
0.5624446868896484
0.32477712631225586
0.07505191117525101
0.7850019335746765
0.5636763572692871
0.27900227904319763
0.1338624656200409
0.17051611840724945
0.1918233186006546
0.7457453608512878
0.2557181417942047
0.07398039102554321
0.38887977600097656
0.24078607559204102
0.6998358964920044
0.3028603792190552
0.5039741396903992
0.9320382475852966
0.07354973256587982
0.47460344433784485
0.20788083970546722
0.27406758069992065
0.4938567280769348
0.7574520111083984
0.2511098086833954
0.7324765920639038
0.4644981026649475
0.03896886855363846
0.8330420255661011
0.5623487830162048
0.763403594493866
0.44680914282798767
0.6889327764511108
0.46894630789756775
0.07411733269691467
0.19356180727481842
0.42777860164642334
0.8736068606376648
0.9228308796882629
0.8015701770782471
0.21370667219161987
0.19051691889762878
0.16340456902980804
0.4699224531650543
0.9306293725967407
0.28975990414619446
0.9732500910758972
0.46391600370407104
0.9787660241127014
0.593393087387085
0.22198612987995148
0.532287061214447
0.07146742939949036
0.382524698972702
0.982836902141571
0.3626475930213928
0.2858535945415497
0.7880941033363342
0.2133036106824875
0.2641506493091583
0.16522063314914703
0.6170598864555359
0.312069833278656
0.37001559138298035
0.6246840953826904
0.22510941326618195
0.22832278907299042
0.1726064234972
0.45292767882347107
0.7656229734420776
0.7764105200767517
0.8138108253479004
0.9904584884643555
0.9266313314437866
0.33484169840812683
0.8007301092147827
0.8960754871368408
0.12842386960983276
0.2650831341743469
0.8471990823745728
0.6673166751861572
0.17314380407333374
0.16168037056922913
0.9048597812652588
0.09545272588729858
0.5097256302833557
0.8912712335586548
0.452332466840744
0.9513623714447021
0.700801432132721
0.47630664706230164
0.4238637089729309
0.8968400955200195
0.9770497679710388
0.14164209365844727
0.8540857434272766
0.3622561991214752
0.4060196578502655
0.7899813055992126
0.7405872941017151
0.3455433249473572
0.049221284687519073
0.10211028903722763
0.9241560697555542
0.0861961767077446
0.6311044096946716
0.24643172323703766
0.17545370757579803
0.8699398040771484
0.605078935623169
0.4604164958000183
0.5845330953598022
0.21290802955627441
0.24339762330055237
0.19307248294353485
0.3631307780742645
0.08994963020086288
0.06899870187044144
0.5177435278892517
0.7441045045852661
0.4301600158214569
0.5242137908935547
0.5304146409034729
0.469656765460968
0.4341813325881958
0.8882181644439697
0.6884883642196655
0.4111236035823822
0.8055942058563232
0.0006926449132151902
0.2674609124660492
0.2893812954425812
0.3351088762283325
0.08595875650644302
0.5669862031936646
0.190279021859169
0.7686063051223755
0.8018702864646912
0.5393999218940735
0.10388714075088501
0.6269711256027222
0.3657105565071106
0.7023199200630188
0.4665037989616394
0.8312464952468872
0.34585830569267273
0.11395755410194397
0.8850550651550293
0.18024100363254547
0.3037707209587097
0.7900962233543396
0.5560828447341919
0.6476864218711853
0.16988487541675568
0.5047231912612915
0.6891357898712158
0.14349333941936493
0.7778464555740356
0.14095251262187958
0.4116747975349426
0.9428713917732239
0.9086354374885559
0.8347014784812927
0.34529510140419006
0.24356308579444885
0.23886698484420776
0.5443125367164612
0.059829410165548325
0.9255375266075134
0.6781201958656311
0.4392850995063782
0.6027726531028748
0.053862884640693665
0.02327444963157177
0.1807112842798233
0.14519040286540985
0.9681695103645325
0.5525684356689453
0.9336588978767395
0.15641698241233826
0.8060213923454285
0.07241803407669067
0.38071274757385254
0.8697826266288757
0.8493810892105103
0.34415972232818604
0.16380684077739716
0.5420023202896118
0.257273405790329
0.8721698522567749
0.6048063039779663
0.2859850227832794
0.6741693019866943
0.38280045986175537
0.6510388255119324
0.5214066505432129
0.013599871657788754
0.6535072326660156
0.19573929905891418
0.28840571641921997
0.7457685470581055
0.14763981103897095
0.6830799579620361
0.2298203408718109
0.6107405424118042
0.35659584403038025
0.44783565402030945
0.8109750747680664
0.6430848836898804
0.9729762673377991
0.6436751484870911
0.34116074442863464
0.22039978206157684
0.19065773487091064
0.7971205115318298
0.03368532285094261
0.5943449139595032
0.5063512921333313
0.2626553177833557
0.3544386625289917
0.25535279512405396
0.6193788051605225
0.9771250486373901
0.66374671459198
0.4745454788208008
0.4131467342376709
0.7157358527183533
0.24053332209587097
0.13722921907901764
0.8866833448410034
0.32307708263397217
0.4286286234855652
0.8667254447937012
0.11783531308174133
0.0658932775259018
0.17680208384990692
0.5112867951393127
0.3259679973125458
0.4659234583377838
0.6057847142219543
0.15199372172355652
0.8797826170921326
0.34034231305122375
0.1393396258354187
0.7555239796638489
0.19034114480018616
0.8869640827178955
0.7986222505569458
0.43958577513694763
0.9533354043960571
0.6701850295066833
0.5950278639793396
0.1493111401796341
0.6062220335006714
0.1557614803314209
0.30848655104637146
0.936405599117279
0.0974464863538742
0.6681678295135498
0.13626830279827118
0.04553627595305443
0.4252355396747589
0.5495429039001465
0.3702296316623688
0.4311918318271637
0.9965690970420837
0.25521478056907654
0.547371506690979
0.2944995164871216
0.5954484343528748
0.8727492690086365
0.00039905880112200975
0.12457720190286636
0.6003661155700684
0.39684492349624634
0.9050912261009216
0.894422173500061
0.9574761986732483
0.20612941682338715
0.06108417734503746
0.46728259325027466
0.7104412317276001
0.7730968594551086
0.9895332455635071
0.1454426497220993
0.6543890237808228
0.9850347638130188
0.8497544527053833
0.46253716945648193
0.9321985840797424
0.8812920451164246
0.43562349677085876
0.5611414313316345
0.4529557526111603
0.47147321701049805
0.9925037026405334
0.05128464847803116
0.6671369075775146
0.08738180249929428
0.8221449255943298
0.7698487639427185
0.6293111443519592
0.5878421664237976
0.7334904670715332
0.2223942130804062
0.5279079079627991
0.5742194652557373
0.9220631718635559
0.7139298915863037
0.3406250476837158
0.26274585723876953
0.36218035221099854
0.32284778356552124
0.8544094562530518
0.028552832081913948
0.7316011190414429
0.5786122679710388
0.17468948662281036
0.7443420886993408
0.17496605217456818
0.16729484498500824
0.5313976407051086
0.16970503330230713
0.2907025218009949
0.32045459747314453
0.602548360824585
0.8679948449134827
0.8137034177780151
0.19288191199302673
0.4914894104003906
0.8819969296455383
0.43243536353111267
0.9940574765205383
0.1537141054868698
0.8999305367469788
0.6051571369171143
0.1277218610048294
0.5058727860450745
0.8624208569526672
0.016572128981351852
0.18429377675056458
0.6153113842010498
0.3496549725532532
0.2831348776817322
0.9578899145126343
0.23372948169708252
0.8219611048698425
0.6038011312484741
0.6193220019340515
0.6753158569335938
0.43654653429985046
0.3419502377510071
0.3325965404510498
0.57847660779953
0.27277660369873047
0.4213034212589264
0.3620356321334839
0.9207154512405396
0.41658294200897217
0.6774186491966248
0.8543360829353333
0.03649036958813667
0.7327165603637695
0.4284287989139557
0.3908962905406952
0.6627835631370544
0.5129353404045105
0.9716640114784241
0.41505011916160583
0.4787868559360504
0.7721448540687561
0.9942629933357239
0.6745703220367432
0.4340549111366272
0.3425476551055908
0.37505921721458435
0.44961440563201904
0.8620381951332092
0.7642651796340942
0.9715866446495056
0.24610672891139984
0.9043576121330261
0.6356072425842285
0.7776849865913391
0.4936961829662323
0.34451380372047424
0.8303378820419312
0.02079179883003235
0.8525187373161316
0.6453703045845032
0.8202058672904968
0.7648308873176575
0.09088527411222458
0.11708834767341614
0.11477778851985931
0.880272626876831
0.2856394350528717
0.4347691535949707
0.018108701333403587
0.7926193475723267
0.27094683051109314
0.6079404354095459
0.2557419240474701
0.8092449903488159
0.7687963843345642
0.06329905986785889
0.8866986632347107
0.7157156467437744
0.8949397206306458
0.4725964665412903
0.9840808510780334
0.7622901201248169
0.8224616646766663
0.42272210121154785
0.8861504197120667
0.8882453441619873
0.5259971618652344
0.8470683097839355
0.38844725489616394
0.2561335563659668
0.04426196962594986
0.24686168134212494
0.1307002454996109
0.7252899408340454
0.6879528760910034
0.2992355227470398
0.6087580919265747
0.6193531155586243
0.21657529473304749
0.35908791422843933
0.6074462532997131
0.7435485124588013
0.10073922574520111
0.13037949800491333
0.7508218884468079
0.22964924573898315
0.9566106200218201
0.1440020501613617
0.7845695614814758
0.9006938934326172
0.699475884437561
0.9390049576759338
0.7153650522232056
0.4135039150714874
0.8228191137313843
0.99822598695755
0.17793209850788116
0.7492855787277222
0.21699932217597961
0.6876848340034485
0.1525695025920868
0.412523478269577
0.6699520945549011
0.9589026570320129
0.030337754637002945
0.8044227361679077
0.11262626200914383
0.4846546947956085
0.42314180731773376
0.2660054862499237
0.4721105396747589
0.6201844811439514
0.3140014111995697
0.9283484816551208
0.0325789675116539
0.49234089255332947
0.014728949405252934
0.6590267419815063
0.7574241757392883
0.041322726756334305
0.34481024742126465
0.8258432745933533
0.3248279094696045
0.04862191155552864
0.45604270696640015
0.8823597431182861
0.6768203973770142
0.8642104864120483
0.42247429490089417
0.4084894359111786
0.8907142877578735
0.11937547475099564
0.2922458052635193
0.14003053307533264
0.8899785280227661
0.5725724697113037
0.1369597464799881
0.5720966458320618
0.2042538970708847
0.7926058769226074
0.49128949642181396
0.7194938659667969
0.17538712918758392
0.2802203297615051
0.12462073564529419
0.4426877796649933
0.2787752151489258
0.12450452148914337
0.02525591291487217
0.9706191420555115
0.856303870677948
0.1488742083311081
0.06601746380329132
0.8736332654953003
0.8127030730247498
0.8164394497871399
0.7860468626022339
0.08251355588436127
0.024094687774777412
0.4251675009727478
0.8971971869468689
0.1628873497247696
0.5865280032157898
0.25213780999183655
0.9688454866409302
0.9958739876747131
0.22260446846485138
0.5282878875732422
0.5710492730140686
0.11998411267995834
0.4305001199245453
0.40362897515296936
0.8697454333305359
0.5557661652565002
0.9974074363708496
0.21069835126399994
0.9941513538360596
0.037115540355443954
0.6635339856147766
0.4743767976760864
0.9044789671897888
0.5557383298873901
0.10792446881532669
0.4963604509830475
0.4337387681007385
0.16364842653274536
0.4432345926761627
0.755865752696991
0.3593110740184784
0.618996262550354
0.2935400903224945
0.2899537682533264
0.7938364744186401
0.7180526852607727
0.479556679725647
0.7633171677589417
0.5320396423339844
0.9683124423027039
0.6249794363975525
0.7836819887161255
0.2849900722503662
0.052786000072956085
0.8994777798652649
0.3843378722667694
0.9587038159370422
0.07241833209991455
0.4587366282939911
0.9997292757034302
0.03247442841529846
0.1326131671667099
0.3514387905597687
0.8219471573829651
0.6931714415550232
0.9650827646255493
0.7990511655807495
0.7025728821754456
0.16844797134399414
0.2630639970302582
0.19909825921058655
0.8737799525260925
0.8471837043762207
0.7059754133224487
0.8815988898277283
0.30089011788368225
0.8093317151069641
0.8909336924552917
0.38823047280311584
0.8608874082565308
0.17401300370693207
0.13022743165493011
0.35810062289237976
0.3159588575363159
0.5620185732841492
0.8383296728134155
0.2993067502975464
0.061145149171352386
0.7878260016441345
0.6191468834877014
0.352041631937027
0.04384046047925949
0.5006684064865112
0.5128238797187805
0.878912091255188
0.7389704585075378
0.062049273401498795
0.2652120292186737
0.9225785732269287
0.7456039190292358
0.939305305480957
0.528500497341156
0.07266902923583984
0.3322027623653412
0.9717604517936707
0.607239305973053
0.4690532982349396
0.20267648994922638
0.8395046591758728
0.814680814743042
0.4616665840148926
0.11860021203756332
0.8794591426849365
0.733859121799469
0.3808841407299042
0.3521397113800049
0.864416241645813
0.910941481590271
0.616603672504425
0.3774867057800293
0.04544005170464516
0.16652843356132507
0.33883070945739746
0.8501130938529968
0.9742372035980225
0.05178552120923996
0.6737843751907349
0.7793017625808716
0.9647398591041565
0.778492271900177
0.7610493898391724
0.07917346805334091
0.6206228137016296
0.49116647243499756
0.25986430048942566
0.6767643094062805
0.3565707504749298
0.22951018810272217
0.7431672215461731
0.4524577856063843
0.6035398840904236
0.614069938659668
0.8634010553359985
0.6342053413391113
0.6069644689559937
0.024644944816827774
0.08290909975767136
0.05173034593462944
0.14084552228450775
0.6629148125648499
0.8969528675079346
0.7293041348457336
0.8488051295280457
0.938493549823761
0.1622726023197174
0.6596066951751709
0.7199347019195557
0.6724423170089722
0.13842996954917908
0.8277878761291504
0.7479295134544373
0.6432498097419739
0.2057308554649353
0.7950889468193054
0.2783762812614441
0.1441880464553833
0.47690969705581665
0.5045620203018188
0.7985395193099976
0.836436927318573
0.41915300488471985
0.445016473531723
0.13724428415298462
0.4598503112792969
0.530298113822937
0.4826993942260742
0.2948762774467468
0.692808210849762
0.8118370175361633
0.6301068067550659
0.04812968149781227
0.025654125958681107
0.8754872679710388
0.5514960885047913
0.39630410075187683
0.3746286630630493
0.42214536666870117
0.8782442808151245
0.23776483535766602
0.5479428172111511
0.563064455986023
0.5466541647911072
0.9596353769302368
0.2352461814880371
0.6733764410018921
0.1455007642507553
0.2218138873577118
0.051800332963466644
0.7437575459480286
0.23761290311813354
0.33995819091796875
0.5559361577033997
0.8795477747917175
0.5269966125488281
0.004595831502228975
0.14601941406726837
0.6517594456672668
0.23081956803798676
0.04399440437555313
0.258286714553833
0.29756706953048706
0.2634834349155426
0.39239487051963806
0.2849615514278412
0.40109309554100037
0.860247015953064
0.8391463756561279
0.14075885713100433
0.8287035822868347
0.8545676469802856
0.9369977712631226
0.2543244957923889
0.7054732441902161
0.5817230939865112
0.7886812686920166
0.7229204177856445
0.8494874835014343
0.14359228312969208
0.5853481888771057
0.23741425573825836
0.7603259086608887
0.6672355532646179
0.44250786304473877
0.9177928566932678
0.18717060983181
0.3156062364578247
0.9848158359527588
0.027417289093136787
0.8110924363136292
0.28005221486091614
0.9313843846321106
0.9561057686805725
0.7207253575325012
0.8050451874732971
0.7191674709320068
0.012128282338380814
0.012500794604420662
0.7649362683296204
0.9110060334205627
0.7607077956199646
0.44764912128448486
0.8551768660545349
0.8423902988433838
0.6158364415168762
0.4654640853404999
0.53069007396698
0.5234153866767883
0.7539888024330139
0.7156055569648743
0.29468032717704773
0.8808270692825317
0.26688313484191895
0.1722336709499359
0.860695481300354
0.4621083438396454
0.7202345728874207
0.6005366444587708
0.15723757445812225
0.5849073529243469
0.3760140836238861
0.03463083505630493
0.8879839777946472
0.8516374826431274
0.8842690587043762
0.6208022832870483
0.6024115681648254
0.81513911485672
0.6994178295135498
0.47617843747138977
0.5349454879760742
0.04256253316998482
0.8165741562843323
0.20325826108455658
0.009438548237085342
0.5402511954307556
0.17018456757068634
0.9652144908905029
0.017389513552188873
0.40986767411231995
0.4155089557170868
0.11831614375114441
0.4563739001750946
0.8554090857505798
0.17800399661064148
0.7525713443756104
0.4661150574684143
0.37664908170700073
0.2890569567680359
0.8655531406402588
0.5982213020324707
0.6654553413391113
0.4677402675151825
0.6593616604804993
0.9542288780212402
0.9464889764785767
0.1846456378698349
0.8761117458343506
0.596392035484314
0.7952206134796143
0.3949148654937744
0.9887303709983826
0.7368860840797424
0.5933364629745483
0.865544319152832
0.25853967666625977
0.9655728340148926
0.21767108142375946
0.6662665605545044
0.10068716108798981
0.9403908848762512
0.23646622896194458
0.05460233613848686
0.6332147121429443
0.00888110976666212
0.8056923747062683
0.4537522792816162
0.3158324062824249
0.07195158302783966
0.4619036316871643
0.5234714150428772
0.9715251922607422
0.4447658360004425
0.9353532195091248
0.3759130835533142
0.1296030580997467
0.5716114640235901
0.2253665030002594
0.6928279399871826
0.14381913840770721
0.8184652328491211
0.906585156917572
0.19706279039382935
0.5976706147193909
0.8789013624191284
0.3403463363647461
0.4568021595478058
0.54088294506073
0.2711845934391022
0.746986985206604
0.26487788558006287
0.7559676170349121
0.7471657991409302
0.37564611434936523
0.5189630389213562
0.06468582153320312
0.4192661643028259
0.6548339128494263
0.3560738265514374
0.2688235938549042
0.37226465344429016
0.5535366535186768
0.4079883098602295
0.16502197086811066
0.3455418348312378
0.8955972194671631
0.2199885994195938
0.7675420641899109
0.04867205768823624
0.2304268628358841
0.3603556752204895
0.2440921813249588
0.05065297707915306
0.5902392268180847
0.004880556836724281
0.12987418472766876
0.9677022695541382
0.5126592516899109
0.1780301034450531
0.6412750482559204
0.6222609281539917
0.2203887552022934
0.34098026156425476
0.5943351984024048
0.17085301876068115
0.09043331444263458
0.4906264543533325
0.4569022059440613
0.7185664772987366
0.14995156228542328
0.5922314524650574
0.4558996558189392
0.21898293495178223
0.39213764667510986
0.7314931154251099
0.3669022023677826
0.314515084028244
0.5898537039756775
0.5087506771087646
0.33099767565727234
0.26813778281211853
0.2638813555240631
0.03175175189971924
0.6211681365966797
0.9488300085067749
0.5757483243942261
0.5334067940711975
0.20920510590076447
0.4675086438655853
0.741244912147522
0.13869331777095795
0.5436704158782959
0.21250374615192413
0.49886417388916016
0.8293372392654419
0.6021244525909424
0.262744665145874
0.5124279260635376
0.4148750603199005
0.4407881200313568
0.2870285212993622
0.355839341878891
0.4186600148677826
0.5743968486785889
0.8907278776168823
0.5219783186912537
0.21291126310825348
0.0928148701786995
0.6563019156455994
0.8661507964134216
0.3173865079879761
0.9481104612350464
0.9970089793205261
0.4093921184539795
0.4093824326992035
0.22310444712638855
0.17764662206172943
0.47423383593559265
0.09762369096279144
0.7106553912162781
0.18609829246997833
0.08279691636562347
0.4713374972343445
0.2684077322483063
0.006064500659704208
0.6663776636123657
0.24915556609630585
0.7746821641921997
0.8694328665733337
0.5537256598472595
0.2772866189479828
0.7956635355949402
0.9868876934051514
0.19317038357257843
0.36003097891807556
0.7270296812057495
0.8610644340515137
0.64067143201828
0.7040979266166687
0.8896948099136353
0.9348537921905518
0.32046565413475037
0.4027649760246277
0.27038973569869995
0.2932788133621216
0.8511449098587036
0.2978072166442871
0.3303941786289215
0.23862102627754211
0.5450481176376343
0.6385108828544617
0.12441006302833557
0.44946372509002686
0.013476443476974964
0.4576796591281891
0.489763468503952
0.4838830828666687
0.8753107190132141
0.5481599569320679
0.313804030418396
0.24233978986740112
0.4857257306575775
0.24346911907196045
0.531731903553009
0.41808703541755676
0.4451337456703186
0.36705905199050903
0.3428118824958801
0.3281182050704956
0.10737460106611252
0.3814297020435333
0.7486202120780945
0.3142816126346588
0.8431146144866943
0.05207511782646179
0.9626495242118835
0.33982983231544495
0.3049120306968689
0.13093174993991852
0.45295605063438416
0.5900382995605469
0.7225030660629272
0.5474294424057007
0.25837206840515137
0.6431119441986084
0.5864205360412598
0.38746941089630127
0.15238960087299347
0.6439729332923889
0.16507525742053986
0.5205239057540894
0.49138495326042175
0.04255661740899086
0.5622369050979614
0.10041731595993042
0.6215034127235413
0.2717336416244507
0.6625608205795288
0.4543546736240387
0.697232723236084
0.7469968795776367
0.9932378530502319
0.25953611731529236
0.0414804145693779
0.7654353380203247
3.738818486453965e-05
0.6016164422035217
0.1965923309326172
0.026482777670025826
0.6543213129043579
0.18039770424365997
0.3292157053947449
0.06130838394165039
0.7070928812026978
0.16438010334968567
0.6867753267288208
0.7641912698745728
0.9940908551216125
0.4985848069190979
0.10006392747163773
0.2650987207889557
0.1374441534280777
0.05650385469198227
0.16414380073547363
0.20641252398490906
0.7439113855361938
0.3571454584598541
0.39378488063812256
0.5294971466064453
0.6546719074249268
0.3809773027896881
0.275310218334198
0.21446245908737183
0.06865516304969788
0.6873872876167297
0.17383819818496704
0.7462803721427917
0.5435637831687927
0.08616907149553299
0.05856654793024063
0.18858978152275085
0.3967694640159607
0.9433605670928955
0.9888282418251038
0.7704251408576965
0.0229426771402359
0.5683301091194153
0.2902951240539551
0.6342776417732239
0.6669401526451111
0.1561000645160675
0.6789138317108154
0.44680866599082947
0.42512521147727966
0.3048495650291443
0.0028379459399729967
0.8825207948684692
0.639144241809845
0.20535698533058167
0.003175351768732071
0.6103585958480835
0.7059893012046814
0.8391238451004028
0.6958906054496765
0.16910983622074127
0.3119308352470398
0.4300195276737213
0.9356797337532043
0.5089045166969299
0.743073582649231
0.06690102070569992
0.7190031409263611
0.6878360509872437
0.9521611928939819
0.48127686977386475
0.003516141790896654
0.8856468200683594
0.4333067238330841
0.7177644371986389
0.9704203605651855
0.07575073093175888
0.6523356437683105
0.8675996661186218
0.1519821584224701
0.5760079622268677
0.4632079303264618
0.16896440088748932
0.6713173389434814
0.45700371265411377
0.6657043099403381
0.23287513852119446
0.24223026633262634
0.2168717086315155
0.39030346274375916
0.6843560338020325
0.4913683533668518
0.8652727603912354
0.3257664740085602
0.9144036173820496
0.047430284321308136
0.8417657017707825
0.1704898327589035
0.05912232771515846
0.1452360898256302
0.2026517689228058
0.8137035369873047
0.49520859122276306
0.4675024747848511
0.6681181192398071
0.07337798923254013
0.7588304281234741
0.8070437908172607
0.7022398710250854
0.5785529613494873
0.11030677706003189
0.06734861433506012
0.2026868611574173
0.0023536155931651592
0.8866279721260071
0.7760730981826782
0.3903926610946655
0.28674614429473877
0.04955088719725609
0.9268496036529541
0.6464694738388062
0.2610919773578644
0.13450780510902405
0.393709272146225
0.5069648027420044
0.5633851289749146
0.6686521768569946
0.47208887338638306
0.10748057067394257
0.21197450160980225
0.021043846383690834
0.8807604312896729
0.6746375560760498
0.019831078127026558
0.3103458881378174
0.3296804428100586
0.6171972751617432
0.577904462814331
0.7532252669334412
0.09760274738073349
0.8014161586761475
0.5686224699020386
0.5061717629432678
0.6156299114227295
0.8390371203422546
0.24716968834400177
0.8489959239959717
0.4355282187461853
0.9749327898025513
0.5967270135879517
0.5626490712165833
0.5603537559509277
0.12816207110881805
0.5847954154014587
0.20777277648448944
0.7105514407157898
0.8117533326148987
0.9282422661781311
0.4957566261291504
0.42155370116233826
0.283347487449646
0.9009515643119812
0.9092963337898254
0.6363065242767334
0.5136680603027344
0.4265230596065521
0.4059619605541229
0.7034196257591248
0.6841424107551575
0.8052024841308594
0.5863444209098816
0.9509372115135193
0.29015976190567017
0.9788033962249756
0.28233271837234497
0.9487363696098328
0.01615106873214245
0.9994326829910278
0.6058120131492615
0.6437426209449768
0.6325227618217468
0.30112019181251526
0.832729697227478
0.5604795217514038
0.7078260183334351
0.2960260510444641
0.38797664642333984
0.4096427857875824
0.34853053092956543
0.6248987317085266
0.5660197138786316
0.33259519934654236
0.06542221456766129
0.309171199798584
0.5402865409851074
0.9821265339851379
0.21608276665210724
0.41448161005973816
0.46683618426322937
0.7367026209831238
0.36383914947509766
0.7679805755615234
0.2550137937068939
0.03296233341097832
0.38526540994644165
0.796428382396698
0.6004502177238464
0.1786271631717682
0.536209225654602
0.8700242042541504
0.7618886828422546
0.8126803636550903
0.13460615277290344
0.8626347184181213
0.8028349876403809
0.2189859002828598
0.6030405163764954
0.7061483860015869
0.7166891694068909
0.9234827160835266
0.6677632331848145
0.43174371123313904
0.5463240742683411
0.8061169981956482
0.3445882499217987
0.8337493538856506
0.26268526911735535
0.28533193469047546
0.3900105059146881
0.7264169454574585
0.09766039252281189
0.15275049209594727
0.03783373534679413
0.12399986386299133
0.20321813225746155
0.9809800982475281
0.803682267665863
0.9282058477401733
0.5461011528968811
0.28914323449134827
0.3805627226829529
0.6094222664833069
0.1914142668247223
0.29462069272994995
0.4346221685409546
0.3287420868873596
0.39839744567871094
0.44450896978378296
0.08598668873310089
0.7444939017295837
0.6896191239356995
0.553112268447876
0.9240603446960449
0.9112423062324524
0.0647897869348526
0.8051280975341797
0.7686365246772766
0.9392221570014954
0.5507327914237976
0.6316658854484558
0.06176333874464035
0.6815123558044434
0.9268558025360107
0.9753949642181396
0.5538751482963562
0.00840936228632927
0.8631675839424133
0.5716350078582764
0.13317035138607025
0.8583625555038452
0.23179632425308228
0.21440759301185608
0.0379355326294899
0.6766784191131592
0.4453510046005249
0.7027848362922668
0.7166246771812439
0.7987599968910217
0.01760142482817173
0.45706069469451904
0.6368053555488586
0.11574305593967438
0.25166723132133484
0.2762613594532013
0.06579575687646866
0.19688531756401062
0.7815971970558167
0.7441256642341614
0.974380373954773
0.09725482016801834
0.4623855650424957
0.5867369771003723
0.42811349034309387
0.09677580744028091
0.953025221824646
0.01800713874399662
0.13984909653663635
0.9935784339904785
0.0678907185792923
0.8004168272018433
0.5236037969589233
0.022113384678959846
0.2715117633342743
0.7428286075592041
0.7275711297988892
0.5792607069015503
0.8697641491889954
0.33000826835632324
0.6639066934585571
0.10681764781475067
0.21494647860527039
0.41209620237350464
0.3113347291946411
0.5413896441459656
0.47172391414642334
0.30419909954071045
0.2519395351409912
0.6443687677383423
0.5766537189483643
0.34867095947265625
0.5591850876808167
0.13842664659023285
0.11144127696752548
0.1896950602531433
0.29077643156051636
0.9098096489906311
0.19555898010730743
0.4762009382247925
0.41307899355888367
0.4900904893875122
0.41974616050720215
0.619001030921936
0.723003089427948
0.13684555888175964
0.6945277452468872
0.6323471069335938
0.40917477011680603
0.2949962615966797
0.496306836605072
0.48114603757858276
0.1650632619857788
0.16737733781337738
0.9639021158218384
0.3775841295719147
0.8933151364326477
0.16451480984687805
0.17660857737064362
0.842657744884491
0.030040452256798744
0.5051618814468384
0.7677084803581238
0.2657330334186554
0.6803457140922546
0.6764430403709412
0.5319601893424988
0.6260800957679749
0.8133164048194885
