512 1
0
1
1
240
2
18
3
154
4
486
5
437
6
423
7
345
8
154
9
221
10
197
11
18
12
380
13
437
14
383
15
165
2
16
17
299
18
496
19
357
20
260
21
91
22
380
23
263
24
128
25
233
26
227
27
323
28
363
29
226
30
213
31
168
32
120
33
55
34
171
35
282
36
249
37
317
38
361
39
299
40
187
41
323
42
144
43
353
44
344
45
350
46
95
47
116
48
282
49
221
9
50
51
327
47
52
53
61
54
446
55
158
56
225
31
57
58
483
59
204
60
472
61
316
18
62
8
63
64
475
14
65
66
481
13
67
68
381
37
69
70
319
71
96
72
241
73
173
74
215
75
226
76
102
77
434
62
78
79
317
80
240
81
431
51
82
83
308
84
104
85
468
86
218
87
445
88
116
89
112
58
90
30
91
92
221
93
256
94
259
95
284
96
457
97
313
98
314
99
358
100
390
101
309
102
449
103
481
104
306
105
408
106
420
107
129
108
429
109
393
110
266
60
111
112
128
113
450
114
143
115
453
76
116
117
233
118
209
38
119
31
120
121
278
122
329
23
123
124
479
125
343
126
411
127
460
128
158
129
158
130
487
131
442
95
132
133
179
134
235
135
475
136
316
137
412
138
428
45
139
109
140
141
470
142
439
116
143
144
224
102
145
146
320
147
308
148
377
149
472
150
468
151
211
152
483
48
153
106
154
155
263
73
156
157
161
158
229
11
159
160
430
161
510
162
349
139
163
164
470
6
165
166
328
167
223
168
296
29
169
170
458
171
465
149
172
5
173
174
292
175
495
94
176
106
177
178
335
179
301
18
180
181
268
56
182
183
401
66
184
185
306
186
300
187
298
188
280
189
463
19
190
191
381
192
276
193
495
194
316
195
430
127
196
127
197
198
464
199
292
112
200
201
453
202
458
70
203
204
267
46
205
142
206
2
207
208
359
209
376
210
442
211
508
212
458
213
406
214
358
215
282
216
266
217
363
218
365
219
434
40
220
85
221
222
229
223
458
65
224
225
275
226
236
227
473
228
346
229
237
81
230
110
231
232
383
233
264
10
234
58
235
225
236
166
237
238
273
81
239
240
453
73
241
242
460
152
243
244
372
67
245
5
246
22
247
248
482
145
249
250
437
92
251
252
337
146
253
253
254
111
255
161
256
235
257
258
457
259
477
260
343
261
278
56
262
244
263
264
308
61
265
266
433
267
370
65
268
223
269
270
370
271
377
131
272
273
285
274
508
69
275
276
359
277
316
278
471
279
481
280
394
236
281
282
436
8
283
284
384
285
392
286
465
113
287
20
288
7
289
265
290
219
291
292
462
238
293
163
294
295
417
25
296
297
484
298
341
52
299
293
300
301
317
72
302
127
303
304
472
305
498
52
306
205
307
308
325
309
505
162
310
311
470
189
312
273
313
152
314
315
478
213
316
142
317
316
318
223
319
320
431
175
321
322
448
323
427
81
324
211
325
148
326
136
327
77
328
274
329
330
481
307
331
332
482
333
474
334
506
318
335
15
336
337
395
57
338
120
339
259
340
302
341
342
369
343
400
344
507
289
345
99
346
97
347
348
387
281
349
350
471
351
418
189
352
53
353
354
472
355
486
239
356
229
357
339
358
311
359
360
404
361
473
362
483
204
363
337
364
95
365
366
396
76
367
335
368
173
369
370
411
136
371
349
372
45
373
374
495
78
375
102
376
339
377
154
378
192
379
23
380
82
381
28
382
383
394
246
384
273
385
355
386
230
387
0
388
30
389
390
493
157
391
211
392
393
485
277
394
232
395
96
396
397
401
183
398
388
399
280
400
131
401
70
402
403
404
189
404
216
405
134
406
256
407
376
408
300
409
193
410
57
411
412
486
413
425
196
414
152
415
416
425
321
417
5
418
294
419
51
420
253
421
394
422
47
423
335
424
55
425
34
426
402
427
86
428
414
429
430
439
46
431
386
432
188
433
267
434
276
435
44
436
437
454
438
484
439
445
374
440
292
441
437
442
199
443
191
444
234
445
283
446
39
447
346
448
449
475
360
450
358
451
227
452
403
453
127
454
274
455
393
456
401
457
66
458
275
459
189
460
172
461
462
487
27
463
112
464
386
465
466
484
463
467
89
468
354
469
374
470
471
486
73
472
321
473
234
474
434
475
96
476
374
477
307
478
35
479
265
480
202
481
379
482
113
483
375
484
346
485
52
486
148
487
289
488
93
489
398
490
142
491
231
492
138
493
215
494
421
495
144
496
47
497
270
498
188
499
487
500
153
501
204
502
157
503
250
504
377
505
132
506
196
507
20
508
142
509
385
510
282
511
0.29357436299324036
0.0002406813291599974
0.04285035654902458
0.46877384185791016
0.675823450088501
0.23170316219329834
0.7389025092124939
0.7150607109069824
0.25998714566230774
0.9686927795410156
0.5668636560440063
0.4186704456806183
0.9211869239807129
0.1947048008441925
0.6904194951057434
0.6346321105957031
0.7647626399993896
0.02323337458074093
0.7118480801582336
0.43908435106277466
0.3721090853214264
0.9758559465408325
0.724618136882782
0.28761738538742065
0.3481317460536957
0.8999614119529724
0.6160311102867126
0.9095003008842468
0.9306768178939819
0.6243140697479248
0.8435428738594055
0.8455832004547119
0.8980734348297119
0.19761905074119568
0.5474123954772949
0.28864115476608276
0.17469826340675354
0.21321223676204681
0.1671234667301178
0.9977428317070007
0.5739180445671082
0.6780197024345398
0.10820537805557251
0.9796794652938843
0.8823303580284119
0.6528813242912292
0.24966542422771454
0.4668915271759033
0.4362950026988983
0.32336097955703735
0.4487414062023163
0.1123775988817215
0.5669037699699402
0.38467103242874146
0.34867560863494873
0.19948534667491913
0.7350987792015076
0.770786702632904
0.3736516535282135
0.35617196559906006
0.43165260553359985
0.2860923111438751
0.7450701594352722
0.060168709605932236
0.5193285346031189
0.4145037829875946
0.05754034221172333
0.8006777763366699
0.09308493137359619
0.13766980171203613
0.32624301314353943
0.7639597058296204
0.41555044054985046
0.15842902660369873
0.8252495527267456
0.09307616949081421
0.03502676635980606
0.20215754210948944
0.08102080971002579
0.3833528757095337
0.868427574634552
0.020711036399006844
0.1251266747713089
0.6014406681060791
0.8312066793441772
0.29623135924339294
0.2980262041091919
0.6402485966682434
0.9109136462211609
0.9748332500457764
0.7537094950675964
0.7388705015182495
0.6437268853187561
0.923380434513092
0.22080379724502563
0.9626317024230957
0.5293160676956177
0.6063454747200012
0.44963538646698
0.07802379876375198
0.17703859508037567
0.9326323866844177
0.6169283390045166
0.0035226314794272184
0.40308675169944763
0.5791094899177551
0.5247564315795898
0.9489662647247314
0.8665992021560669
0.6387735605239868
0.5826836228370667
0.8415363430976868
0.5758997797966003
0.27859336137771606
0.04206373542547226
0.38346683979034424
0.10989642888307571
0.054075200110673904
0.5218144655227661
0.28427955508232117
0.7096421718597412
0.11961224675178528
0.7431512475013733
0.10288684070110321
0.797874391078949
0.05915139988064766
0.21981051564216614
0.5998463034629822
0.17626680433750153
0.8355096578598022
0.1357111632823944
0.3350675404071808
0.34170612692832947
0.3654831051826477
0.2541230022907257
0.8410916924476624
0.3011031448841095
0.13693556189537048
0.17219625413417816
0.22440315783023834
0.9121091365814209
0.9330258965492249
0.26512831449508667
0.5798876285552979
0.34790873527526855
0.7515401244163513
0.5260421633720398
0.8826019167900085
0.003236197168007493
0.8146941065788269
0.7916280627250671
0.5039587020874023
0.6335000395774841
0.6062508225440979
0.7625131607055664
0.11842373013496399
0.46116554737091064
0.7748488783836365
0.5525767803192139
0.7425572276115417
0.11402026563882828
0.22922606766223907
0.907490611076355
0.6978297829627991
0.060601942241191864
0.3361589014530182
0.14611513912677765
0.78534334897995
0.24003688991069794
0.4010595381259918
0.6404014825820923
0.10526119917631149
0.443596214056015
0.8484380841255188
0.20026373863220215
0.8234161734580994
0.7337225079536438
0.1277550607919693
0.5670053362846375
0.28130102157592773
0.5388050079345703
0.5114578604698181
0.12397702038288116
0.12176499515771866
0.5451123714447021
0.6781349182128906
0.03377760201692581
0.9026550650596619
0.8894704580307007
0.7488377094268799
0.08397790789604187
0.19679860770702362
0.6997953057289124
0.27272629737854004
0.1488608419895172
0.7519605159759521
0.5633049607276917
0.3291391134262085
0.37904849648475647
0.8610550165176392
0.9394397735595703
0.9726828336715698
0.09616804122924805
0.48769766092300415
0.7488166689872742
0.20802892744541168
0.9324022531509399
0.2533462643623352
0.8522717356681824
0.04101930558681488
0.285329133272171
0.3847721219062805
0.3573322892189026
0.012270668521523476
0.6714800596237183
0.27359864115715027
0.027673892676830292
0.520311713218689
0.09896660596132278
0.20268619060516357
0.4695662558078766
0.4975477457046509
0.382906049489975
0.48569047451019287
0.34174975752830505
0.14199435710906982
0.017835522070527077
0.6657544374465942
0.2629973590373993
0.020873811095952988
0.7283079624176025
0.87984699010849
0.11361978948116302
0.5424365401268005
0.822357714176178
0.7005437016487122
0.586578369140625
0.9814345836639404
0.7929495573043823
0.7109615802764893
0.47030937671661377
0.08597565442323685
0.45037928223609924
0.6087512373924255
0.15058685839176178
0.6887446641921997
0.9283005595207214
0.9123973250389099
0.321599543094635
0.5809327363967896
0.38525792956352234
0.728285014629364
0.48701372742652893
0.39547809958457947
0.7866301536560059
0.9615124464035034
0.5938268899917603
0.458514541387558
0.2444637417793274
0.0509345605969429
0.37263548374176025
0.8619006276130676
0.1427309662103653
0.4964297115802765
0.1318846493959427
0.364249587059021
0.4579305052757263
0.9681185483932495
0.2607279419898987
0.20989058911800385
0.039116594940423965
0.2398722916841507
0.965340793132782
0.06887061893939972
0.902320384979248
0.9689595103263855
0.9498705863952637
0.1432313770055771
0.8594847321510315
0.4697268307209015
0.7684051394462585
0.6059100031852722
0.1790018379688263
0.17758798599243164
0.31352707743644714
0.8079267740249634
0.30799585580825806
0.6091305017471313
0.13062280416488647
0.1082940325140953
0.9137414693832397
0.9151430130004883
0.5401855707168579
0.08514636009931564
0.386651873588562
0.4323068857192993
0.9464740753173828
0.4632607102394104
0.44660574197769165
0.2050660401582718
0.7180748581886292
0.04983658343553543
0.7331306338310242
0.7692892551422119
0.09297329187393188
0.6536340117454529
0.24165832996368408
0.05066652595996857
0.20788869261741638
0.3877710998058319
0.5552754998207092
0.551214873790741
0.9192363023757935
0.19282273948192596
0.9936026334762573
0.6837841868400574
0.8520326614379883
0.4080689549446106
0.3229796290397644
0.7255529165267944
0.264874130487442
0.6931754946708679
0.6420659422874451
0.07337082922458649
0.4726974666118622
0.2838454246520996
0.7148754596710205
0.1781608909368515
0.6915076375007629
0.21898964047431946
0.23363861441612244
0.631284773349762
0.6498725414276123
0.383241206407547
0.6368250846862793
0.8711157441139221
0.3291364908218384
0.06186603009700775
0.15932998061180115
0.9405296444892883
0.19653663039207458
0.8632622361183167
0.9730725288391113
0.27199310064315796
0.17311573028564453
0.486928790807724
0.9348187446594238
0.13487456738948822
0.9298146367073059
0.8123947978019714
0.7372099161148071
0.7400224208831787
0.03483479097485542
0.7549989223480225
0.20796695351600647
0.6843209862709045
0.10182270407676697
0.5576015710830688
0.07291349023580551
0.8228187561035156
0.20295308530330658
0.15421640872955322
0.0012787686428055167
0.12240628898143768
0.39862582087516785
0.5130555033683777
0.5944118499755859
0.7450377941131592
0.132890984416008
0.8031269907951355
0.6402722597122192
0.4881557524204254
0.06698871403932571
0.9082960486412048
0.7273547053337097
0.9912307858467102
0.9840198755264282
0.13626831769943237
0.12053508311510086
0.9069470763206482
0.5277389883995056
0.20099684596061707
0.5198495984077454
0.4755748510360718
0.6931507587432861
0.6549956798553467
0.2895587682723999
0.005685367621481419
0.8766340613365173
0.8316659927368164
0.31775832176208496
0.49775469303131104
0.07906171679496765
0.9046338796615601
0.1743537336587906
0.2852087616920471
0.4488835632801056
0.13618004322052002
0.6172630190849304
0.0937725082039833
0.6736706495285034
0.3616013526916504
0.6974889636039734
0.30061084032058716
0.35021308064460754
0.17976556718349457
0.8033453226089478
0.8227303624153137
0.17618227005004883
0.5901848673820496
0.3516041934490204
0.8912850022315979
0.14607390761375427
0.8490444421768188
0.4193350374698639
0.1758754700422287
0.9382703900337219
0.1648041158914566
0.26943880319595337
0.4162370264530182
0.6227174997329712
0.9575545191764832
0.7945571541786194
0.4343910813331604
0.5931098461151123
0.5711015462875366
0.43346816301345825
0.5364036560058594
0.4538244605064392
0.556681752204895
0.00883520022034645
0.0027001991402357817
0.43973106145858765
0.6645807027816772
0.5430859327316284
0.2718397378921509
0.3469671308994293
0.30975285172462463
0.5147841572761536
0.8842066526412964
0.9516619443893433
0.17096272110939026
0.2868523597717285
0.3486432135105133
0.35950201749801636
0.7474400997161865
0.704728364944458
0.2835037410259247
0.7541543245315552
0.9867223501205444
0.9757632613182068
0.8750566840171814
0.40929436683654785
0.9016931653022766
0.4251948595046997
0.13834750652313232
0.6664189100265503
0.2024354785680771
0.5259925127029419
0.541315495967865
0.4206831455230713
0.8837767243385315
0.12002025544643402
0.33569449186325073
0.3518613278865814
0.8832575678825378
0.34858056902885437
0.36593374609947205
0.4127691388130188
0.18515616655349731
0.5309027433395386
0.7720471620559692
0.12371496856212616
0.20578059554100037
0.1322915256023407
0.9759389758110046
0.395871639251709
0.497028648853302
0.1720980703830719
0.0024806580040603876
0.004577022977173328
0.2507578134536743
0.8683541417121887
0.7980867624282837
0.9193514585494995
0.9864116311073303
0.9411479830741882
0.6858890652656555
0.4254387319087982
0.19583244621753693
0.30477455258369446
0.8890914916992188
0.5753974318504333
0.4316965937614441
0.9173861742019653
0.7618178129196167
0.8519635796546936
0.6001094579696655
0.3984375298023224
0.4604406952857971
0.09090519696474075
0.8223714828491211
0.5112758278846741
0.43812036514282227
0.7092021703720093
0.569005012512207
0.7378939390182495
0.7723681330680847
0.9319117665290833
0.225891575217247
0.8337207436561584
0.3968421220779419
0.30288785696029663
0.2392967790365219
0.7898290753364563
0.43015390634536743
0.9228236675262451
0.46308889985084534
0.7678124904632568
0.5202242136001587
0.6480761766433716
0.7319060564041138
0.06707102805376053
0.5390058755874634
0.9606702327728271
0.24387741088867188
0.17069990932941437
0.7771115303039551
0.08977784961462021
0.7927842140197754
0.4554726183414459
0.7127675414085388
0.4900631010532379
0.23900406062602997
0.7032619714736938
0.6854493021965027
0.614317774772644
0.21109357476234436
0.20451542735099792
0.7538283467292786
0.1569744050502777
0.8487624526023865
0.8369202017784119
0.9297502636909485
0.5453504920005798
0.5319308638572693
0.6616991758346558
0.7842660546302795
0.23302869498729706
0.8558489680290222
0.8276956081390381
0.06222158297896385
0.48812347650527954
0.7951080799102783
0.13625743985176086
0.20634663105010986
0.2901037633419037
0.4775625169277191
0.5125369429588318
0.593787431716919
0.6301232576370239
0.8469982743263245
0.5882535576820374
0.48052701354026794
0.9723412990570068
0.15202665328979492
0.9750587940216064
0.22681094706058502
0.16442014276981354
0.7109165191650391
0.7127866148948669
0.5234675407409668
0.8323797583580017
0.8400290012359619
0.24429965019226074
0.926523745059967
0.5061898231506348
0.9024671316146851
0.7324536442756653
0.8709383010864258
0.07096479088068008
0.209353506565094
0.4042140245437622
0.6512349843978882
0.3391028046607971
0.32771575450897217
0.9499499797821045
0.554673433303833
0.5841493606567383
0.48647862672805786
0.5366941094398499
0.5182955861091614
0.7432678937911987
0.059657905250787735
0.705520749092102
0.9041213393211365
0.031150734052062035
0.23721283674240112
0.156645268201828
0.9984276294708252
0.6075814962387085
0.9654262661933899
0.8808389902114868
0.9658347368240356
0.5839813947677612
0.8017706274986267
0.7491132616996765
0.16263771057128906
0.5301318168640137
0.1613703817129135
0.6107794642448425
0.12118932604789734
0.5540449619293213
0.7792127728462219
0.016442010179162025
0.4289967715740204
0.8046885132789612
0.15014894306659698
0.025489632040262222
0.34738975763320923
0.7714734077453613
0.3153297007083893
0.8047404289245605
0.9886941313743591
0.7126312255859375
0.3431186079978943
0.8628857135772705
0.6214662790298462
0.993407666683197
0.3515928089618683
0.07875364273786545
0.3393550217151642
0.645668625831604
0.36670994758605957
0.8593592643737793
0.40244072675704956
0.43556374311447144
0.7855209708213806
0.43858587741851807
0.19918012619018555
0.8441045880317688
0.9897788166999817
0.5516735315322876
0.9983600378036499
0.10027296096086502
0.4128023684024811
0.3589131534099579
0.8317974209785461
0.677199125289917
0.33920830488204956
0.30207788944244385
0.7741534113883972
0.7449822425842285
0.7982863187789917
0.3939796984195709
0.0875348299741745
0.7333545088768005
0.10228956490755081
0.9771621227264404
0.38765138387680054
0.3202437460422516
0.45053642988204956
0.1278514713048935
0.5389323234558105
0.8930104970932007
0.25604933500289917
0.204645574092865
0.5083612203598022
0.39929839968681335
0.18819789588451385
0.2489250749349594
0.8887734413146973
0.5870992541313171
0.13021032512187958
0.37003302574157715
0.7296684980392456
0.5687381625175476
0.199183851480484
0.35496389865875244
0.29909011721611023
0.9476552605628967
0.6493653059005737
0.27468016743659973
0.3815230429172516
0.2643417418003082
0.6651286482810974
0.9896440505981445
0.7588815093040466
0.1327766627073288
0.6156684756278992
0.7774853706359863
0.20578019320964813
0.7135950326919556
0.5580506920814514
0.5717135667800903
0.11319207400083542
0.780061662197113
0.05543344095349312
0.8731146454811096
0.9998997449874878
0.5845189094543457
0.7303617596626282
0.9717333912849426
0.14453168213367462
0.050135523080825806
0.40148821473121643
0.17833591997623444
0.1734616756439209
0.9413906931877136
0.1329973191022873
0.9363785982131958
0.21299651265144348
0.2416667938232422
0.1452779322862625
0.707596480846405
0.48399975895881653
0.03351806849241257
0.25820213556289673
0.8667388558387756
0.7515009045600891
0.7984623312950134
0.6225038170814514
0.23061788082122803
0.49484124779701233
0.4935764968395233
0.5138102769851685
0.9483610391616821
0.043441154062747955
0.10765142738819122
0.3768938183784485
0.6892693638801575
0.44122031331062317
0.25100278854370117
0.748928964138031
0.10719024389982224
0.48227158188819885
0.03617264702916145
0.06469472497701645
0.5163561105728149
0.5797401070594788
0.4591364860534668
0.5866459012031555
0.5720587372779846
0.7842723727226257
0.186726912856102
0.8661977052688599
0.8163557052612305
0.9772229790687561
0.9173458218574524
0.2411241978406906
0.7147296667098999
0.02827596291899681
0.6665012836456299
0.9781414866447449
0.3541546165943146
0.316128671169281
0.5176277756690979
0.6612118482589722
0.9925501346588135
0.903674304485321
0.6755232810974121
0.7811502814292908
0.39458319544792175
0.09129171818494797
0.2505832314491272
0.0568181574344635
0.1744348406791687
0.3600894808769226
0.3686356842517853
0.24572338163852692
0.9997344017028809
0.6729516386985779
0.48882898688316345
0.3076665997505188
0.11175765842199326
0.6377718448638916
0.03233429789543152
0.2516990005970001
0.40069323778152466
0.2867144048213959
0.11151979863643646
0.9856605529785156
0.12511363625526428
0.22017619013786316
0.5130955576896667
0.7896859645843506
0.5802777409553528
0.7973580956459045
0.7970688939094543
0.09182221442461014
0.991716742515564
0.7813622951507568
0.027805738151073456
0.8370074033737183
0.09972640872001648
0.19421184062957764
0.8902027010917664
0.006851447280496359
0.3970894515514374
0.045985445380210876
0.2781243622303009
0.030075108632445335
0.9074519276618958
0.6170099973678589
0.76305091381073
0.9954222440719604
0.7236687541007996
0.9397768974304199
0.7073057889938354
0.9047579765319824
0.6825876832008362
0.9980212450027466
0.9273630976676941
0.03838160261511803
0.5532450079917908
0.6162672638893127
0.0996403619647026
0.20371533930301666
0.003956252709031105
0.7836188673973083
0.6522284746170044
0.545832633972168
0.786656379699707
0.7894294857978821
0.7916755080223083
0.6457719206809998
0.23672175407409668
0.5732741355895996
0.09847068041563034
0.49902841448783875
0.12731711566448212
0.2269546538591385
0.7308734655380249
0.30710574984550476
0.1365748643875122
0.02530786208808422
0.6254099607467651
0.3682590425014496
0.921143114566803
0.2700054943561554
0.2481469064950943
0.6833364963531494
0.1893354207277298
0.6121599674224854
0.3406577706336975
0.2186780720949173
0.4605861008167267
0.5596356987953186
0.1417471170425415
0.5688881278038025
0.171869158744812
0.9717325568199158
0.17774271965026855
0.47156769037246704
0.6292612552642822
0.961358368396759
0.4152817726135254
0.02956702746450901
0.5119400024414062
0.0038201557472348213
0.036489807069301605
0.9476258754730225
0.9554270505905151
0.5248483419418335
0.8277321457862854
0.1748674511909485
0.5904927253723145
0.47345471382141113
0.8739511966705322
0.595471978187561
0.31768226623535156
0.687024712562561
0.6857403516769409
0.8950873017311096
0.282500296831131
0.1277063637971878
0.40056607127189636
0.06823881715536118
0.5659671425819397
0.3167319595813751
0.036826133728027344
0.028501015156507492
0.006248200312256813
0.6312133073806763
0.2987076938152313
0.28443315625190735
0.5637342929840088
0.797041654586792
0.7985179424285889
0.29793867468833923
0.4866713583469391
0.5488976836204529
0.019836917519569397
0.32787540555000305
0.21734608709812164
0.5090031027793884
0.9918600916862488
0.4264669120311737
0.10335740447044373
0.34636372327804565
0.6154613494873047
0.4626997411251068
0.9056133031845093
0.8045767545700073
0.17978930473327637
0.5186353325843811
0.8626323342323303
0.21509946882724762
0.14153817296028137
0.7566050291061401
0.7349575161933899
0.9938340187072754
0.3435996472835541
0.7432589530944824
0.8335966467857361
0.7610710263252258
0.04963234066963196
0.6692584156990051
0.45450353622436523
0.17057262361049652
0.44836944341659546
0.47084155678749084
0.7821127772331238
0.02848532423377037
0.8084803223609924
0.23402898013591766
0.4065653383731842
0.3340715765953064
0.3418954908847809
0.773378849029541
0.4830286502838135
0.1630648970603943
0.44674932956695557
0.13602347671985626
0.9575781226158142
0.9383603930473328
0.16231189668178558
0.3691023290157318
0.08297109603881836
0.9836260676383972
0.2655066251754761
0.8070859909057617
0.7887330651283264
0.5236155986785889
0.3625490665435791
0.06179261952638626
0.4648476243019104
0.7812142968177795
0.8905743956565857
0.17890983819961548
0.007530145347118378
0.44934797286987305
0.6692932844161987
0.5226996541023254
0.6058757305145264
0.425760954618454
0.7163920402526855
0.5368568897247314
0.841071605682373
0.8453821539878845
0.3432011604309082
0.9369370937347412
0.5921259522438049
0.0013927805703133345
0.410712867975235
0.05065731331706047
0.8714097142219543
0.7203149199485779
0.7612101435661316
0.10220523923635483
0.692083477973938
0.9889721274375916
0.7833786606788635
0.19989703595638275
0.192119300365448
0.18337464332580566
0.781238853931427
0.5329340696334839
0.27197954058647156
0.14980442821979523
0.7454301118850708
0.7755807638168335
0.4651634693145752
0.24030187726020813
0.8829070925712585
0.20339813828468323
0.057052843272686005
0.667586624622345
0.7420744895935059
0.3984223008155823
0.5269250273704529
0.7038567662239075
0.875810980796814
0.02143126353621483
0.7084071040153503
0.8550585508346558
0.08061762154102325
0.9307816624641418
0.3735569417476654
0.6282557249069214
0.12298665195703506
0.35166963934898376
0.012675710022449493
0.025415772572159767
0.3486979603767395
0.5427663922309875
0.5304588675498962
0.9665815830230713
0.10224176198244095
0.5275472402572632
0.4245659112930298
0.8779361844062805
0.4779265522956848
0.559745192527771
0.7661922574043274
0.6662158370018005
0.2515430748462677
0.46049490571022034
0.3211764097213745
0.3351309299468994
0.7940126061439514
0.267010360956192
0.5112898945808411
0.19340567290782928
0.5485265254974365
0.2791082561016083
0.6294810175895691
0.6130523681640625
0.5994611382484436
0.3137260377407074
0.034086309373378754
0.7857763767242432
0.8300734758377075
0.5557616353034973
0.0740974172949791
0.3505901098251343
0.9948386549949646
0.6234230399131775
0.885949432849884
0.2551574110984802
0.22126753628253937
0.11466420441865921
0.2161458134651184
0.9162951111793518
0.0975080132484436
0.04316757991909981
0.4703044593334198
0.08089740574359894
0.2516956329345703
0.7943947911262512
0.5607781410217285
0.8881082534790039
0.9803669452667236
0.4657002389431
0.3147794306278229
0.9355970025062561
0.15562433004379272
0.9289281964302063
0.5009514689445496
0.811884343624115
0.0833880752325058
0.4840458929538727
0.9733383059501648
0.23159201443195343
0.7090597152709961
0.8715903162956238
0.9925407767295837
0.7006545066833496
0.02067689597606659
0.5834335684776306
0.7907511591911316
0.2954995930194855
0.32152795791625977
0.1370275914669037
0.9011995792388916
0.8466391563415527
0.20616155862808228
0.4842081665992737
0.22496987879276276
0.15049690008163452
0.9689225554466248
0.8639527559280396
0.05341904237866402
0.4171883165836334
0.108068086206913
0.0048828814178705215
0.3239438831806183
0.2231789082288742
0.2135097235441208
0.3611255884170532
0.6329736113548279
0.46563395857810974
0.9668033719062805
0.2703321576118469
0.5935717225074768
0.3346700966358185
0.18538764119148254
0.6599276661872864
0.163041889667511
0.2662237584590912
0.05133000388741493
0.7291203141212463
0.9843068718910217
0.5349522829055786
0.5163463354110718
0.44553202390670776
0.4206395149230957
0.8939117193222046
0.029687270522117615
0.2310410588979721
0.7900757789611816
0.7409915328025818
0.7226865291595459
0.7160775661468506
0.14176219701766968
0.5082994699478149
0.23236976563930511
0.06807835400104523
0.7734618782997131
0.03653455153107643
0.7479185461997986
0.8430278897285461
0.8260164260864258
0.4381651282310486
0.9474642872810364
0.8229999542236328
0.6936067342758179
0.01837039180099964
0.9040719866752625
0.22178535163402557
0.8951023817062378
0.253284215927124
0.06831527501344681
0.5194525718688965
0.22046062350273132
0.3664073944091797
0.36074569821357727
0.0811307430267334
0.8898504376411438
0.43478327989578247
0.8438943028450012
0.5651260614395142
0.1855836659669876
0.24586588144302368
0.8117767572402954
0.42487847805023193
0.2263033539056778
0.549138069152832
0.68539959192276
0.4684891700744629
0.5043841004371643
0.37104612588882446
0.9456183314323425
0.35904383659362793
0.3377949297428131
0.713834822177887
0.9131251573562622
0.04206513985991478
0.6128271818161011
0.739386260509491
0.5743954181671143
0.829087495803833
0.11062722653150558
0.09675344079732895
0.017985183745622635
0.6330834627151489
0.31881263852119446
0.25551021099090576
0.8357552289962769
0.3308449685573578
0.7111780047416687
0.6452515721321106
0.5272876620292664
0.018165500834584236
0.7460959553718567
0.3446381390094757
0.11514663696289062
0.35527098178863525
0.18206192553043365
0.7217649817466736
0.054274480789899826
0.948401927947998
0.34733736515045166
0.1989317089319229
0.4375968873500824
0.6856240034103394
0.9073158502578735
0.0085593918338418
0.11772960424423218
0.7755795121192932
0.2150179147720337
0.7023601531982422
0.987628161907196
0.48681676387786865
0.9154298901557922
0.02855653688311577
0.03681465983390808
0.8118464350700378
0.7269251942634583
0.8371720314025879
0.6439877152442932
0.2828438878059387
0.8439508080482483
0.7710265517234802
0.17644953727722168
0.2271689921617508
0.735736608505249
0.3623259961605072
0.33649590611457825
0.9331192374229431
0.44236791133880615
0.46921584010124207
0.40493667125701904
0.9107427597045898
0.3514319062232971
0.9423895478248596
0.6967877149581909
0.5928441286087036
0.6623941659927368
0.2375490665435791
0.12891629338264465
0.010353506542742252
0.011266627348959446
0.5419463515281677
0.48426353931427
0.8255624771118164
0.5593665838241577
0.20848597586154938
0.25887149572372437
0.7394050359725952
0.1547178328037262
0.2226230353116989
0.9842880964279175
0.048316460102796555
0.523863673210144
0.9492533206939697
0.7618439793586731
0.7715543508529663
0.8882938027381897
0.5475258231163025
0.25716114044189453
0.7753288745880127
0.4569932222366333
0.08858366310596466
0.014298866502940655
0.45661577582359314
0.4806499481201172
0.6057717204093933
0.22240407764911652
0.6673269271850586
0.7140215039253235
0.2901519536972046
0.03251943364739418
0.47322043776512146
0.3274639844894409
0.9868699908256531
0.07147923111915588
0.07779361307621002
0.25429683923721313
0.6973330974578857
0.5708538889884949
0.7397236227989197
0.43416649103164673
0.7553879618644714
0.5414371490478516
0.20197881758213043
0.6149439811706543
0.5301811099052429
0.15039773285388947
0.8134495615959167
0.9530513286590576
0.29124394059181213
0.7673237323760986
0.11444022506475449
0.6418560743331909
0.9529756903648376
0.20311479270458221
0.7067260146141052
0.5616741180419922
0.42709869146347046
0.1707472801208496
0.3871230483055115
0.1447729617357254
0.7986729145050049
0.5642418265342712
0.7562753558158875
0.824643075466156
0.29898208379745483
0.2767540216445923
0.6961748600006104
0.5795528888702393
0.95224529504776
0.7861766815185547
0.7814935445785522
0.021701401099562645
0.825970470905304
0.5939471125602722
0.11285213381052017
0.03413396701216698
0.25919339060783386
0.810210108757019
0.4956285059452057
0.9207110404968262
0.9203552603721619
0.4508616626262665
0.9797345995903015
0.639761209487915
0.7555568814277649
0.20547270774841309
0.30990147590637207
0.8111740350723267
0.8549886345863342
0.5949093699455261
0.4584933817386627
0.935483455657959
0.6912543773651123
0.615135908126831
0.49622640013694763
0.5063350796699524
0.5477297306060791
0.9847054481506348
0.8300623893737793
0.7621387243270874
0.4509834945201874
0.9727900624275208
0.2657575309276581
0.26546236872673035
0.8106977343559265
0.18762238323688507
0.47884416580200195
0.27000123262405396
0.4028250575065613
0.25864240527153015
0.5542572140693665
0.4622754156589508
0.445646196603775
0.6705529093742371
0.517456591129303
0.9881817102432251
0.004437929019331932
0.7289546132087708
0.6344320774078369
0.3397942781448364
0.1423456370830536
0.5840806365013123
0.3620070815086365
0.0026391830760985613
0.9975295662879944
0.871711015701294
0.12736566364765167
0.037171535193920135
0.9609341025352478
0.11766733974218369
0.1388692557811737
0.7792916297912598
0.2788428068161011
0.8704793453216553
0.7441838383674622
0.6040952801704407
0.9600566625595093
0.5402399897575378
0.3637745976448059
0.37958016991615295
0.7440327405929565
0.3811141550540924
0.604264497756958
0.031682685017585754
0.7825737595558167
0.6451617479324341
0.2928546071052551
0.8598960638046265
0.14765174686908722
0.7704499959945679
0.9936178922653198
0.30735155940055847
0.4397372901439667
0.7713207006454468
0.8115511536598206
0.5128640532493591
0.326733261346817
0.6933847069740295
0.9989321827888489
0.7698772549629211
0.10632623732089996
0.40666821599006653
0.25123339891433716
0.5438047647476196
0.619181752204895
0.6165820956230164
0.005005268845707178
0.09098970890045166
0.6189717650413513
0.4886610507965088
0.463819295167923
0.7577303051948547
0.7681381702423096
0.8322077393531799
0.14447049796581268
0.26004931330680847
0.6570218205451965
0.6437831521034241
0.857522189617157
0.7262561321258545
0.9885450601577759
0.05384287238121033
0.37256190180778503
0.8547484278678894
0.9136654138565063
0.38885635137557983
0.34776416420936584
0.46828070282936096
0.8812661170959473
0.9984765648841858
0.8187431693077087
0.7393172383308411
0.7505746483802795
0.37485653162002563
0.7417432069778442
0.708916425704956
0.4088088870048523
0.9545092582702637
0.9426369071006775
0.26280921697616577
0.2685571014881134
0.5711184144020081
0.9947681427001953
0.9869385957717896
0.7482984066009521
0.9520012736320496
0.5832715630531311
0.9674121141433716
0.3008119761943817
0.3661699891090393
0.9373884201049805
0.5120061039924622
0.5404122471809387
0.34013500809669495
0.42314043641090393
0.01105625368654728
0.3374791443347931
0.6306158900260925
0.42961084842681885
0.5219439268112183
0.48060283064842224
0.4452335834503174
0.7457542419433594
0.527738630771637
0.8126869797706604
0.8589838743209839
0.5254988074302673
0.7480601668357849
0.18111470341682434
0.9427819848060608
0.75874263048172
0.8640941381454468
0.32566186785697937
0.11411554366350174
0.8000532388687134
0.8544160723686218
0.279183954000473
0.6004629731178284
0.4602714478969574
0.9369480013847351
0.7741678357124329
0.03646456077694893
0.14343610405921936
0.2600567638874054
0.8276402950286865
0.8817057609558105
0.04763404279947281
0.8087942600250244
0.24100682139396667
0.3253748416900635
0.824275553226471
0.30547764897346497
0.5189597010612488
0.007317663636058569
0.5395851135253906
0.7665239572525024
0.5676697492599487
0.01676797866821289
0.38606494665145874
0.504953145980835
0.31492748856544495
0.8565700054168701
0.49669119715690613
0.6573371291160583
0.045841190963983536
0.9862068891525269
0.11065474152565002
0.06083318963646889
0.595963180065155
0.10799682140350342
0.5255581736564636
0.5705309510231018
0.5646613836288452
0.07223743945360184
0.6972044706344604
0.8522664308547974
0.6304531693458557
0.561161994934082
0.9941831827163696
0.6948598623275757
0.11766554415225983
0.8608302474021912
0.42183083295822144
0.6035951375961304
0.364237904548645
0.126098170876503
0.8434345126152039
0.006476284004747868
0.5479478240013123
0.08504682779312134
0.6446006298065186
0.212325319647789
0.20542067289352417
0.05918920785188675
0.779213011264801
0.6393510699272156
0.9506219625473022
0.6729694604873657
0.1845339685678482
0.26122307777404785
0.45987117290496826
0.7082671523094177
0.16966281831264496
0.26379525661468506
0.17665067315101624
0.2806302607059479
0.7211249470710754
0.07767502963542938
0.30296000838279724
0.5730148553848267
0.980934739112854
0.3831493854522705
0.025815628468990326
0.7659397125244141
0.7648894786834717
0.3282260000705719
0.941868245601654
0.049631960690021515
0.6349756717681885
0.7257452011108398
0.017398366704583168
0.6419991850852966
0.32673513889312744
0.2297566831111908
0.07858298718929291
0.6999205350875854
0.5410049557685852
0.5405082106590271
0.7199802398681641
0.16571521759033203
0.05127080902457237
0.3947344124317169
0.26460155844688416
0.675471842288971
0.9226692914962769
0.5046085715293884
0.07078668475151062
0.7698541283607483
0.5695260167121887
0.3367770314216614
0.8052401542663574
0.006620539352297783
0.18946334719657898
0.2450634390115738
0.6691644191741943
0.42328575253486633
0.08043821901082993
0.4185846447944641
0.07604122161865234
0.5812160968780518
0.40174758434295654
0.9160480499267578
0.6446142196655273
0.4253305196762085
0.6249616742134094
0.02132856473326683
0.6126230359077454
0.19334003329277039
0.8156013488769531
0.8261457681655884
0.7103210091590881
0.5351545214653015
0.007333156652748585
0.020774586126208305
0.42506957054138184
0.24002039432525635
0.7986015677452087
0.3553105294704437
0.3578878939151764
0.8067219257354736
0.19783757627010345
0.5295590162277222
0.5374321937561035
0.40356895327568054
0.4420164227485657
0.2845824360847473
0.33406123518943787
0.7795758843421936
0.3975861370563507
0.7477779388427734
0.1244538426399231
0.36451682448387146
0.4642348289489746
0.38217973709106445
0.2144177109003067
0.26871567964553833
0.5142010450363159
0.22101423144340515
0.3216176927089691
0.014967648312449455
0.5292970538139343
0.42240452766418457
0.6274610757827759
0.49710407853126526
0.5823961496353149
0.32078614830970764
0.49160119891166687
0.13660401105880737
0.37720558047294617
0.8021947741508484
0.10628651827573776
0.3543045222759247
0.5843844413757324
0.47823721170425415
0.39158397912979126
0.5434092879295349
0.5381661653518677
0.14472845196723938
0.67255699634552
0.2874504625797272
0.7011289596557617
0.23802892863750458
0.11205048114061356
0.19221091270446777
0.439571738243103
0.24987639486789703
0.1356135755777359
0.4995017945766449
0.8723926544189453
0.2529449760913849
0.822930097579956
0.45880818367004395
0.9204941987991333
0.004629233852028847
0.1798875629901886
0.6274657845497131
0.6349544525146484
0.7854940295219421
0.8640259504318237
0.3074471652507782
0.5896716117858887
0.43435654044151306
0.7678095698356628
0.28330743312835693
0.7317569851875305
0.09538117051124573
0.04442289471626282
0.7221320867538452
0.5716955661773682
0.8085654973983765
0.20208600163459778
0.0923890769481659
0.6726992726325989
0.8266093134880066
0.9811949729919434
0.2340775430202484
0.8842615485191345
0.8899462819099426
0.20821890234947205
0.10696472227573395
0.09414436668157578
0.26244494318962097
0.8007875680923462
0.552478551864624
0.45311644673347473
0.09417083859443665
0.786263644695282
0.4083872437477112
0.758821964263916
0.9029326438903809
0.11605164408683777
0.14612464606761932
0.4736829698085785
0.6425980925559998
0.054807115346193314
0.5134621262550354
0.17242275178432465
0.91233891248703
0.07955723255872726
0.950507402420044
0.6483003497123718
0.4980655908584595
0.0697757750749588
0.8556363582611084
0.2167464941740036
0.9776771068572998
0.9867863655090332
0.3209192156791687
0.5493800640106201
0.14991742372512817
0.22718074917793274
0.5119550824165344
0.8088057637214661
0.3123151957988739
0.903924286365509
0.35255104303359985
0.7136057019233704
0.0107677998021245
0.29487699270248413
0.8591055870056152
0.8759633898735046
0.4629189074039459
0.4726681113243103
0.4149249196052551
0.2027575671672821
0.5941328406333923
0.7842949032783508
0.9177472591400146
0.5029207468032837
0.23276515305042267
0.20866180956363678
0.8906286954879761
0.7830484509468079
0.8922366499900818
0.7089201211929321
0.6726611256599426
0.5989975333213806
0.3170476257801056
0.24733230471611023
0.09335056692361832
0.32276737689971924
0.9515985250473022
0.950870931148529
0.6225547790527344
0.8567793965339661
0.7419475317001343
0.9889764785766602
0.8047478199005127
0.08205366879701614
0.8998667001724243
0.9809420108795166
0.012726830318570137
0.7799204587936401
0.3054576516151428
0.8415103554725647
0.18386226892471313
0.38418301939964294
0.9336070418357849
0.42822736501693726
0.4125322997570038
0.7074005007743835
0.1549476534128189
0.3178679645061493
0.9079096913337708
0.6425099968910217
0.12440518289804459
0.5415042638778687
0.11998295783996582
0.9866533279418945
0.5487886667251587
0.13471488654613495
0.6994267106056213
0.5782648921012878
0.8562350273132324
0.9711732864379883
0.0369148887693882
0.4136718809604645
0.8965399265289307
0.7259653210639954
0.4093046486377716
0.15212982892990112
0.6600522994995117
0.9308362007141113
0.47829630970954895
0.9398820996284485
0.8873584270477295
0.3132546544075012
0.956546425819397
0.9463509321212769
0.5834015011787415
0.382926344871521
0.9158104658126831
0.9081627726554871
0.0773533284664154
0.715671956539154
0.7224493622779846
0.32936570048332214
0.9119547009468079
0.4852912724018097
0.5495262145996094
0.054208461195230484
0.9493103623390198
0.6430637240409851
0.9712934494018555
0.9791362881660461
0.3188873529434204
0.8263186812400818
0.5326676964759827
0.3081358075141907
0.7049396634101868
0.6268718242645264
0.9459652900695801
0.30310139060020447
0.7821242213249207
0.4509049654006958
0.7872429490089417
0.33507925271987915
0.33117425441741943
0.8018622994422913
0.5031033158302307
0.2450912743806839
0.7553584575653076
0.5355470180511475
0.8064561486244202
0.41421353816986084
0.5377482175827026
0.5666189193725586
0.6286647915840149
0.24953563511371613
0.20557548105716705
0.10887270420789719
0.7628989219665527
0.19685117900371552
0.019021639600396156
0.4833802282810211
0.31981003284454346
0.726002037525177
0.06479734927415848
0.9267891049385071
0.47555530071258545
0.13079486787319183
0.3804686665534973
0.2830648720264435
0.9200242161750793
0.7743096947669983
0.04186302050948143
0.443628191947937
0.012680220417678356
0.8014730215072632
0.4520338773727417
0.6523977518081665
0.34184810519218445
0.3091948926448822
0.7194575667381287
0.4204241633415222
0.8290182948112488
0.20240746438503265
0.0467810183763504
0.38449257612228394
0.9074294567108154
0.20093108713626862
0.18879704177379608
0.7767453789710999
0.6716964244842529
0.44044244289398193
0.18316276371479034
0.17762334644794464
0.9304937720298767
0.25905850529670715
0.43230804800987244
0.9093217253684998
0.594811737537384
0.5555917024612427
0.5307455658912659
0.9358583092689514
0.8585203886032104
0.47331830859184265
0.9801115989685059
0.8056574463844299
0.5843698978424072
0.4129675030708313
0.8936599493026733
0.1870165914297104
0.6985657811164856
0.8612631559371948
0.3291536271572113
0.9124305248260498
0.39165061712265015
0.7736949920654297
0.3954941928386688
0.016436679288744926
0.611693799495697
0.44949907064437866
0.6137185096740723
0.5069177150726318
0.3351389467716217
0.5532516837120056
0.8518387675285339
0.7018181681632996
0.6816383600234985
0.06975310295820236
0.40078118443489075
0.10345622152090073
0.10524675250053406
0.8051596283912659
0.5477733016014099
0.23545622825622559
0.5171101093292236
0.5231080651283264
0.38735613226890564
0.6650897860527039
0.06887049973011017
0.8579511642456055
0.04709156975150108
0.6122336983680725
0.47202539443969727
0.5645938515663147
0.07521750032901764
0.45138585567474365
0.8901626467704773
0.6395692825317383
0.8055854439735413
0.021075233817100525
0.8695361614227295
0.3520221710205078
0.1267741322517395
0.7732911109924316
0.1631215214729309
0.8651997447013855
0.3438214659690857
0.9369655847549438
0.4802238941192627
0.5825993418693542
0.06384456157684326
0.13904140889644623
0.8776288628578186
0.7854670286178589
0.6198378205299377
0.1720505803823471
0.02133137360215187
0.034913524985313416
0.01148946676403284
0.857753574848175
0.5177616477012634
0.8133541345596313
0.28014877438545227
0.10908501595258713
0.10837110877037048
0.5692295432090759
0.6139294505119324
0.15028265118598938
0.9705004096031189
0.12325219064950943
0.9250374436378479
0.277040958404541
0.31664368510246277
0.8178349733352661
0.7457453012466431
0.8334781527519226
0.905439555644989
0.39603710174560547
0.36724892258644104
0.5118357539176941
0.9835564494132996
0.4710317850112915
0.2723392844200134
0.08326354622840881
0.44693905115127563
0.36381059885025024
0.2156406044960022
0.8750274777412415
0.11820147186517715
0.8387494683265686
0.401111364364624
0.5121996998786926
0.44915008544921875
0.2840825617313385
0.3261585831642151
0.5794348120689392
0.5949389934539795
0.6367775797843933
0.8610580563545227
0.48436787724494934
0.38700130581855774
0.7151437997817993
0.4554160237312317
0.22920194268226624
0.6130231618881226
0.7037092447280884
0.8855900168418884
0.620296061038971
0.49636146426200867
0.7465676069259644
0.35906174778938293
0.875811755657196
0.10786297917366028
0.5197418928146362
0.575086772441864
0.35878339409828186
0.9434404969215393
0.613476037979126
0.4622131586074829
0.5737670660018921
0.21692536771297455
0.009886568412184715
0.7100154161453247
0.08911687135696411
0.5591241121292114
0.3972820043563843
0.5114883780479431
0.21742402017116547
0.2884296774864197
0.0017475400818511844
0.585776150226593
0.3553678095340729
0.8474289774894714
0.2683103382587433
0.36415421962738037
0.058090690523386
0.9837192296981812
0.3895713984966278
0.021503377705812454
0.6097825765609741
0.13321445882320404
0.5985767245292664
0.40989336371421814
0.8556233048439026
0.2687913775444031
0.44843029975891113
0.07573463022708893
0.4085775911808014
0.10232029110193253
0.7080374956130981
0.3891584277153015
0.9344198107719421
0.22067594528198242
0.5202928185462952
0.8484433889389038
0.6520193219184875
0.58586585521698
0.19323544204235077
0.43349209427833557
0.044385746121406555
0.5787670016288757
0.663974940776825
0.8619654774665833
0.6727315783500671
0.8583840131759644
0.46187299489974976
0.8106732964515686
0.9457342624664307
0.825554609298706
0.9904991388320923
0.2662886083126068
0.09666469693183899
