512 1
0
380
1
80
2
172
3
211
4
112
5
188
6
69
7
344
8
216
9
43
10
451
11
84
12
72
13
148
14
389
15
318
16
189
17
301
18
506
19
406
20
485
21
195
22
327
23
263
24
35
25
27
26
320
27
485
28
63
29
254
30
208
31
422
32
148
13
33
34
352
35
336
36
350
37
113
38
456
39
93
40
460
41
420
42
104
43
45
44
52
45
52
46
366
24
47
48
286
49
86
50
111
51
400
52
347
53
328
54
55
55
479
56
471
57
396
58
69
18
59
45
60
61
431
62
452
63
443
64
489
65
296
66
329
67
383
68
410
69
115
70
183
71
206
72
93
73
474
74
356
75
193
76
442
77
418
78
384
79
349
80
448
81
506
82
433
83
449
84
265
82
85
86
457
87
383
88
334
89
234
90
126
91
428
74
92
93
331
94
194
95
114
90
96
82
97
98
113
99
294
100
477
101
340
0
102
103
241
104
111
105
471
106
206
107
132
76
108
109
486
110
388
111
130
112
212
80
113
114
460
115
214
116
344
117
384
118
308
119
282
107
120
121
484
122
303
57
123
124
251
125
397
126
392
127
422
128
166
129
420
130
280
44
131
132
440
133
372
134
263
56
135
132
136
137
340
138
322
139
178
140
469
141
323
126
142
32
143
144
202
145
374
103
146
147
190
148
356
149
434
150
237
81
151
152
289
63
153
145
154
72
155
156
173
157
298
46
158
159
213
160
259
161
330
162
266
136
163
99
164
165
168
166
388
48
167
40
168
169
369
170
470
171
264
5
172
173
441
174
356
175
384
176
204
177
210
166
178
121
179
180
237
101
181
7
182
183
235
87
184
185
362
116
186
187
310
188
330
189
461
190
214
191
499
192
338
4
193
194
301
195
377
196
356
197
425
198
505
199
230
200
297
201
283
18
202
165
203
7
204
205
441
68
206
140
207
208
422
209
348
210
451
211
425
2
212
213
422
214
459
135
215
216
344
217
438
218
268
219
462
220
392
181
221
222
304
223
431
25
224
3
225
25
226
227
432
228
327
12
229
53
230
231
406
232
472
46
233
6
234
203
235
236
386
52
237
238
357
145
239
156
240
233
241
242
285
0
243
177
244
245
384
27
246
247
273
41
248
249
424
250
278
251
357
165
252
253
425
127
254
255
499
203
256
126
257
41
258
259
499
260
446
189
261
46
262
251
263
264
400
175
265
266
508
267
326
268
356
94
269
105
270
271
379
167
272
201
273
274
380
275
301
52
276
277
445
228
278
141
279
280
480
281
493
65
282
283
473
24
284
91
285
286
349
59
287
288
511
140
289
20
290
291
432
292
488
65
293
294
316
295
377
296
400
297
401
185
298
299
308
300
461
301
500
14
302
303
462
304
359
305
448
306
401
285
307
30
308
309
413
168
310
39
311
288
312
165
313
168
314
83
315
316
330
231
317
318
434
33
319
107
320
321
344
320
322
52
323
117
324
162
325
326
411
27
327
9
328
329
331
192
330
331
450
319
332
333
372
53
334
52
335
219
336
311
337
271
338
339
463
276
340
316
341
131
342
343
504
344
391
146
345
346
437
115
347
113
348
156
349
158
350
31
351
281
352
353
406
317
354
153
355
242
356
228
357
13
358
359
504
360
471
361
483
362
458
363
428
354
364
113
365
366
492
141
367
316
368
56
369
126
370
371
420
230
372
373
492
374
498
375
482
29
376
377
381
49
378
212
379
318
380
277
381
382
465
366
383
213
384
385
498
386
471
297
387
43
388
386
389
170
390
247
391
392
413
217
393
394
455
119
395
146
396
333
397
52
398
337
399
257
400
303
401
365
402
216
403
343
404
265
405
128
406
242
407
93
408
32
409
139
410
302
411
412
424
413
479
347
414
110
415
384
416
162
417
418
449
352
419
420
460
420
421
51
422
265
423
84
424
130
425
67
426
427
493
246
428
217
429
7
430
110
431
141
432
28
433
58
434
201
435
2
436
75
437
106
438
394
439
206
440
13
441
3
442
320
443
444
495
68
445
290
446
82
447
448
453
311
449
152
450
278
451
2
452
208
453
202
454
448
455
87
456
457
489
108
458
111
459
460
474
172
461
320
462
104
463
252
464
157
465
72
466
308
467
37
468
9
469
75
470
444
471
409
472
422
473
68
474
292
475
350
476
395
477
478
507
243
479
428
480
461
481
119
482
47
483
130
484
292
485
295
486
432
487
288
488
81
489
0
490
208
491
51
492
120
493
415
494
369
495
226
496
333
497
366
498
270
499
160
500
493
501
266
502
503
510
280
504
308
505
179
506
433
507
336
508
413
509
104
510
120
511
0.4606717526912689
0.8345234990119934
0.1219574511051178
0.4396365284919739
0.4011513292789459
0.5004129409790039
0.2816255986690521
0.15943314135074615
0.6130694150924683
0.26353898644447327
0.9585753083229065
0.026327945291996002
0.4413205087184906
0.8987588882446289
0.007394963409751654
0.8251410126686096
0.1766534000635147
0.24442394077777863
0.6314728260040283
0.3441029191017151
0.1928740292787552
0.9612337350845337
0.7375608682632446
0.260696679353714
0.356451153755188
0.8888791799545288
0.060562942177057266
0.7890889048576355
0.17143630981445312
0.18635688722133636
0.36528700590133667
0.8629708290100098
0.7214269638061523
0.4851463735103607
0.45105934143066406
0.9691946506500244
0.2466217428445816
0.22256231307983398
0.8754716515541077
0.8599512577056885
0.7869802117347717
0.1321498453617096
0.24099457263946533
0.8551968336105347
0.8035947680473328
0.7637912034988403
0.8010818958282471
0.10001523047685623
0.8878458738327026
0.5551000237464905
0.8719527125358582
0.17723096907138824
0.405987411737442
0.9069336652755737
0.9618515968322754
0.9597066044807434
0.10822591185569763
0.6748519539833069
0.4034341871738434
0.5266153216362
0.30785030126571655
0.6596580743789673
0.4538477957248688
0.6528557538986206
0.08439168334007263
0.49030250310897827
0.5242764949798584
0.2560636103153229
0.3901365399360657
0.20344685018062592
0.5399088859558105
0.3537043333053589
0.0003990794066339731
0.8580030202865601
0.3033316731452942
0.6234822273254395
0.4941655397415161
0.8042795062065125
0.7637081742286682
0.32184934616088867
0.1269519031047821
0.6437084078788757
0.42361903190612793
0.19033777713775635
0.13716307282447815
0.46620649099349976
0.5276620388031006
0.3855089247226715
0.7375553250312805
0.7048476934432983
0.6697434186935425
0.6784025430679321
0.8202570080757141
0.8641707301139832
0.9105104804039001
0.636762261390686
0.8305003046989441
0.3638664782047272
0.796471893787384
0.6626890897750854
0.07634633034467697
0.8844038248062134
0.8011199235916138
0.06513478606939316
0.2819400429725647
0.2555028200149536
0.110185906291008
0.716894805431366
0.8216753602027893
0.8829343318939209
0.9478458166122437
0.8631259799003601
0.8331652879714966
0.44659802317619324
0.5572888851165771
0.3305716812610626
0.3135645091533661
0.9048587083816528
0.25124868750572205
0.12149132043123245
0.15110155940055847
0.5422042012214661
0.33710116147994995
0.2099727839231491
0.344172865152359
0.5992560982704163
0.7342178821563721
0.23498982191085815
0.36836570501327515
0.4535153806209564
0.5434176921844482
0.718941867351532
0.893638014793396
0.6303289532661438
0.22294193506240845
0.9498297572135925
0.9133142232894897
0.4783715307712555
0.5888893604278564
0.10894302278757095
0.510167121887207
0.8879415988922119
0.014450657181441784
0.9940324425697327
0.4682903289794922
0.8993090987205505
0.7548038959503174
0.5111938714981079
0.02807440795004368
0.5090929269790649
0.020627209916710854
0.6977552175521851
0.32030048966407776
0.6632820963859558
0.2994593381881714
0.27345189452171326
0.4928676187992096
0.07197368144989014
0.5006107091903687
0.11450793594121933
0.4160057008266449
0.7347516417503357
0.3633556067943573
0.468049556016922
0.33114415407180786
0.9887600541114807
0.23095950484275818
0.30920538306236267
0.7666425108909607
0.7297287583351135
0.6802331209182739
0.9525381326675415
0.7081219553947449
0.08804668486118317
0.8989537358283997
0.6412463188171387
0.6703311204910278
0.4827675521373749
0.30060431361198425
0.43588757514953613
0.7915717363357544
0.6112024188041687
0.6662353277206421
0.5649363994598389
0.6926690340042114
0.7760829329490662
0.7520869374275208
0.6395922303199768
0.19086164236068726
0.9525296688079834
0.5760390758514404
0.4622022211551666
0.24392718076705933
0.30031949281692505
0.08289788663387299
0.45191797614097595
0.7451481223106384
0.17246820032596588
0.2681270241737366
0.9172101616859436
0.8365526795387268
0.06903225928544998
0.7753560543060303
0.9735817313194275
0.964508056640625
0.46665164828300476
0.6770753860473633
0.02168251760303974
0.26323896646499634
0.8912327885627747
0.14994201064109802
0.7166603207588196
0.1667487472295761
0.4989251494407654
0.09103910624980927
0.48283901810646057
0.16489078104496002
0.6696981191635132
0.004412977956235409
0.6684324145317078
0.36665552854537964
0.640272855758667
0.2444658875465393
0.07132117450237274
0.6456388235092163
0.16101260483264923
0.7155507206916809
0.45429226756095886
0.5698978304862976
0.19821558892726898
0.9116107225418091
0.1960688680410385
0.1178121417760849
0.20962350070476532
0.7534550428390503
0.802348792552948
0.46714282035827637
0.47788166999816895
0.43757522106170654
0.8691572546958923
0.057581134140491486
0.5301335453987122
0.2531168758869171
0.9763965010643005
0.912501871585846
0.10412761569023132
0.7937350273132324
0.7934272289276123
0.8288918137550354
0.7782981395721436
0.2979208827018738
0.40659037232398987
0.539802610874176
0.2871059775352478
0.6214901804924011
0.7395997047424316
0.06513826549053192
0.7342848181724548
0.08149857819080353
0.1324933022260666
0.34750285744667053
0.04522207751870155
0.6352376341819763
0.5103051066398621
0.37574243545532227
0.8373013138771057
0.27272287011146545
0.46058058738708496
0.1167556419968605
0.370156466960907
0.23481734097003937
0.223660409450531
0.7206757664680481
0.9762676954269409
0.8587296009063721
0.5942855477333069
0.251446396112442
0.19434790313243866
0.13331851363182068
0.7981289029121399
0.7686560750007629
0.08603862673044205
0.940000593662262
0.5917210578918457
0.2549748718738556
0.546963095664978
0.9570216536521912
0.0856090635061264
0.7091659307479858
0.2982485592365265
0.8310304284095764
0.9834558367729187
0.828397810459137
0.9558373093605042
0.38512489199638367
0.7200038433074951
0.5692242383956909
0.21376238763332367
0.3117203116416931
0.3997470736503601
0.26842597126960754
0.3621019423007965
0.4260479509830475
0.47541263699531555
0.009198359213769436
0.8537678122520447
0.6596014499664307
0.9771491885185242
0.4201304614543915
0.5283459424972534
0.6485902667045593
0.7461885213851929
0.7231968641281128
0.7461122274398804
0.24299967288970947
0.6404764652252197
0.33064523339271545
0.09845651686191559
0.1488552689552307
0.9080764055252075
0.8440274000167847
0.8455742597579956
0.2617399990558624
0.9807875156402588
0.045235566794872284
0.744970977306366
0.36126381158828735
0.045651137828826904
0.5073648691177368
0.2984839081764221
0.7817708849906921
0.4734877943992615
0.3705771863460541
0.01348966546356678
0.6190505027770996
0.9751579165458679
0.9820780158042908
0.5087670087814331
0.46569138765335083
0.880906343460083
0.05946533381938934
0.25479578971862793
0.08263059705495834
0.9568595886230469
0.40602582693099976
0.5652331709861755
0.8233609199523926
0.34265634417533875
0.6134839057922363
0.019471757113933563
0.7687577605247498
0.028384964913129807
0.7610273361206055
0.8815142512321472
0.40707072615623474
0.18843141198158264
0.7864355444908142
0.43774324655532837
0.0523097850382328
0.23047667741775513
0.35530081391334534
0.4491427540779114
0.3124004900455475
0.3171873986721039
0.48663607239723206
0.38957929611206055
0.7680830955505371
0.9992207288742065
0.19347064197063446
0.11760357767343521
0.47212016582489014
0.6154643297195435
0.43068793416023254
0.4497963786125183
0.9072874188423157
0.2717585861682892
0.8340273499488831
0.09212351590394974
0.2173880636692047
0.5343694686889648
0.9217773079872131
0.815795361995697
0.41560661792755127
0.680560827255249
0.7959935069084167
0.5370198488235474
0.05495131388306618
0.6745962500572205
0.6958907246589661
0.8227550983428955
0.7830561399459839
0.39106476306915283
0.08338613063097
0.10095495730638504
0.6856701374053955
0.4696519374847412
0.6206392645835876
0.004927888046950102
0.856534481048584
0.005080276634544134
0.06883197277784348
0.4440493881702423
0.47427400946617126
0.6408492922782898
0.2701445519924164
0.6932793855667114
0.8480409979820251
0.1464989185333252
0.388645201921463
0.8669984340667725
0.5443645119667053
0.40017327666282654
0.7495256662368774
0.6074228882789612
0.8730636239051819
0.839073121547699
0.27624738216400146
0.8001858592033386
0.5888581275939941
0.2691459059715271
0.8243670463562012
0.6621731519699097
0.12011422216892242
0.6806420087814331
0.5593626499176025
0.05649695172905922
0.3241090178489685
0.9877529144287109
0.007537835277616978
0.9618360996246338
0.3007310926914215
0.5665440559387207
0.3267221450805664
0.9982311725616455
0.43748214840888977
0.24936947226524353
0.40064236521720886
0.24511535465717316
0.1407219022512436
0.6790886521339417
0.1734093427658081
0.1327899843454361
0.38049477338790894
0.2591043710708618
0.07874400913715363
0.3487893342971802
0.3794146776199341
0.8491010665893555
0.9342337250709534
0.5689050555229187
0.42326661944389343
0.5536686182022095
0.7386848330497742
0.3471498489379883
0.11943917721509933
0.015215154737234116
0.32498985528945923
0.4368276596069336
0.7644846439361572
0.8563048839569092
0.13508671522140503
0.3536929786205292
0.35766687989234924
0.4392215609550476
0.05647407844662666
0.2240944802761078
0.8929656147956848
0.6882592439651489
0.7076193690299988
0.12785786390304565
0.5693586468696594
0.6557426452636719
0.5726537704467773
0.8408985733985901
0.06096075102686882
0.5377840399742126
0.975334107875824
0.09790123254060745
0.4006233513355255
0.34155088663101196
0.431392103433609
0.2940300405025482
0.14947642385959625
0.6780843138694763
0.44175291061401367
0.027101805433630943
0.03725385665893555
0.994486391544342
0.6910833716392517
0.9408938884735107
0.2665594816207886
0.5709627866744995
0.095916748046875
0.6755807995796204
0.9666303992271423
0.3046950101852417
0.7114701867103577
0.5564375519752502
0.7683907151222229
0.031970903277397156
0.48611798882484436
0.6085725426673889
0.10726483911275864
0.8692790865898132
0.8809793591499329
0.253085732460022
0.341770201921463
0.28747832775115967
0.7436901330947876
0.20611844956874847
0.2978452444076538
0.679300844669342
0.2832914888858795
0.10611124336719513
0.880839467048645
0.44221600890159607
0.21711687743663788
0.03522707149386406
0.47935950756073
0.22839012742042542
0.14541442692279816
0.745754063129425
0.985257089138031
0.1221594512462616
0.28829798102378845
0.23596511781215668
0.9182198643684387
0.3398011028766632
0.6377438902854919
0.42548906803131104
0.9298439025878906
0.10088403522968292
0.07928521186113358
0.56458979845047
0.38998910784721375
0.9229823350906372
0.8271141052246094
0.6345651745796204
0.6941081881523132
0.06949254125356674
0.41561275720596313
0.45316022634506226
0.09939796477556229
0.17484928667545319
0.9521397948265076
0.8402161002159119
0.6206543445587158
0.10754520446062088
0.49380820989608765
0.6637920141220093
0.3366096615791321
0.7630341649055481
0.33068448305130005
0.850776195526123
0.3406778872013092
0.7788788676261902
0.05968905985355377
0.5527811050415039
0.6683495044708252
0.659913182258606
0.7604267001152039
0.17751027643680573
0.5375106930732727
0.8745273947715759
0.8777897357940674
0.914811909198761
0.49382731318473816
0.0668913871049881
0.43000468611717224
0.493069052696228
0.503314733505249
0.8158740997314453
0.8945214152336121
0.3639037013053894
0.9132712483406067
0.7166186571121216
0.3407182991504669
0.3251756727695465
0.0830310806632042
0.4877896308898926
0.5126515626907349
0.6173215508460999
0.6926343441009521
0.2807789742946625
0.9753897190093994
0.6761005520820618
0.39199161529541016
0.5622020363807678
0.7397117018699646
0.33598804473876953
0.32057541608810425
0.24424715340137482
0.5776472687721252
0.504755973815918
0.8988713026046753
0.4084825813770294
0.6409124732017517
0.6410316228866577
0.7521272301673889
0.43329405784606934
0.6472826600074768
0.6504485011100769
0.5247682332992554
0.551986575126648
0.06204083561897278
0.8760467767715454
0.5335409045219421
0.24875949323177338
0.44512414932250977
0.82322758436203
0.24036186933517456
0.6886610388755798
0.12927576899528503
0.1228182464838028
0.7849603295326233
0.41178831458091736
0.23604309558868408
0.004852836020290852
0.13456663489341736
0.6732749342918396
0.18837128579616547
0.7226576805114746
0.3045750558376312
0.7911583781242371
0.15409711003303528
0.8417890667915344
0.9917380809783936
0.6530619263648987
0.047806981950998306
0.14619238674640656
0.8580834269523621
0.6777806282043457
0.004621519707143307
0.1007937639951706
0.606209933757782
0.37557876110076904
0.5383493304252625
0.9359358549118042
0.335226446390152
0.36755505204200745
0.062266599386930466
0.7785494923591614
0.7594959735870361
0.7365827560424805
0.2322828471660614
0.6665953397750854
0.6184792518615723
0.8546080589294434
0.46009668707847595
0.19837117195129395
0.8335383534431458
0.5660712122917175
0.6637927889823914
0.898087203502655
0.080673448741436
0.8694502115249634
0.8842166662216187
0.16045542061328888
0.18506407737731934
0.576190173625946
0.4526408314704895
0.08040593564510345
0.5299521684646606
0.17913533747196198
0.32462266087532043
0.6084589958190918
0.6462405920028687
0.8739347457885742
0.1401369571685791
0.9864763617515564
0.5873482823371887
0.7910477519035339
0.6000256538391113
0.028592897579073906
0.21564824879169464
0.5276782512664795
0.6553397178649902
0.5787021517753601
0.1357066035270691
0.00017936785297933966
0.7745646238327026
0.8631500005722046
0.7150341272354126
0.4878278374671936
0.8858383297920227
0.5070344805717468
0.19960437715053558
0.17498669028282166
0.18934796750545502
0.6446602940559387
0.3603459894657135
0.09907893091440201
0.5144617557525635
0.7459259629249573
0.6689979434013367
0.9117515683174133
0.9414119124412537
0.8590364456176758
0.5044547915458679
0.8473209142684937
0.5908888578414917
0.9501481056213379
0.2668823301792145
0.4908541440963745
0.4718949496746063
0.1033586636185646
0.5371083617210388
0.6288945078849792
0.05072282254695892
0.06895501166582108
0.5711225867271423
0.251523494720459
0.003149336203932762
0.66400146484375
0.03911110386252403
0.7590760588645935
0.8275903463363647
0.5861148238182068
0.9750238060951233
0.5563332438468933
0.8125869035720825
0.7118319869041443
0.5575583577156067
0.05003460496664047
0.6182858347892761
0.08141353726387024
0.271279513835907
0.21469856798648834
0.971667468547821
0.4631679356098175
0.8269635438919067
0.2657608687877655
0.40984442830085754
0.5013864040374756
0.5308954119682312
0.8358141183853149
0.9318056106567383
0.6738966107368469
0.6171174049377441
0.7842890024185181
0.8196632862091064
0.26915284991264343
0.6004669070243835
0.15859881043434143
0.858466625213623
0.5078538656234741
0.11064320057630539
0.6331099271774292
0.06811914592981339
0.5048037767410278
0.8467954397201538
0.24818292260169983
0.43381181359291077
0.8247693181037903
0.6751400828361511
0.15975847840309143
0.22171051800251007
0.04490261897444725
0.921604335308075
0.6849473714828491
0.6675519943237305
0.15027152001857758
0.19216366112232208
0.4173479676246643
0.820645809173584
0.8173643350601196
0.8689926862716675
0.4453336000442505
0.7810817956924438
0.674149751663208
0.5616778135299683
0.7823233008384705
0.8977769613265991
0.6796010732650757
0.42449796199798584
0.863588809967041
0.9150153398513794
0.3604169189929962
0.021279318258166313
0.9398759603500366
0.25078460574150085
0.9083146452903748
0.6659352779388428
0.18008920550346375
0.3017585873603821
0.31000182032585144
0.8133112788200378
0.8501757979393005
0.6424946188926697
0.9321243762969971
0.46118971705436707
0.6255239844322205
0.5108364820480347
0.5825101137161255
0.12042572349309921
0.5241249799728394
0.19167275726795197
0.23165953159332275
0.3312090337276459
0.13994984328746796
0.6498926877975464
0.8257256746292114
0.27780023217201233
0.12737195193767548
0.716387927532196
0.768643319606781
0.06876765936613083
0.4767366349697113
0.21573399007320404
0.28996312618255615
0.1299794465303421
0.6687348484992981
0.5714622139930725
0.246174618601799
0.5353893041610718
0.7219725251197815
0.5225929021835327
0.2944204807281494
0.7612383961677551
0.5280443429946899
0.4539233446121216
0.5002436637878418
0.954020082950592
0.32636791467666626
0.4703853130340576
0.8918907046318054
0.7267822623252869
0.2859080135822296
0.44790828227996826
0.7815514802932739
0.8248082995414734
0.8098674416542053
0.8281385898590088
0.783610463142395
0.5491816401481628
0.6725826859474182
0.4099341332912445
0.5198944807052612
0.1800585836172104
0.5972452163696289
0.013222201727330685
0.21406179666519165
0.9590211510658264
0.678551971912384
0.09290239959955215
0.9968761205673218
0.7493327856063843
0.3087288737297058
0.7464047074317932
0.0022171081509441137
0.05041152611374855
0.8323695063591003
0.45952266454696655
0.1466609090566635
0.9418306350708008
0.7538574934005737
0.7909576296806335
0.4941323697566986
0.5329862236976624
0.4724560081958771
0.9444104433059692
0.619572639465332
0.7822626829147339
0.8320173025131226
0.16944429278373718
0.1625664085149765
0.6093013882637024
0.4280211329460144
0.7957558631896973
0.503203272819519
0.10580525547266006
0.894338846206665
0.1318148672580719
0.5263423919677734
0.6072803139686584
0.9923126101493835
0.3599025309085846
0.04803406447172165
0.8226511478424072
0.31117963790893555
0.5740724802017212
0.6831343173980713
0.5294763445854187
0.3706603944301605
0.8436172604560852
0.4774415194988251
0.010797625407576561
0.9746262431144714
0.917269766330719
0.9238994121551514
0.6596370339393616
0.887551486492157
0.10616699606180191
0.42033255100250244
0.8000190258026123
0.16083924472332
0.4197845757007599
0.5732010006904602
0.7254230380058289
0.24512659013271332
0.8678891062736511
0.9836377501487732
0.36579519510269165
0.8860965371131897
0.7374993562698364
0.1959919035434723
0.6810113191604614
0.7078814506530762
0.41401568055152893
0.2096095085144043
0.12655672430992126
0.9095004200935364
0.32961100339889526
0.05834352225065231
0.6766067743301392
0.6120077967643738
0.498842716217041
0.7527005076408386
0.7178394794464111
0.6091181039810181
0.7053873538970947
0.8068739175796509
0.8595085144042969
0.2801240086555481
0.25543904304504395
0.7769154906272888
0.894783079624176
0.3574522137641907
0.6808009743690491
0.8409612774848938
0.9781131148338318
0.5192297697067261
0.2672478258609772
0.9314337372779846
0.01534222811460495
0.013219411484897137
0.7661927342414856
0.18889489769935608
0.12306565791368484
0.49626439809799194
0.46148237586021423
0.020402275025844574
0.7749524712562561
0.8374466896057129
0.0860508382320404
0.6238579750061035
0.15181194245815277
0.9670247435569763
0.9581252336502075
0.9924359917640686
0.8742488622665405
0.9315965175628662
0.3674616515636444
0.4204750657081604
0.781743049621582
0.7189861536026001
0.7635383605957031
0.41303765773773193
0.1689724624156952
0.9757875800132751
0.7738507986068726
0.7055011987686157
0.47259557247161865
0.05810670182108879
0.6894006729125977
0.8732742667198181
0.4477069079875946
0.4089166522026062
0.7390018105506897
0.9244396686553955
0.9894707202911377
0.979724645614624
0.3072803318500519
0.9490506052970886
0.5829816460609436
0.21564887464046478
0.11329671740531921
0.6611328125
0.1525762379169464
0.855556070804596
0.30409538745880127
0.3664349317550659
0.6095073819160461
0.8276703357696533
0.08711138367652893
0.4132511019706726
0.42956143617630005
0.6763962507247925
0.6183822154998779
0.8246337175369263
0.05769531428813934
0.10506317019462585
0.9816741943359375
0.5082231163978577
0.05707767605781555
0.9133956432342529
0.8112314939498901
0.9255321025848389
0.9273352026939392
0.8650414347648621
0.6019819378852844
0.9522237777709961
0.4331512153148651
0.4712557792663574
0.02937251888215542
0.013858943246304989
0.9512550830841064
0.7803801894187927
0.7331449389457703
0.040519870817661285
0.18023759126663208
0.0033667779061943293
0.8446351885795593
0.962714672088623
0.6948360800743103
0.3515920341014862
0.004523864947259426
0.5484176874160767
0.7902726531028748
0.5254930257797241
0.23400239646434784
0.20927219092845917
0.9229533672332764
0.6596025228500366
0.46824437379837036
0.6156032681465149
0.5425307750701904
0.33587902784347534
0.09256930649280548
0.05539887771010399
0.11639934778213501
0.8135468363761902
0.10602345317602158
0.6346933841705322
0.9930049777030945
0.5206031203269958
0.9655875563621521
0.8135855793952942
0.2911025881767273
0.41554751992225647
0.9168334603309631
0.2029520720243454
0.5289210677146912
0.8798194527626038
0.7567470669746399
0.02963016740977764
0.9969070553779602
0.5125495195388794
0.6628260612487793
0.5630595684051514
0.7197670936584473
0.9598538279533386
0.6438243389129639
0.6047936081886292
0.14999434351921082
0.3567988872528076
0.036182209849357605
0.08938195556402206
0.6664568781852722
0.7446232438087463
0.41391775012016296
0.8741192817687988
0.664003312587738
0.7832909822463989
0.8210378289222717
0.3899288773536682
0.26832813024520874
0.31213173270225525
0.619186520576477
0.16580338776111603
0.41976386308670044
0.778039276599884
0.8303775191307068
0.971114456653595
0.9335155487060547
0.436990350484848
0.6091395020484924
0.28311339020729065
0.02625679410994053
0.26142418384552
0.9666250348091125
0.7999839186668396
0.41205957531929016
0.8619146347045898
0.11805053055286407
0.4553842544555664
0.6932697892189026
0.11042681336402893
0.44243714213371277
0.3696170449256897
0.7742103934288025
0.5182366967201233
0.2095106542110443
0.5178800821304321
0.06144336238503456
0.35771575570106506
0.5573462843894958
0.08767669647932053
0.7996002435684204
0.027872180566191673
0.3447229266166687
0.9134736061096191
0.3061541020870209
0.971606969833374
0.10544399917125702
0.7721549868583679
0.7284587621688843
0.92946857213974
0.566020667552948
0.14481034874916077
0.33240610361099243
0.6342670917510986
0.27783146500587463
0.23085136711597443
0.600250244140625
0.12873905897140503
0.34079375863075256
0.4975907802581787
0.28457847237586975
0.7400606274604797
0.3891802132129669
0.2545263171195984
0.8739932775497437
0.45742267370224
0.11194834113121033
0.606636106967926
0.5332185626029968
0.27810776233673096
0.8096336126327515
0.7571952939033508
0.7971960306167603
0.5735231637954712
0.898566722869873
0.8111329674720764
0.5498420596122742
0.3457965850830078
0.7355366945266724
0.12753432989120483
0.6035491228103638
0.11468455195426941
0.2847784757614136
0.576919674873352
0.3856641948223114
0.2790272831916809
0.7246651649475098
0.9529986381530762
0.2726847529411316
0.5257347822189331
0.7822956442832947
0.9959945678710938
0.9663262963294983
0.39424312114715576
0.09512065351009369
0.3779017925262451
0.6768214702606201
0.6398005485534668
0.6095942854881287
0.41941511631011963
0.5827857255935669
0.2214229553937912
0.7092294096946716
0.7998898029327393
0.33741113543510437
0.0018625125521793962
0.8950397372245789
0.1416872888803482
0.39593935012817383
0.032781992107629776
0.12511798739433289
0.02550022304058075
0.268489271402359
0.20984944701194763
0.3986957371234894
0.39082908630371094
0.40152159333229065
0.360334187746048
0.05887490510940552
0.5019102096557617
0.9370778799057007
0.12158747762441635
0.9622606635093689
0.860811710357666
0.7786444425582886
0.5883082747459412
0.6551524996757507
0.6843218803405762
0.2793956995010376
0.6415423154830933
0.4593217074871063
0.1535751074552536
0.0332559198141098
0.7496359348297119
0.8850749135017395
0.04852590709924698
0.2961939573287964
0.7127238512039185
0.5586696267127991
0.21709048748016357
0.024936184287071228
0.2658798396587372
0.5505948662757874
0.6741642951965332
0.605619490146637
0.33479467034339905
0.3546610474586487
0.972631573677063
0.48414847254753113
0.7965013980865479
0.6324930191040039
0.4087386131286621
0.8477376103401184
0.9759700298309326
0.5046337842941284
0.7023583054542542
0.4852544665336609
0.08403075486421585
0.06005197763442993
0.21145260334014893
0.21579758822917938
0.8705827593803406
0.4677980840206146
0.670758843421936
0.12472064793109894
0.7076331377029419
0.689981997013092
0.6641879677772522
0.8141353726387024
0.04483215510845184
0.5514199733734131
0.9590765237808228
0.528620719909668
0.27396446466445923
0.8764687180519104
0.9771610498428345
0.7679665684700012
0.0882280021905899
0.31942686438560486
0.30489325523376465
0.11139713227748871
0.7080453634262085
0.6651192307472229
0.5932473540306091
0.5772853493690491
0.6873415112495422
0.07828684896230698
0.9545677900314331
0.8905021548271179
0.8981209397315979
0.28711655735969543
0.3820772171020508
0.43467897176742554
0.48328229784965515
0.16756349802017212
0.04609978571534157
0.47788676619529724
0.5634113550186157
0.3690764009952545
0.2551423907279968
0.8194370865821838
0.9891923069953918
0.31889036297798157
0.81406569480896
0.06694813817739487
0.8387158513069153
0.6316319704055786
0.3435351848602295
0.956559956073761
0.13920968770980835
0.6779987215995789
0.7109488844871521
0.665654718875885
0.08953792601823807
0.26743781566619873
0.16478762030601501
0.45757290720939636
0.49483364820480347
0.026931166648864746
0.17257024347782135
0.6066194176673889
0.6180123686790466
0.42833781242370605
0.9241745471954346
0.034976255148649216
0.5903710126876831
0.3546590507030487
0.03425430506467819
0.39454108476638794
0.5619679093360901
0.2097192257642746
0.48731178045272827
0.4033252000808716
0.4918237328529358
0.8930616974830627
0.42485132813453674
0.18033123016357422
0.9743462204933167
0.09409661591053009
0.8051413893699646
0.914109468460083
0.8666346073150635
0.9084141254425049
0.9935207962989807
0.19501347839832306
0.9196807742118835
0.8433749079704285
0.16008929908275604
0.7120352387428284
0.08504891395568848
0.8232616186141968
0.18635761737823486
0.03395550698041916
0.3375205993652344
0.19127579033374786
0.9177353978157043
0.9707541465759277
0.9051074385643005
0.8416241407394409
0.5912927985191345
0.30504319071769714
0.34077680110931396
0.12960758805274963
0.7527698874473572
0.7965534329414368
0.12337739020586014
0.9571765661239624
0.03884540870785713
0.24295011162757874
0.43465185165405273
0.24048836529254913
0.636164128780365
0.014797831885516644
0.5431650280952454
0.2914941608905792
0.02239651419222355
0.8475754261016846
0.20232868194580078
0.8301832675933838
0.05304037407040596
0.1369781196117401
0.2607327699661255
0.7137589454650879
0.2716600000858307
0.7735400199890137
0.5413106679916382
0.9199131727218628
0.11735359579324722
0.5358761548995972
0.8814474940299988
0.9366421699523926
0.9824293851852417
0.2856752574443817
0.34770068526268005
0.5665600895881653
0.4475753903388977
0.4427872598171234
0.33986061811447144
0.26329246163368225
0.7432569265365601
0.4757451117038727
0.14855289459228516
0.5242679715156555
0.5458398461341858
0.4365965723991394
0.8046656250953674
0.0758667066693306
0.6807616353034973
0.06814515590667725
0.5780633091926575
0.7321618795394897
0.05555937811732292
0.34344983100891113
0.4970203936100006
0.4754959046840668
0.782869279384613
0.2642446458339691
0.5647282004356384
0.11414788663387299
0.563931941986084
0.6557391285896301
0.8875786662101746
0.5770238041877747
0.20697779953479767
0.8764957189559937
0.8602097630500793
0.4062930941581726
0.6443203687667847
0.9671021699905396
0.3016505837440491
0.35087302327156067
0.3765067458152771
0.6344358325004578
0.6541532278060913
0.3288387656211853
0.4600767195224762
0.7256933450698853
0.9876317381858826
0.932647168636322
0.5351401567459106
0.06361335515975952
0.129177525639534
0.851132869720459
0.29942774772644043
0.23783603310585022
0.19309985637664795
0.6210320591926575
0.7057418823242188
0.1320042461156845
0.5750338435173035
0.11887846887111664
0.8618040084838867
0.6004922389984131
0.2677924931049347
0.47665712237358093
0.3439064919948578
0.05892958864569664
0.6019934415817261
0.8408631682395935
0.27527472376823425
0.24531114101409912
0.9705818295478821
0.8699741959571838
0.9443569183349609
0.5397438406944275
0.9369845986366272
0.5147952437400818
0.9856123924255371
0.21156533062458038
0.05549684911966324
0.6667575836181641
0.6972326040267944
0.5277349352836609
0.29237133264541626
0.13144512474536896
0.3764228820800781
0.8204472661018372
0.6950003504753113
0.701751172542572
0.9051425457000732
0.7330242395401001
0.2296953946352005
0.8220612406730652
0.8563075065612793
0.9320892691612244
0.659346878528595
0.8583250641822815
0.39381927251815796
0.34142282605171204
0.6403056979179382
0.613420844078064
0.035621851682662964
0.40286973118782043
0.12265639007091522
0.8646674752235413
0.21214386820793152
0.8007897138595581
0.1335422694683075
0.27894189953804016
0.27332186698913574
0.39580896496772766
0.43618446588516235
0.027026686817407608
0.6459920406341553
0.11618459224700928
0.7521271109580994
0.9514291286468506
0.5220691561698914
0.14169563353061676
0.20058254897594452
0.5229707956314087
0.7827444672584534
0.0976056307554245
0.2867604196071625
0.41051435470581055
0.8679277300834656
0.9231943488121033
0.05379577353596687
0.3262982666492462
0.7694383263587952
0.04766817018389702
0.6676381230354309
0.5532997250556946
0.44078096747398376
0.49191227555274963
0.42412251234054565
0.29139843583106995
0.8876493573188782
0.4358648955821991
0.9027158617973328
0.7491724491119385
0.4500254690647125
0.1557207703590393
0.9696659445762634
0.0332757867872715
0.12107746303081512
0.930860698223114
0.22065900266170502
0.23135069012641907
0.8536986112594604
0.6358104348182678
0.5485844016075134
0.427066832780838
0.4681382477283478
0.49330851435661316
0.9713515639305115
0.3465326130390167
0.7008064985275269
0.3367580771446228
0.7681664824485779
0.4475121796131134
0.7100207209587097
0.6166650056838989
0.739581286907196
0.584720253944397
0.37330007553100586
0.7421478629112244
0.39912980794906616
0.8853622674942017
0.9187950491905212
0.19495627284049988
0.2560201585292816
0.1006913036108017
0.8339707851409912
0.2766892611980438
0.3516034781932831
0.8649938106536865
0.18433652818202972
0.6270992159843445
0.008524593897163868
0.8383946418762207
0.025867538526654243
0.8162375688552856
0.991417407989502
0.26096659898757935
0.4931597411632538
0.46466195583343506
0.7429894208908081
0.730323314666748
0.6817227602005005
0.6131591796875
0.2780248820781708
0.49122345447540283
0.7470406889915466
0.6567021012306213
0.008689958602190018
0.8705116510391235
0.20072415471076965
0.10214688628911972
0.7888631820678711
0.8781833052635193
0.9259888529777527
0.06553521007299423
0.64398193359375
0.3353513181209564
0.15593984723091125
0.35433754324913025
0.3835527300834656
0.13954399526119232
0.15139588713645935
0.5175514817237854
0.6460598111152649
0.06384849548339844
0.9709475636482239
0.2039838433265686
0.17600126564502716
0.5194798707962036
0.7998308539390564
0.29941844940185547
0.026671264320611954
0.817464292049408
0.30287840962409973
0.041564106941223145
0.16543275117874146
0.38639840483665466
0.9582799673080444
0.7628512978553772
0.6752110123634338
0.38048940896987915
0.6502954959869385
0.8566230535507202
0.14292412996292114
0.5764276385307312
0.8060283064842224
0.28046801686286926
0.539315402507782
0.730581521987915
0.1673845648765564
0.66816246509552
0.9148766994476318
0.914932906627655
0.8170368671417236
0.10117385536432266
0.25320568680763245
0.2970961332321167
0.41655510663986206
0.953643798828125
0.3283115327358246
0.5683997273445129
0.947300910949707
0.9490512013435364
0.07148183137178421
0.16992954909801483
0.38366061449050903
0.22822046279907227
0.4122474193572998
0.7394688725471497
0.6025708913803101
0.3247917592525482
0.1555262953042984
0.6637764573097229
0.12443342059850693
0.06455910950899124
0.8934785723686218
0.708294689655304
0.09084878861904144
0.993804931640625
0.4164220094680786
0.47001075744628906
0.19057855010032654
0.4326261878013611
0.7951455116271973
0.2971486747264862
0.7720260620117188
0.8752383589744568
0.4047802984714508
0.5983113050460815
0.7886543273925781
0.3215527832508087
0.6532142162322998
0.7874289751052856
0.40704208612442017
0.15258048474788666
0.8500567078590393
0.5487799048423767
0.05848139524459839
0.07450029253959656
0.29898250102996826
0.2732224762439728
0.46761471033096313
0.8310955762863159
0.26215603947639465
0.3757677972316742
0.430685818195343
0.28388330340385437
0.8467426896095276
0.5762097239494324
0.0218975730240345
0.4028738737106323
0.7219886779785156
0.2580370306968689
0.05276194214820862
0.5947684645652771
0.09008318185806274
0.18297502398490906
0.7918631434440613
0.4809240996837616
0.4824468791484833
0.8813921213150024
0.4007936716079712
0.06950771063566208
0.6824133396148682
0.4274502396583557
0.7686233520507812
0.43043455481529236
0.31501689553260803
0.9057605862617493
0.3836684226989746
0.5346018671989441
0.616195797920227
0.27969810366630554
0.6373211145401001
0.8795379996299744
0.6991301774978638
0.7254700064659119
0.5342250466346741
0.534485936164856
0.6735560297966003
0.12242742627859116
0.8954408764839172
0.9217319488525391
0.5527109503746033
0.9210073947906494
0.48037391901016235
0.6368720531463623
0.898795485496521
0.3013130724430084
0.34477901458740234
0.38182714581489563
0.5326483845710754
0.17804913222789764
0.9718071818351746
0.3744206726551056
0.4892352521419525
0.3322465419769287
0.2423105537891388
0.7717427015304565
0.07073191553354263
0.8223013281822205
0.7185441255569458
0.8847129344940186
0.49380844831466675
0.8247078061103821
0.5565623641014099
0.21486084163188934
0.2162780463695526
0.589271068572998
0.12436304241418839
0.7964677810668945
0.6695988774299622
0.2633601725101471
0.7484292984008789
0.5864689946174622
0.6140700578689575
0.8086797595024109
0.6593303084373474
0.4210665225982666
0.8167310357093811
0.2992178201675415
0.2662090063095093
0.6515070199966431
0.6894956231117249
0.7864387035369873
0.4964609146118164
0.2251206934452057
0.48334670066833496
0.5054808259010315
0.733315110206604
0.21663789451122284
0.18764224648475647
0.12503154575824738
0.8990380764007568
0.9841679334640503
0.12923845648765564
0.44043809175491333
0.8245792388916016
0.17958329617977142
0.6853774189949036
0.4145413935184479
0.7167454361915588
0.1171078160405159
0.9826047420501709
0.07712433487176895
0.5898680686950684
0.8873763680458069
0.9692501425743103
0.5253445506095886
0.8440383076667786
0.8487518429756165
0.4083031713962555
0.13967978954315186
0.8712543845176697
0.2216317355632782
0.016118144616484642
0.7619137763977051
0.778145968914032
0.3552936017513275
0.4837198853492737
0.2641649842262268
0.27545642852783203
0.24628664553165436
0.7164943218231201
0.8639585375785828
0.5022937059402466
0.7894190549850464
0.21550977230072021
0.2622063159942627
0.651586651802063
0.16118328273296356
0.36063989996910095
0.6805164217948914
0.16677463054656982
0.7496107816696167
0.4641759693622589
0.3157435357570648
0.22587613761425018
0.662453293800354
0.5585227608680725
0.8113274574279785
0.029714414849877357
0.7020998001098633
0.4986680746078491
0.09633713215589523
0.4442360997200012
0.5354920029640198
0.23079898953437805
0.15766003727912903
0.30006635189056396
0.9648116827011108
0.06505608558654785
0.31668609380722046
0.33670899271965027
0.7459563612937927
0.694125771522522
0.3569409251213074
0.4424312114715576
0.5545103549957275
0.3167072534561157
0.4630301892757416
0.43657517433166504
0.5133272409439087
0.2824087142944336
0.12308700382709503
0.6018890142440796
0.7807589173316956
0.056077681481838226
0.34631457924842834
0.8109322190284729
0.6205006241798401
0.22207722067832947
0.8900444507598877
0.9792952537536621
0.6543830633163452
0.37811556458473206
0.4384489059448242
0.2124154418706894
0.827130138874054
0.97722989320755
0.2846352458000183
0.37555962800979614
0.1941472440958023
0.48305466771125793
0.9501253962516785
0.16138671338558197
0.0937148854136467
0.7259215712547302
0.6358085870742798
0.49045419692993164
0.872671902179718
0.3714250922203064
0.8049759864807129
0.7417647838592529
0.8223428726196289
0.3981536328792572
0.4424132704734802
0.6802237629890442
0.3925708830356598
0.3182758390903473
0.35099270939826965
0.08420773595571518
0.3791361451148987
0.061016954481601715
0.6222283840179443
0.6525493860244751
0.4732664227485657
0.38228490948677063
0.16698600351810455
0.8424597978591919
0.3601340055465698
0.9549008011817932
0.5754595398902893
0.7839747071266174
0.7943273782730103
0.6236487627029419
0.37787148356437683
0.26563751697540283
0.09026927500963211
0.48736411333084106
0.23475758731365204
0.4840950667858124
0.17038753628730774
0.7974202632904053
0.8482617139816284
0.8230922222137451
0.2800862193107605
0.6458305716514587
0.2984759509563446
0.9636949300765991
0.16852989792823792
0.8116995096206665
0.5860013365745544
0.017445681616663933
0.614419162273407
0.8350154161453247
0.29951852560043335
0.08945519477128983
0.4343094825744629
0.3022691607475281
0.46643468737602234
0.8343206644058228
0.39424076676368713
0.22661669552326202
0.8058518767356873
0.06975793838500977
0.34447452425956726
0.9551510810852051
0.7776381373405457
0.7315520644187927
0.2277822196483612
0.0033285131212323904
0.06985048204660416
0.613380491733551
0.8042089939117432
0.5558873414993286
0.8270636796951294
0.16066202521324158
0.7330789566040039
0.9467438459396362
0.5577020049095154
0.6690129041671753
0.42080923914909363
0.3790499269962311
0.817879319190979
0.8666761517524719
0.09559233486652374
0.3046230673789978
0.16981597244739532
0.2804558575153351
0.21931560337543488
0.03030123934149742
0.1506253331899643
0.8959749937057495
0.7990990281105042
0.212820366024971
0.42666804790496826
0.003331948770210147
0.6471558213233948
0.5143294334411621
0.3351527750492096
0.24606262147426605
0.7167575359344482
0.863103449344635
0.5477193593978882
0.558341383934021
0.4001546800136566
0.5032245516777039
0.29853349924087524
0.28528040647506714
0.29759490489959717
0.599564254283905
0.9029038548469543
0.6293725371360779
0.165939599275589
0.7291340827941895
0.3964988887310028
0.4172591269016266
0.4873952269554138
0.6821131706237793
0.18401600420475006
0.41255509853363037
0.16042596101760864
0.6461374163627625
0.9285157918930054
0.03868008777499199
0.7952255606651306
0.9757260084152222
0.3088071644306183
0.45134156942367554
0.3953304588794708
0.9467479586601257
0.5625158548355103
0.46218159794807434
0.4510762691497803
0.38698315620422363
0.8587926626205444
0.8893129825592041
0.6592415571212769
0.8400176763534546
0.7653801441192627
0.6043506860733032
0.8398317694664001
0.9668610095977783
0.0077040428295731544
0.7388187646865845
0.28859925270080566
0.7328035831451416
0.5717418789863586
0.34777897596359253
0.5104672908782959
0.07973027974367142
0.5056146383285522
0.6939327120780945
0.17406634986400604
0.146329864859581
0.9573054313659668
0.7625958323478699
0.6881574392318726
0.531317412853241
0.07532709091901779
0.8147512078285217
0.1312510073184967
0.2203102558851242
0.17306818068027496
0.006464195437729359
0.5783593654632568
0.4610975384712219
0.8725841045379639
0.9037703275680542
0.7953959107398987
0.1857782006263733
0.7525610327720642
0.45283499360084534
0.048195160925388336
0.28343307971954346
0.1252649426460266
0.30188536643981934
0.6550956964492798
0.02979680337011814
0.5880753993988037
0.8321711421012878
0.0766281858086586
0.6786779761314392
0.8202869296073914
0.656985878944397
0.6661474704742432
0.9219691753387451
0.20767615735530853
0.7815753817558289
0.02429261803627014
0.7609050869941711
0.5557452440261841
0.4300188422203064
0.7384749054908752
0.11997298896312714
0.4941542148590088
0.22019363939762115
0.689110279083252
0.6897560358047485
0.6143763065338135
0.9239984750747681
0.9024317860603333
0.6943627595901489
0.05729672312736511
0.4473201632499695
0.2764284908771515
0.29818835854530334
0.869052529335022
0.9932448863983154
0.5070632100105286
0.9606358408927917
0.5680795311927795
0.5178722143173218
0.42852506041526794
0.07574926316738129
0.24134883284568787
0.8859372735023499
0.5162340402603149
0.272230863571167
0.06354263424873352
0.19498853385448456
0.7509018182754517
0.48622259497642517
0.4639952778816223
0.7276304364204407
0.19388531148433685
0.48177242279052734
0.9127336740493774
0.824438214302063
0.9024893641471863
0.43639305233955383
