512 1
0
145
1
7
2
5
3
245
4
415
5
230
6
462
7
339
8
419
9
51
10
101
11
441
12
378
13
99
14
207
15
210
16
267
17
306
18
157
19
263
20
245
21
287
22
104
23
295
24
233
25
145
26
126
27
98
28
110
29
141
30
166
19
31
32
55
33
86
34
95
35
55
36
475
37
225
7
38
39
215
10
40
41
463
42
449
43
349
44
204
45
306
46
476
47
324
48
114
49
362
50
301
51
358
52
467
36
53
54
436
55
159
56
84
57
461
58
439
59
168
60
119
61
205
62
145
63
494
64
277
65
172
66
380
13
67
68
338
69
290
70
452
71
474
72
225
73
470
74
190
75
174
76
232
77
440
78
108
79
421
80
491
81
381
82
252
83
149
3
84
85
104
86
357
87
416
88
236
89
261
90
390
91
193
1
92
93
176
94
418
59
95
96
195
31
97
98
114
99
128
100
213
101
203
102
388
103
447
104
182
105
260
106
372
35
107
108
241
109
255
110
371
90
111
22
112
113
159
114
478
115
331
100
116
117
184
118
450
10
119
120
464
121
493
112
122
123
332
124
254
70
125
66
126
127
477
128
489
60
129
130
363
21
131
132
264
133
218
134
209
135
480
136
429
137
284
138
304
41
139
33
140
141
181
40
142
143
494
144
167
145
148
146
302
113
147
148
381
149
279
150
251
151
154
152
469
153
253
154
193
155
364
156
262
157
215
158
209
159
200
160
221
79
161
98
162
163
380
164
294
165
423
42
166
167
305
168
388
169
490
155
170
171
178
172
307
173
274
174
351
120
175
176
324
177
371
147
178
179
457
180
268
181
323
182
405
183
486
184
293
45
185
186
271
186
187
188
246
189
210
190
202
30
191
87
192
193
398
108
194
106
195
196
240
197
282
198
434
143
199
200
479
201
506
202
457
203
408
204
468
5
205
65
206
207
406
208
468
6
209
155
210
211
493
42
212
157
213
214
489
215
252
211
216
138
217
218
325
15
219
220
283
221
297
222
465
223
492
224
369
225
509
226
337
224
227
228
473
229
291
230
365
231
268
232
296
86
233
234
296
235
369
217
236
237
244
129
238
50
239
240
241
107
241
242
383
127
243
244
358
245
285
246
286
226
247
248
257
49
249
250
383
251
430
77
252
115
253
179
254
69
255
190
256
257
442
143
258
249
259
260
387
261
394
262
334
247
263
127
264
233
265
93
266
267
420
268
325
125
269
270
302
136
271
272
473
273
321
242
274
275
282
163
276
59
277
185
278
279
434
280
424
134
281
190
282
215
283
177
284
285
433
155
286
287
362
145
288
30
289
290
461
249
291
153
292
15
293
188
294
29
295
296
448
297
439
298
448
163
299
112
300
301
508
84
302
85
303
304
464
305
509
256
306
75
307
76
308
97
309
310
497
311
416
49
312
313
465
314
368
257
315
11
316
317
445
318
495
200
319
290
320
53
321
170
322
323
382
264
324
219
325
235
326
100
327
328
334
324
329
217
330
331
481
332
496
333
399
334
470
101
335
288
336
71
337
147
338
339
447
340
393
28
341
264
342
343
413
197
344
217
345
99
346
278
347
348
395
217
349
22
350
337
351
96
352
353
359
159
354
214
355
342
356
335
357
306
358
175
359
79
360
186
361
80
362
155
363
205
364
325
365
332
366
179
367
360
368
363
369
6
370
203
371
372
471
373
392
14
374
375
450
211
376
377
491
275
378
368
379
87
380
295
381
160
382
383
433
275
384
185
385
319
386
387
493
168
388
312
389
259
390
391
435
77
392
267
393
114
394
8
395
269
396
93
397
393
398
356
399
338
400
126
401
20
402
81
403
34
404
92
405
252
406
231
407
238
408
215
409
221
410
293
411
1
412
413
509
297
414
250
415
47
416
170
417
363
418
172
419
108
420
421
503
420
422
328
423
421
424
425
486
187
426
427
493
126
428
378
429
256
430
65
431
243
432
372
433
179
434
318
435
173
436
253
437
204
438
121
439
396
440
257
441
10
442
90
443
388
444
93
445
247
446
312
447
387
448
134
449
450
488
451
477
452
480
412
453
445
454
455
467
160
456
184
457
215
458
308
459
201
460
77
461
124
462
215
463
173
464
309
465
198
466
183
467
344
468
46
469
257
470
150
471
244
472
429
473
463
474
227
475
239
476
297
477
461
478
237
479
53
480
241
481
482
505
90
483
352
484
82
485
281
486
114
487
349
488
489
498
332
490
488
491
492
497
218
493
167
494
194
495
195
496
115
497
151
498
402
499
444
500
358
501
173
502
17
503
88
504
172
505
91
506
352
507
198
508
396
509
256
510
351
511
0.6356462240219116
0.05490894243121147
0.2098172903060913
0.36911818385124207
0.8423576354980469
0.5966870188713074
0.09081665426492691
0.6537816524505615
0.43507033586502075
0.6513047218322754
0.3206910789012909
0.18267357349395752
0.706395149230957
0.7804628014564514
0.1601986289024353
0.5702732801437378
0.06948138773441315
0.2820756733417511
0.06066403165459633
0.4679519534111023
0.035886332392692566
0.3685462474822998
0.23242898285388947
0.7330750226974487
0.7919591665267944
0.302288681268692
0.7602686882019043
0.14156070351600647
0.4500634968280792
0.595533013343811
0.7349331378936768
0.3273703455924988
0.28448420763015747
0.6086787581443787
0.0005631205276586115
0.40598636865615845
0.638855516910553
0.030717283487319946
0.1459088921546936
0.17151577770709991
0.7970201373100281
0.6282567977905273
0.3115517497062683
0.556472897529602
0.5987058877944946
0.08323406428098679
0.4592607319355011
0.60347580909729
0.5932812690734863
0.4976600706577301
0.4651719927787781
0.5226163864135742
0.4289315938949585
0.5012043118476868
0.46355193853378296
0.6227858066558838
0.9055655598640442
0.4337122142314911
0.7154293656349182
0.1765541434288025
0.29060280323028564
0.21734072268009186
0.965345025062561
0.36727505922317505
0.9808361530303955
0.8637661337852478
0.4019504487514496
0.45825740694999695
0.6272810101509094
0.333957314491272
0.12100493162870407
0.16474215686321259
0.29855814576148987
0.901165783405304
0.48610541224479675
0.7416094541549683
0.7746056318283081
0.10532553493976593
0.09066155552864075
0.7925090789794922
0.6207013130187988
0.45617008209228516
0.40494105219841003
0.6439874172210693
0.8636412620544434
0.9716315269470215
0.8408186435699463
0.25779324769973755
0.16064703464508057
0.4655391275882721
0.5827485918998718
0.7334466576576233
0.2685126066207886
0.30800437927246094
0.9727393984794617
0.49180173873901367
0.35181504487991333
0.007775126490741968
0.9396497011184692
0.2583526074886322
0.18310916423797607
0.49441102147102356
0.35646018385887146
0.8698843717575073
0.8850919008255005
0.7714038491249084
0.31776532530784607
0.5101979970932007
0.7057970762252808
0.37608209252357483
0.29997095465660095
0.08647838234901428
0.16913829743862152
0.3694123327732086
0.9288473725318909
0.16239047050476074
0.9066669940948486
0.12335405498743057
0.5529325604438782
0.6953867673873901
0.9532567858695984
0.00048223044723272324
0.8958274722099304
0.67909175157547
0.9876489639282227
0.8834626078605652
0.43282386660575867
0.29486939311027527
0.7821488380432129
0.8356656432151794
0.11726660281419754
0.7776645421981812
0.1926289051771164
0.14174284040927887
0.7323271632194519
0.6416886448860168
0.054948899894952774
0.7445158958435059
0.09807020425796509
0.04756368324160576
0.5276036262512207
0.12511655688285828
0.8639492392539978
0.7983039617538452
0.4215226471424103
0.23970496654510498
0.12409853935241699
0.2825474441051483
0.02643107809126377
0.9510255455970764
0.6621863842010498
0.6198682188987732
0.24640296399593353
0.290509968996048
0.8614028096199036
0.8303347826004028
0.28614211082458496
0.6305479407310486
0.8605706095695496
0.6296061873435974
0.7019108533859253
0.5611177086830139
0.15305253863334656
0.49386143684387207
0.7812678217887878
0.7781734466552734
0.7537013292312622
0.8416708111763
0.49238598346710205
0.8686147332191467
0.9574036002159119
0.17160268127918243
0.05195369943976402
0.20744472742080688
0.9802008867263794
0.9643345475196838
0.512599766254425
0.6754650473594666
0.7953581809997559
0.37308940291404724
0.09176080673933029
0.29072195291519165
0.09975303709506989
0.26437127590179443
0.3997434079647064
0.6101136803627014
0.23223327100276947
0.6442139148712158
0.9771669507026672
0.22766970098018646
0.8431235551834106
0.5813653469085693
0.7159534096717834
0.4525314271450043
0.29908573627471924
0.5488513708114624
0.8961876630783081
0.6026163101196289
0.18441282212734222
0.8579474091529846
0.8824337720870972
0.002304274355992675
0.7838993668556213
0.4903108477592468
0.20392289757728577
0.344012975692749
0.22659549117088318
0.11674514412879944
0.25559812784194946
0.5413798689842224
0.5955936908721924
0.23659642040729523
0.646491289138794
0.6133658289909363
0.009775402024388313
0.24046464264392853
0.1839148998260498
0.98401939868927
0.08712655305862427
0.5379689931869507
0.5251650810241699
0.487179696559906
0.47955629229545593
0.032450199127197266
0.6489112377166748
0.8338124752044678
0.7232885956764221
0.8580374121665955
0.794363796710968
0.5279842615127563
0.3409207761287689
0.04575545713305473
0.791469156742096
0.028181133791804314
0.7482929229736328
0.26256802678108215
0.33984577655792236
0.9102432727813721
0.8088098168373108
0.010925522074103355
0.2816479802131653
0.5881040096282959
0.5506377816200256
0.4131473898887634
0.4316309988498688
0.8091847896575928
0.18464040756225586
0.055554069578647614
0.1784527599811554
0.1549306958913803
0.5609219670295715
0.9400492906570435
0.5168027877807617
0.4280834197998047
0.8273196816444397
0.2457011640071869
0.5964964628219604
0.4063361883163452
0.9001101851463318
0.23991304636001587
0.9628807902336121
0.8143885731697083
0.7036740779876709
0.9817805290222168
0.9387038350105286
0.6119641661643982
0.29153311252593994
0.3275645673274994
0.7161924839019775
0.09884746372699738
0.6403100490570068
0.22636117041110992
0.7246615290641785
0.8177122473716736
0.9830819368362427
0.683928906917572
0.46317413449287415
0.18706656992435455
0.5161248445510864
0.3752330243587494
0.9068776369094849
0.8254176378250122
0.8692044019699097
0.9081344604492188
0.8889460563659668
0.7674586772918701
0.11442328244447708
0.8579931259155273
0.2518644630908966
0.08162505179643631
0.12957502901554108
0.31143349409103394
0.7230296730995178
0.03292078152298927
0.9121623039245605
0.5373000502586365
0.25025445222854614
0.9984391331672668
0.9222711324691772
0.4010750651359558
0.18353942036628723
0.4716017544269562
0.22203129529953003
0.6831909418106079
0.27160778641700745
0.5180904269218445
0.11942800134420395
0.533395528793335
0.8164966106414795
0.20647725462913513
0.15829792618751526
0.27704545855522156
0.20662489533424377
0.7964528203010559
0.0704958364367485
0.49753472208976746
0.13181595504283905
0.22496727108955383
0.7985430359840393
0.3317720890045166
0.9423354864120483
0.9818101525306702
0.3322388231754303
0.8673952221870422
0.43279144167900085
0.39566531777381897
0.7151438593864441
0.8155693411827087
0.4716896712779999
0.11244335770606995
0.5506492853164673
0.8619542717933655
0.1853998452425003
0.7235792875289917
0.18943752348423004
0.19415640830993652
0.17246878147125244
0.26501914858818054
0.4646756052970886
0.12129601836204529
0.6589134335517883
0.4143178462982178
0.12787839770317078
0.5128552317619324
0.9702285528182983
0.5417520999908447
0.31203630566596985
0.8827923536300659
0.664470374584198
0.5151891708374023
0.22947008907794952
0.4671761393547058
0.8876268267631531
0.8245447278022766
0.36406847834587097
0.43108102679252625
0.48643359541893005
0.7271555662155151
0.7379017472267151
0.5840202569961548
0.6967419385910034
0.24909068644046783
0.8590932488441467
0.17365336418151855
0.024332210421562195
0.45281100273132324
0.1805301010608673
0.6963185667991638
0.47435426712036133
0.9317750930786133
0.7872046828269958
0.21505728363990784
0.6809249520301819
0.11875434219837189
0.488791286945343
0.33413416147232056
0.48282185196876526
0.5556555986404419
0.9821154475212097
0.23780302703380585
0.17327779531478882
0.3037300109863281
0.2121199071407318
0.15762226283550262
0.23881866037845612
0.5232240557670593
0.7799030542373657
0.6875548958778381
0.8013044595718384
0.6842231154441833
0.33652928471565247
0.3189302682876587
0.6943121552467346
0.10490529984235764
0.5724908113479614
0.11083243042230606
0.1958974450826645
0.7531450390815735
0.28911471366882324
0.5448129773139954
0.6183087229728699
0.5201031565666199
0.3383733630180359
0.8082291483879089
0.596546471118927
0.24531686305999756
0.7236201763153076
0.3870243430137634
0.256955623626709
0.016169089823961258
0.7836145758628845
0.5593191385269165
0.24884618818759918
0.6961963176727295
0.4986129105091095
0.06837732344865799
0.7949459552764893
0.23121967911720276
0.768541693687439
0.8392584323883057
0.015585201792418957
0.9287263751029968
0.09162085503339767
0.7194647192955017
0.5209416747093201
0.8642505407333374
0.8545404076576233
0.5680902004241943
0.917880117893219
0.049867112189531326
0.2418822944164276
0.7890778183937073
0.2693115174770355
0.18393851816654205
0.4151868522167206
0.7528154850006104
0.6605277061462402
0.4521884620189667
0.6863333582878113
0.6342679858207703
0.36142295598983765
0.395429402589798
0.4931432902812958
0.4462040066719055
0.5668531060218811
0.18897733092308044
0.78093421459198
0.20445089042186737
0.17132823169231415
0.3788142502307892
0.5984509587287903
0.11409848928451538
0.1893538534641266
0.22532416880130768
0.5038197040557861
0.392474502325058
0.33257418870925903
0.6420080661773682
0.015641292557120323
0.7279065251350403
0.22150275111198425
0.8118582367897034
0.8320819139480591
0.9304683804512024
0.12413423508405685
0.28765690326690674
0.24408331513404846
0.5103784799575806
0.14033085107803345
0.5151527523994446
0.7897059917449951
0.16119226813316345
0.6242526769638062
0.8117398619651794
0.07946331053972244
0.3854331076145172
0.05109785497188568
0.36189696192741394
0.2814995348453522
0.05108426511287689
0.3907512128353119
0.7881355881690979
0.9327602386474609
0.2508976459503174
0.7595524787902832
0.1094338670372963
0.34222596883773804
0.39692172408103943
0.39888662099838257
0.43657582998275757
0.4880909025669098
0.4205499589443207
0.8841313719749451
0.5285419821739197
0.31768661737442017
0.05258740112185478
0.6076586842536926
0.11137769371271133
0.8578310608863831
0.3139271140098572
0.3282163739204407
0.4847009479999542
0.7206961512565613
0.5218499898910522
0.9457062482833862
0.4777490198612213
0.7373404502868652
0.14699293673038483
0.7997063994407654
0.9792198538780212
0.2067158818244934
0.8230774998664856
0.6955417990684509
0.3162316083908081
0.576026201248169
0.02704031951725483
0.6157530546188354
0.9372631311416626
0.18633367121219635
0.9681477546691895
0.6187936067581177
0.110051728785038
0.8048117756843567
0.920642614364624
0.00797326024621725
0.43875619769096375
0.8115037083625793
0.7454001903533936
0.12169726192951202
0.43138495087623596
0.30729940533638
0.7347085475921631
0.9397252798080444
0.5408791303634644
0.30865585803985596
0.1283782720565796
0.8917359113693237
0.3900505304336548
0.855282187461853
0.7065860629081726
0.036359772086143494
0.8706510066986084
0.9403902888298035
0.29678353667259216
0.5354049801826477
0.6744369268417358
0.9145880937576294
0.2916790246963501
0.36785247921943665
0.3890811800956726
0.032104406505823135
0.7060666680335999
0.679827868938446
0.7029962539672852
0.2794815003871918
0.560454785823822
0.04545750096440315
0.7628128528594971
0.26018962264060974
0.5770049095153809
0.3444972336292267
0.02045329660177231
0.672925591468811
0.22047071158885956
0.13833914697170258
0.38972610235214233
0.11247368901968002
0.892558753490448
0.7880112528800964
0.305194228887558
0.6513003706932068
0.9909381866455078
0.14394184947013855
0.11011359095573425
0.5016176104545593
0.8866422772407532
0.665844738483429
0.5435565114021301
0.407209187746048
0.8531994223594666
0.8290846347808838
0.6351701617240906
0.4614182412624359
0.992292046546936
0.9725692272186279
0.90665203332901
0.13824382424354553
0.5518675446510315
0.9597665667533875
0.8000928163528442
0.49462175369262695
0.6964530348777771
0.679485023021698
0.9605985879898071
0.12717555463314056
0.3752233684062958
0.803633451461792
0.8193432688713074
0.24253246188163757
0.5875451564788818
0.479184627532959
0.3808184266090393
0.6431571841239929
0.980327308177948
0.754991888999939
0.19127120077610016
0.30392199754714966
0.17555761337280273
0.5416666269302368
0.6924760937690735
0.19879941642284393
0.006532958243042231
0.6305399537086487
0.1783251017332077
0.535582959651947
0.6367981433868408
0.3126075863838196
0.4951496720314026
0.20282913744449615
0.6425034999847412
0.31249478459358215
0.6446453928947449
0.96678626537323
0.9776514768600464
0.349712997674942
0.4127163589000702
0.5271791219711304
0.009791039861738682
0.17033728957176208
0.2504250407218933
0.07410597056150436
0.09264163672924042
0.018544722348451614
0.553511917591095
0.21540406346321106
0.01866055279970169
0.69692063331604
0.32100459933280945
0.645607054233551
0.506429135799408
0.8692002892494202
0.25221195816993713
0.4702833294868469
0.5336424112319946
0.7527226209640503
0.4282052516937256
0.26515066623687744
0.2683936655521393
0.586470901966095
0.7378634810447693
0.29134225845336914
0.9360485076904297
0.9903613924980164
0.8937782049179077
0.3036283850669861
0.9181562066078186
0.5975658893585205
0.6805108189582825
0.7811481356620789
0.34624621272087097
0.7310451865196228
0.46805959939956665
0.8200445771217346
0.7056236267089844
0.14725744724273682
0.4095437228679657
0.33360886573791504
0.7113361954689026
0.8855209350585938
0.06558544933795929
0.23229101300239563
0.1840849220752716
0.5927699208259583
0.5431497097015381
0.03405938297510147
0.4797693192958832
0.3698425889015198
0.7137010097503662
0.8181837201118469
0.5009053945541382
0.21196672320365906
0.6623403429985046
0.07657209783792496
0.14594966173171997
0.11104097217321396
0.6437085270881653
0.44578105211257935
0.5861759185791016
0.8387616276741028
0.26074478030204773
0.752801775932312
0.7272665500640869
0.14764554798603058
0.5244851112365723
0.2693711221218109
0.7942844033241272
0.6069764494895935
0.8954194784164429
0.7690718770027161
0.3238784968852997
0.6962118744850159
0.4235159754753113
0.9531798958778381
0.8217373490333557
0.623036801815033
0.09963010251522064
0.6354740262031555
0.9802114367485046
0.31444355845451355
0.5135914087295532
0.03185278922319412
0.05475857853889465
0.7887200713157654
0.5557922124862671
0.9202287793159485
0.15018047392368317
0.6132387518882751
0.34903812408447266
0.5291761159896851
0.7102681398391724
0.21723389625549316
0.09796986728906631
0.3897962272167206
0.22949758172035217
0.38413578271865845
0.7723808288574219
0.9882169961929321
0.018499234691262245
0.8511962294578552
0.10543812811374664
0.7791942358016968
0.12655557692050934
0.898041307926178
0.08469598740339279
0.965273380279541
0.4735550284385681
0.7094569206237793
0.5708670020103455
0.19985494017601013
0.2709685266017914
0.236285999417305
0.45802897214889526
0.8964463472366333
0.15680982172489166
0.7586662173271179
0.5058168172836304
0.9691929817199707
0.7576618790626526
0.5260783433914185
0.661046028137207
0.2453954964876175
0.12384821474552155
0.7751948833465576
0.510493814945221
0.4980565309524536
0.7802152037620544
0.6872069835662842
0.24760955572128296
0.06403126567602158
0.270679771900177
0.1894332468509674
0.9366173148155212
0.5740923881530762
0.663176953792572
0.587221622467041
0.11108805984258652
0.7190315127372742
0.7381808161735535
0.2586495876312256
0.74080491065979
0.07627814263105392
0.7015605568885803
0.19556228816509247
0.4791845679283142
0.6640899181365967
0.6806625127792358
0.6681362390518188
0.8520589470863342
0.006069067399948835
0.7935828566551208
0.8341745734214783
0.9905907511711121
0.6948825716972351
0.8109760284423828
0.7914777994155884
0.25579211115837097
0.633942186832428
0.8938653469085693
0.900905966758728
0.6961929202079773
0.49688443541526794
0.8884921073913574
0.9905058145523071
0.7308924794197083
0.865239143371582
0.3244982957839966
0.8847171664237976
0.5697417259216309
0.6396418213844299
0.35411790013313293
0.22084826231002808
0.7630146741867065
0.31806236505508423
0.2635341286659241
0.3438620865345001
0.006217277143150568
0.9885081648826599
0.8418202996253967
0.10634166747331619
0.31203240156173706
0.6957533955574036
0.5543164014816284
0.24523407220840454
0.13680194318294525
0.4708689749240875
0.0915350690484047
0.9202476143836975
0.9522072672843933
0.509745180606842
0.7183232307434082
0.7300521731376648
0.35562610626220703
0.19603115320205688
0.8213322162628174
0.8856537938117981
0.06730107218027115
0.3563337028026581
0.4233125150203705
0.9570249915122986
0.814545214176178
0.36467209458351135
0.11848810315132141
0.3108353018760681
0.272701621055603
0.6566739082336426
0.17970052361488342
0.9044214487075806
0.7057656049728394
0.45659756660461426
0.23426386713981628
0.6946867108345032
0.8771842122077942
0.659828245639801
0.5257881879806519
0.7902138829231262
0.8447394371032715
0.8661356568336487
0.4856893718242645
0.30619126558303833
0.3398872911930084
0.29948240518569946
0.250358909368515
0.060111772269010544
0.20130953192710876
0.27542442083358765
0.30849459767341614
0.9761310815811157
0.25982871651649475
0.2005854994058609
0.13962751626968384
0.6390630602836609
0.21801497042179108
0.0189556572586298
0.35392653942108154
0.36857855319976807
0.9178228974342346
0.07524529099464417
0.9132902026176453
0.5118192434310913
0.05564640089869499
0.7107158303260803
0.28440091013908386
0.31287655234336853
0.9761142134666443
0.613627552986145
0.7669318914413452
0.8991298675537109
0.27763083577156067
0.0516982264816761
0.970828652381897
0.7272648811340332
0.15803515911102295
0.38583630323410034
0.5562247037887573
0.5713196992874146
0.0037954365834593773
0.8600603342056274
0.2720157206058502
0.16736382246017456
0.9593116641044617
0.740088701248169
0.5568166971206665
0.7031774520874023
0.8859179615974426
0.6225044131278992
0.1796579658985138
0.03832664713263512
0.6754835844039917
0.3666914105415344
0.6776423454284668
0.8391928672790527
0.24539107084274292
0.2072194516658783
0.129104882478714
0.5182521939277649
0.8552456498146057
0.6945235133171082
0.9092970490455627
0.6672664880752563
0.28328171372413635
0.9678207635879517
0.7755867838859558
0.9695261716842651
0.9371312260627747
0.681702196598053
0.9752398729324341
0.4729272127151489
0.06256615370512009
0.37040838599205017
0.7341397404670715
0.6428685188293457
0.6090753674507141
0.6637659668922424
0.35592252016067505
0.2204081267118454
0.5583063364028931
0.21866904199123383
0.969409167766571
0.13943271338939667
0.9997026920318604
0.5364198684692383
0.847241222858429
0.08305853605270386
0.5932729840278625
0.8721268177032471
0.2633676826953888
0.5500725507736206
0.4337101876735687
0.477870911359787
0.5359084010124207
0.15028217434883118
0.5203936100006104
0.9240705966949463
0.28435829281806946
0.9371682405471802
0.7744430303573608
0.42782828211784363
0.9057906866073608
0.5852608680725098
0.43171340227127075
0.16616885364055634
0.7632103562355042
0.3264077305793762
0.17885145545005798
0.5628306865692139
0.12792928516864777
0.382986456155777
0.33757951855659485
0.9638168811798096
0.29222750663757324
0.7122470736503601
0.43012386560440063
0.5258945822715759
0.8410376310348511
0.40737056732177734
0.33283329010009766
0.6975339651107788
0.023261556401848793
0.6645554304122925
0.11169890314340591
0.7265645265579224
0.044140953570604324
0.5240534543991089
0.6032057404518127
0.3235595226287842
0.9581034779548645
0.6142590641975403
0.7680649757385254
0.4899134933948517
0.8424906134605408
0.3228345513343811
0.24011406302452087
0.094761423766613
0.6836040019989014
0.7217097282409668
0.007722544949501753
0.6729637384414673
0.6735851168632507
0.885262668132782
0.7736894488334656
0.7311481237411499
0.8753523230552673
0.2503746747970581
0.27221447229385376
0.927905797958374
0.5897400379180908
0.3682188093662262
0.026423750445246696
0.40516701340675354
0.8607915043830872
0.15373659133911133
0.8468862175941467
0.19278573989868164
0.15112078189849854
0.8522903919219971
0.42705708742141724
0.0059200613759458065
0.2288127988576889
0.5020552277565002
0.32413867115974426
0.05538942664861679
0.7882989645004272
0.7952001690864563
0.30133020877838135
0.6369359493255615
0.21427974104881287
0.8217807412147522
0.4626390337944031
0.9654607772827148
0.5344883799552917
0.3116694688796997
0.41287732124328613
0.4105401039123535
0.7993606925010681
0.8070142865180969
0.0529840812087059
0.91435307264328
0.018954358994960785
0.3526946008205414
0.07882023602724075
0.5193296074867249
0.7221060991287231
0.31871047616004944
0.5392269492149353
0.185493603348732
0.7964815497398376
0.4643699824810028
0.12101861089468002
0.15610450506210327
0.2318551391363144
0.23245826363563538
0.603860080242157
0.3730717599391937
0.9351025819778442
0.157339408993721
0.7667344212532043
0.30633214116096497
0.6538127660751343
0.29991790652275085
0.6029714345932007
0.17636944353580475
0.43024811148643494
0.23675288259983063
0.8664433360099792
0.7173091173171997
0.8064082264900208
0.976710855960846
0.5937672853469849
0.21245503425598145
0.31041502952575684
0.5109673738479614
0.9996917247772217
0.7022691369056702
0.6310214400291443
0.9748064279556274
0.45262011885643005
0.00532064912840724
0.9377368092536926
0.19169782102108002
0.832162618637085
0.17757375538349152
0.31559640169143677
0.022144127637147903
0.7160463929176331
0.028349442407488823
0.7491824626922607
0.763654887676239
0.2872527241706848
0.0729842260479927
0.22004416584968567
0.043939776718616486
0.25660571455955505
0.0064905486069619656
0.5544155240058899
0.34496769309043884
0.07546525448560715
0.4251450300216675
0.4066658020019531
0.042975883930921555
0.8984779715538025
0.692571759223938
0.04561515152454376
0.2995860278606415
0.952552080154419
0.4763301610946655
0.3154187500476837
0.46593061089515686
0.11877413094043732
0.9645957946777344
0.6140856742858887
0.4207843542098999
0.2887771427631378
0.9737800359725952
0.5332515835762024
0.2986273765563965
0.48954570293426514
0.354111909866333
0.2733469605445862
0.7869091629981995
0.3224756121635437
0.294955849647522
0.7118099927902222
0.8696685433387756
0.6327159404754639
0.6394534111022949
0.0781196728348732
0.11728151887655258
0.05477713793516159
0.630571722984314
0.049293965101242065
0.10746225714683533
0.26215091347694397
0.8662287592887878
0.015119862742722034
0.8363950848579407
0.0891602486371994
0.4560081362724304
0.35017818212509155
0.6198989152908325
0.6890639066696167
0.9388173818588257
0.837526798248291
0.8644019365310669
0.617164134979248
0.9942572116851807
0.4262761175632477
0.9721517562866211
0.8759883642196655
0.5612888336181641
0.8917861580848694
0.07907082885503769
0.2554713487625122
0.6656402945518494
0.982600212097168
0.5374606251716614
0.42304933071136475
0.4121971130371094
0.8171783685684204
0.36749252676963806
0.19089023768901825
0.8335520029067993
0.24598509073257446
0.2598000466823578
0.15100011229515076
0.449813574552536
0.4645653963088989
0.3629733920097351
0.8520458936691284
0.9674254655838013
0.26632171869277954
0.7103777527809143
0.29153943061828613
0.18876539170742035
0.5979677438735962
0.5575559735298157
0.1879909485578537
0.3847886323928833
0.7111040353775024
0.9416293501853943
0.5447366833686829
0.353291779756546
0.36929428577423096
0.7586312294006348
0.7258318066596985
0.32701292634010315
0.8184515237808228
0.42496320605278015
0.34098944067955017
0.071027010679245
0.857499897480011
0.82760089635849
0.09246722608804703
0.7206177711486816
0.5481489896774292
0.005273332819342613
0.9615936875343323
0.024172011762857437
0.5560408234596252
0.12891358137130737
0.6189368963241577
0.44605115056037903
0.47939765453338623
0.7917205691337585
0.037397753447294235
0.6350815296173096
0.27595609426498413
0.13308073580265045
0.8474823236465454
0.0969284176826477
0.4013462960720062
0.10583891719579697
0.20481768250465393
0.37997743487358093
0.6562644243240356
0.6899991035461426
0.6219858527183533
0.7881563305854797
0.7159377932548523
0.3077493906021118
0.19204358756542206
0.47518375515937805
0.43266579508781433
0.35492169857025146
0.5406031012535095
0.8740681409835815
0.1104356050491333
0.08381827175617218
0.3889801800251007
0.549351692199707
0.6279778480529785
0.3971714973449707
0.18609876930713654
0.15508362650871277
0.49475783109664917
0.818641722202301
0.34695711731910706
0.5259413719177246
0.9076143503189087
0.11243044584989548
0.532528817653656
0.7382324934005737
0.7571059465408325
0.33854907751083374
0.9788172245025635
0.4261455535888672
0.6253402829170227
0.24964448809623718
0.29843372106552124
0.998935878276825
0.44209685921669006
0.1694125086069107
0.2825286388397217
0.2687079608440399
0.7636562585830688
0.18793289363384247
0.7469711303710938
0.7201054692268372
0.5649003386497498
0.5808085203170776
0.9521288275718689
0.3728023171424866
0.5531303286552429
0.057985853403806686
0.41162431240081787
0.28835126757621765
0.4972972273826599
0.4991232454776764
0.9242504239082336
0.8831740021705627
0.35910764336586
0.28079167008399963
0.7667009830474854
0.5650864243507385
0.5219796299934387
0.2772291898727417
0.33097293972969055
0.519801139831543
0.25413376092910767
0.705583930015564
0.7336573600769043
0.350397527217865
0.9739952087402344
0.7193926572799683
0.0870768204331398
0.44156473875045776
0.887066662311554
0.8266006112098694
0.4540376663208008
0.5779625773429871
0.8537765741348267
0.545312225818634
0.9534879326820374
0.5149765014648438
0.8166578412055969
0.10599157959222794
0.34077557921409607
0.8338316679000854
0.11376520246267319
0.5930470824241638
0.811743974685669
0.36221832036972046
0.7948956489562988
0.7159323692321777
0.0057371086440980434
0.5473695993423462
0.5144864320755005
0.8402485847473145
0.8476564884185791
0.3138122856616974
0.008699329569935799
0.9770491719245911
0.568579912185669
0.41089826822280884
0.18146711587905884
0.9155421257019043
0.7192612290382385
0.8679680228233337
0.2116585671901703
0.2241845726966858
0.3028000295162201
0.3872286379337311
0.9336013197898865
0.37305015325546265
0.913277804851532
0.13299837708473206
0.16993030905723572
0.048254359513521194
0.22727671265602112
0.55051589012146
0.9620707035064697
0.14824053645133972
0.426488995552063
0.32783958315849304
0.5855528116226196
0.3029089570045471
0.10949502885341644
0.4718253016471863
0.7549672722816467
0.7785166501998901
0.6874629855155945
0.9334602355957031
0.344780296087265
0.5949087142944336
0.244629368185997
0.14809399843215942
0.8794350624084473
0.12344817072153091
0.4839737117290497
0.8174187541007996
0.5969226956367493
0.2695496678352356
0.9084274172782898
0.32979246973991394
0.9612525105476379
0.2498825490474701
0.9132785797119141
0.8437209725379944
0.6368485689163208
0.3602064847946167
0.12616486847400665
0.3564315736293793
0.8823986053466797
0.33418008685112
0.8108739852905273
0.521986186504364
0.5911435484886169
0.3763080835342407
0.7061384320259094
0.15768539905548096
0.15993735194206238
0.7189176082611084
0.838954508304596
0.6161956191062927
0.957623302936554
0.47715917229652405
0.15321244299411774
0.5108821988105774
0.4142446517944336
0.3339047431945801
0.03687051683664322
0.10110753029584885
0.11448254436254501
0.23560424149036407
0.9369375109672546
0.8657283186912537
0.6456186175346375
0.45611777901649475
0.6347487568855286
0.960350513458252
0.9122451543807983
0.04689105227589607
0.7921417355537415
0.8358105421066284
0.9136490225791931
0.3975813388824463
0.9690484404563904
0.28807681798934937
0.09266820549964905
0.931852400302887
0.1224680095911026
0.4975491464138031
0.4269142746925354
0.5480829477310181
0.09671399742364883
0.7826454639434814
0.6042320132255554
0.47714969515800476
0.021228600293397903
0.925045907497406
0.8666363954544067
0.682949960231781
0.8393470644950867
0.3180270791053772
0.894496738910675
0.6188399791717529
0.5377867221832275
0.4394899606704712
0.34325236082077026
0.1979374885559082
0.8687216639518738
0.35063043236732483
0.35373997688293457
0.8347362875938416
0.050121791660785675
0.6155232191085815
0.8905773162841797
0.5420440435409546
0.48787009716033936
0.9553923606872559
0.7454028129577637
0.1420343965291977
0.5227598547935486
0.09616909176111221
0.48292604088783264
0.770992636680603
0.30492350459098816
0.03578691557049751
0.8961806893348694
0.1844913810491562
0.8416440486907959
0.9498730897903442
0.8102726340293884
0.9537519216537476
0.2413322627544403
0.4388176202774048
0.8309242725372314
0.9321714639663696
0.1187802255153656
0.9120126962661743
0.995330274105072
0.6200513243675232
0.3813950717449188
0.6791380643844604
0.5678744912147522
0.314862996339798
0.03193380683660507
0.8863533139228821
0.4810052216053009
0.021240582689642906
0.9589245915412903
0.23511676490306854
0.796093761920929
0.8628559112548828
0.09589540958404541
0.2414512038230896
0.5299522876739502
0.9386459589004517
0.14499330520629883
0.6431857347488403
0.9467376470565796
0.34466999769210815
0.6467224955558777
0.2699113190174103
0.28780439496040344
0.3311285972595215
0.6517018675804138
0.037733033299446106
0.7302920818328857
0.6297831535339355
0.042518239468336105
0.690716028213501
0.8643389344215393
0.6872411966323853
0.7340866923332214
0.6907431483268738
0.13526791334152222
0.6243236660957336
0.06565693765878677
0.9538010358810425
0.7824001312255859
0.8814354538917542
0.6044315099716187
0.6153126358985901
0.9239118099212646
0.5094839334487915
0.2978931665420532
0.34086745977401733
0.8862888216972351
0.2706456780433655
0.14291027188301086
0.5558568835258484
0.4978038966655731
0.9846334457397461
0.5976145267486572
0.9971768260002136
0.2543937563896179
0.5363484621047974
0.5445595383644104
0.4410887360572815
0.5209553837776184
0.9746519923210144
0.6184743046760559
0.9385255575180054
0.9914052486419678
0.9073260426521301
0.6277644634246826
0.4053129553794861
0.28745192289352417
0.2535001039505005
0.5300788283348083
0.6622950434684753
0.7477415800094604
0.7529985904693604
0.19897256791591644
0.6251808404922485
0.6933067440986633
0.23863935470581055
0.6082016825675964
0.6236467361450195
0.9689651131629944
0.7949860692024231
0.4747413992881775
0.6160882115364075
0.624565839767456
0.7736900448799133
0.44754618406295776
0.306964635848999
0.04600093141198158
0.6640399098396301
0.3444557189941406
0.14991436898708344
0.3605233132839203
0.15972097218036652
0.6934649348258972
0.852476954460144
0.6828364133834839
0.77815181016922
0.3108794391155243
0.04691396281123161
0.0564761720597744
0.9242796897888184
0.6103088855743408
0.37612923979759216
0.6482573747634888
0.14211416244506836
0.910572350025177
0.8845058083534241
0.9677006006240845
0.605561375617981
0.1765250563621521
0.5902054905891418
0.01153548527508974
0.38984355330467224
0.6563248634338379
0.6539880633354187
0.24668444693088531
0.31166520714759827
0.45910799503326416
0.33352068066596985
0.18935053050518036
0.010952520184218884
0.7691411972045898
0.26480725407600403
0.9244693517684937
0.297649085521698
0.31131118535995483
0.418260395526886
0.07697614282369614
0.23137301206588745
0.36484527587890625
0.40762847661972046
0.29363539814949036
0.12679965794086456
0.030302561819553375
0.13789570331573486
0.3199305534362793
0.1259007751941681
0.913432240486145
0.3513428866863251
0.6569337844848633
0.25519847869873047
0.22796909511089325
0.013875562697649002
0.1488308161497116
0.18584299087524414
0.35846537351608276
0.16178183257579803
0.34355732798576355
0.8438312411308289
0.35580873489379883
0.8401802182197571
0.17833036184310913
0.3049335777759552
0.4349590241909027
0.589331865310669
0.24919266998767853
0.9425702095031738
0.33861541748046875
0.5367754101753235
0.6668941378593445
0.2339145392179489
0.6227040886878967
0.7666323781013489
0.8232426047325134
0.03426782041788101
0.6955609917640686
0.911221981048584
0.17721527814865112
0.1283688247203827
0.4958330988883972
0.4758166968822479
0.8290473222732544
0.9005247354507446
0.9269928932189941
0.8400387167930603
0.7189620733261108
0.02460058033466339
0.5803984999656677
0.14535292983055115
0.04431026428937912
0.495591402053833
0.7697360515594482
0.8137954473495483
0.13312457501888275
0.28085362911224365
0.3564154803752899
0.29128286242485046
0.8207085132598877
0.2938443422317505
0.7347446084022522
0.7133394479751587
0.8146888613700867
0.9955635070800781
0.45384839177131653
0.17217479646205902
0.5972087979316711
0.39777839183807373
0.6716974973678589
0.38865095376968384
0.07196297496557236
0.5950039029121399
0.07993156462907791
0.9878363609313965
0.5879894495010376
0.7736790180206299
0.7931407690048218
0.14641165733337402
0.7156469225883484
0.976377010345459
0.7491997480392456
0.2990647852420807
0.3515397906303406
0.7119074463844299
0.7868658900260925
0.20489399135112762
0.29645997285842896
0.5737197399139404
0.5338355898857117
0.20548684895038605
0.643893837928772
0.9356349110603333
0.41053372621536255
0.5378199219703674
0.3885231912136078
0.718177855014801
0.8503205180168152
0.026284385472536087
0.32041868567466736
0.708545982837677
0.9119660258293152
0.7221860885620117
0.9163340330123901
0.846957266330719
0.29142144322395325
0.8384337425231934
0.5516985654830933
0.5233818292617798
0.6943550109863281
0.5425523519515991
0.829564094543457
0.9031212329864502
0.8903352618217468
0.32749974727630615
0.8053009510040283
0.0563962459564209
0.008177697658538818
0.23358438909053802
0.43195220828056335
0.05930871516466141
0.20224913954734802
0.48247450590133667
0.7988275289535522
0.9800565838813782
0.2744118273258209
0.4482821226119995
0.3112740218639374
0.5081989169120789
0.6320495009422302
0.6178862452507019
0.6851033568382263
0.6798955798149109
0.6554329991340637
0.5891996026039124
0.6419293880462646
0.7814433574676514
0.17136095464229584
0.6577627658843994
0.3974326252937317
0.7884688973426819
0.9065977931022644
0.899336040019989
0.18482141196727753
0.8433985114097595
0.8026307225227356
0.8442934155464172
0.06545928120613098
0.027797328308224678
0.692232608795166
0.11733908951282501
0.959425151348114
0.3881551921367645
0.10126282274723053
0.6441946625709534
0.9547708630561829
0.46528810262680054
0.36225375533103943
0.4711052477359772
0.4910978376865387
0.36060693860054016
0.4871067702770233
0.27397945523262024
0.33156564831733704
0.3156818449497223
0.965070366859436
0.48148494958877563
0.5852743983268738
0.7180869579315186
0.9253231287002563
0.2088635116815567
0.9575115442276001
0.2736288607120514
0.9830660820007324
0.9428684115409851
0.13118252158164978
0.05703137069940567
0.4439021348953247
0.23478388786315918
0.25540417432785034
0.0933101549744606
0.4168592095375061
0.5732324123382568
0.3957827687263489
0.07566308230161667
0.2566356360912323
0.4349163770675659
0.8071033954620361
0.6812236309051514
0.7872940301895142
0.42672643065452576
0.2490997165441513
0.1864188313484192
0.8123925924301147
0.7402177453041077
0.5993185043334961
0.3623303472995758
0.11888381093740463
0.706925094127655
0.979398250579834
0.13971000909805298
0.7495867013931274
0.519434928894043
0.4477492570877075
0.6990507245063782
0.9790499806404114
0.26810702681541443
0.9161920547485352
0.01338010374456644
0.9345764517784119
0.614752471446991
0.7347843647003174
0.30247920751571655
0.7055875658988953
0.04966399818658829
0.8722326755523682
0.5857464671134949
0.6876566410064697
0.6444382071495056
0.9168688058853149
0.5356006026268005
0.4718150496482849
0.3997824490070343
0.9812827110290527
0.45181432366371155
0.28235867619514465
0.20646211504936218
0.305576354265213
0.6025509238243103
0.4269530475139618
0.689484715461731
0.7450562119483948
0.15357929468154907
0.997005045413971
0.45924073457717896
0.8743911981582642
0.22777418792247772
0.8041428923606873
0.6660739183425903
0.008516809903085232
0.16519153118133545
0.4414878785610199
0.39282506704330444
0.28465917706489563
0.5531786680221558
0.14661473035812378
0.10763926059007645
0.32336655259132385
0.5273019075393677
0.27432072162628174
0.6515788435935974
0.7693839073181152
0.11075000464916229
0.8148646950721741
0.921044111251831
0.2027110755443573
0.7188284993171692
0.7096865177154541
0.35564878582954407
0.29582667350769043
0.6453366279602051
0.8730068206787109
0.9706484079360962
0.9892054200172424
0.8357709646224976
0.2998352646827698
0.6876863241195679
0.6086450219154358
0.4670410454273224
0.22659744322299957
0.25199344754219055
0.586874783039093
0.5155100226402283
0.49428999423980713
0.06372082233428955
0.10737883299589157
0.7761579751968384
0.5306432247161865
0.21115989983081818
0.506706953048706
0.5806453824043274
0.30471840500831604
0.9156109690666199
0.37263011932373047
0.25197523832321167
0.924605131149292
0.3002597391605377
0.7968100309371948
0.6234654784202576
0.2769189774990082
0.4242049753665924
0.019107257947325706
0.46534666419029236
0.18791818618774414
0.5613659620285034
0.36233603954315186
0.23948314785957336
0.004995522554963827
0.13709136843681335
0.45990312099456787
0.4749431610107422
0.3729630708694458
0.8153380751609802
0.6148276329040527
0.2193179428577423
0.2648487687110901
0.7232183814048767
0.05202922597527504
0.7279694676399231
0.18032242357730865
0.47485604882240295
0.6860496997833252
0.7782725095748901
0.5066454410552979
0.07575022429227829
0.28388577699661255
0.45751631259918213
0.4059178829193115
0.15193228423595428
0.013299170881509781
0.5234605669975281
0.7980618476867676
0.6331084370613098
0.5941340923309326
0.4166281521320343
0.9519608020782471
0.46943533420562744
0.6640680432319641
0.6910098791122437
0.15210072696208954
0.7254342436790466
0.9215570688247681
0.699711799621582
0.37048161029815674
0.273964524269104
0.585522472858429
0.13305698335170746
0.739597737789154
0.5753152370452881
0.40329697728157043
0.9104686379432678
0.02447231113910675
0.1287752389907837
0.21780815720558167
0.8076688647270203
0.3493994176387787
0.18557864427566528
0.5790025591850281
0.39087995886802673
0.30986684560775757
0.19064189493656158
0.9435133337974548
0.3753259479999542
0.6290634870529175
0.8845140337944031
0.15810248255729675
0.8540041446685791
0.2804182469844818
0.7131763100624084
0.7780116200447083
0.29082733392715454
0.06730399280786514
0.49185866117477417
0.7670283317565918
0.16074605286121368
0.9577610492706299
0.2741129696369171
0.2045656144618988
0.14038385450839996
0.5779975652694702
0.931031346321106
0.31846463680267334
0.5210989117622375
0.332454651594162
0.9181600213050842
0.28113454580307007
0.5565788149833679
0.8189637064933777
0.2348528355360031
0.8075324892997742
0.09572738409042358
0.31856366991996765
0.37801435589790344
0.47967204451560974
0.5410571098327637
0.901066780090332
0.48834946751594543
0.37362873554229736
0.43107420206069946
0.9186760783195496
0.3049139976501465
0.06748240441083908
0.3037266731262207
0.31307369470596313
0.8604413270950317
0.3012215495109558
0.6298532485961914
0.3458652198314667
0.9955954551696777
0.35990867018699646
0.7300212383270264
0.44152480363845825
0.6339533925056458
0.9647424221038818
0.029040945693850517
0.683846116065979
0.948639988899231
0.010389912873506546
0.6388911008834839
0.7521516680717468
0.006059176288545132
0.3635905385017395
0.48633429408073425
0.9610393643379211
0.825138509273529
0.6918073892593384
0.7972553968429565
0.7983502149581909
0.5771418213844299
0.9953790307044983
0.5931710004806519
0.20423048734664917
0.9467675685882568
0.8309044241905212
0.6637845039367676
0.7990159392356873
0.2809126675128937
0.16274307668209076
0.06728269159793854
0.026971854269504547
0.35775867104530334
0.9060156941413879
0.020479237660765648
0.8467090129852295
0.2568117678165436
0.5354999303817749
0.47775810956954956
0.1997012346982956
0.06930720061063766
0.5861582159996033
0.5298005938529968
0.3647862374782562
0.8245427012443542
0.01433000061661005
0.3308810293674469
0.507051408290863
0.9540121555328369
0.09409095346927643
0.5390493273735046
0.8367033004760742
0.5899968147277832
0.16586798429489136
0.7075806260108948
0.11565710604190826
0.6536876559257507
0.6850878596305847
0.3117959499359131
0.6931045651435852
0.3675086796283722
0.28793251514434814
0.45765864849090576
0.8092606067657471
0.07614051550626755
0.018880290910601616
0.26021310687065125
0.4947378635406494
0.5413368940353394
0.35857245326042175
0.34252142906188965
0.21992602944374084
0.9815595149993896
0.7742249369621277
0.9248242974281311
0.4381828010082245
0.2604762017726898
0.26967886090278625
0.7077464461326599
0.15764488279819489
0.450707346200943
0.04783789440989494
