512 1
0
448
1
368
2
179
3
147
4
428
5
165
6
344
7
422
8
320
9
401
10
71
11
500
12
359
13
378
14
410
15
347
16
43
17
191
18
137
19
463
20
155
21
30
22
410
23
124
24
286
25
250
26
491
12
27
28
216
29
417
30
67
24
31
32
154
33
391
34
164
35
53
32
36
37
229
38
360
39
417
40
298
41
239
42
129
43
205
44
197
45
113
46
463
47
274
48
404
49
187
50
310
51
392
52
353
53
426
54
105
55
356
56
416
57
183
58
110
59
142
60
385
61
324
62
473
63
501
64
216
65
326
16
66
67
100
68
264
69
403
70
229
71
478
72
344
73
329
74
281
75
442
76
463
77
359
78
371
79
443
80
268
81
85
82
396
83
281
47
84
85
304
86
405
87
165
88
211
89
430
90
188
48
91
92
416
93
260
94
382
95
132
96
499
97
509
98
311
99
479
100
236
101
442
102
363
103
273
104
273
55
105
106
502
107
178
10
108
104
109
30
110
79
111
112
393
113
394
114
448
115
417
41
116
117
454
118
490
93
119
120
123
121
510
122
235
58
123
124
437
125
224
126
222
127
496
128
456
129
394
130
396
97
131
132
464
133
263
134
356
128
135
73
136
137
400
138
190
60
139
89
140
141
439
94
142
89
143
144
305
145
306
61
146
147
361
148
153
105
149
55
150
151
202
152
301
153
364
154
401
126
155
34
156
157
266
158
292
159
467
160
421
161
327
56
162
35
163
164
434
165
433
166
469
167
235
46
168
169
260
157
170
171
402
172
272
173
318
78
174
175
280
19
176
177
346
178
493
179
315
180
427
181
475
182
244
183
238
184
308
185
202
186
485
127
187
23
188
189
196
29
190
165
191
53
192
193
201
47
194
195
509
196
406
26
197
198
429
199
284
127
200
156
201
202
473
142
203
204
492
205
295
206
510
41
207
208
260
209
347
138
210
175
211
177
212
213
316
214
273
215
382
216
296
217
287
218
478
219
352
136
220
221
233
174
222
214
223
224
265
99
225
226
509
227
472
228
396
127
229
230
253
18
231
59
232
233
417
186
234
71
235
236
382
237
452
70
238
239
390
240
246
241
366
242
327
51
243
39
244
245
451
246
458
124
247
11
248
248
249
250
259
19
251
181
252
253
348
76
254
191
255
256
269
257
265
258
271
259
293
260
339
261
320
262
290
135
263
264
499
58
265
266
279
192
267
268
476
269
270
188
270
140
271
75
272
232
273
97
274
275
291
232
276
163
277
278
290
279
484
131
280
181
281
282
449
56
283
284
335
190
285
60
286
79
287
288
441
289
503
246
290
1
291
292
306
66
293
294
318
112
295
133
296
123
297
90
298
67
299
300
492
301
443
302
507
17
303
304
423
294
305
88
306
307
444
308
479
33
309
246
310
311
462
312
318
312
313
120
314
186
315
233
316
317
326
138
318
319
425
320
344
321
491
243
322
155
323
320
324
325
367
165
326
235
327
328
485
139
329
118
330
331
396
332
400
333
398
52
334
300
335
217
336
337
458
338
395
36
339
340
394
341
435
48
342
343
349
1
344
345
373
252
346
347
384
333
348
238
349
150
350
76
351
337
352
262
353
155
354
61
355
292
356
357
494
316
358
3
359
169
360
258
361
159
362
283
363
248
364
365
511
25
366
367
477
118
368
121
369
242
370
269
371
325
372
351
373
180
374
347
375
358
376
66
377
286
378
379
401
380
387
216
381
382
444
383
460
365
384
385
456
356
386
295
387
345
388
179
389
69
390
145
391
191
392
393
511
146
394
282
395
68
396
54
397
369
398
399
507
51
400
307
401
402
463
285
403
333
404
246
405
57
406
166
407
129
408
144
409
391
410
151
411
10
412
325
413
140
414
285
415
81
416
322
417
187
418
350
419
107
420
421
447
328
422
61
423
61
424
425
447
159
426
54
427
428
458
308
429
154
430
313
431
135
432
255
433
414
434
304
435
336
436
324
437
205
438
56
439
55
440
410
441
73
442
359
443
105
444
246
445
274
446
447
510
32
448
449
497
96
450
209
451
350
452
418
453
47
454
444
455
18
456
61
457
168
458
121
459
111
460
145
461
125
462
276
463
137
464
5
465
346
466
467
480
232
468
469
483
372
470
131
471
91
472
185
473
474
494
475
511
169
476
391
477
37
478
110
479
118
480
227
481
178
482
388
483
63
484
467
485
192
486
462
487
61
488
268
489
13
490
313
491
416
492
423
493
32
494
371
495
438
496
206
497
2
498
487
499
409
500
98
501
153
502
413
503
209
504
173
505
182
506
223
507
122
508
403
509
334
510
276
511
0.1253814548254013
0.3063660264015198
0.27773627638816833
0.22487089037895203
0.7218581438064575
0.8055824637413025
0.25146782398223877
0.9841585755348206
0.36160799860954285
0.8851615190505981
0.1278136968612671
0.301431268453598
0.5097982287406921
0.40947484970092773
0.35283970832824707
0.9255703091621399
0.5541325211524963
0.681036651134491
0.43753311038017273
0.24486671388149261
0.9205801486968994
0.34779444336891174
0.5426619648933411
0.23918640613555908
0.004763510078191757
0.44691210985183716
0.3240180015563965
0.8233275413513184
0.4788672626018524
0.14071886241436005
0.05737589672207832
0.9374759793281555
0.11472567170858383
0.11724086850881577
0.10524391382932663
0.685914933681488
0.7151660919189453
0.8171725869178772
0.29040858149528503
0.4370728135108948
0.09545466303825378
0.29455724358558655
0.16154606640338898
0.5798909068107605
0.9335203170776367
0.2308693528175354
0.3819272518157959
0.5403164029121399
0.5761758089065552
0.607944130897522
0.525180459022522
0.25263306498527527
0.8226128816604614
0.0995214432477951
0.39563849568367004
0.8224165439605713
0.9362674951553345
0.1471998691558838
0.796811044216156
0.951371431350708
0.13817451894283295
0.6082784533500671
0.870481550693512
0.07617120444774628
0.05822904035449028
0.41644486784935
0.3964948356151581
0.711418628692627
0.3591563403606415
0.8608750104904175
0.01151987537741661
0.29831933975219727
0.9115322828292847
0.8673526644706726
0.08867915719747543
0.9674132466316223
0.5778464674949646
0.5162806510925293
0.34968137741088867
0.9696685671806335
0.6007744073867798
0.8727749586105347
0.4274955987930298
0.8726004362106323
0.962429404258728
0.028886407613754272
0.34791675209999084
0.6498615145683289
0.23888057470321655
0.4874257445335388
0.2336183488368988
0.14906078577041626
0.9691365957260132
0.1758955419063568
0.6826026439666748
0.9344561100006104
0.07371795177459717
0.40896397829055786
0.7190409302711487
0.6182973980903625
0.7867627143859863
0.12234823405742645
0.25697141885757446
0.602175235748291
0.9035406112670898
0.21402113139629364
0.7008071541786194
0.760466992855072
0.8639698028564453
0.41397443413734436
0.893621027469635
0.08994825184345245
0.7065019011497498
0.2900320291519165
0.9665974378585815
0.4824465215206146
0.6931685209274292
0.15283074975013733
0.9156467914581299
0.37127846479415894
0.37114569544792175
0.8319465517997742
0.1958261877298355
0.733674943447113
0.4376120865345001
0.8897901177406311
0.682523250579834
0.5591951012611389
0.27440744638442993
0.015133705921471119
0.8571154475212097
0.7902172207832336
0.5693351030349731
0.8320426344871521
0.4704834520816803
0.4595640003681183
0.08636998385190964
0.32758012413978577
0.7673422694206238
0.5482995510101318
0.0154794966802001
0.3719758987426758
0.5152231454849243
0.4756348431110382
0.1974084973335266
0.06776869297027588
0.9359961748123169
0.12249069660902023
0.4046603739261627
0.6456875801086426
0.591691255569458
0.6255106925964355
0.9466308355331421
0.14157547056674957
0.32550346851348877
0.3727259337902069
0.41749322414398193
0.8610796928405762
0.057161618024110794
0.7375082969665527
0.18642602860927582
0.44285568594932556
0.15171374380588531
0.16567735373973846
0.5546566843986511
0.21152375638484955
0.27626150846481323
0.40254926681518555
0.7730774879455566
0.6371798515319824
0.6020844578742981
0.40484732389450073
0.17008255422115326
0.10136189311742783
0.8474535942077637
0.21596677601337433
0.9001366496086121
0.13899670541286469
0.7271179556846619
0.36662742495536804
0.6422646641731262
0.8483438491821289
0.883761465549469
0.6487612724304199
0.6661061644554138
0.5113638639450073
0.7629531621932983
0.059200216084718704
0.9437904357910156
0.399507611989975
0.127351313829422
0.9313783645629883
0.9203275442123413
0.4286051392555237
0.2928125858306885
0.20594076812267303
0.09817741066217422
0.19233103096485138
0.05692584067583084
0.6250312328338623
0.6971803307533264
0.049232471734285355
0.2789801061153412
0.49546679854393005
0.8031228184700012
0.7714563608169556
0.9843302369117737
0.2824707329273224
0.6112286448478699
0.590027928352356
0.10768559575080872
0.8366857767105103
0.6061967611312866
0.9215649366378784
0.382316529750824
0.0732574313879013
0.8170763254165649
0.5977548360824585
0.6262928247451782
0.5475482940673828
0.9037863612174988
0.6830927729606628
0.29650789499282837
0.042984168976545334
0.6268554925918579
0.8104639053344727
0.2808988690376282
0.32165488600730896
0.7945821285247803
0.974050760269165
0.3528715670108795
0.8355512022972107
0.049480173736810684
0.07862115651369095
0.6010444164276123
0.4082426130771637
0.022483356297016144
0.6270101070404053
0.5025781989097595
0.4453202188014984
0.49222469329833984
0.5694100856781006
0.07038784772157669
0.7117401957511902
0.2659846544265747
0.21064502000808716
0.46055227518081665
0.20279842615127563
0.34352540969848633
0.22488833963871002
0.786144495010376
0.49285244941711426
0.3406977951526642
0.9567286968231201
0.21894493699073792
0.8771398067474365
0.6987790465354919
0.7950103282928467
0.06302288174629211
0.3941189646720886
0.06903170049190521
0.320083349943161
0.7618709802627563
0.8375923037528992
0.5761895775794983
0.7258815765380859
0.6141027808189392
0.44243326783180237
0.364007830619812
0.39546236395835876
0.2109723836183548
0.37914612889289856
0.9610101580619812
0.7868297696113586
0.3956459164619446
0.2504851520061493
0.8624563217163086
0.5578259825706482
0.4528452455997467
0.5069867968559265
0.44927752017974854
0.7640174627304077
0.2946988046169281
0.12145792692899704
0.4095110297203064
0.7400906085968018
0.434211403131485
0.7045685648918152
0.9175639152526855
0.14772063493728638
0.28713569045066833
0.6460954546928406
0.95064777135849
0.8246739506721497
0.8680894374847412
0.9968695640563965
0.9812436699867249
0.44845375418663025
0.44083788990974426
0.01197791751474142
0.6514372825622559
0.19966544210910797
0.30575859546661377
0.604629397392273
0.4155961871147156
0.9867404103279114
0.5774204730987549
0.46927109360694885
0.56533282995224
0.006319392006844282
0.6085039377212524
0.11691711097955704
0.4586614668369293
0.5879482626914978
0.8787406086921692
0.3804965317249298
0.1566796749830246
0.16555240750312805
0.4722657799720764
0.8724237680435181
0.28998786211013794
0.12987379729747772
0.38644465804100037
0.07580645382404327
0.4611227810382843
0.01057526282966137
0.5855132341384888
0.5474899411201477
0.09725179523229599
0.1909787654876709
0.28875699639320374
0.5848828554153442
0.9644240736961365
0.3410361707210541
0.9986863732337952
0.859405517578125
0.019064337015151978
0.6128708124160767
0.9427382946014404
0.5421388149261475
0.8336535692214966
0.44013264775276184
0.2815803587436676
0.7543880939483643
0.1421206146478653
0.734921395778656
0.7230544090270996
0.2070038914680481
0.029518257826566696
0.7101617455482483
0.52435702085495
0.23721064627170563
0.4612373113632202
0.8638160824775696
0.966571569442749
0.7203326225280762
0.9649720191955566
0.42567896842956543
0.6275882124900818
0.03024083562195301
0.42182502150535583
0.03429122641682625
0.1108769029378891
0.21917958557605743
0.14302752912044525
0.30624350905418396
0.12468462437391281
0.986582338809967
0.011640073731541634
0.7756327986717224
0.3948330283164978
0.02741619013249874
0.3709513247013092
0.7619609832763672
0.5025012493133545
0.23052240908145905
0.05381321907043457
0.7353653311729431
0.7258394360542297
0.975150465965271
0.32412150502204895
0.8931316137313843
0.7455059289932251
0.1007293239235878
0.5622392892837524
0.6447462439537048
0.6594672799110413
0.3973630964756012
0.320586234331131
0.8776012659072876
0.3416171669960022
0.28115779161453247
0.6219395995140076
0.45472872257232666
0.5325573086738586
0.7961433529853821
0.4496443569660187
0.020778151229023933
0.40062904357910156
0.7774195671081543
0.7622061967849731
0.009041571989655495
0.2737608551979065
0.656748354434967
0.045187853276729584
0.796695351600647
0.3102109730243683
0.8219209909439087
0.2267834097146988
0.06580362468957901
0.050632886588573456
0.5969960689544678
0.418579638004303
0.8134071230888367
0.45137232542037964
0.8873656988143921
0.9313461184501648
0.7699359655380249
0.18898095190525055
0.9657232761383057
0.9824352264404297
0.1307963728904724
0.5990723371505737
0.9117165207862854
0.8934450149536133
0.21097569167613983
0.5714225769042969
0.2977498769760132
0.02647397480905056
0.1396443098783493
0.15556201338768005
0.5010170340538025
0.9386211037635803
0.7334038019180298
0.5741792321205139
0.13891299068927765
0.9102861285209656
0.00808132253587246
0.6809616088867188
0.9008303880691528
0.7029970288276672
0.836457371711731
0.6569245457649231
0.3582724630832672
0.04648033529520035
0.6666949987411499
0.7509549856185913
0.6040385365486145
0.2694491744041443
0.6788947582244873
0.5297893285751343
0.48403647541999817
0.6376954317092896
0.6605587005615234
0.6160040497779846
0.004917311482131481
0.49263474345207214
0.557666540145874
0.7516340613365173
0.8001223206520081
0.3546886742115021
0.6128466129302979
0.7595208883285522
0.7436073422431946
0.4010058045387268
0.4111330807209015
0.1535087525844574
0.3256834149360657
0.08815693110227585
0.40647709369659424
0.794248640537262
0.5578845143318176
0.42635461688041687
0.34081920981407166
0.6925471425056458
0.8456971049308777
0.13929487764835358
0.37063559889793396
0.48184195160865784
0.7105469703674316
0.640068531036377
0.7267123460769653
0.15072299540042877
0.3225226402282715
0.831570029258728
0.028564587235450745
0.5801380276679993
0.5626538991928101
0.8788626194000244
0.2603456377983093
0.1630963236093521
0.07825496792793274
0.6577714681625366
0.07370758056640625
0.1163128986954689
0.9396336674690247
0.9709799885749817
0.9688796401023865
0.8787830471992493
0.12698514759540558
0.6619459390640259
0.5844522714614868
0.2930522561073303
0.8689262866973877
0.8552922010421753
0.15474621951580048
0.6781682372093201
0.49668219685554504
0.06224842369556427
0.7484736442565918
0.9385380744934082
0.016359418630599976
0.03725569695234299
0.6829100251197815
0.3972857892513275
0.8028809428215027
0.4250352680683136
0.7231507897377014
0.9630803465843201
0.01880289614200592
0.21667400002479553
0.4308544993400574
0.9092245101928711
0.2479717880487442
0.6388963460922241
0.9182054996490479
0.6293128132820129
0.5259711742401123
0.543918788433075
0.588420569896698
0.578011155128479
0.46327877044677734
0.8695770502090454
0.9141013622283936
0.7653882503509521
0.4462372660636902
0.08856263756752014
0.3153119385242462
0.8222832083702087
0.5112008452415466
0.39544814825057983
0.42038458585739136
0.49648579955101013
0.7878361344337463
0.3688758909702301
0.42607933282852173
0.31006938219070435
0.6547181010246277
0.42571231722831726
0.4055651128292084
0.4655401110649109
0.5660845637321472
0.7258909344673157
0.2227279394865036
0.24883943796157837
0.2821115255355835
0.8374260663986206
0.5761223435401917
0.6962133049964905
0.5775920152664185
0.6606352925300598
0.013898172415792942
0.2859938144683838
0.45361655950546265
0.5508468747138977
0.8967245817184448
0.9606301188468933
0.1261674463748932
0.8941614031791687
0.6518675684928894
0.9409804344177246
0.622630774974823
0.04155727103352547
0.16333870589733124
0.666677713394165
0.05501847714185715
0.6151995658874512
0.30287957191467285
0.31071844696998596
0.9153822064399719
0.7016136646270752
0.0023874344769865274
0.8843744993209839
0.6446107029914856
0.849937915802002
0.9568537473678589
0.6609811186790466
0.6185547709465027
0.8280959725379944
0.363671213388443
0.3883703649044037
0.8771631121635437
0.061034396290779114
0.04507642611861229
0.017556102946400642
0.5659533143043518
0.7632163166999817
0.8760667443275452
0.44248291850090027
0.9141825437545776
0.644471287727356
0.47502005100250244
0.35422080755233765
0.6038779616355896
0.042870357632637024
0.7225127220153809
0.7314285039901733
0.406279593706131
0.3473384976387024
0.16507428884506226
0.017803506925702095
0.34290096163749695
0.47059836983680725
0.4173526167869568
0.9096928834915161
0.05010281130671501
0.6240382194519043
0.880978524684906
0.3513210415840149
0.40796491503715515
0.9709795117378235
0.3721698224544525
0.4222831726074219
0.37056905031204224
0.3666786849498749
0.3753229081630707
0.8853046298027039
0.17052289843559265
0.9361560940742493
0.20614953339099884
0.2721984088420868
0.6693341732025146
0.7395331859588623
0.3979327082633972
0.6956398487091064
0.043058495968580246
0.914444088935852
0.9584617018699646
0.24806074798107147
0.7627961039543152
0.9137611985206604
0.6696581840515137
0.29997822642326355
0.49573618173599243
0.413144588470459
0.9831625819206238
0.1275576800107956
0.6275419592857361
0.07786697149276733
0.7977540493011475
0.5494900941848755
0.2826848030090332
0.06431066989898682
0.39654630422592163
0.4503133296966553
0.34148144721984863
0.9128560423851013
0.2049444615840912
0.6814532279968262
0.30585336685180664
0.9343620538711548
0.9047785997390747
0.8752191662788391
0.9463316798210144
0.26609349250793457
0.8996068835258484
0.6969313621520996
0.6855097413063049
0.2057490050792694
0.18127064406871796
0.5480475425720215
0.2761682868003845
0.46558958292007446
0.9609673023223877
0.9752619862556458
0.46707025170326233
0.1584443897008896
0.9981148838996887
0.9334349632263184
0.7224283814430237
0.5548519492149353
0.9683002233505249
0.26326143741607666
0.49830442667007446
0.5081210136413574
0.4035884737968445
0.4783886969089508
0.635671854019165
0.11366019397974014
0.32181695103645325
0.7027331590652466
0.40160295367240906
0.4549976587295532
0.32870742678642273
0.9293551445007324
0.9345815777778625
0.5034579038619995
0.6112052202224731
0.6075189709663391
0.8065633177757263
0.362019419670105
0.5237809419631958
0.8969922065734863
0.893872082233429
0.8649358749389648
0.5051863789558411
0.7902974486351013
0.8161925673484802
0.8745888471603394
0.8691205382347107
0.3941704332828522
0.033023636788129807
0.012642576359212399
0.861375629901886
0.6707322001457214
0.48716017603874207
0.572954535484314
0.7934452891349792
0.8804914355278015
0.7014751434326172
0.1987842321395874
0.770282506942749
0.8514431715011597
0.9423224925994873
0.2945294678211212
0.9252569675445557
0.6720781922340393
0.7453374862670898
0.6809225082397461
0.28815439343452454
0.32035768032073975
0.28642210364341736
0.034465812146663666
0.164736807346344
0.8883306980133057
0.5330025553703308
0.9643211364746094
0.7672480940818787
0.3674239218235016
0.7143799066543579
0.16186656057834625
0.25411078333854675
0.981457531452179
0.9920050501823425
0.05069870874285698
0.002382320584729314
0.16346989572048187
0.35342997312545776
0.6667622327804565
0.8443086743354797
0.9507026672363281
0.9283656477928162
0.18270444869995117
0.0029903731774538755
0.6957228183746338
0.20875322818756104
0.40329787135124207
0.5324559211730957
0.9635881781578064
0.9832858443260193
0.8984768986701965
0.40257561206817627
0.3961281478404999
0.14499332010746002
0.9409363865852356
0.12452801316976547
0.31210440397262573
0.4132378399372101
0.29940855503082275
0.5806300640106201
0.0889434963464737
0.9228301644325256
0.05148645117878914
0.9758967757225037
0.10563827306032181
0.6058056354522705
0.48707324266433716
0.8542695045471191
0.7743760943412781
0.8685344457626343
0.14918920397758484
0.6915082931518555
0.5424810647964478
0.7368441224098206
0.9306994676589966
0.2291141003370285
0.20340396463871002
0.9329062700271606
0.8550297617912292
0.9036771655082703
0.5604532361030579
0.37705522775650024
0.3667858839035034
0.7355594635009766
0.33616748452186584
0.04260428249835968
0.7561585307121277
0.009157110936939716
0.00013549475988838822
0.18789425492286682
0.04948308318853378
0.05859556421637535
0.819435179233551
0.7964708209037781
0.18491604924201965
0.3526955842971802
0.7579106688499451
0.30093029141426086
0.41330450773239136
0.21038633584976196
0.5230987071990967
0.38011154532432556
0.7809826135635376
0.33120444416999817
0.17573831975460052
0.19111336767673492
0.365932822227478
0.9057884812355042
0.41388139128685
0.10821820795536041
0.034323446452617645
0.6957667469978333
0.6127822399139404
0.07982708513736725
0.7214896082878113
0.4803656041622162
0.7791910767555237
0.8155751824378967
0.27730536460876465
0.27220624685287476
0.5533876419067383
0.25059187412261963
0.5417656898498535
0.8709549903869629
0.5080283880233765
0.2760392427444458
0.8127462863922119
0.8674129247665405
0.34873130917549133
0.7265139222145081
0.08548454195261002
0.826696515083313
0.05017809942364693
0.3467101454734802
0.8421933054924011
0.7603542804718018
0.9012078642845154
0.35665789246559143
0.5740954875946045
0.3884640634059906
0.6411002278327942
0.7614175081253052
0.6736157536506653
0.8091338872909546
0.6314884424209595
0.1329934149980545
0.5044621825218201
0.1437184363603592
0.18550226092338562
0.9066348075866699
0.9647467136383057
0.23611292243003845
0.1011684313416481
0.9554935693740845
0.09553159773349762
0.3477485179901123
0.5650007724761963
0.7415151000022888
0.8631108999252319
0.8572900295257568
0.8954536318778992
0.1725340336561203
0.024634672328829765
0.5790625810623169
0.4155956208705902
0.4868984818458557
0.9948986768722534
0.030497100204229355
0.8218136429786682
0.770012378692627
0.7619495987892151
0.43028494715690613
0.743999719619751
0.18581601977348328
0.08230537176132202
0.2559082508087158
0.10493238270282745
0.695793867111206
0.2864598333835602
0.438278466463089
0.6155630946159363
0.7373019456863403
0.9080953598022461
0.9471613168716431
0.015824027359485626
0.4828836917877197
0.09471957385540009
0.0878068134188652
0.7354955077171326
0.0009750894969329238
0.8563864827156067
0.566665530204773
0.2800996005535126
0.6584857106208801
0.5762596726417542
0.638285756111145
0.6808556318283081
0.6827073097229004
0.15906111896038055
0.49380359053611755
0.41326770186424255
0.647196352481842
0.41263464093208313
0.552574098110199
0.222556933760643
0.01115401554852724
0.06278358399868011
0.2692718207836151
0.17642341554164886
0.32549652457237244
0.36634135246276855
0.3751338720321655
0.03470819815993309
0.36363279819488525
0.6885332465171814
0.5744702816009521
0.8346120715141296
0.3241270184516907
0.37107521295547485
0.381600946187973
0.6594486832618713
0.59515780210495
0.7965061068534851
0.36523494124412537
0.13822591304779053
0.5210984945297241
0.8123144507408142
0.6238745450973511
0.8064537644386292
0.452178031206131
0.2784503102302551
0.927072286605835
0.9033669829368591
0.415591835975647
0.8024309873580933
0.7370164394378662
0.5627723336219788
0.9201536774635315
0.2316327542066574
0.07541923969984055
0.9514391422271729
0.2989128530025482
0.26259925961494446
0.007916242815554142
0.29297998547554016
0.7179505228996277
0.4992316961288452
0.8580998778343201
0.2665617763996124
0.6798187494277954
0.01377112790942192
0.653124988079071
0.671000063419342
0.23013606667518616
0.2673819661140442
0.348342627286911
0.16281640529632568
0.9595420956611633
0.8296809792518616
0.4108247458934784
0.5132303237915039
0.12074243277311325
0.5071398019790649
0.5652940273284912
0.06332191079854965
0.9318995475769043
0.9806308746337891
0.3563389778137207
0.21462208032608032
0.7839216589927673
0.4407937228679657
0.5973318815231323
0.9244943261146545
0.8793361186981201
0.4809516966342926
0.1075580045580864
0.6440338492393494
0.16229797899723053
0.5955843925476074
0.2166205644607544
0.8405981063842773
0.7890112400054932
0.74748694896698
0.22910168766975403
0.005858620163053274
0.5731364488601685
0.5415724515914917
0.5305420756340027
0.5643538236618042
0.1533874124288559
0.8794084787368774
0.6595653295516968
0.28069522976875305
0.4925147294998169
0.09442640841007233
0.36100316047668457
0.8294292688369751
0.3427722752094269
0.030260883271694183
0.03396424651145935
0.0015862062573432922
0.3918301463127136
0.3500312566757202
0.5684235692024231
0.9336140155792236
0.1107952669262886
0.257318913936615
0.41847091913223267
0.2956697940826416
0.9857159852981567
0.5182297229766846
0.11099960654973984
0.4179351329803467
0.6466750502586365
0.5540454983711243
0.2257029265165329
0.9556893110275269
0.012463897466659546
0.794581413269043
0.5719395279884338
0.7611966133117676
0.7768791317939758
0.4762972891330719
0.6033838987350464
0.0977984070777893
0.9707786440849304
0.7920950055122375
0.3060075342655182
0.7645862698554993
0.23404058814048767
0.1367155909538269
0.520456075668335
0.6057658791542053
0.46914970874786377
0.24272015690803528
0.704984188079834
0.3871767520904541
0.06880730390548706
0.3185771107673645
0.8584750294685364
0.7488687038421631
0.6884190440177917
0.2878090441226959
0.20669490098953247
0.6758207678794861
0.2809174358844757
0.5028079748153687
0.6387524604797363
0.8023534417152405
0.6636271476745605
0.38755279779434204
0.018104854971170425
0.4531710147857666
0.8448572754859924
0.9814382195472717
0.3315953314304352
0.31967318058013916
0.21974460780620575
0.26934680342674255
0.5499258637428284
0.3214636743068695
0.6718535423278809
0.5581738352775574
0.16723355650901794
0.5987921357154846
0.9014316201210022
0.5076327323913574
0.854752242565155
0.6479059457778931
0.643692135810852
0.5960449576377869
0.6058244705200195
0.016248637810349464
0.32736721634864807
0.08445055782794952
0.878762423992157
0.7061496376991272
0.4473177194595337
0.5358012318611145
0.2716921865940094
0.6377929449081421
0.6634382009506226
0.5305708646774292
0.8311119675636292
0.8141531348228455
0.9564204812049866
0.9176188707351685
0.9648417830467224
0.9361384510993958
0.46082642674446106
0.7230334281921387
0.71857750415802
0.7118337154388428
0.4971216917037964
0.5897924304008484
0.9239518046379089
0.32864269614219666
0.5160256028175354
0.9495201110839844
0.02036159299314022
0.04830843210220337
0.8734337687492371
0.4677325189113617
0.11547759175300598
0.9680432081222534
0.7833986282348633
0.5953638553619385
0.5846489667892456
0.7313278317451477
0.3787813186645508
0.0022267524618655443
0.6564948558807373
0.9838948845863342
0.14134971797466278
0.07373420149087906
0.6703486442565918
0.6634349822998047
0.32529282569885254
0.33181536197662354
0.6272057294845581
0.41085970401763916
0.5546410083770752
0.5630457997322083
0.1113036572933197
0.3790852725505829
0.9177395701408386
0.5614959597587585
0.7295223474502563
0.4470113217830658
0.8861756920814514
0.33739981055259705
0.3396933972835541
0.8642839789390564
0.2763844430446625
0.16657710075378418
0.6975640058517456
0.8310579657554626
0.12106873840093613
0.05148962512612343
0.25321587920188904
0.029367513954639435
0.8027251362800598
0.2520749568939209
0.6553895473480225
0.8307497501373291
0.10945260524749756
0.5735632181167603
0.07936789840459824
0.24490998685359955
0.646506130695343
0.8042926788330078
0.4657141864299774
0.933384358882904
0.17624130845069885
0.35882750153541565
0.741405725479126
0.0825389102101326
0.39316216111183167
0.3928743004798889
0.04885771870613098
0.5590837597846985
0.4809512197971344
0.4183107614517212
0.6637777090072632
0.7651769518852234
0.8773589730262756
0.9032661318778992
0.28725001215934753
0.8288191556930542
0.10407797247171402
0.8530957698822021
0.8998239040374756
0.26847437024116516
0.7292749285697937
0.1529485136270523
0.9685145616531372
0.2718059718608856
0.2427198737859726
0.21189305186271667
0.11427324265241623
0.08163676410913467
0.3653225600719452
0.859363853931427
0.6094900965690613
0.21303026378154755
0.2438412606716156
0.9446998238563538
0.5814891457557678
0.9164289832115173
0.5464988350868225
0.9292709827423096
0.384005069732666
0.11610410362482071
0.23113912343978882
0.15041525661945343
0.19772371649742126
0.6120259761810303
0.9741536378860474
0.8991138339042664
0.7471089959144592
0.5979994535446167
0.10040106624364853
0.12625747919082642
0.690869927406311
0.330206036567688
0.5224632620811462
0.5742870569229126
0.9248612523078918
0.5726077556610107
0.7479708790779114
0.6197382211685181
0.49636560678482056
0.8988990187644958
0.20506227016448975
0.8139834403991699
0.5345851182937622
0.7878351211547852
0.9268844127655029
0.9804233312606812
0.33514392375946045
0.4987020790576935
0.48044759035110474
0.22274096310138702
0.011301450431346893
0.15849092602729797
0.14448659121990204
0.7684447169303894
0.48651325702667236
0.6949620842933655
0.5404340624809265
0.5479122996330261
0.013835988938808441
0.7433644533157349
0.7051503658294678
0.6989492774009705
0.8204555511474609
0.8652640581130981
0.03137137368321419
0.9105887413024902
0.1831626296043396
0.6818948984146118
0.12608201801776886
0.501660943031311
0.07945965975522995
0.670802116394043
0.9632333517074585
0.61363285779953
0.6948033571243286
0.4501735270023346
0.15165549516677856
0.6444242596626282
0.8826352953910828
0.7441497445106506
0.9826585650444031
0.7220292687416077
0.39614665508270264
0.8230617046356201
0.6420943737030029
0.10970640182495117
0.9497599601745605
0.8362117409706116
0.056740839034318924
0.25402286648750305
0.9806455969810486
0.96088045835495
0.9681786894798279
0.5540155172348022
0.8947362899780273
0.018546923995018005
0.5138401985168457
0.8038183450698853
0.6925841569900513
0.06773151457309723
0.11701975017786026
0.38331663608551025
0.051847077906131744
0.1138889268040657
0.3887685239315033
0.18940941989421844
0.6823824048042297
0.25847119092941284
0.22020143270492554
0.34000682830810547
0.5702012181282043
0.8402208089828491
0.7824445366859436
0.8744341731071472
0.5302256345748901
0.6875436305999756
0.5940249562263489
0.4143502712249756
0.3469494879245758
0.08723053336143494
0.7235235571861267
0.7069481015205383
0.2757554054260254
0.5951111316680908
0.31088632345199585
0.18255479633808136
0.6501776576042175
0.9094117879867554
0.8660569787025452
0.34780219197273254
0.6484256386756897
0.18495506048202515
0.9716132879257202
0.5839703679084778
0.4917931854724884
0.3915509879589081
0.19523845613002777
0.0009602929349057376
0.5232022404670715
0.9958932995796204
0.4674270451068878
0.3332594931125641
0.4402076303958893
0.8171648979187012
0.8791386485099792
0.7672020196914673
0.6803361773490906
0.547910749912262
0.4758337140083313
0.09751763194799423
0.7554282546043396
0.857417106628418
0.0933847650885582
0.18099333345890045
0.5556669235229492
0.8677775859832764
0.19527828693389893
0.6591350436210632
0.8009581565856934
0.17846885323524475
0.17159239947795868
0.2843020260334015
0.23663750290870667
0.9866452217102051
0.5546664595603943
0.8623697757720947
0.35651695728302
0.7832815647125244
0.5818713903427124
0.30501246452331543
0.0159089844673872
0.41854822635650635
0.3843561112880707
0.9206824898719788
0.7343611121177673
0.523756742477417
0.030036861076951027
0.6879413723945618
0.23269571363925934
0.029140271246433258
0.5510347485542297
0.866972804069519
0.8074909448623657
0.028392115607857704
0.9276677370071411
0.16208115220069885
0.475309282541275
0.9183407425880432
0.10293072462081909
0.15395523607730865
0.846888542175293
0.08080636709928513
0.6186565160751343
0.5976744294166565
0.7198936343193054
0.8783446550369263
0.2823594808578491
0.5766656994819641
0.8202702403068542
0.46771684288978577
0.5252187252044678
0.7347221374511719
0.11692839860916138
0.30757176876068115
0.6568038463592529
0.04913651943206787
0.6257450580596924
0.16232463717460632
0.17011858522891998
0.05306432396173477
0.992576003074646
0.7044724225997925
0.9064544439315796
0.6345522999763489
0.5130707025527954
0.8830000758171082
0.5886372923851013
0.7173436880111694
0.3261454403400421
0.13285057246685028
0.3992252051830292
0.20081062614917755
0.5470171570777893
0.9584845304489136
0.32622218132019043
0.8918321132659912
0.03231276571750641
0.1519773155450821
0.45441219210624695
0.8260588645935059
0.17345081269741058
0.1913711130619049
0.8962697386741638
0.5904187560081482
0.4504440724849701
0.9466214776039124
0.8844366073608398
0.9311516880989075
0.7369880676269531
0.041859157383441925
0.62396639585495
0.4800194203853607
0.303356409072876
0.24772748351097107
0.13277019560337067
0.9282329678535461
0.621314287185669
0.5717111825942993
0.196414977312088
0.42310094833374023
0.3802773952484131
0.22685541212558746
0.9024994373321533
0.03577287122607231
0.6522150039672852
0.6463758945465088
0.7195268869400024
0.1769752949476242
0.5228694677352905
0.49713075160980225
0.24471867084503174
0.05551580339670181
0.8545290231704712
0.20503658056259155
0.6536069512367249
0.925750732421875
0.26985734701156616
0.8882849216461182
0.4438788592815399
0.6052987575531006
0.2640189528465271
0.7942836880683899
0.7796384692192078
0.7128095626831055
0.7584268450737
0.690641462802887
0.16866648197174072
0.47366830706596375
0.10682033002376556
0.1260768175125122
0.25022807717323303
0.41709595918655396
0.5180791616439819
0.010218705981969833
0.13558660447597504
0.5394904017448425
0.3147563338279724
0.12791937589645386
0.7999485731124878
0.792292594909668
0.9773465991020203
0.06499239057302475
0.8940777778625488
0.2514515519142151
0.9090622663497925
0.49650877714157104
0.39603689312934875
0.7632765769958496
0.6472676992416382
0.07288539409637451
0.7170880436897278
0.49139419198036194
0.3294528126716614
0.4531733989715576
0.0037555203307420015
0.2781667709350586
0.5684419870376587
0.5727315545082092
0.7706524729728699
0.21799780428409576
0.9913362264633179
0.929622232913971
0.7218937277793884
0.5973034501075745
0.48496901988983154
0.6773300170898438
0.13793940842151642
0.9600899815559387
0.6327473521232605
0.746112048625946
0.9170902371406555
0.6409474015235901
0.20201505720615387
0.3857562839984894
0.8573522567749023
0.47029533982276917
0.24000607430934906
0.5382359027862549
0.735751211643219
0.5626161694526672
0.8394953608512878
0.8110718131065369
0.4411642849445343
0.8415032029151917
0.3521254062652588
0.11582809686660767
0.4455869495868683
0.5707676410675049
0.5952982902526855
0.527752161026001
0.6035345792770386
0.23550181090831757
0.5142553448677063
0.8411803245544434
0.05189477279782295
0.055517300963401794
0.981830358505249
0.07587064057588577
0.6689736247062683
0.30158817768096924
0.22083042562007904
0.7078812122344971
0.33996254205703735
0.364860862493515
0.0715252012014389
0.4826563596725464
0.6791589856147766
0.3924085795879364
0.8532798886299133
0.9669139981269836
0.8092390298843384
0.6085740327835083
0.9661568999290466
0.2491440325975418
0.4218199551105499
0.2940213978290558
0.2468135952949524
0.40752744674682617
0.9740484952926636
0.39314430952072144
0.8057034611701965
0.17218196392059326
0.8862122297286987
0.8198528289794922
0.5868787169456482
0.17692038416862488
0.6929441690444946
0.4439847469329834
0.8901658654212952
0.4726346433162689
0.934397280216217
0.3061183989048004
0.2827501893043518
0.8431342244148254
0.7252533435821533
0.8281158804893494
0.9036325812339783
0.9059847593307495
0.8686132431030273
0.6077289581298828
0.4760386049747467
0.08519725501537323
0.2728932797908783
0.9789276123046875
0.4222733974456787
0.8086222410202026
0.39735138416290283
0.42996636033058167
0.4735868573188782
0.9480257630348206
0.7225529551506042
0.18958111107349396
0.48960769176483154
0.6051933169364929
0.4852052628993988
0.6805731654167175
0.8256344199180603
0.5953503847122192
0.7274350523948669
0.9610627293586731
0.733133852481842
0.9689832925796509
0.508502721786499
0.15818050503730774
0.3400222957134247
0.11438589543104172
0.8603498935699463
0.12316066771745682
0.799668550491333
0.12187696993350983
0.9635575413703918
0.1390455812215805
0.8817090392112732
0.182579904794693
0.799932599067688
0.9602044820785522
0.6398633122444153
0.8754011392593384
0.8691629767417908
0.5793951749801636
0.9961134791374207
0.6014506220817566
0.8128376007080078
0.9517336487770081
0.2894690930843353
0.3132500648498535
0.03146033361554146
0.769917368888855
0.6155264377593994
0.2515343129634857
0.4460150897502899
0.4960435926914215
0.13856425881385803
0.16445446014404297
0.1575595885515213
0.9308165311813354
0.028944985941052437
0.37510910630226135
0.6617658138275146
0.6658670902252197
0.7479243874549866
0.40533459186553955
0.001324146636761725
0.7986049652099609
0.0809282660484314
0.42473849654197693
0.021943924948573112
0.3557877242565155
0.08357052505016327
0.23884183168411255
0.5530047416687012
0.30864256620407104
0.5391048789024353
0.2572593688964844
0.037558648735284805
0.26066985726356506
0.936543345451355
0.48927775025367737
0.5057698488235474
0.09912752360105515
0.5577947497367859
0.5081524848937988
0.6598426699638367
0.2202165722846985
0.5522112846374512
0.28008124232292175
0.9639471769332886
0.6520372629165649
0.8981058597564697
0.6408295631408691
0.4472356140613556
0.8591727018356323
0.69157475233078
0.3572324812412262
0.9241457581520081
0.8573294281959534
0.41560089588165283
0.8395974636077881
0.818631649017334
0.1204741969704628
0.18472303450107574
0.3785369098186493
0.43090730905532837
0.7000628113746643
0.5043068528175354
0.20673777163028717
0.8498033881187439
0.13049481809139252
0.5626130104064941
0.9778655767440796
0.961358368396759
0.2309970110654831
0.6298583149909973
0.8203170895576477
0.6195511817932129
0.6685527563095093
0.9792248606681824
0.6171860098838806
0.19747082889080048
0.09982064366340637
0.6231998205184937
0.8228378295898438
0.9491116404533386
0.33112335205078125
0.8022580146789551
0.6485223770141602
0.0022221554536372423
0.6797451376914978
0.31416407227516174
0.945746123790741
0.04276289418339729
0.31479907035827637
0.16907303035259247
0.23791499435901642
0.17096202075481415
0.9701079726219177
0.7382363677024841
0.6185356378555298
0.10957323014736176
0.902040421962738
0.013208744116127491
0.5435344576835632
0.4115009605884552
0.49999141693115234
0.9609532952308655
0.34039369225502014
0.0022160590160638094
0.4547099769115448
0.6357060074806213
0.3891860246658325
0.9700677990913391
0.39575332403182983
0.7860354781150818
0.6363072395324707
0.7915963530540466
0.28033703565597534
0.2032569944858551
0.7990310192108154
0.30485448241233826
0.2367488145828247
0.5117499828338623
0.43400710821151733
0.6658860445022583
0.6544184684753418
0.6702589988708496
0.32981881499290466
0.20383255183696747
0.010156386531889439
0.2861413359642029
0.5273357033729553
0.9031769037246704
0.9137367010116577
0.7593650817871094
0.7270486354827881
0.14133301377296448
0.9382697343826294
0.19111667573451996
0.7267123460769653
0.8056424260139465
0.4987892210483551
0.955538809299469
0.27396225929260254
0.00418092543259263
0.1324550211429596
0.6315268874168396
0.9834614992141724
0.26727160811424255
0.14636778831481934
0.36883819103240967
0.06016978621482849
0.05272991955280304
0.658037006855011
0.4335083067417145
0.5583641529083252
0.41588830947875977
0.9231752753257751
0.5455644726753235
0.1486147791147232
0.4016503095626831
0.3905940055847168
0.009143597446382046
0.2821462154388428
0.11019612103700638
0.47433507442474365
0.8427238464355469
0.40354210138320923
0.1890745609998703
0.31377121806144714
0.977938175201416
0.7097135782241821
0.42596542835235596
0.3144581615924835
0.612483561038971
0.8110218644142151
0.012566196732223034
0.36802101135253906
0.463508278131485
0.8360533714294434
0.03444749489426613
0.16928860545158386
0.2339038997888565
0.7979182600975037
0.8894387483596802
0.13584549725055695
0.059573497623205185
0.5404230356216431
0.7796840667724609
0.3557552695274353
0.7786967754364014
0.7958991527557373
0.4908250570297241
0.5832073092460632
0.27382054924964905
0.7614647150039673
0.8949335217475891
0.7083284258842468
0.42520979046821594
0.4566347897052765
0.0600057989358902
0.5550009608268738
0.9186029434204102
0.15364357829093933
0.5304951667785645
0.5635209083557129
0.8349673748016357
0.27036720514297485
0.10051163285970688
0.8011584877967834
0.15231971442699432
0.18599404394626617
0.5570637583732605
0.14496579766273499
0.9320802688598633
0.933563768863678
0.22097444534301758
0.19910024106502533
0.327684223651886
0.44464921951293945
0.3822905421257019
0.3777444064617157
0.8596948385238647
0.09303045272827148
0.10699724406003952
0.879356861114502
0.24395839869976044
0.877398669719696
0.7595406770706177
0.005213143303990364
0.6604724526405334
0.4924144744873047
0.7264065146446228
0.7374962568283081
0.9140232801437378
0.2255922257900238
0.03295008838176727
0.4163302779197693
0.7882333993911743
0.19585983455181122
0.3582794964313507
0.47502636909484863
0.4422593414783478
0.33105868101119995
0.8363232016563416
0.5672745704650879
0.05731568485498428
0.831156313419342
0.6721963286399841
0.3357948660850525
0.3665901720523834
0.38194331526756287
0.003812413662672043
0.36688515543937683
0.8502024412155151
0.6143006086349487
0.6483055353164673
0.6678478121757507
0.4564560353755951
0.3030657172203064
0.4988968074321747
0.3819272220134735
0.9973881244659424
0.18802452087402344
0.2847398519515991
0.09579280018806458
0.6013110876083374
0.9540576934814453
0.7998892068862915
0.570924699306488
0.9271970391273499
0.6615053415298462
0.8489392399787903
0.21981313824653625
0.5504944920539856
0.9758591055870056
0.25602659583091736
0.2939800024032593
0.52593594789505
0.010497021488845348
0.8046181201934814
0.017212552949786186
0.8001990914344788
0.476655513048172
0.07741517573595047
0.7321009635925293
0.9207374453544617
0.6883322596549988
0.3909788429737091
0.1057613268494606
0.3486662209033966
0.7332859039306641
0.7697708606719971
0.20306715369224548
0.5248106718063354
0.11943754553794861
0.8980376124382019
0.13681764900684357
0.31396451592445374
0.46393170952796936
0.506629467010498
0.8085992336273193
0.17628368735313416
0.47796639800071716
0.5766765475273132
0.37359315156936646
0.9675709009170532
0.7505925893783569
0.8293671607971191
0.45052221417427063
0.006475070025771856
0.07366928458213806
0.6835709810256958
0.9621424674987793
0.8980852365493774
0.6374832391738892
0.7354550361633301
0.29268693923950195
0.8489698171615601
0.957703709602356
0.3206251561641693
0.15287846326828003
0.2837468683719635
0.34190958738327026
0.8502113819122314
0.2711624503135681
0.6147540211677551
0.7559267282485962
0.11408977955579758
0.692909836769104
0.1361646056175232
0.8498508334159851
0.912217378616333
0.8930755853652954
0.3576253354549408
0.3398773968219757
0.5720605850219727
0.2395056188106537
0.844658613204956
0.11855312436819077
0.5412545800209045
0.3905884921550751
0.025978311896324158
0.5082381963729858
0.4624742567539215
0.5011654496192932
0.8683508634567261
0.5521745681762695
0.37881332635879517
0.37728679180145264
0.21605031192302704
0.7002848386764526
0.4459996819496155
0.9906556606292725
0.17688654363155365
0.8961946368217468
0.7426664233207703
0.23201529681682587
0.4411928057670593
0.44177401065826416
0.20355431735515594
0.3435027599334717
0.9257809519767761
0.40744996070861816
0.4494156539440155
0.4442414939403534
0.21411901712417603
0.21024933457374573
0.6926859617233276
0.032040152698755264
0.8447036743164062
0.5248954892158508
0.8231242895126343
0.9299932718276978
0.1883285641670227
0.2198687344789505
0.8963791131973267
0.9952658414840698
0.1070835068821907
0.42204585671424866
0.6644383668899536
0.9275522232055664
0.1507841944694519
0.46065598726272583
0.4816006124019623
0.997818648815155
0.6723389029502869
0.8600695133209229
0.9076815247535706
0.9320620894432068
0.020294619724154472
0.34516194462776184
0.7176530361175537
0.8106062412261963
0.36839979887008667
0.1587466597557068
0.8775787353515625
0.0669284239411354
0.05540962144732475
0.4495977759361267
0.28784453868865967
0.12845753133296967
0.6488297581672668
0.9504678845405579
0.6308609843254089
0.1711350977420807
0.9147531986236572
0.07555274665355682
0.8599459528923035
0.3789619207382202
0.2779879570007324
0.19460110366344452
0.6783710718154907
0.034343283623456955
0.8211671710014343
0.39469170570373535
0.5753355622291565
0.49062734842300415
0.1460554599761963
0.40718644857406616
0.16037195920944214
0.8816158771514893
0.1653924584388733
0.9846844673156738
0.19265590608119965
0.27503329515457153
0.18795084953308105
0.5243968963623047
0.5353573560714722
0.35537391901016235
0.16638723015785217
0.7864724397659302
0.272563099861145
0.5590956807136536
0.18022626638412476
0.8771708011627197
0.9876500964164734
