ConfigName: kjsd__advperagentrankweighted__M5__L10__eps0p005__g0p0005__ds0p4__dm0p2
Problem: QUBO
Kernel: jsd
Advantage: peragentrankweighted
M: 5
lambda: 10
epsilon_svgd: 0.005
gamma: 0.0005
decay_start_ratio: 0.4
decay_min_factor: 0.2
bandwith_kernel: None
no_interact: False
avg_score: -312.3800048828125
median_score: -315.0
std_score: 38.836265563964844
percentiles: 2%=-396.0400085449219, 5%=-392.1000061035156, 10%=-360.20001220703125, 25%=-334.5, 50%=-315.0, 75%=-278.5, 90%=-271.8999938964844, 95%=-268.0, 98%=-244.0
ranking_best_algo: CMApara
ranking_best_score: 319.29999999999995
ranking_my_rank: 34/504 (93.5%)
ranking_my_percent: 93.45238095238095
