ConfigName: krbf__advnormalizedfitness__M4__L15__eps0p033__g0p015__ds0p3__dm0p3
Problem: QUBO
Kernel: rbf
Advantage: normalizedfitness
M: 4
lambda: 15
epsilon_svgd: 0.033
gamma: 0.015
decay_start_ratio: 0.3
decay_min_factor: 0.3
bandwith_kernel: None
no_interact: False
avg_score: -659.239990234375
median_score: -660.0
std_score: 80.84407043457031
percentiles: 2%=-803.3400268554688, 5%=-783.4000244140625, 10%=-777.0, 25%=-717.0, 50%=-660.0, 75%=-598.75, 90%=-546.5999755859375, 95%=-534.5000610351562, 98%=-510.9599914550781
ranking_best_algo: BigLognormalDiscreteOnePlusOne
ranking_best_score: 1301.3600000000004
ranking_my_rank: 370/504 (26.8%)
ranking_my_percent: 26.785714285714285
