ConfigName: krbf__advnormalizedfitness__M5__L24__eps0p03__g0p01__ds0p05__dm0p05
Problem: QUBO
Kernel: rbf
Advantage: normalizedfitness
M: 5
lambda: 24
epsilon_svgd: 0.03
gamma: 0.01
decay_start_ratio: 0.05
decay_min_factor: 0.05
bandwith_kernel: None
no_interact: False
avg_score: -1296.3199462890625
median_score: -1287.0
std_score: 160.19056701660156
percentiles: 2%=-1624.199951171875, 5%=-1574.1500244140625, 10%=-1502.0999755859375, 25%=-1403.5, 50%=-1287.0, 75%=-1203.0, 90%=-1093.4000244140625, 95%=-1029.050048828125, 98%=-1001.1799926757812
ranking_best_algo: DiscreteLengler2OnePlusOne
ranking_best_score: 2617.04
ranking_my_rank: 372/504 (26.4%)
ranking_my_percent: 26.38888888888889
