ConfigName: kjsd__advperagentrankweighted__M4__L12__eps0p005__g0p001__ds0p1__dm0p05
Problem: NK
Kernel: jsd
Advantage: peragentrankweighted
M: 4
lambda: 12
epsilon_svgd: 0.005
gamma: 0.001
decay_start_ratio: 0.1
decay_min_factor: 0.05
bandwith_kernel: None
no_interact: False
avg_score: 0.710823118686676
median_score: 0.7113693356513977
std_score: 0.015489308163523674
percentiles: 2%=0.6714313626289368, 5%=0.6737880706787109, 10%=0.6972709894180298, 25%=0.7074521780014038, 50%=0.7113693356513977, 75%=0.7204930782318115, 90%=0.7255503535270691, 95%=0.7332234382629395, 98%=0.7333112359046936
ranking_best_algo: CMApara
ranking_best_score: 0.707475975
ranking_my_rank: 1/504 (100.0%)
ranking_my_percent: 100.0
