ConfigName: krbf__advnormalizedfitness__M2__L12__eps0p025__g0p01__ds0p15__dm0p05
Problem: NK
Kernel: rbf
Advantage: normalizedfitness
M: 2
lambda: 12
epsilon_svgd: 0.025
gamma: 0.01
decay_start_ratio: 0.15
decay_min_factor: 0.05
bandwith_kernel: None
no_interact: False
avg_score: 0.7103700041770935
median_score: 0.7111998796463013
std_score: 0.015115289017558098
percentiles: 2%=0.6729913949966431, 5%=0.6736425161361694, 10%=0.6964176297187805, 25%=0.707496702671051, 50%=0.7111998796463013, 75%=0.7181025743484497, 90%=0.725510835647583, 95%=0.7327807545661926, 98%=0.7331593632698059
ranking_best_algo: CMApara
ranking_best_score: 0.707475975
ranking_my_rank: 1/504 (100.0%)
ranking_my_percent: 100.0
