ConfigName: krbf__advnormalizedfitness__M4__L12__eps0p033__g0p007__ds0p15__dm0p01
Problem: NK
Kernel: rbf
Advantage: normalizedfitness
M: 4
lambda: 12
epsilon_svgd: 0.033
gamma: 0.007
decay_start_ratio: 0.15
decay_min_factor: 0.01
bandwith_kernel: None
no_interact: False
avg_score: 0.7308943867683411
median_score: 0.7328127026557922
std_score: 0.009477888233959675
percentiles: 2%=0.7088101506233215, 5%=0.713947057723999, 10%=0.7182474732398987, 25%=0.7241811752319336, 50%=0.7328127026557922, 75%=0.7378539443016052, 90%=0.7416204810142517, 95%=0.7446871995925903, 98%=0.7460301518440247
ranking_best_algo: PBIL
ranking_best_score: 0.7248786399609374
ranking_my_rank: 1/504 (100.0%)
ranking_my_percent: 100.0
