ConfigName: kjsd__advperagentrankweighted__M6__L10__eps0p008__g0p0005__ds0p3__dm0p05
Problem: QUBO
Kernel: jsd
Advantage: peragentrankweighted
M: 6
lambda: 10
epsilon_svgd: 0.008
gamma: 0.0005
decay_start_ratio: 0.3
decay_min_factor: 0.05
bandwith_kernel: None
no_interact: False
avg_score: -448.6400146484375
median_score: -449.5
std_score: 23.961437225341797
percentiles: 2%=-488.0400085449219, 5%=-481.0, 10%=-479.0, 25%=-469.0, 50%=-449.5, 75%=-435.0, 90%=-416.3999938964844, 95%=-402.95001220703125, 98%=-399.8800048828125
ranking_best_algo: CMApara
ranking_best_score: 453.82
ranking_my_rank: 2/504 (99.8%)
ranking_my_percent: 99.8015873015873
