ConfigName: krbf__advnormalizedfitness__M4__L15__eps0p015__g0p01__ds0p01__dm0p3
Problem: QUBO
Kernel: rbf
Advantage: normalizedfitness
M: 4
lambda: 15
epsilon_svgd: 0.015
gamma: 0.01
decay_start_ratio: 0.01
decay_min_factor: 0.3
bandwith_kernel: None
no_interact: False
avg_score: -586.0599975585938
median_score: -584.0
std_score: 65.71527099609375
percentiles: 2%=-752.0800170898438, 5%=-703.5999755859375, 10%=-657.2999877929688, 25%=-626.5, 50%=-584.0, 75%=-543.0, 90%=-504.79998779296875, 95%=-476.95001220703125, 98%=-467.77996826171875
ranking_best_algo: CMApara
ranking_best_score: 964.9
ranking_my_rank: 375/504 (25.8%)
ranking_my_percent: 25.793650793650794
