ConfigName: kjsd__advperagentrankweighted__M3__L18__eps0p01__g0p001__ds0p1__dm0p2
Problem: NK
Kernel: jsd
Advantage: peragentrankweighted
M: 3
lambda: 18
epsilon_svgd: 0.01
gamma: 0.001
decay_start_ratio: 0.1
decay_min_factor: 0.2
bandwith_kernel: None
no_interact: False
avg_score: 0.7364996075630188
median_score: 0.737369179725647
std_score: 0.008808436803519726
percentiles: 2%=0.7164193987846375, 5%=0.719521701335907, 10%=0.7238897085189819, 25%=0.7307140231132507, 50%=0.737369179725647, 75%=0.7437070608139038, 90%=0.7466237545013428, 95%=0.7477866411209106, 98%=0.7486106157302856
ranking_best_algo: PBIL
ranking_best_score: 0.730509098125
ranking_my_rank: 1/504 (100.0%)
ranking_my_percent: 100.0
