ConfigName: krbf__advnormalizedfitness__M4__L8__eps0p025__g0p007__ds0p3__dm0p01
Problem: QUBO
Kernel: rbf
Advantage: normalizedfitness
M: 4
lambda: 8
epsilon_svgd: 0.025
gamma: 0.007
decay_start_ratio: 0.3
decay_min_factor: 0.01
bandwith_kernel: None
no_interact: False
avg_score: -2387.0400390625
median_score: -2378.0
std_score: 162.5977783203125
percentiles: 2%=-2730.080078125, 5%=-2651.64990234375, 10%=-2609.10009765625, 25%=-2508.25, 50%=-2378.0, 75%=-2269.75, 90%=-2170.89990234375, 95%=-2139.10009765625, 98%=-2100.43994140625
ranking_best_algo: SVM1MetaModelLogNormal
ranking_best_score: 2605.14
ranking_my_rank: 132/504 (74.0%)
ranking_my_percent: 74.0079365079365
