ConfigName: kjsd__advperagentrankweighted__M3__L30__eps0p005__g0p001__ds0p05__dm0p1
Problem: QUBO
Kernel: jsd
Advantage: peragentrankweighted
M: 3
lambda: 30
epsilon_svgd: 0.005
gamma: 0.001
decay_start_ratio: 0.05
decay_min_factor: 0.1
bandwith_kernel: None
no_interact: False
avg_score: -1567.0999755859375
median_score: -1568.0
std_score: 75.6637954711914
percentiles: 2%=-1703.3800048828125, 5%=-1685.3499755859375, 10%=-1673.0999755859375, 25%=-1628.0, 50%=-1568.0, 75%=-1517.25, 90%=-1473.0, 95%=-1440.300048828125, 98%=-1424.47998046875
ranking_best_algo: NLOPT_LN_PRAXIS
ranking_best_score: 1607.12
ranking_my_rank: 47/504 (90.9%)
ranking_my_percent: 90.87301587301587
