ConfigName: krbf__advnormalizedfitness__M2__L8__eps0p025__g0p015__ds0p15__dm0p01
Problem: QUBO
Kernel: rbf
Advantage: normalizedfitness
M: 2
lambda: 8
epsilon_svgd: 0.025
gamma: 0.015
decay_start_ratio: 0.15
decay_min_factor: 0.01
bandwith_kernel: None
no_interact: False
avg_score: -411.29998779296875
median_score: -413.0
std_score: 25.452505111694336
percentiles: 2%=-465.1199951171875, 5%=-452.1499938964844, 10%=-444.1000061035156, 25%=-427.25, 50%=-413.0, 75%=-393.75, 90%=-378.0, 95%=-373.8999938964844, 98%=-363.8399963378906
ranking_best_algo: Tabu
ranking_best_score: 438.12
ranking_my_rank: 80/504 (84.3%)
ranking_my_percent: 84.32539682539682
