ConfigName: krbf__advnormalizedfitness__M3__L10__eps0p033__g0p005__ds0p01__dm0p01
Problem: QUBO
Kernel: rbf
Advantage: normalizedfitness
M: 3
lambda: 10
epsilon_svgd: 0.033
gamma: 0.005
decay_start_ratio: 0.01
decay_min_factor: 0.01
bandwith_kernel: None
no_interact: False
avg_score: -308.3399963378906
median_score: -311.0
std_score: 38.46199035644531
percentiles: 2%=-394.0, 5%=-386.1000061035156, 10%=-361.3999938964844, 25%=-330.5, 50%=-311.0, 75%=-273.75, 90%=-266.0, 95%=-259.0, 98%=-255.97999572753906
ranking_best_algo: CMApara
ranking_best_score: 319.29999999999995
ranking_my_rank: 89/504 (82.5%)
ranking_my_percent: 82.53968253968254
