ConfigName: kjsd__advperagentrankweighted__M6__L24__eps0p008__g0p0005__ds0p3__dm0p05
Problem: QUBO
Kernel: jsd
Advantage: peragentrankweighted
M: 6
lambda: 24
epsilon_svgd: 0.008
gamma: 0.0005
decay_start_ratio: 0.3
decay_min_factor: 0.05
bandwith_kernel: None
no_interact: False
avg_score: -3134.639892578125
median_score: -3139.5
std_score: 158.55001831054688
percentiles: 2%=-3397.1201171875, 5%=-3366.89990234375, 10%=-3317.699951171875, 25%=-3250.25, 50%=-3139.5, 75%=-3024.5, 90%=-2948.0, 95%=-2903.300048828125, 98%=-2811.239990234375
ranking_best_algo: RLSOnePlusOne
ranking_best_score: 3316.5199999999995
ranking_my_rank: 75/504 (85.3%)
ranking_my_percent: 85.31746031746032
