ConfigName: krbf__advnormalizedfitness__M1__L8__eps0p015__g0p007__ds0p3__dm0p3
Problem: NK
Kernel: rbf
Advantage: normalizedfitness
M: 1
lambda: 8
epsilon_svgd: 0.015
gamma: 0.007
decay_start_ratio: 0.3
decay_min_factor: 0.3
bandwith_kernel: None
no_interact: False
avg_score: 0.7057253122329712
median_score: 0.7075617909431458
std_score: 0.015988338738679886
percentiles: 2%=0.6650740504264832, 5%=0.6685146689414978, 10%=0.6881232261657715, 25%=0.6999852061271667, 50%=0.7075617909431458, 75%=0.7150027751922607, 90%=0.7245950698852539, 95%=0.7302543520927429, 98%=0.7332127690315247
ranking_best_algo: CMApara
ranking_best_score: 0.707475975
ranking_my_rank: 6/504 (99.0%)
ranking_my_percent: 99.0079365079365
