ConfigName: kjsd__advperagentrankweighted__M5__L28__eps0p005__g0p0005__ds0p05__dm0p05
Problem: NK
Kernel: jsd
Advantage: peragentrankweighted
M: 5
lambda: 28
epsilon_svgd: 0.005
gamma: 0.0005
decay_start_ratio: 0.05
decay_min_factor: 0.05
bandwith_kernel: None
no_interact: False
avg_score: 0.7068043947219849
median_score: 0.7091022729873657
std_score: 0.012077441439032555
percentiles: 2%=0.6868432760238647, 5%=0.6887698173522949, 10%=0.6908573508262634, 25%=0.6951437592506409, 50%=0.7091022729873657, 75%=0.7176927328109741, 90%=0.7218852639198303, 95%=0.7228078842163086, 98%=0.7235440015792847
ranking_best_algo: PBIL
ranking_best_score: 0.7013553837109374
ranking_my_rank: 1/504 (100.0%)
ranking_my_percent: 100.0
