ConfigName: kjsd__advperagentrankweighted__M3__L18__eps0p005__g0p0005__ds0p1__dm0p2
Problem: QUBO
Kernel: jsd
Advantage: peragentrankweighted
M: 3
lambda: 18
epsilon_svgd: 0.005
gamma: 0.0005
decay_start_ratio: 0.1
decay_min_factor: 0.2
bandwith_kernel: None
no_interact: False
avg_score: -308.8599853515625
median_score: -308.0
std_score: 39.53960418701172
percentiles: 2%=-396.0400085449219, 5%=-386.0, 10%=-360.3999938964844, 25%=-330.5, 50%=-308.0, 75%=-273.5, 90%=-262.8999938964844, 95%=-259.95001220703125, 98%=-251.9600067138672
ranking_best_algo: CMApara
ranking_best_score: 319.29999999999995
ranking_my_rank: 83/504 (83.7%)
ranking_my_percent: 83.73015873015873
