ConfigName: krbf__advnormalizedfitness__M2__L10__eps0p033__g0p005__ds0p3__dm0p3
Problem: QUBO
Kernel: rbf
Advantage: normalizedfitness
M: 2
lambda: 10
epsilon_svgd: 0.033
gamma: 0.005
decay_start_ratio: 0.3
decay_min_factor: 0.3
bandwith_kernel: None
no_interact: False
avg_score: -421.8800048828125
median_score: -420.5
std_score: 28.187686920166016
percentiles: 2%=-475.1199951171875, 5%=-469.20001220703125, 10%=-461.20001220703125, 25%=-442.0, 50%=-420.5, 75%=-401.0, 90%=-386.8999938964844, 95%=-383.8999938964844, 98%=-367.8800048828125
ranking_best_algo: CMAL3
ranking_best_score: 435.36
ranking_my_rank: 46/504 (91.1%)
ranking_my_percent: 91.07142857142857
