ConfigName: kjsd__advperagentrankweighted__M6__L30__eps0p005__g0p0005__ds0p05__dm0p05
Problem: QUBO
Kernel: jsd
Advantage: peragentrankweighted
M: 6
lambda: 30
epsilon_svgd: 0.005
gamma: 0.0005
decay_start_ratio: 0.05
decay_min_factor: 0.05
bandwith_kernel: None
no_interact: False
avg_score: -2370.5
median_score: -2364.0
std_score: 177.31922912597656
percentiles: 2%=-2719.320068359375, 5%=-2659.35009765625, 10%=-2607.60009765625, 25%=-2497.75, 50%=-2364.0, 75%=-2252.0, 90%=-2143.10009765625, 95%=-2080.89990234375, 98%=-2038.43994140625
ranking_best_algo: DiscreteLengler2OnePlusOne
ranking_best_score: 2617.04
ranking_my_rank: 142/504 (72.0%)
ranking_my_percent: 72.02380952380952
