ConfigName: kjsd__advperagentrankweighted__M2__L20__eps0p005__g0p0005__ds0p1__dm0p05
Problem: QUBO
Kernel: jsd
Advantage: peragentrankweighted
M: 2
lambda: 20
epsilon_svgd: 0.005
gamma: 0.0005
decay_start_ratio: 0.1
decay_min_factor: 0.05
bandwith_kernel: None
no_interact: False
avg_score: -1236.5999755859375
median_score: -1233.0
std_score: 64.0935287475586
percentiles: 2%=-1378.52001953125, 5%=-1365.1500244140625, 10%=-1332.300048828125, 25%=-1271.5, 50%=-1233.0, 75%=-1189.0, 90%=-1166.9000244140625, 95%=-1142.949951171875, 98%=-1114.9599609375
ranking_best_algo: SVMMetaModelLogNormal
ranking_best_score: 1233.7999999999997
ranking_my_rank: 1/504 (100.0%)
ranking_my_percent: 100.0
