ConfigName: krbf__advnormalizedfitness__M4__L15__eps0p02__g0p0005__ds0p05__dm0p05
Problem: QUBO
Kernel: rbf
Advantage: normalizedfitness
M: 4
lambda: 15
epsilon_svgd: 0.02
gamma: 0.0005
decay_start_ratio: 0.05
decay_min_factor: 0.05
bandwith_kernel: None
no_interact: False
avg_score: -327.4200134277344
median_score: -331.0
std_score: 23.02658462524414
percentiles: 2%=-372.0, 5%=-364.1000061035156, 10%=-354.1000061035156, 25%=-342.25, 50%=-331.0, 75%=-312.0, 90%=-294.0, 95%=-286.8500061035156, 98%=-280.0
ranking_best_algo: CMApara
ranking_best_score: 344.22
ranking_my_rank: 86/504 (83.1%)
ranking_my_percent: 83.13492063492063
