ConfigName: kjsd__advperagentrankweighted__M3__L16__eps0p01__g0p0005__ds0p1__dm0p1
Problem: NK
Kernel: jsd
Advantage: peragentrankweighted
M: 3
lambda: 16
epsilon_svgd: 0.01
gamma: 0.0005
decay_start_ratio: 0.1
decay_min_factor: 0.1
bandwith_kernel: None
no_interact: False
avg_score: 0.7082257270812988
median_score: 0.7101714015007019
std_score: 0.01575307361781597
percentiles: 2%=0.6688101291656494, 5%=0.6698459982872009, 10%=0.6904006004333496, 25%=0.704768180847168, 50%=0.7101714015007019, 75%=0.714982271194458, 90%=0.7250128388404846, 95%=0.7318809628486633, 98%=0.7324396371841431
ranking_best_algo: CMApara
ranking_best_score: 0.707475975
ranking_my_rank: 1/504 (100.0%)
ranking_my_percent: 100.0
