ConfigName: krbf__advnormalizedfitness__M3__L8__eps0p033__g0p015__ds0p01__dm0p01
Problem: NK
Kernel: rbf
Advantage: normalizedfitness
M: 3
lambda: 8
epsilon_svgd: 0.033
gamma: 0.015
decay_start_ratio: 0.01
decay_min_factor: 0.01
bandwith_kernel: None
no_interact: False
avg_score: 0.754863440990448
median_score: 0.7552037239074707
std_score: 0.013378151692450047
percentiles: 2%=0.7274054884910583, 5%=0.7309394478797913, 10%=0.7385475039482117, 25%=0.7451599836349487, 50%=0.7552037239074707, 75%=0.764158308506012, 90%=0.7713404893875122, 95%=0.7748596668243408, 98%=0.7796770930290222
ranking_best_algo: Tabu
ranking_best_score: 0.7657846284375001
ranking_my_rank: 7/504 (98.8%)
ranking_my_percent: 98.80952380952381
