ConfigName: kjsd__advperagentrankweighted__M4__L30__eps0p01__g0p0005__ds0p4__dm0p05
Problem: QUBO
Kernel: jsd
Advantage: peragentrankweighted
M: 4
lambda: 30
epsilon_svgd: 0.01
gamma: 0.0005
decay_start_ratio: 0.4
decay_min_factor: 0.05
bandwith_kernel: None
no_interact: False
avg_score: -1243.6199951171875
median_score: -1233.0
std_score: 62.84899139404297
percentiles: 2%=-1397.3199462890625, 5%=-1353.550048828125, 10%=-1329.199951171875, 25%=-1277.25, 50%=-1233.0, 75%=-1198.75, 90%=-1178.5, 95%=-1156.4000244140625, 98%=-1136.719970703125
ranking_best_algo: SVMMetaModelLogNormal
ranking_best_score: 1233.7999999999997
ranking_my_rank: 1/504 (100.0%)
ranking_my_percent: 100.0
