ConfigName: kjsd__advperagentrankweighted__M3__L16__eps0p01__g0p003__ds0p1__dm0p1
Problem: QUBO
Kernel: jsd
Advantage: peragentrankweighted
M: 3
lambda: 16
epsilon_svgd: 0.01
gamma: 0.003
decay_start_ratio: 0.1
decay_min_factor: 0.1
bandwith_kernel: None
no_interact: False
avg_score: -308.6000061035156
median_score: -304.0
std_score: 39.228050231933594
percentiles: 2%=-392.0400085449219, 5%=-386.20001220703125, 10%=-358.3999938964844, 25%=-332.0, 50%=-304.0, 75%=-272.75, 90%=-265.79998779296875, 95%=-260.0, 98%=-253.9600067138672
ranking_best_algo: CMApara
ranking_best_score: 319.29999999999995
ranking_my_rank: 87/504 (82.9%)
ranking_my_percent: 82.93650793650794
