ConfigName: kjsd__advperagentrankweighted__M4__L10__eps0p02__g0p0003__ds0p05__dm0p05
Problem: QUBO
Kernel: jsd
Advantage: peragentrankweighted
M: 4
lambda: 10
epsilon_svgd: 0.02
gamma: 0.0003
decay_start_ratio: 0.05
decay_min_factor: 0.05
bandwith_kernel: None
no_interact: False
avg_score: -906.4600219726562
median_score: -905.0
std_score: 62.0103874206543
percentiles: 2%=-1052.1800537109375, 5%=-1015.25, 10%=-992.5, 25%=-943.25, 50%=-905.0, 75%=-856.25, 90%=-832.7999877929688, 95%=-812.9000244140625, 98%=-804.9600219726562
ranking_best_algo: CMApara
ranking_best_score: 964.9
ranking_my_rank: 102/504 (80.0%)
ranking_my_percent: 79.96031746031746
