ConfigName: krbf__advnormalizedfitness__M1__L10__eps0p015__g0p01__ds0p15__dm0p3
Problem: QUBO
Kernel: rbf
Advantage: normalizedfitness
M: 1
lambda: 10
epsilon_svgd: 0.015
gamma: 0.01
decay_start_ratio: 0.15
decay_min_factor: 0.3
bandwith_kernel: None
no_interact: False
avg_score: -1270.9599609375
median_score: -1282.0
std_score: 97.81440734863281
percentiles: 2%=-1403.06005859375, 5%=-1380.0, 10%=-1359.0999755859375, 25%=-1318.25, 50%=-1282.0, 75%=-1236.5, 90%=-1195.5, 95%=-1174.2000732421875, 98%=-1145.599853515625
ranking_best_algo: BigLognormalDiscreteOnePlusOne
ranking_best_score: 1301.3600000000004
ranking_my_rank: 46/504 (91.1%)
ranking_my_percent: 91.07142857142857
