ConfigName: kjsd__advperagentrankweighted__M3__L24__eps0p007__g0p0005__ds0p1__dm0p1
Problem: QUBO
Kernel: jsd
Advantage: peragentrankweighted
M: 3
lambda: 24
epsilon_svgd: 0.007
gamma: 0.0005
decay_start_ratio: 0.1
decay_min_factor: 0.1
bandwith_kernel: None
no_interact: False
avg_score: -1196.43994140625
median_score: -1198.5
std_score: 65.8129653930664
percentiles: 2%=-1353.1199951171875, 5%=-1331.699951171875, 10%=-1272.300048828125, 25%=-1232.5, 50%=-1198.5, 75%=-1153.75, 90%=-1119.699951171875, 95%=-1097.25, 98%=-1071.9200439453125
ranking_best_algo: Tabu
ranking_best_score: 1216.16
ranking_my_rank: 47/504 (90.9%)
ranking_my_percent: 90.87301587301587
