ConfigName: krbf__advnormalizedfitness__M4__L15__eps0p015__g0p01__ds0p01__dm0p3
Problem: QUBO
Kernel: rbf
Advantage: normalizedfitness
M: 4
lambda: 15
epsilon_svgd: 0.015
gamma: 0.01
decay_start_ratio: 0.01
decay_min_factor: 0.3
bandwith_kernel: None
no_interact: False
avg_score: -475.3800048828125
median_score: -470.5
std_score: 36.62342834472656
percentiles: 2%=-561.0399780273438, 5%=-546.0999755859375, 10%=-523.0, 25%=-493.75, 50%=-470.5, 75%=-451.0, 90%=-432.79998779296875, 95%=-428.9000244140625, 98%=-419.8599853515625
ranking_best_algo: NLOPT_LN_PRAXIS
ranking_best_score: 1607.12
ranking_my_rank: 396/504 (21.6%)
ranking_my_percent: 21.626984126984127
