ConfigName: kjsd__advperagentrankweighted__M3__L16__eps0p01__g0p0007__ds0p2__dm0p1
Problem: QUBO
Kernel: jsd
Advantage: peragentrankweighted
M: 3
lambda: 16
epsilon_svgd: 0.01
gamma: 0.0007
decay_start_ratio: 0.2
decay_min_factor: 0.1
bandwith_kernel: None
no_interact: False
avg_score: -2626.239990234375
median_score: -2614.0
std_score: 122.01073455810547
percentiles: 2%=-2901.219970703125, 5%=-2852.699951171875, 10%=-2786.300048828125, 25%=-2709.75, 50%=-2614.0, 75%=-2550.75, 90%=-2476.699951171875, 95%=-2445.89990234375, 98%=-2407.580078125
ranking_best_algo: DiscreteLengler2OnePlusOne
ranking_best_score: 2617.04
ranking_my_rank: 1/504 (100.0%)
ranking_my_percent: 100.0
