ConfigName: kjsd__advperagentrankweighted__M3__L18__eps0p005__g0p003__ds0p05__dm0p1
Problem: QUBO
Kernel: jsd
Advantage: peragentrankweighted
M: 3
lambda: 18
epsilon_svgd: 0.005
gamma: 0.003
decay_start_ratio: 0.05
decay_min_factor: 0.1
bandwith_kernel: None
no_interact: False
avg_score: -2127.5
median_score: -2143.5
std_score: 142.16493225097656
percentiles: 2%=-2381.02001953125, 5%=-2329.300048828125, 10%=-2298.300048828125, 25%=-2239.75, 50%=-2143.5, 75%=-2017.5, 90%=-1937.0, 95%=-1905.5, 98%=-1864.06005859375
ranking_best_algo: SVM1MetaModelLogNormal
ranking_best_score: 2605.14
ranking_my_rank: 203/504 (59.9%)
ranking_my_percent: 59.92063492063492
