ConfigName: kjsd__advperagentrankweighted__M5__L8__eps0p01__g0p0005__ds0p4__dm0p05
Problem: QUBO
Kernel: jsd
Advantage: peragentrankweighted
M: 5
lambda: 8
epsilon_svgd: 0.01
gamma: 0.0005
decay_start_ratio: 0.4
decay_min_factor: 0.05
bandwith_kernel: None
no_interact: False
avg_score: -200.72000122070312
median_score: -200.5
std_score: 11.750812530517578
percentiles: 2%=-224.0, 5%=-222.0, 10%=-218.0, 25%=-208.25, 50%=-200.5, 75%=-193.0, 90%=-184.0, 95%=-181.89999389648438, 98%=-177.9600067138672
ranking_best_algo: Tabu
ranking_best_score: 208.36000000000004
ranking_my_rank: 45/504 (91.3%)
ranking_my_percent: 91.26984126984127
