ConfigName: krbf__advnormalizedfitness__M3__L8__eps0p025__g0p015__ds0p15__dm0p01
Problem: QUBO
Kernel: rbf
Advantage: normalizedfitness
M: 3
lambda: 8
epsilon_svgd: 0.025
gamma: 0.015
decay_start_ratio: 0.15
decay_min_factor: 0.01
bandwith_kernel: None
no_interact: False
avg_score: -311.4200134277344
median_score: -317.0
std_score: 39.01670837402344
percentiles: 2%=-392.1199951171875, 5%=-380.6000061035156, 10%=-357.3999938964844, 25%=-340.0, 50%=-317.0, 75%=-274.75, 90%=-266.0, 95%=-258.95001220703125, 98%=-250.87997436523438
ranking_best_algo: CMApara
ranking_best_score: 319.29999999999995
ranking_my_rank: 39/504 (92.5%)
ranking_my_percent: 92.46031746031746
