ConfigName: kfr__advglobalrankweighted__M1__L7__eps0p015__g0p007__ds0p01__dm0p01
Problem: QUBO
Kernel: fr
Advantage: globalrankweighted
M: 1
lambda: 7
epsilon_svgd: 0.015
gamma: 0.007
decay_start_ratio: 0.01
decay_min_factor: 0.01
bandwith_kernel: None
no_interact: False
avg_score: -890.8200073242188
median_score: -885.0
std_score: 69.28165435791016
percentiles: 2%=-1034.260009765625, 5%=-1019.4500122070312, 10%=-978.8999633789062, 25%=-925.0, 50%=-885.0, 75%=-851.75, 90%=-804.7000122070312, 95%=-788.800048828125, 98%=-772.719970703125
ranking_best_algo: CMApara
ranking_best_score: 964.9
ranking_my_rank: 188/504 (62.9%)
ranking_my_percent: 62.8968253968254
