ConfigName: kjsd__advperagentrankweighted__M5__L10__eps0p01__g0p0007__ds0p2__dm0p2
Problem: QUBO
Kernel: jsd
Advantage: peragentrankweighted
M: 5
lambda: 10
epsilon_svgd: 0.01
gamma: 0.0007
decay_start_ratio: 0.2
decay_min_factor: 0.2
bandwith_kernel: None
no_interact: False
avg_score: -921.0399780273438
median_score: -920.0
std_score: 59.80282974243164
percentiles: 2%=-1062.0, 5%=-1032.4000244140625, 10%=-1004.2999877929688, 25%=-956.25, 50%=-920.0, 75%=-875.75, 90%=-849.5, 95%=-834.7999877929688, 98%=-816.9199829101562
ranking_best_algo: CMAL3
ranking_best_score: 928.5800000000002
ranking_my_rank: 9/504 (98.4%)
ranking_my_percent: 98.41269841269842
