ConfigName: kjsd__advperagentrankweighted__M3__L18__eps0p005__g0p003__ds0p05__dm0p05
Problem: QUBO
Kernel: jsd
Advantage: peragentrankweighted
M: 3
lambda: 18
epsilon_svgd: 0.005
gamma: 0.003
decay_start_ratio: 0.05
decay_min_factor: 0.05
bandwith_kernel: None
no_interact: False
avg_score: -1161.9000244140625
median_score: -1168.5
std_score: 68.6181411743164
percentiles: 2%=-1299.1199951171875, 5%=-1269.300048828125, 10%=-1243.800048828125, 25%=-1206.0, 50%=-1168.5, 75%=-1121.5, 90%=-1065.9000244140625, 95%=-1037.949951171875, 98%=-1021.760009765625
ranking_best_algo: Tabu
ranking_best_score: 1216.16
ranking_my_rank: 98/504 (80.8%)
ranking_my_percent: 80.75396825396825
