ConfigName: kfr__advglobalrankweighted__M4__L10__eps0p01__g0p003__ds0p01__dm0p01
Problem: QUBO
Kernel: fr
Advantage: globalrankweighted
M: 4
lambda: 10
epsilon_svgd: 0.01
gamma: 0.003
decay_start_ratio: 0.01
decay_min_factor: 0.01
bandwith_kernel: None
no_interact: False
avg_score: -3192.52001953125
median_score: -3193.0
std_score: 135.17103576660156
percentiles: 2%=-3445.360107421875, 5%=-3428.39990234375, 10%=-3380.10009765625, 25%=-3268.75, 50%=-3193.0, 75%=-3108.0, 90%=-3019.5, 95%=-2976.699951171875, 98%=-2946.760009765625
ranking_best_algo: RLSOnePlusOne
ranking_best_score: 3316.5199999999995
ranking_my_rank: 57/504 (88.9%)
ranking_my_percent: 88.88888888888889
