ConfigName: kjsd__advperagentrankweighted__M4__L30__eps0p005__g0p0003__ds0p2__dm0p05
Problem: QUBO
Kernel: jsd
Advantage: peragentrankweighted
M: 4
lambda: 30
epsilon_svgd: 0.005
gamma: 0.0003
decay_start_ratio: 0.2
decay_min_factor: 0.05
bandwith_kernel: None
no_interact: False
avg_score: -2652.52001953125
median_score: -2642.5
std_score: 128.35751342773438
percentiles: 2%=-2903.97998046875, 5%=-2861.5, 10%=-2821.10009765625, 25%=-2741.25, 50%=-2642.5, 75%=-2567.75, 90%=-2499.0, 95%=-2462.699951171875, 98%=-2373.580078125
ranking_best_algo: DiscreteLengler2OnePlusOne
ranking_best_score: 2617.04
ranking_my_rank: 1/504 (100.0%)
ranking_my_percent: 100.0
