ConfigName: kfr__advglobalrankweighted__M6__L11__eps0p015__g0p005__ds0p01__dm0p01
Problem: QUBO
Kernel: fr
Advantage: globalrankweighted
M: 6
lambda: 11
epsilon_svgd: 0.015
gamma: 0.005
decay_start_ratio: 0.01
decay_min_factor: 0.01
bandwith_kernel: None
no_interact: False
avg_score: -148.94000244140625
median_score: -149.0
std_score: 11.599843978881836
percentiles: 2%=-179.0, 5%=-179.0, 10%=-158.0, 25%=-155.0, 50%=-149.0, 75%=-141.0, 90%=-135.0, 95%=-132.95001220703125, 98%=-126.95999145507812
ranking_best_algo: CMApara
ranking_best_score: 154.28
ranking_my_rank: 81/504 (84.1%)
ranking_my_percent: 84.12698412698413
