ConfigName: kjsd__advperagentrankweighted__M3__L16__eps0p005__g0p0005__ds0p1__dm0p1
Problem: QUBO
Kernel: jsd
Advantage: peragentrankweighted
M: 3
lambda: 16
epsilon_svgd: 0.005
gamma: 0.0005
decay_start_ratio: 0.1
decay_min_factor: 0.1
bandwith_kernel: None
no_interact: False
avg_score: -937.3599853515625
median_score: -941.5
std_score: 67.0024642944336
percentiles: 2%=-1074.0400390625, 5%=-1065.25, 10%=-1025.0, 25%=-985.25, 50%=-941.5, 75%=-884.75, 90%=-856.9000244140625, 95%=-834.9000244140625, 98%=-830.4600219726562
ranking_best_algo: CMApara
ranking_best_score: 964.9
ranking_my_rank: 9/504 (98.4%)
ranking_my_percent: 98.41269841269842
