ConfigName: krbf__advnormalizedfitness__M3__L10__eps0p025__g0p015__ds0p3__dm0p01
Problem: QUBO
Kernel: rbf
Advantage: normalizedfitness
M: 3
lambda: 10
epsilon_svgd: 0.025
gamma: 0.015
decay_start_ratio: 0.3
decay_min_factor: 0.01
bandwith_kernel: None
no_interact: False
avg_score: -1109.8399658203125
median_score: -1105.5
std_score: 83.17784881591797
percentiles: 2%=-1316.3800048828125, 5%=-1238.75, 10%=-1206.0, 25%=-1161.5, 50%=-1105.5, 75%=-1062.75, 90%=-1000.4000244140625, 95%=-964.9500122070312, 98%=-947.5798950195312
ranking_best_algo: SVMMetaModelLogNormal
ranking_best_score: 1233.7999999999997
ranking_my_rank: 113/504 (77.8%)
ranking_my_percent: 77.77777777777777
