ConfigName: kjsd__advperagentrankweighted__M4__L8__eps0p03__g0p0003__ds0p05__dm0p05
Problem: QUBO
Kernel: jsd
Advantage: peragentrankweighted
M: 4
lambda: 8
epsilon_svgd: 0.03
gamma: 0.0003
decay_start_ratio: 0.05
decay_min_factor: 0.05
bandwith_kernel: None
no_interact: False
avg_score: -294.5799865722656
median_score: -288.5
std_score: 34.332252502441406
percentiles: 2%=-388.0400085449219, 5%=-360.3999938964844, 10%=-336.3999938964844, 25%=-314.0, 50%=-288.5, 75%=-269.75, 90%=-259.0, 95%=-254.0, 98%=-241.8000030517578
ranking_best_algo: CMApara
ranking_best_score: 319.29999999999995
ranking_my_rank: 262/504 (48.2%)
ranking_my_percent: 48.214285714285715
