ConfigName: kjsd__advperagentrankweighted__M3__L20__eps0p007__g0p001__ds0p1__dm0p2
Problem: QUBO
Kernel: jsd
Advantage: peragentrankweighted
M: 3
lambda: 20
epsilon_svgd: 0.007
gamma: 0.001
decay_start_ratio: 0.1
decay_min_factor: 0.2
bandwith_kernel: None
no_interact: False
avg_score: -1293.699951171875
median_score: -1288.0
std_score: 54.07078552246094
percentiles: 2%=-1413.0799560546875, 5%=-1391.050048828125, 10%=-1371.300048828125, 25%=-1329.25, 50%=-1288.0, 75%=-1254.75, 90%=-1227.300048828125, 95%=-1209.0, 98%=-1205.97998046875
ranking_best_algo: BigLognormalDiscreteOnePlusOne
ranking_best_score: 1301.3600000000004
ranking_my_rank: 2/504 (99.8%)
ranking_my_percent: 99.8015873015873
