ConfigName: krbf__advnormalizedfitness__M4__L10__eps0p015__g0p015__ds0p01__dm0p3
Problem: NK
Kernel: rbf
Advantage: normalizedfitness
M: 4
lambda: 10
epsilon_svgd: 0.015
gamma: 0.015
decay_start_ratio: 0.01
decay_min_factor: 0.3
bandwith_kernel: None
no_interact: False
avg_score: 0.7079939842224121
median_score: 0.6984812617301941
std_score: 0.03223015367984772
percentiles: 2%=0.6681280136108398, 5%=0.6712928414344788, 10%=0.6734002828598022, 25%=0.677646279335022, 50%=0.6984812617301941, 75%=0.7435305118560791, 90%=0.7512827515602112, 95%=0.7600775957107544, 98%=0.7613165378570557
ranking_best_algo: CMApara
ranking_best_score: 0.7118996098437498
ranking_my_rank: 82/504 (83.9%)
ranking_my_percent: 83.92857142857143
