ConfigName: kjsd__advperagentrankweighted__M3__L18__eps0p01__g0p001__ds0p2__dm0p2
Problem: QUBO
Kernel: jsd
Advantage: peragentrankweighted
M: 3
lambda: 18
epsilon_svgd: 0.01
gamma: 0.001
decay_start_ratio: 0.2
decay_min_factor: 0.2
bandwith_kernel: None
no_interact: False
avg_score: -147.5399932861328
median_score: -145.0
std_score: 13.593690872192383
percentiles: 2%=-179.0, 5%=-179.0, 10%=-164.0, 25%=-155.0, 50%=-145.0, 75%=-139.0, 90%=-133.89999389648438, 95%=-128.9499969482422, 98%=-120.0
ranking_best_algo: CMApara
ranking_best_score: 154.28
ranking_my_rank: 95/504 (81.3%)
ranking_my_percent: 81.34920634920636
