ConfigName: kjsd__advperagentrankweighted__M4__L12__eps0p03__g0p0003__ds0p2__dm0p05
Problem: QUBO
Kernel: jsd
Advantage: peragentrankweighted
M: 4
lambda: 12
epsilon_svgd: 0.03
gamma: 0.0003
decay_start_ratio: 0.2
decay_min_factor: 0.05
bandwith_kernel: None
no_interact: False
avg_score: -429.0400085449219
median_score: -430.0
std_score: 25.609342575073242
percentiles: 2%=-474.1199951171875, 5%=-467.20001220703125, 10%=-459.29998779296875, 25%=-448.25, 50%=-430.0, 75%=-411.75, 90%=-397.8999938964844, 95%=-387.79998779296875, 98%=-382.8599853515625
ranking_best_algo: CMApara
ranking_best_score: 453.82
ranking_my_rank: 92/504 (81.9%)
ranking_my_percent: 81.94444444444444
