ConfigName: krbf__advnormalizedfitness__M2__L10__eps0p025__g0p01__ds0p01__dm0p3
Problem: QUBO
Kernel: rbf
Advantage: normalizedfitness
M: 2
lambda: 10
epsilon_svgd: 0.025
gamma: 0.01
decay_start_ratio: 0.01
decay_min_factor: 0.3
bandwith_kernel: None
no_interact: False
avg_score: -1185.0999755859375
median_score: -1187.5
std_score: 65.1386947631836
percentiles: 2%=-1333.43994140625, 5%=-1296.25, 10%=-1281.5999755859375, 25%=-1218.0, 50%=-1187.5, 75%=-1137.75, 90%=-1103.5999755859375, 95%=-1089.5999755859375, 98%=-1071.0
ranking_best_algo: Tabu
ranking_best_score: 1216.16
ranking_my_rank: 64/504 (87.5%)
ranking_my_percent: 87.5
