ConfigName: kjsd__advperagentrankweighted__M4__L30__eps0p01__g0p0005__ds0p05__dm0p05
Problem: NK
Kernel: jsd
Advantage: peragentrankweighted
M: 4
lambda: 30
epsilon_svgd: 0.01
gamma: 0.0005
decay_start_ratio: 0.05
decay_min_factor: 0.05
bandwith_kernel: None
no_interact: False
avg_score: 0.7119342684745789
median_score: 0.70106041431427
std_score: 0.03141520917415619
percentiles: 2%=0.6734704971313477, 5%=0.675126850605011, 10%=0.6785765886306763, 25%=0.6838083863258362, 50%=0.70106041431427, 75%=0.7474179267883301, 90%=0.7540167570114136, 95%=0.7613165378570557, 98%=0.7613165378570557
ranking_best_algo: CMApara
ranking_best_score: 0.7118996098437498
ranking_my_rank: 1/504 (100.0%)
ranking_my_percent: 100.0
