ConfigName: krbf__advnormalizedfitness__M3__L10__eps0p033__g0p01__ds0p3__dm0p3
Problem: NK
Kernel: rbf
Advantage: normalizedfitness
M: 3
lambda: 10
epsilon_svgd: 0.033
gamma: 0.01
decay_start_ratio: 0.3
decay_min_factor: 0.3
bandwith_kernel: None
no_interact: False
avg_score: 0.7541999220848083
median_score: 0.7549220323562622
std_score: 0.012123445980250835
percentiles: 2%=0.7299497723579407, 5%=0.734641969203949, 10%=0.7386398911476135, 25%=0.7455365657806396, 50%=0.7549220323562622, 75%=0.7617529630661011, 90%=0.7683506608009338, 95%=0.7748490571975708, 98%=0.778129518032074
ranking_best_algo: Tabu
ranking_best_score: 0.7470791764843752
ranking_my_rank: 1/504 (100.0%)
ranking_my_percent: 100.0
