ConfigName: krbf__advnormalizedfitness__M4__L15__eps0p033__g0p01__ds0p3__dm0p01
Problem: NK
Kernel: rbf
Advantage: normalizedfitness
M: 4
lambda: 15
epsilon_svgd: 0.033
gamma: 0.01
decay_start_ratio: 0.3
decay_min_factor: 0.01
bandwith_kernel: None
no_interact: False
avg_score: 0.7444673776626587
median_score: 0.7418994903564453
std_score: 0.027844050899147987
percentiles: 2%=0.7008739113807678, 5%=0.7067596316337585, 10%=0.711036741733551, 25%=0.721123218536377, 50%=0.7418994903564453, 75%=0.7585474252700806, 90%=0.778337299823761, 95%=0.8044298887252808, 98%=0.8044741749763489
ranking_best_algo: CMApara
ranking_best_score: 0.7459277895312499
ranking_my_rank: 3/504 (99.6%)
ranking_my_percent: 99.60317460317461
