ConfigName: kjsd__advperagentrankweighted__M6__L8__eps0p03__g0p0005__ds0p05__dm0p05
Problem: QUBO
Kernel: jsd
Advantage: peragentrankweighted
M: 6
lambda: 8
epsilon_svgd: 0.03
gamma: 0.0005
decay_start_ratio: 0.05
decay_min_factor: 0.05
bandwith_kernel: None
no_interact: False
avg_score: -1558.0799560546875
median_score: -1558.0
std_score: 51.586177825927734
percentiles: 2%=-1677.0400390625, 5%=-1647.1500244140625, 10%=-1624.699951171875, 25%=-1589.0, 50%=-1558.0, 75%=-1524.75, 90%=-1495.9000244140625, 95%=-1480.9000244140625, 98%=-1458.8800048828125
ranking_best_algo: NLOPT_LN_PRAXIS
ranking_best_score: 1607.12
ranking_my_rank: 49/504 (90.5%)
ranking_my_percent: 90.47619047619048
