ConfigName: kjsd__advperagentrankweighted__M5__L10__eps0p005__g0p0007__ds0p4__dm0p05
Problem: QUBO
Kernel: jsd
Advantage: peragentrankweighted
M: 5
lambda: 10
epsilon_svgd: 0.005
gamma: 0.0007
decay_start_ratio: 0.4
decay_min_factor: 0.05
bandwith_kernel: None
no_interact: False
avg_score: -1594.219970703125
median_score: -1602.0
std_score: 71.62354278564453
percentiles: 2%=-1738.0400390625, 5%=-1711.1500244140625, 10%=-1679.5999755859375, 25%=-1638.5, 50%=-1602.0, 75%=-1543.0, 90%=-1504.5999755859375, 95%=-1468.8499755859375, 98%=-1440.5999755859375
ranking_best_algo: NLOPT_LN_PRAXIS
ranking_best_score: 1607.12
ranking_my_rank: 38/504 (92.7%)
ranking_my_percent: 92.65873015873017
