ConfigName: kfr__advglobalrankweighted__M6__L11__eps0p015__g0p005__ds0p01__dm0p01
Problem: QUBO
Kernel: fr
Advantage: globalrankweighted
M: 6
lambda: 11
epsilon_svgd: 0.015
gamma: 0.005
decay_start_ratio: 0.01
decay_min_factor: 0.01
bandwith_kernel: None
no_interact: False
avg_score: -140.36000061035156
median_score: -142.5
std_score: 11.649479866027832
percentiles: 2%=-160.0, 5%=-158.0500030517578, 10%=-157.0, 25%=-147.25, 50%=-142.5, 75%=-130.0, 90%=-127.0, 95%=-123.0, 98%=-119.73994445800781
ranking_best_algo: DiscreteDE
ranking_best_score: 143.4
ranking_my_rank: 78/504 (84.7%)
ranking_my_percent: 84.72222222222223
