ConfigName: krbf__advnormalizedfitness__M4__L8__eps0p025__g0p005__ds0p3__dm0p01
Problem: NK
Kernel: rbf
Advantage: normalizedfitness
M: 4
lambda: 8
epsilon_svgd: 0.025
gamma: 0.005
decay_start_ratio: 0.3
decay_min_factor: 0.01
bandwith_kernel: None
no_interact: False
avg_score: 0.6794050335884094
median_score: 0.6777986288070679
std_score: 0.020730145275592804
percentiles: 2%=0.6481058597564697, 5%=0.6529768109321594, 10%=0.6566232442855835, 25%=0.6641843318939209, 50%=0.6777986288070679, 75%=0.68538498878479, 90%=0.7149351835250854, 95%=0.7229587435722351, 98%=0.7305909395217896
ranking_best_algo: PBIL
ranking_best_score: 0.7170882103515624
ranking_my_rank: 166/504 (67.3%)
ranking_my_percent: 67.26190476190476
