ConfigName: krbf__advnormalizedfitness__M4__L10__eps0p025__g0p005__ds0p15__dm0p3
Problem: QUBO
Kernel: rbf
Advantage: normalizedfitness
M: 4
lambda: 10
epsilon_svgd: 0.025
gamma: 0.005
decay_start_ratio: 0.15
decay_min_factor: 0.3
bandwith_kernel: None
no_interact: False
avg_score: -2366.780029296875
median_score: -2372.5
std_score: 163.58114624023438
percentiles: 2%=-2683.5400390625, 5%=-2621.64990234375, 10%=-2568.39990234375, 25%=-2496.5, 50%=-2372.5, 75%=-2240.75, 90%=-2156.10009765625, 95%=-2094.0, 98%=-2069.9599609375
ranking_best_algo: SVM1MetaModelLogNormal
ranking_best_score: 2605.14
ranking_my_rank: 132/504 (74.0%)
ranking_my_percent: 74.0079365079365
