ConfigName: kjsd__advperagentrankweighted__M3__L16__eps0p01__g0p003__ds0p2__dm0p05
Problem: QUBO
Kernel: jsd
Advantage: peragentrankweighted
M: 3
lambda: 16
epsilon_svgd: 0.01
gamma: 0.003
decay_start_ratio: 0.2
decay_min_factor: 0.05
bandwith_kernel: None
no_interact: False
avg_score: -310.9200134277344
median_score: -312.0
std_score: 37.528568267822266
percentiles: 2%=-396.0400085449219, 5%=-386.1000061035156, 10%=-354.79998779296875, 25%=-334.0, 50%=-312.0, 75%=-274.0, 90%=-268.0, 95%=-263.95001220703125, 98%=-261.9200134277344
ranking_best_algo: CMApara
ranking_best_score: 319.29999999999995
ranking_my_rank: 40/504 (92.3%)
ranking_my_percent: 92.26190476190476
