ConfigName: krbf__advnormalizedfitness__M3__L12__eps0p033__g0p01__ds0p01__dm0p01
Problem: QUBO
Kernel: rbf
Advantage: normalizedfitness
M: 3
lambda: 12
epsilon_svgd: 0.033
gamma: 0.01
decay_start_ratio: 0.01
decay_min_factor: 0.01
bandwith_kernel: None
no_interact: False
avg_score: -201.33999633789062
median_score: -202.0
std_score: 12.136077880859375
percentiles: 2%=-224.0, 5%=-224.0, 10%=-219.0, 25%=-209.0, 50%=-202.0, 75%=-193.0, 90%=-185.0, 95%=-180.95001220703125, 98%=-177.87997436523438
ranking_best_algo: Tabu
ranking_best_score: 208.36000000000004
ranking_my_rank: 40/504 (92.3%)
ranking_my_percent: 92.26190476190476
