ConfigName: kjsd__advperagentrankweighted__M3__L16__eps0p005__g0p0007__ds0p05__dm0p1
Problem: QUBO
Kernel: jsd
Advantage: peragentrankweighted
M: 3
lambda: 16
epsilon_svgd: 0.005
gamma: 0.0007
decay_start_ratio: 0.05
decay_min_factor: 0.1
bandwith_kernel: None
no_interact: False
avg_score: -910.719970703125
median_score: -911.0
std_score: 55.32577896118164
percentiles: 2%=-1023.2999877929688, 5%=-991.2999877929688, 10%=-977.4000244140625, 25%=-949.25, 50%=-911.0, 75%=-864.0, 90%=-843.7000122070312, 95%=-824.7000122070312, 98%=-810.5999755859375
ranking_best_algo: CMAL3
ranking_best_score: 928.5800000000002
ranking_my_rank: 20/504 (96.2%)
ranking_my_percent: 96.23015873015873
