ConfigName: kjsd__advperagentrankweighted__M3__L20__eps0p005__g0p003__ds0p05__dm0p05
Problem: QUBO
Kernel: jsd
Advantage: peragentrankweighted
M: 3
lambda: 20
epsilon_svgd: 0.005
gamma: 0.003
decay_start_ratio: 0.05
decay_min_factor: 0.05
bandwith_kernel: None
no_interact: False
avg_score: -329.7799987792969
median_score: -334.0
std_score: 21.70510482788086
percentiles: 2%=-372.0, 5%=-355.1000061035156, 10%=-350.0, 25%=-342.0, 50%=-334.0, 75%=-320.0, 90%=-297.8999938964844, 95%=-285.8999938964844, 98%=-279.8800048828125
ranking_best_algo: CMApara
ranking_best_score: 344.22
ranking_my_rank: 80/504 (84.3%)
ranking_my_percent: 84.32539682539682
