ConfigName: krbf__advnormalizedfitness__M3__L10__eps0p033__g0p005__ds0p3__dm0p01
Problem: QUBO
Kernel: rbf
Advantage: normalizedfitness
M: 3
lambda: 10
epsilon_svgd: 0.033
gamma: 0.005
decay_start_ratio: 0.3
decay_min_factor: 0.01
bandwith_kernel: None
no_interact: False
avg_score: -198.44000244140625
median_score: -199.0
std_score: 13.104442596435547
percentiles: 2%=-224.0, 5%=-222.0, 10%=-215.1999969482422, 25%=-206.0, 50%=-199.0, 75%=-190.5, 90%=-179.89999389648438, 95%=-174.90000915527344, 98%=-171.9399871826172
ranking_best_algo: Tabu
ranking_best_score: 208.36000000000004
ranking_my_rank: 99/504 (80.6%)
ranking_my_percent: 80.55555555555556
