ConfigName: krbf__advnormalizedfitness__M4__L8__eps0p025__g0p007__ds0p3__dm0p01
Problem: NK
Kernel: rbf
Advantage: normalizedfitness
M: 4
lambda: 8
epsilon_svgd: 0.025
gamma: 0.007
decay_start_ratio: 0.3
decay_min_factor: 0.01
bandwith_kernel: None
no_interact: False
avg_score: 0.7326374650001526
median_score: 0.7331402897834778
std_score: 0.014019016176462173
percentiles: 2%=0.7054742574691772, 5%=0.7092913389205933, 10%=0.7138295769691467, 25%=0.7235265374183655, 50%=0.7331402897834778, 75%=0.7416032552719116, 90%=0.7484086751937866, 95%=0.753961443901062, 98%=0.7613073587417603
ranking_best_algo: PBIL
ranking_best_score: 0.733570253046875
ranking_my_rank: 2/504 (99.8%)
ranking_my_percent: 99.8015873015873
