ConfigName: krbf__advnormalizedfitness__M3__L15__eps0p033__g0p005__ds0p15__dm0p01
Problem: QUBO
Kernel: rbf
Advantage: normalizedfitness
M: 3
lambda: 15
epsilon_svgd: 0.033
gamma: 0.005
decay_start_ratio: 0.15
decay_min_factor: 0.01
bandwith_kernel: None
no_interact: False
avg_score: -3246.06005859375
median_score: -3245.0
std_score: 152.57363891601562
percentiles: 2%=-3535.06005859375, 5%=-3470.14990234375, 10%=-3445.39990234375, 25%=-3366.0, 50%=-3245.0, 75%=-3131.75, 90%=-3055.699951171875, 95%=-2998.85009765625, 98%=-2956.5
ranking_best_algo: RLSOnePlusOne
ranking_best_score: 3316.5199999999995
ranking_my_rank: 42/504 (91.9%)
ranking_my_percent: 91.86507936507937
