ConfigName: kfr__advglobalrankweighted__M4__L10__eps0p02__g0p007__ds0p01__dm0p01
Problem: QUBO
Kernel: fr
Advantage: globalrankweighted
M: 4
lambda: 10
epsilon_svgd: 0.02
gamma: 0.007
decay_start_ratio: 0.01
decay_min_factor: 0.01
bandwith_kernel: None
no_interact: False
avg_score: -2457.679931640625
median_score: -2470.0
std_score: 136.0266876220703
percentiles: 2%=-2691.02001953125, 5%=-2660.14990234375, 10%=-2628.800048828125, 25%=-2563.5, 50%=-2470.0, 75%=-2353.25, 90%=-2278.60009765625, 95%=-2243.300048828125, 98%=-2215.639892578125
ranking_best_algo: SVM1MetaModelLogNormal
ranking_best_score: 2605.14
ranking_my_rank: 81/504 (84.1%)
ranking_my_percent: 84.12698412698413
