ConfigName: kjsd__advperagentrankweighted__M5__L12__eps0p02__g0p0003__ds0p2__dm0p05
Problem: QUBO
Kernel: jsd
Advantage: peragentrankweighted
M: 5
lambda: 12
epsilon_svgd: 0.02
gamma: 0.0003
decay_start_ratio: 0.2
decay_min_factor: 0.05
bandwith_kernel: None
no_interact: False
avg_score: -1164.8599853515625
median_score: -1157.5
std_score: 54.57582473754883
percentiles: 2%=-1287.239990234375, 5%=-1272.449951171875, 10%=-1225.199951171875, 25%=-1203.0, 50%=-1157.5, 75%=-1123.75, 90%=-1100.800048828125, 95%=-1086.6500244140625, 98%=-1069.9200439453125
ranking_best_algo: Tabu
ranking_best_score: 1216.16
ranking_my_rank: 96/504 (81.2%)
ranking_my_percent: 81.15079365079364
