ConfigName: kjsd__advperagentrankweighted__M3__L30__eps0p005__g0p001__ds0p2__dm0p05
Problem: NK
Kernel: jsd
Advantage: peragentrankweighted
M: 3
lambda: 30
epsilon_svgd: 0.005
gamma: 0.001
decay_start_ratio: 0.2
decay_min_factor: 0.05
bandwith_kernel: None
no_interact: False
avg_score: 0.7338600754737854
median_score: 0.7360331416130066
std_score: 0.009418115951120853
percentiles: 2%=0.7134957909584045, 5%=0.7152913212776184, 10%=0.720442533493042, 25%=0.7269887328147888, 50%=0.7360331416130066, 75%=0.7405228018760681, 90%=0.743810772895813, 95%=0.7469387054443359, 98%=0.7478965520858765
ranking_best_algo: PBIL
ranking_best_score: 0.7248786399609374
ranking_my_rank: 1/504 (100.0%)
ranking_my_percent: 100.0
