ConfigName: krbf__advnormalizedfitness__M4__L10__eps0p03__g0p01__ds0p05__dm0p05
Problem: NK
Kernel: rbf
Advantage: normalizedfitness
M: 4
lambda: 10
epsilon_svgd: 0.03
gamma: 0.01
decay_start_ratio: 0.05
decay_min_factor: 0.05
bandwith_kernel: None
no_interact: False
avg_score: 0.7057623863220215
median_score: 0.7084507346153259
std_score: 0.012170540168881416
percentiles: 2%=0.6858163475990295, 5%=0.6883397102355957, 10%=0.6891863942146301, 25%=0.6943429112434387, 50%=0.7084507346153259, 75%=0.7166595458984375, 90%=0.7197489738464355, 95%=0.7225598096847534, 98%=0.7234447002410889
ranking_best_algo: PBIL
ranking_best_score: 0.7013553837109374
ranking_my_rank: 1/504 (100.0%)
ranking_my_percent: 100.0
