ConfigName: kjsd__advperagentrankweighted__M4__L20__eps0p007__g0p0005__ds0p2__dm0p2
Problem: QUBO
Kernel: jsd
Advantage: peragentrankweighted
M: 4
lambda: 20
epsilon_svgd: 0.007
gamma: 0.0005
decay_start_ratio: 0.2
decay_min_factor: 0.2
bandwith_kernel: None
no_interact: False
avg_score: -1240.6600341796875
median_score: -1237.0
std_score: 58.50593185424805
percentiles: 2%=-1386.0799560546875, 5%=-1337.0999755859375, 10%=-1311.4000244140625, 25%=-1276.5, 50%=-1237.0, 75%=-1194.5, 90%=-1170.5, 95%=-1157.3499755859375, 98%=-1140.8199462890625
ranking_best_algo: SVMMetaModelLogNormal
ranking_best_score: 1233.7999999999997
ranking_my_rank: 1/504 (100.0%)
ranking_my_percent: 100.0
