ConfigName: kjsd__advperagentrankweighted__M5__L8__eps0p01__g0p0007__ds0p05__dm0p2
Problem: QUBO
Kernel: jsd
Advantage: peragentrankweighted
M: 5
lambda: 8
epsilon_svgd: 0.01
gamma: 0.0007
decay_start_ratio: 0.05
decay_min_factor: 0.2
bandwith_kernel: None
no_interact: False
avg_score: -411.5199890136719
median_score: -413.5
std_score: 26.57309913635254
percentiles: 2%=-465.0400085449219, 5%=-455.0, 10%=-449.1000061035156, 25%=-426.0, 50%=-413.5, 75%=-397.75, 90%=-370.8999938964844, 95%=-363.8999938964844, 98%=-358.0
ranking_best_algo: Tabu
ranking_best_score: 438.12
ranking_my_rank: 78/504 (84.7%)
ranking_my_percent: 84.72222222222223
