ConfigName: kjsd__advperagentrankweighted__M4__L10__eps0p005__g0p0007__ds0p4__dm0p05
Problem: NK
Kernel: jsd
Advantage: peragentrankweighted
M: 4
lambda: 10
epsilon_svgd: 0.005
gamma: 0.0007
decay_start_ratio: 0.4
decay_min_factor: 0.05
bandwith_kernel: None
no_interact: False
avg_score: 0.7136557698249817
median_score: 0.7129373550415039
std_score: 0.008762311190366745
percentiles: 2%=0.698794424533844, 5%=0.7016605734825134, 10%=0.7035393714904785, 25%=0.7064933776855469, 50%=0.7129373550415039, 75%=0.7204439043998718, 90%=0.7260736227035522, 95%=0.7270153760910034, 98%=0.7290209531784058
ranking_best_algo: PBIL
ranking_best_score: 0.7170882103515624
ranking_my_rank: 42/504 (91.9%)
ranking_my_percent: 91.86507936507937
