ConfigName: kjsd__advperagentrankweighted__M5__L12__eps0p02__g0p0003__ds0p05__dm0p05
Problem: NK
Kernel: jsd
Advantage: peragentrankweighted
M: 5
lambda: 12
epsilon_svgd: 0.02
gamma: 0.0003
decay_start_ratio: 0.05
decay_min_factor: 0.05
bandwith_kernel: None
no_interact: False
avg_score: 0.7318904399871826
median_score: 0.7325241565704346
std_score: 0.009093384258449078
percentiles: 2%=0.7142763733863831, 5%=0.7159140110015869, 10%=0.7196325659751892, 25%=0.7249554991722107, 50%=0.7325241565704346, 75%=0.7385898232460022, 90%=0.7420746088027954, 95%=0.7466581463813782, 98%=0.7489411234855652
ranking_best_algo: PBIL
ranking_best_score: 0.733570253046875
ranking_my_rank: 2/504 (99.8%)
ranking_my_percent: 99.8015873015873
