ConfigName: kjsd__advperagentrankweighted__M8__L28__eps0p005__g0p0005__ds0p05__dm0p05
Problem: QUBO
Kernel: jsd
Advantage: peragentrankweighted
M: 8
lambda: 28
epsilon_svgd: 0.005
gamma: 0.0005
decay_start_ratio: 0.05
decay_min_factor: 0.05
bandwith_kernel: None
no_interact: False
avg_score: -416.20001220703125
median_score: -419.0
std_score: 30.736297607421875
percentiles: 2%=-466.1000061035156, 5%=-460.1000061035156, 10%=-451.29998779296875, 25%=-441.25, 50%=-419.0, 75%=-390.75, 90%=-378.6000061035156, 95%=-367.95001220703125, 98%=-361.55999755859375
ranking_best_algo: CMApara
ranking_best_score: 453.82
ranking_my_rank: 188/504 (62.9%)
ranking_my_percent: 62.8968253968254
