ConfigName: kjsd__advperagentrankweighted__M4__L30__eps0p01__g0p0007__ds0p2__dm0p05
Problem: QUBO
Kernel: jsd
Advantage: peragentrankweighted
M: 4
lambda: 30
epsilon_svgd: 0.01
gamma: 0.0007
decay_start_ratio: 0.2
decay_min_factor: 0.05
bandwith_kernel: None
no_interact: False
avg_score: -1188.6400146484375
median_score: -1185.5
std_score: 62.09613800048828
percentiles: 2%=-1317.3599853515625, 5%=-1285.199951171875, 10%=-1270.199951171875, 25%=-1229.5, 50%=-1185.5, 75%=-1146.75, 90%=-1109.800048828125, 95%=-1095.949951171875, 98%=-1079.199951171875
ranking_best_algo: Tabu
ranking_best_score: 1216.16
ranking_my_rank: 61/504 (88.1%)
ranking_my_percent: 88.0952380952381
