ConfigName: krbf__advnormalizedfitness__M4__L10__eps0p033__g0p01__ds0p15__dm0p3
Problem: QUBO
Kernel: rbf
Advantage: normalizedfitness
M: 4
lambda: 10
epsilon_svgd: 0.033
gamma: 0.01
decay_start_ratio: 0.15
decay_min_factor: 0.3
bandwith_kernel: None
no_interact: False
avg_score: -1316.4000244140625
median_score: -1325.0
std_score: 141.3436279296875
percentiles: 2%=-1605.1199951171875, 5%=-1525.300048828125, 10%=-1501.199951171875, 25%=-1407.75, 50%=-1325.0, 75%=-1192.0, 90%=-1137.5, 95%=-1094.0001220703125, 98%=-1066.419921875
ranking_best_algo: NLOPT_LN_PRAXIS
ranking_best_score: 1607.12
ranking_my_rank: 199/504 (60.7%)
ranking_my_percent: 60.714285714285715
