ConfigName: kjsd__advperagentrankweighted__M4__L20__eps0p007__g0p0005__ds0p05__dm0p2
Problem: NK
Kernel: jsd
Advantage: peragentrankweighted
M: 4
lambda: 20
epsilon_svgd: 0.007
gamma: 0.0005
decay_start_ratio: 0.05
decay_min_factor: 0.2
bandwith_kernel: None
no_interact: False
avg_score: 0.7573555111885071
median_score: 0.7568801045417786
std_score: 0.012313070707023144
percentiles: 2%=0.7328909039497375, 5%=0.7363935112953186, 10%=0.7412974834442139, 25%=0.748813807964325, 50%=0.7568801045417786, 75%=0.7655384540557861, 90%=0.7743688821792603, 95%=0.7763993740081787, 98%=0.7807455658912659
ranking_best_algo: Tabu
ranking_best_score: 0.7470791764843752
ranking_my_rank: 1/504 (100.0%)
ranking_my_percent: 100.0
