ConfigName: kjsd__advperagentrankweighted__M3__L18__eps0p005__g0p003__ds0p05__dm0p2
Problem: QUBO
Kernel: jsd
Advantage: peragentrankweighted
M: 3
lambda: 18
epsilon_svgd: 0.005
gamma: 0.003
decay_start_ratio: 0.05
decay_min_factor: 0.2
bandwith_kernel: None
no_interact: False
avg_score: -2002.5
median_score: -2002.0
std_score: 158.9517822265625
percentiles: 2%=-2327.39990234375, 5%=-2273.89990234375, 10%=-2225.800048828125, 25%=-2110.25, 50%=-2002.0, 75%=-1879.5, 90%=-1794.0, 95%=-1758.75, 98%=-1751.0799560546875
ranking_best_algo: SVM1MetaModelLogNormal
ranking_best_score: 2605.14
ranking_my_rank: 278/504 (45.0%)
ranking_my_percent: 45.03968253968254
