ConfigName: kjsd__advperagentrankweighted__M3__L16__eps0p005__g0p001__ds0p2__dm0p2
Problem: QUBO
Kernel: jsd
Advantage: peragentrankweighted
M: 3
lambda: 16
epsilon_svgd: 0.005
gamma: 0.001
decay_start_ratio: 0.2
decay_min_factor: 0.2
bandwith_kernel: None
no_interact: False
avg_score: -1291.43994140625
median_score: -1296.5
std_score: 54.76921081542969
percentiles: 2%=-1410.4599609375, 5%=-1368.5999755859375, 10%=-1358.300048828125, 25%=-1324.0, 50%=-1296.5, 75%=-1261.0, 90%=-1219.699951171875, 95%=-1192.5999755859375, 98%=-1175.9000244140625
ranking_best_algo: BigLognormalDiscreteOnePlusOne
ranking_best_score: 1301.3600000000004
ranking_my_rank: 2/504 (99.8%)
ranking_my_percent: 99.8015873015873
