ConfigName: kjsd__advperagentrankweighted__M4__L28__eps0p005__g0p0005__ds0p05__dm0p05
Problem: QUBO
Kernel: jsd
Advantage: peragentrankweighted
M: 4
lambda: 28
epsilon_svgd: 0.005
gamma: 0.0005
decay_start_ratio: 0.05
decay_min_factor: 0.05
bandwith_kernel: None
no_interact: False
avg_score: -308.1199951171875
median_score: -302.0
std_score: 37.92710876464844
percentiles: 2%=-398.0, 5%=-388.20001220703125, 10%=-350.20001220703125, 25%=-330.5, 50%=-302.0, 75%=-274.0, 90%=-268.8999938964844, 95%=-263.95001220703125, 98%=-259.9200134277344
ranking_best_algo: CMApara
ranking_best_score: 319.29999999999995
ranking_my_rank: 91/504 (82.1%)
ranking_my_percent: 82.14285714285714
