ConfigName: krbf__advnormalizedfitness__M3__L8__eps0p025__g0p007__ds0p3__dm0p3
Problem: QUBO
Kernel: rbf
Advantage: normalizedfitness
M: 3
lambda: 8
epsilon_svgd: 0.025
gamma: 0.007
decay_start_ratio: 0.3
decay_min_factor: 0.3
bandwith_kernel: None
no_interact: False
avg_score: -579.6599731445312
median_score: -579.0
std_score: 28.109865188598633
percentiles: 2%=-635.0800170898438, 5%=-633.0499877929688, 10%=-618.2999877929688, 25%=-594.25, 50%=-579.0, 75%=-563.0, 90%=-544.7000122070312, 95%=-534.7000122070312, 98%=-520.97998046875
ranking_best_algo: Tabu
ranking_best_score: 588.7199999999999
ranking_my_rank: 40/503 (92.2%)
ranking_my_percent: 92.2465208747515
