ConfigName: kjsd__advperagentrankweighted__M5__L8__eps0p01__g0p0005__ds0p4__dm0p2
Problem: QUBO
Kernel: jsd
Advantage: peragentrankweighted
M: 5
lambda: 8
epsilon_svgd: 0.01
gamma: 0.0005
decay_start_ratio: 0.4
decay_min_factor: 0.2
bandwith_kernel: None
no_interact: False
avg_score: -308.9200134277344
median_score: -311.0
std_score: 38.143856048583984
percentiles: 2%=-394.1199951171875, 5%=-388.0, 10%=-358.0, 25%=-330.0, 50%=-311.0, 75%=-276.75, 90%=-264.0, 95%=-257.95001220703125, 98%=-251.9600067138672
ranking_best_algo: CMApara
ranking_best_score: 319.29999999999995
ranking_my_rank: 82/504 (83.9%)
ranking_my_percent: 83.92857142857143
