ConfigName: kjsd__advperagentrankweighted__M4__L8__eps0p006__g0p0005__ds0p05__dm0p05
Problem: NK
Kernel: jsd
Advantage: peragentrankweighted
M: 4
lambda: 8
epsilon_svgd: 0.006
gamma: 0.0005
decay_start_ratio: 0.05
decay_min_factor: 0.05
bandwith_kernel: None
no_interact: False
avg_score: 0.7423619627952576
median_score: 0.7408133745193481
std_score: 0.028667347505688667
percentiles: 2%=0.6931909322738647, 5%=0.7050186395645142, 10%=0.7089367508888245, 25%=0.722805917263031, 50%=0.7408133745193481, 75%=0.7580187320709229, 90%=0.7759338021278381, 95%=0.8044814467430115, 98%=0.8118547797203064
ranking_best_algo: CMApara
ranking_best_score: 0.7459277895312499
ranking_my_rank: 20/504 (96.2%)
ranking_my_percent: 96.23015873015873
