ConfigName: krbf__advnormalizedfitness__M3__L15__eps0p025__g0p005__ds0p15__dm0p3
Problem: NK
Kernel: rbf
Advantage: normalizedfitness
M: 3
lambda: 15
epsilon_svgd: 0.025
gamma: 0.005
decay_start_ratio: 0.15
decay_min_factor: 0.3
bandwith_kernel: None
no_interact: False
avg_score: 0.7065945267677307
median_score: 0.7088035345077515
std_score: 0.011761228553950787
percentiles: 2%=0.6854744553565979, 5%=0.6878829598426819, 10%=0.6901441216468811, 25%=0.6954955458641052, 50%=0.7088035345077515, 75%=0.7167810201644897, 90%=0.7199285626411438, 95%=0.7226828932762146, 98%=0.7238172292709351
ranking_best_algo: PBIL
ranking_best_score: 0.7013553837109374
ranking_my_rank: 1/504 (100.0%)
ranking_my_percent: 100.0
