ConfigName: krbf__advnormalizedfitness__M1__L8__eps0p025__g0p007__ds0p01__dm0p3
Problem: QUBO
Kernel: rbf
Advantage: normalizedfitness
M: 1
lambda: 8
epsilon_svgd: 0.025
gamma: 0.007
decay_start_ratio: 0.01
decay_min_factor: 0.3
bandwith_kernel: None
no_interact: False
avg_score: -882.3400268554688
median_score: -872.0
std_score: 70.51910400390625
percentiles: 2%=-1020.0399780273438, 5%=-1011.0499877929688, 10%=-988.5, 25%=-932.5, 50%=-872.0, 75%=-831.75, 90%=-794.5999755859375, 95%=-784.9000244140625, 98%=-769.699951171875
ranking_best_algo: CMAL3
ranking_best_score: 928.5800000000002
ranking_my_rank: 113/504 (77.8%)
ranking_my_percent: 77.77777777777777
