ConfigName: kjsd__advperagentrankweighted__M3__L18__eps0p005__g0p0005__ds0p05__dm0p05
Problem: QUBO
Kernel: jsd
Advantage: peragentrankweighted
M: 3
lambda: 18
epsilon_svgd: 0.005
gamma: 0.0005
decay_start_ratio: 0.05
decay_min_factor: 0.05
bandwith_kernel: None
no_interact: False
avg_score: -327.0400085449219
median_score: -328.0
std_score: 23.659212112426758
percentiles: 2%=-372.0, 5%=-361.54998779296875, 10%=-354.0, 25%=-342.25, 50%=-328.0, 75%=-310.75, 90%=-292.8999938964844, 95%=-284.95001220703125, 98%=-279.9599914550781
ranking_best_algo: CMApara
ranking_best_score: 344.22
ranking_my_rank: 111/504 (78.2%)
ranking_my_percent: 78.17460317460318
