ConfigName: kjsd__advperagentrankweighted__M4__L12__eps0p02__g0p0005__ds0p05__dm0p05
Problem: QUBO
Kernel: jsd
Advantage: peragentrankweighted
M: 4
lambda: 12
epsilon_svgd: 0.02
gamma: 0.0005
decay_start_ratio: 0.05
decay_min_factor: 0.05
bandwith_kernel: None
no_interact: False
avg_score: -440.6400146484375
median_score: -442.5
std_score: 26.95905113220215
percentiles: 2%=-487.05999755859375, 5%=-481.0, 10%=-477.0, 25%=-460.0, 50%=-442.5, 75%=-423.75, 90%=-405.0, 95%=-389.8999938964844, 98%=-385.9200134277344
ranking_best_algo: CMApara
ranking_best_score: 453.82
ranking_my_rank: 12/504 (97.8%)
ranking_my_percent: 97.81746031746032
