ConfigName: krbf__advnormalizedfitness__M3__L15__eps0p025__g0p015__ds0p15__dm0p3
Problem: QUBO
Kernel: rbf
Advantage: normalizedfitness
M: 3
lambda: 15
epsilon_svgd: 0.025
gamma: 0.015
decay_start_ratio: 0.15
decay_min_factor: 0.3
bandwith_kernel: None
no_interact: False
avg_score: -390.5799865722656
median_score: -389.0
std_score: 35.620548248291016
percentiles: 2%=-462.0400085449219, 5%=-452.1499938964844, 10%=-434.0, 25%=-416.0, 50%=-389.0, 75%=-366.0, 90%=-339.8999938964844, 95%=-332.9000244140625, 98%=-327.75994873046875
ranking_best_algo: CMApara
ranking_best_score: 453.82
ranking_my_rank: 274/504 (45.8%)
ranking_my_percent: 45.833333333333336
