ConfigName: krbf__advnormalizedfitness__M3__L15__eps0p015__g0p005__ds0p01__dm0p3
Problem: QUBO
Kernel: rbf
Advantage: normalizedfitness
M: 3
lambda: 15
epsilon_svgd: 0.015
gamma: 0.005
decay_start_ratio: 0.01
decay_min_factor: 0.3
bandwith_kernel: None
no_interact: False
avg_score: -918.8599853515625
median_score: -909.0
std_score: 65.8033447265625
percentiles: 2%=-1056.3599853515625, 5%=-1037.4000244140625, 10%=-1001.5, 25%=-965.0, 50%=-909.0, 75%=-869.75, 90%=-846.7999877929688, 95%=-832.3500366210938, 98%=-800.5599365234375
ranking_best_algo: CMApara
ranking_best_score: 964.9
ranking_my_rank: 64/504 (87.5%)
ranking_my_percent: 87.5
