ConfigName: krbf__advnormalizedfitness__M3__L8__eps0p033__g0p015__ds0p15__dm0p3
Problem: QUBO
Kernel: rbf
Advantage: normalizedfitness
M: 3
lambda: 8
epsilon_svgd: 0.033
gamma: 0.015
decay_start_ratio: 0.15
decay_min_factor: 0.3
bandwith_kernel: None
no_interact: False
avg_score: -438.8999938964844
median_score: -443.0
std_score: 28.666881561279297
percentiles: 2%=-489.05999755859375, 5%=-484.1499938964844, 10%=-473.0, 25%=-462.0, 50%=-443.0, 75%=-415.0, 90%=-397.8999938964844, 95%=-390.0, 98%=-387.97998046875
ranking_best_algo: CMApara
ranking_best_score: 453.82
ranking_my_rank: 19/504 (96.4%)
ranking_my_percent: 96.42857142857143
