ConfigName: kfr__advglobalrankweighted__M4__L24__eps0p02__g0p005__ds0p01__dm0p01
Problem: QUBO
Kernel: fr
Advantage: globalrankweighted
M: 4
lambda: 24
epsilon_svgd: 0.02
gamma: 0.005
decay_start_ratio: 0.01
decay_min_factor: 0.01
bandwith_kernel: None
no_interact: False
avg_score: -438.17999267578125
median_score: -439.5
std_score: 25.79161834716797
percentiles: 2%=-481.0, 5%=-473.0, 10%=-471.1000061035156, 25%=-459.25, 50%=-439.5, 75%=-419.75, 90%=-398.8999938964844, 95%=-390.95001220703125, 98%=-387.8399658203125
ranking_best_algo: CMApara
ranking_best_score: 453.82
ranking_my_rank: 21/504 (96.0%)
ranking_my_percent: 96.03174603174604
