ConfigName: krbf__advnormalizedfitness__M3__L10__eps0p02__g0p01__ds0p15__dm0p05
Problem: NK
Kernel: rbf
Advantage: normalizedfitness
M: 3
lambda: 10
epsilon_svgd: 0.02
gamma: 0.01
decay_start_ratio: 0.15
decay_min_factor: 0.05
bandwith_kernel: None
no_interact: False
avg_score: 0.7320224046707153
median_score: 0.7312275767326355
std_score: 0.015200680121779442
percentiles: 2%=0.705346405506134, 5%=0.709311306476593, 10%=0.7119547128677368, 25%=0.7215176820755005, 50%=0.7312275767326355, 75%=0.7420040369033813, 90%=0.7505518198013306, 95%=0.7591065168380737, 98%=0.7631596922874451
ranking_best_algo: PBIL
ranking_best_score: 0.733570253046875
ranking_my_rank: 2/504 (99.8%)
ranking_my_percent: 99.8015873015873
