ConfigName: kjsd__advperagentrankweighted__M5__L24__eps0p008__g0p0005__ds0p3__dm0p05
Problem: QUBO
Kernel: jsd
Advantage: peragentrankweighted
M: 5
lambda: 24
epsilon_svgd: 0.008
gamma: 0.0005
decay_start_ratio: 0.3
decay_min_factor: 0.05
bandwith_kernel: None
no_interact: False
avg_score: -312.5799865722656
median_score: -320.0
std_score: 38.57698059082031
percentiles: 2%=-396.0, 5%=-388.0, 10%=-355.6000061035156, 25%=-336.0, 50%=-320.0, 75%=-275.0, 90%=-267.79998779296875, 95%=-263.0, 98%=-257.9599914550781
ranking_best_algo: CMApara
ranking_best_score: 319.29999999999995
ranking_my_rank: 31/504 (94.0%)
ranking_my_percent: 94.04761904761905
