ConfigName: kjsd__advperagentrankweighted__M3__L16__eps0p01__g0p003__ds0p1__dm0p2
Problem: QUBO
Kernel: jsd
Advantage: peragentrankweighted
M: 3
lambda: 16
epsilon_svgd: 0.01
gamma: 0.003
decay_start_ratio: 0.1
decay_min_factor: 0.2
bandwith_kernel: None
no_interact: False
avg_score: -1179.5
median_score: -1177.5
std_score: 54.615840911865234
percentiles: 2%=-1329.43994140625, 5%=-1273.199951171875, 10%=-1238.0999755859375, 25%=-1203.0, 50%=-1177.5, 75%=-1146.0, 90%=-1115.9000244140625, 95%=-1102.699951171875, 98%=-1074.8599853515625
ranking_best_algo: Tabu
ranking_best_score: 1216.16
ranking_my_rank: 70/504 (86.3%)
ranking_my_percent: 86.30952380952381
