ConfigName: kjsd__advperagentrankweighted__M4__L12__eps0p005__g0p0007__ds0p4__dm0p05
Problem: NK
Kernel: jsd
Advantage: peragentrankweighted
M: 4
lambda: 12
epsilon_svgd: 0.005
gamma: 0.0007
decay_start_ratio: 0.4
decay_min_factor: 0.05
bandwith_kernel: None
no_interact: False
avg_score: 0.7078781723976135
median_score: 0.7069711685180664
std_score: 0.010236769914627075
percentiles: 2%=0.6873152852058411, 5%=0.6920841932296753, 10%=0.696816623210907, 25%=0.7005190849304199, 50%=0.7069711685180664, 75%=0.7140719294548035, 90%=0.722360372543335, 95%=0.7269108891487122, 98%=0.7286997437477112
ranking_best_algo: PBIL
ranking_best_score: 0.7170882103515624
ranking_my_rank: 57/504 (88.9%)
ranking_my_percent: 88.88888888888889
