ConfigName: krbf__advnormalizedfitness__M4__L12__eps0p015__g0p015__ds0p3__dm0p01
Problem: QUBO
Kernel: rbf
Advantage: normalizedfitness
M: 4
lambda: 12
epsilon_svgd: 0.015
gamma: 0.015
decay_start_ratio: 0.3
decay_min_factor: 0.01
bandwith_kernel: None
no_interact: False
avg_score: -694.719970703125
median_score: -689.5
std_score: 83.04228973388672
percentiles: 2%=-858.280029296875, 5%=-850.0, 10%=-814.2000122070312, 25%=-744.0, 50%=-689.5, 75%=-638.5, 90%=-587.2999877929688, 95%=-560.7000122070312, 98%=-533.9400024414062
ranking_best_algo: CMApara
ranking_best_score: 964.9
ranking_my_rank: 331/504 (34.5%)
ranking_my_percent: 34.523809523809526
