ConfigName: kjsd__advperagentrankweighted__M3__L18__eps0p01__g0p0007__ds0p1__dm0p2
Problem: QUBO
Kernel: jsd
Advantage: peragentrankweighted
M: 3
lambda: 18
epsilon_svgd: 0.01
gamma: 0.0007
decay_start_ratio: 0.1
decay_min_factor: 0.2
bandwith_kernel: None
no_interact: False
avg_score: -328.9599914550781
median_score: -328.0
std_score: 22.934656143188477
percentiles: 2%=-372.0, 5%=-372.0, 10%=-354.29998779296875, 25%=-343.0, 50%=-328.0, 75%=-314.0, 90%=-297.79998779296875, 95%=-290.0, 98%=-281.8399963378906
ranking_best_algo: CMApara
ranking_best_score: 344.22
ranking_my_rank: 83/504 (83.7%)
ranking_my_percent: 83.73015873015873
