ConfigName: krbf__advnormalizedfitness__M3__L24__eps0p025__g0p01__ds0p05__dm0p05
Problem: QUBO
Kernel: rbf
Advantage: normalizedfitness
M: 3
lambda: 24
epsilon_svgd: 0.025
gamma: 0.01
decay_start_ratio: 0.05
decay_min_factor: 0.05
bandwith_kernel: None
no_interact: False
avg_score: -198.33999633789062
median_score: -199.0
std_score: 13.628074645996094
percentiles: 2%=-224.0, 5%=-221.0500030517578, 10%=-218.10000610351562, 25%=-207.0, 50%=-199.0, 75%=-188.75, 90%=-178.89999389648438, 95%=-177.89999389648438, 98%=-175.94000244140625
ranking_best_algo: Tabu
ranking_best_score: 208.36000000000004
ranking_my_rank: 99/504 (80.6%)
ranking_my_percent: 80.55555555555556
