ConfigName: krbf__advnormalizedfitness__M3__L12__eps0p025__g0p01__ds0p15__dm0p01
Problem: QUBO
Kernel: rbf
Advantage: normalizedfitness
M: 3
lambda: 12
epsilon_svgd: 0.025
gamma: 0.01
decay_start_ratio: 0.15
decay_min_factor: 0.01
bandwith_kernel: None
no_interact: False
avg_score: -1535.97998046875
median_score: -1538.5
std_score: 89.49982452392578
percentiles: 2%=-1705.9000244140625, 5%=-1674.050048828125, 10%=-1655.300048828125, 25%=-1601.25, 50%=-1538.5, 75%=-1463.75, 90%=-1425.0, 95%=-1394.9000244140625, 98%=-1364.919921875
ranking_best_algo: NLOPT_LN_PRAXIS
ranking_best_score: 1607.12
ranking_my_rank: 57/504 (88.9%)
ranking_my_percent: 88.88888888888889
