ConfigName: krbf__advnormalizedfitness__M4__L8__eps0p033__g0p007__ds0p01__dm0p01
Problem: QUBO
Kernel: rbf
Advantage: normalizedfitness
M: 4
lambda: 8
epsilon_svgd: 0.033
gamma: 0.007
decay_start_ratio: 0.01
decay_min_factor: 0.01
bandwith_kernel: None
no_interact: False
avg_score: -2457.52001953125
median_score: -2455.0
std_score: 135.94635009765625
percentiles: 2%=-2775.52001953125, 5%=-2682.800048828125, 10%=-2632.5, 25%=-2543.75, 50%=-2455.0, 75%=-2355.5, 90%=-2287.39990234375, 95%=-2255.5, 98%=-2217.679931640625
ranking_best_algo: SVM1MetaModelLogNormal
ranking_best_score: 2605.14
ranking_my_rank: 81/504 (84.1%)
ranking_my_percent: 84.12698412698413
