ConfigName: kjsd__advperagentrankweighted__M4__L12__eps0p01__g0p0003__ds0p4__dm0p05
Problem: QUBO
Kernel: jsd
Advantage: peragentrankweighted
M: 4
lambda: 12
epsilon_svgd: 0.01
gamma: 0.0003
decay_start_ratio: 0.4
decay_min_factor: 0.05
bandwith_kernel: None
no_interact: False
avg_score: -1177.47998046875
median_score: -1178.0
std_score: 56.40948486328125
percentiles: 2%=-1295.1800537109375, 5%=-1285.25, 10%=-1243.0999755859375, 25%=-1213.25, 50%=-1178.0, 75%=-1141.5, 90%=-1112.0, 95%=-1081.949951171875, 98%=-1058.8599853515625
ranking_best_algo: Tabu
ranking_best_score: 1216.16
ranking_my_rank: 82/504 (83.9%)
ranking_my_percent: 83.92857142857143
