ConfigName: krbf__advnormalizedfitness__M4__L24__eps0p01__g0p0005__ds0p05__dm0p05
Problem: NK
Kernel: rbf
Advantage: normalizedfitness
M: 4
lambda: 24
epsilon_svgd: 0.01
gamma: 0.0005
decay_start_ratio: 0.05
decay_min_factor: 0.05
bandwith_kernel: None
no_interact: False
avg_score: 0.7066493034362793
median_score: 0.7063575983047485
std_score: 0.011915702372789383
percentiles: 2%=0.6860540509223938, 5%=0.6886357665061951, 10%=0.6920623779296875, 25%=0.6959949731826782, 50%=0.7063575983047485, 75%=0.7170581817626953, 90%=0.7217562198638916, 95%=0.7229810953140259, 98%=0.7244480848312378
ranking_best_algo: PBIL
ranking_best_score: 0.7013553837109374
ranking_my_rank: 1/504 (100.0%)
ranking_my_percent: 100.0
