ConfigName: krbf__advnormalizedfitness__M3__L12__eps0p033__g0p015__ds0p3__dm0p01
Problem: QUBO
Kernel: rbf
Advantage: normalizedfitness
M: 3
lambda: 12
epsilon_svgd: 0.033
gamma: 0.015
decay_start_ratio: 0.3
decay_min_factor: 0.01
bandwith_kernel: None
no_interact: False
avg_score: -1165.260009765625
median_score: -1158.5
std_score: 67.43257904052734
percentiles: 2%=-1309.52001953125, 5%=-1283.199951171875, 10%=-1262.5, 25%=-1205.0, 50%=-1158.5, 75%=-1117.75, 90%=-1080.9000244140625, 95%=-1066.9500732421875, 98%=-1036.8599853515625
ranking_best_algo: Tabu
ranking_best_score: 1216.16
ranking_my_rank: 95/504 (81.3%)
ranking_my_percent: 81.34920634920636
