ConfigName: kjsd__advperagentrankweighted__M5__L10__eps0p005__g0p0007__ds0p4__dm0p2
Problem: NK
Kernel: jsd
Advantage: peragentrankweighted
M: 5
lambda: 10
epsilon_svgd: 0.005
gamma: 0.0007
decay_start_ratio: 0.4
decay_min_factor: 0.2
bandwith_kernel: None
no_interact: False
avg_score: 0.7378074526786804
median_score: 0.7396692037582397
std_score: 0.009008754044771194
percentiles: 2%=0.7177146673202515, 5%=0.7200119495391846, 10%=0.7231385707855225, 25%=0.7339879274368286, 50%=0.7396692037582397, 75%=0.7444422245025635, 90%=0.7467074990272522, 95%=0.7502025365829468, 98%=0.7523399591445923
ranking_best_algo: PBIL
ranking_best_score: 0.730509098125
ranking_my_rank: 1/504 (100.0%)
ranking_my_percent: 100.0
