ConfigName: kfr__advglobalrankweighted__M4__L24__eps0p06__g0p007__ds0p01__dm0p01
Problem: QUBO
Kernel: fr
Advantage: globalrankweighted
M: 4
lambda: 24
epsilon_svgd: 0.06
gamma: 0.007
decay_start_ratio: 0.01
decay_min_factor: 0.01
bandwith_kernel: None
no_interact: False
avg_score: -441.260009765625
median_score: -442.5
std_score: 25.309532165527344
percentiles: 2%=-489.05999755859375, 5%=-485.0, 10%=-472.0, 25%=-461.0, 50%=-442.5, 75%=-422.75, 90%=-403.70001220703125, 95%=-398.95001220703125, 98%=-397.9800109863281
ranking_best_algo: CMApara
ranking_best_score: 453.82
ranking_my_rank: 12/504 (97.8%)
ranking_my_percent: 97.81746031746032
