ConfigName: kjsd__advperagentrankweighted__M3__L16__eps0p01__g0p003__ds0p05__dm0p1
Problem: QUBO
Kernel: jsd
Advantage: peragentrankweighted
M: 3
lambda: 16
epsilon_svgd: 0.01
gamma: 0.003
decay_start_ratio: 0.05
decay_min_factor: 0.1
bandwith_kernel: None
no_interact: False
avg_score: -2522.199951171875
median_score: -2506.5
std_score: 136.1563720703125
percentiles: 2%=-2788.43994140625, 5%=-2752.75, 10%=-2709.300048828125, 25%=-2613.25, 50%=-2506.5, 75%=-2425.5, 90%=-2361.699951171875, 95%=-2334.64990234375, 98%=-2293.159912109375
ranking_best_algo: SVM1MetaModelLogNormal
ranking_best_score: 2605.14
ranking_my_rank: 55/504 (89.3%)
ranking_my_percent: 89.28571428571429
