ConfigName: krbf__advnormalizedfitness__M4__L15__eps0p033__g0p01__ds0p15__dm0p01
Problem: QUBO
Kernel: rbf
Advantage: normalizedfitness
M: 4
lambda: 15
epsilon_svgd: 0.033
gamma: 0.01
decay_start_ratio: 0.15
decay_min_factor: 0.01
bandwith_kernel: None
no_interact: False
avg_score: -420.5
median_score: -419.0
std_score: 25.995960235595703
percentiles: 2%=-475.1600036621094, 5%=-473.0, 10%=-455.1000061035156, 25%=-434.75, 50%=-419.0, 75%=-403.0, 90%=-390.8999938964844, 95%=-380.95001220703125, 98%=-365.94000244140625
ranking_best_algo: CMAL3
ranking_best_score: 435.36
ranking_my_rank: 59/504 (88.5%)
ranking_my_percent: 88.4920634920635
