ConfigName: kjsd__advperagentrankweighted__M5__L8__eps0p005__g0p0007__ds0p2__dm0p05
Problem: NK
Kernel: jsd
Advantage: peragentrankweighted
M: 5
lambda: 8
epsilon_svgd: 0.005
gamma: 0.0007
decay_start_ratio: 0.2
decay_min_factor: 0.05
bandwith_kernel: None
no_interact: False
avg_score: 0.7077267169952393
median_score: 0.7094197869300842
std_score: 0.011630252934992313
percentiles: 2%=0.6879344582557678, 5%=0.6897971034049988, 10%=0.6935569047927856, 25%=0.6963858604431152, 50%=0.7094197869300842, 75%=0.7177965641021729, 90%=0.7215496301651001, 95%=0.722590446472168, 98%=0.7244351506233215
ranking_best_algo: PBIL
ranking_best_score: 0.7013553837109374
ranking_my_rank: 1/504 (100.0%)
ranking_my_percent: 100.0
