ConfigName: kfr__advglobalrankweighted__M3__L10__eps0p015__g0p007__ds0p01__dm0p01
Problem: QUBO
Kernel: fr
Advantage: globalrankweighted
M: 3
lambda: 10
epsilon_svgd: 0.015
gamma: 0.007
decay_start_ratio: 0.01
decay_min_factor: 0.01
bandwith_kernel: None
no_interact: False
avg_score: -1195.4599609375
median_score: -1187.0
std_score: 66.6297836303711
percentiles: 2%=-1343.3599853515625, 5%=-1301.5999755859375, 10%=-1291.0, 25%=-1235.25, 50%=-1187.0, 75%=-1142.75, 90%=-1124.800048828125, 95%=-1099.6500244140625, 98%=-1077.719970703125
ranking_best_algo: Tabu
ranking_best_score: 1216.16
ranking_my_rank: 48/504 (90.7%)
ranking_my_percent: 90.67460317460318
