ConfigName: kjsd__advperagentrankweighted__M5__L8__eps0p03__g0p0007__ds0p2__dm0p05
Problem: QUBO
Kernel: jsd
Advantage: peragentrankweighted
M: 5
lambda: 8
epsilon_svgd: 0.03
gamma: 0.0007
decay_start_ratio: 0.2
decay_min_factor: 0.05
bandwith_kernel: None
no_interact: False
avg_score: -427.3399963378906
median_score: -425.0
std_score: 25.07278060913086
percentiles: 2%=-477.0799865722656, 5%=-475.0, 10%=-463.20001220703125, 25%=-442.25, 50%=-425.0, 75%=-411.0, 90%=-395.8999938964844, 95%=-391.0, 98%=-380.9800109863281
ranking_best_algo: CMAL3
ranking_best_score: 435.36
ranking_my_rank: 19/504 (96.4%)
ranking_my_percent: 96.42857142857143
