ConfigName: krbf__advnormalizedfitness__M4__L12__eps0p033__g0p005__ds0p15__dm0p3
Problem: NK
Kernel: rbf
Advantage: normalizedfitness
M: 4
lambda: 12
epsilon_svgd: 0.033
gamma: 0.005
decay_start_ratio: 0.15
decay_min_factor: 0.3
bandwith_kernel: None
no_interact: False
avg_score: 0.7542176246643066
median_score: 0.7537890672683716
std_score: 0.013022634200751781
percentiles: 2%=0.7318065762519836, 5%=0.734218955039978, 10%=0.7362220287322998, 25%=0.7441387176513672, 50%=0.7537890672683716, 75%=0.7637344002723694, 90%=0.770664393901825, 95%=0.7780835032463074, 98%=0.7793566584587097
ranking_best_algo: Tabu
ranking_best_score: 0.7470791764843752
ranking_my_rank: 1/504 (100.0%)
ranking_my_percent: 100.0
