ConfigName: kjsd__advperagentrankweighted__M3__L18__eps0p005__g0p001__ds0p1__dm0p1
Problem: NK
Kernel: jsd
Advantage: peragentrankweighted
M: 3
lambda: 18
epsilon_svgd: 0.005
gamma: 0.001
decay_start_ratio: 0.1
decay_min_factor: 0.1
bandwith_kernel: None
no_interact: False
avg_score: 0.7579576969146729
median_score: 0.7572512030601501
std_score: 0.011426935903728008
percentiles: 2%=0.7378553748130798, 5%=0.7421665191650391, 10%=0.7440371513366699, 25%=0.7492205500602722, 50%=0.7572512030601501, 75%=0.7649486064910889, 90%=0.77372145652771, 95%=0.7779368758201599, 98%=0.7818394899368286
ranking_best_algo: Tabu
ranking_best_score: 0.7470791764843752
ranking_my_rank: 1/504 (100.0%)
ranking_my_percent: 100.0
