ConfigName: kjsd__advperagentrankweighted__M5__L10__eps0p03__g0p0003__ds0p05__dm0p05
Problem: QUBO
Kernel: jsd
Advantage: peragentrankweighted
M: 5
lambda: 10
epsilon_svgd: 0.03
gamma: 0.0003
decay_start_ratio: 0.05
decay_min_factor: 0.05
bandwith_kernel: None
no_interact: False
avg_score: -192.10000610351562
median_score: -192.0
std_score: 11.833426475524902
percentiles: 2%=-215.02000427246094, 5%=-211.14999389648438, 10%=-207.0, 25%=-201.0, 50%=-192.0, 75%=-183.0, 90%=-176.8000030517578, 95%=-172.0, 98%=-170.97999572753906
ranking_best_algo: Tabu
ranking_best_score: 208.36000000000004
ranking_my_rank: 228/504 (55.0%)
ranking_my_percent: 54.96031746031746
