ConfigName: kjsd__advperagentrankweighted__M3__L18__eps0p007__g0p0005__ds0p1__dm0p1
Problem: QUBO
Kernel: jsd
Advantage: peragentrankweighted
M: 3
lambda: 18
epsilon_svgd: 0.007
gamma: 0.0005
decay_start_ratio: 0.1
decay_min_factor: 0.1
bandwith_kernel: None
no_interact: False
avg_score: -3297.159912109375
median_score: -3304.0
std_score: 121.06219482421875
percentiles: 2%=-3518.719970703125, 5%=-3480.699951171875, 10%=-3447.10009765625, 25%=-3380.5, 50%=-3304.0, 75%=-3218.75, 90%=-3135.699951171875, 95%=-3111.550048828125, 98%=-3088.820068359375
ranking_best_algo: RLSOnePlusOne
ranking_best_score: 3316.5199999999995
ranking_my_rank: 3/504 (99.6%)
ranking_my_percent: 99.60317460317461
