ConfigName: kjsd__advperagentrankweighted__M3__L24__eps0p005__g0p001__ds0p05__dm0p2
Problem: NK
Kernel: jsd
Advantage: peragentrankweighted
M: 3
lambda: 24
epsilon_svgd: 0.005
gamma: 0.001
decay_start_ratio: 0.05
decay_min_factor: 0.2
bandwith_kernel: None
no_interact: False
avg_score: 0.7408832311630249
median_score: 0.7420746684074402
std_score: 0.01244231965392828
percentiles: 2%=0.71384596824646, 5%=0.7192485928535461, 10%=0.7233768105506897, 25%=0.7333020567893982, 50%=0.7420746684074402, 75%=0.7493610382080078, 90%=0.7564585208892822, 95%=0.7599383592605591, 98%=0.765272855758667
ranking_best_algo: PBIL
ranking_best_score: 0.733570253046875
ranking_my_rank: 1/504 (100.0%)
ranking_my_percent: 100.0
