ConfigName: kjsd__advperagentrankweighted__M5__L10__eps0p02__g0p0007__ds0p2__dm0p05
Problem: QUBO
Kernel: jsd
Advantage: peragentrankweighted
M: 5
lambda: 10
epsilon_svgd: 0.02
gamma: 0.0007
decay_start_ratio: 0.2
decay_min_factor: 0.05
bandwith_kernel: None
no_interact: False
avg_score: -1618.0999755859375
median_score: -1611.0
std_score: 58.627044677734375
percentiles: 2%=-1740.02001953125, 5%=-1718.5999755859375, 10%=-1701.199951171875, 25%=-1660.25, 50%=-1611.0, 75%=-1572.5, 90%=-1545.699951171875, 95%=-1529.699951171875, 98%=-1520.8199462890625
ranking_best_algo: NLOPT_LN_PRAXIS
ranking_best_score: 1607.12
ranking_my_rank: 1/504 (100.0%)
ranking_my_percent: 100.0
