ConfigName: kjsd__advperagentrankweighted__M4__L10__eps0p005__g0p0005__ds0p4__dm0p05
Problem: NK
Kernel: jsd
Advantage: peragentrankweighted
M: 4
lambda: 10
epsilon_svgd: 0.005
gamma: 0.0005
decay_start_ratio: 0.4
decay_min_factor: 0.05
bandwith_kernel: None
no_interact: False
avg_score: 0.7514669299125671
median_score: 0.7533770799636841
std_score: 0.015268842689692974
percentiles: 2%=0.7217819094657898, 5%=0.7262678742408752, 10%=0.7312049865722656, 25%=0.7401286959648132, 50%=0.7533770799636841, 75%=0.7625136971473694, 90%=0.7698050141334534, 95%=0.7714667916297913, 98%=0.7830500602722168
ranking_best_algo: Tabu
ranking_best_score: 0.7657846284375001
ranking_my_rank: 16/504 (97.0%)
ranking_my_percent: 97.02380952380952
