ConfigName: krbf__advnormalizedfitness__M4__L8__eps0p033__g0p005__ds0p01__dm0p01
Problem: QUBO
Kernel: rbf
Advantage: normalizedfitness
M: 4
lambda: 8
epsilon_svgd: 0.033
gamma: 0.005
decay_start_ratio: 0.01
decay_min_factor: 0.01
bandwith_kernel: None
no_interact: False
avg_score: -439.8800048828125
median_score: -441.5
std_score: 23.111589431762695
percentiles: 2%=-481.0799865722656, 5%=-479.1000061035156, 10%=-470.0, 25%=-455.0, 50%=-441.5, 75%=-424.75, 90%=-409.0, 95%=-400.8500061035156, 98%=-395.94000244140625
ranking_best_algo: CMApara
ranking_best_score: 453.82
ranking_my_rank: 16/504 (97.0%)
ranking_my_percent: 97.02380952380952
