Problem: QUBO
Kernel: hk
Advantage: peragentrankweighted
M: 3
lambda: 7
epsilon_svgd: 0.1
gamma: 0.05
bandwith_kernel: None
avg_score: -199.32000732421875
median_score: -199.0
std_score: 13.828145027160645
percentiles: 2%=-224.0, 5%=-224.0, 10%=-216.3000030517578, 25%=-209.0, 50%=-199.0, 75%=-190.0, 90%=-182.8000030517578, 95%=-172.95001220703125, 98%=-171.91998291015625
ranking_best_algo: Tabu
ranking_best_score: 208.36000000000004
ranking_my_rank: 86/505 (83.2%)
no_interact: false
