ConfigName: krbf__advnormalizedfitness__M4__L15__eps0p015__g0p007__ds0p3__dm0p3
Problem: QUBO
Kernel: rbf
Advantage: normalizedfitness
M: 4
lambda: 15
epsilon_svgd: 0.015
gamma: 0.007
decay_start_ratio: 0.3
decay_min_factor: 0.3
bandwith_kernel: None
no_interact: False
avg_score: -329.1000061035156
median_score: -330.5
std_score: 35.29915237426758
percentiles: 2%=-396.0, 5%=-385.1000061035156, 10%=-375.0, 25%=-355.25, 50%=-330.5, 75%=-300.75, 90%=-288.79998779296875, 95%=-279.8500061035156, 98%=-262.57989501953125
ranking_best_algo: CMApara
ranking_best_score: 453.82
ranking_my_rank: 335/504 (33.7%)
ranking_my_percent: 33.73015873015873
