ConfigName: kjsd__advperagentrankweighted__M4__L24__eps0p01__g0p0003__ds0p4__dm0p05
Problem: QUBO
Kernel: jsd
Advantage: peragentrankweighted
M: 4
lambda: 24
epsilon_svgd: 0.01
gamma: 0.0003
decay_start_ratio: 0.4
decay_min_factor: 0.05
bandwith_kernel: None
no_interact: False
avg_score: -1245.02001953125
median_score: -1240.0
std_score: 57.79255676269531
percentiles: 2%=-1368.52001953125, 5%=-1339.300048828125, 10%=-1325.0, 25%=-1281.75, 50%=-1240.0, 75%=-1197.0, 90%=-1174.9000244140625, 95%=-1164.9000244140625, 98%=-1150.8399658203125
ranking_best_algo: SVMMetaModelLogNormal
ranking_best_score: 1233.7999999999997
ranking_my_rank: 1/504 (100.0%)
ranking_my_percent: 100.0
