ConfigName: krbf__advnormalizedfitness__M2__L10__eps0p033__g0p01__ds0p01__dm0p01
Problem: QUBO
Kernel: rbf
Advantage: normalizedfitness
M: 2
lambda: 10
epsilon_svgd: 0.033
gamma: 0.01
decay_start_ratio: 0.01
decay_min_factor: 0.01
bandwith_kernel: None
no_interact: False
avg_score: -2613.5
median_score: -2612.0
std_score: 126.78197479248047
percentiles: 2%=-2831.780029296875, 5%=-2805.25, 10%=-2775.5, 25%=-2709.5, 50%=-2612.0, 75%=-2516.0, 90%=-2442.0, 95%=-2405.60009765625, 98%=-2384.320068359375
ranking_best_algo: DiscreteLengler2OnePlusOne
ranking_best_score: 2617.04
ranking_my_rank: 2/504 (99.8%)
ranking_my_percent: 99.8015873015873
