ConfigName: kjsd__advperagentrankweighted__M3__L30__eps0p005__g0p0005__ds0p1__dm0p05
Problem: QUBO
Kernel: jsd
Advantage: peragentrankweighted
M: 3
lambda: 30
epsilon_svgd: 0.005
gamma: 0.0005
decay_start_ratio: 0.1
decay_min_factor: 0.05
bandwith_kernel: None
no_interact: False
avg_score: -1251.3399658203125
median_score: -1243.0
std_score: 61.491336822509766
percentiles: 2%=-1378.260009765625, 5%=-1363.199951171875, 10%=-1327.4000244140625, 25%=-1286.5, 50%=-1243.0, 75%=-1208.5, 90%=-1180.199951171875, 95%=-1164.300048828125, 98%=-1134.97998046875
ranking_best_algo: SVMMetaModelLogNormal
ranking_best_score: 1233.7999999999997
ranking_my_rank: 1/504 (100.0%)
ranking_my_percent: 100.0
