ConfigName: kfr__advglobalrankweighted__M1__L9__eps0p015__g0p005__ds0p01__dm0p01
Problem: QUBO
Kernel: fr
Advantage: globalrankweighted
M: 1
lambda: 9
epsilon_svgd: 0.015
gamma: 0.005
decay_start_ratio: 0.01
decay_min_factor: 0.01
bandwith_kernel: None
no_interact: False
avg_score: -2522.639892578125
median_score: -2515.0
std_score: 132.89601135253906
percentiles: 2%=-2794.300048828125, 5%=-2738.300048828125, 10%=-2692.800048828125, 25%=-2619.25, 50%=-2515.0, 75%=-2422.5, 90%=-2356.89990234375, 95%=-2323.25, 98%=-2297.33984375
ranking_best_algo: SVM1MetaModelLogNormal
ranking_best_score: 2605.14
ranking_my_rank: 55/504 (89.3%)
ranking_my_percent: 89.28571428571429
