ConfigName: kfr__advglobalrankweighted__M4__L5__eps0p01__g0p005__ds0p01__dm0p01
Problem: NK
Kernel: fr
Advantage: globalrankweighted
M: 4
lambda: 5
epsilon_svgd: 0.01
gamma: 0.005
decay_start_ratio: 0.01
decay_min_factor: 0.01
bandwith_kernel: None
no_interact: False
avg_score: 0.7432035207748413
median_score: 0.7423931360244751
std_score: 0.013344604521989822
percentiles: 2%=0.7189369797706604, 5%=0.7227188348770142, 10%=0.7276254296302795, 25%=0.7336621284484863, 50%=0.7423931360244751, 75%=0.751001238822937, 90%=0.7593703269958496, 95%=0.7656599283218384, 98%=0.7716172337532043
ranking_best_algo: Tabu
ranking_best_score: 0.7601875690625
ranking_my_rank: 8/504 (98.6%)
ranking_my_percent: 98.61111111111111
