ConfigName: kjsd__advperagentrankweighted__M5__L8__eps0p005__g0p0007__ds0p05__dm0p05
Problem: NK
Kernel: jsd
Advantage: peragentrankweighted
M: 5
lambda: 8
epsilon_svgd: 0.005
gamma: 0.0007
decay_start_ratio: 0.05
decay_min_factor: 0.05
bandwith_kernel: None
no_interact: False
avg_score: 0.7407008409500122
median_score: 0.7398762702941895
std_score: 0.011950243264436722
percentiles: 2%=0.7183715105056763, 5%=0.7232437133789062, 10%=0.7267988920211792, 25%=0.7317657470703125, 50%=0.7398762702941895, 75%=0.7485927939414978, 90%=0.7551887035369873, 95%=0.7589965462684631, 98%=0.7698037624359131
ranking_best_algo: Tabu
ranking_best_score: 0.7601875690625
ranking_my_rank: 12/504 (97.8%)
ranking_my_percent: 97.81746031746032
