ConfigName: kjsd__advperagentrankweighted__M3__L16__eps0p005__g0p0007__ds0p1__dm0p05
Problem: QUBO
Kernel: jsd
Advantage: peragentrankweighted
M: 3
lambda: 16
epsilon_svgd: 0.005
gamma: 0.0007
decay_start_ratio: 0.1
decay_min_factor: 0.05
bandwith_kernel: None
no_interact: False
avg_score: -934.5800170898438
median_score: -931.0
std_score: 63.495540618896484
percentiles: 2%=-1074.0400390625, 5%=-1063.050048828125, 10%=-1020.0, 25%=-972.5, 50%=-931.0, 75%=-887.0, 90%=-857.7999877929688, 95%=-842.6500244140625, 98%=-824.760009765625
ranking_best_algo: CMApara
ranking_best_score: 964.9
ranking_my_rank: 16/504 (97.0%)
ranking_my_percent: 97.02380952380952
