ConfigName: kjsd__advperagentrankweighted__M4__L12__eps0p005__g0p0005__ds0p2__dm0p2
Problem: QUBO
Kernel: jsd
Advantage: peragentrankweighted
M: 4
lambda: 12
epsilon_svgd: 0.005
gamma: 0.0005
decay_start_ratio: 0.2
decay_min_factor: 0.2
bandwith_kernel: None
no_interact: False
avg_score: -414.05999755859375
median_score: -415.0
std_score: 25.082191467285156
percentiles: 2%=-473.0400085449219, 5%=-457.20001220703125, 10%=-448.1000061035156, 25%=-427.25, 50%=-415.0, 75%=-395.75, 90%=-381.6000061035156, 95%=-375.79998779296875, 98%=-367.9599914550781
ranking_best_algo: Tabu
ranking_best_score: 438.12
ranking_my_rank: 57/504 (88.9%)
ranking_my_percent: 88.88888888888889
