ConfigName: kjsd__advperagentrankweighted__M4__L10__eps0p008__g0p0005__ds0p05__dm0p05
Problem: QUBO
Kernel: jsd
Advantage: peragentrankweighted
M: 4
lambda: 10
epsilon_svgd: 0.008
gamma: 0.0005
decay_start_ratio: 0.05
decay_min_factor: 0.05
bandwith_kernel: None
no_interact: False
avg_score: -329.3599853515625
median_score: -334.5
std_score: 22.718942642211914
percentiles: 2%=-372.0, 5%=-361.54998779296875, 10%=-354.1000061035156, 25%=-342.0, 50%=-334.5, 75%=-316.5, 90%=-297.8999938964844, 95%=-292.0, 98%=-285.6400146484375
ranking_best_algo: CMApara
ranking_best_score: 344.22
ranking_my_rank: 81/504 (84.1%)
ranking_my_percent: 84.12698412698413
