ConfigName: krbf__advnormalizedfitness__M4__L15__eps0p025__g0p01__ds0p3__dm0p3
Problem: QUBO
Kernel: rbf
Advantage: normalizedfitness
M: 4
lambda: 15
epsilon_svgd: 0.025
gamma: 0.01
decay_start_ratio: 0.3
decay_min_factor: 0.3
bandwith_kernel: None
no_interact: False
avg_score: -639.3599853515625
median_score: -636.0
std_score: 81.9285659790039
percentiles: 2%=-823.2000122070312, 5%=-783.2000122070312, 10%=-758.7999877929688, 25%=-687.0, 50%=-636.0, 75%=-578.5, 90%=-536.9000244140625, 95%=-518.9000244140625, 98%=-510.8199462890625
ranking_best_algo: NLOPT_LN_PRAXIS
ranking_best_score: 1607.12
ranking_my_rank: 379/504 (25.0%)
ranking_my_percent: 25.0
