ConfigName: krbf__advnormalizedfitness__M3__L12__eps0p025__g0p007__ds0p15__dm0p01
Problem: NK
Kernel: rbf
Advantage: normalizedfitness
M: 3
lambda: 12
epsilon_svgd: 0.025
gamma: 0.007
decay_start_ratio: 0.15
decay_min_factor: 0.01
bandwith_kernel: None
no_interact: False
avg_score: 0.7450960278511047
median_score: 0.7422553300857544
std_score: 0.02840059995651245
percentiles: 2%=0.7056668996810913, 5%=0.7081383466720581, 10%=0.7125148773193359, 25%=0.7221882939338684, 50%=0.7422553300857544, 75%=0.7580187320709229, 90%=0.778337299823761, 95%=0.8109943270683289, 98%=0.8118547797203064
ranking_best_algo: CMApara
ranking_best_score: 0.7459277895312499
ranking_my_rank: 2/504 (99.8%)
ranking_my_percent: 99.8015873015873
