ConfigName: kjsd__advperagentrankweighted__M3__L16__eps0p01__g0p0007__ds0p2__dm0p05
Problem: NK
Kernel: jsd
Advantage: peragentrankweighted
M: 3
lambda: 16
epsilon_svgd: 0.01
gamma: 0.0007
decay_start_ratio: 0.2
decay_min_factor: 0.05
bandwith_kernel: None
no_interact: False
avg_score: 0.7062019109725952
median_score: 0.7070620656013489
std_score: 0.01182739157229662
percentiles: 2%=0.6854028105735779, 5%=0.6876147985458374, 10%=0.6899592280387878, 25%=0.695598840713501, 50%=0.7070620656013489, 75%=0.7165818810462952, 90%=0.7202127575874329, 95%=0.7212316393852234, 98%=0.7219856977462769
ranking_best_algo: PBIL
ranking_best_score: 0.7013553837109374
ranking_my_rank: 1/504 (100.0%)
ranking_my_percent: 100.0
