ConfigName: krbf__advnormalizedfitness__M4__L10__eps0p025__g0p01__ds0p01__dm0p3
Problem: QUBO
Kernel: rbf
Advantage: normalizedfitness
M: 4
lambda: 10
epsilon_svgd: 0.025
gamma: 0.01
decay_start_ratio: 0.01
decay_min_factor: 0.3
bandwith_kernel: None
no_interact: False
avg_score: -528.239990234375
median_score: -526.0
std_score: 42.16043472290039
percentiles: 2%=-627.0399780273438, 5%=-592.4500122070312, 10%=-583.2000122070312, 25%=-557.5, 50%=-526.0, 75%=-494.25, 90%=-473.8999938964844, 95%=-459.0, 98%=-456.8199462890625
ranking_best_algo: Tabu
ranking_best_score: 588.7199999999999
ranking_my_rank: 196/503 (61.2%)
ranking_my_percent: 61.232604373757454
