ConfigName: krbf__advnormalizedfitness__M3__L12__eps0p033__g0p01__ds0p3__dm0p3
Problem: QUBO
Kernel: rbf
Advantage: normalizedfitness
M: 3
lambda: 12
epsilon_svgd: 0.033
gamma: 0.01
decay_start_ratio: 0.3
decay_min_factor: 0.3
bandwith_kernel: None
no_interact: False
avg_score: -1468.0
median_score: -1453.5
std_score: 117.52131652832031
percentiles: 2%=-1682.260009765625, 5%=-1646.550048828125, 10%=-1628.9000244140625, 25%=-1560.75, 50%=-1453.5, 75%=-1375.0, 90%=-1310.699951171875, 95%=-1287.2501220703125, 98%=-1266.8399658203125
ranking_best_algo: NLOPT_LN_PRAXIS
ranking_best_score: 1607.12
ranking_my_rank: 85/504 (83.3%)
ranking_my_percent: 83.33333333333333
