ConfigName: krbf__advnormalizedfitness__M4__L12__eps0p015__g0p015__ds0p01__dm0p01
Problem: QUBO
Kernel: rbf
Advantage: normalizedfitness
M: 4
lambda: 12
epsilon_svgd: 0.015
gamma: 0.015
decay_start_ratio: 0.01
decay_min_factor: 0.01
bandwith_kernel: None
no_interact: False
avg_score: -1646.4000244140625
median_score: -1648.0
std_score: 149.69996643066406
percentiles: 2%=-1915.780029296875, 5%=-1889.25, 10%=-1847.5, 25%=-1761.75, 50%=-1648.0, 75%=-1531.25, 90%=-1471.800048828125, 95%=-1401.800048828125, 98%=-1375.5599365234375
ranking_best_algo: SVM1MetaModelLogNormal
ranking_best_score: 2605.14
ranking_my_rank: 324/504 (35.9%)
ranking_my_percent: 35.91269841269841
