ConfigName: kjsd__advperagentrankweighted__M3__L20__eps0p005__g0p001__ds0p1__dm0p05
Problem: NK
Kernel: jsd
Advantage: peragentrankweighted
M: 3
lambda: 20
epsilon_svgd: 0.005
gamma: 0.001
decay_start_ratio: 0.1
decay_min_factor: 0.05
bandwith_kernel: None
no_interact: False
avg_score: 0.7571708559989929
median_score: 0.7580360174179077
std_score: 0.01249147579073906
percentiles: 2%=0.7330393195152283, 5%=0.7342954277992249, 10%=0.7403567433357239, 25%=0.7485988140106201, 50%=0.7580360174179077, 75%=0.7655611038208008, 90%=0.7745738625526428, 95%=0.7770875096321106, 98%=0.7789672017097473
ranking_best_algo: Tabu
ranking_best_score: 0.7470791764843752
ranking_my_rank: 1/504 (100.0%)
ranking_my_percent: 100.0
