ConfigName: krbf__advnormalizedfitness__M1__L10__eps0p015__g0p005__ds0p3__dm0p3
Problem: QUBO
Kernel: rbf
Advantage: normalizedfitness
M: 1
lambda: 10
epsilon_svgd: 0.015
gamma: 0.005
decay_start_ratio: 0.3
decay_min_factor: 0.3
bandwith_kernel: None
no_interact: False
avg_score: -906.260009765625
median_score: -894.0
std_score: 82.83641815185547
percentiles: 2%=-1072.0400390625, 5%=-1061.3499755859375, 10%=-1020.5, 25%=-960.75, 50%=-894.0, 75%=-845.5, 90%=-810.7999877929688, 95%=-778.300048828125, 98%=-756.9400024414062
ranking_best_algo: CMApara
ranking_best_score: 964.9
ranking_my_rank: 102/504 (80.0%)
ranking_my_percent: 79.96031746031746
