ConfigName: kjsd__advperagentrankweighted__M3__L18__eps0p005__g0p001__ds0p05__dm0p1
Problem: QUBO
Kernel: jsd
Advantage: peragentrankweighted
M: 3
lambda: 18
epsilon_svgd: 0.005
gamma: 0.001
decay_start_ratio: 0.05
decay_min_factor: 0.1
bandwith_kernel: None
no_interact: False
avg_score: -1234.719970703125
median_score: -1218.5
std_score: 63.44778823852539
percentiles: 2%=-1359.02001953125, 5%=-1350.0999755859375, 10%=-1331.0, 25%=-1277.25, 50%=-1218.5, 75%=-1192.5, 90%=-1159.9000244140625, 95%=-1139.75, 98%=-1116.780029296875
ranking_best_algo: SVMMetaModelLogNormal
ranking_best_score: 1233.7999999999997
ranking_my_rank: 1/504 (100.0%)
ranking_my_percent: 100.0
