ConfigName: kfr__advglobalrankweighted__M4__L5__eps0p01__g0p003__ds0p01__dm0p01
Problem: NK
Kernel: fr
Advantage: globalrankweighted
M: 4
lambda: 5
epsilon_svgd: 0.01
gamma: 0.003
decay_start_ratio: 0.01
decay_min_factor: 0.01
bandwith_kernel: None
no_interact: False
avg_score: 0.7393540740013123
median_score: 0.7406613230705261
std_score: 0.0090502193197608
percentiles: 2%=0.7196342349052429, 5%=0.7223740816116333, 10%=0.725791335105896, 25%=0.7342912554740906, 50%=0.7406613230705261, 75%=0.7456496953964233, 90%=0.7508362531661987, 95%=0.7532691359519958, 98%=0.7539433240890503
ranking_best_algo: PBIL
ranking_best_score: 0.730509098125
ranking_my_rank: 1/504 (100.0%)
ranking_my_percent: 100.0
