ConfigName: kjsd__advperagentrankweighted__M4__L12__eps0p02__g0p0007__ds0p05__dm0p05
Problem: NK
Kernel: jsd
Advantage: peragentrankweighted
M: 4
lambda: 12
epsilon_svgd: 0.02
gamma: 0.0007
decay_start_ratio: 0.05
decay_min_factor: 0.05
bandwith_kernel: None
no_interact: False
avg_score: 0.7341270446777344
median_score: 0.7357328534126282
std_score: 0.009608053602278233
percentiles: 2%=0.7136237025260925, 5%=0.7149873375892639, 10%=0.7183347344398499, 25%=0.7294110059738159, 50%=0.7357328534126282, 75%=0.7401959896087646, 90%=0.7452083826065063, 95%=0.7471309900283813, 98%=0.7481705546379089
ranking_best_algo: PBIL
ranking_best_score: 0.730509098125
ranking_my_rank: 1/504 (100.0%)
ranking_my_percent: 100.0
