ConfigName: kjsd__advperagentrankweighted__M3__L16__eps0p005__g0p0007__ds0p2__dm0p2
Problem: NK
Kernel: jsd
Advantage: peragentrankweighted
M: 3
lambda: 16
epsilon_svgd: 0.005
gamma: 0.0007
decay_start_ratio: 0.2
decay_min_factor: 0.2
bandwith_kernel: None
no_interact: False
avg_score: 0.7337384819984436
median_score: 0.7342991828918457
std_score: 0.01045167539268732
percentiles: 2%=0.7146356105804443, 5%=0.7186610698699951, 10%=0.7199852466583252, 25%=0.7276307344436646, 50%=0.7342991828918457, 75%=0.7403706908226013, 90%=0.7466617822647095, 95%=0.7523314356803894, 98%=0.7531738877296448
ranking_best_algo: Tabu
ranking_best_score: 0.7429702712499999
ranking_my_rank: 2/504 (99.8%)
ranking_my_percent: 99.8015873015873
