ConfigName: krbf__advnormalizedfitness__M4__L10__eps0p02__g0p001__ds0p05__dm0p05
Problem: NK
Kernel: rbf
Advantage: normalizedfitness
M: 4
lambda: 10
epsilon_svgd: 0.02
gamma: 0.001
decay_start_ratio: 0.05
decay_min_factor: 0.05
bandwith_kernel: None
no_interact: False
avg_score: 0.7034826874732971
median_score: 0.7026191353797913
std_score: 0.01272906269878149
percentiles: 2%=0.681334912776947, 5%=0.6836433410644531, 10%=0.6873316168785095, 25%=0.6922650933265686, 50%=0.7026191353797913, 75%=0.7154010534286499, 90%=0.719101071357727, 95%=0.720426082611084, 98%=0.7221176624298096
ranking_best_algo: PBIL
ranking_best_score: 0.7013553837109374
ranking_my_rank: 1/504 (100.0%)
ranking_my_percent: 100.0
