ConfigName: krbf__advnormalizedfitness__M2__L8__eps0p025__g0p005__ds0p01__dm0p3
Problem: NK
Kernel: rbf
Advantage: normalizedfitness
M: 2
lambda: 8
epsilon_svgd: 0.025
gamma: 0.005
decay_start_ratio: 0.01
decay_min_factor: 0.3
bandwith_kernel: None
no_interact: False
avg_score: 0.7449400424957275
median_score: 0.747542142868042
std_score: 0.014720745384693146
percentiles: 2%=0.7129084467887878, 5%=0.7202103137969971, 10%=0.7249806523323059, 25%=0.7344638705253601, 50%=0.747542142868042, 75%=0.7560634613037109, 90%=0.7623379230499268, 95%=0.7655004858970642, 98%=0.7706934809684753
ranking_best_algo: Tabu
ranking_best_score: 0.7657846284375001
ranking_my_rank: 43/504 (91.7%)
ranking_my_percent: 91.66666666666667
