ConfigName: krbf__advnormalizedfitness__M1__L8__eps0p033__g0p005__ds0p3__dm0p3
Problem: QUBO
Kernel: rbf
Advantage: normalizedfitness
M: 1
lambda: 8
epsilon_svgd: 0.033
gamma: 0.005
decay_start_ratio: 0.3
decay_min_factor: 0.3
bandwith_kernel: None
no_interact: False
avg_score: -1222.8399658203125
median_score: -1232.0
std_score: 140.3513946533203
percentiles: 2%=-1398.1400146484375, 5%=-1363.0999755859375, 10%=-1333.0999755859375, 25%=-1288.5, 50%=-1232.0, 75%=-1177.75, 90%=-1139.699951171875, 95%=-1104.2000732421875, 98%=-1027.3592529296875
ranking_best_algo: BigLognormalDiscreteOnePlusOne
ranking_best_score: 1301.3600000000004
ranking_my_rank: 71/504 (86.1%)
ranking_my_percent: 86.11111111111111
