ConfigName: kjsd__advperagentrankweighted__M5__L10__eps0p005__g0p0005__ds0p2__dm0p05
Problem: NK
Kernel: jsd
Advantage: peragentrankweighted
M: 5
lambda: 10
epsilon_svgd: 0.005
gamma: 0.0005
decay_start_ratio: 0.2
decay_min_factor: 0.05
bandwith_kernel: None
no_interact: False
avg_score: 0.7568286061286926
median_score: 0.7553167343139648
std_score: 0.012583363801240921
percentiles: 2%=0.7326871752738953, 5%=0.736961841583252, 10%=0.7403071522712708, 25%=0.7494689226150513, 50%=0.7553167343139648, 75%=0.7652864456176758, 90%=0.7753217816352844, 95%=0.7786455750465393, 98%=0.7797458171844482
ranking_best_algo: Tabu
ranking_best_score: 0.7470791764843752
ranking_my_rank: 1/504 (100.0%)
ranking_my_percent: 100.0
