ConfigName: krbf__advnormalizedfitness__M3__L8__eps0p015__g0p015__ds0p15__dm0p01
Problem: NK
Kernel: rbf
Advantage: normalizedfitness
M: 3
lambda: 8
epsilon_svgd: 0.015
gamma: 0.015
decay_start_ratio: 0.15
decay_min_factor: 0.01
bandwith_kernel: None
no_interact: False
avg_score: 0.6592331528663635
median_score: 0.658571183681488
std_score: 0.023182040080428123
percentiles: 2%=0.6214740872383118, 5%=0.6268100142478943, 10%=0.6306793689727783, 25%=0.6404855251312256, 50%=0.658571183681488, 75%=0.6763805150985718, 90%=0.6919581890106201, 95%=0.6997489333152771, 98%=0.7070413827896118
ranking_best_algo: Tabu
ranking_best_score: 0.7429702712499999
ranking_my_rank: 318/504 (37.1%)
ranking_my_percent: 37.1031746031746
