ConfigName: kjsd__advperagentrankweighted__M4__L10__eps0p03__g0p0003__ds0p05__dm0p05
Problem: NK
Kernel: jsd
Advantage: peragentrankweighted
M: 4
lambda: 10
epsilon_svgd: 0.03
gamma: 0.0003
decay_start_ratio: 0.05
decay_min_factor: 0.05
bandwith_kernel: None
no_interact: False
avg_score: 0.7268090844154358
median_score: 0.7263511419296265
std_score: 0.011579690501093864
percentiles: 2%=0.7047829031944275, 5%=0.7089465260505676, 10%=0.7117047309875488, 25%=0.7193865180015564, 50%=0.7263511419296265, 75%=0.7336709499359131, 90%=0.7424626350402832, 95%=0.7445414066314697, 98%=0.7493832111358643
ranking_best_algo: Tabu
ranking_best_score: 0.7470791764843752
ranking_my_rank: 109/504 (78.6%)
ranking_my_percent: 78.57142857142857
