ConfigName: kjsd__advperagentrankweighted__M5__L8__eps0p01__g0p0005__ds0p2__dm0p05
Problem: NK
Kernel: jsd
Advantage: peragentrankweighted
M: 5
lambda: 8
epsilon_svgd: 0.01
gamma: 0.0005
decay_start_ratio: 0.2
decay_min_factor: 0.05
bandwith_kernel: None
no_interact: False
avg_score: 0.7325657606124878
median_score: 0.732720136642456
std_score: 0.008769945241510868
percentiles: 2%=0.7139542698860168, 5%=0.7158432006835938, 10%=0.7194303870201111, 25%=0.7277153134346008, 50%=0.732720136642456, 75%=0.7398369312286377, 90%=0.7427597045898438, 95%=0.7454058527946472, 98%=0.7467313408851624
ranking_best_algo: PBIL
ranking_best_score: 0.7248786399609374
ranking_my_rank: 1/504 (100.0%)
ranking_my_percent: 100.0
