ConfigName: krbf__advnormalizedfitness__M2__L8__eps0p025__g0p005__ds0p01__dm0p3
Problem: QUBO
Kernel: rbf
Advantage: normalizedfitness
M: 2
lambda: 8
epsilon_svgd: 0.025
gamma: 0.005
decay_start_ratio: 0.01
decay_min_factor: 0.3
bandwith_kernel: None
no_interact: False
avg_score: -1593.06005859375
median_score: -1592.0
std_score: 63.815486907958984
percentiles: 2%=-1729.280029296875, 5%=-1695.1500244140625, 10%=-1674.199951171875, 25%=-1629.25, 50%=-1592.0, 75%=-1554.25, 90%=-1516.0, 95%=-1494.699951171875, 98%=-1472.5999755859375
ranking_best_algo: NLOPT_LN_PRAXIS
ranking_best_score: 1607.12
ranking_my_rank: 38/504 (92.7%)
ranking_my_percent: 92.65873015873017
