ConfigName: krbf__advglobalrankweighted__M4__L11__eps0p015__g0p003__ds0p01__dm0p01
Problem: QUBO
Kernel: rbf
Advantage: globalrankweighted
M: 4
lambda: 11
epsilon_svgd: 0.015
gamma: 0.003
decay_start_ratio: 0.01
decay_min_factor: 0.01
bandwith_kernel: None
no_interact: False
avg_score: -574.9199829101562
median_score: -572.5
std_score: 27.641157150268555
percentiles: 2%=-628.02001953125, 5%=-621.1500244140625, 10%=-611.0, 25%=-593.5, 50%=-572.5, 75%=-556.75, 90%=-538.9000244140625, 95%=-533.8500366210938, 98%=-525.699951171875
ranking_best_algo: Tabu
ranking_best_score: 588.7199999999999
ranking_my_rank: 57/503 (88.9%)
ranking_my_percent: 88.86679920477137
