ConfigName: kjsd__advperagentrankweighted__M5__L8__eps0p005__g0p003__ds0p4__dm0p2
Problem: NK
Kernel: jsd
Advantage: peragentrankweighted
M: 5
lambda: 8
epsilon_svgd: 0.005
gamma: 0.003
decay_start_ratio: 0.4
decay_min_factor: 0.2
bandwith_kernel: None
no_interact: False
avg_score: 0.6909767389297485
median_score: 0.6908684968948364
std_score: 0.01164100132882595
percentiles: 2%=0.670901358127594, 5%=0.6726199984550476, 10%=0.6748040318489075, 25%=0.6820335984230042, 50%=0.6908684968948364, 75%=0.6986032724380493, 90%=0.7074209451675415, 95%=0.7108986377716064, 98%=0.7121068835258484
ranking_best_algo: PBIL
ranking_best_score: 0.7248786399609374
ranking_my_rank: 138/504 (72.8%)
ranking_my_percent: 72.81746031746032
