ConfigName: kjsd__advperagentrankweighted__M4__L24__eps0p005__g0p0005__ds0p2__dm0p05
Problem: QUBO
Kernel: jsd
Advantage: peragentrankweighted
M: 4
lambda: 24
epsilon_svgd: 0.005
gamma: 0.0005
decay_start_ratio: 0.2
decay_min_factor: 0.05
bandwith_kernel: None
no_interact: False
avg_score: -2538.9599609375
median_score: -2519.5
std_score: 132.273193359375
percentiles: 2%=-2819.52001953125, 5%=-2763.449951171875, 10%=-2723.800048828125, 25%=-2639.5, 50%=-2519.5, 75%=-2441.5, 90%=-2378.0, 95%=-2355.60009765625, 98%=-2333.840087890625
ranking_best_algo: SVM1MetaModelLogNormal
ranking_best_score: 2605.14
ranking_my_rank: 44/504 (91.5%)
ranking_my_percent: 91.46825396825396
