ConfigName: kfr__advglobalrankweighted__M3__L9__eps0p02__g0p007__ds0p01__dm0p01
Problem: QUBO
Kernel: fr
Advantage: globalrankweighted
M: 3
lambda: 9
epsilon_svgd: 0.02
gamma: 0.007
decay_start_ratio: 0.01
decay_min_factor: 0.01
bandwith_kernel: None
no_interact: False
avg_score: -412.6400146484375
median_score: -414.0
std_score: 27.218198776245117
percentiles: 2%=-473.0400085449219, 5%=-454.8500061035156, 10%=-447.20001220703125, 25%=-428.0, 50%=-414.0, 75%=-392.25, 90%=-377.6000061035156, 95%=-369.9000244140625, 98%=-363.8399658203125
ranking_best_algo: Tabu
ranking_best_score: 438.12
ranking_my_rank: 66/504 (87.1%)
ranking_my_percent: 87.10317460317461
