ConfigName: kjsd__advperagentrankweighted__M4__L12__eps0p03__g0p0003__ds0p05__dm0p05
Problem: QUBO
Kernel: jsd
Advantage: peragentrankweighted
M: 4
lambda: 12
epsilon_svgd: 0.03
gamma: 0.0003
decay_start_ratio: 0.05
decay_min_factor: 0.05
bandwith_kernel: None
no_interact: False
avg_score: -145.82000732421875
median_score: -146.0
std_score: 13.823443412780762
percentiles: 2%=-179.0, 5%=-175.1999969482422, 10%=-160.0, 25%=-154.0, 50%=-146.0, 75%=-138.0, 90%=-129.0, 95%=-126.69999694824219, 98%=-113.9800033569336
ranking_best_algo: CMApara
ranking_best_score: 154.28
ranking_my_rank: 135/504 (73.4%)
ranking_my_percent: 73.41269841269842
