ConfigName: krbf__advnormalizedfitness__M5__L8__eps0p025__g0p005__ds0p05__dm0p05
Problem: NK
Kernel: rbf
Advantage: normalizedfitness
M: 5
lambda: 8
epsilon_svgd: 0.025
gamma: 0.005
decay_start_ratio: 0.05
decay_min_factor: 0.05
bandwith_kernel: None
no_interact: False
avg_score: 0.7564345598220825
median_score: 0.7579156160354614
std_score: 0.01209207158535719
percentiles: 2%=0.7262332439422607, 5%=0.7354171276092529, 10%=0.7394035458564758, 25%=0.7498688101768494, 50%=0.7579156160354614, 75%=0.7650150656700134, 90%=0.7699947357177734, 95%=0.7726409435272217, 98%=0.7776007056236267
ranking_best_algo: Tabu
ranking_best_score: 0.7657846284375001
ranking_my_rank: 3/504 (99.6%)
ranking_my_percent: 99.60317460317461
