ConfigName: kjsd__advperagentrankweighted__M6__L8__eps0p03__g0p0005__ds0p2__dm0p05
Problem: QUBO
Kernel: jsd
Advantage: peragentrankweighted
M: 6
lambda: 8
epsilon_svgd: 0.03
gamma: 0.0005
decay_start_ratio: 0.2
decay_min_factor: 0.05
bandwith_kernel: None
no_interact: False
avg_score: -306.3800048828125
median_score: -307.0
std_score: 37.66398620605469
percentiles: 2%=-388.0, 5%=-384.0, 10%=-354.0, 25%=-328.0, 50%=-307.0, 75%=-275.25, 90%=-263.8999938964844, 95%=-258.95001220703125, 98%=-248.94000244140625
ranking_best_algo: CMApara
ranking_best_score: 319.29999999999995
ranking_my_rank: 113/504 (77.8%)
ranking_my_percent: 77.77777777777777
