ConfigName: kjsd__advperagentrankweighted__M3__L16__eps0p01__g0p0007__ds0p05__dm0p2
Problem: QUBO
Kernel: jsd
Advantage: peragentrankweighted
M: 3
lambda: 16
epsilon_svgd: 0.01
gamma: 0.0007
decay_start_ratio: 0.05
decay_min_factor: 0.2
bandwith_kernel: None
no_interact: False
avg_score: -3295.52001953125
median_score: -3302.0
std_score: 123.23006439208984
percentiles: 2%=-3518.419921875, 5%=-3510.050048828125, 10%=-3462.199951171875, 25%=-3376.0, 50%=-3302.0, 75%=-3215.75, 90%=-3127.89990234375, 95%=-3088.949951171875, 98%=-3067.639892578125
ranking_best_algo: RLSOnePlusOne
ranking_best_score: 3316.5199999999995
ranking_my_rank: 3/504 (99.6%)
ranking_my_percent: 99.60317460317461
