ConfigName: kfr__advglobalrankweighted__M2__L7__eps0p01__g0p003__ds0p01__dm0p01
Problem: QUBO
Kernel: fr
Advantage: globalrankweighted
M: 2
lambda: 7
epsilon_svgd: 0.01
gamma: 0.003
decay_start_ratio: 0.01
decay_min_factor: 0.01
bandwith_kernel: None
no_interact: False
avg_score: -403.6400146484375
median_score: -400.0
std_score: 29.971158981323242
percentiles: 2%=-475.1600036621094, 5%=-467.29998779296875, 10%=-433.3999938964844, 25%=-421.25, 50%=-400.0, 75%=-386.0, 90%=-367.79998779296875, 95%=-354.0, 98%=-343.91998291015625
ranking_best_algo: Tabu
ranking_best_score: 438.12
ranking_my_rank: 215/504 (57.5%)
ranking_my_percent: 57.53968253968254
