ConfigName: kjsd__advperagentrankweighted__M3__L24__eps0p007__g0p0005__ds0p05__dm0p1
Problem: NK
Kernel: jsd
Advantage: peragentrankweighted
M: 3
lambda: 24
epsilon_svgd: 0.007
gamma: 0.0005
decay_start_ratio: 0.05
decay_min_factor: 0.1
bandwith_kernel: None
no_interact: False
avg_score: 0.7219782471656799
median_score: 0.7206639647483826
std_score: 0.008369652554392815
percentiles: 2%=0.7059159874916077, 5%=0.7083081007003784, 10%=0.7127217650413513, 25%=0.716647744178772, 50%=0.7206639647483826, 75%=0.7269787192344666, 90%=0.732369601726532, 95%=0.7355350255966187, 98%=0.7436206340789795
ranking_best_algo: PBIL
ranking_best_score: 0.7170882103515624
ranking_my_rank: 1/504 (100.0%)
ranking_my_percent: 100.0
