ConfigName: krbf__advnormalizedfitness__M3__L12__eps0p025__g0p007__ds0p3__dm0p3
Problem: QUBO
Kernel: rbf
Advantage: normalizedfitness
M: 3
lambda: 12
epsilon_svgd: 0.025
gamma: 0.007
decay_start_ratio: 0.3
decay_min_factor: 0.3
bandwith_kernel: None
no_interact: False
avg_score: -441.1000061035156
median_score: -442.0
std_score: 26.0482234954834
percentiles: 2%=-489.05999755859375, 5%=-482.0, 10%=-472.1000061035156, 25%=-459.25, 50%=-442.0, 75%=-419.75, 90%=-405.70001220703125, 95%=-394.9000244140625, 98%=-389.91998291015625
ranking_best_algo: CMApara
ranking_best_score: 453.82
ranking_my_rank: 12/504 (97.8%)
ranking_my_percent: 97.81746031746032
