ConfigName: krbf__advnormalizedfitness__M1__L8__eps0p033__g0p01__ds0p3__dm0p3
Problem: QUBO
Kernel: rbf
Advantage: normalizedfitness
M: 1
lambda: 8
epsilon_svgd: 0.033
gamma: 0.01
decay_start_ratio: 0.3
decay_min_factor: 0.3
bandwith_kernel: None
no_interact: False
avg_score: -904.3200073242188
median_score: -894.0
std_score: 68.45551300048828
percentiles: 2%=-1041.06005859375, 5%=-1033.1500244140625, 10%=-991.7999877929688, 25%=-954.25, 50%=-894.0, 75%=-857.0, 90%=-820.0, 95%=-798.7000122070312, 98%=-779.0
ranking_best_algo: CMApara
ranking_best_score: 964.9
ranking_my_rank: 104/504 (79.6%)
ranking_my_percent: 79.56349206349206
