ConfigName: kjsd__advperagentrankweighted__M3__L20__eps0p005__g0p003__ds0p05__dm0p05
Problem: NK
Kernel: jsd
Advantage: peragentrankweighted
M: 3
lambda: 20
epsilon_svgd: 0.005
gamma: 0.003
decay_start_ratio: 0.05
decay_min_factor: 0.05
bandwith_kernel: None
no_interact: False
avg_score: 0.5997022390365601
median_score: 0.5971317887306213
std_score: 0.012990890070796013
percentiles: 2%=0.5830013751983643, 5%=0.5842210054397583, 10%=0.5864890813827515, 25%=0.5900834798812866, 50%=0.5971317887306213, 75%=0.6065148115158081, 90%=0.6153442859649658, 95%=0.6215989589691162, 98%=0.6285893321037292
ranking_best_algo: PBIL
ranking_best_score: 0.7170882103515624
ranking_my_rank: 360/504 (28.8%)
ranking_my_percent: 28.76984126984127
