ConfigName: kjsd__advperagentrankweighted__M3__L24__eps0p007__g0p001__ds0p05__dm0p05
Problem: QUBO
Kernel: jsd
Advantage: peragentrankweighted
M: 3
lambda: 24
epsilon_svgd: 0.007
gamma: 0.001
decay_start_ratio: 0.05
decay_min_factor: 0.05
bandwith_kernel: None
no_interact: False
avg_score: -1235.5
median_score: -1229.0
std_score: 71.03471374511719
percentiles: 2%=-1374.02001953125, 5%=-1365.0, 10%=-1326.0999755859375, 25%=-1278.0, 50%=-1229.0, 75%=-1190.25, 90%=-1146.5999755859375, 95%=-1128.9000244140625, 98%=-1110.9200439453125
ranking_best_algo: SVMMetaModelLogNormal
ranking_best_score: 1233.7999999999997
ranking_my_rank: 1/504 (100.0%)
ranking_my_percent: 100.0
