ConfigName: kjsd__advperagentrankweighted__M3__L18__eps0p005__g0p0005__ds0p1__dm0p05
Problem: QUBO
Kernel: jsd
Advantage: peragentrankweighted
M: 3
lambda: 18
epsilon_svgd: 0.005
gamma: 0.0005
decay_start_ratio: 0.1
decay_min_factor: 0.05
bandwith_kernel: None
no_interact: False
avg_score: -307.760009765625
median_score: -302.0
std_score: 40.155975341796875
percentiles: 2%=-396.0400085449219, 5%=-388.1000061035156, 10%=-359.79998779296875, 25%=-334.0, 50%=-302.0, 75%=-273.0, 90%=-265.79998779296875, 95%=-255.89999389648438, 98%=-249.83999633789062
ranking_best_algo: CMApara
ranking_best_score: 319.29999999999995
ranking_my_rank: 95/504 (81.3%)
ranking_my_percent: 81.34920634920636
