ConfigName: kfr__advglobalrankweighted__M1__L7__eps0p02__g0p003__ds0p01__dm0p01
Problem: QUBO
Kernel: fr
Advantage: globalrankweighted
M: 1
lambda: 7
epsilon_svgd: 0.02
gamma: 0.003
decay_start_ratio: 0.01
decay_min_factor: 0.01
bandwith_kernel: None
no_interact: False
avg_score: -1072.219970703125
median_score: -1066.5
std_score: 66.99859619140625
percentiles: 2%=-1204.9400634765625, 5%=-1181.4000244140625, 10%=-1148.0999755859375, 25%=-1121.5, 50%=-1066.5, 75%=-1019.0, 90%=-985.9000244140625, 95%=-976.800048828125, 98%=-960.5798950195312
ranking_best_algo: Tabu
ranking_best_score: 1216.16
ranking_my_rank: 225/504 (55.6%)
ranking_my_percent: 55.55555555555556
