ConfigName: kjsd__advperagentrankweighted__M3__L30__eps0p005__g0p0005__ds0p05__dm0p2
Problem: NK
Kernel: jsd
Advantage: peragentrankweighted
M: 3
lambda: 30
epsilon_svgd: 0.005
gamma: 0.0005
decay_start_ratio: 0.05
decay_min_factor: 0.2
bandwith_kernel: None
no_interact: False
avg_score: 0.7466981410980225
median_score: 0.7466200590133667
std_score: 0.010272843763232231
percentiles: 2%=0.7271013259887695, 5%=0.728915274143219, 10%=0.7350359559059143, 25%=0.7402548789978027, 50%=0.7466200590133667, 75%=0.7525078654289246, 90%=0.7601475119590759, 95%=0.7654234766960144, 98%=0.7660987973213196
ranking_best_algo: PBIL
ranking_best_score: 0.733570253046875
ranking_my_rank: 1/504 (100.0%)
ranking_my_percent: 100.0
