ConfigName: kjsd__advperagentrankweighted__M4__L20__eps0p005__g0p001__ds0p1__dm0p2
Problem: QUBO
Kernel: jsd
Advantage: peragentrankweighted
M: 4
lambda: 20
epsilon_svgd: 0.005
gamma: 0.001
decay_start_ratio: 0.1
decay_min_factor: 0.2
bandwith_kernel: None
no_interact: False
avg_score: -1484.97998046875
median_score: -1492.0
std_score: 91.21720886230469
percentiles: 2%=-1655.239990234375, 5%=-1616.25, 10%=-1606.5999755859375, 25%=-1557.0, 50%=-1492.0, 75%=-1414.0, 90%=-1365.800048828125, 95%=-1340.9000244140625, 98%=-1313.9000244140625
ranking_best_algo: NLOPT_LN_PRAXIS
ranking_best_score: 1607.12
ranking_my_rank: 83/504 (83.7%)
ranking_my_percent: 83.73015873015873
