ConfigName: krbf__advnormalizedfitness__M2__L10__eps0p025__g0p007__ds0p01__dm0p3
Problem: QUBO
Kernel: rbf
Advantage: normalizedfitness
M: 2
lambda: 10
epsilon_svgd: 0.025
gamma: 0.007
decay_start_ratio: 0.01
decay_min_factor: 0.3
bandwith_kernel: None
no_interact: False
avg_score: -1230.1800537109375
median_score: -1218.5
std_score: 59.612308502197266
percentiles: 2%=-1372.02001953125, 5%=-1327.449951171875, 10%=-1309.5999755859375, 25%=-1275.0, 50%=-1218.5, 75%=-1188.5, 90%=-1165.800048828125, 95%=-1136.699951171875, 98%=-1125.0
ranking_best_algo: SVMMetaModelLogNormal
ranking_best_score: 1233.7999999999997
ranking_my_rank: 12/504 (97.8%)
ranking_my_percent: 97.81746031746032
