ConfigName: kjsd__advperagentrankweighted__M4__L30__eps0p01__g0p0007__ds0p4__dm0p05
Problem: NK
Kernel: jsd
Advantage: peragentrankweighted
M: 4
lambda: 30
epsilon_svgd: 0.01
gamma: 0.0007
decay_start_ratio: 0.4
decay_min_factor: 0.05
bandwith_kernel: None
no_interact: False
avg_score: 0.7293190956115723
median_score: 0.7301602363586426
std_score: 0.010967496782541275
percentiles: 2%=0.7097229957580566, 5%=0.710892379283905, 10%=0.71430504322052, 25%=0.7226769924163818, 50%=0.7301602363586426, 75%=0.7371900677680969, 90%=0.7432564496994019, 95%=0.7500134706497192, 98%=0.7518472671508789
ranking_best_algo: Tabu
ranking_best_score: 0.7429702712499999
ranking_my_rank: 2/504 (99.8%)
ranking_my_percent: 99.8015873015873
