ConfigName: krbf__advnormalizedfitness__M4__L10__eps0p025__g0p01__ds0p3__dm0p3
Problem: QUBO
Kernel: rbf
Advantage: normalizedfitness
M: 4
lambda: 10
epsilon_svgd: 0.025
gamma: 0.01
decay_start_ratio: 0.3
decay_min_factor: 0.3
bandwith_kernel: None
no_interact: False
avg_score: -1027.280029296875
median_score: -1034.0
std_score: 103.47918701171875
percentiles: 2%=-1269.239990234375, 5%=-1181.300048828125, 10%=-1146.199951171875, 25%=-1094.75, 50%=-1034.0, 75%=-957.5, 90%=-875.5, 95%=-845.0, 98%=-826.97998046875
ranking_best_algo: Tabu
ranking_best_score: 1216.16
ranking_my_rank: 262/504 (48.2%)
ranking_my_percent: 48.214285714285715
