ConfigName: kjsd__advperagentrankweighted__M5__L24__eps0p005__g0p0005__ds0p05__dm0p05
Problem: NK
Kernel: jsd
Advantage: peragentrankweighted
M: 5
lambda: 24
epsilon_svgd: 0.005
gamma: 0.0005
decay_start_ratio: 0.05
decay_min_factor: 0.05
bandwith_kernel: None
no_interact: False
avg_score: 0.7587910294532776
median_score: 0.7587515711784363
std_score: 0.012973346747457981
percentiles: 2%=0.7362786531448364, 5%=0.7382531762123108, 10%=0.7396143674850464, 25%=0.7509678602218628, 50%=0.7587515711784363, 75%=0.7688912749290466, 90%=0.7763298749923706, 95%=0.778557538986206, 98%=0.781727135181427
ranking_best_algo: Tabu
ranking_best_score: 0.7470791764843752
ranking_my_rank: 1/504 (100.0%)
ranking_my_percent: 100.0
