ConfigName: kjsd__advperagentrankweighted__M4__L20__eps0p005__g0p001__ds0p1__dm0p1
Problem: QUBO
Kernel: jsd
Advantage: peragentrankweighted
M: 4
lambda: 20
epsilon_svgd: 0.005
gamma: 0.001
decay_start_ratio: 0.1
decay_min_factor: 0.1
bandwith_kernel: None
no_interact: False
avg_score: -311.6600036621094
median_score: -315.0
std_score: 40.39213562011719
percentiles: 2%=-396.0400085449219, 5%=-390.1000061035156, 10%=-359.6000061035156, 25%=-340.0, 50%=-315.0, 75%=-274.0, 90%=-264.79998779296875, 95%=-259.8999938964844, 98%=-249.9600067138672
ranking_best_algo: CMApara
ranking_best_score: 319.29999999999995
ranking_my_rank: 37/504 (92.9%)
ranking_my_percent: 92.85714285714286
