ConfigName: krbf__advnormalizedfitness__M2__L6__eps0p01__g0p01__ds0p01__dm0p01
Problem: QUBO
Kernel: rbf
Advantage: normalizedfitness
M: 2
lambda: 6
epsilon_svgd: 0.01
gamma: 0.01
decay_start_ratio: 0.01
decay_min_factor: 0.01
bandwith_kernel: None
no_interact: False
avg_score: -926.0
median_score: -912.5
std_score: 64.03077697753906
percentiles: 2%=-1065.1400146484375, 5%=-1041.3499755859375, 10%=-1013.0999755859375, 25%=-976.75, 50%=-912.5, 75%=-877.75, 90%=-844.2000122070312, 95%=-828.800048828125, 98%=-821.9400024414062
ranking_best_algo: CMApara
ranking_best_score: 964.9
ranking_my_rank: 21/504 (96.0%)
ranking_my_percent: 96.03174603174604
