ConfigName: kjsd__advperagentrankweighted__M5__L8__eps0p005__g0p003__ds0p2__dm0p2
Problem: QUBO
Kernel: jsd
Advantage: peragentrankweighted
M: 5
lambda: 8
epsilon_svgd: 0.005
gamma: 0.003
decay_start_ratio: 0.2
decay_min_factor: 0.2
bandwith_kernel: None
no_interact: False
avg_score: -196.4600067138672
median_score: -195.0
std_score: 12.654974937438965
percentiles: 2%=-224.0, 5%=-220.0, 10%=-214.10000610351562, 25%=-205.0, 50%=-195.0, 75%=-189.0, 90%=-180.89999389648438, 95%=-175.89999389648438, 98%=-173.89999389648438
ranking_best_algo: Tabu
ranking_best_score: 208.36000000000004
ranking_my_rank: 196/504 (61.3%)
ranking_my_percent: 61.30952380952381
