ConfigName: krbf__advnormalizedfitness__M3__L15__eps0p033__g0p007__ds0p3__dm0p3
Problem: NK
Kernel: rbf
Advantage: normalizedfitness
M: 3
lambda: 15
epsilon_svgd: 0.033
gamma: 0.007
decay_start_ratio: 0.3
decay_min_factor: 0.3
bandwith_kernel: None
no_interact: False
avg_score: 0.7270272970199585
median_score: 0.7271667718887329
std_score: 0.013722115196287632
percentiles: 2%=0.699783444404602, 5%=0.703250527381897, 10%=0.7098339796066284, 25%=0.7187350392341614, 50%=0.7271667718887329, 75%=0.7361433506011963, 90%=0.7421953678131104, 95%=0.7494662404060364, 98%=0.7586760520935059
ranking_best_algo: PBIL
ranking_best_score: 0.733570253046875
ranking_my_rank: 5/504 (99.2%)
ranking_my_percent: 99.2063492063492
