ConfigName: krbf__advnormalizedfitness__M2__L8__eps0p025__g0p015__ds0p15__dm0p01
Problem: QUBO
Kernel: rbf
Advantage: normalizedfitness
M: 2
lambda: 8
epsilon_svgd: 0.025
gamma: 0.015
decay_start_ratio: 0.15
decay_min_factor: 0.01
bandwith_kernel: None
no_interact: False
avg_score: -328.5
median_score: -334.0
std_score: 20.343795776367188
percentiles: 2%=-372.0, 5%=-354.1499938964844, 10%=-350.20001220703125, 25%=-342.0, 50%=-334.0, 75%=-316.0, 90%=-298.0, 95%=-293.8999938964844, 98%=-287.9200134277344
ranking_best_algo: CMApara
ranking_best_score: 344.22
ranking_my_rank: 83/504 (83.7%)
ranking_my_percent: 83.73015873015873
