ConfigName: kfr__advglobalrankweighted__M2__L7__eps0p01__g0p003__ds0p01__dm0p01
Problem: QUBO
Kernel: fr
Advantage: globalrankweighted
M: 2
lambda: 7
epsilon_svgd: 0.01
gamma: 0.003
decay_start_ratio: 0.01
decay_min_factor: 0.01
bandwith_kernel: None
no_interact: False
avg_score: -1604.219970703125
median_score: -1605.0
std_score: 68.55604553222656
percentiles: 2%=-1732.5, 5%=-1727.199951171875, 10%=-1684.4000244140625, 25%=-1650.5, 50%=-1605.0, 75%=-1552.5, 90%=-1514.199951171875, 95%=-1502.800048828125, 98%=-1478.7999267578125
ranking_best_algo: NLOPT_LN_PRAXIS
ranking_best_score: 1607.12
ranking_my_rank: 11/504 (98.0%)
ranking_my_percent: 98.01587301587301
