ConfigName: kjsd__advperagentrankweighted__M5__L8__eps0p01__g0p0007__ds0p2__dm0p05
Problem: QUBO
Kernel: jsd
Advantage: peragentrankweighted
M: 5
lambda: 8
epsilon_svgd: 0.01
gamma: 0.0007
decay_start_ratio: 0.2
decay_min_factor: 0.05
bandwith_kernel: None
no_interact: False
avg_score: -583.1400146484375
median_score: -583.0
std_score: 26.29183006286621
percentiles: 2%=-625.1400146484375, 5%=-623.0, 10%=-617.2000122070312, 25%=-606.25, 50%=-583.0, 75%=-564.75, 90%=-551.5, 95%=-538.9500122070312, 98%=-531.780029296875
ranking_best_algo: Tabu
ranking_best_score: 588.7199999999999
ranking_my_rank: 6/503 (99.0%)
ranking_my_percent: 99.00596421471172
