ConfigName: krbf__advnormalizedfitness__M2__L8__eps0p015__g0p015__ds0p3__dm0p01
Problem: QUBO
Kernel: rbf
Advantage: normalizedfitness
M: 2
lambda: 8
epsilon_svgd: 0.015
gamma: 0.015
decay_start_ratio: 0.3
decay_min_factor: 0.01
bandwith_kernel: None
no_interact: False
avg_score: -902.9400024414062
median_score: -896.5
std_score: 54.95140075683594
percentiles: 2%=-1007.4000244140625, 5%=-990.2000122070312, 10%=-985.0, 25%=-941.25, 50%=-896.5, 75%=-861.75, 90%=-834.7999877929688, 95%=-819.9500122070312, 98%=-814.9400024414062
ranking_best_algo: CMAL3
ranking_best_score: 928.5800000000002
ranking_my_rank: 66/504 (87.1%)
ranking_my_percent: 87.10317460317461
