ConfigName: kjsd__advperagentrankweighted__M3__L16__eps0p007__g0p003__ds0p2__dm0p05
Problem: NK
Kernel: jsd
Advantage: peragentrankweighted
M: 3
lambda: 16
epsilon_svgd: 0.007
gamma: 0.003
decay_start_ratio: 0.2
decay_min_factor: 0.05
bandwith_kernel: None
no_interact: False
avg_score: 0.7365016341209412
median_score: 0.7366369962692261
std_score: 0.008096219971776009
percentiles: 2%=0.7204782366752625, 5%=0.7225598096847534, 10%=0.7250379920005798, 25%=0.7305648922920227, 50%=0.7366369962692261, 75%=0.7431246638298035, 90%=0.747045636177063, 95%=0.748092770576477, 98%=0.7501955628395081
ranking_best_algo: PBIL
ranking_best_score: 0.730509098125
ranking_my_rank: 1/504 (100.0%)
ranking_my_percent: 100.0
