ConfigName: kjsd__advperagentrankweighted__M3__L20__eps0p005__g0p003__ds0p05__dm0p2
Problem: QUBO
Kernel: jsd
Advantage: peragentrankweighted
M: 3
lambda: 20
epsilon_svgd: 0.005
gamma: 0.003
decay_start_ratio: 0.05
decay_min_factor: 0.2
bandwith_kernel: None
no_interact: False
avg_score: -2122.199951171875
median_score: -2107.5
std_score: 174.51795959472656
percentiles: 2%=-2458.43994140625, 5%=-2401.5, 10%=-2356.300048828125, 25%=-2231.25, 50%=-2107.5, 75%=-2002.75, 90%=-1919.5999755859375, 95%=-1872.0, 98%=-1750.8199462890625
ranking_best_algo: DiscreteLengler2OnePlusOne
ranking_best_score: 2617.04
ranking_my_rank: 218/504 (56.9%)
ranking_my_percent: 56.94444444444444
