ConfigName: krbf__advnormalizedfitness__M4__L8__eps0p03__g0p005__ds0p05__dm0p05
Problem: QUBO
Kernel: rbf
Advantage: normalizedfitness
M: 4
lambda: 8
epsilon_svgd: 0.03
gamma: 0.005
decay_start_ratio: 0.05
decay_min_factor: 0.05
bandwith_kernel: None
no_interact: False
avg_score: -310.5199890136719
median_score: -316.0
std_score: 37.56660079956055
percentiles: 2%=-392.0799865722656, 5%=-384.0, 10%=-354.0, 25%=-334.0, 50%=-316.0, 75%=-273.75, 90%=-266.0, 95%=-262.95001220703125, 98%=-253.9199981689453
ranking_best_algo: CMApara
ranking_best_score: 319.29999999999995
ranking_my_rank: 58/504 (88.7%)
ranking_my_percent: 88.69047619047619
