ConfigName: kjsd__advperagentrankweighted__M3__L24__eps0p007__g0p0005__ds0p2__dm0p05
Problem: QUBO
Kernel: jsd
Advantage: peragentrankweighted
M: 3
lambda: 24
epsilon_svgd: 0.007
gamma: 0.0005
decay_start_ratio: 0.2
decay_min_factor: 0.05
bandwith_kernel: None
no_interact: False
avg_score: -910.8599853515625
median_score: -911.0
std_score: 63.1971549987793
percentiles: 2%=-1032.0400390625, 5%=-1021.0499877929688, 10%=-991.2000122070312, 25%=-952.25, 50%=-911.0, 75%=-862.75, 90%=-830.7000122070312, 95%=-809.9500122070312, 98%=-787.97998046875
ranking_best_algo: CMAL3
ranking_best_score: 928.5800000000002
ranking_my_rank: 20/504 (96.2%)
ranking_my_percent: 96.23015873015873
