ConfigName: kjsd__advperagentrankweighted__M3__L20__eps0p005__g0p0007__ds0p2__dm0p05
Problem: NK
Kernel: jsd
Advantage: peragentrankweighted
M: 3
lambda: 20
epsilon_svgd: 0.005
gamma: 0.0007
decay_start_ratio: 0.2
decay_min_factor: 0.05
bandwith_kernel: None
no_interact: False
avg_score: 0.7358832359313965
median_score: 0.737916111946106
std_score: 0.008678902871906757
percentiles: 2%=0.7151015996932983, 5%=0.7191194891929626, 10%=0.7220507860183716, 25%=0.7318512797355652, 50%=0.737916111946106, 75%=0.7418348789215088, 90%=0.7449238896369934, 95%=0.7460139393806458, 98%=0.7491300702095032
ranking_best_algo: PBIL
ranking_best_score: 0.7248786399609374
ranking_my_rank: 1/504 (100.0%)
ranking_my_percent: 100.0
