ConfigName: kjsd__advperagentrankweighted__M3__L24__eps0p007__g0p001__ds0p2__dm0p05
Problem: NK
Kernel: jsd
Advantage: peragentrankweighted
M: 3
lambda: 24
epsilon_svgd: 0.007
gamma: 0.001
decay_start_ratio: 0.2
decay_min_factor: 0.05
bandwith_kernel: None
no_interact: False
avg_score: 0.7074936032295227
median_score: 0.7097458839416504
std_score: 0.011732150800526142
percentiles: 2%=0.6879743337631226, 5%=0.6900237798690796, 10%=0.691542387008667, 25%=0.6963403224945068, 50%=0.7097458839416504, 75%=0.7177774310112, 90%=0.7218267321586609, 95%=0.7225621938705444, 98%=0.722904622554779
ranking_best_algo: PBIL
ranking_best_score: 0.7013553837109374
ranking_my_rank: 1/504 (100.0%)
ranking_my_percent: 100.0
