ConfigName: kjsd__advperagentrankweighted__M4__L8__eps0p01__g0p0005__ds0p05__dm0p05
Problem: NK
Kernel: jsd
Advantage: peragentrankweighted
M: 4
lambda: 8
epsilon_svgd: 0.01
gamma: 0.0005
decay_start_ratio: 0.05
decay_min_factor: 0.05
bandwith_kernel: None
no_interact: False
avg_score: 0.7494141459465027
median_score: 0.7479130029678345
std_score: 0.013561825267970562
percentiles: 2%=0.7221203446388245, 5%=0.7311965823173523, 10%=0.7350579500198364, 25%=0.7398154735565186, 50%=0.7479130029678345, 75%=0.7582815885543823, 90%=0.76711505651474, 95%=0.7728350758552551, 98%=0.7807901501655579
ranking_best_algo: Tabu
ranking_best_score: 0.7470791764843752
ranking_my_rank: 1/504 (100.0%)
ranking_my_percent: 100.0
