ConfigName: kjsd__advperagentrankweighted__M4__L20__eps0p005__g0p0005__ds0p1__dm0p2
Problem: QUBO
Kernel: jsd
Advantage: peragentrankweighted
M: 4
lambda: 20
epsilon_svgd: 0.005
gamma: 0.0005
decay_start_ratio: 0.1
decay_min_factor: 0.2
bandwith_kernel: None
no_interact: False
avg_score: -309.79998779296875
median_score: -314.0
std_score: 39.31564712524414
percentiles: 2%=-390.1600036621094, 5%=-380.1000061035156, 10%=-358.3999938964844, 25%=-336.5, 50%=-314.0, 75%=-274.75, 90%=-266.8999938964844, 95%=-257.8999938964844, 98%=-241.9199981689453
ranking_best_algo: CMApara
ranking_best_score: 319.29999999999995
ranking_my_rank: 69/504 (86.5%)
ranking_my_percent: 86.5079365079365
