ConfigName: krbf__advnormalizedfitness__M3__L10__eps0p025__g0p007__ds0p15__dm0p3
Problem: NK
Kernel: rbf
Advantage: normalizedfitness
M: 3
lambda: 10
epsilon_svgd: 0.025
gamma: 0.007
decay_start_ratio: 0.15
decay_min_factor: 0.3
bandwith_kernel: None
no_interact: False
avg_score: 0.6544758081436157
median_score: 0.6502633094787598
std_score: 0.024945668876171112
percentiles: 2%=0.6144808530807495, 5%=0.6253450512886047, 10%=0.6271154880523682, 25%=0.6351767778396606, 50%=0.6502633094787598, 75%=0.6695265769958496, 90%=0.6888309717178345, 95%=0.7031042575836182, 98%=0.7085975408554077
ranking_best_algo: PBIL
ranking_best_score: 0.7170882103515624
ranking_my_rank: 254/504 (49.8%)
ranking_my_percent: 49.801587301587304
