ConfigName: krbf__advnormalizedfitness__M3__L8__eps0p025__g0p015__ds0p15__dm0p3
Problem: QUBO
Kernel: rbf
Advantage: normalizedfitness
M: 3
lambda: 8
epsilon_svgd: 0.025
gamma: 0.015
decay_start_ratio: 0.15
decay_min_factor: 0.3
bandwith_kernel: None
no_interact: False
avg_score: -2166.760009765625
median_score: -2162.0
std_score: 194.42074584960938
percentiles: 2%=-2545.219970703125, 5%=-2495.550048828125, 10%=-2413.10009765625, 25%=-2337.25, 50%=-2162.0, 75%=-1994.5, 90%=-1935.800048828125, 95%=-1900.7000732421875, 98%=-1854.999755859375
ranking_best_algo: SVM1MetaModelLogNormal
ranking_best_score: 2605.14
ranking_my_rank: 197/504 (61.1%)
ranking_my_percent: 61.111111111111114
