ConfigName: kjsd__advperagentrankweighted__M4__L8__eps0p03__g0p0007__ds0p2__dm0p05
Problem: QUBO
Kernel: jsd
Advantage: peragentrankweighted
M: 4
lambda: 8
epsilon_svgd: 0.03
gamma: 0.0007
decay_start_ratio: 0.2
decay_min_factor: 0.05
bandwith_kernel: None
no_interact: False
avg_score: -434.05999755859375
median_score: -436.0
std_score: 24.06234359741211
percentiles: 2%=-473.1600036621094, 5%=-469.1000061035156, 10%=-465.0, 25%=-455.25, 50%=-436.0, 75%=-414.75, 90%=-403.0, 95%=-391.8500061035156, 98%=-385.9200134277344
ranking_best_algo: CMApara
ranking_best_score: 453.82
ranking_my_rank: 40/504 (92.3%)
ranking_my_percent: 92.26190476190476
