ConfigName: krbf__advglobalrankweighted__M4__L11__eps0p01__g0p007__ds0p01__dm0p01
Problem: QUBO
Kernel: rbf
Advantage: globalrankweighted
M: 4
lambda: 11
epsilon_svgd: 0.01
gamma: 0.007
decay_start_ratio: 0.01
decay_min_factor: 0.01
bandwith_kernel: None
no_interact: False
avg_score: -919.0399780273438
median_score: -915.5
std_score: 70.43846893310547
percentiles: 2%=-1058.0, 5%=-1038.6500244140625, 10%=-1012.0999755859375, 25%=-973.25, 50%=-915.5, 75%=-864.0, 90%=-830.5999755859375, 95%=-818.9000244140625, 98%=-800.8800048828125
ranking_best_algo: CMApara
ranking_best_score: 964.9
ranking_my_rank: 64/504 (87.5%)
ranking_my_percent: 87.5
