ConfigName: kjsd__advperagentrankweighted__M3__L24__eps0p007__g0p0005__ds0p1__dm0p1
Problem: QUBO
Kernel: jsd
Advantage: peragentrankweighted
M: 3
lambda: 24
epsilon_svgd: 0.007
gamma: 0.0005
decay_start_ratio: 0.1
decay_min_factor: 0.1
bandwith_kernel: None
no_interact: False
avg_score: -415.8999938964844
median_score: -417.0
std_score: 24.20392608642578
percentiles: 2%=-471.1199951171875, 5%=-452.25, 10%=-450.1000061035156, 25%=-430.0, 50%=-417.0, 75%=-397.75, 90%=-388.0, 95%=-381.8999938964844, 98%=-375.8399963378906
ranking_best_algo: Tabu
ranking_best_score: 438.12
ranking_my_rank: 45/504 (91.3%)
ranking_my_percent: 91.26984126984127
