ConfigName: kjsd__advperagentrankweighted__M3__L16__eps0p007__g0p0007__ds0p05__dm0p1
Problem: NK
Kernel: jsd
Advantage: peragentrankweighted
M: 3
lambda: 16
epsilon_svgd: 0.007
gamma: 0.0007
decay_start_ratio: 0.05
decay_min_factor: 0.1
bandwith_kernel: None
no_interact: False
avg_score: 0.7315784692764282
median_score: 0.7313493490219116
std_score: 0.010519178584218025
percentiles: 2%=0.7109163999557495, 5%=0.7142429947853088, 10%=0.7175456881523132, 25%=0.7249560356140137, 50%=0.7313493490219116, 75%=0.7387062311172485, 90%=0.746159553527832, 95%=0.7473341226577759, 98%=0.7512712478637695
ranking_best_algo: Tabu
ranking_best_score: 0.7429702712499999
ranking_my_rank: 2/504 (99.8%)
ranking_my_percent: 99.8015873015873
