ConfigName: kjsd__advperagentrankweighted__M4__L24__eps0p02__g0p0003__ds0p05__dm0p05
Problem: NK
Kernel: jsd
Advantage: peragentrankweighted
M: 4
lambda: 24
epsilon_svgd: 0.02
gamma: 0.0003
decay_start_ratio: 0.05
decay_min_factor: 0.05
bandwith_kernel: None
no_interact: False
avg_score: 0.7243907451629639
median_score: 0.7242202758789062
std_score: 0.010101471096277237
percentiles: 2%=0.707425594329834, 5%=0.708856999874115, 10%=0.7112385034561157, 25%=0.7167441248893738, 50%=0.7242202758789062, 75%=0.731852650642395, 90%=0.737947404384613, 95%=0.7419211268424988, 98%=0.7441909909248352
ranking_best_algo: Tabu
ranking_best_score: 0.7429702712499999
ranking_my_rank: 4/504 (99.4%)
ranking_my_percent: 99.4047619047619
