ConfigName: krbf__advnormalizedfitness__M4__L8__eps0p025__g0p007__ds0p15__dm0p01
Problem: QUBO
Kernel: rbf
Advantage: normalizedfitness
M: 4
lambda: 8
epsilon_svgd: 0.025
gamma: 0.007
decay_start_ratio: 0.15
decay_min_factor: 0.01
bandwith_kernel: None
no_interact: False
avg_score: -1190.0999755859375
median_score: -1186.0
std_score: 59.16156005859375
percentiles: 2%=-1341.239990234375, 5%=-1280.300048828125, 10%=-1251.0999755859375, 25%=-1224.25, 50%=-1186.0, 75%=-1157.0, 90%=-1116.5, 95%=-1100.0, 98%=-1089.719970703125
ranking_best_algo: Tabu
ranking_best_score: 1216.16
ranking_my_rank: 55/504 (89.3%)
ranking_my_percent: 89.28571428571429
