ConfigName: kjsd__advperagentrankweighted__M4__L12__eps0p01__g0p0003__ds0p05__dm0p05
Problem: QUBO
Kernel: jsd
Advantage: peragentrankweighted
M: 4
lambda: 12
epsilon_svgd: 0.01
gamma: 0.0003
decay_start_ratio: 0.05
decay_min_factor: 0.05
bandwith_kernel: None
no_interact: False
avg_score: -1611.0999755859375
median_score: -1606.5
std_score: 58.74222946166992
percentiles: 2%=-1741.0799560546875, 5%=-1716.3499755859375, 10%=-1686.699951171875, 25%=-1642.25, 50%=-1606.5, 75%=-1571.25, 90%=-1531.0, 95%=-1518.9000244140625, 98%=-1504.9599609375
ranking_best_algo: NLOPT_LN_PRAXIS
ranking_best_score: 1607.12
ranking_my_rank: 1/504 (100.0%)
ranking_my_percent: 100.0
