ConfigName: kjsd__advperagentrankweighted__M3__L24__eps0p007__g0p0005__ds0p2__dm0p05
Problem: QUBO
Kernel: jsd
Advantage: peragentrankweighted
M: 3
lambda: 24
epsilon_svgd: 0.007
gamma: 0.0005
decay_start_ratio: 0.2
decay_min_factor: 0.05
bandwith_kernel: None
no_interact: False
avg_score: -139.1999969482422
median_score: -141.5
std_score: 10.903210639953613
percentiles: 2%=-158.02000427246094, 5%=-156.0, 10%=-152.10000610351562, 25%=-146.0, 50%=-141.5, 75%=-130.75, 90%=-125.0, 95%=-122.8499984741211, 98%=-116.95999908447266
ranking_best_algo: DiscreteDE
ranking_best_score: 143.4
ranking_my_rank: 86/504 (83.1%)
ranking_my_percent: 83.13492063492063
