ConfigName: kfr__advglobalrankweighted__M6__L10__eps0p015__g0p003__ds0p01__dm0p01
Problem: QUBO
Kernel: fr
Advantage: globalrankweighted
M: 6
lambda: 10
epsilon_svgd: 0.015
gamma: 0.003
decay_start_ratio: 0.01
decay_min_factor: 0.01
bandwith_kernel: None
no_interact: False
avg_score: -1186.219970703125
median_score: -1183.0
std_score: 61.82986068725586
percentiles: 2%=-1351.0, 5%=-1299.300048828125, 10%=-1263.800048828125, 25%=-1216.0, 50%=-1183.0, 75%=-1148.0, 90%=-1109.800048828125, 95%=-1087.9000244140625, 98%=-1068.97998046875
ranking_best_algo: Tabu
ranking_best_score: 1216.16
ranking_my_rank: 64/504 (87.5%)
ranking_my_percent: 87.5
