ConfigName: krbf__advnormalizedfitness__M2__L8__eps0p015__g0p01__ds0p01__dm0p3
Problem: QUBO
Kernel: rbf
Advantage: normalizedfitness
M: 2
lambda: 8
epsilon_svgd: 0.015
gamma: 0.01
decay_start_ratio: 0.01
decay_min_factor: 0.3
bandwith_kernel: None
no_interact: False
avg_score: -331.8800048828125
median_score: -339.0
std_score: 21.469642639160156
percentiles: 2%=-372.0, 5%=-358.1499938964844, 10%=-354.0, 25%=-343.0, 50%=-339.0, 75%=-321.5, 90%=-301.79998779296875, 95%=-287.8999938964844, 98%=-281.9599914550781
ranking_best_algo: CMApara
ranking_best_score: 344.22
ranking_my_rank: 76/504 (85.1%)
ranking_my_percent: 85.11904761904762
