ConfigName: krbf__advnormalizedfitness__M3__L15__eps0p025__g0p007__ds0p3__dm0p3
Problem: QUBO
Kernel: rbf
Advantage: normalizedfitness
M: 3
lambda: 15
epsilon_svgd: 0.025
gamma: 0.007
decay_start_ratio: 0.3
decay_min_factor: 0.3
bandwith_kernel: None
no_interact: False
avg_score: -332.44000244140625
median_score: -334.0
std_score: 20.2120361328125
percentiles: 2%=-372.0, 5%=-372.0, 10%=-357.3999938964844, 25%=-343.0, 50%=-334.0, 75%=-320.0, 90%=-306.0, 95%=-294.95001220703125, 98%=-292.0
ranking_best_algo: CMApara
ranking_best_score: 344.22
ranking_my_rank: 72/504 (85.9%)
ranking_my_percent: 85.91269841269842
