ConfigName: krbf__advnormalizedfitness__M3__L10__eps0p015__g0p007__ds0p3__dm0p01
Problem: QUBO
Kernel: rbf
Advantage: normalizedfitness
M: 3
lambda: 10
epsilon_svgd: 0.015
gamma: 0.007
decay_start_ratio: 0.3
decay_min_factor: 0.01
bandwith_kernel: None
no_interact: False
avg_score: -310.29998779296875
median_score: -314.0
std_score: 38.92749786376953
percentiles: 2%=-392.0400085449219, 5%=-386.1000061035156, 10%=-356.20001220703125, 25%=-336.5, 50%=-314.0, 75%=-275.75, 90%=-264.0, 95%=-256.95001220703125, 98%=-250.0
ranking_best_algo: CMApara
ranking_best_score: 319.29999999999995
ranking_my_rank: 62/504 (87.9%)
ranking_my_percent: 87.89682539682539
