ConfigName: krbf__advnormalizedfitness__M4__L15__eps0p033__g0p005__ds0p15__dm0p01
Problem: QUBO
Kernel: rbf
Advantage: normalizedfitness
M: 4
lambda: 15
epsilon_svgd: 0.033
gamma: 0.005
decay_start_ratio: 0.15
decay_min_factor: 0.01
bandwith_kernel: None
no_interact: False
avg_score: -2424.419921875
median_score: -2410.5
std_score: 170.29664611816406
percentiles: 2%=-2785.06005859375, 5%=-2704.60009765625, 10%=-2651.10009765625, 25%=-2542.25, 50%=-2410.5, 75%=-2297.5, 90%=-2195.800048828125, 95%=-2150.650146484375, 98%=-2125.259765625
ranking_best_algo: SVM1MetaModelLogNormal
ranking_best_score: 2605.14
ranking_my_rank: 91/504 (82.1%)
ranking_my_percent: 82.14285714285714
