ConfigName: krbf__advnormalizedfitness__M3__L12__eps0p015__g0p005__ds0p01__dm0p01
Problem: QUBO
Kernel: rbf
Advantage: normalizedfitness
M: 3
lambda: 12
epsilon_svgd: 0.015
gamma: 0.005
decay_start_ratio: 0.01
decay_min_factor: 0.01
bandwith_kernel: None
no_interact: False
avg_score: -426.17999267578125
median_score: -427.0
std_score: 28.586843490600586
percentiles: 2%=-483.0, 5%=-471.20001220703125, 10%=-465.20001220703125, 25%=-445.0, 50%=-427.0, 75%=-406.5, 90%=-391.79998779296875, 95%=-382.550048828125, 98%=-365.94000244140625
ranking_best_algo: CMAL3
ranking_best_score: 435.36
ranking_my_rank: 23/504 (95.6%)
ranking_my_percent: 95.63492063492063
