ConfigName: kjsd__advperagentrankweighted__M3__L24__eps0p007__g0p001__ds0p1__dm0p05
Problem: QUBO
Kernel: jsd
Advantage: peragentrankweighted
M: 3
lambda: 24
epsilon_svgd: 0.007
gamma: 0.001
decay_start_ratio: 0.1
decay_min_factor: 0.05
bandwith_kernel: None
no_interact: False
avg_score: -138.33999633789062
median_score: -139.0
std_score: 11.581208229064941
percentiles: 2%=-160.0, 5%=-156.0500030517578, 10%=-152.0, 25%=-146.0, 50%=-139.0, 75%=-130.0, 90%=-125.0, 95%=-120.9000015258789, 98%=-112.95999908447266
ranking_best_algo: DiscreteDE
ranking_best_score: 143.4
ranking_my_rank: 108/504 (78.8%)
ranking_my_percent: 78.76984126984127
