ConfigName: kfr__advglobalrankweighted__M4__L5__eps0p01__g0p001__ds0p01__dm0p01
Problem: NK
Kernel: fr
Advantage: globalrankweighted
M: 4
lambda: 5
epsilon_svgd: 0.01
gamma: 0.001
decay_start_ratio: 0.01
decay_min_factor: 0.01
bandwith_kernel: None
no_interact: False
avg_score: 0.7088843584060669
median_score: 0.7104976773262024
std_score: 0.015244215726852417
percentiles: 2%=0.6697269678115845, 5%=0.6716340184211731, 10%=0.6950246095657349, 25%=0.7043034434318542, 50%=0.7104976773262024, 75%=0.7182020545005798, 90%=0.724503755569458, 95%=0.7307670712471008, 98%=0.7313567399978638
ranking_best_algo: CMApara
ranking_best_score: 0.707475975
ranking_my_rank: 1/504 (100.0%)
ranking_my_percent: 100.0
