ConfigName: krbf__advnormalizedfitness__M3__L24__eps0p03__g0p005__ds0p15__dm0p05
Problem: NK
Kernel: rbf
Advantage: normalizedfitness
M: 3
lambda: 24
epsilon_svgd: 0.03
gamma: 0.005
decay_start_ratio: 0.15
decay_min_factor: 0.05
bandwith_kernel: None
no_interact: False
avg_score: 0.7115015983581543
median_score: 0.7129502296447754
std_score: 0.01547893974930048
percentiles: 2%=0.6826819181442261, 5%=0.6855185031890869, 10%=0.6915841698646545, 25%=0.699033260345459, 50%=0.7129502296447754, 75%=0.7232898473739624, 90%=0.7313838005065918, 95%=0.7347264885902405, 98%=0.7385231852531433
ranking_best_algo: Tabu
ranking_best_score: 0.7429702712499999
ranking_my_rank: 144/504 (71.6%)
ranking_my_percent: 71.62698412698413
