ConfigName: krbf__advnormalizedfitness__M4__L12__eps0p033__g0p01__ds0p01__dm0p01
Problem: QUBO
Kernel: rbf
Advantage: normalizedfitness
M: 4
lambda: 12
epsilon_svgd: 0.033
gamma: 0.01
decay_start_ratio: 0.01
decay_min_factor: 0.01
bandwith_kernel: None
no_interact: False
avg_score: -571.52001953125
median_score: -569.0
std_score: 28.049415588378906
percentiles: 2%=-625.02001953125, 5%=-618.25, 10%=-610.0999755859375, 25%=-592.5, 50%=-569.0, 75%=-554.75, 90%=-537.7000122070312, 95%=-530.8500366210938, 98%=-511.77996826171875
ranking_best_algo: Tabu
ranking_best_score: 588.7199999999999
ranking_my_rank: 62/503 (87.9%)
ranking_my_percent: 87.8727634194831
