ConfigName: kjsd__advperagentrankweighted__M3__L16__eps0p005__g0p0007__ds0p05__dm0p05
Problem: NK
Kernel: jsd
Advantage: peragentrankweighted
M: 3
lambda: 16
epsilon_svgd: 0.005
gamma: 0.0007
decay_start_ratio: 0.05
decay_min_factor: 0.05
bandwith_kernel: None
no_interact: False
avg_score: 0.7557998895645142
median_score: 0.7556897401809692
std_score: 0.012768174521625042
percentiles: 2%=0.7330945730209351, 5%=0.7348304390907288, 10%=0.7385453581809998, 25%=0.7459984421730042, 50%=0.7556897401809692, 75%=0.7661541104316711, 90%=0.7719801664352417, 95%=0.7753071188926697, 98%=0.7780953049659729
ranking_best_algo: Tabu
ranking_best_score: 0.7470791764843752
ranking_my_rank: 1/504 (100.0%)
ranking_my_percent: 100.0
