ConfigName: kjsd__advperagentrankweighted__M5__L24__eps0p02__g0p0003__ds0p05__dm0p05
Problem: QUBO
Kernel: jsd
Advantage: peragentrankweighted
M: 5
lambda: 24
epsilon_svgd: 0.02
gamma: 0.0003
decay_start_ratio: 0.05
decay_min_factor: 0.05
bandwith_kernel: None
no_interact: False
avg_score: -578.6400146484375
median_score: -577.0
std_score: 31.20176887512207
percentiles: 2%=-637.02001953125, 5%=-633.0, 10%=-621.0, 25%=-602.25, 50%=-577.0, 75%=-560.0, 90%=-540.9000244140625, 95%=-525.9500122070312, 98%=-517.6400146484375
ranking_best_algo: Tabu
ranking_best_score: 588.7199999999999
ranking_my_rank: 41/503 (92.0%)
ranking_my_percent: 92.04771371769384
