ConfigName: krbf__advnormalizedfitness__M4__L10__eps0p03__g0p005__ds0p05__dm0p05
Problem: QUBO
Kernel: rbf
Advantage: normalizedfitness
M: 4
lambda: 10
epsilon_svgd: 0.03
gamma: 0.005
decay_start_ratio: 0.05
decay_min_factor: 0.05
bandwith_kernel: None
no_interact: False
avg_score: -201.89999389648438
median_score: -201.0
std_score: 11.224526405334473
percentiles: 2%=-222.0399932861328, 5%=-220.0500030517578, 10%=-216.10000610351562, 25%=-209.0, 50%=-201.0, 75%=-194.75, 90%=-186.89999389648438, 95%=-182.9499969482422, 98%=-178.8800048828125
ranking_best_algo: Tabu
ranking_best_score: 208.36000000000004
ranking_my_rank: 38/504 (92.7%)
ranking_my_percent: 92.65873015873017
