ConfigName: krbf__advnormalizedfitness__M2__L6__eps0p01__g0p01__ds0p01__dm0p01
Problem: QUBO
Kernel: rbf
Advantage: normalizedfitness
M: 2
lambda: 6
epsilon_svgd: 0.01
gamma: 0.01
decay_start_ratio: 0.01
decay_min_factor: 0.01
bandwith_kernel: None
no_interact: False
avg_score: -199.75999450683594
median_score: -200.0
std_score: 11.88538646697998
percentiles: 2%=-224.0, 5%=-221.0500030517578, 10%=-215.10000610351562, 25%=-207.0, 50%=-200.0, 75%=-193.75, 90%=-183.0, 95%=-180.0, 98%=-174.97999572753906
ranking_best_algo: Tabu
ranking_best_score: 208.36000000000004
ranking_my_rank: 64/504 (87.5%)
ranking_my_percent: 87.5
