ConfigName: krbf__advnormalizedfitness__M3__L12__eps0p025__g0p01__ds0p01__dm0p3
Problem: QUBO
Kernel: rbf
Advantage: normalizedfitness
M: 3
lambda: 12
epsilon_svgd: 0.025
gamma: 0.01
decay_start_ratio: 0.01
decay_min_factor: 0.3
bandwith_kernel: None
no_interact: False
avg_score: -919.2999877929688
median_score: -914.5
std_score: 74.34440612792969
percentiles: 2%=-1072.0400390625, 5%=-1052.199951171875, 10%=-1025.5, 25%=-966.75, 50%=-914.5, 75%=-855.0, 90%=-819.0, 95%=-815.0, 98%=-802.9599609375
ranking_best_algo: CMApara
ranking_best_score: 964.9
ranking_my_rank: 62/504 (87.9%)
ranking_my_percent: 87.89682539682539
