ConfigName: kfr__advglobalrankweighted__M5__L10__eps0p02__g0p007__ds0p01__dm0p01
Problem: QUBO
Kernel: fr
Advantage: globalrankweighted
M: 5
lambda: 10
epsilon_svgd: 0.02
gamma: 0.007
decay_start_ratio: 0.01
decay_min_factor: 0.01
bandwith_kernel: None
no_interact: False
avg_score: -139.66000366210938
median_score: -141.0
std_score: 10.85930061340332
percentiles: 2%=-159.02000427246094, 5%=-158.0, 10%=-152.39999389648438, 25%=-146.0, 50%=-141.0, 75%=-130.75, 90%=-126.80000305175781, 95%=-122.90000915527344, 98%=-117.93998718261719
ranking_best_algo: DiscreteDE
ranking_best_score: 143.4
ranking_my_rank: 83/504 (83.7%)
ranking_my_percent: 83.73015873015873
