ConfigName: krbf__advnormalizedfitness__M3__L10__eps0p015__g0p015__ds0p01__dm0p3
Problem: QUBO
Kernel: rbf
Advantage: normalizedfitness
M: 3
lambda: 10
epsilon_svgd: 0.015
gamma: 0.015
decay_start_ratio: 0.01
decay_min_factor: 0.3
bandwith_kernel: None
no_interact: False
avg_score: -1480.47998046875
median_score: -1505.0
std_score: 190.9677734375
percentiles: 2%=-1892.6199951171875, 5%=-1771.5999755859375, 10%=-1706.800048828125, 25%=-1591.25, 50%=-1505.0, 75%=-1347.25, 90%=-1221.4000244140625, 95%=-1187.80029296875, 98%=-1100.0
ranking_best_algo: RLSOnePlusOne
ranking_best_score: 3316.5199999999995
ranking_my_rank: 367/504 (27.4%)
ranking_my_percent: 27.38095238095238
