ConfigName: kfr__advglobalrankweighted__M2__L9__eps0p02__g0p003__ds0p01__dm0p01
Problem: QUBO
Kernel: fr
Advantage: globalrankweighted
M: 2
lambda: 9
epsilon_svgd: 0.02
gamma: 0.003
decay_start_ratio: 0.01
decay_min_factor: 0.01
bandwith_kernel: None
no_interact: False
avg_score: -887.6400146484375
median_score: -883.5
std_score: 63.9585075378418
percentiles: 2%=-1032.0, 5%=-1017.5499877929688, 10%=-972.5, 25%=-927.25, 50%=-883.5, 75%=-842.0, 90%=-808.9000244140625, 95%=-790.9000244140625, 98%=-777.8599853515625
ranking_best_algo: CMAL3
ranking_best_score: 928.5800000000002
ranking_my_rank: 102/504 (80.0%)
ranking_my_percent: 79.96031746031746
