ConfigName: krbf__advnormalizedfitness__M4__L12__eps0p015__g0p005__ds0p01__dm0p3
Problem: QUBO
Kernel: rbf
Advantage: normalizedfitness
M: 4
lambda: 12
epsilon_svgd: 0.015
gamma: 0.005
decay_start_ratio: 0.01
decay_min_factor: 0.3
bandwith_kernel: None
no_interact: False
avg_score: -413.32000732421875
median_score: -419.0
std_score: 25.740581512451172
percentiles: 2%=-454.0199890136719, 5%=-451.1000061035156, 10%=-446.0, 25%=-430.0, 50%=-419.0, 75%=-397.5, 90%=-377.79998779296875, 95%=-369.9000244140625, 98%=-359.8799743652344
ranking_best_algo: Tabu
ranking_best_score: 438.12
ranking_my_rank: 59/504 (88.5%)
ranking_my_percent: 88.4920634920635
