ConfigName: kjsd__advperagentrankweighted__M3__L18__eps0p007__g0p0005__ds0p2__dm0p1
Problem: QUBO
Kernel: jsd
Advantage: peragentrankweighted
M: 3
lambda: 18
epsilon_svgd: 0.007
gamma: 0.0005
decay_start_ratio: 0.2
decay_min_factor: 0.1
bandwith_kernel: None
no_interact: False
avg_score: -422.5400085449219
median_score: -427.0
std_score: 29.131912231445312
percentiles: 2%=-477.0400085449219, 5%=-467.04998779296875, 10%=-455.20001220703125, 25%=-440.5, 50%=-427.0, 75%=-405.0, 90%=-384.3999938964844, 95%=-365.75, 98%=-355.9200134277344
ranking_best_algo: CMAL3
ranking_best_score: 435.36
ranking_my_rank: 35/504 (93.3%)
ranking_my_percent: 93.25396825396825
