ConfigName: krbf__advnormalizedfitness__M4__L8__eps0p033__g0p015__ds0p3__dm0p01
Problem: NK
Kernel: rbf
Advantage: normalizedfitness
M: 4
lambda: 8
epsilon_svgd: 0.033
gamma: 0.015
decay_start_ratio: 0.3
decay_min_factor: 0.01
bandwith_kernel: None
no_interact: False
avg_score: 0.7245616316795349
median_score: 0.7258223295211792
std_score: 0.010046836920082569
percentiles: 2%=0.7044724225997925, 5%=0.7061651945114136, 10%=0.71067214012146, 25%=0.7173734307289124, 50%=0.7258223295211792, 75%=0.7326399683952332, 90%=0.7356125712394714, 95%=0.7378817796707153, 98%=0.7389174103736877
ranking_best_algo: PBIL
ranking_best_score: 0.7248786399609374
ranking_my_rank: 2/504 (99.8%)
ranking_my_percent: 99.8015873015873
