ConfigName: kjsd__advperagentrankweighted__M3__L16__eps0p007__g0p001__ds0p1__dm0p05
Problem: QUBO
Kernel: jsd
Advantage: peragentrankweighted
M: 3
lambda: 16
epsilon_svgd: 0.007
gamma: 0.001
decay_start_ratio: 0.1
decay_min_factor: 0.05
bandwith_kernel: None
no_interact: False
avg_score: -138.66000366210938
median_score: -141.0
std_score: 12.127835273742676
percentiles: 2%=-160.02000427246094, 5%=-157.0500030517578, 10%=-156.0, 25%=-146.0, 50%=-141.0, 75%=-131.0, 90%=-123.0, 95%=-116.9000015258789, 98%=-105.9800033569336
ranking_best_algo: DiscreteDE
ranking_best_score: 143.4
ranking_my_rank: 97/504 (81.0%)
ranking_my_percent: 80.95238095238095
