ConfigName: kjsd__advperagentrankweighted__M5__L24__eps0p02__g0p0007__ds0p2__dm0p05
Problem: QUBO
Kernel: jsd
Advantage: peragentrankweighted
M: 5
lambda: 24
epsilon_svgd: 0.02
gamma: 0.0007
decay_start_ratio: 0.2
decay_min_factor: 0.05
bandwith_kernel: None
no_interact: False
avg_score: -2591.60009765625
median_score: -2575.5
std_score: 119.09996032714844
percentiles: 2%=-2795.159912109375, 5%=-2786.10009765625, 10%=-2759.60009765625, 25%=-2679.5, 50%=-2575.5, 75%=-2516.0, 90%=-2435.60009765625, 95%=-2404.0, 98%=-2392.5400390625
ranking_best_algo: SVM1MetaModelLogNormal
ranking_best_score: 2605.14
ranking_my_rank: 11/504 (98.0%)
ranking_my_percent: 98.01587301587301
