ConfigName: kjsd__advperagentrankweighted__M3__L20__eps0p005__g0p0005__ds0p1__dm0p05
Problem: QUBO
Kernel: jsd
Advantage: peragentrankweighted
M: 3
lambda: 20
epsilon_svgd: 0.005
gamma: 0.0005
decay_start_ratio: 0.1
decay_min_factor: 0.05
bandwith_kernel: None
no_interact: False
avg_score: -910.6599731445312
median_score: -908.5
std_score: 64.05703735351562
percentiles: 2%=-1037.06005859375, 5%=-1019.4500122070312, 10%=-991.0, 25%=-956.25, 50%=-908.5, 75%=-865.75, 90%=-834.7999877929688, 95%=-810.75, 98%=-787.2999877929688
ranking_best_algo: CMAL3
ranking_best_score: 928.5800000000002
ranking_my_rank: 20/504 (96.2%)
ranking_my_percent: 96.23015873015873
