ConfigName: kfr__advglobalrankweighted__M2__L10__eps0p01__g0p007__ds0p01__dm0p01
Problem: QUBO
Kernel: fr
Advantage: globalrankweighted
M: 2
lambda: 10
epsilon_svgd: 0.01
gamma: 0.007
decay_start_ratio: 0.01
decay_min_factor: 0.01
bandwith_kernel: None
no_interact: False
avg_score: -1630.1800537109375
median_score: -1629.0
std_score: 69.15220642089844
percentiles: 2%=-1778.0999755859375, 5%=-1753.550048828125, 10%=-1707.5, 25%=-1671.5, 50%=-1629.0, 75%=-1590.5, 90%=-1530.5999755859375, 95%=-1519.75, 98%=-1500.8399658203125
ranking_best_algo: NLOPT_LN_PRAXIS
ranking_best_score: 1607.12
ranking_my_rank: 1/504 (100.0%)
ranking_my_percent: 100.0
