ConfigName: kjsd__advperagentrankweighted__M4__L30__eps0p01__g0p0005__ds0p4__dm0p05
Problem: NK
Kernel: jsd
Advantage: peragentrankweighted
M: 4
lambda: 30
epsilon_svgd: 0.01
gamma: 0.0005
decay_start_ratio: 0.4
decay_min_factor: 0.05
bandwith_kernel: None
no_interact: False
avg_score: 0.7593318223953247
median_score: 0.7592737674713135
std_score: 0.012423488311469555
percentiles: 2%=0.7362560033798218, 5%=0.7391760349273682, 10%=0.7438452243804932, 25%=0.7503189444541931, 50%=0.7592737674713135, 75%=0.7677333950996399, 90%=0.7759737968444824, 95%=0.7810114622116089, 98%=0.7821345925331116
ranking_best_algo: Tabu
ranking_best_score: 0.7470791764843752
ranking_my_rank: 1/504 (100.0%)
ranking_my_percent: 100.0
