ConfigName: kfr__advglobalrankweighted__M1__L8__eps0p015__g0p005__ds0p01__dm0p01
Problem: QUBO
Kernel: fr
Advantage: globalrankweighted
M: 1
lambda: 8
epsilon_svgd: 0.015
gamma: 0.005
decay_start_ratio: 0.01
decay_min_factor: 0.01
bandwith_kernel: None
no_interact: False
avg_score: -295.0199890136719
median_score: -293.5
std_score: 38.40468215942383
percentiles: 2%=-380.1600036621094, 5%=-378.0, 10%=-348.20001220703125, 25%=-317.0, 50%=-293.5, 75%=-267.0, 90%=-250.0, 95%=-241.95001220703125, 98%=-233.97999572753906
ranking_best_algo: CMApara
ranking_best_score: 319.29999999999995
ranking_my_rank: 262/504 (48.2%)
ranking_my_percent: 48.214285714285715
