ConfigName: kjsd__advperagentrankweighted__M3__L16__eps0p007__g0p001__ds0p05__dm0p05
Problem: QUBO
Kernel: jsd
Advantage: peragentrankweighted
M: 3
lambda: 16
epsilon_svgd: 0.007
gamma: 0.001
decay_start_ratio: 0.05
decay_min_factor: 0.05
bandwith_kernel: None
no_interact: False
avg_score: -309.5199890136719
median_score: -312.0
std_score: 38.64155197143555
percentiles: 2%=-392.0799865722656, 5%=-388.0, 10%=-356.0, 25%=-333.0, 50%=-312.0, 75%=-274.75, 90%=-267.0, 95%=-262.6499938964844, 98%=-247.8800048828125
ranking_best_algo: CMApara
ranking_best_score: 319.29999999999995
ranking_my_rank: 76/504 (85.1%)
ranking_my_percent: 85.11904761904762
