ConfigName: krbf__advnormalizedfitness__M4__L8__eps0p033__g0p005__ds0p15__dm0p01
Problem: QUBO
Kernel: rbf
Advantage: normalizedfitness
M: 4
lambda: 8
epsilon_svgd: 0.033
gamma: 0.005
decay_start_ratio: 0.15
decay_min_factor: 0.01
bandwith_kernel: None
no_interact: False
avg_score: -902.739990234375
median_score: -897.5
std_score: 62.1468620300293
percentiles: 2%=-1033.239990234375, 5%=-1024.0999755859375, 10%=-982.5, 25%=-945.0, 50%=-897.5, 75%=-848.75, 90%=-828.7000122070312, 95%=-808.8500366210938, 98%=-804.7399291992188
ranking_best_algo: CMAL3
ranking_best_score: 928.5800000000002
ranking_my_rank: 66/504 (87.1%)
ranking_my_percent: 87.10317460317461
