ConfigName: krbf__advnormalizedfitness__M1__L8__eps0p025__g0p007__ds0p15__dm0p01
Problem: QUBO
Kernel: rbf
Advantage: normalizedfitness
M: 1
lambda: 8
epsilon_svgd: 0.025
gamma: 0.007
decay_start_ratio: 0.15
decay_min_factor: 0.01
bandwith_kernel: None
no_interact: False
avg_score: -871.4199829101562
median_score: -870.5
std_score: 69.81291961669922
percentiles: 2%=-998.0999755859375, 5%=-981.25, 10%=-965.2000122070312, 25%=-919.25, 50%=-870.5, 75%=-817.75, 90%=-783.4000244140625, 95%=-762.9500122070312, 98%=-738.719970703125
ranking_best_algo: CMAL3
ranking_best_score: 928.5800000000002
ranking_my_rank: 140/504 (72.4%)
ranking_my_percent: 72.42063492063492
