ConfigName: krbf__advnormalizedfitness__M3__L10__eps0p033__g0p01__ds0p3__dm0p01
Problem: QUBO
Kernel: rbf
Advantage: normalizedfitness
M: 3
lambda: 10
epsilon_svgd: 0.033
gamma: 0.01
decay_start_ratio: 0.3
decay_min_factor: 0.01
bandwith_kernel: None
no_interact: False
avg_score: -148.44000244140625
median_score: -146.0
std_score: 12.195343017578125
percentiles: 2%=-179.0, 5%=-179.0, 10%=-160.1999969482422, 25%=-154.25, 50%=-146.0, 75%=-140.75, 90%=-136.0, 95%=-133.0, 98%=-126.91998291015625
ranking_best_algo: CMApara
ranking_best_score: 154.28
ranking_my_rank: 84/504 (83.5%)
ranking_my_percent: 83.53174603174604
