ConfigName: krbf__advnormalizedfitness__M1__L10__eps0p015__g0p007__ds0p3__dm0p3
Problem: NK
Kernel: rbf
Advantage: normalizedfitness
M: 1
lambda: 10
epsilon_svgd: 0.015
gamma: 0.007
decay_start_ratio: 0.3
decay_min_factor: 0.3
bandwith_kernel: None
no_interact: False
avg_score: 0.7300597429275513
median_score: 0.7319762706756592
std_score: 0.00849098525941372
percentiles: 2%=0.7120429277420044, 5%=0.7143364548683167, 10%=0.7167395353317261, 25%=0.7241668105125427, 50%=0.7319762706756592, 75%=0.7367047071456909, 90%=0.7396292686462402, 95%=0.7414392828941345, 98%=0.7421930432319641
ranking_best_algo: PBIL
ranking_best_score: 0.7248786399609374
ranking_my_rank: 1/504 (100.0%)
ranking_my_percent: 100.0
