ConfigName: kjsd__advperagentrankweighted__M5__L12__eps0p03__g0p0003__ds0p2__dm0p05
Problem: QUBO
Kernel: jsd
Advantage: peragentrankweighted
M: 5
lambda: 12
epsilon_svgd: 0.03
gamma: 0.0003
decay_start_ratio: 0.2
decay_min_factor: 0.05
bandwith_kernel: None
no_interact: False
avg_score: -433.05999755859375
median_score: -437.5
std_score: 27.60862922668457
percentiles: 2%=-479.1199951171875, 5%=-477.0, 10%=-462.0, 25%=-455.25, 50%=-437.5, 75%=-413.0, 90%=-398.8999938964844, 95%=-386.70001220703125, 98%=-376.9800109863281
ranking_best_algo: CMApara
ranking_best_score: 453.82
ranking_my_rank: 44/504 (91.5%)
ranking_my_percent: 91.46825396825396
