ConfigName: kjsd__advperagentrankweighted__M6__L10__eps0p005__g0p0005__ds0p05__dm0p05
Problem: QUBO
Kernel: jsd
Advantage: peragentrankweighted
M: 6
lambda: 10
epsilon_svgd: 0.005
gamma: 0.0005
decay_start_ratio: 0.05
decay_min_factor: 0.05
bandwith_kernel: None
no_interact: False
avg_score: -581.0999755859375
median_score: -580.5
std_score: 25.133045196533203
percentiles: 2%=-633.0, 5%=-623.0, 10%=-611.2000122070312, 25%=-598.5, 50%=-580.5, 75%=-565.75, 90%=-548.7999877929688, 95%=-535.0, 98%=-532.97998046875
ranking_best_algo: Tabu
ranking_best_score: 588.7199999999999
ranking_my_rank: 36/503 (93.0%)
ranking_my_percent: 93.04174950298211
