ConfigName: krbf__advnormalizedfitness__M2__L3__eps0p015__g0p005__ds0p15__dm0p01
Problem: QUBO
Kernel: rbf
Advantage: normalizedfitness
M: 2
lambda: 3
epsilon_svgd: 0.015
gamma: 0.005
decay_start_ratio: 0.15
decay_min_factor: 0.01
bandwith_kernel: None
no_interact: False
avg_score: -3190.199951171875
median_score: -3181.0
std_score: 155.69932556152344
percentiles: 2%=-3473.0400390625, 5%=-3422.550048828125, 10%=-3380.0, 25%=-3292.5, 50%=-3181.0, 75%=-3108.5, 90%=-2998.89990234375, 95%=-2963.050048828125, 98%=-2937.1201171875
ranking_best_algo: RLSOnePlusOne
ranking_best_score: 3316.5199999999995
ranking_my_rank: 57/504 (88.9%)
ranking_my_percent: 88.88888888888889
