ConfigName: kjsd__advperagentrankweighted__M3__L20__eps0p007__g0p0005__ds0p05__dm0p2
Problem: NK
Kernel: jsd
Advantage: peragentrankweighted
M: 3
lambda: 20
epsilon_svgd: 0.007
gamma: 0.0005
decay_start_ratio: 0.05
decay_min_factor: 0.2
bandwith_kernel: None
no_interact: False
avg_score: 0.7096083164215088
median_score: 0.7108110189437866
std_score: 0.015360204502940178
percentiles: 2%=0.6707289218902588, 5%=0.6714478731155396, 10%=0.6953723430633545, 25%=0.7072903513908386, 50%=0.7108110189437866, 75%=0.7179414629936218, 90%=0.7246291041374207, 95%=0.7327069640159607, 98%=0.7333942651748657
ranking_best_algo: CMApara
ranking_best_score: 0.707475975
ranking_my_rank: 1/504 (100.0%)
ranking_my_percent: 100.0
