ConfigName: kjsd__advperagentrankweighted__M3__L18__eps0p007__g0p001__ds0p05__dm0p05
Problem: QUBO
Kernel: jsd
Advantage: peragentrankweighted
M: 3
lambda: 18
epsilon_svgd: 0.007
gamma: 0.001
decay_start_ratio: 0.05
decay_min_factor: 0.05
bandwith_kernel: None
no_interact: False
avg_score: -3303.260009765625
median_score: -3304.0
std_score: 117.7341537475586
percentiles: 2%=-3508.080078125, 5%=-3489.300048828125, 10%=-3481.10009765625, 25%=-3381.0, 50%=-3304.0, 75%=-3229.0, 90%=-3148.5, 95%=-3117.949951171875, 98%=-3086.760009765625
ranking_best_algo: RLSOnePlusOne
ranking_best_score: 3316.5199999999995
ranking_my_rank: 3/504 (99.6%)
ranking_my_percent: 99.60317460317461
