ConfigName: krbf__advnormalizedfitness__M3__L10__eps0p025__g0p015__ds0p01__dm0p3
Problem: QUBO
Kernel: rbf
Advantage: normalizedfitness
M: 3
lambda: 10
epsilon_svgd: 0.025
gamma: 0.015
decay_start_ratio: 0.01
decay_min_factor: 0.3
bandwith_kernel: None
no_interact: False
avg_score: -899.9199829101562
median_score: -895.5
std_score: 76.1407470703125
percentiles: 2%=-1064.1600341796875, 5%=-1036.1500244140625, 10%=-1009.0, 25%=-948.25, 50%=-895.5, 75%=-848.75, 90%=-807.0, 95%=-772.9000244140625, 98%=-762.9199829101562
ranking_best_algo: CMApara
ranking_best_score: 964.9
ranking_my_rank: 120/504 (76.4%)
ranking_my_percent: 76.38888888888889
