ConfigName: krbf__advnormalizedfitness__M4__L10__eps0p025__g0p005__ds0p3__dm0p3
Problem: QUBO
Kernel: rbf
Advantage: normalizedfitness
M: 4
lambda: 10
epsilon_svgd: 0.025
gamma: 0.005
decay_start_ratio: 0.3
decay_min_factor: 0.3
bandwith_kernel: None
no_interact: False
avg_score: -891.719970703125
median_score: -885.0
std_score: 65.5202407836914
percentiles: 2%=-1040.0, 5%=-1006.4500122070312, 10%=-989.0, 25%=-931.0, 50%=-885.0, 75%=-839.5, 90%=-812.0, 95%=-790.9000244140625, 98%=-780.9400024414062
ranking_best_algo: CMAL3
ranking_best_score: 928.5800000000002
ranking_my_rank: 98/504 (80.8%)
ranking_my_percent: 80.75396825396825
