ConfigName: krbf__advnormalizedfitness__M3__L12__eps0p033__g0p015__ds0p15__dm0p3
Problem: NK
Kernel: rbf
Advantage: normalizedfitness
M: 3
lambda: 12
epsilon_svgd: 0.033
gamma: 0.015
decay_start_ratio: 0.15
decay_min_factor: 0.3
bandwith_kernel: None
no_interact: False
avg_score: 0.6882328987121582
median_score: 0.6884728074073792
std_score: 0.02326277270913124
percentiles: 2%=0.6505268812179565, 5%=0.6535494327545166, 10%=0.658191978931427, 25%=0.671234130859375, 50%=0.6884728074073792, 75%=0.7030407190322876, 90%=0.7218247652053833, 95%=0.7282215356826782, 98%=0.7407086491584778
ranking_best_algo: Tabu
ranking_best_score: 0.7601875690625
ranking_my_rank: 315/504 (37.7%)
ranking_my_percent: 37.698412698412696
