ConfigName: krbf__advnormalizedfitness__M5__L15__eps0p025__g0p005__ds0p05__dm0p05
Problem: QUBO
Kernel: rbf
Advantage: normalizedfitness
M: 5
lambda: 15
epsilon_svgd: 0.025
gamma: 0.005
decay_start_ratio: 0.05
decay_min_factor: 0.05
bandwith_kernel: None
no_interact: False
avg_score: -1149.5
median_score: -1148.0
std_score: 100.57877349853516
percentiles: 2%=-1350.02001953125, 5%=-1333.0999755859375, 10%=-1287.0999755859375, 25%=-1217.75, 50%=-1148.0, 75%=-1076.5, 90%=-1010.5999755859375, 95%=-988.7000122070312, 98%=-964.7999877929688
ranking_best_algo: BigLognormalDiscreteOnePlusOne
ranking_best_score: 1301.3600000000004
ranking_my_rank: 153/504 (69.8%)
ranking_my_percent: 69.84126984126983
