ConfigName: krbf__advnormalizedfitness__M4__L8__eps0p033__g0p01__ds0p15__dm0p01
Problem: QUBO
Kernel: rbf
Advantage: normalizedfitness
M: 4
lambda: 8
epsilon_svgd: 0.033
gamma: 0.01
decay_start_ratio: 0.15
decay_min_factor: 0.01
bandwith_kernel: None
no_interact: False
avg_score: -576.8599853515625
median_score: -576.0
std_score: 27.152542114257812
percentiles: 2%=-627.0800170898438, 5%=-626.0, 10%=-615.0, 25%=-595.0, 50%=-576.0, 75%=-555.75, 90%=-540.9000244140625, 95%=-533.8500366210938, 98%=-527.9199829101562
ranking_best_algo: Tabu
ranking_best_score: 588.7199999999999
ranking_my_rank: 47/503 (90.9%)
ranking_my_percent: 90.85487077534792
