ConfigName: krbf__advnormalizedfitness__M3__L15__eps0p033__g0p007__ds0p3__dm0p01
Problem: QUBO
Kernel: rbf
Advantage: normalizedfitness
M: 3
lambda: 15
epsilon_svgd: 0.033
gamma: 0.007
decay_start_ratio: 0.3
decay_min_factor: 0.01
bandwith_kernel: None
no_interact: False
avg_score: -425.79998779296875
median_score: -428.5
std_score: 28.605594635009766
percentiles: 2%=-479.0799865722656, 5%=-473.0, 10%=-463.20001220703125, 25%=-444.75, 50%=-428.5, 75%=-406.0, 90%=-392.79998779296875, 95%=-381.95001220703125, 98%=-354.0
ranking_best_algo: CMAL3
ranking_best_score: 435.36
ranking_my_rank: 26/504 (95.0%)
ranking_my_percent: 95.03968253968254
