ConfigName: kjsd__advperagentrankweighted__M3__L16__eps0p005__g0p001__ds0p05__dm0p05
Problem: QUBO
Kernel: jsd
Advantage: peragentrankweighted
M: 3
lambda: 16
epsilon_svgd: 0.005
gamma: 0.001
decay_start_ratio: 0.05
decay_min_factor: 0.05
bandwith_kernel: None
no_interact: False
avg_score: -309.260009765625
median_score: -310.0
std_score: 40.111995697021484
percentiles: 2%=-392.0400085449219, 5%=-388.1000061035156, 10%=-360.0, 25%=-336.0, 50%=-310.0, 75%=-271.75, 90%=-264.8999938964844, 95%=-259.79998779296875, 98%=-249.6199951171875
ranking_best_algo: CMApara
ranking_best_score: 319.29999999999995
ranking_my_rank: 81/504 (84.1%)
ranking_my_percent: 84.12698412698413
