ConfigName: kjsd__advperagentrankweighted__M5__L8__eps0p01__g0p0005__ds0p05__dm0p2
Problem: QUBO
Kernel: jsd
Advantage: peragentrankweighted
M: 5
lambda: 8
epsilon_svgd: 0.01
gamma: 0.0005
decay_start_ratio: 0.05
decay_min_factor: 0.2
bandwith_kernel: None
no_interact: False
avg_score: -3249.739990234375
median_score: -3244.0
std_score: 118.24166870117188
percentiles: 2%=-3516.739990234375, 5%=-3482.0, 10%=-3415.39990234375, 25%=-3324.5, 50%=-3244.0, 75%=-3157.5, 90%=-3128.10009765625, 95%=-3075.050048828125, 98%=-3044.89990234375
ranking_best_algo: RLSOnePlusOne
ranking_best_score: 3316.5199999999995
ranking_my_rank: 41/504 (92.1%)
ranking_my_percent: 92.06349206349206
