ConfigName: kfr__advglobalrankweighted__M3__L11__eps0p02__g0p005__ds0p01__dm0p01
Problem: QUBO
Kernel: fr
Advantage: globalrankweighted
M: 3
lambda: 11
epsilon_svgd: 0.02
gamma: 0.005
decay_start_ratio: 0.01
decay_min_factor: 0.01
bandwith_kernel: None
no_interact: False
avg_score: -411.0799865722656
median_score: -411.5
std_score: 25.659181594848633
percentiles: 2%=-457.32000732421875, 5%=-455.0, 10%=-446.0, 25%=-427.25, 50%=-411.5, 75%=-391.5, 90%=-382.0, 95%=-377.70001220703125, 98%=-360.0
ranking_best_algo: Tabu
ranking_best_score: 438.12
ranking_my_rank: 80/504 (84.3%)
ranking_my_percent: 84.32539682539682
