ConfigName: krbf__advnormalizedfitness__M2__L14__eps0p025__g0p007__ds0p15__dm0p01
Problem: QUBO
Kernel: rbf
Advantage: normalizedfitness
M: 2
lambda: 14
epsilon_svgd: 0.025
gamma: 0.007
decay_start_ratio: 0.15
decay_min_factor: 0.01
bandwith_kernel: None
no_interact: False
avg_score: -1290.800048828125
median_score: -1294.5
std_score: 65.75515747070312
percentiles: 2%=-1421.06005859375, 5%=-1396.199951171875, 10%=-1376.5, 25%=-1335.25, 50%=-1294.5, 75%=-1237.0, 90%=-1199.5, 95%=-1180.8499755859375, 98%=-1170.56005859375
ranking_best_algo: BigLognormalDiscreteOnePlusOne
ranking_best_score: 1301.3600000000004
ranking_my_rank: 2/504 (99.8%)
ranking_my_percent: 99.8015873015873
