ConfigName: kfr__advglobalrankweighted__M6__L9__eps0p02__g0p007__ds0p01__dm0p01
Problem: QUBO
Kernel: fr
Advantage: globalrankweighted
M: 6
lambda: 9
epsilon_svgd: 0.02
gamma: 0.007
decay_start_ratio: 0.01
decay_min_factor: 0.01
bandwith_kernel: None
no_interact: False
avg_score: -2320.320068359375
median_score: -2331.5
std_score: 149.65834045410156
percentiles: 2%=-2638.860107421875, 5%=-2565.949951171875, 10%=-2495.0, 25%=-2399.0, 50%=-2331.5, 75%=-2221.5, 90%=-2119.800048828125, 95%=-2075.85009765625, 98%=-2052.780029296875
ranking_best_algo: DiscreteLengler2OnePlusOne
ranking_best_score: 2617.04
ranking_my_rank: 156/504 (69.2%)
ranking_my_percent: 69.24603174603175
