ConfigName: krbf__advnormalizedfitness__M3__L10__eps0p025__g0p005__ds0p05__dm0p05
Problem: NK
Kernel: rbf
Advantage: normalizedfitness
M: 3
lambda: 10
epsilon_svgd: 0.025
gamma: 0.005
decay_start_ratio: 0.05
decay_min_factor: 0.05
bandwith_kernel: None
no_interact: False
avg_score: 0.7366358041763306
median_score: 0.7380656599998474
std_score: 0.00859013944864273
percentiles: 2%=0.7191169261932373, 5%=0.7209718227386475, 10%=0.724277138710022, 25%=0.7314646244049072, 50%=0.7380656599998474, 75%=0.7428311109542847, 90%=0.746631920337677, 95%=0.7494955062866211, 98%=0.7503325343132019
ranking_best_algo: PBIL
ranking_best_score: 0.730509098125
ranking_my_rank: 1/504 (100.0%)
ranking_my_percent: 100.0
