ConfigName: kjsd__advperagentrankweighted__M3__L30__eps0p005__g0p0005__ds0p2__dm0p1
Problem: NK
Kernel: jsd
Advantage: peragentrankweighted
M: 3
lambda: 30
epsilon_svgd: 0.005
gamma: 0.0005
decay_start_ratio: 0.2
decay_min_factor: 0.1
bandwith_kernel: None
no_interact: False
avg_score: 0.7327655553817749
median_score: 0.73097163438797
std_score: 0.009721714071929455
percentiles: 2%=0.7166679501533508, 5%=0.7180715799331665, 10%=0.7213525772094727, 25%=0.7257583141326904, 50%=0.73097163438797, 75%=0.7400982975959778, 90%=0.7443311810493469, 95%=0.750106692314148, 98%=0.7517238259315491
ranking_best_algo: Tabu
ranking_best_score: 0.7429702712499999
ranking_my_rank: 2/504 (99.8%)
ranking_my_percent: 99.8015873015873
