ConfigName: kjsd__advperagentrankweighted__M5__L30__eps0p007__g0p0005__ds0p05__dm0p05
Problem: QUBO
Kernel: jsd
Advantage: peragentrankweighted
M: 5
lambda: 30
epsilon_svgd: 0.007
gamma: 0.0005
decay_start_ratio: 0.05
decay_min_factor: 0.05
bandwith_kernel: None
no_interact: False
avg_score: -1193.02001953125
median_score: -1193.0
std_score: 62.941078186035156
percentiles: 2%=-1335.280029296875, 5%=-1290.0, 10%=-1266.9000244140625, 25%=-1235.0, 50%=-1193.0, 75%=-1151.5, 90%=-1122.199951171875, 95%=-1091.199951171875, 98%=-1064.93994140625
ranking_best_algo: Tabu
ranking_best_score: 1216.16
ranking_my_rank: 48/504 (90.7%)
ranking_my_percent: 90.67460317460318
