ConfigName: kjsd__advperagentrankweighted__M4__L10__eps0p03__g0p0007__ds0p2__dm0p05
Problem: QUBO
Kernel: jsd
Advantage: peragentrankweighted
M: 4
lambda: 10
epsilon_svgd: 0.03
gamma: 0.0007
decay_start_ratio: 0.2
decay_min_factor: 0.05
bandwith_kernel: None
no_interact: False
avg_score: -137.13999938964844
median_score: -138.5
std_score: 11.349907875061035
percentiles: 2%=-160.0, 5%=-156.0500030517578, 10%=-152.0, 25%=-145.25, 50%=-138.5, 75%=-128.75, 90%=-122.80000305175781, 95%=-119.0, 98%=-113.0
ranking_best_algo: DiscreteDE
ranking_best_score: 143.4
ranking_my_rank: 164/504 (67.7%)
ranking_my_percent: 67.65873015873017
