ConfigName: kjsd__advperagentrankweighted__M5__L12__eps0p03__g0p0003__ds0p05__dm0p05
Problem: QUBO
Kernel: jsd
Advantage: peragentrankweighted
M: 5
lambda: 12
epsilon_svgd: 0.03
gamma: 0.0003
decay_start_ratio: 0.05
decay_min_factor: 0.05
bandwith_kernel: None
no_interact: False
avg_score: -2576.419921875
median_score: -2559.5
std_score: 119.3858642578125
percentiles: 2%=-2795.1201171875, 5%=-2774.300048828125, 10%=-2745.10009765625, 25%=-2646.75, 50%=-2559.5, 75%=-2486.0, 90%=-2437.699951171875, 95%=-2380.85009765625, 98%=-2373.6201171875
ranking_best_algo: DiscreteLengler2OnePlusOne
ranking_best_score: 2617.04
ranking_my_rank: 48/504 (90.7%)
ranking_my_percent: 90.67460317460318
