ConfigName: krbf__advnormalizedfitness__M4__L8__eps0p015__g0p01__ds0p3__dm0p3
Problem: NK
Kernel: rbf
Advantage: normalizedfitness
M: 4
lambda: 8
epsilon_svgd: 0.015
gamma: 0.01
decay_start_ratio: 0.3
decay_min_factor: 0.3
bandwith_kernel: None
no_interact: False
avg_score: 0.6814697980880737
median_score: 0.6775318384170532
std_score: 0.019701020792126656
percentiles: 2%=0.6544281840324402, 5%=0.6555175185203552, 10%=0.6595232486724854, 25%=0.6672308444976807, 50%=0.6775318384170532, 75%=0.6910302639007568, 90%=0.7092876434326172, 95%=0.7133658528327942, 98%=0.7247821688652039
ranking_best_algo: Tabu
ranking_best_score: 0.7470791764843752
ranking_my_rank: 314/504 (37.9%)
ranking_my_percent: 37.8968253968254
