ConfigName: krbf__advnormalizedfitness__M1__L8__eps0p025__g0p007__ds0p15__dm0p01
Problem: QUBO
Kernel: rbf
Advantage: normalizedfitness
M: 1
lambda: 8
epsilon_svgd: 0.025
gamma: 0.007
decay_start_ratio: 0.15
decay_min_factor: 0.01
bandwith_kernel: None
no_interact: False
avg_score: -1128.199951171875
median_score: -1135.5
std_score: 119.33038330078125
percentiles: 2%=-1349.0799560546875, 5%=-1264.199951171875, 10%=-1215.0999755859375, 25%=-1175.75, 50%=-1135.5, 75%=-1088.0, 90%=-1043.9000244140625, 95%=-1035.60009765625, 98%=-996.39990234375
ranking_best_algo: Tabu
ranking_best_score: 1216.16
ranking_my_rank: 160/504 (68.5%)
ranking_my_percent: 68.45238095238095
