ConfigName: kjsd__advperagentrankweighted__M4__L24__eps0p03__g0p0007__ds0p05__dm0p05
Problem: QUBO
Kernel: jsd
Advantage: peragentrankweighted
M: 4
lambda: 24
epsilon_svgd: 0.03
gamma: 0.0007
decay_start_ratio: 0.05
decay_min_factor: 0.05
bandwith_kernel: None
no_interact: False
avg_score: -940.9400024414062
median_score: -933.5
std_score: 70.1208724975586
percentiles: 2%=-1076.0, 5%=-1050.1500244140625, 10%=-1043.199951171875, 25%=-992.0, 50%=-933.5, 75%=-898.5, 90%=-846.7000122070312, 95%=-824.0999755859375, 98%=-805.4600219726562
ranking_best_algo: CMApara
ranking_best_score: 964.9
ranking_my_rank: 5/504 (99.2%)
ranking_my_percent: 99.2063492063492
