ConfigName: krbf__advnormalizedfitness__M4__L8__eps0p033__g0p015__ds0p01__dm0p3
Problem: NK
Kernel: rbf
Advantage: normalizedfitness
M: 4
lambda: 8
epsilon_svgd: 0.033
gamma: 0.015
decay_start_ratio: 0.01
decay_min_factor: 0.3
bandwith_kernel: None
no_interact: False
avg_score: 0.7331894040107727
median_score: 0.7350630760192871
std_score: 0.009357270784676075
percentiles: 2%=0.7119529843330383, 5%=0.7146967053413391, 10%=0.7182006239891052, 25%=0.7268954515457153, 50%=0.7350630760192871, 75%=0.7400396466255188, 90%=0.7440153360366821, 95%=0.7447109818458557, 98%=0.7480836510658264
ranking_best_algo: PBIL
ranking_best_score: 0.730509098125
ranking_my_rank: 1/504 (100.0%)
ranking_my_percent: 100.0
