ConfigName: kjsd__advperagentrankweighted__M3__L16__eps0p01__g0p001__ds0p2__dm0p05
Problem: QUBO
Kernel: jsd
Advantage: peragentrankweighted
M: 3
lambda: 16
epsilon_svgd: 0.01
gamma: 0.001
decay_start_ratio: 0.2
decay_min_factor: 0.05
bandwith_kernel: None
no_interact: False
avg_score: -932.3599853515625
median_score: -933.0
std_score: 64.30280303955078
percentiles: 2%=-1050.219970703125, 5%=-1043.050048828125, 10%=-1020.2999877929688, 25%=-977.5, 50%=-933.0, 75%=-886.5, 90%=-840.9000244140625, 95%=-822.6500244140625, 98%=-814.8200073242188
ranking_best_algo: CMApara
ranking_best_score: 964.9
ranking_my_rank: 19/504 (96.4%)
ranking_my_percent: 96.42857142857143
