ConfigName: krbf__advnormalizedfitness__M4__L15__eps0p025__g0p005__ds0p15__dm0p01
Problem: QUBO
Kernel: rbf
Advantage: normalizedfitness
M: 4
lambda: 15
epsilon_svgd: 0.025
gamma: 0.005
decay_start_ratio: 0.15
decay_min_factor: 0.01
bandwith_kernel: None
no_interact: False
avg_score: -2985.300048828125
median_score: -2975.0
std_score: 237.68775939941406
percentiles: 2%=-3436.47998046875, 5%=-3385.10009765625, 10%=-3316.39990234375, 25%=-3167.0, 50%=-2975.0, 75%=-2793.0, 90%=-2679.199951171875, 95%=-2621.300048828125, 98%=-2571.760009765625
ranking_best_algo: RLSOnePlusOne
ranking_best_score: 3316.5199999999995
ranking_my_rank: 131/504 (74.2%)
ranking_my_percent: 74.2063492063492
