ConfigName: krbf__advnormalizedfitness__M3__L15__eps0p015__g0p005__ds0p15__dm0p3
Problem: QUBO
Kernel: rbf
Advantage: normalizedfitness
M: 3
lambda: 15
epsilon_svgd: 0.015
gamma: 0.005
decay_start_ratio: 0.15
decay_min_factor: 0.3
bandwith_kernel: None
no_interact: False
avg_score: -2318.199951171875
median_score: -2316.5
std_score: 176.60610961914062
percentiles: 2%=-2658.52001953125, 5%=-2608.050048828125, 10%=-2544.300048828125, 25%=-2453.25, 50%=-2316.5, 75%=-2174.0, 90%=-2086.0, 95%=-2052.60009765625, 98%=-2010.97998046875
ranking_best_algo: DiscreteLengler2OnePlusOne
ranking_best_score: 2617.04
ranking_my_rank: 157/504 (69.0%)
ranking_my_percent: 69.04761904761905
