ConfigName: kjsd__advperagentrankweighted__M3__L24__eps0p005__g0p0005__ds0p1__dm0p2
Problem: NK
Kernel: jsd
Advantage: peragentrankweighted
M: 3
lambda: 24
epsilon_svgd: 0.005
gamma: 0.0005
decay_start_ratio: 0.1
decay_min_factor: 0.2
bandwith_kernel: None
no_interact: False
avg_score: 0.757053017616272
median_score: 0.75786292552948
std_score: 0.011707992292940617
percentiles: 2%=0.7360641956329346, 5%=0.7389621734619141, 10%=0.74207603931427, 25%=0.7490526437759399, 50%=0.75786292552948, 75%=0.7653241157531738, 90%=0.7714349031448364, 95%=0.7752326130867004, 98%=0.7797051072120667
ranking_best_algo: Tabu
ranking_best_score: 0.7470791764843752
ranking_my_rank: 1/504 (100.0%)
ranking_my_percent: 100.0
