ConfigName: kjsd__advperagentrankweighted__M3__L20__eps0p007__g0p001__ds0p05__dm0p2
Problem: NK
Kernel: jsd
Advantage: peragentrankweighted
M: 3
lambda: 20
epsilon_svgd: 0.007
gamma: 0.001
decay_start_ratio: 0.05
decay_min_factor: 0.2
bandwith_kernel: None
no_interact: False
avg_score: 0.7104268670082092
median_score: 0.7113591432571411
std_score: 0.015301880426704884
percentiles: 2%=0.6719491481781006, 5%=0.6727690696716309, 10%=0.6932002305984497, 25%=0.706336498260498, 50%=0.7113591432571411, 75%=0.7188843488693237, 90%=0.7250766158103943, 95%=0.733226478099823, 98%=0.7343945503234863
ranking_best_algo: CMApara
ranking_best_score: 0.707475975
ranking_my_rank: 1/504 (100.0%)
ranking_my_percent: 100.0
