ConfigName: kjsd__advperagentrankweighted__M3__L30__eps0p005__g0p001__ds0p05__dm0p05
Problem: NK
Kernel: jsd
Advantage: peragentrankweighted
M: 3
lambda: 30
epsilon_svgd: 0.005
gamma: 0.001
decay_start_ratio: 0.05
decay_min_factor: 0.05
bandwith_kernel: None
no_interact: False
avg_score: 0.7453064918518066
median_score: 0.7423104643821716
std_score: 0.027917424216866493
percentiles: 2%=0.7053948044776917, 5%=0.7081296443939209, 10%=0.7125221490859985, 25%=0.7211123108863831, 50%=0.7423104643821716, 75%=0.7585474252700806, 90%=0.7783373594284058, 95%=0.8044838309288025, 98%=0.8118547797203064
ranking_best_algo: CMApara
ranking_best_score: 0.7459277895312499
ranking_my_rank: 2/504 (99.8%)
ranking_my_percent: 99.8015873015873
