ConfigName: kjsd__advperagentrankweighted__M4__L24__eps0p005__g0p0003__ds0p2__dm0p05
Problem: QUBO
Kernel: jsd
Advantage: peragentrankweighted
M: 4
lambda: 24
epsilon_svgd: 0.005
gamma: 0.0003
decay_start_ratio: 0.2
decay_min_factor: 0.05
bandwith_kernel: None
no_interact: False
avg_score: -1630.6600341796875
median_score: -1626.0
std_score: 63.72930908203125
percentiles: 2%=-1749.1600341796875, 5%=-1729.449951171875, 10%=-1711.5, 25%=-1683.25, 50%=-1626.0, 75%=-1582.5, 90%=-1540.5999755859375, 95%=-1529.0, 98%=-1518.800048828125
ranking_best_algo: NLOPT_LN_PRAXIS
ranking_best_score: 1607.12
ranking_my_rank: 1/504 (100.0%)
ranking_my_percent: 100.0
