ConfigName: kjsd__advperagentrankweighted__M8__L24__eps0p008__g0p0005__ds0p05__dm0p05
Problem: QUBO
Kernel: jsd
Advantage: peragentrankweighted
M: 8
lambda: 24
epsilon_svgd: 0.008
gamma: 0.0005
decay_start_ratio: 0.05
decay_min_factor: 0.05
bandwith_kernel: None
no_interact: False
avg_score: -203.3000030517578
median_score: -203.5
std_score: 11.183469772338867
percentiles: 2%=-224.0, 5%=-224.0, 10%=-221.0, 25%=-209.0, 50%=-203.5, 75%=-197.0, 90%=-186.89999389648438, 95%=-184.0, 98%=-180.97999572753906
ranking_best_algo: Tabu
ranking_best_score: 208.36000000000004
ranking_my_rank: 21/504 (96.0%)
ranking_my_percent: 96.03174603174604
