ConfigName: krbf__advnormalizedfitness__M2__L10__eps0p025__g0p015__ds0p15__dm0p01
Problem: QUBO
Kernel: rbf
Advantage: normalizedfitness
M: 2
lambda: 10
epsilon_svgd: 0.025
gamma: 0.015
decay_start_ratio: 0.15
decay_min_factor: 0.01
bandwith_kernel: None
no_interact: False
avg_score: -1224.6199951171875
median_score: -1233.0
std_score: 65.5176010131836
percentiles: 2%=-1353.1199951171875, 5%=-1335.800048828125, 10%=-1306.300048828125, 25%=-1269.25, 50%=-1233.0, 75%=-1173.5, 90%=-1134.800048828125, 95%=-1118.5999755859375, 98%=-1106.9599609375
ranking_best_algo: SVMMetaModelLogNormal
ranking_best_score: 1233.7999999999997
ranking_my_rank: 14/504 (97.4%)
ranking_my_percent: 97.42063492063492
