ConfigName: krbf__advnormalizedfitness__M2__L8__eps0p015__g0p005__ds0p15__dm0p01
Problem: NK
Kernel: rbf
Advantage: normalizedfitness
M: 2
lambda: 8
epsilon_svgd: 0.015
gamma: 0.005
decay_start_ratio: 0.15
decay_min_factor: 0.01
bandwith_kernel: None
no_interact: False
avg_score: 0.7471343278884888
median_score: 0.7466630339622498
std_score: 0.009418080560863018
percentiles: 2%=0.7323550581932068, 5%=0.7344756722450256, 10%=0.7365224361419678, 25%=0.740411639213562, 50%=0.7466630339622498, 75%=0.7528012990951538, 90%=0.7611528635025024, 95%=0.7638908624649048, 98%=0.766383707523346
ranking_best_algo: PBIL
ranking_best_score: 0.733570253046875
ranking_my_rank: 1/504 (100.0%)
ranking_my_percent: 100.0
