ConfigName: kjsd__advperagentrankweighted__M3__L30__eps0p005__g0p0005__ds0p1__dm0p05
Problem: NK
Kernel: jsd
Advantage: peragentrankweighted
M: 3
lambda: 30
epsilon_svgd: 0.005
gamma: 0.0005
decay_start_ratio: 0.1
decay_min_factor: 0.05
bandwith_kernel: None
no_interact: False
avg_score: 0.7507455945014954
median_score: 0.749477744102478
std_score: 0.010490896180272102
percentiles: 2%=0.7304303050041199, 5%=0.7358231544494629, 10%=0.7382839918136597, 25%=0.7434402704238892, 50%=0.749477744102478, 75%=0.7578881978988647, 90%=0.7651228308677673, 95%=0.7689504027366638, 98%=0.7734907269477844
ranking_best_algo: PBIL
ranking_best_score: 0.733570253046875
ranking_my_rank: 1/504 (100.0%)
ranking_my_percent: 100.0
