ConfigName: kjsd__advperagentrankweighted__M3__L20__eps0p007__g0p003__ds0p1__dm0p1
Problem: QUBO
Kernel: jsd
Advantage: peragentrankweighted
M: 3
lambda: 20
epsilon_svgd: 0.007
gamma: 0.003
decay_start_ratio: 0.1
decay_min_factor: 0.1
bandwith_kernel: None
no_interact: False
avg_score: -139.47999572753906
median_score: -141.0
std_score: 12.506382942199707
percentiles: 2%=-160.0, 5%=-159.0500030517578, 10%=-158.0, 25%=-149.0, 50%=-141.0, 75%=-129.0, 90%=-125.0, 95%=-117.0, 98%=-112.91999816894531
ranking_best_algo: DiscreteDE
ranking_best_score: 143.4
ranking_my_rank: 85/504 (83.3%)
ranking_my_percent: 83.33333333333333
