ConfigName: kjsd__advperagentrankweighted__M5__L12__eps0p02__g0p0003__ds0p05__dm0p05
Problem: NK
Kernel: jsd
Advantage: peragentrankweighted
M: 5
lambda: 12
epsilon_svgd: 0.02
gamma: 0.0003
decay_start_ratio: 0.05
decay_min_factor: 0.05
bandwith_kernel: None
no_interact: False
avg_score: 0.7398956418037415
median_score: 0.7365648746490479
std_score: 0.028781326487660408
percentiles: 2%=0.6939700245857239, 5%=0.7043958306312561, 10%=0.7061601877212524, 25%=0.717647135257721, 50%=0.7365648746490479, 75%=0.7515254020690918, 90%=0.7722695469856262, 95%=0.8044298887252808, 98%=0.8118547797203064
ranking_best_algo: CMApara
ranking_best_score: 0.7459277895312499
ranking_my_rank: 53/504 (89.7%)
ranking_my_percent: 89.68253968253968
