ConfigName: krbf__advnormalizedfitness__M3__L10__eps0p025__g0p01__ds0p15__dm0p3
Problem: NK
Kernel: rbf
Advantage: normalizedfitness
M: 3
lambda: 10
epsilon_svgd: 0.025
gamma: 0.01
decay_start_ratio: 0.15
decay_min_factor: 0.3
bandwith_kernel: None
no_interact: False
avg_score: 0.7549163699150085
median_score: 0.7552558183670044
std_score: 0.0132431136444211
percentiles: 2%=0.7295453548431396, 5%=0.733478844165802, 10%=0.7383593320846558, 25%=0.7458988428115845, 50%=0.7552558183670044, 75%=0.7666413187980652, 90%=0.7703797817230225, 95%=0.7719643712043762, 98%=0.7795225977897644
ranking_best_algo: Tabu
ranking_best_score: 0.7657846284375001
ranking_my_rank: 7/504 (98.8%)
ranking_my_percent: 98.80952380952381
