ConfigName: kjsd__advperagentrankweighted__M8__L12__eps0p005__g0p0005__ds0p05__dm0p05
Problem: NK
Kernel: jsd
Advantage: peragentrankweighted
M: 8
lambda: 12
epsilon_svgd: 0.005
gamma: 0.0005
decay_start_ratio: 0.05
decay_min_factor: 0.05
bandwith_kernel: None
no_interact: False
avg_score: 0.7579250931739807
median_score: 0.758825421333313
std_score: 0.013221273198723793
percentiles: 2%=0.7311504483222961, 5%=0.7336511611938477, 10%=0.7393274903297424, 25%=0.7491087317466736, 50%=0.758825421333313, 75%=0.7682095766067505, 90%=0.7728369235992432, 95%=0.7763186693191528, 98%=0.7795925140380859
ranking_best_algo: Tabu
ranking_best_score: 0.7657846284375001
ranking_my_rank: 2/504 (99.8%)
ranking_my_percent: 99.8015873015873
