ConfigName: kfr__advglobalrankweighted__M2__L11__eps0p01__g0p003__ds0p01__dm0p01
Problem: QUBO
Kernel: fr
Advantage: globalrankweighted
M: 2
lambda: 11
epsilon_svgd: 0.01
gamma: 0.003
decay_start_ratio: 0.01
decay_min_factor: 0.01
bandwith_kernel: None
no_interact: False
avg_score: -2614.719970703125
median_score: -2620.0
std_score: 116.76575469970703
percentiles: 2%=-2849.0, 5%=-2791.050048828125, 10%=-2756.39990234375, 25%=-2691.0, 50%=-2620.0, 75%=-2532.25, 90%=-2483.5, 95%=-2422.900146484375, 98%=-2388.919677734375
ranking_best_algo: DiscreteLengler2OnePlusOne
ranking_best_score: 2617.04
ranking_my_rank: 2/504 (99.8%)
ranking_my_percent: 99.8015873015873
