ConfigName: kjsd__advperagentrankweighted__M4__L20__eps0p007__g0p0005__ds0p1__dm0p2
Problem: NK
Kernel: jsd
Advantage: peragentrankweighted
M: 4
lambda: 20
epsilon_svgd: 0.007
gamma: 0.0005
decay_start_ratio: 0.1
decay_min_factor: 0.2
bandwith_kernel: None
no_interact: False
avg_score: 0.710496187210083
median_score: 0.7110269069671631
std_score: 0.015424029901623726
percentiles: 2%=0.6716732382774353, 5%=0.6726609468460083, 10%=0.6972772479057312, 25%=0.7075988054275513, 50%=0.7110269069671631, 75%=0.7197138071060181, 90%=0.7255130410194397, 95%=0.7327597141265869, 98%=0.733463704586029
ranking_best_algo: CMApara
ranking_best_score: 0.707475975
ranking_my_rank: 1/504 (100.0%)
ranking_my_percent: 100.0
