ConfigName: kjsd__advperagentrankweighted__M4__L12__eps0p03__g0p0003__ds0p2__dm0p05
Problem: QUBO
Kernel: jsd
Advantage: peragentrankweighted
M: 4
lambda: 12
epsilon_svgd: 0.03
gamma: 0.0003
decay_start_ratio: 0.2
decay_min_factor: 0.05
bandwith_kernel: None
no_interact: False
avg_score: -1250.260009765625
median_score: -1249.5
std_score: 58.32728958129883
percentiles: 2%=-1377.6800537109375, 5%=-1357.0999755859375, 10%=-1323.699951171875, 25%=-1280.0, 50%=-1249.5, 75%=-1209.75, 90%=-1174.800048828125, 95%=-1164.800048828125, 98%=-1156.800048828125
ranking_best_algo: BigLognormalDiscreteOnePlusOne
ranking_best_score: 1301.3600000000004
ranking_my_rank: 56/504 (89.1%)
ranking_my_percent: 89.08730158730158
