ConfigName: kfr__advglobalrankweighted__M6__L8__eps0p01__g0p007__ds0p01__dm0p01
Problem: QUBO
Kernel: fr
Advantage: globalrankweighted
M: 6
lambda: 8
epsilon_svgd: 0.01
gamma: 0.007
decay_start_ratio: 0.01
decay_min_factor: 0.01
bandwith_kernel: None
no_interact: False
avg_score: -390.8800048828125
median_score: -388.0
std_score: 29.947046279907227
percentiles: 2%=-449.0799865722656, 5%=-445.0, 10%=-427.3999938964844, 25%=-412.25, 50%=-388.0, 75%=-371.0, 90%=-352.5, 95%=-341.95001220703125, 98%=-329.9599914550781
ranking_best_algo: CMAL3
ranking_best_score: 435.36
ranking_my_rank: 264/504 (47.8%)
ranking_my_percent: 47.817460317460316
