ConfigName: kjsd__advperagentrankweighted__M3__L18__eps0p007__g0p0005__ds0p2__dm0p1
Problem: NK
Kernel: jsd
Advantage: peragentrankweighted
M: 3
lambda: 18
epsilon_svgd: 0.007
gamma: 0.0005
decay_start_ratio: 0.2
decay_min_factor: 0.1
bandwith_kernel: None
no_interact: False
avg_score: 0.7067058086395264
median_score: 0.7090612649917603
std_score: 0.01178742665797472
percentiles: 2%=0.6867565512657166, 5%=0.6890995502471924, 10%=0.6908767223358154, 25%=0.6959024667739868, 50%=0.7090612649917603, 75%=0.716941237449646, 90%=0.7199065685272217, 95%=0.7215369939804077, 98%=0.7245113253593445
ranking_best_algo: PBIL
ranking_best_score: 0.7013553837109374
ranking_my_rank: 1/504 (100.0%)
ranking_my_percent: 100.0
