ConfigName: kjsd__advperagentrankweighted__M3__L18__eps0p01__g0p0007__ds0p1__dm0p05
Problem: QUBO
Kernel: jsd
Advantage: peragentrankweighted
M: 3
lambda: 18
epsilon_svgd: 0.01
gamma: 0.0007
decay_start_ratio: 0.1
decay_min_factor: 0.05
bandwith_kernel: None
no_interact: False
avg_score: -427.1600036621094
median_score: -426.5
std_score: 28.436145782470703
percentiles: 2%=-475.20001220703125, 5%=-473.1000061035156, 10%=-463.1000061035156, 25%=-450.25, 50%=-426.5, 75%=-410.75, 90%=-394.79998779296875, 95%=-377.8999938964844, 98%=-369.7200012207031
ranking_best_algo: CMAL3
ranking_best_score: 435.36
ranking_my_rank: 19/504 (96.4%)
ranking_my_percent: 96.42857142857143
