ConfigName: kjsd__advperagentrankweighted__M4__L24__eps0p02__g0p0005__ds0p2__dm0p05
Problem: NK
Kernel: jsd
Advantage: peragentrankweighted
M: 4
lambda: 24
epsilon_svgd: 0.02
gamma: 0.0005
decay_start_ratio: 0.2
decay_min_factor: 0.05
bandwith_kernel: None
no_interact: False
avg_score: 0.7094072699546814
median_score: 0.710720419883728
std_score: 0.015475660562515259
percentiles: 2%=0.6706784963607788, 5%=0.6718941926956177, 10%=0.6942247748374939, 25%=0.7069028615951538, 50%=0.710720419883728, 75%=0.7182924747467041, 90%=0.7251555919647217, 95%=0.7320667505264282, 98%=0.7333219051361084
ranking_best_algo: CMApara
ranking_best_score: 0.707475975
ranking_my_rank: 1/504 (100.0%)
ranking_my_percent: 100.0
