ConfigName: kjsd__advperagentrankweighted__M4__L10__eps0p01__g0p0003__ds0p4__dm0p05
Problem: QUBO
Kernel: jsd
Advantage: peragentrankweighted
M: 4
lambda: 10
epsilon_svgd: 0.01
gamma: 0.0003
decay_start_ratio: 0.4
decay_min_factor: 0.05
bandwith_kernel: None
no_interact: False
avg_score: -3260.139892578125
median_score: -3251.0
std_score: 126.36209869384766
percentiles: 2%=-3504.93994140625, 5%=-3480.0, 10%=-3430.89990234375, 25%=-3341.5, 50%=-3251.0, 75%=-3185.25, 90%=-3088.60009765625, 95%=-3047.699951171875, 98%=-3030.840087890625
ranking_best_algo: RLSOnePlusOne
ranking_best_score: 3316.5199999999995
ranking_my_rank: 15/504 (97.2%)
ranking_my_percent: 97.22222222222223
