ConfigName: krbf__advnormalizedfitness__M4__L12__eps0p015__g0p007__ds0p15__dm0p01
Problem: QUBO
Kernel: rbf
Advantage: normalizedfitness
M: 4
lambda: 12
epsilon_svgd: 0.015
gamma: 0.007
decay_start_ratio: 0.15
decay_min_factor: 0.01
bandwith_kernel: None
no_interact: False
avg_score: -1261.199951171875
median_score: -1250.5
std_score: 120.25298309326172
percentiles: 2%=-1499.56005859375, 5%=-1485.449951171875, 10%=-1449.199951171875, 25%=-1347.0, 50%=-1250.5, 75%=-1180.0, 90%=-1114.199951171875, 95%=-1080.800048828125, 98%=-1046.719970703125
ranking_best_algo: NLOPT_LN_PRAXIS
ranking_best_score: 1607.12
ranking_my_rank: 212/504 (58.1%)
ranking_my_percent: 58.13492063492063
