ConfigName: krbf__advnormalizedfitness__M4__L15__eps0p033__g0p01__ds0p3__dm0p3
Problem: QUBO
Kernel: rbf
Advantage: normalizedfitness
M: 4
lambda: 15
epsilon_svgd: 0.033
gamma: 0.01
decay_start_ratio: 0.3
decay_min_factor: 0.3
bandwith_kernel: None
no_interact: False
avg_score: -821.4000244140625
median_score: -811.0
std_score: 75.28253173828125
percentiles: 2%=-977.7999877929688, 5%=-963.5499877929688, 10%=-924.2000122070312, 25%=-866.25, 50%=-811.0, 75%=-768.0, 90%=-737.5999755859375, 95%=-704.6000366210938, 98%=-687.0
ranking_best_algo: CMApara
ranking_best_score: 964.9
ranking_my_rank: 276/504 (45.4%)
ranking_my_percent: 45.43650793650794
