ConfigName: kjsd__advperagentrankweighted__M4__L8__eps0p005__g0p0005__ds0p2__dm0p05
Problem: QUBO
Kernel: jsd
Advantage: peragentrankweighted
M: 4
lambda: 8
epsilon_svgd: 0.005
gamma: 0.0005
decay_start_ratio: 0.2
decay_min_factor: 0.05
bandwith_kernel: None
no_interact: False
avg_score: -200.6199951171875
median_score: -201.5
std_score: 13.30622386932373
percentiles: 2%=-224.0, 5%=-224.0, 10%=-219.10000610351562, 25%=-209.0, 50%=-201.5, 75%=-191.0, 90%=-181.0, 95%=-178.9499969482422, 98%=-177.9600067138672
ranking_best_algo: Tabu
ranking_best_score: 208.36000000000004
ranking_my_rank: 46/504 (91.1%)
ranking_my_percent: 91.07142857142857
