ConfigName: krbf__advnormalizedfitness__M3__L12__eps0p033__g0p007__ds0p01__dm0p01
Problem: NK
Kernel: rbf
Advantage: normalizedfitness
M: 3
lambda: 12
epsilon_svgd: 0.033
gamma: 0.007
decay_start_ratio: 0.01
decay_min_factor: 0.01
bandwith_kernel: None
no_interact: False
avg_score: 0.7472698092460632
median_score: 0.7481918334960938
std_score: 0.009634622372686863
percentiles: 2%=0.7293837666511536, 5%=0.7315138578414917, 10%=0.7335692048072815, 25%=0.7396610975265503, 50%=0.7481918334960938, 75%=0.75487220287323, 90%=0.7591098546981812, 95%=0.7609910368919373, 98%=0.7638405561447144
ranking_best_algo: PBIL
ranking_best_score: 0.733570253046875
ranking_my_rank: 1/504 (100.0%)
ranking_my_percent: 100.0
