ConfigName: kjsd__advperagentrankweighted__M5__L10__eps0p02__g0p0005__ds0p2__dm0p05
Problem: QUBO
Kernel: jsd
Advantage: peragentrankweighted
M: 5
lambda: 10
epsilon_svgd: 0.02
gamma: 0.0005
decay_start_ratio: 0.2
decay_min_factor: 0.05
bandwith_kernel: None
no_interact: False
avg_score: -198.86000061035156
median_score: -200.5
std_score: 12.447505950927734
percentiles: 2%=-222.0399932861328, 5%=-219.0500030517578, 10%=-213.10000610351562, 25%=-207.0, 50%=-200.5, 75%=-191.0, 90%=-183.89999389648438, 95%=-177.89999389648438, 98%=-173.83999633789062
ranking_best_algo: Tabu
ranking_best_score: 208.36000000000004
ranking_my_rank: 89/504 (82.5%)
ranking_my_percent: 82.53968253968254
