ConfigName: kjsd__advperagentrankweighted__M4__L10__eps0p01__g0p0005__ds0p4__dm0p05
Problem: NK
Kernel: jsd
Advantage: peragentrankweighted
M: 4
lambda: 10
epsilon_svgd: 0.01
gamma: 0.0005
decay_start_ratio: 0.4
decay_min_factor: 0.05
bandwith_kernel: None
no_interact: False
avg_score: 0.7156125903129578
median_score: 0.7153729200363159
std_score: 0.007198025472462177
percentiles: 2%=0.7044005990028381, 5%=0.7053437232971191, 10%=0.7066702246665955, 25%=0.7099223732948303, 50%=0.7153729200363159, 75%=0.7207567095756531, 90%=0.7247419953346252, 95%=0.7264224886894226, 98%=0.7298880815505981
ranking_best_algo: PBIL
ranking_best_score: 0.7170882103515624
ranking_my_rank: 39/504 (92.5%)
ranking_my_percent: 92.46031746031746
