ConfigName: krbf__advnormalizedfitness__M3__L8__eps0p025__g0p01__ds0p15__dm0p3
Problem: QUBO
Kernel: rbf
Advantage: normalizedfitness
M: 3
lambda: 8
epsilon_svgd: 0.025
gamma: 0.01
decay_start_ratio: 0.15
decay_min_factor: 0.3
bandwith_kernel: None
no_interact: False
avg_score: -3087.139892578125
median_score: -3074.5
std_score: 183.87709045410156
percentiles: 2%=-3439.56005859375, 5%=-3372.39990234375, 10%=-3321.0, 25%=-3237.0, 50%=-3074.5, 75%=-2950.0, 90%=-2854.0, 95%=-2829.050048828125, 98%=-2737.31982421875
ranking_best_algo: RLSOnePlusOne
ranking_best_score: 3316.5199999999995
ranking_my_rank: 86/504 (83.1%)
ranking_my_percent: 83.13492063492063
