ConfigName: krbf__advnormalizedfitness__M2__L9__eps0p02__g0p003__ds0p01__dm0p01
Problem: QUBO
Kernel: rbf
Advantage: normalizedfitness
M: 2
lambda: 9
epsilon_svgd: 0.02
gamma: 0.003
decay_start_ratio: 0.01
decay_min_factor: 0.01
bandwith_kernel: None
no_interact: False
avg_score: -883.52001953125
median_score: -872.0
std_score: 66.53292083740234
percentiles: 2%=-1040.0799560546875, 5%=-990.4500122070312, 10%=-971.2000122070312, 25%=-923.75, 50%=-872.0, 75%=-839.25, 90%=-805.7999877929688, 95%=-790.9500122070312, 98%=-744.9199829101562
ranking_best_algo: CMAL3
ranking_best_score: 928.5800000000002
ranking_my_rank: 109/504 (78.6%)
ranking_my_percent: 78.57142857142857
