ConfigName: kjsd__advperagentrankweighted__M5__L8__eps0p01__g0p0003__ds0p05__dm0p05
Problem: QUBO
Kernel: jsd
Advantage: peragentrankweighted
M: 5
lambda: 8
epsilon_svgd: 0.01
gamma: 0.0003
decay_start_ratio: 0.05
decay_min_factor: 0.05
bandwith_kernel: None
no_interact: False
avg_score: -2633.43994140625
median_score: -2633.5
std_score: 117.47036743164062
percentiles: 2%=-2862.0, 5%=-2827.10009765625, 10%=-2787.39990234375, 25%=-2719.5, 50%=-2633.5, 75%=-2543.5, 90%=-2475.60009765625, 95%=-2457.800048828125, 98%=-2437.320068359375
ranking_best_algo: DiscreteLengler2OnePlusOne
ranking_best_score: 2617.04
ranking_my_rank: 1/504 (100.0%)
ranking_my_percent: 100.0
