ConfigName: kjsd__advperagentrankweighted__M3__L18__eps0p01__g0p0007__ds0p05__dm0p2
Problem: QUBO
Kernel: jsd
Advantage: peragentrankweighted
M: 3
lambda: 18
epsilon_svgd: 0.01
gamma: 0.0007
decay_start_ratio: 0.05
decay_min_factor: 0.2
bandwith_kernel: None
no_interact: False
avg_score: -912.4000244140625
median_score: -910.0
std_score: 58.60597229003906
percentiles: 2%=-1024.06005859375, 5%=-1013.0499877929688, 10%=-1003.2999877929688, 25%=-950.25, 50%=-910.0, 75%=-870.75, 90%=-837.0, 95%=-826.7000122070312, 98%=-818.8599853515625
ranking_best_algo: CMAL3
ranking_best_score: 928.5800000000002
ranking_my_rank: 20/504 (96.2%)
ranking_my_percent: 96.23015873015873
