ConfigName: krbf__advnormalizedfitness__M2__L8__eps0p015__g0p005__ds0p15__dm0p01
Problem: QUBO
Kernel: rbf
Advantage: normalizedfitness
M: 2
lambda: 8
epsilon_svgd: 0.015
gamma: 0.005
decay_start_ratio: 0.15
decay_min_factor: 0.01
bandwith_kernel: None
no_interact: False
avg_score: -144.94000244140625
median_score: -145.0
std_score: 13.754867553710938
percentiles: 2%=-179.0, 5%=-179.0, 10%=-160.0, 25%=-153.0, 50%=-145.0, 75%=-136.0, 90%=-131.0, 95%=-124.5999984741211, 98%=-115.95999908447266
ranking_best_algo: CMApara
ranking_best_score: 154.28
ranking_my_rank: 175/504 (65.5%)
ranking_my_percent: 65.47619047619048
