ConfigName: krbf__advnormalizedfitness__M1__L8__eps0p025__g0p015__ds0p15__dm0p3
Problem: NK
Kernel: rbf
Advantage: normalizedfitness
M: 1
lambda: 8
epsilon_svgd: 0.025
gamma: 0.015
decay_start_ratio: 0.15
decay_min_factor: 0.3
bandwith_kernel: None
no_interact: False
avg_score: 0.7440512180328369
median_score: 0.7423886060714722
std_score: 0.017184322699904442
percentiles: 2%=0.7109776139259338, 5%=0.7145510911941528, 10%=0.7203368544578552, 25%=0.7348116636276245, 50%=0.7423886060714722, 75%=0.7563177943229675, 90%=0.7665390372276306, 95%=0.7713677287101746, 98%=0.7767349481582642
ranking_best_algo: Tabu
ranking_best_score: 0.7657846284375001
ranking_my_rank: 52/504 (89.9%)
ranking_my_percent: 89.88095238095238
