ConfigName: kjsd__advperagentrankweighted__M3__L30__eps0p005__g0p001__ds0p05__dm0p1
Problem: QUBO
Kernel: jsd
Advantage: peragentrankweighted
M: 3
lambda: 30
epsilon_svgd: 0.005
gamma: 0.001
decay_start_ratio: 0.05
decay_min_factor: 0.1
bandwith_kernel: None
no_interact: False
avg_score: -425.8399963378906
median_score: -425.5
std_score: 24.192031860351562
percentiles: 2%=-481.0799865722656, 5%=-473.1000061035156, 10%=-457.3999938964844, 25%=-438.25, 50%=-425.5, 75%=-410.75, 90%=-397.0, 95%=-391.0, 98%=-382.9599914550781
ranking_best_algo: CMAL3
ranking_best_score: 435.36
ranking_my_rank: 24/504 (95.4%)
ranking_my_percent: 95.43650793650794
