ConfigName: krbf__advnormalizedfitness__M4__L8__eps0p02__g0p01__ds0p15__dm0p05
Problem: NK
Kernel: rbf
Advantage: normalizedfitness
M: 4
lambda: 8
epsilon_svgd: 0.02
gamma: 0.01
decay_start_ratio: 0.15
decay_min_factor: 0.05
bandwith_kernel: None
no_interact: False
avg_score: 0.7104992866516113
median_score: 0.7115051746368408
std_score: 0.015630077570676804
percentiles: 2%=0.670452892780304, 5%=0.6721501350402832, 10%=0.6934493780136108, 25%=0.7078126668930054, 50%=0.7115051746368408, 75%=0.7193400859832764, 90%=0.725578784942627, 95%=0.7326200604438782, 98%=0.7332698702812195
ranking_best_algo: CMApara
ranking_best_score: 0.707475975
ranking_my_rank: 1/504 (100.0%)
ranking_my_percent: 100.0
