ConfigName: kjsd__advperagentrankweighted__M4__L30__eps0p005__g0p0007__ds0p4__dm0p05
Problem: NK
Kernel: jsd
Advantage: peragentrankweighted
M: 4
lambda: 30
epsilon_svgd: 0.005
gamma: 0.0007
decay_start_ratio: 0.4
decay_min_factor: 0.05
bandwith_kernel: None
no_interact: False
avg_score: 0.7107130289077759
median_score: 0.7113020420074463
std_score: 0.015439341776072979
percentiles: 2%=0.6715957522392273, 5%=0.6728113293647766, 10%=0.6972984075546265, 25%=0.7083916664123535, 50%=0.7113020420074463, 75%=0.7195053696632385, 90%=0.7254656553268433, 95%=0.7327031493186951, 98%=0.7336024641990662
ranking_best_algo: CMApara
ranking_best_score: 0.707475975
ranking_my_rank: 1/504 (100.0%)
ranking_my_percent: 100.0
