ConfigName: kjsd__advperagentrankweighted__M3__L24__eps0p005__g0p001__ds0p05__dm0p2
Problem: QUBO
Kernel: jsd
Advantage: peragentrankweighted
M: 3
lambda: 24
epsilon_svgd: 0.005
gamma: 0.001
decay_start_ratio: 0.05
decay_min_factor: 0.2
bandwith_kernel: None
no_interact: False
avg_score: -331.260009765625
median_score: -337.5
std_score: 23.756521224975586
percentiles: 2%=-372.0, 5%=-361.54998779296875, 10%=-354.0, 25%=-346.75, 50%=-337.5, 75%=-320.0, 90%=-295.3999938964844, 95%=-286.75, 98%=-273.8399963378906
ranking_best_algo: CMApara
ranking_best_score: 344.22
ranking_my_rank: 77/504 (84.9%)
ranking_my_percent: 84.92063492063492
