ConfigName: kjsd__advperagentrankweighted__M5__L8__eps0p005__g0p0005__ds0p05__dm0p05
Problem: NK
Kernel: jsd
Advantage: peragentrankweighted
M: 5
lambda: 8
epsilon_svgd: 0.005
gamma: 0.0005
decay_start_ratio: 0.05
decay_min_factor: 0.05
bandwith_kernel: None
no_interact: False
avg_score: 0.7313573956489563
median_score: 0.7306615114212036
std_score: 0.00875126477330923
percentiles: 2%=0.71449214220047, 5%=0.7176530957221985, 10%=0.7203850150108337, 25%=0.7254729270935059, 50%=0.7306615114212036, 75%=0.7370172739028931, 90%=0.7436519861221313, 95%=0.7458407878875732, 98%=0.7477619647979736
ranking_best_algo: Tabu
ranking_best_score: 0.7429702712499999
ranking_my_rank: 2/504 (99.8%)
ranking_my_percent: 99.8015873015873
