ConfigName: krbf__advnormalizedfitness__M3__L12__eps0p033__g0p015__ds0p01__dm0p3
Problem: QUBO
Kernel: rbf
Advantage: normalizedfitness
M: 3
lambda: 12
epsilon_svgd: 0.033
gamma: 0.015
decay_start_ratio: 0.01
decay_min_factor: 0.3
bandwith_kernel: None
no_interact: False
avg_score: -1042.219970703125
median_score: -1026.5
std_score: 86.49815368652344
percentiles: 2%=-1245.1199951171875, 5%=-1207.5, 10%=-1161.0, 25%=-1086.25, 50%=-1026.5, 75%=-981.75, 90%=-937.7000122070312, 95%=-916.5000610351562, 98%=-890.5999145507812
ranking_best_algo: SVMMetaModelLogNormal
ranking_best_score: 1233.7999999999997
ranking_my_rank: 203/504 (59.9%)
ranking_my_percent: 59.92063492063492
