ConfigName: kjsd__advperagentrankweighted__M4__L20__eps0p005__g0p001__ds0p05__dm0p1
Problem: NK
Kernel: jsd
Advantage: peragentrankweighted
M: 4
lambda: 20
epsilon_svgd: 0.005
gamma: 0.001
decay_start_ratio: 0.05
decay_min_factor: 0.1
bandwith_kernel: None
no_interact: False
avg_score: 0.7552677989006042
median_score: 0.7547813653945923
std_score: 0.01444146316498518
percentiles: 2%=0.7325769662857056, 5%=0.7352608442306519, 10%=0.7363937497138977, 25%=0.7437668442726135, 50%=0.7547813653945923, 75%=0.7672992944717407, 90%=0.7734673619270325, 95%=0.7776399254798889, 98%=0.7821601033210754
ranking_best_algo: Tabu
ranking_best_score: 0.7470791764843752
ranking_my_rank: 1/504 (100.0%)
ranking_my_percent: 100.0
