ConfigName: krbf__advnormalizedfitness__M3__L12__eps0p033__g0p015__ds0p01__dm0p3
Problem: QUBO
Kernel: rbf
Advantage: normalizedfitness
M: 3
lambda: 12
epsilon_svgd: 0.033
gamma: 0.015
decay_start_ratio: 0.01
decay_min_factor: 0.3
bandwith_kernel: None
no_interact: False
avg_score: -201.27999877929688
median_score: -203.0
std_score: 12.641265869140625
percentiles: 2%=-224.0, 5%=-222.0, 10%=-220.10000610351562, 25%=-209.0, 50%=-203.0, 75%=-192.75, 90%=-184.0, 95%=-179.90000915527344, 98%=-172.0
ranking_best_algo: Tabu
ranking_best_score: 208.36000000000004
ranking_my_rank: 41/504 (92.1%)
ranking_my_percent: 92.06349206349206
