ConfigName: kjsd__advperagentrankweighted__M3__L20__eps0p005__g0p001__ds0p1__dm0p2
Problem: QUBO
Kernel: jsd
Advantage: peragentrankweighted
M: 3
lambda: 20
epsilon_svgd: 0.005
gamma: 0.001
decay_start_ratio: 0.1
decay_min_factor: 0.2
bandwith_kernel: None
no_interact: False
avg_score: -147.22000122070312
median_score: -146.0
std_score: 14.161623001098633
percentiles: 2%=-179.0, 5%=-179.0, 10%=-163.10000610351562, 25%=-155.0, 50%=-146.0, 75%=-139.0, 90%=-128.0, 95%=-126.9000015258789, 98%=-119.94000244140625
ranking_best_algo: CMApara
ranking_best_score: 154.28
ranking_my_rank: 98/504 (80.8%)
ranking_my_percent: 80.75396825396825
