ConfigName: kjsd__advperagentrankweighted__M4__L8__eps0p01__g0p0007__ds0p2__dm0p05
Problem: QUBO
Kernel: jsd
Advantage: peragentrankweighted
M: 4
lambda: 8
epsilon_svgd: 0.01
gamma: 0.0007
decay_start_ratio: 0.2
decay_min_factor: 0.05
bandwith_kernel: None
no_interact: False
avg_score: -910.6799926757812
median_score: -907.0
std_score: 59.69353103637695
percentiles: 2%=-1016.0399780273438, 5%=-1011.0999755859375, 10%=-995.0999755859375, 25%=-962.0, 50%=-907.0, 75%=-865.75, 90%=-828.0, 95%=-823.9500122070312, 98%=-812.8400268554688
ranking_best_algo: CMAL3
ranking_best_score: 928.5800000000002
ranking_my_rank: 20/504 (96.2%)
ranking_my_percent: 96.23015873015873
