ConfigName: kjsd__advperagentrankweighted__M4__L24__eps0p01__g0p0003__ds0p05__dm0p05
Problem: NK
Kernel: jsd
Advantage: peragentrankweighted
M: 4
lambda: 24
epsilon_svgd: 0.01
gamma: 0.0003
decay_start_ratio: 0.05
decay_min_factor: 0.05
bandwith_kernel: None
no_interact: False
avg_score: 0.7315183877944946
median_score: 0.7305219173431396
std_score: 0.009358929470181465
percentiles: 2%=0.7133781909942627, 5%=0.7173346281051636, 10%=0.71998131275177, 25%=0.725614070892334, 50%=0.7305219173431396, 75%=0.7363702058792114, 90%=0.7441940307617188, 95%=0.7489162087440491, 98%=0.7518372535705566
ranking_best_algo: Tabu
ranking_best_score: 0.7429702712499999
ranking_my_rank: 2/504 (99.8%)
ranking_my_percent: 99.8015873015873
