ConfigName: krbf__advnormalizedfitness__M5__L8__eps0p03__g0p005__ds0p15__dm0p05
Problem: NK
Kernel: rbf
Advantage: normalizedfitness
M: 5
lambda: 8
epsilon_svgd: 0.03
gamma: 0.005
decay_start_ratio: 0.15
decay_min_factor: 0.05
bandwith_kernel: None
no_interact: False
avg_score: 0.7059407234191895
median_score: 0.706731915473938
std_score: 0.011720177717506886
percentiles: 2%=0.6884010434150696, 5%=0.6889605522155762, 10%=0.6902555227279663, 25%=0.6949671506881714, 50%=0.706731915473938, 75%=0.7164822220802307, 90%=0.7198415994644165, 95%=0.7228367924690247, 98%=0.7248022556304932
ranking_best_algo: PBIL
ranking_best_score: 0.7013553837109374
ranking_my_rank: 1/504 (100.0%)
ranking_my_percent: 100.0
