ConfigName: krbf__advnormalizedfitness__M3__L10__eps0p015__g0p005__ds0p15__dm0p01
Problem: QUBO
Kernel: rbf
Advantage: normalizedfitness
M: 3
lambda: 10
epsilon_svgd: 0.015
gamma: 0.005
decay_start_ratio: 0.15
decay_min_factor: 0.01
bandwith_kernel: None
no_interact: False
avg_score: -310.8399963378906
median_score: -309.0
std_score: 36.84907531738281
percentiles: 2%=-392.0400085449219, 5%=-384.29998779296875, 10%=-353.5999755859375, 25%=-331.0, 50%=-309.0, 75%=-280.75, 90%=-266.0, 95%=-263.95001220703125, 98%=-258.94000244140625
ranking_best_algo: CMApara
ranking_best_score: 319.29999999999995
ranking_my_rank: 40/504 (92.3%)
ranking_my_percent: 92.26190476190476
