ConfigName: krbf__advnormalizedfitness__M3__L15__eps0p03__g0p01__ds0p05__dm0p05
Problem: NK
Kernel: rbf
Advantage: normalizedfitness
M: 3
lambda: 15
epsilon_svgd: 0.03
gamma: 0.01
decay_start_ratio: 0.05
decay_min_factor: 0.05
bandwith_kernel: None
no_interact: False
avg_score: 0.7360112071037292
median_score: 0.7356538772583008
std_score: 0.013027631677687168
percentiles: 2%=0.710857629776001, 5%=0.7150856256484985, 10%=0.7173392176628113, 25%=0.7273797988891602, 50%=0.7356538772583008, 75%=0.745447039604187, 90%=0.7505044341087341, 95%=0.7590206861495972, 98%=0.764093279838562
ranking_best_algo: PBIL
ranking_best_score: 0.733570253046875
ranking_my_rank: 1/504 (100.0%)
ranking_my_percent: 100.0
