ConfigName: krbf__advnormalizedfitness__M3__L15__eps0p015__g0p01__ds0p3__dm0p3
Problem: QUBO
Kernel: rbf
Advantage: normalizedfitness
M: 3
lambda: 15
epsilon_svgd: 0.015
gamma: 0.01
decay_start_ratio: 0.3
decay_min_factor: 0.3
bandwith_kernel: None
no_interact: False
avg_score: -319.9200134277344
median_score: -322.0
std_score: 22.689943313598633
percentiles: 2%=-353.260009765625, 5%=-352.0, 10%=-348.0, 25%=-338.0, 50%=-322.0, 75%=-304.75, 90%=-284.0, 95%=-278.0, 98%=-277.9599914550781
ranking_best_algo: CMApara
ranking_best_score: 344.22
ranking_my_rank: 177/504 (65.1%)
ranking_my_percent: 65.07936507936508
