ConfigName: krbf__advnormalizedfitness__M3__L10__eps0p025__g0p007__ds0p3__dm0p01
Problem: QUBO
Kernel: rbf
Advantage: normalizedfitness
M: 3
lambda: 10
epsilon_svgd: 0.025
gamma: 0.007
decay_start_ratio: 0.3
decay_min_factor: 0.01
bandwith_kernel: None
no_interact: False
avg_score: -934.6400146484375
median_score: -927.0
std_score: 66.26348876953125
percentiles: 2%=-1068.0799560546875, 5%=-1055.1500244140625, 10%=-1025.300048828125, 25%=-979.0, 50%=-927.0, 75%=-885.5, 90%=-862.2000122070312, 95%=-840.4000244140625, 98%=-804.9199829101562
ranking_best_algo: CMApara
ranking_best_score: 964.9
ranking_my_rank: 16/504 (97.0%)
ranking_my_percent: 97.02380952380952
