ConfigName: krbf__advnormalizedfitness__M3__L12__eps0p015__g0p015__ds0p3__dm0p3
Problem: NK
Kernel: rbf
Advantage: normalizedfitness
M: 3
lambda: 12
epsilon_svgd: 0.015
gamma: 0.015
decay_start_ratio: 0.3
decay_min_factor: 0.3
bandwith_kernel: None
no_interact: False
avg_score: 0.6500647664070129
median_score: 0.6494511961936951
std_score: 0.009472718462347984
percentiles: 2%=0.6342213153839111, 5%=0.6349332928657532, 10%=0.6380394101142883, 25%=0.6428999900817871, 50%=0.6494511961936951, 75%=0.6581130623817444, 90%=0.6627760529518127, 95%=0.6646096706390381, 98%=0.6681451797485352
ranking_best_algo: PBIL
ranking_best_score: 0.7248786399609374
ranking_my_rank: 302/504 (40.3%)
ranking_my_percent: 40.27777777777778
