ConfigName: kjsd__advperagentrankweighted__M5__L8__eps0p005__g0p0005__ds0p4__dm0p2
Problem: QUBO
Kernel: jsd
Advantage: peragentrankweighted
M: 5
lambda: 8
epsilon_svgd: 0.005
gamma: 0.0005
decay_start_ratio: 0.4
decay_min_factor: 0.2
bandwith_kernel: None
no_interact: False
avg_score: -420.9200134277344
median_score: -421.0
std_score: 23.801546096801758
percentiles: 2%=-469.1199951171875, 5%=-459.0, 10%=-452.20001220703125, 25%=-438.0, 50%=-421.0, 75%=-402.0, 90%=-392.0, 95%=-385.8999938964844, 98%=-379.9599914550781
ranking_best_algo: Tabu
ranking_best_score: 438.12
ranking_my_rank: 23/504 (95.6%)
ranking_my_percent: 95.63492063492063
