ConfigName: kjsd__advperagentrankweighted__M3__L18__eps0p01__g0p0007__ds0p1__dm0p05
Problem: QUBO
Kernel: jsd
Advantage: peragentrankweighted
M: 3
lambda: 18
epsilon_svgd: 0.01
gamma: 0.0007
decay_start_ratio: 0.1
decay_min_factor: 0.05
bandwith_kernel: None
no_interact: False
avg_score: -911.9400024414062
median_score: -913.0
std_score: 65.1847915649414
percentiles: 2%=-1031.0999755859375, 5%=-1001.0499877929688, 10%=-988.0999755859375, 25%=-965.5, 50%=-913.0, 75%=-870.75, 90%=-825.5999755859375, 95%=-808.7999877929688, 98%=-801.8599853515625
ranking_best_algo: CMAL3
ranking_best_score: 928.5800000000002
ranking_my_rank: 20/504 (96.2%)
ranking_my_percent: 96.23015873015873
