ConfigName: kjsd__advperagentrankweighted__M4__L20__eps0p007__g0p0005__ds0p1__dm0p1
Problem: QUBO
Kernel: jsd
Advantage: peragentrankweighted
M: 4
lambda: 20
epsilon_svgd: 0.007
gamma: 0.0005
decay_start_ratio: 0.1
decay_min_factor: 0.1
bandwith_kernel: None
no_interact: False
avg_score: -1620.56005859375
median_score: -1613.0
std_score: 61.939208984375
percentiles: 2%=-1751.1199951171875, 5%=-1729.5, 10%=-1705.800048828125, 25%=-1662.0, 50%=-1613.0, 75%=-1576.5, 90%=-1546.9000244140625, 95%=-1532.800048828125, 98%=-1520.8800048828125
ranking_best_algo: NLOPT_LN_PRAXIS
ranking_best_score: 1607.12
ranking_my_rank: 1/504 (100.0%)
ranking_my_percent: 100.0
