ConfigName: kjsd__advperagentrankweighted__M4__L30__eps0p005__g0p0007__ds0p4__dm0p05
Problem: QUBO
Kernel: jsd
Advantage: peragentrankweighted
M: 4
lambda: 30
epsilon_svgd: 0.005
gamma: 0.0007
decay_start_ratio: 0.4
decay_min_factor: 0.05
bandwith_kernel: None
no_interact: False
avg_score: -330.4800109863281
median_score: -334.0
std_score: 18.938045501708984
percentiles: 2%=-372.0, 5%=-354.0, 10%=-350.0, 25%=-343.0, 50%=-334.0, 75%=-316.75, 90%=-301.0, 95%=-298.0, 98%=-295.9200134277344
ranking_best_algo: CMApara
ranking_best_score: 344.22
ranking_my_rank: 78/504 (84.7%)
ranking_my_percent: 84.72222222222223
