ConfigName: kjsd__advperagentrankweighted__M5__L10__eps0p008__g0p0005__ds0p3__dm0p05
Problem: QUBO
Kernel: jsd
Advantage: peragentrankweighted
M: 5
lambda: 10
epsilon_svgd: 0.008
gamma: 0.0005
decay_start_ratio: 0.3
decay_min_factor: 0.05
bandwith_kernel: None
no_interact: False
avg_score: -149.66000366210938
median_score: -150.0
std_score: 13.840679168701172
percentiles: 2%=-179.0, 5%=-179.0, 10%=-164.0, 25%=-156.0, 50%=-150.0, 75%=-141.0, 90%=-135.0, 95%=-125.0, 98%=-119.87999725341797
ranking_best_algo: CMApara
ranking_best_score: 154.28
ranking_my_rank: 76/504 (85.1%)
ranking_my_percent: 85.11904761904762
