ConfigName: krbf__advnormalizedfitness__M4__L15__eps0p025__g0p015__ds0p15__dm0p01
Problem: QUBO
Kernel: rbf
Advantage: normalizedfitness
M: 4
lambda: 15
epsilon_svgd: 0.025
gamma: 0.015
decay_start_ratio: 0.15
decay_min_factor: 0.01
bandwith_kernel: None
no_interact: False
avg_score: -753.7000122070312
median_score: -742.5
std_score: 78.44520568847656
percentiles: 2%=-910.4000244140625, 5%=-900.0999755859375, 10%=-864.0999755859375, 25%=-806.75, 50%=-742.5, 75%=-698.75, 90%=-645.7999877929688, 95%=-632.0, 98%=-627.97998046875
ranking_best_algo: CMAL3
ranking_best_score: 928.5800000000002
ranking_my_rank: 323/504 (36.1%)
ranking_my_percent: 36.111111111111114
