ConfigName: krbf__advnormalizedfitness__M4__L8__eps0p033__g0p015__ds0p01__dm0p3
Problem: QUBO
Kernel: rbf
Advantage: normalizedfitness
M: 4
lambda: 8
epsilon_svgd: 0.033
gamma: 0.015
decay_start_ratio: 0.01
decay_min_factor: 0.3
bandwith_kernel: None
no_interact: False
avg_score: -201.3800048828125
median_score: -201.0
std_score: 11.942177772521973
percentiles: 2%=-224.0, 5%=-222.0, 10%=-217.10000610351562, 25%=-210.0, 50%=-201.0, 75%=-191.5, 90%=-185.89999389648438, 95%=-182.95001220703125, 98%=-180.87997436523438
ranking_best_algo: Tabu
ranking_best_score: 208.36000000000004
ranking_my_rank: 40/504 (92.3%)
ranking_my_percent: 92.26190476190476
