ConfigName: krbf__advnormalizedfitness__M3__L12__eps0p033__g0p01__ds0p15__dm0p3
Problem: NK
Kernel: rbf
Advantage: normalizedfitness
M: 3
lambda: 12
epsilon_svgd: 0.033
gamma: 0.01
decay_start_ratio: 0.15
decay_min_factor: 0.3
bandwith_kernel: None
no_interact: False
avg_score: 0.7226325869560242
median_score: 0.723200798034668
std_score: 0.015460471622645855
percentiles: 2%=0.6950317025184631, 5%=0.697415292263031, 10%=0.7013542652130127, 25%=0.7118798494338989, 50%=0.723200798034668, 75%=0.7344876527786255, 90%=0.742591142654419, 95%=0.7460367679595947, 98%=0.7514404654502869
ranking_best_algo: PBIL
ranking_best_score: 0.733570253046875
ranking_my_rank: 48/504 (90.7%)
ranking_my_percent: 90.67460317460318
