ConfigName: kjsd__advperagentrankweighted__M4__L10__eps0p03__g0p0005__ds0p05__dm0p05
Problem: QUBO
Kernel: jsd
Advantage: peragentrankweighted
M: 4
lambda: 10
epsilon_svgd: 0.03
gamma: 0.0005
decay_start_ratio: 0.05
decay_min_factor: 0.05
bandwith_kernel: None
no_interact: False
avg_score: -420.2799987792969
median_score: -420.5
std_score: 28.28217887878418
percentiles: 2%=-477.0, 5%=-469.20001220703125, 10%=-463.20001220703125, 25%=-436.25, 50%=-420.5, 75%=-401.75, 90%=-383.79998779296875, 95%=-374.95001220703125, 98%=-373.7200012207031
ranking_best_algo: CMAL3
ranking_best_score: 435.36
ranking_my_rank: 86/504 (83.1%)
ranking_my_percent: 83.13492063492063
