ConfigName: kjsd__advperagentrankweighted__M5__L8__eps0p02__g0p0007__ds0p2__dm0p05
Problem: NK
Kernel: jsd
Advantage: peragentrankweighted
M: 5
lambda: 8
epsilon_svgd: 0.02
gamma: 0.0007
decay_start_ratio: 0.2
decay_min_factor: 0.05
bandwith_kernel: None
no_interact: False
avg_score: 0.7354162335395813
median_score: 0.7350320816040039
std_score: 0.00794436689466238
percentiles: 2%=0.7201740145683289, 5%=0.7228487730026245, 10%=0.7259140610694885, 25%=0.729633629322052, 50%=0.7350320816040039, 75%=0.7413148880004883, 90%=0.7451615333557129, 95%=0.7491041421890259, 98%=0.7526374459266663
ranking_best_algo: PBIL
ranking_best_score: 0.733570253046875
ranking_my_rank: 1/504 (100.0%)
ranking_my_percent: 100.0
