ConfigName: kjsd__advperagentrankweighted__M4__L8__eps0p01__g0p0005__ds0p4__dm0p05
Problem: QUBO
Kernel: jsd
Advantage: peragentrankweighted
M: 4
lambda: 8
epsilon_svgd: 0.01
gamma: 0.0005
decay_start_ratio: 0.4
decay_min_factor: 0.05
bandwith_kernel: None
no_interact: False
avg_score: -197.63999938964844
median_score: -197.0
std_score: 12.307330131530762
percentiles: 2%=-222.0, 5%=-219.0, 10%=-216.10000610351562, 25%=-206.0, 50%=-197.0, 75%=-188.75, 90%=-183.0, 95%=-179.0, 98%=-173.94000244140625
ranking_best_algo: Tabu
ranking_best_score: 208.36000000000004
ranking_my_rank: 113/504 (77.8%)
ranking_my_percent: 77.77777777777777
