ConfigName: krbf__advnormalizedfitness__M3__L10__eps0p033__g0p015__ds0p01__dm0p01
Problem: QUBO
Kernel: rbf
Advantage: normalizedfitness
M: 3
lambda: 10
epsilon_svgd: 0.033
gamma: 0.015
decay_start_ratio: 0.01
decay_min_factor: 0.01
bandwith_kernel: None
no_interact: False
avg_score: -1562.6199951171875
median_score: -1561.0
std_score: 82.37643432617188
percentiles: 2%=-1732.02001953125, 5%=-1690.4000244140625, 10%=-1669.0999755859375, 25%=-1618.5, 50%=-1561.0, 75%=-1511.0, 90%=-1458.5999755859375, 95%=-1432.9500732421875, 98%=-1400.599853515625
ranking_best_algo: NLOPT_LN_PRAXIS
ranking_best_score: 1607.12
ranking_my_rank: 49/504 (90.5%)
ranking_my_percent: 90.47619047619048
