ConfigName: krbf__advnormalizedfitness__M2__L10__eps0p033__g0p007__ds0p15__dm0p01
Problem: QUBO
Kernel: rbf
Advantage: normalizedfitness
M: 2
lambda: 10
epsilon_svgd: 0.033
gamma: 0.007
decay_start_ratio: 0.15
decay_min_factor: 0.01
bandwith_kernel: None
no_interact: False
avg_score: -1608.06005859375
median_score: -1608.5
std_score: 62.123878479003906
percentiles: 2%=-1755.0400390625, 5%=-1721.0999755859375, 10%=-1684.4000244140625, 25%=-1642.5, 50%=-1608.5, 75%=-1569.0, 90%=-1530.0999755859375, 95%=-1508.800048828125, 98%=-1491.93994140625
ranking_best_algo: NLOPT_LN_PRAXIS
ranking_best_score: 1607.12
ranking_my_rank: 1/504 (100.0%)
ranking_my_percent: 100.0
