ConfigName: krbf__advnormalizedfitness__M3__L10__eps0p015__g0p007__ds0p3__dm0p3
Problem: QUBO
Kernel: rbf
Advantage: normalizedfitness
M: 3
lambda: 10
epsilon_svgd: 0.015
gamma: 0.007
decay_start_ratio: 0.3
decay_min_factor: 0.3
bandwith_kernel: None
no_interact: False
avg_score: -310.9599914550781
median_score: -313.0
std_score: 38.910133361816406
percentiles: 2%=-396.0400085449219, 5%=-390.1000061035156, 10%=-355.3999938964844, 25%=-334.5, 50%=-313.0, 75%=-274.0, 90%=-267.8999938964844, 95%=-263.9000244140625, 98%=-249.95999145507812
ranking_best_algo: CMApara
ranking_best_score: 319.29999999999995
ranking_my_rank: 40/504 (92.3%)
ranking_my_percent: 92.26190476190476
