ConfigName: kjsd__advperagentrankweighted__M4__L24__eps0p005__g0p0003__ds0p2__dm0p05
Problem: QUBO
Kernel: jsd
Advantage: peragentrankweighted
M: 4
lambda: 24
epsilon_svgd: 0.005
gamma: 0.0003
decay_start_ratio: 0.2
decay_min_factor: 0.05
bandwith_kernel: None
no_interact: False
avg_score: -2633.239990234375
median_score: -2646.0
std_score: 110.04627227783203
percentiles: 2%=-2815.840087890625, 5%=-2790.449951171875, 10%=-2774.300048828125, 25%=-2709.25, 50%=-2646.0, 75%=-2549.25, 90%=-2486.10009765625, 95%=-2445.5, 98%=-2421.360107421875
ranking_best_algo: DiscreteLengler2OnePlusOne
ranking_best_score: 2617.04
ranking_my_rank: 1/504 (100.0%)
ranking_my_percent: 100.0
