ConfigName: krbf__advnormalizedfitness__M4__L15__eps0p015__g0p007__ds0p15__dm0p01
Problem: QUBO
Kernel: rbf
Advantage: normalizedfitness
M: 4
lambda: 15
epsilon_svgd: 0.015
gamma: 0.007
decay_start_ratio: 0.15
decay_min_factor: 0.01
bandwith_kernel: None
no_interact: False
avg_score: -400.32000732421875
median_score: -400.0
std_score: 31.280305862426758
percentiles: 2%=-467.0400085449219, 5%=-457.1000061035156, 10%=-441.20001220703125, 25%=-419.75, 50%=-400.0, 75%=-376.75, 90%=-357.8999938964844, 95%=-354.9000244140625, 98%=-342.8799743652344
ranking_best_algo: CMAL3
ranking_best_score: 435.36
ranking_my_rank: 233/504 (54.0%)
ranking_my_percent: 53.96825396825397
