ConfigName: kjsd__advperagentrankweighted__M4__L30__eps0p005__g0p0005__ds0p05__dm0p05
Problem: NK
Kernel: jsd
Advantage: peragentrankweighted
M: 4
lambda: 30
epsilon_svgd: 0.005
gamma: 0.0005
decay_start_ratio: 0.05
decay_min_factor: 0.05
bandwith_kernel: None
no_interact: False
avg_score: 0.7078949213027954
median_score: 0.7108066082000732
std_score: 0.01176097895950079
percentiles: 2%=0.6888197660446167, 5%=0.6893532276153564, 10%=0.6934217214584351, 25%=0.6966633796691895, 50%=0.7108066082000732, 75%=0.7182036638259888, 90%=0.7221601009368896, 95%=0.7227264046669006, 98%=0.7244598865509033
ranking_best_algo: PBIL
ranking_best_score: 0.7013553837109374
ranking_my_rank: 1/504 (100.0%)
ranking_my_percent: 100.0
