ConfigName: kfr__advglobalrankweighted__M2__L8__eps0p02__g0p005__ds0p01__dm0p01
Problem: QUBO
Kernel: fr
Advantage: globalrankweighted
M: 2
lambda: 8
epsilon_svgd: 0.02
gamma: 0.005
decay_start_ratio: 0.01
decay_min_factor: 0.01
bandwith_kernel: None
no_interact: False
avg_score: -419.239990234375
median_score: -419.0
std_score: 34.4589958190918
percentiles: 2%=-483.0, 5%=-479.0, 10%=-467.0, 25%=-447.0, 50%=-419.0, 75%=-399.0, 90%=-372.70001220703125, 95%=-356.3500671386719, 98%=-343.9599914550781
ranking_best_algo: CMAL3
ranking_best_score: 435.36
ranking_my_rank: 95/504 (81.3%)
ranking_my_percent: 81.34920634920636
