ConfigName: kjsd__advperagentrankweighted__M5__L8__eps0p03__g0p0003__ds0p05__dm0p05
Problem: NK
Kernel: jsd
Advantage: peragentrankweighted
M: 5
lambda: 8
epsilon_svgd: 0.03
gamma: 0.0003
decay_start_ratio: 0.05
decay_min_factor: 0.05
bandwith_kernel: None
no_interact: False
avg_score: 0.6953482627868652
median_score: 0.6956709623336792
std_score: 0.006785782519727945
percentiles: 2%=0.6810333132743835, 5%=0.6827861070632935, 10%=0.6850101351737976, 25%=0.6910761594772339, 50%=0.6956709623336792, 75%=0.7005005478858948, 90%=0.7030348181724548, 95%=0.7051899433135986, 98%=0.7078932523727417
ranking_best_algo: PBIL
ranking_best_score: 0.7170882103515624
ranking_my_rank: 83/504 (83.7%)
ranking_my_percent: 83.73015873015873
