ConfigName: krbf__advnormalizedfitness__M1__L8__eps0p015__g0p005__ds0p01__dm0p3
Problem: NK
Kernel: rbf
Advantage: normalizedfitness
M: 1
lambda: 8
epsilon_svgd: 0.015
gamma: 0.005
decay_start_ratio: 0.01
decay_min_factor: 0.3
bandwith_kernel: None
no_interact: False
avg_score: 0.739818274974823
median_score: 0.741301417350769
std_score: 0.014633821323513985
percentiles: 2%=0.7071863412857056, 5%=0.7128991484642029, 10%=0.7196398973464966, 25%=0.7316740155220032, 50%=0.741301417350769, 75%=0.7486357688903809, 90%=0.7584326267242432, 95%=0.7631903290748596, 98%=0.7669238448143005
ranking_best_algo: Tabu
ranking_best_score: 0.7470791764843752
ranking_my_rank: 7/504 (98.8%)
ranking_my_percent: 98.80952380952381
