ConfigName: krbf__advnormalizedfitness__M2__L11__eps0p02__g0p007__ds0p01__dm0p01
Problem: QUBO
Kernel: rbf
Advantage: normalizedfitness
M: 2
lambda: 11
epsilon_svgd: 0.02
gamma: 0.007
decay_start_ratio: 0.01
decay_min_factor: 0.01
bandwith_kernel: None
no_interact: False
avg_score: -424.3800048828125
median_score: -425.0
std_score: 30.746959686279297
percentiles: 2%=-477.1199951171875, 5%=-475.0, 10%=-471.0, 25%=-444.25, 50%=-425.0, 75%=-400.75, 90%=-388.6000061035156, 95%=-379.8999938964844, 98%=-360.0
ranking_best_algo: CMAL3
ranking_best_score: 435.36
ranking_my_rank: 30/504 (94.2%)
ranking_my_percent: 94.24603174603175
