ConfigName: krbf__advnormalizedfitness__M3__L8__eps0p03__g0p005__ds0p15__dm0p05
Problem: NK
Kernel: rbf
Advantage: normalizedfitness
M: 3
lambda: 8
epsilon_svgd: 0.03
gamma: 0.005
decay_start_ratio: 0.15
decay_min_factor: 0.05
bandwith_kernel: None
no_interact: False
avg_score: 0.7352360486984253
median_score: 0.7370685338973999
std_score: 0.00914608221501112
percentiles: 2%=0.712549090385437, 5%=0.7205783724784851, 10%=0.7229664921760559, 25%=0.729060173034668, 50%=0.7370685338973999, 75%=0.74120032787323, 90%=0.7458083033561707, 95%=0.7480200529098511, 98%=0.7510142922401428
ranking_best_algo: PBIL
ranking_best_score: 0.730509098125
ranking_my_rank: 1/504 (100.0%)
ranking_my_percent: 100.0
