ConfigName: kjsd__advperagentrankweighted__M5__L8__eps0p01__g0p0007__ds0p05__dm0p2
Problem: QUBO
Kernel: jsd
Advantage: peragentrankweighted
M: 5
lambda: 8
epsilon_svgd: 0.01
gamma: 0.0007
decay_start_ratio: 0.05
decay_min_factor: 0.2
bandwith_kernel: None
no_interact: False
avg_score: -3279.719970703125
median_score: -3267.0
std_score: 123.26785278320312
percentiles: 2%=-3536.300048828125, 5%=-3493.800048828125, 10%=-3464.60009765625, 25%=-3352.75, 50%=-3267.0, 75%=-3198.75, 90%=-3139.60009765625, 95%=-3097.14990234375, 98%=-3027.679931640625
ranking_best_algo: RLSOnePlusOne
ranking_best_score: 3316.5199999999995
ranking_my_rank: 11/504 (98.0%)
ranking_my_percent: 98.01587301587301
