ConfigName: krbf__advnormalizedfitness__M3__L12__eps0p015__g0p005__ds0p3__dm0p3
Problem: QUBO
Kernel: rbf
Advantage: normalizedfitness
M: 3
lambda: 12
epsilon_svgd: 0.015
gamma: 0.005
decay_start_ratio: 0.3
decay_min_factor: 0.3
bandwith_kernel: None
no_interact: False
avg_score: -2873.5
median_score: -2845.0
std_score: 233.6192169189453
percentiles: 2%=-3346.10009765625, 5%=-3265.25, 10%=-3204.10009765625, 25%=-3046.25, 50%=-2845.0, 75%=-2690.5, 90%=-2591.60009765625, 95%=-2541.0, 98%=-2407.699951171875
ranking_best_algo: RLSOnePlusOne
ranking_best_score: 3316.5199999999995
ranking_my_rank: 143/504 (71.8%)
ranking_my_percent: 71.82539682539682
