ConfigName: kjsd__advperagentrankweighted__M4__L10__eps0p03__g0p0003__ds0p05__dm0p05
Problem: QUBO
Kernel: jsd
Advantage: peragentrankweighted
M: 4
lambda: 10
epsilon_svgd: 0.03
gamma: 0.0003
decay_start_ratio: 0.05
decay_min_factor: 0.05
bandwith_kernel: None
no_interact: False
avg_score: -2487.5
median_score: -2475.5
std_score: 134.75381469726562
percentiles: 2%=-2764.639892578125, 5%=-2692.0, 10%=-2653.10009765625, 25%=-2572.75, 50%=-2475.5, 75%=-2406.0, 90%=-2308.5, 95%=-2265.75, 98%=-2245.39990234375
ranking_best_algo: DiscreteLengler2OnePlusOne
ranking_best_score: 2617.04
ranking_my_rank: 77/504 (84.9%)
ranking_my_percent: 84.92063492063492
