ConfigName: kfr__advglobalrankweighted__M1__L8__eps0p015__g0p007__ds0p01__dm0p01
Problem: QUBO
Kernel: fr
Advantage: globalrankweighted
M: 1
lambda: 8
epsilon_svgd: 0.015
gamma: 0.007
decay_start_ratio: 0.01
decay_min_factor: 0.01
bandwith_kernel: None
no_interact: False
avg_score: -555.3800048828125
median_score: -558.5
std_score: 32.49885559082031
percentiles: 2%=-627.02001953125, 5%=-607.0999755859375, 10%=-593.0999755859375, 25%=-576.0, 50%=-558.5, 75%=-533.75, 90%=-513.9000244140625, 95%=-501.70001220703125, 98%=-491.8399658203125
ranking_best_algo: Tabu
ranking_best_score: 588.7199999999999
ranking_my_rank: 144/503 (71.6%)
ranking_my_percent: 71.57057654075547
