ConfigName: kfr__advglobalrankweighted__M2__L9__eps0p01__g0p005__ds0p01__dm0p01
Problem: NK
Kernel: fr
Advantage: globalrankweighted
M: 2
lambda: 9
epsilon_svgd: 0.01
gamma: 0.005
decay_start_ratio: 0.01
decay_min_factor: 0.01
bandwith_kernel: None
no_interact: False
avg_score: 0.7226393818855286
median_score: 0.7222732901573181
std_score: 0.007945239543914795
percentiles: 2%=0.7083022594451904, 5%=0.7106075882911682, 10%=0.7122563123703003, 25%=0.7178711891174316, 50%=0.7222732901573181, 75%=0.7272229194641113, 90%=0.7327240705490112, 95%=0.7361523509025574, 98%=0.7403444647789001
ranking_best_algo: PBIL
ranking_best_score: 0.7170882103515624
ranking_my_rank: 1/504 (100.0%)
ranking_my_percent: 100.0
