ConfigName: kjsd__advperagentrankweighted__M4__L20__eps0p005__g0p0005__ds0p05__dm0p2
Problem: NK
Kernel: jsd
Advantage: peragentrankweighted
M: 4
lambda: 20
epsilon_svgd: 0.005
gamma: 0.0005
decay_start_ratio: 0.05
decay_min_factor: 0.2
bandwith_kernel: None
no_interact: False
avg_score: 0.7573797106742859
median_score: 0.757123589515686
std_score: 0.012130675837397575
percentiles: 2%=0.7341614961624146, 5%=0.7378602623939514, 10%=0.742118775844574, 25%=0.749492347240448, 50%=0.757123589515686, 75%=0.7657390832901001, 90%=0.7726386189460754, 95%=0.7778847813606262, 98%=0.7802475690841675
ranking_best_algo: Tabu
ranking_best_score: 0.7470791764843752
ranking_my_rank: 1/504 (100.0%)
ranking_my_percent: 100.0
