ConfigName: krbf__advnormalizedfitness__M1__L8__eps0p033__g0p005__ds0p3__dm0p3
Problem: QUBO
Kernel: rbf
Advantage: normalizedfitness
M: 1
lambda: 8
epsilon_svgd: 0.033
gamma: 0.005
decay_start_ratio: 0.3
decay_min_factor: 0.3
bandwith_kernel: None
no_interact: False
avg_score: -2489.06005859375
median_score: -2482.5
std_score: 165.1607666015625
percentiles: 2%=-2764.02001953125, 5%=-2715.10009765625, 10%=-2688.10009765625, 25%=-2593.5, 50%=-2482.5, 75%=-2400.75, 90%=-2319.199951171875, 95%=-2303.89990234375, 98%=-2285.93994140625
ranking_best_algo: DiscreteLengler2OnePlusOne
ranking_best_score: 2617.04
ranking_my_rank: 76/504 (85.1%)
ranking_my_percent: 85.11904761904762
