ConfigName: krbf__advnormalizedfitness__M3__L8__eps0p01__g0p001__ds0p05__dm0p05
Problem: NK
Kernel: rbf
Advantage: normalizedfitness
M: 3
lambda: 8
epsilon_svgd: 0.01
gamma: 0.001
decay_start_ratio: 0.05
decay_min_factor: 0.05
bandwith_kernel: None
no_interact: False
avg_score: 0.7148669958114624
median_score: 0.714563250541687
std_score: 0.007817249745130539
percentiles: 2%=0.7004575133323669, 5%=0.7025294303894043, 10%=0.7051746845245361, 25%=0.7098480463027954, 50%=0.714563250541687, 75%=0.7193565368652344, 90%=0.7245748043060303, 95%=0.7269591689109802, 98%=0.7339964509010315
ranking_best_algo: PBIL
ranking_best_score: 0.7170882103515624
ranking_my_rank: 40/504 (92.3%)
ranking_my_percent: 92.26190476190476
