ConfigName: kjsd__advperagentrankweighted__M4__L8__eps0p005__g0p0007__ds0p4__dm0p05
Problem: QUBO
Kernel: jsd
Advantage: peragentrankweighted
M: 4
lambda: 8
epsilon_svgd: 0.005
gamma: 0.0007
decay_start_ratio: 0.4
decay_min_factor: 0.05
bandwith_kernel: None
no_interact: False
avg_score: -582.3200073242188
median_score: -582.0
std_score: 32.17230987548828
percentiles: 2%=-640.02001953125, 5%=-633.2999877929688, 10%=-619.4000244140625, 25%=-606.25, 50%=-582.0, 75%=-562.0, 90%=-541.5, 95%=-530.9500122070312, 98%=-515.9000244140625
ranking_best_algo: Tabu
ranking_best_score: 588.7199999999999
ranking_my_rank: 9/503 (98.4%)
ranking_my_percent: 98.40954274353876
