ConfigName: kjsd__advperagentrankweighted__M3__L30__eps0p007__g0p001__ds0p05__dm0p05
Problem: QUBO
Kernel: jsd
Advantage: peragentrankweighted
M: 3
lambda: 30
epsilon_svgd: 0.007
gamma: 0.001
decay_start_ratio: 0.05
decay_min_factor: 0.05
bandwith_kernel: None
no_interact: False
avg_score: -1304.56005859375
median_score: -1293.0
std_score: 59.96120834350586
percentiles: 2%=-1430.260009765625, 5%=-1407.300048828125, 10%=-1389.0, 25%=-1342.25, 50%=-1293.0, 75%=-1266.75, 90%=-1236.4000244140625, 95%=-1198.9000244140625, 98%=-1190.8399658203125
ranking_best_algo: BigLognormalDiscreteOnePlusOne
ranking_best_score: 1301.3600000000004
ranking_my_rank: 1/504 (100.0%)
ranking_my_percent: 100.0
