ConfigName: kjsd__advperagentrankweighted__M6__L12__eps0p008__g0p0005__ds0p3__dm0p05
Problem: NK
Kernel: jsd
Advantage: peragentrankweighted
M: 6
lambda: 12
epsilon_svgd: 0.008
gamma: 0.0005
decay_start_ratio: 0.3
decay_min_factor: 0.05
bandwith_kernel: None
no_interact: False
avg_score: 0.7074252963066101
median_score: 0.7106698751449585
std_score: 0.012070730328559875
percentiles: 2%=0.687782347202301, 5%=0.6893928647041321, 10%=0.6914727091789246, 25%=0.6959861516952515, 50%=0.7106698751449585, 75%=0.7175236344337463, 90%=0.7219251394271851, 95%=0.7241352796554565, 98%=0.7251044511795044
ranking_best_algo: PBIL
ranking_best_score: 0.7013553837109374
ranking_my_rank: 1/504 (100.0%)
ranking_my_percent: 100.0
