ConfigName: krbf__advnormalizedfitness__M3__L10__eps0p015__g0p005__ds0p3__dm0p3
Problem: QUBO
Kernel: rbf
Advantage: normalizedfitness
M: 3
lambda: 10
epsilon_svgd: 0.015
gamma: 0.005
decay_start_ratio: 0.3
decay_min_factor: 0.3
bandwith_kernel: None
no_interact: False
avg_score: -200.6199951171875
median_score: -201.0
std_score: 12.820903778076172
percentiles: 2%=-224.0, 5%=-222.0, 10%=-218.10000610351562, 25%=-209.0, 50%=-201.0, 75%=-193.0, 90%=-182.0, 95%=-178.95001220703125, 98%=-176.0
ranking_best_algo: Tabu
ranking_best_score: 208.36000000000004
ranking_my_rank: 46/504 (91.1%)
ranking_my_percent: 91.07142857142857
