ConfigName: krbf__advnormalizedfitness__M4__L15__eps0p033__g0p015__ds0p15__dm0p01
Problem: QUBO
Kernel: rbf
Advantage: normalizedfitness
M: 4
lambda: 15
epsilon_svgd: 0.033
gamma: 0.015
decay_start_ratio: 0.15
decay_min_factor: 0.01
bandwith_kernel: None
no_interact: False
avg_score: -198.75999450683594
median_score: -199.0
std_score: 11.344708442687988
percentiles: 2%=-224.0, 5%=-222.0, 10%=-213.1999969482422, 25%=-203.25, 50%=-199.0, 75%=-192.0, 90%=-183.8000030517578, 95%=-179.95001220703125, 98%=-176.95999145507812
ranking_best_algo: Tabu
ranking_best_score: 208.36000000000004
ranking_my_rank: 91/504 (82.1%)
ranking_my_percent: 82.14285714285714
