ConfigName: kjsd__advperagentrankweighted__M10__L24__eps0p005__g0p0005__ds0p3__dm0p05
Problem: NK
Kernel: jsd
Advantage: peragentrankweighted
M: 10
lambda: 24
epsilon_svgd: 0.005
gamma: 0.0005
decay_start_ratio: 0.3
decay_min_factor: 0.05
bandwith_kernel: None
no_interact: False
avg_score: 0.6460210680961609
median_score: 0.6448847055435181
std_score: 0.009868291206657887
percentiles: 2%=0.6292983889579773, 5%=0.6322386860847473, 10%=0.634612500667572, 25%=0.6384776830673218, 50%=0.6448847055435181, 75%=0.6526914834976196, 90%=0.659605860710144, 95%=0.6626978516578674, 98%=0.666634738445282
ranking_best_algo: Tabu
ranking_best_score: 0.7601875690625
ranking_my_rank: 387/504 (23.4%)
ranking_my_percent: 23.41269841269841
