ConfigName: kjsd__advperagentrankweighted__M3__L20__eps0p005__g0p0007__ds0p1__dm0p05
Problem: QUBO
Kernel: jsd
Advantage: peragentrankweighted
M: 3
lambda: 20
epsilon_svgd: 0.005
gamma: 0.0007
decay_start_ratio: 0.1
decay_min_factor: 0.05
bandwith_kernel: None
no_interact: False
avg_score: -425.1400146484375
median_score: -429.0
std_score: 26.932144165039062
percentiles: 2%=-473.0, 5%=-467.1000061035156, 10%=-457.20001220703125, 25%=-441.25, 50%=-429.0, 75%=-409.75, 90%=-384.8999938964844, 95%=-373.8999938964844, 98%=-362.8999938964844
ranking_best_algo: CMAL3
ranking_best_score: 435.36
ranking_my_rank: 29/504 (94.4%)
ranking_my_percent: 94.44444444444444
