ConfigName: kjsd__advperagentrankweighted__M3__L16__eps0p005__g0p003__ds0p1__dm0p1
Problem: NK
Kernel: jsd
Advantage: peragentrankweighted
M: 3
lambda: 16
epsilon_svgd: 0.005
gamma: 0.003
decay_start_ratio: 0.1
decay_min_factor: 0.1
bandwith_kernel: None
no_interact: False
avg_score: 0.7527698278427124
median_score: 0.7537519931793213
std_score: 0.013907023705542088
percentiles: 2%=0.7218537330627441, 5%=0.7269713878631592, 10%=0.7354211807250977, 25%=0.7447651624679565, 50%=0.7537519931793213, 75%=0.7614620923995972, 90%=0.7706543803215027, 95%=0.7720560431480408, 98%=0.7761653661727905
ranking_best_algo: Tabu
ranking_best_score: 0.7657846284375001
ranking_my_rank: 9/504 (98.4%)
ranking_my_percent: 98.41269841269842
