ConfigName: kjsd__advperagentrankweighted__M3__L16__eps0p007__g0p001__ds0p1__dm0p05
Problem: NK
Kernel: jsd
Advantage: peragentrankweighted
M: 3
lambda: 16
epsilon_svgd: 0.007
gamma: 0.001
decay_start_ratio: 0.1
decay_min_factor: 0.05
bandwith_kernel: None
no_interact: False
avg_score: 0.7585297226905823
median_score: 0.7588866353034973
std_score: 0.012606161646544933
percentiles: 2%=0.7328088879585266, 5%=0.7383562922477722, 10%=0.7407371401786804, 25%=0.7511098980903625, 50%=0.7588866353034973, 75%=0.7667475938796997, 90%=0.7738997936248779, 95%=0.7790920734405518, 98%=0.7826306223869324
ranking_best_algo: Tabu
ranking_best_score: 0.7470791764843752
ranking_my_rank: 1/504 (100.0%)
ranking_my_percent: 100.0
