ConfigName: krbf__advnormalizedfitness__M4__L15__eps0p033__g0p005__ds0p01__dm0p01
Problem: QUBO
Kernel: rbf
Advantage: normalizedfitness
M: 4
lambda: 15
epsilon_svgd: 0.033
gamma: 0.005
decay_start_ratio: 0.01
decay_min_factor: 0.01
bandwith_kernel: None
no_interact: False
avg_score: -330.44000244140625
median_score: -334.0
std_score: 19.643993377685547
percentiles: 2%=-372.0, 5%=-354.3500061035156, 10%=-350.0, 25%=-343.0, 50%=-334.0, 75%=-319.5, 90%=-304.79998779296875, 95%=-293.0, 98%=-286.0
ranking_best_algo: CMApara
ranking_best_score: 344.22
ranking_my_rank: 78/504 (84.7%)
ranking_my_percent: 84.72222222222223
