ConfigName: krbf__advnormalizedfitness__M1__L8__eps0p015__g0p007__ds0p3__dm0p3
Problem: QUBO
Kernel: rbf
Advantage: normalizedfitness
M: 1
lambda: 8
epsilon_svgd: 0.015
gamma: 0.007
decay_start_ratio: 0.3
decay_min_factor: 0.3
bandwith_kernel: None
no_interact: False
avg_score: -883.0999755859375
median_score: -894.0
std_score: 88.07775115966797
percentiles: 2%=-1048.199951171875, 5%=-998.6500244140625, 10%=-981.2000122070312, 25%=-936.25, 50%=-894.0, 75%=-823.75, 90%=-790.7999877929688, 95%=-772.800048828125, 98%=-737.8399658203125
ranking_best_algo: CMAL3
ranking_best_score: 928.5800000000002
ranking_my_rank: 109/504 (78.6%)
ranking_my_percent: 78.57142857142857
