ConfigName: kjsd__advperagentrankweighted__M5__L24__eps0p02__g0p0007__ds0p05__dm0p05
Problem: QUBO
Kernel: jsd
Advantage: peragentrankweighted
M: 5
lambda: 24
epsilon_svgd: 0.02
gamma: 0.0007
decay_start_ratio: 0.05
decay_min_factor: 0.05
bandwith_kernel: None
no_interact: False
avg_score: -139.72000122070312
median_score: -139.5
std_score: 10.359614372253418
percentiles: 2%=-159.02000427246094, 5%=-157.0500030517578, 10%=-154.10000610351562, 25%=-146.0, 50%=-139.5, 75%=-131.75, 90%=-127.0, 95%=-124.9000015258789, 98%=-119.94000244140625
ranking_best_algo: DiscreteDE
ranking_best_score: 143.4
ranking_my_rank: 83/504 (83.7%)
ranking_my_percent: 83.73015873015873
