ConfigName: krbf__advnormalizedfitness__M4__L10__eps0p025__g0p005__ds0p01__dm0p01
Problem: NK
Kernel: rbf
Advantage: normalizedfitness
M: 4
lambda: 10
epsilon_svgd: 0.025
gamma: 0.005
decay_start_ratio: 0.01
decay_min_factor: 0.01
bandwith_kernel: None
no_interact: False
avg_score: 0.7404834032058716
median_score: 0.7407578229904175
std_score: 0.011483076959848404
percentiles: 2%=0.7144609093666077, 5%=0.7223929166793823, 10%=0.7261475324630737, 25%=0.7333560585975647, 50%=0.7407578229904175, 75%=0.7479903697967529, 90%=0.7557299733161926, 95%=0.7591197490692139, 98%=0.7602248191833496
ranking_best_algo: PBIL
ranking_best_score: 0.733570253046875
ranking_my_rank: 1/504 (100.0%)
ranking_my_percent: 100.0
