ConfigName: krbf__advnormalizedfitness__M4__L8__eps0p025__g0p005__ds0p15__dm0p3
Problem: QUBO
Kernel: rbf
Advantage: normalizedfitness
M: 4
lambda: 8
epsilon_svgd: 0.025
gamma: 0.005
decay_start_ratio: 0.15
decay_min_factor: 0.3
bandwith_kernel: None
no_interact: False
avg_score: -2430.919921875
median_score: -2420.0
std_score: 145.32127380371094
percentiles: 2%=-2713.419921875, 5%=-2687.39990234375, 10%=-2622.199951171875, 25%=-2548.0, 50%=-2420.0, 75%=-2316.75, 90%=-2252.89990234375, 95%=-2198.449951171875, 98%=-2169.780029296875
ranking_best_algo: SVM1MetaModelLogNormal
ranking_best_score: 2605.14
ranking_my_rank: 90/504 (82.3%)
ranking_my_percent: 82.34126984126983
