ConfigName: kjsd__advperagentrankweighted__M10__L28__eps0p008__g0p0005__ds0p05__dm0p05
Problem: QUBO
Kernel: jsd
Advantage: peragentrankweighted
M: 10
lambda: 28
epsilon_svgd: 0.008
gamma: 0.0005
decay_start_ratio: 0.05
decay_min_factor: 0.05
bandwith_kernel: None
no_interact: False
avg_score: -331.6199951171875
median_score: -334.0
std_score: 18.38520050048828
percentiles: 2%=-372.0, 5%=-361.0, 10%=-354.0, 25%=-342.0, 50%=-334.0, 75%=-320.0, 90%=-307.79998779296875, 95%=-297.8999938964844, 98%=-293.94000244140625
ranking_best_algo: CMApara
ranking_best_score: 344.22
ranking_my_rank: 76/504 (85.1%)
ranking_my_percent: 85.11904761904762
