ConfigName: krbf__advglobalrankweighted__M4__L10__eps0p015__g0p005__ds0p01__dm0p01
Problem: QUBO
Kernel: rbf
Advantage: globalrankweighted
M: 4
lambda: 10
epsilon_svgd: 0.015
gamma: 0.005
decay_start_ratio: 0.01
decay_min_factor: 0.01
bandwith_kernel: None
no_interact: False
avg_score: -438.5
median_score: -437.0
std_score: 26.303421020507812
percentiles: 2%=-487.0400085449219, 5%=-481.0, 10%=-471.20001220703125, 25%=-458.75, 50%=-437.0, 75%=-418.75, 90%=-404.8999938964844, 95%=-395.95001220703125, 98%=-390.94000244140625
ranking_best_algo: CMApara
ranking_best_score: 453.82
ranking_my_rank: 19/504 (96.4%)
ranking_my_percent: 96.42857142857143
