ConfigName: krbf__advnormalizedfitness__M4__L12__eps0p025__g0p01__ds0p01__dm0p3
Problem: QUBO
Kernel: rbf
Advantage: normalizedfitness
M: 4
lambda: 12
epsilon_svgd: 0.025
gamma: 0.01
decay_start_ratio: 0.01
decay_min_factor: 0.3
bandwith_kernel: None
no_interact: False
avg_score: -410.760009765625
median_score: -417.0
std_score: 33.58306884765625
percentiles: 2%=-473.0, 5%=-460.3999938964844, 10%=-453.0, 25%=-433.5, 50%=-417.0, 75%=-383.75, 90%=-362.79998779296875, 95%=-353.0, 98%=-345.94000244140625
ranking_best_algo: CMApara
ranking_best_score: 453.82
ranking_my_rank: 233/504 (54.0%)
ranking_my_percent: 53.96825396825397
