ConfigName: krbf__advnormalizedfitness__M4__L8__eps0p033__g0p007__ds0p3__dm0p01
Problem: NK
Kernel: rbf
Advantage: normalizedfitness
M: 4
lambda: 8
epsilon_svgd: 0.033
gamma: 0.007
decay_start_ratio: 0.3
decay_min_factor: 0.01
bandwith_kernel: None
no_interact: False
avg_score: 0.7220913171768188
median_score: 0.7229495048522949
std_score: 0.011996163986623287
percentiles: 2%=0.6997251510620117, 5%=0.7015637159347534, 10%=0.7040410041809082, 25%=0.713982880115509, 50%=0.7229495048522949, 75%=0.730391263961792, 90%=0.7352118492126465, 95%=0.7434770464897156, 98%=0.7448936104774475
ranking_best_algo: Tabu
ranking_best_score: 0.7429702712499999
ranking_my_rank: 6/504 (99.0%)
ranking_my_percent: 99.0079365079365
