ConfigName: krbf__advnormalizedfitness__M3__L10__eps0p025__g0p01__ds0p05__dm0p05
Problem: NK
Kernel: rbf
Advantage: normalizedfitness
M: 3
lambda: 10
epsilon_svgd: 0.025
gamma: 0.01
decay_start_ratio: 0.05
decay_min_factor: 0.05
bandwith_kernel: None
no_interact: False
avg_score: 0.7348371148109436
median_score: 0.7362245917320251
std_score: 0.008815021254122257
percentiles: 2%=0.7153132557868958, 5%=0.7180883884429932, 10%=0.7203892469406128, 25%=0.7298986911773682, 50%=0.7362245917320251, 75%=0.7420746088027954, 90%=0.7448664307594299, 95%=0.7457204461097717, 98%=0.7476841807365417
ranking_best_algo: PBIL
ranking_best_score: 0.7248786399609374
ranking_my_rank: 1/504 (100.0%)
ranking_my_percent: 100.0
