ConfigName: kjsd__advperagentrankweighted__M3__L18__eps0p007__g0p001__ds0p1__dm0p1
Problem: NK
Kernel: jsd
Advantage: peragentrankweighted
M: 3
lambda: 18
epsilon_svgd: 0.007
gamma: 0.001
decay_start_ratio: 0.1
decay_min_factor: 0.1
bandwith_kernel: None
no_interact: False
avg_score: 0.7372837066650391
median_score: 0.7387174963951111
std_score: 0.008633673191070557
percentiles: 2%=0.7181974649429321, 5%=0.7222337126731873, 10%=0.7242358326911926, 25%=0.7318629622459412, 50%=0.7387174963951111, 75%=0.7436524033546448, 90%=0.7466683387756348, 95%=0.7485657930374146, 98%=0.7506203055381775
ranking_best_algo: PBIL
ranking_best_score: 0.730509098125
ranking_my_rank: 1/504 (100.0%)
ranking_my_percent: 100.0
