ConfigName: kjsd__advperagentrankweighted__M4__L12__eps0p01__g0p0005__ds0p4__dm0p05
Problem: QUBO
Kernel: jsd
Advantage: peragentrankweighted
M: 4
lambda: 12
epsilon_svgd: 0.01
gamma: 0.0005
decay_start_ratio: 0.4
decay_min_factor: 0.05
bandwith_kernel: None
no_interact: False
avg_score: -931.7000122070312
median_score: -926.0
std_score: 64.74944305419922
percentiles: 2%=-1078.0, 5%=-1038.300048828125, 10%=-1016.2000122070312, 25%=-976.5, 50%=-926.0, 75%=-882.25, 90%=-853.9000244140625, 95%=-838.7999877929688, 98%=-828.7999877929688
ranking_best_algo: CMApara
ranking_best_score: 964.9
ranking_my_rank: 19/504 (96.4%)
ranking_my_percent: 96.42857142857143
