ConfigName: krbf__advnormalizedfitness__M5__L24__eps0p03__g0p005__ds0p05__dm0p05
Problem: QUBO
Kernel: rbf
Advantage: normalizedfitness
M: 5
lambda: 24
epsilon_svgd: 0.03
gamma: 0.005
decay_start_ratio: 0.05
decay_min_factor: 0.05
bandwith_kernel: None
no_interact: False
avg_score: -1029.8399658203125
median_score: -1033.0
std_score: 86.34439086914062
percentiles: 2%=-1185.3199462890625, 5%=-1162.1500244140625, 10%=-1142.0, 25%=-1086.25, 50%=-1033.0, 75%=-960.0, 90%=-914.9000244140625, 95%=-882.9000244140625, 98%=-877.9000244140625
ranking_best_algo: BigLognormalDiscreteOnePlusOne
ranking_best_score: 1301.3600000000004
ranking_my_rank: 232/504 (54.2%)
ranking_my_percent: 54.166666666666664
