ConfigName: kjsd__advperagentrankweighted__M5__L10__eps0p03__g0p0005__ds0p2__dm0p05
Problem: NK
Kernel: jsd
Advantage: peragentrankweighted
M: 5
lambda: 10
epsilon_svgd: 0.03
gamma: 0.0005
decay_start_ratio: 0.2
decay_min_factor: 0.05
bandwith_kernel: None
no_interact: False
avg_score: 0.7293817400932312
median_score: 0.730536937713623
std_score: 0.009366609156131744
percentiles: 2%=0.7070838809013367, 5%=0.710494875907898, 10%=0.7178656458854675, 25%=0.7235075831413269, 50%=0.730536937713623, 75%=0.735375165939331, 90%=0.7395483255386353, 95%=0.7437242865562439, 98%=0.7461268305778503
ranking_best_algo: PBIL
ranking_best_score: 0.733570253046875
ranking_my_rank: 3/504 (99.6%)
ranking_my_percent: 99.60317460317461
