ConfigName: kfr__advglobalrankweighted__M1__L7__eps0p015__g0p003__ds0p01__dm0p01
Problem: QUBO
Kernel: fr
Advantage: globalrankweighted
M: 1
lambda: 7
epsilon_svgd: 0.015
gamma: 0.003
decay_start_ratio: 0.01
decay_min_factor: 0.01
bandwith_kernel: None
no_interact: False
avg_score: -401.2200012207031
median_score: -404.5
std_score: 36.464115142822266
percentiles: 2%=-469.0400085449219, 5%=-457.1000061035156, 10%=-449.1000061035156, 25%=-423.5, 50%=-404.5, 75%=-375.75, 90%=-343.8999938964844, 95%=-339.70001220703125, 98%=-329.91998291015625
ranking_best_algo: CMAL3
ranking_best_score: 435.36
ranking_my_rank: 233/504 (54.0%)
ranking_my_percent: 53.96825396825397
