ConfigName: krbf__advnormalizedfitness__M4__L10__eps0p025__g0p015__ds0p01__dm0p3
Problem: QUBO
Kernel: rbf
Advantage: normalizedfitness
M: 4
lambda: 10
epsilon_svgd: 0.025
gamma: 0.015
decay_start_ratio: 0.01
decay_min_factor: 0.3
bandwith_kernel: None
no_interact: False
avg_score: -192.36000061035156
median_score: -193.0
std_score: 14.005370140075684
percentiles: 2%=-220.0, 5%=-216.10000610351562, 10%=-208.3000030517578, 25%=-202.0, 50%=-193.0, 75%=-183.75, 90%=-173.0, 95%=-168.0, 98%=-165.95999145507812
ranking_best_algo: Tabu
ranking_best_score: 208.36000000000004
ranking_my_rank: 228/504 (55.0%)
ranking_my_percent: 54.96031746031746
