ConfigName: kjsd__advperagentrankweighted__M4__L20__eps0p005__g0p001__ds0p2__dm0p1
Problem: QUBO
Kernel: jsd
Advantage: peragentrankweighted
M: 4
lambda: 20
epsilon_svgd: 0.005
gamma: 0.001
decay_start_ratio: 0.2
decay_min_factor: 0.1
bandwith_kernel: None
no_interact: False
avg_score: -443.0799865722656
median_score: -448.5
std_score: 26.052133560180664
percentiles: 2%=-484.05999755859375, 5%=-481.0, 10%=-472.0, 25%=-461.5, 50%=-448.5, 75%=-428.0, 90%=-404.70001220703125, 95%=-397.8999938964844, 98%=-381.8599853515625
ranking_best_algo: CMApara
ranking_best_score: 453.82
ranking_my_rank: 8/504 (98.6%)
ranking_my_percent: 98.61111111111111
