ConfigName: krbf__advnormalizedfitness__M4__L8__eps0p025__g0p005__ds0p3__dm0p01
Problem: QUBO
Kernel: rbf
Advantage: normalizedfitness
M: 4
lambda: 8
epsilon_svgd: 0.025
gamma: 0.005
decay_start_ratio: 0.3
decay_min_factor: 0.01
bandwith_kernel: None
no_interact: False
avg_score: -310.8399963378906
median_score: -311.0
std_score: 37.628902435302734
percentiles: 2%=-390.0799865722656, 5%=-382.0, 10%=-359.5999755859375, 25%=-336.0, 50%=-311.0, 75%=-275.75, 90%=-266.0, 95%=-260.0, 98%=-256.97998046875
ranking_best_algo: CMApara
ranking_best_score: 319.29999999999995
ranking_my_rank: 40/504 (92.3%)
ranking_my_percent: 92.26190476190476
