ConfigName: kjsd__advperagentrankweighted__M4__L12__eps0p005__g0p0003__ds0p05__dm0p05
Problem: QUBO
Kernel: jsd
Advantage: peragentrankweighted
M: 4
lambda: 12
epsilon_svgd: 0.005
gamma: 0.0003
decay_start_ratio: 0.05
decay_min_factor: 0.05
bandwith_kernel: None
no_interact: False
avg_score: -329.3800048828125
median_score: -334.0
std_score: 22.344026565551758
percentiles: 2%=-372.0, 5%=-372.0, 10%=-350.29998779296875, 25%=-342.25, 50%=-334.0, 75%=-320.0, 90%=-296.0, 95%=-290.0, 98%=-280.8599853515625
ranking_best_algo: CMApara
ranking_best_score: 344.22
ranking_my_rank: 81/504 (84.1%)
ranking_my_percent: 84.12698412698413
