ConfigName: krbf__advnormalizedfitness__M4__L15__eps0p033__g0p007__ds0p01__dm0p3
Problem: QUBO
Kernel: rbf
Advantage: normalizedfitness
M: 4
lambda: 15
epsilon_svgd: 0.033
gamma: 0.007
decay_start_ratio: 0.01
decay_min_factor: 0.3
bandwith_kernel: None
no_interact: False
avg_score: -333.29998779296875
median_score: -335.5
std_score: 18.176633834838867
percentiles: 2%=-372.0, 5%=-357.20001220703125, 10%=-350.0, 25%=-346.0, 50%=-335.5, 75%=-323.5, 90%=-308.0, 95%=-298.0, 98%=-293.91998291015625
ranking_best_algo: CMApara
ranking_best_score: 344.22
ranking_my_rank: 68/504 (86.7%)
ranking_my_percent: 86.7063492063492
