ConfigName: krbf__advnormalizedfitness__M2__L11__eps0p015__g0p005__ds0p01__dm0p01
Problem: NK
Kernel: rbf
Advantage: normalizedfitness
M: 2
lambda: 11
epsilon_svgd: 0.015
gamma: 0.005
decay_start_ratio: 0.01
decay_min_factor: 0.01
bandwith_kernel: None
no_interact: False
avg_score: 0.7241094708442688
median_score: 0.7244687080383301
std_score: 0.008482200093567371
percentiles: 2%=0.7084453701972961, 5%=0.711722731590271, 10%=0.7131898403167725, 25%=0.7170166969299316, 50%=0.7244687080383301, 75%=0.7306795120239258, 90%=0.7345830798149109, 95%=0.7361481785774231, 98%=0.7390286326408386
ranking_best_algo: PBIL
ranking_best_score: 0.7170882103515624
ranking_my_rank: 1/504 (100.0%)
ranking_my_percent: 100.0
