ConfigName: kjsd__advperagentrankweighted__M3__L30__eps0p007__g0p0005__ds0p1__dm0p2
Problem: QUBO
Kernel: jsd
Advantage: peragentrankweighted
M: 3
lambda: 30
epsilon_svgd: 0.007
gamma: 0.0005
decay_start_ratio: 0.1
decay_min_factor: 0.2
bandwith_kernel: None
no_interact: False
avg_score: -1194.5
median_score: -1190.5
std_score: 58.21073913574219
percentiles: 2%=-1349.0400390625, 5%=-1293.5999755859375, 10%=-1259.5999755859375, 25%=-1224.25, 50%=-1190.5, 75%=-1151.5, 90%=-1130.699951171875, 95%=-1113.800048828125, 98%=-1092.5
ranking_best_algo: Tabu
ranking_best_score: 1216.16
ranking_my_rank: 48/504 (90.7%)
ranking_my_percent: 90.67460317460318
