ConfigName: kjsd__advperagentrankweighted__M3__L16__eps0p01__g0p001__ds0p1__dm0p2
Problem: NK
Kernel: jsd
Advantage: peragentrankweighted
M: 3
lambda: 16
epsilon_svgd: 0.01
gamma: 0.001
decay_start_ratio: 0.1
decay_min_factor: 0.2
bandwith_kernel: None
no_interact: False
avg_score: 0.7525315880775452
median_score: 0.7507491111755371
std_score: 0.014937559142708778
percentiles: 2%=0.7275295853614807, 5%=0.7288562655448914, 10%=0.7314057946205139, 25%=0.7413139939308167, 50%=0.7507491111755371, 75%=0.7658284902572632, 90%=0.7723402976989746, 95%=0.7754248976707458, 98%=0.7783556580543518
ranking_best_algo: Tabu
ranking_best_score: 0.7657846284375001
ranking_my_rank: 10/504 (98.2%)
ranking_my_percent: 98.21428571428571
