ConfigName: kjsd__advperagentrankweighted__M4__L30__eps0p01__g0p0005__ds0p05__dm0p05
Problem: NK
Kernel: jsd
Advantage: peragentrankweighted
M: 4
lambda: 30
epsilon_svgd: 0.01
gamma: 0.0005
decay_start_ratio: 0.05
decay_min_factor: 0.05
bandwith_kernel: None
no_interact: False
avg_score: 0.7486492991447449
median_score: 0.7487349510192871
std_score: 0.009536626748740673
percentiles: 2%=0.7305617928504944, 5%=0.7333462834358215, 10%=0.7352665662765503, 25%=0.7418627142906189, 50%=0.7487349510192871, 75%=0.7555056214332581, 90%=0.7608243823051453, 95%=0.7646207213401794, 98%=0.7663631439208984
ranking_best_algo: PBIL
ranking_best_score: 0.733570253046875
ranking_my_rank: 1/504 (100.0%)
ranking_my_percent: 100.0
