ConfigName: kjsd__advperagentrankweighted__M3__L16__eps0p007__g0p0005__ds0p05__dm0p1
Problem: NK
Kernel: jsd
Advantage: peragentrankweighted
M: 3
lambda: 16
epsilon_svgd: 0.007
gamma: 0.0005
decay_start_ratio: 0.05
decay_min_factor: 0.1
bandwith_kernel: None
no_interact: False
avg_score: 0.7511869072914124
median_score: 0.7512283325195312
std_score: 0.0126000652089715
percentiles: 2%=0.7284693717956543, 5%=0.7329169511795044, 10%=0.7360513210296631, 25%=0.7423998117446899, 50%=0.7512283325195312, 75%=0.7596554756164551, 90%=0.769993245601654, 95%=0.7751031517982483, 98%=0.7760328650474548
ranking_best_algo: Tabu
ranking_best_score: 0.7470791764843752
ranking_my_rank: 1/504 (100.0%)
ranking_my_percent: 100.0
