ConfigName: kjsd__advperagentrankweighted__M3__L18__eps0p007__g0p0005__ds0p2__dm0p1
Problem: QUBO
Kernel: jsd
Advantage: peragentrankweighted
M: 3
lambda: 18
epsilon_svgd: 0.007
gamma: 0.0005
decay_start_ratio: 0.2
decay_min_factor: 0.1
bandwith_kernel: None
no_interact: False
avg_score: -930.9199829101562
median_score: -922.0
std_score: 73.53402709960938
percentiles: 2%=-1068.1600341796875, 5%=-1063.0, 10%=-1048.0, 25%=-974.5, 50%=-922.0, 75%=-879.25, 90%=-838.2000122070312, 95%=-815.0, 98%=-806.719970703125
ranking_best_algo: CMApara
ranking_best_score: 964.9
ranking_my_rank: 19/504 (96.4%)
ranking_my_percent: 96.42857142857143
