ConfigName: krbf__advnormalizedfitness__M4__L8__eps0p033__g0p005__ds0p3__dm0p3
Problem: QUBO
Kernel: rbf
Advantage: normalizedfitness
M: 4
lambda: 8
epsilon_svgd: 0.033
gamma: 0.005
decay_start_ratio: 0.3
decay_min_factor: 0.3
bandwith_kernel: None
no_interact: False
avg_score: -904.6799926757812
median_score: -898.5
std_score: 63.20915603637695
percentiles: 2%=-1036.0, 5%=-1023.2999877929688, 10%=-991.0999755859375, 25%=-947.0, 50%=-898.5, 75%=-861.75, 90%=-829.9000244140625, 95%=-804.8500366210938, 98%=-794.8999633789062
ranking_best_algo: CMAL3
ranking_best_score: 928.5800000000002
ranking_my_rank: 66/504 (87.1%)
ranking_my_percent: 87.10317460317461
