ConfigName: krbf__advnormalizedfitness__M4__L12__eps0p025__g0p015__ds0p01__dm0p3
Problem: QUBO
Kernel: rbf
Advantage: normalizedfitness
M: 4
lambda: 12
epsilon_svgd: 0.025
gamma: 0.015
decay_start_ratio: 0.01
decay_min_factor: 0.3
bandwith_kernel: None
no_interact: False
avg_score: -354.3399963378906
median_score: -350.0
std_score: 38.53160095214844
percentiles: 2%=-432.0400085449219, 5%=-423.1499938964844, 10%=-407.20001220703125, 25%=-380.25, 50%=-350.0, 75%=-322.5, 90%=-308.70001220703125, 95%=-296.95001220703125, 98%=-292.699951171875
ranking_best_algo: CMApara
ranking_best_score: 453.82
ranking_my_rank: 330/504 (34.7%)
ranking_my_percent: 34.72222222222222
