ConfigName: krbf__advnormalizedfitness__M4__L24__eps0p01__g0p002__ds0p05__dm0p05
Problem: NK
Kernel: rbf
Advantage: normalizedfitness
M: 4
lambda: 24
epsilon_svgd: 0.01
gamma: 0.002
decay_start_ratio: 0.05
decay_min_factor: 0.05
bandwith_kernel: None
no_interact: False
avg_score: 0.7179422974586487
median_score: 0.7178266048431396
std_score: 0.010940047912299633
percentiles: 2%=0.6953538060188293, 5%=0.6977959275245667, 10%=0.7041555047035217, 25%=0.710319995880127, 50%=0.7178266048431396, 75%=0.7262003421783447, 90%=0.732161283493042, 95%=0.7341792583465576, 98%=0.7367066740989685
ranking_best_algo: PBIL
ranking_best_score: 0.7248786399609374
ranking_my_rank: 37/504 (92.9%)
ranking_my_percent: 92.85714285714286
