ConfigName: krbf__advnormalizedfitness__M4__L10__eps0p015__g0p005__ds0p15__dm0p01
Problem: QUBO
Kernel: rbf
Advantage: normalizedfitness
M: 4
lambda: 10
epsilon_svgd: 0.015
gamma: 0.005
decay_start_ratio: 0.15
decay_min_factor: 0.01
bandwith_kernel: None
no_interact: False
avg_score: -1215.4200439453125
median_score: -1214.0
std_score: 86.93815612792969
percentiles: 2%=-1380.02001953125, 5%=-1359.199951171875, 10%=-1338.300048828125, 25%=-1272.5, 50%=-1214.0, 75%=-1145.0, 90%=-1110.0, 95%=-1094.0001220703125, 98%=-1055.9000244140625
ranking_best_algo: BigLognormalDiscreteOnePlusOne
ranking_best_score: 1301.3600000000004
ranking_my_rank: 79/504 (84.5%)
ranking_my_percent: 84.52380952380952
