ConfigName: kjsd__advperagentrankweighted__M5__L10__eps0p01__g0p003__ds0p2__dm0p2
Problem: NK
Kernel: jsd
Advantage: peragentrankweighted
M: 5
lambda: 10
epsilon_svgd: 0.01
gamma: 0.003
decay_start_ratio: 0.2
decay_min_factor: 0.2
bandwith_kernel: None
no_interact: False
avg_score: 0.7361366748809814
median_score: 0.7374714612960815
std_score: 0.01006972137838602
percentiles: 2%=0.7162190675735474, 5%=0.7199875116348267, 10%=0.7226083874702454, 25%=0.7283170223236084, 50%=0.7374714612960815, 75%=0.7444994449615479, 90%=0.7467307448387146, 95%=0.7508735656738281, 98%=0.7542075514793396
ranking_best_algo: PBIL
ranking_best_score: 0.730509098125
ranking_my_rank: 1/504 (100.0%)
ranking_my_percent: 100.0
