ConfigName: kjsd__advperagentrankweighted__M3__L24__eps0p007__g0p0005__ds0p05__dm0p2
Problem: QUBO
Kernel: jsd
Advantage: peragentrankweighted
M: 3
lambda: 24
epsilon_svgd: 0.007
gamma: 0.0005
decay_start_ratio: 0.05
decay_min_factor: 0.2
bandwith_kernel: None
no_interact: False
avg_score: -899.4000244140625
median_score: -902.0
std_score: 66.2315673828125
percentiles: 2%=-1026.02001953125, 5%=-1008.0499877929688, 10%=-991.9000244140625, 25%=-953.5, 50%=-902.0, 75%=-847.0, 90%=-822.2999877929688, 95%=-797.7999877929688, 98%=-772.9199829101562
ranking_best_algo: CMAL3
ranking_best_score: 928.5800000000002
ranking_my_rank: 70/504 (86.3%)
ranking_my_percent: 86.30952380952381
