ConfigName: krbf__advnormalizedfitness__M1__L10__eps0p015__g0p007__ds0p01__dm0p01
Problem: QUBO
Kernel: rbf
Advantage: normalizedfitness
M: 1
lambda: 10
epsilon_svgd: 0.015
gamma: 0.007
decay_start_ratio: 0.01
decay_min_factor: 0.01
bandwith_kernel: None
no_interact: False
avg_score: -2592.760009765625
median_score: -2597.5
std_score: 135.28851318359375
percentiles: 2%=-2846.260009765625, 5%=-2805.199951171875, 10%=-2758.800048828125, 25%=-2686.5, 50%=-2597.5, 75%=-2494.5, 90%=-2436.699951171875, 95%=-2402.2001953125, 98%=-2331.91943359375
ranking_best_algo: DiscreteLengler2OnePlusOne
ranking_best_score: 2617.04
ranking_my_rank: 39/504 (92.5%)
ranking_my_percent: 92.46031746031746
