ConfigName: kjsd__advperagentrankweighted__M5__L24__eps0p03__g0p0003__ds0p05__dm0p05
Problem: QUBO
Kernel: jsd
Advantage: peragentrankweighted
M: 5
lambda: 24
epsilon_svgd: 0.03
gamma: 0.0003
decay_start_ratio: 0.05
decay_min_factor: 0.05
bandwith_kernel: None
no_interact: False
avg_score: -3247.47998046875
median_score: -3240.0
std_score: 112.72891998291016
percentiles: 2%=-3470.820068359375, 5%=-3391.39990234375, 10%=-3367.0, 25%=-3326.5, 50%=-3240.0, 75%=-3180.25, 90%=-3113.89990234375, 95%=-3055.800048828125, 98%=-3043.89990234375
ranking_best_algo: RLSOnePlusOne
ranking_best_score: 3316.5199999999995
ranking_my_rank: 42/504 (91.9%)
ranking_my_percent: 91.86507936507937
