ConfigName: kjsd__advperagentrankweighted__M3__L20__eps0p005__g0p0007__ds0p1__dm0p05
Problem: QUBO
Kernel: jsd
Advantage: peragentrankweighted
M: 3
lambda: 20
epsilon_svgd: 0.005
gamma: 0.0007
decay_start_ratio: 0.1
decay_min_factor: 0.05
bandwith_kernel: None
no_interact: False
avg_score: -1630.4000244140625
median_score: -1621.5
std_score: 66.07072448730469
percentiles: 2%=-1753.6800537109375, 5%=-1734.0, 10%=-1721.0999755859375, 25%=-1675.5, 50%=-1621.5, 75%=-1592.5, 90%=-1545.699951171875, 95%=-1521.0, 98%=-1500.800048828125
ranking_best_algo: NLOPT_LN_PRAXIS
ranking_best_score: 1607.12
ranking_my_rank: 1/504 (100.0%)
ranking_my_percent: 100.0
