step,best_fitness,avg_hamming,avg_l1,avg_entropy,mean,median,std,2%,5%,10%,25%,50%,75%,90%,95%,98%
24,-55.37999725341797,31.990211486816406,1.9623136520385742,44.257293701171875,-55.380001068115234,-55.0,13.6270170211792,-85.0199966430664,-76.05000305175781,-73.0,-66.0,-55.0,-45.0,-38.900001525878906,-33.95000457763672,-32.89997863769531
48,-63.099998474121094,31.982112884521484,2.0685198307037354,44.238512674967446,-63.099998474121094,-63.0,13.732807159423828,-91.04000091552734,-86.0,-79.29999542236328,-71.0,-63.0,-54.75,-44.0,-40.95000457763672,-38.0
72,-68.87999725341797,31.975109100341797,2.143854856491089,44.22350056966146,-68.87999725341797,-68.5,12.457351684570312,-94.05999755859375,-91.0999984741211,-86.0,-76.25,-68.5,-60.0,-54.0,-51.0,-48.89997863769531
96,-71.97999572753906,31.968170166015625,2.2155423164367676,44.208563486735024,-71.9800033569336,-71.5,12.011643409729004,-94.05999755859375,-92.05000305175781,-88.0,-79.0,-71.5,-63.75,-57.80000305175781,-53.95000457763672,-49.97999572753906
120,-73.36000061035156,31.96146011352539,2.2736897468566895,44.19515609741211,-73.36000061035156,-72.0,11.786026000976562,-97.20000457763672,-93.05000305175781,-89.19999694824219,-82.0,-72.0,-65.0,-59.900001525878906,-55.95000457763672,-52.959991455078125
144,-75.23999786376953,31.955978393554688,2.3439316749572754,44.18162282307943,-75.23999786376953,-75.0,11.838175773620605,-105.04000091552734,-94.0,-91.0,-83.0,-75.0,-67.0,-60.900001525878906,-57.95000457763672,-52.959991455078125
168,-77.0999984741211,31.948810577392578,2.416063070297241,44.16616566975912,-77.0999984741211,-77.0,11.295574188232422,-105.04000091552734,-94.1500015258789,-92.0,-84.0,-77.0,-69.0,-64.70000457763672,-58.95000457763672,-55.0
192,-78.6199951171875,31.943801879882812,2.4714269638061523,44.154614766438804,-78.62000274658203,-78.5,11.351458549499512,-105.04000091552734,-97.19999694824219,-92.0999984741211,-86.0,-78.5,-71.0,-65.0,-59.95000457763672,-55.0
216,-79.73999786376953,31.939451217651367,2.523303985595703,44.14338048299154,-79.73999786376953,-80.0,10.982367515563965,-105.04000091552734,-97.19999694824219,-93.0,-86.25,-80.0,-72.0,-65.0,-59.95000457763672,-55.0
240,-80.23999786376953,31.9332275390625,2.565640449523926,44.13124465942383,-80.23999786376953,-81.5,10.709920883178711,-105.04000091552734,-97.19999694824219,-93.0,-86.25,-81.5,-72.0,-68.80000305175781,-64.7500228881836,-56.959991455078125
264,-81.22000122070312,31.92823600769043,2.6140003204345703,44.11989212036133,-81.22000122070312,-82.0,10.79961109161377,-105.04000091552734,-99.0999984741211,-94.0,-87.0,-82.0,-73.0,-69.0,-65.0,-57.93998718261719
288,-82.05999755859375,31.92346954345703,2.6629297733306885,44.10857391357422,-82.05999755859375,-82.0,10.316801071166992,-105.04000091552734,-99.0999984741211,-95.0999984741211,-88.0,-82.0,-75.0,-69.0,-65.0,-63.93998718261719
312,-82.5,31.917583465576172,2.7148375511169434,44.09597651163737,-82.5,-82.5,10.343597412109375,-105.04000091552734,-100.05000305175781,-96.0999984741211,-88.25,-82.5,-75.0,-69.0,-65.0,-63.93998718261719
336,-82.9000015258789,31.911861419677734,2.7608795166015625,44.083936055501304,-82.9000015258789,-83.0,10.27959156036377,-105.04000091552734,-100.05000305175781,-96.0999984741211,-91.0,-83.0,-75.75,-69.9000015258789,-66.90000915527344,-63.93998718261719
360,-82.91999816894531,31.90596580505371,2.799203872680664,44.07202021280924,-82.91999816894531,-83.0,10.266138076782227,-105.04000091552734,-100.05000305175781,-96.0999984741211,-91.0,-83.0,-76.0,-69.9000015258789,-66.90000915527344,-63.93998718261719
384,-83.22000122070312,31.900733947753906,2.846458911895752,44.06035359700521,-83.22000122070312,-83.0,10.242635726928711,-105.04000091552734,-100.05000305175781,-96.0999984741211,-91.0,-83.0,-77.0,-69.9000015258789,-66.90000915527344,-63.93998718261719
408,-83.81999969482422,31.893123626708984,2.8950772285461426,44.04620615641276,-83.81999969482422,-83.0,10.929208755493164,-107.0,-101.0,-97.0999984741211,-92.0,-83.0,-77.0,-69.9000015258789,-66.90000915527344,-63.93998718261719
432,-84.4000015258789,31.888851165771484,2.9412574768066406,44.03496297200521,-84.4000015258789,-83.5,11.205355644226074,-107.0,-101.1500015258789,-99.0999984741211,-93.0,-83.5,-77.0,-69.9000015258789,-66.90000915527344,-63.93998718261719
456,-85.0,31.88345718383789,2.9879608154296875,44.022298177083336,-85.0,-84.5,10.883014678955078,-107.0,-101.1500015258789,-99.0999984741211,-93.0,-84.5,-78.0,-71.0,-69.0,-63.93998718261719
480,-85.31999969482422,31.877872467041016,3.0271213054656982,44.01046625773112,-85.31999969482422,-85.0,10.854381561279297,-107.0,-101.1500015258789,-99.0999984741211,-93.25,-85.0,-79.0,-71.0,-69.0,-63.93998718261719
504,-85.75999450683594,31.872501373291016,3.07948637008667,43.99685923258463,-85.76000213623047,-85.0,10.549994468688965,-107.0,-101.1500015258789,-99.0999984741211,-93.25,-85.0,-79.0,-71.0,-69.0,-63.93998718261719
528,-86.25999450683594,31.866710662841797,3.1182668209075928,43.98439407348633,-86.26000213623047,-85.0,10.263157844543457,-107.0,-101.1500015258789,-99.0999984741211,-94.0,-85.0,-79.75,-71.9000015258789,-69.95000457763672,-68.8399658203125
552,-86.73999786376953,31.861074447631836,3.162961721420288,43.97156778971354,-86.73999786376953,-85.5,10.55710220336914,-107.0999984741211,-104.05000305175781,-100.0999984741211,-94.0,-85.5,-79.75,-71.9000015258789,-69.95000457763672,-68.95999145507812
576,-87.18000030517578,31.85565757751465,3.198573589324951,43.96051025390625,-87.18000030517578,-86.0,10.463632583618164,-107.0999984741211,-104.05000305175781,-100.0999984741211,-94.0,-86.0,-81.0,-72.0,-70.95000457763672,-68.95999145507812
600,-87.29999542236328,31.850051879882812,3.233488082885742,43.94878133138021,-87.30000305175781,-86.0,10.330053329467773,-107.0999984741211,-104.05000305175781,-100.0999984741211,-94.0,-86.0,-81.0,-74.70000457763672,-70.95000457763672,-68.95999145507812
624,-87.4000015258789,31.843608856201172,3.2678723335266113,43.93655522664388,-87.4000015258789,-86.0,10.43264102935791,-107.0999984741211,-104.05000305175781,-101.0,-94.25,-86.0,-81.0,-74.70000457763672,-70.95000457763672,-68.95999145507812
648,-87.69999694824219,31.83708953857422,3.318333387374878,43.9217414855957,-87.69999694824219,-86.5,10.359054565429688,-107.0999984741211,-104.05000305175781,-101.0,-95.0,-86.5,-81.75,-75.0,-70.95000457763672,-68.95999145507812
672,-88.05999755859375,31.82979965209961,3.361027479171753,43.90716044108073,-88.05999755859375,-87.0,10.193939208984375,-107.0999984741211,-104.05000305175781,-101.0,-95.0,-87.0,-82.0,-76.80000305175781,-70.95000457763672,-68.95999145507812
696,-88.36000061035156,31.82379913330078,3.403055191040039,43.894179026285805,-88.36000061035156,-87.0,10.362934112548828,-110.04000091552734,-105.0999984741211,-101.0,-95.25,-87.0,-82.0,-76.80000305175781,-70.95000457763672,-68.95999145507812
720,-88.58000183105469,31.816875457763672,3.438460111618042,43.88092295328776,-88.58000183105469,-88.0,10.327807426452637,-110.04000091552734,-105.0999984741211,-101.0,-95.25,-88.0,-82.0,-76.80000305175781,-70.95000457763672,-68.95999145507812
744,-89.23999786376953,31.80951499938965,3.483802318572998,43.865458170572914,-89.23999786376953,-88.5,9.790934562683105,-110.04000091552734,-105.0999984741211,-101.0,-96.0,-88.5,-83.0,-77.9000015258789,-74.95000457763672,-71.89997863769531
768,-89.68000030517578,31.802902221679688,3.523287534713745,43.85123952229818,-89.68000030517578,-89.0,9.835527420043945,-110.04000091552734,-106.05000305175781,-101.0999984741211,-96.0,-89.0,-83.0,-77.9000015258789,-74.95000457763672,-71.89997863769531
792,-89.86000061035156,31.796558380126953,3.5591025352478027,43.83802922566732,-89.86000061035156,-89.0,9.930780410766602,-110.04000091552734,-106.05000305175781,-102.0999984741211,-96.0,-89.0,-83.0,-77.9000015258789,-74.95000457763672,-71.89997863769531
816,-90.5199966430664,31.787395477294922,3.5966079235076904,43.82184092203776,-90.5199966430664,-91.0,9.942314147949219,-110.04000091552734,-107.0,-103.0999984741211,-97.0,-91.0,-84.0,-78.9000015258789,-75.0,-71.89997863769531
840,-90.68000030517578,31.78021812438965,3.6353931427001953,43.806906382242836,-90.68000030517578,-91.0,9.980860710144043,-110.04000091552734,-107.0,-104.0,-97.0,-91.0,-84.0,-78.9000015258789,-75.0,-71.89997863769531
864,-90.79999542236328,31.771976470947266,3.676774740219116,43.79057184855143,-90.80000305175781,-91.0,9.923709869384766,-110.04000091552734,-107.0,-104.0,-97.0,-91.0,-85.0,-78.9000015258789,-75.0,-71.89997863769531
888,-91.0199966430664,31.762161254882812,3.718973159790039,43.77274831136068,-91.0199966430664,-91.0,9.89543342590332,-110.04000091552734,-107.0,-104.0999984741211,-97.0,-91.0,-85.0,-78.9000015258789,-75.0,-72.97999572753906
912,-91.19999694824219,31.75397300720215,3.7539453506469727,43.75673802693685,-91.19999694824219,-91.0,9.929753303527832,-110.04000091552734,-107.0,-104.0999984741211,-97.25,-91.0,-85.0,-78.9000015258789,-75.0,-72.97999572753906
936,-91.57999420166016,31.745342254638672,3.7909374237060547,43.740413665771484,-91.58000183105469,-91.5,9.803244590759277,-110.04000091552734,-107.0,-105.0,-98.0,-91.5,-85.0,-80.80000305175781,-76.90000915527344,-73.95999145507812
960,-91.69999694824219,31.735904693603516,3.8296191692352295,43.72349548339844,-91.69999694824219,-92.0,9.694844245910645,-110.04000091552734,-107.0,-105.0,-98.0,-92.0,-85.0,-80.80000305175781,-76.90000915527344,-73.95999145507812
984,-92.47999572753906,31.724010467529297,3.8738315105438232,43.70273971557617,-92.4800033569336,-92.0,9.552465438842773,-110.04000091552734,-108.05000305175781,-105.0999984741211,-99.0,-92.0,-85.0,-81.0,-77.95000457763672,-75.0
1008,-92.91999816894531,31.71308708190918,3.9023187160491943,43.685235341389976,-92.91999816894531,-92.5,9.320599555969238,-110.04000091552734,-108.05000305175781,-105.0999984741211,-99.25,-92.5,-86.75,-81.0,-77.95000457763672,-75.0
1032,-92.97999572753906,31.702316284179688,3.949230909347534,43.664886474609375,-92.9800033569336,-92.5,9.310188293457031,-110.04000091552734,-108.05000305175781,-105.0999984741211,-99.25,-92.5,-86.75,-81.0,-77.95000457763672,-75.0
1056,-93.19999694824219,31.690872192382812,3.9851913452148438,43.64529546101888,-93.19999694824219,-93.0,9.232550621032715,-110.04000091552734,-109.0,-106.0999984741211,-99.25,-93.0,-86.75,-81.0,-77.95000457763672,-75.0
1080,-93.36000061035156,31.678115844726562,4.022558212280273,43.62453079223633,-93.36000061035156,-93.0,9.138401985168457,-110.04000091552734,-109.0,-106.0999984741211,-100.0,-93.0,-86.75,-81.0,-80.90000915527344,-76.95999145507812
1104,-93.79999542236328,31.664505004882812,4.054522514343262,43.60305150349935,-93.80000305175781,-94.0,8.962142944335938,-110.04000091552734,-109.0,-106.0999984741211,-100.25,-94.0,-87.0,-82.80000305175781,-80.90000915527344,-76.95999145507812
1128,-94.25999450683594,31.649730682373047,4.085097312927246,43.58137893676758,-94.26000213623047,-94.0,9.35159969329834,-112.12000274658203,-110.0,-107.0,-101.0,-94.0,-87.75,-82.80000305175781,-80.90000915527344,-76.95999145507812
1152,-94.4000015258789,31.63637351989746,4.126281261444092,43.55873107910156,-94.4000015258789,-94.0,9.221713066101074,-112.12000274658203,-110.0,-107.0,-101.0,-94.0,-87.75,-83.0,-81.0,-76.95999145507812
1176,-94.65999603271484,31.620283126831055,4.160124778747559,43.53424072265625,-94.66000366210938,-94.0,9.178475379943848,-112.12000274658203,-110.0,-107.0,-101.0,-94.0,-88.0,-83.0,-81.0,-76.95999145507812
1200,-94.91999816894531,31.60633659362793,4.1994171142578125,43.511488596598305,-94.91999816894531,-94.0,8.910308837890625,-112.12000274658203,-110.0,-107.0,-101.0,-94.0,-88.75,-84.9000015258789,-81.0,-80.87997436523438
1224,-95.43999481201172,31.590667724609375,4.229298114776611,43.48810704549154,-95.44000244140625,-94.0,10.018303871154785,-118.0199966430664,-110.0,-107.0999984741211,-101.0,-94.0,-88.75,-84.9000015258789,-81.0,-80.87997436523438
1248,-95.55999755859375,31.574630737304688,4.262354850769043,43.463897705078125,-95.55999755859375,-94.5,9.964256286621094,-118.0199966430664,-110.0,-107.0999984741211,-101.0,-94.5,-89.0,-84.9000015258789,-81.0,-80.87997436523438
1272,-95.5999984741211,31.562458038330078,4.291381359100342,43.443319956461586,-95.5999984741211,-94.5,9.93780517578125,-118.0199966430664,-110.0,-107.0999984741211,-101.0,-94.5,-89.0,-84.9000015258789,-82.90000915527344,-80.87997436523438
1296,-96.0,31.550710678100586,4.324497222900391,43.422359466552734,-96.0,-95.5,9.907572746276855,-118.0199966430664,-110.0999984741211,-107.0999984741211,-101.0,-95.5,-89.0,-85.0,-83.0,-80.87997436523438
1320,-96.27999877929688,31.53365135192871,4.3616485595703125,43.39670054117838,-96.27999877929688,-96.0,10.287934303283691,-118.22000122070312,-111.05000305175781,-108.0999984741211,-101.25,-96.0,-89.0,-85.0,-83.0,-80.87997436523438
1344,-96.68000030517578,31.51625633239746,4.397517204284668,43.369946797688804,-96.68000030517578,-96.0,10.655402183532715,-122.13999938964844,-112.1500015258789,-109.0999984741211,-102.0,-96.0,-89.0,-85.0,-83.0,-80.87997436523438
1368,-96.83999633789062,31.496395111083984,4.430357456207275,43.34072748819987,-96.83999633789062,-96.0,10.591241836547852,-122.13999938964844,-112.1500015258789,-109.0999984741211,-102.0,-96.0,-89.0,-85.0,-83.0,-80.87997436523438
1392,-96.93999481201172,31.4793701171875,4.466973781585693,43.31282424926758,-96.94000244140625,-96.5,10.543072700500488,-122.13999938964844,-112.1500015258789,-109.0999984741211,-102.0,-96.5,-89.0,-85.0,-83.0,-80.87997436523438
1416,-97.83999633789062,31.460866928100586,4.502829551696777,43.284420013427734,-97.83999633789062,-97.0,11.155913352966309,-129.16000366210938,-115.1500015258789,-110.0,-102.25,-97.0,-90.0,-85.0,-83.0,-80.87997436523438
1440,-97.86000061035156,31.439205169677734,4.538861274719238,43.252769470214844,-97.86000061035156,-97.0,11.165142059326172,-129.16000366210938,-115.1500015258789,-110.0,-103.0,-97.0,-90.0,-85.0,-83.0,-80.87997436523438
1464,-98.18000030517578,31.41907501220703,4.573269367218018,43.22317250569662,-98.18000030517578,-97.0,10.883363723754883,-129.16000366210938,-115.1500015258789,-110.0,-103.0,-97.0,-91.0,-85.9000015258789,-83.0,-82.95999145507812
1488,-98.45999908447266,31.39687156677246,4.612220764160156,43.18906784057617,-98.45999908447266,-97.0,10.895339012145996,-129.16000366210938,-115.1500015258789,-110.0999984741211,-103.25,-97.0,-91.75,-86.9000015258789,-83.0,-82.95999145507812
1512,-98.81999969482422,31.375478744506836,4.638140678405762,43.15847396850586,-98.81999969482422,-97.5,11.03664779663086,-129.16000366210938,-117.05000305175781,-111.0999984741211,-104.0,-97.5,-91.75,-86.9000015258789,-83.0,-82.95999145507812
1536,-99.18000030517578,31.353384017944336,4.680477142333984,43.12456512451172,-99.18000030517578,-98.5,11.152021408081055,-129.16000366210938,-117.05000305175781,-112.0,-104.25,-98.5,-91.75,-86.9000015258789,-83.0,-83.0
1560,-99.55999755859375,31.330066680908203,4.7193522453308105,43.08993403116862,-99.55999755859375,-99.0,11.166306495666504,-129.16000366210938,-117.05000305175781,-112.0999984741211,-105.25,-99.0,-92.0,-86.9000015258789,-83.0,-83.0
1584,-99.75999450683594,31.304641723632812,4.7571868896484375,43.053062438964844,-99.76000213623047,-99.0,11.004652976989746,-129.16000366210938,-117.05000305175781,-112.0999984741211,-105.25,-99.0,-92.75,-87.0,-84.90000915527344,-83.0
1608,-99.9000015258789,31.27783203125,4.787820816040039,43.015130360921226,-99.9000015258789,-99.0,11.037662506103516,-129.16000366210938,-117.05000305175781,-113.0999984741211,-105.25,-99.0,-92.75,-87.0,-84.90000915527344,-83.0
1632,-100.04000091552734,31.25173568725586,4.8216962814331055,42.97778828938802,-100.04000091552734,-99.5,11.088661193847656,-129.16000366210938,-117.05000305175781,-113.0999984741211,-106.0,-99.5,-92.75,-87.0,-84.90000915527344,-83.0
1656,-100.15999603271484,31.222074508666992,4.854994773864746,42.9363161722819,-100.16000366210938,-99.5,11.152327537536621,-129.16000366210938,-117.05000305175781,-113.0999984741211,-106.0,-99.5,-92.75,-87.0,-84.90000915527344,-83.0
1680,-100.41999816894531,31.190967559814453,4.8951263427734375,42.890847524007164,-100.41999816894531,-100.0,11.270474433898926,-129.16000366210938,-117.05000305175781,-114.0999984741211,-107.25,-100.0,-92.75,-87.0,-84.90000915527344,-83.0
1704,-100.55999755859375,31.162952423095703,4.931492805480957,42.848931630452476,-100.55999755859375,-100.0,11.250173568725586,-129.16000366210938,-117.05000305175781,-114.0999984741211,-108.0,-100.0,-93.75,-87.0,-84.90000915527344,-83.0
1728,-100.87999725341797,31.12903594970703,4.963545799255371,42.80270131429037,-100.87999725341797,-100.0,11.316607475280762,-129.16000366210938,-117.05000305175781,-115.0,-108.0,-100.0,-93.75,-87.0,-84.90000915527344,-83.0
1752,-101.43999481201172,31.094945907592773,5.007451057434082,42.75302505493164,-101.44000244140625,-100.5,11.783309936523438,-129.16000366210938,-120.0999984741211,-115.0,-109.25,-100.5,-93.75,-87.0,-84.90000915527344,-83.0
1776,-101.86000061035156,31.062389373779297,5.036168098449707,42.70795694986979,-101.86000061035156,-101.0,11.599154472351074,-129.16000366210938,-120.0999984741211,-115.0,-109.25,-101.0,-94.75,-87.0,-85.0,-83.0
1800,-101.86000061035156,31.030149459838867,5.073607444763184,42.66021474202474,-101.86000061035156,-101.0,11.599154472351074,-129.16000366210938,-120.0999984741211,-115.0,-109.25,-101.0,-94.75,-87.0,-85.0,-83.0
1824,-102.0,30.996191024780273,5.094860076904297,42.614428202311196,-102.0,-101.0,11.534296035766602,-129.16000366210938,-120.0999984741211,-115.19999694824219,-109.25,-101.0,-94.75,-87.0,-85.0,-83.0
1848,-102.0999984741211,30.962942123413086,5.134713649749756,42.56563822428385,-102.0999984741211,-101.0,11.54772663116455,-129.16000366210938,-120.0999984741211,-116.0999984741211,-109.25,-101.0,-94.75,-87.0,-85.0,-83.0
1872,-102.18000030517578,30.927921295166016,5.173444747924805,42.515655517578125,-102.18000030517578,-101.0,11.584800720214844,-129.16000366210938,-120.0999984741211,-117.0,-110.0,-101.0,-94.75,-87.0,-85.0,-83.0
1896,-102.69999694824219,30.88741111755371,5.2061309814453125,42.460225423177086,-102.69999694824219,-101.0,12.418936729431152,-137.0800018310547,-122.1500015258789,-117.0999984741211,-110.0,-101.0,-95.0,-87.0,-85.0,-83.0
1920,-102.69999694824219,30.851238250732422,5.234866142272949,42.40924580891927,-102.69999694824219,-101.0,12.418936729431152,-137.0800018310547,-122.1500015258789,-117.0999984741211,-110.0,-101.0,-95.0,-87.0,-85.0,-83.0
1944,-103.27999877929688,30.807876586914062,5.278079986572266,42.348167419433594,-103.27999877929688,-102.0,12.400064468383789,-137.0800018310547,-122.1500015258789,-117.0999984741211,-110.25,-102.0,-95.0,-87.0,-85.0,-84.95999145507812
1968,-103.57999420166016,30.76698875427246,5.3121795654296875,42.2908083597819,-103.58000183105469,-102.0,12.654786109924316,-137.0800018310547,-125.19999694824219,-118.0999984741211,-111.0,-102.0,-95.0,-87.0,-85.0,-85.0
1992,-103.86000061035156,30.724639892578125,5.350100517272949,42.23193613688151,-103.86000061035156,-102.5,12.65623950958252,-137.0800018310547,-125.19999694824219,-118.0999984741211,-111.25,-102.5,-95.0,-87.0,-85.0,-85.0
2016,-104.0199966430664,30.676742553710938,5.385815620422363,42.16717402140299,-104.0199966430664,-103.0,12.650676727294922,-137.0800018310547,-125.19999694824219,-118.0999984741211,-111.25,-103.0,-95.0,-87.0,-85.0,-85.0
2040,-104.39999389648438,30.63569450378418,5.415470123291016,42.109762827555336,-104.4000015258789,-103.0,12.743624687194824,-137.0800018310547,-125.19999694824219,-120.19999694824219,-112.0,-103.0,-95.0,-87.9000015258789,-86.90000915527344,-85.0
2064,-105.13999938964844,30.589834213256836,5.455214500427246,42.044751485188804,-105.13999938964844,-104.5,12.720865249633789,-137.0800018310547,-125.19999694824219,-120.19999694824219,-112.0,-104.5,-96.0,-88.9000015258789,-86.90000915527344,-85.0
2088,-105.43999481201172,30.544296264648438,5.487861633300781,41.98218536376953,-105.44000244140625,-105.5,12.73288631439209,-137.0800018310547,-125.19999694824219,-120.19999694824219,-112.25,-105.5,-96.75,-88.9000015258789,-86.90000915527344,-85.0
2112,-106.07999420166016,30.49452781677246,5.515176773071289,41.913700103759766,-106.08000183105469,-105.5,12.71037483215332,-141.0,-125.19999694824219,-120.19999694824219,-113.25,-105.5,-97.75,-89.0,-86.90000915527344,-85.0
2136,-106.57999420166016,30.442127227783203,5.558998107910156,41.84099197387695,-106.58000183105469,-106.0,12.931495666503906,-141.0,-128.0500030517578,-123.0999984741211,-114.0,-106.0,-97.75,-89.0,-87.0,-85.0
2160,-107.05999755859375,30.388031005859375,5.591579437255859,41.76747385660807,-107.05999755859375,-106.0,12.88395881652832,-141.0,-128.0500030517578,-124.0,-115.0,-106.0,-99.0,-90.9000015258789,-87.0,-85.0
2184,-107.72000122070312,30.335384368896484,5.623065948486328,41.695556640625,-107.72000122070312,-106.5,12.810995101928711,-141.0,-128.0500030517578,-124.0,-115.0,-106.5,-99.0,-91.0,-87.0,-85.0
2208,-108.22000122070312,30.285572052001953,5.652491569519043,41.625911712646484,-108.22000122070312,-108.0,12.628206253051758,-141.0,-128.0500030517578,-124.0,-115.25,-108.0,-100.0,-91.9000015258789,-87.0,-85.0
2232,-108.63999938964844,30.23701286315918,5.692252159118652,41.555737813313804,-108.63999938964844,-109.5,12.60120677947998,-141.0,-128.0500030517578,-124.0,-116.25,-109.5,-100.75,-91.9000015258789,-87.0,-85.0
2256,-108.73999786376953,30.18282127380371,5.7368903160095215,41.47837702433268,-108.73999786376953,-110.0,12.627447128295898,-141.0,-128.0500030517578,-124.0,-117.0,-110.0,-100.75,-91.9000015258789,-87.0,-85.0
2280,-109.0199966430664,30.127117156982422,5.7737345695495605,41.401755015055336,-109.0199966430664,-110.0,12.441848754882812,-141.0,-128.0500030517578,-124.0,-117.0,-110.0,-101.0,-91.9000015258789,-88.90000915527344,-85.0
2304,-109.5,30.07422637939453,5.8071722984313965,41.32593027750651,-109.5,-110.5,12.519984245300293,-141.0,-128.0500030517578,-124.0,-117.0,-110.5,-101.75,-91.9000015258789,-88.90000915527344,-85.0
2328,-109.69999694824219,30.01882553100586,5.837371826171875,41.248696645100914,-109.69999694824219,-110.5,12.86351490020752,-141.16000366210938,-128.0500030517578,-124.0,-117.25,-110.5,-101.75,-91.9000015258789,-88.90000915527344,-85.0
2352,-109.87999725341797,29.967422485351562,5.859438896179199,41.177677154541016,-109.87999725341797,-110.5,12.779107093811035,-141.16000366210938,-128.0500030517578,-124.0,-117.25,-110.5,-102.0,-91.9000015258789,-88.90000915527344,-85.0
2376,-110.33999633789062,29.90619468688965,5.898326396942139,41.09030024210612,-110.33999633789062,-112.0,12.91063117980957,-141.16000366210938,-128.0500030517578,-124.0999984741211,-118.25,-112.0,-102.0,-91.9000015258789,-88.90000915527344,-85.0
2400,-110.68000030517578,29.84320640563965,5.933053970336914,41.00352986653646,-110.68000030517578,-112.0,13.152094841003418,-141.16000366210938,-129.0,-125.0,-119.0,-112.0,-102.0,-91.9000015258789,-88.90000915527344,-85.0
2424,-111.29999542236328,29.786428451538086,5.957378387451172,40.92489242553711,-111.30000305175781,-112.0,13.237446784973145,-141.16000366210938,-129.25,-126.0,-119.0,-112.0,-102.75,-91.9000015258789,-90.90000915527344,-86.95999145507812
2448,-111.43999481201172,29.73354148864746,5.99845027923584,40.84594980875651,-111.44000244140625,-112.5,13.177495956420898,-141.16000366210938,-129.25,-126.0,-119.0,-112.5,-103.0,-92.9000015258789,-90.90000915527344,-86.95999145507812
2472,-111.79999542236328,29.674352645874023,6.029705047607422,40.76360321044922,-111.80000305175781,-113.0,13.224221229553223,-141.16000366210938,-129.25,-126.19999694824219,-119.0,-113.0,-103.0,-92.9000015258789,-91.0,-86.95999145507812
2496,-112.29999542236328,29.6169490814209,6.060832500457764,40.681023915608726,-112.30000305175781,-114.0,13.226865768432617,-141.16000366210938,-131.14999389648438,-126.19999694824219,-120.25,-114.0,-103.0,-93.0,-91.0,-86.95999145507812
2520,-112.81999969482422,29.5574951171875,6.083296775817871,40.59895579020182,-112.81999969482422,-114.0,12.978736877441406,-141.16000366210938,-133.0500030517578,-128.10000610351562,-121.0,-114.0,-103.75,-94.80000305175781,-91.0,-90.95999145507812
2544,-113.57999420166016,29.50122833251953,6.113532066345215,40.517208099365234,-113.58000183105469,-114.0,13.305023193359375,-141.16000366210938,-134.14999389648438,-130.10000610351562,-121.0,-114.0,-104.0,-94.80000305175781,-91.0,-90.95999145507812
2568,-113.83999633789062,29.4403133392334,6.157418727874756,40.4260508219401,-113.83999633789062,-114.0,13.276083946228027,-141.16000366210938,-134.14999389648438,-130.10000610351562,-122.0,-114.0,-104.0,-95.0,-91.0,-90.95999145507812
2592,-114.23999786376953,29.380041122436523,6.19259786605835,40.337852478027344,-114.23999786376953,-115.0,13.252260208129883,-141.16000366210938,-134.14999389648438,-130.10000610351562,-122.0,-115.0,-104.75,-95.0,-92.90000915527344,-90.95999145507812
2616,-114.75999450683594,29.316251754760742,6.223882675170898,40.24733098347982,-114.76000213623047,-116.0,13.005476951599121,-141.16000366210938,-134.14999389648438,-130.10000610351562,-122.0,-116.0,-105.0,-95.0,-93.0,-91.0
2640,-115.04000091552734,29.260543823242188,6.26392936706543,40.16276295979818,-115.04000091552734,-116.0,13.050609588623047,-141.16000366210938,-137.0,-130.10000610351562,-122.5,-116.0,-105.75,-95.0,-93.0,-91.0
2664,-115.41999816894531,29.190673828125,6.282559871673584,40.06675338745117,-115.41999816894531,-116.0,13.086771965026855,-141.16000366210938,-137.0,-131.0,-124.0,-116.0,-105.75,-95.0,-93.0,-91.0
2688,-115.45999908447266,29.128210067749023,6.312132835388184,39.97784550984701,-115.45999908447266,-116.0,13.112909317016602,-141.16000366210938,-137.0,-131.0,-124.0,-116.0,-105.75,-95.0,-93.0,-91.0
2712,-116.0199966430664,29.069595336914062,6.34803581237793,39.88853327433268,-116.0199966430664,-116.0,13.304119110107422,-141.16000366210938,-137.10000610351562,-132.10000610351562,-126.0,-116.0,-105.75,-97.0,-94.90000915527344,-91.0
2736,-116.36000061035156,29.003759384155273,6.389410018920898,39.78970718383789,-116.36000061035156,-116.0,13.659809112548828,-141.16000366210938,-139.0,-133.3000030517578,-126.0,-116.0,-106.75,-97.0,-94.90000915527344,-91.0
2760,-116.54000091552734,28.94405746459961,6.424163818359375,39.69973627726237,-116.54000091552734,-116.5,13.678757667541504,-141.16000366210938,-139.0,-133.3000030517578,-126.0,-116.5,-106.75,-97.0,-94.90000915527344,-91.0
2784,-117.0199966430664,28.880836486816406,6.460585594177246,39.60486348470052,-117.0199966430664,-116.5,13.509982109069824,-141.1999969482422,-139.0,-133.3000030517578,-126.0,-116.5,-107.0,-99.0,-94.90000915527344,-91.0
2808,-117.25999450683594,28.810115814208984,6.490016460418701,39.504835764567055,-117.26000213623047,-116.5,13.623964309692383,-141.1999969482422,-139.0,-133.3000030517578,-126.0,-116.5,-107.0,-99.0,-94.90000915527344,-91.0
2832,-117.31999969482422,28.740230560302734,6.531487464904785,39.40107981363932,-117.31999969482422,-116.5,13.621217727661133,-141.1999969482422,-139.0,-133.3000030517578,-126.0,-116.5,-107.0,-99.0,-94.90000915527344,-91.0
2856,-117.55999755859375,28.66670036315918,6.557908058166504,39.298118591308594,-117.55999755859375,-117.0,13.784280776977539,-141.1999969482422,-139.0,-136.10000610351562,-127.25,-117.0,-107.0,-99.0,-94.90000915527344,-91.0
2880,-117.95999908447266,28.594457626342773,6.589267730712891,39.191993713378906,-117.95999908447266,-117.0,13.856348991394043,-143.16000366210938,-141.0,-137.0,-127.25,-117.0,-107.75,-99.9000015258789,-96.90000915527344,-91.0
2904,-118.47999572753906,28.52032470703125,6.612395763397217,39.087319691975914,-118.4800033569336,-117.5,13.657583236694336,-143.16000366210938,-141.0,-137.0,-128.0,-117.5,-108.75,-101.0,-98.80001831054688,-91.0
2928,-118.73999786376953,28.443992614746094,6.650380611419678,38.97564442952474,-118.73999786376953,-117.5,13.977567672729492,-151.1199951171875,-141.0,-137.0,-128.0,-117.5,-108.75,-101.0,-98.80001831054688,-91.0
2952,-119.15999603271484,28.381017684936523,6.674785614013672,38.88048553466797,-119.16000366210938,-118.0,14.207547187805176,-151.1199951171875,-141.0,-137.0,-128.0,-118.0,-109.0,-101.0,-98.80001831054688,-91.0
2976,-119.5199966430664,28.309606552124023,6.707233428955078,38.77471415201823,-119.5199966430664,-118.0,14.149544715881348,-151.1199951171875,-141.0,-137.0,-128.25,-118.0,-110.75,-101.0,-98.90000915527344,-94.95999145507812
3000,-120.15999603271484,28.2395076751709,6.744701385498047,38.6676991780599,-120.16000366210938,-119.5,14.190645217895508,-151.1199951171875,-141.0,-137.0,-130.0,-119.5,-111.0,-101.0,-98.90000915527344,-94.95999145507812
3024,-120.5199966430664,28.16707420349121,6.77195930480957,38.558912913004555,-120.5199966430664,-119.5,14.091471672058105,-151.1199951171875,-141.0,-137.10000610351562,-130.0,-119.5,-111.75,-101.0,-98.90000915527344,-94.95999145507812
3048,-120.81999969482422,28.09646987915039,6.80942440032959,38.45156224568685,-120.81999969482422,-120.0,14.028813362121582,-151.1199951171875,-141.0,-137.10000610351562,-130.0,-120.0,-111.75,-101.0,-98.90000915527344,-94.95999145507812
3072,-121.29999542236328,28.02133560180664,6.836471080780029,38.343825022379555,-121.30000305175781,-121.0,14.045284271240234,-151.1199951171875,-141.0,-137.10000610351562,-130.0,-121.0,-113.0,-101.0,-98.90000915527344,-94.95999145507812
3096,-121.7199935913086,27.934913635253906,6.863044261932373,38.220839182535805,-121.72000122070312,-122.0,14.067038536071777,-151.1999969482422,-141.0,-137.10000610351562,-130.25,-122.0,-113.0,-104.60000610351562,-98.90000915527344,-94.95999145507812
3120,-122.23999786376953,27.86773681640625,6.898692607879639,38.1205800374349,-122.23999786376953,-122.0,14.03361701965332,-151.1999969482422,-143.0500030517578,-139.0,-131.0,-122.0,-113.0,-105.0,-99.95000457763672,-94.95999145507812
3144,-122.6199951171875,27.79144287109375,6.931436061859131,38.00484720865885,-122.62000274658203,-122.5,14.122875213623047,-151.1999969482422,-143.0500030517578,-139.1999969482422,-132.0,-122.5,-113.75,-105.0,-99.95000457763672,-94.95999145507812
3168,-123.2199935913086,27.716840744018555,6.960200309753418,37.89355214436849,-123.22000122070312,-123.0,14.26855182647705,-151.1999969482422,-145.0500030517578,-141.0,-132.0,-123.0,-114.75,-105.0,-99.95000457763672,-94.95999145507812
3192,-123.5199966430664,27.635000228881836,6.993978023529053,37.769674936930336,-123.5199966430664,-123.0,14.41282844543457,-151.1999969482422,-145.0500030517578,-141.0,-132.0,-123.0,-115.0,-105.0,-99.95000457763672,-94.95999145507812
3216,-124.04000091552734,27.56348991394043,7.0174994468688965,37.66323725382487,-124.04000091552734,-124.0,14.631418228149414,-153.16000366210938,-146.10000610351562,-142.10000610351562,-132.25,-124.0,-115.0,-106.80000305175781,-99.95000457763672,-94.95999145507812
3240,-124.45999908447266,27.48138999938965,7.043099880218506,37.54116185506185,-124.45999908447266,-124.0,14.650201797485352,-153.16000366210938,-148.14999389648438,-143.10000610351562,-132.25,-124.0,-115.0,-107.0,-100.95000457763672,-94.95999145507812
3264,-124.83999633789062,27.3996639251709,7.058066368103027,37.42190170288086,-124.83999633789062,-124.0,14.502910614013672,-153.16000366210938,-148.14999389648438,-143.10000610351562,-132.25,-124.0,-115.0,-107.0,-100.95000457763672,-94.95999145507812
3288,-125.2199935913086,27.324188232421875,7.095531463623047,37.305737813313804,-125.22000122070312,-124.0,14.535184860229492,-153.16000366210938,-148.14999389648438,-144.0,-133.75,-124.0,-115.75,-107.0,-100.95000457763672,-94.95999145507812
3312,-125.55999755859375,27.241619110107422,7.129421234130859,37.179917653401695,-125.55999755859375,-124.5,14.469499588012695,-153.16000366210938,-148.14999389648438,-144.0,-136.25,-124.5,-117.0,-108.80000305175781,-100.95000457763672,-94.95999145507812
3336,-126.0199966430664,27.166118621826172,7.153217315673828,37.06330871582031,-126.0199966430664,-126.0,14.324789047241211,-153.16000366210938,-148.14999389648438,-144.0,-136.25,-126.0,-118.0,-108.80000305175781,-100.95000457763672,-94.95999145507812
3360,-126.37999725341797,27.08943748474121,7.171048641204834,36.950853983561196,-126.37999725341797,-126.5,14.274999618530273,-153.16000366210938,-148.14999389648438,-144.0,-136.25,-126.5,-118.0,-108.80000305175781,-100.95000457763672,-94.95999145507812
3384,-127.13999938964844,27.006938934326172,7.2011213302612305,36.82751592000326,-127.13999938964844,-127.5,14.10604190826416,-153.16000366210938,-148.14999389648438,-144.0,-137.0,-127.5,-118.0,-109.0,-101.0,-99.97999572753906
3408,-127.36000061035156,26.932369232177734,7.220852851867676,36.710645039876304,-127.36000061035156,-127.5,14.022497177124023,-153.16000366210938,-148.14999389648438,-144.0,-137.0,-127.5,-118.75,-109.0,-101.0,-99.97999572753906
3432,-128.0800018310547,26.86318016052246,7.250452995300293,36.60148239135742,-128.0800018310547,-128.0,13.795418739318848,-153.16000366210938,-148.14999389648438,-144.0,-137.0,-128.0,-119.0,-110.80000305175781,-101.0,-99.97999572753906
3456,-128.4199981689453,26.792875289916992,7.279670715332031,36.48779169718424,-128.4199981689453,-128.0,13.6067476272583,-153.16000366210938,-148.14999389648438,-144.0,-137.0,-128.0,-119.75,-112.60000610351562,-102.90000915527344,-100.97999572753906
3480,-128.6199951171875,26.708066940307617,7.292364120483398,36.36632792154948,-128.6199951171875,-128.5,13.749748229980469,-157.0800018310547,-148.14999389648438,-144.0,-137.0,-128.5,-119.75,-112.60000610351562,-102.90000915527344,-100.97999572753906
3504,-128.86000061035156,26.636173248291016,7.318931579589844,36.25496927897135,-128.86000061035156,-128.5,13.87156867980957,-157.0800018310547,-148.14999389648438,-144.0,-137.0,-128.5,-120.75,-112.60000610351562,-102.90000915527344,-100.97999572753906
3528,-129.1999969482422,26.564449310302734,7.337050437927246,36.14518483479818,-129.1999969482422,-129.5,14.173213005065918,-161.0399932861328,-150.14999389648438,-145.10000610351562,-137.0,-129.5,-120.75,-112.60000610351562,-102.90000915527344,-100.97999572753906
3552,-129.44000244140625,26.48225212097168,7.360677242279053,36.022867838541664,-129.44000244140625,-130.0,14.184724807739258,-161.0399932861328,-150.14999389648438,-145.10000610351562,-137.0,-130.0,-121.0,-112.60000610351562,-102.90000915527344,-100.97999572753906
3576,-129.6199951171875,26.399578094482422,7.390527248382568,35.8982048034668,-129.6199951171875,-130.0,14.19632339477539,-161.0399932861328,-153.0500030517578,-145.10000610351562,-137.0,-130.0,-121.0,-112.60000610351562,-103.0,-100.97999572753906
3600,-130.05999755859375,26.314733505249023,7.414126396179199,35.77035395304362,-130.05999755859375,-131.0,14.323282241821289,-161.0399932861328,-153.0500030517578,-146.10000610351562,-138.25,-131.0,-121.0,-112.60000610351562,-103.0,-100.97999572753906
3624,-130.33999633789062,26.231109619140625,7.442777156829834,35.63893254597982,-130.33999633789062,-131.5,14.386256217956543,-161.0399932861328,-153.0500030517578,-147.0,-139.25,-131.5,-121.0,-112.60000610351562,-103.0,-100.97999572753906
3648,-130.5800018310547,26.165557861328125,7.4878764152526855,35.528611501057945,-130.5800018310547,-132.0,14.436883926391602,-161.0399932861328,-153.0500030517578,-147.0,-140.0,-132.0,-121.75,-112.60000610351562,-103.0,-100.97999572753906
3672,-130.83999633789062,26.087966918945312,7.505252361297607,35.40699895222982,-130.83999633789062,-132.0,14.542845726013184,-161.0399932861328,-153.0500030517578,-147.0,-140.25,-132.0,-121.75,-112.80000305175781,-103.0,-100.97999572753906
3696,-131.3000030517578,26.013469696044922,7.528102874755859,35.288368225097656,-131.3000030517578,-132.0,14.260083198547363,-161.0399932861328,-153.0500030517578,-147.0,-141.0,-132.0,-123.0,-112.80000305175781,-106.80001831054688,-102.93998718261719
3720,-131.72000122070312,25.929424285888672,7.550056457519531,35.15985107421875,-131.72000122070312,-132.5,14.440276145935059,-161.0399932861328,-153.0500030517578,-148.0,-141.0,-132.5,-123.0,-112.80000305175781,-106.80001831054688,-102.93998718261719
3744,-132.17999267578125,25.85854148864746,7.573022365570068,35.04344685872396,-132.17999267578125,-133.5,14.47092342376709,-163.0,-154.25,-148.10000610351562,-141.0,-133.5,-123.0,-112.80000305175781,-107.95000457763672,-103.0
3768,-132.27999877929688,25.779964447021484,7.589882850646973,34.924451192220054,-132.27999877929688,-133.5,14.569887161254883,-163.0,-154.34999084472656,-149.10000610351562,-141.0,-133.5,-123.75,-112.80000305175781,-107.95000457763672,-103.0
3792,-132.5399932861328,25.696041107177734,7.611468315124512,34.799661000569664,-132.5399932861328,-133.5,14.647470474243164,-163.0399932861328,-156.25,-150.0,-141.25,-133.5,-123.75,-112.80000305175781,-107.95000457763672,-103.0
3816,-132.77999877929688,25.614879608154297,7.636971950531006,34.67088190714518,-132.77999877929688,-133.5,14.74149227142334,-163.0399932861328,-161.0,-150.0,-141.25,-133.5,-123.75,-114.80000305175781,-107.95000457763672,-103.0
3840,-133.0399932861328,25.537626266479492,7.666579246520996,34.54695256551107,-133.0399932861328,-133.5,14.808051109313965,-163.0399932861328,-161.0,-150.0,-142.0,-133.5,-124.0,-114.80000305175781,-107.95000457763672,-103.0
3864,-133.239990234375,25.463438034057617,7.690080642700195,34.431636810302734,-133.24000549316406,-133.5,14.678637504577637,-163.0399932861328,-161.0,-150.10000610351562,-142.0,-133.5,-125.0,-114.80000305175781,-107.95000457763672,-104.95999145507812
3888,-133.59999084472656,25.380741119384766,7.712065696716309,34.297777811686196,-133.60000610351562,-134.0,14.510685920715332,-163.0800018310547,-161.0,-150.10000610351562,-142.0,-134.0,-125.0,-116.60000610351562,-108.90000915527344,-104.95999145507812
3912,-133.97999572753906,25.292068481445312,7.736062526702881,34.16370519002279,-133.97999572753906,-134.0,14.532708168029785,-167.0399932861328,-161.0,-150.10000610351562,-142.0,-134.0,-125.0,-117.0,-108.90000915527344,-104.95999145507812
3936,-134.13999938964844,25.223758697509766,7.755425453186035,34.050950368245445,-134.13999938964844,-134.0,14.655387878417969,-167.0399932861328,-161.10000610351562,-150.10000610351562,-142.0,-134.0,-125.0,-117.0,-108.90000915527344,-104.95999145507812
3960,-134.3199920654297,25.14361572265625,7.776542663574219,33.92110697428385,-134.32000732421875,-134.0,14.597862243652344,-167.0399932861328,-161.10000610351562,-150.10000610351562,-142.0,-134.0,-126.5,-117.0,-109.0,-104.95999145507812
3984,-134.47999572753906,25.06600570678711,7.808187484741211,33.79751205444336,-134.47999572753906,-134.0,14.63590145111084,-167.0399932861328,-161.10000610351562,-150.10000610351562,-142.25,-134.0,-126.5,-117.0,-109.0,-104.95999145507812
4008,-135.0,24.985830307006836,7.835040092468262,33.666072845458984,-135.0,-134.5,14.669696807861328,-167.0399932861328,-162.0500030517578,-150.10000610351562,-144.0,-134.5,-127.0,-118.80000305175781,-109.0,-104.95999145507812
4032,-135.22000122070312,24.91426658630371,7.859935283660889,33.54911677042643,-135.22000122070312,-135.0,14.745561599731445,-169.0,-162.0500030517578,-150.10000610351562,-144.0,-135.0,-127.0,-118.80000305175781,-109.0,-104.95999145507812
4056,-135.39999389648438,24.8419246673584,7.883353233337402,33.42872873942057,-135.39999389648438,-135.0,14.59315013885498,-169.0,-162.0500030517578,-150.10000610351562,-144.25,-135.0,-127.0,-118.80000305175781,-109.0,-104.95999145507812
4080,-135.5800018310547,24.760778427124023,7.893857002258301,33.30584462483724,-135.5800018310547,-135.0,14.467329025268555,-169.0,-162.0500030517578,-150.10000610351562,-145.25,-135.0,-127.0,-118.80000305175781,-112.80001831054688,-106.91998291015625
4104,-135.72000122070312,24.677047729492188,7.913247585296631,33.17363739013672,-135.72000122070312,-135.0,14.557526588439941,-169.0,-162.14999389648438,-150.10000610351562,-145.25,-135.0,-127.0,-118.80000305175781,-112.80001831054688,-106.91998291015625
4128,-135.94000244140625,24.6051025390625,7.939665794372559,33.05614725748698,-135.94000244140625,-135.0,14.576570510864258,-169.0800018310547,-162.14999389648438,-150.10000610351562,-145.25,-135.0,-127.0,-118.80000305175781,-112.80001831054688,-106.95999145507812
4152,-136.3199920654297,24.52277183532715,7.977526664733887,32.91848373413086,-136.32000732421875,-135.5,14.584156036376953,-169.0800018310547,-165.10000610351562,-150.10000610351562,-145.25,-135.5,-127.0,-118.80000305175781,-114.90000915527344,-108.95999145507812
4176,-136.63999938964844,24.442378997802734,8.003331184387207,32.78867848714193,-136.63999938964844,-136.0,14.871126174926758,-173.0399932861328,-165.10000610351562,-152.0,-146.0,-136.0,-127.0,-118.80000305175781,-114.90000915527344,-108.95999145507812
4200,-136.75999450683594,24.3642578125,8.02511978149414,32.66244379679362,-136.75999450683594,-136.0,14.705863952636719,-173.0399932861328,-165.10000610351562,-152.0,-146.0,-136.0,-127.0,-119.0,-114.90000915527344,-110.91998291015625
4224,-136.97999572753906,24.2718505859375,8.056943893432617,32.51732635498047,-136.97999572753906,-136.0,14.749900817871094,-173.0399932861328,-169.0,-152.0,-146.25,-136.0,-127.0,-119.0,-114.90000915527344,-110.95999145507812
4248,-137.3199920654297,24.18526268005371,8.078500747680664,32.381361643473305,-137.32000732421875,-136.0,14.615662574768066,-173.0399932861328,-169.0,-152.0,-147.0,-136.0,-128.0,-119.9000015258789,-114.90000915527344,-110.95999145507812
4272,-137.4199981689453,24.102712631225586,8.09047794342041,32.25412114461263,-137.4199981689453,-136.0,14.51012134552002,-173.0399932861328,-169.0,-152.0,-147.0,-136.0,-128.0,-119.9000015258789,-116.90000915527344,-110.95999145507812
4296,-137.8199920654297,24.015140533447266,8.11250114440918,32.113424936930336,-137.82000732421875,-136.5,14.434944152832031,-173.0399932861328,-169.0,-152.0,-147.0,-136.5,-128.0,-119.9000015258789,-116.90000915527344,-110.95999145507812
4320,-137.86000061035156,23.941808700561523,8.151893615722656,31.98089090983073,-137.86000061035156,-137.0,14.407649993896484,-173.0399932861328,-169.0,-152.0,-147.0,-137.0,-128.0,-120.9000015258789,-116.90000915527344,-110.95999145507812
4344,-138.0800018310547,23.8572998046875,8.164222717285156,31.84554926554362,-138.0800018310547,-137.0,14.310611724853516,-173.0399932861328,-169.0,-152.1999969482422,-147.0,-137.0,-128.0,-120.9000015258789,-116.90000915527344,-112.95999145507812
4368,-138.16000366210938,23.7752685546875,8.185513496398926,31.704884211222332,-138.16000366210938,-137.0,14.342049598693848,-173.0399932861328,-169.0,-152.1999969482422,-147.0,-137.0,-128.0,-120.9000015258789,-116.90000915527344,-112.95999145507812
4392,-138.3000030517578,23.693302154541016,8.20118236541748,31.579472223917644,-138.3000030517578,-137.5,14.299302101135254,-173.0399932861328,-169.0,-153.10000610351562,-147.0,-137.5,-128.0,-120.9000015258789,-117.0,-112.95999145507812
4416,-138.4199981689453,23.618940353393555,8.22804069519043,31.453663508097332,-138.4199981689453,-138.0,14.27387809753418,-173.0399932861328,-169.0,-153.10000610351562,-147.0,-138.0,-128.0,-120.9000015258789,-117.0,-112.95999145507812
4440,-138.66000366210938,23.54021453857422,8.253085136413574,31.3157475789388,-138.66000366210938,-138.0,14.069981575012207,-173.0399932861328,-169.0,-153.10000610351562,-147.0,-138.0,-129.0,-121.0,-117.0,-112.95999145507812
4464,-138.8000030517578,23.461400985717773,8.26371955871582,31.1913324991862,-138.8000030517578,-138.0,14.211262702941895,-173.0399932861328,-169.0,-154.0,-147.0,-138.0,-129.0,-121.0,-117.0,-112.95999145507812
4488,-138.94000244140625,23.361526489257812,8.26484203338623,31.039958318074543,-138.94000244140625,-138.0,14.171675682067871,-173.0399932861328,-169.0,-154.0,-147.0,-138.0,-129.0,-121.0,-117.0,-112.95999145507812
4512,-139.1199951171875,23.26570701599121,8.280025482177734,30.885889689127605,-139.1199951171875,-138.0,14.324300765991211,-177.0,-169.0,-154.0,-147.0,-138.0,-129.75,-121.0,-117.0,-112.95999145507812
4536,-139.3000030517578,23.17352867126465,8.297420501708984,30.735166549682617,-139.3000030517578,-138.5,14.286707878112793,-177.0,-169.0,-154.0,-147.25,-138.5,-129.75,-121.0,-118.90000915527344,-112.95999145507812
4560,-139.44000244140625,23.096792221069336,8.319925308227539,30.60618782043457,-139.44000244140625,-138.5,14.322234153747559,-177.0,-169.0,-154.0,-147.25,-138.5,-130.75,-121.0,-118.90000915527344,-112.95999145507812
4584,-139.59999084472656,23.016027450561523,8.34638786315918,30.461619695027668,-139.60000610351562,-138.5,14.32201099395752,-177.0,-169.0,-154.0,-147.25,-138.5,-130.75,-121.0,-118.90000915527344,-112.95999145507812
4608,-139.8199920654297,22.937908172607422,8.388286590576172,30.31218719482422,-139.82000732421875,-138.5,14.278922080993652,-177.0,-169.10000610351562,-154.1999969482422,-147.25,-138.5,-130.75,-121.9000015258789,-119.0,-112.95999145507812
4632,-139.9199981689453,22.860332489013672,8.407570838928223,30.180797576904297,-139.9199981689453,-139.0,14.325976371765137,-177.0399932861328,-169.10000610351562,-156.0,-147.25,-139.0,-130.75,-121.9000015258789,-119.0,-112.95999145507812
4656,-140.09999084472656,22.776159286499023,8.410685539245605,30.049209594726562,-140.10000610351562,-139.0,14.2698974609375,-177.0399932861328,-169.10000610351562,-156.0,-148.0,-139.0,-130.75,-123.0,-119.0,-112.95999145507812
4680,-140.239990234375,22.694189071655273,8.425015449523926,29.911824544270832,-140.24000549316406,-139.5,14.272435188293457,-177.0399932861328,-169.10000610351562,-156.0,-148.25,-139.5,-130.75,-123.0,-119.0,-112.95999145507812
4704,-140.45999145507812,22.602354049682617,8.45585823059082,29.752064387003582,-140.4600067138672,-139.5,14.222108840942383,-177.0399932861328,-169.10000610351562,-156.0,-149.0,-139.5,-131.0,-123.9000015258789,-119.0,-112.95999145507812
4728,-140.6199951171875,22.520214080810547,8.476716995239258,29.613728205362957,-140.6199951171875,-140.0,14.194913864135742,-177.0399932861328,-169.10000610351562,-156.0,-149.0,-140.0,-131.0,-123.9000015258789,-119.0,-112.95999145507812
4752,-140.77999877929688,22.440513610839844,8.502581596374512,29.475201924641926,-140.77999877929688,-140.0,14.279762268066406,-177.0399932861328,-169.10000610351562,-156.0,-149.0,-140.0,-131.0,-123.9000015258789,-119.0,-112.95999145507812
4776,-140.87998962402344,22.37018394470215,8.519359588623047,29.34516207377116,-140.8800048828125,-140.0,14.282353401184082,-177.0399932861328,-169.10000610351562,-156.0,-149.0,-140.0,-131.0,-123.9000015258789,-119.0,-112.95999145507812
4800,-140.95999145507812,22.29409408569336,8.553272247314453,29.20848274230957,-140.9600067138672,-140.5,14.250557899475098,-177.0399932861328,-169.10000610351562,-156.0,-149.0,-140.5,-131.0,-123.9000015258789,-119.0,-112.95999145507812
4824,-141.22000122070312,22.224958419799805,8.575838088989258,29.073901494344074,-141.22000122070312,-140.5,14.260141372680664,-177.0399932861328,-169.10000610351562,-156.0,-149.0,-140.5,-131.0,-124.0,-119.0,-114.91998291015625
4848,-141.3199920654297,22.14107894897461,8.58792495727539,28.93491808573405,-141.32000732421875,-140.5,14.211882591247559,-177.0399932861328,-169.10000610351562,-156.0,-149.0,-140.5,-131.0,-124.0,-119.0,-114.91998291015625
4872,-141.739990234375,22.040142059326172,8.604883193969727,28.772488911946613,-141.74000549316406,-141.0,14.330820083618164,-177.0399932861328,-169.3000030517578,-156.1999969482422,-149.25,-141.0,-131.0,-124.0,-119.0,-114.91998291015625
4896,-142.16000366210938,21.950679779052734,8.618751525878906,28.622862497965496,-142.16000366210938,-141.0,13.918851852416992,-177.0399932861328,-169.3000030517578,-156.1999969482422,-150.0,-141.0,-132.75,-126.70000457763672,-120.90000915527344,-118.91998291015625
4920,-142.27999877929688,21.87238883972168,8.637128829956055,28.48683230082194,-142.27999877929688,-141.0,13.878098487854004,-177.0399932861328,-169.3000030517578,-156.1999969482422,-150.0,-141.0,-132.75,-127.0,-120.90000915527344,-118.91998291015625
4944,-142.3000030517578,21.797107696533203,8.646525382995605,28.356146494547527,-142.3000030517578,-141.0,13.845938682556152,-177.0399932861328,-169.3000030517578,-156.1999969482422,-150.0,-141.0,-132.75,-127.0,-121.0,-118.91998291015625
4968,-142.36000061035156,21.711444854736328,8.664353370666504,28.211869557698567,-142.36000061035156,-141.0,13.845952033996582,-177.0399932861328,-169.3000030517578,-158.0,-150.0,-141.0,-132.75,-127.0,-121.0,-118.91998291015625
4992,-142.5800018310547,21.62752914428711,8.676464080810547,28.068854014078777,-142.5800018310547,-142.0,14.00227165222168,-177.0399932861328,-175.0,-158.0,-150.25,-142.0,-132.75,-127.0,-121.0,-118.91998291015625
5016,-142.6999969482422,21.554767608642578,8.697596549987793,27.93809763590495,-142.6999969482422,-142.0,14.001070976257324,-177.0399932861328,-175.0,-158.1999969482422,-150.25,-142.0,-133.75,-127.0,-121.0,-118.91998291015625
5040,-143.0,21.46419906616211,8.722530364990234,27.78285280863444,-143.0,-142.0,14.142135620117188,-179.0,-175.10000610351562,-159.10000610351562,-151.0,-142.0,-133.75,-127.0,-121.0,-118.91998291015625
5064,-143.09999084472656,21.402822494506836,8.734943389892578,27.67209815979004,-143.10000610351562,-142.0,14.123384475708008,-179.0,-175.10000610351562,-159.10000610351562,-151.0,-142.0,-134.0,-127.0,-121.0,-118.91998291015625
5088,-143.1999969482422,21.31058120727539,8.755536079406738,27.510759989420574,-143.1999969482422,-142.0,14.103899955749512,-179.0,-175.10000610351562,-159.10000610351562,-151.0,-142.0,-134.0,-127.0,-122.90000915527344,-118.91998291015625
5112,-143.4199981689453,21.2301025390625,8.77771282196045,27.363957087198894,-143.4199981689453,-142.0,13.93641185760498,-179.0,-175.10000610351562,-159.10000610351562,-151.0,-142.0,-134.0,-127.0,-122.90000915527344,-119.0
5136,-143.55999755859375,21.154752731323242,8.795137405395508,27.226784388224285,-143.55999755859375,-142.0,14.101290702819824,-179.0,-175.10000610351562,-160.1999969482422,-151.0,-142.0,-134.0,-127.0,-122.90000915527344,-119.0
5160,-143.63999938964844,21.094390869140625,8.825240135192871,27.095585505167644,-143.63999938964844,-142.0,14.124814987182617,-179.0,-175.10000610351562,-160.1999969482422,-151.25,-142.0,-134.0,-127.0,-122.90000915527344,-119.0
5184,-143.77999877929688,21.019420623779297,8.853005409240723,26.954824447631836,-143.77999877929688,-142.5,14.103602409362793,-179.0,-175.10000610351562,-160.1999969482422,-151.25,-142.5,-134.0,-127.0,-122.90000915527344,-119.0
5208,-144.02000427246094,20.943904876708984,8.863849639892578,26.825905481974285,-144.02000427246094,-142.5,13.914006233215332,-179.0,-175.10000610351562,-160.1999969482422,-151.25,-142.5,-134.0,-127.9000015258789,-123.0,-119.0
5232,-144.25999450683594,20.871665954589844,8.882306098937988,26.691727956136067,-144.25999450683594,-143.0,13.817830085754395,-179.0,-175.10000610351562,-160.1999969482422,-151.25,-143.0,-136.5,-127.9000015258789,-123.0,-119.0
5256,-144.3199920654297,20.805435180664062,8.903205871582031,26.56553904215495,-144.32000732421875,-143.0,13.729442596435547,-179.0,-175.10000610351562,-160.1999969482422,-151.25,-143.0,-136.5,-127.9000015258789,-124.90000915527344,-119.0
5280,-144.5800018310547,20.745296478271484,8.935874938964844,26.43747329711914,-144.5800018310547,-143.0,13.569952964782715,-179.0,-175.10000610351562,-160.1999969482422,-151.25,-143.0,-136.5,-128.89999389648438,-124.90000915527344,-119.0
5304,-144.59999084472656,20.660200119018555,8.957149505615234,26.28339195251465,-144.60000610351562,-143.0,13.566134452819824,-179.0,-175.10000610351562,-160.1999969482422,-151.25,-143.0,-136.5,-128.89999389648438,-124.90000915527344,-119.0
5328,-144.739990234375,20.577014923095703,8.971369743347168,26.139371871948242,-144.74000549316406,-143.0,13.498605728149414,-179.0,-175.10000610351562,-160.1999969482422,-151.25,-143.0,-136.5,-129.0,-124.90000915527344,-119.0
5352,-144.8000030517578,20.490402221679688,8.98502254486084,25.987037658691406,-144.8000030517578,-143.0,13.514437675476074,-179.0,-177.0,-160.1999969482422,-151.25,-143.0,-136.5,-129.0,-124.90000915527344,-119.0
5376,-145.02000427246094,20.419212341308594,9.011198997497559,25.849685668945312,-145.02000427246094,-143.5,13.495169639587402,-179.0,-177.0,-160.1999969482422,-153.0,-143.5,-136.75,-129.0,-125.0,-119.0
5400,-145.27999877929688,20.364662170410156,9.029102325439453,25.736966451009113,-145.27999877929688,-144.5,13.340224266052246,-179.0,-177.0,-160.1999969482422,-153.0,-144.5,-136.75,-129.0,-125.0,-122.91998291015625
5424,-145.39999389648438,20.285661697387695,9.035600662231445,25.601254145304363,-145.39999389648438,-144.5,13.29210376739502,-179.0,-177.0,-160.1999969482422,-153.0,-144.5,-136.75,-129.89999389648438,-125.0,-122.91998291015625
5448,-145.5399932861328,20.212223052978516,9.046695709228516,25.474557876586914,-145.5399932861328,-145.0,13.312715530395508,-179.0,-177.0,-160.1999969482422,-153.25,-145.0,-136.75,-129.89999389648438,-125.0,-122.91998291015625
5472,-145.59999084472656,20.184965133666992,9.145875930786133,25.291621526082356,-145.60000610351562,-145.0,13.293607711791992,-179.0,-177.0,-160.39999389648438,-153.25,-145.0,-136.75,-131.0,-125.0,-122.91998291015625
5496,-145.739990234375,20.105974197387695,9.155847549438477,25.147207895914715,-145.74000549316406,-145.0,13.21409797668457,-179.0,-177.0,-160.39999389648438,-154.0,-145.0,-137.0,-131.0,-126.90000915527344,-122.91998291015625
5520,-145.86000061035156,20.04273223876953,9.186026573181152,25.016839345296223,-145.86000061035156,-145.0,13.200772285461426,-179.0,-177.0,-160.39999389648438,-154.0,-145.0,-137.0,-131.0,-126.90000915527344,-122.91998291015625
5544,-145.87998962402344,19.9637393951416,9.181442260742188,24.882699966430664,-145.8800048828125,-145.0,13.24936294555664,-179.0,-177.10000610351562,-160.39999389648438,-154.0,-145.0,-137.0,-131.0,-126.90000915527344,-122.91998291015625
5568,-145.95999145507812,19.881845474243164,9.184171676635742,24.737810770670574,-145.9600067138672,-145.0,13.192360877990723,-179.0,-177.10000610351562,-160.39999389648438,-154.0,-145.0,-137.0,-131.0,-126.90000915527344,-122.91998291015625
5592,-146.0,19.813018798828125,9.205416679382324,24.59705098470052,-146.0,-145.0,13.177252769470215,-179.0,-177.10000610351562,-160.39999389648438,-154.0,-145.0,-137.0,-131.0,-126.90000915527344,-122.91998291015625
5616,-146.0399932861328,19.751150131225586,9.209245681762695,24.481815338134766,-146.0399932861328,-145.0,13.149843215942383,-179.0,-177.10000610351562,-160.39999389648438,-154.0,-145.0,-137.0,-131.0,-126.90000915527344,-122.91998291015625
5640,-146.1199951171875,19.681930541992188,9.23870849609375,24.33547083536784,-146.1199951171875,-145.0,13.134139060974121,-179.0,-177.10000610351562,-160.39999389648438,-154.0,-145.0,-138.5,-131.0,-126.90000915527344,-122.91998291015625
5664,-146.17999267578125,19.622581481933594,9.2704496383667,24.19433339436849,-146.17999267578125,-145.0,13.138021469116211,-179.0,-177.10000610351562,-160.39999389648438,-154.0,-145.0,-138.5,-131.0,-126.90000915527344,-122.91998291015625
5688,-146.239990234375,19.559343338012695,9.303763389587402,24.05004819234212,-146.24000549316406,-145.0,13.118780136108398,-179.0,-177.10000610351562,-160.39999389648438,-154.0,-145.0,-138.5,-131.0,-126.90000915527344,-122.91998291015625
5712,-146.27999877929688,19.482513427734375,9.314212799072266,23.91606267293294,-146.27999877929688,-145.0,13.10883617401123,-179.0,-177.10000610351562,-160.39999389648438,-154.0,-145.0,-138.5,-131.0,-126.90000915527344,-122.91998291015625
5736,-146.36000061035156,19.43029022216797,9.349040985107422,23.795550028483074,-146.36000061035156,-145.0,13.079388618469238,-179.0,-177.10000610351562,-160.39999389648438,-154.0,-145.0,-138.5,-131.0,-126.90000915527344,-124.87997436523438
5760,-146.44000244140625,19.343738555908203,9.356356620788574,23.647127787272137,-146.44000244140625,-145.0,13.047849655151367,-179.0,-177.10000610351562,-160.39999389648438,-154.0,-145.0,-138.5,-131.0,-126.90000915527344,-124.87997436523438
5784,-146.45999145507812,19.274755477905273,9.376401901245117,23.51070721944173,-146.4600067138672,-145.0,13.060949325561523,-179.0,-177.10000610351562,-160.39999389648438,-154.0,-145.0,-138.5,-131.0,-126.90000915527344,-124.87997436523438
5808,-146.59999084472656,19.206619262695312,9.389055252075195,23.378334681193035,-146.60000610351562,-145.0,13.096565246582031,-179.0,-177.10000610351562,-160.39999389648438,-154.0,-145.0,-138.5,-131.0,-126.90000915527344,-124.87997436523438
5832,-146.6999969482422,19.137290954589844,9.409603118896484,23.232582092285156,-146.6999969482422,-145.5,13.011917114257812,-179.0,-177.10000610351562,-160.39999389648438,-154.0,-145.5,-139.0,-131.0,-127.0,-124.87997436523438
5856,-146.6999969482422,19.06270980834961,9.418478965759277,23.091630299886067,-146.6999969482422,-145.5,13.011917114257812,-179.0,-177.10000610351562,-160.39999389648438,-154.0,-145.5,-139.0,-131.0,-127.0,-124.87997436523438
5880,-146.72000122070312,19.003787994384766,9.433746337890625,22.961695353190105,-146.72000122070312,-145.5,12.993906021118164,-179.0,-177.10000610351562,-160.39999389648438,-154.0,-145.5,-139.0,-131.0,-127.0,-124.87997436523438
5904,-146.77999877929688,18.94095230102539,9.45125675201416,22.829458872477215,-146.77999877929688,-145.5,13.008904457092285,-179.0,-177.10000610351562,-160.39999389648438,-154.0,-145.5,-139.0,-131.0,-127.0,-124.87997436523438
5928,-146.87998962402344,18.893766403198242,9.517544746398926,22.66085433959961,-146.8800048828125,-145.5,13.0363187789917,-179.0,-179.0,-160.39999389648438,-154.0,-145.5,-139.0,-131.0,-128.90000915527344,-124.87997436523438
5952,-146.9199981689453,18.815696716308594,9.53443431854248,22.507300694783527,-146.9199981689453,-145.5,12.993597030639648,-179.0,-179.0,-160.39999389648438,-154.0,-145.5,-139.0,-131.0,-128.90000915527344,-124.87997436523438
5976,-147.0399932861328,18.741172790527344,9.551246643066406,22.35811424255371,-147.0399932861328,-146.0,13.016850471496582,-179.0,-179.0,-160.39999389648438,-154.0,-146.0,-139.0,-131.0,-128.90000915527344,-124.87997436523438
6000,-147.13999938964844,18.68115234375,9.591706275939941,22.220548629760742,-147.13999938964844,-146.0,13.017695426940918,-179.0,-179.0,-160.39999389648438,-154.0,-146.0,-139.0,-131.0,-128.90000915527344,-124.87997436523438
6024,-147.17999267578125,18.615814208984375,9.613567352294922,22.088218053181965,-147.17999267578125,-146.0,12.986438751220703,-179.0,-179.0,-160.39999389648438,-154.0,-146.0,-139.0,-131.0,-129.0,-124.87997436523438
6048,-147.1999969482422,18.533634185791016,9.623102188110352,21.933909098307293,-147.1999969482422,-146.0,12.97844409942627,-179.0,-179.0,-160.39999389648438,-154.0,-146.0,-139.0,-131.0,-129.0,-124.87997436523438
6072,-147.22000122070312,18.45586395263672,9.623552322387695,21.80051040649414,-147.22000122070312,-146.0,12.979660987854004,-179.0,-179.0,-160.39999389648438,-154.0,-146.0,-139.0,-131.0,-129.0,-124.87997436523438
6096,-147.239990234375,18.380626678466797,9.632075309753418,21.666847229003906,-147.24000549316406,-146.0,12.98854923248291,-179.0,-179.0,-160.39999389648438,-154.0,-146.0,-139.0,-131.0,-129.0,-124.87997436523438
6120,-147.4199981689453,18.311641693115234,9.64816665649414,21.52837308247884,-147.4199981689453,-146.0,13.000906944274902,-179.0,-179.0,-160.39999389648438,-154.0,-146.0,-139.0,-131.0,-129.0,-124.87997436523438
6144,-147.45999145507812,18.25848960876465,9.683077812194824,21.392056147257488,-147.4600067138672,-146.0,12.97491455078125,-179.0,-179.0,-160.39999389648438,-154.0,-146.0,-139.0,-131.0,-129.0,-124.87997436523438
6168,-147.5800018310547,18.208309173583984,9.705710411071777,21.26995849609375,-147.5800018310547,-146.0,13.008597373962402,-179.0,-179.0,-161.3000030517578,-154.0,-146.0,-139.0,-131.0,-129.0,-124.87997436523438
6192,-147.5800018310547,18.158329010009766,9.733637809753418,21.146643956502277,-147.5800018310547,-146.0,13.008597373962402,-179.0,-179.0,-161.3000030517578,-154.0,-146.0,-139.0,-131.0,-129.0,-124.87997436523438
6216,-147.5800018310547,18.076305389404297,9.726489067077637,21.009162267049152,-147.5800018310547,-146.0,13.008597373962402,-179.0,-179.0,-161.3000030517578,-154.0,-146.0,-139.0,-131.0,-129.0,-124.87997436523438
6240,-147.5800018310547,18.017099380493164,9.739089965820312,20.869873046875,-147.5800018310547,-146.0,13.008597373962402,-179.0,-179.0,-161.3000030517578,-154.0,-146.0,-139.0,-131.0,-129.0,-124.87997436523438
6264,-147.66000366210938,17.979209899902344,9.764701843261719,20.746633529663086,-147.66000366210938,-146.5,12.995553016662598,-179.0,-179.0,-161.3000030517578,-154.0,-146.5,-139.0,-131.0,-129.0,-124.87997436523438
6288,-147.72000122070312,17.911090850830078,9.763660430908203,20.61724026997884,-147.72000122070312,-146.5,12.97850513458252,-179.0,-179.0,-161.3000030517578,-154.0,-146.5,-139.0,-131.0,-129.0,-124.87997436523438
6312,-147.739990234375,17.86852264404297,9.799389839172363,20.48340352376302,-147.74000549316406,-146.5,12.989704132080078,-179.0,-179.0,-161.3000030517578,-154.0,-146.5,-139.0,-131.0,-129.0,-124.87997436523438
6336,-147.75999450683594,17.801292419433594,9.806589126586914,20.33774757385254,-147.75999450683594,-146.5,12.99008846282959,-179.0,-179.0,-161.3000030517578,-154.0,-146.5,-139.0,-131.0,-129.0,-124.87997436523438
6360,-147.8199920654297,17.73139762878418,9.814592361450195,20.183936436971027,-147.82000732421875,-146.5,12.978736877441406,-179.0,-179.0,-161.3000030517578,-154.25,-146.5,-139.0,-131.0,-130.90000915527344,-124.87997436523438
6384,-147.95999145507812,17.676916122436523,9.835838317871094,20.045847574869793,-147.9600067138672,-146.5,12.970673561096191,-179.0,-179.0,-161.3000030517578,-154.25,-146.5,-140.5,-131.89999389648438,-130.90000915527344,-124.87997436523438
6408,-147.97999572753906,17.622840881347656,9.849845886230469,19.930891672770183,-147.97999572753906,-147.0,12.967637062072754,-179.0,-179.0,-161.3000030517578,-154.25,-147.0,-140.5,-131.89999389648438,-130.90000915527344,-124.87997436523438
6432,-148.0399932861328,17.55010223388672,9.849372863769531,19.792303721110027,-148.0399932861328,-147.0,12.939798355102539,-179.0,-179.0,-161.3000030517578,-154.25,-147.0,-140.75,-131.89999389648438,-130.90000915527344,-124.87997436523438
6456,-148.16000366210938,17.492570877075195,9.877021789550781,19.651851654052734,-148.16000366210938,-147.0,12.886209487915039,-179.0,-179.0,-161.3000030517578,-155.0,-147.0,-141.0,-131.89999389648438,-130.90000915527344,-124.87997436523438
6480,-148.1999969482422,17.418842315673828,9.895841598510742,19.473110834757488,-148.1999969482422,-147.0,12.873228073120117,-179.0,-179.0,-161.3000030517578,-155.0,-147.0,-141.0,-131.89999389648438,-130.90000915527344,-124.87997436523438
6504,-148.3199920654297,17.351896286010742,9.897124290466309,19.35722478230794,-148.32000732421875,-147.0,12.756864547729492,-179.0,-179.0,-161.3000030517578,-155.0,-147.0,-141.0,-134.0,-131.0,-124.87997436523438
6528,-148.37998962402344,17.27347183227539,9.90307903289795,19.210908889770508,-148.3800048828125,-147.0,12.759921073913574,-179.0,-179.0,-161.3000030517578,-155.0,-147.0,-141.0,-134.0,-131.0,-124.87997436523438
6552,-148.45999145507812,17.239973068237305,9.939715385437012,19.088324864705402,-148.4600067138672,-147.0,12.733750343322754,-179.0,-179.0,-161.3000030517578,-155.0,-147.0,-141.0,-134.0,-131.0,-124.87997436523438
6576,-148.47999572753906,17.1849308013916,9.962913513183594,18.944495519002277,-148.47999572753906,-147.0,12.7251558303833,-179.0,-179.0,-161.3000030517578,-155.0,-147.0,-141.0,-134.0,-131.0,-124.87997436523438
6600,-148.5,17.118038177490234,9.97127914428711,18.80195490519206,-148.5,-147.0,12.738524436950684,-179.0,-179.0,-161.3000030517578,-155.0,-147.0,-141.0,-134.0,-131.0,-124.87997436523438
6624,-148.5,17.045917510986328,9.98874568939209,18.628190358479817,-148.5,-147.0,12.738524436950684,-179.0,-179.0,-161.3000030517578,-155.0,-147.0,-141.0,-134.0,-131.0,-124.87997436523438
6648,-148.5399932861328,16.98198890686035,9.991922378540039,18.50806935628255,-148.5399932861328,-147.0,12.740032196044922,-179.0,-179.0,-161.3000030517578,-155.0,-147.0,-141.0,-134.0,-131.0,-124.87997436523438
6672,-148.5399932861328,16.920860290527344,10.007420539855957,18.36915461222331,-148.5399932861328,-147.0,12.740032196044922,-179.0,-179.0,-161.3000030517578,-155.0,-147.0,-141.0,-134.0,-131.0,-124.87997436523438
6696,-148.5399932861328,16.882429122924805,10.043522834777832,18.240009943644207,-148.5399932861328,-147.0,12.740032196044922,-179.0,-179.0,-161.3000030517578,-155.0,-147.0,-141.0,-134.0,-131.0,-124.87997436523438
6720,-148.59999084472656,16.841466903686523,10.082942962646484,18.10682996114095,-148.60000610351562,-147.0,12.7294921875,-179.0,-179.0,-161.3000030517578,-155.0,-147.0,-141.0,-134.0,-131.0,-124.87997436523438
6744,-148.59999084472656,16.78370475769043,10.107879638671875,17.95614242553711,-148.60000610351562,-147.0,12.7294921875,-179.0,-179.0,-161.3000030517578,-155.0,-147.0,-141.0,-134.0,-131.0,-124.87997436523438
6768,-148.66000366210938,16.749744415283203,10.148101806640625,17.81353251139323,-148.66000366210938,-147.0,12.660347938537598,-179.0,-179.0,-161.3000030517578,-155.0,-147.0,-141.0,-134.0,-131.0,-124.87997436523438
6792,-148.66000366210938,16.68121910095215,10.144562721252441,17.678367614746094,-148.66000366210938,-147.0,12.660347938537598,-179.0,-179.0,-161.3000030517578,-155.0,-147.0,-141.0,-134.0,-131.0,-124.87997436523438
6816,-148.72000122070312,16.62782859802246,10.177881240844727,17.52260144551595,-148.72000122070312,-147.0,12.715407371520996,-179.0,-179.0,-161.3000030517578,-155.0,-147.0,-141.0,-134.89999389648438,-131.0,-124.87997436523438
6840,-148.739990234375,16.5762996673584,10.201322555541992,17.38266944885254,-148.74000549316406,-147.0,12.698519706726074,-179.0,-179.0,-161.3000030517578,-155.0,-147.0,-141.0,-134.89999389648438,-131.0,-124.87997436523438
6864,-148.739990234375,16.50429916381836,10.234566688537598,17.22554651896159,-148.74000549316406,-147.0,12.698519706726074,-179.0,-179.0,-161.3000030517578,-155.0,-147.0,-141.0,-134.89999389648438,-131.0,-124.87997436523438
6888,-148.75999450683594,16.488983154296875,10.258211135864258,17.14412498474121,-148.75999450683594,-147.0,12.706785202026367,-179.0,-179.0,-161.3000030517578,-155.0,-147.0,-141.0,-134.89999389648438,-131.0,-124.87997436523438
6912,-148.83999633789062,16.457141876220703,10.281858444213867,17.031161626180012,-148.83999633789062,-147.0,12.745759963989258,-179.0,-179.0,-161.3000030517578,-155.0,-147.0,-141.0,-134.89999389648438,-131.0,-124.91998291015625
6936,-148.83999633789062,16.389883041381836,10.273115158081055,16.881567001342773,-148.83999633789062,-147.0,12.745759963989258,-179.0,-179.0,-161.3000030517578,-155.0,-147.0,-141.0,-134.89999389648438,-131.0,-124.91998291015625
6960,-148.83999633789062,16.302026748657227,10.301530838012695,16.69051170349121,-148.83999633789062,-147.0,12.745759963989258,-179.0,-179.0,-161.3000030517578,-155.0,-147.0,-141.0,-134.89999389648438,-131.0,-124.91998291015625
6984,-148.89999389648438,16.26381492614746,10.335647583007812,16.562198638916016,-148.89999389648438,-147.0,12.72124195098877,-179.0,-179.0,-161.3000030517578,-155.0,-147.0,-141.0,-134.89999389648438,-131.0,-124.91998291015625
7008,-148.89999389648438,16.2213134765625,10.347579956054688,16.444902420043945,-148.89999389648438,-147.0,12.72124195098877,-179.0,-179.0,-161.3000030517578,-155.0,-147.0,-141.0,-134.89999389648438,-131.0,-124.91998291015625
7032,-148.89999389648438,16.187236785888672,10.390905380249023,16.280258814493816,-148.89999389648438,-147.0,12.72124195098877,-179.0,-179.0,-161.3000030517578,-155.0,-147.0,-141.0,-134.89999389648438,-131.0,-124.91998291015625
7056,-148.95999145507812,16.130863189697266,10.413349151611328,16.117598215738933,-148.9600067138672,-147.0,12.707414627075195,-179.0,-179.0,-161.3000030517578,-155.0,-147.0,-141.0,-134.89999389648438,-131.0,-124.95999145507812
7080,-148.95999145507812,16.089384078979492,10.441117286682129,16.008644421895344,-148.9600067138672,-147.0,12.707414627075195,-179.0,-179.0,-161.3000030517578,-155.0,-147.0,-141.0,-134.89999389648438,-131.0,-124.95999145507812
7104,-148.97999572753906,16.04193687438965,10.453303337097168,15.890478134155273,-148.97999572753906,-147.0,12.709036827087402,-179.0,-179.0,-161.3000030517578,-155.0,-147.0,-141.0,-134.89999389648438,-131.0,-124.95999145507812
7128,-149.02000427246094,15.978460311889648,10.461761474609375,15.731380780537924,-149.02000427246094,-147.0,12.734190940856934,-179.0,-179.0,-161.3000030517578,-155.0,-147.0,-141.0,-134.89999389648438,-131.0,-124.95999145507812
7152,-149.05999755859375,15.9595365524292,10.514059066772461,15.593138376871744,-149.05999755859375,-147.0,12.738774299621582,-179.0,-179.0,-161.3000030517578,-155.0,-147.0,-141.0,-134.89999389648438,-131.0,-124.95999145507812
7176,-149.0800018310547,15.918474197387695,10.531354904174805,15.441534996032715,-149.0800018310547,-147.0,12.69935417175293,-179.0,-179.0,-161.3000030517578,-155.0,-147.0,-141.0,-134.89999389648438,-131.0,-125.0
7200,-149.0800018310547,15.869041442871094,10.535441398620605,15.318426767985025,-149.0800018310547,-147.0,12.69935417175293,-179.0,-179.0,-161.3000030517578,-155.0,-147.0,-141.0,-134.89999389648438,-131.0,-125.0
7224,-149.0800018310547,15.83228588104248,10.565140724182129,15.187027931213379,-149.0800018310547,-147.0,12.69935417175293,-179.0,-179.0,-161.3000030517578,-155.0,-147.0,-141.0,-134.89999389648438,-131.0,-125.0
7248,-149.0800018310547,15.806934356689453,10.591947555541992,15.067682584126791,-149.0800018310547,-147.0,12.69935417175293,-179.0,-179.0,-161.3000030517578,-155.0,-147.0,-141.0,-134.89999389648438,-131.0,-125.0
7272,-149.0800018310547,15.751691818237305,10.572065353393555,14.955562591552734,-149.0800018310547,-147.0,12.69935417175293,-179.0,-179.0,-161.3000030517578,-155.0,-147.0,-141.0,-134.89999389648438,-131.0,-125.0
7296,-149.1199951171875,15.691139221191406,10.5859956741333,14.81457265218099,-149.1199951171875,-147.0,12.700613975524902,-179.0,-179.0,-161.3000030517578,-155.0,-147.0,-141.0,-134.89999389648438,-131.0,-125.0
7320,-149.1199951171875,15.614188194274902,10.555315971374512,14.686444282531738,-149.1199951171875,-147.0,12.700613975524902,-179.0,-179.0,-161.3000030517578,-155.0,-147.0,-141.0,-134.89999389648438,-131.0,-125.0
7344,-149.13999938964844,15.567525863647461,10.5844144821167,14.54152806599935,-149.13999938964844,-147.0,12.705132484436035,-179.0,-179.0,-161.3000030517578,-155.0,-147.0,-141.0,-134.89999389648438,-131.0,-125.0
7368,-149.17999267578125,15.536853790283203,10.614906311035156,14.420598983764648,-149.17999267578125,-147.0,12.635172843933105,-179.0,-179.0,-161.3000030517578,-155.0,-147.0,-141.0,-134.89999389648438,-131.0,-126.95999145507812
7392,-149.1999969482422,15.48237133026123,10.634047508239746,14.285609245300293,-149.1999969482422,-147.0,12.626955032348633,-179.0,-179.0,-161.3000030517578,-155.0,-147.0,-141.0,-134.89999389648438,-131.0,-126.95999145507812
7416,-149.1999969482422,15.455696105957031,10.644636154174805,14.182444254557291,-149.1999969482422,-147.0,12.626955032348633,-179.0,-179.0,-161.3000030517578,-155.0,-147.0,-141.0,-134.89999389648438,-131.0,-126.95999145507812
7440,-149.33999633789062,15.389559745788574,10.63446044921875,14.039861043294271,-149.33999633789062,-147.0,12.434001922607422,-179.0,-179.0,-161.3000030517578,-155.0,-147.0,-141.0,-135.0,-131.0,-128.95999145507812
7464,-149.33999633789062,15.368247032165527,10.66765022277832,13.9356050491333,-149.33999633789062,-147.0,12.434001922607422,-179.0,-179.0,-161.3000030517578,-155.0,-147.0,-141.0,-135.0,-131.0,-128.95999145507812
7488,-149.33999633789062,15.342555046081543,10.693199157714844,13.822315216064453,-149.33999633789062,-147.0,12.434001922607422,-179.0,-179.0,-161.3000030517578,-155.0,-147.0,-141.0,-135.0,-131.0,-128.95999145507812
7512,-149.33999633789062,15.338202476501465,10.743875503540039,13.72191047668457,-149.33999633789062,-147.0,12.434001922607422,-179.0,-179.0,-161.3000030517578,-155.0,-147.0,-141.0,-135.0,-131.0,-128.95999145507812
7536,-149.33999633789062,15.26624584197998,10.749662399291992,13.578299840291342,-149.33999633789062,-147.0,12.434001922607422,-179.0,-179.0,-161.3000030517578,-155.0,-147.0,-141.0,-135.0,-131.0,-128.95999145507812
7560,-149.33999633789062,15.225723266601562,10.775144577026367,13.422530174255371,-149.33999633789062,-147.0,12.434001922607422,-179.0,-179.0,-161.3000030517578,-155.0,-147.0,-141.0,-135.0,-131.0,-128.95999145507812
7584,-149.33999633789062,15.154443740844727,10.758096694946289,13.29028288523356,-149.33999633789062,-147.0,12.434001922607422,-179.0,-179.0,-161.3000030517578,-155.0,-147.0,-141.0,-135.0,-131.0,-128.95999145507812
7608,-149.33999633789062,15.122501373291016,10.760931015014648,13.20459779103597,-149.33999633789062,-147.0,12.434001922607422,-179.0,-179.0,-161.3000030517578,-155.0,-147.0,-141.0,-135.0,-131.0,-128.95999145507812
7632,-149.33999633789062,15.052692413330078,10.758193969726562,13.044973691304525,-149.33999633789062,-147.0,12.434001922607422,-179.0,-179.0,-161.3000030517578,-155.0,-147.0,-141.0,-135.0,-131.0,-128.95999145507812
7656,-149.33999633789062,15.030403137207031,10.793821334838867,12.924692471822103,-149.33999633789062,-147.0,12.434001922607422,-179.0,-179.0,-161.3000030517578,-155.0,-147.0,-141.0,-135.0,-131.0,-128.95999145507812
7680,-149.36000061035156,14.985865592956543,10.788294792175293,12.821275075276693,-149.36000061035156,-148.0,12.431830406188965,-179.0,-179.0,-161.3000030517578,-155.0,-148.0,-141.0,-135.0,-131.0,-128.95999145507812
7704,-149.36000061035156,14.9737548828125,10.814779281616211,12.7419064839681,-149.36000061035156,-148.0,12.431830406188965,-179.0,-179.0,-161.3000030517578,-155.0,-148.0,-141.0,-135.0,-131.0,-128.95999145507812
7728,-149.39999389648438,14.898326873779297,10.795448303222656,12.625470161437988,-149.39999389648438,-148.0,12.430606842041016,-179.0,-179.0,-163.10000610351562,-155.0,-148.0,-141.0,-135.0,-131.0,-128.95999145507812
7752,-149.39999389648438,14.78215217590332,10.758661270141602,12.421095530192057,-149.39999389648438,-148.0,12.430606842041016,-179.0,-179.0,-163.10000610351562,-155.0,-148.0,-141.0,-135.0,-131.0,-128.95999145507812
7776,-149.45999145507812,14.769176483154297,10.784674644470215,12.327237764994303,-149.4600067138672,-148.0,12.457463264465332,-179.0,-179.0,-163.10000610351562,-155.0,-148.0,-141.0,-135.0,-131.0,-128.95999145507812
7800,-149.45999145507812,14.743261337280273,10.80401611328125,12.208600680033365,-149.4600067138672,-148.0,12.457463264465332,-179.0,-179.0,-163.10000610351562,-155.0,-148.0,-141.0,-135.0,-131.0,-128.95999145507812
7824,-149.45999145507812,14.728754997253418,10.814562797546387,12.114588101704916,-149.4600067138672,-148.0,12.457463264465332,-179.0,-179.0,-163.10000610351562,-155.0,-148.0,-141.0,-135.0,-131.0,-128.95999145507812
7848,-149.45999145507812,14.73773193359375,10.854146957397461,12.031213442484537,-149.4600067138672,-148.0,12.457463264465332,-179.0,-179.0,-163.10000610351562,-155.0,-148.0,-141.0,-135.0,-131.0,-128.95999145507812
7872,-149.45999145507812,14.714399337768555,10.860969543457031,11.937228202819824,-149.4600067138672,-148.0,12.457463264465332,-179.0,-179.0,-163.10000610351562,-155.0,-148.0,-141.0,-135.0,-131.0,-128.95999145507812
7896,-149.45999145507812,14.710813522338867,10.897658348083496,11.856794675191244,-149.4600067138672,-148.0,12.457463264465332,-179.0,-179.0,-163.10000610351562,-155.0,-148.0,-141.0,-135.0,-131.0,-128.95999145507812
7920,-149.45999145507812,14.659164428710938,10.897216796875,11.729796409606934,-149.4600067138672,-148.0,12.457463264465332,-179.0,-179.0,-163.10000610351562,-155.0,-148.0,-141.0,-135.0,-131.0,-128.95999145507812
7944,-149.45999145507812,14.622562408447266,10.904045104980469,11.627021789550781,-149.4600067138672,-148.0,12.457463264465332,-179.0,-179.0,-163.10000610351562,-155.0,-148.0,-141.0,-135.0,-131.0,-128.95999145507812
7968,-149.45999145507812,14.5901517868042,10.920372009277344,11.519944190979004,-149.4600067138672,-148.0,12.457463264465332,-179.0,-179.0,-163.10000610351562,-155.0,-148.0,-141.0,-135.0,-131.0,-128.95999145507812
7992,-149.45999145507812,14.550211906433105,10.938848495483398,11.382567723592123,-149.4600067138672,-148.0,12.457463264465332,-179.0,-179.0,-163.10000610351562,-155.0,-148.0,-141.0,-135.0,-131.0,-128.95999145507812
8016,-149.45999145507812,14.523048400878906,10.956668853759766,11.285822868347168,-149.4600067138672,-148.0,12.457463264465332,-179.0,-179.0,-163.10000610351562,-155.0,-148.0,-141.0,-135.0,-131.0,-128.95999145507812
8040,-149.45999145507812,14.468009948730469,10.935356140136719,11.19773006439209,-149.4600067138672,-148.0,12.457463264465332,-179.0,-179.0,-163.10000610351562,-155.0,-148.0,-141.0,-135.0,-131.0,-128.95999145507812
8064,-149.45999145507812,14.432844161987305,10.934371948242188,11.10254160563151,-149.4600067138672,-148.0,12.457463264465332,-179.0,-179.0,-163.10000610351562,-155.0,-148.0,-141.0,-135.0,-131.0,-128.95999145507812
8088,-149.45999145507812,14.42868423461914,10.963565826416016,11.023152033487955,-149.4600067138672,-148.0,12.457463264465332,-179.0,-179.0,-163.10000610351562,-155.0,-148.0,-141.0,-135.0,-131.0,-128.95999145507812
8112,-149.45999145507812,14.406878471374512,10.992704391479492,10.913201967875162,-149.4600067138672,-148.0,12.457463264465332,-179.0,-179.0,-163.10000610351562,-155.0,-148.0,-141.0,-135.0,-131.0,-128.95999145507812
8136,-149.45999145507812,14.387847900390625,11.005900382995605,10.810495058695475,-149.4600067138672,-148.0,12.457463264465332,-179.0,-179.0,-163.10000610351562,-155.0,-148.0,-141.0,-135.0,-131.0,-128.95999145507812
8160,-149.45999145507812,14.349372863769531,10.994112968444824,10.725931167602539,-149.4600067138672,-148.0,12.457463264465332,-179.0,-179.0,-163.10000610351562,-155.0,-148.0,-141.0,-135.0,-131.0,-128.95999145507812
8184,-149.45999145507812,14.29659652709961,11.002009391784668,10.601525942484537,-149.4600067138672,-148.0,12.457463264465332,-179.0,-179.0,-163.10000610351562,-155.0,-148.0,-141.0,-135.0,-131.0,-128.95999145507812
8208,-149.47999572753906,14.290891647338867,11.017902374267578,10.547882080078125,-149.47999572753906,-148.0,12.458313941955566,-179.0,-179.0,-163.10000610351562,-155.0,-148.0,-141.0,-135.0,-131.0,-128.95999145507812
8232,-149.47999572753906,14.267507553100586,11.032554626464844,10.44455591837565,-149.47999572753906,-148.0,12.458313941955566,-179.0,-179.0,-163.10000610351562,-155.0,-148.0,-141.0,-135.0,-131.0,-128.95999145507812
8256,-149.47999572753906,14.204248428344727,11.007562637329102,10.351081848144531,-149.47999572753906,-148.0,12.458313941955566,-179.0,-179.0,-163.10000610351562,-155.0,-148.0,-141.0,-135.0,-131.0,-128.95999145507812
8280,-149.47999572753906,14.18142318725586,11.005145072937012,10.288488388061523,-149.47999572753906,-148.0,12.458313941955566,-179.0,-179.0,-163.10000610351562,-155.0,-148.0,-141.0,-135.0,-131.0,-128.95999145507812
8304,-149.5,14.144525527954102,10.991694450378418,10.220069567362467,-149.5,-148.0,12.439855575561523,-179.0,-179.0,-163.10000610351562,-155.0,-148.0,-141.0,-135.0,-131.0,-128.95999145507812
8328,-149.5,14.103090286254883,10.99988842010498,10.097078323364258,-149.5,-148.0,12.439855575561523,-179.0,-179.0,-163.10000610351562,-155.0,-148.0,-141.0,-135.0,-131.0,-128.95999145507812
8352,-149.5,14.09536361694336,11.022985458374023,10.024937311808268,-149.5,-148.0,12.439855575561523,-179.0,-179.0,-163.10000610351562,-155.0,-148.0,-141.0,-135.0,-131.0,-128.95999145507812
8376,-149.5,14.052560806274414,11.020971298217773,9.926814079284668,-149.5,-148.0,12.439855575561523,-179.0,-179.0,-163.10000610351562,-155.0,-148.0,-141.0,-135.0,-131.0,-128.95999145507812
8400,-149.5,14.021421432495117,11.028327941894531,9.860212326049805,-149.5,-148.0,12.439855575561523,-179.0,-179.0,-163.10000610351562,-155.0,-148.0,-141.0,-135.0,-131.0,-128.95999145507812
8424,-149.5,13.951156616210938,11.008285522460938,9.731351534525553,-149.5,-148.0,12.439855575561523,-179.0,-179.0,-163.10000610351562,-155.0,-148.0,-141.0,-135.0,-131.0,-128.95999145507812
8448,-149.5,13.886978149414062,10.973036766052246,9.666150093078613,-149.5,-148.0,12.439855575561523,-179.0,-179.0,-163.10000610351562,-155.0,-148.0,-141.0,-135.0,-131.0,-128.95999145507812
8472,-149.52000427246094,13.839977264404297,10.942436218261719,9.602261861165365,-149.52000427246094,-148.0,12.463129043579102,-179.0,-179.0,-164.0,-155.0,-148.0,-141.0,-135.0,-131.0,-128.95999145507812
8496,-149.52000427246094,13.842472076416016,10.962045669555664,9.541635513305664,-149.52000427246094,-148.0,12.463129043579102,-179.0,-179.0,-164.0,-155.0,-148.0,-141.0,-135.0,-131.0,-128.95999145507812
8520,-149.5399932861328,13.810394287109375,10.95151138305664,9.475863456726074,-149.5399932861328,-148.0,12.489531517028809,-179.0,-179.0,-164.0,-155.0,-148.0,-141.0,-135.0,-131.0,-128.95999145507812
8544,-149.5399932861328,13.795454025268555,10.968719482421875,9.394595781962076,-149.5399932861328,-148.0,12.489531517028809,-179.0,-179.0,-164.0,-155.0,-148.0,-141.0,-135.0,-131.0,-128.95999145507812
8568,-149.5399932861328,13.774101257324219,10.98841667175293,9.319117546081543,-149.5399932861328,-148.0,12.489531517028809,-179.0,-179.0,-164.0,-155.0,-148.0,-141.0,-135.0,-131.0,-128.95999145507812
8592,-149.5399932861328,13.749942779541016,10.993906021118164,9.250624974568685,-149.5399932861328,-148.0,12.489531517028809,-179.0,-179.0,-164.0,-155.0,-148.0,-141.0,-135.0,-131.0,-128.95999145507812
8616,-149.5399932861328,13.688831329345703,10.962017059326172,9.1725492477417,-149.5399932861328,-148.0,12.489531517028809,-179.0,-179.0,-164.0,-155.0,-148.0,-141.0,-135.0,-131.0,-128.95999145507812
8640,-149.5399932861328,13.65864086151123,10.954291343688965,9.112127939860025,-149.5399932861328,-148.0,12.489531517028809,-179.0,-179.0,-164.0,-155.0,-148.0,-141.0,-135.0,-131.0,-128.95999145507812
8664,-149.55999755859375,13.633054733276367,10.950721740722656,9.047885576883951,-149.55999755859375,-148.0,12.474228858947754,-179.0,-179.0,-164.0,-155.0,-148.0,-141.0,-135.0,-131.0,-128.95999145507812
8688,-149.55999755859375,13.618499755859375,10.961298942565918,8.994451840718588,-149.55999755859375,-148.0,12.474228858947754,-179.0,-179.0,-164.0,-155.0,-148.0,-141.0,-135.0,-131.0,-128.95999145507812
8712,-149.55999755859375,13.5872802734375,10.952804565429688,8.936239878336588,-149.55999755859375,-148.0,12.474228858947754,-179.0,-179.0,-164.0,-155.0,-148.0,-141.0,-135.0,-131.0,-128.95999145507812
8736,-149.55999755859375,13.547021865844727,10.948850631713867,8.844779968261719,-149.55999755859375,-148.0,12.474228858947754,-179.0,-179.0,-164.0,-155.0,-148.0,-141.0,-135.0,-131.0,-128.95999145507812
8760,-149.5800018310547,13.551506042480469,10.971872329711914,8.796477635701498,-149.5800018310547,-148.0,12.468504905700684,-179.0,-179.0,-164.0,-155.0,-148.0,-141.0,-135.0,-131.0,-128.95999145507812
8784,-149.5800018310547,13.533968925476074,10.971471786499023,8.739688237508139,-149.5800018310547,-148.0,12.468504905700684,-179.0,-179.0,-164.0,-155.0,-148.0,-141.0,-135.0,-131.0,-128.95999145507812
8808,-149.5800018310547,13.525472640991211,10.99005126953125,8.676434516906738,-149.5800018310547,-148.0,12.468504905700684,-179.0,-179.0,-164.0,-155.0,-148.0,-141.0,-135.0,-131.0,-128.95999145507812
8832,-149.5800018310547,13.51347541809082,10.990318298339844,8.623832066853842,-149.5800018310547,-148.0,12.468504905700684,-179.0,-179.0,-164.0,-155.0,-148.0,-141.0,-135.0,-131.0,-128.95999145507812
8856,-149.5800018310547,13.453479766845703,10.952482223510742,8.558752377827963,-149.5800018310547,-148.0,12.468504905700684,-179.0,-179.0,-164.0,-155.0,-148.0,-141.0,-135.0,-131.0,-128.95999145507812
8880,-149.5800018310547,13.459360122680664,10.97470760345459,8.506322860717773,-149.5800018310547,-148.0,12.468504905700684,-179.0,-179.0,-164.0,-155.0,-148.0,-141.0,-135.0,-131.0,-128.95999145507812
8904,-149.5800018310547,13.450019836425781,10.99256706237793,8.436398188273111,-149.5800018310547,-148.0,12.468504905700684,-179.0,-179.0,-164.0,-155.0,-148.0,-141.0,-135.0,-131.0,-128.95999145507812
8928,-149.59999084472656,13.429956436157227,10.988375663757324,8.380693753560385,-149.60000610351562,-148.0,12.475576400756836,-179.0,-179.0,-164.0,-155.0,-148.0,-141.0,-135.0,-131.0,-128.95999145507812
8952,-149.59999084472656,13.40967082977295,10.99163818359375,8.328582127888998,-149.60000610351562,-148.0,12.475576400756836,-179.0,-179.0,-164.0,-155.0,-148.0,-141.0,-135.0,-131.0,-128.95999145507812
8976,-149.6199951171875,13.414960861206055,11.018966674804688,8.287636439005533,-149.6199951171875,-148.0,12.456950187683105,-179.0,-179.0,-164.0,-155.0,-148.0,-141.0,-135.0,-131.0,-128.95999145507812
9000,-149.6199951171875,13.393022537231445,11.032554626464844,8.217504501342773,-149.6199951171875,-148.0,12.456950187683105,-179.0,-179.0,-164.0,-155.0,-148.0,-141.0,-135.0,-131.0,-128.95999145507812
9024,-149.6199951171875,13.36203670501709,11.023885726928711,8.155723889668783,-149.6199951171875,-148.0,12.456950187683105,-179.0,-179.0,-164.0,-155.0,-148.0,-141.0,-135.0,-131.0,-128.95999145507812
9048,-149.6199951171875,13.3428955078125,11.02295207977295,8.105665842692057,-149.6199951171875,-148.0,12.456950187683105,-179.0,-179.0,-164.0,-155.0,-148.0,-141.0,-135.0,-131.0,-128.95999145507812
9072,-149.6199951171875,13.34153938293457,11.028959274291992,8.060511906941732,-149.6199951171875,-148.0,12.456950187683105,-179.0,-179.0,-164.0,-155.0,-148.0,-141.0,-135.0,-131.0,-128.95999145507812
9096,-149.63999938964844,13.310831069946289,11.022270202636719,7.987560590108235,-149.63999938964844,-148.0,12.44147777557373,-179.0,-179.0,-164.0,-155.0,-148.0,-141.0,-135.0,-131.0,-128.95999145507812
9120,-149.63999938964844,13.302882194519043,11.024432182312012,7.937958240509033,-149.63999938964844,-148.0,12.44147777557373,-179.0,-179.0,-164.0,-155.0,-148.0,-141.0,-135.0,-131.0,-128.95999145507812
9144,-149.63999938964844,13.262484550476074,11.015932083129883,7.872038682301839,-149.63999938964844,-148.0,12.44147777557373,-179.0,-179.0,-164.0,-155.0,-148.0,-141.0,-135.0,-131.0,-128.95999145507812
9168,-149.63999938964844,13.214728355407715,11.002546310424805,7.794118404388428,-149.63999938964844,-148.0,12.44147777557373,-179.0,-179.0,-164.0,-155.0,-148.0,-141.0,-135.0,-131.0,-128.95999145507812
9192,-149.739990234375,13.227439880371094,11.023269653320312,7.755895932515462,-149.74000549316406,-148.0,12.619524002075195,-179.0,-179.0,-164.0,-155.0,-148.0,-141.0,-135.0,-131.0,-128.95999145507812
9216,-149.75999450683594,13.211843490600586,11.020812034606934,7.711016337076823,-149.75999450683594,-148.0,12.604063034057617,-179.0,-179.0,-164.0,-155.0,-148.0,-141.0,-135.0,-131.0,-128.95999145507812
9240,-149.75999450683594,13.219584465026855,11.039057731628418,7.672834396362305,-149.75999450683594,-148.0,12.604063034057617,-179.0,-179.0,-164.0,-155.0,-148.0,-141.0,-135.0,-131.0,-128.95999145507812
9264,-149.75999450683594,13.208532333374023,11.034876823425293,7.636970043182373,-149.75999450683594,-148.0,12.604063034057617,-179.0,-179.0,-164.0,-155.0,-148.0,-141.0,-135.0,-131.0,-128.95999145507812
9288,-149.75999450683594,13.19620132446289,11.050684928894043,7.570467631022136,-149.75999450683594,-148.0,12.604063034057617,-179.0,-179.0,-164.0,-155.0,-148.0,-141.0,-135.0,-131.0,-128.95999145507812
9312,-149.75999450683594,13.168208122253418,11.041090965270996,7.519537448883057,-149.75999450683594,-148.0,12.604063034057617,-179.0,-179.0,-164.0,-155.0,-148.0,-141.0,-135.0,-131.0,-128.95999145507812
9336,-149.75999450683594,13.16572093963623,11.063475608825684,7.476436456044515,-149.75999450683594,-148.0,12.604063034057617,-179.0,-179.0,-164.0,-155.0,-148.0,-141.0,-135.0,-131.0,-128.95999145507812
9360,-149.75999450683594,13.125853538513184,11.026639938354492,7.435552438100179,-149.75999450683594,-148.0,12.604063034057617,-179.0,-179.0,-164.0,-155.0,-148.0,-141.0,-135.0,-131.0,-128.95999145507812
9384,-149.75999450683594,13.135432243347168,11.040366172790527,7.39634895324707,-149.75999450683594,-148.0,12.604063034057617,-179.0,-179.0,-164.0,-155.0,-148.0,-141.0,-135.0,-131.0,-128.95999145507812
9408,-149.75999450683594,13.130374908447266,11.053622245788574,7.342612425486247,-149.75999450683594,-148.0,12.604063034057617,-179.0,-179.0,-164.0,-155.0,-148.0,-141.0,-135.0,-131.0,-128.95999145507812
9432,-149.75999450683594,13.110407829284668,11.056341171264648,7.298890272776286,-149.75999450683594,-148.0,12.604063034057617,-179.0,-179.0,-164.0,-155.0,-148.0,-141.0,-135.0,-131.0,-128.95999145507812
9456,-149.75999450683594,13.094408988952637,11.054935455322266,7.253235658009847,-149.75999450683594,-148.0,12.604063034057617,-179.0,-179.0,-164.0,-155.0,-148.0,-141.0,-135.0,-131.0,-128.95999145507812
9480,-149.75999450683594,13.067549705505371,11.055060386657715,7.197498639424642,-149.75999450683594,-148.0,12.604063034057617,-179.0,-179.0,-164.0,-155.0,-148.0,-141.0,-135.0,-131.0,-128.95999145507812
9504,-149.75999450683594,13.050914764404297,11.049612045288086,7.161479949951172,-149.75999450683594,-148.0,12.604063034057617,-179.0,-179.0,-164.0,-155.0,-148.0,-141.0,-135.0,-131.0,-128.95999145507812
9528,-149.75999450683594,13.019442558288574,11.03706169128418,7.123423417409261,-149.75999450683594,-148.0,12.604063034057617,-179.0,-179.0,-164.0,-155.0,-148.0,-141.0,-135.0,-131.0,-128.95999145507812
9552,-149.75999450683594,13.003194808959961,11.03662109375,7.071552753448486,-149.75999450683594,-148.0,12.604063034057617,-179.0,-179.0,-164.0,-155.0,-148.0,-141.0,-135.0,-131.0,-128.95999145507812
9576,-149.75999450683594,12.964159965515137,11.018104553222656,7.012960910797119,-149.75999450683594,-148.0,12.604063034057617,-179.0,-179.0,-164.0,-155.0,-148.0,-141.0,-135.0,-131.0,-128.95999145507812
9600,-149.77999877929688,12.928165435791016,10.994073867797852,6.973047733306885,-149.77999877929688,-148.0,12.607601165771484,-179.0,-179.0,-164.0,-155.0,-148.0,-141.0,-135.0,-131.0,-128.95999145507812
9624,-149.77999877929688,12.888031005859375,10.977404594421387,6.921912670135498,-149.77999877929688,-148.0,12.607601165771484,-179.0,-179.0,-164.0,-155.0,-148.0,-141.0,-135.0,-131.0,-128.95999145507812
9648,-149.77999877929688,12.876882553100586,10.97938060760498,6.879978656768799,-149.77999877929688,-148.0,12.607601165771484,-179.0,-179.0,-164.0,-155.0,-148.0,-141.0,-135.0,-131.0,-128.95999145507812
9672,-149.77999877929688,12.828264236450195,10.957550048828125,6.812043190002441,-149.77999877929688,-148.0,12.607601165771484,-179.0,-179.0,-164.0,-155.0,-148.0,-141.0,-135.0,-131.0,-128.95999145507812
9696,-149.77999877929688,12.77643871307373,10.931796073913574,6.74284823735555,-149.77999877929688,-148.0,12.607601165771484,-179.0,-179.0,-164.0,-155.0,-148.0,-141.0,-135.0,-131.0,-128.95999145507812
9720,-149.77999877929688,12.747817993164062,10.919241905212402,6.69056510925293,-149.77999877929688,-148.0,12.607601165771484,-179.0,-179.0,-164.0,-155.0,-148.0,-141.0,-135.0,-131.0,-128.95999145507812
9744,-149.77999877929688,12.722066879272461,10.903281211853027,6.661485354105632,-149.77999877929688,-148.0,12.607601165771484,-179.0,-179.0,-164.0,-155.0,-148.0,-141.0,-135.0,-131.0,-128.95999145507812
9768,-149.77999877929688,12.720462799072266,10.91966438293457,6.593224843343099,-149.77999877929688,-148.0,12.607601165771484,-179.0,-179.0,-164.0,-155.0,-148.0,-141.0,-135.0,-131.0,-128.95999145507812
9792,-149.77999877929688,12.703399658203125,10.92353343963623,6.535780429840088,-149.77999877929688,-148.0,12.607601165771484,-179.0,-179.0,-164.0,-155.0,-148.0,-141.0,-135.0,-131.0,-128.95999145507812
9816,-149.77999877929688,12.671900749206543,10.92540168762207,6.457321961720784,-149.77999877929688,-148.0,12.607601165771484,-179.0,-179.0,-164.0,-155.0,-148.0,-141.0,-135.0,-131.0,-128.95999145507812
9840,-149.77999877929688,12.660441398620605,10.929522514343262,6.420262495676677,-149.77999877929688,-148.0,12.607601165771484,-179.0,-179.0,-164.0,-155.0,-148.0,-141.0,-135.0,-131.0,-128.95999145507812
9864,-149.77999877929688,12.673421859741211,10.944786071777344,6.406929175059001,-149.77999877929688,-148.0,12.607601165771484,-179.0,-179.0,-164.0,-155.0,-148.0,-141.0,-135.0,-131.0,-128.95999145507812
9888,-149.77999877929688,12.628863334655762,10.922191619873047,6.3569183349609375,-149.77999877929688,-148.0,12.607601165771484,-179.0,-179.0,-164.0,-155.0,-148.0,-141.0,-135.0,-131.0,-128.95999145507812
9912,-149.77999877929688,12.625362396240234,10.926200866699219,6.34114424387614,-149.77999877929688,-148.0,12.607601165771484,-179.0,-179.0,-164.0,-155.0,-148.0,-141.0,-135.0,-131.0,-128.95999145507812
9936,-149.77999877929688,12.593977928161621,10.911748886108398,6.288850466410319,-149.77999877929688,-148.0,12.607601165771484,-179.0,-179.0,-164.0,-155.0,-148.0,-141.0,-135.0,-131.0,-128.95999145507812
9960,-149.77999877929688,12.573907852172852,10.911521911621094,6.242920875549316,-149.77999877929688,-148.0,12.607601165771484,-179.0,-179.0,-164.0,-155.0,-148.0,-141.0,-135.0,-131.0,-128.95999145507812
9984,-149.77999877929688,12.541669845581055,10.90955638885498,6.174393177032471,-149.77999877929688,-148.0,12.607601165771484,-179.0,-179.0,-164.0,-155.0,-148.0,-141.0,-135.0,-131.0,-128.95999145507812
