ConfigName: krbf__advnormalizedfitness__M1__L8__eps0p033__g0p015__ds0p15__dm0p3
Problem: QUBO
Kernel: rbf
Advantage: normalizedfitness
M: 1
lambda: 8
epsilon_svgd: 0.033
gamma: 0.015
decay_start_ratio: 0.15
decay_min_factor: 0.3
bandwith_kernel: None
no_interact: False
avg_score: -896.9400024414062
median_score: -908.0
std_score: 94.7986068725586
percentiles: 2%=-1061.1800537109375, 5%=-1031.0999755859375, 10%=-988.0, 25%=-945.25, 50%=-908.0, 75%=-851.75, 90%=-812.7999877929688, 95%=-763.0, 98%=-692.1398315429688
ranking_best_algo: CMApara
ranking_best_score: 964.9
ranking_my_rank: 158/504 (68.8%)
ranking_my_percent: 68.84920634920636
