ConfigName: kjsd__advperagentrankweighted__M5__L10__eps0p02__g0p0005__ds0p2__dm0p05
Problem: QUBO
Kernel: jsd
Advantage: peragentrankweighted
M: 5
lambda: 10
epsilon_svgd: 0.02
gamma: 0.0005
decay_start_ratio: 0.2
decay_min_factor: 0.05
bandwith_kernel: None
no_interact: False
avg_score: -945.4600219726562
median_score: -945.0
std_score: 64.73738098144531
percentiles: 2%=-1076.0, 5%=-1068.199951171875, 10%=-1034.5999755859375, 25%=-985.75, 50%=-945.0, 75%=-898.75, 90%=-862.7999877929688, 95%=-848.9000244140625, 98%=-822.8800048828125
ranking_best_algo: CMApara
ranking_best_score: 964.9
ranking_my_rank: 3/504 (99.6%)
ranking_my_percent: 99.60317460317461
