ConfigName: kjsd__advperagentrankweighted__M5__L24__eps0p03__g0p0003__ds0p05__dm0p05
Problem: NK
Kernel: jsd
Advantage: peragentrankweighted
M: 5
lambda: 24
epsilon_svgd: 0.03
gamma: 0.0003
decay_start_ratio: 0.05
decay_min_factor: 0.05
bandwith_kernel: None
no_interact: False
avg_score: 0.7109300494194031
median_score: 0.6987258791923523
std_score: 0.03152547404170036
percentiles: 2%=0.6734704971313477, 5%=0.6744024157524109, 10%=0.6758131980895996, 25%=0.6823291182518005, 50%=0.6987258791923523, 75%=0.7464399337768555, 90%=0.7535533308982849, 95%=0.7613165378570557, 98%=0.7613165378570557
ranking_best_algo: CMApara
ranking_best_score: 0.7118996098437498
ranking_my_rank: 8/504 (98.6%)
ranking_my_percent: 98.61111111111111
