ConfigName: kjsd__advperagentrankweighted__M4__L12__eps0p005__g0p0007__ds0p1__dm0p2
Problem: QUBO
Kernel: jsd
Advantage: peragentrankweighted
M: 4
lambda: 12
epsilon_svgd: 0.005
gamma: 0.0007
decay_start_ratio: 0.1
decay_min_factor: 0.2
bandwith_kernel: None
no_interact: False
avg_score: -2621.780029296875
median_score: -2626.5
std_score: 118.0577392578125
percentiles: 2%=-2846.02001953125, 5%=-2806.35009765625, 10%=-2791.800048828125, 25%=-2694.25, 50%=-2626.5, 75%=-2533.0, 90%=-2473.0, 95%=-2424.0, 98%=-2395.8798828125
ranking_best_algo: DiscreteLengler2OnePlusOne
ranking_best_score: 2617.04
ranking_my_rank: 1/504 (100.0%)
ranking_my_percent: 100.0
