ConfigName: krbf__advnormalizedfitness__M4__L12__eps0p033__g0p015__ds0p3__dm0p3
Problem: NK
Kernel: rbf
Advantage: normalizedfitness
M: 4
lambda: 12
epsilon_svgd: 0.033
gamma: 0.015
decay_start_ratio: 0.3
decay_min_factor: 0.3
bandwith_kernel: None
no_interact: False
avg_score: 0.7114887833595276
median_score: 0.7008610367774963
std_score: 0.03169926628470421
percentiles: 2%=0.673484742641449, 5%=0.6743546724319458, 10%=0.6786984801292419, 25%=0.681847333908081, 50%=0.7008610367774963, 75%=0.7470453977584839, 90%=0.7530527710914612, 95%=0.7613165378570557, 98%=0.7613165378570557
ranking_best_algo: CMApara
ranking_best_score: 0.7118996098437498
ranking_my_rank: 2/504 (99.8%)
ranking_my_percent: 99.8015873015873
