ConfigName: krbf__advnormalizedfitness__M4__L10__eps0p025__g0p005__ds0p01__dm0p3
Problem: QUBO
Kernel: rbf
Advantage: normalizedfitness
M: 4
lambda: 10
epsilon_svgd: 0.025
gamma: 0.005
decay_start_ratio: 0.01
decay_min_factor: 0.3
bandwith_kernel: None
no_interact: False
avg_score: -202.05999755859375
median_score: -201.0
std_score: 12.93972110748291
percentiles: 2%=-224.0, 5%=-224.0, 10%=-220.0, 25%=-211.5, 50%=-201.0, 75%=-193.5, 90%=-184.0, 95%=-179.95001220703125, 98%=-175.97999572753906
ranking_best_algo: Tabu
ranking_best_score: 208.36000000000004
ranking_my_rank: 35/504 (93.3%)
ranking_my_percent: 93.25396825396825
