ConfigName: kjsd__advperagentrankweighted__M4__L12__eps0p01__g0p0003__ds0p4__dm0p05
Problem: NK
Kernel: jsd
Advantage: peragentrankweighted
M: 4
lambda: 12
epsilon_svgd: 0.01
gamma: 0.0003
decay_start_ratio: 0.4
decay_min_factor: 0.05
bandwith_kernel: None
no_interact: False
avg_score: 0.7150720953941345
median_score: 0.7139991521835327
std_score: 0.0075083342380821705
percentiles: 2%=0.7037661671638489, 5%=0.7054610252380371, 10%=0.7068314552307129, 25%=0.7099812626838684, 50%=0.7139991521835327, 75%=0.719233512878418, 90%=0.7266567945480347, 95%=0.7283043265342712, 98%=0.7303531765937805
ranking_best_algo: PBIL
ranking_best_score: 0.7170882103515624
ranking_my_rank: 40/504 (92.3%)
ranking_my_percent: 92.26190476190476
