ConfigName: krbf__advglobalrankweighted__M4__L11__eps0p01__g0p005__ds0p01__dm0p01
Problem: QUBO
Kernel: rbf
Advantage: globalrankweighted
M: 4
lambda: 11
epsilon_svgd: 0.01
gamma: 0.005
decay_start_ratio: 0.01
decay_min_factor: 0.01
bandwith_kernel: None
no_interact: False
avg_score: -309.82000732421875
median_score: -315.0
std_score: 36.09276580810547
percentiles: 2%=-388.0, 5%=-376.0, 10%=-350.6000061035156, 25%=-336.0, 50%=-315.0, 75%=-275.0, 90%=-267.8999938964844, 95%=-262.95001220703125, 98%=-257.89996337890625
ranking_best_algo: CMApara
ranking_best_score: 319.29999999999995
ranking_my_rank: 68/504 (86.7%)
ranking_my_percent: 86.7063492063492
