ConfigName: kjsd__advperagentrankweighted__M3__L20__eps0p007__g0p001__ds0p05__dm0p1
Problem: QUBO
Kernel: jsd
Advantage: peragentrankweighted
M: 3
lambda: 20
epsilon_svgd: 0.007
gamma: 0.001
decay_start_ratio: 0.05
decay_min_factor: 0.1
bandwith_kernel: None
no_interact: False
avg_score: -583.280029296875
median_score: -585.0
std_score: 28.20570182800293
percentiles: 2%=-635.0, 5%=-624.0499877929688, 10%=-619.0999755859375, 25%=-600.5, 50%=-585.0, 75%=-564.75, 90%=-544.0, 95%=-535.8499755859375, 98%=-526.9400024414062
ranking_best_algo: Tabu
ranking_best_score: 588.7199999999999
ranking_my_rank: 5/503 (99.2%)
ranking_my_percent: 99.20477137176938
