ConfigName: krbf__advnormalizedfitness__M4__L10__eps0p015__g0p005__ds0p3__dm0p01
Problem: NK
Kernel: rbf
Advantage: normalizedfitness
M: 4
lambda: 10
epsilon_svgd: 0.015
gamma: 0.005
decay_start_ratio: 0.3
decay_min_factor: 0.01
bandwith_kernel: None
no_interact: False
avg_score: 0.7043382525444031
median_score: 0.7055078148841858
std_score: 0.012142280116677284
percentiles: 2%=0.6824228167533875, 5%=0.6865953207015991, 10%=0.6894768476486206, 25%=0.6926499605178833, 50%=0.7055078148841858, 75%=0.7148484587669373, 90%=0.7178878784179688, 95%=0.7214859127998352, 98%=0.7238494157791138
ranking_best_algo: PBIL
ranking_best_score: 0.7013553837109374
ranking_my_rank: 1/504 (100.0%)
ranking_my_percent: 100.0
