ConfigName: kjsd__advperagentrankweighted__M3__L18__eps0p005__g0p003__ds0p2__dm0p05
Problem: NK
Kernel: jsd
Advantage: peragentrankweighted
M: 3
lambda: 18
epsilon_svgd: 0.005
gamma: 0.003
decay_start_ratio: 0.2
decay_min_factor: 0.05
bandwith_kernel: None
no_interact: False
avg_score: 0.7020309567451477
median_score: 0.7039984464645386
std_score: 0.012339992448687553
percentiles: 2%=0.6805565357208252, 5%=0.6828728318214417, 10%=0.6848709583282471, 25%=0.691860556602478, 50%=0.7039984464645386, 75%=0.7124060392379761, 90%=0.7170597910881042, 95%=0.7191005349159241, 98%=0.7222884893417358
ranking_best_algo: PBIL
ranking_best_score: 0.7013553837109374
ranking_my_rank: 1/504 (100.0%)
ranking_my_percent: 100.0
