ConfigName: kjsd__advperagentrankweighted__M5__L12__eps0p008__g0p0005__ds0p3__dm0p05
Problem: QUBO
Kernel: jsd
Advantage: peragentrankweighted
M: 5
lambda: 12
epsilon_svgd: 0.008
gamma: 0.0005
decay_start_ratio: 0.3
decay_min_factor: 0.05
bandwith_kernel: None
no_interact: False
avg_score: -935.1599731445312
median_score: -930.0
std_score: 70.5180435180664
percentiles: 2%=-1078.0, 5%=-1063.0999755859375, 10%=-1037.5999755859375, 25%=-993.0, 50%=-930.0, 75%=-884.0, 90%=-852.7000122070312, 95%=-820.7999877929688, 98%=-812.9400024414062
ranking_best_algo: CMApara
ranking_best_score: 964.9
ranking_my_rank: 16/504 (97.0%)
ranking_my_percent: 97.02380952380952
