ConfigName: kjsd__advperagentrankweighted__M5__L24__eps0p02__g0p0005__ds0p05__dm0p05
Problem: QUBO
Kernel: jsd
Advantage: peragentrankweighted
M: 5
lambda: 24
epsilon_svgd: 0.02
gamma: 0.0005
decay_start_ratio: 0.05
decay_min_factor: 0.05
bandwith_kernel: None
no_interact: False
avg_score: -334.20001220703125
median_score: -338.0
std_score: 20.905502319335938
percentiles: 2%=-372.0, 5%=-372.0, 10%=-357.0, 25%=-347.0, 50%=-338.0, 75%=-324.0, 90%=-304.0, 95%=-293.95001220703125, 98%=-289.8999938964844
ranking_best_algo: CMApara
ranking_best_score: 344.22
ranking_my_rank: 63/504 (87.7%)
ranking_my_percent: 87.6984126984127
