ConfigName: kjsd__advperagentrankweighted__M3__L20__eps0p007__g0p001__ds0p2__dm0p1
Problem: NK
Kernel: jsd
Advantage: peragentrankweighted
M: 3
lambda: 20
epsilon_svgd: 0.007
gamma: 0.001
decay_start_ratio: 0.2
decay_min_factor: 0.1
bandwith_kernel: None
no_interact: False
avg_score: 0.7355520725250244
median_score: 0.7370032072067261
std_score: 0.00872819684445858
percentiles: 2%=0.7162846326828003, 5%=0.7188487648963928, 10%=0.7227263450622559, 25%=0.7302341461181641, 50%=0.7370032072067261, 75%=0.7425950169563293, 90%=0.7459811568260193, 95%=0.7471860647201538, 98%=0.7476710677146912
ranking_best_algo: PBIL
ranking_best_score: 0.7248786399609374
ranking_my_rank: 1/504 (100.0%)
ranking_my_percent: 100.0
