ConfigName: kjsd__advperagentrankweighted__M3__L24__eps0p005__g0p001__ds0p2__dm0p2
Problem: NK
Kernel: jsd
Advantage: peragentrankweighted
M: 3
lambda: 24
epsilon_svgd: 0.005
gamma: 0.001
decay_start_ratio: 0.2
decay_min_factor: 0.2
bandwith_kernel: None
no_interact: False
avg_score: 0.7106885313987732
median_score: 0.7112137079238892
std_score: 0.015230486169457436
percentiles: 2%=0.6724343299865723, 5%=0.6737151145935059, 10%=0.6974070072174072, 25%=0.7076100707054138, 50%=0.7112137079238892, 75%=0.7202302813529968, 90%=0.7254681587219238, 95%=0.7321377992630005, 98%=0.7331864833831787
ranking_best_algo: CMApara
ranking_best_score: 0.707475975
ranking_my_rank: 1/504 (100.0%)
ranking_my_percent: 100.0
