ConfigName: kjsd__advperagentrankweighted__M3__L18__eps0p007__g0p0005__ds0p05__dm0p1
Problem: QUBO
Kernel: jsd
Advantage: peragentrankweighted
M: 3
lambda: 18
epsilon_svgd: 0.007
gamma: 0.0005
decay_start_ratio: 0.05
decay_min_factor: 0.1
bandwith_kernel: None
no_interact: False
avg_score: -1243.5999755859375
median_score: -1233.0
std_score: 62.97697830200195
percentiles: 2%=-1383.300048828125, 5%=-1364.3499755859375, 10%=-1331.699951171875, 25%=-1281.0, 50%=-1233.0, 75%=-1202.25, 90%=-1167.0, 95%=-1164.0999755859375, 98%=-1127.0
ranking_best_algo: SVMMetaModelLogNormal
ranking_best_score: 1233.7999999999997
ranking_my_rank: 1/504 (100.0%)
ranking_my_percent: 100.0
