ConfigName: kjsd__advperagentrankweighted__M3__L16__eps0p005__g0p0007__ds0p1__dm0p1
Problem: QUBO
Kernel: jsd
Advantage: peragentrankweighted
M: 3
lambda: 16
epsilon_svgd: 0.005
gamma: 0.0007
decay_start_ratio: 0.1
decay_min_factor: 0.1
bandwith_kernel: None
no_interact: False
avg_score: -427.3999938964844
median_score: -424.5
std_score: 29.2868595123291
percentiles: 2%=-479.1199951171875, 5%=-477.0, 10%=-471.0, 25%=-449.0, 50%=-424.5, 75%=-408.75, 90%=-396.79998779296875, 95%=-379.95001220703125, 98%=-361.8800048828125
ranking_best_algo: CMAL3
ranking_best_score: 435.36
ranking_my_rank: 19/504 (96.4%)
ranking_my_percent: 96.42857142857143
