ConfigName: kjsd__advperagentrankweighted__M4__L8__eps0p006__g0p0005__ds0p05__dm0p05
Problem: QUBO
Kernel: jsd
Advantage: peragentrankweighted
M: 4
lambda: 8
epsilon_svgd: 0.006
gamma: 0.0005
decay_start_ratio: 0.05
decay_min_factor: 0.05
bandwith_kernel: None
no_interact: False
avg_score: -199.9600067138672
median_score: -203.0
std_score: 12.852953910827637
percentiles: 2%=-224.0, 5%=-220.0, 10%=-215.10000610351562, 25%=-208.0, 50%=-203.0, 75%=-192.75, 90%=-179.89999389648438, 95%=-178.0, 98%=-171.9600067138672
ranking_best_algo: Tabu
ranking_best_score: 208.36000000000004
ranking_my_rank: 55/504 (89.3%)
ranking_my_percent: 89.28571428571429
no_repulsion: True
