ConfigName: kjsd__advperagentrankweighted__M5__L12__eps0p005__g0p0005__ds0p3__dm0p05
Problem: QUBO
Kernel: jsd
Advantage: peragentrankweighted
M: 5
lambda: 12
epsilon_svgd: 0.005
gamma: 0.0005
decay_start_ratio: 0.3
decay_min_factor: 0.05
bandwith_kernel: None
no_interact: False
avg_score: -948.47998046875
median_score: -943.0
std_score: 63.33174133300781
percentiles: 2%=-1072.0400390625, 5%=-1054.449951171875, 10%=-1045.0999755859375, 25%=-987.0, 50%=-943.0, 75%=-907.5, 90%=-864.7999877929688, 95%=-851.0, 98%=-845.8200073242188
ranking_best_algo: CMApara
ranking_best_score: 964.9
ranking_my_rank: 2/504 (99.8%)
ranking_my_percent: 99.8015873015873
