ConfigName: kjsd__advperagentrankweighted__M3__L16__eps0p01__g0p003__ds0p1__dm0p2
Problem: QUBO
Kernel: jsd
Advantage: peragentrankweighted
M: 3
lambda: 16
epsilon_svgd: 0.01
gamma: 0.003
decay_start_ratio: 0.1
decay_min_factor: 0.2
bandwith_kernel: None
no_interact: False
avg_score: -1561.300048828125
median_score: -1569.5
std_score: 78.50077056884766
percentiles: 2%=-1722.0, 5%=-1672.800048828125, 10%=-1661.199951171875, 25%=-1607.0, 50%=-1569.5, 75%=-1503.75, 90%=-1453.0, 95%=-1439.0, 98%=-1436.0799560546875
ranking_best_algo: NLOPT_LN_PRAXIS
ranking_best_score: 1607.12
ranking_my_rank: 49/504 (90.5%)
ranking_my_percent: 90.47619047619048
