ConfigName: kjsd__advperagentrankweighted__M6__L10__eps0p02__g0p0007__ds0p05__dm0p05
Problem: QUBO
Kernel: jsd
Advantage: peragentrankweighted
M: 6
lambda: 10
epsilon_svgd: 0.02
gamma: 0.0007
decay_start_ratio: 0.05
decay_min_factor: 0.05
bandwith_kernel: None
no_interact: False
avg_score: -431.5799865722656
median_score: -430.0
std_score: 24.668676376342773
percentiles: 2%=-479.0400085449219, 5%=-475.20001220703125, 10%=-467.0, 25%=-449.0, 50%=-430.0, 75%=-415.75, 90%=-405.0, 95%=-398.8500061035156, 98%=-383.7200012207031
ranking_best_algo: CMAL3
ranking_best_score: 435.36
ranking_my_rank: 7/504 (98.8%)
ranking_my_percent: 98.80952380952381
