ConfigName: kjsd__advperagentrankweighted__M10__L24__eps0p005__g0p0005__ds0p3__dm0p05
Problem: QUBO
Kernel: jsd
Advantage: peragentrankweighted
M: 10
lambda: 24
epsilon_svgd: 0.005
gamma: 0.0005
decay_start_ratio: 0.3
decay_min_factor: 0.05
bandwith_kernel: None
no_interact: False
avg_score: -319.67999267578125
median_score: -322.0
std_score: 25.304101943969727
percentiles: 2%=-362.1199951171875, 5%=-354.1000061035156, 10%=-350.0, 25%=-340.5, 50%=-322.0, 75%=-302.0, 90%=-279.79998779296875, 95%=-276.0, 98%=-266.0
ranking_best_algo: CMApara
ranking_best_score: 344.22
ranking_my_rank: 178/504 (64.9%)
ranking_my_percent: 64.88095238095238
