ConfigName: kfr__advglobalrankweighted__M4__L13__eps0p06__g0p001__ds0p01__dm0p01
Problem: NK
Kernel: fr
Advantage: globalrankweighted
M: 4
lambda: 13
epsilon_svgd: 0.06
gamma: 0.001
decay_start_ratio: 0.01
decay_min_factor: 0.01
bandwith_kernel: None
no_interact: False
avg_score: 0.6996410489082336
median_score: 0.7005294561386108
std_score: 0.01268039271235466
percentiles: 2%=0.6768274903297424, 5%=0.6812508702278137, 10%=0.6830382943153381, 25%=0.6864088773727417, 50%=0.7005294561386108, 75%=0.7109814882278442, 90%=0.7143173813819885, 95%=0.7167654037475586, 98%=0.7193341255187988
ranking_best_algo: PBIL
ranking_best_score: 0.7013553837109374
ranking_my_rank: 2/504 (99.8%)
ranking_my_percent: 99.8015873015873
