ConfigName: kjsd__advperagentrankweighted__M3__L16__eps0p007__g0p0007__ds0p2__dm0p05
Problem: NK
Kernel: jsd
Advantage: peragentrankweighted
M: 3
lambda: 16
epsilon_svgd: 0.007
gamma: 0.0007
decay_start_ratio: 0.2
decay_min_factor: 0.05
bandwith_kernel: None
no_interact: False
avg_score: 0.7095969915390015
median_score: 0.7115200757980347
std_score: 0.015429550781846046
percentiles: 2%=0.670280396938324, 5%=0.6718266010284424, 10%=0.6906096935272217, 25%=0.7068442106246948, 50%=0.7115200757980347, 75%=0.7179598808288574, 90%=0.7249327898025513, 95%=0.7315202355384827, 98%=0.7318844795227051
ranking_best_algo: CMApara
ranking_best_score: 0.707475975
ranking_my_rank: 1/504 (100.0%)
ranking_my_percent: 100.0
