ConfigName: kjsd__advperagentrankweighted__M4__L12__eps0p02__g0p0005__ds0p2__dm0p05
Problem: QUBO
Kernel: jsd
Advantage: peragentrankweighted
M: 4
lambda: 12
epsilon_svgd: 0.02
gamma: 0.0005
decay_start_ratio: 0.2
decay_min_factor: 0.05
bandwith_kernel: None
no_interact: False
avg_score: -145.5
median_score: -145.0
std_score: 14.116302490234375
percentiles: 2%=-179.0, 5%=-179.0, 10%=-164.0, 25%=-154.0, 50%=-145.0, 75%=-137.75, 90%=-128.8000030517578, 95%=-122.94999694824219, 98%=-119.94000244140625
ranking_best_algo: CMApara
ranking_best_score: 154.28
ranking_my_rank: 136/504 (73.2%)
ranking_my_percent: 73.21428571428571
