ConfigName: krbf__advnormalizedfitness__M3__L15__eps0p02__g0p01__ds0p15__dm0p05
Problem: NK
Kernel: rbf
Advantage: normalizedfitness
M: 3
lambda: 15
epsilon_svgd: 0.02
gamma: 0.01
decay_start_ratio: 0.15
decay_min_factor: 0.05
bandwith_kernel: None
no_interact: False
avg_score: 0.7352073192596436
median_score: 0.7363338470458984
std_score: 0.008794761262834072
percentiles: 2%=0.716396152973175, 5%=0.7191673517227173, 10%=0.7221107482910156, 25%=0.7301805019378662, 50%=0.7363338470458984, 75%=0.7417891621589661, 90%=0.7456027865409851, 95%=0.7465707659721375, 98%=0.7499985098838806
ranking_best_algo: PBIL
ranking_best_score: 0.730509098125
ranking_my_rank: 1/504 (100.0%)
ranking_my_percent: 100.0
