ConfigName: kjsd__advperagentrankweighted__M3__L16__eps0p01__g0p0005__ds0p1__dm0p2
Problem: QUBO
Kernel: jsd
Advantage: peragentrankweighted
M: 3
lambda: 16
epsilon_svgd: 0.01
gamma: 0.0005
decay_start_ratio: 0.1
decay_min_factor: 0.2
bandwith_kernel: None
no_interact: False
avg_score: -434.6400146484375
median_score: -436.5
std_score: 27.294511795043945
percentiles: 2%=-481.0400085449219, 5%=-475.1000061035156, 10%=-470.0, 25%=-456.25, 50%=-436.5, 75%=-415.0, 90%=-393.8999938964844, 95%=-388.0, 98%=-380.9800109863281
ranking_best_algo: CMApara
ranking_best_score: 453.82
ranking_my_rank: 38/504 (92.7%)
ranking_my_percent: 92.65873015873017
