ConfigName: kjsd__advperagentrankweighted__M3__L20__eps0p005__g0p0007__ds0p2__dm0p05
Problem: QUBO
Kernel: jsd
Advantage: peragentrankweighted
M: 3
lambda: 20
epsilon_svgd: 0.005
gamma: 0.0007
decay_start_ratio: 0.2
decay_min_factor: 0.05
bandwith_kernel: None
no_interact: False
avg_score: -1247.52001953125
median_score: -1245.5
std_score: 66.8555908203125
percentiles: 2%=-1375.1600341796875, 5%=-1348.050048828125, 10%=-1333.0, 25%=-1291.0, 50%=-1245.5, 75%=-1197.5, 90%=-1157.0, 95%=-1128.9000244140625, 98%=-1127.0
ranking_best_algo: SVMMetaModelLogNormal
ranking_best_score: 1233.7999999999997
ranking_my_rank: 1/504 (100.0%)
ranking_my_percent: 100.0
