ConfigName: krbf__advnormalizedfitness__M3__L15__eps0p025__g0p01__ds0p3__dm0p3
Problem: QUBO
Kernel: rbf
Advantage: normalizedfitness
M: 3
lambda: 15
epsilon_svgd: 0.025
gamma: 0.01
decay_start_ratio: 0.3
decay_min_factor: 0.3
bandwith_kernel: None
no_interact: False
avg_score: -402.1000061035156
median_score: -402.5
std_score: 32.79557418823242
percentiles: 2%=-467.0400085449219, 5%=-457.20001220703125, 10%=-443.20001220703125, 25%=-426.25, 50%=-402.5, 75%=-380.75, 90%=-361.0, 95%=-347.95001220703125, 98%=-338.9599914550781
ranking_best_algo: CMAL3
ranking_best_score: 435.36
ranking_my_rank: 232/504 (54.2%)
ranking_my_percent: 54.166666666666664
