ConfigName: krbf__advnormalizedfitness__M3__L10__eps0p033__g0p01__ds0p01__dm0p3
Problem: QUBO
Kernel: rbf
Advantage: normalizedfitness
M: 3
lambda: 10
epsilon_svgd: 0.033
gamma: 0.01
decay_start_ratio: 0.01
decay_min_factor: 0.3
bandwith_kernel: None
no_interact: False
avg_score: -1180.6400146484375
median_score: -1172.0
std_score: 56.128517150878906
percentiles: 2%=-1301.3599853515625, 5%=-1273.050048828125, 10%=-1247.800048828125, 25%=-1214.5, 50%=-1172.0, 75%=-1143.0, 90%=-1118.9000244140625, 95%=-1109.8499755859375, 98%=-1075.93994140625
ranking_best_algo: Tabu
ranking_best_score: 1216.16
ranking_my_rank: 70/504 (86.3%)
ranking_my_percent: 86.30952380952381
