ConfigName: krbf__advnormalizedfitness__M4__L10__eps0p033__g0p005__ds0p01__dm0p01
Problem: QUBO
Kernel: rbf
Advantage: normalizedfitness
M: 4
lambda: 10
epsilon_svgd: 0.033
gamma: 0.005
decay_start_ratio: 0.01
decay_min_factor: 0.01
bandwith_kernel: None
no_interact: False
avg_score: -911.7999877929688
median_score: -905.0
std_score: 60.66448974609375
percentiles: 2%=-1048.239990234375, 5%=-1014.0499877929688, 10%=-995.2999877929688, 25%=-950.0, 50%=-905.0, 75%=-871.5, 90%=-836.5, 95%=-824.9000244140625, 98%=-800.7999267578125
ranking_best_algo: CMAL3
ranking_best_score: 928.5800000000002
ranking_my_rank: 20/504 (96.2%)
ranking_my_percent: 96.23015873015873
