ConfigName: krbf__advnormalizedfitness__M3__L10__eps0p015__g0p015__ds0p01__dm0p3
Problem: QUBO
Kernel: rbf
Advantage: normalizedfitness
M: 3
lambda: 10
epsilon_svgd: 0.015
gamma: 0.015
decay_start_ratio: 0.01
decay_min_factor: 0.3
bandwith_kernel: None
no_interact: False
avg_score: -383.29998779296875
median_score: -382.5
std_score: 34.280460357666016
percentiles: 2%=-445.0400085449219, 5%=-442.04998779296875, 10%=-425.29998779296875, 25%=-410.0, 50%=-382.5, 75%=-356.75, 90%=-343.0, 95%=-326.9000244140625, 98%=-311.9599914550781
ranking_best_algo: CMApara
ranking_best_score: 453.82
ranking_my_rank: 318/504 (37.1%)
ranking_my_percent: 37.1031746031746
