ConfigName: krbf__advnormalizedfitness__M1__L8__eps0p015__g0p01__ds0p3__dm0p01
Problem: QUBO
Kernel: rbf
Advantage: normalizedfitness
M: 1
lambda: 8
epsilon_svgd: 0.015
gamma: 0.01
decay_start_ratio: 0.3
decay_min_factor: 0.01
bandwith_kernel: None
no_interact: False
avg_score: -317.3599853515625
median_score: -320.0
std_score: 29.65182113647461
percentiles: 2%=-372.0, 5%=-354.3500061035156, 10%=-343.1000061035156, 25%=-340.0, 50%=-320.0, 75%=-301.0, 90%=-280.0, 95%=-273.8000183105469, 98%=-255.5198974609375
ranking_best_algo: CMApara
ranking_best_score: 344.22
ranking_my_rank: 190/504 (62.5%)
ranking_my_percent: 62.5
