ConfigName: kjsd__advperagentrankweighted__M4__L12__eps0p02__g0p0007__ds0p05__dm0p05
Problem: QUBO
Kernel: jsd
Advantage: peragentrankweighted
M: 4
lambda: 12
epsilon_svgd: 0.02
gamma: 0.0007
decay_start_ratio: 0.05
decay_min_factor: 0.05
bandwith_kernel: None
no_interact: False
avg_score: -196.77999877929688
median_score: -198.5
std_score: 14.300755500793457
percentiles: 2%=-224.0, 5%=-220.10000610351562, 10%=-215.10000610351562, 25%=-207.0, 50%=-198.5, 75%=-185.75, 90%=-178.0, 95%=-171.89999389648438, 98%=-169.89999389648438
ranking_best_algo: Tabu
ranking_best_score: 208.36000000000004
ranking_my_rank: 164/504 (67.7%)
ranking_my_percent: 67.65873015873017
