ConfigName: kjsd__advperagentrankweighted__M3__L16__eps0p005__g0p0007__ds0p1__dm0p1
Problem: QUBO
Kernel: jsd
Advantage: peragentrankweighted
M: 3
lambda: 16
epsilon_svgd: 0.005
gamma: 0.0007
decay_start_ratio: 0.1
decay_min_factor: 0.1
bandwith_kernel: None
no_interact: False
avg_score: -2603.139892578125
median_score: -2607.5
std_score: 105.30537414550781
percentiles: 2%=-2810.179931640625, 5%=-2776.800048828125, 10%=-2723.10009765625, 25%=-2681.5, 50%=-2607.5, 75%=-2527.25, 90%=-2483.0, 95%=-2445.85009765625, 98%=-2357.800048828125
ranking_best_algo: SVM1MetaModelLogNormal
ranking_best_score: 2605.14
ranking_my_rank: 2/504 (99.8%)
ranking_my_percent: 99.8015873015873
