ConfigName: krbf__advnormalizedfitness__M3__L10__eps0p033__g0p01__ds0p15__dm0p01
Problem: NK
Kernel: rbf
Advantage: normalizedfitness
M: 3
lambda: 10
epsilon_svgd: 0.033
gamma: 0.01
decay_start_ratio: 0.15
decay_min_factor: 0.01
bandwith_kernel: None
no_interact: False
avg_score: 0.7462401390075684
median_score: 0.7460050582885742
std_score: 0.01151022408157587
percentiles: 2%=0.7273328900337219, 5%=0.7286877632141113, 10%=0.7307891845703125, 25%=0.7377146482467651, 50%=0.7460050582885742, 75%=0.754874587059021, 90%=0.7612783312797546, 95%=0.7643983960151672, 98%=0.7690775394439697
ranking_best_algo: PBIL
ranking_best_score: 0.733570253046875
ranking_my_rank: 1/504 (100.0%)
ranking_my_percent: 100.0
