ConfigName: krbf__advnormalizedfitness__M3__L8__eps0p015__g0p005__ds0p01__dm0p3
Problem: QUBO
Kernel: rbf
Advantage: normalizedfitness
M: 3
lambda: 8
epsilon_svgd: 0.015
gamma: 0.005
decay_start_ratio: 0.01
decay_min_factor: 0.3
bandwith_kernel: None
no_interact: False
avg_score: -1175.760009765625
median_score: -1172.0
std_score: 59.50934982299805
percentiles: 2%=-1337.0400390625, 5%=-1291.4000244140625, 10%=-1238.699951171875, 25%=-1207.0, 50%=-1172.0, 75%=-1133.5, 90%=-1110.5, 95%=-1095.949951171875, 98%=-1074.659912109375
ranking_best_algo: Tabu
ranking_best_score: 1216.16
ranking_my_rank: 82/504 (83.9%)
ranking_my_percent: 83.92857142857143
