ConfigName: kjsd__advperagentrankweighted__M5__L24__eps0p007__g0p0005__ds0p05__dm0p05
Problem: QUBO
Kernel: jsd
Advantage: peragentrankweighted
M: 5
lambda: 24
epsilon_svgd: 0.007
gamma: 0.0005
decay_start_ratio: 0.05
decay_min_factor: 0.05
bandwith_kernel: None
no_interact: False
avg_score: -312.5400085449219
median_score: -315.0
std_score: 38.57808303833008
percentiles: 2%=-392.0400085449219, 5%=-386.1000061035156, 10%=-359.3999938964844, 25%=-340.5, 50%=-315.0, 75%=-275.0, 90%=-268.8999938964844, 95%=-266.0, 98%=-259.9200134277344
ranking_best_algo: CMApara
ranking_best_score: 319.29999999999995
ranking_my_rank: 31/504 (94.0%)
ranking_my_percent: 94.04761904761905
