ConfigName: kjsd__advperagentrankweighted__M3__L20__eps0p007__g0p0007__ds0p2__dm0p2
Problem: NK
Kernel: jsd
Advantage: peragentrankweighted
M: 3
lambda: 20
epsilon_svgd: 0.007
gamma: 0.0007
decay_start_ratio: 0.2
decay_min_factor: 0.2
bandwith_kernel: None
no_interact: False
avg_score: 0.7550667524337769
median_score: 0.7562814950942993
std_score: 0.01359593030065298
percentiles: 2%=0.7266294956207275, 5%=0.7302080392837524, 10%=0.7367371916770935, 25%=0.7492107152938843, 50%=0.7562814950942993, 75%=0.7640753984451294, 90%=0.771873414516449, 95%=0.7762032747268677, 98%=0.7811541557312012
ranking_best_algo: Tabu
ranking_best_score: 0.7657846284375001
ranking_my_rank: 7/504 (98.8%)
ranking_my_percent: 98.80952380952381
