ConfigName: kjsd__advperagentrankweighted__M10__L12__eps0p008__g0p0005__ds0p05__dm0p05
Problem: QUBO
Kernel: jsd
Advantage: peragentrankweighted
M: 10
lambda: 12
epsilon_svgd: 0.008
gamma: 0.0005
decay_start_ratio: 0.05
decay_min_factor: 0.05
bandwith_kernel: None
no_interact: False
avg_score: -1186.9200439453125
median_score: -1182.0
std_score: 59.6943359375
percentiles: 2%=-1319.1199951171875, 5%=-1298.449951171875, 10%=-1261.5999755859375, 25%=-1226.5, 50%=-1182.0, 75%=-1148.0, 90%=-1115.5, 95%=-1086.949951171875, 98%=-1078.8399658203125
ranking_best_algo: Tabu
ranking_best_score: 1216.16
ranking_my_rank: 64/504 (87.5%)
ranking_my_percent: 87.5
