ConfigName: kjsd__advperagentrankweighted__M3__L20__eps0p005__g0p003__ds0p05__dm0p1
Problem: NK
Kernel: jsd
Advantage: peragentrankweighted
M: 3
lambda: 20
epsilon_svgd: 0.005
gamma: 0.003
decay_start_ratio: 0.05
decay_min_factor: 0.1
bandwith_kernel: None
no_interact: False
avg_score: 0.7406723499298096
median_score: 0.7403766512870789
std_score: 0.01757579669356346
percentiles: 2%=0.7062098979949951, 5%=0.7107048034667969, 10%=0.7157264351844788, 25%=0.7299685478210449, 50%=0.7403766512870789, 75%=0.7534724473953247, 90%=0.764022707939148, 95%=0.7678294777870178, 98%=0.7738690972328186
ranking_best_algo: Tabu
ranking_best_score: 0.7470791764843752
ranking_my_rank: 6/504 (99.0%)
ranking_my_percent: 99.0079365079365
