ConfigName: krbf__advnormalizedfitness__M4__L12__eps0p015__g0p01__ds0p3__dm0p3
Problem: QUBO
Kernel: rbf
Advantage: normalizedfitness
M: 4
lambda: 12
epsilon_svgd: 0.015
gamma: 0.01
decay_start_ratio: 0.3
decay_min_factor: 0.3
bandwith_kernel: None
no_interact: False
avg_score: -260.8599853515625
median_score: -259.5
std_score: 40.68538284301758
percentiles: 2%=-354.0799865722656, 5%=-340.1000061035156, 10%=-314.0, 25%=-288.5, 50%=-259.5, 75%=-227.0, 90%=-210.89999389648438, 95%=-203.90000915527344, 98%=-193.97999572753906
ranking_best_algo: CMApara
ranking_best_score: 319.29999999999995
ranking_my_rank: 340/504 (32.7%)
ranking_my_percent: 32.73809523809524
