ConfigName: krbf__advnormalizedfitness__M3__L12__eps0p033__g0p005__ds0p01__dm0p3
Problem: QUBO
Kernel: rbf
Advantage: normalizedfitness
M: 3
lambda: 12
epsilon_svgd: 0.033
gamma: 0.005
decay_start_ratio: 0.01
decay_min_factor: 0.3
bandwith_kernel: None
no_interact: False
avg_score: -905.7999877929688
median_score: -900.0
std_score: 63.45124053955078
percentiles: 2%=-1040.0400390625, 5%=-1019.2000122070312, 10%=-997.2999877929688, 25%=-945.25, 50%=-900.0, 75%=-865.75, 90%=-835.800048828125, 95%=-803.7000122070312, 98%=-793.39990234375
ranking_best_algo: CMAL3
ranking_best_score: 928.5800000000002
ranking_my_rank: 62/504 (87.9%)
ranking_my_percent: 87.89682539682539
