ConfigName: kjsd__advperagentrankweighted__M6__L10__eps0p02__g0p0007__ds0p2__dm0p05
Problem: NK
Kernel: jsd
Advantage: peragentrankweighted
M: 6
lambda: 10
epsilon_svgd: 0.02
gamma: 0.0007
decay_start_ratio: 0.2
decay_min_factor: 0.05
bandwith_kernel: None
no_interact: False
avg_score: 0.7096678018569946
median_score: 0.7116476893424988
std_score: 0.015507466159760952
percentiles: 2%=0.6696793437004089, 5%=0.6706478595733643, 10%=0.6954130530357361, 25%=0.7056962251663208, 50%=0.7116476893424988, 75%=0.7179414629936218, 90%=0.7251880168914795, 95%=0.7315707802772522, 98%=0.7323610186576843
ranking_best_algo: CMApara
ranking_best_score: 0.707475975
ranking_my_rank: 1/504 (100.0%)
ranking_my_percent: 100.0
