ConfigName: krbf__advnormalizedfitness__M3__L15__eps0p015__g0p015__ds0p15__dm0p3
Problem: QUBO
Kernel: rbf
Advantage: normalizedfitness
M: 3
lambda: 15
epsilon_svgd: 0.015
gamma: 0.015
decay_start_ratio: 0.15
decay_min_factor: 0.3
bandwith_kernel: None
no_interact: False
avg_score: -138.72000122070312
median_score: -139.0
std_score: 14.751324653625488
percentiles: 2%=-169.1199951171875, 5%=-162.14999389648438, 10%=-155.10000610351562, 25%=-148.0, 50%=-139.0, 75%=-129.75, 90%=-120.80000305175781, 95%=-112.95000457763672, 98%=-106.95999145507812
ranking_best_algo: CMApara
ranking_best_score: 154.28
ranking_my_rank: 317/504 (37.3%)
ranking_my_percent: 37.301587301587304
