ConfigName: krbf__advnormalizedfitness__M4__L10__eps0p025__g0p01__ds0p01__dm0p01
Problem: QUBO
Kernel: rbf
Advantage: normalizedfitness
M: 4
lambda: 10
epsilon_svgd: 0.025
gamma: 0.01
decay_start_ratio: 0.01
decay_min_factor: 0.01
bandwith_kernel: None
no_interact: False
avg_score: -927.8200073242188
median_score: -926.5
std_score: 64.94541931152344
percentiles: 2%=-1058.199951171875, 5%=-1030.800048828125, 10%=-1012.0999755859375, 25%=-969.0, 50%=-926.5, 75%=-882.75, 90%=-846.7999877929688, 95%=-832.6500244140625, 98%=-812.079833984375
ranking_best_algo: CMApara
ranking_best_score: 964.9
ranking_my_rank: 21/504 (96.0%)
ranking_my_percent: 96.03174603174604
