ConfigName: kjsd__advperagentrankweighted__M5__L8__eps0p01__g0p0007__ds0p05__dm0p2
Problem: NK
Kernel: jsd
Advantage: peragentrankweighted
M: 5
lambda: 8
epsilon_svgd: 0.01
gamma: 0.0007
decay_start_ratio: 0.05
decay_min_factor: 0.2
bandwith_kernel: None
no_interact: False
avg_score: 0.7068598866462708
median_score: 0.7076791524887085
std_score: 0.01192711666226387
percentiles: 2%=0.6869907975196838, 5%=0.6879411935806274, 10%=0.6921897530555725, 25%=0.6955387592315674, 50%=0.7076791524887085, 75%=0.7171404361724854, 90%=0.7214007377624512, 95%=0.7230634689331055, 98%=0.7237178683280945
ranking_best_algo: PBIL
ranking_best_score: 0.7013553837109374
ranking_my_rank: 1/504 (100.0%)
ranking_my_percent: 100.0
