ConfigName: krbf__advnormalizedfitness__M2__L8__eps0p025__g0p01__ds0p3__dm0p3
Problem: QUBO
Kernel: rbf
Advantage: normalizedfitness
M: 2
lambda: 8
epsilon_svgd: 0.025
gamma: 0.01
decay_start_ratio: 0.3
decay_min_factor: 0.3
bandwith_kernel: None
no_interact: False
avg_score: -407.7799987792969
median_score: -410.5
std_score: 24.807086944580078
percentiles: 2%=-469.1600036621094, 5%=-448.04998779296875, 10%=-432.3999938964844, 25%=-420.0, 50%=-410.5, 75%=-393.5, 90%=-376.0, 95%=-369.79998779296875, 98%=-355.9599914550781
ranking_best_algo: Tabu
ranking_best_score: 438.12
ranking_my_rank: 155/504 (69.4%)
ranking_my_percent: 69.44444444444444
