ConfigName: kjsd__advperagentrankweighted__M4__L30__eps0p005__g0p0003__ds0p05__dm0p05
Problem: QUBO
Kernel: jsd
Advantage: peragentrankweighted
M: 4
lambda: 30
epsilon_svgd: 0.005
gamma: 0.0003
decay_start_ratio: 0.05
decay_min_factor: 0.05
bandwith_kernel: None
no_interact: False
avg_score: -2646.659912109375
median_score: -2658.5
std_score: 118.03763580322266
percentiles: 2%=-2895.39990234375, 5%=-2821.550048828125, 10%=-2801.5, 25%=-2717.5, 50%=-2658.5, 75%=-2566.75, 90%=-2495.60009765625, 95%=-2439.699951171875, 98%=-2411.840087890625
ranking_best_algo: DiscreteLengler2OnePlusOne
ranking_best_score: 2617.04
ranking_my_rank: 1/504 (100.0%)
ranking_my_percent: 100.0
