ConfigName: kjsd__advperagentrankweighted__M5__L8__eps0p01__g0p0003__ds0p2__dm0p05
Problem: QUBO
Kernel: jsd
Advantage: peragentrankweighted
M: 5
lambda: 8
epsilon_svgd: 0.01
gamma: 0.0003
decay_start_ratio: 0.2
decay_min_factor: 0.05
bandwith_kernel: None
no_interact: False
avg_score: -2561.89990234375
median_score: -2564.0
std_score: 107.48837280273438
percentiles: 2%=-2778.56005859375, 5%=-2722.60009765625, 10%=-2687.10009765625, 25%=-2633.0, 50%=-2564.0, 75%=-2489.5, 90%=-2417.39990234375, 95%=-2385.89990234375, 98%=-2362.580078125
ranking_best_algo: SVM1MetaModelLogNormal
ranking_best_score: 2605.14
ranking_my_rank: 39/504 (92.5%)
ranking_my_percent: 92.46031746031746
