ConfigName: kjsd__advperagentrankweighted__M6__L28__eps0p005__g0p0005__ds0p3__dm0p05
Problem: NK
Kernel: jsd
Advantage: peragentrankweighted
M: 6
lambda: 28
epsilon_svgd: 0.005
gamma: 0.0005
decay_start_ratio: 0.3
decay_min_factor: 0.05
bandwith_kernel: None
no_interact: False
avg_score: 0.7522664666175842
median_score: 0.7552326917648315
std_score: 0.014287871308624744
percentiles: 2%=0.7211148142814636, 5%=0.7240160703659058, 10%=0.7323713898658752, 25%=0.7419915795326233, 50%=0.7552326917648315, 75%=0.7647114396095276, 90%=0.7685610055923462, 95%=0.771950900554657, 98%=0.7722573280334473
ranking_best_algo: Tabu
ranking_best_score: 0.7657846284375001
ranking_my_rank: 13/504 (97.6%)
ranking_my_percent: 97.61904761904762
