ConfigName: kfr__advglobalrankweighted__M2__L11__eps0p015__g0p003__ds0p01__dm0p01
Problem: QUBO
Kernel: fr
Advantage: globalrankweighted
M: 2
lambda: 11
epsilon_svgd: 0.015
gamma: 0.003
decay_start_ratio: 0.01
decay_min_factor: 0.01
bandwith_kernel: None
no_interact: False
avg_score: -1598.8399658203125
median_score: -1603.0
std_score: 65.210693359375
percentiles: 2%=-1731.0400390625, 5%=-1711.050048828125, 10%=-1673.699951171875, 25%=-1643.25, 50%=-1603.0, 75%=-1553.0, 90%=-1524.5, 95%=-1488.4000244140625, 98%=-1456.8800048828125
ranking_best_algo: NLOPT_LN_PRAXIS
ranking_best_score: 1607.12
ranking_my_rank: 13/504 (97.6%)
ranking_my_percent: 97.61904761904762
