ConfigName: krbf__advnormalizedfitness__M4__L15__eps0p025__g0p015__ds0p3__dm0p01
Problem: NK
Kernel: rbf
Advantage: normalizedfitness
M: 4
lambda: 15
epsilon_svgd: 0.025
gamma: 0.015
decay_start_ratio: 0.3
decay_min_factor: 0.01
bandwith_kernel: None
no_interact: False
avg_score: 0.5723412036895752
median_score: 0.5720637440681458
std_score: 0.00573920551687479
percentiles: 2%=0.5629577040672302, 5%=0.5638349056243896, 10%=0.5654028058052063, 25%=0.5677069425582886, 50%=0.5720637440681458, 75%=0.5760353803634644, 90%=0.5789396166801453, 95%=0.583835780620575, 98%=0.5851662158966064
ranking_best_algo: PBIL
ranking_best_score: 0.7170882103515624
ranking_my_rank: 392/504 (22.4%)
ranking_my_percent: 22.42063492063492
