ConfigName: kfr__advglobalrankweighted__M4__L15__eps0p01__g0p007__ds0p01__dm0p01
Problem: QUBO
Kernel: fr
Advantage: globalrankweighted
M: 4
lambda: 15
epsilon_svgd: 0.01
gamma: 0.007
decay_start_ratio: 0.01
decay_min_factor: 0.01
bandwith_kernel: None
no_interact: False
avg_score: -148.24000549316406
median_score: -147.0
std_score: 12.097206115722656
percentiles: 2%=-179.0, 5%=-173.3000030517578, 10%=-160.0, 25%=-155.0, 50%=-147.0, 75%=-141.0, 90%=-134.8000030517578, 95%=-130.90000915527344, 98%=-124.93998718261719
ranking_best_algo: CMApara
ranking_best_score: 154.28
ranking_my_rank: 84/504 (83.5%)
ranking_my_percent: 83.53174603174604
