ConfigName: kfr__advglobalrankweighted__M4__L9__eps0p01__g0p003__ds0p01__dm0p01
Problem: QUBO
Kernel: fr
Advantage: globalrankweighted
M: 4
lambda: 9
epsilon_svgd: 0.01
gamma: 0.003
decay_start_ratio: 0.01
decay_min_factor: 0.01
bandwith_kernel: None
no_interact: False
avg_score: -309.5400085449219
median_score: -309.0
std_score: 39.64326477050781
percentiles: 2%=-396.0400085449219, 5%=-390.20001220703125, 10%=-355.6000061035156, 25%=-336.5, 50%=-309.0, 75%=-273.75, 90%=-263.0, 95%=-258.0, 98%=-255.86000061035156
ranking_best_algo: CMApara
ranking_best_score: 319.29999999999995
ranking_my_rank: 76/504 (85.1%)
ranking_my_percent: 85.11904761904762
