ConfigName: krbf__advnormalizedfitness__M2__L8__eps0p025__g0p007__ds0p3__dm0p3
Problem: QUBO
Kernel: rbf
Advantage: normalizedfitness
M: 2
lambda: 8
epsilon_svgd: 0.025
gamma: 0.007
decay_start_ratio: 0.3
decay_min_factor: 0.3
bandwith_kernel: None
no_interact: False
avg_score: -3247.260009765625
median_score: -3244.0
std_score: 117.83112335205078
percentiles: 2%=-3524.159912109375, 5%=-3467.25, 10%=-3390.699951171875, 25%=-3314.0, 50%=-3244.0, 75%=-3163.0, 90%=-3095.5, 95%=-3073.800048828125, 98%=-3003.840087890625
ranking_best_algo: RLSOnePlusOne
ranking_best_score: 3316.5199999999995
ranking_my_rank: 42/504 (91.9%)
ranking_my_percent: 91.86507936507937
