ConfigName: krbf__advnormalizedfitness__M4__L15__eps0p015__g0p01__ds0p01__dm0p3
Problem: QUBO
Kernel: rbf
Advantage: normalizedfitness
M: 4
lambda: 15
epsilon_svgd: 0.015
gamma: 0.01
decay_start_ratio: 0.01
decay_min_factor: 0.3
bandwith_kernel: None
no_interact: False
avg_score: -256.0400085449219
median_score: -253.5
std_score: 40.69445037841797
percentiles: 2%=-352.0400085449219, 5%=-344.1000061035156, 10%=-310.6000061035156, 25%=-280.0, 50%=-253.5, 75%=-221.75, 90%=-204.0, 95%=-199.80001831054688, 98%=-194.95999145507812
ranking_best_algo: CMApara
ranking_best_score: 319.29999999999995
ranking_my_rank: 344/504 (31.9%)
ranking_my_percent: 31.944444444444443
