ConfigName: kjsd__advperagentrankweighted__M3__L18__eps0p007__g0p0007__ds0p2__dm0p05
Problem: NK
Kernel: jsd
Advantage: peragentrankweighted
M: 3
lambda: 18
epsilon_svgd: 0.007
gamma: 0.0007
decay_start_ratio: 0.2
decay_min_factor: 0.05
bandwith_kernel: None
no_interact: False
avg_score: 0.7359504699707031
median_score: 0.7367262244224548
std_score: 0.008512265980243683
percentiles: 2%=0.7190651297569275, 5%=0.7205378413200378, 10%=0.7230908870697021, 25%=0.7295938730239868, 50%=0.7367262244224548, 75%=0.742279052734375, 90%=0.7459575533866882, 95%=0.7487859725952148, 98%=0.7500085234642029
ranking_best_algo: PBIL
ranking_best_score: 0.730509098125
ranking_my_rank: 1/504 (100.0%)
ranking_my_percent: 100.0
