ConfigName: krbf__advnormalizedfitness__M4__L15__eps0p033__g0p01__ds0p3__dm0p3
Problem: QUBO
Kernel: rbf
Advantage: normalizedfitness
M: 4
lambda: 15
epsilon_svgd: 0.033
gamma: 0.01
decay_start_ratio: 0.3
decay_min_factor: 0.3
bandwith_kernel: None
no_interact: False
avg_score: -836.239990234375
median_score: -827.5
std_score: 69.37811279296875
percentiles: 2%=-977.1400146484375, 5%=-956.25, 10%=-938.0, 25%=-887.0, 50%=-827.5, 75%=-780.5, 90%=-742.7999877929688, 95%=-732.800048828125, 98%=-722.719970703125
ranking_best_algo: SVMMetaModelLogNormal
ranking_best_score: 1233.7999999999997
ranking_my_rank: 323/504 (36.1%)
ranking_my_percent: 36.111111111111114
