ConfigName: kjsd__advperagentrankweighted__M3__L18__eps0p007__g0p0005__ds0p2__dm0p2
Problem: NK
Kernel: jsd
Advantage: peragentrankweighted
M: 3
lambda: 18
epsilon_svgd: 0.007
gamma: 0.0005
decay_start_ratio: 0.2
decay_min_factor: 0.2
bandwith_kernel: None
no_interact: False
avg_score: 0.7458193302154541
median_score: 0.745658278465271
std_score: 0.009509961120784283
percentiles: 2%=0.7289393544197083, 5%=0.7315154075622559, 10%=0.732298731803894, 25%=0.7394195795059204, 50%=0.745658278465271, 75%=0.751828134059906, 90%=0.7599387764930725, 95%=0.7615342736244202, 98%=0.7621660828590393
ranking_best_algo: PBIL
ranking_best_score: 0.733570253046875
ranking_my_rank: 1/504 (100.0%)
ranking_my_percent: 100.0
