ConfigName: krbf__advnormalizedfitness__M2__L6__eps0p01__g0p01__ds0p01__dm0p3
Problem: QUBO
Kernel: rbf
Advantage: normalizedfitness
M: 2
lambda: 6
epsilon_svgd: 0.01
gamma: 0.01
decay_start_ratio: 0.01
decay_min_factor: 0.3
bandwith_kernel: None
no_interact: False
avg_score: -901.2999877929688
median_score: -892.0
std_score: 66.93974304199219
percentiles: 2%=-1048.199951171875, 5%=-1023.4500122070312, 10%=-999.2000122070312, 25%=-950.0, 50%=-892.0, 75%=-853.0, 90%=-828.2999877929688, 95%=-807.9500122070312, 98%=-796.8599853515625
ranking_best_algo: CMAL3
ranking_best_score: 928.5800000000002
ranking_my_rank: 68/504 (86.7%)
ranking_my_percent: 86.7063492063492
