ConfigName: kfr__advglobalrankweighted__M4__L12__eps0p01__g0p007__ds0p01__dm0p01
Problem: QUBO
Kernel: fr
Advantage: globalrankweighted
M: 4
lambda: 12
epsilon_svgd: 0.01
gamma: 0.007
decay_start_ratio: 0.01
decay_min_factor: 0.01
bandwith_kernel: None
no_interact: False
avg_score: -847.780029296875
median_score: -841.5
std_score: 62.583160400390625
percentiles: 2%=-975.5, 5%=-953.1500244140625, 10%=-945.0, 25%=-888.0, 50%=-841.5, 75%=-801.25, 90%=-774.7999877929688, 95%=-751.0, 98%=-733.9199829101562
ranking_best_algo: CMAL3
ranking_best_score: 928.5800000000002
ranking_my_rank: 216/504 (57.3%)
ranking_my_percent: 57.34126984126984
