ConfigName: krbf__advnormalizedfitness__M2__L10__eps0p025__g0p015__ds0p3__dm0p01
Problem: QUBO
Kernel: rbf
Advantage: normalizedfitness
M: 2
lambda: 10
epsilon_svgd: 0.025
gamma: 0.015
decay_start_ratio: 0.3
decay_min_factor: 0.01
bandwith_kernel: None
no_interact: False
avg_score: -424.17999267578125
median_score: -421.5
std_score: 28.751480102539062
percentiles: 2%=-481.0400085449219, 5%=-474.04998779296875, 10%=-467.20001220703125, 25%=-443.75, 50%=-421.5, 75%=-406.75, 90%=-388.8999938964844, 95%=-375.75, 98%=-368.8599853515625
ranking_best_algo: CMAL3
ranking_best_score: 435.36
ranking_my_rank: 31/504 (94.0%)
ranking_my_percent: 94.04761904761905
