ConfigName: kjsd__advperagentrankweighted__M3__L20__eps0p005__g0p001__ds0p05__dm0p05
Problem: NK
Kernel: jsd
Advantage: peragentrankweighted
M: 3
lambda: 20
epsilon_svgd: 0.005
gamma: 0.001
decay_start_ratio: 0.05
decay_min_factor: 0.05
bandwith_kernel: None
no_interact: False
avg_score: 0.7578440308570862
median_score: 0.7594208717346191
std_score: 0.01344667561352253
percentiles: 2%=0.7314461469650269, 5%=0.7352321743965149, 10%=0.7381411790847778, 25%=0.7465392351150513, 50%=0.7594208717346191, 75%=0.7682192921638489, 90%=0.7742319107055664, 95%=0.7768610119819641, 98%=0.7823429107666016
ranking_best_algo: Tabu
ranking_best_score: 0.7470791764843752
ranking_my_rank: 1/504 (100.0%)
ranking_my_percent: 100.0
