ConfigName: kfr__advglobalrankweighted__M4__L13__eps0p01__g0p001__ds0p01__dm0p01
Problem: QUBO
Kernel: fr
Advantage: globalrankweighted
M: 4
lambda: 13
epsilon_svgd: 0.01
gamma: 0.001
decay_start_ratio: 0.01
decay_min_factor: 0.01
bandwith_kernel: None
no_interact: False
avg_score: -3233.360107421875
median_score: -3221.5
std_score: 131.1197509765625
percentiles: 2%=-3522.260009765625, 5%=-3450.25, 10%=-3395.60009765625, 25%=-3324.5, 50%=-3221.5, 75%=-3145.25, 90%=-3075.0, 95%=-3038.199951171875, 98%=-3016.659912109375
ranking_best_algo: RLSOnePlusOne
ranking_best_score: 3316.5199999999995
ranking_my_rank: 42/504 (91.9%)
ranking_my_percent: 91.86507936507937
