ConfigName: kjsd__advperagentrankweighted__M8__L10__eps0p005__g0p0005__ds0p3__dm0p05
Problem: NK
Kernel: jsd
Advantage: peragentrankweighted
M: 8
lambda: 10
epsilon_svgd: 0.005
gamma: 0.0005
decay_start_ratio: 0.3
decay_min_factor: 0.05
bandwith_kernel: None
no_interact: False
avg_score: 0.7379200458526611
median_score: 0.7387422919273376
std_score: 0.008902649395167828
percentiles: 2%=0.7190014719963074, 5%=0.7205300331115723, 10%=0.7238808274269104, 25%=0.7331019043922424, 50%=0.7387422919273376, 75%=0.7450028657913208, 90%=0.748008131980896, 95%=0.751067578792572, 98%=0.7514879107475281
ranking_best_algo: PBIL
ranking_best_score: 0.730509098125
ranking_my_rank: 1/504 (100.0%)
ranking_my_percent: 100.0
