ConfigName: krbf__advnormalizedfitness__M4__L10__eps0p033__g0p007__ds0p01__dm0p01
Problem: NK
Kernel: rbf
Advantage: normalizedfitness
M: 4
lambda: 10
epsilon_svgd: 0.033
gamma: 0.007
decay_start_ratio: 0.01
decay_min_factor: 0.01
bandwith_kernel: None
no_interact: False
avg_score: 0.7071982622146606
median_score: 0.7101268768310547
std_score: 0.011987235397100449
percentiles: 2%=0.6874692440032959, 5%=0.6892378926277161, 10%=0.6919312477111816, 25%=0.6956604719161987, 50%=0.7101268768310547, 75%=0.717087984085083, 90%=0.7215152978897095, 95%=0.7241391539573669, 98%=0.7247175574302673
ranking_best_algo: PBIL
ranking_best_score: 0.7013553837109374
ranking_my_rank: 1/504 (100.0%)
ranking_my_percent: 100.0
