ConfigName: kjsd__advperagentrankweighted__M3__L20__eps0p005__g0p0005__ds0p1__dm0p05
Problem: QUBO
Kernel: jsd
Advantage: peragentrankweighted
M: 3
lambda: 20
epsilon_svgd: 0.005
gamma: 0.0005
decay_start_ratio: 0.1
decay_min_factor: 0.05
bandwith_kernel: None
no_interact: False
avg_score: -1630.52001953125
median_score: -1627.5
std_score: 57.43230438232422
percentiles: 2%=-1750.1199951171875, 5%=-1725.1500244140625, 10%=-1703.0, 25%=-1668.25, 50%=-1627.5, 75%=-1590.0, 90%=-1559.5, 95%=-1538.800048828125, 98%=-1514.800048828125
ranking_best_algo: NLOPT_LN_PRAXIS
ranking_best_score: 1607.12
ranking_my_rank: 1/504 (100.0%)
ranking_my_percent: 100.0
