ConfigName: kjsd__advperagentrankweighted__M3__L16__eps0p005__g0p0005__ds0p1__dm0p1
Problem: NK
Kernel: jsd
Advantage: peragentrankweighted
M: 3
lambda: 16
epsilon_svgd: 0.005
gamma: 0.0005
decay_start_ratio: 0.1
decay_min_factor: 0.1
bandwith_kernel: None
no_interact: False
avg_score: 0.7517970204353333
median_score: 0.7530081272125244
std_score: 0.013010234571993351
percentiles: 2%=0.7263113856315613, 5%=0.7318490147590637, 10%=0.7360733151435852, 25%=0.7416030764579773, 50%=0.7530081272125244, 75%=0.7617578506469727, 90%=0.7676112055778503, 95%=0.7723807692527771, 98%=0.7741147875785828
ranking_best_algo: Tabu
ranking_best_score: 0.7657846284375001
ranking_my_rank: 14/504 (97.4%)
ranking_my_percent: 97.42063492063492
