ConfigName: kjsd__advperagentrankweighted__M3__L16__eps0p01__g0p0007__ds0p1__dm0p2
Problem: QUBO
Kernel: jsd
Advantage: peragentrankweighted
M: 3
lambda: 16
epsilon_svgd: 0.01
gamma: 0.0007
decay_start_ratio: 0.1
decay_min_factor: 0.2
bandwith_kernel: None
no_interact: False
avg_score: -2582.1201171875
median_score: -2580.5
std_score: 122.21581268310547
percentiles: 2%=-2821.699951171875, 5%=-2792.89990234375, 10%=-2752.699951171875, 25%=-2657.5, 50%=-2580.5, 75%=-2500.25, 90%=-2428.10009765625, 95%=-2381.60009765625, 98%=-2367.639892578125
ranking_best_algo: SVM1MetaModelLogNormal
ranking_best_score: 2605.14
ranking_my_rank: 13/504 (97.6%)
ranking_my_percent: 97.61904761904762
