ConfigName: kjsd__advperagentrankweighted__M3__L24__eps0p005__g0p001__ds0p2__dm0p2
Problem: NK
Kernel: jsd
Advantage: peragentrankweighted
M: 3
lambda: 24
epsilon_svgd: 0.005
gamma: 0.001
decay_start_ratio: 0.2
decay_min_factor: 0.2
bandwith_kernel: None
no_interact: False
avg_score: 0.7536630034446716
median_score: 0.7556259632110596
std_score: 0.01389519777148962
percentiles: 2%=0.7184060215950012, 5%=0.7304955720901489, 10%=0.7356971502304077, 25%=0.7447329163551331, 50%=0.7556259632110596, 75%=0.7645576000213623, 90%=0.7706926465034485, 95%=0.7722957134246826, 98%=0.7740604281425476
ranking_best_algo: Tabu
ranking_best_score: 0.7657846284375001
ranking_my_rank: 9/504 (98.4%)
ranking_my_percent: 98.41269841269842
