ConfigName: kjsd__advperagentrankweighted__M3__L20__eps0p01__g0p0005__ds0p05__dm0p2
Problem: NK
Kernel: jsd
Advantage: peragentrankweighted
M: 3
lambda: 20
epsilon_svgd: 0.01
gamma: 0.0005
decay_start_ratio: 0.05
decay_min_factor: 0.2
bandwith_kernel: None
no_interact: False
avg_score: 0.7368049025535583
median_score: 0.7369087934494019
std_score: 0.014357454143464565
percentiles: 2%=0.7079179286956787, 5%=0.7151620984077454, 10%=0.7191898822784424, 25%=0.7286932468414307, 50%=0.7369087934494019, 75%=0.7451122999191284, 90%=0.7518255114555359, 95%=0.7649596333503723, 98%=0.7715489268302917
ranking_best_algo: Tabu
ranking_best_score: 0.7601875690625
ranking_my_rank: 20/504 (96.2%)
ranking_my_percent: 96.23015873015873
