ConfigName: krbf__advnormalizedfitness__M4__L10__eps0p015__g0p01__ds0p3__dm0p3
Problem: QUBO
Kernel: rbf
Advantage: normalizedfitness
M: 4
lambda: 10
epsilon_svgd: 0.015
gamma: 0.01
decay_start_ratio: 0.3
decay_min_factor: 0.3
bandwith_kernel: None
no_interact: False
avg_score: -1320.1800537109375
median_score: -1333.0
std_score: 155.8694610595703
percentiles: 2%=-1663.0999755859375, 5%=-1614.1500244140625, 10%=-1529.4000244140625, 25%=-1409.5, 50%=-1333.0, 75%=-1210.0, 90%=-1118.9000244140625, 95%=-1086.949951171875, 98%=-1004.4598999023438
ranking_best_algo: SVM1MetaModelLogNormal
ranking_best_score: 2605.14
ranking_my_rank: 371/504 (26.6%)
ranking_my_percent: 26.58730158730159
