ConfigName: krbf__advnormalizedfitness__M4__L8__eps0p025__g0p015__ds0p01__dm0p01
Problem: NK
Kernel: rbf
Advantage: normalizedfitness
M: 4
lambda: 8
epsilon_svgd: 0.025
gamma: 0.015
decay_start_ratio: 0.01
decay_min_factor: 0.01
bandwith_kernel: None
no_interact: False
avg_score: 0.7506029009819031
median_score: 0.751300573348999
std_score: 0.015472128055989742
percentiles: 2%=0.7229766249656677, 5%=0.724238395690918, 10%=0.7298194169998169, 25%=0.7393167614936829, 50%=0.751300573348999, 75%=0.760854184627533, 90%=0.7697195410728455, 95%=0.7774772644042969, 98%=0.7808847427368164
ranking_best_algo: Tabu
ranking_best_score: 0.7470791764843752
ranking_my_rank: 1/504 (100.0%)
ranking_my_percent: 100.0
