ConfigName: kjsd__advperagentrankweighted__M3__L24__eps0p007__g0p0005__ds0p05__dm0p05
Problem: QUBO
Kernel: jsd
Advantage: peragentrankweighted
M: 3
lambda: 24
epsilon_svgd: 0.007
gamma: 0.0005
decay_start_ratio: 0.05
decay_min_factor: 0.05
bandwith_kernel: None
no_interact: False
avg_score: -198.16000366210938
median_score: -199.0
std_score: 12.589455604553223
percentiles: 2%=-224.0, 5%=-221.0500030517578, 10%=-211.3000030517578, 25%=-206.25, 50%=-199.0, 75%=-189.0, 90%=-183.89999389648438, 95%=-172.9499969482422, 98%=-170.9600067138672
ranking_best_algo: Tabu
ranking_best_score: 208.36000000000004
ranking_my_rank: 103/504 (79.8%)
ranking_my_percent: 79.76190476190476
