ConfigName: kjsd__advperagentrankweighted__M8__L12__eps0p005__g0p0005__ds0p05__dm0p05
Problem: NK
Kernel: jsd
Advantage: peragentrankweighted
M: 8
lambda: 12
epsilon_svgd: 0.005
gamma: 0.0005
decay_start_ratio: 0.05
decay_min_factor: 0.05
bandwith_kernel: None
no_interact: False
avg_score: 0.7109420895576477
median_score: 0.7114530801773071
std_score: 0.01518979948014021
percentiles: 2%=0.6722792983055115, 5%=0.6737578511238098, 10%=0.6980687379837036, 25%=0.7074634432792664, 50%=0.7114530801773071, 75%=0.7198841571807861, 90%=0.7255116701126099, 95%=0.7328351140022278, 98%=0.7331164479255676
ranking_best_algo: CMApara
ranking_best_score: 0.707475975
ranking_my_rank: 1/504 (100.0%)
ranking_my_percent: 100.0
