ConfigName: krbf__advnormalizedfitness__M3__L15__eps0p03__g0p005__ds0p05__dm0p05
Problem: QUBO
Kernel: rbf
Advantage: normalizedfitness
M: 3
lambda: 15
epsilon_svgd: 0.03
gamma: 0.005
decay_start_ratio: 0.05
decay_min_factor: 0.05
bandwith_kernel: None
no_interact: False
avg_score: -1604.9599609375
median_score: -1610.0
std_score: 68.07685089111328
percentiles: 2%=-1734.280029296875, 5%=-1715.0, 10%=-1682.0999755859375, 25%=-1642.25, 50%=-1610.0, 75%=-1561.0, 90%=-1524.4000244140625, 95%=-1495.75, 98%=-1466.52001953125
ranking_best_algo: NLOPT_LN_PRAXIS
ranking_best_score: 1607.12
ranking_my_rank: 11/504 (98.0%)
ranking_my_percent: 98.01587301587301
