ConfigName: krbf__advnormalizedfitness__M4__L10__eps0p01__g0p001__ds0p05__dm0p05
Problem: QUBO
Kernel: rbf
Advantage: normalizedfitness
M: 4
lambda: 10
epsilon_svgd: 0.01
gamma: 0.001
decay_start_ratio: 0.05
decay_min_factor: 0.05
bandwith_kernel: None
no_interact: False
avg_score: -2476.360107421875
median_score: -2463.5
std_score: 154.22434997558594
percentiles: 2%=-2764.179931640625, 5%=-2740.300048828125, 10%=-2701.800048828125, 25%=-2603.0, 50%=-2463.5, 75%=-2360.75, 90%=-2281.800048828125, 95%=-2251.89990234375, 98%=-2235.52001953125
ranking_best_algo: SVM1MetaModelLogNormal
ranking_best_score: 2605.14
ranking_my_rank: 78/504 (84.7%)
ranking_my_percent: 84.72222222222223
