ConfigName: kfr__advglobalrankweighted__M6__L8__eps0p015__g0p005__ds0p01__dm0p01
Problem: QUBO
Kernel: fr
Advantage: globalrankweighted
M: 6
lambda: 8
epsilon_svgd: 0.015
gamma: 0.005
decay_start_ratio: 0.01
decay_min_factor: 0.01
bandwith_kernel: None
no_interact: False
avg_score: -140.67999267578125
median_score: -141.0
std_score: 11.277305603027344
percentiles: 2%=-160.0, 5%=-158.0, 10%=-157.0, 25%=-149.25, 50%=-141.0, 75%=-131.0, 90%=-127.0, 95%=-125.0, 98%=-116.95999145507812
ranking_best_algo: DiscreteDE
ranking_best_score: 143.4
ranking_my_rank: 77/504 (84.9%)
ranking_my_percent: 84.92063492063492
