ConfigName: kjsd__advperagentrankweighted__M5__L10__eps0p02__g0p0007__ds0p2__dm0p05
Problem: QUBO
Kernel: jsd
Advantage: peragentrankweighted
M: 5
lambda: 10
epsilon_svgd: 0.02
gamma: 0.0007
decay_start_ratio: 0.2
decay_min_factor: 0.05
bandwith_kernel: None
no_interact: False
avg_score: -199.55999755859375
median_score: -201.0
std_score: 12.155920028686523
percentiles: 2%=-224.0, 5%=-221.0500030517578, 10%=-213.10000610351562, 25%=-207.0, 50%=-201.0, 75%=-191.75, 90%=-183.0, 95%=-177.89999389648438, 98%=-173.97999572753906
ranking_best_algo: Tabu
ranking_best_score: 208.36000000000004
ranking_my_rank: 68/504 (86.7%)
ranking_my_percent: 86.7063492063492
