ConfigName: krbf__advnormalizedfitness__M3__L10__eps0p033__g0p007__ds0p3__dm0p01
Problem: NK
Kernel: rbf
Advantage: normalizedfitness
M: 3
lambda: 10
epsilon_svgd: 0.033
gamma: 0.007
decay_start_ratio: 0.3
decay_min_factor: 0.01
bandwith_kernel: None
no_interact: False
avg_score: 0.7076404690742493
median_score: 0.7105979919433594
std_score: 0.01203431747853756
percentiles: 2%=0.6868999004364014, 5%=0.6881550550460815, 10%=0.6927697062492371, 25%=0.6955380439758301, 50%=0.7105979919433594, 75%=0.7179837226867676, 90%=0.7224661707878113, 95%=0.7241659164428711, 98%=0.7251403331756592
ranking_best_algo: PBIL
ranking_best_score: 0.7013553837109374
ranking_my_rank: 1/504 (100.0%)
ranking_my_percent: 100.0
