ConfigName: kjsd__advperagentrankweighted__M4__L30__eps0p005__g0p0007__ds0p4__dm0p05
Problem: NK
Kernel: jsd
Advantage: peragentrankweighted
M: 4
lambda: 30
epsilon_svgd: 0.005
gamma: 0.0007
decay_start_ratio: 0.4
decay_min_factor: 0.05
bandwith_kernel: None
no_interact: False
avg_score: 0.7232102751731873
median_score: 0.722422182559967
std_score: 0.014246081002056599
percentiles: 2%=0.6976569890975952, 5%=0.7023553848266602, 10%=0.7041976451873779, 25%=0.7133775949478149, 50%=0.722422182559967, 75%=0.7324048280715942, 90%=0.744326651096344, 95%=0.7507870197296143, 98%=0.7554736733436584
ranking_best_algo: PBIL
ranking_best_score: 0.733570253046875
ranking_my_rank: 45/504 (91.3%)
ranking_my_percent: 91.26984126984127
