ConfigName: krbf__advnormalizedfitness__M4__L10__eps0p01__g0p002__ds0p05__dm0p05
Problem: QUBO
Kernel: rbf
Advantage: normalizedfitness
M: 4
lambda: 10
epsilon_svgd: 0.01
gamma: 0.002
decay_start_ratio: 0.05
decay_min_factor: 0.05
bandwith_kernel: None
no_interact: False
avg_score: -1258.1600341796875
median_score: -1253.0
std_score: 66.76461791992188
percentiles: 2%=-1397.4599609375, 5%=-1364.4000244140625, 10%=-1335.5999755859375, 25%=-1309.0, 50%=-1253.0, 75%=-1214.5, 90%=-1165.699951171875, 95%=-1156.8499755859375, 98%=-1142.8399658203125
ranking_best_algo: BigLognormalDiscreteOnePlusOne
ranking_best_score: 1301.3600000000004
ranking_my_rank: 53/504 (89.7%)
ranking_my_percent: 89.68253968253968
