ConfigName: kjsd__advperagentrankweighted__M3__L18__eps0p01__g0p001__ds0p2__dm0p2
Problem: QUBO
Kernel: jsd
Advantage: peragentrankweighted
M: 3
lambda: 18
epsilon_svgd: 0.01
gamma: 0.001
decay_start_ratio: 0.2
decay_min_factor: 0.2
bandwith_kernel: None
no_interact: False
avg_score: -429.5400085449219
median_score: -431.0
std_score: 29.13671875
percentiles: 2%=-479.0, 5%=-473.1000061035156, 10%=-467.20001220703125, 25%=-449.5, 50%=-431.0, 75%=-413.75, 90%=-388.8999938964844, 95%=-379.8500061035156, 98%=-362.0
ranking_best_algo: CMAL3
ranking_best_score: 435.36
ranking_my_rank: 10/504 (98.2%)
ranking_my_percent: 98.21428571428571
