ConfigName: kfr__advglobalrankweighted__M4__L13__eps0p03__g0p007__ds0p01__dm0p01
Problem: NK
Kernel: fr
Advantage: globalrankweighted
M: 4
lambda: 13
epsilon_svgd: 0.03
gamma: 0.007
decay_start_ratio: 0.01
decay_min_factor: 0.01
bandwith_kernel: None
no_interact: False
avg_score: 0.7555694580078125
median_score: 0.757622241973877
std_score: 0.012932448647916317
percentiles: 2%=0.7270404100418091, 5%=0.7338730692863464, 10%=0.7375428676605225, 25%=0.7477770447731018, 50%=0.757622241973877, 75%=0.7638676762580872, 90%=0.7717416286468506, 95%=0.7737746834754944, 98%=0.7805580496788025
ranking_best_algo: Tabu
ranking_best_score: 0.7657846284375001
ranking_my_rank: 5/504 (99.2%)
ranking_my_percent: 99.2063492063492
