ConfigName: kjsd__advperagentrankweighted__M5__L24__eps0p02__g0p0007__ds0p2__dm0p05
Problem: QUBO
Kernel: jsd
Advantage: peragentrankweighted
M: 5
lambda: 24
epsilon_svgd: 0.02
gamma: 0.0007
decay_start_ratio: 0.2
decay_min_factor: 0.05
bandwith_kernel: None
no_interact: False
avg_score: -579.7000122070312
median_score: -577.5
std_score: 24.24685287475586
percentiles: 2%=-631.0800170898438, 5%=-623.2000122070312, 10%=-609.2000122070312, 25%=-593.25, 50%=-577.5, 75%=-561.0, 90%=-547.9000244140625, 95%=-543.9500122070312, 98%=-539.9199829101562
ranking_best_algo: Tabu
ranking_best_score: 588.7199999999999
ranking_my_rank: 40/503 (92.2%)
ranking_my_percent: 92.2465208747515
