ConfigName: krbf__advglobalrankweighted__M4__L9__eps0p01__g0p003__ds0p01__dm0p01
Problem: QUBO
Kernel: rbf
Advantage: globalrankweighted
M: 4
lambda: 9
epsilon_svgd: 0.01
gamma: 0.003
decay_start_ratio: 0.01
decay_min_factor: 0.01
bandwith_kernel: None
no_interact: False
avg_score: -1279.5400390625
median_score: -1283.0
std_score: 61.505516052246094
percentiles: 2%=-1401.1600341796875, 5%=-1384.5, 10%=-1357.0999755859375, 25%=-1315.25, 50%=-1283.0, 75%=-1242.0, 90%=-1200.9000244140625, 95%=-1184.7000732421875, 98%=-1135.0
ranking_best_algo: BigLognormalDiscreteOnePlusOne
ranking_best_score: 1301.3600000000004
ranking_my_rank: 31/504 (94.0%)
ranking_my_percent: 94.04761904761905
