ConfigName: krbf__advnormalizedfitness__M3__L15__eps0p033__g0p007__ds0p01__dm0p01
Problem: QUBO
Kernel: rbf
Advantage: normalizedfitness
M: 3
lambda: 15
epsilon_svgd: 0.033
gamma: 0.007
decay_start_ratio: 0.01
decay_min_factor: 0.01
bandwith_kernel: None
no_interact: False
avg_score: -441.1199951171875
median_score: -444.0
std_score: 28.737876892089844
percentiles: 2%=-492.0, 5%=-489.04998779296875, 10%=-479.29998779296875, 25%=-461.0, 50%=-444.0, 75%=-420.75, 90%=-404.0, 95%=-392.95001220703125, 98%=-384.6399230957031
ranking_best_algo: CMApara
ranking_best_score: 453.82
ranking_my_rank: 12/504 (97.8%)
ranking_my_percent: 97.81746031746032
