ConfigName: kjsd__advperagentrankweighted__M3__L20__eps0p007__g0p0005__ds0p1__dm0p1
Problem: QUBO
Kernel: jsd
Advantage: peragentrankweighted
M: 3
lambda: 20
epsilon_svgd: 0.007
gamma: 0.0005
decay_start_ratio: 0.1
decay_min_factor: 0.1
bandwith_kernel: None
no_interact: False
avg_score: -1183.260009765625
median_score: -1180.5
std_score: 51.75511932373047
percentiles: 2%=-1309.3199462890625, 5%=-1271.0, 10%=-1251.699951171875, 25%=-1212.25, 50%=-1180.5, 75%=-1149.0, 90%=-1123.800048828125, 95%=-1101.9000244140625, 98%=-1095.93994140625
ranking_best_algo: Tabu
ranking_best_score: 1216.16
ranking_my_rank: 65/504 (87.3%)
ranking_my_percent: 87.3015873015873
