ConfigName: kjsd__advperagentrankweighted__M3__L24__eps0p007__g0p001__ds0p2__dm0p1
Problem: QUBO
Kernel: jsd
Advantage: peragentrankweighted
M: 3
lambda: 24
epsilon_svgd: 0.007
gamma: 0.001
decay_start_ratio: 0.2
decay_min_factor: 0.1
bandwith_kernel: None
no_interact: False
avg_score: -2619.580078125
median_score: -2611.5
std_score: 131.0803680419922
percentiles: 2%=-2871.219970703125, 5%=-2838.0, 10%=-2793.199951171875, 25%=-2692.5, 50%=-2611.5, 75%=-2525.75, 90%=-2437.800048828125, 95%=-2389.699951171875, 98%=-2358.780029296875
ranking_best_algo: DiscreteLengler2OnePlusOne
ranking_best_score: 2617.04
ranking_my_rank: 1/504 (100.0%)
ranking_my_percent: 100.0
