ConfigName: krbf__advnormalizedfitness__M4__L10__eps0p033__g0p01__ds0p01__dm0p3
Problem: NK
Kernel: rbf
Advantage: normalizedfitness
M: 4
lambda: 10
epsilon_svgd: 0.033
gamma: 0.01
decay_start_ratio: 0.01
decay_min_factor: 0.3
bandwith_kernel: None
no_interact: False
avg_score: 0.700530469417572
median_score: 0.6991012096405029
std_score: 0.01685202680528164
percentiles: 2%=0.6743691563606262, 5%=0.6788206696510315, 10%=0.6805381178855896, 25%=0.6869201064109802, 50%=0.6991012096405029, 75%=0.7132957577705383, 90%=0.7202526330947876, 95%=0.7324085831642151, 98%=0.740778923034668
ranking_best_algo: PBIL
ranking_best_score: 0.733570253046875
ranking_my_rank: 108/504 (78.8%)
ranking_my_percent: 78.76984126984127
