ConfigName: kjsd__advperagentrankweighted__M3__L20__eps0p005__g0p0005__ds0p2__dm0p2
Problem: QUBO
Kernel: jsd
Advantage: peragentrankweighted
M: 3
lambda: 20
epsilon_svgd: 0.005
gamma: 0.0005
decay_start_ratio: 0.2
decay_min_factor: 0.2
bandwith_kernel: None
no_interact: False
avg_score: -1248.4599609375
median_score: -1244.0
std_score: 63.33346939086914
percentiles: 2%=-1367.4200439453125, 5%=-1351.4000244140625, 10%=-1326.699951171875, 25%=-1296.0, 50%=-1244.0, 75%=-1201.0, 90%=-1164.4000244140625, 95%=-1152.9000244140625, 98%=-1136.5999755859375
ranking_best_algo: SVMMetaModelLogNormal
ranking_best_score: 1233.7999999999997
ranking_my_rank: 1/504 (100.0%)
ranking_my_percent: 100.0
