ConfigName: krbf__advnormalizedfitness__M4__L15__eps0p025__g0p015__ds0p3__dm0p01
Problem: QUBO
Kernel: rbf
Advantage: normalizedfitness
M: 4
lambda: 15
epsilon_svgd: 0.025
gamma: 0.015
decay_start_ratio: 0.3
decay_min_factor: 0.01
bandwith_kernel: None
no_interact: False
avg_score: -773.219970703125
median_score: -761.0
std_score: 81.14636993408203
percentiles: 2%=-942.219970703125, 5%=-917.5, 10%=-874.2000122070312, 25%=-832.0, 50%=-761.0, 75%=-716.75, 90%=-677.7000122070312, 95%=-643.9500122070312, 98%=-624.8800048828125
ranking_best_algo: CMApara
ranking_best_score: 964.9
ranking_my_rank: 326/504 (35.5%)
ranking_my_percent: 35.51587301587302
