ConfigName: kjsd__advperagentrankweighted__M5__L10__eps0p02__g0p0005__ds0p2__dm0p05
Problem: NK
Kernel: jsd
Advantage: peragentrankweighted
M: 5
lambda: 10
epsilon_svgd: 0.02
gamma: 0.0005
decay_start_ratio: 0.2
decay_min_factor: 0.05
bandwith_kernel: None
no_interact: False
avg_score: 0.7329158186912537
median_score: 0.7339382171630859
std_score: 0.008964559994637966
percentiles: 2%=0.7126957178115845, 5%=0.7169048190116882, 10%=0.7194916605949402, 25%=0.7278923988342285, 50%=0.7339382171630859, 75%=0.7389211058616638, 90%=0.743252158164978, 95%=0.745499849319458, 98%=0.7491922378540039
ranking_best_algo: PBIL
ranking_best_score: 0.730509098125
ranking_my_rank: 1/504 (100.0%)
ranking_my_percent: 100.0
