ConfigName: krbf__advnormalizedfitness__M4__L8__eps0p015__g0p005__ds0p3__dm0p01
Problem: NK
Kernel: rbf
Advantage: normalizedfitness
M: 4
lambda: 8
epsilon_svgd: 0.015
gamma: 0.005
decay_start_ratio: 0.3
decay_min_factor: 0.01
bandwith_kernel: None
no_interact: False
avg_score: 0.7544075846672058
median_score: 0.7567146420478821
std_score: 0.01408990379422903
percentiles: 2%=0.7284894585609436, 5%=0.7308271527290344, 10%=0.7350677847862244, 25%=0.7428452968597412, 50%=0.7567146420478821, 75%=0.7652797698974609, 90%=0.7713086605072021, 95%=0.7725176811218262, 98%=0.7796220779418945
ranking_best_algo: Tabu
ranking_best_score: 0.7657846284375001
ranking_my_rank: 7/504 (98.8%)
ranking_my_percent: 98.80952380952381
