ConfigName: kjsd__advperagentrankweighted__M5__L8__eps0p01__g0p0005__ds0p2__dm0p2
Problem: NK
Kernel: jsd
Advantage: peragentrankweighted
M: 5
lambda: 8
epsilon_svgd: 0.01
gamma: 0.0005
decay_start_ratio: 0.2
decay_min_factor: 0.2
bandwith_kernel: None
no_interact: False
avg_score: 0.7525139451026917
median_score: 0.7532100677490234
std_score: 0.014994249679148197
percentiles: 2%=0.7204805016517639, 5%=0.7276808619499207, 10%=0.7354089021682739, 25%=0.7419919371604919, 50%=0.7532100677490234, 75%=0.7627320289611816, 90%=0.7709997892379761, 95%=0.7801401019096375, 98%=0.7830557823181152
ranking_best_algo: Tabu
ranking_best_score: 0.7657846284375001
ranking_my_rank: 10/504 (98.2%)
ranking_my_percent: 98.21428571428571
