ConfigName: krbf__advnormalizedfitness__M3__L12__eps0p033__g0p015__ds0p3__dm0p01
Problem: QUBO
Kernel: rbf
Advantage: normalizedfitness
M: 3
lambda: 12
epsilon_svgd: 0.033
gamma: 0.015
decay_start_ratio: 0.3
decay_min_factor: 0.01
bandwith_kernel: None
no_interact: False
avg_score: -2460.280029296875
median_score: -2461.5
std_score: 177.9551544189453
percentiles: 2%=-2772.679931640625, 5%=-2725.25, 10%=-2680.0, 25%=-2584.5, 50%=-2461.5, 75%=-2329.25, 90%=-2232.10009765625, 95%=-2202.0, 98%=-2116.939697265625
ranking_best_algo: DiscreteLengler2OnePlusOne
ranking_best_score: 2617.04
ranking_my_rank: 88/504 (82.7%)
ranking_my_percent: 82.73809523809524
