ConfigName: kfr__advglobalrankweighted__M3__L10__eps0p01__g0p003__ds0p01__dm0p01
Problem: QUBO
Kernel: fr
Advantage: globalrankweighted
M: 3
lambda: 10
epsilon_svgd: 0.01
gamma: 0.003
decay_start_ratio: 0.01
decay_min_factor: 0.01
bandwith_kernel: None
no_interact: False
avg_score: -938.280029296875
median_score: -931.0
std_score: 65.41973114013672
percentiles: 2%=-1063.260009765625, 5%=-1054.0999755859375, 10%=-1030.5999755859375, 25%=-984.75, 50%=-931.0, 75%=-893.75, 90%=-856.4000244140625, 95%=-828.800048828125, 98%=-814.9199829101562
ranking_best_algo: CMApara
ranking_best_score: 964.9
ranking_my_rank: 7/504 (98.8%)
ranking_my_percent: 98.80952380952381
