ConfigName: krbf__advnormalizedfitness__M4__L8__eps0p015__g0p01__ds0p15__dm0p01
Problem: NK
Kernel: rbf
Advantage: normalizedfitness
M: 4
lambda: 8
epsilon_svgd: 0.015
gamma: 0.01
decay_start_ratio: 0.15
decay_min_factor: 0.01
bandwith_kernel: None
no_interact: False
avg_score: 0.7342749238014221
median_score: 0.7355448007583618
std_score: 0.009068132378160954
percentiles: 2%=0.715051531791687, 5%=0.7171310186386108, 10%=0.7206699848175049, 25%=0.7289376854896545, 50%=0.7355448007583618, 75%=0.741141676902771, 90%=0.7448400259017944, 95%=0.7460401654243469, 98%=0.7489541172981262
ranking_best_algo: PBIL
ranking_best_score: 0.730509098125
ranking_my_rank: 1/504 (100.0%)
ranking_my_percent: 100.0
