ConfigName: krbf__advnormalizedfitness__M4__L8__eps0p033__g0p005__ds0p3__dm0p01
Problem: QUBO
Kernel: rbf
Advantage: normalizedfitness
M: 4
lambda: 8
epsilon_svgd: 0.033
gamma: 0.005
decay_start_ratio: 0.3
decay_min_factor: 0.01
bandwith_kernel: None
no_interact: False
avg_score: -1177.760009765625
median_score: -1176.0
std_score: 59.96834182739258
percentiles: 2%=-1333.4000244140625, 5%=-1289.5999755859375, 10%=-1254.0999755859375, 25%=-1203.5, 50%=-1176.0, 75%=-1143.5, 90%=-1106.9000244140625, 95%=-1096.0, 98%=-1062.7799072265625
ranking_best_algo: Tabu
ranking_best_score: 1216.16
ranking_my_rank: 80/504 (84.3%)
ranking_my_percent: 84.32539682539682
