ConfigName: kjsd__advperagentrankweighted__M3__L20__eps0p007__g0p0007__ds0p1__dm0p2
Problem: NK
Kernel: jsd
Advantage: peragentrankweighted
M: 3
lambda: 20
epsilon_svgd: 0.007
gamma: 0.0007
decay_start_ratio: 0.1
decay_min_factor: 0.2
bandwith_kernel: None
no_interact: False
avg_score: 0.7075230479240417
median_score: 0.709516167640686
std_score: 0.011941425502300262
percentiles: 2%=0.6880545020103455, 5%=0.6885678172111511, 10%=0.69289231300354, 25%=0.695948600769043, 50%=0.709516167640686, 75%=0.7173601388931274, 90%=0.7210647463798523, 95%=0.7247073650360107, 98%=0.7251821756362915
ranking_best_algo: PBIL
ranking_best_score: 0.7013553837109374
ranking_my_rank: 1/504 (100.0%)
ranking_my_percent: 100.0
