ConfigName: kjsd__advperagentrankweighted__M3__L18__eps0p01__g0p003__ds0p05__dm0p05
Problem: QUBO
Kernel: jsd
Advantage: peragentrankweighted
M: 3
lambda: 18
epsilon_svgd: 0.01
gamma: 0.003
decay_start_ratio: 0.05
decay_min_factor: 0.05
bandwith_kernel: None
no_interact: False
avg_score: -332.239990234375
median_score: -334.0
std_score: 21.477020263671875
percentiles: 2%=-372.0, 5%=-372.0, 10%=-354.0, 25%=-346.0, 50%=-334.0, 75%=-320.0, 90%=-301.79998779296875, 95%=-292.95001220703125, 98%=-281.8800048828125
ranking_best_algo: CMApara
ranking_best_score: 344.22
ranking_my_rank: 72/504 (85.9%)
ranking_my_percent: 85.91269841269842
