ConfigName: kjsd__advperagentrankweighted__M3__L16__eps0p005__g0p0007__ds0p1__dm0p05
Problem: QUBO
Kernel: jsd
Advantage: peragentrankweighted
M: 3
lambda: 16
epsilon_svgd: 0.005
gamma: 0.0007
decay_start_ratio: 0.1
decay_min_factor: 0.05
bandwith_kernel: None
no_interact: False
avg_score: -2640.860107421875
median_score: -2647.0
std_score: 117.7900619506836
percentiles: 2%=-2879.719970703125, 5%=-2841.300048828125, 10%=-2771.10009765625, 25%=-2715.25, 50%=-2647.0, 75%=-2569.25, 90%=-2478.39990234375, 95%=-2437.699951171875, 98%=-2402.0
ranking_best_algo: DiscreteLengler2OnePlusOne
ranking_best_score: 2617.04
ranking_my_rank: 1/504 (100.0%)
ranking_my_percent: 100.0
