ConfigName: krbf__advnormalizedfitness__M3__L12__eps0p033__g0p007__ds0p01__dm0p01
Problem: QUBO
Kernel: rbf
Advantage: normalizedfitness
M: 3
lambda: 12
epsilon_svgd: 0.033
gamma: 0.007
decay_start_ratio: 0.01
decay_min_factor: 0.01
bandwith_kernel: None
no_interact: False
avg_score: -444.6199951171875
median_score: -445.5
std_score: 24.443721771240234
percentiles: 2%=-489.05999755859375, 5%=-481.0, 10%=-473.1000061035156, 25%=-465.25, 50%=-445.5, 75%=-428.75, 90%=-408.0, 95%=-401.95001220703125, 98%=-400.0
ranking_best_algo: CMApara
ranking_best_score: 453.82
ranking_my_rank: 6/504 (99.0%)
ranking_my_percent: 99.0079365079365
