ConfigName: krbf__advnormalizedfitness__M4__L8__eps0p015__g0p007__ds0p3__dm0p3
Problem: NK
Kernel: rbf
Advantage: normalizedfitness
M: 4
lambda: 8
epsilon_svgd: 0.015
gamma: 0.007
decay_start_ratio: 0.3
decay_min_factor: 0.3
bandwith_kernel: None
no_interact: False
avg_score: 0.6620684266090393
median_score: 0.6591634154319763
std_score: 0.015619225800037384
percentiles: 2%=0.6376155614852905, 5%=0.6400834918022156, 10%=0.6436553597450256, 25%=0.6532309055328369, 50%=0.6591634154319763, 75%=0.6705005168914795, 90%=0.6871054768562317, 95%=0.6915842890739441, 98%=0.6973975300788879
ranking_best_algo: PBIL
ranking_best_score: 0.733570253046875
ranking_my_rank: 272/504 (46.2%)
ranking_my_percent: 46.23015873015873
