ConfigName: krbf__advnormalizedfitness__M3__L8__eps0p033__g0p01__ds0p15__dm0p01
Problem: QUBO
Kernel: rbf
Advantage: normalizedfitness
M: 3
lambda: 8
epsilon_svgd: 0.033
gamma: 0.01
decay_start_ratio: 0.15
decay_min_factor: 0.01
bandwith_kernel: None
no_interact: False
avg_score: -1213.719970703125
median_score: -1195.0
std_score: 65.37171936035156
percentiles: 2%=-1360.1800537109375, 5%=-1339.1500244140625, 10%=-1306.0, 25%=-1263.25, 50%=-1195.0, 75%=-1169.75, 90%=-1141.9000244140625, 95%=-1125.0, 98%=-1117.97998046875
ranking_best_algo: SVMMetaModelLogNormal
ranking_best_score: 1233.7999999999997
ranking_my_rank: 45/504 (91.3%)
ranking_my_percent: 91.26984126984127
