ConfigName: kjsd__advperagentrankweighted__M3__L16__eps0p007__g0p001__ds0p05__dm0p2
Problem: QUBO
Kernel: jsd
Advantage: peragentrankweighted
M: 3
lambda: 16
epsilon_svgd: 0.007
gamma: 0.001
decay_start_ratio: 0.05
decay_min_factor: 0.2
bandwith_kernel: None
no_interact: False
avg_score: -1314.300048828125
median_score: -1314.0
std_score: 58.688751220703125
percentiles: 2%=-1423.3199462890625, 5%=-1409.1500244140625, 10%=-1392.5999755859375, 25%=-1353.25, 50%=-1314.0, 75%=-1273.75, 90%=-1235.0, 95%=-1222.5999755859375, 98%=-1192.9200439453125
ranking_best_algo: BigLognormalDiscreteOnePlusOne
ranking_best_score: 1301.3600000000004
ranking_my_rank: 1/504 (100.0%)
ranking_my_percent: 100.0
