ConfigName: kjsd__advperagentrankweighted__M3__L20__eps0p007__g0p003__ds0p1__dm0p05
Problem: QUBO
Kernel: jsd
Advantage: peragentrankweighted
M: 3
lambda: 20
epsilon_svgd: 0.007
gamma: 0.003
decay_start_ratio: 0.1
decay_min_factor: 0.05
bandwith_kernel: None
no_interact: False
avg_score: -1147.199951171875
median_score: -1142.0
std_score: 78.45622253417969
percentiles: 2%=-1309.3599853515625, 5%=-1283.1500244140625, 10%=-1257.300048828125, 25%=-1205.75, 50%=-1142.0, 75%=-1091.0, 90%=-1042.800048828125, 95%=-1023.9500122070312, 98%=-1006.8800048828125
ranking_best_algo: SVMMetaModelLogNormal
ranking_best_score: 1233.7999999999997
ranking_my_rank: 94/504 (81.5%)
ranking_my_percent: 81.54761904761905
