ConfigName: kfr__advglobalrankweighted__M5__L9__eps0p01__g0p005__ds0p01__dm0p01
Problem: QUBO
Kernel: fr
Advantage: globalrankweighted
M: 5
lambda: 9
epsilon_svgd: 0.01
gamma: 0.005
decay_start_ratio: 0.01
decay_min_factor: 0.01
bandwith_kernel: None
no_interact: False
avg_score: -200.6199951171875
median_score: -201.0
std_score: 12.892462730407715
percentiles: 2%=-224.0, 5%=-221.0500030517578, 10%=-217.10000610351562, 25%=-210.0, 50%=-201.0, 75%=-192.75, 90%=-182.0, 95%=-179.85000610351562, 98%=-173.95999145507812
ranking_best_algo: Tabu
ranking_best_score: 208.36000000000004
ranking_my_rank: 46/504 (91.1%)
ranking_my_percent: 91.07142857142857
