ConfigName: kjsd__advperagentrankweighted__M5__L10__eps0p008__g0p0005__ds0p05__dm0p05
Problem: NK
Kernel: jsd
Advantage: peragentrankweighted
M: 5
lambda: 10
epsilon_svgd: 0.008
gamma: 0.0005
decay_start_ratio: 0.05
decay_min_factor: 0.05
bandwith_kernel: None
no_interact: False
avg_score: 0.7353071570396423
median_score: 0.7360615730285645
std_score: 0.008756219409406185
percentiles: 2%=0.715025782585144, 5%=0.717430055141449, 10%=0.7225433588027954, 25%=0.7305945754051208, 50%=0.7360615730285645, 75%=0.7412979602813721, 90%=0.7454705238342285, 95%=0.7474254965782166, 98%=0.7499014139175415
ranking_best_algo: PBIL
ranking_best_score: 0.7248786399609374
ranking_my_rank: 1/504 (100.0%)
ranking_my_percent: 100.0
