ConfigName: krbf__advnormalizedfitness__M3__L15__eps0p015__g0p005__ds0p01__dm0p3
Problem: QUBO
Kernel: rbf
Advantage: normalizedfitness
M: 3
lambda: 15
epsilon_svgd: 0.015
gamma: 0.005
decay_start_ratio: 0.01
decay_min_factor: 0.3
bandwith_kernel: None
no_interact: False
avg_score: -1168.8599853515625
median_score: -1177.0
std_score: 81.43807983398438
percentiles: 2%=-1310.8800048828125, 5%=-1294.0999755859375, 10%=-1263.4000244140625, 25%=-1231.0, 50%=-1177.0, 75%=-1104.5, 90%=-1064.9000244140625, 95%=-1052.949951171875, 98%=-1004.719970703125
ranking_best_algo: BigLognormalDiscreteOnePlusOne
ranking_best_score: 1301.3600000000004
ranking_my_rank: 108/504 (78.8%)
ranking_my_percent: 78.76984126984127
