ConfigName: krbf__advnormalizedfitness__M3__L24__eps0p03__g0p005__ds0p05__dm0p05
Problem: QUBO
Kernel: rbf
Advantage: normalizedfitness
M: 3
lambda: 24
epsilon_svgd: 0.03
gamma: 0.005
decay_start_ratio: 0.05
decay_min_factor: 0.05
bandwith_kernel: None
no_interact: False
avg_score: -3169.43994140625
median_score: -3173.5
std_score: 166.55799865722656
percentiles: 2%=-3423.93994140625, 5%=-3405.5, 10%=-3379.300048828125, 25%=-3310.75, 50%=-3173.5, 75%=-3062.25, 90%=-2946.0, 95%=-2896.89990234375, 98%=-2848.580078125
ranking_best_algo: RLSOnePlusOne
ranking_best_score: 3316.5199999999995
ranking_my_rank: 60/504 (88.3%)
ranking_my_percent: 88.2936507936508
