ConfigName: kjsd__advperagentrankweighted__M3__L30__eps0p007__g0p0005__ds0p05__dm0p1
Problem: NK
Kernel: jsd
Advantage: peragentrankweighted
M: 3
lambda: 30
epsilon_svgd: 0.007
gamma: 0.0005
decay_start_ratio: 0.05
decay_min_factor: 0.1
bandwith_kernel: None
no_interact: False
avg_score: 0.7379190325737
median_score: 0.7388517260551453
std_score: 0.008936324156820774
percentiles: 2%=0.7209967970848083, 5%=0.7229310274124146, 10%=0.7238021492958069, 25%=0.7314925193786621, 50%=0.7388517260551453, 75%=0.7451788187026978, 90%=0.7483527064323425, 95%=0.7512331604957581, 98%=0.7527065873146057
ranking_best_algo: PBIL
ranking_best_score: 0.730509098125
ranking_my_rank: 1/504 (100.0%)
ranking_my_percent: 100.0
