ConfigName: krbf__advnormalizedfitness__M3__L8__eps0p03__g0p005__ds0p15__dm0p05
Problem: QUBO
Kernel: rbf
Advantage: normalizedfitness
M: 3
lambda: 8
epsilon_svgd: 0.03
gamma: 0.005
decay_start_ratio: 0.15
decay_min_factor: 0.05
bandwith_kernel: None
no_interact: False
avg_score: -1270.8399658203125
median_score: -1271.0
std_score: 54.059547424316406
percentiles: 2%=-1373.760009765625, 5%=-1361.0, 10%=-1345.5, 25%=-1303.0, 50%=-1271.0, 75%=-1239.0, 90%=-1199.5999755859375, 95%=-1177.8499755859375, 98%=-1170.5999755859375
ranking_best_algo: BigLognormalDiscreteOnePlusOne
ranking_best_score: 1301.3600000000004
ranking_my_rank: 46/504 (91.1%)
ranking_my_percent: 91.07142857142857
