ConfigName: kjsd__advperagentrankweighted__M5__L8__eps0p005__g0p0007__ds0p4__dm0p2
Problem: QUBO
Kernel: jsd
Advantage: peragentrankweighted
M: 5
lambda: 8
epsilon_svgd: 0.005
gamma: 0.0007
decay_start_ratio: 0.4
decay_min_factor: 0.2
bandwith_kernel: None
no_interact: False
avg_score: -200.75999450683594
median_score: -203.0
std_score: 11.987593650817871
percentiles: 2%=-222.0399932861328, 5%=-220.0, 10%=-215.3000030517578, 25%=-207.0, 50%=-203.0, 75%=-194.0, 90%=-183.0, 95%=-179.85000610351562, 98%=-175.94000244140625
ranking_best_algo: Tabu
ranking_best_score: 208.36000000000004
ranking_my_rank: 45/504 (91.3%)
ranking_my_percent: 91.26984126984127
