ConfigName: kjsd__advperagentrankweighted__M3__L16__eps0p01__g0p0005__ds0p1__dm0p1
Problem: QUBO
Kernel: jsd
Advantage: peragentrankweighted
M: 3
lambda: 16
epsilon_svgd: 0.01
gamma: 0.0005
decay_start_ratio: 0.1
decay_min_factor: 0.1
bandwith_kernel: None
no_interact: False
avg_score: -1183.56005859375
median_score: -1175.5
std_score: 61.65019607543945
percentiles: 2%=-1337.0, 5%=-1283.0999755859375, 10%=-1260.0999755859375, 25%=-1229.0, 50%=-1175.5, 75%=-1144.75, 90%=-1118.0, 95%=-1088.6500244140625, 98%=-1080.3399658203125
ranking_best_algo: Tabu
ranking_best_score: 1216.16
ranking_my_rank: 65/504 (87.3%)
ranking_my_percent: 87.3015873015873
