ConfigName: krbf__advnormalizedfitness__M4__L15__eps0p01__g0p001__ds0p05__dm0p05
Problem: QUBO
Kernel: rbf
Advantage: normalizedfitness
M: 4
lambda: 15
epsilon_svgd: 0.01
gamma: 0.001
decay_start_ratio: 0.05
decay_min_factor: 0.05
bandwith_kernel: None
no_interact: False
avg_score: -199.8000030517578
median_score: -201.0
std_score: 13.157506942749023
percentiles: 2%=-224.0, 5%=-221.0, 10%=-216.10000610351562, 25%=-210.0, 50%=-201.0, 75%=-191.0, 90%=-180.89999389648438, 95%=-176.9499969482422, 98%=-174.8800048828125
ranking_best_algo: Tabu
ranking_best_score: 208.36000000000004
ranking_my_rank: 59/504 (88.5%)
ranking_my_percent: 88.4920634920635
