ConfigName: krbf__advnormalizedfitness__M3__L15__eps0p015__g0p01__ds0p01__dm0p3
Problem: QUBO
Kernel: rbf
Advantage: normalizedfitness
M: 3
lambda: 15
epsilon_svgd: 0.015
gamma: 0.01
decay_start_ratio: 0.01
decay_min_factor: 0.3
bandwith_kernel: None
no_interact: False
avg_score: -291.67999267578125
median_score: -287.0
std_score: 40.33432388305664
percentiles: 2%=-390.0, 5%=-382.20001220703125, 10%=-344.6000061035156, 25%=-314.5, 50%=-287.0, 75%=-264.75, 90%=-243.89999389648438, 95%=-237.90000915527344, 98%=-227.9399871826172
ranking_best_algo: CMApara
ranking_best_score: 319.29999999999995
ranking_my_rank: 277/504 (45.2%)
ranking_my_percent: 45.23809523809524
