ConfigName: krbf__advnormalizedfitness__M4__L8__eps0p02__g0p005__ds0p15__dm0p05
Problem: QUBO
Kernel: rbf
Advantage: normalizedfitness
M: 4
lambda: 8
epsilon_svgd: 0.02
gamma: 0.005
decay_start_ratio: 0.15
decay_min_factor: 0.05
bandwith_kernel: None
no_interact: False
avg_score: -427.44000244140625
median_score: -425.5
std_score: 24.219959259033203
percentiles: 2%=-475.1600036621094, 5%=-471.1000061035156, 10%=-463.1000061035156, 25%=-439.25, 50%=-425.5, 75%=-412.75, 90%=-401.5, 95%=-390.95001220703125, 98%=-382.8999938964844
ranking_best_algo: CMAL3
ranking_best_score: 435.36
ranking_my_rank: 19/504 (96.4%)
ranking_my_percent: 96.42857142857143
