ConfigName: krbf__advnormalizedfitness__M5__L8__eps0p03__g0p005__ds0p15__dm0p05
Problem: QUBO
Kernel: rbf
Advantage: normalizedfitness
M: 5
lambda: 8
epsilon_svgd: 0.03
gamma: 0.005
decay_start_ratio: 0.15
decay_min_factor: 0.05
bandwith_kernel: None
no_interact: False
avg_score: -425.20001220703125
median_score: -424.5
std_score: 24.7701416015625
percentiles: 2%=-473.0400085449219, 5%=-467.1000061035156, 10%=-459.20001220703125, 25%=-440.25, 50%=-424.5, 75%=-409.75, 90%=-392.79998779296875, 95%=-384.95001220703125, 98%=-376.8800048828125
ranking_best_algo: CMAL3
ranking_best_score: 435.36
ranking_my_rank: 29/504 (94.4%)
ranking_my_percent: 94.44444444444444
