ConfigName: kjsd__advperagentrankweighted__M3__L18__eps0p007__g0p001__ds0p05__dm0p1
Problem: QUBO
Kernel: jsd
Advantage: peragentrankweighted
M: 3
lambda: 18
epsilon_svgd: 0.007
gamma: 0.001
decay_start_ratio: 0.05
decay_min_factor: 0.1
bandwith_kernel: None
no_interact: False
avg_score: -413.260009765625
median_score: -410.5
std_score: 24.793798446655273
percentiles: 2%=-457.239990234375, 5%=-454.04998779296875, 10%=-449.1000061035156, 25%=-430.0, 50%=-410.5, 75%=-394.0, 90%=-384.0, 95%=-375.79998779296875, 98%=-365.8800048828125
ranking_best_algo: Tabu
ranking_best_score: 438.12
ranking_my_rank: 59/504 (88.5%)
ranking_my_percent: 88.4920634920635
