ConfigName: krbf__advnormalizedfitness__M2__L10__eps0p015__g0p007__ds0p01__dm0p01
Problem: QUBO
Kernel: rbf
Advantage: normalizedfitness
M: 2
lambda: 10
epsilon_svgd: 0.015
gamma: 0.007
decay_start_ratio: 0.01
decay_min_factor: 0.01
bandwith_kernel: None
no_interact: False
avg_score: -438.7799987792969
median_score: -435.0
std_score: 26.501916885375977
percentiles: 2%=-492.0, 5%=-489.1499938964844, 10%=-473.79998779296875, 25%=-458.25, 50%=-435.0, 75%=-419.0, 90%=-405.8999938964844, 95%=-399.8999938964844, 98%=-392.9800109863281
ranking_best_algo: CMApara
ranking_best_score: 453.82
ranking_my_rank: 19/504 (96.4%)
ranking_my_percent: 96.42857142857143
