ConfigName: krbf__advnormalizedfitness__M4__L12__eps0p015__g0p005__ds0p01__dm0p3
Problem: NK
Kernel: rbf
Advantage: normalizedfitness
M: 4
lambda: 12
epsilon_svgd: 0.015
gamma: 0.005
decay_start_ratio: 0.01
decay_min_factor: 0.3
bandwith_kernel: None
no_interact: False
avg_score: 0.5765401721000671
median_score: 0.5763661861419678
std_score: 0.005598535295575857
percentiles: 2%=0.5681798458099365, 5%=0.568573534488678, 10%=0.5694371461868286, 25%=0.5729091167449951, 50%=0.5763661861419678, 75%=0.5796812176704407, 90%=0.5833491086959839, 95%=0.5855781435966492, 98%=0.5900059938430786
ranking_best_algo: PBIL
ranking_best_score: 0.7170882103515624
ranking_my_rank: 385/504 (23.8%)
ranking_my_percent: 23.80952380952381
