ConfigName: kjsd__advperagentrankweighted__M3__L18__eps0p01__g0p0007__ds0p1__dm0p05
Problem: NK
Kernel: jsd
Advantage: peragentrankweighted
M: 3
lambda: 18
epsilon_svgd: 0.01
gamma: 0.0007
decay_start_ratio: 0.1
decay_min_factor: 0.05
bandwith_kernel: None
no_interact: False
avg_score: 0.7096160054206848
median_score: 0.7108285427093506
std_score: 0.015618805773556232
percentiles: 2%=0.6693151593208313, 5%=0.6707297563552856, 10%=0.6928291916847229, 25%=0.7073460817337036, 50%=0.7108285427093506, 75%=0.7184491157531738, 90%=0.7253828644752502, 95%=0.7316187024116516, 98%=0.7326801419258118
ranking_best_algo: CMApara
ranking_best_score: 0.707475975
ranking_my_rank: 1/504 (100.0%)
ranking_my_percent: 100.0
