ConfigName: kjsd__advperagentrankweighted__M4__L8__eps0p03__g0p0003__ds0p05__dm0p05
Problem: QUBO
Kernel: jsd
Advantage: peragentrankweighted
M: 4
lambda: 8
epsilon_svgd: 0.03
gamma: 0.0003
decay_start_ratio: 0.05
decay_min_factor: 0.05
bandwith_kernel: None
no_interact: False
avg_score: -2975.39990234375
median_score: -2968.5
std_score: 108.79962158203125
percentiles: 2%=-3229.5, 5%=-3153.949951171875, 10%=-3114.300048828125, 25%=-3037.25, 50%=-2968.5, 75%=-2896.5, 90%=-2850.0, 95%=-2820.800048828125, 98%=-2777.719970703125
ranking_best_algo: RLSOnePlusOne
ranking_best_score: 3316.5199999999995
ranking_my_rank: 131/504 (74.2%)
ranking_my_percent: 74.2063492063492
