ConfigName: krbf__advnormalizedfitness__M2__L14__eps0p025__g0p007__ds0p15__dm0p01
Problem: NK
Kernel: rbf
Advantage: normalizedfitness
M: 2
lambda: 14
epsilon_svgd: 0.025
gamma: 0.007
decay_start_ratio: 0.15
decay_min_factor: 0.01
bandwith_kernel: None
no_interact: False
avg_score: 0.7412976026535034
median_score: 0.7409213185310364
std_score: 0.015842696651816368
percentiles: 2%=0.7139943242073059, 5%=0.7156763076782227, 10%=0.7196491360664368, 25%=0.7304350137710571, 50%=0.7409213185310364, 75%=0.7515690326690674, 90%=0.7621744871139526, 95%=0.7647815942764282, 98%=0.7724884152412415
ranking_best_algo: Tabu
ranking_best_score: 0.7601875690625
ranking_my_rank: 12/504 (97.8%)
ranking_my_percent: 97.81746031746032
