ConfigName: krbf__advnormalizedfitness__M4__L15__eps0p025__g0p01__ds0p15__dm0p3
Problem: NK
Kernel: rbf
Advantage: normalizedfitness
M: 4
lambda: 15
epsilon_svgd: 0.025
gamma: 0.01
decay_start_ratio: 0.15
decay_min_factor: 0.3
bandwith_kernel: None
no_interact: False
avg_score: 0.7085701823234558
median_score: 0.7093408107757568
std_score: 0.011025523766875267
percentiles: 2%=0.6898956894874573, 5%=0.6906548142433167, 10%=0.6933293342590332, 25%=0.6994378566741943, 50%=0.7093408107757568, 75%=0.7157965302467346, 90%=0.7240079045295715, 95%=0.7260160446166992, 98%=0.7289440035820007
ranking_best_algo: PBIL
ranking_best_score: 0.730509098125
ranking_my_rank: 235/504 (53.6%)
ranking_my_percent: 53.57142857142857
