ConfigName: kjsd__advperagentrankweighted__M3__L18__eps0p01__g0p0007__ds0p05__dm0p2
Problem: QUBO
Kernel: jsd
Advantage: peragentrankweighted
M: 3
lambda: 18
epsilon_svgd: 0.01
gamma: 0.0007
decay_start_ratio: 0.05
decay_min_factor: 0.2
bandwith_kernel: None
no_interact: False
avg_score: -147.44000244140625
median_score: -145.5
std_score: 13.171422958374023
percentiles: 2%=-179.0, 5%=-179.0, 10%=-160.39999389648438, 25%=-155.25, 50%=-145.5, 75%=-140.75, 90%=-134.0, 95%=-126.9000015258789, 98%=-116.95999908447266
ranking_best_algo: CMApara
ranking_best_score: 154.28
ranking_my_rank: 95/504 (81.3%)
ranking_my_percent: 81.34920634920636
