ConfigName: kjsd__advperagentrankweighted__M4__L10__eps0p01__g0p0005__ds0p4__dm0p05
Problem: QUBO
Kernel: jsd
Advantage: peragentrankweighted
M: 4
lambda: 10
epsilon_svgd: 0.01
gamma: 0.0005
decay_start_ratio: 0.4
decay_min_factor: 0.05
bandwith_kernel: None
no_interact: False
avg_score: -139.05999755859375
median_score: -139.0
std_score: 10.712441444396973
percentiles: 2%=-160.0, 5%=-157.0500030517578, 10%=-152.39999389648438, 25%=-146.0, 50%=-139.0, 75%=-130.0, 90%=-125.0, 95%=-122.9000015258789, 98%=-118.9800033569336
ranking_best_algo: DiscreteDE
ranking_best_score: 143.4
ranking_my_rank: 93/504 (81.7%)
ranking_my_percent: 81.74603174603175
