ConfigName: krbf__advnormalizedfitness__M3__L15__eps0p033__g0p015__ds0p01__dm0p3
Problem: NK
Kernel: rbf
Advantage: normalizedfitness
M: 3
lambda: 15
epsilon_svgd: 0.033
gamma: 0.015
decay_start_ratio: 0.01
decay_min_factor: 0.3
bandwith_kernel: None
no_interact: False
avg_score: 0.694258451461792
median_score: 0.696555495262146
std_score: 0.012882690876722336
percentiles: 2%=0.6728953719139099, 5%=0.6740845441818237, 10%=0.6779292821884155, 25%=0.6826683282852173, 50%=0.696555495262146, 75%=0.7061535716056824, 90%=0.7101099491119385, 95%=0.7117912769317627, 98%=0.7128756046295166
ranking_best_algo: PBIL
ranking_best_score: 0.7013553837109374
ranking_my_rank: 52/504 (89.9%)
ranking_my_percent: 89.88095238095238
