ConfigName: krbf__advnormalizedfitness__M4__L10__eps0p015__g0p007__ds0p3__dm0p3
Problem: QUBO
Kernel: rbf
Advantage: normalizedfitness
M: 4
lambda: 10
epsilon_svgd: 0.015
gamma: 0.007
decay_start_ratio: 0.3
decay_min_factor: 0.3
bandwith_kernel: None
no_interact: False
avg_score: -832.7999877929688
median_score: -837.0
std_score: 75.50456237792969
percentiles: 2%=-976.47998046875, 5%=-940.3999633789062, 10%=-925.0, 25%=-883.5, 50%=-837.0, 75%=-782.0, 90%=-728.5999755859375, 95%=-705.8500366210938, 98%=-701.97998046875
ranking_best_algo: SVMMetaModelLogNormal
ranking_best_score: 1233.7999999999997
ranking_my_rank: 323/504 (36.1%)
ranking_my_percent: 36.111111111111114
