ConfigName: kjsd__advperagentrankweighted__M3__L24__eps0p007__g0p001__ds0p05__dm0p2
Problem: QUBO
Kernel: jsd
Advantage: peragentrankweighted
M: 3
lambda: 24
epsilon_svgd: 0.007
gamma: 0.001
decay_start_ratio: 0.05
decay_min_factor: 0.2
bandwith_kernel: None
no_interact: False
avg_score: -911.8200073242188
median_score: -911.5
std_score: 61.178321838378906
percentiles: 2%=-1020.2000122070312, 5%=-1009.3499755859375, 10%=-998.0999755859375, 25%=-955.5, 50%=-911.5, 75%=-862.75, 90%=-834.9000244140625, 95%=-820.8499755859375, 98%=-795.9600219726562
ranking_best_algo: CMAL3
ranking_best_score: 928.5800000000002
ranking_my_rank: 20/504 (96.2%)
ranking_my_percent: 96.23015873015873
