ConfigName: kjsd__advperagentrankweighted__M3__L16__eps0p01__g0p0005__ds0p2__dm0p2
Problem: QUBO
Kernel: jsd
Advantage: peragentrankweighted
M: 3
lambda: 16
epsilon_svgd: 0.01
gamma: 0.0005
decay_start_ratio: 0.2
decay_min_factor: 0.2
bandwith_kernel: None
no_interact: False
avg_score: -307.5199890136719
median_score: -308.0
std_score: 38.5850944519043
percentiles: 2%=-398.0, 5%=-392.1000061035156, 10%=-355.20001220703125, 25%=-330.5, 50%=-308.0, 75%=-273.0, 90%=-264.0, 95%=-258.95001220703125, 98%=-253.0
ranking_best_algo: CMApara
ranking_best_score: 319.29999999999995
ranking_my_rank: 96/504 (81.2%)
ranking_my_percent: 81.15079365079364
