ConfigName: kjsd__advperagentrankweighted__M3__L20__eps0p007__g0p001__ds0p05__dm0p2
Problem: NK
Kernel: jsd
Advantage: peragentrankweighted
M: 3
lambda: 20
epsilon_svgd: 0.007
gamma: 0.001
decay_start_ratio: 0.05
decay_min_factor: 0.2
bandwith_kernel: None
no_interact: False
avg_score: 0.7469773292541504
median_score: 0.7460757493972778
std_score: 0.008865307085216045
percentiles: 2%=0.7286200523376465, 5%=0.7345429062843323, 10%=0.7355509996414185, 25%=0.7414374351501465, 50%=0.7460757493972778, 75%=0.7533048987388611, 90%=0.7597036957740784, 95%=0.7609212398529053, 98%=0.7613658308982849
ranking_best_algo: PBIL
ranking_best_score: 0.733570253046875
ranking_my_rank: 1/504 (100.0%)
ranking_my_percent: 100.0
