ConfigName: kjsd__advperagentrankweighted__M5__L10__eps0p005__g0p0003__ds0p05__dm0p05
Problem: NK
Kernel: jsd
Advantage: peragentrankweighted
M: 5
lambda: 10
epsilon_svgd: 0.005
gamma: 0.0003
decay_start_ratio: 0.05
decay_min_factor: 0.05
bandwith_kernel: None
no_interact: False
avg_score: 0.7070111036300659
median_score: 0.7102013230323792
std_score: 0.011986225843429565
percentiles: 2%=0.6881702542304993, 5%=0.6885867118835449, 10%=0.6908130645751953, 25%=0.6952635049819946, 50%=0.7102013230323792, 75%=0.7180038690567017, 90%=0.7210713624954224, 95%=0.7225276231765747, 98%=0.723003089427948
ranking_best_algo: PBIL
ranking_best_score: 0.7013553837109374
ranking_my_rank: 1/504 (100.0%)
ranking_my_percent: 100.0
