ConfigName: kjsd__advperagentrankweighted__M3__L16__eps0p01__g0p001__ds0p1__dm0p05
Problem: NK
Kernel: jsd
Advantage: peragentrankweighted
M: 3
lambda: 16
epsilon_svgd: 0.01
gamma: 0.001
decay_start_ratio: 0.1
decay_min_factor: 0.05
bandwith_kernel: None
no_interact: False
avg_score: 0.7483891248703003
median_score: 0.7484257221221924
std_score: 0.0105369184166193
percentiles: 2%=0.7296372652053833, 5%=0.7316478490829468, 10%=0.7353217601776123, 25%=0.739931583404541, 50%=0.7484257221221924, 75%=0.755866289138794, 90%=0.7616079449653625, 95%=0.7649664878845215, 98%=0.7689975500106812
ranking_best_algo: PBIL
ranking_best_score: 0.733570253046875
ranking_my_rank: 1/504 (100.0%)
ranking_my_percent: 100.0
