ConfigName: kjsd__advperagentrankweighted__M3__L30__eps0p005__g0p0005__ds0p2__dm0p05
Problem: QUBO
Kernel: jsd
Advantage: peragentrankweighted
M: 3
lambda: 30
epsilon_svgd: 0.005
gamma: 0.0005
decay_start_ratio: 0.2
decay_min_factor: 0.05
bandwith_kernel: None
no_interact: False
avg_score: -3286.02001953125
median_score: -3288.0
std_score: 128.04234313964844
percentiles: 2%=-3552.300048828125, 5%=-3511.050048828125, 10%=-3438.199951171875, 25%=-3366.5, 50%=-3288.0, 75%=-3197.5, 90%=-3127.699951171875, 95%=-3101.10009765625, 98%=-3035.8798828125
ranking_best_algo: RLSOnePlusOne
ranking_best_score: 3316.5199999999995
ranking_my_rank: 3/504 (99.6%)
ranking_my_percent: 99.60317460317461
