ConfigName: krbf__advnormalizedfitness__M2__L8__eps0p033__g0p015__ds0p3__dm0p01
Problem: QUBO
Kernel: rbf
Advantage: normalizedfitness
M: 2
lambda: 8
epsilon_svgd: 0.033
gamma: 0.015
decay_start_ratio: 0.3
decay_min_factor: 0.01
bandwith_kernel: None
no_interact: False
avg_score: -2630.919921875
median_score: -2625.0
std_score: 109.15728759765625
percentiles: 2%=-2813.52001953125, 5%=-2808.10009765625, 10%=-2779.300048828125, 25%=-2700.25, 50%=-2625.0, 75%=-2553.75, 90%=-2501.800048828125, 95%=-2463.35009765625, 98%=-2403.919921875
ranking_best_algo: DiscreteLengler2OnePlusOne
ranking_best_score: 2617.04
ranking_my_rank: 1/504 (100.0%)
ranking_my_percent: 100.0
