ConfigName: kjsd__advperagentrankweighted__M4__L10__eps0p005__g0p0003__ds0p2__dm0p05
Problem: QUBO
Kernel: jsd
Advantage: peragentrankweighted
M: 4
lambda: 10
epsilon_svgd: 0.005
gamma: 0.0003
decay_start_ratio: 0.2
decay_min_factor: 0.05
bandwith_kernel: None
no_interact: False
avg_score: -411.260009765625
median_score: -412.0
std_score: 23.919288635253906
percentiles: 2%=-455.0400085449219, 5%=-453.04998779296875, 10%=-449.0, 25%=-424.0, 50%=-412.0, 75%=-392.0, 90%=-382.0, 95%=-375.95001220703125, 98%=-363.9599914550781
ranking_best_algo: Tabu
ranking_best_score: 438.12
ranking_my_rank: 80/504 (84.3%)
ranking_my_percent: 84.32539682539682
