ConfigName: krbf__advnormalizedfitness__M4__L12__eps0p015__g0p015__ds0p01__dm0p01
Problem: QUBO
Kernel: rbf
Advantage: normalizedfitness
M: 4
lambda: 12
epsilon_svgd: 0.015
gamma: 0.015
decay_start_ratio: 0.01
decay_min_factor: 0.01
bandwith_kernel: None
no_interact: False
avg_score: -849.1199951171875
median_score: -859.0
std_score: 86.4449234008789
percentiles: 2%=-1020.219970703125, 5%=-967.2999877929688, 10%=-953.2000122070312, 25%=-905.75, 50%=-859.0, 75%=-788.0, 90%=-740.9000244140625, 95%=-708.800048828125, 98%=-674.5999145507812
ranking_best_algo: BigLognormalDiscreteOnePlusOne
ranking_best_score: 1301.3600000000004
ranking_my_rank: 323/504 (36.1%)
ranking_my_percent: 36.111111111111114
