ConfigName: kjsd__advperagentrankweighted__M3__L20__eps0p005__g0p0007__ds0p1__dm0p1
Problem: QUBO
Kernel: jsd
Advantage: peragentrankweighted
M: 3
lambda: 20
epsilon_svgd: 0.005
gamma: 0.0007
decay_start_ratio: 0.1
decay_min_factor: 0.1
bandwith_kernel: None
no_interact: False
avg_score: -1242.9000244140625
median_score: -1243.0
std_score: 60.39643859863281
percentiles: 2%=-1356.06005859375, 5%=-1352.0, 10%=-1329.199951171875, 25%=-1278.25, 50%=-1243.0, 75%=-1208.5, 90%=-1163.699951171875, 95%=-1136.699951171875, 98%=-1127.0
ranking_best_algo: SVMMetaModelLogNormal
ranking_best_score: 1233.7999999999997
ranking_my_rank: 1/504 (100.0%)
ranking_my_percent: 100.0
