ConfigName: krbf__advnormalizedfitness__M3__L12__eps0p015__g0p005__ds0p15__dm0p3
Problem: QUBO
Kernel: rbf
Advantage: normalizedfitness
M: 3
lambda: 12
epsilon_svgd: 0.015
gamma: 0.005
decay_start_ratio: 0.15
decay_min_factor: 0.3
bandwith_kernel: None
no_interact: False
avg_score: -148.33999633789062
median_score: -146.0
std_score: 12.550872802734375
percentiles: 2%=-179.0, 5%=-179.0, 10%=-164.0, 25%=-155.0, 50%=-146.0, 75%=-141.0, 90%=-133.89999389648438, 95%=-130.80001831054688, 98%=-124.95999145507812
ranking_best_algo: CMApara
ranking_best_score: 154.28
ranking_my_rank: 84/504 (83.5%)
ranking_my_percent: 83.53174603174604
