ConfigName: kjsd__advperagentrankweighted__M5__L24__eps0p007__g0p0005__ds0p05__dm0p05
Problem: QUBO
Kernel: jsd
Advantage: peragentrankweighted
M: 5
lambda: 24
epsilon_svgd: 0.007
gamma: 0.0005
decay_start_ratio: 0.05
decay_min_factor: 0.05
bandwith_kernel: None
no_interact: False
avg_score: -1230.260009765625
median_score: -1225.5
std_score: 60.63325881958008
percentiles: 2%=-1344.1199951171875, 5%=-1327.3499755859375, 10%=-1309.4000244140625, 25%=-1284.75, 50%=-1225.5, 75%=-1184.0, 90%=-1157.9000244140625, 95%=-1140.800048828125, 98%=-1116.8800048828125
ranking_best_algo: SVMMetaModelLogNormal
ranking_best_score: 1233.7999999999997
ranking_my_rank: 12/504 (97.8%)
ranking_my_percent: 97.81746031746032
