ConfigName: kjsd__advperagentrankweighted__M3__L16__eps0p007__g0p0005__ds0p2__dm0p1
Problem: QUBO
Kernel: jsd
Advantage: peragentrankweighted
M: 3
lambda: 16
epsilon_svgd: 0.007
gamma: 0.0005
decay_start_ratio: 0.2
decay_min_factor: 0.1
bandwith_kernel: None
no_interact: False
avg_score: -322.0799865722656
median_score: -330.0
std_score: 25.343904495239258
percentiles: 2%=-357.0799865722656, 5%=-353.0, 10%=-350.0, 25%=-340.0, 50%=-330.0, 75%=-304.0, 90%=-286.0, 95%=-270.0, 98%=-261.79998779296875
ranking_best_algo: CMApara
ranking_best_score: 344.22
ranking_my_rank: 149/504 (70.6%)
ranking_my_percent: 70.63492063492063
