ConfigName: kjsd__advperagentrankweighted__M4__L8__eps0p03__g0p0005__ds0p2__dm0p05
Problem: QUBO
Kernel: jsd
Advantage: peragentrankweighted
M: 4
lambda: 8
epsilon_svgd: 0.03
gamma: 0.0005
decay_start_ratio: 0.2
decay_min_factor: 0.05
bandwith_kernel: None
no_interact: False
avg_score: -884.52001953125
median_score: -886.0
std_score: 58.649715423583984
percentiles: 2%=-1000.4400024414062, 5%=-975.1500244140625, 10%=-965.0999755859375, 25%=-928.25, 50%=-886.0, 75%=-839.75, 90%=-806.9000244140625, 95%=-795.9500122070312, 98%=-783.5
ranking_best_algo: CMAL3
ranking_best_score: 928.5800000000002
ranking_my_rank: 105/504 (79.4%)
ranking_my_percent: 79.36507936507937
