ConfigName: kjsd__advperagentrankweighted__M4__L10__eps0p005__g0p0005__ds0p4__dm0p05
Problem: QUBO
Kernel: jsd
Advantage: peragentrankweighted
M: 4
lambda: 10
epsilon_svgd: 0.005
gamma: 0.0005
decay_start_ratio: 0.4
decay_min_factor: 0.05
bandwith_kernel: None
no_interact: False
avg_score: -425.55999755859375
median_score: -426.0
std_score: 25.0001277923584
percentiles: 2%=-483.0, 5%=-469.20001220703125, 10%=-456.3999938964844, 25%=-441.0, 50%=-426.0, 75%=-408.75, 90%=-392.6000061035156, 95%=-383.8999938964844, 98%=-379.8800048828125
ranking_best_algo: CMAL3
ranking_best_score: 435.36
ranking_my_rank: 27/504 (94.8%)
ranking_my_percent: 94.84126984126983
