ConfigName: krbf__advnormalizedfitness__M3__L15__eps0p015__g0p01__ds0p3__dm0p01
Problem: QUBO
Kernel: rbf
Advantage: normalizedfitness
M: 3
lambda: 15
epsilon_svgd: 0.015
gamma: 0.01
decay_start_ratio: 0.3
decay_min_factor: 0.01
bandwith_kernel: None
no_interact: False
avg_score: -415.6600036621094
median_score: -414.5
std_score: 29.705293655395508
percentiles: 2%=-472.0199890136719, 5%=-462.1000061035156, 10%=-454.1000061035156, 25%=-438.5, 50%=-414.5, 75%=-396.75, 90%=-375.0, 95%=-363.95001220703125, 98%=-355.9599914550781
ranking_best_algo: CMApara
ranking_best_score: 453.82
ranking_my_rank: 189/504 (62.7%)
ranking_my_percent: 62.698412698412696
