ConfigName: kjsd__advperagentrankweighted__M3__L24__eps0p005__g0p001__ds0p05__dm0p2
Problem: NK
Kernel: jsd
Advantage: peragentrankweighted
M: 3
lambda: 24
epsilon_svgd: 0.005
gamma: 0.001
decay_start_ratio: 0.05
decay_min_factor: 0.2
bandwith_kernel: None
no_interact: False
avg_score: 0.7105908989906311
median_score: 0.7113916873931885
std_score: 0.01512066088616848
percentiles: 2%=0.6731298565864563, 5%=0.6737354397773743, 10%=0.6958496570587158, 25%=0.7073772549629211, 50%=0.7113916873931885, 75%=0.719557523727417, 90%=0.7254353761672974, 95%=0.732516348361969, 98%=0.7332378625869751
ranking_best_algo: CMApara
ranking_best_score: 0.707475975
ranking_my_rank: 1/504 (100.0%)
ranking_my_percent: 100.0
