ConfigName: krbf__advnormalizedfitness__M3__L15__eps0p015__g0p005__ds0p15__dm0p3
Problem: QUBO
Kernel: rbf
Advantage: normalizedfitness
M: 3
lambda: 15
epsilon_svgd: 0.015
gamma: 0.005
decay_start_ratio: 0.15
decay_min_factor: 0.3
bandwith_kernel: None
no_interact: False
avg_score: -2127.93994140625
median_score: -2114.5
std_score: 190.30699157714844
percentiles: 2%=-2562.52001953125, 5%=-2457.25, 10%=-2376.300048828125, 25%=-2235.25, 50%=-2114.5, 75%=-1997.5, 90%=-1915.0, 95%=-1819.800048828125, 98%=-1769.8399658203125
ranking_best_algo: SVM1MetaModelLogNormal
ranking_best_score: 2605.14
ranking_my_rank: 203/504 (59.9%)
ranking_my_percent: 59.92063492063492
