ConfigName: kjsd__advperagentrankweighted__M3__L16__eps0p005__g0p0007__ds0p05__dm0p1
Problem: NK
Kernel: jsd
Advantage: peragentrankweighted
M: 3
lambda: 16
epsilon_svgd: 0.005
gamma: 0.0007
decay_start_ratio: 0.05
decay_min_factor: 0.1
bandwith_kernel: None
no_interact: False
avg_score: 0.7333875894546509
median_score: 0.7345170974731445
std_score: 0.009377827867865562
percentiles: 2%=0.7146902680397034, 5%=0.7175014615058899, 10%=0.7206631302833557, 25%=0.7264776229858398, 50%=0.7345170974731445, 75%=0.7387116551399231, 90%=0.7465052604675293, 95%=0.7483032941818237, 98%=0.748816728591919
ranking_best_algo: Tabu
ranking_best_score: 0.7429702712499999
ranking_my_rank: 2/504 (99.8%)
ranking_my_percent: 99.8015873015873
