ConfigName: krbf__advnormalizedfitness__M1__L8__eps0p015__g0p005__ds0p3__dm0p01
Problem: QUBO
Kernel: rbf
Advantage: normalizedfitness
M: 1
lambda: 8
epsilon_svgd: 0.015
gamma: 0.005
decay_start_ratio: 0.3
decay_min_factor: 0.01
bandwith_kernel: None
no_interact: False
avg_score: -192.3800048828125
median_score: -191.0
std_score: 14.273597717285156
percentiles: 2%=-221.02000427246094, 5%=-215.0500030517578, 10%=-211.1999969482422, 25%=-203.0, 50%=-191.0, 75%=-182.0, 90%=-173.0, 95%=-170.95001220703125, 98%=-165.91998291015625
ranking_best_algo: Tabu
ranking_best_score: 208.36000000000004
ranking_my_rank: 228/504 (55.0%)
ranking_my_percent: 54.96031746031746
