ConfigName: krbf__advnormalizedfitness__M4__L10__eps0p033__g0p005__ds0p3__dm0p01
Problem: QUBO
Kernel: rbf
Advantage: normalizedfitness
M: 4
lambda: 10
epsilon_svgd: 0.033
gamma: 0.005
decay_start_ratio: 0.3
decay_min_factor: 0.01
bandwith_kernel: None
no_interact: False
avg_score: -1546.0400390625
median_score: -1548.0
std_score: 91.75303649902344
percentiles: 2%=-1745.3800048828125, 5%=-1703.199951171875, 10%=-1652.4000244140625, 25%=-1604.0, 50%=-1548.0, 75%=-1483.0, 90%=-1422.800048828125, 95%=-1390.5, 98%=-1370.8800048828125
ranking_best_algo: NLOPT_LN_PRAXIS
ranking_best_score: 1607.12
ranking_my_rank: 53/504 (89.7%)
ranking_my_percent: 89.68253968253968
