ConfigName: kjsd__advperagentrankweighted__M3__L18__eps0p007__g0p003__ds0p2__dm0p1
Problem: QUBO
Kernel: jsd
Advantage: peragentrankweighted
M: 3
lambda: 18
epsilon_svgd: 0.007
gamma: 0.003
decay_start_ratio: 0.2
decay_min_factor: 0.1
bandwith_kernel: None
no_interact: False
avg_score: -1219.699951171875
median_score: -1213.0
std_score: 74.30511474609375
percentiles: 2%=-1355.1400146484375, 5%=-1339.25, 10%=-1313.0, 25%=-1279.0, 50%=-1213.0, 75%=-1156.5, 90%=-1126.800048828125, 95%=-1107.949951171875, 98%=-1068.9599609375
ranking_best_algo: BigLognormalDiscreteOnePlusOne
ranking_best_score: 1301.3600000000004
ranking_my_rank: 71/504 (86.1%)
ranking_my_percent: 86.11111111111111
