ConfigName: krbf__advnormalizedfitness__M2__L8__eps0p033__g0p01__ds0p15__dm0p01
Problem: QUBO
Kernel: rbf
Advantage: normalizedfitness
M: 2
lambda: 8
epsilon_svgd: 0.033
gamma: 0.01
decay_start_ratio: 0.15
decay_min_factor: 0.01
bandwith_kernel: None
no_interact: False
avg_score: -1184.780029296875
median_score: -1181.5
std_score: 69.09712219238281
percentiles: 2%=-1349.1199951171875, 5%=-1287.199951171875, 10%=-1277.0999755859375, 25%=-1235.0, 50%=-1181.5, 75%=-1139.0, 90%=-1091.5999755859375, 95%=-1075.550048828125, 98%=-1053.9200439453125
ranking_best_algo: Tabu
ranking_best_score: 1216.16
ranking_my_rank: 64/504 (87.5%)
ranking_my_percent: 87.5
