ConfigName: krbf__advnormalizedfitness__M3__L12__eps0p015__g0p007__ds0p01__dm0p01
Problem: NK
Kernel: rbf
Advantage: normalizedfitness
M: 3
lambda: 12
epsilon_svgd: 0.015
gamma: 0.007
decay_start_ratio: 0.01
decay_min_factor: 0.01
bandwith_kernel: None
no_interact: False
avg_score: 0.7370731830596924
median_score: 0.7382270097732544
std_score: 0.01368408277630806
percentiles: 2%=0.7100399732589722, 5%=0.7166877388954163, 10%=0.7192047238349915, 25%=0.7267321348190308, 50%=0.7382270097732544, 75%=0.7468623518943787, 90%=0.7528430819511414, 95%=0.7597252130508423, 98%=0.7665494680404663
ranking_best_algo: PBIL
ranking_best_score: 0.733570253046875
ranking_my_rank: 1/504 (100.0%)
ranking_my_percent: 100.0
