ConfigName: krbf__advnormalizedfitness__M3__L8__eps0p01__g0p001__ds0p05__dm0p05
Problem: NK
Kernel: rbf
Advantage: normalizedfitness
M: 3
lambda: 8
epsilon_svgd: 0.01
gamma: 0.001
decay_start_ratio: 0.05
decay_min_factor: 0.05
bandwith_kernel: None
no_interact: False
avg_score: 0.7327918410301208
median_score: 0.7332255840301514
std_score: 0.009426484815776348
percentiles: 2%=0.7154408693313599, 5%=0.7170428037643433, 10%=0.7195878624916077, 25%=0.7266678810119629, 50%=0.7332255840301514, 75%=0.7393030524253845, 90%=0.7444409132003784, 95%=0.7466617226600647, 98%=0.7516535520553589
ranking_best_algo: PBIL
ranking_best_score: 0.730509098125
ranking_my_rank: 1/504 (100.0%)
ranking_my_percent: 100.0
