ConfigName: kjsd__advperagentrankweighted__M3__L24__eps0p005__g0p0005__ds0p05__dm0p1
Problem: QUBO
Kernel: jsd
Advantage: peragentrankweighted
M: 3
lambda: 24
epsilon_svgd: 0.005
gamma: 0.0005
decay_start_ratio: 0.05
decay_min_factor: 0.1
bandwith_kernel: None
no_interact: False
avg_score: -913.219970703125
median_score: -911.0
std_score: 61.58808135986328
percentiles: 2%=-1051.02001953125, 5%=-1008.0499877929688, 10%=-994.0999755859375, 25%=-953.0, 50%=-911.0, 75%=-870.75, 90%=-832.0, 95%=-807.0, 98%=-792.9000244140625
ranking_best_algo: CMAL3
ranking_best_score: 928.5800000000002
ranking_my_rank: 18/504 (96.6%)
ranking_my_percent: 96.62698412698413
