ConfigName: kjsd__advperagentrankweighted__M4__L12__eps0p03__g0p0007__ds0p05__dm0p05
Problem: QUBO
Kernel: jsd
Advantage: peragentrankweighted
M: 4
lambda: 12
epsilon_svgd: 0.03
gamma: 0.0007
decay_start_ratio: 0.05
decay_min_factor: 0.05
bandwith_kernel: None
no_interact: False
avg_score: -928.0999755859375
median_score: -928.0
std_score: 67.11103057861328
percentiles: 2%=-1048.0400390625, 5%=-1032.449951171875, 10%=-1009.2000122070312, 25%=-982.75, 50%=-928.0, 75%=-883.0, 90%=-838.5999755859375, 95%=-806.9000244140625, 98%=-796.6400146484375
ranking_best_algo: CMApara
ranking_best_score: 964.9
ranking_my_rank: 21/504 (96.0%)
ranking_my_percent: 96.03174603174604
