ConfigName: kjsd__advperagentrankweighted__M4__L10__eps0p01__g0p0007__ds0p05__dm0p05
Problem: NK
Kernel: jsd
Advantage: peragentrankweighted
M: 4
lambda: 10
epsilon_svgd: 0.01
gamma: 0.0007
decay_start_ratio: 0.05
decay_min_factor: 0.05
bandwith_kernel: None
no_interact: False
avg_score: 0.7060699462890625
median_score: 0.7085602283477783
std_score: 0.011998909525573254
percentiles: 2%=0.6867640614509583, 5%=0.688238799571991, 10%=0.6894164681434631, 25%=0.6945899724960327, 50%=0.7085602283477783, 75%=0.7164890766143799, 90%=0.7202810645103455, 95%=0.7220278978347778, 98%=0.7230774164199829
ranking_best_algo: PBIL
ranking_best_score: 0.7013553837109374
ranking_my_rank: 1/504 (100.0%)
ranking_my_percent: 100.0
