ConfigName: krbf__advnormalizedfitness__M3__L24__eps0p03__g0p01__ds0p05__dm0p05
Problem: QUBO
Kernel: rbf
Advantage: normalizedfitness
M: 3
lambda: 24
epsilon_svgd: 0.03
gamma: 0.01
decay_start_ratio: 0.05
decay_min_factor: 0.05
bandwith_kernel: None
no_interact: False
avg_score: -1148.06005859375
median_score: -1144.0
std_score: 80.18862915039062
percentiles: 2%=-1314.1199951171875, 5%=-1294.050048828125, 10%=-1255.0, 25%=-1204.0, 50%=-1144.0, 75%=-1090.5, 90%=-1056.5999755859375, 95%=-1019.75, 98%=-995.6599731445312
ranking_best_algo: BigLognormalDiscreteOnePlusOne
ranking_best_score: 1301.3600000000004
ranking_my_rank: 155/504 (69.4%)
ranking_my_percent: 69.44444444444444
