ConfigName: krbf__advnormalizedfitness__M5__L8__eps0p03__g0p01__ds0p05__dm0p05
Problem: NK
Kernel: rbf
Advantage: normalizedfitness
M: 5
lambda: 8
epsilon_svgd: 0.03
gamma: 0.01
decay_start_ratio: 0.05
decay_min_factor: 0.05
bandwith_kernel: None
no_interact: False
avg_score: 0.7028982639312744
median_score: 0.7038946747779846
std_score: 0.012288490310311317
percentiles: 2%=0.6816924810409546, 5%=0.6843932867050171, 10%=0.6861187219619751, 25%=0.6912721395492554, 50%=0.7038946747779846, 75%=0.7134970426559448, 90%=0.7183109521865845, 95%=0.7205652594566345, 98%=0.7222493290901184
ranking_best_algo: PBIL
ranking_best_score: 0.7013553837109374
ranking_my_rank: 1/504 (100.0%)
ranking_my_percent: 100.0
