ConfigName: krbf__advnormalizedfitness__M2__L8__eps0p033__g0p015__ds0p01__dm0p01
Problem: QUBO
Kernel: rbf
Advantage: normalizedfitness
M: 2
lambda: 8
epsilon_svgd: 0.033
gamma: 0.015
decay_start_ratio: 0.01
decay_min_factor: 0.01
bandwith_kernel: None
no_interact: False
avg_score: -3293.080078125
median_score: -3299.0
std_score: 125.81952667236328
percentiles: 2%=-3530.179931640625, 5%=-3488.25, 10%=-3438.5, 25%=-3385.75, 50%=-3299.0, 75%=-3194.5, 90%=-3138.300048828125, 95%=-3106.0, 98%=-3047.719970703125
ranking_best_algo: RLSOnePlusOne
ranking_best_score: 3316.5199999999995
ranking_my_rank: 3/504 (99.6%)
ranking_my_percent: 99.60317460317461
