ConfigName: kjsd__advperagentrankweighted__M4__L30__eps0p01__g0p0007__ds0p05__dm0p05
Problem: NK
Kernel: jsd
Advantage: peragentrankweighted
M: 4
lambda: 30
epsilon_svgd: 0.01
gamma: 0.0007
decay_start_ratio: 0.05
decay_min_factor: 0.05
bandwith_kernel: None
no_interact: False
avg_score: 0.7590932250022888
median_score: 0.7584354877471924
std_score: 0.012248491868376732
percentiles: 2%=0.7336791753768921, 5%=0.7428842186927795, 10%=0.7445001602172852, 25%=0.7504769563674927, 50%=0.7584354877471924, 75%=0.7692709565162659, 90%=0.7756014466285706, 95%=0.7790662050247192, 98%=0.7817657589912415
ranking_best_algo: Tabu
ranking_best_score: 0.7470791764843752
ranking_my_rank: 1/504 (100.0%)
ranking_my_percent: 100.0
