ConfigName: kjsd__advperagentrankweighted__M3__L18__eps0p005__g0p0007__ds0p05__dm0p1
Problem: QUBO
Kernel: jsd
Advantage: peragentrankweighted
M: 3
lambda: 18
epsilon_svgd: 0.005
gamma: 0.0007
decay_start_ratio: 0.05
decay_min_factor: 0.1
bandwith_kernel: None
no_interact: False
avg_score: -138.02000427246094
median_score: -138.0
std_score: 12.178653717041016
percentiles: 2%=-159.02000427246094, 5%=-158.0, 10%=-155.0, 25%=-146.0, 50%=-138.0, 75%=-129.0, 90%=-122.9000015258789, 95%=-119.0, 98%=-112.91999816894531
ranking_best_algo: DiscreteDE
ranking_best_score: 143.4
ranking_my_rank: 116/504 (77.2%)
ranking_my_percent: 77.18253968253968
