ConfigName: kjsd__advperagentrankweighted__M4__L24__eps0p005__g0p0007__ds0p2__dm0p05
Problem: NK
Kernel: jsd
Advantage: peragentrankweighted
M: 4
lambda: 24
epsilon_svgd: 0.005
gamma: 0.0007
decay_start_ratio: 0.2
decay_min_factor: 0.05
bandwith_kernel: None
no_interact: False
avg_score: 0.7552294731140137
median_score: 0.7563066482543945
std_score: 0.015153943561017513
percentiles: 2%=0.7241719365119934, 5%=0.7284700274467468, 10%=0.7352550029754639, 25%=0.7450188398361206, 50%=0.7563066482543945, 75%=0.7673760652542114, 90%=0.772254228591919, 95%=0.7790628671646118, 98%=0.7831211686134338
ranking_best_algo: Tabu
ranking_best_score: 0.7657846284375001
ranking_my_rank: 5/504 (99.2%)
ranking_my_percent: 99.2063492063492
