ConfigName: krbf__advnormalizedfitness__M5__L8__eps0p03__g0p01__ds0p05__dm0p05
Problem: QUBO
Kernel: rbf
Advantage: normalizedfitness
M: 5
lambda: 8
epsilon_svgd: 0.03
gamma: 0.01
decay_start_ratio: 0.05
decay_min_factor: 0.05
bandwith_kernel: None
no_interact: False
avg_score: -335.9599914550781
median_score: -340.0
std_score: 20.216785430908203
percentiles: 2%=-372.0, 5%=-372.0, 10%=-357.3999938964844, 25%=-349.25, 50%=-340.0, 75%=-324.0, 90%=-307.6000061035156, 95%=-297.8999938964844, 98%=-289.9599914550781
ranking_best_algo: CMApara
ranking_best_score: 344.22
ranking_my_rank: 55/504 (89.3%)
ranking_my_percent: 89.28571428571429
