ConfigName: krbf__advnormalizedfitness__M3__L15__eps0p033__g0p015__ds0p01__dm0p01
Problem: NK
Kernel: rbf
Advantage: normalizedfitness
M: 3
lambda: 15
epsilon_svgd: 0.033
gamma: 0.015
decay_start_ratio: 0.01
decay_min_factor: 0.01
bandwith_kernel: None
no_interact: False
avg_score: 0.7303625345230103
median_score: 0.7327011823654175
std_score: 0.01004007738083601
percentiles: 2%=0.7070741057395935, 5%=0.7084870338439941, 10%=0.7152286767959595, 25%=0.7252989411354065, 50%=0.7327011823654175, 75%=0.7376656532287598, 90%=0.7417984008789062, 95%=0.743395984172821, 98%=0.74395352602005
ranking_best_algo: PBIL
ranking_best_score: 0.7248786399609374
ranking_my_rank: 1/504 (100.0%)
ranking_my_percent: 100.0
