ConfigName: kjsd__advperagentrankweighted__M3__L16__eps0p007__g0p001__ds0p05__dm0p1
Problem: NK
Kernel: jsd
Advantage: peragentrankweighted
M: 3
lambda: 16
epsilon_svgd: 0.007
gamma: 0.001
decay_start_ratio: 0.05
decay_min_factor: 0.1
bandwith_kernel: None
no_interact: False
avg_score: 0.742455244064331
median_score: 0.7419852018356323
std_score: 0.013687068596482277
percentiles: 2%=0.7195944786071777, 5%=0.7209722399711609, 10%=0.724567174911499, 25%=0.7328658699989319, 50%=0.7419852018356323, 75%=0.7510383725166321, 90%=0.7612941265106201, 95%=0.7662109136581421, 98%=0.7701683044433594
ranking_best_algo: Tabu
ranking_best_score: 0.7601875690625
ranking_my_rank: 11/504 (98.0%)
ranking_my_percent: 98.01587301587301
