ConfigName: kjsd__advperagentrankweighted__M3__L20__eps0p007__g0p003__ds0p1__dm0p2
Problem: NK
Kernel: jsd
Advantage: peragentrankweighted
M: 3
lambda: 20
epsilon_svgd: 0.007
gamma: 0.003
decay_start_ratio: 0.1
decay_min_factor: 0.2
bandwith_kernel: None
no_interact: False
avg_score: 0.7246506214141846
median_score: 0.7249248027801514
std_score: 0.017195947468280792
percentiles: 2%=0.6945270299911499, 5%=0.6972734928131104, 10%=0.7023900747299194, 25%=0.7104096412658691, 50%=0.7249248027801514, 75%=0.737158477306366, 90%=0.7476128935813904, 95%=0.7524819374084473, 98%=0.7555325031280518
ranking_best_algo: Tabu
ranking_best_score: 0.7601875690625
ranking_my_rank: 117/504 (77.0%)
ranking_my_percent: 76.98412698412699
