ConfigName: krbf__advnormalizedfitness__M4__L24__eps0p01__g0p002__ds0p05__dm0p05
Problem: QUBO
Kernel: rbf
Advantage: normalizedfitness
M: 4
lambda: 24
epsilon_svgd: 0.01
gamma: 0.002
decay_start_ratio: 0.05
decay_min_factor: 0.05
bandwith_kernel: None
no_interact: False
avg_score: -900.7000122070312
median_score: -889.0
std_score: 73.3935317993164
percentiles: 2%=-1055.1400146484375, 5%=-1034.5999755859375, 10%=-1004.2999877929688, 25%=-947.25, 50%=-889.0, 75%=-854.75, 90%=-824.7000122070312, 95%=-780.0999755859375, 98%=-750.9600219726562
ranking_best_algo: CMApara
ranking_best_score: 964.9
ranking_my_rank: 119/504 (76.6%)
ranking_my_percent: 76.58730158730158
