ConfigName: kjsd__advperagentrankweighted__M3__L24__eps0p005__g0p001__ds0p1__dm0p1
Problem: QUBO
Kernel: jsd
Advantage: peragentrankweighted
M: 3
lambda: 24
epsilon_svgd: 0.005
gamma: 0.001
decay_start_ratio: 0.1
decay_min_factor: 0.1
bandwith_kernel: None
no_interact: False
avg_score: -138.83999633789062
median_score: -141.0
std_score: 11.475817680358887
percentiles: 2%=-159.0, 5%=-158.0, 10%=-152.10000610351562, 25%=-146.0, 50%=-141.0, 75%=-130.0, 90%=-124.80000305175781, 95%=-116.94999694824219, 98%=-114.91999816894531
ranking_best_algo: DiscreteDE
ranking_best_score: 143.4
ranking_my_rank: 95/504 (81.3%)
ranking_my_percent: 81.34920634920636
