ConfigName: kjsd__advperagentrankweighted__M6__L8__eps0p02__g0p0003__ds0p05__dm0p05
Problem: QUBO
Kernel: jsd
Advantage: peragentrankweighted
M: 6
lambda: 8
epsilon_svgd: 0.02
gamma: 0.0003
decay_start_ratio: 0.05
decay_min_factor: 0.05
bandwith_kernel: None
no_interact: False
avg_score: -413.0799865722656
median_score: -413.0
std_score: 24.923755645751953
percentiles: 2%=-469.0400085449219, 5%=-453.20001220703125, 10%=-444.20001220703125, 25%=-430.0, 50%=-413.0, 75%=-395.5, 90%=-382.0, 95%=-371.8999938964844, 98%=-366.0
ranking_best_algo: Tabu
ranking_best_score: 438.12
ranking_my_rank: 60/504 (88.3%)
ranking_my_percent: 88.2936507936508
