ConfigName: kfr__advglobalrankweighted__M6__L9__eps0p015__g0p003__ds0p01__dm0p01
Problem: QUBO
Kernel: fr
Advantage: globalrankweighted
M: 6
lambda: 9
epsilon_svgd: 0.015
gamma: 0.003
decay_start_ratio: 0.01
decay_min_factor: 0.01
bandwith_kernel: None
no_interact: False
avg_score: -1231.0999755859375
median_score: -1234.0
std_score: 73.082763671875
percentiles: 2%=-1373.199951171875, 5%=-1353.5, 10%=-1327.0999755859375, 25%=-1276.0, 50%=-1234.0, 75%=-1180.0, 90%=-1131.5, 95%=-1111.75, 98%=-1104.9599609375
ranking_best_algo: BigLognormalDiscreteOnePlusOne
ranking_best_score: 1301.3600000000004
ranking_my_rank: 67/504 (86.9%)
ranking_my_percent: 86.9047619047619
