ConfigName: kjsd__advperagentrankweighted__M5__L8__eps0p005__g0p0007__ds0p4__dm0p05
Problem: QUBO
Kernel: jsd
Advantage: peragentrankweighted
M: 5
lambda: 8
epsilon_svgd: 0.005
gamma: 0.0007
decay_start_ratio: 0.4
decay_min_factor: 0.05
bandwith_kernel: None
no_interact: False
avg_score: -3255.02001953125
median_score: -3253.0
std_score: 143.55514526367188
percentiles: 2%=-3528.02001953125, 5%=-3517.35009765625, 10%=-3457.10009765625, 25%=-3343.5, 50%=-3253.0, 75%=-3159.0, 90%=-3072.800048828125, 95%=-3052.300048828125, 98%=-3008.60009765625
ranking_best_algo: RLSOnePlusOne
ranking_best_score: 3316.5199999999995
ranking_my_rank: 40/504 (92.3%)
ranking_my_percent: 92.26190476190476
