ConfigName: kjsd__advperagentrankweighted__M3__L16__eps0p01__g0p0007__ds0p05__dm0p05
Problem: NK
Kernel: jsd
Advantage: peragentrankweighted
M: 3
lambda: 16
epsilon_svgd: 0.01
gamma: 0.0007
decay_start_ratio: 0.05
decay_min_factor: 0.05
bandwith_kernel: None
no_interact: False
avg_score: 0.7064827680587769
median_score: 0.707711935043335
std_score: 0.011533251032233238
percentiles: 2%=0.6880876421928406, 5%=0.6889047622680664, 10%=0.6910478472709656, 25%=0.6957439184188843, 50%=0.707711935043335, 75%=0.7174490690231323, 90%=0.7202624678611755, 95%=0.721274733543396, 98%=0.7227426171302795
ranking_best_algo: PBIL
ranking_best_score: 0.7013553837109374
ranking_my_rank: 1/504 (100.0%)
ranking_my_percent: 100.0
