ConfigName: kjsd__advperagentrankweighted__M8__L10__eps0p008__g0p0005__ds0p3__dm0p05
Problem: QUBO
Kernel: jsd
Advantage: peragentrankweighted
M: 8
lambda: 10
epsilon_svgd: 0.008
gamma: 0.0005
decay_start_ratio: 0.3
decay_min_factor: 0.05
bandwith_kernel: None
no_interact: False
avg_score: -432.6600036621094
median_score: -432.0
std_score: 26.781417846679688
percentiles: 2%=-481.0400085449219, 5%=-473.20001220703125, 10%=-469.20001220703125, 25%=-450.25, 50%=-432.0, 75%=-413.75, 90%=-396.0, 95%=-389.8999938964844, 98%=-382.9800109863281
ranking_best_algo: CMAL3
ranking_best_score: 435.36
ranking_my_rank: 2/504 (99.8%)
ranking_my_percent: 99.8015873015873
