ConfigName: kjsd__advperagentrankweighted__M3__L20__eps0p007__g0p0005__ds0p2__dm0p05
Problem: QUBO
Kernel: jsd
Advantage: peragentrankweighted
M: 3
lambda: 20
epsilon_svgd: 0.007
gamma: 0.0005
decay_start_ratio: 0.2
decay_min_factor: 0.05
bandwith_kernel: None
no_interact: False
avg_score: -909.0999755859375
median_score: -906.0
std_score: 64.2041244506836
percentiles: 2%=-1028.1199951171875, 5%=-1007.0499877929688, 10%=-995.2000122070312, 25%=-965.0, 50%=-906.0, 75%=-865.0, 90%=-826.7999877929688, 95%=-809.8499755859375, 98%=-783.8200073242188
ranking_best_algo: CMAL3
ranking_best_score: 928.5800000000002
ranking_my_rank: 29/504 (94.4%)
ranking_my_percent: 94.44444444444444
