ConfigName: kjsd__advperagentrankweighted__M3__L30__eps0p007__g0p001__ds0p1__dm0p05
Problem: NK
Kernel: jsd
Advantage: peragentrankweighted
M: 3
lambda: 30
epsilon_svgd: 0.007
gamma: 0.001
decay_start_ratio: 0.1
decay_min_factor: 0.05
bandwith_kernel: None
no_interact: False
avg_score: 0.7378872036933899
median_score: 0.7396270036697388
std_score: 0.009329060092568398
percentiles: 2%=0.7182567119598389, 5%=0.7211707234382629, 10%=0.7233144640922546, 25%=0.7313066720962524, 50%=0.7396270036697388, 75%=0.7438536882400513, 90%=0.7485847473144531, 95%=0.7524285912513733, 98%=0.7556403279304504
ranking_best_algo: PBIL
ranking_best_score: 0.730509098125
ranking_my_rank: 1/504 (100.0%)
ranking_my_percent: 100.0
