ConfigName: kjsd__advperagentrankweighted__M4__L20__eps0p005__g0p0005__ds0p05__dm0p1
Problem: QUBO
Kernel: jsd
Advantage: peragentrankweighted
M: 4
lambda: 20
epsilon_svgd: 0.005
gamma: 0.0005
decay_start_ratio: 0.05
decay_min_factor: 0.1
bandwith_kernel: None
no_interact: False
avg_score: -1619.199951171875
median_score: -1612.5
std_score: 64.74889373779297
percentiles: 2%=-1763.260009765625, 5%=-1728.3499755859375, 10%=-1700.4000244140625, 25%=-1662.25, 50%=-1612.5, 75%=-1568.75, 90%=-1539.0, 95%=-1528.5, 98%=-1502.93994140625
ranking_best_algo: NLOPT_LN_PRAXIS
ranking_best_score: 1607.12
ranking_my_rank: 1/504 (100.0%)
ranking_my_percent: 100.0
