ConfigName: kfr__advglobalrankweighted__M4__L5__eps0p01__g0p001__ds0p01__dm0p01
Problem: QUBO
Kernel: fr
Advantage: globalrankweighted
M: 4
lambda: 5
epsilon_svgd: 0.01
gamma: 0.001
decay_start_ratio: 0.01
decay_min_factor: 0.01
bandwith_kernel: None
no_interact: False
avg_score: -434.8399963378906
median_score: -436.0
std_score: 25.279525756835938
percentiles: 2%=-483.0799865722656, 5%=-470.1000061035156, 10%=-467.0, 25%=-453.0, 50%=-436.0, 75%=-414.75, 90%=-405.8999938964844, 95%=-394.95001220703125, 98%=-383.9800109863281
ranking_best_algo: CMApara
ranking_best_score: 453.82
ranking_my_rank: 38/504 (92.7%)
ranking_my_percent: 92.65873015873017
