ConfigName: krbf__advnormalizedfitness__M4__L8__eps0p025__g0p005__ds0p15__dm0p01
Problem: NK
Kernel: rbf
Advantage: normalizedfitness
M: 4
lambda: 8
epsilon_svgd: 0.025
gamma: 0.005
decay_start_ratio: 0.15
decay_min_factor: 0.01
bandwith_kernel: None
no_interact: False
avg_score: 0.7069149017333984
median_score: 0.70720374584198
std_score: 0.011720283888280392
percentiles: 2%=0.6871513724327087, 5%=0.6874524354934692, 10%=0.6921389102935791, 25%=0.6961041688919067, 50%=0.70720374584198, 75%=0.7170431613922119, 90%=0.720946729183197, 95%=0.7230249643325806, 98%=0.7245171666145325
ranking_best_algo: PBIL
ranking_best_score: 0.7013553837109374
ranking_my_rank: 1/504 (100.0%)
ranking_my_percent: 100.0
