ConfigName: kfr__advglobalrankweighted__M1__L10__eps0p01__g0p005__ds0p01__dm0p01
Problem: QUBO
Kernel: fr
Advantage: globalrankweighted
M: 1
lambda: 10
epsilon_svgd: 0.01
gamma: 0.005
decay_start_ratio: 0.01
decay_min_factor: 0.01
bandwith_kernel: None
no_interact: False
avg_score: -191.63999938964844
median_score: -191.0
std_score: 14.30490779876709
percentiles: 2%=-222.0, 5%=-215.10000610351562, 10%=-209.0, 25%=-202.0, 50%=-191.0, 75%=-181.0, 90%=-171.89999389648438, 95%=-169.95001220703125, 98%=-166.9399871826172
ranking_best_algo: Tabu
ranking_best_score: 208.36000000000004
ranking_my_rank: 232/504 (54.2%)
ranking_my_percent: 54.166666666666664
