ConfigName: kjsd__advperagentrankweighted__M3__L18__eps0p005__g0p001__ds0p1__dm0p1
Problem: NK
Kernel: jsd
Advantage: peragentrankweighted
M: 3
lambda: 18
epsilon_svgd: 0.005
gamma: 0.001
decay_start_ratio: 0.1
decay_min_factor: 0.1
bandwith_kernel: None
no_interact: False
avg_score: 0.7106326818466187
median_score: 0.7100739479064941
std_score: 0.009426213800907135
percentiles: 2%=0.6953718662261963, 5%=0.6975614428520203, 10%=0.6989344358444214, 25%=0.7036780118942261, 50%=0.7100739479064941, 75%=0.7166061997413635, 90%=0.7231889367103577, 95%=0.7268680930137634, 98%=0.7291234731674194
ranking_best_algo: PBIL
ranking_best_score: 0.7170882103515624
ranking_my_rank: 46/504 (91.1%)
ranking_my_percent: 91.07142857142857
