ConfigName: kjsd__advperagentrankweighted__M3__L20__eps0p007__g0p001__ds0p1__dm0p1
Problem: NK
Kernel: jsd
Advantage: peragentrankweighted
M: 3
lambda: 20
epsilon_svgd: 0.007
gamma: 0.001
decay_start_ratio: 0.1
decay_min_factor: 0.1
bandwith_kernel: None
no_interact: False
avg_score: 0.7362459301948547
median_score: 0.7381242513656616
std_score: 0.009035144001245499
percentiles: 2%=0.7159978151321411, 5%=0.7185271978378296, 10%=0.7214422225952148, 25%=0.7311916947364807, 50%=0.7381242513656616, 75%=0.742807149887085, 90%=0.7465845346450806, 95%=0.7481763958930969, 98%=0.7496464252471924
ranking_best_algo: PBIL
ranking_best_score: 0.7248786399609374
ranking_my_rank: 1/504 (100.0%)
ranking_my_percent: 100.0
