ConfigName: krbf__advnormalizedfitness__M3__L12__eps0p025__g0p007__ds0p3__dm0p01
Problem: QUBO
Kernel: rbf
Advantage: normalizedfitness
M: 3
lambda: 12
epsilon_svgd: 0.025
gamma: 0.007
decay_start_ratio: 0.3
decay_min_factor: 0.01
bandwith_kernel: None
no_interact: False
avg_score: -202.02000427246094
median_score: -201.5
std_score: 12.8545560836792
percentiles: 2%=-224.0, 5%=-222.10000610351562, 10%=-221.0, 25%=-211.0, 50%=-201.5, 75%=-193.0, 90%=-185.0, 95%=-182.0, 98%=-172.0
ranking_best_algo: Tabu
ranking_best_score: 208.36000000000004
ranking_my_rank: 35/504 (93.3%)
ranking_my_percent: 93.25396825396825
