ConfigName: kjsd__advperagentrankweighted__M4__L8__eps0p01__g0p0005__ds0p4__dm0p05
Problem: NK
Kernel: jsd
Advantage: peragentrankweighted
M: 4
lambda: 8
epsilon_svgd: 0.01
gamma: 0.0005
decay_start_ratio: 0.4
decay_min_factor: 0.05
bandwith_kernel: None
no_interact: False
avg_score: 0.7099987864494324
median_score: 0.6971379518508911
std_score: 0.03204542025923729
percentiles: 2%=0.6718233823776245, 5%=0.6731042861938477, 10%=0.675269603729248, 25%=0.681269645690918, 50%=0.6971379518508911, 75%=0.747118353843689, 90%=0.7532056570053101, 95%=0.7613165378570557, 98%=0.7613165378570557
ranking_best_algo: CMApara
ranking_best_score: 0.7118996098437498
ranking_my_rank: 35/504 (93.3%)
ranking_my_percent: 93.25396825396825
