ConfigName: krbf__advnormalizedfitness__M3__L8__eps0p033__g0p015__ds0p01__dm0p3
Problem: NK
Kernel: rbf
Advantage: normalizedfitness
M: 3
lambda: 8
epsilon_svgd: 0.033
gamma: 0.015
decay_start_ratio: 0.01
decay_min_factor: 0.3
bandwith_kernel: None
no_interact: False
avg_score: 0.6901167035102844
median_score: 0.6920956373214722
std_score: 0.023685593158006668
percentiles: 2%=0.6480637192726135, 5%=0.6505012512207031, 10%=0.6607642769813538, 25%=0.67145836353302, 50%=0.6920956373214722, 75%=0.7064269781112671, 90%=0.7219439148902893, 95%=0.7284258008003235, 98%=0.7380658984184265
ranking_best_algo: Tabu
ranking_best_score: 0.7429702712499999
ranking_my_rank: 245/504 (51.6%)
ranking_my_percent: 51.58730158730159
