ConfigName: kjsd__advperagentrankweighted__M8__L12__eps0p008__g0p0005__ds0p05__dm0p05
Problem: QUBO
Kernel: jsd
Advantage: peragentrankweighted
M: 8
lambda: 12
epsilon_svgd: 0.008
gamma: 0.0005
decay_start_ratio: 0.05
decay_min_factor: 0.05
bandwith_kernel: None
no_interact: False
avg_score: -203.94000244140625
median_score: -203.0
std_score: 12.488249778747559
percentiles: 2%=-224.0, 5%=-224.0, 10%=-222.0, 25%=-212.25, 50%=-203.0, 75%=-196.75, 90%=-187.89999389648438, 95%=-181.9499969482422, 98%=-175.9600067138672
ranking_best_algo: Tabu
ranking_best_score: 208.36000000000004
ranking_my_rank: 18/504 (96.6%)
ranking_my_percent: 96.62698412698413
