ConfigName: krbf__advnormalizedfitness__M3__L15__eps0p033__g0p015__ds0p3__dm0p01
Problem: QUBO
Kernel: rbf
Advantage: normalizedfitness
M: 3
lambda: 15
epsilon_svgd: 0.033
gamma: 0.015
decay_start_ratio: 0.3
decay_min_factor: 0.01
bandwith_kernel: None
no_interact: False
avg_score: -416.9800109863281
median_score: -416.0
std_score: 26.604503631591797
percentiles: 2%=-469.0400085449219, 5%=-463.0, 10%=-452.0, 25%=-438.25, 50%=-416.0, 75%=-395.5, 90%=-383.79998779296875, 95%=-379.9000244140625, 98%=-371.8799743652344
ranking_best_algo: Tabu
ranking_best_score: 438.12
ranking_my_rank: 41/504 (92.1%)
ranking_my_percent: 92.06349206349206
