ConfigName: kjsd__advperagentrankweighted__M3__L30__eps0p005__g0p001__ds0p2__dm0p05
Problem: QUBO
Kernel: jsd
Advantage: peragentrankweighted
M: 3
lambda: 30
epsilon_svgd: 0.005
gamma: 0.001
decay_start_ratio: 0.2
decay_min_factor: 0.05
bandwith_kernel: None
no_interact: False
avg_score: -906.5
median_score: -896.0
std_score: 66.19010162353516
percentiles: 2%=-1044.280029296875, 5%=-1027.199951171875, 10%=-985.0, 25%=-954.75, 50%=-896.0, 75%=-858.75, 90%=-826.0, 95%=-818.7999877929688, 98%=-812.6599731445312
ranking_best_algo: CMAL3
ranking_best_score: 928.5800000000002
ranking_my_rank: 60/504 (88.3%)
ranking_my_percent: 88.2936507936508
