ConfigName: krbf__advnormalizedfitness__M3__L15__eps0p033__g0p007__ds0p3__dm0p3
Problem: NK
Kernel: rbf
Advantage: normalizedfitness
M: 3
lambda: 15
epsilon_svgd: 0.033
gamma: 0.007
decay_start_ratio: 0.3
decay_min_factor: 0.3
bandwith_kernel: None
no_interact: False
avg_score: 0.7529853582382202
median_score: 0.7516473531723022
std_score: 0.014048509299755096
percentiles: 2%=0.72513347864151, 5%=0.7321507930755615, 10%=0.7372970581054688, 25%=0.7436782121658325, 50%=0.7516473531723022, 75%=0.7631530165672302, 90%=0.7739060521125793, 95%=0.7758546471595764, 98%=0.7766090035438538
ranking_best_algo: Tabu
ranking_best_score: 0.7470791764843752
ranking_my_rank: 1/504 (100.0%)
ranking_my_percent: 100.0
