ConfigName: kfr__advglobalrankweighted__M2__L10__eps0p015__g0p005__ds0p01__dm0p01
Problem: QUBO
Kernel: fr
Advantage: globalrankweighted
M: 2
lambda: 10
epsilon_svgd: 0.015
gamma: 0.005
decay_start_ratio: 0.01
decay_min_factor: 0.01
bandwith_kernel: None
no_interact: False
avg_score: -436.0799865722656
median_score: -433.0
std_score: 28.503921508789062
percentiles: 2%=-479.260009765625, 5%=-473.1000061035156, 10%=-472.0, 25%=-461.25, 50%=-433.0, 75%=-414.5, 90%=-402.8999938964844, 95%=-392.7500305175781, 98%=-381.75994873046875
ranking_best_algo: CMApara
ranking_best_score: 453.82
ranking_my_rank: 30/504 (94.2%)
ranking_my_percent: 94.24603174603175
