ConfigName: krbf__advnormalizedfitness__M2__L8__eps0p015__g0p005__ds0p01__dm0p01
Problem: QUBO
Kernel: rbf
Advantage: normalizedfitness
M: 2
lambda: 8
epsilon_svgd: 0.015
gamma: 0.005
decay_start_ratio: 0.01
decay_min_factor: 0.01
bandwith_kernel: None
no_interact: False
avg_score: -1616.9000244140625
median_score: -1619.0
std_score: 58.82286834716797
percentiles: 2%=-1743.219970703125, 5%=-1728.0999755859375, 10%=-1682.199951171875, 25%=-1651.5, 50%=-1619.0, 75%=-1575.5, 90%=-1544.800048828125, 95%=-1528.800048828125, 98%=-1506.6600341796875
ranking_best_algo: NLOPT_LN_PRAXIS
ranking_best_score: 1607.12
ranking_my_rank: 1/504 (100.0%)
ranking_my_percent: 100.0
