ConfigName: krbf__advnormalizedfitness__M4__L15__eps0p033__g0p007__ds0p15__dm0p01
Problem: QUBO
Kernel: rbf
Advantage: normalizedfitness
M: 4
lambda: 15
epsilon_svgd: 0.033
gamma: 0.007
decay_start_ratio: 0.15
decay_min_factor: 0.01
bandwith_kernel: None
no_interact: False
avg_score: -2344.179931640625
median_score: -2344.5
std_score: 162.19017028808594
percentiles: 2%=-2641.1201171875, 5%=-2602.300048828125, 10%=-2545.39990234375, 25%=-2489.25, 50%=-2344.5, 75%=-2207.75, 90%=-2130.699951171875, 95%=-2101.949951171875, 98%=-2068.719970703125
ranking_best_algo: SVM1MetaModelLogNormal
ranking_best_score: 2605.14
ranking_my_rank: 142/504 (72.0%)
ranking_my_percent: 72.02380952380952
