ConfigName: kfr__advglobalrankweighted__M5__L11__eps0p02__g0p005__ds0p01__dm0p01
Problem: QUBO
Kernel: fr
Advantage: globalrankweighted
M: 5
lambda: 11
epsilon_svgd: 0.02
gamma: 0.005
decay_start_ratio: 0.01
decay_min_factor: 0.01
bandwith_kernel: None
no_interact: False
avg_score: -422.82000732421875
median_score: -421.0
std_score: 25.70695686340332
percentiles: 2%=-479.0, 5%=-467.20001220703125, 10%=-459.3999938964844, 25%=-439.25, 50%=-421.0, 75%=-405.0, 90%=-390.8999938964844, 95%=-384.95001220703125, 98%=-378.8599853515625
ranking_best_algo: CMAL3
ranking_best_score: 435.36
ranking_my_rank: 33/504 (93.7%)
ranking_my_percent: 93.65079365079364
