ConfigName: krbf__advnormalizedfitness__M4__L10__eps0p02__g0p002__ds0p05__dm0p05
Problem: QUBO
Kernel: rbf
Advantage: normalizedfitness
M: 4
lambda: 10
epsilon_svgd: 0.02
gamma: 0.002
decay_start_ratio: 0.05
decay_min_factor: 0.05
bandwith_kernel: None
no_interact: False
avg_score: -1259.5799560546875
median_score: -1253.5
std_score: 64.83058166503906
percentiles: 2%=-1375.5999755859375, 5%=-1369.0, 10%=-1359.4000244140625, 25%=-1305.5, 50%=-1253.5, 75%=-1214.5, 90%=-1180.5999755859375, 95%=-1160.800048828125, 98%=-1150.8800048828125
ranking_best_algo: BigLognormalDiscreteOnePlusOne
ranking_best_score: 1301.3600000000004
ranking_my_rank: 53/504 (89.7%)
ranking_my_percent: 89.68253968253968
