ConfigName: krbf__advnormalizedfitness__M2__L8__eps0p015__g0p007__ds0p15__dm0p01
Problem: QUBO
Kernel: rbf
Advantage: normalizedfitness
M: 2
lambda: 8
epsilon_svgd: 0.015
gamma: 0.007
decay_start_ratio: 0.15
decay_min_factor: 0.01
bandwith_kernel: None
no_interact: False
avg_score: -327.1000061035156
median_score: -334.0
std_score: 24.40143585205078
percentiles: 2%=-372.0, 5%=-366.29998779296875, 10%=-354.0, 25%=-342.25, 50%=-334.0, 75%=-311.0, 90%=-293.8999938964844, 95%=-280.0, 98%=-277.79998779296875
ranking_best_algo: CMApara
ranking_best_score: 344.22
ranking_my_rank: 111/504 (78.2%)
ranking_my_percent: 78.17460317460318
