ConfigName: kjsd__advperagentrankweighted__M4__L20__eps0p005__g0p0005__ds0p05__dm0p1
Problem: QUBO
Kernel: jsd
Advantage: peragentrankweighted
M: 4
lambda: 20
epsilon_svgd: 0.005
gamma: 0.0005
decay_start_ratio: 0.05
decay_min_factor: 0.1
bandwith_kernel: None
no_interact: False
avg_score: -941.9600219726562
median_score: -937.5
std_score: 64.60231018066406
percentiles: 2%=-1066.1600341796875, 5%=-1056.0, 10%=-1034.0999755859375, 25%=-996.75, 50%=-937.5, 75%=-896.0, 90%=-867.5, 95%=-836.7999877929688, 98%=-822.8400268554688
ranking_best_algo: CMApara
ranking_best_score: 964.9
ranking_my_rank: 4/504 (99.4%)
ranking_my_percent: 99.4047619047619
