ConfigName: kjsd__advperagentrankweighted__M3__L16__eps0p005__g0p003__ds0p2__dm0p05
Problem: NK
Kernel: jsd
Advantage: peragentrankweighted
M: 3
lambda: 16
epsilon_svgd: 0.005
gamma: 0.003
decay_start_ratio: 0.2
decay_min_factor: 0.05
bandwith_kernel: None
no_interact: False
avg_score: 0.7314732074737549
median_score: 0.7310439348220825
std_score: 0.015189687721431255
percentiles: 2%=0.6979263424873352, 5%=0.7019443511962891, 10%=0.7127974033355713, 25%=0.7224371433258057, 50%=0.7310439348220825, 75%=0.7410645484924316, 90%=0.7514110803604126, 95%=0.7551950812339783, 98%=0.7572519183158875
ranking_best_algo: Tabu
ranking_best_score: 0.7601875690625
ranking_my_rank: 41/504 (92.1%)
ranking_my_percent: 92.06349206349206
