ConfigName: kjsd__advperagentrankweighted__M3__L18__eps0p007__g0p0005__ds0p05__dm0p05
Problem: NK
Kernel: jsd
Advantage: peragentrankweighted
M: 3
lambda: 18
epsilon_svgd: 0.007
gamma: 0.0005
decay_start_ratio: 0.05
decay_min_factor: 0.05
bandwith_kernel: None
no_interact: False
avg_score: 0.753092885017395
median_score: 0.7507978677749634
std_score: 0.012993873097002506
percentiles: 2%=0.730678141117096, 5%=0.732223629951477, 10%=0.7360320687294006, 25%=0.7431542873382568, 50%=0.7507978677749634, 75%=0.7634193897247314, 90%=0.7705592513084412, 95%=0.7731952667236328, 98%=0.7749580144882202
ranking_best_algo: Tabu
ranking_best_score: 0.7470791764843752
ranking_my_rank: 1/504 (100.0%)
ranking_my_percent: 100.0
