ConfigName: kjsd__advperagentrankweighted__M5__L8__eps0p005__g0p0003__ds0p2__dm0p05
Problem: QUBO
Kernel: jsd
Advantage: peragentrankweighted
M: 5
lambda: 8
epsilon_svgd: 0.005
gamma: 0.0003
decay_start_ratio: 0.2
decay_min_factor: 0.05
bandwith_kernel: None
no_interact: False
avg_score: -3275.699951171875
median_score: -3274.5
std_score: 109.62439727783203
percentiles: 2%=-3487.9599609375, 5%=-3464.5, 10%=-3423.699951171875, 25%=-3344.25, 50%=-3274.5, 75%=-3191.5, 90%=-3132.89990234375, 95%=-3120.39990234375, 98%=-3096.6201171875
ranking_best_algo: RLSOnePlusOne
ranking_best_score: 3316.5199999999995
ranking_my_rank: 12/504 (97.8%)
ranking_my_percent: 97.81746031746032
