ConfigName: krbf__advnormalizedfitness__M2__L8__eps0p015__g0p01__ds0p01__dm0p3
Problem: QUBO
Kernel: rbf
Advantage: normalizedfitness
M: 2
lambda: 8
epsilon_svgd: 0.015
gamma: 0.01
decay_start_ratio: 0.01
decay_min_factor: 0.3
bandwith_kernel: None
no_interact: False
avg_score: -414.32000732421875
median_score: -416.0
std_score: 30.116731643676758
percentiles: 2%=-477.0, 5%=-463.3999938964844, 10%=-452.1000061035156, 25%=-430.0, 50%=-416.0, 75%=-392.75, 90%=-373.79998779296875, 95%=-366.0, 98%=-361.8800048828125
ranking_best_algo: Tabu
ranking_best_score: 438.12
ranking_my_rank: 56/504 (89.1%)
ranking_my_percent: 89.08730158730158
