ConfigName: krbf__advnormalizedfitness__M4__L15__eps0p03__g0p01__ds0p05__dm0p05
Problem: QUBO
Kernel: rbf
Advantage: normalizedfitness
M: 4
lambda: 15
epsilon_svgd: 0.03
gamma: 0.01
decay_start_ratio: 0.05
decay_min_factor: 0.05
bandwith_kernel: None
no_interact: False
avg_score: -856.260009765625
median_score: -861.0
std_score: 73.14938354492188
percentiles: 2%=-984.3599853515625, 5%=-971.0, 10%=-958.0999755859375, 25%=-912.0, 50%=-861.0, 75%=-797.75, 90%=-759.2000122070312, 95%=-734.75, 98%=-720.8200073242188
ranking_best_algo: CMAL3
ranking_best_score: 928.5800000000002
ranking_my_rank: 204/504 (59.7%)
ranking_my_percent: 59.72222222222222
