ConfigName: kfr__advglobalrankweighted__M6__L9__eps0p02__g0p005__ds0p01__dm0p01
Problem: QUBO
Kernel: fr
Advantage: globalrankweighted
M: 6
lambda: 9
epsilon_svgd: 0.02
gamma: 0.005
decay_start_ratio: 0.01
decay_min_factor: 0.01
bandwith_kernel: None
no_interact: False
avg_score: -2439.219970703125
median_score: -2433.5
std_score: 159.57290649414062
percentiles: 2%=-2763.199951171875, 5%=-2685.39990234375, 10%=-2640.0, 25%=-2553.5, 50%=-2433.5, 75%=-2309.0, 90%=-2249.199951171875, 95%=-2195.25, 98%=-2125.52001953125
ranking_best_algo: DiscreteLengler2OnePlusOne
ranking_best_score: 2617.04
ranking_my_rank: 126/504 (75.2%)
ranking_my_percent: 75.1984126984127
