ConfigName: krbf__advnormalizedfitness__M4__L12__eps0p033__g0p015__ds0p01__dm0p01
Problem: QUBO
Kernel: rbf
Advantage: normalizedfitness
M: 4
lambda: 12
epsilon_svgd: 0.033
gamma: 0.015
decay_start_ratio: 0.01
decay_min_factor: 0.01
bandwith_kernel: None
no_interact: False
avg_score: -861.0800170898438
median_score: -853.0
std_score: 65.18783569335938
percentiles: 2%=-989.219970703125, 5%=-963.9000244140625, 10%=-940.0, 25%=-912.75, 50%=-853.0, 75%=-814.0, 90%=-785.9000244140625, 95%=-767.800048828125, 98%=-753.8999633789062
ranking_best_algo: CMAL3
ranking_best_score: 928.5800000000002
ranking_my_rank: 196/504 (61.3%)
ranking_my_percent: 61.30952380952381
