ConfigName: kjsd__advperagentrankweighted__M5__L24__eps0p005__g0p0005__ds0p05__dm0p05
Problem: QUBO
Kernel: jsd
Advantage: peragentrankweighted
M: 5
lambda: 24
epsilon_svgd: 0.005
gamma: 0.0005
decay_start_ratio: 0.05
decay_min_factor: 0.05
bandwith_kernel: None
no_interact: False
avg_score: -579.8400268554688
median_score: -576.0
std_score: 27.89935874938965
percentiles: 2%=-635.0399780273438, 5%=-627.0, 10%=-617.0999755859375, 25%=-600.25, 50%=-576.0, 75%=-560.0, 90%=-547.5999755859375, 95%=-540.8499755859375, 98%=-524.719970703125
ranking_best_algo: Tabu
ranking_best_score: 588.7199999999999
ranking_my_rank: 40/503 (92.2%)
ranking_my_percent: 92.2465208747515
