ConfigName: krbf__advnormalizedfitness__M4__L10__eps0p025__g0p005__ds0p3__dm0p3
Problem: NK
Kernel: rbf
Advantage: normalizedfitness
M: 4
lambda: 10
epsilon_svgd: 0.025
gamma: 0.005
decay_start_ratio: 0.3
decay_min_factor: 0.3
bandwith_kernel: None
no_interact: False
avg_score: 0.7050150036811829
median_score: 0.7072340250015259
std_score: 0.012255716137588024
percentiles: 2%=0.6841996312141418, 5%=0.6863527894020081, 10%=0.6885296106338501, 25%=0.6936522722244263, 50%=0.7072340250015259, 75%=0.7153065204620361, 90%=0.7202186584472656, 95%=0.7223020195960999, 98%=0.7233274579048157
ranking_best_algo: PBIL
ranking_best_score: 0.7013553837109374
ranking_my_rank: 1/504 (100.0%)
ranking_my_percent: 100.0
