ConfigName: krbf__advnormalizedfitness__M4__L12__eps0p025__g0p015__ds0p15__dm0p01
Problem: QUBO
Kernel: rbf
Advantage: normalizedfitness
M: 4
lambda: 12
epsilon_svgd: 0.025
gamma: 0.015
decay_start_ratio: 0.15
decay_min_factor: 0.01
bandwith_kernel: None
no_interact: False
avg_score: -1023.1799926757812
median_score: -1034.0
std_score: 84.58905792236328
percentiles: 2%=-1160.199951171875, 5%=-1151.0999755859375, 10%=-1129.199951171875, 25%=-1077.5, 50%=-1034.0, 75%=-955.5, 90%=-916.4000244140625, 95%=-884.8500366210938, 98%=-856.719970703125
ranking_best_algo: BigLognormalDiscreteOnePlusOne
ranking_best_score: 1301.3600000000004
ranking_my_rank: 246/504 (51.4%)
ranking_my_percent: 51.388888888888886
