ConfigName: kjsd__advperagentrankweighted__M5__L10__eps0p005__g0p003__ds0p05__dm0p05
Problem: QUBO
Kernel: jsd
Advantage: peragentrankweighted
M: 5
lambda: 10
epsilon_svgd: 0.005
gamma: 0.003
decay_start_ratio: 0.05
decay_min_factor: 0.05
bandwith_kernel: None
no_interact: False
avg_score: -148.77999877929688
median_score: -149.0
std_score: 12.951896667480469
percentiles: 2%=-179.0, 5%=-179.0, 10%=-160.39999389648438, 25%=-155.0, 50%=-149.0, 75%=-141.0, 90%=-135.0, 95%=-128.89999389648438, 98%=-124.94000244140625
ranking_best_algo: CMApara
ranking_best_score: 154.28
ranking_my_rank: 82/504 (83.9%)
ranking_my_percent: 83.92857142857143
