ConfigName: kjsd__advperagentrankweighted__M5__L8__eps0p005__g0p0005__ds0p05__dm0p05
Problem: QUBO
Kernel: jsd
Advantage: peragentrankweighted
M: 5
lambda: 8
epsilon_svgd: 0.005
gamma: 0.0005
decay_start_ratio: 0.05
decay_min_factor: 0.05
bandwith_kernel: None
no_interact: False
avg_score: -1201.300048828125
median_score: -1195.5
std_score: 57.418548583984375
percentiles: 2%=-1335.239990234375, 5%=-1321.0999755859375, 10%=-1280.5, 25%=-1228.5, 50%=-1195.5, 75%=-1158.0, 90%=-1139.0, 95%=-1117.8499755859375, 98%=-1105.8399658203125
ranking_best_algo: Tabu
ranking_best_score: 1216.16
ranking_my_rank: 42/504 (91.9%)
ranking_my_percent: 91.86507936507937
