ConfigName: kfr__advglobalrankweighted__M4__L12__eps0p02__g0p005__ds0p01__dm0p01
Problem: QUBO
Kernel: fr
Advantage: globalrankweighted
M: 4
lambda: 12
epsilon_svgd: 0.02
gamma: 0.005
decay_start_ratio: 0.01
decay_min_factor: 0.01
bandwith_kernel: None
no_interact: False
avg_score: -575.6400146484375
median_score: -576.0
std_score: 24.541196823120117
percentiles: 2%=-623.02001953125, 5%=-613.0999755859375, 10%=-609.0, 25%=-592.25, 50%=-576.0, 75%=-560.5, 90%=-543.0, 95%=-536.7000122070312, 98%=-522.97998046875
ranking_best_algo: Tabu
ranking_best_score: 588.7199999999999
ranking_my_rank: 57/503 (88.9%)
ranking_my_percent: 88.86679920477137
