ConfigName: kjsd__advperagentrankweighted__M6__L8__eps0p03__g0p0007__ds0p05__dm0p05
Problem: NK
Kernel: jsd
Advantage: peragentrankweighted
M: 6
lambda: 8
epsilon_svgd: 0.03
gamma: 0.0007
decay_start_ratio: 0.05
decay_min_factor: 0.05
bandwith_kernel: None
no_interact: False
avg_score: 0.7311035394668579
median_score: 0.731043815612793
std_score: 0.012453283183276653
percentiles: 2%=0.7086752653121948, 5%=0.7111984491348267, 10%=0.7131984233856201, 25%=0.7226607799530029, 50%=0.731043815612793, 75%=0.7387665510177612, 90%=0.7465475797653198, 95%=0.7514145970344543, 98%=0.7579744458198547
ranking_best_algo: Tabu
ranking_best_score: 0.7601875690625
ranking_my_rank: 47/504 (90.9%)
ranking_my_percent: 90.87301587301587
