ConfigName: kfr__advglobalrankweighted__M5__L10__eps0p015__g0p005__ds0p01__dm0p01
Problem: QUBO
Kernel: fr
Advantage: globalrankweighted
M: 5
lambda: 10
epsilon_svgd: 0.015
gamma: 0.005
decay_start_ratio: 0.01
decay_min_factor: 0.01
bandwith_kernel: None
no_interact: False
avg_score: -310.32000732421875
median_score: -313.0
std_score: 39.559295654296875
percentiles: 2%=-388.0799865722656, 5%=-384.1000061035156, 10%=-357.79998779296875, 25%=-336.5, 50%=-313.0, 75%=-274.0, 90%=-263.0, 95%=-253.90000915527344, 98%=-249.95999145507812
ranking_best_algo: CMApara
ranking_best_score: 319.29999999999995
ranking_my_rank: 62/504 (87.9%)
ranking_my_percent: 87.89682539682539
