ConfigName: krbf__advnormalizedfitness__M4__L10__eps0p033__g0p01__ds0p01__dm0p01
Problem: QUBO
Kernel: rbf
Advantage: normalizedfitness
M: 4
lambda: 10
epsilon_svgd: 0.033
gamma: 0.01
decay_start_ratio: 0.01
decay_min_factor: 0.01
bandwith_kernel: None
no_interact: False
avg_score: -923.02001953125
median_score: -907.0
std_score: 65.20137786865234
percentiles: 2%=-1070.0400390625, 5%=-1059.050048828125, 10%=-1019.5, 25%=-960.25, 50%=-907.0, 75%=-880.25, 90%=-850.9000244140625, 95%=-834.7000122070312, 98%=-820.8800048828125
ranking_best_algo: CMApara
ranking_best_score: 964.9
ranking_my_rank: 24/504 (95.4%)
ranking_my_percent: 95.43650793650794
