ConfigName: kjsd__advperagentrankweighted__M3__L16__eps0p007__g0p003__ds0p05__dm0p05
Problem: NK
Kernel: jsd
Advantage: peragentrankweighted
M: 3
lambda: 16
epsilon_svgd: 0.007
gamma: 0.003
decay_start_ratio: 0.05
decay_min_factor: 0.05
bandwith_kernel: None
no_interact: False
avg_score: 0.6735025644302368
median_score: 0.6697695851325989
std_score: 0.020697250962257385
percentiles: 2%=0.6386304497718811, 5%=0.6476667523384094, 10%=0.6507720947265625, 25%=0.6582460403442383, 50%=0.6697695851325989, 75%=0.6849790811538696, 90%=0.7040853500366211, 95%=0.7110917568206787, 98%=0.7197283506393433
ranking_best_algo: PBIL
ranking_best_score: 0.7170882103515624
ranking_my_rank: 180/504 (64.5%)
ranking_my_percent: 64.48412698412699
