ConfigName: kjsd__advperagentrankweighted__M3__L24__eps0p005__g0p001__ds0p2__dm0p1
Problem: QUBO
Kernel: jsd
Advantage: peragentrankweighted
M: 3
lambda: 24
epsilon_svgd: 0.005
gamma: 0.001
decay_start_ratio: 0.2
decay_min_factor: 0.1
bandwith_kernel: None
no_interact: False
avg_score: -415.1600036621094
median_score: -412.0
std_score: 25.8250732421875
percentiles: 2%=-473.0799865722656, 5%=-457.5, 10%=-452.0, 25%=-433.0, 50%=-412.0, 75%=-398.0, 90%=-382.0, 95%=-377.8999938964844, 98%=-369.9200134277344
ranking_best_algo: Tabu
ranking_best_score: 438.12
ranking_my_rank: 50/504 (90.3%)
ranking_my_percent: 90.27777777777777
