ConfigName: kjsd__advperagentrankweighted__M3__L20__eps0p005__g0p0005__ds0p1__dm0p2
Problem: NK
Kernel: jsd
Advantage: peragentrankweighted
M: 3
lambda: 20
epsilon_svgd: 0.005
gamma: 0.0005
decay_start_ratio: 0.1
decay_min_factor: 0.2
bandwith_kernel: None
no_interact: False
avg_score: 0.7100231051445007
median_score: 0.7111397981643677
std_score: 0.015326679684221745
percentiles: 2%=0.6709405779838562, 5%=0.6736164689064026, 10%=0.6928772926330566, 25%=0.7067432403564453, 50%=0.7111397981643677, 75%=0.7190245389938354, 90%=0.7252485752105713, 95%=0.7324386835098267, 98%=0.732750415802002
ranking_best_algo: CMApara
ranking_best_score: 0.707475975
ranking_my_rank: 1/504 (100.0%)
ranking_my_percent: 100.0
