ConfigName: kjsd__advperagentrankweighted__M3__L18__eps0p005__g0p003__ds0p2__dm0p05
Problem: NK
Kernel: jsd
Advantage: peragentrankweighted
M: 3
lambda: 18
epsilon_svgd: 0.005
gamma: 0.003
decay_start_ratio: 0.2
decay_min_factor: 0.05
bandwith_kernel: None
no_interact: False
avg_score: 0.735200047492981
median_score: 0.7360090613365173
std_score: 0.00864353682845831
percentiles: 2%=0.7178339958190918, 5%=0.7194250822067261, 10%=0.7227490544319153, 25%=0.7289437055587769, 50%=0.7360090613365173, 75%=0.7412065267562866, 90%=0.7459108233451843, 95%=0.7473611235618591, 98%=0.7508361339569092
ranking_best_algo: PBIL
ranking_best_score: 0.730509098125
ranking_my_rank: 1/504 (100.0%)
ranking_my_percent: 100.0
