ConfigName: kjsd__advperagentrankweighted__M3__L18__eps0p01__g0p003__ds0p2__dm0p1
Problem: QUBO
Kernel: jsd
Advantage: peragentrankweighted
M: 3
lambda: 18
epsilon_svgd: 0.01
gamma: 0.003
decay_start_ratio: 0.2
decay_min_factor: 0.1
bandwith_kernel: None
no_interact: False
avg_score: -903.3599853515625
median_score: -901.0
std_score: 69.13067626953125
percentiles: 2%=-1044.0799560546875, 5%=-1028.4000244140625, 10%=-993.4000244140625, 25%=-952.75, 50%=-901.0, 75%=-853.0, 90%=-817.0, 95%=-799.9500122070312, 98%=-784.9400024414062
ranking_best_algo: CMAL3
ranking_best_score: 928.5800000000002
ranking_my_rank: 66/504 (87.1%)
ranking_my_percent: 87.10317460317461
