ConfigName: krbf__advnormalizedfitness__M4__L15__eps0p033__g0p005__ds0p3__dm0p01
Problem: NK
Kernel: rbf
Advantage: normalizedfitness
M: 4
lambda: 15
epsilon_svgd: 0.033
gamma: 0.005
decay_start_ratio: 0.3
decay_min_factor: 0.01
bandwith_kernel: None
no_interact: False
avg_score: 0.7545626759529114
median_score: 0.7544019222259521
std_score: 0.01265555527061224
percentiles: 2%=0.7327820062637329, 5%=0.7340059876441956, 10%=0.7377282977104187, 25%=0.7452093958854675, 50%=0.7544019222259521, 75%=0.7640537023544312, 90%=0.7696926593780518, 95%=0.7768077254295349, 98%=0.7785660624504089
ranking_best_algo: Tabu
ranking_best_score: 0.7470791764843752
ranking_my_rank: 1/504 (100.0%)
ranking_my_percent: 100.0
