ConfigName: kjsd__advperagentrankweighted__M5__L10__eps0p02__g0p0005__ds0p2__dm0p05
Problem: QUBO
Kernel: jsd
Advantage: peragentrankweighted
M: 5
lambda: 10
epsilon_svgd: 0.02
gamma: 0.0005
decay_start_ratio: 0.2
decay_min_factor: 0.05
bandwith_kernel: None
no_interact: False
avg_score: -2573.52001953125
median_score: -2553.5
std_score: 110.39044189453125
percentiles: 2%=-2786.679931640625, 5%=-2776.050048828125, 10%=-2742.199951171875, 25%=-2641.75, 50%=-2553.5, 75%=-2485.75, 90%=-2444.39990234375, 95%=-2411.699951171875, 98%=-2380.679931640625
ranking_best_algo: SVM1MetaModelLogNormal
ranking_best_score: 2605.14
ranking_my_rank: 14/504 (97.4%)
ranking_my_percent: 97.42063492063492
