ConfigName: krbf__advnormalizedfitness__M3__L15__eps0p033__g0p01__ds0p3__dm0p01
Problem: NK
Kernel: rbf
Advantage: normalizedfitness
M: 3
lambda: 15
epsilon_svgd: 0.033
gamma: 0.01
decay_start_ratio: 0.3
decay_min_factor: 0.01
bandwith_kernel: None
no_interact: False
avg_score: 0.7319560050964355
median_score: 0.7341530323028564
std_score: 0.009249312803149223
percentiles: 2%=0.7102116346359253, 5%=0.7158592343330383, 10%=0.7185354232788086, 25%=0.7263113260269165, 50%=0.7341530323028564, 75%=0.7390079498291016, 90%=0.7419160008430481, 95%=0.7432972192764282, 98%=0.7448300123214722
ranking_best_algo: PBIL
ranking_best_score: 0.7248786399609374
ranking_my_rank: 1/504 (100.0%)
ranking_my_percent: 100.0
