ConfigName: kjsd__advperagentrankweighted__M3__L18__eps0p01__g0p001__ds0p05__dm0p1
Problem: NK
Kernel: jsd
Advantage: peragentrankweighted
M: 3
lambda: 18
epsilon_svgd: 0.01
gamma: 0.001
decay_start_ratio: 0.05
decay_min_factor: 0.1
bandwith_kernel: None
no_interact: False
avg_score: 0.7208322286605835
median_score: 0.7195091247558594
std_score: 0.007739416789263487
percentiles: 2%=0.7079294919967651, 5%=0.7097523808479309, 10%=0.7113924026489258, 25%=0.7151436805725098, 50%=0.7195091247558594, 75%=0.7259697914123535, 90%=0.7322304248809814, 95%=0.7343564033508301, 98%=0.7363783121109009
ranking_best_algo: PBIL
ranking_best_score: 0.7170882103515624
ranking_my_rank: 1/504 (100.0%)
ranking_my_percent: 100.0
