ConfigName: kjsd__advperagentrankweighted__M3__L20__eps0p007__g0p0007__ds0p2__dm0p2
Problem: QUBO
Kernel: jsd
Advantage: peragentrankweighted
M: 3
lambda: 20
epsilon_svgd: 0.007
gamma: 0.0007
decay_start_ratio: 0.2
decay_min_factor: 0.2
bandwith_kernel: None
no_interact: False
avg_score: -419.1199951171875
median_score: -422.5
std_score: 26.42395782470703
percentiles: 2%=-473.0400085449219, 5%=-455.1000061035156, 10%=-452.20001220703125, 25%=-437.0, 50%=-422.5, 75%=-401.5, 90%=-384.0, 95%=-374.0, 98%=-371.6400146484375
ranking_best_algo: Tabu
ranking_best_score: 438.12
ranking_my_rank: 31/504 (94.0%)
ranking_my_percent: 94.04761904761905
