ConfigName: kfr__advglobalrankweighted__M4__L15__eps0p01__g0p003__ds0p01__dm0p01
Problem: QUBO
Kernel: fr
Advantage: globalrankweighted
M: 4
lambda: 15
epsilon_svgd: 0.01
gamma: 0.003
decay_start_ratio: 0.01
decay_min_factor: 0.01
bandwith_kernel: None
no_interact: False
avg_score: -2517.919921875
median_score: -2517.5
std_score: 153.9942626953125
percentiles: 2%=-2853.080078125, 5%=-2794.35009765625, 10%=-2736.699951171875, 25%=-2612.25, 50%=-2517.5, 75%=-2415.5, 90%=-2315.39990234375, 95%=-2278.550048828125, 98%=-2235.919921875
ranking_best_algo: DiscreteLengler2OnePlusOne
ranking_best_score: 2617.04
ranking_my_rank: 64/504 (87.5%)
ranking_my_percent: 87.5
