ConfigName: kjsd__advperagentrankweighted__M4__L10__eps0p01__g0p0003__ds0p2__dm0p05
Problem: NK
Kernel: jsd
Advantage: peragentrankweighted
M: 4
lambda: 10
epsilon_svgd: 0.01
gamma: 0.0003
decay_start_ratio: 0.2
decay_min_factor: 0.05
bandwith_kernel: None
no_interact: False
avg_score: 0.7207044363021851
median_score: 0.7199417948722839
std_score: 0.008337774313986301
percentiles: 2%=0.7060613632202148, 5%=0.7093780636787415, 10%=0.7105604410171509, 25%=0.7143977284431458, 50%=0.7199417948722839, 75%=0.7257912755012512, 90%=0.7322525382041931, 95%=0.7353523969650269, 98%=0.7374805808067322
ranking_best_algo: Tabu
ranking_best_score: 0.7429702712499999
ranking_my_rank: 13/504 (97.6%)
ranking_my_percent: 97.61904761904762
