ConfigName: krbf__advnormalizedfitness__M3__L12__eps0p015__g0p005__ds0p15__dm0p01
Problem: QUBO
Kernel: rbf
Advantage: normalizedfitness
M: 3
lambda: 12
epsilon_svgd: 0.015
gamma: 0.005
decay_start_ratio: 0.15
decay_min_factor: 0.01
bandwith_kernel: None
no_interact: False
avg_score: -1555.6600341796875
median_score: -1554.5
std_score: 79.2079849243164
percentiles: 2%=-1723.4599609375, 5%=-1667.199951171875, 10%=-1653.0, 25%=-1613.0, 50%=-1554.5, 75%=-1496.75, 90%=-1452.9000244140625, 95%=-1426.8499755859375, 98%=-1392.8800048828125
ranking_best_algo: NLOPT_LN_PRAXIS
ranking_best_score: 1607.12
ranking_my_rank: 51/504 (90.1%)
ranking_my_percent: 90.07936507936508
