ConfigName: kjsd__advperagentrankweighted__M3__L16__eps0p007__g0p0005__ds0p1__dm0p05
Problem: QUBO
Kernel: jsd
Advantage: peragentrankweighted
M: 3
lambda: 16
epsilon_svgd: 0.007
gamma: 0.0005
decay_start_ratio: 0.1
decay_min_factor: 0.05
bandwith_kernel: None
no_interact: False
avg_score: -577.52001953125
median_score: -573.5
std_score: 24.13482093811035
percentiles: 2%=-625.0399780273438, 5%=-621.0, 10%=-615.2000122070312, 25%=-590.0, 50%=-573.5, 75%=-560.0, 90%=-552.9000244140625, 95%=-540.9000244140625, 98%=-532.9400024414062
ranking_best_algo: Tabu
ranking_best_score: 588.7199999999999
ranking_my_rank: 44/503 (91.5%)
ranking_my_percent: 91.45129224652088
