ConfigName: krbf__advnormalizedfitness__M2__L10__eps0p015__g0p015__ds0p01__dm0p01
Problem: QUBO
Kernel: rbf
Advantage: normalizedfitness
M: 2
lambda: 10
epsilon_svgd: 0.015
gamma: 0.015
decay_start_ratio: 0.01
decay_min_factor: 0.01
bandwith_kernel: None
no_interact: False
avg_score: -426.0
median_score: -427.0
std_score: 25.713809967041016
percentiles: 2%=-481.0, 5%=-469.1000061035156, 10%=-456.5, 25%=-443.25, 50%=-427.0, 75%=-409.0, 90%=-395.0, 95%=-389.8500061035156, 98%=-384.3399963378906
ranking_best_algo: CMAL3
ranking_best_score: 435.36
ranking_my_rank: 23/504 (95.6%)
ranking_my_percent: 95.63492063492063
