ConfigName: kfr__advglobalrankweighted__M6__L11__eps0p02__g0p005__ds0p01__dm0p01
Problem: QUBO
Kernel: fr
Advantage: globalrankweighted
M: 6
lambda: 11
epsilon_svgd: 0.02
gamma: 0.005
decay_start_ratio: 0.01
decay_min_factor: 0.01
bandwith_kernel: None
no_interact: False
avg_score: -922.5800170898438
median_score: -922.5
std_score: 74.12560272216797
percentiles: 2%=-1050.47998046875, 5%=-1042.199951171875, 10%=-1021.5, 25%=-977.5, 50%=-922.5, 75%=-871.25, 90%=-840.7999877929688, 95%=-796.800048828125, 98%=-789.4998779296875
ranking_best_algo: CMApara
ranking_best_score: 964.9
ranking_my_rank: 25/504 (95.2%)
ranking_my_percent: 95.23809523809524
