ConfigName: krbf__advnormalizedfitness__M4__L8__eps0p015__g0p015__ds0p15__dm0p3
Problem: NK
Kernel: rbf
Advantage: normalizedfitness
M: 4
lambda: 8
epsilon_svgd: 0.015
gamma: 0.015
decay_start_ratio: 0.15
decay_min_factor: 0.3
bandwith_kernel: None
no_interact: False
avg_score: 0.7100174427032471
median_score: 0.6991639137268066
std_score: 0.03221726790070534
percentiles: 2%=0.6712026596069336, 5%=0.6720653176307678, 10%=0.6759717464447021, 25%=0.6803897619247437, 50%=0.6991639137268066, 75%=0.7455553412437439, 90%=0.7528484463691711, 95%=0.7613165378570557, 98%=0.7613165378570557
ranking_best_algo: CMApara
ranking_best_score: 0.7118996098437498
ranking_my_rank: 34/504 (93.5%)
ranking_my_percent: 93.45238095238095
