ConfigName: kjsd__advperagentrankweighted__M3__L20__eps0p007__g0p003__ds0p2__dm0p2
Problem: NK
Kernel: jsd
Advantage: peragentrankweighted
M: 3
lambda: 20
epsilon_svgd: 0.007
gamma: 0.003
decay_start_ratio: 0.2
decay_min_factor: 0.2
bandwith_kernel: None
no_interact: False
avg_score: 0.6999925971031189
median_score: 0.7021910548210144
std_score: 0.012878013774752617
percentiles: 2%=0.6795034408569336, 5%=0.6819839477539062, 10%=0.684257984161377, 25%=0.687113881111145, 50%=0.7021910548210144, 75%=0.711591899394989, 90%=0.7150077819824219, 95%=0.7183652520179749, 98%=0.7201902866363525
ranking_best_algo: PBIL
ranking_best_score: 0.7013553837109374
ranking_my_rank: 2/504 (99.8%)
ranking_my_percent: 99.8015873015873
