ConfigName: kjsd__advperagentrankweighted__M3__L18__eps0p01__g0p0007__ds0p2__dm0p2
Problem: QUBO
Kernel: jsd
Advantage: peragentrankweighted
M: 3
lambda: 18
epsilon_svgd: 0.01
gamma: 0.0007
decay_start_ratio: 0.2
decay_min_factor: 0.2
bandwith_kernel: None
no_interact: False
avg_score: -328.17999267578125
median_score: -334.0
std_score: 22.42782974243164
percentiles: 2%=-361.2200012207031, 5%=-357.20001220703125, 10%=-350.3999938964844, 25%=-342.0, 50%=-334.0, 75%=-318.0, 90%=-295.79998779296875, 95%=-287.8999938964844, 98%=-271.79998779296875
ranking_best_algo: CMApara
ranking_best_score: 344.22
ranking_my_rank: 84/504 (83.5%)
ranking_my_percent: 83.53174603174604
