ConfigName: krbf__advnormalizedfitness__M4__L8__eps0p015__g0p007__ds0p01__dm0p3
Problem: NK
Kernel: rbf
Advantage: normalizedfitness
M: 4
lambda: 8
epsilon_svgd: 0.015
gamma: 0.007
decay_start_ratio: 0.01
decay_min_factor: 0.3
bandwith_kernel: None
no_interact: False
avg_score: 0.7097984552383423
median_score: 0.7107519507408142
std_score: 0.015364926308393478
percentiles: 2%=0.6704843640327454, 5%=0.6727468371391296, 10%=0.6953939199447632, 25%=0.7067774534225464, 50%=0.7107519507408142, 75%=0.7185994386672974, 90%=0.7253565192222595, 95%=0.7314685583114624, 98%=0.7322729229927063
ranking_best_algo: CMApara
ranking_best_score: 0.707475975
ranking_my_rank: 1/504 (100.0%)
ranking_my_percent: 100.0
