ConfigName: kjsd__advperagentrankweighted__M4__L20__eps0p005__g0p0005__ds0p1__dm0p2
Problem: NK
Kernel: jsd
Advantage: peragentrankweighted
M: 4
lambda: 20
epsilon_svgd: 0.005
gamma: 0.0005
decay_start_ratio: 0.1
decay_min_factor: 0.2
bandwith_kernel: None
no_interact: False
avg_score: 0.7298847436904907
median_score: 0.7287939786911011
std_score: 0.013110015541315079
percentiles: 2%=0.707716703414917, 5%=0.7107287645339966, 10%=0.7137881517410278, 25%=0.7208578586578369, 50%=0.7287939786911011, 75%=0.7401340007781982, 90%=0.7446337938308716, 95%=0.7496593594551086, 98%=0.7543324828147888
ranking_best_algo: Tabu
ranking_best_score: 0.7429702712499999
ranking_my_rank: 2/504 (99.8%)
ranking_my_percent: 99.8015873015873
