ConfigName: krbf__advnormalizedfitness__M4__L12__eps0p025__g0p005__ds0p3__dm0p01
Problem: QUBO
Kernel: rbf
Advantage: normalizedfitness
M: 4
lambda: 12
epsilon_svgd: 0.025
gamma: 0.005
decay_start_ratio: 0.3
decay_min_factor: 0.01
bandwith_kernel: None
no_interact: False
avg_score: -1495.4200439453125
median_score: -1486.0
std_score: 105.54583740234375
percentiles: 2%=-1675.0999755859375, 5%=-1656.0999755859375, 10%=-1636.5, 25%=-1587.25, 50%=-1486.0, 75%=-1420.5, 90%=-1353.5999755859375, 95%=-1320.4000244140625, 98%=-1307.8199462890625
ranking_best_algo: NLOPT_LN_PRAXIS
ranking_best_score: 1607.12
ranking_my_rank: 80/504 (84.3%)
ranking_my_percent: 84.32539682539682
