ConfigName: krbf__advnormalizedfitness__M4__L15__eps0p025__g0p015__ds0p01__dm0p3
Problem: NK
Kernel: rbf
Advantage: normalizedfitness
M: 4
lambda: 15
epsilon_svgd: 0.025
gamma: 0.015
decay_start_ratio: 0.01
decay_min_factor: 0.3
bandwith_kernel: None
no_interact: False
avg_score: 0.6443231105804443
median_score: 0.6427052617073059
std_score: 0.014681819826364517
percentiles: 2%=0.6233722567558289, 5%=0.6256005764007568, 10%=0.6276385188102722, 25%=0.6337413787841797, 50%=0.6427052617073059, 75%=0.6532176733016968, 90%=0.6641187071800232, 95%=0.6693474054336548, 98%=0.6814343333244324
ranking_best_algo: Tabu
ranking_best_score: 0.7470791764843752
ranking_my_rank: 353/504 (30.2%)
ranking_my_percent: 30.158730158730158
