ConfigName: krbf__advnormalizedfitness__M1__L8__eps0p025__g0p01__ds0p01__dm0p01
Problem: QUBO
Kernel: rbf
Advantage: normalizedfitness
M: 1
lambda: 8
epsilon_svgd: 0.025
gamma: 0.01
decay_start_ratio: 0.01
decay_min_factor: 0.01
bandwith_kernel: None
no_interact: False
avg_score: -1258.47998046875
median_score: -1255.5
std_score: 64.92603302001953
percentiles: 2%=-1397.06005859375, 5%=-1360.3499755859375, 10%=-1337.5999755859375, 25%=-1302.25, 50%=-1255.5, 75%=-1204.0, 90%=-1182.0999755859375, 95%=-1156.800048828125, 98%=-1134.9599609375
ranking_best_algo: BigLognormalDiscreteOnePlusOne
ranking_best_score: 1301.3600000000004
ranking_my_rank: 53/504 (89.7%)
ranking_my_percent: 89.68253968253968
