ConfigName: kjsd__advperagentrankweighted__M3__L30__eps0p007__g0p001__ds0p05__dm0p1
Problem: QUBO
Kernel: jsd
Advantage: peragentrankweighted
M: 3
lambda: 30
epsilon_svgd: 0.007
gamma: 0.001
decay_start_ratio: 0.05
decay_min_factor: 0.1
bandwith_kernel: None
no_interact: False
avg_score: -438.0799865722656
median_score: -439.0
std_score: 26.130319595336914
percentiles: 2%=-492.0, 5%=-483.1000061035156, 10%=-470.0, 25%=-455.25, 50%=-439.0, 75%=-421.0, 90%=-403.79998779296875, 95%=-389.8500061035156, 98%=-381.9599914550781
ranking_best_algo: CMApara
ranking_best_score: 453.82
ranking_my_rank: 21/504 (96.0%)
ranking_my_percent: 96.03174603174604
