ConfigName: krbf__advnormalizedfitness__M4__L12__eps0p033__g0p01__ds0p3__dm0p3
Problem: QUBO
Kernel: rbf
Advantage: normalizedfitness
M: 4
lambda: 12
epsilon_svgd: 0.033
gamma: 0.01
decay_start_ratio: 0.3
decay_min_factor: 0.3
bandwith_kernel: None
no_interact: False
avg_score: -149.5399932861328
median_score: -147.0
std_score: 13.122057914733887
percentiles: 2%=-179.0, 5%=-179.0, 10%=-164.0, 25%=-157.0, 50%=-147.0, 75%=-140.75, 90%=-136.89999389648438, 95%=-132.0, 98%=-128.87997436523438
ranking_best_algo: CMApara
ranking_best_score: 154.28
ranking_my_rank: 77/504 (84.9%)
ranking_my_percent: 84.92063492063492
