ConfigName: krbf__advnormalizedfitness__M4__L10__eps0p03__g0p005__ds0p05__dm0p05
Problem: NK
Kernel: rbf
Advantage: normalizedfitness
M: 4
lambda: 10
epsilon_svgd: 0.03
gamma: 0.005
decay_start_ratio: 0.05
decay_min_factor: 0.05
bandwith_kernel: None
no_interact: False
avg_score: 0.7414702773094177
median_score: 0.7422970533370972
std_score: 0.012582135386765003
percentiles: 2%=0.7198601961135864, 5%=0.7236990928649902, 10%=0.7262593507766724, 25%=0.7316042184829712, 50%=0.7422970533370972, 75%=0.7489382028579712, 90%=0.7565252184867859, 95%=0.7628620862960815, 98%=0.7689656615257263
ranking_best_algo: Tabu
ranking_best_score: 0.7601875690625
ranking_my_rank: 12/504 (97.8%)
ranking_my_percent: 97.81746031746032
