ConfigName: kjsd__advperagentrankweighted__M5__L8__eps0p005__g0p0003__ds0p05__dm0p05
Problem: QUBO
Kernel: jsd
Advantage: peragentrankweighted
M: 5
lambda: 8
epsilon_svgd: 0.005
gamma: 0.0003
decay_start_ratio: 0.05
decay_min_factor: 0.05
bandwith_kernel: None
no_interact: False
avg_score: -1202.6600341796875
median_score: -1200.5
std_score: 60.663536071777344
percentiles: 2%=-1339.199951171875, 5%=-1327.300048828125, 10%=-1285.199951171875, 25%=-1236.75, 50%=-1200.5, 75%=-1157.75, 90%=-1135.300048828125, 95%=-1112.8499755859375, 98%=-1090.800048828125
ranking_best_algo: Tabu
ranking_best_score: 1216.16
ranking_my_rank: 41/504 (92.1%)
ranking_my_percent: 92.06349206349206
