ConfigName: kjsd__advperagentrankweighted__M4__L24__eps0p005__g0p0007__ds0p4__dm0p05
Problem: QUBO
Kernel: jsd
Advantage: peragentrankweighted
M: 4
lambda: 24
epsilon_svgd: 0.005
gamma: 0.0007
decay_start_ratio: 0.4
decay_min_factor: 0.05
bandwith_kernel: None
no_interact: False
avg_score: -310.8800048828125
median_score: -312.0
std_score: 38.969547271728516
percentiles: 2%=-392.0, 5%=-386.1000061035156, 10%=-356.3999938964844, 25%=-338.5, 50%=-312.0, 75%=-272.75, 90%=-263.8999938964844, 95%=-261.0, 98%=-255.9199981689453
ranking_best_algo: CMApara
ranking_best_score: 319.29999999999995
ranking_my_rank: 40/504 (92.3%)
ranking_my_percent: 92.26190476190476
