ConfigName: krbf__advnormalizedfitness__M3__L15__eps0p015__g0p005__ds0p15__dm0p3
Problem: NK
Kernel: rbf
Advantage: normalizedfitness
M: 3
lambda: 15
epsilon_svgd: 0.015
gamma: 0.005
decay_start_ratio: 0.15
decay_min_factor: 0.3
bandwith_kernel: None
no_interact: False
avg_score: 0.6280701160430908
median_score: 0.6276803016662598
std_score: 0.015027714893221855
percentiles: 2%=0.6046531796455383, 5%=0.6058269739151001, 10%=0.6109128594398499, 25%=0.6177183389663696, 50%=0.6276803016662598, 75%=0.6367076635360718, 90%=0.6486417651176453, 95%=0.6600815653800964, 98%=0.6616196036338806
ranking_best_algo: Tabu
ranking_best_score: 0.7429702712499999
ranking_my_rank: 367/504 (27.4%)
ranking_my_percent: 27.38095238095238
