ConfigName: kjsd__advperagentrankweighted__M4__L20__eps0p007__g0p0005__ds0p1__dm0p1
Problem: QUBO
Kernel: jsd
Advantage: peragentrankweighted
M: 4
lambda: 20
epsilon_svgd: 0.007
gamma: 0.0005
decay_start_ratio: 0.1
decay_min_factor: 0.1
bandwith_kernel: None
no_interact: False
avg_score: -1308.1400146484375
median_score: -1313.5
std_score: 51.23163604736328
percentiles: 2%=-1404.239990234375, 5%=-1389.5999755859375, 10%=-1367.5, 25%=-1345.25, 50%=-1313.5, 75%=-1275.5, 90%=-1231.699951171875, 95%=-1210.5999755859375, 98%=-1197.93994140625
ranking_best_algo: BigLognormalDiscreteOnePlusOne
ranking_best_score: 1301.3600000000004
ranking_my_rank: 1/504 (100.0%)
ranking_my_percent: 100.0
