ConfigName: krbf__advnormalizedfitness__M1__L8__eps0p033__g0p015__ds0p3__dm0p01
Problem: QUBO
Kernel: rbf
Advantage: normalizedfitness
M: 1
lambda: 8
epsilon_svgd: 0.033
gamma: 0.015
decay_start_ratio: 0.3
decay_min_factor: 0.01
bandwith_kernel: None
no_interact: False
avg_score: -411.5400085449219
median_score: -415.0
std_score: 35.001548767089844
percentiles: 2%=-479.0400085449219, 5%=-464.45001220703125, 10%=-449.20001220703125, 25%=-437.5, 50%=-415.0, 75%=-388.5, 90%=-362.4000244140625, 95%=-351.70001220703125, 98%=-339.7999572753906
ranking_best_algo: CMAL3
ranking_best_score: 435.36
ranking_my_rank: 164/504 (67.7%)
ranking_my_percent: 67.65873015873017
