ConfigName: kjsd__advperagentrankweighted__M3__L16__eps0p007__g0p003__ds0p05__dm0p2
Problem: QUBO
Kernel: jsd
Advantage: peragentrankweighted
M: 3
lambda: 16
epsilon_svgd: 0.007
gamma: 0.003
decay_start_ratio: 0.05
decay_min_factor: 0.2
bandwith_kernel: None
no_interact: False
avg_score: -199.39999389648438
median_score: -201.0
std_score: 14.105318069458008
percentiles: 2%=-224.0, 5%=-224.0, 10%=-218.10000610351562, 25%=-209.0, 50%=-201.0, 75%=-190.0, 90%=-181.0, 95%=-173.89999389648438, 98%=-167.94000244140625
ranking_best_algo: Tabu
ranking_best_score: 208.36000000000004
ranking_my_rank: 84/504 (83.5%)
ranking_my_percent: 83.53174603174604
