ConfigName: kfr__advglobalrankweighted__M6__L7__eps0p01__g0p007__ds0p01__dm0p01
Problem: QUBO
Kernel: fr
Advantage: globalrankweighted
M: 6
lambda: 7
epsilon_svgd: 0.01
gamma: 0.007
decay_start_ratio: 0.01
decay_min_factor: 0.01
bandwith_kernel: None
no_interact: False
avg_score: -400.67999267578125
median_score: -402.0
std_score: 31.20733070373535
percentiles: 2%=-465.1199951171875, 5%=-455.0, 10%=-447.1000061035156, 25%=-418.25, 50%=-402.0, 75%=-376.75, 90%=-361.8999938964844, 95%=-354.7500305175781, 98%=-347.8399658203125
ranking_best_algo: CMAL3
ranking_best_score: 435.36
ranking_my_rank: 233/504 (54.0%)
ranking_my_percent: 53.96825396825397
