ConfigName: kjsd__advperagentrankweighted__M3__L18__eps0p005__g0p0005__ds0p1__dm0p1
Problem: NK
Kernel: jsd
Advantage: peragentrankweighted
M: 3
lambda: 18
epsilon_svgd: 0.005
gamma: 0.0005
decay_start_ratio: 0.1
decay_min_factor: 0.1
bandwith_kernel: None
no_interact: False
avg_score: 0.7347638010978699
median_score: 0.7349163293838501
std_score: 0.010992584750056267
percentiles: 2%=0.7122647762298584, 5%=0.7147190570831299, 10%=0.7210339307785034, 25%=0.728547990322113, 50%=0.7349163293838501, 75%=0.741040825843811, 90%=0.749365508556366, 95%=0.7528772354125977, 98%=0.7575254440307617
ranking_best_algo: Tabu
ranking_best_score: 0.7429702712499999
ranking_my_rank: 2/504 (99.8%)
ranking_my_percent: 99.8015873015873
