ConfigName: krbf__advnormalizedfitness__M3__L12__eps0p033__g0p015__ds0p3__dm0p3
Problem: QUBO
Kernel: rbf
Advantage: normalizedfitness
M: 3
lambda: 12
epsilon_svgd: 0.033
gamma: 0.015
decay_start_ratio: 0.3
decay_min_factor: 0.3
bandwith_kernel: None
no_interact: False
avg_score: -1095.06005859375
median_score: -1101.0
std_score: 80.9180908203125
percentiles: 2%=-1261.0, 5%=-1223.300048828125, 10%=-1210.5, 25%=-1137.75, 50%=-1101.0, 75%=-1035.5, 90%=-987.7999877929688, 95%=-946.6500244140625, 98%=-930.8199462890625
ranking_best_algo: Tabu
ranking_best_score: 1216.16
ranking_my_rank: 208/504 (58.9%)
ranking_my_percent: 58.92857142857143
