ConfigName: kjsd__advperagentrankweighted__M3__L18__eps0p01__g0p0005__ds0p1__dm0p1
Problem: NK
Kernel: jsd
Advantage: peragentrankweighted
M: 3
lambda: 18
epsilon_svgd: 0.01
gamma: 0.0005
decay_start_ratio: 0.1
decay_min_factor: 0.1
bandwith_kernel: None
no_interact: False
avg_score: 0.7429296374320984
median_score: 0.7424867153167725
std_score: 0.009125519543886185
percentiles: 2%=0.7271134853363037, 5%=0.7288634777069092, 10%=0.7319085597991943, 25%=0.736735463142395, 50%=0.7424867153167725, 75%=0.7479029297828674, 90%=0.7539337873458862, 95%=0.7584036588668823, 98%=0.7625948190689087
ranking_best_algo: PBIL
ranking_best_score: 0.733570253046875
ranking_my_rank: 1/504 (100.0%)
ranking_my_percent: 100.0
