ConfigName: kjsd__advperagentrankweighted__M4__L12__eps0p005__g0p0005__ds0p1__dm0p05
Problem: QUBO
Kernel: jsd
Advantage: peragentrankweighted
M: 4
lambda: 12
epsilon_svgd: 0.005
gamma: 0.0005
decay_start_ratio: 0.1
decay_min_factor: 0.05
bandwith_kernel: None
no_interact: False
avg_score: -1313.4599609375
median_score: -1313.0
std_score: 56.88521957397461
percentiles: 2%=-1414.0999755859375, 5%=-1403.0999755859375, 10%=-1390.300048828125, 25%=-1355.5, 50%=-1313.0, 75%=-1278.5, 90%=-1247.699951171875, 95%=-1204.800048828125, 98%=-1195.0
ranking_best_algo: BigLognormalDiscreteOnePlusOne
ranking_best_score: 1301.3600000000004
ranking_my_rank: 1/504 (100.0%)
ranking_my_percent: 100.0
