ConfigName: kjsd__advperagentrankweighted__M3__L18__eps0p007__g0p0005__ds0p1__dm0p2
Problem: NK
Kernel: jsd
Advantage: peragentrankweighted
M: 3
lambda: 18
epsilon_svgd: 0.007
gamma: 0.0005
decay_start_ratio: 0.1
decay_min_factor: 0.2
bandwith_kernel: None
no_interact: False
avg_score: 0.7524574398994446
median_score: 0.7527896165847778
std_score: 0.01264651957899332
percentiles: 2%=0.7267589569091797, 5%=0.7307679653167725, 10%=0.733877420425415, 25%=0.7446599006652832, 50%=0.7527896165847778, 75%=0.7600343823432922, 90%=0.7686701416969299, 95%=0.7723941802978516, 98%=0.7830487489700317
ranking_best_algo: Tabu
ranking_best_score: 0.7657846284375001
ranking_my_rank: 10/504 (98.2%)
ranking_my_percent: 98.21428571428571
