ConfigName: kfr__advglobalrankweighted__M4__L24__eps0p06__g0p007__ds0p01__dm0p01
Problem: NK
Kernel: fr
Advantage: globalrankweighted
M: 4
lambda: 24
epsilon_svgd: 0.06
gamma: 0.007
decay_start_ratio: 0.01
decay_min_factor: 0.01
bandwith_kernel: None
no_interact: False
avg_score: 0.6900761127471924
median_score: 0.6907089948654175
std_score: 0.00917374063283205
percentiles: 2%=0.6691936254501343, 5%=0.6746559739112854, 10%=0.6776694655418396, 25%=0.6855548620223999, 50%=0.6907089948654175, 75%=0.6945478916168213, 90%=0.7007594108581543, 95%=0.703873872756958, 98%=0.7080026268959045
ranking_best_algo: PBIL
ranking_best_score: 0.7170882103515624
ranking_my_rank: 126/504 (75.2%)
ranking_my_percent: 75.1984126984127
