ConfigName: kjsd__advperagentrankweighted__M3__L18__eps0p007__g0p0005__ds0p05__dm0p1
Problem: QUBO
Kernel: jsd
Advantage: peragentrankweighted
M: 3
lambda: 18
epsilon_svgd: 0.007
gamma: 0.0005
decay_start_ratio: 0.05
decay_min_factor: 0.1
bandwith_kernel: None
no_interact: False
avg_score: -579.1400146484375
median_score: -578.0
std_score: 26.473012924194336
percentiles: 2%=-635.0, 5%=-618.5499877929688, 10%=-613.0, 25%=-597.75, 50%=-578.0, 75%=-562.0, 90%=-545.9000244140625, 95%=-539.9500122070312, 98%=-526.780029296875
ranking_best_algo: Tabu
ranking_best_score: 588.7199999999999
ranking_my_rank: 41/503 (92.0%)
ranking_my_percent: 92.04771371769384
