ConfigName: krbf__advnormalizedfitness__M3__L12__eps0p025__g0p01__ds0p3__dm0p3
Problem: QUBO
Kernel: rbf
Advantage: normalizedfitness
M: 3
lambda: 12
epsilon_svgd: 0.025
gamma: 0.01
decay_start_ratio: 0.3
decay_min_factor: 0.3
bandwith_kernel: None
no_interact: False
avg_score: -1130.0799560546875
median_score: -1128.0
std_score: 80.63308715820312
percentiles: 2%=-1343.199951171875, 5%=-1259.050048828125, 10%=-1232.199951171875, 25%=-1181.0, 50%=-1128.0, 75%=-1069.25, 90%=-1031.800048828125, 95%=-1016.6500244140625, 98%=-1002.35986328125
ranking_best_algo: Tabu
ranking_best_score: 1216.16
ranking_my_rank: 156/504 (69.2%)
ranking_my_percent: 69.24603174603175
