ConfigName: krbf__advglobalrankweighted__M4__L11__eps0p015__g0p005__ds0p01__dm0p01
Problem: QUBO
Kernel: rbf
Advantage: globalrankweighted
M: 4
lambda: 11
epsilon_svgd: 0.015
gamma: 0.005
decay_start_ratio: 0.01
decay_min_factor: 0.01
bandwith_kernel: None
no_interact: False
avg_score: -3173.860107421875
median_score: -3196.0
std_score: 159.73785400390625
percentiles: 2%=-3438.659912109375, 5%=-3409.300048828125, 10%=-3366.300048828125, 25%=-3291.25, 50%=-3196.0, 75%=-3065.5, 90%=-2965.60009765625, 95%=-2904.0, 98%=-2847.119873046875
ranking_best_algo: RLSOnePlusOne
ranking_best_score: 3316.5199999999995
ranking_my_rank: 60/504 (88.3%)
ranking_my_percent: 88.2936507936508
