ConfigName: kfr__advglobalrankweighted__M2__L10__eps0p01__g0p005__ds0p01__dm0p01
Problem: NK
Kernel: fr
Advantage: globalrankweighted
M: 2
lambda: 10
epsilon_svgd: 0.01
gamma: 0.005
decay_start_ratio: 0.01
decay_min_factor: 0.01
bandwith_kernel: None
no_interact: False
avg_score: 0.7354158759117126
median_score: 0.7367132306098938
std_score: 0.009008419699966908
percentiles: 2%=0.716245174407959, 5%=0.717747688293457, 10%=0.7225029468536377, 25%=0.7288031578063965, 50%=0.7367132306098938, 75%=0.7423783540725708, 90%=0.745483934879303, 95%=0.7478423714637756, 98%=0.7493646144866943
ranking_best_algo: PBIL
ranking_best_score: 0.7248786399609374
ranking_my_rank: 1/504 (100.0%)
ranking_my_percent: 100.0
