ConfigName: kfr__advglobalrankweighted__M3__L11__eps0p015__g0p007__ds0p01__dm0p01
Problem: QUBO
Kernel: fr
Advantage: globalrankweighted
M: 3
lambda: 11
epsilon_svgd: 0.015
gamma: 0.007
decay_start_ratio: 0.01
decay_min_factor: 0.01
bandwith_kernel: None
no_interact: False
avg_score: -1301.199951171875
median_score: -1302.0
std_score: 61.12626266479492
percentiles: 2%=-1409.3199462890625, 5%=-1393.4000244140625, 10%=-1385.0, 25%=-1344.25, 50%=-1302.0, 75%=-1253.75, 90%=-1220.800048828125, 95%=-1196.9000244140625, 98%=-1188.8800048828125
ranking_best_algo: BigLognormalDiscreteOnePlusOne
ranking_best_score: 1301.3600000000004
ranking_my_rank: 2/504 (99.8%)
ranking_my_percent: 99.8015873015873
