ConfigName: krbf__advnormalizedfitness__M5__L8__eps0p03__g0p005__ds0p05__dm0p05
Problem: QUBO
Kernel: rbf
Advantage: normalizedfitness
M: 5
lambda: 8
epsilon_svgd: 0.03
gamma: 0.005
decay_start_ratio: 0.05
decay_min_factor: 0.05
bandwith_kernel: None
no_interact: False
avg_score: -415.6199951171875
median_score: -413.0
std_score: 27.099365234375
percentiles: 2%=-465.0400085449219, 5%=-457.20001220703125, 10%=-450.1000061035156, 25%=-436.25, 50%=-413.0, 75%=-396.0, 90%=-382.0, 95%=-369.8999938964844, 98%=-367.760009765625
ranking_best_algo: Tabu
ranking_best_score: 438.12
ranking_my_rank: 49/504 (90.5%)
ranking_my_percent: 90.47619047619048
