ConfigName: krbf__advnormalizedfitness__M1__L10__eps0p015__g0p01__ds0p01__dm0p01
Problem: NK
Kernel: rbf
Advantage: normalizedfitness
M: 1
lambda: 10
epsilon_svgd: 0.015
gamma: 0.01
decay_start_ratio: 0.01
decay_min_factor: 0.01
bandwith_kernel: None
no_interact: False
avg_score: 0.7269559502601624
median_score: 0.7269902229309082
std_score: 0.007229916751384735
percentiles: 2%=0.713660478591919, 5%=0.7153584957122803, 10%=0.7183964848518372, 25%=0.7209683060646057, 50%=0.7269902229309082, 75%=0.7324371337890625, 90%=0.7361938953399658, 95%=0.7395648956298828, 98%=0.7406119108200073
ranking_best_algo: PBIL
ranking_best_score: 0.7170882103515624
ranking_my_rank: 1/504 (100.0%)
ranking_my_percent: 100.0
