ConfigName: kjsd__advperagentrankweighted__M3__L18__eps0p007__g0p0007__ds0p05__dm0p1
Problem: NK
Kernel: jsd
Advantage: peragentrankweighted
M: 3
lambda: 18
epsilon_svgd: 0.007
gamma: 0.0007
decay_start_ratio: 0.05
decay_min_factor: 0.1
bandwith_kernel: None
no_interact: False
avg_score: 0.7578468322753906
median_score: 0.7577333450317383
std_score: 0.012434176169335842
percentiles: 2%=0.7326401472091675, 5%=0.7365267872810364, 10%=0.7430776357650757, 25%=0.7500239014625549, 50%=0.7577333450317383, 75%=0.764647364616394, 90%=0.7763774394989014, 95%=0.7802398800849915, 98%=0.7809286117553711
ranking_best_algo: Tabu
ranking_best_score: 0.7470791764843752
ranking_my_rank: 1/504 (100.0%)
ranking_my_percent: 100.0
