ConfigName: krbf__advnormalizedfitness__M4__L15__eps0p015__g0p005__ds0p3__dm0p3
Problem: QUBO
Kernel: rbf
Advantage: normalizedfitness
M: 4
lambda: 15
epsilon_svgd: 0.015
gamma: 0.005
decay_start_ratio: 0.3
decay_min_factor: 0.3
bandwith_kernel: None
no_interact: False
avg_score: -803.2000122070312
median_score: -797.5
std_score: 80.553466796875
percentiles: 2%=-993.219970703125, 5%=-942.3999633789062, 10%=-916.7000122070312, 25%=-845.25, 50%=-797.5, 75%=-749.75, 90%=-717.9000244140625, 95%=-694.6000366210938, 98%=-643.0
ranking_best_algo: SVMMetaModelLogNormal
ranking_best_score: 1233.7999999999997
ranking_my_rank: 324/504 (35.9%)
ranking_my_percent: 35.91269841269841
