ConfigName: kfr__advglobalrankweighted__M6__L7__eps0p02__g0p003__ds0p01__dm0p01
Problem: QUBO
Kernel: fr
Advantage: globalrankweighted
M: 6
lambda: 7
epsilon_svgd: 0.02
gamma: 0.003
decay_start_ratio: 0.01
decay_min_factor: 0.01
bandwith_kernel: None
no_interact: False
avg_score: -2447.659912109375
median_score: -2446.0
std_score: 121.24787139892578
percentiles: 2%=-2694.0400390625, 5%=-2667.449951171875, 10%=-2612.5, 25%=-2528.5, 50%=-2446.0, 75%=-2349.5, 90%=-2299.0, 95%=-2282.500244140625, 98%=-2250.699951171875
ranking_best_algo: SVM1MetaModelLogNormal
ranking_best_score: 2605.14
ranking_my_rank: 87/504 (82.9%)
ranking_my_percent: 82.93650793650794
