ConfigName: kjsd__advperagentrankweighted__M6__L8__eps0p03__g0p0003__ds0p2__dm0p05
Problem: QUBO
Kernel: jsd
Advantage: peragentrankweighted
M: 6
lambda: 8
epsilon_svgd: 0.03
gamma: 0.0003
decay_start_ratio: 0.2
decay_min_factor: 0.05
bandwith_kernel: None
no_interact: False
avg_score: -406.8999938964844
median_score: -405.5
std_score: 27.317209243774414
percentiles: 2%=-455.1199951171875, 5%=-453.0, 10%=-446.29998779296875, 25%=-427.25, 50%=-405.5, 75%=-383.5, 90%=-372.0, 95%=-366.0, 98%=-359.760009765625
ranking_best_algo: Tabu
ranking_best_score: 438.12
ranking_my_rank: 160/504 (68.5%)
ranking_my_percent: 68.45238095238095
