ConfigName: kjsd__advperagentrankweighted__M4__L10__eps0p005__g0p0005__ds0p2__dm0p05
Problem: QUBO
Kernel: jsd
Advantage: peragentrankweighted
M: 4
lambda: 10
epsilon_svgd: 0.005
gamma: 0.0005
decay_start_ratio: 0.2
decay_min_factor: 0.05
bandwith_kernel: None
no_interact: False
avg_score: -199.02000427246094
median_score: -200.5
std_score: 12.555460929870605
percentiles: 2%=-224.0, 5%=-220.10000610351562, 10%=-213.10000610351562, 25%=-207.0, 50%=-200.5, 75%=-189.0, 90%=-182.0, 95%=-178.9499969482422, 98%=-175.94000244140625
ranking_best_algo: Tabu
ranking_best_score: 208.36000000000004
ranking_my_rank: 88/504 (82.7%)
ranking_my_percent: 82.73809523809524
