ConfigName: krbf__advnormalizedfitness__M1__L8__eps0p015__g0p007__ds0p3__dm0p01
Problem: QUBO
Kernel: rbf
Advantage: normalizedfitness
M: 1
lambda: 8
epsilon_svgd: 0.015
gamma: 0.007
decay_start_ratio: 0.3
decay_min_factor: 0.01
bandwith_kernel: None
no_interact: False
avg_score: -1590.4599609375
median_score: -1591.0
std_score: 81.82840728759766
percentiles: 2%=-1713.1400146484375, 5%=-1696.199951171875, 10%=-1683.199951171875, 25%=-1638.75, 50%=-1591.0, 75%=-1551.75, 90%=-1504.699951171875, 95%=-1478.800048828125, 98%=-1468.2398681640625
ranking_best_algo: NLOPT_LN_PRAXIS
ranking_best_score: 1607.12
ranking_my_rank: 39/504 (92.5%)
ranking_my_percent: 92.46031746031746
