ConfigName: krbf__advnormalizedfitness__M3__L12__eps0p015__g0p01__ds0p15__dm0p01
Problem: NK
Kernel: rbf
Advantage: normalizedfitness
M: 3
lambda: 12
epsilon_svgd: 0.015
gamma: 0.01
decay_start_ratio: 0.15
decay_min_factor: 0.01
bandwith_kernel: None
no_interact: False
avg_score: 0.7362996935844421
median_score: 0.7377082109451294
std_score: 0.00866204034537077
percentiles: 2%=0.7189891934394836, 5%=0.7207461595535278, 10%=0.7235589623451233, 25%=0.7303990125656128, 50%=0.7377082109451294, 75%=0.7426636219024658, 90%=0.7460938692092896, 95%=0.7492908239364624, 98%=0.7517299652099609
ranking_best_algo: PBIL
ranking_best_score: 0.730509098125
ranking_my_rank: 1/504 (100.0%)
ranking_my_percent: 100.0
