ConfigName: krbf__advnormalizedfitness__M2__L8__eps0p015__g0p007__ds0p3__dm0p01
Problem: QUBO
Kernel: rbf
Advantage: normalizedfitness
M: 2
lambda: 8
epsilon_svgd: 0.015
gamma: 0.007
decay_start_ratio: 0.3
decay_min_factor: 0.01
bandwith_kernel: None
no_interact: False
avg_score: -137.39999389648438
median_score: -141.0
std_score: 12.832770347595215
percentiles: 2%=-158.0399932861328, 5%=-156.0500030517578, 10%=-153.0, 25%=-146.0, 50%=-141.0, 75%=-129.0, 90%=-121.0, 95%=-113.0, 98%=-107.9800033569336
ranking_best_algo: DiscreteDE
ranking_best_score: 143.4
ranking_my_rank: 128/504 (74.8%)
ranking_my_percent: 74.8015873015873
