ConfigName: krbf__advnormalizedfitness__M3__L10__eps0p025__g0p007__ds0p3__dm0p3
Problem: QUBO
Kernel: rbf
Advantage: normalizedfitness
M: 3
lambda: 10
epsilon_svgd: 0.025
gamma: 0.007
decay_start_ratio: 0.3
decay_min_factor: 0.3
bandwith_kernel: None
no_interact: False
avg_score: -308.8800048828125
median_score: -315.0
std_score: 38.5583381652832
percentiles: 2%=-390.0, 5%=-384.29998779296875, 10%=-354.0, 25%=-332.0, 50%=-315.0, 75%=-271.75, 90%=-264.79998779296875, 95%=-253.90000915527344, 98%=-246.0
ranking_best_algo: CMApara
ranking_best_score: 319.29999999999995
ranking_my_rank: 82/504 (83.9%)
ranking_my_percent: 83.92857142857143
