ConfigName: krbf__advnormalizedfitness__M2__L10__eps0p033__g0p005__ds0p3__dm0p01
Problem: QUBO
Kernel: rbf
Advantage: normalizedfitness
M: 2
lambda: 10
epsilon_svgd: 0.033
gamma: 0.005
decay_start_ratio: 0.3
decay_min_factor: 0.01
bandwith_kernel: None
no_interact: False
avg_score: -418.3599853515625
median_score: -420.5
std_score: 27.479999542236328
percentiles: 2%=-469.1199951171875, 5%=-463.04998779296875, 10%=-453.0, 25%=-433.25, 50%=-420.5, 75%=-402.75, 90%=-381.8999938964844, 95%=-366.95001220703125, 98%=-357.8399963378906
ranking_best_algo: CMAL3
ranking_best_score: 435.36
ranking_my_rank: 96/504 (81.2%)
ranking_my_percent: 81.15079365079364
