ConfigName: krbf__advnormalizedfitness__M3__L15__eps0p015__g0p015__ds0p01__dm0p01
Problem: QUBO
Kernel: rbf
Advantage: normalizedfitness
M: 3
lambda: 15
epsilon_svgd: 0.015
gamma: 0.015
decay_start_ratio: 0.01
decay_min_factor: 0.01
bandwith_kernel: None
no_interact: False
avg_score: -411.9200134277344
median_score: -409.5
std_score: 33.96871566772461
percentiles: 2%=-469.0400085449219, 5%=-464.04998779296875, 10%=-453.1000061035156, 25%=-441.5, 50%=-409.5, 75%=-390.0, 90%=-367.79998779296875, 95%=-351.0, 98%=-334.8399658203125
ranking_best_algo: CMApara
ranking_best_score: 453.82
ranking_my_rank: 230/504 (54.6%)
ranking_my_percent: 54.56349206349206
