ConfigName: kjsd__advperagentrankweighted__M3__L18__eps0p01__g0p001__ds0p05__dm0p2
Problem: QUBO
Kernel: jsd
Advantage: peragentrankweighted
M: 3
lambda: 18
epsilon_svgd: 0.01
gamma: 0.001
decay_start_ratio: 0.05
decay_min_factor: 0.2
bandwith_kernel: None
no_interact: False
avg_score: -2651.239990234375
median_score: -2655.5
std_score: 119.61747741699219
percentiles: 2%=-2837.60009765625, 5%=-2821.10009765625, 10%=-2801.0, 25%=-2741.75, 50%=-2655.5, 75%=-2553.0, 90%=-2468.800048828125, 95%=-2445.75, 98%=-2419.97998046875
ranking_best_algo: DiscreteLengler2OnePlusOne
ranking_best_score: 2617.04
ranking_my_rank: 1/504 (100.0%)
ranking_my_percent: 100.0
