ConfigName: kfr__advglobalrankweighted__M3__L9__eps0p02__g0p003__ds0p01__dm0p01
Problem: QUBO
Kernel: fr
Advantage: globalrankweighted
M: 3
lambda: 9
epsilon_svgd: 0.02
gamma: 0.003
decay_start_ratio: 0.01
decay_min_factor: 0.01
bandwith_kernel: None
no_interact: False
avg_score: -575.0399780273438
median_score: -574.5
std_score: 27.845260620117188
percentiles: 2%=-629.0, 5%=-625.0, 10%=-613.2000122070312, 25%=-592.0, 50%=-574.5, 75%=-556.0, 90%=-545.0, 95%=-531.550048828125, 98%=-512.7999267578125
ranking_best_algo: Tabu
ranking_best_score: 588.7199999999999
ranking_my_rank: 57/503 (88.9%)
ranking_my_percent: 88.86679920477137
