ConfigName: kjsd__advperagentrankweighted__M5__L10__eps0p01__g0p0005__ds0p4__dm0p2
Problem: QUBO
Kernel: jsd
Advantage: peragentrankweighted
M: 5
lambda: 10
epsilon_svgd: 0.01
gamma: 0.0005
decay_start_ratio: 0.4
decay_min_factor: 0.2
bandwith_kernel: None
no_interact: False
avg_score: -583.219970703125
median_score: -580.5
std_score: 28.709434509277344
percentiles: 2%=-645.1599731445312, 5%=-627.4500122070312, 10%=-618.5, 25%=-605.0, 50%=-580.5, 75%=-563.0, 90%=-547.7000122070312, 95%=-540.5499877929688, 98%=-526.8800048828125
ranking_best_algo: Tabu
ranking_best_score: 588.7199999999999
ranking_my_rank: 5/503 (99.2%)
ranking_my_percent: 99.20477137176938
