ConfigName: krbf__advnormalizedfitness__M4__L15__eps0p015__g0p005__ds0p3__dm0p3
Problem: QUBO
Kernel: rbf
Advantage: normalizedfitness
M: 4
lambda: 15
epsilon_svgd: 0.015
gamma: 0.005
decay_start_ratio: 0.3
decay_min_factor: 0.3
bandwith_kernel: None
no_interact: False
avg_score: -863.6799926757812
median_score: -861.0
std_score: 95.29006958007812
percentiles: 2%=-1031.56005859375, 5%=-1013.4000244140625, 10%=-981.2000122070312, 25%=-928.75, 50%=-861.0, 75%=-793.75, 90%=-751.0, 95%=-726.7000122070312, 98%=-697.5798950195312
ranking_best_algo: BigLognormalDiscreteOnePlusOne
ranking_best_score: 1301.3600000000004
ranking_my_rank: 322/504 (36.3%)
ranking_my_percent: 36.30952380952381
