ConfigName: kjsd__advperagentrankweighted__M3__L24__eps0p007__g0p001__ds0p2__dm0p05
Problem: QUBO
Kernel: jsd
Advantage: peragentrankweighted
M: 3
lambda: 24
epsilon_svgd: 0.007
gamma: 0.001
decay_start_ratio: 0.2
decay_min_factor: 0.05
bandwith_kernel: None
no_interact: False
avg_score: -2639.280029296875
median_score: -2625.5
std_score: 124.8837890625
percentiles: 2%=-2880.219970703125, 5%=-2848.050048828125, 10%=-2829.60009765625, 25%=-2728.5, 50%=-2625.5, 75%=-2562.0, 90%=-2489.60009765625, 95%=-2452.89990234375, 98%=-2417.840087890625
ranking_best_algo: DiscreteLengler2OnePlusOne
ranking_best_score: 2617.04
ranking_my_rank: 1/504 (100.0%)
ranking_my_percent: 100.0
