ConfigName: krbf__advnormalizedfitness__M1__L10__eps0p015__g0p005__ds0p3__dm0p3
Problem: QUBO
Kernel: rbf
Advantage: normalizedfitness
M: 1
lambda: 10
epsilon_svgd: 0.015
gamma: 0.005
decay_start_ratio: 0.3
decay_min_factor: 0.3
bandwith_kernel: None
no_interact: False
avg_score: -1602.6400146484375
median_score: -1600.5
std_score: 69.2503433227539
percentiles: 2%=-1753.219970703125, 5%=-1706.300048828125, 10%=-1695.300048828125, 25%=-1657.5, 50%=-1600.5, 75%=-1555.75, 90%=-1515.9000244140625, 95%=-1498.9000244140625, 98%=-1490.5198974609375
ranking_best_algo: NLOPT_LN_PRAXIS
ranking_best_score: 1607.12
ranking_my_rank: 11/504 (98.0%)
ranking_my_percent: 98.01587301587301
