ConfigName: krbf__advnormalizedfitness__M3__L15__eps0p025__g0p007__ds0p3__dm0p3
Problem: NK
Kernel: rbf
Advantage: normalizedfitness
M: 3
lambda: 15
epsilon_svgd: 0.025
gamma: 0.007
decay_start_ratio: 0.3
decay_min_factor: 0.3
bandwith_kernel: None
no_interact: False
avg_score: 0.7354575395584106
median_score: 0.7356178760528564
std_score: 0.009128047153353691
percentiles: 2%=0.7171124815940857, 5%=0.7195450067520142, 10%=0.7232375741004944, 25%=0.7293172478675842, 50%=0.7356178760528564, 75%=0.7419859170913696, 90%=0.7459027171134949, 95%=0.748896598815918, 98%=0.7513226866722107
ranking_best_algo: PBIL
ranking_best_score: 0.730509098125
ranking_my_rank: 1/504 (100.0%)
ranking_my_percent: 100.0
