ConfigName: krbf__advglobalrankweighted__M4__L11__eps0p015__g0p003__ds0p01__dm0p01
Problem: QUBO
Kernel: rbf
Advantage: globalrankweighted
M: 4
lambda: 11
epsilon_svgd: 0.015
gamma: 0.003
decay_start_ratio: 0.01
decay_min_factor: 0.01
bandwith_kernel: None
no_interact: False
avg_score: -201.4600067138672
median_score: -202.5
std_score: 12.07097339630127
percentiles: 2%=-221.02000427246094, 5%=-219.0500030517578, 10%=-218.10000610351562, 25%=-211.0, 50%=-202.5, 75%=-193.75, 90%=-186.70001220703125, 95%=-180.95001220703125, 98%=-175.91998291015625
ranking_best_algo: Tabu
ranking_best_score: 208.36000000000004
ranking_my_rank: 40/504 (92.3%)
ranking_my_percent: 92.26190476190476
