ConfigName: kjsd__advperagentrankweighted__M5__L8__eps0p01__g0p003__ds0p2__dm0p05
Problem: QUBO
Kernel: jsd
Advantage: peragentrankweighted
M: 5
lambda: 8
epsilon_svgd: 0.01
gamma: 0.003
decay_start_ratio: 0.2
decay_min_factor: 0.05
bandwith_kernel: None
no_interact: False
avg_score: -1267.1600341796875
median_score: -1259.0
std_score: 69.22596740722656
percentiles: 2%=-1413.1400146484375, 5%=-1395.0999755859375, 10%=-1366.0999755859375, 25%=-1313.5, 50%=-1259.0, 75%=-1220.5, 90%=-1184.800048828125, 95%=-1158.949951171875, 98%=-1131.93994140625
ranking_best_algo: BigLognormalDiscreteOnePlusOne
ranking_best_score: 1301.3600000000004
ranking_my_rank: 50/504 (90.3%)
ranking_my_percent: 90.27777777777777
