ConfigName: krbf__advnormalizedfitness__M3__L15__eps0p015__g0p005__ds0p15__dm0p3
Problem: QUBO
Kernel: rbf
Advantage: normalizedfitness
M: 3
lambda: 15
epsilon_svgd: 0.015
gamma: 0.005
decay_start_ratio: 0.15
decay_min_factor: 0.3
bandwith_kernel: None
no_interact: False
avg_score: -138.25999450683594
median_score: -139.0
std_score: 11.2468843460083
percentiles: 2%=-159.02000427246094, 5%=-156.10000610351562, 10%=-151.0, 25%=-146.0, 50%=-139.0, 75%=-129.0, 90%=-123.0, 95%=-120.90000915527344, 98%=-115.0
ranking_best_algo: DiscreteDE
ranking_best_score: 143.4
ranking_my_rank: 110/504 (78.4%)
ranking_my_percent: 78.37301587301587
