ConfigName: krbf__advnormalizedfitness__M4__L15__eps0p025__g0p01__ds0p05__dm0p05
Problem: QUBO
Kernel: rbf
Advantage: normalizedfitness
M: 4
lambda: 15
epsilon_svgd: 0.025
gamma: 0.01
decay_start_ratio: 0.05
decay_min_factor: 0.05
bandwith_kernel: None
no_interact: False
avg_score: -1073.0
median_score: -1061.5
std_score: 92.45463562011719
percentiles: 2%=-1267.0999755859375, 5%=-1223.300048828125, 10%=-1190.199951171875, 25%=-1142.5, 50%=-1061.5, 75%=-1022.0, 90%=-966.2000122070312, 95%=-944.7000122070312, 98%=-888.2000122070312
ranking_best_algo: BigLognormalDiscreteOnePlusOne
ranking_best_score: 1301.3600000000004
ranking_my_rank: 213/504 (57.9%)
ranking_my_percent: 57.93650793650794
