ConfigName: kjsd__advperagentrankweighted__M3__L18__eps0p01__g0p0007__ds0p05__dm0p1
Problem: QUBO
Kernel: jsd
Advantage: peragentrankweighted
M: 3
lambda: 18
epsilon_svgd: 0.01
gamma: 0.0007
decay_start_ratio: 0.05
decay_min_factor: 0.1
bandwith_kernel: None
no_interact: False
avg_score: -308.3399963378906
median_score: -310.0
std_score: 38.40266036987305
percentiles: 2%=-388.1600036621094, 5%=-382.1000061035156, 10%=-352.79998779296875, 25%=-336.0, 50%=-310.0, 75%=-273.0, 90%=-264.8999938964844, 95%=-261.95001220703125, 98%=-245.83999633789062
ranking_best_algo: CMApara
ranking_best_score: 319.29999999999995
ranking_my_rank: 89/504 (82.5%)
ranking_my_percent: 82.53968253968254
