ConfigName: kjsd__advperagentrankweighted__M5__L24__eps0p03__g0p0007__ds0p05__dm0p05
Problem: NK
Kernel: jsd
Advantage: peragentrankweighted
M: 5
lambda: 24
epsilon_svgd: 0.03
gamma: 0.0007
decay_start_ratio: 0.05
decay_min_factor: 0.05
bandwith_kernel: None
no_interact: False
avg_score: 0.7072898745536804
median_score: 0.7102162837982178
std_score: 0.012000838294625282
percentiles: 2%=0.6881139278411865, 5%=0.6893160343170166, 10%=0.6913801431655884, 25%=0.6954219341278076, 50%=0.7102162837982178, 75%=0.7176832556724548, 90%=0.7212575674057007, 95%=0.7231876254081726, 98%=0.7239305377006531
ranking_best_algo: PBIL
ranking_best_score: 0.7013553837109374
ranking_my_rank: 1/504 (100.0%)
ranking_my_percent: 100.0
