ConfigName: kjsd__advperagentrankweighted__M5__L10__eps0p005__g0p0005__ds0p4__dm0p2
Problem: NK
Kernel: jsd
Advantage: peragentrankweighted
M: 5
lambda: 10
epsilon_svgd: 0.005
gamma: 0.0005
decay_start_ratio: 0.4
decay_min_factor: 0.2
bandwith_kernel: None
no_interact: False
avg_score: 0.7554531693458557
median_score: 0.753877580165863
std_score: 0.012617658823728561
percentiles: 2%=0.7325831651687622, 5%=0.7351301908493042, 10%=0.7384005784988403, 25%=0.7482433915138245, 50%=0.753877580165863, 75%=0.7649775743484497, 90%=0.771914005279541, 95%=0.7768049836158752, 98%=0.7795189023017883
ranking_best_algo: Tabu
ranking_best_score: 0.7470791764843752
ranking_my_rank: 1/504 (100.0%)
ranking_my_percent: 100.0
