ConfigName: krbf__advnormalizedfitness__M3__L8__eps0p03__g0p01__ds0p05__dm0p05
Problem: QUBO
Kernel: rbf
Advantage: normalizedfitness
M: 3
lambda: 8
epsilon_svgd: 0.03
gamma: 0.01
decay_start_ratio: 0.05
decay_min_factor: 0.05
bandwith_kernel: None
no_interact: False
avg_score: -902.3400268554688
median_score: -898.0
std_score: 58.12800216674805
percentiles: 2%=-997.4600219726562, 5%=-991.0499877929688, 10%=-981.0, 25%=-944.0, 50%=-898.0, 75%=-862.0, 90%=-820.4000244140625, 95%=-802.9500122070312, 98%=-785.9400024414062
ranking_best_algo: CMAL3
ranking_best_score: 928.5800000000002
ranking_my_rank: 67/504 (86.9%)
ranking_my_percent: 86.9047619047619
