ConfigName: kjsd__advperagentrankweighted__M3__L16__eps0p005__g0p0007__ds0p2__dm0p05
Problem: NK
Kernel: jsd
Advantage: peragentrankweighted
M: 3
lambda: 16
epsilon_svgd: 0.005
gamma: 0.0007
decay_start_ratio: 0.2
decay_min_factor: 0.05
bandwith_kernel: None
no_interact: False
avg_score: 0.7205944061279297
median_score: 0.7204922437667847
std_score: 0.006509626749902964
percentiles: 2%=0.7088882923126221, 5%=0.7099742889404297, 10%=0.7117344737052917, 25%=0.7159959077835083, 50%=0.7204922437667847, 75%=0.7250277400016785, 90%=0.7286709547042847, 95%=0.7301300764083862, 98%=0.7327943444252014
ranking_best_algo: PBIL
ranking_best_score: 0.7170882103515624
ranking_my_rank: 1/504 (100.0%)
ranking_my_percent: 100.0
