ConfigName: kjsd__advperagentrankweighted__M3__L24__eps0p007__g0p001__ds0p05__dm0p05
Problem: NK
Kernel: jsd
Advantage: peragentrankweighted
M: 3
lambda: 24
epsilon_svgd: 0.007
gamma: 0.001
decay_start_ratio: 0.05
decay_min_factor: 0.05
bandwith_kernel: None
no_interact: False
avg_score: 0.744845449924469
median_score: 0.7409839034080505
std_score: 0.02757011167705059
percentiles: 2%=0.7064431309700012, 5%=0.7105557918548584, 10%=0.7123075127601624, 25%=0.7211005091667175, 50%=0.7409839034080505, 75%=0.7583327293395996, 90%=0.7775554656982422, 95%=0.8045802712440491, 98%=0.8118547797203064
ranking_best_algo: CMApara
ranking_best_score: 0.7459277895312499
ranking_my_rank: 2/504 (99.8%)
ranking_my_percent: 99.8015873015873
