ConfigName: kjsd__advperagentrankweighted__M5__L24__eps0p007__g0p0005__ds0p05__dm0p05
Problem: QUBO
Kernel: jsd
Advantage: peragentrankweighted
M: 5
lambda: 24
epsilon_svgd: 0.007
gamma: 0.0005
decay_start_ratio: 0.05
decay_min_factor: 0.05
bandwith_kernel: None
no_interact: False
avg_score: -939.0800170898438
median_score: -929.0
std_score: 67.62376403808594
percentiles: 2%=-1063.0400390625, 5%=-1043.25, 10%=-1034.0999755859375, 25%=-993.25, 50%=-929.0, 75%=-887.75, 90%=-860.0999755859375, 95%=-836.9000244140625, 98%=-816.9600219726562
ranking_best_algo: CMApara
ranking_best_score: 964.9
ranking_my_rank: 7/504 (98.8%)
ranking_my_percent: 98.80952380952381
