ConfigName: kjsd__advperagentrankweighted__M3__L18__eps0p01__g0p003__ds0p2__dm0p05
Problem: NK
Kernel: jsd
Advantage: peragentrankweighted
M: 3
lambda: 18
epsilon_svgd: 0.01
gamma: 0.003
decay_start_ratio: 0.2
decay_min_factor: 0.05
bandwith_kernel: None
no_interact: False
avg_score: 0.7346722483634949
median_score: 0.7368718981742859
std_score: 0.009548256173729897
percentiles: 2%=0.7112725377082825, 5%=0.715631365776062, 10%=0.7209151983261108, 25%=0.7288625240325928, 50%=0.7368718981742859, 75%=0.7412598133087158, 90%=0.7451656460762024, 95%=0.7461391091346741, 98%=0.74774169921875
ranking_best_algo: PBIL
ranking_best_score: 0.7248786399609374
ranking_my_rank: 1/504 (100.0%)
ranking_my_percent: 100.0
