ConfigName: kjsd__advperagentrankweighted__M4__L24__eps0p03__g0p0007__ds0p2__dm0p05
Problem: NK
Kernel: jsd
Advantage: peragentrankweighted
M: 4
lambda: 24
epsilon_svgd: 0.03
gamma: 0.0007
decay_start_ratio: 0.2
decay_min_factor: 0.05
bandwith_kernel: None
no_interact: False
avg_score: 0.7420834302902222
median_score: 0.7408278584480286
std_score: 0.008959976956248283
percentiles: 2%=0.7289384603500366, 5%=0.7292464971542358, 10%=0.7316610813140869, 25%=0.7347545623779297, 50%=0.7408278584480286, 75%=0.7482644319534302, 90%=0.7555731534957886, 95%=0.7563151121139526, 98%=0.7609327435493469
ranking_best_algo: PBIL
ranking_best_score: 0.733570253046875
ranking_my_rank: 1/504 (100.0%)
ranking_my_percent: 100.0
