ConfigName: krbf__advnormalizedfitness__M4__L8__eps0p025__g0p01__ds0p3__dm0p01
Problem: NK
Kernel: rbf
Advantage: normalizedfitness
M: 4
lambda: 8
epsilon_svgd: 0.025
gamma: 0.01
decay_start_ratio: 0.3
decay_min_factor: 0.01
bandwith_kernel: None
no_interact: False
avg_score: 0.7531642913818359
median_score: 0.7547972202301025
std_score: 0.012699349783360958
percentiles: 2%=0.7264050245285034, 5%=0.7293250560760498, 10%=0.7366564273834229, 25%=0.7440051436424255, 50%=0.7547972202301025, 75%=0.7632040977478027, 90%=0.7676717042922974, 95%=0.7706468105316162, 98%=0.7719863057136536
ranking_best_algo: Tabu
ranking_best_score: 0.7657846284375001
ranking_my_rank: 9/504 (98.4%)
ranking_my_percent: 98.41269841269842
