ConfigName: krbf__advnormalizedfitness__M3__L10__eps0p025__g0p001__ds0p05__dm0p05
Problem: QUBO
Kernel: rbf
Advantage: normalizedfitness
M: 3
lambda: 10
epsilon_svgd: 0.025
gamma: 0.001
decay_start_ratio: 0.05
decay_min_factor: 0.05
bandwith_kernel: None
no_interact: False
avg_score: -2416.719970703125
median_score: -2433.0
std_score: 186.62176513671875
percentiles: 2%=-2733.10009765625, 5%=-2692.199951171875, 10%=-2662.5, 25%=-2557.25, 50%=-2433.0, 75%=-2282.0, 90%=-2169.60009765625, 95%=-2135.699951171875, 98%=-2030.800048828125
ranking_best_algo: DiscreteLengler2OnePlusOne
ranking_best_score: 2617.04
ranking_my_rank: 130/504 (74.4%)
ranking_my_percent: 74.4047619047619
