ConfigName: kfr__advglobalrankweighted__M4__L5__eps0p06__g0p005__ds0p01__dm0p01
Problem: NK
Kernel: fr
Advantage: globalrankweighted
M: 4
lambda: 5
epsilon_svgd: 0.06
gamma: 0.005
decay_start_ratio: 0.01
decay_min_factor: 0.01
bandwith_kernel: None
no_interact: False
avg_score: 0.7311739921569824
median_score: 0.7293474674224854
std_score: 0.013518004678189754
percentiles: 2%=0.7075362205505371, 5%=0.7099461555480957, 10%=0.7168138027191162, 25%=0.721850574016571, 50%=0.7293474674224854, 75%=0.739699125289917, 90%=0.7510342597961426, 95%=0.7546947002410889, 98%=0.7633424997329712
ranking_best_algo: Tabu
ranking_best_score: 0.7601875690625
ranking_my_rank: 42/504 (91.9%)
ranking_my_percent: 91.86507936507937
