ConfigName: krbf__advnormalizedfitness__M3__L12__eps0p015__g0p01__ds0p01__dm0p3
Problem: NK
Kernel: rbf
Advantage: normalizedfitness
M: 3
lambda: 12
epsilon_svgd: 0.015
gamma: 0.01
decay_start_ratio: 0.01
decay_min_factor: 0.3
bandwith_kernel: None
no_interact: False
avg_score: 0.6510807275772095
median_score: 0.6502447128295898
std_score: 0.012976344674825668
percentiles: 2%=0.6281991600990295, 5%=0.6293609142303467, 10%=0.6350921392440796, 25%=0.6409850120544434, 50%=0.6502447128295898, 75%=0.6616886854171753, 90%=0.6691192984580994, 95%=0.6726638674736023, 98%=0.6762736439704895
ranking_best_algo: PBIL
ranking_best_score: 0.733570253046875
ranking_my_rank: 300/504 (40.7%)
ranking_my_percent: 40.67460317460318
