ConfigName: kjsd__advperagentrankweighted__M4__L10__eps0p02__g0p0007__ds0p2__dm0p05
Problem: QUBO
Kernel: jsd
Advantage: peragentrankweighted
M: 4
lambda: 10
epsilon_svgd: 0.02
gamma: 0.0007
decay_start_ratio: 0.2
decay_min_factor: 0.05
bandwith_kernel: None
no_interact: False
avg_score: -425.760009765625
median_score: -426.0
std_score: 27.469663619995117
percentiles: 2%=-475.0, 5%=-471.20001220703125, 10%=-461.3999938964844, 25%=-447.0, 50%=-426.0, 75%=-405.0, 90%=-392.8999938964844, 95%=-379.95001220703125, 98%=-372.9800109863281
ranking_best_algo: CMAL3
ranking_best_score: 435.36
ranking_my_rank: 26/504 (95.0%)
ranking_my_percent: 95.03968253968254
