ConfigName: kjsd__advperagentrankweighted__M3__L18__eps0p007__g0p0007__ds0p1__dm0p2
Problem: QUBO
Kernel: jsd
Advantage: peragentrankweighted
M: 3
lambda: 18
epsilon_svgd: 0.007
gamma: 0.0007
decay_start_ratio: 0.1
decay_min_factor: 0.2
bandwith_kernel: None
no_interact: False
avg_score: -3302.639892578125
median_score: -3301.5
std_score: 112.81643676757812
percentiles: 2%=-3516.199951171875, 5%=-3486.300048828125, 10%=-3450.199951171875, 25%=-3378.25, 50%=-3301.5, 75%=-3207.75, 90%=-3167.5, 95%=-3132.85009765625, 98%=-3093.300048828125
ranking_best_algo: RLSOnePlusOne
ranking_best_score: 3316.5199999999995
ranking_my_rank: 3/504 (99.6%)
ranking_my_percent: 99.60317460317461
