ConfigName: krbf__advnormalizedfitness__M2__L8__eps0p015__g0p015__ds0p01__dm0p01
Problem: QUBO
Kernel: rbf
Advantage: normalizedfitness
M: 2
lambda: 8
epsilon_svgd: 0.015
gamma: 0.015
decay_start_ratio: 0.01
decay_min_factor: 0.01
bandwith_kernel: None
no_interact: False
avg_score: -309.0199890136719
median_score: -308.0
std_score: 38.13816452026367
percentiles: 2%=-386.1199951171875, 5%=-378.20001220703125, 10%=-359.3999938964844, 25%=-337.0, 50%=-308.0, 75%=-274.75, 90%=-265.8999938964844, 95%=-261.79998779296875, 98%=-253.86000061035156
ranking_best_algo: CMApara
ranking_best_score: 319.29999999999995
ranking_my_rank: 82/504 (83.9%)
ranking_my_percent: 83.92857142857143
