ConfigName: krbf__advnormalizedfitness__M1__L8__eps0p015__g0p005__ds0p3__dm0p3
Problem: QUBO
Kernel: rbf
Advantage: normalizedfitness
M: 1
lambda: 8
epsilon_svgd: 0.015
gamma: 0.005
decay_start_ratio: 0.3
decay_min_factor: 0.3
bandwith_kernel: None
no_interact: False
avg_score: -139.60000610351562
median_score: -140.5
std_score: 19.04730987548828
percentiles: 2%=-179.0, 5%=-175.1999969482422, 10%=-158.0, 25%=-150.0, 50%=-140.5, 75%=-129.0, 90%=-122.0, 95%=-116.85001373291016, 98%=-110.71994018554688
ranking_best_algo: CMApara
ranking_best_score: 154.28
ranking_my_rank: 315/504 (37.7%)
ranking_my_percent: 37.698412698412696
