ConfigName: kjsd__advperagentrankweighted__M4__L24__eps0p005__g0p0005__ds0p2__dm0p05
Problem: QUBO
Kernel: jsd
Advantage: peragentrankweighted
M: 4
lambda: 24
epsilon_svgd: 0.005
gamma: 0.0005
decay_start_ratio: 0.2
decay_min_factor: 0.05
bandwith_kernel: None
no_interact: False
avg_score: -310.0199890136719
median_score: -310.0
std_score: 40.87737274169922
percentiles: 2%=-396.0, 5%=-388.1000061035156, 10%=-360.20001220703125, 25%=-336.0, 50%=-310.0, 75%=-272.0, 90%=-264.8999938964844, 95%=-252.9499969482422, 98%=-247.9199981689453
ranking_best_algo: CMApara
ranking_best_score: 319.29999999999995
ranking_my_rank: 65/504 (87.3%)
ranking_my_percent: 87.3015873015873
