ConfigName: kjsd__advperagentrankweighted__M4__L8__eps0p005__g0p0005__ds0p05__dm0p2
Problem: QUBO
Kernel: jsd
Advantage: peragentrankweighted
M: 4
lambda: 8
epsilon_svgd: 0.005
gamma: 0.0005
decay_start_ratio: 0.05
decay_min_factor: 0.2
bandwith_kernel: None
no_interact: False
avg_score: -441.0
median_score: -443.0
std_score: 27.267562866210938
percentiles: 2%=-490.0, 5%=-481.29998779296875, 10%=-473.0, 25%=-462.0, 50%=-443.0, 75%=-418.5, 90%=-405.79998779296875, 95%=-393.8999938964844, 98%=-390.82000732421875
ranking_best_algo: CMApara
ranking_best_score: 453.82
ranking_my_rank: 12/504 (97.8%)
ranking_my_percent: 97.81746031746032
