ConfigName: krbf__advnormalizedfitness__M3__L15__eps0p033__g0p015__ds0p3__dm0p3
Problem: QUBO
Kernel: rbf
Advantage: normalizedfitness
M: 3
lambda: 15
epsilon_svgd: 0.033
gamma: 0.015
decay_start_ratio: 0.3
decay_min_factor: 0.3
bandwith_kernel: None
no_interact: False
avg_score: -1005.0
median_score: -1002.5
std_score: 78.88561248779297
percentiles: 2%=-1134.280029296875, 5%=-1128.050048828125, 10%=-1111.5999755859375, 25%=-1070.0, 50%=-1002.5, 75%=-952.5, 90%=-890.7999877929688, 95%=-876.75, 98%=-857.659912109375
ranking_best_algo: BigLognormalDiscreteOnePlusOne
ranking_best_score: 1301.3600000000004
ranking_my_rank: 275/504 (45.6%)
ranking_my_percent: 45.63492063492063
