ConfigName: kjsd__advperagentrankweighted__M3__L16__eps0p007__g0p0005__ds0p1__dm0p1
Problem: QUBO
Kernel: jsd
Advantage: peragentrankweighted
M: 3
lambda: 16
epsilon_svgd: 0.007
gamma: 0.0005
decay_start_ratio: 0.1
decay_min_factor: 0.1
bandwith_kernel: None
no_interact: False
avg_score: -908.1599731445312
median_score: -913.5
std_score: 62.14011764526367
percentiles: 2%=-1027.02001953125, 5%=-1020.0999755859375, 10%=-997.4000244140625, 25%=-946.5, 50%=-913.5, 75%=-868.0, 90%=-830.5999755859375, 95%=-814.5999755859375, 98%=-780.8599853515625
ranking_best_algo: CMAL3
ranking_best_score: 928.5800000000002
ranking_my_rank: 53/504 (89.7%)
ranking_my_percent: 89.68253968253968
