ConfigName: krbf__advnormalizedfitness__M3__L15__eps0p025__g0p005__ds0p01__dm0p01
Problem: NK
Kernel: rbf
Advantage: normalizedfitness
M: 3
lambda: 15
epsilon_svgd: 0.025
gamma: 0.005
decay_start_ratio: 0.01
decay_min_factor: 0.01
bandwith_kernel: None
no_interact: False
avg_score: 0.7107214331626892
median_score: 0.7116734385490417
std_score: 0.015272348187863827
percentiles: 2%=0.6718056201934814, 5%=0.6739691495895386, 10%=0.695794939994812, 25%=0.7074957489967346, 50%=0.7116734385490417, 75%=0.7200936079025269, 90%=0.7255877256393433, 95%=0.7323094606399536, 98%=0.7331687211990356
ranking_best_algo: CMApara
ranking_best_score: 0.707475975
ranking_my_rank: 1/504 (100.0%)
ranking_my_percent: 100.0
