ConfigName: krbf__advnormalizedfitness__M4__L12__eps0p015__g0p005__ds0p01__dm0p3
Problem: NK
Kernel: rbf
Advantage: normalizedfitness
M: 4
lambda: 12
epsilon_svgd: 0.015
gamma: 0.005
decay_start_ratio: 0.01
decay_min_factor: 0.3
bandwith_kernel: None
no_interact: False
avg_score: 0.6678945422172546
median_score: 0.6668921113014221
std_score: 0.01541203074157238
percentiles: 2%=0.6391875147819519, 5%=0.6398505568504333, 10%=0.6497995257377625, 25%=0.6578429937362671, 50%=0.6668921113014221, 75%=0.6799390316009521, 90%=0.6871861219406128, 95%=0.6905164122581482, 98%=0.7047273516654968
ranking_best_algo: PBIL
ranking_best_score: 0.733570253046875
ranking_my_rank: 262/504 (48.2%)
ranking_my_percent: 48.214285714285715
