ConfigName: krbf__advnormalizedfitness__M1__L8__eps0p033__g0p005__ds0p01__dm0p01
Problem: QUBO
Kernel: rbf
Advantage: normalizedfitness
M: 1
lambda: 8
epsilon_svgd: 0.033
gamma: 0.005
decay_start_ratio: 0.01
decay_min_factor: 0.01
bandwith_kernel: None
no_interact: False
avg_score: -850.6199951171875
median_score: -858.5
std_score: 110.0010757446289
percentiles: 2%=-1008.2000122070312, 5%=-985.2000122070312, 10%=-941.9000244140625, 25%=-897.75, 50%=-858.5, 75%=-807.5, 90%=-758.9000244140625, 95%=-754.2000732421875, 98%=-732.0
ranking_best_algo: CMAL3
ranking_best_score: 928.5800000000002
ranking_my_rank: 212/504 (58.1%)
ranking_my_percent: 58.13492063492063
