ConfigName: kjsd__advperagentrankweighted__M3__L16__eps0p007__g0p001__ds0p05__dm0p2
Problem: QUBO
Kernel: jsd
Advantage: peragentrankweighted
M: 3
lambda: 16
epsilon_svgd: 0.007
gamma: 0.001
decay_start_ratio: 0.05
decay_min_factor: 0.2
bandwith_kernel: None
no_interact: False
avg_score: -327.8800048828125
median_score: -334.5
std_score: 25.357948303222656
percentiles: 2%=-372.0, 5%=-354.0, 10%=-350.0, 25%=-346.0, 50%=-334.5, 75%=-314.0, 90%=-293.70001220703125, 95%=-281.8999938964844, 98%=-273.9200134277344
ranking_best_algo: CMApara
ranking_best_score: 344.22
ranking_my_rank: 85/504 (83.3%)
ranking_my_percent: 83.33333333333333
