ConfigName: krbf__advnormalizedfitness__M3__L15__eps0p02__g0p01__ds0p15__dm0p05
Problem: QUBO
Kernel: rbf
Advantage: normalizedfitness
M: 3
lambda: 15
epsilon_svgd: 0.02
gamma: 0.01
decay_start_ratio: 0.15
decay_min_factor: 0.05
bandwith_kernel: None
no_interact: False
avg_score: -1136.6800537109375
median_score: -1129.0
std_score: 61.90604019165039
percentiles: 2%=-1295.06005859375, 5%=-1247.4000244140625, 10%=-1210.5, 25%=-1176.5, 50%=-1129.0, 75%=-1095.5, 90%=-1072.4000244140625, 95%=-1055.550048828125, 98%=-1021.5
ranking_best_algo: Tabu
ranking_best_score: 1216.16
ranking_my_rank: 156/504 (69.2%)
ranking_my_percent: 69.24603174603175
