ConfigName: kjsd__advperagentrankweighted__M3__L16__eps0p005__g0p0007__ds0p2__dm0p2
Problem: QUBO
Kernel: jsd
Advantage: peragentrankweighted
M: 3
lambda: 16
epsilon_svgd: 0.005
gamma: 0.0007
decay_start_ratio: 0.2
decay_min_factor: 0.2
bandwith_kernel: None
no_interact: False
avg_score: -326.3599853515625
median_score: -334.0
std_score: 25.001407623291016
percentiles: 2%=-372.0, 5%=-357.75, 10%=-350.0, 25%=-342.25, 50%=-334.0, 75%=-313.5, 90%=-286.0, 95%=-280.95001220703125, 98%=-277.9200134277344
ranking_best_algo: CMApara
ranking_best_score: 344.22
ranking_my_rank: 111/504 (78.2%)
ranking_my_percent: 78.17460317460318
