ConfigName: krbf__advnormalizedfitness__M2__L10__eps0p033__g0p01__ds0p01__dm0p3
Problem: QUBO
Kernel: rbf
Advantage: normalizedfitness
M: 2
lambda: 10
epsilon_svgd: 0.033
gamma: 0.01
decay_start_ratio: 0.01
decay_min_factor: 0.3
bandwith_kernel: None
no_interact: False
avg_score: -3282.4599609375
median_score: -3279.5
std_score: 131.8466796875
percentiles: 2%=-3571.139892578125, 5%=-3497.10009765625, 10%=-3451.800048828125, 25%=-3360.75, 50%=-3279.5, 75%=-3193.0, 90%=-3114.5, 95%=-3081.0, 98%=-3006.860107421875
ranking_best_algo: RLSOnePlusOne
ranking_best_score: 3316.5199999999995
ranking_my_rank: 3/504 (99.6%)
ranking_my_percent: 99.60317460317461
