ConfigName: kjsd__advperagentrankweighted__M4__L8__eps0p01__g0p0005__ds0p05__dm0p05
Problem: QUBO
Kernel: jsd
Advantage: peragentrankweighted
M: 4
lambda: 8
epsilon_svgd: 0.01
gamma: 0.0005
decay_start_ratio: 0.05
decay_min_factor: 0.05
bandwith_kernel: None
no_interact: False
avg_score: -2628.340087890625
median_score: -2613.5
std_score: 129.8369903564453
percentiles: 2%=-2904.02001953125, 5%=-2874.550048828125, 10%=-2827.10009765625, 25%=-2701.25, 50%=-2613.5, 75%=-2531.5, 90%=-2483.60009765625, 95%=-2438.60009765625, 98%=-2384.780029296875
ranking_best_algo: DiscreteLengler2OnePlusOne
ranking_best_score: 2617.04
ranking_my_rank: 1/504 (100.0%)
ranking_my_percent: 100.0
