ConfigName: kjsd__advperagentrankweighted__M3__L20__eps0p005__g0p003__ds0p05__dm0p05
Problem: QUBO
Kernel: jsd
Advantage: peragentrankweighted
M: 3
lambda: 20
epsilon_svgd: 0.005
gamma: 0.003
decay_start_ratio: 0.05
decay_min_factor: 0.05
bandwith_kernel: None
no_interact: False
avg_score: -557.9400024414062
median_score: -551.5
std_score: 30.49387550354004
percentiles: 2%=-621.0399780273438, 5%=-617.0999755859375, 10%=-597.2999877929688, 25%=-579.25, 50%=-551.5, 75%=-537.0, 90%=-517.9000244140625, 95%=-508.0, 98%=-500.8800048828125
ranking_best_algo: Tabu
ranking_best_score: 588.7199999999999
ranking_my_rank: 105/503 (79.3%)
ranking_my_percent: 79.32405566600397
