ConfigName: kjsd__advperagentrankweighted__M4__L20__eps0p005__g0p0005__ds0p05__dm0p1
Problem: NK
Kernel: jsd
Advantage: peragentrankweighted
M: 4
lambda: 20
epsilon_svgd: 0.005
gamma: 0.0005
decay_start_ratio: 0.05
decay_min_factor: 0.1
bandwith_kernel: None
no_interact: False
avg_score: 0.7077577114105225
median_score: 0.7106881737709045
std_score: 0.011731415055692196
percentiles: 2%=0.6888687014579773, 5%=0.6902135014533997, 10%=0.6932315826416016, 25%=0.6963299512863159, 50%=0.7106881737709045, 75%=0.7186354994773865, 90%=0.7227948904037476, 95%=0.7234516143798828, 98%=0.7238905429840088
ranking_best_algo: PBIL
ranking_best_score: 0.7013553837109374
ranking_my_rank: 1/504 (100.0%)
ranking_my_percent: 100.0
