ConfigName: krbf__advnormalizedfitness__M5__L24__eps0p025__g0p01__ds0p05__dm0p05
Problem: NK
Kernel: rbf
Advantage: normalizedfitness
M: 5
lambda: 24
epsilon_svgd: 0.025
gamma: 0.01
decay_start_ratio: 0.05
decay_min_factor: 0.05
bandwith_kernel: None
no_interact: False
avg_score: 0.5975990891456604
median_score: 0.5978271961212158
std_score: 0.007554537616670132
percentiles: 2%=0.5811391472816467, 5%=0.5854533910751343, 10%=0.5892980098724365, 25%=0.5927689075469971, 50%=0.5978271961212158, 75%=0.6027947664260864, 90%=0.6054059863090515, 95%=0.606346845626831, 98%=0.6120561957359314
ranking_best_algo: PBIL
ranking_best_score: 0.733570253046875
ranking_my_rank: 372/504 (26.4%)
ranking_my_percent: 26.38888888888889
