ConfigName: krbf__advnormalizedfitness__M2__L6__eps0p01__g0p01__ds0p01__dm0p01
Problem: NK
Kernel: rbf
Advantage: normalizedfitness
M: 2
lambda: 6
epsilon_svgd: 0.01
gamma: 0.01
decay_start_ratio: 0.01
decay_min_factor: 0.01
bandwith_kernel: None
no_interact: False
avg_score: 0.7401332855224609
median_score: 0.7384235262870789
std_score: 0.014724000357091427
percentiles: 2%=0.7160318493843079, 5%=0.718862771987915, 10%=0.7229265570640564, 25%=0.7296656966209412, 50%=0.7384235262870789, 75%=0.7504435777664185, 90%=0.7597658634185791, 95%=0.7668007016181946, 98%=0.7707357406616211
ranking_best_algo: Tabu
ranking_best_score: 0.7601875690625
ranking_my_rank: 15/504 (97.2%)
ranking_my_percent: 97.22222222222223
