ConfigName: krbf__advnormalizedfitness__M4__L10__eps0p033__g0p01__ds0p3__dm0p01
Problem: QUBO
Kernel: rbf
Advantage: normalizedfitness
M: 4
lambda: 10
epsilon_svgd: 0.033
gamma: 0.01
decay_start_ratio: 0.3
decay_min_factor: 0.01
bandwith_kernel: None
no_interact: False
avg_score: -1455.3199462890625
median_score: -1436.5
std_score: 108.44518280029297
percentiles: 2%=-1671.52001953125, 5%=-1636.0999755859375, 10%=-1608.0999755859375, 25%=-1544.25, 50%=-1436.5, 75%=-1381.25, 90%=-1319.0, 95%=-1305.75, 98%=-1276.679931640625
ranking_best_algo: NLOPT_LN_PRAXIS
ranking_best_score: 1607.12
ranking_my_rank: 88/504 (82.7%)
ranking_my_percent: 82.73809523809524
