ConfigName: kjsd__advperagentrankweighted__M3__L18__eps0p01__g0p001__ds0p05__dm0p2
Problem: QUBO
Kernel: jsd
Advantage: peragentrankweighted
M: 3
lambda: 18
epsilon_svgd: 0.01
gamma: 0.001
decay_start_ratio: 0.05
decay_min_factor: 0.2
bandwith_kernel: None
no_interact: False
avg_score: -436.6400146484375
median_score: -438.0
std_score: 26.71760368347168
percentiles: 2%=-485.0400085449219, 5%=-475.0, 10%=-469.1000061035156, 25%=-455.5, 50%=-438.0, 75%=-419.0, 90%=-400.8999938964844, 95%=-384.95001220703125, 98%=-379.94000244140625
ranking_best_algo: CMApara
ranking_best_score: 453.82
ranking_my_rank: 30/504 (94.2%)
ranking_my_percent: 94.24603174603175
