ConfigName: kjsd__advperagentrankweighted__M4__L10__eps0p03__g0p0005__ds0p05__dm0p05
Problem: QUBO
Kernel: jsd
Advantage: peragentrankweighted
M: 4
lambda: 10
epsilon_svgd: 0.03
gamma: 0.0005
decay_start_ratio: 0.05
decay_min_factor: 0.05
bandwith_kernel: None
no_interact: False
avg_score: -304.3999938964844
median_score: -307.0
std_score: 37.255332946777344
percentiles: 2%=-386.239990234375, 5%=-380.1000061035156, 10%=-344.6000061035156, 25%=-326.0, 50%=-307.0, 75%=-270.75, 90%=-261.0, 95%=-256.8999938964844, 98%=-250.97999572753906
ranking_best_algo: CMApara
ranking_best_score: 319.29999999999995
ranking_my_rank: 139/504 (72.6%)
ranking_my_percent: 72.61904761904762
