ConfigName: kjsd__advperagentrankweighted__M3__L24__eps0p005__g0p001__ds0p05__dm0p05
Problem: NK
Kernel: jsd
Advantage: peragentrankweighted
M: 3
lambda: 24
epsilon_svgd: 0.005
gamma: 0.001
decay_start_ratio: 0.05
decay_min_factor: 0.05
bandwith_kernel: None
no_interact: False
avg_score: 0.7076938152313232
median_score: 0.70973801612854
std_score: 0.012024003081023693
percentiles: 2%=0.6881895065307617, 5%=0.6893935799598694, 10%=0.6928700804710388, 25%=0.6960166692733765, 50%=0.70973801612854, 75%=0.7178505063056946, 90%=0.7224892973899841, 95%=0.7250011563301086, 98%=0.7251410484313965
ranking_best_algo: PBIL
ranking_best_score: 0.7013553837109374
ranking_my_rank: 1/504 (100.0%)
ranking_my_percent: 100.0
