ConfigName: krbf__advglobalrankweighted__M4__L9__eps0p01__g0p007__ds0p01__dm0p01
Problem: QUBO
Kernel: rbf
Advantage: globalrankweighted
M: 4
lambda: 9
epsilon_svgd: 0.01
gamma: 0.007
decay_start_ratio: 0.01
decay_min_factor: 0.01
bandwith_kernel: None
no_interact: False
avg_score: -307.5799865722656
median_score: -301.0
std_score: 39.07254409790039
percentiles: 2%=-394.0, 5%=-384.3999938964844, 10%=-356.79998779296875, 25%=-332.0, 50%=-301.0, 75%=-273.75, 90%=-264.0, 95%=-260.9000244140625, 98%=-251.71994018554688
ranking_best_algo: CMApara
ranking_best_score: 319.29999999999995
ranking_my_rank: 96/504 (81.2%)
ranking_my_percent: 81.15079365079364
