ConfigName: kjsd__advperagentrankweighted__M3__L18__eps0p01__g0p003__ds0p1__dm0p2
Problem: QUBO
Kernel: jsd
Advantage: peragentrankweighted
M: 3
lambda: 18
epsilon_svgd: 0.01
gamma: 0.003
decay_start_ratio: 0.1
decay_min_factor: 0.2
bandwith_kernel: None
no_interact: False
avg_score: -1265.1199951171875
median_score: -1263.0
std_score: 63.983482360839844
percentiles: 2%=-1384.0400390625, 5%=-1362.949951171875, 10%=-1347.699951171875, 25%=-1313.0, 50%=-1263.0, 75%=-1222.5, 90%=-1184.800048828125, 95%=-1162.9000244140625, 98%=-1140.5799560546875
ranking_best_algo: BigLognormalDiscreteOnePlusOne
ranking_best_score: 1301.3600000000004
ranking_my_rank: 50/504 (90.3%)
ranking_my_percent: 90.27777777777777
