ConfigName: kfr__advglobalrankweighted__M2__L8__eps0p015__g0p007__ds0p01__dm0p01
Problem: QUBO
Kernel: fr
Advantage: globalrankweighted
M: 2
lambda: 8
epsilon_svgd: 0.015
gamma: 0.007
decay_start_ratio: 0.01
decay_min_factor: 0.01
bandwith_kernel: None
no_interact: False
avg_score: -433.2200012207031
median_score: -433.0
std_score: 28.170757293701172
percentiles: 2%=-479.0400085449219, 5%=-475.1000061035156, 10%=-472.0, 25%=-455.0, 50%=-433.0, 75%=-411.75, 90%=-398.0, 95%=-384.0, 98%=-377.9599914550781
ranking_best_algo: CMApara
ranking_best_score: 453.82
ranking_my_rank: 44/504 (91.5%)
ranking_my_percent: 91.46825396825396
