ConfigName: krbf__advnormalizedfitness__M4__L12__eps0p033__g0p007__ds0p3__dm0p01
Problem: QUBO
Kernel: rbf
Advantage: normalizedfitness
M: 4
lambda: 12
epsilon_svgd: 0.033
gamma: 0.007
decay_start_ratio: 0.3
decay_min_factor: 0.01
bandwith_kernel: None
no_interact: False
avg_score: -895.239990234375
median_score: -885.5
std_score: 59.51102828979492
percentiles: 2%=-1015.02001953125, 5%=-989.25, 10%=-977.2000122070312, 25%=-942.25, 50%=-885.5, 75%=-855.5, 90%=-812.9000244140625, 95%=-801.0, 98%=-793.8800048828125
ranking_best_algo: CMAL3
ranking_best_score: 928.5800000000002
ranking_my_rank: 85/504 (83.3%)
ranking_my_percent: 83.33333333333333
