ConfigName: kfr__advglobalrankweighted__M6__L7__eps0p015__g0p007__ds0p01__dm0p01
Problem: QUBO
Kernel: fr
Advantage: globalrankweighted
M: 6
lambda: 7
epsilon_svgd: 0.015
gamma: 0.007
decay_start_ratio: 0.01
decay_min_factor: 0.01
bandwith_kernel: None
no_interact: False
avg_score: -416.05999755859375
median_score: -417.0
std_score: 28.064861297607422
percentiles: 2%=-471.0400085449219, 5%=-465.0, 10%=-452.29998779296875, 25%=-435.25, 50%=-417.0, 75%=-396.75, 90%=-381.79998779296875, 95%=-369.7500305175781, 98%=-361.7999572753906
ranking_best_algo: CMAL3
ranking_best_score: 435.36
ranking_my_rank: 106/504 (79.2%)
ranking_my_percent: 79.16666666666667
