ConfigName: krbf__advnormalizedfitness__M3__L10__eps0p025__g0p005__ds0p3__dm0p3
Problem: NK
Kernel: rbf
Advantage: normalizedfitness
M: 3
lambda: 10
epsilon_svgd: 0.025
gamma: 0.005
decay_start_ratio: 0.3
decay_min_factor: 0.3
bandwith_kernel: None
no_interact: False
avg_score: 0.6911263465881348
median_score: 0.688506007194519
std_score: 0.020587258040905
percentiles: 2%=0.654730498790741, 5%=0.6596181988716125, 10%=0.6666668057441711, 25%=0.6764475703239441, 50%=0.688506007194519, 75%=0.7081981897354126, 90%=0.7176065444946289, 95%=0.7255221605300903, 98%=0.7369639873504639
ranking_best_algo: PBIL
ranking_best_score: 0.7170882103515624
ranking_my_rank: 122/504 (76.0%)
ranking_my_percent: 75.9920634920635
