ConfigName: krbf__advnormalizedfitness__M4__L15__eps0p033__g0p01__ds0p01__dm0p3
Problem: QUBO
Kernel: rbf
Advantage: normalizedfitness
M: 4
lambda: 15
epsilon_svgd: 0.033
gamma: 0.01
decay_start_ratio: 0.01
decay_min_factor: 0.3
bandwith_kernel: None
no_interact: False
avg_score: -1996.47998046875
median_score: -1976.0
std_score: 171.3165740966797
percentiles: 2%=-2314.93994140625, 5%=-2259.14990234375, 10%=-2235.300048828125, 25%=-2123.25, 50%=-1976.0, 75%=-1874.0, 90%=-1777.699951171875, 95%=-1750.900146484375, 98%=-1713.8199462890625
ranking_best_algo: DiscreteLengler2OnePlusOne
ranking_best_score: 2617.04
ranking_my_rank: 277/504 (45.2%)
ranking_my_percent: 45.23809523809524
