ConfigName: kjsd__advperagentrankweighted__M3__L30__eps0p005__g0p0005__ds0p2__dm0p05
Problem: QUBO
Kernel: jsd
Advantage: peragentrankweighted
M: 3
lambda: 30
epsilon_svgd: 0.005
gamma: 0.0005
decay_start_ratio: 0.2
decay_min_factor: 0.05
bandwith_kernel: None
no_interact: False
avg_score: -1311.9599609375
median_score: -1311.5
std_score: 54.998714447021484
percentiles: 2%=-1421.3399658203125, 5%=-1404.199951171875, 10%=-1388.199951171875, 25%=-1345.5, 50%=-1311.5, 75%=-1276.0, 90%=-1235.0, 95%=-1218.5, 98%=-1204.97998046875
ranking_best_algo: BigLognormalDiscreteOnePlusOne
ranking_best_score: 1301.3600000000004
ranking_my_rank: 1/504 (100.0%)
ranking_my_percent: 100.0
