ConfigName: krbf__advnormalizedfitness__M4__L24__eps0p02__g0p005__ds0p15__dm0p05
Problem: NK
Kernel: rbf
Advantage: normalizedfitness
M: 4
lambda: 24
epsilon_svgd: 0.02
gamma: 0.005
decay_start_ratio: 0.15
decay_min_factor: 0.05
bandwith_kernel: None
no_interact: False
avg_score: 0.7014015316963196
median_score: 0.7034944891929626
std_score: 0.01138773187994957
percentiles: 2%=0.6744957566261292, 5%=0.6818289160728455, 10%=0.685297429561615, 25%=0.6938208341598511, 50%=0.7034944891929626, 75%=0.7101547718048096, 90%=0.7146813273429871, 95%=0.7166092395782471, 98%=0.7180627584457397
ranking_best_algo: PBIL
ranking_best_score: 0.7248786399609374
ranking_my_rank: 95/504 (81.3%)
ranking_my_percent: 81.34920634920636
