ConfigName: kjsd__advperagentrankweighted__M5__L8__eps0p005__g0p003__ds0p05__dm0p2
Problem: QUBO
Kernel: jsd
Advantage: peragentrankweighted
M: 5
lambda: 8
epsilon_svgd: 0.005
gamma: 0.003
decay_start_ratio: 0.05
decay_min_factor: 0.2
bandwith_kernel: None
no_interact: False
avg_score: -330.3599853515625
median_score: -330.0
std_score: 18.776325225830078
percentiles: 2%=-368.0400085449219, 5%=-357.1499938964844, 10%=-350.0, 25%=-342.0, 50%=-330.0, 75%=-320.0, 90%=-307.79998779296875, 95%=-296.0, 98%=-280.0
ranking_best_algo: CMApara
ranking_best_score: 344.22
ranking_my_rank: 79/504 (84.5%)
ranking_my_percent: 84.52380952380952
