ConfigName: kjsd__advperagentrankweighted__M3__L18__eps0p005__g0p001__ds0p2__dm0p1
Problem: QUBO
Kernel: jsd
Advantage: peragentrankweighted
M: 3
lambda: 18
epsilon_svgd: 0.005
gamma: 0.001
decay_start_ratio: 0.2
decay_min_factor: 0.1
bandwith_kernel: None
no_interact: False
avg_score: -441.239990234375
median_score: -441.5
std_score: 26.947772979736328
percentiles: 2%=-492.0400085449219, 5%=-481.20001220703125, 10%=-475.20001220703125, 25%=-462.0, 50%=-441.5, 75%=-421.0, 90%=-406.6000061035156, 95%=-393.0, 98%=-386.9200134277344
ranking_best_algo: CMApara
ranking_best_score: 453.82
ranking_my_rank: 12/504 (97.8%)
ranking_my_percent: 97.81746031746032
