ConfigName: krbf__advnormalizedfitness__M2__L10__eps0p015__g0p015__ds0p15__dm0p01
Problem: QUBO
Kernel: rbf
Advantage: normalizedfitness
M: 2
lambda: 10
epsilon_svgd: 0.015
gamma: 0.015
decay_start_ratio: 0.15
decay_min_factor: 0.01
bandwith_kernel: None
no_interact: False
avg_score: -581.1799926757812
median_score: -582.0
std_score: 25.708511352539062
percentiles: 2%=-629.0399780273438, 5%=-623.0999755859375, 10%=-617.0999755859375, 25%=-601.5, 50%=-582.0, 75%=-563.0, 90%=-544.7000122070312, 95%=-537.0, 98%=-535.0
ranking_best_algo: Tabu
ranking_best_score: 588.7199999999999
ranking_my_rank: 36/503 (93.0%)
ranking_my_percent: 93.04174950298211
