ConfigName: kjsd__advperagentrankweighted__M5__L10__eps0p01__g0p0007__ds0p05__dm0p2
Problem: QUBO
Kernel: jsd
Advantage: peragentrankweighted
M: 5
lambda: 10
epsilon_svgd: 0.01
gamma: 0.0007
decay_start_ratio: 0.05
decay_min_factor: 0.2
bandwith_kernel: None
no_interact: False
avg_score: -139.6999969482422
median_score: -141.0
std_score: 11.850317001342773
percentiles: 2%=-159.02000427246094, 5%=-157.0500030517578, 10%=-156.0, 25%=-147.0, 50%=-141.0, 75%=-131.0, 90%=-125.0, 95%=-118.9000015258789, 98%=-112.9800033569336
ranking_best_algo: DiscreteDE
ranking_best_score: 143.4
ranking_my_rank: 83/504 (83.7%)
ranking_my_percent: 83.73015873015873
