ConfigName: kjsd__advperagentrankweighted__M4__L8__eps0p005__g0p0007__ds0p4__dm0p05
Problem: NK
Kernel: jsd
Advantage: peragentrankweighted
M: 4
lambda: 8
epsilon_svgd: 0.005
gamma: 0.0007
decay_start_ratio: 0.4
decay_min_factor: 0.05
bandwith_kernel: None
no_interact: False
avg_score: 0.7068841457366943
median_score: 0.7091917991638184
std_score: 0.011750563979148865
percentiles: 2%=0.6865898370742798, 5%=0.6884073615074158, 10%=0.6914826035499573, 25%=0.6962019205093384, 50%=0.7091917991638184, 75%=0.7167389988899231, 90%=0.7211432456970215, 95%=0.7225309014320374, 98%=0.7241162061691284
ranking_best_algo: PBIL
ranking_best_score: 0.7013553837109374
ranking_my_rank: 1/504 (100.0%)
ranking_my_percent: 100.0
