ConfigName: kjsd__advperagentrankweighted__M5__L8__eps0p005__g0p0007__ds0p05__dm0p2
Problem: QUBO
Kernel: jsd
Advantage: peragentrankweighted
M: 5
lambda: 8
epsilon_svgd: 0.005
gamma: 0.0007
decay_start_ratio: 0.05
decay_min_factor: 0.2
bandwith_kernel: None
no_interact: False
avg_score: -139.4600067138672
median_score: -140.5
std_score: 10.867769241333008
percentiles: 2%=-160.0, 5%=-158.0, 10%=-153.10000610351562, 25%=-147.0, 50%=-140.5, 75%=-131.75, 90%=-124.80000305175781, 95%=-121.0, 98%=-118.9800033569336
ranking_best_algo: DiscreteDE
ranking_best_score: 143.4
ranking_my_rank: 85/504 (83.3%)
ranking_my_percent: 83.33333333333333
