ConfigName: krbf__advnormalizedfitness__M3__L8__eps0p015__g0p005__ds0p01__dm0p3
Problem: NK
Kernel: rbf
Advantage: normalizedfitness
M: 3
lambda: 8
epsilon_svgd: 0.015
gamma: 0.005
decay_start_ratio: 0.01
decay_min_factor: 0.3
bandwith_kernel: None
no_interact: False
avg_score: 0.7430945038795471
median_score: 0.7408133745193481
std_score: 0.028590865433216095
percentiles: 2%=0.6913378834724426, 5%=0.7012145519256592, 10%=0.7103891968727112, 25%=0.725521981716156, 50%=0.7408133745193481, 75%=0.7568415999412537, 90%=0.778337299823761, 95%=0.8044298887252808, 98%=0.8118547797203064
ranking_best_algo: CMApara
ranking_best_score: 0.7459277895312499
ranking_my_rank: 13/504 (97.6%)
ranking_my_percent: 97.61904761904762
