ConfigName: krbf__advnormalizedfitness__M4__L8__eps0p033__g0p01__ds0p15__dm0p01
Problem: NK
Kernel: rbf
Advantage: normalizedfitness
M: 4
lambda: 8
epsilon_svgd: 0.033
gamma: 0.01
decay_start_ratio: 0.15
decay_min_factor: 0.01
bandwith_kernel: None
no_interact: False
avg_score: 0.755339503288269
median_score: 0.755182147026062
std_score: 0.01334747951477766
percentiles: 2%=0.7289615869522095, 5%=0.7352017164230347, 10%=0.7392560243606567, 25%=0.7446796894073486, 50%=0.755182147026062, 75%=0.7660308480262756, 90%=0.772020161151886, 95%=0.7742912769317627, 98%=0.7815629839897156
ranking_best_algo: Tabu
ranking_best_score: 0.7470791764843752
ranking_my_rank: 1/504 (100.0%)
ranking_my_percent: 100.0
