ConfigName: kfr__advglobalrankweighted__M3__L9__eps0p015__g0p003__ds0p01__dm0p01
Problem: QUBO
Kernel: fr
Advantage: globalrankweighted
M: 3
lambda: 9
epsilon_svgd: 0.015
gamma: 0.003
decay_start_ratio: 0.01
decay_min_factor: 0.01
bandwith_kernel: None
no_interact: False
avg_score: -138.82000732421875
median_score: -141.0
std_score: 11.871292114257812
percentiles: 2%=-159.0, 5%=-158.0, 10%=-155.10000610351562, 25%=-147.0, 50%=-141.0, 75%=-130.0, 90%=-123.0, 95%=-120.80001831054688, 98%=-111.0
ranking_best_algo: DiscreteDE
ranking_best_score: 143.4
ranking_my_rank: 95/504 (81.3%)
ranking_my_percent: 81.34920634920636
