ConfigName: kfr__advglobalrankweighted__M3__L10__eps0p02__g0p007__ds0p01__dm0p01
Problem: QUBO
Kernel: fr
Advantage: globalrankweighted
M: 3
lambda: 10
epsilon_svgd: 0.02
gamma: 0.007
decay_start_ratio: 0.01
decay_min_factor: 0.01
bandwith_kernel: None
no_interact: False
avg_score: -2551.419921875
median_score: -2548.0
std_score: 131.2721710205078
percentiles: 2%=-2820.10009765625, 5%=-2784.60009765625, 10%=-2728.39990234375, 25%=-2628.75, 50%=-2548.0, 75%=-2465.75, 90%=-2391.0, 95%=-2357.75, 98%=-2279.760009765625
ranking_best_algo: SVM1MetaModelLogNormal
ranking_best_score: 2605.14
ranking_my_rank: 41/504 (92.1%)
ranking_my_percent: 92.06349206349206
