ConfigName: kjsd__advperagentrankweighted__M3__L30__eps0p007__g0p001__ds0p05__dm0p05
Problem: NK
Kernel: jsd
Advantage: peragentrankweighted
M: 3
lambda: 30
epsilon_svgd: 0.007
gamma: 0.001
decay_start_ratio: 0.05
decay_min_factor: 0.05
bandwith_kernel: None
no_interact: False
avg_score: 0.7439976334571838
median_score: 0.7446602582931519
std_score: 0.014252117834985256
percentiles: 2%=0.7095354795455933, 5%=0.7207677364349365, 10%=0.724215030670166, 25%=0.735973596572876, 50%=0.7446602582931519, 75%=0.7541964054107666, 90%=0.762261152267456, 95%=0.7658156752586365, 98%=0.7670485973358154
ranking_best_algo: Tabu
ranking_best_score: 0.7601875690625
ranking_my_rank: 7/504 (98.8%)
ranking_my_percent: 98.80952380952381
