ConfigName: kjsd__advperagentrankweighted__M4__L8__eps0p005__g0p0007__ds0p05__dm0p05
Problem: QUBO
Kernel: jsd
Advantage: peragentrankweighted
M: 4
lambda: 8
epsilon_svgd: 0.005
gamma: 0.0007
decay_start_ratio: 0.05
decay_min_factor: 0.05
bandwith_kernel: None
no_interact: False
avg_score: -2600.219970703125
median_score: -2583.5
std_score: 109.13363647460938
percentiles: 2%=-2811.360107421875, 5%=-2804.10009765625, 10%=-2740.60009765625, 25%=-2679.0, 50%=-2583.5, 75%=-2520.25, 90%=-2480.0, 95%=-2417.39990234375, 98%=-2399.860107421875
ranking_best_algo: SVM1MetaModelLogNormal
ranking_best_score: 2605.14
ranking_my_rank: 2/504 (99.8%)
ranking_my_percent: 99.8015873015873
