ConfigName: krbf__advnormalizedfitness__M3__L12__eps0p025__g0p01__ds0p15__dm0p3
Problem: NK
Kernel: rbf
Advantage: normalizedfitness
M: 3
lambda: 12
epsilon_svgd: 0.025
gamma: 0.01
decay_start_ratio: 0.15
decay_min_factor: 0.3
bandwith_kernel: None
no_interact: False
avg_score: 0.7358226180076599
median_score: 0.7369927167892456
std_score: 0.008802997879683971
percentiles: 2%=0.7181370258331299, 5%=0.7207514047622681, 10%=0.7227354049682617, 25%=0.7295519113540649, 50%=0.7369927167892456, 75%=0.741518497467041, 90%=0.7466294169425964, 95%=0.7489242553710938, 98%=0.7512128353118896
ranking_best_algo: PBIL
ranking_best_score: 0.730509098125
ranking_my_rank: 1/504 (100.0%)
ranking_my_percent: 100.0
