ConfigName: kjsd__advperagentrankweighted__M6__L8__eps0p02__g0p0003__ds0p05__dm0p05
Problem: QUBO
Kernel: jsd
Advantage: peragentrankweighted
M: 6
lambda: 8
epsilon_svgd: 0.02
gamma: 0.0003
decay_start_ratio: 0.05
decay_min_factor: 0.05
bandwith_kernel: None
no_interact: False
avg_score: -424.2200012207031
median_score: -422.0
std_score: 25.234729766845703
percentiles: 2%=-467.1600036621094, 5%=-463.04998779296875, 10%=-455.0, 25%=-442.25, 50%=-422.0, 75%=-408.0, 90%=-395.0, 95%=-390.8999938964844, 98%=-382.4599914550781
ranking_best_algo: CMAL3
ranking_best_score: 435.36
ranking_my_rank: 31/504 (94.0%)
ranking_my_percent: 94.04761904761905
