ConfigName: kjsd__advperagentrankweighted__M2__L20__eps0p005__g0p0005__ds0p1__dm0p2
Problem: QUBO
Kernel: jsd
Advantage: peragentrankweighted
M: 2
lambda: 20
epsilon_svgd: 0.005
gamma: 0.0005
decay_start_ratio: 0.1
decay_min_factor: 0.2
bandwith_kernel: None
no_interact: False
avg_score: -307.5199890136719
median_score: -302.0
std_score: 38.561763763427734
percentiles: 2%=-396.0400085449219, 5%=-382.20001220703125, 10%=-356.79998779296875, 25%=-332.0, 50%=-302.0, 75%=-276.75, 90%=-262.8999938964844, 95%=-257.79998779296875, 98%=-249.9600067138672
ranking_best_algo: CMApara
ranking_best_score: 319.29999999999995
ranking_my_rank: 96/504 (81.2%)
ranking_my_percent: 81.15079365079364
