ConfigName: kjsd__advperagentrankweighted__M3__L30__eps0p007__g0p0005__ds0p05__dm0p1
Problem: NK
Kernel: jsd
Advantage: peragentrankweighted
M: 3
lambda: 30
epsilon_svgd: 0.007
gamma: 0.0005
decay_start_ratio: 0.05
decay_min_factor: 0.1
bandwith_kernel: None
no_interact: False
avg_score: 0.7374551296234131
median_score: 0.7374593615531921
std_score: 0.012801873497664928
percentiles: 2%=0.7103662490844727, 5%=0.71769779920578, 10%=0.7204369306564331, 25%=0.7285748720169067, 50%=0.7374593615531921, 75%=0.7456082701683044, 90%=0.7539896965026855, 95%=0.7562569975852966, 98%=0.7640863060951233
ranking_best_algo: Tabu
ranking_best_score: 0.7601875690625
ranking_my_rank: 20/504 (96.2%)
ranking_my_percent: 96.23015873015873
