ConfigName: kjsd__advperagentrankweighted__M4__L8__eps0p03__g0p0005__ds0p05__dm0p05
Problem: NK
Kernel: jsd
Advantage: peragentrankweighted
M: 4
lambda: 8
epsilon_svgd: 0.03
gamma: 0.0005
decay_start_ratio: 0.05
decay_min_factor: 0.05
bandwith_kernel: None
no_interact: False
avg_score: 0.7216481566429138
median_score: 0.7209527492523193
std_score: 0.008345415815711021
percentiles: 2%=0.7051111459732056, 5%=0.7093002200126648, 10%=0.7106800079345703, 25%=0.7158845663070679, 50%=0.7209527492523193, 75%=0.7279962301254272, 90%=0.7314998507499695, 95%=0.7338753938674927, 98%=0.7359122633934021
ranking_best_algo: PBIL
ranking_best_score: 0.7248786399609374
ranking_my_rank: 3/504 (99.6%)
ranking_my_percent: 99.60317460317461
