ConfigName: krbf__advnormalizedfitness__M4__L24__eps0p02__g0p005__ds0p15__dm0p05
Problem: QUBO
Kernel: rbf
Advantage: normalizedfitness
M: 4
lambda: 24
epsilon_svgd: 0.02
gamma: 0.005
decay_start_ratio: 0.15
decay_min_factor: 0.05
bandwith_kernel: None
no_interact: False
avg_score: -327.82000732421875
median_score: -330.0
std_score: 21.425395965576172
percentiles: 2%=-372.0, 5%=-354.3999938964844, 10%=-350.0, 25%=-343.25, 50%=-330.0, 75%=-312.25, 90%=-298.0, 95%=-295.6000061035156, 98%=-286.9200134277344
ranking_best_algo: CMApara
ranking_best_score: 344.22
ranking_my_rank: 85/504 (83.3%)
ranking_my_percent: 83.33333333333333
