ConfigName: krbf__advnormalizedfitness__M3__L10__eps0p025__g0p005__ds0p3__dm0p01
Problem: QUBO
Kernel: rbf
Advantage: normalizedfitness
M: 3
lambda: 10
epsilon_svgd: 0.025
gamma: 0.005
decay_start_ratio: 0.3
decay_min_factor: 0.01
bandwith_kernel: None
no_interact: False
avg_score: -2590.60009765625
median_score: -2591.5
std_score: 129.50289916992188
percentiles: 2%=-2861.06005859375, 5%=-2830.199951171875, 10%=-2738.10009765625, 25%=-2666.0, 50%=-2591.5, 75%=-2509.5, 90%=-2436.5, 95%=-2412.30029296875, 98%=-2311.559814453125
ranking_best_algo: DiscreteLengler2OnePlusOne
ranking_best_score: 2617.04
ranking_my_rank: 41/504 (92.1%)
ranking_my_percent: 92.06349206349206
