ConfigName: krbf__advnormalizedfitness__M4__L8__eps0p015__g0p01__ds0p3__dm0p3
Problem: NK
Kernel: rbf
Advantage: normalizedfitness
M: 4
lambda: 8
epsilon_svgd: 0.015
gamma: 0.01
decay_start_ratio: 0.3
decay_min_factor: 0.3
bandwith_kernel: None
no_interact: False
avg_score: 0.6761063933372498
median_score: 0.6783661246299744
std_score: 0.012160408310592175
percentiles: 2%=0.6534894704818726, 5%=0.6569520235061646, 10%=0.6599981188774109, 25%=0.6653434038162231, 50%=0.6783661246299744, 75%=0.686740517616272, 90%=0.6902071237564087, 95%=0.6921106576919556, 98%=0.6944714784622192
ranking_best_algo: PBIL
ranking_best_score: 0.7013553837109374
ranking_my_rank: 174/504 (65.7%)
ranking_my_percent: 65.67460317460318
