ConfigName: kjsd__advperagentrankweighted__M4__L20__eps0p005__g0p0005__ds0p1__dm0p2
Problem: QUBO
Kernel: jsd
Advantage: peragentrankweighted
M: 4
lambda: 20
epsilon_svgd: 0.005
gamma: 0.0005
decay_start_ratio: 0.1
decay_min_factor: 0.2
bandwith_kernel: None
no_interact: False
avg_score: -1184.1600341796875
median_score: -1171.5
std_score: 63.53702926635742
percentiles: 2%=-1333.3599853515625, 5%=-1283.9000244140625, 10%=-1265.4000244140625, 25%=-1228.5, 50%=-1171.5, 75%=-1138.0, 90%=-1112.9000244140625, 95%=-1108.6500244140625, 98%=-1077.300048828125
ranking_best_algo: Tabu
ranking_best_score: 1216.16
ranking_my_rank: 65/504 (87.3%)
ranking_my_percent: 87.3015873015873
