ConfigName: kjsd__advperagentrankweighted__M5__L8__eps0p01__g0p0007__ds0p05__dm0p05
Problem: NK
Kernel: jsd
Advantage: peragentrankweighted
M: 5
lambda: 8
epsilon_svgd: 0.01
gamma: 0.0007
decay_start_ratio: 0.05
decay_min_factor: 0.05
bandwith_kernel: None
no_interact: False
avg_score: 0.7300269603729248
median_score: 0.7300927639007568
std_score: 0.009587917476892471
percentiles: 2%=0.709826648235321, 5%=0.7156422138214111, 10%=0.718562662601471, 25%=0.723109245300293, 50%=0.7300927639007568, 75%=0.7358406782150269, 90%=0.7423773407936096, 95%=0.746255099773407, 98%=0.7493172883987427
ranking_best_algo: Tabu
ranking_best_score: 0.7429702712499999
ranking_my_rank: 2/504 (99.8%)
ranking_my_percent: 99.8015873015873
