ConfigName: krbf__advnormalizedfitness__M3__L8__eps0p033__g0p01__ds0p15__dm0p01
Problem: QUBO
Kernel: rbf
Advantage: normalizedfitness
M: 3
lambda: 8
epsilon_svgd: 0.033
gamma: 0.01
decay_start_ratio: 0.15
decay_min_factor: 0.01
bandwith_kernel: None
no_interact: False
avg_score: -1607.52001953125
median_score: -1611.0
std_score: 68.6515121459961
percentiles: 2%=-1713.02001953125, 5%=-1700.3499755859375, 10%=-1696.199951171875, 25%=-1656.5, 50%=-1611.0, 75%=-1571.5, 90%=-1512.9000244140625, 95%=-1496.2000732421875, 98%=-1428.679931640625
ranking_best_algo: NLOPT_LN_PRAXIS
ranking_best_score: 1607.12
ranking_my_rank: 1/504 (100.0%)
ranking_my_percent: 100.0
