ConfigName: krbf__advnormalizedfitness__M2__L8__eps0p015__g0p01__ds0p15__dm0p3
Problem: QUBO
Kernel: rbf
Advantage: normalizedfitness
M: 2
lambda: 8
epsilon_svgd: 0.015
gamma: 0.01
decay_start_ratio: 0.15
decay_min_factor: 0.3
bandwith_kernel: None
no_interact: False
avg_score: -424.82000732421875
median_score: -423.5
std_score: 25.44263458251953
percentiles: 2%=-479.0400085449219, 5%=-465.20001220703125, 10%=-461.0, 25%=-444.0, 50%=-423.5, 75%=-409.5, 90%=-388.8999938964844, 95%=-384.95001220703125, 98%=-372.9200134277344
ranking_best_algo: CMAL3
ranking_best_score: 435.36
ranking_my_rank: 30/504 (94.2%)
ranking_my_percent: 94.24603174603175
