ConfigName: kjsd__advperagentrankweighted__M5__L24__eps0p005__g0p0005__ds0p3__dm0p05
Problem: QUBO
Kernel: jsd
Advantage: peragentrankweighted
M: 5
lambda: 24
epsilon_svgd: 0.005
gamma: 0.0005
decay_start_ratio: 0.3
decay_min_factor: 0.05
bandwith_kernel: None
no_interact: False
avg_score: -1255.219970703125
median_score: -1252.5
std_score: 73.21920013427734
percentiles: 2%=-1388.3399658203125, 5%=-1369.0999755859375, 10%=-1355.0, 25%=-1319.5, 50%=-1252.5, 75%=-1196.25, 90%=-1158.800048828125, 95%=-1143.0, 98%=-1138.800048828125
ranking_best_algo: BigLognormalDiscreteOnePlusOne
ranking_best_score: 1301.3600000000004
ranking_my_rank: 54/504 (89.5%)
ranking_my_percent: 89.48412698412699
