ConfigName: krbf__advnormalizedfitness__M3__L8__eps0p025__g0p007__ds0p01__dm0p3
Problem: QUBO
Kernel: rbf
Advantage: normalizedfitness
M: 3
lambda: 8
epsilon_svgd: 0.025
gamma: 0.007
decay_start_ratio: 0.01
decay_min_factor: 0.3
bandwith_kernel: None
no_interact: False
avg_score: -422.8800048828125
median_score: -422.5
std_score: 29.628795623779297
percentiles: 2%=-481.0400085449219, 5%=-475.0, 10%=-467.0, 25%=-438.0, 50%=-422.5, 75%=-407.0, 90%=-384.0, 95%=-378.50006103515625, 98%=-347.9599914550781
ranking_best_algo: CMAL3
ranking_best_score: 435.36
ranking_my_rank: 33/504 (93.7%)
ranking_my_percent: 93.65079365079364
