ConfigName: kjsd__advperagentrankweighted__M4__L30__eps0p01__g0p0005__ds0p2__dm0p05
Problem: QUBO
Kernel: jsd
Advantage: peragentrankweighted
M: 4
lambda: 30
epsilon_svgd: 0.01
gamma: 0.0005
decay_start_ratio: 0.2
decay_min_factor: 0.05
bandwith_kernel: None
no_interact: False
avg_score: -439.9599914550781
median_score: -442.5
std_score: 28.473819732666016
percentiles: 2%=-481.0, 5%=-479.0, 10%=-473.29998779296875, 25%=-464.25, 50%=-442.5, 75%=-418.0, 90%=-399.79998779296875, 95%=-395.8500061035156, 98%=-389.5
ranking_best_algo: CMApara
ranking_best_score: 453.82
ranking_my_rank: 16/504 (97.0%)
ranking_my_percent: 97.02380952380952
