ConfigName: kjsd__advperagentrankweighted__M4__L24__eps0p005__g0p0007__ds0p2__dm0p05
Problem: QUBO
Kernel: jsd
Advantage: peragentrankweighted
M: 4
lambda: 24
epsilon_svgd: 0.005
gamma: 0.0007
decay_start_ratio: 0.2
decay_min_factor: 0.05
bandwith_kernel: None
no_interact: False
avg_score: -310.1400146484375
median_score: -307.0
std_score: 38.305355072021484
percentiles: 2%=-394.0799865722656, 5%=-390.1000061035156, 10%=-359.79998779296875, 25%=-334.0, 50%=-307.0, 75%=-277.75, 90%=-264.0, 95%=-262.0, 98%=-255.8800048828125
ranking_best_algo: CMApara
ranking_best_score: 319.29999999999995
ranking_my_rank: 63/504 (87.7%)
ranking_my_percent: 87.6984126984127
