ConfigName: kjsd__advperagentrankweighted__M3__L18__eps0p005__g0p003__ds0p2__dm0p1
Problem: QUBO
Kernel: jsd
Advantage: peragentrankweighted
M: 3
lambda: 18
epsilon_svgd: 0.005
gamma: 0.003
decay_start_ratio: 0.2
decay_min_factor: 0.1
bandwith_kernel: None
no_interact: False
avg_score: -411.7200012207031
median_score: -414.5
std_score: 31.837739944458008
percentiles: 2%=-467.0799865722656, 5%=-457.0, 10%=-453.20001220703125, 25%=-433.25, 50%=-414.5, 75%=-393.0, 90%=-369.79998779296875, 95%=-354.95001220703125, 98%=-337.9800109863281
ranking_best_algo: CMAL3
ranking_best_score: 435.36
ranking_my_rank: 163/504 (67.9%)
ranking_my_percent: 67.85714285714286
