ConfigName: krbf__advnormalizedfitness__M3__L10__eps0p033__g0p007__ds0p01__dm0p01
Problem: NK
Kernel: rbf
Advantage: normalizedfitness
M: 3
lambda: 10
epsilon_svgd: 0.033
gamma: 0.007
decay_start_ratio: 0.01
decay_min_factor: 0.01
bandwith_kernel: None
no_interact: False
avg_score: 0.746029794216156
median_score: 0.745972216129303
std_score: 0.009872548282146454
percentiles: 2%=0.7308648228645325, 5%=0.7321059703826904, 10%=0.7338855862617493, 25%=0.7381516098976135, 50%=0.745972216129303, 75%=0.7522801160812378, 90%=0.7599182724952698, 95%=0.7611691355705261, 98%=0.7652010321617126
ranking_best_algo: PBIL
ranking_best_score: 0.733570253046875
ranking_my_rank: 1/504 (100.0%)
ranking_my_percent: 100.0
