ConfigName: kjsd__advperagentrankweighted__M3__L16__eps0p005__g0p003__ds0p1__dm0p1
Problem: QUBO
Kernel: jsd
Advantage: peragentrankweighted
M: 3
lambda: 16
epsilon_svgd: 0.005
gamma: 0.003
decay_start_ratio: 0.1
decay_min_factor: 0.1
bandwith_kernel: None
no_interact: False
avg_score: -306.4200134277344
median_score: -301.0
std_score: 40.75271224975586
percentiles: 2%=-388.1199951171875, 5%=-382.20001220703125, 10%=-359.3999938964844, 25%=-332.5, 50%=-301.0, 75%=-271.0, 90%=-257.70001220703125, 95%=-250.0, 98%=-247.9600067138672
ranking_best_algo: CMApara
ranking_best_score: 319.29999999999995
ranking_my_rank: 113/504 (77.8%)
ranking_my_percent: 77.77777777777777
