ConfigName: krbf__advnormalizedfitness__M3__L10__eps0p033__g0p01__ds0p3__dm0p01
Problem: QUBO
Kernel: rbf
Advantage: normalizedfitness
M: 3
lambda: 10
epsilon_svgd: 0.033
gamma: 0.01
decay_start_ratio: 0.3
decay_min_factor: 0.01
bandwith_kernel: None
no_interact: False
avg_score: -425.9800109863281
median_score: -425.0
std_score: 27.777681350708008
percentiles: 2%=-477.0400085449219, 5%=-471.20001220703125, 10%=-467.20001220703125, 25%=-447.0, 50%=-425.0, 75%=-411.0, 90%=-389.8999938964844, 95%=-380.9000244140625, 98%=-371.94000244140625
ranking_best_algo: CMAL3
ranking_best_score: 435.36
ranking_my_rank: 23/504 (95.6%)
ranking_my_percent: 95.63492063492063
