ConfigName: kjsd__advperagentrankweighted__M5__L10__eps0p02__g0p0007__ds0p2__dm0p05
Problem: QUBO
Kernel: jsd
Advantage: peragentrankweighted
M: 5
lambda: 10
epsilon_svgd: 0.02
gamma: 0.0007
decay_start_ratio: 0.2
decay_min_factor: 0.05
bandwith_kernel: None
no_interact: False
avg_score: -444.4599914550781
median_score: -447.5
std_score: 23.9112606048584
percentiles: 2%=-488.0799865722656, 5%=-479.1000061035156, 10%=-472.0, 25%=-463.0, 50%=-447.5, 75%=-428.75, 90%=-412.70001220703125, 95%=-400.95001220703125, 98%=-391.9599914550781
ranking_best_algo: CMApara
ranking_best_score: 453.82
ranking_my_rank: 6/504 (99.0%)
ranking_my_percent: 99.0079365079365
