ConfigName: krbf__advnormalizedfitness__M3__L8__eps0p025__g0p007__ds0p01__dm0p01
Problem: QUBO
Kernel: rbf
Advantage: normalizedfitness
M: 3
lambda: 8
epsilon_svgd: 0.025
gamma: 0.007
decay_start_ratio: 0.01
decay_min_factor: 0.01
bandwith_kernel: None
no_interact: False
avg_score: -926.9600219726562
median_score: -933.0
std_score: 68.13001251220703
percentiles: 2%=-1074.0400390625, 5%=-1060.1500244140625, 10%=-1025.300048828125, 25%=-964.25, 50%=-933.0, 75%=-878.25, 90%=-847.4000244140625, 95%=-826.75, 98%=-784.9599609375
ranking_best_algo: CMApara
ranking_best_score: 964.9
ranking_my_rank: 21/504 (96.0%)
ranking_my_percent: 96.03174603174604
