ConfigName: kjsd__advperagentrankweighted__M4__L30__eps0p005__g0p0005__ds0p4__dm0p05
Problem: NK
Kernel: jsd
Advantage: peragentrankweighted
M: 4
lambda: 30
epsilon_svgd: 0.005
gamma: 0.0005
decay_start_ratio: 0.4
decay_min_factor: 0.05
bandwith_kernel: None
no_interact: False
avg_score: 0.7450249195098877
median_score: 0.7415618896484375
std_score: 0.02857833355665207
percentiles: 2%=0.6996419429779053, 5%=0.7053050398826599, 10%=0.7114991545677185, 25%=0.7241614460945129, 50%=0.7415618896484375, 75%=0.7580187320709229, 90%=0.7783373594284058, 95%=0.8045349717140198, 98%=0.8104035258293152
ranking_best_algo: CMApara
ranking_best_score: 0.7459277895312499
ranking_my_rank: 2/504 (99.8%)
ranking_my_percent: 99.8015873015873
