ConfigName: kjsd__advperagentrankweighted__M3__L18__eps0p007__g0p003__ds0p2__dm0p2
Problem: QUBO
Kernel: jsd
Advantage: peragentrankweighted
M: 3
lambda: 18
epsilon_svgd: 0.007
gamma: 0.003
decay_start_ratio: 0.2
decay_min_factor: 0.2
bandwith_kernel: None
no_interact: False
avg_score: -329.9800109863281
median_score: -334.0
std_score: 23.464859008789062
percentiles: 2%=-372.0, 5%=-372.0, 10%=-357.0, 25%=-346.0, 50%=-334.0, 75%=-312.0, 90%=-297.6000061035156, 95%=-291.95001220703125, 98%=-281.8800048828125
ranking_best_algo: CMApara
ranking_best_score: 344.22
ranking_my_rank: 79/504 (84.5%)
ranking_my_percent: 84.52380952380952
