ConfigName: kjsd__advperagentrankweighted__M5__L8__eps0p03__g0p0005__ds0p2__dm0p05
Problem: QUBO
Kernel: jsd
Advantage: peragentrankweighted
M: 5
lambda: 8
epsilon_svgd: 0.03
gamma: 0.0005
decay_start_ratio: 0.2
decay_min_factor: 0.05
bandwith_kernel: None
no_interact: False
avg_score: -307.8800048828125
median_score: -306.0
std_score: 38.86110305786133
percentiles: 2%=-388.0400085449219, 5%=-388.0, 10%=-356.0, 25%=-334.0, 50%=-306.0, 75%=-274.75, 90%=-261.8999938964844, 95%=-254.9499969482422, 98%=-251.9600067138672
ranking_best_algo: CMApara
ranking_best_score: 319.29999999999995
ranking_my_rank: 95/504 (81.3%)
ranking_my_percent: 81.34920634920636
