ConfigName: kjsd__advperagentrankweighted__M4__L30__eps0p01__g0p0005__ds0p4__dm0p05
Problem: QUBO
Kernel: jsd
Advantage: peragentrankweighted
M: 4
lambda: 30
epsilon_svgd: 0.01
gamma: 0.0005
decay_start_ratio: 0.4
decay_min_factor: 0.05
bandwith_kernel: None
no_interact: False
avg_score: -310.5400085449219
median_score: -311.0
std_score: 37.57856369018555
percentiles: 2%=-386.1199951171875, 5%=-380.0, 10%=-352.20001220703125, 25%=-340.0, 50%=-311.0, 75%=-276.0, 90%=-267.0, 95%=-257.95001220703125, 98%=-252.97999572753906
ranking_best_algo: CMApara
ranking_best_score: 319.29999999999995
ranking_my_rank: 58/504 (88.7%)
ranking_my_percent: 88.69047619047619
