ConfigName: kjsd__advperagentrankweighted__M5__L24__eps0p008__g0p0005__ds0p05__dm0p05
Problem: QUBO
Kernel: jsd
Advantage: peragentrankweighted
M: 5
lambda: 24
epsilon_svgd: 0.008
gamma: 0.0005
decay_start_ratio: 0.05
decay_min_factor: 0.05
bandwith_kernel: None
no_interact: False
avg_score: -140.5
median_score: -141.5
std_score: 10.79397964477539
percentiles: 2%=-159.02000427246094, 5%=-159.0, 10%=-157.10000610351562, 25%=-146.0, 50%=-141.5, 75%=-132.0, 90%=-125.0, 95%=-122.9000015258789, 98%=-120.95999908447266
ranking_best_algo: DiscreteDE
ranking_best_score: 143.4
ranking_my_rank: 78/504 (84.7%)
ranking_my_percent: 84.72222222222223
