ConfigName: krbf__advnormalizedfitness__M3__L12__eps0p025__g0p007__ds0p3__dm0p3
Problem: QUBO
Kernel: rbf
Advantage: normalizedfitness
M: 3
lambda: 12
epsilon_svgd: 0.025
gamma: 0.007
decay_start_ratio: 0.3
decay_min_factor: 0.3
bandwith_kernel: None
no_interact: False
avg_score: -138.9600067138672
median_score: -140.5
std_score: 11.740459442138672
percentiles: 2%=-159.02000427246094, 5%=-158.0, 10%=-155.10000610351562, 25%=-146.0, 50%=-140.5, 75%=-131.75, 90%=-126.60000610351562, 95%=-116.80001831054688, 98%=-112.91998291015625
ranking_best_algo: DiscreteDE
ranking_best_score: 143.4
ranking_my_rank: 94/504 (81.5%)
ranking_my_percent: 81.54761904761905
