ConfigName: kjsd__advperagentrankweighted__M3__L16__eps0p01__g0p0007__ds0p1__dm0p05
Problem: QUBO
Kernel: jsd
Advantage: peragentrankweighted
M: 3
lambda: 16
epsilon_svgd: 0.01
gamma: 0.0007
decay_start_ratio: 0.1
decay_min_factor: 0.05
bandwith_kernel: None
no_interact: False
avg_score: -1304.739990234375
median_score: -1302.5
std_score: 53.33659362792969
percentiles: 2%=-1405.4599609375, 5%=-1396.1500244140625, 10%=-1378.5, 25%=-1335.0, 50%=-1302.5, 75%=-1262.0, 90%=-1237.0, 95%=-1221.0, 98%=-1206.97998046875
ranking_best_algo: BigLognormalDiscreteOnePlusOne
ranking_best_score: 1301.3600000000004
ranking_my_rank: 1/504 (100.0%)
ranking_my_percent: 100.0
