ConfigName: krbf__advnormalizedfitness__M3__L8__eps0p015__g0p007__ds0p3__dm0p3
Problem: QUBO
Kernel: rbf
Advantage: normalizedfitness
M: 3
lambda: 8
epsilon_svgd: 0.015
gamma: 0.007
decay_start_ratio: 0.3
decay_min_factor: 0.3
bandwith_kernel: None
no_interact: False
avg_score: -417.6600036621094
median_score: -416.0
std_score: 26.51272201538086
percentiles: 2%=-477.0, 5%=-457.6999816894531, 10%=-452.0, 25%=-434.0, 50%=-416.0, 75%=-399.75, 90%=-385.79998779296875, 95%=-380.95001220703125, 98%=-377.9599914550781
ranking_best_algo: Tabu
ranking_best_score: 438.12
ranking_my_rank: 40/504 (92.3%)
ranking_my_percent: 92.26190476190476
