ConfigName: kjsd__advperagentrankweighted__M4__L8__eps0p01__g0p0007__ds0p2__dm0p05
Problem: QUBO
Kernel: jsd
Advantage: peragentrankweighted
M: 4
lambda: 8
epsilon_svgd: 0.01
gamma: 0.0007
decay_start_ratio: 0.2
decay_min_factor: 0.05
bandwith_kernel: None
no_interact: False
avg_score: -938.4400024414062
median_score: -936.0
std_score: 69.5564956665039
percentiles: 2%=-1074.0, 5%=-1065.1500244140625, 10%=-1035.300048828125, 25%=-982.25, 50%=-936.0, 75%=-886.75, 90%=-850.0, 95%=-824.7999877929688, 98%=-812.8800048828125
ranking_best_algo: CMApara
ranking_best_score: 964.9
ranking_my_rank: 7/504 (98.8%)
ranking_my_percent: 98.80952380952381
