ConfigName: kjsd__advperagentrankweighted__M3__L18__eps0p005__g0p001__ds0p05__dm0p05
Problem: QUBO
Kernel: jsd
Advantage: peragentrankweighted
M: 3
lambda: 18
epsilon_svgd: 0.005
gamma: 0.001
decay_start_ratio: 0.05
decay_min_factor: 0.05
bandwith_kernel: None
no_interact: False
avg_score: -1306.280029296875
median_score: -1307.5
std_score: 51.26189422607422
percentiles: 2%=-1433.1600341796875, 5%=-1385.0, 10%=-1360.4000244140625, 25%=-1338.75, 50%=-1307.5, 75%=-1270.5, 90%=-1245.9000244140625, 95%=-1218.5, 98%=-1205.0
ranking_best_algo: BigLognormalDiscreteOnePlusOne
ranking_best_score: 1301.3600000000004
ranking_my_rank: 1/504 (100.0%)
ranking_my_percent: 100.0
