ConfigName: kjsd__advperagentrankweighted__M3__L16__eps0p01__g0p003__ds0p1__dm0p1
Problem: QUBO
Kernel: jsd
Advantage: peragentrankweighted
M: 3
lambda: 16
epsilon_svgd: 0.01
gamma: 0.003
decay_start_ratio: 0.1
decay_min_factor: 0.1
bandwith_kernel: None
no_interact: False
avg_score: -1194.52001953125
median_score: -1183.5
std_score: 66.89506530761719
percentiles: 2%=-1347.0400390625, 5%=-1333.199951171875, 10%=-1291.199951171875, 25%=-1222.75, 50%=-1183.5, 75%=-1149.75, 90%=-1113.800048828125, 95%=-1096.8499755859375, 98%=-1082.9200439453125
ranking_best_algo: Tabu
ranking_best_score: 1216.16
ranking_my_rank: 48/504 (90.7%)
ranking_my_percent: 90.67460317460318
