ConfigName: kjsd__advperagentrankweighted__M3__L16__eps0p01__g0p003__ds0p2__dm0p2
Problem: QUBO
Kernel: jsd
Advantage: peragentrankweighted
M: 3
lambda: 16
epsilon_svgd: 0.01
gamma: 0.003
decay_start_ratio: 0.2
decay_min_factor: 0.2
bandwith_kernel: None
no_interact: False
avg_score: -576.6199951171875
median_score: -576.5
std_score: 28.33047103881836
percentiles: 2%=-631.0399780273438, 5%=-627.1500244140625, 10%=-608.2000122070312, 25%=-595.0, 50%=-576.5, 75%=-557.75, 90%=-545.7999877929688, 95%=-531.7999877929688, 98%=-512.7000122070312
ranking_best_algo: Tabu
ranking_best_score: 588.7199999999999
ranking_my_rank: 55/503 (89.3%)
ranking_my_percent: 89.26441351888668
