ConfigName: kjsd__advperagentrankweighted__M3__L20__eps0p005__g0p0005__ds0p2__dm0p05
Problem: NK
Kernel: jsd
Advantage: peragentrankweighted
M: 3
lambda: 20
epsilon_svgd: 0.005
gamma: 0.0005
decay_start_ratio: 0.2
decay_min_factor: 0.05
bandwith_kernel: None
no_interact: False
avg_score: 0.73414146900177
median_score: 0.7332112789154053
std_score: 0.01065170019865036
percentiles: 2%=0.7141731381416321, 5%=0.7167221903800964, 10%=0.7214797735214233, 25%=0.7261117696762085, 50%=0.7332112789154053, 75%=0.7417765855789185, 90%=0.7493605017662048, 95%=0.7522178292274475, 98%=0.7544109225273132
ranking_best_algo: Tabu
ranking_best_score: 0.7429702712499999
ranking_my_rank: 2/504 (99.8%)
ranking_my_percent: 99.8015873015873
