ConfigName: krbf__advnormalizedfitness__M2__L8__eps0p025__g0p005__ds0p3__dm0p3
Problem: QUBO
Kernel: rbf
Advantage: normalizedfitness
M: 2
lambda: 8
epsilon_svgd: 0.025
gamma: 0.005
decay_start_ratio: 0.3
decay_min_factor: 0.3
bandwith_kernel: None
no_interact: False
avg_score: -136.4600067138672
median_score: -140.0
std_score: 13.43236255645752
percentiles: 2%=-158.02000427246094, 5%=-156.0500030517578, 10%=-152.10000610351562, 25%=-146.0, 50%=-140.0, 75%=-129.0, 90%=-114.9000015258789, 95%=-112.0, 98%=-110.87999725341797
ranking_best_algo: DiscreteDE
ranking_best_score: 143.4
ranking_my_rank: 212/504 (58.1%)
ranking_my_percent: 58.13492063492063
