ConfigName: kjsd__advperagentrankweighted__M6__L24__eps0p008__g0p0005__ds0p3__dm0p05
Problem: QUBO
Kernel: jsd
Advantage: peragentrankweighted
M: 6
lambda: 24
epsilon_svgd: 0.008
gamma: 0.0005
decay_start_ratio: 0.3
decay_min_factor: 0.05
bandwith_kernel: None
no_interact: False
avg_score: -2558.1201171875
median_score: -2556.0
std_score: 153.78656005859375
percentiles: 2%=-2859.719970703125, 5%=-2816.14990234375, 10%=-2764.10009765625, 25%=-2675.0, 50%=-2556.0, 75%=-2446.75, 90%=-2369.39990234375, 95%=-2342.10009765625, 98%=-2247.47998046875
ranking_best_algo: DiscreteLengler2OnePlusOne
ranking_best_score: 2617.04
ranking_my_rank: 53/504 (89.7%)
ranking_my_percent: 89.68253968253968
