ConfigName: kjsd__advperagentrankweighted__M6__L30__eps0p005__g0p0005__ds0p05__dm0p05
Problem: NK
Kernel: jsd
Advantage: peragentrankweighted
M: 6
lambda: 30
epsilon_svgd: 0.005
gamma: 0.0005
decay_start_ratio: 0.05
decay_min_factor: 0.05
bandwith_kernel: None
no_interact: False
avg_score: 0.754560649394989
median_score: 0.7559328675270081
std_score: 0.01422217395156622
percentiles: 2%=0.7247667908668518, 5%=0.7275950908660889, 10%=0.7354363203048706, 25%=0.745964765548706, 50%=0.7559328675270081, 75%=0.7655774354934692, 90%=0.7706557512283325, 95%=0.7754510641098022, 98%=0.7795521020889282
ranking_best_algo: Tabu
ranking_best_score: 0.7657846284375001
ranking_my_rank: 7/504 (98.8%)
ranking_my_percent: 98.80952380952381
