ConfigName: kjsd__advperagentrankweighted__M5__L10__eps0p005__g0p0003__ds0p05__dm0p05
Problem: NK
Kernel: jsd
Advantage: peragentrankweighted
M: 5
lambda: 10
epsilon_svgd: 0.005
gamma: 0.0003
decay_start_ratio: 0.05
decay_min_factor: 0.05
bandwith_kernel: None
no_interact: False
avg_score: 0.7438664436340332
median_score: 0.739310622215271
std_score: 0.027829593047499657
percentiles: 2%=0.7084935307502747, 5%=0.7098698616027832, 10%=0.7123185992240906, 25%=0.7249090671539307, 50%=0.739310622215271, 75%=0.7580187320709229, 90%=0.7782467603683472, 95%=0.8048011064529419, 98%=0.8118547797203064
ranking_best_algo: CMApara
ranking_best_score: 0.7459277895312499
ranking_my_rank: 6/504 (99.0%)
ranking_my_percent: 99.0079365079365
