ConfigName: krbf__advnormalizedfitness__M3__L8__eps0p025__g0p005__ds0p01__dm0p01
Problem: QUBO
Kernel: rbf
Advantage: normalizedfitness
M: 3
lambda: 8
epsilon_svgd: 0.025
gamma: 0.005
decay_start_ratio: 0.01
decay_min_factor: 0.01
bandwith_kernel: None
no_interact: False
avg_score: -923.3400268554688
median_score: -917.0
std_score: 61.36500549316406
percentiles: 2%=-1048.52001953125, 5%=-1019.1500244140625, 10%=-1005.4000244140625, 25%=-971.25, 50%=-917.0, 75%=-881.75, 90%=-848.7999877929688, 95%=-839.8500366210938, 98%=-810.2798461914062
ranking_best_algo: CMApara
ranking_best_score: 964.9
ranking_my_rank: 24/504 (95.4%)
ranking_my_percent: 95.43650793650794
