ConfigName: kjsd__advperagentrankweighted__M3__L30__eps0p005__g0p0005__ds0p05__dm0p2
Problem: QUBO
Kernel: jsd
Advantage: peragentrankweighted
M: 3
lambda: 30
epsilon_svgd: 0.005
gamma: 0.0005
decay_start_ratio: 0.05
decay_min_factor: 0.2
bandwith_kernel: None
no_interact: False
avg_score: -308.20001220703125
median_score: -303.0
std_score: 40.5985221862793
percentiles: 2%=-396.0400085449219, 5%=-392.0, 10%=-357.20001220703125, 25%=-334.5, 50%=-303.0, 75%=-273.75, 90%=-262.79998779296875, 95%=-254.0, 98%=-242.0
ranking_best_algo: CMApara
ranking_best_score: 319.29999999999995
ranking_my_rank: 90/504 (82.3%)
ranking_my_percent: 82.34126984126983
