ConfigName: kjsd__advperagentrankweighted__M4__L10__eps0p005__g0p0007__ds0p05__dm0p05
Problem: QUBO
Kernel: jsd
Advantage: peragentrankweighted
M: 4
lambda: 10
epsilon_svgd: 0.005
gamma: 0.0007
decay_start_ratio: 0.05
decay_min_factor: 0.05
bandwith_kernel: None
no_interact: False
avg_score: -2585.159912109375
median_score: -2571.0
std_score: 119.3296890258789
percentiles: 2%=-2823.4599609375, 5%=-2779.25, 10%=-2746.300048828125, 25%=-2674.25, 50%=-2571.0, 75%=-2503.0, 90%=-2449.800048828125, 95%=-2387.39990234375, 98%=-2318.860107421875
ranking_best_algo: SVM1MetaModelLogNormal
ranking_best_score: 2605.14
ranking_my_rank: 12/504 (97.8%)
ranking_my_percent: 97.81746031746032
