ConfigName: kjsd__advperagentrankweighted__M4__L10__eps0p02__g0p0003__ds0p05__dm0p05
Problem: NK
Kernel: jsd
Advantage: peragentrankweighted
M: 4
lambda: 10
epsilon_svgd: 0.02
gamma: 0.0003
decay_start_ratio: 0.05
decay_min_factor: 0.05
bandwith_kernel: None
no_interact: False
avg_score: 0.7118854522705078
median_score: 0.711018443107605
std_score: 0.010041271336376667
percentiles: 2%=0.6924797892570496, 5%=0.6957391500473022, 10%=0.6994593739509583, 25%=0.7042472958564758, 50%=0.711018443107605, 75%=0.719344973564148, 90%=0.7262352108955383, 95%=0.7290704846382141, 98%=0.7310855388641357
ranking_best_algo: Tabu
ranking_best_score: 0.7429702712499999
ranking_my_rank: 142/504 (72.0%)
ranking_my_percent: 72.02380952380952
