ConfigName: krbf__advnormalizedfitness__M3__L12__eps0p025__g0p007__ds0p01__dm0p01
Problem: QUBO
Kernel: rbf
Advantage: normalizedfitness
M: 3
lambda: 12
epsilon_svgd: 0.025
gamma: 0.007
decay_start_ratio: 0.01
decay_min_factor: 0.01
bandwith_kernel: None
no_interact: False
avg_score: -2530.10009765625
median_score: -2517.5
std_score: 161.22206115722656
percentiles: 2%=-2836.159912109375, 5%=-2786.199951171875, 10%=-2759.39990234375, 25%=-2663.25, 50%=-2517.5, 75%=-2419.25, 90%=-2314.5, 95%=-2281.60009765625, 98%=-2215.559814453125
ranking_best_algo: SVM1MetaModelLogNormal
ranking_best_score: 2605.14
ranking_my_rank: 52/504 (89.9%)
ranking_my_percent: 89.88095238095238
