ConfigName: krbf__advnormalizedfitness__M3__L8__eps0p03__g0p01__ds0p05__dm0p05
Problem: NK
Kernel: rbf
Advantage: normalizedfitness
M: 3
lambda: 8
epsilon_svgd: 0.03
gamma: 0.01
decay_start_ratio: 0.05
decay_min_factor: 0.05
bandwith_kernel: None
no_interact: False
avg_score: 0.7038978338241577
median_score: 0.7014918923377991
std_score: 0.015764450654387474
percentiles: 2%=0.6736283302307129, 5%=0.6826804280281067, 10%=0.6856130957603455, 25%=0.6941003203392029, 50%=0.7014918923377991, 75%=0.7132474780082703, 90%=0.7256001830101013, 95%=0.72929447889328, 98%=0.7386219501495361
ranking_best_algo: PBIL
ranking_best_score: 0.7170882103515624
ranking_my_rank: 62/504 (87.9%)
ranking_my_percent: 87.89682539682539
