ConfigName: kfr__advglobalrankweighted__M5__L8__eps0p01__g0p005__ds0p01__dm0p01
Problem: QUBO
Kernel: fr
Advantage: globalrankweighted
M: 5
lambda: 8
epsilon_svgd: 0.01
gamma: 0.005
decay_start_ratio: 0.01
decay_min_factor: 0.01
bandwith_kernel: None
no_interact: False
avg_score: -311.32000732421875
median_score: -311.0
std_score: 39.430667877197266
percentiles: 2%=-394.0799865722656, 5%=-392.0, 10%=-360.1999816894531, 25%=-334.5, 50%=-311.0, 75%=-274.75, 90%=-265.79998779296875, 95%=-260.95001220703125, 98%=-249.97999572753906
ranking_best_algo: CMApara
ranking_best_score: 319.29999999999995
ranking_my_rank: 39/504 (92.5%)
ranking_my_percent: 92.46031746031746
