ConfigName: krbf__advnormalizedfitness__M4__L8__eps0p015__g0p005__ds0p3__dm0p3
Problem: QUBO
Kernel: rbf
Advantage: normalizedfitness
M: 4
lambda: 8
epsilon_svgd: 0.015
gamma: 0.005
decay_start_ratio: 0.3
decay_min_factor: 0.3
bandwith_kernel: None
no_interact: False
avg_score: -1163.1600341796875
median_score: -1161.5
std_score: 94.2125015258789
percentiles: 2%=-1322.3199462890625, 5%=-1307.4000244140625, 10%=-1279.4000244140625, 25%=-1241.25, 50%=-1161.5, 75%=-1091.75, 90%=-1042.5999755859375, 95%=-1011.9500122070312, 98%=-1006.7799682617188
ranking_best_algo: BigLognormalDiscreteOnePlusOne
ranking_best_score: 1301.3600000000004
ranking_my_rank: 113/504 (77.8%)
ranking_my_percent: 77.77777777777777
