ConfigName: kjsd__advperagentrankweighted__M3__L30__eps0p005__g0p001__ds0p05__dm0p1
Problem: NK
Kernel: jsd
Advantage: peragentrankweighted
M: 3
lambda: 30
epsilon_svgd: 0.005
gamma: 0.001
decay_start_ratio: 0.05
decay_min_factor: 0.1
bandwith_kernel: None
no_interact: False
avg_score: 0.7070043087005615
median_score: 0.7097901701927185
std_score: 0.011673345230519772
percentiles: 2%=0.6889480948448181, 5%=0.6895982027053833, 10%=0.6911548972129822, 25%=0.6954445838928223, 50%=0.7097901701927185, 75%=0.7169141173362732, 90%=0.7205708622932434, 95%=0.7238308787345886, 98%=0.7245059609413147
ranking_best_algo: PBIL
ranking_best_score: 0.7013553837109374
ranking_my_rank: 1/504 (100.0%)
ranking_my_percent: 100.0
