ConfigName: kjsd__advperagentrankweighted__M5__L12__eps0p03__g0p0005__ds0p2__dm0p05
Problem: QUBO
Kernel: jsd
Advantage: peragentrankweighted
M: 5
lambda: 12
epsilon_svgd: 0.03
gamma: 0.0005
decay_start_ratio: 0.2
decay_min_factor: 0.05
bandwith_kernel: None
no_interact: False
avg_score: -1176.1800537109375
median_score: -1170.5
std_score: 63.6231689453125
percentiles: 2%=-1291.47998046875, 5%=-1276.550048828125, 10%=-1261.800048828125, 25%=-1219.25, 50%=-1170.5, 75%=-1137.0, 90%=-1096.699951171875, 95%=-1075.9000244140625, 98%=-1067.6400146484375
ranking_best_algo: Tabu
ranking_best_score: 1216.16
ranking_my_rank: 82/504 (83.9%)
ranking_my_percent: 83.92857142857143
