ConfigName: krbf__advnormalizedfitness__M3__L15__eps0p033__g0p01__ds0p15__dm0p3
Problem: QUBO
Kernel: rbf
Advantage: normalizedfitness
M: 3
lambda: 15
epsilon_svgd: 0.033
gamma: 0.01
decay_start_ratio: 0.15
decay_min_factor: 0.3
bandwith_kernel: None
no_interact: False
avg_score: -879.52001953125
median_score: -881.5
std_score: 77.62957000732422
percentiles: 2%=-1024.239990234375, 5%=-1016.0, 10%=-983.0, 25%=-942.0, 50%=-881.5, 75%=-815.5, 90%=-775.7000122070312, 95%=-761.9000244140625, 98%=-747.699951171875
ranking_best_algo: CMAL3
ranking_best_score: 928.5800000000002
ranking_my_rank: 121/504 (76.2%)
ranking_my_percent: 76.19047619047619
