ConfigName: kjsd__advperagentrankweighted__M4__L8__eps0p03__g0p0003__ds0p2__dm0p05
Problem: QUBO
Kernel: jsd
Advantage: peragentrankweighted
M: 4
lambda: 8
epsilon_svgd: 0.03
gamma: 0.0003
decay_start_ratio: 0.2
decay_min_factor: 0.05
bandwith_kernel: None
no_interact: False
avg_score: -849.760009765625
median_score: -840.0
std_score: 62.835994720458984
percentiles: 2%=-984.1599731445312, 5%=-959.1500244140625, 10%=-939.5999755859375, 25%=-890.25, 50%=-840.0, 75%=-806.25, 90%=-770.9000244140625, 95%=-762.0, 98%=-747.9000244140625
ranking_best_algo: CMAL3
ranking_best_score: 928.5800000000002
ranking_my_rank: 214/504 (57.7%)
ranking_my_percent: 57.73809523809524
