ConfigName: kfr__advglobalrankweighted__M4__L9__eps0p01__g0p005__ds0p01__dm0p01
Problem: QUBO
Kernel: fr
Advantage: globalrankweighted
M: 4
lambda: 9
epsilon_svgd: 0.01
gamma: 0.005
decay_start_ratio: 0.01
decay_min_factor: 0.01
bandwith_kernel: None
no_interact: False
avg_score: -2387.0
median_score: -2378.0
std_score: 138.69924926757812
percentiles: 2%=-2666.159912109375, 5%=-2624.050048828125, 10%=-2569.5, 25%=-2472.25, 50%=-2378.0, 75%=-2285.75, 90%=-2198.800048828125, 95%=-2169.449951171875, 98%=-2133.39990234375
ranking_best_algo: SVM1MetaModelLogNormal
ranking_best_score: 2605.14
ranking_my_rank: 132/504 (74.0%)
ranking_my_percent: 74.0079365079365
