ConfigName: kfr__advglobalrankweighted__M6__L10__eps0p015__g0p005__ds0p01__dm0p01
Problem: QUBO
Kernel: fr
Advantage: globalrankweighted
M: 6
lambda: 10
epsilon_svgd: 0.015
gamma: 0.005
decay_start_ratio: 0.01
decay_min_factor: 0.01
bandwith_kernel: None
no_interact: False
avg_score: -201.9199981689453
median_score: -202.5
std_score: 11.383918762207031
percentiles: 2%=-222.0399932861328, 5%=-220.0, 10%=-218.10000610351562, 25%=-209.0, 50%=-202.5, 75%=-195.0, 90%=-186.0, 95%=-182.90000915527344, 98%=-177.97999572753906
ranking_best_algo: Tabu
ranking_best_score: 208.36000000000004
ranking_my_rank: 38/504 (92.7%)
ranking_my_percent: 92.65873015873017
