ConfigName: krbf__advnormalizedfitness__M4__L8__eps0p025__g0p005__ds0p01__dm0p01
Problem: QUBO
Kernel: rbf
Advantage: normalizedfitness
M: 4
lambda: 8
epsilon_svgd: 0.025
gamma: 0.005
decay_start_ratio: 0.01
decay_min_factor: 0.01
bandwith_kernel: None
no_interact: False
avg_score: -139.22000122070312
median_score: -139.0
std_score: 11.63235092163086
percentiles: 2%=-160.0, 5%=-159.0, 10%=-156.10000610351562, 25%=-146.0, 50%=-139.0, 75%=-130.0, 90%=-125.0, 95%=-122.90000915527344, 98%=-114.97999572753906
ranking_best_algo: DiscreteDE
ranking_best_score: 143.4
ranking_my_rank: 86/504 (83.1%)
ranking_my_percent: 83.13492063492063
