ConfigName: kjsd__advperagentrankweighted__M3__L18__eps0p007__g0p001__ds0p1__dm0p05
Problem: NK
Kernel: jsd
Advantage: peragentrankweighted
M: 3
lambda: 18
epsilon_svgd: 0.007
gamma: 0.001
decay_start_ratio: 0.1
decay_min_factor: 0.05
bandwith_kernel: None
no_interact: False
avg_score: 0.7348336577415466
median_score: 0.7350199222564697
std_score: 0.010141429491341114
percentiles: 2%=0.7165480256080627, 5%=0.7203496098518372, 10%=0.7229827046394348, 25%=0.7269221544265747, 50%=0.7350199222564697, 75%=0.7412505149841309, 90%=0.7484226822853088, 95%=0.7538517117500305, 98%=0.7557098269462585
ranking_best_algo: Tabu
ranking_best_score: 0.7429702712499999
ranking_my_rank: 2/504 (99.8%)
ranking_my_percent: 99.8015873015873
