ConfigName: kfr__advglobalrankweighted__M4__L11__eps0p02__g0p005__ds0p01__dm0p01
Problem: QUBO
Kernel: fr
Advantage: globalrankweighted
M: 4
lambda: 11
epsilon_svgd: 0.02
gamma: 0.005
decay_start_ratio: 0.01
decay_min_factor: 0.01
bandwith_kernel: None
no_interact: False
avg_score: -2508.239990234375
median_score: -2496.0
std_score: 127.6508560180664
percentiles: 2%=-2742.47998046875, 5%=-2711.85009765625, 10%=-2679.5, 25%=-2611.25, 50%=-2496.0, 75%=-2417.5, 90%=-2350.199951171875, 95%=-2287.5, 98%=-2271.97998046875
ranking_best_algo: SVM1MetaModelLogNormal
ranking_best_score: 2605.14
ranking_my_rank: 62/504 (87.9%)
ranking_my_percent: 87.89682539682539
