ConfigName: kjsd__advperagentrankweighted__M3__L16__eps0p01__g0p003__ds0p05__dm0p05
Problem: NK
Kernel: jsd
Advantage: peragentrankweighted
M: 3
lambda: 16
epsilon_svgd: 0.01
gamma: 0.003
decay_start_ratio: 0.05
decay_min_factor: 0.05
bandwith_kernel: None
no_interact: False
avg_score: 0.7354335188865662
median_score: 0.7379312515258789
std_score: 0.008339991793036461
percentiles: 2%=0.7172917723655701, 5%=0.7197531461715698, 10%=0.7223573923110962, 25%=0.7302737236022949, 50%=0.7379312515258789, 75%=0.7422332167625427, 90%=0.7445064187049866, 95%=0.7456490993499756, 98%=0.7459850907325745
ranking_best_algo: PBIL
ranking_best_score: 0.7248786399609374
ranking_my_rank: 1/504 (100.0%)
ranking_my_percent: 100.0
