ConfigName: krbf__advnormalizedfitness__M4__L8__eps0p015__g0p01__ds0p15__dm0p01
Problem: QUBO
Kernel: rbf
Advantage: normalizedfitness
M: 4
lambda: 8
epsilon_svgd: 0.015
gamma: 0.01
decay_start_ratio: 0.15
decay_min_factor: 0.01
bandwith_kernel: None
no_interact: False
avg_score: -417.1400146484375
median_score: -415.5
std_score: 24.756826400756836
percentiles: 2%=-469.0, 5%=-467.1000061035156, 10%=-453.0, 25%=-434.0, 50%=-415.5, 75%=-398.75, 90%=-388.0, 95%=-379.9000244140625, 98%=-371.91998291015625
ranking_best_algo: Tabu
ranking_best_score: 438.12
ranking_my_rank: 41/504 (92.1%)
ranking_my_percent: 92.06349206349206
