ConfigName: kjsd__advperagentrankweighted__M4__L24__eps0p01__g0p0005__ds0p4__dm0p05
Problem: QUBO
Kernel: jsd
Advantage: peragentrankweighted
M: 4
lambda: 24
epsilon_svgd: 0.01
gamma: 0.0005
decay_start_ratio: 0.4
decay_min_factor: 0.05
bandwith_kernel: None
no_interact: False
avg_score: -428.7200012207031
median_score: -429.5
std_score: 27.281524658203125
percentiles: 2%=-479.0, 5%=-475.1000061035156, 10%=-464.29998779296875, 25%=-444.25, 50%=-429.5, 75%=-411.75, 90%=-396.0, 95%=-379.8500061035156, 98%=-374.82000732421875
ranking_best_algo: CMAL3
ranking_best_score: 435.36
ranking_my_rank: 15/504 (97.2%)
ranking_my_percent: 97.22222222222223
