ConfigName: krbf__advglobalrankweighted__M4__L11__eps0p015__g0p005__ds0p01__dm0p01
Problem: QUBO
Kernel: rbf
Advantage: globalrankweighted
M: 4
lambda: 11
epsilon_svgd: 0.015
gamma: 0.005
decay_start_ratio: 0.01
decay_min_factor: 0.01
bandwith_kernel: None
no_interact: False
avg_score: -439.4200134277344
median_score: -439.0
std_score: 26.497236251831055
percentiles: 2%=-492.0, 5%=-480.04998779296875, 10%=-472.1000061035156, 25%=-460.5, 50%=-439.0, 75%=-420.5, 90%=-404.79998779296875, 95%=-396.0, 98%=-391.97998046875
ranking_best_algo: CMApara
ranking_best_score: 453.82
ranking_my_rank: 18/504 (96.6%)
ranking_my_percent: 96.62698412698413
