ConfigName: kjsd__advperagentrankweighted__M8__L10__eps0p005__g0p0005__ds0p3__dm0p05
Problem: QUBO
Kernel: jsd
Advantage: peragentrankweighted
M: 8
lambda: 10
epsilon_svgd: 0.005
gamma: 0.0005
decay_start_ratio: 0.3
decay_min_factor: 0.05
bandwith_kernel: None
no_interact: False
avg_score: -445.6000061035156
median_score: -448.5
std_score: 25.01279640197754
percentiles: 2%=-490.0, 5%=-483.1000061035156, 10%=-477.20001220703125, 25%=-468.0, 50%=-448.5, 75%=-425.75, 90%=-410.8999938964844, 95%=-402.0, 98%=-400.9800109863281
ranking_best_algo: CMApara
ranking_best_score: 453.82
ranking_my_rank: 3/504 (99.6%)
ranking_my_percent: 99.60317460317461
