ConfigName: kjsd__advperagentrankweighted__M3__L20__eps0p005__g0p003__ds0p1__dm0p05
Problem: QUBO
Kernel: jsd
Advantage: peragentrankweighted
M: 3
lambda: 20
epsilon_svgd: 0.005
gamma: 0.003
decay_start_ratio: 0.1
decay_min_factor: 0.05
bandwith_kernel: None
no_interact: False
avg_score: -1399.5
median_score: -1402.0
std_score: 99.6432113647461
percentiles: 2%=-1582.1800537109375, 5%=-1553.300048828125, 10%=-1526.800048828125, 25%=-1473.5, 50%=-1402.0, 75%=-1336.0, 90%=-1278.5, 95%=-1205.75, 98%=-1191.6600341796875
ranking_best_algo: NLOPT_LN_PRAXIS
ranking_best_score: 1607.12
ranking_my_rank: 149/504 (70.6%)
ranking_my_percent: 70.63492063492063
