ConfigName: krbf__advnormalizedfitness__M1__L8__eps0p025__g0p015__ds0p15__dm0p3
Problem: QUBO
Kernel: rbf
Advantage: normalizedfitness
M: 1
lambda: 8
epsilon_svgd: 0.025
gamma: 0.015
decay_start_ratio: 0.15
decay_min_factor: 0.3
bandwith_kernel: None
no_interact: False
avg_score: -1610.719970703125
median_score: -1614.5
std_score: 68.86814880371094
percentiles: 2%=-1731.0400390625, 5%=-1711.0, 10%=-1689.4000244140625, 25%=-1655.75, 50%=-1614.5, 75%=-1569.75, 90%=-1514.800048828125, 95%=-1490.7000732421875, 98%=-1480.919921875
ranking_best_algo: NLOPT_LN_PRAXIS
ranking_best_score: 1607.12
ranking_my_rank: 1/504 (100.0%)
ranking_my_percent: 100.0
