ConfigName: kjsd__advperagentrankweighted__M5__L8__eps0p02__g0p0003__ds0p05__dm0p05
Problem: QUBO
Kernel: jsd
Advantage: peragentrankweighted
M: 5
lambda: 8
epsilon_svgd: 0.02
gamma: 0.0003
decay_start_ratio: 0.05
decay_min_factor: 0.05
bandwith_kernel: None
no_interact: False
avg_score: -1270.199951171875
median_score: -1265.5
std_score: 59.532344818115234
percentiles: 2%=-1387.800048828125, 5%=-1368.1500244140625, 10%=-1353.199951171875, 25%=-1309.5, 50%=-1265.5, 75%=-1222.75, 90%=-1202.699951171875, 95%=-1190.5, 98%=-1150.9200439453125
ranking_best_algo: BigLognormalDiscreteOnePlusOne
ranking_best_score: 1301.3600000000004
ranking_my_rank: 48/504 (90.7%)
ranking_my_percent: 90.67460317460318
