ConfigName: kjsd__advperagentrankweighted__M3__L16__eps0p005__g0p003__ds0p1__dm0p2
Problem: QUBO
Kernel: jsd
Advantage: peragentrankweighted
M: 3
lambda: 16
epsilon_svgd: 0.005
gamma: 0.003
decay_start_ratio: 0.1
decay_min_factor: 0.2
bandwith_kernel: None
no_interact: False
avg_score: -305.67999267578125
median_score: -310.0
std_score: 38.55253219604492
percentiles: 2%=-384.1600036621094, 5%=-380.1000061035156, 10%=-353.79998779296875, 25%=-330.0, 50%=-310.0, 75%=-271.5, 90%=-257.8999938964844, 95%=-252.89999389648438, 98%=-245.8800048828125
ranking_best_algo: CMApara
ranking_best_score: 319.29999999999995
ranking_my_rank: 125/504 (75.4%)
ranking_my_percent: 75.39682539682539
