ConfigName: krbf__advnormalizedfitness__M2__L11__eps0p01__g0p007__ds0p01__dm0p01
Problem: QUBO
Kernel: rbf
Advantage: normalizedfitness
M: 2
lambda: 11
epsilon_svgd: 0.01
gamma: 0.007
decay_start_ratio: 0.01
decay_min_factor: 0.01
bandwith_kernel: None
no_interact: False
avg_score: -1228.93994140625
median_score: -1226.5
std_score: 64.4882583618164
percentiles: 2%=-1364.43994140625, 5%=-1326.1500244140625, 10%=-1309.0, 25%=-1268.75, 50%=-1226.5, 75%=-1186.5, 90%=-1155.9000244140625, 95%=-1123.0, 98%=-1102.800048828125
ranking_best_algo: SVMMetaModelLogNormal
ranking_best_score: 1233.7999999999997
ranking_my_rank: 12/504 (97.8%)
ranking_my_percent: 97.81746031746032
