ConfigName: krbf__advnormalizedfitness__M3__L8__eps0p025__g0p007__ds0p3__dm0p3
Problem: QUBO
Kernel: rbf
Advantage: normalizedfitness
M: 3
lambda: 8
epsilon_svgd: 0.025
gamma: 0.007
decay_start_ratio: 0.3
decay_min_factor: 0.3
bandwith_kernel: None
no_interact: False
avg_score: -929.9000244140625
median_score: -926.5
std_score: 70.47644805908203
percentiles: 2%=-1072.0400390625, 5%=-1063.3499755859375, 10%=-1016.2000122070312, 25%=-974.5, 50%=-926.5, 75%=-888.5, 90%=-843.800048828125, 95%=-804.9000244140625, 98%=-780.4798583984375
ranking_best_algo: CMApara
ranking_best_score: 964.9
ranking_my_rank: 19/504 (96.4%)
ranking_my_percent: 96.42857142857143
