ConfigName: kfr__advglobalrankweighted__M1__L7__eps0p015__g0p005__ds0p01__dm0p01
Problem: QUBO
Kernel: fr
Advantage: globalrankweighted
M: 1
lambda: 7
epsilon_svgd: 0.015
gamma: 0.005
decay_start_ratio: 0.01
decay_min_factor: 0.01
bandwith_kernel: None
no_interact: False
avg_score: -311.6000061035156
median_score: -317.5
std_score: 28.883211135864258
percentiles: 2%=-350.3999938964844, 5%=-349.04998779296875, 10%=-343.0, 25%=-334.25, 50%=-317.5, 75%=-290.0, 90%=-269.79998779296875, 95%=-261.8500061035156, 98%=-253.79995727539062
ranking_best_algo: CMApara
ranking_best_score: 344.22
ranking_my_rank: 266/504 (47.4%)
ranking_my_percent: 47.42063492063492
