ConfigName: krbf__advnormalizedfitness__M5__L8__eps0p02__g0p01__ds0p15__dm0p05
Problem: QUBO
Kernel: rbf
Advantage: normalizedfitness
M: 5
lambda: 8
epsilon_svgd: 0.02
gamma: 0.01
decay_start_ratio: 0.15
decay_min_factor: 0.05
bandwith_kernel: None
no_interact: False
avg_score: -1103.1199951171875
median_score: -1076.0
std_score: 147.4805908203125
percentiles: 2%=-1427.260009765625, 5%=-1384.4000244140625, 10%=-1342.199951171875, 25%=-1174.25, 50%=-1076.0, 75%=-1004.0, 90%=-933.9000244140625, 95%=-885.0, 98%=-874.9199829101562
ranking_best_algo: NLOPT_LN_PRAXIS
ranking_best_score: 1607.12
ranking_my_rank: 287/504 (43.3%)
ranking_my_percent: 43.25396825396825
