ConfigName: kjsd__advperagentrankweighted__M3__L20__eps0p005__g0p0007__ds0p05__dm0p1
Problem: QUBO
Kernel: jsd
Advantage: peragentrankweighted
M: 3
lambda: 20
epsilon_svgd: 0.005
gamma: 0.0007
decay_start_ratio: 0.05
decay_min_factor: 0.1
bandwith_kernel: None
no_interact: False
avg_score: -138.5399932861328
median_score: -139.0
std_score: 10.410974502563477
percentiles: 2%=-159.0, 5%=-156.0500030517578, 10%=-151.3000030517578, 25%=-146.0, 50%=-139.0, 75%=-130.0, 90%=-125.0, 95%=-121.94999694824219, 98%=-119.0
ranking_best_algo: DiscreteDE
ranking_best_score: 143.4
ranking_my_rank: 100/504 (80.4%)
ranking_my_percent: 80.35714285714286
