ConfigName: kjsd__advperagentrankweighted__M5__L8__eps0p01__g0p003__ds0p05__dm0p05
Problem: QUBO
Kernel: jsd
Advantage: peragentrankweighted
M: 5
lambda: 8
epsilon_svgd: 0.01
gamma: 0.003
decay_start_ratio: 0.05
decay_min_factor: 0.05
bandwith_kernel: None
no_interact: False
avg_score: -1191.719970703125
median_score: -1192.5
std_score: 70.78715515136719
percentiles: 2%=-1323.3800048828125, 5%=-1321.050048828125, 10%=-1287.300048828125, 25%=-1238.75, 50%=-1192.5, 75%=-1145.5, 90%=-1101.9000244140625, 95%=-1066.9000244140625, 98%=-1043.8599853515625
ranking_best_algo: SVMMetaModelLogNormal
ranking_best_score: 1233.7999999999997
ranking_my_rank: 58/504 (88.7%)
ranking_my_percent: 88.69047619047619
