ConfigName: kjsd__advperagentrankweighted__M6__L20__eps0p005__g0p0005__ds0p1__dm0p2
Problem: QUBO
Kernel: jsd
Advantage: peragentrankweighted
M: 6
lambda: 20
epsilon_svgd: 0.005
gamma: 0.0005
decay_start_ratio: 0.1
decay_min_factor: 0.2
bandwith_kernel: None
no_interact: False
avg_score: -920.3800048828125
median_score: -917.0
std_score: 64.63277435302734
percentiles: 2%=-1054.280029296875, 5%=-1044.300048828125, 10%=-1012.4000244140625, 25%=-961.0, 50%=-917.0, 75%=-876.0, 90%=-842.7999877929688, 95%=-826.3499755859375, 98%=-800.760009765625
ranking_best_algo: CMApara
ranking_best_score: 964.9
ranking_my_rank: 60/504 (88.3%)
ranking_my_percent: 88.2936507936508
