ConfigName: krbf__advglobalrankweighted__M4__L10__eps0p01__g0p003__ds0p01__dm0p01
Problem: QUBO
Kernel: rbf
Advantage: globalrankweighted
M: 4
lambda: 10
epsilon_svgd: 0.01
gamma: 0.003
decay_start_ratio: 0.01
decay_min_factor: 0.01
bandwith_kernel: None
no_interact: False
avg_score: -929.3400268554688
median_score: -928.5
std_score: 69.9778823852539
percentiles: 2%=-1076.0, 5%=-1058.25, 10%=-1025.5, 25%=-973.25, 50%=-928.5, 75%=-884.0, 90%=-842.9000244140625, 95%=-799.0, 98%=-788.9599609375
ranking_best_algo: CMApara
ranking_best_score: 964.9
ranking_my_rank: 20/504 (96.2%)
ranking_my_percent: 96.23015873015873
