ConfigName: kjsd__advperagentrankweighted__M4__L10__eps0p01__g0p0005__ds0p2__dm0p05
Problem: NK
Kernel: jsd
Advantage: peragentrankweighted
M: 4
lambda: 10
epsilon_svgd: 0.01
gamma: 0.0005
decay_start_ratio: 0.2
decay_min_factor: 0.05
bandwith_kernel: None
no_interact: False
avg_score: 0.7372388243675232
median_score: 0.736187756061554
std_score: 0.013330454006791115
percentiles: 2%=0.717149555683136, 5%=0.719551146030426, 10%=0.7215632200241089, 25%=0.7272601127624512, 50%=0.736187756061554, 75%=0.7456575632095337, 90%=0.7530002593994141, 95%=0.7564634680747986, 98%=0.7674840688705444
ranking_best_algo: Tabu
ranking_best_score: 0.7601875690625
ranking_my_rank: 20/504 (96.2%)
ranking_my_percent: 96.23015873015873
