ConfigName: krbf__advnormalizedfitness__M3__L8__eps0p033__g0p007__ds0p01__dm0p01
Problem: NK
Kernel: rbf
Advantage: normalizedfitness
M: 3
lambda: 8
epsilon_svgd: 0.033
gamma: 0.007
decay_start_ratio: 0.01
decay_min_factor: 0.01
bandwith_kernel: None
no_interact: False
avg_score: 0.7356919050216675
median_score: 0.737343966960907
std_score: 0.009834786877036095
percentiles: 2%=0.71693354845047, 5%=0.7191469669342041, 10%=0.7219308018684387, 25%=0.7267021536827087, 50%=0.737343966960907, 75%=0.7437381744384766, 90%=0.7465230226516724, 95%=0.7483871579170227, 98%=0.7520261406898499
ranking_best_algo: PBIL
ranking_best_score: 0.730509098125
ranking_my_rank: 1/504 (100.0%)
ranking_my_percent: 100.0
