ConfigName: kjsd__advperagentrankweighted__M3__L18__eps0p007__g0p001__ds0p05__dm0p05
Problem: QUBO
Kernel: jsd
Advantage: peragentrankweighted
M: 3
lambda: 18
epsilon_svgd: 0.007
gamma: 0.001
decay_start_ratio: 0.05
decay_min_factor: 0.05
bandwith_kernel: None
no_interact: False
avg_score: -426.9200134277344
median_score: -423.0
std_score: 26.11960220336914
percentiles: 2%=-477.1600036621094, 5%=-475.0, 10%=-461.3999938964844, 25%=-444.25, 50%=-423.0, 75%=-411.0, 90%=-394.79998779296875, 95%=-384.8999938964844, 98%=-375.0
ranking_best_algo: CMAL3
ranking_best_score: 435.36
ranking_my_rank: 20/504 (96.2%)
ranking_my_percent: 96.23015873015873
