ConfigName: kjsd__advperagentrankweighted__M3__L18__eps0p005__g0p0005__ds0p2__dm0p05
Problem: NK
Kernel: jsd
Advantage: peragentrankweighted
M: 3
lambda: 18
epsilon_svgd: 0.005
gamma: 0.0005
decay_start_ratio: 0.2
decay_min_factor: 0.05
bandwith_kernel: None
no_interact: False
avg_score: 0.7390815019607544
median_score: 0.7380876541137695
std_score: 0.013287832029163837
percentiles: 2%=0.7149421572685242, 5%=0.7186739444732666, 10%=0.7214738726615906, 25%=0.7296355366706848, 50%=0.7380876541137695, 75%=0.748503565788269, 90%=0.7555460333824158, 95%=0.7593475580215454, 98%=0.7665729522705078
ranking_best_algo: Tabu
ranking_best_score: 0.7601875690625
ranking_my_rank: 16/504 (97.0%)
ranking_my_percent: 97.02380952380952
