ConfigName: kjsd__advperagentrankweighted__M4__L8__eps0p02__g0p0005__ds0p2__dm0p05
Problem: NK
Kernel: jsd
Advantage: peragentrankweighted
M: 4
lambda: 8
epsilon_svgd: 0.02
gamma: 0.0005
decay_start_ratio: 0.2
decay_min_factor: 0.05
bandwith_kernel: None
no_interact: False
avg_score: 0.7385089993476868
median_score: 0.7378811240196228
std_score: 0.013512815348803997
percentiles: 2%=0.7157063484191895, 5%=0.7176116704940796, 10%=0.7207916378974915, 25%=0.728356659412384, 50%=0.7378811240196228, 75%=0.7467673420906067, 90%=0.759114146232605, 95%=0.7617846727371216, 98%=0.7676472663879395
ranking_best_algo: Tabu
ranking_best_score: 0.7470791764843752
ranking_my_rank: 10/504 (98.2%)
ranking_my_percent: 98.21428571428571
