ConfigName: krbf__advnormalizedfitness__M2__L15__eps0p025__g0p007__ds0p15__dm0p01
Problem: NK
Kernel: rbf
Advantage: normalizedfitness
M: 2
lambda: 15
epsilon_svgd: 0.025
gamma: 0.007
decay_start_ratio: 0.15
decay_min_factor: 0.01
bandwith_kernel: None
no_interact: False
avg_score: 0.7357807159423828
median_score: 0.7355266809463501
std_score: 0.011155071668326855
percentiles: 2%=0.7157440781593323, 5%=0.7177373766899109, 10%=0.7209179997444153, 25%=0.7281648516654968, 50%=0.7355266809463501, 75%=0.7434482574462891, 90%=0.7509202361106873, 95%=0.7560439705848694, 98%=0.7578757405281067
ranking_best_algo: Tabu
ranking_best_score: 0.7429702712499999
ranking_my_rank: 2/504 (99.8%)
ranking_my_percent: 99.8015873015873
