ConfigName: kjsd__advperagentrankweighted__M3__L16__eps0p007__g0p0005__ds0p1__dm0p1
Problem: NK
Kernel: jsd
Advantage: peragentrankweighted
M: 3
lambda: 16
epsilon_svgd: 0.007
gamma: 0.0005
decay_start_ratio: 0.1
decay_min_factor: 0.1
bandwith_kernel: None
no_interact: False
avg_score: 0.7451319098472595
median_score: 0.7445586919784546
std_score: 0.00981051940470934
percentiles: 2%=0.7289935350418091, 5%=0.7311516404151917, 10%=0.7339624762535095, 25%=0.7378225326538086, 50%=0.7445586919784546, 75%=0.7501519918441772, 90%=0.7587428689002991, 95%=0.7624002695083618, 98%=0.7683970332145691
ranking_best_algo: PBIL
ranking_best_score: 0.733570253046875
ranking_my_rank: 1/504 (100.0%)
ranking_my_percent: 100.0
