ConfigName: kjsd__advperagentrankweighted__M2__L20__eps0p005__g0p0005__ds0p05__dm0p2
Problem: QUBO
Kernel: jsd
Advantage: peragentrankweighted
M: 2
lambda: 20
epsilon_svgd: 0.005
gamma: 0.0005
decay_start_ratio: 0.05
decay_min_factor: 0.2
bandwith_kernel: None
no_interact: False
avg_score: -434.5400085449219
median_score: -436.5
std_score: 26.79978370666504
percentiles: 2%=-485.1400146484375, 5%=-479.1000061035156, 10%=-465.29998779296875, 25%=-452.25, 50%=-436.5, 75%=-414.5, 90%=-397.8999938964844, 95%=-390.8500061035156, 98%=-384.9800109863281
ranking_best_algo: CMApara
ranking_best_score: 453.82
ranking_my_rank: 39/504 (92.5%)
ranking_my_percent: 92.46031746031746
