ConfigName: kjsd__advperagentrankweighted__M4__L10__eps0p03__g0p0003__ds0p05__dm0p05
Problem: NK
Kernel: jsd
Advantage: peragentrankweighted
M: 4
lambda: 10
epsilon_svgd: 0.03
gamma: 0.0003
decay_start_ratio: 0.05
decay_min_factor: 0.05
bandwith_kernel: None
no_interact: False
avg_score: 0.7151489853858948
median_score: 0.7149622440338135
std_score: 0.010084225796163082
percentiles: 2%=0.6955045461654663, 5%=0.6980037093162537, 10%=0.7025266885757446, 25%=0.7086935043334961, 50%=0.7149622440338135, 75%=0.7220429182052612, 90%=0.7276741862297058, 95%=0.7331817746162415, 98%=0.7345839142799377
ranking_best_algo: PBIL
ranking_best_score: 0.733570253046875
ranking_my_rank: 57/504 (88.9%)
ranking_my_percent: 88.88888888888889
