ConfigName: krbf__advnormalizedfitness__M4__L10__eps0p033__g0p005__ds0p15__dm0p01
Problem: QUBO
Kernel: rbf
Advantage: normalizedfitness
M: 4
lambda: 10
epsilon_svgd: 0.033
gamma: 0.005
decay_start_ratio: 0.15
decay_min_factor: 0.01
bandwith_kernel: None
no_interact: False
avg_score: -441.0799865722656
median_score: -446.5
std_score: 25.159364700317383
percentiles: 2%=-484.0, 5%=-477.20001220703125, 10%=-470.1000061035156, 25%=-460.25, 50%=-446.5, 75%=-425.5, 90%=-403.79998779296875, 95%=-392.95001220703125, 98%=-386.97998046875
ranking_best_algo: CMApara
ranking_best_score: 453.82
ranking_my_rank: 12/504 (97.8%)
ranking_my_percent: 97.81746031746032
