ConfigName: krbf__advnormalizedfitness__M3__L10__eps0p025__g0p007__ds0p01__dm0p3
Problem: NK
Kernel: rbf
Advantage: normalizedfitness
M: 3
lambda: 10
epsilon_svgd: 0.025
gamma: 0.007
decay_start_ratio: 0.01
decay_min_factor: 0.3
bandwith_kernel: None
no_interact: False
avg_score: 0.7414839863777161
median_score: 0.7407617568969727
std_score: 0.014287926256656647
percentiles: 2%=0.7199796438217163, 5%=0.7205919027328491, 10%=0.7241907119750977, 25%=0.7311071157455444, 50%=0.7407617568969727, 75%=0.7502939105033875, 90%=0.7630006670951843, 95%=0.7679136395454407, 98%=0.7747055292129517
ranking_best_algo: Tabu
ranking_best_score: 0.7601875690625
ranking_my_rank: 12/504 (97.8%)
ranking_my_percent: 97.81746031746032
