ConfigName: kfr__advglobalrankweighted__M6__L8__eps0p02__g0p007__ds0p01__dm0p01
Problem: QUBO
Kernel: fr
Advantage: globalrankweighted
M: 6
lambda: 8
epsilon_svgd: 0.02
gamma: 0.007
decay_start_ratio: 0.01
decay_min_factor: 0.01
bandwith_kernel: None
no_interact: False
avg_score: -437.79998779296875
median_score: -441.5
std_score: 26.470361709594727
percentiles: 2%=-492.1199951171875, 5%=-473.1000061035156, 10%=-469.1000061035156, 25%=-457.5, 50%=-441.5, 75%=-419.75, 90%=-402.70001220703125, 95%=-395.8500061035156, 98%=-378.8599853515625
ranking_best_algo: CMApara
ranking_best_score: 453.82
ranking_my_rank: 28/504 (94.6%)
ranking_my_percent: 94.64285714285714
