ConfigName: kjsd__advperagentrankweighted__M3__L18__eps0p005__g0p003__ds0p1__dm0p2
Problem: QUBO
Kernel: jsd
Advantage: peragentrankweighted
M: 3
lambda: 18
epsilon_svgd: 0.005
gamma: 0.003
decay_start_ratio: 0.1
decay_min_factor: 0.2
bandwith_kernel: None
no_interact: False
avg_score: -816.739990234375
median_score: -816.0
std_score: 73.30397033691406
percentiles: 2%=-967.0599975585938, 5%=-946.0999755859375, 10%=-920.0, 25%=-866.5, 50%=-816.0, 75%=-766.0, 90%=-716.5, 95%=-702.9500122070312, 98%=-693.8200073242188
ranking_best_algo: CMAL3
ranking_best_score: 928.5800000000002
ranking_my_rank: 264/504 (47.8%)
ranking_my_percent: 47.817460317460316
