ConfigName: kfr__advglobalrankweighted__M6__L10__eps0p01__g0p005__ds0p01__dm0p01
Problem: QUBO
Kernel: fr
Advantage: globalrankweighted
M: 6
lambda: 10
epsilon_svgd: 0.01
gamma: 0.005
decay_start_ratio: 0.01
decay_min_factor: 0.01
bandwith_kernel: None
no_interact: False
avg_score: -200.67999267578125
median_score: -202.0
std_score: 13.173367500305176
percentiles: 2%=-224.0, 5%=-220.0500030517578, 10%=-219.10000610351562, 25%=-209.0, 50%=-202.0, 75%=-191.0, 90%=-182.0, 95%=-177.0, 98%=-174.97999572753906
ranking_best_algo: Tabu
ranking_best_score: 208.36000000000004
ranking_my_rank: 45/504 (91.3%)
ranking_my_percent: 91.26984126984127
