ConfigName: kjsd__advperagentrankweighted__M3__L18__eps0p01__g0p0005__ds0p1__dm0p1
Problem: QUBO
Kernel: jsd
Advantage: peragentrankweighted
M: 3
lambda: 18
epsilon_svgd: 0.01
gamma: 0.0005
decay_start_ratio: 0.1
decay_min_factor: 0.1
bandwith_kernel: None
no_interact: False
avg_score: -3288.780029296875
median_score: -3279.0
std_score: 121.15986633300781
percentiles: 2%=-3533.159912109375, 5%=-3513.35009765625, 10%=-3454.199951171875, 25%=-3380.0, 50%=-3279.0, 75%=-3207.5, 90%=-3152.60009765625, 95%=-3086.800048828125, 98%=-3049.760009765625
ranking_best_algo: RLSOnePlusOne
ranking_best_score: 3316.5199999999995
ranking_my_rank: 3/504 (99.6%)
ranking_my_percent: 99.60317460317461
