ConfigName: kjsd__advperagentrankweighted__M4__L8__eps0p03__g0p0003__ds0p2__dm0p05
Problem: QUBO
Kernel: jsd
Advantage: peragentrankweighted
M: 4
lambda: 8
epsilon_svgd: 0.03
gamma: 0.0003
decay_start_ratio: 0.2
decay_min_factor: 0.05
bandwith_kernel: None
no_interact: False
avg_score: -386.6000061035156
median_score: -383.0
std_score: 27.66875457763672
percentiles: 2%=-447.1199951171875, 5%=-432.1499938964844, 10%=-424.0, 25%=-408.0, 50%=-383.0, 75%=-363.5, 90%=-353.6000061035156, 95%=-346.0, 98%=-344.0
ranking_best_algo: Tabu
ranking_best_score: 438.12
ranking_my_rank: 263/504 (48.0%)
ranking_my_percent: 48.01587301587302
