ConfigName: kjsd__advperagentrankweighted__M3__L20__eps0p005__g0p001__ds0p2__dm0p05
Problem: NK
Kernel: jsd
Advantage: peragentrankweighted
M: 3
lambda: 20
epsilon_svgd: 0.005
gamma: 0.001
decay_start_ratio: 0.2
decay_min_factor: 0.05
bandwith_kernel: None
no_interact: False
avg_score: 0.7530899047851562
median_score: 0.7553685307502747
std_score: 0.01505413930863142
percentiles: 2%=0.7198008298873901, 5%=0.7223643064498901, 10%=0.7328832149505615, 25%=0.744951069355011, 50%=0.7553685307502747, 75%=0.7619021534919739, 90%=0.7713086605072021, 95%=0.7774839401245117, 98%=0.7796220183372498
ranking_best_algo: Tabu
ranking_best_score: 0.7657846284375001
ranking_my_rank: 9/504 (98.4%)
ranking_my_percent: 98.41269841269842
