ConfigName: kjsd__advperagentrankweighted__M4__L20__eps0p007__g0p0005__ds0p2__dm0p05
Problem: QUBO
Kernel: jsd
Advantage: peragentrankweighted
M: 4
lambda: 20
epsilon_svgd: 0.007
gamma: 0.0005
decay_start_ratio: 0.2
decay_min_factor: 0.05
bandwith_kernel: None
no_interact: False
avg_score: -327.1000061035156
median_score: -328.0
std_score: 21.86481285095215
percentiles: 2%=-372.0, 5%=-357.20001220703125, 10%=-354.0, 25%=-342.0, 50%=-328.0, 75%=-312.0, 90%=-294.8999938964844, 95%=-289.8999938964844, 98%=-281.9200134277344
ranking_best_algo: CMApara
ranking_best_score: 344.22
ranking_my_rank: 111/504 (78.2%)
ranking_my_percent: 78.17460317460318
