ConfigName: krbf__advnormalizedfitness__M4__L15__eps0p033__g0p007__ds0p15__dm0p3
Problem: QUBO
Kernel: rbf
Advantage: normalizedfitness
M: 4
lambda: 15
epsilon_svgd: 0.033
gamma: 0.007
decay_start_ratio: 0.15
decay_min_factor: 0.3
bandwith_kernel: None
no_interact: False
avg_score: -139.6999969482422
median_score: -141.0
std_score: 12.066068649291992
percentiles: 2%=-160.0, 5%=-159.0, 10%=-157.10000610351562, 25%=-148.0, 50%=-141.0, 75%=-130.75, 90%=-124.60000610351562, 95%=-120.0, 98%=-118.97999572753906
ranking_best_algo: DiscreteDE
ranking_best_score: 143.4
ranking_my_rank: 83/504 (83.7%)
ranking_my_percent: 83.73015873015873
