ConfigName: krbf__advnormalizedfitness__M3__L8__eps0p033__g0p007__ds0p3__dm0p3
Problem: NK
Kernel: rbf
Advantage: normalizedfitness
M: 3
lambda: 8
epsilon_svgd: 0.033
gamma: 0.007
decay_start_ratio: 0.3
decay_min_factor: 0.3
bandwith_kernel: None
no_interact: False
avg_score: 0.7301839590072632
median_score: 0.730610728263855
std_score: 0.010371101088821888
percentiles: 2%=0.7119869589805603, 5%=0.7134842276573181, 10%=0.7161139249801636, 25%=0.7216402888298035, 50%=0.730610728263855, 75%=0.7380518913269043, 90%=0.7435207962989807, 95%=0.7477729916572571, 98%=0.7504146695137024
ranking_best_algo: Tabu
ranking_best_score: 0.7429702712499999
ranking_my_rank: 2/504 (99.8%)
ranking_my_percent: 99.8015873015873
