ConfigName: kjsd__advperagentrankweighted__M3__L20__eps0p01__g0p0005__ds0p2__dm0p1
Problem: QUBO
Kernel: jsd
Advantage: peragentrankweighted
M: 3
lambda: 20
epsilon_svgd: 0.01
gamma: 0.0005
decay_start_ratio: 0.2
decay_min_factor: 0.1
bandwith_kernel: None
no_interact: False
avg_score: -305.8399963378906
median_score: -311.0
std_score: 39.67435073852539
percentiles: 2%=-390.0799865722656, 5%=-378.3999938964844, 10%=-350.20001220703125, 25%=-330.0, 50%=-311.0, 75%=-272.75, 90%=-259.8999938964844, 95%=-250.9499969482422, 98%=-237.9199981689453
ranking_best_algo: CMApara
ranking_best_score: 319.29999999999995
ranking_my_rank: 122/504 (76.0%)
ranking_my_percent: 75.9920634920635
