ConfigName: kjsd__advperagentrankweighted__M4__L10__eps0p02__g0p0005__ds0p2__dm0p05
Problem: QUBO
Kernel: jsd
Advantage: peragentrankweighted
M: 4
lambda: 10
epsilon_svgd: 0.02
gamma: 0.0005
decay_start_ratio: 0.2
decay_min_factor: 0.05
bandwith_kernel: None
no_interact: False
avg_score: -410.70001220703125
median_score: -411.0
std_score: 27.27471351623535
percentiles: 2%=-469.0799865722656, 5%=-452.04998779296875, 10%=-446.29998779296875, 25%=-428.25, 50%=-411.0, 75%=-388.75, 90%=-374.0, 95%=-367.8999938964844, 98%=-355.9200134277344
ranking_best_algo: Tabu
ranking_best_score: 438.12
ranking_my_rank: 86/504 (83.1%)
ranking_my_percent: 83.13492063492063
