ConfigName: krbf__advnormalizedfitness__M4__L15__eps0p03__g0p005__ds0p15__dm0p05
Problem: NK
Kernel: rbf
Advantage: normalizedfitness
M: 4
lambda: 15
epsilon_svgd: 0.03
gamma: 0.005
decay_start_ratio: 0.15
decay_min_factor: 0.05
bandwith_kernel: None
no_interact: False
avg_score: 0.7373305559158325
median_score: 0.7390445470809937
std_score: 0.00881152879446745
percentiles: 2%=0.7197278141975403, 5%=0.7212128639221191, 10%=0.7235543131828308, 25%=0.7335753440856934, 50%=0.7390445470809937, 75%=0.7439874410629272, 90%=0.7461321353912354, 95%=0.7500472068786621, 98%=0.7521803975105286
ranking_best_algo: PBIL
ranking_best_score: 0.730509098125
ranking_my_rank: 1/504 (100.0%)
ranking_my_percent: 100.0
