ConfigName: krbf__advnormalizedfitness__M4__L10__eps0p033__g0p007__ds0p3__dm0p01
Problem: NK
Kernel: rbf
Advantage: normalizedfitness
M: 4
lambda: 10
epsilon_svgd: 0.033
gamma: 0.007
decay_start_ratio: 0.3
decay_min_factor: 0.01
bandwith_kernel: None
no_interact: False
avg_score: 0.753821849822998
median_score: 0.7527333498001099
std_score: 0.012602636590600014
percentiles: 2%=0.7329185605049133, 5%=0.7377229332923889, 10%=0.7397946715354919, 25%=0.7435451149940491, 50%=0.7527333498001099, 75%=0.7626176476478577, 90%=0.7706840634346008, 95%=0.7749981880187988, 98%=0.779553234577179
ranking_best_algo: Tabu
ranking_best_score: 0.7657846284375001
ranking_my_rank: 9/504 (98.4%)
ranking_my_percent: 98.41269841269842
