ConfigName: kjsd__advperagentrankweighted__M3__L16__eps0p01__g0p0007__ds0p2__dm0p1
Problem: QUBO
Kernel: jsd
Advantage: peragentrankweighted
M: 3
lambda: 16
epsilon_svgd: 0.01
gamma: 0.0007
decay_start_ratio: 0.2
decay_min_factor: 0.1
bandwith_kernel: None
no_interact: False
avg_score: -939.6599731445312
median_score: -940.5
std_score: 70.21214294433594
percentiles: 2%=-1072.0400390625, 5%=-1058.1500244140625, 10%=-1026.5, 25%=-995.25, 50%=-940.5, 75%=-889.75, 90%=-853.2999877929688, 95%=-832.0999755859375, 98%=-794.719970703125
ranking_best_algo: CMApara
ranking_best_score: 964.9
ranking_my_rank: 7/504 (98.8%)
ranking_my_percent: 98.80952380952381
