ConfigName: kjsd__advperagentrankweighted__M3__L18__eps0p005__g0p001__ds0p05__dm0p2
Problem: QUBO
Kernel: jsd
Advantage: peragentrankweighted
M: 3
lambda: 18
epsilon_svgd: 0.005
gamma: 0.001
decay_start_ratio: 0.05
decay_min_factor: 0.2
bandwith_kernel: None
no_interact: False
avg_score: -1226.8800048828125
median_score: -1214.5
std_score: 65.37985229492188
percentiles: 2%=-1358.300048828125, 5%=-1340.4000244140625, 10%=-1325.0, 25%=-1272.5, 50%=-1214.5, 75%=-1184.75, 90%=-1152.4000244140625, 95%=-1119.75, 98%=-1100.9599609375
ranking_best_algo: SVMMetaModelLogNormal
ranking_best_score: 1233.7999999999997
ranking_my_rank: 13/504 (97.6%)
ranking_my_percent: 97.61904761904762
