ConfigName: kjsd__advperagentrankweighted__M8__L10__eps0p008__g0p0005__ds0p3__dm0p05
Problem: NK
Kernel: jsd
Advantage: peragentrankweighted
M: 8
lambda: 10
epsilon_svgd: 0.008
gamma: 0.0005
decay_start_ratio: 0.3
decay_min_factor: 0.05
bandwith_kernel: None
no_interact: False
avg_score: 0.7464156150817871
median_score: 0.7417416572570801
std_score: 0.02743268758058548
percentiles: 2%=0.7078410387039185, 5%=0.7108837366104126, 10%=0.7152628898620605, 25%=0.7253274917602539, 50%=0.7417416572570801, 75%=0.7608842849731445, 90%=0.7783373594284058, 95%=0.8076820969581604, 98%=0.8118547797203064
ranking_best_algo: CMApara
ranking_best_score: 0.7459277895312499
ranking_my_rank: 1/504 (100.0%)
ranking_my_percent: 100.0
