ConfigName: krbf__advnormalizedfitness__M4__L15__eps0p025__g0p01__ds0p05__dm0p05
Problem: QUBO
Kernel: rbf
Advantage: normalizedfitness
M: 4
lambda: 15
epsilon_svgd: 0.025
gamma: 0.01
decay_start_ratio: 0.05
decay_min_factor: 0.05
bandwith_kernel: None
no_interact: False
avg_score: -821.8599853515625
median_score: -818.5
std_score: 77.22537994384766
percentiles: 2%=-1000.1599731445312, 5%=-953.0499877929688, 10%=-918.7999877929688, 25%=-870.25, 50%=-818.5, 75%=-767.5, 90%=-721.0, 95%=-702.8499755859375, 98%=-690.7999877929688
ranking_best_algo: CMAL3
ranking_best_score: 928.5800000000002
ranking_my_rank: 262/504 (48.2%)
ranking_my_percent: 48.214285714285715
