ConfigName: kjsd__advperagentrankweighted__M4__L12__eps0p005__g0p0005__ds0p05__dm0p2
Problem: QUBO
Kernel: jsd
Advantage: peragentrankweighted
M: 4
lambda: 12
epsilon_svgd: 0.005
gamma: 0.0005
decay_start_ratio: 0.05
decay_min_factor: 0.2
bandwith_kernel: None
no_interact: False
avg_score: -919.0599975585938
median_score: -909.5
std_score: 60.41106033325195
percentiles: 2%=-1037.6600341796875, 5%=-1032.050048828125, 10%=-996.4000244140625, 25%=-959.25, 50%=-909.5, 75%=-874.75, 90%=-849.9000244140625, 95%=-827.9500122070312, 98%=-816.8800048828125
ranking_best_algo: CMAL3
ranking_best_score: 928.5800000000002
ranking_my_rank: 10/504 (98.2%)
ranking_my_percent: 98.21428571428571
