ConfigName: kjsd__advperagentrankweighted__M4__L8__eps0p005__g0p0005__ds0p05__dm0p05
Problem: QUBO
Kernel: jsd
Advantage: peragentrankweighted
M: 4
lambda: 8
epsilon_svgd: 0.005
gamma: 0.0005
decay_start_ratio: 0.05
decay_min_factor: 0.05
bandwith_kernel: None
no_interact: False
avg_score: -147.82000732421875
median_score: -147.0
std_score: 12.624088287353516
percentiles: 2%=-179.0, 5%=-179.0, 10%=-160.0, 25%=-155.0, 50%=-147.0, 75%=-139.0, 90%=-133.0, 95%=-128.89999389648438, 98%=-125.94000244140625
ranking_best_algo: CMApara
ranking_best_score: 154.28
ranking_my_rank: 90/504 (82.3%)
ranking_my_percent: 82.34126984126983
