ConfigName: kjsd__advperagentrankweighted__M5__L8__eps0p005__g0p003__ds0p2__dm0p05
Problem: NK
Kernel: jsd
Advantage: peragentrankweighted
M: 5
lambda: 8
epsilon_svgd: 0.005
gamma: 0.003
decay_start_ratio: 0.2
decay_min_factor: 0.05
bandwith_kernel: None
no_interact: False
avg_score: 0.698621392250061
median_score: 0.700316309928894
std_score: 0.01212580967694521
percentiles: 2%=0.6760340332984924, 5%=0.6807833909988403, 10%=0.6830829381942749, 25%=0.6883288621902466, 50%=0.700316309928894, 75%=0.7088488936424255, 90%=0.7128909230232239, 95%=0.7161943912506104, 98%=0.7184661626815796
ranking_best_algo: PBIL
ranking_best_score: 0.7013553837109374
ranking_my_rank: 4/504 (99.4%)
ranking_my_percent: 99.4047619047619
