ConfigName: kjsd__advperagentrankweighted__M6__L8__eps0p03__g0p0003__ds0p05__dm0p05
Problem: QUBO
Kernel: jsd
Advantage: peragentrankweighted
M: 6
lambda: 8
epsilon_svgd: 0.03
gamma: 0.0003
decay_start_ratio: 0.05
decay_min_factor: 0.05
bandwith_kernel: None
no_interact: False
avg_score: -196.1999969482422
median_score: -196.0
std_score: 12.008330345153809
percentiles: 2%=-224.0, 5%=-214.10000610351562, 10%=-211.0, 25%=-205.0, 50%=-196.0, 75%=-187.0, 90%=-180.0, 95%=-176.9499969482422, 98%=-175.0
ranking_best_algo: Tabu
ranking_best_score: 208.36000000000004
ranking_my_rank: 202/504 (60.1%)
ranking_my_percent: 60.11904761904762
