ConfigName: kjsd__advperagentrankweighted__M3__L16__eps0p005__g0p0007__ds0p2__dm0p1
Problem: QUBO
Kernel: jsd
Advantage: peragentrankweighted
M: 3
lambda: 16
epsilon_svgd: 0.005
gamma: 0.0007
decay_start_ratio: 0.2
decay_min_factor: 0.1
bandwith_kernel: None
no_interact: False
avg_score: -416.55999755859375
median_score: -418.5
std_score: 22.586864471435547
percentiles: 2%=-457.0, 5%=-453.04998779296875, 10%=-446.1000061035156, 25%=-430.0, 50%=-418.5, 75%=-403.5, 90%=-386.0, 95%=-376.0, 98%=-370.0
ranking_best_algo: Tabu
ranking_best_score: 438.12
ranking_my_rank: 43/504 (91.7%)
ranking_my_percent: 91.66666666666667
