ConfigName: krbf__advnormalizedfitness__M4__L15__eps0p033__g0p007__ds0p15__dm0p3
Problem: QUBO
Kernel: rbf
Advantage: normalizedfitness
M: 4
lambda: 15
epsilon_svgd: 0.033
gamma: 0.007
decay_start_ratio: 0.15
decay_min_factor: 0.3
bandwith_kernel: None
no_interact: False
avg_score: -199.9199981689453
median_score: -200.0
std_score: 12.436783790588379
percentiles: 2%=-222.0399932861328, 5%=-219.0500030517578, 10%=-217.10000610351562, 25%=-208.25, 50%=-200.0, 75%=-192.0, 90%=-183.0, 95%=-178.0, 98%=-173.95999145507812
ranking_best_algo: Tabu
ranking_best_score: 208.36000000000004
ranking_my_rank: 59/504 (88.5%)
ranking_my_percent: 88.4920634920635
