ConfigName: krbf__advnormalizedfitness__M3__L12__eps0p015__g0p015__ds0p3__dm0p01
Problem: QUBO
Kernel: rbf
Advantage: normalizedfitness
M: 3
lambda: 12
epsilon_svgd: 0.015
gamma: 0.015
decay_start_ratio: 0.3
decay_min_factor: 0.01
bandwith_kernel: None
no_interact: False
avg_score: -1005.1199951171875
median_score: -999.5
std_score: 97.56682586669922
percentiles: 2%=-1193.1199951171875, 5%=-1175.550048828125, 10%=-1145.699951171875, 25%=-1078.75, 50%=-999.5, 75%=-940.75, 90%=-875.4000244140625, 95%=-846.9000244140625, 98%=-829.9599609375
ranking_best_algo: Tabu
ranking_best_score: 1216.16
ranking_my_rank: 268/504 (47.0%)
ranking_my_percent: 47.023809523809526
