ConfigName: kjsd__advperagentrankweighted__M5__L10__eps0p01__g0p003__ds0p05__dm0p05
Problem: QUBO
Kernel: jsd
Advantage: peragentrankweighted
M: 5
lambda: 10
epsilon_svgd: 0.01
gamma: 0.003
decay_start_ratio: 0.05
decay_min_factor: 0.05
bandwith_kernel: None
no_interact: False
avg_score: -330.8800048828125
median_score: -334.0
std_score: 21.608924865722656
percentiles: 2%=-372.0, 5%=-370.1000061035156, 10%=-354.0, 25%=-343.0, 50%=-334.0, 75%=-321.5, 90%=-298.0, 95%=-289.79998779296875, 98%=-280.0
ranking_best_algo: CMApara
ranking_best_score: 344.22
ranking_my_rank: 77/504 (84.9%)
ranking_my_percent: 84.92063492063492
