ConfigName: kjsd__advperagentrankweighted__M3__L30__eps0p005__g0p001__ds0p05__dm0p1
Problem: NK
Kernel: jsd
Advantage: peragentrankweighted
M: 3
lambda: 30
epsilon_svgd: 0.005
gamma: 0.001
decay_start_ratio: 0.05
decay_min_factor: 0.1
bandwith_kernel: None
no_interact: False
avg_score: 0.7571947574615479
median_score: 0.757983386516571
std_score: 0.012403672561049461
percentiles: 2%=0.7320179343223572, 5%=0.7369142174720764, 10%=0.7408238649368286, 25%=0.7485997676849365, 50%=0.757983386516571, 75%=0.7649639248847961, 90%=0.7729939222335815, 95%=0.7758083939552307, 98%=0.7807958126068115
ranking_best_algo: Tabu
ranking_best_score: 0.7470791764843752
ranking_my_rank: 1/504 (100.0%)
ranking_my_percent: 100.0
