ConfigName: krbf__advnormalizedfitness__M4__L15__eps0p033__g0p01__ds0p3__dm0p3
Problem: NK
Kernel: rbf
Advantage: normalizedfitness
M: 4
lambda: 15
epsilon_svgd: 0.033
gamma: 0.01
decay_start_ratio: 0.3
decay_min_factor: 0.3
bandwith_kernel: None
no_interact: False
avg_score: 0.736380934715271
median_score: 0.7374873757362366
std_score: 0.017076026648283005
percentiles: 2%=0.7019237279891968, 5%=0.7055303454399109, 10%=0.7167178988456726, 25%=0.7226938605308533, 50%=0.7374873757362366, 75%=0.7501163482666016, 90%=0.7593323588371277, 95%=0.762763500213623, 98%=0.7635981440544128
ranking_best_algo: Tabu
ranking_best_score: 0.7657846284375001
ranking_my_rank: 132/504 (74.0%)
ranking_my_percent: 74.0079365079365
