ConfigName: kjsd__advperagentrankweighted__M3__L16__eps0p007__g0p0007__ds0p2__dm0p2
Problem: QUBO
Kernel: jsd
Advantage: peragentrankweighted
M: 3
lambda: 16
epsilon_svgd: 0.007
gamma: 0.0007
decay_start_ratio: 0.2
decay_min_factor: 0.2
bandwith_kernel: None
no_interact: False
avg_score: -1619.43994140625
median_score: -1616.0
std_score: 57.916717529296875
percentiles: 2%=-1740.1800537109375, 5%=-1715.25, 10%=-1700.0999755859375, 25%=-1659.0, 50%=-1616.0, 75%=-1576.5, 90%=-1550.0, 95%=-1534.949951171875, 98%=-1504.9200439453125
ranking_best_algo: NLOPT_LN_PRAXIS
ranking_best_score: 1607.12
ranking_my_rank: 1/504 (100.0%)
ranking_my_percent: 100.0
