ConfigName: krbf__advnormalizedfitness__M4__L10__eps0p025__g0p005__ds0p15__dm0p3
Problem: QUBO
Kernel: rbf
Advantage: normalizedfitness
M: 4
lambda: 10
epsilon_svgd: 0.025
gamma: 0.005
decay_start_ratio: 0.15
decay_min_factor: 0.3
bandwith_kernel: None
no_interact: False
avg_score: -425.32000732421875
median_score: -423.0
std_score: 27.558982849121094
percentiles: 2%=-477.0400085449219, 5%=-477.0, 10%=-465.20001220703125, 25%=-442.0, 50%=-423.0, 75%=-409.0, 90%=-394.79998779296875, 95%=-383.300048828125, 98%=-364.94000244140625
ranking_best_algo: CMAL3
ranking_best_score: 435.36
ranking_my_rank: 28/504 (94.6%)
ranking_my_percent: 94.64285714285714
