ConfigName: krbf__advnormalizedfitness__M4__L10__eps0p025__g0p005__ds0p05__dm0p05
Problem: QUBO
Kernel: rbf
Advantage: normalizedfitness
M: 4
lambda: 10
epsilon_svgd: 0.025
gamma: 0.005
decay_start_ratio: 0.05
decay_min_factor: 0.05
bandwith_kernel: None
no_interact: False
avg_score: -441.9599914550781
median_score: -445.5
std_score: 25.38500213623047
percentiles: 2%=-490.0400085449219, 5%=-481.20001220703125, 10%=-471.1000061035156, 25%=-460.25, 50%=-445.5, 75%=-423.0, 90%=-409.8999938964844, 95%=-398.95001220703125, 98%=-394.9800109863281
ranking_best_algo: CMApara
ranking_best_score: 453.82
ranking_my_rank: 10/504 (98.2%)
ranking_my_percent: 98.21428571428571
