ConfigName: kjsd__advperagentrankweighted__M5__L10__eps0p005__g0p0005__ds0p2__dm0p05
Problem: NK
Kernel: jsd
Advantage: peragentrankweighted
M: 5
lambda: 10
epsilon_svgd: 0.005
gamma: 0.0005
decay_start_ratio: 0.2
decay_min_factor: 0.05
bandwith_kernel: None
no_interact: False
avg_score: 0.7107966542243958
median_score: 0.7117942571640015
std_score: 0.015255186706781387
percentiles: 2%=0.6721085906028748, 5%=0.6739245057106018, 10%=0.6945167183876038, 25%=0.7076491713523865, 50%=0.7117942571640015, 75%=0.7193466424942017, 90%=0.7254750728607178, 95%=0.7328460216522217, 98%=0.733237624168396
ranking_best_algo: CMApara
ranking_best_score: 0.707475975
ranking_my_rank: 1/504 (100.0%)
ranking_my_percent: 100.0
