ConfigName: krbf__advnormalizedfitness__M3__L10__eps0p015__g0p01__ds0p15__dm0p3
Problem: NK
Kernel: rbf
Advantage: normalizedfitness
M: 3
lambda: 10
epsilon_svgd: 0.015
gamma: 0.01
decay_start_ratio: 0.15
decay_min_factor: 0.3
bandwith_kernel: None
no_interact: False
avg_score: 0.7445740699768066
median_score: 0.7423104643821716
std_score: 0.029188405722379684
percentiles: 2%=0.7015138864517212, 5%=0.7053917050361633, 10%=0.7084388136863708, 25%=0.7222603559494019, 50%=0.7423104643821716, 75%=0.7580187320709229, 90%=0.778337299823761, 95%=0.8047270774841309, 98%=0.8118547797203064
ranking_best_algo: CMApara
ranking_best_score: 0.7459277895312499
ranking_my_rank: 3/504 (99.6%)
ranking_my_percent: 99.60317460317461
