ConfigName: kjsd__advperagentrankweighted__M4__L8__eps0p02__g0p0005__ds0p05__dm0p05
Problem: QUBO
Kernel: jsd
Advantage: peragentrankweighted
M: 4
lambda: 8
epsilon_svgd: 0.02
gamma: 0.0005
decay_start_ratio: 0.05
decay_min_factor: 0.05
bandwith_kernel: None
no_interact: False
avg_score: -1581.1800537109375
median_score: -1572.5
std_score: 58.66231918334961
percentiles: 2%=-1712.1400146484375, 5%=-1681.0999755859375, 10%=-1660.5, 25%=-1627.0, 50%=-1572.5, 75%=-1537.0, 90%=-1507.9000244140625, 95%=-1500.9000244140625, 98%=-1492.52001953125
ranking_best_algo: NLOPT_LN_PRAXIS
ranking_best_score: 1607.12
ranking_my_rank: 41/504 (92.1%)
ranking_my_percent: 92.06349206349206
