ConfigName: krbf__advnormalizedfitness__M1__L8__eps0p033__g0p005__ds0p01__dm0p01
Problem: QUBO
Kernel: rbf
Advantage: normalizedfitness
M: 1
lambda: 8
epsilon_svgd: 0.033
gamma: 0.005
decay_start_ratio: 0.01
decay_min_factor: 0.01
bandwith_kernel: None
no_interact: False
avg_score: -128.3800048828125
median_score: -130.0
std_score: 14.953782081604004
percentiles: 2%=-155.0399932861328, 5%=-150.10000610351562, 10%=-146.0, 25%=-141.0, 50%=-130.0, 75%=-117.0, 90%=-108.80000305175781, 95%=-103.0, 98%=-99.91998291015625
ranking_best_algo: DiscreteDE
ranking_best_score: 143.4
ranking_my_rank: 330/504 (34.7%)
ranking_my_percent: 34.72222222222222
