ConfigName: krbf__advnormalizedfitness__M5__L24__eps0p025__g0p01__ds0p05__dm0p05
Problem: NK
Kernel: rbf
Advantage: normalizedfitness
M: 5
lambda: 24
epsilon_svgd: 0.025
gamma: 0.01
decay_start_ratio: 0.05
decay_min_factor: 0.05
bandwith_kernel: None
no_interact: False
avg_score: 0.5995364785194397
median_score: 0.5984372496604919
std_score: 0.008145461790263653
percentiles: 2%=0.5877770781517029, 5%=0.5892780423164368, 10%=0.5906359553337097, 25%=0.5943871736526489, 50%=0.5984372496604919, 75%=0.6020838022232056, 90%=0.60774827003479, 95%=0.6165650486946106, 98%=0.6194755434989929
ranking_best_algo: Tabu
ranking_best_score: 0.7429702712499999
ranking_my_rank: 394/504 (22.0%)
ranking_my_percent: 22.023809523809526
