ConfigName: krbf__advnormalizedfitness__M4__L15__eps0p033__g0p007__ds0p3__dm0p3
Problem: QUBO
Kernel: rbf
Advantage: normalizedfitness
M: 4
lambda: 15
epsilon_svgd: 0.033
gamma: 0.007
decay_start_ratio: 0.3
decay_min_factor: 0.3
bandwith_kernel: None
no_interact: False
avg_score: -2000.199951171875
median_score: -1984.5
std_score: 173.03109741210938
percentiles: 2%=-2354.1201171875, 5%=-2305.14990234375, 10%=-2235.699951171875, 25%=-2112.75, 50%=-1984.5, 75%=-1866.5, 90%=-1799.5, 95%=-1747.1500244140625, 98%=-1723.119873046875
ranking_best_algo: SVM1MetaModelLogNormal
ranking_best_score: 2605.14
ranking_my_rank: 278/504 (45.0%)
ranking_my_percent: 45.03968253968254
