ConfigName: krbf__advnormalizedfitness__M2__L8__eps0p033__g0p007__ds0p15__dm0p3
Problem: QUBO
Kernel: rbf
Advantage: normalizedfitness
M: 2
lambda: 8
epsilon_svgd: 0.033
gamma: 0.007
decay_start_ratio: 0.15
decay_min_factor: 0.3
bandwith_kernel: None
no_interact: False
avg_score: -3253.760009765625
median_score: -3255.5
std_score: 113.94131469726562
percentiles: 2%=-3484.679931640625, 5%=-3440.300048828125, 10%=-3394.199951171875, 25%=-3315.0, 50%=-3255.5, 75%=-3192.5, 90%=-3122.10009765625, 95%=-3043.14990234375, 98%=-2994.219970703125
ranking_best_algo: RLSOnePlusOne
ranking_best_score: 3316.5199999999995
ranking_my_rank: 40/504 (92.3%)
ranking_my_percent: 92.26190476190476
