ConfigName: kjsd__advperagentrankweighted__M6__L28__eps0p008__g0p0005__ds0p05__dm0p05
Problem: NK
Kernel: jsd
Advantage: peragentrankweighted
M: 6
lambda: 28
epsilon_svgd: 0.008
gamma: 0.0005
decay_start_ratio: 0.05
decay_min_factor: 0.05
bandwith_kernel: None
no_interact: False
avg_score: 0.655820369720459
median_score: 0.655687153339386
std_score: 0.011750944890081882
percentiles: 2%=0.6316639184951782, 5%=0.6365171670913696, 10%=0.6408711671829224, 25%=0.6488043069839478, 50%=0.655687153339386, 75%=0.6612906455993652, 90%=0.6697028279304504, 95%=0.6728030443191528, 98%=0.6816228032112122
ranking_best_algo: PBIL
ranking_best_score: 0.7170882103515624
ranking_my_rank: 247/504 (51.2%)
ranking_my_percent: 51.19047619047619
