ConfigName: kjsd__advperagentrankweighted__M3__L18__eps0p007__g0p001__ds0p2__dm0p05
Problem: QUBO
Kernel: jsd
Advantage: peragentrankweighted
M: 3
lambda: 18
epsilon_svgd: 0.007
gamma: 0.001
decay_start_ratio: 0.2
decay_min_factor: 0.05
bandwith_kernel: None
no_interact: False
avg_score: -2644.340087890625
median_score: -2635.0
std_score: 96.81861114501953
percentiles: 2%=-2868.179931640625, 5%=-2820.800048828125, 10%=-2761.10009765625, 25%=-2709.25, 50%=-2635.0, 75%=-2571.0, 90%=-2527.89990234375, 95%=-2498.75, 98%=-2475.840087890625
ranking_best_algo: DiscreteLengler2OnePlusOne
ranking_best_score: 2617.04
ranking_my_rank: 1/504 (100.0%)
ranking_my_percent: 100.0
