ConfigName: kjsd__advperagentrankweighted__M10__L24__eps0p005__g0p0005__ds0p3__dm0p05
Problem: NK
Kernel: jsd
Advantage: peragentrankweighted
M: 10
lambda: 24
epsilon_svgd: 0.005
gamma: 0.0005
decay_start_ratio: 0.3
decay_min_factor: 0.05
bandwith_kernel: None
no_interact: False
avg_score: 0.7092373371124268
median_score: 0.7095291018486023
std_score: 0.014802462421357632
percentiles: 2%=0.6759454011917114, 5%=0.6809939742088318, 10%=0.6879417896270752, 25%=0.6998416185379028, 50%=0.7095291018486023, 75%=0.7196529507637024, 90%=0.7265840172767639, 95%=0.7323395609855652, 98%=0.7357025742530823
ranking_best_algo: PBIL
ranking_best_score: 0.730509098125
ranking_my_rank: 230/504 (54.6%)
ranking_my_percent: 54.56349206349206
