ConfigName: kjsd__advperagentrankweighted__M3__L18__eps0p007__g0p001__ds0p05__dm0p1
Problem: QUBO
Kernel: jsd
Advantage: peragentrankweighted
M: 3
lambda: 18
epsilon_svgd: 0.007
gamma: 0.001
decay_start_ratio: 0.05
decay_min_factor: 0.1
bandwith_kernel: None
no_interact: False
avg_score: -579.3599853515625
median_score: -576.0
std_score: 28.37657928466797
percentiles: 2%=-637.0399780273438, 5%=-622.0499877929688, 10%=-617.2000122070312, 25%=-603.75, 50%=-576.0, 75%=-557.25, 90%=-542.7999877929688, 95%=-537.0, 98%=-533.9199829101562
ranking_best_algo: Tabu
ranking_best_score: 588.7199999999999
ranking_my_rank: 41/503 (92.0%)
ranking_my_percent: 92.04771371769384
