ConfigName: kjsd__advperagentrankweighted__M3__L16__eps0p005__g0p0007__ds0p05__dm0p2
Problem: QUBO
Kernel: jsd
Advantage: peragentrankweighted
M: 3
lambda: 16
epsilon_svgd: 0.005
gamma: 0.0007
decay_start_ratio: 0.05
decay_min_factor: 0.2
bandwith_kernel: None
no_interact: False
avg_score: -1614.0400390625
median_score: -1616.0
std_score: 56.30682373046875
percentiles: 2%=-1751.0400390625, 5%=-1711.449951171875, 10%=-1681.0999755859375, 25%=-1650.25, 50%=-1616.0, 75%=-1573.0, 90%=-1542.4000244140625, 95%=-1528.5999755859375, 98%=-1515.5400390625
ranking_best_algo: NLOPT_LN_PRAXIS
ranking_best_score: 1607.12
ranking_my_rank: 1/504 (100.0%)
ranking_my_percent: 100.0
