ConfigName: kjsd__advperagentrankweighted__M5__L8__eps0p01__g0p003__ds0p05__dm0p05
Problem: NK
Kernel: jsd
Advantage: peragentrankweighted
M: 5
lambda: 8
epsilon_svgd: 0.01
gamma: 0.003
decay_start_ratio: 0.05
decay_min_factor: 0.05
bandwith_kernel: None
no_interact: False
avg_score: 0.7071073055267334
median_score: 0.7091914415359497
std_score: 0.011641805991530418
percentiles: 2%=0.6879152655601501, 5%=0.6900247931480408, 10%=0.6915594339370728, 25%=0.6960833668708801, 50%=0.7091914415359497, 75%=0.7180593013763428, 90%=0.7208144068717957, 95%=0.7225590348243713, 98%=0.723848283290863
ranking_best_algo: PBIL
ranking_best_score: 0.7013553837109374
ranking_my_rank: 1/504 (100.0%)
ranking_my_percent: 100.0
