ConfigName: kjsd__advperagentrankweighted__M3__L18__eps0p007__g0p001__ds0p1__dm0p2
Problem: NK
Kernel: jsd
Advantage: peragentrankweighted
M: 3
lambda: 18
epsilon_svgd: 0.007
gamma: 0.001
decay_start_ratio: 0.1
decay_min_factor: 0.2
bandwith_kernel: None
no_interact: False
avg_score: 0.7075693607330322
median_score: 0.7098625898361206
std_score: 0.01175280287861824
percentiles: 2%=0.6877939701080322, 5%=0.689630925655365, 10%=0.6918829679489136, 25%=0.6963667273521423, 50%=0.7098625898361206, 75%=0.7178642749786377, 90%=0.7214792370796204, 95%=0.7230833768844604, 98%=0.7244656085968018
ranking_best_algo: PBIL
ranking_best_score: 0.7013553837109374
ranking_my_rank: 1/504 (100.0%)
ranking_my_percent: 100.0
