ConfigName: kjsd__advperagentrankweighted__M3__L18__eps0p005__g0p0007__ds0p2__dm0p05
Problem: NK
Kernel: jsd
Advantage: peragentrankweighted
M: 3
lambda: 18
epsilon_svgd: 0.005
gamma: 0.0007
decay_start_ratio: 0.2
decay_min_factor: 0.05
bandwith_kernel: None
no_interact: False
avg_score: 0.7372405529022217
median_score: 0.7382447719573975
std_score: 0.008510395884513855
percentiles: 2%=0.7191537618637085, 5%=0.722786545753479, 10%=0.724416971206665, 25%=0.731717586517334, 50%=0.7382447719573975, 75%=0.7437901496887207, 90%=0.7466306686401367, 95%=0.7500835657119751, 98%=0.7521766424179077
ranking_best_algo: PBIL
ranking_best_score: 0.730509098125
ranking_my_rank: 1/504 (100.0%)
ranking_my_percent: 100.0
