ConfigName: kjsd__advperagentrankweighted__M3__L18__eps0p01__g0p001__ds0p05__dm0p1
Problem: NK
Kernel: jsd
Advantage: peragentrankweighted
M: 3
lambda: 18
epsilon_svgd: 0.01
gamma: 0.001
decay_start_ratio: 0.05
decay_min_factor: 0.1
bandwith_kernel: None
no_interact: False
avg_score: 0.7482075691223145
median_score: 0.7475378513336182
std_score: 0.010249994695186615
percentiles: 2%=0.7306951284408569, 5%=0.7340189814567566, 10%=0.735686719417572, 25%=0.7412314414978027, 50%=0.7475378513336182, 75%=0.7539166808128357, 90%=0.7639672756195068, 95%=0.7670965194702148, 98%=0.7691068649291992
ranking_best_algo: PBIL
ranking_best_score: 0.733570253046875
ranking_my_rank: 1/504 (100.0%)
ranking_my_percent: 100.0
