ConfigName: kjsd__advperagentrankweighted__M3__L16__eps0p01__g0p001__ds0p05__dm0p1
Problem: NK
Kernel: jsd
Advantage: peragentrankweighted
M: 3
lambda: 16
epsilon_svgd: 0.01
gamma: 0.001
decay_start_ratio: 0.05
decay_min_factor: 0.1
bandwith_kernel: None
no_interact: False
avg_score: 0.7068625688552856
median_score: 0.7096354961395264
std_score: 0.011841951869428158
percentiles: 2%=0.6879708170890808, 5%=0.6893297433853149, 10%=0.6904399394989014, 25%=0.6955838203430176, 50%=0.7096354961395264, 75%=0.7171303629875183, 90%=0.7206108570098877, 95%=0.7225127816200256, 98%=0.7247026562690735
ranking_best_algo: PBIL
ranking_best_score: 0.7013553837109374
ranking_my_rank: 1/504 (100.0%)
ranking_my_percent: 100.0
