ConfigName: kjsd__advperagentrankweighted__M3__L18__eps0p01__g0p0005__ds0p2__dm0p05
Problem: QUBO
Kernel: jsd
Advantage: peragentrankweighted
M: 3
lambda: 18
epsilon_svgd: 0.01
gamma: 0.0005
decay_start_ratio: 0.2
decay_min_factor: 0.05
bandwith_kernel: None
no_interact: False
avg_score: -918.47998046875
median_score: -914.5
std_score: 61.418479919433594
percentiles: 2%=-1059.02001953125, 5%=-1014.0499877929688, 10%=-1001.0, 25%=-960.25, 50%=-914.5, 75%=-883.0, 90%=-842.7999877929688, 95%=-817.0, 98%=-777.0
ranking_best_algo: CMApara
ranking_best_score: 964.9
ranking_my_rank: 64/504 (87.5%)
ranking_my_percent: 87.5
