ConfigName: krbf__advnormalizedfitness__M4__L12__eps0p025__g0p015__ds0p3__dm0p01
Problem: QUBO
Kernel: rbf
Advantage: normalizedfitness
M: 4
lambda: 12
epsilon_svgd: 0.025
gamma: 0.015
decay_start_ratio: 0.3
decay_min_factor: 0.01
bandwith_kernel: None
no_interact: False
avg_score: -983.6199951171875
median_score: -978.0
std_score: 117.65167236328125
percentiles: 2%=-1195.239990234375, 5%=-1154.5999755859375, 10%=-1115.0, 25%=-1063.5, 50%=-978.0, 75%=-908.0, 90%=-846.2000122070312, 95%=-808.9500122070312, 98%=-776.6397094726562
ranking_best_algo: NLOPT_LN_PRAXIS
ranking_best_score: 1607.12
ranking_my_rank: 323/504 (36.1%)
ranking_my_percent: 36.111111111111114
