ConfigName: kjsd__advperagentrankweighted__M5__L8__eps0p01__g0p0003__ds0p4__dm0p05
Problem: QUBO
Kernel: jsd
Advantage: peragentrankweighted
M: 5
lambda: 8
epsilon_svgd: 0.01
gamma: 0.0003
decay_start_ratio: 0.4
decay_min_factor: 0.05
bandwith_kernel: None
no_interact: False
avg_score: -310.44000244140625
median_score: -315.0
std_score: 39.01648712158203
percentiles: 2%=-398.0, 5%=-394.1000061035156, 10%=-359.20001220703125, 25%=-333.0, 50%=-315.0, 75%=-272.0, 90%=-266.0, 95%=-255.89999389648438, 98%=-253.9600067138672
ranking_best_algo: CMApara
ranking_best_score: 319.29999999999995
ranking_my_rank: 59/504 (88.5%)
ranking_my_percent: 88.4920634920635
