ConfigName: kjsd__advperagentrankweighted__M3__L16__eps0p01__g0p0005__ds0p05__dm0p1
Problem: NK
Kernel: jsd
Advantage: peragentrankweighted
M: 3
lambda: 16
epsilon_svgd: 0.01
gamma: 0.0005
decay_start_ratio: 0.05
decay_min_factor: 0.1
bandwith_kernel: None
no_interact: False
avg_score: 0.7292371988296509
median_score: 0.7304115891456604
std_score: 0.009831084869801998
percentiles: 2%=0.7106087803840637, 5%=0.7152595520019531, 10%=0.716419517993927, 25%=0.7214842438697815, 50%=0.7304115891456604, 75%=0.7360564470291138, 90%=0.7421908974647522, 95%=0.7452368140220642, 98%=0.7471224069595337
ranking_best_algo: Tabu
ranking_best_score: 0.7429702712499999
ranking_my_rank: 2/504 (99.8%)
ranking_my_percent: 99.8015873015873
