ConfigName: kjsd__advperagentrankweighted__M4__L10__eps0p01__g0p0005__ds0p05__dm0p05
Problem: QUBO
Kernel: jsd
Advantage: peragentrankweighted
M: 4
lambda: 10
epsilon_svgd: 0.01
gamma: 0.0005
decay_start_ratio: 0.05
decay_min_factor: 0.05
bandwith_kernel: None
no_interact: False
avg_score: -328.0799865722656
median_score: -333.0
std_score: 21.717126846313477
percentiles: 2%=-372.0, 5%=-354.1499938964844, 10%=-350.0, 25%=-342.25, 50%=-333.0, 75%=-314.0, 90%=-297.79998779296875, 95%=-282.0, 98%=-275.9599914550781
ranking_best_algo: CMApara
ranking_best_score: 344.22
ranking_my_rank: 84/504 (83.5%)
ranking_my_percent: 83.53174603174604
