ConfigName: krbf__advnormalizedfitness__M1__L8__eps0p033__g0p01__ds0p3__dm0p01
Problem: QUBO
Kernel: rbf
Advantage: normalizedfitness
M: 1
lambda: 8
epsilon_svgd: 0.033
gamma: 0.01
decay_start_ratio: 0.3
decay_min_factor: 0.01
bandwith_kernel: None
no_interact: False
avg_score: -1208.8199462890625
median_score: -1203.5
std_score: 74.4413070678711
percentiles: 2%=-1367.219970703125, 5%=-1339.75, 10%=-1304.199951171875, 25%=-1250.75, 50%=-1203.5, 75%=-1158.5, 90%=-1120.4000244140625, 95%=-1098.8499755859375, 98%=-1082.919921875
ranking_best_algo: SVMMetaModelLogNormal
ranking_best_score: 1233.7999999999997
ranking_my_rank: 46/504 (91.1%)
ranking_my_percent: 91.07142857142857
