ConfigName: kfr__advglobalrankweighted__M3__L11__eps0p02__g0p007__ds0p01__dm0p01
Problem: QUBO
Kernel: fr
Advantage: globalrankweighted
M: 3
lambda: 11
epsilon_svgd: 0.02
gamma: 0.007
decay_start_ratio: 0.01
decay_min_factor: 0.01
bandwith_kernel: None
no_interact: False
avg_score: -1287.56005859375
median_score: -1285.0
std_score: 69.45924377441406
percentiles: 2%=-1415.4000244140625, 5%=-1402.199951171875, 10%=-1391.0, 25%=-1333.5, 50%=-1285.0, 75%=-1237.75, 90%=-1200.5999755859375, 95%=-1180.8499755859375, 98%=-1170.7999267578125
ranking_best_algo: BigLognormalDiscreteOnePlusOne
ranking_best_score: 1301.3600000000004
ranking_my_rank: 4/504 (99.4%)
ranking_my_percent: 99.4047619047619
