ConfigName: kjsd__advperagentrankweighted__M4__L8__eps0p02__g0p0003__ds0p05__dm0p05
Problem: QUBO
Kernel: jsd
Advantage: peragentrankweighted
M: 4
lambda: 8
epsilon_svgd: 0.02
gamma: 0.0003
decay_start_ratio: 0.05
decay_min_factor: 0.05
bandwith_kernel: None
no_interact: False
avg_score: -321.82000732421875
median_score: -321.0
std_score: 22.413558959960938
percentiles: 2%=-370.0400085449219, 5%=-354.1499938964844, 10%=-350.0, 25%=-340.0, 50%=-321.0, 75%=-308.0, 90%=-292.0, 95%=-279.95001220703125, 98%=-272.94000244140625
ranking_best_algo: CMApara
ranking_best_score: 344.22
ranking_my_rank: 152/504 (70.0%)
ranking_my_percent: 70.03968253968254
