ConfigName: kjsd__advperagentrankweighted__M3__L16__eps0p007__g0p0005__ds0p1__dm0p1
Problem: NK
Kernel: jsd
Advantage: peragentrankweighted
M: 3
lambda: 16
epsilon_svgd: 0.007
gamma: 0.0005
decay_start_ratio: 0.1
decay_min_factor: 0.1
bandwith_kernel: None
no_interact: False
avg_score: 0.7316333651542664
median_score: 0.7305178642272949
std_score: 0.011817575432360172
percentiles: 2%=0.7131153345108032, 5%=0.7139623165130615, 10%=0.7182937264442444, 25%=0.7225054502487183, 50%=0.7305178642272949, 75%=0.7375465035438538, 90%=0.743840217590332, 95%=0.7519634366035461, 98%=0.7654673457145691
ranking_best_algo: Tabu
ranking_best_score: 0.7429702712499999
ranking_my_rank: 2/504 (99.8%)
ranking_my_percent: 99.8015873015873
