ConfigName: krbf__advnormalizedfitness__M5__L15__eps0p03__g0p005__ds0p05__dm0p05
Problem: NK
Kernel: rbf
Advantage: normalizedfitness
M: 5
lambda: 15
epsilon_svgd: 0.03
gamma: 0.005
decay_start_ratio: 0.05
decay_min_factor: 0.05
bandwith_kernel: None
no_interact: False
avg_score: 0.7495361566543579
median_score: 0.7493511438369751
std_score: 0.01574603095650673
percentiles: 2%=0.7223266363143921, 5%=0.7258629202842712, 10%=0.7312616109848022, 25%=0.736014723777771, 50%=0.7493511438369751, 75%=0.7623560428619385, 90%=0.7690700888633728, 95%=0.7763672471046448, 98%=0.7803096771240234
ranking_best_algo: Tabu
ranking_best_score: 0.7470791764843752
ranking_my_rank: 1/504 (100.0%)
ranking_my_percent: 100.0
