ConfigName: kjsd__advperagentrankweighted__M10__L10__eps0p005__g0p0005__ds0p3__dm0p05
Problem: QUBO
Kernel: jsd
Advantage: peragentrankweighted
M: 10
lambda: 10
epsilon_svgd: 0.005
gamma: 0.0005
decay_start_ratio: 0.3
decay_min_factor: 0.05
bandwith_kernel: None
no_interact: False
avg_score: -911.780029296875
median_score: -903.5
std_score: 72.79458618164062
percentiles: 2%=-1070.0, 5%=-1054.0999755859375, 10%=-1020.9000244140625, 25%=-958.5, 50%=-903.5, 75%=-856.0, 90%=-827.7000122070312, 95%=-817.1500244140625, 98%=-796.9400024414062
ranking_best_algo: CMApara
ranking_best_score: 964.9
ranking_my_rank: 84/504 (83.5%)
ranking_my_percent: 83.53174603174604
