ConfigName: kjsd__advperagentrankweighted__M3__L16__eps0p01__g0p003__ds0p1__dm0p1
Problem: NK
Kernel: jsd
Advantage: peragentrankweighted
M: 3
lambda: 16
epsilon_svgd: 0.01
gamma: 0.003
decay_start_ratio: 0.1
decay_min_factor: 0.1
bandwith_kernel: None
no_interact: False
avg_score: 0.7379782199859619
median_score: 0.7387778759002686
std_score: 0.009399866685271263
percentiles: 2%=0.7178637981414795, 5%=0.7194456458091736, 10%=0.7238220572471619, 25%=0.7326138019561768, 50%=0.7387778759002686, 75%=0.7452765703201294, 90%=0.7499281764030457, 95%=0.7510755658149719, 98%=0.7532474994659424
ranking_best_algo: PBIL
ranking_best_score: 0.730509098125
ranking_my_rank: 1/504 (100.0%)
ranking_my_percent: 100.0
