ConfigName: kjsd__advperagentrankweighted__M3__L30__eps0p005__g0p001__ds0p05__dm0p2
Problem: QUBO
Kernel: jsd
Advantage: peragentrankweighted
M: 3
lambda: 30
epsilon_svgd: 0.005
gamma: 0.001
decay_start_ratio: 0.05
decay_min_factor: 0.2
bandwith_kernel: None
no_interact: False
avg_score: -1247.3199462890625
median_score: -1240.0
std_score: 71.36131286621094
percentiles: 2%=-1376.0999755859375, 5%=-1361.4000244140625, 10%=-1341.199951171875, 25%=-1299.75, 50%=-1240.0, 75%=-1199.25, 90%=-1146.800048828125, 95%=-1136.800048828125, 98%=-1109.9000244140625
ranking_best_algo: BigLognormalDiscreteOnePlusOne
ranking_best_score: 1301.3600000000004
ranking_my_rank: 57/504 (88.9%)
ranking_my_percent: 88.88888888888889
