ConfigName: krbf__advnormalizedfitness__M4__L15__eps0p033__g0p005__ds0p15__dm0p01
Problem: QUBO
Kernel: rbf
Advantage: normalizedfitness
M: 4
lambda: 15
epsilon_svgd: 0.033
gamma: 0.005
decay_start_ratio: 0.15
decay_min_factor: 0.01
bandwith_kernel: None
no_interact: False
avg_score: -1519.4599609375
median_score: -1504.0
std_score: 89.35126495361328
percentiles: 2%=-1711.280029296875, 5%=-1690.0, 10%=-1633.5, 25%=-1586.25, 50%=-1504.0, 75%=-1447.0, 90%=-1426.800048828125, 95%=-1396.800048828125, 98%=-1386.39990234375
ranking_best_algo: NLOPT_LN_PRAXIS
ranking_best_score: 1607.12
ranking_my_rank: 60/504 (88.3%)
ranking_my_percent: 88.2936507936508
