ConfigName: kfr__advglobalrankweighted__M4__L24__eps0p03__g0p005__ds0p01__dm0p01
Problem: NK
Kernel: fr
Advantage: globalrankweighted
M: 4
lambda: 24
epsilon_svgd: 0.03
gamma: 0.005
decay_start_ratio: 0.01
decay_min_factor: 0.01
bandwith_kernel: None
no_interact: False
avg_score: 0.7120751142501831
median_score: 0.7007550001144409
std_score: 0.03134799748659134
percentiles: 2%=0.6742739081382751, 5%=0.6751645803451538, 10%=0.6796567440032959, 25%=0.6838083863258362, 50%=0.7007550001144409, 75%=0.7474179267883301, 90%=0.7533448934555054, 95%=0.7613165378570557, 98%=0.7613165378570557
ranking_best_algo: CMApara
ranking_best_score: 0.7118996098437498
ranking_my_rank: 1/504 (100.0%)
ranking_my_percent: 100.0
