ConfigName: krbf__advnormalizedfitness__M3__L8__eps0p015__g0p015__ds0p15__dm0p01
Problem: QUBO
Kernel: rbf
Advantage: normalizedfitness
M: 3
lambda: 8
epsilon_svgd: 0.015
gamma: 0.015
decay_start_ratio: 0.15
decay_min_factor: 0.01
bandwith_kernel: None
no_interact: False
avg_score: -2381.699951171875
median_score: -2399.0
std_score: 169.74766540527344
percentiles: 2%=-2692.340087890625, 5%=-2648.550048828125, 10%=-2615.0, 25%=-2508.5, 50%=-2399.0, 75%=-2267.75, 90%=-2157.89990234375, 95%=-2101.449951171875, 98%=-2050.85986328125
ranking_best_algo: DiscreteLengler2OnePlusOne
ranking_best_score: 2617.04
ranking_my_rank: 135/504 (73.4%)
ranking_my_percent: 73.41269841269842
