ConfigName: krbf__advnormalizedfitness__M1__L8__eps0p015__g0p01__ds0p01__dm0p3
Problem: QUBO
Kernel: rbf
Advantage: normalizedfitness
M: 1
lambda: 8
epsilon_svgd: 0.015
gamma: 0.01
decay_start_ratio: 0.01
decay_min_factor: 0.3
bandwith_kernel: None
no_interact: False
avg_score: -2563.56005859375
median_score: -2540.5
std_score: 134.34495544433594
percentiles: 2%=-2846.419921875, 5%=-2810.14990234375, 10%=-2736.199951171875, 25%=-2662.5, 50%=-2540.5, 75%=-2470.0, 90%=-2401.60009765625, 95%=-2349.300048828125, 98%=-2311.83984375
ranking_best_algo: SVM1MetaModelLogNormal
ranking_best_score: 2605.14
ranking_my_rank: 39/504 (92.5%)
ranking_my_percent: 92.46031746031746
