ConfigName: kjsd__advperagentrankweighted__M4__L12__eps0p005__g0p001__ds0p05__dm0p2
Problem: QUBO
Kernel: jsd
Advantage: peragentrankweighted
M: 4
lambda: 12
epsilon_svgd: 0.005
gamma: 0.001
decay_start_ratio: 0.05
decay_min_factor: 0.2
bandwith_kernel: None
no_interact: False
avg_score: -311.0799865722656
median_score: -315.0
std_score: 38.52108383178711
percentiles: 2%=-390.0, 5%=-386.0, 10%=-355.79998779296875, 25%=-336.5, 50%=-315.0, 75%=-274.0, 90%=-264.8999938964844, 95%=-260.95001220703125, 98%=-257.7200012207031
ranking_best_algo: CMApara
ranking_best_score: 319.29999999999995
ranking_my_rank: 39/504 (92.5%)
ranking_my_percent: 92.46031746031746
