ConfigName: kjsd__advperagentrankweighted__M3__L20__eps0p007__g0p003__ds0p1__dm0p05
Problem: QUBO
Kernel: jsd
Advantage: peragentrankweighted
M: 3
lambda: 20
epsilon_svgd: 0.007
gamma: 0.003
decay_start_ratio: 0.1
decay_min_factor: 0.05
bandwith_kernel: None
no_interact: False
avg_score: -1511.47998046875
median_score: -1504.0
std_score: 83.27562713623047
percentiles: 2%=-1669.8199462890625, 5%=-1661.1500244140625, 10%=-1627.0, 25%=-1566.0, 50%=-1504.0, 75%=-1454.0, 90%=-1410.800048828125, 95%=-1370.699951171875, 98%=-1362.8800048828125
ranking_best_algo: NLOPT_LN_PRAXIS
ranking_best_score: 1607.12
ranking_my_rank: 75/504 (85.3%)
ranking_my_percent: 85.31746031746032
