ConfigName: krbf__advnormalizedfitness__M4__L15__eps0p025__g0p01__ds0p3__dm0p01
Problem: QUBO
Kernel: rbf
Advantage: normalizedfitness
M: 4
lambda: 15
epsilon_svgd: 0.025
gamma: 0.01
decay_start_ratio: 0.3
decay_min_factor: 0.01
bandwith_kernel: None
no_interact: False
avg_score: -1102.0799560546875
median_score: -1100.5
std_score: 123.36942291259766
percentiles: 2%=-1383.280029296875, 5%=-1333.4000244140625, 10%=-1275.199951171875, 25%=-1164.5, 50%=-1100.5, 75%=-1024.25, 90%=-963.1000366210938, 95%=-925.75, 98%=-877.6199340820312
ranking_best_algo: NLOPT_LN_PRAXIS
ranking_best_score: 1607.12
ranking_my_rank: 287/504 (43.3%)
ranking_my_percent: 43.25396825396825
