ConfigName: krbf__advnormalizedfitness__M4__L24__eps0p025__g0p01__ds0p05__dm0p05
Problem: QUBO
Kernel: rbf
Advantage: normalizedfitness
M: 4
lambda: 24
epsilon_svgd: 0.025
gamma: 0.01
decay_start_ratio: 0.05
decay_min_factor: 0.05
bandwith_kernel: None
no_interact: False
avg_score: -289.20001220703125
median_score: -286.5
std_score: 40.94532775878906
percentiles: 2%=-382.0400085449219, 5%=-372.29998779296875, 10%=-338.6000061035156, 25%=-318.0, 50%=-286.5, 75%=-255.75, 90%=-239.89999389648438, 95%=-233.0, 98%=-230.0
ranking_best_algo: CMApara
ranking_best_score: 319.29999999999995
ranking_my_rank: 306/504 (39.5%)
ranking_my_percent: 39.48412698412698
