ConfigName: kjsd__advperagentrankweighted__M5__L10__eps0p005__g0p003__ds0p05__dm0p2
Problem: QUBO
Kernel: jsd
Advantage: peragentrankweighted
M: 5
lambda: 10
epsilon_svgd: 0.005
gamma: 0.003
decay_start_ratio: 0.05
decay_min_factor: 0.2
bandwith_kernel: None
no_interact: False
avg_score: -833.5999755859375
median_score: -825.5
std_score: 84.61666870117188
percentiles: 2%=-1016.47998046875, 5%=-995.1500244140625, 10%=-946.2000122070312, 25%=-892.0, 50%=-825.5, 75%=-774.5, 90%=-726.7999877929688, 95%=-710.7000122070312, 98%=-674.760009765625
ranking_best_algo: CMApara
ranking_best_score: 964.9
ranking_my_rank: 268/504 (47.0%)
ranking_my_percent: 47.023809523809526
