ConfigName: kjsd__advperagentrankweighted__M5__L24__eps0p005__g0p0005__ds0p3__dm0p05
Problem: QUBO
Kernel: jsd
Advantage: peragentrankweighted
M: 5
lambda: 24
epsilon_svgd: 0.005
gamma: 0.0005
decay_start_ratio: 0.3
decay_min_factor: 0.05
bandwith_kernel: None
no_interact: False
avg_score: -898.9199829101562
median_score: -899.5
std_score: 60.83266830444336
percentiles: 2%=-1030.06005859375, 5%=-1010.7000122070312, 10%=-987.0, 25%=-932.5, 50%=-899.5, 75%=-856.75, 90%=-819.9000244140625, 95%=-800.9000244140625, 98%=-787.6400146484375
ranking_best_algo: CMAL3
ranking_best_score: 928.5800000000002
ranking_my_rank: 71/504 (86.1%)
ranking_my_percent: 86.11111111111111
