ConfigName: kjsd__advperagentrankweighted__M4__L8__eps0p005__g0p0007__ds0p2__dm0p05
Problem: NK
Kernel: jsd
Advantage: peragentrankweighted
M: 4
lambda: 8
epsilon_svgd: 0.005
gamma: 0.0007
decay_start_ratio: 0.2
decay_min_factor: 0.05
bandwith_kernel: None
no_interact: False
avg_score: 0.7360491156578064
median_score: 0.7375730276107788
std_score: 0.008775773458182812
percentiles: 2%=0.7182838916778564, 5%=0.7208800315856934, 10%=0.7231377959251404, 25%=0.729785680770874, 50%=0.7375730276107788, 75%=0.7431031465530396, 90%=0.7459477782249451, 95%=0.747024655342102, 98%=0.74979168176651
ranking_best_algo: PBIL
ranking_best_score: 0.730509098125
ranking_my_rank: 1/504 (100.0%)
ranking_my_percent: 100.0
