ConfigName: kjsd__advperagentrankweighted__M3__L24__eps0p005__g0p001__ds0p2__dm0p2
Problem: NK
Kernel: jsd
Advantage: peragentrankweighted
M: 3
lambda: 24
epsilon_svgd: 0.005
gamma: 0.001
decay_start_ratio: 0.2
decay_min_factor: 0.2
bandwith_kernel: None
no_interact: False
avg_score: 0.7165742516517639
median_score: 0.7160706520080566
std_score: 0.015313565731048584
percentiles: 2%=0.6842880845069885, 5%=0.6921802163124084, 10%=0.6981760263442993, 25%=0.7069928646087646, 50%=0.7160706520080566, 75%=0.7261160612106323, 90%=0.7378232479095459, 95%=0.7430968880653381, 98%=0.7478870153427124
ranking_best_algo: Tabu
ranking_best_score: 0.7429702712499999
ranking_my_rank: 78/504 (84.7%)
ranking_my_percent: 84.72222222222223
