ConfigName: krbf__advnormalizedfitness__M3__L15__eps0p025__g0p005__ds0p15__dm0p01
Problem: QUBO
Kernel: rbf
Advantage: normalizedfitness
M: 3
lambda: 15
epsilon_svgd: 0.025
gamma: 0.005
decay_start_ratio: 0.15
decay_min_factor: 0.01
bandwith_kernel: None
no_interact: False
avg_score: -2578.580078125
median_score: -2558.0
std_score: 151.89385986328125
percentiles: 2%=-2854.5, 5%=-2810.800048828125, 10%=-2785.10009765625, 25%=-2701.25, 50%=-2558.0, 75%=-2468.75, 90%=-2397.60009765625, 95%=-2344.75, 98%=-2291.760009765625
ranking_best_algo: DiscreteLengler2OnePlusOne
ranking_best_score: 2617.04
ranking_my_rank: 47/504 (90.9%)
ranking_my_percent: 90.87301587301587
