ConfigName: kjsd__advperagentrankweighted__M4__L24__eps0p03__g0p0007__ds0p2__dm0p05
Problem: QUBO
Kernel: jsd
Advantage: peragentrankweighted
M: 4
lambda: 24
epsilon_svgd: 0.03
gamma: 0.0007
decay_start_ratio: 0.2
decay_min_factor: 0.05
bandwith_kernel: None
no_interact: False
avg_score: -3297.280029296875
median_score: -3294.0
std_score: 125.42137908935547
percentiles: 2%=-3589.219970703125, 5%=-3499.0, 10%=-3462.5, 25%=-3373.5, 50%=-3294.0, 75%=-3196.25, 90%=-3129.0, 95%=-3115.39990234375, 98%=-3093.97998046875
ranking_best_algo: RLSOnePlusOne
ranking_best_score: 3316.5199999999995
ranking_my_rank: 3/504 (99.6%)
ranking_my_percent: 99.60317460317461
