ConfigName: kjsd__advperagentrankweighted__M10__L10__eps0p008__g0p0005__ds0p05__dm0p05
Problem: QUBO
Kernel: jsd
Advantage: peragentrankweighted
M: 10
lambda: 10
epsilon_svgd: 0.008
gamma: 0.0005
decay_start_ratio: 0.05
decay_min_factor: 0.05
bandwith_kernel: None
no_interact: False
avg_score: -422.2799987792969
median_score: -420.0
std_score: 25.33932876586914
percentiles: 2%=-475.0400085449219, 5%=-469.20001220703125, 10%=-454.0, 25%=-440.0, 50%=-420.0, 75%=-403.5, 90%=-392.0, 95%=-386.0, 98%=-377.9599914550781
ranking_best_algo: Tabu
ranking_best_score: 438.12
ranking_my_rank: 21/504 (96.0%)
ranking_my_percent: 96.03174603174604
