ConfigName: kfr__advglobalrankweighted__M4__L9__eps0p02__g0p003__ds0p01__dm0p01
Problem: QUBO
Kernel: fr
Advantage: globalrankweighted
M: 4
lambda: 9
epsilon_svgd: 0.02
gamma: 0.003
decay_start_ratio: 0.01
decay_min_factor: 0.01
bandwith_kernel: None
no_interact: False
avg_score: -2531.3798828125
median_score: -2520.0
std_score: 128.91567993164062
percentiles: 2%=-2819.219970703125, 5%=-2748.64990234375, 10%=-2709.199951171875, 25%=-2615.75, 50%=-2520.0, 75%=-2437.5, 90%=-2377.89990234375, 95%=-2337.5, 98%=-2310.199951171875
ranking_best_algo: SVM1MetaModelLogNormal
ranking_best_score: 2605.14
ranking_my_rank: 52/504 (89.9%)
ranking_my_percent: 89.88095238095238
