ConfigName: kjsd__advperagentrankweighted__M3__L18__eps0p01__g0p0005__ds0p2__dm0p1
Problem: QUBO
Kernel: jsd
Advantage: peragentrankweighted
M: 3
lambda: 18
epsilon_svgd: 0.01
gamma: 0.0005
decay_start_ratio: 0.2
decay_min_factor: 0.1
bandwith_kernel: None
no_interact: False
avg_score: -1248.1600341796875
median_score: -1252.5
std_score: 53.65141677856445
percentiles: 2%=-1345.1600341796875, 5%=-1321.75, 10%=-1311.4000244140625, 25%=-1285.0, 50%=-1252.5, 75%=-1212.75, 90%=-1174.9000244140625, 95%=-1166.9000244140625, 98%=-1146.1600341796875
ranking_best_algo: SVMMetaModelLogNormal
ranking_best_score: 1233.7999999999997
ranking_my_rank: 1/504 (100.0%)
ranking_my_percent: 100.0
