ConfigName: kjsd__advperagentrankweighted__M8__L24__eps0p008__g0p0005__ds0p05__dm0p05
Problem: QUBO
Kernel: jsd
Advantage: peragentrankweighted
M: 8
lambda: 24
epsilon_svgd: 0.008
gamma: 0.0005
decay_start_ratio: 0.05
decay_min_factor: 0.05
bandwith_kernel: None
no_interact: False
avg_score: -440.44000244140625
median_score: -444.0
std_score: 27.506481170654297
percentiles: 2%=-483.1199951171875, 5%=-481.0, 10%=-472.29998779296875, 25%=-462.25, 50%=-444.0, 75%=-417.0, 90%=-401.0, 95%=-391.8999938964844, 98%=-384.9800109863281
ranking_best_algo: CMApara
ranking_best_score: 453.82
ranking_my_rank: 15/504 (97.2%)
ranking_my_percent: 97.22222222222223
