ConfigName: kjsd__advperagentrankweighted__M5__L28__eps0p008__g0p0005__ds0p3__dm0p05
Problem: QUBO
Kernel: jsd
Advantage: peragentrankweighted
M: 5
lambda: 28
epsilon_svgd: 0.008
gamma: 0.0005
decay_start_ratio: 0.3
decay_min_factor: 0.05
bandwith_kernel: None
no_interact: False
avg_score: -1187.280029296875
median_score: -1180.0
std_score: 59.2001838684082
percentiles: 2%=-1349.199951171875, 5%=-1294.25, 10%=-1262.199951171875, 25%=-1216.5, 50%=-1180.0, 75%=-1151.0, 90%=-1110.9000244140625, 95%=-1102.949951171875, 98%=-1095.97998046875
ranking_best_algo: Tabu
ranking_best_score: 1216.16
ranking_my_rank: 64/504 (87.5%)
ranking_my_percent: 87.5
