ConfigName: kjsd__advperagentrankweighted__M3__L30__eps0p005__g0p001__ds0p1__dm0p2
Problem: QUBO
Kernel: jsd
Advantage: peragentrankweighted
M: 3
lambda: 30
epsilon_svgd: 0.005
gamma: 0.001
decay_start_ratio: 0.1
decay_min_factor: 0.2
bandwith_kernel: None
no_interact: False
avg_score: -2378.3798828125
median_score: -2379.5
std_score: 169.093994140625
percentiles: 2%=-2642.02001953125, 5%=-2624.14990234375, 10%=-2592.89990234375, 25%=-2519.5, 50%=-2379.5, 75%=-2245.5, 90%=-2170.699951171875, 95%=-2085.89990234375, 98%=-2017.8800048828125
ranking_best_algo: SVM1MetaModelLogNormal
ranking_best_score: 2605.14
ranking_my_rank: 132/504 (74.0%)
ranking_my_percent: 74.0079365079365
