ConfigName: kjsd__advperagentrankweighted__M3__L18__eps0p005__g0p001__ds0p1__dm0p05
Problem: NK
Kernel: jsd
Advantage: peragentrankweighted
M: 3
lambda: 18
epsilon_svgd: 0.005
gamma: 0.001
decay_start_ratio: 0.1
decay_min_factor: 0.05
bandwith_kernel: None
no_interact: False
avg_score: 0.7368922233581543
median_score: 0.7382302284240723
std_score: 0.008834673091769218
percentiles: 2%=0.7162494659423828, 5%=0.7210366129875183, 10%=0.7241813540458679, 25%=0.7313828468322754, 50%=0.7382302284240723, 75%=0.7426893711090088, 90%=0.7474822998046875, 95%=0.7499629855155945, 98%=0.7524888515472412
ranking_best_algo: PBIL
ranking_best_score: 0.730509098125
ranking_my_rank: 1/504 (100.0%)
ranking_my_percent: 100.0
