ConfigName: kjsd__advperagentrankweighted__M5__L24__eps0p005__g0p0005__ds0p3__dm0p05
Problem: QUBO
Kernel: jsd
Advantage: peragentrankweighted
M: 5
lambda: 24
epsilon_svgd: 0.005
gamma: 0.0005
decay_start_ratio: 0.3
decay_min_factor: 0.05
bandwith_kernel: None
no_interact: False
avg_score: -576.1599731445312
median_score: -578.0
std_score: 30.418651580810547
percentiles: 2%=-634.1400146484375, 5%=-627.2000122070312, 10%=-621.2000122070312, 25%=-594.5, 50%=-578.0, 75%=-551.75, 90%=-538.5999755859375, 95%=-530.0, 98%=-516.9600219726562
ranking_best_algo: Tabu
ranking_best_score: 588.7199999999999
ranking_my_rank: 56/503 (89.1%)
ranking_my_percent: 89.06560636182903
