ConfigName: kjsd__advperagentrankweighted__M4__L12__eps0p005__g0p0007__ds0p1__dm0p2
Problem: NK
Kernel: jsd
Advantage: peragentrankweighted
M: 4
lambda: 12
epsilon_svgd: 0.005
gamma: 0.0007
decay_start_ratio: 0.1
decay_min_factor: 0.2
bandwith_kernel: None
no_interact: False
avg_score: 0.7102243900299072
median_score: 0.7115368843078613
std_score: 0.015103801153600216
percentiles: 2%=0.6711092591285706, 5%=0.6737043261528015, 10%=0.6930923461914062, 25%=0.7076948881149292, 50%=0.7115368843078613, 75%=0.7180720567703247, 90%=0.7250553965568542, 95%=0.7328578233718872, 98%=0.7335335612297058
ranking_best_algo: CMApara
ranking_best_score: 0.707475975
ranking_my_rank: 1/504 (100.0%)
ranking_my_percent: 100.0
