ConfigName: kjsd__advperagentrankweighted__M3__L16__eps0p01__g0p0007__ds0p1__dm0p1
Problem: NK
Kernel: jsd
Advantage: peragentrankweighted
M: 3
lambda: 16
epsilon_svgd: 0.01
gamma: 0.0007
decay_start_ratio: 0.1
decay_min_factor: 0.1
bandwith_kernel: None
no_interact: False
avg_score: 0.7528088092803955
median_score: 0.7516034841537476
std_score: 0.011662504635751247
percentiles: 2%=0.7337185144424438, 5%=0.7371009588241577, 10%=0.7389001846313477, 25%=0.7450284957885742, 50%=0.7516034841537476, 75%=0.758550763130188, 90%=0.769944429397583, 95%=0.7726497054100037, 98%=0.7787298560142517
ranking_best_algo: Tabu
ranking_best_score: 0.7470791764843752
ranking_my_rank: 1/504 (100.0%)
ranking_my_percent: 100.0
