ConfigName: kjsd__advperagentrankweighted__M4__L24__eps0p01__g0p0003__ds0p2__dm0p05
Problem: QUBO
Kernel: jsd
Advantage: peragentrankweighted
M: 4
lambda: 24
epsilon_svgd: 0.01
gamma: 0.0003
decay_start_ratio: 0.2
decay_min_factor: 0.05
bandwith_kernel: None
no_interact: False
avg_score: -3293.919921875
median_score: -3288.0
std_score: 102.73750305175781
percentiles: 2%=-3522.89990234375, 5%=-3452.0, 10%=-3416.800048828125, 25%=-3352.25, 50%=-3288.0, 75%=-3233.5, 90%=-3185.0, 95%=-3151.550048828125, 98%=-3050.360107421875
ranking_best_algo: RLSOnePlusOne
ranking_best_score: 3316.5199999999995
ranking_my_rank: 3/504 (99.6%)
ranking_my_percent: 99.60317460317461
