ConfigName: kjsd__advperagentrankweighted__M5__L24__eps0p02__g0p0003__ds0p2__dm0p05
Problem: QUBO
Kernel: jsd
Advantage: peragentrankweighted
M: 5
lambda: 24
epsilon_svgd: 0.02
gamma: 0.0003
decay_start_ratio: 0.2
decay_min_factor: 0.05
bandwith_kernel: None
no_interact: False
avg_score: -426.239990234375
median_score: -423.5
std_score: 25.262271881103516
percentiles: 2%=-479.1199951171875, 5%=-475.0, 10%=-459.3999938964844, 25%=-442.0, 50%=-423.5, 75%=-407.75, 90%=-394.8999938964844, 95%=-388.8999938964844, 98%=-384.94000244140625
ranking_best_algo: CMAL3
ranking_best_score: 435.36
ranking_my_rank: 23/504 (95.6%)
ranking_my_percent: 95.63492063492063
