ConfigName: krbf__advnormalizedfitness__M3__L12__eps0p033__g0p005__ds0p01__dm0p3
Problem: QUBO
Kernel: rbf
Advantage: normalizedfitness
M: 3
lambda: 12
epsilon_svgd: 0.033
gamma: 0.005
decay_start_ratio: 0.01
decay_min_factor: 0.3
bandwith_kernel: None
no_interact: False
avg_score: -1184.06005859375
median_score: -1173.5
std_score: 62.331825256347656
percentiles: 2%=-1325.0799560546875, 5%=-1311.0999755859375, 10%=-1268.0999755859375, 25%=-1222.75, 50%=-1173.5, 75%=-1137.75, 90%=-1115.4000244140625, 95%=-1101.75, 98%=-1081.760009765625
ranking_best_algo: Tabu
ranking_best_score: 1216.16
ranking_my_rank: 65/504 (87.3%)
ranking_my_percent: 87.3015873015873
