ConfigName: kjsd__advperagentrankweighted__M4__L20__eps0p005__g0p001__ds0p1__dm0p05
Problem: NK
Kernel: jsd
Advantage: peragentrankweighted
M: 4
lambda: 20
epsilon_svgd: 0.005
gamma: 0.001
decay_start_ratio: 0.1
decay_min_factor: 0.05
bandwith_kernel: None
no_interact: False
avg_score: 0.6613047122955322
median_score: 0.6583067178726196
std_score: 0.01614553853869438
percentiles: 2%=0.6287148594856262, 5%=0.6386356353759766, 10%=0.6445488929748535, 25%=0.6507101058959961, 50%=0.6583067178726196, 75%=0.6728326082229614, 90%=0.6819748878479004, 95%=0.6856076121330261, 98%=0.6999562382698059
ranking_best_algo: PBIL
ranking_best_score: 0.7170882103515624
ranking_my_rank: 213/504 (57.9%)
ranking_my_percent: 57.93650793650794
