ConfigName: kjsd__advperagentrankweighted__M4__L8__eps0p01__g0p0003__ds0p05__dm0p05
Problem: QUBO
Kernel: jsd
Advantage: peragentrankweighted
M: 4
lambda: 8
epsilon_svgd: 0.01
gamma: 0.0003
decay_start_ratio: 0.05
decay_min_factor: 0.05
bandwith_kernel: None
no_interact: False
avg_score: -1596.5999755859375
median_score: -1594.5
std_score: 65.55684661865234
percentiles: 2%=-1732.0400390625, 5%=-1717.3499755859375, 10%=-1680.199951171875, 25%=-1642.0, 50%=-1594.5, 75%=-1555.0, 90%=-1524.0, 95%=-1490.9000244140625, 98%=-1472.800048828125
ranking_best_algo: NLOPT_LN_PRAXIS
ranking_best_score: 1607.12
ranking_my_rank: 13/504 (97.6%)
ranking_my_percent: 97.61904761904762
