ConfigName: krbf__advnormalizedfitness__M4__L24__eps0p03__g0p01__ds0p15__dm0p05
Problem: NK
Kernel: rbf
Advantage: normalizedfitness
M: 4
lambda: 24
epsilon_svgd: 0.03
gamma: 0.01
decay_start_ratio: 0.15
decay_min_factor: 0.05
bandwith_kernel: None
no_interact: False
avg_score: 0.6946320533752441
median_score: 0.6921958923339844
std_score: 0.01966666430234909
percentiles: 2%=0.6630021929740906, 5%=0.6646237373352051, 10%=0.6675216555595398, 25%=0.680335521697998, 50%=0.6921958923339844, 75%=0.7097204327583313, 90%=0.7216629981994629, 95%=0.7245495915412903, 98%=0.731526792049408
ranking_best_algo: Tabu
ranking_best_score: 0.7470791764843752
ranking_my_rank: 299/504 (40.9%)
ranking_my_percent: 40.87301587301587
