ConfigName: kjsd__advperagentrankweighted__M3__L16__eps0p005__g0p003__ds0p05__dm0p2
Problem: NK
Kernel: jsd
Advantage: peragentrankweighted
M: 3
lambda: 16
epsilon_svgd: 0.005
gamma: 0.003
decay_start_ratio: 0.05
decay_min_factor: 0.2
bandwith_kernel: None
no_interact: False
avg_score: 0.5894802212715149
median_score: 0.5898314714431763
std_score: 0.00873363483697176
percentiles: 2%=0.5739147663116455, 5%=0.5752145051956177, 10%=0.5774676203727722, 25%=0.5835446119308472, 50%=0.5898314714431763, 75%=0.5938857793807983, 90%=0.6005855798721313, 95%=0.6045350432395935, 98%=0.6122676134109497
ranking_best_algo: PBIL
ranking_best_score: 0.7170882103515624
ranking_my_rank: 367/504 (27.4%)
ranking_my_percent: 27.38095238095238
