ConfigName: krbf__advnormalizedfitness__M4__L15__eps0p033__g0p005__ds0p01__dm0p3
Problem: NK
Kernel: rbf
Advantage: normalizedfitness
M: 4
lambda: 15
epsilon_svgd: 0.033
gamma: 0.005
decay_start_ratio: 0.01
decay_min_factor: 0.3
bandwith_kernel: None
no_interact: False
avg_score: 0.7050201892852783
median_score: 0.707063615322113
std_score: 0.01205749623477459
percentiles: 2%=0.685530424118042, 5%=0.6869044899940491, 10%=0.6889992356300354, 25%=0.6931232213973999, 50%=0.707063615322113, 75%=0.7154823541641235, 90%=0.7201491594314575, 95%=0.7214557528495789, 98%=0.7227681875228882
ranking_best_algo: PBIL
ranking_best_score: 0.7013553837109374
ranking_my_rank: 1/504 (100.0%)
ranking_my_percent: 100.0
