ConfigName: kjsd__advperagentrankweighted__M3__L18__eps0p007__g0p0005__ds0p05__dm0p1
Problem: NK
Kernel: jsd
Advantage: peragentrankweighted
M: 3
lambda: 18
epsilon_svgd: 0.007
gamma: 0.0005
decay_start_ratio: 0.05
decay_min_factor: 0.1
bandwith_kernel: None
no_interact: False
avg_score: 0.7357242107391357
median_score: 0.7377282381057739
std_score: 0.008556611835956573
percentiles: 2%=0.717251181602478, 5%=0.7197348475456238, 10%=0.722181499004364, 25%=0.7316076159477234, 50%=0.7377282381057739, 75%=0.7412459850311279, 90%=0.7443448305130005, 95%=0.7467849254608154, 98%=0.751449465751648
ranking_best_algo: PBIL
ranking_best_score: 0.730509098125
ranking_my_rank: 1/504 (100.0%)
ranking_my_percent: 100.0
