ConfigName: kjsd__advperagentrankweighted__M4__L8__eps0p02__g0p0007__ds0p05__dm0p05
Problem: NK
Kernel: jsd
Advantage: peragentrankweighted
M: 4
lambda: 8
epsilon_svgd: 0.02
gamma: 0.0007
decay_start_ratio: 0.05
decay_min_factor: 0.05
bandwith_kernel: None
no_interact: False
avg_score: 0.7324748039245605
median_score: 0.7331018447875977
std_score: 0.009461249224841595
percentiles: 2%=0.7119555473327637, 5%=0.7157422304153442, 10%=0.7219361662864685, 25%=0.7259687185287476, 50%=0.7331018447875977, 75%=0.7379575967788696, 90%=0.7450317144393921, 95%=0.7484033703804016, 98%=0.7509999871253967
ranking_best_algo: PBIL
ranking_best_score: 0.733570253046875
ranking_my_rank: 2/504 (99.8%)
ranking_my_percent: 99.8015873015873
