ConfigName: krbf__advnormalizedfitness__M3__L10__eps0p015__g0p005__ds0p15__dm0p3
Problem: QUBO
Kernel: rbf
Advantage: normalizedfitness
M: 3
lambda: 10
epsilon_svgd: 0.015
gamma: 0.005
decay_start_ratio: 0.15
decay_min_factor: 0.3
bandwith_kernel: None
no_interact: False
avg_score: -569.4199829101562
median_score: -571.0
std_score: 26.7922306060791
percentiles: 2%=-621.3200073242188, 5%=-618.0499877929688, 10%=-603.0, 25%=-586.0, 50%=-571.0, 75%=-551.5, 90%=-538.7999877929688, 95%=-529.6500244140625, 98%=-516.719970703125
ranking_best_algo: Tabu
ranking_best_score: 588.7199999999999
ranking_my_rank: 76/503 (85.1%)
ranking_my_percent: 85.08946322067594
