ConfigName: kjsd__advperagentrankweighted__M4__L10__eps0p005__g0p0007__ds0p4__dm0p05
Problem: QUBO
Kernel: jsd
Advantage: peragentrankweighted
M: 4
lambda: 10
epsilon_svgd: 0.005
gamma: 0.0007
decay_start_ratio: 0.4
decay_min_factor: 0.05
bandwith_kernel: None
no_interact: False
avg_score: -312.3800048828125
median_score: -317.0
std_score: 37.83405303955078
percentiles: 2%=-394.0400085449219, 5%=-384.20001220703125, 10%=-358.79998779296875, 25%=-336.0, 50%=-317.0, 75%=-278.25, 90%=-267.79998779296875, 95%=-264.75, 98%=-251.86000061035156
ranking_best_algo: CMApara
ranking_best_score: 319.29999999999995
ranking_my_rank: 34/504 (93.5%)
ranking_my_percent: 93.45238095238095
