ConfigName: krbf__advnormalizedfitness__M3__L10__eps0p025__g0p01__ds0p15__dm0p3
Problem: NK
Kernel: rbf
Advantage: normalizedfitness
M: 3
lambda: 10
epsilon_svgd: 0.025
gamma: 0.01
decay_start_ratio: 0.15
decay_min_factor: 0.3
bandwith_kernel: None
no_interact: False
avg_score: 0.6633486151695251
median_score: 0.6583929061889648
std_score: 0.02657902054488659
percentiles: 2%=0.623174786567688, 5%=0.6296220421791077, 10%=0.6335100531578064, 25%=0.6434205770492554, 50%=0.6583929061889648, 75%=0.6780336499214172, 90%=0.700724184513092, 95%=0.7171927690505981, 98%=0.7258681654930115
ranking_best_algo: Tabu
ranking_best_score: 0.7429702712499999
ranking_my_rank: 315/504 (37.7%)
ranking_my_percent: 37.698412698412696
