ConfigName: kjsd__advperagentrankweighted__M3__L30__eps0p007__g0p0005__ds0p2__dm0p2
Problem: NK
Kernel: jsd
Advantage: peragentrankweighted
M: 3
lambda: 30
epsilon_svgd: 0.007
gamma: 0.0005
decay_start_ratio: 0.2
decay_min_factor: 0.2
bandwith_kernel: None
no_interact: False
avg_score: 0.7571399211883545
median_score: 0.7562181949615479
std_score: 0.013766872696578503
percentiles: 2%=0.7301499247550964, 5%=0.7341873645782471, 10%=0.7403282523155212, 25%=0.748165488243103, 50%=0.7562181949615479, 75%=0.7660551071166992, 90%=0.7757512331008911, 95%=0.7801300883293152, 98%=0.7848436832427979
ranking_best_algo: Tabu
ranking_best_score: 0.7470791764843752
ranking_my_rank: 1/504 (100.0%)
ranking_my_percent: 100.0
