ConfigName: kjsd__advperagentrankweighted__M3__L18__eps0p007__g0p0007__ds0p1__dm0p2
Problem: NK
Kernel: jsd
Advantage: peragentrankweighted
M: 3
lambda: 18
epsilon_svgd: 0.007
gamma: 0.0007
decay_start_ratio: 0.1
decay_min_factor: 0.2
bandwith_kernel: None
no_interact: False
avg_score: 0.7203719615936279
median_score: 0.7203313708305359
std_score: 0.0075608654879033566
percentiles: 2%=0.7067257761955261, 5%=0.7079134583473206, 10%=0.7094519138336182, 25%=0.7151911854743958, 50%=0.7203313708305359, 75%=0.7264721989631653, 90%=0.7292760610580444, 95%=0.7318336367607117, 98%=0.7354991436004639
ranking_best_algo: PBIL
ranking_best_score: 0.7170882103515624
ranking_my_rank: 1/504 (100.0%)
ranking_my_percent: 100.0
