ConfigName: kjsd__advperagentrankweighted__M3__L18__eps0p005__g0p0005__ds0p2__dm0p2
Problem: NK
Kernel: jsd
Advantage: peragentrankweighted
M: 3
lambda: 18
epsilon_svgd: 0.005
gamma: 0.0005
decay_start_ratio: 0.2
decay_min_factor: 0.2
bandwith_kernel: None
no_interact: False
avg_score: 0.7468675374984741
median_score: 0.7467722296714783
std_score: 0.008669805712997913
percentiles: 2%=0.7321980595588684, 5%=0.7338851690292358, 10%=0.7366282343864441, 25%=0.7408546209335327, 50%=0.7467722296714783, 75%=0.7526988387107849, 90%=0.757576584815979, 95%=0.7595529556274414, 98%=0.7683507800102234
ranking_best_algo: PBIL
ranking_best_score: 0.733570253046875
ranking_my_rank: 1/504 (100.0%)
ranking_my_percent: 100.0
