ConfigName: krbf__advnormalizedfitness__M1__L8__eps0p015__g0p007__ds0p3__dm0p3
Problem: QUBO
Kernel: rbf
Advantage: normalizedfitness
M: 1
lambda: 8
epsilon_svgd: 0.015
gamma: 0.007
decay_start_ratio: 0.3
decay_min_factor: 0.3
bandwith_kernel: None
no_interact: False
avg_score: -2542.219970703125
median_score: -2538.5
std_score: 144.9171905517578
percentiles: 2%=-2786.419921875, 5%=-2754.5, 10%=-2725.10009765625, 25%=-2638.0, 50%=-2538.5, 75%=-2455.75, 90%=-2358.0, 95%=-2339.89990234375, 98%=-2299.899658203125
ranking_best_algo: SVM1MetaModelLogNormal
ranking_best_score: 2605.14
ranking_my_rank: 44/504 (91.5%)
ranking_my_percent: 91.46825396825396
