ConfigName: kjsd__advperagentrankweighted__M3__L20__eps0p005__g0p0007__ds0p2__dm0p05
Problem: QUBO
Kernel: jsd
Advantage: peragentrankweighted
M: 3
lambda: 20
epsilon_svgd: 0.005
gamma: 0.0007
decay_start_ratio: 0.2
decay_min_factor: 0.05
bandwith_kernel: None
no_interact: False
avg_score: -939.3599853515625
median_score: -942.0
std_score: 70.09515380859375
percentiles: 2%=-1076.0, 5%=-1057.3499755859375, 10%=-1035.199951171875, 25%=-990.25, 50%=-942.0, 75%=-888.5, 90%=-854.7999877929688, 95%=-820.7000122070312, 98%=-788.9199829101562
ranking_best_algo: CMApara
ranking_best_score: 964.9
ranking_my_rank: 7/504 (98.8%)
ranking_my_percent: 98.80952380952381
