ConfigName: kjsd__advperagentrankweighted__M5__L8__eps0p005__g0p003__ds0p2__dm0p2
Problem: NK
Kernel: jsd
Advantage: peragentrankweighted
M: 5
lambda: 8
epsilon_svgd: 0.005
gamma: 0.003
decay_start_ratio: 0.2
decay_min_factor: 0.2
bandwith_kernel: None
no_interact: False
avg_score: 0.6638309955596924
median_score: 0.6635010242462158
std_score: 0.013251537457108498
percentiles: 2%=0.6400797963142395, 5%=0.6457923650741577, 10%=0.6481319069862366, 25%=0.6522392630577087, 50%=0.6635010242462158, 75%=0.6722366809844971, 90%=0.6813297271728516, 95%=0.6865670084953308, 98%=0.6887729167938232
ranking_best_algo: PBIL
ranking_best_score: 0.733570253046875
ranking_my_rank: 271/504 (46.4%)
ranking_my_percent: 46.42857142857143
