ConfigName: krbf__advnormalizedfitness__M4__L8__eps0p025__g0p005__ds0p3__dm0p01
Problem: QUBO
Kernel: rbf
Advantage: normalizedfitness
M: 4
lambda: 8
epsilon_svgd: 0.025
gamma: 0.005
decay_start_ratio: 0.3
decay_min_factor: 0.01
bandwith_kernel: None
no_interact: False
avg_score: -138.82000732421875
median_score: -140.0
std_score: 11.732330322265625
percentiles: 2%=-159.02000427246094, 5%=-158.0, 10%=-153.1999969482422, 25%=-146.0, 50%=-140.0, 75%=-129.75, 90%=-123.0, 95%=-121.0, 98%=-117.95999145507812
ranking_best_algo: DiscreteDE
ranking_best_score: 143.4
ranking_my_rank: 95/504 (81.3%)
ranking_my_percent: 81.34920634920636
