ConfigName: kjsd__advperagentrankweighted__M3__L18__eps0p01__g0p0005__ds0p05__dm0p1
Problem: QUBO
Kernel: jsd
Advantage: peragentrankweighted
M: 3
lambda: 18
epsilon_svgd: 0.01
gamma: 0.0005
decay_start_ratio: 0.05
decay_min_factor: 0.1
bandwith_kernel: None
no_interact: False
avg_score: -137.1199951171875
median_score: -137.0
std_score: 11.861939430236816
percentiles: 2%=-157.02000427246094, 5%=-157.0, 10%=-152.0, 25%=-146.0, 50%=-137.0, 75%=-128.75, 90%=-123.9000015258789, 95%=-119.0, 98%=-112.9000015258789
ranking_best_algo: DiscreteDE
ranking_best_score: 143.4
ranking_my_rank: 164/504 (67.7%)
ranking_my_percent: 67.65873015873017
