ConfigName: kjsd__advperagentrankweighted__M5__L8__eps0p02__g0p0007__ds0p05__dm0p05
Problem: NK
Kernel: jsd
Advantage: peragentrankweighted
M: 5
lambda: 8
epsilon_svgd: 0.02
gamma: 0.0007
decay_start_ratio: 0.05
decay_min_factor: 0.05
bandwith_kernel: None
no_interact: False
avg_score: 0.7334011197090149
median_score: 0.7354999780654907
std_score: 0.010321545414626598
percentiles: 2%=0.7115942239761353, 5%=0.7137320041656494, 10%=0.7167509198188782, 25%=0.7280243635177612, 50%=0.7354999780654907, 75%=0.7410551905632019, 90%=0.7455645799636841, 95%=0.7460529208183289, 98%=0.7503105998039246
ranking_best_algo: PBIL
ranking_best_score: 0.730509098125
ranking_my_rank: 1/504 (100.0%)
ranking_my_percent: 100.0
