ConfigName: kjsd__advperagentrankweighted__M4__L8__eps0p02__g0p0003__ds0p2__dm0p05
Problem: QUBO
Kernel: jsd
Advantage: peragentrankweighted
M: 4
lambda: 8
epsilon_svgd: 0.02
gamma: 0.0003
decay_start_ratio: 0.2
decay_min_factor: 0.05
bandwith_kernel: None
no_interact: False
avg_score: -555.239990234375
median_score: -555.0
std_score: 28.107336044311523
percentiles: 2%=-605.1599731445312, 5%=-601.0999755859375, 10%=-594.0, 25%=-574.25, 50%=-555.0, 75%=-538.0, 90%=-519.9000244140625, 95%=-510.70001220703125, 98%=-501.7799987792969
ranking_best_algo: Tabu
ranking_best_score: 588.7199999999999
ranking_my_rank: 144/503 (71.6%)
ranking_my_percent: 71.57057654075547
