ConfigName: kjsd__advperagentrankweighted__M3__L18__eps0p007__g0p003__ds0p1__dm0p05
Problem: QUBO
Kernel: jsd
Advantage: peragentrankweighted
M: 3
lambda: 18
epsilon_svgd: 0.007
gamma: 0.003
decay_start_ratio: 0.1
decay_min_factor: 0.05
bandwith_kernel: None
no_interact: False
avg_score: -149.0399932861328
median_score: -149.5
std_score: 13.438691139221191
percentiles: 2%=-179.0, 5%=-179.0, 10%=-159.10000610351562, 25%=-157.25, 50%=-149.5, 75%=-141.0, 90%=-132.8000030517578, 95%=-125.0, 98%=-121.9000015258789
ranking_best_algo: CMApara
ranking_best_score: 154.28
ranking_my_rank: 79/504 (84.5%)
ranking_my_percent: 84.52380952380952
