ConfigName: krbf__advnormalizedfitness__M2__L10__eps0p033__g0p005__ds0p15__dm0p01
Problem: QUBO
Kernel: rbf
Advantage: normalizedfitness
M: 2
lambda: 10
epsilon_svgd: 0.033
gamma: 0.005
decay_start_ratio: 0.15
decay_min_factor: 0.01
bandwith_kernel: None
no_interact: False
avg_score: -1161.9200439453125
median_score: -1160.0
std_score: 59.85627365112305
percentiles: 2%=-1297.1800537109375, 5%=-1270.0, 10%=-1238.5999755859375, 25%=-1190.0, 50%=-1160.0, 75%=-1119.75, 90%=-1091.9000244140625, 95%=-1071.699951171875, 98%=-1058.6800537109375
ranking_best_algo: Tabu
ranking_best_score: 1216.16
ranking_my_rank: 98/504 (80.8%)
ranking_my_percent: 80.75396825396825
