ConfigName: kjsd__advperagentrankweighted__M5__L10__eps0p03__g0p0003__ds0p05__dm0p05
Problem: QUBO
Kernel: jsd
Advantage: peragentrankweighted
M: 5
lambda: 10
epsilon_svgd: 0.03
gamma: 0.0003
decay_start_ratio: 0.05
decay_min_factor: 0.05
bandwith_kernel: None
no_interact: False
avg_score: -324.7799987792969
median_score: -326.0
std_score: 21.065412521362305
percentiles: 2%=-372.0, 5%=-358.1499938964844, 10%=-350.0, 25%=-336.75, 50%=-326.0, 75%=-309.5, 90%=-294.0, 95%=-285.8999938964844, 98%=-282.0
ranking_best_algo: CMApara
ranking_best_score: 344.22
ranking_my_rank: 123/504 (75.8%)
ranking_my_percent: 75.7936507936508
