ConfigName: kjsd__advperagentrankweighted__M4__L24__eps0p005__g0p0003__ds0p05__dm0p05
Problem: QUBO
Kernel: jsd
Advantage: peragentrankweighted
M: 4
lambda: 24
epsilon_svgd: 0.005
gamma: 0.0003
decay_start_ratio: 0.05
decay_min_factor: 0.05
bandwith_kernel: None
no_interact: False
avg_score: -579.52001953125
median_score: -581.0
std_score: 28.121337890625
percentiles: 2%=-633.2000122070312, 5%=-621.0999755859375, 10%=-615.0, 25%=-599.25, 50%=-581.0, 75%=-560.25, 90%=-544.9000244140625, 95%=-539.7000122070312, 98%=-518.780029296875
ranking_best_algo: Tabu
ranking_best_score: 588.7199999999999
ranking_my_rank: 40/503 (92.2%)
ranking_my_percent: 92.2465208747515
