ConfigName: krbf__advnormalizedfitness__M3__L12__eps0p025__g0p015__ds0p01__dm0p01
Problem: QUBO
Kernel: rbf
Advantage: normalizedfitness
M: 3
lambda: 12
epsilon_svgd: 0.025
gamma: 0.015
decay_start_ratio: 0.01
decay_min_factor: 0.01
bandwith_kernel: None
no_interact: False
avg_score: -139.5399932861328
median_score: -141.0
std_score: 11.360827445983887
percentiles: 2%=-159.0, 5%=-158.0, 10%=-152.1999969482422, 25%=-148.25, 50%=-141.0, 75%=-130.0, 90%=-125.0, 95%=-121.0, 98%=-119.81996154785156
ranking_best_algo: DiscreteDE
ranking_best_score: 143.4
ranking_my_rank: 84/504 (83.5%)
ranking_my_percent: 83.53174603174604
