ConfigName: kfr__advglobalrankweighted__M4__L13__eps0p06__g0p007__ds0p01__dm0p01
Problem: NK
Kernel: fr
Advantage: globalrankweighted
M: 4
lambda: 13
epsilon_svgd: 0.06
gamma: 0.007
decay_start_ratio: 0.01
decay_min_factor: 0.01
bandwith_kernel: None
no_interact: False
avg_score: 0.7401635646820068
median_score: 0.7388647794723511
std_score: 0.013754434883594513
percentiles: 2%=0.7185266613960266, 5%=0.7218159437179565, 10%=0.7236260175704956, 25%=0.7306526899337769, 50%=0.7388647794723511, 75%=0.7507601380348206, 90%=0.7599357962608337, 95%=0.7629343271255493, 98%=0.7717369794845581
ranking_best_algo: Tabu
ranking_best_score: 0.7601875690625
ranking_my_rank: 15/504 (97.2%)
ranking_my_percent: 97.22222222222223
