ConfigName: kjsd__advperagentrankweighted__M5__L10__eps0p005__g0p0005__ds0p05__dm0p2
Problem: QUBO
Kernel: jsd
Advantage: peragentrankweighted
M: 5
lambda: 10
epsilon_svgd: 0.005
gamma: 0.0005
decay_start_ratio: 0.05
decay_min_factor: 0.2
bandwith_kernel: None
no_interact: False
avg_score: -431.1600036621094
median_score: -430.0
std_score: 23.615554809570312
percentiles: 2%=-477.0400085449219, 5%=-473.1000061035156, 10%=-460.20001220703125, 25%=-445.0, 50%=-430.0, 75%=-416.75, 90%=-402.6000061035156, 95%=-388.95001220703125, 98%=-382.0
ranking_best_algo: CMAL3
ranking_best_score: 435.36
ranking_my_rank: 8/504 (98.6%)
ranking_my_percent: 98.61111111111111
