ConfigName: kjsd__advperagentrankweighted__M4__L24__eps0p01__g0p0005__ds0p05__dm0p05
Problem: QUBO
Kernel: jsd
Advantage: peragentrankweighted
M: 4
lambda: 24
epsilon_svgd: 0.01
gamma: 0.0005
decay_start_ratio: 0.05
decay_min_factor: 0.05
bandwith_kernel: None
no_interact: False
avg_score: -138.75999450683594
median_score: -140.5
std_score: 12.110424995422363
percentiles: 2%=-160.0, 5%=-158.0, 10%=-153.10000610351562, 25%=-147.0, 50%=-140.5, 75%=-130.0, 90%=-122.80000305175781, 95%=-117.0, 98%=-112.9800033569336
ranking_best_algo: DiscreteDE
ranking_best_score: 143.4
ranking_my_rank: 96/504 (81.2%)
ranking_my_percent: 81.15079365079364
no_repulsion: True
