ConfigName: krbf__advnormalizedfitness__M3__L12__eps0p025__g0p005__ds0p3__dm0p01
Problem: NK
Kernel: rbf
Advantage: normalizedfitness
M: 3
lambda: 12
epsilon_svgd: 0.025
gamma: 0.005
decay_start_ratio: 0.3
decay_min_factor: 0.01
bandwith_kernel: None
no_interact: False
avg_score: 0.7075558304786682
median_score: 0.7092506885528564
std_score: 0.011627990752458572
percentiles: 2%=0.6887701749801636, 5%=0.6896908283233643, 10%=0.6927114129066467, 25%=0.6964275240898132, 50%=0.7092506885528564, 75%=0.7176489233970642, 90%=0.7217269539833069, 95%=0.7227925658226013, 98%=0.7245017886161804
ranking_best_algo: PBIL
ranking_best_score: 0.7013553837109374
ranking_my_rank: 1/504 (100.0%)
ranking_my_percent: 100.0
