ConfigName: krbf__advnormalizedfitness__M3__L10__eps0p025__g0p007__ds0p3__dm0p3
Problem: QUBO
Kernel: rbf
Advantage: normalizedfitness
M: 3
lambda: 10
epsilon_svgd: 0.025
gamma: 0.007
decay_start_ratio: 0.3
decay_min_factor: 0.3
bandwith_kernel: None
no_interact: False
avg_score: -427.2799987792969
median_score: -428.0
std_score: 25.61408805847168
percentiles: 2%=-483.0, 5%=-473.20001220703125, 10%=-467.20001220703125, 25%=-441.5, 50%=-428.0, 75%=-410.5, 90%=-394.8999938964844, 95%=-387.95001220703125, 98%=-382.97998046875
ranking_best_algo: CMAL3
ranking_best_score: 435.36
ranking_my_rank: 19/504 (96.4%)
ranking_my_percent: 96.42857142857143
