ConfigName: krbf__advnormalizedfitness__M3__L10__eps0p03__g0p005__ds0p05__dm0p05
Problem: QUBO
Kernel: rbf
Advantage: normalizedfitness
M: 3
lambda: 10
epsilon_svgd: 0.03
gamma: 0.005
decay_start_ratio: 0.05
decay_min_factor: 0.05
bandwith_kernel: None
no_interact: False
avg_score: -199.1999969482422
median_score: -199.5
std_score: 12.467557907104492
percentiles: 2%=-224.0, 5%=-221.0500030517578, 10%=-215.1999969482422, 25%=-207.0, 50%=-199.5, 75%=-189.0, 90%=-182.89999389648438, 95%=-178.9499969482422, 98%=-174.9600067138672
ranking_best_algo: Tabu
ranking_best_score: 208.36000000000004
ranking_my_rank: 86/504 (83.1%)
ranking_my_percent: 83.13492063492063
