ConfigName: kjsd__advperagentrankweighted__M3__L16__eps0p005__g0p0005__ds0p2__dm0p2
Problem: NK
Kernel: jsd
Advantage: peragentrankweighted
M: 3
lambda: 16
epsilon_svgd: 0.005
gamma: 0.0005
decay_start_ratio: 0.2
decay_min_factor: 0.2
bandwith_kernel: None
no_interact: False
avg_score: 0.7543426752090454
median_score: 0.7539036870002747
std_score: 0.012946157716214657
percentiles: 2%=0.7306704521179199, 5%=0.7323486804962158, 10%=0.7384675741195679, 25%=0.7464574575424194, 50%=0.7539036870002747, 75%=0.7627655267715454, 90%=0.7725942730903625, 95%=0.7758685350418091, 98%=0.7811903357505798
ranking_best_algo: Tabu
ranking_best_score: 0.7470791764843752
ranking_my_rank: 1/504 (100.0%)
ranking_my_percent: 100.0
