ConfigName: kjsd__advperagentrankweighted__M3__L18__eps0p007__g0p0007__ds0p05__dm0p05
Problem: NK
Kernel: jsd
Advantage: peragentrankweighted
M: 3
lambda: 18
epsilon_svgd: 0.007
gamma: 0.0007
decay_start_ratio: 0.05
decay_min_factor: 0.05
bandwith_kernel: None
no_interact: False
avg_score: 0.7222661375999451
median_score: 0.7205123901367188
std_score: 0.0073754554614424706
percentiles: 2%=0.7108578681945801, 5%=0.7119365930557251, 10%=0.713959276676178, 25%=0.7167357802391052, 50%=0.7205123901367188, 75%=0.7271900177001953, 90%=0.7328410148620605, 95%=0.737216591835022, 98%=0.7382795214653015
ranking_best_algo: PBIL
ranking_best_score: 0.7170882103515624
ranking_my_rank: 1/504 (100.0%)
ranking_my_percent: 100.0
