ConfigName: kjsd__advperagentrankweighted__M4__L10__eps0p01__g0p0007__ds0p4__dm0p05
Problem: QUBO
Kernel: jsd
Advantage: peragentrankweighted
M: 4
lambda: 10
epsilon_svgd: 0.01
gamma: 0.0007
decay_start_ratio: 0.4
decay_min_factor: 0.05
bandwith_kernel: None
no_interact: False
avg_score: -919.2999877929688
median_score: -925.0
std_score: 67.08390045166016
percentiles: 2%=-1044.0400390625, 5%=-1026.0, 10%=-1016.2999877929688, 25%=-969.0, 50%=-925.0, 75%=-864.75, 90%=-836.9000244140625, 95%=-811.5499877929688, 98%=-799.6400146484375
ranking_best_algo: CMAL3
ranking_best_score: 928.5800000000002
ranking_my_rank: 10/504 (98.2%)
ranking_my_percent: 98.21428571428571
