ConfigName: kjsd__advperagentrankweighted__M5__L8__eps0p005__g0p003__ds0p2__dm0p2
Problem: NK
Kernel: jsd
Advantage: peragentrankweighted
M: 5
lambda: 8
epsilon_svgd: 0.005
gamma: 0.003
decay_start_ratio: 0.2
decay_min_factor: 0.2
bandwith_kernel: None
no_interact: False
avg_score: 0.7271583080291748
median_score: 0.7282346487045288
std_score: 0.011026039719581604
percentiles: 2%=0.7021118998527527, 5%=0.7078359723091125, 10%=0.711371123790741, 25%=0.7200243473052979, 50%=0.7282346487045288, 75%=0.7349105477333069, 90%=0.7411898970603943, 95%=0.7440539002418518, 98%=0.7451294660568237
ranking_best_algo: PBIL
ranking_best_score: 0.730509098125
ranking_my_rank: 8/504 (98.6%)
ranking_my_percent: 98.61111111111111
