ConfigName: krbf__advnormalizedfitness__M3__L8__eps0p025__g0p007__ds0p3__dm0p01
Problem: NK
Kernel: rbf
Advantage: normalizedfitness
M: 3
lambda: 8
epsilon_svgd: 0.025
gamma: 0.007
decay_start_ratio: 0.3
decay_min_factor: 0.01
bandwith_kernel: None
no_interact: False
avg_score: 0.7433584332466125
median_score: 0.7428024411201477
std_score: 0.014494583941996098
percentiles: 2%=0.7172097563743591, 5%=0.7217448353767395, 10%=0.7249892354011536, 25%=0.7336767315864563, 50%=0.7428024411201477, 75%=0.753325879573822, 90%=0.7612699866294861, 95%=0.7641083002090454, 98%=0.7701269388198853
ranking_best_algo: Tabu
ranking_best_score: 0.7601875690625
ranking_my_rank: 8/504 (98.6%)
ranking_my_percent: 98.61111111111111
