ConfigName: kjsd__advperagentrankweighted__M3__L18__eps0p005__g0p001__ds0p05__dm0p1
Problem: QUBO
Kernel: jsd
Advantage: peragentrankweighted
M: 3
lambda: 18
epsilon_svgd: 0.005
gamma: 0.001
decay_start_ratio: 0.05
decay_min_factor: 0.1
bandwith_kernel: None
no_interact: False
avg_score: -3273.280029296875
median_score: -3260.5
std_score: 116.9146728515625
percentiles: 2%=-3510.739990234375, 5%=-3481.550048828125, 10%=-3445.0, 25%=-3339.5, 50%=-3260.5, 75%=-3198.75, 90%=-3123.800048828125, 95%=-3093.300048828125, 98%=-3066.6201171875
ranking_best_algo: RLSOnePlusOne
ranking_best_score: 3316.5199999999995
ranking_my_rank: 12/504 (97.8%)
ranking_my_percent: 97.81746031746032
