ConfigName: kjsd__advperagentrankweighted__M6__L8__eps0p03__g0p0005__ds0p2__dm0p05
Problem: NK
Kernel: jsd
Advantage: peragentrankweighted
M: 6
lambda: 8
epsilon_svgd: 0.03
gamma: 0.0005
decay_start_ratio: 0.2
decay_min_factor: 0.05
bandwith_kernel: None
no_interact: False
avg_score: 0.7269229888916016
median_score: 0.7255815267562866
std_score: 0.008274738676846027
percentiles: 2%=0.7111797332763672, 5%=0.7156680822372437, 10%=0.7175101041793823, 25%=0.7209165692329407, 50%=0.7255815267562866, 75%=0.7321235537528992, 90%=0.7392040491104126, 95%=0.7405750155448914, 98%=0.7417511940002441
ranking_best_algo: PBIL
ranking_best_score: 0.733570253046875
ranking_my_rank: 5/504 (99.2%)
ranking_my_percent: 99.2063492063492
