ConfigName: kjsd__advperagentrankweighted__M3__L18__eps0p005__g0p0007__ds0p05__dm0p1
Problem: QUBO
Kernel: jsd
Advantage: peragentrankweighted
M: 3
lambda: 18
epsilon_svgd: 0.005
gamma: 0.0007
decay_start_ratio: 0.05
decay_min_factor: 0.1
bandwith_kernel: None
no_interact: False
avg_score: -415.7799987792969
median_score: -420.0
std_score: 29.301734924316406
percentiles: 2%=-477.0, 5%=-457.6000061035156, 10%=-453.0, 25%=-434.5, 50%=-420.0, 75%=-398.0, 90%=-375.79998779296875, 95%=-362.0, 98%=-359.9200134277344
ranking_best_algo: Tabu
ranking_best_score: 438.12
ranking_my_rank: 47/504 (90.9%)
ranking_my_percent: 90.87301587301587
