ConfigName: krbf__advnormalizedfitness__M2__L8__eps0p033__g0p005__ds0p01__dm0p01
Problem: QUBO
Kernel: rbf
Advantage: normalizedfitness
M: 2
lambda: 8
epsilon_svgd: 0.033
gamma: 0.005
decay_start_ratio: 0.01
decay_min_factor: 0.01
bandwith_kernel: None
no_interact: False
avg_score: -910.5999755859375
median_score: -903.5
std_score: 64.76217651367188
percentiles: 2%=-1055.1400146484375, 5%=-1019.0, 10%=-1004.9000244140625, 25%=-948.25, 50%=-903.5, 75%=-859.75, 90%=-834.9000244140625, 95%=-808.5999755859375, 98%=-788.9600219726562
ranking_best_algo: CMApara
ranking_best_score: 964.9
ranking_my_rank: 85/504 (83.3%)
ranking_my_percent: 83.33333333333333
