ConfigName: krbf__advnormalizedfitness__M3__L12__eps0p025__g0p01__ds0p15__dm0p01
Problem: NK
Kernel: rbf
Advantage: normalizedfitness
M: 3
lambda: 12
epsilon_svgd: 0.025
gamma: 0.01
decay_start_ratio: 0.15
decay_min_factor: 0.01
bandwith_kernel: None
no_interact: False
avg_score: 0.7071483135223389
median_score: 0.7090818881988525
std_score: 0.011665573343634605
percentiles: 2%=0.6882585287094116, 5%=0.6904299259185791, 10%=0.6927128434181213, 25%=0.6958264112472534, 50%=0.7090818881988525, 75%=0.7179815769195557, 90%=0.7211927175521851, 95%=0.7230379581451416, 98%=0.7240788340568542
ranking_best_algo: PBIL
ranking_best_score: 0.7013553837109374
ranking_my_rank: 1/504 (100.0%)
ranking_my_percent: 100.0
