ConfigName: kjsd__advperagentrankweighted__M4__L8__eps0p005__g0p0005__ds0p05__dm0p05
Problem: QUBO
Kernel: jsd
Advantage: peragentrankweighted
M: 4
lambda: 8
epsilon_svgd: 0.005
gamma: 0.0005
decay_start_ratio: 0.05
decay_min_factor: 0.05
bandwith_kernel: None
no_interact: False
avg_score: -918.0999755859375
median_score: -909.5
std_score: 61.081993103027344
percentiles: 2%=-1028.1600341796875, 5%=-1025.050048828125, 10%=-1002.5999755859375, 25%=-965.5, 50%=-909.5, 75%=-878.0, 90%=-840.5999755859375, 95%=-830.8499755859375, 98%=-806.8599853515625
ranking_best_algo: CMAL3
ranking_best_score: 928.5800000000002
ranking_my_rank: 10/504 (98.2%)
ranking_my_percent: 98.21428571428571
