ConfigName: krbf__advnormalizedfitness__M4__L15__eps0p015__g0p015__ds0p15__dm0p01
Problem: QUBO
Kernel: rbf
Advantage: normalizedfitness
M: 4
lambda: 15
epsilon_svgd: 0.015
gamma: 0.015
decay_start_ratio: 0.15
decay_min_factor: 0.01
bandwith_kernel: None
no_interact: False
avg_score: -298.4800109863281
median_score: -301.0
std_score: 24.03350830078125
percentiles: 2%=-342.0199890136719, 5%=-336.04998779296875, 10%=-326.20001220703125, 25%=-316.0, 50%=-301.0, 75%=-283.5, 90%=-264.0, 95%=-254.0, 98%=-249.95999145507812
ranking_best_algo: CMApara
ranking_best_score: 344.22
ranking_my_rank: 321/504 (36.5%)
ranking_my_percent: 36.507936507936506
