ConfigName: krbf__advnormalizedfitness__M3__L12__eps0p015__g0p005__ds0p01__dm0p3
Problem: QUBO
Kernel: rbf
Advantage: normalizedfitness
M: 3
lambda: 12
epsilon_svgd: 0.015
gamma: 0.005
decay_start_ratio: 0.01
decay_min_factor: 0.3
bandwith_kernel: None
no_interact: False
avg_score: -1174.6600341796875
median_score: -1170.5
std_score: 69.37567138671875
percentiles: 2%=-1337.280029296875, 5%=-1311.0, 10%=-1263.5999755859375, 25%=-1201.5, 50%=-1170.5, 75%=-1127.0, 90%=-1091.800048828125, 95%=-1069.60009765625, 98%=-1050.699951171875
ranking_best_algo: Tabu
ranking_best_score: 1216.16
ranking_my_rank: 84/504 (83.5%)
ranking_my_percent: 83.53174603174604
