ConfigName: krbf__advnormalizedfitness__M2__L8__eps0p033__g0p005__ds0p15__dm0p01
Problem: QUBO
Kernel: rbf
Advantage: normalizedfitness
M: 2
lambda: 8
epsilon_svgd: 0.033
gamma: 0.005
decay_start_ratio: 0.15
decay_min_factor: 0.01
bandwith_kernel: None
no_interact: False
avg_score: -1587.47998046875
median_score: -1584.5
std_score: 58.3252067565918
percentiles: 2%=-1712.3399658203125, 5%=-1692.300048828125, 10%=-1670.0999755859375, 25%=-1623.0, 50%=-1584.5, 75%=-1549.75, 90%=-1518.699951171875, 95%=-1501.0, 98%=-1476.9599609375
ranking_best_algo: NLOPT_LN_PRAXIS
ranking_best_score: 1607.12
ranking_my_rank: 40/504 (92.3%)
ranking_my_percent: 92.26190476190476
