ConfigName: krbf__advnormalizedfitness__M1__L8__eps0p025__g0p01__ds0p3__dm0p3
Problem: QUBO
Kernel: rbf
Advantage: normalizedfitness
M: 1
lambda: 8
epsilon_svgd: 0.025
gamma: 0.01
decay_start_ratio: 0.3
decay_min_factor: 0.3
bandwith_kernel: None
no_interact: False
avg_score: -407.5799865722656
median_score: -407.0
std_score: 32.96882629394531
percentiles: 2%=-473.0, 5%=-463.0, 10%=-451.0, 25%=-424.5, 50%=-407.0, 75%=-388.5, 90%=-373.70001220703125, 95%=-363.5501403808594, 98%=-325.7999572753906
ranking_best_algo: CMAL3
ranking_best_score: 435.36
ranking_my_rank: 212/504 (58.1%)
ranking_my_percent: 58.13492063492063
