ConfigName: kjsd__advperagentrankweighted__M3__L30__eps0p005__g0p001__ds0p05__dm0p05
Problem: QUBO
Kernel: jsd
Advantage: peragentrankweighted
M: 3
lambda: 30
epsilon_svgd: 0.005
gamma: 0.001
decay_start_ratio: 0.05
decay_min_factor: 0.05
bandwith_kernel: None
no_interact: False
avg_score: -1185.8599853515625
median_score: -1181.0
std_score: 58.881919860839844
percentiles: 2%=-1309.280029296875, 5%=-1283.1500244140625, 10%=-1268.300048828125, 25%=-1220.25, 50%=-1181.0, 75%=-1143.5, 90%=-1115.0, 95%=-1101.5, 98%=-1080.5799560546875
ranking_best_algo: Tabu
ranking_best_score: 1216.16
ranking_my_rank: 64/504 (87.5%)
ranking_my_percent: 87.5
