ConfigName: kjsd__advperagentrankweighted__M3__L16__eps0p005__g0p001__ds0p05__dm0p2
Problem: QUBO
Kernel: jsd
Advantage: peragentrankweighted
M: 3
lambda: 16
epsilon_svgd: 0.005
gamma: 0.001
decay_start_ratio: 0.05
decay_min_factor: 0.2
bandwith_kernel: None
no_interact: False
avg_score: -1229.6400146484375
median_score: -1221.5
std_score: 63.92535400390625
percentiles: 2%=-1356.0799560546875, 5%=-1329.050048828125, 10%=-1319.300048828125, 25%=-1273.0, 50%=-1221.5, 75%=-1184.5, 90%=-1148.800048828125, 95%=-1138.800048828125, 98%=-1101.6199951171875
ranking_best_algo: SVMMetaModelLogNormal
ranking_best_score: 1233.7999999999997
ranking_my_rank: 12/504 (97.8%)
ranking_my_percent: 97.81746031746032
