ConfigName: krbf__advnormalizedfitness__M3__L15__eps0p025__g0p007__ds0p01__dm0p3
Problem: NK
Kernel: rbf
Advantage: normalizedfitness
M: 3
lambda: 15
epsilon_svgd: 0.025
gamma: 0.007
decay_start_ratio: 0.01
decay_min_factor: 0.3
bandwith_kernel: None
no_interact: False
avg_score: 0.7442677021026611
median_score: 0.7420879602432251
std_score: 0.028058962896466255
percentiles: 2%=0.7014508247375488, 5%=0.7057750225067139, 10%=0.7105279564857483, 25%=0.7207624912261963, 50%=0.7420879602432251, 75%=0.7580187320709229, 90%=0.7774221301078796, 95%=0.8044298887252808, 98%=0.8080436587333679
ranking_best_algo: CMApara
ranking_best_score: 0.7459277895312499
ranking_my_rank: 5/504 (99.2%)
ranking_my_percent: 99.2063492063492
