ConfigName: krbf__advnormalizedfitness__M4__L15__eps0p03__g0p0005__ds0p05__dm0p05
Problem: QUBO
Kernel: rbf
Advantage: normalizedfitness
M: 4
lambda: 15
epsilon_svgd: 0.03
gamma: 0.0005
decay_start_ratio: 0.05
decay_min_factor: 0.05
bandwith_kernel: None
no_interact: False
avg_score: -1461.1199951171875
median_score: -1456.0
std_score: 97.75257110595703
percentiles: 2%=-1667.6800537109375, 5%=-1611.4000244140625, 10%=-1587.0999755859375, 25%=-1524.25, 50%=-1456.0, 75%=-1393.75, 90%=-1341.9000244140625, 95%=-1304.25, 98%=-1264.8599853515625
ranking_best_algo: NLOPT_LN_PRAXIS
ranking_best_score: 1607.12
ranking_my_rank: 86/504 (83.1%)
ranking_my_percent: 83.13492063492063
