ConfigName: krbf__advnormalizedfitness__M4__L8__eps0p033__g0p015__ds0p15__dm0p01
Problem: QUBO
Kernel: rbf
Advantage: normalizedfitness
M: 4
lambda: 8
epsilon_svgd: 0.033
gamma: 0.015
decay_start_ratio: 0.15
decay_min_factor: 0.01
bandwith_kernel: None
no_interact: False
avg_score: -566.1199951171875
median_score: -568.0
std_score: 31.5319766998291
percentiles: 2%=-619.1199951171875, 5%=-619.0, 10%=-609.0, 25%=-586.25, 50%=-568.0, 75%=-543.0, 90%=-524.7999877929688, 95%=-513.75, 98%=-501.89996337890625
ranking_best_algo: Tabu
ranking_best_score: 588.7199999999999
ranking_my_rank: 91/503 (82.1%)
ranking_my_percent: 82.10735586481114
