ConfigName: kjsd__advperagentrankweighted__M3__L18__eps0p005__g0p0005__ds0p05__dm0p05
Problem: NK
Kernel: jsd
Advantage: peragentrankweighted
M: 3
lambda: 18
epsilon_svgd: 0.005
gamma: 0.0005
decay_start_ratio: 0.05
decay_min_factor: 0.05
bandwith_kernel: None
no_interact: False
avg_score: 0.707118809223175
median_score: 0.7089812159538269
std_score: 0.012059160508215427
percentiles: 2%=0.6867180466651917, 5%=0.6886661052703857, 10%=0.6903696060180664, 25%=0.6960219144821167, 50%=0.7089812159538269, 75%=0.717515230178833, 90%=0.7212438583374023, 95%=0.7230615615844727, 98%=0.7250857949256897
ranking_best_algo: PBIL
ranking_best_score: 0.7013553837109374
ranking_my_rank: 1/504 (100.0%)
ranking_my_percent: 100.0
