ConfigName: kjsd__advperagentrankweighted__M4__L24__eps0p03__g0p0005__ds0p05__dm0p05
Problem: QUBO
Kernel: jsd
Advantage: peragentrankweighted
M: 4
lambda: 24
epsilon_svgd: 0.03
gamma: 0.0005
decay_start_ratio: 0.05
decay_min_factor: 0.05
bandwith_kernel: None
no_interact: False
avg_score: -569.6400146484375
median_score: -569.5
std_score: 24.987804412841797
percentiles: 2%=-619.0399780273438, 5%=-611.0999755859375, 10%=-608.0, 25%=-585.0, 50%=-569.5, 75%=-553.0, 90%=-540.9000244140625, 95%=-529.0, 98%=-521.780029296875
ranking_best_algo: Tabu
ranking_best_score: 588.7199999999999
ranking_my_rank: 76/503 (85.1%)
ranking_my_percent: 85.08946322067594
