ConfigName: krbf__advnormalizedfitness__M4__L8__eps0p015__g0p015__ds0p01__dm0p3
Problem: NK
Kernel: rbf
Advantage: normalizedfitness
M: 4
lambda: 8
epsilon_svgd: 0.015
gamma: 0.015
decay_start_ratio: 0.01
decay_min_factor: 0.3
bandwith_kernel: None
no_interact: False
avg_score: 0.6966637372970581
median_score: 0.6960426568984985
std_score: 0.012025978416204453
percentiles: 2%=0.6715793609619141, 5%=0.6749094724655151, 10%=0.679729163646698, 25%=0.6897249221801758, 50%=0.6960426568984985, 75%=0.7063953876495361, 90%=0.7115450501441956, 95%=0.7143039703369141, 98%=0.7176880240440369
ranking_best_algo: PBIL
ranking_best_score: 0.730509098125
ranking_my_rank: 279/504 (44.8%)
ranking_my_percent: 44.84126984126984
