ConfigName: krbf__advnormalizedfitness__M1__L8__eps0p025__g0p005__ds0p01__dm0p3
Problem: QUBO
Kernel: rbf
Advantage: normalizedfitness
M: 1
lambda: 8
epsilon_svgd: 0.025
gamma: 0.005
decay_start_ratio: 0.01
decay_min_factor: 0.3
bandwith_kernel: None
no_interact: False
avg_score: -1228.9000244140625
median_score: -1240.0
std_score: 112.70230865478516
percentiles: 2%=-1365.02001953125, 5%=-1349.0999755859375, 10%=-1341.4000244140625, 25%=-1281.5, 50%=-1240.0, 75%=-1199.0, 90%=-1142.0999755859375, 95%=-1108.0001220703125, 98%=-1077.5596923828125
ranking_best_algo: BigLognormalDiscreteOnePlusOne
ranking_best_score: 1301.3600000000004
ranking_my_rank: 68/504 (86.7%)
ranking_my_percent: 86.7063492063492
