ConfigName: krbf__advnormalizedfitness__M4__L10__eps0p033__g0p015__ds0p3__dm0p01
Problem: NK
Kernel: rbf
Advantage: normalizedfitness
M: 4
lambda: 10
epsilon_svgd: 0.033
gamma: 0.015
decay_start_ratio: 0.3
decay_min_factor: 0.01
bandwith_kernel: None
no_interact: False
avg_score: 0.7102909088134766
median_score: 0.7111717462539673
std_score: 0.01502818800508976
percentiles: 2%=0.6725568175315857, 5%=0.6731644868850708, 10%=0.6969905495643616, 25%=0.7071163654327393, 50%=0.7111717462539673, 75%=0.7180696129798889, 90%=0.7253390550613403, 95%=0.7313340306282043, 98%=0.7325409054756165
ranking_best_algo: CMApara
ranking_best_score: 0.707475975
ranking_my_rank: 1/504 (100.0%)
ranking_my_percent: 100.0
