ConfigName: kjsd__advperagentrankweighted__M10__L24__eps0p005__g0p0005__ds0p05__dm0p05
Problem: QUBO
Kernel: jsd
Advantage: peragentrankweighted
M: 10
lambda: 24
epsilon_svgd: 0.005
gamma: 0.0005
decay_start_ratio: 0.05
decay_min_factor: 0.05
bandwith_kernel: None
no_interact: False
avg_score: -196.4199981689453
median_score: -197.0
std_score: 14.046481132507324
percentiles: 2%=-222.0399932861328, 5%=-221.0, 10%=-216.0, 25%=-206.0, 50%=-197.0, 75%=-186.5, 90%=-178.89999389648438, 95%=-173.9499969482422, 98%=-169.9600067138672
ranking_best_algo: Tabu
ranking_best_score: 208.36000000000004
ranking_my_rank: 196/504 (61.3%)
ranking_my_percent: 61.30952380952381
