ConfigName: kjsd__advperagentrankweighted__M4__L20__eps0p005__g0p001__ds0p1__dm0p2
Problem: QUBO
Kernel: jsd
Advantage: peragentrankweighted
M: 4
lambda: 20
epsilon_svgd: 0.005
gamma: 0.001
decay_start_ratio: 0.1
decay_min_factor: 0.2
bandwith_kernel: None
no_interact: False
avg_score: -442.5799865722656
median_score: -444.5
std_score: 24.93157958984375
percentiles: 2%=-489.05999755859375, 5%=-478.1499938964844, 10%=-472.0, 25%=-463.25, 50%=-444.5, 75%=-421.0, 90%=-410.70001220703125, 95%=-404.0, 98%=-390.0
ranking_best_algo: CMApara
ranking_best_score: 453.82
ranking_my_rank: 9/504 (98.4%)
ranking_my_percent: 98.41269841269842
