ConfigName: krbf__advnormalizedfitness__M5__L10__eps0p025__g0p01__ds0p05__dm0p05
Problem: NK
Kernel: rbf
Advantage: normalizedfitness
M: 5
lambda: 10
epsilon_svgd: 0.025
gamma: 0.01
decay_start_ratio: 0.05
decay_min_factor: 0.05
bandwith_kernel: None
no_interact: False
avg_score: 0.749350368976593
median_score: 0.750585675239563
std_score: 0.014310304075479507
percentiles: 2%=0.7165141105651855, 5%=0.7220388650894165, 10%=0.7314246296882629, 25%=0.7404981255531311, 50%=0.750585675239563, 75%=0.7602224946022034, 90%=0.7660735845565796, 95%=0.7695809602737427, 98%=0.7744618058204651
ranking_best_algo: Tabu
ranking_best_score: 0.7657846284375001
ranking_my_rank: 29/504 (94.4%)
ranking_my_percent: 94.44444444444444
