ConfigName: kjsd__advperagentrankweighted__M5__L10__eps0p005__g0p0005__ds0p05__dm0p05
Problem: QUBO
Kernel: jsd
Advantage: peragentrankweighted
M: 5
lambda: 10
epsilon_svgd: 0.005
gamma: 0.0005
decay_start_ratio: 0.05
decay_min_factor: 0.05
bandwith_kernel: None
no_interact: False
avg_score: -3298.179931640625
median_score: -3292.5
std_score: 123.5665283203125
percentiles: 2%=-3562.47998046875, 5%=-3525.14990234375, 10%=-3468.199951171875, 25%=-3381.25, 50%=-3292.5, 75%=-3224.75, 90%=-3141.60009765625, 95%=-3102.75, 98%=-3065.840087890625
ranking_best_algo: RLSOnePlusOne
ranking_best_score: 3316.5199999999995
ranking_my_rank: 3/504 (99.6%)
ranking_my_percent: 99.60317460317461
