ConfigName: kfr__advglobalrankweighted__M6__L10__eps0p01__g0p007__ds0p01__dm0p01
Problem: QUBO
Kernel: fr
Advantage: globalrankweighted
M: 6
lambda: 10
epsilon_svgd: 0.01
gamma: 0.007
decay_start_ratio: 0.01
decay_min_factor: 0.01
bandwith_kernel: None
no_interact: False
avg_score: -148.60000610351562
median_score: -147.0
std_score: 12.865457534790039
percentiles: 2%=-179.0, 5%=-179.0, 10%=-162.0, 25%=-155.0, 50%=-147.0, 75%=-141.0, 90%=-133.89999389648438, 95%=-129.0, 98%=-124.97999572753906
ranking_best_algo: CMApara
ranking_best_score: 154.28
ranking_my_rank: 83/504 (83.7%)
ranking_my_percent: 83.73015873015873
