ConfigName: kjsd__advperagentrankweighted__M3__L16__eps0p005__g0p003__ds0p2__dm0p1
Problem: QUBO
Kernel: jsd
Advantage: peragentrankweighted
M: 3
lambda: 16
epsilon_svgd: 0.005
gamma: 0.003
decay_start_ratio: 0.2
decay_min_factor: 0.1
bandwith_kernel: None
no_interact: False
avg_score: -328.20001220703125
median_score: -329.0
std_score: 19.947933197021484
percentiles: 2%=-370.0400085449219, 5%=-354.3500061035156, 10%=-350.0, 25%=-341.25, 50%=-329.0, 75%=-316.0, 90%=-299.6000061035156, 95%=-291.8999938964844, 98%=-280.0
ranking_best_algo: CMApara
ranking_best_score: 344.22
ranking_my_rank: 84/504 (83.5%)
ranking_my_percent: 83.53174603174604
