ConfigName: krbf__advnormalizedfitness__M4__L15__eps0p025__g0p01__ds0p15__dm0p3
Problem: NK
Kernel: rbf
Advantage: normalizedfitness
M: 4
lambda: 15
epsilon_svgd: 0.025
gamma: 0.01
decay_start_ratio: 0.15
decay_min_factor: 0.3
bandwith_kernel: None
no_interact: False
avg_score: 0.6025513410568237
median_score: 0.6020546555519104
std_score: 0.008767955005168915
percentiles: 2%=0.5885377526283264, 5%=0.5892528295516968, 10%=0.592054545879364, 25%=0.5973483324050903, 50%=0.6020546555519104, 75%=0.6069673299789429, 90%=0.6131448149681091, 95%=0.617106020450592, 98%=0.6272926330566406
ranking_best_algo: Tabu
ranking_best_score: 0.7429702712499999
ranking_my_rank: 392/504 (22.4%)
ranking_my_percent: 22.42063492063492
