ConfigName: kjsd__advperagentrankweighted__M5__L10__eps0p02__g0p0003__ds0p05__dm0p05
Problem: NK
Kernel: jsd
Advantage: peragentrankweighted
M: 5
lambda: 10
epsilon_svgd: 0.02
gamma: 0.0003
decay_start_ratio: 0.05
decay_min_factor: 0.05
bandwith_kernel: None
no_interact: False
avg_score: 0.724784791469574
median_score: 0.7251096963882446
std_score: 0.008856683038175106
percentiles: 2%=0.7055386304855347, 5%=0.7105269432067871, 10%=0.7125361561775208, 25%=0.7190116047859192, 50%=0.7251096963882446, 75%=0.731907844543457, 90%=0.7363260388374329, 95%=0.7374407649040222, 98%=0.7394866347312927
ranking_best_algo: PBIL
ranking_best_score: 0.7248786399609374
ranking_my_rank: 2/504 (99.8%)
ranking_my_percent: 99.8015873015873
