ConfigName: kjsd__advperagentrankweighted__M4__L12__eps0p02__g0p0003__ds0p2__dm0p05
Problem: QUBO
Kernel: jsd
Advantage: peragentrankweighted
M: 4
lambda: 12
epsilon_svgd: 0.02
gamma: 0.0003
decay_start_ratio: 0.2
decay_min_factor: 0.05
bandwith_kernel: None
no_interact: False
avg_score: -418.94000244140625
median_score: -417.5
std_score: 30.188016891479492
percentiles: 2%=-477.1199951171875, 5%=-467.20001220703125, 10%=-461.0, 25%=-439.0, 50%=-417.5, 75%=-399.0, 90%=-382.79998779296875, 95%=-364.6499938964844, 98%=-349.8399963378906
ranking_best_algo: CMAL3
ranking_best_score: 435.36
ranking_my_rank: 95/504 (81.3%)
ranking_my_percent: 81.34920634920636
