ConfigName: kjsd__advperagentrankweighted__M5__L8__eps0p01__g0p003__ds0p2__dm0p2
Problem: NK
Kernel: jsd
Advantage: peragentrankweighted
M: 5
lambda: 8
epsilon_svgd: 0.01
gamma: 0.003
decay_start_ratio: 0.2
decay_min_factor: 0.2
bandwith_kernel: None
no_interact: False
avg_score: 0.7375648021697998
median_score: 0.7372223138809204
std_score: 0.014887703582644463
percentiles: 2%=0.7078911662101746, 5%=0.7119180560112, 10%=0.718288242816925, 25%=0.7284756898880005, 50%=0.7372223138809204, 75%=0.7460428476333618, 90%=0.753594160079956, 95%=0.7637837529182434, 98%=0.7696763873100281
ranking_best_algo: Tabu
ranking_best_score: 0.7601875690625
ranking_my_rank: 20/504 (96.2%)
ranking_my_percent: 96.23015873015873
