ConfigName: krbf__advnormalizedfitness__M3__L12__eps0p025__g0p005__ds0p15__dm0p3
Problem: QUBO
Kernel: rbf
Advantage: normalizedfitness
M: 3
lambda: 12
epsilon_svgd: 0.025
gamma: 0.005
decay_start_ratio: 0.15
decay_min_factor: 0.3
bandwith_kernel: None
no_interact: False
avg_score: -576.5399780273438
median_score: -577.0
std_score: 27.57949447631836
percentiles: 2%=-635.0, 5%=-620.3499755859375, 10%=-615.2000122070312, 25%=-597.0, 50%=-577.0, 75%=-554.0, 90%=-538.9000244140625, 95%=-535.0, 98%=-530.9400024414062
ranking_best_algo: Tabu
ranking_best_score: 588.7199999999999
ranking_my_rank: 55/503 (89.3%)
ranking_my_percent: 89.26441351888668
