ConfigName: kjsd__advperagentrankweighted__M5__L10__eps0p03__g0p0003__ds0p2__dm0p05
Problem: QUBO
Kernel: jsd
Advantage: peragentrankweighted
M: 5
lambda: 10
epsilon_svgd: 0.03
gamma: 0.0003
decay_start_ratio: 0.2
decay_min_factor: 0.05
bandwith_kernel: None
no_interact: False
avg_score: -137.72000122070312
median_score: -139.5
std_score: 11.859241485595703
percentiles: 2%=-157.05999755859375, 5%=-157.0, 10%=-152.3000030517578, 25%=-146.0, 50%=-139.5, 75%=-128.5, 90%=-120.80000305175781, 95%=-117.0, 98%=-115.95999908447266
ranking_best_algo: DiscreteDE
ranking_best_score: 143.4
ranking_my_rank: 118/504 (76.8%)
ranking_my_percent: 76.78571428571429
