ConfigName: kjsd__advperagentrankweighted__M8__L8__eps0p005__g0p0005__ds0p05__dm0p2
Problem: QUBO
Kernel: jsd
Advantage: peragentrankweighted
M: 8
lambda: 8
epsilon_svgd: 0.005
gamma: 0.0005
decay_start_ratio: 0.05
decay_min_factor: 0.2
bandwith_kernel: None
no_interact: False
avg_score: -942.0800170898438
median_score: -939.0
std_score: 65.95342254638672
percentiles: 2%=-1074.0400390625, 5%=-1044.0, 10%=-1031.0999755859375, 25%=-989.0, 50%=-939.0, 75%=-890.0, 90%=-851.0, 95%=-844.7999877929688, 98%=-826.52001953125
ranking_best_algo: CMApara
ranking_best_score: 964.9
ranking_my_rank: 4/504 (99.4%)
ranking_my_percent: 99.4047619047619
