ConfigName: kjsd__advperagentrankweighted__M3__L24__eps0p007__g0p001__ds0p2__dm0p05
Problem: QUBO
Kernel: jsd
Advantage: peragentrankweighted
M: 3
lambda: 24
epsilon_svgd: 0.007
gamma: 0.001
decay_start_ratio: 0.2
decay_min_factor: 0.05
bandwith_kernel: None
no_interact: False
avg_score: -1199.199951171875
median_score: -1197.0
std_score: 57.15190505981445
percentiles: 2%=-1335.6400146484375, 5%=-1299.5, 10%=-1267.5999755859375, 25%=-1232.0, 50%=-1197.0, 75%=-1158.0, 90%=-1131.699951171875, 95%=-1113.949951171875, 98%=-1093.8599853515625
ranking_best_algo: Tabu
ranking_best_score: 1216.16
ranking_my_rank: 44/504 (91.5%)
ranking_my_percent: 91.46825396825396
