ConfigName: krbf__advnormalizedfitness__M2__L8__eps0p015__g0p015__ds0p01__dm0p3
Problem: NK
Kernel: rbf
Advantage: normalizedfitness
M: 2
lambda: 8
epsilon_svgd: 0.015
gamma: 0.015
decay_start_ratio: 0.01
decay_min_factor: 0.3
bandwith_kernel: None
no_interact: False
avg_score: 0.7263084650039673
median_score: 0.7270200252532959
std_score: 0.01346216257661581
percentiles: 2%=0.6992686986923218, 5%=0.7021064758300781, 10%=0.7058843970298767, 25%=0.7184841632843018, 50%=0.7270200252532959, 75%=0.7363511323928833, 90%=0.7425169944763184, 95%=0.7465883493423462, 98%=0.7491873502731323
ranking_best_algo: PBIL
ranking_best_score: 0.733570253046875
ranking_my_rank: 8/504 (98.6%)
ranking_my_percent: 98.61111111111111
