ConfigName: krbf__advnormalizedfitness__M1__L8__eps0p025__g0p005__ds0p15__dm0p01
Problem: QUBO
Kernel: rbf
Advantage: normalizedfitness
M: 1
lambda: 8
epsilon_svgd: 0.025
gamma: 0.005
decay_start_ratio: 0.15
decay_min_factor: 0.01
bandwith_kernel: None
no_interact: False
avg_score: -2464.3798828125
median_score: -2501.0
std_score: 259.5123291015625
percentiles: 2%=-2755.1201171875, 5%=-2694.0, 10%=-2646.699951171875, 25%=-2579.75, 50%=-2501.0, 75%=-2381.25, 90%=-2318.800048828125, 95%=-2285.699951171875, 98%=-2209.3193359375
ranking_best_algo: SVM1MetaModelLogNormal
ranking_best_score: 2605.14
ranking_my_rank: 80/504 (84.3%)
ranking_my_percent: 84.32539682539682
