ConfigName: kjsd__advperagentrankweighted__M3__L16__eps0p01__g0p0005__ds0p05__dm0p1
Problem: NK
Kernel: jsd
Advantage: peragentrankweighted
M: 3
lambda: 16
epsilon_svgd: 0.01
gamma: 0.0005
decay_start_ratio: 0.05
decay_min_factor: 0.1
bandwith_kernel: None
no_interact: False
avg_score: 0.7319502830505371
median_score: 0.7330271005630493
std_score: 0.008729321882128716
percentiles: 2%=0.7141152620315552, 5%=0.7160680294036865, 10%=0.7196069955825806, 25%=0.727362334728241, 50%=0.7330271005630493, 75%=0.7378702759742737, 90%=0.7433896064758301, 95%=0.7444919943809509, 98%=0.7451123595237732
ranking_best_algo: PBIL
ranking_best_score: 0.7248786399609374
ranking_my_rank: 1/504 (100.0%)
ranking_my_percent: 100.0
