ConfigName: kjsd__advperagentrankweighted__M5__L10__eps0p02__g0p0005__ds0p2__dm0p05
Problem: NK
Kernel: jsd
Advantage: peragentrankweighted
M: 5
lambda: 10
epsilon_svgd: 0.02
gamma: 0.0005
decay_start_ratio: 0.2
decay_min_factor: 0.05
bandwith_kernel: None
no_interact: False
avg_score: 0.7419931888580322
median_score: 0.7381404042243958
std_score: 0.027910543605685234
percentiles: 2%=0.6996187567710876, 5%=0.7058690786361694, 10%=0.7095266580581665, 25%=0.7224241495132446, 50%=0.7381404042243958, 75%=0.7565726041793823, 90%=0.7741515636444092, 95%=0.8044298887252808, 98%=0.8109490275382996
ranking_best_algo: CMApara
ranking_best_score: 0.7459277895312499
ranking_my_rank: 25/504 (95.2%)
ranking_my_percent: 95.23809523809524
