ConfigName: kjsd__advperagentrankweighted__M5__L10__eps0p005__g0p0007__ds0p2__dm0p2
Problem: NK
Kernel: jsd
Advantage: peragentrankweighted
M: 5
lambda: 10
epsilon_svgd: 0.005
gamma: 0.0007
decay_start_ratio: 0.2
decay_min_factor: 0.2
bandwith_kernel: None
no_interact: False
avg_score: 0.7413685321807861
median_score: 0.7405595779418945
std_score: 0.014195647090673447
percentiles: 2%=0.7155721783638, 5%=0.7205801606178284, 10%=0.7235564589500427, 25%=0.7312708497047424, 50%=0.7405595779418945, 75%=0.7505848407745361, 90%=0.7597456574440002, 95%=0.7668212056159973, 98%=0.7706691026687622
ranking_best_algo: Tabu
ranking_best_score: 0.7601875690625
ranking_my_rank: 12/504 (97.8%)
ranking_my_percent: 97.81746031746032
