ConfigName: kjsd__advperagentrankweighted__M3__L20__eps0p007__g0p001__ds0p1__dm0p2
Problem: NK
Kernel: jsd
Advantage: peragentrankweighted
M: 3
lambda: 20
epsilon_svgd: 0.007
gamma: 0.001
decay_start_ratio: 0.1
decay_min_factor: 0.2
bandwith_kernel: None
no_interact: False
avg_score: 0.7473447918891907
median_score: 0.7474164366722107
std_score: 0.009159572422504425
percentiles: 2%=0.7317311763763428, 5%=0.734454333782196, 10%=0.7364998459815979, 25%=0.7404928207397461, 50%=0.7474164366722107, 75%=0.7535484433174133, 90%=0.7600761651992798, 95%=0.7635546922683716, 98%=0.7653747200965881
ranking_best_algo: PBIL
ranking_best_score: 0.733570253046875
ranking_my_rank: 1/504 (100.0%)
ranking_my_percent: 100.0
