ConfigName: kjsd__advperagentrankweighted__M5__L10__eps0p03__g0p0007__ds0p2__dm0p05
Problem: NK
Kernel: jsd
Advantage: peragentrankweighted
M: 5
lambda: 10
epsilon_svgd: 0.03
gamma: 0.0007
decay_start_ratio: 0.2
decay_min_factor: 0.05
bandwith_kernel: None
no_interact: False
avg_score: 0.7230256795883179
median_score: 0.7234499454498291
std_score: 0.008686678484082222
percentiles: 2%=0.7056862115859985, 5%=0.7096704840660095, 10%=0.7110317945480347, 25%=0.7156751155853271, 50%=0.7234499454498291, 75%=0.7289961576461792, 90%=0.7337456345558167, 95%=0.7355897426605225, 98%=0.7426520586013794
ranking_best_algo: Tabu
ranking_best_score: 0.7429702712499999
ranking_my_rank: 6/504 (99.0%)
ranking_my_percent: 99.0079365079365
