ConfigName: kjsd__advperagentrankweighted__M3__L30__eps0p007__g0p001__ds0p05__dm0p2
Problem: NK
Kernel: jsd
Advantage: peragentrankweighted
M: 3
lambda: 30
epsilon_svgd: 0.007
gamma: 0.001
decay_start_ratio: 0.05
decay_min_factor: 0.2
bandwith_kernel: None
no_interact: False
avg_score: 0.6867915391921997
median_score: 0.6822490692138672
std_score: 0.016345549374818802
percentiles: 2%=0.6641005873680115, 5%=0.6660153269767761, 10%=0.6676431894302368, 25%=0.6747956275939941, 50%=0.6822490692138672, 75%=0.6987606287002563, 90%=0.7093182802200317, 95%=0.7175467014312744, 98%=0.7239742875099182
ranking_best_algo: PBIL
ranking_best_score: 0.7170882103515624
ranking_my_rank: 131/504 (74.2%)
ranking_my_percent: 74.2063492063492
