ConfigName: krbf__advnormalizedfitness__M4__L15__eps0p033__g0p015__ds0p3__dm0p01
Problem: QUBO
Kernel: rbf
Advantage: normalizedfitness
M: 4
lambda: 15
epsilon_svgd: 0.033
gamma: 0.015
decay_start_ratio: 0.3
decay_min_factor: 0.01
bandwith_kernel: None
no_interact: False
avg_score: -775.5599975585938
median_score: -777.5
std_score: 78.77681732177734
percentiles: 2%=-917.5399780273438, 5%=-899.0499877929688, 10%=-882.2000122070312, 25%=-833.0, 50%=-777.5, 75%=-712.5, 90%=-676.9000244140625, 95%=-663.6500244140625, 98%=-624.7799682617188
ranking_best_algo: CMAL3
ranking_best_score: 928.5800000000002
ranking_my_rank: 319/504 (36.9%)
ranking_my_percent: 36.904761904761905
