ConfigName: kjsd__advperagentrankweighted__M6__L8__eps0p02__g0p0003__ds0p05__dm0p05
Problem: QUBO
Kernel: jsd
Advantage: peragentrankweighted
M: 6
lambda: 8
epsilon_svgd: 0.02
gamma: 0.0003
decay_start_ratio: 0.05
decay_min_factor: 0.05
bandwith_kernel: None
no_interact: False
avg_score: -138.86000061035156
median_score: -139.0
std_score: 11.069796562194824
percentiles: 2%=-159.0, 5%=-158.0, 10%=-156.10000610351562, 25%=-146.0, 50%=-139.0, 75%=-130.75, 90%=-124.80000305175781, 95%=-121.0, 98%=-116.95999908447266
ranking_best_algo: DiscreteDE
ranking_best_score: 143.4
ranking_my_rank: 94/504 (81.5%)
ranking_my_percent: 81.54761904761905
