ConfigName: kjsd__advperagentrankweighted__M10__L28__eps0p005__g0p0005__ds0p3__dm0p05
Problem: NK
Kernel: jsd
Advantage: peragentrankweighted
M: 10
lambda: 28
epsilon_svgd: 0.005
gamma: 0.0005
decay_start_ratio: 0.3
decay_min_factor: 0.05
bandwith_kernel: None
no_interact: False
avg_score: 0.7109405994415283
median_score: 0.6999728083610535
std_score: 0.03178183734416962
percentiles: 2%=0.6724158525466919, 5%=0.6737915873527527, 10%=0.6785233616828918, 25%=0.6814378499984741, 50%=0.6999728083610535, 75%=0.7455084323883057, 90%=0.753008246421814, 95%=0.7613165378570557, 98%=0.7613165378570557
ranking_best_algo: CMApara
ranking_best_score: 0.7118996098437498
ranking_my_rank: 8/504 (98.6%)
ranking_my_percent: 98.61111111111111
