ConfigName: kjsd__advperagentrankweighted__M3__L30__eps0p005__g0p001__ds0p2__dm0p1
Problem: QUBO
Kernel: jsd
Advantage: peragentrankweighted
M: 3
lambda: 30
epsilon_svgd: 0.005
gamma: 0.001
decay_start_ratio: 0.2
decay_min_factor: 0.1
bandwith_kernel: None
no_interact: False
avg_score: -576.739990234375
median_score: -574.0
std_score: 28.890352249145508
percentiles: 2%=-632.0599975585938, 5%=-623.2000122070312, 10%=-615.2000122070312, 25%=-599.5, 50%=-574.0, 75%=-558.0, 90%=-545.7999877929688, 95%=-536.7999877929688, 98%=-528.3800048828125
ranking_best_algo: Tabu
ranking_best_score: 588.7199999999999
ranking_my_rank: 48/503 (90.7%)
ranking_my_percent: 90.65606361829026
