ConfigName: krbf__advnormalizedfitness__M3__L12__eps0p025__g0p015__ds0p01__dm0p01
Problem: QUBO
Kernel: rbf
Advantage: normalizedfitness
M: 3
lambda: 12
epsilon_svgd: 0.025
gamma: 0.015
decay_start_ratio: 0.01
decay_min_factor: 0.01
bandwith_kernel: None
no_interact: False
avg_score: -311.9599914550781
median_score: -319.0
std_score: 36.83257293701172
percentiles: 2%=-394.0400085449219, 5%=-382.1000061035156, 10%=-359.5999755859375, 25%=-334.0, 50%=-319.0, 75%=-276.0, 90%=-267.79998779296875, 95%=-264.0, 98%=-260.8199462890625
ranking_best_algo: CMApara
ranking_best_score: 319.29999999999995
ranking_my_rank: 36/504 (93.1%)
ranking_my_percent: 93.05555555555556
