ConfigName: krbf__advnormalizedfitness__M1__L8__eps0p033__g0p007__ds0p01__dm0p01
Problem: QUBO
Kernel: rbf
Advantage: normalizedfitness
M: 1
lambda: 8
epsilon_svgd: 0.033
gamma: 0.007
decay_start_ratio: 0.01
decay_min_factor: 0.01
bandwith_kernel: None
no_interact: False
avg_score: -2513.580078125
median_score: -2544.5
std_score: 201.35595703125
percentiles: 2%=-2806.419921875, 5%=-2774.0, 10%=-2738.300048828125, 25%=-2613.25, 50%=-2544.5, 75%=-2420.75, 90%=-2315.699951171875, 95%=-2275.800048828125, 98%=-2232.078369140625
ranking_best_algo: DiscreteLengler2OnePlusOne
ranking_best_score: 2617.04
ranking_my_rank: 64/504 (87.5%)
ranking_my_percent: 87.5
