ConfigName: kjsd__advperagentrankweighted__M5__L8__eps0p02__g0p0003__ds0p2__dm0p05
Problem: QUBO
Kernel: jsd
Advantage: peragentrankweighted
M: 5
lambda: 8
epsilon_svgd: 0.02
gamma: 0.0003
decay_start_ratio: 0.2
decay_min_factor: 0.05
bandwith_kernel: None
no_interact: False
avg_score: -1279.3199462890625
median_score: -1274.5
std_score: 58.965389251708984
percentiles: 2%=-1412.3800048828125, 5%=-1387.199951171875, 10%=-1361.0999755859375, 25%=-1311.25, 50%=-1274.5, 75%=-1242.0, 90%=-1213.0, 95%=-1196.9000244140625, 98%=-1171.739990234375
ranking_best_algo: BigLognormalDiscreteOnePlusOne
ranking_best_score: 1301.3600000000004
ranking_my_rank: 32/504 (93.8%)
ranking_my_percent: 93.84920634920636
