ConfigName: krbf__advnormalizedfitness__M2__L8__eps0p015__g0p007__ds0p15__dm0p3
Problem: NK
Kernel: rbf
Advantage: normalizedfitness
M: 2
lambda: 8
epsilon_svgd: 0.015
gamma: 0.007
decay_start_ratio: 0.15
decay_min_factor: 0.3
bandwith_kernel: None
no_interact: False
avg_score: 0.7372120022773743
median_score: 0.739237368106842
std_score: 0.009777076542377472
percentiles: 2%=0.7184747457504272, 5%=0.7199408411979675, 10%=0.7229663133621216, 25%=0.7302542924880981, 50%=0.739237368106842, 75%=0.7447539567947388, 90%=0.7484526634216309, 95%=0.7505846619606018, 98%=0.7535697817802429
ranking_best_algo: PBIL
ranking_best_score: 0.730509098125
ranking_my_rank: 1/504 (100.0%)
ranking_my_percent: 100.0
