ConfigName: kjsd__advperagentrankweighted__M4__L12__eps0p005__g0p001__ds0p1__dm0p2
Problem: QUBO
Kernel: jsd
Advantage: peragentrankweighted
M: 4
lambda: 12
epsilon_svgd: 0.005
gamma: 0.001
decay_start_ratio: 0.1
decay_min_factor: 0.2
bandwith_kernel: None
no_interact: False
avg_score: -1209.5
median_score: -1201.5
std_score: 67.29851531982422
percentiles: 2%=-1358.4000244140625, 5%=-1325.0, 10%=-1309.0999755859375, 25%=-1247.75, 50%=-1201.5, 75%=-1167.75, 90%=-1127.0, 95%=-1092.0, 98%=-1074.93994140625
ranking_best_algo: SVMMetaModelLogNormal
ranking_best_score: 1233.7999999999997
ranking_my_rank: 46/504 (91.1%)
ranking_my_percent: 91.07142857142857
