ConfigName: krbf__advnormalizedfitness__M3__L10__eps0p033__g0p015__ds0p15__dm0p3
Problem: QUBO
Kernel: rbf
Advantage: normalizedfitness
M: 3
lambda: 10
epsilon_svgd: 0.033
gamma: 0.015
decay_start_ratio: 0.15
decay_min_factor: 0.3
bandwith_kernel: None
no_interact: False
avg_score: -561.1799926757812
median_score: -560.0
std_score: 34.553836822509766
percentiles: 2%=-629.0, 5%=-621.0499877929688, 10%=-610.0, 25%=-586.5, 50%=-560.0, 75%=-537.25, 90%=-517.0, 95%=-501.95001220703125, 98%=-496.0
ranking_best_algo: Tabu
ranking_best_score: 588.7199999999999
ranking_my_rank: 97/503 (80.9%)
ranking_my_percent: 80.9145129224652
