ConfigName: krbf__advnormalizedfitness__M4__L10__eps0p033__g0p015__ds0p01__dm0p3
Problem: QUBO
Kernel: rbf
Advantage: normalizedfitness
M: 4
lambda: 10
epsilon_svgd: 0.033
gamma: 0.015
decay_start_ratio: 0.01
decay_min_factor: 0.3
bandwith_kernel: None
no_interact: False
avg_score: -198.60000610351562
median_score: -199.0
std_score: 13.015375137329102
percentiles: 2%=-222.0399932861328, 5%=-221.0500030517578, 10%=-218.0, 25%=-207.25, 50%=-199.0, 75%=-189.0, 90%=-184.0, 95%=-178.90000915527344, 98%=-175.79995727539062
ranking_best_algo: Tabu
ranking_best_score: 208.36000000000004
ranking_my_rank: 98/504 (80.8%)
ranking_my_percent: 80.75396825396825
