ConfigName: krbf__advnormalizedfitness__M4__L12__eps0p025__g0p015__ds0p01__dm0p01
Problem: QUBO
Kernel: rbf
Advantage: normalizedfitness
M: 4
lambda: 12
epsilon_svgd: 0.025
gamma: 0.015
decay_start_ratio: 0.01
decay_min_factor: 0.01
bandwith_kernel: None
no_interact: False
avg_score: -2427.56005859375
median_score: -2426.0
std_score: 244.59780883789062
percentiles: 2%=-2874.43994140625, 5%=-2852.050048828125, 10%=-2724.10009765625, 25%=-2612.0, 50%=-2426.0, 75%=-2227.25, 90%=-2128.400146484375, 95%=-2059.85009765625, 98%=-1995.119873046875
ranking_best_algo: RLSOnePlusOne
ranking_best_score: 3316.5199999999995
ranking_my_rank: 274/504 (45.8%)
ranking_my_percent: 45.833333333333336
