ConfigName: kjsd__advperagentrankweighted__M4__L20__eps0p005__g0p001__ds0p2__dm0p2
Problem: QUBO
Kernel: jsd
Advantage: peragentrankweighted
M: 4
lambda: 20
epsilon_svgd: 0.005
gamma: 0.001
decay_start_ratio: 0.2
decay_min_factor: 0.2
bandwith_kernel: None
no_interact: False
avg_score: -422.2799987792969
median_score: -418.5
std_score: 26.33024024963379
percentiles: 2%=-477.1600036621094, 5%=-469.20001220703125, 10%=-463.0, 25%=-435.0, 50%=-418.5, 75%=-405.75, 90%=-388.0, 95%=-380.8999938964844, 98%=-375.8999938964844
ranking_best_algo: CMAL3
ranking_best_score: 435.36
ranking_my_rank: 44/504 (91.5%)
ranking_my_percent: 91.46825396825396
