ConfigName: kfr__advglobalrankweighted__M6__L7__eps0p015__g0p005__ds0p01__dm0p01
Problem: QUBO
Kernel: fr
Advantage: globalrankweighted
M: 6
lambda: 7
epsilon_svgd: 0.015
gamma: 0.005
decay_start_ratio: 0.01
decay_min_factor: 0.01
bandwith_kernel: None
no_interact: False
avg_score: -332.55999755859375
median_score: -335.5
std_score: 21.04676628112793
percentiles: 2%=-370.0, 5%=-362.20001220703125, 10%=-355.0, 25%=-343.75, 50%=-335.5, 75%=-323.0, 90%=-308.0, 95%=-293.8500061035156, 98%=-283.61993408203125
ranking_best_algo: CMApara
ranking_best_score: 344.22
ranking_my_rank: 70/504 (86.3%)
ranking_my_percent: 86.30952380952381
