ConfigName: kjsd__advperagentrankweighted__M5__L10__eps0p01__g0p003__ds0p2__dm0p05
Problem: QUBO
Kernel: jsd
Advantage: peragentrankweighted
M: 5
lambda: 10
epsilon_svgd: 0.01
gamma: 0.003
decay_start_ratio: 0.2
decay_min_factor: 0.05
bandwith_kernel: None
no_interact: False
avg_score: -2476.1201171875
median_score: -2490.5
std_score: 156.9878387451172
percentiles: 2%=-2752.300048828125, 5%=-2721.050048828125, 10%=-2672.300048828125, 25%=-2586.0, 50%=-2490.5, 75%=-2368.75, 90%=-2263.10009765625, 95%=-2171.75, 98%=-2137.840087890625
ranking_best_algo: DiscreteLengler2OnePlusOne
ranking_best_score: 2617.04
ranking_my_rank: 84/504 (83.5%)
ranking_my_percent: 83.53174603174604
