ConfigName: kjsd__advperagentrankweighted__M3__L18__eps0p005__g0p0007__ds0p05__dm0p05
Problem: QUBO
Kernel: jsd
Advantage: peragentrankweighted
M: 3
lambda: 18
epsilon_svgd: 0.005
gamma: 0.0007
decay_start_ratio: 0.05
decay_min_factor: 0.05
bandwith_kernel: None
no_interact: False
avg_score: -3306.340087890625
median_score: -3314.5
std_score: 127.1537857055664
percentiles: 2%=-3551.06005859375, 5%=-3522.800048828125, 10%=-3486.10009765625, 25%=-3389.0, 50%=-3314.5, 75%=-3201.5, 90%=-3142.0, 95%=-3107.89990234375, 98%=-3074.1201171875
ranking_best_algo: RLSOnePlusOne
ranking_best_score: 3316.5199999999995
ranking_my_rank: 3/504 (99.6%)
ranking_my_percent: 99.60317460317461
