ConfigName: kjsd__advperagentrankweighted__M3__L16__eps0p01__g0p003__ds0p05__dm0p1
Problem: QUBO
Kernel: jsd
Advantage: peragentrankweighted
M: 3
lambda: 16
epsilon_svgd: 0.01
gamma: 0.003
decay_start_ratio: 0.05
decay_min_factor: 0.1
bandwith_kernel: None
no_interact: False
avg_score: -580.719970703125
median_score: -581.5
std_score: 29.604080200195312
percentiles: 2%=-635.02001953125, 5%=-629.0999755859375, 10%=-617.2000122070312, 25%=-601.25, 50%=-581.5, 75%=-567.0, 90%=-534.5999755859375, 95%=-524.9000244140625, 98%=-516.97998046875
ranking_best_algo: Tabu
ranking_best_score: 588.7199999999999
ranking_my_rank: 37/503 (92.8%)
ranking_my_percent: 92.84294234592446
