ConfigName: krbf__advnormalizedfitness__M3__L15__eps0p033__g0p005__ds0p15__dm0p01
Problem: NK
Kernel: rbf
Advantage: normalizedfitness
M: 3
lambda: 15
epsilon_svgd: 0.033
gamma: 0.005
decay_start_ratio: 0.15
decay_min_factor: 0.01
bandwith_kernel: None
no_interact: False
avg_score: 0.7366033792495728
median_score: 0.7385314702987671
std_score: 0.008872692473232746
percentiles: 2%=0.7170750498771667, 5%=0.7184807062149048, 10%=0.7215424180030823, 25%=0.7318321466445923, 50%=0.7385314702987671, 75%=0.7426916360855103, 90%=0.7464902997016907, 95%=0.7483803033828735, 98%=0.7496654391288757
ranking_best_algo: PBIL
ranking_best_score: 0.730509098125
ranking_my_rank: 1/504 (100.0%)
ranking_my_percent: 100.0
