ConfigName: kjsd__advperagentrankweighted__M4__L12__eps0p005__g0p0007__ds0p1__dm0p05
Problem: NK
Kernel: jsd
Advantage: peragentrankweighted
M: 4
lambda: 12
epsilon_svgd: 0.005
gamma: 0.0007
decay_start_ratio: 0.1
decay_min_factor: 0.05
bandwith_kernel: None
no_interact: False
avg_score: 0.71033775806427
median_score: 0.7114142179489136
std_score: 0.015200480818748474
percentiles: 2%=0.6704520583152771, 5%=0.6737772822380066, 10%=0.6943420767784119, 25%=0.7076575756072998, 50%=0.7114142179489136, 75%=0.7188930511474609, 90%=0.7251295447349548, 95%=0.7321180105209351, 98%=0.7336925864219666
ranking_best_algo: CMApara
ranking_best_score: 0.707475975
ranking_my_rank: 1/504 (100.0%)
ranking_my_percent: 100.0
