ConfigName: kjsd__advperagentrankweighted__M6__L8__eps0p02__g0p0005__ds0p05__dm0p05
Problem: NK
Kernel: jsd
Advantage: peragentrankweighted
M: 6
lambda: 8
epsilon_svgd: 0.02
gamma: 0.0005
decay_start_ratio: 0.05
decay_min_factor: 0.05
bandwith_kernel: None
no_interact: False
avg_score: 0.748735249042511
median_score: 0.7501879930496216
std_score: 0.01376511249691248
percentiles: 2%=0.7225346565246582, 5%=0.7249841690063477, 10%=0.7300768494606018, 25%=0.7397241592407227, 50%=0.7501879930496216, 75%=0.756447434425354, 90%=0.7664889693260193, 95%=0.7696844339370728, 98%=0.7761964201927185
ranking_best_algo: Tabu
ranking_best_score: 0.7657846284375001
ranking_my_rank: 30/504 (94.2%)
ranking_my_percent: 94.24603174603175
