ConfigName: krbf__advnormalizedfitness__M4__L8__eps0p033__g0p007__ds0p15__dm0p3
Problem: QUBO
Kernel: rbf
Advantage: normalizedfitness
M: 4
lambda: 8
epsilon_svgd: 0.033
gamma: 0.007
decay_start_ratio: 0.15
decay_min_factor: 0.3
bandwith_kernel: None
no_interact: False
avg_score: -574.3599853515625
median_score: -575.0
std_score: 29.57415008544922
percentiles: 2%=-625.0599975585938, 5%=-621.0999755859375, 10%=-611.2000122070312, 25%=-594.5, 50%=-575.0, 75%=-552.75, 90%=-536.7999877929688, 95%=-527.6500244140625, 98%=-517.9400024414062
ranking_best_algo: Tabu
ranking_best_score: 588.7199999999999
ranking_my_rank: 57/503 (88.9%)
ranking_my_percent: 88.86679920477137
