ConfigName: kjsd__advperagentrankweighted__M3__L20__eps0p007__g0p001__ds0p05__dm0p1
Problem: QUBO
Kernel: jsd
Advantage: peragentrankweighted
M: 3
lambda: 20
epsilon_svgd: 0.007
gamma: 0.001
decay_start_ratio: 0.05
decay_min_factor: 0.1
bandwith_kernel: None
no_interact: False
avg_score: -2563.47998046875
median_score: -2567.0
std_score: 100.53282928466797
percentiles: 2%=-2730.360107421875, 5%=-2708.199951171875, 10%=-2694.199951171875, 25%=-2641.0, 50%=-2567.0, 75%=-2481.75, 90%=-2435.300048828125, 95%=-2403.60009765625, 98%=-2389.6201171875
ranking_best_algo: SVM1MetaModelLogNormal
ranking_best_score: 2605.14
ranking_my_rank: 39/504 (92.5%)
ranking_my_percent: 92.46031746031746
