ConfigName: kjsd__advperagentrankweighted__M3__L20__eps0p005__g0p003__ds0p05__dm0p1
Problem: QUBO
Kernel: jsd
Advantage: peragentrankweighted
M: 3
lambda: 20
epsilon_svgd: 0.005
gamma: 0.003
decay_start_ratio: 0.05
decay_min_factor: 0.1
bandwith_kernel: None
no_interact: False
avg_score: -327.739990234375
median_score: -330.0
std_score: 22.29108428955078
percentiles: 2%=-358.05999755859375, 5%=-354.04998779296875, 10%=-350.0, 25%=-343.0, 50%=-330.0, 75%=-318.0, 90%=-293.79998779296875, 95%=-282.0, 98%=-273.9200134277344
ranking_best_algo: CMApara
ranking_best_score: 344.22
ranking_my_rank: 85/504 (83.3%)
ranking_my_percent: 83.33333333333333
