ConfigName: krbf__advnormalizedfitness__M4__L10__eps0p025__g0p015__ds0p15__dm0p3
Problem: QUBO
Kernel: rbf
Advantage: normalizedfitness
M: 4
lambda: 10
epsilon_svgd: 0.025
gamma: 0.015
decay_start_ratio: 0.15
decay_min_factor: 0.3
bandwith_kernel: None
no_interact: False
avg_score: -766.0399780273438
median_score: -752.0
std_score: 85.26393127441406
percentiles: 2%=-962.5800170898438, 5%=-917.25, 10%=-875.7000122070312, 25%=-818.0, 50%=-752.0, 75%=-703.0, 90%=-668.7999877929688, 95%=-636.9000244140625, 98%=-612.9599609375
ranking_best_algo: CMApara
ranking_best_score: 964.9
ranking_my_rank: 326/504 (35.5%)
ranking_my_percent: 35.51587301587302
