ConfigName: kjsd__advperagentrankweighted__M4__L30__eps0p005__g0p0007__ds0p4__dm0p05
Problem: QUBO
Kernel: jsd
Advantage: peragentrankweighted
M: 4
lambda: 30
epsilon_svgd: 0.005
gamma: 0.0007
decay_start_ratio: 0.4
decay_min_factor: 0.05
bandwith_kernel: None
no_interact: False
avg_score: -140.10000610351562
median_score: -143.0
std_score: 10.67660903930664
percentiles: 2%=-158.0399932861328, 5%=-158.0, 10%=-155.10000610351562, 25%=-146.0, 50%=-143.0, 75%=-131.75, 90%=-126.80000305175781, 95%=-123.0, 98%=-118.91999816894531
ranking_best_algo: DiscreteDE
ranking_best_score: 143.4
ranking_my_rank: 79/504 (84.5%)
ranking_my_percent: 84.52380952380952
