ConfigName: kjsd__advperagentrankweighted__M5__L24__eps0p007__g0p0005__ds0p05__dm0p05
Problem: QUBO
Kernel: jsd
Advantage: peragentrankweighted
M: 5
lambda: 24
epsilon_svgd: 0.007
gamma: 0.0005
decay_start_ratio: 0.05
decay_min_factor: 0.05
bandwith_kernel: None
no_interact: False
avg_score: -1199.1400146484375
median_score: -1191.5
std_score: 51.117122650146484
percentiles: 2%=-1331.0400390625, 5%=-1291.699951171875, 10%=-1259.199951171875, 25%=-1234.75, 50%=-1191.5, 75%=-1163.75, 90%=-1142.0, 95%=-1120.0, 98%=-1102.97998046875
ranking_best_algo: Tabu
ranking_best_score: 1216.16
ranking_my_rank: 44/504 (91.5%)
ranking_my_percent: 91.46825396825396
