ConfigName: krbf__advnormalizedfitness__M5__L8__eps0p02__g0p01__ds0p15__dm0p05
Problem: QUBO
Kernel: rbf
Advantage: normalizedfitness
M: 5
lambda: 8
epsilon_svgd: 0.02
gamma: 0.01
decay_start_ratio: 0.15
decay_min_factor: 0.05
bandwith_kernel: None
no_interact: False
avg_score: -140.1199951171875
median_score: -141.0
std_score: 10.069042205810547
percentiles: 2%=-158.0, 5%=-156.0, 10%=-155.0, 25%=-146.5, 50%=-141.0, 75%=-131.75, 90%=-127.0, 95%=-127.0, 98%=-123.0
ranking_best_algo: DiscreteDE
ranking_best_score: 143.4
ranking_my_rank: 79/504 (84.5%)
ranking_my_percent: 84.52380952380952
