ConfigName: kjsd__advperagentrankweighted__M4__L24__eps0p02__g0p0003__ds0p2__dm0p05
Problem: NK
Kernel: jsd
Advantage: peragentrankweighted
M: 4
lambda: 24
epsilon_svgd: 0.02
gamma: 0.0003
decay_start_ratio: 0.2
decay_min_factor: 0.05
bandwith_kernel: None
no_interact: False
avg_score: 0.7483310103416443
median_score: 0.7477739453315735
std_score: 0.01264138426631689
percentiles: 2%=0.7230169177055359, 5%=0.7294053435325623, 10%=0.7317758202552795, 25%=0.7388109564781189, 50%=0.7477739453315735, 75%=0.7571043372154236, 90%=0.7664903402328491, 95%=0.7682872414588928, 98%=0.7739040851593018
ranking_best_algo: Tabu
ranking_best_score: 0.7470791764843752
ranking_my_rank: 1/504 (100.0%)
ranking_my_percent: 100.0
