ConfigName: kjsd__advperagentrankweighted__M4__L30__eps0p005__g0p0007__ds0p05__dm0p05
Problem: QUBO
Kernel: jsd
Advantage: peragentrankweighted
M: 4
lambda: 30
epsilon_svgd: 0.005
gamma: 0.0007
decay_start_ratio: 0.05
decay_min_factor: 0.05
bandwith_kernel: None
no_interact: False
avg_score: -430.0799865722656
median_score: -428.0
std_score: 26.446807861328125
percentiles: 2%=-483.0, 5%=-477.0, 10%=-467.0, 25%=-450.5, 50%=-428.0, 75%=-411.0, 90%=-394.0, 95%=-392.95001220703125, 98%=-386.8800048828125
ranking_best_algo: CMAL3
ranking_best_score: 435.36
ranking_my_rank: 9/504 (98.4%)
ranking_my_percent: 98.41269841269842
