ConfigName: kjsd__advperagentrankweighted__M6__L28__eps0p005__g0p0005__ds0p05__dm0p05
Problem: QUBO
Kernel: jsd
Advantage: peragentrankweighted
M: 6
lambda: 28
epsilon_svgd: 0.005
gamma: 0.0005
decay_start_ratio: 0.05
decay_min_factor: 0.05
bandwith_kernel: None
no_interact: False
avg_score: -1167.1800537109375
median_score: -1164.5
std_score: 70.7589340209961
percentiles: 2%=-1305.239990234375, 5%=-1287.0999755859375, 10%=-1258.0, 25%=-1214.0, 50%=-1164.5, 75%=-1115.75, 90%=-1080.800048828125, 95%=-1057.5999755859375, 98%=-1014.6599731445312
ranking_best_algo: Tabu
ranking_best_score: 1216.16
ranking_my_rank: 93/504 (81.7%)
ranking_my_percent: 81.74603174603175
