ConfigName: kjsd__advperagentrankweighted__M3__L18__eps0p007__g0p003__ds0p1__dm0p2
Problem: QUBO
Kernel: jsd
Advantage: peragentrankweighted
M: 3
lambda: 18
epsilon_svgd: 0.007
gamma: 0.003
decay_start_ratio: 0.1
decay_min_factor: 0.2
bandwith_kernel: None
no_interact: False
avg_score: -414.9800109863281
median_score: -413.0
std_score: 29.19999122619629
percentiles: 2%=-469.0, 5%=-458.1499938964844, 10%=-455.1000061035156, 25%=-438.25, 50%=-413.0, 75%=-391.0, 90%=-382.8999938964844, 95%=-372.8500061035156, 98%=-361.8399963378906
ranking_best_algo: CMAL3
ranking_best_score: 435.36
ranking_my_rank: 108/504 (78.8%)
ranking_my_percent: 78.76984126984127
