ConfigName: krbf__advnormalizedfitness__M2__L8__eps0p015__g0p005__ds0p15__dm0p3
Problem: QUBO
Kernel: rbf
Advantage: normalizedfitness
M: 2
lambda: 8
epsilon_svgd: 0.015
gamma: 0.005
decay_start_ratio: 0.15
decay_min_factor: 0.3
bandwith_kernel: None
no_interact: False
avg_score: -410.2799987792969
median_score: -411.0
std_score: 25.54215431213379
percentiles: 2%=-454.2200012207031, 5%=-452.0, 10%=-446.1000061035156, 25%=-428.25, 50%=-411.0, 75%=-391.5, 90%=-381.79998779296875, 95%=-373.8999938964844, 98%=-353.9200134277344
ranking_best_algo: Tabu
ranking_best_score: 438.12
ranking_my_rank: 90/504 (82.3%)
ranking_my_percent: 82.34126984126983
