ConfigName: kjsd__advperagentrankweighted__M6__L8__eps0p03__g0p0007__ds0p2__dm0p05
Problem: QUBO
Kernel: jsd
Advantage: peragentrankweighted
M: 6
lambda: 8
epsilon_svgd: 0.03
gamma: 0.0007
decay_start_ratio: 0.2
decay_min_factor: 0.05
bandwith_kernel: None
no_interact: False
avg_score: -150.1199951171875
median_score: -149.5
std_score: 13.402447700500488
percentiles: 2%=-179.0, 5%=-179.0, 10%=-165.10000610351562, 25%=-156.0, 50%=-149.5, 75%=-141.0, 90%=-136.0, 95%=-130.89999389648438, 98%=-120.0
ranking_best_algo: CMApara
ranking_best_score: 154.28
ranking_my_rank: 76/504 (85.1%)
ranking_my_percent: 85.11904761904762
