ConfigName: kjsd__advperagentrankweighted__M4__L12__eps0p005__g0p0007__ds0p05__dm0p05
Problem: QUBO
Kernel: jsd
Advantage: peragentrankweighted
M: 4
lambda: 12
epsilon_svgd: 0.005
gamma: 0.0007
decay_start_ratio: 0.05
decay_min_factor: 0.05
bandwith_kernel: None
no_interact: False
avg_score: -2584.719970703125
median_score: -2574.0
std_score: 113.2828369140625
percentiles: 2%=-2780.199951171875, 5%=-2759.39990234375, 10%=-2748.0, 25%=-2669.25, 50%=-2574.0, 75%=-2498.5, 90%=-2448.89990234375, 95%=-2407.449951171875, 98%=-2362.860107421875
ranking_best_algo: SVM1MetaModelLogNormal
ranking_best_score: 2605.14
ranking_my_rank: 13/504 (97.6%)
ranking_my_percent: 97.61904761904762
