ConfigName: kjsd__advperagentrankweighted__M4__L28__eps0p005__g0p0005__ds0p05__dm0p05
Problem: NK
Kernel: jsd
Advantage: peragentrankweighted
M: 4
lambda: 28
epsilon_svgd: 0.005
gamma: 0.0005
decay_start_ratio: 0.05
decay_min_factor: 0.05
bandwith_kernel: None
no_interact: False
avg_score: 0.7566608190536499
median_score: 0.7583632469177246
std_score: 0.014073709957301617
percentiles: 2%=0.7273858785629272, 5%=0.7294616103172302, 10%=0.7358763217926025, 25%=0.748150646686554, 50%=0.7583632469177246, 75%=0.7663902640342712, 90%=0.7706213593482971, 95%=0.7796624302864075, 98%=0.7831157445907593
ranking_best_algo: Tabu
ranking_best_score: 0.7657846284375001
ranking_my_rank: 2/504 (99.8%)
ranking_my_percent: 99.8015873015873
