ConfigName: krbf__advnormalizedfitness__M1__L8__eps0p033__g0p01__ds0p15__dm0p3
Problem: QUBO
Kernel: rbf
Advantage: normalizedfitness
M: 1
lambda: 8
epsilon_svgd: 0.033
gamma: 0.01
decay_start_ratio: 0.15
decay_min_factor: 0.3
bandwith_kernel: None
no_interact: False
avg_score: -1138.4000244140625
median_score: -1136.5
std_score: 63.083595275878906
percentiles: 2%=-1264.06005859375, 5%=-1237.3499755859375, 10%=-1208.199951171875, 25%=-1184.0, 50%=-1136.5, 75%=-1100.25, 90%=-1060.0, 95%=-1033.5, 98%=-1014.7999267578125
ranking_best_algo: Tabu
ranking_best_score: 1216.16
ranking_my_rank: 152/504 (70.0%)
ranking_my_percent: 70.03968253968254
