ConfigName: kjsd__advperagentrankweighted__M3__L16__eps0p01__g0p0007__ds0p1__dm0p1
Problem: NK
Kernel: jsd
Advantage: peragentrankweighted
M: 3
lambda: 16
epsilon_svgd: 0.01
gamma: 0.0007
decay_start_ratio: 0.1
decay_min_factor: 0.1
bandwith_kernel: None
no_interact: False
avg_score: 0.7063872814178467
median_score: 0.7088450193405151
std_score: 0.01161495316773653
percentiles: 2%=0.6867535710334778, 5%=0.688569962978363, 10%=0.6911789774894714, 25%=0.6956429481506348, 50%=0.7088450193405151, 75%=0.7166558504104614, 90%=0.7201265692710876, 95%=0.7215889692306519, 98%=0.7222731113433838
ranking_best_algo: PBIL
ranking_best_score: 0.7013553837109374
ranking_my_rank: 1/504 (100.0%)
ranking_my_percent: 100.0
