ConfigName: kjsd__advperagentrankweighted__M4__L12__eps0p008__g0p0005__ds0p05__dm0p05
Problem: NK
Kernel: jsd
Advantage: peragentrankweighted
M: 4
lambda: 12
epsilon_svgd: 0.008
gamma: 0.0005
decay_start_ratio: 0.05
decay_min_factor: 0.05
bandwith_kernel: None
no_interact: False
avg_score: 0.7387716174125671
median_score: 0.7375682592391968
std_score: 0.013381333090364933
percentiles: 2%=0.7110394239425659, 5%=0.720576286315918, 10%=0.7214799523353577, 25%=0.7321882247924805, 50%=0.7375682592391968, 75%=0.7470055818557739, 90%=0.7581470608711243, 95%=0.7624446153640747, 98%=0.7644520401954651
ranking_best_algo: Tabu
ranking_best_score: 0.7601875690625
ranking_my_rank: 19/504 (96.4%)
ranking_my_percent: 96.42857142857143
