ConfigName: kjsd__advperagentrankweighted__M4__L8__eps0p02__g0p0003__ds0p2__dm0p05
Problem: QUBO
Kernel: jsd
Advantage: peragentrankweighted
M: 4
lambda: 8
epsilon_svgd: 0.02
gamma: 0.0003
decay_start_ratio: 0.2
decay_min_factor: 0.05
bandwith_kernel: None
no_interact: False
avg_score: -1520.1600341796875
median_score: -1516.5
std_score: 64.76630401611328
percentiles: 2%=-1686.0799560546875, 5%=-1644.050048828125, 10%=-1602.199951171875, 25%=-1564.25, 50%=-1516.5, 75%=-1472.5, 90%=-1444.800048828125, 95%=-1430.800048828125, 98%=-1420.280029296875
ranking_best_algo: NLOPT_LN_PRAXIS
ranking_best_score: 1607.12
ranking_my_rank: 60/504 (88.3%)
ranking_my_percent: 88.2936507936508
