ConfigName: kjsd__advperagentrankweighted__M5__L10__eps0p005__g0p0007__ds0p4__dm0p05
Problem: QUBO
Kernel: jsd
Advantage: peragentrankweighted
M: 5
lambda: 10
epsilon_svgd: 0.005
gamma: 0.0007
decay_start_ratio: 0.4
decay_min_factor: 0.05
bandwith_kernel: None
no_interact: False
avg_score: -1194.4000244140625
median_score: -1188.5
std_score: 63.30039596557617
percentiles: 2%=-1333.1199951171875, 5%=-1306.300048828125, 10%=-1279.5999755859375, 25%=-1243.25, 50%=-1188.5, 75%=-1151.75, 90%=-1112.9000244140625, 95%=-1102.949951171875, 98%=-1090.5999755859375
ranking_best_algo: Tabu
ranking_best_score: 1216.16
ranking_my_rank: 48/504 (90.7%)
ranking_my_percent: 90.67460317460318
