ConfigName: kjsd__advperagentrankweighted__M3__L30__eps0p005__g0p0005__ds0p2__dm0p2
Problem: QUBO
Kernel: jsd
Advantage: peragentrankweighted
M: 3
lambda: 30
epsilon_svgd: 0.005
gamma: 0.0005
decay_start_ratio: 0.2
decay_min_factor: 0.2
bandwith_kernel: None
no_interact: False
avg_score: -1613.199951171875
median_score: -1617.0
std_score: 58.05118179321289
percentiles: 2%=-1714.260009765625, 5%=-1699.050048828125, 10%=-1683.4000244140625, 25%=-1657.5, 50%=-1617.0, 75%=-1580.25, 90%=-1528.800048828125, 95%=-1510.9000244140625, 98%=-1490.719970703125
ranking_best_algo: NLOPT_LN_PRAXIS
ranking_best_score: 1607.12
ranking_my_rank: 1/504 (100.0%)
ranking_my_percent: 100.0
