ConfigName: kjsd__advperagentrankweighted__M4__L20__eps0p005__g0p001__ds0p2__dm0p1
Problem: NK
Kernel: jsd
Advantage: peragentrankweighted
M: 4
lambda: 20
epsilon_svgd: 0.005
gamma: 0.001
decay_start_ratio: 0.2
decay_min_factor: 0.1
bandwith_kernel: None
no_interact: False
avg_score: 0.7368643283843994
median_score: 0.7383949160575867
std_score: 0.008598042652010918
percentiles: 2%=0.7170255184173584, 5%=0.721522331237793, 10%=0.7241491675376892, 25%=0.7323784828186035, 50%=0.7383949160575867, 75%=0.7423694133758545, 90%=0.7464555501937866, 95%=0.7479135990142822, 98%=0.7512812614440918
ranking_best_algo: PBIL
ranking_best_score: 0.730509098125
ranking_my_rank: 1/504 (100.0%)
ranking_my_percent: 100.0
