ConfigName: kjsd__advperagentrankweighted__M3__L20__eps0p005__g0p0005__ds0p05__dm0p05
Problem: QUBO
Kernel: jsd
Advantage: peragentrankweighted
M: 3
lambda: 20
epsilon_svgd: 0.005
gamma: 0.0005
decay_start_ratio: 0.05
decay_min_factor: 0.05
bandwith_kernel: None
no_interact: False
avg_score: -412.260009765625
median_score: -412.0
std_score: 30.204177856445312
percentiles: 2%=-469.1600036621094, 5%=-454.1499938964844, 10%=-452.0, 25%=-432.0, 50%=-412.0, 75%=-395.5, 90%=-370.0, 95%=-359.6000061035156, 98%=-349.8800048828125
ranking_best_algo: Tabu
ranking_best_score: 438.12
ranking_my_rank: 70/504 (86.3%)
ranking_my_percent: 86.30952380952381
