ConfigName: kjsd__advperagentrankweighted__M5__L8__eps0p01__g0p0007__ds0p4__dm0p05
Problem: QUBO
Kernel: jsd
Advantage: peragentrankweighted
M: 5
lambda: 8
epsilon_svgd: 0.01
gamma: 0.0007
decay_start_ratio: 0.4
decay_min_factor: 0.05
bandwith_kernel: None
no_interact: False
avg_score: -430.55999755859375
median_score: -430.0
std_score: 27.11690330505371
percentiles: 2%=-483.0, 5%=-479.1000061035156, 10%=-463.20001220703125, 25%=-448.25, 50%=-430.0, 75%=-412.5, 90%=-399.0, 95%=-392.8500061035156, 98%=-380.739990234375
ranking_best_algo: CMAL3
ranking_best_score: 435.36
ranking_my_rank: 8/504 (98.6%)
ranking_my_percent: 98.61111111111111
