ConfigName: krbf__advnormalizedfitness__M4__L12__eps0p025__g0p01__ds0p3__dm0p01
Problem: QUBO
Kernel: rbf
Advantage: normalizedfitness
M: 4
lambda: 12
epsilon_svgd: 0.025
gamma: 0.01
decay_start_ratio: 0.3
decay_min_factor: 0.01
bandwith_kernel: None
no_interact: False
avg_score: -2549.139892578125
median_score: -2525.0
std_score: 270.3223571777344
percentiles: 2%=-3110.06005859375, 5%=-3041.39990234375, 10%=-2956.800048828125, 25%=-2719.0, 50%=-2525.0, 75%=-2327.25, 90%=-2220.699951171875, 95%=-2187.949951171875, 98%=-2147.39990234375
ranking_best_algo: RLSOnePlusOne
ranking_best_score: 3316.5199999999995
ranking_my_rank: 213/504 (57.9%)
ranking_my_percent: 57.93650793650794
