ConfigName: krbf__advnormalizedfitness__M5__L8__eps0p03__g0p005__ds0p15__dm0p05
Problem: QUBO
Kernel: rbf
Advantage: normalizedfitness
M: 5
lambda: 8
epsilon_svgd: 0.03
gamma: 0.005
decay_start_ratio: 0.15
decay_min_factor: 0.05
bandwith_kernel: None
no_interact: False
avg_score: -443.2799987792969
median_score: -444.5
std_score: 28.113370895385742
percentiles: 2%=-498.0, 5%=-489.1499938964844, 10%=-481.1000061035156, 25%=-462.25, 50%=-444.5, 75%=-426.5, 90%=-402.70001220703125, 95%=-396.6000061035156, 98%=-387.9599914550781
ranking_best_algo: CMApara
ranking_best_score: 453.82
ranking_my_rank: 8/504 (98.6%)
ranking_my_percent: 98.61111111111111
