ConfigName: krbf__advnormalizedfitness__M4__L15__eps0p025__g0p005__ds0p3__dm0p3
Problem: QUBO
Kernel: rbf
Advantage: normalizedfitness
M: 4
lambda: 15
epsilon_svgd: 0.025
gamma: 0.005
decay_start_ratio: 0.3
decay_min_factor: 0.3
bandwith_kernel: None
no_interact: False
avg_score: -1254.780029296875
median_score: -1246.5
std_score: 140.142822265625
percentiles: 2%=-1518.1600341796875, 5%=-1478.449951171875, 10%=-1450.0999755859375, 25%=-1344.0, 50%=-1246.5, 75%=-1143.0, 90%=-1072.5999755859375, 95%=-1026.800048828125, 98%=-1002.639892578125
ranking_best_algo: NLOPT_LN_PRAXIS
ranking_best_score: 1607.12
ranking_my_rank: 212/504 (58.1%)
ranking_my_percent: 58.13492063492063
