ConfigName: kjsd__advperagentrankweighted__M3__L16__eps0p01__g0p0007__ds0p1__dm0p2
Problem: QUBO
Kernel: jsd
Advantage: peragentrankweighted
M: 3
lambda: 16
epsilon_svgd: 0.01
gamma: 0.0007
decay_start_ratio: 0.1
decay_min_factor: 0.2
bandwith_kernel: None
no_interact: False
avg_score: -581.0399780273438
median_score: -581.0
std_score: 28.5922794342041
percentiles: 2%=-635.0, 5%=-631.0, 10%=-622.4000244140625, 25%=-599.0, 50%=-581.0, 75%=-562.25, 90%=-545.9000244140625, 95%=-533.75, 98%=-523.9400024414062
ranking_best_algo: Tabu
ranking_best_score: 588.7199999999999
ranking_my_rank: 37/503 (92.8%)
ranking_my_percent: 92.84294234592446
