ConfigName: kjsd__advperagentrankweighted__M3__L18__eps0p007__g0p001__ds0p1__dm0p05
Problem: QUBO
Kernel: jsd
Advantage: peragentrankweighted
M: 3
lambda: 18
epsilon_svgd: 0.007
gamma: 0.001
decay_start_ratio: 0.1
decay_min_factor: 0.05
bandwith_kernel: None
no_interact: False
avg_score: -916.760009765625
median_score: -920.0
std_score: 63.26422882080078
percentiles: 2%=-1052.0799560546875, 5%=-1015.5, 10%=-992.0, 25%=-960.0, 50%=-920.0, 75%=-872.5, 90%=-824.9000244140625, 95%=-814.7000122070312, 98%=-800.719970703125
ranking_best_algo: CMAL3
ranking_best_score: 928.5800000000002
ranking_my_rank: 15/504 (97.2%)
ranking_my_percent: 97.22222222222223
