ConfigName: krbf__advnormalizedfitness__M4__L15__eps0p015__g0p01__ds0p3__dm0p3
Problem: QUBO
Kernel: rbf
Advantage: normalizedfitness
M: 4
lambda: 15
epsilon_svgd: 0.015
gamma: 0.01
decay_start_ratio: 0.3
decay_min_factor: 0.3
bandwith_kernel: None
no_interact: False
avg_score: -131.0
median_score: -130.0
std_score: 14.137892723083496
percentiles: 2%=-165.1199951171875, 5%=-155.0, 10%=-149.0, 25%=-139.25, 50%=-130.0, 75%=-121.0, 90%=-114.0, 95%=-111.0, 98%=-105.0
ranking_best_algo: CMApara
ranking_best_score: 154.28
ranking_my_rank: 334/504 (33.9%)
ranking_my_percent: 33.92857142857143
