ConfigName: kjsd__advperagentrankweighted__M4__L30__eps0p01__g0p0003__ds0p2__dm0p05
Problem: NK
Kernel: jsd
Advantage: peragentrankweighted
M: 4
lambda: 30
epsilon_svgd: 0.01
gamma: 0.0003
decay_start_ratio: 0.2
decay_min_factor: 0.05
bandwith_kernel: None
no_interact: False
avg_score: 0.7414100170135498
median_score: 0.7406429052352905
std_score: 0.01246226578950882
percentiles: 2%=0.715636670589447, 5%=0.7230128645896912, 10%=0.72701495885849, 25%=0.7333779335021973, 50%=0.7406429052352905, 75%=0.7481963038444519, 90%=0.7577600479125977, 95%=0.761041522026062, 98%=0.7704876661300659
ranking_best_algo: Tabu
ranking_best_score: 0.7601875690625
ranking_my_rank: 12/504 (97.8%)
ranking_my_percent: 97.81746031746032
