ConfigName: krbf__advnormalizedfitness__M4__L12__eps0p025__g0p007__ds0p01__dm0p01
Problem: QUBO
Kernel: rbf
Advantage: normalizedfitness
M: 4
lambda: 12
epsilon_svgd: 0.025
gamma: 0.007
decay_start_ratio: 0.01
decay_min_factor: 0.01
bandwith_kernel: None
no_interact: False
avg_score: -1229.219970703125
median_score: -1222.0
std_score: 75.67173767089844
percentiles: 2%=-1356.300048828125, 5%=-1347.25, 10%=-1334.199951171875, 25%=-1288.5, 50%=-1222.0, 75%=-1180.5, 90%=-1143.800048828125, 95%=-1114.4000244140625, 98%=-1039.0
ranking_best_algo: BigLognormalDiscreteOnePlusOne
ranking_best_score: 1301.3600000000004
ranking_my_rank: 68/504 (86.7%)
ranking_my_percent: 86.7063492063492
