ConfigName: kjsd__advperagentrankweighted__M3__L18__eps0p01__g0p001__ds0p2__dm0p1
Problem: QUBO
Kernel: jsd
Advantage: peragentrankweighted
M: 3
lambda: 18
epsilon_svgd: 0.01
gamma: 0.001
decay_start_ratio: 0.2
decay_min_factor: 0.1
bandwith_kernel: None
no_interact: False
avg_score: -1307.699951171875
median_score: -1305.0
std_score: 55.385650634765625
percentiles: 2%=-1417.1400146484375, 5%=-1405.25, 10%=-1384.0, 25%=-1346.25, 50%=-1305.0, 75%=-1272.5, 90%=-1242.800048828125, 95%=-1214.9000244140625, 98%=-1190.9200439453125
ranking_best_algo: BigLognormalDiscreteOnePlusOne
ranking_best_score: 1301.3600000000004
ranking_my_rank: 1/504 (100.0%)
ranking_my_percent: 100.0
