ConfigName: krbf__advnormalizedfitness__M4__L10__eps0p033__g0p01__ds0p3__dm0p3
Problem: NK
Kernel: rbf
Advantage: normalizedfitness
M: 4
lambda: 10
epsilon_svgd: 0.033
gamma: 0.01
decay_start_ratio: 0.3
decay_min_factor: 0.3
bandwith_kernel: None
no_interact: False
avg_score: 0.7126520276069641
median_score: 0.7129034996032715
std_score: 0.010778957046568394
percentiles: 2%=0.6901674866676331, 5%=0.6921638250350952, 10%=0.6978718638420105, 25%=0.7067487239837646, 50%=0.7129034996032715, 75%=0.7194246053695679, 90%=0.7261350154876709, 95%=0.7274547815322876, 98%=0.7347263693809509
ranking_best_algo: PBIL
ranking_best_score: 0.7248786399609374
ranking_my_rank: 52/504 (89.9%)
ranking_my_percent: 89.88095238095238
