ConfigName: krbf__advnormalizedfitness__M4__L10__eps0p03__g0p0005__ds0p05__dm0p05
Problem: QUBO
Kernel: rbf
Advantage: normalizedfitness
M: 4
lambda: 10
epsilon_svgd: 0.03
gamma: 0.0005
decay_start_ratio: 0.05
decay_min_factor: 0.05
bandwith_kernel: None
no_interact: False
avg_score: -2173.89990234375
median_score: -2136.5
std_score: 233.4244842529297
percentiles: 2%=-2653.179931640625, 5%=-2553.85009765625, 10%=-2514.0, 25%=-2344.0, 50%=-2136.5, 75%=-2002.5, 90%=-1899.4000244140625, 95%=-1848.8499755859375, 98%=-1813.6400146484375
ranking_best_algo: SVM1MetaModelLogNormal
ranking_best_score: 2605.14
ranking_my_rank: 195/504 (61.5%)
ranking_my_percent: 61.507936507936506
