ConfigName: krbf__advnormalizedfitness__M4__L12__eps0p015__g0p01__ds0p15__dm0p3
Problem: QUBO
Kernel: rbf
Advantage: normalizedfitness
M: 4
lambda: 12
epsilon_svgd: 0.015
gamma: 0.01
decay_start_ratio: 0.15
decay_min_factor: 0.3
bandwith_kernel: None
no_interact: False
avg_score: -163.22000122070312
median_score: -164.5
std_score: 20.368396759033203
percentiles: 2%=-205.05999755859375, 5%=-197.0500030517578, 10%=-189.0, 25%=-176.25, 50%=-164.5, 75%=-147.5, 90%=-136.0, 95%=-134.80001831054688, 98%=-125.93998718261719
ranking_best_algo: Tabu
ranking_best_score: 208.36000000000004
ranking_my_rank: 332/504 (34.3%)
ranking_my_percent: 34.32539682539682
