ConfigName: kjsd__advperagentrankweighted__M4__L10__eps0p005__g0p0007__ds0p2__dm0p05
Problem: NK
Kernel: jsd
Advantage: peragentrankweighted
M: 4
lambda: 10
epsilon_svgd: 0.005
gamma: 0.0007
decay_start_ratio: 0.2
decay_min_factor: 0.05
bandwith_kernel: None
no_interact: False
avg_score: 0.7153798937797546
median_score: 0.714687705039978
std_score: 0.00784795917570591
percentiles: 2%=0.6992369890213013, 5%=0.7023534774780273, 10%=0.7043594121932983, 25%=0.710995078086853, 50%=0.714687705039978, 75%=0.7198981046676636, 90%=0.7262049913406372, 95%=0.728657066822052, 98%=0.7320073843002319
ranking_best_algo: PBIL
ranking_best_score: 0.7170882103515624
ranking_my_rank: 39/504 (92.5%)
ranking_my_percent: 92.46031746031746
