ConfigName: krbf__advnormalizedfitness__M1__L8__eps0p025__g0p01__ds0p3__dm0p3
Problem: QUBO
Kernel: rbf
Advantage: normalizedfitness
M: 1
lambda: 8
epsilon_svgd: 0.025
gamma: 0.01
decay_start_ratio: 0.3
decay_min_factor: 0.3
bandwith_kernel: None
no_interact: False
avg_score: -872.1400146484375
median_score: -863.5
std_score: 72.32289123535156
percentiles: 2%=-1023.3400268554688, 5%=-1000.4500122070312, 10%=-969.5, 25%=-920.0, 50%=-863.5, 75%=-813.0, 90%=-789.4000244140625, 95%=-778.5000610351562, 98%=-764.2998657226562
ranking_best_algo: CMAL3
ranking_best_score: 928.5800000000002
ranking_my_rank: 137/504 (73.0%)
ranking_my_percent: 73.01587301587301
