ConfigName: krbf__advnormalizedfitness__M2__L8__eps0p025__g0p005__ds0p3__dm0p3
Problem: NK
Kernel: rbf
Advantage: normalizedfitness
M: 2
lambda: 8
epsilon_svgd: 0.025
gamma: 0.005
decay_start_ratio: 0.3
decay_min_factor: 0.3
bandwith_kernel: None
no_interact: False
avg_score: 0.7349336743354797
median_score: 0.7362692952156067
std_score: 0.016817063093185425
percentiles: 2%=0.6992244720458984, 5%=0.7136346101760864, 10%=0.7160748839378357, 25%=0.7228736877441406, 50%=0.7362692952156067, 75%=0.7445821762084961, 90%=0.7564401030540466, 95%=0.7636866569519043, 98%=0.7668864727020264
ranking_best_algo: Tabu
ranking_best_score: 0.7601875690625
ranking_my_rank: 28/504 (94.6%)
ranking_my_percent: 94.64285714285714
