ConfigName: kfr__advglobalrankweighted__M2__L9__eps0p01__g0p005__ds0p01__dm0p01
Problem: QUBO
Kernel: fr
Advantage: globalrankweighted
M: 2
lambda: 9
epsilon_svgd: 0.01
gamma: 0.005
decay_start_ratio: 0.01
decay_min_factor: 0.01
bandwith_kernel: None
no_interact: False
avg_score: -422.32000732421875
median_score: -425.0
std_score: 28.389041900634766
percentiles: 2%=-471.0799865722656, 5%=-465.0, 10%=-459.0, 25%=-443.25, 50%=-425.0, 75%=-405.25, 90%=-383.4000244140625, 95%=-372.8500061035156, 98%=-365.94000244140625
ranking_best_algo: CMAL3
ranking_best_score: 435.36
ranking_my_rank: 43/504 (91.7%)
ranking_my_percent: 91.66666666666667
