ConfigName: krbf__advnormalizedfitness__M3__L8__eps0p033__g0p007__ds0p01__dm0p3
Problem: NK
Kernel: rbf
Advantage: normalizedfitness
M: 3
lambda: 8
epsilon_svgd: 0.033
gamma: 0.007
decay_start_ratio: 0.01
decay_min_factor: 0.3
bandwith_kernel: None
no_interact: False
avg_score: 0.7097293734550476
median_score: 0.7108297348022461
std_score: 0.015371449291706085
percentiles: 2%=0.6696656942367554, 5%=0.6717197895050049, 10%=0.6945587992668152, 25%=0.7068943381309509, 50%=0.7108297348022461, 75%=0.7191470861434937, 90%=0.7254821062088013, 95%=0.7319297194480896, 98%=0.7326182723045349
ranking_best_algo: CMApara
ranking_best_score: 0.707475975
ranking_my_rank: 1/504 (100.0%)
ranking_my_percent: 100.0
