ConfigName: kjsd__advperagentrankweighted__M4__L8__eps0p01__g0p0005__ds0p05__dm0p05
Problem: QUBO
Kernel: jsd
Advantage: peragentrankweighted
M: 4
lambda: 8
epsilon_svgd: 0.01
gamma: 0.0005
decay_start_ratio: 0.05
decay_min_factor: 0.05
bandwith_kernel: None
no_interact: False
avg_score: -425.32000732421875
median_score: -425.0
std_score: 26.545387268066406
percentiles: 2%=-473.20001220703125, 5%=-469.1000061035156, 10%=-463.20001220703125, 25%=-440.0, 50%=-425.0, 75%=-407.0, 90%=-393.0, 95%=-388.8999938964844, 98%=-381.4800109863281
ranking_best_algo: CMAL3
ranking_best_score: 435.36
ranking_my_rank: 28/504 (94.6%)
ranking_my_percent: 94.64285714285714
