ConfigName: kjsd__advperagentrankweighted__M3__L16__eps0p01__g0p0005__ds0p1__dm0p1
Problem: NK
Kernel: jsd
Advantage: peragentrankweighted
M: 3
lambda: 16
epsilon_svgd: 0.01
gamma: 0.0005
decay_start_ratio: 0.1
decay_min_factor: 0.1
bandwith_kernel: None
no_interact: False
avg_score: 0.7422073483467102
median_score: 0.7420654296875
std_score: 0.009042003192007542
percentiles: 2%=0.7243798971176147, 5%=0.7290427088737488, 10%=0.7312662601470947, 25%=0.7351022362709045, 50%=0.7420654296875, 75%=0.7479453682899475, 90%=0.754205048084259, 95%=0.7556952238082886, 98%=0.7599294781684875
ranking_best_algo: PBIL
ranking_best_score: 0.733570253046875
ranking_my_rank: 1/504 (100.0%)
ranking_my_percent: 100.0
