ConfigName: kjsd__advperagentrankweighted__M3__L16__eps0p007__g0p0007__ds0p05__dm0p2
Problem: QUBO
Kernel: jsd
Advantage: peragentrankweighted
M: 3
lambda: 16
epsilon_svgd: 0.007
gamma: 0.0007
decay_start_ratio: 0.05
decay_min_factor: 0.2
bandwith_kernel: None
no_interact: False
avg_score: -579.6799926757812
median_score: -581.5
std_score: 27.477582931518555
percentiles: 2%=-621.2000122070312, 5%=-621.0, 10%=-615.2000122070312, 25%=-600.75, 50%=-581.5, 75%=-558.25, 90%=-541.0, 95%=-534.0, 98%=-530.9000244140625
ranking_best_algo: Tabu
ranking_best_score: 588.7199999999999
ranking_my_rank: 40/503 (92.2%)
ranking_my_percent: 92.2465208747515
