ConfigName: krbf__advnormalizedfitness__M3__L15__eps0p025__g0p005__ds0p15__dm0p01
Problem: QUBO
Kernel: rbf
Advantage: normalizedfitness
M: 3
lambda: 15
epsilon_svgd: 0.025
gamma: 0.005
decay_start_ratio: 0.15
decay_min_factor: 0.01
bandwith_kernel: None
no_interact: False
avg_score: -1592.300048828125
median_score: -1583.0
std_score: 76.51541900634766
percentiles: 2%=-1733.280029296875, 5%=-1725.3499755859375, 10%=-1708.0, 25%=-1642.0, 50%=-1583.0, 75%=-1539.0, 90%=-1488.699951171875, 95%=-1466.800048828125, 98%=-1452.659912109375
ranking_best_algo: NLOPT_LN_PRAXIS
ranking_best_score: 1607.12
ranking_my_rank: 38/504 (92.7%)
ranking_my_percent: 92.65873015873017
