ConfigName: kjsd__advperagentrankweighted__M3__L18__eps0p005__g0p0005__ds0p1__dm0p05
Problem: NK
Kernel: jsd
Advantage: peragentrankweighted
M: 3
lambda: 18
epsilon_svgd: 0.005
gamma: 0.0005
decay_start_ratio: 0.1
decay_min_factor: 0.05
bandwith_kernel: None
no_interact: False
avg_score: 0.7492662072181702
median_score: 0.7506490349769592
std_score: 0.007898366078734398
percentiles: 2%=0.731418788433075, 5%=0.7357667684555054, 10%=0.7385196089744568, 25%=0.7448711395263672, 50%=0.7506490349769592, 75%=0.754060685634613, 90%=0.7583985924720764, 95%=0.7615888714790344, 98%=0.7636609077453613
ranking_best_algo: PBIL
ranking_best_score: 0.733570253046875
ranking_my_rank: 1/504 (100.0%)
ranking_my_percent: 100.0
