ConfigName: kjsd__advperagentrankweighted__M5__L10__eps0p01__g0p0007__ds0p05__dm0p2
Problem: NK
Kernel: jsd
Advantage: peragentrankweighted
M: 5
lambda: 10
epsilon_svgd: 0.01
gamma: 0.0007
decay_start_ratio: 0.05
decay_min_factor: 0.2
bandwith_kernel: None
no_interact: False
avg_score: 0.7550340294837952
median_score: 0.7567496299743652
std_score: 0.012618685141205788
percentiles: 2%=0.7307483553886414, 5%=0.7363810539245605, 10%=0.737535834312439, 25%=0.7454880475997925, 50%=0.7567496299743652, 75%=0.7650697231292725, 90%=0.7704602479934692, 95%=0.7722882628440857, 98%=0.7799500823020935
ranking_best_algo: Tabu
ranking_best_score: 0.7657846284375001
ranking_my_rank: 7/504 (98.8%)
ranking_my_percent: 98.80952380952381
