ConfigName: kfr__advglobalrankweighted__M4__L12__eps0p02__g0p007__ds0p01__dm0p01
Problem: QUBO
Kernel: fr
Advantage: globalrankweighted
M: 4
lambda: 12
epsilon_svgd: 0.02
gamma: 0.007
decay_start_ratio: 0.01
decay_min_factor: 0.01
bandwith_kernel: None
no_interact: False
avg_score: -139.13999938964844
median_score: -141.0
std_score: 11.788994789123535
percentiles: 2%=-159.02000427246094, 5%=-158.0, 10%=-156.0, 25%=-146.25, 50%=-141.0, 75%=-129.75, 90%=-124.80000305175781, 95%=-122.85001373291016, 98%=-114.91998291015625
ranking_best_algo: DiscreteDE
ranking_best_score: 143.4
ranking_my_rank: 86/504 (83.1%)
ranking_my_percent: 83.13492063492063
