ConfigName: kjsd__advperagentrankweighted__M3__L18__eps0p007__g0p0007__ds0p05__dm0p05
Problem: NK
Kernel: jsd
Advantage: peragentrankweighted
M: 3
lambda: 18
epsilon_svgd: 0.007
gamma: 0.0007
decay_start_ratio: 0.05
decay_min_factor: 0.05
bandwith_kernel: None
no_interact: False
avg_score: 0.7489027380943298
median_score: 0.7500413656234741
std_score: 0.007939204573631287
percentiles: 2%=0.7335727214813232, 5%=0.7360186576843262, 10%=0.7381573915481567, 25%=0.7427620887756348, 50%=0.7500413656234741, 75%=0.7540908455848694, 90%=0.7587214112281799, 95%=0.7617255449295044, 98%=0.7643848657608032
ranking_best_algo: PBIL
ranking_best_score: 0.733570253046875
ranking_my_rank: 1/504 (100.0%)
ranking_my_percent: 100.0
