ConfigName: krbf__advnormalizedfitness__M5__L24__eps0p03__g0p005__ds0p05__dm0p05
Problem: QUBO
Kernel: rbf
Advantage: normalizedfitness
M: 5
lambda: 24
epsilon_svgd: 0.03
gamma: 0.005
decay_start_ratio: 0.05
decay_min_factor: 0.05
bandwith_kernel: None
no_interact: False
avg_score: -305.8599853515625
median_score: -308.0
std_score: 39.2328987121582
percentiles: 2%=-390.0400085449219, 5%=-386.1000061035156, 10%=-355.3999938964844, 25%=-330.0, 50%=-308.0, 75%=-271.75, 90%=-261.0, 95%=-254.9499969482422, 98%=-245.83999633789062
ranking_best_algo: CMApara
ranking_best_score: 319.29999999999995
ranking_my_rank: 122/504 (76.0%)
ranking_my_percent: 75.9920634920635
