ConfigName: kfr__advglobalrankweighted__M4__L24__eps0p01__g0p005__ds0p01__dm0p01
Problem: NK
Kernel: fr
Advantage: globalrankweighted
M: 4
lambda: 24
epsilon_svgd: 0.01
gamma: 0.005
decay_start_ratio: 0.01
decay_min_factor: 0.01
bandwith_kernel: None
no_interact: False
avg_score: 0.6758166551589966
median_score: 0.675212025642395
std_score: 0.010664363391697407
percentiles: 2%=0.6581558585166931, 5%=0.6593844890594482, 10%=0.6624696254730225, 25%=0.6686809062957764, 50%=0.675212025642395, 75%=0.6836441159248352, 90%=0.6894118189811707, 95%=0.6937596797943115, 98%=0.6996337175369263
ranking_best_algo: PBIL
ranking_best_score: 0.733570253046875
ranking_my_rank: 221/504 (56.3%)
ranking_my_percent: 56.34920634920635
