ConfigName: krbf__advnormalizedfitness__M3__L8__eps0p025__g0p005__ds0p15__dm0p3
Problem: QUBO
Kernel: rbf
Advantage: normalizedfitness
M: 3
lambda: 8
epsilon_svgd: 0.025
gamma: 0.005
decay_start_ratio: 0.15
decay_min_factor: 0.3
bandwith_kernel: None
no_interact: False
avg_score: -899.280029296875
median_score: -895.5
std_score: 60.8751335144043
percentiles: 2%=-1030.3199462890625, 5%=-1002.2000122070312, 10%=-978.0999755859375, 25%=-943.25, 50%=-895.5, 75%=-853.75, 90%=-815.9000244140625, 95%=-808.7000122070312, 98%=-796.7599487304688
ranking_best_algo: CMAL3
ranking_best_score: 928.5800000000002
ranking_my_rank: 70/504 (86.3%)
ranking_my_percent: 86.30952380952381
