ConfigName: krbf__advnormalizedfitness__M2__L8__eps0p015__g0p015__ds0p15__dm0p01
Problem: QUBO
Kernel: rbf
Advantage: normalizedfitness
M: 2
lambda: 8
epsilon_svgd: 0.015
gamma: 0.015
decay_start_ratio: 0.15
decay_min_factor: 0.01
bandwith_kernel: None
no_interact: False
avg_score: -415.4800109863281
median_score: -416.0
std_score: 26.098461151123047
percentiles: 2%=-473.0400085449219, 5%=-455.79998779296875, 10%=-452.0, 25%=-432.25, 50%=-416.0, 75%=-396.0, 90%=-383.79998779296875, 95%=-367.8999938964844, 98%=-362.0
ranking_best_algo: Tabu
ranking_best_score: 438.12
ranking_my_rank: 49/504 (90.5%)
ranking_my_percent: 90.47619047619048
