ConfigName: krbf__advnormalizedfitness__M3__L15__eps0p025__g0p015__ds0p01__dm0p01
Problem: QUBO
Kernel: rbf
Advantage: normalizedfitness
M: 3
lambda: 15
epsilon_svgd: 0.025
gamma: 0.015
decay_start_ratio: 0.01
decay_min_factor: 0.01
bandwith_kernel: None
no_interact: False
avg_score: -139.1999969482422
median_score: -140.0
std_score: 12.097932815551758
percentiles: 2%=-160.02000427246094, 5%=-159.0500030517578, 10%=-156.10000610351562, 25%=-146.25, 50%=-140.0, 75%=-130.0, 90%=-123.0, 95%=-121.0, 98%=-114.95999145507812
ranking_best_algo: DiscreteDE
ranking_best_score: 143.4
ranking_my_rank: 86/504 (83.1%)
ranking_my_percent: 83.13492063492063
