ConfigName: krbf__advnormalizedfitness__M1__L8__eps0p033__g0p005__ds0p3__dm0p3
Problem: QUBO
Kernel: rbf
Advantage: normalizedfitness
M: 1
lambda: 8
epsilon_svgd: 0.033
gamma: 0.005
decay_start_ratio: 0.3
decay_min_factor: 0.3
bandwith_kernel: None
no_interact: False
avg_score: -879.260009765625
median_score: -872.5
std_score: 69.79479217529297
percentiles: 2%=-1062.1199951171875, 5%=-1028.5, 10%=-964.5, 25%=-907.5, 50%=-872.5, 75%=-838.0, 90%=-796.9000244140625, 95%=-773.0, 98%=-760.9599609375
ranking_best_algo: CMApara
ranking_best_score: 964.9
ranking_my_rank: 204/504 (59.7%)
ranking_my_percent: 59.72222222222222
