ConfigName: kjsd__advperagentrankweighted__M3__L20__eps0p005__g0p0005__ds0p05__dm0p05
Problem: NK
Kernel: jsd
Advantage: peragentrankweighted
M: 3
lambda: 20
epsilon_svgd: 0.005
gamma: 0.0005
decay_start_ratio: 0.05
decay_min_factor: 0.05
bandwith_kernel: None
no_interact: False
avg_score: 0.7101397514343262
median_score: 0.7107064723968506
std_score: 0.01519775204360485
percentiles: 2%=0.6713120937347412, 5%=0.6723980903625488, 10%=0.696888267993927, 25%=0.707443118095398, 50%=0.7107064723968506, 75%=0.7186340093612671, 90%=0.725416898727417, 95%=0.7321973443031311, 98%=0.7333099246025085
ranking_best_algo: CMApara
ranking_best_score: 0.707475975
ranking_my_rank: 1/504 (100.0%)
ranking_my_percent: 100.0
