ConfigName: kjsd__advperagentrankweighted__M3__L16__eps0p01__g0p003__ds0p1__dm0p2
Problem: QUBO
Kernel: jsd
Advantage: peragentrankweighted
M: 3
lambda: 16
epsilon_svgd: 0.01
gamma: 0.003
decay_start_ratio: 0.1
decay_min_factor: 0.2
bandwith_kernel: None
no_interact: False
avg_score: -1272.719970703125
median_score: -1275.5
std_score: 58.94999313354492
percentiles: 2%=-1401.0999755859375, 5%=-1351.0999755859375, 10%=-1343.0, 25%=-1317.5, 50%=-1275.5, 75%=-1228.75, 90%=-1188.0, 95%=-1174.9000244140625, 98%=-1164.8800048828125
ranking_best_algo: BigLognormalDiscreteOnePlusOne
ranking_best_score: 1301.3600000000004
ranking_my_rank: 45/504 (91.3%)
ranking_my_percent: 91.26984126984127
