ConfigName: krbf__advnormalizedfitness__M3__L24__eps0p03__g0p005__ds0p05__dm0p05
Problem: NK
Kernel: rbf
Advantage: normalizedfitness
M: 3
lambda: 24
epsilon_svgd: 0.03
gamma: 0.005
decay_start_ratio: 0.05
decay_min_factor: 0.05
bandwith_kernel: None
no_interact: False
avg_score: 0.7342985272407532
median_score: 0.735226035118103
std_score: 0.00905838143080473
percentiles: 2%=0.7116527557373047, 5%=0.7174208164215088, 10%=0.7229977250099182, 25%=0.7293379306793213, 50%=0.735226035118103, 75%=0.7411695122718811, 90%=0.7449474334716797, 95%=0.7464886903762817, 98%=0.7477155923843384
ranking_best_algo: PBIL
ranking_best_score: 0.7248786399609374
ranking_my_rank: 1/504 (100.0%)
ranking_my_percent: 100.0
