ConfigName: kjsd__advperagentrankweighted__M5__L24__eps0p03__g0p0005__ds0p2__dm0p05
Problem: QUBO
Kernel: jsd
Advantage: peragentrankweighted
M: 5
lambda: 24
epsilon_svgd: 0.03
gamma: 0.0005
decay_start_ratio: 0.2
decay_min_factor: 0.05
bandwith_kernel: None
no_interact: False
avg_score: -916.4199829101562
median_score: -916.5
std_score: 55.86415100097656
percentiles: 2%=-1024.219970703125, 5%=-1007.1500244140625, 10%=-998.0999755859375, 25%=-950.0, 50%=-916.5, 75%=-874.75, 90%=-847.9000244140625, 95%=-826.9000244140625, 98%=-815.5
ranking_best_algo: CMAL3
ranking_best_score: 928.5800000000002
ranking_my_rank: 15/504 (97.2%)
ranking_my_percent: 97.22222222222223
