ConfigName: krbf__advnormalizedfitness__M1__L8__eps0p025__g0p005__ds0p3__dm0p3
Problem: NK
Kernel: rbf
Advantage: normalizedfitness
M: 1
lambda: 8
epsilon_svgd: 0.025
gamma: 0.005
decay_start_ratio: 0.3
decay_min_factor: 0.3
bandwith_kernel: None
no_interact: False
avg_score: 0.7126249670982361
median_score: 0.7128040790557861
std_score: 0.009839962236583233
percentiles: 2%=0.6909215450286865, 5%=0.6949013471603394, 10%=0.6989282369613647, 25%=0.7070921063423157, 50%=0.7128040790557861, 75%=0.7176360487937927, 90%=0.7239556312561035, 95%=0.7298920154571533, 98%=0.7337716817855835
ranking_best_algo: PBIL
ranking_best_score: 0.7170882103515624
ranking_my_rank: 42/504 (91.9%)
ranking_my_percent: 91.86507936507937
