ConfigName: krbf__advnormalizedfitness__M1__L8__eps0p033__g0p007__ds0p15__dm0p3
Problem: QUBO
Kernel: rbf
Advantage: normalizedfitness
M: 1
lambda: 8
epsilon_svgd: 0.033
gamma: 0.007
decay_start_ratio: 0.15
decay_min_factor: 0.3
bandwith_kernel: None
no_interact: False
avg_score: -1191.4000244140625
median_score: -1197.5
std_score: 104.9515151977539
percentiles: 2%=-1330.239990234375, 5%=-1317.050048828125, 10%=-1293.0999755859375, 25%=-1250.5, 50%=-1197.5, 75%=-1154.25, 90%=-1114.5999755859375, 95%=-1074.9000244140625, 98%=-1023.8385009765625
ranking_best_algo: SVMMetaModelLogNormal
ranking_best_score: 1233.7999999999997
ranking_my_rank: 58/504 (88.7%)
ranking_my_percent: 88.69047619047619
