ConfigName: krbf__advnormalizedfitness__M3__L15__eps0p033__g0p015__ds0p01__dm0p01
Problem: NK
Kernel: rbf
Advantage: normalizedfitness
M: 3
lambda: 15
epsilon_svgd: 0.033
gamma: 0.015
decay_start_ratio: 0.01
decay_min_factor: 0.01
bandwith_kernel: None
no_interact: False
avg_score: 0.7061511874198914
median_score: 0.7084584832191467
std_score: 0.01206593681126833
percentiles: 2%=0.6872762441635132, 5%=0.687936544418335, 10%=0.6909257769584656, 25%=0.6942794919013977, 50%=0.7084584832191467, 75%=0.7171497941017151, 90%=0.7196968197822571, 95%=0.721737802028656, 98%=0.7244690656661987
ranking_best_algo: PBIL
ranking_best_score: 0.7013553837109374
ranking_my_rank: 1/504 (100.0%)
ranking_my_percent: 100.0
