ConfigName: krbf__advnormalizedfitness__M3__L12__eps0p033__g0p007__ds0p15__dm0p3
Problem: QUBO
Kernel: rbf
Advantage: normalizedfitness
M: 3
lambda: 12
epsilon_svgd: 0.033
gamma: 0.007
decay_start_ratio: 0.15
decay_min_factor: 0.3
bandwith_kernel: None
no_interact: False
avg_score: -309.3800048828125
median_score: -310.0
std_score: 38.47097396850586
percentiles: 2%=-394.0, 5%=-386.0, 10%=-360.0, 25%=-332.5, 50%=-310.0, 75%=-272.0, 90%=-265.0, 95%=-262.95001220703125, 98%=-257.9599914550781
ranking_best_algo: CMApara
ranking_best_score: 319.29999999999995
ranking_my_rank: 79/504 (84.5%)
ranking_my_percent: 84.52380952380952
