ConfigName: krbf__advnormalizedfitness__M4__L10__eps0p015__g0p005__ds0p01__dm0p01
Problem: NK
Kernel: rbf
Advantage: normalizedfitness
M: 4
lambda: 10
epsilon_svgd: 0.015
gamma: 0.005
decay_start_ratio: 0.01
decay_min_factor: 0.01
bandwith_kernel: None
no_interact: False
avg_score: 0.7309281826019287
median_score: 0.730666995048523
std_score: 0.013319093734025955
percentiles: 2%=0.7062768340110779, 5%=0.7094746828079224, 10%=0.713153600692749, 25%=0.7213585376739502, 50%=0.730666995048523, 75%=0.739915132522583, 90%=0.7489046454429626, 95%=0.7508050203323364, 98%=0.7565664649009705
ranking_best_algo: PBIL
ranking_best_score: 0.733570253046875
ranking_my_rank: 2/504 (99.8%)
ranking_my_percent: 99.8015873015873
