ConfigName: kjsd__advperagentrankweighted__M5__L8__eps0p03__g0p0007__ds0p2__dm0p05
Problem: NK
Kernel: jsd
Advantage: peragentrankweighted
M: 5
lambda: 8
epsilon_svgd: 0.03
gamma: 0.0007
decay_start_ratio: 0.2
decay_min_factor: 0.05
bandwith_kernel: None
no_interact: False
avg_score: 0.7206706404685974
median_score: 0.7209771275520325
std_score: 0.009572282433509827
percentiles: 2%=0.7023225426673889, 5%=0.7046288847923279, 10%=0.7090491056442261, 25%=0.7143326997756958, 50%=0.7209771275520325, 75%=0.7250498533248901, 90%=0.7354522943496704, 95%=0.7367180585861206, 98%=0.7415323853492737
ranking_best_algo: Tabu
ranking_best_score: 0.7429702712499999
ranking_my_rank: 13/504 (97.6%)
ranking_my_percent: 97.61904761904762
