ConfigName: krbf__advnormalizedfitness__M4__L8__eps0p033__g0p005__ds0p01__dm0p3
Problem: QUBO
Kernel: rbf
Advantage: normalizedfitness
M: 4
lambda: 8
epsilon_svgd: 0.033
gamma: 0.005
decay_start_ratio: 0.01
decay_min_factor: 0.3
bandwith_kernel: None
no_interact: False
avg_score: -3157.06005859375
median_score: -3167.5
std_score: 143.07241821289062
percentiles: 2%=-3445.8798828125, 5%=-3380.64990234375, 10%=-3338.5, 25%=-3247.5, 50%=-3167.5, 75%=-3045.5, 90%=-2985.60009765625, 95%=-2952.800048828125, 98%=-2875.800048828125
ranking_best_algo: RLSOnePlusOne
ranking_best_score: 3316.5199999999995
ranking_my_rank: 63/504 (87.7%)
ranking_my_percent: 87.6984126984127
