ConfigName: krbf__advnormalizedfitness__M4__L10__eps0p033__g0p01__ds0p01__dm0p3
Problem: QUBO
Kernel: rbf
Advantage: normalizedfitness
M: 4
lambda: 10
epsilon_svgd: 0.033
gamma: 0.01
decay_start_ratio: 0.01
decay_min_factor: 0.3
bandwith_kernel: None
no_interact: False
avg_score: -334.44000244140625
median_score: -340.0
std_score: 18.715940475463867
percentiles: 2%=-372.0, 5%=-357.20001220703125, 10%=-354.0, 25%=-346.75, 50%=-340.0, 75%=-326.0, 90%=-307.79998779296875, 95%=-295.8000183105469, 98%=-289.94000244140625
ranking_best_algo: CMApara
ranking_best_score: 344.22
ranking_my_rank: 62/504 (87.9%)
ranking_my_percent: 87.89682539682539
