ConfigName: kjsd__advperagentrankweighted__M5__L10__eps0p03__g0p0005__ds0p2__dm0p05
Problem: QUBO
Kernel: jsd
Advantage: peragentrankweighted
M: 5
lambda: 10
epsilon_svgd: 0.03
gamma: 0.0005
decay_start_ratio: 0.2
decay_min_factor: 0.05
bandwith_kernel: None
no_interact: False
avg_score: -1574.97998046875
median_score: -1567.0
std_score: 57.11549377441406
percentiles: 2%=-1698.5799560546875, 5%=-1682.050048828125, 10%=-1647.5, 25%=-1610.25, 50%=-1567.0, 75%=-1530.5, 90%=-1507.0, 95%=-1489.8499755859375, 98%=-1481.0
ranking_best_algo: NLOPT_LN_PRAXIS
ranking_best_score: 1607.12
ranking_my_rank: 44/504 (91.5%)
ranking_my_percent: 91.46825396825396
