ConfigName: krbf__advnormalizedfitness__M4__L10__eps0p033__g0p01__ds0p15__dm0p3
Problem: QUBO
Kernel: rbf
Advantage: normalizedfitness
M: 4
lambda: 10
epsilon_svgd: 0.033
gamma: 0.01
decay_start_ratio: 0.15
decay_min_factor: 0.3
bandwith_kernel: None
no_interact: False
avg_score: -201.8000030517578
median_score: -201.0
std_score: 12.19508171081543
percentiles: 2%=-224.0, 5%=-222.10000610351562, 10%=-219.0, 25%=-211.0, 50%=-201.0, 75%=-192.5, 90%=-187.0, 95%=-183.90000915527344, 98%=-177.91998291015625
ranking_best_algo: Tabu
ranking_best_score: 208.36000000000004
ranking_my_rank: 39/504 (92.5%)
ranking_my_percent: 92.46031746031746
