ConfigName: kjsd__advperagentrankweighted__M4__L10__eps0p005__g0p0007__ds0p05__dm0p05
Problem: QUBO
Kernel: jsd
Advantage: peragentrankweighted
M: 4
lambda: 10
epsilon_svgd: 0.005
gamma: 0.0007
decay_start_ratio: 0.05
decay_min_factor: 0.05
bandwith_kernel: None
no_interact: False
avg_score: -331.1000061035156
median_score: -334.0
std_score: 20.818021774291992
percentiles: 2%=-372.0, 5%=-361.54998779296875, 10%=-354.0, 25%=-343.75, 50%=-334.0, 75%=-319.5, 90%=-300.0, 95%=-291.8999938964844, 98%=-287.8800048828125
ranking_best_algo: CMApara
ranking_best_score: 344.22
ranking_my_rank: 77/504 (84.9%)
ranking_my_percent: 84.92063492063492
