ConfigName: kfr__advglobalrankweighted__M5__L10__eps0p02__g0p005__ds0p01__dm0p01
Problem: QUBO
Kernel: fr
Advantage: globalrankweighted
M: 5
lambda: 10
epsilon_svgd: 0.02
gamma: 0.005
decay_start_ratio: 0.01
decay_min_factor: 0.01
bandwith_kernel: None
no_interact: False
avg_score: -2413.10009765625
median_score: -2413.0
std_score: 142.0537567138672
percentiles: 2%=-2678.02001953125, 5%=-2629.800048828125, 10%=-2608.199951171875, 25%=-2513.25, 50%=-2413.0, 75%=-2301.0, 90%=-2231.800048828125, 95%=-2203.25, 98%=-2173.9599609375
ranking_best_algo: SVM1MetaModelLogNormal
ranking_best_score: 2605.14
ranking_my_rank: 93/504 (81.7%)
ranking_my_percent: 81.74603174603175
