ConfigName: krbf__advnormalizedfitness__M1__L10__eps0p015__g0p007__ds0p01__dm0p3
Problem: QUBO
Kernel: rbf
Advantage: normalizedfitness
M: 1
lambda: 10
epsilon_svgd: 0.015
gamma: 0.007
decay_start_ratio: 0.01
decay_min_factor: 0.3
bandwith_kernel: None
no_interact: False
avg_score: -301.1199951171875
median_score: -301.0
std_score: 41.20808029174805
percentiles: 2%=-388.1600036621094, 5%=-380.29998779296875, 10%=-350.3999938964844, 25%=-326.5, 50%=-301.0, 75%=-268.0, 90%=-256.5, 95%=-244.0, 98%=-238.9399871826172
ranking_best_algo: CMApara
ranking_best_score: 319.29999999999995
ranking_my_rank: 222/504 (56.2%)
ranking_my_percent: 56.15079365079365
