ConfigName: kjsd__advperagentrankweighted__M4__L24__eps0p01__g0p0003__ds0p2__dm0p05
Problem: NK
Kernel: jsd
Advantage: peragentrankweighted
M: 4
lambda: 24
epsilon_svgd: 0.01
gamma: 0.0003
decay_start_ratio: 0.2
decay_min_factor: 0.05
bandwith_kernel: None
no_interact: False
avg_score: 0.7468211650848389
median_score: 0.7469307780265808
std_score: 0.00846057664602995
percentiles: 2%=0.7313874959945679, 5%=0.7344131469726562, 10%=0.7368617653846741, 25%=0.7406274676322937, 50%=0.7469307780265808, 75%=0.752493679523468, 90%=0.7570673227310181, 95%=0.7586385011672974, 98%=0.7660588622093201
ranking_best_algo: PBIL
ranking_best_score: 0.733570253046875
ranking_my_rank: 1/504 (100.0%)
ranking_my_percent: 100.0
