ConfigName: krbf__advnormalizedfitness__M4__L8__eps0p025__g0p01__ds0p01__dm0p01
Problem: QUBO
Kernel: rbf
Advantage: normalizedfitness
M: 4
lambda: 8
epsilon_svgd: 0.025
gamma: 0.01
decay_start_ratio: 0.01
decay_min_factor: 0.01
bandwith_kernel: None
no_interact: False
avg_score: -330.3399963378906
median_score: -334.0
std_score: 19.686655044555664
percentiles: 2%=-368.0799865722656, 5%=-355.1000061035156, 10%=-350.3999938964844, 25%=-342.0, 50%=-334.0, 75%=-320.0, 90%=-306.79998779296875, 95%=-288.9000244140625, 98%=-282.0
ranking_best_algo: CMApara
ranking_best_score: 344.22
ranking_my_rank: 79/504 (84.5%)
ranking_my_percent: 84.52380952380952
