ConfigName: krbf__advglobalrankweighted__M4__L10__eps0p02__g0p005__ds0p01__dm0p01
Problem: QUBO
Kernel: rbf
Advantage: globalrankweighted
M: 4
lambda: 10
epsilon_svgd: 0.02
gamma: 0.005
decay_start_ratio: 0.01
decay_min_factor: 0.01
bandwith_kernel: None
no_interact: False
avg_score: -2606.159912109375
median_score: -2589.0
std_score: 149.55099487304688
percentiles: 2%=-2873.10009765625, 5%=-2850.39990234375, 10%=-2795.800048828125, 25%=-2714.5, 50%=-2589.0, 75%=-2501.5, 90%=-2412.10009765625, 95%=-2350.2001953125, 98%=-2320.89990234375
ranking_best_algo: DiscreteLengler2OnePlusOne
ranking_best_score: 2617.04
ranking_my_rank: 3/504 (99.6%)
ranking_my_percent: 99.60317460317461
