ConfigName: kjsd__advperagentrankweighted__M5__L8__eps0p01__g0p003__ds0p4__dm0p05
Problem: NK
Kernel: jsd
Advantage: peragentrankweighted
M: 5
lambda: 8
epsilon_svgd: 0.01
gamma: 0.003
decay_start_ratio: 0.4
decay_min_factor: 0.05
bandwith_kernel: None
no_interact: False
avg_score: 0.7551918029785156
median_score: 0.7562718391418457
std_score: 0.014465690590441227
percentiles: 2%=0.7272166013717651, 5%=0.7318165898323059, 10%=0.7328521609306335, 25%=0.7461702823638916, 50%=0.7562718391418457, 75%=0.7674751877784729, 90%=0.7719714641571045, 95%=0.7774811387062073, 98%=0.7830500602722168
ranking_best_algo: Tabu
ranking_best_score: 0.7657846284375001
ranking_my_rank: 6/504 (99.0%)
ranking_my_percent: 99.0079365079365
