ConfigName: kjsd__advperagentrankweighted__M4__L10__eps0p01__g0p0005__ds0p05__dm0p05
Problem: NK
Kernel: jsd
Advantage: peragentrankweighted
M: 4
lambda: 10
epsilon_svgd: 0.01
gamma: 0.0005
decay_start_ratio: 0.05
decay_min_factor: 0.05
bandwith_kernel: None
no_interact: False
avg_score: 0.7083424925804138
median_score: 0.7105644941329956
std_score: 0.015641596168279648
percentiles: 2%=0.6682011485099792, 5%=0.6695743799209595, 10%=0.6906615495681763, 25%=0.7051405906677246, 50%=0.7105644941329956, 75%=0.7168789505958557, 90%=0.7248814105987549, 95%=0.7283241152763367, 98%=0.7333853244781494
ranking_best_algo: CMApara
ranking_best_score: 0.707475975
ranking_my_rank: 1/504 (100.0%)
ranking_my_percent: 100.0
