ConfigName: kjsd__advperagentrankweighted__M3__L20__eps0p007__g0p0005__ds0p2__dm0p1
Problem: QUBO
Kernel: jsd
Advantage: peragentrankweighted
M: 3
lambda: 20
epsilon_svgd: 0.007
gamma: 0.0005
decay_start_ratio: 0.2
decay_min_factor: 0.1
bandwith_kernel: None
no_interact: False
avg_score: -1254.6199951171875
median_score: -1256.5
std_score: 63.39302444458008
percentiles: 2%=-1379.3399658203125, 5%=-1340.0999755859375, 10%=-1330.0, 25%=-1295.0, 50%=-1256.5, 75%=-1211.75, 90%=-1178.800048828125, 95%=-1153.0, 98%=-1140.9200439453125
ranking_best_algo: SVMMetaModelLogNormal
ranking_best_score: 1233.7999999999997
ranking_my_rank: 1/504 (100.0%)
ranking_my_percent: 100.0
