ConfigName: krbf__advnormalizedfitness__M3__L8__eps0p015__g0p005__ds0p01__dm0p3
Problem: QUBO
Kernel: rbf
Advantage: normalizedfitness
M: 3
lambda: 8
epsilon_svgd: 0.015
gamma: 0.005
decay_start_ratio: 0.01
decay_min_factor: 0.3
bandwith_kernel: None
no_interact: False
avg_score: -440.4599914550781
median_score: -441.0
std_score: 26.45653533935547
percentiles: 2%=-487.1000061035156, 5%=-481.1000061035156, 10%=-472.0, 25%=-460.0, 50%=-441.0, 75%=-423.0, 90%=-407.8999938964844, 95%=-397.95001220703125, 98%=-385.7999572753906
ranking_best_algo: CMApara
ranking_best_score: 453.82
ranking_my_rank: 15/504 (97.2%)
ranking_my_percent: 97.22222222222223
