ConfigName: kfr__advglobalrankweighted__M3__L10__eps0p015__g0p007__ds0p01__dm0p01
Problem: QUBO
Kernel: fr
Advantage: globalrankweighted
M: 3
lambda: 10
epsilon_svgd: 0.015
gamma: 0.007
decay_start_ratio: 0.01
decay_min_factor: 0.01
bandwith_kernel: None
no_interact: False
avg_score: -413.05999755859375
median_score: -416.0
std_score: 27.421823501586914
percentiles: 2%=-477.1600036621094, 5%=-455.6999816894531, 10%=-448.3999938964844, 25%=-429.25, 50%=-416.0, 75%=-390.0, 90%=-378.0, 95%=-375.9000244140625, 98%=-359.9599914550781
ranking_best_algo: Tabu
ranking_best_score: 438.12
ranking_my_rank: 60/504 (88.3%)
ranking_my_percent: 88.2936507936508
