ConfigName: kfr__advglobalrankweighted__M6__L8__eps0p02__g0p005__ds0p01__dm0p01
Problem: QUBO
Kernel: fr
Advantage: globalrankweighted
M: 6
lambda: 8
epsilon_svgd: 0.02
gamma: 0.005
decay_start_ratio: 0.01
decay_min_factor: 0.01
bandwith_kernel: None
no_interact: False
avg_score: -1173.6199951171875
median_score: -1172.5
std_score: 67.52655029296875
percentiles: 2%=-1345.199951171875, 5%=-1295.9000244140625, 10%=-1254.0, 25%=-1209.5, 50%=-1172.5, 75%=-1126.5, 90%=-1093.800048828125, 95%=-1081.8499755859375, 98%=-1061.699951171875
ranking_best_algo: Tabu
ranking_best_score: 1216.16
ranking_my_rank: 84/504 (83.5%)
ranking_my_percent: 83.53174603174604
