ConfigName: kfr__advglobalrankweighted__M2__L9__eps0p015__g0p007__ds0p01__dm0p01
Problem: NK
Kernel: fr
Advantage: globalrankweighted
M: 2
lambda: 9
epsilon_svgd: 0.015
gamma: 0.007
decay_start_ratio: 0.01
decay_min_factor: 0.01
bandwith_kernel: None
no_interact: False
avg_score: 0.7462253570556641
median_score: 0.7454562783241272
std_score: 0.008886347524821758
percentiles: 2%=0.7315024137496948, 5%=0.7321797609329224, 10%=0.7355316281318665, 25%=0.739804208278656, 50%=0.7454562783241272, 75%=0.7509475350379944, 90%=0.7597067356109619, 95%=0.7631598114967346, 98%=0.7650306224822998
ranking_best_algo: PBIL
ranking_best_score: 0.733570253046875
ranking_my_rank: 1/504 (100.0%)
ranking_my_percent: 100.0
