ConfigName: kjsd__advperagentrankweighted__M4__L12__eps0p03__g0p0003__ds0p05__dm0p05
Problem: NK
Kernel: jsd
Advantage: peragentrankweighted
M: 4
lambda: 12
epsilon_svgd: 0.03
gamma: 0.0003
decay_start_ratio: 0.05
decay_min_factor: 0.05
bandwith_kernel: None
no_interact: False
avg_score: 0.7316251397132874
median_score: 0.7294775247573853
std_score: 0.030063625425100327
percentiles: 2%=0.6849738955497742, 5%=0.6895683407783508, 10%=0.6954692602157593, 25%=0.7088999152183533, 50%=0.7294775247573853, 75%=0.7456895112991333, 90%=0.7681677341461182, 95%=0.8007709980010986, 98%=0.8044298887252808
ranking_best_algo: CMApara
ranking_best_score: 0.7459277895312499
ranking_my_rank: 147/504 (71.0%)
ranking_my_percent: 71.03174603174604
