ConfigName: krbf__advnormalizedfitness__M3__L15__eps0p025__g0p01__ds0p01__dm0p3
Problem: QUBO
Kernel: rbf
Advantage: normalizedfitness
M: 3
lambda: 15
epsilon_svgd: 0.025
gamma: 0.01
decay_start_ratio: 0.01
decay_min_factor: 0.3
bandwith_kernel: None
no_interact: False
avg_score: -540.6400146484375
median_score: -541.0
std_score: 33.36930465698242
percentiles: 2%=-613.0599975585938, 5%=-599.0999755859375, 10%=-581.2000122070312, 25%=-563.0, 50%=-541.0, 75%=-520.75, 90%=-496.0, 95%=-479.95001220703125, 98%=-473.91998291015625
ranking_best_algo: Tabu
ranking_best_score: 588.7199999999999
ranking_my_rank: 165/503 (67.4%)
ranking_my_percent: 67.39562624254474
