ConfigName: krbf__advnormalizedfitness__M4__L10__eps0p025__g0p005__ds0p01__dm0p01
Problem: QUBO
Kernel: rbf
Advantage: normalizedfitness
M: 4
lambda: 10
epsilon_svgd: 0.025
gamma: 0.005
decay_start_ratio: 0.01
decay_min_factor: 0.01
bandwith_kernel: None
no_interact: False
avg_score: -1245.1199951171875
median_score: -1247.0
std_score: 75.0442886352539
percentiles: 2%=-1423.0, 5%=-1359.3499755859375, 10%=-1341.0999755859375, 25%=-1296.5, 50%=-1247.0, 75%=-1192.5, 90%=-1147.699951171875, 95%=-1128.949951171875, 98%=-1104.639892578125
ranking_best_algo: BigLognormalDiscreteOnePlusOne
ranking_best_score: 1301.3600000000004
ranking_my_rank: 57/504 (88.9%)
ranking_my_percent: 88.88888888888889
