ConfigName: krbf__advnormalizedfitness__M1__L8__eps0p025__g0p007__ds0p15__dm0p3
Problem: QUBO
Kernel: rbf
Advantage: normalizedfitness
M: 1
lambda: 8
epsilon_svgd: 0.025
gamma: 0.007
decay_start_ratio: 0.15
decay_min_factor: 0.3
bandwith_kernel: None
no_interact: False
avg_score: -187.72000122070312
median_score: -189.0
std_score: 23.996700286865234
percentiles: 2%=-222.0399932861328, 5%=-211.10000610351562, 10%=-208.10000610351562, 25%=-201.0, 50%=-189.0, 75%=-178.75, 90%=-170.0, 95%=-163.0, 98%=-152.53990173339844
ranking_best_algo: Tabu
ranking_best_score: 208.36000000000004
ranking_my_rank: 250/504 (50.6%)
ranking_my_percent: 50.595238095238095
