ConfigName: kjsd__advperagentrankweighted__M5__L8__eps0p01__g0p003__ds0p4__dm0p2
Problem: QUBO
Kernel: jsd
Advantage: peragentrankweighted
M: 5
lambda: 8
epsilon_svgd: 0.01
gamma: 0.003
decay_start_ratio: 0.4
decay_min_factor: 0.2
bandwith_kernel: None
no_interact: False
avg_score: -421.5
median_score: -419.0
std_score: 26.623109817504883
percentiles: 2%=-471.0400085449219, 5%=-466.04998779296875, 10%=-457.1000061035156, 25%=-439.5, 50%=-419.0, 75%=-403.0, 90%=-389.70001220703125, 95%=-377.8999938964844, 98%=-372.9800109863281
ranking_best_algo: CMAL3
ranking_best_score: 435.36
ranking_my_rank: 52/504 (89.9%)
ranking_my_percent: 89.88095238095238
