ConfigName: kjsd__advperagentrankweighted__M5__L10__eps0p005__g0p0007__ds0p05__dm0p2
Problem: QUBO
Kernel: jsd
Advantage: peragentrankweighted
M: 5
lambda: 10
epsilon_svgd: 0.005
gamma: 0.0007
decay_start_ratio: 0.05
decay_min_factor: 0.2
bandwith_kernel: None
no_interact: False
avg_score: -1587.4200439453125
median_score: -1586.5
std_score: 69.27629089355469
percentiles: 2%=-1729.300048828125, 5%=-1709.0, 10%=-1672.300048828125, 25%=-1633.5, 50%=-1586.5, 75%=-1530.5, 90%=-1496.800048828125, 95%=-1486.9000244140625, 98%=-1468.8800048828125
ranking_best_algo: NLOPT_LN_PRAXIS
ranking_best_score: 1607.12
ranking_my_rank: 40/504 (92.3%)
ranking_my_percent: 92.26190476190476
