ConfigName: kfr__advglobalrankweighted__M6__L7__eps0p01__g0p007__ds0p01__dm0p01
Problem: QUBO
Kernel: fr
Advantage: globalrankweighted
M: 6
lambda: 7
epsilon_svgd: 0.01
gamma: 0.007
decay_start_ratio: 0.01
decay_min_factor: 0.01
bandwith_kernel: None
no_interact: False
avg_score: -327.4800109863281
median_score: -328.0
std_score: 20.159603118896484
percentiles: 2%=-366.0400085449219, 5%=-354.1499938964844, 10%=-350.29998779296875, 25%=-342.0, 50%=-328.0, 75%=-316.0, 90%=-297.79998779296875, 95%=-289.9000244140625, 98%=-284.97998046875
ranking_best_algo: CMApara
ranking_best_score: 344.22
ranking_my_rank: 86/504 (83.1%)
ranking_my_percent: 83.13492063492063
