ConfigName: krbf__advnormalizedfitness__M4__L15__eps0p015__g0p01__ds0p3__dm0p01
Problem: QUBO
Kernel: rbf
Advantage: normalizedfitness
M: 4
lambda: 15
epsilon_svgd: 0.015
gamma: 0.01
decay_start_ratio: 0.3
decay_min_factor: 0.01
bandwith_kernel: None
no_interact: False
avg_score: -1592.93994140625
median_score: -1581.0
std_score: 177.83282470703125
percentiles: 2%=-1887.8199462890625, 5%=-1868.0999755859375, 10%=-1802.699951171875, 25%=-1722.75, 50%=-1581.0, 75%=-1443.25, 90%=-1388.0999755859375, 95%=-1311.4000244140625, 98%=-1252.33984375
ranking_best_algo: DiscreteLengler2OnePlusOne
ranking_best_score: 2617.04
ranking_my_rank: 327/504 (35.3%)
ranking_my_percent: 35.317460317460316
