ConfigName: krbf__advnormalizedfitness__M3__L8__eps0p03__g0p005__ds0p05__dm0p05
Problem: NK
Kernel: rbf
Advantage: normalizedfitness
M: 3
lambda: 8
epsilon_svgd: 0.03
gamma: 0.005
decay_start_ratio: 0.05
decay_min_factor: 0.05
bandwith_kernel: None
no_interact: False
avg_score: 0.7557392716407776
median_score: 0.7557399272918701
std_score: 0.012684163637459278
percentiles: 2%=0.7336165904998779, 5%=0.7355186343193054, 10%=0.7400844097137451, 25%=0.7460042834281921, 50%=0.7557399272918701, 75%=0.7644303441047668, 90%=0.7713046073913574, 95%=0.7755256295204163, 98%=0.7786089181900024
ranking_best_algo: Tabu
ranking_best_score: 0.7470791764843752
ranking_my_rank: 1/504 (100.0%)
ranking_my_percent: 100.0
