ConfigName: kjsd__advperagentrankweighted__M3__L24__eps0p005__g0p001__ds0p2__dm0p1
Problem: QUBO
Kernel: jsd
Advantage: peragentrankweighted
M: 3
lambda: 24
epsilon_svgd: 0.005
gamma: 0.001
decay_start_ratio: 0.2
decay_min_factor: 0.1
bandwith_kernel: None
no_interact: False
avg_score: -578.97998046875
median_score: -576.5
std_score: 28.66006851196289
percentiles: 2%=-635.0, 5%=-626.25, 10%=-614.0999755859375, 25%=-599.5, 50%=-576.5, 75%=-561.0, 90%=-543.0, 95%=-534.9500122070312, 98%=-516.9199829101562
ranking_best_algo: Tabu
ranking_best_score: 588.7199999999999
ranking_my_rank: 41/503 (92.0%)
ranking_my_percent: 92.04771371769384
