ConfigName: kjsd__advperagentrankweighted__M3__L18__eps0p01__g0p0007__ds0p2__dm0p2
Problem: QUBO
Kernel: jsd
Advantage: peragentrankweighted
M: 3
lambda: 18
epsilon_svgd: 0.01
gamma: 0.0007
decay_start_ratio: 0.2
decay_min_factor: 0.2
bandwith_kernel: None
no_interact: False
avg_score: -198.6199951171875
median_score: -199.0
std_score: 13.29269027709961
percentiles: 2%=-224.0, 5%=-221.0500030517578, 10%=-216.0, 25%=-208.0, 50%=-199.0, 75%=-188.0, 90%=-182.0, 95%=-175.89999389648438, 98%=-169.9600067138672
ranking_best_algo: Tabu
ranking_best_score: 208.36000000000004
ranking_my_rank: 98/504 (80.8%)
ranking_my_percent: 80.75396825396825
