ConfigName: kjsd__advperagentrankweighted__M4__L12__eps0p03__g0p0003__ds0p2__dm0p05
Problem: NK
Kernel: jsd
Advantage: peragentrankweighted
M: 4
lambda: 12
epsilon_svgd: 0.03
gamma: 0.0003
decay_start_ratio: 0.2
decay_min_factor: 0.05
bandwith_kernel: None
no_interact: False
avg_score: 0.7084516286849976
median_score: 0.6963945627212524
std_score: 0.031658317893743515
percentiles: 2%=0.6702946424484253, 5%=0.6723477244377136, 10%=0.674197793006897, 25%=0.6794267296791077, 50%=0.6963945627212524, 75%=0.7420608997344971, 90%=0.7523026466369629, 95%=0.7586009502410889, 98%=0.7613165378570557
ranking_best_algo: CMApara
ranking_best_score: 0.7118996098437498
ranking_my_rank: 63/504 (87.7%)
ranking_my_percent: 87.6984126984127
