ConfigName: krbf__advnormalizedfitness__M3__L10__eps0p025__g0p001__ds0p05__dm0p05
Problem: NK
Kernel: rbf
Advantage: normalizedfitness
M: 3
lambda: 10
epsilon_svgd: 0.025
gamma: 0.001
decay_start_ratio: 0.05
decay_min_factor: 0.05
bandwith_kernel: None
no_interact: False
avg_score: 0.719470202922821
median_score: 0.7188866138458252
std_score: 0.010081607848405838
percentiles: 2%=0.6986604332923889, 5%=0.7049933671951294, 10%=0.7077768445014954, 25%=0.7126692533493042, 50%=0.7188866138458252, 75%=0.7268033027648926, 90%=0.7325121164321899, 95%=0.7347590327262878, 98%=0.740342378616333
ranking_best_algo: Tabu
ranking_best_score: 0.7429702712499999
ranking_my_rank: 21/504 (96.0%)
ranking_my_percent: 96.03174603174604
