ConfigName: krbf__advnormalizedfitness__M4__L15__eps0p025__g0p007__ds0p01__dm0p01
Problem: QUBO
Kernel: rbf
Advantage: normalizedfitness
M: 4
lambda: 15
epsilon_svgd: 0.025
gamma: 0.007
decay_start_ratio: 0.01
decay_min_factor: 0.01
bandwith_kernel: None
no_interact: False
avg_score: -924.260009765625
median_score: -926.0
std_score: 65.19932556152344
percentiles: 2%=-1035.52001953125, 5%=-1034.0, 10%=-1018.0999755859375, 25%=-964.0, 50%=-926.0, 75%=-875.0, 90%=-842.9000244140625, 95%=-832.7000122070312, 98%=-780.679931640625
ranking_best_algo: CMApara
ranking_best_score: 964.9
ranking_my_rank: 21/504 (96.0%)
ranking_my_percent: 96.03174603174604
