ConfigName: kjsd__advperagentrankweighted__M3__L16__eps0p005__g0p0007__ds0p05__dm0p2
Problem: NK
Kernel: jsd
Advantage: peragentrankweighted
M: 3
lambda: 16
epsilon_svgd: 0.005
gamma: 0.0007
decay_start_ratio: 0.05
decay_min_factor: 0.2
bandwith_kernel: None
no_interact: False
avg_score: 0.7565895915031433
median_score: 0.7560030817985535
std_score: 0.012458504177629948
percentiles: 2%=0.7313995957374573, 5%=0.7360399961471558, 10%=0.7423902750015259, 25%=0.7476781606674194, 50%=0.7560030817985535, 75%=0.7661248445510864, 90%=0.7726777195930481, 95%=0.7772171497344971, 98%=0.7788166999816895
ranking_best_algo: Tabu
ranking_best_score: 0.7470791764843752
ranking_my_rank: 1/504 (100.0%)
ranking_my_percent: 100.0
