ConfigName: kjsd__advperagentrankweighted__M4__L8__eps0p02__g0p0007__ds0p2__dm0p05
Problem: QUBO
Kernel: jsd
Advantage: peragentrankweighted
M: 4
lambda: 8
epsilon_svgd: 0.02
gamma: 0.0007
decay_start_ratio: 0.2
decay_min_factor: 0.05
bandwith_kernel: None
no_interact: False
avg_score: -137.9600067138672
median_score: -139.0
std_score: 11.648107528686523
percentiles: 2%=-158.0, 5%=-157.0, 10%=-152.0, 25%=-146.0, 50%=-139.0, 75%=-129.75, 90%=-121.0, 95%=-117.0, 98%=-112.95999908447266
ranking_best_algo: DiscreteDE
ranking_best_score: 143.4
ranking_my_rank: 117/504 (77.0%)
ranking_my_percent: 76.98412698412699
