ConfigName: kfr__advglobalrankweighted__M4__L5__eps0p01__g0p007__ds0p01__dm0p01
Problem: NK
Kernel: fr
Advantage: globalrankweighted
M: 4
lambda: 5
epsilon_svgd: 0.01
gamma: 0.007
decay_start_ratio: 0.01
decay_min_factor: 0.01
bandwith_kernel: None
no_interact: False
avg_score: 0.6744005084037781
median_score: 0.674953043460846
std_score: 0.008857902139425278
percentiles: 2%=0.658769965171814, 5%=0.6599822044372559, 10%=0.663234531879425, 25%=0.6675913333892822, 50%=0.674953043460846, 75%=0.6798607110977173, 90%=0.6857961416244507, 95%=0.6880981922149658, 98%=0.6933501362800598
ranking_best_algo: PBIL
ranking_best_score: 0.7170882103515624
ranking_my_rank: 180/504 (64.5%)
ranking_my_percent: 64.48412698412699
