ConfigName: krbf__advnormalizedfitness__M3__L10__eps0p015__g0p005__ds0p3__dm0p01
Problem: QUBO
Kernel: rbf
Advantage: normalizedfitness
M: 3
lambda: 10
epsilon_svgd: 0.015
gamma: 0.005
decay_start_ratio: 0.3
decay_min_factor: 0.01
bandwith_kernel: None
no_interact: False
avg_score: -1269.3399658203125
median_score: -1267.5
std_score: 70.92266845703125
percentiles: 2%=-1409.3199462890625, 5%=-1392.25, 10%=-1367.199951171875, 25%=-1314.25, 50%=-1267.5, 75%=-1226.75, 90%=-1184.800048828125, 95%=-1157.2501220703125, 98%=-1126.5799560546875
ranking_best_algo: BigLognormalDiscreteOnePlusOne
ranking_best_score: 1301.3600000000004
ranking_my_rank: 49/504 (90.5%)
ranking_my_percent: 90.47619047619048
