ConfigName: kjsd__advperagentrankweighted__M4__L10__eps0p01__g0p0007__ds0p4__dm0p05
Problem: QUBO
Kernel: jsd
Advantage: peragentrankweighted
M: 4
lambda: 10
epsilon_svgd: 0.01
gamma: 0.0007
decay_start_ratio: 0.4
decay_min_factor: 0.05
bandwith_kernel: None
no_interact: False
avg_score: -310.260009765625
median_score: -313.0
std_score: 40.540008544921875
percentiles: 2%=-394.0400085449219, 5%=-390.1000061035156, 10%=-360.6000061035156, 25%=-338.0, 50%=-313.0, 75%=-272.75, 90%=-262.8999938964844, 95%=-258.0, 98%=-253.9600067138672
ranking_best_algo: CMApara
ranking_best_score: 319.29999999999995
ranking_my_rank: 62/504 (87.9%)
ranking_my_percent: 87.89682539682539
