ConfigName: kjsd__advperagentrankweighted__M3__L20__eps0p005__g0p0005__ds0p1__dm0p05
Problem: NK
Kernel: jsd
Advantage: peragentrankweighted
M: 3
lambda: 20
epsilon_svgd: 0.005
gamma: 0.0005
decay_start_ratio: 0.1
decay_min_factor: 0.05
bandwith_kernel: None
no_interact: False
avg_score: 0.7338883876800537
median_score: 0.732657253742218
std_score: 0.009657787159085274
percentiles: 2%=0.7173238396644592, 5%=0.7195660471916199, 10%=0.7228906154632568, 25%=0.7263418436050415, 50%=0.732657253742218, 75%=0.740583062171936, 90%=0.7463986277580261, 95%=0.7504133582115173, 98%=0.7549406886100769
ranking_best_algo: Tabu
ranking_best_score: 0.7429702712499999
ranking_my_rank: 2/504 (99.8%)
ranking_my_percent: 99.8015873015873
