ConfigName: kfr__advglobalrankweighted__M2__L11__eps0p01__g0p007__ds0p01__dm0p01
Problem: QUBO
Kernel: fr
Advantage: globalrankweighted
M: 2
lambda: 11
epsilon_svgd: 0.01
gamma: 0.007
decay_start_ratio: 0.01
decay_min_factor: 0.01
bandwith_kernel: None
no_interact: False
avg_score: -406.70001220703125
median_score: -401.5
std_score: 25.50666618347168
percentiles: 2%=-469.1199951171875, 5%=-453.1000061035156, 10%=-435.5, 25%=-422.0, 50%=-401.5, 75%=-388.0, 90%=-376.0, 95%=-370.0, 98%=-364.0
ranking_best_algo: Tabu
ranking_best_score: 438.12
ranking_my_rank: 160/504 (68.5%)
ranking_my_percent: 68.45238095238095
