ConfigName: krbf__advnormalizedfitness__M3__L8__eps0p033__g0p005__ds0p3__dm0p01
Problem: QUBO
Kernel: rbf
Advantage: normalizedfitness
M: 3
lambda: 8
epsilon_svgd: 0.033
gamma: 0.005
decay_start_ratio: 0.3
decay_min_factor: 0.01
bandwith_kernel: None
no_interact: False
avg_score: -572.4000244140625
median_score: -571.0
std_score: 25.050350189208984
percentiles: 2%=-625.0, 5%=-619.0999755859375, 10%=-603.2999877929688, 25%=-588.25, 50%=-571.0, 75%=-558.75, 90%=-541.7000122070312, 95%=-527.0, 98%=-521.97998046875
ranking_best_algo: Tabu
ranking_best_score: 588.7199999999999
ranking_my_rank: 62/503 (87.9%)
ranking_my_percent: 87.8727634194831
