ConfigName: krbf__advnormalizedfitness__M1__L8__eps0p033__g0p007__ds0p3__dm0p3
Problem: QUBO
Kernel: rbf
Advantage: normalizedfitness
M: 1
lambda: 8
epsilon_svgd: 0.033
gamma: 0.007
decay_start_ratio: 0.3
decay_min_factor: 0.3
bandwith_kernel: None
no_interact: False
avg_score: -187.5800018310547
median_score: -187.0
std_score: 16.91105079650879
percentiles: 2%=-218.0800018310547, 5%=-217.0, 10%=-207.0, 25%=-199.25, 50%=-187.0, 75%=-178.0, 90%=-167.8000030517578, 95%=-160.0, 98%=-153.8399658203125
ranking_best_algo: Tabu
ranking_best_score: 208.36000000000004
ranking_my_rank: 250/504 (50.6%)
ranking_my_percent: 50.595238095238095
