ConfigName: kjsd__advperagentrankweighted__M3__L18__eps0p01__g0p0005__ds0p1__dm0p05
Problem: QUBO
Kernel: jsd
Advantage: peragentrankweighted
M: 3
lambda: 18
epsilon_svgd: 0.01
gamma: 0.0005
decay_start_ratio: 0.1
decay_min_factor: 0.05
bandwith_kernel: None
no_interact: False
avg_score: -1191.52001953125
median_score: -1189.0
std_score: 58.4854621887207
percentiles: 2%=-1343.0, 5%=-1281.0, 10%=-1265.5999755859375, 25%=-1222.0, 50%=-1189.0, 75%=-1155.0, 90%=-1122.5, 95%=-1100.0, 98%=-1075.6199951171875
ranking_best_algo: Tabu
ranking_best_score: 1216.16
ranking_my_rank: 50/504 (90.3%)
ranking_my_percent: 90.27777777777777
