ConfigName: kjsd__advperagentrankweighted__M4__L30__eps0p01__g0p0007__ds0p4__dm0p05
Problem: QUBO
Kernel: jsd
Advantage: peragentrankweighted
M: 4
lambda: 30
epsilon_svgd: 0.01
gamma: 0.0007
decay_start_ratio: 0.4
decay_min_factor: 0.05
bandwith_kernel: None
no_interact: False
avg_score: -309.5
median_score: -303.0
std_score: 38.299739837646484
percentiles: 2%=-394.0, 5%=-382.29998779296875, 10%=-359.3999938964844, 25%=-336.0, 50%=-303.0, 75%=-273.0, 90%=-265.0, 95%=-262.95001220703125, 98%=-261.9800109863281
ranking_best_algo: CMApara
ranking_best_score: 319.29999999999995
ranking_my_rank: 76/504 (85.1%)
ranking_my_percent: 85.11904761904762
