ConfigName: krbf__advnormalizedfitness__M4__L10__eps0p015__g0p01__ds0p3__dm0p3
Problem: QUBO
Kernel: rbf
Advantage: normalizedfitness
M: 4
lambda: 10
epsilon_svgd: 0.015
gamma: 0.01
decay_start_ratio: 0.3
decay_min_factor: 0.3
bandwith_kernel: None
no_interact: False
avg_score: -355.44000244140625
median_score: -353.5
std_score: 37.03358840942383
percentiles: 2%=-425.239990234375, 5%=-417.04998779296875, 10%=-408.0, 25%=-380.25, 50%=-353.5, 75%=-327.5, 90%=-315.79998779296875, 95%=-301.9000244140625, 98%=-289.8799743652344
ranking_best_algo: Tabu
ranking_best_score: 438.12
ranking_my_rank: 321/504 (36.5%)
ranking_my_percent: 36.507936507936506
