ConfigName: kjsd__advperagentrankweighted__M3__L16__eps0p007__g0p0007__ds0p05__dm0p05
Problem: NK
Kernel: jsd
Advantage: peragentrankweighted
M: 3
lambda: 16
epsilon_svgd: 0.007
gamma: 0.0007
decay_start_ratio: 0.05
decay_min_factor: 0.05
bandwith_kernel: None
no_interact: False
avg_score: 0.7336651086807251
median_score: 0.7331295013427734
std_score: 0.011224932968616486
percentiles: 2%=0.7130546569824219, 5%=0.7173217535018921, 10%=0.7195215225219727, 25%=0.7255311012268066, 50%=0.7331295013427734, 75%=0.7408571243286133, 90%=0.746063232421875, 95%=0.7538303136825562, 98%=0.7607709765434265
ranking_best_algo: Tabu
ranking_best_score: 0.7429702712499999
ranking_my_rank: 2/504 (99.8%)
ranking_my_percent: 99.8015873015873
