ConfigName: kjsd__advperagentrankweighted__M4__L8__eps0p005__g0p0005__ds0p4__dm0p05
Problem: QUBO
Kernel: jsd
Advantage: peragentrankweighted
M: 4
lambda: 8
epsilon_svgd: 0.005
gamma: 0.0005
decay_start_ratio: 0.4
decay_min_factor: 0.05
bandwith_kernel: None
no_interact: False
avg_score: -138.9199981689453
median_score: -141.0
std_score: 11.224686622619629
percentiles: 2%=-159.02000427246094, 5%=-157.0, 10%=-154.0, 25%=-146.0, 50%=-141.0, 75%=-130.0, 90%=-124.80000305175781, 95%=-121.0, 98%=-116.9800033569336
ranking_best_algo: DiscreteDE
ranking_best_score: 143.4
ranking_my_rank: 94/504 (81.5%)
ranking_my_percent: 81.54761904761905
