ConfigName: kjsd__advperagentrankweighted__M3__L16__eps0p005__g0p0007__ds0p2__dm0p05
Problem: QUBO
Kernel: jsd
Advantage: peragentrankweighted
M: 3
lambda: 16
epsilon_svgd: 0.005
gamma: 0.0007
decay_start_ratio: 0.2
decay_min_factor: 0.05
bandwith_kernel: None
no_interact: False
avg_score: -330.0199890136719
median_score: -334.0
std_score: 23.30149269104004
percentiles: 2%=-372.0, 5%=-370.1000061035156, 10%=-354.70001220703125, 25%=-343.0, 50%=-334.0, 75%=-313.5, 90%=-296.0, 95%=-289.79998779296875, 98%=-283.79998779296875
ranking_best_algo: CMApara
ranking_best_score: 344.22
ranking_my_rank: 79/504 (84.5%)
ranking_my_percent: 84.52380952380952
