ConfigName: kfr__advglobalrankweighted__M3__L10__eps0p02__g0p005__ds0p01__dm0p01
Problem: QUBO
Kernel: fr
Advantage: globalrankweighted
M: 3
lambda: 10
epsilon_svgd: 0.02
gamma: 0.005
decay_start_ratio: 0.01
decay_min_factor: 0.01
bandwith_kernel: None
no_interact: False
avg_score: -1185.6199951171875
median_score: -1186.0
std_score: 63.79557800292969
percentiles: 2%=-1315.0799560546875, 5%=-1297.449951171875, 10%=-1275.300048828125, 25%=-1228.25, 50%=-1186.0, 75%=-1153.25, 90%=-1105.0999755859375, 95%=-1076.6500244140625, 98%=-1062.599853515625
ranking_best_algo: Tabu
ranking_best_score: 1216.16
ranking_my_rank: 64/504 (87.5%)
ranking_my_percent: 87.5
