ConfigName: kjsd__advperagentrankweighted__M3__L18__eps0p007__g0p003__ds0p2__dm0p05
Problem: NK
Kernel: jsd
Advantage: peragentrankweighted
M: 3
lambda: 18
epsilon_svgd: 0.007
gamma: 0.003
decay_start_ratio: 0.2
decay_min_factor: 0.05
bandwith_kernel: None
no_interact: False
avg_score: 0.7306137681007385
median_score: 0.7317502498626709
std_score: 0.010073259472846985
percentiles: 2%=0.7074565887451172, 5%=0.7117021679878235, 10%=0.7158123254776001, 25%=0.7242408990859985, 50%=0.7317502498626709, 75%=0.7388155460357666, 90%=0.7424936294555664, 95%=0.7442405819892883, 98%=0.7460101842880249
ranking_best_algo: PBIL
ranking_best_score: 0.7248786399609374
ranking_my_rank: 1/504 (100.0%)
ranking_my_percent: 100.0
