ConfigName: kjsd__advperagentrankweighted__M4__L10__eps0p02__g0p0003__ds0p2__dm0p05
Problem: QUBO
Kernel: jsd
Advantage: peragentrankweighted
M: 4
lambda: 10
epsilon_svgd: 0.02
gamma: 0.0003
decay_start_ratio: 0.2
decay_min_factor: 0.05
bandwith_kernel: None
no_interact: False
avg_score: -915.5399780273438
median_score: -910.5
std_score: 69.70658874511719
percentiles: 2%=-1054.0400390625, 5%=-1037.300048828125, 10%=-1023.2999877929688, 25%=-952.0, 50%=-910.5, 75%=-862.25, 90%=-822.5999755859375, 95%=-810.6500244140625, 98%=-792.760009765625
ranking_best_algo: CMApara
ranking_best_score: 964.9
ranking_my_rank: 72/504 (85.9%)
ranking_my_percent: 85.91269841269842
