ConfigName: kjsd__advperagentrankweighted__M3__L18__eps0p007__g0p0007__ds0p05__dm0p2
Problem: QUBO
Kernel: jsd
Advantage: peragentrankweighted
M: 3
lambda: 18
epsilon_svgd: 0.007
gamma: 0.0007
decay_start_ratio: 0.05
decay_min_factor: 0.2
bandwith_kernel: None
no_interact: False
avg_score: -1245.1400146484375
median_score: -1245.5
std_score: 60.3860969543457
percentiles: 2%=-1360.5999755859375, 5%=-1338.5999755859375, 10%=-1320.0999755859375, 25%=-1286.25, 50%=-1245.5, 75%=-1202.5, 90%=-1165.0, 95%=-1144.800048828125, 98%=-1132.93994140625
ranking_best_algo: SVMMetaModelLogNormal
ranking_best_score: 1233.7999999999997
ranking_my_rank: 1/504 (100.0%)
ranking_my_percent: 100.0
