ConfigName: krbf__advnormalizedfitness__M1__L8__eps0p033__g0p005__ds0p3__dm0p01
Problem: NK
Kernel: rbf
Advantage: normalizedfitness
M: 1
lambda: 8
epsilon_svgd: 0.033
gamma: 0.005
decay_start_ratio: 0.3
decay_min_factor: 0.01
bandwith_kernel: None
no_interact: False
avg_score: 0.7020553350448608
median_score: 0.6928776502609253
std_score: 0.03317386656999588
percentiles: 2%=0.6579164862632751, 5%=0.6633535623550415, 10%=0.6657752990722656, 25%=0.673279345035553, 50%=0.6928776502609253, 75%=0.738967776298523, 90%=0.7483159899711609, 95%=0.7521507740020752, 98%=0.7554264664649963
ranking_best_algo: CMApara
ranking_best_score: 0.7118996098437498
ranking_my_rank: 196/504 (61.3%)
ranking_my_percent: 61.30952380952381
