ConfigName: krbf__advnormalizedfitness__M3__L8__eps0p033__g0p005__ds0p3__dm0p01
Problem: NK
Kernel: rbf
Advantage: normalizedfitness
M: 3
lambda: 8
epsilon_svgd: 0.033
gamma: 0.005
decay_start_ratio: 0.3
decay_min_factor: 0.01
bandwith_kernel: None
no_interact: False
avg_score: 0.7349572777748108
median_score: 0.7362184524536133
std_score: 0.008973906747996807
percentiles: 2%=0.7181297540664673, 5%=0.7192564010620117, 10%=0.7219832539558411, 25%=0.7296702861785889, 50%=0.7362184524536133, 75%=0.7408492565155029, 90%=0.7456435561180115, 95%=0.7474254369735718, 98%=0.7487064003944397
ranking_best_algo: PBIL
ranking_best_score: 0.730509098125
ranking_my_rank: 1/504 (100.0%)
ranking_my_percent: 100.0
