ConfigName: krbf__advnormalizedfitness__M2__L8__eps0p025__g0p005__ds0p01__dm0p3
Problem: QUBO
Kernel: rbf
Advantage: normalizedfitness
M: 2
lambda: 8
epsilon_svgd: 0.025
gamma: 0.005
decay_start_ratio: 0.01
decay_min_factor: 0.3
bandwith_kernel: None
no_interact: False
avg_score: -571.6199951171875
median_score: -573.5
std_score: 27.86280059814453
percentiles: 2%=-621.239990234375, 5%=-615.25, 10%=-603.2000122070312, 25%=-591.0, 50%=-573.5, 75%=-552.75, 90%=-535.0, 95%=-524.4000244140625, 98%=-507.0
ranking_best_algo: Tabu
ranking_best_score: 588.7199999999999
ranking_my_rank: 62/503 (87.9%)
ranking_my_percent: 87.8727634194831
