ConfigName: kjsd__advperagentrankweighted__M3__L30__eps0p007__g0p001__ds0p1__dm0p05
Problem: QUBO
Kernel: jsd
Advantage: peragentrankweighted
M: 3
lambda: 30
epsilon_svgd: 0.007
gamma: 0.001
decay_start_ratio: 0.1
decay_min_factor: 0.05
bandwith_kernel: None
no_interact: False
avg_score: -414.8999938964844
median_score: -415.0
std_score: 26.94939422607422
percentiles: 2%=-473.0400085449219, 5%=-461.1000061035156, 10%=-451.1000061035156, 25%=-431.25, 50%=-415.0, 75%=-396.0, 90%=-384.0, 95%=-373.70001220703125, 98%=-363.7200012207031
ranking_best_algo: Tabu
ranking_best_score: 438.12
ranking_my_rank: 51/504 (90.1%)
ranking_my_percent: 90.07936507936508
