ConfigName: kjsd__advperagentrankweighted__M6__L24__eps0p008__g0p0005__ds0p05__dm0p05
Problem: QUBO
Kernel: jsd
Advantage: peragentrankweighted
M: 6
lambda: 24
epsilon_svgd: 0.008
gamma: 0.0005
decay_start_ratio: 0.05
decay_min_factor: 0.05
bandwith_kernel: None
no_interact: False
avg_score: -418.8399963378906
median_score: -421.0
std_score: 24.437152862548828
percentiles: 2%=-467.20001220703125, 5%=-459.1000061035156, 10%=-452.0, 25%=-434.0, 50%=-421.0, 75%=-400.0, 90%=-387.79998779296875, 95%=-378.0, 98%=-372.0
ranking_best_algo: Tabu
ranking_best_score: 438.12
ranking_my_rank: 33/504 (93.7%)
ranking_my_percent: 93.65079365079364
