ConfigName: kjsd__advperagentrankweighted__M3__L20__eps0p01__g0p0005__ds0p1__dm0p2
Problem: QUBO
Kernel: jsd
Advantage: peragentrankweighted
M: 3
lambda: 20
epsilon_svgd: 0.01
gamma: 0.0005
decay_start_ratio: 0.1
decay_min_factor: 0.2
bandwith_kernel: None
no_interact: False
avg_score: -1627.739990234375
median_score: -1623.0
std_score: 61.824527740478516
percentiles: 2%=-1735.219970703125, 5%=-1726.1500244140625, 10%=-1710.0999755859375, 25%=-1671.0, 50%=-1623.0, 75%=-1584.75, 90%=-1550.800048828125, 95%=-1528.699951171875, 98%=-1511.0
ranking_best_algo: NLOPT_LN_PRAXIS
ranking_best_score: 1607.12
ranking_my_rank: 1/504 (100.0%)
ranking_my_percent: 100.0
