ConfigName: kjsd__advperagentrankweighted__M3__L16__eps0p01__g0p0007__ds0p2__dm0p05
Problem: NK
Kernel: jsd
Advantage: peragentrankweighted
M: 3
lambda: 16
epsilon_svgd: 0.01
gamma: 0.0007
decay_start_ratio: 0.2
decay_min_factor: 0.05
bandwith_kernel: None
no_interact: False
avg_score: 0.7342014908790588
median_score: 0.7350995540618896
std_score: 0.008721868507564068
percentiles: 2%=0.7166513204574585, 5%=0.7195233702659607, 10%=0.7216743230819702, 25%=0.7277660369873047, 50%=0.7350995540618896, 75%=0.7395204305648804, 90%=0.7465028166770935, 95%=0.7472899556159973, 98%=0.7490506172180176
ranking_best_algo: PBIL
ranking_best_score: 0.7248786399609374
ranking_my_rank: 1/504 (100.0%)
ranking_my_percent: 100.0
