ConfigName: krbf__advnormalizedfitness__M4__L8__eps0p015__g0p015__ds0p15__dm0p3
Problem: QUBO
Kernel: rbf
Advantage: normalizedfitness
M: 4
lambda: 8
epsilon_svgd: 0.015
gamma: 0.015
decay_start_ratio: 0.15
decay_min_factor: 0.3
bandwith_kernel: None
no_interact: False
avg_score: -301.2200012207031
median_score: -298.5
std_score: 26.837129592895508
percentiles: 2%=-352.0, 5%=-348.0, 10%=-336.0, 25%=-322.5, 50%=-298.5, 75%=-282.0, 90%=-267.6000061035156, 95%=-259.9000244140625, 98%=-251.8399658203125
ranking_best_algo: CMApara
ranking_best_score: 344.22
ranking_my_rank: 319/504 (36.9%)
ranking_my_percent: 36.904761904761905
