ConfigName: kjsd__advperagentrankweighted__M3__L24__eps0p007__g0p001__ds0p2__dm0p2
Problem: NK
Kernel: jsd
Advantage: peragentrankweighted
M: 3
lambda: 24
epsilon_svgd: 0.007
gamma: 0.001
decay_start_ratio: 0.2
decay_min_factor: 0.2
bandwith_kernel: None
no_interact: False
avg_score: 0.7570887207984924
median_score: 0.7557393908500671
std_score: 0.012135978788137436
percentiles: 2%=0.7302435636520386, 5%=0.7388771772384644, 10%=0.7413236498832703, 25%=0.7486491799354553, 50%=0.7557393908500671, 75%=0.7659024000167847, 90%=0.7734766006469727, 95%=0.7761776447296143, 98%=0.7806083559989929
ranking_best_algo: Tabu
ranking_best_score: 0.7470791764843752
ranking_my_rank: 1/504 (100.0%)
ranking_my_percent: 100.0
