ConfigName: kjsd__advperagentrankweighted__M4__L20__eps0p005__g0p0005__ds0p1__dm0p05
Problem: QUBO
Kernel: jsd
Advantage: peragentrankweighted
M: 4
lambda: 20
epsilon_svgd: 0.005
gamma: 0.0005
decay_start_ratio: 0.1
decay_min_factor: 0.05
bandwith_kernel: None
no_interact: False
avg_score: -1621.9000244140625
median_score: -1624.0
std_score: 64.43516540527344
percentiles: 2%=-1750.0999755859375, 5%=-1718.9000244140625, 10%=-1699.4000244140625, 25%=-1664.5, 50%=-1624.0, 75%=-1581.0, 90%=-1528.0999755859375, 95%=-1510.699951171875, 98%=-1496.719970703125
ranking_best_algo: NLOPT_LN_PRAXIS
ranking_best_score: 1607.12
ranking_my_rank: 1/504 (100.0%)
ranking_my_percent: 100.0
