ConfigName: kjsd__advperagentrankweighted__M5__L10__eps0p01__g0p003__ds0p2__dm0p2
Problem: QUBO
Kernel: jsd
Advantage: peragentrankweighted
M: 5
lambda: 10
epsilon_svgd: 0.01
gamma: 0.003
decay_start_ratio: 0.2
decay_min_factor: 0.2
bandwith_kernel: None
no_interact: False
avg_score: -564.52001953125
median_score: -568.5
std_score: 31.894977569580078
percentiles: 2%=-627.0999755859375, 5%=-617.2000122070312, 10%=-603.2999877929688, 25%=-584.25, 50%=-568.5, 75%=-545.0, 90%=-519.7999877929688, 95%=-512.75, 98%=-499.8399963378906
ranking_best_algo: Tabu
ranking_best_score: 588.7199999999999
ranking_my_rank: 94/503 (81.5%)
ranking_my_percent: 81.51093439363817
