ConfigName: kjsd__advperagentrankweighted__M4__L30__eps0p005__g0p0003__ds0p2__dm0p05
Problem: NK
Kernel: jsd
Advantage: peragentrankweighted
M: 4
lambda: 30
epsilon_svgd: 0.005
gamma: 0.0003
decay_start_ratio: 0.2
decay_min_factor: 0.05
bandwith_kernel: None
no_interact: False
avg_score: 0.7419694662094116
median_score: 0.7409501671791077
std_score: 0.012743508443236351
percentiles: 2%=0.7192608714103699, 5%=0.722068190574646, 10%=0.7262885570526123, 25%=0.7326027750968933, 50%=0.7409501671791077, 75%=0.7484680414199829, 90%=0.7605194449424744, 95%=0.763990044593811, 98%=0.7691487669944763
ranking_best_algo: Tabu
ranking_best_score: 0.7601875690625
ranking_my_rank: 12/504 (97.8%)
ranking_my_percent: 97.81746031746032
