ConfigName: krbf__advnormalizedfitness__M3__L12__eps0p015__g0p01__ds0p01__dm0p01
Problem: NK
Kernel: rbf
Advantage: normalizedfitness
M: 3
lambda: 12
epsilon_svgd: 0.015
gamma: 0.01
decay_start_ratio: 0.01
decay_min_factor: 0.01
bandwith_kernel: None
no_interact: False
avg_score: 0.608985960483551
median_score: 0.6068112850189209
std_score: 0.019827688112854958
percentiles: 2%=0.5830881595611572, 5%=0.5846769213676453, 10%=0.5887546539306641, 25%=0.5958766937255859, 50%=0.6068112850189209, 75%=0.6156287789344788, 90%=0.6346051692962646, 95%=0.6476870775222778, 98%=0.670052707195282
ranking_best_algo: PBIL
ranking_best_score: 0.7170882103515624
ranking_my_rank: 347/504 (31.3%)
ranking_my_percent: 31.349206349206348
