ConfigName: krbf__advnormalizedfitness__M3__L15__eps0p025__g0p005__ds0p15__dm0p01
Problem: NK
Kernel: rbf
Advantage: normalizedfitness
M: 3
lambda: 15
epsilon_svgd: 0.025
gamma: 0.005
decay_start_ratio: 0.15
decay_min_factor: 0.01
bandwith_kernel: None
no_interact: False
avg_score: 0.7078109979629517
median_score: 0.7101860046386719
std_score: 0.011629810556769371
percentiles: 2%=0.6882240176200867, 5%=0.6904518008232117, 10%=0.6927913427352905, 25%=0.6962699294090271, 50%=0.7101860046386719, 75%=0.7181543111801147, 90%=0.7217849493026733, 95%=0.7238461971282959, 98%=0.724611759185791
ranking_best_algo: PBIL
ranking_best_score: 0.7013553837109374
ranking_my_rank: 1/504 (100.0%)
ranking_my_percent: 100.0
