ConfigName: krbf__advnormalizedfitness__M1__L8__eps0p015__g0p007__ds0p15__dm0p3
Problem: QUBO
Kernel: rbf
Advantage: normalizedfitness
M: 1
lambda: 8
epsilon_svgd: 0.015
gamma: 0.007
decay_start_ratio: 0.15
decay_min_factor: 0.3
bandwith_kernel: None
no_interact: False
avg_score: -877.4600219726562
median_score: -872.5
std_score: 74.15044403076172
percentiles: 2%=-1020.3200073242188, 5%=-1007.0499877929688, 10%=-979.7999877929688, 25%=-926.5, 50%=-872.5, 75%=-816.0, 90%=-781.7000122070312, 95%=-766.7000122070312, 98%=-753.9199829101562
ranking_best_algo: CMAL3
ranking_best_score: 928.5800000000002
ranking_my_rank: 129/504 (74.6%)
ranking_my_percent: 74.60317460317461
