ConfigName: krbf__advnormalizedfitness__M2__L8__eps0p015__g0p01__ds0p15__dm0p01
Problem: NK
Kernel: rbf
Advantage: normalizedfitness
M: 2
lambda: 8
epsilon_svgd: 0.015
gamma: 0.01
decay_start_ratio: 0.15
decay_min_factor: 0.01
bandwith_kernel: None
no_interact: False
avg_score: 0.7101020216941833
median_score: 0.7109535932540894
std_score: 0.015249532647430897
percentiles: 2%=0.6721000671386719, 5%=0.6726338863372803, 10%=0.6956318616867065, 25%=0.7066840529441833, 50%=0.7109535932540894, 75%=0.719243586063385, 90%=0.7252896428108215, 95%=0.7316058278083801, 98%=0.7333096265792847
ranking_best_algo: CMApara
ranking_best_score: 0.707475975
ranking_my_rank: 1/504 (100.0%)
ranking_my_percent: 100.0
