ConfigName: krbf__advnormalizedfitness__M3__L15__eps0p015__g0p005__ds0p01__dm0p01
Problem: QUBO
Kernel: rbf
Advantage: normalizedfitness
M: 3
lambda: 15
epsilon_svgd: 0.015
gamma: 0.005
decay_start_ratio: 0.01
decay_min_factor: 0.01
bandwith_kernel: None
no_interact: False
avg_score: -150.89999389648438
median_score: -150.5
std_score: 12.428595542907715
percentiles: 2%=-179.0, 5%=-179.0, 10%=-165.49998474121094, 25%=-156.25, 50%=-150.5, 75%=-141.0, 90%=-137.89999389648438, 95%=-134.95001220703125, 98%=-131.0
ranking_best_algo: CMApara
ranking_best_score: 154.28
ranking_my_rank: 75/504 (85.3%)
ranking_my_percent: 85.31746031746032
