ConfigName: kjsd__advperagentrankweighted__M3__L20__eps0p007__g0p001__ds0p05__dm0p1
Problem: QUBO
Kernel: jsd
Advantage: peragentrankweighted
M: 3
lambda: 20
epsilon_svgd: 0.007
gamma: 0.001
decay_start_ratio: 0.05
decay_min_factor: 0.1
bandwith_kernel: None
no_interact: False
avg_score: -1194.239990234375
median_score: -1188.0
std_score: 56.67100143432617
percentiles: 2%=-1331.1199951171875, 5%=-1313.5999755859375, 10%=-1271.4000244140625, 25%=-1221.5, 50%=-1188.0, 75%=-1159.25, 90%=-1120.800048828125, 95%=-1110.9000244140625, 98%=-1099.97998046875
ranking_best_algo: Tabu
ranking_best_score: 1216.16
ranking_my_rank: 48/504 (90.7%)
ranking_my_percent: 90.67460317460318
