ConfigName: kjsd__advperagentrankweighted__M5__L10__eps0p01__g0p003__ds0p4__dm0p05
Problem: NK
Kernel: jsd
Advantage: peragentrankweighted
M: 5
lambda: 10
epsilon_svgd: 0.01
gamma: 0.003
decay_start_ratio: 0.4
decay_min_factor: 0.05
bandwith_kernel: None
no_interact: False
avg_score: 0.7103448510169983
median_score: 0.7109678983688354
std_score: 0.015422319062054157
percentiles: 2%=0.6710160970687866, 5%=0.6721737384796143, 10%=0.6971297264099121, 25%=0.7071211338043213, 50%=0.7109678983688354, 75%=0.7194547653198242, 90%=0.7253919839859009, 95%=0.7320097088813782, 98%=0.7329276204109192
ranking_best_algo: CMApara
ranking_best_score: 0.707475975
ranking_my_rank: 1/504 (100.0%)
ranking_my_percent: 100.0
