ConfigName: krbf__advnormalizedfitness__M4__L10__eps0p033__g0p007__ds0p15__dm0p3
Problem: QUBO
Kernel: rbf
Advantage: normalizedfitness
M: 4
lambda: 10
epsilon_svgd: 0.033
gamma: 0.007
decay_start_ratio: 0.15
decay_min_factor: 0.3
bandwith_kernel: None
no_interact: False
avg_score: -2977.580078125
median_score: -3003.0
std_score: 217.37586975097656
percentiles: 2%=-3384.260009765625, 5%=-3345.949951171875, 10%=-3246.60009765625, 25%=-3132.5, 50%=-3003.0, 75%=-2791.5, 90%=-2699.5, 95%=-2636.400146484375, 98%=-2586.3994140625
ranking_best_algo: RLSOnePlusOne
ranking_best_score: 3316.5199999999995
ranking_my_rank: 131/504 (74.2%)
ranking_my_percent: 74.2063492063492
