ConfigName: kjsd__advperagentrankweighted__M3__L20__eps0p005__g0p0005__ds0p2__dm0p05
Problem: NK
Kernel: jsd
Advantage: peragentrankweighted
M: 3
lambda: 20
epsilon_svgd: 0.005
gamma: 0.0005
decay_start_ratio: 0.2
decay_min_factor: 0.05
bandwith_kernel: None
no_interact: False
avg_score: 0.7576210498809814
median_score: 0.7572581768035889
std_score: 0.013848576694726944
percentiles: 2%=0.7291567325592041, 5%=0.7350409626960754, 10%=0.7416135668754578, 25%=0.7479161620140076, 50%=0.7572581768035889, 75%=0.7691705822944641, 90%=0.7764276266098022, 95%=0.7790694832801819, 98%=0.7814649343490601
ranking_best_algo: Tabu
ranking_best_score: 0.7470791764843752
ranking_my_rank: 1/504 (100.0%)
ranking_my_percent: 100.0
