ConfigName: kjsd__advperagentrankweighted__M4__L30__eps0p01__g0p0003__ds0p2__dm0p05
Problem: QUBO
Kernel: jsd
Advantage: peragentrankweighted
M: 4
lambda: 30
epsilon_svgd: 0.01
gamma: 0.0003
decay_start_ratio: 0.2
decay_min_factor: 0.05
bandwith_kernel: None
no_interact: False
avg_score: -2590.139892578125
median_score: -2578.0
std_score: 117.68321990966797
percentiles: 2%=-2843.159912109375, 5%=-2776.25, 10%=-2732.89990234375, 25%=-2670.5, 50%=-2578.0, 75%=-2495.0, 90%=-2452.199951171875, 95%=-2423.5, 98%=-2397.43994140625
ranking_best_algo: SVM1MetaModelLogNormal
ranking_best_score: 2605.14
ranking_my_rank: 11/504 (98.0%)
ranking_my_percent: 98.01587301587301
