ConfigName: kjsd__advperagentrankweighted__M5__L10__eps0p01__g0p0007__ds0p4__dm0p05
Problem: QUBO
Kernel: jsd
Advantage: peragentrankweighted
M: 5
lambda: 10
epsilon_svgd: 0.01
gamma: 0.0007
decay_start_ratio: 0.4
decay_min_factor: 0.05
bandwith_kernel: None
no_interact: False
avg_score: -2593.260009765625
median_score: -2587.0
std_score: 115.31405639648438
percentiles: 2%=-2835.0400390625, 5%=-2783.050048828125, 10%=-2738.89990234375, 25%=-2668.0, 50%=-2587.0, 75%=-2523.5, 90%=-2453.60009765625, 95%=-2418.35009765625, 98%=-2367.699951171875
ranking_best_algo: SVM1MetaModelLogNormal
ranking_best_score: 2605.14
ranking_my_rank: 10/504 (98.2%)
ranking_my_percent: 98.21428571428571
