ConfigName: krbf__advnormalizedfitness__M1__L8__eps0p025__g0p005__ds0p15__dm0p3
Problem: QUBO
Kernel: rbf
Advantage: normalizedfitness
M: 1
lambda: 8
epsilon_svgd: 0.025
gamma: 0.005
decay_start_ratio: 0.15
decay_min_factor: 0.3
bandwith_kernel: None
no_interact: False
avg_score: -130.82000732421875
median_score: -130.5
std_score: 14.886490821838379
percentiles: 2%=-157.02000427246094, 5%=-155.0500030517578, 10%=-149.10000610351562, 25%=-142.25, 50%=-130.5, 75%=-121.0, 90%=-110.0, 95%=-106.90000915527344, 98%=-99.93998718261719
ranking_best_algo: DiscreteDE
ranking_best_score: 143.4
ranking_my_rank: 322/504 (36.3%)
ranking_my_percent: 36.30952380952381
