ConfigName: krbf__advnormalizedfitness__M4__L10__eps0p033__g0p015__ds0p01__dm0p01
Problem: NK
Kernel: rbf
Advantage: normalizedfitness
M: 4
lambda: 10
epsilon_svgd: 0.033
gamma: 0.015
decay_start_ratio: 0.01
decay_min_factor: 0.01
bandwith_kernel: None
no_interact: False
avg_score: 0.7520481944084167
median_score: 0.7529980540275574
std_score: 0.01431984081864357
percentiles: 2%=0.7196846604347229, 5%=0.7247589230537415, 10%=0.7331410050392151, 25%=0.7440245747566223, 50%=0.7529980540275574, 75%=0.7646613121032715, 90%=0.7690279483795166, 95%=0.7735431790351868, 98%=0.775916337966919
ranking_best_algo: Tabu
ranking_best_score: 0.7470791764843752
ranking_my_rank: 1/504 (100.0%)
ranking_my_percent: 100.0
