ConfigName: kjsd__advperagentrankweighted__M3__L16__eps0p007__g0p0007__ds0p2__dm0p1
Problem: NK
Kernel: jsd
Advantage: peragentrankweighted
M: 3
lambda: 16
epsilon_svgd: 0.007
gamma: 0.0007
decay_start_ratio: 0.2
decay_min_factor: 0.1
bandwith_kernel: None
no_interact: False
avg_score: 0.7481414079666138
median_score: 0.7467143535614014
std_score: 0.01052164938300848
percentiles: 2%=0.7296786904335022, 5%=0.7323237657546997, 10%=0.7365002632141113, 25%=0.7414798140525818, 50%=0.7467143535614014, 75%=0.753584086894989, 90%=0.7607255578041077, 95%=0.7686115503311157, 98%=0.7719334959983826
ranking_best_algo: PBIL
ranking_best_score: 0.733570253046875
ranking_my_rank: 1/504 (100.0%)
ranking_my_percent: 100.0
