ConfigName: kjsd__advperagentrankweighted__M8__L12__eps0p008__g0p0005__ds0p05__dm0p05
Problem: QUBO
Kernel: jsd
Advantage: peragentrankweighted
M: 8
lambda: 12
epsilon_svgd: 0.008
gamma: 0.0005
decay_start_ratio: 0.05
decay_min_factor: 0.05
bandwith_kernel: None
no_interact: False
avg_score: -334.2799987792969
median_score: -337.0
std_score: 17.66130256652832
percentiles: 2%=-372.0, 5%=-361.0, 10%=-355.20001220703125, 25%=-343.75, 50%=-337.0, 75%=-324.0, 90%=-313.6000061035156, 95%=-299.8999938964844, 98%=-297.8399963378906
ranking_best_algo: CMApara
ranking_best_score: 344.22
ranking_my_rank: 62/504 (87.9%)
ranking_my_percent: 87.89682539682539
