ConfigName: kjsd__advperagentrankweighted__M3__L18__eps0p007__g0p001__ds0p1__dm0p05
Problem: NK
Kernel: jsd
Advantage: peragentrankweighted
M: 3
lambda: 18
epsilon_svgd: 0.007
gamma: 0.001
decay_start_ratio: 0.1
decay_min_factor: 0.05
bandwith_kernel: None
no_interact: False
avg_score: 0.7549192905426025
median_score: 0.7556548118591309
std_score: 0.014533949084579945
percentiles: 2%=0.7211251258850098, 5%=0.7282007336616516, 10%=0.7365416288375854, 25%=0.7458488941192627, 50%=0.7556548118591309, 75%=0.7645562887191772, 90%=0.7717890739440918, 95%=0.778789222240448, 98%=0.7830500602722168
ranking_best_algo: Tabu
ranking_best_score: 0.7657846284375001
ranking_my_rank: 7/504 (98.8%)
ranking_my_percent: 98.80952380952381
