ConfigName: kjsd__advperagentrankweighted__M3__L24__eps0p005__g0p0005__ds0p05__dm0p2
Problem: QUBO
Kernel: jsd
Advantage: peragentrankweighted
M: 3
lambda: 24
epsilon_svgd: 0.005
gamma: 0.0005
decay_start_ratio: 0.05
decay_min_factor: 0.2
bandwith_kernel: None
no_interact: False
avg_score: -903.4199829101562
median_score: -901.0
std_score: 64.51854705810547
percentiles: 2%=-1024.02001953125, 5%=-1010.25, 10%=-990.0999755859375, 25%=-945.75, 50%=-901.0, 75%=-858.0, 90%=-821.7999877929688, 95%=-806.9500122070312, 98%=-786.3800048828125
ranking_best_algo: CMAL3
ranking_best_score: 928.5800000000002
ranking_my_rank: 66/504 (87.1%)
ranking_my_percent: 87.10317460317461
