ConfigName: krbf__advnormalizedfitness__M3__L12__eps0p015__g0p01__ds0p01__dm0p3
Problem: QUBO
Kernel: rbf
Advantage: normalizedfitness
M: 3
lambda: 12
epsilon_svgd: 0.015
gamma: 0.01
decay_start_ratio: 0.01
decay_min_factor: 0.3
bandwith_kernel: None
no_interact: False
avg_score: -486.55999755859375
median_score: -486.0
std_score: 51.81279754638672
percentiles: 2%=-583.1799926757812, 5%=-565.0999755859375, 10%=-551.0, 25%=-530.75, 50%=-486.0, 75%=-448.0, 90%=-421.8999938964844, 95%=-409.7500305175781, 98%=-391.5198974609375
ranking_best_algo: Tabu
ranking_best_score: 588.7199999999999
ranking_my_rank: 265/503 (47.5%)
ranking_my_percent: 47.514910536779325
