ConfigName: kjsd__advperagentrankweighted__M3__L16__eps0p01__g0p0007__ds0p2__dm0p2
Problem: QUBO
Kernel: jsd
Advantage: peragentrankweighted
M: 3
lambda: 16
epsilon_svgd: 0.01
gamma: 0.0007
decay_start_ratio: 0.2
decay_min_factor: 0.2
bandwith_kernel: None
no_interact: False
avg_score: -933.0800170898438
median_score: -931.5
std_score: 67.86702728271484
percentiles: 2%=-1076.0, 5%=-1072.0999755859375, 10%=-1020.5, 25%=-977.25, 50%=-931.5, 75%=-890.25, 90%=-835.9000244140625, 95%=-830.9000244140625, 98%=-806.8800048828125
ranking_best_algo: CMApara
ranking_best_score: 964.9
ranking_my_rank: 19/504 (96.4%)
ranking_my_percent: 96.42857142857143
