ConfigName: kfr__advglobalrankweighted__M4__L10__eps0p01__g0p005__ds0p01__dm0p01
Problem: QUBO
Kernel: fr
Advantage: globalrankweighted
M: 4
lambda: 10
epsilon_svgd: 0.01
gamma: 0.005
decay_start_ratio: 0.01
decay_min_factor: 0.01
bandwith_kernel: None
no_interact: False
avg_score: -3088.159912109375
median_score: -3086.0
std_score: 148.9838104248047
percentiles: 2%=-3450.239990234375, 5%=-3351.85009765625, 10%=-3267.699951171875, 25%=-3172.0, 50%=-3086.0, 75%=-2995.25, 90%=-2885.0, 95%=-2844.60009765625, 98%=-2829.860107421875
ranking_best_algo: RLSOnePlusOne
ranking_best_score: 3316.5199999999995
ranking_my_rank: 86/504 (83.1%)
ranking_my_percent: 83.13492063492063
