ConfigName: kjsd__advperagentrankweighted__M4__L24__eps0p01__g0p0005__ds1__dm1
Problem: QUBO
Kernel: jsd
Advantage: peragentrankweighted
M: 4
lambda: 24
epsilon_svgd: 0.01
gamma: 0.0005
decay_start_ratio: 1.0
decay_min_factor: 1.0
bandwith_kernel: None
no_interact: False
avg_score: -3172.0400390625
median_score: -3165.5
std_score: 130.595703125
percentiles: 2%=-3492.639892578125, 5%=-3375.949951171875, 10%=-3315.39990234375, 25%=-3246.5, 50%=-3165.5, 75%=-3083.0, 90%=-3018.5, 95%=-2955.050048828125, 98%=-2922.9599609375
ranking_best_algo: RLSOnePlusOne
ranking_best_score: 3316.5199999999995
ranking_my_rank: 60/504 (88.3%)
ranking_my_percent: 88.2936507936508
no_repulsion: True
