ConfigName: kjsd__advperagentrankweighted__M3__L16__eps0p005__g0p0007__ds0p05__dm0p2
Problem: QUBO
Kernel: jsd
Advantage: peragentrankweighted
M: 3
lambda: 16
epsilon_svgd: 0.005
gamma: 0.0007
decay_start_ratio: 0.05
decay_min_factor: 0.2
bandwith_kernel: None
no_interact: False
avg_score: -1186.4599609375
median_score: -1175.0
std_score: 56.39865493774414
percentiles: 2%=-1305.0799560546875, 5%=-1281.5, 10%=-1260.0999755859375, 25%=-1218.0, 50%=-1175.0, 75%=-1152.0, 90%=-1125.800048828125, 95%=-1103.75, 98%=-1078.4599609375
ranking_best_algo: Tabu
ranking_best_score: 1216.16
ranking_my_rank: 64/504 (87.5%)
ranking_my_percent: 87.5
