ConfigName: krbf__advnormalizedfitness__M3__L10__eps0p033__g0p007__ds0p15__dm0p01
Problem: QUBO
Kernel: rbf
Advantage: normalizedfitness
M: 3
lambda: 10
epsilon_svgd: 0.033
gamma: 0.007
decay_start_ratio: 0.15
decay_min_factor: 0.01
bandwith_kernel: None
no_interact: False
avg_score: -410.0
median_score: -408.0
std_score: 23.868806838989258
percentiles: 2%=-469.0400085449219, 5%=-450.1000061035156, 10%=-444.1000061035156, 25%=-422.25, 50%=-408.0, 75%=-395.75, 90%=-383.4000244140625, 95%=-373.9000244140625, 98%=-363.97998046875
ranking_best_algo: Tabu
ranking_best_score: 438.12
ranking_my_rank: 92/504 (81.9%)
ranking_my_percent: 81.94444444444444
