ConfigName: kjsd__advperagentrankweighted__M3__L18__eps0p01__g0p0007__ds0p05__dm0p2
Problem: NK
Kernel: jsd
Advantage: peragentrankweighted
M: 3
lambda: 18
epsilon_svgd: 0.01
gamma: 0.0007
decay_start_ratio: 0.05
decay_min_factor: 0.2
bandwith_kernel: None
no_interact: False
avg_score: 0.7378766536712646
median_score: 0.7377129793167114
std_score: 0.013541012071073055
percentiles: 2%=0.7120200991630554, 5%=0.7167658805847168, 10%=0.7218449711799622, 25%=0.7289957404136658, 50%=0.7377129793167114, 75%=0.7453044056892395, 90%=0.7534400820732117, 95%=0.7626449465751648, 98%=0.7718054056167603
ranking_best_algo: Tabu
ranking_best_score: 0.7601875690625
ranking_my_rank: 19/504 (96.4%)
ranking_my_percent: 96.42857142857143
