ConfigName: krbf__advnormalizedfitness__M2__L6__eps0p01__g0p01__ds0p01__dm0p01
Problem: NK
Kernel: rbf
Advantage: normalizedfitness
M: 2
lambda: 6
epsilon_svgd: 0.01
gamma: 0.01
decay_start_ratio: 0.01
decay_min_factor: 0.01
bandwith_kernel: None
no_interact: False
avg_score: 0.7359213829040527
median_score: 0.7363548278808594
std_score: 0.00857203733175993
percentiles: 2%=0.7155998349189758, 5%=0.7176566123962402, 10%=0.7238612174987793, 25%=0.7314271330833435, 50%=0.7363548278808594, 75%=0.7429870963096619, 90%=0.7463792562484741, 95%=0.7470482587814331, 98%=0.7477332949638367
ranking_best_algo: PBIL
ranking_best_score: 0.7248786399609374
ranking_my_rank: 1/504 (100.0%)
ranking_my_percent: 100.0
