ConfigName: kjsd__advperagentrankweighted__M3__L16__eps0p005__g0p0005__ds0p05__dm0p2
Problem: NK
Kernel: jsd
Advantage: peragentrankweighted
M: 3
lambda: 16
epsilon_svgd: 0.005
gamma: 0.0005
decay_start_ratio: 0.05
decay_min_factor: 0.2
bandwith_kernel: None
no_interact: False
avg_score: 0.7098774909973145
median_score: 0.7113892436027527
std_score: 0.015297125093638897
percentiles: 2%=0.6716146469116211, 5%=0.6737999320030212, 10%=0.6962865591049194, 25%=0.7053412795066833, 50%=0.7113892436027527, 75%=0.7193346619606018, 90%=0.7254214286804199, 95%=0.7319748997688293, 98%=0.7328504323959351
ranking_best_algo: CMApara
ranking_best_score: 0.707475975
ranking_my_rank: 1/504 (100.0%)
ranking_my_percent: 100.0
