ConfigName: krbf__advnormalizedfitness__M4__L12__eps0p025__g0p01__ds0p15__dm0p3
Problem: NK
Kernel: rbf
Advantage: normalizedfitness
M: 4
lambda: 12
epsilon_svgd: 0.025
gamma: 0.01
decay_start_ratio: 0.15
decay_min_factor: 0.3
bandwith_kernel: None
no_interact: False
avg_score: 0.7393684387207031
median_score: 0.7385062575340271
std_score: 0.016088413074612617
percentiles: 2%=0.7085821032524109, 5%=0.7177128195762634, 10%=0.7191862463951111, 25%=0.7267261147499084, 50%=0.7385062575340271, 75%=0.75288987159729, 90%=0.7608247995376587, 95%=0.7625083327293396, 98%=0.7674811482429504
ranking_best_algo: Tabu
ranking_best_score: 0.7657846284375001
ranking_my_rank: 86/504 (83.1%)
ranking_my_percent: 83.13492063492063
