ConfigName: kjsd__advperagentrankweighted__M3__L30__eps0p007__g0p001__ds0p05__dm0p2
Problem: NK
Kernel: jsd
Advantage: peragentrankweighted
M: 3
lambda: 30
epsilon_svgd: 0.007
gamma: 0.001
decay_start_ratio: 0.05
decay_min_factor: 0.2
bandwith_kernel: None
no_interact: False
avg_score: 0.7074819803237915
median_score: 0.7090178728103638
std_score: 0.011895464733242989
percentiles: 2%=0.6882469058036804, 5%=0.6896772384643555, 10%=0.6920082569122314, 25%=0.6957505941390991, 50%=0.7090178728103638, 75%=0.7180309295654297, 90%=0.7212945222854614, 95%=0.7237175703048706, 98%=0.7254213094711304
ranking_best_algo: PBIL
ranking_best_score: 0.7013553837109374
ranking_my_rank: 1/504 (100.0%)
ranking_my_percent: 100.0
