ConfigName: krbf__advnormalizedfitness__M3__L12__eps0p015__g0p007__ds0p01__dm0p3
Problem: NK
Kernel: rbf
Advantage: normalizedfitness
M: 3
lambda: 12
epsilon_svgd: 0.015
gamma: 0.007
decay_start_ratio: 0.01
decay_min_factor: 0.3
bandwith_kernel: None
no_interact: False
avg_score: 0.6945344805717468
median_score: 0.6919623613357544
std_score: 0.024917300790548325
percentiles: 2%=0.6490811705589294, 5%=0.6571497321128845, 10%=0.6643183827400208, 25%=0.6742295026779175, 50%=0.6919623613357544, 75%=0.7136223316192627, 90%=0.7281211018562317, 95%=0.7357578277587891, 98%=0.740509569644928
ranking_best_algo: Tabu
ranking_best_score: 0.7601875690625
ranking_my_rank: 308/504 (39.1%)
ranking_my_percent: 39.08730158730159
