ConfigName: kjsd__advperagentrankweighted__M3__L16__eps0p005__g0p003__ds0p2__dm0p1
Problem: QUBO
Kernel: jsd
Advantage: peragentrankweighted
M: 3
lambda: 16
epsilon_svgd: 0.005
gamma: 0.003
decay_start_ratio: 0.2
decay_min_factor: 0.1
bandwith_kernel: None
no_interact: False
avg_score: -410.239990234375
median_score: -410.0
std_score: 28.412364959716797
percentiles: 2%=-455.2799987792969, 5%=-453.04998779296875, 10%=-449.20001220703125, 25%=-430.0, 50%=-410.0, 75%=-389.5, 90%=-375.79998779296875, 95%=-369.5, 98%=-355.67999267578125
ranking_best_algo: Tabu
ranking_best_score: 438.12
ranking_my_rank: 90/504 (82.3%)
ranking_my_percent: 82.34126984126983
