ConfigName: krbf__advnormalizedfitness__M1__L10__eps0p015__g0p015__ds0p01__dm0p3
Problem: QUBO
Kernel: rbf
Advantage: normalizedfitness
M: 1
lambda: 10
epsilon_svgd: 0.015
gamma: 0.015
decay_start_ratio: 0.01
decay_min_factor: 0.3
bandwith_kernel: None
no_interact: False
avg_score: -434.3999938964844
median_score: -438.5
std_score: 31.191022872924805
percentiles: 2%=-492.0400085449219, 5%=-477.20001220703125, 10%=-473.0, 25%=-458.5, 50%=-438.5, 75%=-409.75, 90%=-394.5, 95%=-384.8500061035156, 98%=-370.699951171875
ranking_best_algo: CMApara
ranking_best_score: 453.82
ranking_my_rank: 40/504 (92.3%)
ranking_my_percent: 92.26190476190476
