ConfigName: kjsd__advperagentrankweighted__M4__L8__eps0p005__g0p003__ds0p05__dm0p05
Problem: QUBO
Kernel: jsd
Advantage: peragentrankweighted
M: 4
lambda: 8
epsilon_svgd: 0.005
gamma: 0.003
decay_start_ratio: 0.05
decay_min_factor: 0.05
bandwith_kernel: None
no_interact: False
avg_score: -148.97999572753906
median_score: -146.0
std_score: 11.721757888793945
percentiles: 2%=-179.0, 5%=-179.0, 10%=-164.0, 25%=-155.0, 50%=-146.0, 75%=-140.0, 90%=-136.0, 95%=-135.0, 98%=-130.97999572753906
ranking_best_algo: CMApara
ranking_best_score: 154.28
ranking_my_rank: 81/504 (84.1%)
ranking_my_percent: 84.12698412698413
