ConfigName: kjsd__advperagentrankweighted__M5__L24__eps0p02__g0p0007__ds0p2__dm0p05
Problem: QUBO
Kernel: jsd
Advantage: peragentrankweighted
M: 5
lambda: 24
epsilon_svgd: 0.02
gamma: 0.0007
decay_start_ratio: 0.2
decay_min_factor: 0.05
bandwith_kernel: None
no_interact: False
avg_score: -1619.3199462890625
median_score: -1614.5
std_score: 54.943946838378906
percentiles: 2%=-1734.1199951171875, 5%=-1717.0999755859375, 10%=-1698.5999755859375, 25%=-1649.5, 50%=-1614.5, 75%=-1581.0, 90%=-1552.9000244140625, 95%=-1542.9000244140625, 98%=-1528.47998046875
ranking_best_algo: NLOPT_LN_PRAXIS
ranking_best_score: 1607.12
ranking_my_rank: 1/504 (100.0%)
ranking_my_percent: 100.0
