ConfigName: kjsd__advperagentrankweighted__M3__L20__eps0p007__g0p003__ds0p2__dm0p2
Problem: QUBO
Kernel: jsd
Advantage: peragentrankweighted
M: 3
lambda: 20
epsilon_svgd: 0.007
gamma: 0.003
decay_start_ratio: 0.2
decay_min_factor: 0.2
bandwith_kernel: None
no_interact: False
avg_score: -2713.719970703125
median_score: -2749.0
std_score: 216.05723571777344
percentiles: 2%=-3176.340087890625, 5%=-3069.85009765625, 10%=-2990.0, 25%=-2843.0, 50%=-2749.0, 75%=-2545.75, 90%=-2428.60009765625, 95%=-2334.10009765625, 98%=-2307.919921875
ranking_best_algo: RLSOnePlusOne
ranking_best_score: 3316.5199999999995
ranking_my_rank: 191/504 (62.3%)
ranking_my_percent: 62.301587301587304
