ConfigName: kfr__advglobalrankweighted__M4__L9__eps0p02__g0p003__ds0p01__dm0p01
Problem: QUBO
Kernel: fr
Advantage: globalrankweighted
M: 4
lambda: 9
epsilon_svgd: 0.02
gamma: 0.003
decay_start_ratio: 0.01
decay_min_factor: 0.01
bandwith_kernel: None
no_interact: False
avg_score: -147.67999267578125
median_score: -146.0
std_score: 11.64721393585205
percentiles: 2%=-179.0, 5%=-164.75, 10%=-160.0, 25%=-154.25, 50%=-146.0, 75%=-139.0, 90%=-135.0, 95%=-132.8000030517578, 98%=-126.95999908447266
ranking_best_algo: CMApara
ranking_best_score: 154.28
ranking_my_rank: 94/504 (81.5%)
ranking_my_percent: 81.54761904761905
