ConfigName: kjsd__advperagentrankweighted__M3__L18__eps0p01__g0p0005__ds0p2__dm0p05
Problem: QUBO
Kernel: jsd
Advantage: peragentrankweighted
M: 3
lambda: 18
epsilon_svgd: 0.01
gamma: 0.0005
decay_start_ratio: 0.2
decay_min_factor: 0.05
bandwith_kernel: None
no_interact: False
avg_score: -435.67999267578125
median_score: -437.0
std_score: 27.600318908691406
percentiles: 2%=-481.2200012207031, 5%=-472.04998779296875, 10%=-470.1000061035156, 25%=-455.0, 50%=-437.0, 75%=-417.25, 90%=-402.8999938964844, 95%=-386.75, 98%=-377.7799987792969
ranking_best_algo: CMApara
ranking_best_score: 453.82
ranking_my_rank: 31/504 (94.0%)
ranking_my_percent: 94.04761904761905
