ConfigName: kjsd__advperagentrankweighted__M4__L8__eps0p005__g0p0005__ds0p2__dm0p05
Problem: QUBO
Kernel: jsd
Advantage: peragentrankweighted
M: 4
lambda: 8
epsilon_svgd: 0.005
gamma: 0.0005
decay_start_ratio: 0.2
decay_min_factor: 0.05
bandwith_kernel: None
no_interact: False
avg_score: -431.94000244140625
median_score: -428.0
std_score: 26.56381607055664
percentiles: 2%=-485.0, 5%=-479.1000061035156, 10%=-473.0, 25%=-448.25, 50%=-428.0, 75%=-415.75, 90%=-398.6000061035156, 95%=-389.95001220703125, 98%=-387.79998779296875
ranking_best_algo: CMAL3
ranking_best_score: 435.36
ranking_my_rank: 7/504 (98.8%)
ranking_my_percent: 98.80952380952381
