ConfigName: krbf__advnormalizedfitness__M5__L8__eps0p03__g0p005__ds0p05__dm0p05
Problem: QUBO
Kernel: rbf
Advantage: normalizedfitness
M: 5
lambda: 8
epsilon_svgd: 0.03
gamma: 0.005
decay_start_ratio: 0.05
decay_min_factor: 0.05
bandwith_kernel: None
no_interact: False
avg_score: -428.9200134277344
median_score: -424.5
std_score: 25.31627082824707
percentiles: 2%=-479.0400085449219, 5%=-477.1000061035156, 10%=-471.20001220703125, 25%=-443.5, 50%=-424.5, 75%=-411.0, 90%=-399.0, 95%=-391.8999938964844, 98%=-385.9599914550781
ranking_best_algo: CMAL3
ranking_best_score: 435.36
ranking_my_rank: 13/504 (97.6%)
ranking_my_percent: 97.61904761904762
