ConfigName: kjsd__advperagentrankweighted__M4__L8__eps0p01__g0p0003__ds0p4__dm0p05
Problem: NK
Kernel: jsd
Advantage: peragentrankweighted
M: 4
lambda: 8
epsilon_svgd: 0.01
gamma: 0.0003
decay_start_ratio: 0.4
decay_min_factor: 0.05
bandwith_kernel: None
no_interact: False
avg_score: 0.7387824058532715
median_score: 0.7351201772689819
std_score: 0.028713230043649673
percentiles: 2%=0.6928228139877319, 5%=0.7019151449203491, 10%=0.7093823552131653, 25%=0.7194232940673828, 50%=0.7351201772689819, 75%=0.7510784864425659, 90%=0.7764022946357727, 95%=0.8044298887252808, 98%=0.8045602440834045
ranking_best_algo: CMApara
ranking_best_score: 0.7459277895312499
ranking_my_rank: 60/504 (88.3%)
ranking_my_percent: 88.2936507936508
