ConfigName: krbf__advnormalizedfitness__M4__L15__eps0p033__g0p007__ds0p15__dm0p3
Problem: NK
Kernel: rbf
Advantage: normalizedfitness
M: 4
lambda: 15
epsilon_svgd: 0.033
gamma: 0.007
decay_start_ratio: 0.15
decay_min_factor: 0.3
bandwith_kernel: None
no_interact: False
avg_score: 0.6942979693412781
median_score: 0.6949164867401123
std_score: 0.0213625468313694
percentiles: 2%=0.6545236706733704, 5%=0.6572199463844299, 10%=0.6637537479400635, 25%=0.6780540943145752, 50%=0.6949164867401123, 75%=0.7081870436668396, 90%=0.7225064039230347, 95%=0.7278759479522705, 98%=0.7370046973228455
ranking_best_algo: Tabu
ranking_best_score: 0.7601875690625
ranking_my_rank: 308/504 (39.1%)
ranking_my_percent: 39.08730158730159
