ConfigName: krbf__advnormalizedfitness__M1__L8__eps0p033__g0p007__ds0p01__dm0p01
Problem: NK
Kernel: rbf
Advantage: normalizedfitness
M: 1
lambda: 8
epsilon_svgd: 0.033
gamma: 0.007
decay_start_ratio: 0.01
decay_min_factor: 0.01
bandwith_kernel: None
no_interact: False
avg_score: 0.7123126983642578
median_score: 0.7116910219192505
std_score: 0.007927646860480309
percentiles: 2%=0.698020339012146, 5%=0.6998830437660217, 10%=0.7021169662475586, 25%=0.7073845267295837, 50%=0.7116910219192505, 75%=0.7177448868751526, 90%=0.722225546836853, 95%=0.7242718935012817, 98%=0.7296687960624695
ranking_best_algo: PBIL
ranking_best_score: 0.7170882103515624
ranking_my_rank: 42/504 (91.9%)
ranking_my_percent: 91.86507936507937
