ConfigName: krbf__advnormalizedfitness__M4__L15__eps0p03__g0p002__ds0p05__dm0p05
Problem: NK
Kernel: rbf
Advantage: normalizedfitness
M: 4
lambda: 15
epsilon_svgd: 0.03
gamma: 0.002
decay_start_ratio: 0.05
decay_min_factor: 0.05
bandwith_kernel: None
no_interact: False
avg_score: 0.7306565046310425
median_score: 0.7296425104141235
std_score: 0.009247184731066227
percentiles: 2%=0.7129491567611694, 5%=0.7189188003540039, 10%=0.7212134599685669, 25%=0.7246546745300293, 50%=0.7296425104141235, 75%=0.7367740869522095, 90%=0.7433240413665771, 95%=0.7449499368667603, 98%=0.7509122490882874
ranking_best_algo: Tabu
ranking_best_score: 0.7429702712499999
ranking_my_rank: 2/504 (99.8%)
ranking_my_percent: 99.8015873015873
