ConfigName: kjsd__advperagentrankweighted__M3__L24__eps0p005__g0p001__ds0p1__dm0p05
Problem: QUBO
Kernel: jsd
Advantage: peragentrankweighted
M: 3
lambda: 24
epsilon_svgd: 0.005
gamma: 0.001
decay_start_ratio: 0.1
decay_min_factor: 0.05
bandwith_kernel: None
no_interact: False
avg_score: -1298.4599609375
median_score: -1290.5
std_score: 61.133689880371094
percentiles: 2%=-1410.0799560546875, 5%=-1404.1500244140625, 10%=-1386.0999755859375, 25%=-1343.25, 50%=-1290.5, 75%=-1261.0, 90%=-1224.800048828125, 95%=-1208.699951171875, 98%=-1178.97998046875
ranking_best_algo: BigLognormalDiscreteOnePlusOne
ranking_best_score: 1301.3600000000004
ranking_my_rank: 2/504 (99.8%)
ranking_my_percent: 99.8015873015873
