ConfigName: krbf__advnormalizedfitness__M1__L8__eps0p015__g0p01__ds0p15__dm0p3
Problem: QUBO
Kernel: rbf
Advantage: normalizedfitness
M: 1
lambda: 8
epsilon_svgd: 0.015
gamma: 0.01
decay_start_ratio: 0.15
decay_min_factor: 0.3
bandwith_kernel: None
no_interact: False
avg_score: -2526.1201171875
median_score: -2545.5
std_score: 239.12594604492188
percentiles: 2%=-2758.159912109375, 5%=-2735.050048828125, 10%=-2710.300048828125, 25%=-2632.25, 50%=-2545.5, 75%=-2462.75, 90%=-2396.300048828125, 95%=-2378.75, 98%=-2275.760009765625
ranking_best_algo: SVM1MetaModelLogNormal
ranking_best_score: 2605.14
ranking_my_rank: 53/504 (89.7%)
ranking_my_percent: 89.68253968253968
