ConfigName: krbf__advnormalizedfitness__M3__L10__eps0p025__g0p01__ds0p05__dm0p05
Problem: NK
Kernel: rbf
Advantage: normalizedfitness
M: 3
lambda: 10
epsilon_svgd: 0.025
gamma: 0.01
decay_start_ratio: 0.05
decay_min_factor: 0.05
bandwith_kernel: None
no_interact: False
avg_score: 0.7230435013771057
median_score: 0.7244734168052673
std_score: 0.014218909665942192
percentiles: 2%=0.6942848563194275, 5%=0.7011072635650635, 10%=0.7066040635108948, 25%=0.7134107351303101, 50%=0.7244734168052673, 75%=0.7317178845405579, 90%=0.7399319410324097, 95%=0.744594395160675, 98%=0.7509561777114868
ranking_best_algo: Tabu
ranking_best_score: 0.7429702712499999
ranking_my_rank: 6/504 (99.0%)
ranking_my_percent: 99.0079365079365
