ConfigName: kjsd__advperagentrankweighted__M3__L24__eps0p007__g0p001__ds0p1__dm0p1
Problem: QUBO
Kernel: jsd
Advantage: peragentrankweighted
M: 3
lambda: 24
epsilon_svgd: 0.007
gamma: 0.001
decay_start_ratio: 0.1
decay_min_factor: 0.1
bandwith_kernel: None
no_interact: False
avg_score: -941.760009765625
median_score: -953.5
std_score: 68.08467102050781
percentiles: 2%=-1063.0, 5%=-1046.0999755859375, 10%=-1023.5, 25%=-990.5, 50%=-953.5, 75%=-894.0, 90%=-857.0, 95%=-829.0, 98%=-778.719970703125
ranking_best_algo: CMApara
ranking_best_score: 964.9
ranking_my_rank: 5/504 (99.2%)
ranking_my_percent: 99.2063492063492
