ConfigName: krbf__advnormalizedfitness__M4__L8__eps0p02__g0p005__ds0p15__dm0p05
Problem: QUBO
Kernel: rbf
Advantage: normalizedfitness
M: 4
lambda: 8
epsilon_svgd: 0.02
gamma: 0.005
decay_start_ratio: 0.15
decay_min_factor: 0.05
bandwith_kernel: None
no_interact: False
avg_score: -442.7200012207031
median_score: -446.5
std_score: 23.016550064086914
percentiles: 2%=-486.05999755859375, 5%=-476.25, 10%=-470.1000061035156, 25%=-460.0, 50%=-446.5, 75%=-425.75, 90%=-414.0, 95%=-404.8500061035156, 98%=-393.739990234375
ranking_best_algo: CMApara
ranking_best_score: 453.82
ranking_my_rank: 9/504 (98.4%)
ranking_my_percent: 98.41269841269842
