ConfigName: krbf__advnormalizedfitness__M3__L10__eps0p025__g0p015__ds0p01__dm0p01
Problem: QUBO
Kernel: rbf
Advantage: normalizedfitness
M: 3
lambda: 10
epsilon_svgd: 0.025
gamma: 0.015
decay_start_ratio: 0.01
decay_min_factor: 0.01
bandwith_kernel: None
no_interact: False
avg_score: -310.32000732421875
median_score: -310.0
std_score: 39.861480712890625
percentiles: 2%=-390.0799865722656, 5%=-388.1000061035156, 10%=-359.79998779296875, 25%=-337.0, 50%=-310.0, 75%=-273.0, 90%=-264.8999938964844, 95%=-262.0, 98%=-257.7199401855469
ranking_best_algo: CMApara
ranking_best_score: 319.29999999999995
ranking_my_rank: 62/504 (87.9%)
ranking_my_percent: 87.89682539682539
