ConfigName: kjsd__advperagentrankweighted__M4__L24__eps0p03__g0p0007__ds0p05__dm0p05
Problem: QUBO
Kernel: jsd
Advantage: peragentrankweighted
M: 4
lambda: 24
epsilon_svgd: 0.03
gamma: 0.0007
decay_start_ratio: 0.05
decay_min_factor: 0.05
bandwith_kernel: None
no_interact: False
avg_score: -427.8399963378906
median_score: -428.5
std_score: 28.72933006286621
percentiles: 2%=-481.0400085449219, 5%=-473.1000061035156, 10%=-465.20001220703125, 25%=-446.75, 50%=-428.5, 75%=-411.0, 90%=-389.8999938964844, 95%=-374.70001220703125, 98%=-365.9200134277344
ranking_best_algo: CMAL3
ranking_best_score: 435.36
ranking_my_rank: 17/504 (96.8%)
ranking_my_percent: 96.82539682539682
