ConfigName: krbf__advnormalizedfitness__M4__L10__eps0p025__g0p015__ds0p15__dm0p01
Problem: QUBO
Kernel: rbf
Advantage: normalizedfitness
M: 4
lambda: 10
epsilon_svgd: 0.025
gamma: 0.015
decay_start_ratio: 0.15
decay_min_factor: 0.01
bandwith_kernel: None
no_interact: False
avg_score: -2172.340087890625
median_score: -2202.0
std_score: 168.13067626953125
percentiles: 2%=-2447.159912109375, 5%=-2431.199951171875, 10%=-2390.199951171875, 25%=-2298.5, 50%=-2202.0, 75%=-2055.0, 90%=-1949.300048828125, 95%=-1887.900146484375, 98%=-1821.619873046875
ranking_best_algo: DiscreteLengler2OnePlusOne
ranking_best_score: 2617.04
ranking_my_rank: 212/504 (58.1%)
ranking_my_percent: 58.13492063492063
