ConfigName: kjsd__advperagentrankweighted__M3__L20__eps0p005__g0p001__ds0p2__dm0p2
Problem: QUBO
Kernel: jsd
Advantage: peragentrankweighted
M: 3
lambda: 20
epsilon_svgd: 0.005
gamma: 0.001
decay_start_ratio: 0.2
decay_min_factor: 0.2
bandwith_kernel: None
no_interact: False
avg_score: -939.5
median_score: -941.0
std_score: 65.82833862304688
percentiles: 2%=-1063.06005859375, 5%=-1048.050048828125, 10%=-1037.0, 25%=-988.0, 50%=-941.0, 75%=-887.75, 90%=-857.7000122070312, 95%=-836.9000244140625, 98%=-832.760009765625
ranking_best_algo: CMApara
ranking_best_score: 964.9
ranking_my_rank: 7/504 (98.8%)
ranking_my_percent: 98.80952380952381
