ConfigName: krbf__advnormalizedfitness__M3__L15__eps0p025__g0p01__ds0p15__dm0p01
Problem: QUBO
Kernel: rbf
Advantage: normalizedfitness
M: 3
lambda: 15
epsilon_svgd: 0.025
gamma: 0.01
decay_start_ratio: 0.15
decay_min_factor: 0.01
bandwith_kernel: None
no_interact: False
avg_score: -932.0599975585938
median_score: -936.0
std_score: 68.9458999633789
percentiles: 2%=-1072.0799560546875, 5%=-1059.550048828125, 10%=-1021.5, 25%=-969.75, 50%=-936.0, 75%=-886.75, 90%=-835.0, 95%=-819.6500244140625, 98%=-802.9199829101562
ranking_best_algo: CMApara
ranking_best_score: 964.9
ranking_my_rank: 19/504 (96.4%)
ranking_my_percent: 96.42857142857143
