ConfigName: kjsd__advperagentrankweighted__M5__L24__eps0p02__g0p0007__ds0p05__dm0p05
Problem: QUBO
Kernel: jsd
Advantage: peragentrankweighted
M: 5
lambda: 24
epsilon_svgd: 0.02
gamma: 0.0007
decay_start_ratio: 0.05
decay_min_factor: 0.05
bandwith_kernel: None
no_interact: False
avg_score: -331.44000244140625
median_score: -339.0
std_score: 20.83281898498535
percentiles: 2%=-372.0, 5%=-357.20001220703125, 10%=-354.0, 25%=-346.0, 50%=-339.0, 75%=-318.0, 90%=-299.79998779296875, 95%=-293.95001220703125, 98%=-280.0
ranking_best_algo: CMApara
ranking_best_score: 344.22
ranking_my_rank: 76/504 (85.1%)
ranking_my_percent: 85.11904761904762
