ConfigName: kjsd__advperagentrankweighted__M4__L24__eps0p02__g0p0003__ds0p05__dm0p05
Problem: QUBO
Kernel: jsd
Advantage: peragentrankweighted
M: 4
lambda: 24
epsilon_svgd: 0.02
gamma: 0.0003
decay_start_ratio: 0.05
decay_min_factor: 0.05
bandwith_kernel: None
no_interact: False
avg_score: -306.67999267578125
median_score: -307.0
std_score: 38.82701873779297
percentiles: 2%=-386.0400085449219, 5%=-380.29998779296875, 10%=-358.6000061035156, 25%=-332.0, 50%=-307.0, 75%=-272.0, 90%=-262.70001220703125, 95%=-249.89999389648438, 98%=-242.97999572753906
ranking_best_algo: CMApara
ranking_best_score: 319.29999999999995
ranking_my_rank: 112/504 (78.0%)
ranking_my_percent: 77.97619047619048
