ConfigName: kjsd__advperagentrankweighted__M5__L24__eps0p03__g0p0007__ds0p05__dm0p05
Problem: QUBO
Kernel: jsd
Advantage: peragentrankweighted
M: 5
lambda: 24
epsilon_svgd: 0.03
gamma: 0.0007
decay_start_ratio: 0.05
decay_min_factor: 0.05
bandwith_kernel: None
no_interact: False
avg_score: -941.8400268554688
median_score: -938.0
std_score: 69.02459716796875
percentiles: 2%=-1074.0, 5%=-1050.6500244140625, 10%=-1036.4000244140625, 25%=-990.0, 50%=-938.0, 75%=-893.5, 90%=-848.5999755859375, 95%=-836.7999877929688, 98%=-814.8800048828125
ranking_best_algo: CMApara
ranking_best_score: 964.9
ranking_my_rank: 5/504 (99.2%)
ranking_my_percent: 99.2063492063492
