ConfigName: kfr__advglobalrankweighted__M4__L15__eps0p01__g0p007__ds0p01__dm0p01
Problem: QUBO
Kernel: fr
Advantage: globalrankweighted
M: 4
lambda: 15
epsilon_svgd: 0.01
gamma: 0.007
decay_start_ratio: 0.01
decay_min_factor: 0.01
bandwith_kernel: None
no_interact: False
avg_score: -813.1799926757812
median_score: -792.5
std_score: 73.63577270507812
percentiles: 2%=-983.1599731445312, 5%=-960.7999877929688, 10%=-899.0999755859375, 25%=-874.25, 50%=-792.5, 75%=-761.75, 90%=-729.0, 95%=-717.3500366210938, 98%=-686.97998046875
ranking_best_algo: CMAL3
ranking_best_score: 928.5800000000002
ranking_my_rank: 264/504 (47.8%)
ranking_my_percent: 47.817460317460316
