ConfigName: krbf__advnormalizedfitness__M3__L8__eps0p033__g0p007__ds0p15__dm0p3
Problem: QUBO
Kernel: rbf
Advantage: normalizedfitness
M: 3
lambda: 8
epsilon_svgd: 0.033
gamma: 0.007
decay_start_ratio: 0.15
decay_min_factor: 0.3
bandwith_kernel: None
no_interact: False
avg_score: -1183.300048828125
median_score: -1176.0
std_score: 60.753353118896484
percentiles: 2%=-1341.1600341796875, 5%=-1293.300048828125, 10%=-1256.9000244140625, 25%=-1222.5, 50%=-1176.0, 75%=-1138.0, 90%=-1119.699951171875, 95%=-1096.550048828125, 98%=-1086.8399658203125
ranking_best_algo: Tabu
ranking_best_score: 1216.16
ranking_my_rank: 65/504 (87.3%)
ranking_my_percent: 87.3015873015873
