ConfigName: kjsd__advperagentrankweighted__M3__L16__eps0p007__g0p0007__ds0p05__dm0p05
Problem: QUBO
Kernel: jsd
Advantage: peragentrankweighted
M: 3
lambda: 16
epsilon_svgd: 0.007
gamma: 0.0007
decay_start_ratio: 0.05
decay_min_factor: 0.05
bandwith_kernel: None
no_interact: False
avg_score: -1307.300048828125
median_score: -1302.5
std_score: 56.57570266723633
percentiles: 2%=-1423.52001953125, 5%=-1420.050048828125, 10%=-1387.5999755859375, 25%=-1333.0, 50%=-1302.5, 75%=-1271.75, 90%=-1239.0, 95%=-1231.800048828125, 98%=-1222.9599609375
ranking_best_algo: BigLognormalDiscreteOnePlusOne
ranking_best_score: 1301.3600000000004
ranking_my_rank: 1/504 (100.0%)
ranking_my_percent: 100.0
