ConfigName: krbf__advnormalizedfitness__M4__L15__eps0p015__g0p007__ds0p01__dm0p3
Problem: QUBO
Kernel: rbf
Advantage: normalizedfitness
M: 4
lambda: 15
epsilon_svgd: 0.015
gamma: 0.007
decay_start_ratio: 0.01
decay_min_factor: 0.3
bandwith_kernel: None
no_interact: False
avg_score: -682.739990234375
median_score: -685.0
std_score: 76.88115692138672
percentiles: 2%=-853.5599975585938, 5%=-819.1500244140625, 10%=-781.5999755859375, 25%=-731.25, 50%=-685.0, 75%=-617.0, 90%=-588.7999877929688, 95%=-576.7000122070312, 98%=-560.9599609375
ranking_best_algo: SVMMetaModelLogNormal
ranking_best_score: 1233.7999999999997
ranking_my_rank: 358/504 (29.2%)
ranking_my_percent: 29.166666666666668
