ConfigName: kjsd__advperagentrankweighted__M3__L16__eps0p005__g0p0005__ds0p05__dm0p05
Problem: NK
Kernel: jsd
Advantage: peragentrankweighted
M: 3
lambda: 16
epsilon_svgd: 0.005
gamma: 0.0005
decay_start_ratio: 0.05
decay_min_factor: 0.05
bandwith_kernel: None
no_interact: False
avg_score: 0.7248402237892151
median_score: 0.7249414920806885
std_score: 0.006860383786261082
percentiles: 2%=0.7113640904426575, 5%=0.7130231857299805, 10%=0.7159647345542908, 25%=0.7203437089920044, 50%=0.7249414920806885, 75%=0.7288629412651062, 90%=0.7340266108512878, 95%=0.7364045977592468, 98%=0.738394558429718
ranking_best_algo: PBIL
ranking_best_score: 0.7170882103515624
ranking_my_rank: 1/504 (100.0%)
ranking_my_percent: 100.0
