ConfigName: krbf__advnormalizedfitness__M3__L12__eps0p015__g0p005__ds0p3__dm0p01
Problem: NK
Kernel: rbf
Advantage: normalizedfitness
M: 3
lambda: 12
epsilon_svgd: 0.015
gamma: 0.005
decay_start_ratio: 0.3
decay_min_factor: 0.01
bandwith_kernel: None
no_interact: False
avg_score: 0.7113267779350281
median_score: 0.712745189666748
std_score: 0.016344454139471054
percentiles: 2%=0.6820781230926514, 5%=0.6877041459083557, 10%=0.6898987293243408, 25%=0.6981911659240723, 50%=0.712745189666748, 75%=0.7219662070274353, 90%=0.7316682934761047, 95%=0.734777569770813, 98%=0.7429273724555969
ranking_best_algo: Tabu
ranking_best_score: 0.7429702712499999
ranking_my_rank: 144/504 (71.6%)
ranking_my_percent: 71.62698412698413
