ConfigName: kjsd__advperagentrankweighted__M3__L30__eps0p005__g0p001__ds0p2__dm0p2
Problem: QUBO
Kernel: jsd
Advantage: peragentrankweighted
M: 3
lambda: 30
epsilon_svgd: 0.005
gamma: 0.001
decay_start_ratio: 0.2
decay_min_factor: 0.2
bandwith_kernel: None
no_interact: False
avg_score: -327.6400146484375
median_score: -332.0
std_score: 21.448318481445312
percentiles: 2%=-372.0, 5%=-361.0, 10%=-350.0, 25%=-342.0, 50%=-332.0, 75%=-313.5, 90%=-297.79998779296875, 95%=-289.8999938964844, 98%=-281.9599914550781
ranking_best_algo: CMApara
ranking_best_score: 344.22
ranking_my_rank: 86/504 (83.1%)
ranking_my_percent: 83.13492063492063
