ConfigName: krbf__advnormalizedfitness__M4__L8__eps0p015__g0p007__ds0p01__dm0p01
Problem: NK
Kernel: rbf
Advantage: normalizedfitness
M: 4
lambda: 8
epsilon_svgd: 0.015
gamma: 0.007
decay_start_ratio: 0.01
decay_min_factor: 0.01
bandwith_kernel: None
no_interact: False
avg_score: 0.7558469176292419
median_score: 0.7574465274810791
std_score: 0.01309943851083517
percentiles: 2%=0.7306384444236755, 5%=0.7366799116134644, 10%=0.7396847605705261, 25%=0.7450782656669617, 50%=0.7574465274810791, 75%=0.7666457891464233, 90%=0.7723941802978516, 95%=0.775363564491272, 98%=0.7780091166496277
ranking_best_algo: Tabu
ranking_best_score: 0.7470791764843752
ranking_my_rank: 1/504 (100.0%)
ranking_my_percent: 100.0
