ConfigName: kjsd__advperagentrankweighted__M3__L16__eps0p005__g0p003__ds0p05__dm0p05
Problem: NK
Kernel: jsd
Advantage: peragentrankweighted
M: 3
lambda: 16
epsilon_svgd: 0.005
gamma: 0.003
decay_start_ratio: 0.05
decay_min_factor: 0.05
bandwith_kernel: None
no_interact: False
avg_score: 0.7104421854019165
median_score: 0.7111107110977173
std_score: 0.015029646456241608
percentiles: 2%=0.6729364395141602, 5%=0.6735736727714539, 10%=0.6964779496192932, 25%=0.7078056335449219, 50%=0.7111107110977173, 75%=0.7183784246444702, 90%=0.7252953052520752, 95%=0.732597291469574, 98%=0.7332695126533508
ranking_best_algo: CMApara
ranking_best_score: 0.707475975
ranking_my_rank: 1/504 (100.0%)
ranking_my_percent: 100.0
