ConfigName: kjsd__advperagentrankweighted__M3__L16__eps0p005__g0p003__ds0p05__dm0p1
Problem: NK
Kernel: jsd
Advantage: peragentrankweighted
M: 3
lambda: 16
epsilon_svgd: 0.005
gamma: 0.003
decay_start_ratio: 0.05
decay_min_factor: 0.1
bandwith_kernel: None
no_interact: False
avg_score: 0.7105773687362671
median_score: 0.7113466262817383
std_score: 0.015106146223843098
percentiles: 2%=0.6729786992073059, 5%=0.6737431287765503, 10%=0.6958091259002686, 25%=0.7071767449378967, 50%=0.7113466262817383, 75%=0.7197842597961426, 90%=0.725466787815094, 95%=0.7321441769599915, 98%=0.7326393127441406
ranking_best_algo: CMApara
ranking_best_score: 0.707475975
ranking_my_rank: 1/504 (100.0%)
ranking_my_percent: 100.0
