ConfigName: kjsd__advperagentrankweighted__M4__L24__eps0p02__g0p0005__ds0p05__dm0p05
Problem: NK
Kernel: jsd
Advantage: peragentrankweighted
M: 4
lambda: 24
epsilon_svgd: 0.02
gamma: 0.0005
decay_start_ratio: 0.05
decay_min_factor: 0.05
bandwith_kernel: None
no_interact: False
avg_score: 0.7435480356216431
median_score: 0.7399498820304871
std_score: 0.027851376682519913
percentiles: 2%=0.6962577700614929, 5%=0.7104463577270508, 10%=0.7132542133331299, 25%=0.7244205474853516, 50%=0.7399498820304871, 75%=0.7585474252700806, 90%=0.7780911922454834, 95%=0.8044298887252808, 98%=0.8118547797203064
ranking_best_algo: CMApara
ranking_best_score: 0.7459277895312499
ranking_my_rank: 8/504 (98.6%)
ranking_my_percent: 98.61111111111111
