ConfigName: kfr__advglobalrankweighted__M1__L8__eps0p015__g0p007__ds0p01__dm0p01
Problem: QUBO
Kernel: fr
Advantage: globalrankweighted
M: 1
lambda: 8
epsilon_svgd: 0.015
gamma: 0.007
decay_start_ratio: 0.01
decay_min_factor: 0.01
bandwith_kernel: None
no_interact: False
avg_score: -140.32000732421875
median_score: -141.0
std_score: 17.553848266601562
percentiles: 2%=-179.0, 5%=-179.0, 10%=-158.1999969482422, 25%=-151.25, 50%=-141.0, 75%=-127.75, 90%=-118.80000305175781, 95%=-111.95000457763672, 98%=-101.95999145507812
ranking_best_algo: CMApara
ranking_best_score: 154.28
ranking_my_rank: 312/504 (38.3%)
ranking_my_percent: 38.29365079365079
