ConfigName: kjsd__advperagentrankweighted__M5__L12__eps0p03__g0p0007__ds0p05__dm0p05
Problem: QUBO
Kernel: jsd
Advantage: peragentrankweighted
M: 5
lambda: 12
epsilon_svgd: 0.03
gamma: 0.0007
decay_start_ratio: 0.05
decay_min_factor: 0.05
bandwith_kernel: None
no_interact: False
avg_score: -309.9800109863281
median_score: -314.0
std_score: 38.748416900634766
percentiles: 2%=-392.0, 5%=-388.0, 10%=-354.20001220703125, 25%=-332.5, 50%=-314.0, 75%=-274.0, 90%=-264.0, 95%=-256.8500061035156, 98%=-249.97999572753906
ranking_best_algo: CMApara
ranking_best_score: 319.29999999999995
ranking_my_rank: 65/504 (87.3%)
ranking_my_percent: 87.3015873015873
