ConfigName: kjsd__advperagentrankweighted__M4__L12__eps0p01__g0p0007__ds0p2__dm0p05
Problem: NK
Kernel: jsd
Advantage: peragentrankweighted
M: 4
lambda: 12
epsilon_svgd: 0.01
gamma: 0.0007
decay_start_ratio: 0.2
decay_min_factor: 0.05
bandwith_kernel: None
no_interact: False
avg_score: 0.7098519206047058
median_score: 0.7107589244842529
std_score: 0.015376961790025234
percentiles: 2%=0.6711718440055847, 5%=0.6721866726875305, 10%=0.6945375204086304, 25%=0.706496000289917, 50%=0.7107589244842529, 75%=0.7182896137237549, 90%=0.7254353761672974, 95%=0.731602132320404, 98%=0.7329118251800537
ranking_best_algo: CMApara
ranking_best_score: 0.707475975
ranking_my_rank: 1/504 (100.0%)
ranking_my_percent: 100.0
