ConfigName: krbf__advnormalizedfitness__M3__L8__eps0p025__g0p005__ds0p01__dm0p3
Problem: QUBO
Kernel: rbf
Advantage: normalizedfitness
M: 3
lambda: 8
epsilon_svgd: 0.025
gamma: 0.005
decay_start_ratio: 0.01
decay_min_factor: 0.3
bandwith_kernel: None
no_interact: False
avg_score: -1181.9200439453125
median_score: -1179.5
std_score: 59.39068603515625
percentiles: 2%=-1296.6199951171875, 5%=-1285.25, 10%=-1255.4000244140625, 25%=-1225.25, 50%=-1179.5, 75%=-1143.5, 90%=-1113.5999755859375, 95%=-1090.35009765625, 98%=-1067.93994140625
ranking_best_algo: Tabu
ranking_best_score: 1216.16
ranking_my_rank: 65/504 (87.3%)
ranking_my_percent: 87.3015873015873
