ConfigName: kjsd__advperagentrankweighted__M5__L10__eps0p01__g0p0007__ds0p05__dm0p2
Problem: QUBO
Kernel: jsd
Advantage: peragentrankweighted
M: 5
lambda: 10
epsilon_svgd: 0.01
gamma: 0.0007
decay_start_ratio: 0.05
decay_min_factor: 0.2
bandwith_kernel: None
no_interact: False
avg_score: -1191.6800537109375
median_score: -1188.0
std_score: 55.3429069519043
percentiles: 2%=-1331.56005859375, 5%=-1290.3499755859375, 10%=-1263.0, 25%=-1214.0, 50%=-1188.0, 75%=-1149.0, 90%=-1130.5999755859375, 95%=-1108.800048828125, 98%=-1100.699951171875
ranking_best_algo: Tabu
ranking_best_score: 1216.16
ranking_my_rank: 50/504 (90.3%)
ranking_my_percent: 90.27777777777777
