ConfigName: kjsd__advperagentrankweighted__M3__L18__eps0p007__g0p0005__ds0p2__dm0p05
Problem: NK
Kernel: jsd
Advantage: peragentrankweighted
M: 3
lambda: 18
epsilon_svgd: 0.007
gamma: 0.0005
decay_start_ratio: 0.2
decay_min_factor: 0.05
bandwith_kernel: None
no_interact: False
avg_score: 0.7330848574638367
median_score: 0.7328381538391113
std_score: 0.010572302155196667
percentiles: 2%=0.7137700319290161, 5%=0.7179691195487976, 10%=0.719992458820343, 25%=0.725643515586853, 50%=0.7328381538391113, 75%=0.7377810478210449, 90%=0.7475366592407227, 95%=0.7525333166122437, 98%=0.75873202085495
ranking_best_algo: Tabu
ranking_best_score: 0.7429702712499999
ranking_my_rank: 2/504 (99.8%)
ranking_my_percent: 99.8015873015873
