ConfigName: kjsd__advperagentrankweighted__M3__L18__eps0p01__g0p0007__ds0p2__dm0p05
Problem: NK
Kernel: jsd
Advantage: peragentrankweighted
M: 3
lambda: 18
epsilon_svgd: 0.01
gamma: 0.0007
decay_start_ratio: 0.2
decay_min_factor: 0.05
bandwith_kernel: None
no_interact: False
avg_score: 0.7524092197418213
median_score: 0.7514581680297852
std_score: 0.013246896676719189
percentiles: 2%=0.7280880808830261, 5%=0.731293261051178, 10%=0.7363646030426025, 25%=0.7433407306671143, 50%=0.7514581680297852, 75%=0.7625526785850525, 90%=0.7707164287567139, 95%=0.7749398946762085, 98%=0.7787682414054871
ranking_best_algo: Tabu
ranking_best_score: 0.7470791764843752
ranking_my_rank: 1/504 (100.0%)
ranking_my_percent: 100.0
