ConfigName: kfr__advglobalrankweighted__M3__L9__eps0p015__g0p003__ds0p01__dm0p01
Problem: QUBO
Kernel: fr
Advantage: globalrankweighted
M: 3
lambda: 9
epsilon_svgd: 0.015
gamma: 0.003
decay_start_ratio: 0.01
decay_min_factor: 0.01
bandwith_kernel: None
no_interact: False
avg_score: -1236.3199462890625
median_score: -1230.5
std_score: 59.35518264770508
percentiles: 2%=-1388.0799560546875, 5%=-1333.1500244140625, 10%=-1321.300048828125, 25%=-1267.5, 50%=-1230.5, 75%=-1193.0, 90%=-1168.5999755859375, 95%=-1157.949951171875, 98%=-1134.639892578125
ranking_best_algo: SVMMetaModelLogNormal
ranking_best_score: 1233.7999999999997
ranking_my_rank: 1/504 (100.0%)
ranking_my_percent: 100.0
