ConfigName: krbf__advnormalizedfitness__M2__L6__eps0p01__g0p01__ds0p3__dm0p01
Problem: QUBO
Kernel: rbf
Advantage: normalizedfitness
M: 2
lambda: 6
epsilon_svgd: 0.01
gamma: 0.01
decay_start_ratio: 0.3
decay_min_factor: 0.01
bandwith_kernel: None
no_interact: False
avg_score: -900.97998046875
median_score: -887.5
std_score: 61.50495529174805
percentiles: 2%=-1040.1600341796875, 5%=-1006.2999877929688, 10%=-989.2999877929688, 25%=-940.75, 50%=-887.5, 75%=-856.75, 90%=-826.2000122070312, 95%=-816.800048828125, 98%=-806.0
ranking_best_algo: CMAL3
ranking_best_score: 928.5800000000002
ranking_my_rank: 69/504 (86.5%)
ranking_my_percent: 86.5079365079365
