ConfigName: krbf__advnormalizedfitness__M2__L9__eps0p015__g0p007__ds0p01__dm0p01
Problem: QUBO
Kernel: rbf
Advantage: normalizedfitness
M: 2
lambda: 9
epsilon_svgd: 0.015
gamma: 0.007
decay_start_ratio: 0.01
decay_min_factor: 0.01
bandwith_kernel: None
no_interact: False
avg_score: -913.0800170898438
median_score: -911.5
std_score: 65.98737335205078
percentiles: 2%=-1076.0, 5%=-1043.0, 10%=-1006.0, 25%=-958.0, 50%=-911.5, 75%=-867.25, 90%=-833.9000244140625, 95%=-814.5999755859375, 98%=-800.47998046875
ranking_best_algo: CMApara
ranking_best_score: 964.9
ranking_my_rank: 77/504 (84.9%)
ranking_my_percent: 84.92063492063492
