ConfigName: krbf__advnormalizedfitness__M4__L8__eps0p015__g0p015__ds0p15__dm0p01
Problem: QUBO
Kernel: rbf
Advantage: normalizedfitness
M: 4
lambda: 8
epsilon_svgd: 0.015
gamma: 0.015
decay_start_ratio: 0.15
decay_min_factor: 0.01
bandwith_kernel: None
no_interact: False
avg_score: -1035.6600341796875
median_score: -1031.0
std_score: 113.7760238647461
percentiles: 2%=-1283.6600341796875, 5%=-1243.199951171875, 10%=-1166.800048828125, 25%=-1118.75, 50%=-1031.0, 75%=-949.0, 90%=-904.7999877929688, 95%=-880.800048828125, 98%=-838.39990234375
ranking_best_algo: NLOPT_LN_PRAXIS
ranking_best_score: 1607.12
ranking_my_rank: 317/504 (37.3%)
ranking_my_percent: 37.301587301587304
