ConfigName: krbf__advnormalizedfitness__M2__L10__eps0p025__g0p007__ds0p01__dm0p01
Problem: QUBO
Kernel: rbf
Advantage: normalizedfitness
M: 2
lambda: 10
epsilon_svgd: 0.025
gamma: 0.007
decay_start_ratio: 0.01
decay_min_factor: 0.01
bandwith_kernel: None
no_interact: False
avg_score: -925.5
median_score: -925.0
std_score: 62.064239501953125
percentiles: 2%=-1072.0799560546875, 5%=-1017.0499877929688, 10%=-999.0999755859375, 25%=-965.0, 50%=-925.0, 75%=-878.0, 90%=-848.5999755859375, 95%=-826.9000244140625, 98%=-810.8400268554688
ranking_best_algo: CMApara
ranking_best_score: 964.9
ranking_my_rank: 21/504 (96.0%)
ranking_my_percent: 96.03174603174604
