ConfigName: kjsd__advperagentrankweighted__M5__L8__eps0p01__g0p0003__ds0p05__dm0p05
Problem: QUBO
Kernel: jsd
Advantage: peragentrankweighted
M: 5
lambda: 8
epsilon_svgd: 0.01
gamma: 0.0003
decay_start_ratio: 0.05
decay_min_factor: 0.05
bandwith_kernel: None
no_interact: False
avg_score: -3245.93994140625
median_score: -3254.0
std_score: 118.50297546386719
percentiles: 2%=-3484.679931640625, 5%=-3438.85009765625, 10%=-3399.5, 25%=-3310.5, 50%=-3254.0, 75%=-3161.25, 90%=-3092.699951171875, 95%=-3044.75, 98%=-3029.840087890625
ranking_best_algo: RLSOnePlusOne
ranking_best_score: 3316.5199999999995
ranking_my_rank: 42/504 (91.9%)
ranking_my_percent: 91.86507936507937
