ConfigName: kfr__advglobalrankweighted__M6__L10__eps0p01__g0p007__ds0p01__dm0p01
Problem: QUBO
Kernel: fr
Advantage: globalrankweighted
M: 6
lambda: 10
epsilon_svgd: 0.01
gamma: 0.007
decay_start_ratio: 0.01
decay_min_factor: 0.01
bandwith_kernel: None
no_interact: False
avg_score: -868.0599975585938
median_score: -870.0
std_score: 66.7369155883789
percentiles: 2%=-989.1599731445312, 5%=-973.2999877929688, 10%=-961.5, 25%=-915.5, 50%=-870.0, 75%=-813.75, 90%=-787.2999877929688, 95%=-763.75, 98%=-744.9199829101562
ranking_best_algo: SVMMetaModelLogNormal
ranking_best_score: 1233.7999999999997
ranking_my_rank: 322/504 (36.3%)
ranking_my_percent: 36.30952380952381
