ConfigName: krbf__advnormalizedfitness__M1__L8__eps0p025__g0p005__ds0p15__dm0p3
Problem: NK
Kernel: rbf
Advantage: normalizedfitness
M: 1
lambda: 8
epsilon_svgd: 0.025
gamma: 0.005
decay_start_ratio: 0.15
decay_min_factor: 0.3
bandwith_kernel: None
no_interact: False
avg_score: 0.7317110300064087
median_score: 0.7331404685974121
std_score: 0.019142430275678635
percentiles: 2%=0.6908230185508728, 5%=0.7017834782600403, 10%=0.7059535980224609, 25%=0.7189154624938965, 50%=0.7331404685974121, 75%=0.7459173798561096, 90%=0.7526699304580688, 95%=0.7604708075523376, 98%=0.7695878148078918
ranking_best_algo: Tabu
ranking_best_score: 0.7657846284375001
ranking_my_rank: 178/504 (64.9%)
ranking_my_percent: 64.88095238095238
