ConfigName: kjsd__advperagentrankweighted__M3__L18__eps0p01__g0p0007__ds0p05__dm0p05
Problem: NK
Kernel: jsd
Advantage: peragentrankweighted
M: 3
lambda: 18
epsilon_svgd: 0.01
gamma: 0.0007
decay_start_ratio: 0.05
decay_min_factor: 0.05
bandwith_kernel: None
no_interact: False
avg_score: 0.7389411926269531
median_score: 0.7394366264343262
std_score: 0.01336313784122467
percentiles: 2%=0.7130966782569885, 5%=0.7170420289039612, 10%=0.722331702709198, 25%=0.7297846078872681, 50%=0.7394366264343262, 75%=0.749191164970398, 90%=0.7553587555885315, 95%=0.7613978385925293, 98%=0.7653008103370667
ranking_best_algo: Tabu
ranking_best_score: 0.7601875690625
ranking_my_rank: 16/504 (97.0%)
ranking_my_percent: 97.02380952380952
