ConfigName: kjsd__advperagentrankweighted__M3__L24__eps0p005__g0p001__ds0p05__dm0p1
Problem: NK
Kernel: jsd
Advantage: peragentrankweighted
M: 3
lambda: 24
epsilon_svgd: 0.005
gamma: 0.001
decay_start_ratio: 0.05
decay_min_factor: 0.1
bandwith_kernel: None
no_interact: False
avg_score: 0.7562792897224426
median_score: 0.755974292755127
std_score: 0.012659906409680843
percentiles: 2%=0.7351046800613403, 5%=0.7372925281524658, 10%=0.7389640808105469, 25%=0.7462425231933594, 50%=0.755974292755127, 75%=0.7661001682281494, 90%=0.772070050239563, 95%=0.7764472365379333, 98%=0.7818019986152649
ranking_best_algo: Tabu
ranking_best_score: 0.7470791764843752
ranking_my_rank: 1/504 (100.0%)
ranking_my_percent: 100.0
