ConfigName: kjsd__advperagentrankweighted__M3__L16__eps0p01__g0p003__ds0p1__dm0p1
Problem: QUBO
Kernel: jsd
Advantage: peragentrankweighted
M: 3
lambda: 16
epsilon_svgd: 0.01
gamma: 0.003
decay_start_ratio: 0.1
decay_min_factor: 0.1
bandwith_kernel: None
no_interact: False
avg_score: -201.02000427246094
median_score: -201.0
std_score: 12.1539945602417
percentiles: 2%=-224.0, 5%=-224.0, 10%=-219.3000030517578, 25%=-207.0, 50%=-201.0, 75%=-191.0, 90%=-186.89999389648438, 95%=-184.0, 98%=-178.97999572753906
ranking_best_algo: Tabu
ranking_best_score: 208.36000000000004
ranking_my_rank: 43/504 (91.7%)
ranking_my_percent: 91.66666666666667
