ConfigName: kfr__advglobalrankweighted__M2__L8__eps0p01__g0p003__ds0p01__dm0p01
Problem: QUBO
Kernel: fr
Advantage: globalrankweighted
M: 2
lambda: 8
epsilon_svgd: 0.01
gamma: 0.003
decay_start_ratio: 0.01
decay_min_factor: 0.01
bandwith_kernel: None
no_interact: False
avg_score: -145.1999969482422
median_score: -145.0
std_score: 15.462212562561035
percentiles: 2%=-179.0, 5%=-179.0, 10%=-160.39999389648438, 25%=-154.0, 50%=-145.0, 75%=-137.0, 90%=-125.0, 95%=-114.0, 98%=-112.0
ranking_best_algo: CMApara
ranking_best_score: 154.28
ranking_my_rank: 144/504 (71.6%)
ranking_my_percent: 71.62698412698413
