ConfigName: krbf__advnormalizedfitness__M4__L12__eps0p025__g0p005__ds0p15__dm0p3
Problem: QUBO
Kernel: rbf
Advantage: normalizedfitness
M: 4
lambda: 12
epsilon_svgd: 0.025
gamma: 0.005
decay_start_ratio: 0.15
decay_min_factor: 0.3
bandwith_kernel: None
no_interact: False
avg_score: -2896.280029296875
median_score: -2914.5
std_score: 276.8984069824219
percentiles: 2%=-3442.43994140625, 5%=-3346.800048828125, 10%=-3260.300048828125, 25%=-3093.25, 50%=-2914.5, 75%=-2699.0, 90%=-2502.89990234375, 95%=-2457.85009765625, 98%=-2385.2998046875
ranking_best_algo: RLSOnePlusOne
ranking_best_score: 3316.5199999999995
ranking_my_rank: 141/504 (72.2%)
ranking_my_percent: 72.22222222222223
