ConfigName: kfr__advglobalrankweighted__M6__L8__eps0p02__g0p005__ds0p01__dm0p01
Problem: QUBO
Kernel: fr
Advantage: globalrankweighted
M: 6
lambda: 8
epsilon_svgd: 0.02
gamma: 0.005
decay_start_ratio: 0.01
decay_min_factor: 0.01
bandwith_kernel: None
no_interact: False
avg_score: -202.72000122070312
median_score: -203.5
std_score: 12.641265869140625
percentiles: 2%=-224.0, 5%=-224.0, 10%=-221.0, 25%=-211.0, 50%=-203.5, 75%=-195.75, 90%=-183.89999389648438, 95%=-180.0, 98%=-175.95999145507812
ranking_best_algo: Tabu
ranking_best_score: 208.36000000000004
ranking_my_rank: 34/504 (93.5%)
ranking_my_percent: 93.45238095238095
