ConfigName: kfr__advglobalrankweighted__M5__L9__eps0p01__g0p005__ds0p01__dm0p01
Problem: QUBO
Kernel: fr
Advantage: globalrankweighted
M: 5
lambda: 9
epsilon_svgd: 0.01
gamma: 0.005
decay_start_ratio: 0.01
decay_min_factor: 0.01
bandwith_kernel: None
no_interact: False
avg_score: -918.0
median_score: -926.5
std_score: 66.72825622558594
percentiles: 2%=-1049.0999755859375, 5%=-1019.2000122070312, 10%=-1004.5, 25%=-963.0, 50%=-926.5, 75%=-870.25, 90%=-834.7999877929688, 95%=-794.800048828125, 98%=-788.97998046875
ranking_best_algo: CMApara
ranking_best_score: 964.9
ranking_my_rank: 64/504 (87.5%)
ranking_my_percent: 87.5
