ConfigName: krbf__advnormalizedfitness__M3__L8__eps0p015__g0p005__ds0p01__dm0p01
Problem: NK
Kernel: rbf
Advantage: normalizedfitness
M: 3
lambda: 8
epsilon_svgd: 0.015
gamma: 0.005
decay_start_ratio: 0.01
decay_min_factor: 0.01
bandwith_kernel: None
no_interact: False
avg_score: 0.7581454515457153
median_score: 0.7571503520011902
std_score: 0.012946483679115772
percentiles: 2%=0.7354069352149963, 5%=0.7362772226333618, 10%=0.7430599331855774, 25%=0.7488539218902588, 50%=0.7571503520011902, 75%=0.768484354019165, 90%=0.7764080762863159, 95%=0.7799594402313232, 98%=0.7828129529953003
ranking_best_algo: Tabu
ranking_best_score: 0.7470791764843752
ranking_my_rank: 1/504 (100.0%)
ranking_my_percent: 100.0
