ConfigName: kfr__advglobalrankweighted__M4__L5__eps0p01__g0p01__ds0p01__dm0p01
Problem: QUBO
Kernel: fr
Advantage: globalrankweighted
M: 4
lambda: 5
epsilon_svgd: 0.01
gamma: 0.01
decay_start_ratio: 0.01
decay_min_factor: 0.01
bandwith_kernel: None
no_interact: False
avg_score: -927.5800170898438
median_score: -916.0
std_score: 60.00769805908203
percentiles: 2%=-1050.1199951171875, 5%=-1033.050048828125, 10%=-1010.0999755859375, 25%=-975.5, 50%=-916.0, 75%=-885.0, 90%=-856.7999877929688, 95%=-834.9500122070312, 98%=-828.9599609375
ranking_best_algo: CMAL3
ranking_best_score: 928.5800000000002
ranking_my_rank: 2/504 (99.8%)
ranking_my_percent: 99.8015873015873
