ConfigName: kjsd__advperagentrankweighted__M5__L10__eps0p005__g0p003__ds0p05__dm0p2
Problem: NK
Kernel: jsd
Advantage: peragentrankweighted
M: 5
lambda: 10
epsilon_svgd: 0.005
gamma: 0.003
decay_start_ratio: 0.05
decay_min_factor: 0.2
bandwith_kernel: None
no_interact: False
avg_score: 0.6083259582519531
median_score: 0.6074302792549133
std_score: 0.008971930481493473
percentiles: 2%=0.5926275253295898, 5%=0.5957598686218262, 10%=0.598807156085968, 25%=0.6020188331604004, 50%=0.6074302792549133, 75%=0.6136727333068848, 90%=0.6203979253768921, 95%=0.6224652528762817, 98%=0.6318848133087158
ranking_best_algo: Tabu
ranking_best_score: 0.7429702712499999
ranking_my_rank: 387/504 (23.4%)
ranking_my_percent: 23.41269841269841
