ConfigName: kjsd__advperagentrankweighted__M3__L16__eps0p007__g0p0005__ds0p2__dm0p1
Problem: NK
Kernel: jsd
Advantage: peragentrankweighted
M: 3
lambda: 16
epsilon_svgd: 0.007
gamma: 0.0005
decay_start_ratio: 0.2
decay_min_factor: 0.1
bandwith_kernel: None
no_interact: False
avg_score: 0.7510239481925964
median_score: 0.7516490817070007
std_score: 0.013681264594197273
percentiles: 2%=0.7205517888069153, 5%=0.7254945635795593, 10%=0.7355588674545288, 25%=0.7413669228553772, 50%=0.7516490817070007, 75%=0.7611725330352783, 90%=0.7675114274024963, 95%=0.7706568241119385, 98%=0.7720848321914673
ranking_best_algo: Tabu
ranking_best_score: 0.7657846284375001
ranking_my_rank: 18/504 (96.6%)
ranking_my_percent: 96.62698412698413
