ConfigName: kfr__advglobalrankweighted__M2__L10__eps0p01__g0p005__ds0p01__dm0p01
Problem: NK
Kernel: fr
Advantage: globalrankweighted
M: 2
lambda: 10
epsilon_svgd: 0.01
gamma: 0.005
decay_start_ratio: 0.01
decay_min_factor: 0.01
bandwith_kernel: None
no_interact: False
avg_score: 0.731925368309021
median_score: 0.7323901653289795
std_score: 0.01165752299129963
percentiles: 2%=0.7069639563560486, 5%=0.710411548614502, 10%=0.7170854210853577, 25%=0.7251659631729126, 50%=0.7323901653289795, 75%=0.7395665645599365, 90%=0.7465270757675171, 95%=0.7504112124443054, 98%=0.7526746392250061
ranking_best_algo: Tabu
ranking_best_score: 0.7429702712499999
ranking_my_rank: 2/504 (99.8%)
ranking_my_percent: 99.8015873015873
