ConfigName: kjsd__advperagentrankweighted__M4__L8__eps0p01__g0p0007__ds0p4__dm0p05
Problem: NK
Kernel: jsd
Advantage: peragentrankweighted
M: 4
lambda: 8
epsilon_svgd: 0.01
gamma: 0.0007
decay_start_ratio: 0.4
decay_min_factor: 0.05
bandwith_kernel: None
no_interact: False
avg_score: 0.705527663230896
median_score: 0.7084548473358154
std_score: 0.011841101571917534
percentiles: 2%=0.6845457553863525, 5%=0.6877033710479736, 10%=0.689616322517395, 25%=0.6941290497779846, 50%=0.7084548473358154, 75%=0.7161180973052979, 90%=0.7193418145179749, 95%=0.7216403484344482, 98%=0.7227974534034729
ranking_best_algo: PBIL
ranking_best_score: 0.7013553837109374
ranking_my_rank: 1/504 (100.0%)
ranking_my_percent: 100.0
