ConfigName: krbf__advnormalizedfitness__M4__L12__eps0p025__g0p005__ds0p3__dm0p3
Problem: QUBO
Kernel: rbf
Advantage: normalizedfitness
M: 4
lambda: 12
epsilon_svgd: 0.025
gamma: 0.005
decay_start_ratio: 0.3
decay_min_factor: 0.3
bandwith_kernel: None
no_interact: False
avg_score: -418.44000244140625
median_score: -419.0
std_score: 32.07065200805664
percentiles: 2%=-481.0, 5%=-467.29998779296875, 10%=-461.20001220703125, 25%=-435.5, 50%=-419.0, 75%=-401.0, 90%=-375.0, 95%=-363.9000244140625, 98%=-343.75994873046875
ranking_best_algo: CMAL3
ranking_best_score: 435.36
ranking_my_rank: 96/504 (81.2%)
ranking_my_percent: 81.15079365079364
