ConfigName: kfr__advglobalrankweighted__M4__L5__eps0p05__g0p003__ds0p01__dm0p01
Problem: QUBO
Kernel: fr
Advantage: globalrankweighted
M: 4
lambda: 5
epsilon_svgd: 0.05
gamma: 0.003
decay_start_ratio: 0.01
decay_min_factor: 0.01
bandwith_kernel: None
no_interact: False
avg_score: -1563.0999755859375
median_score: -1563.0
std_score: 61.78227615356445
percentiles: 2%=-1724.0, 5%=-1670.5999755859375, 10%=-1631.300048828125, 25%=-1595.25, 50%=-1563.0, 75%=-1525.25, 90%=-1490.4000244140625, 95%=-1468.300048828125, 98%=-1442.919921875
ranking_best_algo: NLOPT_LN_PRAXIS
ranking_best_score: 1607.12
ranking_my_rank: 49/504 (90.5%)
ranking_my_percent: 90.47619047619048
