ConfigName: kjsd__advperagentrankweighted__M3__L18__eps0p01__g0p003__ds0p1__dm0p2
Problem: NK
Kernel: jsd
Advantage: peragentrankweighted
M: 3
lambda: 18
epsilon_svgd: 0.01
gamma: 0.003
decay_start_ratio: 0.1
decay_min_factor: 0.2
bandwith_kernel: None
no_interact: False
avg_score: 0.7557399272918701
median_score: 0.755968451499939
std_score: 0.013322027400135994
percentiles: 2%=0.7314660549163818, 5%=0.7334484457969666, 10%=0.7387140989303589, 25%=0.7457242608070374, 50%=0.755968451499939, 75%=0.7651961445808411, 90%=0.7722928524017334, 95%=0.7770984172821045, 98%=0.7816996574401855
ranking_best_algo: Tabu
ranking_best_score: 0.7470791764843752
ranking_my_rank: 1/504 (100.0%)
ranking_my_percent: 100.0
