ConfigName: krbf__advnormalizedfitness__M3__L8__eps0p015__g0p01__ds0p01__dm0p3
Problem: NK
Kernel: rbf
Advantage: normalizedfitness
M: 3
lambda: 8
epsilon_svgd: 0.015
gamma: 0.01
decay_start_ratio: 0.01
decay_min_factor: 0.3
bandwith_kernel: None
no_interact: False
avg_score: 0.6960058808326721
median_score: 0.6958502531051636
std_score: 0.01717270165681839
percentiles: 2%=0.6625067591667175, 5%=0.6666295528411865, 10%=0.6730172038078308, 25%=0.6837363243103027, 50%=0.6958502531051636, 75%=0.7093331217765808, 90%=0.7172722816467285, 95%=0.7225534319877625, 98%=0.730379045009613
ranking_best_algo: PBIL
ranking_best_score: 0.733570253046875
ranking_my_rank: 168/504 (66.9%)
ranking_my_percent: 66.86507936507937
