ConfigName: kjsd__advperagentrankweighted__M5__L10__eps0p01__g0p0007__ds0p4__dm0p05
Problem: QUBO
Kernel: jsd
Advantage: peragentrankweighted
M: 5
lambda: 10
epsilon_svgd: 0.01
gamma: 0.0007
decay_start_ratio: 0.4
decay_min_factor: 0.05
bandwith_kernel: None
no_interact: False
avg_score: -139.8800048828125
median_score: -141.0
std_score: 10.693249702453613
percentiles: 2%=-159.02000427246094, 5%=-157.0500030517578, 10%=-154.1999969482422, 25%=-147.0, 50%=-141.0, 75%=-131.75, 90%=-125.0, 95%=-122.9000015258789, 98%=-119.9800033569336
ranking_best_algo: DiscreteDE
ranking_best_score: 143.4
ranking_my_rank: 80/504 (84.3%)
ranking_my_percent: 84.32539682539682
