ConfigName: kjsd__advperagentrankweighted__M4__L24__eps0p005__g0p0007__ds0p05__dm0p05
Problem: QUBO
Kernel: jsd
Advantage: peragentrankweighted
M: 4
lambda: 24
epsilon_svgd: 0.005
gamma: 0.0007
decay_start_ratio: 0.05
decay_min_factor: 0.05
bandwith_kernel: None
no_interact: False
avg_score: -907.260009765625
median_score: -907.5
std_score: 63.57415008544922
percentiles: 2%=-1021.2999877929688, 5%=-1011.0499877929688, 10%=-999.0999755859375, 25%=-957.25, 50%=-907.5, 75%=-862.5, 90%=-820.7000122070312, 95%=-811.8499755859375, 98%=-799.719970703125
ranking_best_algo: CMAL3
ranking_best_score: 928.5800000000002
ranking_my_rank: 56/504 (89.1%)
ranking_my_percent: 89.08730158730158
