ConfigName: kjsd__advperagentrankweighted__M6__L8__eps0p03__g0p0003__ds0p05__dm0p05
Problem: NK
Kernel: jsd
Advantage: peragentrankweighted
M: 6
lambda: 8
epsilon_svgd: 0.03
gamma: 0.0003
decay_start_ratio: 0.05
decay_min_factor: 0.05
bandwith_kernel: None
no_interact: False
avg_score: 0.7372372150421143
median_score: 0.7331998348236084
std_score: 0.02866765670478344
percentiles: 2%=0.6948148012161255, 5%=0.6984015703201294, 10%=0.7020158767700195, 25%=0.7200583815574646, 50%=0.7331998348236084, 75%=0.7515076398849487, 90%=0.7762376070022583, 95%=0.8044298887252808, 98%=0.8095589876174927
ranking_best_algo: CMApara
ranking_best_score: 0.7459277895312499
ranking_my_rank: 82/504 (83.9%)
ranking_my_percent: 83.92857142857143
