ConfigName: krbf__advnormalizedfitness__M3__L10__eps0p025__g0p007__ds0p3__dm0p01
Problem: NK
Kernel: rbf
Advantage: normalizedfitness
M: 3
lambda: 10
epsilon_svgd: 0.025
gamma: 0.007
decay_start_ratio: 0.3
decay_min_factor: 0.01
bandwith_kernel: None
no_interact: False
avg_score: 0.7105332016944885
median_score: 0.7116426229476929
std_score: 0.015285239554941654
percentiles: 2%=0.6716070175170898, 5%=0.6736232042312622, 10%=0.6968337893486023, 25%=0.7074023485183716, 50%=0.7116426229476929, 75%=0.7197486162185669, 90%=0.7254704236984253, 95%=0.7323241829872131, 98%=0.7333096265792847
ranking_best_algo: CMApara
ranking_best_score: 0.707475975
ranking_my_rank: 1/504 (100.0%)
ranking_my_percent: 100.0
