ConfigName: kjsd__advperagentrankweighted__M3__L16__eps0p01__g0p001__ds0p1__dm0p2
Problem: QUBO
Kernel: jsd
Advantage: peragentrankweighted
M: 3
lambda: 16
epsilon_svgd: 0.01
gamma: 0.001
decay_start_ratio: 0.1
decay_min_factor: 0.2
bandwith_kernel: None
no_interact: False
avg_score: -925.8800048828125
median_score: -928.5
std_score: 56.0496711730957
percentiles: 2%=-1034.219970703125, 5%=-1020.3499755859375, 10%=-1003.4000244140625, 25%=-963.0, 50%=-928.5, 75%=-882.5, 90%=-860.9000244140625, 95%=-843.0, 98%=-813.0
ranking_best_algo: CMApara
ranking_best_score: 964.9
ranking_my_rank: 21/504 (96.0%)
ranking_my_percent: 96.03174603174604
