ConfigName: krbf__advnormalizedfitness__M4__L12__eps0p025__g0p007__ds0p15__dm0p01
Problem: QUBO
Kernel: rbf
Advantage: normalizedfitness
M: 4
lambda: 12
epsilon_svgd: 0.025
gamma: 0.007
decay_start_ratio: 0.15
decay_min_factor: 0.01
bandwith_kernel: None
no_interact: False
avg_score: -1202.239990234375
median_score: -1197.5
std_score: 76.13357543945312
percentiles: 2%=-1355.0400390625, 5%=-1348.1500244140625, 10%=-1312.699951171875, 25%=-1249.75, 50%=-1197.5, 75%=-1144.5, 90%=-1109.0, 95%=-1082.7000732421875, 98%=-1071.93994140625
ranking_best_algo: BigLognormalDiscreteOnePlusOne
ranking_best_score: 1301.3600000000004
ranking_my_rank: 84/504 (83.5%)
ranking_my_percent: 83.53174603174604
