ConfigName: kjsd__advperagentrankweighted__M3__L24__eps0p007__g0p0005__ds0p1__dm0p1
Problem: QUBO
Kernel: jsd
Advantage: peragentrankweighted
M: 3
lambda: 24
epsilon_svgd: 0.007
gamma: 0.0005
decay_start_ratio: 0.1
decay_min_factor: 0.1
bandwith_kernel: None
no_interact: False
avg_score: -1245.47998046875
median_score: -1247.0
std_score: 54.82362365722656
percentiles: 2%=-1352.06005859375, 5%=-1328.4000244140625, 10%=-1317.199951171875, 25%=-1283.0, 50%=-1247.0, 75%=-1213.25, 90%=-1175.0, 95%=-1160.9000244140625, 98%=-1112.8199462890625
ranking_best_algo: SVMMetaModelLogNormal
ranking_best_score: 1233.7999999999997
ranking_my_rank: 1/504 (100.0%)
ranking_my_percent: 100.0
