ConfigName: kfr__advglobalrankweighted__M2__L9__eps0p015__g0p003__ds0p01__dm0p01
Problem: QUBO
Kernel: fr
Advantage: globalrankweighted
M: 2
lambda: 9
epsilon_svgd: 0.015
gamma: 0.003
decay_start_ratio: 0.01
decay_min_factor: 0.01
bandwith_kernel: None
no_interact: False
avg_score: -920.0800170898438
median_score: -918.0
std_score: 67.80098724365234
percentiles: 2%=-1074.0400390625, 5%=-1030.25, 10%=-1009.0999755859375, 25%=-967.75, 50%=-918.0, 75%=-873.75, 90%=-828.4000244140625, 95%=-809.0, 98%=-792.8599853515625
ranking_best_algo: CMApara
ranking_best_score: 964.9
ranking_my_rank: 61/504 (88.1%)
ranking_my_percent: 88.0952380952381
