ConfigName: kjsd__advperagentrankweighted__M4__L8__eps0p02__g0p0003__ds0p2__dm0p05
Problem: QUBO
Kernel: jsd
Advantage: peragentrankweighted
M: 4
lambda: 8
epsilon_svgd: 0.02
gamma: 0.0003
decay_start_ratio: 0.2
decay_min_factor: 0.05
bandwith_kernel: None
no_interact: False
avg_score: -415.32000732421875
median_score: -418.0
std_score: 30.161855697631836
percentiles: 2%=-475.0, 5%=-471.0, 10%=-453.29998779296875, 25%=-437.0, 50%=-418.0, 75%=-391.75, 90%=-377.0, 95%=-369.8500061035156, 98%=-359.67999267578125
ranking_best_algo: CMAL3
ranking_best_score: 435.36
ranking_my_rank: 108/504 (78.8%)
ranking_my_percent: 78.76984126984127
