ConfigName: kjsd__advperagentrankweighted__M3__L16__eps0p005__g0p003__ds0p1__dm0p2
Problem: QUBO
Kernel: jsd
Advantage: peragentrankweighted
M: 3
lambda: 16
epsilon_svgd: 0.005
gamma: 0.003
decay_start_ratio: 0.1
decay_min_factor: 0.2
bandwith_kernel: None
no_interact: False
avg_score: -422.20001220703125
median_score: -418.0
std_score: 26.173267364501953
percentiles: 2%=-473.0400085449219, 5%=-466.04998779296875, 10%=-458.1000061035156, 25%=-445.0, 50%=-418.0, 75%=-403.0, 90%=-389.79998779296875, 95%=-386.79998779296875, 98%=-374.0
ranking_best_algo: CMApara
ranking_best_score: 453.82
ranking_my_rank: 141/504 (72.2%)
ranking_my_percent: 72.22222222222223
