ConfigName: kjsd__advperagentrankweighted__M4__L10__eps0p005__g0p0007__ds0p2__dm0p05
Problem: QUBO
Kernel: jsd
Advantage: peragentrankweighted
M: 4
lambda: 10
epsilon_svgd: 0.005
gamma: 0.0007
decay_start_ratio: 0.2
decay_min_factor: 0.05
bandwith_kernel: None
no_interact: False
avg_score: -940.1599731445312
median_score: -934.0
std_score: 65.83672332763672
percentiles: 2%=-1072.0400390625, 5%=-1063.1500244140625, 10%=-1034.0, 25%=-982.0, 50%=-934.0, 75%=-896.75, 90%=-853.0, 95%=-840.9000244140625, 98%=-832.9600219726562
ranking_best_algo: CMApara
ranking_best_score: 964.9
ranking_my_rank: 7/504 (98.8%)
ranking_my_percent: 98.80952380952381
