ConfigName: krbf__advnormalizedfitness__M3__L10__eps0p025__g0p007__ds0p01__dm0p01
Problem: QUBO
Kernel: rbf
Advantage: normalizedfitness
M: 3
lambda: 10
epsilon_svgd: 0.025
gamma: 0.007
decay_start_ratio: 0.01
decay_min_factor: 0.01
bandwith_kernel: None
no_interact: False
avg_score: -199.8000030517578
median_score: -201.0
std_score: 11.91133975982666
percentiles: 2%=-222.0, 5%=-220.0500030517578, 10%=-216.1999969482422, 25%=-207.25, 50%=-201.0, 75%=-190.75, 90%=-184.89999389648438, 95%=-181.0, 98%=-177.95999145507812
ranking_best_algo: Tabu
ranking_best_score: 208.36000000000004
ranking_my_rank: 59/504 (88.5%)
ranking_my_percent: 88.4920634920635
