ConfigName: krbf__advnormalizedfitness__M4__L10__eps0p025__g0p007__ds0p3__dm0p3
Problem: QUBO
Kernel: rbf
Advantage: normalizedfitness
M: 4
lambda: 10
epsilon_svgd: 0.025
gamma: 0.007
decay_start_ratio: 0.3
decay_min_factor: 0.3
bandwith_kernel: None
no_interact: False
avg_score: -149.47999572753906
median_score: -148.0
std_score: 11.813957214355469
percentiles: 2%=-179.0, 5%=-179.0, 10%=-160.1999969482422, 25%=-155.0, 50%=-148.0, 75%=-141.0, 90%=-136.0, 95%=-135.95001220703125, 98%=-134.91998291015625
ranking_best_algo: CMApara
ranking_best_score: 154.28
ranking_my_rank: 77/504 (84.9%)
ranking_my_percent: 84.92063492063492
