ConfigName: krbf__advnormalizedfitness__M3__L8__eps0p025__g0p015__ds0p3__dm0p01
Problem: NK
Kernel: rbf
Advantage: normalizedfitness
M: 3
lambda: 8
epsilon_svgd: 0.025
gamma: 0.015
decay_start_ratio: 0.3
decay_min_factor: 0.01
bandwith_kernel: None
no_interact: False
avg_score: 0.7551661133766174
median_score: 0.7555089592933655
std_score: 0.013071517460048199
percentiles: 2%=0.7246266603469849, 5%=0.7327554821968079, 10%=0.7363885641098022, 25%=0.7465140223503113, 50%=0.7555089592933655, 75%=0.7648031711578369, 90%=0.7706454992294312, 95%=0.7731189131736755, 98%=0.7796082496643066
ranking_best_algo: Tabu
ranking_best_score: 0.7657846284375001
ranking_my_rank: 7/504 (98.8%)
ranking_my_percent: 98.80952380952381
