ConfigName: kjsd__advperagentrankweighted__M3__L24__eps0p007__g0p0005__ds0p1__dm0p05
Problem: QUBO
Kernel: jsd
Advantage: peragentrankweighted
M: 3
lambda: 24
epsilon_svgd: 0.007
gamma: 0.0005
decay_start_ratio: 0.1
decay_min_factor: 0.05
bandwith_kernel: None
no_interact: False
avg_score: -411.3999938964844
median_score: -410.0
std_score: 27.034053802490234
percentiles: 2%=-459.20001220703125, 5%=-452.1000061035156, 10%=-446.0, 25%=-430.0, 50%=-410.0, 75%=-392.75, 90%=-372.0, 95%=-365.8999938964844, 98%=-359.79998779296875
ranking_best_algo: Tabu
ranking_best_score: 438.12
ranking_my_rank: 79/504 (84.5%)
ranking_my_percent: 84.52380952380952
