ConfigName: kjsd__advperagentrankweighted__M5__L24__eps0p03__g0p0005__ds0p05__dm0p05
Problem: QUBO
Kernel: jsd
Advantage: peragentrankweighted
M: 5
lambda: 24
epsilon_svgd: 0.03
gamma: 0.0005
decay_start_ratio: 0.05
decay_min_factor: 0.05
bandwith_kernel: None
no_interact: False
avg_score: -916.760009765625
median_score: -919.0
std_score: 58.61606216430664
percentiles: 2%=-1026.1199951171875, 5%=-1023.0499877929688, 10%=-998.4000244140625, 25%=-954.25, 50%=-919.0, 75%=-875.5, 90%=-842.7999877929688, 95%=-818.9500122070312, 98%=-792.8800048828125
ranking_best_algo: CMAL3
ranking_best_score: 928.5800000000002
ranking_my_rank: 15/504 (97.2%)
ranking_my_percent: 97.22222222222223
