ConfigName: krbf__advnormalizedfitness__M5__L15__eps0p03__g0p01__ds0p05__dm0p05
Problem: NK
Kernel: rbf
Advantage: normalizedfitness
M: 5
lambda: 15
epsilon_svgd: 0.03
gamma: 0.01
decay_start_ratio: 0.05
decay_min_factor: 0.05
bandwith_kernel: None
no_interact: False
avg_score: 0.7067552804946899
median_score: 0.7091628909111023
std_score: 0.015658553689718246
percentiles: 2%=0.6660118699073792, 5%=0.668229341506958, 10%=0.6935953497886658, 25%=0.7016289234161377, 50%=0.7091628909111023, 75%=0.7168393731117249, 90%=0.7227330803871155, 95%=0.7285991907119751, 98%=0.7290968298912048
ranking_best_algo: CMApara
ranking_best_score: 0.707475975
ranking_my_rank: 2/504 (99.8%)
ranking_my_percent: 99.8015873015873
