ConfigName: kjsd__advperagentrankweighted__M5__L10__eps0p02__g0p0007__ds0p2__dm0p05
Problem: QUBO
Kernel: jsd
Advantage: peragentrankweighted
M: 5
lambda: 10
epsilon_svgd: 0.02
gamma: 0.0007
decay_start_ratio: 0.2
decay_min_factor: 0.05
bandwith_kernel: None
no_interact: False
avg_score: -577.5
median_score: -574.5
std_score: 27.622272491455078
percentiles: 2%=-627.1199951171875, 5%=-624.0499877929688, 10%=-615.0, 25%=-599.0, 50%=-574.5, 75%=-558.0, 90%=-543.7000122070312, 95%=-533.0, 98%=-522.9400024414062
ranking_best_algo: Tabu
ranking_best_score: 588.7199999999999
ranking_my_rank: 44/503 (91.5%)
ranking_my_percent: 91.45129224652088
