ConfigName: kjsd__advperagentrankweighted__M4__L10__eps0p02__g0p0007__ds0p05__dm0p05
Problem: NK
Kernel: jsd
Advantage: peragentrankweighted
M: 4
lambda: 10
epsilon_svgd: 0.02
gamma: 0.0007
decay_start_ratio: 0.05
decay_min_factor: 0.05
bandwith_kernel: None
no_interact: False
avg_score: 0.7404577732086182
median_score: 0.7370718717575073
std_score: 0.028989527374505997
percentiles: 2%=0.6944672465324402, 5%=0.7001078128814697, 10%=0.7062415480613708, 25%=0.7223495841026306, 50%=0.7370718717575073, 75%=0.7526532411575317, 90%=0.776783287525177, 95%=0.8044298887252808, 98%=0.8045783638954163
ranking_best_algo: CMApara
ranking_best_score: 0.7459277895312499
ranking_my_rank: 43/504 (91.7%)
ranking_my_percent: 91.66666666666667
