ConfigName: krbf__advnormalizedfitness__M2__L6__eps0p02__g0p006__ds0p01__dm0p3
Problem: NK
Kernel: rbf
Advantage: normalizedfitness
M: 2
lambda: 6
epsilon_svgd: 0.02
gamma: 0.006
decay_start_ratio: 0.01
decay_min_factor: 0.3
bandwith_kernel: None
no_interact: False
avg_score: 0.7052885293960571
median_score: 0.7069493532180786
std_score: 0.012189050205051899
percentiles: 2%=0.684575080871582, 5%=0.6871153712272644, 10%=0.6896865367889404, 25%=0.6935145258903503, 50%=0.7069493532180786, 75%=0.7152616381645203, 90%=0.7202555537223816, 95%=0.7223048210144043, 98%=0.7233383059501648
ranking_best_algo: PBIL
ranking_best_score: 0.7013553837109374
ranking_my_rank: 1/504 (100.0%)
ranking_my_percent: 100.0
