ConfigName: krbf__advnormalizedfitness__M1__L8__eps0p015__g0p01__ds0p3__dm0p01
Problem: NK
Kernel: rbf
Advantage: normalizedfitness
M: 1
lambda: 8
epsilon_svgd: 0.015
gamma: 0.01
decay_start_ratio: 0.3
decay_min_factor: 0.01
bandwith_kernel: None
no_interact: False
avg_score: 0.7491534352302551
median_score: 0.7494391798973083
std_score: 0.01541597954928875
percentiles: 2%=0.7228906750679016, 5%=0.7257705926895142, 10%=0.7291770577430725, 25%=0.7382116913795471, 50%=0.7494391798973083, 75%=0.7599382400512695, 90%=0.7662167549133301, 95%=0.7726914882659912, 98%=0.7829715609550476
ranking_best_algo: Tabu
ranking_best_score: 0.7470791764843752
ranking_my_rank: 1/504 (100.0%)
ranking_my_percent: 100.0
