ConfigName: kjsd__advperagentrankweighted__M5__L10__eps0p01__g0p0007__ds0p05__dm0p2
Problem: NK
Kernel: jsd
Advantage: peragentrankweighted
M: 5
lambda: 10
epsilon_svgd: 0.01
gamma: 0.0007
decay_start_ratio: 0.05
decay_min_factor: 0.2
bandwith_kernel: None
no_interact: False
avg_score: 0.7319175004959106
median_score: 0.7308053970336914
std_score: 0.009399239905178547
percentiles: 2%=0.7171111702919006, 5%=0.7182708978652954, 10%=0.7195002436637878, 25%=0.7250299453735352, 50%=0.7308053970336914, 75%=0.7394737601280212, 90%=0.7455225586891174, 95%=0.7473585605621338, 98%=0.7503791451454163
ranking_best_algo: Tabu
ranking_best_score: 0.7429702712499999
ranking_my_rank: 2/504 (99.8%)
ranking_my_percent: 99.8015873015873
