ConfigName: krbf__advnormalizedfitness__M5__L8__eps0p03__g0p005__ds0p15__dm0p05
Problem: QUBO
Kernel: rbf
Advantage: normalizedfitness
M: 5
lambda: 8
epsilon_svgd: 0.03
gamma: 0.005
decay_start_ratio: 0.15
decay_min_factor: 0.05
bandwith_kernel: None
no_interact: False
avg_score: -308.1600036621094
median_score: -314.0
std_score: 36.199092864990234
percentiles: 2%=-384.0, 5%=-374.29998779296875, 10%=-352.79998779296875, 25%=-332.0, 50%=-314.0, 75%=-274.0, 90%=-266.0, 95%=-262.70001220703125, 98%=-255.97999572753906
ranking_best_algo: CMApara
ranking_best_score: 319.29999999999995
ranking_my_rank: 90/504 (82.3%)
ranking_my_percent: 82.34126984126983
