ConfigName: krbf__advnormalizedfitness__M4__L24__eps0p025__g0p01__ds0p05__dm0p05
Problem: QUBO
Kernel: rbf
Advantage: normalizedfitness
M: 4
lambda: 24
epsilon_svgd: 0.025
gamma: 0.01
decay_start_ratio: 0.05
decay_min_factor: 0.05
bandwith_kernel: None
no_interact: False
avg_score: -754.6599731445312
median_score: -765.5
std_score: 82.7269287109375
percentiles: 2%=-939.280029296875, 5%=-890.0499877929688, 10%=-844.2000122070312, 25%=-811.0, 50%=-765.5, 75%=-690.75, 90%=-652.5999755859375, 95%=-622.6500244140625, 98%=-594.6799926757812
ranking_best_algo: SVMMetaModelLogNormal
ranking_best_score: 1233.7999999999997
ranking_my_rank: 328/504 (35.1%)
ranking_my_percent: 35.11904761904762
