ConfigName: kjsd__advperagentrankweighted__M5__L10__eps0p02__g0p0005__ds0p05__dm0p05
Problem: NK
Kernel: jsd
Advantage: peragentrankweighted
M: 5
lambda: 10
epsilon_svgd: 0.02
gamma: 0.0005
decay_start_ratio: 0.05
decay_min_factor: 0.05
bandwith_kernel: None
no_interact: False
avg_score: 0.7051531076431274
median_score: 0.7076112031936646
std_score: 0.012538095004856586
percentiles: 2%=0.685089647769928, 5%=0.6863991022109985, 10%=0.6887983679771423, 25%=0.6930666565895081, 50%=0.7076112031936646, 75%=0.7165167331695557, 90%=0.719792902469635, 95%=0.7214838862419128, 98%=0.7241108417510986
ranking_best_algo: PBIL
ranking_best_score: 0.7013553837109374
ranking_my_rank: 1/504 (100.0%)
ranking_my_percent: 100.0
