ConfigName: kfr__advglobalrankweighted__M4__L12__eps0p015__g0p007__ds0p01__dm0p01
Problem: QUBO
Kernel: fr
Advantage: globalrankweighted
M: 4
lambda: 12
epsilon_svgd: 0.015
gamma: 0.007
decay_start_ratio: 0.01
decay_min_factor: 0.01
bandwith_kernel: None
no_interact: False
avg_score: -423.79998779296875
median_score: -425.5
std_score: 27.0466251373291
percentiles: 2%=-477.0, 5%=-471.1000061035156, 10%=-459.0, 25%=-439.25, 50%=-425.5, 75%=-410.75, 90%=-383.79998779296875, 95%=-376.9000244140625, 98%=-369.8599853515625
ranking_best_algo: CMAL3
ranking_best_score: 435.36
ranking_my_rank: 31/504 (94.0%)
ranking_my_percent: 94.04761904761905
