ConfigName: kjsd__advperagentrankweighted__M3__L18__eps0p005__g0p0005__ds0p1__dm0p1
Problem: NK
Kernel: jsd
Advantage: peragentrankweighted
M: 3
lambda: 18
epsilon_svgd: 0.005
gamma: 0.0005
decay_start_ratio: 0.1
decay_min_factor: 0.1
bandwith_kernel: None
no_interact: False
avg_score: 0.7405630350112915
median_score: 0.7412309646606445
std_score: 0.011867453344166279
percentiles: 2%=0.7144370079040527, 5%=0.7233172059059143, 10%=0.7258433699607849, 25%=0.7329847812652588, 50%=0.7412309646606445, 75%=0.7484720945358276, 90%=0.756427526473999, 95%=0.7601317167282104, 98%=0.7605748772621155
ranking_best_algo: Tabu
ranking_best_score: 0.7601875690625
ranking_my_rank: 12/504 (97.8%)
ranking_my_percent: 97.81746031746032
