ConfigName: kjsd__advperagentrankweighted__M4__L20__eps0p005__g0p0005__ds0p05__dm0p1
Problem: NK
Kernel: jsd
Advantage: peragentrankweighted
M: 4
lambda: 20
epsilon_svgd: 0.005
gamma: 0.0005
decay_start_ratio: 0.05
decay_min_factor: 0.1
bandwith_kernel: None
no_interact: False
avg_score: 0.7419506907463074
median_score: 0.73976731300354
std_score: 0.012522612698376179
percentiles: 2%=0.7185118794441223, 5%=0.7231219410896301, 10%=0.7269565463066101, 25%=0.7326773405075073, 50%=0.73976731300354, 75%=0.7512286305427551, 90%=0.7592877745628357, 95%=0.7633841037750244, 98%=0.765286386013031
ranking_best_algo: Tabu
ranking_best_score: 0.7601875690625
ranking_my_rank: 12/504 (97.8%)
ranking_my_percent: 97.81746031746032
