ConfigName: kjsd__advperagentrankweighted__M4__L12__eps0p005__g0p0005__ds0p05__dm0p05
Problem: QUBO
Kernel: jsd
Advantage: peragentrankweighted
M: 4
lambda: 12
epsilon_svgd: 0.005
gamma: 0.0005
decay_start_ratio: 0.05
decay_min_factor: 0.05
bandwith_kernel: None
no_interact: False
avg_score: -1630.780029296875
median_score: -1627.5
std_score: 59.63096237182617
percentiles: 2%=-1763.02001953125, 5%=-1742.1500244140625, 10%=-1713.0999755859375, 25%=-1659.5, 50%=-1627.5, 75%=-1592.25, 90%=-1556.699951171875, 95%=-1530.9000244140625, 98%=-1517.0
ranking_best_algo: NLOPT_LN_PRAXIS
ranking_best_score: 1607.12
ranking_my_rank: 1/504 (100.0%)
ranking_my_percent: 100.0
