ConfigName: kjsd__advperagentrankweighted__M3__L20__eps0p005__g0p001__ds0p05__dm0p2
Problem: QUBO
Kernel: jsd
Advantage: peragentrankweighted
M: 3
lambda: 20
epsilon_svgd: 0.005
gamma: 0.001
decay_start_ratio: 0.05
decay_min_factor: 0.2
bandwith_kernel: None
no_interact: False
avg_score: -412.5400085449219
median_score: -411.0
std_score: 27.711881637573242
percentiles: 2%=-473.0799865722656, 5%=-459.5, 10%=-452.20001220703125, 25%=-430.0, 50%=-411.0, 75%=-394.75, 90%=-376.8999938964844, 95%=-369.8999938964844, 98%=-363.7200012207031
ranking_best_algo: Tabu
ranking_best_score: 438.12
ranking_my_rank: 67/504 (86.9%)
ranking_my_percent: 86.9047619047619
