ConfigName: krbf__advnormalizedfitness__M2__L10__eps0p015__g0p01__ds0p01__dm0p01
Problem: QUBO
Kernel: rbf
Advantage: normalizedfitness
M: 2
lambda: 10
epsilon_svgd: 0.015
gamma: 0.01
decay_start_ratio: 0.01
decay_min_factor: 0.01
bandwith_kernel: None
no_interact: False
avg_score: -1195.5999755859375
median_score: -1195.0
std_score: 61.40081787109375
percentiles: 2%=-1341.0400390625, 5%=-1298.0999755859375, 10%=-1261.199951171875, 25%=-1235.25, 50%=-1195.0, 75%=-1162.75, 90%=-1111.699951171875, 95%=-1100.5999755859375, 98%=-1073.8399658203125
ranking_best_algo: Tabu
ranking_best_score: 1216.16
ranking_my_rank: 48/504 (90.7%)
ranking_my_percent: 90.67460317460318
