ConfigName: kjsd__advperagentrankweighted__M5__L8__eps0p005__g0p0007__ds0p2__dm0p05
Problem: NK
Kernel: jsd
Advantage: peragentrankweighted
M: 5
lambda: 8
epsilon_svgd: 0.005
gamma: 0.0007
decay_start_ratio: 0.2
decay_min_factor: 0.05
bandwith_kernel: None
no_interact: False
avg_score: 0.7106726765632629
median_score: 0.7119786739349365
std_score: 0.015281271189451218
percentiles: 2%=0.6718599200248718, 5%=0.6726347208023071, 10%=0.6959340572357178, 25%=0.7073804140090942, 50%=0.7119786739349365, 75%=0.7193619012832642, 90%=0.7254608869552612, 95%=0.732222855091095, 98%=0.7332456111907959
ranking_best_algo: CMApara
ranking_best_score: 0.707475975
ranking_my_rank: 1/504 (100.0%)
ranking_my_percent: 100.0
