ConfigName: krbf__advnormalizedfitness__M4__L15__eps0p025__g0p01__ds0p05__dm0p05
Problem: NK
Kernel: rbf
Advantage: normalizedfitness
M: 4
lambda: 15
epsilon_svgd: 0.025
gamma: 0.01
decay_start_ratio: 0.05
decay_min_factor: 0.05
bandwith_kernel: None
no_interact: False
avg_score: 0.7094919085502625
median_score: 0.7105611562728882
std_score: 0.015420231968164444
percentiles: 2%=0.6708180904388428, 5%=0.6720057725906372, 10%=0.6961008310317993, 25%=0.7058693766593933, 50%=0.7105611562728882, 75%=0.7193945050239563, 90%=0.7251312136650085, 95%=0.7308510541915894, 98%=0.7314768433570862
ranking_best_algo: CMApara
ranking_best_score: 0.707475975
ranking_my_rank: 1/504 (100.0%)
ranking_my_percent: 100.0
