ConfigName: kjsd__advperagentrankweighted__M4__L10__eps0p01__g0p0003__ds0p4__dm0p05
Problem: NK
Kernel: jsd
Advantage: peragentrankweighted
M: 4
lambda: 10
epsilon_svgd: 0.01
gamma: 0.0003
decay_start_ratio: 0.4
decay_min_factor: 0.05
bandwith_kernel: None
no_interact: False
avg_score: 0.7283934950828552
median_score: 0.7295409440994263
std_score: 0.008347269147634506
percentiles: 2%=0.7116982936859131, 5%=0.7135921716690063, 10%=0.7161879539489746, 25%=0.7220334410667419, 50%=0.7295409440994263, 75%=0.7350711822509766, 90%=0.738023042678833, 95%=0.739739716053009, 98%=0.7414304614067078
ranking_best_algo: PBIL
ranking_best_score: 0.7248786399609374
ranking_my_rank: 1/504 (100.0%)
ranking_my_percent: 100.0
