ConfigName: krbf__advnormalizedfitness__M1__L8__eps0p025__g0p007__ds0p3__dm0p01
Problem: NK
Kernel: rbf
Advantage: normalizedfitness
M: 1
lambda: 8
epsilon_svgd: 0.025
gamma: 0.007
decay_start_ratio: 0.3
decay_min_factor: 0.01
bandwith_kernel: None
no_interact: False
avg_score: 0.7183262705802917
median_score: 0.7189562320709229
std_score: 0.009482573717832565
percentiles: 2%=0.6986844539642334, 5%=0.7012190222740173, 10%=0.7060724496841431, 25%=0.7120117545127869, 50%=0.7189562320709229, 75%=0.7244492173194885, 90%=0.7305219173431396, 95%=0.7330825328826904, 98%=0.7372062802314758
ranking_best_algo: PBIL
ranking_best_score: 0.7170882103515624
ranking_my_rank: 1/504 (100.0%)
ranking_my_percent: 100.0
