ConfigName: kjsd__advperagentrankweighted__M4__L12__eps0p03__g0p0005__ds0p2__dm0p05
Problem: QUBO
Kernel: jsd
Advantage: peragentrankweighted
M: 4
lambda: 12
epsilon_svgd: 0.03
gamma: 0.0005
decay_start_ratio: 0.2
decay_min_factor: 0.05
bandwith_kernel: None
no_interact: False
avg_score: -423.7200012207031
median_score: -424.0
std_score: 29.58583641052246
percentiles: 2%=-479.0, 5%=-469.3999938964844, 10%=-461.20001220703125, 25%=-445.25, 50%=-424.0, 75%=-407.0, 90%=-383.8999938964844, 95%=-375.3999938964844, 98%=-355.9200134277344
ranking_best_algo: CMAL3
ranking_best_score: 435.36
ranking_my_rank: 31/504 (94.0%)
ranking_my_percent: 94.04761904761905
