ConfigName: krbf__advnormalizedfitness__M3__L15__eps0p015__g0p005__ds0p01__dm0p3
Problem: NK
Kernel: rbf
Advantage: normalizedfitness
M: 3
lambda: 15
epsilon_svgd: 0.015
gamma: 0.005
decay_start_ratio: 0.01
decay_min_factor: 0.3
bandwith_kernel: None
no_interact: False
avg_score: 0.7351226210594177
median_score: 0.736976683139801
std_score: 0.009155371226370335
percentiles: 2%=0.7148011326789856, 5%=0.7191029191017151, 10%=0.7224410176277161, 25%=0.7290863394737244, 50%=0.736976683139801, 75%=0.74098140001297, 90%=0.7457744479179382, 95%=0.749549388885498, 98%=0.7502760887145996
ranking_best_algo: PBIL
ranking_best_score: 0.730509098125
ranking_my_rank: 1/504 (100.0%)
ranking_my_percent: 100.0
