ConfigName: kjsd__advperagentrankweighted__M3__L18__eps0p005__g0p0007__ds0p05__dm0p2
Problem: QUBO
Kernel: jsd
Advantage: peragentrankweighted
M: 3
lambda: 18
epsilon_svgd: 0.005
gamma: 0.0007
decay_start_ratio: 0.05
decay_min_factor: 0.2
bandwith_kernel: None
no_interact: False
avg_score: -447.3399963378906
median_score: -450.5
std_score: 26.791122436523438
percentiles: 2%=-492.0, 5%=-487.1000061035156, 10%=-483.0, 25%=-468.25, 50%=-450.5, 75%=-427.75, 90%=-408.0, 95%=-400.8500061035156, 98%=-394.9599914550781
ranking_best_algo: CMApara
ranking_best_score: 453.82
ranking_my_rank: 2/504 (99.8%)
ranking_my_percent: 99.8015873015873
