ConfigName: kjsd__advperagentrankweighted__M3__L16__eps0p01__g0p0005__ds0p2__dm0p1
Problem: NK
Kernel: jsd
Advantage: peragentrankweighted
M: 3
lambda: 16
epsilon_svgd: 0.01
gamma: 0.0005
decay_start_ratio: 0.2
decay_min_factor: 0.1
bandwith_kernel: None
no_interact: False
avg_score: 0.7427916526794434
median_score: 0.7426083087921143
std_score: 0.010122659616172314
percentiles: 2%=0.7221599221229553, 5%=0.7266209125518799, 10%=0.730423629283905, 25%=0.7368384003639221, 50%=0.7426083087921143, 75%=0.7500697374343872, 90%=0.7545897364616394, 95%=0.7579748630523682, 98%=0.7657469511032104
ranking_best_algo: PBIL
ranking_best_score: 0.733570253046875
ranking_my_rank: 1/504 (100.0%)
ranking_my_percent: 100.0
