ConfigName: kjsd__advperagentrankweighted__M3__L20__eps0p007__g0p003__ds0p2__dm0p2
Problem: NK
Kernel: jsd
Advantage: peragentrankweighted
M: 3
lambda: 20
epsilon_svgd: 0.007
gamma: 0.003
decay_start_ratio: 0.2
decay_min_factor: 0.2
bandwith_kernel: None
no_interact: False
avg_score: 0.6989178657531738
median_score: 0.6976710557937622
std_score: 0.014544789679348469
percentiles: 2%=0.6736071705818176, 5%=0.6757319569587708, 10%=0.68067467212677, 25%=0.6893389225006104, 50%=0.6976710557937622, 75%=0.7072715163230896, 90%=0.7177057266235352, 95%=0.7258946895599365, 98%=0.7325968742370605
ranking_best_algo: PBIL
ranking_best_score: 0.733570253046875
ranking_my_rank: 117/504 (77.0%)
ranking_my_percent: 76.98412698412699
