ConfigName: krbf__advnormalizedfitness__M4__L12__eps0p033__g0p01__ds0p15__dm0p01
Problem: QUBO
Kernel: rbf
Advantage: normalizedfitness
M: 4
lambda: 12
epsilon_svgd: 0.033
gamma: 0.01
decay_start_ratio: 0.15
decay_min_factor: 0.01
bandwith_kernel: None
no_interact: False
avg_score: -2286.39990234375
median_score: -2281.0
std_score: 184.2106475830078
percentiles: 2%=-2628.380126953125, 5%=-2583.0, 10%=-2542.300048828125, 25%=-2427.25, 50%=-2281.0, 75%=-2137.25, 90%=-2048.699951171875, 95%=-1988.2501220703125, 98%=-1959.7197265625
ranking_best_algo: SVM1MetaModelLogNormal
ranking_best_score: 2605.14
ranking_my_rank: 156/504 (69.2%)
ranking_my_percent: 69.24603174603175
