ConfigName: krbf__advnormalizedfitness__M4__L12__eps0p025__g0p01__ds0p3__dm0p3
Problem: QUBO
Kernel: rbf
Advantage: normalizedfitness
M: 4
lambda: 12
epsilon_svgd: 0.025
gamma: 0.01
decay_start_ratio: 0.3
decay_min_factor: 0.3
bandwith_kernel: None
no_interact: False
avg_score: -395.3399963378906
median_score: -398.0
std_score: 29.388507843017578
percentiles: 2%=-447.05999755859375, 5%=-442.04998779296875, 10%=-437.0, 25%=-415.25, 50%=-398.0, 75%=-374.0, 90%=-355.6000061035156, 95%=-343.9000244140625, 98%=-335.91998291015625
ranking_best_algo: Tabu
ranking_best_score: 438.12
ranking_my_rank: 236/504 (53.4%)
ranking_my_percent: 53.37301587301587
