ConfigName: krbf__advnormalizedfitness__M4__L8__eps0p03__g0p01__ds0p15__dm0p05
Problem: NK
Kernel: rbf
Advantage: normalizedfitness
M: 4
lambda: 8
epsilon_svgd: 0.03
gamma: 0.01
decay_start_ratio: 0.15
decay_min_factor: 0.05
bandwith_kernel: None
no_interact: False
avg_score: 0.7312978506088257
median_score: 0.732700765132904
std_score: 0.009674334898591042
percentiles: 2%=0.7117941975593567, 5%=0.7131354808807373, 10%=0.7157394289970398, 25%=0.7257024049758911, 50%=0.732700765132904, 75%=0.7385092973709106, 90%=0.742723822593689, 95%=0.7441228032112122, 98%=0.745050847530365
ranking_best_algo: PBIL
ranking_best_score: 0.7248786399609374
ranking_my_rank: 1/504 (100.0%)
ranking_my_percent: 100.0
