ConfigName: kjsd__advperagentrankweighted__M3__L20__eps0p01__g0p0005__ds0p05__dm0p05
Problem: QUBO
Kernel: jsd
Advantage: peragentrankweighted
M: 3
lambda: 20
epsilon_svgd: 0.01
gamma: 0.0005
decay_start_ratio: 0.05
decay_min_factor: 0.05
bandwith_kernel: None
no_interact: False
avg_score: -436.2799987792969
median_score: -435.5
std_score: 24.291595458984375
percentiles: 2%=-481.0, 5%=-473.0, 10%=-471.0, 25%=-457.25, 50%=-435.5, 75%=-419.75, 90%=-404.8999938964844, 95%=-395.8500061035156, 98%=-386.9200134277344
ranking_best_algo: CMApara
ranking_best_score: 453.82
ranking_my_rank: 30/504 (94.2%)
ranking_my_percent: 94.24603174603175
