ConfigName: krbf__advnormalizedfitness__M2__L11__eps0p015__g0p005__ds0p01__dm0p01
Problem: NK
Kernel: rbf
Advantage: normalizedfitness
M: 2
lambda: 11
epsilon_svgd: 0.015
gamma: 0.005
decay_start_ratio: 0.01
decay_min_factor: 0.01
bandwith_kernel: None
no_interact: False
avg_score: 0.754951000213623
median_score: 0.7536019086837769
std_score: 0.013274171389639378
percentiles: 2%=0.7295503616333008, 5%=0.7316218018531799, 10%=0.738614559173584, 25%=0.7459136247634888, 50%=0.7536019086837769, 75%=0.764712929725647, 90%=0.7725313305854797, 95%=0.7757545113563538, 98%=0.7806385159492493
ranking_best_algo: Tabu
ranking_best_score: 0.7470791764843752
ranking_my_rank: 1/504 (100.0%)
ranking_my_percent: 100.0
