ConfigName: kjsd__advperagentrankweighted__M4__L30__eps0p01__g0p0007__ds0p05__dm0p05
Problem: NK
Kernel: jsd
Advantage: peragentrankweighted
M: 4
lambda: 30
epsilon_svgd: 0.01
gamma: 0.0007
decay_start_ratio: 0.05
decay_min_factor: 0.05
bandwith_kernel: None
no_interact: False
avg_score: 0.7333889603614807
median_score: 0.732893168926239
std_score: 0.010454808361828327
percentiles: 2%=0.714137613773346, 5%=0.7175297737121582, 10%=0.7197814583778381, 25%=0.7262676358222961, 50%=0.732893168926239, 75%=0.7401201725006104, 90%=0.7486823797225952, 95%=0.7506586313247681, 98%=0.753734827041626
ranking_best_algo: Tabu
ranking_best_score: 0.7429702712499999
ranking_my_rank: 2/504 (99.8%)
ranking_my_percent: 99.8015873015873
