ConfigName: krbf__advnormalizedfitness__M1__L8__eps0p033__g0p007__ds0p3__dm0p01
Problem: QUBO
Kernel: rbf
Advantage: normalizedfitness
M: 1
lambda: 8
epsilon_svgd: 0.033
gamma: 0.007
decay_start_ratio: 0.3
decay_min_factor: 0.01
bandwith_kernel: None
no_interact: False
avg_score: -870.780029296875
median_score: -866.0
std_score: 112.83497619628906
percentiles: 2%=-1056.0799560546875, 5%=-1008.7000122070312, 10%=-973.2999877929688, 25%=-935.0, 50%=-866.0, 75%=-836.5, 90%=-796.5, 95%=-764.9000244140625, 98%=-743.538818359375
ranking_best_algo: CMApara
ranking_best_score: 964.9
ranking_my_rank: 238/504 (53.0%)
ranking_my_percent: 52.976190476190474
