ConfigName: krbf__advnormalizedfitness__M3__L12__eps0p033__g0p007__ds0p3__dm0p01
Problem: QUBO
Kernel: rbf
Advantage: normalizedfitness
M: 3
lambda: 12
epsilon_svgd: 0.033
gamma: 0.007
decay_start_ratio: 0.3
decay_min_factor: 0.01
bandwith_kernel: None
no_interact: False
avg_score: -3246.739990234375
median_score: -3232.0
std_score: 149.29946899414062
percentiles: 2%=-3573.06005859375, 5%=-3504.85009765625, 10%=-3436.199951171875, 25%=-3339.25, 50%=-3232.0, 75%=-3145.75, 90%=-3045.89990234375, 95%=-3010.550048828125, 98%=-2977.83984375
ranking_best_algo: RLSOnePlusOne
ranking_best_score: 3316.5199999999995
ranking_my_rank: 42/504 (91.9%)
ranking_my_percent: 91.86507936507937
