ConfigName: kjsd__advperagentrankweighted__M4__L10__eps0p005__g0p0005__ds0p05__dm0p05
Problem: QUBO
Kernel: jsd
Advantage: peragentrankweighted
M: 4
lambda: 10
epsilon_svgd: 0.005
gamma: 0.0005
decay_start_ratio: 0.05
decay_min_factor: 0.05
bandwith_kernel: None
no_interact: False
avg_score: -428.4599914550781
median_score: -426.0
std_score: 24.820724487304688
percentiles: 2%=-477.0, 5%=-467.1000061035156, 10%=-460.1000061035156, 25%=-449.25, 50%=-426.0, 75%=-409.0, 90%=-400.70001220703125, 95%=-390.75, 98%=-384.8999938964844
ranking_best_algo: CMAL3
ranking_best_score: 435.36
ranking_my_rank: 15/504 (97.2%)
ranking_my_percent: 97.22222222222223
