ConfigName: krbf__advnormalizedfitness__M5__L8__eps0p03__g0p005__ds0p15__dm0p05
Problem: QUBO
Kernel: rbf
Advantage: normalizedfitness
M: 5
lambda: 8
epsilon_svgd: 0.03
gamma: 0.005
decay_start_ratio: 0.15
decay_min_factor: 0.05
bandwith_kernel: None
no_interact: False
avg_score: -420.9200134277344
median_score: -421.5
std_score: 23.938119888305664
percentiles: 2%=-469.0799865722656, 5%=-461.20001220703125, 10%=-452.1000061035156, 25%=-437.0, 50%=-421.5, 75%=-404.0, 90%=-385.6000061035156, 95%=-379.8999938964844, 98%=-376.0
ranking_best_algo: Tabu
ranking_best_score: 438.12
ranking_my_rank: 23/504 (95.6%)
ranking_my_percent: 95.63492063492063
