ConfigName: krbf__advnormalizedfitness__M4__L10__eps0p015__g0p007__ds0p15__dm0p3
Problem: NK
Kernel: rbf
Advantage: normalizedfitness
M: 4
lambda: 10
epsilon_svgd: 0.015
gamma: 0.007
decay_start_ratio: 0.15
decay_min_factor: 0.3
bandwith_kernel: None
no_interact: False
avg_score: 0.7416020035743713
median_score: 0.7420626282691956
std_score: 0.017599156126379967
percentiles: 2%=0.7083709836006165, 5%=0.7127291560173035, 10%=0.7190021276473999, 25%=0.7271901965141296, 50%=0.7420626282691956, 75%=0.7563658952713013, 90%=0.7628280520439148, 95%=0.7662442326545715, 98%=0.7707588076591492
ranking_best_algo: Tabu
ranking_best_score: 0.7657846284375001
ranking_my_rank: 80/504 (84.3%)
ranking_my_percent: 84.32539682539682
