ConfigName: krbf__advnormalizedfitness__M3__L12__eps0p015__g0p005__ds0p01__dm0p01
Problem: QUBO
Kernel: rbf
Advantage: normalizedfitness
M: 3
lambda: 12
epsilon_svgd: 0.015
gamma: 0.005
decay_start_ratio: 0.01
decay_min_factor: 0.01
bandwith_kernel: None
no_interact: False
avg_score: -934.9000244140625
median_score: -929.0
std_score: 59.91301727294922
percentiles: 2%=-1038.800048828125, 5%=-1033.050048828125, 10%=-1009.5999755859375, 25%=-979.0, 50%=-929.0, 75%=-896.0, 90%=-858.5999755859375, 95%=-836.7000122070312, 98%=-816.8800048828125
ranking_best_algo: CMApara
ranking_best_score: 964.9
ranking_my_rank: 16/504 (97.0%)
ranking_my_percent: 97.02380952380952
