ConfigName: krbf__advnormalizedfitness__M4__L8__eps0p033__g0p015__ds0p01__dm0p01
Problem: NK
Kernel: rbf
Advantage: normalizedfitness
M: 4
lambda: 8
epsilon_svgd: 0.033
gamma: 0.015
decay_start_ratio: 0.01
decay_min_factor: 0.01
bandwith_kernel: None
no_interact: False
avg_score: 0.7111875414848328
median_score: 0.71236252784729
std_score: 0.015233008190989494
percentiles: 2%=0.6734071373939514, 5%=0.6736220717430115, 10%=0.6964123249053955, 25%=0.7088050842285156, 50%=0.71236252784729, 75%=0.7195371985435486, 90%=0.7255188822746277, 95%=0.7333102822303772, 98%=0.7343929409980774
ranking_best_algo: CMApara
ranking_best_score: 0.707475975
ranking_my_rank: 1/504 (100.0%)
ranking_my_percent: 100.0
