ConfigName: krbf__advnormalizedfitness__M2__L8__eps0p025__g0p015__ds0p15__dm0p01
Problem: QUBO
Kernel: rbf
Advantage: normalizedfitness
M: 2
lambda: 8
epsilon_svgd: 0.025
gamma: 0.015
decay_start_ratio: 0.15
decay_min_factor: 0.01
bandwith_kernel: None
no_interact: False
avg_score: -1233.4000244140625
median_score: -1220.0
std_score: 72.70804595947266
percentiles: 2%=-1382.1600341796875, 5%=-1369.1500244140625, 10%=-1343.4000244140625, 25%=-1278.75, 50%=-1220.0, 75%=-1175.75, 90%=-1145.9000244140625, 95%=-1134.9000244140625, 98%=-1120.97998046875
ranking_best_algo: SVMMetaModelLogNormal
ranking_best_score: 1233.7999999999997
ranking_my_rank: 8/504 (98.6%)
ranking_my_percent: 98.61111111111111
