ConfigName: kjsd__advperagentrankweighted__M3__L20__eps0p005__g0p0007__ds0p05__dm0p05
Problem: NK
Kernel: jsd
Advantage: peragentrankweighted
M: 3
lambda: 20
epsilon_svgd: 0.005
gamma: 0.0007
decay_start_ratio: 0.05
decay_min_factor: 0.05
bandwith_kernel: None
no_interact: False
avg_score: 0.735964298248291
median_score: 0.7377142906188965
std_score: 0.00827033445239067
percentiles: 2%=0.7179288864135742, 5%=0.7198742628097534, 10%=0.7220421433448792, 25%=0.7317007184028625, 50%=0.7377142906188965, 75%=0.7421518564224243, 90%=0.7444860339164734, 95%=0.7464597225189209, 98%=0.7479239702224731
ranking_best_algo: PBIL
ranking_best_score: 0.7248786399609374
ranking_my_rank: 1/504 (100.0%)
ranking_my_percent: 100.0
