ConfigName: krbf__advnormalizedfitness__M4__L12__eps0p033__g0p01__ds0p01__dm0p01
Problem: NK
Kernel: rbf
Advantage: normalizedfitness
M: 4
lambda: 12
epsilon_svgd: 0.033
gamma: 0.01
decay_start_ratio: 0.01
decay_min_factor: 0.01
bandwith_kernel: None
no_interact: False
avg_score: 0.7354905009269714
median_score: 0.7338608503341675
std_score: 0.012614836916327477
percentiles: 2%=0.7130833864212036, 5%=0.7171938419342041, 10%=0.7196497917175293, 25%=0.724977970123291, 50%=0.7338608503341675, 75%=0.7438758015632629, 90%=0.7536302804946899, 95%=0.7576057314872742, 98%=0.7609519958496094
ranking_best_algo: Tabu
ranking_best_score: 0.7601875690625
ranking_my_rank: 28/504 (94.6%)
ranking_my_percent: 94.64285714285714
