ConfigName: kjsd__advperagentrankweighted__M4__L20__eps0p007__g0p0005__ds0p1__dm0p1
Problem: NK
Kernel: jsd
Advantage: peragentrankweighted
M: 4
lambda: 20
epsilon_svgd: 0.007
gamma: 0.0005
decay_start_ratio: 0.1
decay_min_factor: 0.1
bandwith_kernel: None
no_interact: False
avg_score: 0.7565844655036926
median_score: 0.755982518196106
std_score: 0.011906019411981106
percentiles: 2%=0.7351915836334229, 5%=0.7380512952804565, 10%=0.7416180372238159, 25%=0.7483453750610352, 50%=0.755982518196106, 75%=0.7650696635246277, 90%=0.7710922956466675, 95%=0.7771005034446716, 98%=0.7821174263954163
ranking_best_algo: Tabu
ranking_best_score: 0.7470791764843752
ranking_my_rank: 1/504 (100.0%)
ranking_my_percent: 100.0
