ConfigName: krbf__advnormalizedfitness__M2__L8__eps0p033__g0p015__ds0p01__dm0p01
Problem: QUBO
Kernel: rbf
Advantage: normalizedfitness
M: 2
lambda: 8
epsilon_svgd: 0.033
gamma: 0.015
decay_start_ratio: 0.01
decay_min_factor: 0.01
bandwith_kernel: None
no_interact: False
avg_score: -436.9599914550781
median_score: -436.5
std_score: 28.305448532104492
percentiles: 2%=-489.0199890136719, 5%=-486.1499938964844, 10%=-477.0, 25%=-457.75, 50%=-436.5, 75%=-416.75, 90%=-398.79998779296875, 95%=-390.95001220703125, 98%=-387.9200134277344
ranking_best_algo: CMApara
ranking_best_score: 453.82
ranking_my_rank: 30/504 (94.2%)
ranking_my_percent: 94.24603174603175
