ConfigName: kjsd__advperagentrankweighted__M4__L10__eps0p03__g0p0005__ds0p2__dm0p05
Problem: QUBO
Kernel: jsd
Advantage: peragentrankweighted
M: 4
lambda: 10
epsilon_svgd: 0.03
gamma: 0.0005
decay_start_ratio: 0.2
decay_min_factor: 0.05
bandwith_kernel: None
no_interact: False
avg_score: -1155.1600341796875
median_score: -1156.5
std_score: 58.504310607910156
percentiles: 2%=-1289.5999755859375, 5%=-1255.5999755859375, 10%=-1221.9000244140625, 25%=-1190.25, 50%=-1156.5, 75%=-1108.5, 90%=-1087.800048828125, 95%=-1073.8499755859375, 98%=-1057.0
ranking_best_algo: Tabu
ranking_best_score: 1216.16
ranking_my_rank: 105/504 (79.4%)
ranking_my_percent: 79.36507936507937
