ConfigName: kjsd__advperagentrankweighted__M3__L20__eps0p007__g0p001__ds0p2__dm0p2
Problem: QUBO
Kernel: jsd
Advantage: peragentrankweighted
M: 3
lambda: 20
epsilon_svgd: 0.007
gamma: 0.001
decay_start_ratio: 0.2
decay_min_factor: 0.2
bandwith_kernel: None
no_interact: False
avg_score: -907.52001953125
median_score: -899.5
std_score: 62.31620788574219
percentiles: 2%=-1026.06005859375, 5%=-1018.1500244140625, 10%=-1001.4000244140625, 25%=-962.75, 50%=-899.5, 75%=-860.0, 90%=-830.2000122070312, 95%=-815.9500122070312, 98%=-808.8800048828125
ranking_best_algo: CMAL3
ranking_best_score: 928.5800000000002
ranking_my_rank: 54/504 (89.5%)
ranking_my_percent: 89.48412698412699
