ConfigName: kfr__advglobalrankweighted__M6__L7__eps0p015__g0p007__ds0p01__dm0p01
Problem: QUBO
Kernel: fr
Advantage: globalrankweighted
M: 6
lambda: 7
epsilon_svgd: 0.015
gamma: 0.007
decay_start_ratio: 0.01
decay_min_factor: 0.01
bandwith_kernel: None
no_interact: False
avg_score: -310.1400146484375
median_score: -311.0
std_score: 39.45859146118164
percentiles: 2%=-396.0400085449219, 5%=-388.20001220703125, 10%=-358.1999816894531, 25%=-334.0, 50%=-311.0, 75%=-274.0, 90%=-264.0, 95%=-259.9000244140625, 98%=-251.95999145507812
ranking_best_algo: CMApara
ranking_best_score: 319.29999999999995
ranking_my_rank: 63/504 (87.7%)
ranking_my_percent: 87.6984126984127
