ConfigName: krbf__advnormalizedfitness__M3__L10__eps0p033__g0p01__ds0p01__dm0p3
Problem: QUBO
Kernel: rbf
Advantage: normalizedfitness
M: 3
lambda: 10
epsilon_svgd: 0.033
gamma: 0.01
decay_start_ratio: 0.01
decay_min_factor: 0.3
bandwith_kernel: None
no_interact: False
avg_score: -199.4600067138672
median_score: -201.0
std_score: 12.475110054016113
percentiles: 2%=-224.0, 5%=-219.10000610351562, 10%=-215.0, 25%=-207.0, 50%=-201.0, 75%=-191.75, 90%=-182.8000030517578, 95%=-177.90000915527344, 98%=-175.95999145507812
ranking_best_algo: Tabu
ranking_best_score: 208.36000000000004
ranking_my_rank: 84/504 (83.5%)
ranking_my_percent: 83.53174603174604
