ConfigName: kjsd__advperagentrankweighted__M3__L16__eps0p005__g0p0007__ds0p05__dm0p1
Problem: QUBO
Kernel: jsd
Advantage: peragentrankweighted
M: 3
lambda: 16
epsilon_svgd: 0.005
gamma: 0.0007
decay_start_ratio: 0.05
decay_min_factor: 0.1
bandwith_kernel: None
no_interact: False
avg_score: -2586.43994140625
median_score: -2571.5
std_score: 113.53839874267578
percentiles: 2%=-2802.43994140625, 5%=-2782.5, 10%=-2746.800048828125, 25%=-2665.25, 50%=-2571.5, 75%=-2502.25, 90%=-2445.800048828125, 95%=-2422.800048828125, 98%=-2393.840087890625
ranking_best_algo: SVM1MetaModelLogNormal
ranking_best_score: 2605.14
ranking_my_rank: 12/504 (97.8%)
ranking_my_percent: 97.81746031746032
