ConfigName: kjsd__advperagentrankweighted__M4__L20__eps0p005__g0p001__ds0p1__dm0p05
Problem: NK
Kernel: jsd
Advantage: peragentrankweighted
M: 4
lambda: 20
epsilon_svgd: 0.005
gamma: 0.001
decay_start_ratio: 0.1
decay_min_factor: 0.05
bandwith_kernel: None
no_interact: False
avg_score: 0.7574239373207092
median_score: 0.7586312294006348
std_score: 0.013331521302461624
percentiles: 2%=0.7242571711540222, 5%=0.7350420951843262, 10%=0.7390280365943909, 25%=0.7487509846687317, 50%=0.7586312294006348, 75%=0.7663870453834534, 90%=0.7719545364379883, 95%=0.7766658067703247, 98%=0.7796233892440796
ranking_best_algo: Tabu
ranking_best_score: 0.7657846284375001
ranking_my_rank: 2/504 (99.8%)
ranking_my_percent: 99.8015873015873
