ConfigName: krbf__advnormalizedfitness__M3__L8__eps0p02__g0p01__ds0p15__dm0p05
Problem: QUBO
Kernel: rbf
Advantage: normalizedfitness
M: 3
lambda: 8
epsilon_svgd: 0.02
gamma: 0.01
decay_start_ratio: 0.15
decay_min_factor: 0.05
bandwith_kernel: None
no_interact: False
avg_score: -440.1000061035156
median_score: -443.0
std_score: 26.521501541137695
percentiles: 2%=-489.1400146484375, 5%=-481.0, 10%=-469.29998779296875, 25%=-460.0, 50%=-443.0, 75%=-424.5, 90%=-405.70001220703125, 95%=-394.6499938964844, 98%=-383.9800109863281
ranking_best_algo: CMApara
ranking_best_score: 453.82
ranking_my_rank: 15/504 (97.2%)
ranking_my_percent: 97.22222222222223
