ConfigName: krbf__advnormalizedfitness__M1__L8__eps0p015__g0p01__ds0p15__dm0p01
Problem: QUBO
Kernel: rbf
Advantage: normalizedfitness
M: 1
lambda: 8
epsilon_svgd: 0.015
gamma: 0.01
decay_start_ratio: 0.15
decay_min_factor: 0.01
bandwith_kernel: None
no_interact: False
avg_score: -191.72000122070312
median_score: -193.0
std_score: 15.561542510986328
percentiles: 2%=-222.0, 5%=-215.25, 10%=-211.0, 25%=-204.0, 50%=-193.0, 75%=-179.75, 90%=-171.89999389648438, 95%=-164.90000915527344, 98%=-160.97999572753906
ranking_best_algo: Tabu
ranking_best_score: 208.36000000000004
ranking_my_rank: 231/504 (54.4%)
ranking_my_percent: 54.36507936507937
