ConfigName: krbf__advnormalizedfitness__M3__L10__eps0p033__g0p015__ds0p3__dm0p01
Problem: QUBO
Kernel: rbf
Advantage: normalizedfitness
M: 3
lambda: 10
epsilon_svgd: 0.033
gamma: 0.015
decay_start_ratio: 0.3
decay_min_factor: 0.01
bandwith_kernel: None
no_interact: False
avg_score: -896.97998046875
median_score: -893.0
std_score: 65.6921615600586
percentiles: 2%=-1030.239990234375, 5%=-1019.0499877929688, 10%=-969.5, 25%=-952.25, 50%=-893.0, 75%=-847.25, 90%=-807.7999877929688, 95%=-791.75, 98%=-781.8199462890625
ranking_best_algo: CMAL3
ranking_best_score: 928.5800000000002
ranking_my_rank: 82/504 (83.9%)
ranking_my_percent: 83.92857142857143
