ConfigName: kjsd__advperagentrankweighted__M4__L24__eps0p02__g0p0003__ds0p2__dm0p05
Problem: NK
Kernel: jsd
Advantage: peragentrankweighted
M: 4
lambda: 24
epsilon_svgd: 0.02
gamma: 0.0003
decay_start_ratio: 0.2
decay_min_factor: 0.05
bandwith_kernel: None
no_interact: False
avg_score: 0.7141521573066711
median_score: 0.7137355804443359
std_score: 0.007298674434423447
percentiles: 2%=0.7014338374137878, 5%=0.7043843865394592, 10%=0.705238401889801, 25%=0.708643913269043, 50%=0.7137355804443359, 75%=0.7186169624328613, 90%=0.7229987382888794, 95%=0.7254222631454468, 98%=0.729684054851532
ranking_best_algo: PBIL
ranking_best_score: 0.7170882103515624
ranking_my_rank: 42/504 (91.9%)
ranking_my_percent: 91.86507936507937
