ConfigName: kfr__advglobalrankweighted__M4__L13__eps0p01__g0p001__ds0p01__dm0p01
Problem: NK
Kernel: fr
Advantage: globalrankweighted
M: 4
lambda: 13
epsilon_svgd: 0.01
gamma: 0.001
decay_start_ratio: 0.01
decay_min_factor: 0.01
bandwith_kernel: None
no_interact: False
avg_score: 0.7093542218208313
median_score: 0.7090367078781128
std_score: 0.006516722496598959
percentiles: 2%=0.698401927947998, 5%=0.6999891996383667, 10%=0.7011991143226624, 25%=0.7047516107559204, 50%=0.7090367078781128, 75%=0.7133828401565552, 90%=0.718578577041626, 95%=0.7200040817260742, 98%=0.7218259572982788
ranking_best_algo: PBIL
ranking_best_score: 0.7170882103515624
ranking_my_rank: 54/504 (89.5%)
ranking_my_percent: 89.48412698412699
