ConfigName: kjsd__advperagentrankweighted__M3__L18__eps0p01__g0p003__ds0p05__dm0p1
Problem: QUBO
Kernel: jsd
Advantage: peragentrankweighted
M: 3
lambda: 18
epsilon_svgd: 0.01
gamma: 0.003
decay_start_ratio: 0.05
decay_min_factor: 0.1
bandwith_kernel: None
no_interact: False
avg_score: -327.44000244140625
median_score: -334.0
std_score: 25.328371047973633
percentiles: 2%=-372.0, 5%=-361.54998779296875, 10%=-357.0, 25%=-343.75, 50%=-334.0, 75%=-311.0, 90%=-290.0, 95%=-281.8999938964844, 98%=-277.8800048828125
ranking_best_algo: CMApara
ranking_best_score: 344.22
ranking_my_rank: 86/504 (83.1%)
ranking_my_percent: 83.13492063492063
