ConfigName: krbf__advnormalizedfitness__M4__L12__eps0p025__g0p015__ds0p3__dm0p3
Problem: QUBO
Kernel: rbf
Advantage: normalizedfitness
M: 4
lambda: 12
epsilon_svgd: 0.025
gamma: 0.015
decay_start_ratio: 0.3
decay_min_factor: 0.3
bandwith_kernel: None
no_interact: False
avg_score: -168.17999267578125
median_score: -169.0
std_score: 17.568368911743164
percentiles: 2%=-208.1199951171875, 5%=-204.0500030517578, 10%=-188.10000610351562, 25%=-178.0, 50%=-169.0, 75%=-155.0, 90%=-145.0, 95%=-143.0, 98%=-134.0
ranking_best_algo: Tabu
ranking_best_score: 208.36000000000004
ranking_my_rank: 332/504 (34.3%)
ranking_my_percent: 34.32539682539682
