ConfigName: kjsd__advperagentrankweighted__M4__L20__eps0p005__g0p0005__ds0p1__dm0p1
Problem: QUBO
Kernel: jsd
Advantage: peragentrankweighted
M: 4
lambda: 20
epsilon_svgd: 0.005
gamma: 0.0005
decay_start_ratio: 0.1
decay_min_factor: 0.1
bandwith_kernel: None
no_interact: False
avg_score: -3275.179931640625
median_score: -3282.5
std_score: 132.9081268310547
percentiles: 2%=-3530.239990234375, 5%=-3475.0, 10%=-3446.5, 25%=-3364.0, 50%=-3282.5, 75%=-3182.25, 90%=-3081.300048828125, 95%=-3031.800048828125, 98%=-3016.840087890625
ranking_best_algo: RLSOnePlusOne
ranking_best_score: 3316.5199999999995
ranking_my_rank: 12/504 (97.8%)
ranking_my_percent: 97.81746031746032
