ConfigName: kjsd__advperagentrankweighted__M4__L20__eps0p005__g0p001__ds0p2__dm0p05
Problem: NK
Kernel: jsd
Advantage: peragentrankweighted
M: 4
lambda: 20
epsilon_svgd: 0.005
gamma: 0.001
decay_start_ratio: 0.2
decay_min_factor: 0.05
bandwith_kernel: None
no_interact: False
avg_score: 0.7539784908294678
median_score: 0.7542389631271362
std_score: 0.013666072860360146
percentiles: 2%=0.7287991642951965, 5%=0.7299211025238037, 10%=0.7349277138710022, 25%=0.7448503375053406, 50%=0.7542389631271362, 75%=0.764520525932312, 90%=0.7715521454811096, 95%=0.7752861380577087, 98%=0.7795642018318176
ranking_best_algo: Tabu
ranking_best_score: 0.7657846284375001
ranking_my_rank: 7/504 (98.8%)
ranking_my_percent: 98.80952380952381
