ConfigName: kjsd__advperagentrankweighted__M4__L10__eps0p01__g0p0007__ds0p2__dm0p05
Problem: QUBO
Kernel: jsd
Advantage: peragentrankweighted
M: 4
lambda: 10
epsilon_svgd: 0.01
gamma: 0.0007
decay_start_ratio: 0.2
decay_min_factor: 0.05
bandwith_kernel: None
no_interact: False
avg_score: -327.6000061035156
median_score: -332.0
std_score: 22.064451217651367
percentiles: 2%=-372.0, 5%=-357.20001220703125, 10%=-350.0, 25%=-341.25, 50%=-332.0, 75%=-318.0, 90%=-296.0, 95%=-288.8500061035156, 98%=-279.760009765625
ranking_best_algo: CMApara
ranking_best_score: 344.22
ranking_my_rank: 86/504 (83.1%)
ranking_my_percent: 83.13492063492063
