ConfigName: krbf__advnormalizedfitness__M2__L3__eps0p015__g0p005__ds0p15__dm0p3
Problem: QUBO
Kernel: rbf
Advantage: normalizedfitness
M: 2
lambda: 3
epsilon_svgd: 0.015
gamma: 0.005
decay_start_ratio: 0.15
decay_min_factor: 0.3
bandwith_kernel: None
no_interact: False
avg_score: -2480.97998046875
median_score: -2490.0
std_score: 193.4109649658203
percentiles: 2%=-2767.080078125, 5%=-2715.14990234375, 10%=-2670.10009765625, 25%=-2578.5, 50%=-2490.0, 75%=-2402.5, 90%=-2313.800048828125, 95%=-2264.800048828125, 98%=-2225.719970703125
ranking_best_algo: SVM1MetaModelLogNormal
ranking_best_score: 2605.14
ranking_my_rank: 77/504 (84.9%)
ranking_my_percent: 84.92063492063492
