ConfigName: kjsd__advperagentrankweighted__M3__L20__eps0p007__g0p0005__ds0p1__dm0p2
Problem: NK
Kernel: jsd
Advantage: peragentrankweighted
M: 3
lambda: 20
epsilon_svgd: 0.007
gamma: 0.0005
decay_start_ratio: 0.1
decay_min_factor: 0.2
bandwith_kernel: None
no_interact: False
avg_score: 0.7404901385307312
median_score: 0.7409313917160034
std_score: 0.013436651788651943
percentiles: 2%=0.7163091897964478, 5%=0.7194237112998962, 10%=0.7231265902519226, 25%=0.7309960126876831, 50%=0.7409313917160034, 75%=0.7485501170158386, 90%=0.756009578704834, 95%=0.7630587816238403, 98%=0.7718208432197571
ranking_best_algo: Tabu
ranking_best_score: 0.7601875690625
ranking_my_rank: 12/504 (97.8%)
ranking_my_percent: 97.81746031746032
