ConfigName: kjsd__advperagentrankweighted__M5__L10__eps0p02__g0p0005__ds0p05__dm0p05
Problem: NK
Kernel: jsd
Advantage: peragentrankweighted
M: 5
lambda: 10
epsilon_svgd: 0.02
gamma: 0.0005
decay_start_ratio: 0.05
decay_min_factor: 0.05
bandwith_kernel: None
no_interact: False
avg_score: 0.7454327940940857
median_score: 0.7444009780883789
std_score: 0.013460871763527393
percentiles: 2%=0.7230643033981323, 5%=0.725400447845459, 10%=0.7306614518165588, 25%=0.7357411980628967, 50%=0.7444009780883789, 75%=0.7520891427993774, 90%=0.7630400657653809, 95%=0.7685439586639404, 98%=0.7804940938949585
ranking_best_algo: Tabu
ranking_best_score: 0.7470791764843752
ranking_my_rank: 3/504 (99.6%)
ranking_my_percent: 99.60317460317461
