ConfigName: kjsd__advperagentrankweighted__M5__L24__eps0p03__g0p0007__ds0p05__dm0p05
Problem: NK
Kernel: jsd
Advantage: peragentrankweighted
M: 5
lambda: 24
epsilon_svgd: 0.03
gamma: 0.0007
decay_start_ratio: 0.05
decay_min_factor: 0.05
bandwith_kernel: None
no_interact: False
avg_score: 0.7100481986999512
median_score: 0.7109969258308411
std_score: 0.015210896730422974
percentiles: 2%=0.6723921895027161, 5%=0.6732990145683289, 10%=0.6968171000480652, 25%=0.706510603427887, 50%=0.7109969258308411, 75%=0.7187508344650269, 90%=0.7254801988601685, 95%=0.7321051359176636, 98%=0.7331420183181763
ranking_best_algo: CMApara
ranking_best_score: 0.707475975
ranking_my_rank: 1/504 (100.0%)
ranking_my_percent: 100.0
