ConfigName: krbf__advnormalizedfitness__M4__L24__eps0p03__g0p005__ds0p05__dm0p05
Problem: QUBO
Kernel: rbf
Advantage: normalizedfitness
M: 4
lambda: 24
epsilon_svgd: 0.03
gamma: 0.005
decay_start_ratio: 0.05
decay_min_factor: 0.05
bandwith_kernel: None
no_interact: False
avg_score: -2210.919921875
median_score: -2169.0
std_score: 173.30029296875
percentiles: 2%=-2548.56005859375, 5%=-2496.25, 10%=-2444.0, 25%=-2371.25, 50%=-2169.0, 75%=-2085.5, 90%=-2020.0, 95%=-1966.4000244140625, 98%=-1883.8199462890625
ranking_best_algo: SVM1MetaModelLogNormal
ranking_best_score: 2605.14
ranking_my_rank: 183/504 (63.9%)
ranking_my_percent: 63.888888888888886
