ConfigName: krbf__advnormalizedfitness__M4__L12__eps0p025__g0p007__ds0p3__dm0p01
Problem: QUBO
Kernel: rbf
Advantage: normalizedfitness
M: 4
lambda: 12
epsilon_svgd: 0.025
gamma: 0.007
decay_start_ratio: 0.3
decay_min_factor: 0.01
bandwith_kernel: None
no_interact: False
avg_score: -149.83999633789062
median_score: -147.5
std_score: 12.763009071350098
percentiles: 2%=-179.0, 5%=-179.0, 10%=-164.0, 25%=-155.5, 50%=-147.5, 75%=-141.0, 90%=-137.89999389648438, 95%=-130.80001831054688, 98%=-122.95999145507812
ranking_best_algo: CMApara
ranking_best_score: 154.28
ranking_my_rank: 76/504 (85.1%)
ranking_my_percent: 85.11904761904762
