ConfigName: kjsd__advperagentrankweighted__M3__L20__eps0p005__g0p001__ds0p1__dm0p2
Problem: QUBO
Kernel: jsd
Advantage: peragentrankweighted
M: 3
lambda: 20
epsilon_svgd: 0.005
gamma: 0.001
decay_start_ratio: 0.1
decay_min_factor: 0.2
bandwith_kernel: None
no_interact: False
avg_score: -1594.0400390625
median_score: -1595.0
std_score: 65.97377014160156
percentiles: 2%=-1724.199951171875, 5%=-1705.5, 10%=-1679.4000244140625, 25%=-1634.75, 50%=-1595.0, 75%=-1557.75, 90%=-1512.4000244140625, 95%=-1482.25, 98%=-1440.8800048828125
ranking_best_algo: NLOPT_LN_PRAXIS
ranking_best_score: 1607.12
ranking_my_rank: 38/504 (92.7%)
ranking_my_percent: 92.65873015873017
