ConfigName: kjsd__advperagentrankweighted__M5__L10__eps0p01__g0p003__ds0p2__dm0p05
Problem: NK
Kernel: jsd
Advantage: peragentrankweighted
M: 5
lambda: 10
epsilon_svgd: 0.01
gamma: 0.003
decay_start_ratio: 0.2
decay_min_factor: 0.05
bandwith_kernel: None
no_interact: False
avg_score: 0.7053667306900024
median_score: 0.707584023475647
std_score: 0.01219221018254757
percentiles: 2%=0.6839280128479004, 5%=0.6869169473648071, 10%=0.6885836124420166, 25%=0.6942280530929565, 50%=0.707584023475647, 75%=0.7158111333847046, 90%=0.7201589941978455, 95%=0.722385048866272, 98%=0.7246875762939453
ranking_best_algo: PBIL
ranking_best_score: 0.7013553837109374
ranking_my_rank: 1/504 (100.0%)
ranking_my_percent: 100.0
