ConfigName: kjsd__advperagentrankweighted__M4__L12__eps0p01__g0p0007__ds0p2__dm0p05
Problem: QUBO
Kernel: jsd
Advantage: peragentrankweighted
M: 4
lambda: 12
epsilon_svgd: 0.01
gamma: 0.0007
decay_start_ratio: 0.2
decay_min_factor: 0.05
bandwith_kernel: None
no_interact: False
avg_score: -307.79998779296875
median_score: -304.0
std_score: 39.0128173828125
percentiles: 2%=-394.0400085449219, 5%=-386.1000061035156, 10%=-359.6000061035156, 25%=-332.0, 50%=-304.0, 75%=-274.75, 90%=-262.8999938964844, 95%=-254.9499969482422, 98%=-248.0
ranking_best_algo: CMApara
ranking_best_score: 319.29999999999995
ranking_my_rank: 95/504 (81.3%)
ranking_my_percent: 81.34920634920636
