ConfigName: krbf__advnormalizedfitness__M2__L10__eps0p015__g0p015__ds0p3__dm0p3
Problem: QUBO
Kernel: rbf
Advantage: normalizedfitness
M: 2
lambda: 10
epsilon_svgd: 0.015
gamma: 0.015
decay_start_ratio: 0.3
decay_min_factor: 0.3
bandwith_kernel: None
no_interact: False
avg_score: -1319.1400146484375
median_score: -1342.5
std_score: 119.45124053955078
percentiles: 2%=-1555.1600341796875, 5%=-1511.3499755859375, 10%=-1478.0, 25%=-1397.75, 50%=-1342.5, 75%=-1233.0, 90%=-1160.699951171875, 95%=-1122.4000244140625, 98%=-1091.739990234375
ranking_best_algo: NLOPT_LN_PRAXIS
ranking_best_score: 1607.12
ranking_my_rank: 198/504 (60.9%)
ranking_my_percent: 60.91269841269841
