ConfigName: kfr__advglobalrankweighted__M6__L10__eps0p02__g0p003__ds0p01__dm0p01
Problem: QUBO
Kernel: fr
Advantage: globalrankweighted
M: 6
lambda: 10
epsilon_svgd: 0.02
gamma: 0.003
decay_start_ratio: 0.01
decay_min_factor: 0.01
bandwith_kernel: None
no_interact: False
avg_score: -1532.8199462890625
median_score: -1528.5
std_score: 68.37914276123047
percentiles: 2%=-1693.02001953125, 5%=-1648.550048828125, 10%=-1618.0, 25%=-1574.75, 50%=-1528.5, 75%=-1484.5, 90%=-1456.0, 95%=-1434.800048828125, 98%=-1399.5399169921875
ranking_best_algo: NLOPT_LN_PRAXIS
ranking_best_score: 1607.12
ranking_my_rank: 57/504 (88.9%)
ranking_my_percent: 88.88888888888889
