ConfigName: kjsd__advperagentrankweighted__M8__L8__eps0p005__g0p0005__ds0p05__dm0p05
Problem: QUBO
Kernel: jsd
Advantage: peragentrankweighted
M: 8
lambda: 8
epsilon_svgd: 0.005
gamma: 0.0005
decay_start_ratio: 0.05
decay_min_factor: 0.05
bandwith_kernel: None
no_interact: False
avg_score: -584.5599975585938
median_score: -586.0
std_score: 25.849687576293945
percentiles: 2%=-633.0999755859375, 5%=-629.0, 10%=-619.0, 25%=-603.0, 50%=-586.0, 75%=-566.75, 90%=-552.7999877929688, 95%=-545.9000244140625, 98%=-536.9199829101562
ranking_best_algo: Tabu
ranking_best_score: 588.7199999999999
ranking_my_rank: 5/503 (99.2%)
ranking_my_percent: 99.20477137176938
