ConfigName: kjsd__advperagentrankweighted__M3__L30__eps0p007__g0p001__ds0p2__dm0p2
Problem: QUBO
Kernel: jsd
Advantage: peragentrankweighted
M: 3
lambda: 30
epsilon_svgd: 0.007
gamma: 0.001
decay_start_ratio: 0.2
decay_min_factor: 0.2
bandwith_kernel: None
no_interact: False
avg_score: -576.239990234375
median_score: -575.0
std_score: 27.489315032958984
percentiles: 2%=-627.0399780273438, 5%=-620.0499877929688, 10%=-616.0, 25%=-594.5, 50%=-575.0, 75%=-557.75, 90%=-544.9000244140625, 95%=-531.5499877929688, 98%=-520.0
ranking_best_algo: Tabu
ranking_best_score: 588.7199999999999
ranking_my_rank: 56/503 (89.1%)
ranking_my_percent: 89.06560636182903
