ConfigName: krbf__advnormalizedfitness__M4__L10__eps0p025__g0p015__ds0p15__dm0p01
Problem: QUBO
Kernel: rbf
Advantage: normalizedfitness
M: 4
lambda: 10
epsilon_svgd: 0.025
gamma: 0.015
decay_start_ratio: 0.15
decay_min_factor: 0.01
bandwith_kernel: None
no_interact: False
avg_score: -841.52001953125
median_score: -834.0
std_score: 71.57673645019531
percentiles: 2%=-991.0399780273438, 5%=-976.0499877929688, 10%=-947.5999755859375, 25%=-885.75, 50%=-834.0, 75%=-789.0, 90%=-751.7999877929688, 95%=-736.9500122070312, 98%=-731.5798950195312
ranking_best_algo: CMAL3
ranking_best_score: 928.5800000000002
ranking_my_rank: 242/504 (52.2%)
ranking_my_percent: 52.182539682539684
