ConfigName: kjsd__advperagentrankweighted__M6__L8__eps0p03__g0p0007__ds0p05__dm0p05
Problem: NK
Kernel: jsd
Advantage: peragentrankweighted
M: 6
lambda: 8
epsilon_svgd: 0.03
gamma: 0.0007
decay_start_ratio: 0.05
decay_min_factor: 0.05
bandwith_kernel: None
no_interact: False
avg_score: 0.7223032116889954
median_score: 0.7214361429214478
std_score: 0.010390610434114933
percentiles: 2%=0.70472651720047, 5%=0.7083629369735718, 10%=0.7090697288513184, 25%=0.7139849066734314, 50%=0.7214361429214478, 75%=0.7299164533615112, 90%=0.7357033491134644, 95%=0.7408802509307861, 98%=0.7423251271247864
ranking_best_algo: Tabu
ranking_best_score: 0.7429702712499999
ranking_my_rank: 6/504 (99.0%)
ranking_my_percent: 99.0079365079365
