ConfigName: kjsd__advperagentrankweighted__M3__L18__eps0p007__g0p001__ds0p2__dm0p2
Problem: QUBO
Kernel: jsd
Advantage: peragentrankweighted
M: 3
lambda: 18
epsilon_svgd: 0.007
gamma: 0.001
decay_start_ratio: 0.2
decay_min_factor: 0.2
bandwith_kernel: None
no_interact: False
avg_score: -932.0999755859375
median_score: -936.0
std_score: 71.59280395507812
percentiles: 2%=-1063.300048828125, 5%=-1060.050048828125, 10%=-1036.5, 25%=-976.25, 50%=-936.0, 75%=-885.25, 90%=-824.5999755859375, 95%=-814.9000244140625, 98%=-800.7999877929688
ranking_best_algo: CMApara
ranking_best_score: 964.9
ranking_my_rank: 19/504 (96.4%)
ranking_my_percent: 96.42857142857143
