ConfigName: krbf__advnormalizedfitness__M2__L8__eps0p025__g0p007__ds0p3__dm0p01
Problem: QUBO
Kernel: rbf
Advantage: normalizedfitness
M: 2
lambda: 8
epsilon_svgd: 0.025
gamma: 0.007
decay_start_ratio: 0.3
decay_min_factor: 0.01
bandwith_kernel: None
no_interact: False
avg_score: -570.6599731445312
median_score: -572.0
std_score: 30.259618759155273
percentiles: 2%=-623.0800170898438, 5%=-617.0499877929688, 10%=-608.2000122070312, 25%=-593.0, 50%=-572.0, 75%=-546.75, 90%=-535.5999755859375, 95%=-514.75, 98%=-508.7799987792969
ranking_best_algo: Tabu
ranking_best_score: 588.7199999999999
ranking_my_rank: 68/503 (86.7%)
ranking_my_percent: 86.67992047713717
