ConfigName: kfr__advglobalrankweighted__M5__L11__eps0p01__g0p003__ds0p01__dm0p01
Problem: QUBO
Kernel: fr
Advantage: globalrankweighted
M: 5
lambda: 11
epsilon_svgd: 0.01
gamma: 0.003
decay_start_ratio: 0.01
decay_min_factor: 0.01
bandwith_kernel: None
no_interact: False
avg_score: -1220.780029296875
median_score: -1225.0
std_score: 72.61385345458984
percentiles: 2%=-1367.4200439453125, 5%=-1342.300048828125, 10%=-1303.699951171875, 25%=-1265.75, 50%=-1225.0, 75%=-1170.75, 90%=-1115.0, 95%=-1098.4000244140625, 98%=-1073.93994140625
ranking_best_algo: BigLognormalDiscreteOnePlusOne
ranking_best_score: 1301.3600000000004
ranking_my_rank: 71/504 (86.1%)
ranking_my_percent: 86.11111111111111
