ConfigName: kjsd__advperagentrankweighted__M3__L30__eps0p005__g0p0005__ds0p05__dm0p1
Problem: QUBO
Kernel: jsd
Advantage: peragentrankweighted
M: 3
lambda: 30
epsilon_svgd: 0.005
gamma: 0.0005
decay_start_ratio: 0.05
decay_min_factor: 0.1
bandwith_kernel: None
no_interact: False
avg_score: -933.97998046875
median_score: -932.0
std_score: 62.72367477416992
percentiles: 2%=-1072.0400390625, 5%=-1042.0999755859375, 10%=-1022.0, 25%=-974.75, 50%=-932.0, 75%=-889.75, 90%=-852.9000244140625, 95%=-836.9000244140625, 98%=-826.9000244140625
ranking_best_algo: CMApara
ranking_best_score: 964.9
ranking_my_rank: 17/504 (96.8%)
ranking_my_percent: 96.82539682539682
