ConfigName: kjsd__advperagentrankweighted__M5__L10__eps0p005__g0p0007__ds0p4__dm0p2
Problem: NK
Kernel: jsd
Advantage: peragentrankweighted
M: 5
lambda: 10
epsilon_svgd: 0.005
gamma: 0.0007
decay_start_ratio: 0.4
decay_min_factor: 0.2
bandwith_kernel: None
no_interact: False
avg_score: 0.7067303657531738
median_score: 0.7074304819107056
std_score: 0.011801283806562424
percentiles: 2%=0.687190055847168, 5%=0.6898759603500366, 10%=0.6912824511528015, 25%=0.6953800320625305, 50%=0.7074304819107056, 75%=0.7164319753646851, 90%=0.7201011776924133, 95%=0.7239723801612854, 98%=0.7249507308006287
ranking_best_algo: PBIL
ranking_best_score: 0.7013553837109374
ranking_my_rank: 1/504 (100.0%)
ranking_my_percent: 100.0
