ConfigName: krbf__advnormalizedfitness__M1__L8__eps0p033__g0p015__ds0p01__dm0p01
Problem: QUBO
Kernel: rbf
Advantage: normalizedfitness
M: 1
lambda: 8
epsilon_svgd: 0.033
gamma: 0.015
decay_start_ratio: 0.01
decay_min_factor: 0.01
bandwith_kernel: None
no_interact: False
avg_score: -1166.3399658203125
median_score: -1165.5
std_score: 69.17994689941406
percentiles: 2%=-1325.1199951171875, 5%=-1301.199951171875, 10%=-1267.0999755859375, 25%=-1212.75, 50%=-1165.5, 75%=-1120.25, 90%=-1080.9000244140625, 95%=-1064.9000244140625, 98%=-1053.719970703125
ranking_best_algo: Tabu
ranking_best_score: 1216.16
ranking_my_rank: 94/504 (81.5%)
ranking_my_percent: 81.54761904761905
