ConfigName: kfr__advglobalrankweighted__M4__L13__eps0p03__g0p007__ds0p01__dm0p01
Problem: QUBO
Kernel: fr
Advantage: globalrankweighted
M: 4
lambda: 13
epsilon_svgd: 0.03
gamma: 0.007
decay_start_ratio: 0.01
decay_min_factor: 0.01
bandwith_kernel: None
no_interact: False
avg_score: -1279.1199951171875
median_score: -1279.0
std_score: 60.932796478271484
percentiles: 2%=-1407.3199462890625, 5%=-1381.300048828125, 10%=-1355.4000244140625, 25%=-1316.25, 50%=-1279.0, 75%=-1229.75, 90%=-1199.699951171875, 95%=-1190.8499755859375, 98%=-1182.9599609375
ranking_best_algo: BigLognormalDiscreteOnePlusOne
ranking_best_score: 1301.3600000000004
ranking_my_rank: 32/504 (93.8%)
ranking_my_percent: 93.84920634920636
