ConfigName: krbf__advnormalizedfitness__M4__L10__eps0p025__g0p015__ds0p01__dm0p3
Problem: NK
Kernel: rbf
Advantage: normalizedfitness
M: 4
lambda: 10
epsilon_svgd: 0.025
gamma: 0.015
decay_start_ratio: 0.01
decay_min_factor: 0.3
bandwith_kernel: None
no_interact: False
avg_score: 0.7421538829803467
median_score: 0.7411027550697327
std_score: 0.030346479266881943
percentiles: 2%=0.6981449127197266, 5%=0.7009738087654114, 10%=0.7037873268127441, 25%=0.7157830595970154, 50%=0.7411027550697327, 75%=0.7580187320709229, 90%=0.778337299823761, 95%=0.8044298887252808, 98%=0.8117834329605103
ranking_best_algo: CMApara
ranking_best_score: 0.7459277895312499
ranking_my_rank: 22/504 (95.8%)
ranking_my_percent: 95.83333333333333
