ConfigName: krbf__advnormalizedfitness__M3__L15__eps0p025__g0p007__ds0p01__dm0p01
Problem: NK
Kernel: rbf
Advantage: normalizedfitness
M: 3
lambda: 15
epsilon_svgd: 0.025
gamma: 0.007
decay_start_ratio: 0.01
decay_min_factor: 0.01
bandwith_kernel: None
no_interact: False
avg_score: 0.7379177212715149
median_score: 0.7384107112884521
std_score: 0.009240198880434036
percentiles: 2%=0.7201943397521973, 5%=0.7212045788764954, 10%=0.7233682870864868, 25%=0.7326421737670898, 50%=0.7384107112884521, 75%=0.7452681660652161, 90%=0.7488803267478943, 95%=0.7529414296150208, 98%=0.7537542581558228
ranking_best_algo: PBIL
ranking_best_score: 0.730509098125
ranking_my_rank: 1/504 (100.0%)
ranking_my_percent: 100.0
