ConfigName: kfr__advglobalrankweighted__M4__L12__eps0p02__g0p005__ds0p01__dm0p01
Problem: QUBO
Kernel: fr
Advantage: globalrankweighted
M: 4
lambda: 12
epsilon_svgd: 0.02
gamma: 0.005
decay_start_ratio: 0.01
decay_min_factor: 0.01
bandwith_kernel: None
no_interact: False
avg_score: -913.3400268554688
median_score: -914.5
std_score: 65.50529479980469
percentiles: 2%=-1044.4000244140625, 5%=-1022.7999877929688, 10%=-991.5, 25%=-957.5, 50%=-914.5, 75%=-870.0, 90%=-826.9000244140625, 95%=-808.75, 98%=-790.699951171875
ranking_best_algo: CMAL3
ranking_best_score: 928.5800000000002
ranking_my_rank: 18/504 (96.6%)
ranking_my_percent: 96.62698412698413
