ConfigName: kjsd__advperagentrankweighted__M8__L24__eps0p005__g0p0005__ds0p3__dm0p05
Problem: QUBO
Kernel: jsd
Advantage: peragentrankweighted
M: 8
lambda: 24
epsilon_svgd: 0.005
gamma: 0.0005
decay_start_ratio: 0.3
decay_min_factor: 0.05
bandwith_kernel: None
no_interact: False
avg_score: -857.52001953125
median_score: -848.5
std_score: 76.97785186767578
percentiles: 2%=-1010.6400146484375, 5%=-985.6500244140625, 10%=-966.2000122070312, 25%=-908.5, 50%=-848.5, 75%=-797.0, 90%=-756.7000122070312, 95%=-740.9000244140625, 98%=-726.9199829101562
ranking_best_algo: CMApara
ranking_best_score: 964.9
ranking_my_rank: 253/504 (50.0%)
ranking_my_percent: 50.0
