ConfigName: krbf__advnormalizedfitness__M3__L15__eps0p015__g0p007__ds0p15__dm0p01
Problem: NK
Kernel: rbf
Advantage: normalizedfitness
M: 3
lambda: 15
epsilon_svgd: 0.015
gamma: 0.007
decay_start_ratio: 0.15
decay_min_factor: 0.01
bandwith_kernel: None
no_interact: False
avg_score: 0.7526936531066895
median_score: 0.7533105611801147
std_score: 0.014977875165641308
percentiles: 2%=0.720977783203125, 5%=0.7268807291984558, 10%=0.7318868637084961, 25%=0.7427687048912048, 50%=0.7533105611801147, 75%=0.7646220326423645, 90%=0.7700687050819397, 95%=0.7744952440261841, 98%=0.7783521413803101
ranking_best_algo: Tabu
ranking_best_score: 0.7470791764843752
ranking_my_rank: 1/504 (100.0%)
ranking_my_percent: 100.0
