ConfigName: kjsd__advperagentrankweighted__M10__L12__eps0p008__g0p0005__ds0p05__dm0p05
Problem: QUBO
Kernel: jsd
Advantage: peragentrankweighted
M: 10
lambda: 12
epsilon_svgd: 0.008
gamma: 0.0005
decay_start_ratio: 0.05
decay_min_factor: 0.05
bandwith_kernel: None
no_interact: False
avg_score: -314.5199890136719
median_score: -314.0
std_score: 37.64903259277344
percentiles: 2%=-394.0400085449219, 5%=-390.0, 10%=-360.3999938964844, 25%=-337.5, 50%=-314.0, 75%=-278.75, 90%=-272.0, 95%=-269.95001220703125, 98%=-265.7200012207031
ranking_best_algo: CMApara
ranking_best_score: 319.29999999999995
ranking_my_rank: 14/504 (97.4%)
ranking_my_percent: 97.42063492063492
