ConfigName: kjsd__advperagentrankweighted__M3__L20__eps0p005__g0p001__ds0p2__dm0p1
Problem: NK
Kernel: jsd
Advantage: peragentrankweighted
M: 3
lambda: 20
epsilon_svgd: 0.005
gamma: 0.001
decay_start_ratio: 0.2
decay_min_factor: 0.1
bandwith_kernel: None
no_interact: False
avg_score: 0.7075571417808533
median_score: 0.7096673846244812
std_score: 0.011677875183522701
percentiles: 2%=0.6885637044906616, 5%=0.6900742053985596, 10%=0.6933560371398926, 25%=0.6962471008300781, 50%=0.7096673846244812, 75%=0.7178969979286194, 90%=0.7213138341903687, 95%=0.723372220993042, 98%=0.7243984341621399
ranking_best_algo: PBIL
ranking_best_score: 0.7013553837109374
ranking_my_rank: 1/504 (100.0%)
ranking_my_percent: 100.0
