ConfigName: krbf__advnormalizedfitness__M3__L8__eps0p025__g0p01__ds0p3__dm0p3
Problem: QUBO
Kernel: rbf
Advantage: normalizedfitness
M: 3
lambda: 8
epsilon_svgd: 0.025
gamma: 0.01
decay_start_ratio: 0.3
decay_min_factor: 0.3
bandwith_kernel: None
no_interact: False
avg_score: -1241.1400146484375
median_score: -1248.5
std_score: 68.26712799072266
percentiles: 2%=-1367.699951171875, 5%=-1345.0999755859375, 10%=-1321.0999755859375, 25%=-1290.5, 50%=-1248.5, 75%=-1194.5, 90%=-1145.0, 95%=-1116.9000244140625, 98%=-1102.8800048828125
ranking_best_algo: BigLognormalDiscreteOnePlusOne
ranking_best_score: 1301.3600000000004
ranking_my_rank: 57/504 (88.9%)
ranking_my_percent: 88.88888888888889
