ConfigName: kjsd__advperagentrankweighted__M4__L10__eps0p008__g0p0005__ds0p05__dm0p05
Problem: NK
Kernel: jsd
Advantage: peragentrankweighted
M: 4
lambda: 10
epsilon_svgd: 0.008
gamma: 0.0005
decay_start_ratio: 0.05
decay_min_factor: 0.05
bandwith_kernel: None
no_interact: False
avg_score: 0.7086457014083862
median_score: 0.710792601108551
std_score: 0.01508113369345665
percentiles: 2%=0.6693129539489746, 5%=0.6719877123832703, 10%=0.6925733685493469, 25%=0.7050070762634277, 50%=0.710792601108551, 75%=0.7170314192771912, 90%=0.7243577837944031, 95%=0.7318849563598633, 98%=0.7329276204109192
ranking_best_algo: CMApara
ranking_best_score: 0.707475975
ranking_my_rank: 1/504 (100.0%)
ranking_my_percent: 100.0
