ConfigName: krbf__advnormalizedfitness__M4__L8__eps0p025__g0p007__ds0p15__dm0p01
Problem: QUBO
Kernel: rbf
Advantage: normalizedfitness
M: 4
lambda: 8
epsilon_svgd: 0.025
gamma: 0.007
decay_start_ratio: 0.15
decay_min_factor: 0.01
bandwith_kernel: None
no_interact: False
avg_score: -1243.1800537109375
median_score: -1234.5
std_score: 71.48641204833984
percentiles: 2%=-1369.8599853515625, 5%=-1359.0, 10%=-1337.300048828125, 25%=-1299.25, 50%=-1234.5, 75%=-1190.25, 90%=-1156.800048828125, 95%=-1138.10009765625, 98%=-1099.8599853515625
ranking_best_algo: BigLognormalDiscreteOnePlusOne
ranking_best_score: 1301.3600000000004
ranking_my_rank: 57/504 (88.9%)
ranking_my_percent: 88.88888888888889
