ConfigName: kjsd__advperagentrankweighted__M3__L20__eps0p007__g0p0007__ds0p2__dm0p1
Problem: NK
Kernel: jsd
Advantage: peragentrankweighted
M: 3
lambda: 20
epsilon_svgd: 0.007
gamma: 0.0007
decay_start_ratio: 0.2
decay_min_factor: 0.1
bandwith_kernel: None
no_interact: False
avg_score: 0.7100715041160583
median_score: 0.7112140655517578
std_score: 0.015020739287137985
percentiles: 2%=0.6726335883140564, 5%=0.6735184788703918, 10%=0.696487307548523, 25%=0.7071137428283691, 50%=0.7112140655517578, 75%=0.7184407711029053, 90%=0.7252187728881836, 95%=0.7329257130622864, 98%=0.7336152195930481
ranking_best_algo: CMApara
ranking_best_score: 0.707475975
ranking_my_rank: 1/504 (100.0%)
ranking_my_percent: 100.0
