ConfigName: kjsd__advperagentrankweighted__M3__L20__eps0p01__g0p0005__ds0p05__dm0p1
Problem: QUBO
Kernel: jsd
Advantage: peragentrankweighted
M: 3
lambda: 20
epsilon_svgd: 0.01
gamma: 0.0005
decay_start_ratio: 0.05
decay_min_factor: 0.1
bandwith_kernel: None
no_interact: False
avg_score: -307.0799865722656
median_score: -308.0
std_score: 40.965763092041016
percentiles: 2%=-392.0799865722656, 5%=-382.1000061035156, 10%=-358.0, 25%=-336.0, 50%=-308.0, 75%=-275.0, 90%=-256.0, 95%=-243.8000030517578, 98%=-235.83999633789062
ranking_best_algo: CMApara
ranking_best_score: 319.29999999999995
ranking_my_rank: 104/504 (79.6%)
ranking_my_percent: 79.56349206349206
