ConfigName: kjsd__advperagentrankweighted__M3__L18__eps0p005__g0p001__ds0p05__dm0p2
Problem: NK
Kernel: jsd
Advantage: peragentrankweighted
M: 3
lambda: 18
epsilon_svgd: 0.005
gamma: 0.001
decay_start_ratio: 0.05
decay_min_factor: 0.2
bandwith_kernel: None
no_interact: False
avg_score: 0.7073901295661926
median_score: 0.7091043591499329
std_score: 0.011942037381231785
percentiles: 2%=0.6881710290908813, 5%=0.6889237761497498, 10%=0.6918196678161621, 25%=0.6960840225219727, 50%=0.7091043591499329, 75%=0.7181183099746704, 90%=0.7212461233139038, 95%=0.7233969569206238, 98%=0.7239769697189331
ranking_best_algo: PBIL
ranking_best_score: 0.7013553837109374
ranking_my_rank: 1/504 (100.0%)
ranking_my_percent: 100.0
