ConfigName: kjsd__advperagentrankweighted__M5__L8__eps0p03__g0p0005__ds0p05__dm0p05
Problem: NK
Kernel: jsd
Advantage: peragentrankweighted
M: 5
lambda: 8
epsilon_svgd: 0.03
gamma: 0.0005
decay_start_ratio: 0.05
decay_min_factor: 0.05
bandwith_kernel: None
no_interact: False
avg_score: 0.7242484092712402
median_score: 0.7253496050834656
std_score: 0.009144831448793411
percentiles: 2%=0.7070541381835938, 5%=0.708052933216095, 10%=0.7104507684707642, 25%=0.7188110947608948, 50%=0.7253496050834656, 75%=0.7309278249740601, 90%=0.7361880540847778, 95%=0.7383251190185547, 98%=0.7394310832023621
ranking_best_algo: PBIL
ranking_best_score: 0.7248786399609374
ranking_my_rank: 2/504 (99.8%)
ranking_my_percent: 99.8015873015873
