ConfigName: krbf__advnormalizedfitness__M2__L10__eps0p015__g0p015__ds0p01__dm0p01
Problem: QUBO
Kernel: rbf
Advantage: normalizedfitness
M: 2
lambda: 10
epsilon_svgd: 0.015
gamma: 0.015
decay_start_ratio: 0.01
decay_min_factor: 0.01
bandwith_kernel: None
no_interact: False
avg_score: -2586.179931640625
median_score: -2576.0
std_score: 129.7510223388672
percentiles: 2%=-2832.93994140625, 5%=-2792.050048828125, 10%=-2776.10009765625, 25%=-2666.0, 50%=-2576.0, 75%=-2496.5, 90%=-2437.699951171875, 95%=-2370.800048828125, 98%=-2318.659912109375
ranking_best_algo: DiscreteLengler2OnePlusOne
ranking_best_score: 2617.04
ranking_my_rank: 43/504 (91.7%)
ranking_my_percent: 91.66666666666667
