ConfigName: kjsd__advperagentrankweighted__M3__L16__eps0p01__g0p001__ds0p05__dm0p2
Problem: QUBO
Kernel: jsd
Advantage: peragentrankweighted
M: 3
lambda: 16
epsilon_svgd: 0.01
gamma: 0.001
decay_start_ratio: 0.05
decay_min_factor: 0.2
bandwith_kernel: None
no_interact: False
avg_score: -138.3800048828125
median_score: -139.0
std_score: 11.705367088317871
percentiles: 2%=-158.0399932861328, 5%=-158.0, 10%=-153.1999969482422, 25%=-146.0, 50%=-139.0, 75%=-130.0, 90%=-125.0, 95%=-118.9000015258789, 98%=-114.9800033569336
ranking_best_algo: DiscreteDE
ranking_best_score: 143.4
ranking_my_rank: 108/504 (78.8%)
ranking_my_percent: 78.76984126984127
