ConfigName: krbf__advnormalizedfitness__M1__L10__eps0p015__g0p01__ds0p3__dm0p3
Problem: QUBO
Kernel: rbf
Advantage: normalizedfitness
M: 1
lambda: 10
epsilon_svgd: 0.015
gamma: 0.01
decay_start_ratio: 0.3
decay_min_factor: 0.3
bandwith_kernel: None
no_interact: False
avg_score: -2548.06005859375
median_score: -2569.0
std_score: 195.6687774658203
percentiles: 2%=-2765.139892578125, 5%=-2760.0, 10%=-2713.10009765625, 25%=-2648.25, 50%=-2569.0, 75%=-2466.75, 90%=-2411.0, 95%=-2377.0, 98%=-2303.43994140625
ranking_best_algo: SVM1MetaModelLogNormal
ranking_best_score: 2605.14
ranking_my_rank: 42/504 (91.9%)
ranking_my_percent: 91.86507936507937
