ConfigName: krbf__advnormalizedfitness__M4__L8__eps0p025__g0p015__ds0p3__dm0p3
Problem: QUBO
Kernel: rbf
Advantage: normalizedfitness
M: 4
lambda: 8
epsilon_svgd: 0.025
gamma: 0.015
decay_start_ratio: 0.3
decay_min_factor: 0.3
bandwith_kernel: None
no_interact: False
avg_score: -446.05999755859375
median_score: -441.0
std_score: 46.935237884521484
percentiles: 2%=-538.0999755859375, 5%=-525.0, 10%=-513.0, 25%=-479.5, 50%=-441.0, 75%=-416.0, 90%=-386.0, 95%=-372.6500244140625, 98%=-357.77996826171875
ranking_best_algo: Tabu
ranking_best_score: 588.7199999999999
ranking_my_rank: 326/503 (35.4%)
ranking_my_percent: 35.387673956262425
