ConfigName: kjsd__advperagentrankweighted__M3__L30__eps0p007__g0p0005__ds0p1__dm0p1
Problem: NK
Kernel: jsd
Advantage: peragentrankweighted
M: 3
lambda: 30
epsilon_svgd: 0.007
gamma: 0.0005
decay_start_ratio: 0.1
decay_min_factor: 0.1
bandwith_kernel: None
no_interact: False
avg_score: 0.7100129723548889
median_score: 0.7108820080757141
std_score: 0.015432067215442657
percentiles: 2%=0.6696630716323853, 5%=0.6729848980903625, 10%=0.6963131427764893, 25%=0.7066376209259033, 50%=0.7108820080757141, 75%=0.7189863920211792, 90%=0.7255534529685974, 95%=0.7322976589202881, 98%=0.7328450679779053
ranking_best_algo: CMApara
ranking_best_score: 0.707475975
ranking_my_rank: 1/504 (100.0%)
ranking_my_percent: 100.0
