ConfigName: kjsd__advperagentrankweighted__M3__L20__eps0p005__g0p0007__ds0p2__dm0p2
Problem: QUBO
Kernel: jsd
Advantage: peragentrankweighted
M: 3
lambda: 20
epsilon_svgd: 0.005
gamma: 0.0007
decay_start_ratio: 0.2
decay_min_factor: 0.2
bandwith_kernel: None
no_interact: False
avg_score: -2642.919921875
median_score: -2628.0
std_score: 123.31793975830078
percentiles: 2%=-2914.3798828125, 5%=-2866.10009765625, 10%=-2815.10009765625, 25%=-2716.75, 50%=-2628.0, 75%=-2552.75, 90%=-2505.5, 95%=-2451.949951171875, 98%=-2401.860107421875
ranking_best_algo: DiscreteLengler2OnePlusOne
ranking_best_score: 2617.04
ranking_my_rank: 1/504 (100.0%)
ranking_my_percent: 100.0
