ConfigName: krbf__advnormalizedfitness__M2__L8__eps0p033__g0p007__ds0p01__dm0p3
Problem: QUBO
Kernel: rbf
Advantage: normalizedfitness
M: 2
lambda: 8
epsilon_svgd: 0.033
gamma: 0.007
decay_start_ratio: 0.01
decay_min_factor: 0.3
bandwith_kernel: None
no_interact: False
avg_score: -2580.780029296875
median_score: -2579.0
std_score: 123.90476989746094
percentiles: 2%=-2810.139892578125, 5%=-2789.10009765625, 10%=-2752.199951171875, 25%=-2672.5, 50%=-2579.0, 75%=-2493.5, 90%=-2436.5, 95%=-2377.89990234375, 98%=-2307.919921875
ranking_best_algo: DiscreteLengler2OnePlusOne
ranking_best_score: 2617.04
ranking_my_rank: 47/504 (90.9%)
ranking_my_percent: 90.87301587301587
