ConfigName: kjsd__advperagentrankweighted__M3__L18__eps0p01__g0p003__ds0p05__dm0p1
Problem: QUBO
Kernel: jsd
Advantage: peragentrankweighted
M: 3
lambda: 18
epsilon_svgd: 0.01
gamma: 0.003
decay_start_ratio: 0.05
decay_min_factor: 0.1
bandwith_kernel: None
no_interact: False
avg_score: -580.3200073242188
median_score: -580.0
std_score: 26.096315383911133
percentiles: 2%=-629.2000122070312, 5%=-623.0, 10%=-615.2000122070312, 25%=-599.25, 50%=-580.0, 75%=-561.75, 90%=-544.7000122070312, 95%=-537.0, 98%=-532.9600219726562
ranking_best_algo: Tabu
ranking_best_score: 588.7199999999999
ranking_my_rank: 38/503 (92.6%)
ranking_my_percent: 92.6441351888668
