ConfigName: krbf__advnormalizedfitness__M4__L12__eps0p015__g0p01__ds0p01__dm0p3
Problem: QUBO
Kernel: rbf
Advantage: normalizedfitness
M: 4
lambda: 12
epsilon_svgd: 0.015
gamma: 0.01
decay_start_ratio: 0.01
decay_min_factor: 0.3
bandwith_kernel: None
no_interact: False
avg_score: -338.5199890136719
median_score: -334.0
std_score: 39.22511291503906
percentiles: 2%=-419.1400146484375, 5%=-402.54998779296875, 10%=-392.29998779296875, 25%=-365.0, 50%=-334.0, 75%=-311.75, 90%=-285.79998779296875, 95%=-274.0, 98%=-271.8399658203125
ranking_best_algo: Tabu
ranking_best_score: 438.12
ranking_my_rank: 325/504 (35.7%)
ranking_my_percent: 35.714285714285715
