ConfigName: kjsd__advperagentrankweighted__M3__L18__eps0p01__g0p0007__ds0p1__dm0p05
Problem: QUBO
Kernel: jsd
Advantage: peragentrankweighted
M: 3
lambda: 18
epsilon_svgd: 0.01
gamma: 0.0007
decay_start_ratio: 0.1
decay_min_factor: 0.05
bandwith_kernel: None
no_interact: False
avg_score: -137.5
median_score: -141.0
std_score: 11.984573364257812
percentiles: 2%=-159.0, 5%=-157.0500030517578, 10%=-152.0, 25%=-146.0, 50%=-141.0, 75%=-129.0, 90%=-119.9000015258789, 95%=-115.0, 98%=-110.94000244140625
ranking_best_algo: DiscreteDE
ranking_best_score: 143.4
ranking_my_rank: 126/504 (75.2%)
ranking_my_percent: 75.1984126984127
