ConfigName: kjsd__advperagentrankweighted__M10__L28__eps0p008__g0p0005__ds0p05__dm0p05
Problem: QUBO
Kernel: jsd
Advantage: peragentrankweighted
M: 10
lambda: 28
epsilon_svgd: 0.008
gamma: 0.0005
decay_start_ratio: 0.05
decay_min_factor: 0.05
bandwith_kernel: None
no_interact: False
avg_score: -784.02001953125
median_score: -775.5
std_score: 73.55501556396484
percentiles: 2%=-949.0599975585938, 5%=-897.6500244140625, 10%=-882.5999755859375, 25%=-834.0, 50%=-775.5, 75%=-737.0, 90%=-697.0999755859375, 95%=-683.9000244140625, 98%=-657.9000244140625
ranking_best_algo: CMAL3
ranking_best_score: 928.5800000000002
ranking_my_rank: 309/504 (38.9%)
ranking_my_percent: 38.888888888888886
