ConfigName: kfr__advglobalrankweighted__M4__L24__eps0p02__g0p007__ds0p01__dm0p01
Problem: QUBO
Kernel: fr
Advantage: globalrankweighted
M: 4
lambda: 24
epsilon_svgd: 0.02
gamma: 0.007
decay_start_ratio: 0.01
decay_min_factor: 0.01
bandwith_kernel: None
no_interact: False
avg_score: -199.9600067138672
median_score: -201.0
std_score: 11.892786979675293
percentiles: 2%=-222.0399932861328, 5%=-218.10000610351562, 10%=-213.10000610351562, 25%=-207.5, 50%=-201.0, 75%=-193.0, 90%=-185.0, 95%=-177.90000915527344, 98%=-173.85997009277344
ranking_best_algo: Tabu
ranking_best_score: 208.36000000000004
ranking_my_rank: 55/504 (89.3%)
ranking_my_percent: 89.28571428571429
