ConfigName: krbf__advnormalizedfitness__M4__L15__eps0p025__g0p005__ds0p01__dm0p3
Problem: NK
Kernel: rbf
Advantage: normalizedfitness
M: 4
lambda: 15
epsilon_svgd: 0.025
gamma: 0.005
decay_start_ratio: 0.01
decay_min_factor: 0.3
bandwith_kernel: None
no_interact: False
avg_score: 0.7171370983123779
median_score: 0.7169581651687622
std_score: 0.022908294573426247
percentiles: 2%=0.6722245216369629, 5%=0.6794448494911194, 10%=0.6865091323852539, 25%=0.7006241083145142, 50%=0.7169581651687622, 75%=0.7316110730171204, 90%=0.7438832521438599, 95%=0.7565709948539734, 98%=0.7630191445350647
ranking_best_algo: Tabu
ranking_best_score: 0.7601875690625
ranking_my_rank: 208/504 (58.9%)
ranking_my_percent: 58.92857142857143
