ConfigName: krbf__advnormalizedfitness__M3__L15__eps0p015__g0p01__ds0p15__dm0p01
Problem: QUBO
Kernel: rbf
Advantage: normalizedfitness
M: 3
lambda: 15
epsilon_svgd: 0.015
gamma: 0.01
decay_start_ratio: 0.15
decay_min_factor: 0.01
bandwith_kernel: None
no_interact: False
avg_score: -150.0399932861328
median_score: -149.0
std_score: 12.712136268615723
percentiles: 2%=-179.0, 5%=-179.0, 10%=-165.49998474121094, 25%=-155.0, 50%=-149.0, 75%=-141.0, 90%=-135.89999389648438, 95%=-133.95001220703125, 98%=-128.95999145507812
ranking_best_algo: CMApara
ranking_best_score: 154.28
ranking_my_rank: 76/504 (85.1%)
ranking_my_percent: 85.11904761904762
