ConfigName: kjsd__advperagentrankweighted__M3__L16__eps0p007__g0p001__ds0p05__dm0p2
Problem: NK
Kernel: jsd
Advantage: peragentrankweighted
M: 3
lambda: 16
epsilon_svgd: 0.007
gamma: 0.001
decay_start_ratio: 0.05
decay_min_factor: 0.2
bandwith_kernel: None
no_interact: False
avg_score: 0.7114077806472778
median_score: 0.70106041431427
std_score: 0.031594134867191315
percentiles: 2%=0.673698365688324, 5%=0.6751645803451538, 10%=0.6757245659828186, 25%=0.6823291182518005, 50%=0.70106041431427, 75%=0.7474179267883301, 90%=0.7525893449783325, 95%=0.7613165378570557, 98%=0.7613165378570557
ranking_best_algo: CMApara
ranking_best_score: 0.7118996098437498
ranking_my_rank: 2/504 (99.8%)
ranking_my_percent: 99.8015873015873
