ConfigName: krbf__advnormalizedfitness__M4__L12__eps0p033__g0p005__ds0p15__dm0p3
Problem: QUBO
Kernel: rbf
Advantage: normalizedfitness
M: 4
lambda: 12
epsilon_svgd: 0.033
gamma: 0.005
decay_start_ratio: 0.15
decay_min_factor: 0.3
bandwith_kernel: None
no_interact: False
avg_score: -1178.6199951171875
median_score: -1173.0
std_score: 55.07373046875
percentiles: 2%=-1292.0400390625, 5%=-1275.0999755859375, 10%=-1243.199951171875, 25%=-1214.5, 50%=-1173.0, 75%=-1137.75, 90%=-1112.9000244140625, 95%=-1098.7000732421875, 98%=-1076.8599853515625
ranking_best_algo: Tabu
ranking_best_score: 1216.16
ranking_my_rank: 70/504 (86.3%)
ranking_my_percent: 86.30952380952381
