ConfigName: kjsd__advperagentrankweighted__M5__L10__eps0p01__g0p003__ds0p2__dm0p2
Problem: NK
Kernel: jsd
Advantage: peragentrankweighted
M: 5
lambda: 10
epsilon_svgd: 0.01
gamma: 0.003
decay_start_ratio: 0.2
decay_min_factor: 0.2
bandwith_kernel: None
no_interact: False
avg_score: 0.7217803001403809
median_score: 0.7229064702987671
std_score: 0.011671507731080055
percentiles: 2%=0.6954398155212402, 5%=0.7014762163162231, 10%=0.704001784324646, 25%=0.7157890796661377, 50%=0.7229064702987671, 75%=0.7309955954551697, 90%=0.7354347705841064, 95%=0.7382819652557373, 98%=0.7404934763908386
ranking_best_algo: PBIL
ranking_best_score: 0.7248786399609374
ranking_my_rank: 2/504 (99.8%)
ranking_my_percent: 99.8015873015873
