ConfigName: kjsd__advperagentrankweighted__M4__L12__eps0p005__g0p0007__ds0p05__dm0p2
Problem: NK
Kernel: jsd
Advantage: peragentrankweighted
M: 4
lambda: 12
epsilon_svgd: 0.005
gamma: 0.0007
decay_start_ratio: 0.05
decay_min_factor: 0.2
bandwith_kernel: None
no_interact: False
avg_score: 0.7347093224525452
median_score: 0.7356246709823608
std_score: 0.008525414392352104
percentiles: 2%=0.7162207961082458, 5%=0.7180142402648926, 10%=0.7235319018363953, 25%=0.7294707894325256, 50%=0.7356246709823608, 75%=0.7415807247161865, 90%=0.7454674243927002, 95%=0.7462459206581116, 98%=0.7476637363433838
ranking_best_algo: PBIL
ranking_best_score: 0.7248786399609374
ranking_my_rank: 1/504 (100.0%)
ranking_my_percent: 100.0
