ConfigName: krbf__advnormalizedfitness__M4__L15__eps0p033__g0p01__ds0p01__dm0p01
Problem: NK
Kernel: rbf
Advantage: normalizedfitness
M: 4
lambda: 15
epsilon_svgd: 0.033
gamma: 0.01
decay_start_ratio: 0.01
decay_min_factor: 0.01
bandwith_kernel: None
no_interact: False
avg_score: 0.715898871421814
median_score: 0.7160561084747314
std_score: 0.015621223486959934
percentiles: 2%=0.6821837425231934, 5%=0.6904133558273315, 10%=0.6948586702346802, 25%=0.7059060335159302, 50%=0.7160561084747314, 75%=0.7267240881919861, 90%=0.7354161739349365, 95%=0.7384591102600098, 98%=0.7428187131881714
ranking_best_algo: PBIL
ranking_best_score: 0.733570253046875
ranking_my_rank: 57/504 (88.9%)
ranking_my_percent: 88.88888888888889
