ConfigName: kjsd__advperagentrankweighted__M3__L20__eps0p007__g0p0005__ds0p2__dm0p05
Problem: QUBO
Kernel: jsd
Advantage: peragentrankweighted
M: 3
lambda: 20
epsilon_svgd: 0.007
gamma: 0.0005
decay_start_ratio: 0.2
decay_min_factor: 0.05
bandwith_kernel: None
no_interact: False
avg_score: -331.4599914550781
median_score: -337.0
std_score: 21.684749603271484
percentiles: 2%=-372.0, 5%=-354.1499938964844, 10%=-354.0, 25%=-343.0, 50%=-337.0, 75%=-320.75, 90%=-298.0, 95%=-285.79998779296875, 98%=-277.9599914550781
ranking_best_algo: CMApara
ranking_best_score: 344.22
ranking_my_rank: 76/504 (85.1%)
ranking_my_percent: 85.11904761904762
