ConfigName: krbf__advnormalizedfitness__M4__L8__eps0p033__g0p01__ds0p3__dm0p3
Problem: QUBO
Kernel: rbf
Advantage: normalizedfitness
M: 4
lambda: 8
epsilon_svgd: 0.033
gamma: 0.01
decay_start_ratio: 0.3
decay_min_factor: 0.3
bandwith_kernel: None
no_interact: False
avg_score: -1153.9200439453125
median_score: -1155.5
std_score: 67.42769622802734
percentiles: 2%=-1285.760009765625, 5%=-1250.199951171875, 10%=-1230.199951171875, 25%=-1201.25, 50%=-1155.5, 75%=-1094.0, 90%=-1067.800048828125, 95%=-1055.800048828125, 98%=-1033.659912109375
ranking_best_algo: Tabu
ranking_best_score: 1216.16
ranking_my_rank: 108/504 (78.8%)
ranking_my_percent: 78.76984126984127
