ConfigName: kjsd__advperagentrankweighted__M3__L20__eps0p005__g0p0005__ds0p1__dm0p05
Problem: QUBO
Kernel: jsd
Advantage: peragentrankweighted
M: 3
lambda: 20
epsilon_svgd: 0.005
gamma: 0.0005
decay_start_ratio: 0.1
decay_min_factor: 0.05
bandwith_kernel: None
no_interact: False
avg_score: -145.75999450683594
median_score: -145.0
std_score: 13.246222496032715
percentiles: 2%=-179.0, 5%=-164.75, 10%=-160.0, 25%=-155.0, 50%=-145.0, 75%=-137.0, 90%=-130.8000030517578, 95%=-125.0, 98%=-121.9000015258789
ranking_best_algo: CMApara
ranking_best_score: 154.28
ranking_my_rank: 136/504 (73.2%)
ranking_my_percent: 73.21428571428571
