ConfigName: kjsd__advperagentrankweighted__M3__L20__eps0p01__g0p0005__ds0p05__dm0p05
Problem: NK
Kernel: jsd
Advantage: peragentrankweighted
M: 3
lambda: 20
epsilon_svgd: 0.01
gamma: 0.0005
decay_start_ratio: 0.05
decay_min_factor: 0.05
bandwith_kernel: None
no_interact: False
avg_score: 0.734035313129425
median_score: 0.7341849207878113
std_score: 0.008916686289012432
percentiles: 2%=0.7159304022789001, 5%=0.7192152142524719, 10%=0.7222420573234558, 25%=0.727331280708313, 50%=0.7341849207878113, 75%=0.7418911457061768, 90%=0.7455780506134033, 95%=0.7470111846923828, 98%=0.7474555969238281
ranking_best_algo: PBIL
ranking_best_score: 0.7248786399609374
ranking_my_rank: 1/504 (100.0%)
ranking_my_percent: 100.0
