ConfigName: krbf__advnormalizedfitness__M1__L8__eps0p015__g0p005__ds0p15__dm0p01
Problem: NK
Kernel: rbf
Advantage: normalizedfitness
M: 1
lambda: 8
epsilon_svgd: 0.015
gamma: 0.005
decay_start_ratio: 0.15
decay_min_factor: 0.01
bandwith_kernel: None
no_interact: False
avg_score: 0.7270050048828125
median_score: 0.7258105278015137
std_score: 0.017485417425632477
percentiles: 2%=0.6937733888626099, 5%=0.6998021602630615, 10%=0.7043987512588501, 25%=0.7153643369674683, 50%=0.7258105278015137, 75%=0.7361760139465332, 90%=0.7504311203956604, 95%=0.7558751106262207, 98%=0.7647829055786133
ranking_best_algo: Tabu
ranking_best_score: 0.7601875690625
ranking_my_rank: 59/504 (88.5%)
ranking_my_percent: 88.4920634920635
