ConfigName: kjsd__advperagentrankweighted__M6__L28__eps0p005__g0p0005__ds0p05__dm0p05
Problem: QUBO
Kernel: jsd
Advantage: peragentrankweighted
M: 6
lambda: 28
epsilon_svgd: 0.005
gamma: 0.0005
decay_start_ratio: 0.05
decay_min_factor: 0.05
bandwith_kernel: None
no_interact: False
avg_score: -200.75999450683594
median_score: -201.0
std_score: 11.897159576416016
percentiles: 2%=-224.0, 5%=-222.0, 10%=-215.0, 25%=-209.0, 50%=-201.0, 75%=-193.5, 90%=-185.0, 95%=-180.9499969482422, 98%=-175.9199981689453
ranking_best_algo: Tabu
ranking_best_score: 208.36000000000004
ranking_my_rank: 45/504 (91.3%)
ranking_my_percent: 91.26984126984127
