ConfigName: krbf__advnormalizedfitness__M3__L12__eps0p015__g0p005__ds0p3__dm0p3
Problem: NK
Kernel: rbf
Advantage: normalizedfitness
M: 3
lambda: 12
epsilon_svgd: 0.015
gamma: 0.005
decay_start_ratio: 0.3
decay_min_factor: 0.3
bandwith_kernel: None
no_interact: False
avg_score: 0.7482631802558899
median_score: 0.7468128204345703
std_score: 0.01608518324792385
percentiles: 2%=0.7189546227455139, 5%=0.7239347696304321, 10%=0.7280899882316589, 25%=0.7344854474067688, 50%=0.7468128204345703, 75%=0.761829137802124, 90%=0.7692515850067139, 95%=0.7729132175445557, 98%=0.7787081599235535
ranking_best_algo: Tabu
ranking_best_score: 0.7470791764843752
ranking_my_rank: 1/504 (100.0%)
ranking_my_percent: 100.0
