ConfigName: kjsd__advperagentrankweighted__M3__L16__eps0p007__g0p0005__ds0p1__dm0p2
Problem: QUBO
Kernel: jsd
Advantage: peragentrankweighted
M: 3
lambda: 16
epsilon_svgd: 0.007
gamma: 0.0005
decay_start_ratio: 0.1
decay_min_factor: 0.2
bandwith_kernel: None
no_interact: False
avg_score: -1616.6400146484375
median_score: -1619.5
std_score: 59.36640548706055
percentiles: 2%=-1740.0999755859375, 5%=-1727.5, 10%=-1698.0999755859375, 25%=-1656.5, 50%=-1619.5, 75%=-1570.5, 90%=-1544.800048828125, 95%=-1520.9000244140625, 98%=-1512.93994140625
ranking_best_algo: NLOPT_LN_PRAXIS
ranking_best_score: 1607.12
ranking_my_rank: 1/504 (100.0%)
ranking_my_percent: 100.0
