ConfigName: kjsd__advperagentrankweighted__M3__L18__eps0p007__g0p001__ds0p1__dm0p2
Problem: NK
Kernel: jsd
Advantage: peragentrankweighted
M: 3
lambda: 18
epsilon_svgd: 0.007
gamma: 0.001
decay_start_ratio: 0.1
decay_min_factor: 0.2
bandwith_kernel: None
no_interact: False
avg_score: 0.7105753421783447
median_score: 0.7117347717285156
std_score: 0.015325174666941166
percentiles: 2%=0.6719057559967041, 5%=0.6738867163658142, 10%=0.6955181956291199, 25%=0.7076058983802795, 50%=0.7117347717285156, 75%=0.7194435596466064, 90%=0.7255116701126099, 95%=0.7333096265792847, 98%=0.7344366312026978
ranking_best_algo: CMApara
ranking_best_score: 0.707475975
ranking_my_rank: 1/504 (100.0%)
ranking_my_percent: 100.0
