ConfigName: krbf__advnormalizedfitness__M3__L12__eps0p025__g0p007__ds0p15__dm0p3
Problem: QUBO
Kernel: rbf
Advantage: normalizedfitness
M: 3
lambda: 12
epsilon_svgd: 0.025
gamma: 0.007
decay_start_ratio: 0.15
decay_min_factor: 0.3
bandwith_kernel: None
no_interact: False
avg_score: -1250.93994140625
median_score: -1242.0
std_score: 67.20428466796875
percentiles: 2%=-1393.280029296875, 5%=-1373.800048828125, 10%=-1357.199951171875, 25%=-1296.0, 50%=-1242.0, 75%=-1203.5, 90%=-1178.699951171875, 95%=-1146.9000244140625, 98%=-1130.8800048828125
ranking_best_algo: BigLognormalDiscreteOnePlusOne
ranking_best_score: 1301.3600000000004
ranking_my_rank: 56/504 (89.1%)
ranking_my_percent: 89.08730158730158
