ConfigName: krbf__advnormalizedfitness__M1__L8__eps0p033__g0p01__ds0p3__dm0p01
Problem: QUBO
Kernel: rbf
Advantage: normalizedfitness
M: 1
lambda: 8
epsilon_svgd: 0.033
gamma: 0.01
decay_start_ratio: 0.3
decay_min_factor: 0.01
bandwith_kernel: None
no_interact: False
avg_score: -312.0400085449219
median_score: -316.0
std_score: 27.19335174560547
percentiles: 2%=-354.0, 5%=-350.0, 10%=-348.1000061035156, 25%=-337.25, 50%=-316.0, 75%=-292.0, 90%=-273.6000061035156, 95%=-264.0, 98%=-259.91998291015625
ranking_best_algo: CMApara
ranking_best_score: 344.22
ranking_my_rank: 261/504 (48.4%)
ranking_my_percent: 48.41269841269841
