ConfigName: krbf__advnormalizedfitness__M4__L12__eps0p033__g0p007__ds0p01__dm0p3
Problem: QUBO
Kernel: rbf
Advantage: normalizedfitness
M: 4
lambda: 12
epsilon_svgd: 0.033
gamma: 0.007
decay_start_ratio: 0.01
decay_min_factor: 0.3
bandwith_kernel: None
no_interact: False
avg_score: -1437.1600341796875
median_score: -1437.0
std_score: 121.62678527832031
percentiles: 2%=-1675.3199462890625, 5%=-1667.0, 10%=-1608.0999755859375, 25%=-1503.75, 50%=-1437.0, 75%=-1350.75, 90%=-1286.5999755859375, 95%=-1244.60009765625, 98%=-1212.9599609375
ranking_best_algo: NLOPT_LN_PRAXIS
ranking_best_score: 1607.12
ranking_my_rank: 91/504 (82.1%)
ranking_my_percent: 82.14285714285714
