ConfigName: kjsd__advperagentrankweighted__M4__L12__eps0p01__g0p0007__ds0p05__dm0p05
Problem: QUBO
Kernel: jsd
Advantage: peragentrankweighted
M: 4
lambda: 12
epsilon_svgd: 0.01
gamma: 0.0007
decay_start_ratio: 0.05
decay_min_factor: 0.05
bandwith_kernel: None
no_interact: False
avg_score: -1192.780029296875
median_score: -1190.5
std_score: 53.061580657958984
percentiles: 2%=-1319.0400390625, 5%=-1279.4000244140625, 10%=-1257.4000244140625, 25%=-1231.25, 50%=-1190.5, 75%=-1159.5, 90%=-1126.9000244140625, 95%=-1101.800048828125, 98%=-1092.739990234375
ranking_best_algo: Tabu
ranking_best_score: 1216.16
ranking_my_rank: 48/504 (90.7%)
ranking_my_percent: 90.67460317460318
