ConfigName: krbf__advnormalizedfitness__M4__L15__eps0p03__g0p0005__ds0p05__dm0p05
Problem: NK
Kernel: rbf
Advantage: normalizedfitness
M: 4
lambda: 15
epsilon_svgd: 0.03
gamma: 0.0005
decay_start_ratio: 0.05
decay_min_factor: 0.05
bandwith_kernel: None
no_interact: False
avg_score: 0.7034952044487
median_score: 0.7054757475852966
std_score: 0.015884408727288246
percentiles: 2%=0.6613709330558777, 5%=0.666212260723114, 10%=0.6839286684989929, 25%=0.6984859704971313, 50%=0.7054757475852966, 75%=0.7112877368927002, 90%=0.7209363579750061, 95%=0.7285056114196777, 98%=0.7298529148101807
ranking_best_algo: CMApara
ranking_best_score: 0.707475975
ranking_my_rank: 18/504 (96.6%)
ranking_my_percent: 96.62698412698413
