ConfigName: kfr__advglobalrankweighted__M5__L9__eps0p01__g0p003__ds0p01__dm0p01
Problem: QUBO
Kernel: fr
Advantage: globalrankweighted
M: 5
lambda: 9
epsilon_svgd: 0.01
gamma: 0.003
decay_start_ratio: 0.01
decay_min_factor: 0.01
bandwith_kernel: None
no_interact: False
avg_score: -3088.860107421875
median_score: -3085.0
std_score: 150.29498291015625
percentiles: 2%=-3372.639892578125, 5%=-3334.550048828125, 10%=-3272.60009765625, 25%=-3212.25, 50%=-3085.0, 75%=-2984.25, 90%=-2900.5, 95%=-2837.5, 98%=-2785.93994140625
ranking_best_algo: RLSOnePlusOne
ranking_best_score: 3316.5199999999995
ranking_my_rank: 85/504 (83.3%)
ranking_my_percent: 83.33333333333333
