ConfigName: kjsd__advperagentrankweighted__M4__L24__eps0p01__g0p0007__ds0p2__dm0p05
Problem: NK
Kernel: jsd
Advantage: peragentrankweighted
M: 4
lambda: 24
epsilon_svgd: 0.01
gamma: 0.0007
decay_start_ratio: 0.2
decay_min_factor: 0.05
bandwith_kernel: None
no_interact: False
avg_score: 0.7436531186103821
median_score: 0.7445855140686035
std_score: 0.01462544035166502
percentiles: 2%=0.7153081893920898, 5%=0.7212412357330322, 10%=0.7246261239051819, 25%=0.7328318357467651, 50%=0.7445855140686035, 75%=0.7530348896980286, 90%=0.7609939575195312, 95%=0.7652801871299744, 98%=0.7711865305900574
ranking_best_algo: Tabu
ranking_best_score: 0.7601875690625
ranking_my_rank: 7/504 (98.8%)
ranking_my_percent: 98.80952380952381
