ConfigName: kjsd__advperagentrankweighted__M4__L30__eps0p005__g0p0007__ds0p05__dm0p05
Problem: NK
Kernel: jsd
Advantage: peragentrankweighted
M: 4
lambda: 30
epsilon_svgd: 0.005
gamma: 0.0007
decay_start_ratio: 0.05
decay_min_factor: 0.05
bandwith_kernel: None
no_interact: False
avg_score: 0.7155987620353699
median_score: 0.7157902121543884
std_score: 0.016186611726880074
percentiles: 2%=0.6823098659515381, 5%=0.6874597668647766, 10%=0.6929084658622742, 25%=0.7053495645523071, 50%=0.7157902121543884, 75%=0.7250699996948242, 90%=0.7365017533302307, 95%=0.7404705286026001, 98%=0.7424565553665161
ranking_best_algo: Tabu
ranking_best_score: 0.7429702712499999
ranking_my_rank: 84/504 (83.5%)
ranking_my_percent: 83.53174603174604
