ConfigName: krbf__advnormalizedfitness__M3__L12__eps0p025__g0p005__ds0p3__dm0p3
Problem: QUBO
Kernel: rbf
Advantage: normalizedfitness
M: 3
lambda: 12
epsilon_svgd: 0.025
gamma: 0.005
decay_start_ratio: 0.3
decay_min_factor: 0.3
bandwith_kernel: None
no_interact: False
avg_score: -1267.4599609375
median_score: -1262.0
std_score: 61.76413345336914
percentiles: 2%=-1407.06005859375, 5%=-1361.449951171875, 10%=-1348.0999755859375, 25%=-1310.75, 50%=-1262.0, 75%=-1220.75, 90%=-1192.5999755859375, 95%=-1181.8499755859375, 98%=-1156.659912109375
ranking_best_algo: BigLognormalDiscreteOnePlusOne
ranking_best_score: 1301.3600000000004
ranking_my_rank: 49/504 (90.5%)
ranking_my_percent: 90.47619047619048
