ConfigName: krbf__advnormalizedfitness__M2__L8__eps0p015__g0p01__ds0p3__dm0p3
Problem: NK
Kernel: rbf
Advantage: normalizedfitness
M: 2
lambda: 8
epsilon_svgd: 0.015
gamma: 0.01
decay_start_ratio: 0.3
decay_min_factor: 0.3
bandwith_kernel: None
no_interact: False
avg_score: 0.7069542407989502
median_score: 0.7091453075408936
std_score: 0.01194402389228344
percentiles: 2%=0.6874740123748779, 5%=0.6879341006278992, 10%=0.6916201114654541, 25%=0.6953614354133606, 50%=0.7091453075408936, 75%=0.7176909446716309, 90%=0.7209386825561523, 95%=0.7232013940811157, 98%=0.7242443561553955
ranking_best_algo: PBIL
ranking_best_score: 0.7013553837109374
ranking_my_rank: 1/504 (100.0%)
ranking_my_percent: 100.0
