ConfigName: kjsd__advperagentrankweighted__M3__L18__eps0p007__g0p0005__ds0p05__dm0p1
Problem: QUBO
Kernel: jsd
Advantage: peragentrankweighted
M: 3
lambda: 18
epsilon_svgd: 0.007
gamma: 0.0005
decay_start_ratio: 0.05
decay_min_factor: 0.1
bandwith_kernel: None
no_interact: False
avg_score: -2643.860107421875
median_score: -2646.5
std_score: 127.60384368896484
percentiles: 2%=-2929.080078125, 5%=-2862.75, 10%=-2775.60009765625, 25%=-2734.5, 50%=-2646.5, 75%=-2552.5, 90%=-2486.199951171875, 95%=-2441.75, 98%=-2409.919921875
ranking_best_algo: DiscreteLengler2OnePlusOne
ranking_best_score: 2617.04
ranking_my_rank: 1/504 (100.0%)
ranking_my_percent: 100.0
