ConfigName: kjsd__advperagentrankweighted__M3__L16__eps0p007__g0p003__ds0p1__dm0p2
Problem: QUBO
Kernel: jsd
Advantage: peragentrankweighted
M: 3
lambda: 16
epsilon_svgd: 0.007
gamma: 0.003
decay_start_ratio: 0.1
decay_min_factor: 0.2
bandwith_kernel: None
no_interact: False
avg_score: -1215.5999755859375
median_score: -1221.0
std_score: 65.85332489013672
percentiles: 2%=-1344.219970703125, 5%=-1325.0999755859375, 10%=-1298.0999755859375, 25%=-1257.25, 50%=-1221.0, 75%=-1170.75, 90%=-1128.800048828125, 95%=-1109.949951171875, 98%=-1093.6199951171875
ranking_best_algo: BigLognormalDiscreteOnePlusOne
ranking_best_score: 1301.3600000000004
ranking_my_rank: 77/504 (84.9%)
ranking_my_percent: 84.92063492063492
