ConfigName: krbf__advnormalizedfitness__M3__L10__eps0p03__g0p005__ds0p15__dm0p05
Problem: QUBO
Kernel: rbf
Advantage: normalizedfitness
M: 3
lambda: 10
epsilon_svgd: 0.03
gamma: 0.005
decay_start_ratio: 0.15
decay_min_factor: 0.05
bandwith_kernel: None
no_interact: False
avg_score: -138.86000061035156
median_score: -141.0
std_score: 11.583626747131348
percentiles: 2%=-159.02000427246094, 5%=-158.0, 10%=-154.10000610351562, 25%=-146.0, 50%=-141.0, 75%=-129.75, 90%=-123.0, 95%=-120.9000015258789, 98%=-113.9800033569336
ranking_best_algo: DiscreteDE
ranking_best_score: 143.4
ranking_my_rank: 94/504 (81.5%)
ranking_my_percent: 81.54761904761905
