ConfigName: kjsd__advperagentrankweighted__M4__L8__eps0p02__g0p0005__ds0p05__dm0p05
Problem: NK
Kernel: jsd
Advantage: peragentrankweighted
M: 4
lambda: 8
epsilon_svgd: 0.02
gamma: 0.0005
decay_start_ratio: 0.05
decay_min_factor: 0.05
bandwith_kernel: None
no_interact: False
avg_score: 0.7266835570335388
median_score: 0.7253772616386414
std_score: 0.013393730856478214
percentiles: 2%=0.7040191292762756, 5%=0.7053750157356262, 10%=0.7110681533813477, 25%=0.7163077592849731, 50%=0.7253772616386414, 75%=0.7370155453681946, 90%=0.7434363961219788, 95%=0.7507519125938416, 98%=0.7568195462226868
ranking_best_algo: Tabu
ranking_best_score: 0.7601875690625
ranking_my_rank: 61/504 (88.1%)
ranking_my_percent: 88.0952380952381
