ConfigName: kfr__advglobalrankweighted__M4__L24__eps0p01__g0p005__ds0p01__dm0p01
Problem: QUBO
Kernel: fr
Advantage: globalrankweighted
M: 4
lambda: 24
epsilon_svgd: 0.01
gamma: 0.005
decay_start_ratio: 0.01
decay_min_factor: 0.01
bandwith_kernel: None
no_interact: False
avg_score: -137.97999572753906
median_score: -139.0
std_score: 11.48388385772705
percentiles: 2%=-156.0399932861328, 5%=-154.0500030517578, 10%=-152.0, 25%=-147.0, 50%=-139.0, 75%=-128.75, 90%=-122.80000305175781, 95%=-117.0, 98%=-115.95999908447266
ranking_best_algo: DiscreteDE
ranking_best_score: 143.4
ranking_my_rank: 117/504 (77.0%)
ranking_my_percent: 76.98412698412699
