ConfigName: krbf__advnormalizedfitness__M4__L8__eps0p03__g0p005__ds0p15__dm0p05
Problem: NK
Kernel: rbf
Advantage: normalizedfitness
M: 4
lambda: 8
epsilon_svgd: 0.03
gamma: 0.005
decay_start_ratio: 0.15
decay_min_factor: 0.05
bandwith_kernel: None
no_interact: False
avg_score: 0.7539966702461243
median_score: 0.754764199256897
std_score: 0.013057461008429527
percentiles: 2%=0.7276673316955566, 5%=0.7328001260757446, 10%=0.7351858615875244, 25%=0.7458834052085876, 50%=0.754764199256897, 75%=0.7618449926376343, 90%=0.7691279649734497, 95%=0.7742636799812317, 98%=0.7796736359596252
ranking_best_algo: Tabu
ranking_best_score: 0.7657846284375001
ranking_my_rank: 7/504 (98.8%)
ranking_my_percent: 98.80952380952381
