ConfigName: krbf__advnormalizedfitness__M4__L12__eps0p033__g0p005__ds0p01__dm0p01
Problem: QUBO
Kernel: rbf
Advantage: normalizedfitness
M: 4
lambda: 12
epsilon_svgd: 0.033
gamma: 0.005
decay_start_ratio: 0.01
decay_min_factor: 0.01
bandwith_kernel: None
no_interact: False
avg_score: -907.4400024414062
median_score: -901.0
std_score: 64.20861053466797
percentiles: 2%=-1046.0400390625, 5%=-1028.3499755859375, 10%=-1003.9000244140625, 25%=-943.75, 50%=-901.0, 75%=-864.75, 90%=-821.7999877929688, 95%=-814.9000244140625, 98%=-810.9199829101562
ranking_best_algo: CMAL3
ranking_best_score: 928.5800000000002
ranking_my_rank: 55/504 (89.3%)
ranking_my_percent: 89.28571428571429
