ConfigName: kjsd__advperagentrankweighted__M3__L30__eps0p007__g0p0005__ds0p2__dm0p05
Problem: QUBO
Kernel: jsd
Advantage: peragentrankweighted
M: 3
lambda: 30
epsilon_svgd: 0.007
gamma: 0.0005
decay_start_ratio: 0.2
decay_min_factor: 0.05
bandwith_kernel: None
no_interact: False
avg_score: -312.0
median_score: -314.0
std_score: 39.24079513549805
percentiles: 2%=-400.0, 5%=-392.0, 10%=-360.3999938964844, 25%=-338.0, 50%=-314.0, 75%=-276.0, 90%=-266.8999938964844, 95%=-259.95001220703125, 98%=-253.9600067138672
ranking_best_algo: CMApara
ranking_best_score: 319.29999999999995
ranking_my_rank: 36/504 (93.1%)
ranking_my_percent: 93.05555555555556
