ConfigName: kjsd__advperagentrankweighted__M3__L18__eps0p005__g0p001__ds0p05__dm0p2
Problem: QUBO
Kernel: jsd
Advantage: peragentrankweighted
M: 3
lambda: 18
epsilon_svgd: 0.005
gamma: 0.001
decay_start_ratio: 0.05
decay_min_factor: 0.2
bandwith_kernel: None
no_interact: False
avg_score: -1189.6800537109375
median_score: -1184.5
std_score: 65.04427337646484
percentiles: 2%=-1349.1199951171875, 5%=-1313.300048828125, 10%=-1281.5999755859375, 25%=-1225.75, 50%=-1184.5, 75%=-1139.75, 90%=-1116.0, 95%=-1104.800048828125, 98%=-1090.6199951171875
ranking_best_algo: Tabu
ranking_best_score: 1216.16
ranking_my_rank: 55/504 (89.3%)
ranking_my_percent: 89.28571428571429
