ConfigName: kjsd__advperagentrankweighted__M3__L30__eps0p005__g0p0005__ds0p2__dm0p2
Problem: QUBO
Kernel: jsd
Advantage: peragentrankweighted
M: 3
lambda: 30
epsilon_svgd: 0.005
gamma: 0.0005
decay_start_ratio: 0.2
decay_min_factor: 0.2
bandwith_kernel: None
no_interact: False
avg_score: -1290.6800537109375
median_score: -1294.0
std_score: 55.65391159057617
percentiles: 2%=-1418.300048828125, 5%=-1387.1500244140625, 10%=-1355.0, 25%=-1324.75, 50%=-1294.0, 75%=-1258.25, 90%=-1217.699951171875, 95%=-1198.5, 98%=-1183.8199462890625
ranking_best_algo: BigLognormalDiscreteOnePlusOne
ranking_best_score: 1301.3600000000004
ranking_my_rank: 2/504 (99.8%)
ranking_my_percent: 99.8015873015873
