ConfigName: kfr__advglobalrankweighted__M4__L5__eps0p01__g0p005__ds0p01__dm0p01
Problem: QUBO
Kernel: fr
Advantage: globalrankweighted
M: 4
lambda: 5
epsilon_svgd: 0.01
gamma: 0.005
decay_start_ratio: 0.01
decay_min_factor: 0.01
bandwith_kernel: None
no_interact: False
avg_score: -312.9200134277344
median_score: -315.0
std_score: 38.16272735595703
percentiles: 2%=-394.0400085449219, 5%=-390.0, 10%=-361.3999938964844, 25%=-336.0, 50%=-315.0, 75%=-278.75, 90%=-270.0, 95%=-264.8500061035156, 98%=-249.91998291015625
ranking_best_algo: CMApara
ranking_best_score: 319.29999999999995
ranking_my_rank: 31/504 (94.0%)
ranking_my_percent: 94.04761904761905
