ConfigName: kjsd__advperagentrankweighted__M4__L24__eps0p03__g0p0005__ds0p05__dm0p05
Problem: QUBO
Kernel: jsd
Advantage: peragentrankweighted
M: 4
lambda: 24
epsilon_svgd: 0.03
gamma: 0.0005
decay_start_ratio: 0.05
decay_min_factor: 0.05
bandwith_kernel: None
no_interact: False
avg_score: -308.32000732421875
median_score: -310.0
std_score: 37.88003921508789
percentiles: 2%=-384.0400085449219, 5%=-380.1000061035156, 10%=-356.20001220703125, 25%=-335.5, 50%=-310.0, 75%=-273.75, 90%=-262.0, 95%=-258.95001220703125, 98%=-254.74000549316406
ranking_best_algo: CMApara
ranking_best_score: 319.29999999999995
ranking_my_rank: 89/504 (82.5%)
ranking_my_percent: 82.53968253968254
