ConfigName: krbf__advnormalizedfitness__M3__L12__eps0p015__g0p015__ds0p01__dm0p01
Problem: QUBO
Kernel: rbf
Advantage: normalizedfitness
M: 3
lambda: 12
epsilon_svgd: 0.015
gamma: 0.015
decay_start_ratio: 0.01
decay_min_factor: 0.01
bandwith_kernel: None
no_interact: False
avg_score: -429.0400085449219
median_score: -428.5
std_score: 31.130666732788086
percentiles: 2%=-482.1199951171875, 5%=-472.04998779296875, 10%=-469.1000061035156, 25%=-455.0, 50%=-428.5, 75%=-408.5, 90%=-383.79998779296875, 95%=-380.0, 98%=-366.8599853515625
ranking_best_algo: CMApara
ranking_best_score: 453.82
ranking_my_rank: 92/504 (81.9%)
ranking_my_percent: 81.94444444444444
