ConfigName: kjsd__advperagentrankweighted__M8__L12__eps0p008__g0p0005__ds0p05__dm0p05
Problem: NK
Kernel: jsd
Advantage: peragentrankweighted
M: 8
lambda: 12
epsilon_svgd: 0.008
gamma: 0.0005
decay_start_ratio: 0.05
decay_min_factor: 0.05
bandwith_kernel: None
no_interact: False
avg_score: 0.7602577209472656
median_score: 0.7616792917251587
std_score: 0.013799012638628483
percentiles: 2%=0.7315000295639038, 5%=0.7349294424057007, 10%=0.7406569719314575, 25%=0.7512193322181702, 50%=0.7616792917251587, 75%=0.7704029083251953, 90%=0.7756530046463013, 95%=0.7805929183959961, 98%=0.7832558751106262
ranking_best_algo: Tabu
ranking_best_score: 0.7470791764843752
ranking_my_rank: 1/504 (100.0%)
ranking_my_percent: 100.0
