ConfigName: krbf__advnormalizedfitness__M4__L8__eps0p015__g0p01__ds0p01__dm0p3
Problem: NK
Kernel: rbf
Advantage: normalizedfitness
M: 4
lambda: 8
epsilon_svgd: 0.015
gamma: 0.01
decay_start_ratio: 0.01
decay_min_factor: 0.3
bandwith_kernel: None
no_interact: False
avg_score: 0.7194240093231201
median_score: 0.7209150791168213
std_score: 0.0124611621722579
percentiles: 2%=0.6927852034568787, 5%=0.696808397769928, 10%=0.7018917202949524, 25%=0.7117983102798462, 50%=0.7209150791168213, 75%=0.7282931804656982, 90%=0.7346497178077698, 95%=0.7387880682945251, 98%=0.7394698858261108
ranking_best_algo: PBIL
ranking_best_score: 0.730509098125
ranking_my_rank: 80/504 (84.3%)
ranking_my_percent: 84.32539682539682
