ConfigName: kjsd__advperagentrankweighted__M4__L8__eps0p02__g0p0003__ds0p2__dm0p05
Problem: NK
Kernel: jsd
Advantage: peragentrankweighted
M: 4
lambda: 8
epsilon_svgd: 0.02
gamma: 0.0003
decay_start_ratio: 0.2
decay_min_factor: 0.05
bandwith_kernel: None
no_interact: False
avg_score: 0.7166553735733032
median_score: 0.7159054279327393
std_score: 0.013484152033925056
percentiles: 2%=0.6928616762161255, 5%=0.6939220428466797, 10%=0.696725606918335, 25%=0.7093285918235779, 50%=0.7159054279327393, 75%=0.7236732244491577, 90%=0.732299268245697, 95%=0.7374879717826843, 98%=0.744523823261261
ranking_best_algo: Tabu
ranking_best_score: 0.7601875690625
ranking_my_rank: 209/504 (58.7%)
ranking_my_percent: 58.73015873015873
