ConfigName: krbf__advnormalizedfitness__M4__L8__eps0p033__g0p007__ds0p15__dm0p01
Problem: QUBO
Kernel: rbf
Advantage: normalizedfitness
M: 4
lambda: 8
epsilon_svgd: 0.033
gamma: 0.007
decay_start_ratio: 0.15
decay_min_factor: 0.01
bandwith_kernel: None
no_interact: False
avg_score: -576.4600219726562
median_score: -580.5
std_score: 26.323911666870117
percentiles: 2%=-625.3200073242188, 5%=-619.0999755859375, 10%=-608.5, 25%=-591.25, 50%=-580.5, 75%=-559.75, 90%=-541.0, 95%=-529.0, 98%=-522.97998046875
ranking_best_algo: Tabu
ranking_best_score: 588.7199999999999
ranking_my_rank: 55/503 (89.3%)
ranking_my_percent: 89.26441351888668
