ConfigName: kjsd__advperagentrankweighted__M6__L28__eps0p008__g0p0005__ds0p3__dm0p05
Problem: NK
Kernel: jsd
Advantage: peragentrankweighted
M: 6
lambda: 28
epsilon_svgd: 0.008
gamma: 0.0005
decay_start_ratio: 0.3
decay_min_factor: 0.05
bandwith_kernel: None
no_interact: False
avg_score: 0.6999849081039429
median_score: 0.6978355646133423
std_score: 0.015306360088288784
percentiles: 2%=0.6735182404518127, 5%=0.677690863609314, 10%=0.6820774078369141, 25%=0.6884899139404297, 50%=0.6978355646133423, 75%=0.7110481858253479, 90%=0.7215607762336731, 95%=0.7268064022064209, 98%=0.7275111675262451
ranking_best_algo: Tabu
ranking_best_score: 0.7429702712499999
ranking_my_rank: 198/504 (60.9%)
ranking_my_percent: 60.91269841269841
