ConfigName: kjsd__advperagentrankweighted__M3__L30__eps0p005__g0p001__ds0p05__dm0p2
Problem: QUBO
Kernel: jsd
Advantage: peragentrankweighted
M: 3
lambda: 30
epsilon_svgd: 0.005
gamma: 0.001
decay_start_ratio: 0.05
decay_min_factor: 0.2
bandwith_kernel: None
no_interact: False
avg_score: -138.66000366210938
median_score: -141.5
std_score: 11.800186157226562
percentiles: 2%=-160.0, 5%=-158.0, 10%=-153.1999969482422, 25%=-146.25, 50%=-141.5, 75%=-129.0, 90%=-123.0, 95%=-119.94999694824219, 98%=-118.9000015258789
ranking_best_algo: DiscreteDE
ranking_best_score: 143.4
ranking_my_rank: 97/504 (81.0%)
ranking_my_percent: 80.95238095238095
