ConfigName: kjsd__advperagentrankweighted__M4__L8__eps0p005__g0p003__ds0p05__dm0p05
Problem: NK
Kernel: jsd
Advantage: peragentrankweighted
M: 4
lambda: 8
epsilon_svgd: 0.005
gamma: 0.003
decay_start_ratio: 0.05
decay_min_factor: 0.05
bandwith_kernel: None
no_interact: False
avg_score: 0.7106139659881592
median_score: 0.7112917900085449
std_score: 0.01548019889742136
percentiles: 2%=0.6715269088745117, 5%=0.6721614599227905, 10%=0.6962299942970276, 25%=0.7076346278190613, 50%=0.7112917900085449, 75%=0.7195512056350708, 90%=0.7255896925926208, 95%=0.7332227826118469, 98%=0.7333913445472717
ranking_best_algo: CMApara
ranking_best_score: 0.707475975
ranking_my_rank: 1/504 (100.0%)
ranking_my_percent: 100.0
