ConfigName: krbf__advnormalizedfitness__M4__L12__eps0p033__g0p015__ds0p01__dm0p3
Problem: QUBO
Kernel: rbf
Advantage: normalizedfitness
M: 4
lambda: 12
epsilon_svgd: 0.033
gamma: 0.015
decay_start_ratio: 0.01
decay_min_factor: 0.3
bandwith_kernel: None
no_interact: False
avg_score: -740.2000122070312
median_score: -737.0
std_score: 72.3111343383789
percentiles: 2%=-870.5599975585938, 5%=-860.2000122070312, 10%=-835.2000122070312, 25%=-782.0, 50%=-737.0, 75%=-696.25, 90%=-652.4000244140625, 95%=-636.6000366210938, 98%=-592.8999633789062
ranking_best_algo: CMAL3
ranking_best_score: 928.5800000000002
ranking_my_rank: 326/504 (35.5%)
ranking_my_percent: 35.51587301587302
