ConfigName: kjsd__advperagentrankweighted__M4__L12__eps0p008__g0p0005__ds0p05__dm0p05
Problem: QUBO
Kernel: jsd
Advantage: peragentrankweighted
M: 4
lambda: 12
epsilon_svgd: 0.008
gamma: 0.0005
decay_start_ratio: 0.05
decay_min_factor: 0.05
bandwith_kernel: None
no_interact: False
avg_score: -1195.260009765625
median_score: -1190.5
std_score: 59.07378387451172
percentiles: 2%=-1328.4200439453125, 5%=-1300.25, 10%=-1279.4000244140625, 25%=-1223.5, 50%=-1190.5, 75%=-1157.75, 90%=-1122.4000244140625, 95%=-1112.9000244140625, 98%=-1095.8399658203125
ranking_best_algo: Tabu
ranking_best_score: 1216.16
ranking_my_rank: 48/504 (90.7%)
ranking_my_percent: 90.67460317460318
