ConfigName: kfr__advglobalrankweighted__M2__L8__eps0p02__g0p005__ds0p01__dm0p01
Problem: QUBO
Kernel: fr
Advantage: globalrankweighted
M: 2
lambda: 8
epsilon_svgd: 0.02
gamma: 0.005
decay_start_ratio: 0.01
decay_min_factor: 0.01
bandwith_kernel: None
no_interact: False
avg_score: -1600.1600341796875
median_score: -1598.0
std_score: 57.678367614746094
percentiles: 2%=-1725.0999755859375, 5%=-1697.6500244140625, 10%=-1674.0999755859375, 25%=-1641.5, 50%=-1598.0, 75%=-1558.5, 90%=-1535.0, 95%=-1509.8499755859375, 98%=-1480.5198974609375
ranking_best_algo: NLOPT_LN_PRAXIS
ranking_best_score: 1607.12
ranking_my_rank: 13/504 (97.6%)
ranking_my_percent: 97.61904761904762
