ConfigName: kjsd__advperagentrankweighted__M5__L28__eps0p008__g0p0005__ds0p3__dm0p05
Problem: NK
Kernel: jsd
Advantage: peragentrankweighted
M: 5
lambda: 28
epsilon_svgd: 0.008
gamma: 0.0005
decay_start_ratio: 0.3
decay_min_factor: 0.05
bandwith_kernel: None
no_interact: False
avg_score: 0.7568312883377075
median_score: 0.7565758228302002
std_score: 0.01230525691062212
percentiles: 2%=0.7322434186935425, 5%=0.7379576563835144, 10%=0.741622805595398, 25%=0.7484267354011536, 50%=0.7565758228302002, 75%=0.7662068605422974, 90%=0.772253155708313, 95%=0.7747142314910889, 98%=0.7825027108192444
ranking_best_algo: Tabu
ranking_best_score: 0.7470791764843752
ranking_my_rank: 1/504 (100.0%)
ranking_my_percent: 100.0
