ConfigName: kjsd__advperagentrankweighted__M4__L12__eps0p01__g0p0005__ds0p4__dm0p05
Problem: QUBO
Kernel: jsd
Advantage: peragentrankweighted
M: 4
lambda: 12
epsilon_svgd: 0.01
gamma: 0.0005
decay_start_ratio: 0.4
decay_min_factor: 0.05
bandwith_kernel: None
no_interact: False
avg_score: -198.4600067138672
median_score: -200.0
std_score: 12.73689079284668
percentiles: 2%=-224.0, 5%=-221.0500030517578, 10%=-213.39999389648438, 25%=-206.25, 50%=-200.0, 75%=-189.0, 90%=-180.0, 95%=-179.0, 98%=-174.97999572753906
ranking_best_algo: Tabu
ranking_best_score: 208.36000000000004
ranking_my_rank: 99/504 (80.6%)
ranking_my_percent: 80.55555555555556
