ConfigName: kjsd__advperagentrankweighted__M3__L20__eps0p007__g0p003__ds0p05__dm0p1
Problem: QUBO
Kernel: jsd
Advantage: peragentrankweighted
M: 3
lambda: 20
epsilon_svgd: 0.007
gamma: 0.003
decay_start_ratio: 0.05
decay_min_factor: 0.1
bandwith_kernel: None
no_interact: False
avg_score: -329.6199951171875
median_score: -334.0
std_score: 21.77557373046875
percentiles: 2%=-372.0, 5%=-360.04998779296875, 10%=-354.0, 25%=-342.25, 50%=-334.0, 75%=-316.75, 90%=-296.0, 95%=-285.79998779296875, 98%=-277.9599914550781
ranking_best_algo: CMApara
ranking_best_score: 344.22
ranking_my_rank: 81/504 (84.1%)
ranking_my_percent: 84.12698412698413
