ConfigName: kjsd__advperagentrankweighted__M5__L8__eps0p005__g0p0007__ds0p05__dm0p05
Problem: QUBO
Kernel: jsd
Advantage: peragentrankweighted
M: 5
lambda: 8
epsilon_svgd: 0.005
gamma: 0.0007
decay_start_ratio: 0.05
decay_min_factor: 0.05
bandwith_kernel: None
no_interact: False
avg_score: -3277.300048828125
median_score: -3274.5
std_score: 115.46769714355469
percentiles: 2%=-3499.179931640625, 5%=-3468.050048828125, 10%=-3426.699951171875, 25%=-3347.0, 50%=-3274.5, 75%=-3204.0, 90%=-3131.800048828125, 95%=-3085.85009765625, 98%=-3051.60009765625
ranking_best_algo: RLSOnePlusOne
ranking_best_score: 3316.5199999999995
ranking_my_rank: 12/504 (97.8%)
ranking_my_percent: 97.81746031746032
