ConfigName: krbf__advnormalizedfitness__M2__L11__eps0p01__g0p007__ds0p01__dm0p01
Problem: QUBO
Kernel: rbf
Advantage: normalizedfitness
M: 2
lambda: 11
epsilon_svgd: 0.01
gamma: 0.007
decay_start_ratio: 0.01
decay_min_factor: 0.01
bandwith_kernel: None
no_interact: False
avg_score: -943.8400268554688
median_score: -940.0
std_score: 68.0240707397461
percentiles: 2%=-1076.0, 5%=-1063.050048828125, 10%=-1037.300048828125, 25%=-989.5, 50%=-940.0, 75%=-894.5, 90%=-870.5999755859375, 95%=-818.8499755859375, 98%=-786.9600219726562
ranking_best_algo: CMApara
ranking_best_score: 964.9
ranking_my_rank: 3/504 (99.6%)
ranking_my_percent: 99.60317460317461
