ConfigName: kjsd__advperagentrankweighted__M6__L28__eps0p008__g0p0005__ds0p05__dm0p05
Problem: NK
Kernel: jsd
Advantage: peragentrankweighted
M: 6
lambda: 28
epsilon_svgd: 0.008
gamma: 0.0005
decay_start_ratio: 0.05
decay_min_factor: 0.05
bandwith_kernel: None
no_interact: False
avg_score: 0.7070246338844299
median_score: 0.7089903950691223
std_score: 0.01179331261664629
percentiles: 2%=0.6880437731742859, 5%=0.6888521313667297, 10%=0.6926701664924622, 25%=0.695644199848175, 50%=0.7089903950691223, 75%=0.7173635959625244, 90%=0.7217242121696472, 95%=0.7231317162513733, 98%=0.7239082455635071
ranking_best_algo: PBIL
ranking_best_score: 0.7013553837109374
ranking_my_rank: 1/504 (100.0%)
ranking_my_percent: 100.0
