ConfigName: kjsd__advperagentrankweighted__M5__L10__eps0p01__g0p0007__ds0p2__dm0p05
Problem: QUBO
Kernel: jsd
Advantage: peragentrankweighted
M: 5
lambda: 10
epsilon_svgd: 0.01
gamma: 0.0007
decay_start_ratio: 0.2
decay_min_factor: 0.05
bandwith_kernel: None
no_interact: False
avg_score: -581.7000122070312
median_score: -582.0
std_score: 27.936176300048828
percentiles: 2%=-635.0399780273438, 5%=-629.2000122070312, 10%=-621.0, 25%=-601.0, 50%=-582.0, 75%=-560.0, 90%=-546.7000122070312, 95%=-538.9500122070312, 98%=-531.0
ranking_best_algo: Tabu
ranking_best_score: 588.7199999999999
ranking_my_rank: 36/503 (93.0%)
ranking_my_percent: 93.04174950298211
