ConfigName: kjsd__advperagentrankweighted__M3__L20__eps0p007__g0p001__ds0p2__dm0p1
Problem: NK
Kernel: jsd
Advantage: peragentrankweighted
M: 3
lambda: 20
epsilon_svgd: 0.007
gamma: 0.001
decay_start_ratio: 0.2
decay_min_factor: 0.1
bandwith_kernel: None
no_interact: False
avg_score: 0.7577168941497803
median_score: 0.7578989267349243
std_score: 0.012097878381609917
percentiles: 2%=0.7333880066871643, 5%=0.7371984720230103, 10%=0.7426764369010925, 25%=0.7494640350341797, 50%=0.7578989267349243, 75%=0.765815258026123, 90%=0.7738584280014038, 95%=0.77713543176651, 98%=0.7799016833305359
ranking_best_algo: Tabu
ranking_best_score: 0.7470791764843752
ranking_my_rank: 1/504 (100.0%)
ranking_my_percent: 100.0
