ConfigName: krbf__advnormalizedfitness__M1__L8__eps0p015__g0p007__ds0p15__dm0p3
Problem: NK
Kernel: rbf
Advantage: normalizedfitness
M: 1
lambda: 8
epsilon_svgd: 0.015
gamma: 0.007
decay_start_ratio: 0.15
decay_min_factor: 0.3
bandwith_kernel: None
no_interact: False
avg_score: 0.7062928080558777
median_score: 0.7072350978851318
std_score: 0.015235411003232002
percentiles: 2%=0.6655703783035278, 5%=0.668804407119751, 10%=0.6870962977409363, 25%=0.7043333053588867, 50%=0.7072350978851318, 75%=0.7133442163467407, 90%=0.7241050601005554, 95%=0.7299890518188477, 98%=0.7321787476539612
ranking_best_algo: CMApara
ranking_best_score: 0.707475975
ranking_my_rank: 2/504 (99.8%)
ranking_my_percent: 99.8015873015873
