ConfigName: krbf__advnormalizedfitness__M1__L8__eps0p025__g0p005__ds0p15__dm0p3
Problem: NK
Kernel: rbf
Advantage: normalizedfitness
M: 1
lambda: 8
epsilon_svgd: 0.025
gamma: 0.005
decay_start_ratio: 0.15
decay_min_factor: 0.3
bandwith_kernel: None
no_interact: False
avg_score: 0.7331913113594055
median_score: 0.7340578436851501
std_score: 0.014141512103378773
percentiles: 2%=0.7047019600868225, 5%=0.7119503021240234, 10%=0.714997410774231, 25%=0.7242472171783447, 50%=0.7340578436851501, 75%=0.7418310046195984, 90%=0.7505987286567688, 95%=0.7589647173881531, 98%=0.764538586139679
ranking_best_algo: Tabu
ranking_best_score: 0.7470791764843752
ranking_my_rank: 24/504 (95.4%)
ranking_my_percent: 95.43650793650794
