ConfigName: kjsd__advperagentrankweighted__M5__L24__eps0p02__g0p0005__ds0p2__dm0p05
Problem: NK
Kernel: jsd
Advantage: peragentrankweighted
M: 5
lambda: 24
epsilon_svgd: 0.02
gamma: 0.0005
decay_start_ratio: 0.2
decay_min_factor: 0.05
bandwith_kernel: None
no_interact: False
avg_score: 0.7444577217102051
median_score: 0.7419625520706177
std_score: 0.02912617102265358
percentiles: 2%=0.6927472949028015, 5%=0.7031320929527283, 10%=0.7121838927268982, 25%=0.7234807014465332, 50%=0.7419625520706177, 75%=0.7594892978668213, 90%=0.7783373594284058, 95%=0.8044298887252808, 98%=0.8109671473503113
ranking_best_algo: CMApara
ranking_best_score: 0.7459277895312499
ranking_my_rank: 3/504 (99.6%)
ranking_my_percent: 99.60317460317461
