ConfigName: kjsd__advperagentrankweighted__M4__L8__eps0p02__g0p0007__ds0p2__dm0p05
Problem: QUBO
Kernel: jsd
Advantage: peragentrankweighted
M: 4
lambda: 8
epsilon_svgd: 0.02
gamma: 0.0007
decay_start_ratio: 0.2
decay_min_factor: 0.05
bandwith_kernel: None
no_interact: False
avg_score: -412.67999267578125
median_score: -414.0
std_score: 27.164270401000977
percentiles: 2%=-469.1199951171875, 5%=-457.0, 10%=-446.0, 25%=-430.0, 50%=-414.0, 75%=-395.5, 90%=-372.0, 95%=-365.8999938964844, 98%=-359.9200134277344
ranking_best_algo: Tabu
ranking_best_score: 438.12
ranking_my_rank: 66/504 (87.1%)
ranking_my_percent: 87.10317460317461
