ConfigName: krbf__advnormalizedfitness__M3__L12__eps0p033__g0p005__ds0p01__dm0p3
Problem: NK
Kernel: rbf
Advantage: normalizedfitness
M: 3
lambda: 12
epsilon_svgd: 0.033
gamma: 0.005
decay_start_ratio: 0.01
decay_min_factor: 0.3
bandwith_kernel: None
no_interact: False
avg_score: 0.7098042964935303
median_score: 0.7111440896987915
std_score: 0.015041781589388847
percentiles: 2%=0.6715964674949646, 5%=0.672400951385498, 10%=0.695873498916626, 25%=0.7055609226226807, 50%=0.7111440896987915, 75%=0.7185032367706299, 90%=0.7251654863357544, 95%=0.7315088510513306, 98%=0.7317361831665039
ranking_best_algo: CMApara
ranking_best_score: 0.707475975
ranking_my_rank: 1/504 (100.0%)
ranking_my_percent: 100.0
