ConfigName: kjsd__advperagentrankweighted__M4__L10__eps0p01__g0p0003__ds0p05__dm0p05
Problem: QUBO
Kernel: jsd
Advantage: peragentrankweighted
M: 4
lambda: 10
epsilon_svgd: 0.01
gamma: 0.0003
decay_start_ratio: 0.05
decay_min_factor: 0.05
bandwith_kernel: None
no_interact: False
avg_score: -1294.06005859375
median_score: -1289.5
std_score: 54.340187072753906
percentiles: 2%=-1405.06005859375, 5%=-1391.0999755859375, 10%=-1364.0999755859375, 25%=-1328.75, 50%=-1289.5, 75%=-1255.25, 90%=-1224.5999755859375, 95%=-1202.800048828125, 98%=-1194.9599609375
ranking_best_algo: BigLognormalDiscreteOnePlusOne
ranking_best_score: 1301.3600000000004
ranking_my_rank: 2/504 (99.8%)
ranking_my_percent: 99.8015873015873
