ConfigName: krbf__advnormalizedfitness__M3__L15__eps0p033__g0p015__ds0p3__dm0p3
Problem: NK
Kernel: rbf
Advantage: normalizedfitness
M: 3
lambda: 15
epsilon_svgd: 0.033
gamma: 0.015
decay_start_ratio: 0.3
decay_min_factor: 0.3
bandwith_kernel: None
no_interact: False
avg_score: 0.6053467392921448
median_score: 0.6032963991165161
std_score: 0.008565750904381275
percentiles: 2%=0.5921820998191833, 5%=0.5943636298179626, 10%=0.5966594219207764, 25%=0.5997563600540161, 50%=0.6032963991165161, 75%=0.6089521646499634, 90%=0.617610514163971, 95%=0.6214931011199951, 98%=0.6258330345153809
ranking_best_algo: Tabu
ranking_best_score: 0.7429702712499999
ranking_my_rank: 391/504 (22.6%)
ranking_my_percent: 22.61904761904762
