ConfigName: kjsd__advperagentrankweighted__M3__L20__eps0p007__g0p0007__ds0p05__dm0p2
Problem: QUBO
Kernel: jsd
Advantage: peragentrankweighted
M: 3
lambda: 20
epsilon_svgd: 0.007
gamma: 0.0007
decay_start_ratio: 0.05
decay_min_factor: 0.2
bandwith_kernel: None
no_interact: False
avg_score: -1305.280029296875
median_score: -1309.5
std_score: 58.54452896118164
percentiles: 2%=-1415.6600341796875, 5%=-1399.4000244140625, 10%=-1377.300048828125, 25%=-1346.25, 50%=-1309.5, 75%=-1263.25, 90%=-1228.5999755859375, 95%=-1215.550048828125, 98%=-1202.52001953125
ranking_best_algo: BigLognormalDiscreteOnePlusOne
ranking_best_score: 1301.3600000000004
ranking_my_rank: 1/504 (100.0%)
ranking_my_percent: 100.0
