ConfigName: krbf__advnormalizedfitness__M4__L15__eps0p033__g0p015__ds0p3__dm0p01
Problem: NK
Kernel: rbf
Advantage: normalizedfitness
M: 4
lambda: 15
epsilon_svgd: 0.033
gamma: 0.015
decay_start_ratio: 0.3
decay_min_factor: 0.01
bandwith_kernel: None
no_interact: False
avg_score: 0.6609591841697693
median_score: 0.6571052074432373
std_score: 0.01862158440053463
percentiles: 2%=0.632389485836029, 5%=0.6360939741134644, 10%=0.6399531364440918, 25%=0.647253155708313, 50%=0.6571052074432373, 75%=0.6692786812782288, 90%=0.6864467859268188, 95%=0.6929410099983215, 98%=0.7072599530220032
ranking_best_algo: Tabu
ranking_best_score: 0.7601875690625
ranking_my_rank: 372/504 (26.4%)
ranking_my_percent: 26.38888888888889
