ConfigName: kjsd__advperagentrankweighted__M3__L20__eps0p007__g0p0007__ds0p2__dm0p05
Problem: QUBO
Kernel: jsd
Advantage: peragentrankweighted
M: 3
lambda: 20
epsilon_svgd: 0.007
gamma: 0.0007
decay_start_ratio: 0.2
decay_min_factor: 0.05
bandwith_kernel: None
no_interact: False
avg_score: -2579.659912109375
median_score: -2577.5
std_score: 108.28612518310547
percentiles: 2%=-2845.0400390625, 5%=-2739.050048828125, 10%=-2706.10009765625, 25%=-2658.5, 50%=-2577.5, 75%=-2486.5, 90%=-2451.800048828125, 95%=-2417.64990234375, 98%=-2374.739990234375
ranking_best_algo: SVM1MetaModelLogNormal
ranking_best_score: 2605.14
ranking_my_rank: 13/504 (97.6%)
ranking_my_percent: 97.61904761904762
