ConfigName: krbf__advnormalizedfitness__M4__L15__eps0p033__g0p005__ds0p01__dm0p01
Problem: NK
Kernel: rbf
Advantage: normalizedfitness
M: 4
lambda: 15
epsilon_svgd: 0.033
gamma: 0.005
decay_start_ratio: 0.01
decay_min_factor: 0.01
bandwith_kernel: None
no_interact: False
avg_score: 0.7200077772140503
median_score: 0.7194712162017822
std_score: 0.013120148330926895
percentiles: 2%=0.6958242058753967, 5%=0.6975125074386597, 10%=0.705110490322113, 25%=0.710691511631012, 50%=0.7194712162017822, 75%=0.730117917060852, 90%=0.7367489337921143, 95%=0.7429029941558838, 98%=0.7470619678497314
ranking_best_algo: Tabu
ranking_best_score: 0.7429702712499999
ranking_my_rank: 15/504 (97.2%)
ranking_my_percent: 97.22222222222223
