ConfigName: krbf__advnormalizedfitness__M3__L8__eps0p025__g0p015__ds0p15__dm0p3
Problem: QUBO
Kernel: rbf
Advantage: normalizedfitness
M: 3
lambda: 8
epsilon_svgd: 0.025
gamma: 0.015
decay_start_ratio: 0.15
decay_min_factor: 0.3
bandwith_kernel: None
no_interact: False
avg_score: -330.4800109863281
median_score: -334.0
std_score: 20.504867553710938
percentiles: 2%=-370.0400085449219, 5%=-360.04998779296875, 10%=-354.0, 25%=-342.25, 50%=-334.0, 75%=-320.0, 90%=-297.79998779296875, 95%=-290.0, 98%=-285.8799743652344
ranking_best_algo: CMApara
ranking_best_score: 344.22
ranking_my_rank: 78/504 (84.7%)
ranking_my_percent: 84.72222222222223
