ConfigName: krbf__advnormalizedfitness__M1__L8__eps0p033__g0p01__ds0p15__dm0p01
Problem: QUBO
Kernel: rbf
Advantage: normalizedfitness
M: 1
lambda: 8
epsilon_svgd: 0.033
gamma: 0.01
decay_start_ratio: 0.15
decay_min_factor: 0.01
bandwith_kernel: None
no_interact: False
avg_score: -139.5
median_score: -141.0
std_score: 19.076425552368164
percentiles: 2%=-179.0, 5%=-169.39999389648438, 10%=-158.0, 25%=-151.25, 50%=-141.0, 75%=-131.0, 90%=-120.0, 95%=-114.0, 98%=-112.75994873046875
ranking_best_algo: CMApara
ranking_best_score: 154.28
ranking_my_rank: 315/504 (37.7%)
ranking_my_percent: 37.698412698412696
