ConfigName: kfr__advglobalrankweighted__M5__L8__eps0p01__g0p007__ds0p01__dm0p01
Problem: QUBO
Kernel: fr
Advantage: globalrankweighted
M: 5
lambda: 8
epsilon_svgd: 0.01
gamma: 0.007
decay_start_ratio: 0.01
decay_min_factor: 0.01
bandwith_kernel: None
no_interact: False
avg_score: -1023.9199829101562
median_score: -1006.0
std_score: 66.76056671142578
percentiles: 2%=-1161.239990234375, 5%=-1134.6500244140625, 10%=-1122.5, 25%=-1067.5, 50%=-1006.0, 75%=-985.0, 90%=-957.0, 95%=-919.9500122070312, 98%=-894.8800048828125
ranking_best_algo: SVMMetaModelLogNormal
ranking_best_score: 1233.7999999999997
ranking_my_rank: 216/504 (57.3%)
ranking_my_percent: 57.34126984126984
