ConfigName: kjsd__advperagentrankweighted__M8__L28__eps0p005__g0p0005__ds0p05__dm0p05
Problem: QUBO
Kernel: jsd
Advantage: peragentrankweighted
M: 8
lambda: 28
epsilon_svgd: 0.005
gamma: 0.0005
decay_start_ratio: 0.05
decay_min_factor: 0.05
bandwith_kernel: None
no_interact: False
avg_score: -1829.6600341796875
median_score: -1833.0
std_score: 147.62359619140625
percentiles: 2%=-2100.5, 5%=-2081.0, 10%=-2039.0999755859375, 25%=-1932.75, 50%=-1833.0, 75%=-1720.0, 90%=-1646.5, 95%=-1620.8499755859375, 98%=-1536.0
ranking_best_algo: SVM1MetaModelLogNormal
ranking_best_score: 2605.14
ranking_my_rank: 318/504 (37.1%)
ranking_my_percent: 37.1031746031746
