ConfigName: krbf__advnormalizedfitness__M3__L10__eps0p03__g0p01__ds0p05__dm0p05
Problem: QUBO
Kernel: rbf
Advantage: normalizedfitness
M: 3
lambda: 10
epsilon_svgd: 0.03
gamma: 0.01
decay_start_ratio: 0.05
decay_min_factor: 0.05
bandwith_kernel: None
no_interact: False
avg_score: -308.739990234375
median_score: -305.0
std_score: 38.73618698120117
percentiles: 2%=-394.0799865722656, 5%=-388.1000061035156, 10%=-359.20001220703125, 25%=-332.0, 50%=-305.0, 75%=-274.0, 90%=-266.0, 95%=-263.0, 98%=-245.97999572753906
ranking_best_algo: CMApara
ranking_best_score: 319.29999999999995
ranking_my_rank: 87/504 (82.9%)
ranking_my_percent: 82.93650793650794
