ConfigName: kjsd__advperagentrankweighted__M3__L24__eps0p007__g0p001__ds0p2__dm0p1
Problem: NK
Kernel: jsd
Advantage: peragentrankweighted
M: 3
lambda: 24
epsilon_svgd: 0.007
gamma: 0.001
decay_start_ratio: 0.2
decay_min_factor: 0.1
bandwith_kernel: None
no_interact: False
avg_score: 0.710395872592926
median_score: 0.7117031216621399
std_score: 0.015288231894373894
percentiles: 2%=0.6715980768203735, 5%=0.6737045645713806, 10%=0.694212019443512, 25%=0.7072526216506958, 50%=0.7117031216621399, 75%=0.7193233966827393, 90%=0.7254678010940552, 95%=0.7319788932800293, 98%=0.7326798439025879
ranking_best_algo: CMApara
ranking_best_score: 0.707475975
ranking_my_rank: 1/504 (100.0%)
ranking_my_percent: 100.0
