ConfigName: kjsd__advperagentrankweighted__M3__L16__eps0p01__g0p001__ds0p2__dm0p1
Problem: NK
Kernel: jsd
Advantage: peragentrankweighted
M: 3
lambda: 16
epsilon_svgd: 0.01
gamma: 0.001
decay_start_ratio: 0.2
decay_min_factor: 0.1
bandwith_kernel: None
no_interact: False
avg_score: 0.7098653316497803
median_score: 0.7109806537628174
std_score: 0.015541980043053627
percentiles: 2%=0.6713160872459412, 5%=0.6716880798339844, 10%=0.6945703625679016, 25%=0.7070132493972778, 50%=0.7109806537628174, 75%=0.718159556388855, 90%=0.7254834175109863, 95%=0.73292076587677, 98%=0.7333099246025085
ranking_best_algo: CMApara
ranking_best_score: 0.707475975
ranking_my_rank: 1/504 (100.0%)
ranking_my_percent: 100.0
