ConfigName: kjsd__advperagentrankweighted__M3__L20__eps0p01__g0p0005__ds0p05__dm0p05
Problem: QUBO
Kernel: jsd
Advantage: peragentrankweighted
M: 3
lambda: 20
epsilon_svgd: 0.01
gamma: 0.0005
decay_start_ratio: 0.05
decay_min_factor: 0.05
bandwith_kernel: None
no_interact: False
avg_score: -1302.219970703125
median_score: -1299.5
std_score: 59.91236877441406
percentiles: 2%=-1439.0400390625, 5%=-1411.050048828125, 10%=-1370.4000244140625, 25%=-1337.0, 50%=-1299.5, 75%=-1268.5, 90%=-1224.800048828125, 95%=-1204.75, 98%=-1183.5799560546875
ranking_best_algo: BigLognormalDiscreteOnePlusOne
ranking_best_score: 1301.3600000000004
ranking_my_rank: 1/504 (100.0%)
ranking_my_percent: 100.0
