ConfigName: kjsd__advperagentrankweighted__M5__L12__eps0p02__g0p0007__ds0p05__dm0p05
Problem: QUBO
Kernel: jsd
Advantage: peragentrankweighted
M: 5
lambda: 12
epsilon_svgd: 0.02
gamma: 0.0007
decay_start_ratio: 0.05
decay_min_factor: 0.05
bandwith_kernel: None
no_interact: False
avg_score: -2598.219970703125
median_score: -2608.5
std_score: 108.09362030029297
percentiles: 2%=-2798.320068359375, 5%=-2760.35009765625, 10%=-2743.39990234375, 25%=-2667.75, 50%=-2608.5, 75%=-2521.75, 90%=-2452.800048828125, 95%=-2401.60009765625, 98%=-2391.320068359375
ranking_best_algo: SVM1MetaModelLogNormal
ranking_best_score: 2605.14
ranking_my_rank: 2/504 (99.8%)
ranking_my_percent: 99.8015873015873
