ConfigName: krbf__advnormalizedfitness__M4__L12__eps0p025__g0p005__ds0p3__dm0p3
Problem: QUBO
Kernel: rbf
Advantage: normalizedfitness
M: 4
lambda: 12
epsilon_svgd: 0.025
gamma: 0.005
decay_start_ratio: 0.3
decay_min_factor: 0.3
bandwith_kernel: None
no_interact: False
avg_score: -1186.719970703125
median_score: -1191.5
std_score: 89.86267852783203
percentiles: 2%=-1335.56005859375, 5%=-1322.3499755859375, 10%=-1304.0999755859375, 25%=-1255.5, 50%=-1191.5, 75%=-1114.0, 90%=-1070.800048828125, 95%=-1050.9000244140625, 98%=-998.97998046875
ranking_best_algo: BigLognormalDiscreteOnePlusOne
ranking_best_score: 1301.3600000000004
ranking_my_rank: 93/504 (81.7%)
ranking_my_percent: 81.74603174603175
