ConfigName: krbf__advnormalizedfitness__M3__L15__eps0p033__g0p007__ds0p01__dm0p01
Problem: QUBO
Kernel: rbf
Advantage: normalizedfitness
M: 3
lambda: 15
epsilon_svgd: 0.033
gamma: 0.007
decay_start_ratio: 0.01
decay_min_factor: 0.01
bandwith_kernel: None
no_interact: False
avg_score: -1193.4200439453125
median_score: -1183.0
std_score: 56.67630386352539
percentiles: 2%=-1329.1199951171875, 5%=-1291.800048828125, 10%=-1262.0999755859375, 25%=-1231.25, 50%=-1183.0, 75%=-1155.75, 90%=-1132.0, 95%=-1117.949951171875, 98%=-1104.5799560546875
ranking_best_algo: Tabu
ranking_best_score: 1216.16
ranking_my_rank: 48/504 (90.7%)
ranking_my_percent: 90.67460317460318
