ConfigName: kfr__advglobalrankweighted__M1__L10__eps0p015__g0p003__ds0p01__dm0p01
Problem: QUBO
Kernel: fr
Advantage: globalrankweighted
M: 1
lambda: 10
epsilon_svgd: 0.015
gamma: 0.003
decay_start_ratio: 0.01
decay_min_factor: 0.01
bandwith_kernel: None
no_interact: False
avg_score: -1247.739990234375
median_score: -1249.0
std_score: 63.07639694213867
percentiles: 2%=-1363.280029296875, 5%=-1358.0, 10%=-1339.5, 25%=-1281.0, 50%=-1249.0, 75%=-1210.0, 90%=-1171.9000244140625, 95%=-1152.800048828125, 98%=-1122.7999267578125
ranking_best_algo: BigLognormalDiscreteOnePlusOne
ranking_best_score: 1301.3600000000004
ranking_my_rank: 56/504 (89.1%)
ranking_my_percent: 89.08730158730158
