ConfigName: krbf__advnormalizedfitness__M1__L8__eps0p015__g0p007__ds0p15__dm0p3
Problem: QUBO
Kernel: rbf
Advantage: normalizedfitness
M: 1
lambda: 8
epsilon_svgd: 0.015
gamma: 0.007
decay_start_ratio: 0.15
decay_min_factor: 0.3
bandwith_kernel: None
no_interact: False
avg_score: -1148.8199462890625
median_score: -1147.5
std_score: 131.2066650390625
percentiles: 2%=-1321.52001953125, 5%=-1291.4000244140625, 10%=-1256.5999755859375, 25%=-1201.0, 50%=-1147.5, 75%=-1107.75, 90%=-1074.9000244140625, 95%=-1047.800048828125, 98%=-1012.7999267578125
ranking_best_algo: Tabu
ranking_best_score: 1216.16
ranking_my_rank: 147/504 (71.0%)
ranking_my_percent: 71.03174603174604
