ConfigName: kjsd__advperagentrankweighted__M4__L10__eps0p02__g0p0007__ds0p2__dm0p05
Problem: QUBO
Kernel: jsd
Advantage: peragentrankweighted
M: 4
lambda: 10
epsilon_svgd: 0.02
gamma: 0.0007
decay_start_ratio: 0.2
decay_min_factor: 0.05
bandwith_kernel: None
no_interact: False
avg_score: -1607.3199462890625
median_score: -1604.0
std_score: 66.68191528320312
percentiles: 2%=-1745.0, 5%=-1728.25, 10%=-1697.699951171875, 25%=-1651.5, 50%=-1604.0, 75%=-1559.75, 90%=-1520.800048828125, 95%=-1512.949951171875, 98%=-1486.56005859375
ranking_best_algo: NLOPT_LN_PRAXIS
ranking_best_score: 1607.12
ranking_my_rank: 1/504 (100.0%)
ranking_my_percent: 100.0
