ConfigName: kjsd__advperagentrankweighted__M3__L16__eps0p005__g0p001__ds0p2__dm0p05
Problem: NK
Kernel: jsd
Advantage: peragentrankweighted
M: 3
lambda: 16
epsilon_svgd: 0.005
gamma: 0.001
decay_start_ratio: 0.2
decay_min_factor: 0.05
bandwith_kernel: None
no_interact: False
avg_score: 0.7359676361083984
median_score: 0.7385486364364624
std_score: 0.009190338663756847
percentiles: 2%=0.7157487273216248, 5%=0.7163872718811035, 10%=0.7209745049476624, 25%=0.7310603857040405, 50%=0.7385486364364624, 75%=0.7437292337417603, 90%=0.7451921701431274, 95%=0.7460757493972778, 98%=0.7471614480018616
ranking_best_algo: PBIL
ranking_best_score: 0.7248786399609374
ranking_my_rank: 1/504 (100.0%)
ranking_my_percent: 100.0
