ConfigName: krbf__advnormalizedfitness__M2__L10__eps0p015__g0p015__ds0p01__dm0p01
Problem: QUBO
Kernel: rbf
Advantage: normalizedfitness
M: 2
lambda: 10
epsilon_svgd: 0.015
gamma: 0.015
decay_start_ratio: 0.01
decay_min_factor: 0.01
bandwith_kernel: None
no_interact: False
avg_score: -2522.10009765625
median_score: -2527.5
std_score: 134.98707580566406
percentiles: 2%=-2774.219970703125, 5%=-2746.550048828125, 10%=-2703.699951171875, 25%=-2620.0, 50%=-2527.5, 75%=-2429.0, 90%=-2337.39990234375, 95%=-2287.949951171875, 98%=-2262.340087890625
ranking_best_algo: SVM1MetaModelLogNormal
ranking_best_score: 2605.14
ranking_my_rank: 55/504 (89.3%)
ranking_my_percent: 89.28571428571429
