ConfigName: kjsd__advperagentrankweighted__M3__L18__eps0p007__g0p001__ds0p05__dm0p2
Problem: QUBO
Kernel: jsd
Advantage: peragentrankweighted
M: 3
lambda: 18
epsilon_svgd: 0.007
gamma: 0.001
decay_start_ratio: 0.05
decay_min_factor: 0.2
bandwith_kernel: None
no_interact: False
avg_score: -3282.320068359375
median_score: -3276.0
std_score: 109.92733001708984
percentiles: 2%=-3515.10009765625, 5%=-3445.550048828125, 10%=-3430.199951171875, 25%=-3358.75, 50%=-3276.0, 75%=-3215.75, 90%=-3134.800048828125, 95%=-3107.89990234375, 98%=-3099.340087890625
ranking_best_algo: RLSOnePlusOne
ranking_best_score: 3316.5199999999995
ranking_my_rank: 3/504 (99.6%)
ranking_my_percent: 99.60317460317461
