ConfigName: kjsd__advperagentrankweighted__M3__L18__eps0p007__g0p001__ds0p05__dm0p2
Problem: NK
Kernel: jsd
Advantage: peragentrankweighted
M: 3
lambda: 18
epsilon_svgd: 0.007
gamma: 0.001
decay_start_ratio: 0.05
decay_min_factor: 0.2
bandwith_kernel: None
no_interact: False
avg_score: 0.7576351761817932
median_score: 0.7583385705947876
std_score: 0.0129369692876935
percentiles: 2%=0.7354695200920105, 5%=0.7364677786827087, 10%=0.7403494715690613, 25%=0.7492443323135376, 50%=0.7583385705947876, 75%=0.766606867313385, 90%=0.7735635042190552, 95%=0.7792778015136719, 98%=0.7813780307769775
ranking_best_algo: Tabu
ranking_best_score: 0.7470791764843752
ranking_my_rank: 1/504 (100.0%)
ranking_my_percent: 100.0
