ConfigName: krbf__advnormalizedfitness__M4__L15__eps0p015__g0p015__ds0p3__dm0p3
Problem: NK
Kernel: rbf
Advantage: normalizedfitness
M: 4
lambda: 15
epsilon_svgd: 0.015
gamma: 0.015
decay_start_ratio: 0.3
decay_min_factor: 0.3
bandwith_kernel: None
no_interact: False
avg_score: 0.6881223917007446
median_score: 0.6829798221588135
std_score: 0.03166749328374863
percentiles: 2%=0.6452538967132568, 5%=0.6491751074790955, 10%=0.6526188254356384, 25%=0.6596654653549194, 50%=0.6829798221588135, 75%=0.7215580940246582, 90%=0.7321254014968872, 95%=0.735706627368927, 98%=0.7374310493469238
ranking_best_algo: CMApara
ranking_best_score: 0.7118996098437498
ranking_my_rank: 312/504 (38.3%)
ranking_my_percent: 38.29365079365079
