ConfigName: kjsd__advperagentrankweighted__M6__L8__eps0p03__g0p0003__ds0p05__dm0p05
Problem: QUBO
Kernel: jsd
Advantage: peragentrankweighted
M: 6
lambda: 8
epsilon_svgd: 0.03
gamma: 0.0003
decay_start_ratio: 0.05
decay_min_factor: 0.05
bandwith_kernel: None
no_interact: False
avg_score: -888.9000244140625
median_score: -883.0
std_score: 62.86628723144531
percentiles: 2%=-1024.1199951171875, 5%=-989.4000244140625, 10%=-977.0999755859375, 25%=-933.5, 50%=-883.0, 75%=-837.0, 90%=-806.7000122070312, 95%=-798.8499755859375, 98%=-787.8800048828125
ranking_best_algo: CMAL3
ranking_best_score: 928.5800000000002
ranking_my_rank: 101/504 (80.2%)
ranking_my_percent: 80.15873015873017
