ConfigName: kjsd__advperagentrankweighted__M6__L8__eps0p03__g0p0007__ds0p2__dm0p05
Problem: QUBO
Kernel: jsd
Advantage: peragentrankweighted
M: 6
lambda: 8
epsilon_svgd: 0.03
gamma: 0.0007
decay_start_ratio: 0.2
decay_min_factor: 0.05
bandwith_kernel: None
no_interact: False
avg_score: -576.1599731445312
median_score: -573.0
std_score: 25.16375160217285
percentiles: 2%=-631.0599975585938, 5%=-625.0, 10%=-613.0999755859375, 25%=-592.5, 50%=-573.0, 75%=-558.75, 90%=-545.0, 95%=-539.0, 98%=-534.9400024414062
ranking_best_algo: Tabu
ranking_best_score: 588.7199999999999
ranking_my_rank: 56/503 (89.1%)
ranking_my_percent: 89.06560636182903
