ConfigName: kjsd__advperagentrankweighted__M3__L18__eps0p01__g0p003__ds0p1__dm0p05
Problem: QUBO
Kernel: jsd
Advantage: peragentrankweighted
M: 3
lambda: 18
epsilon_svgd: 0.01
gamma: 0.003
decay_start_ratio: 0.1
decay_min_factor: 0.05
bandwith_kernel: None
no_interact: False
avg_score: -438.7799987792969
median_score: -442.0
std_score: 28.587961196899414
percentiles: 2%=-485.0799865722656, 5%=-482.1499938964844, 10%=-473.20001220703125, 25%=-463.0, 50%=-442.0, 75%=-416.0, 90%=-402.0, 95%=-395.75, 98%=-378.9800109863281
ranking_best_algo: CMApara
ranking_best_score: 453.82
ranking_my_rank: 19/504 (96.4%)
ranking_my_percent: 96.42857142857143
