ConfigName: kjsd__advperagentrankweighted__M3__L18__eps0p005__g0p001__ds0p2__dm0p05
Problem: QUBO
Kernel: jsd
Advantage: peragentrankweighted
M: 3
lambda: 18
epsilon_svgd: 0.005
gamma: 0.001
decay_start_ratio: 0.2
decay_min_factor: 0.05
bandwith_kernel: None
no_interact: False
avg_score: -1299.1600341796875
median_score: -1301.5
std_score: 57.96097183227539
percentiles: 2%=-1411.280029296875, 5%=-1394.5999755859375, 10%=-1375.0999755859375, 25%=-1335.0, 50%=-1301.5, 75%=-1256.5, 90%=-1223.0, 95%=-1212.8499755859375, 98%=-1198.8399658203125
ranking_best_algo: BigLognormalDiscreteOnePlusOne
ranking_best_score: 1301.3600000000004
ranking_my_rank: 2/504 (99.8%)
ranking_my_percent: 99.8015873015873
