ConfigName: kfr__advglobalrankweighted__M1__L7__eps0p02__g0p007__ds0p01__dm0p01
Problem: QUBO
Kernel: fr
Advantage: globalrankweighted
M: 1
lambda: 7
epsilon_svgd: 0.02
gamma: 0.007
decay_start_ratio: 0.01
decay_min_factor: 0.01
bandwith_kernel: None
no_interact: False
avg_score: -887.1400146484375
median_score: -883.5
std_score: 68.46517944335938
percentiles: 2%=-1011.0800170898438, 5%=-986.25, 10%=-973.2000122070312, 25%=-945.75, 50%=-883.5, 75%=-839.0, 90%=-797.0, 95%=-782.4500732421875, 98%=-742.8199462890625
ranking_best_algo: CMApara
ranking_best_score: 964.9
ranking_my_rank: 193/504 (61.9%)
ranking_my_percent: 61.904761904761905
