ConfigName: krbf__advnormalizedfitness__M1__L8__eps0p033__g0p01__ds0p15__dm0p3
Problem: QUBO
Kernel: rbf
Advantage: normalizedfitness
M: 1
lambda: 8
epsilon_svgd: 0.033
gamma: 0.01
decay_start_ratio: 0.15
decay_min_factor: 0.3
bandwith_kernel: None
no_interact: False
avg_score: -1251.1800537109375
median_score: -1241.0
std_score: 77.33787536621094
percentiles: 2%=-1411.1600341796875, 5%=-1396.0999755859375, 10%=-1347.699951171875, 25%=-1303.5, 50%=-1241.0, 75%=-1198.75, 90%=-1150.0, 95%=-1114.7000732421875, 98%=-1098.719970703125
ranking_best_algo: BigLognormalDiscreteOnePlusOne
ranking_best_score: 1301.3600000000004
ranking_my_rank: 56/504 (89.1%)
ranking_my_percent: 89.08730158730158
