ConfigName: kjsd__advperagentrankweighted__M5__L8__eps0p005__g0p0007__ds0p05__dm0p05
Problem: QUBO
Kernel: jsd
Advantage: peragentrankweighted
M: 5
lambda: 8
epsilon_svgd: 0.005
gamma: 0.0007
decay_start_ratio: 0.05
decay_min_factor: 0.05
bandwith_kernel: None
no_interact: False
avg_score: -312.5199890136719
median_score: -319.0
std_score: 38.65552520751953
percentiles: 2%=-394.0400085449219, 5%=-388.1000061035156, 10%=-360.0, 25%=-338.5, 50%=-319.0, 75%=-275.0, 90%=-267.0, 95%=-263.0, 98%=-262.0
ranking_best_algo: CMApara
ranking_best_score: 319.29999999999995
ranking_my_rank: 32/504 (93.8%)
ranking_my_percent: 93.84920634920636
