ConfigName: kjsd__advperagentrankweighted__M3__L24__eps0p005__g0p0005__ds0p05__dm0p2
Problem: QUBO
Kernel: jsd
Advantage: peragentrankweighted
M: 3
lambda: 24
epsilon_svgd: 0.005
gamma: 0.0005
decay_start_ratio: 0.05
decay_min_factor: 0.2
bandwith_kernel: None
no_interact: False
avg_score: -576.0999755859375
median_score: -578.0
std_score: 27.106271743774414
percentiles: 2%=-631.0800170898438, 5%=-617.2000122070312, 10%=-613.0, 25%=-593.25, 50%=-578.0, 75%=-556.5, 90%=-538.0, 95%=-533.9500122070312, 98%=-528.780029296875
ranking_best_algo: Tabu
ranking_best_score: 588.7199999999999
ranking_my_rank: 56/503 (89.1%)
ranking_my_percent: 89.06560636182903
