ConfigName: kjsd__advperagentrankweighted__M5__L8__eps0p01__g0p0005__ds0p4__dm0p2
Problem: QUBO
Kernel: jsd
Advantage: peragentrankweighted
M: 5
lambda: 8
epsilon_svgd: 0.01
gamma: 0.0005
decay_start_ratio: 0.4
decay_min_factor: 0.2
bandwith_kernel: None
no_interact: False
avg_score: -1601.260009765625
median_score: -1592.0
std_score: 53.57417297363281
percentiles: 2%=-1707.219970703125, 5%=-1694.25, 10%=-1672.5, 25%=-1640.5, 50%=-1592.0, 75%=-1568.75, 90%=-1531.9000244140625, 95%=-1521.800048828125, 98%=-1516.56005859375
ranking_best_algo: NLOPT_LN_PRAXIS
ranking_best_score: 1607.12
ranking_my_rank: 11/504 (98.0%)
ranking_my_percent: 98.01587301587301
