ConfigName: krbf__advnormalizedfitness__M3__L10__eps0p033__g0p007__ds0p01__dm0p3
Problem: NK
Kernel: rbf
Advantage: normalizedfitness
M: 3
lambda: 10
epsilon_svgd: 0.033
gamma: 0.007
decay_start_ratio: 0.01
decay_min_factor: 0.3
bandwith_kernel: None
no_interact: False
avg_score: 0.7286862730979919
median_score: 0.727486252784729
std_score: 0.0111661646515131
percentiles: 2%=0.7114514708518982, 5%=0.7123907208442688, 10%=0.7160823345184326, 25%=0.7200057506561279, 50%=0.727486252784729, 75%=0.7370615601539612, 90%=0.7435768246650696, 95%=0.7479020357131958, 98%=0.7541261911392212
ranking_best_algo: Tabu
ranking_best_score: 0.7429702712499999
ranking_my_rank: 2/504 (99.8%)
ranking_my_percent: 99.8015873015873
