ConfigName: krbf__advnormalizedfitness__M3__L8__eps0p033__g0p015__ds0p01__dm0p3
Problem: NK
Kernel: rbf
Advantage: normalizedfitness
M: 3
lambda: 8
epsilon_svgd: 0.033
gamma: 0.015
decay_start_ratio: 0.01
decay_min_factor: 0.3
bandwith_kernel: None
no_interact: False
avg_score: 0.6213473677635193
median_score: 0.6166229844093323
std_score: 0.02162855863571167
percentiles: 2%=0.5944029688835144, 5%=0.5956737399101257, 10%=0.5970885753631592, 25%=0.6041682958602905, 50%=0.6166229844093323, 75%=0.6324842572212219, 90%=0.6546855568885803, 95%=0.6617528796195984, 98%=0.6737881302833557
ranking_best_algo: PBIL
ranking_best_score: 0.7170882103515624
ranking_my_rank: 311/504 (38.5%)
ranking_my_percent: 38.492063492063494
