ConfigName: kfr__advglobalrankweighted__M3__L9__eps0p015__g0p007__ds0p01__dm0p01
Problem: QUBO
Kernel: fr
Advantage: globalrankweighted
M: 3
lambda: 9
epsilon_svgd: 0.015
gamma: 0.007
decay_start_ratio: 0.01
decay_min_factor: 0.01
bandwith_kernel: None
no_interact: False
avg_score: -328.5400085449219
median_score: -328.0
std_score: 21.311695098876953
percentiles: 2%=-372.0, 5%=-370.0, 10%=-350.29998779296875, 25%=-342.0, 50%=-328.0, 75%=-314.0, 90%=-298.8999938964844, 95%=-290.0, 98%=-283.89996337890625
ranking_best_algo: CMApara
ranking_best_score: 344.22
ranking_my_rank: 83/504 (83.7%)
ranking_my_percent: 83.73015873015873
