ConfigName: kjsd__advperagentrankweighted__M3__L16__eps0p005__g0p001__ds0p05__dm0p05
Problem: NK
Kernel: jsd
Advantage: peragentrankweighted
M: 3
lambda: 16
epsilon_svgd: 0.005
gamma: 0.001
decay_start_ratio: 0.05
decay_min_factor: 0.05
bandwith_kernel: None
no_interact: False
avg_score: 0.7078601717948914
median_score: 0.7101608514785767
std_score: 0.011784364469349384
percentiles: 2%=0.6890161633491516, 5%=0.6891924738883972, 10%=0.6926220059394836, 25%=0.6964696645736694, 50%=0.7101608514785767, 75%=0.718178927898407, 90%=0.7219489812850952, 95%=0.7237682342529297, 98%=0.7248690724372864
ranking_best_algo: PBIL
ranking_best_score: 0.7013553837109374
ranking_my_rank: 1/504 (100.0%)
ranking_my_percent: 100.0
