ConfigName: krbf__advnormalizedfitness__M2__L10__eps0p015__g0p005__ds0p01__dm0p01
Problem: NK
Kernel: rbf
Advantage: normalizedfitness
M: 2
lambda: 10
epsilon_svgd: 0.015
gamma: 0.005
decay_start_ratio: 0.01
decay_min_factor: 0.01
bandwith_kernel: None
no_interact: False
avg_score: 0.7343835234642029
median_score: 0.7363947033882141
std_score: 0.00912496168166399
percentiles: 2%=0.7139120101928711, 5%=0.7180374264717102, 10%=0.7205118536949158, 25%=0.729422926902771, 50%=0.7363947033882141, 75%=0.7403746843338013, 90%=0.7453455328941345, 95%=0.747439444065094, 98%=0.7496611475944519
ranking_best_algo: PBIL
ranking_best_score: 0.730509098125
ranking_my_rank: 1/504 (100.0%)
ranking_my_percent: 100.0
