ConfigName: kjsd__advperagentrankweighted__M5__L8__eps0p01__g0p003__ds0p05__dm0p05
Problem: NK
Kernel: jsd
Advantage: peragentrankweighted
M: 5
lambda: 8
epsilon_svgd: 0.01
gamma: 0.003
decay_start_ratio: 0.05
decay_min_factor: 0.05
bandwith_kernel: None
no_interact: False
avg_score: 0.7395551204681396
median_score: 0.7401770353317261
std_score: 0.011915365234017372
percentiles: 2%=0.7177634835243225, 5%=0.7188403606414795, 10%=0.7216251492500305, 25%=0.7299309372901917, 50%=0.7401770353317261, 75%=0.7492852210998535, 90%=0.7530044317245483, 95%=0.7573246955871582, 98%=0.7609235048294067
ranking_best_algo: PBIL
ranking_best_score: 0.733570253046875
ranking_my_rank: 1/504 (100.0%)
ranking_my_percent: 100.0
