ConfigName: krbf__advnormalizedfitness__M1__L10__eps0p015__g0p01__ds0p15__dm0p3
Problem: NK
Kernel: rbf
Advantage: normalizedfitness
M: 1
lambda: 10
epsilon_svgd: 0.015
gamma: 0.01
decay_start_ratio: 0.15
decay_min_factor: 0.3
bandwith_kernel: None
no_interact: False
avg_score: 0.7504411339759827
median_score: 0.7490969896316528
std_score: 0.012737691402435303
percentiles: 2%=0.7290041446685791, 5%=0.7308712601661682, 10%=0.7327836751937866, 25%=0.7409594655036926, 50%=0.7490969896316528, 75%=0.7616423964500427, 90%=0.766334056854248, 95%=0.7699411511421204, 98%=0.7713466882705688
ranking_best_algo: Tabu
ranking_best_score: 0.7470791764843752
ranking_my_rank: 1/504 (100.0%)
ranking_my_percent: 100.0
