ConfigName: krbf__advnormalizedfitness__M3__L15__eps0p025__g0p015__ds0p15__dm0p3
Problem: NK
Kernel: rbf
Advantage: normalizedfitness
M: 3
lambda: 15
epsilon_svgd: 0.025
gamma: 0.015
decay_start_ratio: 0.15
decay_min_factor: 0.3
bandwith_kernel: None
no_interact: False
avg_score: 0.7295870184898376
median_score: 0.729695200920105
std_score: 0.017644301056861877
percentiles: 2%=0.698560893535614, 5%=0.7027268409729004, 10%=0.7064886093139648, 25%=0.7167970538139343, 50%=0.729695200920105, 75%=0.743487536907196, 90%=0.7524449229240417, 95%=0.7560850977897644, 98%=0.7603591084480286
ranking_best_algo: Tabu
ranking_best_score: 0.7657846284375001
ranking_my_rank: 189/504 (62.7%)
ranking_my_percent: 62.698412698412696
