ConfigName: krbf__advnormalizedfitness__M2__L10__eps0p025__g0p007__ds0p3__dm0p3
Problem: QUBO
Kernel: rbf
Advantage: normalizedfitness
M: 2
lambda: 10
epsilon_svgd: 0.025
gamma: 0.007
decay_start_ratio: 0.3
decay_min_factor: 0.3
bandwith_kernel: None
no_interact: False
avg_score: -571.0399780273438
median_score: -569.0
std_score: 30.925045013427734
percentiles: 2%=-629.0399780273438, 5%=-621.0999755859375, 10%=-613.2000122070312, 25%=-592.25, 50%=-569.0, 75%=-549.75, 90%=-534.5999755859375, 95%=-524.4500122070312, 98%=-510.82000732421875
ranking_best_algo: Tabu
ranking_best_score: 588.7199999999999
ranking_my_rank: 62/503 (87.9%)
ranking_my_percent: 87.8727634194831
