ConfigName: kjsd__advperagentrankweighted__M3__L20__eps0p005__g0p0005__ds0p05__dm0p05
Problem: QUBO
Kernel: jsd
Advantage: peragentrankweighted
M: 3
lambda: 20
epsilon_svgd: 0.005
gamma: 0.0005
decay_start_ratio: 0.05
decay_min_factor: 0.05
bandwith_kernel: None
no_interact: False
avg_score: -942.9400024414062
median_score: -942.0
std_score: 71.01616668701172
percentiles: 2%=-1064.199951171875, 5%=-1060.050048828125, 10%=-1041.199951171875, 25%=-996.5, 50%=-942.0, 75%=-891.75, 90%=-851.5999755859375, 95%=-824.4000244140625, 98%=-802.5599975585938
ranking_best_algo: CMApara
ranking_best_score: 964.9
ranking_my_rank: 3/504 (99.6%)
ranking_my_percent: 99.60317460317461
