ConfigName: kjsd__advperagentrankweighted__M5__L12__eps0p02__g0p0007__ds0p05__dm0p05
Problem: NK
Kernel: jsd
Advantage: peragentrankweighted
M: 5
lambda: 12
epsilon_svgd: 0.02
gamma: 0.0007
decay_start_ratio: 0.05
decay_min_factor: 0.05
bandwith_kernel: None
no_interact: False
avg_score: 0.7092454433441162
median_score: 0.7103201150894165
std_score: 0.015194941312074661
percentiles: 2%=0.6707944273948669, 5%=0.671934962272644, 10%=0.6945890784263611, 25%=0.7064249515533447, 50%=0.7103201150894165, 75%=0.7177822589874268, 90%=0.7248870134353638, 95%=0.7312340140342712, 98%=0.7336841821670532
ranking_best_algo: CMApara
ranking_best_score: 0.707475975
ranking_my_rank: 1/504 (100.0%)
ranking_my_percent: 100.0
