ConfigName: krbf__advnormalizedfitness__M4__L15__eps0p025__g0p015__ds0p15__dm0p3
Problem: QUBO
Kernel: rbf
Advantage: normalizedfitness
M: 4
lambda: 15
epsilon_svgd: 0.025
gamma: 0.015
decay_start_ratio: 0.15
decay_min_factor: 0.3
bandwith_kernel: None
no_interact: False
avg_score: -147.4600067138672
median_score: -146.0
std_score: 19.472759246826172
percentiles: 2%=-185.13999938964844, 5%=-181.0500030517578, 10%=-177.0, 25%=-159.0, 50%=-146.0, 75%=-130.75, 90%=-124.0, 95%=-122.0, 98%=-118.93998718261719
ranking_best_algo: Tabu
ranking_best_score: 208.36000000000004
ranking_my_rank: 360/504 (28.8%)
ranking_my_percent: 28.76984126984127
