ConfigName: krbf__advnormalizedfitness__M4__L8__eps0p033__g0p005__ds0p3__dm0p01
Problem: NK
Kernel: rbf
Advantage: normalizedfitness
M: 4
lambda: 8
epsilon_svgd: 0.033
gamma: 0.005
decay_start_ratio: 0.3
decay_min_factor: 0.01
bandwith_kernel: None
no_interact: False
avg_score: 0.7542628645896912
median_score: 0.756005048751831
std_score: 0.013307929039001465
percentiles: 2%=0.7277905344963074, 5%=0.7314581274986267, 10%=0.7353070974349976, 25%=0.7448970675468445, 50%=0.756005048751831, 75%=0.765167772769928, 90%=0.770048201084137, 95%=0.7706454992294312, 98%=0.7736265063285828
ranking_best_algo: Tabu
ranking_best_score: 0.7657846284375001
ranking_my_rank: 7/504 (98.8%)
ranking_my_percent: 98.80952380952381
