ConfigName: krbf__advnormalizedfitness__M3__L8__eps0p025__g0p007__ds0p01__dm0p3
Problem: QUBO
Kernel: rbf
Advantage: normalizedfitness
M: 3
lambda: 8
epsilon_svgd: 0.025
gamma: 0.007
decay_start_ratio: 0.01
decay_min_factor: 0.3
bandwith_kernel: None
no_interact: False
avg_score: -146.9199981689453
median_score: -145.0
std_score: 13.712533950805664
percentiles: 2%=-179.0, 5%=-179.0, 10%=-160.0, 25%=-154.25, 50%=-145.0, 75%=-139.0, 90%=-133.0, 95%=-126.7500228881836, 98%=-119.87997436523438
ranking_best_algo: CMApara
ranking_best_score: 154.28
ranking_my_rank: 109/504 (78.6%)
ranking_my_percent: 78.57142857142857
