ConfigName: krbf__advnormalizedfitness__M3__L8__eps0p025__g0p007__ds0p01__dm0p3
Problem: NK
Kernel: rbf
Advantage: normalizedfitness
M: 3
lambda: 8
epsilon_svgd: 0.025
gamma: 0.007
decay_start_ratio: 0.01
decay_min_factor: 0.3
bandwith_kernel: None
no_interact: False
avg_score: 0.7441537380218506
median_score: 0.7423104643821716
std_score: 0.0286702997982502
percentiles: 2%=0.698638916015625, 5%=0.7052530646324158, 10%=0.7096389532089233, 25%=0.724064826965332, 50%=0.7423104643821716, 75%=0.7580187320709229, 90%=0.777429461479187, 95%=0.8117856383323669, 98%=0.8118547797203064
ranking_best_algo: CMApara
ranking_best_score: 0.7459277895312499
ranking_my_rank: 6/504 (99.0%)
ranking_my_percent: 99.0079365079365
