ConfigName: krbf__advnormalizedfitness__M3__L15__eps0p025__g0p01__ds0p15__dm0p3
Problem: QUBO
Kernel: rbf
Advantage: normalizedfitness
M: 3
lambda: 15
epsilon_svgd: 0.025
gamma: 0.01
decay_start_ratio: 0.15
decay_min_factor: 0.3
bandwith_kernel: None
no_interact: False
avg_score: -199.17999267578125
median_score: -200.5
std_score: 11.576165199279785
percentiles: 2%=-224.0, 5%=-217.25, 10%=-212.10000610351562, 25%=-207.0, 50%=-200.5, 75%=-191.0, 90%=-182.89999389648438, 95%=-179.95001220703125, 98%=-177.91998291015625
ranking_best_algo: Tabu
ranking_best_score: 208.36000000000004
ranking_my_rank: 86/504 (83.1%)
ranking_my_percent: 83.13492063492063
