ConfigName: krbf__advglobalrankweighted__M4__L10__eps0p02__g0p003__ds0p01__dm0p01
Problem: QUBO
Kernel: rbf
Advantage: globalrankweighted
M: 4
lambda: 10
epsilon_svgd: 0.02
gamma: 0.003
decay_start_ratio: 0.01
decay_min_factor: 0.01
bandwith_kernel: None
no_interact: False
avg_score: -330.8599853515625
median_score: -338.5
std_score: 20.756214141845703
percentiles: 2%=-372.0, 5%=-357.0, 10%=-350.0, 25%=-346.0, 50%=-338.5, 75%=-321.5, 90%=-298.8999938964844, 95%=-293.95001220703125, 98%=-289.7999572753906
ranking_best_algo: CMApara
ranking_best_score: 344.22
ranking_my_rank: 77/504 (84.9%)
ranking_my_percent: 84.92063492063492
