ConfigName: krbf__advnormalizedfitness__M4__L12__eps0p033__g0p01__ds0p01__dm0p01
Problem: QUBO
Kernel: rbf
Advantage: normalizedfitness
M: 4
lambda: 12
epsilon_svgd: 0.033
gamma: 0.01
decay_start_ratio: 0.01
decay_min_factor: 0.01
bandwith_kernel: None
no_interact: False
avg_score: -1207.4599609375
median_score: -1205.0
std_score: 74.52092742919922
percentiles: 2%=-1375.0799560546875, 5%=-1331.4000244140625, 10%=-1294.300048828125, 25%=-1247.25, 50%=-1205.0, 75%=-1158.5, 90%=-1119.4000244140625, 95%=-1093.0, 98%=-1066.43994140625
ranking_best_algo: BigLognormalDiscreteOnePlusOne
ranking_best_score: 1301.3600000000004
ranking_my_rank: 83/504 (83.7%)
ranking_my_percent: 83.73015873015873
