ConfigName: kjsd__advperagentrankweighted__M3__L30__eps0p005__g0p001__ds0p05__dm0p2
Problem: QUBO
Kernel: jsd
Advantage: peragentrankweighted
M: 3
lambda: 30
epsilon_svgd: 0.005
gamma: 0.001
decay_start_ratio: 0.05
decay_min_factor: 0.2
bandwith_kernel: None
no_interact: False
avg_score: -2500.0400390625
median_score: -2514.0
std_score: 154.9549560546875
percentiles: 2%=-2788.52001953125, 5%=-2754.39990234375, 10%=-2715.60009765625, 25%=-2599.25, 50%=-2514.0, 75%=-2406.0, 90%=-2286.800048828125, 95%=-2243.39990234375, 98%=-2209.60009765625
ranking_best_algo: DiscreteLengler2OnePlusOne
ranking_best_score: 2617.04
ranking_my_rank: 72/504 (85.9%)
ranking_my_percent: 85.91269841269842
