ConfigName: kjsd__advperagentrankweighted__M3__L24__eps0p007__g0p001__ds0p05__dm0p05
Problem: QUBO
Kernel: jsd
Advantage: peragentrankweighted
M: 3
lambda: 24
epsilon_svgd: 0.007
gamma: 0.001
decay_start_ratio: 0.05
decay_min_factor: 0.05
bandwith_kernel: None
no_interact: False
avg_score: -428.5199890136719
median_score: -426.5
std_score: 25.84897804260254
percentiles: 2%=-479.0, 5%=-477.0, 10%=-464.1000061035156, 25%=-444.0, 50%=-426.5, 75%=-414.0, 90%=-396.8999938964844, 95%=-386.95001220703125, 98%=-369.760009765625
ranking_best_algo: CMAL3
ranking_best_score: 435.36
ranking_my_rank: 15/504 (97.2%)
ranking_my_percent: 97.22222222222223
