ConfigName: kjsd__advperagentrankweighted__M5__L24__eps0p03__g0p0005__ds0p05__dm0p05
Problem: QUBO
Kernel: jsd
Advantage: peragentrankweighted
M: 5
lambda: 24
epsilon_svgd: 0.03
gamma: 0.0005
decay_start_ratio: 0.05
decay_min_factor: 0.05
bandwith_kernel: None
no_interact: False
avg_score: -331.05999755859375
median_score: -338.5
std_score: 22.139476776123047
percentiles: 2%=-372.0, 5%=-361.54998779296875, 10%=-357.0, 25%=-343.0, 50%=-338.5, 75%=-314.0, 90%=-299.79998779296875, 95%=-290.0, 98%=-281.9599914550781
ranking_best_algo: CMApara
ranking_best_score: 344.22
ranking_my_rank: 77/504 (84.9%)
ranking_my_percent: 84.92063492063492
