ConfigName: kjsd__advperagentrankweighted__M4__L20__eps0p007__g0p0005__ds0p2__dm0p05
Problem: QUBO
Kernel: jsd
Advantage: peragentrankweighted
M: 4
lambda: 20
epsilon_svgd: 0.007
gamma: 0.0005
decay_start_ratio: 0.2
decay_min_factor: 0.05
bandwith_kernel: None
no_interact: False
avg_score: -2653.580078125
median_score: -2643.0
std_score: 111.20046997070312
percentiles: 2%=-2856.139892578125, 5%=-2830.0, 10%=-2803.10009765625, 25%=-2722.25, 50%=-2643.0, 75%=-2595.0, 90%=-2503.800048828125, 95%=-2451.89990234375, 98%=-2429.840087890625
ranking_best_algo: DiscreteLengler2OnePlusOne
ranking_best_score: 2617.04
ranking_my_rank: 1/504 (100.0%)
ranking_my_percent: 100.0
