ConfigName: kfr__advglobalrankweighted__M4__L5__eps0p05__g0p005__ds0p01__dm0p01
Problem: NK
Kernel: fr
Advantage: globalrankweighted
M: 4
lambda: 5
epsilon_svgd: 0.05
gamma: 0.005
decay_start_ratio: 0.01
decay_min_factor: 0.01
bandwith_kernel: None
no_interact: False
avg_score: 0.7518987059593201
median_score: 0.7512596845626831
std_score: 0.011906424537301064
percentiles: 2%=0.7333042621612549, 5%=0.7343060374259949, 10%=0.7386099696159363, 25%=0.7423934936523438, 50%=0.7512596845626831, 75%=0.7578487992286682, 90%=0.7674774527549744, 95%=0.7754760384559631, 98%=0.7801032662391663
ranking_best_algo: Tabu
ranking_best_score: 0.7470791764843752
ranking_my_rank: 1/504 (100.0%)
ranking_my_percent: 100.0
