ConfigName: krbf__advnormalizedfitness__M2__L10__eps0p025__g0p007__ds0p15__dm0p01
Problem: QUBO
Kernel: rbf
Advantage: normalizedfitness
M: 2
lambda: 10
epsilon_svgd: 0.025
gamma: 0.007
decay_start_ratio: 0.15
decay_min_factor: 0.01
bandwith_kernel: None
no_interact: False
avg_score: -575.719970703125
median_score: -576.0
std_score: 27.175016403198242
percentiles: 2%=-627.0800170898438, 5%=-621.0999755859375, 10%=-611.0, 25%=-592.25, 50%=-576.0, 75%=-557.5, 90%=-541.0, 95%=-538.0, 98%=-525.760009765625
ranking_best_algo: Tabu
ranking_best_score: 588.7199999999999
ranking_my_rank: 57/503 (88.9%)
ranking_my_percent: 88.86679920477137
