ConfigName: kjsd__advperagentrankweighted__M4__L10__eps0p02__g0p0003__ds0p2__dm0p05
Problem: QUBO
Kernel: jsd
Advantage: peragentrankweighted
M: 4
lambda: 10
epsilon_svgd: 0.02
gamma: 0.0003
decay_start_ratio: 0.2
decay_min_factor: 0.05
bandwith_kernel: None
no_interact: False
avg_score: -3158.780029296875
median_score: -3152.5
std_score: 113.66667175292969
percentiles: 2%=-3352.5, 5%=-3334.10009765625, 10%=-3292.699951171875, 25%=-3233.5, 50%=-3152.5, 75%=-3107.75, 90%=-3008.60009765625, 95%=-2957.800048828125, 98%=-2910.9599609375
ranking_best_algo: RLSOnePlusOne
ranking_best_score: 3316.5199999999995
ranking_my_rank: 61/504 (88.1%)
ranking_my_percent: 88.0952380952381
