ConfigName: kjsd__advperagentrankweighted__M10__L12__eps0p005__g0p0005__ds0p05__dm0p05
Problem: QUBO
Kernel: jsd
Advantage: peragentrankweighted
M: 10
lambda: 12
epsilon_svgd: 0.005
gamma: 0.0005
decay_start_ratio: 0.05
decay_min_factor: 0.05
bandwith_kernel: None
no_interact: False
avg_score: -420.3599853515625
median_score: -419.5
std_score: 29.42159652709961
percentiles: 2%=-477.0, 5%=-473.1000061035156, 10%=-461.6000061035156, 25%=-437.75, 50%=-419.5, 75%=-396.5, 90%=-384.8999938964844, 95%=-375.75, 98%=-369.8800048828125
ranking_best_algo: CMAL3
ranking_best_score: 435.36
ranking_my_rank: 61/504 (88.1%)
ranking_my_percent: 88.0952380952381
