ConfigName: kjsd__advperagentrankweighted__M4__L24__eps0p01__g0p0003__ds0p2__dm0p05
Problem: NK
Kernel: jsd
Advantage: peragentrankweighted
M: 4
lambda: 24
epsilon_svgd: 0.01
gamma: 0.0003
decay_start_ratio: 0.2
decay_min_factor: 0.05
bandwith_kernel: None
no_interact: False
avg_score: 0.7194569706916809
median_score: 0.719762921333313
std_score: 0.007844891399145126
percentiles: 2%=0.7044552564620972, 5%=0.7070583701133728, 10%=0.7098366618156433, 25%=0.7145016193389893, 50%=0.719762921333313, 75%=0.7238402366638184, 90%=0.7288511395454407, 95%=0.734464168548584, 98%=0.7360994219779968
ranking_best_algo: PBIL
ranking_best_score: 0.7170882103515624
ranking_my_rank: 1/504 (100.0%)
ranking_my_percent: 100.0
