ConfigName: krbf__advnormalizedfitness__M2__L6__eps0p01__g0p01__ds0p01__dm0p01
Problem: NK
Kernel: rbf
Advantage: normalizedfitness
M: 2
lambda: 6
epsilon_svgd: 0.01
gamma: 0.01
decay_start_ratio: 0.01
decay_min_factor: 0.01
bandwith_kernel: None
no_interact: False
avg_score: 0.7076975107192993
median_score: 0.7106987237930298
std_score: 0.011872748844325542
percentiles: 2%=0.6883224248886108, 5%=0.6891503930091858, 10%=0.6929954290390015, 25%=0.6963067054748535, 50%=0.7106987237930298, 75%=0.7183139324188232, 90%=0.7221097946166992, 95%=0.7233805060386658, 98%=0.7241069078445435
ranking_best_algo: PBIL
ranking_best_score: 0.7013553837109374
ranking_my_rank: 1/504 (100.0%)
ranking_my_percent: 100.0
