ConfigName: krbf__advnormalizedfitness__M3__L10__eps0p025__g0p005__ds0p3__dm0p01
Problem: QUBO
Kernel: rbf
Advantage: normalizedfitness
M: 3
lambda: 10
epsilon_svgd: 0.025
gamma: 0.005
decay_start_ratio: 0.3
decay_min_factor: 0.01
bandwith_kernel: None
no_interact: False
avg_score: -931.3400268554688
median_score: -919.0
std_score: 65.29949188232422
percentiles: 2%=-1070.0400390625, 5%=-1056.0999755859375, 10%=-1019.4000244140625, 25%=-972.75, 50%=-919.0, 75%=-882.25, 90%=-862.5999755859375, 95%=-838.5000610351562, 98%=-804.9599609375
ranking_best_algo: CMApara
ranking_best_score: 964.9
ranking_my_rank: 19/504 (96.4%)
ranking_my_percent: 96.42857142857143
