ConfigName: krbf__advnormalizedfitness__M4__L12__eps0p033__g0p01__ds0p15__dm0p01
Problem: NK
Kernel: rbf
Advantage: normalizedfitness
M: 4
lambda: 12
epsilon_svgd: 0.033
gamma: 0.01
decay_start_ratio: 0.15
decay_min_factor: 0.01
bandwith_kernel: None
no_interact: False
avg_score: 0.6177427768707275
median_score: 0.6146364212036133
std_score: 0.017583712935447693
percentiles: 2%=0.5918388366699219, 5%=0.5962400436401367, 10%=0.6016099452972412, 25%=0.6059303879737854, 50%=0.6146364212036133, 75%=0.622480034828186, 90%=0.6354968547821045, 95%=0.6537759900093079, 98%=0.6638361811637878
ranking_best_algo: PBIL
ranking_best_score: 0.7170882103515624
ranking_my_rank: 314/504 (37.9%)
ranking_my_percent: 37.8968253968254
