ConfigName: kjsd__advperagentrankweighted__M3__L18__eps0p005__g0p0007__ds0p1__dm0p2
Problem: NK
Kernel: jsd
Advantage: peragentrankweighted
M: 3
lambda: 18
epsilon_svgd: 0.005
gamma: 0.0007
decay_start_ratio: 0.1
decay_min_factor: 0.2
bandwith_kernel: None
no_interact: False
avg_score: 0.7558214664459229
median_score: 0.7559045553207397
std_score: 0.01374442595988512
percentiles: 2%=0.7324730157852173, 5%=0.7357709407806396, 10%=0.7384520769119263, 25%=0.7453032732009888, 50%=0.7559045553207397, 75%=0.7654086351394653, 90%=0.7727934718132019, 95%=0.7806673645973206, 98%=0.7844851613044739
ranking_best_algo: Tabu
ranking_best_score: 0.7470791764843752
ranking_my_rank: 1/504 (100.0%)
ranking_my_percent: 100.0
