ConfigName: krbf__advnormalizedfitness__M3__L10__eps0p033__g0p015__ds0p15__dm0p01
Problem: QUBO
Kernel: rbf
Advantage: normalizedfitness
M: 3
lambda: 10
epsilon_svgd: 0.033
gamma: 0.015
decay_start_ratio: 0.15
decay_min_factor: 0.01
bandwith_kernel: None
no_interact: False
avg_score: -417.5199890136719
median_score: -418.0
std_score: 25.17239761352539
percentiles: 2%=-473.0799865722656, 5%=-457.0, 10%=-447.1000061035156, 25%=-436.0, 50%=-418.0, 75%=-398.0, 90%=-384.0, 95%=-379.8000183105469, 98%=-370.0
ranking_best_algo: Tabu
ranking_best_score: 438.12
ranking_my_rank: 40/504 (92.3%)
ranking_my_percent: 92.26190476190476
