ConfigName: kjsd__advperagentrankweighted__M3__L24__eps0p005__g0p0005__ds0p05__dm0p2
Problem: NK
Kernel: jsd
Advantage: peragentrankweighted
M: 3
lambda: 24
epsilon_svgd: 0.005
gamma: 0.0005
decay_start_ratio: 0.05
decay_min_factor: 0.2
bandwith_kernel: None
no_interact: False
avg_score: 0.7527877688407898
median_score: 0.7533721327781677
std_score: 0.013492502272129059
percentiles: 2%=0.7249072790145874, 5%=0.7287447452545166, 10%=0.7367233633995056, 25%=0.7434775233268738, 50%=0.7533721327781677, 75%=0.7606238722801208, 90%=0.7706454992294312, 95%=0.771794855594635, 98%=0.7815940380096436
ranking_best_algo: Tabu
ranking_best_score: 0.7657846284375001
ranking_my_rank: 9/504 (98.4%)
ranking_my_percent: 98.41269841269842
