ConfigName: kjsd__advperagentrankweighted__M3__L18__eps0p007__g0p0007__ds0p1__dm0p1
Problem: QUBO
Kernel: jsd
Advantage: peragentrankweighted
M: 3
lambda: 18
epsilon_svgd: 0.007
gamma: 0.0007
decay_start_ratio: 0.1
decay_min_factor: 0.1
bandwith_kernel: None
no_interact: False
avg_score: -935.239990234375
median_score: -934.0
std_score: 65.47245025634766
percentiles: 2%=-1074.0, 5%=-1045.25, 10%=-1020.0999755859375, 25%=-979.25, 50%=-934.0, 75%=-888.75, 90%=-864.0, 95%=-826.5499877929688, 98%=-808.9600219726562
ranking_best_algo: CMApara
ranking_best_score: 964.9
ranking_my_rank: 16/504 (97.0%)
ranking_my_percent: 97.02380952380952
