ConfigName: kjsd__advperagentrankweighted__M5__L10__eps0p005__g0p0005__ds0p4__dm0p05
Problem: QUBO
Kernel: jsd
Advantage: peragentrankweighted
M: 5
lambda: 10
epsilon_svgd: 0.005
gamma: 0.0005
decay_start_ratio: 0.4
decay_min_factor: 0.05
bandwith_kernel: None
no_interact: False
avg_score: -1303.02001953125
median_score: -1298.5
std_score: 60.760345458984375
percentiles: 2%=-1421.1800537109375, 5%=-1401.0999755859375, 10%=-1378.5, 25%=-1351.5, 50%=-1298.5, 75%=-1259.75, 90%=-1217.0, 95%=-1208.800048828125, 98%=-1198.9000244140625
ranking_best_algo: BigLognormalDiscreteOnePlusOne
ranking_best_score: 1301.3600000000004
ranking_my_rank: 1/504 (100.0%)
ranking_my_percent: 100.0
