ConfigName: krbf__advnormalizedfitness__M3__L15__eps0p015__g0p015__ds0p15__dm0p01
Problem: QUBO
Kernel: rbf
Advantage: normalizedfitness
M: 3
lambda: 15
epsilon_svgd: 0.015
gamma: 0.015
decay_start_ratio: 0.15
decay_min_factor: 0.01
bandwith_kernel: None
no_interact: False
avg_score: -386.4200134277344
median_score: -386.0
std_score: 34.0784912109375
percentiles: 2%=-459.0799865722656, 5%=-441.20001220703125, 10%=-429.20001220703125, 25%=-410.25, 50%=-386.0, 75%=-363.5, 90%=-341.0, 95%=-332.8500061035156, 98%=-320.8599853515625
ranking_best_algo: CMAL3
ranking_best_score: 435.36
ranking_my_rank: 278/504 (45.0%)
ranking_my_percent: 45.03968253968254
