ConfigName: kjsd__advperagentrankweighted__M3__L16__eps0p007__g0p003__ds0p1__dm0p05
Problem: QUBO
Kernel: jsd
Advantage: peragentrankweighted
M: 3
lambda: 16
epsilon_svgd: 0.007
gamma: 0.003
decay_start_ratio: 0.1
decay_min_factor: 0.05
bandwith_kernel: None
no_interact: False
avg_score: -330.3599853515625
median_score: -334.0
std_score: 21.712448120117188
percentiles: 2%=-372.0, 5%=-357.20001220703125, 10%=-354.0, 25%=-343.0, 50%=-334.0, 75%=-320.0, 90%=-297.70001220703125, 95%=-290.0, 98%=-285.79998779296875
ranking_best_algo: CMApara
ranking_best_score: 344.22
ranking_my_rank: 79/504 (84.5%)
ranking_my_percent: 84.52380952380952
