ConfigName: kjsd__advperagentrankweighted__M3__L20__eps0p007__g0p0007__ds0p05__dm0p05
Problem: QUBO
Kernel: jsd
Advantage: peragentrankweighted
M: 3
lambda: 20
epsilon_svgd: 0.007
gamma: 0.0007
decay_start_ratio: 0.05
decay_min_factor: 0.05
bandwith_kernel: None
no_interact: False
avg_score: -408.5
median_score: -409.0
std_score: 27.386676788330078
percentiles: 2%=-461.20001220703125, 5%=-453.04998779296875, 10%=-440.0, 25%=-428.0, 50%=-409.0, 75%=-390.0, 90%=-368.0, 95%=-366.0, 98%=-361.760009765625
ranking_best_algo: Tabu
ranking_best_score: 438.12
ranking_my_rank: 140/504 (72.4%)
ranking_my_percent: 72.42063492063492
