ConfigName: krbf__advnormalizedfitness__M5__L24__eps0p025__g0p005__ds0p05__dm0p05
Problem: QUBO
Kernel: rbf
Advantage: normalizedfitness
M: 5
lambda: 24
epsilon_svgd: 0.025
gamma: 0.005
decay_start_ratio: 0.05
decay_min_factor: 0.05
bandwith_kernel: None
no_interact: False
avg_score: -195.5
median_score: -194.0
std_score: 14.795607566833496
percentiles: 2%=-224.0, 5%=-224.0, 10%=-215.5, 25%=-205.0, 50%=-194.0, 75%=-185.75, 90%=-180.8000030517578, 95%=-168.0, 98%=-164.97999572753906
ranking_best_algo: Tabu
ranking_best_score: 208.36000000000004
ranking_my_rank: 208/504 (58.9%)
ranking_my_percent: 58.92857142857143
