ConfigName: krbf__advnormalizedfitness__M1__L8__eps0p033__g0p015__ds0p3__dm0p01
Problem: NK
Kernel: rbf
Advantage: normalizedfitness
M: 1
lambda: 8
epsilon_svgd: 0.033
gamma: 0.015
decay_start_ratio: 0.3
decay_min_factor: 0.01
bandwith_kernel: None
no_interact: False
avg_score: 0.7027075290679932
median_score: 0.7032351493835449
std_score: 0.011529218405485153
percentiles: 2%=0.6826423406600952, 5%=0.6840108036994934, 10%=0.6869951486587524, 25%=0.6929022073745728, 50%=0.7032351493835449, 75%=0.7129223346710205, 90%=0.7164412140846252, 95%=0.7184910774230957, 98%=0.7200390100479126
ranking_best_algo: PBIL
ranking_best_score: 0.7013553837109374
ranking_my_rank: 1/504 (100.0%)
ranking_my_percent: 100.0
