ConfigName: kfr__advglobalrankweighted__M3__L8__eps0p02__g0p003__ds0p01__dm0p01
Problem: QUBO
Kernel: fr
Advantage: globalrankweighted
M: 3
lambda: 8
epsilon_svgd: 0.02
gamma: 0.003
decay_start_ratio: 0.01
decay_min_factor: 0.01
bandwith_kernel: None
no_interact: False
avg_score: -197.83999633789062
median_score: -198.5
std_score: 13.989081382751465
percentiles: 2%=-224.0, 5%=-222.0, 10%=-218.10000610351562, 25%=-207.0, 50%=-198.5, 75%=-188.75, 90%=-176.89999389648438, 95%=-175.0, 98%=-172.97999572753906
ranking_best_algo: Tabu
ranking_best_score: 208.36000000000004
ranking_my_rank: 109/504 (78.6%)
ranking_my_percent: 78.57142857142857
