ConfigName: kjsd__advperagentrankweighted__M3__L16__eps0p01__g0p0005__ds0p1__dm0p2
Problem: NK
Kernel: jsd
Advantage: peragentrankweighted
M: 3
lambda: 16
epsilon_svgd: 0.01
gamma: 0.0005
decay_start_ratio: 0.1
decay_min_factor: 0.2
bandwith_kernel: None
no_interact: False
avg_score: 0.7087593078613281
median_score: 0.7104877233505249
std_score: 0.01541188545525074
percentiles: 2%=0.6694177985191345, 5%=0.6713671684265137, 10%=0.6941491961479187, 25%=0.7058424353599548, 50%=0.7104877233505249, 75%=0.7173568606376648, 90%=0.7248814105987549, 95%=0.7312313914299011, 98%=0.7328575849533081
ranking_best_algo: CMApara
ranking_best_score: 0.707475975
ranking_my_rank: 1/504 (100.0%)
ranking_my_percent: 100.0
