ConfigName: krbf__advnormalizedfitness__M4__L12__eps0p025__g0p01__ds0p15__dm0p3
Problem: NK
Kernel: rbf
Advantage: normalizedfitness
M: 4
lambda: 12
epsilon_svgd: 0.025
gamma: 0.01
decay_start_ratio: 0.15
decay_min_factor: 0.3
bandwith_kernel: None
no_interact: False
avg_score: 0.6881071329116821
median_score: 0.689429759979248
std_score: 0.010792790912091732
percentiles: 2%=0.6658512949943542, 5%=0.6707912683486938, 10%=0.6726392507553101, 25%=0.6811313629150391, 50%=0.689429759979248, 75%=0.6964292526245117, 90%=0.701448917388916, 95%=0.7037264108657837, 98%=0.705049455165863
ranking_best_algo: PBIL
ranking_best_score: 0.7248786399609374
ranking_my_rank: 177/504 (65.1%)
ranking_my_percent: 65.07936507936508
