ConfigName: krbf__advnormalizedfitness__M4__L8__eps0p015__g0p01__ds0p01__dm0p01
Problem: NK
Kernel: rbf
Advantage: normalizedfitness
M: 4
lambda: 8
epsilon_svgd: 0.015
gamma: 0.01
decay_start_ratio: 0.01
decay_min_factor: 0.01
bandwith_kernel: None
no_interact: False
avg_score: 0.736122190952301
median_score: 0.737062931060791
std_score: 0.009199841879308224
percentiles: 2%=0.716821014881134, 5%=0.7187108993530273, 10%=0.7233611345291138, 25%=0.7301264405250549, 50%=0.737062931060791, 75%=0.7425004243850708, 90%=0.7470247745513916, 95%=0.7489994168281555, 98%=0.751666784286499
ranking_best_algo: PBIL
ranking_best_score: 0.730509098125
ranking_my_rank: 1/504 (100.0%)
ranking_my_percent: 100.0
