ConfigName: kjsd__advperagentrankweighted__M3__L20__eps0p007__g0p001__ds0p2__dm0p05
Problem: QUBO
Kernel: jsd
Advantage: peragentrankweighted
M: 3
lambda: 20
epsilon_svgd: 0.007
gamma: 0.001
decay_start_ratio: 0.2
decay_min_factor: 0.05
bandwith_kernel: None
no_interact: False
avg_score: -1628.02001953125
median_score: -1632.5
std_score: 60.50371551513672
percentiles: 2%=-1737.56005859375, 5%=-1722.0999755859375, 10%=-1703.699951171875, 25%=-1664.25, 50%=-1632.5, 75%=-1590.0, 90%=-1546.4000244140625, 95%=-1530.800048828125, 98%=-1514.719970703125
ranking_best_algo: NLOPT_LN_PRAXIS
ranking_best_score: 1607.12
ranking_my_rank: 1/504 (100.0%)
ranking_my_percent: 100.0
