ConfigName: kjsd__advperagentrankweighted__M3__L20__eps0p007__g0p0007__ds0p05__dm0p1
Problem: NK
Kernel: jsd
Advantage: peragentrankweighted
M: 3
lambda: 20
epsilon_svgd: 0.007
gamma: 0.0007
decay_start_ratio: 0.05
decay_min_factor: 0.1
bandwith_kernel: None
no_interact: False
avg_score: 0.7074764370918274
median_score: 0.7091848254203796
std_score: 0.01158017199486494
percentiles: 2%=0.6879698038101196, 5%=0.6904523372650146, 10%=0.6921770572662354, 25%=0.6967378258705139, 50%=0.7091848254203796, 75%=0.7178465127944946, 90%=0.7205514907836914, 95%=0.7230771780014038, 98%=0.7238475680351257
ranking_best_algo: PBIL
ranking_best_score: 0.7013553837109374
ranking_my_rank: 1/504 (100.0%)
ranking_my_percent: 100.0
