ConfigName: kjsd__advperagentrankweighted__M2__L20__eps0p005__g0p0005__ds0p2__dm0p05
Problem: QUBO
Kernel: jsd
Advantage: peragentrankweighted
M: 2
lambda: 20
epsilon_svgd: 0.005
gamma: 0.0005
decay_start_ratio: 0.2
decay_min_factor: 0.05
bandwith_kernel: None
no_interact: False
avg_score: -420.94000244140625
median_score: -420.0
std_score: 33.14508056640625
percentiles: 2%=-483.0799865722656, 5%=-481.0, 10%=-473.0, 25%=-441.0, 50%=-420.0, 75%=-402.75, 90%=-377.70001220703125, 95%=-365.70001220703125, 98%=-353.8399963378906
ranking_best_algo: CMAL3
ranking_best_score: 435.36
ranking_my_rank: 56/504 (89.1%)
ranking_my_percent: 89.08730158730158
