ConfigName: kjsd__advperagentrankweighted__M3__L16__eps0p007__g0p0007__ds0p1__dm0p05
Problem: QUBO
Kernel: jsd
Advantage: peragentrankweighted
M: 3
lambda: 16
epsilon_svgd: 0.007
gamma: 0.0007
decay_start_ratio: 0.1
decay_min_factor: 0.05
bandwith_kernel: None
no_interact: False
avg_score: -3310.419921875
median_score: -3321.5
std_score: 112.27388000488281
percentiles: 2%=-3514.1201171875, 5%=-3471.050048828125, 10%=-3440.199951171875, 25%=-3380.5, 50%=-3321.5, 75%=-3238.5, 90%=-3146.300048828125, 95%=-3108.75, 98%=-3083.47998046875
ranking_best_algo: RLSOnePlusOne
ranking_best_score: 3316.5199999999995
ranking_my_rank: 2/504 (99.8%)
ranking_my_percent: 99.8015873015873
