ConfigName: krbf__advnormalizedfitness__M4__L15__eps0p015__g0p01__ds0p3__dm0p01
Problem: NK
Kernel: rbf
Advantage: normalizedfitness
M: 4
lambda: 15
epsilon_svgd: 0.015
gamma: 0.01
decay_start_ratio: 0.3
decay_min_factor: 0.01
bandwith_kernel: None
no_interact: False
avg_score: 0.6727638840675354
median_score: 0.6731988191604614
std_score: 0.012079525738954544
percentiles: 2%=0.650917649269104, 5%=0.6532829403877258, 10%=0.6578664779663086, 25%=0.6618840098381042, 50%=0.6731988191604614, 75%=0.6839879751205444, 90%=0.6875677704811096, 95%=0.6890474557876587, 98%=0.6900128722190857
ranking_best_algo: PBIL
ranking_best_score: 0.7013553837109374
ranking_my_rank: 182/504 (64.1%)
ranking_my_percent: 64.08730158730158
