ConfigName: krbf__advnormalizedfitness__M2__L8__eps0p015__g0p005__ds0p3__dm0p01
Problem: NK
Kernel: rbf
Advantage: normalizedfitness
M: 2
lambda: 8
epsilon_svgd: 0.015
gamma: 0.005
decay_start_ratio: 0.3
decay_min_factor: 0.01
bandwith_kernel: None
no_interact: False
avg_score: 0.7550121545791626
median_score: 0.7536506652832031
std_score: 0.013803047128021717
percentiles: 2%=0.7306308150291443, 5%=0.7331982851028442, 10%=0.7383473515510559, 25%=0.7447603344917297, 50%=0.7536506652832031, 75%=0.7653713226318359, 90%=0.7723668813705444, 95%=0.7780610918998718, 98%=0.7836088538169861
ranking_best_algo: Tabu
ranking_best_score: 0.7470791764843752
ranking_my_rank: 1/504 (100.0%)
ranking_my_percent: 100.0
