ConfigName: kjsd__advperagentrankweighted__M5__L10__eps0p008__g0p0005__ds0p3__dm0p05
Problem: QUBO
Kernel: jsd
Advantage: peragentrankweighted
M: 5
lambda: 10
epsilon_svgd: 0.008
gamma: 0.0005
decay_start_ratio: 0.3
decay_min_factor: 0.05
bandwith_kernel: None
no_interact: False
avg_score: -333.05999755859375
median_score: -337.5
std_score: 21.243267059326172
percentiles: 2%=-372.0, 5%=-361.54998779296875, 10%=-354.0, 25%=-346.75, 50%=-337.5, 75%=-321.5, 90%=-303.20001220703125, 95%=-292.8500061035156, 98%=-285.8800048828125
ranking_best_algo: CMApara
ranking_best_score: 344.22
ranking_my_rank: 69/504 (86.5%)
ranking_my_percent: 86.5079365079365
