ConfigName: kjsd__advperagentrankweighted__M4__L10__eps0p02__g0p0005__ds0p05__dm0p05
Problem: NK
Kernel: jsd
Advantage: peragentrankweighted
M: 4
lambda: 10
epsilon_svgd: 0.02
gamma: 0.0005
decay_start_ratio: 0.05
decay_min_factor: 0.05
bandwith_kernel: None
no_interact: False
avg_score: 0.7078424096107483
median_score: 0.7100210189819336
std_score: 0.015799855813384056
percentiles: 2%=0.6668347716331482, 5%=0.668834924697876, 10%=0.6922228932380676, 25%=0.7043636441230774, 50%=0.7100210189819336, 75%=0.7164575457572937, 90%=0.7243461608886719, 95%=0.7299861311912537, 98%=0.7305407524108887
ranking_best_algo: CMApara
ranking_best_score: 0.707475975
ranking_my_rank: 1/504 (100.0%)
ranking_my_percent: 100.0
