ConfigName: krbf__advnormalizedfitness__M2__L8__eps0p015__g0p007__ds0p01__dm0p01
Problem: NK
Kernel: rbf
Advantage: normalizedfitness
M: 2
lambda: 8
epsilon_svgd: 0.015
gamma: 0.007
decay_start_ratio: 0.01
decay_min_factor: 0.01
bandwith_kernel: None
no_interact: False
avg_score: 0.7253954410552979
median_score: 0.7249251008033752
std_score: 0.009000848978757858
percentiles: 2%=0.7089889049530029, 5%=0.7121652364730835, 10%=0.7158796191215515, 25%=0.7196541428565979, 50%=0.7249251008033752, 75%=0.7286304235458374, 90%=0.7349741458892822, 95%=0.7454419136047363, 98%=0.7477828860282898
ranking_best_algo: PBIL
ranking_best_score: 0.7170882103515624
ranking_my_rank: 1/504 (100.0%)
ranking_my_percent: 100.0
