ConfigName: kjsd__advperagentrankweighted__M4__L24__eps0p01__g0p0005__ds0p4__dm0p05
Problem: NK
Kernel: jsd
Advantage: peragentrankweighted
M: 4
lambda: 24
epsilon_svgd: 0.01
gamma: 0.0005
decay_start_ratio: 0.4
decay_min_factor: 0.05
bandwith_kernel: None
no_interact: False
avg_score: 0.7479835748672485
median_score: 0.7477527856826782
std_score: 0.008525535464286804
percentiles: 2%=0.7282293438911438, 5%=0.735724687576294, 10%=0.7370532751083374, 25%=0.7419873476028442, 50%=0.7477527856826782, 75%=0.7547552585601807, 90%=0.7588244676589966, 95%=0.7598391175270081, 98%=0.7633593678474426
ranking_best_algo: PBIL
ranking_best_score: 0.733570253046875
ranking_my_rank: 1/504 (100.0%)
ranking_my_percent: 100.0
