ConfigName: kfr__advglobalrankweighted__M4__L10__eps0p015__g0p005__ds0p01__dm0p01
Problem: QUBO
Kernel: fr
Advantage: globalrankweighted
M: 4
lambda: 10
epsilon_svgd: 0.015
gamma: 0.005
decay_start_ratio: 0.01
decay_min_factor: 0.01
bandwith_kernel: None
no_interact: False
avg_score: -3191.179931640625
median_score: -3194.5
std_score: 133.34754943847656
percentiles: 2%=-3453.06005859375, 5%=-3409.050048828125, 10%=-3369.199951171875, 25%=-3286.0, 50%=-3194.5, 75%=-3088.75, 90%=-3020.699951171875, 95%=-2969.89990234375, 98%=-2953.800048828125
ranking_best_algo: RLSOnePlusOne
ranking_best_score: 3316.5199999999995
ranking_my_rank: 57/504 (88.9%)
ranking_my_percent: 88.88888888888889
