ConfigName: kjsd__advperagentrankweighted__M4__L12__eps0p005__g0p001__ds0p05__dm0p05
Problem: QUBO
Kernel: jsd
Advantage: peragentrankweighted
M: 4
lambda: 12
epsilon_svgd: 0.005
gamma: 0.001
decay_start_ratio: 0.05
decay_min_factor: 0.05
bandwith_kernel: None
no_interact: False
avg_score: -139.4199981689453
median_score: -140.5
std_score: 11.760254859924316
percentiles: 2%=-159.02000427246094, 5%=-158.0, 10%=-155.0, 25%=-146.75, 50%=-140.5, 75%=-131.0, 90%=-127.0, 95%=-116.9000015258789, 98%=-113.9800033569336
ranking_best_algo: DiscreteDE
ranking_best_score: 143.4
ranking_my_rank: 85/504 (83.3%)
ranking_my_percent: 83.33333333333333
