ConfigName: krbf__advnormalizedfitness__M2__L11__eps0p015__g0p005__ds0p01__dm0p01
Problem: QUBO
Kernel: rbf
Advantage: normalizedfitness
M: 2
lambda: 11
epsilon_svgd: 0.015
gamma: 0.005
decay_start_ratio: 0.01
decay_min_factor: 0.01
bandwith_kernel: None
no_interact: False
avg_score: -2623.0400390625
median_score: -2613.0
std_score: 128.24647521972656
percentiles: 2%=-2891.280029296875, 5%=-2835.300048828125, 10%=-2820.39990234375, 25%=-2690.5, 50%=-2613.0, 75%=-2522.0, 90%=-2475.10009765625, 95%=-2435.699951171875, 98%=-2369.780029296875
ranking_best_algo: DiscreteLengler2OnePlusOne
ranking_best_score: 2617.04
ranking_my_rank: 1/504 (100.0%)
ranking_my_percent: 100.0
