ConfigName: kjsd__advperagentrankweighted__M5__L10__eps0p005__g0p0005__ds0p2__dm0p05
Problem: NK
Kernel: jsd
Advantage: peragentrankweighted
M: 5
lambda: 10
epsilon_svgd: 0.005
gamma: 0.0005
decay_start_ratio: 0.2
decay_min_factor: 0.05
bandwith_kernel: None
no_interact: False
avg_score: 0.7096664905548096
median_score: 0.7088495492935181
std_score: 0.0072989799082279205
percentiles: 2%=0.6976813077926636, 5%=0.6984546184539795, 10%=0.6996796727180481, 25%=0.70476895570755, 50%=0.7088495492935181, 75%=0.7144908308982849, 90%=0.7188088297843933, 95%=0.7218933701515198, 98%=0.726883053779602
ranking_best_algo: PBIL
ranking_best_score: 0.7170882103515624
ranking_my_rank: 54/504 (89.5%)
ranking_my_percent: 89.48412698412699
