ConfigName: kjsd__advperagentrankweighted__M3__L16__eps0p01__g0p001__ds0p1__dm0p1
Problem: NK
Kernel: jsd
Advantage: peragentrankweighted
M: 3
lambda: 16
epsilon_svgd: 0.01
gamma: 0.001
decay_start_ratio: 0.1
decay_min_factor: 0.1
bandwith_kernel: None
no_interact: False
avg_score: 0.7475409507751465
median_score: 0.7474989891052246
std_score: 0.009525864385068417
percentiles: 2%=0.7285459041595459, 5%=0.7304202318191528, 10%=0.7344681024551392, 25%=0.7411256432533264, 50%=0.7474989891052246, 75%=0.754212498664856, 90%=0.7596052885055542, 95%=0.7626878619194031, 98%=0.7678717970848083
ranking_best_algo: PBIL
ranking_best_score: 0.733570253046875
ranking_my_rank: 1/504 (100.0%)
ranking_my_percent: 100.0
