ConfigName: krbf__advnormalizedfitness__M1__L8__eps0p033__g0p005__ds0p15__dm0p3
Problem: QUBO
Kernel: rbf
Advantage: normalizedfitness
M: 1
lambda: 8
epsilon_svgd: 0.033
gamma: 0.005
decay_start_ratio: 0.15
decay_min_factor: 0.3
bandwith_kernel: None
no_interact: False
avg_score: -2469.89990234375
median_score: -2485.5
std_score: 138.47378540039062
percentiles: 2%=-2701.260009765625, 5%=-2670.64990234375, 10%=-2654.199951171875, 25%=-2580.0, 50%=-2485.5, 75%=-2357.5, 90%=-2299.89990234375, 95%=-2267.35009765625, 98%=-2136.85986328125
ranking_best_algo: SVM1MetaModelLogNormal
ranking_best_score: 2605.14
ranking_my_rank: 80/504 (84.3%)
ranking_my_percent: 84.32539682539682
