ConfigName: kfr__advglobalrankweighted__M6__L10__eps0p015__g0p007__ds0p01__dm0p01
Problem: QUBO
Kernel: fr
Advantage: globalrankweighted
M: 6
lambda: 10
epsilon_svgd: 0.015
gamma: 0.007
decay_start_ratio: 0.01
decay_min_factor: 0.01
bandwith_kernel: None
no_interact: False
avg_score: -2170.300048828125
median_score: -2166.5
std_score: 135.90403747558594
percentiles: 2%=-2452.860107421875, 5%=-2387.050048828125, 10%=-2359.199951171875, 25%=-2253.75, 50%=-2166.5, 75%=-2057.5, 90%=-1997.800048828125, 95%=-1961.9000244140625, 98%=-1946.639892578125
ranking_best_algo: DiscreteLengler2OnePlusOne
ranking_best_score: 2617.04
ranking_my_rank: 212/504 (58.1%)
ranking_my_percent: 58.13492063492063
