ConfigName: kjsd__advperagentrankweighted__M3__L18__eps0p007__g0p001__ds0p05__dm0p1
Problem: QUBO
Kernel: jsd
Advantage: peragentrankweighted
M: 3
lambda: 18
epsilon_svgd: 0.007
gamma: 0.001
decay_start_ratio: 0.05
decay_min_factor: 0.1
bandwith_kernel: None
no_interact: False
avg_score: -914.8400268554688
median_score: -912.0
std_score: 65.89927673339844
percentiles: 2%=-1032.4000244140625, 5%=-1027.199951171875, 10%=-1011.4000244140625, 25%=-966.0, 50%=-912.0, 75%=-863.75, 90%=-829.0, 95%=-816.4500122070312, 98%=-794.780029296875
ranking_best_algo: CMAL3
ranking_best_score: 928.5800000000002
ranking_my_rank: 17/504 (96.8%)
ranking_my_percent: 96.82539682539682
