ConfigName: krbf__advnormalizedfitness__M3__L10__eps0p025__g0p01__ds0p01__dm0p01
Problem: QUBO
Kernel: rbf
Advantage: normalizedfitness
M: 3
lambda: 10
epsilon_svgd: 0.025
gamma: 0.01
decay_start_ratio: 0.01
decay_min_factor: 0.01
bandwith_kernel: None
no_interact: False
avg_score: -443.8599853515625
median_score: -445.5
std_score: 24.096065521240234
percentiles: 2%=-487.0400085449219, 5%=-484.0, 10%=-475.1000061035156, 25%=-461.0, 50%=-445.5, 75%=-426.5, 90%=-410.8999938964844, 95%=-404.8500061035156, 98%=-392.97998046875
ranking_best_algo: CMApara
ranking_best_score: 453.82
ranking_my_rank: 7/504 (98.8%)
ranking_my_percent: 98.80952380952381
