ConfigName: kjsd__advperagentrankweighted__M3__L24__eps0p007__g0p0005__ds0p1__dm0p2
Problem: NK
Kernel: jsd
Advantage: peragentrankweighted
M: 3
lambda: 24
epsilon_svgd: 0.007
gamma: 0.0005
decay_start_ratio: 0.1
decay_min_factor: 0.2
bandwith_kernel: None
no_interact: False
avg_score: 0.7516332864761353
median_score: 0.7518703937530518
std_score: 0.01481163315474987
percentiles: 2%=0.7236701846122742, 5%=0.7297164797782898, 10%=0.7341019511222839, 25%=0.7403957843780518, 50%=0.7518703937530518, 75%=0.761612057685852, 90%=0.7716510891914368, 95%=0.777802586555481, 98%=0.7816595435142517
ranking_best_algo: Tabu
ranking_best_score: 0.7657846284375001
ranking_my_rank: 14/504 (97.4%)
ranking_my_percent: 97.42063492063492
