ConfigName: kjsd__advperagentrankweighted__M4__L24__eps0p005__g0p0007__ds0p4__dm0p05
Problem: QUBO
Kernel: jsd
Advantage: peragentrankweighted
M: 4
lambda: 24
epsilon_svgd: 0.005
gamma: 0.0007
decay_start_ratio: 0.4
decay_min_factor: 0.05
bandwith_kernel: None
no_interact: False
avg_score: -437.6400146484375
median_score: -435.5
std_score: 23.75858497619629
percentiles: 2%=-483.05999755859375, 5%=-470.1000061035156, 10%=-467.0, 25%=-457.25, 50%=-435.5, 75%=-420.75, 90%=-402.8999938964844, 95%=-397.8500061035156, 98%=-393.94000244140625
ranking_best_algo: CMApara
ranking_best_score: 453.82
ranking_my_rank: 28/504 (94.6%)
ranking_my_percent: 94.64285714285714
