ConfigName: kjsd__advperagentrankweighted__M3__L16__eps0p007__g0p0005__ds0p1__dm0p05
Problem: QUBO
Kernel: jsd
Advantage: peragentrankweighted
M: 3
lambda: 16
epsilon_svgd: 0.007
gamma: 0.0005
decay_start_ratio: 0.1
decay_min_factor: 0.05
bandwith_kernel: None
no_interact: False
avg_score: -2637.0400390625
median_score: -2629.5
std_score: 114.33406829833984
percentiles: 2%=-2864.06005859375, 5%=-2829.25, 10%=-2802.5, 25%=-2709.5, 50%=-2629.5, 75%=-2555.75, 90%=-2494.0, 95%=-2456.0, 98%=-2433.840087890625
ranking_best_algo: DiscreteLengler2OnePlusOne
ranking_best_score: 2617.04
ranking_my_rank: 1/504 (100.0%)
ranking_my_percent: 100.0
