ConfigName: krbf__advnormalizedfitness__M4__L15__eps0p01__g0p0005__ds0p05__dm0p05
Problem: QUBO
Kernel: rbf
Advantage: normalizedfitness
M: 4
lambda: 15
epsilon_svgd: 0.01
gamma: 0.0005
decay_start_ratio: 0.05
decay_min_factor: 0.05
bandwith_kernel: None
no_interact: False
avg_score: -306.5400085449219
median_score: -307.0
std_score: 39.492637634277344
percentiles: 2%=-394.0, 5%=-386.1000061035156, 10%=-351.0, 25%=-330.0, 50%=-307.0, 75%=-272.75, 90%=-261.79998779296875, 95%=-255.64999389648438, 98%=-242.89999389648438
ranking_best_algo: CMApara
ranking_best_score: 319.29999999999995
ranking_my_rank: 113/504 (77.8%)
ranking_my_percent: 77.77777777777777
