ConfigName: kjsd__advperagentrankweighted__M3__L16__eps0p005__g0p001__ds0p2__dm0p2
Problem: NK
Kernel: jsd
Advantage: peragentrankweighted
M: 3
lambda: 16
epsilon_svgd: 0.005
gamma: 0.001
decay_start_ratio: 0.2
decay_min_factor: 0.2
bandwith_kernel: None
no_interact: False
avg_score: 0.7578206658363342
median_score: 0.7583272457122803
std_score: 0.012637870386242867
percentiles: 2%=0.7323521375656128, 5%=0.7344253659248352, 10%=0.7415665984153748, 25%=0.7490897178649902, 50%=0.7583272457122803, 75%=0.765819787979126, 90%=0.7752399444580078, 95%=0.7770088911056519, 98%=0.7810162901878357
ranking_best_algo: Tabu
ranking_best_score: 0.7470791764843752
ranking_my_rank: 1/504 (100.0%)
ranking_my_percent: 100.0
