ConfigName: krbf__advnormalizedfitness__M2__L8__eps0p033__g0p015__ds0p15__dm0p01
Problem: QUBO
Kernel: rbf
Advantage: normalizedfitness
M: 2
lambda: 8
epsilon_svgd: 0.033
gamma: 0.015
decay_start_ratio: 0.15
decay_min_factor: 0.01
bandwith_kernel: None
no_interact: False
avg_score: -2588.5
median_score: -2574.0
std_score: 126.00598907470703
percentiles: 2%=-2850.02001953125, 5%=-2804.449951171875, 10%=-2780.300048828125, 25%=-2674.75, 50%=-2574.0, 75%=-2489.5, 90%=-2440.39990234375, 95%=-2423.10009765625, 98%=-2363.639892578125
ranking_best_algo: SVM1MetaModelLogNormal
ranking_best_score: 2605.14
ranking_my_rank: 11/504 (98.0%)
ranking_my_percent: 98.01587301587301
