ConfigName: krbf__advnormalizedfitness__M4__L12__eps0p025__g0p01__ds0p01__dm0p3
Problem: QUBO
Kernel: rbf
Advantage: normalizedfitness
M: 4
lambda: 12
epsilon_svgd: 0.025
gamma: 0.01
decay_start_ratio: 0.01
decay_min_factor: 0.3
bandwith_kernel: None
no_interact: False
avg_score: -992.3200073242188
median_score: -985.0
std_score: 104.89307403564453
percentiles: 2%=-1239.800048828125, 5%=-1165.6500244140625, 10%=-1121.800048828125, 25%=-1058.25, 50%=-985.0, 75%=-932.25, 90%=-861.5999755859375, 95%=-826.6000366210938, 98%=-802.7999267578125
ranking_best_algo: Tabu
ranking_best_score: 1216.16
ranking_my_rank: 274/504 (45.8%)
ranking_my_percent: 45.833333333333336
