ConfigName: kjsd__advperagentrankweighted__M4__L12__eps0p02__g0p0003__ds0p05__dm0p05
Problem: QUBO
Kernel: jsd
Advantage: peragentrankweighted
M: 4
lambda: 12
epsilon_svgd: 0.02
gamma: 0.0003
decay_start_ratio: 0.05
decay_min_factor: 0.05
bandwith_kernel: None
no_interact: False
avg_score: -303.8599853515625
median_score: -303.0
std_score: 37.264198303222656
percentiles: 2%=-384.0799865722656, 5%=-376.0, 10%=-350.3999938964844, 25%=-332.0, 50%=-303.0, 75%=-272.0, 90%=-262.8999938964844, 95%=-256.8500061035156, 98%=-249.72000122070312
ranking_best_algo: CMApara
ranking_best_score: 319.29999999999995
ranking_my_rank: 149/504 (70.6%)
ranking_my_percent: 70.63492063492063
