ConfigName: kjsd__advperagentrankweighted__M3__L20__eps0p005__g0p0007__ds0p05__dm0p2
Problem: QUBO
Kernel: jsd
Advantage: peragentrankweighted
M: 3
lambda: 20
epsilon_svgd: 0.005
gamma: 0.0007
decay_start_ratio: 0.05
decay_min_factor: 0.2
bandwith_kernel: None
no_interact: False
avg_score: -138.1199951171875
median_score: -139.0
std_score: 11.82309627532959
percentiles: 2%=-159.0, 5%=-158.0, 10%=-156.0, 25%=-146.0, 50%=-139.0, 75%=-129.75, 90%=-125.0, 95%=-122.80000305175781, 98%=-113.81999969482422
ranking_best_algo: DiscreteDE
ranking_best_score: 143.4
ranking_my_rank: 115/504 (77.4%)
ranking_my_percent: 77.38095238095238
