ConfigName: kjsd__advperagentrankweighted__M3__L30__eps0p005__g0p001__ds0p2__dm0p05
Problem: QUBO
Kernel: jsd
Advantage: peragentrankweighted
M: 3
lambda: 30
epsilon_svgd: 0.005
gamma: 0.001
decay_start_ratio: 0.2
decay_min_factor: 0.05
bandwith_kernel: None
no_interact: False
avg_score: -416.0199890136719
median_score: -417.0
std_score: 24.123838424682617
percentiles: 2%=-457.239990234375, 5%=-453.20001220703125, 10%=-447.0, 25%=-430.75, 50%=-417.0, 75%=-399.5, 90%=-383.79998779296875, 95%=-378.0, 98%=-369.9599914550781
ranking_best_algo: Tabu
ranking_best_score: 438.12
ranking_my_rank: 45/504 (91.3%)
ranking_my_percent: 91.26984126984127
