ConfigName: kjsd__advperagentrankweighted__M4__L8__eps0p006__g0p0005__ds0p05__dm0p05
Problem: NK
Kernel: jsd
Advantage: peragentrankweighted
M: 4
lambda: 8
epsilon_svgd: 0.006
gamma: 0.0005
decay_start_ratio: 0.05
decay_min_factor: 0.05
bandwith_kernel: None
no_interact: False
avg_score: 0.752027153968811
median_score: 0.7520501613616943
std_score: 0.012408275157213211
percentiles: 2%=0.7292553186416626, 5%=0.7332524061203003, 10%=0.7356724739074707, 25%=0.7433637976646423, 50%=0.7520501613616943, 75%=0.7608933448791504, 90%=0.7677636742591858, 95%=0.773638129234314, 98%=0.7781169414520264
ranking_best_algo: Tabu
ranking_best_score: 0.7470791764843752
ranking_my_rank: 1/504 (100.0%)
ranking_my_percent: 100.0
