ConfigName: kjsd__advperagentrankweighted__M6__L8__eps0p03__g0p0007__ds0p2__dm0p05
Problem: QUBO
Kernel: jsd
Advantage: peragentrankweighted
M: 6
lambda: 8
epsilon_svgd: 0.03
gamma: 0.0007
decay_start_ratio: 0.2
decay_min_factor: 0.05
bandwith_kernel: None
no_interact: False
avg_score: -944.739990234375
median_score: -937.0
std_score: 65.10232543945312
percentiles: 2%=-1076.0400390625, 5%=-1061.3499755859375, 10%=-1031.4000244140625, 25%=-988.5, 50%=-937.0, 75%=-910.0, 90%=-868.2000122070312, 95%=-828.9000244140625, 98%=-820.760009765625
ranking_best_algo: CMApara
ranking_best_score: 964.9
ranking_my_rank: 3/504 (99.6%)
ranking_my_percent: 99.60317460317461
