ConfigName: kjsd__advperagentrankweighted__M6__L12__eps0p008__g0p0005__ds0p3__dm0p05
Problem: NK
Kernel: jsd
Advantage: peragentrankweighted
M: 6
lambda: 12
epsilon_svgd: 0.008
gamma: 0.0005
decay_start_ratio: 0.3
decay_min_factor: 0.05
bandwith_kernel: None
no_interact: False
avg_score: 0.7378098964691162
median_score: 0.738752007484436
std_score: 0.008978012949228287
percentiles: 2%=0.7197266221046448, 5%=0.7213693261146545, 10%=0.7242923378944397, 25%=0.7329010963439941, 50%=0.738752007484436, 75%=0.7453943490982056, 90%=0.7480065822601318, 95%=0.7509943246841431, 98%=0.7530885934829712
ranking_best_algo: PBIL
ranking_best_score: 0.730509098125
ranking_my_rank: 1/504 (100.0%)
ranking_my_percent: 100.0
