ConfigName: krbf__advnormalizedfitness__M2__L8__eps0p025__g0p01__ds0p15__dm0p3
Problem: QUBO
Kernel: rbf
Advantage: normalizedfitness
M: 2
lambda: 8
epsilon_svgd: 0.025
gamma: 0.01
decay_start_ratio: 0.15
decay_min_factor: 0.3
bandwith_kernel: None
no_interact: False
avg_score: -328.6199951171875
median_score: -334.0
std_score: 23.09319305419922
percentiles: 2%=-372.0, 5%=-361.0, 10%=-354.0, 25%=-343.75, 50%=-334.0, 75%=-310.0, 90%=-296.8999938964844, 95%=-290.0, 98%=-283.8800048828125
ranking_best_algo: CMApara
ranking_best_score: 344.22
ranking_my_rank: 83/504 (83.7%)
ranking_my_percent: 83.73015873015873
