ConfigName: krbf__advnormalizedfitness__M4__L8__eps0p033__g0p01__ds0p15__dm0p01
Problem: QUBO
Kernel: rbf
Advantage: normalizedfitness
M: 4
lambda: 8
epsilon_svgd: 0.033
gamma: 0.01
decay_start_ratio: 0.15
decay_min_factor: 0.01
bandwith_kernel: None
no_interact: False
avg_score: -202.4600067138672
median_score: -203.0
std_score: 12.87277603149414
percentiles: 2%=-224.0, 5%=-224.0, 10%=-219.10000610351562, 25%=-210.25, 50%=-203.0, 75%=-195.0, 90%=-183.0, 95%=-179.95001220703125, 98%=-175.97999572753906
ranking_best_algo: Tabu
ranking_best_score: 208.36000000000004
ranking_my_rank: 34/504 (93.5%)
ranking_my_percent: 93.45238095238095
