ConfigName: krbf__advnormalizedfitness__M4__L8__eps0p015__g0p005__ds0p3__dm0p3
Problem: NK
Kernel: rbf
Advantage: normalizedfitness
M: 4
lambda: 8
epsilon_svgd: 0.015
gamma: 0.005
decay_start_ratio: 0.3
decay_min_factor: 0.3
bandwith_kernel: None
no_interact: False
avg_score: 0.7016403079032898
median_score: 0.7030699253082275
std_score: 0.01239683199673891
percentiles: 2%=0.6810846924781799, 5%=0.6835184693336487, 10%=0.6851149797439575, 25%=0.6908336281776428, 50%=0.7030699253082275, 75%=0.7129517793655396, 90%=0.7162400484085083, 95%=0.7184057235717773, 98%=0.7205640077590942
ranking_best_algo: PBIL
ranking_best_score: 0.7013553837109374
ranking_my_rank: 1/504 (100.0%)
ranking_my_percent: 100.0
