ConfigName: kjsd__advperagentrankweighted__M3__L20__eps0p005__g0p0005__ds0p2__dm0p2
Problem: QUBO
Kernel: jsd
Advantage: peragentrankweighted
M: 3
lambda: 20
epsilon_svgd: 0.005
gamma: 0.0005
decay_start_ratio: 0.2
decay_min_factor: 0.2
bandwith_kernel: None
no_interact: False
avg_score: -931.1199951171875
median_score: -928.5
std_score: 60.94034194946289
percentiles: 2%=-1074.0, 5%=-1042.050048828125, 10%=-1013.7999877929688, 25%=-966.0, 50%=-928.5, 75%=-890.75, 90%=-852.7999877929688, 95%=-828.5999755859375, 98%=-815.97998046875
ranking_best_algo: CMApara
ranking_best_score: 964.9
ranking_my_rank: 19/504 (96.4%)
ranking_my_percent: 96.42857142857143
