ConfigName: kjsd__advperagentrankweighted__M3__L20__eps0p007__g0p0005__ds0p1__dm0p1
Problem: NK
Kernel: jsd
Advantage: peragentrankweighted
M: 3
lambda: 20
epsilon_svgd: 0.007
gamma: 0.0005
decay_start_ratio: 0.1
decay_min_factor: 0.1
bandwith_kernel: None
no_interact: False
avg_score: 0.7344529628753662
median_score: 0.7370728254318237
std_score: 0.008198428899049759
percentiles: 2%=0.7164345979690552, 5%=0.7187603712081909, 10%=0.7240222096443176, 25%=0.7284698486328125, 50%=0.7370728254318237, 75%=0.7407498359680176, 90%=0.7440153360366821, 95%=0.7454037666320801, 98%=0.7470159530639648
ranking_best_algo: PBIL
ranking_best_score: 0.7248786399609374
ranking_my_rank: 1/504 (100.0%)
ranking_my_percent: 100.0
