ConfigName: kfr__advglobalrankweighted__M3__L11__eps0p02__g0p003__ds0p01__dm0p01
Problem: QUBO
Kernel: fr
Advantage: globalrankweighted
M: 3
lambda: 11
epsilon_svgd: 0.02
gamma: 0.003
decay_start_ratio: 0.01
decay_min_factor: 0.01
bandwith_kernel: None
no_interact: False
avg_score: -145.82000732421875
median_score: -146.0
std_score: 13.83356761932373
percentiles: 2%=-179.0, 5%=-179.0, 10%=-158.0, 25%=-154.25, 50%=-146.0, 75%=-135.0, 90%=-129.89999389648438, 95%=-124.90000915527344, 98%=-114.0
ranking_best_algo: CMApara
ranking_best_score: 154.28
ranking_my_rank: 135/504 (73.4%)
ranking_my_percent: 73.41269841269842
