ConfigName: kjsd__advperagentrankweighted__M3__L20__eps0p007__g0p0005__ds0p1__dm0p2
Problem: QUBO
Kernel: jsd
Advantage: peragentrankweighted
M: 3
lambda: 20
epsilon_svgd: 0.007
gamma: 0.0005
decay_start_ratio: 0.1
decay_min_factor: 0.2
bandwith_kernel: None
no_interact: False
avg_score: -1194.199951171875
median_score: -1191.0
std_score: 67.85528564453125
percentiles: 2%=-1347.0799560546875, 5%=-1323.25, 10%=-1286.0, 25%=-1234.25, 50%=-1191.0, 75%=-1143.5, 90%=-1110.800048828125, 95%=-1092.9000244140625, 98%=-1077.8599853515625
ranking_best_algo: Tabu
ranking_best_score: 1216.16
ranking_my_rank: 48/504 (90.7%)
ranking_my_percent: 90.67460317460318
