ConfigName: kjsd__advperagentrankweighted__M4__L12__eps0p02__g0p0007__ds0p2__dm0p05
Problem: QUBO
Kernel: jsd
Advantage: peragentrankweighted
M: 4
lambda: 12
epsilon_svgd: 0.02
gamma: 0.0007
decay_start_ratio: 0.2
decay_min_factor: 0.05
bandwith_kernel: None
no_interact: False
avg_score: -199.5399932861328
median_score: -199.0
std_score: 12.059370040893555
percentiles: 2%=-224.0, 5%=-222.10000610351562, 10%=-214.10000610351562, 25%=-207.0, 50%=-199.0, 75%=-192.0, 90%=-182.89999389648438, 95%=-179.0, 98%=-176.97999572753906
ranking_best_algo: Tabu
ranking_best_score: 208.36000000000004
ranking_my_rank: 68/504 (86.7%)
ranking_my_percent: 86.7063492063492
