ConfigName: kjsd__advperagentrankweighted__M5__L8__eps0p005__g0p003__ds0p05__dm0p05
Problem: QUBO
Kernel: jsd
Advantage: peragentrankweighted
M: 5
lambda: 8
epsilon_svgd: 0.005
gamma: 0.003
decay_start_ratio: 0.05
decay_min_factor: 0.05
bandwith_kernel: None
no_interact: False
avg_score: -1137.280029296875
median_score: -1138.5
std_score: 78.1824951171875
percentiles: 2%=-1305.5999755859375, 5%=-1261.050048828125, 10%=-1229.0, 25%=-1189.25, 50%=-1138.5, 75%=-1082.75, 90%=-1028.9000244140625, 95%=-1008.9000244140625, 98%=-994.739990234375
ranking_best_algo: Tabu
ranking_best_score: 1216.16
ranking_my_rank: 156/504 (69.2%)
ranking_my_percent: 69.24603174603175
