ConfigName: kjsd__advperagentrankweighted__M3__L18__eps0p007__g0p003__ds0p1__dm0p2
Problem: NK
Kernel: jsd
Advantage: peragentrankweighted
M: 3
lambda: 18
epsilon_svgd: 0.007
gamma: 0.003
decay_start_ratio: 0.1
decay_min_factor: 0.2
bandwith_kernel: None
no_interact: False
avg_score: 0.7486379742622375
median_score: 0.7493909001350403
std_score: 0.014467548578977585
percentiles: 2%=0.7205690741539001, 5%=0.7256050109863281, 10%=0.7291457056999207, 25%=0.7387863397598267, 50%=0.7493909001350403, 75%=0.7595386505126953, 90%=0.7664415240287781, 95%=0.7719814777374268, 98%=0.7753087282180786
ranking_best_algo: Tabu
ranking_best_score: 0.7470791764843752
ranking_my_rank: 1/504 (100.0%)
ranking_my_percent: 100.0
