ConfigName: kfr__advglobalrankweighted__M3__L10__eps0p01__g0p007__ds0p01__dm0p01
Problem: QUBO
Kernel: fr
Advantage: globalrankweighted
M: 3
lambda: 10
epsilon_svgd: 0.01
gamma: 0.007
decay_start_ratio: 0.01
decay_min_factor: 0.01
bandwith_kernel: None
no_interact: False
avg_score: -2447.260009765625
median_score: -2450.0
std_score: 140.41258239746094
percentiles: 2%=-2720.679931640625, 5%=-2649.699951171875, 10%=-2617.199951171875, 25%=-2553.5, 50%=-2450.0, 75%=-2349.25, 90%=-2257.39990234375, 95%=-2225.89990234375, 98%=-2204.299560546875
ranking_best_algo: SVM1MetaModelLogNormal
ranking_best_score: 2605.14
ranking_my_rank: 88/504 (82.7%)
ranking_my_percent: 82.73809523809524
