ConfigName: kjsd__advperagentrankweighted__M4__L20__eps0p007__g0p0005__ds0p1__dm0p05
Problem: NK
Kernel: jsd
Advantage: peragentrankweighted
M: 4
lambda: 20
epsilon_svgd: 0.007
gamma: 0.0005
decay_start_ratio: 0.1
decay_min_factor: 0.05
bandwith_kernel: None
no_interact: False
avg_score: 0.7364547848701477
median_score: 0.7377076148986816
std_score: 0.00912647694349289
percentiles: 2%=0.716404139995575, 5%=0.7186822295188904, 10%=0.721235454082489, 25%=0.7308610677719116, 50%=0.7377076148986816, 75%=0.7439588904380798, 90%=0.7468477487564087, 95%=0.7473045587539673, 98%=0.7486679553985596
ranking_best_algo: PBIL
ranking_best_score: 0.7248786399609374
ranking_my_rank: 1/504 (100.0%)
ranking_my_percent: 100.0
