ConfigName: krbf__advnormalizedfitness__M1__L10__eps0p015__g0p005__ds0p15__dm0p01
Problem: QUBO
Kernel: rbf
Advantage: normalizedfitness
M: 1
lambda: 10
epsilon_svgd: 0.015
gamma: 0.005
decay_start_ratio: 0.15
decay_min_factor: 0.01
bandwith_kernel: None
no_interact: False
avg_score: -141.32000732421875
median_score: -141.5
std_score: 14.449137687683105
percentiles: 2%=-179.0, 5%=-159.04998779296875, 10%=-156.10000610351562, 25%=-149.25, 50%=-141.5, 75%=-132.0, 90%=-123.9000015258789, 95%=-116.85001373291016, 98%=-113.95999145507812
ranking_best_algo: CMApara
ranking_best_score: 154.28
ranking_my_rank: 269/504 (46.8%)
ranking_my_percent: 46.82539682539682
