ConfigName: krbf__advnormalizedfitness__M2__L8__eps0p025__g0p01__ds0p15__dm0p3
Problem: QUBO
Kernel: rbf
Advantage: normalizedfitness
M: 2
lambda: 8
epsilon_svgd: 0.025
gamma: 0.01
decay_start_ratio: 0.15
decay_min_factor: 0.3
bandwith_kernel: None
no_interact: False
avg_score: -410.20001220703125
median_score: -408.0
std_score: 28.646814346313477
percentiles: 2%=-469.0400085449219, 5%=-453.3999938964844, 10%=-449.29998779296875, 25%=-430.0, 50%=-408.0, 75%=-392.0, 90%=-368.0, 95%=-363.95001220703125, 98%=-355.9200134277344
ranking_best_algo: Tabu
ranking_best_score: 438.12
ranking_my_rank: 90/504 (82.3%)
ranking_my_percent: 82.34126984126983
