ConfigName: krbf__advnormalizedfitness__M4__L15__eps0p033__g0p01__ds0p15__dm0p01
Problem: QUBO
Kernel: rbf
Advantage: normalizedfitness
M: 4
lambda: 15
epsilon_svgd: 0.033
gamma: 0.01
decay_start_ratio: 0.15
decay_min_factor: 0.01
bandwith_kernel: None
no_interact: False
avg_score: -2325.5
median_score: -2323.5
std_score: 171.64332580566406
percentiles: 2%=-2677.080078125, 5%=-2562.10009765625, 10%=-2541.10009765625, 25%=-2450.5, 50%=-2323.5, 75%=-2193.25, 90%=-2103.60009765625, 95%=-2047.1500244140625, 98%=-1994.8397216796875
ranking_best_algo: DiscreteLengler2OnePlusOne
ranking_best_score: 2617.04
ranking_my_rank: 155/504 (69.4%)
ranking_my_percent: 69.44444444444444
