ConfigName: krbf__advnormalizedfitness__M3__L15__eps0p03__g0p005__ds0p15__dm0p05
Problem: QUBO
Kernel: rbf
Advantage: normalizedfitness
M: 3
lambda: 15
epsilon_svgd: 0.03
gamma: 0.005
decay_start_ratio: 0.15
decay_min_factor: 0.05
bandwith_kernel: None
no_interact: False
avg_score: -576.9600219726562
median_score: -576.5
std_score: 28.19500732421875
percentiles: 2%=-639.1199951171875, 5%=-621.0999755859375, 10%=-613.0999755859375, 25%=-595.0, 50%=-576.5, 75%=-558.0, 90%=-543.9000244140625, 95%=-535.7000122070312, 98%=-514.97998046875
ranking_best_algo: Tabu
ranking_best_score: 588.7199999999999
ranking_my_rank: 47/503 (90.9%)
ranking_my_percent: 90.85487077534792
