ConfigName: kjsd__advperagentrankweighted__M3__L20__eps0p005__g0p001__ds0p05__dm0p2
Problem: QUBO
Kernel: jsd
Advantage: peragentrankweighted
M: 3
lambda: 20
epsilon_svgd: 0.005
gamma: 0.001
decay_start_ratio: 0.05
decay_min_factor: 0.2
bandwith_kernel: None
no_interact: False
avg_score: -329.4800109863281
median_score: -334.0
std_score: 22.279354095458984
percentiles: 2%=-372.0, 5%=-366.29998779296875, 10%=-354.0, 25%=-342.25, 50%=-334.0, 75%=-314.0, 90%=-295.70001220703125, 95%=-290.8500061035156, 98%=-282.0
ranking_best_algo: CMApara
ranking_best_score: 344.22
ranking_my_rank: 81/504 (84.1%)
ranking_my_percent: 84.12698412698413
