ConfigName: krbf__advnormalizedfitness__M4__L8__eps0p033__g0p007__ds0p15__dm0p3
Problem: NK
Kernel: rbf
Advantage: normalizedfitness
M: 4
lambda: 8
epsilon_svgd: 0.033
gamma: 0.007
decay_start_ratio: 0.15
decay_min_factor: 0.3
bandwith_kernel: None
no_interact: False
avg_score: 0.7370896935462952
median_score: 0.7391279935836792
std_score: 0.009229611605405807
percentiles: 2%=0.7163838148117065, 5%=0.7200537919998169, 10%=0.7226220369338989, 25%=0.7321457862854004, 50%=0.7391279935836792, 75%=0.7429566979408264, 90%=0.7477576732635498, 95%=0.7502259016036987, 98%=0.7526537775993347
ranking_best_algo: PBIL
ranking_best_score: 0.730509098125
ranking_my_rank: 1/504 (100.0%)
ranking_my_percent: 100.0
