ConfigName: kjsd__advperagentrankweighted__M5__L8__eps0p01__g0p003__ds0p4__dm0p2
Problem: NK
Kernel: jsd
Advantage: peragentrankweighted
M: 5
lambda: 8
epsilon_svgd: 0.01
gamma: 0.003
decay_start_ratio: 0.4
decay_min_factor: 0.2
bandwith_kernel: None
no_interact: False
avg_score: 0.7511934638023376
median_score: 0.7518438100814819
std_score: 0.015360587276518345
percentiles: 2%=0.7277567982673645, 5%=0.7308160066604614, 10%=0.7325915098190308, 25%=0.738759458065033, 50%=0.7518438100814819, 75%=0.7617496252059937, 90%=0.7750630378723145, 95%=0.7791531085968018, 98%=0.7796273231506348
ranking_best_algo: Tabu
ranking_best_score: 0.7470791764843752
ranking_my_rank: 1/504 (100.0%)
ranking_my_percent: 100.0
