ConfigName: krbf__advnormalizedfitness__M4__L8__eps0p015__g0p01__ds0p01__dm0p01
Problem: QUBO
Kernel: rbf
Advantage: normalizedfitness
M: 4
lambda: 8
epsilon_svgd: 0.015
gamma: 0.01
decay_start_ratio: 0.01
decay_min_factor: 0.01
bandwith_kernel: None
no_interact: False
avg_score: -1156.93994140625
median_score: -1156.5
std_score: 84.01628875732422
percentiles: 2%=-1326.06005859375, 5%=-1303.25, 10%=-1272.0999755859375, 25%=-1212.0, 50%=-1156.5, 75%=-1087.25, 90%=-1053.9000244140625, 95%=-1020.6000366210938, 98%=-1002.719970703125
ranking_best_algo: BigLognormalDiscreteOnePlusOne
ranking_best_score: 1301.3600000000004
ranking_my_rank: 114/504 (77.6%)
ranking_my_percent: 77.57936507936508
