ConfigName: krbf__advnormalizedfitness__M4__L15__eps0p025__g0p01__ds0p15__dm0p3
Problem: QUBO
Kernel: rbf
Advantage: normalizedfitness
M: 4
lambda: 15
epsilon_svgd: 0.025
gamma: 0.01
decay_start_ratio: 0.15
decay_min_factor: 0.3
bandwith_kernel: None
no_interact: False
avg_score: -694.6799926757812
median_score: -680.5
std_score: 82.67017364501953
percentiles: 2%=-894.0800170898438, 5%=-844.1499633789062, 10%=-811.2999877929688, 25%=-742.75, 50%=-680.5, 75%=-647.25, 90%=-587.7999877929688, 95%=-567.8500366210938, 98%=-552.699951171875
ranking_best_algo: CMAL3
ranking_best_score: 928.5800000000002
ranking_my_rank: 331/504 (34.5%)
ranking_my_percent: 34.523809523809526
