ConfigName: kjsd__advperagentrankweighted__M4__L10__eps0p02__g0p0007__ds0p2__dm0p05
Problem: QUBO
Kernel: jsd
Advantage: peragentrankweighted
M: 4
lambda: 10
epsilon_svgd: 0.02
gamma: 0.0007
decay_start_ratio: 0.2
decay_min_factor: 0.05
bandwith_kernel: None
no_interact: False
avg_score: -576.6799926757812
median_score: -578.5
std_score: 26.891218185424805
percentiles: 2%=-627.0399780273438, 5%=-614.1500244140625, 10%=-613.0, 25%=-593.5, 50%=-578.5, 75%=-557.75, 90%=-542.9000244140625, 95%=-531.8499755859375, 98%=-521.760009765625
ranking_best_algo: Tabu
ranking_best_score: 588.7199999999999
ranking_my_rank: 55/503 (89.3%)
ranking_my_percent: 89.26441351888668
