ConfigName: krbf__advnormalizedfitness__M4__L12__eps0p025__g0p007__ds0p15__dm0p3
Problem: QUBO
Kernel: rbf
Advantage: normalizedfitness
M: 4
lambda: 12
epsilon_svgd: 0.025
gamma: 0.007
decay_start_ratio: 0.15
decay_min_factor: 0.3
bandwith_kernel: None
no_interact: False
avg_score: -331.2799987792969
median_score: -334.0
std_score: 18.28118324279785
percentiles: 2%=-361.2200012207031, 5%=-354.0, 10%=-353.0, 25%=-343.0, 50%=-334.0, 75%=-321.5, 90%=-305.8999938964844, 95%=-297.9000244140625, 98%=-292.0
ranking_best_algo: CMApara
ranking_best_score: 344.22
ranking_my_rank: 77/504 (84.9%)
ranking_my_percent: 84.92063492063492
