ConfigName: kfr__advglobalrankweighted__M4__L13__eps0p03__g0p007__ds0p01__dm0p01
Problem: NK
Kernel: fr
Advantage: globalrankweighted
M: 4
lambda: 13
epsilon_svgd: 0.03
gamma: 0.007
decay_start_ratio: 0.01
decay_min_factor: 0.01
bandwith_kernel: None
no_interact: False
avg_score: 0.7373735308647156
median_score: 0.7385431528091431
std_score: 0.008420806378126144
percentiles: 2%=0.7185834050178528, 5%=0.7208167910575867, 10%=0.7244806885719299, 25%=0.7330970764160156, 50%=0.7385431528091431, 75%=0.742955207824707, 90%=0.7466366291046143, 95%=0.7487443089485168, 98%=0.7501747608184814
ranking_best_algo: PBIL
ranking_best_score: 0.730509098125
ranking_my_rank: 1/504 (100.0%)
ranking_my_percent: 100.0
