ConfigName: krbf__advnormalizedfitness__M4__L12__eps0p033__g0p007__ds0p3__dm0p01
Problem: QUBO
Kernel: rbf
Advantage: normalizedfitness
M: 4
lambda: 12
epsilon_svgd: 0.033
gamma: 0.007
decay_start_ratio: 0.3
decay_min_factor: 0.01
bandwith_kernel: None
no_interact: False
avg_score: -2349.760009765625
median_score: -2330.5
std_score: 163.85867309570312
percentiles: 2%=-2649.0400390625, 5%=-2587.39990234375, 10%=-2544.199951171875, 25%=-2486.25, 50%=-2330.5, 75%=-2228.75, 90%=-2155.199951171875, 95%=-2090.75, 98%=-2049.8798828125
ranking_best_algo: SVM1MetaModelLogNormal
ranking_best_score: 2605.14
ranking_my_rank: 140/504 (72.4%)
ranking_my_percent: 72.42063492063492
