ConfigName: kjsd__advperagentrankweighted__M5__L8__eps0p02__g0p0007__ds0p05__dm0p05
Problem: NK
Kernel: jsd
Advantage: peragentrankweighted
M: 5
lambda: 8
epsilon_svgd: 0.02
gamma: 0.0007
decay_start_ratio: 0.05
decay_min_factor: 0.05
bandwith_kernel: None
no_interact: False
avg_score: 0.7421858310699463
median_score: 0.7390280961990356
std_score: 0.027339758351445198
percentiles: 2%=0.7039676308631897, 5%=0.7098203301429749, 10%=0.7123121619224548, 25%=0.7223858833312988, 50%=0.7390280961990356, 75%=0.7545815706253052, 90%=0.7707775235176086, 95%=0.8044298887252808, 98%=0.8118547797203064
ranking_best_algo: CMApara
ranking_best_score: 0.7459277895312499
ranking_my_rank: 22/504 (95.8%)
ranking_my_percent: 95.83333333333333
