ConfigName: krbf__advnormalizedfitness__M2__L6__eps0p01__g0p015__ds0p3__dm0p3
Problem: QUBO
Kernel: rbf
Advantage: normalizedfitness
M: 2
lambda: 6
epsilon_svgd: 0.01
gamma: 0.015
decay_start_ratio: 0.3
decay_min_factor: 0.3
bandwith_kernel: None
no_interact: False
avg_score: -918.1799926757812
median_score: -912.0
std_score: 70.51316833496094
percentiles: 2%=-1064.0, 5%=-1056.0999755859375, 10%=-1024.0999755859375, 25%=-963.5, 50%=-912.0, 75%=-864.25, 90%=-835.9000244140625, 95%=-820.9000244140625, 98%=-798.8199462890625
ranking_best_algo: CMApara
ranking_best_score: 964.9
ranking_my_rank: 64/504 (87.5%)
ranking_my_percent: 87.5
