ConfigName: kjsd__advperagentrankweighted__M3__L30__eps0p007__g0p001__ds0p05__dm0p1
Problem: QUBO
Kernel: jsd
Advantage: peragentrankweighted
M: 3
lambda: 30
epsilon_svgd: 0.007
gamma: 0.001
decay_start_ratio: 0.05
decay_min_factor: 0.1
bandwith_kernel: None
no_interact: False
avg_score: -1601.9599609375
median_score: -1599.5
std_score: 66.03437042236328
percentiles: 2%=-1744.1199951171875, 5%=-1729.050048828125, 10%=-1680.0999755859375, 25%=-1640.25, 50%=-1599.5, 75%=-1557.75, 90%=-1519.5, 95%=-1496.800048828125, 98%=-1491.6600341796875
ranking_best_algo: NLOPT_LN_PRAXIS
ranking_best_score: 1607.12
ranking_my_rank: 11/504 (98.0%)
ranking_my_percent: 98.01587301587301
