ConfigName: krbf__advnormalizedfitness__M4__L15__eps0p025__g0p005__ds0p01__dm0p01
Problem: QUBO
Kernel: rbf
Advantage: normalizedfitness
M: 4
lambda: 15
epsilon_svgd: 0.025
gamma: 0.005
decay_start_ratio: 0.01
decay_min_factor: 0.01
bandwith_kernel: None
no_interact: False
avg_score: -312.2799987792969
median_score: -315.0
std_score: 37.22528076171875
percentiles: 2%=-392.0400085449219, 5%=-382.1000061035156, 10%=-359.79998779296875, 25%=-336.0, 50%=-315.0, 75%=-275.0, 90%=-268.0, 95%=-266.0, 98%=-263.91998291015625
ranking_best_algo: CMApara
ranking_best_score: 319.29999999999995
ranking_my_rank: 34/504 (93.5%)
ranking_my_percent: 93.45238095238095
