ConfigName: krbf__advnormalizedfitness__M3__L24__eps0p03__g0p01__ds0p05__dm0p05
Problem: QUBO
Kernel: rbf
Advantage: normalizedfitness
M: 3
lambda: 24
epsilon_svgd: 0.03
gamma: 0.01
decay_start_ratio: 0.05
decay_min_factor: 0.05
bandwith_kernel: None
no_interact: False
avg_score: -1136.97998046875
median_score: -1135.5
std_score: 70.5811538696289
percentiles: 2%=-1281.800048828125, 5%=-1265.1500244140625, 10%=-1225.0999755859375, 25%=-1176.75, 50%=-1135.5, 75%=-1090.0, 90%=-1050.5, 95%=-1024.8499755859375, 98%=-1011.9199829101562
ranking_best_algo: Tabu
ranking_best_score: 1216.16
ranking_my_rank: 156/504 (69.2%)
ranking_my_percent: 69.24603174603175
