ConfigName: krbf__advnormalizedfitness__M3__L8__eps0p025__g0p005__ds0p15__dm0p01
Problem: QUBO
Kernel: rbf
Advantage: normalizedfitness
M: 3
lambda: 8
epsilon_svgd: 0.025
gamma: 0.005
decay_start_ratio: 0.15
decay_min_factor: 0.01
bandwith_kernel: None
no_interact: False
avg_score: -1591.280029296875
median_score: -1581.0
std_score: 77.52561950683594
percentiles: 2%=-1751.0, 5%=-1702.050048828125, 10%=-1696.0999755859375, 25%=-1654.0, 50%=-1581.0, 75%=-1536.5, 90%=-1502.199951171875, 95%=-1489.4500732421875, 98%=-1460.1998291015625
ranking_best_algo: NLOPT_LN_PRAXIS
ranking_best_score: 1607.12
ranking_my_rank: 39/504 (92.5%)
ranking_my_percent: 92.46031746031746
