ConfigName: kjsd__advperagentrankweighted__M3__L18__eps0p005__g0p001__ds0p05__dm0p2
Problem: QUBO
Kernel: jsd
Advantage: peragentrankweighted
M: 3
lambda: 18
epsilon_svgd: 0.005
gamma: 0.001
decay_start_ratio: 0.05
decay_min_factor: 0.2
bandwith_kernel: None
no_interact: False
avg_score: -326.82000732421875
median_score: -328.0
std_score: 20.465768814086914
percentiles: 2%=-361.2200012207031, 5%=-354.0, 10%=-350.0, 25%=-342.0, 50%=-328.0, 75%=-311.5, 90%=-298.8999938964844, 95%=-294.8999938964844, 98%=-286.79998779296875
ranking_best_algo: CMApara
ranking_best_score: 344.22
ranking_my_rank: 111/504 (78.2%)
ranking_my_percent: 78.17460317460318
