ConfigName: kfr__advglobalrankweighted__M4__L24__eps0p01__g0p001__ds0p01__dm0p01
Problem: QUBO
Kernel: fr
Advantage: globalrankweighted
M: 4
lambda: 24
epsilon_svgd: 0.01
gamma: 0.001
decay_start_ratio: 0.01
decay_min_factor: 0.01
bandwith_kernel: None
no_interact: False
avg_score: -2511.919921875
median_score: -2510.0
std_score: 126.13117980957031
percentiles: 2%=-2835.179931640625, 5%=-2729.35009765625, 10%=-2664.39990234375, 25%=-2590.5, 50%=-2510.0, 75%=-2430.0, 90%=-2355.699951171875, 95%=-2317.449951171875, 98%=-2286.0
ranking_best_algo: SVM1MetaModelLogNormal
ranking_best_score: 2605.14
ranking_my_rank: 61/504 (88.1%)
ranking_my_percent: 88.0952380952381
