ConfigName: kjsd__advperagentrankweighted__M4__L10__eps0p005__g0p0005__ds0p2__dm0p05
Problem: QUBO
Kernel: jsd
Advantage: peragentrankweighted
M: 4
lambda: 10
epsilon_svgd: 0.005
gamma: 0.0005
decay_start_ratio: 0.2
decay_min_factor: 0.05
bandwith_kernel: None
no_interact: False
avg_score: -581.8200073242188
median_score: -583.0
std_score: 29.18642807006836
percentiles: 2%=-637.1599731445312, 5%=-631.2000122070312, 10%=-619.2999877929688, 25%=-603.0, 50%=-583.0, 75%=-561.75, 90%=-544.7999877929688, 95%=-535.9500122070312, 98%=-525.9600219726562
ranking_best_algo: Tabu
ranking_best_score: 588.7199999999999
ranking_my_rank: 34/503 (93.4%)
ranking_my_percent: 93.43936381709742
