ConfigName: krbf__advnormalizedfitness__M3__L15__eps0p025__g0p005__ds0p3__dm0p01
Problem: NK
Kernel: rbf
Advantage: normalizedfitness
M: 3
lambda: 15
epsilon_svgd: 0.025
gamma: 0.005
decay_start_ratio: 0.3
decay_min_factor: 0.01
bandwith_kernel: None
no_interact: False
avg_score: 0.7401687502861023
median_score: 0.739416778087616
std_score: 0.013172442093491554
percentiles: 2%=0.7179356217384338, 5%=0.7199204564094543, 10%=0.7242579460144043, 25%=0.7318626642227173, 50%=0.739416778087616, 75%=0.7491548657417297, 90%=0.7553504705429077, 95%=0.7630887627601624, 98%=0.7683889269828796
ranking_best_algo: Tabu
ranking_best_score: 0.7601875690625
ranking_my_rank: 15/504 (97.2%)
ranking_my_percent: 97.22222222222223
