ConfigName: kjsd__advperagentrankweighted__M10__L10__eps0p008__g0p0005__ds0p3__dm0p05
Problem: QUBO
Kernel: jsd
Advantage: peragentrankweighted
M: 10
lambda: 10
epsilon_svgd: 0.008
gamma: 0.0005
decay_start_ratio: 0.3
decay_min_factor: 0.05
bandwith_kernel: None
no_interact: False
avg_score: -3015.860107421875
median_score: -2977.0
std_score: 196.34841918945312
percentiles: 2%=-3409.47998046875, 5%=-3372.89990234375, 10%=-3264.89990234375, 25%=-3176.5, 50%=-2977.0, 75%=-2872.5, 90%=-2785.10009765625, 95%=-2753.199951171875, 98%=-2692.02001953125
ranking_best_algo: RLSOnePlusOne
ranking_best_score: 3316.5199999999995
ranking_my_rank: 129/504 (74.6%)
ranking_my_percent: 74.60317460317461
