ConfigName: kjsd__advperagentrankweighted__M5__L10__eps0p01__g0p0007__ds0p05__dm0p05
Problem: QUBO
Kernel: jsd
Advantage: peragentrankweighted
M: 5
lambda: 10
epsilon_svgd: 0.01
gamma: 0.0007
decay_start_ratio: 0.05
decay_min_factor: 0.05
bandwith_kernel: None
no_interact: False
avg_score: -584.0
median_score: -582.5
std_score: 25.565601348876953
percentiles: 2%=-629.0999755859375, 5%=-621.2000122070312, 10%=-617.0999755859375, 25%=-604.25, 50%=-582.5, 75%=-568.0, 90%=-549.0, 95%=-537.9500122070312, 98%=-536.8800048828125
ranking_best_algo: Tabu
ranking_best_score: 588.7199999999999
ranking_my_rank: 5/503 (99.2%)
ranking_my_percent: 99.20477137176938
