ConfigName: kjsd__advperagentrankweighted__M6__L10__eps0p005__g0p0005__ds0p3__dm0p05
Problem: QUBO
Kernel: jsd
Advantage: peragentrankweighted
M: 6
lambda: 10
epsilon_svgd: 0.005
gamma: 0.0005
decay_start_ratio: 0.3
decay_min_factor: 0.05
bandwith_kernel: None
no_interact: False
avg_score: -447.0799865722656
median_score: -447.0
std_score: 25.894275665283203
percentiles: 2%=-496.0, 5%=-489.0, 10%=-481.0, 25%=-469.25, 50%=-447.0, 75%=-428.75, 90%=-413.0, 95%=-406.8500061035156, 98%=-396.8999938964844
ranking_best_algo: CMApara
ranking_best_score: 453.82
ranking_my_rank: 2/504 (99.8%)
ranking_my_percent: 99.8015873015873
