ConfigName: krbf__advnormalizedfitness__M4__L12__eps0p025__g0p007__ds0p3__dm0p01
Problem: QUBO
Kernel: rbf
Advantage: normalizedfitness
M: 4
lambda: 12
epsilon_svgd: 0.025
gamma: 0.007
decay_start_ratio: 0.3
decay_min_factor: 0.01
bandwith_kernel: None
no_interact: False
avg_score: -1419.300048828125
median_score: -1420.0
std_score: 137.4454345703125
percentiles: 2%=-1696.239990234375, 5%=-1651.699951171875, 10%=-1613.0, 25%=-1515.25, 50%=-1420.0, 75%=-1310.5, 90%=-1254.800048828125, 95%=-1179.8499755859375, 98%=-1168.760009765625
ranking_best_algo: NLOPT_LN_PRAXIS
ranking_best_score: 1607.12
ranking_my_rank: 99/504 (80.6%)
ranking_my_percent: 80.55555555555556
