ConfigName: kjsd__advperagentrankweighted__M10__L28__eps0p008__g0p0005__ds0p05__dm0p05
Problem: QUBO
Kernel: jsd
Advantage: peragentrankweighted
M: 10
lambda: 28
epsilon_svgd: 0.008
gamma: 0.0005
decay_start_ratio: 0.05
decay_min_factor: 0.05
bandwith_kernel: None
no_interact: False
avg_score: -1835.5
median_score: -1823.0
std_score: 141.83648681640625
percentiles: 2%=-2144.139892578125, 5%=-2062.550048828125, 10%=-2029.5, 25%=-1930.5, 50%=-1823.0, 75%=-1745.75, 90%=-1668.300048828125, 95%=-1617.6500244140625, 98%=-1573.56005859375
ranking_best_algo: SVM1MetaModelLogNormal
ranking_best_score: 2605.14
ranking_my_rank: 318/504 (37.1%)
ranking_my_percent: 37.1031746031746
