ConfigName: krbf__advnormalizedfitness__M3__L12__eps0p025__g0p01__ds0p01__dm0p01
Problem: QUBO
Kernel: rbf
Advantage: normalizedfitness
M: 3
lambda: 12
epsilon_svgd: 0.025
gamma: 0.01
decay_start_ratio: 0.01
decay_min_factor: 0.01
bandwith_kernel: None
no_interact: False
avg_score: -1551.56005859375
median_score: -1553.0
std_score: 95.77967834472656
percentiles: 2%=-1744.1199951171875, 5%=-1719.4000244140625, 10%=-1676.0, 25%=-1619.25, 50%=-1553.0, 75%=-1486.5, 90%=-1420.5999755859375, 95%=-1397.4500732421875, 98%=-1372.699951171875
ranking_best_algo: NLOPT_LN_PRAXIS
ranking_best_score: 1607.12
ranking_my_rank: 51/504 (90.1%)
ranking_my_percent: 90.07936507936508
