ConfigName: kfr__advglobalrankweighted__M6__L10__eps0p02__g0p007__ds0p01__dm0p01
Problem: QUBO
Kernel: fr
Advantage: globalrankweighted
M: 6
lambda: 10
epsilon_svgd: 0.02
gamma: 0.007
decay_start_ratio: 0.01
decay_min_factor: 0.01
bandwith_kernel: None
no_interact: False
avg_score: -555.2999877929688
median_score: -555.0
std_score: 35.021568298339844
percentiles: 2%=-625.1799926757812, 5%=-613.0999755859375, 10%=-602.0999755859375, 25%=-579.5, 50%=-555.0, 75%=-530.75, 90%=-505.8999938964844, 95%=-499.8500061035156, 98%=-492.97998046875
ranking_best_algo: Tabu
ranking_best_score: 588.7199999999999
ranking_my_rank: 144/503 (71.6%)
ranking_my_percent: 71.57057654075547
