ConfigName: krbf__advnormalizedfitness__M4__L12__eps0p025__g0p005__ds0p15__dm0p01
Problem: NK
Kernel: rbf
Advantage: normalizedfitness
M: 4
lambda: 12
epsilon_svgd: 0.025
gamma: 0.005
decay_start_ratio: 0.15
decay_min_factor: 0.01
bandwith_kernel: None
no_interact: False
avg_score: 0.7067674398422241
median_score: 0.7085515260696411
std_score: 0.012010540813207626
percentiles: 2%=0.6878024935722351, 5%=0.6888499855995178, 10%=0.6907995939254761, 25%=0.6952763199806213, 50%=0.7085515260696411, 75%=0.7172536849975586, 90%=0.7205729484558105, 95%=0.7241389751434326, 98%=0.7246551513671875
ranking_best_algo: PBIL
ranking_best_score: 0.7013553837109374
ranking_my_rank: 1/504 (100.0%)
ranking_my_percent: 100.0
