ConfigName: krbf__advglobalrankweighted__M4__L11__eps0p01__g0p007__ds0p01__dm0p01
Problem: QUBO
Kernel: rbf
Advantage: globalrankweighted
M: 4
lambda: 11
epsilon_svgd: 0.01
gamma: 0.007
decay_start_ratio: 0.01
decay_min_factor: 0.01
bandwith_kernel: None
no_interact: False
avg_score: -1401.719970703125
median_score: -1388.5
std_score: 100.20889282226562
percentiles: 2%=-1627.300048828125, 5%=-1564.800048828125, 10%=-1525.0, 25%=-1471.5, 50%=-1388.5, 75%=-1340.0, 90%=-1266.800048828125, 95%=-1223.550048828125, 98%=-1212.8800048828125
ranking_best_algo: NLOPT_LN_PRAXIS
ranking_best_score: 1607.12
ranking_my_rank: 149/504 (70.6%)
ranking_my_percent: 70.63492063492063
