ConfigName: kjsd__advperagentrankweighted__M4__L10__eps0p01__g0p0007__ds0p2__dm0p05
Problem: QUBO
Kernel: jsd
Advantage: peragentrankweighted
M: 4
lambda: 10
epsilon_svgd: 0.01
gamma: 0.0007
decay_start_ratio: 0.2
decay_min_factor: 0.05
bandwith_kernel: None
no_interact: False
avg_score: -1623.1199951171875
median_score: -1613.0
std_score: 58.07241439819336
percentiles: 2%=-1735.0799560546875, 5%=-1718.199951171875, 10%=-1704.0, 25%=-1664.25, 50%=-1613.0, 75%=-1581.75, 90%=-1554.800048828125, 95%=-1536.5999755859375, 98%=-1514.719970703125
ranking_best_algo: NLOPT_LN_PRAXIS
ranking_best_score: 1607.12
ranking_my_rank: 1/504 (100.0%)
ranking_my_percent: 100.0
