ConfigName: kjsd__advperagentrankweighted__M3__L18__eps0p005__g0p003__ds0p1__dm0p05
Problem: NK
Kernel: jsd
Advantage: peragentrankweighted
M: 3
lambda: 18
epsilon_svgd: 0.005
gamma: 0.003
decay_start_ratio: 0.1
decay_min_factor: 0.05
bandwith_kernel: None
no_interact: False
avg_score: 0.7028765678405762
median_score: 0.7046307325363159
std_score: 0.012394631281495094
percentiles: 2%=0.6822214722633362, 5%=0.6843413710594177, 10%=0.6863397359848022, 25%=0.6913905143737793, 50%=0.7046307325363159, 75%=0.7137482762336731, 90%=0.717463493347168, 95%=0.7192172408103943, 98%=0.7216053009033203
ranking_best_algo: PBIL
ranking_best_score: 0.7013553837109374
ranking_my_rank: 1/504 (100.0%)
ranking_my_percent: 100.0
