ConfigName: kjsd__advperagentrankweighted__M3__L16__eps0p007__g0p001__ds0p1__dm0p2
Problem: QUBO
Kernel: jsd
Advantage: peragentrankweighted
M: 3
lambda: 16
epsilon_svgd: 0.007
gamma: 0.001
decay_start_ratio: 0.1
decay_min_factor: 0.2
bandwith_kernel: None
no_interact: False
avg_score: -1313.5799560546875
median_score: -1314.0
std_score: 66.28577423095703
percentiles: 2%=-1446.06005859375, 5%=-1425.199951171875, 10%=-1407.5, 25%=-1359.25, 50%=-1314.0, 75%=-1262.5, 90%=-1228.9000244140625, 95%=-1214.5, 98%=-1200.8399658203125
ranking_best_algo: BigLognormalDiscreteOnePlusOne
ranking_best_score: 1301.3600000000004
ranking_my_rank: 1/504 (100.0%)
ranking_my_percent: 100.0
