ConfigName: krbf__advnormalizedfitness__M4__L8__eps0p033__g0p005__ds0p15__dm0p01
Problem: QUBO
Kernel: rbf
Advantage: normalizedfitness
M: 4
lambda: 8
epsilon_svgd: 0.033
gamma: 0.005
decay_start_ratio: 0.15
decay_min_factor: 0.01
bandwith_kernel: None
no_interact: False
avg_score: -309.2200012207031
median_score: -303.0
std_score: 37.8289794921875
percentiles: 2%=-390.0, 5%=-386.1000061035156, 10%=-358.0, 25%=-334.5, 50%=-303.0, 75%=-276.0, 90%=-265.8999938964844, 95%=-260.95001220703125, 98%=-257.8799743652344
ranking_best_algo: CMApara
ranking_best_score: 319.29999999999995
ranking_my_rank: 81/504 (84.1%)
ranking_my_percent: 84.12698412698413
