ConfigName: krbf__advnormalizedfitness__M4__L12__eps0p025__g0p007__ds0p3__dm0p3
Problem: NK
Kernel: rbf
Advantage: normalizedfitness
M: 4
lambda: 12
epsilon_svgd: 0.025
gamma: 0.007
decay_start_ratio: 0.3
decay_min_factor: 0.3
bandwith_kernel: None
no_interact: False
avg_score: 0.7270841002464294
median_score: 0.727976381778717
std_score: 0.020248861983418465
percentiles: 2%=0.6898161172866821, 5%=0.6951812505722046, 10%=0.7025030255317688, 25%=0.7124778032302856, 50%=0.727976381778717, 75%=0.7401847839355469, 90%=0.7550085783004761, 95%=0.7569165825843811, 98%=0.7587825059890747
ranking_best_algo: Tabu
ranking_best_score: 0.7470791764843752
ranking_my_rank: 109/504 (78.6%)
ranking_my_percent: 78.57142857142857
