ConfigName: kjsd__advperagentrankweighted__M5__L24__eps0p02__g0p0003__ds0p2__dm0p05
Problem: QUBO
Kernel: jsd
Advantage: peragentrankweighted
M: 5
lambda: 24
epsilon_svgd: 0.02
gamma: 0.0003
decay_start_ratio: 0.2
decay_min_factor: 0.05
bandwith_kernel: None
no_interact: False
avg_score: -1610.739990234375
median_score: -1617.0
std_score: 62.57597732543945
percentiles: 2%=-1707.1600341796875, 5%=-1699.050048828125, 10%=-1697.0999755859375, 25%=-1658.5, 50%=-1617.0, 75%=-1562.5, 90%=-1527.5, 95%=-1509.8499755859375, 98%=-1498.800048828125
ranking_best_algo: NLOPT_LN_PRAXIS
ranking_best_score: 1607.12
ranking_my_rank: 1/504 (100.0%)
ranking_my_percent: 100.0
