ConfigName: kjsd__advperagentrankweighted__M3__L20__eps0p007__g0p001__ds0p05__dm0p05
Problem: QUBO
Kernel: jsd
Advantage: peragentrankweighted
M: 3
lambda: 20
epsilon_svgd: 0.007
gamma: 0.001
decay_start_ratio: 0.05
decay_min_factor: 0.05
bandwith_kernel: None
no_interact: False
avg_score: -935.0800170898438
median_score: -927.0
std_score: 61.85898208618164
percentiles: 2%=-1054.4000244140625, 5%=-1047.050048828125, 10%=-1015.5, 25%=-986.5, 50%=-927.0, 75%=-894.75, 90%=-862.2000122070312, 95%=-848.7999877929688, 98%=-814.760009765625
ranking_best_algo: CMApara
ranking_best_score: 964.9
ranking_my_rank: 16/504 (97.0%)
ranking_my_percent: 97.02380952380952
