ConfigName: kfr__advglobalrankweighted__M5__L9__eps0p02__g0p003__ds0p01__dm0p01
Problem: QUBO
Kernel: fr
Advantage: globalrankweighted
M: 5
lambda: 9
epsilon_svgd: 0.02
gamma: 0.003
decay_start_ratio: 0.01
decay_min_factor: 0.01
bandwith_kernel: None
no_interact: False
avg_score: -931.1400146484375
median_score: -933.0
std_score: 63.919952392578125
percentiles: 2%=-1062.06005859375, 5%=-1043.1500244140625, 10%=-1015.0, 25%=-971.5, 50%=-933.0, 75%=-895.0, 90%=-840.4000244140625, 95%=-812.9000244140625, 98%=-809.0
ranking_best_algo: CMApara
ranking_best_score: 964.9
ranking_my_rank: 19/504 (96.4%)
ranking_my_percent: 96.42857142857143
