ConfigName: kjsd__advperagentrankweighted__M3__L18__eps0p01__g0p001__ds0p2__dm0p1
Problem: NK
Kernel: jsd
Advantage: peragentrankweighted
M: 3
lambda: 18
epsilon_svgd: 0.01
gamma: 0.001
decay_start_ratio: 0.2
decay_min_factor: 0.1
bandwith_kernel: None
no_interact: False
avg_score: 0.7215770483016968
median_score: 0.7208889722824097
std_score: 0.008096925914287567
percentiles: 2%=0.7087566256523132, 5%=0.7106168866157532, 10%=0.7123436331748962, 25%=0.7151302099227905, 50%=0.7208889722824097, 75%=0.7278947234153748, 90%=0.7315862774848938, 95%=0.733714759349823, 98%=0.7394030094146729
ranking_best_algo: PBIL
ranking_best_score: 0.7170882103515624
ranking_my_rank: 1/504 (100.0%)
ranking_my_percent: 100.0
