ConfigName: kjsd__advperagentrankweighted__M3__L16__eps0p01__g0p001__ds0p1__dm0p05
Problem: NK
Kernel: jsd
Advantage: peragentrankweighted
M: 3
lambda: 16
epsilon_svgd: 0.01
gamma: 0.001
decay_start_ratio: 0.1
decay_min_factor: 0.05
bandwith_kernel: None
no_interact: False
avg_score: 0.7223725318908691
median_score: 0.7221094369888306
std_score: 0.006998988334089518
percentiles: 2%=0.7103955149650574, 5%=0.7116684913635254, 10%=0.7132855653762817, 25%=0.7172152400016785, 50%=0.7221094369888306, 75%=0.7275257706642151, 90%=0.7317668795585632, 95%=0.7338305115699768, 98%=0.7357481122016907
ranking_best_algo: PBIL
ranking_best_score: 0.7170882103515624
ranking_my_rank: 1/504 (100.0%)
ranking_my_percent: 100.0
