ConfigName: kjsd__advperagentrankweighted__M3__L18__eps0p01__g0p001__ds0p2__dm0p1
Problem: QUBO
Kernel: jsd
Advantage: peragentrankweighted
M: 3
lambda: 18
epsilon_svgd: 0.01
gamma: 0.001
decay_start_ratio: 0.2
decay_min_factor: 0.1
bandwith_kernel: None
no_interact: False
avg_score: -137.89999389648438
median_score: -139.0
std_score: 12.551892280578613
percentiles: 2%=-159.0, 5%=-158.0, 10%=-153.10000610351562, 25%=-146.0, 50%=-139.0, 75%=-130.0, 90%=-119.80000305175781, 95%=-115.0, 98%=-108.95999908447266
ranking_best_algo: DiscreteDE
ranking_best_score: 143.4
ranking_my_rank: 117/504 (77.0%)
ranking_my_percent: 76.98412698412699
