ConfigName: kfr__advglobalrankweighted__M2__L8__eps0p015__g0p007__ds0p01__dm0p01
Problem: QUBO
Kernel: fr
Advantage: globalrankweighted
M: 2
lambda: 8
epsilon_svgd: 0.015
gamma: 0.007
decay_start_ratio: 0.01
decay_min_factor: 0.01
bandwith_kernel: None
no_interact: False
avg_score: -422.1000061035156
median_score: -419.0
std_score: 29.738021850585938
percentiles: 2%=-479.0799865722656, 5%=-475.1000061035156, 10%=-467.0, 25%=-440.25, 50%=-419.0, 75%=-399.0, 90%=-384.8999938964844, 95%=-379.95001220703125, 98%=-375.8399658203125
ranking_best_algo: CMAL3
ranking_best_score: 435.36
ranking_my_rank: 46/504 (91.1%)
ranking_my_percent: 91.07142857142857
