ConfigName: krbf__advnormalizedfitness__M4__L10__eps0p033__g0p005__ds0p15__dm0p01
Problem: QUBO
Kernel: rbf
Advantage: normalizedfitness
M: 4
lambda: 10
epsilon_svgd: 0.033
gamma: 0.005
decay_start_ratio: 0.15
decay_min_factor: 0.01
bandwith_kernel: None
no_interact: False
avg_score: -2485.800048828125
median_score: -2470.5
std_score: 139.70339965820312
percentiles: 2%=-2816.340087890625, 5%=-2716.050048828125, 10%=-2675.699951171875, 25%=-2563.25, 50%=-2470.5, 75%=-2393.0, 90%=-2313.699951171875, 95%=-2278.85009765625, 98%=-2252.659912109375
ranking_best_algo: SVM1MetaModelLogNormal
ranking_best_score: 2605.14
ranking_my_rank: 69/504 (86.5%)
ranking_my_percent: 86.5079365079365
