ConfigName: kjsd__advperagentrankweighted__M4__L12__eps0p03__g0p0007__ds0p05__dm0p05
Problem: QUBO
Kernel: jsd
Advantage: peragentrankweighted
M: 4
lambda: 12
epsilon_svgd: 0.03
gamma: 0.0007
decay_start_ratio: 0.05
decay_min_factor: 0.05
bandwith_kernel: None
no_interact: False
avg_score: -148.02000427246094
median_score: -146.0
std_score: 13.099603652954102
percentiles: 2%=-179.0, 5%=-177.10000610351562, 10%=-164.0, 25%=-155.0, 50%=-146.0, 75%=-139.0, 90%=-133.0, 95%=-128.89999389648438, 98%=-122.95999908447266
ranking_best_algo: CMApara
ranking_best_score: 154.28
ranking_my_rank: 86/504 (83.1%)
ranking_my_percent: 83.13492063492063
