ConfigName: krbf__advnormalizedfitness__M1__L8__eps0p015__g0p005__ds0p3__dm0p3
Problem: QUBO
Kernel: rbf
Advantage: normalizedfitness
M: 1
lambda: 8
epsilon_svgd: 0.015
gamma: 0.005
decay_start_ratio: 0.3
decay_min_factor: 0.3
bandwith_kernel: None
no_interact: False
avg_score: -312.1400146484375
median_score: -315.0
std_score: 27.964628219604492
percentiles: 2%=-361.2200012207031, 5%=-350.1499938964844, 10%=-345.3999938964844, 25%=-336.75, 50%=-315.0, 75%=-286.0, 90%=-277.79998779296875, 95%=-269.9000244140625, 98%=-263.9599914550781
ranking_best_algo: CMApara
ranking_best_score: 344.22
ranking_my_rank: 261/504 (48.4%)
ranking_my_percent: 48.41269841269841
