ConfigName: kjsd__advperagentrankweighted__M3__L16__eps0p007__g0p003__ds0p05__dm0p1
Problem: QUBO
Kernel: jsd
Advantage: peragentrankweighted
M: 3
lambda: 16
epsilon_svgd: 0.007
gamma: 0.003
decay_start_ratio: 0.05
decay_min_factor: 0.1
bandwith_kernel: None
no_interact: False
avg_score: -1263.1400146484375
median_score: -1264.0
std_score: 64.261962890625
percentiles: 2%=-1373.719970703125, 5%=-1356.199951171875, 10%=-1347.0999755859375, 25%=-1308.0, 50%=-1264.0, 75%=-1222.0, 90%=-1192.800048828125, 95%=-1170.050048828125, 98%=-1126.760009765625
ranking_best_algo: BigLognormalDiscreteOnePlusOne
ranking_best_score: 1301.3600000000004
ranking_my_rank: 52/504 (89.9%)
ranking_my_percent: 89.88095238095238
