ConfigName: kjsd__advperagentrankweighted__M3__L18__eps0p01__g0p0007__ds0p1__dm0p2
Problem: NK
Kernel: jsd
Advantage: peragentrankweighted
M: 3
lambda: 18
epsilon_svgd: 0.01
gamma: 0.0007
decay_start_ratio: 0.1
decay_min_factor: 0.2
bandwith_kernel: None
no_interact: False
avg_score: 0.7334281206130981
median_score: 0.7347458600997925
std_score: 0.00872437097132206
percentiles: 2%=0.7161670327186584, 5%=0.7177398204803467, 10%=0.7202965021133423, 25%=0.727389931678772, 50%=0.7347458600997925, 75%=0.7400071024894714, 90%=0.7438206076622009, 95%=0.7448559999465942, 98%=0.7469470500946045
ranking_best_algo: PBIL
ranking_best_score: 0.7248786399609374
ranking_my_rank: 1/504 (100.0%)
ranking_my_percent: 100.0
