ConfigName: kjsd__advperagentrankweighted__M3__L18__eps0p005__g0p001__ds0p05__dm0p2
Problem: QUBO
Kernel: jsd
Advantage: peragentrankweighted
M: 3
lambda: 18
epsilon_svgd: 0.005
gamma: 0.001
decay_start_ratio: 0.05
decay_min_factor: 0.2
bandwith_kernel: None
no_interact: False
avg_score: -201.27999877929688
median_score: -200.5
std_score: 11.83222770690918
percentiles: 2%=-224.0, 5%=-222.10000610351562, 10%=-218.10000610351562, 25%=-209.0, 50%=-200.5, 75%=-193.75, 90%=-188.0, 95%=-183.85000610351562, 98%=-174.97999572753906
ranking_best_algo: Tabu
ranking_best_score: 208.36000000000004
ranking_my_rank: 41/504 (92.1%)
ranking_my_percent: 92.06349206349206
