ConfigName: kjsd__advperagentrankweighted__M3__L18__eps0p005__g0p001__ds0p05__dm0p2
Problem: QUBO
Kernel: jsd
Advantage: peragentrankweighted
M: 3
lambda: 18
epsilon_svgd: 0.005
gamma: 0.001
decay_start_ratio: 0.05
decay_min_factor: 0.2
bandwith_kernel: None
no_interact: False
avg_score: -414.1199951171875
median_score: -417.0
std_score: 27.611330032348633
percentiles: 2%=-469.1199951171875, 5%=-453.04998779296875, 10%=-450.1000061035156, 25%=-434.0, 50%=-417.0, 75%=-392.75, 90%=-374.0, 95%=-369.8999938964844, 98%=-357.9599914550781
ranking_best_algo: Tabu
ranking_best_score: 438.12
ranking_my_rank: 57/504 (88.9%)
ranking_my_percent: 88.88888888888889
