ConfigName: krbf__advnormalizedfitness__M3__L15__eps0p033__g0p015__ds0p15__dm0p3
Problem: NK
Kernel: rbf
Advantage: normalizedfitness
M: 3
lambda: 15
epsilon_svgd: 0.033
gamma: 0.015
decay_start_ratio: 0.15
decay_min_factor: 0.3
bandwith_kernel: None
no_interact: False
avg_score: 0.5755687952041626
median_score: 0.5749396681785583
std_score: 0.00476814154535532
percentiles: 2%=0.5674216151237488, 5%=0.5683698058128357, 10%=0.5697740316390991, 25%=0.5723756551742554, 50%=0.5749396681785583, 75%=0.5795484185218811, 90%=0.5822333097457886, 95%=0.5834770798683167, 98%=0.5844610929489136
ranking_best_algo: PBIL
ranking_best_score: 0.7170882103515624
ranking_my_rank: 385/504 (23.8%)
ranking_my_percent: 23.80952380952381
