ConfigName: krbf__advnormalizedfitness__M4__L8__eps0p015__g0p01__ds0p3__dm0p3
Problem: QUBO
Kernel: rbf
Advantage: normalizedfitness
M: 4
lambda: 8
epsilon_svgd: 0.015
gamma: 0.01
decay_start_ratio: 0.3
decay_min_factor: 0.3
bandwith_kernel: None
no_interact: False
avg_score: -787.1400146484375
median_score: -788.5
std_score: 88.44297790527344
percentiles: 2%=-950.3800048828125, 5%=-934.0499877929688, 10%=-896.0, 25%=-857.25, 50%=-788.5, 75%=-724.0, 90%=-685.300048828125, 95%=-627.0, 98%=-610.8800048828125
ranking_best_algo: CMApara
ranking_best_score: 964.9
ranking_my_rank: 320/504 (36.7%)
ranking_my_percent: 36.70634920634921
