ConfigName: krbf__advnormalizedfitness__M4__L15__eps0p033__g0p01__ds0p15__dm0p01
Problem: NK
Kernel: rbf
Advantage: normalizedfitness
M: 4
lambda: 15
epsilon_svgd: 0.033
gamma: 0.01
decay_start_ratio: 0.15
decay_min_factor: 0.01
bandwith_kernel: None
no_interact: False
avg_score: 0.7065032124519348
median_score: 0.7070325016975403
std_score: 0.014627610333263874
percentiles: 2%=0.6750626564025879, 5%=0.6817032694816589, 10%=0.6859878897666931, 25%=0.696436882019043, 50%=0.7070325016975403, 75%=0.7166821956634521, 90%=0.7239923477172852, 95%=0.7295587062835693, 98%=0.7338424921035767
ranking_best_algo: PBIL
ranking_best_score: 0.733570253046875
ranking_my_rank: 82/504 (83.9%)
ranking_my_percent: 83.92857142857143
