ConfigName: kjsd__advperagentrankweighted__M3__L18__eps0p007__g0p0007__ds0p1__dm0p1
Problem: QUBO
Kernel: jsd
Advantage: peragentrankweighted
M: 3
lambda: 18
epsilon_svgd: 0.007
gamma: 0.0007
decay_start_ratio: 0.1
decay_min_factor: 0.1
bandwith_kernel: None
no_interact: False
avg_score: -1184.8599853515625
median_score: -1188.5
std_score: 58.37876892089844
percentiles: 2%=-1297.6800537109375, 5%=-1287.0999755859375, 10%=-1256.5, 25%=-1221.75, 50%=-1188.5, 75%=-1144.75, 90%=-1105.800048828125, 95%=-1089.8499755859375, 98%=-1079.800048828125
ranking_best_algo: Tabu
ranking_best_score: 1216.16
ranking_my_rank: 64/504 (87.5%)
ranking_my_percent: 87.5
