ConfigName: krbf__advnormalizedfitness__M1__L8__eps0p033__g0p015__ds0p15__dm0p01
Problem: QUBO
Kernel: rbf
Advantage: normalizedfitness
M: 1
lambda: 8
epsilon_svgd: 0.033
gamma: 0.015
decay_start_ratio: 0.15
decay_min_factor: 0.01
bandwith_kernel: None
no_interact: False
avg_score: -141.44000244140625
median_score: -141.0
std_score: 13.672102928161621
percentiles: 2%=-179.0, 5%=-160.0, 10%=-156.10000610351562, 25%=-152.0, 50%=-141.0, 75%=-133.0, 90%=-123.0, 95%=-118.90000915527344, 98%=-116.93998718261719
ranking_best_algo: CMApara
ranking_best_score: 154.28
ranking_my_rank: 264/504 (47.8%)
ranking_my_percent: 47.817460317460316
