ConfigName: krbf__advnormalizedfitness__M3__L10__eps0p033__g0p005__ds0p15__dm0p01
Problem: QUBO
Kernel: rbf
Advantage: normalizedfitness
M: 3
lambda: 10
epsilon_svgd: 0.033
gamma: 0.005
decay_start_ratio: 0.15
decay_min_factor: 0.01
bandwith_kernel: None
no_interact: False
avg_score: -1188.3199462890625
median_score: -1180.5
std_score: 62.33295822143555
percentiles: 2%=-1335.280029296875, 5%=-1290.199951171875, 10%=-1279.4000244140625, 25%=-1223.0, 50%=-1180.5, 75%=-1149.5, 90%=-1101.5999755859375, 95%=-1094.800048828125, 98%=-1085.93994140625
ranking_best_algo: Tabu
ranking_best_score: 1216.16
ranking_my_rank: 61/504 (88.1%)
ranking_my_percent: 88.0952380952381
