ConfigName: krbf__advnormalizedfitness__M3__L8__eps0p025__g0p01__ds0p05__dm0p05
Problem: QUBO
Kernel: rbf
Advantage: normalizedfitness
M: 3
lambda: 8
epsilon_svgd: 0.025
gamma: 0.01
decay_start_ratio: 0.05
decay_min_factor: 0.05
bandwith_kernel: None
no_interact: False
avg_score: -1593.780029296875
median_score: -1599.0
std_score: 72.50635528564453
percentiles: 2%=-1734.43994140625, 5%=-1718.3499755859375, 10%=-1692.5, 25%=-1633.5, 50%=-1599.0, 75%=-1544.75, 90%=-1495.0, 95%=-1483.25, 98%=-1462.8199462890625
ranking_best_algo: NLOPT_LN_PRAXIS
ranking_best_score: 1607.12
ranking_my_rank: 38/504 (92.7%)
ranking_my_percent: 92.65873015873017
