ConfigName: kjsd__advperagentrankweighted__M4__L12__eps0p008__g0p0005__ds0p05__dm0p05
Problem: QUBO
Kernel: jsd
Advantage: peragentrankweighted
M: 4
lambda: 12
epsilon_svgd: 0.008
gamma: 0.0005
decay_start_ratio: 0.05
decay_min_factor: 0.05
bandwith_kernel: None
no_interact: False
avg_score: -3305.580078125
median_score: -3303.0
std_score: 112.66012573242188
percentiles: 2%=-3517.0400390625, 5%=-3490.449951171875, 10%=-3447.39990234375, 25%=-3377.25, 50%=-3303.0, 75%=-3225.0, 90%=-3175.89990234375, 95%=-3123.699951171875, 98%=-3088.4599609375
ranking_best_algo: RLSOnePlusOne
ranking_best_score: 3316.5199999999995
ranking_my_rank: 3/504 (99.6%)
ranking_my_percent: 99.60317460317461
