ConfigName: kjsd__advperagentrankweighted__M3__L16__eps0p01__g0p001__ds0p1__dm0p1
Problem: QUBO
Kernel: jsd
Advantage: peragentrankweighted
M: 3
lambda: 16
epsilon_svgd: 0.01
gamma: 0.001
decay_start_ratio: 0.1
decay_min_factor: 0.1
bandwith_kernel: None
no_interact: False
avg_score: -426.5799865722656
median_score: -425.5
std_score: 29.335702896118164
percentiles: 2%=-481.1199951171875, 5%=-479.0, 10%=-467.0, 25%=-449.0, 50%=-425.5, 75%=-405.0, 90%=-391.70001220703125, 95%=-381.70001220703125, 98%=-371.6000061035156
ranking_best_algo: CMAL3
ranking_best_score: 435.36
ranking_my_rank: 23/504 (95.6%)
ranking_my_percent: 95.63492063492063
