ConfigName: krbf__advnormalizedfitness__M2__L10__eps0p02__g0p003__ds0p01__dm0p01
Problem: QUBO
Kernel: rbf
Advantage: normalizedfitness
M: 2
lambda: 10
epsilon_svgd: 0.02
gamma: 0.003
decay_start_ratio: 0.01
decay_min_factor: 0.01
bandwith_kernel: None
no_interact: False
avg_score: -3248.8798828125
median_score: -3258.5
std_score: 119.00194549560547
percentiles: 2%=-3491.080078125, 5%=-3457.64990234375, 10%=-3413.10009765625, 25%=-3316.25, 50%=-3258.5, 75%=-3145.0, 90%=-3089.89990234375, 95%=-3070.949951171875, 98%=-3037.56005859375
ranking_best_algo: RLSOnePlusOne
ranking_best_score: 3316.5199999999995
ranking_my_rank: 41/504 (92.1%)
ranking_my_percent: 92.06349206349206
