ConfigName: kjsd__advperagentrankweighted__M8__L24__eps0p008__g0p0005__ds0p3__dm0p05
Problem: QUBO
Kernel: jsd
Advantage: peragentrankweighted
M: 8
lambda: 24
epsilon_svgd: 0.008
gamma: 0.0005
decay_start_ratio: 0.3
decay_min_factor: 0.05
bandwith_kernel: None
no_interact: False
avg_score: -2329.56005859375
median_score: -2324.5
std_score: 175.55320739746094
percentiles: 2%=-2682.60009765625, 5%=-2623.550048828125, 10%=-2599.0, 25%=-2436.5, 50%=-2324.5, 75%=-2191.0, 90%=-2122.10009765625, 95%=-2075.699951171875, 98%=-2057.8798828125
ranking_best_algo: DiscreteLengler2OnePlusOne
ranking_best_score: 2617.04
ranking_my_rank: 154/504 (69.6%)
ranking_my_percent: 69.64285714285714
