ConfigName: kjsd__advperagentrankweighted__M4__L30__eps0p01__g0p0003__ds0p4__dm0p05
Problem: NK
Kernel: jsd
Advantage: peragentrankweighted
M: 4
lambda: 30
epsilon_svgd: 0.01
gamma: 0.0003
decay_start_ratio: 0.4
decay_min_factor: 0.05
bandwith_kernel: None
no_interact: False
avg_score: 0.7100161910057068
median_score: 0.7115862369537354
std_score: 0.01536755170673132
percentiles: 2%=0.6700296401977539, 5%=0.6721653342247009, 10%=0.6951847076416016, 25%=0.7072166204452515, 50%=0.7115862369537354, 75%=0.718080997467041, 90%=0.72550368309021, 95%=0.7324916124343872, 98%=0.7332254648208618
ranking_best_algo: CMApara
ranking_best_score: 0.707475975
ranking_my_rank: 1/504 (100.0%)
ranking_my_percent: 100.0
