ConfigName: kjsd__advperagentrankweighted__M10__L12__eps0p008__g0p0005__ds0p05__dm0p05
Problem: NK
Kernel: jsd
Advantage: peragentrankweighted
M: 10
lambda: 12
epsilon_svgd: 0.008
gamma: 0.0005
decay_start_ratio: 0.05
decay_min_factor: 0.05
bandwith_kernel: None
no_interact: False
avg_score: 0.7233774065971375
median_score: 0.7223852872848511
std_score: 0.013353465124964714
percentiles: 2%=0.6985093355178833, 5%=0.7026882171630859, 10%=0.7074406147003174, 25%=0.7147714495658875, 50%=0.7223852872848511, 75%=0.7300257682800293, 90%=0.7400062680244446, 95%=0.7493804693222046, 98%=0.7525466084480286
ranking_best_algo: PBIL
ranking_best_score: 0.733570253046875
ranking_my_rank: 45/504 (91.3%)
ranking_my_percent: 91.26984126984127
