ConfigName: kjsd__advperagentrankweighted__M6__L8__eps0p02__g0p0005__ds0p2__dm0p05
Problem: QUBO
Kernel: jsd
Advantage: peragentrankweighted
M: 6
lambda: 8
epsilon_svgd: 0.02
gamma: 0.0005
decay_start_ratio: 0.2
decay_min_factor: 0.05
bandwith_kernel: None
no_interact: False
avg_score: -1299.6600341796875
median_score: -1295.0
std_score: 58.34916305541992
percentiles: 2%=-1413.1600341796875, 5%=-1409.050048828125, 10%=-1379.5999755859375, 25%=-1337.0, 50%=-1295.0, 75%=-1257.0, 90%=-1225.300048828125, 95%=-1217.550048828125, 98%=-1205.9000244140625
ranking_best_algo: BigLognormalDiscreteOnePlusOne
ranking_best_score: 1301.3600000000004
ranking_my_rank: 2/504 (99.8%)
ranking_my_percent: 99.8015873015873
