ConfigName: kjsd__advperagentrankweighted__M3__L18__eps0p01__g0p0007__ds0p2__dm0p05
Problem: QUBO
Kernel: jsd
Advantage: peragentrankweighted
M: 3
lambda: 18
epsilon_svgd: 0.01
gamma: 0.0007
decay_start_ratio: 0.2
decay_min_factor: 0.05
bandwith_kernel: None
no_interact: False
avg_score: -2654.47998046875
median_score: -2663.5
std_score: 125.70492553710938
percentiles: 2%=-2915.9599609375, 5%=-2839.699951171875, 10%=-2807.39990234375, 25%=-2734.75, 50%=-2663.5, 75%=-2550.25, 90%=-2496.89990234375, 95%=-2467.64990234375, 98%=-2433.780029296875
ranking_best_algo: DiscreteLengler2OnePlusOne
ranking_best_score: 2617.04
ranking_my_rank: 1/504 (100.0%)
ranking_my_percent: 100.0
