ConfigName: krbf__advnormalizedfitness__M1__L8__eps0p033__g0p015__ds0p01__dm0p3
Problem: NK
Kernel: rbf
Advantage: normalizedfitness
M: 1
lambda: 8
epsilon_svgd: 0.033
gamma: 0.015
decay_start_ratio: 0.01
decay_min_factor: 0.3
bandwith_kernel: None
no_interact: False
avg_score: 0.7282454967498779
median_score: 0.729188084602356
std_score: 0.010154463350772858
percentiles: 2%=0.7069686651229858, 5%=0.7118195295333862, 10%=0.7139344811439514, 25%=0.7216615080833435, 50%=0.729188084602356, 75%=0.7349441051483154, 90%=0.7401419281959534, 95%=0.7450427412986755, 98%=0.7489922642707825
ranking_best_algo: PBIL
ranking_best_score: 0.730509098125
ranking_my_rank: 7/504 (98.8%)
ranking_my_percent: 98.80952380952381
