ConfigName: kjsd__advperagentrankweighted__M4__L10__eps0p005__g0p0005__ds0p4__dm0p05
Problem: QUBO
Kernel: jsd
Advantage: peragentrankweighted
M: 4
lambda: 10
epsilon_svgd: 0.005
gamma: 0.0005
decay_start_ratio: 0.4
decay_min_factor: 0.05
bandwith_kernel: None
no_interact: False
avg_score: -139.77999877929688
median_score: -143.0
std_score: 10.900991439819336
percentiles: 2%=-159.02000427246094, 5%=-157.0, 10%=-153.0, 25%=-148.0, 50%=-143.0, 75%=-132.0, 90%=-125.0, 95%=-120.9000015258789, 98%=-116.95999908447266
ranking_best_algo: DiscreteDE
ranking_best_score: 143.4
ranking_my_rank: 83/504 (83.7%)
ranking_my_percent: 83.73015873015873
