ConfigName: krbf__advnormalizedfitness__M4__L12__eps0p025__g0p007__ds0p01__dm0p01
Problem: NK
Kernel: rbf
Advantage: normalizedfitness
M: 4
lambda: 12
epsilon_svgd: 0.025
gamma: 0.007
decay_start_ratio: 0.01
decay_min_factor: 0.01
bandwith_kernel: None
no_interact: False
avg_score: 0.7109112739562988
median_score: 0.7122257351875305
std_score: 0.015324117615818977
percentiles: 2%=0.6713159680366516, 5%=0.6725691556930542, 10%=0.6961507201194763, 25%=0.7085898518562317, 50%=0.7122257351875305, 75%=0.7196811437606812, 90%=0.7254932522773743, 95%=0.7321204543113708, 98%=0.7329029440879822
ranking_best_algo: CMApara
ranking_best_score: 0.707475975
ranking_my_rank: 1/504 (100.0%)
ranking_my_percent: 100.0
