ConfigName: kjsd__advperagentrankweighted__M5__L8__eps0p01__g0p003__ds0p4__dm0p2
Problem: QUBO
Kernel: jsd
Advantage: peragentrankweighted
M: 5
lambda: 8
epsilon_svgd: 0.01
gamma: 0.003
decay_start_ratio: 0.4
decay_min_factor: 0.2
bandwith_kernel: None
no_interact: False
avg_score: -310.3599853515625
median_score: -307.0
std_score: 37.23050308227539
percentiles: 2%=-394.0799865722656, 5%=-388.1000061035156, 10%=-357.6000061035156, 25%=-330.5, 50%=-307.0, 75%=-275.75, 90%=-267.79998779296875, 95%=-264.95001220703125, 98%=-261.94000244140625
ranking_best_algo: CMApara
ranking_best_score: 319.29999999999995
ranking_my_rank: 62/504 (87.9%)
ranking_my_percent: 87.89682539682539
