ConfigName: kjsd__advperagentrankweighted__M4__L24__eps0p01__g0p0003__ds0p05__dm0p05
Problem: QUBO
Kernel: jsd
Advantage: peragentrankweighted
M: 4
lambda: 24
epsilon_svgd: 0.01
gamma: 0.0003
decay_start_ratio: 0.05
decay_min_factor: 0.05
bandwith_kernel: None
no_interact: False
avg_score: -2597.43994140625
median_score: -2592.0
std_score: 122.68433380126953
percentiles: 2%=-2867.300048828125, 5%=-2793.550048828125, 10%=-2765.300048828125, 25%=-2681.0, 50%=-2592.0, 75%=-2509.25, 90%=-2442.89990234375, 95%=-2403.949951171875, 98%=-2386.0
ranking_best_algo: SVM1MetaModelLogNormal
ranking_best_score: 2605.14
ranking_my_rank: 10/504 (98.2%)
ranking_my_percent: 98.21428571428571
