ConfigName: kjsd__advperagentrankweighted__M4__L8__eps0p005__g0p0005__ds0p05__dm0p05
Problem: QUBO
Kernel: jsd
Advantage: peragentrankweighted
M: 4
lambda: 8
epsilon_svgd: 0.005
gamma: 0.0005
decay_start_ratio: 0.05
decay_min_factor: 0.05
bandwith_kernel: None
no_interact: False
avg_score: -3302.639892578125
median_score: -3307.5
std_score: 126.8521499633789
percentiles: 2%=-3557.580078125, 5%=-3524.60009765625, 10%=-3483.89990234375, 25%=-3370.0, 50%=-3307.5, 75%=-3222.5, 90%=-3137.60009765625, 95%=-3101.60009765625, 98%=-3044.8798828125
ranking_best_algo: RLSOnePlusOne
ranking_best_score: 3316.5199999999995
ranking_my_rank: 3/504 (99.6%)
ranking_my_percent: 99.60317460317461
