ConfigName: kjsd__advperagentrankweighted__M3__L30__eps0p007__g0p0005__ds0p2__dm0p1
Problem: NK
Kernel: jsd
Advantage: peragentrankweighted
M: 3
lambda: 30
epsilon_svgd: 0.007
gamma: 0.0005
decay_start_ratio: 0.2
decay_min_factor: 0.1
bandwith_kernel: None
no_interact: False
avg_score: 0.7349321246147156
median_score: 0.7356745004653931
std_score: 0.008481119759380817
percentiles: 2%=0.7171851396560669, 5%=0.7184908986091614, 10%=0.7222670316696167, 25%=0.7286019921302795, 50%=0.7356745004653931, 75%=0.7411767840385437, 90%=0.7456374168395996, 95%=0.7466868162155151, 98%=0.7479466795921326
ranking_best_algo: PBIL
ranking_best_score: 0.7248786399609374
ranking_my_rank: 1/504 (100.0%)
ranking_my_percent: 100.0
