ConfigName: krbf__advnormalizedfitness__M4__L10__eps0p033__g0p005__ds0p3__dm0p01
Problem: NK
Kernel: rbf
Advantage: normalizedfitness
M: 4
lambda: 10
epsilon_svgd: 0.033
gamma: 0.005
decay_start_ratio: 0.3
decay_min_factor: 0.01
bandwith_kernel: None
no_interact: False
avg_score: 0.7443422675132751
median_score: 0.7423104643821716
std_score: 0.027902653440833092
percentiles: 2%=0.7041204571723938, 5%=0.7062047123908997, 10%=0.7117398381233215, 25%=0.7255640029907227, 50%=0.7423104643821716, 75%=0.7580187320709229, 90%=0.7783300280570984, 95%=0.8044700026512146, 98%=0.8117834329605103
ranking_best_algo: CMApara
ranking_best_score: 0.7459277895312499
ranking_my_rank: 5/504 (99.2%)
ranking_my_percent: 99.2063492063492
