ConfigName: krbf__advnormalizedfitness__M4__L10__eps0p033__g0p005__ds0p3__dm0p01
Problem: QUBO
Kernel: rbf
Advantage: normalizedfitness
M: 4
lambda: 10
epsilon_svgd: 0.033
gamma: 0.005
decay_start_ratio: 0.3
decay_min_factor: 0.01
bandwith_kernel: None
no_interact: False
avg_score: -310.2200012207031
median_score: -315.0
std_score: 38.26632308959961
percentiles: 2%=-388.1199951171875, 5%=-380.1000061035156, 10%=-358.0, 25%=-334.0, 50%=-315.0, 75%=-274.75, 90%=-265.0, 95%=-255.7000274658203, 98%=-247.9399871826172
ranking_best_algo: CMApara
ranking_best_score: 319.29999999999995
ranking_my_rank: 62/504 (87.9%)
ranking_my_percent: 87.89682539682539
