ConfigName: krbf__advnormalizedfitness__M4__L15__eps0p025__g0p007__ds0p3__dm0p01
Problem: NK
Kernel: rbf
Advantage: normalizedfitness
M: 4
lambda: 15
epsilon_svgd: 0.025
gamma: 0.007
decay_start_ratio: 0.3
decay_min_factor: 0.01
bandwith_kernel: None
no_interact: False
avg_score: 0.7355445623397827
median_score: 0.7374226450920105
std_score: 0.00915443990379572
percentiles: 2%=0.7177324295043945, 5%=0.7188124656677246, 10%=0.7215262055397034, 25%=0.728376567363739, 50%=0.7374226450920105, 75%=0.7419519424438477, 90%=0.7457985877990723, 95%=0.7482296824455261, 98%=0.7488788962364197
ranking_best_algo: PBIL
ranking_best_score: 0.730509098125
ranking_my_rank: 1/504 (100.0%)
ranking_my_percent: 100.0
