ConfigName: krbf__advnormalizedfitness__M4__L12__eps0p033__g0p005__ds0p01__dm0p01
Problem: QUBO
Kernel: rbf
Advantage: normalizedfitness
M: 4
lambda: 12
epsilon_svgd: 0.033
gamma: 0.005
decay_start_ratio: 0.01
decay_min_factor: 0.01
bandwith_kernel: None
no_interact: False
avg_score: -309.32000732421875
median_score: -306.0
std_score: 38.80125427246094
percentiles: 2%=-398.0400085449219, 5%=-394.1000061035156, 10%=-356.3999938964844, 25%=-330.0, 50%=-306.0, 75%=-276.0, 90%=-265.8999938964844, 95%=-264.0, 98%=-256.8599853515625
ranking_best_algo: CMApara
ranking_best_score: 319.29999999999995
ranking_my_rank: 80/504 (84.3%)
ranking_my_percent: 84.32539682539682
