ConfigName: krbf__advnormalizedfitness__M4__L15__eps0p033__g0p005__ds0p3__dm0p01
Problem: QUBO
Kernel: rbf
Advantage: normalizedfitness
M: 4
lambda: 15
epsilon_svgd: 0.033
gamma: 0.005
decay_start_ratio: 0.3
decay_min_factor: 0.01
bandwith_kernel: None
no_interact: False
avg_score: -415.44000244140625
median_score: -418.0
std_score: 25.8713436126709
percentiles: 2%=-467.0400085449219, 5%=-454.04998779296875, 10%=-449.20001220703125, 25%=-432.0, 50%=-418.0, 75%=-398.0, 90%=-380.0, 95%=-368.0, 98%=-359.9599914550781
ranking_best_algo: Tabu
ranking_best_score: 438.12
ranking_my_rank: 50/504 (90.3%)
ranking_my_percent: 90.27777777777777
