ConfigName: krbf__advnormalizedfitness__M4__L8__eps0p033__g0p005__ds0p3__dm0p3
Problem: QUBO
Kernel: rbf
Advantage: normalizedfitness
M: 4
lambda: 8
epsilon_svgd: 0.033
gamma: 0.005
decay_start_ratio: 0.3
decay_min_factor: 0.3
bandwith_kernel: None
no_interact: False
avg_score: -148.67999267578125
median_score: -147.0
std_score: 12.695574760437012
percentiles: 2%=-179.0, 5%=-177.10000610351562, 10%=-164.0, 25%=-155.0, 50%=-147.0, 75%=-141.0, 90%=-135.89999389648438, 95%=-131.0, 98%=-117.0
ranking_best_algo: CMApara
ranking_best_score: 154.28
ranking_my_rank: 83/504 (83.7%)
ranking_my_percent: 83.73015873015873
