ConfigName: krbf__advnormalizedfitness__M4__L15__eps0p015__g0p01__ds0p01__dm0p3
Problem: NK
Kernel: rbf
Advantage: normalizedfitness
M: 4
lambda: 15
epsilon_svgd: 0.015
gamma: 0.01
decay_start_ratio: 0.01
decay_min_factor: 0.3
bandwith_kernel: None
no_interact: False
avg_score: 0.6004431247711182
median_score: 0.5987435579299927
std_score: 0.008464692160487175
percentiles: 2%=0.5881714820861816, 5%=0.5889779329299927, 10%=0.5907054543495178, 25%=0.5942364931106567, 50%=0.5987435579299927, 75%=0.6051835417747498, 90%=0.6120575666427612, 95%=0.6170190572738647, 98%=0.6193318963050842
ranking_best_algo: Tabu
ranking_best_score: 0.7429702712499999
ranking_my_rank: 394/504 (22.0%)
ranking_my_percent: 22.023809523809526
