ConfigName: kjsd__advperagentrankweighted__M3__L16__eps0p005__g0p0005__ds0p2__dm0p05
Problem: QUBO
Kernel: jsd
Advantage: peragentrankweighted
M: 3
lambda: 16
epsilon_svgd: 0.005
gamma: 0.0005
decay_start_ratio: 0.2
decay_min_factor: 0.05
bandwith_kernel: None
no_interact: False
avg_score: -307.7200012207031
median_score: -307.0
std_score: 39.45632553100586
percentiles: 2%=-390.0, 5%=-388.0, 10%=-358.79998779296875, 25%=-332.5, 50%=-307.0, 75%=-274.0, 90%=-264.0, 95%=-249.0, 98%=-245.9199981689453
ranking_best_algo: CMApara
ranking_best_score: 319.29999999999995
ranking_my_rank: 95/504 (81.3%)
ranking_my_percent: 81.34920634920636
