ConfigName: krbf__advnormalizedfitness__M2__L10__eps0p015__g0p005__ds0p15__dm0p01
Problem: QUBO
Kernel: rbf
Advantage: normalizedfitness
M: 2
lambda: 10
epsilon_svgd: 0.015
gamma: 0.005
decay_start_ratio: 0.15
decay_min_factor: 0.01
bandwith_kernel: None
no_interact: False
avg_score: -905.7000122070312
median_score: -903.5
std_score: 63.853660583496094
percentiles: 2%=-1026.3199462890625, 5%=-1006.0499877929688, 10%=-990.2999877929688, 25%=-953.0, 50%=-903.5, 75%=-855.0, 90%=-824.7999877929688, 95%=-806.5, 98%=-789.9000244140625
ranking_best_algo: CMAL3
ranking_best_score: 928.5800000000002
ranking_my_rank: 62/504 (87.9%)
ranking_my_percent: 87.89682539682539
