ConfigName: kfr__advglobalrankweighted__M2__L7__eps0p02__g0p007__ds0p01__dm0p01
Problem: QUBO
Kernel: fr
Advantage: globalrankweighted
M: 2
lambda: 7
epsilon_svgd: 0.02
gamma: 0.007
decay_start_ratio: 0.01
decay_min_factor: 0.01
bandwith_kernel: None
no_interact: False
avg_score: -3251.820068359375
median_score: -3247.0
std_score: 105.84256744384766
percentiles: 2%=-3453.1201171875, 5%=-3427.449951171875, 10%=-3392.199951171875, 25%=-3325.0, 50%=-3247.0, 75%=-3181.25, 90%=-3124.39990234375, 95%=-3066.75, 98%=-3040.679931640625
ranking_best_algo: RLSOnePlusOne
ranking_best_score: 3316.5199999999995
ranking_my_rank: 40/504 (92.3%)
ranking_my_percent: 92.26190476190476
