ConfigName: kjsd__advperagentrankweighted__M4__L20__eps0p005__g0p0005__ds0p2__dm0p2
Problem: NK
Kernel: jsd
Advantage: peragentrankweighted
M: 4
lambda: 20
epsilon_svgd: 0.005
gamma: 0.0005
decay_start_ratio: 0.2
decay_min_factor: 0.2
bandwith_kernel: None
no_interact: False
avg_score: 0.743956446647644
median_score: 0.7444134950637817
std_score: 0.011300696060061455
percentiles: 2%=0.7231844663619995, 5%=0.7247515916824341, 10%=0.7303576469421387, 25%=0.7356525659561157, 50%=0.7444134950637817, 75%=0.7524934411048889, 90%=0.7562961578369141, 95%=0.7660703659057617, 98%=0.7678477764129639
ranking_best_algo: PBIL
ranking_best_score: 0.733570253046875
ranking_my_rank: 1/504 (100.0%)
ranking_my_percent: 100.0
