ConfigName: kjsd__advperagentrankweighted__M3__L16__eps0p005__g0p0005__ds0p2__dm0p05
Problem: QUBO
Kernel: jsd
Advantage: peragentrankweighted
M: 3
lambda: 16
epsilon_svgd: 0.005
gamma: 0.0005
decay_start_ratio: 0.2
decay_min_factor: 0.05
bandwith_kernel: None
no_interact: False
avg_score: -576.1599731445312
median_score: -573.0
std_score: 28.765504837036133
percentiles: 2%=-631.0800170898438, 5%=-621.0999755859375, 10%=-617.2000122070312, 25%=-595.25, 50%=-573.0, 75%=-556.0, 90%=-541.7999877929688, 95%=-532.9000244140625, 98%=-517.9199829101562
ranking_best_algo: Tabu
ranking_best_score: 588.7199999999999
ranking_my_rank: 56/503 (89.1%)
ranking_my_percent: 89.06560636182903
