ConfigName: kjsd__advperagentrankweighted__M8__L12__eps0p008__g0p0005__ds0p05__dm0p05
Problem: NK
Kernel: jsd
Advantage: peragentrankweighted
M: 8
lambda: 12
epsilon_svgd: 0.008
gamma: 0.0005
decay_start_ratio: 0.05
decay_min_factor: 0.05
bandwith_kernel: None
no_interact: False
avg_score: 0.744458019733429
median_score: 0.742868959903717
std_score: 0.013634374365210533
percentiles: 2%=0.7194444537162781, 5%=0.7228572964668274, 10%=0.7266069054603577, 25%=0.7348597049713135, 50%=0.742868959903717, 75%=0.7539264559745789, 90%=0.7623015642166138, 95%=0.7647233605384827, 98%=0.7683088779449463
ranking_best_algo: Tabu
ranking_best_score: 0.7601875690625
ranking_my_rank: 5/504 (99.2%)
ranking_my_percent: 99.2063492063492
