ConfigName: kjsd__advperagentrankweighted__M4__L28__eps0p008__g0p0005__ds0p05__dm0p05
Problem: NK
Kernel: jsd
Advantage: peragentrankweighted
M: 4
lambda: 28
epsilon_svgd: 0.008
gamma: 0.0005
decay_start_ratio: 0.05
decay_min_factor: 0.05
bandwith_kernel: None
no_interact: False
avg_score: 0.7537890672683716
median_score: 0.754338264465332
std_score: 0.013756913132965565
percentiles: 2%=0.7256450057029724, 5%=0.7327826619148254, 10%=0.7373332381248474, 25%=0.7431128025054932, 50%=0.754338264465332, 75%=0.764506995677948, 90%=0.7720634341239929, 95%=0.7765352725982666, 98%=0.7796220183372498
ranking_best_algo: Tabu
ranking_best_score: 0.7657846284375001
ranking_my_rank: 9/504 (98.4%)
ranking_my_percent: 98.41269841269842
