ConfigName: kjsd__advperagentrankweighted__M3__L18__eps0p01__g0p001__ds0p1__dm0p05
Problem: NK
Kernel: jsd
Advantage: peragentrankweighted
M: 3
lambda: 18
epsilon_svgd: 0.01
gamma: 0.001
decay_start_ratio: 0.1
decay_min_factor: 0.05
bandwith_kernel: None
no_interact: False
avg_score: 0.7353457808494568
median_score: 0.736508846282959
std_score: 0.009033715352416039
percentiles: 2%=0.7172583341598511, 5%=0.7177992463111877, 10%=0.721983790397644, 25%=0.7299356460571289, 50%=0.736508846282959, 75%=0.743391752243042, 90%=0.7458111643791199, 95%=0.7475226521492004, 98%=0.7490747570991516
ranking_best_algo: PBIL
ranking_best_score: 0.7248786399609374
ranking_my_rank: 1/504 (100.0%)
ranking_my_percent: 100.0
