ConfigName: kfr__advglobalrankweighted__M5__L10__eps0p02__g0p007__ds0p01__dm0p01
Problem: QUBO
Kernel: fr
Advantage: globalrankweighted
M: 5
lambda: 10
epsilon_svgd: 0.02
gamma: 0.007
decay_start_ratio: 0.01
decay_min_factor: 0.01
bandwith_kernel: None
no_interact: False
avg_score: -2301.02001953125
median_score: -2297.5
std_score: 150.83792114257812
percentiles: 2%=-2650.340087890625, 5%=-2590.5, 10%=-2493.60009765625, 25%=-2390.75, 50%=-2297.5, 75%=-2203.5, 90%=-2104.0, 95%=-2051.699951171875, 98%=-2038.739990234375
ranking_best_algo: SVM1MetaModelLogNormal
ranking_best_score: 2605.14
ranking_my_rank: 155/504 (69.4%)
ranking_my_percent: 69.44444444444444
