ConfigName: krbf__advnormalizedfitness__M4__L8__eps0p033__g0p007__ds0p01__dm0p3
Problem: NK
Kernel: rbf
Advantage: normalizedfitness
M: 4
lambda: 8
epsilon_svgd: 0.033
gamma: 0.007
decay_start_ratio: 0.01
decay_min_factor: 0.3
bandwith_kernel: None
no_interact: False
avg_score: 0.7325233221054077
median_score: 0.7346075773239136
std_score: 0.009592114016413689
percentiles: 2%=0.7118996381759644, 5%=0.7146710157394409, 10%=0.7166569828987122, 25%=0.7271507382392883, 50%=0.7346075773239136, 75%=0.7392780780792236, 90%=0.7436239719390869, 95%=0.7443618178367615, 98%=0.7465507984161377
ranking_best_algo: PBIL
ranking_best_score: 0.7248786399609374
ranking_my_rank: 1/504 (100.0%)
ranking_my_percent: 100.0
