ConfigName: kjsd__advperagentrankweighted__M2__L20__eps0p005__g0p0005__ds0p1__dm0p1
Problem: QUBO
Kernel: jsd
Advantage: peragentrankweighted
M: 2
lambda: 20
epsilon_svgd: 0.005
gamma: 0.0005
decay_start_ratio: 0.1
decay_min_factor: 0.1
bandwith_kernel: None
no_interact: False
avg_score: -424.4599914550781
median_score: -423.0
std_score: 28.451862335205078
percentiles: 2%=-479.0, 5%=-475.0, 10%=-469.0, 25%=-441.5, 50%=-423.0, 75%=-405.0, 90%=-385.0, 95%=-380.0, 98%=-377.82000732421875
ranking_best_algo: CMAL3
ranking_best_score: 435.36
ranking_my_rank: 30/504 (94.2%)
ranking_my_percent: 94.24603174603175
