ConfigName: kjsd__advperagentrankweighted__M4__L12__eps0p005__g0p0007__ds0p4__dm0p05
Problem: QUBO
Kernel: jsd
Advantage: peragentrankweighted
M: 4
lambda: 12
epsilon_svgd: 0.005
gamma: 0.0007
decay_start_ratio: 0.4
decay_min_factor: 0.05
bandwith_kernel: None
no_interact: False
avg_score: -416.6000061035156
median_score: -418.0
std_score: 29.296417236328125
percentiles: 2%=-475.20001220703125, 5%=-465.20001220703125, 10%=-451.1000061035156, 25%=-438.25, 50%=-418.0, 75%=-396.0, 90%=-379.6000061035156, 95%=-370.0, 98%=-357.79998779296875
ranking_best_algo: Tabu
ranking_best_score: 438.12
ranking_my_rank: 43/504 (91.7%)
ranking_my_percent: 91.66666666666667
