ConfigName: krbf__advnormalizedfitness__M4__L24__eps0p01__g0p001__ds0p05__dm0p05
Problem: QUBO
Kernel: rbf
Advantage: normalizedfitness
M: 4
lambda: 24
epsilon_svgd: 0.01
gamma: 0.001
decay_start_ratio: 0.05
decay_min_factor: 0.05
bandwith_kernel: None
no_interact: False
avg_score: -2411.43994140625
median_score: -2394.5
std_score: 156.40399169921875
percentiles: 2%=-2714.739990234375, 5%=-2664.550048828125, 10%=-2595.199951171875, 25%=-2535.0, 50%=-2394.5, 75%=-2271.5, 90%=-2231.0, 95%=-2169.89990234375, 98%=-2145.580078125
ranking_best_algo: SVM1MetaModelLogNormal
ranking_best_score: 2605.14
ranking_my_rank: 93/504 (81.7%)
ranking_my_percent: 81.74603174603175
