ConfigName: kjsd__advperagentrankweighted__M5__L10__eps0p005__g0p0005__ds0p4__dm0p2
Problem: QUBO
Kernel: jsd
Advantage: peragentrankweighted
M: 5
lambda: 10
epsilon_svgd: 0.005
gamma: 0.0005
decay_start_ratio: 0.4
decay_min_factor: 0.2
bandwith_kernel: None
no_interact: False
avg_score: -1596.5400390625
median_score: -1604.0
std_score: 69.34384155273438
percentiles: 2%=-1741.06005859375, 5%=-1707.949951171875, 10%=-1684.9000244140625, 25%=-1636.0, 50%=-1604.0, 75%=-1544.0, 90%=-1504.4000244140625, 95%=-1488.75, 98%=-1474.8800048828125
ranking_best_algo: NLOPT_LN_PRAXIS
ranking_best_score: 1607.12
ranking_my_rank: 13/504 (97.6%)
ranking_my_percent: 97.61904761904762
