ConfigName: kjsd__advperagentrankweighted__M3__L16__eps0p005__g0p003__ds0p05__dm0p1
Problem: QUBO
Kernel: jsd
Advantage: peragentrankweighted
M: 3
lambda: 16
epsilon_svgd: 0.005
gamma: 0.003
decay_start_ratio: 0.05
decay_min_factor: 0.1
bandwith_kernel: None
no_interact: False
avg_score: -200.47999572753906
median_score: -198.5
std_score: 12.565412521362305
percentiles: 2%=-224.0, 5%=-222.0, 10%=-220.0, 25%=-209.25, 50%=-198.5, 75%=-191.0, 90%=-185.0, 95%=-182.0, 98%=-180.97999572753906
ranking_best_algo: Tabu
ranking_best_score: 208.36000000000004
ranking_my_rank: 46/504 (91.1%)
ranking_my_percent: 91.07142857142857
