ConfigName: kjsd__advperagentrankweighted__M3__L16__eps0p01__g0p0007__ds0p2__dm0p2
Problem: NK
Kernel: jsd
Advantage: peragentrankweighted
M: 3
lambda: 16
epsilon_svgd: 0.01
gamma: 0.0007
decay_start_ratio: 0.2
decay_min_factor: 0.2
bandwith_kernel: None
no_interact: False
avg_score: 0.7090197205543518
median_score: 0.7109300494194031
std_score: 0.01529793068766594
percentiles: 2%=0.6697812676429749, 5%=0.671015202999115, 10%=0.6944893598556519, 25%=0.7054736018180847, 50%=0.7109300494194031, 75%=0.7176581025123596, 90%=0.725153923034668, 95%=0.7308320999145508, 98%=0.7317056655883789
ranking_best_algo: CMApara
ranking_best_score: 0.707475975
ranking_my_rank: 1/504 (100.0%)
ranking_my_percent: 100.0
