ConfigName: krbf__advnormalizedfitness__M4__L12__eps0p033__g0p015__ds0p3__dm0p3
Problem: QUBO
Kernel: rbf
Advantage: normalizedfitness
M: 4
lambda: 12
epsilon_svgd: 0.033
gamma: 0.015
decay_start_ratio: 0.3
decay_min_factor: 0.3
bandwith_kernel: None
no_interact: False
avg_score: -378.29998779296875
median_score: -379.0
std_score: 34.053340911865234
percentiles: 2%=-452.1400146484375, 5%=-440.45001220703125, 10%=-419.1000061035156, 25%=-400.75, 50%=-379.0, 75%=-353.5, 90%=-333.79998779296875, 95%=-325.9000244140625, 98%=-313.91998291015625
ranking_best_algo: Tabu
ranking_best_score: 438.12
ranking_my_rank: 265/504 (47.6%)
ranking_my_percent: 47.61904761904762
