ConfigName: krbf__advnormalizedfitness__M3__L12__eps0p033__g0p015__ds0p01__dm0p3
Problem: QUBO
Kernel: rbf
Advantage: normalizedfitness
M: 3
lambda: 12
epsilon_svgd: 0.033
gamma: 0.015
decay_start_ratio: 0.01
decay_min_factor: 0.3
bandwith_kernel: None
no_interact: False
avg_score: -434.0
median_score: -435.0
std_score: 25.468412399291992
percentiles: 2%=-479.1400146484375, 5%=-472.0, 10%=-464.1000061035156, 25%=-454.0, 50%=-435.0, 75%=-414.75, 90%=-401.79998779296875, 95%=-390.7500305175781, 98%=-385.9599914550781
ranking_best_algo: CMApara
ranking_best_score: 453.82
ranking_my_rank: 40/504 (92.3%)
ranking_my_percent: 92.26190476190476
