ConfigName: krbf__advnormalizedfitness__M4__L10__eps0p033__g0p015__ds0p01__dm0p3
Problem: QUBO
Kernel: rbf
Advantage: normalizedfitness
M: 4
lambda: 10
epsilon_svgd: 0.033
gamma: 0.015
decay_start_ratio: 0.01
decay_min_factor: 0.3
bandwith_kernel: None
no_interact: False
avg_score: -897.8400268554688
median_score: -900.0
std_score: 75.90938568115234
percentiles: 2%=-1037.719970703125, 5%=-1020.0499877929688, 10%=-987.5999755859375, 25%=-945.5, 50%=-900.0, 75%=-853.0, 90%=-795.7000122070312, 95%=-776.9000244140625, 98%=-752.35986328125
ranking_best_algo: SVMMetaModelLogNormal
ranking_best_score: 1233.7999999999997
ranking_my_rank: 319/504 (36.9%)
ranking_my_percent: 36.904761904761905
