ConfigName: kjsd__advperagentrankweighted__M3__L30__eps0p007__g0p0005__ds0p05__dm0p05
Problem: NK
Kernel: jsd
Advantage: peragentrankweighted
M: 3
lambda: 30
epsilon_svgd: 0.007
gamma: 0.0005
decay_start_ratio: 0.05
decay_min_factor: 0.05
bandwith_kernel: None
no_interact: False
avg_score: 0.7483227252960205
median_score: 0.7486374378204346
std_score: 0.009424876421689987
percentiles: 2%=0.731351375579834, 5%=0.7345006465911865, 10%=0.7362081408500671, 25%=0.7409034967422485, 50%=0.7486374378204346, 75%=0.7547351121902466, 90%=0.7596727013587952, 95%=0.7652357220649719, 98%=0.7682071328163147
ranking_best_algo: PBIL
ranking_best_score: 0.733570253046875
ranking_my_rank: 1/504 (100.0%)
ranking_my_percent: 100.0
