ConfigName: krbf__advnormalizedfitness__M4__L10__eps0p033__g0p007__ds0p3__dm0p01
Problem: NK
Kernel: rbf
Advantage: normalizedfitness
M: 4
lambda: 10
epsilon_svgd: 0.033
gamma: 0.007
decay_start_ratio: 0.3
decay_min_factor: 0.01
bandwith_kernel: None
no_interact: False
avg_score: 0.7067607045173645
median_score: 0.7095192670822144
std_score: 0.012008968740701675
percentiles: 2%=0.6868369579315186, 5%=0.6881468296051025, 10%=0.6910617351531982, 25%=0.6955194473266602, 50%=0.7095192670822144, 75%=0.7171648144721985, 90%=0.7213876247406006, 95%=0.7235041260719299, 98%=0.7242491245269775
ranking_best_algo: PBIL
ranking_best_score: 0.7013553837109374
ranking_my_rank: 1/504 (100.0%)
ranking_my_percent: 100.0
