ConfigName: kjsd__advperagentrankweighted__M4__L20__eps0p005__g0p0005__ds0p2__dm0p1
Problem: QUBO
Kernel: jsd
Advantage: peragentrankweighted
M: 4
lambda: 20
epsilon_svgd: 0.005
gamma: 0.0005
decay_start_ratio: 0.2
decay_min_factor: 0.1
bandwith_kernel: None
no_interact: False
avg_score: -940.0399780273438
median_score: -938.0
std_score: 62.072364807128906
percentiles: 2%=-1050.47998046875, 5%=-1044.199951171875, 10%=-1025.0999755859375, 25%=-980.25, 50%=-938.0, 75%=-895.75, 90%=-867.0, 95%=-847.9000244140625, 98%=-818.7999877929688
ranking_best_algo: CMApara
ranking_best_score: 964.9
ranking_my_rank: 7/504 (98.8%)
ranking_my_percent: 98.80952380952381
