ConfigName: kjsd__advperagentrankweighted__M3__L20__eps0p007__g0p0005__ds0p05__dm0p1
Problem: QUBO
Kernel: jsd
Advantage: peragentrankweighted
M: 3
lambda: 20
epsilon_svgd: 0.007
gamma: 0.0005
decay_start_ratio: 0.05
decay_min_factor: 0.1
bandwith_kernel: None
no_interact: False
avg_score: -427.2799987792969
median_score: -426.0
std_score: 27.69407081604004
percentiles: 2%=-477.0, 5%=-473.1000061035156, 10%=-467.20001220703125, 25%=-444.25, 50%=-426.0, 75%=-411.0, 90%=-397.0, 95%=-376.95001220703125, 98%=-371.79998779296875
ranking_best_algo: CMAL3
ranking_best_score: 435.36
ranking_my_rank: 19/504 (96.4%)
ranking_my_percent: 96.42857142857143
