ConfigName: kjsd__advperagentrankweighted__M4__L24__eps0p005__g0p0003__ds0p4__dm0p05
Problem: QUBO
Kernel: jsd
Advantage: peragentrankweighted
M: 4
lambda: 24
epsilon_svgd: 0.005
gamma: 0.0003
decay_start_ratio: 0.4
decay_min_factor: 0.05
bandwith_kernel: None
no_interact: False
avg_score: -1196.8800048828125
median_score: -1188.5
std_score: 66.09269714355469
percentiles: 2%=-1357.0400390625, 5%=-1306.550048828125, 10%=-1277.5999755859375, 25%=-1234.25, 50%=-1188.5, 75%=-1145.25, 90%=-1120.9000244140625, 95%=-1102.0, 98%=-1090.9200439453125
ranking_best_algo: Tabu
ranking_best_score: 1216.16
ranking_my_rank: 46/504 (91.1%)
ranking_my_percent: 91.07142857142857
