ConfigName: krbf__advnormalizedfitness__M3__L8__eps0p025__g0p007__ds0p3__dm0p01
Problem: NK
Kernel: rbf
Advantage: normalizedfitness
M: 3
lambda: 8
epsilon_svgd: 0.025
gamma: 0.007
decay_start_ratio: 0.3
decay_min_factor: 0.01
bandwith_kernel: None
no_interact: False
avg_score: 0.7451512813568115
median_score: 0.7423140406608582
std_score: 0.028408467769622803
percentiles: 2%=0.7022502422332764, 5%=0.7077796459197998, 10%=0.7105446457862854, 25%=0.7257158756256104, 50%=0.7423140406608582, 75%=0.764275312423706, 90%=0.7782467603683472, 95%=0.8048011064529419, 98%=0.8118547797203064
ranking_best_algo: CMApara
ranking_best_score: 0.7459277895312499
ranking_my_rank: 2/504 (99.8%)
ranking_my_percent: 99.8015873015873
