ConfigName: krbf__advnormalizedfitness__M4__L15__eps0p03__g0p005__ds0p05__dm0p05
Problem: NK
Kernel: rbf
Advantage: normalizedfitness
M: 4
lambda: 15
epsilon_svgd: 0.03
gamma: 0.005
decay_start_ratio: 0.05
decay_min_factor: 0.05
bandwith_kernel: None
no_interact: False
avg_score: 0.7379220724105835
median_score: 0.7392983436584473
std_score: 0.008589067496359348
percentiles: 2%=0.7193229794502258, 5%=0.7221426367759705, 10%=0.7247790694236755, 25%=0.7338383793830872, 50%=0.7392983436584473, 75%=0.7432814836502075, 90%=0.7467974424362183, 95%=0.751489520072937, 98%=0.7526395916938782
ranking_best_algo: PBIL
ranking_best_score: 0.730509098125
ranking_my_rank: 1/504 (100.0%)
ranking_my_percent: 100.0
