ConfigName: krbf__advnormalizedfitness__M2__L8__eps0p025__g0p01__ds0p01__dm0p3
Problem: QUBO
Kernel: rbf
Advantage: normalizedfitness
M: 2
lambda: 8
epsilon_svgd: 0.025
gamma: 0.01
decay_start_ratio: 0.01
decay_min_factor: 0.3
bandwith_kernel: None
no_interact: False
avg_score: -3282.260009765625
median_score: -3280.5
std_score: 115.92469024658203
percentiles: 2%=-3513.0400390625, 5%=-3438.35009765625, 10%=-3421.300048828125, 25%=-3366.5, 50%=-3280.5, 75%=-3202.0, 90%=-3139.60009765625, 95%=-3112.75, 98%=-3064.5
ranking_best_algo: RLSOnePlusOne
ranking_best_score: 3316.5199999999995
ranking_my_rank: 3/504 (99.6%)
ranking_my_percent: 99.60317460317461
