ConfigName: kjsd__advperagentrankweighted__M3__L20__eps0p01__g0p0005__ds0p2__dm0p1
Problem: NK
Kernel: jsd
Advantage: peragentrankweighted
M: 3
lambda: 20
epsilon_svgd: 0.01
gamma: 0.0005
decay_start_ratio: 0.2
decay_min_factor: 0.1
bandwith_kernel: None
no_interact: False
avg_score: 0.7415496706962585
median_score: 0.7401823997497559
std_score: 0.029574094340205193
percentiles: 2%=0.6926736831665039, 5%=0.7042733430862427, 10%=0.707146167755127, 25%=0.7222253084182739, 50%=0.7401823997497559, 75%=0.7537803053855896, 90%=0.7782467603683472, 95%=0.8047558665275574, 98%=0.8118547797203064
ranking_best_algo: CMApara
ranking_best_score: 0.7459277895312499
ranking_my_rank: 26/504 (95.0%)
ranking_my_percent: 95.03968253968254
