ConfigName: kjsd__advperagentrankweighted__M5__L10__eps0p01__g0p003__ds0p2__dm0p2
Problem: QUBO
Kernel: jsd
Advantage: peragentrankweighted
M: 5
lambda: 10
epsilon_svgd: 0.01
gamma: 0.003
decay_start_ratio: 0.2
decay_min_factor: 0.2
bandwith_kernel: None
no_interact: False
avg_score: -2360.679931640625
median_score: -2373.5
std_score: 170.45626831054688
percentiles: 2%=-2697.47998046875, 5%=-2608.85009765625, 10%=-2559.10009765625, 25%=-2500.5, 50%=-2373.5, 75%=-2229.75, 90%=-2119.89990234375, 95%=-2094.949951171875, 98%=-2077.280029296875
ranking_best_algo: DiscreteLengler2OnePlusOne
ranking_best_score: 2617.04
ranking_my_rank: 146/504 (71.2%)
ranking_my_percent: 71.23015873015873
