ConfigName: kfr__advglobalrankweighted__M4__L10__eps0p01__g0p007__ds0p01__dm0p01
Problem: QUBO
Kernel: fr
Advantage: globalrankweighted
M: 4
lambda: 10
epsilon_svgd: 0.01
gamma: 0.007
decay_start_ratio: 0.01
decay_min_factor: 0.01
bandwith_kernel: None
no_interact: False
avg_score: -418.5
median_score: -421.5
std_score: 28.661996841430664
percentiles: 2%=-479.0400085449219, 5%=-467.0, 10%=-455.6000061035156, 25%=-435.0, 50%=-421.5, 75%=-396.0, 90%=-383.8999938964844, 95%=-373.8500061035156, 98%=-359.9599914550781
ranking_best_algo: CMAL3
ranking_best_score: 435.36
ranking_my_rank: 95/504 (81.3%)
ranking_my_percent: 81.34920634920636
