ConfigName: krbf__advnormalizedfitness__M3__L10__eps0p033__g0p007__ds0p01__dm0p01
Problem: QUBO
Kernel: rbf
Advantage: normalizedfitness
M: 3
lambda: 10
epsilon_svgd: 0.033
gamma: 0.007
decay_start_ratio: 0.01
decay_min_factor: 0.01
bandwith_kernel: None
no_interact: False
avg_score: -1591.1800537109375
median_score: -1589.0
std_score: 66.42700958251953
percentiles: 2%=-1729.1199951171875, 5%=-1707.0999755859375, 10%=-1670.699951171875, 25%=-1622.25, 50%=-1589.0, 75%=-1548.75, 90%=-1506.0, 95%=-1478.800048828125, 98%=-1466.9599609375
ranking_best_algo: NLOPT_LN_PRAXIS
ranking_best_score: 1607.12
ranking_my_rank: 39/504 (92.5%)
ranking_my_percent: 92.46031746031746
