ConfigName: krbf__advnormalizedfitness__M2__L8__eps0p015__g0p015__ds0p3__dm0p3
Problem: QUBO
Kernel: rbf
Advantage: normalizedfitness
M: 2
lambda: 8
epsilon_svgd: 0.015
gamma: 0.015
decay_start_ratio: 0.3
decay_min_factor: 0.3
bandwith_kernel: None
no_interact: False
avg_score: -1232.6400146484375
median_score: -1233.5
std_score: 70.44892120361328
percentiles: 2%=-1369.0400390625, 5%=-1351.550048828125, 10%=-1339.5, 25%=-1279.5, 50%=-1233.5, 75%=-1182.25, 90%=-1139.300048828125, 95%=-1114.800048828125, 98%=-1106.97998046875
ranking_best_algo: BigLognormalDiscreteOnePlusOne
ranking_best_score: 1301.3600000000004
ranking_my_rank: 67/504 (86.9%)
ranking_my_percent: 86.9047619047619
