ConfigName: krbf__advnormalizedfitness__M2__L8__eps0p015__g0p01__ds0p3__dm0p01
Problem: QUBO
Kernel: rbf
Advantage: normalizedfitness
M: 2
lambda: 8
epsilon_svgd: 0.015
gamma: 0.01
decay_start_ratio: 0.3
decay_min_factor: 0.01
bandwith_kernel: None
no_interact: False
avg_score: -198.32000732421875
median_score: -199.0
std_score: 13.596233367919922
percentiles: 2%=-224.0, 5%=-222.0, 10%=-215.39999389648438, 25%=-207.0, 50%=-199.0, 75%=-187.0, 90%=-181.0, 95%=-175.9499969482422, 98%=-171.9199981689453
ranking_best_algo: Tabu
ranking_best_score: 208.36000000000004
ranking_my_rank: 99/504 (80.6%)
ranking_my_percent: 80.55555555555556
