ConfigName: krbf__advnormalizedfitness__M3__L15__eps0p025__g0p015__ds0p01__dm0p01
Problem: QUBO
Kernel: rbf
Advantage: normalizedfitness
M: 3
lambda: 15
epsilon_svgd: 0.025
gamma: 0.015
decay_start_ratio: 0.01
decay_min_factor: 0.01
bandwith_kernel: None
no_interact: False
avg_score: -433.20001220703125
median_score: -434.5
std_score: 27.32398223876953
percentiles: 2%=-483.05999755859375, 5%=-477.20001220703125, 10%=-466.3999938964844, 25%=-455.0, 50%=-434.5, 75%=-411.75, 90%=-396.8999938964844, 95%=-388.95001220703125, 98%=-382.94000244140625
ranking_best_algo: CMApara
ranking_best_score: 453.82
ranking_my_rank: 44/504 (91.5%)
ranking_my_percent: 91.46825396825396
