ConfigName: kjsd__advperagentrankweighted__M3__L30__eps0p005__g0p0005__ds0p05__dm0p2
Problem: QUBO
Kernel: jsd
Advantage: peragentrankweighted
M: 3
lambda: 30
epsilon_svgd: 0.005
gamma: 0.0005
decay_start_ratio: 0.05
decay_min_factor: 0.2
bandwith_kernel: None
no_interact: False
avg_score: -2609.280029296875
median_score: -2612.5
std_score: 122.2463150024414
percentiles: 2%=-2861.02001953125, 5%=-2818.300048828125, 10%=-2763.300048828125, 25%=-2681.0, 50%=-2612.5, 75%=-2541.0, 90%=-2435.10009765625, 95%=-2410.300048828125, 98%=-2341.919921875
ranking_best_algo: DiscreteLengler2OnePlusOne
ranking_best_score: 2617.04
ranking_my_rank: 2/504 (99.8%)
ranking_my_percent: 99.8015873015873
