ConfigName: kjsd__advperagentrankweighted__M5__L10__eps0p005__g0p0005__ds0p4__dm0p05
Problem: NK
Kernel: jsd
Advantage: peragentrankweighted
M: 5
lambda: 10
epsilon_svgd: 0.005
gamma: 0.0005
decay_start_ratio: 0.4
decay_min_factor: 0.05
bandwith_kernel: None
no_interact: False
avg_score: 0.7038535475730896
median_score: 0.7032201290130615
std_score: 0.007981247268617153
percentiles: 2%=0.6911737322807312, 5%=0.6928407549858093, 10%=0.6939524412155151, 25%=0.6975173354148865, 50%=0.7032201290130615, 75%=0.7094796299934387, 90%=0.7149379849433899, 95%=0.7168062329292297, 98%=0.7202354669570923
ranking_best_algo: PBIL
ranking_best_score: 0.7170882103515624
ranking_my_rank: 62/504 (87.9%)
ranking_my_percent: 87.89682539682539
