ConfigName: krbf__advnormalizedfitness__M3__L8__eps0p015__g0p005__ds0p15__dm0p3
Problem: NK
Kernel: rbf
Advantage: normalizedfitness
M: 3
lambda: 8
epsilon_svgd: 0.015
gamma: 0.005
decay_start_ratio: 0.15
decay_min_factor: 0.3
bandwith_kernel: None
no_interact: False
avg_score: 0.7568573951721191
median_score: 0.7573404312133789
std_score: 0.012770313769578934
percentiles: 2%=0.7338100075721741, 5%=0.7360798716545105, 10%=0.7403274178504944, 25%=0.746875524520874, 50%=0.7573404312133789, 75%=0.7659270763397217, 90%=0.7725479006767273, 95%=0.7785675525665283, 98%=0.7804962396621704
ranking_best_algo: Tabu
ranking_best_score: 0.7470791764843752
ranking_my_rank: 1/504 (100.0%)
ranking_my_percent: 100.0
