ConfigName: krbf__advnormalizedfitness__M3__L12__eps0p025__g0p005__ds0p3__dm0p01
Problem: QUBO
Kernel: rbf
Advantage: normalizedfitness
M: 3
lambda: 12
epsilon_svgd: 0.025
gamma: 0.005
decay_start_ratio: 0.3
decay_min_factor: 0.01
bandwith_kernel: None
no_interact: False
avg_score: -909.8599853515625
median_score: -909.0
std_score: 58.098541259765625
percentiles: 2%=-1026.199951171875, 5%=-1018.0999755859375, 10%=-992.0, 25%=-947.0, 50%=-909.0, 75%=-870.75, 90%=-834.4000244140625, 95%=-805.9500122070312, 98%=-803.8599853515625
ranking_best_algo: CMAL3
ranking_best_score: 928.5800000000002
ranking_my_rank: 28/504 (94.6%)
ranking_my_percent: 94.64285714285714
