ConfigName: kjsd__advperagentrankweighted__M4__L12__eps0p005__g0p0005__ds0p4__dm0p05
Problem: QUBO
Kernel: jsd
Advantage: peragentrankweighted
M: 4
lambda: 12
epsilon_svgd: 0.005
gamma: 0.0005
decay_start_ratio: 0.4
decay_min_factor: 0.05
bandwith_kernel: None
no_interact: False
avg_score: -1256.93994140625
median_score: -1262.0
std_score: 63.8800163269043
percentiles: 2%=-1385.4000244140625, 5%=-1360.6500244140625, 10%=-1338.300048828125, 25%=-1300.25, 50%=-1262.0, 75%=-1202.75, 90%=-1176.5999755859375, 95%=-1146.9000244140625, 98%=-1138.9599609375
ranking_best_algo: SVMMetaModelLogNormal
ranking_best_score: 1233.7999999999997
ranking_my_rank: 1/504 (100.0%)
ranking_my_percent: 100.0
