ConfigName: kjsd__advperagentrankweighted__M4__L8__eps0p02__g0p0007__ds0p05__dm0p05
Problem: NK
Kernel: jsd
Advantage: peragentrankweighted
M: 4
lambda: 8
epsilon_svgd: 0.02
gamma: 0.0007
decay_start_ratio: 0.05
decay_min_factor: 0.05
bandwith_kernel: None
no_interact: False
avg_score: 0.7086474895477295
median_score: 0.6962448358535767
std_score: 0.032427795231342316
percentiles: 2%=0.668720543384552, 5%=0.6713931560516357, 10%=0.6741995811462402, 25%=0.6790079474449158, 50%=0.6962448358535767, 75%=0.7448834180831909, 90%=0.7523034811019897, 95%=0.7613165378570557, 98%=0.7613165378570557
ranking_best_algo: CMApara
ranking_best_score: 0.7118996098437498
ranking_my_rank: 61/504 (88.1%)
ranking_my_percent: 88.0952380952381
