ConfigName: kjsd__advperagentrankweighted__M5__L24__eps0p008__g0p0005__ds0p05__dm0p05
Problem: QUBO
Kernel: jsd
Advantage: peragentrankweighted
M: 5
lambda: 24
epsilon_svgd: 0.008
gamma: 0.0005
decay_start_ratio: 0.05
decay_min_factor: 0.05
bandwith_kernel: None
no_interact: False
avg_score: -3261.3798828125
median_score: -3255.5
std_score: 117.36035919189453
percentiles: 2%=-3471.239990234375, 5%=-3437.25, 10%=-3398.89990234375, 25%=-3336.5, 50%=-3255.5, 75%=-3196.25, 90%=-3091.5, 95%=-3056.800048828125, 98%=-3033.780029296875
ranking_best_algo: RLSOnePlusOne
ranking_best_score: 3316.5199999999995
ranking_my_rank: 14/504 (97.4%)
ranking_my_percent: 97.42063492063492
