ConfigName: kjsd__advperagentrankweighted__M3__L20__eps0p005__g0p003__ds0p2__dm0p2
Problem: NK
Kernel: jsd
Advantage: peragentrankweighted
M: 3
lambda: 20
epsilon_svgd: 0.005
gamma: 0.003
decay_start_ratio: 0.2
decay_min_factor: 0.2
bandwith_kernel: None
no_interact: False
avg_score: 0.721638560295105
median_score: 0.7233065366744995
std_score: 0.020510008558630943
percentiles: 2%=0.6852642893791199, 5%=0.6875489354133606, 10%=0.6943658590316772, 25%=0.7048851847648621, 50%=0.7233065366744995, 75%=0.7384665608406067, 90%=0.7478517889976501, 95%=0.754357099533081, 98%=0.7560939788818359
ranking_best_algo: Tabu
ranking_best_score: 0.7470791764843752
ranking_my_rank: 185/504 (63.5%)
ranking_my_percent: 63.492063492063494
