ConfigName: kfr__advglobalrankweighted__M5__L9__eps0p015__g0p007__ds0p01__dm0p01
Problem: QUBO
Kernel: fr
Advantage: globalrankweighted
M: 5
lambda: 9
epsilon_svgd: 0.015
gamma: 0.007
decay_start_ratio: 0.01
decay_min_factor: 0.01
bandwith_kernel: None
no_interact: False
avg_score: -330.739990234375
median_score: -335.5
std_score: 19.102157592773438
percentiles: 2%=-372.0, 5%=-354.1499938964844, 10%=-350.0, 25%=-343.0, 50%=-335.5, 75%=-320.0, 90%=-303.70001220703125, 95%=-297.8000183105469, 98%=-285.9599914550781
ranking_best_algo: CMApara
ranking_best_score: 344.22
ranking_my_rank: 77/504 (84.9%)
ranking_my_percent: 84.92063492063492
