ConfigName: kfr__advglobalrankweighted__M6__L7__eps0p01__g0p005__ds0p01__dm0p01
Problem: QUBO
Kernel: fr
Advantage: globalrankweighted
M: 6
lambda: 7
epsilon_svgd: 0.01
gamma: 0.005
decay_start_ratio: 0.01
decay_min_factor: 0.01
bandwith_kernel: None
no_interact: False
avg_score: -416.82000732421875
median_score: -414.0
std_score: 29.11576271057129
percentiles: 2%=-473.0400085449219, 5%=-471.1000061035156, 10%=-461.20001220703125, 25%=-433.5, 50%=-414.0, 75%=-395.0, 90%=-376.8999938964844, 95%=-371.0, 98%=-365.8599853515625
ranking_best_algo: CMAL3
ranking_best_score: 435.36
ranking_my_rank: 100/504 (80.4%)
ranking_my_percent: 80.35714285714286
