ConfigName: kjsd__advperagentrankweighted__M3__L16__eps0p005__g0p001__ds0p2__dm0p1
Problem: QUBO
Kernel: jsd
Advantage: peragentrankweighted
M: 3
lambda: 16
epsilon_svgd: 0.005
gamma: 0.001
decay_start_ratio: 0.2
decay_min_factor: 0.1
bandwith_kernel: None
no_interact: False
avg_score: -426.6000061035156
median_score: -426.5
std_score: 28.24747657775879
percentiles: 2%=-479.0400085449219, 5%=-475.0, 10%=-469.0, 25%=-441.0, 50%=-426.5, 75%=-410.0, 90%=-390.8999938964844, 95%=-374.95001220703125, 98%=-358.0
ranking_best_algo: CMAL3
ranking_best_score: 435.36
ranking_my_rank: 23/504 (95.6%)
ranking_my_percent: 95.63492063492063
