ConfigName: kjsd__advperagentrankweighted__M4__L12__eps0p01__g0p0005__ds0p05__dm0p05
Problem: NK
Kernel: jsd
Advantage: peragentrankweighted
M: 4
lambda: 12
epsilon_svgd: 0.01
gamma: 0.0005
decay_start_ratio: 0.05
decay_min_factor: 0.05
bandwith_kernel: None
no_interact: False
avg_score: 0.7109835147857666
median_score: 0.6996403932571411
std_score: 0.031406085938215256
percentiles: 2%=0.6722241044044495, 5%=0.6742316484451294, 10%=0.675804078578949, 25%=0.6823656558990479, 50%=0.6996403932571411, 75%=0.746882438659668, 90%=0.7532674670219421, 95%=0.7567710876464844, 98%=0.7613165378570557
ranking_best_algo: CMApara
ranking_best_score: 0.7118996098437498
ranking_my_rank: 8/504 (98.6%)
ranking_my_percent: 98.61111111111111
