ConfigName: krbf__advnormalizedfitness__M1__L8__eps0p025__g0p005__ds0p01__dm0p3
Problem: QUBO
Kernel: rbf
Advantage: normalizedfitness
M: 1
lambda: 8
epsilon_svgd: 0.025
gamma: 0.005
decay_start_ratio: 0.01
decay_min_factor: 0.3
bandwith_kernel: None
no_interact: False
avg_score: -3160.52001953125
median_score: -3161.5
std_score: 116.90290069580078
percentiles: 2%=-3404.080078125, 5%=-3342.89990234375, 10%=-3310.10009765625, 25%=-3230.5, 50%=-3161.5, 75%=-3080.0, 90%=-3027.89990234375, 95%=-2990.60009765625, 98%=-2952.9794921875
ranking_best_algo: RLSOnePlusOne
ranking_best_score: 3316.5199999999995
ranking_my_rank: 61/504 (88.1%)
ranking_my_percent: 88.0952380952381
