ConfigName: kfr__advglobalrankweighted__M6__L10__eps0p01__g0p003__ds0p01__dm0p01
Problem: QUBO
Kernel: fr
Advantage: globalrankweighted
M: 6
lambda: 10
epsilon_svgd: 0.01
gamma: 0.003
decay_start_ratio: 0.01
decay_min_factor: 0.01
bandwith_kernel: None
no_interact: False
avg_score: -1413.47998046875
median_score: -1416.0
std_score: 80.63888549804688
percentiles: 2%=-1576.0799560546875, 5%=-1547.199951171875, 10%=-1519.0999755859375, 25%=-1465.5, 50%=-1416.0, 75%=-1364.5, 90%=-1311.0, 95%=-1279.8499755859375, 98%=-1266.599853515625
ranking_best_algo: NLOPT_LN_PRAXIS
ranking_best_score: 1607.12
ranking_my_rank: 104/504 (79.6%)
ranking_my_percent: 79.56349206349206
