ConfigName: kfr__advglobalrankweighted__M4__L5__eps0p03__g0p001__ds0p01__dm0p01
Problem: NK
Kernel: fr
Advantage: globalrankweighted
M: 4
lambda: 5
epsilon_svgd: 0.03
gamma: 0.001
decay_start_ratio: 0.01
decay_min_factor: 0.01
bandwith_kernel: None
no_interact: False
avg_score: 0.6955748200416565
median_score: 0.6967281103134155
std_score: 0.012108971364796162
percentiles: 2%=0.6740924715995789, 5%=0.6762418150901794, 10%=0.6793394088745117, 25%=0.6852881908416748, 50%=0.6967281103134155, 75%=0.7071176767349243, 90%=0.7106865048408508, 95%=0.712644636631012, 98%=0.7141563296318054
ranking_best_algo: PBIL
ranking_best_score: 0.7013553837109374
ranking_my_rank: 51/504 (90.1%)
ranking_my_percent: 90.07936507936508
