ConfigName: krbf__advnormalizedfitness__M4__L15__eps0p03__g0p0005__ds0p05__dm0p05
Problem: QUBO
Kernel: rbf
Advantage: normalizedfitness
M: 4
lambda: 15
epsilon_svgd: 0.03
gamma: 0.0005
decay_start_ratio: 0.05
decay_min_factor: 0.05
bandwith_kernel: None
no_interact: False
avg_score: -1139.9200439453125
median_score: -1130.5
std_score: 81.87999725341797
percentiles: 2%=-1296.760009765625, 5%=-1269.0999755859375, 10%=-1248.199951171875, 25%=-1197.25, 50%=-1130.5, 75%=-1087.5, 90%=-1034.5999755859375, 95%=-1011.0, 98%=-996.4400024414062
ranking_best_algo: SVMMetaModelLogNormal
ranking_best_score: 1233.7999999999997
ranking_my_rank: 95/504 (81.3%)
ranking_my_percent: 81.34920634920636
