ConfigName: kjsd__advperagentrankweighted__M3__L20__eps0p007__g0p001__ds0p2__dm0p05
Problem: NK
Kernel: jsd
Advantage: peragentrankweighted
M: 3
lambda: 20
epsilon_svgd: 0.007
gamma: 0.001
decay_start_ratio: 0.2
decay_min_factor: 0.05
bandwith_kernel: None
no_interact: False
avg_score: 0.7422041296958923
median_score: 0.7388358116149902
std_score: 0.013861146755516529
percentiles: 2%=0.7213829159736633, 5%=0.7226380109786987, 10%=0.7273549437522888, 25%=0.7326769828796387, 50%=0.7388358116149902, 75%=0.751045286655426, 90%=0.7620817422866821, 95%=0.7672949433326721, 98%=0.7755709290504456
ranking_best_algo: Tabu
ranking_best_score: 0.7601875690625
ranking_my_rank: 11/504 (98.0%)
ranking_my_percent: 98.01587301587301
