ConfigName: krbf__advnormalizedfitness__M4__L15__eps0p015__g0p007__ds0p01__dm0p3
Problem: NK
Kernel: rbf
Advantage: normalizedfitness
M: 4
lambda: 15
epsilon_svgd: 0.015
gamma: 0.007
decay_start_ratio: 0.01
decay_min_factor: 0.3
bandwith_kernel: None
no_interact: False
avg_score: 0.7035115957260132
median_score: 0.7045398950576782
std_score: 0.012401502579450607
percentiles: 2%=0.6764963865280151, 5%=0.682915985584259, 10%=0.6878672242164612, 25%=0.6962357759475708, 50%=0.7045398950576782, 75%=0.7129948139190674, 90%=0.7191339731216431, 95%=0.7205097079277039, 98%=0.7259519696235657
ranking_best_algo: PBIL
ranking_best_score: 0.730509098125
ranking_my_rank: 252/504 (50.2%)
ranking_my_percent: 50.198412698412696
