ConfigName: krbf__advglobalrankweighted__M4__L11__eps0p015__g0p003__ds0p01__dm0p01
Problem: QUBO
Kernel: rbf
Advantage: globalrankweighted
M: 4
lambda: 11
epsilon_svgd: 0.015
gamma: 0.003
decay_start_ratio: 0.01
decay_min_factor: 0.01
bandwith_kernel: None
no_interact: False
avg_score: -139.4199981689453
median_score: -140.0
std_score: 11.213545799255371
percentiles: 2%=-159.0, 5%=-158.0, 10%=-157.0, 25%=-146.0, 50%=-140.0, 75%=-130.0, 90%=-125.9000015258789, 95%=-121.0, 98%=-117.0
ranking_best_algo: DiscreteDE
ranking_best_score: 143.4
ranking_my_rank: 85/504 (83.3%)
ranking_my_percent: 83.33333333333333
