ConfigName: kjsd__advperagentrankweighted__M3__L20__eps0p007__g0p0007__ds0p1__dm0p1
Problem: QUBO
Kernel: jsd
Advantage: peragentrankweighted
M: 3
lambda: 20
epsilon_svgd: 0.007
gamma: 0.0007
decay_start_ratio: 0.1
decay_min_factor: 0.1
bandwith_kernel: None
no_interact: False
avg_score: -326.17999267578125
median_score: -333.0
std_score: 26.568544387817383
percentiles: 2%=-372.0, 5%=-362.3999938964844, 10%=-354.0, 25%=-343.75, 50%=-333.0, 75%=-307.75, 90%=-292.0, 95%=-285.95001220703125, 98%=-263.7200012207031
ranking_best_algo: CMApara
ranking_best_score: 344.22
ranking_my_rank: 113/504 (77.8%)
ranking_my_percent: 77.77777777777777
