ConfigName: krbf__advnormalizedfitness__M5__L8__eps0p03__g0p005__ds0p05__dm0p05
Problem: QUBO
Kernel: rbf
Advantage: normalizedfitness
M: 5
lambda: 8
epsilon_svgd: 0.03
gamma: 0.005
decay_start_ratio: 0.05
decay_min_factor: 0.05
bandwith_kernel: None
no_interact: False
avg_score: -932.7999877929688
median_score: -920.0
std_score: 65.65013122558594
percentiles: 2%=-1076.0400390625, 5%=-1065.449951171875, 10%=-1021.2000122070312, 25%=-971.25, 50%=-920.0, 75%=-884.0, 90%=-854.5999755859375, 95%=-842.0, 98%=-812.8800048828125
ranking_best_algo: CMApara
ranking_best_score: 964.9
ranking_my_rank: 19/504 (96.4%)
ranking_my_percent: 96.42857142857143
