ConfigName: kfr__advglobalrankweighted__M4__L24__eps0p02__g0p005__ds0p01__dm0p01
Problem: QUBO
Kernel: fr
Advantage: globalrankweighted
M: 4
lambda: 24
epsilon_svgd: 0.02
gamma: 0.005
decay_start_ratio: 0.01
decay_min_factor: 0.01
bandwith_kernel: None
no_interact: False
avg_score: -2455.580078125
median_score: -2492.5
std_score: 141.4183349609375
percentiles: 2%=-2693.179931640625, 5%=-2642.64990234375, 10%=-2613.39990234375, 25%=-2553.0, 50%=-2492.5, 75%=-2357.0, 90%=-2281.0, 95%=-2241.60009765625, 98%=-2186.159912109375
ranking_best_algo: DiscreteLengler2OnePlusOne
ranking_best_score: 2617.04
ranking_my_rank: 91/504 (82.1%)
ranking_my_percent: 82.14285714285714
