ConfigName: kjsd__advperagentrankweighted__M3__L24__eps0p007__g0p0005__ds0p1__dm0p2
Problem: QUBO
Kernel: jsd
Advantage: peragentrankweighted
M: 3
lambda: 24
epsilon_svgd: 0.007
gamma: 0.0005
decay_start_ratio: 0.1
decay_min_factor: 0.2
bandwith_kernel: None
no_interact: False
avg_score: -938.0599975585938
median_score: -931.0
std_score: 62.25476837158203
percentiles: 2%=-1065.1800537109375, 5%=-1043.1500244140625, 10%=-1020.5, 25%=-979.0, 50%=-931.0, 75%=-891.0, 90%=-858.9000244140625, 95%=-838.5999755859375, 98%=-826.9600219726562
ranking_best_algo: CMApara
ranking_best_score: 964.9
ranking_my_rank: 7/504 (98.8%)
ranking_my_percent: 98.80952380952381
