ConfigName: krbf__advnormalizedfitness__M4__L10__eps0p033__g0p015__ds0p15__dm0p3
Problem: QUBO
Kernel: rbf
Advantage: normalizedfitness
M: 4
lambda: 10
epsilon_svgd: 0.033
gamma: 0.015
decay_start_ratio: 0.15
decay_min_factor: 0.3
bandwith_kernel: None
no_interact: False
avg_score: -149.82000732421875
median_score: -149.0
std_score: 13.157795906066895
percentiles: 2%=-179.0, 5%=-179.0, 10%=-164.5, 25%=-155.25, 50%=-149.0, 75%=-141.0, 90%=-135.89999389648438, 95%=-133.0, 98%=-128.85997009277344
ranking_best_algo: CMApara
ranking_best_score: 154.28
ranking_my_rank: 76/504 (85.1%)
ranking_my_percent: 85.11904761904762
