ConfigName: kjsd__advperagentrankweighted__M3__L16__eps0p007__g0p0007__ds0p05__dm0p05
Problem: QUBO
Kernel: jsd
Advantage: peragentrankweighted
M: 3
lambda: 16
epsilon_svgd: 0.007
gamma: 0.0007
decay_start_ratio: 0.05
decay_min_factor: 0.05
bandwith_kernel: None
no_interact: False
avg_score: -2672.5400390625
median_score: -2680.5
std_score: 115.52604675292969
percentiles: 2%=-2909.219970703125, 5%=-2851.050048828125, 10%=-2816.39990234375, 25%=-2748.5, 50%=-2680.5, 75%=-2601.75, 90%=-2529.199951171875, 95%=-2499.14990234375, 98%=-2405.89990234375
ranking_best_algo: DiscreteLengler2OnePlusOne
ranking_best_score: 2617.04
ranking_my_rank: 1/504 (100.0%)
ranking_my_percent: 100.0
