ConfigName: kjsd__advperagentrankweighted__M3__L24__eps0p007__g0p001__ds0p2__dm0p05
Problem: NK
Kernel: jsd
Advantage: peragentrankweighted
M: 3
lambda: 24
epsilon_svgd: 0.007
gamma: 0.001
decay_start_ratio: 0.2
decay_min_factor: 0.05
bandwith_kernel: None
no_interact: False
avg_score: 0.7577894330024719
median_score: 0.755362868309021
std_score: 0.013041777536273003
percentiles: 2%=0.7334272861480713, 5%=0.7382060289382935, 10%=0.7418647408485413, 25%=0.7477571368217468, 50%=0.755362868309021, 75%=0.7671082615852356, 90%=0.7762323617935181, 95%=0.7799947261810303, 98%=0.7830159664154053
ranking_best_algo: Tabu
ranking_best_score: 0.7470791764843752
ranking_my_rank: 1/504 (100.0%)
ranking_my_percent: 100.0
