ConfigName: kjsd__advperagentrankweighted__M3__L18__eps0p007__g0p001__ds0p05__dm0p2
Problem: QUBO
Kernel: jsd
Advantage: peragentrankweighted
M: 3
lambda: 18
epsilon_svgd: 0.007
gamma: 0.001
decay_start_ratio: 0.05
decay_min_factor: 0.2
bandwith_kernel: None
no_interact: False
avg_score: -2646.4599609375
median_score: -2653.0
std_score: 132.9622039794922
percentiles: 2%=-2883.06005859375, 5%=-2865.10009765625, 10%=-2839.60009765625, 25%=-2740.75, 50%=-2653.0, 75%=-2544.75, 90%=-2467.800048828125, 95%=-2424.35009765625, 98%=-2394.699951171875
ranking_best_algo: DiscreteLengler2OnePlusOne
ranking_best_score: 2617.04
ranking_my_rank: 1/504 (100.0%)
ranking_my_percent: 100.0
