ConfigName: kjsd__advperagentrankweighted__M4__L24__eps0p02__g0p0003__ds0p2__dm0p05
Problem: NK
Kernel: jsd
Advantage: peragentrankweighted
M: 4
lambda: 24
epsilon_svgd: 0.02
gamma: 0.0003
decay_start_ratio: 0.2
decay_min_factor: 0.05
bandwith_kernel: None
no_interact: False
avg_score: 0.7258490920066833
median_score: 0.7256189584732056
std_score: 0.010046885348856449
percentiles: 2%=0.7067364454269409, 5%=0.7103546261787415, 10%=0.7132839560508728, 25%=0.718756377696991, 50%=0.7256189584732056, 75%=0.733506977558136, 90%=0.7391257882118225, 95%=0.7418098449707031, 98%=0.7431981563568115
ranking_best_algo: Tabu
ranking_best_score: 0.7429702712499999
ranking_my_rank: 3/504 (99.6%)
ranking_my_percent: 99.60317460317461
