ConfigName: kjsd__advperagentrankweighted__M3__L24__eps0p007__g0p001__ds0p1__dm0p1
Problem: NK
Kernel: jsd
Advantage: peragentrankweighted
M: 3
lambda: 24
epsilon_svgd: 0.007
gamma: 0.001
decay_start_ratio: 0.1
decay_min_factor: 0.1
bandwith_kernel: None
no_interact: False
avg_score: 0.7116478085517883
median_score: 0.70106041431427
std_score: 0.03155501186847687
percentiles: 2%=0.6735868453979492, 5%=0.6751645803451538, 10%=0.6775393486022949, 25%=0.6824496388435364, 50%=0.70106041431427, 75%=0.7474179267883301, 90%=0.7540167570114136, 95%=0.7613165378570557, 98%=0.7613165378570557
ranking_best_algo: CMApara
ranking_best_score: 0.7118996098437498
ranking_my_rank: 2/504 (99.8%)
ranking_my_percent: 99.8015873015873
