ConfigName: kjsd__advperagentrankweighted__M3__L18__eps0p007__g0p0007__ds0p05__dm0p1
Problem: NK
Kernel: jsd
Advantage: peragentrankweighted
M: 3
lambda: 18
epsilon_svgd: 0.007
gamma: 0.0007
decay_start_ratio: 0.05
decay_min_factor: 0.1
bandwith_kernel: None
no_interact: False
avg_score: 0.7096088528633118
median_score: 0.7110403776168823
std_score: 0.015526223927736282
percentiles: 2%=0.668856143951416, 5%=0.6720983982086182, 10%=0.693323016166687, 25%=0.7065723538398743, 50%=0.7110403776168823, 75%=0.7183008790016174, 90%=0.7254834175109863, 95%=0.731998085975647, 98%=0.7332521080970764
ranking_best_algo: CMApara
ranking_best_score: 0.707475975
ranking_my_rank: 1/504 (100.0%)
ranking_my_percent: 100.0
