ConfigName: krbf__advnormalizedfitness__M3__L10__eps0p015__g0p005__ds0p3__dm0p3
Problem: QUBO
Kernel: rbf
Advantage: normalizedfitness
M: 3
lambda: 10
epsilon_svgd: 0.015
gamma: 0.005
decay_start_ratio: 0.3
decay_min_factor: 0.3
bandwith_kernel: None
no_interact: False
avg_score: -1172.5999755859375
median_score: -1170.0
std_score: 63.8565559387207
percentiles: 2%=-1309.0799560546875, 5%=-1277.4000244140625, 10%=-1261.4000244140625, 25%=-1211.0, 50%=-1170.0, 75%=-1128.0, 90%=-1097.800048828125, 95%=-1060.0, 98%=-1054.0
ranking_best_algo: Tabu
ranking_best_score: 1216.16
ranking_my_rank: 85/504 (83.3%)
ranking_my_percent: 83.33333333333333
