ConfigName: krbf__advnormalizedfitness__M3__L12__eps0p033__g0p005__ds0p15__dm0p3
Problem: QUBO
Kernel: rbf
Advantage: normalizedfitness
M: 3
lambda: 12
epsilon_svgd: 0.033
gamma: 0.005
decay_start_ratio: 0.15
decay_min_factor: 0.3
bandwith_kernel: None
no_interact: False
avg_score: -199.94000244140625
median_score: -199.5
std_score: 13.035198211669922
percentiles: 2%=-224.0, 5%=-221.0500030517578, 10%=-219.0, 25%=-209.0, 50%=-199.5, 75%=-193.0, 90%=-182.89999389648438, 95%=-180.0, 98%=-171.95999145507812
ranking_best_algo: Tabu
ranking_best_score: 208.36000000000004
ranking_my_rank: 56/504 (89.1%)
ranking_my_percent: 89.08730158730158
