ConfigName: kjsd__advperagentrankweighted__M4__L10__eps0p01__g0p0003__ds0p05__dm0p05
Problem: QUBO
Kernel: jsd
Advantage: peragentrankweighted
M: 4
lambda: 10
epsilon_svgd: 0.01
gamma: 0.0003
decay_start_ratio: 0.05
decay_min_factor: 0.05
bandwith_kernel: None
no_interact: False
avg_score: -147.52000427246094
median_score: -147.5
std_score: 13.988908767700195
percentiles: 2%=-179.0, 5%=-179.0, 10%=-161.3000030517578, 25%=-155.0, 50%=-147.5, 75%=-140.0, 90%=-132.89999389648438, 95%=-120.0, 98%=-116.94000244140625
ranking_best_algo: CMApara
ranking_best_score: 154.28
ranking_my_rank: 95/504 (81.3%)
ranking_my_percent: 81.34920634920636
