ConfigName: kfr__advglobalrankweighted__M6__L8__eps0p01__g0p003__ds0p01__dm0p01
Problem: QUBO
Kernel: fr
Advantage: globalrankweighted
M: 6
lambda: 8
epsilon_svgd: 0.01
gamma: 0.003
decay_start_ratio: 0.01
decay_min_factor: 0.01
bandwith_kernel: None
no_interact: False
avg_score: -139.66000366210938
median_score: -143.0
std_score: 12.485367774963379
percentiles: 2%=-160.0, 5%=-159.0500030517578, 10%=-157.10000610351562, 25%=-147.0, 50%=-143.0, 75%=-130.0, 90%=-124.80000305175781, 95%=-119.0, 98%=-110.91998291015625
ranking_best_algo: DiscreteDE
ranking_best_score: 143.4
ranking_my_rank: 83/504 (83.7%)
ranking_my_percent: 83.73015873015873
