ConfigName: kjsd__advperagentrankweighted__M5__L10__eps0p01__g0p0007__ds0p4__dm0p2
Problem: QUBO
Kernel: jsd
Advantage: peragentrankweighted
M: 5
lambda: 10
epsilon_svgd: 0.01
gamma: 0.0007
decay_start_ratio: 0.4
decay_min_factor: 0.2
bandwith_kernel: None
no_interact: False
avg_score: -2584.199951171875
median_score: -2586.5
std_score: 121.01421356201172
percentiles: 2%=-2817.719970703125, 5%=-2773.050048828125, 10%=-2737.39990234375, 25%=-2671.75, 50%=-2586.5, 75%=-2498.75, 90%=-2417.5, 95%=-2378.89990234375, 98%=-2347.919921875
ranking_best_algo: SVM1MetaModelLogNormal
ranking_best_score: 2605.14
ranking_my_rank: 13/504 (97.6%)
ranking_my_percent: 97.61904761904762
