ConfigName: krbf__advnormalizedfitness__M3__L10__eps0p015__g0p015__ds0p3__dm0p01
Problem: QUBO
Kernel: rbf
Advantage: normalizedfitness
M: 3
lambda: 10
epsilon_svgd: 0.015
gamma: 0.015
decay_start_ratio: 0.3
decay_min_factor: 0.01
bandwith_kernel: None
no_interact: False
avg_score: -1087.280029296875
median_score: -1090.0
std_score: 80.76869201660156
percentiles: 2%=-1259.219970703125, 5%=-1214.1500244140625, 10%=-1185.0, 25%=-1133.0, 50%=-1090.0, 75%=-1027.25, 90%=-987.0, 95%=-963.9500122070312, 98%=-933.7399291992188
ranking_best_algo: Tabu
ranking_best_score: 1216.16
ranking_my_rank: 215/504 (57.5%)
ranking_my_percent: 57.53968253968254
