ConfigName: kjsd__advperagentrankweighted__M5__L28__eps0p005__g0p0005__ds0p05__dm0p05
Problem: NK
Kernel: jsd
Advantage: peragentrankweighted
M: 5
lambda: 28
epsilon_svgd: 0.005
gamma: 0.0005
decay_start_ratio: 0.05
decay_min_factor: 0.05
bandwith_kernel: None
no_interact: False
avg_score: 0.7353097796440125
median_score: 0.7341693043708801
std_score: 0.012847298756241798
percentiles: 2%=0.7124515771865845, 5%=0.7147665023803711, 10%=0.718500554561615, 25%=0.7277657985687256, 50%=0.7341693043708801, 75%=0.7429176568984985, 90%=0.7532992362976074, 95%=0.755068838596344, 98%=0.7611830234527588
ranking_best_algo: PBIL
ranking_best_score: 0.733570253046875
ranking_my_rank: 1/504 (100.0%)
ranking_my_percent: 100.0
