ConfigName: kjsd__advperagentrankweighted__M3__L20__eps0p007__g0p003__ds0p2__dm0p05
Problem: QUBO
Kernel: jsd
Advantage: peragentrankweighted
M: 3
lambda: 20
epsilon_svgd: 0.007
gamma: 0.003
decay_start_ratio: 0.2
decay_min_factor: 0.05
bandwith_kernel: None
no_interact: False
avg_score: -3016.820068359375
median_score: -3010.0
std_score: 165.62852478027344
percentiles: 2%=-3368.239990234375, 5%=-3278.64990234375, 10%=-3248.39990234375, 25%=-3131.5, 50%=-3010.0, 75%=-2882.25, 90%=-2806.0, 95%=-2769.5, 98%=-2743.02001953125
ranking_best_algo: RLSOnePlusOne
ranking_best_score: 3316.5199999999995
ranking_my_rank: 129/504 (74.6%)
ranking_my_percent: 74.60317460317461
