ConfigName: krbf__advnormalizedfitness__M4__L10__eps0p025__g0p007__ds0p3__dm0p3
Problem: NK
Kernel: rbf
Advantage: normalizedfitness
M: 4
lambda: 10
epsilon_svgd: 0.025
gamma: 0.007
decay_start_ratio: 0.3
decay_min_factor: 0.3
bandwith_kernel: None
no_interact: False
avg_score: 0.7424744367599487
median_score: 0.7435343265533447
std_score: 0.01622798480093479
percentiles: 2%=0.7116979360580444, 5%=0.7170459628105164, 10%=0.7199050784111023, 25%=0.730976939201355, 50%=0.7435343265533447, 75%=0.7535161972045898, 90%=0.7634723782539368, 95%=0.7652053236961365, 98%=0.7719685435295105
ranking_best_algo: Tabu
ranking_best_score: 0.7470791764843752
ranking_my_rank: 5/504 (99.2%)
ranking_my_percent: 99.2063492063492
