ConfigName: kjsd__advperagentrankweighted__M4__L8__eps0p005__g0p0003__ds0p4__dm0p05
Problem: NK
Kernel: jsd
Advantage: peragentrankweighted
M: 4
lambda: 8
epsilon_svgd: 0.005
gamma: 0.0003
decay_start_ratio: 0.4
decay_min_factor: 0.05
bandwith_kernel: None
no_interact: False
avg_score: 0.7270512580871582
median_score: 0.7277035713195801
std_score: 0.008693437092006207
percentiles: 2%=0.7115058898925781, 5%=0.7131012678146362, 10%=0.7150868773460388, 25%=0.7214760780334473, 50%=0.7277035713195801, 75%=0.7335876226425171, 90%=0.7380339503288269, 95%=0.7398622035980225, 98%=0.7454760670661926
ranking_best_algo: Tabu
ranking_best_score: 0.7429702712499999
ranking_my_rank: 2/504 (99.8%)
ranking_my_percent: 99.8015873015873
