ConfigName: kjsd__advperagentrankweighted__M4__L20__eps0p007__g0p0005__ds0p1__dm0p05
Problem: QUBO
Kernel: jsd
Advantage: peragentrankweighted
M: 4
lambda: 20
epsilon_svgd: 0.007
gamma: 0.0005
decay_start_ratio: 0.1
decay_min_factor: 0.05
bandwith_kernel: None
no_interact: False
avg_score: -1249.280029296875
median_score: -1244.0
std_score: 64.5555648803711
percentiles: 2%=-1380.1800537109375, 5%=-1373.1500244140625, 10%=-1341.5999755859375, 25%=-1289.5, 50%=-1244.0, 75%=-1205.0, 90%=-1172.199951171875, 95%=-1143.949951171875, 98%=-1140.93994140625
ranking_best_algo: SVMMetaModelLogNormal
ranking_best_score: 1233.7999999999997
ranking_my_rank: 1/504 (100.0%)
ranking_my_percent: 100.0
