ConfigName: kjsd__advperagentrankweighted__M3__L20__eps0p005__g0p001__ds0p05__dm0p05
Problem: NK
Kernel: jsd
Advantage: peragentrankweighted
M: 3
lambda: 20
epsilon_svgd: 0.005
gamma: 0.001
decay_start_ratio: 0.05
decay_min_factor: 0.05
bandwith_kernel: None
no_interact: False
avg_score: 0.7434581518173218
median_score: 0.7423104643821716
std_score: 0.030175600200891495
percentiles: 2%=0.6947385668754578, 5%=0.706911563873291, 10%=0.7085839509963989, 25%=0.7182430028915405, 50%=0.7423104643821716, 75%=0.7587783336639404, 90%=0.7783373594284058, 95%=0.8109943270683289, 98%=0.8118547797203064
ranking_best_algo: CMApara
ranking_best_score: 0.7459277895312499
ranking_my_rank: 12/504 (97.8%)
ranking_my_percent: 97.81746031746032
