ConfigName: kjsd__advperagentrankweighted__M4__L24__eps0p01__g0p0005__ds1__dm1
Problem: QUBO
Kernel: jsd
Advantage: peragentrankweighted
M: 4
lambda: 24
epsilon_svgd: 0.01
gamma: 0.0005
decay_start_ratio: 1.0
decay_min_factor: 1.0
bandwith_kernel: None
no_interact: False
avg_score: -324.8800048828125
median_score: -327.0
std_score: 22.253664016723633
percentiles: 2%=-372.0, 5%=-354.1499938964844, 10%=-350.0, 25%=-340.0, 50%=-327.0, 75%=-307.75, 90%=-293.79998779296875, 95%=-287.8999938964844, 98%=-283.9200134277344
ranking_best_algo: CMApara
ranking_best_score: 344.22
ranking_my_rank: 122/504 (76.0%)
ranking_my_percent: 75.9920634920635
