ConfigName: kjsd__advperagentrankweighted__M3__L18__eps0p005__g0p0005__ds0p05__dm0p2
Problem: NK
Kernel: jsd
Advantage: peragentrankweighted
M: 3
lambda: 18
epsilon_svgd: 0.005
gamma: 0.0005
decay_start_ratio: 0.05
decay_min_factor: 0.2
bandwith_kernel: None
no_interact: False
avg_score: 0.7350860834121704
median_score: 0.7362179756164551
std_score: 0.008868573233485222
percentiles: 2%=0.7172989845275879, 5%=0.7207761406898499, 10%=0.7224767208099365, 25%=0.7270410656929016, 50%=0.7362179756164551, 75%=0.7426922917366028, 90%=0.7461533546447754, 95%=0.7475422620773315, 98%=0.7490332722663879
ranking_best_algo: PBIL
ranking_best_score: 0.7248786399609374
ranking_my_rank: 1/504 (100.0%)
ranking_my_percent: 100.0
