ConfigName: kjsd__advperagentrankweighted__M3__L16__eps0p01__g0p0007__ds0p2__dm0p1
Problem: NK
Kernel: jsd
Advantage: peragentrankweighted
M: 3
lambda: 16
epsilon_svgd: 0.01
gamma: 0.0007
decay_start_ratio: 0.2
decay_min_factor: 0.1
bandwith_kernel: None
no_interact: False
avg_score: 0.7311574816703796
median_score: 0.7314323782920837
std_score: 0.00917848665267229
percentiles: 2%=0.714262843132019, 5%=0.7157562375068665, 10%=0.7187723517417908, 25%=0.7246761322021484, 50%=0.7314323782920837, 75%=0.736589252948761, 90%=0.742070198059082, 95%=0.7476657629013062, 98%=0.750754177570343
ranking_best_algo: Tabu
ranking_best_score: 0.7429702712499999
ranking_my_rank: 2/504 (99.8%)
ranking_my_percent: 99.8015873015873
