ConfigName: krbf__advnormalizedfitness__M1__L8__eps0p015__g0p005__ds0p01__dm0p3
Problem: NK
Kernel: rbf
Advantage: normalizedfitness
M: 1
lambda: 8
epsilon_svgd: 0.015
gamma: 0.005
decay_start_ratio: 0.01
decay_min_factor: 0.3
bandwith_kernel: None
no_interact: False
avg_score: 0.7048289775848389
median_score: 0.7066753506660461
std_score: 0.0158722922205925
percentiles: 2%=0.665181040763855, 5%=0.6672236919403076, 10%=0.688572883605957, 25%=0.6990196108818054, 50%=0.7066753506660461, 75%=0.7133536338806152, 90%=0.7226089835166931, 95%=0.7288795709609985, 98%=0.7316041588783264
ranking_best_algo: CMApara
ranking_best_score: 0.707475975
ranking_my_rank: 9/504 (98.4%)
ranking_my_percent: 98.41269841269842
