ConfigName: kjsd__advperagentrankweighted__M3__L20__eps0p007__g0p0007__ds0p05__dm0p05
Problem: QUBO
Kernel: jsd
Advantage: peragentrankweighted
M: 3
lambda: 20
epsilon_svgd: 0.007
gamma: 0.0007
decay_start_ratio: 0.05
decay_min_factor: 0.05
bandwith_kernel: None
no_interact: False
avg_score: -328.239990234375
median_score: -334.0
std_score: 22.762741088867188
percentiles: 2%=-372.0, 5%=-361.0, 10%=-350.29998779296875, 25%=-343.0, 50%=-334.0, 75%=-314.0, 90%=-293.79998779296875, 95%=-286.95001220703125, 98%=-278.9800109863281
ranking_best_algo: CMApara
ranking_best_score: 344.22
ranking_my_rank: 84/504 (83.5%)
ranking_my_percent: 83.53174603174604
