ConfigName: kjsd__advperagentrankweighted__M2__L20__eps0p005__g0p0005__ds0p1__dm0p1
Problem: QUBO
Kernel: jsd
Advantage: peragentrankweighted
M: 2
lambda: 20
epsilon_svgd: 0.005
gamma: 0.0005
decay_start_ratio: 0.1
decay_min_factor: 0.1
bandwith_kernel: None
no_interact: False
avg_score: -144.4600067138672
median_score: -145.0
std_score: 14.019572257995605
percentiles: 2%=-179.0, 5%=-179.0, 10%=-158.0, 25%=-154.0, 50%=-145.0, 75%=-136.0, 90%=-129.0, 95%=-121.9000015258789, 98%=-114.9800033569336
ranking_best_algo: CMApara
ranking_best_score: 154.28
ranking_my_rank: 181/504 (64.3%)
ranking_my_percent: 64.28571428571429
