ConfigName: krbf__advnormalizedfitness__M2__L8__eps0p025__g0p01__ds0p01__dm0p01
Problem: QUBO
Kernel: rbf
Advantage: normalizedfitness
M: 2
lambda: 8
epsilon_svgd: 0.025
gamma: 0.01
decay_start_ratio: 0.01
decay_min_factor: 0.01
bandwith_kernel: None
no_interact: False
avg_score: -1619.52001953125
median_score: -1619.5
std_score: 52.009132385253906
percentiles: 2%=-1721.06005859375, 5%=-1699.6500244140625, 10%=-1686.0, 25%=-1659.5, 50%=-1619.5, 75%=-1577.0, 90%=-1548.5999755859375, 95%=-1540.4000244140625, 98%=-1525.0
ranking_best_algo: NLOPT_LN_PRAXIS
ranking_best_score: 1607.12
ranking_my_rank: 1/504 (100.0%)
ranking_my_percent: 100.0
