ConfigName: krbf__advnormalizedfitness__M4__L8__eps0p033__g0p01__ds0p3__dm0p01
Problem: NK
Kernel: rbf
Advantage: normalizedfitness
M: 4
lambda: 8
epsilon_svgd: 0.033
gamma: 0.01
decay_start_ratio: 0.3
decay_min_factor: 0.01
bandwith_kernel: None
no_interact: False
avg_score: 0.7310752272605896
median_score: 0.7289645671844482
std_score: 0.014242281205952168
percentiles: 2%=0.7043645977973938, 5%=0.7086368799209595, 10%=0.7148772478103638, 25%=0.722870409488678, 50%=0.7289645671844482, 75%=0.7401059865951538, 90%=0.7498604655265808, 95%=0.7562276124954224, 98%=0.7655693888664246
ranking_best_algo: PBIL
ranking_best_score: 0.733570253046875
ranking_my_rank: 2/504 (99.8%)
ranking_my_percent: 99.8015873015873
