ConfigName: krbf__advnormalizedfitness__M1__L10__eps0p015__g0p015__ds0p15__dm0p01
Problem: QUBO
Kernel: rbf
Advantage: normalizedfitness
M: 1
lambda: 10
epsilon_svgd: 0.015
gamma: 0.015
decay_start_ratio: 0.15
decay_min_factor: 0.01
bandwith_kernel: None
no_interact: False
avg_score: -321.67999267578125
median_score: -326.0
std_score: 25.12006378173828
percentiles: 2%=-372.0, 5%=-354.1499938964844, 10%=-350.0, 25%=-340.0, 50%=-326.0, 75%=-301.5, 90%=-285.8999938964844, 95%=-277.9000244140625, 98%=-267.9599914550781
ranking_best_algo: CMApara
ranking_best_score: 344.22
ranking_my_rank: 154/504 (69.6%)
ranking_my_percent: 69.64285714285714
