ConfigName: krbf__advnormalizedfitness__M3__L10__eps0p025__g0p007__ds0p15__dm0p3
Problem: NK
Kernel: rbf
Advantage: normalizedfitness
M: 3
lambda: 10
epsilon_svgd: 0.025
gamma: 0.007
decay_start_ratio: 0.15
decay_min_factor: 0.3
bandwith_kernel: None
no_interact: False
avg_score: 0.7070770263671875
median_score: 0.7082723379135132
std_score: 0.011545764282345772
percentiles: 2%=0.6880874633789062, 5%=0.6893488168716431, 10%=0.6927851438522339, 25%=0.6959997415542603, 50%=0.7082723379135132, 75%=0.7172771096229553, 90%=0.7213332653045654, 95%=0.7225614786148071, 98%=0.7238426208496094
ranking_best_algo: PBIL
ranking_best_score: 0.7013553837109374
ranking_my_rank: 1/504 (100.0%)
ranking_my_percent: 100.0
