ConfigName: krbf__advnormalizedfitness__M5__L15__eps0p025__g0p005__ds0p05__dm0p05
Problem: QUBO
Kernel: rbf
Advantage: normalizedfitness
M: 5
lambda: 15
epsilon_svgd: 0.025
gamma: 0.005
decay_start_ratio: 0.05
decay_min_factor: 0.05
bandwith_kernel: None
no_interact: False
avg_score: -333.5199890136719
median_score: -334.0
std_score: 19.593101501464844
percentiles: 2%=-372.0, 5%=-368.20001220703125, 10%=-355.20001220703125, 25%=-344.5, 50%=-334.0, 75%=-324.0, 90%=-308.0, 95%=-303.75, 98%=-289.79998779296875
ranking_best_algo: CMApara
ranking_best_score: 344.22
ranking_my_rank: 64/504 (87.5%)
ranking_my_percent: 87.5
