ConfigName: krbf__advnormalizedfitness__M1__L8__eps0p015__g0p007__ds0p3__dm0p3
Problem: QUBO
Kernel: rbf
Advantage: normalizedfitness
M: 1
lambda: 8
epsilon_svgd: 0.015
gamma: 0.007
decay_start_ratio: 0.3
decay_min_factor: 0.3
bandwith_kernel: None
no_interact: False
avg_score: -142.6199951171875
median_score: -142.0
std_score: 14.52362060546875
percentiles: 2%=-179.0, 5%=-179.0, 10%=-157.10000610351562, 25%=-151.0, 50%=-142.0, 75%=-135.0, 90%=-124.80000305175781, 95%=-117.0, 98%=-114.0
ranking_best_algo: CMApara
ranking_best_score: 154.28
ranking_my_rank: 227/504 (55.2%)
ranking_my_percent: 55.15873015873016
