ConfigName: kjsd__advperagentrankweighted__M4__L8__eps0p005__g0p0007__ds0p05__dm0p05
Problem: NK
Kernel: jsd
Advantage: peragentrankweighted
M: 4
lambda: 8
epsilon_svgd: 0.005
gamma: 0.0007
decay_start_ratio: 0.05
decay_min_factor: 0.05
bandwith_kernel: None
no_interact: False
avg_score: 0.716256320476532
median_score: 0.7155537009239197
std_score: 0.007674817927181721
percentiles: 2%=0.702198326587677, 5%=0.7042495608329773, 10%=0.7069228887557983, 25%=0.7104041576385498, 50%=0.7155537009239197, 75%=0.7218886017799377, 90%=0.7262265086174011, 95%=0.7288327813148499, 98%=0.7314995527267456
ranking_best_algo: PBIL
ranking_best_score: 0.7170882103515624
ranking_my_rank: 9/504 (98.4%)
ranking_my_percent: 98.41269841269842
