ConfigName: kjsd__advperagentrankweighted__M3__L20__eps0p005__g0p001__ds0p2__dm0p2
Problem: NK
Kernel: jsd
Advantage: peragentrankweighted
M: 3
lambda: 20
epsilon_svgd: 0.005
gamma: 0.001
decay_start_ratio: 0.2
decay_min_factor: 0.2
bandwith_kernel: None
no_interact: False
avg_score: 0.7070826888084412
median_score: 0.7097481489181519
std_score: 0.011678186245262623
percentiles: 2%=0.6870253086090088, 5%=0.6889165639877319, 10%=0.6926870346069336, 25%=0.6964877843856812, 50%=0.7097481489181519, 75%=0.7175791263580322, 90%=0.7202904224395752, 95%=0.7228394150733948, 98%=0.7232822775840759
ranking_best_algo: PBIL
ranking_best_score: 0.7013553837109374
ranking_my_rank: 1/504 (100.0%)
ranking_my_percent: 100.0
