ConfigName: kjsd__advperagentrankweighted__M3__L18__eps0p01__g0p003__ds0p05__dm0p2
Problem: NK
Kernel: jsd
Advantage: peragentrankweighted
M: 3
lambda: 18
epsilon_svgd: 0.01
gamma: 0.003
decay_start_ratio: 0.05
decay_min_factor: 0.2
bandwith_kernel: None
no_interact: False
avg_score: 0.7530144453048706
median_score: 0.7527858018875122
std_score: 0.01358506828546524
percentiles: 2%=0.7233352661132812, 5%=0.7295399308204651, 10%=0.7354453206062317, 25%=0.7452795505523682, 50%=0.7527858018875122, 75%=0.7644127607345581, 90%=0.7706239819526672, 95%=0.7719720602035522, 98%=0.7758477926254272
ranking_best_algo: Tabu
ranking_best_score: 0.7657846284375001
ranking_my_rank: 9/504 (98.4%)
ranking_my_percent: 98.41269841269842
