ConfigName: krbf__advnormalizedfitness__M4__L12__eps0p015__g0p005__ds0p15__dm0p01
Problem: QUBO
Kernel: rbf
Advantage: normalizedfitness
M: 4
lambda: 12
epsilon_svgd: 0.015
gamma: 0.005
decay_start_ratio: 0.15
decay_min_factor: 0.01
bandwith_kernel: None
no_interact: False
avg_score: -2877.179931640625
median_score: -2879.0
std_score: 231.59959411621094
percentiles: 2%=-3392.199951171875, 5%=-3271.0, 10%=-3184.60009765625, 25%=-3011.5, 50%=-2879.0, 75%=-2703.75, 90%=-2594.89990234375, 95%=-2555.75, 98%=-2417.299560546875
ranking_best_algo: RLSOnePlusOne
ranking_best_score: 3316.5199999999995
ranking_my_rank: 142/504 (72.0%)
ranking_my_percent: 72.02380952380952
