ConfigName: krbf__advnormalizedfitness__M4__L10__eps0p025__g0p007__ds0p15__dm0p3
Problem: QUBO
Kernel: rbf
Advantage: normalizedfitness
M: 4
lambda: 10
epsilon_svgd: 0.025
gamma: 0.007
decay_start_ratio: 0.15
decay_min_factor: 0.3
bandwith_kernel: None
no_interact: False
avg_score: -2174.8798828125
median_score: -2175.5
std_score: 168.6133575439453
percentiles: 2%=-2543.179931640625, 5%=-2487.25, 10%=-2393.60009765625, 25%=-2282.5, 50%=-2175.5, 75%=-2037.5, 90%=-1955.699951171875, 95%=-1934.000244140625, 98%=-1864.8199462890625
ranking_best_algo: SVM1MetaModelLogNormal
ranking_best_score: 2605.14
ranking_my_rank: 195/504 (61.5%)
ranking_my_percent: 61.507936507936506
