ConfigName: krbf__advnormalizedfitness__M4__L8__eps0p03__g0p005__ds0p05__dm0p05
Problem: NK
Kernel: rbf
Advantage: normalizedfitness
M: 4
lambda: 8
epsilon_svgd: 0.03
gamma: 0.005
decay_start_ratio: 0.05
decay_min_factor: 0.05
bandwith_kernel: None
no_interact: False
avg_score: 0.7400721907615662
median_score: 0.740064799785614
std_score: 0.01244982611387968
percentiles: 2%=0.7127864360809326, 5%=0.7199132442474365, 10%=0.7251044511795044, 25%=0.7310565114021301, 50%=0.740064799785614, 75%=0.7479615211486816, 90%=0.7557969093322754, 95%=0.7612016201019287, 98%=0.765746533870697
ranking_best_algo: Tabu
ranking_best_score: 0.7601875690625
ranking_my_rank: 15/504 (97.2%)
ranking_my_percent: 97.22222222222223
