ConfigName: krbf__advnormalizedfitness__M4__L15__eps0p015__g0p007__ds0p01__dm0p3
Problem: QUBO
Kernel: rbf
Advantage: normalizedfitness
M: 4
lambda: 15
epsilon_svgd: 0.015
gamma: 0.007
decay_start_ratio: 0.01
decay_min_factor: 0.3
bandwith_kernel: None
no_interact: False
avg_score: -283.5
median_score: -280.0
std_score: 43.47585678100586
percentiles: 2%=-386.0400085449219, 5%=-366.5, 10%=-343.0, 25%=-308.5, 50%=-280.0, 75%=-249.0, 90%=-230.89999389648438, 95%=-227.90000915527344, 98%=-220.95999145507812
ranking_best_algo: CMApara
ranking_best_score: 319.29999999999995
ranking_my_rank: 317/504 (37.3%)
ranking_my_percent: 37.301587301587304
