ConfigName: kjsd__advperagentrankweighted__M4__L20__eps0p007__g0p0005__ds0p2__dm0p1
Problem: NK
Kernel: jsd
Advantage: peragentrankweighted
M: 4
lambda: 20
epsilon_svgd: 0.007
gamma: 0.0005
decay_start_ratio: 0.2
decay_min_factor: 0.1
bandwith_kernel: None
no_interact: False
avg_score: 0.7568397521972656
median_score: 0.7575192451477051
std_score: 0.01234480645507574
percentiles: 2%=0.7335777282714844, 5%=0.7344136238098145, 10%=0.7407350540161133, 25%=0.7481482625007629, 50%=0.7575192451477051, 75%=0.7668649554252625, 90%=0.7710912227630615, 95%=0.7741844058036804, 98%=0.7867928743362427
ranking_best_algo: Tabu
ranking_best_score: 0.7470791764843752
ranking_my_rank: 1/504 (100.0%)
ranking_my_percent: 100.0
