ConfigName: kjsd__advperagentrankweighted__M3__L16__eps0p005__g0p0007__ds0p1__dm0p1
Problem: QUBO
Kernel: jsd
Advantage: peragentrankweighted
M: 3
lambda: 16
epsilon_svgd: 0.005
gamma: 0.0007
decay_start_ratio: 0.1
decay_min_factor: 0.1
bandwith_kernel: None
no_interact: False
avg_score: -413.8999938964844
median_score: -415.0
std_score: 26.000577926635742
percentiles: 2%=-461.0799865722656, 5%=-455.1000061035156, 10%=-451.1000061035156, 25%=-429.5, 50%=-415.0, 75%=-397.5, 90%=-379.6000061035156, 95%=-372.75, 98%=-359.9599914550781
ranking_best_algo: Tabu
ranking_best_score: 438.12
ranking_my_rank: 57/504 (88.9%)
ranking_my_percent: 88.88888888888889
