ConfigName: krbf__advnormalizedfitness__M5__L10__eps0p03__g0p01__ds0p05__dm0p05
Problem: QUBO
Kernel: rbf
Advantage: normalizedfitness
M: 5
lambda: 10
epsilon_svgd: 0.03
gamma: 0.01
decay_start_ratio: 0.05
decay_min_factor: 0.05
bandwith_kernel: None
no_interact: False
avg_score: -1111.06005859375
median_score: -1109.5
std_score: 76.61289978027344
percentiles: 2%=-1255.1600341796875, 5%=-1245.0999755859375, 10%=-1216.300048828125, 25%=-1157.0, 50%=-1109.5, 75%=-1058.0, 90%=-1008.9000244140625, 95%=-971.6500244140625, 98%=-957.97998046875
ranking_best_algo: Tabu
ranking_best_score: 1216.16
ranking_my_rank: 174/504 (65.7%)
ranking_my_percent: 65.67460317460318
