ConfigName: krbf__advnormalizedfitness__M1__L8__eps0p025__g0p005__ds0p3__dm0p01
Problem: QUBO
Kernel: rbf
Advantage: normalizedfitness
M: 1
lambda: 8
epsilon_svgd: 0.025
gamma: 0.005
decay_start_ratio: 0.3
decay_min_factor: 0.01
bandwith_kernel: None
no_interact: False
avg_score: -1565.9599609375
median_score: -1577.0
std_score: 68.07538604736328
percentiles: 2%=-1746.1199951171875, 5%=-1662.5499267578125, 10%=-1631.199951171875, 25%=-1608.5, 50%=-1577.0, 75%=-1520.75, 90%=-1476.199951171875, 95%=-1458.8499755859375, 98%=-1444.7999267578125
ranking_best_algo: NLOPT_LN_PRAXIS
ranking_best_score: 1607.12
ranking_my_rank: 49/504 (90.5%)
ranking_my_percent: 90.47619047619048
