ConfigName: krbf__advnormalizedfitness__M5__L8__eps0p03__g0p005__ds0p05__dm0p05
Problem: NK
Kernel: rbf
Advantage: normalizedfitness
M: 5
lambda: 8
epsilon_svgd: 0.03
gamma: 0.005
decay_start_ratio: 0.05
decay_min_factor: 0.05
bandwith_kernel: None
no_interact: False
avg_score: 0.7439471483230591
median_score: 0.7423104643821716
std_score: 0.028573399409651756
percentiles: 2%=0.6924203634262085, 5%=0.705315351486206, 10%=0.7097874879837036, 25%=0.719355583190918, 50%=0.7423104643821716, 75%=0.7580187320709229, 90%=0.778092622756958, 95%=0.8044298887252808, 98%=0.8104747533798218
ranking_best_algo: CMApara
ranking_best_score: 0.7459277895312499
ranking_my_rank: 6/504 (99.0%)
ranking_my_percent: 99.0079365079365
