ConfigName: kjsd__advperagentrankweighted__M3__L16__eps0p01__g0p0007__ds0p2__dm0p1
Problem: QUBO
Kernel: jsd
Advantage: peragentrankweighted
M: 3
lambda: 16
epsilon_svgd: 0.01
gamma: 0.0007
decay_start_ratio: 0.2
decay_min_factor: 0.1
bandwith_kernel: None
no_interact: False
avg_score: -1298.800048828125
median_score: -1295.0
std_score: 58.75117111206055
percentiles: 2%=-1439.239990234375, 5%=-1395.199951171875, 10%=-1367.199951171875, 25%=-1335.75, 50%=-1295.0, 75%=-1265.0, 90%=-1220.0, 95%=-1200.4000244140625, 98%=-1186.800048828125
ranking_best_algo: BigLognormalDiscreteOnePlusOne
ranking_best_score: 1301.3600000000004
ranking_my_rank: 2/504 (99.8%)
ranking_my_percent: 99.8015873015873
