ConfigName: krbf__advnormalizedfitness__M2__L10__eps0p025__g0p015__ds0p3__dm0p3
Problem: QUBO
Kernel: rbf
Advantage: normalizedfitness
M: 2
lambda: 10
epsilon_svgd: 0.025
gamma: 0.015
decay_start_ratio: 0.3
decay_min_factor: 0.3
bandwith_kernel: None
no_interact: False
avg_score: -438.9200134277344
median_score: -440.0
std_score: 28.636226654052734
percentiles: 2%=-489.0, 5%=-488.04998779296875, 10%=-473.6000061035156, 25%=-461.0, 50%=-440.0, 75%=-415.0, 90%=-402.79998779296875, 95%=-394.0, 98%=-381.8399963378906
ranking_best_algo: CMApara
ranking_best_score: 453.82
ranking_my_rank: 19/504 (96.4%)
ranking_my_percent: 96.42857142857143
