ConfigName: kfr__advglobalrankweighted__M5__L11__eps0p01__g0p007__ds0p01__dm0p01
Problem: QUBO
Kernel: fr
Advantage: globalrankweighted
M: 5
lambda: 11
epsilon_svgd: 0.01
gamma: 0.007
decay_start_ratio: 0.01
decay_min_factor: 0.01
bandwith_kernel: None
no_interact: False
avg_score: -303.0400085449219
median_score: -301.0
std_score: 39.39490509033203
percentiles: 2%=-390.0799865722656, 5%=-386.1000061035156, 10%=-352.3999938964844, 25%=-324.0, 50%=-301.0, 75%=-270.75, 90%=-259.8999938964844, 95%=-250.95001220703125, 98%=-242.97999572753906
ranking_best_algo: CMApara
ranking_best_score: 319.29999999999995
ranking_my_rank: 212/504 (58.1%)
ranking_my_percent: 58.13492063492063
