ConfigName: kjsd__advperagentrankweighted__M3__L24__eps0p007__g0p001__ds0p1__dm0p05
Problem: NK
Kernel: jsd
Advantage: peragentrankweighted
M: 3
lambda: 24
epsilon_svgd: 0.007
gamma: 0.001
decay_start_ratio: 0.1
decay_min_factor: 0.05
bandwith_kernel: None
no_interact: False
avg_score: 0.7104242444038391
median_score: 0.7114287614822388
std_score: 0.015102705918252468
percentiles: 2%=0.6721289157867432, 5%=0.6728304624557495, 10%=0.6942395567893982, 25%=0.7076974511146545, 50%=0.7114287614822388, 75%=0.7193074822425842, 90%=0.7254353761672974, 95%=0.7320660352706909, 98%=0.7333154082298279
ranking_best_algo: CMApara
ranking_best_score: 0.707475975
ranking_my_rank: 1/504 (100.0%)
ranking_my_percent: 100.0
