ConfigName: kfr__advglobalrankweighted__M4__L24__eps0p015__g0p005__ds0p01__dm0p01
Problem: QUBO
Kernel: fr
Advantage: globalrankweighted
M: 4
lambda: 24
epsilon_svgd: 0.015
gamma: 0.005
decay_start_ratio: 0.01
decay_min_factor: 0.01
bandwith_kernel: None
no_interact: False
avg_score: -200.60000610351562
median_score: -201.0
std_score: 12.173742294311523
percentiles: 2%=-224.0, 5%=-222.0, 10%=-217.10000610351562, 25%=-209.0, 50%=-201.0, 75%=-191.75, 90%=-183.89999389648438, 95%=-182.0, 98%=-179.0
ranking_best_algo: Tabu
ranking_best_score: 208.36000000000004
ranking_my_rank: 46/504 (91.1%)
ranking_my_percent: 91.07142857142857
