ConfigName: kfr__advglobalrankweighted__M2__L11__eps0p02__g0p003__ds0p01__dm0p01
Problem: QUBO
Kernel: fr
Advantage: globalrankweighted
M: 2
lambda: 11
epsilon_svgd: 0.02
gamma: 0.003
decay_start_ratio: 0.01
decay_min_factor: 0.01
bandwith_kernel: None
no_interact: False
avg_score: -144.1199951171875
median_score: -145.0
std_score: 12.323376655578613
percentiles: 2%=-179.0, 5%=-160.1999969482422, 10%=-156.10000610351562, 25%=-152.25, 50%=-145.0, 75%=-137.0, 90%=-128.89999389648438, 95%=-124.90000915527344, 98%=-121.89997863769531
ranking_best_algo: CMApara
ranking_best_score: 154.28
ranking_my_rank: 188/504 (62.9%)
ranking_my_percent: 62.8968253968254
