ConfigName: kfr__advglobalrankweighted__M4__L13__eps0p06__g0p007__ds0p01__dm0p01
Problem: QUBO
Kernel: fr
Advantage: globalrankweighted
M: 4
lambda: 13
epsilon_svgd: 0.06
gamma: 0.007
decay_start_ratio: 0.01
decay_min_factor: 0.01
bandwith_kernel: None
no_interact: False
avg_score: -435.7799987792969
median_score: -435.5
std_score: 28.04909324645996
percentiles: 2%=-485.0400085449219, 5%=-479.0, 10%=-472.0, 25%=-459.25, 50%=-435.5, 75%=-415.5, 90%=-399.79998779296875, 95%=-389.79998779296875, 98%=-376.9599914550781
ranking_best_algo: CMApara
ranking_best_score: 453.82
ranking_my_rank: 30/504 (94.2%)
ranking_my_percent: 94.24603174603175
