ConfigName: kjsd__advperagentrankweighted__M3__L16__eps0p01__g0p0005__ds0p05__dm0p05
Problem: NK
Kernel: jsd
Advantage: peragentrankweighted
M: 3
lambda: 16
epsilon_svgd: 0.01
gamma: 0.0005
decay_start_ratio: 0.05
decay_min_factor: 0.05
bandwith_kernel: None
no_interact: False
avg_score: 0.7190595269203186
median_score: 0.7194469571113586
std_score: 0.006834255997091532
percentiles: 2%=0.7060925960540771, 5%=0.7077114582061768, 10%=0.7086079716682434, 25%=0.714711606502533, 50%=0.7194469571113586, 75%=0.7236420512199402, 90%=0.72760409116745, 95%=0.7313007712364197, 98%=0.7315720319747925
ranking_best_algo: PBIL
ranking_best_score: 0.7170882103515624
ranking_my_rank: 1/504 (100.0%)
ranking_my_percent: 100.0
