ConfigName: krbf__advnormalizedfitness__M1__L8__eps0p015__g0p015__ds0p15__dm0p01
Problem: QUBO
Kernel: rbf
Advantage: normalizedfitness
M: 1
lambda: 8
epsilon_svgd: 0.015
gamma: 0.015
decay_start_ratio: 0.15
decay_min_factor: 0.01
bandwith_kernel: None
no_interact: False
avg_score: -569.1400146484375
median_score: -570.5
std_score: 31.761932373046875
percentiles: 2%=-623.280029296875, 5%=-615.1500244140625, 10%=-612.0, 25%=-589.0, 50%=-570.5, 75%=-549.75, 90%=-523.0, 95%=-514.9000244140625, 98%=-510.94000244140625
ranking_best_algo: Tabu
ranking_best_score: 588.7199999999999
ranking_my_rank: 76/503 (85.1%)
ranking_my_percent: 85.08946322067594
