ConfigName: kjsd__advperagentrankweighted__M3__L18__eps0p005__g0p0005__ds0p1__dm0p1
Problem: NK
Kernel: jsd
Advantage: peragentrankweighted
M: 3
lambda: 18
epsilon_svgd: 0.005
gamma: 0.0005
decay_start_ratio: 0.1
decay_min_factor: 0.1
bandwith_kernel: None
no_interact: False
avg_score: 0.7224252223968506
median_score: 0.7221652269363403
std_score: 0.008255797438323498
percentiles: 2%=0.7086002826690674, 5%=0.7096036076545715, 10%=0.710504412651062, 25%=0.7165818214416504, 50%=0.7221652269363403, 75%=0.7267865538597107, 90%=0.7347620129585266, 95%=0.7366952896118164, 98%=0.7403672933578491
ranking_best_algo: PBIL
ranking_best_score: 0.7170882103515624
ranking_my_rank: 1/504 (100.0%)
ranking_my_percent: 100.0
