ConfigName: krbf__advnormalizedfitness__M1__L8__eps0p025__g0p01__ds0p15__dm0p01
Problem: QUBO
Kernel: rbf
Advantage: normalizedfitness
M: 1
lambda: 8
epsilon_svgd: 0.025
gamma: 0.01
decay_start_ratio: 0.15
decay_min_factor: 0.01
bandwith_kernel: None
no_interact: False
avg_score: -424.1199951171875
median_score: -426.5
std_score: 31.8431396484375
percentiles: 2%=-489.0199890136719, 5%=-475.29998779296875, 10%=-466.0, 25%=-449.0, 50%=-426.5, 75%=-400.75, 90%=-382.0, 95%=-371.0, 98%=-367.89996337890625
ranking_best_algo: CMApara
ranking_best_score: 453.82
ranking_my_rank: 124/504 (75.6%)
ranking_my_percent: 75.5952380952381
