ConfigName: kjsd__advperagentrankweighted__M4__L10__eps0p008__g0p0005__ds0p05__dm0p05
Problem: QUBO
Kernel: jsd
Advantage: peragentrankweighted
M: 4
lambda: 10
epsilon_svgd: 0.008
gamma: 0.0005
decay_start_ratio: 0.05
decay_min_factor: 0.05
bandwith_kernel: None
no_interact: False
avg_score: -309.3399963378906
median_score: -311.0
std_score: 38.98672103881836
percentiles: 2%=-394.0799865722656, 5%=-388.20001220703125, 10%=-358.0, 25%=-334.5, 50%=-311.0, 75%=-275.0, 90%=-266.0, 95%=-264.0, 98%=-259.760009765625
ranking_best_algo: CMApara
ranking_best_score: 319.29999999999995
ranking_my_rank: 80/504 (84.3%)
ranking_my_percent: 84.32539682539682
