ConfigName: krbf__advnormalizedfitness__M3__L10__eps0p033__g0p005__ds0p3__dm0p3
Problem: NK
Kernel: rbf
Advantage: normalizedfitness
M: 3
lambda: 10
epsilon_svgd: 0.033
gamma: 0.005
decay_start_ratio: 0.3
decay_min_factor: 0.3
bandwith_kernel: None
no_interact: False
avg_score: 0.7104277014732361
median_score: 0.7087044715881348
std_score: 0.012818437069654465
percentiles: 2%=0.6876822710037231, 5%=0.6926410794258118, 10%=0.6940600275993347, 25%=0.7015352249145508, 50%=0.7087044715881348, 75%=0.7186381816864014, 90%=0.7291459441184998, 95%=0.7329552173614502, 98%=0.7366763353347778
ranking_best_algo: PBIL
ranking_best_score: 0.7170882103515624
ranking_my_rank: 48/504 (90.7%)
ranking_my_percent: 90.67460317460318
