ConfigName: krbf__advnormalizedfitness__M4__L8__eps0p015__g0p005__ds0p01__dm0p3
Problem: NK
Kernel: rbf
Advantage: normalizedfitness
M: 4
lambda: 8
epsilon_svgd: 0.015
gamma: 0.005
decay_start_ratio: 0.01
decay_min_factor: 0.3
bandwith_kernel: None
no_interact: False
avg_score: 0.7457495927810669
median_score: 0.742251992225647
std_score: 0.028620511293411255
percentiles: 2%=0.7055719494819641, 5%=0.7073596715927124, 10%=0.7119566798210144, 25%=0.7266998291015625, 50%=0.742251992225647, 75%=0.7585474252700806, 90%=0.778337299823761, 95%=0.8118547797203064, 98%=0.8118547797203064
ranking_best_algo: CMApara
ranking_best_score: 0.7459277895312499
ranking_my_rank: 2/504 (99.8%)
ranking_my_percent: 99.8015873015873
