ConfigName: kjsd__advperagentrankweighted__M6__L8__eps0p03__g0p0003__ds0p2__dm0p05
Problem: QUBO
Kernel: jsd
Advantage: peragentrankweighted
M: 6
lambda: 8
epsilon_svgd: 0.03
gamma: 0.0003
decay_start_ratio: 0.2
decay_min_factor: 0.05
bandwith_kernel: None
no_interact: False
avg_score: -884.6400146484375
median_score: -876.5
std_score: 61.412784576416016
percentiles: 2%=-1000.3599853515625, 5%=-990.2000122070312, 10%=-967.2000122070312, 25%=-928.0, 50%=-876.5, 75%=-842.0, 90%=-807.7000122070312, 95%=-791.9500122070312, 98%=-768.8800048828125
ranking_best_algo: CMAL3
ranking_best_score: 928.5800000000002
ranking_my_rank: 105/504 (79.4%)
ranking_my_percent: 79.36507936507937
