ConfigName: kjsd__advperagentrankweighted__M3__L16__eps0p005__g0p0007__ds0p05__dm0p2
Problem: NK
Kernel: jsd
Advantage: peragentrankweighted
M: 3
lambda: 16
epsilon_svgd: 0.005
gamma: 0.0007
decay_start_ratio: 0.05
decay_min_factor: 0.2
bandwith_kernel: None
no_interact: False
avg_score: 0.7100827097892761
median_score: 0.7113149166107178
std_score: 0.01583966240286827
percentiles: 2%=0.6706566214561462, 5%=0.6715647578239441, 10%=0.6942699551582336, 25%=0.7051514387130737, 50%=0.7113149166107178, 75%=0.7187972068786621, 90%=0.7253847122192383, 95%=0.7328333854675293, 98%=0.7342683672904968
ranking_best_algo: CMApara
ranking_best_score: 0.707475975
ranking_my_rank: 1/504 (100.0%)
ranking_my_percent: 100.0
