ConfigName: kjsd__advperagentrankweighted__M10__L10__eps0p008__g0p0005__ds0p3__dm0p05
Problem: NK
Kernel: jsd
Advantage: peragentrankweighted
M: 10
lambda: 10
epsilon_svgd: 0.008
gamma: 0.0005
decay_start_ratio: 0.3
decay_min_factor: 0.05
bandwith_kernel: None
no_interact: False
avg_score: 0.7558958530426025
median_score: 0.7561904191970825
std_score: 0.011435817927122116
percentiles: 2%=0.7325780987739563, 5%=0.7345840930938721, 10%=0.7392774224281311, 25%=0.7499697208404541, 50%=0.7561904191970825, 75%=0.7649005055427551, 90%=0.7703041434288025, 95%=0.7720193266868591, 98%=0.7762077450752258
ranking_best_algo: Tabu
ranking_best_score: 0.7657846284375001
ranking_my_rank: 4/504 (99.4%)
ranking_my_percent: 99.4047619047619
