ConfigName: kjsd__advperagentrankweighted__M3__L16__eps0p005__g0p0005__ds0p05__dm0p1
Problem: NK
Kernel: jsd
Advantage: peragentrankweighted
M: 3
lambda: 16
epsilon_svgd: 0.005
gamma: 0.0005
decay_start_ratio: 0.05
decay_min_factor: 0.1
bandwith_kernel: None
no_interact: False
avg_score: 0.7357394695281982
median_score: 0.737346351146698
std_score: 0.008929957635700703
percentiles: 2%=0.7146315574645996, 5%=0.7187854647636414, 10%=0.722215473651886, 25%=0.7309513092041016, 50%=0.737346351146698, 75%=0.7411216497421265, 90%=0.7460110187530518, 95%=0.7496551275253296, 98%=0.7502831816673279
ranking_best_algo: PBIL
ranking_best_score: 0.730509098125
ranking_my_rank: 1/504 (100.0%)
ranking_my_percent: 100.0
