ConfigName: kjsd__advperagentrankweighted__M6__L28__eps0p008__g0p0005__ds0p05__dm0p05
Problem: QUBO
Kernel: jsd
Advantage: peragentrankweighted
M: 6
lambda: 28
epsilon_svgd: 0.008
gamma: 0.0005
decay_start_ratio: 0.05
decay_min_factor: 0.05
bandwith_kernel: None
no_interact: False
avg_score: -2553.8798828125
median_score: -2541.0
std_score: 138.6834716796875
percentiles: 2%=-2813.4599609375, 5%=-2780.64990234375, 10%=-2751.199951171875, 25%=-2656.75, 50%=-2541.0, 75%=-2464.0, 90%=-2365.300048828125, 95%=-2311.699951171875, 98%=-2289.639892578125
ranking_best_algo: DiscreteLengler2OnePlusOne
ranking_best_score: 2617.04
ranking_my_rank: 55/504 (89.3%)
ranking_my_percent: 89.28571428571429
