ConfigName: krbf__advnormalizedfitness__M1__L10__eps0p015__g0p01__ds0p3__dm0p3
Problem: NK
Kernel: rbf
Advantage: normalizedfitness
M: 1
lambda: 10
epsilon_svgd: 0.015
gamma: 0.01
decay_start_ratio: 0.3
decay_min_factor: 0.3
bandwith_kernel: None
no_interact: False
avg_score: 0.7322194576263428
median_score: 0.7332779169082642
std_score: 0.009151031263172626
percentiles: 2%=0.7135001420974731, 5%=0.7151350975036621, 10%=0.7178099751472473, 25%=0.7259925007820129, 50%=0.7332779169082642, 75%=0.7385504245758057, 90%=0.7431538105010986, 95%=0.7459111213684082, 98%=0.7479154467582703
ranking_best_algo: PBIL
ranking_best_score: 0.7248786399609374
ranking_my_rank: 1/504 (100.0%)
ranking_my_percent: 100.0
