ConfigName: kjsd__advperagentrankweighted__M3__L20__eps0p005__g0p003__ds0p05__dm0p1
Problem: QUBO
Kernel: jsd
Advantage: peragentrankweighted
M: 3
lambda: 20
epsilon_svgd: 0.005
gamma: 0.003
decay_start_ratio: 0.05
decay_min_factor: 0.1
bandwith_kernel: None
no_interact: False
avg_score: -1332.02001953125
median_score: -1337.0
std_score: 104.41580200195312
percentiles: 2%=-1518.4200439453125, 5%=-1481.3499755859375, 10%=-1464.0, 25%=-1423.5, 50%=-1337.0, 75%=-1262.5, 90%=-1185.699951171875, 95%=-1157.9000244140625, 98%=-1108.9200439453125
ranking_best_algo: NLOPT_LN_PRAXIS
ranking_best_score: 1607.12
ranking_my_rank: 197/504 (61.1%)
ranking_my_percent: 61.111111111111114
