ConfigName: kjsd__advperagentrankweighted__M3__L24__eps0p007__g0p001__ds0p2__dm0p2
Problem: QUBO
Kernel: jsd
Advantage: peragentrankweighted
M: 3
lambda: 24
epsilon_svgd: 0.007
gamma: 0.001
decay_start_ratio: 0.2
decay_min_factor: 0.2
bandwith_kernel: None
no_interact: False
avg_score: -900.4199829101562
median_score: -894.0
std_score: 65.75929260253906
percentiles: 2%=-1037.1400146484375, 5%=-1018.5, 10%=-981.2999877929688, 25%=-941.75, 50%=-894.0, 75%=-863.0, 90%=-815.5999755859375, 95%=-802.7000122070312, 98%=-772.0
ranking_best_algo: CMAL3
ranking_best_score: 928.5800000000002
ranking_my_rank: 70/504 (86.3%)
ranking_my_percent: 86.30952380952381
