ConfigName: krbf__advnormalizedfitness__M4__L8__eps0p025__g0p01__ds0p05__dm0p05
Problem: NK
Kernel: rbf
Advantage: normalizedfitness
M: 4
lambda: 8
epsilon_svgd: 0.025
gamma: 0.01
decay_start_ratio: 0.05
decay_min_factor: 0.05
bandwith_kernel: None
no_interact: False
avg_score: 0.728445291519165
median_score: 0.7275316715240479
std_score: 0.015427143312990665
percentiles: 2%=0.6966408491134644, 5%=0.7007970213890076, 10%=0.7087351083755493, 25%=0.7185236215591431, 50%=0.7275316715240479, 75%=0.7408562302589417, 90%=0.7474541068077087, 95%=0.7512198090553284, 98%=0.7585982084274292
ranking_best_algo: PBIL
ranking_best_score: 0.733570253046875
ranking_my_rank: 3/504 (99.6%)
ranking_my_percent: 99.60317460317461
