ConfigName: kjsd__advperagentrankweighted__M5__L24__eps0p03__g0p0003__ds0p2__dm0p05
Problem: NK
Kernel: jsd
Advantage: peragentrankweighted
M: 5
lambda: 24
epsilon_svgd: 0.03
gamma: 0.0003
decay_start_ratio: 0.2
decay_min_factor: 0.05
bandwith_kernel: None
no_interact: False
avg_score: 0.723801851272583
median_score: 0.7236168384552002
std_score: 0.007878659293055534
percentiles: 2%=0.7069799900054932, 5%=0.710671067237854, 10%=0.7141374945640564, 25%=0.7185145020484924, 50%=0.7236168384552002, 75%=0.7294331789016724, 90%=0.7338230013847351, 95%=0.7356966733932495, 98%=0.7386979460716248
ranking_best_algo: Tabu
ranking_best_score: 0.7429702712499999
ranking_my_rank: 4/504 (99.4%)
ranking_my_percent: 99.4047619047619
