ConfigName: krbf__advnormalizedfitness__M4__L10__eps0p033__g0p007__ds0p3__dm0p01
Problem: QUBO
Kernel: rbf
Advantage: normalizedfitness
M: 4
lambda: 10
epsilon_svgd: 0.033
gamma: 0.007
decay_start_ratio: 0.3
decay_min_factor: 0.01
bandwith_kernel: None
no_interact: False
avg_score: -577.3200073242188
median_score: -575.5
std_score: 26.87708282470703
percentiles: 2%=-629.0599975585938, 5%=-621.0999755859375, 10%=-613.0, 25%=-597.0, 50%=-575.5, 75%=-561.0, 90%=-541.9000244140625, 95%=-535.9500122070312, 98%=-521.0
ranking_best_algo: Tabu
ranking_best_score: 588.7199999999999
ranking_my_rank: 46/503 (91.1%)
ranking_my_percent: 91.05367793240556
