ConfigName: krbf__advnormalizedfitness__M3__L12__eps0p033__g0p007__ds0p15__dm0p01
Problem: NK
Kernel: rbf
Advantage: normalizedfitness
M: 3
lambda: 12
epsilon_svgd: 0.033
gamma: 0.007
decay_start_ratio: 0.15
decay_min_factor: 0.01
bandwith_kernel: None
no_interact: False
avg_score: 0.7468542456626892
median_score: 0.7454421520233154
std_score: 0.00997155625373125
percentiles: 2%=0.7286670207977295, 5%=0.730466365814209, 10%=0.7337610125541687, 25%=0.741487979888916, 50%=0.7454421520233154, 75%=0.7533828020095825, 90%=0.7608041763305664, 95%=0.7649683952331543, 98%=0.7676796317100525
ranking_best_algo: PBIL
ranking_best_score: 0.733570253046875
ranking_my_rank: 1/504 (100.0%)
ranking_my_percent: 100.0
