ConfigName: kjsd__advperagentrankweighted__M3__L30__eps0p007__g0p001__ds0p05__dm0p05
Problem: NK
Kernel: jsd
Advantage: peragentrankweighted
M: 3
lambda: 30
epsilon_svgd: 0.007
gamma: 0.001
decay_start_ratio: 0.05
decay_min_factor: 0.05
bandwith_kernel: None
no_interact: False
avg_score: 0.7548854351043701
median_score: 0.754041314125061
std_score: 0.014352346770465374
percentiles: 2%=0.7248363494873047, 5%=0.7296465635299683, 10%=0.7365556955337524, 25%=0.7453640699386597, 50%=0.754041314125061, 75%=0.7645772695541382, 90%=0.7718198895454407, 95%=0.7752217650413513, 98%=0.7830487489700317
ranking_best_algo: Tabu
ranking_best_score: 0.7657846284375001
ranking_my_rank: 7/504 (98.8%)
ranking_my_percent: 98.80952380952381
