ConfigName: kjsd__advperagentrankweighted__M3__L20__eps0p005__g0p001__ds0p2__dm0p1
Problem: QUBO
Kernel: jsd
Advantage: peragentrankweighted
M: 3
lambda: 20
epsilon_svgd: 0.005
gamma: 0.001
decay_start_ratio: 0.2
decay_min_factor: 0.1
bandwith_kernel: None
no_interact: False
avg_score: -1605.699951171875
median_score: -1600.0
std_score: 66.78839111328125
percentiles: 2%=-1730.199951171875, 5%=-1721.050048828125, 10%=-1706.199951171875, 25%=-1653.75, 50%=-1600.0, 75%=-1553.5, 90%=-1524.800048828125, 95%=-1509.8499755859375, 98%=-1498.9599609375
ranking_best_algo: NLOPT_LN_PRAXIS
ranking_best_score: 1607.12
ranking_my_rank: 11/504 (98.0%)
ranking_my_percent: 98.01587301587301
