ConfigName: kjsd__advperagentrankweighted__M5__L10__eps0p005__g0p0003__ds0p05__dm0p05
Problem: QUBO
Kernel: jsd
Advantage: peragentrankweighted
M: 5
lambda: 10
epsilon_svgd: 0.005
gamma: 0.0003
decay_start_ratio: 0.05
decay_min_factor: 0.05
bandwith_kernel: None
no_interact: False
avg_score: -431.0799865722656
median_score: -430.5
std_score: 27.4276065826416
percentiles: 2%=-483.0400085449219, 5%=-475.20001220703125, 10%=-469.20001220703125, 25%=-453.25, 50%=-430.5, 75%=-411.75, 90%=-395.8999938964844, 95%=-390.8999938964844, 98%=-379.9800109863281
ranking_best_algo: CMAL3
ranking_best_score: 435.36
ranking_my_rank: 8/504 (98.6%)
ranking_my_percent: 98.61111111111111
