ConfigName: kfr__advglobalrankweighted__M5__L10__eps0p015__g0p005__ds0p01__dm0p01
Problem: QUBO
Kernel: fr
Advantage: globalrankweighted
M: 5
lambda: 10
epsilon_svgd: 0.015
gamma: 0.005
decay_start_ratio: 0.01
decay_min_factor: 0.01
bandwith_kernel: None
no_interact: False
avg_score: -1223.0799560546875
median_score: -1215.0
std_score: 77.57328033447266
percentiles: 2%=-1389.0799560546875, 5%=-1353.0999755859375, 10%=-1325.5999755859375, 25%=-1277.5, 50%=-1215.0, 75%=-1165.25, 90%=-1134.4000244140625, 95%=-1094.9000244140625, 98%=-1066.8800048828125
ranking_best_algo: BigLognormalDiscreteOnePlusOne
ranking_best_score: 1301.3600000000004
ranking_my_rank: 71/504 (86.1%)
ranking_my_percent: 86.11111111111111
