ConfigName: kjsd__advperagentrankweighted__M4__L12__eps0p01__g0p0007__ds0p2__dm0p05
Problem: QUBO
Kernel: jsd
Advantage: peragentrankweighted
M: 4
lambda: 12
epsilon_svgd: 0.01
gamma: 0.0007
decay_start_ratio: 0.2
decay_min_factor: 0.05
bandwith_kernel: None
no_interact: False
avg_score: -2645.0400390625
median_score: -2633.5
std_score: 113.389404296875
percentiles: 2%=-2905.280029296875, 5%=-2867.10009765625, 10%=-2789.39990234375, 25%=-2707.25, 50%=-2633.5, 75%=-2567.5, 90%=-2497.699951171875, 95%=-2484.949951171875, 98%=-2481.60009765625
ranking_best_algo: DiscreteLengler2OnePlusOne
ranking_best_score: 2617.04
ranking_my_rank: 1/504 (100.0%)
ranking_my_percent: 100.0
