ConfigName: krbf__advnormalizedfitness__M4__L10__eps0p033__g0p01__ds0p01__dm0p3
Problem: QUBO
Kernel: rbf
Advantage: normalizedfitness
M: 4
lambda: 10
epsilon_svgd: 0.033
gamma: 0.01
decay_start_ratio: 0.01
decay_min_factor: 0.3
bandwith_kernel: None
no_interact: False
avg_score: -139.77999877929688
median_score: -141.0
std_score: 10.70848274230957
percentiles: 2%=-159.0, 5%=-158.0, 10%=-154.10000610351562, 25%=-146.0, 50%=-141.0, 75%=-130.0, 90%=-125.0, 95%=-121.95000457763672, 98%=-120.97999572753906
ranking_best_algo: DiscreteDE
ranking_best_score: 143.4
ranking_my_rank: 83/504 (83.7%)
ranking_my_percent: 83.73015873015873
