ConfigName: krbf__advnormalizedfitness__M4__L8__eps0p015__g0p005__ds0p3__dm0p3
Problem: QUBO
Kernel: rbf
Advantage: normalizedfitness
M: 4
lambda: 8
epsilon_svgd: 0.015
gamma: 0.005
decay_start_ratio: 0.3
decay_min_factor: 0.3
bandwith_kernel: None
no_interact: False
avg_score: -201.4600067138672
median_score: -203.0
std_score: 13.13576889038086
percentiles: 2%=-224.0, 5%=-222.0, 10%=-220.10000610351562, 25%=-211.0, 50%=-203.0, 75%=-191.75, 90%=-183.89999389648438, 95%=-178.95001220703125, 98%=-173.97999572753906
ranking_best_algo: Tabu
ranking_best_score: 208.36000000000004
ranking_my_rank: 40/504 (92.3%)
ranking_my_percent: 92.26190476190476
