ConfigName: krbf__advnormalizedfitness__M3__L8__eps0p033__g0p005__ds0p01__dm0p3
Problem: QUBO
Kernel: rbf
Advantage: normalizedfitness
M: 3
lambda: 8
epsilon_svgd: 0.033
gamma: 0.005
decay_start_ratio: 0.01
decay_min_factor: 0.3
bandwith_kernel: None
no_interact: False
avg_score: -412.8399963378906
median_score: -412.0
std_score: 24.45187759399414
percentiles: 2%=-457.32000732421875, 5%=-454.04998779296875, 10%=-452.0, 25%=-426.0, 50%=-412.0, 75%=-396.0, 90%=-382.0, 95%=-377.8000183105469, 98%=-371.75994873046875
ranking_best_algo: Tabu
ranking_best_score: 438.12
ranking_my_rank: 64/504 (87.5%)
ranking_my_percent: 87.5
