Problem: QUBO
Kernel: jsd
Advantage: peragentrankweighted
M: 10
lambda: 15
epsilon_svgd: 0.01
gamma: 0.0001
bandwith_kernel: None
no_interact: False
avg_score: -433.8800048828125
median_score: -433.5
std_score: 24.31513023376465
percentiles: 2%=-481.0799865722656, 5%=-475.1000061035156, 10%=-469.20001220703125, 25%=-447.5, 50%=-433.5, 75%=-419.75, 90%=-400.79998779296875, 95%=-393.95001220703125, 98%=-389.0
ranking_best_algo: PPO-EDA
ranking_best_score: 437.12
ranking_my_rank: 3/505 (99.6%)
