Problem: QUBO
Kernel: pk
Advantage: peragentrankweighted
M: 10
lambda: 15
epsilon_svgd: 0.007
gamma: 0.0001
bandwith_kernel: None
no_interact: False
avg_score: -433.05999755859375
median_score: -429.0
std_score: 23.09450912475586
percentiles: 2%=-483.0400085449219, 5%=-475.29998779296875, 10%=-469.20001220703125, 25%=-448.25, 50%=-429.0, 75%=-416.0, 90%=-404.8999938964844, 95%=-400.95001220703125, 98%=-397.97998046875
ranking_best_algo: PPO-EDA
ranking_best_score: 437.12
ranking_my_rank: 3/505 (99.6%)
