ConfigName: kjsd__advperagentrankweighted__M8__L10__eps0p008__g0p0005__ds0p05__dm0p05
Problem: NK
Kernel: jsd
Advantage: peragentrankweighted
M: 8
lambda: 10
epsilon_svgd: 0.008
gamma: 0.0005
decay_start_ratio: 0.05
decay_min_factor: 0.05
bandwith_kernel: None
no_interact: False
avg_score: 0.7386243343353271
median_score: 0.7394821643829346
std_score: 0.008602985180914402
percentiles: 2%=0.7220849990844727, 5%=0.7228572964668274, 10%=0.725932776927948, 25%=0.733269989490509, 50%=0.7394821643829346, 75%=0.7445594072341919, 90%=0.7491217851638794, 95%=0.7525405287742615, 98%=0.7540809512138367
ranking_best_algo: PBIL
ranking_best_score: 0.730509098125
ranking_my_rank: 1/504 (100.0%)
ranking_my_percent: 100.0
