ConfigName: kjsd__advperagentrankweighted__M3__L16__eps0p01__g0p0005__ds0p2__dm0p2
Problem: QUBO
Kernel: jsd
Advantage: peragentrankweighted
M: 3
lambda: 16
epsilon_svgd: 0.01
gamma: 0.0005
decay_start_ratio: 0.2
decay_min_factor: 0.2
bandwith_kernel: None
no_interact: False
avg_score: -1251.6800537109375
median_score: -1252.5
std_score: 67.37979888916016
percentiles: 2%=-1372.5999755859375, 5%=-1362.050048828125, 10%=-1343.0, 25%=-1299.75, 50%=-1252.5, 75%=-1198.75, 90%=-1169.0, 95%=-1142.9000244140625, 98%=-1118.6400146484375
ranking_best_algo: SVMMetaModelLogNormal
ranking_best_score: 1233.7999999999997
ranking_my_rank: 1/504 (100.0%)
ranking_my_percent: 100.0
