ConfigName: kjsd__advperagentrankweighted__M8__L12__eps0p008__g0p0005__ds0p3__dm0p05
Problem: NK
Kernel: jsd
Advantage: peragentrankweighted
M: 8
lambda: 12
epsilon_svgd: 0.008
gamma: 0.0005
decay_start_ratio: 0.3
decay_min_factor: 0.05
bandwith_kernel: None
no_interact: False
avg_score: 0.7107939720153809
median_score: 0.711835503578186
std_score: 0.01521209441125393
percentiles: 2%=0.6724721789360046, 5%=0.6726493835449219, 10%=0.6972235441207886, 25%=0.7085673809051514, 50%=0.711835503578186, 75%=0.7193129658699036, 90%=0.7255355715751648, 95%=0.7324495911598206, 98%=0.7331450581550598
ranking_best_algo: CMApara
ranking_best_score: 0.707475975
ranking_my_rank: 1/504 (100.0%)
ranking_my_percent: 100.0
