ConfigName: kjsd__advperagentrankweighted__M10__L12__eps0p008__g0p0005__ds0p3__dm0p05
Problem: QUBO
Kernel: jsd
Advantage: peragentrankweighted
M: 10
lambda: 12
epsilon_svgd: 0.008
gamma: 0.0005
decay_start_ratio: 0.3
decay_min_factor: 0.05
bandwith_kernel: None
no_interact: False
avg_score: -1193.3599853515625
median_score: -1200.5
std_score: 83.86566925048828
percentiles: 2%=-1365.0, 5%=-1323.199951171875, 10%=-1285.199951171875, 25%=-1257.25, 50%=-1200.5, 75%=-1135.75, 90%=-1078.199951171875, 95%=-1048.699951171875, 98%=-1026.9200439453125
ranking_best_algo: BigLognormalDiscreteOnePlusOne
ranking_best_score: 1301.3600000000004
ranking_my_rank: 92/504 (81.9%)
ranking_my_percent: 81.94444444444444
