ConfigName: kfr__advglobalrankweighted__M2__L7__eps0p015__g0p003__ds0p01__dm0p01
Problem: QUBO
Kernel: fr
Advantage: globalrankweighted
M: 2
lambda: 7
epsilon_svgd: 0.015
gamma: 0.003
decay_start_ratio: 0.01
decay_min_factor: 0.01
bandwith_kernel: None
no_interact: False
avg_score: -1153.9000244140625
median_score: -1152.0
std_score: 63.90156173706055
percentiles: 2%=-1278.1800537109375, 5%=-1263.199951171875, 10%=-1235.199951171875, 25%=-1199.25, 50%=-1152.0, 75%=-1112.0, 90%=-1073.9000244140625, 95%=-1052.6500244140625, 98%=-1038.659912109375
ranking_best_algo: Tabu
ranking_best_score: 1216.16
ranking_my_rank: 108/504 (78.8%)
ranking_my_percent: 78.76984126984127
