ConfigName: krbf__advnormalizedfitness__M3__L15__eps0p033__g0p005__ds0p3__dm0p3
Problem: QUBO
Kernel: rbf
Advantage: normalizedfitness
M: 3
lambda: 15
epsilon_svgd: 0.033
gamma: 0.005
decay_start_ratio: 0.3
decay_min_factor: 0.3
bandwith_kernel: None
no_interact: False
avg_score: -427.1199951171875
median_score: -428.0
std_score: 26.410329818725586
percentiles: 2%=-479.0, 5%=-475.1000061035156, 10%=-462.1000061035156, 25%=-447.5, 50%=-428.0, 75%=-409.0, 90%=-394.79998779296875, 95%=-382.95001220703125, 98%=-374.8199462890625
ranking_best_algo: CMAL3
ranking_best_score: 435.36
ranking_my_rank: 20/504 (96.2%)
ranking_my_percent: 96.23015873015873
