ConfigName: kjsd__advperagentrankweighted__M4__L10__eps0p01__g0p0003__ds0p05__dm0p05
Problem: QUBO
Kernel: jsd
Advantage: peragentrankweighted
M: 4
lambda: 10
epsilon_svgd: 0.01
gamma: 0.0003
decay_start_ratio: 0.05
decay_min_factor: 0.05
bandwith_kernel: None
no_interact: False
avg_score: -306.5400085449219
median_score: -308.0
std_score: 38.83436965942383
percentiles: 2%=-392.0400085449219, 5%=-370.8999938964844, 10%=-356.20001220703125, 25%=-334.0, 50%=-308.0, 75%=-270.0, 90%=-262.0, 95%=-257.95001220703125, 98%=-251.9600067138672
ranking_best_algo: CMApara
ranking_best_score: 319.29999999999995
ranking_my_rank: 113/504 (77.8%)
ranking_my_percent: 77.77777777777777
