ConfigName: krbf__advnormalizedfitness__M4__L12__eps0p025__g0p01__ds0p01__dm0p3
Problem: QUBO
Kernel: rbf
Advantage: normalizedfitness
M: 4
lambda: 12
epsilon_svgd: 0.025
gamma: 0.01
decay_start_ratio: 0.01
decay_min_factor: 0.3
bandwith_kernel: None
no_interact: False
avg_score: -967.52001953125
median_score: -960.5
std_score: 95.9947280883789
percentiles: 2%=-1139.1600341796875, 5%=-1127.0, 10%=-1089.5, 25%=-1047.25, 50%=-960.5, 75%=-890.0, 90%=-845.4000244140625, 95%=-820.7000122070312, 98%=-791.8199462890625
ranking_best_algo: BigLognormalDiscreteOnePlusOne
ranking_best_score: 1301.3600000000004
ranking_my_rank: 288/504 (43.1%)
ranking_my_percent: 43.05555555555556
