ConfigName: kjsd__advperagentrankweighted__M4__L20__eps0p005__g0p0005__ds0p2__dm0p1
Problem: NK
Kernel: jsd
Advantage: peragentrankweighted
M: 4
lambda: 20
epsilon_svgd: 0.005
gamma: 0.0005
decay_start_ratio: 0.2
decay_min_factor: 0.1
bandwith_kernel: None
no_interact: False
avg_score: 0.7384316325187683
median_score: 0.7395902872085571
std_score: 0.008638128638267517
percentiles: 2%=0.7200891375541687, 5%=0.723135232925415, 10%=0.7268233299255371, 25%=0.7325365543365479, 50%=0.7395902872085571, 75%=0.7445526719093323, 90%=0.7489644885063171, 95%=0.7522484064102173, 98%=0.7542158365249634
ranking_best_algo: PBIL
ranking_best_score: 0.730509098125
ranking_my_rank: 1/504 (100.0%)
ranking_my_percent: 100.0
