ConfigName: krbf__advnormalizedfitness__M3__L15__eps0p025__g0p007__ds0p15__dm0p3
Problem: QUBO
Kernel: rbf
Advantage: normalizedfitness
M: 3
lambda: 15
epsilon_svgd: 0.025
gamma: 0.007
decay_start_ratio: 0.15
decay_min_factor: 0.3
bandwith_kernel: None
no_interact: False
avg_score: -138.5800018310547
median_score: -140.5
std_score: 12.010978698730469
percentiles: 2%=-159.0, 5%=-157.0, 10%=-152.0, 25%=-146.75, 50%=-140.5, 75%=-129.75, 90%=-123.9000015258789, 95%=-114.95000457763672, 98%=-112.95999145507812
ranking_best_algo: DiscreteDE
ranking_best_score: 143.4
ranking_my_rank: 98/504 (80.8%)
ranking_my_percent: 80.75396825396825
