ConfigName: kjsd__advperagentrankweighted__M3__L18__eps0p007__g0p0005__ds0p05__dm0p1
Problem: NK
Kernel: jsd
Advantage: peragentrankweighted
M: 3
lambda: 18
epsilon_svgd: 0.007
gamma: 0.0005
decay_start_ratio: 0.05
decay_min_factor: 0.1
bandwith_kernel: None
no_interact: False
avg_score: 0.7503415942192078
median_score: 0.7505391240119934
std_score: 0.015431012958288193
percentiles: 2%=0.7234295010566711, 5%=0.7261890769004822, 10%=0.7290022373199463, 25%=0.7388933300971985, 50%=0.7505391240119934, 75%=0.7618101835250854, 90%=0.7715790271759033, 95%=0.7733288407325745, 98%=0.7780594825744629
ranking_best_algo: Tabu
ranking_best_score: 0.7657846284375001
ranking_my_rank: 22/504 (95.8%)
ranking_my_percent: 95.83333333333333
