ConfigName: kjsd__advperagentrankweighted__M4__L8__eps0p01__g0p0007__ds0p4__dm0p05
Problem: QUBO
Kernel: jsd
Advantage: peragentrankweighted
M: 4
lambda: 8
epsilon_svgd: 0.01
gamma: 0.0007
decay_start_ratio: 0.4
decay_min_factor: 0.05
bandwith_kernel: None
no_interact: False
avg_score: -2600.97998046875
median_score: -2614.0
std_score: 107.66447448730469
percentiles: 2%=-2834.10009765625, 5%=-2750.199951171875, 10%=-2728.0, 25%=-2669.25, 50%=-2614.0, 75%=-2521.5, 90%=-2466.800048828125, 95%=-2417.39990234375, 98%=-2374.93994140625
ranking_best_algo: SVM1MetaModelLogNormal
ranking_best_score: 2605.14
ranking_my_rank: 2/504 (99.8%)
ranking_my_percent: 99.8015873015873
