ConfigName: krbf__advnormalizedfitness__M2__L8__eps0p033__g0p01__ds0p15__dm0p3
Problem: QUBO
Kernel: rbf
Advantage: normalizedfitness
M: 2
lambda: 8
epsilon_svgd: 0.033
gamma: 0.01
decay_start_ratio: 0.15
decay_min_factor: 0.3
bandwith_kernel: None
no_interact: False
avg_score: -576.0999755859375
median_score: -578.0
std_score: 31.84383773803711
percentiles: 2%=-641.0800170898438, 5%=-627.2999877929688, 10%=-614.4000244140625, 25%=-596.0, 50%=-578.0, 75%=-556.0, 90%=-530.7000122070312, 95%=-517.9500122070312, 98%=-516.9199829101562
ranking_best_algo: Tabu
ranking_best_score: 588.7199999999999
ranking_my_rank: 56/503 (89.1%)
ranking_my_percent: 89.06560636182903
