ConfigName: krbf__advnormalizedfitness__M3__L8__eps0p033__g0p005__ds0p15__dm0p3
Problem: QUBO
Kernel: rbf
Advantage: normalizedfitness
M: 3
lambda: 8
epsilon_svgd: 0.033
gamma: 0.005
decay_start_ratio: 0.15
decay_min_factor: 0.3
bandwith_kernel: None
no_interact: False
avg_score: -889.5999755859375
median_score: -887.0
std_score: 66.5066909790039
percentiles: 2%=-1028.3599853515625, 5%=-1000.0499877929688, 10%=-968.2999877929688, 25%=-937.5, 50%=-887.0, 75%=-841.75, 90%=-806.0, 95%=-784.8500366210938, 98%=-775.9400024414062
ranking_best_algo: CMAL3
ranking_best_score: 928.5800000000002
ranking_my_rank: 100/504 (80.4%)
ranking_my_percent: 80.35714285714286
