ConfigName: krbf__advnormalizedfitness__M3__L12__eps0p015__g0p01__ds0p15__dm0p01
Problem: QUBO
Kernel: rbf
Advantage: normalizedfitness
M: 3
lambda: 12
epsilon_svgd: 0.015
gamma: 0.01
decay_start_ratio: 0.15
decay_min_factor: 0.01
bandwith_kernel: None
no_interact: False
avg_score: -435.9800109863281
median_score: -437.5
std_score: 27.291748046875
percentiles: 2%=-485.0, 5%=-473.29998779296875, 10%=-468.0, 25%=-458.25, 50%=-437.5, 75%=-417.0, 90%=-401.79998779296875, 95%=-385.0, 98%=-383.8799743652344
ranking_best_algo: CMApara
ranking_best_score: 453.82
ranking_my_rank: 30/504 (94.2%)
ranking_my_percent: 94.24603174603175
