ConfigName: kjsd__advperagentrankweighted__M3__L30__eps0p005__g0p001__ds0p2__dm0p05
Problem: QUBO
Kernel: jsd
Advantage: peragentrankweighted
M: 3
lambda: 30
epsilon_svgd: 0.005
gamma: 0.001
decay_start_ratio: 0.2
decay_min_factor: 0.05
bandwith_kernel: None
no_interact: False
avg_score: -428.2200012207031
median_score: -427.5
std_score: 28.7553768157959
percentiles: 2%=-481.0400085449219, 5%=-479.1000061035156, 10%=-469.1000061035156, 25%=-447.25, 50%=-427.5, 75%=-407.0, 90%=-395.0, 95%=-387.8500061035156, 98%=-380.6600036621094
ranking_best_algo: CMAL3
ranking_best_score: 435.36
ranking_my_rank: 15/504 (97.2%)
ranking_my_percent: 97.22222222222223
