ConfigName: kjsd__advperagentrankweighted__M10__L24__eps0p008__g0p0005__ds0p05__dm0p05
Problem: QUBO
Kernel: jsd
Advantage: peragentrankweighted
M: 10
lambda: 24
epsilon_svgd: 0.008
gamma: 0.0005
decay_start_ratio: 0.05
decay_min_factor: 0.05
bandwith_kernel: None
no_interact: False
avg_score: -140.8800048828125
median_score: -142.5
std_score: 10.786361694335938
percentiles: 2%=-161.0, 5%=-159.0, 10%=-156.1999969482422, 25%=-148.0, 50%=-142.5, 75%=-132.5, 90%=-127.0, 95%=-125.0, 98%=-122.86000061035156
ranking_best_algo: DiscreteDE
ranking_best_score: 143.4
ranking_my_rank: 74/504 (85.5%)
ranking_my_percent: 85.51587301587301
