ConfigName: krbf__advnormalizedfitness__M4__L10__eps0p015__g0p01__ds0p01__dm0p01
Problem: NK
Kernel: rbf
Advantage: normalizedfitness
M: 4
lambda: 10
epsilon_svgd: 0.015
gamma: 0.01
decay_start_ratio: 0.01
decay_min_factor: 0.01
bandwith_kernel: None
no_interact: False
avg_score: 0.7514236569404602
median_score: 0.7552506923675537
std_score: 0.012395652942359447
percentiles: 2%=0.7222351431846619, 5%=0.7319225668907166, 10%=0.7343849539756775, 25%=0.7428051829338074, 50%=0.7552506923675537, 75%=0.7601074576377869, 90%=0.7645576000213623, 95%=0.7667199969291687, 98%=0.7728612422943115
ranking_best_algo: Tabu
ranking_best_score: 0.7657846284375001
ranking_my_rank: 16/504 (97.0%)
ranking_my_percent: 97.02380952380952
