ConfigName: kjsd__advperagentrankweighted__M3__L30__eps0p007__g0p001__ds0p2__dm0p2
Problem: NK
Kernel: jsd
Advantage: peragentrankweighted
M: 3
lambda: 30
epsilon_svgd: 0.007
gamma: 0.001
decay_start_ratio: 0.2
decay_min_factor: 0.2
bandwith_kernel: None
no_interact: False
avg_score: 0.7536934018135071
median_score: 0.756424069404602
std_score: 0.01450327504426241
percentiles: 2%=0.7246474623680115, 5%=0.730439305305481, 10%=0.7327995300292969, 25%=0.7441915273666382, 50%=0.756424069404602, 75%=0.7632065415382385, 90%=0.7716681361198425, 95%=0.7734103798866272, 98%=0.7796121835708618
ranking_best_algo: Tabu
ranking_best_score: 0.7657846284375001
ranking_my_rank: 9/504 (98.4%)
ranking_my_percent: 98.41269841269842
