ConfigName: krbf__advnormalizedfitness__M2__L8__eps0p015__g0p015__ds0p01__dm0p01
Problem: QUBO
Kernel: rbf
Advantage: normalizedfitness
M: 2
lambda: 8
epsilon_svgd: 0.015
gamma: 0.015
decay_start_ratio: 0.01
decay_min_factor: 0.01
bandwith_kernel: None
no_interact: False
avg_score: -139.3000030517578
median_score: -141.0
std_score: 11.26720905303955
percentiles: 2%=-159.0, 5%=-158.0, 10%=-153.0, 25%=-146.0, 50%=-141.0, 75%=-130.75, 90%=-126.80000305175781, 95%=-123.0, 98%=-112.9800033569336
ranking_best_algo: DiscreteDE
ranking_best_score: 143.4
ranking_my_rank: 86/504 (83.1%)
ranking_my_percent: 83.13492063492063
