ConfigName: krbf__advnormalizedfitness__M4__L15__eps0p033__g0p01__ds0p15__dm0p01
Problem: QUBO
Kernel: rbf
Advantage: normalizedfitness
M: 4
lambda: 15
epsilon_svgd: 0.033
gamma: 0.01
decay_start_ratio: 0.15
decay_min_factor: 0.01
bandwith_kernel: None
no_interact: False
avg_score: -868.0599975585938
median_score: -861.5
std_score: 65.06470489501953
percentiles: 2%=-1008.239990234375, 5%=-986.5499877929688, 10%=-962.4000244140625, 25%=-911.25, 50%=-861.5, 75%=-823.75, 90%=-784.9000244140625, 95%=-767.9500122070312, 98%=-756.719970703125
ranking_best_algo: CMAL3
ranking_best_score: 928.5800000000002
ranking_my_rank: 174/504 (65.7%)
ranking_my_percent: 65.67460317460318
