ConfigName: kjsd__advperagentrankweighted__M3__L20__eps0p005__g0p0005__ds0p2__dm0p1
Problem: NK
Kernel: jsd
Advantage: peragentrankweighted
M: 3
lambda: 20
epsilon_svgd: 0.005
gamma: 0.0005
decay_start_ratio: 0.2
decay_min_factor: 0.1
bandwith_kernel: None
no_interact: False
avg_score: 0.7382221817970276
median_score: 0.7392989993095398
std_score: 0.00910011027008295
percentiles: 2%=0.7207419276237488, 5%=0.7231771945953369, 10%=0.7244873046875, 25%=0.7341616153717041, 50%=0.7392989993095398, 75%=0.7446948289871216, 90%=0.7488069534301758, 95%=0.7515561580657959, 98%=0.7536908984184265
ranking_best_algo: PBIL
ranking_best_score: 0.730509098125
ranking_my_rank: 1/504 (100.0%)
ranking_my_percent: 100.0
