ConfigName: krbf__advnormalizedfitness__M4__L8__eps0p015__g0p01__ds0p15__dm0p3
Problem: QUBO
Kernel: rbf
Advantage: normalizedfitness
M: 4
lambda: 8
epsilon_svgd: 0.015
gamma: 0.01
decay_start_ratio: 0.15
decay_min_factor: 0.3
bandwith_kernel: None
no_interact: False
avg_score: -866.239990234375
median_score: -867.5
std_score: 89.8667984008789
percentiles: 2%=-1020.260009765625, 5%=-1003.25, 10%=-987.5, 25%=-934.75, 50%=-867.5, 75%=-805.75, 90%=-752.4000244140625, 95%=-714.5000610351562, 98%=-684.97998046875
ranking_best_algo: BigLognormalDiscreteOnePlusOne
ranking_best_score: 1301.3600000000004
ranking_my_rank: 322/504 (36.3%)
ranking_my_percent: 36.30952380952381
