ConfigName: kjsd__advperagentrankweighted__M3__L20__eps0p005__g0p0007__ds0p1__dm0p1
Problem: QUBO
Kernel: jsd
Advantage: peragentrankweighted
M: 3
lambda: 20
epsilon_svgd: 0.005
gamma: 0.0007
decay_start_ratio: 0.1
decay_min_factor: 0.1
bandwith_kernel: None
no_interact: False
avg_score: -416.2799987792969
median_score: -420.5
std_score: 27.41243553161621
percentiles: 2%=-461.2799987792969, 5%=-454.0, 10%=-452.0, 25%=-434.0, 50%=-420.5, 75%=-395.75, 90%=-374.0, 95%=-365.8999938964844, 98%=-361.9599914550781
ranking_best_algo: Tabu
ranking_best_score: 438.12
ranking_my_rank: 45/504 (91.3%)
ranking_my_percent: 91.26984126984127
