ConfigName: krbf__advglobalrankweighted__M4__L9__eps0p015__g0p007__ds0p01__dm0p01
Problem: QUBO
Kernel: rbf
Advantage: globalrankweighted
M: 4
lambda: 9
epsilon_svgd: 0.015
gamma: 0.007
decay_start_ratio: 0.01
decay_min_factor: 0.01
bandwith_kernel: None
no_interact: False
avg_score: -201.17999267578125
median_score: -201.0
std_score: 11.569252014160156
percentiles: 2%=-224.0, 5%=-222.10000610351562, 10%=-218.0, 25%=-209.0, 50%=-201.0, 75%=-194.0, 90%=-187.0, 95%=-184.0, 98%=-181.8399658203125
ranking_best_algo: Tabu
ranking_best_score: 208.36000000000004
ranking_my_rank: 41/504 (92.1%)
ranking_my_percent: 92.06349206349206
