ConfigName: krbf__advnormalizedfitness__M3__L15__eps0p015__g0p005__ds0p15__dm0p3
Problem: QUBO
Kernel: rbf
Advantage: normalizedfitness
M: 3
lambda: 15
epsilon_svgd: 0.015
gamma: 0.005
decay_start_ratio: 0.15
decay_min_factor: 0.3
bandwith_kernel: None
no_interact: False
avg_score: -2709.360107421875
median_score: -2685.0
std_score: 267.176025390625
percentiles: 2%=-3295.419921875, 5%=-3135.39990234375, 10%=-3059.0, 25%=-2890.5, 50%=-2685.0, 75%=-2534.75, 90%=-2390.0, 95%=-2326.9501953125, 98%=-2209.33984375
ranking_best_algo: RLSOnePlusOne
ranking_best_score: 3316.5199999999995
ranking_my_rank: 191/504 (62.3%)
ranking_my_percent: 62.301587301587304
