ConfigName: krbf__advnormalizedfitness__M2__L10__eps0p015__g0p01__ds0p3__dm0p3
Problem: QUBO
Kernel: rbf
Advantage: normalizedfitness
M: 2
lambda: 10
epsilon_svgd: 0.015
gamma: 0.01
decay_start_ratio: 0.3
decay_min_factor: 0.3
bandwith_kernel: None
no_interact: False
avg_score: -438.4599914550781
median_score: -438.0
std_score: 27.10181427001953
percentiles: 2%=-487.0400085449219, 5%=-479.1000061035156, 10%=-472.1000061035156, 25%=-461.5, 50%=-438.0, 75%=-420.5, 90%=-403.79998779296875, 95%=-397.79998779296875, 98%=-389.67999267578125
ranking_best_algo: CMApara
ranking_best_score: 453.82
ranking_my_rank: 20/504 (96.2%)
ranking_my_percent: 96.23015873015873
