ConfigName: kjsd__advperagentrankweighted__M4__L8__eps0p005__g0p0007__ds0p05__dm0p05
Problem: NK
Kernel: jsd
Advantage: peragentrankweighted
M: 4
lambda: 8
epsilon_svgd: 0.005
gamma: 0.0007
decay_start_ratio: 0.05
decay_min_factor: 0.05
bandwith_kernel: None
no_interact: False
avg_score: 0.7364784479141235
median_score: 0.736851692199707
std_score: 0.008058777078986168
percentiles: 2%=0.7215912342071533, 5%=0.7228426337242126, 10%=0.7256172895431519, 25%=0.7306879162788391, 50%=0.736851692199707, 75%=0.7419946193695068, 90%=0.7466306686401367, 95%=0.7502722144126892, 98%=0.7524753212928772
ranking_best_algo: PBIL
ranking_best_score: 0.730509098125
ranking_my_rank: 1/504 (100.0%)
ranking_my_percent: 100.0
