ConfigName: krbf__advnormalizedfitness__M4__L15__eps0p015__g0p007__ds0p15__dm0p3
Problem: QUBO
Kernel: rbf
Advantage: normalizedfitness
M: 4
lambda: 15
epsilon_svgd: 0.015
gamma: 0.007
decay_start_ratio: 0.15
decay_min_factor: 0.3
bandwith_kernel: None
no_interact: False
avg_score: -133.97999572753906
median_score: -133.0
std_score: 11.019963264465332
percentiles: 2%=-154.0399932861328, 5%=-150.0500030517578, 10%=-148.10000610351562, 25%=-142.25, 50%=-133.0, 75%=-127.0, 90%=-121.0, 95%=-116.80001831054688, 98%=-107.97999572753906
ranking_best_algo: DiscreteDE
ranking_best_score: 143.4
ranking_my_rank: 310/504 (38.7%)
ranking_my_percent: 38.69047619047619
