ConfigName: kjsd__advperagentrankweighted__M4__L8__eps0p01__g0p0003__ds0p2__dm0p05
Problem: NK
Kernel: jsd
Advantage: peragentrankweighted
M: 4
lambda: 8
epsilon_svgd: 0.01
gamma: 0.0003
decay_start_ratio: 0.2
decay_min_factor: 0.05
bandwith_kernel: None
no_interact: False
avg_score: 0.7192627191543579
median_score: 0.7190277576446533
std_score: 0.010369024239480495
percentiles: 2%=0.7031332850456238, 5%=0.7043530344963074, 10%=0.7053561806678772, 25%=0.7111674547195435, 50%=0.7190277576446533, 75%=0.7264679670333862, 90%=0.7327916026115417, 95%=0.7359216809272766, 98%=0.7418822050094604
ranking_best_algo: Tabu
ranking_best_score: 0.7429702712499999
ranking_my_rank: 23/504 (95.6%)
ranking_my_percent: 95.63492063492063
