ConfigName: kjsd__advperagentrankweighted__M5__L8__eps0p005__g0p0003__ds0p05__dm0p05
Problem: NK
Kernel: jsd
Advantage: peragentrankweighted
M: 5
lambda: 8
epsilon_svgd: 0.005
gamma: 0.0003
decay_start_ratio: 0.05
decay_min_factor: 0.05
bandwith_kernel: None
no_interact: False
avg_score: 0.7340224981307983
median_score: 0.7356239557266235
std_score: 0.008184089325368404
percentiles: 2%=0.716256856918335, 5%=0.720196008682251, 10%=0.7231948971748352, 25%=0.7271949052810669, 50%=0.7356239557266235, 75%=0.7396991848945618, 90%=0.7437070608139038, 95%=0.7456223368644714, 98%=0.7474610805511475
ranking_best_algo: PBIL
ranking_best_score: 0.7248786399609374
ranking_my_rank: 1/504 (100.0%)
ranking_my_percent: 100.0
