ConfigName: krbf__advnormalizedfitness__M1__L8__eps0p025__g0p007__ds0p15__dm0p3
Problem: QUBO
Kernel: rbf
Advantage: normalizedfitness
M: 1
lambda: 8
epsilon_svgd: 0.025
gamma: 0.007
decay_start_ratio: 0.15
decay_min_factor: 0.3
bandwith_kernel: None
no_interact: False
avg_score: -1127.9000244140625
median_score: -1134.5
std_score: 110.84244537353516
percentiles: 2%=-1285.3599853515625, 5%=-1250.199951171875, 10%=-1237.300048828125, 25%=-1182.0, 50%=-1134.5, 75%=-1088.25, 90%=-1049.9000244140625, 95%=-1031.4000244140625, 98%=-974.9599609375
ranking_best_algo: Tabu
ranking_best_score: 1216.16
ranking_my_rank: 160/504 (68.5%)
ranking_my_percent: 68.45238095238095
