ConfigName: kjsd__advperagentrankweighted__M3__L18__eps0p007__g0p0005__ds0p05__dm0p05
Problem: QUBO
Kernel: jsd
Advantage: peragentrankweighted
M: 3
lambda: 18
epsilon_svgd: 0.007
gamma: 0.0005
decay_start_ratio: 0.05
decay_min_factor: 0.05
bandwith_kernel: None
no_interact: False
avg_score: -2647.800048828125
median_score: -2656.5
std_score: 133.4566650390625
percentiles: 2%=-2878.659912109375, 5%=-2855.60009765625, 10%=-2815.10009765625, 25%=-2744.5, 50%=-2656.5, 75%=-2552.0, 90%=-2468.699951171875, 95%=-2444.800048828125, 98%=-2395.760009765625
ranking_best_algo: DiscreteLengler2OnePlusOne
ranking_best_score: 2617.04
ranking_my_rank: 1/504 (100.0%)
ranking_my_percent: 100.0
