ConfigName: kjsd__advperagentrankweighted__M4__L24__eps0p01__g0p0005__ds1__dm1
Problem: NK
Kernel: jsd
Advantage: peragentrankweighted
M: 4
lambda: 24
epsilon_svgd: 0.01
gamma: 0.0005
decay_start_ratio: 1.0
decay_min_factor: 1.0
bandwith_kernel: None
no_interact: False
avg_score: 0.7105525135993958
median_score: 0.7112816572189331
std_score: 0.01515952218323946
percentiles: 2%=0.6721748113632202, 5%=0.6734369993209839, 10%=0.6969398260116577, 25%=0.7078251838684082, 50%=0.7112816572189331, 75%=0.7195980548858643, 90%=0.7254610657691956, 95%=0.7327399253845215, 98%=0.7334133982658386
ranking_best_algo: CMApara
ranking_best_score: 0.707475975
ranking_my_rank: 1/504 (100.0%)
ranking_my_percent: 100.0
no_repulsion: True
