ConfigName: krbf__advnormalizedfitness__M4__L12__eps0p015__g0p015__ds0p15__dm0p3
Problem: QUBO
Kernel: rbf
Advantage: normalizedfitness
M: 4
lambda: 12
epsilon_svgd: 0.015
gamma: 0.015
decay_start_ratio: 0.15
decay_min_factor: 0.3
bandwith_kernel: None
no_interact: False
avg_score: -258.9599914550781
median_score: -257.0
std_score: 22.03175926208496
percentiles: 2%=-306.0, 5%=-302.0, 10%=-289.1000061035156, 25%=-274.25, 50%=-257.0, 75%=-244.0, 90%=-233.40000915527344, 95%=-223.85000610351562, 98%=-217.95999145507812
ranking_best_algo: CMApara
ranking_best_score: 344.22
ranking_my_rank: 363/504 (28.2%)
ranking_my_percent: 28.174603174603174
