ConfigName: krbf__advnormalizedfitness__M1__L8__eps0p015__g0p01__ds0p01__dm0p01
Problem: QUBO
Kernel: rbf
Advantage: normalizedfitness
M: 1
lambda: 8
epsilon_svgd: 0.015
gamma: 0.01
decay_start_ratio: 0.01
decay_min_factor: 0.01
bandwith_kernel: None
no_interact: False
avg_score: -3269.199951171875
median_score: -3278.0
std_score: 132.89678955078125
percentiles: 2%=-3572.0400390625, 5%=-3470.39990234375, 10%=-3430.800048828125, 25%=-3363.0, 50%=-3278.0, 75%=-3170.75, 90%=-3104.0, 95%=-3043.85009765625, 98%=-3028.89990234375
ranking_best_algo: RLSOnePlusOne
ranking_best_score: 3316.5199999999995
ranking_my_rank: 12/504 (97.8%)
ranking_my_percent: 97.81746031746032
