ConfigName: krbf__advnormalizedfitness__M4__L10__eps0p033__g0p015__ds0p01__dm0p01
Problem: QUBO
Kernel: rbf
Advantage: normalizedfitness
M: 4
lambda: 10
epsilon_svgd: 0.033
gamma: 0.015
decay_start_ratio: 0.01
decay_min_factor: 0.01
bandwith_kernel: None
no_interact: False
avg_score: -202.9199981689453
median_score: -203.0
std_score: 12.475318908691406
percentiles: 2%=-224.0, 5%=-222.0, 10%=-219.10000610351562, 25%=-213.0, 50%=-203.0, 75%=-195.75, 90%=-186.89999389648438, 95%=-180.0, 98%=-175.91998291015625
ranking_best_algo: Tabu
ranking_best_score: 208.36000000000004
ranking_my_rank: 32/504 (93.8%)
ranking_my_percent: 93.84920634920636
