ConfigName: kfr__advglobalrankweighted__M1__L11__eps0p02__g0p005__ds0p01__dm0p01
Problem: QUBO
Kernel: fr
Advantage: globalrankweighted
M: 1
lambda: 11
epsilon_svgd: 0.02
gamma: 0.005
decay_start_ratio: 0.01
decay_min_factor: 0.01
bandwith_kernel: None
no_interact: False
avg_score: -2510.419921875
median_score: -2513.5
std_score: 123.9626693725586
percentiles: 2%=-2738.1201171875, 5%=-2709.300048828125, 10%=-2667.300048828125, 25%=-2597.25, 50%=-2513.5, 75%=-2426.25, 90%=-2359.89990234375, 95%=-2318.85009765625, 98%=-2251.23974609375
ranking_best_algo: SVM1MetaModelLogNormal
ranking_best_score: 2605.14
ranking_my_rank: 62/504 (87.9%)
ranking_my_percent: 87.89682539682539
