ConfigName: kjsd__advperagentrankweighted__M5__L24__eps0p02__g0p0003__ds0p2__dm0p05
Problem: NK
Kernel: jsd
Advantage: peragentrankweighted
M: 5
lambda: 24
epsilon_svgd: 0.02
gamma: 0.0003
decay_start_ratio: 0.2
decay_min_factor: 0.05
bandwith_kernel: None
no_interact: False
avg_score: 0.7332742810249329
median_score: 0.7339715957641602
std_score: 0.007683274801820517
percentiles: 2%=0.7179877758026123, 5%=0.719424307346344, 10%=0.723466157913208, 25%=0.7281278371810913, 50%=0.7339715957641602, 75%=0.7389723658561707, 90%=0.7428270578384399, 95%=0.7443156838417053, 98%=0.7461047172546387
ranking_best_algo: PBIL
ranking_best_score: 0.7248786399609374
ranking_my_rank: 1/504 (100.0%)
ranking_my_percent: 100.0
