ConfigName: kjsd__advperagentrankweighted__M3__L20__eps0p005__g0p003__ds0p05__dm0p1
Problem: NK
Kernel: jsd
Advantage: peragentrankweighted
M: 3
lambda: 20
epsilon_svgd: 0.005
gamma: 0.003
decay_start_ratio: 0.05
decay_min_factor: 0.1
bandwith_kernel: None
no_interact: False
avg_score: 0.7436169385910034
median_score: 0.7422001957893372
std_score: 0.028888395056128502
percentiles: 2%=0.6974515914916992, 5%=0.7057579159736633, 10%=0.7075580954551697, 25%=0.7215021848678589, 50%=0.7422001957893372, 75%=0.7580187320709229, 90%=0.7779470086097717, 95%=0.8044298887252808, 98%=0.8048025369644165
ranking_best_algo: CMApara
ranking_best_score: 0.7459277895312499
ranking_my_rank: 7/504 (98.8%)
ranking_my_percent: 98.80952380952381
