ConfigName: krbf__advnormalizedfitness__M3__L8__eps0p033__g0p005__ds0p3__dm0p3
Problem: NK
Kernel: rbf
Advantage: normalizedfitness
M: 3
lambda: 8
epsilon_svgd: 0.033
gamma: 0.005
decay_start_ratio: 0.3
decay_min_factor: 0.3
bandwith_kernel: None
no_interact: False
avg_score: 0.7323352098464966
median_score: 0.7331286668777466
std_score: 0.009327172301709652
percentiles: 2%=0.7127234935760498, 5%=0.7147690653800964, 10%=0.7195969820022583, 25%=0.7247362732887268, 50%=0.7331286668777466, 75%=0.7399407029151917, 90%=0.7434738874435425, 95%=0.7453591823577881, 98%=0.7456588745117188
ranking_best_algo: PBIL
ranking_best_score: 0.7248786399609374
ranking_my_rank: 1/504 (100.0%)
ranking_my_percent: 100.0
