ConfigName: krbf__advnormalizedfitness__M2__L6__eps0p01__g0p01__ds0p01__dm0p3
Problem: QUBO
Kernel: rbf
Advantage: normalizedfitness
M: 2
lambda: 6
epsilon_svgd: 0.01
gamma: 0.01
decay_start_ratio: 0.01
decay_min_factor: 0.3
bandwith_kernel: None
no_interact: False
avg_score: -413.0799865722656
median_score: -413.0
std_score: 26.71541976928711
percentiles: 2%=-471.1199951171875, 5%=-452.25, 10%=-446.3999938964844, 25%=-430.5, 50%=-413.0, 75%=-398.0, 90%=-379.4000244140625, 95%=-370.0, 98%=-350.0
ranking_best_algo: Tabu
ranking_best_score: 438.12
ranking_my_rank: 60/504 (88.3%)
ranking_my_percent: 88.2936507936508
