ConfigName: kjsd__advperagentrankweighted__M4__L20__eps0p005__g0p001__ds0p1__dm0p2
Problem: QUBO
Kernel: jsd
Advantage: peragentrankweighted
M: 4
lambda: 20
epsilon_svgd: 0.005
gamma: 0.001
decay_start_ratio: 0.1
decay_min_factor: 0.2
bandwith_kernel: None
no_interact: False
avg_score: -1169.0799560546875
median_score: -1161.0
std_score: 68.56160736083984
percentiles: 2%=-1327.0, 5%=-1305.300048828125, 10%=-1269.800048828125, 25%=-1209.0, 50%=-1161.0, 75%=-1113.0, 90%=-1090.9000244140625, 95%=-1074.5, 98%=-1061.9599609375
ranking_best_algo: Tabu
ranking_best_score: 1216.16
ranking_my_rank: 92/504 (81.9%)
ranking_my_percent: 81.94444444444444
