ConfigName: kjsd__advperagentrankweighted__M4__L8__eps0p03__g0p0007__ds0p2__dm0p05
Problem: QUBO
Kernel: jsd
Advantage: peragentrankweighted
M: 4
lambda: 8
epsilon_svgd: 0.03
gamma: 0.0007
decay_start_ratio: 0.2
decay_min_factor: 0.05
bandwith_kernel: None
no_interact: False
avg_score: -921.780029296875
median_score: -928.5
std_score: 63.888431549072266
percentiles: 2%=-1044.1600341796875, 5%=-1006.75, 10%=-986.5, 25%=-965.25, 50%=-928.5, 75%=-875.0, 90%=-839.0, 95%=-814.5, 98%=-770.9199829101562
ranking_best_algo: CMApara
ranking_best_score: 964.9
ranking_my_rank: 51/504 (90.1%)
ranking_my_percent: 90.07936507936508
