ConfigName: krbf__advnormalizedfitness__M2__L3__eps0p015__g0p005__ds0p3__dm0p3
Problem: QUBO
Kernel: rbf
Advantage: normalizedfitness
M: 2
lambda: 3
epsilon_svgd: 0.015
gamma: 0.005
decay_start_ratio: 0.3
decay_min_factor: 0.3
bandwith_kernel: None
no_interact: False
avg_score: -545.9400024414062
median_score: -560.5
std_score: 72.61209869384766
percentiles: 2%=-604.0999755859375, 5%=-599.1500244140625, 10%=-593.0999755859375, 25%=-573.75, 50%=-560.5, 75%=-534.75, 90%=-514.0, 95%=-504.25, 98%=-328.3399963378906
ranking_best_algo: Tabu
ranking_best_score: 588.7199999999999
ranking_my_rank: 156/503 (69.2%)
ranking_my_percent: 69.18489065606362
