ConfigName: kjsd__advperagentrankweighted__M3__L18__eps0p007__g0p001__ds0p2__dm0p05
Problem: QUBO
Kernel: jsd
Advantage: peragentrankweighted
M: 3
lambda: 18
epsilon_svgd: 0.007
gamma: 0.001
decay_start_ratio: 0.2
decay_min_factor: 0.05
bandwith_kernel: None
no_interact: False
avg_score: -3292.56005859375
median_score: -3304.0
std_score: 130.36874389648438
percentiles: 2%=-3522.340087890625, 5%=-3487.300048828125, 10%=-3464.699951171875, 25%=-3380.5, 50%=-3304.0, 75%=-3193.75, 90%=-3131.199951171875, 95%=-3084.0, 98%=-2990.97998046875
ranking_best_algo: RLSOnePlusOne
ranking_best_score: 3316.5199999999995
ranking_my_rank: 3/504 (99.6%)
ranking_my_percent: 99.60317460317461
