ConfigName: kjsd__advperagentrankweighted__M4__L24__eps0p01__g0p0007__ds0p05__dm0p05
Problem: QUBO
Kernel: jsd
Advantage: peragentrankweighted
M: 4
lambda: 24
epsilon_svgd: 0.01
gamma: 0.0007
decay_start_ratio: 0.05
decay_min_factor: 0.05
bandwith_kernel: None
no_interact: False
avg_score: -200.24000549316406
median_score: -201.0
std_score: 11.831416130065918
percentiles: 2%=-224.0, 5%=-221.0500030517578, 10%=-217.10000610351562, 25%=-207.0, 50%=-201.0, 75%=-193.0, 90%=-183.0, 95%=-180.85000610351562, 98%=-176.9600067138672
ranking_best_algo: Tabu
ranking_best_score: 208.36000000000004
ranking_my_rank: 49/504 (90.5%)
ranking_my_percent: 90.47619047619048
