ConfigName: krbf__advnormalizedfitness__M3__L8__eps0p03__g0p01__ds0p05__dm0p05
Problem: QUBO
Kernel: rbf
Advantage: normalizedfitness
M: 3
lambda: 8
epsilon_svgd: 0.03
gamma: 0.01
decay_start_ratio: 0.05
decay_min_factor: 0.05
bandwith_kernel: None
no_interact: False
avg_score: -928.5599975585938
median_score: -918.0
std_score: 65.33441925048828
percentiles: 2%=-1061.0400390625, 5%=-1050.449951171875, 10%=-1026.199951171875, 25%=-972.0, 50%=-918.0, 75%=-877.0, 90%=-855.0, 95%=-838.5999755859375, 98%=-816.9600219726562
ranking_best_algo: CMApara
ranking_best_score: 964.9
ranking_my_rank: 21/504 (96.0%)
ranking_my_percent: 96.03174603174604
