ConfigName: krbf__advnormalizedfitness__M3__L10__eps0p015__g0p007__ds0p15__dm0p01
Problem: QUBO
Kernel: rbf
Advantage: normalizedfitness
M: 3
lambda: 10
epsilon_svgd: 0.015
gamma: 0.007
decay_start_ratio: 0.15
decay_min_factor: 0.01
bandwith_kernel: None
no_interact: False
avg_score: -2533.159912109375
median_score: -2543.5
std_score: 146.20880126953125
percentiles: 2%=-2753.239990234375, 5%=-2739.300048828125, 10%=-2715.699951171875, 25%=-2655.75, 50%=-2543.5, 75%=-2439.75, 90%=-2339.300048828125, 95%=-2289.0, 98%=-2207.739990234375
ranking_best_algo: DiscreteLengler2OnePlusOne
ranking_best_score: 2617.04
ranking_my_rank: 59/504 (88.5%)
ranking_my_percent: 88.4920634920635
