ConfigName: krbf__advnormalizedfitness__M4__L12__eps0p033__g0p01__ds0p01__dm0p3
Problem: QUBO
Kernel: rbf
Advantage: normalizedfitness
M: 4
lambda: 12
epsilon_svgd: 0.033
gamma: 0.01
decay_start_ratio: 0.01
decay_min_factor: 0.3
bandwith_kernel: None
no_interact: False
avg_score: -902.1400146484375
median_score: -890.0
std_score: 84.07996368408203
percentiles: 2%=-1061.1400146484375, 5%=-1046.0, 10%=-1018.2999877929688, 25%=-962.5, 50%=-890.0, 75%=-839.0, 90%=-805.7999877929688, 95%=-792.0001220703125, 98%=-759.9597778320312
ranking_best_algo: CMApara
ranking_best_score: 964.9
ranking_my_rank: 110/504 (78.4%)
ranking_my_percent: 78.37301587301587
