ConfigName: kjsd__advperagentrankweighted__M3__L16__eps0p005__g0p0005__ds0p1__dm0p05
Problem: QUBO
Kernel: jsd
Advantage: peragentrankweighted
M: 3
lambda: 16
epsilon_svgd: 0.005
gamma: 0.0005
decay_start_ratio: 0.1
decay_min_factor: 0.05
bandwith_kernel: None
no_interact: False
avg_score: -438.8800048828125
median_score: -439.0
std_score: 27.845029830932617
percentiles: 2%=-487.05999755859375, 5%=-479.20001220703125, 10%=-473.0, 25%=-461.25, 50%=-439.0, 75%=-416.0, 90%=-403.6000061035156, 95%=-394.0, 98%=-384.9200134277344
ranking_best_algo: CMApara
ranking_best_score: 453.82
ranking_my_rank: 19/504 (96.4%)
ranking_my_percent: 96.42857142857143
