ConfigName: kjsd__advperagentrankweighted__M4__L12__eps0p005__g0p0005__ds0p4__dm0p05
Problem: NK
Kernel: jsd
Advantage: peragentrankweighted
M: 4
lambda: 12
epsilon_svgd: 0.005
gamma: 0.0005
decay_start_ratio: 0.4
decay_min_factor: 0.05
bandwith_kernel: None
no_interact: False
avg_score: 0.7434932589530945
median_score: 0.7407060861587524
std_score: 0.029408935457468033
percentiles: 2%=0.6875130534172058, 5%=0.7037456035614014, 10%=0.7107125520706177, 25%=0.7248982191085815, 50%=0.7407060861587524, 75%=0.7585474252700806, 90%=0.7783373594284058, 95%=0.8046854138374329, 98%=0.8109671473503113
ranking_best_algo: CMApara
ranking_best_score: 0.7459277895312499
ranking_my_rank: 9/504 (98.4%)
ranking_my_percent: 98.41269841269842
