ConfigName: krbf__advnormalizedfitness__M4__L10__eps0p015__g0p005__ds0p3__dm0p3
Problem: NK
Kernel: rbf
Advantage: normalizedfitness
M: 4
lambda: 10
epsilon_svgd: 0.015
gamma: 0.005
decay_start_ratio: 0.3
decay_min_factor: 0.3
bandwith_kernel: None
no_interact: False
avg_score: 0.7077779173851013
median_score: 0.7085906267166138
std_score: 0.011290177702903748
percentiles: 2%=0.6873722672462463, 5%=0.689759373664856, 10%=0.6917828321456909, 25%=0.6999738812446594, 50%=0.7085906267166138, 75%=0.7163867354393005, 90%=0.721030056476593, 95%=0.725179135799408, 98%=0.7278336882591248
ranking_best_algo: PBIL
ranking_best_score: 0.7248786399609374
ranking_my_rank: 70/504 (86.3%)
ranking_my_percent: 86.30952380952381
