ConfigName: kjsd__advperagentrankweighted__M3__L16__eps0p005__g0p003__ds0p2__dm0p2
Problem: NK
Kernel: jsd
Advantage: peragentrankweighted
M: 3
lambda: 16
epsilon_svgd: 0.005
gamma: 0.003
decay_start_ratio: 0.2
decay_min_factor: 0.2
bandwith_kernel: None
no_interact: False
avg_score: 0.5851157903671265
median_score: 0.583990752696991
std_score: 0.008437711745500565
percentiles: 2%=0.5730116963386536, 5%=0.5744526386260986, 10%=0.5761703848838806, 25%=0.5784358978271484, 50%=0.583990752696991, 75%=0.5895771980285645, 90%=0.5953274965286255, 95%=0.6023814082145691, 98%=0.6055141091346741
ranking_best_algo: PBIL
ranking_best_score: 0.7170882103515624
ranking_my_rank: 374/504 (26.0%)
ranking_my_percent: 25.99206349206349
