ConfigName: krbf__advnormalizedfitness__M3__L8__eps0p025__g0p005__ds0p15__dm0p3
Problem: NK
Kernel: rbf
Advantage: normalizedfitness
M: 3
lambda: 8
epsilon_svgd: 0.025
gamma: 0.005
decay_start_ratio: 0.15
decay_min_factor: 0.3
bandwith_kernel: None
no_interact: False
avg_score: 0.7294327616691589
median_score: 0.7295412421226501
std_score: 0.009522266685962677
percentiles: 2%=0.7125338315963745, 5%=0.7152876853942871, 10%=0.7169895172119141, 25%=0.7224001884460449, 50%=0.7295412421226501, 75%=0.735238790512085, 90%=0.7419373393058777, 95%=0.7452682852745056, 98%=0.7499595284461975
ranking_best_algo: Tabu
ranking_best_score: 0.7429702712499999
ranking_my_rank: 2/504 (99.8%)
ranking_my_percent: 99.8015873015873
