ConfigName: kjsd__advperagentrankweighted__M4__L20__eps0p007__g0p0005__ds0p1__dm0p05
Problem: QUBO
Kernel: jsd
Advantage: peragentrankweighted
M: 4
lambda: 20
epsilon_svgd: 0.007
gamma: 0.0005
decay_start_ratio: 0.1
decay_min_factor: 0.05
bandwith_kernel: None
no_interact: False
avg_score: -3313.340087890625
median_score: -3302.5
std_score: 136.4807891845703
percentiles: 2%=-3621.739990234375, 5%=-3536.949951171875, 10%=-3487.89990234375, 25%=-3406.0, 50%=-3302.5, 75%=-3230.5, 90%=-3135.199951171875, 95%=-3106.89990234375, 98%=-3073.699951171875
ranking_best_algo: RLSOnePlusOne
ranking_best_score: 3316.5199999999995
ranking_my_rank: 2/504 (99.8%)
ranking_my_percent: 99.8015873015873
