ConfigName: krbf__advnormalizedfitness__M3__L15__eps0p025__g0p01__ds0p01__dm0p01
Problem: QUBO
Kernel: rbf
Advantage: normalizedfitness
M: 3
lambda: 15
epsilon_svgd: 0.025
gamma: 0.01
decay_start_ratio: 0.01
decay_min_factor: 0.01
bandwith_kernel: None
no_interact: False
avg_score: -2498.260009765625
median_score: -2494.5
std_score: 163.3270721435547
percentiles: 2%=-2808.10009765625, 5%=-2770.35009765625, 10%=-2725.300048828125, 25%=-2611.75, 50%=-2494.5, 75%=-2388.0, 90%=-2277.300048828125, 95%=-2229.85009765625, 98%=-2214.5595703125
ranking_best_algo: DiscreteLengler2OnePlusOne
ranking_best_score: 2617.04
ranking_my_rank: 72/504 (85.9%)
ranking_my_percent: 85.91269841269842
