ConfigName: krbf__advnormalizedfitness__M4__L15__eps0p033__g0p005__ds0p15__dm0p01
Problem: QUBO
Kernel: rbf
Advantage: normalizedfitness
M: 4
lambda: 15
epsilon_svgd: 0.033
gamma: 0.005
decay_start_ratio: 0.15
decay_min_factor: 0.01
bandwith_kernel: None
no_interact: False
avg_score: -1245.97998046875
median_score: -1236.0
std_score: 75.85920715332031
percentiles: 2%=-1390.06005859375, 5%=-1381.0, 10%=-1344.0, 25%=-1308.75, 50%=-1236.0, 75%=-1194.5, 90%=-1149.9000244140625, 95%=-1115.0, 98%=-1100.7999267578125
ranking_best_algo: BigLognormalDiscreteOnePlusOne
ranking_best_score: 1301.3600000000004
ranking_my_rank: 57/504 (88.9%)
ranking_my_percent: 88.88888888888889
