ConfigName: kjsd__advperagentrankweighted__M10__L24__eps0p008__g0p0005__ds0p05__dm0p05
Problem: NK
Kernel: jsd
Advantage: peragentrankweighted
M: 10
lambda: 24
epsilon_svgd: 0.008
gamma: 0.0005
decay_start_ratio: 0.05
decay_min_factor: 0.05
bandwith_kernel: None
no_interact: False
avg_score: 0.7513256072998047
median_score: 0.7542057037353516
std_score: 0.013255062513053417
percentiles: 2%=0.7210476398468018, 5%=0.7290137410163879, 10%=0.7332234382629395, 25%=0.7413168549537659, 50%=0.7542057037353516, 75%=0.7603004574775696, 90%=0.7678152918815613, 95%=0.7706454992294312, 98%=0.7728319764137268
ranking_best_algo: Tabu
ranking_best_score: 0.7657846284375001
ranking_my_rank: 17/504 (96.8%)
ranking_my_percent: 96.82539682539682
