ConfigName: krbf__advnormalizedfitness__M4__L10__eps0p03__g0p005__ds0p15__dm0p05
Problem: QUBO
Kernel: rbf
Advantage: normalizedfitness
M: 4
lambda: 10
epsilon_svgd: 0.03
gamma: 0.005
decay_start_ratio: 0.15
decay_min_factor: 0.05
bandwith_kernel: None
no_interact: False
avg_score: -905.1400146484375
median_score: -896.5
std_score: 66.45660400390625
percentiles: 2%=-1056.0400390625, 5%=-1036.4000244140625, 10%=-997.4000244140625, 25%=-947.0, 50%=-896.5, 75%=-859.0, 90%=-818.7000122070312, 95%=-804.7999877929688, 98%=-792.9600219726562
ranking_best_algo: CMAL3
ranking_best_score: 928.5800000000002
ranking_my_rank: 64/504 (87.5%)
ranking_my_percent: 87.5
