ConfigName: krbf__advnormalizedfitness__M3__L10__eps0p033__g0p005__ds0p3__dm0p01
Problem: QUBO
Kernel: rbf
Advantage: normalizedfitness
M: 3
lambda: 10
epsilon_svgd: 0.033
gamma: 0.005
decay_start_ratio: 0.3
decay_min_factor: 0.01
bandwith_kernel: None
no_interact: False
avg_score: -895.5999755859375
median_score: -889.0
std_score: 62.88322448730469
percentiles: 2%=-1022.2999877929688, 5%=-998.5, 10%=-980.2000122070312, 25%=-942.25, 50%=-889.0, 75%=-849.5, 90%=-820.2000122070312, 95%=-806.9500732421875, 98%=-785.97998046875
ranking_best_algo: CMAL3
ranking_best_score: 928.5800000000002
ranking_my_rank: 84/504 (83.5%)
ranking_my_percent: 83.53174603174604
