ConfigName: krbf__advnormalizedfitness__M3__L10__eps0p015__g0p015__ds0p15__dm0p3
Problem: QUBO
Kernel: rbf
Advantage: normalizedfitness
M: 3
lambda: 10
epsilon_svgd: 0.015
gamma: 0.015
decay_start_ratio: 0.15
decay_min_factor: 0.3
bandwith_kernel: None
no_interact: False
avg_score: -690.7999877929688
median_score: -688.0
std_score: 82.55555725097656
percentiles: 2%=-875.0399780273438, 5%=-846.3499755859375, 10%=-786.0999755859375, 25%=-740.25, 50%=-688.0, 75%=-638.5, 90%=-586.4000244140625, 95%=-560.9500732421875, 98%=-534.9199829101562
ranking_best_algo: NLOPT_LN_PRAXIS
ranking_best_score: 1607.12
ranking_my_rank: 372/504 (26.4%)
ranking_my_percent: 26.38888888888889
