ConfigName: kjsd__advperagentrankweighted__M3__L30__eps0p007__g0p0005__ds0p1__dm0p2
Problem: QUBO
Kernel: jsd
Advantage: peragentrankweighted
M: 3
lambda: 30
epsilon_svgd: 0.007
gamma: 0.0005
decay_start_ratio: 0.1
decay_min_factor: 0.2
bandwith_kernel: None
no_interact: False
avg_score: -2601.60009765625
median_score: -2594.5
std_score: 117.7862548828125
percentiles: 2%=-2829.580078125, 5%=-2818.25, 10%=-2772.300048828125, 25%=-2678.0, 50%=-2594.5, 75%=-2517.0, 90%=-2454.300048828125, 95%=-2423.89990234375, 98%=-2407.719970703125
ranking_best_algo: SVM1MetaModelLogNormal
ranking_best_score: 2605.14
ranking_my_rank: 2/504 (99.8%)
ranking_my_percent: 99.8015873015873
