ConfigName: kjsd__advperagentrankweighted__M3__L30__eps0p007__g0p0005__ds0p1__dm0p2
Problem: NK
Kernel: jsd
Advantage: peragentrankweighted
M: 3
lambda: 30
epsilon_svgd: 0.007
gamma: 0.0005
decay_start_ratio: 0.1
decay_min_factor: 0.2
bandwith_kernel: None
no_interact: False
avg_score: 0.7535190582275391
median_score: 0.7552098035812378
std_score: 0.013601657003164291
percentiles: 2%=0.723967432975769, 5%=0.7278859615325928, 10%=0.7349311709403992, 25%=0.7441696524620056, 50%=0.7552098035812378, 75%=0.762767493724823, 90%=0.7693799734115601, 95%=0.7723858952522278, 98%=0.7774339914321899
ranking_best_algo: Tabu
ranking_best_score: 0.7657846284375001
ranking_my_rank: 9/504 (98.4%)
ranking_my_percent: 98.41269841269842
