ConfigName: krbf__advnormalizedfitness__M4__L15__eps0p033__g0p007__ds0p15__dm0p3
Problem: QUBO
Kernel: rbf
Advantage: normalizedfitness
M: 4
lambda: 15
epsilon_svgd: 0.033
gamma: 0.007
decay_start_ratio: 0.15
decay_min_factor: 0.3
bandwith_kernel: None
no_interact: False
avg_score: -414.6199951171875
median_score: -418.0
std_score: 27.737621307373047
percentiles: 2%=-459.3600158691406, 5%=-455.1000061035156, 10%=-453.0, 25%=-432.75, 50%=-418.0, 75%=-398.0, 90%=-373.79998779296875, 95%=-369.8000183105469, 98%=-359.91998291015625
ranking_best_algo: Tabu
ranking_best_score: 438.12
ranking_my_rank: 52/504 (89.9%)
ranking_my_percent: 89.88095238095238
