ConfigName: kjsd__advperagentrankweighted__M4__L10__eps0p03__g0p0003__ds0p2__dm0p05
Problem: QUBO
Kernel: jsd
Advantage: peragentrankweighted
M: 4
lambda: 10
epsilon_svgd: 0.03
gamma: 0.0003
decay_start_ratio: 0.2
decay_min_factor: 0.05
bandwith_kernel: None
no_interact: False
avg_score: -394.4599914550781
median_score: -393.5
std_score: 26.436119079589844
percentiles: 2%=-449.0199890136719, 5%=-442.0, 10%=-431.20001220703125, 25%=-414.25, 50%=-393.5, 75%=-376.0, 90%=-361.3999938964844, 95%=-352.0, 98%=-346.0
ranking_best_algo: Tabu
ranking_best_score: 438.12
ranking_my_rank: 237/504 (53.2%)
ranking_my_percent: 53.17460317460318
