ConfigName: krbf__advnormalizedfitness__M4__L12__eps0p033__g0p007__ds0p15__dm0p01
Problem: NK
Kernel: rbf
Advantage: normalizedfitness
M: 4
lambda: 12
epsilon_svgd: 0.033
gamma: 0.007
decay_start_ratio: 0.15
decay_min_factor: 0.01
bandwith_kernel: None
no_interact: False
avg_score: 0.6513329148292542
median_score: 0.6463450193405151
std_score: 0.01877286471426487
percentiles: 2%=0.6231018304824829, 5%=0.6253823041915894, 10%=0.6312448382377625, 25%=0.6405348777770996, 50%=0.6463450193405151, 75%=0.6619663238525391, 90%=0.6772831082344055, 95%=0.6841326355934143, 98%=0.7004912495613098
ranking_best_algo: PBIL
ranking_best_score: 0.7170882103515624
ranking_my_rank: 286/504 (43.5%)
ranking_my_percent: 43.45238095238095
