ConfigName: kjsd__advperagentrankweighted__M4__L24__eps0p01__g0p0005__ds1__dm1
Problem: NK
Kernel: jsd
Advantage: peragentrankweighted
M: 4
lambda: 24
epsilon_svgd: 0.01
gamma: 0.0005
decay_start_ratio: 1.0
decay_min_factor: 1.0
bandwith_kernel: None
no_interact: False
avg_score: 0.750925600528717
median_score: 0.7495399713516235
std_score: 0.01296281348913908
percentiles: 2%=0.7240579724311829, 5%=0.7317541837692261, 10%=0.7361375689506531, 25%=0.7420722842216492, 50%=0.7495399713516235, 75%=0.7609973549842834, 90%=0.7702685594558716, 95%=0.7727460265159607, 98%=0.7744341492652893
ranking_best_algo: Tabu
ranking_best_score: 0.7657846284375001
ranking_my_rank: 18/504 (96.6%)
ranking_my_percent: 96.62698412698413
