ConfigName: krbf__advnormalizedfitness__M3__L10__eps0p015__g0p007__ds0p15__dm0p01
Problem: NK
Kernel: rbf
Advantage: normalizedfitness
M: 3
lambda: 10
epsilon_svgd: 0.015
gamma: 0.007
decay_start_ratio: 0.15
decay_min_factor: 0.01
bandwith_kernel: None
no_interact: False
avg_score: 0.7107658982276917
median_score: 0.7114980220794678
std_score: 0.015151103027164936
percentiles: 2%=0.673751175403595, 5%=0.6739691495895386, 10%=0.6971708536148071, 25%=0.7072755098342896, 50%=0.7114980220794678, 75%=0.7194965481758118, 90%=0.7255297303199768, 95%=0.7331905364990234, 98%=0.7339138388633728
ranking_best_algo: CMApara
ranking_best_score: 0.707475975
ranking_my_rank: 1/504 (100.0%)
ranking_my_percent: 100.0
