ConfigName: kjsd__advperagentrankweighted__M3__L24__eps0p005__g0p0005__ds0p1__dm0p05
Problem: QUBO
Kernel: jsd
Advantage: peragentrankweighted
M: 3
lambda: 24
epsilon_svgd: 0.005
gamma: 0.0005
decay_start_ratio: 0.1
decay_min_factor: 0.05
bandwith_kernel: None
no_interact: False
avg_score: -326.5199890136719
median_score: -326.0
std_score: 21.56871795654297
percentiles: 2%=-361.2200012207031, 5%=-357.0, 10%=-350.0, 25%=-342.0, 50%=-326.0, 75%=-311.75, 90%=-296.0, 95%=-285.79998779296875, 98%=-280.0
ranking_best_algo: CMApara
ranking_best_score: 344.22
ranking_my_rank: 111/504 (78.2%)
ranking_my_percent: 78.17460317460318
