ConfigName: krbf__advnormalizedfitness__M3__L8__eps0p033__g0p015__ds0p01__dm0p01
Problem: QUBO
Kernel: rbf
Advantage: normalizedfitness
M: 3
lambda: 8
epsilon_svgd: 0.033
gamma: 0.015
decay_start_ratio: 0.01
decay_min_factor: 0.01
bandwith_kernel: None
no_interact: False
avg_score: -431.760009765625
median_score: -432.5
std_score: 25.94036102294922
percentiles: 2%=-481.0, 5%=-473.20001220703125, 10%=-469.0, 25%=-446.25, 50%=-432.5, 75%=-416.75, 90%=-400.8999938964844, 95%=-396.300048828125, 98%=-371.679931640625
ranking_best_algo: CMAL3
ranking_best_score: 435.36
ranking_my_rank: 7/504 (98.8%)
ranking_my_percent: 98.80952380952381
