ConfigName: kjsd__advperagentrankweighted__M3__L16__eps0p01__g0p0005__ds0p05__dm0p1
Problem: NK
Kernel: jsd
Advantage: peragentrankweighted
M: 3
lambda: 16
epsilon_svgd: 0.01
gamma: 0.0005
decay_start_ratio: 0.05
decay_min_factor: 0.1
bandwith_kernel: None
no_interact: False
avg_score: 0.7057015895843506
median_score: 0.7078119516372681
std_score: 0.01157623901963234
percentiles: 2%=0.685592532157898, 5%=0.6872506737709045, 10%=0.689629852771759, 25%=0.6951076984405518, 50%=0.7078119516372681, 75%=0.7159613370895386, 90%=0.7191460728645325, 95%=0.7218671441078186, 98%=0.722836434841156
ranking_best_algo: PBIL
ranking_best_score: 0.7013553837109374
ranking_my_rank: 1/504 (100.0%)
ranking_my_percent: 100.0
