ConfigName: krbf__advnormalizedfitness__M3__L12__eps0p025__g0p01__ds0p15__dm0p01
Problem: QUBO
Kernel: rbf
Advantage: normalizedfitness
M: 3
lambda: 12
epsilon_svgd: 0.025
gamma: 0.01
decay_start_ratio: 0.15
decay_min_factor: 0.01
bandwith_kernel: None
no_interact: False
avg_score: -3110.06005859375
median_score: -3125.5
std_score: 168.29615783691406
percentiles: 2%=-3383.800048828125, 5%=-3360.199951171875, 10%=-3324.0, 25%=-3227.0, 50%=-3125.5, 75%=-2975.25, 90%=-2884.699951171875, 95%=-2813.800048828125, 98%=-2797.47998046875
ranking_best_algo: RLSOnePlusOne
ranking_best_score: 3316.5199999999995
ranking_my_rank: 81/504 (84.1%)
ranking_my_percent: 84.12698412698413
