ConfigName: kjsd__advperagentrankweighted__M3__L18__eps0p005__g0p0005__ds0p05__dm0p1
Problem: QUBO
Kernel: jsd
Advantage: peragentrankweighted
M: 3
lambda: 18
epsilon_svgd: 0.005
gamma: 0.0005
decay_start_ratio: 0.05
decay_min_factor: 0.1
bandwith_kernel: None
no_interact: False
avg_score: -1248.0
median_score: -1238.5
std_score: 62.71283721923828
percentiles: 2%=-1384.4000244140625, 5%=-1373.199951171875, 10%=-1325.199951171875, 25%=-1291.0, 50%=-1238.5, 75%=-1202.0, 90%=-1172.699951171875, 95%=-1162.800048828125, 98%=-1155.0
ranking_best_algo: SVMMetaModelLogNormal
ranking_best_score: 1233.7999999999997
ranking_my_rank: 1/504 (100.0%)
ranking_my_percent: 100.0
