ConfigName: krbf__advnormalizedfitness__M2__L8__eps0p033__g0p007__ds0p3__dm0p3
Problem: QUBO
Kernel: rbf
Advantage: normalizedfitness
M: 2
lambda: 8
epsilon_svgd: 0.033
gamma: 0.007
decay_start_ratio: 0.3
decay_min_factor: 0.3
bandwith_kernel: None
no_interact: False
avg_score: -3266.0400390625
median_score: -3263.0
std_score: 145.72959899902344
percentiles: 2%=-3536.739990234375, 5%=-3487.300048828125, 10%=-3436.60009765625, 25%=-3367.5, 50%=-3263.0, 75%=-3167.0, 90%=-3095.199951171875, 95%=-3022.89990234375, 98%=-2969.56005859375
ranking_best_algo: RLSOnePlusOne
ranking_best_score: 3316.5199999999995
ranking_my_rank: 13/504 (97.6%)
ranking_my_percent: 97.61904761904762
