ConfigName: kjsd__advperagentrankweighted__M3__L16__eps0p007__g0p003__ds0p2__dm0p1
Problem: QUBO
Kernel: jsd
Advantage: peragentrankweighted
M: 3
lambda: 16
epsilon_svgd: 0.007
gamma: 0.003
decay_start_ratio: 0.2
decay_min_factor: 0.1
bandwith_kernel: None
no_interact: False
avg_score: -893.760009765625
median_score: -882.0
std_score: 63.3681526184082
percentiles: 2%=-1042.0400390625, 5%=-1007.0999755859375, 10%=-977.0, 25%=-940.75, 50%=-882.0, 75%=-847.75, 90%=-818.4000244140625, 95%=-804.5, 98%=-775.9400024414062
ranking_best_algo: CMAL3
ranking_best_score: 928.5800000000002
ranking_my_rank: 93/504 (81.7%)
ranking_my_percent: 81.74603174603175
