ConfigName: krbf__advnormalizedfitness__M3__L10__eps0p033__g0p01__ds0p01__dm0p3
Problem: QUBO
Kernel: rbf
Advantage: normalizedfitness
M: 3
lambda: 10
epsilon_svgd: 0.033
gamma: 0.01
decay_start_ratio: 0.01
decay_min_factor: 0.3
bandwith_kernel: None
no_interact: False
avg_score: -578.1599731445312
median_score: -577.5
std_score: 27.03801918029785
percentiles: 2%=-633.0999755859375, 5%=-627.0, 10%=-617.0, 25%=-593.25, 50%=-577.5, 75%=-558.75, 90%=-546.7999877929688, 95%=-538.9500122070312, 98%=-529.7999267578125
ranking_best_algo: Tabu
ranking_best_score: 588.7199999999999
ranking_my_rank: 42/503 (91.8%)
ranking_my_percent: 91.84890656063618
