ConfigName: kjsd__advperagentrankweighted__M3__L18__eps0p005__g0p0007__ds0p05__dm0p1
Problem: NK
Kernel: jsd
Advantage: peragentrankweighted
M: 3
lambda: 18
epsilon_svgd: 0.005
gamma: 0.0007
decay_start_ratio: 0.05
decay_min_factor: 0.1
bandwith_kernel: None
no_interact: False
avg_score: 0.7582108974456787
median_score: 0.7584825754165649
std_score: 0.012714854441583157
percentiles: 2%=0.7373829483985901, 5%=0.7398583292961121, 10%=0.7414923906326294, 25%=0.7487716674804688, 50%=0.7584825754165649, 75%=0.7689586877822876, 90%=0.7752823829650879, 95%=0.7780076861381531, 98%=0.781618058681488
ranking_best_algo: Tabu
ranking_best_score: 0.7470791764843752
ranking_my_rank: 1/504 (100.0%)
ranking_my_percent: 100.0
