ConfigName: krbf__advnormalizedfitness__M3__L15__eps0p033__g0p015__ds0p15__dm0p01
Problem: NK
Kernel: rbf
Advantage: normalizedfitness
M: 3
lambda: 15
epsilon_svgd: 0.033
gamma: 0.015
decay_start_ratio: 0.15
decay_min_factor: 0.01
bandwith_kernel: None
no_interact: False
avg_score: 0.7373156547546387
median_score: 0.738213062286377
std_score: 0.009075194597244263
percentiles: 2%=0.718326210975647, 5%=0.7209237217903137, 10%=0.7228158712387085, 25%=0.7320947051048279, 50%=0.738213062286377, 75%=0.744052529335022, 90%=0.7477319240570068, 95%=0.7508944272994995, 98%=0.7545002698898315
ranking_best_algo: PBIL
ranking_best_score: 0.730509098125
ranking_my_rank: 1/504 (100.0%)
ranking_my_percent: 100.0
