ConfigName: krbf__advnormalizedfitness__M3__L12__eps0p025__g0p007__ds0p15__dm0p01
Problem: QUBO
Kernel: rbf
Advantage: normalizedfitness
M: 3
lambda: 12
epsilon_svgd: 0.025
gamma: 0.007
decay_start_ratio: 0.15
decay_min_factor: 0.01
bandwith_kernel: None
no_interact: False
avg_score: -1210.3599853515625
median_score: -1206.0
std_score: 83.5732650756836
percentiles: 2%=-1382.52001953125, 5%=-1352.3499755859375, 10%=-1324.5, 25%=-1269.25, 50%=-1206.0, 75%=-1150.5, 90%=-1103.9000244140625, 95%=-1080.9000244140625, 98%=-1073.8399658203125
ranking_best_algo: SVMMetaModelLogNormal
ranking_best_score: 1233.7999999999997
ranking_my_rank: 45/504 (91.3%)
ranking_my_percent: 91.26984126984127
