ConfigName: krbf__advnormalizedfitness__M2__L8__eps0p015__g0p005__ds0p15__dm0p3
Problem: QUBO
Kernel: rbf
Advantage: normalizedfitness
M: 2
lambda: 8
epsilon_svgd: 0.015
gamma: 0.005
decay_start_ratio: 0.15
decay_min_factor: 0.3
bandwith_kernel: None
no_interact: False
avg_score: -324.4599914550781
median_score: -326.0
std_score: 23.54120635986328
percentiles: 2%=-361.2200012207031, 5%=-354.3500061035156, 10%=-350.0, 25%=-342.0, 50%=-326.0, 75%=-306.0, 90%=-295.3999938964844, 95%=-280.0, 98%=-273.9599914550781
ranking_best_algo: CMApara
ranking_best_score: 344.22
ranking_my_rank: 126/504 (75.2%)
ranking_my_percent: 75.1984126984127
