ConfigName: kjsd__advperagentrankweighted__M3__L24__eps0p007__g0p0005__ds0p2__dm0p1
Problem: NK
Kernel: jsd
Advantage: peragentrankweighted
M: 3
lambda: 24
epsilon_svgd: 0.007
gamma: 0.0005
decay_start_ratio: 0.2
decay_min_factor: 0.1
bandwith_kernel: None
no_interact: False
avg_score: 0.7552779316902161
median_score: 0.7551559209823608
std_score: 0.011087939143180847
percentiles: 2%=0.7333307266235352, 5%=0.7375914454460144, 10%=0.7423266768455505, 25%=0.7473896145820618, 50%=0.7551559209823608, 75%=0.7614725828170776, 90%=0.7715778350830078, 95%=0.7732104659080505, 98%=0.7759923934936523
ranking_best_algo: Tabu
ranking_best_score: 0.7470791764843752
ranking_my_rank: 1/504 (100.0%)
ranking_my_percent: 100.0
