ConfigName: kjsd__advperagentrankweighted__M3__L16__eps0p007__g0p001__ds0p1__dm0p05
Problem: QUBO
Kernel: jsd
Advantage: peragentrankweighted
M: 3
lambda: 16
epsilon_svgd: 0.007
gamma: 0.001
decay_start_ratio: 0.1
decay_min_factor: 0.05
bandwith_kernel: None
no_interact: False
avg_score: -2635.9599609375
median_score: -2655.0
std_score: 120.29745483398438
percentiles: 2%=-2841.56005859375, 5%=-2815.050048828125, 10%=-2791.199951171875, 25%=-2717.75, 50%=-2655.0, 75%=-2561.25, 90%=-2459.699951171875, 95%=-2427.25, 98%=-2394.9599609375
ranking_best_algo: DiscreteLengler2OnePlusOne
ranking_best_score: 2617.04
ranking_my_rank: 1/504 (100.0%)
ranking_my_percent: 100.0
