ConfigName: kjsd__advperagentrankweighted__M3__L20__eps0p005__g0p003__ds0p2__dm0p1
Problem: QUBO
Kernel: jsd
Advantage: peragentrankweighted
M: 3
lambda: 20
epsilon_svgd: 0.005
gamma: 0.003
decay_start_ratio: 0.2
decay_min_factor: 0.1
bandwith_kernel: None
no_interact: False
avg_score: -304.739990234375
median_score: -308.0
std_score: 40.26626968383789
percentiles: 2%=-390.0400085449219, 5%=-376.5, 10%=-355.20001220703125, 25%=-332.0, 50%=-308.0, 75%=-271.0, 90%=-255.8000030517578, 95%=-251.60000610351562, 98%=-237.9199981689453
ranking_best_algo: CMApara
ranking_best_score: 319.29999999999995
ranking_my_rank: 136/504 (73.2%)
ranking_my_percent: 73.21428571428571
