ConfigName: kjsd__advperagentrankweighted__M5__L10__eps0p01__g0p0005__ds0p4__dm0p2
Problem: QUBO
Kernel: jsd
Advantage: peragentrankweighted
M: 5
lambda: 10
epsilon_svgd: 0.01
gamma: 0.0005
decay_start_ratio: 0.4
decay_min_factor: 0.2
bandwith_kernel: None
no_interact: False
avg_score: -430.0799865722656
median_score: -428.0
std_score: 26.28751564025879
percentiles: 2%=-481.0799865722656, 5%=-475.0, 10%=-465.20001220703125, 25%=-447.0, 50%=-428.0, 75%=-414.75, 90%=-398.6000061035156, 95%=-390.8500061035156, 98%=-373.79998779296875
ranking_best_algo: CMAL3
ranking_best_score: 435.36
ranking_my_rank: 9/504 (98.4%)
ranking_my_percent: 98.41269841269842
