ConfigName: kjsd__advperagentrankweighted__M4__L20__eps0p005__g0p001__ds0p05__dm0p05
Problem: QUBO
Kernel: jsd
Advantage: peragentrankweighted
M: 4
lambda: 20
epsilon_svgd: 0.005
gamma: 0.001
decay_start_ratio: 0.05
decay_min_factor: 0.05
bandwith_kernel: None
no_interact: False
avg_score: -1281.52001953125
median_score: -1281.0
std_score: 70.52538299560547
percentiles: 2%=-1413.1600341796875, 5%=-1400.199951171875, 10%=-1369.699951171875, 25%=-1331.75, 50%=-1281.0, 75%=-1230.75, 90%=-1195.9000244140625, 95%=-1162.4000244140625, 98%=-1144.8399658203125
ranking_best_algo: BigLognormalDiscreteOnePlusOne
ranking_best_score: 1301.3600000000004
ranking_my_rank: 7/504 (98.8%)
ranking_my_percent: 98.80952380952381
