ConfigName: krbf__advnormalizedfitness__M2__L11__eps0p01__g0p005__ds0p01__dm0p01
Problem: QUBO
Kernel: rbf
Advantage: normalizedfitness
M: 2
lambda: 11
epsilon_svgd: 0.01
gamma: 0.005
decay_start_ratio: 0.01
decay_min_factor: 0.01
bandwith_kernel: None
no_interact: False
avg_score: -1180.0999755859375
median_score: -1181.0
std_score: 60.007083892822266
percentiles: 2%=-1291.56005859375, 5%=-1266.050048828125, 10%=-1245.199951171875, 25%=-1229.25, 50%=-1181.0, 75%=-1134.5, 90%=-1103.5999755859375, 95%=-1089.8499755859375, 98%=-1058.760009765625
ranking_best_algo: Tabu
ranking_best_score: 1216.16
ranking_my_rank: 70/504 (86.3%)
ranking_my_percent: 86.30952380952381
