ConfigName: krbf__advnormalizedfitness__M4__L24__eps0p025__g0p005__ds0p05__dm0p05
Problem: QUBO
Kernel: rbf
Advantage: normalizedfitness
M: 4
lambda: 24
epsilon_svgd: 0.025
gamma: 0.005
decay_start_ratio: 0.05
decay_min_factor: 0.05
bandwith_kernel: None
no_interact: False
avg_score: -1138.780029296875
median_score: -1135.5
std_score: 88.34076690673828
percentiles: 2%=-1302.260009765625, 5%=-1275.199951171875, 10%=-1251.199951171875, 25%=-1213.5, 50%=-1135.5, 75%=-1072.75, 90%=-1018.0, 95%=-988.7999877929688, 98%=-979.0
ranking_best_algo: BigLognormalDiscreteOnePlusOne
ranking_best_score: 1301.3600000000004
ranking_my_rank: 161/504 (68.3%)
ranking_my_percent: 68.25396825396825
