ConfigName: kjsd__advperagentrankweighted__M5__L8__eps0p01__g0p003__ds0p05__dm0p2
Problem: QUBO
Kernel: jsd
Advantage: peragentrankweighted
M: 5
lambda: 8
epsilon_svgd: 0.01
gamma: 0.003
decay_start_ratio: 0.05
decay_min_factor: 0.2
bandwith_kernel: None
no_interact: False
avg_score: -2486.679931640625
median_score: -2499.0
std_score: 168.25747680664062
percentiles: 2%=-2821.360107421875, 5%=-2760.699951171875, 10%=-2698.5, 25%=-2588.5, 50%=-2499.0, 75%=-2353.0, 90%=-2264.60009765625, 95%=-2176.85009765625, 98%=-2148.919921875
ranking_best_algo: DiscreteLengler2OnePlusOne
ranking_best_score: 2617.04
ranking_my_rank: 77/504 (84.9%)
ranking_my_percent: 84.92063492063492
