ConfigName: kjsd__advperagentrankweighted__M3__L20__eps0p005__g0p0005__ds0p2__dm0p1
Problem: QUBO
Kernel: jsd
Advantage: peragentrankweighted
M: 3
lambda: 20
epsilon_svgd: 0.005
gamma: 0.0005
decay_start_ratio: 0.2
decay_min_factor: 0.1
bandwith_kernel: None
no_interact: False
avg_score: -307.82000732421875
median_score: -308.0
std_score: 40.348575592041016
percentiles: 2%=-396.0400085449219, 5%=-386.1000061035156, 10%=-359.6000061035156, 25%=-330.0, 50%=-308.0, 75%=-272.0, 90%=-265.79998779296875, 95%=-258.70001220703125, 98%=-245.83999633789062
ranking_best_algo: CMApara
ranking_best_score: 319.29999999999995
ranking_my_rank: 95/504 (81.3%)
ranking_my_percent: 81.34920634920636
