ConfigName: kjsd__advperagentrankweighted__M3__L18__eps0p01__g0p0005__ds0p1__dm0p05
Problem: QUBO
Kernel: jsd
Advantage: peragentrankweighted
M: 3
lambda: 18
epsilon_svgd: 0.01
gamma: 0.0005
decay_start_ratio: 0.1
decay_min_factor: 0.05
bandwith_kernel: None
no_interact: False
avg_score: -928.4600219726562
median_score: -930.5
std_score: 68.4888916015625
percentiles: 2%=-1059.0799560546875, 5%=-1048.0999755859375, 10%=-1022.5999755859375, 25%=-971.5, 50%=-930.5, 75%=-885.0, 90%=-841.9000244140625, 95%=-811.5499877929688, 98%=-794.8800048828125
ranking_best_algo: CMApara
ranking_best_score: 964.9
ranking_my_rank: 21/504 (96.0%)
ranking_my_percent: 96.03174603174604
