ConfigName: krbf__advnormalizedfitness__M3__L8__eps0p033__g0p015__ds0p3__dm0p3
Problem: QUBO
Kernel: rbf
Advantage: normalizedfitness
M: 3
lambda: 8
epsilon_svgd: 0.033
gamma: 0.015
decay_start_ratio: 0.3
decay_min_factor: 0.3
bandwith_kernel: None
no_interact: False
avg_score: -440.20001220703125
median_score: -445.0
std_score: 28.06920051574707
percentiles: 2%=-494.0799865722656, 5%=-483.20001220703125, 10%=-472.0, 25%=-462.25, 50%=-445.0, 75%=-420.5, 90%=-399.70001220703125, 95%=-391.8500061035156, 98%=-381.9599914550781
ranking_best_algo: CMApara
ranking_best_score: 453.82
ranking_my_rank: 15/504 (97.2%)
ranking_my_percent: 97.22222222222223
