ConfigName: krbf__advnormalizedfitness__M2__L10__eps0p015__g0p007__ds0p15__dm0p3
Problem: QUBO
Kernel: rbf
Advantage: normalizedfitness
M: 2
lambda: 10
epsilon_svgd: 0.015
gamma: 0.007
decay_start_ratio: 0.15
decay_min_factor: 0.3
bandwith_kernel: None
no_interact: False
avg_score: -1601.6600341796875
median_score: -1593.0
std_score: 68.25791931152344
percentiles: 2%=-1730.3800048828125, 5%=-1716.050048828125, 10%=-1695.5, 25%=-1653.5, 50%=-1593.0, 75%=-1562.0, 90%=-1514.5999755859375, 95%=-1494.9000244140625, 98%=-1486.760009765625
ranking_best_algo: NLOPT_LN_PRAXIS
ranking_best_score: 1607.12
ranking_my_rank: 11/504 (98.0%)
ranking_my_percent: 98.01587301587301
