ConfigName: kfr__advglobalrankweighted__M5__L8__eps0p015__g0p005__ds0p01__dm0p01
Problem: QUBO
Kernel: fr
Advantage: globalrankweighted
M: 5
lambda: 8
epsilon_svgd: 0.015
gamma: 0.005
decay_start_ratio: 0.01
decay_min_factor: 0.01
bandwith_kernel: None
no_interact: False
avg_score: -1244.3399658203125
median_score: -1246.5
std_score: 72.12478637695312
percentiles: 2%=-1376.5, 5%=-1354.3499755859375, 10%=-1337.199951171875, 25%=-1298.25, 50%=-1246.5, 75%=-1191.5, 90%=-1162.5999755859375, 95%=-1122.949951171875, 98%=-1094.8800048828125
ranking_best_algo: BigLognormalDiscreteOnePlusOne
ranking_best_score: 1301.3600000000004
ranking_my_rank: 57/504 (88.9%)
ranking_my_percent: 88.88888888888889
