ConfigName: krbf__advnormalizedfitness__M3__L8__eps0p015__g0p007__ds0p15__dm0p3
Problem: QUBO
Kernel: rbf
Advantage: normalizedfitness
M: 3
lambda: 8
epsilon_svgd: 0.015
gamma: 0.007
decay_start_ratio: 0.15
decay_min_factor: 0.3
bandwith_kernel: None
no_interact: False
avg_score: -139.6999969482422
median_score: -141.5
std_score: 11.22630786895752
percentiles: 2%=-158.02000427246094, 5%=-157.0, 10%=-154.10000610351562, 25%=-148.25, 50%=-141.5, 75%=-130.75, 90%=-125.0, 95%=-122.80001831054688, 98%=-116.91998291015625
ranking_best_algo: DiscreteDE
ranking_best_score: 143.4
ranking_my_rank: 83/504 (83.7%)
ranking_my_percent: 83.73015873015873
