ConfigName: krbf__advnormalizedfitness__M4__L10__eps0p033__g0p01__ds0p01__dm0p01
Problem: QUBO
Kernel: rbf
Advantage: normalizedfitness
M: 4
lambda: 10
epsilon_svgd: 0.033
gamma: 0.01
decay_start_ratio: 0.01
decay_min_factor: 0.01
bandwith_kernel: None
no_interact: False
avg_score: -202.94000244140625
median_score: -203.0
std_score: 13.145204544067383
percentiles: 2%=-224.0, 5%=-224.0, 10%=-222.0, 25%=-213.0, 50%=-203.0, 75%=-194.0, 90%=-185.0, 95%=-178.0, 98%=-175.0
ranking_best_algo: Tabu
ranking_best_score: 208.36000000000004
ranking_my_rank: 26/504 (95.0%)
ranking_my_percent: 95.03968253968254
