ConfigName: krbf__advnormalizedfitness__M4__L24__eps0p03__g0p005__ds0p05__dm0p05
Problem: QUBO
Kernel: rbf
Advantage: normalizedfitness
M: 4
lambda: 24
epsilon_svgd: 0.03
gamma: 0.005
decay_start_ratio: 0.05
decay_min_factor: 0.05
bandwith_kernel: None
no_interact: False
avg_score: -148.39999389648438
median_score: -146.5
std_score: 12.147427558898926
percentiles: 2%=-179.0, 5%=-167.60000610351562, 10%=-162.1999969482422, 25%=-155.0, 50%=-146.5, 75%=-140.0, 90%=-135.0, 95%=-131.0, 98%=-126.95999908447266
ranking_best_algo: CMApara
ranking_best_score: 154.28
ranking_my_rank: 84/504 (83.5%)
ranking_my_percent: 83.53174603174604
