ConfigName: kjsd__advperagentrankweighted__M3__L20__eps0p007__g0p0007__ds0p2__dm0p2
Problem: QUBO
Kernel: jsd
Advantage: peragentrankweighted
M: 3
lambda: 20
epsilon_svgd: 0.007
gamma: 0.0007
decay_start_ratio: 0.2
decay_min_factor: 0.2
bandwith_kernel: None
no_interact: False
avg_score: -928.1599731445312
median_score: -916.0
std_score: 69.65166473388672
percentiles: 2%=-1076.0, 5%=-1053.3499755859375, 10%=-1024.800048828125, 25%=-967.25, 50%=-916.0, 75%=-873.75, 90%=-836.7999877929688, 95%=-820.9000244140625, 98%=-818.8200073242188
ranking_best_algo: CMApara
ranking_best_score: 964.9
ranking_my_rank: 21/504 (96.0%)
ranking_my_percent: 96.03174603174604
