ConfigName: kjsd__advperagentrankweighted__M3__L18__eps0p01__g0p0007__ds0p2__dm0p1
Problem: QUBO
Kernel: jsd
Advantage: peragentrankweighted
M: 3
lambda: 18
epsilon_svgd: 0.01
gamma: 0.0007
decay_start_ratio: 0.2
decay_min_factor: 0.1
bandwith_kernel: None
no_interact: False
avg_score: -927.9600219726562
median_score: -927.0
std_score: 67.80663299560547
percentiles: 2%=-1072.0400390625, 5%=-1050.5, 10%=-1013.2999877929688, 25%=-972.75, 50%=-927.0, 75%=-879.75, 90%=-834.9000244140625, 95%=-822.7999877929688, 98%=-806.8400268554688
ranking_best_algo: CMApara
ranking_best_score: 964.9
ranking_my_rank: 21/504 (96.0%)
ranking_my_percent: 96.03174603174604
