ConfigName: kjsd__advperagentrankweighted__M3__L24__eps0p005__g0p001__ds0p1__dm0p1
Problem: QUBO
Kernel: jsd
Advantage: peragentrankweighted
M: 3
lambda: 24
epsilon_svgd: 0.005
gamma: 0.001
decay_start_ratio: 0.1
decay_min_factor: 0.1
bandwith_kernel: None
no_interact: False
avg_score: -428.8599853515625
median_score: -427.0
std_score: 29.194869995117188
percentiles: 2%=-483.0, 5%=-483.0, 10%=-469.20001220703125, 25%=-443.75, 50%=-427.0, 75%=-409.75, 90%=-395.0, 95%=-385.95001220703125, 98%=-361.8800048828125
ranking_best_algo: CMAL3
ranking_best_score: 435.36
ranking_my_rank: 13/504 (97.6%)
ranking_my_percent: 97.61904761904762
