ConfigName: kfr__advglobalrankweighted__M1__L11__eps0p01__g0p003__ds0p01__dm0p01
Problem: QUBO
Kernel: fr
Advantage: globalrankweighted
M: 1
lambda: 11
epsilon_svgd: 0.01
gamma: 0.003
decay_start_ratio: 0.01
decay_min_factor: 0.01
bandwith_kernel: None
no_interact: False
avg_score: -3198.780029296875
median_score: -3201.5
std_score: 128.53976440429688
percentiles: 2%=-3423.219970703125, 5%=-3390.300048828125, 10%=-3350.199951171875, 25%=-3293.5, 50%=-3201.5, 75%=-3125.5, 90%=-3043.10009765625, 95%=-2972.2001953125, 98%=-2872.599853515625
ranking_best_algo: RLSOnePlusOne
ranking_best_score: 3316.5199999999995
ranking_my_rank: 53/504 (89.7%)
ranking_my_percent: 89.68253968253968
