ConfigName: krbf__advnormalizedfitness__M3__L10__eps0p033__g0p007__ds0p15__dm0p3
Problem: NK
Kernel: rbf
Advantage: normalizedfitness
M: 3
lambda: 10
epsilon_svgd: 0.033
gamma: 0.007
decay_start_ratio: 0.15
decay_min_factor: 0.3
bandwith_kernel: None
no_interact: False
avg_score: 0.7439547181129456
median_score: 0.7416728734970093
std_score: 0.028994740918278694
percentiles: 2%=0.6980735659599304, 5%=0.7010132670402527, 10%=0.7100226283073425, 25%=0.7223623991012573, 50%=0.7416728734970093, 75%=0.7580187320709229, 90%=0.7783285975456238, 95%=0.8053429126739502, 98%=0.8118547797203064
ranking_best_algo: CMApara
ranking_best_score: 0.7459277895312499
ranking_my_rank: 6/504 (99.0%)
ranking_my_percent: 99.0079365079365
