ConfigName: kjsd__advperagentrankweighted__M4__L12__eps0p005__g0p001__ds0p05__dm0p2
Problem: QUBO
Kernel: jsd
Advantage: peragentrankweighted
M: 4
lambda: 12
epsilon_svgd: 0.005
gamma: 0.001
decay_start_ratio: 0.05
decay_min_factor: 0.2
bandwith_kernel: None
no_interact: False
avg_score: -1589.9599609375
median_score: -1581.0
std_score: 65.02967071533203
percentiles: 2%=-1737.300048828125, 5%=-1700.199951171875, 10%=-1671.9000244140625, 25%=-1629.0, 50%=-1581.0, 75%=-1543.0, 90%=-1512.0999755859375, 95%=-1492.800048828125, 98%=-1480.8800048828125
ranking_best_algo: NLOPT_LN_PRAXIS
ranking_best_score: 1607.12
ranking_my_rank: 39/504 (92.5%)
ranking_my_percent: 92.46031746031746
