ConfigName: krbf__advnormalizedfitness__M3__L12__eps0p015__g0p01__ds0p01__dm0p3
Problem: QUBO
Kernel: rbf
Advantage: normalizedfitness
M: 3
lambda: 12
epsilon_svgd: 0.015
gamma: 0.01
decay_start_ratio: 0.01
decay_min_factor: 0.3
bandwith_kernel: None
no_interact: False
avg_score: -400.4200134277344
median_score: -400.0
std_score: 29.636863708496094
percentiles: 2%=-463.0400085449219, 5%=-452.1499938964844, 10%=-445.20001220703125, 25%=-420.0, 50%=-400.0, 75%=-377.5, 90%=-365.79998779296875, 95%=-356.0, 98%=-353.91998291015625
ranking_best_algo: Tabu
ranking_best_score: 438.12
ranking_my_rank: 225/504 (55.6%)
ranking_my_percent: 55.55555555555556
