ConfigName: kjsd__advperagentrankweighted__M5__L8__eps0p005__g0p0003__ds0p05__dm0p05
Problem: NK
Kernel: jsd
Advantage: peragentrankweighted
M: 5
lambda: 8
epsilon_svgd: 0.005
gamma: 0.0003
decay_start_ratio: 0.05
decay_min_factor: 0.05
bandwith_kernel: None
no_interact: False
avg_score: 0.7277507781982422
median_score: 0.7263699769973755
std_score: 0.00965218897908926
percentiles: 2%=0.7112607955932617, 5%=0.7121531367301941, 10%=0.7163005471229553, 25%=0.7212026715278625, 50%=0.7263699769973755, 75%=0.7338862419128418, 90%=0.7416362762451172, 95%=0.7454577684402466, 98%=0.7482996582984924
ranking_best_algo: Tabu
ranking_best_score: 0.7429702712499999
ranking_my_rank: 2/504 (99.8%)
ranking_my_percent: 99.8015873015873
