ConfigName: kjsd__advperagentrankweighted__M3__L18__eps0p007__g0p0005__ds0p1__dm0p05
Problem: NK
Kernel: jsd
Advantage: peragentrankweighted
M: 3
lambda: 18
epsilon_svgd: 0.007
gamma: 0.0005
decay_start_ratio: 0.1
decay_min_factor: 0.05
bandwith_kernel: None
no_interact: False
avg_score: 0.7334286570549011
median_score: 0.733508825302124
std_score: 0.009560582228004932
percentiles: 2%=0.7154020071029663, 5%=0.7163385152816772, 10%=0.7201026678085327, 25%=0.7259681224822998, 50%=0.733508825302124, 75%=0.7408731579780579, 90%=0.7456793785095215, 95%=0.7478190660476685, 98%=0.750252902507782
ranking_best_algo: PBIL
ranking_best_score: 0.730509098125
ranking_my_rank: 1/504 (100.0%)
ranking_my_percent: 100.0
