ConfigName: kjsd__advperagentrankweighted__M5__L8__eps0p03__g0p0003__ds0p05__dm0p05
Problem: NK
Kernel: jsd
Advantage: peragentrankweighted
M: 5
lambda: 8
epsilon_svgd: 0.03
gamma: 0.0003
decay_start_ratio: 0.05
decay_min_factor: 0.05
bandwith_kernel: None
no_interact: False
avg_score: 0.7167279124259949
median_score: 0.7164697647094727
std_score: 0.014328880235552788
percentiles: 2%=0.6913678646087646, 5%=0.6944692730903625, 10%=0.698273777961731, 25%=0.7048671245574951, 50%=0.7164697647094727, 75%=0.7274184226989746, 90%=0.7343244552612305, 95%=0.740818440914154, 98%=0.7427750825881958
ranking_best_algo: Tabu
ranking_best_score: 0.7601875690625
ranking_my_rank: 209/504 (58.7%)
ranking_my_percent: 58.73015873015873
