ConfigName: krbf__advnormalizedfitness__M3__L15__eps0p015__g0p007__ds0p15__dm0p3
Problem: QUBO
Kernel: rbf
Advantage: normalizedfitness
M: 3
lambda: 15
epsilon_svgd: 0.015
gamma: 0.007
decay_start_ratio: 0.15
decay_min_factor: 0.3
bandwith_kernel: None
no_interact: False
avg_score: -798.9199829101562
median_score: -790.5
std_score: 78.29057312011719
percentiles: 2%=-955.219970703125, 5%=-942.25, 10%=-901.5999755859375, 25%=-857.5, 50%=-790.5, 75%=-741.0, 90%=-705.5999755859375, 95%=-670.75, 98%=-650.8599853515625
ranking_best_algo: CMAL3
ranking_best_score: 928.5800000000002
ranking_my_rank: 270/504 (46.6%)
ranking_my_percent: 46.62698412698413
