ConfigName: kjsd__advperagentrankweighted__M3__L16__eps0p01__g0p003__ds0p1__dm0p05
Problem: QUBO
Kernel: jsd
Advantage: peragentrankweighted
M: 3
lambda: 16
epsilon_svgd: 0.01
gamma: 0.003
decay_start_ratio: 0.1
decay_min_factor: 0.05
bandwith_kernel: None
no_interact: False
avg_score: -446.0799865722656
median_score: -450.5
std_score: 25.965238571166992
percentiles: 2%=-492.1199951171875, 5%=-479.29998779296875, 10%=-472.29998779296875, 25%=-463.0, 50%=-450.5, 75%=-431.5, 90%=-409.8999938964844, 95%=-396.8500061035156, 98%=-385.8800048828125
ranking_best_algo: CMApara
ranking_best_score: 453.82
ranking_my_rank: 3/504 (99.6%)
ranking_my_percent: 99.60317460317461
