ConfigName: kjsd__advperagentrankweighted__M3__L18__eps0p007__g0p0007__ds0p1__dm0p1
Problem: QUBO
Kernel: jsd
Advantage: peragentrankweighted
M: 3
lambda: 18
epsilon_svgd: 0.007
gamma: 0.0007
decay_start_ratio: 0.1
decay_min_factor: 0.1
bandwith_kernel: None
no_interact: False
avg_score: -2655.679931640625
median_score: -2651.0
std_score: 123.2857437133789
percentiles: 2%=-2875.139892578125, 5%=-2854.14990234375, 10%=-2816.199951171875, 25%=-2743.0, 50%=-2651.0, 75%=-2573.75, 90%=-2511.800048828125, 95%=-2470.5, 98%=-2379.47998046875
ranking_best_algo: DiscreteLengler2OnePlusOne
ranking_best_score: 2617.04
ranking_my_rank: 1/504 (100.0%)
ranking_my_percent: 100.0
