ConfigName: krbf__advnormalizedfitness__M3__L8__eps0p015__g0p007__ds0p01__dm0p01
Problem: QUBO
Kernel: rbf
Advantage: normalizedfitness
M: 3
lambda: 8
epsilon_svgd: 0.015
gamma: 0.007
decay_start_ratio: 0.01
decay_min_factor: 0.01
bandwith_kernel: None
no_interact: False
avg_score: -310.67999267578125
median_score: -312.0
std_score: 39.16143035888672
percentiles: 2%=-396.0799865722656, 5%=-390.1000061035156, 10%=-355.3999938964844, 25%=-336.5, 50%=-312.0, 75%=-274.0, 90%=-266.8999938964844, 95%=-264.0, 98%=-254.85997009277344
ranking_best_algo: CMApara
ranking_best_score: 319.29999999999995
ranking_my_rank: 57/504 (88.9%)
ranking_my_percent: 88.88888888888889
