ConfigName: krbf__advnormalizedfitness__M4__L15__eps0p033__g0p015__ds0p3__dm0p01
Problem: NK
Kernel: rbf
Advantage: normalizedfitness
M: 4
lambda: 15
epsilon_svgd: 0.033
gamma: 0.015
decay_start_ratio: 0.3
decay_min_factor: 0.01
bandwith_kernel: None
no_interact: False
avg_score: 0.6035722494125366
median_score: 0.6022925972938538
std_score: 0.008175741881132126
percentiles: 2%=0.5901600122451782, 5%=0.5926293134689331, 10%=0.593540608882904, 25%=0.5972705483436584, 50%=0.6022925972938538, 75%=0.6085155606269836, 90%=0.6137697100639343, 95%=0.616021454334259, 98%=0.6250109076499939
ranking_best_algo: Tabu
ranking_best_score: 0.7429702712499999
ranking_my_rank: 391/504 (22.6%)
ranking_my_percent: 22.61904761904762
