ConfigName: kjsd__advperagentrankweighted__M4__L20__eps0p007__g0p0005__ds0p2__dm0p1
Problem: NK
Kernel: jsd
Advantage: peragentrankweighted
M: 4
lambda: 20
epsilon_svgd: 0.007
gamma: 0.0005
decay_start_ratio: 0.2
decay_min_factor: 0.1
bandwith_kernel: None
no_interact: False
avg_score: 0.7112788558006287
median_score: 0.6985580325126648
std_score: 0.03161267936229706
percentiles: 2%=0.6734704971313477, 5%=0.6742333173751831, 10%=0.677498996257782, 25%=0.6824374794960022, 50%=0.6985580325126648, 75%=0.7461115121841431, 90%=0.7525893449783325, 95%=0.7613165378570557, 98%=0.7613165378570557
ranking_best_algo: CMApara
ranking_best_score: 0.7118996098437498
ranking_my_rank: 3/504 (99.6%)
ranking_my_percent: 99.60317460317461
