ConfigName: kjsd__advperagentrankweighted__M3__L18__eps0p01__g0p001__ds0p1__dm0p05
Problem: QUBO
Kernel: jsd
Advantage: peragentrankweighted
M: 3
lambda: 18
epsilon_svgd: 0.01
gamma: 0.001
decay_start_ratio: 0.1
decay_min_factor: 0.05
bandwith_kernel: None
no_interact: False
avg_score: -1256.8599853515625
median_score: -1253.5
std_score: 57.86605453491211
percentiles: 2%=-1388.199951171875, 5%=-1373.050048828125, 10%=-1325.199951171875, 25%=-1294.25, 50%=-1253.5, 75%=-1210.5, 90%=-1192.800048828125, 95%=-1183.75, 98%=-1158.8199462890625
ranking_best_algo: SVMMetaModelLogNormal
ranking_best_score: 1233.7999999999997
ranking_my_rank: 1/504 (100.0%)
ranking_my_percent: 100.0
