ConfigName: kjsd__advperagentrankweighted__M4__L12__eps0p005__g0p001__ds0p1__dm0p05
Problem: NK
Kernel: jsd
Advantage: peragentrankweighted
M: 4
lambda: 12
epsilon_svgd: 0.005
gamma: 0.001
decay_start_ratio: 0.1
decay_min_factor: 0.05
bandwith_kernel: None
no_interact: False
avg_score: 0.742329478263855
median_score: 0.7392145395278931
std_score: 0.013611125759780407
percentiles: 2%=0.7221454381942749, 5%=0.7254753708839417, 10%=0.7267953753471375, 25%=0.7325207591056824, 50%=0.7392145395278931, 75%=0.7495020031929016, 90%=0.759049654006958, 95%=0.7676659822463989, 98%=0.7730393409729004
ranking_best_algo: Tabu
ranking_best_score: 0.7601875690625
ranking_my_rank: 11/504 (98.0%)
ranking_my_percent: 98.01587301587301
