ConfigName: kfr__advglobalrankweighted__M3__L8__eps0p015__g0p007__ds0p01__dm0p01
Problem: QUBO
Kernel: fr
Advantage: globalrankweighted
M: 3
lambda: 8
epsilon_svgd: 0.015
gamma: 0.007
decay_start_ratio: 0.01
decay_min_factor: 0.01
bandwith_kernel: None
no_interact: False
avg_score: -1615.06005859375
median_score: -1608.5
std_score: 58.21457290649414
percentiles: 2%=-1735.239990234375, 5%=-1715.8499755859375, 10%=-1699.4000244140625, 25%=-1650.75, 50%=-1608.5, 75%=-1572.5, 90%=-1548.0, 95%=-1520.7000732421875, 98%=-1508.7999267578125
ranking_best_algo: NLOPT_LN_PRAXIS
ranking_best_score: 1607.12
ranking_my_rank: 1/504 (100.0%)
ranking_my_percent: 100.0
