ConfigName: krbf__advnormalizedfitness__M4__L8__eps0p033__g0p007__ds0p15__dm0p01
Problem: QUBO
Kernel: rbf
Advantage: normalizedfitness
M: 4
lambda: 8
epsilon_svgd: 0.033
gamma: 0.007
decay_start_ratio: 0.15
decay_min_factor: 0.01
bandwith_kernel: None
no_interact: False
avg_score: -1256.47998046875
median_score: -1258.0
std_score: 62.22145462036133
percentiles: 2%=-1397.4000244140625, 5%=-1361.550048828125, 10%=-1325.0999755859375, 25%=-1296.75, 50%=-1258.0, 75%=-1214.0, 90%=-1178.5999755859375, 95%=-1158.5, 98%=-1137.719970703125
ranking_best_algo: BigLognormalDiscreteOnePlusOne
ranking_best_score: 1301.3600000000004
ranking_my_rank: 54/504 (89.5%)
ranking_my_percent: 89.48412698412699
