ConfigName: kfr__advglobalrankweighted__M2__L9__eps0p02__g0p003__ds0p01__dm0p01
Problem: QUBO
Kernel: fr
Advantage: globalrankweighted
M: 2
lambda: 9
epsilon_svgd: 0.02
gamma: 0.003
decay_start_ratio: 0.01
decay_min_factor: 0.01
bandwith_kernel: None
no_interact: False
avg_score: -919.5999755859375
median_score: -923.5
std_score: 73.52482604980469
percentiles: 2%=-1066.0400390625, 5%=-1048.5, 10%=-1020.5999755859375, 25%=-970.0, 50%=-923.5, 75%=-866.5, 90%=-836.7000122070312, 95%=-806.2500610351562, 98%=-766.8800048828125
ranking_best_algo: CMApara
ranking_best_score: 964.9
ranking_my_rank: 61/504 (88.1%)
ranking_my_percent: 88.0952380952381
