ConfigName: krbf__advnormalizedfitness__M3__L12__eps0p033__g0p005__ds0p15__dm0p01
Problem: QUBO
Kernel: rbf
Advantage: normalizedfitness
M: 3
lambda: 12
epsilon_svgd: 0.033
gamma: 0.005
decay_start_ratio: 0.15
decay_min_factor: 0.01
bandwith_kernel: None
no_interact: False
avg_score: -1219.5999755859375
median_score: -1216.0
std_score: 62.04466247558594
percentiles: 2%=-1360.3599853515625, 5%=-1326.449951171875, 10%=-1294.300048828125, 25%=-1265.75, 50%=-1216.0, 75%=-1178.5, 90%=-1145.9000244140625, 95%=-1129.0, 98%=-1108.639892578125
ranking_best_algo: SVMMetaModelLogNormal
ranking_best_score: 1233.7999999999997
ranking_my_rank: 40/504 (92.3%)
ranking_my_percent: 92.26190476190476
