ConfigName: krbf__advnormalizedfitness__M4__L10__eps0p015__g0p005__ds0p3__dm0p01
Problem: NK
Kernel: rbf
Advantage: normalizedfitness
M: 4
lambda: 10
epsilon_svgd: 0.015
gamma: 0.005
decay_start_ratio: 0.3
decay_min_factor: 0.01
bandwith_kernel: None
no_interact: False
avg_score: 0.7257887125015259
median_score: 0.7278448343276978
std_score: 0.01059651281684637
percentiles: 2%=0.7022335529327393, 5%=0.7067496180534363, 10%=0.7099238634109497, 25%=0.7193913459777832, 50%=0.7278448343276978, 75%=0.7336697578430176, 90%=0.7373568415641785, 95%=0.7394960522651672, 98%=0.7435000538825989
ranking_best_algo: PBIL
ranking_best_score: 0.7248786399609374
ranking_my_rank: 1/504 (100.0%)
ranking_my_percent: 100.0
