ConfigName: krbf__advnormalizedfitness__M3__L15__eps0p025__g0p007__ds0p01__dm0p3
Problem: NK
Kernel: rbf
Advantage: normalizedfitness
M: 3
lambda: 15
epsilon_svgd: 0.025
gamma: 0.007
decay_start_ratio: 0.01
decay_min_factor: 0.3
bandwith_kernel: None
no_interact: False
avg_score: 0.7185494303703308
median_score: 0.7182378768920898
std_score: 0.016129862517118454
percentiles: 2%=0.6882252097129822, 5%=0.6938088536262512, 10%=0.6968528032302856, 25%=0.7084371447563171, 50%=0.7182378768920898, 75%=0.7271586656570435, 90%=0.7413143515586853, 95%=0.7456589937210083, 98%=0.7558684945106506
ranking_best_algo: PBIL
ranking_best_score: 0.733570253046875
ranking_my_rank: 56/504 (89.1%)
ranking_my_percent: 89.08730158730158
