ConfigName: krbf__advnormalizedfitness__M3__L10__eps0p025__g0p005__ds0p15__dm0p3
Problem: QUBO
Kernel: rbf
Advantage: normalizedfitness
M: 3
lambda: 10
epsilon_svgd: 0.025
gamma: 0.005
decay_start_ratio: 0.15
decay_min_factor: 0.3
bandwith_kernel: None
no_interact: False
avg_score: -1214.43994140625
median_score: -1205.0
std_score: 71.87090301513672
percentiles: 2%=-1363.4200439453125, 5%=-1333.050048828125, 10%=-1309.4000244140625, 25%=-1260.5, 50%=-1205.0, 75%=-1158.75, 90%=-1127.9000244140625, 95%=-1111.0, 98%=-1093.8199462890625
ranking_best_algo: SVMMetaModelLogNormal
ranking_best_score: 1233.7999999999997
ranking_my_rank: 42/504 (91.9%)
ranking_my_percent: 91.86507936507937
