ConfigName: krbf__advnormalizedfitness__M3__L15__eps0p025__g0p005__ds0p3__dm0p01
Problem: NK
Kernel: rbf
Advantage: normalizedfitness
M: 3
lambda: 15
epsilon_svgd: 0.025
gamma: 0.005
decay_start_ratio: 0.3
decay_min_factor: 0.01
bandwith_kernel: None
no_interact: False
avg_score: 0.7440764904022217
median_score: 0.745098352432251
std_score: 0.009651049971580505
percentiles: 2%=0.7238683700561523, 5%=0.7270113229751587, 10%=0.7315429449081421, 25%=0.7374430894851685, 50%=0.745098352432251, 75%=0.7505603432655334, 90%=0.7544669508934021, 95%=0.7579251527786255, 98%=0.7604227066040039
ranking_best_algo: PBIL
ranking_best_score: 0.733570253046875
ranking_my_rank: 1/504 (100.0%)
ranking_my_percent: 100.0
