ConfigName: krbf__advnormalizedfitness__M4__L10__eps0p02__g0p0005__ds0p05__dm0p05
Problem: QUBO
Kernel: rbf
Advantage: normalizedfitness
M: 4
lambda: 10
epsilon_svgd: 0.02
gamma: 0.0005
decay_start_ratio: 0.05
decay_min_factor: 0.05
bandwith_kernel: None
no_interact: False
avg_score: -1109.3399658203125
median_score: -1107.5
std_score: 80.66166687011719
percentiles: 2%=-1303.6800537109375, 5%=-1241.5, 10%=-1208.300048828125, 25%=-1154.25, 50%=-1107.5, 75%=-1042.5, 90%=-1012.7000122070312, 95%=-1000.6500244140625, 98%=-962.9000244140625
ranking_best_algo: SVMMetaModelLogNormal
ranking_best_score: 1233.7999999999997
ranking_my_rank: 113/504 (77.8%)
ranking_my_percent: 77.77777777777777
