ConfigName: kjsd__advperagentrankweighted__M3__L18__eps0p007__g0p001__ds0p1__dm0p2
Problem: QUBO
Kernel: jsd
Advantage: peragentrankweighted
M: 3
lambda: 18
epsilon_svgd: 0.007
gamma: 0.001
decay_start_ratio: 0.1
decay_min_factor: 0.2
bandwith_kernel: None
no_interact: False
avg_score: -908.9000244140625
median_score: -908.0
std_score: 67.36178588867188
percentiles: 2%=-1046.0400390625, 5%=-1023.0499877929688, 10%=-1000.0999755859375, 25%=-955.25, 50%=-908.0, 75%=-864.75, 90%=-822.7999877929688, 95%=-800.5, 98%=-782.8200073242188
ranking_best_algo: CMAL3
ranking_best_score: 928.5800000000002
ranking_my_rank: 29/504 (94.4%)
ranking_my_percent: 94.44444444444444
