ConfigName: kjsd__advperagentrankweighted__M3__L24__eps0p005__g0p001__ds0p1__dm0p05
Problem: QUBO
Kernel: jsd
Advantage: peragentrankweighted
M: 3
lambda: 24
epsilon_svgd: 0.005
gamma: 0.001
decay_start_ratio: 0.1
decay_min_factor: 0.05
bandwith_kernel: None
no_interact: False
avg_score: -2604.0
median_score: -2597.5
std_score: 127.26303100585938
percentiles: 2%=-2876.1201171875, 5%=-2811.449951171875, 10%=-2763.0, 25%=-2697.0, 50%=-2597.5, 75%=-2522.75, 90%=-2443.699951171875, 95%=-2397.550048828125, 98%=-2371.5
ranking_best_algo: DiscreteLengler2OnePlusOne
ranking_best_score: 2617.04
ranking_my_rank: 3/504 (99.6%)
ranking_my_percent: 99.60317460317461
