ConfigName: kjsd__advperagentrankweighted__M4__L12__eps0p005__g0p0003__ds0p4__dm0p05
Problem: QUBO
Kernel: jsd
Advantage: peragentrankweighted
M: 4
lambda: 12
epsilon_svgd: 0.005
gamma: 0.0003
decay_start_ratio: 0.4
decay_min_factor: 0.05
bandwith_kernel: None
no_interact: False
avg_score: -1625.6600341796875
median_score: -1623.5
std_score: 52.70469284057617
percentiles: 2%=-1734.5, 5%=-1724.0999755859375, 10%=-1697.5, 25%=-1654.0, 50%=-1623.5, 75%=-1588.5, 90%=-1564.4000244140625, 95%=-1541.75, 98%=-1526.9000244140625
ranking_best_algo: NLOPT_LN_PRAXIS
ranking_best_score: 1607.12
ranking_my_rank: 1/504 (100.0%)
ranking_my_percent: 100.0
