ConfigName: kjsd__advperagentrankweighted__M3__L20__eps0p01__g0p0005__ds0p2__dm0p1
Problem: QUBO
Kernel: jsd
Advantage: peragentrankweighted
M: 3
lambda: 20
epsilon_svgd: 0.01
gamma: 0.0005
decay_start_ratio: 0.2
decay_min_factor: 0.1
bandwith_kernel: None
no_interact: False
avg_score: -412.4800109863281
median_score: -415.0
std_score: 26.571596145629883
percentiles: 2%=-469.0799865722656, 5%=-453.20001220703125, 10%=-447.29998779296875, 25%=-430.0, 50%=-415.0, 75%=-388.0, 90%=-379.6000061035156, 95%=-371.8999938964844, 98%=-363.9200134277344
ranking_best_algo: Tabu
ranking_best_score: 438.12
ranking_my_rank: 67/504 (86.9%)
ranking_my_percent: 86.9047619047619
