ConfigName: krbf__advnormalizedfitness__M2__L10__eps0p033__g0p005__ds0p15__dm0p3
Problem: QUBO
Kernel: rbf
Advantage: normalizedfitness
M: 2
lambda: 10
epsilon_svgd: 0.033
gamma: 0.005
decay_start_ratio: 0.15
decay_min_factor: 0.3
bandwith_kernel: None
no_interact: False
avg_score: -919.4000244140625
median_score: -927.0
std_score: 63.25741195678711
percentiles: 2%=-1040.0, 5%=-1024.050048828125, 10%=-1003.9000244140625, 25%=-961.25, 50%=-927.0, 75%=-874.25, 90%=-839.5, 95%=-819.75, 98%=-800.5999755859375
ranking_best_algo: CMApara
ranking_best_score: 964.9
ranking_my_rank: 61/504 (88.1%)
ranking_my_percent: 88.0952380952381
