ConfigName: kfr__advglobalrankweighted__M5__L10__eps0p01__g0p003__ds0p01__dm0p01
Problem: QUBO
Kernel: fr
Advantage: globalrankweighted
M: 5
lambda: 10
epsilon_svgd: 0.01
gamma: 0.003
decay_start_ratio: 0.01
decay_min_factor: 0.01
bandwith_kernel: None
no_interact: False
avg_score: -2485.10009765625
median_score: -2489.0
std_score: 153.51829528808594
percentiles: 2%=-2795.6201171875, 5%=-2718.25, 10%=-2689.10009765625, 25%=-2585.5, 50%=-2489.0, 75%=-2371.5, 90%=-2283.800048828125, 95%=-2236.2001953125, 98%=-2189.780029296875
ranking_best_algo: DiscreteLengler2OnePlusOne
ranking_best_score: 2617.04
ranking_my_rank: 79/504 (84.5%)
ranking_my_percent: 84.52380952380952
