ConfigName: krbf__advnormalizedfitness__M3__L10__eps0p025__g0p005__ds0p3__dm0p3
Problem: NK
Kernel: rbf
Advantage: normalizedfitness
M: 3
lambda: 10
epsilon_svgd: 0.025
gamma: 0.005
decay_start_ratio: 0.3
decay_min_factor: 0.3
bandwith_kernel: None
no_interact: False
avg_score: 0.7336109280586243
median_score: 0.7347429990768433
std_score: 0.009177254512906075
percentiles: 2%=0.713020920753479, 5%=0.71651691198349, 10%=0.7185382843017578, 25%=0.727511465549469, 50%=0.7347429990768433, 75%=0.7409843802452087, 90%=0.7445933222770691, 95%=0.7465153932571411, 98%=0.7472802996635437
ranking_best_algo: PBIL
ranking_best_score: 0.7248786399609374
ranking_my_rank: 1/504 (100.0%)
ranking_my_percent: 100.0
