ConfigName: kjsd__advperagentrankweighted__M4__L24__eps0p01__g0p0007__ds0p05__dm0p05
Problem: QUBO
Kernel: jsd
Advantage: peragentrankweighted
M: 4
lambda: 24
epsilon_svgd: 0.01
gamma: 0.0007
decay_start_ratio: 0.05
decay_min_factor: 0.05
bandwith_kernel: None
no_interact: False
avg_score: -138.44000244140625
median_score: -139.0
std_score: 11.19849967956543
percentiles: 2%=-158.02000427246094, 5%=-158.0, 10%=-153.10000610351562, 25%=-146.25, 50%=-139.0, 75%=-129.75, 90%=-124.9000015258789, 95%=-122.9000015258789, 98%=-117.94000244140625
ranking_best_algo: DiscreteDE
ranking_best_score: 143.4
ranking_my_rank: 104/504 (79.6%)
ranking_my_percent: 79.56349206349206
