ConfigName: krbf__advnormalizedfitness__M4__L12__eps0p025__g0p005__ds0p15__dm0p3
Problem: NK
Kernel: rbf
Advantage: normalizedfitness
M: 4
lambda: 12
epsilon_svgd: 0.025
gamma: 0.005
decay_start_ratio: 0.15
decay_min_factor: 0.3
bandwith_kernel: None
no_interact: False
avg_score: 0.714028537273407
median_score: 0.7155568599700928
std_score: 0.01617531105875969
percentiles: 2%=0.6774605512619019, 5%=0.6874799132347107, 10%=0.6907419562339783, 25%=0.7046591639518738, 50%=0.7155568599700928, 75%=0.7228730320930481, 90%=0.7333271503448486, 95%=0.7401940822601318, 98%=0.7467272281646729
ranking_best_algo: PBIL
ranking_best_score: 0.733570253046875
ranking_my_rank: 66/504 (87.1%)
ranking_my_percent: 87.10317460317461
