ConfigName: krbf__advnormalizedfitness__M3__L8__eps0p03__g0p005__ds0p05__dm0p05
Problem: QUBO
Kernel: rbf
Advantage: normalizedfitness
M: 3
lambda: 8
epsilon_svgd: 0.03
gamma: 0.005
decay_start_ratio: 0.05
decay_min_factor: 0.05
bandwith_kernel: None
no_interact: False
avg_score: -330.0199890136719
median_score: -334.0
std_score: 19.432950973510742
percentiles: 2%=-364.1600036621094, 5%=-355.29998779296875, 10%=-350.3999938964844, 25%=-342.0, 50%=-334.0, 75%=-320.0, 90%=-300.0, 95%=-295.8999938964844, 98%=-285.8800048828125
ranking_best_algo: CMApara
ranking_best_score: 344.22
ranking_my_rank: 79/504 (84.5%)
ranking_my_percent: 84.52380952380952
