ConfigName: kjsd__advperagentrankweighted__M4__L10__eps0p02__g0p0005__ds0p05__dm0p05
Problem: NK
Kernel: jsd
Advantage: peragentrankweighted
M: 4
lambda: 10
epsilon_svgd: 0.02
gamma: 0.0005
decay_start_ratio: 0.05
decay_min_factor: 0.05
bandwith_kernel: None
no_interact: False
avg_score: 0.7427805066108704
median_score: 0.7436591982841492
std_score: 0.015566806308925152
percentiles: 2%=0.7118260860443115, 5%=0.7185636162757874, 10%=0.7203435301780701, 25%=0.731798529624939, 50%=0.7436591982841492, 75%=0.7536693215370178, 90%=0.760572075843811, 95%=0.7666738033294678, 98%=0.7745819687843323
ranking_best_algo: Tabu
ranking_best_score: 0.7657846284375001
ranking_my_rank: 60/504 (88.3%)
ranking_my_percent: 88.2936507936508
