ConfigName: krbf__advnormalizedfitness__M2__L9__eps0p02__g0p005__ds0p01__dm0p01
Problem: QUBO
Kernel: rbf
Advantage: normalizedfitness
M: 2
lambda: 9
epsilon_svgd: 0.02
gamma: 0.005
decay_start_ratio: 0.01
decay_min_factor: 0.01
bandwith_kernel: None
no_interact: False
avg_score: -423.8999938964844
median_score: -426.5
std_score: 29.36988067626953
percentiles: 2%=-471.0799865722656, 5%=-470.04998779296875, 10%=-456.1000061035156, 25%=-441.5, 50%=-426.5, 75%=-414.5, 90%=-390.79998779296875, 95%=-352.75, 98%=-347.8399963378906
ranking_best_algo: CMAL3
ranking_best_score: 435.36
ranking_my_rank: 31/504 (94.0%)
ranking_my_percent: 94.04761904761905
