ConfigName: krbf__advnormalizedfitness__M3__L12__eps0p025__g0p015__ds0p15__dm0p01
Problem: QUBO
Kernel: rbf
Advantage: normalizedfitness
M: 3
lambda: 12
epsilon_svgd: 0.025
gamma: 0.015
decay_start_ratio: 0.15
decay_min_factor: 0.01
bandwith_kernel: None
no_interact: False
avg_score: -1156.9000244140625
median_score: -1155.0
std_score: 71.07158660888672
percentiles: 2%=-1317.1600341796875, 5%=-1271.0, 10%=-1242.0999755859375, 25%=-1213.75, 50%=-1155.0, 75%=-1104.5, 90%=-1060.800048828125, 95%=-1043.0, 98%=-1036.699951171875
ranking_best_algo: Tabu
ranking_best_score: 1216.16
ranking_my_rank: 101/504 (80.2%)
ranking_my_percent: 80.15873015873017
