ConfigName: kjsd__advperagentrankweighted__M3__L30__eps0p005__g0p001__ds0p2__dm0p05
Problem: NK
Kernel: jsd
Advantage: peragentrankweighted
M: 3
lambda: 30
epsilon_svgd: 0.005
gamma: 0.001
decay_start_ratio: 0.2
decay_min_factor: 0.05
bandwith_kernel: None
no_interact: False
avg_score: 0.7410725355148315
median_score: 0.7409007549285889
std_score: 0.010795329697430134
percentiles: 2%=0.7195900082588196, 5%=0.722683846950531, 10%=0.7272067666053772, 25%=0.7325355410575867, 50%=0.7409007549285889, 75%=0.7501376867294312, 90%=0.7555806040763855, 95%=0.7577820420265198, 98%=0.7618126273155212
ranking_best_algo: PBIL
ranking_best_score: 0.733570253046875
ranking_my_rank: 1/504 (100.0%)
ranking_my_percent: 100.0
