ConfigName: krbf__advnormalizedfitness__M3__L10__eps0p015__g0p015__ds0p3__dm0p01
Problem: QUBO
Kernel: rbf
Advantage: normalizedfitness
M: 3
lambda: 10
epsilon_svgd: 0.015
gamma: 0.015
decay_start_ratio: 0.3
decay_min_factor: 0.01
bandwith_kernel: None
no_interact: False
avg_score: -2373.6201171875
median_score: -2370.5
std_score: 259.18719482421875
percentiles: 2%=-2917.239990234375, 5%=-2846.10009765625, 10%=-2746.89990234375, 25%=-2500.75, 50%=-2370.5, 75%=-2191.25, 90%=-2036.0, 95%=-1985.550048828125, 98%=-1918.959716796875
ranking_best_algo: RLSOnePlusOne
ranking_best_score: 3316.5199999999995
ranking_my_rank: 275/504 (45.6%)
ranking_my_percent: 45.63492063492063
