ConfigName: kfr__advglobalrankweighted__M6__L8__eps0p015__g0p007__ds0p01__dm0p01
Problem: QUBO
Kernel: fr
Advantage: globalrankweighted
M: 6
lambda: 8
epsilon_svgd: 0.015
gamma: 0.007
decay_start_ratio: 0.01
decay_min_factor: 0.01
bandwith_kernel: None
no_interact: False
avg_score: -910.7000122070312
median_score: -908.0
std_score: 73.3234634399414
percentiles: 2%=-1053.0999755859375, 5%=-1033.0999755859375, 10%=-1009.4000244140625, 25%=-962.25, 50%=-908.0, 75%=-863.25, 90%=-806.2000122070312, 95%=-786.6000366210938, 98%=-759.0
ranking_best_algo: CMApara
ranking_best_score: 964.9
ranking_my_rank: 85/504 (83.3%)
ranking_my_percent: 83.33333333333333
