ConfigName: krbf__advnormalizedfitness__M2__L8__eps0p025__g0p015__ds0p01__dm0p01
Problem: QUBO
Kernel: rbf
Advantage: normalizedfitness
M: 2
lambda: 8
epsilon_svgd: 0.025
gamma: 0.015
decay_start_ratio: 0.01
decay_min_factor: 0.01
bandwith_kernel: None
no_interact: False
avg_score: -436.3399963378906
median_score: -438.0
std_score: 30.139083862304688
percentiles: 2%=-483.1199951171875, 5%=-482.04998779296875, 10%=-472.29998779296875, 25%=-460.25, 50%=-438.0, 75%=-415.5, 90%=-396.8999938964844, 95%=-390.0, 98%=-384.4800109863281
ranking_best_algo: CMApara
ranking_best_score: 453.82
ranking_my_rank: 30/504 (94.2%)
ranking_my_percent: 94.24603174603175
