ConfigName: kjsd__advperagentrankweighted__M4__L24__eps0p008__g0p0005__ds0p05__dm0p05
Problem: QUBO
Kernel: jsd
Advantage: peragentrankweighted
M: 4
lambda: 24
epsilon_svgd: 0.008
gamma: 0.0005
decay_start_ratio: 0.05
decay_min_factor: 0.05
bandwith_kernel: None
no_interact: False
avg_score: -2605.02001953125
median_score: -2599.0
std_score: 114.58446502685547
percentiles: 2%=-2855.06005859375, 5%=-2815.10009765625, 10%=-2740.199951171875, 25%=-2681.25, 50%=-2599.0, 75%=-2536.5, 90%=-2455.60009765625, 95%=-2434.89990234375, 98%=-2383.8798828125
ranking_best_algo: SVM1MetaModelLogNormal
ranking_best_score: 2605.14
ranking_my_rank: 2/504 (99.8%)
ranking_my_percent: 99.8015873015873
