ConfigName: kjsd__advperagentrankweighted__M4__L24__eps0p02__g0p0003__ds0p2__dm0p05
Problem: QUBO
Kernel: jsd
Advantage: peragentrankweighted
M: 4
lambda: 24
epsilon_svgd: 0.02
gamma: 0.0003
decay_start_ratio: 0.2
decay_min_factor: 0.05
bandwith_kernel: None
no_interact: False
avg_score: -907.780029296875
median_score: -908.5
std_score: 58.88676834106445
percentiles: 2%=-1015.5399780273438, 5%=-1009.25, 10%=-982.0999755859375, 25%=-947.5, 50%=-908.5, 75%=-865.0, 90%=-827.5, 95%=-812.9000244140625, 98%=-805.8599853515625
ranking_best_algo: CMAL3
ranking_best_score: 928.5800000000002
ranking_my_rank: 53/504 (89.7%)
ranking_my_percent: 89.68253968253968
