ConfigName: kjsd__advperagentrankweighted__M4__L20__eps0p005__g0p001__ds0p05__dm0p1
Problem: QUBO
Kernel: jsd
Advantage: peragentrankweighted
M: 4
lambda: 20
epsilon_svgd: 0.005
gamma: 0.001
decay_start_ratio: 0.05
decay_min_factor: 0.1
bandwith_kernel: None
no_interact: False
avg_score: -579.9000244140625
median_score: -583.0
std_score: 29.322175979614258
percentiles: 2%=-632.02001953125, 5%=-625.0999755859375, 10%=-619.2000122070312, 25%=-601.0, 50%=-583.0, 75%=-560.0, 90%=-542.9000244140625, 95%=-533.8499755859375, 98%=-521.6599731445312
ranking_best_algo: Tabu
ranking_best_score: 588.7199999999999
ranking_my_rank: 40/503 (92.2%)
ranking_my_percent: 92.2465208747515
