ConfigName: krbf__advnormalizedfitness__M3__L12__eps0p033__g0p005__ds0p15__dm0p01
Problem: QUBO
Kernel: rbf
Advantage: normalizedfitness
M: 3
lambda: 12
epsilon_svgd: 0.033
gamma: 0.005
decay_start_ratio: 0.15
decay_min_factor: 0.01
bandwith_kernel: None
no_interact: False
avg_score: -571.3200073242188
median_score: -570.0
std_score: 32.56650924682617
percentiles: 2%=-634.1400146484375, 5%=-629.0999755859375, 10%=-619.4000244140625, 25%=-591.75, 50%=-570.0, 75%=-550.75, 90%=-530.7999877929688, 95%=-522.8500366210938, 98%=-513.679931640625
ranking_best_algo: Tabu
ranking_best_score: 588.7199999999999
ranking_my_rank: 62/503 (87.9%)
ranking_my_percent: 87.8727634194831
