ConfigName: krbf__advnormalizedfitness__M4__L10__eps0p025__g0p007__ds0p15__dm0p3
Problem: QUBO
Kernel: rbf
Advantage: normalizedfitness
M: 4
lambda: 10
epsilon_svgd: 0.025
gamma: 0.007
decay_start_ratio: 0.15
decay_min_factor: 0.3
bandwith_kernel: None
no_interact: False
avg_score: -873.260009765625
median_score: -873.0
std_score: 72.27664184570312
percentiles: 2%=-1015.260009765625, 5%=-995.4500122070312, 10%=-978.0, 25%=-916.0, 50%=-873.0, 75%=-817.5, 90%=-787.7999877929688, 95%=-764.8500366210938, 98%=-752.8199462890625
ranking_best_algo: CMAL3
ranking_best_score: 928.5800000000002
ranking_my_rank: 136/504 (73.2%)
ranking_my_percent: 73.21428571428571
