ConfigName: krbf__advnormalizedfitness__M3__L15__eps0p025__g0p015__ds0p3__dm0p3
Problem: QUBO
Kernel: rbf
Advantage: normalizedfitness
M: 3
lambda: 15
epsilon_svgd: 0.025
gamma: 0.015
decay_start_ratio: 0.3
decay_min_factor: 0.3
bandwith_kernel: None
no_interact: False
avg_score: -689.9000244140625
median_score: -684.0
std_score: 67.61427307128906
percentiles: 2%=-832.280029296875, 5%=-797.7000122070312, 10%=-775.5999755859375, 25%=-736.25, 50%=-684.0, 75%=-632.5, 90%=-611.7999877929688, 95%=-590.0, 98%=-581.8399658203125
ranking_best_algo: CMAL3
ranking_best_score: 928.5800000000002
ranking_my_rank: 331/504 (34.5%)
ranking_my_percent: 34.523809523809526
