ConfigName: krbf__advnormalizedfitness__M3__L15__eps0p015__g0p007__ds0p01__dm0p3
Problem: QUBO
Kernel: rbf
Advantage: normalizedfitness
M: 3
lambda: 15
epsilon_svgd: 0.015
gamma: 0.007
decay_start_ratio: 0.01
decay_min_factor: 0.3
bandwith_kernel: None
no_interact: False
avg_score: -327.760009765625
median_score: -332.0
std_score: 21.18731689453125
percentiles: 2%=-372.0, 5%=-357.0, 10%=-350.29998779296875, 25%=-343.0, 50%=-332.0, 75%=-312.0, 90%=-298.0, 95%=-290.0, 98%=-277.91998291015625
ranking_best_algo: CMApara
ranking_best_score: 344.22
ranking_my_rank: 85/504 (83.3%)
ranking_my_percent: 83.33333333333333
