ConfigName: kjsd__advperagentrankweighted__M3__L30__eps0p007__g0p0005__ds0p1__dm0p2
Problem: QUBO
Kernel: jsd
Advantage: peragentrankweighted
M: 3
lambda: 30
epsilon_svgd: 0.007
gamma: 0.0005
decay_start_ratio: 0.1
decay_min_factor: 0.2
bandwith_kernel: None
no_interact: False
avg_score: -1624.06005859375
median_score: -1618.0
std_score: 60.12666320800781
percentiles: 2%=-1740.0799560546875, 5%=-1712.0, 10%=-1699.0, 25%=-1669.0, 50%=-1618.0, 75%=-1581.25, 90%=-1555.0, 95%=-1530.8499755859375, 98%=-1500.8399658203125
ranking_best_algo: NLOPT_LN_PRAXIS
ranking_best_score: 1607.12
ranking_my_rank: 1/504 (100.0%)
ranking_my_percent: 100.0
