ConfigName: kfr__advglobalrankweighted__M4__L5__eps0p01__g0p001__ds0p01__dm0p01
Problem: QUBO
Kernel: fr
Advantage: globalrankweighted
M: 4
lambda: 5
epsilon_svgd: 0.01
gamma: 0.001
decay_start_ratio: 0.01
decay_min_factor: 0.01
bandwith_kernel: None
no_interact: False
avg_score: -421.4200134277344
median_score: -421.0
std_score: 26.034276962280273
percentiles: 2%=-473.0400085449219, 5%=-467.1000061035156, 10%=-457.20001220703125, 25%=-437.75, 50%=-421.0, 75%=-405.0, 90%=-388.8999938964844, 95%=-384.75, 98%=-368.94000244140625
ranking_best_algo: CMAL3
ranking_best_score: 435.36
ranking_my_rank: 53/504 (89.7%)
ranking_my_percent: 89.68253968253968
