ConfigName: kjsd__advperagentrankweighted__M3__L18__eps0p007__g0p0007__ds0p1__dm0p1
Problem: NK
Kernel: jsd
Advantage: peragentrankweighted
M: 3
lambda: 18
epsilon_svgd: 0.007
gamma: 0.0007
decay_start_ratio: 0.1
decay_min_factor: 0.1
bandwith_kernel: None
no_interact: False
avg_score: 0.7355208396911621
median_score: 0.7377607226371765
std_score: 0.00878533162176609
percentiles: 2%=0.7163569331169128, 5%=0.7186852693557739, 10%=0.7211430072784424, 25%=0.7301604747772217, 50%=0.7377607226371765, 75%=0.7415695190429688, 90%=0.746354877948761, 95%=0.7476039528846741, 98%=0.7485612034797668
ranking_best_algo: PBIL
ranking_best_score: 0.7248786399609374
ranking_my_rank: 1/504 (100.0%)
ranking_my_percent: 100.0
