ConfigName: krbf__advnormalizedfitness__M4__L15__eps0p033__g0p015__ds0p3__dm0p01
Problem: NK
Kernel: rbf
Advantage: normalizedfitness
M: 4
lambda: 15
epsilon_svgd: 0.033
gamma: 0.015
decay_start_ratio: 0.3
decay_min_factor: 0.01
bandwith_kernel: None
no_interact: False
avg_score: 0.7075508832931519
median_score: 0.7095390558242798
std_score: 0.015632621943950653
percentiles: 2%=0.6677363514900208, 5%=0.6697759628295898, 10%=0.6919398307800293, 25%=0.7023066282272339, 50%=0.7095390558242798, 75%=0.7163552045822144, 90%=0.7238832712173462, 95%=0.7276482582092285, 98%=0.7300887703895569
ranking_best_algo: CMApara
ranking_best_score: 0.707475975
ranking_my_rank: 1/504 (100.0%)
ranking_my_percent: 100.0
