ConfigName: krbf__advnormalizedfitness__M4__L15__eps0p025__g0p007__ds0p01__dm0p3
Problem: QUBO
Kernel: rbf
Advantage: normalizedfitness
M: 4
lambda: 15
epsilon_svgd: 0.025
gamma: 0.007
decay_start_ratio: 0.01
decay_min_factor: 0.3
bandwith_kernel: None
no_interact: False
avg_score: -808.1400146484375
median_score: -810.0
std_score: 85.03317260742188
percentiles: 2%=-958.5, 5%=-951.0499877929688, 10%=-919.5, 25%=-873.25, 50%=-810.0, 75%=-749.0, 90%=-690.0, 95%=-668.9000244140625, 98%=-657.7799682617188
ranking_best_algo: CMAL3
ranking_best_score: 928.5800000000002
ranking_my_rank: 267/504 (47.2%)
ranking_my_percent: 47.22222222222222
