ConfigName: krbf__advnormalizedfitness__M3__L15__eps0p03__g0p01__ds0p15__dm0p05
Problem: NK
Kernel: rbf
Advantage: normalizedfitness
M: 3
lambda: 15
epsilon_svgd: 0.03
gamma: 0.01
decay_start_ratio: 0.15
decay_min_factor: 0.05
bandwith_kernel: None
no_interact: False
avg_score: 0.7062528133392334
median_score: 0.7084933519363403
std_score: 0.011770360171794891
percentiles: 2%=0.6858349442481995, 5%=0.6876175403594971, 10%=0.6916753053665161, 25%=0.695290207862854, 50%=0.7084933519363403, 75%=0.7163994312286377, 90%=0.7211126089096069, 95%=0.723177433013916, 98%=0.7238792181015015
ranking_best_algo: PBIL
ranking_best_score: 0.7013553837109374
ranking_my_rank: 1/504 (100.0%)
ranking_my_percent: 100.0
