ConfigName: krbf__advnormalizedfitness__M1__L8__eps0p015__g0p007__ds0p3__dm0p3
Problem: QUBO
Kernel: rbf
Advantage: normalizedfitness
M: 1
lambda: 8
epsilon_svgd: 0.015
gamma: 0.007
decay_start_ratio: 0.3
decay_min_factor: 0.3
bandwith_kernel: None
no_interact: False
avg_score: -3235.659912109375
median_score: -3235.5
std_score: 182.06626892089844
percentiles: 2%=-3541.52001953125, 5%=-3509.050048828125, 10%=-3415.300048828125, 25%=-3309.25, 50%=-3235.5, 75%=-3149.25, 90%=-3083.800048828125, 95%=-3041.5, 98%=-3009.539794921875
ranking_best_algo: RLSOnePlusOne
ranking_best_score: 3316.5199999999995
ranking_my_rank: 42/504 (91.9%)
ranking_my_percent: 91.86507936507937
