ConfigName: kjsd__advperagentrankweighted__M4__L24__eps0p02__g0p0007__ds0p2__dm0p05
Problem: QUBO
Kernel: jsd
Advantage: peragentrankweighted
M: 4
lambda: 24
epsilon_svgd: 0.02
gamma: 0.0007
decay_start_ratio: 0.2
decay_min_factor: 0.05
bandwith_kernel: None
no_interact: False
avg_score: -1314.0799560546875
median_score: -1313.0
std_score: 59.656463623046875
percentiles: 2%=-1433.280029296875, 5%=-1415.0999755859375, 10%=-1392.300048828125, 25%=-1355.0, 50%=-1313.0, 75%=-1270.5, 90%=-1240.9000244140625, 95%=-1224.699951171875, 98%=-1198.800048828125
ranking_best_algo: BigLognormalDiscreteOnePlusOne
ranking_best_score: 1301.3600000000004
ranking_my_rank: 1/504 (100.0%)
ranking_my_percent: 100.0
