ConfigName: krbf__advnormalizedfitness__M1__L8__eps0p025__g0p015__ds0p15__dm0p01
Problem: QUBO
Kernel: rbf
Advantage: normalizedfitness
M: 1
lambda: 8
epsilon_svgd: 0.025
gamma: 0.015
decay_start_ratio: 0.15
decay_min_factor: 0.01
bandwith_kernel: None
no_interact: False
avg_score: -1281.02001953125
median_score: -1281.0
std_score: 57.720184326171875
percentiles: 2%=-1389.52001953125, 5%=-1373.199951171875, 10%=-1353.0, 25%=-1323.25, 50%=-1281.0, 75%=-1243.5, 90%=-1194.800048828125, 95%=-1184.75, 98%=-1178.97998046875
ranking_best_algo: BigLognormalDiscreteOnePlusOne
ranking_best_score: 1301.3600000000004
ranking_my_rank: 31/504 (94.0%)
ranking_my_percent: 94.04761904761905
