ConfigName: krbf__advnormalizedfitness__M1__L8__eps0p033__g0p015__ds0p01__dm0p3
Problem: QUBO
Kernel: rbf
Advantage: normalizedfitness
M: 1
lambda: 8
epsilon_svgd: 0.033
gamma: 0.015
decay_start_ratio: 0.01
decay_min_factor: 0.3
bandwith_kernel: None
no_interact: False
avg_score: -1273.47998046875
median_score: -1273.0
std_score: 67.93460083007812
percentiles: 2%=-1423.02001953125, 5%=-1382.0, 10%=-1349.199951171875, 25%=-1319.0, 50%=-1273.0, 75%=-1239.75, 90%=-1188.800048828125, 95%=-1167.60009765625, 98%=-1116.760009765625
ranking_best_algo: BigLognormalDiscreteOnePlusOne
ranking_best_score: 1301.3600000000004
ranking_my_rank: 45/504 (91.3%)
ranking_my_percent: 91.26984126984127
