ConfigName: kjsd__advperagentrankweighted__M3__L30__eps0p005__g0p001__ds0p1__dm0p1
Problem: QUBO
Kernel: jsd
Advantage: peragentrankweighted
M: 3
lambda: 30
epsilon_svgd: 0.005
gamma: 0.001
decay_start_ratio: 0.1
decay_min_factor: 0.1
bandwith_kernel: None
no_interact: False
avg_score: -441.8999938964844
median_score: -445.0
std_score: 26.502641677856445
percentiles: 2%=-487.1000061035156, 5%=-479.1000061035156, 10%=-473.20001220703125, 25%=-461.25, 50%=-445.0, 75%=-419.0, 90%=-400.8999938964844, 95%=-398.95001220703125, 98%=-396.94000244140625
ranking_best_algo: CMApara
ranking_best_score: 453.82
ranking_my_rank: 10/504 (98.2%)
ranking_my_percent: 98.21428571428571
