ConfigName: kjsd__advperagentrankweighted__M3__L16__eps0p01__g0p001__ds0p05__dm0p2
Problem: NK
Kernel: jsd
Advantage: peragentrankweighted
M: 3
lambda: 16
epsilon_svgd: 0.01
gamma: 0.001
decay_start_ratio: 0.05
decay_min_factor: 0.2
bandwith_kernel: None
no_interact: False
avg_score: 0.707047700881958
median_score: 0.7078355550765991
std_score: 0.011740206740796566
percentiles: 2%=0.6857539415359497, 5%=0.6879248023033142, 10%=0.6926681399345398, 25%=0.6954964399337769, 50%=0.7078355550765991, 75%=0.717060923576355, 90%=0.7213408350944519, 95%=0.7226549386978149, 98%=0.7236486673355103
ranking_best_algo: PBIL
ranking_best_score: 0.7013553837109374
ranking_my_rank: 1/504 (100.0%)
ranking_my_percent: 100.0
