ConfigName: kjsd__advperagentrankweighted__M4__L12__eps0p02__g0p0003__ds0p05__dm0p05
Problem: QUBO
Kernel: jsd
Advantage: peragentrankweighted
M: 4
lambda: 12
epsilon_svgd: 0.02
gamma: 0.0003
decay_start_ratio: 0.05
decay_min_factor: 0.05
bandwith_kernel: None
no_interact: False
avg_score: -1213.760009765625
median_score: -1206.0
std_score: 66.48128509521484
percentiles: 2%=-1346.0999755859375, 5%=-1323.449951171875, 10%=-1315.0, 25%=-1248.25, 50%=-1206.0, 75%=-1161.0, 90%=-1136.5999755859375, 95%=-1115.0, 98%=-1103.9000244140625
ranking_best_algo: SVMMetaModelLogNormal
ranking_best_score: 1233.7999999999997
ranking_my_rank: 45/504 (91.3%)
ranking_my_percent: 91.26984126984127
