ConfigName: krbf__advnormalizedfitness__M3__L15__eps0p033__g0p007__ds0p15__dm0p3
Problem: QUBO
Kernel: rbf
Advantage: normalizedfitness
M: 3
lambda: 15
epsilon_svgd: 0.033
gamma: 0.007
decay_start_ratio: 0.15
decay_min_factor: 0.3
bandwith_kernel: None
no_interact: False
avg_score: -1177.800048828125
median_score: -1174.5
std_score: 59.974159240722656
percentiles: 2%=-1324.0, 5%=-1271.0, 10%=-1245.5999755859375, 25%=-1216.5, 50%=-1174.5, 75%=-1141.0, 90%=-1109.800048828125, 95%=-1089.75, 98%=-1059.97998046875
ranking_best_algo: Tabu
ranking_best_score: 1216.16
ranking_my_rank: 79/504 (84.5%)
ranking_my_percent: 84.52380952380952
