ConfigName: kjsd__advperagentrankweighted__M4__L24__eps0p03__g0p0003__ds0p05__dm0p05
Problem: QUBO
Kernel: jsd
Advantage: peragentrankweighted
M: 4
lambda: 24
epsilon_svgd: 0.03
gamma: 0.0003
decay_start_ratio: 0.05
decay_min_factor: 0.05
bandwith_kernel: None
no_interact: False
avg_score: -1273.0
median_score: -1274.0
std_score: 49.89769744873047
percentiles: 2%=-1392.0799560546875, 5%=-1355.449951171875, 10%=-1325.0999755859375, 25%=-1307.5, 50%=-1274.0, 75%=-1237.0, 90%=-1206.800048828125, 95%=-1198.9000244140625, 98%=-1183.739990234375
ranking_best_algo: BigLognormalDiscreteOnePlusOne
ranking_best_score: 1301.3600000000004
ranking_my_rank: 45/504 (91.3%)
ranking_my_percent: 91.26984126984127
