ConfigName: kjsd__advperagentrankweighted__M5__L24__eps0p008__g0p0005__ds0p05__dm0p05
Problem: NK
Kernel: jsd
Advantage: peragentrankweighted
M: 5
lambda: 24
epsilon_svgd: 0.008
gamma: 0.0005
decay_start_ratio: 0.05
decay_min_factor: 0.05
bandwith_kernel: None
no_interact: False
avg_score: 0.7483649253845215
median_score: 0.748144268989563
std_score: 0.010205451399087906
percentiles: 2%=0.7278256416320801, 5%=0.7292413115501404, 10%=0.7337110638618469, 25%=0.7420778870582581, 50%=0.748144268989563, 75%=0.7562026977539062, 90%=0.7613813281059265, 95%=0.7640713453292847, 98%=0.7683141231536865
ranking_best_algo: PBIL
ranking_best_score: 0.733570253046875
ranking_my_rank: 1/504 (100.0%)
ranking_my_percent: 100.0
