ConfigName: krbf__advnormalizedfitness__M1__L8__eps0p033__g0p005__ds0p15__dm0p01
Problem: QUBO
Kernel: rbf
Advantage: normalizedfitness
M: 1
lambda: 8
epsilon_svgd: 0.033
gamma: 0.005
decay_start_ratio: 0.15
decay_min_factor: 0.01
bandwith_kernel: None
no_interact: False
avg_score: -395.0
median_score: -394.0
std_score: 40.579307556152344
percentiles: 2%=-467.0, 5%=-461.04998779296875, 10%=-446.3999938964844, 25%=-417.25, 50%=-394.0, 75%=-376.0, 90%=-349.8999938964844, 95%=-340.0, 98%=-323.97998046875
ranking_best_algo: CMAL3
ranking_best_score: 435.36
ranking_my_rank: 255/504 (49.6%)
ranking_my_percent: 49.6031746031746
