ConfigName: kjsd__advperagentrankweighted__M3__L20__eps0p005__g0p0007__ds0p2__dm0p1
Problem: NK
Kernel: jsd
Advantage: peragentrankweighted
M: 3
lambda: 20
epsilon_svgd: 0.005
gamma: 0.0007
decay_start_ratio: 0.2
decay_min_factor: 0.1
bandwith_kernel: None
no_interact: False
avg_score: 0.7573471069335938
median_score: 0.7556571364402771
std_score: 0.01270117424428463
percentiles: 2%=0.7356973886489868, 5%=0.7374557256698608, 10%=0.7406994104385376, 25%=0.7483468055725098, 50%=0.7556571364402771, 75%=0.765996515750885, 90%=0.7740833759307861, 95%=0.7773837447166443, 98%=0.7820988297462463
ranking_best_algo: Tabu
ranking_best_score: 0.7470791764843752
ranking_my_rank: 1/504 (100.0%)
ranking_my_percent: 100.0
