ConfigName: krbf__advnormalizedfitness__M4__L12__eps0p025__g0p007__ds0p01__dm0p3
Problem: NK
Kernel: rbf
Advantage: normalizedfitness
M: 4
lambda: 12
epsilon_svgd: 0.025
gamma: 0.007
decay_start_ratio: 0.01
decay_min_factor: 0.3
bandwith_kernel: None
no_interact: False
avg_score: 0.7341318726539612
median_score: 0.7341270446777344
std_score: 0.009482777677476406
percentiles: 2%=0.7115922570228577, 5%=0.7191244959831238, 10%=0.721483051776886, 25%=0.72845458984375, 50%=0.7341270446777344, 75%=0.7415776252746582, 90%=0.7459368109703064, 95%=0.7466642260551453, 98%=0.749041736125946
ranking_best_algo: PBIL
ranking_best_score: 0.730509098125
ranking_my_rank: 1/504 (100.0%)
ranking_my_percent: 100.0
