ConfigName: kjsd__advperagentrankweighted__M3__L18__eps0p005__g0p0007__ds0p1__dm0p1
Problem: NK
Kernel: jsd
Advantage: peragentrankweighted
M: 3
lambda: 18
epsilon_svgd: 0.005
gamma: 0.0007
decay_start_ratio: 0.1
decay_min_factor: 0.1
bandwith_kernel: None
no_interact: False
avg_score: 0.7490730881690979
median_score: 0.7491854429244995
std_score: 0.009031565859913826
percentiles: 2%=0.7307499051094055, 5%=0.7344191670417786, 10%=0.73585045337677, 25%=0.7430785298347473, 50%=0.7491854429244995, 75%=0.7552313208580017, 90%=0.7620471119880676, 95%=0.7625407576560974, 98%=0.7639043927192688
ranking_best_algo: PBIL
ranking_best_score: 0.733570253046875
ranking_my_rank: 1/504 (100.0%)
ranking_my_percent: 100.0
