ConfigName: kjsd__advperagentrankweighted__M3__L16__eps0p01__g0p003__ds0p2__dm0p1
Problem: QUBO
Kernel: jsd
Advantage: peragentrankweighted
M: 3
lambda: 16
epsilon_svgd: 0.01
gamma: 0.003
decay_start_ratio: 0.2
decay_min_factor: 0.1
bandwith_kernel: None
no_interact: False
avg_score: -415.0
median_score: -414.0
std_score: 26.472627639770508
percentiles: 2%=-473.0, 5%=-465.20001220703125, 10%=-453.20001220703125, 25%=-426.5, 50%=-414.0, 75%=-397.5, 90%=-382.0, 95%=-375.8999938964844, 98%=-367.79998779296875
ranking_best_algo: Tabu
ranking_best_score: 438.12
ranking_my_rank: 51/504 (90.1%)
ranking_my_percent: 90.07936507936508
