ConfigName: krbf__advnormalizedfitness__M3__L12__eps0p033__g0p005__ds0p15__dm0p3
Problem: NK
Kernel: rbf
Advantage: normalizedfitness
M: 3
lambda: 12
epsilon_svgd: 0.033
gamma: 0.005
decay_start_ratio: 0.15
decay_min_factor: 0.3
bandwith_kernel: None
no_interact: False
avg_score: 0.7027854323387146
median_score: 0.7018111944198608
std_score: 0.015553445555269718
percentiles: 2%=0.6720473766326904, 5%=0.6784204244613647, 10%=0.6863846182823181, 25%=0.6912291049957275, 50%=0.7018111944198608, 75%=0.7127548456192017, 90%=0.7261554002761841, 95%=0.7294362187385559, 98%=0.7363383769989014
ranking_best_algo: PBIL
ranking_best_score: 0.7170882103515624
ranking_my_rank: 62/504 (87.9%)
ranking_my_percent: 87.89682539682539
