ConfigName: kfr__advglobalrankweighted__M6__L7__eps0p015__g0p007__ds0p01__dm0p01
Problem: QUBO
Kernel: fr
Advantage: globalrankweighted
M: 6
lambda: 7
epsilon_svgd: 0.015
gamma: 0.007
decay_start_ratio: 0.01
decay_min_factor: 0.01
bandwith_kernel: None
no_interact: False
avg_score: -435.8399963378906
median_score: -432.0
std_score: 25.679065704345703
percentiles: 2%=-481.17999267578125, 5%=-478.1499938964844, 10%=-468.20001220703125, 25%=-458.0, 50%=-432.0, 75%=-415.0, 90%=-404.70001220703125, 95%=-397.9000244140625, 98%=-386.94000244140625
ranking_best_algo: CMApara
ranking_best_score: 453.82
ranking_my_rank: 30/504 (94.2%)
ranking_my_percent: 94.24603174603175
