ConfigName: krbf__advnormalizedfitness__M4__L10__eps0p025__g0p015__ds0p01__dm0p01
Problem: QUBO
Kernel: rbf
Advantage: normalizedfitness
M: 4
lambda: 10
epsilon_svgd: 0.025
gamma: 0.015
decay_start_ratio: 0.01
decay_min_factor: 0.01
bandwith_kernel: None
no_interact: False
avg_score: -1039.4599609375
median_score: -1030.0
std_score: 73.99113464355469
percentiles: 2%=-1185.1400146484375, 5%=-1145.4000244140625, 10%=-1135.5999755859375, 25%=-1101.75, 50%=-1030.0, 75%=-978.5, 90%=-948.7999877929688, 95%=-933.75, 98%=-912.8399658203125
ranking_best_algo: SVMMetaModelLogNormal
ranking_best_score: 1233.7999999999997
ranking_my_rank: 204/504 (59.7%)
ranking_my_percent: 59.72222222222222
