ConfigName: kjsd__advperagentrankweighted__M3__L24__eps0p005__g0p001__ds0p1__dm0p1
Problem: NK
Kernel: jsd
Advantage: peragentrankweighted
M: 3
lambda: 24
epsilon_svgd: 0.005
gamma: 0.001
decay_start_ratio: 0.1
decay_min_factor: 0.1
bandwith_kernel: None
no_interact: False
avg_score: 0.6918296217918396
median_score: 0.6893198490142822
std_score: 0.016982289031147957
percentiles: 2%=0.666516900062561, 5%=0.6690381765365601, 10%=0.6729825735092163, 25%=0.6781059503555298, 50%=0.6893198490142822, 75%=0.7015477418899536, 90%=0.7200891971588135, 95%=0.7218011021614075, 98%=0.725647509098053
ranking_best_algo: PBIL
ranking_best_score: 0.7170882103515624
ranking_my_rank: 88/504 (82.7%)
ranking_my_percent: 82.73809523809524
