ConfigName: krbf__advnormalizedfitness__M2__L8__eps0p015__g0p005__ds0p15__dm0p3
Problem: NK
Kernel: rbf
Advantage: normalizedfitness
M: 2
lambda: 8
epsilon_svgd: 0.015
gamma: 0.005
decay_start_ratio: 0.15
decay_min_factor: 0.3
bandwith_kernel: None
no_interact: False
avg_score: 0.752632200717926
median_score: 0.7522577047348022
std_score: 0.013460909016430378
percentiles: 2%=0.7302485108375549, 5%=0.7310234308242798, 10%=0.7344555854797363, 25%=0.744199275970459, 50%=0.7522577047348022, 75%=0.7625261545181274, 90%=0.7696727514266968, 95%=0.7728198766708374, 98%=0.7796925902366638
ranking_best_algo: Tabu
ranking_best_score: 0.7470791764843752
ranking_my_rank: 1/504 (100.0%)
ranking_my_percent: 100.0
