ConfigName: kjsd__advperagentrankweighted__M4__L10__eps0p01__g0p0007__ds0p05__dm0p05
Problem: NK
Kernel: jsd
Advantage: peragentrankweighted
M: 4
lambda: 10
epsilon_svgd: 0.01
gamma: 0.0007
decay_start_ratio: 0.05
decay_min_factor: 0.05
bandwith_kernel: None
no_interact: False
avg_score: 0.7095292806625366
median_score: 0.7108270525932312
std_score: 0.015287894755601883
percentiles: 2%=0.6695452332496643, 5%=0.6722931265830994, 10%=0.6953809261322021, 25%=0.7063264846801758, 50%=0.7108270525932312, 75%=0.7184826135635376, 90%=0.7250714302062988, 95%=0.7310923337936401, 98%=0.7333155274391174
ranking_best_algo: CMApara
ranking_best_score: 0.707475975
ranking_my_rank: 1/504 (100.0%)
ranking_my_percent: 100.0
