ConfigName: krbf__advnormalizedfitness__M3__L10__eps0p015__g0p007__ds0p01__dm0p3
Problem: NK
Kernel: rbf
Advantage: normalizedfitness
M: 3
lambda: 10
epsilon_svgd: 0.015
gamma: 0.007
decay_start_ratio: 0.01
decay_min_factor: 0.3
bandwith_kernel: None
no_interact: False
avg_score: 0.7107014656066895
median_score: 0.7108783721923828
std_score: 0.015204533003270626
percentiles: 2%=0.6730576753616333, 5%=0.6737536787986755, 10%=0.6968819499015808, 25%=0.7073826193809509, 50%=0.7108783721923828, 75%=0.720254123210907, 90%=0.725470244884491, 95%=0.7325794696807861, 98%=0.7331892848014832
ranking_best_algo: CMApara
ranking_best_score: 0.707475975
ranking_my_rank: 1/504 (100.0%)
ranking_my_percent: 100.0
