ConfigName: krbf__advnormalizedfitness__M3__L12__eps0p033__g0p007__ds0p15__dm0p3
Problem: NK
Kernel: rbf
Advantage: normalizedfitness
M: 3
lambda: 12
epsilon_svgd: 0.033
gamma: 0.007
decay_start_ratio: 0.15
decay_min_factor: 0.3
bandwith_kernel: None
no_interact: False
avg_score: 0.710529088973999
median_score: 0.7114983797073364
std_score: 0.015131580643355846
percentiles: 2%=0.6721338033676147, 5%=0.6739634275436401, 10%=0.6962411403656006, 25%=0.7071492671966553, 50%=0.7114983797073364, 75%=0.7195526361465454, 90%=0.7254021167755127, 95%=0.7320282459259033, 98%=0.7331437468528748
ranking_best_algo: CMApara
ranking_best_score: 0.707475975
ranking_my_rank: 1/504 (100.0%)
ranking_my_percent: 100.0
