ConfigName: kjsd__advperagentrankweighted__M3__L18__eps0p007__g0p0007__ds0p2__dm0p1
Problem: NK
Kernel: jsd
Advantage: peragentrankweighted
M: 3
lambda: 18
epsilon_svgd: 0.007
gamma: 0.0007
decay_start_ratio: 0.2
decay_min_factor: 0.1
bandwith_kernel: None
no_interact: False
avg_score: 0.7475348114967346
median_score: 0.7480341196060181
std_score: 0.008367206901311874
percentiles: 2%=0.729985773563385, 5%=0.7334994077682495, 10%=0.7358871698379517, 25%=0.7414454817771912, 50%=0.7480341196060181, 75%=0.7537540197372437, 90%=0.7585660815238953, 95%=0.7615251541137695, 98%=0.7626204490661621
ranking_best_algo: PBIL
ranking_best_score: 0.733570253046875
ranking_my_rank: 1/504 (100.0%)
ranking_my_percent: 100.0
