ConfigName: krbf__advnormalizedfitness__M1__L8__eps0p015__g0p007__ds0p3__dm0p01
Problem: QUBO
Kernel: rbf
Advantage: normalizedfitness
M: 1
lambda: 8
epsilon_svgd: 0.015
gamma: 0.007
decay_start_ratio: 0.3
decay_min_factor: 0.01
bandwith_kernel: None
no_interact: False
avg_score: -134.13999938964844
median_score: -134.5
std_score: 13.463298797607422
percentiles: 2%=-158.02000427246094, 5%=-156.10000610351562, 10%=-152.10000610351562, 25%=-144.0, 50%=-134.5, 75%=-126.0, 90%=-115.0, 95%=-111.0, 98%=-108.8399658203125
ranking_best_algo: DiscreteDE
ranking_best_score: 143.4
ranking_my_rank: 308/504 (39.1%)
ranking_my_percent: 39.08730158730159
