ConfigName: krbf__advnormalizedfitness__M3__L8__eps0p025__g0p01__ds0p15__dm0p01
Problem: NK
Kernel: rbf
Advantage: normalizedfitness
M: 3
lambda: 8
epsilon_svgd: 0.025
gamma: 0.01
decay_start_ratio: 0.15
decay_min_factor: 0.01
bandwith_kernel: None
no_interact: False
avg_score: 0.7424585223197937
median_score: 0.7419975399971008
std_score: 0.014776122756302357
percentiles: 2%=0.716907262802124, 5%=0.7184032201766968, 10%=0.724464476108551, 25%=0.7317867279052734, 50%=0.7419975399971008, 75%=0.7499356269836426, 90%=0.7644134163856506, 95%=0.7675283551216125, 98%=0.7769832611083984
ranking_best_algo: Tabu
ranking_best_score: 0.7601875690625
ranking_my_rank: 11/504 (98.0%)
ranking_my_percent: 98.01587301587301
