ConfigName: krbf__advnormalizedfitness__M5__L8__eps0p02__g0p01__ds0p15__dm0p05
Problem: QUBO
Kernel: rbf
Advantage: normalizedfitness
M: 5
lambda: 8
epsilon_svgd: 0.02
gamma: 0.01
decay_start_ratio: 0.15
decay_min_factor: 0.05
bandwith_kernel: None
no_interact: False
avg_score: -936.780029296875
median_score: -934.0
std_score: 71.46112060546875
percentiles: 2%=-1095.4000244140625, 5%=-1073.0, 10%=-1031.9000244140625, 25%=-979.25, 50%=-934.0, 75%=-881.75, 90%=-859.7999877929688, 95%=-829.5999755859375, 98%=-813.9400024414062
ranking_best_algo: SVMMetaModelLogNormal
ranking_best_score: 1233.7999999999997
ranking_my_rank: 293/504 (42.1%)
ranking_my_percent: 42.06349206349206
