ConfigName: kjsd__advperagentrankweighted__M6__L8__eps0p03__g0p0005__ds0p2__dm0p05
Problem: NK
Kernel: jsd
Advantage: peragentrankweighted
M: 6
lambda: 8
epsilon_svgd: 0.03
gamma: 0.0005
decay_start_ratio: 0.2
decay_min_factor: 0.05
bandwith_kernel: None
no_interact: False
avg_score: 0.7408615946769714
median_score: 0.7406773567199707
std_score: 0.012748201377689838
percentiles: 2%=0.7134032249450684, 5%=0.7184039950370789, 10%=0.7234188318252563, 25%=0.734135091304779, 50%=0.7406773567199707, 75%=0.7500874996185303, 90%=0.7589166760444641, 95%=0.7602906823158264, 98%=0.7623066306114197
ranking_best_algo: Tabu
ranking_best_score: 0.7470791764843752
ranking_my_rank: 6/504 (99.0%)
ranking_my_percent: 99.0079365079365
