ConfigName: kfr__advglobalrankweighted__M4__L15__eps0p015__g0p003__ds0p01__dm0p01
Problem: QUBO
Kernel: fr
Advantage: globalrankweighted
M: 4
lambda: 15
epsilon_svgd: 0.015
gamma: 0.003
decay_start_ratio: 0.01
decay_min_factor: 0.01
bandwith_kernel: None
no_interact: False
avg_score: -415.239990234375
median_score: -416.0
std_score: 25.67844009399414
percentiles: 2%=-465.0400085449219, 5%=-455.20001220703125, 10%=-452.0, 25%=-430.5, 50%=-416.0, 75%=-398.0, 90%=-383.79998779296875, 95%=-373.9000244140625, 98%=-365.8799743652344
ranking_best_algo: Tabu
ranking_best_score: 438.12
ranking_my_rank: 50/504 (90.3%)
ranking_my_percent: 90.27777777777777
