ConfigName: kjsd__advperagentrankweighted__M5__L10__eps0p03__g0p0007__ds0p05__dm0p05
Problem: QUBO
Kernel: jsd
Advantage: peragentrankweighted
M: 5
lambda: 10
epsilon_svgd: 0.03
gamma: 0.0007
decay_start_ratio: 0.05
decay_min_factor: 0.05
bandwith_kernel: None
no_interact: False
avg_score: -439.3399963378906
median_score: -442.5
std_score: 25.03845977783203
percentiles: 2%=-487.1000061035156, 5%=-479.0, 10%=-472.1000061035156, 25%=-459.0, 50%=-442.5, 75%=-419.0, 90%=-408.0, 95%=-397.95001220703125, 98%=-395.9599914550781
ranking_best_algo: CMApara
ranking_best_score: 453.82
ranking_my_rank: 19/504 (96.4%)
ranking_my_percent: 96.42857142857143
