ConfigName: kfr__advglobalrankweighted__M4__L9__eps0p01__g0p003__ds0p01__dm0p01
Problem: QUBO
Kernel: fr
Advantage: globalrankweighted
M: 4
lambda: 9
epsilon_svgd: 0.01
gamma: 0.003
decay_start_ratio: 0.01
decay_min_factor: 0.01
bandwith_kernel: None
no_interact: False
avg_score: -426.8599853515625
median_score: -428.5
std_score: 28.85239028930664
percentiles: 2%=-479.0400085449219, 5%=-477.1000061035156, 10%=-467.20001220703125, 25%=-445.0, 50%=-428.5, 75%=-407.0, 90%=-393.0, 95%=-380.95001220703125, 98%=-365.7200012207031
ranking_best_algo: CMAL3
ranking_best_score: 435.36
ranking_my_rank: 20/504 (96.2%)
ranking_my_percent: 96.23015873015873
