ConfigName: kjsd__advperagentrankweighted__M3__L16__eps0p005__g0p003__ds0p05__dm0p05
Problem: QUBO
Kernel: jsd
Advantage: peragentrankweighted
M: 3
lambda: 16
epsilon_svgd: 0.005
gamma: 0.003
decay_start_ratio: 0.05
decay_min_factor: 0.05
bandwith_kernel: None
no_interact: False
avg_score: -329.05999755859375
median_score: -334.0
std_score: 22.731395721435547
percentiles: 2%=-372.0, 5%=-372.0, 10%=-354.29998779296875, 25%=-343.0, 50%=-334.0, 75%=-315.0, 90%=-297.79998779296875, 95%=-291.95001220703125, 98%=-279.79998779296875
ranking_best_algo: CMApara
ranking_best_score: 344.22
ranking_my_rank: 83/504 (83.7%)
ranking_my_percent: 83.73015873015873
