ConfigName: kjsd__advperagentrankweighted__M3__L16__eps0p007__g0p0007__ds0p1__dm0p1
Problem: QUBO
Kernel: jsd
Advantage: peragentrankweighted
M: 3
lambda: 16
epsilon_svgd: 0.007
gamma: 0.0007
decay_start_ratio: 0.1
decay_min_factor: 0.1
bandwith_kernel: None
no_interact: False
avg_score: -137.4600067138672
median_score: -139.0
std_score: 12.069315910339355
percentiles: 2%=-160.0, 5%=-154.0500030517578, 10%=-152.10000610351562, 25%=-146.0, 50%=-139.0, 75%=-129.75, 90%=-122.80000305175781, 95%=-113.0, 98%=-110.91999816894531
ranking_best_algo: DiscreteDE
ranking_best_score: 143.4
ranking_my_rank: 127/504 (75.0%)
ranking_my_percent: 75.0
