ConfigName: kjsd__advperagentrankweighted__M3__L20__eps0p005__g0p0005__ds0p1__dm0p1
Problem: QUBO
Kernel: jsd
Advantage: peragentrankweighted
M: 3
lambda: 20
epsilon_svgd: 0.005
gamma: 0.0005
decay_start_ratio: 0.1
decay_min_factor: 0.1
bandwith_kernel: None
no_interact: False
avg_score: -1200.0999755859375
median_score: -1189.5
std_score: 60.174163818359375
percentiles: 2%=-1339.0, 5%=-1321.5, 10%=-1273.0999755859375, 25%=-1245.0, 50%=-1189.5, 75%=-1152.0, 90%=-1133.9000244140625, 95%=-1127.75, 98%=-1108.6199951171875
ranking_best_algo: Tabu
ranking_best_score: 1216.16
ranking_my_rank: 42/504 (91.9%)
ranking_my_percent: 91.86507936507937
