ConfigName: krbf__advglobalrankweighted__M4__L9__eps0p02__g0p005__ds0p01__dm0p01
Problem: QUBO
Kernel: rbf
Advantage: globalrankweighted
M: 4
lambda: 9
epsilon_svgd: 0.02
gamma: 0.005
decay_start_ratio: 0.01
decay_min_factor: 0.01
bandwith_kernel: None
no_interact: False
avg_score: -579.7999877929688
median_score: -579.0
std_score: 25.791471481323242
percentiles: 2%=-632.02001953125, 5%=-619.0999755859375, 10%=-613.2000122070312, 25%=-596.25, 50%=-579.0, 75%=-564.75, 90%=-543.9000244140625, 95%=-536.8500366210938, 98%=-525.9400024414062
ranking_best_algo: Tabu
ranking_best_score: 588.7199999999999
ranking_my_rank: 40/503 (92.2%)
ranking_my_percent: 92.2465208747515
