ConfigName: krbf__advnormalizedfitness__M4__L8__eps0p033__g0p005__ds0p3__dm0p01
Problem: QUBO
Kernel: rbf
Advantage: normalizedfitness
M: 4
lambda: 8
epsilon_svgd: 0.033
gamma: 0.005
decay_start_ratio: 0.3
decay_min_factor: 0.01
bandwith_kernel: None
no_interact: False
avg_score: -310.6000061035156
median_score: -309.0
std_score: 37.904090881347656
percentiles: 2%=-398.0, 5%=-388.0, 10%=-355.5999755859375, 25%=-334.0, 50%=-309.0, 75%=-277.0, 90%=-266.8999938964844, 95%=-264.95001220703125, 98%=-262.0
ranking_best_algo: CMApara
ranking_best_score: 319.29999999999995
ranking_my_rank: 58/504 (88.7%)
ranking_my_percent: 88.69047619047619
