ConfigName: krbf__advnormalizedfitness__M3__L8__eps0p015__g0p01__ds0p01__dm0p01
Problem: QUBO
Kernel: rbf
Advantage: normalizedfitness
M: 3
lambda: 8
epsilon_svgd: 0.015
gamma: 0.01
decay_start_ratio: 0.01
decay_min_factor: 0.01
bandwith_kernel: None
no_interact: False
avg_score: -312.82000732421875
median_score: -315.0
std_score: 39.86687469482422
percentiles: 2%=-396.0400085449219, 5%=-392.1000061035156, 10%=-362.5999755859375, 25%=-338.5, 50%=-315.0, 75%=-275.5, 90%=-268.0, 95%=-260.8000183105469, 98%=-250.0
ranking_best_algo: CMApara
ranking_best_score: 319.29999999999995
ranking_my_rank: 31/504 (94.0%)
ranking_my_percent: 94.04761904761905
