ConfigName: krbf__advnormalizedfitness__M2__L6__eps0p01__g0p01__ds0p3__dm0p01
Problem: NK
Kernel: rbf
Advantage: normalizedfitness
M: 2
lambda: 6
epsilon_svgd: 0.01
gamma: 0.01
decay_start_ratio: 0.3
decay_min_factor: 0.01
bandwith_kernel: None
no_interact: False
avg_score: 0.7438866496086121
median_score: 0.7415115833282471
std_score: 0.028596047312021255
percentiles: 2%=0.6959250569343567, 5%=0.708351731300354, 10%=0.7115169763565063, 25%=0.7212516665458679, 50%=0.7415115833282471, 75%=0.7584911584854126, 90%=0.777946949005127, 95%=0.8044298887252808, 98%=0.8117834329605103
ranking_best_algo: CMApara
ranking_best_score: 0.7459277895312499
ranking_my_rank: 6/504 (99.0%)
ranking_my_percent: 99.0079365079365
