ConfigName: krbf__advnormalizedfitness__M3__L10__eps0p02__g0p005__ds0p15__dm0p05
Problem: NK
Kernel: rbf
Advantage: normalizedfitness
M: 3
lambda: 10
epsilon_svgd: 0.02
gamma: 0.005
decay_start_ratio: 0.15
decay_min_factor: 0.05
bandwith_kernel: None
no_interact: False
avg_score: 0.7105943560600281
median_score: 0.7114047408103943
std_score: 0.015137691050767899
percentiles: 2%=0.6720634698867798, 5%=0.673430860042572, 10%=0.6974411606788635, 25%=0.7077158689498901, 50%=0.7114047408103943, 75%=0.7185714244842529, 90%=0.7255509495735168, 95%=0.732249915599823, 98%=0.7331243753433228
ranking_best_algo: CMApara
ranking_best_score: 0.707475975
ranking_my_rank: 1/504 (100.0%)
ranking_my_percent: 100.0
