ConfigName: krbf__advnormalizedfitness__M4__L15__eps0p025__g0p005__ds0p3__dm0p3
Problem: NK
Kernel: rbf
Advantage: normalizedfitness
M: 4
lambda: 15
epsilon_svgd: 0.025
gamma: 0.005
decay_start_ratio: 0.3
decay_min_factor: 0.3
bandwith_kernel: None
no_interact: False
avg_score: 0.7502697110176086
median_score: 0.7524849772453308
std_score: 0.014502367004752159
percentiles: 2%=0.7234879732131958, 5%=0.7251105308532715, 10%=0.728645920753479, 25%=0.7403795123100281, 50%=0.7524849772453308, 75%=0.7593188285827637, 90%=0.7706454992294312, 95%=0.7719460725784302, 98%=0.7741633653640747
ranking_best_algo: Tabu
ranking_best_score: 0.7657846284375001
ranking_my_rank: 22/504 (95.8%)
ranking_my_percent: 95.83333333333333
