ConfigName: kjsd__advperagentrankweighted__M6__L10__eps0p02__g0p0007__ds0p05__dm0p05
Problem: NK
Kernel: jsd
Advantage: peragentrankweighted
M: 6
lambda: 10
epsilon_svgd: 0.02
gamma: 0.0007
decay_start_ratio: 0.05
decay_min_factor: 0.05
bandwith_kernel: None
no_interact: False
avg_score: 0.7434749007225037
median_score: 0.7407347559928894
std_score: 0.02895505353808403
percentiles: 2%=0.6958820223808289, 5%=0.703458845615387, 10%=0.7089092135429382, 25%=0.7223068475723267, 50%=0.7407347559928894, 75%=0.7614919543266296, 90%=0.7783373594284058, 95%=0.8047558665275574, 98%=0.8118547797203064
ranking_best_algo: CMApara
ranking_best_score: 0.7459277895312499
ranking_my_rank: 11/504 (98.0%)
ranking_my_percent: 98.01587301587301
