ConfigName: kfr__advglobalrankweighted__M1__L11__eps0p02__g0p007__ds0p01__dm0p01
Problem: QUBO
Kernel: fr
Advantage: globalrankweighted
M: 1
lambda: 11
epsilon_svgd: 0.02
gamma: 0.007
decay_start_ratio: 0.01
decay_min_factor: 0.01
bandwith_kernel: None
no_interact: False
avg_score: -411.1400146484375
median_score: -412.5
std_score: 30.708637237548828
percentiles: 2%=-469.1600036621094, 5%=-453.1000061035156, 10%=-445.1000061035156, 25%=-433.0, 50%=-412.5, 75%=-393.0, 90%=-371.8999938964844, 95%=-362.9000244140625, 98%=-344.659912109375
ranking_best_algo: CMAL3
ranking_best_score: 435.36
ranking_my_rank: 170/504 (66.5%)
ranking_my_percent: 66.46825396825396
