ConfigName: kjsd__advperagentrankweighted__M3__L18__eps0p007__g0p003__ds0p05__dm0p1
Problem: QUBO
Kernel: jsd
Advantage: peragentrankweighted
M: 3
lambda: 18
epsilon_svgd: 0.007
gamma: 0.003
decay_start_ratio: 0.05
decay_min_factor: 0.1
bandwith_kernel: None
no_interact: False
avg_score: -3064.860107421875
median_score: -3042.5
std_score: 162.2503662109375
percentiles: 2%=-3453.139892578125, 5%=-3357.0, 10%=-3253.60009765625, 25%=-3175.0, 50%=-3042.5, 75%=-2958.5, 90%=-2863.89990234375, 95%=-2823.64990234375, 98%=-2780.60009765625
ranking_best_algo: RLSOnePlusOne
ranking_best_score: 3316.5199999999995
ranking_my_rank: 90/504 (82.3%)
ranking_my_percent: 82.34126984126983
