ConfigName: kjsd__advperagentrankweighted__M4__L24__eps0p01__g0p0005__ds0p05__dm0p05
Problem: QUBO
Kernel: jsd
Advantage: peragentrankweighted
M: 4
lambda: 24
epsilon_svgd: 0.01
gamma: 0.0005
decay_start_ratio: 0.05
decay_min_factor: 0.05
bandwith_kernel: None
no_interact: False
avg_score: -582.9400024414062
median_score: -584.5
std_score: 27.697589874267578
percentiles: 2%=-635.1199951171875, 5%=-625.0499877929688, 10%=-621.0, 25%=-599.5, 50%=-584.5, 75%=-565.0, 90%=-546.9000244140625, 95%=-534.9000244140625, 98%=-527.780029296875
ranking_best_algo: Tabu
ranking_best_score: 588.7199999999999
ranking_my_rank: 6/503 (99.0%)
ranking_my_percent: 99.00596421471172
