ConfigName: krbf__advnormalizedfitness__M4__L15__eps0p015__g0p015__ds0p01__dm0p01
Problem: NK
Kernel: rbf
Advantage: normalizedfitness
M: 4
lambda: 15
epsilon_svgd: 0.015
gamma: 0.015
decay_start_ratio: 0.01
decay_min_factor: 0.01
bandwith_kernel: None
no_interact: False
avg_score: 0.7109571695327759
median_score: 0.7002781629562378
std_score: 0.03178556263446808
percentiles: 2%=0.6721466779708862, 5%=0.6725923418998718, 10%=0.6761705875396729, 25%=0.6819429397583008, 50%=0.7002781629562378, 75%=0.7456011176109314, 90%=0.7529733777046204, 95%=0.7613165378570557, 98%=0.7613165378570557
ranking_best_algo: CMApara
ranking_best_score: 0.7118996098437498
ranking_my_rank: 8/504 (98.6%)
ranking_my_percent: 98.61111111111111
