ConfigName: kjsd__advperagentrankweighted__M4__L20__eps0p007__g0p0005__ds0p1__dm0p2
Problem: NK
Kernel: jsd
Advantage: peragentrankweighted
M: 4
lambda: 20
epsilon_svgd: 0.007
gamma: 0.0005
decay_start_ratio: 0.1
decay_min_factor: 0.2
bandwith_kernel: None
no_interact: False
avg_score: 0.7356997728347778
median_score: 0.7353594303131104
std_score: 0.008823021315038204
percentiles: 2%=0.7153748869895935, 5%=0.7168775200843811, 10%=0.7236531972885132, 25%=0.7301521301269531, 50%=0.7353594303131104, 75%=0.7431344389915466, 90%=0.7467165589332581, 95%=0.7481670379638672, 98%=0.7487034201622009
ranking_best_algo: PBIL
ranking_best_score: 0.7248786399609374
ranking_my_rank: 1/504 (100.0%)
ranking_my_percent: 100.0
