ConfigName: krbf__advnormalizedfitness__M4__L12__eps0p025__g0p005__ds0p15__dm0p3
Problem: NK
Kernel: rbf
Advantage: normalizedfitness
M: 4
lambda: 12
epsilon_svgd: 0.025
gamma: 0.005
decay_start_ratio: 0.15
decay_min_factor: 0.3
bandwith_kernel: None
no_interact: False
avg_score: 0.7284114956855774
median_score: 0.7285526990890503
std_score: 0.020045725628733635
percentiles: 2%=0.68536376953125, 5%=0.6957350969314575, 10%=0.7006632089614868, 25%=0.7168192863464355, 50%=0.7285526990890503, 75%=0.7431836128234863, 90%=0.7508309483528137, 95%=0.7611740827560425, 98%=0.7664636969566345
ranking_best_algo: Tabu
ranking_best_score: 0.7601875690625
ranking_my_rank: 56/504 (89.1%)
ranking_my_percent: 89.08730158730158
