ConfigName: krbf__advnormalizedfitness__M4__L8__eps0p015__g0p007__ds0p15__dm0p01
Problem: NK
Kernel: rbf
Advantage: normalizedfitness
M: 4
lambda: 8
epsilon_svgd: 0.015
gamma: 0.007
decay_start_ratio: 0.15
decay_min_factor: 0.01
bandwith_kernel: None
no_interact: False
avg_score: 0.7532168030738831
median_score: 0.7522067427635193
std_score: 0.015508316457271576
percentiles: 2%=0.7249398827552795, 5%=0.7314310073852539, 10%=0.7353245615959167, 25%=0.7401538491249084, 50%=0.7522067427635193, 75%=0.7664549946784973, 90%=0.7729895710945129, 95%=0.7763250470161438, 98%=0.7802226543426514
ranking_best_algo: Tabu
ranking_best_score: 0.7470791764843752
ranking_my_rank: 1/504 (100.0%)
ranking_my_percent: 100.0
