ConfigName: kfr__advglobalrankweighted__M5__L8__eps0p01__g0p007__ds0p01__dm0p01
Problem: QUBO
Kernel: fr
Advantage: globalrankweighted
M: 5
lambda: 8
epsilon_svgd: 0.01
gamma: 0.007
decay_start_ratio: 0.01
decay_min_factor: 0.01
bandwith_kernel: None
no_interact: False
avg_score: -330.70001220703125
median_score: -336.0
std_score: 23.57859230041504
percentiles: 2%=-372.0, 5%=-372.0, 10%=-357.3999938964844, 25%=-343.25, 50%=-336.0, 75%=-313.5, 90%=-300.0, 95%=-282.0, 98%=-277.9599914550781
ranking_best_algo: CMApara
ranking_best_score: 344.22
ranking_my_rank: 77/504 (84.9%)
ranking_my_percent: 84.92063492063492
