ConfigName: kjsd__advperagentrankweighted__M3__L20__eps0p005__g0p001__ds0p2__dm0p2
Problem: NK
Kernel: jsd
Advantage: peragentrankweighted
M: 3
lambda: 20
epsilon_svgd: 0.005
gamma: 0.001
decay_start_ratio: 0.2
decay_min_factor: 0.2
bandwith_kernel: None
no_interact: False
avg_score: 0.7409915924072266
median_score: 0.74252849817276
std_score: 0.010543433018028736
percentiles: 2%=0.7209611535072327, 5%=0.7234722971916199, 10%=0.7254976034164429, 25%=0.7339115142822266, 50%=0.74252849817276, 75%=0.7490811347961426, 90%=0.7544152140617371, 95%=0.7562591433525085, 98%=0.7586805820465088
ranking_best_algo: PBIL
ranking_best_score: 0.733570253046875
ranking_my_rank: 1/504 (100.0%)
ranking_my_percent: 100.0
