ConfigName: kfr__advglobalrankweighted__M4__L24__eps0p01__g0p007__ds0p01__dm0p01
Problem: QUBO
Kernel: fr
Advantage: globalrankweighted
M: 4
lambda: 24
epsilon_svgd: 0.01
gamma: 0.007
decay_start_ratio: 0.01
decay_min_factor: 0.01
bandwith_kernel: None
no_interact: False
avg_score: -1711.719970703125
median_score: -1696.5
std_score: 141.64646911621094
percentiles: 2%=-2006.3199462890625, 5%=-1955.300048828125, 10%=-1901.300048828125, 25%=-1803.25, 50%=-1696.5, 75%=-1620.75, 90%=-1528.300048828125, 95%=-1497.7000732421875, 98%=-1433.699951171875
ranking_best_algo: SVM1MetaModelLogNormal
ranking_best_score: 2605.14
ranking_my_rank: 322/504 (36.3%)
ranking_my_percent: 36.30952380952381
