ConfigName: kjsd__advperagentrankweighted__M3__L20__eps0p005__g0p0005__ds0p05__dm0p05
Problem: QUBO
Kernel: jsd
Advantage: peragentrankweighted
M: 3
lambda: 20
epsilon_svgd: 0.005
gamma: 0.0005
decay_start_ratio: 0.05
decay_min_factor: 0.05
bandwith_kernel: None
no_interact: False
avg_score: -1251.3399658203125
median_score: -1247.0
std_score: 54.8104362487793
percentiles: 2%=-1354.199951171875, 5%=-1338.0, 10%=-1327.199951171875, 25%=-1292.0, 50%=-1247.0, 75%=-1210.75, 90%=-1178.800048828125, 95%=-1166.949951171875, 98%=-1160.93994140625
ranking_best_algo: SVMMetaModelLogNormal
ranking_best_score: 1233.7999999999997
ranking_my_rank: 1/504 (100.0%)
ranking_my_percent: 100.0
