ConfigName: kjsd__advperagentrankweighted__M5__L8__eps0p01__g0p0007__ds0p05__dm0p05
Problem: QUBO
Kernel: jsd
Advantage: peragentrankweighted
M: 5
lambda: 8
epsilon_svgd: 0.01
gamma: 0.0007
decay_start_ratio: 0.05
decay_min_factor: 0.05
bandwith_kernel: None
no_interact: False
avg_score: -417.9200134277344
median_score: -418.0
std_score: 25.259328842163086
percentiles: 2%=-471.0, 5%=-454.54998779296875, 10%=-450.0, 25%=-436.25, 50%=-418.0, 75%=-402.0, 90%=-385.6000061035156, 95%=-373.8999938964844, 98%=-363.9200134277344
ranking_best_algo: Tabu
ranking_best_score: 438.12
ranking_my_rank: 40/504 (92.3%)
ranking_my_percent: 92.26190476190476
