ConfigName: krbf__advnormalizedfitness__M3__L15__eps0p02__g0p005__ds0p15__dm0p05
Problem: NK
Kernel: rbf
Advantage: normalizedfitness
M: 3
lambda: 15
epsilon_svgd: 0.02
gamma: 0.005
decay_start_ratio: 0.15
decay_min_factor: 0.05
bandwith_kernel: None
no_interact: False
avg_score: 0.7107096910476685
median_score: 0.7116367816925049
std_score: 0.015247194096446037
percentiles: 2%=0.6713957786560059, 5%=0.6737415790557861, 10%=0.6973229050636292, 25%=0.7069730758666992, 50%=0.7116367816925049, 75%=0.7201176285743713, 90%=0.7254840135574341, 95%=0.7324619293212891, 98%=0.7327478528022766
ranking_best_algo: CMApara
ranking_best_score: 0.707475975
ranking_my_rank: 1/504 (100.0%)
ranking_my_percent: 100.0
