ConfigName: krbf__advnormalizedfitness__M3__L8__eps0p033__g0p007__ds0p3__dm0p3
Problem: QUBO
Kernel: rbf
Advantage: normalizedfitness
M: 3
lambda: 8
epsilon_svgd: 0.033
gamma: 0.007
decay_start_ratio: 0.3
decay_min_factor: 0.3
bandwith_kernel: None
no_interact: False
avg_score: -329.5
median_score: -334.0
std_score: 22.979774475097656
percentiles: 2%=-372.0, 5%=-361.54998779296875, 10%=-354.20001220703125, 25%=-343.75, 50%=-334.0, 75%=-313.5, 90%=-297.6000061035156, 95%=-292.0, 98%=-278.0
ranking_best_algo: CMApara
ranking_best_score: 344.22
ranking_my_rank: 81/504 (84.1%)
ranking_my_percent: 84.12698412698413
