ConfigName: krbf__advnormalizedfitness__M4__L10__eps0p033__g0p005__ds0p15__dm0p3
Problem: NK
Kernel: rbf
Advantage: normalizedfitness
M: 4
lambda: 10
epsilon_svgd: 0.033
gamma: 0.005
decay_start_ratio: 0.15
decay_min_factor: 0.3
bandwith_kernel: None
no_interact: False
avg_score: 0.7428093552589417
median_score: 0.7436501979827881
std_score: 0.011400691233575344
percentiles: 2%=0.7161120176315308, 5%=0.7230379581451416, 10%=0.7287302017211914, 25%=0.7347383499145508, 50%=0.7436501979827881, 75%=0.75119549036026, 90%=0.7569057941436768, 95%=0.7585993409156799, 98%=0.7656051516532898
ranking_best_algo: Tabu
ranking_best_score: 0.7601875690625
ranking_my_rank: 9/504 (98.4%)
ranking_my_percent: 98.41269841269842
