ConfigName: krbf__advnormalizedfitness__M2__L10__eps0p025__g0p007__ds0p15__dm0p3
Problem: QUBO
Kernel: rbf
Advantage: normalizedfitness
M: 2
lambda: 10
epsilon_svgd: 0.025
gamma: 0.007
decay_start_ratio: 0.15
decay_min_factor: 0.3
bandwith_kernel: None
no_interact: False
avg_score: -900.8800048828125
median_score: -895.0
std_score: 66.62075805664062
percentiles: 2%=-1038.239990234375, 5%=-1025.25, 10%=-986.0999755859375, 25%=-949.25, 50%=-895.0, 75%=-853.0, 90%=-815.9000244140625, 95%=-796.5999755859375, 98%=-782.9600219726562
ranking_best_algo: CMAL3
ranking_best_score: 928.5800000000002
ranking_my_rank: 69/504 (86.5%)
ranking_my_percent: 86.5079365079365
