ConfigName: kjsd__advperagentrankweighted__M5__L10__eps0p02__g0p0005__ds0p05__dm0p05
Problem: NK
Kernel: jsd
Advantage: peragentrankweighted
M: 5
lambda: 10
epsilon_svgd: 0.02
gamma: 0.0005
decay_start_ratio: 0.05
decay_min_factor: 0.05
bandwith_kernel: None
no_interact: False
avg_score: 0.731505274772644
median_score: 0.7319918870925903
std_score: 0.01216827891767025
percentiles: 2%=0.7078700065612793, 5%=0.7126095294952393, 10%=0.7163372039794922, 25%=0.7220133543014526, 50%=0.7319918870925903, 75%=0.7391155362129211, 90%=0.7477899193763733, 95%=0.7522497177124023, 98%=0.7564517259597778
ranking_best_algo: Tabu
ranking_best_score: 0.7601875690625
ranking_my_rank: 41/504 (92.1%)
ranking_my_percent: 92.06349206349206
