ConfigName: kjsd__advperagentrankweighted__M3__L20__eps0p005__g0p003__ds0p05__dm0p2
Problem: NK
Kernel: jsd
Advantage: peragentrankweighted
M: 3
lambda: 20
epsilon_svgd: 0.005
gamma: 0.003
decay_start_ratio: 0.05
decay_min_factor: 0.2
bandwith_kernel: None
no_interact: False
avg_score: 0.6744458079338074
median_score: 0.6744775772094727
std_score: 0.014104344882071018
percentiles: 2%=0.6472779512405396, 5%=0.6509678363800049, 10%=0.6561883687973022, 25%=0.6647880673408508, 50%=0.6744775772094727, 75%=0.68316251039505, 90%=0.6942291855812073, 95%=0.6980925798416138, 98%=0.7051370143890381
ranking_best_algo: PBIL
ranking_best_score: 0.733570253046875
ranking_my_rank: 229/504 (54.8%)
ranking_my_percent: 54.76190476190476
