ConfigName: kjsd__advperagentrankweighted__M10__L10__eps0p008__g0p0005__ds0p05__dm0p05
Problem: QUBO
Kernel: jsd
Advantage: peragentrankweighted
M: 10
lambda: 10
epsilon_svgd: 0.008
gamma: 0.0005
decay_start_ratio: 0.05
decay_min_factor: 0.05
bandwith_kernel: None
no_interact: False
avg_score: -1245.6400146484375
median_score: -1247.0
std_score: 71.36616516113281
percentiles: 2%=-1392.260009765625, 5%=-1362.6500244140625, 10%=-1343.300048828125, 25%=-1284.5, 50%=-1247.0, 75%=-1207.0, 90%=-1149.800048828125, 95%=-1111.8499755859375, 98%=-1088.56005859375
ranking_best_algo: BigLognormalDiscreteOnePlusOne
ranking_best_score: 1301.3600000000004
ranking_my_rank: 57/504 (88.9%)
ranking_my_percent: 88.88888888888889
