ConfigName: krbf__advnormalizedfitness__M4__L24__eps0p025__g0p01__ds0p05__dm0p05
Problem: NK
Kernel: rbf
Advantage: normalizedfitness
M: 4
lambda: 24
epsilon_svgd: 0.025
gamma: 0.01
decay_start_ratio: 0.05
decay_min_factor: 0.05
bandwith_kernel: None
no_interact: False
avg_score: 0.64448082447052
median_score: 0.6430566906929016
std_score: 0.009499205276370049
percentiles: 2%=0.6267663240432739, 5%=0.6292600631713867, 10%=0.6344809532165527, 25%=0.6382344365119934, 50%=0.6430566906929016, 75%=0.6501901149749756, 90%=0.6565272212028503, 95%=0.6623677015304565, 98%=0.6653984189033508
ranking_best_algo: Tabu
ranking_best_score: 0.7601875690625
ranking_my_rank: 389/504 (23.0%)
ranking_my_percent: 23.015873015873016
