ConfigName: kjsd__advperagentrankweighted__M3__L16__eps0p01__g0p0007__ds0p1__dm0p1
Problem: QUBO
Kernel: jsd
Advantage: peragentrankweighted
M: 3
lambda: 16
epsilon_svgd: 0.01
gamma: 0.0007
decay_start_ratio: 0.1
decay_min_factor: 0.1
bandwith_kernel: None
no_interact: False
avg_score: -136.0
median_score: -138.0
std_score: 12.513992309570312
percentiles: 2%=-158.02000427246094, 5%=-152.0500030517578, 10%=-150.0, 25%=-145.0, 50%=-138.0, 75%=-129.0, 90%=-119.0, 95%=-112.9000015258789, 98%=-107.0
ranking_best_algo: DiscreteDE
ranking_best_score: 143.4
ranking_my_rank: 223/504 (56.0%)
ranking_my_percent: 55.95238095238095
