ConfigName: kjsd__advperagentrankweighted__M3__L16__eps0p007__g0p0005__ds0p2__dm0p2
Problem: QUBO
Kernel: jsd
Advantage: peragentrankweighted
M: 3
lambda: 16
epsilon_svgd: 0.007
gamma: 0.0005
decay_start_ratio: 0.2
decay_min_factor: 0.2
bandwith_kernel: None
no_interact: False
avg_score: -933.0800170898438
median_score: -926.0
std_score: 66.69612884521484
percentiles: 2%=-1060.280029296875, 5%=-1042.050048828125, 10%=-1025.4000244140625, 25%=-985.0, 50%=-926.0, 75%=-881.0, 90%=-857.0, 95%=-827.7999877929688, 98%=-814.52001953125
ranking_best_algo: CMApara
ranking_best_score: 964.9
ranking_my_rank: 19/504 (96.4%)
ranking_my_percent: 96.42857142857143
