ConfigName: kjsd__advperagentrankweighted__M3__L30__eps0p007__g0p001__ds0p1__dm0p1
Problem: NK
Kernel: jsd
Advantage: peragentrankweighted
M: 3
lambda: 30
epsilon_svgd: 0.007
gamma: 0.001
decay_start_ratio: 0.1
decay_min_factor: 0.1
bandwith_kernel: None
no_interact: False
avg_score: 0.7353242635726929
median_score: 0.7366162538528442
std_score: 0.009218319319188595
percentiles: 2%=0.714881420135498, 5%=0.7165087461471558, 10%=0.7206900715827942, 25%=0.7293844819068909, 50%=0.7366162538528442, 75%=0.7423908114433289, 90%=0.7462350130081177, 95%=0.7479180693626404, 98%=0.7492254376411438
ranking_best_algo: PBIL
ranking_best_score: 0.7248786399609374
ranking_my_rank: 1/504 (100.0%)
ranking_my_percent: 100.0
