ConfigName: kjsd__advperagentrankweighted__M5__L8__eps0p02__g0p0003__ds0p05__dm0p05
Problem: NK
Kernel: jsd
Advantage: peragentrankweighted
M: 5
lambda: 8
epsilon_svgd: 0.02
gamma: 0.0003
decay_start_ratio: 0.05
decay_min_factor: 0.05
bandwith_kernel: None
no_interact: False
avg_score: 0.7418006062507629
median_score: 0.7410771250724792
std_score: 0.014916789717972279
percentiles: 2%=0.7175478339195251, 5%=0.7210820317268372, 10%=0.7227407097816467, 25%=0.7306517362594604, 50%=0.7410771250724792, 75%=0.7528101205825806, 90%=0.760708212852478, 95%=0.7664125561714172, 98%=0.7725923657417297
ranking_best_algo: Tabu
ranking_best_score: 0.7657846284375001
ranking_my_rank: 63/504 (87.7%)
ranking_my_percent: 87.6984126984127
