ConfigName: kjsd__advperagentrankweighted__M5__L8__eps0p02__g0p0005__ds0p2__dm0p05
Problem: QUBO
Kernel: jsd
Advantage: peragentrankweighted
M: 5
lambda: 8
epsilon_svgd: 0.02
gamma: 0.0005
decay_start_ratio: 0.2
decay_min_factor: 0.05
bandwith_kernel: None
no_interact: False
avg_score: -3230.6201171875
median_score: -3231.0
std_score: 119.73277282714844
percentiles: 2%=-3487.39990234375, 5%=-3433.39990234375, 10%=-3363.0, 25%=-3302.75, 50%=-3231.0, 75%=-3156.25, 90%=-3082.5, 95%=-3047.89990234375, 98%=-3015.320068359375
ranking_best_algo: RLSOnePlusOne
ranking_best_score: 3316.5199999999995
ranking_my_rank: 42/504 (91.9%)
ranking_my_percent: 91.86507936507937
