ConfigName: krbf__advnormalizedfitness__M4__L12__eps0p033__g0p005__ds0p15__dm0p01
Problem: QUBO
Kernel: rbf
Advantage: normalizedfitness
M: 4
lambda: 12
epsilon_svgd: 0.033
gamma: 0.005
decay_start_ratio: 0.15
decay_min_factor: 0.01
bandwith_kernel: None
no_interact: False
avg_score: -905.97998046875
median_score: -913.0
std_score: 60.08277130126953
percentiles: 2%=-1030.300048828125, 5%=-1006.5, 10%=-991.2000122070312, 25%=-938.25, 50%=-913.0, 75%=-866.75, 90%=-827.2000122070312, 95%=-803.0, 98%=-793.8599853515625
ranking_best_algo: CMAL3
ranking_best_score: 928.5800000000002
ranking_my_rank: 61/504 (88.1%)
ranking_my_percent: 88.0952380952381
