ConfigName: kjsd__advperagentrankweighted__M6__L24__eps0p008__g0p0005__ds0p05__dm0p05
Problem: QUBO
Kernel: jsd
Advantage: peragentrankweighted
M: 6
lambda: 24
epsilon_svgd: 0.008
gamma: 0.0005
decay_start_ratio: 0.05
decay_min_factor: 0.05
bandwith_kernel: None
no_interact: False
avg_score: -1291.6600341796875
median_score: -1299.0
std_score: 65.22533416748047
percentiles: 2%=-1402.199951171875, 5%=-1387.449951171875, 10%=-1376.0, 25%=-1332.5, 50%=-1299.0, 75%=-1233.75, 90%=-1204.800048828125, 95%=-1187.550048828125, 98%=-1164.6800537109375
ranking_best_algo: BigLognormalDiscreteOnePlusOne
ranking_best_score: 1301.3600000000004
ranking_my_rank: 2/504 (99.8%)
ranking_my_percent: 99.8015873015873
