ConfigName: krbf__advnormalizedfitness__M1__L8__eps0p033__g0p007__ds0p15__dm0p3
Problem: QUBO
Kernel: rbf
Advantage: normalizedfitness
M: 1
lambda: 8
epsilon_svgd: 0.033
gamma: 0.007
decay_start_ratio: 0.15
decay_min_factor: 0.3
bandwith_kernel: None
no_interact: False
avg_score: -2492.93994140625
median_score: -2501.0
std_score: 151.28634643554688
percentiles: 2%=-2789.360107421875, 5%=-2734.949951171875, 10%=-2665.10009765625, 25%=-2585.5, 50%=-2501.0, 75%=-2404.0, 90%=-2298.699951171875, 95%=-2215.25, 98%=-2163.93994140625
ranking_best_algo: DiscreteLengler2OnePlusOne
ranking_best_score: 2617.04
ranking_my_rank: 76/504 (85.1%)
ranking_my_percent: 85.11904761904762
