ConfigName: krbf__advnormalizedfitness__M4__L10__eps0p025__g0p01__ds0p01__dm0p01
Problem: NK
Kernel: rbf
Advantage: normalizedfitness
M: 4
lambda: 10
epsilon_svgd: 0.025
gamma: 0.01
decay_start_ratio: 0.01
decay_min_factor: 0.01
bandwith_kernel: None
no_interact: False
avg_score: 0.7542535662651062
median_score: 0.7535933256149292
std_score: 0.01440310850739479
percentiles: 2%=0.7281191945075989, 5%=0.7316939234733582, 10%=0.7363728284835815, 25%=0.7425976991653442, 50%=0.7535933256149292, 75%=0.7680080533027649, 90%=0.7731718420982361, 95%=0.7743421792984009, 98%=0.7757593989372253
ranking_best_algo: Tabu
ranking_best_score: 0.7470791764843752
ranking_my_rank: 1/504 (100.0%)
ranking_my_percent: 100.0
