ConfigName: kjsd__advperagentrankweighted__M5__L12__eps0p02__g0p0005__ds0p05__dm0p05
Problem: QUBO
Kernel: jsd
Advantage: peragentrankweighted
M: 5
lambda: 12
epsilon_svgd: 0.02
gamma: 0.0005
decay_start_ratio: 0.05
decay_min_factor: 0.05
bandwith_kernel: None
no_interact: False
avg_score: -936.8800048828125
median_score: -923.0
std_score: 60.47780990600586
percentiles: 2%=-1064.02001953125, 5%=-1040.9000244140625, 10%=-1023.0, 25%=-975.25, 50%=-923.0, 75%=-892.5, 90%=-869.0, 95%=-860.5999755859375, 98%=-828.9199829101562
ranking_best_algo: CMApara
ranking_best_score: 964.9
ranking_my_rank: 9/504 (98.4%)
ranking_my_percent: 98.41269841269842
