ConfigName: kjsd__advperagentrankweighted__M3__L16__eps0p005__g0p0005__ds0p2__dm0p05
Problem: QUBO
Kernel: jsd
Advantage: peragentrankweighted
M: 3
lambda: 16
epsilon_svgd: 0.005
gamma: 0.0005
decay_start_ratio: 0.2
decay_min_factor: 0.05
bandwith_kernel: None
no_interact: False
avg_score: -1200.280029296875
median_score: -1201.5
std_score: 65.83723449707031
percentiles: 2%=-1339.3199462890625, 5%=-1315.199951171875, 10%=-1283.5999755859375, 25%=-1243.25, 50%=-1201.5, 75%=-1151.0, 90%=-1117.800048828125, 95%=-1102.5999755859375, 98%=-1081.9200439453125
ranking_best_algo: Tabu
ranking_best_score: 1216.16
ranking_my_rank: 42/504 (91.9%)
ranking_my_percent: 91.86507936507937
