ConfigName: kjsd__advperagentrankweighted__M3__L16__eps0p007__g0p0005__ds0p2__dm0p2
Problem: NK
Kernel: jsd
Advantage: peragentrankweighted
M: 3
lambda: 16
epsilon_svgd: 0.007
gamma: 0.0005
decay_start_ratio: 0.2
decay_min_factor: 0.2
bandwith_kernel: None
no_interact: False
avg_score: 0.7089745998382568
median_score: 0.710929274559021
std_score: 0.015320086851716042
percentiles: 2%=0.6687483191490173, 5%=0.6718683838844299, 10%=0.692747950553894, 25%=0.7058935165405273, 50%=0.710929274559021, 75%=0.7176287770271301, 90%=0.7252642512321472, 95%=0.7308105826377869, 98%=0.7326846122741699
ranking_best_algo: CMApara
ranking_best_score: 0.707475975
ranking_my_rank: 1/504 (100.0%)
ranking_my_percent: 100.0
