ConfigName: krbf__advnormalizedfitness__M2__L8__eps0p025__g0p007__ds0p3__dm0p3
Problem: QUBO
Kernel: rbf
Advantage: normalizedfitness
M: 2
lambda: 8
epsilon_svgd: 0.025
gamma: 0.007
decay_start_ratio: 0.3
decay_min_factor: 0.3
bandwith_kernel: None
no_interact: False
avg_score: -1173.9599609375
median_score: -1169.0
std_score: 66.03437042236328
percentiles: 2%=-1329.0799560546875, 5%=-1305.75, 10%=-1244.9000244140625, 25%=-1209.5, 50%=-1169.0, 75%=-1136.0, 90%=-1089.199951171875, 95%=-1068.949951171875, 98%=-1041.8800048828125
ranking_best_algo: Tabu
ranking_best_score: 1216.16
ranking_my_rank: 84/504 (83.5%)
ranking_my_percent: 83.53174603174604
