ConfigName: krbf__advnormalizedfitness__M4__L10__eps0p015__g0p007__ds0p3__dm0p3
Problem: NK
Kernel: rbf
Advantage: normalizedfitness
M: 4
lambda: 10
epsilon_svgd: 0.015
gamma: 0.007
decay_start_ratio: 0.3
decay_min_factor: 0.3
bandwith_kernel: None
no_interact: False
avg_score: 0.7052896618843079
median_score: 0.7070791721343994
std_score: 0.0159579049795866
percentiles: 2%=0.6645267009735107, 5%=0.6664329171180725, 10%=0.6900835633277893, 25%=0.6994174718856812, 50%=0.7070791721343994, 75%=0.7150965332984924, 90%=0.7229503989219666, 95%=0.7258824706077576, 98%=0.7284983396530151
ranking_best_algo: CMApara
ranking_best_score: 0.707475975
ranking_my_rank: 8/504 (98.6%)
ranking_my_percent: 98.61111111111111
