ConfigName: kjsd__advperagentrankweighted__M3__L18__eps0p007__g0p0007__ds0p05__dm0p2
Problem: QUBO
Kernel: jsd
Advantage: peragentrankweighted
M: 3
lambda: 18
epsilon_svgd: 0.007
gamma: 0.0007
decay_start_ratio: 0.05
decay_min_factor: 0.2
bandwith_kernel: None
no_interact: False
avg_score: -148.05999755859375
median_score: -146.5
std_score: 13.29196834564209
percentiles: 2%=-179.0, 5%=-179.0, 10%=-160.39999389648438, 25%=-155.0, 50%=-146.5, 75%=-140.0, 90%=-134.0, 95%=-130.89999389648438, 98%=-116.9800033569336
ranking_best_algo: CMApara
ranking_best_score: 154.28
ranking_my_rank: 86/504 (83.1%)
ranking_my_percent: 83.13492063492063
