ConfigName: kjsd__advperagentrankweighted__M4__L8__eps0p03__g0p0003__ds0p2__dm0p05
Problem: NK
Kernel: jsd
Advantage: peragentrankweighted
M: 4
lambda: 8
epsilon_svgd: 0.03
gamma: 0.0003
decay_start_ratio: 0.2
decay_min_factor: 0.05
bandwith_kernel: None
no_interact: False
avg_score: 0.7154586911201477
median_score: 0.7172914743423462
std_score: 0.009220401756465435
percentiles: 2%=0.6990143656730652, 5%=0.7010297775268555, 10%=0.7024961709976196, 25%=0.7082858085632324, 50%=0.7172914743423462, 75%=0.7216437458992004, 90%=0.7249332666397095, 95%=0.7300596833229065, 98%=0.735196590423584
ranking_best_algo: PBIL
ranking_best_score: 0.7248786399609374
ranking_my_rank: 50/504 (90.3%)
ranking_my_percent: 90.27777777777777
