ConfigName: kjsd__advperagentrankweighted__M4__L24__eps0p01__g0p0007__ds0p05__dm0p05
Problem: NK
Kernel: jsd
Advantage: peragentrankweighted
M: 4
lambda: 24
epsilon_svgd: 0.01
gamma: 0.0007
decay_start_ratio: 0.05
decay_min_factor: 0.05
bandwith_kernel: None
no_interact: False
avg_score: 0.7105551958084106
median_score: 0.7116419672966003
std_score: 0.01511172205209732
percentiles: 2%=0.672501802444458, 5%=0.6737578511238098, 10%=0.6954861879348755, 25%=0.7073222398757935, 50%=0.7116419672966003, 75%=0.7186400890350342, 90%=0.7255057096481323, 95%=0.7320777177810669, 98%=0.7329697608947754
ranking_best_algo: CMApara
ranking_best_score: 0.707475975
ranking_my_rank: 1/504 (100.0%)
ranking_my_percent: 100.0
