ConfigName: krbf__advnormalizedfitness__M3__L15__eps0p025__g0p007__ds0p01__dm0p01
Problem: QUBO
Kernel: rbf
Advantage: normalizedfitness
M: 3
lambda: 15
epsilon_svgd: 0.025
gamma: 0.007
decay_start_ratio: 0.01
decay_min_factor: 0.01
bandwith_kernel: None
no_interact: False
avg_score: -439.4800109863281
median_score: -441.0
std_score: 26.49772834777832
percentiles: 2%=-487.0400085449219, 5%=-476.25, 10%=-472.1000061035156, 25%=-462.0, 50%=-441.0, 75%=-416.75, 90%=-405.79998779296875, 95%=-398.8000183105469, 98%=-391.94000244140625
ranking_best_algo: CMApara
ranking_best_score: 453.82
ranking_my_rank: 18/504 (96.6%)
ranking_my_percent: 96.62698412698413
