ConfigName: krbf__advnormalizedfitness__M4__L15__eps0p025__g0p005__ds0p15__dm0p01
Problem: QUBO
Kernel: rbf
Advantage: normalizedfitness
M: 4
lambda: 15
epsilon_svgd: 0.025
gamma: 0.005
decay_start_ratio: 0.15
decay_min_factor: 0.01
bandwith_kernel: None
no_interact: False
avg_score: -2353.4599609375
median_score: -2353.0
std_score: 185.84095764160156
percentiles: 2%=-2690.159912109375, 5%=-2656.550048828125, 10%=-2597.0, 25%=-2486.0, 50%=-2353.0, 75%=-2196.5, 90%=-2109.0, 95%=-2088.500244140625, 98%=-2053.599853515625
ranking_best_algo: SVM1MetaModelLogNormal
ranking_best_score: 2605.14
ranking_my_rank: 140/504 (72.4%)
ranking_my_percent: 72.42063492063492
