ConfigName: kjsd__advperagentrankweighted__M6__L8__eps0p03__g0p0007__ds0p2__dm0p05
Problem: NK
Kernel: jsd
Advantage: peragentrankweighted
M: 6
lambda: 8
epsilon_svgd: 0.03
gamma: 0.0007
decay_start_ratio: 0.2
decay_min_factor: 0.05
bandwith_kernel: None
no_interact: False
avg_score: 0.7334510684013367
median_score: 0.7345180511474609
std_score: 0.008978926576673985
percentiles: 2%=0.7151954770088196, 5%=0.716342568397522, 10%=0.7204500436782837, 25%=0.7277870178222656, 50%=0.7345180511474609, 75%=0.7394822239875793, 90%=0.7439711689949036, 95%=0.7468137145042419, 98%=0.7505850195884705
ranking_best_algo: PBIL
ranking_best_score: 0.730509098125
ranking_my_rank: 1/504 (100.0%)
ranking_my_percent: 100.0
