ConfigName: kjsd__advperagentrankweighted__M4__L12__eps0p005__g0p0003__ds0p4__dm0p05
Problem: QUBO
Kernel: jsd
Advantage: peragentrankweighted
M: 4
lambda: 12
epsilon_svgd: 0.005
gamma: 0.0003
decay_start_ratio: 0.4
decay_min_factor: 0.05
bandwith_kernel: None
no_interact: False
avg_score: -916.52001953125
median_score: -911.0
std_score: 63.09001159667969
percentiles: 2%=-1028.280029296875, 5%=-1020.0499877929688, 10%=-1007.2999877929688, 25%=-965.0, 50%=-911.0, 75%=-869.5, 90%=-834.0, 95%=-816.4000244140625, 98%=-793.9000244140625
ranking_best_algo: CMAL3
ranking_best_score: 928.5800000000002
ranking_my_rank: 15/504 (97.2%)
ranking_my_percent: 97.22222222222223
