ConfigName: kjsd__advperagentrankweighted__M3__L20__eps0p007__g0p001__ds0p05__dm0p1
Problem: QUBO
Kernel: jsd
Advantage: peragentrankweighted
M: 3
lambda: 20
epsilon_svgd: 0.007
gamma: 0.001
decay_start_ratio: 0.05
decay_min_factor: 0.1
bandwith_kernel: None
no_interact: False
avg_score: -200.63999938964844
median_score: -201.0
std_score: 13.661273956298828
percentiles: 2%=-224.0, 5%=-224.0, 10%=-221.0, 25%=-209.0, 50%=-201.0, 75%=-191.75, 90%=-184.0, 95%=-180.75, 98%=-166.0
ranking_best_algo: Tabu
ranking_best_score: 208.36000000000004
ranking_my_rank: 45/504 (91.3%)
ranking_my_percent: 91.26984126984127
