ConfigName: krbf__advnormalizedfitness__M4__L10__eps0p033__g0p01__ds0p15__dm0p01
Problem: NK
Kernel: rbf
Advantage: normalizedfitness
M: 4
lambda: 10
epsilon_svgd: 0.033
gamma: 0.01
decay_start_ratio: 0.15
decay_min_factor: 0.01
bandwith_kernel: None
no_interact: False
avg_score: 0.6389824151992798
median_score: 0.6325232982635498
std_score: 0.020924929529428482
percentiles: 2%=0.6094382405281067, 5%=0.6145673394203186, 10%=0.618139386177063, 25%=0.6242432594299316, 50%=0.6325232982635498, 75%=0.6503391265869141, 90%=0.6747353076934814, 95%=0.6794119477272034, 98%=0.6923578381538391
ranking_best_algo: PBIL
ranking_best_score: 0.7170882103515624
ranking_my_rank: 302/504 (40.3%)
ranking_my_percent: 40.27777777777778
