ConfigName: krbf__advnormalizedfitness__M4__L8__eps0p033__g0p007__ds0p3__dm0p3
Problem: NK
Kernel: rbf
Advantage: normalizedfitness
M: 4
lambda: 8
epsilon_svgd: 0.033
gamma: 0.007
decay_start_ratio: 0.3
decay_min_factor: 0.3
bandwith_kernel: None
no_interact: False
avg_score: 0.7456059455871582
median_score: 0.7423104643821716
std_score: 0.027888858690857887
percentiles: 2%=0.698451042175293, 5%=0.707648515701294, 10%=0.7141585350036621, 25%=0.7251682877540588, 50%=0.7423104643821716, 75%=0.7585474252700806, 90%=0.776766836643219, 95%=0.8109943270683289, 98%=0.8118547797203064
ranking_best_algo: CMApara
ranking_best_score: 0.7459277895312499
ranking_my_rank: 2/504 (99.8%)
ranking_my_percent: 99.8015873015873
