ConfigName: kfr__advglobalrankweighted__M1__L8__eps0p01__g0p005__ds0p01__dm0p01
Problem: QUBO
Kernel: fr
Advantage: globalrankweighted
M: 1
lambda: 8
epsilon_svgd: 0.01
gamma: 0.005
decay_start_ratio: 0.01
decay_min_factor: 0.01
bandwith_kernel: None
no_interact: False
avg_score: -133.3000030517578
median_score: -133.0
std_score: 12.752647399902344
percentiles: 2%=-154.0800018310547, 5%=-152.0, 10%=-149.10000610351562, 25%=-144.0, 50%=-133.0, 75%=-124.75, 90%=-116.9000015258789, 95%=-112.95000457763672, 98%=-109.0
ranking_best_algo: DiscreteDE
ranking_best_score: 143.4
ranking_my_rank: 313/504 (38.1%)
ranking_my_percent: 38.095238095238095
