ConfigName: kjsd__advperagentrankweighted__M3__L16__eps0p007__g0p0005__ds0p2__dm0p2
Problem: QUBO
Kernel: jsd
Advantage: peragentrankweighted
M: 3
lambda: 16
epsilon_svgd: 0.007
gamma: 0.0005
decay_start_ratio: 0.2
decay_min_factor: 0.2
bandwith_kernel: None
no_interact: False
avg_score: -147.10000610351562
median_score: -146.0
std_score: 14.682982444763184
percentiles: 2%=-179.0, 5%=-179.0, 10%=-164.0, 25%=-154.25, 50%=-146.0, 75%=-139.0, 90%=-127.0, 95%=-123.0, 98%=-119.86000061035156
ranking_best_algo: CMApara
ranking_best_score: 154.28
ranking_my_rank: 101/504 (80.2%)
ranking_my_percent: 80.15873015873017
