ConfigName: krbf__advnormalizedfitness__M5__L15__eps0p03__g0p01__ds0p05__dm0p05
Problem: QUBO
Kernel: rbf
Advantage: normalizedfitness
M: 5
lambda: 15
epsilon_svgd: 0.03
gamma: 0.01
decay_start_ratio: 0.05
decay_min_factor: 0.05
bandwith_kernel: None
no_interact: False
avg_score: -408.17999267578125
median_score: -409.0
std_score: 29.198759078979492
percentiles: 2%=-467.0799865722656, 5%=-454.1499938964844, 10%=-446.1000061035156, 25%=-429.25, 50%=-409.0, 75%=-385.5, 90%=-370.0, 95%=-365.8500061035156, 98%=-353.8800048828125
ranking_best_algo: Tabu
ranking_best_score: 438.12
ranking_my_rank: 151/504 (70.2%)
ranking_my_percent: 70.23809523809524
