ConfigName: kfr__advglobalrankweighted__M2__L9__eps0p015__g0p005__ds0p01__dm0p01
Problem: QUBO
Kernel: fr
Advantage: globalrankweighted
M: 2
lambda: 9
epsilon_svgd: 0.015
gamma: 0.005
decay_start_ratio: 0.01
decay_min_factor: 0.01
bandwith_kernel: None
no_interact: False
avg_score: -137.74000549316406
median_score: -139.0
std_score: 11.837752342224121
percentiles: 2%=-156.0399932861328, 5%=-154.0, 10%=-151.10000610351562, 25%=-147.0, 50%=-139.0, 75%=-129.0, 90%=-122.80000305175781, 95%=-118.95000457763672, 98%=-112.85997009277344
ranking_best_algo: DiscreteDE
ranking_best_score: 143.4
ranking_my_rank: 117/504 (77.0%)
ranking_my_percent: 76.98412698412699
