ConfigName: krbf__advnormalizedfitness__M4__L10__eps0p033__g0p015__ds0p3__dm0p01
Problem: NK
Kernel: rbf
Advantage: normalizedfitness
M: 4
lambda: 10
epsilon_svgd: 0.033
gamma: 0.015
decay_start_ratio: 0.3
decay_min_factor: 0.01
bandwith_kernel: None
no_interact: False
avg_score: 0.5831531286239624
median_score: 0.5813282132148743
std_score: 0.008290166966617107
percentiles: 2%=0.5702725648880005, 5%=0.5713201761245728, 10%=0.5730839967727661, 25%=0.5774236917495728, 50%=0.5813282132148743, 75%=0.5882363319396973, 90%=0.5948922634124756, 95%=0.5956152677536011, 98%=0.604936420917511
ranking_best_algo: PBIL
ranking_best_score: 0.7170882103515624
ranking_my_rank: 377/504 (25.4%)
ranking_my_percent: 25.396825396825395
