ConfigName: kfr__advglobalrankweighted__M6__L11__eps0p02__g0p005__ds0p01__dm0p01
Problem: QUBO
Kernel: fr
Advantage: globalrankweighted
M: 6
lambda: 11
epsilon_svgd: 0.02
gamma: 0.005
decay_start_ratio: 0.01
decay_min_factor: 0.01
bandwith_kernel: None
no_interact: False
avg_score: -2373.080078125
median_score: -2352.5
std_score: 136.8110809326172
percentiles: 2%=-2681.419921875, 5%=-2618.35009765625, 10%=-2541.5, 25%=-2456.25, 50%=-2352.5, 75%=-2283.0, 90%=-2205.199951171875, 95%=-2176.949951171875, 98%=-2129.019775390625
ranking_best_algo: DiscreteLengler2OnePlusOne
ranking_best_score: 2617.04
ranking_my_rank: 142/504 (72.0%)
ranking_my_percent: 72.02380952380952
