ConfigName: krbf__advnormalizedfitness__M4__L8__eps0p033__g0p015__ds0p3__dm0p3
Problem: QUBO
Kernel: rbf
Advantage: normalizedfitness
M: 4
lambda: 8
epsilon_svgd: 0.033
gamma: 0.015
decay_start_ratio: 0.3
decay_min_factor: 0.3
bandwith_kernel: None
no_interact: False
avg_score: -398.5199890136719
median_score: -398.0
std_score: 30.38831329345703
percentiles: 2%=-457.20001220703125, 5%=-449.0, 10%=-433.79998779296875, 25%=-420.0, 50%=-398.0, 75%=-379.75, 90%=-362.0, 95%=-346.8000183105469, 98%=-334.94000244140625
ranking_best_algo: CMAL3
ranking_best_score: 435.36
ranking_my_rank: 239/504 (52.8%)
ranking_my_percent: 52.77777777777778
