ConfigName: kjsd__advperagentrankweighted__M4__L20__eps0p005__g0p001__ds0p1__dm0p05
Problem: QUBO
Kernel: jsd
Advantage: peragentrankweighted
M: 4
lambda: 20
epsilon_svgd: 0.005
gamma: 0.001
decay_start_ratio: 0.1
decay_min_factor: 0.05
bandwith_kernel: None
no_interact: False
avg_score: -934.760009765625
median_score: -936.5
std_score: 74.97228240966797
percentiles: 2%=-1078.0, 5%=-1063.550048828125, 10%=-1033.199951171875, 25%=-992.75, 50%=-936.5, 75%=-880.75, 90%=-828.9000244140625, 95%=-802.9000244140625, 98%=-789.9400024414062
ranking_best_algo: CMApara
ranking_best_score: 964.9
ranking_my_rank: 16/504 (97.0%)
ranking_my_percent: 97.02380952380952
