ConfigName: kjsd__advperagentrankweighted__M4__L20__eps0p005__g0p001__ds0p1__dm0p1
Problem: NK
Kernel: jsd
Advantage: peragentrankweighted
M: 4
lambda: 20
epsilon_svgd: 0.005
gamma: 0.001
decay_start_ratio: 0.1
decay_min_factor: 0.1
bandwith_kernel: None
no_interact: False
avg_score: 0.7326918244361877
median_score: 0.7330528497695923
std_score: 0.013343816623091698
percentiles: 2%=0.7045110464096069, 5%=0.7095732688903809, 10%=0.7147541642189026, 25%=0.7241526246070862, 50%=0.7330528497695923, 75%=0.74233078956604, 90%=0.7494915127754211, 95%=0.7516372203826904, 98%=0.7587457895278931
ranking_best_algo: PBIL
ranking_best_score: 0.733570253046875
ranking_my_rank: 2/504 (99.8%)
ranking_my_percent: 99.8015873015873
