ConfigName: krbf__advnormalizedfitness__M4__L8__eps0p033__g0p015__ds0p3__dm0p3
Problem: NK
Kernel: rbf
Advantage: normalizedfitness
M: 4
lambda: 8
epsilon_svgd: 0.033
gamma: 0.015
decay_start_ratio: 0.3
decay_min_factor: 0.3
bandwith_kernel: None
no_interact: False
avg_score: 0.7295568585395813
median_score: 0.7316284775733948
std_score: 0.01014899555593729
percentiles: 2%=0.7082162499427795, 5%=0.711819052696228, 10%=0.716069757938385, 25%=0.7217462062835693, 50%=0.7316284775733948, 75%=0.7369371056556702, 90%=0.7415950298309326, 95%=0.7442069053649902, 98%=0.7449486255645752
ranking_best_algo: PBIL
ranking_best_score: 0.730509098125
ranking_my_rank: 3/504 (99.6%)
ranking_my_percent: 99.60317460317461
