ConfigName: krbf__advnormalizedfitness__M1__L10__eps0p015__g0p007__ds0p15__dm0p01
Problem: QUBO
Kernel: rbf
Advantage: normalizedfitness
M: 1
lambda: 10
epsilon_svgd: 0.015
gamma: 0.007
decay_start_ratio: 0.15
decay_min_factor: 0.01
bandwith_kernel: None
no_interact: False
avg_score: -302.7799987792969
median_score: -298.0
std_score: 39.468360900878906
percentiles: 2%=-394.0400085449219, 5%=-382.1000061035156, 10%=-356.0, 25%=-332.0, 50%=-298.0, 75%=-269.75, 90%=-259.0, 95%=-248.0, 98%=-245.85997009277344
ranking_best_algo: CMApara
ranking_best_score: 319.29999999999995
ranking_my_rank: 215/504 (57.5%)
ranking_my_percent: 57.53968253968254
