ConfigName: kjsd__advperagentrankweighted__M3__L20__eps0p007__g0p001__ds0p05__dm0p1
Problem: NK
Kernel: jsd
Advantage: peragentrankweighted
M: 3
lambda: 20
epsilon_svgd: 0.007
gamma: 0.001
decay_start_ratio: 0.05
decay_min_factor: 0.1
bandwith_kernel: None
no_interact: False
avg_score: 0.744340717792511
median_score: 0.7408133745193481
std_score: 0.02784162014722824
percentiles: 2%=0.705326497554779, 5%=0.7079268097877502, 10%=0.7130317091941833, 25%=0.7225515842437744, 50%=0.7408133745193481, 75%=0.7580187320709229, 90%=0.7783373594284058, 95%=0.8044605851173401, 98%=0.8118547797203064
ranking_best_algo: CMApara
ranking_best_score: 0.7459277895312499
ranking_my_rank: 5/504 (99.2%)
ranking_my_percent: 99.2063492063492
