ConfigName: kjsd__advperagentrankweighted__M3__L20__eps0p01__g0p0005__ds0p1__dm0p1
Problem: QUBO
Kernel: jsd
Advantage: peragentrankweighted
M: 3
lambda: 20
epsilon_svgd: 0.01
gamma: 0.0005
decay_start_ratio: 0.1
decay_min_factor: 0.1
bandwith_kernel: None
no_interact: False
avg_score: -147.47999572753906
median_score: -146.0
std_score: 14.355820655822754
percentiles: 2%=-179.0, 5%=-179.0, 10%=-160.0, 25%=-155.5, 50%=-146.0, 75%=-139.0, 90%=-130.8000030517578, 95%=-124.80000305175781, 98%=-114.9800033569336
ranking_best_algo: CMApara
ranking_best_score: 154.28
ranking_my_rank: 95/504 (81.3%)
ranking_my_percent: 81.34920634920636
