ConfigName: kfr__advglobalrankweighted__M6__L11__eps0p015__g0p003__ds0p01__dm0p01
Problem: QUBO
Kernel: fr
Advantage: globalrankweighted
M: 6
lambda: 11
epsilon_svgd: 0.015
gamma: 0.003
decay_start_ratio: 0.01
decay_min_factor: 0.01
bandwith_kernel: None
no_interact: False
avg_score: -1474.699951171875
median_score: -1468.0
std_score: 81.40055084228516
percentiles: 2%=-1666.3599853515625, 5%=-1612.699951171875, 10%=-1576.300048828125, 25%=-1525.0, 50%=-1468.0, 75%=-1418.5, 90%=-1383.5, 95%=-1357.5001220703125, 98%=-1314.4798583984375
ranking_best_algo: NLOPT_LN_PRAXIS
ranking_best_score: 1607.12
ranking_my_rank: 84/504 (83.5%)
ranking_my_percent: 83.53174603174604
