ConfigName: kjsd__advperagentrankweighted__M5__L10__eps0p005__g0p0005__ds0p2__dm0p05
Problem: QUBO
Kernel: jsd
Advantage: peragentrankweighted
M: 5
lambda: 10
epsilon_svgd: 0.005
gamma: 0.0005
decay_start_ratio: 0.2
decay_min_factor: 0.05
bandwith_kernel: None
no_interact: False
avg_score: -333.1400146484375
median_score: -334.5
std_score: 22.094804763793945
percentiles: 2%=-372.0, 5%=-372.0, 10%=-357.0, 25%=-349.0, 50%=-334.5, 75%=-322.0, 90%=-300.79998779296875, 95%=-294.75, 98%=-281.9599914550781
ranking_best_algo: CMApara
ranking_best_score: 344.22
ranking_my_rank: 68/504 (86.7%)
ranking_my_percent: 86.7063492063492
