ConfigName: kfr__advglobalrankweighted__M2__L8__eps0p015__g0p007__ds0p01__dm0p01
Problem: NK
Kernel: fr
Advantage: globalrankweighted
M: 2
lambda: 8
epsilon_svgd: 0.015
gamma: 0.007
decay_start_ratio: 0.01
decay_min_factor: 0.01
bandwith_kernel: None
no_interact: False
avg_score: 0.7358524799346924
median_score: 0.7371708154678345
std_score: 0.009213804267346859
percentiles: 2%=0.7155554294586182, 5%=0.7195994853973389, 10%=0.7233896851539612, 25%=0.729736328125, 50%=0.7371708154678345, 75%=0.7421512603759766, 90%=0.7466306686401367, 95%=0.7473042607307434, 98%=0.7531546354293823
ranking_best_algo: PBIL
ranking_best_score: 0.730509098125
ranking_my_rank: 1/504 (100.0%)
ranking_my_percent: 100.0
