ConfigName: kjsd__advperagentrankweighted__M4__L10__eps0p02__g0p0003__ds0p2__dm0p05
Problem: QUBO
Kernel: jsd
Advantage: peragentrankweighted
M: 4
lambda: 10
epsilon_svgd: 0.02
gamma: 0.0003
decay_start_ratio: 0.2
decay_min_factor: 0.05
bandwith_kernel: None
no_interact: False
avg_score: -556.9600219726562
median_score: -559.5
std_score: 28.881799697875977
percentiles: 2%=-621.0, 5%=-607.0999755859375, 10%=-593.4000244140625, 25%=-574.25, 50%=-559.5, 75%=-539.0, 90%=-519.0, 95%=-514.9000244140625, 98%=-503.8800048828125
ranking_best_algo: Tabu
ranking_best_score: 588.7199999999999
ranking_my_rank: 106/503 (79.1%)
ranking_my_percent: 79.12524850894633
