ConfigName: kjsd__advperagentrankweighted__M3__L18__eps0p01__g0p0007__ds0p2__dm0p1
Problem: QUBO
Kernel: jsd
Advantage: peragentrankweighted
M: 3
lambda: 18
epsilon_svgd: 0.01
gamma: 0.0007
decay_start_ratio: 0.2
decay_min_factor: 0.1
bandwith_kernel: None
no_interact: False
avg_score: -441.7799987792969
median_score: -446.0
std_score: 27.126216888427734
percentiles: 2%=-492.1199951171875, 5%=-485.0, 10%=-472.1000061035156, 25%=-460.25, 50%=-446.0, 75%=-423.0, 90%=-402.70001220703125, 95%=-393.95001220703125, 98%=-386.0
ranking_best_algo: CMApara
ranking_best_score: 453.82
ranking_my_rank: 10/504 (98.2%)
ranking_my_percent: 98.21428571428571
