ConfigName: krbf__advnormalizedfitness__M4__L8__eps0p033__g0p007__ds0p3__dm0p3
Problem: NK
Kernel: rbf
Advantage: normalizedfitness
M: 4
lambda: 8
epsilon_svgd: 0.033
gamma: 0.007
decay_start_ratio: 0.3
decay_min_factor: 0.3
bandwith_kernel: None
no_interact: False
avg_score: 0.7024587392807007
median_score: 0.7034143209457397
std_score: 0.021488532423973083
percentiles: 2%=0.6565372347831726, 5%=0.6671063303947449, 10%=0.6774812936782837, 25%=0.687301516532898, 50%=0.7034143209457397, 75%=0.7184040546417236, 90%=0.7304255962371826, 95%=0.7376610636711121, 98%=0.7389180660247803
ranking_best_algo: Tabu
ranking_best_score: 0.7429702712499999
ranking_my_rank: 184/504 (63.7%)
ranking_my_percent: 63.69047619047619
