ConfigName: krbf__advnormalizedfitness__M3__L15__eps0p015__g0p007__ds0p3__dm0p3
Problem: QUBO
Kernel: rbf
Advantage: normalizedfitness
M: 3
lambda: 15
epsilon_svgd: 0.015
gamma: 0.007
decay_start_ratio: 0.3
decay_min_factor: 0.3
bandwith_kernel: None
no_interact: False
avg_score: -884.4000244140625
median_score: -882.0
std_score: 78.666259765625
percentiles: 2%=-1049.02001953125, 5%=-1008.7999877929688, 10%=-981.0, 25%=-936.75, 50%=-882.0, 75%=-823.0, 90%=-785.6000366210938, 95%=-767.0501098632812, 98%=-744.8399658203125
ranking_best_algo: SVMMetaModelLogNormal
ranking_best_score: 1233.7999999999997
ranking_my_rank: 319/504 (36.9%)
ranking_my_percent: 36.904761904761905
