ConfigName: kjsd__advperagentrankweighted__M3__L20__eps0p007__g0p003__ds0p05__dm0p05
Problem: QUBO
Kernel: jsd
Advantage: peragentrankweighted
M: 3
lambda: 20
epsilon_svgd: 0.007
gamma: 0.003
decay_start_ratio: 0.05
decay_min_factor: 0.05
bandwith_kernel: None
no_interact: False
avg_score: -438.0
median_score: -436.5
std_score: 27.54705047607422
percentiles: 2%=-485.0400085449219, 5%=-479.1000061035156, 10%=-474.1000061035156, 25%=-460.0, 50%=-436.5, 75%=-418.5, 90%=-403.79998779296875, 95%=-394.8500061035156, 98%=-384.9200134277344
ranking_best_algo: CMApara
ranking_best_score: 453.82
ranking_my_rank: 22/504 (95.8%)
ranking_my_percent: 95.83333333333333
