ConfigName: kjsd__advperagentrankweighted__M6__L8__eps0p03__g0p0005__ds0p2__dm0p05
Problem: NK
Kernel: jsd
Advantage: peragentrankweighted
M: 6
lambda: 8
epsilon_svgd: 0.03
gamma: 0.0005
decay_start_ratio: 0.2
decay_min_factor: 0.05
bandwith_kernel: None
no_interact: False
avg_score: 0.7443587779998779
median_score: 0.7465687990188599
std_score: 0.014501183293759823
percentiles: 2%=0.7092621326446533, 5%=0.7179993987083435, 10%=0.7238380312919617, 25%=0.7361326217651367, 50%=0.7465687990188599, 75%=0.7536712288856506, 90%=0.7631610035896301, 95%=0.7681231498718262, 98%=0.7694868445396423
ranking_best_algo: Tabu
ranking_best_score: 0.7657846284375001
ranking_my_rank: 49/504 (90.5%)
ranking_my_percent: 90.47619047619048
