ConfigName: krbf__advglobalrankweighted__M4__L9__eps0p015__g0p005__ds0p01__dm0p01
Problem: QUBO
Kernel: rbf
Advantage: globalrankweighted
M: 4
lambda: 9
epsilon_svgd: 0.015
gamma: 0.005
decay_start_ratio: 0.01
decay_min_factor: 0.01
bandwith_kernel: None
no_interact: False
avg_score: -1184.1800537109375
median_score: -1177.5
std_score: 69.54471588134766
percentiles: 2%=-1325.1199951171875, 5%=-1301.0999755859375, 10%=-1289.4000244140625, 25%=-1231.25, 50%=-1177.5, 75%=-1133.75, 90%=-1094.0, 95%=-1073.800048828125, 98%=-1063.639892578125
ranking_best_algo: Tabu
ranking_best_score: 1216.16
ranking_my_rank: 65/504 (87.3%)
ranking_my_percent: 87.3015873015873
