ConfigName: krbf__advnormalizedfitness__M3__L8__eps0p033__g0p005__ds0p3__dm0p3
Problem: QUBO
Kernel: rbf
Advantage: normalizedfitness
M: 3
lambda: 8
epsilon_svgd: 0.033
gamma: 0.005
decay_start_ratio: 0.3
decay_min_factor: 0.3
bandwith_kernel: None
no_interact: False
avg_score: -926.4600219726562
median_score: -920.0
std_score: 68.406494140625
percentiles: 2%=-1062.02001953125, 5%=-1048.0, 10%=-1028.5, 25%=-971.25, 50%=-920.0, 75%=-880.5, 90%=-836.7999877929688, 95%=-824.9500122070312, 98%=-801.0
ranking_best_algo: CMApara
ranking_best_score: 964.9
ranking_my_rank: 21/504 (96.0%)
ranking_my_percent: 96.03174603174604
