ConfigName: krbf__advnormalizedfitness__M4__L15__eps0p03__g0p01__ds0p15__dm0p05
Problem: NK
Kernel: rbf
Advantage: normalizedfitness
M: 4
lambda: 15
epsilon_svgd: 0.03
gamma: 0.01
decay_start_ratio: 0.15
decay_min_factor: 0.05
bandwith_kernel: None
no_interact: False
avg_score: 0.6986411809921265
median_score: 0.7001749873161316
std_score: 0.01221788115799427
percentiles: 2%=0.6786759495735168, 5%=0.6806439161300659, 10%=0.6825768947601318, 25%=0.6863223314285278, 50%=0.7001749873161316, 75%=0.7095729112625122, 90%=0.7145137190818787, 95%=0.7151135802268982, 98%=0.7159107327461243
ranking_best_algo: PBIL
ranking_best_score: 0.7013553837109374
ranking_my_rank: 4/504 (99.4%)
ranking_my_percent: 99.4047619047619
