ConfigName: krbf__advnormalizedfitness__M4__L8__eps0p033__g0p015__ds0p01__dm0p01
Problem: NK
Kernel: rbf
Advantage: normalizedfitness
M: 4
lambda: 8
epsilon_svgd: 0.033
gamma: 0.015
decay_start_ratio: 0.01
decay_min_factor: 0.01
bandwith_kernel: None
no_interact: False
avg_score: 0.7450116872787476
median_score: 0.7423104643821716
std_score: 0.028459109365940094
percentiles: 2%=0.7038047313690186, 5%=0.7087661623954773, 10%=0.7105557918548584, 25%=0.7216277122497559, 50%=0.7423104643821716, 75%=0.7601335048675537, 90%=0.778337299823761, 95%=0.8044298887252808, 98%=0.8104035258293152
ranking_best_algo: CMApara
ranking_best_score: 0.7459277895312499
ranking_my_rank: 2/504 (99.8%)
ranking_my_percent: 99.8015873015873
