ConfigName: kjsd__advperagentrankweighted__M8__L28__eps0p005__g0p0005__ds0p05__dm0p05
Problem: QUBO
Kernel: jsd
Advantage: peragentrankweighted
M: 8
lambda: 28
epsilon_svgd: 0.005
gamma: 0.0005
decay_start_ratio: 0.05
decay_min_factor: 0.05
bandwith_kernel: None
no_interact: False
avg_score: -1084.800048828125
median_score: -1077.0
std_score: 111.02764892578125
percentiles: 2%=-1300.239990234375, 5%=-1252.050048828125, 10%=-1228.0999755859375, 25%=-1145.25, 50%=-1077.0, 75%=-1006.5, 90%=-947.7999877929688, 95%=-927.7999877929688, 98%=-897.9400024414062
ranking_best_algo: NLOPT_LN_PRAXIS
ranking_best_score: 1607.12
ranking_my_rank: 293/504 (42.1%)
ranking_my_percent: 42.06349206349206
