ConfigName: krbf__advnormalizedfitness__M3__L12__eps0p033__g0p01__ds0p15__dm0p01
Problem: QUBO
Kernel: rbf
Advantage: normalizedfitness
M: 3
lambda: 12
epsilon_svgd: 0.033
gamma: 0.01
decay_start_ratio: 0.15
decay_min_factor: 0.01
bandwith_kernel: None
no_interact: False
avg_score: -909.0999755859375
median_score: -906.0
std_score: 66.63309478759766
percentiles: 2%=-1048.0400390625, 5%=-1036.199951171875, 10%=-1000.5999755859375, 25%=-954.75, 50%=-906.0, 75%=-858.5, 90%=-823.9000244140625, 95%=-808.75, 98%=-794.8199462890625
ranking_best_algo: CMAL3
ranking_best_score: 928.5800000000002
ranking_my_rank: 29/504 (94.4%)
ranking_my_percent: 94.44444444444444
