ConfigName: kjsd__advperagentrankweighted__M3__L18__eps0p007__g0p0005__ds0p2__dm0p2
Problem: QUBO
Kernel: jsd
Advantage: peragentrankweighted
M: 3
lambda: 18
epsilon_svgd: 0.007
gamma: 0.0005
decay_start_ratio: 0.2
decay_min_factor: 0.2
bandwith_kernel: None
no_interact: False
avg_score: -2638.300048828125
median_score: -2640.5
std_score: 122.47167205810547
percentiles: 2%=-2864.699951171875, 5%=-2841.5, 10%=-2804.10009765625, 25%=-2724.0, 50%=-2640.5, 75%=-2547.5, 90%=-2481.10009765625, 95%=-2451.89990234375, 98%=-2433.0
ranking_best_algo: DiscreteLengler2OnePlusOne
ranking_best_score: 2617.04
ranking_my_rank: 1/504 (100.0%)
ranking_my_percent: 100.0
