ConfigName: krbf__advnormalizedfitness__M4__L10__eps0p033__g0p01__ds0p15__dm0p01
Problem: QUBO
Kernel: rbf
Advantage: normalizedfitness
M: 4
lambda: 10
epsilon_svgd: 0.033
gamma: 0.01
decay_start_ratio: 0.15
decay_min_factor: 0.01
bandwith_kernel: None
no_interact: False
avg_score: -571.5
median_score: -571.0
std_score: 31.463470458984375
percentiles: 2%=-635.239990234375, 5%=-628.0999755859375, 10%=-617.0, 25%=-590.5, 50%=-571.0, 75%=-547.0, 90%=-532.5999755859375, 95%=-523.75, 98%=-516.97998046875
ranking_best_algo: Tabu
ranking_best_score: 588.7199999999999
ranking_my_rank: 62/503 (87.9%)
ranking_my_percent: 87.8727634194831
