ConfigName: krbf__advnormalizedfitness__M1__L8__eps0p015__g0p005__ds0p3__dm0p3
Problem: QUBO
Kernel: rbf
Advantage: normalizedfitness
M: 1
lambda: 8
epsilon_svgd: 0.015
gamma: 0.005
decay_start_ratio: 0.3
decay_min_factor: 0.3
bandwith_kernel: None
no_interact: False
avg_score: -132.75999450683594
median_score: -135.0
std_score: 13.030058860778809
percentiles: 2%=-154.0399932861328, 5%=-151.0500030517578, 10%=-148.10000610351562, 25%=-144.0, 50%=-135.0, 75%=-123.0, 90%=-113.9000015258789, 95%=-110.95000457763672, 98%=-107.95999145507812
ranking_best_algo: DiscreteDE
ranking_best_score: 143.4
ranking_my_rank: 314/504 (37.9%)
ranking_my_percent: 37.8968253968254
