ConfigName: kjsd__advperagentrankweighted__M3__L16__eps0p007__g0p0005__ds0p05__dm0p1
Problem: NK
Kernel: jsd
Advantage: peragentrankweighted
M: 3
lambda: 16
epsilon_svgd: 0.007
gamma: 0.0005
decay_start_ratio: 0.05
decay_min_factor: 0.1
bandwith_kernel: None
no_interact: False
avg_score: 0.7106575965881348
median_score: 0.6985580325126648
std_score: 0.03148416057229042
percentiles: 2%=0.6734916567802429, 5%=0.6751300692558289, 10%=0.6757414937019348, 25%=0.6823306679725647, 50%=0.6985580325126648, 75%=0.746882438659668, 90%=0.7524471879005432, 95%=0.7586009502410889, 98%=0.7613165378570557
ranking_best_algo: CMApara
ranking_best_score: 0.7118996098437498
ranking_my_rank: 18/504 (96.6%)
ranking_my_percent: 96.62698412698413
