ConfigName: krbf__advnormalizedfitness__M4__L12__eps0p033__g0p01__ds0p3__dm0p3
Problem: QUBO
Kernel: rbf
Advantage: normalizedfitness
M: 4
lambda: 12
epsilon_svgd: 0.033
gamma: 0.01
decay_start_ratio: 0.3
decay_min_factor: 0.3
bandwith_kernel: None
no_interact: False
avg_score: -139.75999450683594
median_score: -141.0
std_score: 11.594067573547363
percentiles: 2%=-160.0, 5%=-159.0, 10%=-156.10000610351562, 25%=-146.0, 50%=-141.0, 75%=-130.0, 90%=-125.0, 95%=-119.0, 98%=-114.97999572753906
ranking_best_algo: DiscreteDE
ranking_best_score: 143.4
ranking_my_rank: 83/504 (83.7%)
ranking_my_percent: 83.73015873015873
