ConfigName: kjsd__advperagentrankweighted__M3__L24__eps0p007__g0p0005__ds0p05__dm0p2
Problem: QUBO
Kernel: jsd
Advantage: peragentrankweighted
M: 3
lambda: 24
epsilon_svgd: 0.007
gamma: 0.0005
decay_start_ratio: 0.05
decay_min_factor: 0.2
bandwith_kernel: None
no_interact: False
avg_score: -422.5
median_score: -424.0
std_score: 30.43337059020996
percentiles: 2%=-481.0, 5%=-475.20001220703125, 10%=-465.20001220703125, 25%=-440.5, 50%=-424.0, 75%=-401.5, 90%=-384.0, 95%=-375.95001220703125, 98%=-359.9800109863281
ranking_best_algo: CMAL3
ranking_best_score: 435.36
ranking_my_rank: 35/504 (93.3%)
ranking_my_percent: 93.25396825396825
