ConfigName: krbf__advnormalizedfitness__M3__L8__eps0p025__g0p005__ds0p05__dm0p05
Problem: NK
Kernel: rbf
Advantage: normalizedfitness
M: 3
lambda: 8
epsilon_svgd: 0.025
gamma: 0.005
decay_start_ratio: 0.05
decay_min_factor: 0.05
bandwith_kernel: None
no_interact: False
avg_score: 0.706895112991333
median_score: 0.7087839245796204
std_score: 0.011626255698502064
percentiles: 2%=0.6892642974853516, 5%=0.6900613903999329, 10%=0.6920608282089233, 25%=0.6951655745506287, 50%=0.7087839245796204, 75%=0.7163857221603394, 90%=0.7214851379394531, 95%=0.7235265374183655, 98%=0.7245162129402161
ranking_best_algo: PBIL
ranking_best_score: 0.7013553837109374
ranking_my_rank: 1/504 (100.0%)
ranking_my_percent: 100.0
