ConfigName: kjsd__advperagentrankweighted__M3__L18__eps0p01__g0p001__ds0p1__dm0p2
Problem: QUBO
Kernel: jsd
Advantage: peragentrankweighted
M: 3
lambda: 18
epsilon_svgd: 0.01
gamma: 0.001
decay_start_ratio: 0.1
decay_min_factor: 0.2
bandwith_kernel: None
no_interact: False
avg_score: -580.0399780273438
median_score: -579.0
std_score: 29.97529411315918
percentiles: 2%=-635.0399780273438, 5%=-631.0, 10%=-619.2999877929688, 25%=-603.0, 50%=-579.0, 75%=-560.0, 90%=-536.9000244140625, 95%=-531.9500122070312, 98%=-526.8599853515625
ranking_best_algo: Tabu
ranking_best_score: 588.7199999999999
ranking_my_rank: 40/503 (92.2%)
ranking_my_percent: 92.2465208747515
