ConfigName: kfr__advglobalrankweighted__M3__L10__eps0p02__g0p003__ds0p01__dm0p01
Problem: QUBO
Kernel: fr
Advantage: globalrankweighted
M: 3
lambda: 10
epsilon_svgd: 0.02
gamma: 0.003
decay_start_ratio: 0.01
decay_min_factor: 0.01
bandwith_kernel: None
no_interact: False
avg_score: -1606.47998046875
median_score: -1607.5
std_score: 58.418399810791016
percentiles: 2%=-1728.0999755859375, 5%=-1695.9000244140625, 10%=-1680.0, 25%=-1641.5, 50%=-1607.5, 75%=-1567.75, 90%=-1529.4000244140625, 95%=-1500.9000244140625, 98%=-1476.9599609375
ranking_best_algo: NLOPT_LN_PRAXIS
ranking_best_score: 1607.12
ranking_my_rank: 2/504 (99.8%)
ranking_my_percent: 99.8015873015873
