ConfigName: krbf__advnormalizedfitness__M3__L15__eps0p03__g0p01__ds0p15__dm0p05
Problem: QUBO
Kernel: rbf
Advantage: normalizedfitness
M: 3
lambda: 15
epsilon_svgd: 0.03
gamma: 0.01
decay_start_ratio: 0.15
decay_min_factor: 0.05
bandwith_kernel: None
no_interact: False
avg_score: -572.9000244140625
median_score: -574.5
std_score: 27.309886932373047
percentiles: 2%=-625.0399780273438, 5%=-617.0, 10%=-609.0, 25%=-591.5, 50%=-574.5, 75%=-557.0, 90%=-535.0, 95%=-527.9500122070312, 98%=-514.9600219726562
ranking_best_algo: Tabu
ranking_best_score: 588.7199999999999
ranking_my_rank: 62/503 (87.9%)
ranking_my_percent: 87.8727634194831
