ConfigName: krbf__advnormalizedfitness__M3__L12__eps0p025__g0p015__ds0p01__dm0p3
Problem: NK
Kernel: rbf
Advantage: normalizedfitness
M: 3
lambda: 12
epsilon_svgd: 0.025
gamma: 0.015
decay_start_ratio: 0.01
decay_min_factor: 0.3
bandwith_kernel: None
no_interact: False
avg_score: 0.7011203765869141
median_score: 0.7024990320205688
std_score: 0.011005989275872707
percentiles: 2%=0.6798455715179443, 5%=0.6814591288566589, 10%=0.6834353804588318, 25%=0.6943788528442383, 50%=0.7024990320205688, 75%=0.7091957330703735, 90%=0.7139680981636047, 95%=0.7173382639884949, 98%=0.7186725735664368
ranking_best_algo: PBIL
ranking_best_score: 0.7248786399609374
ranking_my_rank: 95/504 (81.3%)
ranking_my_percent: 81.34920634920636
