ConfigName: kjsd__advperagentrankweighted__M5__L10__eps0p03__g0p0003__ds0p2__dm0p05
Problem: NK
Kernel: jsd
Advantage: peragentrankweighted
M: 5
lambda: 10
epsilon_svgd: 0.03
gamma: 0.0003
decay_start_ratio: 0.2
decay_min_factor: 0.05
bandwith_kernel: None
no_interact: False
avg_score: 0.7090964317321777
median_score: 0.6947870850563049
std_score: 0.03142636641860008
percentiles: 2%=0.6706339716911316, 5%=0.6736153364181519, 10%=0.6747028827667236, 25%=0.6811230182647705, 50%=0.6947870850563049, 75%=0.7445773482322693, 90%=0.7523026466369629, 95%=0.7586009502410889, 98%=0.7613165378570557
ranking_best_algo: CMApara
ranking_best_score: 0.7118996098437498
ranking_my_rank: 57/504 (88.9%)
ranking_my_percent: 88.88888888888889
