ConfigName: kjsd__advperagentrankweighted__M3__L18__eps0p01__g0p003__ds0p2__dm0p2
Problem: QUBO
Kernel: jsd
Advantage: peragentrankweighted
M: 3
lambda: 18
epsilon_svgd: 0.01
gamma: 0.003
decay_start_ratio: 0.2
decay_min_factor: 0.2
bandwith_kernel: None
no_interact: False
avg_score: -201.39999389648438
median_score: -203.0
std_score: 12.23437786102295
percentiles: 2%=-224.0, 5%=-224.0, 10%=-219.0, 25%=-208.25, 50%=-203.0, 75%=-193.0, 90%=-183.89999389648438, 95%=-180.9499969482422, 98%=-176.97999572753906
ranking_best_algo: Tabu
ranking_best_score: 208.36000000000004
ranking_my_rank: 40/504 (92.3%)
ranking_my_percent: 92.26190476190476
