ConfigName: krbf__advnormalizedfitness__M4__L10__eps0p033__g0p007__ds0p3__dm0p01
Problem: QUBO
Kernel: rbf
Advantage: normalizedfitness
M: 4
lambda: 10
epsilon_svgd: 0.033
gamma: 0.007
decay_start_ratio: 0.3
decay_min_factor: 0.01
bandwith_kernel: None
no_interact: False
avg_score: -332.0
median_score: -334.0
std_score: 20.975223541259766
percentiles: 2%=-372.0, 5%=-370.1000061035156, 10%=-354.29998779296875, 25%=-348.25, 50%=-334.0, 75%=-320.0, 90%=-305.70001220703125, 95%=-292.9000244140625, 98%=-285.9599914550781
ranking_best_algo: CMApara
ranking_best_score: 344.22
ranking_my_rank: 76/504 (85.1%)
ranking_my_percent: 85.11904761904762
