ConfigName: kjsd__advperagentrankweighted__M3__L18__eps0p005__g0p003__ds0p1__dm0p2
Problem: NK
Kernel: jsd
Advantage: peragentrankweighted
M: 3
lambda: 18
epsilon_svgd: 0.005
gamma: 0.003
decay_start_ratio: 0.1
decay_min_factor: 0.2
bandwith_kernel: None
no_interact: False
avg_score: 0.7118958830833435
median_score: 0.7008610367774963
std_score: 0.03147847577929497
percentiles: 2%=0.6734704971313477, 5%=0.6735854148864746, 10%=0.6795444488525391, 25%=0.6824496388435364, 50%=0.7008610367774963, 75%=0.7470885515213013, 90%=0.7538657784461975, 95%=0.7613165378570557, 98%=0.7613165378570557
ranking_best_algo: CMApara
ranking_best_score: 0.7118996098437498
ranking_my_rank: 2/504 (99.8%)
ranking_my_percent: 99.8015873015873
