ConfigName: kjsd__advperagentrankweighted__M3__L30__eps0p005__g0p001__ds0p1__dm0p1
Problem: QUBO
Kernel: jsd
Advantage: peragentrankweighted
M: 3
lambda: 30
epsilon_svgd: 0.005
gamma: 0.001
decay_start_ratio: 0.1
decay_min_factor: 0.1
bandwith_kernel: None
no_interact: False
avg_score: -1570.4000244140625
median_score: -1554.0
std_score: 78.55635070800781
percentiles: 2%=-1727.1400146484375, 5%=-1715.0999755859375, 10%=-1670.5999755859375, 25%=-1629.5, 50%=-1554.0, 75%=-1514.5, 90%=-1470.5999755859375, 95%=-1452.800048828125, 98%=-1424.8199462890625
ranking_best_algo: NLOPT_LN_PRAXIS
ranking_best_score: 1607.12
ranking_my_rank: 45/504 (91.3%)
ranking_my_percent: 91.26984126984127
