ConfigName: krbf__advnormalizedfitness__M4__L12__eps0p015__g0p005__ds0p01__dm0p3
Problem: QUBO
Kernel: rbf
Advantage: normalizedfitness
M: 4
lambda: 12
epsilon_svgd: 0.015
gamma: 0.005
decay_start_ratio: 0.01
decay_min_factor: 0.3
bandwith_kernel: None
no_interact: False
avg_score: -521.760009765625
median_score: -527.0
std_score: 42.285011291503906
percentiles: 2%=-603.0399780273438, 5%=-582.1500244140625, 10%=-575.0, 25%=-553.5, 50%=-527.0, 75%=-491.25, 90%=-461.5, 95%=-453.0, 98%=-424.94000244140625
ranking_best_algo: Tabu
ranking_best_score: 588.7199999999999
ranking_my_rank: 218/503 (56.9%)
ranking_my_percent: 56.858846918489064
