ConfigName: kjsd__advperagentrankweighted__M3__L18__eps0p01__g0p003__ds0p2__dm0p05
Problem: QUBO
Kernel: jsd
Advantage: peragentrankweighted
M: 3
lambda: 18
epsilon_svgd: 0.01
gamma: 0.003
decay_start_ratio: 0.2
decay_min_factor: 0.05
bandwith_kernel: None
no_interact: False
avg_score: -1183.52001953125
median_score: -1187.5
std_score: 55.54952621459961
percentiles: 2%=-1295.0400390625, 5%=-1265.0999755859375, 10%=-1253.0999755859375, 25%=-1213.75, 50%=-1187.5, 75%=-1145.25, 90%=-1113.5, 95%=-1083.0, 98%=-1073.8599853515625
ranking_best_algo: Tabu
ranking_best_score: 1216.16
ranking_my_rank: 65/504 (87.3%)
ranking_my_percent: 87.3015873015873
