ConfigName: kjsd__advperagentrankweighted__M4__L10__eps0p01__g0p0005__ds0p4__dm0p05
Problem: NK
Kernel: jsd
Advantage: peragentrankweighted
M: 4
lambda: 10
epsilon_svgd: 0.01
gamma: 0.0005
decay_start_ratio: 0.4
decay_min_factor: 0.05
bandwith_kernel: None
no_interact: False
avg_score: 0.7421882152557373
median_score: 0.7396048307418823
std_score: 0.02749193273484707
percentiles: 2%=0.6979438066482544, 5%=0.7057027816772461, 10%=0.7104799151420593, 25%=0.7239093780517578, 50%=0.7396048307418823, 75%=0.7562360763549805, 90%=0.7774803042411804, 95%=0.8044298887252808, 98%=0.8045783638954163
ranking_best_algo: CMApara
ranking_best_score: 0.7459277895312499
ranking_my_rank: 22/504 (95.8%)
ranking_my_percent: 95.83333333333333
