ConfigName: krbf__advnormalizedfitness__M4__L10__eps0p02__g0p01__ds0p15__dm0p05
Problem: QUBO
Kernel: rbf
Advantage: normalizedfitness
M: 4
lambda: 10
epsilon_svgd: 0.02
gamma: 0.01
decay_start_ratio: 0.15
decay_min_factor: 0.05
bandwith_kernel: None
no_interact: False
avg_score: -139.83999633789062
median_score: -141.0
std_score: 10.774711608886719
percentiles: 2%=-159.0, 5%=-156.0500030517578, 10%=-154.10000610351562, 25%=-148.0, 50%=-141.0, 75%=-132.0, 90%=-125.0, 95%=-123.0, 98%=-120.87999725341797
ranking_best_algo: DiscreteDE
ranking_best_score: 143.4
ranking_my_rank: 81/504 (84.1%)
ranking_my_percent: 84.12698412698413
