ConfigName: kjsd__advperagentrankweighted__M5__L12__eps0p03__g0p0005__ds0p05__dm0p05
Problem: QUBO
Kernel: jsd
Advantage: peragentrankweighted
M: 5
lambda: 12
epsilon_svgd: 0.03
gamma: 0.0005
decay_start_ratio: 0.05
decay_min_factor: 0.05
bandwith_kernel: None
no_interact: False
avg_score: -198.74000549316406
median_score: -199.5
std_score: 12.536842346191406
percentiles: 2%=-222.0399932861328, 5%=-222.0, 10%=-219.10000610351562, 25%=-205.25, 50%=-199.5, 75%=-191.0, 90%=-182.0, 95%=-178.0, 98%=-173.97999572753906
ranking_best_algo: Tabu
ranking_best_score: 208.36000000000004
ranking_my_rank: 91/504 (82.1%)
ranking_my_percent: 82.14285714285714
