ConfigName: kjsd__advperagentrankweighted__M5__L8__eps0p005__g0p0007__ds0p05__dm0p05
Problem: QUBO
Kernel: jsd
Advantage: peragentrankweighted
M: 5
lambda: 8
epsilon_svgd: 0.005
gamma: 0.0007
decay_start_ratio: 0.05
decay_min_factor: 0.05
bandwith_kernel: None
no_interact: False
avg_score: -442.6199951171875
median_score: -443.0
std_score: 23.200336456298828
percentiles: 2%=-479.0400085449219, 5%=-477.04998779296875, 10%=-472.0, 25%=-460.25, 50%=-443.0, 75%=-424.0, 90%=-414.6000061035156, 95%=-404.95001220703125, 98%=-392.9599914550781
ranking_best_algo: CMApara
ranking_best_score: 453.82
ranking_my_rank: 9/504 (98.4%)
ranking_my_percent: 98.41269841269842
