ConfigName: kjsd__advperagentrankweighted__M3__L20__eps0p005__g0p0005__ds0p1__dm0p1
Problem: NK
Kernel: jsd
Advantage: peragentrankweighted
M: 3
lambda: 20
epsilon_svgd: 0.005
gamma: 0.0005
decay_start_ratio: 0.1
decay_min_factor: 0.1
bandwith_kernel: None
no_interact: False
avg_score: 0.7554369568824768
median_score: 0.7556708455085754
std_score: 0.010539610870182514
percentiles: 2%=0.7335869669914246, 5%=0.7379078269004822, 10%=0.7433975338935852, 25%=0.7476149797439575, 50%=0.7556708455085754, 75%=0.7614443302154541, 90%=0.7672802209854126, 95%=0.7732858061790466, 98%=0.7786133289337158
ranking_best_algo: Tabu
ranking_best_score: 0.7470791764843752
ranking_my_rank: 1/504 (100.0%)
ranking_my_percent: 100.0
