ConfigName: krbf__advnormalizedfitness__M4__L12__eps0p033__g0p005__ds0p01__dm0p01
Problem: QUBO
Kernel: rbf
Advantage: normalizedfitness
M: 4
lambda: 12
epsilon_svgd: 0.033
gamma: 0.005
decay_start_ratio: 0.01
decay_min_factor: 0.01
bandwith_kernel: None
no_interact: False
avg_score: -428.1400146484375
median_score: -427.5
std_score: 24.12343978881836
percentiles: 2%=-485.0, 5%=-471.20001220703125, 10%=-461.20001220703125, 25%=-442.0, 50%=-427.5, 75%=-413.0, 90%=-396.8999938964844, 95%=-392.95001220703125, 98%=-389.8799743652344
ranking_best_algo: CMAL3
ranking_best_score: 435.36
ranking_my_rank: 15/504 (97.2%)
ranking_my_percent: 97.22222222222223
