ConfigName: kjsd__advperagentrankweighted__M5__L8__eps0p03__g0p0005__ds0p2__dm0p05
Problem: NK
Kernel: jsd
Advantage: peragentrankweighted
M: 5
lambda: 8
epsilon_svgd: 0.03
gamma: 0.0005
decay_start_ratio: 0.2
decay_min_factor: 0.05
bandwith_kernel: None
no_interact: False
avg_score: 0.7428324818611145
median_score: 0.7421703934669495
std_score: 0.014992465265095234
percentiles: 2%=0.7167463898658752, 5%=0.7204684019088745, 10%=0.7240025401115417, 25%=0.7315613031387329, 50%=0.7421703934669495, 75%=0.7522966861724854, 90%=0.7614631056785583, 95%=0.7684376239776611, 98%=0.7795225977897644
ranking_best_algo: Tabu
ranking_best_score: 0.7657846284375001
ranking_my_rank: 60/504 (88.3%)
ranking_my_percent: 88.2936507936508
