ConfigName: kfr__advglobalrankweighted__M2__L8__eps0p015__g0p007__ds0p01__dm0p01
Problem: QUBO
Kernel: fr
Advantage: globalrankweighted
M: 2
lambda: 8
epsilon_svgd: 0.015
gamma: 0.007
decay_start_ratio: 0.01
decay_min_factor: 0.01
bandwith_kernel: None
no_interact: False
avg_score: -194.52000427246094
median_score: -197.0
std_score: 13.44654655456543
percentiles: 2%=-222.0399932861328, 5%=-215.14999389648438, 10%=-209.0, 25%=-203.0, 50%=-197.0, 75%=-186.0, 90%=-176.0, 95%=-170.95001220703125, 98%=-169.7799530029297
ranking_best_algo: Tabu
ranking_best_score: 208.36000000000004
ranking_my_rank: 218/504 (56.9%)
ranking_my_percent: 56.94444444444444
