ConfigName: krbf__advnormalizedfitness__M4__L8__eps0p015__g0p01__ds0p01__dm0p01
Problem: QUBO
Kernel: rbf
Advantage: normalizedfitness
M: 4
lambda: 8
epsilon_svgd: 0.015
gamma: 0.01
decay_start_ratio: 0.01
decay_min_factor: 0.01
bandwith_kernel: None
no_interact: False
avg_score: -1134.9000244140625
median_score: -1122.0
std_score: 74.60435485839844
percentiles: 2%=-1329.52001953125, 5%=-1295.0999755859375, 10%=-1225.199951171875, 25%=-1176.0, 50%=-1122.0, 75%=-1079.75, 90%=-1050.0, 95%=-1038.800048828125, 98%=-1031.93994140625
ranking_best_algo: Tabu
ranking_best_score: 1216.16
ranking_my_rank: 156/504 (69.2%)
ranking_my_percent: 69.24603174603175
