ConfigName: kjsd__advperagentrankweighted__M4__L12__eps0p005__g0p001__ds0p05__dm0p2
Problem: QUBO
Kernel: jsd
Advantage: peragentrankweighted
M: 4
lambda: 12
epsilon_svgd: 0.005
gamma: 0.001
decay_start_ratio: 0.05
decay_min_factor: 0.2
bandwith_kernel: None
no_interact: False
avg_score: -139.33999633789062
median_score: -140.0
std_score: 11.842482566833496
percentiles: 2%=-160.02000427246094, 5%=-158.0500030517578, 10%=-157.0, 25%=-146.25, 50%=-140.0, 75%=-130.75, 90%=-125.0, 95%=-122.9000015258789, 98%=-112.9800033569336
ranking_best_algo: DiscreteDE
ranking_best_score: 143.4
ranking_my_rank: 86/504 (83.1%)
ranking_my_percent: 83.13492063492063
