ConfigName: krbf__advnormalizedfitness__M3__L12__eps0p033__g0p015__ds0p3__dm0p01
Problem: QUBO
Kernel: rbf
Advantage: normalizedfitness
M: 3
lambda: 12
epsilon_svgd: 0.033
gamma: 0.015
decay_start_ratio: 0.3
decay_min_factor: 0.01
bandwith_kernel: None
no_interact: False
avg_score: -926.4600219726562
median_score: -927.0
std_score: 69.54773712158203
percentiles: 2%=-1063.1400146484375, 5%=-1046.0, 10%=-1011.2000122070312, 25%=-979.5, 50%=-927.0, 75%=-878.75, 90%=-845.2999877929688, 95%=-818.5000610351562, 98%=-776.719970703125
ranking_best_algo: CMApara
ranking_best_score: 964.9
ranking_my_rank: 21/504 (96.0%)
ranking_my_percent: 96.03174603174604
