ConfigName: kfr__advglobalrankweighted__M3__L11__eps0p01__g0p003__ds0p01__dm0p01
Problem: QUBO
Kernel: fr
Advantage: globalrankweighted
M: 3
lambda: 11
epsilon_svgd: 0.01
gamma: 0.003
decay_start_ratio: 0.01
decay_min_factor: 0.01
bandwith_kernel: None
no_interact: False
avg_score: -1233.1400146484375
median_score: -1233.5
std_score: 67.94998931884766
percentiles: 2%=-1360.02001953125, 5%=-1340.0999755859375, 10%=-1321.0, 25%=-1279.5, 50%=-1233.5, 75%=-1184.5, 90%=-1142.800048828125, 95%=-1131.2501220703125, 98%=-1081.93994140625
ranking_best_algo: SVMMetaModelLogNormal
ranking_best_score: 1233.7999999999997
ranking_my_rank: 8/504 (98.6%)
ranking_my_percent: 98.61111111111111
