ConfigName: kjsd__advperagentrankweighted__M4__L20__eps0p007__g0p0005__ds0p05__dm0p05
Problem: QUBO
Kernel: jsd
Advantage: peragentrankweighted
M: 4
lambda: 20
epsilon_svgd: 0.007
gamma: 0.0005
decay_start_ratio: 0.05
decay_min_factor: 0.05
bandwith_kernel: None
no_interact: False
avg_score: -440.760009765625
median_score: -442.0
std_score: 26.710716247558594
percentiles: 2%=-490.1600036621094, 5%=-483.1000061035156, 10%=-472.0, 25%=-459.5, 50%=-442.0, 75%=-423.0, 90%=-406.0, 95%=-401.79998779296875, 98%=-386.9599914550781
ranking_best_algo: CMApara
ranking_best_score: 453.82
ranking_my_rank: 12/504 (97.8%)
ranking_my_percent: 97.81746031746032
