ConfigName: kjsd__advperagentrankweighted__M4__L20__eps0p007__g0p0005__ds0p05__dm0p05
Problem: QUBO
Kernel: jsd
Advantage: peragentrankweighted
M: 4
lambda: 20
epsilon_svgd: 0.007
gamma: 0.0005
decay_start_ratio: 0.05
decay_min_factor: 0.05
bandwith_kernel: None
no_interact: False
avg_score: -578.97998046875
median_score: -578.0
std_score: 26.102102279663086
percentiles: 2%=-634.1799926757812, 5%=-630.0499877929688, 10%=-613.7999877929688, 25%=-595.0, 50%=-578.0, 75%=-565.75, 90%=-544.9000244140625, 95%=-540.8499755859375, 98%=-534.760009765625
ranking_best_algo: Tabu
ranking_best_score: 588.7199999999999
ranking_my_rank: 41/503 (92.0%)
ranking_my_percent: 92.04771371769384
