ConfigName: krbf__advnormalizedfitness__M2__L10__eps0p025__g0p015__ds0p3__dm0p01
Problem: QUBO
Kernel: rbf
Advantage: normalizedfitness
M: 2
lambda: 10
epsilon_svgd: 0.025
gamma: 0.015
decay_start_ratio: 0.3
decay_min_factor: 0.01
bandwith_kernel: None
no_interact: False
avg_score: -3245.780029296875
median_score: -3245.0
std_score: 128.55874633789062
percentiles: 2%=-3503.360107421875, 5%=-3464.300048828125, 10%=-3431.199951171875, 25%=-3325.25, 50%=-3245.0, 75%=-3155.0, 90%=-3078.0, 95%=-3039.699951171875, 98%=-3006.360107421875
ranking_best_algo: RLSOnePlusOne
ranking_best_score: 3316.5199999999995
ranking_my_rank: 42/504 (91.9%)
ranking_my_percent: 91.86507936507937
