ConfigName: kjsd__advperagentrankweighted__M4__L10__eps0p02__g0p0007__ds0p05__dm0p05
Problem: QUBO
Kernel: jsd
Advantage: peragentrankweighted
M: 4
lambda: 10
epsilon_svgd: 0.02
gamma: 0.0007
decay_start_ratio: 0.05
decay_min_factor: 0.05
bandwith_kernel: None
no_interact: False
avg_score: -306.94000244140625
median_score: -307.0
std_score: 39.299320220947266
percentiles: 2%=-382.0400085449219, 5%=-378.0, 10%=-358.79998779296875, 25%=-336.5, 50%=-307.0, 75%=-270.75, 90%=-260.0, 95%=-254.0, 98%=-249.83999633789062
ranking_best_algo: CMApara
ranking_best_score: 319.29999999999995
ranking_my_rank: 104/504 (79.6%)
ranking_my_percent: 79.56349206349206
