ConfigName: kfr__advglobalrankweighted__M4__L13__eps0p06__g0p007__ds0p01__dm0p01
Problem: NK
Kernel: fr
Advantage: globalrankweighted
M: 4
lambda: 13
epsilon_svgd: 0.06
gamma: 0.007
decay_start_ratio: 0.01
decay_min_factor: 0.01
bandwith_kernel: None
no_interact: False
avg_score: 0.7104141712188721
median_score: 0.7111985683441162
std_score: 0.014990178868174553
percentiles: 2%=0.6717689633369446, 5%=0.6736515760421753, 10%=0.6950197219848633, 25%=0.7076773643493652, 50%=0.7111985683441162, 75%=0.7184967994689941, 90%=0.725510835647583, 95%=0.7323453426361084, 98%=0.7328441143035889
ranking_best_algo: CMApara
ranking_best_score: 0.707475975
ranking_my_rank: 1/504 (100.0%)
ranking_my_percent: 100.0
