ConfigName: kjsd__advperagentrankweighted__M4__L20__eps0p007__g0p0005__ds0p1__dm0p05
Problem: QUBO
Kernel: jsd
Advantage: peragentrankweighted
M: 4
lambda: 20
epsilon_svgd: 0.007
gamma: 0.0005
decay_start_ratio: 0.1
decay_min_factor: 0.05
bandwith_kernel: None
no_interact: False
avg_score: -583.02001953125
median_score: -581.5
std_score: 26.82908058166504
percentiles: 2%=-633.0999755859375, 5%=-629.0999755859375, 10%=-621.4000244140625, 25%=-601.25, 50%=-581.5, 75%=-560.75, 90%=-549.9000244140625, 95%=-546.9000244140625, 98%=-540.9600219726562
ranking_best_algo: Tabu
ranking_best_score: 588.7199999999999
ranking_my_rank: 6/503 (99.0%)
ranking_my_percent: 99.00596421471172
