ConfigName: kjsd__advperagentrankweighted__M3__L30__eps0p007__g0p001__ds0p05__dm0p05
Problem: NK
Kernel: jsd
Advantage: peragentrankweighted
M: 3
lambda: 30
epsilon_svgd: 0.007
gamma: 0.001
decay_start_ratio: 0.05
decay_min_factor: 0.05
bandwith_kernel: None
no_interact: False
avg_score: 0.735736608505249
median_score: 0.7367969155311584
std_score: 0.008657719939947128
percentiles: 2%=0.7173112034797668, 5%=0.7202262282371521, 10%=0.7228937745094299, 25%=0.7308264970779419, 50%=0.7367969155311584, 75%=0.7429457902908325, 90%=0.7459799647331238, 95%=0.7473456263542175, 98%=0.7480897307395935
ranking_best_algo: PBIL
ranking_best_score: 0.7248786399609374
ranking_my_rank: 1/504 (100.0%)
ranking_my_percent: 100.0
