ConfigName: kjsd__advperagentrankweighted__M3__L20__eps0p005__g0p001__ds0p2__dm0p2
Problem: NK
Kernel: jsd
Advantage: peragentrankweighted
M: 3
lambda: 20
epsilon_svgd: 0.005
gamma: 0.001
decay_start_ratio: 0.2
decay_min_factor: 0.2
bandwith_kernel: None
no_interact: False
avg_score: 0.7259628772735596
median_score: 0.7255626320838928
std_score: 0.011520211584866047
percentiles: 2%=0.7066252827644348, 5%=0.7076470255851746, 10%=0.7115687727928162, 25%=0.7164292931556702, 50%=0.7255626320838928, 75%=0.7351027131080627, 90%=0.7398563027381897, 95%=0.7456049919128418, 98%=0.7482736706733704
ranking_best_algo: Tabu
ranking_best_score: 0.7429702712499999
ranking_my_rank: 3/504 (99.6%)
ranking_my_percent: 99.60317460317461
