ConfigName: krbf__advnormalizedfitness__M2__L8__eps0p015__g0p015__ds0p3__dm0p3
Problem: QUBO
Kernel: rbf
Advantage: normalizedfitness
M: 2
lambda: 8
epsilon_svgd: 0.015
gamma: 0.015
decay_start_ratio: 0.3
decay_min_factor: 0.3
bandwith_kernel: None
no_interact: False
avg_score: -423.9800109863281
median_score: -422.0
std_score: 28.24039077758789
percentiles: 2%=-477.0799865722656, 5%=-473.1000061035156, 10%=-465.0, 25%=-441.0, 50%=-422.0, 75%=-407.0, 90%=-390.8999938964844, 95%=-377.95001220703125, 98%=-373.6000061035156
ranking_best_algo: CMAL3
ranking_best_score: 435.36
ranking_my_rank: 31/504 (94.0%)
ranking_my_percent: 94.04761904761905
