ConfigName: krbf__advnormalizedfitness__M3__L15__eps0p033__g0p007__ds0p3__dm0p3
Problem: QUBO
Kernel: rbf
Advantage: normalizedfitness
M: 3
lambda: 15
epsilon_svgd: 0.033
gamma: 0.007
decay_start_ratio: 0.3
decay_min_factor: 0.3
bandwith_kernel: None
no_interact: False
avg_score: -413.239990234375
median_score: -413.0
std_score: 25.090682983398438
percentiles: 2%=-467.0400085449219, 5%=-454.1499938964844, 10%=-450.1000061035156, 25%=-429.0, 50%=-413.0, 75%=-395.5, 90%=-382.0, 95%=-371.8000183105469, 98%=-365.9599914550781
ranking_best_algo: Tabu
ranking_best_score: 438.12
ranking_my_rank: 59/504 (88.5%)
ranking_my_percent: 88.4920634920635
