ConfigName: kjsd__advperagentrankweighted__M5__L8__eps0p005__g0p003__ds0p4__dm0p2
Problem: QUBO
Kernel: jsd
Advantage: peragentrankweighted
M: 5
lambda: 8
epsilon_svgd: 0.005
gamma: 0.003
decay_start_ratio: 0.4
decay_min_factor: 0.2
bandwith_kernel: None
no_interact: False
avg_score: -494.0400085449219
median_score: -496.5
std_score: 49.91791534423828
percentiles: 2%=-590.0599975585938, 5%=-577.0499877929688, 10%=-566.4000244140625, 25%=-525.0, 50%=-496.5, 75%=-460.75, 90%=-429.5, 95%=-421.75, 98%=-403.0
ranking_best_algo: Tabu
ranking_best_score: 588.7199999999999
ranking_my_rank: 263/503 (47.9%)
ranking_my_percent: 47.912524850894634
