ConfigName: kjsd__advperagentrankweighted__M3__L30__eps0p005__g0p0005__ds0p1__dm0p05
Problem: NK
Kernel: jsd
Advantage: peragentrankweighted
M: 3
lambda: 30
epsilon_svgd: 0.005
gamma: 0.0005
decay_start_ratio: 0.1
decay_min_factor: 0.05
bandwith_kernel: None
no_interact: False
avg_score: 0.7191113829612732
median_score: 0.7177672386169434
std_score: 0.009521568194031715
percentiles: 2%=0.7017961740493774, 5%=0.7057819366455078, 10%=0.7092529535293579, 25%=0.7129201292991638, 50%=0.7177672386169434, 75%=0.7248877286911011, 90%=0.7291417717933655, 95%=0.7394054532051086, 98%=0.7419588565826416
ranking_best_algo: PBIL
ranking_best_score: 0.7170882103515624
ranking_my_rank: 1/504 (100.0%)
ranking_my_percent: 100.0
