ConfigName: krbf__advnormalizedfitness__M1__L8__eps0p033__g0p01__ds0p3__dm0p3
Problem: QUBO
Kernel: rbf
Advantage: normalizedfitness
M: 1
lambda: 8
epsilon_svgd: 0.033
gamma: 0.01
decay_start_ratio: 0.3
decay_min_factor: 0.3
bandwith_kernel: None
no_interact: False
avg_score: -139.05999755859375
median_score: -141.0
std_score: 19.394750595092773
percentiles: 2%=-179.0, 5%=-160.0, 10%=-157.10000610351562, 25%=-150.0, 50%=-141.0, 75%=-129.0, 90%=-121.9000015258789, 95%=-119.85001373291016, 98%=-98.93998718261719
ranking_best_algo: CMApara
ranking_best_score: 154.28
ranking_my_rank: 315/504 (37.7%)
ranking_my_percent: 37.698412698412696
