ConfigName: kjsd__advperagentrankweighted__M5__L24__eps0p02__g0p0005__ds0p05__dm0p05
Problem: NK
Kernel: jsd
Advantage: peragentrankweighted
M: 5
lambda: 24
epsilon_svgd: 0.02
gamma: 0.0005
decay_start_ratio: 0.05
decay_min_factor: 0.05
bandwith_kernel: None
no_interact: False
avg_score: 0.7573094964027405
median_score: 0.757614254951477
std_score: 0.011760606430470943
percentiles: 2%=0.7364471554756165, 5%=0.7375278472900391, 10%=0.742577850818634, 25%=0.7481763958930969, 50%=0.757614254951477, 75%=0.7663664817810059, 90%=0.772458016872406, 95%=0.775763750076294, 98%=0.7781144976615906
ranking_best_algo: Tabu
ranking_best_score: 0.7470791764843752
ranking_my_rank: 1/504 (100.0%)
ranking_my_percent: 100.0
