ConfigName: kjsd__advperagentrankweighted__M3__L24__eps0p007__g0p001__ds0p1__dm0p2
Problem: NK
Kernel: jsd
Advantage: peragentrankweighted
M: 3
lambda: 24
epsilon_svgd: 0.007
gamma: 0.001
decay_start_ratio: 0.1
decay_min_factor: 0.2
bandwith_kernel: None
no_interact: False
avg_score: 0.7580009698867798
median_score: 0.7581110596656799
std_score: 0.012442848645150661
percentiles: 2%=0.7350481748580933, 5%=0.7370705604553223, 10%=0.7412790060043335, 25%=0.7499297857284546, 50%=0.7581110596656799, 75%=0.766669511795044, 90%=0.7734769582748413, 95%=0.778346836566925, 98%=0.782131016254425
ranking_best_algo: Tabu
ranking_best_score: 0.7470791764843752
ranking_my_rank: 1/504 (100.0%)
ranking_my_percent: 100.0
