ConfigName: krbf__advnormalizedfitness__M4__L10__eps0p025__g0p01__ds0p15__dm0p01
Problem: NK
Kernel: rbf
Advantage: normalizedfitness
M: 4
lambda: 10
epsilon_svgd: 0.025
gamma: 0.01
decay_start_ratio: 0.15
decay_min_factor: 0.01
bandwith_kernel: None
no_interact: False
avg_score: 0.6712218523025513
median_score: 0.6692280769348145
std_score: 0.019379321485757828
percentiles: 2%=0.6403779983520508, 5%=0.6440513134002686, 10%=0.6476173996925354, 25%=0.656652569770813, 50%=0.6692280769348145, 75%=0.6826727390289307, 90%=0.6990634202957153, 95%=0.703850507736206, 98%=0.7157915830612183
ranking_best_algo: Tabu
ranking_best_score: 0.7429702712499999
ranking_my_rank: 311/504 (38.5%)
ranking_my_percent: 38.492063492063494
