ConfigName: kjsd__advperagentrankweighted__M3__L20__eps0p005__g0p0007__ds0p1__dm0p05
Problem: QUBO
Kernel: jsd
Advantage: peragentrankweighted
M: 3
lambda: 20
epsilon_svgd: 0.005
gamma: 0.0007
decay_start_ratio: 0.1
decay_min_factor: 0.05
bandwith_kernel: None
no_interact: False
avg_score: -199.0
median_score: -199.0
std_score: 13.03840446472168
percentiles: 2%=-224.0, 5%=-221.0500030517578, 10%=-219.0, 25%=-207.0, 50%=-199.0, 75%=-190.0, 90%=-181.89999389648438, 95%=-178.89999389648438, 98%=-176.0
ranking_best_algo: Tabu
ranking_best_score: 208.36000000000004
ranking_my_rank: 88/504 (82.7%)
ranking_my_percent: 82.73809523809524
