ConfigName: krbf__advnormalizedfitness__M4__L12__eps0p033__g0p005__ds0p3__dm0p01
Problem: QUBO
Kernel: rbf
Advantage: normalizedfitness
M: 4
lambda: 12
epsilon_svgd: 0.033
gamma: 0.005
decay_start_ratio: 0.3
decay_min_factor: 0.01
bandwith_kernel: None
no_interact: False
avg_score: -310.0400085449219
median_score: -306.0
std_score: 36.39118576049805
percentiles: 2%=-392.0400085449219, 5%=-382.20001220703125, 10%=-360.79998779296875, 25%=-332.0, 50%=-306.0, 75%=-278.5, 90%=-269.79998779296875, 95%=-264.8500061035156, 98%=-258.89996337890625
ranking_best_algo: CMApara
ranking_best_score: 319.29999999999995
ranking_my_rank: 65/504 (87.3%)
ranking_my_percent: 87.3015873015873
