ConfigName: krbf__advnormalizedfitness__M3__L12__eps0p033__g0p015__ds0p3__dm0p3
Problem: QUBO
Kernel: rbf
Advantage: normalizedfitness
M: 3
lambda: 12
epsilon_svgd: 0.033
gamma: 0.015
decay_start_ratio: 0.3
decay_min_factor: 0.3
bandwith_kernel: None
no_interact: False
avg_score: -410.6400146484375
median_score: -410.0
std_score: 22.604211807250977
percentiles: 2%=-469.1199951171875, 5%=-448.04998779296875, 10%=-435.20001220703125, 25%=-424.25, 50%=-410.0, 75%=-396.75, 90%=-384.0, 95%=-371.9000244140625, 98%=-363.91998291015625
ranking_best_algo: Tabu
ranking_best_score: 438.12
ranking_my_rank: 86/504 (83.1%)
ranking_my_percent: 83.13492063492063
