ConfigName: kjsd__advperagentrankweighted__M6__L10__eps0p02__g0p0005__ds0p2__dm0p05
Problem: NK
Kernel: jsd
Advantage: peragentrankweighted
M: 6
lambda: 10
epsilon_svgd: 0.02
gamma: 0.0005
decay_start_ratio: 0.2
decay_min_factor: 0.05
bandwith_kernel: None
no_interact: False
avg_score: 0.7508391737937927
median_score: 0.7506554126739502
std_score: 0.012324938550591469
percentiles: 2%=0.727838933467865, 5%=0.7313869595527649, 10%=0.7339594960212708, 25%=0.7419859766960144, 50%=0.7506554126739502, 75%=0.7596521377563477, 90%=0.7673299908638, 95%=0.7696475982666016, 98%=0.7736049294471741
ranking_best_algo: Tabu
ranking_best_score: 0.7470791764843752
ranking_my_rank: 1/504 (100.0%)
ranking_my_percent: 100.0
