ConfigName: kjsd__advperagentrankweighted__M5__L24__eps0p03__g0p0003__ds0p05__dm0p05
Problem: NK
Kernel: jsd
Advantage: peragentrankweighted
M: 5
lambda: 24
epsilon_svgd: 0.03
gamma: 0.0003
decay_start_ratio: 0.05
decay_min_factor: 0.05
bandwith_kernel: None
no_interact: False
avg_score: 0.7085478901863098
median_score: 0.7099291086196899
std_score: 0.015517371706664562
percentiles: 2%=0.6674384474754333, 5%=0.6705877184867859, 10%=0.6944831013679504, 25%=0.7055864334106445, 50%=0.7099291086196899, 75%=0.7171618938446045, 90%=0.7251951098442078, 95%=0.7322465181350708, 98%=0.7332298755645752
ranking_best_algo: CMApara
ranking_best_score: 0.707475975
ranking_my_rank: 1/504 (100.0%)
ranking_my_percent: 100.0
