ConfigName: kfr__advglobalrankweighted__M4__L10__eps0p01__g0p007__ds0p01__dm0p01
Problem: QUBO
Kernel: fr
Advantage: globalrankweighted
M: 4
lambda: 10
epsilon_svgd: 0.01
gamma: 0.007
decay_start_ratio: 0.01
decay_min_factor: 0.01
bandwith_kernel: None
no_interact: False
avg_score: -434.8599853515625
median_score: -439.0
std_score: 27.233442306518555
percentiles: 2%=-485.0799865722656, 5%=-471.1000061035156, 10%=-466.20001220703125, 25%=-457.25, 50%=-439.0, 75%=-413.0, 90%=-397.3999938964844, 95%=-388.95001220703125, 98%=-380.94000244140625
ranking_best_algo: CMApara
ranking_best_score: 453.82
ranking_my_rank: 38/504 (92.7%)
ranking_my_percent: 92.65873015873017
