ConfigName: kfr__advglobalrankweighted__M5__L8__eps0p01__g0p005__ds0p01__dm0p01
Problem: QUBO
Kernel: fr
Advantage: globalrankweighted
M: 5
lambda: 8
epsilon_svgd: 0.01
gamma: 0.005
decay_start_ratio: 0.01
decay_min_factor: 0.01
bandwith_kernel: None
no_interact: False
avg_score: -879.7000122070312
median_score: -873.0
std_score: 68.31903076171875
percentiles: 2%=-1029.02001953125, 5%=-1008.4000244140625, 10%=-961.0999755859375, 25%=-928.25, 50%=-873.0, 75%=-833.5, 90%=-795.2999877929688, 95%=-778.800048828125, 98%=-760.659912109375
ranking_best_algo: CMAL3
ranking_best_score: 928.5800000000002
ranking_my_rank: 120/504 (76.4%)
ranking_my_percent: 76.38888888888889
