ConfigName: kjsd__advperagentrankweighted__M3__L16__eps0p007__g0p0007__ds0p2__dm0p1
Problem: QUBO
Kernel: jsd
Advantage: peragentrankweighted
M: 3
lambda: 16
epsilon_svgd: 0.007
gamma: 0.0007
decay_start_ratio: 0.2
decay_min_factor: 0.1
bandwith_kernel: None
no_interact: False
avg_score: -1247.47998046875
median_score: -1238.5
std_score: 65.1983871459961
percentiles: 2%=-1388.0799560546875, 5%=-1368.25, 10%=-1340.0999755859375, 25%=-1290.5, 50%=-1238.5, 75%=-1197.0, 90%=-1170.4000244140625, 95%=-1150.9000244140625, 98%=-1130.8199462890625
ranking_best_algo: SVMMetaModelLogNormal
ranking_best_score: 1233.7999999999997
ranking_my_rank: 1/504 (100.0%)
ranking_my_percent: 100.0
