ConfigName: krbf__advnormalizedfitness__M3__L8__eps0p02__g0p01__ds0p15__dm0p05
Problem: NK
Kernel: rbf
Advantage: normalizedfitness
M: 3
lambda: 8
epsilon_svgd: 0.02
gamma: 0.01
decay_start_ratio: 0.15
decay_min_factor: 0.05
bandwith_kernel: None
no_interact: False
avg_score: 0.6619704365730286
median_score: 0.6602139472961426
std_score: 0.02232767827808857
percentiles: 2%=0.6264170408248901, 5%=0.6286353468894958, 10%=0.6373372673988342, 25%=0.6453325152397156, 50%=0.6602139472961426, 75%=0.6762917041778564, 90%=0.6895238161087036, 95%=0.7006673216819763, 98%=0.7157719731330872
ranking_best_algo: PBIL
ranking_best_score: 0.7170882103515624
ranking_my_rank: 212/504 (58.1%)
ranking_my_percent: 58.13492063492063
