ConfigName: kjsd__advperagentrankweighted__M8__L24__eps0p008__g0p0005__ds0p3__dm0p05
Problem: NK
Kernel: jsd
Advantage: peragentrankweighted
M: 8
lambda: 24
epsilon_svgd: 0.008
gamma: 0.0005
decay_start_ratio: 0.3
decay_min_factor: 0.05
bandwith_kernel: None
no_interact: False
avg_score: 0.7100790143013
median_score: 0.7109902501106262
std_score: 0.015619901940226555
percentiles: 2%=0.6687920093536377, 5%=0.6712297201156616, 10%=0.6971708536148071, 25%=0.7070314288139343, 50%=0.7109902501106262, 75%=0.720214307308197, 90%=0.7253552675247192, 95%=0.7308436632156372, 98%=0.7328220009803772
ranking_best_algo: CMApara
ranking_best_score: 0.707475975
ranking_my_rank: 1/504 (100.0%)
ranking_my_percent: 100.0
