ConfigName: kfr__advglobalrankweighted__M2__L11__eps0p01__g0p003__ds0p01__dm0p01
Problem: QUBO
Kernel: fr
Advantage: globalrankweighted
M: 2
lambda: 11
epsilon_svgd: 0.01
gamma: 0.003
decay_start_ratio: 0.01
decay_min_factor: 0.01
bandwith_kernel: None
no_interact: False
avg_score: -1300.4200439453125
median_score: -1300.0
std_score: 59.31377410888672
percentiles: 2%=-1427.0799560546875, 5%=-1393.300048828125, 10%=-1376.4000244140625, 25%=-1334.5, 50%=-1300.0, 75%=-1264.0, 90%=-1222.5999755859375, 95%=-1201.0, 98%=-1184.7799072265625
ranking_best_algo: BigLognormalDiscreteOnePlusOne
ranking_best_score: 1301.3600000000004
ranking_my_rank: 2/504 (99.8%)
ranking_my_percent: 99.8015873015873
