ConfigName: krbf__advnormalizedfitness__M3__L12__eps0p015__g0p005__ds0p15__dm0p3
Problem: QUBO
Kernel: rbf
Advantage: normalizedfitness
M: 3
lambda: 12
epsilon_svgd: 0.015
gamma: 0.005
decay_start_ratio: 0.15
decay_min_factor: 0.3
bandwith_kernel: None
no_interact: False
avg_score: -201.77999877929688
median_score: -201.0
std_score: 13.417585372924805
percentiles: 2%=-224.0, 5%=-224.0, 10%=-222.0, 25%=-211.0, 50%=-201.0, 75%=-193.75, 90%=-184.89999389648438, 95%=-178.95001220703125, 98%=-174.0
ranking_best_algo: Tabu
ranking_best_score: 208.36000000000004
ranking_my_rank: 39/504 (92.5%)
ranking_my_percent: 92.46031746031746
