ConfigName: krbf__advnormalizedfitness__M4__L10__eps0p01__g0p001__ds0p05__dm0p05
Problem: QUBO
Kernel: rbf
Advantage: normalizedfitness
M: 4
lambda: 10
epsilon_svgd: 0.01
gamma: 0.001
decay_start_ratio: 0.05
decay_min_factor: 0.05
bandwith_kernel: None
no_interact: False
avg_score: -148.83999633789062
median_score: -149.0
std_score: 13.759882926940918
percentiles: 2%=-179.0, 5%=-179.0, 10%=-164.0, 25%=-157.25, 50%=-149.0, 75%=-141.0, 90%=-132.8000030517578, 95%=-124.94999694824219, 98%=-121.95999908447266
ranking_best_algo: CMApara
ranking_best_score: 154.28
ranking_my_rank: 82/504 (83.9%)
ranking_my_percent: 83.92857142857143
