ConfigName: krbf__advnormalizedfitness__M3__L10__eps0p025__g0p005__ds0p05__dm0p05
Problem: NK
Kernel: rbf
Advantage: normalizedfitness
M: 3
lambda: 10
epsilon_svgd: 0.025
gamma: 0.005
decay_start_ratio: 0.05
decay_min_factor: 0.05
bandwith_kernel: None
no_interact: False
avg_score: 0.7559462189674377
median_score: 0.7558828592300415
std_score: 0.010863278061151505
percentiles: 2%=0.7330333590507507, 5%=0.7380858659744263, 10%=0.7433849573135376, 25%=0.7494568228721619, 50%=0.7558828592300415, 75%=0.7631400227546692, 90%=0.7697036862373352, 95%=0.7751120924949646, 98%=0.7769871354103088
ranking_best_algo: Tabu
ranking_best_score: 0.7470791764843752
ranking_my_rank: 1/504 (100.0%)
ranking_my_percent: 100.0
