ConfigName: kjsd__advperagentrankweighted__M8__L10__eps0p005__g0p0005__ds0p3__dm0p05
Problem: QUBO
Kernel: jsd
Advantage: peragentrankweighted
M: 8
lambda: 10
epsilon_svgd: 0.005
gamma: 0.0005
decay_start_ratio: 0.3
decay_min_factor: 0.05
bandwith_kernel: None
no_interact: False
avg_score: -151.9600067138672
median_score: -154.0
std_score: 11.405192375183105
percentiles: 2%=-179.0, 5%=-179.0, 10%=-164.0, 25%=-158.0, 50%=-154.0, 75%=-142.5, 90%=-140.0, 95%=-135.9499969482422, 98%=-132.9600067138672
ranking_best_algo: CMApara
ranking_best_score: 154.28
ranking_my_rank: 59/504 (88.5%)
ranking_my_percent: 88.4920634920635
