ConfigName: krbf__advnormalizedfitness__M4__L8__eps0p025__g0p007__ds0p3__dm0p3
Problem: QUBO
Kernel: rbf
Advantage: normalizedfitness
M: 4
lambda: 8
epsilon_svgd: 0.025
gamma: 0.007
decay_start_ratio: 0.3
decay_min_factor: 0.3
bandwith_kernel: None
no_interact: False
avg_score: -141.0
median_score: -141.0
std_score: 10.535654067993164
percentiles: 2%=-159.02000427246094, 5%=-158.0500030517578, 10%=-157.0, 25%=-147.0, 50%=-141.0, 75%=-131.75, 90%=-129.0, 95%=-125.0, 98%=-122.91998291015625
ranking_best_algo: DiscreteDE
ranking_best_score: 143.4
ranking_my_rank: 74/504 (85.5%)
ranking_my_percent: 85.51587301587301
