ConfigName: krbf__advnormalizedfitness__M3__L10__eps0p03__g0p01__ds0p15__dm0p05
Problem: QUBO
Kernel: rbf
Advantage: normalizedfitness
M: 3
lambda: 10
epsilon_svgd: 0.03
gamma: 0.01
decay_start_ratio: 0.15
decay_min_factor: 0.05
bandwith_kernel: None
no_interact: False
avg_score: -2545.0
median_score: -2528.0
std_score: 149.57968139648438
percentiles: 2%=-2845.320068359375, 5%=-2803.60009765625, 10%=-2750.0, 25%=-2661.75, 50%=-2528.0, 75%=-2450.75, 90%=-2346.800048828125, 95%=-2309.699951171875, 98%=-2265.699951171875
ranking_best_algo: DiscreteLengler2OnePlusOne
ranking_best_score: 2617.04
ranking_my_rank: 56/504 (89.1%)
ranking_my_percent: 89.08730158730158
