ConfigName: krbf__advnormalizedfitness__M4__L10__eps0p025__g0p007__ds0p01__dm0p01
Problem: QUBO
Kernel: rbf
Advantage: normalizedfitness
M: 4
lambda: 10
epsilon_svgd: 0.025
gamma: 0.007
decay_start_ratio: 0.01
decay_min_factor: 0.01
bandwith_kernel: None
no_interact: False
avg_score: -310.82000732421875
median_score: -314.0
std_score: 35.76097869873047
percentiles: 2%=-392.0799865722656, 5%=-376.5, 10%=-355.1999816894531, 25%=-330.0, 50%=-314.0, 75%=-277.0, 90%=-268.0, 95%=-263.9000244140625, 98%=-250.0
ranking_best_algo: CMApara
ranking_best_score: 319.29999999999995
ranking_my_rank: 40/504 (92.3%)
ranking_my_percent: 92.26190476190476
