ConfigName: krbf__advnormalizedfitness__M4__L15__eps0p033__g0p007__ds0p3__dm0p3
Problem: QUBO
Kernel: rbf
Advantage: normalizedfitness
M: 4
lambda: 15
epsilon_svgd: 0.033
gamma: 0.007
decay_start_ratio: 0.3
decay_min_factor: 0.3
bandwith_kernel: None
no_interact: False
avg_score: -413.67999267578125
median_score: -412.0
std_score: 25.696256637573242
percentiles: 2%=-473.0799865722656, 5%=-457.20001220703125, 10%=-450.20001220703125, 25%=-429.25, 50%=-412.0, 75%=-392.0, 90%=-382.8999938964844, 95%=-376.0, 98%=-367.91998291015625
ranking_best_algo: Tabu
ranking_best_score: 438.12
ranking_my_rank: 58/504 (88.7%)
ranking_my_percent: 88.69047619047619
