ConfigName: krbf__advnormalizedfitness__M2__L10__eps0p015__g0p01__ds0p01__dm0p3
Problem: QUBO
Kernel: rbf
Advantage: normalizedfitness
M: 2
lambda: 10
epsilon_svgd: 0.015
gamma: 0.01
decay_start_ratio: 0.01
decay_min_factor: 0.3
bandwith_kernel: None
no_interact: False
avg_score: -1551.719970703125
median_score: -1556.5
std_score: 76.84752655029297
percentiles: 2%=-1683.300048828125, 5%=-1673.25, 10%=-1651.4000244140625, 25%=-1614.25, 50%=-1556.5, 75%=-1485.25, 90%=-1446.800048828125, 95%=-1426.8499755859375, 98%=-1422.800048828125
ranking_best_algo: NLOPT_LN_PRAXIS
ranking_best_score: 1607.12
ranking_my_rank: 51/504 (90.1%)
ranking_my_percent: 90.07936507936508
