ConfigName: kjsd__advperagentrankweighted__M3__L16__eps0p005__g0p0005__ds0p2__dm0p05
Problem: QUBO
Kernel: jsd
Advantage: peragentrankweighted
M: 3
lambda: 16
epsilon_svgd: 0.005
gamma: 0.0005
decay_start_ratio: 0.2
decay_min_factor: 0.05
bandwith_kernel: None
no_interact: False
avg_score: -1309.739990234375
median_score: -1308.5
std_score: 53.724788665771484
percentiles: 2%=-1427.02001953125, 5%=-1401.4000244140625, 10%=-1382.5, 25%=-1338.75, 50%=-1308.5, 75%=-1274.75, 90%=-1248.5999755859375, 95%=-1222.5999755859375, 98%=-1212.5999755859375
ranking_best_algo: BigLognormalDiscreteOnePlusOne
ranking_best_score: 1301.3600000000004
ranking_my_rank: 1/504 (100.0%)
ranking_my_percent: 100.0
