ConfigName: krbf__advnormalizedfitness__M3__L15__eps0p025__g0p005__ds0p15__dm0p01
Problem: QUBO
Kernel: rbf
Advantage: normalizedfitness
M: 3
lambda: 15
epsilon_svgd: 0.025
gamma: 0.005
decay_start_ratio: 0.15
decay_min_factor: 0.01
bandwith_kernel: None
no_interact: False
avg_score: -906.5999755859375
median_score: -903.0
std_score: 63.15298843383789
percentiles: 2%=-1048.0799560546875, 5%=-1018.2000122070312, 10%=-999.5999755859375, 25%=-949.0, 50%=-903.0, 75%=-858.0, 90%=-825.9000244140625, 95%=-817.9500122070312, 98%=-796.0
ranking_best_algo: CMAL3
ranking_best_score: 928.5800000000002
ranking_my_rank: 60/504 (88.3%)
ranking_my_percent: 88.2936507936508
