ConfigName: kjsd__advperagentrankweighted__M3__L16__eps0p005__g0p003__ds0p2__dm0p1
Problem: QUBO
Kernel: jsd
Advantage: peragentrankweighted
M: 3
lambda: 16
epsilon_svgd: 0.005
gamma: 0.003
decay_start_ratio: 0.2
decay_min_factor: 0.1
bandwith_kernel: None
no_interact: False
avg_score: -200.0399932861328
median_score: -200.5
std_score: 12.76551628112793
percentiles: 2%=-224.0, 5%=-222.0, 10%=-219.0, 25%=-208.25, 50%=-200.5, 75%=-189.75, 90%=-182.0, 95%=-180.0, 98%=-177.0
ranking_best_algo: Tabu
ranking_best_score: 208.36000000000004
ranking_my_rank: 54/504 (89.5%)
ranking_my_percent: 89.48412698412699
