ConfigName: kjsd__advperagentrankweighted__M2__L20__eps0p005__g0p0005__ds0p1__dm0p2
Problem: QUBO
Kernel: jsd
Advantage: peragentrankweighted
M: 2
lambda: 20
epsilon_svgd: 0.005
gamma: 0.0005
decay_start_ratio: 0.1
decay_min_factor: 0.2
bandwith_kernel: None
no_interact: False
avg_score: -1236.1400146484375
median_score: -1230.0
std_score: 64.19657135009766
percentiles: 2%=-1368.199951171875, 5%=-1337.050048828125, 10%=-1320.5, 25%=-1289.5, 50%=-1230.0, 75%=-1190.5, 90%=-1160.4000244140625, 95%=-1138.5999755859375, 98%=-1125.780029296875
ranking_best_algo: SVMMetaModelLogNormal
ranking_best_score: 1233.7999999999997
ranking_my_rank: 1/504 (100.0%)
ranking_my_percent: 100.0
