ConfigName: kjsd__advperagentrankweighted__M4__L24__eps0p005__g0p0005__ds0p2__dm0p05
Problem: QUBO
Kernel: jsd
Advantage: peragentrankweighted
M: 4
lambda: 24
epsilon_svgd: 0.005
gamma: 0.0005
decay_start_ratio: 0.2
decay_min_factor: 0.05
bandwith_kernel: None
no_interact: False
avg_score: -3251.760009765625
median_score: -3248.0
std_score: 122.07269287109375
percentiles: 2%=-3502.52001953125, 5%=-3454.199951171875, 10%=-3419.5, 25%=-3314.0, 50%=-3248.0, 75%=-3161.5, 90%=-3104.300048828125, 95%=-3053.300048828125, 98%=-3023.97998046875
ranking_best_algo: RLSOnePlusOne
ranking_best_score: 3316.5199999999995
ranking_my_rank: 40/504 (92.3%)
ranking_my_percent: 92.26190476190476
