ConfigName: krbf__advnormalizedfitness__M4__L8__eps0p033__g0p015__ds0p3__dm0p01
Problem: QUBO
Kernel: rbf
Advantage: normalizedfitness
M: 4
lambda: 8
epsilon_svgd: 0.033
gamma: 0.015
decay_start_ratio: 0.3
decay_min_factor: 0.01
bandwith_kernel: None
no_interact: False
avg_score: -918.6199951171875
median_score: -919.0
std_score: 77.11339569091797
percentiles: 2%=-1070.0400390625, 5%=-1045.4000244140625, 10%=-1023.9000244140625, 25%=-977.5, 50%=-919.0, 75%=-866.75, 90%=-830.7999877929688, 95%=-790.5000610351562, 98%=-765.8999633789062
ranking_best_algo: CMApara
ranking_best_score: 964.9
ranking_my_rank: 64/504 (87.5%)
ranking_my_percent: 87.5
