ConfigName: kjsd__advperagentrankweighted__M6__L12__eps0p005__g0p0005__ds0p3__dm0p05
Problem: QUBO
Kernel: jsd
Advantage: peragentrankweighted
M: 6
lambda: 12
epsilon_svgd: 0.005
gamma: 0.0005
decay_start_ratio: 0.3
decay_min_factor: 0.05
bandwith_kernel: None
no_interact: False
avg_score: -3222.93994140625
median_score: -3212.5
std_score: 145.9095458984375
percentiles: 2%=-3542.1201171875, 5%=-3498.0, 10%=-3407.5, 25%=-3310.25, 50%=-3212.5, 75%=-3133.75, 90%=-3058.5, 95%=-2956.050048828125, 98%=-2925.780029296875
ranking_best_algo: RLSOnePlusOne
ranking_best_score: 3316.5199999999995
ranking_my_rank: 43/504 (91.7%)
ranking_my_percent: 91.66666666666667
