ConfigName: krbf__advnormalizedfitness__M4__L10__eps0p033__g0p01__ds0p15__dm0p01
Problem: QUBO
Kernel: rbf
Advantage: normalizedfitness
M: 4
lambda: 10
epsilon_svgd: 0.033
gamma: 0.01
decay_start_ratio: 0.15
decay_min_factor: 0.01
bandwith_kernel: None
no_interact: False
avg_score: -439.6600036621094
median_score: -440.0
std_score: 27.56382179260254
percentiles: 2%=-489.05999755859375, 5%=-481.1000061035156, 10%=-472.29998779296875, 25%=-462.0, 50%=-440.0, 75%=-420.75, 90%=-403.8999938964844, 95%=-395.8000183105469, 98%=-388.0
ranking_best_algo: CMApara
ranking_best_score: 453.82
ranking_my_rank: 17/504 (96.8%)
ranking_my_percent: 96.82539682539682
