ConfigName: kjsd__advperagentrankweighted__M3__L18__eps0p007__g0p0007__ds0p1__dm0p05
Problem: QUBO
Kernel: jsd
Advantage: peragentrankweighted
M: 3
lambda: 18
epsilon_svgd: 0.007
gamma: 0.0007
decay_start_ratio: 0.1
decay_min_factor: 0.05
bandwith_kernel: None
no_interact: False
avg_score: -1626.1199951171875
median_score: -1626.5
std_score: 61.40102005004883
percentiles: 2%=-1747.0, 5%=-1724.0999755859375, 10%=-1706.4000244140625, 25%=-1670.5, 50%=-1626.5, 75%=-1579.0, 90%=-1552.0, 95%=-1532.9000244140625, 98%=-1506.9200439453125
ranking_best_algo: NLOPT_LN_PRAXIS
ranking_best_score: 1607.12
ranking_my_rank: 1/504 (100.0%)
ranking_my_percent: 100.0
