ConfigName: kjsd__advperagentrankweighted__M5__L10__eps0p005__g0p0005__ds0p3__dm0p05
Problem: NK
Kernel: jsd
Advantage: peragentrankweighted
M: 5
lambda: 10
epsilon_svgd: 0.005
gamma: 0.0005
decay_start_ratio: 0.3
decay_min_factor: 0.05
bandwith_kernel: None
no_interact: False
avg_score: 0.7378377318382263
median_score: 0.7388448119163513
std_score: 0.009428356774151325
percentiles: 2%=0.7193355560302734, 5%=0.721005380153656, 10%=0.7233232259750366, 25%=0.7319574356079102, 50%=0.7388448119163513, 75%=0.7446982264518738, 90%=0.7488695979118347, 95%=0.7521659731864929, 98%=0.7547988295555115
ranking_best_algo: PBIL
ranking_best_score: 0.730509098125
ranking_my_rank: 1/504 (100.0%)
ranking_my_percent: 100.0
