ConfigName: krbf__advnormalizedfitness__M3__L12__eps0p033__g0p015__ds0p01__dm0p3
Problem: QUBO
Kernel: rbf
Advantage: normalizedfitness
M: 3
lambda: 12
epsilon_svgd: 0.033
gamma: 0.015
decay_start_ratio: 0.01
decay_min_factor: 0.3
bandwith_kernel: None
no_interact: False
avg_score: -1118.43994140625
median_score: -1121.5
std_score: 75.61552429199219
percentiles: 2%=-1298.8199462890625, 5%=-1237.0999755859375, 10%=-1201.5999755859375, 25%=-1166.25, 50%=-1121.5, 75%=-1062.75, 90%=-1029.0, 95%=-998.5000610351562, 98%=-974.8800048828125
ranking_best_algo: Tabu
ranking_best_score: 1216.16
ranking_my_rank: 171/504 (66.3%)
ranking_my_percent: 66.26984126984127
