ConfigName: kjsd__advperagentrankweighted__M5__L8__eps0p005__g0p003__ds0p05__dm0p05
Problem: QUBO
Kernel: jsd
Advantage: peragentrankweighted
M: 5
lambda: 8
epsilon_svgd: 0.005
gamma: 0.003
decay_start_ratio: 0.05
decay_min_factor: 0.05
bandwith_kernel: None
no_interact: False
avg_score: -2798.0400390625
median_score: -2804.5
std_score: 203.91351318359375
percentiles: 2%=-3198.1201171875, 5%=-3153.199951171875, 10%=-3095.199951171875, 25%=-2929.75, 50%=-2804.5, 75%=-2642.0, 90%=-2533.39990234375, 95%=-2481.89990234375, 98%=-2413.780029296875
ranking_best_algo: RLSOnePlusOne
ranking_best_score: 3316.5199999999995
ranking_my_rank: 175/504 (65.5%)
ranking_my_percent: 65.47619047619048
