ConfigName: kjsd__advperagentrankweighted__M5__L24__eps0p02__g0p0005__ds0p05__dm0p05
Problem: QUBO
Kernel: jsd
Advantage: peragentrankweighted
M: 5
lambda: 24
epsilon_svgd: 0.02
gamma: 0.0005
decay_start_ratio: 0.05
decay_min_factor: 0.05
bandwith_kernel: None
no_interact: False
avg_score: -148.1999969482422
median_score: -146.0
std_score: 11.292474746704102
percentiles: 2%=-179.0, 5%=-179.0, 10%=-158.60000610351562, 25%=-154.0, 50%=-146.0, 75%=-141.0, 90%=-136.0, 95%=-132.89999389648438, 98%=-127.9800033569336
ranking_best_algo: CMApara
ranking_best_score: 154.28
ranking_my_rank: 85/504 (83.3%)
ranking_my_percent: 83.33333333333333
