ConfigName: kjsd__advperagentrankweighted__M3__L16__eps0p005__g0p0005__ds0p1__dm0p2
Problem: QUBO
Kernel: jsd
Advantage: peragentrankweighted
M: 3
lambda: 16
epsilon_svgd: 0.005
gamma: 0.0005
decay_start_ratio: 0.1
decay_min_factor: 0.2
bandwith_kernel: None
no_interact: False
avg_score: -438.739990234375
median_score: -438.0
std_score: 27.663917541503906
percentiles: 2%=-489.05999755859375, 5%=-485.1000061035156, 10%=-472.1000061035156, 25%=-460.5, 50%=-438.0, 75%=-419.25, 90%=-403.8999938964844, 95%=-390.95001220703125, 98%=-388.82000732421875
ranking_best_algo: CMApara
ranking_best_score: 453.82
ranking_my_rank: 19/504 (96.4%)
ranking_my_percent: 96.42857142857143
