ConfigName: kjsd__advperagentrankweighted__M3__L24__eps0p007__g0p001__ds0p05__dm0p1
Problem: QUBO
Kernel: jsd
Advantage: peragentrankweighted
M: 3
lambda: 24
epsilon_svgd: 0.007
gamma: 0.001
decay_start_ratio: 0.05
decay_min_factor: 0.1
bandwith_kernel: None
no_interact: False
avg_score: -1303.800048828125
median_score: -1303.0
std_score: 51.95170974731445
percentiles: 2%=-1405.47998046875, 5%=-1390.449951171875, 10%=-1372.300048828125, 25%=-1342.25, 50%=-1303.0, 75%=-1269.0, 90%=-1242.800048828125, 95%=-1234.300048828125, 98%=-1203.780029296875
ranking_best_algo: BigLognormalDiscreteOnePlusOne
ranking_best_score: 1301.3600000000004
ranking_my_rank: 1/504 (100.0%)
ranking_my_percent: 100.0
