ConfigName: kjsd__advperagentrankweighted__M4__L20__eps0p005__g0p001__ds0p2__dm0p1
Problem: QUBO
Kernel: jsd
Advantage: peragentrankweighted
M: 4
lambda: 20
epsilon_svgd: 0.005
gamma: 0.001
decay_start_ratio: 0.2
decay_min_factor: 0.1
bandwith_kernel: None
no_interact: False
avg_score: -140.27999877929688
median_score: -142.0
std_score: 11.24284553527832
percentiles: 2%=-159.0, 5%=-158.0, 10%=-157.10000610351562, 25%=-148.0, 50%=-142.0, 75%=-131.75, 90%=-125.0, 95%=-119.94999694824219, 98%=-119.0
ranking_best_algo: DiscreteDE
ranking_best_score: 143.4
ranking_my_rank: 78/504 (84.7%)
ranking_my_percent: 84.72222222222223
