ConfigName: krbf__advnormalizedfitness__M3__L10__eps0p033__g0p015__ds0p3__dm0p01
Problem: QUBO
Kernel: rbf
Advantage: normalizedfitness
M: 3
lambda: 10
epsilon_svgd: 0.033
gamma: 0.015
decay_start_ratio: 0.3
decay_min_factor: 0.01
bandwith_kernel: None
no_interact: False
avg_score: -1165.4200439453125
median_score: -1157.0
std_score: 73.30841064453125
percentiles: 2%=-1324.280029296875, 5%=-1305.0, 10%=-1256.199951171875, 25%=-1220.5, 50%=-1157.0, 75%=-1113.5, 90%=-1082.5999755859375, 95%=-1061.900146484375, 98%=-1024.8399658203125
ranking_best_algo: SVMMetaModelLogNormal
ranking_best_score: 1233.7999999999997
ranking_my_rank: 85/504 (83.3%)
ranking_my_percent: 83.33333333333333
