ConfigName: kjsd__advperagentrankweighted__M3__L16__eps0p005__g0p0005__ds0p1__dm0p05
Problem: QUBO
Kernel: jsd
Advantage: peragentrankweighted
M: 3
lambda: 16
epsilon_svgd: 0.005
gamma: 0.0005
decay_start_ratio: 0.1
decay_min_factor: 0.05
bandwith_kernel: None
no_interact: False
avg_score: -427.6400146484375
median_score: -427.0
std_score: 24.711746215820312
percentiles: 2%=-473.1600036621094, 5%=-467.20001220703125, 10%=-460.1000061035156, 25%=-443.75, 50%=-427.0, 75%=-413.75, 90%=-393.6000061035156, 95%=-379.0, 98%=-376.9599914550781
ranking_best_algo: CMAL3
ranking_best_score: 435.36
ranking_my_rank: 18/504 (96.6%)
ranking_my_percent: 96.62698412698413
