ConfigName: kjsd__advperagentrankweighted__M3__L20__eps0p007__g0p003__ds0p2__dm0p2
Problem: QUBO
Kernel: jsd
Advantage: peragentrankweighted
M: 3
lambda: 20
epsilon_svgd: 0.007
gamma: 0.003
decay_start_ratio: 0.2
decay_min_factor: 0.2
bandwith_kernel: None
no_interact: False
avg_score: -148.0399932861328
median_score: -146.0
std_score: 12.617384910583496
percentiles: 2%=-179.0, 5%=-179.0, 10%=-160.0, 25%=-155.0, 50%=-146.0, 75%=-141.0, 90%=-132.8000030517578, 95%=-129.0, 98%=-126.94000244140625
ranking_best_algo: CMApara
ranking_best_score: 154.28
ranking_my_rank: 86/504 (83.1%)
ranking_my_percent: 83.13492063492063
