ConfigName: krbf__advnormalizedfitness__M2__L11__eps0p02__g0p007__ds0p01__dm0p01
Problem: QUBO
Kernel: rbf
Advantage: normalizedfitness
M: 2
lambda: 11
epsilon_svgd: 0.02
gamma: 0.007
decay_start_ratio: 0.01
decay_min_factor: 0.01
bandwith_kernel: None
no_interact: False
avg_score: -439.1199951171875
median_score: -439.5
std_score: 27.55187225341797
percentiles: 2%=-492.1199951171875, 5%=-481.1000061035156, 10%=-472.1000061035156, 25%=-460.0, 50%=-439.5, 75%=-417.75, 90%=-403.0, 95%=-392.0, 98%=-387.6600036621094
ranking_best_algo: CMApara
ranking_best_score: 453.82
ranking_my_rank: 19/504 (96.4%)
ranking_my_percent: 96.42857142857143
