ConfigName: kjsd__advperagentrankweighted__M8__L8__eps0p005__g0p0005__ds0p05__dm0p2
Problem: QUBO
Kernel: jsd
Advantage: peragentrankweighted
M: 8
lambda: 8
epsilon_svgd: 0.005
gamma: 0.0005
decay_start_ratio: 0.05
decay_min_factor: 0.2
bandwith_kernel: None
no_interact: False
avg_score: -203.5800018310547
median_score: -203.0
std_score: 11.866911888122559
percentiles: 2%=-224.0, 5%=-222.10000610351562, 10%=-220.1999969482422, 25%=-213.0, 50%=-203.0, 75%=-196.75, 90%=-187.0, 95%=-184.9499969482422, 98%=-182.86000061035156
ranking_best_algo: Tabu
ranking_best_score: 208.36000000000004
ranking_my_rank: 19/504 (96.4%)
ranking_my_percent: 96.42857142857143
