ConfigName: kjsd__advperagentrankweighted__M4__L10__eps0p01__g0p0007__ds0p05__dm0p05
Problem: QUBO
Kernel: jsd
Advantage: peragentrankweighted
M: 4
lambda: 10
epsilon_svgd: 0.01
gamma: 0.0007
decay_start_ratio: 0.05
decay_min_factor: 0.05
bandwith_kernel: None
no_interact: False
avg_score: -1314.739990234375
median_score: -1311.0
std_score: 52.71387481689453
percentiles: 2%=-1446.02001953125, 5%=-1390.449951171875, 10%=-1379.0, 25%=-1349.75, 50%=-1311.0, 75%=-1277.75, 90%=-1253.9000244140625, 95%=-1238.800048828125, 98%=-1198.56005859375
ranking_best_algo: BigLognormalDiscreteOnePlusOne
ranking_best_score: 1301.3600000000004
ranking_my_rank: 1/504 (100.0%)
ranking_my_percent: 100.0
