ConfigName: krbf__advnormalizedfitness__M2__L6__eps0p01__g0p006__ds0p01__dm0p3
Problem: QUBO
Kernel: rbf
Advantage: normalizedfitness
M: 2
lambda: 6
epsilon_svgd: 0.01
gamma: 0.006
decay_start_ratio: 0.01
decay_min_factor: 0.3
bandwith_kernel: None
no_interact: False
avg_score: -2556.3798828125
median_score: -2567.0
std_score: 134.95057678222656
percentiles: 2%=-2854.280029296875, 5%=-2789.550048828125, 10%=-2727.5, 25%=-2621.0, 50%=-2567.0, 75%=-2465.75, 90%=-2376.60009765625, 95%=-2346.10009765625, 98%=-2287.159912109375
ranking_best_algo: SVM1MetaModelLogNormal
ranking_best_score: 2605.14
ranking_my_rank: 41/504 (92.1%)
ranking_my_percent: 92.06349206349206
