ConfigName: kjsd__advperagentrankweighted__M4__L10__eps0p01__g0p0005__ds0p2__dm0p05
Problem: QUBO
Kernel: jsd
Advantage: peragentrankweighted
M: 4
lambda: 10
epsilon_svgd: 0.01
gamma: 0.0005
decay_start_ratio: 0.2
decay_min_factor: 0.05
bandwith_kernel: None
no_interact: False
avg_score: -2642.320068359375
median_score: -2669.0
std_score: 124.6170883178711
percentiles: 2%=-2891.080078125, 5%=-2830.449951171875, 10%=-2797.5, 25%=-2731.0, 50%=-2669.0, 75%=-2549.0, 90%=-2486.39990234375, 95%=-2413.699951171875, 98%=-2395.9599609375
ranking_best_algo: DiscreteLengler2OnePlusOne
ranking_best_score: 2617.04
ranking_my_rank: 1/504 (100.0%)
ranking_my_percent: 100.0
