ConfigName: kjsd__advperagentrankweighted__M4__L20__eps0p005__g0p001__ds0p1__dm0p2
Problem: QUBO
Kernel: jsd
Advantage: peragentrankweighted
M: 4
lambda: 20
epsilon_svgd: 0.005
gamma: 0.001
decay_start_ratio: 0.1
decay_min_factor: 0.2
bandwith_kernel: None
no_interact: False
avg_score: -1117.0
median_score: -1113.5
std_score: 69.40850067138672
percentiles: 2%=-1262.3199462890625, 5%=-1219.0999755859375, 10%=-1203.0, 25%=-1160.0, 50%=-1113.5, 75%=-1075.0, 90%=-1019.9000244140625, 95%=-1004.9500122070312, 98%=-982.7999877929688
ranking_best_algo: SVMMetaModelLogNormal
ranking_best_score: 1233.7999999999997
ranking_my_rank: 111/504 (78.2%)
ranking_my_percent: 78.17460317460318
