ConfigName: krbf__advnormalizedfitness__M3__L10__eps0p033__g0p007__ds0p01__dm0p01
Problem: QUBO
Kernel: rbf
Advantage: normalizedfitness
M: 3
lambda: 10
epsilon_svgd: 0.033
gamma: 0.007
decay_start_ratio: 0.01
decay_min_factor: 0.01
bandwith_kernel: None
no_interact: False
avg_score: -1192.5799560546875
median_score: -1189.5
std_score: 56.22956085205078
percentiles: 2%=-1298.5799560546875, 5%=-1278.050048828125, 10%=-1267.4000244140625, 25%=-1230.5, 50%=-1189.5, 75%=-1159.75, 90%=-1113.0, 95%=-1099.8499755859375, 98%=-1093.760009765625
ranking_best_algo: Tabu
ranking_best_score: 1216.16
ranking_my_rank: 49/504 (90.5%)
ranking_my_percent: 90.47619047619048
