ConfigName: kjsd__advperagentrankweighted__M6__L8__eps0p02__g0p0005__ds0p2__dm0p05
Problem: QUBO
Kernel: jsd
Advantage: peragentrankweighted
M: 6
lambda: 8
epsilon_svgd: 0.02
gamma: 0.0005
decay_start_ratio: 0.2
decay_min_factor: 0.05
bandwith_kernel: None
no_interact: False
avg_score: -331.6199951171875
median_score: -335.0
std_score: 20.41410255432129
percentiles: 2%=-372.0, 5%=-372.0, 10%=-350.3999938964844, 25%=-343.0, 50%=-335.0, 75%=-320.0, 90%=-299.79998779296875, 95%=-294.8500061035156, 98%=-287.9200134277344
ranking_best_algo: CMApara
ranking_best_score: 344.22
ranking_my_rank: 76/504 (85.1%)
ranking_my_percent: 85.11904761904762
