ConfigName: kjsd__advperagentrankweighted__M3__L18__eps0p005__g0p001__ds0p05__dm0p1
Problem: QUBO
Kernel: jsd
Advantage: peragentrankweighted
M: 3
lambda: 18
epsilon_svgd: 0.005
gamma: 0.001
decay_start_ratio: 0.05
decay_min_factor: 0.1
bandwith_kernel: None
no_interact: False
avg_score: -2563.10009765625
median_score: -2533.5
std_score: 125.09689331054688
percentiles: 2%=-2820.080078125, 5%=-2797.050048828125, 10%=-2749.39990234375, 25%=-2637.0, 50%=-2533.5, 75%=-2487.75, 90%=-2411.89990234375, 95%=-2384.39990234375, 98%=-2345.159912109375
ranking_best_algo: SVM1MetaModelLogNormal
ranking_best_score: 2605.14
ranking_my_rank: 39/504 (92.5%)
ranking_my_percent: 92.46031746031746
