ConfigName: kjsd__advperagentrankweighted__M5__L12__eps0p03__g0p0003__ds0p05__dm0p05
Problem: NK
Kernel: jsd
Advantage: peragentrankweighted
M: 5
lambda: 12
epsilon_svgd: 0.03
gamma: 0.0003
decay_start_ratio: 0.05
decay_min_factor: 0.05
bandwith_kernel: None
no_interact: False
avg_score: 0.7098710536956787
median_score: 0.6985580325126648
std_score: 0.03174052760004997
percentiles: 2%=0.6731013655662537, 5%=0.6735753417015076, 10%=0.6753018498420715, 25%=0.6812106966972351, 50%=0.6985580325126648, 75%=0.7462631464004517, 90%=0.7534111738204956, 95%=0.7613165378570557, 98%=0.7613165378570557
ranking_best_algo: CMApara
ranking_best_score: 0.7118996098437498
ranking_my_rank: 44/504 (91.5%)
ranking_my_percent: 91.46825396825396
