ConfigName: krbf__advnormalizedfitness__M4__L12__eps0p033__g0p01__ds0p15__dm0p3
Problem: QUBO
Kernel: rbf
Advantage: normalizedfitness
M: 4
lambda: 12
epsilon_svgd: 0.033
gamma: 0.01
decay_start_ratio: 0.15
decay_min_factor: 0.3
bandwith_kernel: None
no_interact: False
avg_score: -2372.419921875
median_score: -2341.5
std_score: 276.6636657714844
percentiles: 2%=-3001.5400390625, 5%=-2837.050048828125, 10%=-2752.0, 25%=-2572.75, 50%=-2341.5, 75%=-2185.0, 90%=-2025.9000244140625, 95%=-1955.4501953125, 98%=-1891.9599609375
ranking_best_algo: RLSOnePlusOne
ranking_best_score: 3316.5199999999995
ranking_my_rank: 275/504 (45.6%)
ranking_my_percent: 45.63492063492063
