ConfigName: krbf__advnormalizedfitness__M3__L8__eps0p015__g0p007__ds0p3__dm0p01
Problem: NK
Kernel: rbf
Advantage: normalizedfitness
M: 3
lambda: 8
epsilon_svgd: 0.015
gamma: 0.007
decay_start_ratio: 0.3
decay_min_factor: 0.01
bandwith_kernel: None
no_interact: False
avg_score: 0.7441161870956421
median_score: 0.7423071265220642
std_score: 0.02868441864848137
percentiles: 2%=0.7010451555252075, 5%=0.7021010518074036, 10%=0.7089316844940186, 25%=0.723663866519928, 50%=0.7423071265220642, 75%=0.7598553895950317, 90%=0.778337299823761, 95%=0.8044298887252808, 98%=0.804578423500061
ranking_best_algo: CMApara
ranking_best_score: 0.7459277895312499
ranking_my_rank: 6/504 (99.0%)
ranking_my_percent: 99.0079365079365
