ConfigName: kjsd__advperagentrankweighted__M4__L8__eps0p005__g0p0003__ds0p2__dm0p05
Problem: QUBO
Kernel: jsd
Advantage: peragentrankweighted
M: 4
lambda: 8
epsilon_svgd: 0.005
gamma: 0.0003
decay_start_ratio: 0.2
decay_min_factor: 0.05
bandwith_kernel: None
no_interact: False
avg_score: -3296.860107421875
median_score: -3276.0
std_score: 118.29328155517578
percentiles: 2%=-3568.10009765625, 5%=-3504.35009765625, 10%=-3468.0, 25%=-3355.75, 50%=-3276.0, 75%=-3217.5, 90%=-3175.0, 95%=-3153.10009765625, 98%=-3087.639892578125
ranking_best_algo: RLSOnePlusOne
ranking_best_score: 3316.5199999999995
ranking_my_rank: 3/504 (99.6%)
ranking_my_percent: 99.60317460317461
