ConfigName: krbf__advnormalizedfitness__M3__L10__eps0p033__g0p007__ds0p15__dm0p01
Problem: QUBO
Kernel: rbf
Advantage: normalizedfitness
M: 3
lambda: 10
epsilon_svgd: 0.033
gamma: 0.007
decay_start_ratio: 0.15
decay_min_factor: 0.01
bandwith_kernel: None
no_interact: False
avg_score: -905.5599975585938
median_score: -902.0
std_score: 58.945621490478516
percentiles: 2%=-1013.1199951171875, 5%=-998.4500122070312, 10%=-985.4000244140625, 25%=-951.25, 50%=-902.0, 75%=-868.5, 90%=-821.9000244140625, 95%=-807.0, 98%=-802.7999267578125
ranking_best_algo: CMAL3
ranking_best_score: 928.5800000000002
ranking_my_rank: 62/504 (87.9%)
ranking_my_percent: 87.89682539682539
