ConfigName: kfr__advglobalrankweighted__M6__L11__eps0p01__g0p007__ds0p01__dm0p01
Problem: QUBO
Kernel: fr
Advantage: globalrankweighted
M: 6
lambda: 11
epsilon_svgd: 0.01
gamma: 0.007
decay_start_ratio: 0.01
decay_min_factor: 0.01
bandwith_kernel: None
no_interact: False
avg_score: -1846.4599609375
median_score: -1804.5
std_score: 172.15582275390625
percentiles: 2%=-2196.1201171875, 5%=-2167.25, 10%=-2094.89990234375, 25%=-1962.25, 50%=-1804.5, 75%=-1732.0, 90%=-1646.0, 95%=-1581.800048828125, 98%=-1557.8599853515625
ranking_best_algo: RLSOnePlusOne
ranking_best_score: 3316.5199999999995
ranking_my_rank: 324/504 (35.9%)
ranking_my_percent: 35.91269841269841
