ConfigName: kfr__advglobalrankweighted__M6__L10__eps0p015__g0p007__ds0p01__dm0p01
Problem: QUBO
Kernel: fr
Advantage: globalrankweighted
M: 6
lambda: 10
epsilon_svgd: 0.015
gamma: 0.007
decay_start_ratio: 0.01
decay_min_factor: 0.01
bandwith_kernel: None
no_interact: False
avg_score: -328.67999267578125
median_score: -332.0
std_score: 21.07267189025879
percentiles: 2%=-372.0, 5%=-361.0, 10%=-350.0, 25%=-343.0, 50%=-332.0, 75%=-317.5, 90%=-296.0, 95%=-291.60003662109375, 98%=-283.9599914550781
ranking_best_algo: CMApara
ranking_best_score: 344.22
ranking_my_rank: 83/504 (83.7%)
ranking_my_percent: 83.73015873015873
