ConfigName: kjsd__advperagentrankweighted__M3__L30__eps0p005__g0p0005__ds0p1__dm0p2
Problem: NK
Kernel: jsd
Advantage: peragentrankweighted
M: 3
lambda: 30
epsilon_svgd: 0.005
gamma: 0.0005
decay_start_ratio: 0.1
decay_min_factor: 0.2
bandwith_kernel: None
no_interact: False
avg_score: 0.7522464990615845
median_score: 0.7523710131645203
std_score: 0.013734542764723301
percentiles: 2%=0.723935604095459, 5%=0.7292944192886353, 10%=0.7339420318603516, 25%=0.7424603700637817, 50%=0.7523710131645203, 75%=0.7626112103462219, 90%=0.7681857943534851, 95%=0.7744534015655518, 98%=0.7774662971496582
ranking_best_algo: Tabu
ranking_best_score: 0.7657846284375001
ranking_my_rank: 13/504 (97.6%)
ranking_my_percent: 97.61904761904762
