ConfigName: krbf__advnormalizedfitness__M3__L8__eps0p033__g0p01__ds0p15__dm0p01
Problem: QUBO
Kernel: rbf
Advantage: normalizedfitness
M: 3
lambda: 8
epsilon_svgd: 0.033
gamma: 0.01
decay_start_ratio: 0.15
decay_min_factor: 0.01
bandwith_kernel: None
no_interact: False
avg_score: -577.8800048828125
median_score: -578.0
std_score: 31.782787322998047
percentiles: 2%=-637.1199951171875, 5%=-629.2000122070312, 10%=-617.2000122070312, 25%=-598.25, 50%=-578.0, 75%=-556.5, 90%=-540.7999877929688, 95%=-526.800048828125, 98%=-506.9599914550781
ranking_best_algo: Tabu
ranking_best_score: 588.7199999999999
ranking_my_rank: 42/503 (91.8%)
ranking_my_percent: 91.84890656063618
