ConfigName: krbf__advnormalizedfitness__M4__L10__eps0p015__g0p007__ds0p15__dm0p3
Problem: QUBO
Kernel: rbf
Advantage: normalizedfitness
M: 4
lambda: 10
epsilon_svgd: 0.015
gamma: 0.007
decay_start_ratio: 0.15
decay_min_factor: 0.3
bandwith_kernel: None
no_interact: False
avg_score: -150.86000061035156
median_score: -150.0
std_score: 12.87402057647705
percentiles: 2%=-179.0, 5%=-179.0, 10%=-164.3000030517578, 25%=-158.0, 50%=-150.0, 75%=-141.0, 90%=-136.0, 95%=-133.95001220703125, 98%=-125.97999572753906
ranking_best_algo: CMApara
ranking_best_score: 154.28
ranking_my_rank: 75/504 (85.3%)
ranking_my_percent: 85.31746031746032
