ConfigName: krbf__advnormalizedfitness__M2__L8__eps0p015__g0p015__ds0p15__dm0p3
Problem: QUBO
Kernel: rbf
Advantage: normalizedfitness
M: 2
lambda: 8
epsilon_svgd: 0.015
gamma: 0.015
decay_start_ratio: 0.15
decay_min_factor: 0.3
bandwith_kernel: None
no_interact: False
avg_score: -138.3800048828125
median_score: -141.0
std_score: 11.335590362548828
percentiles: 2%=-158.05999755859375, 5%=-158.0, 10%=-152.10000610351562, 25%=-146.0, 50%=-141.0, 75%=-129.75, 90%=-122.80000305175781, 95%=-119.94999694824219, 98%=-116.86000061035156
ranking_best_algo: DiscreteDE
ranking_best_score: 143.4
ranking_my_rank: 108/504 (78.8%)
ranking_my_percent: 78.76984126984127
