ConfigName: kjsd__advperagentrankweighted__M5__L10__eps0p01__g0p0007__ds0p05__dm0p05
Problem: QUBO
Kernel: jsd
Advantage: peragentrankweighted
M: 5
lambda: 10
epsilon_svgd: 0.01
gamma: 0.0007
decay_start_ratio: 0.05
decay_min_factor: 0.05
bandwith_kernel: None
no_interact: False
avg_score: -1200.3399658203125
median_score: -1194.0
std_score: 57.14353942871094
percentiles: 2%=-1325.1199951171875, 5%=-1311.0, 10%=-1274.199951171875, 25%=-1230.25, 50%=-1194.0, 75%=-1160.0, 90%=-1140.800048828125, 95%=-1105.949951171875, 98%=-1088.6400146484375
ranking_best_algo: Tabu
ranking_best_score: 1216.16
ranking_my_rank: 42/504 (91.9%)
ranking_my_percent: 91.86507936507937
