ConfigName: kjsd__advperagentrankweighted__M5__L8__eps0p005__g0p003__ds0p05__dm0p2
Problem: NK
Kernel: jsd
Advantage: peragentrankweighted
M: 5
lambda: 8
epsilon_svgd: 0.005
gamma: 0.003
decay_start_ratio: 0.05
decay_min_factor: 0.2
bandwith_kernel: None
no_interact: False
avg_score: 0.7281427979469299
median_score: 0.7256401777267456
std_score: 0.020645705983042717
percentiles: 2%=0.6944159865379333, 5%=0.6982268691062927, 10%=0.7017950415611267, 25%=0.7129029631614685, 50%=0.7256401777267456, 75%=0.7441104054450989, 90%=0.7558044195175171, 95%=0.7598567008972168, 98%=0.7666939496994019
ranking_best_algo: Tabu
ranking_best_score: 0.7470791764843752
ranking_my_rank: 92/504 (81.9%)
ranking_my_percent: 81.94444444444444
