ConfigName: kfr__advglobalrankweighted__M1__L9__eps0p01__g0p007__ds0p01__dm0p01
Problem: QUBO
Kernel: fr
Advantage: globalrankweighted
M: 1
lambda: 9
epsilon_svgd: 0.01
gamma: 0.007
decay_start_ratio: 0.01
decay_min_factor: 0.01
bandwith_kernel: None
no_interact: False
avg_score: -886.7000122070312
median_score: -885.0
std_score: 72.29806518554688
percentiles: 2%=-1039.0400390625, 5%=-1010.7000122070312, 10%=-979.0, 25%=-940.75, 50%=-885.0, 75%=-835.0, 90%=-792.2000122070312, 95%=-777.9000244140625, 98%=-771.679931640625
ranking_best_algo: CMAL3
ranking_best_score: 928.5800000000002
ranking_my_rank: 102/504 (80.0%)
ranking_my_percent: 79.96031746031746
