ConfigName: krbf__advnormalizedfitness__M1__L8__eps0p015__g0p007__ds0p3__dm0p3
Problem: NK
Kernel: rbf
Advantage: normalizedfitness
M: 1
lambda: 8
epsilon_svgd: 0.015
gamma: 0.007
decay_start_ratio: 0.3
decay_min_factor: 0.3
bandwith_kernel: None
no_interact: False
avg_score: 0.7270857095718384
median_score: 0.7261397838592529
std_score: 0.015508459880948067
percentiles: 2%=0.7020279169082642, 5%=0.7034692168235779, 10%=0.7070912718772888, 25%=0.7140398025512695, 50%=0.7261397838592529, 75%=0.7398765087127686, 90%=0.747356653213501, 95%=0.7506129741668701, 98%=0.756290853023529
ranking_best_algo: Tabu
ranking_best_score: 0.7601875690625
ranking_my_rank: 59/504 (88.5%)
ranking_my_percent: 88.4920634920635
