ConfigName: kfr__advglobalrankweighted__M6__L7__eps0p015__g0p003__ds0p01__dm0p01
Problem: QUBO
Kernel: fr
Advantage: globalrankweighted
M: 6
lambda: 7
epsilon_svgd: 0.015
gamma: 0.003
decay_start_ratio: 0.01
decay_min_factor: 0.01
bandwith_kernel: None
no_interact: False
avg_score: -929.9400024414062
median_score: -924.0
std_score: 67.63591003417969
percentiles: 2%=-1078.0, 5%=-1063.0999755859375, 10%=-1024.300048828125, 25%=-972.75, 50%=-924.0, 75%=-881.75, 90%=-852.9000244140625, 95%=-828.7000122070312, 98%=-810.7599487304688
ranking_best_algo: CMApara
ranking_best_score: 964.9
ranking_my_rank: 19/504 (96.4%)
ranking_my_percent: 96.42857142857143
