ConfigName: krbf__advnormalizedfitness__M4__L8__eps0p033__g0p005__ds0p15__dm0p3
Problem: QUBO
Kernel: rbf
Advantage: normalizedfitness
M: 4
lambda: 8
epsilon_svgd: 0.033
gamma: 0.005
decay_start_ratio: 0.15
decay_min_factor: 0.3
bandwith_kernel: None
no_interact: False
avg_score: -907.9000244140625
median_score: -902.5
std_score: 57.4906120300293
percentiles: 2%=-1025.02001953125, 5%=-1004.3499755859375, 10%=-985.0999755859375, 25%=-948.25, 50%=-902.5, 75%=-869.5, 90%=-828.7999877929688, 95%=-818.9500122070312, 98%=-810.9599609375
ranking_best_algo: CMAL3
ranking_best_score: 928.5800000000002
ranking_my_rank: 53/504 (89.7%)
ranking_my_percent: 89.68253968253968
