ConfigName: krbf__advnormalizedfitness__M3__L10__eps0p015__g0p01__ds0p01__dm0p3
Problem: QUBO
Kernel: rbf
Advantage: normalizedfitness
M: 3
lambda: 10
epsilon_svgd: 0.015
gamma: 0.01
decay_start_ratio: 0.01
decay_min_factor: 0.3
bandwith_kernel: None
no_interact: False
avg_score: -889.0
median_score: -886.5
std_score: 72.8523178100586
percentiles: 2%=-1062.0799560546875, 5%=-1021.0499877929688, 10%=-993.2000122070312, 25%=-932.0, 50%=-886.5, 75%=-836.5, 90%=-804.7999877929688, 95%=-770.800048828125, 98%=-754.7999267578125
ranking_best_algo: CMApara
ranking_best_score: 964.9
ranking_my_rank: 190/504 (62.5%)
ranking_my_percent: 62.5
