ConfigName: krbf__advnormalizedfitness__M1__L8__eps0p025__g0p015__ds0p01__dm0p01
Problem: QUBO
Kernel: rbf
Advantage: normalizedfitness
M: 1
lambda: 8
epsilon_svgd: 0.025
gamma: 0.015
decay_start_ratio: 0.01
decay_min_factor: 0.01
bandwith_kernel: None
no_interact: False
avg_score: -568.5999755859375
median_score: -567.5
std_score: 33.287235260009766
percentiles: 2%=-631.0800170898438, 5%=-623.2000122070312, 10%=-615.0, 25%=-587.0, 50%=-567.5, 75%=-547.0, 90%=-529.5999755859375, 95%=-512.8500366210938, 98%=-487.9599914550781
ranking_best_algo: Tabu
ranking_best_score: 588.7199999999999
ranking_my_rank: 81/503 (84.1%)
ranking_my_percent: 84.09542743538768
