ConfigName: krbf__advnormalizedfitness__M4__L8__eps0p033__g0p015__ds0p3__dm0p3
Problem: QUBO
Kernel: rbf
Advantage: normalizedfitness
M: 4
lambda: 8
epsilon_svgd: 0.033
gamma: 0.015
decay_start_ratio: 0.3
decay_min_factor: 0.3
bandwith_kernel: None
no_interact: False
avg_score: -139.60000610351562
median_score: -142.0
std_score: 10.716341972351074
percentiles: 2%=-158.02000427246094, 5%=-155.14999389648438, 10%=-154.0, 25%=-146.0, 50%=-142.0, 75%=-131.75, 90%=-125.0, 95%=-123.0, 98%=-117.0
ranking_best_algo: DiscreteDE
ranking_best_score: 143.4
ranking_my_rank: 83/504 (83.7%)
ranking_my_percent: 83.73015873015873
