ConfigName: krbf__advnormalizedfitness__M1__L10__eps0p015__g0p01__ds0p01__dm0p01
Problem: QUBO
Kernel: rbf
Advantage: normalizedfitness
M: 1
lambda: 10
epsilon_svgd: 0.015
gamma: 0.01
decay_start_ratio: 0.01
decay_min_factor: 0.01
bandwith_kernel: None
no_interact: False
avg_score: -432.1400146484375
median_score: -431.0
std_score: 30.220197677612305
percentiles: 2%=-489.1000061035156, 5%=-479.20001220703125, 10%=-473.0, 25%=-457.25, 50%=-431.0, 75%=-408.75, 90%=-395.8999938964844, 95%=-386.9000244140625, 98%=-379.8199462890625
ranking_best_algo: CMApara
ranking_best_score: 453.82
ranking_my_rank: 77/504 (84.9%)
ranking_my_percent: 84.92063492063492
