ConfigName: kjsd__advperagentrankweighted__M3__L20__eps0p007__g0p003__ds0p05__dm0p2
Problem: QUBO
Kernel: jsd
Advantage: peragentrankweighted
M: 3
lambda: 20
epsilon_svgd: 0.007
gamma: 0.003
decay_start_ratio: 0.05
decay_min_factor: 0.2
bandwith_kernel: None
no_interact: False
avg_score: -1136.8399658203125
median_score: -1136.5
std_score: 69.70792388916016
percentiles: 2%=-1257.1199951171875, 5%=-1248.1500244140625, 10%=-1228.800048828125, 25%=-1190.0, 50%=-1136.5, 75%=-1087.0, 90%=-1051.5999755859375, 95%=-1024.9000244140625, 98%=-996.8200073242188
ranking_best_algo: Tabu
ranking_best_score: 1216.16
ranking_my_rank: 156/504 (69.2%)
ranking_my_percent: 69.24603174603175
