Problem: NK
Kernel: jsd
Advantage: peragentrankweighted
M: 3
lambda: 20
epsilon_svgd: 0.007
gamma: 0.001
decay_start_ratio: 0.2
decay_min_factor: 0.05
bandwith_kernel: None
no_interact: False
avg_score: 0.7504648566246033
median_score: 0.7519216537475586
std_score: 0.009120960719883442
percentiles: 2%=0.7317981123924255, 5%=0.7357679605484009, 10%=0.7378436326980591, 25%=0.7438281178474426, 50%=0.7519216537475586, 75%=0.7565872669219971, 90%=0.7613829970359802, 95%=0.7626984715461731, 98%=0.7665843367576599
ranking_best_algo: PPO-EDA
ranking_best_score: 0.75339365
ranking_my_rank: 2/505 (99.8%)
