Problem: NK
Kernel: rbf
Advantage: peragentrankweighted
M: 3
lambda: 20
epsilon_svgd: 0.007
gamma: 0.001
decay_start_ratio: 0.3
decay_min_factor: 0.05
bandwith_kernel: None
no_interact: False
avg_score: 0.7503248453140259
median_score: 0.7500271797180176
std_score: 0.01024493109434843
percentiles: 2%=0.7308952808380127, 5%=0.7347837090492249, 10%=0.736789882183075, 25%=0.7433332800865173, 50%=0.7500271797180176, 75%=0.7584627866744995, 90%=0.7645059823989868, 95%=0.7661634087562561, 98%=0.7690011262893677
ranking_best_algo: PPO-EDA
ranking_best_score: 0.75339365
ranking_my_rank: 2/505 (99.8%)
