Problem: NK
Kernel: rbf
Advantage: peragentrankweighted
M: 2
lambda: 30
epsilon_svgd: 0.01
gamma: 0.001
decay_start_ratio: 0.05
decay_min_factor: 0.05
bandwith_kernel: None
no_interact: False
avg_score: 0.7502393126487732
median_score: 0.7499463558197021
std_score: 0.007877432741224766
percentiles: 2%=0.7341499924659729, 5%=0.7378987669944763, 10%=0.7422231435775757, 25%=0.7453643083572388, 50%=0.7499463558197021, 75%=0.7551134824752808, 90%=0.7614812850952148, 95%=0.7633351683616638, 98%=0.7653017044067383
ranking_best_algo: PPO-EDA
ranking_best_score: 0.75339365
ranking_my_rank: 2/505 (99.8%)
