ConfigName: kjsd__advperagentrankweighted__M8__L8__eps0p005__g0p0005__ds0p05__dm0p05
Problem: NK
Kernel: jsd
Advantage: peragentrankweighted
M: 8
lambda: 8
epsilon_svgd: 0.005
gamma: 0.0005
decay_start_ratio: 0.05
decay_min_factor: 0.05
bandwith_kernel: None
no_interact: False
avg_score: 0.7571195363998413
median_score: 0.7584884166717529
std_score: 0.012480334378778934
percentiles: 2%=0.7277653217315674, 5%=0.7352574467658997, 10%=0.7437976002693176, 25%=0.7496064901351929, 50%=0.7584884166717529, 75%=0.7654063105583191, 90%=0.7716802358627319, 95%=0.7748329043388367, 98%=0.780279815196991
ranking_best_algo: Tabu
ranking_best_score: 0.7657846284375001
ranking_my_rank: 2/504 (99.8%)
ranking_my_percent: 99.8015873015873
