ConfigName: kjsd__advperagentrankweighted__M5__L10__eps0p005__g0p0003__ds0p4__dm0p05
Problem: QUBO
Kernel: jsd
Advantage: peragentrankweighted
M: 5
lambda: 10
epsilon_svgd: 0.005
gamma: 0.0003
decay_start_ratio: 0.4
decay_min_factor: 0.05
bandwith_kernel: None
no_interact: False
avg_score: -420.1600036621094
median_score: -420.0
std_score: 24.579143524169922
percentiles: 2%=-475.0400085449219, 5%=-469.0, 10%=-452.0, 25%=-434.25, 50%=-420.0, 75%=-402.0, 90%=-390.0, 95%=-381.79998779296875, 98%=-373.79998779296875
ranking_best_algo: Tabu
ranking_best_score: 438.12
ranking_my_rank: 24/504 (95.4%)
ranking_my_percent: 95.43650793650794
