ConfigName: kjsd__advperagentrankweighted__M4__L12__eps0p03__g0p0007__ds0p2__dm0p05
Problem: QUBO
Kernel: jsd
Advantage: peragentrankweighted
M: 4
lambda: 12
epsilon_svgd: 0.03
gamma: 0.0007
decay_start_ratio: 0.2
decay_min_factor: 0.05
bandwith_kernel: None
no_interact: False
avg_score: -409.260009765625
median_score: -409.0
std_score: 26.116901397705078
percentiles: 2%=-457.239990234375, 5%=-450.1499938964844, 10%=-442.1000061035156, 25%=-426.0, 50%=-409.0, 75%=-394.0, 90%=-374.0, 95%=-367.8999938964844, 98%=-359.8800048828125
ranking_best_algo: Tabu
ranking_best_score: 438.12
ranking_my_rank: 111/504 (78.2%)
ranking_my_percent: 78.17460317460318
