ConfigName: kjsd__advperagentrankweighted__M3__L16__eps0p01__g0p0005__ds0p2__dm0p1
Problem: QUBO
Kernel: jsd
Advantage: peragentrankweighted
M: 3
lambda: 16
epsilon_svgd: 0.01
gamma: 0.0005
decay_start_ratio: 0.2
decay_min_factor: 0.1
bandwith_kernel: None
no_interact: False
avg_score: -408.9800109863281
median_score: -408.0
std_score: 28.201412200927734
percentiles: 2%=-469.1600036621094, 5%=-457.3999938964844, 10%=-448.20001220703125, 25%=-426.25, 50%=-408.0, 75%=-388.0, 90%=-375.79998779296875, 95%=-358.0, 98%=-353.9200134277344
ranking_best_algo: Tabu
ranking_best_score: 438.12
ranking_my_rank: 136/504 (73.2%)
ranking_my_percent: 73.21428571428571
