ConfigName: krbf__advnormalizedfitness__M3__L15__eps0p015__g0p005__ds0p01__dm0p3
Problem: QUBO
Kernel: rbf
Advantage: normalizedfitness
M: 3
lambda: 15
epsilon_svgd: 0.015
gamma: 0.005
decay_start_ratio: 0.01
decay_min_factor: 0.3
bandwith_kernel: None
no_interact: False
avg_score: -139.8000030517578
median_score: -141.0
std_score: 11.738823890686035
percentiles: 2%=-159.02000427246094, 5%=-158.0, 10%=-156.0, 25%=-149.0, 50%=-141.0, 75%=-130.0, 90%=-124.9000015258789, 95%=-122.90000915527344, 98%=-118.91998291015625
ranking_best_algo: DiscreteDE
ranking_best_score: 143.4
ranking_my_rank: 81/504 (84.1%)
ranking_my_percent: 84.12698412698413
