ConfigName: krbf__advnormalizedfitness__M3__L12__eps0p033__g0p007__ds0p3__dm0p3
Problem: QUBO
Kernel: rbf
Advantage: normalizedfitness
M: 3
lambda: 12
epsilon_svgd: 0.033
gamma: 0.007
decay_start_ratio: 0.3
decay_min_factor: 0.3
bandwith_kernel: None
no_interact: False
avg_score: -1179.02001953125
median_score: -1180.0
std_score: 62.0614128112793
percentiles: 2%=-1333.1600341796875, 5%=-1267.9000244140625, 10%=-1245.800048828125, 25%=-1224.0, 50%=-1180.0, 75%=-1130.0, 90%=-1105.800048828125, 95%=-1083.60009765625, 98%=-1057.9599609375
ranking_best_algo: Tabu
ranking_best_score: 1216.16
ranking_my_rank: 70/504 (86.3%)
ranking_my_percent: 86.30952380952381
