ConfigName: kjsd__advperagentrankweighted__M3__L16__eps0p007__g0p003__ds0p2__dm0p2
Problem: QUBO
Kernel: jsd
Advantage: peragentrankweighted
M: 3
lambda: 16
epsilon_svgd: 0.007
gamma: 0.003
decay_start_ratio: 0.2
decay_min_factor: 0.2
bandwith_kernel: None
no_interact: False
avg_score: -1157.43994140625
median_score: -1163.5
std_score: 64.09107971191406
percentiles: 2%=-1271.1199951171875, 5%=-1265.0999755859375, 10%=-1243.4000244140625, 25%=-1206.25, 50%=-1163.5, 75%=-1108.5, 90%=-1074.800048828125, 95%=-1060.800048828125, 98%=-1037.9599609375
ranking_best_algo: Tabu
ranking_best_score: 1216.16
ranking_my_rank: 101/504 (80.2%)
ranking_my_percent: 80.15873015873017
