ConfigName: kjsd__advperagentrankweighted__M4__L20__eps0p005__g0p0005__ds0p05__dm0p05
Problem: NK
Kernel: jsd
Advantage: peragentrankweighted
M: 4
lambda: 20
epsilon_svgd: 0.005
gamma: 0.0005
decay_start_ratio: 0.05
decay_min_factor: 0.05
bandwith_kernel: None
no_interact: False
avg_score: 0.7594059109687805
median_score: 0.7590245008468628
std_score: 0.012860259041190147
percentiles: 2%=0.7369428873062134, 5%=0.7378485202789307, 10%=0.7432939410209656, 25%=0.7499021887779236, 50%=0.7590245008468628, 75%=0.7692738771438599, 90%=0.7754191160202026, 95%=0.7807573080062866, 98%=0.7826101779937744
ranking_best_algo: Tabu
ranking_best_score: 0.7470791764843752
ranking_my_rank: 1/504 (100.0%)
ranking_my_percent: 100.0
