ConfigName: kjsd__advperagentrankweighted__M5__L10__eps0p005__g0p0005__ds0p2__dm0p05
Problem: QUBO
Kernel: jsd
Advantage: peragentrankweighted
M: 5
lambda: 10
epsilon_svgd: 0.005
gamma: 0.0005
decay_start_ratio: 0.2
decay_min_factor: 0.05
bandwith_kernel: None
no_interact: False
avg_score: -919.3400268554688
median_score: -925.5
std_score: 55.60993194580078
percentiles: 2%=-1038.1600341796875, 5%=-1003.1500244140625, 10%=-986.0999755859375, 25%=-956.5, 50%=-925.5, 75%=-883.5, 90%=-843.9000244140625, 95%=-826.7000122070312, 98%=-808.5
ranking_best_algo: CMAL3
ranking_best_score: 928.5800000000002
ranking_my_rank: 9/504 (98.4%)
ranking_my_percent: 98.41269841269842
