ConfigName: kfr__advglobalrankweighted__M6__L7__eps0p02__g0p003__ds0p01__dm0p01
Problem: QUBO
Kernel: fr
Advantage: globalrankweighted
M: 6
lambda: 7
epsilon_svgd: 0.02
gamma: 0.003
decay_start_ratio: 0.01
decay_min_factor: 0.01
bandwith_kernel: None
no_interact: False
avg_score: -1182.280029296875
median_score: -1175.5
std_score: 62.74760437011719
percentiles: 2%=-1331.3199462890625, 5%=-1309.4000244140625, 10%=-1263.0999755859375, 25%=-1221.75, 50%=-1175.5, 75%=-1130.75, 90%=-1110.0, 95%=-1095.60009765625, 98%=-1083.9599609375
ranking_best_algo: Tabu
ranking_best_score: 1216.16
ranking_my_rank: 65/504 (87.3%)
ranking_my_percent: 87.3015873015873
