ConfigName: kjsd__advperagentrankweighted__M5__L12__eps0p02__g0p0003__ds0p2__dm0p05
Problem: NK
Kernel: jsd
Advantage: peragentrankweighted
M: 5
lambda: 12
epsilon_svgd: 0.02
gamma: 0.0003
decay_start_ratio: 0.2
decay_min_factor: 0.05
bandwith_kernel: None
no_interact: False
avg_score: 0.7307741045951843
median_score: 0.7302364110946655
std_score: 0.008246208541095257
percentiles: 2%=0.7139620184898376, 5%=0.7157813906669617, 10%=0.7209224104881287, 25%=0.7252871990203857, 50%=0.7302364110946655, 75%=0.7365429401397705, 90%=0.7426504492759705, 95%=0.7449382543563843, 98%=0.7459276914596558
ranking_best_algo: PBIL
ranking_best_score: 0.733570253046875
ranking_my_rank: 2/504 (99.8%)
ranking_my_percent: 99.8015873015873
