ConfigName: kjsd__advperagentrankweighted__M4__L30__eps0p01__g0p0003__ds0p4__dm0p05
Problem: NK
Kernel: jsd
Advantage: peragentrankweighted
M: 4
lambda: 30
epsilon_svgd: 0.01
gamma: 0.0003
decay_start_ratio: 0.4
decay_min_factor: 0.05
bandwith_kernel: None
no_interact: False
avg_score: 0.7552340030670166
median_score: 0.7552987933158875
std_score: 0.011717109009623528
percentiles: 2%=0.7333216667175293, 5%=0.7361020445823669, 10%=0.7408232688903809, 25%=0.7467154264450073, 50%=0.7552987933158875, 75%=0.7632606625556946, 90%=0.7709449529647827, 95%=0.7764283418655396, 98%=0.7780123949050903
ranking_best_algo: Tabu
ranking_best_score: 0.7470791764843752
ranking_my_rank: 1/504 (100.0%)
ranking_my_percent: 100.0
