ConfigName: kjsd__advperagentrankweighted__M3__L16__eps0p007__g0p001__ds0p1__dm0p2
Problem: QUBO
Kernel: jsd
Advantage: peragentrankweighted
M: 3
lambda: 16
epsilon_svgd: 0.007
gamma: 0.001
decay_start_ratio: 0.1
decay_min_factor: 0.2
bandwith_kernel: None
no_interact: False
avg_score: -1242.8399658203125
median_score: -1245.0
std_score: 61.03437042236328
percentiles: 2%=-1374.1600341796875, 5%=-1335.3499755859375, 10%=-1325.0, 25%=-1272.75, 50%=-1245.0, 75%=-1200.75, 90%=-1165.5, 95%=-1142.800048828125, 98%=-1132.8199462890625
ranking_best_algo: SVMMetaModelLogNormal
ranking_best_score: 1233.7999999999997
ranking_my_rank: 1/504 (100.0%)
ranking_my_percent: 100.0
