ConfigName: kjsd__advperagentrankweighted__M3__L16__eps0p007__g0p003__ds0p1__dm0p2
Problem: QUBO
Kernel: jsd
Advantage: peragentrankweighted
M: 3
lambda: 16
epsilon_svgd: 0.007
gamma: 0.003
decay_start_ratio: 0.1
decay_min_factor: 0.2
bandwith_kernel: None
no_interact: False
avg_score: -1156.56005859375
median_score: -1154.5
std_score: 62.108184814453125
percentiles: 2%=-1305.0400390625, 5%=-1259.25, 10%=-1232.5, 25%=-1193.5, 50%=-1154.5, 75%=-1110.5, 90%=-1076.9000244140625, 95%=-1066.800048828125, 98%=-1059.739990234375
ranking_best_algo: Tabu
ranking_best_score: 1216.16
ranking_my_rank: 104/504 (79.6%)
ranking_my_percent: 79.56349206349206
