ConfigName: kjsd__advperagentrankweighted__M5__L8__eps0p005__g0p0003__ds0p2__dm0p05
Problem: NK
Kernel: jsd
Advantage: peragentrankweighted
M: 5
lambda: 8
epsilon_svgd: 0.005
gamma: 0.0003
decay_start_ratio: 0.2
decay_min_factor: 0.05
bandwith_kernel: None
no_interact: False
avg_score: 0.7402690052986145
median_score: 0.7402231097221375
std_score: 0.013142175041139126
percentiles: 2%=0.7170115113258362, 5%=0.7195010185241699, 10%=0.7237884998321533, 25%=0.7312895059585571, 50%=0.7402231097221375, 75%=0.7487710118293762, 90%=0.7576892375946045, 95%=0.7622125148773193, 98%=0.7652842998504639
ranking_best_algo: Tabu
ranking_best_score: 0.7601875690625
ranking_my_rank: 15/504 (97.2%)
ranking_my_percent: 97.22222222222223
