ConfigName: krbf__advnormalizedfitness__M1__L10__eps0p015__g0p005__ds0p15__dm0p3
Problem: NK
Kernel: rbf
Advantage: normalizedfitness
M: 1
lambda: 10
epsilon_svgd: 0.015
gamma: 0.005
decay_start_ratio: 0.15
decay_min_factor: 0.3
bandwith_kernel: None
no_interact: False
avg_score: 0.7073047757148743
median_score: 0.6964126825332642
std_score: 0.03287261724472046
percentiles: 2%=0.6638767123222351, 5%=0.6671350002288818, 10%=0.6698427796363831, 25%=0.6790467500686646, 50%=0.6964126825332642, 75%=0.7435424327850342, 90%=0.7530385851860046, 95%=0.7581777572631836, 98%=0.7613165378570557
ranking_best_algo: CMApara
ranking_best_score: 0.7118996098437498
ranking_my_rank: 91/504 (82.1%)
ranking_my_percent: 82.14285714285714
