ConfigName: krbf__advnormalizedfitness__M4__L8__eps0p033__g0p007__ds0p01__dm0p3
Problem: NK
Kernel: rbf
Advantage: normalizedfitness
M: 4
lambda: 8
epsilon_svgd: 0.033
gamma: 0.007
decay_start_ratio: 0.01
decay_min_factor: 0.3
bandwith_kernel: None
no_interact: False
avg_score: 0.7373241186141968
median_score: 0.7384049892425537
std_score: 0.008818548172712326
percentiles: 2%=0.7186999320983887, 5%=0.7205853462219238, 10%=0.7224544286727905, 25%=0.7349885702133179, 50%=0.7384049892425537, 75%=0.7423969507217407, 90%=0.7460785508155823, 95%=0.7518640756607056, 98%=0.7536169290542603
ranking_best_algo: PBIL
ranking_best_score: 0.730509098125
ranking_my_rank: 1/504 (100.0%)
ranking_my_percent: 100.0
