ConfigName: kjsd__advperagentrankweighted__M3__L16__eps0p01__g0p0007__ds0p1__dm0p2
Problem: NK
Kernel: jsd
Advantage: peragentrankweighted
M: 3
lambda: 16
epsilon_svgd: 0.01
gamma: 0.0007
decay_start_ratio: 0.1
decay_min_factor: 0.2
bandwith_kernel: None
no_interact: False
avg_score: 0.7380862236022949
median_score: 0.7367690801620483
std_score: 0.01564687490463257
percentiles: 2%=0.7107718586921692, 5%=0.7135865688323975, 10%=0.715704083442688, 25%=0.7290204763412476, 50%=0.7367690801620483, 75%=0.7477254867553711, 90%=0.758112370967865, 95%=0.7648267149925232, 98%=0.775499165058136
ranking_best_algo: Tabu
ranking_best_score: 0.7601875690625
ranking_my_rank: 19/504 (96.4%)
ranking_my_percent: 96.42857142857143
