ConfigName: kjsd__advperagentrankweighted__M4__L24__eps0p005__g0p0007__ds0p2__dm0p05
Problem: QUBO
Kernel: jsd
Advantage: peragentrankweighted
M: 4
lambda: 24
epsilon_svgd: 0.005
gamma: 0.0007
decay_start_ratio: 0.2
decay_min_factor: 0.05
bandwith_kernel: None
no_interact: False
avg_score: -3209.360107421875
median_score: -3199.0
std_score: 138.56893920898438
percentiles: 2%=-3497.260009765625, 5%=-3439.14990234375, 10%=-3378.0, 25%=-3293.25, 50%=-3199.0, 75%=-3121.25, 90%=-3040.800048828125, 95%=-3021.60009765625, 98%=-2912.5400390625
ranking_best_algo: RLSOnePlusOne
ranking_best_score: 3316.5199999999995
ranking_my_rank: 52/504 (89.9%)
ranking_my_percent: 89.88095238095238
