ConfigName: krbf__advglobalrankweighted__M4__L9__eps0p015__g0p007__ds0p01__dm0p01
Problem: QUBO
Kernel: rbf
Advantage: globalrankweighted
M: 4
lambda: 9
epsilon_svgd: 0.015
gamma: 0.007
decay_start_ratio: 0.01
decay_min_factor: 0.01
bandwith_kernel: None
no_interact: False
avg_score: -902.780029296875
median_score: -898.0
std_score: 62.941017150878906
percentiles: 2%=-1036.0400390625, 5%=-1008.5499877929688, 10%=-985.0999755859375, 25%=-946.25, 50%=-898.0, 75%=-855.5, 90%=-830.7999877929688, 95%=-802.7000122070312, 98%=-777.0
ranking_best_algo: CMAL3
ranking_best_score: 928.5800000000002
ranking_my_rank: 66/504 (87.1%)
ranking_my_percent: 87.10317460317461
