ConfigName: kjsd__advperagentrankweighted__M5__L10__eps0p01__g0p003__ds0p2__dm0p05
Problem: NK
Kernel: jsd
Advantage: peragentrankweighted
M: 5
lambda: 10
epsilon_svgd: 0.01
gamma: 0.003
decay_start_ratio: 0.2
decay_min_factor: 0.05
bandwith_kernel: None
no_interact: False
avg_score: 0.7443745136260986
median_score: 0.7423104643821716
std_score: 0.02842595800757408
percentiles: 2%=0.7013298273086548, 5%=0.7052009701728821, 10%=0.711143970489502, 25%=0.7213596105575562, 50%=0.7423104643821716, 75%=0.7580187320709229, 90%=0.7783373594284058, 95%=0.8044298887252808, 98%=0.8045487403869629
ranking_best_algo: CMApara
ranking_best_score: 0.7459277895312499
ranking_my_rank: 4/504 (99.4%)
ranking_my_percent: 99.4047619047619
