ConfigName: krbf__advnormalizedfitness__M4__L10__eps0p02__g0p01__ds0p15__dm0p05
Problem: QUBO
Kernel: rbf
Advantage: normalizedfitness
M: 4
lambda: 10
epsilon_svgd: 0.02
gamma: 0.01
decay_start_ratio: 0.15
decay_min_factor: 0.05
bandwith_kernel: None
no_interact: False
avg_score: -2068.179931640625
median_score: -2027.5
std_score: 183.89846801757812
percentiles: 2%=-2481.8798828125, 5%=-2404.35009765625, 10%=-2321.699951171875, 25%=-2175.5, 50%=-2027.5, 75%=-1956.0, 90%=-1889.0999755859375, 95%=-1736.6500244140625, 98%=-1715.43994140625
ranking_best_algo: SVM1MetaModelLogNormal
ranking_best_score: 2605.14
ranking_my_rank: 221/504 (56.3%)
ranking_my_percent: 56.34920634920635
