ConfigName: kjsd__advperagentrankweighted__M3__L18__eps0p005__g0p003__ds0p2__dm0p05
Problem: QUBO
Kernel: jsd
Advantage: peragentrankweighted
M: 3
lambda: 18
epsilon_svgd: 0.005
gamma: 0.003
decay_start_ratio: 0.2
decay_min_factor: 0.05
bandwith_kernel: None
no_interact: False
avg_score: -1057.5999755859375
median_score: -1059.0
std_score: 74.0014877319336
percentiles: 2%=-1181.260009765625, 5%=-1169.3499755859375, 10%=-1153.5999755859375, 25%=-1107.0, 50%=-1059.0, 75%=-1011.25, 90%=-968.0, 95%=-943.75, 98%=-877.9000244140625
ranking_best_algo: SVMMetaModelLogNormal
ranking_best_score: 1233.7999999999997
ranking_my_rank: 193/504 (61.9%)
ranking_my_percent: 61.904761904761905
