ConfigName: kjsd__advperagentrankweighted__M5__L24__eps0p03__g0p0005__ds0p05__dm0p05
Problem: QUBO
Kernel: jsd
Advantage: peragentrankweighted
M: 5
lambda: 24
epsilon_svgd: 0.03
gamma: 0.0005
decay_start_ratio: 0.05
decay_min_factor: 0.05
bandwith_kernel: None
no_interact: False
avg_score: -138.25999450683594
median_score: -139.5
std_score: 10.247556686401367
percentiles: 2%=-158.02000427246094, 5%=-154.0500030517578, 10%=-152.0, 25%=-146.0, 50%=-139.5, 75%=-129.75, 90%=-125.0, 95%=-122.9000015258789, 98%=-116.9800033569336
ranking_best_algo: DiscreteDE
ranking_best_score: 143.4
ranking_my_rank: 110/504 (78.4%)
ranking_my_percent: 78.37301587301587
