ConfigName: kjsd__advperagentrankweighted__M4__L12__eps0p01__g0p0005__ds0p2__dm0p05
Problem: NK
Kernel: jsd
Advantage: peragentrankweighted
M: 4
lambda: 12
epsilon_svgd: 0.01
gamma: 0.0005
decay_start_ratio: 0.2
decay_min_factor: 0.05
bandwith_kernel: None
no_interact: False
avg_score: 0.7412397861480713
median_score: 0.7411410808563232
std_score: 0.008098741993308067
percentiles: 2%=0.7271742820739746, 5%=0.7282972931861877, 10%=0.7315027117729187, 25%=0.7351233959197998, 50%=0.7411410808563232, 75%=0.7457916140556335, 90%=0.7514720559120178, 95%=0.7535852193832397, 98%=0.7607026100158691
ranking_best_algo: PBIL
ranking_best_score: 0.733570253046875
ranking_my_rank: 1/504 (100.0%)
ranking_my_percent: 100.0
