ConfigName: krbf__advnormalizedfitness__M3__L10__eps0p015__g0p007__ds0p01__dm0p3
Problem: QUBO
Kernel: rbf
Advantage: normalizedfitness
M: 3
lambda: 10
epsilon_svgd: 0.015
gamma: 0.007
decay_start_ratio: 0.01
decay_min_factor: 0.3
bandwith_kernel: None
no_interact: False
avg_score: -562.9400024414062
median_score: -564.5
std_score: 30.083158493041992
percentiles: 2%=-621.0399780273438, 5%=-609.2000122070312, 10%=-601.0999755859375, 25%=-582.25, 50%=-564.5, 75%=-545.0, 90%=-519.0, 95%=-506.7500305175781, 98%=-496.9599914550781
ranking_best_algo: Tabu
ranking_best_score: 588.7199999999999
ranking_my_rank: 94/503 (81.5%)
ranking_my_percent: 81.51093439363817
