ConfigName: kjsd__advperagentrankweighted__M3__L16__eps0p01__g0p003__ds0p1__dm0p1
Problem: QUBO
Kernel: jsd
Advantage: peragentrankweighted
M: 3
lambda: 16
epsilon_svgd: 0.01
gamma: 0.003
decay_start_ratio: 0.1
decay_min_factor: 0.1
bandwith_kernel: None
no_interact: False
avg_score: -1593.3199462890625
median_score: -1590.5
std_score: 66.93278503417969
percentiles: 2%=-1720.6199951171875, 5%=-1696.8499755859375, 10%=-1665.0, 25%=-1647.75, 50%=-1590.5, 75%=-1545.0, 90%=-1506.5999755859375, 95%=-1492.9000244140625, 98%=-1465.739990234375
ranking_best_algo: NLOPT_LN_PRAXIS
ranking_best_score: 1607.12
ranking_my_rank: 38/504 (92.7%)
ranking_my_percent: 92.65873015873017
