ConfigName: kfr__advglobalrankweighted__M1__L10__eps0p015__g0p005__ds0p01__dm0p01
Problem: QUBO
Kernel: fr
Advantage: globalrankweighted
M: 1
lambda: 10
epsilon_svgd: 0.015
gamma: 0.005
decay_start_ratio: 0.01
decay_min_factor: 0.01
bandwith_kernel: None
no_interact: False
avg_score: -190.4199981689453
median_score: -190.0
std_score: 16.957111358642578
percentiles: 2%=-224.0, 5%=-220.10000610351562, 10%=-211.0, 25%=-201.0, 50%=-190.0, 75%=-180.75, 90%=-168.89999389648438, 95%=-161.85000610351562, 98%=-151.97999572753906
ranking_best_algo: Tabu
ranking_best_score: 208.36000000000004
ranking_my_rank: 241/504 (52.4%)
ranking_my_percent: 52.38095238095238
