ConfigName: kjsd__advperagentrankweighted__M3__L24__eps0p005__g0p001__ds0p1__dm0p1
Problem: QUBO
Kernel: jsd
Advantage: peragentrankweighted
M: 3
lambda: 24
epsilon_svgd: 0.005
gamma: 0.001
decay_start_ratio: 0.1
decay_min_factor: 0.1
bandwith_kernel: None
no_interact: False
avg_score: -1592.9000244140625
median_score: -1592.0
std_score: 70.0229263305664
percentiles: 2%=-1747.0400390625, 5%=-1714.800048828125, 10%=-1683.5, 25%=-1635.25, 50%=-1592.0, 75%=-1550.5, 90%=-1491.0, 95%=-1478.800048828125, 98%=-1462.800048828125
ranking_best_algo: NLOPT_LN_PRAXIS
ranking_best_score: 1607.12
ranking_my_rank: 38/504 (92.7%)
ranking_my_percent: 92.65873015873017
