ConfigName: krbf__advnormalizedfitness__M2__L8__eps0p033__g0p015__ds0p3__dm0p01
Problem: QUBO
Kernel: rbf
Advantage: normalizedfitness
M: 2
lambda: 8
epsilon_svgd: 0.033
gamma: 0.015
decay_start_ratio: 0.3
decay_min_factor: 0.01
bandwith_kernel: None
no_interact: False
avg_score: -1236.1800537109375
median_score: -1232.5
std_score: 62.031185150146484
percentiles: 2%=-1355.5400390625, 5%=-1343.199951171875, 10%=-1327.5999755859375, 25%=-1273.25, 50%=-1232.5, 75%=-1198.75, 90%=-1152.5, 95%=-1142.5, 98%=-1124.8399658203125
ranking_best_algo: SVMMetaModelLogNormal
ranking_best_score: 1233.7999999999997
ranking_my_rank: 1/504 (100.0%)
ranking_my_percent: 100.0
