ConfigName: kjsd__advperagentrankweighted__M3__L30__eps0p005__g0p0005__ds0p1__dm0p2
Problem: QUBO
Kernel: jsd
Advantage: peragentrankweighted
M: 3
lambda: 30
epsilon_svgd: 0.005
gamma: 0.0005
decay_start_ratio: 0.1
decay_min_factor: 0.2
bandwith_kernel: None
no_interact: False
avg_score: -328.94000244140625
median_score: -334.0
std_score: 23.01556968688965
percentiles: 2%=-372.0, 5%=-361.45001220703125, 10%=-354.0, 25%=-343.0, 50%=-334.0, 75%=-314.0, 90%=-291.8999938964844, 95%=-287.95001220703125, 98%=-278.0
ranking_best_algo: CMApara
ranking_best_score: 344.22
ranking_my_rank: 83/504 (83.7%)
ranking_my_percent: 83.73015873015873
