ConfigName: kjsd__advperagentrankweighted__M3__L16__eps0p007__g0p001__ds0p1__dm0p2
Problem: NK
Kernel: jsd
Advantage: peragentrankweighted
M: 3
lambda: 16
epsilon_svgd: 0.007
gamma: 0.001
decay_start_ratio: 0.1
decay_min_factor: 0.2
bandwith_kernel: None
no_interact: False
avg_score: 0.7413151264190674
median_score: 0.7407404184341431
std_score: 0.015594043768942356
percentiles: 2%=0.7149908542633057, 5%=0.7195261120796204, 10%=0.7231650948524475, 25%=0.7299293279647827, 50%=0.7407404184341431, 75%=0.7502372860908508, 90%=0.7620172500610352, 95%=0.7665556073188782, 98%=0.7758069634437561
ranking_best_algo: Tabu
ranking_best_score: 0.7601875690625
ranking_my_rank: 12/504 (97.8%)
ranking_my_percent: 97.81746031746032
