ConfigName: krbf__advnormalizedfitness__M4__L12__eps0p015__g0p015__ds0p3__dm0p3
Problem: QUBO
Kernel: rbf
Advantage: normalizedfitness
M: 4
lambda: 12
epsilon_svgd: 0.015
gamma: 0.015
decay_start_ratio: 0.3
decay_min_factor: 0.3
bandwith_kernel: None
no_interact: False
avg_score: -243.24000549316406
median_score: -240.0
std_score: 21.738040924072266
percentiles: 2%=-294.0799865722656, 5%=-287.0, 10%=-271.0, 25%=-253.25, 50%=-240.0, 75%=-229.75, 90%=-217.8000030517578, 95%=-214.0, 98%=-209.95999145507812
ranking_best_algo: Tabu
ranking_best_score: 438.12
ranking_my_rank: 393/504 (22.2%)
ranking_my_percent: 22.22222222222222
