ConfigName: kjsd__advperagentrankweighted__M4__L30__eps0p005__g0p0007__ds0p2__dm0p05
Problem: NK
Kernel: jsd
Advantage: peragentrankweighted
M: 4
lambda: 30
epsilon_svgd: 0.005
gamma: 0.0007
decay_start_ratio: 0.2
decay_min_factor: 0.05
bandwith_kernel: None
no_interact: False
avg_score: 0.7557334303855896
median_score: 0.7561465501785278
std_score: 0.014621117152273655
percentiles: 2%=0.7279767394065857, 5%=0.7331377863883972, 10%=0.7379595041275024, 25%=0.745580792427063, 50%=0.7561465501785278, 75%=0.7663297653198242, 90%=0.7754306197166443, 95%=0.7795464396476746, 98%=0.781565248966217
ranking_best_algo: Tabu
ranking_best_score: 0.7470791764843752
ranking_my_rank: 1/504 (100.0%)
ranking_my_percent: 100.0
