ConfigName: kjsd__advperagentrankweighted__M3__L24__eps0p005__g0p0005__ds0p2__dm0p2
Problem: NK
Kernel: jsd
Advantage: peragentrankweighted
M: 3
lambda: 24
epsilon_svgd: 0.005
gamma: 0.0005
decay_start_ratio: 0.2
decay_min_factor: 0.2
bandwith_kernel: None
no_interact: False
avg_score: 0.7102988362312317
median_score: 0.7110963463783264
std_score: 0.01539321057498455
percentiles: 2%=0.671604335308075, 5%=0.6725401878356934, 10%=0.6959074139595032, 25%=0.7062310576438904, 50%=0.7110963463783264, 75%=0.7204930782318115, 90%=0.7254681587219238, 95%=0.7329365611076355, 98%=0.7333239316940308
ranking_best_algo: CMApara
ranking_best_score: 0.707475975
ranking_my_rank: 1/504 (100.0%)
ranking_my_percent: 100.0
