ConfigName: kjsd__advperagentrankweighted__M5__L8__eps0p01__g0p0005__ds0p2__dm0p05
Problem: NK
Kernel: jsd
Advantage: peragentrankweighted
M: 5
lambda: 8
epsilon_svgd: 0.01
gamma: 0.0005
decay_start_ratio: 0.2
decay_min_factor: 0.05
bandwith_kernel: None
no_interact: False
avg_score: 0.7514444589614868
median_score: 0.7495356202125549
std_score: 0.014177048578858376
percentiles: 2%=0.724082350730896, 5%=0.7309209108352661, 10%=0.7323116660118103, 25%=0.7420633435249329, 50%=0.7495356202125549, 75%=0.7621603608131409, 90%=0.7696025967597961, 95%=0.7754543423652649, 98%=0.7820875644683838
ranking_best_algo: Tabu
ranking_best_score: 0.7657846284375001
ranking_my_rank: 16/504 (97.0%)
ranking_my_percent: 97.02380952380952
