ConfigName: krbf__advnormalizedfitness__M3__L10__eps0p015__g0p015__ds0p15__dm0p01
Problem: NK
Kernel: rbf
Advantage: normalizedfitness
M: 3
lambda: 10
epsilon_svgd: 0.015
gamma: 0.015
decay_start_ratio: 0.15
decay_min_factor: 0.01
bandwith_kernel: None
no_interact: False
avg_score: 0.75058913230896
median_score: 0.7522239685058594
std_score: 0.014371572062373161
percentiles: 2%=0.7193909883499146, 5%=0.7243368029594421, 10%=0.7288565635681152, 25%=0.7410959005355835, 50%=0.7522239685058594, 75%=0.7598922252655029, 90%=0.7700201272964478, 95%=0.7706454992294312, 98%=0.7719699144363403
ranking_best_algo: Tabu
ranking_best_score: 0.7657846284375001
ranking_my_rank: 21/504 (96.0%)
ranking_my_percent: 96.03174603174604
