ConfigName: kjsd__advperagentrankweighted__M4__L12__eps0p005__g0p0005__ds0p1__dm0p2
Problem: QUBO
Kernel: jsd
Advantage: peragentrankweighted
M: 4
lambda: 12
epsilon_svgd: 0.005
gamma: 0.0005
decay_start_ratio: 0.1
decay_min_factor: 0.2
bandwith_kernel: None
no_interact: False
avg_score: -939.9199829101562
median_score: -934.0
std_score: 67.97744750976562
percentiles: 2%=-1055.199951171875, 5%=-1050.0, 10%=-1036.0999755859375, 25%=-992.75, 50%=-934.0, 75%=-890.0, 90%=-853.9000244140625, 95%=-832.7000122070312, 98%=-806.9600219726562
ranking_best_algo: CMApara
ranking_best_score: 964.9
ranking_my_rank: 7/504 (98.8%)
ranking_my_percent: 98.80952380952381
