ConfigName: kjsd__advperagentrankweighted__M4__L8__eps0p01__g0p0003__ds0p4__dm0p05
Problem: NK
Kernel: jsd
Advantage: peragentrankweighted
M: 4
lambda: 8
epsilon_svgd: 0.01
gamma: 0.0003
decay_start_ratio: 0.4
decay_min_factor: 0.05
bandwith_kernel: None
no_interact: False
avg_score: 0.7208371162414551
median_score: 0.7198023796081543
std_score: 0.009947826154530048
percentiles: 2%=0.7035072445869446, 5%=0.7060808539390564, 10%=0.709580659866333, 25%=0.7132905721664429, 50%=0.7198023796081543, 75%=0.7274349927902222, 90%=0.7344585061073303, 95%=0.7382035255432129, 98%=0.7406109571456909
ranking_best_algo: Tabu
ranking_best_score: 0.7429702712499999
ranking_my_rank: 13/504 (97.6%)
ranking_my_percent: 97.61904761904762
