ConfigName: kjsd__advperagentrankweighted__M4__L12__eps0p005__g0p0007__ds0p2__dm0p2
Problem: NK
Kernel: jsd
Advantage: peragentrankweighted
M: 4
lambda: 12
epsilon_svgd: 0.005
gamma: 0.0007
decay_start_ratio: 0.2
decay_min_factor: 0.2
bandwith_kernel: None
no_interact: False
avg_score: 0.737643837928772
median_score: 0.7394353747367859
std_score: 0.008422448299825191
percentiles: 2%=0.7182772755622864, 5%=0.7221317291259766, 10%=0.7233542203903198, 25%=0.7333864569664001, 50%=0.7394353747367859, 75%=0.74306321144104, 90%=0.7466399669647217, 95%=0.7482657432556152, 98%=0.7530369758605957
ranking_best_algo: PBIL
ranking_best_score: 0.730509098125
ranking_my_rank: 1/504 (100.0%)
ranking_my_percent: 100.0
