ConfigName: krbf__advnormalizedfitness__M4__L12__eps0p015__g0p005__ds0p01__dm0p01
Problem: QUBO
Kernel: rbf
Advantage: normalizedfitness
M: 4
lambda: 12
epsilon_svgd: 0.015
gamma: 0.005
decay_start_ratio: 0.01
decay_min_factor: 0.01
bandwith_kernel: None
no_interact: False
avg_score: -332.9200134277344
median_score: -338.0
std_score: 18.920719146728516
percentiles: 2%=-368.0400085449219, 5%=-357.0, 10%=-350.1000061035156, 25%=-343.0, 50%=-338.0, 75%=-324.0, 90%=-306.0, 95%=-290.0, 98%=-289.8799743652344
ranking_best_algo: CMApara
ranking_best_score: 344.22
ranking_my_rank: 69/504 (86.5%)
ranking_my_percent: 86.5079365079365
