ConfigName: kfr__advglobalrankweighted__M1__L9__eps0p01__g0p005__ds0p01__dm0p01
Problem: QUBO
Kernel: fr
Advantage: globalrankweighted
M: 1
lambda: 9
epsilon_svgd: 0.01
gamma: 0.005
decay_start_ratio: 0.01
decay_min_factor: 0.01
bandwith_kernel: None
no_interact: False
avg_score: -559.3400268554688
median_score: -561.0
std_score: 28.856271743774414
percentiles: 2%=-609.4000244140625, 5%=-603.0499877929688, 10%=-593.0, 25%=-578.25, 50%=-561.0, 75%=-540.75, 90%=-523.7000122070312, 95%=-511.95001220703125, 98%=-494.8799743652344
ranking_best_algo: Tabu
ranking_best_score: 588.7199999999999
ranking_my_rank: 101/503 (80.1%)
ranking_my_percent: 80.11928429423459
