ConfigName: kjsd__advperagentrankweighted__M3__L30__eps0p005__g0p001__ds0p05__dm0p1
Problem: QUBO
Kernel: jsd
Advantage: peragentrankweighted
M: 3
lambda: 30
epsilon_svgd: 0.005
gamma: 0.001
decay_start_ratio: 0.05
decay_min_factor: 0.1
bandwith_kernel: None
no_interact: False
avg_score: -904.1799926757812
median_score: -897.0
std_score: 67.32598114013672
percentiles: 2%=-1050.0400390625, 5%=-1028.699951171875, 10%=-985.0999755859375, 25%=-957.0, 50%=-897.0, 75%=-852.0, 90%=-823.0, 95%=-812.7999877929688, 98%=-790.97998046875
ranking_best_algo: CMAL3
ranking_best_score: 928.5800000000002
ranking_my_rank: 66/504 (87.1%)
ranking_my_percent: 87.10317460317461
