ConfigName: krbf__advnormalizedfitness__M3__L8__eps0p025__g0p007__ds0p3__dm0p3
Problem: QUBO
Kernel: rbf
Advantage: normalizedfitness
M: 3
lambda: 8
epsilon_svgd: 0.025
gamma: 0.007
decay_start_ratio: 0.3
decay_min_factor: 0.3
bandwith_kernel: None
no_interact: False
avg_score: -308.20001220703125
median_score: -304.0
std_score: 37.63668441772461
percentiles: 2%=-396.0400085449219, 5%=-386.3999938964844, 10%=-350.1999816894531, 25%=-334.0, 50%=-304.0, 75%=-278.0, 90%=-266.8999938964844, 95%=-263.70001220703125, 98%=-247.71994018554688
ranking_best_algo: CMApara
ranking_best_score: 319.29999999999995
ranking_my_rank: 90/504 (82.3%)
ranking_my_percent: 82.34126984126983
