ConfigName: kjsd__advperagentrankweighted__M3__L20__eps0p007__g0p0005__ds0p05__dm0p05
Problem: NK
Kernel: jsd
Advantage: peragentrankweighted
M: 3
lambda: 20
epsilon_svgd: 0.007
gamma: 0.0005
decay_start_ratio: 0.05
decay_min_factor: 0.05
bandwith_kernel: None
no_interact: False
avg_score: 0.73683762550354
median_score: 0.736803412437439
std_score: 0.013911454938352108
percentiles: 2%=0.7077121734619141, 5%=0.7150140404701233, 10%=0.7199239134788513, 25%=0.7283697724342346, 50%=0.736803412437439, 75%=0.7448495626449585, 90%=0.7526456117630005, 95%=0.7600433826446533, 98%=0.7671806216239929
ranking_best_algo: Tabu
ranking_best_score: 0.7601875690625
ranking_my_rank: 20/504 (96.2%)
ranking_my_percent: 96.23015873015873
