ConfigName: krbf__advnormalizedfitness__M3__L15__eps0p03__g0p01__ds0p05__dm0p05
Problem: QUBO
Kernel: rbf
Advantage: normalizedfitness
M: 3
lambda: 15
epsilon_svgd: 0.03
gamma: 0.01
decay_start_ratio: 0.05
decay_min_factor: 0.05
bandwith_kernel: None
no_interact: False
avg_score: -3088.60009765625
median_score: -3097.5
std_score: 183.78749084472656
percentiles: 2%=-3439.47998046875, 5%=-3386.050048828125, 10%=-3325.39990234375, 25%=-3218.0, 50%=-3097.5, 75%=-2971.0, 90%=-2876.5, 95%=-2768.35009765625, 98%=-2724.159912109375
ranking_best_algo: RLSOnePlusOne
ranking_best_score: 3316.5199999999995
ranking_my_rank: 86/504 (83.1%)
ranking_my_percent: 83.13492063492063
