ConfigName: krbf__advnormalizedfitness__M1__L8__eps0p033__g0p005__ds0p15__dm0p01
Problem: QUBO
Kernel: rbf
Advantage: normalizedfitness
M: 1
lambda: 8
epsilon_svgd: 0.033
gamma: 0.005
decay_start_ratio: 0.15
decay_min_factor: 0.01
bandwith_kernel: None
no_interact: False
avg_score: -2434.679931640625
median_score: -2444.5
std_score: 272.7641296386719
percentiles: 2%=-2713.719970703125, 5%=-2656.25, 10%=-2628.0, 25%=-2537.5, 50%=-2444.5, 75%=-2385.75, 90%=-2301.39990234375, 95%=-2247.60009765625, 98%=-2223.259521484375
ranking_best_algo: SVM1MetaModelLogNormal
ranking_best_score: 2605.14
ranking_my_rank: 89/504 (82.5%)
ranking_my_percent: 82.53968253968254
