ConfigName: krbf__advnormalizedfitness__M3__L8__eps0p033__g0p015__ds0p01__dm0p01
Problem: QUBO
Kernel: rbf
Advantage: normalizedfitness
M: 3
lambda: 8
epsilon_svgd: 0.033
gamma: 0.015
decay_start_ratio: 0.01
decay_min_factor: 0.01
bandwith_kernel: None
no_interact: False
avg_score: -912.6599731445312
median_score: -911.0
std_score: 60.42768096923828
percentiles: 2%=-1042.199951171875, 5%=-1028.050048828125, 10%=-993.7000122070312, 25%=-947.0, 50%=-911.0, 75%=-870.0, 90%=-836.9000244140625, 95%=-824.9500122070312, 98%=-811.6199340820312
ranking_best_algo: CMAL3
ranking_best_score: 928.5800000000002
ranking_my_rank: 19/504 (96.4%)
ranking_my_percent: 96.42857142857143
