ConfigName: kjsd__advperagentrankweighted__M3__L16__eps0p007__g0p0005__ds0p05__dm0p2
Problem: NK
Kernel: jsd
Advantage: peragentrankweighted
M: 3
lambda: 16
epsilon_svgd: 0.007
gamma: 0.0005
decay_start_ratio: 0.05
decay_min_factor: 0.2
bandwith_kernel: None
no_interact: False
avg_score: 0.7329557538032532
median_score: 0.7336266040802002
std_score: 0.008251432329416275
percentiles: 2%=0.717892587184906, 5%=0.7193527817726135, 10%=0.722108781337738, 25%=0.7262120842933655, 50%=0.7336266040802002, 75%=0.739859938621521, 90%=0.7433151006698608, 95%=0.7454362511634827, 98%=0.74564528465271
ranking_best_algo: PBIL
ranking_best_score: 0.7248786399609374
ranking_my_rank: 1/504 (100.0%)
ranking_my_percent: 100.0
