ConfigName: kjsd__advperagentrankweighted__M6__L10__eps0p02__g0p0005__ds0p05__dm0p05
Problem: NK
Kernel: jsd
Advantage: peragentrankweighted
M: 6
lambda: 10
epsilon_svgd: 0.02
gamma: 0.0005
decay_start_ratio: 0.05
decay_min_factor: 0.05
bandwith_kernel: None
no_interact: False
avg_score: 0.7351406812667847
median_score: 0.7345651388168335
std_score: 0.01313869934529066
percentiles: 2%=0.714603066444397, 5%=0.7160177826881409, 10%=0.7175144553184509, 25%=0.724977433681488, 50%=0.7345651388168335, 75%=0.7424043416976929, 90%=0.7505956888198853, 95%=0.7609790563583374, 98%=0.7631978392601013
ranking_best_algo: Tabu
ranking_best_score: 0.7601875690625
ranking_my_rank: 28/504 (94.6%)
ranking_my_percent: 94.64285714285714
