ConfigName: krbf__advnormalizedfitness__M3__L10__eps0p025__g0p01__ds0p01__dm0p3
Problem: QUBO
Kernel: rbf
Advantage: normalizedfitness
M: 3
lambda: 10
epsilon_svgd: 0.025
gamma: 0.01
decay_start_ratio: 0.01
decay_min_factor: 0.3
bandwith_kernel: None
no_interact: False
avg_score: -2984.10009765625
median_score: -2964.0
std_score: 210.35691833496094
percentiles: 2%=-3328.02001953125, 5%=-3271.39990234375, 10%=-3250.199951171875, 25%=-3172.0, 50%=-2964.0, 75%=-2832.5, 90%=-2733.5, 95%=-2667.900390625, 98%=-2531.83984375
ranking_best_algo: RLSOnePlusOne
ranking_best_score: 3316.5199999999995
ranking_my_rank: 131/504 (74.2%)
ranking_my_percent: 74.2063492063492
