ConfigName: kjsd__advperagentrankweighted__M5__L10__eps0p01__g0p0007__ds0p05__dm0p05
Problem: QUBO
Kernel: jsd
Advantage: peragentrankweighted
M: 5
lambda: 10
epsilon_svgd: 0.01
gamma: 0.0007
decay_start_ratio: 0.05
decay_min_factor: 0.05
bandwith_kernel: None
no_interact: False
avg_score: -1621.47998046875
median_score: -1619.0
std_score: 57.259315490722656
percentiles: 2%=-1730.02001953125, 5%=-1715.0, 10%=-1698.0, 25%=-1660.0, 50%=-1619.0, 75%=-1583.75, 90%=-1540.4000244140625, 95%=-1526.5, 98%=-1513.0
ranking_best_algo: NLOPT_LN_PRAXIS
ranking_best_score: 1607.12
ranking_my_rank: 1/504 (100.0%)
ranking_my_percent: 100.0
