ConfigName: kfr__advglobalrankweighted__M4__L15__eps0p02__g0p003__ds0p01__dm0p01
Problem: QUBO
Kernel: fr
Advantage: globalrankweighted
M: 4
lambda: 15
epsilon_svgd: 0.02
gamma: 0.003
decay_start_ratio: 0.01
decay_min_factor: 0.01
bandwith_kernel: None
no_interact: False
avg_score: -329.8399963378906
median_score: -334.0
std_score: 20.727142333984375
percentiles: 2%=-372.0, 5%=-357.20001220703125, 10%=-350.3999938964844, 25%=-343.0, 50%=-334.0, 75%=-315.5, 90%=-298.0, 95%=-293.9000244140625, 98%=-287.8799743652344
ranking_best_algo: CMApara
ranking_best_score: 344.22
ranking_my_rank: 80/504 (84.3%)
ranking_my_percent: 84.32539682539682
