ConfigName: kjsd__advperagentrankweighted__M3__L18__eps0p01__g0p001__ds0p1__dm0p05
Problem: NK
Kernel: jsd
Advantage: peragentrankweighted
M: 3
lambda: 18
epsilon_svgd: 0.01
gamma: 0.001
decay_start_ratio: 0.1
decay_min_factor: 0.05
bandwith_kernel: None
no_interact: False
avg_score: 0.7423520088195801
median_score: 0.7413142919540405
std_score: 0.013006000779569149
percentiles: 2%=0.7173682451248169, 5%=0.722967267036438, 10%=0.7274945974349976, 25%=0.7334741353988647, 50%=0.7413142919540405, 75%=0.7497871518135071, 90%=0.7601467370986938, 95%=0.7624340653419495, 98%=0.7714133262634277
ranking_best_algo: Tabu
ranking_best_score: 0.7601875690625
ranking_my_rank: 11/504 (98.0%)
ranking_my_percent: 98.01587301587301
