ConfigName: kjsd__advperagentrankweighted__M5__L8__eps0p01__g0p003__ds0p4__dm0p05
Problem: NK
Kernel: jsd
Advantage: peragentrankweighted
M: 5
lambda: 8
epsilon_svgd: 0.01
gamma: 0.003
decay_start_ratio: 0.4
decay_min_factor: 0.05
bandwith_kernel: None
no_interact: False
avg_score: 0.7298072576522827
median_score: 0.7314079403877258
std_score: 0.01058955118060112
percentiles: 2%=0.7073911428451538, 5%=0.7102451324462891, 10%=0.7153051495552063, 25%=0.7218174934387207, 50%=0.7314079403877258, 75%=0.7370660305023193, 90%=0.7431185841560364, 95%=0.7455922365188599, 98%=0.7470737099647522
ranking_best_algo: PBIL
ranking_best_score: 0.7248786399609374
ranking_my_rank: 1/504 (100.0%)
ranking_my_percent: 100.0
