ConfigName: kjsd__advperagentrankweighted__M3__L20__eps0p01__g0p0005__ds0p05__dm0p1
Problem: QUBO
Kernel: jsd
Advantage: peragentrankweighted
M: 3
lambda: 20
epsilon_svgd: 0.01
gamma: 0.0005
decay_start_ratio: 0.05
decay_min_factor: 0.1
bandwith_kernel: None
no_interact: False
avg_score: -578.4199829101562
median_score: -577.5
std_score: 29.572681427001953
percentiles: 2%=-632.0399780273438, 5%=-631.0, 10%=-617.0, 25%=-599.0, 50%=-577.5, 75%=-562.0, 90%=-538.0, 95%=-530.9500122070312, 98%=-527.8800048828125
ranking_best_algo: Tabu
ranking_best_score: 588.7199999999999
ranking_my_rank: 42/503 (91.8%)
ranking_my_percent: 91.84890656063618
