ConfigName: krbf__advnormalizedfitness__M3__L15__eps0p033__g0p015__ds0p01__dm0p3
Problem: NK
Kernel: rbf
Advantage: normalizedfitness
M: 3
lambda: 15
epsilon_svgd: 0.033
gamma: 0.015
decay_start_ratio: 0.01
decay_min_factor: 0.3
bandwith_kernel: None
no_interact: False
avg_score: 0.7089473009109497
median_score: 0.7104556560516357
std_score: 0.015909967944025993
percentiles: 2%=0.6678310036659241, 5%=0.6696071624755859, 10%=0.6943821907043457, 25%=0.7054197788238525, 50%=0.7104556560516357, 75%=0.7190179824829102, 90%=0.7251975536346436, 95%=0.7312237620353699, 98%=0.7318004369735718
ranking_best_algo: CMApara
ranking_best_score: 0.707475975
ranking_my_rank: 1/504 (100.0%)
ranking_my_percent: 100.0
