ConfigName: kjsd__advperagentrankweighted__M6__L10__eps0p02__g0p0007__ds0p05__dm0p05
Problem: NK
Kernel: jsd
Advantage: peragentrankweighted
M: 6
lambda: 10
epsilon_svgd: 0.02
gamma: 0.0007
decay_start_ratio: 0.05
decay_min_factor: 0.05
bandwith_kernel: None
no_interact: False
avg_score: 0.7358422875404358
median_score: 0.7377812266349792
std_score: 0.00872782152146101
percentiles: 2%=0.7178059816360474, 5%=0.719954252243042, 10%=0.7216942310333252, 25%=0.7301080822944641, 50%=0.7377812266349792, 75%=0.7425207495689392, 90%=0.7457193732261658, 95%=0.7469756603240967, 98%=0.7496945261955261
ranking_best_algo: PBIL
ranking_best_score: 0.730509098125
ranking_my_rank: 1/504 (100.0%)
ranking_my_percent: 100.0
