ConfigName: krbf__advnormalizedfitness__M3__L24__eps0p025__g0p005__ds0p05__dm0p05
Problem: QUBO
Kernel: rbf
Advantage: normalizedfitness
M: 3
lambda: 24
epsilon_svgd: 0.025
gamma: 0.005
decay_start_ratio: 0.05
decay_min_factor: 0.05
bandwith_kernel: None
no_interact: False
avg_score: -1250.1600341796875
median_score: -1248.0
std_score: 71.173828125
percentiles: 2%=-1399.199951171875, 5%=-1368.8499755859375, 10%=-1350.0, 25%=-1293.25, 50%=-1248.0, 75%=-1196.75, 90%=-1161.0, 95%=-1141.8499755859375, 98%=-1114.6800537109375
ranking_best_algo: BigLognormalDiscreteOnePlusOne
ranking_best_score: 1301.3600000000004
ranking_my_rank: 56/504 (89.1%)
ranking_my_percent: 89.08730158730158
