ConfigName: krbf__advnormalizedfitness__M3__L8__eps0p015__g0p007__ds0p3__dm0p3
Problem: QUBO
Kernel: rbf
Advantage: normalizedfitness
M: 3
lambda: 8
epsilon_svgd: 0.015
gamma: 0.007
decay_start_ratio: 0.3
decay_min_factor: 0.3
bandwith_kernel: None
no_interact: False
avg_score: -1465.6600341796875
median_score: -1453.0
std_score: 122.91763305664062
percentiles: 2%=-1710.6199951171875, 5%=-1674.0999755859375, 10%=-1638.5, 25%=-1548.75, 50%=-1453.0, 75%=-1373.5, 90%=-1303.5999755859375, 95%=-1270.9000244140625, 98%=-1258.2598876953125
ranking_best_algo: NLOPT_LN_PRAXIS
ranking_best_score: 1607.12
ranking_my_rank: 85/504 (83.3%)
ranking_my_percent: 83.33333333333333
