ConfigName: krbf__advnormalizedfitness__M2__L8__eps0p015__g0p01__ds0p15__dm0p01
Problem: NK
Kernel: rbf
Advantage: normalizedfitness
M: 2
lambda: 8
epsilon_svgd: 0.015
gamma: 0.01
decay_start_ratio: 0.15
decay_min_factor: 0.01
bandwith_kernel: None
no_interact: False
avg_score: 0.7142671942710876
median_score: 0.7156883478164673
std_score: 0.012617914006114006
percentiles: 2%=0.6843528151512146, 5%=0.6942257285118103, 10%=0.6976478099822998, 25%=0.7074407339096069, 50%=0.7156883478164673, 75%=0.7229816913604736, 90%=0.7309027314186096, 95%=0.7325028777122498, 98%=0.7347260117530823
ranking_best_algo: PBIL
ranking_best_score: 0.7170882103515624
ranking_my_rank: 40/504 (92.3%)
ranking_my_percent: 92.26190476190476
