ConfigName: kjsd__advperagentrankweighted__M3__L16__eps0p01__g0p0005__ds0p05__dm0p05
Problem: NK
Kernel: jsd
Advantage: peragentrankweighted
M: 3
lambda: 16
epsilon_svgd: 0.01
gamma: 0.0005
decay_start_ratio: 0.05
decay_min_factor: 0.05
bandwith_kernel: None
no_interact: False
avg_score: 0.7079026699066162
median_score: 0.7102856040000916
std_score: 0.015386716462671757
percentiles: 2%=0.6684349775314331, 5%=0.670659601688385, 10%=0.6938782334327698, 25%=0.7023500204086304, 50%=0.7102856040000916, 75%=0.71790611743927, 90%=0.7240737676620483, 95%=0.7306602001190186, 98%=0.7310519814491272
ranking_best_algo: CMApara
ranking_best_score: 0.707475975
ranking_my_rank: 1/504 (100.0%)
ranking_my_percent: 100.0
