ConfigName: kjsd__advperagentrankweighted__M3__L16__eps0p005__g0p001__ds0p05__dm0p2
Problem: NK
Kernel: jsd
Advantage: peragentrankweighted
M: 3
lambda: 16
epsilon_svgd: 0.005
gamma: 0.001
decay_start_ratio: 0.05
decay_min_factor: 0.2
bandwith_kernel: None
no_interact: False
avg_score: 0.7095053791999817
median_score: 0.7089921832084656
std_score: 0.010438828729093075
percentiles: 2%=0.6898537278175354, 5%=0.6923578977584839, 10%=0.6947199702262878, 25%=0.7033621668815613, 50%=0.7089921832084656, 75%=0.717551589012146, 90%=0.7214547395706177, 95%=0.7239509224891663, 98%=0.7319585084915161
ranking_best_algo: PBIL
ranking_best_score: 0.7170882103515624
ranking_my_rank: 54/504 (89.5%)
ranking_my_percent: 89.48412698412699
