ConfigName: kfr__advglobalrankweighted__M4__L9__eps0p02__g0p003__ds0p01__dm0p01
Problem: QUBO
Kernel: fr
Advantage: globalrankweighted
M: 4
lambda: 9
epsilon_svgd: 0.02
gamma: 0.003
decay_start_ratio: 0.01
decay_min_factor: 0.01
bandwith_kernel: None
no_interact: False
avg_score: -309.67999267578125
median_score: -307.0
std_score: 39.07911682128906
percentiles: 2%=-398.0, 5%=-388.0, 10%=-358.0, 25%=-332.0, 50%=-307.0, 75%=-274.5, 90%=-267.0, 95%=-261.70001220703125, 98%=-250.0
ranking_best_algo: CMApara
ranking_best_score: 319.29999999999995
ranking_my_rank: 72/504 (85.9%)
ranking_my_percent: 85.91269841269842
