ConfigName: kjsd__advperagentrankweighted__M8__L10__eps0p008__g0p0005__ds0p05__dm0p05
Problem: QUBO
Kernel: jsd
Advantage: peragentrankweighted
M: 8
lambda: 10
epsilon_svgd: 0.008
gamma: 0.0005
decay_start_ratio: 0.05
decay_min_factor: 0.05
bandwith_kernel: None
no_interact: False
avg_score: -1297.6199951171875
median_score: -1284.0
std_score: 68.07698059082031
percentiles: 2%=-1429.0400390625, 5%=-1405.300048828125, 10%=-1395.199951171875, 25%=-1353.0, 50%=-1284.0, 75%=-1248.5, 90%=-1209.0, 95%=-1189.0, 98%=-1185.6600341796875
ranking_best_algo: BigLognormalDiscreteOnePlusOne
ranking_best_score: 1301.3600000000004
ranking_my_rank: 2/504 (99.8%)
ranking_my_percent: 99.8015873015873
