ConfigName: kjsd__advperagentrankweighted__M3__L16__eps0p007__g0p0007__ds0p05__dm0p2
Problem: QUBO
Kernel: jsd
Advantage: peragentrankweighted
M: 3
lambda: 16
epsilon_svgd: 0.007
gamma: 0.0007
decay_start_ratio: 0.05
decay_min_factor: 0.2
bandwith_kernel: None
no_interact: False
avg_score: -1250.780029296875
median_score: -1245.5
std_score: 64.42462158203125
percentiles: 2%=-1385.3399658203125, 5%=-1357.199951171875, 10%=-1333.199951171875, 25%=-1297.0, 50%=-1245.5, 75%=-1202.75, 90%=-1166.5999755859375, 95%=-1152.9000244140625, 98%=-1132.9000244140625
ranking_best_algo: SVMMetaModelLogNormal
ranking_best_score: 1233.7999999999997
ranking_my_rank: 1/504 (100.0%)
ranking_my_percent: 100.0
