ConfigName: krbf__advnormalizedfitness__M4__L15__eps0p025__g0p007__ds0p01__dm0p3
Problem: NK
Kernel: rbf
Advantage: normalizedfitness
M: 4
lambda: 15
epsilon_svgd: 0.025
gamma: 0.007
decay_start_ratio: 0.01
decay_min_factor: 0.3
bandwith_kernel: None
no_interact: False
avg_score: 0.6920770406723022
median_score: 0.6932507753372192
std_score: 0.012538452632725239
percentiles: 2%=0.6677005290985107, 5%=0.6752954125404358, 10%=0.6766583919525146, 25%=0.6802057027816772, 50%=0.6932507753372192, 75%=0.7028974890708923, 90%=0.7058106064796448, 95%=0.7111386656761169, 98%=0.7128554582595825
ranking_best_algo: PBIL
ranking_best_score: 0.7013553837109374
ranking_my_rank: 54/504 (89.5%)
ranking_my_percent: 89.48412698412699
