ConfigName: kfr__advglobalrankweighted__M4__L5__eps0p01__g0p005__ds0p01__dm0p01
Problem: NK
Kernel: fr
Advantage: globalrankweighted
M: 4
lambda: 5
epsilon_svgd: 0.01
gamma: 0.005
decay_start_ratio: 0.01
decay_min_factor: 0.01
bandwith_kernel: None
no_interact: False
avg_score: 0.7385539412498474
median_score: 0.740561306476593
std_score: 0.008561987429857254
percentiles: 2%=0.7189760804176331, 5%=0.7206528782844543, 10%=0.7256752252578735, 25%=0.7332587242126465, 50%=0.740561306476593, 75%=0.7449089288711548, 90%=0.7483797073364258, 95%=0.7489826083183289, 98%=0.7504295110702515
ranking_best_algo: PBIL
ranking_best_score: 0.7248786399609374
ranking_my_rank: 1/504 (100.0%)
ranking_my_percent: 100.0
