ConfigName: kjsd__advperagentrankweighted__M3__L16__eps0p007__g0p003__ds0p1__dm0p2
Problem: QUBO
Kernel: jsd
Advantage: peragentrankweighted
M: 3
lambda: 16
epsilon_svgd: 0.007
gamma: 0.003
decay_start_ratio: 0.1
decay_min_factor: 0.2
bandwith_kernel: None
no_interact: False
avg_score: -310.8800048828125
median_score: -310.0
std_score: 37.6864128112793
percentiles: 2%=-392.0400085449219, 5%=-386.0, 10%=-356.0, 25%=-334.5, 50%=-310.0, 75%=-276.0, 90%=-268.0, 95%=-263.8500061035156, 98%=-259.9599914550781
ranking_best_algo: CMApara
ranking_best_score: 319.29999999999995
ranking_my_rank: 40/504 (92.3%)
ranking_my_percent: 92.26190476190476
