ConfigName: krbf__advnormalizedfitness__M3__L15__eps0p033__g0p005__ds0p01__dm0p01
Problem: QUBO
Kernel: rbf
Advantage: normalizedfitness
M: 3
lambda: 15
epsilon_svgd: 0.033
gamma: 0.005
decay_start_ratio: 0.01
decay_min_factor: 0.01
bandwith_kernel: None
no_interact: False
avg_score: -2539.419921875
median_score: -2525.0
std_score: 142.04318237304688
percentiles: 2%=-2788.360107421875, 5%=-2776.14990234375, 10%=-2737.699951171875, 25%=-2642.25, 50%=-2525.0, 75%=-2426.0, 90%=-2369.39990234375, 95%=-2322.5, 98%=-2308.83984375
ranking_best_algo: SVM1MetaModelLogNormal
ranking_best_score: 2605.14
ranking_my_rank: 44/504 (91.5%)
ranking_my_percent: 91.46825396825396
