ConfigName: krbf__advnormalizedfitness__M3__L12__eps0p015__g0p007__ds0p15__dm0p3
Problem: QUBO
Kernel: rbf
Advantage: normalizedfitness
M: 3
lambda: 12
epsilon_svgd: 0.015
gamma: 0.007
decay_start_ratio: 0.15
decay_min_factor: 0.3
bandwith_kernel: None
no_interact: False
avg_score: -139.17999267578125
median_score: -141.0
std_score: 10.032327651977539
percentiles: 2%=-158.05999755859375, 5%=-156.0, 10%=-152.0, 25%=-146.0, 50%=-141.0, 75%=-131.0, 90%=-127.0, 95%=-122.90000915527344, 98%=-119.89997863769531
ranking_best_algo: DiscreteDE
ranking_best_score: 143.4
ranking_my_rank: 86/504 (83.1%)
ranking_my_percent: 83.13492063492063
