ConfigName: krbf__advnormalizedfitness__M3__L10__eps0p025__g0p01__ds0p05__dm0p05
Problem: QUBO
Kernel: rbf
Advantage: normalizedfitness
M: 3
lambda: 10
epsilon_svgd: 0.025
gamma: 0.01
decay_start_ratio: 0.05
decay_min_factor: 0.05
bandwith_kernel: None
no_interact: False
avg_score: -1566.1199951171875
median_score: -1563.0
std_score: 72.60665130615234
percentiles: 2%=-1726.0, 5%=-1692.1500244140625, 10%=-1675.5999755859375, 25%=-1611.5, 50%=-1563.0, 75%=-1524.25, 90%=-1464.800048828125, 95%=-1451.949951171875, 98%=-1444.760009765625
ranking_best_algo: NLOPT_LN_PRAXIS
ranking_best_score: 1607.12
ranking_my_rank: 48/504 (90.7%)
ranking_my_percent: 90.67460317460318
