ConfigName: kjsd__advperagentrankweighted__M3__L16__eps0p007__g0p003__ds0p1__dm0p2
Problem: NK
Kernel: jsd
Advantage: peragentrankweighted
M: 3
lambda: 16
epsilon_svgd: 0.007
gamma: 0.003
decay_start_ratio: 0.1
decay_min_factor: 0.2
bandwith_kernel: None
no_interact: False
avg_score: 0.6894246935844421
median_score: 0.6887854337692261
std_score: 0.0230000801384449
percentiles: 2%=0.6508274078369141, 5%=0.6523863673210144, 10%=0.6595629453659058, 25%=0.6741379499435425, 50%=0.6887854337692261, 75%=0.7098898887634277, 90%=0.7187954783439636, 95%=0.7241895794868469, 98%=0.7285458445549011
ranking_best_algo: Tabu
ranking_best_score: 0.7429702712499999
ranking_my_rank: 245/504 (51.6%)
ranking_my_percent: 51.58730158730159
