ConfigName: krbf__advnormalizedfitness__M3__L12__eps0p033__g0p015__ds0p3__dm0p3
Problem: NK
Kernel: rbf
Advantage: normalizedfitness
M: 3
lambda: 12
epsilon_svgd: 0.033
gamma: 0.015
decay_start_ratio: 0.3
decay_min_factor: 0.3
bandwith_kernel: None
no_interact: False
avg_score: 0.7481266856193542
median_score: 0.7478165030479431
std_score: 0.01506678108125925
percentiles: 2%=0.7208636403083801, 5%=0.7243230938911438, 10%=0.728560745716095, 25%=0.7367115020751953, 50%=0.7478165030479431, 75%=0.7602402567863464, 90%=0.7667304277420044, 95%=0.771950900554657, 98%=0.774775505065918
ranking_best_algo: Tabu
ranking_best_score: 0.7657846284375001
ranking_my_rank: 33/504 (93.7%)
ranking_my_percent: 93.65079365079364
