ConfigName: krbf__advnormalizedfitness__M4__L15__eps0p025__g0p005__ds0p3__dm0p3
Problem: QUBO
Kernel: rbf
Advantage: normalizedfitness
M: 4
lambda: 15
epsilon_svgd: 0.025
gamma: 0.005
decay_start_ratio: 0.3
decay_min_factor: 0.3
bandwith_kernel: None
no_interact: False
avg_score: -309.4200134277344
median_score: -309.0
std_score: 36.855712890625
percentiles: 2%=-392.0400085449219, 5%=-378.1000061035156, 10%=-353.3999938964844, 25%=-332.5, 50%=-309.0, 75%=-273.75, 90%=-267.79998779296875, 95%=-262.7500305175781, 98%=-255.79995727539062
ranking_best_algo: CMApara
ranking_best_score: 319.29999999999995
ranking_my_rank: 76/504 (85.1%)
ranking_my_percent: 85.11904761904762
