ConfigName: kjsd__advperagentrankweighted__M3__L20__eps0p005__g0p0005__ds0p1__dm0p1
Problem: QUBO
Kernel: jsd
Advantage: peragentrankweighted
M: 3
lambda: 20
epsilon_svgd: 0.005
gamma: 0.0005
decay_start_ratio: 0.1
decay_min_factor: 0.1
bandwith_kernel: None
no_interact: False
avg_score: -413.17999267578125
median_score: -416.0
std_score: 25.57513427734375
percentiles: 2%=-461.0799865722656, 5%=-454.1499938964844, 10%=-447.20001220703125, 25%=-432.25, 50%=-416.0, 75%=-396.0, 90%=-377.79998779296875, 95%=-369.8999938964844, 98%=-363.9599914550781
ranking_best_algo: Tabu
ranking_best_score: 438.12
ranking_my_rank: 59/504 (88.5%)
ranking_my_percent: 88.4920634920635
