ConfigName: kjsd__advperagentrankweighted__M5__L10__eps0p01__g0p0005__ds0p4__dm0p05
Problem: NK
Kernel: jsd
Advantage: peragentrankweighted
M: 5
lambda: 10
epsilon_svgd: 0.01
gamma: 0.0005
decay_start_ratio: 0.4
decay_min_factor: 0.05
bandwith_kernel: None
no_interact: False
avg_score: 0.7141976356506348
median_score: 0.7133885622024536
std_score: 0.007109820377081633
percentiles: 2%=0.7013280391693115, 5%=0.7030951976776123, 10%=0.7053139209747314, 25%=0.709605872631073, 50%=0.7133885622024536, 75%=0.7189927101135254, 90%=0.723320484161377, 95%=0.7265129089355469, 98%=0.7301310300827026
ranking_best_algo: PBIL
ranking_best_score: 0.7170882103515624
ranking_my_rank: 41/504 (92.1%)
ranking_my_percent: 92.06349206349206
