ConfigName: krbf__advnormalizedfitness__M1__L8__eps0p033__g0p007__ds0p01__dm0p3
Problem: NK
Kernel: rbf
Advantage: normalizedfitness
M: 1
lambda: 8
epsilon_svgd: 0.033
gamma: 0.007
decay_start_ratio: 0.01
decay_min_factor: 0.3
bandwith_kernel: None
no_interact: False
avg_score: 0.7202805876731873
median_score: 0.7221541404724121
std_score: 0.016915246844291687
percentiles: 2%=0.6879788041114807, 5%=0.6926049590110779, 10%=0.7011391520500183, 25%=0.7092355489730835, 50%=0.7221541404724121, 75%=0.7288084626197815, 90%=0.7394691109657288, 95%=0.7490240335464478, 98%=0.7533367276191711
ranking_best_algo: Tabu
ranking_best_score: 0.7601875690625
ranking_my_rank: 145/504 (71.4%)
ranking_my_percent: 71.42857142857143
