ConfigName: kjsd__advperagentrankweighted__M4__L8__eps0p01__g0p0005__ds0p05__dm0p05
Problem: QUBO
Kernel: jsd
Advantage: peragentrankweighted
M: 4
lambda: 8
epsilon_svgd: 0.01
gamma: 0.0005
decay_start_ratio: 0.05
decay_min_factor: 0.05
bandwith_kernel: None
no_interact: False
avg_score: -912.1599731445312
median_score: -910.0
std_score: 59.1752815246582
percentiles: 2%=-1024.0400390625, 5%=-1008.5999755859375, 10%=-1001.0999755859375, 25%=-955.5, 50%=-910.0, 75%=-867.5, 90%=-834.7000122070312, 95%=-820.7000122070312, 98%=-809.97998046875
ranking_best_algo: CMAL3
ranking_best_score: 928.5800000000002
ranking_my_rank: 20/504 (96.2%)
ranking_my_percent: 96.23015873015873
