ConfigName: kfr__advglobalrankweighted__M4__L24__eps0p06__g0p005__ds0p01__dm0p01
Problem: NK
Kernel: fr
Advantage: globalrankweighted
M: 4
lambda: 24
epsilon_svgd: 0.06
gamma: 0.005
decay_start_ratio: 0.01
decay_min_factor: 0.01
bandwith_kernel: None
no_interact: False
avg_score: 0.7359315752983093
median_score: 0.7371175289154053
std_score: 0.009001859463751316
percentiles: 2%=0.7164764404296875, 5%=0.7180982828140259, 10%=0.7223151922225952, 25%=0.731766402721405, 50%=0.7371175289154053, 75%=0.7430087327957153, 90%=0.7459765076637268, 95%=0.7475751042366028, 98%=0.7485792636871338
ranking_best_algo: PBIL
ranking_best_score: 0.7248786399609374
ranking_my_rank: 1/504 (100.0%)
ranking_my_percent: 100.0
