ConfigName: kjsd__advperagentrankweighted__M3__L16__eps0p005__g0p003__ds0p05__dm0p05
Problem: NK
Kernel: jsd
Advantage: peragentrankweighted
M: 3
lambda: 16
epsilon_svgd: 0.005
gamma: 0.003
decay_start_ratio: 0.05
decay_min_factor: 0.05
bandwith_kernel: None
no_interact: False
avg_score: 0.7342960834503174
median_score: 0.7354462146759033
std_score: 0.016126999631524086
percentiles: 2%=0.6955129504203796, 5%=0.7116005420684814, 10%=0.7128119468688965, 25%=0.7249740362167358, 50%=0.7354462146759033, 75%=0.7447729706764221, 90%=0.7557365894317627, 95%=0.7587172985076904, 98%=0.7640412449836731
ranking_best_algo: Tabu
ranking_best_score: 0.7601875690625
ranking_my_rank: 31/504 (94.0%)
ranking_my_percent: 94.04761904761905
