ConfigName: krbf__advnormalizedfitness__M4__L15__eps0p01__g0p002__ds0p05__dm0p05
Problem: QUBO
Kernel: rbf
Advantage: normalizedfitness
M: 4
lambda: 15
epsilon_svgd: 0.01
gamma: 0.002
decay_start_ratio: 0.05
decay_min_factor: 0.05
bandwith_kernel: None
no_interact: False
avg_score: -310.8599853515625
median_score: -312.0
std_score: 40.66768264770508
percentiles: 2%=-396.0, 5%=-392.0, 10%=-361.6000061035156, 25%=-336.5, 50%=-312.0, 75%=-270.5, 90%=-264.0, 95%=-260.0, 98%=-255.97999572753906
ranking_best_algo: CMApara
ranking_best_score: 319.29999999999995
ranking_my_rank: 40/504 (92.3%)
ranking_my_percent: 92.26190476190476
