ConfigName: krbf__advnormalizedfitness__M2__L8__eps0p025__g0p007__ds0p01__dm0p3
Problem: QUBO
Kernel: rbf
Advantage: normalizedfitness
M: 2
lambda: 8
epsilon_svgd: 0.025
gamma: 0.007
decay_start_ratio: 0.01
decay_min_factor: 0.3
bandwith_kernel: None
no_interact: False
avg_score: -136.39999389648438
median_score: -139.5
std_score: 13.401493072509766
percentiles: 2%=-158.0, 5%=-156.0500030517578, 10%=-152.10000610351562, 25%=-146.0, 50%=-139.5, 75%=-128.0, 90%=-119.69999694824219, 95%=-112.9000015258789, 98%=-106.87999725341797
ranking_best_algo: DiscreteDE
ranking_best_score: 143.4
ranking_my_rank: 214/504 (57.7%)
ranking_my_percent: 57.73809523809524
