ConfigName: kfr__advglobalrankweighted__M4__L24__eps0p03__g0p001__ds0p01__dm0p01
Problem: QUBO
Kernel: fr
Advantage: globalrankweighted
M: 4
lambda: 24
epsilon_svgd: 0.03
gamma: 0.001
decay_start_ratio: 0.01
decay_min_factor: 0.01
bandwith_kernel: None
no_interact: False
avg_score: -903.9199829101562
median_score: -899.5
std_score: 62.27851867675781
percentiles: 2%=-1037.4200439453125, 5%=-998.1500244140625, 10%=-980.4000244140625, 25%=-941.0, 50%=-899.5, 75%=-865.25, 90%=-822.7999877929688, 95%=-795.9500122070312, 98%=-780.9199829101562
ranking_best_algo: CMAL3
ranking_best_score: 928.5800000000002
ranking_my_rank: 66/504 (87.1%)
ranking_my_percent: 87.10317460317461
