ConfigName: kjsd__advperagentrankweighted__M4__L8__eps0p01__g0p0005__ds0p4__dm0p05
Problem: NK
Kernel: jsd
Advantage: peragentrankweighted
M: 4
lambda: 8
epsilon_svgd: 0.01
gamma: 0.0005
decay_start_ratio: 0.4
decay_min_factor: 0.05
bandwith_kernel: None
no_interact: False
avg_score: 0.7468602061271667
median_score: 0.7468408346176147
std_score: 0.011083956807851791
percentiles: 2%=0.7259680032730103, 5%=0.7283110022544861, 10%=0.7328203916549683, 25%=0.7392175197601318, 50%=0.7468408346176147, 75%=0.7531571984291077, 90%=0.7610440850257874, 95%=0.7657506465911865, 98%=0.7672652006149292
ranking_best_algo: Tabu
ranking_best_score: 0.7470791764843752
ranking_my_rank: 2/504 (99.8%)
ranking_my_percent: 99.8015873015873
