ConfigName: kjsd__advperagentrankweighted__M3__L24__eps0p005__g0p0005__ds0p2__dm0p2
Problem: QUBO
Kernel: jsd
Advantage: peragentrankweighted
M: 3
lambda: 24
epsilon_svgd: 0.005
gamma: 0.0005
decay_start_ratio: 0.2
decay_min_factor: 0.2
bandwith_kernel: None
no_interact: False
avg_score: -412.3800048828125
median_score: -412.5
std_score: 28.848148345947266
percentiles: 2%=-475.0, 5%=-455.1000061035156, 10%=-452.1000061035156, 25%=-430.0, 50%=-412.5, 75%=-390.75, 90%=-376.8999938964844, 95%=-363.8999938964844, 98%=-348.0
ranking_best_algo: Tabu
ranking_best_score: 438.12
ranking_my_rank: 67/504 (86.9%)
ranking_my_percent: 86.9047619047619
