ConfigName: kjsd__advperagentrankweighted__M4__L12__eps0p005__g0p001__ds0p05__dm0p2
Problem: NK
Kernel: jsd
Advantage: peragentrankweighted
M: 4
lambda: 12
epsilon_svgd: 0.005
gamma: 0.001
decay_start_ratio: 0.05
decay_min_factor: 0.2
bandwith_kernel: None
no_interact: False
avg_score: 0.7259128093719482
median_score: 0.7236836552619934
std_score: 0.012736252509057522
percentiles: 2%=0.7047756910324097, 5%=0.7092355489730835, 10%=0.7112828493118286, 25%=0.7165591716766357, 50%=0.7236836552619934, 75%=0.734553337097168, 90%=0.743614912033081, 95%=0.749400794506073, 98%=0.7573468089103699
ranking_best_algo: Tabu
ranking_best_score: 0.7429702712499999
ranking_my_rank: 3/504 (99.6%)
ranking_my_percent: 99.60317460317461
