ConfigName: kjsd__advperagentrankweighted__M3__L20__eps0p007__g0p0005__ds0p2__dm0p2
Problem: QUBO
Kernel: jsd
Advantage: peragentrankweighted
M: 3
lambda: 20
epsilon_svgd: 0.007
gamma: 0.0005
decay_start_ratio: 0.2
decay_min_factor: 0.2
bandwith_kernel: None
no_interact: False
avg_score: -3299.260009765625
median_score: -3292.0
std_score: 126.0616226196289
percentiles: 2%=-3568.280029296875, 5%=-3507.10009765625, 10%=-3479.10009765625, 25%=-3382.0, 50%=-3292.0, 75%=-3204.75, 90%=-3150.10009765625, 95%=-3104.949951171875, 98%=-3076.179931640625
ranking_best_algo: RLSOnePlusOne
ranking_best_score: 3316.5199999999995
ranking_my_rank: 3/504 (99.6%)
ranking_my_percent: 99.60317460317461
