ConfigName: krbf__advnormalizedfitness__M1__L8__eps0p025__g0p007__ds0p01__dm0p01
Problem: QUBO
Kernel: rbf
Advantage: normalizedfitness
M: 1
lambda: 8
epsilon_svgd: 0.025
gamma: 0.007
decay_start_ratio: 0.01
decay_min_factor: 0.01
bandwith_kernel: None
no_interact: False
avg_score: -420.3999938964844
median_score: -421.5
std_score: 31.956846237182617
percentiles: 2%=-477.20001220703125, 5%=-470.04998779296875, 10%=-459.0, 25%=-447.0, 50%=-421.5, 75%=-393.0, 90%=-380.6000061035156, 95%=-374.9000244140625, 98%=-359.8799743652344
ranking_best_algo: CMApara
ranking_best_score: 453.82
ranking_my_rank: 160/504 (68.5%)
ranking_my_percent: 68.45238095238095
