ConfigName: kjsd__advperagentrankweighted__M3__L18__eps0p007__g0p0005__ds0p05__dm0p1
Problem: NK
Kernel: jsd
Advantage: peragentrankweighted
M: 3
lambda: 18
epsilon_svgd: 0.007
gamma: 0.0005
decay_start_ratio: 0.05
decay_min_factor: 0.1
bandwith_kernel: None
no_interact: False
avg_score: 0.7430501580238342
median_score: 0.7408133745193481
std_score: 0.02855466492474079
percentiles: 2%=0.7020670771598816, 5%=0.7057552933692932, 10%=0.710521936416626, 25%=0.7220994234085083, 50%=0.7408133745193481, 75%=0.7559077143669128, 90%=0.7782467603683472, 95%=0.8078444600105286, 98%=0.8118547797203064
ranking_best_algo: CMApara
ranking_best_score: 0.7459277895312499
ranking_my_rank: 13/504 (97.6%)
ranking_my_percent: 97.61904761904762
