ConfigName: kjsd__advperagentrankweighted__M5__L8__eps0p01__g0p0005__ds0p2__dm0p2
Problem: QUBO
Kernel: jsd
Advantage: peragentrankweighted
M: 5
lambda: 8
epsilon_svgd: 0.01
gamma: 0.0005
decay_start_ratio: 0.2
decay_min_factor: 0.2
bandwith_kernel: None
no_interact: False
avg_score: -912.280029296875
median_score: -911.0
std_score: 63.990478515625
percentiles: 2%=-1042.280029296875, 5%=-1026.0999755859375, 10%=-988.7999877929688, 25%=-952.0, 50%=-911.0, 75%=-859.0, 90%=-838.5, 95%=-817.8499755859375, 98%=-788.6400146484375
ranking_best_algo: CMAL3
ranking_best_score: 928.5800000000002
ranking_my_rank: 20/504 (96.2%)
ranking_my_percent: 96.23015873015873
