ConfigName: kjsd__advperagentrankweighted__M3__L30__eps0p007__g0p001__ds0p05__dm0p2
Problem: NK
Kernel: jsd
Advantage: peragentrankweighted
M: 3
lambda: 30
epsilon_svgd: 0.007
gamma: 0.001
decay_start_ratio: 0.05
decay_min_factor: 0.2
bandwith_kernel: None
no_interact: False
avg_score: 0.710593581199646
median_score: 0.711274266242981
std_score: 0.015382703393697739
percentiles: 2%=0.6732863187789917, 5%=0.6739691495895386, 10%=0.6929588317871094, 25%=0.7074072360992432, 50%=0.711274266242981, 75%=0.7204930782318115, 90%=0.725590705871582, 95%=0.7327792644500732, 98%=0.73401939868927
ranking_best_algo: CMApara
ranking_best_score: 0.707475975
ranking_my_rank: 1/504 (100.0%)
ranking_my_percent: 100.0
