ConfigName: kfr__advglobalrankweighted__M1__L7__eps0p02__g0p007__ds0p01__dm0p01
Problem: QUBO
Kernel: fr
Advantage: globalrankweighted
M: 1
lambda: 7
epsilon_svgd: 0.02
gamma: 0.007
decay_start_ratio: 0.01
decay_min_factor: 0.01
bandwith_kernel: None
no_interact: False
avg_score: -862.3800048828125
median_score: -855.5
std_score: 70.27827453613281
percentiles: 2%=-1036.0799560546875, 5%=-976.7999877929688, 10%=-951.7999877929688, 25%=-910.0, 50%=-855.5, 75%=-817.25, 90%=-774.7999877929688, 95%=-756.6500244140625, 98%=-736.8199462890625
ranking_best_algo: CMAL3
ranking_best_score: 928.5800000000002
ranking_my_rank: 193/504 (61.9%)
ranking_my_percent: 61.904761904761905
