ConfigName: krbf__advnormalizedfitness__M4__L15__eps0p025__g0p01__ds0p05__dm0p05
Problem: NK
Kernel: rbf
Advantage: normalizedfitness
M: 4
lambda: 15
epsilon_svgd: 0.025
gamma: 0.01
decay_start_ratio: 0.05
decay_min_factor: 0.05
bandwith_kernel: None
no_interact: False
avg_score: 0.7092854976654053
median_score: 0.7111169099807739
std_score: 0.011702598072588444
percentiles: 2%=0.6866196990013123, 5%=0.6878508925437927, 10%=0.6932909488677979, 25%=0.7010383605957031, 50%=0.7111169099807739, 75%=0.7174789309501648, 90%=0.7248257994651794, 95%=0.7262613773345947, 98%=0.7318146228790283
ranking_best_algo: PBIL
ranking_best_score: 0.7248786399609374
ranking_my_rank: 60/504 (88.3%)
ranking_my_percent: 88.2936507936508
