ConfigName: kjsd__advperagentrankweighted__M6__L12__eps0p005__g0p0005__ds0p05__dm0p05
Problem: NK
Kernel: jsd
Advantage: peragentrankweighted
M: 6
lambda: 12
epsilon_svgd: 0.005
gamma: 0.0005
decay_start_ratio: 0.05
decay_min_factor: 0.05
bandwith_kernel: None
no_interact: False
avg_score: 0.7449654936790466
median_score: 0.7449363470077515
std_score: 0.009820207953453064
percentiles: 2%=0.7227898240089417, 5%=0.7281701564788818, 10%=0.733165979385376, 25%=0.7392522096633911, 50%=0.7449363470077515, 75%=0.7508407831192017, 90%=0.7560110092163086, 95%=0.760927140712738, 98%=0.7682316899299622
ranking_best_algo: PBIL
ranking_best_score: 0.733570253046875
ranking_my_rank: 1/504 (100.0%)
ranking_my_percent: 100.0
