ConfigName: krbf__advnormalizedfitness__M4__L15__eps0p025__g0p005__ds0p15__dm0p3
Problem: QUBO
Kernel: rbf
Advantage: normalizedfitness
M: 4
lambda: 15
epsilon_svgd: 0.025
gamma: 0.005
decay_start_ratio: 0.15
decay_min_factor: 0.3
bandwith_kernel: None
no_interact: False
avg_score: -1144.780029296875
median_score: -1142.0
std_score: 94.1724624633789
percentiles: 2%=-1305.219970703125, 5%=-1297.0999755859375, 10%=-1261.4000244140625, 25%=-1225.25, 50%=-1142.0, 75%=-1074.25, 90%=-1020.5999755859375, 95%=-998.7000122070312, 98%=-962.2998657226562
ranking_best_algo: BigLognormalDiscreteOnePlusOne
ranking_best_score: 1301.3600000000004
ranking_my_rank: 161/504 (68.3%)
ranking_my_percent: 68.25396825396825
