ConfigName: kjsd__advperagentrankweighted__M3__L30__eps0p007__g0p0005__ds0p2__dm0p05
Problem: QUBO
Kernel: jsd
Advantage: peragentrankweighted
M: 3
lambda: 30
epsilon_svgd: 0.007
gamma: 0.0005
decay_start_ratio: 0.2
decay_min_factor: 0.05
bandwith_kernel: None
no_interact: False
avg_score: -427.05999755859375
median_score: -423.5
std_score: 27.522289276123047
percentiles: 2%=-481.0799865722656, 5%=-477.0, 10%=-473.0, 25%=-446.5, 50%=-423.5, 75%=-409.0, 90%=-394.70001220703125, 95%=-388.8999938964844, 98%=-377.79998779296875
ranking_best_algo: CMAL3
ranking_best_score: 435.36
ranking_my_rank: 20/504 (96.2%)
ranking_my_percent: 96.23015873015873
