ConfigName: kjsd__advperagentrankweighted__M4__L10__eps0p03__g0p0005__ds0p05__dm0p05
Problem: NK
Kernel: jsd
Advantage: peragentrankweighted
M: 4
lambda: 10
epsilon_svgd: 0.03
gamma: 0.0005
decay_start_ratio: 0.05
decay_min_factor: 0.05
bandwith_kernel: None
no_interact: False
avg_score: 0.7059487104415894
median_score: 0.7075519561767578
std_score: 0.01582838036119938
percentiles: 2%=0.6650334596633911, 5%=0.6669955253601074, 10%=0.6900840997695923, 25%=0.7021999359130859, 50%=0.7075519561767578, 75%=0.7141203880310059, 90%=0.7243514657020569, 95%=0.7303779125213623, 98%=0.7313470244407654
ranking_best_algo: CMApara
ranking_best_score: 0.707475975
ranking_my_rank: 5/504 (99.2%)
ranking_my_percent: 99.2063492063492
