ConfigName: krbf__advnormalizedfitness__M2__L8__eps0p015__g0p005__ds0p3__dm0p3
Problem: NK
Kernel: rbf
Advantage: normalizedfitness
M: 2
lambda: 8
epsilon_svgd: 0.015
gamma: 0.005
decay_start_ratio: 0.3
decay_min_factor: 0.3
bandwith_kernel: None
no_interact: False
avg_score: 0.7501141428947449
median_score: 0.7502928972244263
std_score: 0.014985740184783936
percentiles: 2%=0.7194640636444092, 5%=0.7223095297813416, 10%=0.7304312586784363, 25%=0.7395004034042358, 50%=0.7502928972244263, 75%=0.760530412197113, 90%=0.7702667713165283, 95%=0.7732799649238586, 98%=0.7795559167861938
ranking_best_algo: Tabu
ranking_best_score: 0.7657846284375001
ranking_my_rank: 23/504 (95.6%)
ranking_my_percent: 95.63492063492063
