ConfigName: kjsd__advperagentrankweighted__M5__L8__eps0p01__g0p0003__ds0p2__dm0p05
Problem: QUBO
Kernel: jsd
Advantage: peragentrankweighted
M: 5
lambda: 8
epsilon_svgd: 0.01
gamma: 0.0003
decay_start_ratio: 0.2
decay_min_factor: 0.05
bandwith_kernel: None
no_interact: False
avg_score: -2646.02001953125
median_score: -2643.5
std_score: 118.39002990722656
percentiles: 2%=-2885.0, 5%=-2843.89990234375, 10%=-2821.10009765625, 25%=-2725.25, 50%=-2643.5, 75%=-2563.5, 90%=-2491.5, 95%=-2457.10009765625, 98%=-2419.800048828125
ranking_best_algo: DiscreteLengler2OnePlusOne
ranking_best_score: 2617.04
ranking_my_rank: 1/504 (100.0%)
ranking_my_percent: 100.0
