ConfigName: krbf__advnormalizedfitness__M3__L10__eps0p025__g0p007__ds0p15__dm0p3
Problem: QUBO
Kernel: rbf
Advantage: normalizedfitness
M: 3
lambda: 10
epsilon_svgd: 0.025
gamma: 0.007
decay_start_ratio: 0.15
decay_min_factor: 0.3
bandwith_kernel: None
no_interact: False
avg_score: -309.0400085449219
median_score: -310.0
std_score: 40.01347732543945
percentiles: 2%=-394.0, 5%=-390.1000061035156, 10%=-360.0, 25%=-338.5, 50%=-310.0, 75%=-272.75, 90%=-262.8999938964844, 95%=-259.9000244140625, 98%=-256.97998046875
ranking_best_algo: CMApara
ranking_best_score: 319.29999999999995
ranking_my_rank: 82/504 (83.9%)
ranking_my_percent: 83.92857142857143
