ConfigName: kjsd__advperagentrankweighted__M3__L24__eps0p005__g0p0005__ds0p05__dm0p2
Problem: NK
Kernel: jsd
Advantage: peragentrankweighted
M: 3
lambda: 24
epsilon_svgd: 0.005
gamma: 0.0005
decay_start_ratio: 0.05
decay_min_factor: 0.2
bandwith_kernel: None
no_interact: False
avg_score: 0.7176371812820435
median_score: 0.7164086103439331
std_score: 0.008564731106162071
percentiles: 2%=0.7029725313186646, 5%=0.7046240568161011, 10%=0.7057574391365051, 25%=0.7115389108657837, 50%=0.7164086103439331, 75%=0.7226606607437134, 90%=0.7298076152801514, 95%=0.7323978543281555, 98%=0.73395836353302
ranking_best_algo: PBIL
ranking_best_score: 0.7170882103515624
ranking_my_rank: 1/504 (100.0%)
ranking_my_percent: 100.0
