ConfigName: kjsd__advperagentrankweighted__M3__L30__eps0p005__g0p001__ds0p2__dm0p1
Problem: NK
Kernel: jsd
Advantage: peragentrankweighted
M: 3
lambda: 30
epsilon_svgd: 0.005
gamma: 0.001
decay_start_ratio: 0.2
decay_min_factor: 0.1
bandwith_kernel: None
no_interact: False
avg_score: 0.7128506302833557
median_score: 0.7136321067810059
std_score: 0.015573689714074135
percentiles: 2%=0.6809226274490356, 5%=0.6866734027862549, 10%=0.6917427182197571, 25%=0.7029025554656982, 50%=0.7136321067810059, 75%=0.7231950759887695, 90%=0.730602502822876, 95%=0.7348769903182983, 98%=0.7427595853805542
ranking_best_algo: Tabu
ranking_best_score: 0.7429702712499999
ranking_my_rank: 139/504 (72.6%)
ranking_my_percent: 72.61904761904762
