ConfigName: kjsd__advperagentrankweighted__M4__L12__eps0p005__g0p0005__ds0p4__dm0p05
Problem: QUBO
Kernel: jsd
Advantage: peragentrankweighted
M: 4
lambda: 12
epsilon_svgd: 0.005
gamma: 0.0005
decay_start_ratio: 0.4
decay_min_factor: 0.05
bandwith_kernel: None
no_interact: False
avg_score: -583.239990234375
median_score: -583.5
std_score: 28.2322940826416
percentiles: 2%=-633.0399780273438, 5%=-629.0999755859375, 10%=-621.0, 25%=-603.25, 50%=-583.5, 75%=-562.75, 90%=-546.9000244140625, 95%=-540.9000244140625, 98%=-533.6199951171875
ranking_best_algo: Tabu
ranking_best_score: 588.7199999999999
ranking_my_rank: 5/503 (99.2%)
ranking_my_percent: 99.20477137176938
