ConfigName: krbf__advglobalrankweighted__M4__L11__eps0p015__g0p005__ds0p01__dm0p01
Problem: QUBO
Kernel: rbf
Advantage: globalrankweighted
M: 4
lambda: 11
epsilon_svgd: 0.015
gamma: 0.005
decay_start_ratio: 0.01
decay_min_factor: 0.01
bandwith_kernel: None
no_interact: False
avg_score: -328.2799987792969
median_score: -326.0
std_score: 21.301681518554688
percentiles: 2%=-372.0, 5%=-360.5, 10%=-355.0, 25%=-342.25, 50%=-326.0, 75%=-314.0, 90%=-299.79998779296875, 95%=-292.95001220703125, 98%=-285.91998291015625
ranking_best_algo: CMApara
ranking_best_score: 344.22
ranking_my_rank: 84/504 (83.5%)
ranking_my_percent: 83.53174603174604
