ConfigName: kjsd__advperagentrankweighted__M4__L10__eps0p005__g0p0007__ds0p4__dm0p05
Problem: QUBO
Kernel: jsd
Advantage: peragentrankweighted
M: 4
lambda: 10
epsilon_svgd: 0.005
gamma: 0.0007
decay_start_ratio: 0.4
decay_min_factor: 0.05
bandwith_kernel: None
no_interact: False
avg_score: -328.44000244140625
median_score: -334.0
std_score: 22.577119827270508
percentiles: 2%=-361.2200012207031, 5%=-357.0, 10%=-354.0, 25%=-343.0, 50%=-334.0, 75%=-316.0, 90%=-293.8999938964844, 95%=-286.0, 98%=-278.94000244140625
ranking_best_algo: CMApara
ranking_best_score: 344.22
ranking_my_rank: 84/504 (83.5%)
ranking_my_percent: 83.53174603174604
