ConfigName: krbf__advnormalizedfitness__M2__L10__eps0p025__g0p01__ds0p3__dm0p3
Problem: QUBO
Kernel: rbf
Advantage: normalizedfitness
M: 2
lambda: 10
epsilon_svgd: 0.025
gamma: 0.01
decay_start_ratio: 0.3
decay_min_factor: 0.3
bandwith_kernel: None
no_interact: False
avg_score: -3238.02001953125
median_score: -3233.5
std_score: 118.51700592041016
percentiles: 2%=-3452.43994140625, 5%=-3410.300048828125, 10%=-3376.60009765625, 25%=-3331.0, 50%=-3233.5, 75%=-3137.75, 90%=-3090.0, 95%=-3060.949951171875, 98%=-3031.93994140625
ranking_best_algo: RLSOnePlusOne
ranking_best_score: 3316.5199999999995
ranking_my_rank: 42/504 (91.9%)
ranking_my_percent: 91.86507936507937
