ConfigName: krbf__advnormalizedfitness__M3__L15__eps0p025__g0p005__ds0p05__dm0p05
Problem: NK
Kernel: rbf
Advantage: normalizedfitness
M: 3
lambda: 15
epsilon_svgd: 0.025
gamma: 0.005
decay_start_ratio: 0.05
decay_min_factor: 0.05
bandwith_kernel: None
no_interact: False
avg_score: 0.7462773323059082
median_score: 0.7467243671417236
std_score: 0.009860831312835217
percentiles: 2%=0.7252264618873596, 5%=0.7295254468917847, 10%=0.7334030866622925, 25%=0.7407757043838501, 50%=0.7467243671417236, 75%=0.7530489563941956, 90%=0.7570861577987671, 95%=0.7616318464279175, 98%=0.764462947845459
ranking_best_algo: PBIL
ranking_best_score: 0.733570253046875
ranking_my_rank: 1/504 (100.0%)
ranking_my_percent: 100.0
