ConfigName: krbf__advnormalizedfitness__M2__L8__eps0p015__g0p005__ds0p15__dm0p01
Problem: NK
Kernel: rbf
Advantage: normalizedfitness
M: 2
lambda: 8
epsilon_svgd: 0.015
gamma: 0.005
decay_start_ratio: 0.15
decay_min_factor: 0.01
bandwith_kernel: None
no_interact: False
avg_score: 0.7537592053413391
median_score: 0.753555178642273
std_score: 0.013644960708916187
percentiles: 2%=0.7247892022132874, 5%=0.7293184995651245, 10%=0.7384400963783264, 25%=0.74411940574646, 50%=0.753555178642273, 75%=0.7621049880981445, 90%=0.7726989388465881, 95%=0.7746089696884155, 98%=0.77885502576828
ranking_best_algo: Tabu
ranking_best_score: 0.7470791764843752
ranking_my_rank: 1/504 (100.0%)
ranking_my_percent: 100.0
