ConfigName: kjsd__advperagentrankweighted__M4__L12__eps0p005__g0p001__ds0p1__dm0p05
Problem: QUBO
Kernel: jsd
Advantage: peragentrankweighted
M: 4
lambda: 12
epsilon_svgd: 0.005
gamma: 0.001
decay_start_ratio: 0.1
decay_min_factor: 0.05
bandwith_kernel: None
no_interact: False
avg_score: -427.6000061035156
median_score: -428.5
std_score: 31.23971939086914
percentiles: 2%=-487.0400085449219, 5%=-481.0, 10%=-473.20001220703125, 25%=-446.25, 50%=-428.5, 75%=-409.75, 90%=-385.79998779296875, 95%=-379.79998779296875, 98%=-359.7200012207031
ranking_best_algo: CMAL3
ranking_best_score: 435.36
ranking_my_rank: 18/504 (96.6%)
ranking_my_percent: 96.62698412698413
