ConfigName: kjsd__advperagentrankweighted__M3__L24__eps0p007__g0p0005__ds0p2__dm0p2
Problem: NK
Kernel: jsd
Advantage: peragentrankweighted
M: 3
lambda: 24
epsilon_svgd: 0.007
gamma: 0.0005
decay_start_ratio: 0.2
decay_min_factor: 0.2
bandwith_kernel: None
no_interact: False
avg_score: 0.7514691948890686
median_score: 0.7521816492080688
std_score: 0.01313366461545229
percentiles: 2%=0.7263978123664856, 5%=0.7278919219970703, 10%=0.7346696257591248, 25%=0.742230236530304, 50%=0.7521816492080688, 75%=0.7594047784805298, 90%=0.7697396874427795, 95%=0.7711104154586792, 98%=0.7795491814613342
ranking_best_algo: Tabu
ranking_best_score: 0.7657846284375001
ranking_my_rank: 16/504 (97.0%)
ranking_my_percent: 97.02380952380952
