ConfigName: krbf__advnormalizedfitness__M2__L11__eps0p01__g0p007__ds0p01__dm0p01
Problem: NK
Kernel: rbf
Advantage: normalizedfitness
M: 2
lambda: 11
epsilon_svgd: 0.01
gamma: 0.007
decay_start_ratio: 0.01
decay_min_factor: 0.01
bandwith_kernel: None
no_interact: False
avg_score: 0.7109925150871277
median_score: 0.7116138935089111
std_score: 0.015393351204693317
percentiles: 2%=0.6721718311309814, 5%=0.6736945509910583, 10%=0.6968243718147278, 25%=0.7082436084747314, 50%=0.7116138935089111, 75%=0.7204930782318115, 90%=0.7255440950393677, 95%=0.7327994108200073, 98%=0.733976423740387
ranking_best_algo: CMApara
ranking_best_score: 0.707475975
ranking_my_rank: 1/504 (100.0%)
ranking_my_percent: 100.0
