ConfigName: krbf__advnormalizedfitness__M3__L15__eps0p025__g0p007__ds0p01__dm0p3
Problem: QUBO
Kernel: rbf
Advantage: normalizedfitness
M: 3
lambda: 15
epsilon_svgd: 0.025
gamma: 0.007
decay_start_ratio: 0.01
decay_min_factor: 0.3
bandwith_kernel: None
no_interact: False
avg_score: -936.780029296875
median_score: -936.0
std_score: 69.01631927490234
percentiles: 2%=-1074.0400390625, 5%=-1064.0999755859375, 10%=-1036.300048828125, 25%=-982.25, 50%=-936.0, 75%=-889.25, 90%=-858.9000244140625, 95%=-825.8500366210938, 98%=-802.719970703125
ranking_best_algo: CMApara
ranking_best_score: 964.9
ranking_my_rank: 10/504 (98.2%)
ranking_my_percent: 98.21428571428571
