ConfigName: kjsd__advperagentrankweighted__M4__L12__eps0p03__g0p0003__ds0p05__dm0p05
Problem: NK
Kernel: jsd
Advantage: peragentrankweighted
M: 4
lambda: 12
epsilon_svgd: 0.03
gamma: 0.0003
decay_start_ratio: 0.05
decay_min_factor: 0.05
bandwith_kernel: None
no_interact: False
avg_score: 0.7001686692237854
median_score: 0.6995022296905518
std_score: 0.007324863690882921
percentiles: 2%=0.6880263686180115, 5%=0.6889491081237793, 10%=0.690188467502594, 25%=0.6949664354324341, 50%=0.6995022296905518, 75%=0.7058748006820679, 90%=0.7099648714065552, 95%=0.7110501527786255, 98%=0.7152982950210571
ranking_best_algo: PBIL
ranking_best_score: 0.7170882103515624
ranking_my_rank: 74/504 (85.5%)
ranking_my_percent: 85.51587301587301
