ConfigName: krbf__advnormalizedfitness__M2__L8__eps0p025__g0p005__ds0p01__dm0p3
Problem: QUBO
Kernel: rbf
Advantage: normalizedfitness
M: 2
lambda: 8
epsilon_svgd: 0.025
gamma: 0.005
decay_start_ratio: 0.01
decay_min_factor: 0.3
bandwith_kernel: None
no_interact: False
avg_score: -419.55999755859375
median_score: -419.5
std_score: 33.376136779785156
percentiles: 2%=-479.0400085449219, 5%=-471.1000061035156, 10%=-469.0, 25%=-440.25, 50%=-419.5, 75%=-403.0, 90%=-378.3999938964844, 95%=-356.8999938964844, 98%=-341.8399963378906
ranking_best_algo: CMAL3
ranking_best_score: 435.36
ranking_my_rank: 93/504 (81.7%)
ranking_my_percent: 81.74603174603175
