ConfigName: kfr__advglobalrankweighted__M2__L8__eps0p01__g0p007__ds0p01__dm0p01
Problem: QUBO
Kernel: fr
Advantage: globalrankweighted
M: 2
lambda: 8
epsilon_svgd: 0.01
gamma: 0.007
decay_start_ratio: 0.01
decay_min_factor: 0.01
bandwith_kernel: None
no_interact: False
avg_score: -575.5599975585938
median_score: -576.0
std_score: 31.77682113647461
percentiles: 2%=-629.0599975585938, 5%=-625.0, 10%=-621.2000122070312, 25%=-599.0, 50%=-576.0, 75%=-553.0, 90%=-537.5999755859375, 95%=-530.6500244140625, 98%=-514.7599487304688
ranking_best_algo: Tabu
ranking_best_score: 588.7199999999999
ranking_my_rank: 57/503 (88.9%)
ranking_my_percent: 88.86679920477137
