ConfigName: krbf__advnormalizedfitness__M4__L8__eps0p025__g0p015__ds0p15__dm0p01
Problem: NK
Kernel: rbf
Advantage: normalizedfitness
M: 4
lambda: 8
epsilon_svgd: 0.025
gamma: 0.015
decay_start_ratio: 0.15
decay_min_factor: 0.01
bandwith_kernel: None
no_interact: False
avg_score: 0.7192524075508118
median_score: 0.7209664583206177
std_score: 0.019825471565127373
percentiles: 2%=0.6680978536605835, 5%=0.6821362376213074, 10%=0.697977602481842, 25%=0.7087687849998474, 50%=0.7209664583206177, 75%=0.7326626777648926, 90%=0.7434492707252502, 95%=0.7452934980392456, 98%=0.754042387008667
ranking_best_algo: Tabu
ranking_best_score: 0.7601875690625
ranking_my_rank: 158/504 (68.8%)
ranking_my_percent: 68.84920634920636
