ConfigName: kjsd__advperagentrankweighted__M3__L18__eps0p01__g0p0005__ds0p2__dm0p05
Problem: QUBO
Kernel: jsd
Advantage: peragentrankweighted
M: 3
lambda: 18
epsilon_svgd: 0.01
gamma: 0.0005
decay_start_ratio: 0.2
decay_min_factor: 0.05
bandwith_kernel: None
no_interact: False
avg_score: -424.3800048828125
median_score: -424.0
std_score: 28.881406784057617
percentiles: 2%=-477.0, 5%=-469.1000061035156, 10%=-463.0, 25%=-445.25, 50%=-424.0, 75%=-404.75, 90%=-390.0, 95%=-384.6499938964844, 98%=-371.9800109863281
ranking_best_algo: CMAL3
ranking_best_score: 435.36
ranking_my_rank: 30/504 (94.2%)
ranking_my_percent: 94.24603174603175
