ConfigName: krbf__advnormalizedfitness__M3__L10__eps0p033__g0p015__ds0p01__dm0p01
Problem: QUBO
Kernel: rbf
Advantage: normalizedfitness
M: 3
lambda: 10
epsilon_svgd: 0.033
gamma: 0.015
decay_start_ratio: 0.01
decay_min_factor: 0.01
bandwith_kernel: None
no_interact: False
avg_score: -2554.760009765625
median_score: -2559.0
std_score: 135.18765258789062
percentiles: 2%=-2799.179931640625, 5%=-2786.0, 10%=-2736.0, 25%=-2651.25, 50%=-2559.0, 75%=-2463.0, 90%=-2371.699951171875, 95%=-2339.89990234375, 98%=-2326.919677734375
ranking_best_algo: DiscreteLengler2OnePlusOne
ranking_best_score: 2617.04
ranking_my_rank: 55/504 (89.3%)
ranking_my_percent: 89.28571428571429
