ConfigName: kjsd__advperagentrankweighted__M3__L18__eps0p005__g0p0007__ds0p05__dm0p05
Problem: NK
Kernel: jsd
Advantage: peragentrankweighted
M: 3
lambda: 18
epsilon_svgd: 0.005
gamma: 0.0007
decay_start_ratio: 0.05
decay_min_factor: 0.05
bandwith_kernel: None
no_interact: False
avg_score: 0.7224327921867371
median_score: 0.7228148579597473
std_score: 0.008893772028386593
percentiles: 2%=0.7061537504196167, 5%=0.7091420888900757, 10%=0.7109423279762268, 25%=0.7146406173706055, 50%=0.7228148579597473, 75%=0.7286932468414307, 90%=0.7332525253295898, 95%=0.7355503439903259, 98%=0.7383118867874146
ranking_best_algo: PBIL
ranking_best_score: 0.7170882103515624
ranking_my_rank: 1/504 (100.0%)
ranking_my_percent: 100.0
