ConfigName: kjsd__advperagentrankweighted__M3__L20__eps0p007__g0p003__ds0p1__dm0p2
Problem: QUBO
Kernel: jsd
Advantage: peragentrankweighted
M: 3
lambda: 20
epsilon_svgd: 0.007
gamma: 0.003
decay_start_ratio: 0.1
decay_min_factor: 0.2
bandwith_kernel: None
no_interact: False
avg_score: -430.7200012207031
median_score: -431.5
std_score: 28.40073013305664
percentiles: 2%=-481.0799865722656, 5%=-472.0, 10%=-469.1000061035156, 25%=-453.25, 50%=-431.5, 75%=-411.75, 90%=-388.0, 95%=-385.95001220703125, 98%=-382.9800109863281
ranking_best_algo: CMApara
ranking_best_score: 453.82
ranking_my_rank: 86/504 (83.1%)
ranking_my_percent: 83.13492063492063
