ConfigName: kjsd__advperagentrankweighted__M3__L20__eps0p005__g0p003__ds0p2__dm0p1
Problem: NK
Kernel: jsd
Advantage: peragentrankweighted
M: 3
lambda: 20
epsilon_svgd: 0.005
gamma: 0.003
decay_start_ratio: 0.2
decay_min_factor: 0.1
bandwith_kernel: None
no_interact: False
avg_score: 0.7315967082977295
median_score: 0.7321933507919312
std_score: 0.009542552754282951
percentiles: 2%=0.7114457488059998, 5%=0.714543342590332, 10%=0.7184339761734009, 25%=0.7250320911407471, 50%=0.7321933507919312, 75%=0.7390622496604919, 90%=0.7428790926933289, 95%=0.7441713213920593, 98%=0.7465676665306091
ranking_best_algo: PBIL
ranking_best_score: 0.730509098125
ranking_my_rank: 1/504 (100.0%)
ranking_my_percent: 100.0
