ConfigName: krbf__advnormalizedfitness__M3__L15__eps0p025__g0p007__ds0p01__dm0p01
Problem: QUBO
Kernel: rbf
Advantage: normalizedfitness
M: 3
lambda: 15
epsilon_svgd: 0.025
gamma: 0.007
decay_start_ratio: 0.01
decay_min_factor: 0.01
bandwith_kernel: None
no_interact: False
avg_score: -2497.9599609375
median_score: -2487.5
std_score: 145.6451873779297
percentiles: 2%=-2821.10009765625, 5%=-2744.050048828125, 10%=-2686.5, 25%=-2605.0, 50%=-2487.5, 75%=-2396.0, 90%=-2326.39990234375, 95%=-2247.89990234375, 98%=-2227.800048828125
ranking_best_algo: SVM1MetaModelLogNormal
ranking_best_score: 2605.14
ranking_my_rank: 65/504 (87.3%)
ranking_my_percent: 87.3015873015873
