ConfigName: krbf__advnormalizedfitness__M3__L8__eps0p015__g0p015__ds0p3__dm0p3
Problem: QUBO
Kernel: rbf
Advantage: normalizedfitness
M: 3
lambda: 8
epsilon_svgd: 0.015
gamma: 0.015
decay_start_ratio: 0.3
decay_min_factor: 0.3
bandwith_kernel: None
no_interact: False
avg_score: -137.82000732421875
median_score: -139.0
std_score: 11.627880096435547
percentiles: 2%=-158.02000427246094, 5%=-156.0500030517578, 10%=-154.10000610351562, 25%=-146.0, 50%=-139.0, 75%=-129.0, 90%=-123.0, 95%=-120.0, 98%=-111.0
ranking_best_algo: DiscreteDE
ranking_best_score: 143.4
ranking_my_rank: 117/504 (77.0%)
ranking_my_percent: 76.98412698412699
