ConfigName: kjsd__advperagentrankweighted__M4__L8__eps0p03__g0p0003__ds0p2__dm0p05
Problem: NK
Kernel: jsd
Advantage: peragentrankweighted
M: 4
lambda: 8
epsilon_svgd: 0.03
gamma: 0.0003
decay_start_ratio: 0.2
decay_min_factor: 0.05
bandwith_kernel: None
no_interact: False
avg_score: 0.7121250033378601
median_score: 0.7126262784004211
std_score: 0.01585741713643074
percentiles: 2%=0.6827216744422913, 5%=0.6851361989974976, 10%=0.6913363337516785, 25%=0.6996873617172241, 50%=0.7126262784004211, 75%=0.7247980237007141, 90%=0.7303870320320129, 95%=0.7341233491897583, 98%=0.7434583902359009
ranking_best_algo: Tabu
ranking_best_score: 0.7601875690625
ranking_my_rank: 249/504 (50.8%)
ranking_my_percent: 50.79365079365079
