ConfigName: krbf__advnormalizedfitness__M1__L8__eps0p015__g0p005__ds0p01__dm0p01
Problem: NK
Kernel: rbf
Advantage: normalizedfitness
M: 1
lambda: 8
epsilon_svgd: 0.015
gamma: 0.005
decay_start_ratio: 0.01
decay_min_factor: 0.01
bandwith_kernel: None
no_interact: False
avg_score: 0.7339283227920532
median_score: 0.7311738729476929
std_score: 0.02940874919295311
percentiles: 2%=0.690551221370697, 5%=0.6924594640731812, 10%=0.699432909488678, 25%=0.710326075553894, 50%=0.7311738729476929, 75%=0.7498123645782471, 90%=0.7711472511291504, 95%=0.7944783568382263, 98%=0.8045603036880493
ranking_best_algo: CMApara
ranking_best_score: 0.7459277895312499
ranking_my_rank: 106/504 (79.2%)
ranking_my_percent: 79.16666666666667
