ConfigName: kjsd__advperagentrankweighted__M3__L16__eps0p01__g0p0007__ds0p2__dm0p1
Problem: NK
Kernel: jsd
Advantage: peragentrankweighted
M: 3
lambda: 16
epsilon_svgd: 0.01
gamma: 0.0007
decay_start_ratio: 0.2
decay_min_factor: 0.1
bandwith_kernel: None
no_interact: False
avg_score: 0.7463258504867554
median_score: 0.7467275857925415
std_score: 0.008960289880633354
percentiles: 2%=0.7282025814056396, 5%=0.7310557961463928, 10%=0.7332720756530762, 25%=0.7405644655227661, 50%=0.7467275857925415, 75%=0.752648115158081, 90%=0.7572727203369141, 95%=0.7590046525001526, 98%=0.7643000483512878
ranking_best_algo: PBIL
ranking_best_score: 0.733570253046875
ranking_my_rank: 1/504 (100.0%)
ranking_my_percent: 100.0
