ConfigName: krbf__advnormalizedfitness__M3__L10__eps0p033__g0p007__ds0p3__dm0p3
Problem: QUBO
Kernel: rbf
Advantage: normalizedfitness
M: 3
lambda: 10
epsilon_svgd: 0.033
gamma: 0.007
decay_start_ratio: 0.3
decay_min_factor: 0.3
bandwith_kernel: None
no_interact: False
avg_score: -2503.239990234375
median_score: -2476.0
std_score: 156.6822967529297
percentiles: 2%=-2804.320068359375, 5%=-2767.699951171875, 10%=-2718.300048828125, 25%=-2639.0, 50%=-2476.0, 75%=-2378.0, 90%=-2298.0, 95%=-2284.85009765625, 98%=-2262.539794921875
ranking_best_algo: SVM1MetaModelLogNormal
ranking_best_score: 2605.14
ranking_my_rank: 63/504 (87.7%)
ranking_my_percent: 87.6984126984127
