ConfigName: kjsd__advperagentrankweighted__M4__L8__eps0p005__g0p0005__ds0p05__dm0p2
Problem: NK
Kernel: jsd
Advantage: peragentrankweighted
M: 4
lambda: 8
epsilon_svgd: 0.005
gamma: 0.0005
decay_start_ratio: 0.05
decay_min_factor: 0.2
bandwith_kernel: None
no_interact: False
avg_score: 0.7141304016113281
median_score: 0.713170051574707
std_score: 0.007594287395477295
percentiles: 2%=0.7020872831344604, 5%=0.703424334526062, 10%=0.7054296731948853, 25%=0.7084455490112305, 50%=0.713170051574707, 75%=0.7190669775009155, 90%=0.7241048216819763, 95%=0.7257805466651917, 98%=0.728434681892395
ranking_best_algo: PBIL
ranking_best_score: 0.7170882103515624
ranking_my_rank: 42/504 (91.9%)
ranking_my_percent: 91.86507936507937
