ConfigName: krbf__advnormalizedfitness__M1__L10__eps0p015__g0p01__ds0p01__dm0p3
Problem: NK
Kernel: rbf
Advantage: normalizedfitness
M: 1
lambda: 10
epsilon_svgd: 0.015
gamma: 0.01
decay_start_ratio: 0.01
decay_min_factor: 0.3
bandwith_kernel: None
no_interact: False
avg_score: 0.7328200340270996
median_score: 0.7334181070327759
std_score: 0.01489338930696249
percentiles: 2%=0.7052013874053955, 5%=0.7070120573043823, 10%=0.7097424864768982, 25%=0.724439263343811, 50%=0.7334181070327759, 75%=0.7428617477416992, 90%=0.7501935958862305, 95%=0.7526516318321228, 98%=0.7618458271026611
ranking_best_algo: Tabu
ranking_best_score: 0.7601875690625
ranking_my_rank: 36/504 (93.1%)
ranking_my_percent: 93.05555555555556
