ConfigName: krbf__advnormalizedfitness__M4__L10__eps0p033__g0p015__ds0p01__dm0p3
Problem: QUBO
Kernel: rbf
Advantage: normalizedfitness
M: 4
lambda: 10
epsilon_svgd: 0.033
gamma: 0.015
decay_start_ratio: 0.01
decay_min_factor: 0.3
bandwith_kernel: None
no_interact: False
avg_score: -419.55999755859375
median_score: -421.0
std_score: 30.932287216186523
percentiles: 2%=-475.1000061035156, 5%=-469.0, 10%=-459.1000061035156, 25%=-439.5, 50%=-421.0, 75%=-400.5, 90%=-375.79998779296875, 95%=-365.95001220703125, 98%=-355.7199401855469
ranking_best_algo: CMApara
ranking_best_score: 453.82
ranking_my_rank: 180/504 (64.5%)
ranking_my_percent: 64.48412698412699
