ConfigName: krbf__advnormalizedfitness__M3__L15__eps0p015__g0p007__ds0p15__dm0p3
Problem: QUBO
Kernel: rbf
Advantage: normalizedfitness
M: 3
lambda: 15
epsilon_svgd: 0.015
gamma: 0.007
decay_start_ratio: 0.15
decay_min_factor: 0.3
bandwith_kernel: None
no_interact: False
avg_score: -394.94000244140625
median_score: -393.0
std_score: 32.52070617675781
percentiles: 2%=-467.0799865722656, 5%=-453.3999938964844, 10%=-441.20001220703125, 25%=-414.25, 50%=-393.0, 75%=-376.75, 90%=-352.8999938964844, 95%=-342.8500061035156, 98%=-332.94000244140625
ranking_best_algo: CMAL3
ranking_best_score: 435.36
ranking_my_rank: 255/504 (49.6%)
ranking_my_percent: 49.6031746031746
