ConfigName: kfr__advglobalrankweighted__M1__L10__eps0p015__g0p005__ds0p01__dm0p01
Problem: QUBO
Kernel: fr
Advantage: globalrankweighted
M: 1
lambda: 10
epsilon_svgd: 0.015
gamma: 0.005
decay_start_ratio: 0.01
decay_min_factor: 0.01
bandwith_kernel: None
no_interact: False
avg_score: -904.3599853515625
median_score: -901.5
std_score: 76.56193542480469
percentiles: 2%=-1064.0799560546875, 5%=-1035.550048828125, 10%=-1019.5999755859375, 25%=-951.0, 50%=-901.5, 75%=-854.75, 90%=-814.5999755859375, 95%=-778.8500366210938, 98%=-768.8800048828125
ranking_best_algo: CMApara
ranking_best_score: 964.9
ranking_my_rank: 104/504 (79.6%)
ranking_my_percent: 79.56349206349206
