ConfigName: kjsd__advperagentrankweighted__M3__L20__eps0p005__g0p0005__ds0p05__dm0p05
Problem: NK
Kernel: jsd
Advantage: peragentrankweighted
M: 3
lambda: 20
epsilon_svgd: 0.005
gamma: 0.0005
decay_start_ratio: 0.05
decay_min_factor: 0.05
bandwith_kernel: None
no_interact: False
avg_score: 0.7487757205963135
median_score: 0.7477660179138184
std_score: 0.009899020195007324
percentiles: 2%=0.7320308685302734, 5%=0.7335304617881775, 10%=0.7354345321655273, 25%=0.7428179979324341, 50%=0.7477660179138184, 75%=0.7560148239135742, 90%=0.7623709440231323, 95%=0.7652623653411865, 98%=0.7678632140159607
ranking_best_algo: PBIL
ranking_best_score: 0.733570253046875
ranking_my_rank: 1/504 (100.0%)
ranking_my_percent: 100.0
