ConfigName: kjsd__advperagentrankweighted__M3__L18__eps0p01__g0p003__ds0p05__dm0p1
Problem: NK
Kernel: jsd
Advantage: peragentrankweighted
M: 3
lambda: 18
epsilon_svgd: 0.01
gamma: 0.003
decay_start_ratio: 0.05
decay_min_factor: 0.1
bandwith_kernel: None
no_interact: False
avg_score: 0.7452950477600098
median_score: 0.7423104643821716
std_score: 0.02727552503347397
percentiles: 2%=0.7057747840881348, 5%=0.7082175016403198, 10%=0.7113717794418335, 25%=0.7214059829711914, 50%=0.7423104643821716, 75%=0.7583327293395996, 90%=0.7783373594284058, 95%=0.8044298887252808, 98%=0.8080617785453796
ranking_best_algo: CMApara
ranking_best_score: 0.7459277895312499
ranking_my_rank: 2/504 (99.8%)
ranking_my_percent: 99.8015873015873
