ConfigName: kjsd__advperagentrankweighted__M3__L20__eps0p007__g0p001__ds0p05__dm0p2
Problem: NK
Kernel: jsd
Advantage: peragentrankweighted
M: 3
lambda: 20
epsilon_svgd: 0.007
gamma: 0.001
decay_start_ratio: 0.05
decay_min_factor: 0.2
bandwith_kernel: None
no_interact: False
avg_score: 0.7429239749908447
median_score: 0.7403899431228638
std_score: 0.028590096160769463
percentiles: 2%=0.6967712044715881, 5%=0.7030267715454102, 10%=0.7099373936653137, 25%=0.7225621938705444, 50%=0.7403899431228638, 75%=0.7580187320709229, 90%=0.7782467603683472, 95%=0.8044298887252808, 98%=0.8118547797203064
ranking_best_algo: CMApara
ranking_best_score: 0.7459277895312499
ranking_my_rank: 14/504 (97.4%)
ranking_my_percent: 97.42063492063492
