ConfigName: kjsd__advperagentrankweighted__M6__L12__eps0p005__g0p0005__ds0p05__dm0p05
Problem: NK
Kernel: jsd
Advantage: peragentrankweighted
M: 6
lambda: 12
epsilon_svgd: 0.005
gamma: 0.0005
decay_start_ratio: 0.05
decay_min_factor: 0.05
bandwith_kernel: None
no_interact: False
avg_score: 0.6904707551002502
median_score: 0.6890493035316467
std_score: 0.00985690951347351
percentiles: 2%=0.6731800436973572, 5%=0.6769194602966309, 10%=0.6785132884979248, 25%=0.6828100085258484, 50%=0.6890493035316467, 75%=0.6960102319717407, 90%=0.7038333415985107, 95%=0.7076335549354553, 98%=0.7124481797218323
ranking_best_algo: PBIL
ranking_best_score: 0.7170882103515624
ranking_my_rank: 125/504 (75.4%)
ranking_my_percent: 75.39682539682539
