ConfigName: krbf__advnormalizedfitness__M4__L8__eps0p015__g0p015__ds0p3__dm0p3
Problem: NK
Kernel: rbf
Advantage: normalizedfitness
M: 4
lambda: 8
epsilon_svgd: 0.015
gamma: 0.015
decay_start_ratio: 0.3
decay_min_factor: 0.3
bandwith_kernel: None
no_interact: False
avg_score: 0.6516714692115784
median_score: 0.6537051200866699
std_score: 0.01220797374844551
percentiles: 2%=0.6279466152191162, 5%=0.6311540007591248, 10%=0.6344108581542969, 25%=0.6403096318244934, 50%=0.6537051200866699, 75%=0.6625240445137024, 90%=0.6660289168357849, 95%=0.6674283742904663, 98%=0.6705829501152039
ranking_best_algo: PBIL
ranking_best_score: 0.7013553837109374
ranking_my_rank: 257/504 (49.2%)
ranking_my_percent: 49.20634920634921
