ConfigName: kjsd__advperagentrankweighted__M3__L18__eps0p01__g0p001__ds0p2__dm0p05
Problem: NK
Kernel: jsd
Advantage: peragentrankweighted
M: 3
lambda: 18
epsilon_svgd: 0.01
gamma: 0.001
decay_start_ratio: 0.2
decay_min_factor: 0.05
bandwith_kernel: None
no_interact: False
avg_score: 0.736662745475769
median_score: 0.7383059859275818
std_score: 0.008738342672586441
percentiles: 2%=0.7172428369522095, 5%=0.7188537120819092, 10%=0.723138153553009, 25%=0.7304083704948425, 50%=0.7383059859275818, 75%=0.7424822449684143, 90%=0.7466306686401367, 95%=0.7489026188850403, 98%=0.7510912418365479
ranking_best_algo: PBIL
ranking_best_score: 0.730509098125
ranking_my_rank: 1/504 (100.0%)
ranking_my_percent: 100.0
