ConfigName: kfr__advglobalrankweighted__M2__L9__eps0p01__g0p005__ds0p01__dm0p01
Problem: QUBO
Kernel: fr
Advantage: globalrankweighted
M: 2
lambda: 9
epsilon_svgd: 0.01
gamma: 0.005
decay_start_ratio: 0.01
decay_min_factor: 0.01
bandwith_kernel: None
no_interact: False
avg_score: -136.0399932861328
median_score: -137.0
std_score: 12.427324295043945
percentiles: 2%=-158.0, 5%=-157.0500030517578, 10%=-151.0, 25%=-145.0, 50%=-137.0, 75%=-127.0, 90%=-122.80000305175781, 95%=-116.80001831054688, 98%=-106.95999145507812
ranking_best_algo: DiscreteDE
ranking_best_score: 143.4
ranking_my_rank: 222/504 (56.2%)
ranking_my_percent: 56.15079365079365
