ConfigName: krbf__advnormalizedfitness__M3__L15__eps0p03__g0p01__ds0p05__dm0p05
Problem: NK
Kernel: rbf
Advantage: normalizedfitness
M: 3
lambda: 15
epsilon_svgd: 0.03
gamma: 0.01
decay_start_ratio: 0.05
decay_min_factor: 0.05
bandwith_kernel: None
no_interact: False
avg_score: 0.7034832239151001
median_score: 0.7015793323516846
std_score: 0.018386002629995346
percentiles: 2%=0.6728848218917847, 5%=0.6760537624359131, 10%=0.6808499097824097, 25%=0.6896827220916748, 50%=0.7015793323516846, 75%=0.7154271602630615, 90%=0.7287396788597107, 95%=0.734102189540863, 98%=0.742619514465332
ranking_best_algo: Tabu
ranking_best_score: 0.7429702712499999
ranking_my_rank: 183/504 (63.9%)
ranking_my_percent: 63.888888888888886
