ConfigName: krbf__advnormalizedfitness__M3__L15__eps0p025__g0p015__ds0p01__dm0p01
Problem: NK
Kernel: rbf
Advantage: normalizedfitness
M: 3
lambda: 15
epsilon_svgd: 0.025
gamma: 0.015
decay_start_ratio: 0.01
decay_min_factor: 0.01
bandwith_kernel: None
no_interact: False
avg_score: 0.7501277923583984
median_score: 0.7504732608795166
std_score: 0.015104047022759914
percentiles: 2%=0.7206093668937683, 5%=0.7286278009414673, 10%=0.7322674989700317, 25%=0.7389018535614014, 50%=0.7504732608795166, 75%=0.7609404921531677, 90%=0.7705510258674622, 95%=0.772697925567627, 98%=0.7755386829376221
ranking_best_algo: Tabu
ranking_best_score: 0.7470791764843752
ranking_my_rank: 1/504 (100.0%)
ranking_my_percent: 100.0
