ConfigName: kjsd__advperagentrankweighted__M4__L10__eps0p005__g0p0007__ds0p4__dm0p05
Problem: NK
Kernel: jsd
Advantage: peragentrankweighted
M: 4
lambda: 10
epsilon_svgd: 0.005
gamma: 0.0007
decay_start_ratio: 0.4
decay_min_factor: 0.05
bandwith_kernel: None
no_interact: False
avg_score: 0.7410889267921448
median_score: 0.7385902404785156
std_score: 0.014883920550346375
percentiles: 2%=0.7174431681632996, 5%=0.7179656624794006, 10%=0.7239084839820862, 25%=0.7309865951538086, 50%=0.7385902404785156, 75%=0.754021406173706, 90%=0.7624185681343079, 95%=0.7654900550842285, 98%=0.7696336507797241
ranking_best_algo: Tabu
ranking_best_score: 0.7601875690625
ranking_my_rank: 12/504 (97.8%)
ranking_my_percent: 97.81746031746032
