ConfigName: krbf__advnormalizedfitness__M4__L12__eps0p033__g0p007__ds0p3__dm0p01
Problem: NK
Kernel: rbf
Advantage: normalizedfitness
M: 4
lambda: 12
epsilon_svgd: 0.033
gamma: 0.007
decay_start_ratio: 0.3
decay_min_factor: 0.01
bandwith_kernel: None
no_interact: False
avg_score: 0.7382017374038696
median_score: 0.7391053438186646
std_score: 0.008705014362931252
percentiles: 2%=0.7194318771362305, 5%=0.723409116268158, 10%=0.7245820760726929, 25%=0.7337056994438171, 50%=0.7391053438186646, 75%=0.7449106574058533, 90%=0.7483424544334412, 95%=0.7508979439735413, 98%=0.7529251575469971
ranking_best_algo: PBIL
ranking_best_score: 0.730509098125
ranking_my_rank: 1/504 (100.0%)
ranking_my_percent: 100.0
