ConfigName: kjsd__advperagentrankweighted__M4__L24__eps0p005__g0p0003__ds0p2__dm0p05
Problem: NK
Kernel: jsd
Advantage: peragentrankweighted
M: 4
lambda: 24
epsilon_svgd: 0.005
gamma: 0.0003
decay_start_ratio: 0.2
decay_min_factor: 0.05
bandwith_kernel: None
no_interact: False
avg_score: 0.7114644050598145
median_score: 0.6987258791923523
std_score: 0.03158773109316826
percentiles: 2%=0.6734704971313477, 5%=0.6743711233139038, 10%=0.6785765886306763, 25%=0.6824496388435364, 50%=0.6987258791923523, 75%=0.746539831161499, 90%=0.7531252503395081, 95%=0.7613165378570557, 98%=0.7613165378570557
ranking_best_algo: CMApara
ranking_best_score: 0.7118996098437498
ranking_my_rank: 2/504 (99.8%)
ranking_my_percent: 99.8015873015873
