ConfigName: krbf__advnormalizedfitness__M3__L8__eps0p02__g0p005__ds0p15__dm0p05
Problem: QUBO
Kernel: rbf
Advantage: normalizedfitness
M: 3
lambda: 8
epsilon_svgd: 0.02
gamma: 0.005
decay_start_ratio: 0.15
decay_min_factor: 0.05
bandwith_kernel: None
no_interact: False
avg_score: -2597.97998046875
median_score: -2597.0
std_score: 118.38766479492188
percentiles: 2%=-2804.679931640625, 5%=-2778.14990234375, 10%=-2749.10009765625, 25%=-2687.75, 50%=-2597.0, 75%=-2512.0, 90%=-2456.5, 95%=-2391.699951171875, 98%=-2341.9599609375
ranking_best_algo: DiscreteLengler2OnePlusOne
ranking_best_score: 2617.04
ranking_my_rank: 34/504 (93.5%)
ranking_my_percent: 93.45238095238095
