ConfigName: krbf__advnormalizedfitness__M2__L11__eps0p015__g0p003__ds0p01__dm0p01
Problem: QUBO
Kernel: rbf
Advantage: normalizedfitness
M: 2
lambda: 11
epsilon_svgd: 0.015
gamma: 0.003
decay_start_ratio: 0.01
decay_min_factor: 0.01
bandwith_kernel: None
no_interact: False
avg_score: -2559.219970703125
median_score: -2528.0
std_score: 127.89820861816406
percentiles: 2%=-2835.780029296875, 5%=-2811.050048828125, 10%=-2743.800048828125, 25%=-2645.0, 50%=-2528.0, 75%=-2479.5, 90%=-2414.800048828125, 95%=-2384.800048828125, 98%=-2348.419921875
ranking_best_algo: SVM1MetaModelLogNormal
ranking_best_score: 2605.14
ranking_my_rank: 40/504 (92.3%)
ranking_my_percent: 92.26190476190476
