ConfigName: kjsd__advperagentrankweighted__M3__L24__eps0p005__g0p001__ds0p1__dm0p2
Problem: QUBO
Kernel: jsd
Advantage: peragentrankweighted
M: 3
lambda: 24
epsilon_svgd: 0.005
gamma: 0.001
decay_start_ratio: 0.1
decay_min_factor: 0.2
bandwith_kernel: None
no_interact: False
avg_score: -306.5400085449219
median_score: -301.0
std_score: 39.33940124511719
percentiles: 2%=-398.0, 5%=-388.20001220703125, 10%=-360.3999938964844, 25%=-330.5, 50%=-301.0, 75%=-272.0, 90%=-265.8999938964844, 95%=-263.95001220703125, 98%=-253.8800048828125
ranking_best_algo: CMApara
ranking_best_score: 319.29999999999995
ranking_my_rank: 113/504 (77.8%)
ranking_my_percent: 77.77777777777777
