ConfigName: kjsd__advperagentrankweighted__M5__L8__eps0p005__g0p0007__ds0p05__dm0p2
Problem: NK
Kernel: jsd
Advantage: peragentrankweighted
M: 5
lambda: 8
epsilon_svgd: 0.005
gamma: 0.0007
decay_start_ratio: 0.05
decay_min_factor: 0.2
bandwith_kernel: None
no_interact: False
avg_score: 0.7439713478088379
median_score: 0.7441535592079163
std_score: 0.01093239989131689
percentiles: 2%=0.7236489653587341, 5%=0.7249237298965454, 10%=0.728351891040802, 25%=0.736451268196106, 50%=0.7441535592079163, 75%=0.7514039874076843, 90%=0.7583283185958862, 95%=0.7610588669776917, 98%=0.7639604210853577
ranking_best_algo: PBIL
ranking_best_score: 0.733570253046875
ranking_my_rank: 1/504 (100.0%)
ranking_my_percent: 100.0
