ConfigName: krbf__advnormalizedfitness__M3__L15__eps0p033__g0p01__ds0p15__dm0p3
Problem: QUBO
Kernel: rbf
Advantage: normalizedfitness
M: 3
lambda: 15
epsilon_svgd: 0.033
gamma: 0.01
decay_start_ratio: 0.15
decay_min_factor: 0.3
bandwith_kernel: None
no_interact: False
avg_score: -2210.800048828125
median_score: -2212.0
std_score: 181.48851013183594
percentiles: 2%=-2580.580078125, 5%=-2515.85009765625, 10%=-2467.60009765625, 25%=-2327.75, 50%=-2212.0, 75%=-2071.0, 90%=-1970.0, 95%=-1921.8499755859375, 98%=-1909.8399658203125
ranking_best_algo: SVM1MetaModelLogNormal
ranking_best_score: 2605.14
ranking_my_rank: 183/504 (63.9%)
ranking_my_percent: 63.888888888888886
