ConfigName: kjsd__advperagentrankweighted__M3__L18__eps0p005__g0p001__ds0p1__dm0p05
Problem: QUBO
Kernel: jsd
Advantage: peragentrankweighted
M: 3
lambda: 18
epsilon_svgd: 0.005
gamma: 0.001
decay_start_ratio: 0.1
decay_min_factor: 0.05
bandwith_kernel: None
no_interact: False
avg_score: -440.8999938964844
median_score: -442.5
std_score: 28.851167678833008
percentiles: 2%=-492.1199951171875, 5%=-479.29998779296875, 10%=-473.1000061035156, 25%=-464.0, 50%=-442.5, 75%=-419.0, 90%=-404.79998779296875, 95%=-391.8500061035156, 98%=-377.8800048828125
ranking_best_algo: CMApara
ranking_best_score: 453.82
ranking_my_rank: 12/504 (97.8%)
ranking_my_percent: 97.81746031746032
