ConfigName: krbf__advnormalizedfitness__M1__L10__eps0p015__g0p005__ds0p15__dm0p3
Problem: NK
Kernel: rbf
Advantage: normalizedfitness
M: 1
lambda: 10
epsilon_svgd: 0.015
gamma: 0.005
decay_start_ratio: 0.15
decay_min_factor: 0.3
bandwith_kernel: None
no_interact: False
avg_score: 0.7381511926651001
median_score: 0.7384493350982666
std_score: 0.00915768276900053
percentiles: 2%=0.7193018794059753, 5%=0.7220815420150757, 10%=0.7252400517463684, 25%=0.73301100730896, 50%=0.7384493350982666, 75%=0.7449280619621277, 90%=0.7496897578239441, 95%=0.7520244121551514, 98%=0.7536953091621399
ranking_best_algo: PBIL
ranking_best_score: 0.733570253046875
ranking_my_rank: 1/504 (100.0%)
ranking_my_percent: 100.0
