ConfigName: kjsd__advperagentrankweighted__M3__L18__eps0p01__g0p003__ds0p2__dm0p05
Problem: NK
Kernel: jsd
Advantage: peragentrankweighted
M: 3
lambda: 18
epsilon_svgd: 0.01
gamma: 0.003
decay_start_ratio: 0.2
decay_min_factor: 0.05
bandwith_kernel: None
no_interact: False
avg_score: 0.6859264969825745
median_score: 0.6855202913284302
std_score: 0.016320567578077316
percentiles: 2%=0.652012288570404, 5%=0.6588705778121948, 10%=0.6669269800186157, 25%=0.6728652715682983, 50%=0.6855202913284302, 75%=0.7002630233764648, 90%=0.7049955725669861, 95%=0.7103562951087952, 98%=0.7137322425842285
ranking_best_algo: PBIL
ranking_best_score: 0.7170882103515624
ranking_my_rank: 133/504 (73.8%)
ranking_my_percent: 73.80952380952381
