ConfigName: krbf__advnormalizedfitness__M2__L9__eps0p015__g0p007__ds0p01__dm0p01
Problem: QUBO
Kernel: rbf
Advantage: normalizedfitness
M: 2
lambda: 9
epsilon_svgd: 0.015
gamma: 0.007
decay_start_ratio: 0.01
decay_min_factor: 0.01
bandwith_kernel: None
no_interact: False
avg_score: -2602.5400390625
median_score: -2601.5
std_score: 127.21017456054688
percentiles: 2%=-2805.1201171875, 5%=-2791.35009765625, 10%=-2759.199951171875, 25%=-2694.25, 50%=-2601.5, 75%=-2527.0, 90%=-2427.800048828125, 95%=-2393.39990234375, 98%=-2311.300048828125
ranking_best_algo: DiscreteLengler2OnePlusOne
ranking_best_score: 2617.04
ranking_my_rank: 10/504 (98.2%)
ranking_my_percent: 98.21428571428571
