ConfigName: kjsd__advperagentrankweighted__M4__L8__eps0p03__g0p0005__ds0p05__dm0p05
Problem: QUBO
Kernel: jsd
Advantage: peragentrankweighted
M: 4
lambda: 8
epsilon_svgd: 0.03
gamma: 0.0005
decay_start_ratio: 0.05
decay_min_factor: 0.05
bandwith_kernel: None
no_interact: False
avg_score: -552.5399780273438
median_score: -551.0
std_score: 28.98048210144043
percentiles: 2%=-605.3599853515625, 5%=-600.0, 10%=-593.0, 25%=-569.75, 50%=-551.0, 75%=-532.0, 90%=-517.5999755859375, 95%=-510.75, 98%=-497.0
ranking_best_algo: Tabu
ranking_best_score: 588.7199999999999
ranking_my_rank: 153/503 (69.8%)
ranking_my_percent: 69.78131212723657
