ConfigName: kjsd__advperagentrankweighted__M3__L16__eps0p007__g0p001__ds0p2__dm0p1
Problem: QUBO
Kernel: jsd
Advantage: peragentrankweighted
M: 3
lambda: 16
epsilon_svgd: 0.007
gamma: 0.001
decay_start_ratio: 0.2
decay_min_factor: 0.1
bandwith_kernel: None
no_interact: False
avg_score: -1243.239990234375
median_score: -1232.0
std_score: 64.09400939941406
percentiles: 2%=-1391.0999755859375, 5%=-1377.25, 10%=-1321.4000244140625, 25%=-1282.0, 50%=-1232.0, 75%=-1200.5, 90%=-1169.0, 95%=-1153.699951171875, 98%=-1138.780029296875
ranking_best_algo: SVMMetaModelLogNormal
ranking_best_score: 1233.7999999999997
ranking_my_rank: 1/504 (100.0%)
ranking_my_percent: 100.0
