ConfigName: krbf__advnormalizedfitness__M3__L8__eps0p033__g0p015__ds0p01__dm0p01
Problem: NK
Kernel: rbf
Advantage: normalizedfitness
M: 3
lambda: 8
epsilon_svgd: 0.033
gamma: 0.015
decay_start_ratio: 0.01
decay_min_factor: 0.01
bandwith_kernel: None
no_interact: False
avg_score: 0.7107214331626892
median_score: 0.7119515538215637
std_score: 0.015222053043544292
percentiles: 2%=0.6721266508102417, 5%=0.6734631061553955, 10%=0.6973229646682739, 25%=0.7074040174484253, 50%=0.7119515538215637, 75%=0.7197698354721069, 90%=0.7252187728881836, 95%=0.7326257228851318, 98%=0.7332647442817688
ranking_best_algo: CMApara
ranking_best_score: 0.707475975
ranking_my_rank: 1/504 (100.0%)
ranking_my_percent: 100.0
