ConfigName: kjsd__advperagentrankweighted__M3__L16__eps0p01__g0p001__ds0p1__dm0p05
Problem: QUBO
Kernel: jsd
Advantage: peragentrankweighted
M: 3
lambda: 16
epsilon_svgd: 0.01
gamma: 0.001
decay_start_ratio: 0.1
decay_min_factor: 0.05
bandwith_kernel: None
no_interact: False
avg_score: -137.6999969482422
median_score: -138.0
std_score: 11.673474311828613
percentiles: 2%=-158.02000427246094, 5%=-157.0500030517578, 10%=-155.10000610351562, 25%=-146.0, 50%=-138.0, 75%=-128.0, 90%=-123.0, 95%=-119.0, 98%=-117.0
ranking_best_algo: DiscreteDE
ranking_best_score: 143.4
ranking_my_rank: 118/504 (76.8%)
ranking_my_percent: 76.78571428571429
