ConfigName: kjsd__advperagentrankweighted__M2__L20__eps0p005__g0p0005__ds0p1__dm0p1
Problem: NK
Kernel: jsd
Advantage: peragentrankweighted
M: 2
lambda: 20
epsilon_svgd: 0.005
gamma: 0.0005
decay_start_ratio: 0.1
decay_min_factor: 0.1
bandwith_kernel: None
no_interact: False
avg_score: 0.7489639520645142
median_score: 0.749311089515686
std_score: 0.014439037069678307
percentiles: 2%=0.719234824180603, 5%=0.7232030630111694, 10%=0.7303287386894226, 25%=0.7394134998321533, 50%=0.749311089515686, 75%=0.7596298456192017, 90%=0.76875239610672, 95%=0.7705318927764893, 98%=0.7752284407615662
ranking_best_algo: Tabu
ranking_best_score: 0.7657846284375001
ranking_my_rank: 30/504 (94.2%)
ranking_my_percent: 94.24603174603175
