ConfigName: krbf__advnormalizedfitness__M2__L10__eps0p033__g0p005__ds0p15__dm0p01
Problem: QUBO
Kernel: rbf
Advantage: normalizedfitness
M: 2
lambda: 10
epsilon_svgd: 0.033
gamma: 0.005
decay_start_ratio: 0.15
decay_min_factor: 0.01
bandwith_kernel: None
no_interact: False
avg_score: -896.0800170898438
median_score: -901.0
std_score: 66.41937255859375
percentiles: 2%=-1038.0, 5%=-1008.2999877929688, 10%=-985.0999755859375, 25%=-939.25, 50%=-901.0, 75%=-846.75, 90%=-803.7999877929688, 95%=-790.75, 98%=-770.8400268554688
ranking_best_algo: CMAL3
ranking_best_score: 928.5800000000002
ranking_my_rank: 84/504 (83.5%)
ranking_my_percent: 83.53174603174604
