ConfigName: kjsd__advperagentrankweighted__M4__L8__eps0p01__g0p0003__ds0p2__dm0p05
Problem: QUBO
Kernel: jsd
Advantage: peragentrankweighted
M: 4
lambda: 8
epsilon_svgd: 0.01
gamma: 0.0003
decay_start_ratio: 0.2
decay_min_factor: 0.05
bandwith_kernel: None
no_interact: False
avg_score: -2545.580078125
median_score: -2544.5
std_score: 110.30422973632812
percentiles: 2%=-2762.1201171875, 5%=-2745.39990234375, 10%=-2713.89990234375, 25%=-2625.0, 50%=-2544.5, 75%=-2465.0, 90%=-2409.800048828125, 95%=-2363.550048828125, 98%=-2347.919921875
ranking_best_algo: SVM1MetaModelLogNormal
ranking_best_score: 2605.14
ranking_my_rank: 42/504 (91.9%)
ranking_my_percent: 91.86507936507937
