ConfigName: kjsd__advperagentrankweighted__M3__L20__eps0p007__g0p0007__ds0p2__dm0p05
Problem: QUBO
Kernel: jsd
Advantage: peragentrankweighted
M: 3
lambda: 20
epsilon_svgd: 0.007
gamma: 0.0007
decay_start_ratio: 0.2
decay_min_factor: 0.05
bandwith_kernel: None
no_interact: False
avg_score: -917.0800170898438
median_score: -915.5
std_score: 62.15443420410156
percentiles: 2%=-1031.0999755859375, 5%=-1025.0999755859375, 10%=-1010.0999755859375, 25%=-963.0, 50%=-915.5, 75%=-875.25, 90%=-839.9000244140625, 95%=-823.8499755859375, 98%=-801.6599731445312
ranking_best_algo: CMAL3
ranking_best_score: 928.5800000000002
ranking_my_rank: 14/504 (97.4%)
ranking_my_percent: 97.42063492063492
