ConfigName: krbf__advnormalizedfitness__M4__L12__eps0p015__g0p005__ds0p15__dm0p3
Problem: QUBO
Kernel: rbf
Advantage: normalizedfitness
M: 4
lambda: 12
epsilon_svgd: 0.015
gamma: 0.005
decay_start_ratio: 0.15
decay_min_factor: 0.3
bandwith_kernel: None
no_interact: False
avg_score: -421.8800048828125
median_score: -423.5
std_score: 27.264366149902344
percentiles: 2%=-468.20001220703125, 5%=-465.04998779296875, 10%=-456.5, 25%=-442.25, 50%=-423.5, 75%=-397.75, 90%=-387.6000061035156, 95%=-379.0, 98%=-373.97998046875
ranking_best_algo: CMApara
ranking_best_score: 453.82
ranking_my_rank: 144/504 (71.6%)
ranking_my_percent: 71.62698412698413
