ConfigName: kjsd__advperagentrankweighted__M4__L20__eps0p005__g0p001__ds0p2__dm0p05
Problem: NK
Kernel: jsd
Advantage: peragentrankweighted
M: 4
lambda: 20
epsilon_svgd: 0.005
gamma: 0.001
decay_start_ratio: 0.2
decay_min_factor: 0.05
bandwith_kernel: None
no_interact: False
avg_score: 0.7375806570053101
median_score: 0.738641083240509
std_score: 0.008639327250421047
percentiles: 2%=0.7208181023597717, 5%=0.7223860025405884, 10%=0.7254106402397156, 25%=0.7327172160148621, 50%=0.738641083240509, 75%=0.7437344789505005, 90%=0.7470123767852783, 95%=0.7509896755218506, 98%=0.7530646324157715
ranking_best_algo: PBIL
ranking_best_score: 0.730509098125
ranking_my_rank: 1/504 (100.0%)
ranking_my_percent: 100.0
