ConfigName: kjsd__advperagentrankweighted__M3__L20__eps0p005__g0p0005__ds0p05__dm0p2
Problem: NK
Kernel: jsd
Advantage: peragentrankweighted
M: 3
lambda: 20
epsilon_svgd: 0.005
gamma: 0.0005
decay_start_ratio: 0.05
decay_min_factor: 0.2
bandwith_kernel: None
no_interact: False
avg_score: 0.7074740529060364
median_score: 0.7091578245162964
std_score: 0.011385205201804638
percentiles: 2%=0.6894254088401794, 5%=0.690437912940979, 10%=0.693040668964386, 25%=0.696233868598938, 50%=0.7091578245162964, 75%=0.7170649766921997, 90%=0.7218883633613586, 95%=0.722589910030365, 98%=0.7243080139160156
ranking_best_algo: PBIL
ranking_best_score: 0.7013553837109374
ranking_my_rank: 1/504 (100.0%)
ranking_my_percent: 100.0
