ConfigName: kjsd__advperagentrankweighted__M3__L18__eps0p01__g0p0007__ds0p2__dm0p05
Problem: QUBO
Kernel: jsd
Advantage: peragentrankweighted
M: 3
lambda: 18
epsilon_svgd: 0.01
gamma: 0.0007
decay_start_ratio: 0.2
decay_min_factor: 0.05
bandwith_kernel: None
no_interact: False
avg_score: -199.72000122070312
median_score: -200.5
std_score: 12.076489448547363
percentiles: 2%=-224.0, 5%=-220.10000610351562, 10%=-216.10000610351562, 25%=-209.0, 50%=-200.5, 75%=-190.0, 90%=-185.6999969482422, 95%=-178.9499969482422, 98%=-173.97999572753906
ranking_best_algo: Tabu
ranking_best_score: 208.36000000000004
ranking_my_rank: 64/504 (87.5%)
ranking_my_percent: 87.5
