ConfigName: krbf__advnormalizedfitness__M4__L15__eps0p025__g0p01__ds0p01__dm0p01
Problem: QUBO
Kernel: rbf
Advantage: normalizedfitness
M: 4
lambda: 15
epsilon_svgd: 0.025
gamma: 0.01
decay_start_ratio: 0.01
decay_min_factor: 0.01
bandwith_kernel: None
no_interact: False
avg_score: -334.32000732421875
median_score: -334.0
std_score: 15.68239688873291
percentiles: 2%=-366.1199951171875, 5%=-357.20001220703125, 10%=-353.1000061035156, 25%=-343.0, 50%=-334.0, 75%=-324.0, 90%=-312.0, 95%=-307.9000244140625, 98%=-295.9599914550781
ranking_best_algo: CMApara
ranking_best_score: 344.22
ranking_my_rank: 62/504 (87.9%)
ranking_my_percent: 87.89682539682539
