ConfigName: kfr__advglobalrankweighted__M4__L10__eps0p02__g0p007__ds0p01__dm0p01
Problem: QUBO
Kernel: fr
Advantage: globalrankweighted
M: 4
lambda: 10
epsilon_svgd: 0.02
gamma: 0.007
decay_start_ratio: 0.01
decay_min_factor: 0.01
bandwith_kernel: None
no_interact: False
avg_score: -147.8000030517578
median_score: -146.5
std_score: 12.7843656539917
percentiles: 2%=-179.0, 5%=-179.0, 10%=-160.0, 25%=-155.0, 50%=-146.5, 75%=-137.0, 90%=-133.0, 95%=-129.0, 98%=-126.9000015258789
ranking_best_algo: CMApara
ranking_best_score: 154.28
ranking_my_rank: 90/504 (82.3%)
ranking_my_percent: 82.34126984126983
