ConfigName: kjsd__advperagentrankweighted__M3__L20__eps0p007__g0p0005__ds0p2__dm0p2
Problem: QUBO
Kernel: jsd
Advantage: peragentrankweighted
M: 3
lambda: 20
epsilon_svgd: 0.007
gamma: 0.0005
decay_start_ratio: 0.2
decay_min_factor: 0.2
bandwith_kernel: None
no_interact: False
avg_score: -437.9599914550781
median_score: -437.0
std_score: 27.31077766418457
percentiles: 2%=-487.0400085449219, 5%=-479.0, 10%=-470.0, 25%=-460.0, 50%=-437.0, 75%=-420.5, 90%=-402.8999938964844, 95%=-392.95001220703125, 98%=-381.94000244140625
ranking_best_algo: CMApara
ranking_best_score: 453.82
ranking_my_rank: 28/504 (94.6%)
ranking_my_percent: 94.64285714285714
