ConfigName: kjsd__advperagentrankweighted__M3__L18__eps0p01__g0p001__ds0p2__dm0p2
Problem: QUBO
Kernel: jsd
Advantage: peragentrankweighted
M: 3
lambda: 18
epsilon_svgd: 0.01
gamma: 0.001
decay_start_ratio: 0.2
decay_min_factor: 0.2
bandwith_kernel: None
no_interact: False
avg_score: -306.94000244140625
median_score: -306.0
std_score: 38.40828323364258
percentiles: 2%=-390.1199951171875, 5%=-384.1000061035156, 10%=-361.3999938964844, 25%=-328.0, 50%=-306.0, 75%=-273.5, 90%=-261.79998779296875, 95%=-253.0, 98%=-246.97999572753906
ranking_best_algo: CMApara
ranking_best_score: 319.29999999999995
ranking_my_rank: 104/504 (79.6%)
ranking_my_percent: 79.56349206349206
