ConfigName: kfr__advglobalrankweighted__M6__L8__eps0p015__g0p005__ds0p01__dm0p01
Problem: QUBO
Kernel: fr
Advantage: globalrankweighted
M: 6
lambda: 8
epsilon_svgd: 0.015
gamma: 0.005
decay_start_ratio: 0.01
decay_min_factor: 0.01
bandwith_kernel: None
no_interact: False
avg_score: -1082.56005859375
median_score: -1073.5
std_score: 69.71475219726562
percentiles: 2%=-1228.56005859375, 5%=-1207.5, 10%=-1173.4000244140625, 25%=-1129.0, 50%=-1073.5, 75%=-1028.0, 90%=-1001.0, 95%=-984.9000244140625, 98%=-972.8399658203125
ranking_best_algo: SVMMetaModelLogNormal
ranking_best_score: 1233.7999999999997
ranking_my_rank: 175/504 (65.5%)
ranking_my_percent: 65.47619047619048
