ConfigName: kjsd__advperagentrankweighted__M3__L18__eps0p005__g0p0007__ds0p2__dm0p2
Problem: QUBO
Kernel: jsd
Advantage: peragentrankweighted
M: 3
lambda: 18
epsilon_svgd: 0.005
gamma: 0.0007
decay_start_ratio: 0.2
decay_min_factor: 0.2
bandwith_kernel: None
no_interact: False
avg_score: -1620.1400146484375
median_score: -1625.0
std_score: 75.02693176269531
percentiles: 2%=-1760.0, 5%=-1744.300048828125, 10%=-1717.5999755859375, 25%=-1669.5, 50%=-1625.0, 75%=-1565.0, 90%=-1521.800048828125, 95%=-1486.800048828125, 98%=-1467.97998046875
ranking_best_algo: NLOPT_LN_PRAXIS
ranking_best_score: 1607.12
ranking_my_rank: 1/504 (100.0%)
ranking_my_percent: 100.0
