ConfigName: kjsd__advperagentrankweighted__M4__L12__eps0p02__g0p0007__ds0p2__dm0p05
Problem: NK
Kernel: jsd
Advantage: peragentrankweighted
M: 4
lambda: 12
epsilon_svgd: 0.02
gamma: 0.0007
decay_start_ratio: 0.2
decay_min_factor: 0.05
bandwith_kernel: None
no_interact: False
avg_score: 0.7335913181304932
median_score: 0.7363424301147461
std_score: 0.010154761373996735
percentiles: 2%=0.7133590579032898, 5%=0.7151252627372742, 10%=0.7165327668190002, 25%=0.727940559387207, 50%=0.7363424301147461, 75%=0.7400015592575073, 90%=0.7456443309783936, 95%=0.7469096183776855, 98%=0.750247061252594
ranking_best_algo: PBIL
ranking_best_score: 0.730509098125
ranking_my_rank: 1/504 (100.0%)
ranking_my_percent: 100.0
