ConfigName: kjsd__advperagentrankweighted__M3__L16__eps0p005__g0p003__ds0p1__dm0p2
Problem: QUBO
Kernel: jsd
Advantage: peragentrankweighted
M: 3
lambda: 16
epsilon_svgd: 0.005
gamma: 0.003
decay_start_ratio: 0.1
decay_min_factor: 0.2
bandwith_kernel: None
no_interact: False
avg_score: -1013.0800170898438
median_score: -1001.5
std_score: 82.02153778076172
percentiles: 2%=-1170.1800537109375, 5%=-1147.5999755859375, 10%=-1123.9000244140625, 25%=-1063.0, 50%=-1001.5, 75%=-959.75, 90%=-910.7999877929688, 95%=-892.4000244140625, 98%=-871.7000122070312
ranking_best_algo: SVMMetaModelLogNormal
ranking_best_score: 1233.7999999999997
ranking_my_rank: 218/504 (56.9%)
ranking_my_percent: 56.94444444444444
