ConfigName: krbf__advnormalizedfitness__M3__L8__eps0p015__g0p015__ds0p01__dm0p3
Problem: NK
Kernel: rbf
Advantage: normalizedfitness
M: 3
lambda: 8
epsilon_svgd: 0.015
gamma: 0.015
decay_start_ratio: 0.01
decay_min_factor: 0.3
bandwith_kernel: None
no_interact: False
avg_score: 0.6580103039741516
median_score: 0.6580017805099487
std_score: 0.014920230954885483
percentiles: 2%=0.6379820704460144, 5%=0.6386160254478455, 10%=0.6409896612167358, 25%=0.6461738348007202, 50%=0.6580017805099487, 75%=0.6664947867393494, 90%=0.6748496890068054, 95%=0.6844902634620667, 98%=0.6948524713516235
ranking_best_algo: Tabu
ranking_best_score: 0.7601875690625
ranking_my_rank: 374/504 (26.0%)
ranking_my_percent: 25.99206349206349
