ConfigName: kjsd__advperagentrankweighted__M3__L18__eps0p007__g0p0007__ds0p2__dm0p1
Problem: QUBO
Kernel: jsd
Advantage: peragentrankweighted
M: 3
lambda: 18
epsilon_svgd: 0.007
gamma: 0.0007
decay_start_ratio: 0.2
decay_min_factor: 0.1
bandwith_kernel: None
no_interact: False
avg_score: -2595.06005859375
median_score: -2579.5
std_score: 106.45297241210938
percentiles: 2%=-2831.0400390625, 5%=-2768.699951171875, 10%=-2747.5, 25%=-2663.0, 50%=-2579.5, 75%=-2520.75, 90%=-2463.39990234375, 95%=-2436.75, 98%=-2423.820068359375
ranking_best_algo: SVM1MetaModelLogNormal
ranking_best_score: 2605.14
ranking_my_rank: 10/504 (98.2%)
ranking_my_percent: 98.21428571428571
