ConfigName: kjsd__advperagentrankweighted__M4__L12__eps0p02__g0p0003__ds0p2__dm0p05
Problem: QUBO
Kernel: jsd
Advantage: peragentrankweighted
M: 4
lambda: 12
epsilon_svgd: 0.02
gamma: 0.0003
decay_start_ratio: 0.2
decay_min_factor: 0.05
bandwith_kernel: None
no_interact: False
avg_score: -1265.8399658203125
median_score: -1268.0
std_score: 55.31649398803711
percentiles: 2%=-1374.5, 5%=-1366.0, 10%=-1341.5999755859375, 25%=-1300.25, 50%=-1268.0, 75%=-1231.25, 90%=-1190.800048828125, 95%=-1177.0, 98%=-1162.9200439453125
ranking_best_algo: BigLognormalDiscreteOnePlusOne
ranking_best_score: 1301.3600000000004
ranking_my_rank: 50/504 (90.3%)
ranking_my_percent: 90.27777777777777
