ConfigName: kjsd__advperagentrankweighted__M4__L8__eps0p006__g0p0005__ds0p05__dm0p05
Problem: QUBO
Kernel: jsd
Advantage: peragentrankweighted
M: 4
lambda: 8
epsilon_svgd: 0.006
gamma: 0.0005
decay_start_ratio: 0.05
decay_min_factor: 0.05
bandwith_kernel: None
no_interact: False
avg_score: -579.97998046875
median_score: -583.0
std_score: 27.480894088745117
percentiles: 2%=-632.0999755859375, 5%=-626.25, 10%=-613.0, 25%=-599.25, 50%=-583.0, 75%=-557.0, 90%=-543.9000244140625, 95%=-534.9500122070312, 98%=-521.97998046875
ranking_best_algo: Tabu
ranking_best_score: 588.7199999999999
ranking_my_rank: 40/503 (92.2%)
ranking_my_percent: 92.2465208747515
