ConfigName: kfr__advglobalrankweighted__M4__L10__eps0p015__g0p007__ds0p01__dm0p01
Problem: QUBO
Kernel: fr
Advantage: globalrankweighted
M: 4
lambda: 10
epsilon_svgd: 0.015
gamma: 0.007
decay_start_ratio: 0.01
decay_min_factor: 0.01
bandwith_kernel: None
no_interact: False
avg_score: -1241.8199462890625
median_score: -1243.0
std_score: 68.1755599975586
percentiles: 2%=-1392.06005859375, 5%=-1354.050048828125, 10%=-1318.5999755859375, 25%=-1285.0, 50%=-1243.0, 75%=-1195.75, 90%=-1146.9000244140625, 95%=-1127.8499755859375, 98%=-1110.8199462890625
ranking_best_algo: BigLognormalDiscreteOnePlusOne
ranking_best_score: 1301.3600000000004
ranking_my_rank: 57/504 (88.9%)
ranking_my_percent: 88.88888888888889
