ConfigName: kjsd__advperagentrankweighted__M5__L8__eps0p01__g0p0007__ds0p05__dm0p05
Problem: QUBO
Kernel: jsd
Advantage: peragentrankweighted
M: 5
lambda: 8
epsilon_svgd: 0.01
gamma: 0.0007
decay_start_ratio: 0.05
decay_min_factor: 0.05
bandwith_kernel: None
no_interact: False
avg_score: -1247.0999755859375
median_score: -1239.5
std_score: 59.38594436645508
percentiles: 2%=-1368.02001953125, 5%=-1355.1500244140625, 10%=-1331.5999755859375, 25%=-1294.0, 50%=-1239.5, 75%=-1202.0, 90%=-1180.5999755859375, 95%=-1160.9000244140625, 98%=-1145.97998046875
ranking_best_algo: SVMMetaModelLogNormal
ranking_best_score: 1233.7999999999997
ranking_my_rank: 1/504 (100.0%)
ranking_my_percent: 100.0
