ConfigName: kjsd__advperagentrankweighted__M3__L16__eps0p01__g0p003__ds0p2__dm0p2
Problem: NK
Kernel: jsd
Advantage: peragentrankweighted
M: 3
lambda: 16
epsilon_svgd: 0.01
gamma: 0.003
decay_start_ratio: 0.2
decay_min_factor: 0.2
bandwith_kernel: None
no_interact: False
avg_score: 0.7402000427246094
median_score: 0.7385898232460022
std_score: 0.013369379565119743
percentiles: 2%=0.7167192697525024, 5%=0.7214970588684082, 10%=0.7235665917396545, 25%=0.7293401956558228, 50%=0.7385898232460022, 75%=0.7503014206886292, 90%=0.75900799036026, 95%=0.7611643075942993, 98%=0.7664949893951416
ranking_best_algo: Tabu
ranking_best_score: 0.7601875690625
ranking_my_rank: 15/504 (97.2%)
ranking_my_percent: 97.22222222222223
