ConfigName: kjsd__advperagentrankweighted__M4__L8__eps0p03__g0p0007__ds0p2__dm0p05
Problem: NK
Kernel: jsd
Advantage: peragentrankweighted
M: 4
lambda: 8
epsilon_svgd: 0.03
gamma: 0.0007
decay_start_ratio: 0.2
decay_min_factor: 0.05
bandwith_kernel: None
no_interact: False
avg_score: 0.7285022735595703
median_score: 0.7303544282913208
std_score: 0.010351581498980522
percentiles: 2%=0.703810453414917, 5%=0.7095489501953125, 10%=0.7139540314674377, 25%=0.7216688990592957, 50%=0.7303544282913208, 75%=0.7360163927078247, 90%=0.7410981059074402, 95%=0.7435922622680664, 98%=0.7444015145301819
ranking_best_algo: PBIL
ranking_best_score: 0.730509098125
ranking_my_rank: 4/504 (99.4%)
ranking_my_percent: 99.4047619047619
