ConfigName: kfr__advglobalrankweighted__M5__L10__eps0p02__g0p007__ds0p01__dm0p01
Problem: QUBO
Kernel: fr
Advantage: globalrankweighted
M: 5
lambda: 10
epsilon_svgd: 0.02
gamma: 0.007
decay_start_ratio: 0.01
decay_min_factor: 0.01
bandwith_kernel: None
no_interact: False
avg_score: -200.6999969482422
median_score: -200.5
std_score: 12.256834983825684
percentiles: 2%=-222.0399932861328, 5%=-220.10000610351562, 10%=-217.0, 25%=-209.25, 50%=-200.5, 75%=-193.0, 90%=-181.89999389648438, 95%=-180.0, 98%=-175.95999145507812
ranking_best_algo: Tabu
ranking_best_score: 208.36000000000004
ranking_my_rank: 45/504 (91.3%)
ranking_my_percent: 91.26984126984127
