ConfigName: kjsd__advperagentrankweighted__M3__L18__eps0p01__g0p003__ds0p2__dm0p1
Problem: QUBO
Kernel: jsd
Advantage: peragentrankweighted
M: 3
lambda: 18
epsilon_svgd: 0.01
gamma: 0.003
decay_start_ratio: 0.2
decay_min_factor: 0.1
bandwith_kernel: None
no_interact: False
avg_score: -1176.5400390625
median_score: -1172.0
std_score: 58.34593963623047
percentiles: 2%=-1291.280029296875, 5%=-1272.4000244140625, 10%=-1249.699951171875, 25%=-1211.5, 50%=-1172.0, 75%=-1135.25, 90%=-1102.800048828125, 95%=-1086.949951171875, 98%=-1076.5
ranking_best_algo: Tabu
ranking_best_score: 1216.16
ranking_my_rank: 82/504 (83.9%)
ranking_my_percent: 83.92857142857143
