ConfigName: kjsd__advperagentrankweighted__M3__L18__eps0p01__g0p0005__ds0p05__dm0p2
Problem: NK
Kernel: jsd
Advantage: peragentrankweighted
M: 3
lambda: 18
epsilon_svgd: 0.01
gamma: 0.0005
decay_start_ratio: 0.05
decay_min_factor: 0.2
bandwith_kernel: None
no_interact: False
avg_score: 0.734062135219574
median_score: 0.7334486246109009
std_score: 0.014027138240635395
percentiles: 2%=0.7080155611038208, 5%=0.7128100395202637, 10%=0.716415524482727, 25%=0.7244424819946289, 50%=0.7334486246109009, 75%=0.7436507940292358, 90%=0.7524059414863586, 95%=0.7574706077575684, 98%=0.7613986730575562
ranking_best_algo: Tabu
ranking_best_score: 0.7601875690625
ranking_my_rank: 32/504 (93.8%)
ranking_my_percent: 93.84920634920636
