ConfigName: kjsd__advperagentrankweighted__M4__L8__eps0p01__g0p0005__ds0p05__dm0p05
Problem: NK
Kernel: jsd
Advantage: peragentrankweighted
M: 4
lambda: 8
epsilon_svgd: 0.01
gamma: 0.0005
decay_start_ratio: 0.05
decay_min_factor: 0.05
bandwith_kernel: None
no_interact: False
avg_score: 0.7106144428253174
median_score: 0.6979824900627136
std_score: 0.0316171757876873
percentiles: 2%=0.6717921495437622, 5%=0.6743626594543457, 10%=0.6751645803451538, 25%=0.6823720335960388, 50%=0.6979824900627136, 75%=0.7460520267486572, 90%=0.7524471879005432, 95%=0.7613165378570557, 98%=0.7613165378570557
ranking_best_algo: CMApara
ranking_best_score: 0.7118996098437498
ranking_my_rank: 20/504 (96.2%)
ranking_my_percent: 96.23015873015873
