ConfigName: kjsd__advperagentrankweighted__M4__L12__eps0p005__g0p0007__ds0p2__dm0p2
Problem: QUBO
Kernel: jsd
Advantage: peragentrankweighted
M: 4
lambda: 12
epsilon_svgd: 0.005
gamma: 0.0007
decay_start_ratio: 0.2
decay_min_factor: 0.2
bandwith_kernel: None
no_interact: False
avg_score: -3260.659912109375
median_score: -3256.0
std_score: 117.16059112548828
percentiles: 2%=-3532.139892578125, 5%=-3448.550048828125, 10%=-3416.10009765625, 25%=-3334.0, 50%=-3256.0, 75%=-3174.5, 90%=-3121.800048828125, 95%=-3086.85009765625, 98%=-3055.360107421875
ranking_best_algo: RLSOnePlusOne
ranking_best_score: 3316.5199999999995
ranking_my_rank: 14/504 (97.4%)
ranking_my_percent: 97.42063492063492
