ConfigName: krbf__advnormalizedfitness__M4__L15__eps0p033__g0p015__ds0p01__dm0p01
Problem: NK
Kernel: rbf
Advantage: normalizedfitness
M: 4
lambda: 15
epsilon_svgd: 0.033
gamma: 0.015
decay_start_ratio: 0.01
decay_min_factor: 0.01
bandwith_kernel: None
no_interact: False
avg_score: 0.6201256513595581
median_score: 0.6166131496429443
std_score: 0.014387435279786587
percentiles: 2%=0.5999748110771179, 5%=0.601011335849762, 10%=0.6052267551422119, 25%=0.609808087348938, 50%=0.6166131496429443, 75%=0.63004469871521, 90%=0.6420378684997559, 95%=0.6452805995941162, 98%=0.6533428430557251
ranking_best_algo: Tabu
ranking_best_score: 0.7429702712499999
ranking_my_rank: 373/504 (26.2%)
ranking_my_percent: 26.19047619047619
