ConfigName: krbf__advnormalizedfitness__M3__L8__eps0p033__g0p015__ds0p01__dm0p01
Problem: QUBO
Kernel: rbf
Advantage: normalizedfitness
M: 3
lambda: 8
epsilon_svgd: 0.033
gamma: 0.015
decay_start_ratio: 0.01
decay_min_factor: 0.01
bandwith_kernel: None
no_interact: False
avg_score: -1277.6400146484375
median_score: -1283.0
std_score: 67.94005584716797
percentiles: 2%=-1403.0799560546875, 5%=-1381.800048828125, 10%=-1369.300048828125, 25%=-1313.0, 50%=-1283.0, 75%=-1229.0, 90%=-1194.800048828125, 95%=-1170.5, 98%=-1122.5198974609375
ranking_best_algo: BigLognormalDiscreteOnePlusOne
ranking_best_score: 1301.3600000000004
ranking_my_rank: 32/504 (93.8%)
ranking_my_percent: 93.84920634920636
