ConfigName: kjsd__advperagentrankweighted__M3__L20__eps0p005__g0p0007__ds0p1__dm0p1
Problem: QUBO
Kernel: jsd
Advantage: peragentrankweighted
M: 3
lambda: 20
epsilon_svgd: 0.005
gamma: 0.0007
decay_start_ratio: 0.1
decay_min_factor: 0.1
bandwith_kernel: None
no_interact: False
avg_score: -3300.43994140625
median_score: -3308.5
std_score: 106.93383026123047
percentiles: 2%=-3511.219970703125, 5%=-3468.0, 10%=-3445.10009765625, 25%=-3371.75, 50%=-3308.5, 75%=-3234.75, 90%=-3157.89990234375, 95%=-3120.800048828125, 98%=-3078.0
ranking_best_algo: RLSOnePlusOne
ranking_best_score: 3316.5199999999995
ranking_my_rank: 3/504 (99.6%)
ranking_my_percent: 99.60317460317461
