ConfigName: kjsd__advperagentrankweighted__M4__L20__eps0p005__g0p0005__ds0p1__dm0p2
Problem: QUBO
Kernel: jsd
Advantage: peragentrankweighted
M: 4
lambda: 20
epsilon_svgd: 0.005
gamma: 0.0005
decay_start_ratio: 0.1
decay_min_factor: 0.2
bandwith_kernel: None
no_interact: False
avg_score: -2610.139892578125
median_score: -2592.5
std_score: 126.68376922607422
percentiles: 2%=-2855.3798828125, 5%=-2827.800048828125, 10%=-2773.199951171875, 25%=-2703.25, 50%=-2592.5, 75%=-2511.5, 90%=-2456.800048828125, 95%=-2423.89990234375, 98%=-2399.739990234375
ranking_best_algo: DiscreteLengler2OnePlusOne
ranking_best_score: 2617.04
ranking_my_rank: 2/504 (99.8%)
ranking_my_percent: 99.8015873015873
