ConfigName: kjsd__advperagentrankweighted__M5__L24__eps0p03__g0p0007__ds0p2__dm0p05
Problem: QUBO
Kernel: jsd
Advantage: peragentrankweighted
M: 5
lambda: 24
epsilon_svgd: 0.03
gamma: 0.0007
decay_start_ratio: 0.2
decay_min_factor: 0.05
bandwith_kernel: None
no_interact: False
avg_score: -1247.739990234375
median_score: -1243.5
std_score: 61.887901306152344
percentiles: 2%=-1375.0799560546875, 5%=-1355.300048828125, 10%=-1329.300048828125, 25%=-1290.25, 50%=-1243.5, 75%=-1199.0, 90%=-1177.9000244140625, 95%=-1155.449951171875, 98%=-1134.97998046875
ranking_best_algo: SVMMetaModelLogNormal
ranking_best_score: 1233.7999999999997
ranking_my_rank: 1/504 (100.0%)
ranking_my_percent: 100.0
