ConfigName: kjsd__advperagentrankweighted__M3__L20__eps0p007__g0p0005__ds0p05__dm0p2
Problem: QUBO
Kernel: jsd
Advantage: peragentrankweighted
M: 3
lambda: 20
epsilon_svgd: 0.007
gamma: 0.0005
decay_start_ratio: 0.05
decay_min_factor: 0.2
bandwith_kernel: None
no_interact: False
avg_score: -3311.840087890625
median_score: -3301.0
std_score: 126.1792984008789
percentiles: 2%=-3582.60009765625, 5%=-3501.199951171875, 10%=-3462.89990234375, 25%=-3401.0, 50%=-3301.0, 75%=-3221.0, 90%=-3155.89990234375, 95%=-3113.5, 98%=-3069.9599609375
ranking_best_algo: RLSOnePlusOne
ranking_best_score: 3316.5199999999995
ranking_my_rank: 2/504 (99.8%)
ranking_my_percent: 99.8015873015873
