ConfigName: krbf__advnormalizedfitness__M4__L12__eps0p033__g0p005__ds0p15__dm0p01
Problem: NK
Kernel: rbf
Advantage: normalizedfitness
M: 4
lambda: 12
epsilon_svgd: 0.033
gamma: 0.005
decay_start_ratio: 0.15
decay_min_factor: 0.01
bandwith_kernel: None
no_interact: False
avg_score: 0.6798107028007507
median_score: 0.6770780086517334
std_score: 0.018611805513501167
percentiles: 2%=0.6505224108695984, 5%=0.6538251638412476, 10%=0.6566808223724365, 25%=0.6680952310562134, 50%=0.6770780086517334, 75%=0.6895785331726074, 90%=0.709643542766571, 95%=0.7202126383781433, 98%=0.7269836664199829
ranking_best_algo: PBIL
ranking_best_score: 0.7170882103515624
ranking_my_rank: 163/504 (67.9%)
ranking_my_percent: 67.85714285714286
