ConfigName: krbf__advnormalizedfitness__M1__L10__eps0p015__g0p01__ds0p15__dm0p3
Problem: QUBO
Kernel: rbf
Advantage: normalizedfitness
M: 1
lambda: 10
epsilon_svgd: 0.015
gamma: 0.01
decay_start_ratio: 0.15
decay_min_factor: 0.3
bandwith_kernel: None
no_interact: False
avg_score: -418.1400146484375
median_score: -415.5
std_score: 33.2255973815918
percentiles: 2%=-479.0799865722656, 5%=-475.1000061035156, 10%=-466.1000061035156, 25%=-433.5, 50%=-415.5, 75%=-399.25, 90%=-373.6000061035156, 95%=-360.0, 98%=-351.91998291015625
ranking_best_algo: CMAL3
ranking_best_score: 435.36
ranking_my_rank: 97/504 (81.0%)
ranking_my_percent: 80.95238095238095
