ConfigName: kjsd__advperagentrankweighted__M4__L30__eps0p01__g0p0003__ds0p2__dm0p05
Problem: QUBO
Kernel: jsd
Advantage: peragentrankweighted
M: 4
lambda: 30
epsilon_svgd: 0.01
gamma: 0.0003
decay_start_ratio: 0.2
decay_min_factor: 0.05
bandwith_kernel: None
no_interact: False
avg_score: -415.0400085449219
median_score: -418.0
std_score: 26.473352432250977
percentiles: 2%=-473.0400085449219, 5%=-455.1000061035156, 10%=-443.29998779296875, 25%=-434.0, 50%=-418.0, 75%=-394.0, 90%=-378.0, 95%=-375.70001220703125, 98%=-365.7200012207031
ranking_best_algo: Tabu
ranking_best_score: 438.12
ranking_my_rank: 51/504 (90.1%)
ranking_my_percent: 90.07936507936508
