ConfigName: kjsd__advperagentrankweighted__M3__L16__eps0p01__g0p003__ds0p05__dm0p05
Problem: QUBO
Kernel: jsd
Advantage: peragentrankweighted
M: 3
lambda: 16
epsilon_svgd: 0.01
gamma: 0.003
decay_start_ratio: 0.05
decay_min_factor: 0.05
bandwith_kernel: None
no_interact: False
avg_score: -2631.199951171875
median_score: -2633.0
std_score: 134.18911743164062
percentiles: 2%=-2877.260009765625, 5%=-2852.25, 10%=-2802.199951171875, 25%=-2733.5, 50%=-2633.0, 75%=-2539.0, 90%=-2476.0, 95%=-2411.10009765625, 98%=-2339.659912109375
ranking_best_algo: DiscreteLengler2OnePlusOne
ranking_best_score: 2617.04
ranking_my_rank: 1/504 (100.0%)
ranking_my_percent: 100.0
