ConfigName: kjsd__advperagentrankweighted__M4__L12__eps0p01__g0p0003__ds0p2__dm0p05
Problem: QUBO
Kernel: jsd
Advantage: peragentrankweighted
M: 4
lambda: 12
epsilon_svgd: 0.01
gamma: 0.0003
decay_start_ratio: 0.2
decay_min_factor: 0.05
bandwith_kernel: None
no_interact: False
avg_score: -577.52001953125
median_score: -575.5
std_score: 29.366811752319336
percentiles: 2%=-637.0800170898438, 5%=-625.25, 10%=-617.4000244140625, 25%=-597.0, 50%=-575.5, 75%=-555.0, 90%=-542.7000122070312, 95%=-533.9500122070312, 98%=-519.8400268554688
ranking_best_algo: Tabu
ranking_best_score: 588.7199999999999
ranking_my_rank: 44/503 (91.5%)
ranking_my_percent: 91.45129224652088
