ConfigName: kfr__advglobalrankweighted__M4__L12__eps0p02__g0p007__ds0p01__dm0p01
Problem: QUBO
Kernel: fr
Advantage: globalrankweighted
M: 4
lambda: 12
epsilon_svgd: 0.02
gamma: 0.007
decay_start_ratio: 0.01
decay_min_factor: 0.01
bandwith_kernel: None
no_interact: False
avg_score: -576.6599731445312
median_score: -573.0
std_score: 30.21927261352539
percentiles: 2%=-630.2000122070312, 5%=-624.1500244140625, 10%=-616.0999755859375, 25%=-599.25, 50%=-573.0, 75%=-558.75, 90%=-540.7000122070312, 95%=-526.9000244140625, 98%=-522.8999633789062
ranking_best_algo: Tabu
ranking_best_score: 588.7199999999999
ranking_my_rank: 55/503 (89.3%)
ranking_my_percent: 89.26441351888668
