ConfigName: kjsd__advperagentrankweighted__M3__L18__eps0p01__g0p0007__ds0p05__dm0p05
Problem: NK
Kernel: jsd
Advantage: peragentrankweighted
M: 3
lambda: 18
epsilon_svgd: 0.01
gamma: 0.0007
decay_start_ratio: 0.05
decay_min_factor: 0.05
bandwith_kernel: None
no_interact: False
avg_score: 0.7344022989273071
median_score: 0.735193133354187
std_score: 0.008366855792701244
percentiles: 2%=0.7180995345115662, 5%=0.719851016998291, 10%=0.7215648889541626, 25%=0.7286261916160583, 50%=0.735193133354187, 75%=0.7412654757499695, 90%=0.7446082234382629, 95%=0.7457374930381775, 98%=0.7462457418441772
ranking_best_algo: PBIL
ranking_best_score: 0.7248786399609374
ranking_my_rank: 1/504 (100.0%)
ranking_my_percent: 100.0
