ConfigName: krbf__advnormalizedfitness__M4__L8__eps0p015__g0p015__ds0p01__dm0p01
Problem: NK
Kernel: rbf
Advantage: normalizedfitness
M: 4
lambda: 8
epsilon_svgd: 0.015
gamma: 0.015
decay_start_ratio: 0.01
decay_min_factor: 0.01
bandwith_kernel: None
no_interact: False
avg_score: 0.7441385388374329
median_score: 0.7423104643821716
std_score: 0.0291938204318285
percentiles: 2%=0.7029877305030823, 5%=0.7057748436927795, 10%=0.7083058953285217, 25%=0.7208378911018372, 50%=0.7423104643821716, 75%=0.7582429647445679, 90%=0.778337299823761, 95%=0.8044298887252808, 98%=0.8104748129844666
ranking_best_algo: CMApara
ranking_best_score: 0.7459277895312499
ranking_my_rank: 6/504 (99.0%)
ranking_my_percent: 99.0079365079365
