ConfigName: kjsd__advperagentrankweighted__M6__L10__eps0p005__g0p0005__ds0p3__dm0p05
Problem: QUBO
Kernel: jsd
Advantage: peragentrankweighted
M: 6
lambda: 10
epsilon_svgd: 0.005
gamma: 0.0005
decay_start_ratio: 0.3
decay_min_factor: 0.05
bandwith_kernel: None
no_interact: False
avg_score: -140.39999389648438
median_score: -141.0
std_score: 10.243046760559082
percentiles: 2%=-158.02000427246094, 5%=-158.0, 10%=-156.10000610351562, 25%=-146.25, 50%=-141.0, 75%=-132.0, 90%=-127.0, 95%=-126.9000015258789, 98%=-122.91999816894531
ranking_best_algo: DiscreteDE
ranking_best_score: 143.4
ranking_my_rank: 78/504 (84.7%)
ranking_my_percent: 84.72222222222223
