ConfigName: kjsd__advperagentrankweighted__M3__L18__eps0p01__g0p003__ds0p1__dm0p05
Problem: QUBO
Kernel: jsd
Advantage: peragentrankweighted
M: 3
lambda: 18
epsilon_svgd: 0.01
gamma: 0.003
decay_start_ratio: 0.1
decay_min_factor: 0.05
bandwith_kernel: None
no_interact: False
avg_score: -328.8399963378906
median_score: -330.0
std_score: 22.074745178222656
percentiles: 2%=-372.0, 5%=-372.0, 10%=-354.0, 25%=-342.25, 50%=-330.0, 75%=-316.0, 90%=-293.8999938964844, 95%=-289.6499938964844, 98%=-281.9599914550781
ranking_best_algo: CMApara
ranking_best_score: 344.22
ranking_my_rank: 83/504 (83.7%)
ranking_my_percent: 83.73015873015873
