ConfigName: krbf__advnormalizedfitness__M4__L12__eps0p033__g0p005__ds0p15__dm0p3
Problem: QUBO
Kernel: rbf
Advantage: normalizedfitness
M: 4
lambda: 12
epsilon_svgd: 0.033
gamma: 0.005
decay_start_ratio: 0.15
decay_min_factor: 0.3
bandwith_kernel: None
no_interact: False
avg_score: -894.97998046875
median_score: -890.0
std_score: 65.84664154052734
percentiles: 2%=-1046.1199951171875, 5%=-1034.300048828125, 10%=-971.5999755859375, 25%=-939.5, 50%=-890.0, 75%=-850.75, 90%=-812.7000122070312, 95%=-804.300048828125, 98%=-782.8800048828125
ranking_best_algo: CMAL3
ranking_best_score: 928.5800000000002
ranking_my_rank: 87/504 (82.9%)
ranking_my_percent: 82.93650793650794
