ConfigName: krbf__advnormalizedfitness__M3__L8__eps0p025__g0p015__ds0p15__dm0p01
Problem: NK
Kernel: rbf
Advantage: normalizedfitness
M: 3
lambda: 8
epsilon_svgd: 0.025
gamma: 0.015
decay_start_ratio: 0.15
decay_min_factor: 0.01
bandwith_kernel: None
no_interact: False
avg_score: 0.6518157124519348
median_score: 0.6469292044639587
std_score: 0.02076481468975544
percentiles: 2%=0.6209815740585327, 5%=0.6257450580596924, 10%=0.630046546459198, 25%=0.6366572976112366, 50%=0.6469292044639587, 75%=0.6608062982559204, 90%=0.6820580363273621, 95%=0.6938056349754333, 98%=0.7018957734107971
ranking_best_algo: PBIL
ranking_best_score: 0.7170882103515624
ranking_my_rank: 285/504 (43.7%)
ranking_my_percent: 43.65079365079365
