ConfigName: kjsd__advperagentrankweighted__M3__L20__eps0p005__g0p0005__ds0p2__dm0p1
Problem: QUBO
Kernel: jsd
Advantage: peragentrankweighted
M: 3
lambda: 20
epsilon_svgd: 0.005
gamma: 0.0005
decay_start_ratio: 0.2
decay_min_factor: 0.1
bandwith_kernel: None
no_interact: False
avg_score: -329.7200012207031
median_score: -334.0
std_score: 21.289472579956055
percentiles: 2%=-361.2200012207031, 5%=-361.0, 10%=-350.3999938964844, 25%=-343.75, 50%=-334.0, 75%=-319.5, 90%=-299.79998779296875, 95%=-291.79998779296875, 98%=-275.9599914550781
ranking_best_algo: CMApara
ranking_best_score: 344.22
ranking_my_rank: 80/504 (84.3%)
ranking_my_percent: 84.32539682539682
