ConfigName: kjsd__advperagentrankweighted__M4__L8__eps0p005__g0p0003__ds0p2__dm0p05
Problem: QUBO
Kernel: jsd
Advantage: peragentrankweighted
M: 4
lambda: 8
epsilon_svgd: 0.005
gamma: 0.0003
decay_start_ratio: 0.2
decay_min_factor: 0.05
bandwith_kernel: None
no_interact: False
avg_score: -440.6600036621094
median_score: -441.5
std_score: 26.765731811523438
percentiles: 2%=-492.0400085449219, 5%=-481.0, 10%=-471.1000061035156, 25%=-461.0, 50%=-441.5, 75%=-420.5, 90%=-402.8999938964844, 95%=-395.0, 98%=-387.94000244140625
ranking_best_algo: CMApara
ranking_best_score: 453.82
ranking_my_rank: 12/504 (97.8%)
ranking_my_percent: 97.81746031746032
