ConfigName: kjsd__advperagentrankweighted__M5__L10__eps0p005__g0p003__ds0p05__dm0p2
Problem: QUBO
Kernel: jsd
Advantage: peragentrankweighted
M: 5
lambda: 10
epsilon_svgd: 0.005
gamma: 0.003
decay_start_ratio: 0.05
decay_min_factor: 0.2
bandwith_kernel: None
no_interact: False
avg_score: -379.6400146484375
median_score: -374.0
std_score: 31.552976608276367
percentiles: 2%=-449.0799865722656, 5%=-433.20001220703125, 10%=-422.29998779296875, 25%=-402.25, 50%=-374.0, 75%=-358.75, 90%=-340.8999938964844, 95%=-332.79998779296875, 98%=-318.9599914550781
ranking_best_algo: CMAL3
ranking_best_score: 435.36
ranking_my_rank: 314/504 (37.9%)
ranking_my_percent: 37.8968253968254
