ConfigName: krbf__advnormalizedfitness__M1__L8__eps0p025__g0p015__ds0p01__dm0p01
Problem: QUBO
Kernel: rbf
Advantage: normalizedfitness
M: 1
lambda: 8
epsilon_svgd: 0.025
gamma: 0.015
decay_start_ratio: 0.01
decay_min_factor: 0.01
bandwith_kernel: None
no_interact: False
avg_score: -397.82000732421875
median_score: -400.0
std_score: 31.781875610351562
percentiles: 2%=-459.1199951171875, 5%=-445.04998779296875, 10%=-437.0, 25%=-416.0, 50%=-400.0, 75%=-380.0, 90%=-364.0, 95%=-351.9000244140625, 98%=-321.9599914550781
ranking_best_algo: Tabu
ranking_best_score: 438.12
ranking_my_rank: 231/504 (54.4%)
ranking_my_percent: 54.36507936507937
