ConfigName: krbf__advnormalizedfitness__M4__L12__eps0p015__g0p005__ds0p3__dm0p01
Problem: NK
Kernel: rbf
Advantage: normalizedfitness
M: 4
lambda: 12
epsilon_svgd: 0.015
gamma: 0.005
decay_start_ratio: 0.3
decay_min_factor: 0.01
bandwith_kernel: None
no_interact: False
avg_score: 0.7019772529602051
median_score: 0.7026536464691162
std_score: 0.011888141743838787
percentiles: 2%=0.6813470721244812, 5%=0.6845501065254211, 10%=0.686005711555481, 25%=0.6908459663391113, 50%=0.7026536464691162, 75%=0.7119612097740173, 90%=0.716585099697113, 95%=0.7181534767150879, 98%=0.7198061943054199
ranking_best_algo: PBIL
ranking_best_score: 0.7013553837109374
ranking_my_rank: 1/504 (100.0%)
ranking_my_percent: 100.0
