ConfigName: kjsd__advperagentrankweighted__M2__L20__eps0p005__g0p0005__ds0p1__dm0p1
Problem: QUBO
Kernel: jsd
Advantage: peragentrankweighted
M: 2
lambda: 20
epsilon_svgd: 0.005
gamma: 0.0005
decay_start_ratio: 0.1
decay_min_factor: 0.1
bandwith_kernel: None
no_interact: False
avg_score: -3304.340087890625
median_score: -3309.5
std_score: 117.23141479492188
percentiles: 2%=-3525.080078125, 5%=-3508.449951171875, 10%=-3459.300048828125, 25%=-3378.75, 50%=-3309.5, 75%=-3219.0, 90%=-3143.800048828125, 95%=-3120.5, 98%=-3107.860107421875
ranking_best_algo: RLSOnePlusOne
ranking_best_score: 3316.5199999999995
ranking_my_rank: 3/504 (99.6%)
ranking_my_percent: 99.60317460317461
