ConfigName: krbf__advnormalizedfitness__M3__L15__eps0p033__g0p015__ds0p3__dm0p01
Problem: NK
Kernel: rbf
Advantage: normalizedfitness
M: 3
lambda: 15
epsilon_svgd: 0.033
gamma: 0.015
decay_start_ratio: 0.3
decay_min_factor: 0.01
bandwith_kernel: None
no_interact: False
avg_score: 0.7493140697479248
median_score: 0.7501563429832458
std_score: 0.015560006722807884
percentiles: 2%=0.7209534645080566, 5%=0.7240981459617615, 10%=0.7280265092849731, 25%=0.739371657371521, 50%=0.7501563429832458, 75%=0.7613126039505005, 90%=0.7710593342781067, 95%=0.7732995748519897, 98%=0.7763009071350098
ranking_best_algo: Tabu
ranking_best_score: 0.7470791764843752
ranking_my_rank: 1/504 (100.0%)
ranking_my_percent: 100.0
