ConfigName: kjsd__advperagentrankweighted__M4__L20__eps0p007__g0p0005__ds0p2__dm0p1
Problem: QUBO
Kernel: jsd
Advantage: peragentrankweighted
M: 4
lambda: 20
epsilon_svgd: 0.007
gamma: 0.0005
decay_start_ratio: 0.2
decay_min_factor: 0.1
bandwith_kernel: None
no_interact: False
avg_score: -329.0
median_score: -334.0
std_score: 24.13213539123535
percentiles: 2%=-372.0, 5%=-372.0, 10%=-356.1000061035156, 25%=-343.75, 50%=-334.0, 75%=-311.0, 90%=-292.8999938964844, 95%=-285.70001220703125, 98%=-279.9599914550781
ranking_best_algo: CMApara
ranking_best_score: 344.22
ranking_my_rank: 83/504 (83.7%)
ranking_my_percent: 83.73015873015873
