ConfigName: kjsd__advperagentrankweighted__M6__L10__eps0p02__g0p0007__ds0p05__dm0p05
Problem: NK
Kernel: jsd
Advantage: peragentrankweighted
M: 6
lambda: 10
epsilon_svgd: 0.02
gamma: 0.0007
decay_start_ratio: 0.05
decay_min_factor: 0.05
bandwith_kernel: None
no_interact: False
avg_score: 0.7534629106521606
median_score: 0.7534160614013672
std_score: 0.01180457416921854
percentiles: 2%=0.7272523641586304, 5%=0.7353832721710205, 10%=0.7384814023971558, 25%=0.7444204688072205, 50%=0.7534160614013672, 75%=0.7622170448303223, 90%=0.7679752707481384, 95%=0.7726873159408569, 98%=0.7755712270736694
ranking_best_algo: Tabu
ranking_best_score: 0.7470791764843752
ranking_my_rank: 1/504 (100.0%)
ranking_my_percent: 100.0
