ConfigName: kjsd__advperagentrankweighted__M3__L18__eps0p01__g0p0005__ds0p2__dm0p2
Problem: NK
Kernel: jsd
Advantage: peragentrankweighted
M: 3
lambda: 18
epsilon_svgd: 0.01
gamma: 0.0005
decay_start_ratio: 0.2
decay_min_factor: 0.2
bandwith_kernel: None
no_interact: False
avg_score: 0.7323268055915833
median_score: 0.7337158918380737
std_score: 0.00811358354985714
percentiles: 2%=0.7148354053497314, 5%=0.7181927561759949, 10%=0.7222696542739868, 25%=0.7265241146087646, 50%=0.7337158918380737, 75%=0.7380146980285645, 90%=0.7417976260185242, 95%=0.7445181608200073, 98%=0.74726402759552
ranking_best_algo: PBIL
ranking_best_score: 0.7248786399609374
ranking_my_rank: 1/504 (100.0%)
ranking_my_percent: 100.0
