ConfigName: krbf__advnormalizedfitness__M3__L12__eps0p025__g0p005__ds0p01__dm0p01
Problem: NK
Kernel: rbf
Advantage: normalizedfitness
M: 3
lambda: 12
epsilon_svgd: 0.025
gamma: 0.005
decay_start_ratio: 0.01
decay_min_factor: 0.01
bandwith_kernel: None
no_interact: False
avg_score: 0.7086278796195984
median_score: 0.7079087495803833
std_score: 0.013755886815488338
percentiles: 2%=0.68192058801651, 5%=0.6869600415229797, 10%=0.6924181580543518, 25%=0.6991771459579468, 50%=0.7079087495803833, 75%=0.7189326882362366, 90%=0.7271275520324707, 95%=0.7321145534515381, 98%=0.7379468083381653
ranking_best_algo: PBIL
ranking_best_score: 0.7170882103515624
ranking_my_rank: 54/504 (89.5%)
ranking_my_percent: 89.48412698412699
