ConfigName: kjsd__advperagentrankweighted__M4__L20__eps0p007__g0p0005__ds0p1__dm0p05
Problem: QUBO
Kernel: jsd
Advantage: peragentrankweighted
M: 4
lambda: 20
epsilon_svgd: 0.007
gamma: 0.0005
decay_start_ratio: 0.1
decay_min_factor: 0.05
bandwith_kernel: None
no_interact: False
avg_score: -920.0800170898438
median_score: -918.0
std_score: 59.03129577636719
percentiles: 2%=-1031.02001953125, 5%=-1026.0, 10%=-999.0, 25%=-965.0, 50%=-918.0, 75%=-874.0, 90%=-842.7999877929688, 95%=-821.9500122070312, 98%=-816.0
ranking_best_algo: CMAL3
ranking_best_score: 928.5800000000002
ranking_my_rank: 9/504 (98.4%)
ranking_my_percent: 98.41269841269842
