ConfigName: kjsd__advperagentrankweighted__M5__L12__eps0p03__g0p0003__ds0p2__dm0p05
Problem: NK
Kernel: jsd
Advantage: peragentrankweighted
M: 5
lambda: 12
epsilon_svgd: 0.03
gamma: 0.0003
decay_start_ratio: 0.2
decay_min_factor: 0.05
bandwith_kernel: None
no_interact: False
avg_score: 0.713459849357605
median_score: 0.7128533124923706
std_score: 0.010385118424892426
percentiles: 2%=0.6964128017425537, 5%=0.7004180550575256, 10%=0.7015247344970703, 25%=0.7055755853652954, 50%=0.7128533124923706, 75%=0.7197308540344238, 90%=0.7268586158752441, 95%=0.731383740901947, 98%=0.7340610027313232
ranking_best_algo: Tabu
ranking_best_score: 0.7429702712499999
ranking_my_rank: 138/504 (72.8%)
ranking_my_percent: 72.81746031746032
