ConfigName: krbf__advnormalizedfitness__M4__L24__eps0p03__g0p005__ds0p05__dm0p05
Problem: QUBO
Kernel: rbf
Advantage: normalizedfitness
M: 4
lambda: 24
epsilon_svgd: 0.03
gamma: 0.005
decay_start_ratio: 0.05
decay_min_factor: 0.05
bandwith_kernel: None
no_interact: False
avg_score: -310.5400085449219
median_score: -312.0
std_score: 39.008567810058594
percentiles: 2%=-398.0400085449219, 5%=-382.29998779296875, 10%=-359.6000061035156, 25%=-337.0, 50%=-312.0, 75%=-274.0, 90%=-266.8999938964844, 95%=-254.0, 98%=-246.9600067138672
ranking_best_algo: CMApara
ranking_best_score: 319.29999999999995
ranking_my_rank: 58/504 (88.7%)
ranking_my_percent: 88.69047619047619
