ConfigName: krbf__advnormalizedfitness__M4__L10__eps0p033__g0p015__ds0p3__dm0p3
Problem: QUBO
Kernel: rbf
Advantage: normalizedfitness
M: 4
lambda: 10
epsilon_svgd: 0.033
gamma: 0.015
decay_start_ratio: 0.3
decay_min_factor: 0.3
bandwith_kernel: None
no_interact: False
avg_score: -950.1799926757812
median_score: -947.0
std_score: 108.88483428955078
percentiles: 2%=-1171.6800537109375, 5%=-1135.699951171875, 10%=-1091.300048828125, 25%=-1022.0, 50%=-947.0, 75%=-863.75, 90%=-818.9000244140625, 95%=-797.7000122070312, 98%=-753.35986328125
ranking_best_algo: Tabu
ranking_best_score: 1216.16
ranking_my_rank: 325/504 (35.7%)
ranking_my_percent: 35.714285714285715
