ConfigName: kjsd__advperagentrankweighted__M3__L16__eps0p01__g0p001__ds0p05__dm0p1
Problem: QUBO
Kernel: jsd
Advantage: peragentrankweighted
M: 3
lambda: 16
epsilon_svgd: 0.01
gamma: 0.001
decay_start_ratio: 0.05
decay_min_factor: 0.1
bandwith_kernel: None
no_interact: False
avg_score: -1195.5
median_score: -1190.0
std_score: 57.36453628540039
percentiles: 2%=-1317.9599609375, 5%=-1297.1500244140625, 10%=-1261.0999755859375, 25%=-1232.25, 50%=-1190.0, 75%=-1158.75, 90%=-1129.0, 95%=-1114.9000244140625, 98%=-1089.800048828125
ranking_best_algo: Tabu
ranking_best_score: 1216.16
ranking_my_rank: 48/504 (90.7%)
ranking_my_percent: 90.67460317460318
