ConfigName: kjsd__advperagentrankweighted__M4__L12__eps0p02__g0p0003__ds0p05__dm0p05
Problem: QUBO
Kernel: jsd
Advantage: peragentrankweighted
M: 4
lambda: 12
epsilon_svgd: 0.02
gamma: 0.0003
decay_start_ratio: 0.05
decay_min_factor: 0.05
bandwith_kernel: None
no_interact: False
avg_score: -563.4000244140625
median_score: -562.0
std_score: 30.593463897705078
percentiles: 2%=-625.0, 5%=-615.2000122070312, 10%=-598.2000122070312, 25%=-587.0, 50%=-562.0, 75%=-543.75, 90%=-526.7999877929688, 95%=-510.8500061035156, 98%=-497.9800109863281
ranking_best_algo: Tabu
ranking_best_score: 588.7199999999999
ranking_my_rank: 94/503 (81.5%)
ranking_my_percent: 81.51093439363817
