ConfigName: krbf__advnormalizedfitness__M1__L8__eps0p015__g0p005__ds0p15__dm0p3
Problem: NK
Kernel: rbf
Advantage: normalizedfitness
M: 1
lambda: 8
epsilon_svgd: 0.015
gamma: 0.005
decay_start_ratio: 0.15
decay_min_factor: 0.3
bandwith_kernel: None
no_interact: False
avg_score: 0.7327334880828857
median_score: 0.7274117469787598
std_score: 0.031164875254034996
percentiles: 2%=0.6840465068817139, 5%=0.694931149482727, 10%=0.6982453465461731, 25%=0.7111847400665283, 50%=0.7274117469787598, 75%=0.7458455562591553, 90%=0.7702651619911194, 95%=0.8044298887252808, 98%=0.8044812083244324
ranking_best_algo: CMApara
ranking_best_score: 0.7459277895312499
ranking_my_rank: 137/504 (73.0%)
ranking_my_percent: 73.01587301587301
