ConfigName: krbf__advnormalizedfitness__M3__L15__eps0p025__g0p007__ds0p15__dm0p3
Problem: NK
Kernel: rbf
Advantage: normalizedfitness
M: 3
lambda: 15
epsilon_svgd: 0.025
gamma: 0.007
decay_start_ratio: 0.15
decay_min_factor: 0.3
bandwith_kernel: None
no_interact: False
avg_score: 0.7363580465316772
median_score: 0.738005518913269
std_score: 0.0088207321241498
percentiles: 2%=0.7168171405792236, 5%=0.721683919429779, 10%=0.7234411835670471, 25%=0.7298386096954346, 50%=0.738005518913269, 75%=0.7425615787506104, 90%=0.7461825013160706, 95%=0.7499770522117615, 98%=0.7520400881767273
ranking_best_algo: PBIL
ranking_best_score: 0.730509098125
ranking_my_rank: 1/504 (100.0%)
ranking_my_percent: 100.0
