ConfigName: krbf__advnormalizedfitness__M4__L15__eps0p033__g0p015__ds0p01__dm0p01
Problem: NK
Kernel: rbf
Advantage: normalizedfitness
M: 4
lambda: 15
epsilon_svgd: 0.033
gamma: 0.015
decay_start_ratio: 0.01
decay_min_factor: 0.01
bandwith_kernel: None
no_interact: False
avg_score: 0.7131604552268982
median_score: 0.7133944034576416
std_score: 0.011920417658984661
percentiles: 2%=0.6892849802970886, 5%=0.6935734748840332, 10%=0.6976336240768433, 25%=0.7045193910598755, 50%=0.7133944034576416, 75%=0.7218407392501831, 90%=0.7292818427085876, 95%=0.7317317724227905, 98%=0.7338311672210693
ranking_best_algo: PBIL
ranking_best_score: 0.7248786399609374
ranking_my_rank: 52/504 (89.9%)
ranking_my_percent: 89.88095238095238
