ConfigName: krbf__advnormalizedfitness__M4__L12__eps0p033__g0p007__ds0p3__dm0p3
Problem: NK
Kernel: rbf
Advantage: normalizedfitness
M: 4
lambda: 12
epsilon_svgd: 0.033
gamma: 0.007
decay_start_ratio: 0.3
decay_min_factor: 0.3
bandwith_kernel: None
no_interact: False
avg_score: 0.5855847001075745
median_score: 0.5851038694381714
std_score: 0.007700918707996607
percentiles: 2%=0.5740944743156433, 5%=0.5756571292877197, 10%=0.5778725147247314, 25%=0.5805598497390747, 50%=0.5851038694381714, 75%=0.5882830023765564, 90%=0.5935280919075012, 95%=0.5955710411071777, 98%=0.6014893054962158
ranking_best_algo: PBIL
ranking_best_score: 0.7170882103515624
ranking_my_rank: 374/504 (26.0%)
ranking_my_percent: 25.99206349206349
