ConfigName: krbf__advnormalizedfitness__M5__L15__eps0p025__g0p005__ds0p05__dm0p05
Problem: QUBO
Kernel: rbf
Advantage: normalizedfitness
M: 5
lambda: 15
epsilon_svgd: 0.025
gamma: 0.005
decay_start_ratio: 0.05
decay_min_factor: 0.05
bandwith_kernel: None
no_interact: False
avg_score: -309.260009765625
median_score: -304.0
std_score: 37.22811508178711
percentiles: 2%=-394.0799865722656, 5%=-390.0, 10%=-353.79998779296875, 25%=-330.5, 50%=-304.0, 75%=-276.0, 90%=-268.0, 95%=-263.95001220703125, 98%=-258.94000244140625
ranking_best_algo: CMApara
ranking_best_score: 319.29999999999995
ranking_my_rank: 81/504 (84.1%)
ranking_my_percent: 84.12698412698413
