ConfigName: kjsd__advperagentrankweighted__M4__L10__eps0p005__g0p0007__ds0p05__dm0p05
Problem: QUBO
Kernel: jsd
Advantage: peragentrankweighted
M: 4
lambda: 10
epsilon_svgd: 0.005
gamma: 0.0007
decay_start_ratio: 0.05
decay_min_factor: 0.05
bandwith_kernel: None
no_interact: False
avg_score: -1243.93994140625
median_score: -1240.0
std_score: 56.26274871826172
percentiles: 2%=-1364.260009765625, 5%=-1344.050048828125, 10%=-1314.5999755859375, 25%=-1272.75, 50%=-1240.0, 75%=-1208.25, 90%=-1174.800048828125, 95%=-1160.4000244140625, 98%=-1144.800048828125
ranking_best_algo: SVMMetaModelLogNormal
ranking_best_score: 1233.7999999999997
ranking_my_rank: 1/504 (100.0%)
ranking_my_percent: 100.0
