ConfigName: krbf__advnormalizedfitness__M3__L15__eps0p033__g0p005__ds0p3__dm0p3
Problem: QUBO
Kernel: rbf
Advantage: normalizedfitness
M: 3
lambda: 15
epsilon_svgd: 0.033
gamma: 0.005
decay_start_ratio: 0.3
decay_min_factor: 0.3
bandwith_kernel: None
no_interact: False
avg_score: -577.6599731445312
median_score: -579.0
std_score: 27.16402816772461
percentiles: 2%=-627.0399780273438, 5%=-625.0, 10%=-619.0999755859375, 25%=-597.0, 50%=-579.0, 75%=-557.0, 90%=-539.9000244140625, 95%=-531.9500122070312, 98%=-530.0
ranking_best_algo: Tabu
ranking_best_score: 588.7199999999999
ranking_my_rank: 44/503 (91.5%)
ranking_my_percent: 91.45129224652088
