ConfigName: kjsd__advperagentrankweighted__M3__L18__eps0p007__g0p001__ds0p2__dm0p1
Problem: QUBO
Kernel: jsd
Advantage: peragentrankweighted
M: 3
lambda: 18
epsilon_svgd: 0.007
gamma: 0.001
decay_start_ratio: 0.2
decay_min_factor: 0.1
bandwith_kernel: None
no_interact: False
avg_score: -3285.0400390625
median_score: -3286.5
std_score: 114.01437377929688
percentiles: 2%=-3516.10009765625, 5%=-3452.75, 10%=-3428.5, 25%=-3370.25, 50%=-3286.5, 75%=-3215.0, 90%=-3143.699951171875, 95%=-3079.25, 98%=-3029.820068359375
ranking_best_algo: RLSOnePlusOne
ranking_best_score: 3316.5199999999995
ranking_my_rank: 3/504 (99.6%)
ranking_my_percent: 99.60317460317461
