ConfigName: kjsd__advperagentrankweighted__M8__L24__eps0p005__g0p0005__ds0p3__dm0p05
Problem: QUBO
Kernel: jsd
Advantage: peragentrankweighted
M: 8
lambda: 24
epsilon_svgd: 0.005
gamma: 0.0005
decay_start_ratio: 0.3
decay_min_factor: 0.05
bandwith_kernel: None
no_interact: False
avg_score: -1963.93994140625
median_score: -1959.0
std_score: 174.81222534179688
percentiles: 2%=-2363.06005859375, 5%=-2292.10009765625, 10%=-2178.10009765625, 25%=-2101.25, 50%=-1959.0, 75%=-1834.5, 90%=-1746.699951171875, 95%=-1718.199951171875, 98%=-1655.739990234375
ranking_best_algo: DiscreteLengler2OnePlusOne
ranking_best_score: 2617.04
ranking_my_rank: 282/504 (44.2%)
ranking_my_percent: 44.24603174603175
