ConfigName: kjsd__advperagentrankweighted__M5__L8__eps0p01__g0p0003__ds0p05__dm0p05
Problem: QUBO
Kernel: jsd
Advantage: peragentrankweighted
M: 5
lambda: 8
epsilon_svgd: 0.01
gamma: 0.0003
decay_start_ratio: 0.05
decay_min_factor: 0.05
bandwith_kernel: None
no_interact: False
avg_score: -905.3200073242188
median_score: -906.5
std_score: 59.40873336791992
percentiles: 2%=-1020.0, 5%=-1006.0499877929688, 10%=-987.2000122070312, 25%=-944.25, 50%=-906.5, 75%=-870.25, 90%=-823.0, 95%=-804.8499755859375, 98%=-792.8599853515625
ranking_best_algo: CMAL3
ranking_best_score: 928.5800000000002
ranking_my_rank: 64/504 (87.5%)
ranking_my_percent: 87.5
