ConfigName: krbf__advnormalizedfitness__M3__L12__eps0p025__g0p015__ds0p01__dm0p3
Problem: QUBO
Kernel: rbf
Advantage: normalizedfitness
M: 3
lambda: 12
epsilon_svgd: 0.025
gamma: 0.015
decay_start_ratio: 0.01
decay_min_factor: 0.3
bandwith_kernel: None
no_interact: False
avg_score: -199.0800018310547
median_score: -199.0
std_score: 12.189896583557129
percentiles: 2%=-222.0399932861328, 5%=-219.0500030517578, 10%=-215.10000610351562, 25%=-207.0, 50%=-199.0, 75%=-191.75, 90%=-182.0, 95%=-179.75003051757812, 98%=-172.0
ranking_best_algo: Tabu
ranking_best_score: 208.36000000000004
ranking_my_rank: 86/504 (83.1%)
ranking_my_percent: 83.13492063492063
