ConfigName: kjsd__advperagentrankweighted__M4__L20__eps0p005__g0p0005__ds0p2__dm0p2
Problem: QUBO
Kernel: jsd
Advantage: peragentrankweighted
M: 4
lambda: 20
epsilon_svgd: 0.005
gamma: 0.0005
decay_start_ratio: 0.2
decay_min_factor: 0.2
bandwith_kernel: None
no_interact: False
avg_score: -427.5199890136719
median_score: -431.0
std_score: 29.121292114257812
percentiles: 2%=-479.0799865722656, 5%=-477.0, 10%=-469.20001220703125, 25%=-444.25, 50%=-431.0, 75%=-411.0, 90%=-392.79998779296875, 95%=-379.8999938964844, 98%=-360.8599853515625
ranking_best_algo: CMAL3
ranking_best_score: 435.36
ranking_my_rank: 18/504 (96.6%)
ranking_my_percent: 96.62698412698413
