ConfigName: kjsd__advperagentrankweighted__M3__L18__eps0p01__g0p0007__ds0p1__dm0p1
Problem: QUBO
Kernel: jsd
Advantage: peragentrankweighted
M: 3
lambda: 18
epsilon_svgd: 0.01
gamma: 0.0007
decay_start_ratio: 0.1
decay_min_factor: 0.1
bandwith_kernel: None
no_interact: False
avg_score: -136.97999572753906
median_score: -137.5
std_score: 13.331151962280273
percentiles: 2%=-159.02000427246094, 5%=-158.0500030517578, 10%=-154.1999969482422, 25%=-146.0, 50%=-137.5, 75%=-128.0, 90%=-118.0, 95%=-114.9000015258789, 98%=-106.95999908447266
ranking_best_algo: DiscreteDE
ranking_best_score: 143.4
ranking_my_rank: 164/504 (67.7%)
ranking_my_percent: 67.65873015873017
