ConfigName: kjsd__advperagentrankweighted__M4__L8__eps0p02__g0p0003__ds0p05__dm0p05
Problem: NK
Kernel: jsd
Advantage: peragentrankweighted
M: 4
lambda: 8
epsilon_svgd: 0.02
gamma: 0.0003
decay_start_ratio: 0.05
decay_min_factor: 0.05
bandwith_kernel: None
no_interact: False
avg_score: 0.7349281311035156
median_score: 0.7342262864112854
std_score: 0.027613075450062752
percentiles: 2%=0.6934276819229126, 5%=0.7022011280059814, 10%=0.7077114582061768, 25%=0.7153741121292114, 50%=0.7342262864112854, 75%=0.7461251020431519, 90%=0.7674497961997986, 95%=0.7947742938995361, 98%=0.8109490275382996
ranking_best_algo: CMApara
ranking_best_score: 0.7459277895312499
ranking_my_rank: 99/504 (80.6%)
ranking_my_percent: 80.55555555555556
