ConfigName: kjsd__advperagentrankweighted__M4__L8__eps0p005__g0p0003__ds0p4__dm0p05
Problem: NK
Kernel: jsd
Advantage: peragentrankweighted
M: 4
lambda: 8
epsilon_svgd: 0.005
gamma: 0.0003
decay_start_ratio: 0.4
decay_min_factor: 0.05
bandwith_kernel: None
no_interact: False
avg_score: 0.7055643200874329
median_score: 0.7063353657722473
std_score: 0.01171350758522749
percentiles: 2%=0.685822606086731, 5%=0.6876723170280457, 10%=0.6889882683753967, 25%=0.6947280764579773, 50%=0.7063353657722473, 75%=0.715843677520752, 90%=0.7191424369812012, 95%=0.7204794883728027, 98%=0.7222636342048645
ranking_best_algo: PBIL
ranking_best_score: 0.7013553837109374
ranking_my_rank: 1/504 (100.0%)
ranking_my_percent: 100.0
