ConfigName: kjsd__advperagentrankweighted__M3__L16__eps0p005__g0p003__ds0p05__dm0p05
Problem: QUBO
Kernel: jsd
Advantage: peragentrankweighted
M: 3
lambda: 16
epsilon_svgd: 0.005
gamma: 0.003
decay_start_ratio: 0.05
decay_min_factor: 0.05
bandwith_kernel: None
no_interact: False
avg_score: -412.3800048828125
median_score: -411.0
std_score: 25.239959716796875
percentiles: 2%=-473.0, 5%=-452.8500061035156, 10%=-446.20001220703125, 25%=-428.0, 50%=-411.0, 75%=-393.5, 90%=-386.0, 95%=-380.0, 98%=-361.9599914550781
ranking_best_algo: Tabu
ranking_best_score: 438.12
ranking_my_rank: 67/504 (86.9%)
ranking_my_percent: 86.9047619047619
