ConfigName: kjsd__advperagentrankweighted__M3__L16__eps0p007__g0p0005__ds0p1__dm0p1
Problem: NK
Kernel: jsd
Advantage: peragentrankweighted
M: 3
lambda: 16
epsilon_svgd: 0.007
gamma: 0.0005
decay_start_ratio: 0.1
decay_min_factor: 0.1
bandwith_kernel: None
no_interact: False
avg_score: 0.7093276977539062
median_score: 0.7112376093864441
std_score: 0.015230325981974602
percentiles: 2%=0.6697522401809692, 5%=0.6713666319847107, 10%=0.694151759147644, 25%=0.7059202790260315, 50%=0.7112376093864441, 75%=0.7170710563659668, 90%=0.725327730178833, 95%=0.7307508587837219, 98%=0.7325925827026367
ranking_best_algo: CMApara
ranking_best_score: 0.707475975
ranking_my_rank: 1/504 (100.0%)
ranking_my_percent: 100.0
