ConfigName: kjsd__advperagentrankweighted__M3__L18__eps0p007__g0p0005__ds0p05__dm0p2
Problem: NK
Kernel: jsd
Advantage: peragentrankweighted
M: 3
lambda: 18
epsilon_svgd: 0.007
gamma: 0.0005
decay_start_ratio: 0.05
decay_min_factor: 0.2
bandwith_kernel: None
no_interact: False
avg_score: 0.7201066613197327
median_score: 0.7201905250549316
std_score: 0.007160608656704426
percentiles: 2%=0.7077146768569946, 5%=0.7085285186767578, 10%=0.710480272769928, 25%=0.7149709463119507, 50%=0.7201905250549316, 75%=0.7241954803466797, 90%=0.7300333380699158, 95%=0.7326100468635559, 98%=0.7340449690818787
ranking_best_algo: PBIL
ranking_best_score: 0.7170882103515624
ranking_my_rank: 1/504 (100.0%)
ranking_my_percent: 100.0
