ConfigName: kjsd__advperagentrankweighted__M3__L18__eps0p005__g0p001__ds0p1__dm0p2
Problem: NK
Kernel: jsd
Advantage: peragentrankweighted
M: 3
lambda: 18
epsilon_svgd: 0.005
gamma: 0.001
decay_start_ratio: 0.1
decay_min_factor: 0.2
bandwith_kernel: None
no_interact: False
avg_score: 0.7343538403511047
median_score: 0.7361690998077393
std_score: 0.009197330102324486
percentiles: 2%=0.7145373225212097, 5%=0.7157814502716064, 10%=0.7204203009605408, 25%=0.7285142540931702, 50%=0.7361690998077393, 75%=0.7412461042404175, 90%=0.7450117468833923, 95%=0.7463730573654175, 98%=0.7480929493904114
ranking_best_algo: PBIL
ranking_best_score: 0.7248786399609374
ranking_my_rank: 1/504 (100.0%)
ranking_my_percent: 100.0
