ConfigName: kjsd__advperagentrankweighted__M4__L20__eps0p005__g0p001__ds0p2__dm0p2
Problem: QUBO
Kernel: jsd
Advantage: peragentrankweighted
M: 4
lambda: 20
epsilon_svgd: 0.005
gamma: 0.001
decay_start_ratio: 0.2
decay_min_factor: 0.2
bandwith_kernel: None
no_interact: False
avg_score: -308.4200134277344
median_score: -303.0
std_score: 37.02247619628906
percentiles: 2%=-392.0, 5%=-384.0, 10%=-356.20001220703125, 25%=-330.5, 50%=-303.0, 75%=-274.75, 90%=-266.0, 95%=-264.0, 98%=-259.8999938964844
ranking_best_algo: CMApara
ranking_best_score: 319.29999999999995
ranking_my_rank: 88/504 (82.7%)
ranking_my_percent: 82.73809523809524
