ConfigName: krbf__advnormalizedfitness__M1__L8__eps0p033__g0p007__ds0p3__dm0p01
Problem: QUBO
Kernel: rbf
Advantage: normalizedfitness
M: 1
lambda: 8
epsilon_svgd: 0.033
gamma: 0.007
decay_start_ratio: 0.3
decay_min_factor: 0.01
bandwith_kernel: None
no_interact: False
avg_score: -871.3800048828125
median_score: -869.0
std_score: 77.50222778320312
percentiles: 2%=-1028.239990234375, 5%=-994.25, 10%=-982.0999755859375, 25%=-916.25, 50%=-869.0, 75%=-812.0, 90%=-781.7999877929688, 95%=-760.2500610351562, 98%=-730.8399658203125
ranking_best_algo: CMAL3
ranking_best_score: 928.5800000000002
ranking_my_rank: 140/504 (72.4%)
ranking_my_percent: 72.42063492063492
