ConfigName: kjsd__advperagentrankweighted__M3__L18__eps0p005__g0p003__ds0p2__dm0p05
Problem: NK
Kernel: jsd
Advantage: peragentrankweighted
M: 3
lambda: 18
epsilon_svgd: 0.005
gamma: 0.003
decay_start_ratio: 0.2
decay_min_factor: 0.05
bandwith_kernel: None
no_interact: False
avg_score: 0.597956657409668
median_score: 0.5972744226455688
std_score: 0.01146744191646576
percentiles: 2%=0.5792292952537537, 5%=0.5824165940284729, 10%=0.5851535797119141, 25%=0.589558482170105, 50%=0.5972744226455688, 75%=0.6053892374038696, 90%=0.611533522605896, 95%=0.6163927316665649, 98%=0.6265743970870972
ranking_best_algo: PBIL
ranking_best_score: 0.7170882103515624
ranking_my_rank: 361/504 (28.6%)
ranking_my_percent: 28.571428571428573
