ConfigName: kjsd__advperagentrankweighted__M3__L16__eps0p007__g0p003__ds0p1__dm0p2
Problem: NK
Kernel: jsd
Advantage: peragentrankweighted
M: 3
lambda: 16
epsilon_svgd: 0.007
gamma: 0.003
decay_start_ratio: 0.1
decay_min_factor: 0.2
bandwith_kernel: None
no_interact: False
avg_score: 0.7357804775238037
median_score: 0.7361253499984741
std_score: 0.009098720736801624
percentiles: 2%=0.7174581289291382, 5%=0.719663143157959, 10%=0.7232512831687927, 25%=0.7284842133522034, 50%=0.7361253499984741, 75%=0.7436807155609131, 90%=0.7464754581451416, 95%=0.7486123442649841, 98%=0.7517330646514893
ranking_best_algo: PBIL
ranking_best_score: 0.730509098125
ranking_my_rank: 1/504 (100.0%)
ranking_my_percent: 100.0
