ConfigName: krbf__advnormalizedfitness__M5__L15__eps0p025__g0p01__ds0p05__dm0p05
Problem: QUBO
Kernel: rbf
Advantage: normalizedfitness
M: 5
lambda: 15
epsilon_svgd: 0.025
gamma: 0.01
decay_start_ratio: 0.05
decay_min_factor: 0.05
bandwith_kernel: None
no_interact: False
avg_score: -295.2200012207031
median_score: -296.0
std_score: 39.46785354614258
percentiles: 2%=-390.0, 5%=-382.0, 10%=-344.20001220703125, 25%=-314.0, 50%=-296.0, 75%=-264.75, 90%=-249.89999389648438, 95%=-244.0, 98%=-239.9600067138672
ranking_best_algo: CMApara
ranking_best_score: 319.29999999999995
ranking_my_rank: 262/504 (48.2%)
ranking_my_percent: 48.214285714285715
