ConfigName: kjsd__advperagentrankweighted__M4__L30__eps0p005__g0p0007__ds0p2__dm0p05
Problem: QUBO
Kernel: jsd
Advantage: peragentrankweighted
M: 4
lambda: 30
epsilon_svgd: 0.005
gamma: 0.0007
decay_start_ratio: 0.2
decay_min_factor: 0.05
bandwith_kernel: None
no_interact: False
avg_score: -139.47999572753906
median_score: -141.0
std_score: 10.463727951049805
percentiles: 2%=-158.02000427246094, 5%=-158.0, 10%=-152.39999389648438, 25%=-146.25, 50%=-141.0, 75%=-131.0, 90%=-126.80000305175781, 95%=-123.0, 98%=-118.95999908447266
ranking_best_algo: DiscreteDE
ranking_best_score: 143.4
ranking_my_rank: 85/504 (83.3%)
ranking_my_percent: 83.33333333333333
