ConfigName: krbf__advnormalizedfitness__M1__L8__eps0p025__g0p015__ds0p3__dm0p3
Problem: NK
Kernel: rbf
Advantage: normalizedfitness
M: 1
lambda: 8
epsilon_svgd: 0.025
gamma: 0.015
decay_start_ratio: 0.3
decay_min_factor: 0.3
bandwith_kernel: None
no_interact: False
avg_score: 0.7042198777198792
median_score: 0.7065156698226929
std_score: 0.011820957995951176
percentiles: 2%=0.6836908459663391, 5%=0.6869270205497742, 10%=0.689264178276062, 25%=0.6926480531692505, 50%=0.7065156698226929, 75%=0.7145918607711792, 90%=0.7186539173126221, 95%=0.7201522588729858, 98%=0.7223132252693176
ranking_best_algo: PBIL
ranking_best_score: 0.7013553837109374
ranking_my_rank: 1/504 (100.0%)
ranking_my_percent: 100.0
