ConfigName: kjsd__advperagentrankweighted__M5__L24__eps0p02__g0p0007__ds0p2__dm0p05
Problem: QUBO
Kernel: jsd
Advantage: peragentrankweighted
M: 5
lambda: 24
epsilon_svgd: 0.02
gamma: 0.0007
decay_start_ratio: 0.2
decay_min_factor: 0.05
bandwith_kernel: None
no_interact: False
avg_score: -428.5400085449219
median_score: -428.0
std_score: 24.703611373901367
percentiles: 2%=-485.0400085449219, 5%=-475.0, 10%=-469.0, 25%=-442.0, 50%=-428.0, 75%=-411.75, 90%=-395.0, 95%=-389.95001220703125, 98%=-385.9800109863281
ranking_best_algo: CMAL3
ranking_best_score: 435.36
ranking_my_rank: 15/504 (97.2%)
ranking_my_percent: 97.22222222222223
