ConfigName: kjsd__advperagentrankweighted__M3__L18__eps0p01__g0p0007__ds0p05__dm0p05
Problem: QUBO
Kernel: jsd
Advantage: peragentrankweighted
M: 3
lambda: 18
epsilon_svgd: 0.01
gamma: 0.0007
decay_start_ratio: 0.05
decay_min_factor: 0.05
bandwith_kernel: None
no_interact: False
avg_score: -409.0
median_score: -408.0
std_score: 26.486223220825195
percentiles: 2%=-457.1600036621094, 5%=-454.0, 10%=-446.0, 25%=-428.0, 50%=-408.0, 75%=-392.75, 90%=-372.0, 95%=-367.70001220703125, 98%=-351.8399963378906
ranking_best_algo: Tabu
ranking_best_score: 438.12
ranking_my_rank: 112/504 (78.0%)
ranking_my_percent: 77.97619047619048
