ConfigName: kjsd__advperagentrankweighted__M3__L16__eps0p01__g0p0007__ds0p05__dm0p1
Problem: QUBO
Kernel: jsd
Advantage: peragentrankweighted
M: 3
lambda: 16
epsilon_svgd: 0.01
gamma: 0.0007
decay_start_ratio: 0.05
decay_min_factor: 0.1
bandwith_kernel: None
no_interact: False
avg_score: -2596.780029296875
median_score: -2599.5
std_score: 115.77423858642578
percentiles: 2%=-2820.820068359375, 5%=-2805.199951171875, 10%=-2744.10009765625, 25%=-2668.25, 50%=-2599.5, 75%=-2510.75, 90%=-2458.0, 95%=-2416.800048828125, 98%=-2364.3798828125
ranking_best_algo: SVM1MetaModelLogNormal
ranking_best_score: 2605.14
ranking_my_rank: 10/504 (98.2%)
ranking_my_percent: 98.21428571428571
