ConfigName: kjsd__advperagentrankweighted__M4__L20__eps0p007__g0p0005__ds0p1__dm0p1
Problem: QUBO
Kernel: jsd
Advantage: peragentrankweighted
M: 4
lambda: 20
epsilon_svgd: 0.007
gamma: 0.0005
decay_start_ratio: 0.1
decay_min_factor: 0.1
bandwith_kernel: None
no_interact: False
avg_score: -200.25999450683594
median_score: -202.5
std_score: 12.841043472290039
percentiles: 2%=-224.0, 5%=-222.10000610351562, 10%=-218.1999969482422, 25%=-209.0, 50%=-202.5, 75%=-190.0, 90%=-183.89999389648438, 95%=-179.89999389648438, 98%=-173.97999572753906
ranking_best_algo: Tabu
ranking_best_score: 208.36000000000004
ranking_my_rank: 49/504 (90.5%)
ranking_my_percent: 90.47619047619048
