ConfigName: kjsd__advperagentrankweighted__M3__L30__eps0p007__g0p0005__ds0p05__dm0p05
Problem: NK
Kernel: jsd
Advantage: peragentrankweighted
M: 3
lambda: 30
epsilon_svgd: 0.007
gamma: 0.0005
decay_start_ratio: 0.05
decay_min_factor: 0.05
bandwith_kernel: None
no_interact: False
avg_score: 0.7414883375167847
median_score: 0.738152027130127
std_score: 0.013885349966585636
percentiles: 2%=0.7222514152526855, 5%=0.7246270179748535, 10%=0.7264916300773621, 25%=0.7313153743743896, 50%=0.738152027130127, 75%=0.7477342486381531, 90%=0.758032500743866, 95%=0.7688246369361877, 98%=0.7770534753799438
ranking_best_algo: Tabu
ranking_best_score: 0.7601875690625
ranking_my_rank: 12/504 (97.8%)
ranking_my_percent: 97.81746031746032
