ConfigName: krbf__advnormalizedfitness__M3__L10__eps0p025__g0p01__ds0p01__dm0p3
Problem: QUBO
Kernel: rbf
Advantage: normalizedfitness
M: 3
lambda: 10
epsilon_svgd: 0.025
gamma: 0.01
decay_start_ratio: 0.01
decay_min_factor: 0.3
bandwith_kernel: None
no_interact: False
avg_score: -570.9000244140625
median_score: -573.5
std_score: 31.97420883178711
percentiles: 2%=-625.1799926757812, 5%=-619.0999755859375, 10%=-611.0999755859375, 25%=-593.75, 50%=-573.5, 75%=-549.75, 90%=-530.0, 95%=-508.95001220703125, 98%=-497.97998046875
ranking_best_algo: Tabu
ranking_best_score: 588.7199999999999
ranking_my_rank: 64/503 (87.5%)
ranking_my_percent: 87.47514910536779
