ConfigName: kjsd__advperagentrankweighted__M4__L20__eps0p007__g0p0005__ds0p2__dm0p05
Problem: QUBO
Kernel: jsd
Advantage: peragentrankweighted
M: 4
lambda: 20
epsilon_svgd: 0.007
gamma: 0.0005
decay_start_ratio: 0.2
decay_min_factor: 0.05
bandwith_kernel: None
no_interact: False
avg_score: -1246.56005859375
median_score: -1247.5
std_score: 57.73479080200195
percentiles: 2%=-1345.8199462890625, 5%=-1338.199951171875, 10%=-1318.0999755859375, 25%=-1291.0, 50%=-1247.5, 75%=-1201.0, 90%=-1169.800048828125, 95%=-1154.949951171875, 98%=-1144.9200439453125
ranking_best_algo: SVMMetaModelLogNormal
ranking_best_score: 1233.7999999999997
ranking_my_rank: 1/504 (100.0%)
ranking_my_percent: 100.0
