ConfigName: kjsd__advperagentrankweighted__M3__L16__eps0p005__g0p0005__ds0p2__dm0p1
Problem: QUBO
Kernel: jsd
Advantage: peragentrankweighted
M: 3
lambda: 16
epsilon_svgd: 0.005
gamma: 0.0005
decay_start_ratio: 0.2
decay_min_factor: 0.1
bandwith_kernel: None
no_interact: False
avg_score: -196.6199951171875
median_score: -197.0
std_score: 13.040535926818848
percentiles: 2%=-222.0399932861328, 5%=-218.0500030517578, 10%=-213.1999969482422, 25%=-205.25, 50%=-197.0, 75%=-186.75, 90%=-179.89999389648438, 95%=-176.89999389648438, 98%=-172.97999572753906
ranking_best_algo: Tabu
ranking_best_score: 208.36000000000004
ranking_my_rank: 171/504 (66.3%)
ranking_my_percent: 66.26984126984127
