ConfigName: krbf__advnormalizedfitness__M3__L10__eps0p015__g0p015__ds0p01__dm0p3
Problem: QUBO
Kernel: rbf
Advantage: normalizedfitness
M: 3
lambda: 10
epsilon_svgd: 0.015
gamma: 0.015
decay_start_ratio: 0.01
decay_min_factor: 0.3
bandwith_kernel: None
no_interact: False
avg_score: -853.219970703125
median_score: -843.0
std_score: 105.2454833984375
percentiles: 2%=-1070.300048828125, 5%=-1055.0, 10%=-993.7999877929688, 25%=-919.75, 50%=-843.0, 75%=-780.75, 90%=-736.7000122070312, 95%=-679.4500732421875, 98%=-653.659912109375
ranking_best_algo: Tabu
ranking_best_score: 1216.16
ranking_my_rank: 330/504 (34.7%)
ranking_my_percent: 34.72222222222222
