ConfigName: kjsd__advperagentrankweighted__M5__L10__eps0p005__g0p0003__ds0p2__dm0p05
Problem: QUBO
Kernel: jsd
Advantage: peragentrankweighted
M: 5
lambda: 10
epsilon_svgd: 0.005
gamma: 0.0003
decay_start_ratio: 0.2
decay_min_factor: 0.05
bandwith_kernel: None
no_interact: False
avg_score: -918.2000122070312
median_score: -918.0
std_score: 63.86720657348633
percentiles: 2%=-1044.0, 5%=-1024.5999755859375, 10%=-1005.2000122070312, 25%=-963.25, 50%=-918.0, 75%=-879.75, 90%=-832.0999755859375, 95%=-803.9500122070312, 98%=-797.0
ranking_best_algo: CMAL3
ranking_best_score: 928.5800000000002
ranking_my_rank: 10/504 (98.2%)
ranking_my_percent: 98.21428571428571
