ConfigName: kjsd__advperagentrankweighted__M4__L10__eps0p01__g0p0007__ds0p05__dm0p05
Problem: NK
Kernel: jsd
Advantage: peragentrankweighted
M: 4
lambda: 10
epsilon_svgd: 0.01
gamma: 0.0007
decay_start_ratio: 0.05
decay_min_factor: 0.05
bandwith_kernel: None
no_interact: False
avg_score: 0.744505763053894
median_score: 0.7441012859344482
std_score: 0.009535434655845165
percentiles: 2%=0.7269856333732605, 5%=0.7287536263465881, 10%=0.7323630452156067, 25%=0.7374626398086548, 50%=0.7441012859344482, 75%=0.7510796785354614, 90%=0.7560868263244629, 95%=0.7579324841499329, 98%=0.7643199563026428
ranking_best_algo: PBIL
ranking_best_score: 0.733570253046875
ranking_my_rank: 1/504 (100.0%)
ranking_my_percent: 100.0
