ConfigName: kjsd__advperagentrankweighted__M3__L30__eps0p007__g0p0005__ds0p1__dm0p05
Problem: QUBO
Kernel: jsd
Advantage: peragentrankweighted
M: 3
lambda: 30
epsilon_svgd: 0.007
gamma: 0.0005
decay_start_ratio: 0.1
decay_min_factor: 0.05
bandwith_kernel: None
no_interact: False
avg_score: -200.24000549316406
median_score: -200.5
std_score: 10.852760314941406
percentiles: 2%=-222.0399932861328, 5%=-219.0, 10%=-213.1999969482422, 25%=-207.5, 50%=-200.5, 75%=-191.75, 90%=-184.0, 95%=-182.9499969482422, 98%=-181.9600067138672
ranking_best_algo: Tabu
ranking_best_score: 208.36000000000004
ranking_my_rank: 49/504 (90.5%)
ranking_my_percent: 90.47619047619048
