ConfigName: krbf__advnormalizedfitness__M4__L12__eps0p025__g0p007__ds0p3__dm0p01
Problem: QUBO
Kernel: rbf
Advantage: normalizedfitness
M: 4
lambda: 12
epsilon_svgd: 0.025
gamma: 0.007
decay_start_ratio: 0.3
decay_min_factor: 0.01
bandwith_kernel: None
no_interact: False
avg_score: -1162.199951171875
median_score: -1157.0
std_score: 67.92951965332031
percentiles: 2%=-1295.3599853515625, 5%=-1279.0, 10%=-1241.199951171875, 25%=-1209.5, 50%=-1157.0, 75%=-1115.75, 90%=-1073.5999755859375, 95%=-1044.9000244140625, 98%=-1031.9599609375
ranking_best_algo: Tabu
ranking_best_score: 1216.16
ranking_my_rank: 98/504 (80.8%)
ranking_my_percent: 80.75396825396825
