ConfigName: krbf__advnormalizedfitness__M5__L15__eps0p03__g0p01__ds0p05__dm0p05
Problem: QUBO
Kernel: rbf
Advantage: normalizedfitness
M: 5
lambda: 15
epsilon_svgd: 0.03
gamma: 0.01
decay_start_ratio: 0.05
decay_min_factor: 0.05
bandwith_kernel: None
no_interact: False
avg_score: -880.6799926757812
median_score: -894.0
std_score: 84.63898468017578
percentiles: 2%=-1052.199951171875, 5%=-1011.5999755859375, 10%=-980.2999877929688, 25%=-929.75, 50%=-894.0, 75%=-815.75, 90%=-758.7000122070312, 95%=-732.9500122070312, 98%=-717.0
ranking_best_algo: SVMMetaModelLogNormal
ranking_best_score: 1233.7999999999997
ranking_my_rank: 320/504 (36.7%)
ranking_my_percent: 36.70634920634921
