ConfigName: krbf__advnormalizedfitness__M3__L15__eps0p015__g0p005__ds0p3__dm0p01
Problem: QUBO
Kernel: rbf
Advantage: normalizedfitness
M: 3
lambda: 15
epsilon_svgd: 0.015
gamma: 0.005
decay_start_ratio: 0.3
decay_min_factor: 0.01
bandwith_kernel: None
no_interact: False
avg_score: -1179.300048828125
median_score: -1178.0
std_score: 63.74205780029297
percentiles: 2%=-1327.3599853515625, 5%=-1287.5, 10%=-1269.4000244140625, 25%=-1215.5, 50%=-1178.0, 75%=-1131.75, 90%=-1102.800048828125, 95%=-1091.4500732421875, 98%=-1067.9599609375
ranking_best_algo: Tabu
ranking_best_score: 1216.16
ranking_my_rank: 70/504 (86.3%)
ranking_my_percent: 86.30952380952381
