ConfigName: krbf__advnormalizedfitness__M4__L10__eps0p015__g0p015__ds0p3__dm0p3
Problem: NK
Kernel: rbf
Advantage: normalizedfitness
M: 4
lambda: 10
epsilon_svgd: 0.015
gamma: 0.015
decay_start_ratio: 0.3
decay_min_factor: 0.3
bandwith_kernel: None
no_interact: False
avg_score: 0.6262578368186951
median_score: 0.6260770559310913
std_score: 0.008570119738578796
percentiles: 2%=0.6121896505355835, 5%=0.6132724285125732, 10%=0.6156020760536194, 25%=0.6188520789146423, 50%=0.6260770559310913, 75%=0.6327487230300903, 90%=0.6371557712554932, 95%=0.6398162841796875, 98%=0.6419649720191956
ranking_best_algo: PBIL
ranking_best_score: 0.7248786399609374
ranking_my_rank: 321/504 (36.5%)
ranking_my_percent: 36.507936507936506
