ConfigName: kjsd__advperagentrankweighted__M3__L20__eps0p007__g0p0007__ds0p1__dm0p1
Problem: QUBO
Kernel: jsd
Advantage: peragentrankweighted
M: 3
lambda: 20
epsilon_svgd: 0.007
gamma: 0.0007
decay_start_ratio: 0.1
decay_min_factor: 0.1
bandwith_kernel: None
no_interact: False
avg_score: -1249.9599609375
median_score: -1246.0
std_score: 57.7555046081543
percentiles: 2%=-1372.199951171875, 5%=-1354.1500244140625, 10%=-1343.0, 25%=-1284.25, 50%=-1246.0, 75%=-1205.25, 90%=-1178.5999755859375, 95%=-1160.9000244140625, 98%=-1147.97998046875
ranking_best_algo: SVMMetaModelLogNormal
ranking_best_score: 1233.7999999999997
ranking_my_rank: 1/504 (100.0%)
ranking_my_percent: 100.0
