ConfigName: krbf__advnormalizedfitness__M4__L15__eps0p025__g0p007__ds0p15__dm0p01
Problem: NK
Kernel: rbf
Advantage: normalizedfitness
M: 4
lambda: 15
epsilon_svgd: 0.025
gamma: 0.007
decay_start_ratio: 0.15
decay_min_factor: 0.01
bandwith_kernel: None
no_interact: False
avg_score: 0.7494222521781921
median_score: 0.751641571521759
std_score: 0.016413256525993347
percentiles: 2%=0.7181777358055115, 5%=0.7226651310920715, 10%=0.7275471687316895, 25%=0.7384487986564636, 50%=0.751641571521759, 75%=0.760116696357727, 90%=0.7700945138931274, 95%=0.7757474184036255, 98%=0.7787095308303833
ranking_best_algo: Tabu
ranking_best_score: 0.7470791764843752
ranking_my_rank: 1/504 (100.0%)
ranking_my_percent: 100.0
