ConfigName: kjsd__advperagentrankweighted__M3__L18__eps0p005__g0p003__ds0p1__dm0p1
Problem: NK
Kernel: jsd
Advantage: peragentrankweighted
M: 3
lambda: 18
epsilon_svgd: 0.005
gamma: 0.003
decay_start_ratio: 0.1
decay_min_factor: 0.1
bandwith_kernel: None
no_interact: False
avg_score: 0.7503879070281982
median_score: 0.7511443495750427
std_score: 0.014466430060565472
percentiles: 2%=0.7232810854911804, 5%=0.7282703518867493, 10%=0.7324352264404297, 25%=0.7384445071220398, 50%=0.7511443495750427, 75%=0.7603671550750732, 90%=0.7703797817230225, 95%=0.7725937366485596, 98%=0.7740533947944641
ranking_best_algo: Tabu
ranking_best_score: 0.7657846284375001
ranking_my_rank: 22/504 (95.8%)
ranking_my_percent: 95.83333333333333
