ConfigName: kjsd__advperagentrankweighted__M3__L18__eps0p01__g0p003__ds0p05__dm0p1
Problem: QUBO
Kernel: jsd
Advantage: peragentrankweighted
M: 3
lambda: 18
epsilon_svgd: 0.01
gamma: 0.003
decay_start_ratio: 0.05
decay_min_factor: 0.1
bandwith_kernel: None
no_interact: False
avg_score: -908.6199951171875
median_score: -911.0
std_score: 67.09422302246094
percentiles: 2%=-1027.06005859375, 5%=-1014.0499877929688, 10%=-996.0, 25%=-966.0, 50%=-911.0, 75%=-848.0, 90%=-826.5999755859375, 95%=-794.9000244140625, 98%=-791.9000244140625
ranking_best_algo: CMAL3
ranking_best_score: 928.5800000000002
ranking_my_rank: 29/504 (94.4%)
ranking_my_percent: 94.44444444444444
