ConfigName: kjsd__advperagentrankweighted__M3__L20__eps0p007__g0p0007__ds0p1__dm0p05
Problem: QUBO
Kernel: jsd
Advantage: peragentrankweighted
M: 3
lambda: 20
epsilon_svgd: 0.007
gamma: 0.0007
decay_start_ratio: 0.1
decay_min_factor: 0.05
bandwith_kernel: None
no_interact: False
avg_score: -1192.260009765625
median_score: -1188.5
std_score: 60.56989669799805
percentiles: 2%=-1339.199951171875, 5%=-1277.300048828125, 10%=-1259.0999755859375, 25%=-1231.0, 50%=-1188.5, 75%=-1154.0, 90%=-1123.0, 95%=-1097.0999755859375, 98%=-1053.8199462890625
ranking_best_algo: Tabu
ranking_best_score: 1216.16
ranking_my_rank: 49/504 (90.5%)
ranking_my_percent: 90.47619047619048
