ConfigName: kjsd__advperagentrankweighted__M4__L24__eps0p03__g0p0003__ds0p2__dm0p05
Problem: QUBO
Kernel: jsd
Advantage: peragentrankweighted
M: 4
lambda: 24
epsilon_svgd: 0.03
gamma: 0.0003
decay_start_ratio: 0.2
decay_min_factor: 0.05
bandwith_kernel: None
no_interact: False
avg_score: -326.32000732421875
median_score: -326.0
std_score: 21.76643180847168
percentiles: 2%=-372.0, 5%=-361.54998779296875, 10%=-352.20001220703125, 25%=-341.25, 50%=-326.0, 75%=-310.0, 90%=-299.79998779296875, 95%=-288.79998779296875, 98%=-279.9599914550781
ranking_best_algo: CMApara
ranking_best_score: 344.22
ranking_my_rank: 112/504 (78.0%)
ranking_my_percent: 77.97619047619048
