ConfigName: kjsd__advperagentrankweighted__M5__L8__eps0p03__g0p0005__ds0p05__dm0p05
Problem: QUBO
Kernel: jsd
Advantage: peragentrankweighted
M: 5
lambda: 8
epsilon_svgd: 0.03
gamma: 0.0005
decay_start_ratio: 0.05
decay_min_factor: 0.05
bandwith_kernel: None
no_interact: False
avg_score: -138.02000427246094
median_score: -139.0
std_score: 11.496068954467773
percentiles: 2%=-158.02000427246094, 5%=-158.0, 10%=-154.10000610351562, 25%=-146.0, 50%=-139.0, 75%=-127.75, 90%=-123.0, 95%=-121.0, 98%=-116.91999816894531
ranking_best_algo: DiscreteDE
ranking_best_score: 143.4
ranking_my_rank: 116/504 (77.2%)
ranking_my_percent: 77.18253968253968
