ConfigName: kjsd__advperagentrankweighted__M4__L10__eps0p01__g0p0003__ds0p4__dm0p05
Problem: NK
Kernel: jsd
Advantage: peragentrankweighted
M: 4
lambda: 10
epsilon_svgd: 0.01
gamma: 0.0003
decay_start_ratio: 0.4
decay_min_factor: 0.05
bandwith_kernel: None
no_interact: False
avg_score: 0.7101542949676514
median_score: 0.6985580325126648
std_score: 0.03131755441427231
percentiles: 2%=0.6734469532966614, 5%=0.6737397909164429, 10%=0.6753053069114685, 25%=0.6820045709609985, 50%=0.6985580325126648, 75%=0.7455553412437439, 90%=0.7522190809249878, 95%=0.7586009502410889, 98%=0.7613165378570557
ranking_best_algo: CMApara
ranking_best_score: 0.7118996098437498
ranking_my_rank: 33/504 (93.7%)
ranking_my_percent: 93.65079365079364
