ConfigName: kjsd__advperagentrankweighted__M4__L12__eps0p005__g0p0003__ds0p2__dm0p05
Problem: QUBO
Kernel: jsd
Advantage: peragentrankweighted
M: 4
lambda: 12
epsilon_svgd: 0.005
gamma: 0.0003
decay_start_ratio: 0.2
decay_min_factor: 0.05
bandwith_kernel: None
no_interact: False
avg_score: -1310.02001953125
median_score: -1313.0
std_score: 53.97869873046875
percentiles: 2%=-1419.0, 5%=-1395.0999755859375, 10%=-1381.5999755859375, 25%=-1349.0, 50%=-1313.0, 75%=-1270.0, 90%=-1233.9000244140625, 95%=-1224.5, 98%=-1210.9200439453125
ranking_best_algo: BigLognormalDiscreteOnePlusOne
ranking_best_score: 1301.3600000000004
ranking_my_rank: 1/504 (100.0%)
ranking_my_percent: 100.0
