ConfigName: kjsd__advperagentrankweighted__M4__L12__eps0p005__g0p0005__ds0p1__dm0p2
Problem: QUBO
Kernel: jsd
Advantage: peragentrankweighted
M: 4
lambda: 12
epsilon_svgd: 0.005
gamma: 0.0005
decay_start_ratio: 0.1
decay_min_factor: 0.2
bandwith_kernel: None
no_interact: False
avg_score: -1185.3399658203125
median_score: -1170.5
std_score: 58.03468322753906
percentiles: 2%=-1299.0, 5%=-1284.050048828125, 10%=-1270.5, 25%=-1228.25, 50%=-1170.5, 75%=-1145.5, 90%=-1117.5, 95%=-1097.9000244140625, 98%=-1091.699951171875
ranking_best_algo: Tabu
ranking_best_score: 1216.16
ranking_my_rank: 64/504 (87.5%)
ranking_my_percent: 87.5
