ConfigName: kjsd__advperagentrankweighted__M3__L16__eps0p01__g0p0005__ds0p2__dm0p1
Problem: QUBO
Kernel: jsd
Advantage: peragentrankweighted
M: 3
lambda: 16
epsilon_svgd: 0.01
gamma: 0.0005
decay_start_ratio: 0.2
decay_min_factor: 0.1
bandwith_kernel: None
no_interact: False
avg_score: -578.219970703125
median_score: -578.5
std_score: 30.23427963256836
percentiles: 2%=-631.0800170898438, 5%=-627.0999755859375, 10%=-623.0, 25%=-598.25, 50%=-578.5, 75%=-555.75, 90%=-541.7999877929688, 95%=-530.9500122070312, 98%=-517.760009765625
ranking_best_algo: Tabu
ranking_best_score: 588.7199999999999
ranking_my_rank: 42/503 (91.8%)
ranking_my_percent: 91.84890656063618
