ConfigName: krbf__advnormalizedfitness__M5__L15__eps0p025__g0p01__ds0p05__dm0p05
Problem: QUBO
Kernel: rbf
Advantage: normalizedfitness
M: 5
lambda: 15
epsilon_svgd: 0.025
gamma: 0.01
decay_start_ratio: 0.05
decay_min_factor: 0.05
bandwith_kernel: None
no_interact: False
avg_score: -392.2200012207031
median_score: -396.0
std_score: 30.941097259521484
percentiles: 2%=-445.0400085449219, 5%=-439.04998779296875, 10%=-428.1000061035156, 25%=-416.0, 50%=-396.0, 75%=-371.75, 90%=-343.79998779296875, 95%=-336.0, 98%=-331.9599914550781
ranking_best_algo: Tabu
ranking_best_score: 438.12
ranking_my_rank: 256/504 (49.4%)
ranking_my_percent: 49.404761904761905
