ConfigName: kjsd__advperagentrankweighted__M8__L10__eps0p008__g0p0005__ds0p3__dm0p05
Problem: QUBO
Kernel: jsd
Advantage: peragentrankweighted
M: 8
lambda: 10
epsilon_svgd: 0.008
gamma: 0.0005
decay_start_ratio: 0.3
decay_min_factor: 0.05
bandwith_kernel: None
no_interact: False
avg_score: -955.0800170898438
median_score: -959.5
std_score: 61.911659240722656
percentiles: 2%=-1076.0, 5%=-1060.25, 10%=-1048.0, 25%=-988.0, 50%=-959.5, 75%=-906.75, 90%=-874.5999755859375, 95%=-859.0, 98%=-826.760009765625
ranking_best_algo: CMApara
ranking_best_score: 964.9
ranking_my_rank: 2/504 (99.8%)
ranking_my_percent: 99.8015873015873
