ConfigName: kjsd__advperagentrankweighted__M4__L30__eps0p005__g0p0005__ds0p4__dm0p05
Problem: QUBO
Kernel: jsd
Advantage: peragentrankweighted
M: 4
lambda: 30
epsilon_svgd: 0.005
gamma: 0.0005
decay_start_ratio: 0.4
decay_min_factor: 0.05
bandwith_kernel: None
no_interact: False
avg_score: -429.6600036621094
median_score: -428.5
std_score: 26.594818115234375
percentiles: 2%=-483.0, 5%=-477.1000061035156, 10%=-463.20001220703125, 25%=-448.0, 50%=-428.5, 75%=-413.0, 90%=-397.8999938964844, 95%=-392.95001220703125, 98%=-372.94000244140625
ranking_best_algo: CMAL3
ranking_best_score: 435.36
ranking_my_rank: 10/504 (98.2%)
ranking_my_percent: 98.21428571428571
