ConfigName: kjsd__advperagentrankweighted__M4__L8__eps0p005__g0p0005__ds0p4__dm0p2
Problem: QUBO
Kernel: jsd
Advantage: peragentrankweighted
M: 4
lambda: 8
epsilon_svgd: 0.005
gamma: 0.0005
decay_start_ratio: 0.4
decay_min_factor: 0.2
bandwith_kernel: None
no_interact: False
avg_score: -2637.080078125
median_score: -2635.0
std_score: 121.47769927978516
percentiles: 2%=-2839.580078125, 5%=-2814.449951171875, 10%=-2791.0, 25%=-2732.0, 50%=-2635.0, 75%=-2552.75, 90%=-2487.699951171875, 95%=-2434.89990234375, 98%=-2403.800048828125
ranking_best_algo: DiscreteLengler2OnePlusOne
ranking_best_score: 2617.04
ranking_my_rank: 1/504 (100.0%)
ranking_my_percent: 100.0
