ConfigName: kjsd__advperagentrankweighted__M3__L20__eps0p005__g0p0005__ds0p05__dm0p05
Problem: QUBO
Kernel: jsd
Advantage: peragentrankweighted
M: 3
lambda: 20
epsilon_svgd: 0.005
gamma: 0.0005
decay_start_ratio: 0.05
decay_min_factor: 0.05
bandwith_kernel: None
no_interact: False
avg_score: -327.5
median_score: -334.0
std_score: 26.49811363220215
percentiles: 2%=-372.0, 5%=-361.54998779296875, 10%=-355.20001220703125, 25%=-346.0, 50%=-334.0, 75%=-308.0, 90%=-286.0, 95%=-279.6000061035156, 98%=-269.9599914550781
ranking_best_algo: CMApara
ranking_best_score: 344.22
ranking_my_rank: 86/504 (83.1%)
ranking_my_percent: 83.13492063492063
