ConfigName: kjsd__advperagentrankweighted__M4__L20__eps0p007__g0p001__ds0p05__dm0p05
Problem: QUBO
Kernel: jsd
Advantage: peragentrankweighted
M: 4
lambda: 20
epsilon_svgd: 0.007
gamma: 0.001
decay_start_ratio: 0.05
decay_min_factor: 0.05
bandwith_kernel: None
no_interact: False
avg_score: -313.6400146484375
median_score: -314.0
std_score: 38.72661209106445
percentiles: 2%=-398.0, 5%=-392.1000061035156, 10%=-359.6000061035156, 25%=-342.5, 50%=-314.0, 75%=-277.0, 90%=-270.0, 95%=-262.8999938964844, 98%=-258.0
ranking_best_algo: CMApara
ranking_best_score: 319.29999999999995
ranking_my_rank: 27/504 (94.8%)
ranking_my_percent: 94.84126984126983
