ConfigName: kjsd__advperagentrankweighted__M3__L20__eps0p005__g0p003__ds0p1__dm0p2
Problem: QUBO
Kernel: jsd
Advantage: peragentrankweighted
M: 3
lambda: 20
epsilon_svgd: 0.005
gamma: 0.003
decay_start_ratio: 0.1
decay_min_factor: 0.2
bandwith_kernel: None
no_interact: False
avg_score: -939.2999877929688
median_score: -934.5
std_score: 71.52041625976562
percentiles: 2%=-1088.239990234375, 5%=-1051.199951171875, 10%=-1033.800048828125, 25%=-987.0, 50%=-934.5, 75%=-883.0, 90%=-858.7999877929688, 95%=-831.8499755859375, 98%=-806.6400146484375
ranking_best_algo: SVMMetaModelLogNormal
ranking_best_score: 1233.7999999999997
ranking_my_rank: 293/504 (42.1%)
ranking_my_percent: 42.06349206349206
