ConfigName: krbf__advnormalizedfitness__M2__L10__eps0p033__g0p005__ds0p15__dm0p01
Problem: QUBO
Kernel: rbf
Advantage: normalizedfitness
M: 2
lambda: 10
epsilon_svgd: 0.033
gamma: 0.005
decay_start_ratio: 0.15
decay_min_factor: 0.01
bandwith_kernel: None
no_interact: False
avg_score: -2582.419921875
median_score: -2578.5
std_score: 120.27793884277344
percentiles: 2%=-2866.159912109375, 5%=-2795.10009765625, 10%=-2732.10009765625, 25%=-2655.0, 50%=-2578.5, 75%=-2497.75, 90%=-2428.0, 95%=-2395.550048828125, 98%=-2367.6201171875
ranking_best_algo: DiscreteLengler2OnePlusOne
ranking_best_score: 2617.04
ranking_my_rank: 47/504 (90.9%)
ranking_my_percent: 90.87301587301587
