ConfigName: kjsd__advperagentrankweighted__M3__L30__eps0p005__g0p001__ds0p1__dm0p05
Problem: QUBO
Kernel: jsd
Advantage: peragentrankweighted
M: 3
lambda: 30
epsilon_svgd: 0.005
gamma: 0.001
decay_start_ratio: 0.1
decay_min_factor: 0.05
bandwith_kernel: None
no_interact: False
avg_score: -1291.8800048828125
median_score: -1291.0
std_score: 60.21931076049805
percentiles: 2%=-1418.0799560546875, 5%=-1398.550048828125, 10%=-1364.0999755859375, 25%=-1331.0, 50%=-1291.0, 75%=-1249.0, 90%=-1215.0, 95%=-1199.75, 98%=-1166.5999755859375
ranking_best_algo: BigLognormalDiscreteOnePlusOne
ranking_best_score: 1301.3600000000004
ranking_my_rank: 2/504 (99.8%)
ranking_my_percent: 99.8015873015873
