ConfigName: kjsd__advperagentrankweighted__M3__L20__eps0p005__g0p001__ds0p2__dm0p05
Problem: QUBO
Kernel: jsd
Advantage: peragentrankweighted
M: 3
lambda: 20
epsilon_svgd: 0.005
gamma: 0.001
decay_start_ratio: 0.2
decay_min_factor: 0.05
bandwith_kernel: None
no_interact: False
avg_score: -1189.93994140625
median_score: -1186.5
std_score: 59.470802307128906
percentiles: 2%=-1335.1600341796875, 5%=-1296.5999755859375, 10%=-1259.199951171875, 25%=-1221.75, 50%=-1186.5, 75%=-1152.5, 90%=-1120.0, 95%=-1105.6500244140625, 98%=-1078.97998046875
ranking_best_algo: Tabu
ranking_best_score: 1216.16
ranking_my_rank: 55/504 (89.3%)
ranking_my_percent: 89.28571428571429
