ConfigName: kjsd__advperagentrankweighted__M10__L24__eps0p005__g0p0005__ds0p05__dm0p05
Problem: QUBO
Kernel: jsd
Advantage: peragentrankweighted
M: 10
lambda: 24
epsilon_svgd: 0.005
gamma: 0.0005
decay_start_ratio: 0.05
decay_min_factor: 0.05
bandwith_kernel: None
no_interact: False
avg_score: -329.1400146484375
median_score: -334.0
std_score: 19.034189224243164
percentiles: 2%=-366.0799865722656, 5%=-354.04998779296875, 10%=-350.1000061035156, 25%=-342.0, 50%=-334.0, 75%=-316.0, 90%=-303.79998779296875, 95%=-296.95001220703125, 98%=-287.9200134277344
ranking_best_algo: CMApara
ranking_best_score: 344.22
ranking_my_rank: 82/504 (83.9%)
ranking_my_percent: 83.92857142857143
