ConfigName: kjsd__advperagentrankweighted__M3__L16__eps0p007__g0p0007__ds0p2__dm0p2
Problem: NK
Kernel: jsd
Advantage: peragentrankweighted
M: 3
lambda: 16
epsilon_svgd: 0.007
gamma: 0.0007
decay_start_ratio: 0.2
decay_min_factor: 0.2
bandwith_kernel: None
no_interact: False
avg_score: 0.7554571628570557
median_score: 0.7556989789009094
std_score: 0.012282446958124638
percentiles: 2%=0.7337760329246521, 5%=0.736660897731781, 10%=0.7409091591835022, 25%=0.7458680868148804, 50%=0.7556989789009094, 75%=0.7632319331169128, 90%=0.7700727581977844, 95%=0.7755768299102783, 98%=0.7774775624275208
ranking_best_algo: Tabu
ranking_best_score: 0.7470791764843752
ranking_my_rank: 1/504 (100.0%)
ranking_my_percent: 100.0
