ConfigName: krbf__advnormalizedfitness__M4__L15__eps0p015__g0p015__ds0p01__dm0p01
Problem: QUBO
Kernel: rbf
Advantage: normalizedfitness
M: 4
lambda: 15
epsilon_svgd: 0.015
gamma: 0.015
decay_start_ratio: 0.01
decay_min_factor: 0.01
bandwith_kernel: None
no_interact: False
avg_score: -1226.280029296875
median_score: -1228.0
std_score: 173.28163146972656
percentiles: 2%=-1615.1600341796875, 5%=-1524.1500244140625, 10%=-1460.199951171875, 25%=-1327.5, 50%=-1228.0, 75%=-1095.25, 90%=-1020.6000366210938, 95%=-947.800048828125, 98%=-933.2998657226562
ranking_best_algo: RLSOnePlusOne
ranking_best_score: 3316.5199999999995
ranking_my_rank: 384/504 (24.0%)
ranking_my_percent: 24.00793650793651
