ConfigName: krbf__advnormalizedfitness__M3__L15__eps0p015__g0p015__ds0p01__dm0p01
Problem: QUBO
Kernel: rbf
Advantage: normalizedfitness
M: 3
lambda: 15
epsilon_svgd: 0.015
gamma: 0.015
decay_start_ratio: 0.01
decay_min_factor: 0.01
bandwith_kernel: None
no_interact: False
avg_score: -1051.1600341796875
median_score: -1061.0
std_score: 99.06620788574219
percentiles: 2%=-1239.1199951171875, 5%=-1199.8499755859375, 10%=-1163.300048828125, 25%=-1126.25, 50%=-1061.0, 75%=-976.0, 90%=-921.9000244140625, 95%=-895.550048828125, 98%=-876.4998779296875
ranking_best_algo: Tabu
ranking_best_score: 1216.16
ranking_my_rank: 234/504 (53.8%)
ranking_my_percent: 53.76984126984127
