ConfigName: kfr__advglobalrankweighted__M5__L9__eps0p015__g0p007__ds0p01__dm0p01
Problem: QUBO
Kernel: fr
Advantage: globalrankweighted
M: 5
lambda: 9
epsilon_svgd: 0.015
gamma: 0.007
decay_start_ratio: 0.01
decay_min_factor: 0.01
bandwith_kernel: None
no_interact: False
avg_score: -1166.9000244140625
median_score: -1159.5
std_score: 69.41764831542969
percentiles: 2%=-1315.9599609375, 5%=-1281.3499755859375, 10%=-1265.199951171875, 25%=-1204.0, 50%=-1159.5, 75%=-1126.5, 90%=-1073.5999755859375, 95%=-1063.550048828125, 98%=-1038.8599853515625
ranking_best_algo: Tabu
ranking_best_score: 1216.16
ranking_my_rank: 93/504 (81.7%)
ranking_my_percent: 81.74603174603175
