ConfigName: kfr__advglobalrankweighted__M6__L11__eps0p015__g0p005__ds0p01__dm0p01
Problem: QUBO
Kernel: fr
Advantage: globalrankweighted
M: 6
lambda: 11
epsilon_svgd: 0.015
gamma: 0.005
decay_start_ratio: 0.01
decay_min_factor: 0.01
bandwith_kernel: None
no_interact: False
avg_score: -410.6199951171875
median_score: -409.0
std_score: 29.561046600341797
percentiles: 2%=-467.1199951171875, 5%=-459.0, 10%=-451.20001220703125, 25%=-430.0, 50%=-409.0, 75%=-389.0, 90%=-369.0, 95%=-367.95001220703125, 98%=-361.7999572753906
ranking_best_algo: CMAL3
ranking_best_score: 435.36
ranking_my_rank: 171/504 (66.3%)
ranking_my_percent: 66.26984126984127
