ConfigName: kjsd__advperagentrankweighted__M3__L30__eps0p007__g0p0005__ds0p05__dm0p1
Problem: QUBO
Kernel: jsd
Advantage: peragentrankweighted
M: 3
lambda: 30
epsilon_svgd: 0.007
gamma: 0.0005
decay_start_ratio: 0.05
decay_min_factor: 0.1
bandwith_kernel: None
no_interact: False
avg_score: -2646.139892578125
median_score: -2630.5
std_score: 121.27448272705078
percentiles: 2%=-2891.159912109375, 5%=-2862.199951171875, 10%=-2803.800048828125, 25%=-2718.25, 50%=-2630.5, 75%=-2569.0, 90%=-2497.89990234375, 95%=-2435.89990234375, 98%=-2411.800048828125
ranking_best_algo: DiscreteLengler2OnePlusOne
ranking_best_score: 2617.04
ranking_my_rank: 1/504 (100.0%)
ranking_my_percent: 100.0
