ConfigName: kjsd__advperagentrankweighted__M4__L8__eps0p005__g0p0003__ds0p05__dm0p05
Problem: QUBO
Kernel: jsd
Advantage: peragentrankweighted
M: 4
lambda: 8
epsilon_svgd: 0.005
gamma: 0.0003
decay_start_ratio: 0.05
decay_min_factor: 0.05
bandwith_kernel: None
no_interact: False
avg_score: -573.5399780273438
median_score: -570.5
std_score: 29.10031509399414
percentiles: 2%=-627.0399780273438, 5%=-622.1500244140625, 10%=-611.2999877929688, 25%=-594.25, 50%=-570.5, 75%=-555.0, 90%=-533.5999755859375, 95%=-521.8499755859375, 98%=-516.97998046875
ranking_best_algo: Tabu
ranking_best_score: 588.7199999999999
ranking_my_rank: 61/503 (88.1%)
ranking_my_percent: 88.07157057654075
