ConfigName: krbf__advnormalizedfitness__M3__L8__eps0p015__g0p007__ds0p01__dm0p3
Problem: QUBO
Kernel: rbf
Advantage: normalizedfitness
M: 3
lambda: 8
epsilon_svgd: 0.015
gamma: 0.007
decay_start_ratio: 0.01
decay_min_factor: 0.3
bandwith_kernel: None
no_interact: False
avg_score: -139.22000122070312
median_score: -141.0
std_score: 10.888139724731445
percentiles: 2%=-159.0, 5%=-158.0, 10%=-155.10000610351562, 25%=-146.0, 50%=-141.0, 75%=-130.75, 90%=-125.0, 95%=-123.0, 98%=-119.93998718261719
ranking_best_algo: DiscreteDE
ranking_best_score: 143.4
ranking_my_rank: 86/504 (83.1%)
ranking_my_percent: 83.13492063492063
