ConfigName: krbf__advnormalizedfitness__M3__L10__eps0p015__g0p005__ds0p15__dm0p3
Problem: NK
Kernel: rbf
Advantage: normalizedfitness
M: 3
lambda: 10
epsilon_svgd: 0.015
gamma: 0.005
decay_start_ratio: 0.15
decay_min_factor: 0.3
bandwith_kernel: None
no_interact: False
avg_score: 0.7440182566642761
median_score: 0.7413945198059082
std_score: 0.02903025969862938
percentiles: 2%=0.6989849209785461, 5%=0.705296516418457, 10%=0.7091956734657288, 25%=0.7201606631278992, 50%=0.7413945198059082, 75%=0.7601335048675537, 90%=0.7782467603683472, 95%=0.8044431209564209, 98%=0.8118547797203064
ranking_best_algo: CMApara
ranking_best_score: 0.7459277895312499
ranking_my_rank: 6/504 (99.0%)
ranking_my_percent: 99.0079365079365
