ConfigName: krbf__advnormalizedfitness__M4__L10__eps0p015__g0p015__ds0p3__dm0p3
Problem: QUBO
Kernel: rbf
Advantage: normalizedfitness
M: 4
lambda: 10
epsilon_svgd: 0.015
gamma: 0.015
decay_start_ratio: 0.3
decay_min_factor: 0.3
bandwith_kernel: None
no_interact: False
avg_score: -243.4199981689453
median_score: -242.0
std_score: 23.264211654663086
percentiles: 2%=-298.05999755859375, 5%=-289.1499938964844, 10%=-277.1000061035156, 25%=-257.0, 50%=-242.0, 75%=-227.0, 90%=-214.0, 95%=-211.95001220703125, 98%=-206.9399871826172
ranking_best_algo: Tabu
ranking_best_score: 588.7199999999999
ranking_my_rank: 393/503 (22.1%)
ranking_my_percent: 22.067594433399602
