ConfigName: kjsd__advperagentrankweighted__M4__L8__eps0p01__g0p0005__ds0p05__dm0p05
Problem: NK
Kernel: jsd
Advantage: peragentrankweighted
M: 4
lambda: 8
epsilon_svgd: 0.01
gamma: 0.0005
decay_start_ratio: 0.05
decay_min_factor: 0.05
bandwith_kernel: None
no_interact: False
avg_score: 0.7336274981498718
median_score: 0.7344461679458618
std_score: 0.014180034399032593
percentiles: 2%=0.711351215839386, 5%=0.7151082158088684, 10%=0.7170314192771912, 25%=0.7232744097709656, 50%=0.7344461679458618, 75%=0.7416640520095825, 90%=0.7505768537521362, 95%=0.7575317025184631, 98%=0.7625049948692322
ranking_best_algo: Tabu
ranking_best_score: 0.7601875690625
ranking_my_rank: 33/504 (93.7%)
ranking_my_percent: 93.65079365079364
