ConfigName: krbf__advnormalizedfitness__M2__L8__eps0p033__g0p007__ds0p3__dm0p01
Problem: QUBO
Kernel: rbf
Advantage: normalizedfitness
M: 2
lambda: 8
epsilon_svgd: 0.033
gamma: 0.007
decay_start_ratio: 0.3
decay_min_factor: 0.01
bandwith_kernel: None
no_interact: False
avg_score: -433.3800048828125
median_score: -436.0
std_score: 28.374910354614258
percentiles: 2%=-479.1199951171875, 5%=-472.04998779296875, 10%=-469.0, 25%=-456.25, 50%=-436.0, 75%=-413.0, 90%=-396.0, 95%=-387.70001220703125, 98%=-378.94000244140625
ranking_best_algo: CMApara
ranking_best_score: 453.82
ranking_my_rank: 42/504 (91.9%)
ranking_my_percent: 91.86507936507937
