ConfigName: kjsd__advperagentrankweighted__M3__L18__eps0p01__g0p0005__ds0p2__dm0p2
Problem: QUBO
Kernel: jsd
Advantage: peragentrankweighted
M: 3
lambda: 18
epsilon_svgd: 0.01
gamma: 0.0005
decay_start_ratio: 0.2
decay_min_factor: 0.2
bandwith_kernel: None
no_interact: False
avg_score: -1189.1199951171875
median_score: -1184.5
std_score: 57.865753173828125
percentiles: 2%=-1331.52001953125, 5%=-1283.4000244140625, 10%=-1274.300048828125, 25%=-1224.0, 50%=-1184.5, 75%=-1146.0, 90%=-1118.0, 95%=-1103.949951171875, 98%=-1095.8399658203125
ranking_best_algo: Tabu
ranking_best_score: 1216.16
ranking_my_rank: 55/504 (89.3%)
ranking_my_percent: 89.28571428571429
