ConfigName: krbf__advnormalizedfitness__M4__L10__eps0p025__g0p015__ds0p3__dm0p3
Problem: QUBO
Kernel: rbf
Advantage: normalizedfitness
M: 4
lambda: 10
epsilon_svgd: 0.025
gamma: 0.015
decay_start_ratio: 0.3
decay_min_factor: 0.3
bandwith_kernel: None
no_interact: False
avg_score: -743.4000244140625
median_score: -747.0
std_score: 91.17839813232422
percentiles: 2%=-936.3200073242188, 5%=-891.1500244140625, 10%=-850.2000122070312, 25%=-806.5, 50%=-747.0, 75%=-682.5, 90%=-621.0, 95%=-600.5000610351562, 98%=-568.7399291992188
ranking_best_algo: CMApara
ranking_best_score: 964.9
ranking_my_rank: 330/504 (34.7%)
ranking_my_percent: 34.72222222222222
