ConfigName: krbf__advnormalizedfitness__M2__L11__eps0p015__g0p005__ds0p01__dm0p01
Problem: QUBO
Kernel: rbf
Advantage: normalizedfitness
M: 2
lambda: 11
epsilon_svgd: 0.015
gamma: 0.005
decay_start_ratio: 0.01
decay_min_factor: 0.01
bandwith_kernel: None
no_interact: False
avg_score: -1297.06005859375
median_score: -1294.0
std_score: 56.390926361083984
percentiles: 2%=-1422.0400390625, 5%=-1401.25, 10%=-1363.5, 25%=-1335.0, 50%=-1294.0, 75%=-1254.0, 90%=-1220.4000244140625, 95%=-1206.949951171875, 98%=-1194.9000244140625
ranking_best_algo: BigLognormalDiscreteOnePlusOne
ranking_best_score: 1301.3600000000004
ranking_my_rank: 2/504 (99.8%)
ranking_my_percent: 99.8015873015873
