ConfigName: kjsd__advperagentrankweighted__M3__L24__eps0p007__g0p0005__ds0p1__dm0p1
Problem: NK
Kernel: jsd
Advantage: peragentrankweighted
M: 3
lambda: 24
epsilon_svgd: 0.007
gamma: 0.0005
decay_start_ratio: 0.1
decay_min_factor: 0.1
bandwith_kernel: None
no_interact: False
avg_score: 0.7115218639373779
median_score: 0.6998091340065002
std_score: 0.03134838119149208
percentiles: 2%=0.6743916273117065, 5%=0.6751561164855957, 10%=0.6783457398414612, 25%=0.6836825609207153, 50%=0.6998091340065002, 75%=0.746583104133606, 90%=0.7528484463691711, 95%=0.7613165378570557, 98%=0.7613165378570557
ranking_best_algo: CMApara
ranking_best_score: 0.7118996098437498
ranking_my_rank: 2/504 (99.8%)
ranking_my_percent: 99.8015873015873
