ConfigName: kjsd__advperagentrankweighted__M4__L8__eps0p03__g0p0007__ds0p05__dm0p05
Problem: QUBO
Kernel: jsd
Advantage: peragentrankweighted
M: 4
lambda: 8
epsilon_svgd: 0.03
gamma: 0.0007
decay_start_ratio: 0.05
decay_min_factor: 0.05
bandwith_kernel: None
no_interact: False
avg_score: -891.719970703125
median_score: -895.5
std_score: 63.2280158996582
percentiles: 2%=-1014.0399780273438, 5%=-987.25, 10%=-969.7999877929688, 25%=-933.5, 50%=-895.5, 75%=-846.5, 90%=-799.0, 95%=-782.9000244140625, 98%=-777.8599853515625
ranking_best_algo: CMAL3
ranking_best_score: 928.5800000000002
ranking_my_rank: 98/504 (80.8%)
ranking_my_percent: 80.75396825396825
