ConfigName: kjsd__advperagentrankweighted__M3__L18__eps0p007__g0p001__ds0p05__dm0p05
Problem: QUBO
Kernel: jsd
Advantage: peragentrankweighted
M: 3
lambda: 18
epsilon_svgd: 0.007
gamma: 0.001
decay_start_ratio: 0.05
decay_min_factor: 0.05
bandwith_kernel: None
no_interact: False
avg_score: -920.1599731445312
median_score: -917.0
std_score: 66.6983871459961
percentiles: 2%=-1050.199951171875, 5%=-1031.449951171875, 10%=-1016.0, 25%=-960.75, 50%=-917.0, 75%=-865.5, 90%=-831.9000244140625, 95%=-817.9500122070312, 98%=-810.8800048828125
ranking_best_algo: CMAL3
ranking_best_score: 928.5800000000002
ranking_my_rank: 9/504 (98.4%)
ranking_my_percent: 98.41269841269842
