ConfigName: kjsd__advperagentrankweighted__M3__L24__eps0p007__g0p001__ds0p1__dm0p05
Problem: QUBO
Kernel: jsd
Advantage: peragentrankweighted
M: 3
lambda: 24
epsilon_svgd: 0.007
gamma: 0.001
decay_start_ratio: 0.1
decay_min_factor: 0.05
bandwith_kernel: None
no_interact: False
avg_score: -3302.699951171875
median_score: -3302.5
std_score: 123.88458251953125
percentiles: 2%=-3541.02001953125, 5%=-3522.0, 10%=-3474.0, 25%=-3385.75, 50%=-3302.5, 75%=-3226.75, 90%=-3154.199951171875, 95%=-3117.5, 98%=-3030.8798828125
ranking_best_algo: RLSOnePlusOne
ranking_best_score: 3316.5199999999995
ranking_my_rank: 3/504 (99.6%)
ranking_my_percent: 99.60317460317461
