ConfigName: krbf__advnormalizedfitness__M4__L10__eps0p015__g0p005__ds0p3__dm0p01
Problem: NK
Kernel: rbf
Advantage: normalizedfitness
M: 4
lambda: 10
epsilon_svgd: 0.015
gamma: 0.005
decay_start_ratio: 0.3
decay_min_factor: 0.01
bandwith_kernel: None
no_interact: False
avg_score: 0.6756278872489929
median_score: 0.6752852201461792
std_score: 0.02356039546430111
percentiles: 2%=0.6425265073776245, 5%=0.6436381340026855, 10%=0.6469725370407104, 25%=0.6558855772018433, 50%=0.6752852201461792, 75%=0.6879143714904785, 90%=0.7071674466133118, 95%=0.7191060781478882, 98%=0.7280097007751465
ranking_best_algo: Tabu
ranking_best_score: 0.7429702712499999
ranking_my_rank: 307/504 (39.3%)
ranking_my_percent: 39.285714285714285
