ConfigName: kfr__advglobalrankweighted__M1__L8__eps0p015__g0p005__ds0p01__dm0p01
Problem: QUBO
Kernel: fr
Advantage: globalrankweighted
M: 1
lambda: 8
epsilon_svgd: 0.015
gamma: 0.005
decay_start_ratio: 0.01
decay_min_factor: 0.01
bandwith_kernel: None
no_interact: False
avg_score: -1562.4000244140625
median_score: -1565.5
std_score: 62.949344635009766
percentiles: 2%=-1700.4000244140625, 5%=-1649.550048828125, 10%=-1633.300048828125, 25%=-1604.25, 50%=-1565.5, 75%=-1517.0, 90%=-1486.800048828125, 95%=-1460.7000732421875, 98%=-1441.9000244140625
ranking_best_algo: NLOPT_LN_PRAXIS
ranking_best_score: 1607.12
ranking_my_rank: 49/504 (90.5%)
ranking_my_percent: 90.47619047619048
