ConfigName: kjsd__advperagentrankweighted__M3__L18__eps0p007__g0p003__ds0p05__dm0p05
Problem: QUBO
Kernel: jsd
Advantage: peragentrankweighted
M: 3
lambda: 18
epsilon_svgd: 0.007
gamma: 0.003
decay_start_ratio: 0.05
decay_min_factor: 0.05
bandwith_kernel: None
no_interact: False
avg_score: -425.82000732421875
median_score: -426.5
std_score: 27.04898452758789
percentiles: 2%=-479.0400085449219, 5%=-473.1000061035156, 10%=-456.0, 25%=-443.0, 50%=-426.5, 75%=-413.0, 90%=-386.0, 95%=-377.95001220703125, 98%=-372.70001220703125
ranking_best_algo: CMAL3
ranking_best_score: 435.36
ranking_my_rank: 24/504 (95.4%)
ranking_my_percent: 95.43650793650794
