ConfigName: kjsd__advperagentrankweighted__M4__L24__eps0p02__g0p0007__ds0p05__dm0p05
Problem: NK
Kernel: jsd
Advantage: peragentrankweighted
M: 4
lambda: 24
epsilon_svgd: 0.02
gamma: 0.0007
decay_start_ratio: 0.05
decay_min_factor: 0.05
bandwith_kernel: None
no_interact: False
avg_score: 0.7319204211235046
median_score: 0.7324402332305908
std_score: 0.010350260883569717
percentiles: 2%=0.7130435109138489, 5%=0.7166114449501038, 10%=0.7179676294326782, 25%=0.7256065607070923, 50%=0.7324402332305908, 75%=0.7373872399330139, 90%=0.7444137334823608, 95%=0.7498751878738403, 98%=0.7530941367149353
ranking_best_algo: Tabu
ranking_best_score: 0.7429702712499999
ranking_my_rank: 2/504 (99.8%)
ranking_my_percent: 99.8015873015873
