ConfigName: kfr__advglobalrankweighted__M1__L9__eps0p015__g0p003__ds0p01__dm0p01
Problem: QUBO
Kernel: fr
Advantage: globalrankweighted
M: 1
lambda: 9
epsilon_svgd: 0.015
gamma: 0.003
decay_start_ratio: 0.01
decay_min_factor: 0.01
bandwith_kernel: None
no_interact: False
avg_score: -1245.9599609375
median_score: -1246.5
std_score: 70.84192657470703
percentiles: 2%=-1391.4000244140625, 5%=-1359.050048828125, 10%=-1339.800048828125, 25%=-1292.75, 50%=-1246.5, 75%=-1196.5, 90%=-1159.0, 95%=-1122.5, 98%=-1104.93994140625
ranking_best_algo: BigLognormalDiscreteOnePlusOne
ranking_best_score: 1301.3600000000004
ranking_my_rank: 57/504 (88.9%)
ranking_my_percent: 88.88888888888889
