ConfigName: kfr__advglobalrankweighted__M4__L12__eps0p015__g0p003__ds0p01__dm0p01
Problem: QUBO
Kernel: fr
Advantage: globalrankweighted
M: 4
lambda: 12
epsilon_svgd: 0.015
gamma: 0.003
decay_start_ratio: 0.01
decay_min_factor: 0.01
bandwith_kernel: None
no_interact: False
avg_score: -441.1000061035156
median_score: -439.0
std_score: 26.64113426208496
percentiles: 2%=-492.0, 5%=-485.1000061035156, 10%=-477.0, 25%=-462.0, 50%=-439.0, 75%=-425.0, 90%=-404.8999938964844, 95%=-401.8000183105469, 98%=-393.8199462890625
ranking_best_algo: CMApara
ranking_best_score: 453.82
ranking_my_rank: 12/504 (97.8%)
ranking_my_percent: 97.81746031746032
