ConfigName: krbf__advnormalizedfitness__M2__L8__eps0p015__g0p005__ds0p3__dm0p3
Problem: QUBO
Kernel: rbf
Advantage: normalizedfitness
M: 2
lambda: 8
epsilon_svgd: 0.015
gamma: 0.005
decay_start_ratio: 0.3
decay_min_factor: 0.3
bandwith_kernel: None
no_interact: False
avg_score: -1280.3199462890625
median_score: -1278.5
std_score: 53.60893249511719
percentiles: 2%=-1392.5, 5%=-1355.6500244140625, 10%=-1342.199951171875, 25%=-1313.0, 50%=-1278.5, 75%=-1240.0, 90%=-1210.699951171875, 95%=-1198.9000244140625, 98%=-1190.52001953125
ranking_best_algo: BigLognormalDiscreteOnePlusOne
ranking_best_score: 1301.3600000000004
ranking_my_rank: 31/504 (94.0%)
ranking_my_percent: 94.04761904761905
