ConfigName: krbf__advnormalizedfitness__M3__L15__eps0p03__g0p01__ds0p15__dm0p05
Problem: QUBO
Kernel: rbf
Advantage: normalizedfitness
M: 3
lambda: 15
epsilon_svgd: 0.03
gamma: 0.01
decay_start_ratio: 0.15
decay_min_factor: 0.05
bandwith_kernel: None
no_interact: False
avg_score: -139.10000610351562
median_score: -139.0
std_score: 10.240606307983398
percentiles: 2%=-158.02000427246094, 5%=-156.0500030517578, 10%=-152.0, 25%=-146.0, 50%=-139.0, 75%=-131.0, 90%=-126.80000305175781, 95%=-124.80000305175781, 98%=-118.95999908447266
ranking_best_algo: DiscreteDE
ranking_best_score: 143.4
ranking_my_rank: 88/504 (82.7%)
ranking_my_percent: 82.73809523809524
