ConfigName: krbf__advnormalizedfitness__M4__L15__eps0p025__g0p007__ds0p3__dm0p3
Problem: QUBO
Kernel: rbf
Advantage: normalizedfitness
M: 4
lambda: 15
epsilon_svgd: 0.025
gamma: 0.007
decay_start_ratio: 0.3
decay_min_factor: 0.3
bandwith_kernel: None
no_interact: False
avg_score: -839.8200073242188
median_score: -837.5
std_score: 85.45096588134766
percentiles: 2%=-1019.3800048828125, 5%=-987.4500122070312, 10%=-954.7000122070312, 25%=-891.25, 50%=-837.5, 75%=-785.75, 90%=-738.9000244140625, 95%=-704.4000244140625, 98%=-672.5999145507812
ranking_best_algo: CMApara
ranking_best_score: 964.9
ranking_my_rank: 266/504 (47.4%)
ranking_my_percent: 47.42063492063492
