ConfigName: kjsd__advperagentrankweighted__M3__L20__eps0p007__g0p003__ds0p1__dm0p1
Problem: QUBO
Kernel: jsd
Advantage: peragentrankweighted
M: 3
lambda: 20
epsilon_svgd: 0.007
gamma: 0.003
decay_start_ratio: 0.1
decay_min_factor: 0.1
bandwith_kernel: None
no_interact: False
avg_score: -1169.1199951171875
median_score: -1171.0
std_score: 61.85923767089844
percentiles: 2%=-1289.280029296875, 5%=-1267.800048828125, 10%=-1255.199951171875, 25%=-1214.75, 50%=-1171.0, 75%=-1135.25, 90%=-1089.199951171875, 95%=-1071.550048828125, 98%=-1044.6400146484375
ranking_best_algo: Tabu
ranking_best_score: 1216.16
ranking_my_rank: 92/504 (81.9%)
ranking_my_percent: 81.94444444444444
