ConfigName: kjsd__advperagentrankweighted__M3__L30__eps0p005__g0p0005__ds0p2__dm0p05
Problem: QUBO
Kernel: jsd
Advantage: peragentrankweighted
M: 3
lambda: 30
epsilon_svgd: 0.005
gamma: 0.0005
decay_start_ratio: 0.2
decay_min_factor: 0.05
bandwith_kernel: None
no_interact: False
avg_score: -426.20001220703125
median_score: -429.0
std_score: 30.708955764770508
percentiles: 2%=-479.0, 5%=-475.1000061035156, 10%=-467.3999938964844, 25%=-443.5, 50%=-429.0, 75%=-411.75, 90%=-398.20001220703125, 95%=-365.8500061035156, 98%=-345.9599914550781
ranking_best_algo: CMAL3
ranking_best_score: 435.36
ranking_my_rank: 23/504 (95.6%)
ranking_my_percent: 95.63492063492063
