ConfigName: kjsd__advperagentrankweighted__M4__L24__eps0p005__g0p0007__ds0p4__dm0p05
Problem: QUBO
Kernel: jsd
Advantage: peragentrankweighted
M: 4
lambda: 24
epsilon_svgd: 0.005
gamma: 0.0007
decay_start_ratio: 0.4
decay_min_factor: 0.05
bandwith_kernel: None
no_interact: False
avg_score: -1179.6400146484375
median_score: -1174.0
std_score: 62.3410758972168
percentiles: 2%=-1327.3199462890625, 5%=-1300.25, 10%=-1268.300048828125, 25%=-1205.25, 50%=-1174.0, 75%=-1131.5, 90%=-1113.199951171875, 95%=-1094.5999755859375, 98%=-1080.9000244140625
ranking_best_algo: Tabu
ranking_best_score: 1216.16
ranking_my_rank: 70/504 (86.3%)
ranking_my_percent: 86.30952380952381
