ConfigName: kjsd__advperagentrankweighted__M3__L20__eps0p007__g0p0005__ds0p05__dm0p1
Problem: NK
Kernel: jsd
Advantage: peragentrankweighted
M: 3
lambda: 20
epsilon_svgd: 0.007
gamma: 0.0005
decay_start_ratio: 0.05
decay_min_factor: 0.1
bandwith_kernel: None
no_interact: False
avg_score: 0.7208473682403564
median_score: 0.7192537784576416
std_score: 0.008288579061627388
percentiles: 2%=0.7067436575889587, 5%=0.7098508477210999, 10%=0.712191104888916, 25%=0.7155857086181641, 50%=0.7192537784576416, 75%=0.7255274057388306, 90%=0.7317447662353516, 95%=0.7362902760505676, 98%=0.7382156252861023
ranking_best_algo: PBIL
ranking_best_score: 0.7170882103515624
ranking_my_rank: 1/504 (100.0%)
ranking_my_percent: 100.0
