ConfigName: kjsd__advperagentrankweighted__M3__L30__eps0p007__g0p0005__ds0p05__dm0p1
Problem: QUBO
Kernel: jsd
Advantage: peragentrankweighted
M: 3
lambda: 30
epsilon_svgd: 0.007
gamma: 0.0005
decay_start_ratio: 0.05
decay_min_factor: 0.1
bandwith_kernel: None
no_interact: False
avg_score: -914.8400268554688
median_score: -908.5
std_score: 61.271480560302734
percentiles: 2%=-1028.43994140625, 5%=-1019.0999755859375, 10%=-1010.0, 25%=-958.25, 50%=-908.5, 75%=-875.75, 90%=-837.9000244140625, 95%=-824.7000122070312, 98%=-809.6400146484375
ranking_best_algo: CMAL3
ranking_best_score: 928.5800000000002
ranking_my_rank: 17/504 (96.8%)
ranking_my_percent: 96.82539682539682
