ConfigName: krbf__advnormalizedfitness__M3__L15__eps0p033__g0p007__ds0p01__dm0p3
Problem: QUBO
Kernel: rbf
Advantage: normalizedfitness
M: 3
lambda: 15
epsilon_svgd: 0.033
gamma: 0.007
decay_start_ratio: 0.01
decay_min_factor: 0.3
bandwith_kernel: None
no_interact: False
avg_score: -443.2200012207031
median_score: -442.5
std_score: 23.421178817749023
percentiles: 2%=-481.1600036621094, 5%=-475.1000061035156, 10%=-472.0, 25%=-461.25, 50%=-442.5, 75%=-427.25, 90%=-418.3000183105469, 95%=-399.70001220703125, 98%=-389.97998046875
ranking_best_algo: CMApara
ranking_best_score: 453.82
ranking_my_rank: 8/504 (98.6%)
ranking_my_percent: 98.61111111111111
