ConfigName: kjsd__advperagentrankweighted__M4__L12__eps0p03__g0p0003__ds0p05__dm0p05
Problem: NK
Kernel: jsd
Advantage: peragentrankweighted
M: 4
lambda: 12
epsilon_svgd: 0.03
gamma: 0.0003
decay_start_ratio: 0.05
decay_min_factor: 0.05
bandwith_kernel: None
no_interact: False
avg_score: 0.7080860137939453
median_score: 0.6953628063201904
std_score: 0.031582366675138474
percentiles: 2%=0.6687777638435364, 5%=0.6721093654632568, 10%=0.6744050979614258, 25%=0.6798865795135498, 50%=0.6953628063201904, 75%=0.7434127330780029, 90%=0.7515096068382263, 95%=0.756682276725769, 98%=0.7585151791572571
ranking_best_algo: CMApara
ranking_best_score: 0.7118996098437498
ranking_my_rank: 81/504 (84.1%)
ranking_my_percent: 84.12698412698413
