ConfigName: krbf__advnormalizedfitness__M2__L8__eps0p015__g0p007__ds0p15__dm0p01
Problem: QUBO
Kernel: rbf
Advantage: normalizedfitness
M: 2
lambda: 8
epsilon_svgd: 0.015
gamma: 0.007
decay_start_ratio: 0.15
decay_min_factor: 0.01
bandwith_kernel: None
no_interact: False
avg_score: -1626.1600341796875
median_score: -1625.0
std_score: 62.30308151245117
percentiles: 2%=-1746.4000244140625, 5%=-1720.3499755859375, 10%=-1703.0, 25%=-1671.25, 50%=-1625.0, 75%=-1583.0, 90%=-1545.800048828125, 95%=-1532.699951171875, 98%=-1512.52001953125
ranking_best_algo: NLOPT_LN_PRAXIS
ranking_best_score: 1607.12
ranking_my_rank: 1/504 (100.0%)
ranking_my_percent: 100.0
