ConfigName: kfr__advglobalrankweighted__M4__L5__eps0p06__g0p001__ds0p01__dm0p01
Problem: NK
Kernel: fr
Advantage: globalrankweighted
M: 4
lambda: 5
epsilon_svgd: 0.06
gamma: 0.001
decay_start_ratio: 0.01
decay_min_factor: 0.01
bandwith_kernel: None
no_interact: False
avg_score: 0.7031501531600952
median_score: 0.693126380443573
std_score: 0.032817989587783813
percentiles: 2%=0.6577574014663696, 5%=0.6654003262519836, 10%=0.666878342628479, 25%=0.6745654940605164, 50%=0.693126380443573, 75%=0.737281858921051, 90%=0.7508209943771362, 95%=0.7536908388137817, 98%=0.7562196850776672
ranking_best_algo: CMApara
ranking_best_score: 0.7118996098437498
ranking_my_rank: 187/504 (63.1%)
ranking_my_percent: 63.095238095238095
