ConfigName: krbf__advnormalizedfitness__M3__L10__eps0p025__g0p005__ds0p01__dm0p3
Problem: QUBO
Kernel: rbf
Advantage: normalizedfitness
M: 3
lambda: 10
epsilon_svgd: 0.025
gamma: 0.005
decay_start_ratio: 0.01
decay_min_factor: 0.3
bandwith_kernel: None
no_interact: False
avg_score: -907.47998046875
median_score: -905.0
std_score: 57.10542297363281
percentiles: 2%=-1027.0400390625, 5%=-1004.2999877929688, 10%=-985.7000122070312, 25%=-937.75, 50%=-905.0, 75%=-870.0, 90%=-835.2999877929688, 95%=-807.8500366210938, 98%=-800.0
ranking_best_algo: CMAL3
ranking_best_score: 928.5800000000002
ranking_my_rank: 55/504 (89.3%)
ranking_my_percent: 89.28571428571429
