ConfigName: krbf__advnormalizedfitness__M3__L12__eps0p025__g0p005__ds0p3__dm0p01
Problem: QUBO
Kernel: rbf
Advantage: normalizedfitness
M: 3
lambda: 12
epsilon_svgd: 0.025
gamma: 0.005
decay_start_ratio: 0.3
decay_min_factor: 0.01
bandwith_kernel: None
no_interact: False
avg_score: -440.6600036621094
median_score: -440.5
std_score: 26.55417823791504
percentiles: 2%=-483.0400085449219, 5%=-479.0, 10%=-472.1000061035156, 25%=-460.25, 50%=-440.5, 75%=-425.0, 90%=-401.4000244140625, 95%=-391.95001220703125, 98%=-387.97998046875
ranking_best_algo: CMApara
ranking_best_score: 453.82
ranking_my_rank: 12/504 (97.8%)
ranking_my_percent: 97.81746031746032
