ConfigName: krbf__advnormalizedfitness__M4__L8__eps0p025__g0p005__ds0p3__dm0p01
Problem: QUBO
Kernel: rbf
Advantage: normalizedfitness
M: 4
lambda: 8
epsilon_svgd: 0.025
gamma: 0.005
decay_start_ratio: 0.3
decay_min_factor: 0.01
bandwith_kernel: None
no_interact: False
avg_score: -903.8200073242188
median_score: -897.5
std_score: 63.4853401184082
percentiles: 2%=-1024.1199951171875, 5%=-1022.0, 10%=-988.7000122070312, 25%=-947.5, 50%=-897.5, 75%=-858.0, 90%=-816.9000244140625, 95%=-809.6500244140625, 98%=-800.9599609375
ranking_best_algo: CMAL3
ranking_best_score: 928.5800000000002
ranking_my_rank: 66/504 (87.1%)
ranking_my_percent: 87.10317460317461
