ConfigName: krbf__advnormalizedfitness__M1__L10__eps0p015__g0p007__ds0p3__dm0p3
Problem: QUBO
Kernel: rbf
Advantage: normalizedfitness
M: 1
lambda: 10
epsilon_svgd: 0.015
gamma: 0.007
decay_start_ratio: 0.3
decay_min_factor: 0.3
bandwith_kernel: None
no_interact: False
avg_score: -432.6000061035156
median_score: -433.5
std_score: 31.169857025146484
percentiles: 2%=-486.0199890136719, 5%=-479.20001220703125, 10%=-472.0, 25%=-457.0, 50%=-433.5, 75%=-408.5, 90%=-390.0, 95%=-380.8500061035156, 98%=-377.91998291015625
ranking_best_algo: CMApara
ranking_best_score: 453.82
ranking_my_rank: 72/504 (85.9%)
ranking_my_percent: 85.91269841269842
