ConfigName: kfr__advglobalrankweighted__M5__L8__eps0p01__g0p003__ds0p01__dm0p01
Problem: QUBO
Kernel: fr
Advantage: globalrankweighted
M: 5
lambda: 8
epsilon_svgd: 0.01
gamma: 0.003
decay_start_ratio: 0.01
decay_min_factor: 0.01
bandwith_kernel: None
no_interact: False
avg_score: -2510.93994140625
median_score: -2507.5
std_score: 137.64547729492188
percentiles: 2%=-2794.93994140625, 5%=-2749.550048828125, 10%=-2674.0, 25%=-2607.5, 50%=-2507.5, 75%=-2422.0, 90%=-2331.699951171875, 95%=-2287.300048828125, 98%=-2265.739990234375
ranking_best_algo: DiscreteLengler2OnePlusOne
ranking_best_score: 2617.04
ranking_my_rank: 64/504 (87.5%)
ranking_my_percent: 87.5
