ConfigName: krbf__advnormalizedfitness__M1__L10__eps0p015__g0p007__ds0p01__dm0p01
Problem: QUBO
Kernel: rbf
Advantage: normalizedfitness
M: 1
lambda: 10
epsilon_svgd: 0.015
gamma: 0.007
decay_start_ratio: 0.01
decay_min_factor: 0.01
bandwith_kernel: None
no_interact: False
avg_score: -560.1599731445312
median_score: -558.5
std_score: 31.659034729003906
percentiles: 2%=-617.2000122070312, 5%=-613.0, 10%=-605.2000122070312, 25%=-581.25, 50%=-558.5, 75%=-533.75, 90%=-517.7000122070312, 95%=-512.0, 98%=-505.0
ranking_best_algo: Tabu
ranking_best_score: 588.7199999999999
ranking_my_rank: 101/503 (80.1%)
ranking_my_percent: 80.11928429423459
