ConfigName: krbf__advnormalizedfitness__M4__L8__eps0p015__g0p005__ds0p01__dm0p3
Problem: NK
Kernel: rbf
Advantage: normalizedfitness
M: 4
lambda: 8
epsilon_svgd: 0.015
gamma: 0.005
decay_start_ratio: 0.01
decay_min_factor: 0.3
bandwith_kernel: None
no_interact: False
avg_score: 0.7369869351387024
median_score: 0.737913191318512
std_score: 0.009059407748281956
percentiles: 2%=0.7163235545158386, 5%=0.7200415730476379, 10%=0.7246372103691101, 25%=0.7302678823471069, 50%=0.737913191318512, 75%=0.7443929314613342, 90%=0.7477301359176636, 95%=0.7494271397590637, 98%=0.7520381808280945
ranking_best_algo: PBIL
ranking_best_score: 0.730509098125
ranking_my_rank: 1/504 (100.0%)
ranking_my_percent: 100.0
