ConfigName: kjsd__advperagentrankweighted__M3__L20__eps0p007__g0p001__ds0p2__dm0p1
Problem: QUBO
Kernel: jsd
Advantage: peragentrankweighted
M: 3
lambda: 20
epsilon_svgd: 0.007
gamma: 0.001
decay_start_ratio: 0.2
decay_min_factor: 0.1
bandwith_kernel: None
no_interact: False
avg_score: -914.7999877929688
median_score: -910.5
std_score: 65.59954071044922
percentiles: 2%=-1038.0799560546875, 5%=-1026.1500244140625, 10%=-1002.0, 25%=-968.0, 50%=-910.5, 75%=-872.75, 90%=-826.5999755859375, 95%=-803.0, 98%=-798.739990234375
ranking_best_algo: CMAL3
ranking_best_score: 928.5800000000002
ranking_my_rank: 17/504 (96.8%)
ranking_my_percent: 96.82539682539682
