ConfigName: krbf__advnormalizedfitness__M4__L15__eps0p033__g0p005__ds0p01__dm0p01
Problem: NK
Kernel: rbf
Advantage: normalizedfitness
M: 4
lambda: 15
epsilon_svgd: 0.033
gamma: 0.005
decay_start_ratio: 0.01
decay_min_factor: 0.01
bandwith_kernel: None
no_interact: False
avg_score: 0.7107025384902954
median_score: 0.7115478515625
std_score: 0.015181508846580982
percentiles: 2%=0.6722062826156616, 5%=0.6737578511238098, 10%=0.6968260407447815, 25%=0.7074105739593506, 50%=0.7115478515625, 75%=0.7194908261299133, 90%=0.7254775166511536, 95%=0.7319748997688293, 98%=0.7333248853683472
ranking_best_algo: CMApara
ranking_best_score: 0.707475975
ranking_my_rank: 1/504 (100.0%)
ranking_my_percent: 100.0
