ConfigName: krbf__advnormalizedfitness__M1__L8__eps0p015__g0p015__ds0p3__dm0p01
Problem: NK
Kernel: rbf
Advantage: normalizedfitness
M: 1
lambda: 8
epsilon_svgd: 0.015
gamma: 0.015
decay_start_ratio: 0.3
decay_min_factor: 0.01
bandwith_kernel: None
no_interact: False
avg_score: 0.7084653377532959
median_score: 0.7104138135910034
std_score: 0.015107249841094017
percentiles: 2%=0.6694841384887695, 5%=0.6715627312660217, 10%=0.6953074336051941, 25%=0.7060878276824951, 50%=0.7104138135910034, 75%=0.7177512645721436, 90%=0.7239880561828613, 95%=0.7304020524024963, 98%=0.7322816252708435
ranking_best_algo: CMApara
ranking_best_score: 0.707475975
ranking_my_rank: 1/504 (100.0%)
ranking_my_percent: 100.0
