ConfigName: kjsd__advperagentrankweighted__M3__L30__eps0p005__g0p001__ds0p1__dm0p05
Problem: NK
Kernel: jsd
Advantage: peragentrankweighted
M: 3
lambda: 30
epsilon_svgd: 0.005
gamma: 0.001
decay_start_ratio: 0.1
decay_min_factor: 0.05
bandwith_kernel: None
no_interact: False
avg_score: 0.7105200290679932
median_score: 0.7110985517501831
std_score: 0.015345035120844841
percentiles: 2%=0.6714226603507996, 5%=0.6736159920692444, 10%=0.696717381477356, 25%=0.7070358395576477, 50%=0.7110985517501831, 75%=0.7204930782318115, 90%=0.72550368309021, 95%=0.731998085975647, 98%=0.7328538298606873
ranking_best_algo: CMApara
ranking_best_score: 0.707475975
ranking_my_rank: 1/504 (100.0%)
ranking_my_percent: 100.0
