ConfigName: krbf__advnormalizedfitness__M4__L15__eps0p015__g0p01__ds0p15__dm0p3
Problem: NK
Kernel: rbf
Advantage: normalizedfitness
M: 4
lambda: 15
epsilon_svgd: 0.015
gamma: 0.01
decay_start_ratio: 0.15
decay_min_factor: 0.3
bandwith_kernel: None
no_interact: False
avg_score: 0.7210468053817749
median_score: 0.722538411617279
std_score: 0.032913170754909515
percentiles: 2%=0.6709303855895996, 5%=0.6742619872093201, 10%=0.6800895929336548, 25%=0.6914927959442139, 50%=0.722538411617279, 75%=0.7379199266433716, 90%=0.7539474964141846, 95%=0.7926104664802551, 98%=0.7966722249984741
ranking_best_algo: CMApara
ranking_best_score: 0.7459277895312499
ranking_my_rank: 277/504 (45.2%)
ranking_my_percent: 45.23809523809524
