ConfigName: kjsd__advperagentrankweighted__M3__L16__eps0p01__g0p001__ds0p1__dm0p2
Problem: QUBO
Kernel: jsd
Advantage: peragentrankweighted
M: 3
lambda: 16
epsilon_svgd: 0.01
gamma: 0.001
decay_start_ratio: 0.1
decay_min_factor: 0.2
bandwith_kernel: None
no_interact: False
avg_score: -1193.6800537109375
median_score: -1190.5
std_score: 60.109214782714844
percentiles: 2%=-1329.199951171875, 5%=-1296.3499755859375, 10%=-1271.199951171875, 25%=-1230.5, 50%=-1190.5, 75%=-1155.5, 90%=-1115.9000244140625, 95%=-1102.949951171875, 98%=-1085.9599609375
ranking_best_algo: Tabu
ranking_best_score: 1216.16
ranking_my_rank: 48/504 (90.7%)
ranking_my_percent: 90.67460317460318
