ConfigName: kjsd__advperagentrankweighted__M3__L20__eps0p005__g0p0007__ds0p05__dm0p2
Problem: NK
Kernel: jsd
Advantage: peragentrankweighted
M: 3
lambda: 20
epsilon_svgd: 0.005
gamma: 0.0007
decay_start_ratio: 0.05
decay_min_factor: 0.2
bandwith_kernel: None
no_interact: False
avg_score: 0.7470822334289551
median_score: 0.7468938827514648
std_score: 0.010265013203024864
percentiles: 2%=0.7284324169158936, 5%=0.73322594165802, 10%=0.734526515007019, 25%=0.7407200336456299, 50%=0.7468938827514648, 75%=0.7540626525878906, 90%=0.7578614950180054, 95%=0.7632527351379395, 98%=0.7744767069816589
ranking_best_algo: PBIL
ranking_best_score: 0.733570253046875
ranking_my_rank: 1/504 (100.0%)
ranking_my_percent: 100.0
