ConfigName: kjsd__advperagentrankweighted__M3__L18__eps0p005__g0p0007__ds0p2__dm0p05
Problem: QUBO
Kernel: jsd
Advantage: peragentrankweighted
M: 3
lambda: 18
epsilon_svgd: 0.005
gamma: 0.0007
decay_start_ratio: 0.2
decay_min_factor: 0.05
bandwith_kernel: None
no_interact: False
avg_score: -3312.8798828125
median_score: -3309.0
std_score: 120.71994018554688
percentiles: 2%=-3560.800048828125, 5%=-3528.449951171875, 10%=-3469.60009765625, 25%=-3392.25, 50%=-3309.0, 75%=-3230.75, 90%=-3149.699951171875, 95%=-3119.89990234375, 98%=-3080.840087890625
ranking_best_algo: RLSOnePlusOne
ranking_best_score: 3316.5199999999995
ranking_my_rank: 2/504 (99.8%)
ranking_my_percent: 99.8015873015873
