ConfigName: kjsd__advperagentrankweighted__M4__L8__eps0p006__g0p0005__ds0p05__dm0p05
Problem: QUBO
Kernel: jsd
Advantage: peragentrankweighted
M: 4
lambda: 8
epsilon_svgd: 0.006
gamma: 0.0005
decay_start_ratio: 0.05
decay_min_factor: 0.05
bandwith_kernel: None
no_interact: False
avg_score: -138.72000122070312
median_score: -139.0
std_score: 11.303168296813965
percentiles: 2%=-158.0, 5%=-157.0, 10%=-154.1999969482422, 25%=-147.0, 50%=-139.0, 75%=-130.0, 90%=-124.80000305175781, 95%=-120.9000015258789, 98%=-119.0
ranking_best_algo: DiscreteDE
ranking_best_score: 143.4
ranking_my_rank: 96/504 (81.2%)
ranking_my_percent: 81.15079365079364
