ConfigName: krbf__advnormalizedfitness__M3__L8__eps0p015__g0p007__ds0p3__dm0p01
Problem: QUBO
Kernel: rbf
Advantage: normalizedfitness
M: 3
lambda: 8
epsilon_svgd: 0.015
gamma: 0.007
decay_start_ratio: 0.3
decay_min_factor: 0.01
bandwith_kernel: None
no_interact: False
avg_score: -429.82000732421875
median_score: -430.0
std_score: 26.770273208618164
percentiles: 2%=-485.0400085449219, 5%=-475.1000061035156, 10%=-468.1000061035156, 25%=-446.0, 50%=-430.0, 75%=-409.75, 90%=-395.0, 95%=-383.95001220703125, 98%=-378.0
ranking_best_algo: CMAL3
ranking_best_score: 435.36
ranking_my_rank: 9/504 (98.4%)
ranking_my_percent: 98.41269841269842
