ConfigName: krbf__advnormalizedfitness__M2__L10__eps0p01__g0p007__ds0p01__dm0p01
Problem: QUBO
Kernel: rbf
Advantage: normalizedfitness
M: 2
lambda: 10
epsilon_svgd: 0.01
gamma: 0.007
decay_start_ratio: 0.01
decay_min_factor: 0.01
bandwith_kernel: None
no_interact: False
avg_score: -3283.02001953125
median_score: -3268.5
std_score: 117.00495147705078
percentiles: 2%=-3515.1201171875, 5%=-3479.60009765625, 10%=-3452.699951171875, 25%=-3338.0, 50%=-3268.5, 75%=-3202.5, 90%=-3143.800048828125, 95%=-3103.0, 98%=-3065.60009765625
ranking_best_algo: RLSOnePlusOne
ranking_best_score: 3316.5199999999995
ranking_my_rank: 3/504 (99.6%)
ranking_my_percent: 99.60317460317461
