ConfigName: kjsd__advperagentrankweighted__M3__L24__eps0p005__g0p0005__ds0p2__dm0p05
Problem: QUBO
Kernel: jsd
Advantage: peragentrankweighted
M: 3
lambda: 24
epsilon_svgd: 0.005
gamma: 0.0005
decay_start_ratio: 0.2
decay_min_factor: 0.05
bandwith_kernel: None
no_interact: False
avg_score: -328.17999267578125
median_score: -334.0
std_score: 22.557649612426758
percentiles: 2%=-372.0, 5%=-372.0, 10%=-350.3999938964844, 25%=-342.0, 50%=-334.0, 75%=-312.0, 90%=-294.8999938964844, 95%=-289.8999938964844, 98%=-282.0
ranking_best_algo: CMApara
ranking_best_score: 344.22
ranking_my_rank: 84/504 (83.5%)
ranking_my_percent: 83.53174603174604
