ConfigName: krbf__advnormalizedfitness__M3__L15__eps0p015__g0p007__ds0p01__dm0p01
Problem: QUBO
Kernel: rbf
Advantage: normalizedfitness
M: 3
lambda: 15
epsilon_svgd: 0.015
gamma: 0.007
decay_start_ratio: 0.01
decay_min_factor: 0.01
bandwith_kernel: None
no_interact: False
avg_score: -415.1199951171875
median_score: -415.0
std_score: 23.61071014404297
percentiles: 2%=-469.0799865722656, 5%=-452.1000061035156, 10%=-442.5, 25%=-430.0, 50%=-415.0, 75%=-398.0, 90%=-383.6000061035156, 95%=-375.9000244140625, 98%=-370.0
ranking_best_algo: Tabu
ranking_best_score: 438.12
ranking_my_rank: 50/504 (90.3%)
ranking_my_percent: 90.27777777777777
