ConfigName: krbf__advnormalizedfitness__M4__L15__eps0p025__g0p007__ds0p15__dm0p01
Problem: QUBO
Kernel: rbf
Advantage: normalizedfitness
M: 4
lambda: 15
epsilon_svgd: 0.025
gamma: 0.007
decay_start_ratio: 0.15
decay_min_factor: 0.01
bandwith_kernel: None
no_interact: False
avg_score: -423.2200012207031
median_score: -420.5
std_score: 24.955791473388672
percentiles: 2%=-477.0, 5%=-467.0, 10%=-459.20001220703125, 25%=-438.0, 50%=-420.5, 75%=-408.0, 90%=-394.6000061035156, 95%=-384.70001220703125, 98%=-376.9599914550781
ranking_best_algo: CMAL3
ranking_best_score: 435.36
ranking_my_rank: 33/504 (93.7%)
ranking_my_percent: 93.65079365079364
