ConfigName: kfr__advglobalrankweighted__M4__L5__eps0p01__g0p007__ds0p01__dm0p01
Problem: QUBO
Kernel: fr
Advantage: globalrankweighted
M: 4
lambda: 5
epsilon_svgd: 0.01
gamma: 0.007
decay_start_ratio: 0.01
decay_min_factor: 0.01
bandwith_kernel: None
no_interact: False
avg_score: -200.24000549316406
median_score: -201.0
std_score: 11.298778533935547
percentiles: 2%=-224.0, 5%=-221.0500030517578, 10%=-215.1999969482422, 25%=-206.25, 50%=-201.0, 75%=-193.75, 90%=-186.0, 95%=-180.9499969482422, 98%=-177.9600067138672
ranking_best_algo: Tabu
ranking_best_score: 208.36000000000004
ranking_my_rank: 49/504 (90.5%)
ranking_my_percent: 90.47619047619048
