ConfigName: kfr__advglobalrankweighted__M4__L5__eps0p01__g0p007__ds0p01__dm0p01
Problem: QUBO
Kernel: fr
Advantage: globalrankweighted
M: 4
lambda: 5
epsilon_svgd: 0.01
gamma: 0.007
decay_start_ratio: 0.01
decay_min_factor: 0.01
bandwith_kernel: None
no_interact: False
avg_score: -203.4199981689453
median_score: -204.5
std_score: 11.432567596435547
percentiles: 2%=-224.0, 5%=-224.0, 10%=-219.0, 25%=-209.25, 50%=-204.5, 75%=-199.0, 90%=-186.89999389648438, 95%=-182.0, 98%=-179.91998291015625
ranking_best_algo: Tabu
ranking_best_score: 208.36000000000004
ranking_my_rank: 21/504 (96.0%)
ranking_my_percent: 96.03174603174604
