ConfigName: krbf__advnormalizedfitness__M3__L10__eps0p033__g0p005__ds0p15__dm0p3
Problem: NK
Kernel: rbf
Advantage: normalizedfitness
M: 3
lambda: 10
epsilon_svgd: 0.033
gamma: 0.005
decay_start_ratio: 0.15
decay_min_factor: 0.3
bandwith_kernel: None
no_interact: False
avg_score: 0.7304797172546387
median_score: 0.7299058437347412
std_score: 0.011180534958839417
percentiles: 2%=0.7099115252494812, 5%=0.7103704214096069, 10%=0.7155133485794067, 25%=0.7240468859672546, 50%=0.7299058437347412, 75%=0.7376989126205444, 90%=0.7443751096725464, 95%=0.7481189370155334, 98%=0.7515199184417725
ranking_best_algo: Tabu
ranking_best_score: 0.7429702712499999
ranking_my_rank: 2/504 (99.8%)
ranking_my_percent: 99.8015873015873
