ConfigName: krbf__advnormalizedfitness__M3__L8__eps0p033__g0p01__ds0p15__dm0p3
Problem: NK
Kernel: rbf
Advantage: normalizedfitness
M: 3
lambda: 8
epsilon_svgd: 0.033
gamma: 0.01
decay_start_ratio: 0.15
decay_min_factor: 0.3
bandwith_kernel: None
no_interact: False
avg_score: 0.7233088612556458
median_score: 0.724076509475708
std_score: 0.014405271038413048
percentiles: 2%=0.6961676478385925, 5%=0.6981366872787476, 10%=0.7009475231170654, 25%=0.7141309976577759, 50%=0.724076509475708, 75%=0.734001636505127, 90%=0.7421211004257202, 95%=0.7451839447021484, 98%=0.7492209672927856
ranking_best_algo: Tabu
ranking_best_score: 0.7429702712499999
ranking_my_rank: 5/504 (99.2%)
ranking_my_percent: 99.2063492063492
