ConfigName: krbf__advnormalizedfitness__M5__L24__eps0p025__g0p01__ds0p05__dm0p05
Problem: QUBO
Kernel: rbf
Advantage: normalizedfitness
M: 5
lambda: 24
epsilon_svgd: 0.025
gamma: 0.01
decay_start_ratio: 0.05
decay_min_factor: 0.05
bandwith_kernel: None
no_interact: False
avg_score: -1053.56005859375
median_score: -1037.0
std_score: 122.39512634277344
percentiles: 2%=-1394.1400146484375, 5%=-1302.6500244140625, 10%=-1232.199951171875, 25%=-1100.5, 50%=-1037.0, 75%=-973.75, 90%=-909.7999877929688, 95%=-886.75, 98%=-870.2000122070312
ranking_best_algo: SVM1MetaModelLogNormal
ranking_best_score: 2605.14
ranking_my_rank: 392/504 (22.4%)
ranking_my_percent: 22.42063492063492
