ConfigName: krbf__advnormalizedfitness__M4__L12__eps0p025__g0p005__ds0p15__dm0p3
Problem: NK
Kernel: rbf
Advantage: normalizedfitness
M: 4
lambda: 12
epsilon_svgd: 0.025
gamma: 0.005
decay_start_ratio: 0.15
decay_min_factor: 0.3
bandwith_kernel: None
no_interact: False
avg_score: 0.7042108774185181
median_score: 0.7060546278953552
std_score: 0.0118067916482687
percentiles: 2%=0.684450089931488, 5%=0.6868972778320312, 10%=0.6892601251602173, 25%=0.6927404999732971, 50%=0.7060546278953552, 75%=0.714300274848938, 90%=0.7187770009040833, 95%=0.7220261693000793, 98%=0.7230415940284729
ranking_best_algo: PBIL
ranking_best_score: 0.7013553837109374
ranking_my_rank: 1/504 (100.0%)
ranking_my_percent: 100.0
