ConfigName: krbf__advnormalizedfitness__M3__L10__eps0p015__g0p007__ds0p3__dm0p3
Problem: QUBO
Kernel: rbf
Advantage: normalizedfitness
M: 3
lambda: 10
epsilon_svgd: 0.015
gamma: 0.007
decay_start_ratio: 0.3
decay_min_factor: 0.3
bandwith_kernel: None
no_interact: False
avg_score: -332.6600036621094
median_score: -334.0
std_score: 17.306772232055664
percentiles: 2%=-372.0, 5%=-357.0, 10%=-350.3999938964844, 25%=-343.0, 50%=-334.0, 75%=-323.5, 90%=-308.0, 95%=-299.8000183105469, 98%=-293.9599914550781
ranking_best_algo: CMApara
ranking_best_score: 344.22
ranking_my_rank: 70/504 (86.3%)
ranking_my_percent: 86.30952380952381
