ConfigName: kjsd__advperagentrankweighted__M3__L16__eps0p005__g0p003__ds0p1__dm0p2
Problem: QUBO
Kernel: jsd
Advantage: peragentrankweighted
M: 3
lambda: 16
epsilon_svgd: 0.005
gamma: 0.003
decay_start_ratio: 0.1
decay_min_factor: 0.2
bandwith_kernel: None
no_interact: False
avg_score: -552.7000122070312
median_score: -551.0
std_score: 37.38114547729492
percentiles: 2%=-617.0800170898438, 5%=-610.1500244140625, 10%=-600.5, 25%=-582.75, 50%=-551.0, 75%=-523.75, 90%=-507.79998779296875, 95%=-485.95001220703125, 98%=-479.8999938964844
ranking_best_algo: Tabu
ranking_best_score: 588.7199999999999
ranking_my_rank: 153/503 (69.8%)
ranking_my_percent: 69.78131212723657
