ConfigName: kjsd__advperagentrankweighted__M3__L16__eps0p01__g0p0007__ds0p05__dm0p2
Problem: QUBO
Kernel: jsd
Advantage: peragentrankweighted
M: 3
lambda: 16
epsilon_svgd: 0.01
gamma: 0.0007
decay_start_ratio: 0.05
decay_min_factor: 0.2
bandwith_kernel: None
no_interact: False
avg_score: -306.3999938964844
median_score: -311.0
std_score: 39.746192932128906
percentiles: 2%=-390.0799865722656, 5%=-382.29998779296875, 10%=-358.20001220703125, 25%=-332.0, 50%=-311.0, 75%=-272.0, 90%=-263.8999938964844, 95%=-254.75, 98%=-248.6999969482422
ranking_best_algo: CMApara
ranking_best_score: 319.29999999999995
ranking_my_rank: 113/504 (77.8%)
ranking_my_percent: 77.77777777777777
