ConfigName: kjsd__advperagentrankweighted__M3__L20__eps0p007__g0p003__ds0p1__dm0p05
Problem: QUBO
Kernel: jsd
Advantage: peragentrankweighted
M: 3
lambda: 20
epsilon_svgd: 0.007
gamma: 0.003
decay_start_ratio: 0.1
decay_min_factor: 0.05
bandwith_kernel: None
no_interact: False
avg_score: -311.0
median_score: -314.0
std_score: 39.78089904785156
percentiles: 2%=-396.0, 5%=-392.1000061035156, 10%=-357.6000061035156, 25%=-339.0, 50%=-314.0, 75%=-275.75, 90%=-265.0, 95%=-259.8999938964844, 98%=-252.86000061035156
ranking_best_algo: CMApara
ranking_best_score: 319.29999999999995
ranking_my_rank: 40/504 (92.3%)
ranking_my_percent: 92.26190476190476
