ConfigName: kjsd__advperagentrankweighted__M4__L20__eps0p007__g0p0005__ds0p05__dm0p1
Problem: NK
Kernel: jsd
Advantage: peragentrankweighted
M: 4
lambda: 20
epsilon_svgd: 0.007
gamma: 0.0005
decay_start_ratio: 0.05
decay_min_factor: 0.1
bandwith_kernel: None
no_interact: False
avg_score: 0.7109187245368958
median_score: 0.7115908861160278
std_score: 0.015331543050706387
percentiles: 2%=0.6720735430717468, 5%=0.6736195087432861, 10%=0.6967646479606628, 25%=0.7082351446151733, 50%=0.7115908861160278, 75%=0.7203248739242554, 90%=0.7256371378898621, 95%=0.7331504225730896, 98%=0.7334498167037964
ranking_best_algo: CMApara
ranking_best_score: 0.707475975
ranking_my_rank: 1/504 (100.0%)
ranking_my_percent: 100.0
