ConfigName: kjsd__advperagentrankweighted__M5__L8__eps0p01__g0p0007__ds0p05__dm0p2
Problem: QUBO
Kernel: jsd
Advantage: peragentrankweighted
M: 5
lambda: 8
epsilon_svgd: 0.01
gamma: 0.0007
decay_start_ratio: 0.05
decay_min_factor: 0.2
bandwith_kernel: None
no_interact: False
avg_score: -1195.260009765625
median_score: -1186.0
std_score: 59.660640716552734
percentiles: 2%=-1345.1199951171875, 5%=-1304.300048828125, 10%=-1284.0, 25%=-1230.75, 50%=-1186.0, 75%=-1155.75, 90%=-1125.9000244140625, 95%=-1114.949951171875, 98%=-1106.760009765625
ranking_best_algo: Tabu
ranking_best_score: 1216.16
ranking_my_rank: 48/504 (90.7%)
ranking_my_percent: 90.67460317460318
