ConfigName: kjsd__advperagentrankweighted__M6__L12__eps0p008__g0p0005__ds0p05__dm0p05
Problem: QUBO
Kernel: jsd
Advantage: peragentrankweighted
M: 6
lambda: 12
epsilon_svgd: 0.008
gamma: 0.0005
decay_start_ratio: 0.05
decay_min_factor: 0.05
bandwith_kernel: None
no_interact: False
avg_score: -430.7799987792969
median_score: -428.0
std_score: 25.458036422729492
percentiles: 2%=-485.0400085449219, 5%=-473.1000061035156, 10%=-465.0, 25%=-448.25, 50%=-428.0, 75%=-414.75, 90%=-398.79998779296875, 95%=-388.75, 98%=-381.8399963378906
ranking_best_algo: CMAL3
ranking_best_score: 435.36
ranking_my_rank: 8/504 (98.6%)
ranking_my_percent: 98.61111111111111
