ConfigName: krbf__advnormalizedfitness__M1__L8__eps0p025__g0p007__ds0p15__dm0p01
Problem: QUBO
Kernel: rbf
Advantage: normalizedfitness
M: 1
lambda: 8
epsilon_svgd: 0.025
gamma: 0.007
decay_start_ratio: 0.15
decay_min_factor: 0.01
bandwith_kernel: None
no_interact: False
avg_score: -408.0400085449219
median_score: -413.5
std_score: 51.13314437866211
percentiles: 2%=-473.0799865722656, 5%=-461.20001220703125, 10%=-451.3999938964844, 25%=-430.25, 50%=-413.5, 75%=-389.0, 90%=-372.79998779296875, 95%=-360.0, 98%=-346.09979248046875
ranking_best_algo: CMAL3
ranking_best_score: 435.36
ranking_my_rank: 211/504 (58.3%)
ranking_my_percent: 58.333333333333336
