ConfigName: krbf__advnormalizedfitness__M1__L8__eps0p015__g0p005__ds0p15__dm0p3
Problem: NK
Kernel: rbf
Advantage: normalizedfitness
M: 1
lambda: 8
epsilon_svgd: 0.015
gamma: 0.005
decay_start_ratio: 0.15
decay_min_factor: 0.3
bandwith_kernel: None
no_interact: False
avg_score: 0.7397267818450928
median_score: 0.7398539781570435
std_score: 0.013253171928226948
percentiles: 2%=0.7141098976135254, 5%=0.7193677425384521, 10%=0.7216639518737793, 25%=0.7317546010017395, 50%=0.7398539781570435, 75%=0.7497282028198242, 90%=0.7565126419067383, 95%=0.7614375948905945, 98%=0.7636669278144836
ranking_best_algo: Tabu
ranking_best_score: 0.7470791764843752
ranking_my_rank: 7/504 (98.8%)
ranking_my_percent: 98.80952380952381
