ConfigName: krbf__advnormalizedfitness__M1__L8__eps0p033__g0p005__ds0p15__dm0p3
Problem: QUBO
Kernel: rbf
Advantage: normalizedfitness
M: 1
lambda: 8
epsilon_svgd: 0.033
gamma: 0.005
decay_start_ratio: 0.15
decay_min_factor: 0.3
bandwith_kernel: None
no_interact: False
avg_score: -1550.239990234375
median_score: -1550.5
std_score: 113.4417953491211
percentiles: 2%=-1686.0799560546875, 5%=-1673.050048828125, 10%=-1641.0, 25%=-1595.5, 50%=-1550.5, 75%=-1513.0, 90%=-1478.800048828125, 95%=-1464.5, 98%=-1442.97998046875
ranking_best_algo: NLOPT_LN_PRAXIS
ranking_best_score: 1607.12
ranking_my_rank: 52/504 (89.9%)
ranking_my_percent: 89.88095238095238
