ConfigName: krbf__advnormalizedfitness__M4__L12__eps0p033__g0p007__ds0p01__dm0p01
Problem: QUBO
Kernel: rbf
Advantage: normalizedfitness
M: 4
lambda: 12
epsilon_svgd: 0.033
gamma: 0.007
decay_start_ratio: 0.01
decay_min_factor: 0.01
bandwith_kernel: None
no_interact: False
avg_score: -428.1400146484375
median_score: -428.0
std_score: 27.486370086669922
percentiles: 2%=-481.0799865722656, 5%=-477.1000061035156, 10%=-473.0, 25%=-440.25, 50%=-428.0, 75%=-410.75, 90%=-395.79998779296875, 95%=-386.8500061035156, 98%=-371.91998291015625
ranking_best_algo: CMAL3
ranking_best_score: 435.36
ranking_my_rank: 15/504 (97.2%)
ranking_my_percent: 97.22222222222223
