ConfigName: kjsd__advperagentrankweighted__M4__L10__eps0p01__g0p0007__ds0p2__dm0p05
Problem: QUBO
Kernel: jsd
Advantage: peragentrankweighted
M: 4
lambda: 10
epsilon_svgd: 0.01
gamma: 0.0007
decay_start_ratio: 0.2
decay_min_factor: 0.05
bandwith_kernel: None
no_interact: False
avg_score: -2616.5400390625
median_score: -2624.0
std_score: 106.31720733642578
percentiles: 2%=-2802.1201171875, 5%=-2772.75, 10%=-2757.0, 25%=-2688.75, 50%=-2624.0, 75%=-2543.0, 90%=-2471.699951171875, 95%=-2447.85009765625, 98%=-2417.39990234375
ranking_best_algo: SVM1MetaModelLogNormal
ranking_best_score: 2605.14
ranking_my_rank: 1/504 (100.0%)
ranking_my_percent: 100.0
