ConfigName: krbf__advnormalizedfitness__M3__L12__eps0p015__g0p015__ds0p15__dm0p01
Problem: NK
Kernel: rbf
Advantage: normalizedfitness
M: 3
lambda: 12
epsilon_svgd: 0.015
gamma: 0.015
decay_start_ratio: 0.15
decay_min_factor: 0.01
bandwith_kernel: None
no_interact: False
avg_score: 0.7093190550804138
median_score: 0.7105578184127808
std_score: 0.014896885491907597
percentiles: 2%=0.6716604232788086, 5%=0.6727411150932312, 10%=0.6957268118858337, 25%=0.7061753273010254, 50%=0.7105578184127808, 75%=0.7182523012161255, 90%=0.724342942237854, 95%=0.730344831943512, 98%=0.7308905720710754
ranking_best_algo: CMApara
ranking_best_score: 0.707475975
ranking_my_rank: 1/504 (100.0%)
ranking_my_percent: 100.0
