ConfigName: kjsd__advperagentrankweighted__M3__L18__eps0p007__g0p003__ds0p05__dm0p05
Problem: QUBO
Kernel: jsd
Advantage: peragentrankweighted
M: 3
lambda: 18
epsilon_svgd: 0.007
gamma: 0.003
decay_start_ratio: 0.05
decay_min_factor: 0.05
bandwith_kernel: None
no_interact: False
avg_score: -896.5999755859375
median_score: -892.5
std_score: 66.75672149658203
percentiles: 2%=-1022.47998046875, 5%=-999.25, 10%=-977.2999877929688, 25%=-951.25, 50%=-892.5, 75%=-850.75, 90%=-810.5999755859375, 95%=-799.2999877929688, 98%=-777.280029296875
ranking_best_algo: CMAL3
ranking_best_score: 928.5800000000002
ranking_my_rank: 83/504 (83.7%)
ranking_my_percent: 83.73015873015873
