ConfigName: kjsd__advperagentrankweighted__M5__L10__eps0p005__g0p0007__ds0p05__dm0p05
Problem: QUBO
Kernel: jsd
Advantage: peragentrankweighted
M: 5
lambda: 10
epsilon_svgd: 0.005
gamma: 0.0007
decay_start_ratio: 0.05
decay_min_factor: 0.05
bandwith_kernel: None
no_interact: False
avg_score: -580.8599853515625
median_score: -578.5
std_score: 25.41535758972168
percentiles: 2%=-639.0800170898438, 5%=-627.0999755859375, 10%=-617.2000122070312, 25%=-596.25, 50%=-578.5, 75%=-563.25, 90%=-548.7000122070312, 95%=-541.9500122070312, 98%=-537.9600219726562
ranking_best_algo: Tabu
ranking_best_score: 588.7199999999999
ranking_my_rank: 37/503 (92.8%)
ranking_my_percent: 92.84294234592446
