ConfigName: krbf__advnormalizedfitness__M4__L12__eps0p025__g0p015__ds0p01__dm0p01
Problem: NK
Kernel: rbf
Advantage: normalizedfitness
M: 4
lambda: 12
epsilon_svgd: 0.025
gamma: 0.015
decay_start_ratio: 0.01
decay_min_factor: 0.01
bandwith_kernel: None
no_interact: False
avg_score: 0.7096571326255798
median_score: 0.7107213139533997
std_score: 0.015073548071086407
percentiles: 2%=0.671211838722229, 5%=0.6728436946868896, 10%=0.6962147355079651, 25%=0.7075523734092712, 50%=0.7107213139533997, 75%=0.7181288003921509, 90%=0.7252553701400757, 95%=0.731398344039917, 98%=0.7318992614746094
ranking_best_algo: CMApara
ranking_best_score: 0.707475975
ranking_my_rank: 1/504 (100.0%)
ranking_my_percent: 100.0
