ConfigName: kfr__advglobalrankweighted__M2__L8__eps0p02__g0p003__ds0p01__dm0p01
Problem: QUBO
Kernel: fr
Advantage: globalrankweighted
M: 2
lambda: 8
epsilon_svgd: 0.02
gamma: 0.003
decay_start_ratio: 0.01
decay_min_factor: 0.01
bandwith_kernel: None
no_interact: False
avg_score: -320.760009765625
median_score: -324.0
std_score: 24.667842864990234
percentiles: 2%=-366.1199951171875, 5%=-351.1499938964844, 10%=-349.1000061035156, 25%=-340.0, 50%=-324.0, 75%=-301.5, 90%=-283.8999938964844, 95%=-276.0, 98%=-273.8799743652344
ranking_best_algo: CMApara
ranking_best_score: 344.22
ranking_my_rank: 161/504 (68.3%)
ranking_my_percent: 68.25396825396825
