ConfigName: kjsd__advperagentrankweighted__M6__L8__eps0p03__g0p0007__ds0p05__dm0p05
Problem: QUBO
Kernel: jsd
Advantage: peragentrankweighted
M: 6
lambda: 8
epsilon_svgd: 0.03
gamma: 0.0007
decay_start_ratio: 0.05
decay_min_factor: 0.05
bandwith_kernel: None
no_interact: False
avg_score: -916.1400146484375
median_score: -912.5
std_score: 60.956382751464844
percentiles: 2%=-1040.0400390625, 5%=-1028.050048828125, 10%=-999.4000244140625, 25%=-969.25, 50%=-912.5, 75%=-868.75, 90%=-837.4000244140625, 95%=-819.0, 98%=-813.9400024414062
ranking_best_algo: CMAL3
ranking_best_score: 928.5800000000002
ranking_my_rank: 15/504 (97.2%)
ranking_my_percent: 97.22222222222223
