ConfigName: kjsd__advperagentrankweighted__M3__L18__eps0p005__g0p003__ds0p1__dm0p1
Problem: NK
Kernel: jsd
Advantage: peragentrankweighted
M: 3
lambda: 18
epsilon_svgd: 0.005
gamma: 0.003
decay_start_ratio: 0.1
decay_min_factor: 0.1
bandwith_kernel: None
no_interact: False
avg_score: 0.6512356400489807
median_score: 0.6475296020507812
std_score: 0.02238164283335209
percentiles: 2%=0.6152870655059814, 5%=0.6221007108688354, 10%=0.6269621849060059, 25%=0.6351513266563416, 50%=0.6475296020507812, 75%=0.6635599136352539, 90%=0.6879979968070984, 95%=0.6963163614273071, 98%=0.6981663703918457
ranking_best_algo: Tabu
ranking_best_score: 0.7429702712499999
ranking_my_rank: 324/504 (35.9%)
ranking_my_percent: 35.91269841269841
