ConfigName: kfr__advglobalrankweighted__M6__L11__eps0p02__g0p003__ds0p01__dm0p01
Problem: QUBO
Kernel: fr
Advantage: globalrankweighted
M: 6
lambda: 11
epsilon_svgd: 0.02
gamma: 0.003
decay_start_ratio: 0.01
decay_min_factor: 0.01
bandwith_kernel: None
no_interact: False
avg_score: -1157.219970703125
median_score: -1157.0
std_score: 62.231597900390625
percentiles: 2%=-1293.1400146484375, 5%=-1253.3499755859375, 10%=-1232.199951171875, 25%=-1194.5, 50%=-1157.0, 75%=-1115.0, 90%=-1074.9000244140625, 95%=-1069.0, 98%=-1046.699951171875
ranking_best_algo: SVMMetaModelLogNormal
ranking_best_score: 1233.7999999999997
ranking_my_rank: 88/504 (82.7%)
ranking_my_percent: 82.73809523809524
