ConfigName: kjsd__advperagentrankweighted__M3__L16__eps0p005__g0p001__ds0p1__dm0p1
Problem: NK
Kernel: jsd
Advantage: peragentrankweighted
M: 3
lambda: 16
epsilon_svgd: 0.005
gamma: 0.001
decay_start_ratio: 0.1
decay_min_factor: 0.1
bandwith_kernel: None
no_interact: False
avg_score: 0.7576113939285278
median_score: 0.75714111328125
std_score: 0.013117237016558647
percentiles: 2%=0.7329943180084229, 5%=0.7360780835151672, 10%=0.7418630719184875, 25%=0.747989296913147, 50%=0.75714111328125, 75%=0.7667165994644165, 90%=0.7752861976623535, 95%=0.7800447344779968, 98%=0.7829418182373047
ranking_best_algo: Tabu
ranking_best_score: 0.7470791764843752
ranking_my_rank: 1/504 (100.0%)
ranking_my_percent: 100.0
