ConfigName: krbf__advnormalizedfitness__M1__L10__eps0p015__g0p015__ds0p01__dm0p01
Problem: QUBO
Kernel: rbf
Advantage: normalizedfitness
M: 1
lambda: 10
epsilon_svgd: 0.015
gamma: 0.015
decay_start_ratio: 0.01
decay_min_factor: 0.01
bandwith_kernel: None
no_interact: False
avg_score: -406.6199951171875
median_score: -408.5
std_score: 27.59955596923828
percentiles: 2%=-457.3999938964844, 5%=-446.0, 10%=-438.1000061035156, 25%=-424.5, 50%=-408.5, 75%=-388.0, 90%=-369.6000061035156, 95%=-355.9000244140625, 98%=-348.0
ranking_best_algo: Tabu
ranking_best_score: 438.12
ranking_my_rank: 160/504 (68.5%)
ranking_my_percent: 68.45238095238095
