ConfigName: krbf__advnormalizedfitness__M1__L8__eps0p015__g0p007__ds0p15__dm0p01
Problem: NK
Kernel: rbf
Advantage: normalizedfitness
M: 1
lambda: 8
epsilon_svgd: 0.015
gamma: 0.007
decay_start_ratio: 0.15
decay_min_factor: 0.01
bandwith_kernel: None
no_interact: False
avg_score: 0.7392683625221252
median_score: 0.7372286915779114
std_score: 0.00886575412005186
percentiles: 2%=0.7230901122093201, 5%=0.7251574397087097, 10%=0.7270501852035522, 25%=0.7335532903671265, 50%=0.7372286915779114, 75%=0.7453528642654419, 90%=0.7512249946594238, 95%=0.7539321184158325, 98%=0.755664587020874
ranking_best_algo: PBIL
ranking_best_score: 0.733570253046875
ranking_my_rank: 1/504 (100.0%)
ranking_my_percent: 100.0
