ConfigName: krbf__advnormalizedfitness__M3__L15__eps0p033__g0p01__ds0p3__dm0p3
Problem: QUBO
Kernel: rbf
Advantage: normalizedfitness
M: 3
lambda: 15
epsilon_svgd: 0.033
gamma: 0.01
decay_start_ratio: 0.3
decay_min_factor: 0.3
bandwith_kernel: None
no_interact: False
avg_score: -311.260009765625
median_score: -317.0
std_score: 37.36592483520508
percentiles: 2%=-392.0400085449219, 5%=-386.1000061035156, 10%=-350.3999938964844, 25%=-338.0, 50%=-317.0, 75%=-275.0, 90%=-264.0, 95%=-259.95001220703125, 98%=-257.97998046875
ranking_best_algo: CMApara
ranking_best_score: 319.29999999999995
ranking_my_rank: 39/504 (92.5%)
ranking_my_percent: 92.46031746031746
