ConfigName: kjsd__advperagentrankweighted__M5__L10__eps0p005__g0p0003__ds0p05__dm0p05
Problem: NK
Kernel: jsd
Advantage: peragentrankweighted
M: 5
lambda: 10
epsilon_svgd: 0.005
gamma: 0.0003
decay_start_ratio: 0.05
decay_min_factor: 0.05
bandwith_kernel: None
no_interact: False
avg_score: 0.7417448163032532
median_score: 0.7421378493309021
std_score: 0.012579248286783695
percentiles: 2%=0.7145382165908813, 5%=0.7228446006774902, 10%=0.7276459336280823, 25%=0.7330523729324341, 50%=0.7421378493309021, 75%=0.750727653503418, 90%=0.7577561736106873, 95%=0.7611709833145142, 98%=0.7649052143096924
ranking_best_algo: Tabu
ranking_best_score: 0.7601875690625
ranking_my_rank: 12/504 (97.8%)
ranking_my_percent: 97.81746031746032
