ConfigName: kfr__advglobalrankweighted__M1__L7__eps0p015__g0p007__ds0p01__dm0p01
Problem: QUBO
Kernel: fr
Advantage: globalrankweighted
M: 1
lambda: 7
epsilon_svgd: 0.015
gamma: 0.007
decay_start_ratio: 0.01
decay_min_factor: 0.01
bandwith_kernel: None
no_interact: False
avg_score: -1208.0
median_score: -1210.0
std_score: 67.82109069824219
percentiles: 2%=-1329.1400146484375, 5%=-1313.050048828125, 10%=-1290.4000244140625, 25%=-1253.5, 50%=-1210.0, 75%=-1166.5, 90%=-1122.0999755859375, 95%=-1105.2501220703125, 98%=-1062.97998046875
ranking_best_algo: SVMMetaModelLogNormal
ranking_best_score: 1233.7999999999997
ranking_my_rank: 48/504 (90.7%)
ranking_my_percent: 90.67460317460318
