ConfigName: kjsd__advperagentrankweighted__M5__L8__eps0p005__g0p0005__ds0p2__dm0p2
Problem: QUBO
Kernel: jsd
Advantage: peragentrankweighted
M: 5
lambda: 8
epsilon_svgd: 0.005
gamma: 0.0005
decay_start_ratio: 0.2
decay_min_factor: 0.2
bandwith_kernel: None
no_interact: False
avg_score: -421.8399963378906
median_score: -422.0
std_score: 26.967655181884766
percentiles: 2%=-473.0, 5%=-469.0, 10%=-454.29998779296875, 25%=-440.5, 50%=-422.0, 75%=-408.0, 90%=-385.79998779296875, 95%=-370.0, 98%=-366.0
ranking_best_algo: Tabu
ranking_best_score: 438.12
ranking_my_rank: 21/504 (96.0%)
ranking_my_percent: 96.03174603174604
