ConfigName: krbf__advnormalizedfitness__M3__L15__eps0p033__g0p005__ds0p3__dm0p01
Problem: QUBO
Kernel: rbf
Advantage: normalizedfitness
M: 3
lambda: 15
epsilon_svgd: 0.033
gamma: 0.005
decay_start_ratio: 0.3
decay_min_factor: 0.01
bandwith_kernel: None
no_interact: False
avg_score: -1192.760009765625
median_score: -1191.5
std_score: 59.4814453125
percentiles: 2%=-1307.6400146484375, 5%=-1289.699951171875, 10%=-1269.199951171875, 25%=-1231.25, 50%=-1191.5, 75%=-1152.0, 90%=-1115.5, 95%=-1092.6500244140625, 98%=-1083.8800048828125
ranking_best_algo: Tabu
ranking_best_score: 1216.16
ranking_my_rank: 48/504 (90.7%)
ranking_my_percent: 90.67460317460318
