ConfigName: kjsd__advperagentrankweighted__M4__L24__eps0p005__g0p0005__ds0p2__dm0p05
Problem: QUBO
Kernel: jsd
Advantage: peragentrankweighted
M: 4
lambda: 24
epsilon_svgd: 0.005
gamma: 0.0005
decay_start_ratio: 0.2
decay_min_factor: 0.05
bandwith_kernel: None
no_interact: False
avg_score: -1237.219970703125
median_score: -1236.5
std_score: 61.88385772705078
percentiles: 2%=-1369.6600341796875, 5%=-1343.800048828125, 10%=-1309.4000244140625, 25%=-1274.5, 50%=-1236.5, 75%=-1190.0, 90%=-1162.800048828125, 95%=-1138.800048828125, 98%=-1132.8399658203125
ranking_best_algo: SVMMetaModelLogNormal
ranking_best_score: 1233.7999999999997
ranking_my_rank: 1/504 (100.0%)
ranking_my_percent: 100.0
