ConfigName: kjsd__advperagentrankweighted__M3__L18__eps0p005__g0p0005__ds0p2__dm0p05
Problem: QUBO
Kernel: jsd
Advantage: peragentrankweighted
M: 3
lambda: 18
epsilon_svgd: 0.005
gamma: 0.0005
decay_start_ratio: 0.2
decay_min_factor: 0.05
bandwith_kernel: None
no_interact: False
avg_score: -1636.4200439453125
median_score: -1634.0
std_score: 62.41252899169922
percentiles: 2%=-1767.9200439453125, 5%=-1721.1500244140625, 10%=-1707.300048828125, 25%=-1679.0, 50%=-1634.0, 75%=-1595.0, 90%=-1560.699951171875, 95%=-1541.550048828125, 98%=-1514.43994140625
ranking_best_algo: NLOPT_LN_PRAXIS
ranking_best_score: 1607.12
ranking_my_rank: 1/504 (100.0%)
ranking_my_percent: 100.0
