ConfigName: krbf__advnormalizedfitness__M3__L8__eps0p025__g0p015__ds0p01__dm0p3
Problem: NK
Kernel: rbf
Advantage: normalizedfitness
M: 3
lambda: 8
epsilon_svgd: 0.025
gamma: 0.015
decay_start_ratio: 0.01
decay_min_factor: 0.3
bandwith_kernel: None
no_interact: False
avg_score: 0.7042734026908875
median_score: 0.703792929649353
std_score: 0.01557493768632412
percentiles: 2%=0.6753976941108704, 5%=0.6806904673576355, 10%=0.6841965317726135, 25%=0.6939120888710022, 50%=0.703792929649353, 75%=0.7149046659469604, 90%=0.7237874865531921, 95%=0.7297090291976929, 98%=0.7371476888656616
ranking_best_algo: PBIL
ranking_best_score: 0.733570253046875
ranking_my_rank: 94/504 (81.5%)
ranking_my_percent: 81.54761904761905
