ConfigName: kjsd__advperagentrankweighted__M5__L10__eps0p01__g0p003__ds0p05__dm0p2
Problem: NK
Kernel: jsd
Advantage: peragentrankweighted
M: 5
lambda: 10
epsilon_svgd: 0.01
gamma: 0.003
decay_start_ratio: 0.05
decay_min_factor: 0.2
bandwith_kernel: None
no_interact: False
avg_score: 0.608845591545105
median_score: 0.606852650642395
std_score: 0.010512320324778557
percentiles: 2%=0.5927801132202148, 5%=0.5936519503593445, 10%=0.5965993404388428, 25%=0.6002791523933411, 50%=0.606852650642395, 75%=0.6159179210662842, 90%=0.6232550740242004, 95%=0.6270433068275452, 98%=0.6290168166160583
ranking_best_algo: PBIL
ranking_best_score: 0.7170882103515624
ranking_my_rank: 348/504 (31.2%)
ranking_my_percent: 31.150793650793652
