ConfigName: kjsd__advperagentrankweighted__M4__L20__eps0p005__g0p001__ds0p05__dm0p1
Problem: QUBO
Kernel: jsd
Advantage: peragentrankweighted
M: 4
lambda: 20
epsilon_svgd: 0.005
gamma: 0.001
decay_start_ratio: 0.05
decay_min_factor: 0.1
bandwith_kernel: None
no_interact: False
avg_score: -1170.1199951171875
median_score: -1166.5
std_score: 69.34007263183594
percentiles: 2%=-1333.47998046875, 5%=-1305.4000244140625, 10%=-1253.699951171875, 25%=-1206.25, 50%=-1166.5, 75%=-1119.0, 90%=-1082.9000244140625, 95%=-1074.75, 98%=-1062.93994140625
ranking_best_algo: Tabu
ranking_best_score: 1216.16
ranking_my_rank: 91/504 (82.1%)
ranking_my_percent: 82.14285714285714
