ConfigName: krbf__advnormalizedfitness__M3__L8__eps0p015__g0p015__ds0p01__dm0p01
Problem: QUBO
Kernel: rbf
Advantage: normalizedfitness
M: 3
lambda: 8
epsilon_svgd: 0.015
gamma: 0.015
decay_start_ratio: 0.01
decay_min_factor: 0.01
bandwith_kernel: None
no_interact: False
avg_score: -149.89999389648438
median_score: -147.0
std_score: 13.088543891906738
percentiles: 2%=-179.0, 5%=-179.0, 10%=-165.49998474121094, 25%=-155.25, 50%=-147.0, 75%=-141.0, 90%=-136.89999389648438, 95%=-134.7000274658203, 98%=-126.85997009277344
ranking_best_algo: CMApara
ranking_best_score: 154.28
ranking_my_rank: 76/504 (85.1%)
ranking_my_percent: 85.11904761904762
