ConfigName: kjsd__advperagentrankweighted__M3__L16__eps0p005__g0p001__ds0p1__dm0p1
Problem: QUBO
Kernel: jsd
Advantage: peragentrankweighted
M: 3
lambda: 16
epsilon_svgd: 0.005
gamma: 0.001
decay_start_ratio: 0.1
decay_min_factor: 0.1
bandwith_kernel: None
no_interact: False
avg_score: -909.6199951171875
median_score: -905.5
std_score: 64.42543029785156
percentiles: 2%=-1029.4599609375, 5%=-1010.6500244140625, 10%=-999.2999877929688, 25%=-956.5, 50%=-905.5, 75%=-868.0, 90%=-829.7000122070312, 95%=-806.9000244140625, 98%=-790.7999877929688
ranking_best_algo: CMAL3
ranking_best_score: 928.5800000000002
ranking_my_rank: 28/504 (94.6%)
ranking_my_percent: 94.64285714285714
