ConfigName: krbf__advnormalizedfitness__M5__L8__eps0p03__g0p01__ds0p05__dm0p05
Problem: QUBO
Kernel: rbf
Advantage: normalizedfitness
M: 5
lambda: 8
epsilon_svgd: 0.03
gamma: 0.01
decay_start_ratio: 0.05
decay_min_factor: 0.05
bandwith_kernel: None
no_interact: False
avg_score: -2346.4599609375
median_score: -2330.5
std_score: 174.9229278564453
percentiles: 2%=-2701.179931640625, 5%=-2654.300048828125, 10%=-2578.0, 25%=-2471.5, 50%=-2330.5, 75%=-2216.5, 90%=-2146.39990234375, 95%=-2081.89990234375, 98%=-2041.760009765625
ranking_best_algo: DiscreteLengler2OnePlusOne
ranking_best_score: 2617.04
ranking_my_rank: 151/504 (70.2%)
ranking_my_percent: 70.23809523809524
