ConfigName: kfr__advglobalrankweighted__M3__L9__eps0p01__g0p007__ds0p01__dm0p01
Problem: QUBO
Kernel: fr
Advantage: globalrankweighted
M: 3
lambda: 9
epsilon_svgd: 0.01
gamma: 0.007
decay_start_ratio: 0.01
decay_min_factor: 0.01
bandwith_kernel: None
no_interact: False
avg_score: -440.6000061035156
median_score: -441.5
std_score: 26.44843864440918
percentiles: 2%=-481.0, 5%=-477.1000061035156, 10%=-472.1000061035156, 25%=-461.25, 50%=-441.5, 75%=-422.75, 90%=-402.8999938964844, 95%=-391.8000183105469, 98%=-385.97998046875
ranking_best_algo: CMApara
ranking_best_score: 453.82
ranking_my_rank: 14/504 (97.4%)
ranking_my_percent: 97.42063492063492
