ConfigName: kjsd__advperagentrankweighted__M4__L10__eps0p005__g0p0007__ds0p4__dm0p05
Problem: QUBO
Kernel: jsd
Advantage: peragentrankweighted
M: 4
lambda: 10
epsilon_svgd: 0.005
gamma: 0.0007
decay_start_ratio: 0.4
decay_min_factor: 0.05
bandwith_kernel: None
no_interact: False
avg_score: -917.8200073242188
median_score: -911.0
std_score: 64.0645523071289
percentiles: 2%=-1028.8399658203125, 5%=-1022.25, 10%=-996.7999877929688, 25%=-965.0, 50%=-911.0, 75%=-863.5, 90%=-843.7999877929688, 95%=-820.7999877929688, 98%=-809.9000244140625
ranking_best_algo: CMAL3
ranking_best_score: 928.5800000000002
ranking_my_rank: 13/504 (97.6%)
ranking_my_percent: 97.61904761904762
