ConfigName: krbf__advnormalizedfitness__M3__L8__eps0p025__g0p01__ds0p15__dm0p01
Problem: NK
Kernel: rbf
Advantage: normalizedfitness
M: 3
lambda: 8
epsilon_svgd: 0.025
gamma: 0.01
decay_start_ratio: 0.15
decay_min_factor: 0.01
bandwith_kernel: None
no_interact: False
avg_score: 0.6915290355682373
median_score: 0.6887481212615967
std_score: 0.018872786313295364
percentiles: 2%=0.658684253692627, 5%=0.6649141311645508, 10%=0.6705193519592285, 25%=0.676530122756958, 50%=0.6887481212615967, 75%=0.7032238841056824, 90%=0.7173911929130554, 95%=0.7256603837013245, 98%=0.7312725186347961
ranking_best_algo: PBIL
ranking_best_score: 0.7170882103515624
ranking_my_rank: 121/504 (76.2%)
ranking_my_percent: 76.19047619047619
