ConfigName: kjsd__advperagentrankweighted__M3__L18__eps0p005__g0p003__ds0p1__dm0p1
Problem: NK
Kernel: jsd
Advantage: peragentrankweighted
M: 3
lambda: 18
epsilon_svgd: 0.005
gamma: 0.003
decay_start_ratio: 0.1
decay_min_factor: 0.1
bandwith_kernel: None
no_interact: False
avg_score: 0.7338526844978333
median_score: 0.7350693941116333
std_score: 0.009361673146486282
percentiles: 2%=0.7153624296188354, 5%=0.7194110155105591, 10%=0.7215167284011841, 25%=0.7266926765441895, 50%=0.7350693941116333, 75%=0.740696907043457, 90%=0.7457061409950256, 95%=0.7471038103103638, 98%=0.7516323328018188
ranking_best_algo: PBIL
ranking_best_score: 0.730509098125
ranking_my_rank: 1/504 (100.0%)
ranking_my_percent: 100.0
