ConfigName: kjsd__advperagentrankweighted__M6__L10__eps0p02__g0p0003__ds0p05__dm0p05
Problem: QUBO
Kernel: jsd
Advantage: peragentrankweighted
M: 6
lambda: 10
epsilon_svgd: 0.02
gamma: 0.0003
decay_start_ratio: 0.05
decay_min_factor: 0.05
bandwith_kernel: None
no_interact: False
avg_score: -932.2000122070312
median_score: -935.0
std_score: 59.214359283447266
percentiles: 2%=-1050.3199462890625, 5%=-1041.300048828125, 10%=-999.0999755859375, 25%=-974.0, 50%=-935.0, 75%=-893.75, 90%=-844.7999877929688, 95%=-836.9000244140625, 98%=-830.9199829101562
ranking_best_algo: CMApara
ranking_best_score: 964.9
ranking_my_rank: 19/504 (96.4%)
ranking_my_percent: 96.42857142857143
