ConfigName: kfr__advglobalrankweighted__M1__L10__eps0p015__g0p007__ds0p01__dm0p01
Problem: QUBO
Kernel: fr
Advantage: globalrankweighted
M: 1
lambda: 10
epsilon_svgd: 0.015
gamma: 0.007
decay_start_ratio: 0.01
decay_min_factor: 0.01
bandwith_kernel: None
no_interact: False
avg_score: -1585.3399658203125
median_score: -1580.0
std_score: 66.97151947021484
percentiles: 2%=-1731.0799560546875, 5%=-1706.3499755859375, 10%=-1679.5, 25%=-1624.75, 50%=-1580.0, 75%=-1541.0, 90%=-1491.9000244140625, 95%=-1476.9000244140625, 98%=-1470.679931640625
ranking_best_algo: NLOPT_LN_PRAXIS
ranking_best_score: 1607.12
ranking_my_rank: 41/504 (92.1%)
ranking_my_percent: 92.06349206349206
