ConfigName: krbf__advnormalizedfitness__M3__L12__eps0p025__g0p005__ds0p15__dm0p3
Problem: QUBO
Kernel: rbf
Advantage: normalizedfitness
M: 3
lambda: 12
epsilon_svgd: 0.025
gamma: 0.005
decay_start_ratio: 0.15
decay_min_factor: 0.3
bandwith_kernel: None
no_interact: False
avg_score: -901.280029296875
median_score: -897.0
std_score: 63.781673431396484
percentiles: 2%=-1034.06005859375, 5%=-1013.3499755859375, 10%=-984.2999877929688, 25%=-942.0, 50%=-897.0, 75%=-855.5, 90%=-827.7000122070312, 95%=-804.800048828125, 98%=-782.639892578125
ranking_best_algo: CMAL3
ranking_best_score: 928.5800000000002
ranking_my_rank: 68/504 (86.7%)
ranking_my_percent: 86.7063492063492
