ConfigName: kjsd__advperagentrankweighted__M3__L16__eps0p007__g0p001__ds0p1__dm0p05
Problem: NK
Kernel: jsd
Advantage: peragentrankweighted
M: 3
lambda: 16
epsilon_svgd: 0.007
gamma: 0.001
decay_start_ratio: 0.1
decay_min_factor: 0.05
bandwith_kernel: None
no_interact: False
avg_score: 0.7397226095199585
median_score: 0.7398773431777954
std_score: 0.012193338014185429
percentiles: 2%=0.7183643579483032, 5%=0.723290205001831, 10%=0.7253031730651855, 25%=0.7301522493362427, 50%=0.7398773431777954, 75%=0.7477365732192993, 90%=0.7540557384490967, 95%=0.7603269815444946, 98%=0.7664791345596313
ranking_best_algo: Tabu
ranking_best_score: 0.7601875690625
ranking_my_rank: 15/504 (97.2%)
ranking_my_percent: 97.22222222222223
