ConfigName: krbf__advnormalizedfitness__M2__L6__eps0p01__g0p006__ds0p01__dm0p3
Problem: QUBO
Kernel: rbf
Advantage: normalizedfitness
M: 2
lambda: 6
epsilon_svgd: 0.01
gamma: 0.006
decay_start_ratio: 0.01
decay_min_factor: 0.3
bandwith_kernel: None
no_interact: False
avg_score: -436.7799987792969
median_score: -440.5
std_score: 27.118104934692383
percentiles: 2%=-487.1000061035156, 5%=-473.20001220703125, 10%=-470.20001220703125, 25%=-455.5, 50%=-440.5, 75%=-422.75, 90%=-399.8999938964844, 95%=-390.95001220703125, 98%=-380.0
ranking_best_algo: CMApara
ranking_best_score: 453.82
ranking_my_rank: 30/504 (94.2%)
ranking_my_percent: 94.24603174603175
