ConfigName: kjsd__advperagentrankweighted__M4__L12__eps0p005__g0p0005__ds0p1__dm0p2
Problem: NK
Kernel: jsd
Advantage: peragentrankweighted
M: 4
lambda: 12
epsilon_svgd: 0.005
gamma: 0.0005
decay_start_ratio: 0.1
decay_min_factor: 0.2
bandwith_kernel: None
no_interact: False
avg_score: 0.7377359867095947
median_score: 0.7388571500778198
std_score: 0.009757724590599537
percentiles: 2%=0.715276300907135, 5%=0.7189959287643433, 10%=0.7232279181480408, 25%=0.7323319315910339, 50%=0.7388571500778198, 75%=0.7441650629043579, 90%=0.7478366494178772, 95%=0.7522380352020264, 98%=0.7543466091156006
ranking_best_algo: PBIL
ranking_best_score: 0.730509098125
ranking_my_rank: 1/504 (100.0%)
ranking_my_percent: 100.0
