ConfigName: kjsd__advperagentrankweighted__M5__L28__eps0p005__g0p0005__ds0p05__dm0p05
Problem: QUBO
Kernel: jsd
Advantage: peragentrankweighted
M: 5
lambda: 28
epsilon_svgd: 0.005
gamma: 0.0005
decay_start_ratio: 0.05
decay_min_factor: 0.05
bandwith_kernel: None
no_interact: False
avg_score: -908.8200073242188
median_score: -902.5
std_score: 67.38240051269531
percentiles: 2%=-1045.06005859375, 5%=-1036.0, 10%=-989.5, 25%=-962.5, 50%=-902.5, 75%=-858.75, 90%=-821.9000244140625, 95%=-811.9500122070312, 98%=-792.5999755859375
ranking_best_algo: CMAL3
ranking_best_score: 928.5800000000002
ranking_my_rank: 29/504 (94.4%)
ranking_my_percent: 94.44444444444444
