ConfigName: krbf__advnormalizedfitness__M2__L10__eps0p025__g0p007__ds0p15__dm0p3
Problem: QUBO
Kernel: rbf
Advantage: normalizedfitness
M: 2
lambda: 10
epsilon_svgd: 0.025
gamma: 0.007
decay_start_ratio: 0.15
decay_min_factor: 0.3
bandwith_kernel: None
no_interact: False
avg_score: -1237.219970703125
median_score: -1228.5
std_score: 58.01424026489258
percentiles: 2%=-1378.1600341796875, 5%=-1337.1500244140625, 10%=-1317.0, 25%=-1280.25, 50%=-1228.5, 75%=-1198.5, 90%=-1165.0, 95%=-1153.949951171875, 98%=-1148.93994140625
ranking_best_algo: SVMMetaModelLogNormal
ranking_best_score: 1233.7999999999997
ranking_my_rank: 1/504 (100.0%)
ranking_my_percent: 100.0
