ConfigName: kjsd__advperagentrankweighted__M4__L12__eps0p005__g0p001__ds0p05__dm0p05
Problem: NK
Kernel: jsd
Advantage: peragentrankweighted
M: 4
lambda: 12
epsilon_svgd: 0.005
gamma: 0.001
decay_start_ratio: 0.05
decay_min_factor: 0.05
bandwith_kernel: None
no_interact: False
avg_score: 0.7564131021499634
median_score: 0.7572475671768188
std_score: 0.013248196803033352
percentiles: 2%=0.7251384258270264, 5%=0.7355091571807861, 10%=0.7382282018661499, 25%=0.7496553659439087, 50%=0.7572475671768188, 75%=0.7655730247497559, 90%=0.7722206711769104, 95%=0.7770187258720398, 98%=0.7807979583740234
ranking_best_algo: Tabu
ranking_best_score: 0.7657846284375001
ranking_my_rank: 3/504 (99.6%)
ranking_my_percent: 99.60317460317461
