ConfigName: kjsd__advperagentrankweighted__M4__L12__eps0p01__g0p0003__ds0p4__dm0p05
Problem: QUBO
Kernel: jsd
Advantage: peragentrankweighted
M: 4
lambda: 12
epsilon_svgd: 0.01
gamma: 0.0003
decay_start_ratio: 0.4
decay_min_factor: 0.05
bandwith_kernel: None
no_interact: False
avg_score: -2626.89990234375
median_score: -2621.5
std_score: 121.85594177246094
percentiles: 2%=-2844.93994140625, 5%=-2834.199951171875, 10%=-2807.0, 25%=-2706.75, 50%=-2621.5, 75%=-2538.0, 90%=-2483.199951171875, 95%=-2449.39990234375, 98%=-2389.47998046875
ranking_best_algo: DiscreteLengler2OnePlusOne
ranking_best_score: 2617.04
ranking_my_rank: 1/504 (100.0%)
ranking_my_percent: 100.0
