ConfigName: kjsd__advperagentrankweighted__M3__L24__eps0p007__g0p0005__ds0p1__dm0p1
Problem: QUBO
Kernel: jsd
Advantage: peragentrankweighted
M: 3
lambda: 24
epsilon_svgd: 0.007
gamma: 0.0005
decay_start_ratio: 0.1
decay_min_factor: 0.1
bandwith_kernel: None
no_interact: False
avg_score: -935.760009765625
median_score: -929.5
std_score: 65.14907836914062
percentiles: 2%=-1076.0400390625, 5%=-1061.1500244140625, 10%=-1030.699951171875, 25%=-975.25, 50%=-929.5, 75%=-892.5, 90%=-842.5999755859375, 95%=-832.9000244140625, 98%=-823.97998046875
ranking_best_algo: CMApara
ranking_best_score: 964.9
ranking_my_rank: 13/504 (97.6%)
ranking_my_percent: 97.61904761904762
