ConfigName: krbf__advnormalizedfitness__M5__L8__eps0p025__g0p005__ds0p05__dm0p05
Problem: NK
Kernel: rbf
Advantage: normalizedfitness
M: 5
lambda: 8
epsilon_svgd: 0.025
gamma: 0.005
decay_start_ratio: 0.05
decay_min_factor: 0.05
bandwith_kernel: None
no_interact: False
avg_score: 0.7109811902046204
median_score: 0.7116901874542236
std_score: 0.015177075751125813
percentiles: 2%=0.6732471585273743, 5%=0.6736773252487183, 10%=0.6972529888153076, 25%=0.7085462212562561, 50%=0.7116901874542236, 75%=0.720433235168457, 90%=0.7254597544670105, 95%=0.7320700883865356, 98%=0.733810305595398
ranking_best_algo: CMApara
ranking_best_score: 0.707475975
ranking_my_rank: 1/504 (100.0%)
ranking_my_percent: 100.0
