ConfigName: krbf__advnormalizedfitness__M1__L8__eps0p033__g0p01__ds0p15__dm0p01
Problem: QUBO
Kernel: rbf
Advantage: normalizedfitness
M: 1
lambda: 8
epsilon_svgd: 0.033
gamma: 0.01
decay_start_ratio: 0.15
decay_min_factor: 0.01
bandwith_kernel: None
no_interact: False
avg_score: -3214.340087890625
median_score: -3219.5
std_score: 163.7233123779297
percentiles: 2%=-3468.639892578125, 5%=-3449.14990234375, 10%=-3404.0, 25%=-3341.0, 50%=-3219.5, 75%=-3112.0, 90%=-3015.89990234375, 95%=-2989.650146484375, 98%=-2954.619873046875
ranking_best_algo: RLSOnePlusOne
ranking_best_score: 3316.5199999999995
ranking_my_rank: 48/504 (90.7%)
ranking_my_percent: 90.67460317460318
