ConfigName: kjsd__advperagentrankweighted__M4__L24__eps0p01__g0p0003__ds0p05__dm0p05
Problem: QUBO
Kernel: jsd
Advantage: peragentrankweighted
M: 4
lambda: 24
epsilon_svgd: 0.01
gamma: 0.0003
decay_start_ratio: 0.05
decay_min_factor: 0.05
bandwith_kernel: None
no_interact: False
avg_score: -1625.739990234375
median_score: -1626.0
std_score: 56.94306182861328
percentiles: 2%=-1744.0799560546875, 5%=-1718.699951171875, 10%=-1698.0999755859375, 25%=-1654.5, 50%=-1626.0, 75%=-1593.0, 90%=-1558.800048828125, 95%=-1520.800048828125, 98%=-1510.239990234375
ranking_best_algo: NLOPT_LN_PRAXIS
ranking_best_score: 1607.12
ranking_my_rank: 1/504 (100.0%)
ranking_my_percent: 100.0
