ConfigName: krbf__advnormalizedfitness__M1__L8__eps0p033__g0p015__ds0p01__dm0p01
Problem: QUBO
Kernel: rbf
Advantage: normalizedfitness
M: 1
lambda: 8
epsilon_svgd: 0.033
gamma: 0.015
decay_start_ratio: 0.01
decay_min_factor: 0.01
bandwith_kernel: None
no_interact: False
avg_score: -402.8800048828125
median_score: -412.0
std_score: 43.26506042480469
percentiles: 2%=-469.0400085449219, 5%=-459.29998779296875, 10%=-445.20001220703125, 25%=-428.25, 50%=-412.0, 75%=-382.5, 90%=-354.8999938964844, 95%=-348.0, 98%=-337.9599914550781
ranking_best_algo: CMAL3
ranking_best_score: 435.36
ranking_my_rank: 230/504 (54.6%)
ranking_my_percent: 54.56349206349206
