ConfigName: krbf__advnormalizedfitness__M2__L8__eps0p033__g0p015__ds0p15__dm0p01
Problem: QUBO
Kernel: rbf
Advantage: normalizedfitness
M: 2
lambda: 8
epsilon_svgd: 0.033
gamma: 0.015
decay_start_ratio: 0.15
decay_min_factor: 0.01
bandwith_kernel: None
no_interact: False
avg_score: -1620.239990234375
median_score: -1616.5
std_score: 50.421844482421875
percentiles: 2%=-1722.280029296875, 5%=-1699.199951171875, 10%=-1688.4000244140625, 25%=-1653.0, 50%=-1616.5, 75%=-1586.25, 90%=-1557.0, 95%=-1540.5, 98%=-1528.719970703125
ranking_best_algo: NLOPT_LN_PRAXIS
ranking_best_score: 1607.12
ranking_my_rank: 1/504 (100.0%)
ranking_my_percent: 100.0
