ConfigName: kjsd__advperagentrankweighted__M5__L10__eps0p005__g0p003__ds0p2__dm0p2
Problem: NK
Kernel: jsd
Advantage: peragentrankweighted
M: 5
lambda: 10
epsilon_svgd: 0.005
gamma: 0.003
decay_start_ratio: 0.2
decay_min_factor: 0.2
bandwith_kernel: None
no_interact: False
avg_score: 0.6996884942054749
median_score: 0.6950845718383789
std_score: 0.02368413843214512
percentiles: 2%=0.6626862287521362, 5%=0.6653943061828613, 10%=0.6694310307502747, 25%=0.6799832582473755, 50%=0.6950845718383789, 75%=0.7188334465026855, 90%=0.7347992658615112, 95%=0.741098940372467, 98%=0.7431092858314514
ranking_best_algo: Tabu
ranking_best_score: 0.7470791764843752
ranking_my_rank: 289/504 (42.9%)
ranking_my_percent: 42.857142857142854
