ConfigName: krbf__advnormalizedfitness__M4__L15__eps0p033__g0p015__ds0p3__dm0p3
Problem: NK
Kernel: rbf
Advantage: normalizedfitness
M: 4
lambda: 15
epsilon_svgd: 0.033
gamma: 0.015
decay_start_ratio: 0.3
decay_min_factor: 0.3
bandwith_kernel: None
no_interact: False
avg_score: 0.6529227495193481
median_score: 0.6543290615081787
std_score: 0.009048794396221638
percentiles: 2%=0.6371196508407593, 5%=0.6384016275405884, 10%=0.6404898762702942, 25%=0.6455566883087158, 50%=0.6543290615081787, 75%=0.658886730670929, 90%=0.6646783947944641, 95%=0.6664504408836365, 98%=0.6701321601867676
ranking_best_algo: PBIL
ranking_best_score: 0.7248786399609374
ranking_my_rank: 298/504 (41.1%)
ranking_my_percent: 41.07142857142857
