ConfigName: kjsd__advperagentrankweighted__M5__L8__eps0p03__g0p0003__ds0p2__dm0p05
Problem: QUBO
Kernel: jsd
Advantage: peragentrankweighted
M: 5
lambda: 8
epsilon_svgd: 0.03
gamma: 0.0003
decay_start_ratio: 0.2
decay_min_factor: 0.05
bandwith_kernel: None
no_interact: False
avg_score: -900.0399780273438
median_score: -901.5
std_score: 61.64720916748047
percentiles: 2%=-1038.56005859375, 5%=-993.0999755859375, 10%=-967.4000244140625, 25%=-938.5, 50%=-901.5, 75%=-858.0, 90%=-826.7999877929688, 95%=-800.5499877929688, 98%=-772.8800048828125
ranking_best_algo: CMApara
ranking_best_score: 964.9
ranking_my_rank: 120/504 (76.4%)
ranking_my_percent: 76.38888888888889
