ConfigName: kjsd__advperagentrankweighted__M4__L8__eps0p01__g0p0005__ds0p05__dm0p05
Problem: QUBO
Kernel: jsd
Advantage: peragentrankweighted
M: 4
lambda: 8
epsilon_svgd: 0.01
gamma: 0.0005
decay_start_ratio: 0.05
decay_min_factor: 0.05
bandwith_kernel: None
no_interact: False
avg_score: -440.8599853515625
median_score: -443.5
std_score: 28.54785919189453
percentiles: 2%=-487.0400085449219, 5%=-481.1000061035156, 10%=-473.20001220703125, 25%=-462.25, 50%=-443.5, 75%=-419.75, 90%=-398.79998779296875, 95%=-394.79998779296875, 98%=-381.9599914550781
ranking_best_algo: CMApara
ranking_best_score: 453.82
ranking_my_rank: 12/504 (97.8%)
ranking_my_percent: 97.81746031746032
