ConfigName: krbf__advnormalizedfitness__M3__L12__eps0p015__g0p007__ds0p3__dm0p3
Problem: NK
Kernel: rbf
Advantage: normalizedfitness
M: 3
lambda: 12
epsilon_svgd: 0.015
gamma: 0.007
decay_start_ratio: 0.3
decay_min_factor: 0.3
bandwith_kernel: None
no_interact: False
avg_score: 0.7076075077056885
median_score: 0.707721471786499
std_score: 0.010252917185425758
percentiles: 2%=0.6869003772735596, 5%=0.6897339224815369, 10%=0.6930675506591797, 25%=0.7007337212562561, 50%=0.707721471786499, 75%=0.7149034142494202, 90%=0.719377875328064, 95%=0.7239476442337036, 98%=0.7261001467704773
ranking_best_algo: PBIL
ranking_best_score: 0.7248786399609374
ranking_my_rank: 71/504 (86.1%)
ranking_my_percent: 86.11111111111111
