ConfigName: krbf__advnormalizedfitness__M3__L10__eps0p025__g0p005__ds0p15__dm0p01
Problem: NK
Kernel: rbf
Advantage: normalizedfitness
M: 3
lambda: 10
epsilon_svgd: 0.025
gamma: 0.005
decay_start_ratio: 0.15
decay_min_factor: 0.01
bandwith_kernel: None
no_interact: False
avg_score: 0.7348766326904297
median_score: 0.7375536561012268
std_score: 0.009334578178822994
percentiles: 2%=0.7152965068817139, 5%=0.7174352407455444, 10%=0.7202004194259644, 25%=0.7273895740509033, 50%=0.7375536561012268, 75%=0.7419531941413879, 90%=0.7447804808616638, 95%=0.7472493052482605, 98%=0.7483506202697754
ranking_best_algo: PBIL
ranking_best_score: 0.7248786399609374
ranking_my_rank: 1/504 (100.0%)
ranking_my_percent: 100.0
