ConfigName: krbf__advnormalizedfitness__M5__L10__eps0p03__g0p01__ds0p05__dm0p05
Problem: NK
Kernel: rbf
Advantage: normalizedfitness
M: 5
lambda: 10
epsilon_svgd: 0.03
gamma: 0.01
decay_start_ratio: 0.05
decay_min_factor: 0.05
bandwith_kernel: None
no_interact: False
avg_score: 0.7419662475585938
median_score: 0.739578127861023
std_score: 0.0170782208442688
percentiles: 2%=0.7134088277816772, 5%=0.7148272395133972, 10%=0.72139573097229, 25%=0.7291679978370667, 50%=0.739578127861023, 75%=0.7560297846794128, 90%=0.766499400138855, 95%=0.7701853513717651, 98%=0.7753954529762268
ranking_best_algo: Tabu
ranking_best_score: 0.7470791764843752
ranking_my_rank: 5/504 (99.2%)
ranking_my_percent: 99.2063492063492
