ConfigName: kjsd__advperagentrankweighted__M6__L10__eps0p02__g0p0007__ds0p2__dm0p05
Problem: QUBO
Kernel: jsd
Advantage: peragentrankweighted
M: 6
lambda: 10
epsilon_svgd: 0.02
gamma: 0.0007
decay_start_ratio: 0.2
decay_min_factor: 0.05
bandwith_kernel: None
no_interact: False
avg_score: -139.97999572753906
median_score: -141.0
std_score: 11.336648941040039
percentiles: 2%=-160.02000427246094, 5%=-158.0, 10%=-155.10000610351562, 25%=-146.0, 50%=-141.0, 75%=-132.0, 90%=-123.0, 95%=-119.0, 98%=-117.0
ranking_best_algo: DiscreteDE
ranking_best_score: 143.4
ranking_my_rank: 80/504 (84.3%)
ranking_my_percent: 84.32539682539682
